        TIME,    TIDE,      OB,   SURGE,    BIAS,     TWL,SURGE90p,  TWL90p,SURGE10p,   TWL10p
202604291200,   1.218,   1.899,   0.700,  -0.019,   1.899,   0.600,   1.799,   0.700,   1.899
202604291206,   1.228,9999.000,9999.000,9999.000,9999.000,9999.000,9999.000,9999.000,9999.000
202604291212,   1.236,   1.889,9999.000,9999.000,9999.000,9999.000,9999.000,9999.000,9999.000
202604291218,   1.245,9999.000,9999.000,9999.000,9999.000,9999.000,9999.000,9999.000,9999.000
202604291224,   1.252,   1.928,9999.000,9999.000,9999.000,9999.000,9999.000,9999.000,9999.000
202604291230,   1.260,9999.000,9999.000,9999.000,9999.000,9999.000,9999.000,9999.000,9999.000
202604291236,   1.267,   1.938,9999.000,9999.000,9999.000,9999.000,9999.000,9999.000,9999.000
202604291242,   1.273,9999.000,9999.000,9999.000,9999.000,9999.000,9999.000,9999.000,9999.000
202604291248,   1.279,   1.928,9999.000,9999.000,9999.000,9999.000,9999.000,9999.000,9999.000
202604291254,   1.284,9999.000,9999.000,9999.000,9999.000,9999.000,9999.000,9999.000,9999.000
202604291300,   1.289,9999.000,   0.600,9999.000,   1.889,   0.600,   1.889,   0.700,   1.989
202604291306,   1.293,9999.000,9999.000,9999.000,9999.000,9999.000,9999.000,9999.000,9999.000
202604291312,   1.297,9999.000,9999.000,9999.000,9999.000,9999.000,9999.000,9999.000,9999.000
202604291318,   1.300,9999.000,9999.000,9999.000,9999.000,9999.000,9999.000,9999.000,9999.000
202604291324,   1.303,   1.879,9999.000,9999.000,9999.000,9999.000,9999.000,9999.000,9999.000
202604291330,   1.306,   1.899,9999.000,9999.000,9999.000,9999.000,9999.000,9999.000,9999.000
202604291336,   1.308,   1.918,9999.000,9999.000,9999.000,9999.000,9999.000,9999.000,9999.000
202604291342,   1.309,   1.908,9999.000,9999.000,9999.000,9999.000,9999.000,9999.000,9999.000
202604291348,   1.311,   1.889,9999.000,9999.000,9999.000,9999.000,9999.000,9999.000,9999.000
202604291354,   1.312,   1.869,9999.000,9999.000,9999.000,9999.000,9999.000,9999.000,9999.000
202604291400,   1.312,   1.859,   0.600,  -0.053,   1.859,   0.600,   1.859,   0.700,   1.959
202604291406,   1.312,   1.859,9999.000,9999.000,9999.000,9999.000,9999.000,9999.000,9999.000
202604291412,   1.312,   1.879,9999.000,9999.000,9999.000,9999.000,9999.000,9999.000,9999.000
202604291418,   1.311,   1.859,9999.000,9999.000,9999.000,9999.000,9999.000,9999.000,9999.000
202604291424,   1.311,   1.849,9999.000,9999.000,9999.000,9999.000,9999.000,9999.000,9999.000
202604291430,   1.309,   1.830,9999.000,9999.000,9999.000,9999.000,9999.000,9999.000,9999.000
202604291436,   1.308,   1.840,9999.000,9999.000,9999.000,9999.000,9999.000,9999.000,9999.000
202604291442,   1.306,   1.869,9999.000,9999.000,9999.000,9999.000,9999.000,9999.000,9999.000
202604291448,   1.304,   1.869,9999.000,9999.000,9999.000,9999.000,9999.000,9999.000,9999.000
202604291454,   1.301,   1.849,9999.000,9999.000,9999.000,9999.000,9999.000,9999.000,9999.000
202604291500,   1.299,   1.840,   0.600,  -0.059,   1.840,   0.600,   1.840,   0.700,   1.940
202604291506,   1.296,   1.840,9999.000,9999.000,9999.000,9999.000,9999.000,9999.000,9999.000
202604291512,   1.292,   1.830,9999.000,9999.000,9999.000,9999.000,9999.000,9999.000,9999.000
202604291518,   1.288,   1.820,9999.000,9999.000,9999.000,9999.000,9999.000,9999.000,9999.000
202604291524,   1.284,   1.810,9999.000,9999.000,9999.000,9999.000,9999.000,9999.000,9999.000
202604291530,   1.280,   1.810,9999.000,9999.000,9999.000,9999.000,9999.000,9999.000,9999.000
202604291536,   1.275,   1.820,9999.000,9999.000,9999.000,9999.000,9999.000,9999.000,9999.000
202604291542,   1.270,   1.800,9999.000,9999.000,9999.000,9999.000,9999.000,9999.000,9999.000
202604291548,   1.264,   1.781,9999.000,9999.000,9999.000,9999.000,9999.000,9999.000,9999.000
202604291554,   1.258,   1.781,9999.000,9999.000,9999.000,9999.000,9999.000,9999.000,9999.000
202604291600,   1.251,   1.767,   0.600,  -0.084,   1.767,   0.600,   1.767,   0.700,   1.867
202604291606,   1.244,   1.748,9999.000,9999.000,9999.000,9999.000,9999.000,9999.000,9999.000
202604291612,   1.237,   1.758,9999.000,9999.000,9999.000,9999.000,9999.000,9999.000,9999.000
202604291618,   1.229,   1.767,9999.000,9999.000,9999.000,9999.000,9999.000,9999.000,9999.000
202604291624,   1.220,   1.767,9999.000,9999.000,9999.000,9999.000,9999.000,9999.000,9999.000
202604291630,   1.211,   1.767,9999.000,9999.000,9999.000,9999.000,9999.000,9999.000,9999.000
202604291636,   1.202,   1.748,9999.000,9999.000,9999.000,9999.000,9999.000,9999.000,9999.000
202604291642,   1.192,   1.728,9999.000,9999.000,9999.000,9999.000,9999.000,9999.000,9999.000
202604291648,   1.181,   1.699,9999.000,9999.000,9999.000,9999.000,9999.000,9999.000,9999.000
202604291654,   1.170,   1.689,9999.000,9999.000,9999.000,9999.000,9999.000,9999.000,9999.000
202604291700,   1.158,   1.679,   0.700,  -0.179,   1.679,   0.600,   1.579,   0.700,   1.679
202604291706,   1.146,   1.659,9999.000,9999.000,9999.000,9999.000,9999.000,9999.000,9999.000
202604291712,   1.133,   1.649,9999.000,9999.000,9999.000,9999.000,9999.000,9999.000,9999.000
202604291718,   1.120,   1.620,9999.000,9999.000,9999.000,9999.000,9999.000,9999.000,9999.000
202604291724,   1.106,   1.590,9999.000,9999.000,9999.000,9999.000,9999.000,9999.000,9999.000
202604291730,   1.092,   1.590,9999.000,9999.000,9999.000,9999.000,9999.000,9999.000,9999.000
202604291736,   1.077,   1.600,9999.000,9999.000,9999.000,9999.000,9999.000,9999.000,9999.000
202604291742,   1.062,   1.610,9999.000,9999.000,9999.000,9999.000,9999.000,9999.000,9999.000
202604291748,   1.046,   1.590,9999.000,9999.000,9999.000,9999.000,9999.000,9999.000,9999.000
202604291754,   1.030,   1.571,9999.000,9999.000,9999.000,9999.000,9999.000,9999.000,9999.000
202604291800,   1.013,   1.538,   0.700,  -0.175,   1.538,   0.600,   1.438,   0.700,   1.538
202604291806,   0.996,   1.528,9999.000,9999.000,9999.000,9999.000,9999.000,9999.000,9999.000
202604291812,   0.979,   1.508,9999.000,9999.000,9999.000,9999.000,9999.000,9999.000,9999.000
202604291818,   0.961,   1.489,9999.000,9999.000,9999.000,9999.000,9999.000,9999.000,9999.000
202604291824,   0.943,   1.479,9999.000,9999.000,9999.000,9999.000,9999.000,9999.000,9999.000
202604291830,   0.925,   1.459,9999.000,9999.000,9999.000,9999.000,9999.000,9999.000,9999.000
202604291836,   0.906,   1.439,9999.000,9999.000,9999.000,9999.000,9999.000,9999.000,9999.000
202604291842,   0.888,   1.430,9999.000,9999.000,9999.000,9999.000,9999.000,9999.000,9999.000
202604291848,   0.869,   1.400,9999.000,9999.000,9999.000,9999.000,9999.000,9999.000,9999.000
202604291854,   0.849,   1.390,9999.000,9999.000,9999.000,9999.000,9999.000,9999.000,9999.000
202604291900,   0.830,   1.400,   0.700,  -0.130,   1.400,   0.600,   1.300,   0.700,   1.400
202604291906,   0.811,   1.390,9999.000,9999.000,9999.000,9999.000,9999.000,9999.000,9999.000
202604291912,   0.791,   1.348,9999.000,9999.000,9999.000,9999.000,9999.000,9999.000,9999.000
202604291918,   0.772,   1.328,9999.000,9999.000,9999.000,9999.000,9999.000,9999.000,9999.000
202604291924,   0.752,   1.308,9999.000,9999.000,9999.000,9999.000,9999.000,9999.000,9999.000
202604291930,   0.732,   1.279,9999.000,9999.000,9999.000,9999.000,9999.000,9999.000,9999.000
202604291936,   0.713,   1.259,9999.000,9999.000,9999.000,9999.000,9999.000,9999.000,9999.000
202604291942,   0.693,   1.239,9999.000,9999.000,9999.000,9999.000,9999.000,9999.000,9999.000
202604291948,   0.674,   1.239,9999.000,9999.000,9999.000,9999.000,9999.000,9999.000,9999.000
202604291954,   0.655,   1.220,9999.000,9999.000,9999.000,9999.000,9999.000,9999.000,9999.000
202604292000,   0.636,   1.200,   0.700,  -0.136,   1.200,   0.700,   1.200,   0.700,   1.200
202604292006,   0.617,   1.170,9999.000,9999.000,9999.000,9999.000,9999.000,9999.000,9999.000
202604292012,   0.598,   1.151,9999.000,9999.000,9999.000,9999.000,9999.000,9999.000,9999.000
202604292018,   0.580,   1.138,9999.000,9999.000,9999.000,9999.000,9999.000,9999.000,9999.000
202604292024,   0.562,   1.138,9999.000,9999.000,9999.000,9999.000,9999.000,9999.000,9999.000
202604292030,   0.544,   1.118,9999.000,9999.000,9999.000,9999.000,9999.000,9999.000,9999.000
202604292036,   0.527,   1.098,9999.000,9999.000,9999.000,9999.000,9999.000,9999.000,9999.000
202604292042,   0.510,   1.088,9999.000,9999.000,9999.000,9999.000,9999.000,9999.000,9999.000
202604292048,   0.493,   1.098,9999.000,9999.000,9999.000,9999.000,9999.000,9999.000,9999.000
202604292054,   0.477,   1.079,9999.000,9999.000,9999.000,9999.000,9999.000,9999.000,9999.000
202604292100,   0.462,   1.069,   0.700,  -0.093,   1.069,   0.700,   1.069,   0.800,   1.169
202604292106,   0.447,   1.069,9999.000,9999.000,9999.000,9999.000,9999.000,9999.000,9999.000
202604292112,   0.432,   1.069,9999.000,9999.000,9999.000,9999.000,9999.000,9999.000,9999.000
202604292118,   0.418,   1.049,9999.000,9999.000,9999.000,9999.000,9999.000,9999.000,9999.000
202604292124,   0.405,   1.039,9999.000,9999.000,9999.000,9999.000,9999.000,9999.000,9999.000
202604292130,   0.392,   1.010,9999.000,9999.000,9999.000,9999.000,9999.000,9999.000,9999.000
202604292136,   0.380,   1.010,9999.000,9999.000,9999.000,9999.000,9999.000,9999.000,9999.000
202604292142,   0.369,   1.000,9999.000,9999.000,9999.000,9999.000,9999.000,9999.000,9999.000
202604292148,   0.358,   1.000,9999.000,9999.000,9999.000,9999.000,9999.000,9999.000,9999.000
202604292154,   0.348,   1.020,9999.000,9999.000,9999.000,9999.000,9999.000,9999.000,9999.000
202604292200,   0.338,   1.020,   0.800,  -0.118,   1.020,   0.700,   0.920,   0.800,   1.020
202604292206,   0.330,   1.010,9999.000,9999.000,9999.000,9999.000,9999.000,9999.000,9999.000
202604292212,   0.322,   1.010,9999.000,9999.000,9999.000,9999.000,9999.000,9999.000,9999.000
202604292218,   0.314,   1.010,9999.000,9999.000,9999.000,9999.000,9999.000,9999.000,9999.000
202604292224,   0.308,   1.000,9999.000,9999.000,9999.000,9999.000,9999.000,9999.000,9999.000
202604292230,   0.302,   0.990,9999.000,9999.000,9999.000,9999.000,9999.000,9999.000,9999.000
202604292236,   0.297,   0.980,9999.000,9999.000,9999.000,9999.000,9999.000,9999.000,9999.000
202604292242,   0.292,   0.961,9999.000,9999.000,9999.000,9999.000,9999.000,9999.000,9999.000
202604292248,   0.288,   0.941,9999.000,9999.000,9999.000,9999.000,9999.000,9999.000,9999.000
202604292254,   0.285,   0.928,9999.000,9999.000,9999.000,9999.000,9999.000,9999.000,9999.000
202604292300,   0.282,   0.918,   0.800,  -0.164,   0.918,   0.800,   0.918,   0.900,   1.018
202604292306,   0.280,   0.908,9999.000,9999.000,9999.000,9999.000,9999.000,9999.000,9999.000
202604292312,   0.278,   0.908,9999.000,9999.000,9999.000,9999.000,9999.000,9999.000,9999.000
202604292318,   0.277,   0.908,9999.000,9999.000,9999.000,9999.000,9999.000,9999.000,9999.000
202604292324,   0.277,   0.908,9999.000,9999.000,9999.000,9999.000,9999.000,9999.000,9999.000
202604292330,   0.277,   0.908,9999.000,9999.000,9999.000,9999.000,9999.000,9999.000,9999.000
202604292336,   0.277,   0.898,9999.000,9999.000,9999.000,9999.000,9999.000,9999.000,9999.000
202604292342,   0.278,   0.898,9999.000,9999.000,9999.000,9999.000,9999.000,9999.000,9999.000
202604292348,   0.279,   0.918,9999.000,9999.000,9999.000,9999.000,9999.000,9999.000,9999.000
202604292354,   0.281,   0.928,9999.000,9999.000,9999.000,9999.000,9999.000,9999.000,9999.000
202604300000,   0.282,   0.941,   0.600,   0.059,   0.941,   0.500,   0.841,   0.600,   0.941
202604300006,   0.285,   0.928,9999.000,9999.000,9999.000,9999.000,9999.000,9999.000,9999.000
202604300012,   0.287,   0.918,9999.000,9999.000,9999.000,9999.000,9999.000,9999.000,9999.000
202604300018,   0.290,   0.898,9999.000,9999.000,9999.000,9999.000,9999.000,9999.000,9999.000
202604300024,   0.293,   0.908,9999.000,9999.000,9999.000,9999.000,9999.000,9999.000,9999.000
202604300030,   0.296,   0.898,9999.000,9999.000,9999.000,9999.000,9999.000,9999.000,9999.000
202604300036,   0.299,   0.888,9999.000,9999.000,9999.000,9999.000,9999.000,9999.000,9999.000
202604300042,   0.302,   0.908,9999.000,9999.000,9999.000,9999.000,9999.000,9999.000,9999.000
202604300048,   0.306,   0.888,9999.000,9999.000,9999.000,9999.000,9999.000,9999.000,9999.000
202604300054,   0.310,   0.879,9999.000,9999.000,9999.000,9999.000,9999.000,9999.000,9999.000
202604300100,   0.314,   0.888,   0.600,  -0.026,   0.888,   0.500,   0.788,   0.600,   0.888
202604300106,   0.318,   0.859,9999.000,9999.000,9999.000,9999.000,9999.000,9999.000,9999.000
202604300112,   0.322,   0.869,9999.000,9999.000,9999.000,9999.000,9999.000,9999.000,9999.000
202604300118,   0.326,   0.888,9999.000,9999.000,9999.000,9999.000,9999.000,9999.000,9999.000
202604300124,   0.330,   0.879,9999.000,9999.000,9999.000,9999.000,9999.000,9999.000,9999.000
202604300130,   0.335,   0.849,9999.000,9999.000,9999.000,9999.000,9999.000,9999.000,9999.000
202604300136,   0.340,   0.800,9999.000,9999.000,9999.000,9999.000,9999.000,9999.000,9999.000
202604300142,   0.345,   0.751,9999.000,9999.000,9999.000,9999.000,9999.000,9999.000,9999.000
202604300148,   0.350,   0.741,9999.000,9999.000,9999.000,9999.000,9999.000,9999.000,9999.000
202604300154,   0.355,   0.718,9999.000,9999.000,9999.000,9999.000,9999.000,9999.000,9999.000
202604300200,   0.361,   0.649,   0.600,  -0.312,   0.649,   0.500,   0.549,   0.600,   0.649
202604300206,   0.366,   0.619,9999.000,9999.000,9999.000,9999.000,9999.000,9999.000,9999.000
202604300212,   0.372,   0.629,9999.000,9999.000,9999.000,9999.000,9999.000,9999.000,9999.000
202604300218,   0.379,   0.639,9999.000,9999.000,9999.000,9999.000,9999.000,9999.000,9999.000
202604300224,   0.385,   0.688,9999.000,9999.000,9999.000,9999.000,9999.000,9999.000,9999.000
202604300230,   0.392,   0.708,9999.000,9999.000,9999.000,9999.000,9999.000,9999.000,9999.000
202604300236,   0.399,   0.659,9999.000,9999.000,9999.000,9999.000,9999.000,9999.000,9999.000
202604300242,   0.406,   0.619,9999.000,9999.000,9999.000,9999.000,9999.000,9999.000,9999.000
202604300248,   0.414,   0.600,9999.000,9999.000,9999.000,9999.000,9999.000,9999.000,9999.000
202604300254,   0.422,   0.619,9999.000,9999.000,9999.000,9999.000,9999.000,9999.000,9999.000
202604300300,   0.430,   0.600,   0.600,  -0.430,   0.600,   0.500,   0.500,   0.600,   0.600
202604300306,   0.438,   0.580,9999.000,9999.000,9999.000,9999.000,9999.000,9999.000,9999.000
202604300312,   0.447,   0.580,9999.000,9999.000,9999.000,9999.000,9999.000,9999.000,9999.000
202604300318,   0.456,   0.580,9999.000,9999.000,9999.000,9999.000,9999.000,9999.000,9999.000
202604300324,   0.465,   0.590,9999.000,9999.000,9999.000,9999.000,9999.000,9999.000,9999.000
202604300330,   0.475,   0.619,9999.000,9999.000,9999.000,9999.000,9999.000,9999.000,9999.000
202604300336,   0.485,   0.629,9999.000,9999.000,9999.000,9999.000,9999.000,9999.000,9999.000
202604300342,   0.495,   0.639,9999.000,9999.000,9999.000,9999.000,9999.000,9999.000,9999.000
202604300348,   0.505,   0.659,9999.000,9999.000,9999.000,9999.000,9999.000,9999.000,9999.000
202604300354,   0.515,   0.649,9999.000,9999.000,9999.000,9999.000,9999.000,9999.000,9999.000
202604300400,   0.526,   0.629,   0.500,  -0.397,   0.629,   0.500,   0.629,   0.600,   0.729
202604300406,   0.537,   0.659,9999.000,9999.000,9999.000,9999.000,9999.000,9999.000,9999.000
202604300412,   0.547,   0.678,9999.000,9999.000,9999.000,9999.000,9999.000,9999.000,9999.000
202604300418,   0.558,   0.698,9999.000,9999.000,9999.000,9999.000,9999.000,9999.000,9999.000
202604300424,   0.569,   0.708,9999.000,9999.000,9999.000,9999.000,9999.000,9999.000,9999.000
202604300430,   0.580,   0.718,9999.000,9999.000,9999.000,9999.000,9999.000,9999.000,9999.000
202604300436,   0.591,   0.741,9999.000,9999.000,9999.000,9999.000,9999.000,9999.000,9999.000
202604300442,   0.602,   0.760,9999.000,9999.000,9999.000,9999.000,9999.000,9999.000,9999.000
202604300448,   0.613,   0.780,9999.000,9999.000,9999.000,9999.000,9999.000,9999.000,9999.000
202604300454,   0.624,   0.790,9999.000,9999.000,9999.000,9999.000,9999.000,9999.000,9999.000
202604300500,   0.634,   0.790,   0.500,  -0.344,   0.790,   0.500,   0.790,   0.500,   0.790
202604300506,   0.645,   0.790,9999.000,9999.000,9999.000,9999.000,9999.000,9999.000,9999.000
202604300512,   0.655,   0.810,9999.000,9999.000,9999.000,9999.000,9999.000,9999.000,9999.000
202604300518,   0.666,   0.839,9999.000,9999.000,9999.000,9999.000,9999.000,9999.000,9999.000
202604300524,   0.676,   0.859,9999.000,9999.000,9999.000,9999.000,9999.000,9999.000,9999.000
202604300530,   0.686,   0.869,9999.000,9999.000,9999.000,9999.000,9999.000,9999.000,9999.000
202604300536,   0.696,   0.888,9999.000,9999.000,9999.000,9999.000,9999.000,9999.000,9999.000
202604300542,   0.705,   0.888,9999.000,9999.000,9999.000,9999.000,9999.000,9999.000,9999.000
202604300548,   0.715,   0.928,9999.000,9999.000,9999.000,9999.000,9999.000,9999.000,9999.000
202604300554,   0.724,   0.961,9999.000,9999.000,9999.000,9999.000,9999.000,9999.000,9999.000
202604300600,   0.733,   0.961,   0.300,  -0.072,   0.961,   0.300,   0.961,   0.400,   1.061
202604300606,   0.742,   0.970,9999.000,9999.000,9999.000,9999.000,9999.000,9999.000,9999.000
202604300612,   0.751,   1.000,9999.000,9999.000,9999.000,9999.000,9999.000,9999.000,9999.000
202604300618,   0.760,   1.020,9999.000,9999.000,9999.000,9999.000,9999.000,9999.000,9999.000
202604300624,   0.767,   1.059,9999.000,9999.000,9999.000,9999.000,9999.000,9999.000,9999.000
202604300630,   0.775,   1.079,9999.000,9999.000,9999.000,9999.000,9999.000,9999.000,9999.000
202604300636,   0.783,   1.098,9999.000,9999.000,9999.000,9999.000,9999.000,9999.000,9999.000
202604300642,   0.791,   1.108,9999.000,9999.000,9999.000,9999.000,9999.000,9999.000,9999.000
202604300648,   0.798,   1.118,9999.000,9999.000,9999.000,9999.000,9999.000,9999.000,9999.000
202604300654,   0.806,   1.170,9999.000,9999.000,9999.000,9999.000,9999.000,9999.000,9999.000
202604300700,   0.813,   1.220,   0.300,   0.107,   1.220,   0.200,   1.120,   0.400,   1.320
202604300706,   0.820,   1.210,9999.000,9999.000,9999.000,9999.000,9999.000,9999.000,9999.000
202604300712,   0.827,   1.239,9999.000,9999.000,9999.000,9999.000,9999.000,9999.000,9999.000
202604300718,   0.834,   1.308,9999.000,9999.000,9999.000,9999.000,9999.000,9999.000,9999.000
202604300724,   0.840,   1.328,9999.000,9999.000,9999.000,9999.000,9999.000,9999.000,9999.000
202604300730,   0.847,   1.348,9999.000,9999.000,9999.000,9999.000,9999.000,9999.000,9999.000
202604300736,   0.854,   1.380,9999.000,9999.000,9999.000,9999.000,9999.000,9999.000,9999.000
202604300742,   0.861,   1.400,9999.000,9999.000,9999.000,9999.000,9999.000,9999.000,9999.000
202604300748,   0.867,   1.410,9999.000,9999.000,9999.000,9999.000,9999.000,9999.000,9999.000
202604300754,   0.874,   1.459,9999.000,9999.000,9999.000,9999.000,9999.000,9999.000,9999.000
202604300800,   0.881,   1.489,   0.300,   0.308,   1.489,   0.200,   1.389,   0.400,   1.589
202604300806,   0.887,   1.479,9999.000,9999.000,9999.000,9999.000,9999.000,9999.000,9999.000
202604300812,   0.894,   1.498,9999.000,9999.000,9999.000,9999.000,9999.000,9999.000,9999.000
202604300818,   0.901,   1.508,9999.000,9999.000,9999.000,9999.000,9999.000,9999.000,9999.000
202604300824,   0.908,   1.518,9999.000,9999.000,9999.000,9999.000,9999.000,9999.000,9999.000
202604300830,   0.915,   1.571,9999.000,9999.000,9999.000,9999.000,9999.000,9999.000,9999.000
202604300836,   0.922,   1.610,9999.000,9999.000,9999.000,9999.000,9999.000,9999.000,9999.000
202604300842,   0.930,   1.630,9999.000,9999.000,9999.000,9999.000,9999.000,9999.000,9999.000
202604300848,   0.938,   1.669,9999.000,9999.000,9999.000,9999.000,9999.000,9999.000,9999.000
202604300854,   0.945,   1.669,9999.000,9999.000,9999.000,9999.000,9999.000,9999.000,9999.000
202604300900,   0.953,   1.679,   0.400,   0.326,   1.679,   0.300,   1.579,   0.400,   1.679
202604300906,   0.962,   1.708,9999.000,9999.000,9999.000,9999.000,9999.000,9999.000,9999.000
202604300912,   0.970,   1.738,9999.000,9999.000,9999.000,9999.000,9999.000,9999.000,9999.000
202604300918,   0.979,   1.758,9999.000,9999.000,9999.000,9999.000,9999.000,9999.000,9999.000
202604300924,   0.989,   1.767,9999.000,9999.000,9999.000,9999.000,9999.000,9999.000,9999.000
202604300930,   0.998,   1.758,9999.000,9999.000,9999.000,9999.000,9999.000,9999.000,9999.000
202604300936,   1.008,   1.767,9999.000,9999.000,9999.000,9999.000,9999.000,9999.000,9999.000
202604300942,   1.018,   1.800,9999.000,9999.000,9999.000,9999.000,9999.000,9999.000,9999.000
202604300948,   1.029,   1.800,9999.000,9999.000,9999.000,9999.000,9999.000,9999.000,9999.000
202604300954,   1.040,   1.800,9999.000,9999.000,9999.000,9999.000,9999.000,9999.000,9999.000
202604301000,   1.051,   1.800,   0.400,   0.349,   1.800,   0.300,   1.700,   0.400,   1.800
202604301006,   1.063,   1.810,9999.000,9999.000,9999.000,9999.000,9999.000,9999.000,9999.000
202604301012,   1.075,   1.820,9999.000,9999.000,9999.000,9999.000,9999.000,9999.000,9999.000
202604301018,   1.087,   1.830,9999.000,9999.000,9999.000,9999.000,9999.000,9999.000,9999.000
202604301024,   1.100,   1.830,9999.000,9999.000,9999.000,9999.000,9999.000,9999.000,9999.000
202604301030,   1.113,   1.820,9999.000,9999.000,9999.000,9999.000,9999.000,9999.000,9999.000
202604301036,   1.127,   1.830,9999.000,9999.000,9999.000,9999.000,9999.000,9999.000,9999.000
202604301042,   1.141,   1.840,9999.000,9999.000,9999.000,9999.000,9999.000,9999.000,9999.000
202604301048,   1.155,   1.849,9999.000,9999.000,9999.000,9999.000,9999.000,9999.000,9999.000
202604301054,   1.169,   1.879,9999.000,9999.000,9999.000,9999.000,9999.000,9999.000,9999.000
202604301100,   1.184,   1.889,   0.400,   0.305,   1.889,   0.400,   1.889,   0.500,   1.989
202604301106,   1.199,   1.899,9999.000,9999.000,9999.000,9999.000,9999.000,9999.000,9999.000
202604301112,   1.214,   1.908,9999.000,9999.000,9999.000,9999.000,9999.000,9999.000,9999.000
202604301118,   1.229,   1.869,9999.000,9999.000,9999.000,9999.000,9999.000,9999.000,9999.000
202604301124,   1.245,   1.879,9999.000,9999.000,9999.000,9999.000,9999.000,9999.000,9999.000
202604301130,   1.260,   1.918,9999.000,9999.000,9999.000,9999.000,9999.000,9999.000,9999.000
202604301136,   1.275,   1.958,9999.000,9999.000,9999.000,9999.000,9999.000,9999.000,9999.000
202604301142,   1.291,   1.981,9999.000,9999.000,9999.000,9999.000,9999.000,9999.000,9999.000
202604301148,   1.306,   2.000,9999.000,9999.000,9999.000,9999.000,9999.000,9999.000,9999.000
202604301154,   1.321,   2.010,9999.000,9999.000,9999.000,9999.000,9999.000,9999.000,9999.000
202604301200,   1.336,   2.010,   0.300,   0.374,   2.010,   0.300,   2.010,   0.400,   2.110
202604301206,   1.351,   1.981,9999.000,9999.000,9999.000,9999.000,9999.000,9999.000,9999.000
202604301212,   1.365,   1.938,9999.000,9999.000,9999.000,9999.000,9999.000,9999.000,9999.000
202604301218,   1.379,   1.967,9999.000,9999.000,9999.000,9999.000,9999.000,9999.000,9999.000
202604301224,   1.393,   1.958,9999.000,9999.000,9999.000,9999.000,9999.000,9999.000,9999.000
202604301230,   1.406,   1.958,9999.000,9999.000,9999.000,9999.000,9999.000,9999.000,9999.000
202604301236,   1.419,   1.948,9999.000,9999.000,9999.000,9999.000,9999.000,9999.000,9999.000
202604301242,   1.431,   1.967,9999.000,9999.000,9999.000,9999.000,9999.000,9999.000,9999.000
202604301248,   1.442,   1.981,9999.000,9999.000,9999.000,9999.000,9999.000,9999.000,9999.000
202604301254,   1.453,   1.958,9999.000,9999.000,9999.000,9999.000,9999.000,9999.000,9999.000
202604301300,   1.464,   1.948,   0.300,   0.184,   1.948,   0.300,   1.948,   0.400,   2.048
202604301306,   1.473,   1.938,9999.000,9999.000,9999.000,9999.000,9999.000,9999.000,9999.000
202604301312,   1.482,   1.958,9999.000,9999.000,9999.000,9999.000,9999.000,9999.000,9999.000
202604301318,   1.490,   2.000,9999.000,9999.000,9999.000,9999.000,9999.000,9999.000,9999.000
202604301324,   1.497,   2.020,9999.000,9999.000,9999.000,9999.000,9999.000,9999.000,9999.000
202604301330,   1.504,   2.020,9999.000,9999.000,9999.000,9999.000,9999.000,9999.000,9999.000
202604301336,   1.510,   2.000,9999.000,9999.000,9999.000,9999.000,9999.000,9999.000,9999.000
202604301342,   1.515,   1.990,9999.000,9999.000,9999.000,9999.000,9999.000,9999.000,9999.000
202604301348,   1.519,   2.000,9999.000,9999.000,9999.000,9999.000,9999.000,9999.000,9999.000
202604301354,   1.522,   2.020,9999.000,9999.000,9999.000,9999.000,9999.000,9999.000,9999.000
202604301400,   1.525,   2.020,   0.300,   0.195,   2.020,   0.300,   2.020,   0.400,   2.120
202604301406,   1.527,   2.000,9999.000,9999.000,9999.000,9999.000,9999.000,9999.000,9999.000
202604301412,   1.528,   1.981,9999.000,9999.000,9999.000,9999.000,9999.000,9999.000,9999.000
202604301418,   1.528,   1.928,9999.000,9999.000,9999.000,9999.000,9999.000,9999.000,9999.000
202604301424,   1.527,   1.908,9999.000,9999.000,9999.000,9999.000,9999.000,9999.000,9999.000
202604301430,   1.526,   1.918,9999.000,9999.000,9999.000,9999.000,9999.000,9999.000,9999.000
202604301436,   1.524,   1.908,9999.000,9999.000,9999.000,9999.000,9999.000,9999.000,9999.000
202604301442,   1.522,   1.908,9999.000,9999.000,9999.000,9999.000,9999.000,9999.000,9999.000
202604301448,   1.519,   1.938,9999.000,9999.000,9999.000,9999.000,9999.000,9999.000,9999.000
202604301454,   1.515,   1.938,9999.000,9999.000,9999.000,9999.000,9999.000,9999.000,9999.000
202604301500,   1.510,   1.918,   0.300,   0.108,   1.918,   0.300,   1.918,   0.400,   2.018
202604301506,   1.505,   1.899,9999.000,9999.000,9999.000,9999.000,9999.000,9999.000,9999.000
202604301512,   1.500,   1.869,9999.000,9999.000,9999.000,9999.000,9999.000,9999.000,9999.000
202604301518,   1.494,   1.849,9999.000,9999.000,9999.000,9999.000,9999.000,9999.000,9999.000
202604301524,   1.487,   1.830,9999.000,9999.000,9999.000,9999.000,9999.000,9999.000,9999.000
202604301530,   1.480,   1.767,9999.000,9999.000,9999.000,9999.000,9999.000,9999.000,9999.000
202604301536,   1.472,   1.748,9999.000,9999.000,9999.000,9999.000,9999.000,9999.000,9999.000
202604301542,   1.464,   1.718,9999.000,9999.000,9999.000,9999.000,9999.000,9999.000,9999.000
202604301548,   1.455,   1.708,9999.000,9999.000,9999.000,9999.000,9999.000,9999.000,9999.000
202604301554,   1.446,   1.679,9999.000,9999.000,9999.000,9999.000,9999.000,9999.000,9999.000
202604301600,   1.437,   1.679,   0.300,  -0.058,   1.679,   0.200,   1.579,   0.300,   1.679
202604301606,   1.427,   1.649,9999.000,9999.000,9999.000,9999.000,9999.000,9999.000,9999.000
202604301612,   1.417,   1.610,9999.000,9999.000,9999.000,9999.000,9999.000,9999.000,9999.000
202604301618,   1.406,   1.557,9999.000,9999.000,9999.000,9999.000,9999.000,9999.000,9999.000
202604301624,   1.394,   1.548,9999.000,9999.000,9999.000,9999.000,9999.000,9999.000,9999.000
202604301630,   1.383,   1.548,9999.000,9999.000,9999.000,9999.000,9999.000,9999.000,9999.000
202604301636,   1.371,   1.571,9999.000,9999.000,9999.000,9999.000,9999.000,9999.000,9999.000
202604301642,   1.358,   1.538,9999.000,9999.000,9999.000,9999.000,9999.000,9999.000,9999.000
202604301648,   1.345,   1.518,9999.000,9999.000,9999.000,9999.000,9999.000,9999.000,9999.000
202604301654,   1.332,   1.528,9999.000,9999.000,9999.000,9999.000,9999.000,9999.000,9999.000
202604301700,   1.318,   1.489,   0.300,  -0.129,   1.489,   0.200,   1.389,   0.300,   1.489
202604301706,   1.304,   1.518,9999.000,9999.000,9999.000,9999.000,9999.000,9999.000,9999.000
202604301712,   1.289,   1.548,9999.000,9999.000,9999.000,9999.000,9999.000,9999.000,9999.000
202604301718,   1.274,   1.557,9999.000,9999.000,9999.000,9999.000,9999.000,9999.000,9999.000
202604301724,   1.258,   1.528,9999.000,9999.000,9999.000,9999.000,9999.000,9999.000,9999.000
202604301730,   1.242,   1.518,9999.000,9999.000,9999.000,9999.000,9999.000,9999.000,9999.000
202604301736,   1.225,   1.459,9999.000,9999.000,9999.000,9999.000,9999.000,9999.000,9999.000
202604301742,   1.208,   1.449,9999.000,9999.000,9999.000,9999.000,9999.000,9999.000,9999.000
202604301748,   1.191,   1.459,9999.000,9999.000,9999.000,9999.000,9999.000,9999.000,9999.000
202604301754,   1.173,   1.449,9999.000,9999.000,9999.000,9999.000,9999.000,9999.000,9999.000
202604301800,   1.155,   1.430,   0.400,  -0.125,   1.430,   0.400,   1.430,   0.500,   1.530
202604301806,   1.136,   1.420,9999.000,9999.000,9999.000,9999.000,9999.000,9999.000,9999.000
202604301812,   1.117,   1.420,9999.000,9999.000,9999.000,9999.000,9999.000,9999.000,9999.000
202604301818,   1.098,   1.439,9999.000,9999.000,9999.000,9999.000,9999.000,9999.000,9999.000
202604301824,   1.078,   1.459,9999.000,9999.000,9999.000,9999.000,9999.000,9999.000,9999.000
202604301830,   1.058,   1.439,9999.000,9999.000,9999.000,9999.000,9999.000,9999.000,9999.000
202604301836,   1.037,   1.430,9999.000,9999.000,9999.000,9999.000,9999.000,9999.000,9999.000
202604301842,   1.016,   1.430,9999.000,9999.000,9999.000,9999.000,9999.000,9999.000,9999.000
202604301848,   0.995,   1.420,9999.000,9999.000,9999.000,9999.000,9999.000,9999.000,9999.000
202604301854,   0.973,   1.400,9999.000,9999.000,9999.000,9999.000,9999.000,9999.000,9999.000
202604301900,   0.951,   1.380,   0.400,   0.029,   1.380,   0.400,   1.380,   0.500,   1.480
202604301906,   0.929,   1.338,9999.000,9999.000,9999.000,9999.000,9999.000,9999.000,9999.000
202604301912,   0.907,   1.318,9999.000,9999.000,9999.000,9999.000,9999.000,9999.000,9999.000
202604301918,   0.884,   1.289,9999.000,9999.000,9999.000,9999.000,9999.000,9999.000,9999.000
202604301924,   0.861,   1.259,9999.000,9999.000,9999.000,9999.000,9999.000,9999.000,9999.000
202604301930,   0.838,   1.269,9999.000,9999.000,9999.000,9999.000,9999.000,9999.000,9999.000
202604301936,   0.815,   1.249,9999.000,9999.000,9999.000,9999.000,9999.000,9999.000,9999.000
202604301942,   0.792,   1.210,9999.000,9999.000,9999.000,9999.000,9999.000,9999.000,9999.000
202604301948,   0.768,   1.200,9999.000,9999.000,9999.000,9999.000,9999.000,9999.000,9999.000
202604301954,   0.745,   1.180,9999.000,9999.000,9999.000,9999.000,9999.000,9999.000,9999.000
202604302000,   0.721,   1.170,   0.500,  -0.051,   1.170,   0.400,   1.070,   0.500,   1.170
202604302006,   0.698,   1.161,9999.000,9999.000,9999.000,9999.000,9999.000,9999.000,9999.000
202604302012,   0.674,   1.128,9999.000,9999.000,9999.000,9999.000,9999.000,9999.000,9999.000
202604302018,   0.651,   1.128,9999.000,9999.000,9999.000,9999.000,9999.000,9999.000,9999.000
202604302024,   0.628,   1.138,9999.000,9999.000,9999.000,9999.000,9999.000,9999.000,9999.000
202604302030,   0.604,   1.108,9999.000,9999.000,9999.000,9999.000,9999.000,9999.000,9999.000
202604302036,   0.581,   1.069,9999.000,9999.000,9999.000,9999.000,9999.000,9999.000,9999.000
202604302042,   0.558,   1.059,9999.000,9999.000,9999.000,9999.000,9999.000,9999.000,9999.000
202604302048,   0.535,   1.049,9999.000,9999.000,9999.000,9999.000,9999.000,9999.000,9999.000
202604302054,   0.513,   1.049,9999.000,9999.000,9999.000,9999.000,9999.000,9999.000,9999.000
202604302100,   0.491,   1.029,   0.500,   0.038,   1.029,   0.500,   1.029,   0.500,   1.029
202604302106,   0.469,   1.000,9999.000,9999.000,9999.000,9999.000,9999.000,9999.000,9999.000
202604302112,   0.447,   0.970,9999.000,9999.000,9999.000,9999.000,9999.000,9999.000,9999.000
202604302118,   0.426,   0.961,9999.000,9999.000,9999.000,9999.000,9999.000,9999.000,9999.000
202604302124,   0.405,   0.951,9999.000,9999.000,9999.000,9999.000,9999.000,9999.000,9999.000
202604302130,   0.385,   0.941,9999.000,9999.000,9999.000,9999.000,9999.000,9999.000,9999.000
202604302136,   0.365,   0.941,9999.000,9999.000,9999.000,9999.000,9999.000,9999.000,9999.000
202604302142,   0.346,   0.918,9999.000,9999.000,9999.000,9999.000,9999.000,9999.000,9999.000
202604302148,   0.327,   0.908,9999.000,9999.000,9999.000,9999.000,9999.000,9999.000,9999.000
202604302154,   0.309,   0.918,9999.000,9999.000,9999.000,9999.000,9999.000,9999.000,9999.000
202604302200,   0.292,   0.879,   0.500,   0.087,   0.879,   0.500,   0.879,   0.600,   0.979
202604302206,   0.276,   0.819,9999.000,9999.000,9999.000,9999.000,9999.000,9999.000,9999.000
202604302212,   0.260,   0.790,9999.000,9999.000,9999.000,9999.000,9999.000,9999.000,9999.000
202604302218,   0.244,   0.800,9999.000,9999.000,9999.000,9999.000,9999.000,9999.000,9999.000
202604302224,   0.230,   0.810,9999.000,9999.000,9999.000,9999.000,9999.000,9999.000,9999.000
202604302230,   0.217,   0.810,9999.000,9999.000,9999.000,9999.000,9999.000,9999.000,9999.000
202604302236,   0.204,   0.790,9999.000,9999.000,9999.000,9999.000,9999.000,9999.000,9999.000
202604302242,   0.192,   0.760,9999.000,9999.000,9999.000,9999.000,9999.000,9999.000,9999.000
202604302248,   0.181,   0.708,9999.000,9999.000,9999.000,9999.000,9999.000,9999.000,9999.000
202604302254,   0.171,   0.698,9999.000,9999.000,9999.000,9999.000,9999.000,9999.000,9999.000
202604302300,   0.161,   0.678,   0.600,  -0.083,   0.678,   0.500,   0.578,   0.600,   0.678
202604302306,   0.153,   0.678,9999.000,9999.000,9999.000,9999.000,9999.000,9999.000,9999.000
202604302312,   0.145,   0.678,9999.000,9999.000,9999.000,9999.000,9999.000,9999.000,9999.000
202604302318,   0.139,   0.659,9999.000,9999.000,9999.000,9999.000,9999.000,9999.000,9999.000
202604302324,   0.133,   0.639,9999.000,9999.000,9999.000,9999.000,9999.000,9999.000,9999.000
202604302330,   0.128,   0.649,9999.000,9999.000,9999.000,9999.000,9999.000,9999.000,9999.000
202604302336,   0.124,   0.639,9999.000,9999.000,9999.000,9999.000,9999.000,9999.000,9999.000
202604302342,   0.121,   0.629,9999.000,9999.000,9999.000,9999.000,9999.000,9999.000,9999.000
202604302348,   0.118,   0.639,9999.000,9999.000,9999.000,9999.000,9999.000,9999.000,9999.000
202604302354,   0.117,   0.639,9999.000,9999.000,9999.000,9999.000,9999.000,9999.000,9999.000
202605010000,   0.116,   0.639,   0.500,   0.023,   0.639,   0.500,   0.639,   0.500,   0.639
202605010006,   0.115,   0.639,9999.000,9999.000,9999.000,9999.000,9999.000,9999.000,9999.000
202605010012,   0.116,   0.629,9999.000,9999.000,9999.000,9999.000,9999.000,9999.000,9999.000
202605010018,   0.117,   0.629,9999.000,9999.000,9999.000,9999.000,9999.000,9999.000,9999.000
202605010024,   0.118,   0.639,9999.000,9999.000,9999.000,9999.000,9999.000,9999.000,9999.000
202605010030,   0.120,   0.669,9999.000,9999.000,9999.000,9999.000,9999.000,9999.000,9999.000
202605010036,   0.123,   0.669,9999.000,9999.000,9999.000,9999.000,9999.000,9999.000,9999.000
202605010042,   0.126,   0.659,9999.000,9999.000,9999.000,9999.000,9999.000,9999.000,9999.000
202605010048,   0.130,   0.649,9999.000,9999.000,9999.000,9999.000,9999.000,9999.000,9999.000
202605010054,   0.134,   0.639,9999.000,9999.000,9999.000,9999.000,9999.000,9999.000,9999.000
202605010100,   0.138,   0.669,   0.500,   0.031,   0.669,   0.500,   0.669,   0.600,   0.769
202605010106,   0.143,   0.678,9999.000,9999.000,9999.000,9999.000,9999.000,9999.000,9999.000
202605010112,   0.148,   0.688,9999.000,9999.000,9999.000,9999.000,9999.000,9999.000,9999.000
202605010118,   0.153,   0.669,9999.000,9999.000,9999.000,9999.000,9999.000,9999.000,9999.000
202605010124,   0.158,   0.669,9999.000,9999.000,9999.000,9999.000,9999.000,9999.000,9999.000
202605010130,   0.164,   0.659,9999.000,9999.000,9999.000,9999.000,9999.000,9999.000,9999.000
202605010136,   0.170,   0.649,9999.000,9999.000,9999.000,9999.000,9999.000,9999.000,9999.000
202605010142,   0.176,   0.659,9999.000,9999.000,9999.000,9999.000,9999.000,9999.000,9999.000
202605010148,   0.182,   0.659,9999.000,9999.000,9999.000,9999.000,9999.000,9999.000,9999.000
202605010154,   0.188,   0.669,9999.000,9999.000,9999.000,9999.000,9999.000,9999.000,9999.000
202605010200,   0.194,   0.698,   0.500,   0.004,   0.698,   0.500,   0.698,   0.600,   0.798
202605010206,   0.200,   0.731,9999.000,9999.000,9999.000,9999.000,9999.000,9999.000,9999.000
202605010212,   0.207,   0.741,9999.000,9999.000,9999.000,9999.000,9999.000,9999.000,9999.000
202605010218,   0.214,   0.718,9999.000,9999.000,9999.000,9999.000,9999.000,9999.000,9999.000
202605010224,   0.220,   0.741,9999.000,9999.000,9999.000,9999.000,9999.000,9999.000,9999.000
202605010230,   0.227,   0.741,9999.000,9999.000,9999.000,9999.000,9999.000,9999.000,9999.000
202605010236,   0.234,   0.741,9999.000,9999.000,9999.000,9999.000,9999.000,9999.000,9999.000
202605010242,   0.242,   0.731,9999.000,9999.000,9999.000,9999.000,9999.000,9999.000,9999.000
202605010248,   0.249,   0.708,9999.000,9999.000,9999.000,9999.000,9999.000,9999.000,9999.000
202605010254,   0.256,   0.731,9999.000,9999.000,9999.000,9999.000,9999.000,9999.000,9999.000
202605010300,   0.264,   0.731,   0.500,  -0.033,   0.731,   0.500,   0.731,   0.600,   0.831
202605010306,   0.272,   0.760,9999.000,9999.000,9999.000,9999.000,9999.000,9999.000,9999.000
202605010312,   0.280,   0.741,9999.000,9999.000,9999.000,9999.000,9999.000,9999.000,9999.000
202605010318,   0.288,   0.718,9999.000,9999.000,9999.000,9999.000,9999.000,9999.000,9999.000
202605010324,   0.297,   0.800,9999.000,9999.000,9999.000,9999.000,9999.000,9999.000,9999.000
202605010330,   0.306,   0.829,9999.000,9999.000,9999.000,9999.000,9999.000,9999.000,9999.000
202605010336,   0.315,9999.000,9999.000,9999.000,9999.000,9999.000,9999.000,9999.000,9999.000
202605010342,   0.324,   0.869,9999.000,9999.000,9999.000,9999.000,9999.000,9999.000,9999.000
202605010348,   0.334,   0.859,9999.000,9999.000,9999.000,9999.000,9999.000,9999.000,9999.000
202605010354,   0.344,   0.869,9999.000,9999.000,9999.000,9999.000,9999.000,9999.000,9999.000
202605010400,   0.354,   0.898,   0.500,   0.044,   0.898,   0.500,   0.898,   0.500,   0.898
202605010406,   0.365,   0.928,9999.000,9999.000,9999.000,9999.000,9999.000,9999.000,9999.000
202605010412,   0.376,   0.941,9999.000,9999.000,9999.000,9999.000,9999.000,9999.000,9999.000
202605010418,   0.387,   0.980,9999.000,9999.000,9999.000,9999.000,9999.000,9999.000,9999.000
202605010424,   0.398,   0.970,9999.000,9999.000,9999.000,9999.000,9999.000,9999.000,9999.000
202605010430,   0.410,   0.980,9999.000,9999.000,9999.000,9999.000,9999.000,9999.000,9999.000
202605010436,   0.422,   1.020,9999.000,9999.000,9999.000,9999.000,9999.000,9999.000,9999.000
202605010442,   0.434,   1.069,9999.000,9999.000,9999.000,9999.000,9999.000,9999.000,9999.000
202605010448,   0.447,   1.098,9999.000,9999.000,9999.000,9999.000,9999.000,9999.000,9999.000
202605010454,   0.459,   1.108,9999.000,9999.000,9999.000,9999.000,9999.000,9999.000,9999.000
202605010500,   0.472,   1.098,   0.500,   0.126,   1.098,   0.400,   0.998,   0.500,   1.098
202605010506,   0.485,   1.138,9999.000,9999.000,9999.000,9999.000,9999.000,9999.000,9999.000
202605010512,   0.498,   1.118,9999.000,9999.000,9999.000,9999.000,9999.000,9999.000,9999.000
202605010518,   0.512,   1.151,9999.000,9999.000,9999.000,9999.000,9999.000,9999.000,9999.000
202605010524,   0.525,   1.170,9999.000,9999.000,9999.000,9999.000,9999.000,9999.000,9999.000
202605010530,   0.539,   1.180,9999.000,9999.000,9999.000,9999.000,9999.000,9999.000,9999.000
202605010536,   0.552,   1.180,9999.000,9999.000,9999.000,9999.000,9999.000,9999.000,9999.000
202605010542,   0.566,   1.170,9999.000,9999.000,9999.000,9999.000,9999.000,9999.000,9999.000
202605010548,   0.580,   1.190,9999.000,9999.000,9999.000,9999.000,9999.000,9999.000,9999.000
202605010554,   0.593,   1.210,9999.000,9999.000,9999.000,9999.000,9999.000,9999.000,9999.000
202605010600,   0.607,   1.180,   0.400,   0.173,   1.180,   0.300,   1.080,   0.400,   1.180
202605010606,   0.620,   1.220,9999.000,9999.000,9999.000,9999.000,9999.000,9999.000,9999.000
202605010612,   0.634,   1.229,9999.000,9999.000,9999.000,9999.000,9999.000,9999.000,9999.000
202605010618,   0.647,   1.229,9999.000,9999.000,9999.000,9999.000,9999.000,9999.000,9999.000
202605010624,   0.661,   1.210,9999.000,9999.000,9999.000,9999.000,9999.000,9999.000,9999.000
202605010630,   0.674,   1.239,9999.000,9999.000,9999.000,9999.000,9999.000,9999.000,9999.000
202605010636,   0.687,   1.249,9999.000,9999.000,9999.000,9999.000,9999.000,9999.000,9999.000
202605010642,   0.700,   1.249,9999.000,9999.000,9999.000,9999.000,9999.000,9999.000,9999.000
202605010648,   0.712,   1.229,9999.000,9999.000,9999.000,9999.000,9999.000,9999.000,9999.000
202605010654,   0.725,   1.210,9999.000,9999.000,9999.000,9999.000,9999.000,9999.000,9999.000
202605010700,   0.737,   1.229,   0.400,   0.092,   1.229,   0.300,   1.129,   0.400,   1.229
202605010706,   0.749,   1.249,9999.000,9999.000,9999.000,9999.000,9999.000,9999.000,9999.000
202605010712,   0.761,   1.249,9999.000,9999.000,9999.000,9999.000,9999.000,9999.000,9999.000
202605010718,   0.773,   1.289,9999.000,9999.000,9999.000,9999.000,9999.000,9999.000,9999.000
202605010724,   0.785,   1.308,9999.000,9999.000,9999.000,9999.000,9999.000,9999.000,9999.000
202605010730,   0.796,   1.318,9999.000,9999.000,9999.000,9999.000,9999.000,9999.000,9999.000
202605010736,   0.808,   1.361,9999.000,9999.000,9999.000,9999.000,9999.000,9999.000,9999.000
202605010742,   0.819,   1.361,9999.000,9999.000,9999.000,9999.000,9999.000,9999.000,9999.000
202605010748,   0.830,   1.371,9999.000,9999.000,9999.000,9999.000,9999.000,9999.000,9999.000
202605010754,   0.841,   1.390,9999.000,9999.000,9999.000,9999.000,9999.000,9999.000,9999.000
202605010800,   0.851,   1.390,   0.400,   0.139,   1.390,   0.300,   1.290,   0.400,   1.390
202605010806,   0.862,   1.410,9999.000,9999.000,9999.000,9999.000,9999.000,9999.000,9999.000
202605010812,   0.872,   1.400,9999.000,9999.000,9999.000,9999.000,9999.000,9999.000,9999.000
202605010818,   0.883,   1.410,9999.000,9999.000,9999.000,9999.000,9999.000,9999.000,9999.000
202605010824,   0.893,   1.420,9999.000,9999.000,9999.000,9999.000,9999.000,9999.000,9999.000
202605010830,   0.903,   1.420,9999.000,9999.000,9999.000,9999.000,9999.000,9999.000,9999.000
202605010836,   0.913,   1.400,9999.000,9999.000,9999.000,9999.000,9999.000,9999.000,9999.000
202605010842,   0.924,   1.430,9999.000,9999.000,9999.000,9999.000,9999.000,9999.000,9999.000
202605010848,   0.934,   1.420,9999.000,9999.000,9999.000,9999.000,9999.000,9999.000,9999.000
202605010854,   0.944,   1.420,9999.000,9999.000,9999.000,9999.000,9999.000,9999.000,9999.000
202605010900,   0.954,   1.469,   0.400,   0.115,   1.469,   0.300,   1.369,   0.400,   1.469
202605010906,   0.964,   1.508,9999.000,9999.000,9999.000,9999.000,9999.000,9999.000,9999.000
202605010912,   0.974,   1.489,9999.000,9999.000,9999.000,9999.000,9999.000,9999.000,9999.000
202605010918,   0.985,   1.469,9999.000,9999.000,9999.000,9999.000,9999.000,9999.000,9999.000
202605010924,   0.995,   1.449,9999.000,9999.000,9999.000,9999.000,9999.000,9999.000,9999.000
202605010930,   1.006,   1.469,9999.000,9999.000,9999.000,9999.000,9999.000,9999.000,9999.000
202605010936,   1.016,   1.469,9999.000,9999.000,9999.000,9999.000,9999.000,9999.000,9999.000
202605010942,   1.027,   1.469,9999.000,9999.000,9999.000,9999.000,9999.000,9999.000,9999.000
202605010948,   1.038,   1.489,9999.000,9999.000,9999.000,9999.000,9999.000,9999.000,9999.000
202605010954,   1.050,   1.479,9999.000,9999.000,9999.000,9999.000,9999.000,9999.000,9999.000
202605011000,   1.061,   1.498,   0.400,   0.037,   1.498,   0.300,   1.398,   0.400,   1.498
202605011006,   1.073,   1.489,9999.000,9999.000,9999.000,9999.000,9999.000,9999.000,9999.000
202605011012,   1.085,   1.498,9999.000,9999.000,9999.000,9999.000,9999.000,9999.000,9999.000
202605011018,   1.098,   1.548,9999.000,9999.000,9999.000,9999.000,9999.000,9999.000,9999.000
202605011024,   1.111,   1.600,9999.000,9999.000,9999.000,9999.000,9999.000,9999.000,9999.000
202605011030,   1.124,   1.620,9999.000,9999.000,9999.000,9999.000,9999.000,9999.000,9999.000
202605011036,   1.138,   1.610,9999.000,9999.000,9999.000,9999.000,9999.000,9999.000,9999.000
202605011042,   1.151,   1.610,9999.000,9999.000,9999.000,9999.000,9999.000,9999.000,9999.000
202605011048,   1.166,   1.620,9999.000,9999.000,9999.000,9999.000,9999.000,9999.000,9999.000
202605011054,   1.180,   1.600,9999.000,9999.000,9999.000,9999.000,9999.000,9999.000,9999.000
202605011100,   1.195,   1.610,   0.400,   0.015,   1.610,   0.300,   1.510,   0.400,   1.610
202605011106,   1.211,   1.659,9999.000,9999.000,9999.000,9999.000,9999.000,9999.000,9999.000
202605011112,   1.227,   1.669,9999.000,9999.000,9999.000,9999.000,9999.000,9999.000,9999.000
202605011118,   1.243,   1.659,9999.000,9999.000,9999.000,9999.000,9999.000,9999.000,9999.000
202605011124,   1.259,   1.708,9999.000,9999.000,9999.000,9999.000,9999.000,9999.000,9999.000
202605011130,   1.276,   1.708,9999.000,9999.000,9999.000,9999.000,9999.000,9999.000,9999.000
202605011136,   1.293,   1.718,9999.000,9999.000,9999.000,9999.000,9999.000,9999.000,9999.000
202605011142,   1.310,   1.748,9999.000,9999.000,9999.000,9999.000,9999.000,9999.000,9999.000
202605011148,   1.328,   1.748,9999.000,9999.000,9999.000,9999.000,9999.000,9999.000,9999.000
202605011154,   1.346,   1.738,9999.000,9999.000,9999.000,9999.000,9999.000,9999.000,9999.000
202605011200,   1.363,   1.781,   0.400,   0.018,   1.781,   0.400,   1.781,   0.500,   1.881
202605011206,   1.381,   1.781,9999.000,9999.000,9999.000,9999.000,9999.000,9999.000,9999.000
202605011212,   1.399,   1.810,9999.000,9999.000,9999.000,9999.000,9999.000,9999.000,9999.000
202605011218,   1.417,   1.820,9999.000,9999.000,9999.000,9999.000,9999.000,9999.000,9999.000
202605011224,   1.435,   1.830,9999.000,9999.000,9999.000,9999.000,9999.000,9999.000,9999.000
202605011230,   1.453,   1.869,9999.000,9999.000,9999.000,9999.000,9999.000,9999.000,9999.000
202605011236,   1.470,   1.908,9999.000,9999.000,9999.000,9999.000,9999.000,9999.000,9999.000
202605011242,   1.487,   1.908,9999.000,9999.000,9999.000,9999.000,9999.000,9999.000,9999.000
202605011248,   1.504,   1.908,9999.000,9999.000,9999.000,9999.000,9999.000,9999.000,9999.000
202605011254,   1.520,   1.958,9999.000,9999.000,9999.000,9999.000,9999.000,9999.000,9999.000
202605011300,   1.536,   2.000,   0.400,   0.064,   2.000,   0.400,   2.000,   0.500,   2.100
202605011306,   1.552,   2.000,9999.000,9999.000,9999.000,9999.000,9999.000,9999.000,9999.000
202605011312,   1.567,   2.010,9999.000,9999.000,9999.000,9999.000,9999.000,9999.000,9999.000
202605011318,   1.581,   2.020,9999.000,9999.000,9999.000,9999.000,9999.000,9999.000,9999.000
202605011324,   1.595,   2.049,9999.000,9999.000,9999.000,9999.000,9999.000,9999.000,9999.000
202605011330,   1.607,   2.069,9999.000,9999.000,9999.000,9999.000,9999.000,9999.000,9999.000
202605011336,   1.619,   2.049,9999.000,9999.000,9999.000,9999.000,9999.000,9999.000,9999.000
202605011342,   1.630,   2.099,9999.000,9999.000,9999.000,9999.000,9999.000,9999.000,9999.000
202605011348,   1.641,   2.148,9999.000,9999.000,9999.000,9999.000,9999.000,9999.000,9999.000
202605011354,   1.650,   2.158,9999.000,9999.000,9999.000,9999.000,9999.000,9999.000,9999.000
202605011400,   1.658,   2.220,   0.400,   0.162,   2.220,   0.400,   2.220,   0.500,   2.320
202605011406,   1.665,   2.269,9999.000,9999.000,9999.000,9999.000,9999.000,9999.000,9999.000
202605011412,   1.672,   2.230,9999.000,9999.000,9999.000,9999.000,9999.000,9999.000,9999.000
202605011418,   1.677,   2.240,9999.000,9999.000,9999.000,9999.000,9999.000,9999.000,9999.000
202605011424,   1.681,   2.259,9999.000,9999.000,9999.000,9999.000,9999.000,9999.000,9999.000
202605011430,   1.684,   2.250,9999.000,9999.000,9999.000,9999.000,9999.000,9999.000,9999.000
202605011436,   1.686,   2.240,9999.000,9999.000,9999.000,9999.000,9999.000,9999.000,9999.000
202605011442,   1.688,   2.220,9999.000,9999.000,9999.000,9999.000,9999.000,9999.000,9999.000
202605011448,   1.688,   2.210,9999.000,9999.000,9999.000,9999.000,9999.000,9999.000,9999.000
202605011454,   1.687,   2.200,9999.000,9999.000,9999.000,9999.000,9999.000,9999.000,9999.000
202605011500,   1.685,   2.177,   0.400,   0.092,   2.177,   0.400,   2.177,   0.500,   2.277
202605011506,   1.682,   2.158,9999.000,9999.000,9999.000,9999.000,9999.000,9999.000,9999.000
202605011512,   1.678,   2.158,9999.000,9999.000,9999.000,9999.000,9999.000,9999.000,9999.000
202605011518,   1.673,   2.109,9999.000,9999.000,9999.000,9999.000,9999.000,9999.000,9999.000
202605011524,   1.667,   2.079,9999.000,9999.000,9999.000,9999.000,9999.000,9999.000,9999.000
202605011530,   1.660,   2.099,9999.000,9999.000,9999.000,9999.000,9999.000,9999.000,9999.000
202605011536,   1.653,   2.079,9999.000,9999.000,9999.000,9999.000,9999.000,9999.000,9999.000
202605011542,   1.645,   2.049,9999.000,9999.000,9999.000,9999.000,9999.000,9999.000,9999.000
202605011548,   1.636,   2.000,9999.000,9999.000,9999.000,9999.000,9999.000,9999.000,9999.000
202605011554,   1.626,   1.958,9999.000,9999.000,9999.000,9999.000,9999.000,9999.000,9999.000
202605011600,   1.616,   1.928,   0.400,  -0.088,   1.928,   0.400,   1.928,   0.500,   2.028
202605011606,   1.605,   1.948,9999.000,9999.000,9999.000,9999.000,9999.000,9999.000,9999.000
202605011612,   1.593,   1.990,9999.000,9999.000,9999.000,9999.000,9999.000,9999.000,9999.000
202605011618,   1.581,   1.918,9999.000,9999.000,9999.000,9999.000,9999.000,9999.000,9999.000
202605011624,   1.568,   1.849,9999.000,9999.000,9999.000,9999.000,9999.000,9999.000,9999.000
202605011630,   1.555,   1.810,9999.000,9999.000,9999.000,9999.000,9999.000,9999.000,9999.000
202605011636,   1.541,   1.800,9999.000,9999.000,9999.000,9999.000,9999.000,9999.000,9999.000
202605011642,   1.527,   1.790,9999.000,9999.000,9999.000,9999.000,9999.000,9999.000,9999.000
202605011648,   1.512,   1.810,9999.000,9999.000,9999.000,9999.000,9999.000,9999.000,9999.000
202605011654,   1.497,   1.810,9999.000,9999.000,9999.000,9999.000,9999.000,9999.000,9999.000
202605011700,   1.481,   1.810,   0.400,  -0.071,   1.810,   0.300,   1.710,   0.400,   1.810
202605011706,   1.466,   1.800,9999.000,9999.000,9999.000,9999.000,9999.000,9999.000,9999.000
202605011712,   1.449,   1.758,9999.000,9999.000,9999.000,9999.000,9999.000,9999.000,9999.000
202605011718,   1.433,   1.767,9999.000,9999.000,9999.000,9999.000,9999.000,9999.000,9999.000
202605011724,   1.416,   1.800,9999.000,9999.000,9999.000,9999.000,9999.000,9999.000,9999.000
202605011730,   1.398,   1.767,9999.000,9999.000,9999.000,9999.000,9999.000,9999.000,9999.000
202605011736,   1.380,   1.718,9999.000,9999.000,9999.000,9999.000,9999.000,9999.000,9999.000
202605011742,   1.362,   1.679,9999.000,9999.000,9999.000,9999.000,9999.000,9999.000,9999.000
202605011748,   1.344,   1.669,9999.000,9999.000,9999.000,9999.000,9999.000,9999.000,9999.000
202605011754,   1.325,   1.708,9999.000,9999.000,9999.000,9999.000,9999.000,9999.000,9999.000
202605011800,   1.306,   1.649,   0.500,  -0.157,   1.649,   0.400,   1.549,   0.500,   1.649
202605011806,   1.286,   1.590,9999.000,9999.000,9999.000,9999.000,9999.000,9999.000,9999.000
202605011812,   1.267,   1.571,9999.000,9999.000,9999.000,9999.000,9999.000,9999.000,9999.000
202605011818,   1.246,   1.538,9999.000,9999.000,9999.000,9999.000,9999.000,9999.000,9999.000
202605011824,   1.226,   1.528,9999.000,9999.000,9999.000,9999.000,9999.000,9999.000,9999.000
202605011830,   1.205,   1.508,9999.000,9999.000,9999.000,9999.000,9999.000,9999.000,9999.000
202605011836,   1.184,   1.469,9999.000,9999.000,9999.000,9999.000,9999.000,9999.000,9999.000
202605011842,   1.162,   1.420,9999.000,9999.000,9999.000,9999.000,9999.000,9999.000,9999.000
202605011848,   1.140,   1.410,9999.000,9999.000,9999.000,9999.000,9999.000,9999.000,9999.000
202605011854,   1.118,   1.390,9999.000,9999.000,9999.000,9999.000,9999.000,9999.000,9999.000
202605011900,   1.096,   1.348,   0.400,  -0.148,   1.348,   0.400,   1.348,   0.500,   1.448
202605011906,   1.073,   1.289,9999.000,9999.000,9999.000,9999.000,9999.000,9999.000,9999.000
202605011912,   1.050,   1.269,9999.000,9999.000,9999.000,9999.000,9999.000,9999.000,9999.000
202605011918,   1.026,   1.249,9999.000,9999.000,9999.000,9999.000,9999.000,9999.000,9999.000
202605011924,   1.002,   1.180,9999.000,9999.000,9999.000,9999.000,9999.000,9999.000,9999.000
202605011930,   0.978,   1.118,9999.000,9999.000,9999.000,9999.000,9999.000,9999.000,9999.000
202605011936,   0.954,   1.108,9999.000,9999.000,9999.000,9999.000,9999.000,9999.000,9999.000
202605011942,   0.929,   1.088,9999.000,9999.000,9999.000,9999.000,9999.000,9999.000,9999.000
202605011948,   0.904,   1.059,9999.000,9999.000,9999.000,9999.000,9999.000,9999.000,9999.000
202605011954,   0.879,   1.010,9999.000,9999.000,9999.000,9999.000,9999.000,9999.000,9999.000
202605012000,   0.854,   0.980,   0.400,  -0.274,   0.980,   0.400,   0.980,   0.500,   1.080
202605012006,   0.828,   0.980,9999.000,9999.000,9999.000,9999.000,9999.000,9999.000,9999.000
202605012012,   0.803,   1.000,9999.000,9999.000,9999.000,9999.000,9999.000,9999.000,9999.000
202605012018,   0.777,   0.980,9999.000,9999.000,9999.000,9999.000,9999.000,9999.000,9999.000
202605012024,   0.751,   0.951,9999.000,9999.000,9999.000,9999.000,9999.000,9999.000,9999.000
202605012030,   0.725,   0.908,9999.000,9999.000,9999.000,9999.000,9999.000,9999.000,9999.000
202605012036,   0.699,   0.908,9999.000,9999.000,9999.000,9999.000,9999.000,9999.000,9999.000
202605012042,   0.673,   0.898,9999.000,9999.000,9999.000,9999.000,9999.000,9999.000,9999.000
202605012048,   0.647,   0.829,9999.000,9999.000,9999.000,9999.000,9999.000,9999.000,9999.000
202605012054,   0.621,   0.839,9999.000,9999.000,9999.000,9999.000,9999.000,9999.000,9999.000
202605012100,   0.595,   0.839,   0.500,  -0.256,   0.839,   0.400,   0.739,   0.600,   0.939
202605012106,   0.569,   0.790,9999.000,9999.000,9999.000,9999.000,9999.000,9999.000,9999.000
202605012112,   0.543,   0.760,9999.000,9999.000,9999.000,9999.000,9999.000,9999.000,9999.000
202605012118,   0.517,   0.741,9999.000,9999.000,9999.000,9999.000,9999.000,9999.000,9999.000
202605012124,   0.492,   0.731,9999.000,9999.000,9999.000,9999.000,9999.000,9999.000,9999.000
202605012130,   0.467,   0.698,9999.000,9999.000,9999.000,9999.000,9999.000,9999.000,9999.000
202605012136,   0.442,   0.688,9999.000,9999.000,9999.000,9999.000,9999.000,9999.000,9999.000
202605012142,   0.417,   0.629,9999.000,9999.000,9999.000,9999.000,9999.000,9999.000,9999.000
202605012148,   0.393,   0.610,9999.000,9999.000,9999.000,9999.000,9999.000,9999.000,9999.000
202605012154,   0.369,   0.590,9999.000,9999.000,9999.000,9999.000,9999.000,9999.000,9999.000
202605012200,   0.346,   0.551,   0.500,  -0.295,   0.551,   0.400,   0.451,   0.600,   0.651
202605012206,   0.323,   0.469,9999.000,9999.000,9999.000,9999.000,9999.000,9999.000,9999.000
202605012212,   0.301,   0.449,9999.000,9999.000,9999.000,9999.000,9999.000,9999.000,9999.000
202605012218,   0.279,   0.439,9999.000,9999.000,9999.000,9999.000,9999.000,9999.000,9999.000
202605012224,   0.258,   0.419,9999.000,9999.000,9999.000,9999.000,9999.000,9999.000,9999.000
202605012230,   0.237,   0.400,9999.000,9999.000,9999.000,9999.000,9999.000,9999.000,9999.000
202605012236,   0.218,   0.370,9999.000,9999.000,9999.000,9999.000,9999.000,9999.000,9999.000
202605012242,   0.199,   0.360,9999.000,9999.000,9999.000,9999.000,9999.000,9999.000,9999.000
202605012248,   0.180,   0.298,9999.000,9999.000,9999.000,9999.000,9999.000,9999.000,9999.000
202605012254,   0.163,   0.288,9999.000,9999.000,9999.000,9999.000,9999.000,9999.000,9999.000
202605012300,   0.147,   0.298,   0.500,  -0.349,   0.298,   0.400,   0.198,   0.600,   0.398
202605012306,   0.131,   0.298,9999.000,9999.000,9999.000,9999.000,9999.000,9999.000,9999.000
202605012312,   0.116,   0.268,9999.000,9999.000,9999.000,9999.000,9999.000,9999.000,9999.000
202605012318,   0.102,   0.259,9999.000,9999.000,9999.000,9999.000,9999.000,9999.000,9999.000
202605012324,   0.089,   0.268,9999.000,9999.000,9999.000,9999.000,9999.000,9999.000,9999.000
202605012330,   0.078,   0.268,9999.000,9999.000,9999.000,9999.000,9999.000,9999.000,9999.000
202605012336,   0.067,   0.229,9999.000,9999.000,9999.000,9999.000,9999.000,9999.000,9999.000
202605012342,   0.057,   0.209,9999.000,9999.000,9999.000,9999.000,9999.000,9999.000,9999.000
202605012348,   0.048,   0.268,9999.000,9999.000,9999.000,9999.000,9999.000,9999.000,9999.000
202605012354,   0.040,   0.259,9999.000,9999.000,9999.000,9999.000,9999.000,9999.000,9999.000
202605020000,   0.033,   0.209,   0.300,  -0.124,   0.209,   0.100,   0.009,   0.400,   0.309
202605020006,   0.027,   0.170,9999.000,9999.000,9999.000,9999.000,9999.000,9999.000,9999.000
202605020012,   0.022,   0.180,9999.000,9999.000,9999.000,9999.000,9999.000,9999.000,9999.000
202605020018,   0.018,   0.209,9999.000,9999.000,9999.000,9999.000,9999.000,9999.000,9999.000
202605020024,   0.015,   0.170,9999.000,9999.000,9999.000,9999.000,9999.000,9999.000,9999.000
202605020030,   0.013,   0.150,9999.000,9999.000,9999.000,9999.000,9999.000,9999.000,9999.000
202605020036,   0.012,   0.141,9999.000,9999.000,9999.000,9999.000,9999.000,9999.000,9999.000
202605020042,   0.011,   0.121,9999.000,9999.000,9999.000,9999.000,9999.000,9999.000,9999.000
202605020048,   0.012,   0.131,9999.000,9999.000,9999.000,9999.000,9999.000,9999.000,9999.000
202605020054,   0.013,   0.141,9999.000,9999.000,9999.000,9999.000,9999.000,9999.000,9999.000
202605020100,   0.015,   0.160,   0.200,  -0.055,   0.160,   0.000,  -0.040,   0.400,   0.360
202605020106,   0.017,   0.150,9999.000,9999.000,9999.000,9999.000,9999.000,9999.000,9999.000
202605020112,   0.020,   0.190,9999.000,9999.000,9999.000,9999.000,9999.000,9999.000,9999.000
202605020118,   0.024,   0.219,9999.000,9999.000,9999.000,9999.000,9999.000,9999.000,9999.000
202605020124,   0.028,   0.249,9999.000,9999.000,9999.000,9999.000,9999.000,9999.000,9999.000
202605020130,   0.033,   0.259,9999.000,9999.000,9999.000,9999.000,9999.000,9999.000,9999.000
202605020136,   0.038,   0.278,9999.000,9999.000,9999.000,9999.000,9999.000,9999.000,9999.000
202605020142,   0.043,   0.278,9999.000,9999.000,9999.000,9999.000,9999.000,9999.000,9999.000
202605020148,   0.049,   0.298,9999.000,9999.000,9999.000,9999.000,9999.000,9999.000,9999.000
202605020154,   0.055,   0.321,9999.000,9999.000,9999.000,9999.000,9999.000,9999.000,9999.000
202605020200,   0.061,   0.308,   0.300,  -0.053,   0.308,   0.100,   0.108,   0.400,   0.408
202605020206,   0.068,   0.298,9999.000,9999.000,9999.000,9999.000,9999.000,9999.000,9999.000
202605020212,   0.075,   0.321,9999.000,9999.000,9999.000,9999.000,9999.000,9999.000,9999.000
202605020218,   0.081,   0.341,9999.000,9999.000,9999.000,9999.000,9999.000,9999.000,9999.000
202605020224,   0.088,   0.331,9999.000,9999.000,9999.000,9999.000,9999.000,9999.000,9999.000
202605020230,   0.096,   0.350,9999.000,9999.000,9999.000,9999.000,9999.000,9999.000,9999.000
202605020236,   0.103,   0.360,9999.000,9999.000,9999.000,9999.000,9999.000,9999.000,9999.000
202605020242,   0.110,   0.360,9999.000,9999.000,9999.000,9999.000,9999.000,9999.000,9999.000
202605020248,   0.117,   0.350,9999.000,9999.000,9999.000,9999.000,9999.000,9999.000,9999.000
202605020254,   0.125,   0.370,9999.000,9999.000,9999.000,9999.000,9999.000,9999.000,9999.000
202605020300,   0.132,   0.380,   0.300,  -0.052,   0.380,   0.200,   0.280,   0.400,   0.480
202605020306,   0.140,   0.390,9999.000,9999.000,9999.000,9999.000,9999.000,9999.000,9999.000
202605020312,   0.148,   0.409,9999.000,9999.000,9999.000,9999.000,9999.000,9999.000,9999.000
202605020318,   0.156,   0.370,9999.000,9999.000,9999.000,9999.000,9999.000,9999.000,9999.000
202605020324,   0.163,   0.419,9999.000,9999.000,9999.000,9999.000,9999.000,9999.000,9999.000
202605020330,   0.171,   0.469,9999.000,9999.000,9999.000,9999.000,9999.000,9999.000,9999.000
202605020336,   0.180,   0.508,9999.000,9999.000,9999.000,9999.000,9999.000,9999.000,9999.000
202605020342,   0.188,   0.541,9999.000,9999.000,9999.000,9999.000,9999.000,9999.000,9999.000
202605020348,   0.196,   0.541,9999.000,9999.000,9999.000,9999.000,9999.000,9999.000,9999.000
202605020354,   0.205,   0.580,9999.000,9999.000,9999.000,9999.000,9999.000,9999.000,9999.000
202605020400,   0.214,   0.600,   0.400,  -0.014,   0.600,   0.300,   0.500,   0.500,   0.700
202605020406,   0.223,   0.698,9999.000,9999.000,9999.000,9999.000,9999.000,9999.000,9999.000
202605020412,   0.233,   0.741,9999.000,9999.000,9999.000,9999.000,9999.000,9999.000,9999.000
202605020418,   0.242,   0.760,9999.000,9999.000,9999.000,9999.000,9999.000,9999.000,9999.000
202605020424,   0.253,   0.790,9999.000,9999.000,9999.000,9999.000,9999.000,9999.000,9999.000
202605020430,   0.263,   0.790,9999.000,9999.000,9999.000,9999.000,9999.000,9999.000,9999.000
202605020436,   0.274,   0.810,9999.000,9999.000,9999.000,9999.000,9999.000,9999.000,9999.000
202605020442,   0.285,   0.800,9999.000,9999.000,9999.000,9999.000,9999.000,9999.000,9999.000
202605020448,   0.296,   0.819,9999.000,9999.000,9999.000,9999.000,9999.000,9999.000,9999.000
202605020454,   0.308,   0.888,9999.000,9999.000,9999.000,9999.000,9999.000,9999.000,9999.000
202605020500,   0.320,   0.951,   0.400,   0.231,   0.951,   0.300,   0.851,   0.500,   1.051
202605020506,   0.333,   0.961,9999.000,9999.000,9999.000,9999.000,9999.000,9999.000,9999.000
202605020512,   0.346,   0.970,9999.000,9999.000,9999.000,9999.000,9999.000,9999.000,9999.000
202605020518,   0.359,   1.000,9999.000,9999.000,9999.000,9999.000,9999.000,9999.000,9999.000
202605020524,   0.373,   0.980,9999.000,9999.000,9999.000,9999.000,9999.000,9999.000,9999.000
202605020530,   0.387,   0.990,9999.000,9999.000,9999.000,9999.000,9999.000,9999.000,9999.000
202605020536,   0.401,   1.059,9999.000,9999.000,9999.000,9999.000,9999.000,9999.000,9999.000
202605020542,   0.416,   1.098,9999.000,9999.000,9999.000,9999.000,9999.000,9999.000,9999.000
202605020548,   0.431,   1.151,9999.000,9999.000,9999.000,9999.000,9999.000,9999.000,9999.000
202605020554,   0.446,   1.138,9999.000,9999.000,9999.000,9999.000,9999.000,9999.000,9999.000
202605020600,   0.461,   1.151,   0.200,   0.490,   1.151,   0.200,   1.151,   0.300,   1.251
202605020606,   0.477,   1.108,9999.000,9999.000,9999.000,9999.000,9999.000,9999.000,9999.000
202605020612,   0.493,   1.190,9999.000,9999.000,9999.000,9999.000,9999.000,9999.000,9999.000
202605020618,   0.509,   1.269,9999.000,9999.000,9999.000,9999.000,9999.000,9999.000,9999.000
202605020624,   0.525,   1.361,9999.000,9999.000,9999.000,9999.000,9999.000,9999.000,9999.000
202605020630,   0.541,   1.371,9999.000,9999.000,9999.000,9999.000,9999.000,9999.000,9999.000
202605020636,   0.557,   1.410,9999.000,9999.000,9999.000,9999.000,9999.000,9999.000,9999.000
202605020642,   0.573,   1.469,9999.000,9999.000,9999.000,9999.000,9999.000,9999.000,9999.000
202605020648,   0.589,   1.459,9999.000,9999.000,9999.000,9999.000,9999.000,9999.000,9999.000
202605020654,   0.605,   1.439,9999.000,9999.000,9999.000,9999.000,9999.000,9999.000,9999.000
202605020700,   0.622,   1.479,   0.300,   0.557,   1.479,   0.200,   1.379,   0.400,   1.579
202605020706,   0.638,   1.498,9999.000,9999.000,9999.000,9999.000,9999.000,9999.000,9999.000
202605020712,   0.654,   1.508,9999.000,9999.000,9999.000,9999.000,9999.000,9999.000,9999.000
202605020718,   0.669,   1.518,9999.000,9999.000,9999.000,9999.000,9999.000,9999.000,9999.000
202605020724,   0.685,   1.498,9999.000,9999.000,9999.000,9999.000,9999.000,9999.000,9999.000
202605020730,   0.700,   1.548,9999.000,9999.000,9999.000,9999.000,9999.000,9999.000,9999.000
202605020736,   0.716,   1.620,9999.000,9999.000,9999.000,9999.000,9999.000,9999.000,9999.000
202605020742,   0.731,   1.630,9999.000,9999.000,9999.000,9999.000,9999.000,9999.000,9999.000
202605020748,   0.746,   1.630,9999.000,9999.000,9999.000,9999.000,9999.000,9999.000,9999.000
202605020754,   0.761,   1.649,9999.000,9999.000,9999.000,9999.000,9999.000,9999.000,9999.000
202605020800,   0.775,   1.708,   0.300,   0.633,   1.708,   0.200,   1.608,   0.400,   1.808
202605020806,   0.789,   1.728,9999.000,9999.000,9999.000,9999.000,9999.000,9999.000,9999.000
202605020812,   0.803,   1.708,9999.000,9999.000,9999.000,9999.000,9999.000,9999.000,9999.000
202605020818,   0.817,   1.679,9999.000,9999.000,9999.000,9999.000,9999.000,9999.000,9999.000
202605020824,   0.831,   1.689,9999.000,9999.000,9999.000,9999.000,9999.000,9999.000,9999.000
202605020830,   0.844,   1.669,9999.000,9999.000,9999.000,9999.000,9999.000,9999.000,9999.000
202605020836,   0.858,   1.659,9999.000,9999.000,9999.000,9999.000,9999.000,9999.000,9999.000
202605020842,   0.871,   1.639,9999.000,9999.000,9999.000,9999.000,9999.000,9999.000,9999.000
202605020848,   0.884,   1.630,9999.000,9999.000,9999.000,9999.000,9999.000,9999.000,9999.000
202605020854,   0.896,   1.689,9999.000,9999.000,9999.000,9999.000,9999.000,9999.000,9999.000
202605020900,   0.909,   1.669,   0.300,   0.460,   1.669,   0.100,   1.469,   0.300,   1.669
202605020906,   0.921,   1.669,9999.000,9999.000,9999.000,9999.000,9999.000,9999.000,9999.000
202605020912,   0.934,   1.679,9999.000,9999.000,9999.000,9999.000,9999.000,9999.000,9999.000
202605020918,   0.946,   1.630,9999.000,9999.000,9999.000,9999.000,9999.000,9999.000,9999.000
202605020924,   0.958,   1.590,9999.000,9999.000,9999.000,9999.000,9999.000,9999.000,9999.000
202605020930,   0.970,   1.590,9999.000,9999.000,9999.000,9999.000,9999.000,9999.000,9999.000
202605020936,   0.983,   1.590,9999.000,9999.000,9999.000,9999.000,9999.000,9999.000,9999.000
202605020942,   0.995,   1.580,9999.000,9999.000,9999.000,9999.000,9999.000,9999.000,9999.000
202605020948,   1.007,   1.548,9999.000,9999.000,9999.000,9999.000,9999.000,9999.000,9999.000
202605020954,   1.019,   1.528,9999.000,9999.000,9999.000,9999.000,9999.000,9999.000,9999.000
202605021000,   1.031,   1.620,   0.200,   0.389,   1.620,   0.100,   1.520,   0.300,   1.720
202605021006,   1.044,   1.679,9999.000,9999.000,9999.000,9999.000,9999.000,9999.000,9999.000
202605021012,   1.056,   1.669,9999.000,9999.000,9999.000,9999.000,9999.000,9999.000,9999.000
202605021018,   1.069,   1.610,9999.000,9999.000,9999.000,9999.000,9999.000,9999.000,9999.000
202605021024,   1.082,   1.508,9999.000,9999.000,9999.000,9999.000,9999.000,9999.000,9999.000
202605021030,   1.095,   1.498,9999.000,9999.000,9999.000,9999.000,9999.000,9999.000,9999.000
202605021036,   1.108,   1.518,9999.000,9999.000,9999.000,9999.000,9999.000,9999.000,9999.000
202605021042,   1.122,   1.518,9999.000,9999.000,9999.000,9999.000,9999.000,9999.000,9999.000
202605021048,   1.136,   1.571,9999.000,9999.000,9999.000,9999.000,9999.000,9999.000,9999.000
202605021054,   1.150,   1.669,9999.000,9999.000,9999.000,9999.000,9999.000,9999.000,9999.000
202605021100,   1.165,   1.659,   0.100,   0.394,   1.659,   0.000,   1.559,   0.300,   1.859
202605021106,   1.180,   1.557,9999.000,9999.000,9999.000,9999.000,9999.000,9999.000,9999.000
202605021112,   1.195,   1.489,9999.000,9999.000,9999.000,9999.000,9999.000,9999.000,9999.000
202605021118,   1.210,   1.528,9999.000,9999.000,9999.000,9999.000,9999.000,9999.000,9999.000
202605021124,   1.226,   1.580,9999.000,9999.000,9999.000,9999.000,9999.000,9999.000,9999.000
202605021130,   1.243,   1.610,9999.000,9999.000,9999.000,9999.000,9999.000,9999.000,9999.000
202605021136,   1.259,   1.669,9999.000,9999.000,9999.000,9999.000,9999.000,9999.000,9999.000
202605021142,   1.276,   1.669,9999.000,9999.000,9999.000,9999.000,9999.000,9999.000,9999.000
202605021148,   1.294,   1.659,9999.000,9999.000,9999.000,9999.000,9999.000,9999.000,9999.000
202605021154,   1.312,   1.689,9999.000,9999.000,9999.000,9999.000,9999.000,9999.000,9999.000
202605021200,   1.330,   1.639,   0.300,   0.009,   1.639,   0.200,   1.539,   0.400,   1.739
202605021206,   1.348,   1.679,9999.000,9999.000,9999.000,9999.000,9999.000,9999.000,9999.000
202605021212,   1.367,   1.790,9999.000,9999.000,9999.000,9999.000,9999.000,9999.000,9999.000
202605021218,   1.386,   1.830,9999.000,9999.000,9999.000,9999.000,9999.000,9999.000,9999.000
202605021224,   1.405,   1.830,9999.000,9999.000,9999.000,9999.000,9999.000,9999.000,9999.000
202605021230,   1.424,   1.840,9999.000,9999.000,9999.000,9999.000,9999.000,9999.000,9999.000
202605021236,   1.444,   1.830,9999.000,9999.000,9999.000,9999.000,9999.000,9999.000,9999.000
202605021242,   1.463,   1.820,9999.000,9999.000,9999.000,9999.000,9999.000,9999.000,9999.000
202605021248,   1.483,   1.810,9999.000,9999.000,9999.000,9999.000,9999.000,9999.000,9999.000
202605021254,   1.502,   1.840,9999.000,9999.000,9999.000,9999.000,9999.000,9999.000,9999.000
202605021300,   1.522,   1.938,   0.200,   0.216,   1.938,   0.200,   1.938,   0.300,   2.038
202605021306,   1.541,   1.967,9999.000,9999.000,9999.000,9999.000,9999.000,9999.000,9999.000
202605021312,   1.560,   1.990,9999.000,9999.000,9999.000,9999.000,9999.000,9999.000,9999.000
202605021318,   1.579,   1.928,9999.000,9999.000,9999.000,9999.000,9999.000,9999.000,9999.000
202605021324,   1.597,   1.908,9999.000,9999.000,9999.000,9999.000,9999.000,9999.000,9999.000
202605021330,   1.615,   1.948,9999.000,9999.000,9999.000,9999.000,9999.000,9999.000,9999.000
202605021336,   1.632,   2.030,9999.000,9999.000,9999.000,9999.000,9999.000,9999.000,9999.000
202605021342,   1.649,   2.079,9999.000,9999.000,9999.000,9999.000,9999.000,9999.000,9999.000
202605021348,   1.665,   2.089,9999.000,9999.000,9999.000,9999.000,9999.000,9999.000,9999.000
202605021354,   1.680,   2.109,9999.000,9999.000,9999.000,9999.000,9999.000,9999.000,9999.000
202605021400,   1.695,   2.109,   0.200,   0.214,   2.109,   0.100,   2.009,   0.300,   2.209
202605021406,   1.709,   2.118,9999.000,9999.000,9999.000,9999.000,9999.000,9999.000,9999.000
202605021412,   1.722,   2.148,9999.000,9999.000,9999.000,9999.000,9999.000,9999.000,9999.000
202605021418,   1.733,   2.158,9999.000,9999.000,9999.000,9999.000,9999.000,9999.000,9999.000
202605021424,   1.744,   2.168,9999.000,9999.000,9999.000,9999.000,9999.000,9999.000,9999.000
202605021430,   1.754,   2.191,9999.000,9999.000,9999.000,9999.000,9999.000,9999.000,9999.000
202605021436,   1.763,   2.259,9999.000,9999.000,9999.000,9999.000,9999.000,9999.000,9999.000
202605021442,   1.770,   2.338,9999.000,9999.000,9999.000,9999.000,9999.000,9999.000,9999.000
202605021448,   1.777,   2.309,9999.000,9999.000,9999.000,9999.000,9999.000,9999.000,9999.000
202605021454,   1.782,   2.250,9999.000,9999.000,9999.000,9999.000,9999.000,9999.000,9999.000
202605021500,   1.786,   2.240,   0.200,   0.254,   2.240,   0.200,   2.240,   0.300,   2.340
202605021506,   1.789,   2.309,9999.000,9999.000,9999.000,9999.000,9999.000,9999.000,9999.000
202605021512,   1.790,   2.338,9999.000,9999.000,9999.000,9999.000,9999.000,9999.000,9999.000
202605021518,   1.791,   2.318,9999.000,9999.000,9999.000,9999.000,9999.000,9999.000,9999.000
202605021524,   1.790,   2.368,9999.000,9999.000,9999.000,9999.000,9999.000,9999.000,9999.000
202605021530,   1.788,   2.387,9999.000,9999.000,9999.000,9999.000,9999.000,9999.000,9999.000
202605021536,   1.785,   2.430,9999.000,9999.000,9999.000,9999.000,9999.000,9999.000,9999.000
202605021542,   1.780,   2.420,9999.000,9999.000,9999.000,9999.000,9999.000,9999.000,9999.000
202605021548,   1.775,   2.377,9999.000,9999.000,9999.000,9999.000,9999.000,9999.000,9999.000
202605021554,   1.769,   2.440,9999.000,9999.000,9999.000,9999.000,9999.000,9999.000,9999.000
202605021600,   1.761,   2.440,   0.300,   0.379,   2.440,   0.200,   2.340,   0.400,   2.540
202605021606,   1.752,   2.400,9999.000,9999.000,9999.000,9999.000,9999.000,9999.000,9999.000
202605021612,   1.743,   2.459,9999.000,9999.000,9999.000,9999.000,9999.000,9999.000,9999.000
202605021618,   1.733,   2.469,9999.000,9999.000,9999.000,9999.000,9999.000,9999.000,9999.000
202605021624,   1.721,   2.420,9999.000,9999.000,9999.000,9999.000,9999.000,9999.000,9999.000
202605021630,   1.709,   2.358,9999.000,9999.000,9999.000,9999.000,9999.000,9999.000,9999.000
202605021636,   1.697,   2.328,9999.000,9999.000,9999.000,9999.000,9999.000,9999.000,9999.000
202605021642,   1.683,   2.289,9999.000,9999.000,9999.000,9999.000,9999.000,9999.000,9999.000
202605021648,   1.669,   2.240,9999.000,9999.000,9999.000,9999.000,9999.000,9999.000,9999.000
202605021654,   1.654,   2.200,9999.000,9999.000,9999.000,9999.000,9999.000,9999.000,9999.000
202605021700,   1.639,   2.230,   0.300,   0.291,   2.230,   0.200,   2.130,   0.400,   2.330
202605021706,   1.623,   2.220,9999.000,9999.000,9999.000,9999.000,9999.000,9999.000,9999.000
202605021712,   1.606,   2.210,9999.000,9999.000,9999.000,9999.000,9999.000,9999.000,9999.000
202605021718,   1.589,   2.191,9999.000,9999.000,9999.000,9999.000,9999.000,9999.000,9999.000
202605021724,   1.572,   2.148,9999.000,9999.000,9999.000,9999.000,9999.000,9999.000,9999.000
202605021730,   1.554,   2.089,9999.000,9999.000,9999.000,9999.000,9999.000,9999.000,9999.000
202605021736,   1.536,   2.079,9999.000,9999.000,9999.000,9999.000,9999.000,9999.000,9999.000
202605021742,   1.518,   2.089,9999.000,9999.000,9999.000,9999.000,9999.000,9999.000,9999.000
202605021748,   1.499,   2.040,9999.000,9999.000,9999.000,9999.000,9999.000,9999.000,9999.000
202605021754,   1.480,   2.020,9999.000,9999.000,9999.000,9999.000,9999.000,9999.000,9999.000
202605021800,   1.460,   1.938,   0.500,  -0.022,   1.938,   0.400,   1.838,   0.600,   2.038
202605021806,   1.441,   1.938,9999.000,9999.000,9999.000,9999.000,9999.000,9999.000,9999.000
202605021812,   1.421,   1.990,9999.000,9999.000,9999.000,9999.000,9999.000,9999.000,9999.000
202605021818,   1.400,   2.020,9999.000,9999.000,9999.000,9999.000,9999.000,9999.000,9999.000
202605021824,   1.380,   2.020,9999.000,9999.000,9999.000,9999.000,9999.000,9999.000,9999.000
202605021830,   1.359,   2.059,9999.000,9999.000,9999.000,9999.000,9999.000,9999.000,9999.000
202605021836,   1.338,   2.040,9999.000,9999.000,9999.000,9999.000,9999.000,9999.000,9999.000
202605021842,   1.316,   1.967,9999.000,9999.000,9999.000,9999.000,9999.000,9999.000,9999.000
202605021848,   1.295,   1.948,9999.000,9999.000,9999.000,9999.000,9999.000,9999.000,9999.000
202605021854,   1.273,   1.918,9999.000,9999.000,9999.000,9999.000,9999.000,9999.000,9999.000
202605021900,   1.251,   1.840,   0.500,   0.089,   1.840,   0.400,   1.740,   0.600,   1.940
202605021906,   1.228,   1.800,9999.000,9999.000,9999.000,9999.000,9999.000,9999.000,9999.000
202605021912,   1.205,   1.767,9999.000,9999.000,9999.000,9999.000,9999.000,9999.000,9999.000
202605021918,   1.182,   1.748,9999.000,9999.000,9999.000,9999.000,9999.000,9999.000,9999.000
202605021924,   1.159,   1.728,9999.000,9999.000,9999.000,9999.000,9999.000,9999.000,9999.000
202605021930,   1.135,   1.659,9999.000,9999.000,9999.000,9999.000,9999.000,9999.000,9999.000
202605021936,   1.111,   1.620,9999.000,9999.000,9999.000,9999.000,9999.000,9999.000,9999.000
202605021942,   1.087,   1.571,9999.000,9999.000,9999.000,9999.000,9999.000,9999.000,9999.000
202605021948,   1.062,   1.548,9999.000,9999.000,9999.000,9999.000,9999.000,9999.000,9999.000
202605021954,   1.037,   1.528,9999.000,9999.000,9999.000,9999.000,9999.000,9999.000,9999.000
202605022000,   1.012,   1.479,   0.500,  -0.033,   1.479,   0.400,   1.379,   0.600,   1.579
202605022006,   0.986,   1.439,9999.000,9999.000,9999.000,9999.000,9999.000,9999.000,9999.000
202605022012,   0.961,   1.380,9999.000,9999.000,9999.000,9999.000,9999.000,9999.000,9999.000
202605022018,   0.934,   1.289,9999.000,9999.000,9999.000,9999.000,9999.000,9999.000,9999.000
202605022024,   0.908,   1.269,9999.000,9999.000,9999.000,9999.000,9999.000,9999.000,9999.000
202605022030,   0.882,   1.229,9999.000,9999.000,9999.000,9999.000,9999.000,9999.000,9999.000
202605022036,   0.855,   1.200,9999.000,9999.000,9999.000,9999.000,9999.000,9999.000,9999.000
202605022042,   0.828,   1.170,9999.000,9999.000,9999.000,9999.000,9999.000,9999.000,9999.000
202605022048,   0.801,   1.118,9999.000,9999.000,9999.000,9999.000,9999.000,9999.000,9999.000
202605022054,   0.774,   1.098,9999.000,9999.000,9999.000,9999.000,9999.000,9999.000,9999.000
202605022100,   0.746,   1.098,   0.500,  -0.148,   1.098,   0.400,   0.998,   0.600,   1.198
202605022106,   0.719,   1.088,9999.000,9999.000,9999.000,9999.000,9999.000,9999.000,9999.000
202605022112,   0.691,   1.079,9999.000,9999.000,9999.000,9999.000,9999.000,9999.000,9999.000
202605022118,   0.664,   1.069,9999.000,9999.000,9999.000,9999.000,9999.000,9999.000,9999.000
202605022124,   0.636,   1.049,9999.000,9999.000,9999.000,9999.000,9999.000,9999.000,9999.000
202605022130,   0.609,   1.020,9999.000,9999.000,9999.000,9999.000,9999.000,9999.000,9999.000
202605022136,   0.581,   1.000,9999.000,9999.000,9999.000,9999.000,9999.000,9999.000,9999.000
202605022142,   0.554,   0.961,9999.000,9999.000,9999.000,9999.000,9999.000,9999.000,9999.000
202605022148,   0.527,   0.918,9999.000,9999.000,9999.000,9999.000,9999.000,9999.000,9999.000
202605022154,   0.500,   0.888,9999.000,9999.000,9999.000,9999.000,9999.000,9999.000,9999.000
202605022200,   0.473,   0.888,   0.500,  -0.085,   0.888,   0.400,   0.788,   0.600,   0.988
202605022206,   0.446,   0.849,9999.000,9999.000,9999.000,9999.000,9999.000,9999.000,9999.000
202605022212,   0.420,   0.780,9999.000,9999.000,9999.000,9999.000,9999.000,9999.000,9999.000
202605022218,   0.394,   0.770,9999.000,9999.000,9999.000,9999.000,9999.000,9999.000,9999.000
202605022224,   0.369,   0.731,9999.000,9999.000,9999.000,9999.000,9999.000,9999.000,9999.000
202605022230,   0.344,   0.708,9999.000,9999.000,9999.000,9999.000,9999.000,9999.000,9999.000
202605022236,   0.319,   0.669,9999.000,9999.000,9999.000,9999.000,9999.000,9999.000,9999.000
202605022242,   0.295,   0.639,9999.000,9999.000,9999.000,9999.000,9999.000,9999.000,9999.000
202605022248,   0.272,   0.610,9999.000,9999.000,9999.000,9999.000,9999.000,9999.000,9999.000
202605022254,   0.249,   0.580,9999.000,9999.000,9999.000,9999.000,9999.000,9999.000,9999.000
202605022300,   0.227,   0.560,   0.500,  -0.167,   0.560,   0.400,   0.460,   0.600,   0.660
202605022306,   0.206,   0.551,9999.000,9999.000,9999.000,9999.000,9999.000,9999.000,9999.000
202605022312,   0.185,   0.551,9999.000,9999.000,9999.000,9999.000,9999.000,9999.000,9999.000
202605022318,   0.165,   0.498,9999.000,9999.000,9999.000,9999.000,9999.000,9999.000,9999.000
202605022324,   0.146,   0.459,9999.000,9999.000,9999.000,9999.000,9999.000,9999.000,9999.000
202605022330,   0.127,   0.429,9999.000,9999.000,9999.000,9999.000,9999.000,9999.000,9999.000
202605022336,   0.110,   0.380,9999.000,9999.000,9999.000,9999.000,9999.000,9999.000,9999.000
202605022342,   0.093,   0.350,9999.000,9999.000,9999.000,9999.000,9999.000,9999.000,9999.000
202605022348,   0.078,   0.341,9999.000,9999.000,9999.000,9999.000,9999.000,9999.000,9999.000
202605022354,   0.063,   0.331,9999.000,9999.000,9999.000,9999.000,9999.000,9999.000,9999.000
202605030000,   0.050,   0.321,   0.500,  -0.229,   0.321,   0.400,   0.221,   0.600,   0.421
202605030006,   0.037,   0.288,9999.000,9999.000,9999.000,9999.000,9999.000,9999.000,9999.000
202605030012,   0.025,   0.278,9999.000,9999.000,9999.000,9999.000,9999.000,9999.000,9999.000
202605030018,   0.015,   0.239,9999.000,9999.000,9999.000,9999.000,9999.000,9999.000,9999.000
202605030024,   0.005,   0.209,9999.000,9999.000,9999.000,9999.000,9999.000,9999.000,9999.000
202605030030,  -0.003,   0.209,9999.000,9999.000,9999.000,9999.000,9999.000,9999.000,9999.000
202605030036,  -0.010,   0.209,9999.000,9999.000,9999.000,9999.000,9999.000,9999.000,9999.000
202605030042,  -0.017,   0.229,9999.000,9999.000,9999.000,9999.000,9999.000,9999.000,9999.000
202605030048,  -0.023,   0.239,9999.000,9999.000,9999.000,9999.000,9999.000,9999.000,9999.000
202605030054,  -0.027,   0.249,9999.000,9999.000,9999.000,9999.000,9999.000,9999.000,9999.000
202605030100,  -0.031,   0.219,   0.500,  -0.250,   0.219,   0.400,   0.119,   0.600,   0.319
202605030106,  -0.034,   0.160,9999.000,9999.000,9999.000,9999.000,9999.000,9999.000,9999.000
202605030112,  -0.036,   0.141,9999.000,9999.000,9999.000,9999.000,9999.000,9999.000,9999.000
202605030118,  -0.037,   0.141,9999.000,9999.000,9999.000,9999.000,9999.000,9999.000,9999.000
202605030124,  -0.037,   0.150,9999.000,9999.000,9999.000,9999.000,9999.000,9999.000,9999.000
202605030130,  -0.037,   0.150,9999.000,9999.000,9999.000,9999.000,9999.000,9999.000,9999.000
202605030136,  -0.036,   0.160,9999.000,9999.000,9999.000,9999.000,9999.000,9999.000,9999.000
202605030142,  -0.034,   0.170,9999.000,9999.000,9999.000,9999.000,9999.000,9999.000,9999.000
202605030148,  -0.031,   0.180,9999.000,9999.000,9999.000,9999.000,9999.000,9999.000,9999.000
202605030154,  -0.028,   0.190,9999.000,9999.000,9999.000,9999.000,9999.000,9999.000,9999.000
202605030200,  -0.024,   0.190,   0.500,  -0.286,   0.190,   0.400,   0.090,   0.500,   0.190
202605030206,  -0.020,   0.160,9999.000,9999.000,9999.000,9999.000,9999.000,9999.000,9999.000
202605030212,  -0.015,   0.150,9999.000,9999.000,9999.000,9999.000,9999.000,9999.000,9999.000
202605030218,  -0.010,   0.170,9999.000,9999.000,9999.000,9999.000,9999.000,9999.000,9999.000
202605030224,  -0.005,   0.150,9999.000,9999.000,9999.000,9999.000,9999.000,9999.000,9999.000
202605030230,   0.000,   0.121,9999.000,9999.000,9999.000,9999.000,9999.000,9999.000,9999.000
202605030236,   0.006,   0.111,9999.000,9999.000,9999.000,9999.000,9999.000,9999.000,9999.000
202605030242,   0.012,   0.121,9999.000,9999.000,9999.000,9999.000,9999.000,9999.000,9999.000
202605030248,   0.018,   0.121,9999.000,9999.000,9999.000,9999.000,9999.000,9999.000,9999.000
202605030254,   0.025,   0.131,9999.000,9999.000,9999.000,9999.000,9999.000,9999.000,9999.000
202605030300,   0.032,   0.150,   0.500,  -0.382,   0.150,   0.400,   0.050,   0.500,   0.150
202605030306,   0.038,   0.141,9999.000,9999.000,9999.000,9999.000,9999.000,9999.000,9999.000
202605030312,   0.045,   0.121,9999.000,9999.000,9999.000,9999.000,9999.000,9999.000,9999.000
202605030318,   0.052,   0.121,9999.000,9999.000,9999.000,9999.000,9999.000,9999.000,9999.000
202605030324,   0.059,   0.098,9999.000,9999.000,9999.000,9999.000,9999.000,9999.000,9999.000
202605030330,   0.066,   0.078,9999.000,9999.000,9999.000,9999.000,9999.000,9999.000,9999.000
202605030336,   0.074,   0.068,9999.000,9999.000,9999.000,9999.000,9999.000,9999.000,9999.000
202605030342,   0.081,   0.059,9999.000,9999.000,9999.000,9999.000,9999.000,9999.000,9999.000
202605030348,   0.088,   0.049,9999.000,9999.000,9999.000,9999.000,9999.000,9999.000,9999.000
202605030354,   0.096,   0.029,9999.000,9999.000,9999.000,9999.000,9999.000,9999.000,9999.000
202605030400,   0.104,   0.029,   0.400,  -0.475,   0.029,   0.400,   0.029,   0.500,   0.129
202605030406,   0.111,   0.049,9999.000,9999.000,9999.000,9999.000,9999.000,9999.000,9999.000
202605030412,   0.119,   0.049,9999.000,9999.000,9999.000,9999.000,9999.000,9999.000,9999.000
202605030418,   0.127,   0.078,9999.000,9999.000,9999.000,9999.000,9999.000,9999.000,9999.000
202605030424,   0.136,   0.078,9999.000,9999.000,9999.000,9999.000,9999.000,9999.000,9999.000
202605030430,   0.144,   0.059,9999.000,9999.000,9999.000,9999.000,9999.000,9999.000,9999.000
202605030436,   0.153,   0.059,9999.000,9999.000,9999.000,9999.000,9999.000,9999.000,9999.000
202605030442,   0.162,   0.049,9999.000,9999.000,9999.000,9999.000,9999.000,9999.000,9999.000
202605030448,   0.171,   0.078,9999.000,9999.000,9999.000,9999.000,9999.000,9999.000,9999.000
202605030454,   0.181,   0.121,9999.000,9999.000,9999.000,9999.000,9999.000,9999.000,9999.000
202605030500,   0.191,   0.160,   0.400,  -0.431,   0.160,   0.400,   0.160,   0.500,   0.260
202605030506,   0.202,   0.190,9999.000,9999.000,9999.000,9999.000,9999.000,9999.000,9999.000
202605030512,   0.212,   0.209,9999.000,9999.000,9999.000,9999.000,9999.000,9999.000,9999.000
202605030518,   0.224,   0.229,9999.000,9999.000,9999.000,9999.000,9999.000,9999.000,9999.000
202605030524,   0.235,   0.249,9999.000,9999.000,9999.000,9999.000,9999.000,9999.000,9999.000
202605030530,   0.248,   0.239,9999.000,9999.000,9999.000,9999.000,9999.000,9999.000,9999.000
202605030536,   0.260,   0.259,9999.000,9999.000,9999.000,9999.000,9999.000,9999.000,9999.000
202605030542,   0.273,   0.298,9999.000,9999.000,9999.000,9999.000,9999.000,9999.000,9999.000
202605030548,   0.287,   0.341,9999.000,9999.000,9999.000,9999.000,9999.000,9999.000,9999.000
202605030554,   0.301,   0.370,9999.000,9999.000,9999.000,9999.000,9999.000,9999.000,9999.000
202605030600,   0.315,   0.380,   0.400,  -0.335,   0.380,   0.300,   0.280,   0.500,   0.480
202605030606,   0.330,   0.409,9999.000,9999.000,9999.000,9999.000,9999.000,9999.000,9999.000
202605030612,   0.346,   0.429,9999.000,9999.000,9999.000,9999.000,9999.000,9999.000,9999.000
202605030618,   0.361,   0.449,9999.000,9999.000,9999.000,9999.000,9999.000,9999.000,9999.000
202605030624,   0.377,   0.478,9999.000,9999.000,9999.000,9999.000,9999.000,9999.000,9999.000
202605030630,   0.394,   0.531,9999.000,9999.000,9999.000,9999.000,9999.000,9999.000,9999.000
202605030636,   0.411,   0.560,9999.000,9999.000,9999.000,9999.000,9999.000,9999.000,9999.000
202605030642,   0.428,   0.580,9999.000,9999.000,9999.000,9999.000,9999.000,9999.000,9999.000
202605030648,   0.445,   0.580,9999.000,9999.000,9999.000,9999.000,9999.000,9999.000,9999.000
202605030654,   0.462,   0.590,9999.000,9999.000,9999.000,9999.000,9999.000,9999.000,9999.000
202605030700,   0.480,   0.600,   0.400,  -0.280,   0.600,   0.300,   0.500,   0.500,   0.700
202605030706,   0.498,   0.639,9999.000,9999.000,9999.000,9999.000,9999.000,9999.000,9999.000
202605030712,   0.516,   0.669,9999.000,9999.000,9999.000,9999.000,9999.000,9999.000,9999.000
202605030718,   0.533,   0.678,9999.000,9999.000,9999.000,9999.000,9999.000,9999.000,9999.000
202605030724,   0.551,   0.688,9999.000,9999.000,9999.000,9999.000,9999.000,9999.000,9999.000
202605030730,   0.569,   0.718,9999.000,9999.000,9999.000,9999.000,9999.000,9999.000,9999.000
202605030736,   0.587,   0.741,9999.000,9999.000,9999.000,9999.000,9999.000,9999.000,9999.000
202605030742,   0.605,   0.760,9999.000,9999.000,9999.000,9999.000,9999.000,9999.000,9999.000
202605030748,   0.623,   0.800,9999.000,9999.000,9999.000,9999.000,9999.000,9999.000,9999.000
202605030754,   0.641,   0.819,9999.000,9999.000,9999.000,9999.000,9999.000,9999.000,9999.000
202605030800,   0.658,   0.829,   0.400,  -0.229,   0.829,   0.400,   0.829,   0.500,   0.929
202605030806,   0.675,   0.859,9999.000,9999.000,9999.000,9999.000,9999.000,9999.000,9999.000
202605030812,   0.692,   0.869,9999.000,9999.000,9999.000,9999.000,9999.000,9999.000,9999.000
202605030818,   0.709,   0.908,9999.000,9999.000,9999.000,9999.000,9999.000,9999.000,9999.000
202605030824,   0.726,   0.941,9999.000,9999.000,9999.000,9999.000,9999.000,9999.000,9999.000
202605030830,   0.742,   0.951,9999.000,9999.000,9999.000,9999.000,9999.000,9999.000,9999.000
202605030836,   0.758,   0.980,9999.000,9999.000,9999.000,9999.000,9999.000,9999.000,9999.000
202605030842,   0.774,   1.000,9999.000,9999.000,9999.000,9999.000,9999.000,9999.000,9999.000
202605030848,   0.790,   1.020,9999.000,9999.000,9999.000,9999.000,9999.000,9999.000,9999.000
202605030854,   0.805,   1.039,9999.000,9999.000,9999.000,9999.000,9999.000,9999.000,9999.000
202605030900,   0.821,   1.069,   0.500,  -0.252,   1.069,   0.400,   0.969,   0.500,   1.069
202605030906,   0.835,   1.098,9999.000,9999.000,9999.000,9999.000,9999.000,9999.000,9999.000
202605030912,   0.850,   1.118,9999.000,9999.000,9999.000,9999.000,9999.000,9999.000,9999.000
202605030918,   0.865,   1.151,9999.000,9999.000,9999.000,9999.000,9999.000,9999.000,9999.000
202605030924,   0.879,   1.138,9999.000,9999.000,9999.000,9999.000,9999.000,9999.000,9999.000
202605030930,   0.893,   1.151,9999.000,9999.000,9999.000,9999.000,9999.000,9999.000,9999.000
202605030936,   0.907,   1.161,9999.000,9999.000,9999.000,9999.000,9999.000,9999.000,9999.000
202605030942,   0.921,   1.180,9999.000,9999.000,9999.000,9999.000,9999.000,9999.000,9999.000
202605030948,   0.935,   1.180,9999.000,9999.000,9999.000,9999.000,9999.000,9999.000,9999.000
202605030954,   0.948,   1.200,9999.000,9999.000,9999.000,9999.000,9999.000,9999.000,9999.000
202605031000,   0.962,   1.229,   0.500,  -0.233,   1.229,   0.400,   1.129,   0.500,   1.229
202605031006,   0.975,   1.229,9999.000,9999.000,9999.000,9999.000,9999.000,9999.000,9999.000
202605031012,   0.989,   1.229,9999.000,9999.000,9999.000,9999.000,9999.000,9999.000,9999.000
202605031018,   1.002,   1.220,9999.000,9999.000,9999.000,9999.000,9999.000,9999.000,9999.000
202605031024,   1.016,   1.229,9999.000,9999.000,9999.000,9999.000,9999.000,9999.000,9999.000
202605031030,   1.029,   1.249,9999.000,9999.000,9999.000,9999.000,9999.000,9999.000,9999.000
202605031036,   1.043,   1.269,9999.000,9999.000,9999.000,9999.000,9999.000,9999.000,9999.000
202605031042,   1.057,   1.279,9999.000,9999.000,9999.000,9999.000,9999.000,9999.000,9999.000
202605031048,   1.071,   1.289,9999.000,9999.000,9999.000,9999.000,9999.000,9999.000,9999.000
202605031054,   1.085,   1.308,9999.000,9999.000,9999.000,9999.000,9999.000,9999.000,9999.000
202605031100,   1.100,   1.318,   0.500,  -0.282,   1.318,   0.400,   1.218,   0.500,   1.318
202605031106,   1.114,   1.338,9999.000,9999.000,9999.000,9999.000,9999.000,9999.000,9999.000
202605031112,   1.129,   1.338,9999.000,9999.000,9999.000,9999.000,9999.000,9999.000,9999.000
202605031118,   1.144,   1.361,9999.000,9999.000,9999.000,9999.000,9999.000,9999.000,9999.000
202605031124,   1.160,   1.390,9999.000,9999.000,9999.000,9999.000,9999.000,9999.000,9999.000
202605031130,   1.176,   1.400,9999.000,9999.000,9999.000,9999.000,9999.000,9999.000,9999.000
202605031136,   1.192,   1.400,9999.000,9999.000,9999.000,9999.000,9999.000,9999.000,9999.000
202605031142,   1.208,   1.420,9999.000,9999.000,9999.000,9999.000,9999.000,9999.000,9999.000
202605031148,   1.225,   1.430,9999.000,9999.000,9999.000,9999.000,9999.000,9999.000,9999.000
202605031154,   1.242,   1.449,9999.000,9999.000,9999.000,9999.000,9999.000,9999.000,9999.000
202605031200,   1.259,   1.469,   0.200,   0.010,   1.469,   0.200,   1.469,   0.200,   1.469
202605031206,   1.277,   1.479,9999.000,9999.000,9999.000,9999.000,9999.000,9999.000,9999.000
202605031212,   1.295,   1.479,9999.000,9999.000,9999.000,9999.000,9999.000,9999.000,9999.000
202605031218,   1.314,   1.508,9999.000,9999.000,9999.000,9999.000,9999.000,9999.000,9999.000
202605031224,   1.332,   1.508,9999.000,9999.000,9999.000,9999.000,9999.000,9999.000,9999.000
202605031230,   1.351,   1.518,9999.000,9999.000,9999.000,9999.000,9999.000,9999.000,9999.000
202605031236,   1.371,   1.538,9999.000,9999.000,9999.000,9999.000,9999.000,9999.000,9999.000
202605031242,   1.390,   1.571,9999.000,9999.000,9999.000,9999.000,9999.000,9999.000,9999.000
202605031248,   1.410,   1.590,9999.000,9999.000,9999.000,9999.000,9999.000,9999.000,9999.000
202605031254,   1.430,   1.600,9999.000,9999.000,9999.000,9999.000,9999.000,9999.000,9999.000
202605031300,   1.450,   1.600,   0.200,  -0.050,   1.600,   0.200,   1.600,   0.200,   1.600
202605031306,   1.471,   1.620,9999.000,9999.000,9999.000,9999.000,9999.000,9999.000,9999.000
202605031312,   1.491,   1.679,9999.000,9999.000,9999.000,9999.000,9999.000,9999.000,9999.000
202605031318,   1.512,   1.679,9999.000,9999.000,9999.000,9999.000,9999.000,9999.000,9999.000
202605031324,   1.532,   1.699,9999.000,9999.000,9999.000,9999.000,9999.000,9999.000,9999.000
202605031330,   1.552,   1.718,9999.000,9999.000,9999.000,9999.000,9999.000,9999.000,9999.000
202605031336,   1.572,   1.748,9999.000,9999.000,9999.000,9999.000,9999.000,9999.000,9999.000
202605031342,   1.592,   1.758,9999.000,9999.000,9999.000,9999.000,9999.000,9999.000,9999.000
202605031348,   1.612,   1.767,9999.000,9999.000,9999.000,9999.000,9999.000,9999.000,9999.000
202605031354,   1.631,   1.781,9999.000,9999.000,9999.000,9999.000,9999.000,9999.000,9999.000
202605031400,   1.650,   1.800,   0.200,  -0.050,   1.800,   0.200,   1.800,   0.200,   1.800
202605031406,   1.668,   1.849,9999.000,9999.000,9999.000,9999.000,9999.000,9999.000,9999.000
202605031412,   1.686,   1.849,9999.000,9999.000,9999.000,9999.000,9999.000,9999.000,9999.000
202605031418,   1.703,   1.859,9999.000,9999.000,9999.000,9999.000,9999.000,9999.000,9999.000
202605031424,   1.720,   1.889,9999.000,9999.000,9999.000,9999.000,9999.000,9999.000,9999.000
202605031430,   1.735,   1.908,9999.000,9999.000,9999.000,9999.000,9999.000,9999.000,9999.000
202605031436,   1.750,   1.918,9999.000,9999.000,9999.000,9999.000,9999.000,9999.000,9999.000
202605031442,   1.764,   1.938,9999.000,9999.000,9999.000,9999.000,9999.000,9999.000,9999.000
202605031448,   1.777,   1.948,9999.000,9999.000,9999.000,9999.000,9999.000,9999.000,9999.000
202605031454,   1.789,   1.948,9999.000,9999.000,9999.000,9999.000,9999.000,9999.000,9999.000
202605031500,   1.800,   1.958,   0.200,  -0.042,   1.958,   0.200,   1.958,   0.200,   1.958
202605031506,   1.810,   1.958,9999.000,9999.000,9999.000,9999.000,9999.000,9999.000,9999.000
202605031512,   1.818,   1.948,9999.000,9999.000,9999.000,9999.000,9999.000,9999.000,9999.000
202605031518,   1.826,   1.948,9999.000,9999.000,9999.000,9999.000,9999.000,9999.000,9999.000
202605031524,   1.832,   1.938,9999.000,9999.000,9999.000,9999.000,9999.000,9999.000,9999.000
202605031530,   1.837,   1.928,9999.000,9999.000,9999.000,9999.000,9999.000,9999.000,9999.000
202605031536,   1.841,   1.938,9999.000,9999.000,9999.000,9999.000,9999.000,9999.000,9999.000
202605031542,   1.844,   1.918,9999.000,9999.000,9999.000,9999.000,9999.000,9999.000,9999.000
202605031548,   1.845,   1.899,9999.000,9999.000,9999.000,9999.000,9999.000,9999.000,9999.000
202605031554,   1.845,   1.889,9999.000,9999.000,9999.000,9999.000,9999.000,9999.000,9999.000
202605031600,   1.844,   1.869,   0.200,  -0.175,   1.869,   0.100,   1.769,   0.200,   1.869
202605031606,   1.841,   1.869,9999.000,9999.000,9999.000,9999.000,9999.000,9999.000,9999.000
202605031612,   1.838,   1.859,9999.000,9999.000,9999.000,9999.000,9999.000,9999.000,9999.000
202605031618,   1.833,   1.840,9999.000,9999.000,9999.000,9999.000,9999.000,9999.000,9999.000
202605031624,   1.827,   1.830,9999.000,9999.000,9999.000,9999.000,9999.000,9999.000,9999.000
202605031630,   1.820,   1.820,9999.000,9999.000,9999.000,9999.000,9999.000,9999.000,9999.000
202605031636,   1.811,   1.781,9999.000,9999.000,9999.000,9999.000,9999.000,9999.000,9999.000
202605031642,   1.802,   1.781,9999.000,9999.000,9999.000,9999.000,9999.000,9999.000,9999.000
202605031648,   1.792,   1.748,9999.000,9999.000,9999.000,9999.000,9999.000,9999.000,9999.000
202605031654,   1.781,   1.758,9999.000,9999.000,9999.000,9999.000,9999.000,9999.000,9999.000
202605031700,   1.769,   1.738,   0.100,  -0.131,   1.738,   0.100,   1.738,   0.200,   1.838
202605031706,   1.756,   1.738,9999.000,9999.000,9999.000,9999.000,9999.000,9999.000,9999.000
202605031712,   1.742,   1.708,9999.000,9999.000,9999.000,9999.000,9999.000,9999.000,9999.000
202605031718,   1.728,   1.738,9999.000,9999.000,9999.000,9999.000,9999.000,9999.000,9999.000
202605031724,   1.713,   1.718,9999.000,9999.000,9999.000,9999.000,9999.000,9999.000,9999.000
202605031730,   1.697,   1.708,9999.000,9999.000,9999.000,9999.000,9999.000,9999.000,9999.000
202605031736,   1.681,   1.679,9999.000,9999.000,9999.000,9999.000,9999.000,9999.000,9999.000
202605031742,   1.664,   1.659,9999.000,9999.000,9999.000,9999.000,9999.000,9999.000,9999.000
202605031748,   1.646,   1.639,9999.000,9999.000,9999.000,9999.000,9999.000,9999.000,9999.000
202605031754,   1.628,   1.610,9999.000,9999.000,9999.000,9999.000,9999.000,9999.000,9999.000
202605031800,   1.610,   1.610,   0.100,  -0.100,   1.610,   0.000,   1.510,   0.100,   1.610
202605031806,   1.592,   1.620,9999.000,9999.000,9999.000,9999.000,9999.000,9999.000,9999.000
202605031812,   1.573,   1.620,9999.000,9999.000,9999.000,9999.000,9999.000,9999.000,9999.000
202605031818,   1.553,   1.630,9999.000,9999.000,9999.000,9999.000,9999.000,9999.000,9999.000
202605031824,   1.534,   1.620,9999.000,9999.000,9999.000,9999.000,9999.000,9999.000,9999.000
202605031830,   1.514,   1.610,9999.000,9999.000,9999.000,9999.000,9999.000,9999.000,9999.000
202605031836,   1.493,   1.600,9999.000,9999.000,9999.000,9999.000,9999.000,9999.000,9999.000
202605031842,   1.473,   1.600,9999.000,9999.000,9999.000,9999.000,9999.000,9999.000,9999.000
202605031848,   1.452,   1.590,9999.000,9999.000,9999.000,9999.000,9999.000,9999.000,9999.000
202605031854,   1.431,   1.590,9999.000,9999.000,9999.000,9999.000,9999.000,9999.000,9999.000
202605031900,   1.410,   1.557,   0.100,   0.047,   1.557,   0.000,   1.457,   0.100,   1.557
202605031906,   1.389,   1.557,9999.000,9999.000,9999.000,9999.000,9999.000,9999.000,9999.000
202605031912,   1.367,   1.538,9999.000,9999.000,9999.000,9999.000,9999.000,9999.000,9999.000
202605031918,   1.345,   1.528,9999.000,9999.000,9999.000,9999.000,9999.000,9999.000,9999.000
202605031924,   1.322,   1.528,9999.000,9999.000,9999.000,9999.000,9999.000,9999.000,9999.000
202605031930,   1.300,   1.518,9999.000,9999.000,9999.000,9999.000,9999.000,9999.000,9999.000
202605031936,   1.277,   1.508,9999.000,9999.000,9999.000,9999.000,9999.000,9999.000,9999.000
202605031942,   1.254,   1.479,9999.000,9999.000,9999.000,9999.000,9999.000,9999.000,9999.000
202605031948,   1.231,   1.469,9999.000,9999.000,9999.000,9999.000,9999.000,9999.000,9999.000
202605031954,   1.207,   1.459,9999.000,9999.000,9999.000,9999.000,9999.000,9999.000,9999.000
202605032000,   1.183,   1.459,   0.100,   0.176,   1.459,   0.000,   1.359,   0.100,   1.459
202605032006,   1.158,   1.439,9999.000,9999.000,9999.000,9999.000,9999.000,9999.000,9999.000
202605032012,   1.134,   1.400,9999.000,9999.000,9999.000,9999.000,9999.000,9999.000,9999.000
202605032018,   1.109,   1.400,9999.000,9999.000,9999.000,9999.000,9999.000,9999.000,9999.000
202605032024,   1.084,   1.361,9999.000,9999.000,9999.000,9999.000,9999.000,9999.000,9999.000
202605032030,   1.058,   1.318,9999.000,9999.000,9999.000,9999.000,9999.000,9999.000,9999.000
202605032036,   1.032,   1.298,9999.000,9999.000,9999.000,9999.000,9999.000,9999.000,9999.000
202605032042,   1.006,   1.259,9999.000,9999.000,9999.000,9999.000,9999.000,9999.000,9999.000
202605032048,   0.980,   1.239,9999.000,9999.000,9999.000,9999.000,9999.000,9999.000,9999.000
202605032054,   0.953,   1.210,9999.000,9999.000,9999.000,9999.000,9999.000,9999.000,9999.000
202605032100,   0.926,   1.190,   0.100,   0.164,   1.190,   0.000,   1.090,   0.100,   1.190
202605032106,   0.899,   1.180,9999.000,9999.000,9999.000,9999.000,9999.000,9999.000,9999.000
202605032112,   0.871,   1.151,9999.000,9999.000,9999.000,9999.000,9999.000,9999.000,9999.000
202605032118,   0.844,   1.118,9999.000,9999.000,9999.000,9999.000,9999.000,9999.000,9999.000
202605032124,   0.816,   1.088,9999.000,9999.000,9999.000,9999.000,9999.000,9999.000,9999.000
202605032130,   0.788,   1.049,9999.000,9999.000,9999.000,9999.000,9999.000,9999.000,9999.000
202605032136,   0.760,   1.020,9999.000,9999.000,9999.000,9999.000,9999.000,9999.000,9999.000
202605032142,   0.732,   0.980,9999.000,9999.000,9999.000,9999.000,9999.000,9999.000,9999.000
202605032148,   0.704,   0.951,9999.000,9999.000,9999.000,9999.000,9999.000,9999.000,9999.000
202605032154,   0.676,   0.908,9999.000,9999.000,9999.000,9999.000,9999.000,9999.000,9999.000
202605032200,   0.648,   0.888,   0.100,   0.140,   0.888,   0.000,   0.788,   0.100,   0.888
202605032206,   0.620,   0.849,9999.000,9999.000,9999.000,9999.000,9999.000,9999.000,9999.000
202605032212,   0.592,   0.819,9999.000,9999.000,9999.000,9999.000,9999.000,9999.000,9999.000
202605032218,   0.564,   0.800,9999.000,9999.000,9999.000,9999.000,9999.000,9999.000,9999.000
202605032224,   0.536,   0.760,9999.000,9999.000,9999.000,9999.000,9999.000,9999.000,9999.000
202605032230,   0.509,   0.718,9999.000,9999.000,9999.000,9999.000,9999.000,9999.000,9999.000
202605032236,   0.482,   0.708,9999.000,9999.000,9999.000,9999.000,9999.000,9999.000,9999.000
202605032242,   0.455,   0.678,9999.000,9999.000,9999.000,9999.000,9999.000,9999.000,9999.000
202605032248,   0.429,   0.639,9999.000,9999.000,9999.000,9999.000,9999.000,9999.000,9999.000
202605032254,   0.403,   0.610,9999.000,9999.000,9999.000,9999.000,9999.000,9999.000,9999.000
202605032300,   0.378,   0.570,   0.100,   0.092,   0.570,   0.100,   0.570,   0.200,   0.670
202605032306,   0.353,   0.518,9999.000,9999.000,9999.000,9999.000,9999.000,9999.000,9999.000
202605032312,   0.328,   0.469,9999.000,9999.000,9999.000,9999.000,9999.000,9999.000,9999.000
202605032318,   0.304,   0.439,9999.000,9999.000,9999.000,9999.000,9999.000,9999.000,9999.000
202605032324,   0.281,   0.419,9999.000,9999.000,9999.000,9999.000,9999.000,9999.000,9999.000
202605032330,   0.258,   0.390,9999.000,9999.000,9999.000,9999.000,9999.000,9999.000,9999.000
202605032336,   0.236,   0.370,9999.000,9999.000,9999.000,9999.000,9999.000,9999.000,9999.000
202605032342,   0.214,   0.321,9999.000,9999.000,9999.000,9999.000,9999.000,9999.000,9999.000
202605032348,   0.194,   0.298,9999.000,9999.000,9999.000,9999.000,9999.000,9999.000,9999.000
202605032354,   0.174,   0.298,9999.000,9999.000,9999.000,9999.000,9999.000,9999.000,9999.000
202605040000,   0.155,   0.288,   0.200,  -0.067,   0.288,   0.200,   0.288,   0.200,   0.288
202605040006,   0.136,   0.259,9999.000,9999.000,9999.000,9999.000,9999.000,9999.000,9999.000
202605040012,   0.119,   0.259,9999.000,9999.000,9999.000,9999.000,9999.000,9999.000,9999.000
202605040018,   0.102,   0.249,9999.000,9999.000,9999.000,9999.000,9999.000,9999.000,9999.000
202605040024,   0.086,   0.229,9999.000,9999.000,9999.000,9999.000,9999.000,9999.000,9999.000
202605040030,   0.071,   0.219,9999.000,9999.000,9999.000,9999.000,9999.000,9999.000,9999.000
202605040036,   0.057,   0.219,9999.000,9999.000,9999.000,9999.000,9999.000,9999.000,9999.000
202605040042,   0.044,   0.200,9999.000,9999.000,9999.000,9999.000,9999.000,9999.000,9999.000
202605040048,   0.032,   0.160,9999.000,9999.000,9999.000,9999.000,9999.000,9999.000,9999.000
202605040054,   0.021,   0.150,9999.000,9999.000,9999.000,9999.000,9999.000,9999.000,9999.000
202605040100,   0.011,   0.160,   0.200,  -0.051,   0.160,   0.200,   0.160,   0.200,   0.160
202605040106,   0.001,   0.160,9999.000,9999.000,9999.000,9999.000,9999.000,9999.000,9999.000
202605040112,  -0.006,   0.141,9999.000,9999.000,9999.000,9999.000,9999.000,9999.000,9999.000
202605040118,  -0.014,   0.111,9999.000,9999.000,9999.000,9999.000,9999.000,9999.000,9999.000
202605040124,  -0.020,   0.078,9999.000,9999.000,9999.000,9999.000,9999.000,9999.000,9999.000
202605040130,  -0.026,   0.068,9999.000,9999.000,9999.000,9999.000,9999.000,9999.000,9999.000
202605040136,  -0.031,   0.049,9999.000,9999.000,9999.000,9999.000,9999.000,9999.000,9999.000
202605040142,  -0.035,   0.059,9999.000,9999.000,9999.000,9999.000,9999.000,9999.000,9999.000
202605040148,  -0.038,   0.049,9999.000,9999.000,9999.000,9999.000,9999.000,9999.000,9999.000
202605040154,  -0.041,   0.059,9999.000,9999.000,9999.000,9999.000,9999.000,9999.000,9999.000
202605040200,  -0.043,   0.039,   0.200,  -0.118,   0.039,   0.200,   0.039,   0.200,   0.039
202605040206,  -0.044,   0.019,9999.000,9999.000,9999.000,9999.000,9999.000,9999.000,9999.000
202605040212,  -0.044,   0.009,9999.000,9999.000,9999.000,9999.000,9999.000,9999.000,9999.000
202605040218,  -0.044,   0.009,9999.000,9999.000,9999.000,9999.000,9999.000,9999.000,9999.000
202605040224,  -0.043,   0.019,9999.000,9999.000,9999.000,9999.000,9999.000,9999.000,9999.000
202605040230,  -0.042,   0.009,9999.000,9999.000,9999.000,9999.000,9999.000,9999.000,9999.000
202605040236,  -0.040,   0.029,9999.000,9999.000,9999.000,9999.000,9999.000,9999.000,9999.000
202605040242,  -0.037,   0.039,9999.000,9999.000,9999.000,9999.000,9999.000,9999.000,9999.000
202605040248,  -0.034,   0.019,9999.000,9999.000,9999.000,9999.000,9999.000,9999.000,9999.000
202605040254,  -0.031,   0.019,9999.000,9999.000,9999.000,9999.000,9999.000,9999.000,9999.000
202605040300,  -0.027,   0.009,   0.200,  -0.164,   0.009,   0.200,   0.009,   0.200,   0.009
202605040306,  -0.023,  -0.009,9999.000,9999.000,9999.000,9999.000,9999.000,9999.000,9999.000
202605040312,  -0.019,  -0.009,9999.000,9999.000,9999.000,9999.000,9999.000,9999.000,9999.000
202605040318,  -0.015,   0.019,9999.000,9999.000,9999.000,9999.000,9999.000,9999.000,9999.000
202605040324,  -0.010,   0.029,9999.000,9999.000,9999.000,9999.000,9999.000,9999.000,9999.000
202605040330,  -0.005,   0.019,9999.000,9999.000,9999.000,9999.000,9999.000,9999.000,9999.000
202605040336,   0.000,   0.019,9999.000,9999.000,9999.000,9999.000,9999.000,9999.000,9999.000
202605040342,   0.004,   0.009,9999.000,9999.000,9999.000,9999.000,9999.000,9999.000,9999.000
202605040348,   0.010,   0.000,9999.000,9999.000,9999.000,9999.000,9999.000,9999.000,9999.000
202605040354,   0.015,  -0.009,9999.000,9999.000,9999.000,9999.000,9999.000,9999.000,9999.000
202605040400,   0.021,   0.000,   0.200,  -0.221,   0.000,   0.200,   0.000,   0.200,   0.000
202605040406,   0.027,   0.009,9999.000,9999.000,9999.000,9999.000,9999.000,9999.000,9999.000
202605040412,   0.033,   0.009,9999.000,9999.000,9999.000,9999.000,9999.000,9999.000,9999.000
202605040418,   0.039,   0.029,9999.000,9999.000,9999.000,9999.000,9999.000,9999.000,9999.000
202605040424,   0.045,   0.039,9999.000,9999.000,9999.000,9999.000,9999.000,9999.000,9999.000
202605040430,   0.052,   0.039,9999.000,9999.000,9999.000,9999.000,9999.000,9999.000,9999.000
202605040436,   0.059,   0.039,9999.000,9999.000,9999.000,9999.000,9999.000,9999.000,9999.000
202605040442,   0.065,   0.039,9999.000,9999.000,9999.000,9999.000,9999.000,9999.000,9999.000
202605040448,   0.072,   0.049,9999.000,9999.000,9999.000,9999.000,9999.000,9999.000,9999.000
202605040454,   0.080,   0.068,9999.000,9999.000,9999.000,9999.000,9999.000,9999.000,9999.000
202605040500,   0.087,   0.088,   0.100,  -0.099,   0.088,   0.100,   0.088,   0.200,   0.188
202605040506,   0.095,   0.098,9999.000,9999.000,9999.000,9999.000,9999.000,9999.000,9999.000
202605040512,   0.104,   0.098,9999.000,9999.000,9999.000,9999.000,9999.000,9999.000,9999.000
202605040518,   0.112,   0.121,9999.000,9999.000,9999.000,9999.000,9999.000,9999.000,9999.000
202605040524,   0.121,   0.131,9999.000,9999.000,9999.000,9999.000,9999.000,9999.000,9999.000
202605040530,   0.130,   0.150,9999.000,9999.000,9999.000,9999.000,9999.000,9999.000,9999.000
202605040536,   0.140,   0.170,9999.000,9999.000,9999.000,9999.000,9999.000,9999.000,9999.000
202605040542,   0.151,   0.180,9999.000,9999.000,9999.000,9999.000,9999.000,9999.000,9999.000
202605040548,   0.161,   0.190,9999.000,9999.000,9999.000,9999.000,9999.000,9999.000,9999.000
202605040554,   0.173,   0.209,9999.000,9999.000,9999.000,9999.000,9999.000,9999.000,9999.000
202605040600,   0.184,   0.229,   0.200,  -0.155,   0.229,   0.200,   0.229,   0.200,   0.229
202605040606,   0.196,   0.249,9999.000,9999.000,9999.000,9999.000,9999.000,9999.000,9999.000
202605040612,   0.209,   0.259,9999.000,9999.000,9999.000,9999.000,9999.000,9999.000,9999.000
202605040618,   0.223,   0.278,9999.000,9999.000,9999.000,9999.000,9999.000,9999.000,9999.000
202605040624,   0.236,   0.298,9999.000,9999.000,9999.000,9999.000,9999.000,9999.000,9999.000
202605040630,   0.251,   0.298,9999.000,9999.000,9999.000,9999.000,9999.000,9999.000,9999.000
202605040636,   0.266,   0.321,9999.000,9999.000,9999.000,9999.000,9999.000,9999.000,9999.000
202605040642,   0.281,   0.331,9999.000,9999.000,9999.000,9999.000,9999.000,9999.000,9999.000
202605040648,   0.297,   0.341,9999.000,9999.000,9999.000,9999.000,9999.000,9999.000,9999.000
202605040654,   0.313,   0.350,9999.000,9999.000,9999.000,9999.000,9999.000,9999.000,9999.000
202605040700,   0.329,   0.370,   0.200,  -0.159,   0.370,   0.100,   0.270,   0.200,   0.370
202605040706,   0.347,   0.390,9999.000,9999.000,9999.000,9999.000,9999.000,9999.000,9999.000
202605040712,   0.364,   0.409,9999.000,9999.000,9999.000,9999.000,9999.000,9999.000,9999.000
202605040718,   0.382,   0.429,9999.000,9999.000,9999.000,9999.000,9999.000,9999.000,9999.000
202605040724,   0.400,   0.449,9999.000,9999.000,9999.000,9999.000,9999.000,9999.000,9999.000
202605040730,   0.418,   0.469,9999.000,9999.000,9999.000,9999.000,9999.000,9999.000,9999.000
202605040736,   0.436,   0.488,9999.000,9999.000,9999.000,9999.000,9999.000,9999.000,9999.000
202605040742,   0.455,   0.508,9999.000,9999.000,9999.000,9999.000,9999.000,9999.000,9999.000
202605040748,   0.474,   0.518,9999.000,9999.000,9999.000,9999.000,9999.000,9999.000,9999.000
202605040754,   0.492,   0.531,9999.000,9999.000,9999.000,9999.000,9999.000,9999.000,9999.000
202605040800,   0.511,   0.551,   0.200,  -0.160,   0.551,   0.100,   0.451,   0.200,   0.551
202605040806,   0.530,   0.570,9999.000,9999.000,9999.000,9999.000,9999.000,9999.000,9999.000
202605040812,   0.549,   0.600,9999.000,9999.000,9999.000,9999.000,9999.000,9999.000,9999.000
202605040818,   0.567,   0.610,9999.000,9999.000,9999.000,9999.000,9999.000,9999.000,9999.000
202605040824,   0.586,   0.629,9999.000,9999.000,9999.000,9999.000,9999.000,9999.000,9999.000
202605040830,   0.604,   0.639,9999.000,9999.000,9999.000,9999.000,9999.000,9999.000,9999.000
202605040836,   0.623,   0.649,9999.000,9999.000,9999.000,9999.000,9999.000,9999.000,9999.000
202605040842,   0.641,   0.659,9999.000,9999.000,9999.000,9999.000,9999.000,9999.000,9999.000
202605040848,   0.659,   0.669,9999.000,9999.000,9999.000,9999.000,9999.000,9999.000,9999.000
202605040854,   0.676,   0.698,9999.000,9999.000,9999.000,9999.000,9999.000,9999.000,9999.000
202605040900,   0.694,   0.718,   0.200,  -0.176,   0.718,   0.100,   0.618,   0.200,   0.718
202605040906,   0.711,   0.741,9999.000,9999.000,9999.000,9999.000,9999.000,9999.000,9999.000
202605040912,   0.728,   0.760,9999.000,9999.000,9999.000,9999.000,9999.000,9999.000,9999.000
202605040918,   0.745,   0.770,9999.000,9999.000,9999.000,9999.000,9999.000,9999.000,9999.000
202605040924,   0.761,   0.790,9999.000,9999.000,9999.000,9999.000,9999.000,9999.000,9999.000
202605040930,   0.777,   0.810,9999.000,9999.000,9999.000,9999.000,9999.000,9999.000,9999.000
202605040936,   0.793,   0.829,9999.000,9999.000,9999.000,9999.000,9999.000,9999.000,9999.000
202605040942,   0.809,   0.849,9999.000,9999.000,9999.000,9999.000,9999.000,9999.000,9999.000
202605040948,   0.824,   0.859,9999.000,9999.000,9999.000,9999.000,9999.000,9999.000,9999.000
202605040954,   0.840,   0.869,9999.000,9999.000,9999.000,9999.000,9999.000,9999.000,9999.000
202605041000,   0.855,   0.888,   0.200,  -0.167,   0.888,   0.200,   0.888,   0.200,   0.888
202605041006,   0.870,   0.918,9999.000,9999.000,9999.000,9999.000,9999.000,9999.000,9999.000
202605041012,   0.884,   0.941,9999.000,9999.000,9999.000,9999.000,9999.000,9999.000,9999.000
202605041018,   0.899,   0.961,9999.000,9999.000,9999.000,9999.000,9999.000,9999.000,9999.000
202605041024,   0.914,   0.970,9999.000,9999.000,9999.000,9999.000,9999.000,9999.000,9999.000
202605041030,   0.929,   0.970,9999.000,9999.000,9999.000,9999.000,9999.000,9999.000,9999.000
202605041036,   0.943,   0.980,9999.000,9999.000,9999.000,9999.000,9999.000,9999.000,9999.000
202605041042,   0.958,   1.010,9999.000,9999.000,9999.000,9999.000,9999.000,9999.000,9999.000
202605041048,   0.972,   1.020,9999.000,9999.000,9999.000,9999.000,9999.000,9999.000,9999.000
202605041054,   0.987,   1.049,9999.000,9999.000,9999.000,9999.000,9999.000,9999.000,9999.000
202605041100,   1.002,   1.069,   0.200,  -0.133,   1.069,   0.200,   1.069,   0.200,   1.069
202605041106,   1.017,   1.069,9999.000,9999.000,9999.000,9999.000,9999.000,9999.000,9999.000
202605041112,   1.032,   1.079,9999.000,9999.000,9999.000,9999.000,9999.000,9999.000,9999.000
202605041118,   1.047,   1.098,9999.000,9999.000,9999.000,9999.000,9999.000,9999.000,9999.000
202605041124,   1.063,   1.128,9999.000,9999.000,9999.000,9999.000,9999.000,9999.000,9999.000
202605041130,   1.078,   1.151,9999.000,9999.000,9999.000,9999.000,9999.000,9999.000,9999.000
202605041136,   1.094,   1.170,9999.000,9999.000,9999.000,9999.000,9999.000,9999.000,9999.000
202605041142,   1.110,   1.180,9999.000,9999.000,9999.000,9999.000,9999.000,9999.000,9999.000
202605041148,   1.127,   1.200,9999.000,9999.000,9999.000,9999.000,9999.000,9999.000,9999.000
202605041154,   1.144,   1.229,9999.000,9999.000,9999.000,9999.000,9999.000,9999.000,9999.000
202605041200,   1.161,   1.259,   0.200,  -0.102,   1.259,   0.100,   1.159,   0.200,   1.259
202605041206,   1.178,   1.279,9999.000,9999.000,9999.000,9999.000,9999.000,9999.000,9999.000
202605041212,   1.196,   1.308,9999.000,9999.000,9999.000,9999.000,9999.000,9999.000,9999.000
202605041218,   1.213,   1.318,9999.000,9999.000,9999.000,9999.000,9999.000,9999.000,9999.000
202605041224,   1.232,   1.338,9999.000,9999.000,9999.000,9999.000,9999.000,9999.000,9999.000
202605041230,   1.250,   1.361,9999.000,9999.000,9999.000,9999.000,9999.000,9999.000,9999.000
202605041236,   1.269,   1.371,9999.000,9999.000,9999.000,9999.000,9999.000,9999.000,9999.000
202605041242,   1.288,   1.400,9999.000,9999.000,9999.000,9999.000,9999.000,9999.000,9999.000
202605041248,   1.307,   1.420,9999.000,9999.000,9999.000,9999.000,9999.000,9999.000,9999.000
202605041254,   1.327,   1.449,9999.000,9999.000,9999.000,9999.000,9999.000,9999.000,9999.000
202605041300,   1.347,   1.479,   0.200,  -0.068,   1.479,   0.100,   1.379,   0.200,   1.479
202605041306,   1.367,   1.498,9999.000,9999.000,9999.000,9999.000,9999.000,9999.000,9999.000
202605041312,   1.387,   1.518,9999.000,9999.000,9999.000,9999.000,9999.000,9999.000,9999.000
202605041318,   1.408,   1.528,9999.000,9999.000,9999.000,9999.000,9999.000,9999.000,9999.000
202605041324,   1.428,   1.557,9999.000,9999.000,9999.000,9999.000,9999.000,9999.000,9999.000
202605041330,   1.449,   1.590,9999.000,9999.000,9999.000,9999.000,9999.000,9999.000,9999.000
202605041336,   1.470,   1.620,9999.000,9999.000,9999.000,9999.000,9999.000,9999.000,9999.000
202605041342,   1.490,   1.639,9999.000,9999.000,9999.000,9999.000,9999.000,9999.000,9999.000
202605041348,   1.511,   1.649,9999.000,9999.000,9999.000,9999.000,9999.000,9999.000,9999.000
202605041354,   1.532,   1.669,9999.000,9999.000,9999.000,9999.000,9999.000,9999.000,9999.000
202605041400,   1.552,   1.699,   0.200,  -0.053,   1.699,   0.200,   1.699,   0.200,   1.699
202605041406,   1.573,   1.718,9999.000,9999.000,9999.000,9999.000,9999.000,9999.000,9999.000
202605041412,   1.593,   1.748,9999.000,9999.000,9999.000,9999.000,9999.000,9999.000,9999.000
202605041418,   1.613,   1.767,9999.000,9999.000,9999.000,9999.000,9999.000,9999.000,9999.000
202605041424,   1.632,   1.790,9999.000,9999.000,9999.000,9999.000,9999.000,9999.000,9999.000
202605041430,   1.651,   1.810,9999.000,9999.000,9999.000,9999.000,9999.000,9999.000,9999.000
202605041436,   1.670,   1.830,9999.000,9999.000,9999.000,9999.000,9999.000,9999.000,9999.000
202605041442,   1.688,   1.849,9999.000,9999.000,9999.000,9999.000,9999.000,9999.000,9999.000
202605041448,   1.705,   1.859,9999.000,9999.000,9999.000,9999.000,9999.000,9999.000,9999.000
202605041454,   1.722,   1.879,9999.000,9999.000,9999.000,9999.000,9999.000,9999.000,9999.000
202605041500,   1.738,   1.899,   0.200,  -0.039,   1.899,   0.200,   1.899,   0.200,   1.899
202605041506,   1.753,   1.899,9999.000,9999.000,9999.000,9999.000,9999.000,9999.000,9999.000
202605041512,   1.768,   1.908,9999.000,9999.000,9999.000,9999.000,9999.000,9999.000,9999.000
202605041518,   1.781,   1.918,9999.000,9999.000,9999.000,9999.000,9999.000,9999.000,9999.000
202605041524,   1.794,   1.938,9999.000,9999.000,9999.000,9999.000,9999.000,9999.000,9999.000
202605041530,   1.806,   1.938,9999.000,9999.000,9999.000,9999.000,9999.000,9999.000,9999.000
202605041536,   1.816,   1.948,9999.000,9999.000,9999.000,9999.000,9999.000,9999.000,9999.000
202605041542,   1.826,   1.958,9999.000,9999.000,9999.000,9999.000,9999.000,9999.000,9999.000
202605041548,   1.834,   1.958,9999.000,9999.000,9999.000,9999.000,9999.000,9999.000,9999.000
202605041554,   1.842,   1.958,9999.000,9999.000,9999.000,9999.000,9999.000,9999.000,9999.000
202605041600,   1.848,   1.981,   0.200,  -0.067,   1.981,   0.200,   1.981,   0.200,   1.981
202605041606,   1.853,   1.990,9999.000,9999.000,9999.000,9999.000,9999.000,9999.000,9999.000
202605041612,   1.857,   2.000,9999.000,9999.000,9999.000,9999.000,9999.000,9999.000,9999.000
202605041618,   1.859,   2.000,9999.000,9999.000,9999.000,9999.000,9999.000,9999.000,9999.000
202605041624,   1.861,   1.990,9999.000,9999.000,9999.000,9999.000,9999.000,9999.000,9999.000
202605041630,   1.861,   1.967,9999.000,9999.000,9999.000,9999.000,9999.000,9999.000,9999.000
202605041636,   1.860,   1.981,9999.000,9999.000,9999.000,9999.000,9999.000,9999.000,9999.000
202605041642,   1.858,   1.967,9999.000,9999.000,9999.000,9999.000,9999.000,9999.000,9999.000
202605041648,   1.855,   1.967,9999.000,9999.000,9999.000,9999.000,9999.000,9999.000,9999.000
202605041654,   1.850,   1.967,9999.000,9999.000,9999.000,9999.000,9999.000,9999.000,9999.000
202605041700,   1.845,   1.958,   0.200,  -0.087,   1.958,   0.200,   1.958,   0.200,   1.958
202605041706,   1.838,   1.967,9999.000,9999.000,9999.000,9999.000,9999.000,9999.000,9999.000
202605041712,   1.830,   1.928,9999.000,9999.000,9999.000,9999.000,9999.000,9999.000,9999.000
202605041718,   1.822,   1.908,9999.000,9999.000,9999.000,9999.000,9999.000,9999.000,9999.000
202605041724,   1.812,   1.899,9999.000,9999.000,9999.000,9999.000,9999.000,9999.000,9999.000
202605041730,   1.801,   1.879,9999.000,9999.000,9999.000,9999.000,9999.000,9999.000,9999.000
202605041736,   1.790,   1.889,9999.000,9999.000,9999.000,9999.000,9999.000,9999.000,9999.000
202605041742,   1.778,   1.869,9999.000,9999.000,9999.000,9999.000,9999.000,9999.000,9999.000
202605041748,   1.765,   1.840,9999.000,9999.000,9999.000,9999.000,9999.000,9999.000,9999.000
202605041754,   1.751,9999.000,9999.000,9999.000,9999.000,9999.000,9999.000,9999.000,9999.000
202605041800,   1.736,9999.000,   0.200,  -0.082,   1.854,   0.200,   1.854,   0.200,   1.854
202605041806,   1.721,9999.000,9999.000,9999.000,9999.000,9999.000,9999.000,9999.000,9999.000
202605041812,   1.706,9999.000,9999.000,9999.000,9999.000,9999.000,9999.000,9999.000,9999.000
202605041818,   1.689,9999.000,9999.000,9999.000,9999.000,9999.000,9999.000,9999.000,9999.000
202605041824,   1.673,9999.000,9999.000,9999.000,9999.000,9999.000,9999.000,9999.000,9999.000
202605041830,   1.655,9999.000,9999.000,9999.000,9999.000,9999.000,9999.000,9999.000,9999.000
202605041836,   1.638,9999.000,9999.000,9999.000,9999.000,9999.000,9999.000,9999.000,9999.000
202605041842,   1.620,9999.000,9999.000,9999.000,9999.000,9999.000,9999.000,9999.000,9999.000
202605041848,   1.601,9999.000,9999.000,9999.000,9999.000,9999.000,9999.000,9999.000,9999.000
202605041854,   1.582,9999.000,9999.000,9999.000,9999.000,9999.000,9999.000,9999.000,9999.000
202605041900,   1.563,9999.000,   0.200,  -0.077,   1.686,   0.200,   1.686,   0.200,   1.686
202605041906,   1.544,9999.000,9999.000,9999.000,9999.000,9999.000,9999.000,9999.000,9999.000
202605041912,   1.524,9999.000,9999.000,9999.000,9999.000,9999.000,9999.000,9999.000,9999.000
202605041918,   1.504,9999.000,9999.000,9999.000,9999.000,9999.000,9999.000,9999.000,9999.000
202605041924,   1.483,9999.000,9999.000,9999.000,9999.000,9999.000,9999.000,9999.000,9999.000
202605041930,   1.463,9999.000,9999.000,9999.000,9999.000,9999.000,9999.000,9999.000,9999.000
202605041936,   1.442,9999.000,9999.000,9999.000,9999.000,9999.000,9999.000,9999.000,9999.000
202605041942,   1.421,9999.000,9999.000,9999.000,9999.000,9999.000,9999.000,9999.000,9999.000
202605041948,   1.399,9999.000,9999.000,9999.000,9999.000,9999.000,9999.000,9999.000,9999.000
202605041954,   1.377,9999.000,9999.000,9999.000,9999.000,9999.000,9999.000,9999.000,9999.000
202605042000,   1.355,9999.000,   0.200,  -0.071,   1.484,   0.200,   1.484,   0.300,   1.584
202605042006,   1.333,9999.000,9999.000,9999.000,9999.000,9999.000,9999.000,9999.000,9999.000
202605042012,   1.310,9999.000,9999.000,9999.000,9999.000,9999.000,9999.000,9999.000,9999.000
202605042018,   1.287,9999.000,9999.000,9999.000,9999.000,9999.000,9999.000,9999.000,9999.000
202605042024,   1.264,9999.000,9999.000,9999.000,9999.000,9999.000,9999.000,9999.000,9999.000
202605042030,   1.240,9999.000,9999.000,9999.000,9999.000,9999.000,9999.000,9999.000,9999.000
202605042036,   1.216,9999.000,9999.000,9999.000,9999.000,9999.000,9999.000,9999.000,9999.000
202605042042,   1.192,9999.000,9999.000,9999.000,9999.000,9999.000,9999.000,9999.000,9999.000
202605042048,   1.167,9999.000,9999.000,9999.000,9999.000,9999.000,9999.000,9999.000,9999.000
202605042054,   1.142,9999.000,9999.000,9999.000,9999.000,9999.000,9999.000,9999.000,9999.000
202605042100,   1.117,9999.000,   0.300,  -0.066,   1.351,   0.300,   1.351,   0.300,   1.351
202605042106,   1.091,9999.000,9999.000,9999.000,9999.000,9999.000,9999.000,9999.000,9999.000
202605042112,   1.065,9999.000,9999.000,9999.000,9999.000,9999.000,9999.000,9999.000,9999.000
202605042118,   1.039,9999.000,9999.000,9999.000,9999.000,9999.000,9999.000,9999.000,9999.000
202605042124,   1.013,9999.000,9999.000,9999.000,9999.000,9999.000,9999.000,9999.000,9999.000
202605042130,   0.986,9999.000,9999.000,9999.000,9999.000,9999.000,9999.000,9999.000,9999.000
202605042136,   0.959,9999.000,9999.000,9999.000,9999.000,9999.000,9999.000,9999.000,9999.000
202605042142,   0.931,9999.000,9999.000,9999.000,9999.000,9999.000,9999.000,9999.000,9999.000
202605042148,   0.904,9999.000,9999.000,9999.000,9999.000,9999.000,9999.000,9999.000,9999.000
202605042154,   0.876,9999.000,9999.000,9999.000,9999.000,9999.000,9999.000,9999.000,9999.000
202605042200,   0.848,9999.000,   0.300,  -0.061,   1.087,   0.300,   1.087,   0.300,   1.087
202605042206,   0.821,9999.000,9999.000,9999.000,9999.000,9999.000,9999.000,9999.000,9999.000
202605042212,   0.793,9999.000,9999.000,9999.000,9999.000,9999.000,9999.000,9999.000,9999.000
202605042218,   0.765,9999.000,9999.000,9999.000,9999.000,9999.000,9999.000,9999.000,9999.000
202605042224,   0.737,9999.000,9999.000,9999.000,9999.000,9999.000,9999.000,9999.000,9999.000
202605042230,   0.709,9999.000,9999.000,9999.000,9999.000,9999.000,9999.000,9999.000,9999.000
202605042236,   0.681,9999.000,9999.000,9999.000,9999.000,9999.000,9999.000,9999.000,9999.000
202605042242,   0.653,9999.000,9999.000,9999.000,9999.000,9999.000,9999.000,9999.000,9999.000
202605042248,   0.626,9999.000,9999.000,9999.000,9999.000,9999.000,9999.000,9999.000,9999.000
202605042254,   0.598,9999.000,9999.000,9999.000,9999.000,9999.000,9999.000,9999.000,9999.000
202605042300,   0.571,9999.000,   0.300,  -0.056,   0.815,   0.300,   0.815,   0.400,   0.915
202605042306,   0.544,9999.000,9999.000,9999.000,9999.000,9999.000,9999.000,9999.000,9999.000
202605042312,   0.518,9999.000,9999.000,9999.000,9999.000,9999.000,9999.000,9999.000,9999.000
202605042318,   0.492,9999.000,9999.000,9999.000,9999.000,9999.000,9999.000,9999.000,9999.000
202605042324,   0.466,9999.000,9999.000,9999.000,9999.000,9999.000,9999.000,9999.000,9999.000
202605042330,   0.441,9999.000,9999.000,9999.000,9999.000,9999.000,9999.000,9999.000,9999.000
202605042336,   0.416,9999.000,9999.000,9999.000,9999.000,9999.000,9999.000,9999.000,9999.000
202605042342,   0.392,9999.000,9999.000,9999.000,9999.000,9999.000,9999.000,9999.000,9999.000
202605042348,   0.368,9999.000,9999.000,9999.000,9999.000,9999.000,9999.000,9999.000,9999.000
202605042354,   0.345,9999.000,9999.000,9999.000,9999.000,9999.000,9999.000,9999.000,9999.000
202605050000,   0.322,9999.000,   0.400,  -0.051,   0.671,   0.300,   0.571,   0.400,   0.671
202605050006,   0.300,9999.000,9999.000,9999.000,9999.000,9999.000,9999.000,9999.000,9999.000
202605050012,   0.278,9999.000,9999.000,9999.000,9999.000,9999.000,9999.000,9999.000,9999.000
202605050018,   0.258,9999.000,9999.000,9999.000,9999.000,9999.000,9999.000,9999.000,9999.000
202605050024,   0.238,9999.000,9999.000,9999.000,9999.000,9999.000,9999.000,9999.000,9999.000
202605050030,   0.218,9999.000,9999.000,9999.000,9999.000,9999.000,9999.000,9999.000,9999.000
202605050036,   0.200,9999.000,9999.000,9999.000,9999.000,9999.000,9999.000,9999.000,9999.000
202605050042,   0.182,9999.000,9999.000,9999.000,9999.000,9999.000,9999.000,9999.000,9999.000
202605050048,   0.164,9999.000,9999.000,9999.000,9999.000,9999.000,9999.000,9999.000,9999.000
202605050054,   0.148,9999.000,9999.000,9999.000,9999.000,9999.000,9999.000,9999.000,9999.000
202605050100,   0.132,9999.000,   0.400,  -0.046,   0.486,   0.300,   0.386,   0.400,   0.486
202605050106,   0.117,9999.000,9999.000,9999.000,9999.000,9999.000,9999.000,9999.000,9999.000
202605050112,   0.103,9999.000,9999.000,9999.000,9999.000,9999.000,9999.000,9999.000,9999.000
202605050118,   0.090,9999.000,9999.000,9999.000,9999.000,9999.000,9999.000,9999.000,9999.000
202605050124,   0.077,9999.000,9999.000,9999.000,9999.000,9999.000,9999.000,9999.000,9999.000
202605050130,   0.065,9999.000,9999.000,9999.000,9999.000,9999.000,9999.000,9999.000,9999.000
202605050136,   0.054,9999.000,9999.000,9999.000,9999.000,9999.000,9999.000,9999.000,9999.000
202605050142,   0.044,9999.000,9999.000,9999.000,9999.000,9999.000,9999.000,9999.000,9999.000
202605050148,   0.034,9999.000,9999.000,9999.000,9999.000,9999.000,9999.000,9999.000,9999.000
202605050154,   0.025,9999.000,9999.000,9999.000,9999.000,9999.000,9999.000,9999.000,9999.000
202605050200,   0.017,9999.000,   0.400,  -0.040,   0.377,   0.300,   0.277,   0.400,   0.377
202605050206,   0.009,9999.000,9999.000,9999.000,9999.000,9999.000,9999.000,9999.000,9999.000
202605050212,   0.003,9999.000,9999.000,9999.000,9999.000,9999.000,9999.000,9999.000,9999.000
202605050218,  -0.002,9999.000,9999.000,9999.000,9999.000,9999.000,9999.000,9999.000,9999.000
202605050224,  -0.008,9999.000,9999.000,9999.000,9999.000,9999.000,9999.000,9999.000,9999.000
202605050230,  -0.012,9999.000,9999.000,9999.000,9999.000,9999.000,9999.000,9999.000,9999.000
202605050236,  -0.016,9999.000,9999.000,9999.000,9999.000,9999.000,9999.000,9999.000,9999.000
202605050242,  -0.020,9999.000,9999.000,9999.000,9999.000,9999.000,9999.000,9999.000,9999.000
202605050248,  -0.023,9999.000,9999.000,9999.000,9999.000,9999.000,9999.000,9999.000,9999.000
202605050254,  -0.025,9999.000,9999.000,9999.000,9999.000,9999.000,9999.000,9999.000,9999.000
202605050300,  -0.027,9999.000,   0.400,  -0.035,   0.338,   0.300,   0.238,   0.400,   0.338
202605050306,  -0.028,9999.000,9999.000,9999.000,9999.000,9999.000,9999.000,9999.000,9999.000
202605050312,  -0.029,9999.000,9999.000,9999.000,9999.000,9999.000,9999.000,9999.000,9999.000
202605050318,  -0.029,9999.000,9999.000,9999.000,9999.000,9999.000,9999.000,9999.000,9999.000
202605050324,  -0.029,9999.000,9999.000,9999.000,9999.000,9999.000,9999.000,9999.000,9999.000
202605050330,  -0.029,9999.000,9999.000,9999.000,9999.000,9999.000,9999.000,9999.000,9999.000
202605050336,  -0.028,9999.000,9999.000,9999.000,9999.000,9999.000,9999.000,9999.000,9999.000
202605050342,  -0.027,9999.000,9999.000,9999.000,9999.000,9999.000,9999.000,9999.000,9999.000
202605050348,  -0.025,9999.000,9999.000,9999.000,9999.000,9999.000,9999.000,9999.000,9999.000
202605050354,  -0.023,9999.000,9999.000,9999.000,9999.000,9999.000,9999.000,9999.000,9999.000
202605050400,  -0.021,9999.000,   0.400,  -0.030,   0.349,   0.300,   0.249,   0.400,   0.349
202605050406,  -0.019,9999.000,9999.000,9999.000,9999.000,9999.000,9999.000,9999.000,9999.000
202605050412,  -0.016,9999.000,9999.000,9999.000,9999.000,9999.000,9999.000,9999.000,9999.000
202605050418,  -0.013,9999.000,9999.000,9999.000,9999.000,9999.000,9999.000,9999.000,9999.000
202605050424,  -0.010,9999.000,9999.000,9999.000,9999.000,9999.000,9999.000,9999.000,9999.000
202605050430,  -0.007,9999.000,9999.000,9999.000,9999.000,9999.000,9999.000,9999.000,9999.000
202605050436,  -0.003,9999.000,9999.000,9999.000,9999.000,9999.000,9999.000,9999.000,9999.000
202605050442,   0.000,9999.000,9999.000,9999.000,9999.000,9999.000,9999.000,9999.000,9999.000
202605050448,   0.004,9999.000,9999.000,9999.000,9999.000,9999.000,9999.000,9999.000,9999.000
202605050454,   0.009,9999.000,9999.000,9999.000,9999.000,9999.000,9999.000,9999.000,9999.000
202605050500,   0.014,9999.000,   0.400,  -0.025,   0.389,   0.300,   0.289,   0.400,   0.389
202605050506,   0.019,9999.000,9999.000,9999.000,9999.000,9999.000,9999.000,9999.000,9999.000
202605050512,   0.024,9999.000,9999.000,9999.000,9999.000,9999.000,9999.000,9999.000,9999.000
202605050518,   0.029,9999.000,9999.000,9999.000,9999.000,9999.000,9999.000,9999.000,9999.000
202605050524,   0.035,9999.000,9999.000,9999.000,9999.000,9999.000,9999.000,9999.000,9999.000
202605050530,   0.042,9999.000,9999.000,9999.000,9999.000,9999.000,9999.000,9999.000,9999.000
202605050536,   0.048,9999.000,9999.000,9999.000,9999.000,9999.000,9999.000,9999.000,9999.000
202605050542,   0.055,9999.000,9999.000,9999.000,9999.000,9999.000,9999.000,9999.000,9999.000
202605050548,   0.063,9999.000,9999.000,9999.000,9999.000,9999.000,9999.000,9999.000,9999.000
202605050554,   0.071,9999.000,9999.000,9999.000,9999.000,9999.000,9999.000,9999.000,9999.000
202605050600,   0.079,9999.000,   0.400,  -0.025,   0.454,   0.300,   0.354,   0.400,   0.454
202605050606,   0.088,9999.000,9999.000,9999.000,9999.000,9999.000,9999.000,9999.000,9999.000
202605050612,   0.098,9999.000,9999.000,9999.000,9999.000,9999.000,9999.000,9999.000,9999.000
202605050618,   0.107,9999.000,9999.000,9999.000,9999.000,9999.000,9999.000,9999.000,9999.000
202605050624,   0.118,9999.000,9999.000,9999.000,9999.000,9999.000,9999.000,9999.000,9999.000
202605050630,   0.129,9999.000,9999.000,9999.000,9999.000,9999.000,9999.000,9999.000,9999.000
202605050636,   0.140,9999.000,9999.000,9999.000,9999.000,9999.000,9999.000,9999.000,9999.000
202605050642,   0.152,9999.000,9999.000,9999.000,9999.000,9999.000,9999.000,9999.000,9999.000
202605050648,   0.165,9999.000,9999.000,9999.000,9999.000,9999.000,9999.000,9999.000,9999.000
202605050654,   0.178,9999.000,9999.000,9999.000,9999.000,9999.000,9999.000,9999.000,9999.000
202605050700,   0.192,9999.000,   0.400,  -0.025,   0.567,   0.300,   0.467,   0.400,   0.567
202605050706,   0.206,9999.000,9999.000,9999.000,9999.000,9999.000,9999.000,9999.000,9999.000
202605050712,   0.221,9999.000,9999.000,9999.000,9999.000,9999.000,9999.000,9999.000,9999.000
202605050718,   0.236,9999.000,9999.000,9999.000,9999.000,9999.000,9999.000,9999.000,9999.000
202605050724,   0.252,9999.000,9999.000,9999.000,9999.000,9999.000,9999.000,9999.000,9999.000
202605050730,   0.268,9999.000,9999.000,9999.000,9999.000,9999.000,9999.000,9999.000,9999.000
202605050736,   0.285,9999.000,9999.000,9999.000,9999.000,9999.000,9999.000,9999.000,9999.000
202605050742,   0.302,9999.000,9999.000,9999.000,9999.000,9999.000,9999.000,9999.000,9999.000
202605050748,   0.319,9999.000,9999.000,9999.000,9999.000,9999.000,9999.000,9999.000,9999.000
202605050754,   0.337,9999.000,9999.000,9999.000,9999.000,9999.000,9999.000,9999.000,9999.000
202605050800,   0.355,9999.000,   0.400,  -0.025,   0.730,   0.300,   0.630,   0.400,   0.730
202605050806,   0.373,9999.000,9999.000,9999.000,9999.000,9999.000,9999.000,9999.000,9999.000
202605050812,   0.391,9999.000,9999.000,9999.000,9999.000,9999.000,9999.000,9999.000,9999.000
202605050818,   0.410,9999.000,9999.000,9999.000,9999.000,9999.000,9999.000,9999.000,9999.000
202605050824,   0.429,9999.000,9999.000,9999.000,9999.000,9999.000,9999.000,9999.000,9999.000
202605050830,   0.448,9999.000,9999.000,9999.000,9999.000,9999.000,9999.000,9999.000,9999.000
202605050836,   0.467,9999.000,9999.000,9999.000,9999.000,9999.000,9999.000,9999.000,9999.000
202605050842,   0.485,9999.000,9999.000,9999.000,9999.000,9999.000,9999.000,9999.000,9999.000
202605050848,   0.504,9999.000,9999.000,9999.000,9999.000,9999.000,9999.000,9999.000,9999.000
202605050854,   0.523,9999.000,9999.000,9999.000,9999.000,9999.000,9999.000,9999.000,9999.000
202605050900,   0.542,9999.000,   0.400,  -0.025,   0.917,   0.300,   0.817,   0.400,   0.917
202605050906,   0.560,9999.000,9999.000,9999.000,9999.000,9999.000,9999.000,9999.000,9999.000
202605050912,   0.579,9999.000,9999.000,9999.000,9999.000,9999.000,9999.000,9999.000,9999.000
202605050918,   0.597,9999.000,9999.000,9999.000,9999.000,9999.000,9999.000,9999.000,9999.000
202605050924,   0.615,9999.000,9999.000,9999.000,9999.000,9999.000,9999.000,9999.000,9999.000
202605050930,   0.633,9999.000,9999.000,9999.000,9999.000,9999.000,9999.000,9999.000,9999.000
202605050936,   0.650,9999.000,9999.000,9999.000,9999.000,9999.000,9999.000,9999.000,9999.000
202605050942,   0.668,9999.000,9999.000,9999.000,9999.000,9999.000,9999.000,9999.000,9999.000
202605050948,   0.685,9999.000,9999.000,9999.000,9999.000,9999.000,9999.000,9999.000,9999.000
202605050954,   0.702,9999.000,9999.000,9999.000,9999.000,9999.000,9999.000,9999.000,9999.000
202605051000,   0.719,9999.000,   0.400,  -0.025,   1.094,   0.300,   0.994,   0.400,   1.094
202605051006,   0.735,9999.000,9999.000,9999.000,9999.000,9999.000,9999.000,9999.000,9999.000
202605051012,   0.751,9999.000,9999.000,9999.000,9999.000,9999.000,9999.000,9999.000,9999.000
202605051018,   0.768,9999.000,9999.000,9999.000,9999.000,9999.000,9999.000,9999.000,9999.000
202605051024,   0.784,9999.000,9999.000,9999.000,9999.000,9999.000,9999.000,9999.000,9999.000
202605051030,   0.800,9999.000,9999.000,9999.000,9999.000,9999.000,9999.000,9999.000,9999.000
202605051036,   0.815,9999.000,9999.000,9999.000,9999.000,9999.000,9999.000,9999.000,9999.000
202605051042,   0.831,9999.000,9999.000,9999.000,9999.000,9999.000,9999.000,9999.000,9999.000
202605051048,   0.847,9999.000,9999.000,9999.000,9999.000,9999.000,9999.000,9999.000,9999.000
202605051054,   0.862,9999.000,9999.000,9999.000,9999.000,9999.000,9999.000,9999.000,9999.000
202605051100,   0.878,9999.000,   0.400,  -0.025,   1.253,   0.400,   1.253,   0.500,   1.353
202605051106,   0.893,9999.000,9999.000,9999.000,9999.000,9999.000,9999.000,9999.000,9999.000
202605051112,   0.909,9999.000,9999.000,9999.000,9999.000,9999.000,9999.000,9999.000,9999.000
202605051118,   0.925,9999.000,9999.000,9999.000,9999.000,9999.000,9999.000,9999.000,9999.000
202605051124,   0.940,9999.000,9999.000,9999.000,9999.000,9999.000,9999.000,9999.000,9999.000
202605051130,   0.956,9999.000,9999.000,9999.000,9999.000,9999.000,9999.000,9999.000,9999.000
202605051136,   0.973,9999.000,9999.000,9999.000,9999.000,9999.000,9999.000,9999.000,9999.000
202605051142,   0.989,9999.000,9999.000,9999.000,9999.000,9999.000,9999.000,9999.000,9999.000
202605051148,   1.005,9999.000,9999.000,9999.000,9999.000,9999.000,9999.000,9999.000,9999.000
202605051154,   1.022,9999.000,9999.000,9999.000,9999.000,9999.000,9999.000,9999.000,9999.000
202605051200,   1.039,9999.000,   0.400,  -0.025,   1.414,   0.400,   1.414,   0.500,   1.514
202605051206,   1.056,9999.000,9999.000,9999.000,9999.000,9999.000,9999.000,9999.000,9999.000
202605051212,   1.074,9999.000,9999.000,9999.000,9999.000,9999.000,9999.000,9999.000,9999.000
202605051218,   1.091,9999.000,9999.000,9999.000,9999.000,9999.000,9999.000,9999.000,9999.000
202605051224,   1.109,9999.000,9999.000,9999.000,9999.000,9999.000,9999.000,9999.000,9999.000
202605051230,   1.127,9999.000,9999.000,9999.000,9999.000,9999.000,9999.000,9999.000,9999.000
202605051236,   1.146,9999.000,9999.000,9999.000,9999.000,9999.000,9999.000,9999.000,9999.000
202605051242,   1.165,9999.000,9999.000,9999.000,9999.000,9999.000,9999.000,9999.000,9999.000
202605051248,   1.184,9999.000,9999.000,9999.000,9999.000,9999.000,9999.000,9999.000,9999.000
202605051254,   1.203,9999.000,9999.000,9999.000,9999.000,9999.000,9999.000,9999.000,9999.000
202605051300,   1.222,9999.000,   0.400,  -0.025,   1.597,   0.400,   1.597,   0.500,   1.697
202605051306,   1.242,9999.000,9999.000,9999.000,9999.000,9999.000,9999.000,9999.000,9999.000
202605051312,   1.262,9999.000,9999.000,9999.000,9999.000,9999.000,9999.000,9999.000,9999.000
202605051318,   1.282,9999.000,9999.000,9999.000,9999.000,9999.000,9999.000,9999.000,9999.000
202605051324,   1.303,9999.000,9999.000,9999.000,9999.000,9999.000,9999.000,9999.000,9999.000
202605051330,   1.323,9999.000,9999.000,9999.000,9999.000,9999.000,9999.000,9999.000,9999.000
202605051336,   1.344,9999.000,9999.000,9999.000,9999.000,9999.000,9999.000,9999.000,9999.000
202605051342,   1.364,9999.000,9999.000,9999.000,9999.000,9999.000,9999.000,9999.000,9999.000
202605051348,   1.385,9999.000,9999.000,9999.000,9999.000,9999.000,9999.000,9999.000,9999.000
202605051354,   1.406,9999.000,9999.000,9999.000,9999.000,9999.000,9999.000,9999.000,9999.000
202605051400,   1.427,9999.000,   0.400,  -0.025,   1.802,   0.400,   1.802,   0.500,   1.902
202605051406,   1.447,9999.000,9999.000,9999.000,9999.000,9999.000,9999.000,9999.000,9999.000
202605051412,   1.468,9999.000,9999.000,9999.000,9999.000,9999.000,9999.000,9999.000,9999.000
202605051418,   1.489,9999.000,9999.000,9999.000,9999.000,9999.000,9999.000,9999.000,9999.000
202605051424,   1.509,9999.000,9999.000,9999.000,9999.000,9999.000,9999.000,9999.000,9999.000
202605051430,   1.529,9999.000,9999.000,9999.000,9999.000,9999.000,9999.000,9999.000,9999.000
202605051436,   1.549,9999.000,9999.000,9999.000,9999.000,9999.000,9999.000,9999.000,9999.000
202605051442,   1.569,9999.000,9999.000,9999.000,9999.000,9999.000,9999.000,9999.000,9999.000
202605051448,   1.588,9999.000,9999.000,9999.000,9999.000,9999.000,9999.000,9999.000,9999.000
202605051454,   1.607,9999.000,9999.000,9999.000,9999.000,9999.000,9999.000,9999.000,9999.000
202605051500,   1.626,9999.000,   0.400,  -0.025,   2.001,   0.400,   2.001,   0.500,   2.101
202605051506,   1.644,9999.000,9999.000,9999.000,9999.000,9999.000,9999.000,9999.000,9999.000
202605051512,   1.662,9999.000,9999.000,9999.000,9999.000,9999.000,9999.000,9999.000,9999.000
202605051518,   1.679,9999.000,9999.000,9999.000,9999.000,9999.000,9999.000,9999.000,9999.000
202605051524,   1.696,9999.000,9999.000,9999.000,9999.000,9999.000,9999.000,9999.000,9999.000
202605051530,   1.712,9999.000,9999.000,9999.000,9999.000,9999.000,9999.000,9999.000,9999.000
202605051536,   1.727,9999.000,9999.000,9999.000,9999.000,9999.000,9999.000,9999.000,9999.000
202605051542,   1.741,9999.000,9999.000,9999.000,9999.000,9999.000,9999.000,9999.000,9999.000
202605051548,   1.755,9999.000,9999.000,9999.000,9999.000,9999.000,9999.000,9999.000,9999.000
202605051554,   1.768,9999.000,9999.000,9999.000,9999.000,9999.000,9999.000,9999.000,9999.000
202605051600,   1.780,9999.000,   0.400,  -0.025,   2.155,   0.400,   2.155,   0.500,   2.255
202605051606,   1.791,9999.000,9999.000,9999.000,9999.000,9999.000,9999.000,9999.000,9999.000
202605051612,   1.802,9999.000,9999.000,9999.000,9999.000,9999.000,9999.000,9999.000,9999.000
202605051618,   1.811,9999.000,9999.000,9999.000,9999.000,9999.000,9999.000,9999.000,9999.000
202605051624,   1.819,9999.000,9999.000,9999.000,9999.000,9999.000,9999.000,9999.000,9999.000
202605051630,   1.827,9999.000,9999.000,9999.000,9999.000,9999.000,9999.000,9999.000,9999.000
202605051636,   1.833,9999.000,9999.000,9999.000,9999.000,9999.000,9999.000,9999.000,9999.000
202605051642,   1.838,9999.000,9999.000,9999.000,9999.000,9999.000,9999.000,9999.000,9999.000
202605051648,   1.842,9999.000,9999.000,9999.000,9999.000,9999.000,9999.000,9999.000,9999.000
202605051654,   1.846,9999.000,9999.000,9999.000,9999.000,9999.000,9999.000,9999.000,9999.000
202605051700,   1.848,9999.000,   0.500,  -0.025,   2.323,   0.400,   2.223,   0.600,   2.423
202605051706,   1.849,9999.000,9999.000,9999.000,9999.000,9999.000,9999.000,9999.000,9999.000
202605051712,   1.849,9999.000,9999.000,9999.000,9999.000,9999.000,9999.000,9999.000,9999.000
202605051718,   1.847,9999.000,9999.000,9999.000,9999.000,9999.000,9999.000,9999.000,9999.000
202605051724,   1.845,9999.000,9999.000,9999.000,9999.000,9999.000,9999.000,9999.000,9999.000
202605051730,   1.842,9999.000,9999.000,9999.000,9999.000,9999.000,9999.000,9999.000,9999.000
202605051736,   1.838,9999.000,9999.000,9999.000,9999.000,9999.000,9999.000,9999.000,9999.000
202605051742,   1.832,9999.000,9999.000,9999.000,9999.000,9999.000,9999.000,9999.000,9999.000
202605051748,   1.826,9999.000,9999.000,9999.000,9999.000,9999.000,9999.000,9999.000,9999.000
202605051754,   1.819,9999.000,9999.000,9999.000,9999.000,9999.000,9999.000,9999.000,9999.000
202605051800,   1.811,9999.000,   0.500,  -0.025,   2.286,   0.400,   2.186,   0.600,   2.386
202605051806,   1.802,9999.000,9999.000,9999.000,9999.000,9999.000,9999.000,9999.000,9999.000
202605051812,   1.792,9999.000,9999.000,9999.000,9999.000,9999.000,9999.000,9999.000,9999.000
202605051818,   1.782,9999.000,9999.000,9999.000,9999.000,9999.000,9999.000,9999.000,9999.000
202605051824,   1.770,9999.000,9999.000,9999.000,9999.000,9999.000,9999.000,9999.000,9999.000
202605051830,   1.758,9999.000,9999.000,9999.000,9999.000,9999.000,9999.000,9999.000,9999.000
202605051836,   1.746,9999.000,9999.000,9999.000,9999.000,9999.000,9999.000,9999.000,9999.000
202605051842,   1.732,9999.000,9999.000,9999.000,9999.000,9999.000,9999.000,9999.000,9999.000
202605051848,   1.718,9999.000,9999.000,9999.000,9999.000,9999.000,9999.000,9999.000,9999.000
202605051854,   1.704,9999.000,9999.000,9999.000,9999.000,9999.000,9999.000,9999.000,9999.000
202605051900,   1.689,9999.000,   0.500,  -0.025,   2.164,   0.400,   2.064,   0.600,   2.264
202605051906,   1.673,9999.000,9999.000,9999.000,9999.000,9999.000,9999.000,9999.000,9999.000
202605051912,   1.657,9999.000,9999.000,9999.000,9999.000,9999.000,9999.000,9999.000,9999.000
202605051918,   1.640,9999.000,9999.000,9999.000,9999.000,9999.000,9999.000,9999.000,9999.000
202605051924,   1.623,9999.000,9999.000,9999.000,9999.000,9999.000,9999.000,9999.000,9999.000
202605051930,   1.606,9999.000,9999.000,9999.000,9999.000,9999.000,9999.000,9999.000,9999.000
202605051936,   1.588,9999.000,9999.000,9999.000,9999.000,9999.000,9999.000,9999.000,9999.000
202605051942,   1.570,9999.000,9999.000,9999.000,9999.000,9999.000,9999.000,9999.000,9999.000
202605051948,   1.551,9999.000,9999.000,9999.000,9999.000,9999.000,9999.000,9999.000,9999.000
202605051954,   1.532,9999.000,9999.000,9999.000,9999.000,9999.000,9999.000,9999.000,9999.000
202605052000,   1.513,9999.000,   0.500,  -0.025,   1.988,   0.400,   1.888,   0.600,   2.088
202605052006,   1.493,9999.000,9999.000,9999.000,9999.000,9999.000,9999.000,9999.000,9999.000
202605052012,   1.473,9999.000,9999.000,9999.000,9999.000,9999.000,9999.000,9999.000,9999.000
202605052018,   1.453,9999.000,9999.000,9999.000,9999.000,9999.000,9999.000,9999.000,9999.000
202605052024,   1.432,9999.000,9999.000,9999.000,9999.000,9999.000,9999.000,9999.000,9999.000
202605052030,   1.411,9999.000,9999.000,9999.000,9999.000,9999.000,9999.000,9999.000,9999.000
202605052036,   1.390,9999.000,9999.000,9999.000,9999.000,9999.000,9999.000,9999.000,9999.000
202605052042,   1.368,9999.000,9999.000,9999.000,9999.000,9999.000,9999.000,9999.000,9999.000
202605052048,   1.346,9999.000,9999.000,9999.000,9999.000,9999.000,9999.000,9999.000,9999.000
202605052054,   1.324,9999.000,9999.000,9999.000,9999.000,9999.000,9999.000,9999.000,9999.000
202605052100,   1.301,9999.000,   0.500,  -0.025,   1.776,   0.400,   1.676,   0.600,   1.876
202605052106,   1.278,9999.000,9999.000,9999.000,9999.000,9999.000,9999.000,9999.000,9999.000
202605052112,   1.254,9999.000,9999.000,9999.000,9999.000,9999.000,9999.000,9999.000,9999.000
202605052118,   1.230,9999.000,9999.000,9999.000,9999.000,9999.000,9999.000,9999.000,9999.000
202605052124,   1.206,9999.000,9999.000,9999.000,9999.000,9999.000,9999.000,9999.000,9999.000
202605052130,   1.181,9999.000,9999.000,9999.000,9999.000,9999.000,9999.000,9999.000,9999.000
202605052136,   1.157,9999.000,9999.000,9999.000,9999.000,9999.000,9999.000,9999.000,9999.000
202605052142,   1.131,9999.000,9999.000,9999.000,9999.000,9999.000,9999.000,9999.000,9999.000
202605052148,   1.106,9999.000,9999.000,9999.000,9999.000,9999.000,9999.000,9999.000,9999.000
202605052154,   1.080,9999.000,9999.000,9999.000,9999.000,9999.000,9999.000,9999.000,9999.000
202605052200,   1.054,9999.000,   0.500,  -0.025,   1.529,   0.400,   1.429,   0.600,   1.629
202605052206,   1.027,9999.000,9999.000,9999.000,9999.000,9999.000,9999.000,9999.000,9999.000
202605052212,   1.001,9999.000,9999.000,9999.000,9999.000,9999.000,9999.000,9999.000,9999.000
202605052218,   0.974,9999.000,9999.000,9999.000,9999.000,9999.000,9999.000,9999.000,9999.000
202605052224,   0.947,9999.000,9999.000,9999.000,9999.000,9999.000,9999.000,9999.000,9999.000
202605052230,   0.920,9999.000,9999.000,9999.000,9999.000,9999.000,9999.000,9999.000,9999.000
202605052236,   0.893,9999.000,9999.000,9999.000,9999.000,9999.000,9999.000,9999.000,9999.000
202605052242,   0.865,9999.000,9999.000,9999.000,9999.000,9999.000,9999.000,9999.000,9999.000
202605052248,   0.838,9999.000,9999.000,9999.000,9999.000,9999.000,9999.000,9999.000,9999.000
202605052254,   0.811,9999.000,9999.000,9999.000,9999.000,9999.000,9999.000,9999.000,9999.000
202605052300,   0.784,9999.000,   0.500,  -0.025,   1.259,   0.500,   1.259,   0.600,   1.359
202605052306,   0.757,9999.000,9999.000,9999.000,9999.000,9999.000,9999.000,9999.000,9999.000
202605052312,   0.730,9999.000,9999.000,9999.000,9999.000,9999.000,9999.000,9999.000,9999.000
202605052318,   0.703,9999.000,9999.000,9999.000,9999.000,9999.000,9999.000,9999.000,9999.000
202605052324,   0.676,9999.000,9999.000,9999.000,9999.000,9999.000,9999.000,9999.000,9999.000
202605052330,   0.650,9999.000,9999.000,9999.000,9999.000,9999.000,9999.000,9999.000,9999.000
202605052336,   0.624,9999.000,9999.000,9999.000,9999.000,9999.000,9999.000,9999.000,9999.000
202605052342,   0.598,9999.000,9999.000,9999.000,9999.000,9999.000,9999.000,9999.000,9999.000
202605052348,   0.573,9999.000,9999.000,9999.000,9999.000,9999.000,9999.000,9999.000,9999.000
202605052354,   0.548,9999.000,9999.000,9999.000,9999.000,9999.000,9999.000,9999.000,9999.000
202605060000,   0.523,9999.000,   0.500,  -0.025,   0.998,   0.500,   0.998,   0.600,   1.098
202605060006,   0.499,9999.000,9999.000,9999.000,9999.000,9999.000,9999.000,9999.000,9999.000
202605060012,   0.475,9999.000,9999.000,9999.000,9999.000,9999.000,9999.000,9999.000,9999.000
202605060018,   0.452,9999.000,9999.000,9999.000,9999.000,9999.000,9999.000,9999.000,9999.000
202605060024,   0.429,9999.000,9999.000,9999.000,9999.000,9999.000,9999.000,9999.000,9999.000
202605060030,   0.407,9999.000,9999.000,9999.000,9999.000,9999.000,9999.000,9999.000,9999.000
202605060036,   0.386,9999.000,9999.000,9999.000,9999.000,9999.000,9999.000,9999.000,9999.000
202605060042,   0.365,9999.000,9999.000,9999.000,9999.000,9999.000,9999.000,9999.000,9999.000
202605060048,   0.344,9999.000,9999.000,9999.000,9999.000,9999.000,9999.000,9999.000,9999.000
202605060054,   0.324,9999.000,9999.000,9999.000,9999.000,9999.000,9999.000,9999.000,9999.000
202605060100,   0.305,9999.000,   0.600,  -0.025,   0.880,   0.500,   0.780,   0.600,   0.880
202605060106,   0.286,9999.000,9999.000,9999.000,9999.000,9999.000,9999.000,9999.000,9999.000
202605060112,   0.268,9999.000,9999.000,9999.000,9999.000,9999.000,9999.000,9999.000,9999.000
202605060118,   0.251,9999.000,9999.000,9999.000,9999.000,9999.000,9999.000,9999.000,9999.000
202605060124,   0.234,9999.000,9999.000,9999.000,9999.000,9999.000,9999.000,9999.000,9999.000
202605060130,   0.218,9999.000,9999.000,9999.000,9999.000,9999.000,9999.000,9999.000,9999.000
202605060136,   0.202,9999.000,9999.000,9999.000,9999.000,9999.000,9999.000,9999.000,9999.000
202605060142,   0.187,9999.000,9999.000,9999.000,9999.000,9999.000,9999.000,9999.000,9999.000
202605060148,   0.172,9999.000,9999.000,9999.000,9999.000,9999.000,9999.000,9999.000,9999.000
202605060154,   0.158,9999.000,9999.000,9999.000,9999.000,9999.000,9999.000,9999.000,9999.000
202605060200,   0.145,9999.000,   0.500,  -0.025,   0.620,   0.500,   0.620,   0.600,   0.720
202605060206,   0.132,9999.000,9999.000,9999.000,9999.000,9999.000,9999.000,9999.000,9999.000
202605060212,   0.120,9999.000,9999.000,9999.000,9999.000,9999.000,9999.000,9999.000,9999.000
202605060218,   0.108,9999.000,9999.000,9999.000,9999.000,9999.000,9999.000,9999.000,9999.000
202605060224,   0.097,9999.000,9999.000,9999.000,9999.000,9999.000,9999.000,9999.000,9999.000
202605060230,   0.086,9999.000,9999.000,9999.000,9999.000,9999.000,9999.000,9999.000,9999.000
202605060236,   0.076,9999.000,9999.000,9999.000,9999.000,9999.000,9999.000,9999.000,9999.000
202605060242,   0.067,9999.000,9999.000,9999.000,9999.000,9999.000,9999.000,9999.000,9999.000
202605060248,   0.058,9999.000,9999.000,9999.000,9999.000,9999.000,9999.000,9999.000,9999.000
202605060254,   0.050,9999.000,9999.000,9999.000,9999.000,9999.000,9999.000,9999.000,9999.000
202605060300,   0.042,9999.000,   0.500,  -0.025,   0.517,   0.500,   0.517,   0.600,   0.617
202605060306,   0.034,9999.000,9999.000,9999.000,9999.000,9999.000,9999.000,9999.000,9999.000
202605060312,   0.027,9999.000,9999.000,9999.000,9999.000,9999.000,9999.000,9999.000,9999.000
202605060318,   0.021,9999.000,9999.000,9999.000,9999.000,9999.000,9999.000,9999.000,9999.000
202605060324,   0.015,9999.000,9999.000,9999.000,9999.000,9999.000,9999.000,9999.000,9999.000
202605060330,   0.010,9999.000,9999.000,9999.000,9999.000,9999.000,9999.000,9999.000,9999.000
202605060336,   0.005,9999.000,9999.000,9999.000,9999.000,9999.000,9999.000,9999.000,9999.000
202605060342,   0.000,9999.000,9999.000,9999.000,9999.000,9999.000,9999.000,9999.000,9999.000
202605060348,  -0.003,9999.000,9999.000,9999.000,9999.000,9999.000,9999.000,9999.000,9999.000
202605060354,  -0.006,9999.000,9999.000,9999.000,9999.000,9999.000,9999.000,9999.000,9999.000
202605060400,  -0.009,9999.000,   0.500,  -0.025,   0.466,   0.500,   0.466,   0.600,   0.566
202605060406,  -0.012,9999.000,9999.000,9999.000,9999.000,9999.000,9999.000,9999.000,9999.000
202605060412,  -0.014,9999.000,9999.000,9999.000,9999.000,9999.000,9999.000,9999.000,9999.000
202605060418,  -0.016,9999.000,9999.000,9999.000,9999.000,9999.000,9999.000,9999.000,9999.000
202605060424,  -0.017,9999.000,9999.000,9999.000,9999.000,9999.000,9999.000,9999.000,9999.000
202605060430,  -0.018,9999.000,9999.000,9999.000,9999.000,9999.000,9999.000,9999.000,9999.000
202605060436,  -0.019,9999.000,9999.000,9999.000,9999.000,9999.000,9999.000,9999.000,9999.000
202605060442,  -0.019,9999.000,9999.000,9999.000,9999.000,9999.000,9999.000,9999.000,9999.000
202605060448,  -0.019,9999.000,9999.000,9999.000,9999.000,9999.000,9999.000,9999.000,9999.000
202605060454,  -0.019,9999.000,9999.000,9999.000,9999.000,9999.000,9999.000,9999.000,9999.000
202605060500,  -0.018,9999.000,   0.500,  -0.025,   0.457,   0.500,   0.457,   0.600,   0.557
202605060506,  -0.017,9999.000,9999.000,9999.000,9999.000,9999.000,9999.000,9999.000,9999.000
202605060512,  -0.015,9999.000,9999.000,9999.000,9999.000,9999.000,9999.000,9999.000,9999.000
202605060518,  -0.013,9999.000,9999.000,9999.000,9999.000,9999.000,9999.000,9999.000,9999.000
202605060524,  -0.010,9999.000,9999.000,9999.000,9999.000,9999.000,9999.000,9999.000,9999.000
202605060530,  -0.008,9999.000,9999.000,9999.000,9999.000,9999.000,9999.000,9999.000,9999.000
202605060536,  -0.004,9999.000,9999.000,9999.000,9999.000,9999.000,9999.000,9999.000,9999.000
202605060542,  -0.001,9999.000,9999.000,9999.000,9999.000,9999.000,9999.000,9999.000,9999.000
202605060548,   0.002,9999.000,9999.000,9999.000,9999.000,9999.000,9999.000,9999.000,9999.000
202605060554,   0.007,9999.000,9999.000,9999.000,9999.000,9999.000,9999.000,9999.000,9999.000
202605060600,   0.011,9999.000,   0.500,  -0.025,   0.486,   0.500,   0.486,   0.600,   0.586
202605060606,   0.017,9999.000,9999.000,9999.000,9999.000,9999.000,9999.000,9999.000,9999.000
202605060612,   0.023,9999.000,9999.000,9999.000,9999.000,9999.000,9999.000,9999.000,9999.000
202605060618,   0.029,9999.000,9999.000,9999.000,9999.000,9999.000,9999.000,9999.000,9999.000
202605060624,   0.036,9999.000,9999.000,9999.000,9999.000,9999.000,9999.000,9999.000,9999.000
202605060630,   0.043,9999.000,9999.000,9999.000,9999.000,9999.000,9999.000,9999.000,9999.000
202605060636,   0.051,9999.000,9999.000,9999.000,9999.000,9999.000,9999.000,9999.000,9999.000
202605060642,   0.059,9999.000,9999.000,9999.000,9999.000,9999.000,9999.000,9999.000,9999.000
202605060648,   0.068,9999.000,9999.000,9999.000,9999.000,9999.000,9999.000,9999.000,9999.000
202605060654,   0.077,9999.000,9999.000,9999.000,9999.000,9999.000,9999.000,9999.000,9999.000
202605060700,   0.087,9999.000,   0.500,  -0.025,   0.562,   0.500,   0.562,   0.600,   0.662
202605060706,   0.098,9999.000,9999.000,9999.000,9999.000,9999.000,9999.000,9999.000,9999.000
202605060712,   0.109,9999.000,9999.000,9999.000,9999.000,9999.000,9999.000,9999.000,9999.000
202605060718,   0.120,9999.000,9999.000,9999.000,9999.000,9999.000,9999.000,9999.000,9999.000
202605060724,   0.133,9999.000,9999.000,9999.000,9999.000,9999.000,9999.000,9999.000,9999.000
202605060730,   0.145,9999.000,9999.000,9999.000,9999.000,9999.000,9999.000,9999.000,9999.000
202605060736,   0.158,9999.000,9999.000,9999.000,9999.000,9999.000,9999.000,9999.000,9999.000
202605060742,   0.172,9999.000,9999.000,9999.000,9999.000,9999.000,9999.000,9999.000,9999.000
202605060748,   0.186,9999.000,9999.000,9999.000,9999.000,9999.000,9999.000,9999.000,9999.000
202605060754,   0.201,9999.000,9999.000,9999.000,9999.000,9999.000,9999.000,9999.000,9999.000
202605060800,   0.216,9999.000,   0.600,  -0.025,   0.791,   0.500,   0.691,   0.700,   0.891
202605060806,   0.232,9999.000,9999.000,9999.000,9999.000,9999.000,9999.000,9999.000,9999.000
202605060812,   0.248,9999.000,9999.000,9999.000,9999.000,9999.000,9999.000,9999.000,9999.000
202605060818,   0.265,9999.000,9999.000,9999.000,9999.000,9999.000,9999.000,9999.000,9999.000
202605060824,   0.281,9999.000,9999.000,9999.000,9999.000,9999.000,9999.000,9999.000,9999.000
202605060830,   0.299,9999.000,9999.000,9999.000,9999.000,9999.000,9999.000,9999.000,9999.000
202605060836,   0.316,9999.000,9999.000,9999.000,9999.000,9999.000,9999.000,9999.000,9999.000
202605060842,   0.334,9999.000,9999.000,9999.000,9999.000,9999.000,9999.000,9999.000,9999.000
202605060848,   0.351,9999.000,9999.000,9999.000,9999.000,9999.000,9999.000,9999.000,9999.000
202605060854,   0.370,9999.000,9999.000,9999.000,9999.000,9999.000,9999.000,9999.000,9999.000
202605060900,   0.388,9999.000,   0.600,  -0.025,   0.963,   0.500,   0.863,   0.700,   1.063
202605060906,   0.406,9999.000,9999.000,9999.000,9999.000,9999.000,9999.000,9999.000,9999.000
202605060912,   0.424,9999.000,9999.000,9999.000,9999.000,9999.000,9999.000,9999.000,9999.000
202605060918,   0.443,9999.000,9999.000,9999.000,9999.000,9999.000,9999.000,9999.000,9999.000
202605060924,   0.461,9999.000,9999.000,9999.000,9999.000,9999.000,9999.000,9999.000,9999.000
202605060930,   0.479,9999.000,9999.000,9999.000,9999.000,9999.000,9999.000,9999.000,9999.000
202605060936,   0.498,9999.000,9999.000,9999.000,9999.000,9999.000,9999.000,9999.000,9999.000
202605060942,   0.516,9999.000,9999.000,9999.000,9999.000,9999.000,9999.000,9999.000,9999.000
202605060948,   0.534,9999.000,9999.000,9999.000,9999.000,9999.000,9999.000,9999.000,9999.000
202605060954,   0.552,9999.000,9999.000,9999.000,9999.000,9999.000,9999.000,9999.000,9999.000
202605061000,   0.570,9999.000,   0.600,  -0.025,   1.145,   0.500,   1.045,   0.700,   1.245
202605061006,   0.588,9999.000,9999.000,9999.000,9999.000,9999.000,9999.000,9999.000,9999.000
202605061012,   0.605,9999.000,9999.000,9999.000,9999.000,9999.000,9999.000,9999.000,9999.000
202605061018,   0.622,9999.000,9999.000,9999.000,9999.000,9999.000,9999.000,9999.000,9999.000
202605061024,   0.640,9999.000,9999.000,9999.000,9999.000,9999.000,9999.000,9999.000,9999.000
202605061030,   0.657,9999.000,9999.000,9999.000,9999.000,9999.000,9999.000,9999.000,9999.000
202605061036,   0.674,9999.000,9999.000,9999.000,9999.000,9999.000,9999.000,9999.000,9999.000
202605061042,   0.690,9999.000,9999.000,9999.000,9999.000,9999.000,9999.000,9999.000,9999.000
202605061048,   0.707,9999.000,9999.000,9999.000,9999.000,9999.000,9999.000,9999.000,9999.000
202605061054,   0.724,9999.000,9999.000,9999.000,9999.000,9999.000,9999.000,9999.000,9999.000
202605061100,   0.740,9999.000,   0.600,  -0.025,   1.315,   0.500,   1.215,   0.700,   1.415
202605061106,   0.757,9999.000,9999.000,9999.000,9999.000,9999.000,9999.000,9999.000,9999.000
202605061112,   0.773,9999.000,9999.000,9999.000,9999.000,9999.000,9999.000,9999.000,9999.000
202605061118,   0.789,9999.000,9999.000,9999.000,9999.000,9999.000,9999.000,9999.000,9999.000
202605061124,   0.806,9999.000,9999.000,9999.000,9999.000,9999.000,9999.000,9999.000,9999.000
202605061130,   0.822,9999.000,9999.000,9999.000,9999.000,9999.000,9999.000,9999.000,9999.000
202605061136,   0.839,9999.000,9999.000,9999.000,9999.000,9999.000,9999.000,9999.000,9999.000
202605061142,   0.855,9999.000,9999.000,9999.000,9999.000,9999.000,9999.000,9999.000,9999.000
202605061148,   0.872,9999.000,9999.000,9999.000,9999.000,9999.000,9999.000,9999.000,9999.000
202605061154,   0.888,9999.000,9999.000,9999.000,9999.000,9999.000,9999.000,9999.000,9999.000
202605061200,   0.905,9999.000,   0.600,  -0.025,   1.480,   0.500,   1.380,   0.600,   1.480
202605061206,   0.922,9999.000,9999.000,9999.000,9999.000,9999.000,9999.000,9999.000,9999.000
202605061212,   0.940,9999.000,9999.000,9999.000,9999.000,9999.000,9999.000,9999.000,9999.000
202605061218,   0.957,9999.000,9999.000,9999.000,9999.000,9999.000,9999.000,9999.000,9999.000
202605061224,   0.975,9999.000,9999.000,9999.000,9999.000,9999.000,9999.000,9999.000,9999.000
202605061230,   0.993,9999.000,9999.000,9999.000,9999.000,9999.000,9999.000,9999.000,9999.000
202605061236,   1.011,9999.000,9999.000,9999.000,9999.000,9999.000,9999.000,9999.000,9999.000
202605061242,   1.029,9999.000,9999.000,9999.000,9999.000,9999.000,9999.000,9999.000,9999.000
202605061248,   1.048,9999.000,9999.000,9999.000,9999.000,9999.000,9999.000,9999.000,9999.000
202605061254,   1.067,9999.000,9999.000,9999.000,9999.000,9999.000,9999.000,9999.000,9999.000
202605061300,   1.086,9999.000,   0.500,  -0.025,   1.561,   0.500,   1.561,   0.600,   1.661
202605061306,   1.105,9999.000,9999.000,9999.000,9999.000,9999.000,9999.000,9999.000,9999.000
202605061312,   1.124,9999.000,9999.000,9999.000,9999.000,9999.000,9999.000,9999.000,9999.000
202605061318,   1.144,9999.000,9999.000,9999.000,9999.000,9999.000,9999.000,9999.000,9999.000
202605061324,   1.164,9999.000,9999.000,9999.000,9999.000,9999.000,9999.000,9999.000,9999.000
202605061330,   1.184,9999.000,9999.000,9999.000,9999.000,9999.000,9999.000,9999.000,9999.000
202605061336,   1.204,9999.000,9999.000,9999.000,9999.000,9999.000,9999.000,9999.000,9999.000
202605061342,   1.224,9999.000,9999.000,9999.000,9999.000,9999.000,9999.000,9999.000,9999.000
202605061348,   1.245,9999.000,9999.000,9999.000,9999.000,9999.000,9999.000,9999.000,9999.000
202605061354,   1.265,9999.000,9999.000,9999.000,9999.000,9999.000,9999.000,9999.000,9999.000
202605061400,   1.286,9999.000,   0.500,  -0.025,   1.761,   0.400,   1.661,   0.600,   1.861
202605061406,   1.306,9999.000,9999.000,9999.000,9999.000,9999.000,9999.000,9999.000,9999.000
202605061412,   1.327,9999.000,9999.000,9999.000,9999.000,9999.000,9999.000,9999.000,9999.000
202605061418,   1.347,9999.000,9999.000,9999.000,9999.000,9999.000,9999.000,9999.000,9999.000
202605061424,   1.368,9999.000,9999.000,9999.000,9999.000,9999.000,9999.000,9999.000,9999.000
202605061430,   1.388,9999.000,9999.000,9999.000,9999.000,9999.000,9999.000,9999.000,9999.000
202605061436,   1.408,9999.000,9999.000,9999.000,9999.000,9999.000,9999.000,9999.000,9999.000
202605061442,   1.428,9999.000,9999.000,9999.000,9999.000,9999.000,9999.000,9999.000,9999.000
202605061448,   1.448,9999.000,9999.000,9999.000,9999.000,9999.000,9999.000,9999.000,9999.000
202605061454,   1.468,9999.000,9999.000,9999.000,9999.000,9999.000,9999.000,9999.000,9999.000
202605061500,   1.487,9999.000,   0.500,  -0.025,   1.962,   0.400,   1.862,   0.500,   1.962
202605061506,   1.506,9999.000,9999.000,9999.000,9999.000,9999.000,9999.000,9999.000,9999.000
202605061512,   1.525,9999.000,9999.000,9999.000,9999.000,9999.000,9999.000,9999.000,9999.000
202605061518,   1.544,9999.000,9999.000,9999.000,9999.000,9999.000,9999.000,9999.000,9999.000
202605061524,   1.562,9999.000,9999.000,9999.000,9999.000,9999.000,9999.000,9999.000,9999.000
202605061530,   1.580,9999.000,9999.000,9999.000,9999.000,9999.000,9999.000,9999.000,9999.000
202605061536,   1.597,9999.000,9999.000,9999.000,9999.000,9999.000,9999.000,9999.000,9999.000
202605061542,   1.614,9999.000,9999.000,9999.000,9999.000,9999.000,9999.000,9999.000,9999.000
202605061548,   1.630,9999.000,9999.000,9999.000,9999.000,9999.000,9999.000,9999.000,9999.000
202605061554,   1.646,9999.000,9999.000,9999.000,9999.000,9999.000,9999.000,9999.000,9999.000
202605061600,   1.661,9999.000,   0.400,  -0.025,   2.036,   0.400,   2.036,   0.500,   2.136
202605061606,   1.676,9999.000,9999.000,9999.000,9999.000,9999.000,9999.000,9999.000,9999.000
202605061612,   1.690,9999.000,9999.000,9999.000,9999.000,9999.000,9999.000,9999.000,9999.000
202605061618,   1.704,9999.000,9999.000,9999.000,9999.000,9999.000,9999.000,9999.000,9999.000
202605061624,   1.717,9999.000,9999.000,9999.000,9999.000,9999.000,9999.000,9999.000,9999.000
202605061630,   1.729,9999.000,9999.000,9999.000,9999.000,9999.000,9999.000,9999.000,9999.000
202605061636,   1.740,9999.000,9999.000,9999.000,9999.000,9999.000,9999.000,9999.000,9999.000
202605061642,   1.751,9999.000,9999.000,9999.000,9999.000,9999.000,9999.000,9999.000,9999.000
202605061648,   1.761,9999.000,9999.000,9999.000,9999.000,9999.000,9999.000,9999.000,9999.000
202605061654,   1.770,9999.000,9999.000,9999.000,9999.000,9999.000,9999.000,9999.000,9999.000
202605061700,   1.778,9999.000,   0.400,  -0.025,   2.153,   0.300,   2.053,   0.500,   2.253
202605061706,   1.785,9999.000,9999.000,9999.000,9999.000,9999.000,9999.000,9999.000,9999.000
202605061712,   1.792,9999.000,9999.000,9999.000,9999.000,9999.000,9999.000,9999.000,9999.000
202605061718,   1.797,9999.000,9999.000,9999.000,9999.000,9999.000,9999.000,9999.000,9999.000
202605061724,   1.802,9999.000,9999.000,9999.000,9999.000,9999.000,9999.000,9999.000,9999.000
202605061730,   1.806,9999.000,9999.000,9999.000,9999.000,9999.000,9999.000,9999.000,9999.000
202605061736,   1.809,9999.000,9999.000,9999.000,9999.000,9999.000,9999.000,9999.000,9999.000
202605061742,   1.811,9999.000,9999.000,9999.000,9999.000,9999.000,9999.000,9999.000,9999.000
202605061748,   1.813,9999.000,9999.000,9999.000,9999.000,9999.000,9999.000,9999.000,9999.000
202605061754,   1.813,9999.000,9999.000,9999.000,9999.000,9999.000,9999.000,9999.000,9999.000
202605061800,   1.812,9999.000,   0.400,  -0.025,   2.187,   0.300,   2.087,   0.500,   2.287
202605061806,   1.811,9999.000,9999.000,9999.000,9999.000,9999.000,9999.000,9999.000,9999.000
202605061812,   1.808,9999.000,9999.000,9999.000,9999.000,9999.000,9999.000,9999.000,9999.000
202605061818,   1.805,9999.000,9999.000,9999.000,9999.000,9999.000,9999.000,9999.000,9999.000
202605061824,   1.801,9999.000,9999.000,9999.000,9999.000,9999.000,9999.000,9999.000,9999.000
202605061830,   1.796,9999.000,9999.000,9999.000,9999.000,9999.000,9999.000,9999.000,9999.000
202605061836,   1.790,9999.000,9999.000,9999.000,9999.000,9999.000,9999.000,9999.000,9999.000
202605061842,   1.783,9999.000,9999.000,9999.000,9999.000,9999.000,9999.000,9999.000,9999.000
202605061848,   1.776,9999.000,9999.000,9999.000,9999.000,9999.000,9999.000,9999.000,9999.000
202605061854,   1.767,9999.000,9999.000,9999.000,9999.000,9999.000,9999.000,9999.000,9999.000
202605061900,   1.758,9999.000,   0.400,  -0.025,   2.133,   0.300,   2.033,   0.400,   2.133
202605061906,   1.749,9999.000,9999.000,9999.000,9999.000,9999.000,9999.000,9999.000,9999.000
202605061912,   1.738,9999.000,9999.000,9999.000,9999.000,9999.000,9999.000,9999.000,9999.000
202605061918,   1.727,9999.000,9999.000,9999.000,9999.000,9999.000,9999.000,9999.000,9999.000
202605061924,   1.715,9999.000,9999.000,9999.000,9999.000,9999.000,9999.000,9999.000,9999.000
202605061930,   1.703,9999.000,9999.000,9999.000,9999.000,9999.000,9999.000,9999.000,9999.000
202605061936,   1.690,9999.000,9999.000,9999.000,9999.000,9999.000,9999.000,9999.000,9999.000
202605061942,   1.676,9999.000,9999.000,9999.000,9999.000,9999.000,9999.000,9999.000,9999.000
202605061948,   1.662,9999.000,9999.000,9999.000,9999.000,9999.000,9999.000,9999.000,9999.000
202605061954,   1.647,9999.000,9999.000,9999.000,9999.000,9999.000,9999.000,9999.000,9999.000
202605062000,   1.632,9999.000,   0.400,  -0.025,   2.007,   0.400,   2.007,   0.500,   2.107
202605062006,   1.617,9999.000,9999.000,9999.000,9999.000,9999.000,9999.000,9999.000,9999.000
202605062012,   1.600,9999.000,9999.000,9999.000,9999.000,9999.000,9999.000,9999.000,9999.000
202605062018,   1.584,9999.000,9999.000,9999.000,9999.000,9999.000,9999.000,9999.000,9999.000
202605062024,   1.567,9999.000,9999.000,9999.000,9999.000,9999.000,9999.000,9999.000,9999.000
202605062030,   1.549,9999.000,9999.000,9999.000,9999.000,9999.000,9999.000,9999.000,9999.000
202605062036,   1.531,9999.000,9999.000,9999.000,9999.000,9999.000,9999.000,9999.000,9999.000
202605062042,   1.513,9999.000,9999.000,9999.000,9999.000,9999.000,9999.000,9999.000,9999.000
202605062048,   1.494,9999.000,9999.000,9999.000,9999.000,9999.000,9999.000,9999.000,9999.000
202605062054,   1.475,9999.000,9999.000,9999.000,9999.000,9999.000,9999.000,9999.000,9999.000
202605062100,   1.455,9999.000,   0.400,  -0.025,   1.830,   0.400,   1.830,   0.500,   1.930
202605062106,   1.435,9999.000,9999.000,9999.000,9999.000,9999.000,9999.000,9999.000,9999.000
202605062112,   1.415,9999.000,9999.000,9999.000,9999.000,9999.000,9999.000,9999.000,9999.000
202605062118,   1.394,9999.000,9999.000,9999.000,9999.000,9999.000,9999.000,9999.000,9999.000
202605062124,   1.373,9999.000,9999.000,9999.000,9999.000,9999.000,9999.000,9999.000,9999.000
202605062130,   1.352,9999.000,9999.000,9999.000,9999.000,9999.000,9999.000,9999.000,9999.000
202605062136,   1.330,9999.000,9999.000,9999.000,9999.000,9999.000,9999.000,9999.000,9999.000
202605062142,   1.308,9999.000,9999.000,9999.000,9999.000,9999.000,9999.000,9999.000,9999.000
202605062148,   1.285,9999.000,9999.000,9999.000,9999.000,9999.000,9999.000,9999.000,9999.000
202605062154,   1.262,9999.000,9999.000,9999.000,9999.000,9999.000,9999.000,9999.000,9999.000
202605062200,   1.239,9999.000,   0.500,  -0.025,   1.714,   0.400,   1.614,   0.500,   1.714
202605062206,   1.215,9999.000,9999.000,9999.000,9999.000,9999.000,9999.000,9999.000,9999.000
202605062212,   1.191,9999.000,9999.000,9999.000,9999.000,9999.000,9999.000,9999.000,9999.000
202605062218,   1.167,9999.000,9999.000,9999.000,9999.000,9999.000,9999.000,9999.000,9999.000
202605062224,   1.142,9999.000,9999.000,9999.000,9999.000,9999.000,9999.000,9999.000,9999.000
202605062230,   1.118,9999.000,9999.000,9999.000,9999.000,9999.000,9999.000,9999.000,9999.000
202605062236,   1.092,9999.000,9999.000,9999.000,9999.000,9999.000,9999.000,9999.000,9999.000
202605062242,   1.067,9999.000,9999.000,9999.000,9999.000,9999.000,9999.000,9999.000,9999.000
202605062248,   1.042,9999.000,9999.000,9999.000,9999.000,9999.000,9999.000,9999.000,9999.000
202605062254,   1.016,9999.000,9999.000,9999.000,9999.000,9999.000,9999.000,9999.000,9999.000
202605062300,   0.990,9999.000,   0.500,  -0.025,   1.465,   0.400,   1.365,   0.600,   1.565
202605062306,   0.965,9999.000,9999.000,9999.000,9999.000,9999.000,9999.000,9999.000,9999.000
202605062312,   0.939,9999.000,9999.000,9999.000,9999.000,9999.000,9999.000,9999.000,9999.000
202605062318,   0.913,9999.000,9999.000,9999.000,9999.000,9999.000,9999.000,9999.000,9999.000
202605062324,   0.887,9999.000,9999.000,9999.000,9999.000,9999.000,9999.000,9999.000,9999.000
202605062330,   0.861,9999.000,9999.000,9999.000,9999.000,9999.000,9999.000,9999.000,9999.000
202605062336,   0.835,9999.000,9999.000,9999.000,9999.000,9999.000,9999.000,9999.000,9999.000
202605062342,   0.810,9999.000,9999.000,9999.000,9999.000,9999.000,9999.000,9999.000,9999.000
202605062348,   0.784,9999.000,9999.000,9999.000,9999.000,9999.000,9999.000,9999.000,9999.000
202605062354,   0.760,9999.000,9999.000,9999.000,9999.000,9999.000,9999.000,9999.000,9999.000
202605070000,   0.734,9999.000,   0.600,  -0.025,   1.309,   0.500,   1.209,   0.600,   1.309
202605070006,   0.709,9999.000,9999.000,9999.000,9999.000,9999.000,9999.000,9999.000,9999.000
202605070012,   0.684,9999.000,9999.000,9999.000,9999.000,9999.000,9999.000,9999.000,9999.000
202605070018,   0.660,9999.000,9999.000,9999.000,9999.000,9999.000,9999.000,9999.000,9999.000
202605070024,   0.636,9999.000,9999.000,9999.000,9999.000,9999.000,9999.000,9999.000,9999.000
202605070030,   0.613,9999.000,9999.000,9999.000,9999.000,9999.000,9999.000,9999.000,9999.000
202605070036,   0.590,9999.000,9999.000,9999.000,9999.000,9999.000,9999.000,9999.000,9999.000
202605070042,   0.567,9999.000,9999.000,9999.000,9999.000,9999.000,9999.000,9999.000,9999.000
202605070048,   0.545,9999.000,9999.000,9999.000,9999.000,9999.000,9999.000,9999.000,9999.000
202605070054,   0.523,9999.000,9999.000,9999.000,9999.000,9999.000,9999.000,9999.000,9999.000
202605070100,   0.501,9999.000,   0.600,  -0.025,   1.076,   0.500,   0.976,   0.700,   1.176
202605070106,   0.481,9999.000,9999.000,9999.000,9999.000,9999.000,9999.000,9999.000,9999.000
202605070112,   0.460,9999.000,9999.000,9999.000,9999.000,9999.000,9999.000,9999.000,9999.000
202605070118,   0.440,9999.000,9999.000,9999.000,9999.000,9999.000,9999.000,9999.000,9999.000
202605070124,   0.421,9999.000,9999.000,9999.000,9999.000,9999.000,9999.000,9999.000,9999.000
202605070130,   0.401,9999.000,9999.000,9999.000,9999.000,9999.000,9999.000,9999.000,9999.000
202605070136,   0.383,9999.000,9999.000,9999.000,9999.000,9999.000,9999.000,9999.000,9999.000
202605070142,   0.365,9999.000,9999.000,9999.000,9999.000,9999.000,9999.000,9999.000,9999.000
202605070148,   0.347,9999.000,9999.000,9999.000,9999.000,9999.000,9999.000,9999.000,9999.000
202605070154,   0.330,9999.000,9999.000,9999.000,9999.000,9999.000,9999.000,9999.000,9999.000
202605070200,   0.313,9999.000,   0.600,  -0.025,   0.888,   0.500,   0.788,   0.700,   0.988
202605070206,   0.297,9999.000,9999.000,9999.000,9999.000,9999.000,9999.000,9999.000,9999.000
202605070212,   0.281,9999.000,9999.000,9999.000,9999.000,9999.000,9999.000,9999.000,9999.000
202605070218,   0.265,9999.000,9999.000,9999.000,9999.000,9999.000,9999.000,9999.000,9999.000
202605070224,   0.250,9999.000,9999.000,9999.000,9999.000,9999.000,9999.000,9999.000,9999.000
202605070230,   0.236,9999.000,9999.000,9999.000,9999.000,9999.000,9999.000,9999.000,9999.000
202605070236,   0.222,9999.000,9999.000,9999.000,9999.000,9999.000,9999.000,9999.000,9999.000
202605070242,   0.208,9999.000,9999.000,9999.000,9999.000,9999.000,9999.000,9999.000,9999.000
202605070248,   0.194,9999.000,9999.000,9999.000,9999.000,9999.000,9999.000,9999.000,9999.000
202605070254,   0.181,9999.000,9999.000,9999.000,9999.000,9999.000,9999.000,9999.000,9999.000
202605070300,   0.169,9999.000,   0.600,  -0.025,   0.744,   0.500,   0.644,   0.700,   0.844
202605070306,   0.156,9999.000,9999.000,9999.000,9999.000,9999.000,9999.000,9999.000,9999.000
202605070312,   0.145,9999.000,9999.000,9999.000,9999.000,9999.000,9999.000,9999.000,9999.000
202605070318,   0.133,9999.000,9999.000,9999.000,9999.000,9999.000,9999.000,9999.000,9999.000
202605070324,   0.122,9999.000,9999.000,9999.000,9999.000,9999.000,9999.000,9999.000,9999.000
202605070330,   0.111,9999.000,9999.000,9999.000,9999.000,9999.000,9999.000,9999.000,9999.000
202605070336,   0.101,9999.000,9999.000,9999.000,9999.000,9999.000,9999.000,9999.000,9999.000
202605070342,   0.091,9999.000,9999.000,9999.000,9999.000,9999.000,9999.000,9999.000,9999.000
202605070348,   0.082,9999.000,9999.000,9999.000,9999.000,9999.000,9999.000,9999.000,9999.000
202605070354,   0.073,9999.000,9999.000,9999.000,9999.000,9999.000,9999.000,9999.000,9999.000
202605070400,   0.065,9999.000,   0.600,  -0.025,   0.640,   0.500,   0.540,   0.700,   0.740
202605070406,   0.056,9999.000,9999.000,9999.000,9999.000,9999.000,9999.000,9999.000,9999.000
202605070412,   0.049,9999.000,9999.000,9999.000,9999.000,9999.000,9999.000,9999.000,9999.000
202605070418,   0.042,9999.000,9999.000,9999.000,9999.000,9999.000,9999.000,9999.000,9999.000
202605070424,   0.035,9999.000,9999.000,9999.000,9999.000,9999.000,9999.000,9999.000,9999.000
202605070430,   0.028,9999.000,9999.000,9999.000,9999.000,9999.000,9999.000,9999.000,9999.000
202605070436,   0.023,9999.000,9999.000,9999.000,9999.000,9999.000,9999.000,9999.000,9999.000
202605070442,   0.017,9999.000,9999.000,9999.000,9999.000,9999.000,9999.000,9999.000,9999.000
202605070448,   0.012,9999.000,9999.000,9999.000,9999.000,9999.000,9999.000,9999.000,9999.000
202605070454,   0.008,9999.000,9999.000,9999.000,9999.000,9999.000,9999.000,9999.000,9999.000
202605070500,   0.004,9999.000,   0.500,  -0.025,   0.479,   0.500,   0.479,   0.600,   0.579
202605070506,   0.001,9999.000,9999.000,9999.000,9999.000,9999.000,9999.000,9999.000,9999.000
202605070512,  -0.001,9999.000,9999.000,9999.000,9999.000,9999.000,9999.000,9999.000,9999.000
202605070518,  -0.003,9999.000,9999.000,9999.000,9999.000,9999.000,9999.000,9999.000,9999.000
202605070524,  -0.005,9999.000,9999.000,9999.000,9999.000,9999.000,9999.000,9999.000,9999.000
202605070530,  -0.007,9999.000,9999.000,9999.000,9999.000,9999.000,9999.000,9999.000,9999.000
202605070536,  -0.008,9999.000,9999.000,9999.000,9999.000,9999.000,9999.000,9999.000,9999.000
202605070542,  -0.008,9999.000,9999.000,9999.000,9999.000,9999.000,9999.000,9999.000,9999.000
202605070548,  -0.008,9999.000,9999.000,9999.000,9999.000,9999.000,9999.000,9999.000,9999.000
202605070554,  -0.007,9999.000,9999.000,9999.000,9999.000,9999.000,9999.000,9999.000,9999.000
202605070600,  -0.006,9999.000,   0.500,  -0.025,   0.469,   0.500,   0.469,   0.600,   0.569
202605070606,  -0.005,9999.000,9999.000,9999.000,9999.000,9999.000,9999.000,9999.000,9999.000
202605070612,  -0.002,9999.000,9999.000,9999.000,9999.000,9999.000,9999.000,9999.000,9999.000
202605070618,   0.000,9999.000,9999.000,9999.000,9999.000,9999.000,9999.000,9999.000,9999.000
202605070624,   0.002,9999.000,9999.000,9999.000,9999.000,9999.000,9999.000,9999.000,9999.000
202605070630,   0.006,9999.000,9999.000,9999.000,9999.000,9999.000,9999.000,9999.000,9999.000
202605070636,   0.010,9999.000,9999.000,9999.000,9999.000,9999.000,9999.000,9999.000,9999.000
202605070642,   0.015,9999.000,9999.000,9999.000,9999.000,9999.000,9999.000,9999.000,9999.000
202605070648,   0.020,9999.000,9999.000,9999.000,9999.000,9999.000,9999.000,9999.000,9999.000
202605070654,   0.026,9999.000,9999.000,9999.000,9999.000,9999.000,9999.000,9999.000,9999.000
202605070700,   0.032,9999.000,   0.500,  -0.025,   0.507,   0.400,   0.407,   0.600,   0.607
202605070706,   0.039,9999.000,9999.000,9999.000,9999.000,9999.000,9999.000,9999.000,9999.000
202605070712,   0.046,9999.000,9999.000,9999.000,9999.000,9999.000,9999.000,9999.000,9999.000
202605070718,   0.054,9999.000,9999.000,9999.000,9999.000,9999.000,9999.000,9999.000,9999.000
202605070724,   0.062,9999.000,9999.000,9999.000,9999.000,9999.000,9999.000,9999.000,9999.000
202605070730,   0.071,9999.000,9999.000,9999.000,9999.000,9999.000,9999.000,9999.000,9999.000
202605070736,   0.081,9999.000,9999.000,9999.000,9999.000,9999.000,9999.000,9999.000,9999.000
202605070742,   0.091,9999.000,9999.000,9999.000,9999.000,9999.000,9999.000,9999.000,9999.000
202605070748,   0.101,9999.000,9999.000,9999.000,9999.000,9999.000,9999.000,9999.000,9999.000
202605070754,   0.112,9999.000,9999.000,9999.000,9999.000,9999.000,9999.000,9999.000,9999.000
202605070800,   0.123,9999.000,   0.500,  -0.025,   0.598,   0.500,   0.598,   0.600,   0.698
202605070806,   0.135,9999.000,9999.000,9999.000,9999.000,9999.000,9999.000,9999.000,9999.000
202605070812,   0.148,9999.000,9999.000,9999.000,9999.000,9999.000,9999.000,9999.000,9999.000
202605070818,   0.161,9999.000,9999.000,9999.000,9999.000,9999.000,9999.000,9999.000,9999.000
202605070824,   0.174,9999.000,9999.000,9999.000,9999.000,9999.000,9999.000,9999.000,9999.000
202605070830,   0.188,9999.000,9999.000,9999.000,9999.000,9999.000,9999.000,9999.000,9999.000
202605070836,   0.202,9999.000,9999.000,9999.000,9999.000,9999.000,9999.000,9999.000,9999.000
202605070842,   0.217,9999.000,9999.000,9999.000,9999.000,9999.000,9999.000,9999.000,9999.000
202605070848,   0.232,9999.000,9999.000,9999.000,9999.000,9999.000,9999.000,9999.000,9999.000
202605070854,   0.247,9999.000,9999.000,9999.000,9999.000,9999.000,9999.000,9999.000,9999.000
202605070900,   0.263,9999.000,   0.500,  -0.025,   0.738,   0.500,   0.738,   0.600,   0.838
202605070906,   0.279,9999.000,9999.000,9999.000,9999.000,9999.000,9999.000,9999.000,9999.000
202605070912,   0.295,9999.000,9999.000,9999.000,9999.000,9999.000,9999.000,9999.000,9999.000
202605070918,   0.312,9999.000,9999.000,9999.000,9999.000,9999.000,9999.000,9999.000,9999.000
202605070924,   0.329,9999.000,9999.000,9999.000,9999.000,9999.000,9999.000,9999.000,9999.000
202605070930,   0.346,9999.000,9999.000,9999.000,9999.000,9999.000,9999.000,9999.000,9999.000
202605070936,   0.363,9999.000,9999.000,9999.000,9999.000,9999.000,9999.000,9999.000,9999.000
202605070942,   0.380,9999.000,9999.000,9999.000,9999.000,9999.000,9999.000,9999.000,9999.000
202605070948,   0.398,9999.000,9999.000,9999.000,9999.000,9999.000,9999.000,9999.000,9999.000
202605070954,   0.415,9999.000,9999.000,9999.000,9999.000,9999.000,9999.000,9999.000,9999.000
202605071000,   0.433,9999.000,   0.500,  -0.025,   0.908,   0.500,   0.908,   0.600,   1.008
202605071006,   0.451,9999.000,9999.000,9999.000,9999.000,9999.000,9999.000,9999.000,9999.000
202605071012,   0.468,9999.000,9999.000,9999.000,9999.000,9999.000,9999.000,9999.000,9999.000
202605071018,   0.486,9999.000,9999.000,9999.000,9999.000,9999.000,9999.000,9999.000,9999.000
202605071024,   0.503,9999.000,9999.000,9999.000,9999.000,9999.000,9999.000,9999.000,9999.000
202605071030,   0.521,9999.000,9999.000,9999.000,9999.000,9999.000,9999.000,9999.000,9999.000
202605071036,   0.538,9999.000,9999.000,9999.000,9999.000,9999.000,9999.000,9999.000,9999.000
202605071042,   0.556,9999.000,9999.000,9999.000,9999.000,9999.000,9999.000,9999.000,9999.000
202605071048,   0.573,9999.000,9999.000,9999.000,9999.000,9999.000,9999.000,9999.000,9999.000
202605071054,   0.590,9999.000,9999.000,9999.000,9999.000,9999.000,9999.000,9999.000,9999.000
202605071100,   0.608,9999.000,   0.500,  -0.025,   1.083,   0.500,   1.083,   0.600,   1.183
202605071106,   0.625,9999.000,9999.000,9999.000,9999.000,9999.000,9999.000,9999.000,9999.000
202605071112,   0.642,9999.000,9999.000,9999.000,9999.000,9999.000,9999.000,9999.000,9999.000
202605071118,   0.659,9999.000,9999.000,9999.000,9999.000,9999.000,9999.000,9999.000,9999.000
202605071124,   0.676,9999.000,9999.000,9999.000,9999.000,9999.000,9999.000,9999.000,9999.000
202605071130,   0.692,9999.000,9999.000,9999.000,9999.000,9999.000,9999.000,9999.000,9999.000
202605071136,   0.709,9999.000,9999.000,9999.000,9999.000,9999.000,9999.000,9999.000,9999.000
202605071142,   0.726,9999.000,9999.000,9999.000,9999.000,9999.000,9999.000,9999.000,9999.000
202605071148,   0.743,9999.000,9999.000,9999.000,9999.000,9999.000,9999.000,9999.000,9999.000
202605071154,   0.760,9999.000,9999.000,9999.000,9999.000,9999.000,9999.000,9999.000,9999.000
202605071200,   0.777,9999.000,   0.500,  -0.025,   1.252,   0.500,   1.252,   0.600,   1.352
202605071206,   0.794,9999.000,9999.000,9999.000,9999.000,9999.000,9999.000,9999.000,9999.000
202605071212,   0.811,9999.000,9999.000,9999.000,9999.000,9999.000,9999.000,9999.000,9999.000
202605071218,   0.828,9999.000,9999.000,9999.000,9999.000,9999.000,9999.000,9999.000,9999.000
202605071224,   0.845,9999.000,9999.000,9999.000,9999.000,9999.000,9999.000,9999.000,9999.000
202605071230,   0.862,9999.000,9999.000,9999.000,9999.000,9999.000,9999.000,9999.000,9999.000
202605071236,   0.880,9999.000,9999.000,9999.000,9999.000,9999.000,9999.000,9999.000,9999.000
202605071242,   0.898,9999.000,9999.000,9999.000,9999.000,9999.000,9999.000,9999.000,9999.000
202605071248,   0.915,9999.000,9999.000,9999.000,9999.000,9999.000,9999.000,9999.000,9999.000
202605071254,   0.933,9999.000,9999.000,9999.000,9999.000,9999.000,9999.000,9999.000,9999.000
202605071300,   0.951,9999.000,   0.500,  -0.025,   1.426,   0.400,   1.326,   0.600,   1.526
202605071306,   0.970,9999.000,9999.000,9999.000,9999.000,9999.000,9999.000,9999.000,9999.000
202605071312,   0.988,9999.000,9999.000,9999.000,9999.000,9999.000,9999.000,9999.000,9999.000
202605071318,   1.007,9999.000,9999.000,9999.000,9999.000,9999.000,9999.000,9999.000,9999.000
202605071324,   1.026,9999.000,9999.000,9999.000,9999.000,9999.000,9999.000,9999.000,9999.000
202605071330,   1.045,9999.000,9999.000,9999.000,9999.000,9999.000,9999.000,9999.000,9999.000
202605071336,   1.064,9999.000,9999.000,9999.000,9999.000,9999.000,9999.000,9999.000,9999.000
202605071342,   1.083,9999.000,9999.000,9999.000,9999.000,9999.000,9999.000,9999.000,9999.000
202605071348,   1.102,9999.000,9999.000,9999.000,9999.000,9999.000,9999.000,9999.000,9999.000
202605071354,   1.122,9999.000,9999.000,9999.000,9999.000,9999.000,9999.000,9999.000,9999.000
202605071400,   1.141,9999.000,   0.500,  -0.025,   1.616,   0.400,   1.516,   0.500,   1.616
202605071406,   1.161,9999.000,9999.000,9999.000,9999.000,9999.000,9999.000,9999.000,9999.000
202605071412,   1.180,9999.000,9999.000,9999.000,9999.000,9999.000,9999.000,9999.000,9999.000
202605071418,   1.200,9999.000,9999.000,9999.000,9999.000,9999.000,9999.000,9999.000,9999.000
202605071424,   1.220,9999.000,9999.000,9999.000,9999.000,9999.000,9999.000,9999.000,9999.000
202605071430,   1.239,9999.000,9999.000,9999.000,9999.000,9999.000,9999.000,9999.000,9999.000
202605071436,   1.259,9999.000,9999.000,9999.000,9999.000,9999.000,9999.000,9999.000,9999.000
202605071442,   1.278,9999.000,9999.000,9999.000,9999.000,9999.000,9999.000,9999.000,9999.000
202605071448,   1.298,9999.000,9999.000,9999.000,9999.000,9999.000,9999.000,9999.000,9999.000
202605071454,   1.317,9999.000,9999.000,9999.000,9999.000,9999.000,9999.000,9999.000,9999.000
202605071500,   1.336,9999.000,   0.400,  -0.025,   1.711,   0.300,   1.611,   0.500,   1.811
202605071506,   1.355,9999.000,9999.000,9999.000,9999.000,9999.000,9999.000,9999.000,9999.000
202605071512,   1.373,9999.000,9999.000,9999.000,9999.000,9999.000,9999.000,9999.000,9999.000
202605071518,   1.392,9999.000,9999.000,9999.000,9999.000,9999.000,9999.000,9999.000,9999.000
202605071524,   1.410,9999.000,9999.000,9999.000,9999.000,9999.000,9999.000,9999.000,9999.000
202605071530,   1.428,9999.000,9999.000,9999.000,9999.000,9999.000,9999.000,9999.000,9999.000
202605071536,   1.445,9999.000,9999.000,9999.000,9999.000,9999.000,9999.000,9999.000,9999.000
202605071542,   1.463,9999.000,9999.000,9999.000,9999.000,9999.000,9999.000,9999.000,9999.000
202605071548,   1.479,9999.000,9999.000,9999.000,9999.000,9999.000,9999.000,9999.000,9999.000
202605071554,   1.496,9999.000,9999.000,9999.000,9999.000,9999.000,9999.000,9999.000,9999.000
202605071600,   1.512,9999.000,   0.400,  -0.025,   1.887,   0.300,   1.787,   0.500,   1.987
202605071606,   1.528,9999.000,9999.000,9999.000,9999.000,9999.000,9999.000,9999.000,9999.000
202605071612,   1.543,9999.000,9999.000,9999.000,9999.000,9999.000,9999.000,9999.000,9999.000
202605071618,   1.559,9999.000,9999.000,9999.000,9999.000,9999.000,9999.000,9999.000,9999.000
202605071624,   1.573,9999.000,9999.000,9999.000,9999.000,9999.000,9999.000,9999.000,9999.000
202605071630,   1.587,9999.000,9999.000,9999.000,9999.000,9999.000,9999.000,9999.000,9999.000
202605071636,   1.601,9999.000,9999.000,9999.000,9999.000,9999.000,9999.000,9999.000,9999.000
202605071642,   1.614,9999.000,9999.000,9999.000,9999.000,9999.000,9999.000,9999.000,9999.000
202605071648,   1.627,9999.000,9999.000,9999.000,9999.000,9999.000,9999.000,9999.000,9999.000
202605071654,   1.639,9999.000,9999.000,9999.000,9999.000,9999.000,9999.000,9999.000,9999.000
202605071700,   1.651,9999.000,   0.400,  -0.025,   2.026,   0.300,   1.926,   0.500,   2.126
202605071706,   1.662,9999.000,9999.000,9999.000,9999.000,9999.000,9999.000,9999.000,9999.000
202605071712,   1.672,9999.000,9999.000,9999.000,9999.000,9999.000,9999.000,9999.000,9999.000
202605071718,   1.682,9999.000,9999.000,9999.000,9999.000,9999.000,9999.000,9999.000,9999.000
202605071724,   1.692,9999.000,9999.000,9999.000,9999.000,9999.000,9999.000,9999.000,9999.000
202605071730,   1.700,9999.000,9999.000,9999.000,9999.000,9999.000,9999.000,9999.000,9999.000
202605071736,   1.709,9999.000,9999.000,9999.000,9999.000,9999.000,9999.000,9999.000,9999.000
202605071742,   1.716,9999.000,9999.000,9999.000,9999.000,9999.000,9999.000,9999.000,9999.000
202605071748,   1.723,9999.000,9999.000,9999.000,9999.000,9999.000,9999.000,9999.000,9999.000
202605071754,   1.729,9999.000,9999.000,9999.000,9999.000,9999.000,9999.000,9999.000,9999.000
202605071800,   1.735,9999.000,   0.400,  -0.025,   2.110,   0.200,   1.910,   0.500,   2.210
202605071806,   1.739,9999.000,9999.000,9999.000,9999.000,9999.000,9999.000,9999.000,9999.000
202605071812,   1.743,9999.000,9999.000,9999.000,9999.000,9999.000,9999.000,9999.000,9999.000
202605071818,   1.747,9999.000,9999.000,9999.000,9999.000,9999.000,9999.000,9999.000,9999.000
202605071824,   1.749,9999.000,9999.000,9999.000,9999.000,9999.000,9999.000,9999.000,9999.000
202605071830,   1.751,9999.000,9999.000,9999.000,9999.000,9999.000,9999.000,9999.000,9999.000
202605071836,   1.752,9999.000,9999.000,9999.000,9999.000,9999.000,9999.000,9999.000,9999.000
202605071842,   1.752,9999.000,9999.000,9999.000,9999.000,9999.000,9999.000,9999.000,9999.000
202605071848,   1.752,9999.000,9999.000,9999.000,9999.000,9999.000,9999.000,9999.000,9999.000
202605071854,   1.750,9999.000,9999.000,9999.000,9999.000,9999.000,9999.000,9999.000,9999.000
202605071900,   1.748,9999.000,   0.400,  -0.025,   2.123,   0.200,   1.923,   0.500,   2.223
202605071906,   1.746,9999.000,9999.000,9999.000,9999.000,9999.000,9999.000,9999.000,9999.000
202605071912,   1.742,9999.000,9999.000,9999.000,9999.000,9999.000,9999.000,9999.000,9999.000
202605071918,   1.737,9999.000,9999.000,9999.000,9999.000,9999.000,9999.000,9999.000,9999.000
202605071924,   1.732,9999.000,9999.000,9999.000,9999.000,9999.000,9999.000,9999.000,9999.000
202605071930,   1.726,9999.000,9999.000,9999.000,9999.000,9999.000,9999.000,9999.000,9999.000
202605071936,   1.720,9999.000,9999.000,9999.000,9999.000,9999.000,9999.000,9999.000,9999.000
202605071942,   1.712,9999.000,9999.000,9999.000,9999.000,9999.000,9999.000,9999.000,9999.000
202605071948,   1.704,9999.000,9999.000,9999.000,9999.000,9999.000,9999.000,9999.000,9999.000
202605071954,   1.695,9999.000,9999.000,9999.000,9999.000,9999.000,9999.000,9999.000,9999.000
202605072000,   1.686,9999.000,   0.400,  -0.025,   2.061,   0.200,   1.861,   0.500,   2.161
202605072006,   1.675,9999.000,9999.000,9999.000,9999.000,9999.000,9999.000,9999.000,9999.000
202605072012,   1.664,9999.000,9999.000,9999.000,9999.000,9999.000,9999.000,9999.000,9999.000
202605072018,   1.653,9999.000,9999.000,9999.000,9999.000,9999.000,9999.000,9999.000,9999.000
202605072024,   1.641,9999.000,9999.000,9999.000,9999.000,9999.000,9999.000,9999.000,9999.000
202605072030,   1.628,9999.000,9999.000,9999.000,9999.000,9999.000,9999.000,9999.000,9999.000
202605072036,   1.615,9999.000,9999.000,9999.000,9999.000,9999.000,9999.000,9999.000,9999.000
202605072042,   1.601,9999.000,9999.000,9999.000,9999.000,9999.000,9999.000,9999.000,9999.000
202605072048,   1.586,9999.000,9999.000,9999.000,9999.000,9999.000,9999.000,9999.000,9999.000
202605072054,   1.572,9999.000,9999.000,9999.000,9999.000,9999.000,9999.000,9999.000,9999.000
202605072100,   1.556,9999.000,   0.400,  -0.025,   1.931,   0.200,   1.731,   0.500,   2.031
202605072106,   1.540,9999.000,9999.000,9999.000,9999.000,9999.000,9999.000,9999.000,9999.000
202605072112,   1.524,9999.000,9999.000,9999.000,9999.000,9999.000,9999.000,9999.000,9999.000
202605072118,   1.507,9999.000,9999.000,9999.000,9999.000,9999.000,9999.000,9999.000,9999.000
202605072124,   1.490,9999.000,9999.000,9999.000,9999.000,9999.000,9999.000,9999.000,9999.000
202605072130,   1.472,9999.000,9999.000,9999.000,9999.000,9999.000,9999.000,9999.000,9999.000
202605072136,   1.454,9999.000,9999.000,9999.000,9999.000,9999.000,9999.000,9999.000,9999.000
202605072142,   1.435,9999.000,9999.000,9999.000,9999.000,9999.000,9999.000,9999.000,9999.000
202605072148,   1.416,9999.000,9999.000,9999.000,9999.000,9999.000,9999.000,9999.000,9999.000
202605072154,   1.397,9999.000,9999.000,9999.000,9999.000,9999.000,9999.000,9999.000,9999.000
202605072200,   1.378,9999.000,   0.400,  -0.025,   1.753,   0.300,   1.653,   0.600,   1.953
202605072206,   1.358,9999.000,9999.000,9999.000,9999.000,9999.000,9999.000,9999.000,9999.000
202605072212,   1.337,9999.000,9999.000,9999.000,9999.000,9999.000,9999.000,9999.000,9999.000
202605072218,   1.316,9999.000,9999.000,9999.000,9999.000,9999.000,9999.000,9999.000,9999.000
202605072224,   1.295,9999.000,9999.000,9999.000,9999.000,9999.000,9999.000,9999.000,9999.000
202605072230,   1.274,9999.000,9999.000,9999.000,9999.000,9999.000,9999.000,9999.000,9999.000
202605072236,   1.252,9999.000,9999.000,9999.000,9999.000,9999.000,9999.000,9999.000,9999.000
202605072242,   1.231,9999.000,9999.000,9999.000,9999.000,9999.000,9999.000,9999.000,9999.000
202605072248,   1.208,9999.000,9999.000,9999.000,9999.000,9999.000,9999.000,9999.000,9999.000
202605072254,   1.186,9999.000,9999.000,9999.000,9999.000,9999.000,9999.000,9999.000,9999.000
202605072300,   1.163,9999.000,   0.400,  -0.025,   1.538,   0.300,   1.438,   0.600,   1.738
202605072306,   1.140,9999.000,9999.000,9999.000,9999.000,9999.000,9999.000,9999.000,9999.000
202605072312,   1.117,9999.000,9999.000,9999.000,9999.000,9999.000,9999.000,9999.000,9999.000
202605072318,   1.094,9999.000,9999.000,9999.000,9999.000,9999.000,9999.000,9999.000,9999.000
202605072324,   1.071,9999.000,9999.000,9999.000,9999.000,9999.000,9999.000,9999.000,9999.000
202605072330,   1.047,9999.000,9999.000,9999.000,9999.000,9999.000,9999.000,9999.000,9999.000
202605072336,   1.024,9999.000,9999.000,9999.000,9999.000,9999.000,9999.000,9999.000,9999.000
202605072342,   1.000,9999.000,9999.000,9999.000,9999.000,9999.000,9999.000,9999.000,9999.000
202605072348,   0.976,9999.000,9999.000,9999.000,9999.000,9999.000,9999.000,9999.000,9999.000
202605072354,   0.953,9999.000,9999.000,9999.000,9999.000,9999.000,9999.000,9999.000,9999.000
202605080000,   0.929,9999.000,   0.400,  -0.025,   1.304,   0.300,   1.204,   0.600,   1.504
202605080006,   0.905,9999.000,9999.000,9999.000,9999.000,9999.000,9999.000,9999.000,9999.000
202605080012,   0.882,9999.000,9999.000,9999.000,9999.000,9999.000,9999.000,9999.000,9999.000
202605080018,   0.858,9999.000,9999.000,9999.000,9999.000,9999.000,9999.000,9999.000,9999.000
202605080024,   0.835,9999.000,9999.000,9999.000,9999.000,9999.000,9999.000,9999.000,9999.000
202605080030,   0.812,9999.000,9999.000,9999.000,9999.000,9999.000,9999.000,9999.000,9999.000
202605080036,   0.789,9999.000,9999.000,9999.000,9999.000,9999.000,9999.000,9999.000,9999.000
202605080042,   0.766,9999.000,9999.000,9999.000,9999.000,9999.000,9999.000,9999.000,9999.000
202605080048,   0.743,9999.000,9999.000,9999.000,9999.000,9999.000,9999.000,9999.000,9999.000
202605080054,   0.721,9999.000,9999.000,9999.000,9999.000,9999.000,9999.000,9999.000,9999.000
202605080100,   0.699,9999.000,   0.400,  -0.025,   1.074,   0.300,   0.974,   0.600,   1.274
202605080106,   0.677,9999.000,9999.000,9999.000,9999.000,9999.000,9999.000,9999.000,9999.000
202605080112,   0.656,9999.000,9999.000,9999.000,9999.000,9999.000,9999.000,9999.000,9999.000
202605080118,   0.635,9999.000,9999.000,9999.000,9999.000,9999.000,9999.000,9999.000,9999.000
202605080124,   0.614,9999.000,9999.000,9999.000,9999.000,9999.000,9999.000,9999.000,9999.000
202605080130,   0.594,9999.000,9999.000,9999.000,9999.000,9999.000,9999.000,9999.000,9999.000
202605080136,   0.574,9999.000,9999.000,9999.000,9999.000,9999.000,9999.000,9999.000,9999.000
202605080142,   0.554,9999.000,9999.000,9999.000,9999.000,9999.000,9999.000,9999.000,9999.000
202605080148,   0.535,9999.000,9999.000,9999.000,9999.000,9999.000,9999.000,9999.000,9999.000
202605080154,   0.516,9999.000,9999.000,9999.000,9999.000,9999.000,9999.000,9999.000,9999.000
202605080200,   0.497,9999.000,   0.400,  -0.025,   0.872,   0.200,   0.672,   0.600,   1.072
202605080206,   0.479,9999.000,9999.000,9999.000,9999.000,9999.000,9999.000,9999.000,9999.000
202605080212,   0.461,9999.000,9999.000,9999.000,9999.000,9999.000,9999.000,9999.000,9999.000
202605080218,   0.444,9999.000,9999.000,9999.000,9999.000,9999.000,9999.000,9999.000,9999.000
202605080224,   0.426,9999.000,9999.000,9999.000,9999.000,9999.000,9999.000,9999.000,9999.000
202605080230,   0.409,9999.000,9999.000,9999.000,9999.000,9999.000,9999.000,9999.000,9999.000
202605080236,   0.393,9999.000,9999.000,9999.000,9999.000,9999.000,9999.000,9999.000,9999.000
202605080242,   0.376,9999.000,9999.000,9999.000,9999.000,9999.000,9999.000,9999.000,9999.000
202605080248,   0.360,9999.000,9999.000,9999.000,9999.000,9999.000,9999.000,9999.000,9999.000
202605080254,   0.345,9999.000,9999.000,9999.000,9999.000,9999.000,9999.000,9999.000,9999.000
202605080300,   0.329,9999.000,   0.400,  -0.025,   0.704,   0.200,   0.504,   0.600,   0.904
202605080306,   0.314,9999.000,9999.000,9999.000,9999.000,9999.000,9999.000,9999.000,9999.000
202605080312,   0.299,9999.000,9999.000,9999.000,9999.000,9999.000,9999.000,9999.000,9999.000
202605080318,   0.285,9999.000,9999.000,9999.000,9999.000,9999.000,9999.000,9999.000,9999.000
202605080324,   0.270,9999.000,9999.000,9999.000,9999.000,9999.000,9999.000,9999.000,9999.000
202605080330,   0.256,9999.000,9999.000,9999.000,9999.000,9999.000,9999.000,9999.000,9999.000
202605080336,   0.243,9999.000,9999.000,9999.000,9999.000,9999.000,9999.000,9999.000,9999.000
202605080342,   0.229,9999.000,9999.000,9999.000,9999.000,9999.000,9999.000,9999.000,9999.000
202605080348,   0.216,9999.000,9999.000,9999.000,9999.000,9999.000,9999.000,9999.000,9999.000
202605080354,   0.203,9999.000,9999.000,9999.000,9999.000,9999.000,9999.000,9999.000,9999.000
202605080400,   0.191,9999.000,   0.400,  -0.025,   0.566,   0.200,   0.366,   0.500,   0.666
202605080406,   0.179,9999.000,9999.000,9999.000,9999.000,9999.000,9999.000,9999.000,9999.000
202605080412,   0.167,9999.000,9999.000,9999.000,9999.000,9999.000,9999.000,9999.000,9999.000
202605080418,   0.156,9999.000,9999.000,9999.000,9999.000,9999.000,9999.000,9999.000,9999.000
202605080424,   0.145,9999.000,9999.000,9999.000,9999.000,9999.000,9999.000,9999.000,9999.000
202605080430,   0.134,9999.000,9999.000,9999.000,9999.000,9999.000,9999.000,9999.000,9999.000
202605080436,   0.124,9999.000,9999.000,9999.000,9999.000,9999.000,9999.000,9999.000,9999.000
202605080442,   0.114,9999.000,9999.000,9999.000,9999.000,9999.000,9999.000,9999.000,9999.000
202605080448,   0.105,9999.000,9999.000,9999.000,9999.000,9999.000,9999.000,9999.000,9999.000
202605080454,   0.096,9999.000,9999.000,9999.000,9999.000,9999.000,9999.000,9999.000,9999.000
202605080500,   0.087,9999.000,   0.300,  -0.025,   0.362,   0.200,   0.262,   0.500,   0.562
202605080506,   0.080,9999.000,9999.000,9999.000,9999.000,9999.000,9999.000,9999.000,9999.000
202605080512,   0.072,9999.000,9999.000,9999.000,9999.000,9999.000,9999.000,9999.000,9999.000
202605080518,   0.065,9999.000,9999.000,9999.000,9999.000,9999.000,9999.000,9999.000,9999.000
202605080524,   0.059,9999.000,9999.000,9999.000,9999.000,9999.000,9999.000,9999.000,9999.000
202605080530,   0.054,9999.000,9999.000,9999.000,9999.000,9999.000,9999.000,9999.000,9999.000
202605080536,   0.048,9999.000,9999.000,9999.000,9999.000,9999.000,9999.000,9999.000,9999.000
202605080542,   0.044,9999.000,9999.000,9999.000,9999.000,9999.000,9999.000,9999.000,9999.000
202605080548,   0.040,9999.000,9999.000,9999.000,9999.000,9999.000,9999.000,9999.000,9999.000
202605080554,   0.036,9999.000,9999.000,9999.000,9999.000,9999.000,9999.000,9999.000,9999.000
202605080600,   0.034,9999.000,   0.300,  -0.025,   0.309,   0.200,   0.209,   0.500,   0.509
202605080606,   0.031,9999.000,9999.000,9999.000,9999.000,9999.000,9999.000,9999.000,9999.000
202605080612,   0.030,9999.000,9999.000,9999.000,9999.000,9999.000,9999.000,9999.000,9999.000
202605080618,   0.029,9999.000,9999.000,9999.000,9999.000,9999.000,9999.000,9999.000,9999.000
202605080624,   0.028,9999.000,9999.000,9999.000,9999.000,9999.000,9999.000,9999.000,9999.000
202605080630,   0.028,9999.000,9999.000,9999.000,9999.000,9999.000,9999.000,9999.000,9999.000
202605080636,   0.029,9999.000,9999.000,9999.000,9999.000,9999.000,9999.000,9999.000,9999.000
202605080642,   0.030,9999.000,9999.000,9999.000,9999.000,9999.000,9999.000,9999.000,9999.000
202605080648,   0.032,9999.000,9999.000,9999.000,9999.000,9999.000,9999.000,9999.000,9999.000
202605080654,   0.035,9999.000,9999.000,9999.000,9999.000,9999.000,9999.000,9999.000,9999.000
202605080700,   0.038,9999.000,   0.300,  -0.025,   0.313,   0.200,   0.213,   0.500,   0.513
202605080706,   0.041,9999.000,9999.000,9999.000,9999.000,9999.000,9999.000,9999.000,9999.000
202605080712,   0.045,9999.000,9999.000,9999.000,9999.000,9999.000,9999.000,9999.000,9999.000
202605080718,   0.049,9999.000,9999.000,9999.000,9999.000,9999.000,9999.000,9999.000,9999.000
202605080724,   0.054,9999.000,9999.000,9999.000,9999.000,9999.000,9999.000,9999.000,9999.000
202605080730,   0.060,9999.000,9999.000,9999.000,9999.000,9999.000,9999.000,9999.000,9999.000
202605080736,   0.066,9999.000,9999.000,9999.000,9999.000,9999.000,9999.000,9999.000,9999.000
202605080742,   0.072,9999.000,9999.000,9999.000,9999.000,9999.000,9999.000,9999.000,9999.000
202605080748,   0.079,9999.000,9999.000,9999.000,9999.000,9999.000,9999.000,9999.000,9999.000
202605080754,   0.087,9999.000,9999.000,9999.000,9999.000,9999.000,9999.000,9999.000,9999.000
202605080800,   0.095,9999.000,   0.400,  -0.025,   0.470,   0.200,   0.270,   0.600,   0.670
202605080806,   0.103,9999.000,9999.000,9999.000,9999.000,9999.000,9999.000,9999.000,9999.000
202605080812,   0.112,9999.000,9999.000,9999.000,9999.000,9999.000,9999.000,9999.000,9999.000
202605080818,   0.121,9999.000,9999.000,9999.000,9999.000,9999.000,9999.000,9999.000,9999.000
202605080824,   0.131,9999.000,9999.000,9999.000,9999.000,9999.000,9999.000,9999.000,9999.000
202605080830,   0.141,9999.000,9999.000,9999.000,9999.000,9999.000,9999.000,9999.000,9999.000
202605080836,   0.152,9999.000,9999.000,9999.000,9999.000,9999.000,9999.000,9999.000,9999.000
202605080842,   0.163,9999.000,9999.000,9999.000,9999.000,9999.000,9999.000,9999.000,9999.000
202605080848,   0.174,9999.000,9999.000,9999.000,9999.000,9999.000,9999.000,9999.000,9999.000
202605080854,   0.186,9999.000,9999.000,9999.000,9999.000,9999.000,9999.000,9999.000,9999.000
202605080900,   0.198,9999.000,   0.400,  -0.025,   0.573,   0.200,   0.373,   0.600,   0.773
202605080906,   0.210,9999.000,9999.000,9999.000,9999.000,9999.000,9999.000,9999.000,9999.000
202605080912,   0.223,9999.000,9999.000,9999.000,9999.000,9999.000,9999.000,9999.000,9999.000
202605080918,   0.237,9999.000,9999.000,9999.000,9999.000,9999.000,9999.000,9999.000,9999.000
202605080924,   0.250,9999.000,9999.000,9999.000,9999.000,9999.000,9999.000,9999.000,9999.000
202605080930,   0.264,9999.000,9999.000,9999.000,9999.000,9999.000,9999.000,9999.000,9999.000
202605080936,   0.279,9999.000,9999.000,9999.000,9999.000,9999.000,9999.000,9999.000,9999.000
202605080942,   0.293,9999.000,9999.000,9999.000,9999.000,9999.000,9999.000,9999.000,9999.000
202605080948,   0.308,9999.000,9999.000,9999.000,9999.000,9999.000,9999.000,9999.000,9999.000
202605080954,   0.323,9999.000,9999.000,9999.000,9999.000,9999.000,9999.000,9999.000,9999.000
202605081000,   0.339,9999.000,   0.400,  -0.025,   0.714,   0.200,   0.514,   0.600,   0.914
202605081006,   0.354,9999.000,9999.000,9999.000,9999.000,9999.000,9999.000,9999.000,9999.000
202605081012,   0.370,9999.000,9999.000,9999.000,9999.000,9999.000,9999.000,9999.000,9999.000
202605081018,   0.386,9999.000,9999.000,9999.000,9999.000,9999.000,9999.000,9999.000,9999.000
202605081024,   0.403,9999.000,9999.000,9999.000,9999.000,9999.000,9999.000,9999.000,9999.000
202605081030,   0.419,9999.000,9999.000,9999.000,9999.000,9999.000,9999.000,9999.000,9999.000
202605081036,   0.435,9999.000,9999.000,9999.000,9999.000,9999.000,9999.000,9999.000,9999.000
202605081042,   0.452,9999.000,9999.000,9999.000,9999.000,9999.000,9999.000,9999.000,9999.000
202605081048,   0.469,9999.000,9999.000,9999.000,9999.000,9999.000,9999.000,9999.000,9999.000
202605081054,   0.486,9999.000,9999.000,9999.000,9999.000,9999.000,9999.000,9999.000,9999.000
202605081100,   0.502,9999.000,   0.400,  -0.025,   0.877,   0.200,   0.677,   0.600,   1.077
202605081106,   0.519,9999.000,9999.000,9999.000,9999.000,9999.000,9999.000,9999.000,9999.000
202605081112,   0.536,9999.000,9999.000,9999.000,9999.000,9999.000,9999.000,9999.000,9999.000
202605081118,   0.553,9999.000,9999.000,9999.000,9999.000,9999.000,9999.000,9999.000,9999.000
202605081124,   0.570,9999.000,9999.000,9999.000,9999.000,9999.000,9999.000,9999.000,9999.000
202605081130,   0.587,9999.000,9999.000,9999.000,9999.000,9999.000,9999.000,9999.000,9999.000
202605081136,   0.604,9999.000,9999.000,9999.000,9999.000,9999.000,9999.000,9999.000,9999.000
202605081142,   0.621,9999.000,9999.000,9999.000,9999.000,9999.000,9999.000,9999.000,9999.000
202605081148,   0.637,9999.000,9999.000,9999.000,9999.000,9999.000,9999.000,9999.000,9999.000
202605081154,   0.654,9999.000,9999.000,9999.000,9999.000,9999.000,9999.000,9999.000,9999.000
202605081200,   0.671,9999.000,   0.400,  -0.025,   1.046,   0.200,   0.846,   0.600,   1.246
202605081206,   0.688,9999.000,9999.000,9999.000,9999.000,9999.000,9999.000,9999.000,9999.000
202605081212,   0.704,9999.000,9999.000,9999.000,9999.000,9999.000,9999.000,9999.000,9999.000
202605081218,   0.721,9999.000,9999.000,9999.000,9999.000,9999.000,9999.000,9999.000,9999.000
202605081224,   0.738,9999.000,9999.000,9999.000,9999.000,9999.000,9999.000,9999.000,9999.000
202605081230,   0.755,9999.000,9999.000,9999.000,9999.000,9999.000,9999.000,9999.000,9999.000
202605081236,   0.771,9999.000,9999.000,9999.000,9999.000,9999.000,9999.000,9999.000,9999.000
202605081242,   0.788,9999.000,9999.000,9999.000,9999.000,9999.000,9999.000,9999.000,9999.000
202605081248,   0.805,9999.000,9999.000,9999.000,9999.000,9999.000,9999.000,9999.000,9999.000
202605081254,   0.822,9999.000,9999.000,9999.000,9999.000,9999.000,9999.000,9999.000,9999.000
202605081300,   0.839,9999.000,   0.400,  -0.025,   1.214,   0.200,   1.014,   0.600,   1.414
202605081306,   0.856,9999.000,9999.000,9999.000,9999.000,9999.000,9999.000,9999.000,9999.000
202605081312,   0.873,9999.000,9999.000,9999.000,9999.000,9999.000,9999.000,9999.000,9999.000
202605081318,   0.890,9999.000,9999.000,9999.000,9999.000,9999.000,9999.000,9999.000,9999.000
202605081324,   0.907,9999.000,9999.000,9999.000,9999.000,9999.000,9999.000,9999.000,9999.000
202605081330,   0.924,9999.000,9999.000,9999.000,9999.000,9999.000,9999.000,9999.000,9999.000
202605081336,   0.941,9999.000,9999.000,9999.000,9999.000,9999.000,9999.000,9999.000,9999.000
202605081342,   0.958,9999.000,9999.000,9999.000,9999.000,9999.000,9999.000,9999.000,9999.000
202605081348,   0.976,9999.000,9999.000,9999.000,9999.000,9999.000,9999.000,9999.000,9999.000
202605081354,   0.993,9999.000,9999.000,9999.000,9999.000,9999.000,9999.000,9999.000,9999.000
202605081400,   1.010,9999.000,   0.400,  -0.025,   1.385,   0.200,   1.185,   0.500,   1.485
202605081406,   1.028,9999.000,9999.000,9999.000,9999.000,9999.000,9999.000,9999.000,9999.000
202605081412,   1.045,9999.000,9999.000,9999.000,9999.000,9999.000,9999.000,9999.000,9999.000
202605081418,   1.063,9999.000,9999.000,9999.000,9999.000,9999.000,9999.000,9999.000,9999.000
202605081424,   1.080,9999.000,9999.000,9999.000,9999.000,9999.000,9999.000,9999.000,9999.000
202605081430,   1.098,9999.000,9999.000,9999.000,9999.000,9999.000,9999.000,9999.000,9999.000
202605081436,   1.116,9999.000,9999.000,9999.000,9999.000,9999.000,9999.000,9999.000,9999.000
202605081442,   1.133,9999.000,9999.000,9999.000,9999.000,9999.000,9999.000,9999.000,9999.000
202605081448,   1.150,9999.000,9999.000,9999.000,9999.000,9999.000,9999.000,9999.000,9999.000
202605081454,   1.168,9999.000,9999.000,9999.000,9999.000,9999.000,9999.000,9999.000,9999.000
202605081500,   1.185,9999.000,   0.400,  -0.025,   1.560,   0.200,   1.360,   0.500,   1.660
202605081506,   1.202,9999.000,9999.000,9999.000,9999.000,9999.000,9999.000,9999.000,9999.000
202605081512,   1.219,9999.000,9999.000,9999.000,9999.000,9999.000,9999.000,9999.000,9999.000
202605081518,   1.236,9999.000,9999.000,9999.000,9999.000,9999.000,9999.000,9999.000,9999.000
202605081524,   1.252,9999.000,9999.000,9999.000,9999.000,9999.000,9999.000,9999.000,9999.000
202605081530,   1.269,9999.000,9999.000,9999.000,9999.000,9999.000,9999.000,9999.000,9999.000
202605081536,   1.285,9999.000,9999.000,9999.000,9999.000,9999.000,9999.000,9999.000,9999.000
202605081542,   1.301,9999.000,9999.000,9999.000,9999.000,9999.000,9999.000,9999.000,9999.000
202605081548,   1.317,9999.000,9999.000,9999.000,9999.000,9999.000,9999.000,9999.000,9999.000
202605081554,   1.332,9999.000,9999.000,9999.000,9999.000,9999.000,9999.000,9999.000,9999.000
202605081600,   1.348,9999.000,   0.300,  -0.025,   1.623,   0.200,   1.523,   0.500,   1.823
202605081606,   1.363,9999.000,9999.000,9999.000,9999.000,9999.000,9999.000,9999.000,9999.000
202605081612,   1.378,9999.000,9999.000,9999.000,9999.000,9999.000,9999.000,9999.000,9999.000
202605081618,   1.392,9999.000,9999.000,9999.000,9999.000,9999.000,9999.000,9999.000,9999.000
202605081624,   1.406,9999.000,9999.000,9999.000,9999.000,9999.000,9999.000,9999.000,9999.000
202605081630,   1.420,9999.000,9999.000,9999.000,9999.000,9999.000,9999.000,9999.000,9999.000
202605081636,   1.434,9999.000,9999.000,9999.000,9999.000,9999.000,9999.000,9999.000,9999.000
202605081642,   1.447,9999.000,9999.000,9999.000,9999.000,9999.000,9999.000,9999.000,9999.000
202605081648,   1.460,9999.000,9999.000,9999.000,9999.000,9999.000,9999.000,9999.000,9999.000
202605081654,   1.472,9999.000,9999.000,9999.000,9999.000,9999.000,9999.000,9999.000,9999.000
202605081700,   1.485,9999.000,   0.300,  -0.025,   1.760,   0.200,   1.660,   0.500,   1.960
202605081706,   1.497,9999.000,9999.000,9999.000,9999.000,9999.000,9999.000,9999.000,9999.000
202605081712,   1.508,9999.000,9999.000,9999.000,9999.000,9999.000,9999.000,9999.000,9999.000
202605081718,   1.520,9999.000,9999.000,9999.000,9999.000,9999.000,9999.000,9999.000,9999.000
202605081724,   1.531,9999.000,9999.000,9999.000,9999.000,9999.000,9999.000,9999.000,9999.000
202605081730,   1.541,9999.000,9999.000,9999.000,9999.000,9999.000,9999.000,9999.000,9999.000
202605081736,   1.552,9999.000,9999.000,9999.000,9999.000,9999.000,9999.000,9999.000,9999.000
202605081742,   1.561,9999.000,9999.000,9999.000,9999.000,9999.000,9999.000,9999.000,9999.000
202605081748,   1.571,9999.000,9999.000,9999.000,9999.000,9999.000,9999.000,9999.000,9999.000
202605081754,   1.580,9999.000,9999.000,9999.000,9999.000,9999.000,9999.000,9999.000,9999.000
202605081800,   1.589,9999.000,   0.300,  -0.025,   1.864,   0.200,   1.764,   0.400,   1.964
