        TIME,    TIDE,      OB,   SURGE,    BIAS,     TWL,SURGE90p,  TWL90p,SURGE10p,   TWL10p
202607260600,   1.778,9999.000,   0.700,9999.000,   2.478,   0.700,   2.478,   0.700,   2.478
202607260606,   1.749,9999.000,9999.000,9999.000,9999.000,9999.000,9999.000,9999.000,9999.000
202607260612,   1.718,9999.000,9999.000,9999.000,9999.000,9999.000,9999.000,9999.000,9999.000
202607260618,   1.687,9999.000,9999.000,9999.000,9999.000,9999.000,9999.000,9999.000,9999.000
202607260624,   1.655,9999.000,9999.000,9999.000,9999.000,9999.000,9999.000,9999.000,9999.000
202607260630,   1.623,9999.000,9999.000,9999.000,9999.000,9999.000,9999.000,9999.000,9999.000
202607260636,   1.590,9999.000,9999.000,9999.000,9999.000,9999.000,9999.000,9999.000,9999.000
202607260642,   1.557,9999.000,9999.000,9999.000,9999.000,9999.000,9999.000,9999.000,9999.000
202607260648,   1.523,9999.000,9999.000,9999.000,9999.000,9999.000,9999.000,9999.000,9999.000
202607260654,   1.490,9999.000,9999.000,9999.000,9999.000,9999.000,9999.000,9999.000,9999.000
202607260700,   1.456,   2.109,   0.700,  -0.047,   2.109,   0.700,   2.109,   0.700,   2.109
202607260706,   1.423,   2.079,9999.000,9999.000,9999.000,9999.000,9999.000,9999.000,9999.000
202607260712,   1.389,   2.049,9999.000,9999.000,9999.000,9999.000,9999.000,9999.000,9999.000
202607260718,   1.355,   2.010,9999.000,9999.000,9999.000,9999.000,9999.000,9999.000,9999.000
202607260724,   1.322,   1.990,9999.000,9999.000,9999.000,9999.000,9999.000,9999.000,9999.000
202607260730,   1.288,   1.967,9999.000,9999.000,9999.000,9999.000,9999.000,9999.000,9999.000
202607260736,   1.255,   1.938,9999.000,9999.000,9999.000,9999.000,9999.000,9999.000,9999.000
202607260742,   1.222,   1.908,9999.000,9999.000,9999.000,9999.000,9999.000,9999.000,9999.000
202607260748,   1.189,   1.879,9999.000,9999.000,9999.000,9999.000,9999.000,9999.000,9999.000
202607260754,   1.157,   1.859,9999.000,9999.000,9999.000,9999.000,9999.000,9999.000,9999.000
202607260800,   1.124,   1.830,   0.700,   0.006,   1.830,   0.700,   1.830,   0.700,   1.830
202607260806,   1.092,   1.800,9999.000,9999.000,9999.000,9999.000,9999.000,9999.000,9999.000
202607260812,   1.061,   1.758,9999.000,9999.000,9999.000,9999.000,9999.000,9999.000,9999.000
202607260818,   1.030,   1.738,9999.000,9999.000,9999.000,9999.000,9999.000,9999.000,9999.000
202607260824,   0.999,   1.718,9999.000,9999.000,9999.000,9999.000,9999.000,9999.000,9999.000
202607260830,   0.968,   1.699,9999.000,9999.000,9999.000,9999.000,9999.000,9999.000,9999.000
202607260836,   0.938,   1.679,9999.000,9999.000,9999.000,9999.000,9999.000,9999.000,9999.000
202607260842,   0.908,   1.649,9999.000,9999.000,9999.000,9999.000,9999.000,9999.000,9999.000
202607260848,   0.879,   1.620,9999.000,9999.000,9999.000,9999.000,9999.000,9999.000,9999.000
202607260854,   0.851,   1.600,9999.000,9999.000,9999.000,9999.000,9999.000,9999.000,9999.000
202607260900,   0.823,   1.571,   0.700,   0.048,   1.571,   0.700,   1.571,   0.800,   1.671
202607260906,   0.795,   1.557,9999.000,9999.000,9999.000,9999.000,9999.000,9999.000,9999.000
202607260912,   0.769,   1.538,9999.000,9999.000,9999.000,9999.000,9999.000,9999.000,9999.000
202607260918,   0.743,   1.528,9999.000,9999.000,9999.000,9999.000,9999.000,9999.000,9999.000
202607260924,   0.718,   1.508,9999.000,9999.000,9999.000,9999.000,9999.000,9999.000,9999.000
202607260930,   0.694,   1.489,9999.000,9999.000,9999.000,9999.000,9999.000,9999.000,9999.000
202607260936,   0.670,   1.469,9999.000,9999.000,9999.000,9999.000,9999.000,9999.000,9999.000
202607260942,   0.648,   1.449,9999.000,9999.000,9999.000,9999.000,9999.000,9999.000,9999.000
202607260948,   0.627,   1.439,9999.000,9999.000,9999.000,9999.000,9999.000,9999.000,9999.000
202607260954,   0.607,   1.430,9999.000,9999.000,9999.000,9999.000,9999.000,9999.000,9999.000
202607261000,   0.589,   1.410,   0.700,   0.121,   1.410,   0.700,   1.410,   0.800,   1.510
202607261006,   0.572,   1.410,9999.000,9999.000,9999.000,9999.000,9999.000,9999.000,9999.000
202607261012,   0.556,   1.400,9999.000,9999.000,9999.000,9999.000,9999.000,9999.000,9999.000
202607261018,   0.542,   1.400,9999.000,9999.000,9999.000,9999.000,9999.000,9999.000,9999.000
202607261024,   0.530,   1.390,9999.000,9999.000,9999.000,9999.000,9999.000,9999.000,9999.000
202607261030,   0.519,   1.380,9999.000,9999.000,9999.000,9999.000,9999.000,9999.000,9999.000
202607261036,   0.510,   1.371,9999.000,9999.000,9999.000,9999.000,9999.000,9999.000,9999.000
202607261042,   0.503,   1.380,9999.000,9999.000,9999.000,9999.000,9999.000,9999.000,9999.000
202607261048,   0.498,   1.380,9999.000,9999.000,9999.000,9999.000,9999.000,9999.000,9999.000
202607261054,   0.495,   1.380,9999.000,9999.000,9999.000,9999.000,9999.000,9999.000,9999.000
202607261100,   0.494,   1.380,   0.700,   0.186,   1.380,   0.700,   1.380,   0.800,   1.480
202607261106,   0.496,   1.390,9999.000,9999.000,9999.000,9999.000,9999.000,9999.000,9999.000
202607261112,   0.499,   1.390,9999.000,9999.000,9999.000,9999.000,9999.000,9999.000,9999.000
202607261118,   0.504,   1.400,9999.000,9999.000,9999.000,9999.000,9999.000,9999.000,9999.000
202607261124,   0.512,   1.410,9999.000,9999.000,9999.000,9999.000,9999.000,9999.000,9999.000
202607261130,   0.522,   1.420,9999.000,9999.000,9999.000,9999.000,9999.000,9999.000,9999.000
202607261136,   0.534,   1.439,9999.000,9999.000,9999.000,9999.000,9999.000,9999.000,9999.000
202607261142,   0.548,   1.459,9999.000,9999.000,9999.000,9999.000,9999.000,9999.000,9999.000
202607261148,   0.564,   1.479,9999.000,9999.000,9999.000,9999.000,9999.000,9999.000,9999.000
202607261154,   0.582,   1.498,9999.000,9999.000,9999.000,9999.000,9999.000,9999.000,9999.000
202607261200,   0.602,   1.518,   0.700,   0.216,   1.518,   0.700,   1.518,   0.800,   1.618
202607261206,   0.624,   1.528,9999.000,9999.000,9999.000,9999.000,9999.000,9999.000,9999.000
202607261212,   0.648,   1.557,9999.000,9999.000,9999.000,9999.000,9999.000,9999.000,9999.000
202607261218,   0.673,   1.590,9999.000,9999.000,9999.000,9999.000,9999.000,9999.000,9999.000
202607261224,   0.700,   1.620,9999.000,9999.000,9999.000,9999.000,9999.000,9999.000,9999.000
202607261230,   0.729,   1.649,9999.000,9999.000,9999.000,9999.000,9999.000,9999.000,9999.000
202607261236,   0.759,   1.679,9999.000,9999.000,9999.000,9999.000,9999.000,9999.000,9999.000
202607261242,   0.790,   1.718,9999.000,9999.000,9999.000,9999.000,9999.000,9999.000,9999.000
202607261248,   0.822,   1.748,9999.000,9999.000,9999.000,9999.000,9999.000,9999.000,9999.000
202607261254,   0.855,   1.790,9999.000,9999.000,9999.000,9999.000,9999.000,9999.000,9999.000
202607261300,   0.889,   1.820,   0.700,   0.231,   1.820,   0.700,   1.820,   0.800,   1.920
202607261306,   0.923,   1.849,9999.000,9999.000,9999.000,9999.000,9999.000,9999.000,9999.000
202607261312,   0.958,   1.889,9999.000,9999.000,9999.000,9999.000,9999.000,9999.000,9999.000
202607261318,   0.994,   1.918,9999.000,9999.000,9999.000,9999.000,9999.000,9999.000,9999.000
202607261324,   1.029,   1.958,9999.000,9999.000,9999.000,9999.000,9999.000,9999.000,9999.000
202607261330,   1.065,   2.000,9999.000,9999.000,9999.000,9999.000,9999.000,9999.000,9999.000
202607261336,   1.101,   2.040,9999.000,9999.000,9999.000,9999.000,9999.000,9999.000,9999.000
202607261342,   1.137,   2.079,9999.000,9999.000,9999.000,9999.000,9999.000,9999.000,9999.000
202607261348,   1.172,   2.109,9999.000,9999.000,9999.000,9999.000,9999.000,9999.000,9999.000
202607261354,   1.207,   2.138,9999.000,9999.000,9999.000,9999.000,9999.000,9999.000,9999.000
202607261400,   1.242,   2.168,   0.700,   0.226,   2.168,   0.700,   2.168,   0.800,   2.268
202607261406,   1.276,   2.210,9999.000,9999.000,9999.000,9999.000,9999.000,9999.000,9999.000
202607261412,   1.309,   2.250,9999.000,9999.000,9999.000,9999.000,9999.000,9999.000,9999.000
202607261418,   1.341,   2.289,9999.000,9999.000,9999.000,9999.000,9999.000,9999.000,9999.000
202607261424,   1.373,   2.318,9999.000,9999.000,9999.000,9999.000,9999.000,9999.000,9999.000
202607261430,   1.403,   2.348,9999.000,9999.000,9999.000,9999.000,9999.000,9999.000,9999.000
202607261436,   1.433,   2.368,9999.000,9999.000,9999.000,9999.000,9999.000,9999.000,9999.000
202607261442,   1.461,   2.387,9999.000,9999.000,9999.000,9999.000,9999.000,9999.000,9999.000
202607261448,   1.488,   2.420,9999.000,9999.000,9999.000,9999.000,9999.000,9999.000,9999.000
202607261454,   1.513,   2.440,9999.000,9999.000,9999.000,9999.000,9999.000,9999.000,9999.000
202607261500,   1.538,   2.459,   0.800,   0.121,   2.459,   0.700,   2.359,   0.800,   2.459
202607261506,   1.560,   2.489,9999.000,9999.000,9999.000,9999.000,9999.000,9999.000,9999.000
202607261512,   1.581,   2.509,9999.000,9999.000,9999.000,9999.000,9999.000,9999.000,9999.000
202607261518,   1.601,   2.519,9999.000,9999.000,9999.000,9999.000,9999.000,9999.000,9999.000
202607261524,   1.619,   2.538,9999.000,9999.000,9999.000,9999.000,9999.000,9999.000,9999.000
202607261530,   1.635,   2.548,9999.000,9999.000,9999.000,9999.000,9999.000,9999.000,9999.000
202607261536,   1.650,   2.558,9999.000,9999.000,9999.000,9999.000,9999.000,9999.000,9999.000
202607261542,   1.662,   2.578,9999.000,9999.000,9999.000,9999.000,9999.000,9999.000,9999.000
202607261548,   1.673,   2.578,9999.000,9999.000,9999.000,9999.000,9999.000,9999.000,9999.000
202607261554,   1.682,   2.587,9999.000,9999.000,9999.000,9999.000,9999.000,9999.000,9999.000
202607261600,   1.689,   2.597,   0.800,   0.108,   2.597,   0.700,   2.497,   0.800,   2.597
202607261606,   1.694,   2.597,9999.000,9999.000,9999.000,9999.000,9999.000,9999.000,9999.000
202607261612,   1.697,   2.587,9999.000,9999.000,9999.000,9999.000,9999.000,9999.000,9999.000
202607261618,   1.699,   2.578,9999.000,9999.000,9999.000,9999.000,9999.000,9999.000,9999.000
202607261624,   1.698,   2.578,9999.000,9999.000,9999.000,9999.000,9999.000,9999.000,9999.000
202607261630,   1.695,   2.568,9999.000,9999.000,9999.000,9999.000,9999.000,9999.000,9999.000
202607261636,   1.690,   2.568,9999.000,9999.000,9999.000,9999.000,9999.000,9999.000,9999.000
202607261642,   1.683,   2.558,9999.000,9999.000,9999.000,9999.000,9999.000,9999.000,9999.000
202607261648,   1.674,   2.548,9999.000,9999.000,9999.000,9999.000,9999.000,9999.000,9999.000
202607261654,   1.663,   2.538,9999.000,9999.000,9999.000,9999.000,9999.000,9999.000,9999.000
202607261700,   1.650,   2.528,   0.800,   0.078,   2.528,   0.700,   2.428,   0.800,   2.528
202607261706,   1.636,   2.830,9999.000,9999.000,9999.000,9999.000,9999.000,9999.000,9999.000
202607261712,   1.619,   3.417,9999.000,9999.000,9999.000,9999.000,9999.000,9999.000,9999.000
202607261718,   1.600,   3.470,9999.000,9999.000,9999.000,9999.000,9999.000,9999.000,9999.000
202607261724,   1.580,   3.398,9999.000,9999.000,9999.000,9999.000,9999.000,9999.000,9999.000
202607261730,   1.558,   3.188,9999.000,9999.000,9999.000,9999.000,9999.000,9999.000,9999.000
202607261736,   1.535,   2.400,9999.000,9999.000,9999.000,9999.000,9999.000,9999.000,9999.000
202607261742,   1.510,   2.368,9999.000,9999.000,9999.000,9999.000,9999.000,9999.000,9999.000
202607261748,   1.483,   2.348,9999.000,9999.000,9999.000,9999.000,9999.000,9999.000,9999.000
202607261754,   1.455,   2.328,9999.000,9999.000,9999.000,9999.000,9999.000,9999.000,9999.000
202607261800,   1.426,   2.299,   0.800,   0.073,   2.299,   0.700,   2.199,   0.800,   2.299
202607261806,   1.396,   2.279,9999.000,9999.000,9999.000,9999.000,9999.000,9999.000,9999.000
202607261812,   1.364,   2.240,9999.000,9999.000,9999.000,9999.000,9999.000,9999.000,9999.000
202607261818,   1.332,   2.220,9999.000,9999.000,9999.000,9999.000,9999.000,9999.000,9999.000
202607261824,   1.299,   2.191,9999.000,9999.000,9999.000,9999.000,9999.000,9999.000,9999.000
202607261830,   1.265,   2.148,9999.000,9999.000,9999.000,9999.000,9999.000,9999.000,9999.000
202607261836,   1.231,   2.118,9999.000,9999.000,9999.000,9999.000,9999.000,9999.000,9999.000
202607261842,   1.196,   2.089,9999.000,9999.000,9999.000,9999.000,9999.000,9999.000,9999.000
202607261848,   1.161,   2.049,9999.000,9999.000,9999.000,9999.000,9999.000,9999.000,9999.000
202607261854,   1.126,   2.020,9999.000,9999.000,9999.000,9999.000,9999.000,9999.000,9999.000
202607261900,   1.090,   1.990,   0.800,   0.100,   1.990,   0.700,   1.890,   0.800,   1.990
202607261906,   1.055,   1.958,9999.000,9999.000,9999.000,9999.000,9999.000,9999.000,9999.000
202607261912,   1.020,   1.928,9999.000,9999.000,9999.000,9999.000,9999.000,9999.000,9999.000
202607261918,   0.984,   1.889,9999.000,9999.000,9999.000,9999.000,9999.000,9999.000,9999.000
202607261924,   0.949,   1.859,9999.000,9999.000,9999.000,9999.000,9999.000,9999.000,9999.000
202607261930,   0.915,   1.820,9999.000,9999.000,9999.000,9999.000,9999.000,9999.000,9999.000
202607261936,   0.881,   1.790,9999.000,9999.000,9999.000,9999.000,9999.000,9999.000,9999.000
202607261942,   0.848,   1.748,9999.000,9999.000,9999.000,9999.000,9999.000,9999.000,9999.000
202607261948,   0.815,   1.718,9999.000,9999.000,9999.000,9999.000,9999.000,9999.000,9999.000
202607261954,   0.783,   1.689,9999.000,9999.000,9999.000,9999.000,9999.000,9999.000,9999.000
202607262000,   0.752,   1.659,   0.800,   0.107,   1.659,   0.700,   1.559,   0.800,   1.659
202607262006,   0.721,   1.630,9999.000,9999.000,9999.000,9999.000,9999.000,9999.000,9999.000
202607262012,   0.692,   1.600,9999.000,9999.000,9999.000,9999.000,9999.000,9999.000,9999.000
202607262018,   0.663,   1.571,9999.000,9999.000,9999.000,9999.000,9999.000,9999.000,9999.000
202607262024,   0.635,   1.538,9999.000,9999.000,9999.000,9999.000,9999.000,9999.000,9999.000
202607262030,   0.608,   1.508,9999.000,9999.000,9999.000,9999.000,9999.000,9999.000,9999.000
202607262036,   0.583,   1.479,9999.000,9999.000,9999.000,9999.000,9999.000,9999.000,9999.000
202607262042,   0.558,   1.459,9999.000,9999.000,9999.000,9999.000,9999.000,9999.000,9999.000
202607262048,   0.534,   1.449,9999.000,9999.000,9999.000,9999.000,9999.000,9999.000,9999.000
202607262054,   0.511,   1.430,9999.000,9999.000,9999.000,9999.000,9999.000,9999.000,9999.000
202607262100,   0.490,   1.420,   0.800,   0.130,   1.420,   0.800,   1.420,   0.800,   1.420
202607262106,   0.470,   1.390,9999.000,9999.000,9999.000,9999.000,9999.000,9999.000,9999.000
202607262112,   0.451,   1.380,9999.000,9999.000,9999.000,9999.000,9999.000,9999.000,9999.000
202607262118,   0.433,   1.361,9999.000,9999.000,9999.000,9999.000,9999.000,9999.000,9999.000
202607262124,   0.416,   1.348,9999.000,9999.000,9999.000,9999.000,9999.000,9999.000,9999.000
202607262130,   0.401,   1.318,9999.000,9999.000,9999.000,9999.000,9999.000,9999.000,9999.000
202607262136,   0.386,   1.298,9999.000,9999.000,9999.000,9999.000,9999.000,9999.000,9999.000
202607262142,   0.374,   1.279,9999.000,9999.000,9999.000,9999.000,9999.000,9999.000,9999.000
202607262148,   0.362,   1.269,9999.000,9999.000,9999.000,9999.000,9999.000,9999.000,9999.000
202607262154,   0.353,   1.259,9999.000,9999.000,9999.000,9999.000,9999.000,9999.000,9999.000
202607262200,   0.344,   1.249,   0.800,   0.105,   1.249,   0.800,   1.249,   0.900,   1.349
202607262206,   0.338,   1.239,9999.000,9999.000,9999.000,9999.000,9999.000,9999.000,9999.000
202607262212,   0.332,   1.229,9999.000,9999.000,9999.000,9999.000,9999.000,9999.000,9999.000
202607262218,   0.329,   1.229,9999.000,9999.000,9999.000,9999.000,9999.000,9999.000,9999.000
202607262224,   0.327,   1.220,9999.000,9999.000,9999.000,9999.000,9999.000,9999.000,9999.000
202607262230,   0.327,   1.220,9999.000,9999.000,9999.000,9999.000,9999.000,9999.000,9999.000
202607262236,   0.329,   1.220,9999.000,9999.000,9999.000,9999.000,9999.000,9999.000,9999.000
202607262242,   0.333,   1.229,9999.000,9999.000,9999.000,9999.000,9999.000,9999.000,9999.000
202607262248,   0.339,   1.220,9999.000,9999.000,9999.000,9999.000,9999.000,9999.000,9999.000
202607262254,   0.347,   1.229,9999.000,9999.000,9999.000,9999.000,9999.000,9999.000,9999.000
202607262300,   0.357,   1.249,   0.900,  -0.008,   1.249,   0.800,   1.149,   0.900,   1.249
202607262306,   0.369,   1.259,9999.000,9999.000,9999.000,9999.000,9999.000,9999.000,9999.000
202607262312,   0.383,   1.269,9999.000,9999.000,9999.000,9999.000,9999.000,9999.000,9999.000
202607262318,   0.399,   1.289,9999.000,9999.000,9999.000,9999.000,9999.000,9999.000,9999.000
202607262324,   0.417,   1.318,9999.000,9999.000,9999.000,9999.000,9999.000,9999.000,9999.000
202607262330,   0.438,   1.338,9999.000,9999.000,9999.000,9999.000,9999.000,9999.000,9999.000
202607262336,   0.460,   1.371,9999.000,9999.000,9999.000,9999.000,9999.000,9999.000,9999.000
202607262342,   0.485,   1.400,9999.000,9999.000,9999.000,9999.000,9999.000,9999.000,9999.000
202607262348,   0.512,   1.439,9999.000,9999.000,9999.000,9999.000,9999.000,9999.000,9999.000
202607262354,   0.540,   1.479,9999.000,9999.000,9999.000,9999.000,9999.000,9999.000,9999.000
202607270000,   0.571,   1.518,   0.800,   0.147,   1.518,   0.800,   1.518,   0.900,   1.618
202607270006,   0.604,   1.557,9999.000,9999.000,9999.000,9999.000,9999.000,9999.000,9999.000
202607270012,   0.638,   1.620,9999.000,9999.000,9999.000,9999.000,9999.000,9999.000,9999.000
202607270018,   0.674,   1.689,9999.000,9999.000,9999.000,9999.000,9999.000,9999.000,9999.000
202607270024,   0.712,   1.748,9999.000,9999.000,9999.000,9999.000,9999.000,9999.000,9999.000
202607270030,   0.751,   1.781,9999.000,9999.000,9999.000,9999.000,9999.000,9999.000,9999.000
202607270036,   0.792,   1.820,9999.000,9999.000,9999.000,9999.000,9999.000,9999.000,9999.000
202607270042,   0.833,   1.869,9999.000,9999.000,9999.000,9999.000,9999.000,9999.000,9999.000
202607270048,   0.877,   1.908,9999.000,9999.000,9999.000,9999.000,9999.000,9999.000,9999.000
202607270054,   0.921,   1.967,9999.000,9999.000,9999.000,9999.000,9999.000,9999.000,9999.000
202607270100,   0.966,   2.020,   0.900,   0.154,   2.020,   0.800,   1.920,   0.900,   2.020
202607270106,   1.011,   2.079,9999.000,9999.000,9999.000,9999.000,9999.000,9999.000,9999.000
202607270112,   1.057,   2.118,9999.000,9999.000,9999.000,9999.000,9999.000,9999.000,9999.000
202607270118,   1.104,   2.168,9999.000,9999.000,9999.000,9999.000,9999.000,9999.000,9999.000
202607270124,   1.151,   2.210,9999.000,9999.000,9999.000,9999.000,9999.000,9999.000,9999.000
202607270130,   1.198,   2.250,9999.000,9999.000,9999.000,9999.000,9999.000,9999.000,9999.000
202607270136,   1.245,   2.309,9999.000,9999.000,9999.000,9999.000,9999.000,9999.000,9999.000
202607270142,   1.292,   2.358,9999.000,9999.000,9999.000,9999.000,9999.000,9999.000,9999.000
202607270148,   1.338,   2.387,9999.000,9999.000,9999.000,9999.000,9999.000,9999.000,9999.000
202607270154,   1.384,   2.430,9999.000,9999.000,9999.000,9999.000,9999.000,9999.000,9999.000
202607270200,   1.430,   2.469,   0.900,   0.139,   2.469,   0.800,   2.369,   0.900,   2.469
202607270206,   1.474,   2.519,9999.000,9999.000,9999.000,9999.000,9999.000,9999.000,9999.000
202607270212,   1.518,   2.568,9999.000,9999.000,9999.000,9999.000,9999.000,9999.000,9999.000
202607270218,   1.561,   2.620,9999.000,9999.000,9999.000,9999.000,9999.000,9999.000,9999.000
202607270224,   1.603,   2.650,9999.000,9999.000,9999.000,9999.000,9999.000,9999.000,9999.000
202607270230,   1.644,   2.689,9999.000,9999.000,9999.000,9999.000,9999.000,9999.000,9999.000
202607270236,   1.684,   2.719,9999.000,9999.000,9999.000,9999.000,9999.000,9999.000,9999.000
202607270242,   1.722,   2.738,9999.000,9999.000,9999.000,9999.000,9999.000,9999.000,9999.000
202607270248,   1.759,   2.778,9999.000,9999.000,9999.000,9999.000,9999.000,9999.000,9999.000
202607270254,   1.794,   2.807,9999.000,9999.000,9999.000,9999.000,9999.000,9999.000,9999.000
202607270300,   1.828,   2.840,   0.900,   0.112,   2.840,   0.800,   2.740,   0.900,   2.840
202607270306,   1.860,   2.860,9999.000,9999.000,9999.000,9999.000,9999.000,9999.000,9999.000
202607270312,   1.891,   2.889,9999.000,9999.000,9999.000,9999.000,9999.000,9999.000,9999.000
202607270318,   1.920,   2.919,9999.000,9999.000,9999.000,9999.000,9999.000,9999.000,9999.000
202607270324,   1.947,   2.938,9999.000,9999.000,9999.000,9999.000,9999.000,9999.000,9999.000
202607270330,   1.973,   2.958,9999.000,9999.000,9999.000,9999.000,9999.000,9999.000,9999.000
202607270336,   1.996,   2.958,9999.000,9999.000,9999.000,9999.000,9999.000,9999.000,9999.000
202607270342,   2.018,   2.978,9999.000,9999.000,9999.000,9999.000,9999.000,9999.000,9999.000
202607270348,   2.038,   2.988,9999.000,9999.000,9999.000,9999.000,9999.000,9999.000,9999.000
202607270354,   2.056,   2.997,9999.000,9999.000,9999.000,9999.000,9999.000,9999.000,9999.000
202607270400,   2.072,   3.017,   0.900,   0.045,   3.017,   0.900,   3.017,   0.900,   3.017
202607270406,   2.087,   3.030,9999.000,9999.000,9999.000,9999.000,9999.000,9999.000,9999.000
202607270412,   2.099,   3.030,9999.000,9999.000,9999.000,9999.000,9999.000,9999.000,9999.000
202607270418,   2.109,   3.040,9999.000,9999.000,9999.000,9999.000,9999.000,9999.000,9999.000
202607270424,   2.118,   3.040,9999.000,9999.000,9999.000,9999.000,9999.000,9999.000,9999.000
202607270430,   2.124,   3.050,9999.000,9999.000,9999.000,9999.000,9999.000,9999.000,9999.000
202607270436,   2.129,   3.050,9999.000,9999.000,9999.000,9999.000,9999.000,9999.000,9999.000
202607270442,   2.131,   3.040,9999.000,9999.000,9999.000,9999.000,9999.000,9999.000,9999.000
202607270448,   2.132,   3.040,9999.000,9999.000,9999.000,9999.000,9999.000,9999.000,9999.000
202607270454,   2.130,   3.040,9999.000,9999.000,9999.000,9999.000,9999.000,9999.000,9999.000
202607270500,   2.127,   3.050,   0.900,   0.023,   3.050,   0.900,   3.050,   1.000,   3.150
202607270506,   2.122,   3.040,9999.000,9999.000,9999.000,9999.000,9999.000,9999.000,9999.000
202607270512,   2.114,   3.050,9999.000,9999.000,9999.000,9999.000,9999.000,9999.000,9999.000
202607270518,   2.105,   3.040,9999.000,9999.000,9999.000,9999.000,9999.000,9999.000,9999.000
202607270524,   2.094,   3.030,9999.000,9999.000,9999.000,9999.000,9999.000,9999.000,9999.000
202607270530,   2.081,   3.017,9999.000,9999.000,9999.000,9999.000,9999.000,9999.000,9999.000
202607270536,   2.067,   2.997,9999.000,9999.000,9999.000,9999.000,9999.000,9999.000,9999.000
202607270542,   2.050,   2.988,9999.000,9999.000,9999.000,9999.000,9999.000,9999.000,9999.000
202607270548,   2.032,   2.988,9999.000,9999.000,9999.000,9999.000,9999.000,9999.000,9999.000
202607270554,   2.012,   2.978,9999.000,9999.000,9999.000,9999.000,9999.000,9999.000,9999.000
202607270600,   1.991,   2.958,   0.900,   0.067,   2.958,   0.900,   2.958,   1.000,   3.058
202607270606,   1.968,   2.938,9999.000,9999.000,9999.000,9999.000,9999.000,9999.000,9999.000
202607270612,   1.944,   2.909,9999.000,9999.000,9999.000,9999.000,9999.000,9999.000,9999.000
202607270618,   1.918,   2.899,9999.000,9999.000,9999.000,9999.000,9999.000,9999.000,9999.000
202607270624,   1.892,   2.899,9999.000,9999.000,9999.000,9999.000,9999.000,9999.000,9999.000
202607270630,   1.864,   2.879,9999.000,9999.000,9999.000,9999.000,9999.000,9999.000,9999.000
202607270636,   1.834,   2.850,9999.000,9999.000,9999.000,9999.000,9999.000,9999.000,9999.000
202607270642,   1.804,   2.830,9999.000,9999.000,9999.000,9999.000,9999.000,9999.000,9999.000
202607270648,   1.773,   2.787,9999.000,9999.000,9999.000,9999.000,9999.000,9999.000,9999.000
202607270654,   1.741,   2.768,9999.000,9999.000,9999.000,9999.000,9999.000,9999.000,9999.000
202607270700,   1.709,   2.738,   0.900,   0.129,   2.738,   0.900,   2.738,   1.000,   2.838
202607270706,   1.675,   2.719,9999.000,9999.000,9999.000,9999.000,9999.000,9999.000,9999.000
202607270712,   1.641,   2.699,9999.000,9999.000,9999.000,9999.000,9999.000,9999.000,9999.000
202607270718,   1.607,   2.689,9999.000,9999.000,9999.000,9999.000,9999.000,9999.000,9999.000
202607270724,   1.572,   2.660,9999.000,9999.000,9999.000,9999.000,9999.000,9999.000,9999.000
202607270730,   1.537,   2.620,9999.000,9999.000,9999.000,9999.000,9999.000,9999.000,9999.000
202607270736,   1.502,   2.578,9999.000,9999.000,9999.000,9999.000,9999.000,9999.000,9999.000
202607270742,   1.467,   2.538,9999.000,9999.000,9999.000,9999.000,9999.000,9999.000,9999.000
202607270748,   1.431,   2.509,9999.000,9999.000,9999.000,9999.000,9999.000,9999.000,9999.000
202607270754,   1.395,   2.489,9999.000,9999.000,9999.000,9999.000,9999.000,9999.000,9999.000
202607270800,   1.360,   2.469,   0.900,   0.209,   2.469,   0.900,   2.469,   1.000,   2.569
202607270806,   1.324,   2.430,9999.000,9999.000,9999.000,9999.000,9999.000,9999.000,9999.000
202607270812,   1.289,   2.387,9999.000,9999.000,9999.000,9999.000,9999.000,9999.000,9999.000
202607270818,   1.254,   2.368,9999.000,9999.000,9999.000,9999.000,9999.000,9999.000,9999.000
202607270824,   1.219,   2.328,9999.000,9999.000,9999.000,9999.000,9999.000,9999.000,9999.000
202607270830,   1.184,   2.299,9999.000,9999.000,9999.000,9999.000,9999.000,9999.000,9999.000
202607270836,   1.150,   2.259,9999.000,9999.000,9999.000,9999.000,9999.000,9999.000,9999.000
202607270842,   1.116,   2.230,9999.000,9999.000,9999.000,9999.000,9999.000,9999.000,9999.000
202607270848,   1.082,   2.200,9999.000,9999.000,9999.000,9999.000,9999.000,9999.000,9999.000
202607270854,   1.049,   2.168,9999.000,9999.000,9999.000,9999.000,9999.000,9999.000,9999.000
202607270900,   1.016,   2.138,   1.000,   0.122,   2.138,   0.900,   2.038,   1.000,   2.138
202607270906,   0.984,   2.109,9999.000,9999.000,9999.000,9999.000,9999.000,9999.000,9999.000
202607270912,   0.951,   2.089,9999.000,9999.000,9999.000,9999.000,9999.000,9999.000,9999.000
202607270918,   0.920,   2.059,9999.000,9999.000,9999.000,9999.000,9999.000,9999.000,9999.000
202607270924,   0.889,   2.049,9999.000,9999.000,9999.000,9999.000,9999.000,9999.000,9999.000
202607270930,   0.858,   2.010,9999.000,9999.000,9999.000,9999.000,9999.000,9999.000,9999.000
202607270936,   0.828,   1.981,9999.000,9999.000,9999.000,9999.000,9999.000,9999.000,9999.000
202607270942,   0.799,   1.958,9999.000,9999.000,9999.000,9999.000,9999.000,9999.000,9999.000
202607270948,   0.770,   1.938,9999.000,9999.000,9999.000,9999.000,9999.000,9999.000,9999.000
202607270954,   0.743,   1.908,9999.000,9999.000,9999.000,9999.000,9999.000,9999.000,9999.000
202607271000,   0.715,   1.889,   1.000,   0.174,   1.889,   0.900,   1.789,   1.000,   1.889
202607271006,   0.689,   1.859,9999.000,9999.000,9999.000,9999.000,9999.000,9999.000,9999.000
202607271012,   0.664,   1.840,9999.000,9999.000,9999.000,9999.000,9999.000,9999.000,9999.000
202607271018,   0.640,   1.830,9999.000,9999.000,9999.000,9999.000,9999.000,9999.000,9999.000
202607271024,   0.616,   1.820,9999.000,9999.000,9999.000,9999.000,9999.000,9999.000,9999.000
202607271030,   0.594,   1.810,9999.000,9999.000,9999.000,9999.000,9999.000,9999.000,9999.000
202607271036,   0.574,   1.790,9999.000,9999.000,9999.000,9999.000,9999.000,9999.000,9999.000
202607271042,   0.554,   1.781,9999.000,9999.000,9999.000,9999.000,9999.000,9999.000,9999.000
202607271048,   0.536,   1.767,9999.000,9999.000,9999.000,9999.000,9999.000,9999.000,9999.000
202607271054,   0.520,   1.738,9999.000,9999.000,9999.000,9999.000,9999.000,9999.000,9999.000
202607271100,   0.505,   1.728,   1.000,   0.223,   1.728,   0.900,   1.628,   1.000,   1.728
202607271106,   0.492,   1.718,9999.000,9999.000,9999.000,9999.000,9999.000,9999.000,9999.000
202607271112,   0.481,   1.718,9999.000,9999.000,9999.000,9999.000,9999.000,9999.000,9999.000
202607271118,   0.471,   1.718,9999.000,9999.000,9999.000,9999.000,9999.000,9999.000,9999.000
202607271124,   0.464,   1.699,9999.000,9999.000,9999.000,9999.000,9999.000,9999.000,9999.000
202607271130,   0.459,   1.679,9999.000,9999.000,9999.000,9999.000,9999.000,9999.000,9999.000
202607271136,   0.455,   1.679,9999.000,9999.000,9999.000,9999.000,9999.000,9999.000,9999.000
202607271142,   0.454,   1.679,9999.000,9999.000,9999.000,9999.000,9999.000,9999.000,9999.000
202607271148,   0.456,   1.679,9999.000,9999.000,9999.000,9999.000,9999.000,9999.000,9999.000
202607271154,   0.459,   1.669,9999.000,9999.000,9999.000,9999.000,9999.000,9999.000,9999.000
202607271200,   0.465,   1.659,   0.900,   0.294,   1.659,   0.900,   1.659,   0.900,   1.659
202607271206,   0.473,   1.659,9999.000,9999.000,9999.000,9999.000,9999.000,9999.000,9999.000
202607271212,   0.483,   1.689,9999.000,9999.000,9999.000,9999.000,9999.000,9999.000,9999.000
202607271218,   0.495,   1.708,9999.000,9999.000,9999.000,9999.000,9999.000,9999.000,9999.000
202607271224,   0.510,   1.728,9999.000,9999.000,9999.000,9999.000,9999.000,9999.000,9999.000
202607271230,   0.527,   1.738,9999.000,9999.000,9999.000,9999.000,9999.000,9999.000,9999.000
202607271236,   0.546,   1.748,9999.000,9999.000,9999.000,9999.000,9999.000,9999.000,9999.000
202607271242,   0.568,   1.767,9999.000,9999.000,9999.000,9999.000,9999.000,9999.000,9999.000
202607271248,   0.591,   1.800,9999.000,9999.000,9999.000,9999.000,9999.000,9999.000,9999.000
202607271254,   0.616,   1.830,9999.000,9999.000,9999.000,9999.000,9999.000,9999.000,9999.000
202607271300,   0.643,   1.859,   0.900,   0.316,   1.859,   0.900,   1.859,   0.900,   1.859
202607271306,   0.672,   1.879,9999.000,9999.000,9999.000,9999.000,9999.000,9999.000,9999.000
202607271312,   0.703,   1.908,9999.000,9999.000,9999.000,9999.000,9999.000,9999.000,9999.000
202607271318,   0.734,   1.928,9999.000,9999.000,9999.000,9999.000,9999.000,9999.000,9999.000
202607271324,   0.768,   1.967,9999.000,9999.000,9999.000,9999.000,9999.000,9999.000,9999.000
202607271330,   0.802,   2.000,9999.000,9999.000,9999.000,9999.000,9999.000,9999.000,9999.000
202607271336,   0.838,   2.020,9999.000,9999.000,9999.000,9999.000,9999.000,9999.000,9999.000
202607271342,   0.874,   2.059,9999.000,9999.000,9999.000,9999.000,9999.000,9999.000,9999.000
202607271348,   0.911,   2.099,9999.000,9999.000,9999.000,9999.000,9999.000,9999.000,9999.000
202607271354,   0.949,   2.128,9999.000,9999.000,9999.000,9999.000,9999.000,9999.000,9999.000
202607271400,   0.987,   2.158,   0.900,   0.271,   2.158,   0.900,   2.158,   0.900,   2.158
202607271406,   1.026,   2.200,9999.000,9999.000,9999.000,9999.000,9999.000,9999.000,9999.000
202607271412,   1.065,   2.230,9999.000,9999.000,9999.000,9999.000,9999.000,9999.000,9999.000
202607271418,   1.103,   2.259,9999.000,9999.000,9999.000,9999.000,9999.000,9999.000,9999.000
202607271424,   1.142,   2.289,9999.000,9999.000,9999.000,9999.000,9999.000,9999.000,9999.000
202607271430,   1.180,   2.318,9999.000,9999.000,9999.000,9999.000,9999.000,9999.000,9999.000
202607271436,   1.218,   2.358,9999.000,9999.000,9999.000,9999.000,9999.000,9999.000,9999.000
202607271442,   1.255,   2.400,9999.000,9999.000,9999.000,9999.000,9999.000,9999.000,9999.000
202607271448,   1.292,   2.440,9999.000,9999.000,9999.000,9999.000,9999.000,9999.000,9999.000
202607271454,   1.328,   2.469,9999.000,9999.000,9999.000,9999.000,9999.000,9999.000,9999.000
202607271500,   1.363,   2.509,   0.900,   0.246,   2.509,   0.900,   2.509,   0.900,   2.509
202607271506,   1.397,   2.528,9999.000,9999.000,9999.000,9999.000,9999.000,9999.000,9999.000
202607271512,   1.429,   2.558,9999.000,9999.000,9999.000,9999.000,9999.000,9999.000,9999.000
202607271518,   1.461,   2.578,9999.000,9999.000,9999.000,9999.000,9999.000,9999.000,9999.000
202607271524,   1.491,   2.597,9999.000,9999.000,9999.000,9999.000,9999.000,9999.000,9999.000
202607271530,   1.520,   2.620,9999.000,9999.000,9999.000,9999.000,9999.000,9999.000,9999.000
202607271536,   1.547,   2.660,9999.000,9999.000,9999.000,9999.000,9999.000,9999.000,9999.000
202607271542,   1.573,   2.679,9999.000,9999.000,9999.000,9999.000,9999.000,9999.000,9999.000
202607271548,   1.598,   2.699,9999.000,9999.000,9999.000,9999.000,9999.000,9999.000,9999.000
202607271554,   1.620,   2.719,9999.000,9999.000,9999.000,9999.000,9999.000,9999.000,9999.000
202607271600,   1.641,   2.728,   0.900,   0.187,   2.728,   0.900,   2.728,   0.900,   2.728
202607271606,   1.660,   2.738,9999.000,9999.000,9999.000,9999.000,9999.000,9999.000,9999.000
202607271612,   1.677,   2.738,9999.000,9999.000,9999.000,9999.000,9999.000,9999.000,9999.000
202607271618,   1.693,   2.748,9999.000,9999.000,9999.000,9999.000,9999.000,9999.000,9999.000
202607271624,   1.706,   2.758,9999.000,9999.000,9999.000,9999.000,9999.000,9999.000,9999.000
202607271630,   1.718,   2.758,9999.000,9999.000,9999.000,9999.000,9999.000,9999.000,9999.000
202607271636,   1.728,   2.778,9999.000,9999.000,9999.000,9999.000,9999.000,9999.000,9999.000
202607271642,   1.735,   2.768,9999.000,9999.000,9999.000,9999.000,9999.000,9999.000,9999.000
202607271648,   1.741,   2.758,9999.000,9999.000,9999.000,9999.000,9999.000,9999.000,9999.000
202607271654,   1.745,   2.748,9999.000,9999.000,9999.000,9999.000,9999.000,9999.000,9999.000
202607271700,   1.746,   2.748,   0.900,   0.102,   2.748,   0.900,   2.748,   0.900,   2.748
202607271706,   1.746,   2.748,9999.000,9999.000,9999.000,9999.000,9999.000,9999.000,9999.000
202607271712,   1.743,   2.748,9999.000,9999.000,9999.000,9999.000,9999.000,9999.000,9999.000
202607271718,   1.739,   2.748,9999.000,9999.000,9999.000,9999.000,9999.000,9999.000,9999.000
202607271724,   1.732,   2.719,9999.000,9999.000,9999.000,9999.000,9999.000,9999.000,9999.000
202607271730,   1.724,   2.709,9999.000,9999.000,9999.000,9999.000,9999.000,9999.000,9999.000
202607271736,   1.713,   2.679,9999.000,9999.000,9999.000,9999.000,9999.000,9999.000,9999.000
202607271742,   1.700,   2.669,9999.000,9999.000,9999.000,9999.000,9999.000,9999.000,9999.000
202607271748,   1.686,   2.660,9999.000,9999.000,9999.000,9999.000,9999.000,9999.000,9999.000
202607271754,   1.669,   2.640,9999.000,9999.000,9999.000,9999.000,9999.000,9999.000,9999.000
202607271800,   1.651,   2.610,   0.900,   0.059,   2.610,   0.900,   2.610,   0.900,   2.610
202607271806,   1.631,   2.597,9999.000,9999.000,9999.000,9999.000,9999.000,9999.000,9999.000
202607271812,   1.609,   2.568,9999.000,9999.000,9999.000,9999.000,9999.000,9999.000,9999.000
202607271818,   1.585,   2.548,9999.000,9999.000,9999.000,9999.000,9999.000,9999.000,9999.000
202607271824,   1.560,   2.519,9999.000,9999.000,9999.000,9999.000,9999.000,9999.000,9999.000
202607271830,   1.533,   2.489,9999.000,9999.000,9999.000,9999.000,9999.000,9999.000,9999.000
202607271836,   1.505,   2.459,9999.000,9999.000,9999.000,9999.000,9999.000,9999.000,9999.000
202607271842,   1.476,   2.440,9999.000,9999.000,9999.000,9999.000,9999.000,9999.000,9999.000
202607271848,   1.445,   2.400,9999.000,9999.000,9999.000,9999.000,9999.000,9999.000,9999.000
202607271854,   1.413,   2.377,9999.000,9999.000,9999.000,9999.000,9999.000,9999.000,9999.000
202607271900,   1.381,   2.328,   0.900,   0.047,   2.328,   0.900,   2.328,   0.900,   2.328
202607271906,   1.347,   2.309,9999.000,9999.000,9999.000,9999.000,9999.000,9999.000,9999.000
202607271912,   1.312,   2.279,9999.000,9999.000,9999.000,9999.000,9999.000,9999.000,9999.000
202607271918,   1.277,   2.250,9999.000,9999.000,9999.000,9999.000,9999.000,9999.000,9999.000
202607271924,   1.241,   2.200,9999.000,9999.000,9999.000,9999.000,9999.000,9999.000,9999.000
202607271930,   1.205,   2.158,9999.000,9999.000,9999.000,9999.000,9999.000,9999.000,9999.000
202607271936,   1.169,   2.118,9999.000,9999.000,9999.000,9999.000,9999.000,9999.000,9999.000
202607271942,   1.132,   2.079,9999.000,9999.000,9999.000,9999.000,9999.000,9999.000,9999.000
202607271948,   1.095,   2.049,9999.000,9999.000,9999.000,9999.000,9999.000,9999.000,9999.000
202607271954,   1.059,   2.010,9999.000,9999.000,9999.000,9999.000,9999.000,9999.000,9999.000
202607272000,   1.022,   1.981,   0.900,   0.059,   1.981,   0.900,   1.981,   0.900,   1.981
202607272006,   0.985,   1.958,9999.000,9999.000,9999.000,9999.000,9999.000,9999.000,9999.000
202607272012,   0.949,   1.908,9999.000,9999.000,9999.000,9999.000,9999.000,9999.000,9999.000
202607272018,   0.914,   1.869,9999.000,9999.000,9999.000,9999.000,9999.000,9999.000,9999.000
202607272024,   0.878,   1.840,9999.000,9999.000,9999.000,9999.000,9999.000,9999.000,9999.000
202607272030,   0.844,   1.800,9999.000,9999.000,9999.000,9999.000,9999.000,9999.000,9999.000
202607272036,   0.810,   1.748,9999.000,9999.000,9999.000,9999.000,9999.000,9999.000,9999.000
202607272042,   0.776,   1.718,9999.000,9999.000,9999.000,9999.000,9999.000,9999.000,9999.000
202607272048,   0.744,   1.689,9999.000,9999.000,9999.000,9999.000,9999.000,9999.000,9999.000
202607272054,   0.712,   1.659,9999.000,9999.000,9999.000,9999.000,9999.000,9999.000,9999.000
202607272100,   0.681,   1.639,   0.900,   0.058,   1.639,   0.900,   1.639,   1.000,   1.739
202607272106,   0.651,   1.610,9999.000,9999.000,9999.000,9999.000,9999.000,9999.000,9999.000
202607272112,   0.622,   1.580,9999.000,9999.000,9999.000,9999.000,9999.000,9999.000,9999.000
202607272118,   0.594,   1.557,9999.000,9999.000,9999.000,9999.000,9999.000,9999.000,9999.000
202607272124,   0.568,   1.538,9999.000,9999.000,9999.000,9999.000,9999.000,9999.000,9999.000
202607272130,   0.542,   1.518,9999.000,9999.000,9999.000,9999.000,9999.000,9999.000,9999.000
202607272136,   0.517,   1.489,9999.000,9999.000,9999.000,9999.000,9999.000,9999.000,9999.000
202607272142,   0.493,   1.459,9999.000,9999.000,9999.000,9999.000,9999.000,9999.000,9999.000
202607272148,   0.471,   1.430,9999.000,9999.000,9999.000,9999.000,9999.000,9999.000,9999.000
202607272154,   0.450,   1.410,9999.000,9999.000,9999.000,9999.000,9999.000,9999.000,9999.000
202607272200,   0.430,   1.400,   0.900,   0.070,   1.400,   0.900,   1.400,   1.000,   1.500
202607272206,   0.411,   1.390,9999.000,9999.000,9999.000,9999.000,9999.000,9999.000,9999.000
202607272212,   0.394,   1.380,9999.000,9999.000,9999.000,9999.000,9999.000,9999.000,9999.000
202607272218,   0.378,   1.361,9999.000,9999.000,9999.000,9999.000,9999.000,9999.000,9999.000
202607272224,   0.364,   1.338,9999.000,9999.000,9999.000,9999.000,9999.000,9999.000,9999.000
202607272230,   0.351,   1.318,9999.000,9999.000,9999.000,9999.000,9999.000,9999.000,9999.000
202607272236,   0.339,   1.298,9999.000,9999.000,9999.000,9999.000,9999.000,9999.000,9999.000
202607272242,   0.329,   1.308,9999.000,9999.000,9999.000,9999.000,9999.000,9999.000,9999.000
202607272248,   0.321,   1.318,9999.000,9999.000,9999.000,9999.000,9999.000,9999.000,9999.000
202607272254,   0.315,   1.308,9999.000,9999.000,9999.000,9999.000,9999.000,9999.000,9999.000
202607272300,   0.310,   1.298,   0.900,   0.088,   1.298,   0.900,   1.298,   1.000,   1.398
202607272306,   0.307,   1.298,9999.000,9999.000,9999.000,9999.000,9999.000,9999.000,9999.000
202607272312,   0.306,   1.279,9999.000,9999.000,9999.000,9999.000,9999.000,9999.000,9999.000
202607272318,   0.307,   1.279,9999.000,9999.000,9999.000,9999.000,9999.000,9999.000,9999.000
202607272324,   0.310,   1.279,9999.000,9999.000,9999.000,9999.000,9999.000,9999.000,9999.000
202607272330,   0.314,   1.289,9999.000,9999.000,9999.000,9999.000,9999.000,9999.000,9999.000
202607272336,   0.322,   1.289,9999.000,9999.000,9999.000,9999.000,9999.000,9999.000,9999.000
202607272342,   0.331,   1.289,9999.000,9999.000,9999.000,9999.000,9999.000,9999.000,9999.000
202607272348,   0.342,   1.289,9999.000,9999.000,9999.000,9999.000,9999.000,9999.000,9999.000
202607272354,   0.356,   1.289,9999.000,9999.000,9999.000,9999.000,9999.000,9999.000,9999.000
202607280000,   0.372,   1.308,   0.900,   0.036,   1.308,   0.900,   1.308,   0.900,   1.308
202607280006,   0.390,   1.318,9999.000,9999.000,9999.000,9999.000,9999.000,9999.000,9999.000
202607280012,   0.410,   1.338,9999.000,9999.000,9999.000,9999.000,9999.000,9999.000,9999.000
202607280018,   0.433,   1.371,9999.000,9999.000,9999.000,9999.000,9999.000,9999.000,9999.000
202607280024,   0.458,   1.390,9999.000,9999.000,9999.000,9999.000,9999.000,9999.000,9999.000
202607280030,   0.485,   1.410,9999.000,9999.000,9999.000,9999.000,9999.000,9999.000,9999.000
202607280036,   0.514,   1.430,9999.000,9999.000,9999.000,9999.000,9999.000,9999.000,9999.000
202607280042,   0.546,   1.449,9999.000,9999.000,9999.000,9999.000,9999.000,9999.000,9999.000
202607280048,   0.579,   1.469,9999.000,9999.000,9999.000,9999.000,9999.000,9999.000,9999.000
202607280054,   0.615,   1.518,9999.000,9999.000,9999.000,9999.000,9999.000,9999.000,9999.000
202607280100,   0.652,   1.548,   0.900,  -0.004,   1.548,   0.900,   1.548,   0.900,   1.548
202607280106,   0.692,   1.580,9999.000,9999.000,9999.000,9999.000,9999.000,9999.000,9999.000
202607280112,   0.733,   1.630,9999.000,9999.000,9999.000,9999.000,9999.000,9999.000,9999.000
202607280118,   0.775,   1.659,9999.000,9999.000,9999.000,9999.000,9999.000,9999.000,9999.000
202607280124,   0.819,   1.699,9999.000,9999.000,9999.000,9999.000,9999.000,9999.000,9999.000
202607280130,   0.864,   1.728,9999.000,9999.000,9999.000,9999.000,9999.000,9999.000,9999.000
202607280136,   0.911,   1.767,9999.000,9999.000,9999.000,9999.000,9999.000,9999.000,9999.000
202607280142,   0.958,   1.810,9999.000,9999.000,9999.000,9999.000,9999.000,9999.000,9999.000
202607280148,   1.006,   1.849,9999.000,9999.000,9999.000,9999.000,9999.000,9999.000,9999.000
202607280154,   1.055,   1.899,9999.000,9999.000,9999.000,9999.000,9999.000,9999.000,9999.000
202607280200,   1.104,   1.938,   0.900,  -0.066,   1.938,   0.900,   1.938,   0.900,   1.938
202607280206,   1.154,   2.000,9999.000,9999.000,9999.000,9999.000,9999.000,9999.000,9999.000
202607280212,   1.204,   2.040,9999.000,9999.000,9999.000,9999.000,9999.000,9999.000,9999.000
202607280218,   1.254,   2.079,9999.000,9999.000,9999.000,9999.000,9999.000,9999.000,9999.000
202607280224,   1.303,   2.118,9999.000,9999.000,9999.000,9999.000,9999.000,9999.000,9999.000
202607280230,   1.353,   2.168,9999.000,9999.000,9999.000,9999.000,9999.000,9999.000,9999.000
202607280236,   1.401,   2.220,9999.000,9999.000,9999.000,9999.000,9999.000,9999.000,9999.000
202607280242,   1.450,   2.269,9999.000,9999.000,9999.000,9999.000,9999.000,9999.000,9999.000
202607280248,   1.497,   2.309,9999.000,9999.000,9999.000,9999.000,9999.000,9999.000,9999.000
202607280254,   1.544,   2.358,9999.000,9999.000,9999.000,9999.000,9999.000,9999.000,9999.000
202607280300,   1.589,   2.400,   0.900,  -0.089,   2.400,   0.900,   2.400,   0.900,   2.400
202607280306,   1.634,   2.440,9999.000,9999.000,9999.000,9999.000,9999.000,9999.000,9999.000
202607280312,   1.677,   2.479,9999.000,9999.000,9999.000,9999.000,9999.000,9999.000,9999.000
202607280318,   1.719,   2.528,9999.000,9999.000,9999.000,9999.000,9999.000,9999.000,9999.000
202607280324,   1.759,   2.558,9999.000,9999.000,9999.000,9999.000,9999.000,9999.000,9999.000
202607280330,   1.797,   2.597,9999.000,9999.000,9999.000,9999.000,9999.000,9999.000,9999.000
202607280336,   1.835,   2.630,9999.000,9999.000,9999.000,9999.000,9999.000,9999.000,9999.000
202607280342,   1.870,   2.660,9999.000,9999.000,9999.000,9999.000,9999.000,9999.000,9999.000
202607280348,   1.903,   2.699,9999.000,9999.000,9999.000,9999.000,9999.000,9999.000,9999.000
202607280354,   1.935,   2.728,9999.000,9999.000,9999.000,9999.000,9999.000,9999.000,9999.000
202607280400,   1.965,   2.748,   0.900,  -0.117,   2.748,   0.900,   2.748,   0.900,   2.748
202607280406,   1.993,   2.787,9999.000,9999.000,9999.000,9999.000,9999.000,9999.000,9999.000
202607280412,   2.019,   2.807,9999.000,9999.000,9999.000,9999.000,9999.000,9999.000,9999.000
202607280418,   2.043,   2.820,9999.000,9999.000,9999.000,9999.000,9999.000,9999.000,9999.000
202607280424,   2.065,   2.840,9999.000,9999.000,9999.000,9999.000,9999.000,9999.000,9999.000
202607280430,   2.085,   2.850,9999.000,9999.000,9999.000,9999.000,9999.000,9999.000,9999.000
202607280436,   2.103,   2.879,9999.000,9999.000,9999.000,9999.000,9999.000,9999.000,9999.000
202607280442,   2.119,   2.879,9999.000,9999.000,9999.000,9999.000,9999.000,9999.000,9999.000
202607280448,   2.133,   2.889,9999.000,9999.000,9999.000,9999.000,9999.000,9999.000,9999.000
202607280454,   2.144,   2.909,9999.000,9999.000,9999.000,9999.000,9999.000,9999.000,9999.000
202607280500,   2.154,   2.919,   0.900,  -0.135,   2.919,   0.900,   2.919,   0.900,   2.919
202607280506,   2.162,   2.929,9999.000,9999.000,9999.000,9999.000,9999.000,9999.000,9999.000
202607280512,   2.167,   2.938,9999.000,9999.000,9999.000,9999.000,9999.000,9999.000,9999.000
202607280518,   2.171,   2.929,9999.000,9999.000,9999.000,9999.000,9999.000,9999.000,9999.000
202607280524,   2.172,   2.929,9999.000,9999.000,9999.000,9999.000,9999.000,9999.000,9999.000
202607280530,   2.171,   2.929,9999.000,9999.000,9999.000,9999.000,9999.000,9999.000,9999.000
202607280536,   2.169,   2.929,9999.000,9999.000,9999.000,9999.000,9999.000,9999.000,9999.000
202607280542,   2.164,   2.919,9999.000,9999.000,9999.000,9999.000,9999.000,9999.000,9999.000
202607280548,   2.158,   2.919,9999.000,9999.000,9999.000,9999.000,9999.000,9999.000,9999.000
202607280554,   2.149,   2.909,9999.000,9999.000,9999.000,9999.000,9999.000,9999.000,9999.000
202607280600,   2.139,   2.899,   0.900,  -0.140,   2.899,   0.800,   2.799,   0.900,   2.899
202607280606,   2.126,   2.899,9999.000,9999.000,9999.000,9999.000,9999.000,9999.000,9999.000
202607280612,   2.112,   2.879,9999.000,9999.000,9999.000,9999.000,9999.000,9999.000,9999.000
202607280618,   2.096,   2.869,9999.000,9999.000,9999.000,9999.000,9999.000,9999.000,9999.000
202607280624,   2.078,   2.840,9999.000,9999.000,9999.000,9999.000,9999.000,9999.000,9999.000
202607280630,   2.059,   2.830,9999.000,9999.000,9999.000,9999.000,9999.000,9999.000,9999.000
202607280636,   2.038,   2.807,9999.000,9999.000,9999.000,9999.000,9999.000,9999.000,9999.000
202607280642,   2.015,   2.787,9999.000,9999.000,9999.000,9999.000,9999.000,9999.000,9999.000
202607280648,   1.990,   2.768,9999.000,9999.000,9999.000,9999.000,9999.000,9999.000,9999.000
202607280654,   1.965,   2.748,9999.000,9999.000,9999.000,9999.000,9999.000,9999.000,9999.000
202607280700,   1.938,   2.728,   0.900,  -0.110,   2.728,   0.900,   2.728,   0.900,   2.728
202607280706,   1.909,   2.709,9999.000,9999.000,9999.000,9999.000,9999.000,9999.000,9999.000
202607280712,   1.879,   2.679,9999.000,9999.000,9999.000,9999.000,9999.000,9999.000,9999.000
202607280718,   1.849,   2.650,9999.000,9999.000,9999.000,9999.000,9999.000,9999.000,9999.000
202607280724,   1.817,   2.620,9999.000,9999.000,9999.000,9999.000,9999.000,9999.000,9999.000
202607280730,   1.784,   2.578,9999.000,9999.000,9999.000,9999.000,9999.000,9999.000,9999.000
202607280736,   1.750,   2.558,9999.000,9999.000,9999.000,9999.000,9999.000,9999.000,9999.000
202607280742,   1.716,   2.528,9999.000,9999.000,9999.000,9999.000,9999.000,9999.000,9999.000
202607280748,   1.681,   2.499,9999.000,9999.000,9999.000,9999.000,9999.000,9999.000,9999.000
202607280754,   1.645,   2.459,9999.000,9999.000,9999.000,9999.000,9999.000,9999.000,9999.000
202607280800,   1.609,   2.420,   0.900,  -0.089,   2.420,   0.900,   2.420,   0.900,   2.420
202607280806,   1.572,   2.400,9999.000,9999.000,9999.000,9999.000,9999.000,9999.000,9999.000
202607280812,   1.535,   2.358,9999.000,9999.000,9999.000,9999.000,9999.000,9999.000,9999.000
202607280818,   1.497,   2.318,9999.000,9999.000,9999.000,9999.000,9999.000,9999.000,9999.000
202607280824,   1.460,   2.289,9999.000,9999.000,9999.000,9999.000,9999.000,9999.000,9999.000
202607280830,   1.422,   2.250,9999.000,9999.000,9999.000,9999.000,9999.000,9999.000,9999.000
202607280836,   1.385,   2.220,9999.000,9999.000,9999.000,9999.000,9999.000,9999.000,9999.000
202607280842,   1.347,   2.191,9999.000,9999.000,9999.000,9999.000,9999.000,9999.000,9999.000
202607280848,   1.309,   2.148,9999.000,9999.000,9999.000,9999.000,9999.000,9999.000,9999.000
202607280854,   1.272,   2.109,9999.000,9999.000,9999.000,9999.000,9999.000,9999.000,9999.000
202607280900,   1.235,   2.069,   0.900,  -0.066,   2.069,   0.900,   2.069,   0.900,   2.069
202607280906,   1.198,   2.030,9999.000,9999.000,9999.000,9999.000,9999.000,9999.000,9999.000
202607280912,   1.161,   2.000,9999.000,9999.000,9999.000,9999.000,9999.000,9999.000,9999.000
202607280918,   1.125,   1.967,9999.000,9999.000,9999.000,9999.000,9999.000,9999.000,9999.000
202607280924,   1.089,   1.928,9999.000,9999.000,9999.000,9999.000,9999.000,9999.000,9999.000
202607280930,   1.053,   1.889,9999.000,9999.000,9999.000,9999.000,9999.000,9999.000,9999.000
202607280936,   1.018,   1.859,9999.000,9999.000,9999.000,9999.000,9999.000,9999.000,9999.000
202607280942,   0.984,   1.830,9999.000,9999.000,9999.000,9999.000,9999.000,9999.000,9999.000
202607280948,   0.950,   1.800,9999.000,9999.000,9999.000,9999.000,9999.000,9999.000,9999.000
202607280954,   0.916,   1.781,9999.000,9999.000,9999.000,9999.000,9999.000,9999.000,9999.000
202607281000,   0.883,   1.748,   0.900,  -0.035,   1.748,   0.900,   1.748,   0.900,   1.748
202607281006,   0.851,   1.728,9999.000,9999.000,9999.000,9999.000,9999.000,9999.000,9999.000
202607281012,   0.819,   1.699,9999.000,9999.000,9999.000,9999.000,9999.000,9999.000,9999.000
202607281018,   0.788,   1.669,9999.000,9999.000,9999.000,9999.000,9999.000,9999.000,9999.000
202607281024,   0.758,   1.639,9999.000,9999.000,9999.000,9999.000,9999.000,9999.000,9999.000
202607281030,   0.728,   1.630,9999.000,9999.000,9999.000,9999.000,9999.000,9999.000,9999.000
202607281036,   0.700,   1.610,9999.000,9999.000,9999.000,9999.000,9999.000,9999.000,9999.000
202607281042,   0.672,   1.610,9999.000,9999.000,9999.000,9999.000,9999.000,9999.000,9999.000
202607281048,   0.645,   1.590,9999.000,9999.000,9999.000,9999.000,9999.000,9999.000,9999.000
202607281054,   0.620,   1.571,9999.000,9999.000,9999.000,9999.000,9999.000,9999.000,9999.000
202607281100,   0.595,   1.548,   0.900,   0.053,   1.548,   0.900,   1.548,   0.900,   1.548
202607281106,   0.572,   1.518,9999.000,9999.000,9999.000,9999.000,9999.000,9999.000,9999.000
202607281112,   0.550,   1.498,9999.000,9999.000,9999.000,9999.000,9999.000,9999.000,9999.000
202607281118,   0.529,   1.479,9999.000,9999.000,9999.000,9999.000,9999.000,9999.000,9999.000
202607281124,   0.510,   1.469,9999.000,9999.000,9999.000,9999.000,9999.000,9999.000,9999.000
202607281130,   0.492,   1.459,9999.000,9999.000,9999.000,9999.000,9999.000,9999.000,9999.000
202607281136,   0.476,   1.449,9999.000,9999.000,9999.000,9999.000,9999.000,9999.000,9999.000
202607281142,   0.462,   1.439,9999.000,9999.000,9999.000,9999.000,9999.000,9999.000,9999.000
202607281148,   0.450,   1.430,9999.000,9999.000,9999.000,9999.000,9999.000,9999.000,9999.000
202607281154,   0.439,   1.410,9999.000,9999.000,9999.000,9999.000,9999.000,9999.000,9999.000
202607281200,   0.431,   1.390,   0.800,   0.159,   1.390,   0.800,   1.390,   0.800,   1.390
202607281206,   0.424,   1.390,9999.000,9999.000,9999.000,9999.000,9999.000,9999.000,9999.000
202607281212,   0.420,   1.390,9999.000,9999.000,9999.000,9999.000,9999.000,9999.000,9999.000
202607281218,   0.418,   1.390,9999.000,9999.000,9999.000,9999.000,9999.000,9999.000,9999.000
202607281224,   0.418,   1.390,9999.000,9999.000,9999.000,9999.000,9999.000,9999.000,9999.000
202607281230,   0.421,   1.400,9999.000,9999.000,9999.000,9999.000,9999.000,9999.000,9999.000
202607281236,   0.426,   1.410,9999.000,9999.000,9999.000,9999.000,9999.000,9999.000,9999.000
202607281242,   0.433,   1.410,9999.000,9999.000,9999.000,9999.000,9999.000,9999.000,9999.000
202607281248,   0.443,   1.430,9999.000,9999.000,9999.000,9999.000,9999.000,9999.000,9999.000
202607281254,   0.455,   1.439,9999.000,9999.000,9999.000,9999.000,9999.000,9999.000,9999.000
202607281300,   0.470,   1.459,   0.800,   0.189,   1.459,   0.800,   1.459,   0.800,   1.459
202607281306,   0.487,   1.459,9999.000,9999.000,9999.000,9999.000,9999.000,9999.000,9999.000
202607281312,   0.506,   1.489,9999.000,9999.000,9999.000,9999.000,9999.000,9999.000,9999.000
202607281318,   0.527,   1.498,9999.000,9999.000,9999.000,9999.000,9999.000,9999.000,9999.000
202607281324,   0.551,   1.528,9999.000,9999.000,9999.000,9999.000,9999.000,9999.000,9999.000
202607281330,   0.577,   1.548,9999.000,9999.000,9999.000,9999.000,9999.000,9999.000,9999.000
202607281336,   0.605,   1.580,9999.000,9999.000,9999.000,9999.000,9999.000,9999.000,9999.000
202607281342,   0.635,   1.610,9999.000,9999.000,9999.000,9999.000,9999.000,9999.000,9999.000
202607281348,   0.666,   1.639,9999.000,9999.000,9999.000,9999.000,9999.000,9999.000,9999.000
202607281354,   0.700,   1.679,9999.000,9999.000,9999.000,9999.000,9999.000,9999.000,9999.000
202607281400,   0.735,   1.708,   0.800,   0.173,   1.708,   0.800,   1.708,   0.800,   1.708
202607281406,   0.771,   1.718,9999.000,9999.000,9999.000,9999.000,9999.000,9999.000,9999.000
202607281412,   0.808,   1.748,9999.000,9999.000,9999.000,9999.000,9999.000,9999.000,9999.000
202607281418,   0.847,   1.790,9999.000,9999.000,9999.000,9999.000,9999.000,9999.000,9999.000
202607281424,   0.886,   1.830,9999.000,9999.000,9999.000,9999.000,9999.000,9999.000,9999.000
202607281430,   0.927,   1.859,9999.000,9999.000,9999.000,9999.000,9999.000,9999.000,9999.000
202607281436,   0.967,   1.908,9999.000,9999.000,9999.000,9999.000,9999.000,9999.000,9999.000
202607281442,   1.009,   1.958,9999.000,9999.000,9999.000,9999.000,9999.000,9999.000,9999.000
202607281448,   1.050,   2.000,9999.000,9999.000,9999.000,9999.000,9999.000,9999.000,9999.000
202607281454,   1.092,   2.040,9999.000,9999.000,9999.000,9999.000,9999.000,9999.000,9999.000
202607281500,   1.133,   2.079,   0.800,   0.146,   2.079,   0.800,   2.079,   0.900,   2.179
202607281506,   1.174,   2.118,9999.000,9999.000,9999.000,9999.000,9999.000,9999.000,9999.000
202607281512,   1.215,   2.148,9999.000,9999.000,9999.000,9999.000,9999.000,9999.000,9999.000
202607281518,   1.256,   2.200,9999.000,9999.000,9999.000,9999.000,9999.000,9999.000,9999.000
202607281524,   1.295,   2.240,9999.000,9999.000,9999.000,9999.000,9999.000,9999.000,9999.000
202607281530,   1.334,   2.269,9999.000,9999.000,9999.000,9999.000,9999.000,9999.000,9999.000
202607281536,   1.372,   2.318,9999.000,9999.000,9999.000,9999.000,9999.000,9999.000,9999.000
202607281542,   1.408,   2.358,9999.000,9999.000,9999.000,9999.000,9999.000,9999.000,9999.000
202607281548,   1.444,   2.400,9999.000,9999.000,9999.000,9999.000,9999.000,9999.000,9999.000
202607281554,   1.478,   2.440,9999.000,9999.000,9999.000,9999.000,9999.000,9999.000,9999.000
202607281600,   1.511,   2.479,   0.800,   0.168,   2.479,   0.800,   2.479,   0.900,   2.579
202607281606,   1.542,   2.519,9999.000,9999.000,9999.000,9999.000,9999.000,9999.000,9999.000
202607281612,   1.572,   2.538,9999.000,9999.000,9999.000,9999.000,9999.000,9999.000,9999.000
202607281618,   1.600,   2.558,9999.000,9999.000,9999.000,9999.000,9999.000,9999.000,9999.000
202607281624,   1.627,   2.587,9999.000,9999.000,9999.000,9999.000,9999.000,9999.000,9999.000
202607281630,   1.651,   2.620,9999.000,9999.000,9999.000,9999.000,9999.000,9999.000,9999.000
202607281636,   1.674,   2.640,9999.000,9999.000,9999.000,9999.000,9999.000,9999.000,9999.000
202607281642,   1.695,   2.669,9999.000,9999.000,9999.000,9999.000,9999.000,9999.000,9999.000
202607281648,   1.715,   2.689,9999.000,9999.000,9999.000,9999.000,9999.000,9999.000,9999.000
202607281654,   1.732,   2.709,9999.000,9999.000,9999.000,9999.000,9999.000,9999.000,9999.000
202607281700,   1.747,   2.719,   0.800,   0.172,   2.719,   0.800,   2.719,   0.900,   2.819
202607281706,   1.760,   2.728,9999.000,9999.000,9999.000,9999.000,9999.000,9999.000,9999.000
202607281712,   1.771,   2.748,9999.000,9999.000,9999.000,9999.000,9999.000,9999.000,9999.000
202607281718,   1.781,   2.748,9999.000,9999.000,9999.000,9999.000,9999.000,9999.000,9999.000
202607281724,   1.788,   2.738,9999.000,9999.000,9999.000,9999.000,9999.000,9999.000,9999.000
202607281730,   1.793,   2.738,9999.000,9999.000,9999.000,9999.000,9999.000,9999.000,9999.000
202607281736,   1.796,   2.758,9999.000,9999.000,9999.000,9999.000,9999.000,9999.000,9999.000
202607281742,   1.797,   2.758,9999.000,9999.000,9999.000,9999.000,9999.000,9999.000,9999.000
202607281748,   1.796,   2.758,9999.000,9999.000,9999.000,9999.000,9999.000,9999.000,9999.000
202607281754,   1.793,   2.758,9999.000,9999.000,9999.000,9999.000,9999.000,9999.000,9999.000
202607281800,   1.788,   2.758,   0.900,   0.070,   2.758,   0.800,   2.658,   0.900,   2.758
202607281806,   1.781,   2.738,9999.000,9999.000,9999.000,9999.000,9999.000,9999.000,9999.000
202607281812,   1.771,   2.728,9999.000,9999.000,9999.000,9999.000,9999.000,9999.000,9999.000
202607281818,   1.760,   2.728,9999.000,9999.000,9999.000,9999.000,9999.000,9999.000,9999.000
202607281824,   1.747,   2.709,9999.000,9999.000,9999.000,9999.000,9999.000,9999.000,9999.000
202607281830,   1.732,   2.719,9999.000,9999.000,9999.000,9999.000,9999.000,9999.000,9999.000
202607281836,   1.715,   2.699,9999.000,9999.000,9999.000,9999.000,9999.000,9999.000,9999.000
202607281842,   1.697,   2.699,9999.000,9999.000,9999.000,9999.000,9999.000,9999.000,9999.000
202607281848,   1.676,   2.679,9999.000,9999.000,9999.000,9999.000,9999.000,9999.000,9999.000
202607281854,   1.654,   2.669,9999.000,9999.000,9999.000,9999.000,9999.000,9999.000,9999.000
202607281900,   1.630,   2.650,   0.900,   0.120,   2.650,   0.800,   2.550,   0.900,   2.650
202607281906,   1.605,   2.650,9999.000,9999.000,9999.000,9999.000,9999.000,9999.000,9999.000
202607281912,   1.578,   2.620,9999.000,9999.000,9999.000,9999.000,9999.000,9999.000,9999.000
202607281918,   1.549,   2.597,9999.000,9999.000,9999.000,9999.000,9999.000,9999.000,9999.000
202607281924,   1.520,   2.568,9999.000,9999.000,9999.000,9999.000,9999.000,9999.000,9999.000
202607281930,   1.489,   2.558,9999.000,9999.000,9999.000,9999.000,9999.000,9999.000,9999.000
202607281936,   1.456,   2.538,9999.000,9999.000,9999.000,9999.000,9999.000,9999.000,9999.000
202607281942,   1.423,   2.499,9999.000,9999.000,9999.000,9999.000,9999.000,9999.000,9999.000
202607281948,   1.389,   2.499,9999.000,9999.000,9999.000,9999.000,9999.000,9999.000,9999.000
202607281954,   1.354,   2.459,9999.000,9999.000,9999.000,9999.000,9999.000,9999.000,9999.000
202607282000,   1.318,   2.440,   0.900,   0.222,   2.440,   0.800,   2.340,   0.900,   2.440
202607282006,   1.282,   2.400,9999.000,9999.000,9999.000,9999.000,9999.000,9999.000,9999.000
202607282012,   1.245,   2.368,9999.000,9999.000,9999.000,9999.000,9999.000,9999.000,9999.000
202607282018,   1.208,   2.338,9999.000,9999.000,9999.000,9999.000,9999.000,9999.000,9999.000
202607282024,   1.170,   2.309,9999.000,9999.000,9999.000,9999.000,9999.000,9999.000,9999.000
202607282030,   1.132,   2.250,9999.000,9999.000,9999.000,9999.000,9999.000,9999.000,9999.000
202607282036,   1.095,   2.230,9999.000,9999.000,9999.000,9999.000,9999.000,9999.000,9999.000
202607282042,   1.057,   2.191,9999.000,9999.000,9999.000,9999.000,9999.000,9999.000,9999.000
202607282048,   1.020,   2.177,9999.000,9999.000,9999.000,9999.000,9999.000,9999.000,9999.000
202607282054,   0.982,   2.148,9999.000,9999.000,9999.000,9999.000,9999.000,9999.000,9999.000
202607282100,   0.945,   2.128,   0.900,   0.283,   2.128,   0.900,   2.128,   0.900,   2.128
202607282106,   0.908,   2.109,9999.000,9999.000,9999.000,9999.000,9999.000,9999.000,9999.000
202607282112,   0.872,   2.079,9999.000,9999.000,9999.000,9999.000,9999.000,9999.000,9999.000
202607282118,   0.836,   2.049,9999.000,9999.000,9999.000,9999.000,9999.000,9999.000,9999.000
202607282124,   0.801,   2.030,9999.000,9999.000,9999.000,9999.000,9999.000,9999.000,9999.000
202607282130,   0.767,   1.990,9999.000,9999.000,9999.000,9999.000,9999.000,9999.000,9999.000
202607282136,   0.734,   1.958,9999.000,9999.000,9999.000,9999.000,9999.000,9999.000,9999.000
202607282142,   0.701,   1.918,9999.000,9999.000,9999.000,9999.000,9999.000,9999.000,9999.000
202607282148,   0.669,   1.899,9999.000,9999.000,9999.000,9999.000,9999.000,9999.000,9999.000
202607282154,   0.639,   1.859,9999.000,9999.000,9999.000,9999.000,9999.000,9999.000,9999.000
202607282200,   0.609,   1.840,   0.900,   0.331,   1.840,   0.900,   1.840,   0.900,   1.840
202607282206,   0.580,   1.820,9999.000,9999.000,9999.000,9999.000,9999.000,9999.000,9999.000
202607282212,   0.553,   1.790,9999.000,9999.000,9999.000,9999.000,9999.000,9999.000,9999.000
202607282218,   0.526,   1.758,9999.000,9999.000,9999.000,9999.000,9999.000,9999.000,9999.000
202607282224,   0.501,   1.728,9999.000,9999.000,9999.000,9999.000,9999.000,9999.000,9999.000
202607282230,   0.477,   1.689,9999.000,9999.000,9999.000,9999.000,9999.000,9999.000,9999.000
202607282236,   0.454,   1.639,9999.000,9999.000,9999.000,9999.000,9999.000,9999.000,9999.000
202607282242,   0.433,   1.620,9999.000,9999.000,9999.000,9999.000,9999.000,9999.000,9999.000
202607282248,   0.413,   1.600,9999.000,9999.000,9999.000,9999.000,9999.000,9999.000,9999.000
202607282254,   0.394,   1.580,9999.000,9999.000,9999.000,9999.000,9999.000,9999.000,9999.000
202607282300,   0.377,   1.557,   0.900,   0.280,   1.557,   0.800,   1.457,   0.900,   1.557
202607282306,   0.361,   1.528,9999.000,9999.000,9999.000,9999.000,9999.000,9999.000,9999.000
202607282312,   0.347,   1.508,9999.000,9999.000,9999.000,9999.000,9999.000,9999.000,9999.000
202607282318,   0.335,   1.489,9999.000,9999.000,9999.000,9999.000,9999.000,9999.000,9999.000
202607282324,   0.324,   1.469,9999.000,9999.000,9999.000,9999.000,9999.000,9999.000,9999.000
202607282330,   0.315,   1.459,9999.000,9999.000,9999.000,9999.000,9999.000,9999.000,9999.000
202607282336,   0.307,   1.439,9999.000,9999.000,9999.000,9999.000,9999.000,9999.000,9999.000
202607282342,   0.302,   1.430,9999.000,9999.000,9999.000,9999.000,9999.000,9999.000,9999.000
202607282348,   0.299,   1.430,9999.000,9999.000,9999.000,9999.000,9999.000,9999.000,9999.000
202607282354,   0.297,   1.420,9999.000,9999.000,9999.000,9999.000,9999.000,9999.000,9999.000
202607290000,   0.298,   1.400,   0.900,   0.202,   1.400,   0.800,   1.300,   0.900,   1.400
202607290006,   0.300,   1.400,9999.000,9999.000,9999.000,9999.000,9999.000,9999.000,9999.000
202607290012,   0.305,   1.400,9999.000,9999.000,9999.000,9999.000,9999.000,9999.000,9999.000
202607290018,   0.312,   1.410,9999.000,9999.000,9999.000,9999.000,9999.000,9999.000,9999.000
202607290024,   0.321,   1.420,9999.000,9999.000,9999.000,9999.000,9999.000,9999.000,9999.000
202607290030,   0.333,   1.410,9999.000,9999.000,9999.000,9999.000,9999.000,9999.000,9999.000
202607290036,   0.347,   1.420,9999.000,9999.000,9999.000,9999.000,9999.000,9999.000,9999.000
202607290042,   0.363,   1.449,9999.000,9999.000,9999.000,9999.000,9999.000,9999.000,9999.000
202607290048,   0.382,   1.449,9999.000,9999.000,9999.000,9999.000,9999.000,9999.000,9999.000
202607290054,   0.403,   1.518,9999.000,9999.000,9999.000,9999.000,9999.000,9999.000,9999.000
202607290100,   0.427,   1.590,   0.900,   0.263,   1.590,   0.800,   1.490,   0.900,   1.590
202607290106,   0.453,   1.649,9999.000,9999.000,9999.000,9999.000,9999.000,9999.000,9999.000
202607290112,   0.481,   1.699,9999.000,9999.000,9999.000,9999.000,9999.000,9999.000,9999.000
202607290118,   0.512,   1.718,9999.000,9999.000,9999.000,9999.000,9999.000,9999.000,9999.000
202607290124,   0.544,   1.738,9999.000,9999.000,9999.000,9999.000,9999.000,9999.000,9999.000
202607290130,   0.580,   1.748,9999.000,9999.000,9999.000,9999.000,9999.000,9999.000,9999.000
202607290136,   0.617,   1.738,9999.000,9999.000,9999.000,9999.000,9999.000,9999.000,9999.000
202607290142,   0.656,   1.679,9999.000,9999.000,9999.000,9999.000,9999.000,9999.000,9999.000
202607290148,   0.697,   1.699,9999.000,9999.000,9999.000,9999.000,9999.000,9999.000,9999.000
202607290154,   0.740,   1.748,9999.000,9999.000,9999.000,9999.000,9999.000,9999.000,9999.000
202607290200,   0.785,   1.830,   0.900,   0.145,   1.830,   0.800,   1.730,   0.900,   1.830
202607290206,   0.831,   1.899,9999.000,9999.000,9999.000,9999.000,9999.000,9999.000,9999.000
202607290212,   0.878,   1.948,9999.000,9999.000,9999.000,9999.000,9999.000,9999.000,9999.000
202607290218,   0.927,   1.967,9999.000,9999.000,9999.000,9999.000,9999.000,9999.000,9999.000
202607290224,   0.977,   2.010,9999.000,9999.000,9999.000,9999.000,9999.000,9999.000,9999.000
202607290230,   1.027,   2.079,9999.000,9999.000,9999.000,9999.000,9999.000,9999.000,9999.000
202607290236,   1.079,   2.128,9999.000,9999.000,9999.000,9999.000,9999.000,9999.000,9999.000
202607290242,   1.131,   2.168,9999.000,9999.000,9999.000,9999.000,9999.000,9999.000,9999.000
202607290248,   1.183,   2.138,9999.000,9999.000,9999.000,9999.000,9999.000,9999.000,9999.000
202607290254,   1.235,   2.148,9999.000,9999.000,9999.000,9999.000,9999.000,9999.000,9999.000
202607290300,   1.288,   2.191,   0.900,   0.003,   2.191,   0.800,   2.091,   0.900,   2.191
202607290306,   1.340,   2.240,9999.000,9999.000,9999.000,9999.000,9999.000,9999.000,9999.000
202607290312,   1.391,   2.348,9999.000,9999.000,9999.000,9999.000,9999.000,9999.000,9999.000
202607290318,   1.443,   2.430,9999.000,9999.000,9999.000,9999.000,9999.000,9999.000,9999.000
202607290324,   1.493,   2.509,9999.000,9999.000,9999.000,9999.000,9999.000,9999.000,9999.000
202607290330,   1.543,   2.568,9999.000,9999.000,9999.000,9999.000,9999.000,9999.000,9999.000
202607290336,   1.591,   2.630,9999.000,9999.000,9999.000,9999.000,9999.000,9999.000,9999.000
202607290342,   1.639,   2.669,9999.000,9999.000,9999.000,9999.000,9999.000,9999.000,9999.000
202607290348,   1.685,   2.699,9999.000,9999.000,9999.000,9999.000,9999.000,9999.000,9999.000
202607290354,   1.729,   2.738,9999.000,9999.000,9999.000,9999.000,9999.000,9999.000,9999.000
202607290400,   1.772,   2.758,   0.900,   0.086,   2.758,   0.800,   2.658,   0.900,   2.758
202607290406,   1.814,   2.797,9999.000,9999.000,9999.000,9999.000,9999.000,9999.000,9999.000
202607290412,   1.853,   2.850,9999.000,9999.000,9999.000,9999.000,9999.000,9999.000,9999.000
202607290418,   1.891,   2.889,9999.000,9999.000,9999.000,9999.000,9999.000,9999.000,9999.000
202607290424,   1.927,   2.938,9999.000,9999.000,9999.000,9999.000,9999.000,9999.000,9999.000
202607290430,   1.961,   2.978,9999.000,9999.000,9999.000,9999.000,9999.000,9999.000,9999.000
202607290436,   1.993,   3.017,9999.000,9999.000,9999.000,9999.000,9999.000,9999.000,9999.000
202607290442,   2.022,   2.997,9999.000,9999.000,9999.000,9999.000,9999.000,9999.000,9999.000
202607290448,   2.050,   3.017,9999.000,9999.000,9999.000,9999.000,9999.000,9999.000,9999.000
202607290454,   2.075,   3.017,9999.000,9999.000,9999.000,9999.000,9999.000,9999.000,9999.000
202607290500,   2.099,   3.050,   0.900,   0.051,   3.050,   0.800,   2.950,   0.900,   3.050
202607290506,   2.120,   3.070,9999.000,9999.000,9999.000,9999.000,9999.000,9999.000,9999.000
202607290512,   2.138,   3.109,9999.000,9999.000,9999.000,9999.000,9999.000,9999.000,9999.000
202607290518,   2.155,   3.138,9999.000,9999.000,9999.000,9999.000,9999.000,9999.000,9999.000
202607290524,   2.170,   3.138,9999.000,9999.000,9999.000,9999.000,9999.000,9999.000,9999.000
202607290530,   2.182,   3.138,9999.000,9999.000,9999.000,9999.000,9999.000,9999.000,9999.000
202607290536,   2.192,   3.148,9999.000,9999.000,9999.000,9999.000,9999.000,9999.000,9999.000
202607290542,   2.200,   3.158,9999.000,9999.000,9999.000,9999.000,9999.000,9999.000,9999.000
202607290548,   2.205,   3.158,9999.000,9999.000,9999.000,9999.000,9999.000,9999.000,9999.000
202607290554,   2.209,   3.158,9999.000,9999.000,9999.000,9999.000,9999.000,9999.000,9999.000
202607290600,   2.210,   3.178,   0.900,   0.068,   3.178,   0.900,   3.178,   1.000,   3.278
202607290606,   2.210,   3.178,9999.000,9999.000,9999.000,9999.000,9999.000,9999.000,9999.000
202607290612,   2.207,   3.178,9999.000,9999.000,9999.000,9999.000,9999.000,9999.000,9999.000
202607290618,   2.202,   3.168,9999.000,9999.000,9999.000,9999.000,9999.000,9999.000,9999.000
202607290624,   2.195,   3.168,9999.000,9999.000,9999.000,9999.000,9999.000,9999.000,9999.000
202607290630,   2.186,   3.158,9999.000,9999.000,9999.000,9999.000,9999.000,9999.000,9999.000
202607290636,   2.176,   3.148,9999.000,9999.000,9999.000,9999.000,9999.000,9999.000,9999.000
202607290642,   2.163,   3.129,9999.000,9999.000,9999.000,9999.000,9999.000,9999.000,9999.000
202607290648,   2.148,   3.119,9999.000,9999.000,9999.000,9999.000,9999.000,9999.000,9999.000
202607290654,   2.132,   3.099,9999.000,9999.000,9999.000,9999.000,9999.000,9999.000,9999.000
202607290700,   2.114,   3.079,   0.900,   0.065,   3.079,   0.900,   3.079,   0.900,   3.079
202607290706,   2.094,   3.050,9999.000,9999.000,9999.000,9999.000,9999.000,9999.000,9999.000
202607290712,   2.072,   3.040,9999.000,9999.000,9999.000,9999.000,9999.000,9999.000,9999.000
202607290718,   2.049,   3.007,9999.000,9999.000,9999.000,9999.000,9999.000,9999.000,9999.000
202607290724,   2.024,   2.988,9999.000,9999.000,9999.000,9999.000,9999.000,9999.000,9999.000
202607290730,   1.998,   2.968,9999.000,9999.000,9999.000,9999.000,9999.000,9999.000,9999.000
202607290736,   1.970,   2.948,9999.000,9999.000,9999.000,9999.000,9999.000,9999.000,9999.000
202607290742,   1.940,   2.919,9999.000,9999.000,9999.000,9999.000,9999.000,9999.000,9999.000
202607290748,   1.910,   2.889,9999.000,9999.000,9999.000,9999.000,9999.000,9999.000,9999.000
202607290754,   1.878,   2.860,9999.000,9999.000,9999.000,9999.000,9999.000,9999.000,9999.000
202607290800,   1.845,   2.830,   0.900,   0.085,   2.830,   0.800,   2.730,   0.900,   2.830
202607290806,   1.811,   2.787,9999.000,9999.000,9999.000,9999.000,9999.000,9999.000,9999.000
202607290812,   1.777,   2.748,9999.000,9999.000,9999.000,9999.000,9999.000,9999.000,9999.000
202607290818,   1.741,   2.719,9999.000,9999.000,9999.000,9999.000,9999.000,9999.000,9999.000
202607290824,   1.704,   2.669,9999.000,9999.000,9999.000,9999.000,9999.000,9999.000,9999.000
202607290830,   1.667,   2.640,9999.000,9999.000,9999.000,9999.000,9999.000,9999.000,9999.000
202607290836,   1.629,   2.587,9999.000,9999.000,9999.000,9999.000,9999.000,9999.000,9999.000
202607290842,   1.590,   2.558,9999.000,9999.000,9999.000,9999.000,9999.000,9999.000,9999.000
202607290848,   1.552,   2.519,9999.000,9999.000,9999.000,9999.000,9999.000,9999.000,9999.000
202607290854,   1.512,   2.469,9999.000,9999.000,9999.000,9999.000,9999.000,9999.000,9999.000
202607290900,   1.473,   2.420,   0.900,   0.047,   2.420,   0.800,   2.320,   0.900,   2.420
202607290906,   1.433,   2.377,9999.000,9999.000,9999.000,9999.000,9999.000,9999.000,9999.000
202607290912,   1.393,   2.348,9999.000,9999.000,9999.000,9999.000,9999.000,9999.000,9999.000
202607290918,   1.353,   2.309,9999.000,9999.000,9999.000,9999.000,9999.000,9999.000,9999.000
202607290924,   1.313,   2.259,9999.000,9999.000,9999.000,9999.000,9999.000,9999.000,9999.000
202607290930,   1.274,   2.230,9999.000,9999.000,9999.000,9999.000,9999.000,9999.000,9999.000
202607290936,   1.234,   2.200,9999.000,9999.000,9999.000,9999.000,9999.000,9999.000,9999.000
202607290942,   1.195,   2.148,9999.000,9999.000,9999.000,9999.000,9999.000,9999.000,9999.000
202607290948,   1.156,   2.089,9999.000,9999.000,9999.000,9999.000,9999.000,9999.000,9999.000
202607290954,   1.117,   2.059,9999.000,9999.000,9999.000,9999.000,9999.000,9999.000,9999.000
202607291000,   1.079,   2.020,   0.800,   0.141,   2.020,   0.800,   2.020,   0.900,   2.120
202607291006,   1.041,   1.981,9999.000,9999.000,9999.000,9999.000,9999.000,9999.000,9999.000
202607291012,   1.004,   1.928,9999.000,9999.000,9999.000,9999.000,9999.000,9999.000,9999.000
202607291018,   0.968,   1.879,9999.000,9999.000,9999.000,9999.000,9999.000,9999.000,9999.000
202607291024,   0.932,   1.859,9999.000,9999.000,9999.000,9999.000,9999.000,9999.000,9999.000
202607291030,   0.896,   1.810,9999.000,9999.000,9999.000,9999.000,9999.000,9999.000,9999.000
202607291036,   0.861,   1.758,9999.000,9999.000,9999.000,9999.000,9999.000,9999.000,9999.000
202607291042,   0.827,   1.728,9999.000,9999.000,9999.000,9999.000,9999.000,9999.000,9999.000
202607291048,   0.794,   1.699,9999.000,9999.000,9999.000,9999.000,9999.000,9999.000,9999.000
202607291054,   0.762,   1.659,9999.000,9999.000,9999.000,9999.000,9999.000,9999.000,9999.000
202607291100,   0.730,   1.610,   0.800,   0.080,   1.610,   0.700,   1.510,   0.900,   1.710
202607291106,   0.699,   1.571,9999.000,9999.000,9999.000,9999.000,9999.000,9999.000,9999.000
202607291112,   0.670,   1.528,9999.000,9999.000,9999.000,9999.000,9999.000,9999.000,9999.000
202607291118,   0.641,   1.498,9999.000,9999.000,9999.000,9999.000,9999.000,9999.000,9999.000
202607291124,   0.614,   1.469,9999.000,9999.000,9999.000,9999.000,9999.000,9999.000,9999.000
202607291130,   0.587,   1.439,9999.000,9999.000,9999.000,9999.000,9999.000,9999.000,9999.000
202607291136,   0.562,   1.410,9999.000,9999.000,9999.000,9999.000,9999.000,9999.000,9999.000
202607291142,   0.538,   1.390,9999.000,9999.000,9999.000,9999.000,9999.000,9999.000,9999.000
202607291148,   0.516,   1.361,9999.000,9999.000,9999.000,9999.000,9999.000,9999.000,9999.000
202607291154,   0.495,   1.338,9999.000,9999.000,9999.000,9999.000,9999.000,9999.000,9999.000
202607291200,   0.475,   1.298,   0.800,   0.023,   1.298,   0.700,   1.198,   0.800,   1.298
202607291206,   0.457,   1.279,9999.000,9999.000,9999.000,9999.000,9999.000,9999.000,9999.000
202607291212,   0.441,   1.259,9999.000,9999.000,9999.000,9999.000,9999.000,9999.000,9999.000
202607291218,   0.427,   1.239,9999.000,9999.000,9999.000,9999.000,9999.000,9999.000,9999.000
202607291224,   0.414,   1.210,9999.000,9999.000,9999.000,9999.000,9999.000,9999.000,9999.000
202607291230,   0.404,   1.200,9999.000,9999.000,9999.000,9999.000,9999.000,9999.000,9999.000
202607291236,   0.395,   1.200,9999.000,9999.000,9999.000,9999.000,9999.000,9999.000,9999.000
202607291242,   0.389,   1.200,9999.000,9999.000,9999.000,9999.000,9999.000,9999.000,9999.000
202607291248,   0.385,   1.180,9999.000,9999.000,9999.000,9999.000,9999.000,9999.000,9999.000
202607291254,   0.383,   1.170,9999.000,9999.000,9999.000,9999.000,9999.000,9999.000,9999.000
202607291300,   0.383,   1.128,   0.800,  -0.055,   1.128,   0.700,   1.028,   0.800,   1.128
202607291306,   0.386,   1.128,9999.000,9999.000,9999.000,9999.000,9999.000,9999.000,9999.000
202607291312,   0.392,   1.128,9999.000,9999.000,9999.000,9999.000,9999.000,9999.000,9999.000
202607291318,   0.399,   1.108,9999.000,9999.000,9999.000,9999.000,9999.000,9999.000,9999.000
202607291324,   0.410,   1.108,9999.000,9999.000,9999.000,9999.000,9999.000,9999.000,9999.000
202607291330,   0.422,   1.108,9999.000,9999.000,9999.000,9999.000,9999.000,9999.000,9999.000
202607291336,   0.437,   1.108,9999.000,9999.000,9999.000,9999.000,9999.000,9999.000,9999.000
202607291342,   0.455,   1.108,9999.000,9999.000,9999.000,9999.000,9999.000,9999.000,9999.000
202607291348,   0.475,   1.108,9999.000,9999.000,9999.000,9999.000,9999.000,9999.000,9999.000
202607291354,   0.498,   1.108,9999.000,9999.000,9999.000,9999.000,9999.000,9999.000,9999.000
202607291400,   0.522,   1.118,   0.800,  -0.204,   1.118,   0.700,   1.018,   0.800,   1.118
202607291406,   0.550,   1.138,9999.000,9999.000,9999.000,9999.000,9999.000,9999.000,9999.000
202607291412,   0.579,   1.151,9999.000,9999.000,9999.000,9999.000,9999.000,9999.000,9999.000
202607291418,   0.610,   1.170,9999.000,9999.000,9999.000,9999.000,9999.000,9999.000,9999.000
202607291424,   0.643,   1.180,9999.000,9999.000,9999.000,9999.000,9999.000,9999.000,9999.000
202607291430,   0.678,   1.200,9999.000,9999.000,9999.000,9999.000,9999.000,9999.000,9999.000
202607291436,   0.715,   1.210,9999.000,9999.000,9999.000,9999.000,9999.000,9999.000,9999.000
202607291442,   0.753,   1.239,9999.000,9999.000,9999.000,9999.000,9999.000,9999.000,9999.000
202607291448,   0.793,   1.269,9999.000,9999.000,9999.000,9999.000,9999.000,9999.000,9999.000
202607291454,   0.834,   1.279,9999.000,9999.000,9999.000,9999.000,9999.000,9999.000,9999.000
202607291500,   0.876,   1.308,   0.800,  -0.368,   1.308,   0.700,   1.208,   0.800,   1.308
202607291506,   0.918,   1.338,9999.000,9999.000,9999.000,9999.000,9999.000,9999.000,9999.000
202607291512,   0.962,   1.380,9999.000,9999.000,9999.000,9999.000,9999.000,9999.000,9999.000
202607291518,   1.006,   1.410,9999.000,9999.000,9999.000,9999.000,9999.000,9999.000,9999.000
202607291524,   1.050,   1.469,9999.000,9999.000,9999.000,9999.000,9999.000,9999.000,9999.000
202607291530,   1.094,   1.498,9999.000,9999.000,9999.000,9999.000,9999.000,9999.000,9999.000
202607291536,   1.138,   1.528,9999.000,9999.000,9999.000,9999.000,9999.000,9999.000,9999.000
202607291542,   1.182,   1.580,9999.000,9999.000,9999.000,9999.000,9999.000,9999.000,9999.000
202607291548,   1.226,   1.620,9999.000,9999.000,9999.000,9999.000,9999.000,9999.000,9999.000
202607291554,   1.269,   1.659,9999.000,9999.000,9999.000,9999.000,9999.000,9999.000,9999.000
202607291600,   1.311,   1.708,   0.800,  -0.403,   1.708,   0.700,   1.608,   0.800,   1.708
202607291606,   1.353,   1.748,9999.000,9999.000,9999.000,9999.000,9999.000,9999.000,9999.000
202607291612,   1.393,   1.781,9999.000,9999.000,9999.000,9999.000,9999.000,9999.000,9999.000
202607291618,   1.432,   1.810,9999.000,9999.000,9999.000,9999.000,9999.000,9999.000,9999.000
202607291624,   1.470,   1.840,9999.000,9999.000,9999.000,9999.000,9999.000,9999.000,9999.000
202607291630,   1.507,   1.879,9999.000,9999.000,9999.000,9999.000,9999.000,9999.000,9999.000
202607291636,   1.542,   1.918,9999.000,9999.000,9999.000,9999.000,9999.000,9999.000,9999.000
202607291642,   1.576,   1.948,9999.000,9999.000,9999.000,9999.000,9999.000,9999.000,9999.000
202607291648,   1.607,   1.990,9999.000,9999.000,9999.000,9999.000,9999.000,9999.000,9999.000
202607291654,   1.637,   2.030,9999.000,9999.000,9999.000,9999.000,9999.000,9999.000,9999.000
202607291700,   1.665,   2.059,   0.700,  -0.306,   2.059,   0.700,   2.059,   0.800,   2.159
202607291706,   1.692,   2.089,9999.000,9999.000,9999.000,9999.000,9999.000,9999.000,9999.000
202607291712,   1.716,   2.128,9999.000,9999.000,9999.000,9999.000,9999.000,9999.000,9999.000
202607291718,   1.738,   2.158,9999.000,9999.000,9999.000,9999.000,9999.000,9999.000,9999.000
202607291724,   1.759,   2.168,9999.000,9999.000,9999.000,9999.000,9999.000,9999.000,9999.000
202607291730,   1.777,   2.200,9999.000,9999.000,9999.000,9999.000,9999.000,9999.000,9999.000
202607291736,   1.793,   2.220,9999.000,9999.000,9999.000,9999.000,9999.000,9999.000,9999.000
202607291742,   1.807,   2.240,9999.000,9999.000,9999.000,9999.000,9999.000,9999.000,9999.000
202607291748,   1.819,   2.250,9999.000,9999.000,9999.000,9999.000,9999.000,9999.000,9999.000
202607291754,   1.829,   2.269,9999.000,9999.000,9999.000,9999.000,9999.000,9999.000,9999.000
202607291800,   1.837,   2.279,   0.700,  -0.258,   2.279,   0.700,   2.279,   0.800,   2.379
202607291806,   1.843,   2.289,9999.000,9999.000,9999.000,9999.000,9999.000,9999.000,9999.000
202607291812,   1.847,   2.299,9999.000,9999.000,9999.000,9999.000,9999.000,9999.000,9999.000
202607291818,   1.848,   2.328,9999.000,9999.000,9999.000,9999.000,9999.000,9999.000,9999.000
202607291824,   1.848,   2.328,9999.000,9999.000,9999.000,9999.000,9999.000,9999.000,9999.000
202607291830,   1.846,   2.328,9999.000,9999.000,9999.000,9999.000,9999.000,9999.000,9999.000
202607291836,   1.841,   2.318,9999.000,9999.000,9999.000,9999.000,9999.000,9999.000,9999.000
202607291842,   1.835,   2.318,9999.000,9999.000,9999.000,9999.000,9999.000,9999.000,9999.000
202607291848,   1.826,   2.318,9999.000,9999.000,9999.000,9999.000,9999.000,9999.000,9999.000
202607291854,   1.816,   2.309,9999.000,9999.000,9999.000,9999.000,9999.000,9999.000,9999.000
202607291900,   1.804,   2.309,   0.700,  -0.195,   2.309,   0.700,   2.309,   0.800,   2.409
202607291906,   1.790,   2.299,9999.000,9999.000,9999.000,9999.000,9999.000,9999.000,9999.000
202607291912,   1.774,   2.289,9999.000,9999.000,9999.000,9999.000,9999.000,9999.000,9999.000
202607291918,   1.756,   2.269,9999.000,9999.000,9999.000,9999.000,9999.000,9999.000,9999.000
202607291924,   1.736,   2.240,9999.000,9999.000,9999.000,9999.000,9999.000,9999.000,9999.000
202607291930,   1.715,   2.230,9999.000,9999.000,9999.000,9999.000,9999.000,9999.000,9999.000
202607291936,   1.692,   2.210,9999.000,9999.000,9999.000,9999.000,9999.000,9999.000,9999.000
202607291942,   1.668,   2.191,9999.000,9999.000,9999.000,9999.000,9999.000,9999.000,9999.000
202607291948,   1.642,   2.158,9999.000,9999.000,9999.000,9999.000,9999.000,9999.000,9999.000
202607291954,   1.614,   2.128,9999.000,9999.000,9999.000,9999.000,9999.000,9999.000,9999.000
202607292000,   1.586,   2.099,   0.700,  -0.187,   2.099,   0.700,   2.099,   0.800,   2.199
202607292006,   1.556,   2.059,9999.000,9999.000,9999.000,9999.000,9999.000,9999.000,9999.000
202607292012,   1.524,   2.040,9999.000,9999.000,9999.000,9999.000,9999.000,9999.000,9999.000
202607292018,   1.492,   2.010,9999.000,9999.000,9999.000,9999.000,9999.000,9999.000,9999.000
202607292024,   1.458,   1.967,9999.000,9999.000,9999.000,9999.000,9999.000,9999.000,9999.000
202607292030,   1.424,   1.928,9999.000,9999.000,9999.000,9999.000,9999.000,9999.000,9999.000
202607292036,   1.388,   1.899,9999.000,9999.000,9999.000,9999.000,9999.000,9999.000,9999.000
202607292042,   1.352,   1.859,9999.000,9999.000,9999.000,9999.000,9999.000,9999.000,9999.000
202607292048,   1.316,   1.810,9999.000,9999.000,9999.000,9999.000,9999.000,9999.000,9999.000
202607292054,   1.278,   1.781,9999.000,9999.000,9999.000,9999.000,9999.000,9999.000,9999.000
202607292100,   1.241,   1.738,   0.700,  -0.203,   1.738,   0.700,   1.738,   0.800,   1.838
202607292106,   1.203,   1.708,9999.000,9999.000,9999.000,9999.000,9999.000,9999.000,9999.000
202607292112,   1.164,   1.669,9999.000,9999.000,9999.000,9999.000,9999.000,9999.000,9999.000
202607292118,   1.126,   1.620,9999.000,9999.000,9999.000,9999.000,9999.000,9999.000,9999.000
202607292124,   1.087,   1.590,9999.000,9999.000,9999.000,9999.000,9999.000,9999.000,9999.000
202607292130,   1.049,   1.548,9999.000,9999.000,9999.000,9999.000,9999.000,9999.000,9999.000
202607292136,   1.011,   1.508,9999.000,9999.000,9999.000,9999.000,9999.000,9999.000,9999.000
202607292142,   0.973,   1.469,9999.000,9999.000,9999.000,9999.000,9999.000,9999.000,9999.000
202607292148,   0.935,   1.430,9999.000,9999.000,9999.000,9999.000,9999.000,9999.000,9999.000
202607292154,   0.898,   1.420,9999.000,9999.000,9999.000,9999.000,9999.000,9999.000,9999.000
202607292200,   0.861,   1.361,   0.700,  -0.200,   1.361,   0.700,   1.361,   0.800,   1.461
202607292206,   0.825,   1.328,9999.000,9999.000,9999.000,9999.000,9999.000,9999.000,9999.000
202607292212,   0.790,   1.289,9999.000,9999.000,9999.000,9999.000,9999.000,9999.000,9999.000
202607292218,   0.755,   1.249,9999.000,9999.000,9999.000,9999.000,9999.000,9999.000,9999.000
202607292224,   0.722,   1.210,9999.000,9999.000,9999.000,9999.000,9999.000,9999.000,9999.000
202607292230,   0.689,   1.190,9999.000,9999.000,9999.000,9999.000,9999.000,9999.000,9999.000
202607292236,   0.657,   1.170,9999.000,9999.000,9999.000,9999.000,9999.000,9999.000,9999.000
202607292242,   0.626,   1.118,9999.000,9999.000,9999.000,9999.000,9999.000,9999.000,9999.000
202607292248,   0.596,   1.088,9999.000,9999.000,9999.000,9999.000,9999.000,9999.000,9999.000
202607292254,   0.568,   1.059,9999.000,9999.000,9999.000,9999.000,9999.000,9999.000,9999.000
202607292300,   0.540,   1.029,   0.700,  -0.211,   1.029,   0.700,   1.029,   0.800,   1.129
202607292306,   0.514,   1.000,9999.000,9999.000,9999.000,9999.000,9999.000,9999.000,9999.000
202607292312,   0.489,   0.951,9999.000,9999.000,9999.000,9999.000,9999.000,9999.000,9999.000
202607292318,   0.465,   0.928,9999.000,9999.000,9999.000,9999.000,9999.000,9999.000,9999.000
202607292324,   0.443,   0.908,9999.000,9999.000,9999.000,9999.000,9999.000,9999.000,9999.000
202607292330,   0.422,   0.879,9999.000,9999.000,9999.000,9999.000,9999.000,9999.000,9999.000
202607292336,   0.403,   0.859,9999.000,9999.000,9999.000,9999.000,9999.000,9999.000,9999.000
202607292342,   0.385,   0.829,9999.000,9999.000,9999.000,9999.000,9999.000,9999.000,9999.000
202607292348,   0.369,   0.819,9999.000,9999.000,9999.000,9999.000,9999.000,9999.000,9999.000
202607292354,   0.354,   0.810,9999.000,9999.000,9999.000,9999.000,9999.000,9999.000,9999.000
202607300000,   0.342,   0.800,   0.600,  -0.142,   0.800,   0.500,   0.700,   0.600,   0.800
202607300006,   0.330,   0.790,9999.000,9999.000,9999.000,9999.000,9999.000,9999.000,9999.000
202607300012,   0.321,   0.780,9999.000,9999.000,9999.000,9999.000,9999.000,9999.000,9999.000
202607300018,   0.314,   0.760,9999.000,9999.000,9999.000,9999.000,9999.000,9999.000,9999.000
202607300024,   0.308,   0.741,9999.000,9999.000,9999.000,9999.000,9999.000,9999.000,9999.000
202607300030,   0.305,   0.731,9999.000,9999.000,9999.000,9999.000,9999.000,9999.000,9999.000
202607300036,   0.304,   0.731,9999.000,9999.000,9999.000,9999.000,9999.000,9999.000,9999.000
202607300042,   0.304,   0.731,9999.000,9999.000,9999.000,9999.000,9999.000,9999.000,9999.000
202607300048,   0.307,   0.751,9999.000,9999.000,9999.000,9999.000,9999.000,9999.000,9999.000
202607300054,   0.313,   0.751,9999.000,9999.000,9999.000,9999.000,9999.000,9999.000,9999.000
202607300100,   0.320,   0.760,   0.600,  -0.160,   0.760,   0.500,   0.660,   0.600,   0.760
202607300106,   0.330,   0.760,9999.000,9999.000,9999.000,9999.000,9999.000,9999.000,9999.000
202607300112,   0.342,   0.760,9999.000,9999.000,9999.000,9999.000,9999.000,9999.000,9999.000
202607300118,   0.357,   0.760,9999.000,9999.000,9999.000,9999.000,9999.000,9999.000,9999.000
202607300124,   0.374,   0.760,9999.000,9999.000,9999.000,9999.000,9999.000,9999.000,9999.000
202607300130,   0.394,   0.770,9999.000,9999.000,9999.000,9999.000,9999.000,9999.000,9999.000
202607300136,   0.416,   0.790,9999.000,9999.000,9999.000,9999.000,9999.000,9999.000,9999.000
202607300142,   0.441,   0.810,9999.000,9999.000,9999.000,9999.000,9999.000,9999.000,9999.000
202607300148,   0.468,   0.839,9999.000,9999.000,9999.000,9999.000,9999.000,9999.000,9999.000
202607300154,   0.498,   0.869,9999.000,9999.000,9999.000,9999.000,9999.000,9999.000,9999.000
202607300200,   0.530,   0.898,   0.600,  -0.232,   0.898,   0.500,   0.798,   0.600,   0.898
202607300206,   0.564,   0.928,9999.000,9999.000,9999.000,9999.000,9999.000,9999.000,9999.000
202607300212,   0.600,   0.961,9999.000,9999.000,9999.000,9999.000,9999.000,9999.000,9999.000
202607300218,   0.639,   0.990,9999.000,9999.000,9999.000,9999.000,9999.000,9999.000,9999.000
202607300224,   0.680,   1.029,9999.000,9999.000,9999.000,9999.000,9999.000,9999.000,9999.000
202607300230,   0.723,   1.088,9999.000,9999.000,9999.000,9999.000,9999.000,9999.000,9999.000
202607300236,   0.767,   1.138,9999.000,9999.000,9999.000,9999.000,9999.000,9999.000,9999.000
202607300242,   0.814,   1.180,9999.000,9999.000,9999.000,9999.000,9999.000,9999.000,9999.000
202607300248,   0.862,   1.220,9999.000,9999.000,9999.000,9999.000,9999.000,9999.000,9999.000
202607300254,   0.911,   1.259,9999.000,9999.000,9999.000,9999.000,9999.000,9999.000,9999.000
202607300300,   0.962,   1.318,   0.600,  -0.244,   1.318,   0.500,   1.218,   0.600,   1.318
202607300306,   1.013,   1.380,9999.000,9999.000,9999.000,9999.000,9999.000,9999.000,9999.000
202607300312,   1.066,   1.430,9999.000,9999.000,9999.000,9999.000,9999.000,9999.000,9999.000
202607300318,   1.119,   1.479,9999.000,9999.000,9999.000,9999.000,9999.000,9999.000,9999.000
202607300324,   1.173,   1.548,9999.000,9999.000,9999.000,9999.000,9999.000,9999.000,9999.000
202607300330,   1.227,   1.610,9999.000,9999.000,9999.000,9999.000,9999.000,9999.000,9999.000
202607300336,   1.281,   1.659,9999.000,9999.000,9999.000,9999.000,9999.000,9999.000,9999.000
202607300342,   1.335,   1.718,9999.000,9999.000,9999.000,9999.000,9999.000,9999.000,9999.000
202607300348,   1.389,   1.758,9999.000,9999.000,9999.000,9999.000,9999.000,9999.000,9999.000
202607300354,   1.443,   1.810,9999.000,9999.000,9999.000,9999.000,9999.000,9999.000,9999.000
202607300400,   1.496,   1.859,   0.600,  -0.237,   1.859,   0.500,   1.759,   0.600,   1.859
202607300406,   1.547,   1.899,9999.000,9999.000,9999.000,9999.000,9999.000,9999.000,9999.000
202607300412,   1.598,   1.948,9999.000,9999.000,9999.000,9999.000,9999.000,9999.000,9999.000
202607300418,   1.648,   2.010,9999.000,9999.000,9999.000,9999.000,9999.000,9999.000,9999.000
202607300424,   1.696,   2.069,9999.000,9999.000,9999.000,9999.000,9999.000,9999.000,9999.000
202607300430,   1.743,   2.128,9999.000,9999.000,9999.000,9999.000,9999.000,9999.000,9999.000
202607300436,   1.788,   2.177,9999.000,9999.000,9999.000,9999.000,9999.000,9999.000,9999.000
202607300442,   1.832,   2.220,9999.000,9999.000,9999.000,9999.000,9999.000,9999.000,9999.000
202607300448,   1.874,   2.269,9999.000,9999.000,9999.000,9999.000,9999.000,9999.000,9999.000
202607300454,   1.913,   2.318,9999.000,9999.000,9999.000,9999.000,9999.000,9999.000,9999.000
202607300500,   1.951,   2.348,   0.600,  -0.203,   2.348,   0.500,   2.248,   0.600,   2.348
202607300506,   1.986,   2.387,9999.000,9999.000,9999.000,9999.000,9999.000,9999.000,9999.000
202607300512,   2.020,   2.420,9999.000,9999.000,9999.000,9999.000,9999.000,9999.000,9999.000
202607300518,   2.051,   2.450,9999.000,9999.000,9999.000,9999.000,9999.000,9999.000,9999.000
202607300524,   2.080,   2.479,9999.000,9999.000,9999.000,9999.000,9999.000,9999.000,9999.000
202607300530,   2.106,   2.499,9999.000,9999.000,9999.000,9999.000,9999.000,9999.000,9999.000
202607300536,   2.130,   2.509,9999.000,9999.000,9999.000,9999.000,9999.000,9999.000,9999.000
202607300542,   2.152,   2.519,9999.000,9999.000,9999.000,9999.000,9999.000,9999.000,9999.000
202607300548,   2.171,   2.538,9999.000,9999.000,9999.000,9999.000,9999.000,9999.000,9999.000
202607300554,   2.188,   2.548,9999.000,9999.000,9999.000,9999.000,9999.000,9999.000,9999.000
202607300600,   2.202,   2.558,   0.400,  -0.044,   2.558,   0.400,   2.558,   0.500,   2.658
202607300606,   2.215,   2.578,9999.000,9999.000,9999.000,9999.000,9999.000,9999.000,9999.000
202607300612,   2.224,   2.578,9999.000,9999.000,9999.000,9999.000,9999.000,9999.000,9999.000
202607300618,   2.232,   2.578,9999.000,9999.000,9999.000,9999.000,9999.000,9999.000,9999.000
202607300624,   2.237,   2.578,9999.000,9999.000,9999.000,9999.000,9999.000,9999.000,9999.000
202607300630,   2.240,   2.578,9999.000,9999.000,9999.000,9999.000,9999.000,9999.000,9999.000
202607300636,   2.241,   2.578,9999.000,9999.000,9999.000,9999.000,9999.000,9999.000,9999.000
202607300642,   2.240,   2.578,9999.000,9999.000,9999.000,9999.000,9999.000,9999.000,9999.000
202607300648,   2.236,   2.578,9999.000,9999.000,9999.000,9999.000,9999.000,9999.000,9999.000
202607300654,   2.230,   2.568,9999.000,9999.000,9999.000,9999.000,9999.000,9999.000,9999.000
202607300700,   2.222,   2.568,   0.400,  -0.054,   2.568,   0.400,   2.568,   0.400,   2.568
202607300706,   2.213,   2.558,9999.000,9999.000,9999.000,9999.000,9999.000,9999.000,9999.000
202607300712,   2.201,   2.548,9999.000,9999.000,9999.000,9999.000,9999.000,9999.000,9999.000
202607300718,   2.187,   2.538,9999.000,9999.000,9999.000,9999.000,9999.000,9999.000,9999.000
202607300724,   2.172,   2.519,9999.000,9999.000,9999.000,9999.000,9999.000,9999.000,9999.000
202607300730,   2.154,   2.509,9999.000,9999.000,9999.000,9999.000,9999.000,9999.000,9999.000
202607300736,   2.135,   2.489,9999.000,9999.000,9999.000,9999.000,9999.000,9999.000,9999.000
202607300742,   2.114,   2.469,9999.000,9999.000,9999.000,9999.000,9999.000,9999.000,9999.000
202607300748,   2.091,   2.440,9999.000,9999.000,9999.000,9999.000,9999.000,9999.000,9999.000
202607300754,   2.067,   2.420,9999.000,9999.000,9999.000,9999.000,9999.000,9999.000,9999.000
202607300800,   2.041,   2.400,   0.400,  -0.041,   2.400,   0.400,   2.400,   0.400,   2.400
202607300806,   2.013,   2.387,9999.000,9999.000,9999.000,9999.000,9999.000,9999.000,9999.000
202607300812,   1.984,   2.358,9999.000,9999.000,9999.000,9999.000,9999.000,9999.000,9999.000
202607300818,   1.954,   2.328,9999.000,9999.000,9999.000,9999.000,9999.000,9999.000,9999.000
202607300824,   1.922,   2.309,9999.000,9999.000,9999.000,9999.000,9999.000,9999.000,9999.000
202607300830,   1.889,   2.289,9999.000,9999.000,9999.000,9999.000,9999.000,9999.000,9999.000
202607300836,   1.855,   2.250,9999.000,9999.000,9999.000,9999.000,9999.000,9999.000,9999.000
202607300842,   1.820,   2.230,9999.000,9999.000,9999.000,9999.000,9999.000,9999.000,9999.000
202607300848,   1.784,   2.191,9999.000,9999.000,9999.000,9999.000,9999.000,9999.000,9999.000
202607300854,   1.747,   2.148,9999.000,9999.000,9999.000,9999.000,9999.000,9999.000,9999.000
202607300900,   1.708,   2.128,   0.400,   0.020,   2.128,   0.400,   2.128,   0.400,   2.128
202607300906,   1.670,   2.089,9999.000,9999.000,9999.000,9999.000,9999.000,9999.000,9999.000
202607300912,   1.630,   2.049,9999.000,9999.000,9999.000,9999.000,9999.000,9999.000,9999.000
202607300918,   1.590,   2.020,9999.000,9999.000,9999.000,9999.000,9999.000,9999.000,9999.000
202607300924,   1.549,   1.981,9999.000,9999.000,9999.000,9999.000,9999.000,9999.000,9999.000
202607300930,   1.508,   1.928,9999.000,9999.000,9999.000,9999.000,9999.000,9999.000,9999.000
202607300936,   1.467,   1.889,9999.000,9999.000,9999.000,9999.000,9999.000,9999.000,9999.000
202607300942,   1.425,   1.859,9999.000,9999.000,9999.000,9999.000,9999.000,9999.000,9999.000
202607300948,   1.383,   1.820,9999.000,9999.000,9999.000,9999.000,9999.000,9999.000,9999.000
202607300954,   1.341,   1.781,9999.000,9999.000,9999.000,9999.000,9999.000,9999.000,9999.000
202607301000,   1.299,   1.738,   0.400,   0.039,   1.738,   0.400,   1.738,   0.400,   1.738
202607301006,   1.258,   1.689,9999.000,9999.000,9999.000,9999.000,9999.000,9999.000,9999.000
202607301012,   1.216,   1.639,9999.000,9999.000,9999.000,9999.000,9999.000,9999.000,9999.000
202607301018,   1.175,   1.610,9999.000,9999.000,9999.000,9999.000,9999.000,9999.000,9999.000
202607301024,   1.134,   1.557,9999.000,9999.000,9999.000,9999.000,9999.000,9999.000,9999.000
202607301030,   1.093,   1.528,9999.000,9999.000,9999.000,9999.000,9999.000,9999.000,9999.000
202607301036,   1.053,   1.479,9999.000,9999.000,9999.000,9999.000,9999.000,9999.000,9999.000
202607301042,   1.013,   1.439,9999.000,9999.000,9999.000,9999.000,9999.000,9999.000,9999.000
202607301048,   0.974,   1.390,9999.000,9999.000,9999.000,9999.000,9999.000,9999.000,9999.000
202607301054,   0.936,   1.361,9999.000,9999.000,9999.000,9999.000,9999.000,9999.000,9999.000
202607301100,   0.898,   1.318,   0.400,   0.020,   1.318,   0.300,   1.218,   0.400,   1.318
202607301106,   0.861,   1.289,9999.000,9999.000,9999.000,9999.000,9999.000,9999.000,9999.000
202607301112,   0.825,   1.249,9999.000,9999.000,9999.000,9999.000,9999.000,9999.000,9999.000
202607301118,   0.789,   1.229,9999.000,9999.000,9999.000,9999.000,9999.000,9999.000,9999.000
202607301124,   0.755,   1.190,9999.000,9999.000,9999.000,9999.000,9999.000,9999.000,9999.000
202607301130,   0.721,   1.161,9999.000,9999.000,9999.000,9999.000,9999.000,9999.000,9999.000
202607301136,   0.689,   1.128,9999.000,9999.000,9999.000,9999.000,9999.000,9999.000,9999.000
202607301142,   0.658,   1.098,9999.000,9999.000,9999.000,9999.000,9999.000,9999.000,9999.000
202607301148,   0.627,   1.069,9999.000,9999.000,9999.000,9999.000,9999.000,9999.000,9999.000
202607301154,   0.598,   1.039,9999.000,9999.000,9999.000,9999.000,9999.000,9999.000,9999.000
202607301200,   0.570,   1.010,   0.400,   0.040,   1.010,   0.300,   0.910,   0.400,   1.010
202607301206,   0.544,   0.990,9999.000,9999.000,9999.000,9999.000,9999.000,9999.000,9999.000
202607301212,   0.519,   0.951,9999.000,9999.000,9999.000,9999.000,9999.000,9999.000,9999.000
202607301218,   0.495,   0.941,9999.000,9999.000,9999.000,9999.000,9999.000,9999.000,9999.000
202607301224,   0.473,   0.918,9999.000,9999.000,9999.000,9999.000,9999.000,9999.000,9999.000
202607301230,   0.452,   0.898,9999.000,9999.000,9999.000,9999.000,9999.000,9999.000,9999.000
202607301236,   0.433,   0.888,9999.000,9999.000,9999.000,9999.000,9999.000,9999.000,9999.000
202607301242,   0.416,   0.859,9999.000,9999.000,9999.000,9999.000,9999.000,9999.000,9999.000
202607301248,   0.400,   0.859,9999.000,9999.000,9999.000,9999.000,9999.000,9999.000,9999.000
202607301254,   0.386,   0.849,9999.000,9999.000,9999.000,9999.000,9999.000,9999.000,9999.000
202607301300,   0.375,   0.829,   0.400,   0.054,   0.829,   0.300,   0.729,   0.400,   0.829
202607301306,   0.365,   0.819,9999.000,9999.000,9999.000,9999.000,9999.000,9999.000,9999.000
202607301312,   0.357,   0.810,9999.000,9999.000,9999.000,9999.000,9999.000,9999.000,9999.000
202607301318,   0.352,   0.810,9999.000,9999.000,9999.000,9999.000,9999.000,9999.000,9999.000
202607301324,   0.349,   0.810,9999.000,9999.000,9999.000,9999.000,9999.000,9999.000,9999.000
202607301330,   0.348,   0.800,9999.000,9999.000,9999.000,9999.000,9999.000,9999.000,9999.000
202607301336,   0.349,   0.810,9999.000,9999.000,9999.000,9999.000,9999.000,9999.000,9999.000
202607301342,   0.353,   0.819,9999.000,9999.000,9999.000,9999.000,9999.000,9999.000,9999.000
202607301348,   0.359,   0.829,9999.000,9999.000,9999.000,9999.000,9999.000,9999.000,9999.000
202607301354,   0.368,   0.839,9999.000,9999.000,9999.000,9999.000,9999.000,9999.000,9999.000
202607301400,   0.380,   0.849,   0.400,   0.069,   0.849,   0.300,   0.749,   0.400,   0.849
202607301406,   0.393,   0.859,9999.000,9999.000,9999.000,9999.000,9999.000,9999.000,9999.000
202607301412,   0.410,   0.879,9999.000,9999.000,9999.000,9999.000,9999.000,9999.000,9999.000
202607301418,   0.429,   0.898,9999.000,9999.000,9999.000,9999.000,9999.000,9999.000,9999.000
202607301424,   0.450,   0.908,9999.000,9999.000,9999.000,9999.000,9999.000,9999.000,9999.000
202607301430,   0.474,   0.928,9999.000,9999.000,9999.000,9999.000,9999.000,9999.000,9999.000
202607301436,   0.500,   0.941,9999.000,9999.000,9999.000,9999.000,9999.000,9999.000,9999.000
202607301442,   0.529,   0.961,9999.000,9999.000,9999.000,9999.000,9999.000,9999.000,9999.000
202607301448,   0.560,   1.000,9999.000,9999.000,9999.000,9999.000,9999.000,9999.000,9999.000
202607301454,   0.593,   1.020,9999.000,9999.000,9999.000,9999.000,9999.000,9999.000,9999.000
202607301500,   0.628,   1.059,   0.300,   0.131,   1.059,   0.300,   1.059,   0.400,   1.159
202607301506,   0.665,   1.098,9999.000,9999.000,9999.000,9999.000,9999.000,9999.000,9999.000
202607301512,   0.703,   1.138,9999.000,9999.000,9999.000,9999.000,9999.000,9999.000,9999.000
202607301518,   0.744,   1.170,9999.000,9999.000,9999.000,9999.000,9999.000,9999.000,9999.000
202607301524,   0.785,   1.200,9999.000,9999.000,9999.000,9999.000,9999.000,9999.000,9999.000
202607301530,   0.829,   1.239,9999.000,9999.000,9999.000,9999.000,9999.000,9999.000,9999.000
202607301536,   0.873,   1.289,9999.000,9999.000,9999.000,9999.000,9999.000,9999.000,9999.000
202607301542,   0.918,   1.328,9999.000,9999.000,9999.000,9999.000,9999.000,9999.000,9999.000
202607301548,   0.964,   1.371,9999.000,9999.000,9999.000,9999.000,9999.000,9999.000,9999.000
202607301554,   1.010,   1.410,9999.000,9999.000,9999.000,9999.000,9999.000,9999.000,9999.000
202607301600,   1.057,   1.449,   0.300,   0.092,   1.449,   0.300,   1.449,   0.400,   1.549
202607301606,   1.104,   1.489,9999.000,9999.000,9999.000,9999.000,9999.000,9999.000,9999.000
202607301612,   1.151,   1.548,9999.000,9999.000,9999.000,9999.000,9999.000,9999.000,9999.000
202607301618,   1.198,   1.600,9999.000,9999.000,9999.000,9999.000,9999.000,9999.000,9999.000
202607301624,   1.244,   1.649,9999.000,9999.000,9999.000,9999.000,9999.000,9999.000,9999.000
202607301630,   1.290,   1.708,9999.000,9999.000,9999.000,9999.000,9999.000,9999.000,9999.000
202607301636,   1.335,   1.758,9999.000,9999.000,9999.000,9999.000,9999.000,9999.000,9999.000
202607301642,   1.379,   1.820,9999.000,9999.000,9999.000,9999.000,9999.000,9999.000,9999.000
202607301648,   1.422,   1.859,9999.000,9999.000,9999.000,9999.000,9999.000,9999.000,9999.000
202607301654,   1.464,   1.918,9999.000,9999.000,9999.000,9999.000,9999.000,9999.000,9999.000
202607301700,   1.504,   1.981,   0.300,   0.177,   1.981,   0.300,   1.981,   0.400,   2.081
202607301706,   1.543,   2.020,9999.000,9999.000,9999.000,9999.000,9999.000,9999.000,9999.000
202607301712,   1.580,   2.069,9999.000,9999.000,9999.000,9999.000,9999.000,9999.000,9999.000
202607301718,   1.616,   2.118,9999.000,9999.000,9999.000,9999.000,9999.000,9999.000,9999.000
202607301724,   1.649,   2.158,9999.000,9999.000,9999.000,9999.000,9999.000,9999.000,9999.000
202607301730,   1.681,   2.210,9999.000,9999.000,9999.000,9999.000,9999.000,9999.000,9999.000
202607301736,   1.711,   2.240,9999.000,9999.000,9999.000,9999.000,9999.000,9999.000,9999.000
202607301742,   1.739,   2.269,9999.000,9999.000,9999.000,9999.000,9999.000,9999.000,9999.000
202607301748,   1.764,   2.309,9999.000,9999.000,9999.000,9999.000,9999.000,9999.000,9999.000
202607301754,   1.788,   2.328,9999.000,9999.000,9999.000,9999.000,9999.000,9999.000,9999.000
202607301800,   1.809,   2.358,   0.400,   0.149,   2.358,   0.400,   2.358,   0.400,   2.358
202607301806,   1.828,   2.400,9999.000,9999.000,9999.000,9999.000,9999.000,9999.000,9999.000
202607301812,   1.845,   2.400,9999.000,9999.000,9999.000,9999.000,9999.000,9999.000,9999.000
202607301818,   1.860,   2.430,9999.000,9999.000,9999.000,9999.000,9999.000,9999.000,9999.000
202607301824,   1.872,   2.440,9999.000,9999.000,9999.000,9999.000,9999.000,9999.000,9999.000
202607301830,   1.883,   2.459,9999.000,9999.000,9999.000,9999.000,9999.000,9999.000,9999.000
202607301836,   1.891,   2.469,9999.000,9999.000,9999.000,9999.000,9999.000,9999.000,9999.000
202607301842,   1.897,   2.479,9999.000,9999.000,9999.000,9999.000,9999.000,9999.000,9999.000
202607301848,   1.901,   2.499,9999.000,9999.000,9999.000,9999.000,9999.000,9999.000,9999.000
202607301854,   1.902,   2.509,9999.000,9999.000,9999.000,9999.000,9999.000,9999.000,9999.000
202607301900,   1.902,   2.509,   0.400,   0.207,   2.509,   0.400,   2.509,   0.400,   2.509
202607301906,   1.900,   2.499,9999.000,9999.000,9999.000,9999.000,9999.000,9999.000,9999.000
202607301912,   1.895,   2.509,9999.000,9999.000,9999.000,9999.000,9999.000,9999.000,9999.000
202607301918,   1.889,   2.509,9999.000,9999.000,9999.000,9999.000,9999.000,9999.000,9999.000
202607301924,   1.881,   2.499,9999.000,9999.000,9999.000,9999.000,9999.000,9999.000,9999.000
202607301930,   1.870,   2.489,9999.000,9999.000,9999.000,9999.000,9999.000,9999.000,9999.000
202607301936,   1.858,   2.479,9999.000,9999.000,9999.000,9999.000,9999.000,9999.000,9999.000
202607301942,   1.844,   2.459,9999.000,9999.000,9999.000,9999.000,9999.000,9999.000,9999.000
202607301948,   1.829,   2.450,9999.000,9999.000,9999.000,9999.000,9999.000,9999.000,9999.000
202607301954,   1.811,   2.430,9999.000,9999.000,9999.000,9999.000,9999.000,9999.000,9999.000
202607302000,   1.792,   2.410,   0.400,   0.218,   2.410,   0.400,   2.410,   0.400,   2.410
202607302006,   1.771,   2.377,9999.000,9999.000,9999.000,9999.000,9999.000,9999.000,9999.000
202607302012,   1.749,   2.358,9999.000,9999.000,9999.000,9999.000,9999.000,9999.000,9999.000
202607302018,   1.725,   2.338,9999.000,9999.000,9999.000,9999.000,9999.000,9999.000,9999.000
202607302024,   1.700,   2.309,9999.000,9999.000,9999.000,9999.000,9999.000,9999.000,9999.000
202607302030,   1.673,   2.279,9999.000,9999.000,9999.000,9999.000,9999.000,9999.000,9999.000
202607302036,   1.645,   2.259,9999.000,9999.000,9999.000,9999.000,9999.000,9999.000,9999.000
202607302042,   1.615,   2.230,9999.000,9999.000,9999.000,9999.000,9999.000,9999.000,9999.000
202607302048,   1.585,   2.200,9999.000,9999.000,9999.000,9999.000,9999.000,9999.000,9999.000
202607302054,   1.553,   2.168,9999.000,9999.000,9999.000,9999.000,9999.000,9999.000,9999.000
202607302100,   1.520,   2.138,   0.400,   0.218,   2.138,   0.400,   2.138,   0.400,   2.138
202607302106,   1.486,   2.099,9999.000,9999.000,9999.000,9999.000,9999.000,9999.000,9999.000
202607302112,   1.451,   2.069,9999.000,9999.000,9999.000,9999.000,9999.000,9999.000,9999.000
202607302118,   1.416,   2.030,9999.000,9999.000,9999.000,9999.000,9999.000,9999.000,9999.000
202607302124,   1.379,   1.990,9999.000,9999.000,9999.000,9999.000,9999.000,9999.000,9999.000
202607302130,   1.342,   1.948,9999.000,9999.000,9999.000,9999.000,9999.000,9999.000,9999.000
202607302136,   1.305,   1.908,9999.000,9999.000,9999.000,9999.000,9999.000,9999.000,9999.000
202607302142,   1.267,   1.869,9999.000,9999.000,9999.000,9999.000,9999.000,9999.000,9999.000
202607302148,   1.229,   1.830,9999.000,9999.000,9999.000,9999.000,9999.000,9999.000,9999.000
202607302154,   1.190,   1.781,9999.000,9999.000,9999.000,9999.000,9999.000,9999.000,9999.000
202607302200,   1.151,   1.738,   0.400,   0.187,   1.738,   0.400,   1.738,   0.400,   1.738
202607302206,   1.113,   1.699,9999.000,9999.000,9999.000,9999.000,9999.000,9999.000,9999.000
202607302212,   1.074,   1.659,9999.000,9999.000,9999.000,9999.000,9999.000,9999.000,9999.000
202607302218,   1.035,   1.620,9999.000,9999.000,9999.000,9999.000,9999.000,9999.000,9999.000
202607302224,   0.997,   1.571,9999.000,9999.000,9999.000,9999.000,9999.000,9999.000,9999.000
202607302230,   0.959,   1.538,9999.000,9999.000,9999.000,9999.000,9999.000,9999.000,9999.000
202607302236,   0.921,   1.508,9999.000,9999.000,9999.000,9999.000,9999.000,9999.000,9999.000
202607302242,   0.884,   1.479,9999.000,9999.000,9999.000,9999.000,9999.000,9999.000,9999.000
202607302248,   0.848,   1.439,9999.000,9999.000,9999.000,9999.000,9999.000,9999.000,9999.000
202607302254,   0.812,   1.390,9999.000,9999.000,9999.000,9999.000,9999.000,9999.000,9999.000
202607302300,   0.777,   1.348,   0.400,   0.171,   1.348,   0.400,   1.348,   0.400,   1.348
202607302306,   0.743,   1.318,9999.000,9999.000,9999.000,9999.000,9999.000,9999.000,9999.000
202607302312,   0.710,   1.279,9999.000,9999.000,9999.000,9999.000,9999.000,9999.000,9999.000
202607302318,   0.678,   1.249,9999.000,9999.000,9999.000,9999.000,9999.000,9999.000,9999.000
202607302324,   0.646,   1.220,9999.000,9999.000,9999.000,9999.000,9999.000,9999.000,9999.000
202607302330,   0.616,   1.190,9999.000,9999.000,9999.000,9999.000,9999.000,9999.000,9999.000
202607302336,   0.587,   1.161,9999.000,9999.000,9999.000,9999.000,9999.000,9999.000,9999.000
202607302342,   0.559,   1.128,9999.000,9999.000,9999.000,9999.000,9999.000,9999.000,9999.000
202607302348,   0.533,   1.098,9999.000,9999.000,9999.000,9999.000,9999.000,9999.000,9999.000
202607302354,   0.508,   1.079,9999.000,9999.000,9999.000,9999.000,9999.000,9999.000,9999.000
202607310000,   0.484,   1.039,   0.500,   0.055,   1.039,   0.400,   0.939,   0.500,   1.039
202607310006,   0.461,   1.010,9999.000,9999.000,9999.000,9999.000,9999.000,9999.000,9999.000
202607310012,   0.440,   0.980,9999.000,9999.000,9999.000,9999.000,9999.000,9999.000,9999.000
202607310018,   0.421,   0.951,9999.000,9999.000,9999.000,9999.000,9999.000,9999.000,9999.000
202607310024,   0.403,   0.928,9999.000,9999.000,9999.000,9999.000,9999.000,9999.000,9999.000
202607310030,   0.387,   0.898,9999.000,9999.000,9999.000,9999.000,9999.000,9999.000,9999.000
202607310036,   0.373,   0.879,9999.000,9999.000,9999.000,9999.000,9999.000,9999.000,9999.000
202607310042,   0.360,   0.859,9999.000,9999.000,9999.000,9999.000,9999.000,9999.000,9999.000
202607310048,   0.349,   0.849,9999.000,9999.000,9999.000,9999.000,9999.000,9999.000,9999.000
202607310054,   0.340,   0.829,9999.000,9999.000,9999.000,9999.000,9999.000,9999.000,9999.000
202607310100,   0.333,   0.819,   0.500,  -0.014,   0.819,   0.400,   0.719,   0.500,   0.819
202607310106,   0.328,   0.810,9999.000,9999.000,9999.000,9999.000,9999.000,9999.000,9999.000
202607310112,   0.325,   0.810,9999.000,9999.000,9999.000,9999.000,9999.000,9999.000,9999.000
202607310118,   0.325,   0.800,9999.000,9999.000,9999.000,9999.000,9999.000,9999.000,9999.000
202607310124,   0.326,   0.800,9999.000,9999.000,9999.000,9999.000,9999.000,9999.000,9999.000
202607310130,   0.330,   0.790,9999.000,9999.000,9999.000,9999.000,9999.000,9999.000,9999.000
202607310136,   0.335,   0.790,9999.000,9999.000,9999.000,9999.000,9999.000,9999.000,9999.000
202607310142,   0.344,   0.800,9999.000,9999.000,9999.000,9999.000,9999.000,9999.000,9999.000
202607310148,   0.354,   0.800,9999.000,9999.000,9999.000,9999.000,9999.000,9999.000,9999.000
202607310154,   0.367,   0.819,9999.000,9999.000,9999.000,9999.000,9999.000,9999.000,9999.000
202607310200,   0.383,   0.839,   0.500,  -0.044,   0.839,   0.400,   0.739,   0.500,   0.839
202607310206,   0.401,   0.849,9999.000,9999.000,9999.000,9999.000,9999.000,9999.000,9999.000
202607310212,   0.421,   0.859,9999.000,9999.000,9999.000,9999.000,9999.000,9999.000,9999.000
202607310218,   0.444,   0.879,9999.000,9999.000,9999.000,9999.000,9999.000,9999.000,9999.000
202607310224,   0.470,   0.898,9999.000,9999.000,9999.000,9999.000,9999.000,9999.000,9999.000
202607310230,   0.498,   0.928,9999.000,9999.000,9999.000,9999.000,9999.000,9999.000,9999.000
202607310236,   0.528,   0.961,9999.000,9999.000,9999.000,9999.000,9999.000,9999.000,9999.000
202607310242,   0.561,   0.990,9999.000,9999.000,9999.000,9999.000,9999.000,9999.000,9999.000
202607310248,   0.596,   1.029,9999.000,9999.000,9999.000,9999.000,9999.000,9999.000,9999.000
202607310254,   0.633,   1.069,9999.000,9999.000,9999.000,9999.000,9999.000,9999.000,9999.000
202607310300,   0.673,   1.108,   0.500,  -0.065,   1.108,   0.400,   1.008,   0.500,   1.108
202607310306,   0.715,   1.161,9999.000,9999.000,9999.000,9999.000,9999.000,9999.000,9999.000
202607310312,   0.759,   1.200,9999.000,9999.000,9999.000,9999.000,9999.000,9999.000,9999.000
202607310318,   0.804,   1.249,9999.000,9999.000,9999.000,9999.000,9999.000,9999.000,9999.000
202607310324,   0.851,   1.298,9999.000,9999.000,9999.000,9999.000,9999.000,9999.000,9999.000
202607310330,   0.900,   1.338,9999.000,9999.000,9999.000,9999.000,9999.000,9999.000,9999.000
202607310336,   0.951,   1.400,9999.000,9999.000,9999.000,9999.000,9999.000,9999.000,9999.000
202607310342,   1.002,   1.449,9999.000,9999.000,9999.000,9999.000,9999.000,9999.000,9999.000
202607310348,   1.055,   1.508,9999.000,9999.000,9999.000,9999.000,9999.000,9999.000,9999.000
202607310354,   1.109,   1.571,9999.000,9999.000,9999.000,9999.000,9999.000,9999.000,9999.000
202607310400,   1.163,   1.630,   0.500,  -0.033,   1.630,   0.400,   1.530,   0.500,   1.630
202607310406,   1.218,   1.689,9999.000,9999.000,9999.000,9999.000,9999.000,9999.000,9999.000
202607310412,   1.273,   1.748,9999.000,9999.000,9999.000,9999.000,9999.000,9999.000,9999.000
202607310418,   1.328,   1.800,9999.000,9999.000,9999.000,9999.000,9999.000,9999.000,9999.000
202607310424,   1.383,   1.859,9999.000,9999.000,9999.000,9999.000,9999.000,9999.000,9999.000
202607310430,   1.437,   1.918,9999.000,9999.000,9999.000,9999.000,9999.000,9999.000,9999.000
202607310436,   1.491,   1.981,9999.000,9999.000,9999.000,9999.000,9999.000,9999.000,9999.000
202607310442,   1.545,   2.040,9999.000,9999.000,9999.000,9999.000,9999.000,9999.000,9999.000
202607310448,   1.597,   2.089,9999.000,9999.000,9999.000,9999.000,9999.000,9999.000,9999.000
202607310454,   1.649,   2.148,9999.000,9999.000,9999.000,9999.000,9999.000,9999.000,9999.000
202607310500,   1.699,   2.200,   0.500,   0.001,   2.200,   0.500,   2.200,   0.500,   2.200
202607310506,   1.747,   2.250,9999.000,9999.000,9999.000,9999.000,9999.000,9999.000,9999.000
202607310512,   1.794,   2.299,9999.000,9999.000,9999.000,9999.000,9999.000,9999.000,9999.000
202607310518,   1.839,   2.338,9999.000,9999.000,9999.000,9999.000,9999.000,9999.000,9999.000
202607310524,   1.883,   2.387,9999.000,9999.000,9999.000,9999.000,9999.000,9999.000,9999.000
202607310530,   1.924,   2.430,9999.000,9999.000,9999.000,9999.000,9999.000,9999.000,9999.000
202607310536,   1.963,   2.469,9999.000,9999.000,9999.000,9999.000,9999.000,9999.000,9999.000
202607310542,   2.000,   2.509,9999.000,9999.000,9999.000,9999.000,9999.000,9999.000,9999.000
202607310548,   2.034,   2.548,9999.000,9999.000,9999.000,9999.000,9999.000,9999.000,9999.000
202607310554,   2.067,   2.578,9999.000,9999.000,9999.000,9999.000,9999.000,9999.000,9999.000
202607310600,   2.096,   2.620,   0.600,  -0.076,   2.620,   0.500,   2.520,   0.600,   2.620
202607310606,   2.124,   2.640,9999.000,9999.000,9999.000,9999.000,9999.000,9999.000,9999.000
202607310612,   2.148,   2.660,9999.000,9999.000,9999.000,9999.000,9999.000,9999.000,9999.000
202607310618,   2.171,   2.689,9999.000,9999.000,9999.000,9999.000,9999.000,9999.000,9999.000
202607310624,   2.190,   2.709,9999.000,9999.000,9999.000,9999.000,9999.000,9999.000,9999.000
202607310630,   2.207,   2.728,9999.000,9999.000,9999.000,9999.000,9999.000,9999.000,9999.000
202607310636,   2.222,   2.738,9999.000,9999.000,9999.000,9999.000,9999.000,9999.000,9999.000
202607310642,   2.234,   2.748,9999.000,9999.000,9999.000,9999.000,9999.000,9999.000,9999.000
202607310648,   2.243,   2.768,9999.000,9999.000,9999.000,9999.000,9999.000,9999.000,9999.000
202607310654,   2.251,   2.778,9999.000,9999.000,9999.000,9999.000,9999.000,9999.000,9999.000
202607310700,   2.255,   2.778,   0.600,  -0.077,   2.778,   0.500,   2.678,   0.600,   2.778
202607310706,   2.257,   2.787,9999.000,9999.000,9999.000,9999.000,9999.000,9999.000,9999.000
202607310712,   2.257,   2.787,9999.000,9999.000,9999.000,9999.000,9999.000,9999.000,9999.000
202607310718,   2.255,   2.787,9999.000,9999.000,9999.000,9999.000,9999.000,9999.000,9999.000
202607310724,   2.250,   2.787,9999.000,9999.000,9999.000,9999.000,9999.000,9999.000,9999.000
202607310730,   2.243,   2.787,9999.000,9999.000,9999.000,9999.000,9999.000,9999.000,9999.000
202607310736,   2.234,   2.778,9999.000,9999.000,9999.000,9999.000,9999.000,9999.000,9999.000
202607310742,   2.223,   2.778,9999.000,9999.000,9999.000,9999.000,9999.000,9999.000,9999.000
202607310748,   2.210,   2.768,9999.000,9999.000,9999.000,9999.000,9999.000,9999.000,9999.000
202607310754,   2.195,   2.758,9999.000,9999.000,9999.000,9999.000,9999.000,9999.000,9999.000
202607310800,   2.178,   2.748,   0.600,  -0.030,   2.748,   0.500,   2.648,   0.600,   2.748
202607310806,   2.159,   2.738,9999.000,9999.000,9999.000,9999.000,9999.000,9999.000,9999.000
202607310812,   2.139,   2.709,9999.000,9999.000,9999.000,9999.000,9999.000,9999.000,9999.000
202607310818,   2.116,   2.699,9999.000,9999.000,9999.000,9999.000,9999.000,9999.000,9999.000
202607310824,   2.092,   2.679,9999.000,9999.000,9999.000,9999.000,9999.000,9999.000,9999.000
202607310830,   2.066,   2.669,9999.000,9999.000,9999.000,9999.000,9999.000,9999.000,9999.000
202607310836,   2.039,   2.650,9999.000,9999.000,9999.000,9999.000,9999.000,9999.000,9999.000
202607310842,   2.010,   2.620,9999.000,9999.000,9999.000,9999.000,9999.000,9999.000,9999.000
202607310848,   1.980,   2.587,9999.000,9999.000,9999.000,9999.000,9999.000,9999.000,9999.000
202607310854,   1.948,   2.558,9999.000,9999.000,9999.000,9999.000,9999.000,9999.000,9999.000
202607310900,   1.915,   2.528,   0.600,   0.013,   2.528,   0.500,   2.428,   0.600,   2.528
202607310906,   1.881,   2.499,9999.000,9999.000,9999.000,9999.000,9999.000,9999.000,9999.000
202607310912,   1.845,   2.469,9999.000,9999.000,9999.000,9999.000,9999.000,9999.000,9999.000
202607310918,   1.809,   2.440,9999.000,9999.000,9999.000,9999.000,9999.000,9999.000,9999.000
202607310924,   1.771,   2.400,9999.000,9999.000,9999.000,9999.000,9999.000,9999.000,9999.000
202607310930,   1.733,   2.368,9999.000,9999.000,9999.000,9999.000,9999.000,9999.000,9999.000
202607310936,   1.693,   2.338,9999.000,9999.000,9999.000,9999.000,9999.000,9999.000,9999.000
202607310942,   1.653,   2.299,9999.000,9999.000,9999.000,9999.000,9999.000,9999.000,9999.000
202607310948,   1.612,   2.259,9999.000,9999.000,9999.000,9999.000,9999.000,9999.000,9999.000
202607310954,   1.570,   2.220,9999.000,9999.000,9999.000,9999.000,9999.000,9999.000,9999.000
202607311000,   1.528,   2.191,   0.600,   0.063,   2.191,   0.500,   2.091,   0.600,   2.191
202607311006,   1.485,   2.148,9999.000,9999.000,9999.000,9999.000,9999.000,9999.000,9999.000
202607311012,   1.442,   2.109,9999.000,9999.000,9999.000,9999.000,9999.000,9999.000,9999.000
202607311018,   1.399,   2.069,9999.000,9999.000,9999.000,9999.000,9999.000,9999.000,9999.000
202607311024,   1.356,   2.030,9999.000,9999.000,9999.000,9999.000,9999.000,9999.000,9999.000
202607311030,   1.312,   1.981,9999.000,9999.000,9999.000,9999.000,9999.000,9999.000,9999.000
202607311036,   1.268,   1.938,9999.000,9999.000,9999.000,9999.000,9999.000,9999.000,9999.000
202607311042,   1.225,   1.899,9999.000,9999.000,9999.000,9999.000,9999.000,9999.000,9999.000
202607311048,   1.182,   1.859,9999.000,9999.000,9999.000,9999.000,9999.000,9999.000,9999.000
202607311054,   1.139,   1.820,9999.000,9999.000,9999.000,9999.000,9999.000,9999.000,9999.000
202607311100,   1.096,   1.781,   0.500,   0.185,   1.781,   0.500,   1.781,   0.600,   1.881
202607311106,   1.054,   1.738,9999.000,9999.000,9999.000,9999.000,9999.000,9999.000,9999.000
202607311112,   1.012,   1.699,9999.000,9999.000,9999.000,9999.000,9999.000,9999.000,9999.000
202607311118,   0.971,   1.659,9999.000,9999.000,9999.000,9999.000,9999.000,9999.000,9999.000
202607311124,   0.931,   1.620,9999.000,9999.000,9999.000,9999.000,9999.000,9999.000,9999.000
202607311130,   0.891,   1.580,9999.000,9999.000,9999.000,9999.000,9999.000,9999.000,9999.000
202607311136,   0.852,   1.538,9999.000,9999.000,9999.000,9999.000,9999.000,9999.000,9999.000
202607311142,   0.814,   1.508,9999.000,9999.000,9999.000,9999.000,9999.000,9999.000,9999.000
202607311148,   0.777,   1.469,9999.000,9999.000,9999.000,9999.000,9999.000,9999.000,9999.000
202607311154,   0.741,   1.430,9999.000,9999.000,9999.000,9999.000,9999.000,9999.000,9999.000
202607311200,   0.706,   1.430,   0.500,   0.224,   1.430,   0.500,   1.430,   0.600,   1.530
202607311206,   0.672,9999.000,9999.000,9999.000,9999.000,9999.000,9999.000,9999.000,9999.000
202607311212,   0.639,9999.000,9999.000,9999.000,9999.000,9999.000,9999.000,9999.000,9999.000
202607311218,   0.607,9999.000,9999.000,9999.000,9999.000,9999.000,9999.000,9999.000,9999.000
202607311224,   0.577,9999.000,9999.000,9999.000,9999.000,9999.000,9999.000,9999.000,9999.000
202607311230,   0.548,9999.000,9999.000,9999.000,9999.000,9999.000,9999.000,9999.000,9999.000
202607311236,   0.520,9999.000,9999.000,9999.000,9999.000,9999.000,9999.000,9999.000,9999.000
202607311242,   0.494,9999.000,9999.000,9999.000,9999.000,9999.000,9999.000,9999.000,9999.000
202607311248,   0.470,9999.000,9999.000,9999.000,9999.000,9999.000,9999.000,9999.000,9999.000
202607311254,   0.446,9999.000,9999.000,9999.000,9999.000,9999.000,9999.000,9999.000,9999.000
202607311300,   0.425,9999.000,   0.500,   0.209,   1.134,   0.500,   1.134,   0.600,   1.234
202607311306,   0.405,9999.000,9999.000,9999.000,9999.000,9999.000,9999.000,9999.000,9999.000
202607311312,   0.387,9999.000,9999.000,9999.000,9999.000,9999.000,9999.000,9999.000,9999.000
202607311318,   0.371,9999.000,9999.000,9999.000,9999.000,9999.000,9999.000,9999.000,9999.000
202607311324,   0.356,9999.000,9999.000,9999.000,9999.000,9999.000,9999.000,9999.000,9999.000
202607311330,   0.344,9999.000,9999.000,9999.000,9999.000,9999.000,9999.000,9999.000,9999.000
202607311336,   0.333,9999.000,9999.000,9999.000,9999.000,9999.000,9999.000,9999.000,9999.000
202607311342,   0.325,9999.000,9999.000,9999.000,9999.000,9999.000,9999.000,9999.000,9999.000
202607311348,   0.319,9999.000,9999.000,9999.000,9999.000,9999.000,9999.000,9999.000,9999.000
202607311354,   0.315,9999.000,9999.000,9999.000,9999.000,9999.000,9999.000,9999.000,9999.000
202607311400,   0.313,9999.000,   0.500,   0.195,   1.008,   0.500,   1.008,   0.600,   1.108
202607311406,   0.313,9999.000,9999.000,9999.000,9999.000,9999.000,9999.000,9999.000,9999.000
202607311412,   0.316,9999.000,9999.000,9999.000,9999.000,9999.000,9999.000,9999.000,9999.000
202607311418,   0.321,9999.000,9999.000,9999.000,9999.000,9999.000,9999.000,9999.000,9999.000
202607311424,   0.329,9999.000,9999.000,9999.000,9999.000,9999.000,9999.000,9999.000,9999.000
202607311430,   0.339,9999.000,9999.000,9999.000,9999.000,9999.000,9999.000,9999.000,9999.000
202607311436,   0.352,9999.000,9999.000,9999.000,9999.000,9999.000,9999.000,9999.000,9999.000
202607311442,   0.368,9999.000,9999.000,9999.000,9999.000,9999.000,9999.000,9999.000,9999.000
202607311448,   0.385,9999.000,9999.000,9999.000,9999.000,9999.000,9999.000,9999.000,9999.000
202607311454,   0.406,9999.000,9999.000,9999.000,9999.000,9999.000,9999.000,9999.000,9999.000
202607311500,   0.429,9999.000,   0.500,   0.180,   1.109,   0.500,   1.109,   0.600,   1.209
202607311506,   0.454,9999.000,9999.000,9999.000,9999.000,9999.000,9999.000,9999.000,9999.000
202607311512,   0.482,9999.000,9999.000,9999.000,9999.000,9999.000,9999.000,9999.000,9999.000
202607311518,   0.512,9999.000,9999.000,9999.000,9999.000,9999.000,9999.000,9999.000,9999.000
202607311524,   0.544,9999.000,9999.000,9999.000,9999.000,9999.000,9999.000,9999.000,9999.000
202607311530,   0.579,9999.000,9999.000,9999.000,9999.000,9999.000,9999.000,9999.000,9999.000
202607311536,   0.615,9999.000,9999.000,9999.000,9999.000,9999.000,9999.000,9999.000,9999.000
202607311542,   0.654,9999.000,9999.000,9999.000,9999.000,9999.000,9999.000,9999.000,9999.000
202607311548,   0.695,9999.000,9999.000,9999.000,9999.000,9999.000,9999.000,9999.000,9999.000
202607311554,   0.737,9999.000,9999.000,9999.000,9999.000,9999.000,9999.000,9999.000,9999.000
202607311600,   0.781,9999.000,   0.500,   0.165,   1.446,   0.500,   1.446,   0.600,   1.546
202607311606,   0.826,9999.000,9999.000,9999.000,9999.000,9999.000,9999.000,9999.000,9999.000
202607311612,   0.872,9999.000,9999.000,9999.000,9999.000,9999.000,9999.000,9999.000,9999.000
202607311618,   0.920,9999.000,9999.000,9999.000,9999.000,9999.000,9999.000,9999.000,9999.000
202607311624,   0.968,9999.000,9999.000,9999.000,9999.000,9999.000,9999.000,9999.000,9999.000
202607311630,   1.017,9999.000,9999.000,9999.000,9999.000,9999.000,9999.000,9999.000,9999.000
202607311636,   1.066,9999.000,9999.000,9999.000,9999.000,9999.000,9999.000,9999.000,9999.000
202607311642,   1.116,9999.000,9999.000,9999.000,9999.000,9999.000,9999.000,9999.000,9999.000
202607311648,   1.165,9999.000,9999.000,9999.000,9999.000,9999.000,9999.000,9999.000,9999.000
202607311654,   1.215,9999.000,9999.000,9999.000,9999.000,9999.000,9999.000,9999.000,9999.000
202607311700,   1.264,9999.000,   0.500,   0.150,   1.914,   0.500,   1.914,   0.600,   2.014
202607311706,   1.312,9999.000,9999.000,9999.000,9999.000,9999.000,9999.000,9999.000,9999.000
202607311712,   1.360,9999.000,9999.000,9999.000,9999.000,9999.000,9999.000,9999.000,9999.000
202607311718,   1.407,9999.000,9999.000,9999.000,9999.000,9999.000,9999.000,9999.000,9999.000
202607311724,   1.453,9999.000,9999.000,9999.000,9999.000,9999.000,9999.000,9999.000,9999.000
202607311730,   1.497,9999.000,9999.000,9999.000,9999.000,9999.000,9999.000,9999.000,9999.000
202607311736,   1.540,9999.000,9999.000,9999.000,9999.000,9999.000,9999.000,9999.000,9999.000
202607311742,   1.581,9999.000,9999.000,9999.000,9999.000,9999.000,9999.000,9999.000,9999.000
202607311748,   1.621,9999.000,9999.000,9999.000,9999.000,9999.000,9999.000,9999.000,9999.000
202607311754,   1.659,9999.000,9999.000,9999.000,9999.000,9999.000,9999.000,9999.000,9999.000
202607311800,   1.694,9999.000,   0.500,   0.136,   2.330,   0.500,   2.330,   0.600,   2.430
202607311806,   1.728,9999.000,9999.000,9999.000,9999.000,9999.000,9999.000,9999.000,9999.000
202607311812,   1.760,9999.000,9999.000,9999.000,9999.000,9999.000,9999.000,9999.000,9999.000
202607311818,   1.789,9999.000,9999.000,9999.000,9999.000,9999.000,9999.000,9999.000,9999.000
202607311824,   1.816,9999.000,9999.000,9999.000,9999.000,9999.000,9999.000,9999.000,9999.000
202607311830,   1.841,9999.000,9999.000,9999.000,9999.000,9999.000,9999.000,9999.000,9999.000
202607311836,   1.864,9999.000,9999.000,9999.000,9999.000,9999.000,9999.000,9999.000,9999.000
202607311842,   1.884,9999.000,9999.000,9999.000,9999.000,9999.000,9999.000,9999.000,9999.000
202607311848,   1.902,9999.000,9999.000,9999.000,9999.000,9999.000,9999.000,9999.000,9999.000
202607311854,   1.917,9999.000,9999.000,9999.000,9999.000,9999.000,9999.000,9999.000,9999.000
202607311900,   1.930,9999.000,   0.500,   0.121,   2.551,   0.500,   2.551,   0.600,   2.651
202607311906,   1.941,9999.000,9999.000,9999.000,9999.000,9999.000,9999.000,9999.000,9999.000
202607311912,   1.950,9999.000,9999.000,9999.000,9999.000,9999.000,9999.000,9999.000,9999.000
202607311918,   1.956,9999.000,9999.000,9999.000,9999.000,9999.000,9999.000,9999.000,9999.000
202607311924,   1.960,9999.000,9999.000,9999.000,9999.000,9999.000,9999.000,9999.000,9999.000
202607311930,   1.961,9999.000,9999.000,9999.000,9999.000,9999.000,9999.000,9999.000,9999.000
202607311936,   1.961,9999.000,9999.000,9999.000,9999.000,9999.000,9999.000,9999.000,9999.000
202607311942,   1.958,9999.000,9999.000,9999.000,9999.000,9999.000,9999.000,9999.000,9999.000
202607311948,   1.953,9999.000,9999.000,9999.000,9999.000,9999.000,9999.000,9999.000,9999.000
202607311954,   1.947,9999.000,9999.000,9999.000,9999.000,9999.000,9999.000,9999.000,9999.000
202607312000,   1.938,9999.000,   0.500,   0.106,   2.544,   0.500,   2.544,   0.600,   2.644
202607312006,   1.927,9999.000,9999.000,9999.000,9999.000,9999.000,9999.000,9999.000,9999.000
202607312012,   1.915,9999.000,9999.000,9999.000,9999.000,9999.000,9999.000,9999.000,9999.000
202607312018,   1.901,9999.000,9999.000,9999.000,9999.000,9999.000,9999.000,9999.000,9999.000
202607312024,   1.885,9999.000,9999.000,9999.000,9999.000,9999.000,9999.000,9999.000,9999.000
202607312030,   1.867,9999.000,9999.000,9999.000,9999.000,9999.000,9999.000,9999.000,9999.000
202607312036,   1.848,9999.000,9999.000,9999.000,9999.000,9999.000,9999.000,9999.000,9999.000
202607312042,   1.827,9999.000,9999.000,9999.000,9999.000,9999.000,9999.000,9999.000,9999.000
202607312048,   1.804,9999.000,9999.000,9999.000,9999.000,9999.000,9999.000,9999.000,9999.000
202607312054,   1.780,9999.000,9999.000,9999.000,9999.000,9999.000,9999.000,9999.000,9999.000
202607312100,   1.755,9999.000,   0.500,   0.091,   2.346,   0.500,   2.346,   0.600,   2.446
202607312106,   1.728,9999.000,9999.000,9999.000,9999.000,9999.000,9999.000,9999.000,9999.000
202607312112,   1.700,9999.000,9999.000,9999.000,9999.000,9999.000,9999.000,9999.000,9999.000
202607312118,   1.671,9999.000,9999.000,9999.000,9999.000,9999.000,9999.000,9999.000,9999.000
202607312124,   1.641,9999.000,9999.000,9999.000,9999.000,9999.000,9999.000,9999.000,9999.000
202607312130,   1.609,9999.000,9999.000,9999.000,9999.000,9999.000,9999.000,9999.000,9999.000
202607312136,   1.577,9999.000,9999.000,9999.000,9999.000,9999.000,9999.000,9999.000,9999.000
202607312142,   1.543,9999.000,9999.000,9999.000,9999.000,9999.000,9999.000,9999.000,9999.000
202607312148,   1.509,9999.000,9999.000,9999.000,9999.000,9999.000,9999.000,9999.000,9999.000
202607312154,   1.474,9999.000,9999.000,9999.000,9999.000,9999.000,9999.000,9999.000,9999.000
202607312200,   1.438,9999.000,   0.500,   0.077,   2.015,   0.500,   2.015,   0.600,   2.115
202607312206,   1.401,9999.000,9999.000,9999.000,9999.000,9999.000,9999.000,9999.000,9999.000
202607312212,   1.364,9999.000,9999.000,9999.000,9999.000,9999.000,9999.000,9999.000,9999.000
202607312218,   1.327,9999.000,9999.000,9999.000,9999.000,9999.000,9999.000,9999.000,9999.000
202607312224,   1.289,9999.000,9999.000,9999.000,9999.000,9999.000,9999.000,9999.000,9999.000
202607312230,   1.250,9999.000,9999.000,9999.000,9999.000,9999.000,9999.000,9999.000,9999.000
202607312236,   1.212,9999.000,9999.000,9999.000,9999.000,9999.000,9999.000,9999.000,9999.000
202607312242,   1.173,9999.000,9999.000,9999.000,9999.000,9999.000,9999.000,9999.000,9999.000
202607312248,   1.135,9999.000,9999.000,9999.000,9999.000,9999.000,9999.000,9999.000,9999.000
202607312254,   1.096,9999.000,9999.000,9999.000,9999.000,9999.000,9999.000,9999.000,9999.000
202607312300,   1.058,9999.000,   0.500,   0.062,   1.620,   0.500,   1.620,   0.600,   1.720
202607312306,   1.020,9999.000,9999.000,9999.000,9999.000,9999.000,9999.000,9999.000,9999.000
202607312312,   0.982,9999.000,9999.000,9999.000,9999.000,9999.000,9999.000,9999.000,9999.000
202607312318,   0.944,9999.000,9999.000,9999.000,9999.000,9999.000,9999.000,9999.000,9999.000
202607312324,   0.907,9999.000,9999.000,9999.000,9999.000,9999.000,9999.000,9999.000,9999.000
202607312330,   0.871,9999.000,9999.000,9999.000,9999.000,9999.000,9999.000,9999.000,9999.000
202607312336,   0.835,9999.000,9999.000,9999.000,9999.000,9999.000,9999.000,9999.000,9999.000
202607312342,   0.801,9999.000,9999.000,9999.000,9999.000,9999.000,9999.000,9999.000,9999.000
202607312348,   0.767,9999.000,9999.000,9999.000,9999.000,9999.000,9999.000,9999.000,9999.000
202607312354,   0.734,9999.000,9999.000,9999.000,9999.000,9999.000,9999.000,9999.000,9999.000
202608010000,   0.702,9999.000,   0.500,   0.047,   1.249,   0.500,   1.249,   0.600,   1.349
202608010006,   0.671,9999.000,9999.000,9999.000,9999.000,9999.000,9999.000,9999.000,9999.000
202608010012,   0.641,9999.000,9999.000,9999.000,9999.000,9999.000,9999.000,9999.000,9999.000
202608010018,   0.612,9999.000,9999.000,9999.000,9999.000,9999.000,9999.000,9999.000,9999.000
202608010024,   0.584,9999.000,9999.000,9999.000,9999.000,9999.000,9999.000,9999.000,9999.000
202608010030,   0.558,9999.000,9999.000,9999.000,9999.000,9999.000,9999.000,9999.000,9999.000
202608010036,   0.533,9999.000,9999.000,9999.000,9999.000,9999.000,9999.000,9999.000,9999.000
202608010042,   0.510,9999.000,9999.000,9999.000,9999.000,9999.000,9999.000,9999.000,9999.000
202608010048,   0.488,9999.000,9999.000,9999.000,9999.000,9999.000,9999.000,9999.000,9999.000
202608010054,   0.468,9999.000,9999.000,9999.000,9999.000,9999.000,9999.000,9999.000,9999.000
202608010100,   0.449,9999.000,   0.500,   0.047,   0.996,   0.500,   0.996,   0.600,   1.096
202608010106,   0.431,9999.000,9999.000,9999.000,9999.000,9999.000,9999.000,9999.000,9999.000
202608010112,   0.416,9999.000,9999.000,9999.000,9999.000,9999.000,9999.000,9999.000,9999.000
202608010118,   0.402,9999.000,9999.000,9999.000,9999.000,9999.000,9999.000,9999.000,9999.000
202608010124,   0.390,9999.000,9999.000,9999.000,9999.000,9999.000,9999.000,9999.000,9999.000
202608010130,   0.379,9999.000,9999.000,9999.000,9999.000,9999.000,9999.000,9999.000,9999.000
202608010136,   0.371,9999.000,9999.000,9999.000,9999.000,9999.000,9999.000,9999.000,9999.000
202608010142,   0.364,9999.000,9999.000,9999.000,9999.000,9999.000,9999.000,9999.000,9999.000
202608010148,   0.360,9999.000,9999.000,9999.000,9999.000,9999.000,9999.000,9999.000,9999.000
202608010154,   0.357,9999.000,9999.000,9999.000,9999.000,9999.000,9999.000,9999.000,9999.000
202608010200,   0.357,9999.000,   0.600,   0.047,   1.004,   0.500,   0.904,   0.600,   1.004
202608010206,   0.359,9999.000,9999.000,9999.000,9999.000,9999.000,9999.000,9999.000,9999.000
202608010212,   0.363,9999.000,9999.000,9999.000,9999.000,9999.000,9999.000,9999.000,9999.000
202608010218,   0.369,9999.000,9999.000,9999.000,9999.000,9999.000,9999.000,9999.000,9999.000
202608010224,   0.378,9999.000,9999.000,9999.000,9999.000,9999.000,9999.000,9999.000,9999.000
202608010230,   0.389,9999.000,9999.000,9999.000,9999.000,9999.000,9999.000,9999.000,9999.000
202608010236,   0.402,9999.000,9999.000,9999.000,9999.000,9999.000,9999.000,9999.000,9999.000
202608010242,   0.418,9999.000,9999.000,9999.000,9999.000,9999.000,9999.000,9999.000,9999.000
202608010248,   0.436,9999.000,9999.000,9999.000,9999.000,9999.000,9999.000,9999.000,9999.000
202608010254,   0.456,9999.000,9999.000,9999.000,9999.000,9999.000,9999.000,9999.000,9999.000
202608010300,   0.479,9999.000,   0.600,   0.047,   1.126,   0.500,   1.026,   0.600,   1.126
202608010306,   0.505,9999.000,9999.000,9999.000,9999.000,9999.000,9999.000,9999.000,9999.000
202608010312,   0.533,9999.000,9999.000,9999.000,9999.000,9999.000,9999.000,9999.000,9999.000
202608010318,   0.563,9999.000,9999.000,9999.000,9999.000,9999.000,9999.000,9999.000,9999.000
202608010324,   0.596,9999.000,9999.000,9999.000,9999.000,9999.000,9999.000,9999.000,9999.000
202608010330,   0.631,9999.000,9999.000,9999.000,9999.000,9999.000,9999.000,9999.000,9999.000
202608010336,   0.668,9999.000,9999.000,9999.000,9999.000,9999.000,9999.000,9999.000,9999.000
202608010342,   0.708,9999.000,9999.000,9999.000,9999.000,9999.000,9999.000,9999.000,9999.000
202608010348,   0.749,9999.000,9999.000,9999.000,9999.000,9999.000,9999.000,9999.000,9999.000
202608010354,   0.793,9999.000,9999.000,9999.000,9999.000,9999.000,9999.000,9999.000,9999.000
202608010400,   0.838,9999.000,   0.600,   0.047,   1.485,   0.500,   1.385,   0.600,   1.485
202608010406,   0.885,9999.000,9999.000,9999.000,9999.000,9999.000,9999.000,9999.000,9999.000
202608010412,   0.934,9999.000,9999.000,9999.000,9999.000,9999.000,9999.000,9999.000,9999.000
202608010418,   0.984,9999.000,9999.000,9999.000,9999.000,9999.000,9999.000,9999.000,9999.000
202608010424,   1.035,9999.000,9999.000,9999.000,9999.000,9999.000,9999.000,9999.000,9999.000
202608010430,   1.088,9999.000,9999.000,9999.000,9999.000,9999.000,9999.000,9999.000,9999.000
202608010436,   1.141,9999.000,9999.000,9999.000,9999.000,9999.000,9999.000,9999.000,9999.000
202608010442,   1.195,9999.000,9999.000,9999.000,9999.000,9999.000,9999.000,9999.000,9999.000
202608010448,   1.250,9999.000,9999.000,9999.000,9999.000,9999.000,9999.000,9999.000,9999.000
202608010454,   1.305,9999.000,9999.000,9999.000,9999.000,9999.000,9999.000,9999.000,9999.000
202608010500,   1.359,9999.000,   0.600,   0.047,   2.006,   0.600,   2.006,   0.700,   2.106
202608010506,   1.414,9999.000,9999.000,9999.000,9999.000,9999.000,9999.000,9999.000,9999.000
202608010512,   1.469,9999.000,9999.000,9999.000,9999.000,9999.000,9999.000,9999.000,9999.000
202608010518,   1.522,9999.000,9999.000,9999.000,9999.000,9999.000,9999.000,9999.000,9999.000
202608010524,   1.576,9999.000,9999.000,9999.000,9999.000,9999.000,9999.000,9999.000,9999.000
202608010530,   1.628,9999.000,9999.000,9999.000,9999.000,9999.000,9999.000,9999.000,9999.000
202608010536,   1.679,9999.000,9999.000,9999.000,9999.000,9999.000,9999.000,9999.000,9999.000
202608010542,   1.728,9999.000,9999.000,9999.000,9999.000,9999.000,9999.000,9999.000,9999.000
202608010548,   1.776,9999.000,9999.000,9999.000,9999.000,9999.000,9999.000,9999.000,9999.000
202608010554,   1.823,9999.000,9999.000,9999.000,9999.000,9999.000,9999.000,9999.000,9999.000
202608010600,   1.867,9999.000,   0.600,   0.047,   2.514,   0.600,   2.514,   0.700,   2.614
202608010606,   1.910,9999.000,9999.000,9999.000,9999.000,9999.000,9999.000,9999.000,9999.000
202608010612,   1.950,9999.000,9999.000,9999.000,9999.000,9999.000,9999.000,9999.000,9999.000
202608010618,   1.989,9999.000,9999.000,9999.000,9999.000,9999.000,9999.000,9999.000,9999.000
202608010624,   2.024,9999.000,9999.000,9999.000,9999.000,9999.000,9999.000,9999.000,9999.000
202608010630,   2.058,9999.000,9999.000,9999.000,9999.000,9999.000,9999.000,9999.000,9999.000
202608010636,   2.089,9999.000,9999.000,9999.000,9999.000,9999.000,9999.000,9999.000,9999.000
202608010642,   2.117,9999.000,9999.000,9999.000,9999.000,9999.000,9999.000,9999.000,9999.000
202608010648,   2.143,9999.000,9999.000,9999.000,9999.000,9999.000,9999.000,9999.000,9999.000
202608010654,   2.166,9999.000,9999.000,9999.000,9999.000,9999.000,9999.000,9999.000,9999.000
202608010700,   2.186,9999.000,   0.600,   0.047,   2.833,   0.600,   2.833,   0.700,   2.933
202608010706,   2.204,9999.000,9999.000,9999.000,9999.000,9999.000,9999.000,9999.000,9999.000
202608010712,   2.219,9999.000,9999.000,9999.000,9999.000,9999.000,9999.000,9999.000,9999.000
202608010718,   2.231,9999.000,9999.000,9999.000,9999.000,9999.000,9999.000,9999.000,9999.000
202608010724,   2.240,9999.000,9999.000,9999.000,9999.000,9999.000,9999.000,9999.000,9999.000
202608010730,   2.247,9999.000,9999.000,9999.000,9999.000,9999.000,9999.000,9999.000,9999.000
202608010736,   2.252,9999.000,9999.000,9999.000,9999.000,9999.000,9999.000,9999.000,9999.000
202608010742,   2.254,9999.000,9999.000,9999.000,9999.000,9999.000,9999.000,9999.000,9999.000
202608010748,   2.253,9999.000,9999.000,9999.000,9999.000,9999.000,9999.000,9999.000,9999.000
202608010754,   2.250,9999.000,9999.000,9999.000,9999.000,9999.000,9999.000,9999.000,9999.000
202608010800,   2.245,9999.000,   0.600,   0.047,   2.892,   0.600,   2.892,   0.700,   2.992
202608010806,   2.237,9999.000,9999.000,9999.000,9999.000,9999.000,9999.000,9999.000,9999.000
202608010812,   2.227,9999.000,9999.000,9999.000,9999.000,9999.000,9999.000,9999.000,9999.000
202608010818,   2.215,9999.000,9999.000,9999.000,9999.000,9999.000,9999.000,9999.000,9999.000
202608010824,   2.201,9999.000,9999.000,9999.000,9999.000,9999.000,9999.000,9999.000,9999.000
202608010830,   2.185,9999.000,9999.000,9999.000,9999.000,9999.000,9999.000,9999.000,9999.000
202608010836,   2.166,9999.000,9999.000,9999.000,9999.000,9999.000,9999.000,9999.000,9999.000
202608010842,   2.146,9999.000,9999.000,9999.000,9999.000,9999.000,9999.000,9999.000,9999.000
202608010848,   2.124,9999.000,9999.000,9999.000,9999.000,9999.000,9999.000,9999.000,9999.000
202608010854,   2.100,9999.000,9999.000,9999.000,9999.000,9999.000,9999.000,9999.000,9999.000
202608010900,   2.075,9999.000,   0.600,   0.047,   2.722,   0.600,   2.722,   0.600,   2.722
202608010906,   2.048,9999.000,9999.000,9999.000,9999.000,9999.000,9999.000,9999.000,9999.000
202608010912,   2.019,9999.000,9999.000,9999.000,9999.000,9999.000,9999.000,9999.000,9999.000
202608010918,   1.989,9999.000,9999.000,9999.000,9999.000,9999.000,9999.000,9999.000,9999.000
202608010924,   1.958,9999.000,9999.000,9999.000,9999.000,9999.000,9999.000,9999.000,9999.000
202608010930,   1.925,9999.000,9999.000,9999.000,9999.000,9999.000,9999.000,9999.000,9999.000
202608010936,   1.890,9999.000,9999.000,9999.000,9999.000,9999.000,9999.000,9999.000,9999.000
202608010942,   1.855,9999.000,9999.000,9999.000,9999.000,9999.000,9999.000,9999.000,9999.000
202608010948,   1.818,9999.000,9999.000,9999.000,9999.000,9999.000,9999.000,9999.000,9999.000
202608010954,   1.780,9999.000,9999.000,9999.000,9999.000,9999.000,9999.000,9999.000,9999.000
202608011000,   1.742,9999.000,   0.600,   0.047,   2.389,   0.600,   2.389,   0.600,   2.389
202608011006,   1.702,9999.000,9999.000,9999.000,9999.000,9999.000,9999.000,9999.000,9999.000
202608011012,   1.661,9999.000,9999.000,9999.000,9999.000,9999.000,9999.000,9999.000,9999.000
202608011018,   1.620,9999.000,9999.000,9999.000,9999.000,9999.000,9999.000,9999.000,9999.000
202608011024,   1.578,9999.000,9999.000,9999.000,9999.000,9999.000,9999.000,9999.000,9999.000
202608011030,   1.535,9999.000,9999.000,9999.000,9999.000,9999.000,9999.000,9999.000,9999.000
202608011036,   1.492,9999.000,9999.000,9999.000,9999.000,9999.000,9999.000,9999.000,9999.000
202608011042,   1.449,9999.000,9999.000,9999.000,9999.000,9999.000,9999.000,9999.000,9999.000
202608011048,   1.405,9999.000,9999.000,9999.000,9999.000,9999.000,9999.000,9999.000,9999.000
202608011054,   1.360,9999.000,9999.000,9999.000,9999.000,9999.000,9999.000,9999.000,9999.000
202608011100,   1.316,9999.000,   0.600,   0.047,   1.963,   0.500,   1.863,   0.600,   1.963
202608011106,   1.271,9999.000,9999.000,9999.000,9999.000,9999.000,9999.000,9999.000,9999.000
202608011112,   1.227,9999.000,9999.000,9999.000,9999.000,9999.000,9999.000,9999.000,9999.000
202608011118,   1.182,9999.000,9999.000,9999.000,9999.000,9999.000,9999.000,9999.000,9999.000
202608011124,   1.138,9999.000,9999.000,9999.000,9999.000,9999.000,9999.000,9999.000,9999.000
202608011130,   1.094,9999.000,9999.000,9999.000,9999.000,9999.000,9999.000,9999.000,9999.000
202608011136,   1.051,9999.000,9999.000,9999.000,9999.000,9999.000,9999.000,9999.000,9999.000
202608011142,   1.008,9999.000,9999.000,9999.000,9999.000,9999.000,9999.000,9999.000,9999.000
202608011148,   0.965,9999.000,9999.000,9999.000,9999.000,9999.000,9999.000,9999.000,9999.000
202608011154,   0.923,9999.000,9999.000,9999.000,9999.000,9999.000,9999.000,9999.000,9999.000
202608011200,   0.882,9999.000,   0.600,   0.047,   1.529,   0.500,   1.429,   0.600,   1.529
202608011206,   0.842,9999.000,9999.000,9999.000,9999.000,9999.000,9999.000,9999.000,9999.000
202608011212,   0.802,9999.000,9999.000,9999.000,9999.000,9999.000,9999.000,9999.000,9999.000
202608011218,   0.764,9999.000,9999.000,9999.000,9999.000,9999.000,9999.000,9999.000,9999.000
202608011224,   0.726,9999.000,9999.000,9999.000,9999.000,9999.000,9999.000,9999.000,9999.000
202608011230,   0.690,9999.000,9999.000,9999.000,9999.000,9999.000,9999.000,9999.000,9999.000
202608011236,   0.655,9999.000,9999.000,9999.000,9999.000,9999.000,9999.000,9999.000,9999.000
202608011242,   0.621,9999.000,9999.000,9999.000,9999.000,9999.000,9999.000,9999.000,9999.000
202608011248,   0.588,9999.000,9999.000,9999.000,9999.000,9999.000,9999.000,9999.000,9999.000
202608011254,   0.556,9999.000,9999.000,9999.000,9999.000,9999.000,9999.000,9999.000,9999.000
202608011300,   0.527,9999.000,   0.600,   0.047,   1.174,   0.500,   1.074,   0.600,   1.174
202608011306,   0.498,9999.000,9999.000,9999.000,9999.000,9999.000,9999.000,9999.000,9999.000
202608011312,   0.471,9999.000,9999.000,9999.000,9999.000,9999.000,9999.000,9999.000,9999.000
202608011318,   0.445,9999.000,9999.000,9999.000,9999.000,9999.000,9999.000,9999.000,9999.000
202608011324,   0.422,9999.000,9999.000,9999.000,9999.000,9999.000,9999.000,9999.000,9999.000
202608011330,   0.399,9999.000,9999.000,9999.000,9999.000,9999.000,9999.000,9999.000,9999.000
202608011336,   0.379,9999.000,9999.000,9999.000,9999.000,9999.000,9999.000,9999.000,9999.000
202608011342,   0.360,9999.000,9999.000,9999.000,9999.000,9999.000,9999.000,9999.000,9999.000
202608011348,   0.343,9999.000,9999.000,9999.000,9999.000,9999.000,9999.000,9999.000,9999.000
202608011354,   0.328,9999.000,9999.000,9999.000,9999.000,9999.000,9999.000,9999.000,9999.000
202608011400,   0.315,9999.000,   0.600,   0.047,   0.962,   0.500,   0.862,   0.600,   0.962
202608011406,   0.304,9999.000,9999.000,9999.000,9999.000,9999.000,9999.000,9999.000,9999.000
202608011412,   0.295,9999.000,9999.000,9999.000,9999.000,9999.000,9999.000,9999.000,9999.000
202608011418,   0.288,9999.000,9999.000,9999.000,9999.000,9999.000,9999.000,9999.000,9999.000
202608011424,   0.283,9999.000,9999.000,9999.000,9999.000,9999.000,9999.000,9999.000,9999.000
202608011430,   0.281,9999.000,9999.000,9999.000,9999.000,9999.000,9999.000,9999.000,9999.000
202608011436,   0.280,9999.000,9999.000,9999.000,9999.000,9999.000,9999.000,9999.000,9999.000
202608011442,   0.282,9999.000,9999.000,9999.000,9999.000,9999.000,9999.000,9999.000,9999.000
202608011448,   0.287,9999.000,9999.000,9999.000,9999.000,9999.000,9999.000,9999.000,9999.000
202608011454,   0.293,9999.000,9999.000,9999.000,9999.000,9999.000,9999.000,9999.000,9999.000
202608011500,   0.302,9999.000,   0.600,   0.047,   0.949,   0.500,   0.849,   0.600,   0.949
202608011506,   0.314,9999.000,9999.000,9999.000,9999.000,9999.000,9999.000,9999.000,9999.000
202608011512,   0.328,9999.000,9999.000,9999.000,9999.000,9999.000,9999.000,9999.000,9999.000
202608011518,   0.344,9999.000,9999.000,9999.000,9999.000,9999.000,9999.000,9999.000,9999.000
202608011524,   0.363,9999.000,9999.000,9999.000,9999.000,9999.000,9999.000,9999.000,9999.000
202608011530,   0.385,9999.000,9999.000,9999.000,9999.000,9999.000,9999.000,9999.000,9999.000
202608011536,   0.409,9999.000,9999.000,9999.000,9999.000,9999.000,9999.000,9999.000,9999.000
202608011542,   0.435,9999.000,9999.000,9999.000,9999.000,9999.000,9999.000,9999.000,9999.000
202608011548,   0.464,9999.000,9999.000,9999.000,9999.000,9999.000,9999.000,9999.000,9999.000
202608011554,   0.496,9999.000,9999.000,9999.000,9999.000,9999.000,9999.000,9999.000,9999.000
202608011600,   0.529,9999.000,   0.500,   0.047,   1.076,   0.500,   1.076,   0.600,   1.176
202608011606,   0.565,9999.000,9999.000,9999.000,9999.000,9999.000,9999.000,9999.000,9999.000
202608011612,   0.603,9999.000,9999.000,9999.000,9999.000,9999.000,9999.000,9999.000,9999.000
202608011618,   0.643,9999.000,9999.000,9999.000,9999.000,9999.000,9999.000,9999.000,9999.000
202608011624,   0.685,9999.000,9999.000,9999.000,9999.000,9999.000,9999.000,9999.000,9999.000
202608011630,   0.728,9999.000,9999.000,9999.000,9999.000,9999.000,9999.000,9999.000,9999.000
202608011636,   0.774,9999.000,9999.000,9999.000,9999.000,9999.000,9999.000,9999.000,9999.000
202608011642,   0.820,9999.000,9999.000,9999.000,9999.000,9999.000,9999.000,9999.000,9999.000
202608011648,   0.868,9999.000,9999.000,9999.000,9999.000,9999.000,9999.000,9999.000,9999.000
202608011654,   0.918,9999.000,9999.000,9999.000,9999.000,9999.000,9999.000,9999.000,9999.000
202608011700,   0.968,9999.000,   0.500,   0.047,   1.515,   0.500,   1.515,   0.600,   1.615
202608011706,   1.020,9999.000,9999.000,9999.000,9999.000,9999.000,9999.000,9999.000,9999.000
202608011712,   1.070,9999.000,9999.000,9999.000,9999.000,9999.000,9999.000,9999.000,9999.000
202608011718,   1.122,9999.000,9999.000,9999.000,9999.000,9999.000,9999.000,9999.000,9999.000
202608011724,   1.174,9999.000,9999.000,9999.000,9999.000,9999.000,9999.000,9999.000,9999.000
202608011730,   1.226,9999.000,9999.000,9999.000,9999.000,9999.000,9999.000,9999.000,9999.000
202608011736,   1.277,9999.000,9999.000,9999.000,9999.000,9999.000,9999.000,9999.000,9999.000
202608011742,   1.329,9999.000,9999.000,9999.000,9999.000,9999.000,9999.000,9999.000,9999.000
202608011748,   1.379,9999.000,9999.000,9999.000,9999.000,9999.000,9999.000,9999.000,9999.000
202608011754,   1.429,9999.000,9999.000,9999.000,9999.000,9999.000,9999.000,9999.000,9999.000
202608011800,   1.477,9999.000,   0.500,   0.047,   2.024,   0.500,   2.024,   0.600,   2.124
202608011806,   1.524,9999.000,9999.000,9999.000,9999.000,9999.000,9999.000,9999.000,9999.000
202608011812,   1.570,9999.000,9999.000,9999.000,9999.000,9999.000,9999.000,9999.000,9999.000
202608011818,   1.614,9999.000,9999.000,9999.000,9999.000,9999.000,9999.000,9999.000,9999.000
202608011824,   1.657,9999.000,9999.000,9999.000,9999.000,9999.000,9999.000,9999.000,9999.000
202608011830,   1.697,9999.000,9999.000,9999.000,9999.000,9999.000,9999.000,9999.000,9999.000
202608011836,   1.735,9999.000,9999.000,9999.000,9999.000,9999.000,9999.000,9999.000,9999.000
202608011842,   1.772,9999.000,9999.000,9999.000,9999.000,9999.000,9999.000,9999.000,9999.000
202608011848,   1.806,9999.000,9999.000,9999.000,9999.000,9999.000,9999.000,9999.000,9999.000
202608011854,   1.838,9999.000,9999.000,9999.000,9999.000,9999.000,9999.000,9999.000,9999.000
202608011900,   1.867,9999.000,   0.500,   0.047,   2.414,   0.500,   2.414,   0.600,   2.514
202608011906,   1.894,9999.000,9999.000,9999.000,9999.000,9999.000,9999.000,9999.000,9999.000
202608011912,   1.918,9999.000,9999.000,9999.000,9999.000,9999.000,9999.000,9999.000,9999.000
202608011918,   1.940,9999.000,9999.000,9999.000,9999.000,9999.000,9999.000,9999.000,9999.000
202608011924,   1.959,9999.000,9999.000,9999.000,9999.000,9999.000,9999.000,9999.000,9999.000
202608011930,   1.976,9999.000,9999.000,9999.000,9999.000,9999.000,9999.000,9999.000,9999.000
202608011936,   1.990,9999.000,9999.000,9999.000,9999.000,9999.000,9999.000,9999.000,9999.000
202608011942,   2.002,9999.000,9999.000,9999.000,9999.000,9999.000,9999.000,9999.000,9999.000
202608011948,   2.011,9999.000,9999.000,9999.000,9999.000,9999.000,9999.000,9999.000,9999.000
202608011954,   2.018,9999.000,9999.000,9999.000,9999.000,9999.000,9999.000,9999.000,9999.000
202608012000,   2.022,9999.000,   0.500,   0.047,   2.569,   0.500,   2.569,   0.600,   2.669
202608012006,   2.024,9999.000,9999.000,9999.000,9999.000,9999.000,9999.000,9999.000,9999.000
202608012012,   2.024,9999.000,9999.000,9999.000,9999.000,9999.000,9999.000,9999.000,9999.000
202608012018,   2.021,9999.000,9999.000,9999.000,9999.000,9999.000,9999.000,9999.000,9999.000
202608012024,   2.016,9999.000,9999.000,9999.000,9999.000,9999.000,9999.000,9999.000,9999.000
202608012030,   2.009,9999.000,9999.000,9999.000,9999.000,9999.000,9999.000,9999.000,9999.000
202608012036,   2.000,9999.000,9999.000,9999.000,9999.000,9999.000,9999.000,9999.000,9999.000
202608012042,   1.989,9999.000,9999.000,9999.000,9999.000,9999.000,9999.000,9999.000,9999.000
202608012048,   1.976,9999.000,9999.000,9999.000,9999.000,9999.000,9999.000,9999.000,9999.000
202608012054,   1.962,9999.000,9999.000,9999.000,9999.000,9999.000,9999.000,9999.000,9999.000
202608012100,   1.945,9999.000,   0.500,   0.047,   2.492,   0.500,   2.492,   0.600,   2.592
202608012106,   1.927,9999.000,9999.000,9999.000,9999.000,9999.000,9999.000,9999.000,9999.000
202608012112,   1.907,9999.000,9999.000,9999.000,9999.000,9999.000,9999.000,9999.000,9999.000
202608012118,   1.886,9999.000,9999.000,9999.000,9999.000,9999.000,9999.000,9999.000,9999.000
202608012124,   1.863,9999.000,9999.000,9999.000,9999.000,9999.000,9999.000,9999.000,9999.000
202608012130,   1.839,9999.000,9999.000,9999.000,9999.000,9999.000,9999.000,9999.000,9999.000
202608012136,   1.813,9999.000,9999.000,9999.000,9999.000,9999.000,9999.000,9999.000,9999.000
202608012142,   1.786,9999.000,9999.000,9999.000,9999.000,9999.000,9999.000,9999.000,9999.000
202608012148,   1.758,9999.000,9999.000,9999.000,9999.000,9999.000,9999.000,9999.000,9999.000
202608012154,   1.729,9999.000,9999.000,9999.000,9999.000,9999.000,9999.000,9999.000,9999.000
202608012200,   1.699,9999.000,   0.600,   0.047,   2.346,   0.500,   2.246,   0.600,   2.346
202608012206,   1.667,9999.000,9999.000,9999.000,9999.000,9999.000,9999.000,9999.000,9999.000
202608012212,   1.635,9999.000,9999.000,9999.000,9999.000,9999.000,9999.000,9999.000,9999.000
202608012218,   1.602,9999.000,9999.000,9999.000,9999.000,9999.000,9999.000,9999.000,9999.000
202608012224,   1.568,9999.000,9999.000,9999.000,9999.000,9999.000,9999.000,9999.000,9999.000
202608012230,   1.533,9999.000,9999.000,9999.000,9999.000,9999.000,9999.000,9999.000,9999.000
202608012236,   1.497,9999.000,9999.000,9999.000,9999.000,9999.000,9999.000,9999.000,9999.000
202608012242,   1.461,9999.000,9999.000,9999.000,9999.000,9999.000,9999.000,9999.000,9999.000
202608012248,   1.424,9999.000,9999.000,9999.000,9999.000,9999.000,9999.000,9999.000,9999.000
202608012254,   1.387,9999.000,9999.000,9999.000,9999.000,9999.000,9999.000,9999.000,9999.000
202608012300,   1.350,9999.000,   0.600,   0.047,   1.997,   0.500,   1.897,   0.700,   2.097
202608012306,   1.312,9999.000,9999.000,9999.000,9999.000,9999.000,9999.000,9999.000,9999.000
202608012312,   1.274,9999.000,9999.000,9999.000,9999.000,9999.000,9999.000,9999.000,9999.000
202608012318,   1.235,9999.000,9999.000,9999.000,9999.000,9999.000,9999.000,9999.000,9999.000
202608012324,   1.197,9999.000,9999.000,9999.000,9999.000,9999.000,9999.000,9999.000,9999.000
202608012330,   1.159,9999.000,9999.000,9999.000,9999.000,9999.000,9999.000,9999.000,9999.000
202608012336,   1.121,9999.000,9999.000,9999.000,9999.000,9999.000,9999.000,9999.000,9999.000
202608012342,   1.083,9999.000,9999.000,9999.000,9999.000,9999.000,9999.000,9999.000,9999.000
202608012348,   1.045,9999.000,9999.000,9999.000,9999.000,9999.000,9999.000,9999.000,9999.000
202608012354,   1.008,9999.000,9999.000,9999.000,9999.000,9999.000,9999.000,9999.000,9999.000
202608020000,   0.971,9999.000,   0.600,   0.047,   1.618,   0.500,   1.518,   0.700,   1.718
202608020006,   0.935,9999.000,9999.000,9999.000,9999.000,9999.000,9999.000,9999.000,9999.000
202608020012,   0.899,9999.000,9999.000,9999.000,9999.000,9999.000,9999.000,9999.000,9999.000
202608020018,   0.864,9999.000,9999.000,9999.000,9999.000,9999.000,9999.000,9999.000,9999.000
202608020024,   0.830,9999.000,9999.000,9999.000,9999.000,9999.000,9999.000,9999.000,9999.000
202608020030,   0.797,9999.000,9999.000,9999.000,9999.000,9999.000,9999.000,9999.000,9999.000
202608020036,   0.765,9999.000,9999.000,9999.000,9999.000,9999.000,9999.000,9999.000,9999.000
202608020042,   0.733,9999.000,9999.000,9999.000,9999.000,9999.000,9999.000,9999.000,9999.000
202608020048,   0.703,9999.000,9999.000,9999.000,9999.000,9999.000,9999.000,9999.000,9999.000
202608020054,   0.674,9999.000,9999.000,9999.000,9999.000,9999.000,9999.000,9999.000,9999.000
202608020100,   0.646,9999.000,   0.600,   0.047,   1.293,   0.600,   1.293,   0.700,   1.393
202608020106,   0.619,9999.000,9999.000,9999.000,9999.000,9999.000,9999.000,9999.000,9999.000
202608020112,   0.593,9999.000,9999.000,9999.000,9999.000,9999.000,9999.000,9999.000,9999.000
202608020118,   0.569,9999.000,9999.000,9999.000,9999.000,9999.000,9999.000,9999.000,9999.000
202608020124,   0.546,9999.000,9999.000,9999.000,9999.000,9999.000,9999.000,9999.000,9999.000
202608020130,   0.525,9999.000,9999.000,9999.000,9999.000,9999.000,9999.000,9999.000,9999.000
202608020136,   0.505,9999.000,9999.000,9999.000,9999.000,9999.000,9999.000,9999.000,9999.000
202608020142,   0.487,9999.000,9999.000,9999.000,9999.000,9999.000,9999.000,9999.000,9999.000
202608020148,   0.470,9999.000,9999.000,9999.000,9999.000,9999.000,9999.000,9999.000,9999.000
202608020154,   0.455,9999.000,9999.000,9999.000,9999.000,9999.000,9999.000,9999.000,9999.000
202608020200,   0.441,9999.000,   0.700,   0.047,   1.188,   0.600,   1.088,   0.800,   1.288
202608020206,   0.430,9999.000,9999.000,9999.000,9999.000,9999.000,9999.000,9999.000,9999.000
202608020212,   0.420,9999.000,9999.000,9999.000,9999.000,9999.000,9999.000,9999.000,9999.000
202608020218,   0.412,9999.000,9999.000,9999.000,9999.000,9999.000,9999.000,9999.000,9999.000
202608020224,   0.405,9999.000,9999.000,9999.000,9999.000,9999.000,9999.000,9999.000,9999.000
202608020230,   0.401,9999.000,9999.000,9999.000,9999.000,9999.000,9999.000,9999.000,9999.000
202608020236,   0.399,9999.000,9999.000,9999.000,9999.000,9999.000,9999.000,9999.000,9999.000
202608020242,   0.398,9999.000,9999.000,9999.000,9999.000,9999.000,9999.000,9999.000,9999.000
202608020248,   0.400,9999.000,9999.000,9999.000,9999.000,9999.000,9999.000,9999.000,9999.000
202608020254,   0.404,9999.000,9999.000,9999.000,9999.000,9999.000,9999.000,9999.000,9999.000
202608020300,   0.409,9999.000,   0.700,   0.047,   1.156,   0.600,   1.056,   0.800,   1.256
202608020306,   0.418,9999.000,9999.000,9999.000,9999.000,9999.000,9999.000,9999.000,9999.000
202608020312,   0.428,9999.000,9999.000,9999.000,9999.000,9999.000,9999.000,9999.000,9999.000
202608020318,   0.441,9999.000,9999.000,9999.000,9999.000,9999.000,9999.000,9999.000,9999.000
202608020324,   0.455,9999.000,9999.000,9999.000,9999.000,9999.000,9999.000,9999.000,9999.000
202608020330,   0.473,9999.000,9999.000,9999.000,9999.000,9999.000,9999.000,9999.000,9999.000
202608020336,   0.492,9999.000,9999.000,9999.000,9999.000,9999.000,9999.000,9999.000,9999.000
202608020342,   0.514,9999.000,9999.000,9999.000,9999.000,9999.000,9999.000,9999.000,9999.000
202608020348,   0.539,9999.000,9999.000,9999.000,9999.000,9999.000,9999.000,9999.000,9999.000
202608020354,   0.565,9999.000,9999.000,9999.000,9999.000,9999.000,9999.000,9999.000,9999.000
202608020400,   0.594,9999.000,   0.700,   0.047,   1.341,   0.600,   1.241,   0.800,   1.441
202608020406,   0.625,9999.000,9999.000,9999.000,9999.000,9999.000,9999.000,9999.000,9999.000
202608020412,   0.659,9999.000,9999.000,9999.000,9999.000,9999.000,9999.000,9999.000,9999.000
202608020418,   0.695,9999.000,9999.000,9999.000,9999.000,9999.000,9999.000,9999.000,9999.000
202608020424,   0.733,9999.000,9999.000,9999.000,9999.000,9999.000,9999.000,9999.000,9999.000
202608020430,   0.772,9999.000,9999.000,9999.000,9999.000,9999.000,9999.000,9999.000,9999.000
202608020436,   0.814,9999.000,9999.000,9999.000,9999.000,9999.000,9999.000,9999.000,9999.000
202608020442,   0.858,9999.000,9999.000,9999.000,9999.000,9999.000,9999.000,9999.000,9999.000
202608020448,   0.904,9999.000,9999.000,9999.000,9999.000,9999.000,9999.000,9999.000,9999.000
202608020454,   0.951,9999.000,9999.000,9999.000,9999.000,9999.000,9999.000,9999.000,9999.000
202608020500,   0.999,9999.000,   0.700,   0.047,   1.746,   0.600,   1.646,   0.800,   1.846
202608020506,   1.049,9999.000,9999.000,9999.000,9999.000,9999.000,9999.000,9999.000,9999.000
202608020512,   1.100,9999.000,9999.000,9999.000,9999.000,9999.000,9999.000,9999.000,9999.000
202608020518,   1.151,9999.000,9999.000,9999.000,9999.000,9999.000,9999.000,9999.000,9999.000
202608020524,   1.204,9999.000,9999.000,9999.000,9999.000,9999.000,9999.000,9999.000,9999.000
202608020530,   1.257,9999.000,9999.000,9999.000,9999.000,9999.000,9999.000,9999.000,9999.000
202608020536,   1.310,9999.000,9999.000,9999.000,9999.000,9999.000,9999.000,9999.000,9999.000
202608020542,   1.364,9999.000,9999.000,9999.000,9999.000,9999.000,9999.000,9999.000,9999.000
202608020548,   1.417,9999.000,9999.000,9999.000,9999.000,9999.000,9999.000,9999.000,9999.000
202608020554,   1.471,9999.000,9999.000,9999.000,9999.000,9999.000,9999.000,9999.000,9999.000
202608020600,   1.523,9999.000,   0.700,   0.047,   2.270,   0.600,   2.170,   0.800,   2.370
202608020606,   1.575,9999.000,9999.000,9999.000,9999.000,9999.000,9999.000,9999.000,9999.000
202608020612,   1.626,9999.000,9999.000,9999.000,9999.000,9999.000,9999.000,9999.000,9999.000
202608020618,   1.676,9999.000,9999.000,9999.000,9999.000,9999.000,9999.000,9999.000,9999.000
202608020624,   1.725,9999.000,9999.000,9999.000,9999.000,9999.000,9999.000,9999.000,9999.000
202608020630,   1.772,9999.000,9999.000,9999.000,9999.000,9999.000,9999.000,9999.000,9999.000
202608020636,   1.818,9999.000,9999.000,9999.000,9999.000,9999.000,9999.000,9999.000,9999.000
202608020642,   1.861,9999.000,9999.000,9999.000,9999.000,9999.000,9999.000,9999.000,9999.000
202608020648,   1.903,9999.000,9999.000,9999.000,9999.000,9999.000,9999.000,9999.000,9999.000
202608020654,   1.942,9999.000,9999.000,9999.000,9999.000,9999.000,9999.000,9999.000,9999.000
202608020700,   1.979,9999.000,   0.700,   0.047,   2.726,   0.600,   2.626,   0.800,   2.826
202608020706,   2.014,9999.000,9999.000,9999.000,9999.000,9999.000,9999.000,9999.000,9999.000
202608020712,   2.046,9999.000,9999.000,9999.000,9999.000,9999.000,9999.000,9999.000,9999.000
202608020718,   2.076,9999.000,9999.000,9999.000,9999.000,9999.000,9999.000,9999.000,9999.000
202608020724,   2.103,9999.000,9999.000,9999.000,9999.000,9999.000,9999.000,9999.000,9999.000
202608020730,   2.128,9999.000,9999.000,9999.000,9999.000,9999.000,9999.000,9999.000,9999.000
202608020736,   2.149,9999.000,9999.000,9999.000,9999.000,9999.000,9999.000,9999.000,9999.000
202608020742,   2.168,9999.000,9999.000,9999.000,9999.000,9999.000,9999.000,9999.000,9999.000
202608020748,   2.184,9999.000,9999.000,9999.000,9999.000,9999.000,9999.000,9999.000,9999.000
202608020754,   2.198,9999.000,9999.000,9999.000,9999.000,9999.000,9999.000,9999.000,9999.000
202608020800,   2.208,9999.000,   0.700,   0.047,   2.955,   0.600,   2.855,   0.800,   3.055
202608020806,   2.216,9999.000,9999.000,9999.000,9999.000,9999.000,9999.000,9999.000,9999.000
202608020812,   2.221,9999.000,9999.000,9999.000,9999.000,9999.000,9999.000,9999.000,9999.000
202608020818,   2.224,9999.000,9999.000,9999.000,9999.000,9999.000,9999.000,9999.000,9999.000
202608020824,   2.224,9999.000,9999.000,9999.000,9999.000,9999.000,9999.000,9999.000,9999.000
202608020830,   2.221,9999.000,9999.000,9999.000,9999.000,9999.000,9999.000,9999.000,9999.000
202608020836,   2.216,9999.000,9999.000,9999.000,9999.000,9999.000,9999.000,9999.000,9999.000
202608020842,   2.208,9999.000,9999.000,9999.000,9999.000,9999.000,9999.000,9999.000,9999.000
202608020848,   2.198,9999.000,9999.000,9999.000,9999.000,9999.000,9999.000,9999.000,9999.000
202608020854,   2.186,9999.000,9999.000,9999.000,9999.000,9999.000,9999.000,9999.000,9999.000
202608020900,   2.171,9999.000,   0.700,   0.047,   2.918,   0.600,   2.818,   0.800,   3.018
202608020906,   2.154,9999.000,9999.000,9999.000,9999.000,9999.000,9999.000,9999.000,9999.000
202608020912,   2.136,9999.000,9999.000,9999.000,9999.000,9999.000,9999.000,9999.000,9999.000
202608020918,   2.115,9999.000,9999.000,9999.000,9999.000,9999.000,9999.000,9999.000,9999.000
202608020924,   2.093,9999.000,9999.000,9999.000,9999.000,9999.000,9999.000,9999.000,9999.000
202608020930,   2.068,9999.000,9999.000,9999.000,9999.000,9999.000,9999.000,9999.000,9999.000
202608020936,   2.042,9999.000,9999.000,9999.000,9999.000,9999.000,9999.000,9999.000,9999.000
202608020942,   2.014,9999.000,9999.000,9999.000,9999.000,9999.000,9999.000,9999.000,9999.000
202608020948,   1.985,9999.000,9999.000,9999.000,9999.000,9999.000,9999.000,9999.000,9999.000
202608020954,   1.954,9999.000,9999.000,9999.000,9999.000,9999.000,9999.000,9999.000,9999.000
202608021000,   1.922,9999.000,   0.700,   0.047,   2.669,   0.600,   2.569,   0.800,   2.769
202608021006,   1.889,9999.000,9999.000,9999.000,9999.000,9999.000,9999.000,9999.000,9999.000
202608021012,   1.854,9999.000,9999.000,9999.000,9999.000,9999.000,9999.000,9999.000,9999.000
202608021018,   1.818,9999.000,9999.000,9999.000,9999.000,9999.000,9999.000,9999.000,9999.000
202608021024,   1.781,9999.000,9999.000,9999.000,9999.000,9999.000,9999.000,9999.000,9999.000
202608021030,   1.742,9999.000,9999.000,9999.000,9999.000,9999.000,9999.000,9999.000,9999.000
202608021036,   1.703,9999.000,9999.000,9999.000,9999.000,9999.000,9999.000,9999.000,9999.000
202608021042,   1.663,9999.000,9999.000,9999.000,9999.000,9999.000,9999.000,9999.000,9999.000
202608021048,   1.622,9999.000,9999.000,9999.000,9999.000,9999.000,9999.000,9999.000,9999.000
202608021054,   1.580,9999.000,9999.000,9999.000,9999.000,9999.000,9999.000,9999.000,9999.000
202608021100,   1.538,9999.000,   0.700,   0.047,   2.285,   0.600,   2.185,   0.700,   2.285
202608021106,   1.495,9999.000,9999.000,9999.000,9999.000,9999.000,9999.000,9999.000,9999.000
202608021112,   1.452,9999.000,9999.000,9999.000,9999.000,9999.000,9999.000,9999.000,9999.000
202608021118,   1.408,9999.000,9999.000,9999.000,9999.000,9999.000,9999.000,9999.000,9999.000
202608021124,   1.364,9999.000,9999.000,9999.000,9999.000,9999.000,9999.000,9999.000,9999.000
202608021130,   1.319,9999.000,9999.000,9999.000,9999.000,9999.000,9999.000,9999.000,9999.000
202608021136,   1.274,9999.000,9999.000,9999.000,9999.000,9999.000,9999.000,9999.000,9999.000
202608021142,   1.230,9999.000,9999.000,9999.000,9999.000,9999.000,9999.000,9999.000,9999.000
202608021148,   1.185,9999.000,9999.000,9999.000,9999.000,9999.000,9999.000,9999.000,9999.000
202608021154,   1.140,9999.000,9999.000,9999.000,9999.000,9999.000,9999.000,9999.000,9999.000
202608021200,   1.096,9999.000,   0.600,   0.047,   1.743,   0.600,   1.743,   0.700,   1.843
202608021206,   1.052,9999.000,9999.000,9999.000,9999.000,9999.000,9999.000,9999.000,9999.000
202608021212,   1.008,9999.000,9999.000,9999.000,9999.000,9999.000,9999.000,9999.000,9999.000
202608021218,   0.965,9999.000,9999.000,9999.000,9999.000,9999.000,9999.000,9999.000,9999.000
202608021224,   0.923,9999.000,9999.000,9999.000,9999.000,9999.000,9999.000,9999.000,9999.000
202608021230,   0.881,9999.000,9999.000,9999.000,9999.000,9999.000,9999.000,9999.000,9999.000
202608021236,   0.839,9999.000,9999.000,9999.000,9999.000,9999.000,9999.000,9999.000,9999.000
202608021242,   0.799,9999.000,9999.000,9999.000,9999.000,9999.000,9999.000,9999.000,9999.000
202608021248,   0.760,9999.000,9999.000,9999.000,9999.000,9999.000,9999.000,9999.000,9999.000
202608021254,   0.721,9999.000,9999.000,9999.000,9999.000,9999.000,9999.000,9999.000,9999.000
202608021300,   0.684,9999.000,   0.600,   0.047,   1.331,   0.600,   1.331,   0.700,   1.431
202608021306,   0.648,9999.000,9999.000,9999.000,9999.000,9999.000,9999.000,9999.000,9999.000
202608021312,   0.613,9999.000,9999.000,9999.000,9999.000,9999.000,9999.000,9999.000,9999.000
202608021318,   0.579,9999.000,9999.000,9999.000,9999.000,9999.000,9999.000,9999.000,9999.000
202608021324,   0.547,9999.000,9999.000,9999.000,9999.000,9999.000,9999.000,9999.000,9999.000
202608021330,   0.516,9999.000,9999.000,9999.000,9999.000,9999.000,9999.000,9999.000,9999.000
202608021336,   0.486,9999.000,9999.000,9999.000,9999.000,9999.000,9999.000,9999.000,9999.000
202608021342,   0.458,9999.000,9999.000,9999.000,9999.000,9999.000,9999.000,9999.000,9999.000
202608021348,   0.432,9999.000,9999.000,9999.000,9999.000,9999.000,9999.000,9999.000,9999.000
202608021354,   0.407,9999.000,9999.000,9999.000,9999.000,9999.000,9999.000,9999.000,9999.000
202608021400,   0.384,9999.000,   0.600,   0.047,   1.031,   0.500,   0.931,   0.700,   1.131
202608021406,   0.363,9999.000,9999.000,9999.000,9999.000,9999.000,9999.000,9999.000,9999.000
202608021412,   0.343,9999.000,9999.000,9999.000,9999.000,9999.000,9999.000,9999.000,9999.000
202608021418,   0.325,9999.000,9999.000,9999.000,9999.000,9999.000,9999.000,9999.000,9999.000
202608021424,   0.310,9999.000,9999.000,9999.000,9999.000,9999.000,9999.000,9999.000,9999.000
202608021430,   0.296,9999.000,9999.000,9999.000,9999.000,9999.000,9999.000,9999.000,9999.000
202608021436,   0.284,9999.000,9999.000,9999.000,9999.000,9999.000,9999.000,9999.000,9999.000
202608021442,   0.274,9999.000,9999.000,9999.000,9999.000,9999.000,9999.000,9999.000,9999.000
202608021448,   0.266,9999.000,9999.000,9999.000,9999.000,9999.000,9999.000,9999.000,9999.000
202608021454,   0.260,9999.000,9999.000,9999.000,9999.000,9999.000,9999.000,9999.000,9999.000
202608021500,   0.256,9999.000,   0.600,   0.047,   0.903,   0.500,   0.803,   0.700,   1.003
202608021506,   0.254,9999.000,9999.000,9999.000,9999.000,9999.000,9999.000,9999.000,9999.000
202608021512,   0.255,9999.000,9999.000,9999.000,9999.000,9999.000,9999.000,9999.000,9999.000
202608021518,   0.258,9999.000,9999.000,9999.000,9999.000,9999.000,9999.000,9999.000,9999.000
202608021524,   0.263,9999.000,9999.000,9999.000,9999.000,9999.000,9999.000,9999.000,9999.000
202608021530,   0.270,9999.000,9999.000,9999.000,9999.000,9999.000,9999.000,9999.000,9999.000
202608021536,   0.280,9999.000,9999.000,9999.000,9999.000,9999.000,9999.000,9999.000,9999.000
202608021542,   0.292,9999.000,9999.000,9999.000,9999.000,9999.000,9999.000,9999.000,9999.000
202608021548,   0.307,9999.000,9999.000,9999.000,9999.000,9999.000,9999.000,9999.000,9999.000
202608021554,   0.324,9999.000,9999.000,9999.000,9999.000,9999.000,9999.000,9999.000,9999.000
202608021600,   0.344,9999.000,   0.600,   0.047,   0.991,   0.500,   0.891,   0.700,   1.091
202608021606,   0.365,9999.000,9999.000,9999.000,9999.000,9999.000,9999.000,9999.000,9999.000
202608021612,   0.390,9999.000,9999.000,9999.000,9999.000,9999.000,9999.000,9999.000,9999.000
202608021618,   0.417,9999.000,9999.000,9999.000,9999.000,9999.000,9999.000,9999.000,9999.000
202608021624,   0.446,9999.000,9999.000,9999.000,9999.000,9999.000,9999.000,9999.000,9999.000
202608021630,   0.477,9999.000,9999.000,9999.000,9999.000,9999.000,9999.000,9999.000,9999.000
202608021636,   0.511,9999.000,9999.000,9999.000,9999.000,9999.000,9999.000,9999.000,9999.000
202608021642,   0.547,9999.000,9999.000,9999.000,9999.000,9999.000,9999.000,9999.000,9999.000
202608021648,   0.585,9999.000,9999.000,9999.000,9999.000,9999.000,9999.000,9999.000,9999.000
202608021654,   0.626,9999.000,9999.000,9999.000,9999.000,9999.000,9999.000,9999.000,9999.000
202608021700,   0.668,9999.000,   0.600,   0.047,   1.315,   0.500,   1.215,   0.700,   1.415
202608021706,   0.712,9999.000,9999.000,9999.000,9999.000,9999.000,9999.000,9999.000,9999.000
202608021712,   0.758,9999.000,9999.000,9999.000,9999.000,9999.000,9999.000,9999.000,9999.000
202608021718,   0.805,9999.000,9999.000,9999.000,9999.000,9999.000,9999.000,9999.000,9999.000
202608021724,   0.854,9999.000,9999.000,9999.000,9999.000,9999.000,9999.000,9999.000,9999.000
202608021730,   0.904,9999.000,9999.000,9999.000,9999.000,9999.000,9999.000,9999.000,9999.000
202608021736,   0.956,9999.000,9999.000,9999.000,9999.000,9999.000,9999.000,9999.000,9999.000
202608021742,   1.008,9999.000,9999.000,9999.000,9999.000,9999.000,9999.000,9999.000,9999.000
202608021748,   1.061,9999.000,9999.000,9999.000,9999.000,9999.000,9999.000,9999.000,9999.000
202608021754,   1.114,9999.000,9999.000,9999.000,9999.000,9999.000,9999.000,9999.000,9999.000
202608021800,   1.168,9999.000,   0.600,   0.047,   1.815,   0.500,   1.715,   0.700,   1.915
202608021806,   1.222,9999.000,9999.000,9999.000,9999.000,9999.000,9999.000,9999.000,9999.000
202608021812,   1.275,9999.000,9999.000,9999.000,9999.000,9999.000,9999.000,9999.000,9999.000
202608021818,   1.329,9999.000,9999.000,9999.000,9999.000,9999.000,9999.000,9999.000,9999.000
202608021824,   1.382,9999.000,9999.000,9999.000,9999.000,9999.000,9999.000,9999.000,9999.000
202608021830,   1.434,9999.000,9999.000,9999.000,9999.000,9999.000,9999.000,9999.000,9999.000
202608021836,   1.485,9999.000,9999.000,9999.000,9999.000,9999.000,9999.000,9999.000,9999.000
202608021842,   1.535,9999.000,9999.000,9999.000,9999.000,9999.000,9999.000,9999.000,9999.000
202608021848,   1.584,9999.000,9999.000,9999.000,9999.000,9999.000,9999.000,9999.000,9999.000
202608021854,   1.631,9999.000,9999.000,9999.000,9999.000,9999.000,9999.000,9999.000,9999.000
202608021900,   1.676,9999.000,   0.600,   0.047,   2.323,   0.500,   2.223,   0.700,   2.423
202608021906,   1.720,9999.000,9999.000,9999.000,9999.000,9999.000,9999.000,9999.000,9999.000
202608021912,   1.761,9999.000,9999.000,9999.000,9999.000,9999.000,9999.000,9999.000,9999.000
202608021918,   1.801,9999.000,9999.000,9999.000,9999.000,9999.000,9999.000,9999.000,9999.000
202608021924,   1.838,9999.000,9999.000,9999.000,9999.000,9999.000,9999.000,9999.000,9999.000
202608021930,   1.873,9999.000,9999.000,9999.000,9999.000,9999.000,9999.000,9999.000,9999.000
202608021936,   1.905,9999.000,9999.000,9999.000,9999.000,9999.000,9999.000,9999.000,9999.000
202608021942,   1.935,9999.000,9999.000,9999.000,9999.000,9999.000,9999.000,9999.000,9999.000
202608021948,   1.962,9999.000,9999.000,9999.000,9999.000,9999.000,9999.000,9999.000,9999.000
202608021954,   1.986,9999.000,9999.000,9999.000,9999.000,9999.000,9999.000,9999.000,9999.000
202608022000,   2.008,9999.000,   0.600,   0.047,   2.655,   0.500,   2.555,   0.700,   2.755
202608022006,   2.027,9999.000,9999.000,9999.000,9999.000,9999.000,9999.000,9999.000,9999.000
202608022012,   2.044,9999.000,9999.000,9999.000,9999.000,9999.000,9999.000,9999.000,9999.000
202608022018,   2.057,9999.000,9999.000,9999.000,9999.000,9999.000,9999.000,9999.000,9999.000
202608022024,   2.068,9999.000,9999.000,9999.000,9999.000,9999.000,9999.000,9999.000,9999.000
202608022030,   2.077,9999.000,9999.000,9999.000,9999.000,9999.000,9999.000,9999.000,9999.000
202608022036,   2.082,9999.000,9999.000,9999.000,9999.000,9999.000,9999.000,9999.000,9999.000
202608022042,   2.086,9999.000,9999.000,9999.000,9999.000,9999.000,9999.000,9999.000,9999.000
202608022048,   2.086,9999.000,9999.000,9999.000,9999.000,9999.000,9999.000,9999.000,9999.000
202608022054,   2.085,9999.000,9999.000,9999.000,9999.000,9999.000,9999.000,9999.000,9999.000
202608022100,   2.081,9999.000,   0.600,   0.047,   2.728,   0.500,   2.628,   0.700,   2.828
202608022106,   2.074,9999.000,9999.000,9999.000,9999.000,9999.000,9999.000,9999.000,9999.000
202608022112,   2.066,9999.000,9999.000,9999.000,9999.000,9999.000,9999.000,9999.000,9999.000
202608022118,   2.055,9999.000,9999.000,9999.000,9999.000,9999.000,9999.000,9999.000,9999.000
202608022124,   2.042,9999.000,9999.000,9999.000,9999.000,9999.000,9999.000,9999.000,9999.000
202608022130,   2.028,9999.000,9999.000,9999.000,9999.000,9999.000,9999.000,9999.000,9999.000
202608022136,   2.011,9999.000,9999.000,9999.000,9999.000,9999.000,9999.000,9999.000,9999.000
202608022142,   1.993,9999.000,9999.000,9999.000,9999.000,9999.000,9999.000,9999.000,9999.000
202608022148,   1.973,9999.000,9999.000,9999.000,9999.000,9999.000,9999.000,9999.000,9999.000
202608022154,   1.952,9999.000,9999.000,9999.000,9999.000,9999.000,9999.000,9999.000,9999.000
202608022200,   1.929,9999.000,   0.600,   0.047,   2.576,   0.500,   2.476,   0.700,   2.676
202608022206,   1.905,9999.000,9999.000,9999.000,9999.000,9999.000,9999.000,9999.000,9999.000
202608022212,   1.879,9999.000,9999.000,9999.000,9999.000,9999.000,9999.000,9999.000,9999.000
202608022218,   1.852,9999.000,9999.000,9999.000,9999.000,9999.000,9999.000,9999.000,9999.000
202608022224,   1.824,9999.000,9999.000,9999.000,9999.000,9999.000,9999.000,9999.000,9999.000
202608022230,   1.795,9999.000,9999.000,9999.000,9999.000,9999.000,9999.000,9999.000,9999.000
202608022236,   1.764,9999.000,9999.000,9999.000,9999.000,9999.000,9999.000,9999.000,9999.000
202608022242,   1.733,9999.000,9999.000,9999.000,9999.000,9999.000,9999.000,9999.000,9999.000
202608022248,   1.701,9999.000,9999.000,9999.000,9999.000,9999.000,9999.000,9999.000,9999.000
202608022254,   1.668,9999.000,9999.000,9999.000,9999.000,9999.000,9999.000,9999.000,9999.000
202608022300,   1.634,9999.000,   0.600,   0.047,   2.281,   0.500,   2.181,   0.800,   2.481
202608022306,   1.600,9999.000,9999.000,9999.000,9999.000,9999.000,9999.000,9999.000,9999.000
202608022312,   1.565,9999.000,9999.000,9999.000,9999.000,9999.000,9999.000,9999.000,9999.000
202608022318,   1.529,9999.000,9999.000,9999.000,9999.000,9999.000,9999.000,9999.000,9999.000
202608022324,   1.493,9999.000,9999.000,9999.000,9999.000,9999.000,9999.000,9999.000,9999.000
202608022330,   1.456,9999.000,9999.000,9999.000,9999.000,9999.000,9999.000,9999.000,9999.000
202608022336,   1.419,9999.000,9999.000,9999.000,9999.000,9999.000,9999.000,9999.000,9999.000
202608022342,   1.382,9999.000,9999.000,9999.000,9999.000,9999.000,9999.000,9999.000,9999.000
202608022348,   1.345,9999.000,9999.000,9999.000,9999.000,9999.000,9999.000,9999.000,9999.000
202608022354,   1.307,9999.000,9999.000,9999.000,9999.000,9999.000,9999.000,9999.000,9999.000
202608030000,   1.270,9999.000,   0.600,   0.047,   1.917,   0.500,   1.817,   0.800,   2.117
202608030006,   1.232,9999.000,9999.000,9999.000,9999.000,9999.000,9999.000,9999.000,9999.000
202608030012,   1.195,9999.000,9999.000,9999.000,9999.000,9999.000,9999.000,9999.000,9999.000
202608030018,   1.157,9999.000,9999.000,9999.000,9999.000,9999.000,9999.000,9999.000,9999.000
202608030024,   1.120,9999.000,9999.000,9999.000,9999.000,9999.000,9999.000,9999.000,9999.000
202608030030,   1.083,9999.000,9999.000,9999.000,9999.000,9999.000,9999.000,9999.000,9999.000
202608030036,   1.047,9999.000,9999.000,9999.000,9999.000,9999.000,9999.000,9999.000,9999.000
202608030042,   1.011,9999.000,9999.000,9999.000,9999.000,9999.000,9999.000,9999.000,9999.000
202608030048,   0.976,9999.000,9999.000,9999.000,9999.000,9999.000,9999.000,9999.000,9999.000
202608030054,   0.941,9999.000,9999.000,9999.000,9999.000,9999.000,9999.000,9999.000,9999.000
202608030100,   0.907,9999.000,   0.600,   0.047,   1.554,   0.500,   1.454,   0.800,   1.754
202608030106,   0.874,9999.000,9999.000,9999.000,9999.000,9999.000,9999.000,9999.000,9999.000
202608030112,   0.842,9999.000,9999.000,9999.000,9999.000,9999.000,9999.000,9999.000,9999.000
202608030118,   0.810,9999.000,9999.000,9999.000,9999.000,9999.000,9999.000,9999.000,9999.000
202608030124,   0.780,9999.000,9999.000,9999.000,9999.000,9999.000,9999.000,9999.000,9999.000
202608030130,   0.750,9999.000,9999.000,9999.000,9999.000,9999.000,9999.000,9999.000,9999.000
202608030136,   0.722,9999.000,9999.000,9999.000,9999.000,9999.000,9999.000,9999.000,9999.000
202608030142,   0.694,9999.000,9999.000,9999.000,9999.000,9999.000,9999.000,9999.000,9999.000
202608030148,   0.668,9999.000,9999.000,9999.000,9999.000,9999.000,9999.000,9999.000,9999.000
202608030154,   0.643,9999.000,9999.000,9999.000,9999.000,9999.000,9999.000,9999.000,9999.000
202608030200,   0.620,9999.000,   0.700,   0.047,   1.367,   0.500,   1.167,   0.800,   1.467
202608030206,   0.597,9999.000,9999.000,9999.000,9999.000,9999.000,9999.000,9999.000,9999.000
202608030212,   0.576,9999.000,9999.000,9999.000,9999.000,9999.000,9999.000,9999.000,9999.000
202608030218,   0.557,9999.000,9999.000,9999.000,9999.000,9999.000,9999.000,9999.000,9999.000
202608030224,   0.539,9999.000,9999.000,9999.000,9999.000,9999.000,9999.000,9999.000,9999.000
202608030230,   0.522,9999.000,9999.000,9999.000,9999.000,9999.000,9999.000,9999.000,9999.000
202608030236,   0.507,9999.000,9999.000,9999.000,9999.000,9999.000,9999.000,9999.000,9999.000
202608030242,   0.493,9999.000,9999.000,9999.000,9999.000,9999.000,9999.000,9999.000,9999.000
202608030248,   0.482,9999.000,9999.000,9999.000,9999.000,9999.000,9999.000,9999.000,9999.000
202608030254,   0.471,9999.000,9999.000,9999.000,9999.000,9999.000,9999.000,9999.000,9999.000
202608030300,   0.463,9999.000,   0.700,   0.047,   1.210,   0.500,   1.010,   0.800,   1.310
202608030306,   0.456,9999.000,9999.000,9999.000,9999.000,9999.000,9999.000,9999.000,9999.000
202608030312,   0.451,9999.000,9999.000,9999.000,9999.000,9999.000,9999.000,9999.000,9999.000
202608030318,   0.448,9999.000,9999.000,9999.000,9999.000,9999.000,9999.000,9999.000,9999.000
202608030324,   0.446,9999.000,9999.000,9999.000,9999.000,9999.000,9999.000,9999.000,9999.000
202608030330,   0.447,9999.000,9999.000,9999.000,9999.000,9999.000,9999.000,9999.000,9999.000
202608030336,   0.449,9999.000,9999.000,9999.000,9999.000,9999.000,9999.000,9999.000,9999.000
202608030342,   0.454,9999.000,9999.000,9999.000,9999.000,9999.000,9999.000,9999.000,9999.000
202608030348,   0.460,9999.000,9999.000,9999.000,9999.000,9999.000,9999.000,9999.000,9999.000
202608030354,   0.469,9999.000,9999.000,9999.000,9999.000,9999.000,9999.000,9999.000,9999.000
202608030400,   0.479,9999.000,   0.700,   0.047,   1.226,   0.500,   1.026,   0.900,   1.426
202608030406,   0.492,9999.000,9999.000,9999.000,9999.000,9999.000,9999.000,9999.000,9999.000
202608030412,   0.507,9999.000,9999.000,9999.000,9999.000,9999.000,9999.000,9999.000,9999.000
202608030418,   0.524,9999.000,9999.000,9999.000,9999.000,9999.000,9999.000,9999.000,9999.000
202608030424,   0.544,9999.000,9999.000,9999.000,9999.000,9999.000,9999.000,9999.000,9999.000
202608030430,   0.566,9999.000,9999.000,9999.000,9999.000,9999.000,9999.000,9999.000,9999.000
202608030436,   0.589,9999.000,9999.000,9999.000,9999.000,9999.000,9999.000,9999.000,9999.000
202608030442,   0.615,9999.000,9999.000,9999.000,9999.000,9999.000,9999.000,9999.000,9999.000
202608030448,   0.644,9999.000,9999.000,9999.000,9999.000,9999.000,9999.000,9999.000,9999.000
202608030454,   0.674,9999.000,9999.000,9999.000,9999.000,9999.000,9999.000,9999.000,9999.000
202608030500,   0.707,9999.000,   0.700,   0.047,   1.454,   0.600,   1.354,   0.900,   1.654
202608030506,   0.742,9999.000,9999.000,9999.000,9999.000,9999.000,9999.000,9999.000,9999.000
202608030512,   0.778,9999.000,9999.000,9999.000,9999.000,9999.000,9999.000,9999.000,9999.000
202608030518,   0.817,9999.000,9999.000,9999.000,9999.000,9999.000,9999.000,9999.000,9999.000
202608030524,   0.857,9999.000,9999.000,9999.000,9999.000,9999.000,9999.000,9999.000,9999.000
202608030530,   0.899,9999.000,9999.000,9999.000,9999.000,9999.000,9999.000,9999.000,9999.000
202608030536,   0.943,9999.000,9999.000,9999.000,9999.000,9999.000,9999.000,9999.000,9999.000
202608030542,   0.989,9999.000,9999.000,9999.000,9999.000,9999.000,9999.000,9999.000,9999.000
202608030548,   1.035,9999.000,9999.000,9999.000,9999.000,9999.000,9999.000,9999.000,9999.000
202608030554,   1.083,9999.000,9999.000,9999.000,9999.000,9999.000,9999.000,9999.000,9999.000
202608030600,   1.132,9999.000,   0.700,   0.047,   1.879,   0.600,   1.779,   0.900,   2.079
202608030606,   1.182,9999.000,9999.000,9999.000,9999.000,9999.000,9999.000,9999.000,9999.000
202608030612,   1.232,9999.000,9999.000,9999.000,9999.000,9999.000,9999.000,9999.000,9999.000
202608030618,   1.283,9999.000,9999.000,9999.000,9999.000,9999.000,9999.000,9999.000,9999.000
202608030624,   1.334,9999.000,9999.000,9999.000,9999.000,9999.000,9999.000,9999.000,9999.000
202608030630,   1.385,9999.000,9999.000,9999.000,9999.000,9999.000,9999.000,9999.000,9999.000
202608030636,   1.436,9999.000,9999.000,9999.000,9999.000,9999.000,9999.000,9999.000,9999.000
202608030642,   1.487,9999.000,9999.000,9999.000,9999.000,9999.000,9999.000,9999.000,9999.000
202608030648,   1.537,9999.000,9999.000,9999.000,9999.000,9999.000,9999.000,9999.000,9999.000
202608030654,   1.586,9999.000,9999.000,9999.000,9999.000,9999.000,9999.000,9999.000,9999.000
202608030700,   1.635,9999.000,   0.700,   0.047,   2.382,   0.600,   2.282,   0.900,   2.582
202608030706,   1.682,9999.000,9999.000,9999.000,9999.000,9999.000,9999.000,9999.000,9999.000
202608030712,   1.727,9999.000,9999.000,9999.000,9999.000,9999.000,9999.000,9999.000,9999.000
202608030718,   1.772,9999.000,9999.000,9999.000,9999.000,9999.000,9999.000,9999.000,9999.000
202608030724,   1.814,9999.000,9999.000,9999.000,9999.000,9999.000,9999.000,9999.000,9999.000
202608030730,   1.855,9999.000,9999.000,9999.000,9999.000,9999.000,9999.000,9999.000,9999.000
202608030736,   1.893,9999.000,9999.000,9999.000,9999.000,9999.000,9999.000,9999.000,9999.000
202608030742,   1.930,9999.000,9999.000,9999.000,9999.000,9999.000,9999.000,9999.000,9999.000
202608030748,   1.964,9999.000,9999.000,9999.000,9999.000,9999.000,9999.000,9999.000,9999.000
202608030754,   1.995,9999.000,9999.000,9999.000,9999.000,9999.000,9999.000,9999.000,9999.000
202608030800,   2.024,9999.000,   0.700,   0.047,   2.771,   0.600,   2.671,   0.800,   2.871
202608030806,   2.051,9999.000,9999.000,9999.000,9999.000,9999.000,9999.000,9999.000,9999.000
202608030812,   2.075,9999.000,9999.000,9999.000,9999.000,9999.000,9999.000,9999.000,9999.000
202608030818,   2.096,9999.000,9999.000,9999.000,9999.000,9999.000,9999.000,9999.000,9999.000
202608030824,   2.114,9999.000,9999.000,9999.000,9999.000,9999.000,9999.000,9999.000,9999.000
202608030830,   2.130,9999.000,9999.000,9999.000,9999.000,9999.000,9999.000,9999.000,9999.000
202608030836,   2.142,9999.000,9999.000,9999.000,9999.000,9999.000,9999.000,9999.000,9999.000
202608030842,   2.152,9999.000,9999.000,9999.000,9999.000,9999.000,9999.000,9999.000,9999.000
202608030848,   2.159,9999.000,9999.000,9999.000,9999.000,9999.000,9999.000,9999.000,9999.000
202608030854,   2.164,9999.000,9999.000,9999.000,9999.000,9999.000,9999.000,9999.000,9999.000
202608030900,   2.166,9999.000,   0.700,   0.047,   2.913,   0.500,   2.713,   0.800,   3.013
202608030906,   2.165,9999.000,9999.000,9999.000,9999.000,9999.000,9999.000,9999.000,9999.000
202608030912,   2.161,9999.000,9999.000,9999.000,9999.000,9999.000,9999.000,9999.000,9999.000
202608030918,   2.155,9999.000,9999.000,9999.000,9999.000,9999.000,9999.000,9999.000,9999.000
202608030924,   2.146,9999.000,9999.000,9999.000,9999.000,9999.000,9999.000,9999.000,9999.000
202608030930,   2.135,9999.000,9999.000,9999.000,9999.000,9999.000,9999.000,9999.000,9999.000
202608030936,   2.122,9999.000,9999.000,9999.000,9999.000,9999.000,9999.000,9999.000,9999.000
202608030942,   2.107,9999.000,9999.000,9999.000,9999.000,9999.000,9999.000,9999.000,9999.000
202608030948,   2.089,9999.000,9999.000,9999.000,9999.000,9999.000,9999.000,9999.000,9999.000
202608030954,   2.069,9999.000,9999.000,9999.000,9999.000,9999.000,9999.000,9999.000,9999.000
202608031000,   2.048,9999.000,   0.700,   0.047,   2.795,   0.500,   2.595,   0.800,   2.895
202608031006,   2.024,9999.000,9999.000,9999.000,9999.000,9999.000,9999.000,9999.000,9999.000
202608031012,   1.999,9999.000,9999.000,9999.000,9999.000,9999.000,9999.000,9999.000,9999.000
202608031018,   1.972,9999.000,9999.000,9999.000,9999.000,9999.000,9999.000,9999.000,9999.000
202608031024,   1.944,9999.000,9999.000,9999.000,9999.000,9999.000,9999.000,9999.000,9999.000
202608031030,   1.913,9999.000,9999.000,9999.000,9999.000,9999.000,9999.000,9999.000,9999.000
202608031036,   1.882,9999.000,9999.000,9999.000,9999.000,9999.000,9999.000,9999.000,9999.000
202608031042,   1.849,9999.000,9999.000,9999.000,9999.000,9999.000,9999.000,9999.000,9999.000
202608031048,   1.815,9999.000,9999.000,9999.000,9999.000,9999.000,9999.000,9999.000,9999.000
202608031054,   1.779,9999.000,9999.000,9999.000,9999.000,9999.000,9999.000,9999.000,9999.000
202608031100,   1.743,9999.000,   0.600,   0.047,   2.390,   0.500,   2.290,   0.800,   2.590
202608031106,   1.705,9999.000,9999.000,9999.000,9999.000,9999.000,9999.000,9999.000,9999.000
202608031112,   1.667,9999.000,9999.000,9999.000,9999.000,9999.000,9999.000,9999.000,9999.000
202608031118,   1.628,9999.000,9999.000,9999.000,9999.000,9999.000,9999.000,9999.000,9999.000
202608031124,   1.587,9999.000,9999.000,9999.000,9999.000,9999.000,9999.000,9999.000,9999.000
202608031130,   1.546,9999.000,9999.000,9999.000,9999.000,9999.000,9999.000,9999.000,9999.000
202608031136,   1.505,9999.000,9999.000,9999.000,9999.000,9999.000,9999.000,9999.000,9999.000
202608031142,   1.463,9999.000,9999.000,9999.000,9999.000,9999.000,9999.000,9999.000,9999.000
202608031148,   1.420,9999.000,9999.000,9999.000,9999.000,9999.000,9999.000,9999.000,9999.000
202608031154,   1.377,9999.000,9999.000,9999.000,9999.000,9999.000,9999.000,9999.000,9999.000
202608031200,   1.333,9999.000,   0.600,   0.047,   1.980,   0.500,   1.880,   0.800,   2.180
202608031206,   1.290,9999.000,9999.000,9999.000,9999.000,9999.000,9999.000,9999.000,9999.000
202608031212,   1.246,9999.000,9999.000,9999.000,9999.000,9999.000,9999.000,9999.000,9999.000
202608031218,   1.202,9999.000,9999.000,9999.000,9999.000,9999.000,9999.000,9999.000,9999.000
202608031224,   1.158,9999.000,9999.000,9999.000,9999.000,9999.000,9999.000,9999.000,9999.000
202608031230,   1.114,9999.000,9999.000,9999.000,9999.000,9999.000,9999.000,9999.000,9999.000
202608031236,   1.070,9999.000,9999.000,9999.000,9999.000,9999.000,9999.000,9999.000,9999.000
202608031242,   1.027,9999.000,9999.000,9999.000,9999.000,9999.000,9999.000,9999.000,9999.000
202608031248,   0.984,9999.000,9999.000,9999.000,9999.000,9999.000,9999.000,9999.000,9999.000
202608031254,   0.941,9999.000,9999.000,9999.000,9999.000,9999.000,9999.000,9999.000,9999.000
202608031300,   0.899,9999.000,   0.600,   0.047,   1.546,   0.500,   1.446,   0.700,   1.646
202608031306,   0.858,9999.000,9999.000,9999.000,9999.000,9999.000,9999.000,9999.000,9999.000
202608031312,   0.817,9999.000,9999.000,9999.000,9999.000,9999.000,9999.000,9999.000,9999.000
202608031318,   0.777,9999.000,9999.000,9999.000,9999.000,9999.000,9999.000,9999.000,9999.000
202608031324,   0.738,9999.000,9999.000,9999.000,9999.000,9999.000,9999.000,9999.000,9999.000
202608031330,   0.700,9999.000,9999.000,9999.000,9999.000,9999.000,9999.000,9999.000,9999.000
202608031336,   0.663,9999.000,9999.000,9999.000,9999.000,9999.000,9999.000,9999.000,9999.000
202608031342,   0.627,9999.000,9999.000,9999.000,9999.000,9999.000,9999.000,9999.000,9999.000
202608031348,   0.593,9999.000,9999.000,9999.000,9999.000,9999.000,9999.000,9999.000,9999.000
202608031354,   0.559,9999.000,9999.000,9999.000,9999.000,9999.000,9999.000,9999.000,9999.000
202608031400,   0.527,9999.000,   0.600,   0.047,   1.174,   0.500,   1.074,   0.700,   1.274
202608031406,   0.497,9999.000,9999.000,9999.000,9999.000,9999.000,9999.000,9999.000,9999.000
202608031412,   0.468,9999.000,9999.000,9999.000,9999.000,9999.000,9999.000,9999.000,9999.000
202608031418,   0.440,9999.000,9999.000,9999.000,9999.000,9999.000,9999.000,9999.000,9999.000
202608031424,   0.414,9999.000,9999.000,9999.000,9999.000,9999.000,9999.000,9999.000,9999.000
202608031430,   0.390,9999.000,9999.000,9999.000,9999.000,9999.000,9999.000,9999.000,9999.000
202608031436,   0.367,9999.000,9999.000,9999.000,9999.000,9999.000,9999.000,9999.000,9999.000
202608031442,   0.346,9999.000,9999.000,9999.000,9999.000,9999.000,9999.000,9999.000,9999.000
202608031448,   0.327,9999.000,9999.000,9999.000,9999.000,9999.000,9999.000,9999.000,9999.000
202608031454,   0.309,9999.000,9999.000,9999.000,9999.000,9999.000,9999.000,9999.000,9999.000
202608031500,   0.294,9999.000,   0.600,   0.047,   0.941,   0.500,   0.841,   0.700,   1.041
202608031506,   0.280,9999.000,9999.000,9999.000,9999.000,9999.000,9999.000,9999.000,9999.000
202608031512,   0.268,9999.000,9999.000,9999.000,9999.000,9999.000,9999.000,9999.000,9999.000
202608031518,   0.258,9999.000,9999.000,9999.000,9999.000,9999.000,9999.000,9999.000,9999.000
202608031524,   0.250,9999.000,9999.000,9999.000,9999.000,9999.000,9999.000,9999.000,9999.000
202608031530,   0.245,9999.000,9999.000,9999.000,9999.000,9999.000,9999.000,9999.000,9999.000
202608031536,   0.241,9999.000,9999.000,9999.000,9999.000,9999.000,9999.000,9999.000,9999.000
202608031542,   0.239,9999.000,9999.000,9999.000,9999.000,9999.000,9999.000,9999.000,9999.000
202608031548,   0.240,9999.000,9999.000,9999.000,9999.000,9999.000,9999.000,9999.000,9999.000
202608031554,   0.243,9999.000,9999.000,9999.000,9999.000,9999.000,9999.000,9999.000,9999.000
202608031600,   0.247,9999.000,   0.600,   0.047,   0.894,   0.500,   0.794,   0.700,   0.994
202608031606,   0.255,9999.000,9999.000,9999.000,9999.000,9999.000,9999.000,9999.000,9999.000
202608031612,   0.264,9999.000,9999.000,9999.000,9999.000,9999.000,9999.000,9999.000,9999.000
202608031618,   0.276,9999.000,9999.000,9999.000,9999.000,9999.000,9999.000,9999.000,9999.000
202608031624,   0.290,9999.000,9999.000,9999.000,9999.000,9999.000,9999.000,9999.000,9999.000
202608031630,   0.306,9999.000,9999.000,9999.000,9999.000,9999.000,9999.000,9999.000,9999.000
202608031636,   0.325,9999.000,9999.000,9999.000,9999.000,9999.000,9999.000,9999.000,9999.000
202608031642,   0.346,9999.000,9999.000,9999.000,9999.000,9999.000,9999.000,9999.000,9999.000
202608031648,   0.369,9999.000,9999.000,9999.000,9999.000,9999.000,9999.000,9999.000,9999.000
202608031654,   0.395,9999.000,9999.000,9999.000,9999.000,9999.000,9999.000,9999.000,9999.000
202608031700,   0.423,9999.000,   0.600,   0.047,   1.070,   0.400,   0.870,   0.700,   1.170
202608031706,   0.454,9999.000,9999.000,9999.000,9999.000,9999.000,9999.000,9999.000,9999.000
202608031712,   0.486,9999.000,9999.000,9999.000,9999.000,9999.000,9999.000,9999.000,9999.000
202608031718,   0.521,9999.000,9999.000,9999.000,9999.000,9999.000,9999.000,9999.000,9999.000
202608031724,   0.559,9999.000,9999.000,9999.000,9999.000,9999.000,9999.000,9999.000,9999.000
202608031730,   0.598,9999.000,9999.000,9999.000,9999.000,9999.000,9999.000,9999.000,9999.000
202608031736,   0.639,9999.000,9999.000,9999.000,9999.000,9999.000,9999.000,9999.000,9999.000
202608031742,   0.682,9999.000,9999.000,9999.000,9999.000,9999.000,9999.000,9999.000,9999.000
202608031748,   0.727,9999.000,9999.000,9999.000,9999.000,9999.000,9999.000,9999.000,9999.000
202608031754,   0.774,9999.000,9999.000,9999.000,9999.000,9999.000,9999.000,9999.000,9999.000
202608031800,   0.822,9999.000,   0.600,   0.047,   1.469,   0.400,   1.269,   0.700,   1.569
202608031806,   0.872,9999.000,9999.000,9999.000,9999.000,9999.000,9999.000,9999.000,9999.000
202608031812,   0.923,9999.000,9999.000,9999.000,9999.000,9999.000,9999.000,9999.000,9999.000
202608031818,   0.975,9999.000,9999.000,9999.000,9999.000,9999.000,9999.000,9999.000,9999.000
202608031824,   1.029,9999.000,9999.000,9999.000,9999.000,9999.000,9999.000,9999.000,9999.000
202608031830,   1.082,9999.000,9999.000,9999.000,9999.000,9999.000,9999.000,9999.000,9999.000
202608031836,   1.137,9999.000,9999.000,9999.000,9999.000,9999.000,9999.000,9999.000,9999.000
202608031842,   1.192,9999.000,9999.000,9999.000,9999.000,9999.000,9999.000,9999.000,9999.000
202608031848,   1.247,9999.000,9999.000,9999.000,9999.000,9999.000,9999.000,9999.000,9999.000
202608031854,   1.302,9999.000,9999.000,9999.000,9999.000,9999.000,9999.000,9999.000,9999.000
202608031900,   1.356,9999.000,   0.500,   0.047,   1.903,   0.400,   1.803,   0.700,   2.103
202608031906,   1.410,9999.000,9999.000,9999.000,9999.000,9999.000,9999.000,9999.000,9999.000
202608031912,   1.464,9999.000,9999.000,9999.000,9999.000,9999.000,9999.000,9999.000,9999.000
202608031918,   1.516,9999.000,9999.000,9999.000,9999.000,9999.000,9999.000,9999.000,9999.000
202608031924,   1.568,9999.000,9999.000,9999.000,9999.000,9999.000,9999.000,9999.000,9999.000
202608031930,   1.618,9999.000,9999.000,9999.000,9999.000,9999.000,9999.000,9999.000,9999.000
202608031936,   1.666,9999.000,9999.000,9999.000,9999.000,9999.000,9999.000,9999.000,9999.000
202608031942,   1.713,9999.000,9999.000,9999.000,9999.000,9999.000,9999.000,9999.000,9999.000
202608031948,   1.758,9999.000,9999.000,9999.000,9999.000,9999.000,9999.000,9999.000,9999.000
202608031954,   1.801,9999.000,9999.000,9999.000,9999.000,9999.000,9999.000,9999.000,9999.000
202608032000,   1.842,9999.000,   0.500,   0.047,   2.389,   0.400,   2.289,   0.700,   2.589
202608032006,   1.881,9999.000,9999.000,9999.000,9999.000,9999.000,9999.000,9999.000,9999.000
202608032012,   1.917,9999.000,9999.000,9999.000,9999.000,9999.000,9999.000,9999.000,9999.000
202608032018,   1.950,9999.000,9999.000,9999.000,9999.000,9999.000,9999.000,9999.000,9999.000
202608032024,   1.981,9999.000,9999.000,9999.000,9999.000,9999.000,9999.000,9999.000,9999.000
202608032030,   2.009,9999.000,9999.000,9999.000,9999.000,9999.000,9999.000,9999.000,9999.000
202608032036,   2.035,9999.000,9999.000,9999.000,9999.000,9999.000,9999.000,9999.000,9999.000
202608032042,   2.058,9999.000,9999.000,9999.000,9999.000,9999.000,9999.000,9999.000,9999.000
202608032048,   2.078,9999.000,9999.000,9999.000,9999.000,9999.000,9999.000,9999.000,9999.000
202608032054,   2.095,9999.000,9999.000,9999.000,9999.000,9999.000,9999.000,9999.000,9999.000
202608032100,   2.109,9999.000,   0.500,   0.047,   2.656,   0.400,   2.556,   0.700,   2.856
202608032106,   2.121,9999.000,9999.000,9999.000,9999.000,9999.000,9999.000,9999.000,9999.000
202608032112,   2.130,9999.000,9999.000,9999.000,9999.000,9999.000,9999.000,9999.000,9999.000
202608032118,   2.136,9999.000,9999.000,9999.000,9999.000,9999.000,9999.000,9999.000,9999.000
202608032124,   2.139,9999.000,9999.000,9999.000,9999.000,9999.000,9999.000,9999.000,9999.000
202608032130,   2.140,9999.000,9999.000,9999.000,9999.000,9999.000,9999.000,9999.000,9999.000
202608032136,   2.138,9999.000,9999.000,9999.000,9999.000,9999.000,9999.000,9999.000,9999.000
202608032142,   2.134,9999.000,9999.000,9999.000,9999.000,9999.000,9999.000,9999.000,9999.000
202608032148,   2.127,9999.000,9999.000,9999.000,9999.000,9999.000,9999.000,9999.000,9999.000
202608032154,   2.119,9999.000,9999.000,9999.000,9999.000,9999.000,9999.000,9999.000,9999.000
202608032200,   2.108,9999.000,   0.500,   0.047,   2.655,   0.400,   2.555,   0.600,   2.755
202608032206,   2.095,9999.000,9999.000,9999.000,9999.000,9999.000,9999.000,9999.000,9999.000
202608032212,   2.080,9999.000,9999.000,9999.000,9999.000,9999.000,9999.000,9999.000,9999.000
202608032218,   2.063,9999.000,9999.000,9999.000,9999.000,9999.000,9999.000,9999.000,9999.000
202608032224,   2.044,9999.000,9999.000,9999.000,9999.000,9999.000,9999.000,9999.000,9999.000
202608032230,   2.024,9999.000,9999.000,9999.000,9999.000,9999.000,9999.000,9999.000,9999.000
202608032236,   2.002,9999.000,9999.000,9999.000,9999.000,9999.000,9999.000,9999.000,9999.000
202608032242,   1.979,9999.000,9999.000,9999.000,9999.000,9999.000,9999.000,9999.000,9999.000
202608032248,   1.954,9999.000,9999.000,9999.000,9999.000,9999.000,9999.000,9999.000,9999.000
202608032254,   1.928,9999.000,9999.000,9999.000,9999.000,9999.000,9999.000,9999.000,9999.000
202608032300,   1.901,9999.000,   0.500,   0.047,   2.448,   0.300,   2.248,   0.600,   2.548
202608032306,   1.872,9999.000,9999.000,9999.000,9999.000,9999.000,9999.000,9999.000,9999.000
202608032312,   1.843,9999.000,9999.000,9999.000,9999.000,9999.000,9999.000,9999.000,9999.000
202608032318,   1.812,9999.000,9999.000,9999.000,9999.000,9999.000,9999.000,9999.000,9999.000
202608032324,   1.781,9999.000,9999.000,9999.000,9999.000,9999.000,9999.000,9999.000,9999.000
202608032330,   1.749,9999.000,9999.000,9999.000,9999.000,9999.000,9999.000,9999.000,9999.000
202608032336,   1.716,9999.000,9999.000,9999.000,9999.000,9999.000,9999.000,9999.000,9999.000
202608032342,   1.683,9999.000,9999.000,9999.000,9999.000,9999.000,9999.000,9999.000,9999.000
202608032348,   1.649,9999.000,9999.000,9999.000,9999.000,9999.000,9999.000,9999.000,9999.000
202608032354,   1.614,9999.000,9999.000,9999.000,9999.000,9999.000,9999.000,9999.000,9999.000
202608040000,   1.579,9999.000,   0.500,   0.047,   2.126,   0.300,   1.926,   0.600,   2.226
202608040006,   1.543,9999.000,9999.000,9999.000,9999.000,9999.000,9999.000,9999.000,9999.000
202608040012,   1.508,9999.000,9999.000,9999.000,9999.000,9999.000,9999.000,9999.000,9999.000
202608040018,   1.471,9999.000,9999.000,9999.000,9999.000,9999.000,9999.000,9999.000,9999.000
202608040024,   1.435,9999.000,9999.000,9999.000,9999.000,9999.000,9999.000,9999.000,9999.000
202608040030,   1.399,9999.000,9999.000,9999.000,9999.000,9999.000,9999.000,9999.000,9999.000
202608040036,   1.362,9999.000,9999.000,9999.000,9999.000,9999.000,9999.000,9999.000,9999.000
202608040042,   1.325,9999.000,9999.000,9999.000,9999.000,9999.000,9999.000,9999.000,9999.000
202608040048,   1.289,9999.000,9999.000,9999.000,9999.000,9999.000,9999.000,9999.000,9999.000
202608040054,   1.252,9999.000,9999.000,9999.000,9999.000,9999.000,9999.000,9999.000,9999.000
202608040100,   1.216,9999.000,   0.500,   0.047,   1.763,   0.300,   1.563,   0.600,   1.863
202608040106,   1.180,9999.000,9999.000,9999.000,9999.000,9999.000,9999.000,9999.000,9999.000
202608040112,   1.145,9999.000,9999.000,9999.000,9999.000,9999.000,9999.000,9999.000,9999.000
202608040118,   1.109,9999.000,9999.000,9999.000,9999.000,9999.000,9999.000,9999.000,9999.000
202608040124,   1.074,9999.000,9999.000,9999.000,9999.000,9999.000,9999.000,9999.000,9999.000
202608040130,   1.040,9999.000,9999.000,9999.000,9999.000,9999.000,9999.000,9999.000,9999.000
202608040136,   1.006,9999.000,9999.000,9999.000,9999.000,9999.000,9999.000,9999.000,9999.000
202608040142,   0.973,9999.000,9999.000,9999.000,9999.000,9999.000,9999.000,9999.000,9999.000
202608040148,   0.941,9999.000,9999.000,9999.000,9999.000,9999.000,9999.000,9999.000,9999.000
202608040154,   0.909,9999.000,9999.000,9999.000,9999.000,9999.000,9999.000,9999.000,9999.000
202608040200,   0.879,9999.000,   0.400,   0.047,   1.326,   0.300,   1.226,   0.600,   1.526
202608040206,   0.849,9999.000,9999.000,9999.000,9999.000,9999.000,9999.000,9999.000,9999.000
202608040212,   0.820,9999.000,9999.000,9999.000,9999.000,9999.000,9999.000,9999.000,9999.000
202608040218,   0.792,9999.000,9999.000,9999.000,9999.000,9999.000,9999.000,9999.000,9999.000
202608040224,   0.765,9999.000,9999.000,9999.000,9999.000,9999.000,9999.000,9999.000,9999.000
202608040230,   0.739,9999.000,9999.000,9999.000,9999.000,9999.000,9999.000,9999.000,9999.000
202608040236,   0.714,9999.000,9999.000,9999.000,9999.000,9999.000,9999.000,9999.000,9999.000
202608040242,   0.691,9999.000,9999.000,9999.000,9999.000,9999.000,9999.000,9999.000,9999.000
202608040248,   0.668,9999.000,9999.000,9999.000,9999.000,9999.000,9999.000,9999.000,9999.000
202608040254,   0.647,9999.000,9999.000,9999.000,9999.000,9999.000,9999.000,9999.000,9999.000
202608040300,   0.627,9999.000,   0.400,   0.047,   1.074,   0.300,   0.974,   0.600,   1.274
202608040306,   0.608,9999.000,9999.000,9999.000,9999.000,9999.000,9999.000,9999.000,9999.000
202608040312,   0.591,9999.000,9999.000,9999.000,9999.000,9999.000,9999.000,9999.000,9999.000
202608040318,   0.575,9999.000,9999.000,9999.000,9999.000,9999.000,9999.000,9999.000,9999.000
202608040324,   0.561,9999.000,9999.000,9999.000,9999.000,9999.000,9999.000,9999.000,9999.000
202608040330,   0.548,9999.000,9999.000,9999.000,9999.000,9999.000,9999.000,9999.000,9999.000
202608040336,   0.536,9999.000,9999.000,9999.000,9999.000,9999.000,9999.000,9999.000,9999.000
202608040342,   0.526,9999.000,9999.000,9999.000,9999.000,9999.000,9999.000,9999.000,9999.000
202608040348,   0.518,9999.000,9999.000,9999.000,9999.000,9999.000,9999.000,9999.000,9999.000
202608040354,   0.511,9999.000,9999.000,9999.000,9999.000,9999.000,9999.000,9999.000,9999.000
202608040400,   0.506,9999.000,   0.400,   0.047,   0.953,   0.300,   0.853,   0.600,   1.153
202608040406,   0.502,9999.000,9999.000,9999.000,9999.000,9999.000,9999.000,9999.000,9999.000
202608040412,   0.500,9999.000,9999.000,9999.000,9999.000,9999.000,9999.000,9999.000,9999.000
202608040418,   0.500,9999.000,9999.000,9999.000,9999.000,9999.000,9999.000,9999.000,9999.000
202608040424,   0.502,9999.000,9999.000,9999.000,9999.000,9999.000,9999.000,9999.000,9999.000
202608040430,   0.505,9999.000,9999.000,9999.000,9999.000,9999.000,9999.000,9999.000,9999.000
202608040436,   0.511,9999.000,9999.000,9999.000,9999.000,9999.000,9999.000,9999.000,9999.000
202608040442,   0.518,9999.000,9999.000,9999.000,9999.000,9999.000,9999.000,9999.000,9999.000
202608040448,   0.527,9999.000,9999.000,9999.000,9999.000,9999.000,9999.000,9999.000,9999.000
202608040454,   0.539,9999.000,9999.000,9999.000,9999.000,9999.000,9999.000,9999.000,9999.000
202608040500,   0.552,9999.000,   0.400,   0.047,   0.999,   0.200,   0.799,   0.600,   1.199
202608040506,   0.567,9999.000,9999.000,9999.000,9999.000,9999.000,9999.000,9999.000,9999.000
202608040512,   0.585,9999.000,9999.000,9999.000,9999.000,9999.000,9999.000,9999.000,9999.000
202608040518,   0.604,9999.000,9999.000,9999.000,9999.000,9999.000,9999.000,9999.000,9999.000
202608040524,   0.626,9999.000,9999.000,9999.000,9999.000,9999.000,9999.000,9999.000,9999.000
202608040530,   0.649,9999.000,9999.000,9999.000,9999.000,9999.000,9999.000,9999.000,9999.000
202608040536,   0.675,9999.000,9999.000,9999.000,9999.000,9999.000,9999.000,9999.000,9999.000
202608040542,   0.703,9999.000,9999.000,9999.000,9999.000,9999.000,9999.000,9999.000,9999.000
202608040548,   0.733,9999.000,9999.000,9999.000,9999.000,9999.000,9999.000,9999.000,9999.000
202608040554,   0.765,9999.000,9999.000,9999.000,9999.000,9999.000,9999.000,9999.000,9999.000
202608040600,   0.799,9999.000,   0.400,   0.047,   1.246,   0.200,   1.046,   0.500,   1.346
202608040606,   0.834,9999.000,9999.000,9999.000,9999.000,9999.000,9999.000,9999.000,9999.000
202608040612,   0.872,9999.000,9999.000,9999.000,9999.000,9999.000,9999.000,9999.000,9999.000
202608040618,   0.911,9999.000,9999.000,9999.000,9999.000,9999.000,9999.000,9999.000,9999.000
202608040624,   0.951,9999.000,9999.000,9999.000,9999.000,9999.000,9999.000,9999.000,9999.000
202608040630,   0.993,9999.000,9999.000,9999.000,9999.000,9999.000,9999.000,9999.000,9999.000
202608040636,   1.037,9999.000,9999.000,9999.000,9999.000,9999.000,9999.000,9999.000,9999.000
202608040642,   1.081,9999.000,9999.000,9999.000,9999.000,9999.000,9999.000,9999.000,9999.000
202608040648,   1.127,9999.000,9999.000,9999.000,9999.000,9999.000,9999.000,9999.000,9999.000
202608040654,   1.173,9999.000,9999.000,9999.000,9999.000,9999.000,9999.000,9999.000,9999.000
202608040700,   1.221,9999.000,   0.400,   0.047,   1.668,   0.200,   1.468,   0.500,   1.768
202608040706,   1.268,9999.000,9999.000,9999.000,9999.000,9999.000,9999.000,9999.000,9999.000
202608040712,   1.316,9999.000,9999.000,9999.000,9999.000,9999.000,9999.000,9999.000,9999.000
202608040718,   1.364,9999.000,9999.000,9999.000,9999.000,9999.000,9999.000,9999.000,9999.000
202608040724,   1.412,9999.000,9999.000,9999.000,9999.000,9999.000,9999.000,9999.000,9999.000
202608040730,   1.459,9999.000,9999.000,9999.000,9999.000,9999.000,9999.000,9999.000,9999.000
202608040736,   1.506,9999.000,9999.000,9999.000,9999.000,9999.000,9999.000,9999.000,9999.000
202608040742,   1.552,9999.000,9999.000,9999.000,9999.000,9999.000,9999.000,9999.000,9999.000
202608040748,   1.598,9999.000,9999.000,9999.000,9999.000,9999.000,9999.000,9999.000,9999.000
202608040754,   1.642,9999.000,9999.000,9999.000,9999.000,9999.000,9999.000,9999.000,9999.000
202608040800,   1.685,9999.000,   0.400,   0.047,   2.132,   0.200,   1.932,   0.500,   2.232
202608040806,   1.726,9999.000,9999.000,9999.000,9999.000,9999.000,9999.000,9999.000,9999.000
202608040812,   1.766,9999.000,9999.000,9999.000,9999.000,9999.000,9999.000,9999.000,9999.000
202608040818,   1.804,9999.000,9999.000,9999.000,9999.000,9999.000,9999.000,9999.000,9999.000
202608040824,   1.840,9999.000,9999.000,9999.000,9999.000,9999.000,9999.000,9999.000,9999.000
202608040830,   1.874,9999.000,9999.000,9999.000,9999.000,9999.000,9999.000,9999.000,9999.000
202608040836,   1.905,9999.000,9999.000,9999.000,9999.000,9999.000,9999.000,9999.000,9999.000
202608040842,   1.934,9999.000,9999.000,9999.000,9999.000,9999.000,9999.000,9999.000,9999.000
202608040848,   1.961,9999.000,9999.000,9999.000,9999.000,9999.000,9999.000,9999.000,9999.000
202608040854,   1.985,9999.000,9999.000,9999.000,9999.000,9999.000,9999.000,9999.000,9999.000
202608040900,   2.007,9999.000,   0.300,   0.047,   2.354,   0.200,   2.254,   0.500,   2.554
202608040906,   2.026,9999.000,9999.000,9999.000,9999.000,9999.000,9999.000,9999.000,9999.000
202608040912,   2.042,9999.000,9999.000,9999.000,9999.000,9999.000,9999.000,9999.000,9999.000
202608040918,   2.055,9999.000,9999.000,9999.000,9999.000,9999.000,9999.000,9999.000,9999.000
202608040924,   2.066,9999.000,9999.000,9999.000,9999.000,9999.000,9999.000,9999.000,9999.000
202608040930,   2.074,9999.000,9999.000,9999.000,9999.000,9999.000,9999.000,9999.000,9999.000
202608040936,   2.080,9999.000,9999.000,9999.000,9999.000,9999.000,9999.000,9999.000,9999.000
202608040942,   2.082,9999.000,9999.000,9999.000,9999.000,9999.000,9999.000,9999.000,9999.000
202608040948,   2.082,9999.000,9999.000,9999.000,9999.000,9999.000,9999.000,9999.000,9999.000
202608040954,   2.080,9999.000,9999.000,9999.000,9999.000,9999.000,9999.000,9999.000,9999.000
202608041000,   2.075,9999.000,   0.300,   0.047,   2.422,   0.100,   2.222,   0.500,   2.622
202608041006,   2.067,9999.000,9999.000,9999.000,9999.000,9999.000,9999.000,9999.000,9999.000
202608041012,   2.057,9999.000,9999.000,9999.000,9999.000,9999.000,9999.000,9999.000,9999.000
202608041018,   2.045,9999.000,9999.000,9999.000,9999.000,9999.000,9999.000,9999.000,9999.000
202608041024,   2.031,9999.000,9999.000,9999.000,9999.000,9999.000,9999.000,9999.000,9999.000
202608041030,   2.014,9999.000,9999.000,9999.000,9999.000,9999.000,9999.000,9999.000,9999.000
202608041036,   1.996,9999.000,9999.000,9999.000,9999.000,9999.000,9999.000,9999.000,9999.000
202608041042,   1.975,9999.000,9999.000,9999.000,9999.000,9999.000,9999.000,9999.000,9999.000
202608041048,   1.953,9999.000,9999.000,9999.000,9999.000,9999.000,9999.000,9999.000,9999.000
202608041054,   1.928,9999.000,9999.000,9999.000,9999.000,9999.000,9999.000,9999.000,9999.000
202608041100,   1.903,9999.000,   0.300,   0.047,   2.250,   0.100,   2.050,   0.500,   2.450
202608041106,   1.875,9999.000,9999.000,9999.000,9999.000,9999.000,9999.000,9999.000,9999.000
202608041112,   1.846,9999.000,9999.000,9999.000,9999.000,9999.000,9999.000,9999.000,9999.000
202608041118,   1.816,9999.000,9999.000,9999.000,9999.000,9999.000,9999.000,9999.000,9999.000
202608041124,   1.784,9999.000,9999.000,9999.000,9999.000,9999.000,9999.000,9999.000,9999.000
202608041130,   1.751,9999.000,9999.000,9999.000,9999.000,9999.000,9999.000,9999.000,9999.000
202608041136,   1.717,9999.000,9999.000,9999.000,9999.000,9999.000,9999.000,9999.000,9999.000
202608041142,   1.682,9999.000,9999.000,9999.000,9999.000,9999.000,9999.000,9999.000,9999.000
202608041148,   1.645,9999.000,9999.000,9999.000,9999.000,9999.000,9999.000,9999.000,9999.000
202608041154,   1.608,9999.000,9999.000,9999.000,9999.000,9999.000,9999.000,9999.000,9999.000
202608041200,   1.570,9999.000,   0.300,   0.047,   1.917,   0.100,   1.717,   0.400,   2.017
