        TIME,    TIDE,      OB,   SURGE,    BIAS,     TWL,SURGE90p,  TWL90p,SURGE10p,   TWL10p
202607301800,   0.055,9999.000,   0.400,9999.000,   0.455,   0.400,   0.455,   0.500,   0.555
202607301806,   0.060,9999.000,9999.000,9999.000,9999.000,9999.000,9999.000,9999.000,9999.000
202607301812,   0.064,9999.000,9999.000,9999.000,9999.000,9999.000,9999.000,9999.000,9999.000
202607301818,   0.069,9999.000,9999.000,9999.000,9999.000,9999.000,9999.000,9999.000,9999.000
202607301824,   0.073,9999.000,9999.000,9999.000,9999.000,9999.000,9999.000,9999.000,9999.000
202607301830,   0.077,9999.000,9999.000,9999.000,9999.000,9999.000,9999.000,9999.000,9999.000
202607301836,   0.082,9999.000,9999.000,9999.000,9999.000,9999.000,9999.000,9999.000,9999.000
202607301842,   0.086,9999.000,9999.000,9999.000,9999.000,9999.000,9999.000,9999.000,9999.000
202607301848,   0.091,9999.000,9999.000,9999.000,9999.000,9999.000,9999.000,9999.000,9999.000
202607301854,   0.095,9999.000,9999.000,9999.000,9999.000,9999.000,9999.000,9999.000,9999.000
202607301900,   0.099,   0.331,   0.400,  -0.168,   0.331,   0.400,   0.331,   0.500,   0.431
202607301906,   0.104,   0.321,9999.000,9999.000,9999.000,9999.000,9999.000,9999.000,9999.000
202607301912,   0.108,   0.331,9999.000,9999.000,9999.000,9999.000,9999.000,9999.000,9999.000
202607301918,   0.112,   0.331,9999.000,9999.000,9999.000,9999.000,9999.000,9999.000,9999.000
202607301924,   0.116,   0.321,9999.000,9999.000,9999.000,9999.000,9999.000,9999.000,9999.000
202607301930,   0.120,   0.331,9999.000,9999.000,9999.000,9999.000,9999.000,9999.000,9999.000
202607301936,   0.125,   0.321,9999.000,9999.000,9999.000,9999.000,9999.000,9999.000,9999.000
202607301942,   0.129,   0.331,9999.000,9999.000,9999.000,9999.000,9999.000,9999.000,9999.000
202607301948,   0.132,   0.350,9999.000,9999.000,9999.000,9999.000,9999.000,9999.000,9999.000
202607301954,   0.136,   0.350,9999.000,9999.000,9999.000,9999.000,9999.000,9999.000,9999.000
202607302000,   0.140,   0.350,   0.400,  -0.190,   0.350,   0.400,   0.350,   0.400,   0.350
202607302006,   0.144,   0.360,9999.000,9999.000,9999.000,9999.000,9999.000,9999.000,9999.000
202607302012,   0.147,   0.370,9999.000,9999.000,9999.000,9999.000,9999.000,9999.000,9999.000
202607302018,   0.151,   0.360,9999.000,9999.000,9999.000,9999.000,9999.000,9999.000,9999.000
202607302024,   0.154,   0.370,9999.000,9999.000,9999.000,9999.000,9999.000,9999.000,9999.000
202607302030,   0.157,   0.370,9999.000,9999.000,9999.000,9999.000,9999.000,9999.000,9999.000
202607302036,   0.161,   0.380,9999.000,9999.000,9999.000,9999.000,9999.000,9999.000,9999.000
202607302042,   0.164,   0.400,9999.000,9999.000,9999.000,9999.000,9999.000,9999.000,9999.000
202607302048,   0.167,   0.400,9999.000,9999.000,9999.000,9999.000,9999.000,9999.000,9999.000
202607302054,   0.170,   0.409,9999.000,9999.000,9999.000,9999.000,9999.000,9999.000,9999.000
202607302100,   0.172,   0.419,   0.400,  -0.153,   0.419,   0.400,   0.419,   0.400,   0.419
202607302106,   0.175,   0.419,9999.000,9999.000,9999.000,9999.000,9999.000,9999.000,9999.000
202607302112,   0.177,   0.419,9999.000,9999.000,9999.000,9999.000,9999.000,9999.000,9999.000
202607302118,   0.180,   0.429,9999.000,9999.000,9999.000,9999.000,9999.000,9999.000,9999.000
202607302124,   0.182,   0.439,9999.000,9999.000,9999.000,9999.000,9999.000,9999.000,9999.000
202607302130,   0.185,   0.429,9999.000,9999.000,9999.000,9999.000,9999.000,9999.000,9999.000
202607302136,   0.187,   0.439,9999.000,9999.000,9999.000,9999.000,9999.000,9999.000,9999.000
202607302142,   0.190,   0.439,9999.000,9999.000,9999.000,9999.000,9999.000,9999.000,9999.000
202607302148,   0.191,   0.439,9999.000,9999.000,9999.000,9999.000,9999.000,9999.000,9999.000
202607302154,   0.193,   0.449,9999.000,9999.000,9999.000,9999.000,9999.000,9999.000,9999.000
202607302200,   0.194,   0.488,   0.400,  -0.106,   0.488,   0.400,   0.488,   0.400,   0.488
202607302206,   0.196,   0.488,9999.000,9999.000,9999.000,9999.000,9999.000,9999.000,9999.000
202607302212,   0.198,   0.508,9999.000,9999.000,9999.000,9999.000,9999.000,9999.000,9999.000
202607302218,   0.199,   0.488,9999.000,9999.000,9999.000,9999.000,9999.000,9999.000,9999.000
202607302224,   0.200,   0.488,9999.000,9999.000,9999.000,9999.000,9999.000,9999.000,9999.000
202607302230,   0.202,   0.488,9999.000,9999.000,9999.000,9999.000,9999.000,9999.000,9999.000
202607302236,   0.203,   0.469,9999.000,9999.000,9999.000,9999.000,9999.000,9999.000,9999.000
202607302242,   0.204,   0.478,9999.000,9999.000,9999.000,9999.000,9999.000,9999.000,9999.000
202607302248,   0.205,   0.478,9999.000,9999.000,9999.000,9999.000,9999.000,9999.000,9999.000
202607302254,   0.207,   0.488,9999.000,9999.000,9999.000,9999.000,9999.000,9999.000,9999.000
202607302300,   0.208,   0.478,   0.400,  -0.130,   0.478,   0.400,   0.478,   0.500,   0.578
202607302306,   0.209,   0.488,9999.000,9999.000,9999.000,9999.000,9999.000,9999.000,9999.000
202607302312,   0.209,   0.498,9999.000,9999.000,9999.000,9999.000,9999.000,9999.000,9999.000
202607302318,   0.210,   0.498,9999.000,9999.000,9999.000,9999.000,9999.000,9999.000,9999.000
202607302324,   0.211,   0.508,9999.000,9999.000,9999.000,9999.000,9999.000,9999.000,9999.000
202607302330,   0.212,   0.488,9999.000,9999.000,9999.000,9999.000,9999.000,9999.000,9999.000
202607302336,   0.212,   0.498,9999.000,9999.000,9999.000,9999.000,9999.000,9999.000,9999.000
202607302342,   0.213,   0.478,9999.000,9999.000,9999.000,9999.000,9999.000,9999.000,9999.000
202607302348,   0.214,   0.478,9999.000,9999.000,9999.000,9999.000,9999.000,9999.000,9999.000
202607302354,   0.214,   0.488,9999.000,9999.000,9999.000,9999.000,9999.000,9999.000,9999.000
202607310000,   0.215,   0.478,   0.500,  -0.237,   0.478,   0.500,   0.478,   0.500,   0.478
202607310006,   0.215,   0.498,9999.000,9999.000,9999.000,9999.000,9999.000,9999.000,9999.000
202607310012,   0.215,   0.488,9999.000,9999.000,9999.000,9999.000,9999.000,9999.000,9999.000
202607310018,   0.216,   0.498,9999.000,9999.000,9999.000,9999.000,9999.000,9999.000,9999.000
202607310024,   0.216,   0.508,9999.000,9999.000,9999.000,9999.000,9999.000,9999.000,9999.000
202607310030,   0.216,   0.508,9999.000,9999.000,9999.000,9999.000,9999.000,9999.000,9999.000
202607310036,   0.216,   0.518,9999.000,9999.000,9999.000,9999.000,9999.000,9999.000,9999.000
202607310042,   0.217,   0.531,9999.000,9999.000,9999.000,9999.000,9999.000,9999.000,9999.000
202607310048,   0.217,   0.531,9999.000,9999.000,9999.000,9999.000,9999.000,9999.000,9999.000
202607310054,   0.217,   0.518,9999.000,9999.000,9999.000,9999.000,9999.000,9999.000,9999.000
202607310100,   0.217,   0.518,   0.500,  -0.199,   0.518,   0.500,   0.518,   0.500,   0.518
202607310106,   0.216,   0.531,9999.000,9999.000,9999.000,9999.000,9999.000,9999.000,9999.000
202607310112,   0.216,   0.541,9999.000,9999.000,9999.000,9999.000,9999.000,9999.000,9999.000
202607310118,   0.216,   0.518,9999.000,9999.000,9999.000,9999.000,9999.000,9999.000,9999.000
202607310124,   0.216,   0.541,9999.000,9999.000,9999.000,9999.000,9999.000,9999.000,9999.000
202607310130,   0.215,   0.541,9999.000,9999.000,9999.000,9999.000,9999.000,9999.000,9999.000
202607310136,   0.215,   0.541,9999.000,9999.000,9999.000,9999.000,9999.000,9999.000,9999.000
202607310142,   0.214,   0.531,9999.000,9999.000,9999.000,9999.000,9999.000,9999.000,9999.000
202607310148,   0.214,   0.541,9999.000,9999.000,9999.000,9999.000,9999.000,9999.000,9999.000
202607310154,   0.213,   0.531,9999.000,9999.000,9999.000,9999.000,9999.000,9999.000,9999.000
202607310200,   0.212,   0.541,   0.500,  -0.171,   0.541,   0.500,   0.541,   0.500,   0.541
202607310206,   0.212,   0.541,9999.000,9999.000,9999.000,9999.000,9999.000,9999.000,9999.000
202607310212,   0.211,   0.541,9999.000,9999.000,9999.000,9999.000,9999.000,9999.000,9999.000
202607310218,   0.210,   0.541,9999.000,9999.000,9999.000,9999.000,9999.000,9999.000,9999.000
202607310224,   0.209,   0.531,9999.000,9999.000,9999.000,9999.000,9999.000,9999.000,9999.000
202607310230,   0.208,   0.518,9999.000,9999.000,9999.000,9999.000,9999.000,9999.000,9999.000
202607310236,   0.207,   0.518,9999.000,9999.000,9999.000,9999.000,9999.000,9999.000,9999.000
202607310242,   0.206,   0.518,9999.000,9999.000,9999.000,9999.000,9999.000,9999.000,9999.000
202607310248,   0.204,   0.518,9999.000,9999.000,9999.000,9999.000,9999.000,9999.000,9999.000
202607310254,   0.203,   0.508,9999.000,9999.000,9999.000,9999.000,9999.000,9999.000,9999.000
202607310300,   0.202,   0.508,   0.500,  -0.194,   0.508,   0.500,   0.508,   0.500,   0.508
202607310306,   0.200,   0.498,9999.000,9999.000,9999.000,9999.000,9999.000,9999.000,9999.000
202607310312,   0.199,   0.508,9999.000,9999.000,9999.000,9999.000,9999.000,9999.000,9999.000
202607310318,   0.197,   0.488,9999.000,9999.000,9999.000,9999.000,9999.000,9999.000,9999.000
202607310324,   0.196,   0.531,9999.000,9999.000,9999.000,9999.000,9999.000,9999.000,9999.000
202607310330,   0.194,   0.488,9999.000,9999.000,9999.000,9999.000,9999.000,9999.000,9999.000
202607310336,   0.193,   0.541,9999.000,9999.000,9999.000,9999.000,9999.000,9999.000,9999.000
202607310342,   0.191,   0.541,9999.000,9999.000,9999.000,9999.000,9999.000,9999.000,9999.000
202607310348,   0.190,   0.541,9999.000,9999.000,9999.000,9999.000,9999.000,9999.000,9999.000
202607310354,   0.188,   0.551,9999.000,9999.000,9999.000,9999.000,9999.000,9999.000,9999.000
202607310400,   0.186,   0.531,   0.500,  -0.155,   0.531,   0.500,   0.531,   0.500,   0.531
202607310406,   0.184,   0.541,9999.000,9999.000,9999.000,9999.000,9999.000,9999.000,9999.000
202607310412,   0.182,   0.541,9999.000,9999.000,9999.000,9999.000,9999.000,9999.000,9999.000
202607310418,   0.180,   0.551,9999.000,9999.000,9999.000,9999.000,9999.000,9999.000,9999.000
202607310424,   0.179,   0.551,9999.000,9999.000,9999.000,9999.000,9999.000,9999.000,9999.000
202607310430,   0.177,   0.541,9999.000,9999.000,9999.000,9999.000,9999.000,9999.000,9999.000
202607310436,   0.175,   0.531,9999.000,9999.000,9999.000,9999.000,9999.000,9999.000,9999.000
202607310442,   0.173,   0.541,9999.000,9999.000,9999.000,9999.000,9999.000,9999.000,9999.000
202607310448,   0.171,   0.508,9999.000,9999.000,9999.000,9999.000,9999.000,9999.000,9999.000
202607310454,   0.169,   0.488,9999.000,9999.000,9999.000,9999.000,9999.000,9999.000,9999.000
202607310500,   0.167,   0.478,   0.500,  -0.189,   0.478,   0.500,   0.478,   0.500,   0.478
202607310506,   0.165,   0.478,9999.000,9999.000,9999.000,9999.000,9999.000,9999.000,9999.000
202607310512,   0.163,   0.469,9999.000,9999.000,9999.000,9999.000,9999.000,9999.000,9999.000
202607310518,   0.161,   0.459,9999.000,9999.000,9999.000,9999.000,9999.000,9999.000,9999.000
202607310524,   0.159,   0.459,9999.000,9999.000,9999.000,9999.000,9999.000,9999.000,9999.000
202607310530,   0.157,   0.459,9999.000,9999.000,9999.000,9999.000,9999.000,9999.000,9999.000
202607310536,   0.155,   0.449,9999.000,9999.000,9999.000,9999.000,9999.000,9999.000,9999.000
202607310542,   0.153,   0.429,9999.000,9999.000,9999.000,9999.000,9999.000,9999.000,9999.000
202607310548,   0.150,   0.419,9999.000,9999.000,9999.000,9999.000,9999.000,9999.000,9999.000
202607310554,   0.148,   0.409,9999.000,9999.000,9999.000,9999.000,9999.000,9999.000,9999.000
202607310600,   0.146,   0.409,   0.400,  -0.137,   0.409,   0.400,   0.409,   0.500,   0.509
202607310606,   0.144,   0.400,9999.000,9999.000,9999.000,9999.000,9999.000,9999.000,9999.000
202607310612,   0.141,   0.409,9999.000,9999.000,9999.000,9999.000,9999.000,9999.000,9999.000
202607310618,   0.139,   0.400,9999.000,9999.000,9999.000,9999.000,9999.000,9999.000,9999.000
202607310624,   0.137,   0.409,9999.000,9999.000,9999.000,9999.000,9999.000,9999.000,9999.000
202607310630,   0.134,   0.390,9999.000,9999.000,9999.000,9999.000,9999.000,9999.000,9999.000
202607310636,   0.132,   0.400,9999.000,9999.000,9999.000,9999.000,9999.000,9999.000,9999.000
202607310642,   0.129,   0.400,9999.000,9999.000,9999.000,9999.000,9999.000,9999.000,9999.000
202607310648,   0.127,   0.409,9999.000,9999.000,9999.000,9999.000,9999.000,9999.000,9999.000
202607310654,   0.124,   0.400,9999.000,9999.000,9999.000,9999.000,9999.000,9999.000,9999.000
202607310700,   0.121,   0.400,   0.400,  -0.121,   0.400,   0.400,   0.400,   0.500,   0.500
202607310706,   0.119,   0.400,9999.000,9999.000,9999.000,9999.000,9999.000,9999.000,9999.000
202607310712,   0.116,   0.390,9999.000,9999.000,9999.000,9999.000,9999.000,9999.000,9999.000
202607310718,   0.113,   0.380,9999.000,9999.000,9999.000,9999.000,9999.000,9999.000,9999.000
202607310724,   0.110,   0.390,9999.000,9999.000,9999.000,9999.000,9999.000,9999.000,9999.000
202607310730,   0.107,   0.400,9999.000,9999.000,9999.000,9999.000,9999.000,9999.000,9999.000
202607310736,   0.104,   0.409,9999.000,9999.000,9999.000,9999.000,9999.000,9999.000,9999.000
202607310742,   0.100,   0.409,9999.000,9999.000,9999.000,9999.000,9999.000,9999.000,9999.000
202607310748,   0.097,   0.409,9999.000,9999.000,9999.000,9999.000,9999.000,9999.000,9999.000
202607310754,   0.094,   0.400,9999.000,9999.000,9999.000,9999.000,9999.000,9999.000,9999.000
202607310800,   0.090,   0.409,   0.400,  -0.081,   0.409,   0.400,   0.409,   0.500,   0.509
202607310806,   0.087,   0.400,9999.000,9999.000,9999.000,9999.000,9999.000,9999.000,9999.000
202607310812,   0.083,   0.409,9999.000,9999.000,9999.000,9999.000,9999.000,9999.000,9999.000
202607310818,   0.080,   0.400,9999.000,9999.000,9999.000,9999.000,9999.000,9999.000,9999.000
202607310824,   0.076,   0.419,9999.000,9999.000,9999.000,9999.000,9999.000,9999.000,9999.000
202607310830,   0.072,   0.390,9999.000,9999.000,9999.000,9999.000,9999.000,9999.000,9999.000
202607310836,   0.068,   0.419,9999.000,9999.000,9999.000,9999.000,9999.000,9999.000,9999.000
202607310842,   0.064,   0.400,9999.000,9999.000,9999.000,9999.000,9999.000,9999.000,9999.000
202607310848,   0.061,   0.390,9999.000,9999.000,9999.000,9999.000,9999.000,9999.000,9999.000
202607310854,   0.057,   0.380,9999.000,9999.000,9999.000,9999.000,9999.000,9999.000,9999.000
202607310900,   0.053,   0.360,   0.400,  -0.093,   0.360,   0.400,   0.360,   0.500,   0.460
202607310906,   0.049,   0.350,9999.000,9999.000,9999.000,9999.000,9999.000,9999.000,9999.000
202607310912,   0.045,   0.331,9999.000,9999.000,9999.000,9999.000,9999.000,9999.000,9999.000
202607310918,   0.041,   0.331,9999.000,9999.000,9999.000,9999.000,9999.000,9999.000,9999.000
202607310924,   0.037,   0.321,9999.000,9999.000,9999.000,9999.000,9999.000,9999.000,9999.000
202607310930,   0.033,   0.331,9999.000,9999.000,9999.000,9999.000,9999.000,9999.000,9999.000
202607310936,   0.029,   0.321,9999.000,9999.000,9999.000,9999.000,9999.000,9999.000,9999.000
202607310942,   0.025,   0.331,9999.000,9999.000,9999.000,9999.000,9999.000,9999.000,9999.000
202607310948,   0.021,   0.321,9999.000,9999.000,9999.000,9999.000,9999.000,9999.000,9999.000
202607310954,   0.017,   0.308,9999.000,9999.000,9999.000,9999.000,9999.000,9999.000,9999.000
202607311000,   0.013,   0.308,   0.400,  -0.105,   0.308,   0.400,   0.308,   0.500,   0.408
202607311006,   0.009,   0.321,9999.000,9999.000,9999.000,9999.000,9999.000,9999.000,9999.000
202607311012,   0.006,   0.308,9999.000,9999.000,9999.000,9999.000,9999.000,9999.000,9999.000
202607311018,   0.002,   0.331,9999.000,9999.000,9999.000,9999.000,9999.000,9999.000,9999.000
202607311024,  -0.001,   0.308,9999.000,9999.000,9999.000,9999.000,9999.000,9999.000,9999.000
202607311030,  -0.004,   0.308,9999.000,9999.000,9999.000,9999.000,9999.000,9999.000,9999.000
202607311036,  -0.007,   0.308,9999.000,9999.000,9999.000,9999.000,9999.000,9999.000,9999.000
202607311042,  -0.011,   0.298,9999.000,9999.000,9999.000,9999.000,9999.000,9999.000,9999.000
202607311048,  -0.014,   0.288,9999.000,9999.000,9999.000,9999.000,9999.000,9999.000,9999.000
202607311054,  -0.017,   0.278,9999.000,9999.000,9999.000,9999.000,9999.000,9999.000,9999.000
202607311100,  -0.020,   0.278,   0.400,  -0.102,   0.278,   0.400,   0.278,   0.500,   0.378
202607311106,  -0.022,   0.259,9999.000,9999.000,9999.000,9999.000,9999.000,9999.000,9999.000
202607311112,  -0.025,   0.259,9999.000,9999.000,9999.000,9999.000,9999.000,9999.000,9999.000
202607311118,  -0.028,   0.239,9999.000,9999.000,9999.000,9999.000,9999.000,9999.000,9999.000
202607311124,  -0.030,   0.239,9999.000,9999.000,9999.000,9999.000,9999.000,9999.000,9999.000
202607311130,  -0.032,   0.219,9999.000,9999.000,9999.000,9999.000,9999.000,9999.000,9999.000
202607311136,  -0.034,   0.209,9999.000,9999.000,9999.000,9999.000,9999.000,9999.000,9999.000
202607311142,  -0.036,   0.209,9999.000,9999.000,9999.000,9999.000,9999.000,9999.000,9999.000
202607311148,  -0.038,   0.219,9999.000,9999.000,9999.000,9999.000,9999.000,9999.000,9999.000
202607311154,  -0.039,   0.229,9999.000,9999.000,9999.000,9999.000,9999.000,9999.000,9999.000
202607311200,  -0.041,   0.239,   0.400,  -0.120,   0.239,   0.300,   0.139,   0.400,   0.239
202607311206,  -0.042,   0.249,9999.000,9999.000,9999.000,9999.000,9999.000,9999.000,9999.000
202607311212,  -0.043,   0.239,9999.000,9999.000,9999.000,9999.000,9999.000,9999.000,9999.000
202607311218,  -0.044,   0.249,9999.000,9999.000,9999.000,9999.000,9999.000,9999.000,9999.000
202607311224,  -0.045,   0.239,9999.000,9999.000,9999.000,9999.000,9999.000,9999.000,9999.000
202607311230,  -0.045,   0.239,9999.000,9999.000,9999.000,9999.000,9999.000,9999.000,9999.000
202607311236,  -0.046,   0.229,9999.000,9999.000,9999.000,9999.000,9999.000,9999.000,9999.000
202607311242,  -0.046,   0.209,9999.000,9999.000,9999.000,9999.000,9999.000,9999.000,9999.000
202607311248,  -0.046,   0.209,9999.000,9999.000,9999.000,9999.000,9999.000,9999.000,9999.000
202607311254,  -0.046,   0.200,9999.000,9999.000,9999.000,9999.000,9999.000,9999.000,9999.000
202607311300,  -0.046,   0.200,   0.400,  -0.154,   0.200,   0.300,   0.100,   0.400,   0.200
202607311306,  -0.046,   0.200,9999.000,9999.000,9999.000,9999.000,9999.000,9999.000,9999.000
202607311312,  -0.045,   0.200,9999.000,9999.000,9999.000,9999.000,9999.000,9999.000,9999.000
202607311318,  -0.045,   0.200,9999.000,9999.000,9999.000,9999.000,9999.000,9999.000,9999.000
202607311324,  -0.044,   0.200,9999.000,9999.000,9999.000,9999.000,9999.000,9999.000,9999.000
202607311330,  -0.044,   0.190,9999.000,9999.000,9999.000,9999.000,9999.000,9999.000,9999.000
202607311336,  -0.043,   0.180,9999.000,9999.000,9999.000,9999.000,9999.000,9999.000,9999.000
202607311342,  -0.042,   0.170,9999.000,9999.000,9999.000,9999.000,9999.000,9999.000,9999.000
202607311348,  -0.041,   0.160,9999.000,9999.000,9999.000,9999.000,9999.000,9999.000,9999.000
202607311354,  -0.040,   0.150,9999.000,9999.000,9999.000,9999.000,9999.000,9999.000,9999.000
202607311400,  -0.038,   0.150,   0.300,  -0.112,   0.150,   0.300,   0.150,   0.400,   0.250
202607311406,  -0.037,   0.150,9999.000,9999.000,9999.000,9999.000,9999.000,9999.000,9999.000
202607311412,  -0.036,   0.160,9999.000,9999.000,9999.000,9999.000,9999.000,9999.000,9999.000
202607311418,  -0.034,   0.160,9999.000,9999.000,9999.000,9999.000,9999.000,9999.000,9999.000
202607311424,  -0.032,   0.170,9999.000,9999.000,9999.000,9999.000,9999.000,9999.000,9999.000
202607311430,  -0.031,   0.160,9999.000,9999.000,9999.000,9999.000,9999.000,9999.000,9999.000
202607311436,  -0.029,   0.150,9999.000,9999.000,9999.000,9999.000,9999.000,9999.000,9999.000
202607311442,  -0.027,   0.141,9999.000,9999.000,9999.000,9999.000,9999.000,9999.000,9999.000
202607311448,  -0.025,   0.141,9999.000,9999.000,9999.000,9999.000,9999.000,9999.000,9999.000
202607311454,  -0.023,   0.131,9999.000,9999.000,9999.000,9999.000,9999.000,9999.000,9999.000
202607311500,  -0.021,   0.141,   0.300,  -0.138,   0.141,   0.300,   0.141,   0.400,   0.241
202607311506,  -0.019,   0.150,9999.000,9999.000,9999.000,9999.000,9999.000,9999.000,9999.000
202607311512,  -0.017,   0.150,9999.000,9999.000,9999.000,9999.000,9999.000,9999.000,9999.000
202607311518,  -0.015,   0.160,9999.000,9999.000,9999.000,9999.000,9999.000,9999.000,9999.000
202607311524,  -0.013,   0.170,9999.000,9999.000,9999.000,9999.000,9999.000,9999.000,9999.000
202607311530,  -0.010,   0.180,9999.000,9999.000,9999.000,9999.000,9999.000,9999.000,9999.000
202607311536,  -0.008,   0.180,9999.000,9999.000,9999.000,9999.000,9999.000,9999.000,9999.000
202607311542,  -0.006,   0.170,9999.000,9999.000,9999.000,9999.000,9999.000,9999.000,9999.000
202607311548,  -0.003,   0.170,9999.000,9999.000,9999.000,9999.000,9999.000,9999.000,9999.000
202607311554,  -0.001,   0.170,9999.000,9999.000,9999.000,9999.000,9999.000,9999.000,9999.000
202607311600,   0.001,   0.160,   0.300,  -0.141,   0.160,   0.300,   0.160,   0.300,   0.160
202607311606,   0.004,   0.160,9999.000,9999.000,9999.000,9999.000,9999.000,9999.000,9999.000
202607311612,   0.006,   0.160,9999.000,9999.000,9999.000,9999.000,9999.000,9999.000,9999.000
202607311618,   0.009,   0.160,9999.000,9999.000,9999.000,9999.000,9999.000,9999.000,9999.000
202607311624,   0.012,   0.170,9999.000,9999.000,9999.000,9999.000,9999.000,9999.000,9999.000
202607311630,   0.015,   0.160,9999.000,9999.000,9999.000,9999.000,9999.000,9999.000,9999.000
202607311636,   0.018,   0.150,9999.000,9999.000,9999.000,9999.000,9999.000,9999.000,9999.000
202607311642,   0.021,   0.160,9999.000,9999.000,9999.000,9999.000,9999.000,9999.000,9999.000
202607311648,   0.024,   0.150,9999.000,9999.000,9999.000,9999.000,9999.000,9999.000,9999.000
202607311654,   0.027,   0.150,9999.000,9999.000,9999.000,9999.000,9999.000,9999.000,9999.000
202607311700,   0.030,   0.150,   0.300,  -0.180,   0.150,   0.300,   0.150,   0.300,   0.150
202607311706,   0.033,   0.150,9999.000,9999.000,9999.000,9999.000,9999.000,9999.000,9999.000
202607311712,   0.037,   0.141,9999.000,9999.000,9999.000,9999.000,9999.000,9999.000,9999.000
202607311718,   0.040,   0.150,9999.000,9999.000,9999.000,9999.000,9999.000,9999.000,9999.000
202607311724,   0.043,   0.160,9999.000,9999.000,9999.000,9999.000,9999.000,9999.000,9999.000
202607311730,   0.047,   0.170,9999.000,9999.000,9999.000,9999.000,9999.000,9999.000,9999.000
202607311736,   0.050,   0.180,9999.000,9999.000,9999.000,9999.000,9999.000,9999.000,9999.000
202607311742,   0.054,   0.190,9999.000,9999.000,9999.000,9999.000,9999.000,9999.000,9999.000
202607311748,   0.057,   0.200,9999.000,9999.000,9999.000,9999.000,9999.000,9999.000,9999.000
202607311754,   0.061,   0.200,9999.000,9999.000,9999.000,9999.000,9999.000,9999.000,9999.000
202607311800,   0.064,   0.200,   0.400,  -0.264,   0.200,   0.400,   0.200,   0.400,   0.200
202607311806,   0.068,   0.219,9999.000,9999.000,9999.000,9999.000,9999.000,9999.000,9999.000
202607311812,   0.072,   0.209,9999.000,9999.000,9999.000,9999.000,9999.000,9999.000,9999.000
202607311818,   0.075,   0.219,9999.000,9999.000,9999.000,9999.000,9999.000,9999.000,9999.000
202607311824,   0.079,   0.209,9999.000,9999.000,9999.000,9999.000,9999.000,9999.000,9999.000
202607311830,   0.082,   0.219,9999.000,9999.000,9999.000,9999.000,9999.000,9999.000,9999.000
202607311836,   0.086,   0.219,9999.000,9999.000,9999.000,9999.000,9999.000,9999.000,9999.000
202607311842,   0.090,   0.239,9999.000,9999.000,9999.000,9999.000,9999.000,9999.000,9999.000
202607311848,   0.093,   0.259,9999.000,9999.000,9999.000,9999.000,9999.000,9999.000,9999.000
202607311854,   0.097,   0.278,9999.000,9999.000,9999.000,9999.000,9999.000,9999.000,9999.000
202607311900,   0.101,   0.268,   0.400,  -0.233,   0.268,   0.400,   0.268,   0.400,   0.268
202607311906,   0.104,   0.288,9999.000,9999.000,9999.000,9999.000,9999.000,9999.000,9999.000
202607311912,   0.108,   0.298,9999.000,9999.000,9999.000,9999.000,9999.000,9999.000,9999.000
202607311918,   0.111,   0.308,9999.000,9999.000,9999.000,9999.000,9999.000,9999.000,9999.000
202607311924,   0.114,   0.321,9999.000,9999.000,9999.000,9999.000,9999.000,9999.000,9999.000
202607311930,   0.118,   0.321,9999.000,9999.000,9999.000,9999.000,9999.000,9999.000,9999.000
202607311936,   0.121,   0.341,9999.000,9999.000,9999.000,9999.000,9999.000,9999.000,9999.000
202607311942,   0.124,   0.341,9999.000,9999.000,9999.000,9999.000,9999.000,9999.000,9999.000
202607311948,   0.128,   0.350,9999.000,9999.000,9999.000,9999.000,9999.000,9999.000,9999.000
202607311954,   0.131,   0.360,9999.000,9999.000,9999.000,9999.000,9999.000,9999.000,9999.000
202607312000,   0.134,   0.370,   0.400,  -0.164,   0.370,   0.400,   0.370,   0.400,   0.370
202607312006,   0.137,   0.370,9999.000,9999.000,9999.000,9999.000,9999.000,9999.000,9999.000
202607312012,   0.140,   0.370,9999.000,9999.000,9999.000,9999.000,9999.000,9999.000,9999.000
202607312018,   0.143,   0.370,9999.000,9999.000,9999.000,9999.000,9999.000,9999.000,9999.000
202607312024,   0.145,   0.370,9999.000,9999.000,9999.000,9999.000,9999.000,9999.000,9999.000
202607312030,   0.148,   0.370,9999.000,9999.000,9999.000,9999.000,9999.000,9999.000,9999.000
202607312036,   0.151,   0.360,9999.000,9999.000,9999.000,9999.000,9999.000,9999.000,9999.000
202607312042,   0.153,   0.350,9999.000,9999.000,9999.000,9999.000,9999.000,9999.000,9999.000
202607312048,   0.156,   0.341,9999.000,9999.000,9999.000,9999.000,9999.000,9999.000,9999.000
202607312054,   0.158,   0.350,9999.000,9999.000,9999.000,9999.000,9999.000,9999.000,9999.000
202607312100,   0.160,   0.350,   0.400,  -0.210,   0.350,   0.400,   0.350,   0.400,   0.350
202607312106,   0.162,   0.360,9999.000,9999.000,9999.000,9999.000,9999.000,9999.000,9999.000
202607312112,   0.164,   0.370,9999.000,9999.000,9999.000,9999.000,9999.000,9999.000,9999.000
202607312118,   0.167,   0.370,9999.000,9999.000,9999.000,9999.000,9999.000,9999.000,9999.000
202607312124,   0.168,   0.360,9999.000,9999.000,9999.000,9999.000,9999.000,9999.000,9999.000
202607312130,   0.170,   0.360,9999.000,9999.000,9999.000,9999.000,9999.000,9999.000,9999.000
202607312136,   0.172,   0.360,9999.000,9999.000,9999.000,9999.000,9999.000,9999.000,9999.000
202607312142,   0.174,   0.360,9999.000,9999.000,9999.000,9999.000,9999.000,9999.000,9999.000
202607312148,   0.176,   0.360,9999.000,9999.000,9999.000,9999.000,9999.000,9999.000,9999.000
202607312154,   0.177,   0.360,9999.000,9999.000,9999.000,9999.000,9999.000,9999.000,9999.000
202607312200,   0.179,   0.370,   0.400,  -0.209,   0.370,   0.400,   0.370,   0.400,   0.370
202607312206,   0.180,   0.370,9999.000,9999.000,9999.000,9999.000,9999.000,9999.000,9999.000
202607312212,   0.182,   0.370,9999.000,9999.000,9999.000,9999.000,9999.000,9999.000,9999.000
202607312218,   0.183,   0.370,9999.000,9999.000,9999.000,9999.000,9999.000,9999.000,9999.000
202607312224,   0.184,   0.370,9999.000,9999.000,9999.000,9999.000,9999.000,9999.000,9999.000
202607312230,   0.186,   0.360,9999.000,9999.000,9999.000,9999.000,9999.000,9999.000,9999.000
202607312236,   0.187,   0.380,9999.000,9999.000,9999.000,9999.000,9999.000,9999.000,9999.000
202607312242,   0.188,   0.370,9999.000,9999.000,9999.000,9999.000,9999.000,9999.000,9999.000
202607312248,   0.190,   0.380,9999.000,9999.000,9999.000,9999.000,9999.000,9999.000,9999.000
202607312254,   0.190,   0.370,9999.000,9999.000,9999.000,9999.000,9999.000,9999.000,9999.000
202607312300,   0.191,   0.360,   0.400,  -0.231,   0.360,   0.400,   0.360,   0.400,   0.360
202607312306,   0.192,   0.370,9999.000,9999.000,9999.000,9999.000,9999.000,9999.000,9999.000
202607312312,   0.193,   0.360,9999.000,9999.000,9999.000,9999.000,9999.000,9999.000,9999.000
202607312318,   0.194,   0.360,9999.000,9999.000,9999.000,9999.000,9999.000,9999.000,9999.000
202607312324,   0.195,   0.416,9999.000,9999.000,9999.000,9999.000,9999.000,9999.000,9999.000
202607312330,   0.196,9999.000,9999.000,9999.000,9999.000,9999.000,9999.000,9999.000,9999.000
202607312336,   0.197,9999.000,9999.000,9999.000,9999.000,9999.000,9999.000,9999.000,9999.000
202607312342,   0.198,9999.000,9999.000,9999.000,9999.000,9999.000,9999.000,9999.000,9999.000
202607312348,   0.199,9999.000,9999.000,9999.000,9999.000,9999.000,9999.000,9999.000,9999.000
202607312354,   0.200,   0.409,9999.000,9999.000,9999.000,9999.000,9999.000,9999.000,9999.000
202608010000,   0.200,   0.419,   0.500,  -0.281,   0.419,   0.500,   0.419,   0.500,   0.419
202608010006,   0.201,   0.439,9999.000,9999.000,9999.000,9999.000,9999.000,9999.000,9999.000
202608010012,   0.202,   0.439,9999.000,9999.000,9999.000,9999.000,9999.000,9999.000,9999.000
202608010018,   0.202,   0.459,9999.000,9999.000,9999.000,9999.000,9999.000,9999.000,9999.000
202608010024,   0.203,   0.449,9999.000,9999.000,9999.000,9999.000,9999.000,9999.000,9999.000
202608010030,   0.204,   0.459,9999.000,9999.000,9999.000,9999.000,9999.000,9999.000,9999.000
202608010036,   0.204,   0.459,9999.000,9999.000,9999.000,9999.000,9999.000,9999.000,9999.000
202608010042,   0.205,   0.459,9999.000,9999.000,9999.000,9999.000,9999.000,9999.000,9999.000
202608010048,   0.205,   0.469,9999.000,9999.000,9999.000,9999.000,9999.000,9999.000,9999.000
202608010054,   0.205,   0.459,9999.000,9999.000,9999.000,9999.000,9999.000,9999.000,9999.000
202608010100,   0.206,   0.478,   0.500,  -0.228,   0.478,   0.500,   0.478,   0.500,   0.478
202608010106,   0.206,   0.488,9999.000,9999.000,9999.000,9999.000,9999.000,9999.000,9999.000
202608010112,   0.206,   0.469,9999.000,9999.000,9999.000,9999.000,9999.000,9999.000,9999.000
202608010118,   0.207,   0.478,9999.000,9999.000,9999.000,9999.000,9999.000,9999.000,9999.000
202608010124,   0.207,   0.488,9999.000,9999.000,9999.000,9999.000,9999.000,9999.000,9999.000
202608010130,   0.207,   0.488,9999.000,9999.000,9999.000,9999.000,9999.000,9999.000,9999.000
202608010136,   0.207,   0.478,9999.000,9999.000,9999.000,9999.000,9999.000,9999.000,9999.000
202608010142,   0.207,   0.469,9999.000,9999.000,9999.000,9999.000,9999.000,9999.000,9999.000
202608010148,   0.207,   0.449,9999.000,9999.000,9999.000,9999.000,9999.000,9999.000,9999.000
202608010154,   0.207,   0.439,9999.000,9999.000,9999.000,9999.000,9999.000,9999.000,9999.000
202608010200,   0.206,   0.419,   0.500,  -0.287,   0.419,   0.500,   0.419,   0.500,   0.419
202608010206,   0.206,   0.400,9999.000,9999.000,9999.000,9999.000,9999.000,9999.000,9999.000
202608010212,   0.206,   0.409,9999.000,9999.000,9999.000,9999.000,9999.000,9999.000,9999.000
202608010218,   0.205,   0.400,9999.000,9999.000,9999.000,9999.000,9999.000,9999.000,9999.000
202608010224,   0.205,   0.409,9999.000,9999.000,9999.000,9999.000,9999.000,9999.000,9999.000
202608010230,   0.204,   0.409,9999.000,9999.000,9999.000,9999.000,9999.000,9999.000,9999.000
202608010236,   0.204,   0.419,9999.000,9999.000,9999.000,9999.000,9999.000,9999.000,9999.000
202608010242,   0.203,   0.400,9999.000,9999.000,9999.000,9999.000,9999.000,9999.000,9999.000
202608010248,   0.203,   0.380,9999.000,9999.000,9999.000,9999.000,9999.000,9999.000,9999.000
202608010254,   0.202,   0.370,9999.000,9999.000,9999.000,9999.000,9999.000,9999.000,9999.000
202608010300,   0.201,   0.360,   0.500,  -0.341,   0.360,   0.500,   0.360,   0.500,   0.360
202608010306,   0.200,   0.341,9999.000,9999.000,9999.000,9999.000,9999.000,9999.000,9999.000
202608010312,   0.199,   0.331,9999.000,9999.000,9999.000,9999.000,9999.000,9999.000,9999.000
202608010318,   0.198,   0.331,9999.000,9999.000,9999.000,9999.000,9999.000,9999.000,9999.000
202608010324,   0.197,   0.341,9999.000,9999.000,9999.000,9999.000,9999.000,9999.000,9999.000
202608010330,   0.196,   0.341,9999.000,9999.000,9999.000,9999.000,9999.000,9999.000,9999.000
202608010336,   0.195,   0.350,9999.000,9999.000,9999.000,9999.000,9999.000,9999.000,9999.000
202608010342,   0.194,   0.350,9999.000,9999.000,9999.000,9999.000,9999.000,9999.000,9999.000
202608010348,   0.193,   0.350,9999.000,9999.000,9999.000,9999.000,9999.000,9999.000,9999.000
202608010354,   0.192,   0.360,9999.000,9999.000,9999.000,9999.000,9999.000,9999.000,9999.000
202608010400,   0.191,   0.350,   0.500,  -0.341,   0.350,   0.500,   0.350,   0.500,   0.350
202608010406,   0.190,   0.350,9999.000,9999.000,9999.000,9999.000,9999.000,9999.000,9999.000
202608010412,   0.188,   0.360,9999.000,9999.000,9999.000,9999.000,9999.000,9999.000,9999.000
202608010418,   0.187,   0.360,9999.000,9999.000,9999.000,9999.000,9999.000,9999.000,9999.000
202608010424,   0.186,   0.360,9999.000,9999.000,9999.000,9999.000,9999.000,9999.000,9999.000
202608010430,   0.184,   0.350,9999.000,9999.000,9999.000,9999.000,9999.000,9999.000,9999.000
202608010436,   0.183,   0.360,9999.000,9999.000,9999.000,9999.000,9999.000,9999.000,9999.000
202608010442,   0.182,   0.370,9999.000,9999.000,9999.000,9999.000,9999.000,9999.000,9999.000
202608010448,   0.180,   0.370,9999.000,9999.000,9999.000,9999.000,9999.000,9999.000,9999.000
202608010454,   0.179,   0.380,9999.000,9999.000,9999.000,9999.000,9999.000,9999.000,9999.000
202608010500,   0.178,   0.380,   0.500,  -0.298,   0.380,   0.500,   0.380,   0.500,   0.380
202608010506,   0.176,   0.370,9999.000,9999.000,9999.000,9999.000,9999.000,9999.000,9999.000
202608010512,   0.175,   0.360,9999.000,9999.000,9999.000,9999.000,9999.000,9999.000,9999.000
202608010518,   0.174,   0.350,9999.000,9999.000,9999.000,9999.000,9999.000,9999.000,9999.000
202608010524,   0.172,   0.360,9999.000,9999.000,9999.000,9999.000,9999.000,9999.000,9999.000
202608010530,   0.171,   0.341,9999.000,9999.000,9999.000,9999.000,9999.000,9999.000,9999.000
202608010536,   0.169,   0.341,9999.000,9999.000,9999.000,9999.000,9999.000,9999.000,9999.000
202608010542,   0.168,   0.341,9999.000,9999.000,9999.000,9999.000,9999.000,9999.000,9999.000
202608010548,   0.166,   0.350,9999.000,9999.000,9999.000,9999.000,9999.000,9999.000,9999.000
202608010554,   0.165,   0.360,9999.000,9999.000,9999.000,9999.000,9999.000,9999.000,9999.000
202608010600,   0.163,   0.360,   0.400,  -0.203,   0.360,   0.400,   0.360,   0.500,   0.460
202608010606,   0.162,   0.360,9999.000,9999.000,9999.000,9999.000,9999.000,9999.000,9999.000
202608010612,   0.160,   0.360,9999.000,9999.000,9999.000,9999.000,9999.000,9999.000,9999.000
202608010618,   0.158,   0.360,9999.000,9999.000,9999.000,9999.000,9999.000,9999.000,9999.000
202608010624,   0.157,   0.350,9999.000,9999.000,9999.000,9999.000,9999.000,9999.000,9999.000
202608010630,   0.155,   0.341,9999.000,9999.000,9999.000,9999.000,9999.000,9999.000,9999.000
202608010636,   0.153,   0.321,9999.000,9999.000,9999.000,9999.000,9999.000,9999.000,9999.000
202608010642,   0.151,   0.321,9999.000,9999.000,9999.000,9999.000,9999.000,9999.000,9999.000
202608010648,   0.149,   0.298,9999.000,9999.000,9999.000,9999.000,9999.000,9999.000,9999.000
202608010654,   0.147,   0.298,9999.000,9999.000,9999.000,9999.000,9999.000,9999.000,9999.000
202608010700,   0.145,   0.298,   0.400,  -0.247,   0.298,   0.400,   0.298,   0.500,   0.398
202608010706,   0.143,   0.298,9999.000,9999.000,9999.000,9999.000,9999.000,9999.000,9999.000
202608010712,   0.141,   0.288,9999.000,9999.000,9999.000,9999.000,9999.000,9999.000,9999.000
202608010718,   0.139,   0.288,9999.000,9999.000,9999.000,9999.000,9999.000,9999.000,9999.000
202608010724,   0.136,   0.278,9999.000,9999.000,9999.000,9999.000,9999.000,9999.000,9999.000
202608010730,   0.134,   0.268,9999.000,9999.000,9999.000,9999.000,9999.000,9999.000,9999.000
202608010736,   0.131,   0.268,9999.000,9999.000,9999.000,9999.000,9999.000,9999.000,9999.000
202608010742,   0.129,   0.268,9999.000,9999.000,9999.000,9999.000,9999.000,9999.000,9999.000
202608010748,   0.126,   0.268,9999.000,9999.000,9999.000,9999.000,9999.000,9999.000,9999.000
202608010754,   0.123,   0.259,9999.000,9999.000,9999.000,9999.000,9999.000,9999.000,9999.000
202608010800,   0.120,   0.259,   0.400,  -0.261,   0.259,   0.400,   0.259,   0.500,   0.359
202608010806,   0.118,   0.249,9999.000,9999.000,9999.000,9999.000,9999.000,9999.000,9999.000
202608010812,   0.115,   0.239,9999.000,9999.000,9999.000,9999.000,9999.000,9999.000,9999.000
202608010818,   0.112,   0.239,9999.000,9999.000,9999.000,9999.000,9999.000,9999.000,9999.000
202608010824,   0.108,   0.229,9999.000,9999.000,9999.000,9999.000,9999.000,9999.000,9999.000
202608010830,   0.105,   0.209,9999.000,9999.000,9999.000,9999.000,9999.000,9999.000,9999.000
202608010836,   0.102,   0.200,9999.000,9999.000,9999.000,9999.000,9999.000,9999.000,9999.000
202608010842,   0.099,   0.209,9999.000,9999.000,9999.000,9999.000,9999.000,9999.000,9999.000
202608010848,   0.095,   0.209,9999.000,9999.000,9999.000,9999.000,9999.000,9999.000,9999.000
202608010854,   0.092,   0.200,9999.000,9999.000,9999.000,9999.000,9999.000,9999.000,9999.000
202608010900,   0.088,   0.200,   0.400,  -0.288,   0.200,   0.400,   0.200,   0.500,   0.300
202608010906,   0.085,   0.200,9999.000,9999.000,9999.000,9999.000,9999.000,9999.000,9999.000
202608010912,   0.081,   0.209,9999.000,9999.000,9999.000,9999.000,9999.000,9999.000,9999.000
202608010918,   0.078,   0.209,9999.000,9999.000,9999.000,9999.000,9999.000,9999.000,9999.000
202608010924,   0.074,   0.229,9999.000,9999.000,9999.000,9999.000,9999.000,9999.000,9999.000
202608010930,   0.071,   0.219,9999.000,9999.000,9999.000,9999.000,9999.000,9999.000,9999.000
202608010936,   0.067,   0.219,9999.000,9999.000,9999.000,9999.000,9999.000,9999.000,9999.000
202608010942,   0.064,   0.209,9999.000,9999.000,9999.000,9999.000,9999.000,9999.000,9999.000
202608010948,   0.060,   0.209,9999.000,9999.000,9999.000,9999.000,9999.000,9999.000,9999.000
202608010954,   0.056,   0.219,9999.000,9999.000,9999.000,9999.000,9999.000,9999.000,9999.000
202608011000,   0.053,   0.219,   0.400,  -0.234,   0.219,   0.400,   0.219,   0.400,   0.219
202608011006,   0.049,   0.209,9999.000,9999.000,9999.000,9999.000,9999.000,9999.000,9999.000
202608011012,   0.046,   0.229,9999.000,9999.000,9999.000,9999.000,9999.000,9999.000,9999.000
202608011018,   0.043,   0.229,9999.000,9999.000,9999.000,9999.000,9999.000,9999.000,9999.000
202608011024,   0.039,   0.229,9999.000,9999.000,9999.000,9999.000,9999.000,9999.000,9999.000
202608011030,   0.036,   0.229,9999.000,9999.000,9999.000,9999.000,9999.000,9999.000,9999.000
202608011036,   0.033,   0.229,9999.000,9999.000,9999.000,9999.000,9999.000,9999.000,9999.000
202608011042,   0.030,   0.229,9999.000,9999.000,9999.000,9999.000,9999.000,9999.000,9999.000
202608011048,   0.027,   0.229,9999.000,9999.000,9999.000,9999.000,9999.000,9999.000,9999.000
202608011054,   0.024,   0.209,9999.000,9999.000,9999.000,9999.000,9999.000,9999.000,9999.000
202608011100,   0.022,   0.200,   0.400,  -0.222,   0.200,   0.400,   0.200,   0.400,   0.200
202608011106,   0.019,   0.200,9999.000,9999.000,9999.000,9999.000,9999.000,9999.000,9999.000
202608011112,   0.017,   0.190,9999.000,9999.000,9999.000,9999.000,9999.000,9999.000,9999.000
202608011118,   0.014,   0.190,9999.000,9999.000,9999.000,9999.000,9999.000,9999.000,9999.000
202608011124,   0.012,   0.160,9999.000,9999.000,9999.000,9999.000,9999.000,9999.000,9999.000
202608011130,   0.010,9999.000,9999.000,9999.000,9999.000,9999.000,9999.000,9999.000,9999.000
202608011136,   0.008,9999.000,9999.000,9999.000,9999.000,9999.000,9999.000,9999.000,9999.000
202608011142,   0.006,9999.000,9999.000,9999.000,9999.000,9999.000,9999.000,9999.000,9999.000
202608011148,   0.005,   0.180,9999.000,9999.000,9999.000,9999.000,9999.000,9999.000,9999.000
202608011154,   0.003,   0.170,9999.000,9999.000,9999.000,9999.000,9999.000,9999.000,9999.000
202608011200,   0.002,   0.160,   0.300,  -0.142,   0.160,   0.300,   0.160,   0.300,   0.160
202608011206,   0.001,   0.150,9999.000,9999.000,9999.000,9999.000,9999.000,9999.000,9999.000
202608011212,   0.000,   0.160,9999.000,9999.000,9999.000,9999.000,9999.000,9999.000,9999.000
202608011218,   0.000,   0.150,9999.000,9999.000,9999.000,9999.000,9999.000,9999.000,9999.000
202608011224,  -0.001,   0.150,9999.000,9999.000,9999.000,9999.000,9999.000,9999.000,9999.000
202608011230,  -0.002,   0.141,9999.000,9999.000,9999.000,9999.000,9999.000,9999.000,9999.000
202608011236,  -0.002,   0.131,9999.000,9999.000,9999.000,9999.000,9999.000,9999.000,9999.000
202608011242,  -0.003,   0.131,9999.000,9999.000,9999.000,9999.000,9999.000,9999.000,9999.000
202608011248,  -0.003,   0.121,9999.000,9999.000,9999.000,9999.000,9999.000,9999.000,9999.000
202608011254,  -0.003,   0.131,9999.000,9999.000,9999.000,9999.000,9999.000,9999.000,9999.000
202608011300,  -0.003,   0.121,   0.300,  -0.176,   0.121,   0.300,   0.121,   0.300,   0.121
202608011306,  -0.003,   0.131,9999.000,9999.000,9999.000,9999.000,9999.000,9999.000,9999.000
202608011312,  -0.003,   0.131,9999.000,9999.000,9999.000,9999.000,9999.000,9999.000,9999.000
202608011318,  -0.002,   0.141,9999.000,9999.000,9999.000,9999.000,9999.000,9999.000,9999.000
202608011324,  -0.002,   0.131,9999.000,9999.000,9999.000,9999.000,9999.000,9999.000,9999.000
202608011330,  -0.001,   0.131,9999.000,9999.000,9999.000,9999.000,9999.000,9999.000,9999.000
202608011336,   0.000,   0.150,9999.000,9999.000,9999.000,9999.000,9999.000,9999.000,9999.000
202608011342,   0.000,   0.131,9999.000,9999.000,9999.000,9999.000,9999.000,9999.000,9999.000
202608011348,   0.000,   0.150,9999.000,9999.000,9999.000,9999.000,9999.000,9999.000,9999.000
202608011354,   0.001,   0.160,9999.000,9999.000,9999.000,9999.000,9999.000,9999.000,9999.000
202608011400,   0.002,   0.160,   0.300,  -0.142,   0.160,   0.300,   0.160,   0.300,   0.160
202608011406,   0.003,   0.180,9999.000,9999.000,9999.000,9999.000,9999.000,9999.000,9999.000
202608011412,   0.005,   0.170,9999.000,9999.000,9999.000,9999.000,9999.000,9999.000,9999.000
202608011418,   0.006,   0.180,9999.000,9999.000,9999.000,9999.000,9999.000,9999.000,9999.000
202608011424,   0.007,   0.190,9999.000,9999.000,9999.000,9999.000,9999.000,9999.000,9999.000
202608011430,   0.009,   0.180,9999.000,9999.000,9999.000,9999.000,9999.000,9999.000,9999.000
202608011436,   0.010,   0.190,9999.000,9999.000,9999.000,9999.000,9999.000,9999.000,9999.000
202608011442,   0.012,   0.200,9999.000,9999.000,9999.000,9999.000,9999.000,9999.000,9999.000
202608011448,   0.013,   0.200,9999.000,9999.000,9999.000,9999.000,9999.000,9999.000,9999.000
202608011454,   0.015,   0.209,9999.000,9999.000,9999.000,9999.000,9999.000,9999.000,9999.000
202608011500,   0.017,   0.200,   0.300,  -0.117,   0.200,   0.300,   0.200,   0.300,   0.200
202608011506,   0.019,   0.180,9999.000,9999.000,9999.000,9999.000,9999.000,9999.000,9999.000
202608011512,   0.020,   0.170,9999.000,9999.000,9999.000,9999.000,9999.000,9999.000,9999.000
202608011518,   0.022,   0.150,9999.000,9999.000,9999.000,9999.000,9999.000,9999.000,9999.000
202608011524,   0.024,   0.141,9999.000,9999.000,9999.000,9999.000,9999.000,9999.000,9999.000
202608011530,   0.026,   0.131,9999.000,9999.000,9999.000,9999.000,9999.000,9999.000,9999.000
202608011536,   0.028,   0.121,9999.000,9999.000,9999.000,9999.000,9999.000,9999.000,9999.000
202608011542,   0.030,   0.150,9999.000,9999.000,9999.000,9999.000,9999.000,9999.000,9999.000
202608011548,   0.032,   0.131,9999.000,9999.000,9999.000,9999.000,9999.000,9999.000,9999.000
202608011554,   0.034,   0.150,9999.000,9999.000,9999.000,9999.000,9999.000,9999.000,9999.000
202608011600,   0.036,   0.141,   0.300,  -0.195,   0.141,   0.300,   0.141,   0.300,   0.141
202608011606,   0.039,   0.121,9999.000,9999.000,9999.000,9999.000,9999.000,9999.000,9999.000
202608011612,   0.041,   0.131,9999.000,9999.000,9999.000,9999.000,9999.000,9999.000,9999.000
202608011618,   0.043,   0.111,9999.000,9999.000,9999.000,9999.000,9999.000,9999.000,9999.000
202608011624,   0.045,   0.098,9999.000,9999.000,9999.000,9999.000,9999.000,9999.000,9999.000
202608011630,   0.048,   0.059,9999.000,9999.000,9999.000,9999.000,9999.000,9999.000,9999.000
202608011636,   0.050,   0.088,9999.000,9999.000,9999.000,9999.000,9999.000,9999.000,9999.000
202608011642,   0.053,   0.039,9999.000,9999.000,9999.000,9999.000,9999.000,9999.000,9999.000
202608011648,   0.055,   0.059,9999.000,9999.000,9999.000,9999.000,9999.000,9999.000,9999.000
202608011654,   0.057,   0.059,9999.000,9999.000,9999.000,9999.000,9999.000,9999.000,9999.000
202608011700,   0.060,   0.068,   0.300,  -0.292,   0.068,   0.300,   0.068,   0.300,   0.068
202608011706,   0.063,   0.059,9999.000,9999.000,9999.000,9999.000,9999.000,9999.000,9999.000
202608011712,   0.065,   0.068,9999.000,9999.000,9999.000,9999.000,9999.000,9999.000,9999.000
202608011718,   0.068,   0.098,9999.000,9999.000,9999.000,9999.000,9999.000,9999.000,9999.000
202608011724,   0.070,   0.078,9999.000,9999.000,9999.000,9999.000,9999.000,9999.000,9999.000
202608011730,   0.073,   0.078,9999.000,9999.000,9999.000,9999.000,9999.000,9999.000,9999.000
202608011736,   0.076,   0.019,9999.000,9999.000,9999.000,9999.000,9999.000,9999.000,9999.000
202608011742,   0.078,   0.049,9999.000,9999.000,9999.000,9999.000,9999.000,9999.000,9999.000
202608011748,   0.081,   0.009,9999.000,9999.000,9999.000,9999.000,9999.000,9999.000,9999.000
202608011754,   0.084,   0.000,9999.000,9999.000,9999.000,9999.000,9999.000,9999.000,9999.000
202608011800,   0.087,   0.009,   0.300,  -0.378,   0.009,   0.300,   0.009,   0.300,   0.009
202608011806,   0.089,   0.029,9999.000,9999.000,9999.000,9999.000,9999.000,9999.000,9999.000
202608011812,   0.092,   0.039,9999.000,9999.000,9999.000,9999.000,9999.000,9999.000,9999.000
202608011818,   0.095,   0.059,9999.000,9999.000,9999.000,9999.000,9999.000,9999.000,9999.000
202608011824,   0.097,   0.068,9999.000,9999.000,9999.000,9999.000,9999.000,9999.000,9999.000
202608011830,   0.100,   0.088,9999.000,9999.000,9999.000,9999.000,9999.000,9999.000,9999.000
202608011836,   0.103,   0.088,9999.000,9999.000,9999.000,9999.000,9999.000,9999.000,9999.000
202608011842,   0.106,   0.131,9999.000,9999.000,9999.000,9999.000,9999.000,9999.000,9999.000
202608011848,   0.108,   0.111,9999.000,9999.000,9999.000,9999.000,9999.000,9999.000,9999.000
202608011854,   0.111,   0.141,9999.000,9999.000,9999.000,9999.000,9999.000,9999.000,9999.000
202608011900,   0.113,   0.141,   0.300,  -0.272,   0.141,   0.300,   0.141,   0.300,   0.141
202608011906,   0.116,   0.150,9999.000,9999.000,9999.000,9999.000,9999.000,9999.000,9999.000
202608011912,   0.119,   0.150,9999.000,9999.000,9999.000,9999.000,9999.000,9999.000,9999.000
202608011918,   0.121,   0.160,9999.000,9999.000,9999.000,9999.000,9999.000,9999.000,9999.000
202608011924,   0.123,   0.170,9999.000,9999.000,9999.000,9999.000,9999.000,9999.000,9999.000
202608011930,   0.126,   0.180,9999.000,9999.000,9999.000,9999.000,9999.000,9999.000,9999.000
202608011936,   0.128,   0.190,9999.000,9999.000,9999.000,9999.000,9999.000,9999.000,9999.000
202608011942,   0.130,   0.209,9999.000,9999.000,9999.000,9999.000,9999.000,9999.000,9999.000
202608011948,   0.133,   0.209,9999.000,9999.000,9999.000,9999.000,9999.000,9999.000,9999.000
202608011954,   0.135,   0.229,9999.000,9999.000,9999.000,9999.000,9999.000,9999.000,9999.000
202608012000,   0.137,   0.219,   0.300,  -0.218,   0.219,   0.300,   0.219,   0.300,   0.219
202608012006,   0.139,   0.229,9999.000,9999.000,9999.000,9999.000,9999.000,9999.000,9999.000
202608012012,   0.141,   0.200,9999.000,9999.000,9999.000,9999.000,9999.000,9999.000,9999.000
202608012018,   0.143,   0.200,9999.000,9999.000,9999.000,9999.000,9999.000,9999.000,9999.000
202608012024,   0.144,   0.190,9999.000,9999.000,9999.000,9999.000,9999.000,9999.000,9999.000
202608012030,   0.146,   0.200,9999.000,9999.000,9999.000,9999.000,9999.000,9999.000,9999.000
202608012036,   0.148,   0.200,9999.000,9999.000,9999.000,9999.000,9999.000,9999.000,9999.000
202608012042,   0.149,   0.200,9999.000,9999.000,9999.000,9999.000,9999.000,9999.000,9999.000
202608012048,   0.151,   0.209,9999.000,9999.000,9999.000,9999.000,9999.000,9999.000,9999.000
202608012054,   0.152,   0.190,9999.000,9999.000,9999.000,9999.000,9999.000,9999.000,9999.000
202608012100,   0.154,   0.190,   0.300,  -0.264,   0.190,   0.300,   0.190,   0.300,   0.190
202608012106,   0.155,   0.190,9999.000,9999.000,9999.000,9999.000,9999.000,9999.000,9999.000
202608012112,   0.156,   0.190,9999.000,9999.000,9999.000,9999.000,9999.000,9999.000,9999.000
202608012118,   0.158,   0.170,9999.000,9999.000,9999.000,9999.000,9999.000,9999.000,9999.000
202608012124,   0.159,   0.150,9999.000,9999.000,9999.000,9999.000,9999.000,9999.000,9999.000
202608012130,   0.160,   0.141,9999.000,9999.000,9999.000,9999.000,9999.000,9999.000,9999.000
202608012136,   0.161,   0.141,9999.000,9999.000,9999.000,9999.000,9999.000,9999.000,9999.000
202608012142,   0.162,   0.141,9999.000,9999.000,9999.000,9999.000,9999.000,9999.000,9999.000
202608012148,   0.163,   0.121,9999.000,9999.000,9999.000,9999.000,9999.000,9999.000,9999.000
202608012154,   0.164,   0.121,9999.000,9999.000,9999.000,9999.000,9999.000,9999.000,9999.000
202608012200,   0.165,   0.141,   0.300,  -0.324,   0.141,   0.300,   0.141,   0.300,   0.141
202608012206,   0.166,   0.141,9999.000,9999.000,9999.000,9999.000,9999.000,9999.000,9999.000
202608012212,   0.167,   0.150,9999.000,9999.000,9999.000,9999.000,9999.000,9999.000,9999.000
202608012218,   0.168,   0.150,9999.000,9999.000,9999.000,9999.000,9999.000,9999.000,9999.000
202608012224,   0.169,   0.160,9999.000,9999.000,9999.000,9999.000,9999.000,9999.000,9999.000
202608012230,   0.169,   0.150,9999.000,9999.000,9999.000,9999.000,9999.000,9999.000,9999.000
202608012236,   0.170,   0.160,9999.000,9999.000,9999.000,9999.000,9999.000,9999.000,9999.000
202608012242,   0.171,   0.160,9999.000,9999.000,9999.000,9999.000,9999.000,9999.000,9999.000
202608012248,   0.172,   0.170,9999.000,9999.000,9999.000,9999.000,9999.000,9999.000,9999.000
202608012254,   0.173,   0.150,9999.000,9999.000,9999.000,9999.000,9999.000,9999.000,9999.000
202608012300,   0.173,   0.160,   0.300,  -0.313,   0.160,   0.300,   0.160,   0.300,   0.160
202608012306,   0.174,   0.190,9999.000,9999.000,9999.000,9999.000,9999.000,9999.000,9999.000
202608012312,   0.175,   0.190,9999.000,9999.000,9999.000,9999.000,9999.000,9999.000,9999.000
202608012318,   0.176,   0.200,9999.000,9999.000,9999.000,9999.000,9999.000,9999.000,9999.000
202608012324,   0.177,   0.200,9999.000,9999.000,9999.000,9999.000,9999.000,9999.000,9999.000
202608012330,   0.177,   0.190,9999.000,9999.000,9999.000,9999.000,9999.000,9999.000,9999.000
202608012336,   0.178,   0.180,9999.000,9999.000,9999.000,9999.000,9999.000,9999.000,9999.000
202608012342,   0.179,   0.190,9999.000,9999.000,9999.000,9999.000,9999.000,9999.000,9999.000
202608012348,   0.180,   0.180,9999.000,9999.000,9999.000,9999.000,9999.000,9999.000,9999.000
202608012354,   0.180,   0.180,9999.000,9999.000,9999.000,9999.000,9999.000,9999.000,9999.000
202608020000,   0.181,   0.180,   0.300,  -0.301,   0.180,   0.300,   0.180,   0.300,   0.180
202608020006,   0.182,   0.209,9999.000,9999.000,9999.000,9999.000,9999.000,9999.000,9999.000
202608020012,   0.183,   0.219,9999.000,9999.000,9999.000,9999.000,9999.000,9999.000,9999.000
202608020018,   0.184,   0.239,9999.000,9999.000,9999.000,9999.000,9999.000,9999.000,9999.000
202608020024,   0.184,   0.239,9999.000,9999.000,9999.000,9999.000,9999.000,9999.000,9999.000
202608020030,   0.185,   0.259,9999.000,9999.000,9999.000,9999.000,9999.000,9999.000,9999.000
202608020036,   0.186,   0.249,9999.000,9999.000,9999.000,9999.000,9999.000,9999.000,9999.000
202608020042,   0.187,   0.268,9999.000,9999.000,9999.000,9999.000,9999.000,9999.000,9999.000
202608020048,   0.187,   0.268,9999.000,9999.000,9999.000,9999.000,9999.000,9999.000,9999.000
202608020054,   0.188,   0.259,9999.000,9999.000,9999.000,9999.000,9999.000,9999.000,9999.000
202608020100,   0.190,   0.259,   0.300,  -0.231,   0.259,   0.300,   0.259,   0.300,   0.259
202608020106,   0.190,   0.268,9999.000,9999.000,9999.000,9999.000,9999.000,9999.000,9999.000
202608020112,   0.190,   0.259,9999.000,9999.000,9999.000,9999.000,9999.000,9999.000,9999.000
202608020118,   0.190,   0.268,9999.000,9999.000,9999.000,9999.000,9999.000,9999.000,9999.000
202608020124,   0.191,   0.268,9999.000,9999.000,9999.000,9999.000,9999.000,9999.000,9999.000
202608020130,   0.191,9999.000,9999.000,9999.000,9999.000,9999.000,9999.000,9999.000,9999.000
202608020136,   0.192,9999.000,9999.000,9999.000,9999.000,9999.000,9999.000,9999.000,9999.000
202608020142,   0.192,9999.000,9999.000,9999.000,9999.000,9999.000,9999.000,9999.000,9999.000
202608020148,   0.193,9999.000,9999.000,9999.000,9999.000,9999.000,9999.000,9999.000,9999.000
202608020154,   0.193,9999.000,9999.000,9999.000,9999.000,9999.000,9999.000,9999.000,9999.000
202608020200,   0.193,9999.000,   0.300,9999.000,   0.493,   0.300,   0.493,   0.300,   0.493
202608020206,   0.193,9999.000,9999.000,9999.000,9999.000,9999.000,9999.000,9999.000,9999.000
202608020212,   0.194,9999.000,9999.000,9999.000,9999.000,9999.000,9999.000,9999.000,9999.000
202608020218,   0.194,9999.000,9999.000,9999.000,9999.000,9999.000,9999.000,9999.000,9999.000
202608020224,   0.194,9999.000,9999.000,9999.000,9999.000,9999.000,9999.000,9999.000,9999.000
202608020230,   0.194,9999.000,9999.000,9999.000,9999.000,9999.000,9999.000,9999.000,9999.000
202608020236,   0.194,9999.000,9999.000,9999.000,9999.000,9999.000,9999.000,9999.000,9999.000
202608020242,   0.194,9999.000,9999.000,9999.000,9999.000,9999.000,9999.000,9999.000,9999.000
202608020248,   0.194,9999.000,9999.000,9999.000,9999.000,9999.000,9999.000,9999.000,9999.000
202608020254,   0.194,   0.285,9999.000,9999.000,9999.000,9999.000,9999.000,9999.000,9999.000
202608020300,   0.193,   0.278,   0.300,  -0.215,   0.278,   0.300,   0.278,   0.400,   0.378
202608020306,   0.193,9999.000,9999.000,9999.000,9999.000,9999.000,9999.000,9999.000,9999.000
202608020312,   0.193,9999.000,9999.000,9999.000,9999.000,9999.000,9999.000,9999.000,9999.000
202608020318,   0.193,9999.000,9999.000,9999.000,9999.000,9999.000,9999.000,9999.000,9999.000
202608020324,   0.192,9999.000,9999.000,9999.000,9999.000,9999.000,9999.000,9999.000,9999.000
202608020330,   0.192,9999.000,9999.000,9999.000,9999.000,9999.000,9999.000,9999.000,9999.000
202608020336,   0.192,9999.000,9999.000,9999.000,9999.000,9999.000,9999.000,9999.000,9999.000
202608020342,   0.191,9999.000,9999.000,9999.000,9999.000,9999.000,9999.000,9999.000,9999.000
202608020348,   0.191,9999.000,9999.000,9999.000,9999.000,9999.000,9999.000,9999.000,9999.000
202608020354,   0.190,9999.000,9999.000,9999.000,9999.000,9999.000,9999.000,9999.000,9999.000
202608020400,   0.190,9999.000,   0.300,9999.000,   0.490,   0.300,   0.490,   0.400,   0.590
202608020406,   0.190,9999.000,9999.000,9999.000,9999.000,9999.000,9999.000,9999.000,9999.000
202608020412,   0.190,9999.000,9999.000,9999.000,9999.000,9999.000,9999.000,9999.000,9999.000
202608020418,   0.188,9999.000,9999.000,9999.000,9999.000,9999.000,9999.000,9999.000,9999.000
202608020424,   0.188,  -0.036,9999.000,9999.000,9999.000,9999.000,9999.000,9999.000,9999.000
202608020430,   0.187,9999.000,9999.000,9999.000,9999.000,9999.000,9999.000,9999.000,9999.000
202608020436,   0.187,9999.000,9999.000,9999.000,9999.000,9999.000,9999.000,9999.000,9999.000
202608020442,   0.186,9999.000,9999.000,9999.000,9999.000,9999.000,9999.000,9999.000,9999.000
202608020448,   0.185,9999.000,9999.000,9999.000,9999.000,9999.000,9999.000,9999.000,9999.000
202608020454,   0.185,  -0.009,9999.000,9999.000,9999.000,9999.000,9999.000,9999.000,9999.000
202608020500,   0.184,  -0.039,   0.300,  -0.523,  -0.039,   0.300,  -0.039,   0.400,   0.061
202608020506,   0.184,  -0.039,9999.000,9999.000,9999.000,9999.000,9999.000,9999.000,9999.000
202608020512,   0.183,  -0.068,9999.000,9999.000,9999.000,9999.000,9999.000,9999.000,9999.000
202608020518,   0.182,  -0.068,9999.000,9999.000,9999.000,9999.000,9999.000,9999.000,9999.000
202608020524,   0.182,  -0.068,9999.000,9999.000,9999.000,9999.000,9999.000,9999.000,9999.000
202608020530,   0.181,  -0.068,9999.000,9999.000,9999.000,9999.000,9999.000,9999.000,9999.000
202608020536,   0.180,  -0.068,9999.000,9999.000,9999.000,9999.000,9999.000,9999.000,9999.000
202608020542,   0.180,  -0.068,9999.000,9999.000,9999.000,9999.000,9999.000,9999.000,9999.000
202608020548,   0.179,  -0.039,9999.000,9999.000,9999.000,9999.000,9999.000,9999.000,9999.000
202608020554,   0.178,  -0.029,9999.000,9999.000,9999.000,9999.000,9999.000,9999.000,9999.000
202608020600,   0.178,  -0.029,   0.200,  -0.407,  -0.029,   0.200,  -0.029,   0.300,   0.071
202608020606,   0.177,  -0.029,9999.000,9999.000,9999.000,9999.000,9999.000,9999.000,9999.000
202608020612,   0.176,  -0.039,9999.000,9999.000,9999.000,9999.000,9999.000,9999.000,9999.000
202608020618,   0.175,  -0.029,9999.000,9999.000,9999.000,9999.000,9999.000,9999.000,9999.000
202608020624,   0.174,  -0.019,9999.000,9999.000,9999.000,9999.000,9999.000,9999.000,9999.000
202608020630,   0.173,  -0.009,9999.000,9999.000,9999.000,9999.000,9999.000,9999.000,9999.000
202608020636,   0.172,   0.019,9999.000,9999.000,9999.000,9999.000,9999.000,9999.000,9999.000
202608020642,   0.171,   0.009,9999.000,9999.000,9999.000,9999.000,9999.000,9999.000,9999.000
202608020648,   0.170,   0.009,9999.000,9999.000,9999.000,9999.000,9999.000,9999.000,9999.000
202608020654,   0.169,  -0.009,9999.000,9999.000,9999.000,9999.000,9999.000,9999.000,9999.000
202608020700,   0.168,  -0.029,   0.200,  -0.397,  -0.029,   0.200,  -0.029,   0.300,   0.071
202608020706,   0.167,  -0.039,9999.000,9999.000,9999.000,9999.000,9999.000,9999.000,9999.000
202608020712,   0.165,  -0.029,9999.000,9999.000,9999.000,9999.000,9999.000,9999.000,9999.000
202608020718,   0.164,  -0.029,9999.000,9999.000,9999.000,9999.000,9999.000,9999.000,9999.000
202608020724,   0.162,  -0.029,9999.000,9999.000,9999.000,9999.000,9999.000,9999.000,9999.000
202608020730,   0.161,  -0.029,9999.000,9999.000,9999.000,9999.000,9999.000,9999.000,9999.000
202608020736,   0.159,  -0.029,9999.000,9999.000,9999.000,9999.000,9999.000,9999.000,9999.000
202608020742,   0.157,  -0.029,9999.000,9999.000,9999.000,9999.000,9999.000,9999.000,9999.000
202608020748,   0.155,  -0.019,9999.000,9999.000,9999.000,9999.000,9999.000,9999.000,9999.000
202608020754,   0.153,  -0.009,9999.000,9999.000,9999.000,9999.000,9999.000,9999.000,9999.000
202608020800,   0.151,   0.000,   0.200,  -0.351,   0.000,   0.200,   0.000,   0.300,   0.100
202608020806,   0.149,   0.000,9999.000,9999.000,9999.000,9999.000,9999.000,9999.000,9999.000
202608020812,   0.147,   0.000,9999.000,9999.000,9999.000,9999.000,9999.000,9999.000,9999.000
202608020818,   0.145,   0.000,9999.000,9999.000,9999.000,9999.000,9999.000,9999.000,9999.000
202608020824,   0.142,   0.000,9999.000,9999.000,9999.000,9999.000,9999.000,9999.000,9999.000
202608020830,   0.140,   0.000,9999.000,9999.000,9999.000,9999.000,9999.000,9999.000,9999.000
202608020836,   0.137,   0.009,9999.000,9999.000,9999.000,9999.000,9999.000,9999.000,9999.000
202608020842,   0.135,   0.019,9999.000,9999.000,9999.000,9999.000,9999.000,9999.000,9999.000
202608020848,   0.132,   0.029,9999.000,9999.000,9999.000,9999.000,9999.000,9999.000,9999.000
202608020854,   0.129,  -0.045,9999.000,9999.000,9999.000,9999.000,9999.000,9999.000,9999.000
202608020900,   0.126,  -0.045,   0.200,  -0.371,  -0.045,   0.200,  -0.045,   0.300,   0.055
202608020906,   0.124,   0.009,9999.000,9999.000,9999.000,9999.000,9999.000,9999.000,9999.000
202608020912,   0.121,   0.000,9999.000,9999.000,9999.000,9999.000,9999.000,9999.000,9999.000
202608020918,   0.118,  -0.019,9999.000,9999.000,9999.000,9999.000,9999.000,9999.000,9999.000
202608020924,   0.115,  -0.039,9999.000,9999.000,9999.000,9999.000,9999.000,9999.000,9999.000
202608020930,   0.112,  -0.039,9999.000,9999.000,9999.000,9999.000,9999.000,9999.000,9999.000
202608020936,   0.109,9999.000,9999.000,9999.000,9999.000,9999.000,9999.000,9999.000,9999.000
202608020942,   0.106,  -0.068,9999.000,9999.000,9999.000,9999.000,9999.000,9999.000,9999.000
202608020948,   0.103,  -0.088,9999.000,9999.000,9999.000,9999.000,9999.000,9999.000,9999.000
202608020954,   0.100,  -0.154,9999.000,9999.000,9999.000,9999.000,9999.000,9999.000,9999.000
202608021000,   0.097,  -0.154,   0.200,  -0.451,  -0.154,   0.200,  -0.154,   0.300,  -0.054
202608021006,   0.094,  -0.131,9999.000,9999.000,9999.000,9999.000,9999.000,9999.000,9999.000
202608021012,   0.091,  -0.141,9999.000,9999.000,9999.000,9999.000,9999.000,9999.000,9999.000
202608021018,   0.088,  -0.141,9999.000,9999.000,9999.000,9999.000,9999.000,9999.000,9999.000
202608021024,   0.085,  -0.141,9999.000,9999.000,9999.000,9999.000,9999.000,9999.000,9999.000
202608021030,   0.082,  -0.150,9999.000,9999.000,9999.000,9999.000,9999.000,9999.000,9999.000
202608021036,   0.079,  -0.160,9999.000,9999.000,9999.000,9999.000,9999.000,9999.000,9999.000
202608021042,   0.077,  -0.160,9999.000,9999.000,9999.000,9999.000,9999.000,9999.000,9999.000
202608021048,   0.074,  -0.160,9999.000,9999.000,9999.000,9999.000,9999.000,9999.000,9999.000
202608021054,   0.071,  -0.150,9999.000,9999.000,9999.000,9999.000,9999.000,9999.000,9999.000
202608021100,   0.069,  -0.141,   0.200,  -0.410,  -0.141,   0.200,  -0.141,   0.200,  -0.141
202608021106,   0.067,  -0.141,9999.000,9999.000,9999.000,9999.000,9999.000,9999.000,9999.000
202608021112,   0.065,  -0.131,9999.000,9999.000,9999.000,9999.000,9999.000,9999.000,9999.000
202608021118,   0.062,  -0.141,9999.000,9999.000,9999.000,9999.000,9999.000,9999.000,9999.000
202608021124,   0.060,  -0.160,9999.000,9999.000,9999.000,9999.000,9999.000,9999.000,9999.000
202608021130,   0.059,  -0.190,9999.000,9999.000,9999.000,9999.000,9999.000,9999.000,9999.000
202608021136,   0.057,  -0.209,9999.000,9999.000,9999.000,9999.000,9999.000,9999.000,9999.000
202608021142,   0.055,  -0.239,9999.000,9999.000,9999.000,9999.000,9999.000,9999.000,9999.000
202608021148,   0.054,  -0.268,9999.000,9999.000,9999.000,9999.000,9999.000,9999.000,9999.000
202608021154,   0.052,  -0.298,9999.000,9999.000,9999.000,9999.000,9999.000,9999.000,9999.000
202608021200,   0.051,  -0.341,   0.100,  -0.492,  -0.341,   0.100,  -0.341,   0.100,  -0.341
202608021206,   0.050,  -0.308,9999.000,9999.000,9999.000,9999.000,9999.000,9999.000,9999.000
202608021212,   0.049,  -0.331,9999.000,9999.000,9999.000,9999.000,9999.000,9999.000,9999.000
202608021218,   0.048,  -0.321,9999.000,9999.000,9999.000,9999.000,9999.000,9999.000,9999.000
202608021224,   0.047,  -0.321,9999.000,9999.000,9999.000,9999.000,9999.000,9999.000,9999.000
202608021230,   0.047,  -0.278,9999.000,9999.000,9999.000,9999.000,9999.000,9999.000,9999.000
202608021236,   0.046,  -0.229,9999.000,9999.000,9999.000,9999.000,9999.000,9999.000,9999.000
202608021242,   0.046,  -0.170,9999.000,9999.000,9999.000,9999.000,9999.000,9999.000,9999.000
202608021248,   0.046,  -0.068,9999.000,9999.000,9999.000,9999.000,9999.000,9999.000,9999.000
202608021254,   0.046,   0.029,9999.000,9999.000,9999.000,9999.000,9999.000,9999.000,9999.000
202608021300,   0.046,   0.111,   0.100,  -0.035,   0.111,   0.100,   0.111,   0.100,   0.111
202608021306,   0.046,   0.170,9999.000,9999.000,9999.000,9999.000,9999.000,9999.000,9999.000
202608021312,   0.046,   0.219,9999.000,9999.000,9999.000,9999.000,9999.000,9999.000,9999.000
202608021318,   0.046,   0.229,9999.000,9999.000,9999.000,9999.000,9999.000,9999.000,9999.000
202608021324,   0.047,   0.278,9999.000,9999.000,9999.000,9999.000,9999.000,9999.000,9999.000
202608021330,   0.047,   0.350,9999.000,9999.000,9999.000,9999.000,9999.000,9999.000,9999.000
202608021336,   0.048,   0.380,9999.000,9999.000,9999.000,9999.000,9999.000,9999.000,9999.000
202608021342,   0.049,   0.400,9999.000,9999.000,9999.000,9999.000,9999.000,9999.000,9999.000
202608021348,   0.050,   0.331,9999.000,9999.000,9999.000,9999.000,9999.000,9999.000,9999.000
202608021354,   0.051,   0.331,9999.000,9999.000,9999.000,9999.000,9999.000,9999.000,9999.000
202608021400,   0.052,   0.259,   0.100,   0.107,   0.259,   0.100,   0.259,   0.100,   0.259
202608021406,   0.053,   0.209,9999.000,9999.000,9999.000,9999.000,9999.000,9999.000,9999.000
202608021412,   0.054,   0.180,9999.000,9999.000,9999.000,9999.000,9999.000,9999.000,9999.000
202608021418,   0.055,   0.190,9999.000,9999.000,9999.000,9999.000,9999.000,9999.000,9999.000
202608021424,   0.056,   0.200,9999.000,9999.000,9999.000,9999.000,9999.000,9999.000,9999.000
202608021430,   0.057,   0.209,9999.000,9999.000,9999.000,9999.000,9999.000,9999.000,9999.000
202608021436,   0.059,   0.288,9999.000,9999.000,9999.000,9999.000,9999.000,9999.000,9999.000
202608021442,   0.060,   0.288,9999.000,9999.000,9999.000,9999.000,9999.000,9999.000,9999.000
202608021448,   0.062,   0.239,9999.000,9999.000,9999.000,9999.000,9999.000,9999.000,9999.000
202608021454,   0.063,   0.170,9999.000,9999.000,9999.000,9999.000,9999.000,9999.000,9999.000
202608021500,   0.064,   0.111,   0.100,  -0.053,   0.111,   0.100,   0.111,   0.100,   0.111
202608021506,   0.066,   0.088,9999.000,9999.000,9999.000,9999.000,9999.000,9999.000,9999.000
202608021512,   0.068,   0.078,9999.000,9999.000,9999.000,9999.000,9999.000,9999.000,9999.000
202608021518,   0.069,   0.111,9999.000,9999.000,9999.000,9999.000,9999.000,9999.000,9999.000
202608021524,   0.071,   0.111,9999.000,9999.000,9999.000,9999.000,9999.000,9999.000,9999.000
202608021530,   0.073,   0.131,9999.000,9999.000,9999.000,9999.000,9999.000,9999.000,9999.000
202608021536,   0.074,9999.000,9999.000,9999.000,9999.000,9999.000,9999.000,9999.000,9999.000
202608021542,   0.076,9999.000,9999.000,9999.000,9999.000,9999.000,9999.000,9999.000,9999.000
202608021548,   0.078,9999.000,9999.000,9999.000,9999.000,9999.000,9999.000,9999.000,9999.000
202608021554,   0.080,  -0.049,9999.000,9999.000,9999.000,9999.000,9999.000,9999.000,9999.000
202608021600,   0.081,  -0.068,   0.100,  -0.249,  -0.068,   0.100,  -0.068,   0.100,  -0.068
202608021606,   0.083,9999.000,9999.000,9999.000,9999.000,9999.000,9999.000,9999.000,9999.000
202608021612,   0.085,9999.000,9999.000,9999.000,9999.000,9999.000,9999.000,9999.000,9999.000
202608021618,   0.087,9999.000,9999.000,9999.000,9999.000,9999.000,9999.000,9999.000,9999.000
202608021624,   0.089,  -0.190,9999.000,9999.000,9999.000,9999.000,9999.000,9999.000,9999.000
202608021630,   0.091,  -0.209,9999.000,9999.000,9999.000,9999.000,9999.000,9999.000,9999.000
202608021636,   0.093,  -0.239,9999.000,9999.000,9999.000,9999.000,9999.000,9999.000,9999.000
202608021642,   0.095,  -0.219,9999.000,9999.000,9999.000,9999.000,9999.000,9999.000,9999.000
202608021648,   0.097,  -0.219,9999.000,9999.000,9999.000,9999.000,9999.000,9999.000,9999.000
202608021654,   0.099,  -0.219,9999.000,9999.000,9999.000,9999.000,9999.000,9999.000,9999.000
202608021700,   0.101,  -0.249,   0.100,  -0.450,  -0.249,   0.100,  -0.249,   0.100,  -0.249
202608021706,   0.103,  -0.288,9999.000,9999.000,9999.000,9999.000,9999.000,9999.000,9999.000
202608021712,   0.105,  -0.321,9999.000,9999.000,9999.000,9999.000,9999.000,9999.000,9999.000
202608021718,   0.107,  -0.331,9999.000,9999.000,9999.000,9999.000,9999.000,9999.000,9999.000
202608021724,   0.109,  -0.331,9999.000,9999.000,9999.000,9999.000,9999.000,9999.000,9999.000
202608021730,   0.111,  -0.308,9999.000,9999.000,9999.000,9999.000,9999.000,9999.000,9999.000
202608021736,   0.113,  -0.308,9999.000,9999.000,9999.000,9999.000,9999.000,9999.000,9999.000
202608021742,   0.115,  -0.331,9999.000,9999.000,9999.000,9999.000,9999.000,9999.000,9999.000
202608021748,   0.117,  -0.308,9999.000,9999.000,9999.000,9999.000,9999.000,9999.000,9999.000
202608021754,   0.119,  -0.341,9999.000,9999.000,9999.000,9999.000,9999.000,9999.000,9999.000
202608021800,   0.121,  -0.331,   0.000,  -0.452,  -0.331,   0.000,  -0.331,   0.000,  -0.331
202608021806,   0.123,  -0.331,9999.000,9999.000,9999.000,9999.000,9999.000,9999.000,9999.000
202608021812,   0.125,  -0.341,9999.000,9999.000,9999.000,9999.000,9999.000,9999.000,9999.000
202608021818,   0.127,  -0.341,9999.000,9999.000,9999.000,9999.000,9999.000,9999.000,9999.000
202608021824,   0.129,  -0.341,9999.000,9999.000,9999.000,9999.000,9999.000,9999.000,9999.000
202608021830,   0.130,  -0.341,9999.000,9999.000,9999.000,9999.000,9999.000,9999.000,9999.000
202608021836,   0.132,  -0.331,9999.000,9999.000,9999.000,9999.000,9999.000,9999.000,9999.000
202608021842,   0.134,  -0.321,9999.000,9999.000,9999.000,9999.000,9999.000,9999.000,9999.000
202608021848,   0.136,  -0.288,9999.000,9999.000,9999.000,9999.000,9999.000,9999.000,9999.000
202608021854,   0.137,  -0.209,9999.000,9999.000,9999.000,9999.000,9999.000,9999.000,9999.000
202608021900,   0.139,  -0.170,   0.000,  -0.309,  -0.170,   0.000,  -0.170,   0.000,  -0.170
202608021906,   0.141,  -0.111,9999.000,9999.000,9999.000,9999.000,9999.000,9999.000,9999.000
202608021912,   0.142,  -0.098,9999.000,9999.000,9999.000,9999.000,9999.000,9999.000,9999.000
202608021918,   0.144,  -0.068,9999.000,9999.000,9999.000,9999.000,9999.000,9999.000,9999.000
202608021924,   0.145,  -0.039,9999.000,9999.000,9999.000,9999.000,9999.000,9999.000,9999.000
202608021930,   0.146,  -0.039,9999.000,9999.000,9999.000,9999.000,9999.000,9999.000,9999.000
202608021936,   0.148,9999.000,9999.000,9999.000,9999.000,9999.000,9999.000,9999.000,9999.000
202608021942,   0.149,9999.000,9999.000,9999.000,9999.000,9999.000,9999.000,9999.000,9999.000
202608021948,   0.150,  -0.180,9999.000,9999.000,9999.000,9999.000,9999.000,9999.000,9999.000
202608021954,   0.151,  -0.239,9999.000,9999.000,9999.000,9999.000,9999.000,9999.000,9999.000
202608022000,   0.152,  -0.298,   0.000,  -0.450,  -0.298,   0.000,  -0.298,   0.000,  -0.298
202608022006,   0.153,  -0.308,9999.000,9999.000,9999.000,9999.000,9999.000,9999.000,9999.000
202608022012,   0.154,  -0.321,9999.000,9999.000,9999.000,9999.000,9999.000,9999.000,9999.000
202608022018,   0.154,  -0.278,9999.000,9999.000,9999.000,9999.000,9999.000,9999.000,9999.000
202608022024,   0.155,  -0.229,9999.000,9999.000,9999.000,9999.000,9999.000,9999.000,9999.000
202608022030,   0.156,  -0.219,9999.000,9999.000,9999.000,9999.000,9999.000,9999.000,9999.000
202608022036,   0.156,  -0.229,9999.000,9999.000,9999.000,9999.000,9999.000,9999.000,9999.000
202608022042,   0.157,  -0.259,9999.000,9999.000,9999.000,9999.000,9999.000,9999.000,9999.000
202608022048,   0.157,  -0.259,9999.000,9999.000,9999.000,9999.000,9999.000,9999.000,9999.000
202608022054,   0.158,  -0.249,9999.000,9999.000,9999.000,9999.000,9999.000,9999.000,9999.000
202608022100,   0.158,  -0.259,   0.000,  -0.417,  -0.259,   0.000,  -0.259,   0.000,  -0.259
202608022106,   0.158,  -0.239,9999.000,9999.000,9999.000,9999.000,9999.000,9999.000,9999.000
202608022112,   0.158,  -0.249,9999.000,9999.000,9999.000,9999.000,9999.000,9999.000,9999.000
202608022118,   0.159,  -0.249,9999.000,9999.000,9999.000,9999.000,9999.000,9999.000,9999.000
202608022124,   0.159,  -0.249,9999.000,9999.000,9999.000,9999.000,9999.000,9999.000,9999.000
202608022130,   0.159,  -0.249,9999.000,9999.000,9999.000,9999.000,9999.000,9999.000,9999.000
202608022136,   0.159,  -0.268,9999.000,9999.000,9999.000,9999.000,9999.000,9999.000,9999.000
202608022142,   0.159,  -0.278,9999.000,9999.000,9999.000,9999.000,9999.000,9999.000,9999.000
202608022148,   0.159,  -0.278,9999.000,9999.000,9999.000,9999.000,9999.000,9999.000,9999.000
202608022154,   0.159,  -0.298,9999.000,9999.000,9999.000,9999.000,9999.000,9999.000,9999.000
202608022200,   0.159,  -0.298,   0.000,  -0.457,  -0.298,   0.000,  -0.298,   0.000,  -0.298
202608022206,   0.159,  -0.308,9999.000,9999.000,9999.000,9999.000,9999.000,9999.000,9999.000
202608022212,   0.159,  -0.308,9999.000,9999.000,9999.000,9999.000,9999.000,9999.000,9999.000
202608022218,   0.159,  -0.321,9999.000,9999.000,9999.000,9999.000,9999.000,9999.000,9999.000
202608022224,   0.159,  -0.298,9999.000,9999.000,9999.000,9999.000,9999.000,9999.000,9999.000
202608022230,   0.159,  -0.259,9999.000,9999.000,9999.000,9999.000,9999.000,9999.000,9999.000
202608022236,   0.159,  -0.249,9999.000,9999.000,9999.000,9999.000,9999.000,9999.000,9999.000
202608022242,   0.159,  -0.229,9999.000,9999.000,9999.000,9999.000,9999.000,9999.000,9999.000
202608022248,   0.159,  -0.209,9999.000,9999.000,9999.000,9999.000,9999.000,9999.000,9999.000
202608022254,   0.159,  -0.170,9999.000,9999.000,9999.000,9999.000,9999.000,9999.000,9999.000
202608022300,   0.159,  -0.150,   0.000,  -0.309,  -0.150,   0.000,  -0.150,   0.000,  -0.150
202608022306,   0.159,  -0.121,9999.000,9999.000,9999.000,9999.000,9999.000,9999.000,9999.000
202608022312,   0.160,  -0.111,9999.000,9999.000,9999.000,9999.000,9999.000,9999.000,9999.000
202608022318,   0.160,  -0.098,9999.000,9999.000,9999.000,9999.000,9999.000,9999.000,9999.000
202608022324,   0.160,  -0.088,9999.000,9999.000,9999.000,9999.000,9999.000,9999.000,9999.000
202608022330,   0.160,  -0.078,9999.000,9999.000,9999.000,9999.000,9999.000,9999.000,9999.000
202608022336,   0.161,  -0.088,9999.000,9999.000,9999.000,9999.000,9999.000,9999.000,9999.000
202608022342,   0.161,  -0.068,9999.000,9999.000,9999.000,9999.000,9999.000,9999.000,9999.000
202608022348,   0.161,  -0.059,9999.000,9999.000,9999.000,9999.000,9999.000,9999.000,9999.000
202608022354,   0.162,  -0.039,9999.000,9999.000,9999.000,9999.000,9999.000,9999.000,9999.000
202608030000,   0.162,  -0.039,   0.000,  -0.201,  -0.039,   0.000,  -0.039,   0.000,  -0.039
202608030006,   0.163,  -0.029,9999.000,9999.000,9999.000,9999.000,9999.000,9999.000,9999.000
202608030012,   0.163,  -0.039,9999.000,9999.000,9999.000,9999.000,9999.000,9999.000,9999.000
202608030018,   0.164,9999.000,9999.000,9999.000,9999.000,9999.000,9999.000,9999.000,9999.000
202608030024,   0.165,9999.000,9999.000,9999.000,9999.000,9999.000,9999.000,9999.000,9999.000
202608030030,   0.165,9999.000,9999.000,9999.000,9999.000,9999.000,9999.000,9999.000,9999.000
202608030036,   0.166,9999.000,9999.000,9999.000,9999.000,9999.000,9999.000,9999.000,9999.000
202608030042,   0.166,9999.000,9999.000,9999.000,9999.000,9999.000,9999.000,9999.000,9999.000
202608030048,   0.167,9999.000,9999.000,9999.000,9999.000,9999.000,9999.000,9999.000,9999.000
202608030054,   0.168,  -0.039,9999.000,9999.000,9999.000,9999.000,9999.000,9999.000,9999.000
202608030100,   0.168,  -0.039,   0.000,  -0.207,  -0.039,   0.000,  -0.039,   0.000,  -0.039
202608030106,   0.169,9999.000,9999.000,9999.000,9999.000,9999.000,9999.000,9999.000,9999.000
202608030112,   0.170,9999.000,9999.000,9999.000,9999.000,9999.000,9999.000,9999.000,9999.000
202608030118,   0.170,  -0.039,9999.000,9999.000,9999.000,9999.000,9999.000,9999.000,9999.000
202608030124,   0.171,  -0.039,9999.000,9999.000,9999.000,9999.000,9999.000,9999.000,9999.000
202608030130,   0.172,9999.000,9999.000,9999.000,9999.000,9999.000,9999.000,9999.000,9999.000
202608030136,   0.172,9999.000,9999.000,9999.000,9999.000,9999.000,9999.000,9999.000,9999.000
202608030142,   0.173,9999.000,9999.000,9999.000,9999.000,9999.000,9999.000,9999.000,9999.000
202608030148,   0.174,9999.000,9999.000,9999.000,9999.000,9999.000,9999.000,9999.000,9999.000
202608030154,   0.174,  -0.078,9999.000,9999.000,9999.000,9999.000,9999.000,9999.000,9999.000
202608030200,   0.175,  -0.098,   0.000,  -0.273,  -0.098,   0.000,  -0.098,   0.000,  -0.098
202608030206,   0.175,  -0.098,9999.000,9999.000,9999.000,9999.000,9999.000,9999.000,9999.000
202608030212,   0.176,  -0.088,9999.000,9999.000,9999.000,9999.000,9999.000,9999.000,9999.000
202608030218,   0.176,  -0.088,9999.000,9999.000,9999.000,9999.000,9999.000,9999.000,9999.000
202608030224,   0.177,  -0.078,9999.000,9999.000,9999.000,9999.000,9999.000,9999.000,9999.000
202608030230,   0.177,9999.000,9999.000,9999.000,9999.000,9999.000,9999.000,9999.000,9999.000
202608030236,   0.178,9999.000,9999.000,9999.000,9999.000,9999.000,9999.000,9999.000,9999.000
202608030242,   0.178,  -0.059,9999.000,9999.000,9999.000,9999.000,9999.000,9999.000,9999.000
202608030248,   0.179,  -0.059,9999.000,9999.000,9999.000,9999.000,9999.000,9999.000,9999.000
202608030254,   0.179,  -0.068,9999.000,9999.000,9999.000,9999.000,9999.000,9999.000,9999.000
202608030300,   0.179,  -0.088,   0.000,  -0.267,  -0.088,   0.000,  -0.088,   0.000,  -0.088
202608030306,   0.180,  -0.098,9999.000,9999.000,9999.000,9999.000,9999.000,9999.000,9999.000
202608030312,   0.180,  -0.098,9999.000,9999.000,9999.000,9999.000,9999.000,9999.000,9999.000
202608030318,   0.180,  -0.088,9999.000,9999.000,9999.000,9999.000,9999.000,9999.000,9999.000
202608030324,   0.180,  -0.088,9999.000,9999.000,9999.000,9999.000,9999.000,9999.000,9999.000
202608030330,   0.181,  -0.078,9999.000,9999.000,9999.000,9999.000,9999.000,9999.000,9999.000
202608030336,   0.181,  -0.088,9999.000,9999.000,9999.000,9999.000,9999.000,9999.000,9999.000
202608030342,   0.181,  -0.068,9999.000,9999.000,9999.000,9999.000,9999.000,9999.000,9999.000
202608030348,   0.181,  -0.059,9999.000,9999.000,9999.000,9999.000,9999.000,9999.000,9999.000
202608030354,   0.182,  -0.068,9999.000,9999.000,9999.000,9999.000,9999.000,9999.000,9999.000
202608030400,   0.182,  -0.088,   0.000,  -0.270,  -0.088,   0.000,  -0.088,   0.000,  -0.088
202608030406,   0.182,  -0.088,9999.000,9999.000,9999.000,9999.000,9999.000,9999.000,9999.000
202608030412,   0.182,  -0.111,9999.000,9999.000,9999.000,9999.000,9999.000,9999.000,9999.000
202608030418,   0.182,  -0.141,9999.000,9999.000,9999.000,9999.000,9999.000,9999.000,9999.000
202608030424,   0.183,  -0.170,9999.000,9999.000,9999.000,9999.000,9999.000,9999.000,9999.000
202608030430,   0.183,  -0.200,9999.000,9999.000,9999.000,9999.000,9999.000,9999.000,9999.000
202608030436,   0.183,  -0.219,9999.000,9999.000,9999.000,9999.000,9999.000,9999.000,9999.000
202608030442,   0.183,  -0.229,9999.000,9999.000,9999.000,9999.000,9999.000,9999.000,9999.000
202608030448,   0.183,  -0.249,9999.000,9999.000,9999.000,9999.000,9999.000,9999.000,9999.000
202608030454,   0.184,  -0.239,9999.000,9999.000,9999.000,9999.000,9999.000,9999.000,9999.000
202608030500,   0.184,  -0.249,   0.000,  -0.433,  -0.249,   0.000,  -0.249,   0.000,  -0.249
202608030506,   0.184,  -0.239,9999.000,9999.000,9999.000,9999.000,9999.000,9999.000,9999.000
202608030512,   0.184,  -0.239,9999.000,9999.000,9999.000,9999.000,9999.000,9999.000,9999.000
202608030518,   0.185,  -0.249,9999.000,9999.000,9999.000,9999.000,9999.000,9999.000,9999.000
202608030524,   0.185,  -0.249,9999.000,9999.000,9999.000,9999.000,9999.000,9999.000,9999.000
202608030530,   0.185,  -0.239,9999.000,9999.000,9999.000,9999.000,9999.000,9999.000,9999.000
202608030536,   0.185,  -0.239,9999.000,9999.000,9999.000,9999.000,9999.000,9999.000,9999.000
202608030542,   0.186,  -0.239,9999.000,9999.000,9999.000,9999.000,9999.000,9999.000,9999.000
202608030548,   0.186,  -0.219,9999.000,9999.000,9999.000,9999.000,9999.000,9999.000,9999.000
202608030554,   0.186,  -0.219,9999.000,9999.000,9999.000,9999.000,9999.000,9999.000,9999.000
202608030600,   0.186,  -0.229,   0.100,  -0.515,  -0.229,   0.000,  -0.329,   0.100,  -0.229
202608030606,   0.186,  -0.249,9999.000,9999.000,9999.000,9999.000,9999.000,9999.000,9999.000
202608030612,   0.186,  -0.259,9999.000,9999.000,9999.000,9999.000,9999.000,9999.000,9999.000
202608030618,   0.186,  -0.268,9999.000,9999.000,9999.000,9999.000,9999.000,9999.000,9999.000
202608030624,   0.187,  -0.278,9999.000,9999.000,9999.000,9999.000,9999.000,9999.000,9999.000
202608030630,   0.187,  -0.278,9999.000,9999.000,9999.000,9999.000,9999.000,9999.000,9999.000
202608030636,   0.186,  -0.288,9999.000,9999.000,9999.000,9999.000,9999.000,9999.000,9999.000
202608030642,   0.186,  -0.298,9999.000,9999.000,9999.000,9999.000,9999.000,9999.000,9999.000
202608030648,   0.186,  -0.298,9999.000,9999.000,9999.000,9999.000,9999.000,9999.000,9999.000
202608030654,   0.186,  -0.298,9999.000,9999.000,9999.000,9999.000,9999.000,9999.000,9999.000
202608030700,   0.186,  -0.298,   0.100,  -0.584,  -0.298,   0.000,  -0.398,   0.100,  -0.298
202608030706,   0.185,  -0.308,9999.000,9999.000,9999.000,9999.000,9999.000,9999.000,9999.000
202608030712,   0.185,  -0.308,9999.000,9999.000,9999.000,9999.000,9999.000,9999.000,9999.000
202608030718,   0.185,  -0.298,9999.000,9999.000,9999.000,9999.000,9999.000,9999.000,9999.000
202608030724,   0.184,  -0.288,9999.000,9999.000,9999.000,9999.000,9999.000,9999.000,9999.000
202608030730,   0.183,  -0.278,9999.000,9999.000,9999.000,9999.000,9999.000,9999.000,9999.000
202608030736,   0.183,  -0.268,9999.000,9999.000,9999.000,9999.000,9999.000,9999.000,9999.000
202608030742,   0.182,  -0.259,9999.000,9999.000,9999.000,9999.000,9999.000,9999.000,9999.000
202608030748,   0.181,  -0.259,9999.000,9999.000,9999.000,9999.000,9999.000,9999.000,9999.000
202608030754,   0.180,  -0.259,9999.000,9999.000,9999.000,9999.000,9999.000,9999.000,9999.000
202608030800,   0.179,  -0.249,   0.100,  -0.528,  -0.249,   0.000,  -0.349,   0.100,  -0.249
202608030806,   0.177,  -0.249,9999.000,9999.000,9999.000,9999.000,9999.000,9999.000,9999.000
202608030812,   0.176,  -0.239,9999.000,9999.000,9999.000,9999.000,9999.000,9999.000,9999.000
202608030818,   0.175,  -0.229,9999.000,9999.000,9999.000,9999.000,9999.000,9999.000,9999.000
202608030824,   0.173,  -0.219,9999.000,9999.000,9999.000,9999.000,9999.000,9999.000,9999.000
202608030830,   0.172,  -0.229,9999.000,9999.000,9999.000,9999.000,9999.000,9999.000,9999.000
202608030836,   0.170,  -0.219,9999.000,9999.000,9999.000,9999.000,9999.000,9999.000,9999.000
202608030842,   0.168,  -0.219,9999.000,9999.000,9999.000,9999.000,9999.000,9999.000,9999.000
202608030848,   0.166,  -0.200,9999.000,9999.000,9999.000,9999.000,9999.000,9999.000,9999.000
202608030854,   0.164,  -0.200,9999.000,9999.000,9999.000,9999.000,9999.000,9999.000,9999.000
202608030900,   0.163,  -0.190,   0.100,  -0.453,  -0.190,   0.100,  -0.190,   0.100,  -0.190
202608030906,   0.160,  -0.190,9999.000,9999.000,9999.000,9999.000,9999.000,9999.000,9999.000
202608030912,   0.158,  -0.180,9999.000,9999.000,9999.000,9999.000,9999.000,9999.000,9999.000
202608030918,   0.156,  -0.170,9999.000,9999.000,9999.000,9999.000,9999.000,9999.000,9999.000
202608030924,   0.154,  -0.160,9999.000,9999.000,9999.000,9999.000,9999.000,9999.000,9999.000
202608030930,   0.152,  -0.141,9999.000,9999.000,9999.000,9999.000,9999.000,9999.000,9999.000
202608030936,   0.149,  -0.150,9999.000,9999.000,9999.000,9999.000,9999.000,9999.000,9999.000
202608030942,   0.147,  -0.131,9999.000,9999.000,9999.000,9999.000,9999.000,9999.000,9999.000
202608030948,   0.145,  -0.131,9999.000,9999.000,9999.000,9999.000,9999.000,9999.000,9999.000
202608030954,   0.142,  -0.131,9999.000,9999.000,9999.000,9999.000,9999.000,9999.000,9999.000
202608031000,   0.140,  -0.141,   0.100,  -0.381,  -0.141,   0.100,  -0.141,   0.100,  -0.141
202608031006,   0.137,  -0.141,9999.000,9999.000,9999.000,9999.000,9999.000,9999.000,9999.000
202608031012,   0.135,  -0.150,9999.000,9999.000,9999.000,9999.000,9999.000,9999.000,9999.000
202608031018,   0.133,  -0.150,9999.000,9999.000,9999.000,9999.000,9999.000,9999.000,9999.000
202608031024,   0.130,  -0.170,9999.000,9999.000,9999.000,9999.000,9999.000,9999.000,9999.000
202608031030,   0.128,  -0.170,9999.000,9999.000,9999.000,9999.000,9999.000,9999.000,9999.000
202608031036,   0.126,  -0.170,9999.000,9999.000,9999.000,9999.000,9999.000,9999.000,9999.000
202608031042,   0.124,  -0.170,9999.000,9999.000,9999.000,9999.000,9999.000,9999.000,9999.000
202608031048,   0.122,  -0.170,9999.000,9999.000,9999.000,9999.000,9999.000,9999.000,9999.000
202608031054,   0.120,  -0.180,9999.000,9999.000,9999.000,9999.000,9999.000,9999.000,9999.000
202608031100,   0.118,  -0.180,   0.100,  -0.398,  -0.180,   0.100,  -0.180,   0.100,  -0.180
202608031106,   0.116,  -0.190,9999.000,9999.000,9999.000,9999.000,9999.000,9999.000,9999.000
202608031112,   0.114,  -0.180,9999.000,9999.000,9999.000,9999.000,9999.000,9999.000,9999.000
202608031118,   0.112,  -0.190,9999.000,9999.000,9999.000,9999.000,9999.000,9999.000,9999.000
202608031124,   0.110,  -0.190,9999.000,9999.000,9999.000,9999.000,9999.000,9999.000,9999.000
202608031130,   0.109,  -0.200,9999.000,9999.000,9999.000,9999.000,9999.000,9999.000,9999.000
202608031136,   0.107,  -0.200,9999.000,9999.000,9999.000,9999.000,9999.000,9999.000,9999.000
202608031142,   0.106,  -0.219,9999.000,9999.000,9999.000,9999.000,9999.000,9999.000,9999.000
202608031148,   0.105,  -0.239,9999.000,9999.000,9999.000,9999.000,9999.000,9999.000,9999.000
202608031154,   0.104,  -0.239,9999.000,9999.000,9999.000,9999.000,9999.000,9999.000,9999.000
202608031200,   0.103,  -0.259,   0.100,  -0.462,  -0.259,   0.000,  -0.359,   0.100,  -0.259
202608031206,   0.102,  -0.288,9999.000,9999.000,9999.000,9999.000,9999.000,9999.000,9999.000
202608031212,   0.101,9999.000,9999.000,9999.000,9999.000,9999.000,9999.000,9999.000,9999.000
202608031218,   0.100,9999.000,9999.000,9999.000,9999.000,9999.000,9999.000,9999.000,9999.000
202608031224,   0.100,  -0.268,9999.000,9999.000,9999.000,9999.000,9999.000,9999.000,9999.000
202608031230,   0.099,  -0.341,9999.000,9999.000,9999.000,9999.000,9999.000,9999.000,9999.000
202608031236,   0.099,  -0.308,9999.000,9999.000,9999.000,9999.000,9999.000,9999.000,9999.000
202608031242,   0.098,  -0.331,9999.000,9999.000,9999.000,9999.000,9999.000,9999.000,9999.000
202608031248,   0.098,  -0.341,9999.000,9999.000,9999.000,9999.000,9999.000,9999.000,9999.000
202608031254,   0.098,  -0.341,9999.000,9999.000,9999.000,9999.000,9999.000,9999.000,9999.000
202608031300,   0.098,  -0.350,   0.100,  -0.548,  -0.350,   0.000,  -0.450,   0.100,  -0.350
202608031306,   0.099,  -0.341,9999.000,9999.000,9999.000,9999.000,9999.000,9999.000,9999.000
202608031312,   0.099,  -0.341,9999.000,9999.000,9999.000,9999.000,9999.000,9999.000,9999.000
202608031318,   0.099,  -0.341,9999.000,9999.000,9999.000,9999.000,9999.000,9999.000,9999.000
202608031324,   0.100,  -0.341,9999.000,9999.000,9999.000,9999.000,9999.000,9999.000,9999.000
202608031330,   0.100,  -0.341,9999.000,9999.000,9999.000,9999.000,9999.000,9999.000,9999.000
202608031336,   0.101,  -0.341,9999.000,9999.000,9999.000,9999.000,9999.000,9999.000,9999.000
202608031342,   0.102,  -0.331,9999.000,9999.000,9999.000,9999.000,9999.000,9999.000,9999.000
202608031348,   0.102,  -0.321,9999.000,9999.000,9999.000,9999.000,9999.000,9999.000,9999.000
202608031354,   0.103,  -0.298,9999.000,9999.000,9999.000,9999.000,9999.000,9999.000,9999.000
202608031400,   0.104,  -0.288,   0.100,  -0.492,  -0.288,   0.000,  -0.388,   0.100,  -0.288
202608031406,   0.105,  -0.268,9999.000,9999.000,9999.000,9999.000,9999.000,9999.000,9999.000
202608031412,   0.106,  -0.278,9999.000,9999.000,9999.000,9999.000,9999.000,9999.000,9999.000
202608031418,   0.107,  -0.268,9999.000,9999.000,9999.000,9999.000,9999.000,9999.000,9999.000
202608031424,   0.109,  -0.268,9999.000,9999.000,9999.000,9999.000,9999.000,9999.000,9999.000
202608031430,   0.110,  -0.268,9999.000,9999.000,9999.000,9999.000,9999.000,9999.000,9999.000
202608031436,   0.111,  -0.268,9999.000,9999.000,9999.000,9999.000,9999.000,9999.000,9999.000
202608031442,   0.112,  -0.259,9999.000,9999.000,9999.000,9999.000,9999.000,9999.000,9999.000
202608031448,   0.114,  -0.249,9999.000,9999.000,9999.000,9999.000,9999.000,9999.000,9999.000
202608031454,   0.115,  -0.239,9999.000,9999.000,9999.000,9999.000,9999.000,9999.000,9999.000
202608031500,   0.117,  -0.268,   0.100,  -0.485,  -0.268,   0.000,  -0.368,   0.100,  -0.268
202608031506,   0.118,  -0.239,9999.000,9999.000,9999.000,9999.000,9999.000,9999.000,9999.000
202608031512,   0.120,  -0.268,9999.000,9999.000,9999.000,9999.000,9999.000,9999.000,9999.000
202608031518,   0.121,  -0.239,9999.000,9999.000,9999.000,9999.000,9999.000,9999.000,9999.000
202608031524,   0.123,  -0.249,9999.000,9999.000,9999.000,9999.000,9999.000,9999.000,9999.000
202608031530,   0.124,  -0.259,9999.000,9999.000,9999.000,9999.000,9999.000,9999.000,9999.000
202608031536,   0.126,  -0.249,9999.000,9999.000,9999.000,9999.000,9999.000,9999.000,9999.000
202608031542,   0.127,  -0.249,9999.000,9999.000,9999.000,9999.000,9999.000,9999.000,9999.000
202608031548,   0.129,  -0.229,9999.000,9999.000,9999.000,9999.000,9999.000,9999.000,9999.000
202608031554,   0.131,  -0.229,9999.000,9999.000,9999.000,9999.000,9999.000,9999.000,9999.000
202608031600,   0.132,  -0.229,   0.100,  -0.461,  -0.229,   0.000,  -0.329,   0.100,  -0.229
202608031606,   0.134,  -0.229,9999.000,9999.000,9999.000,9999.000,9999.000,9999.000,9999.000
202608031612,   0.136,  -0.239,9999.000,9999.000,9999.000,9999.000,9999.000,9999.000,9999.000
202608031618,   0.137,  -0.219,9999.000,9999.000,9999.000,9999.000,9999.000,9999.000,9999.000
202608031624,   0.139,  -0.229,9999.000,9999.000,9999.000,9999.000,9999.000,9999.000,9999.000
202608031630,   0.141,  -0.209,9999.000,9999.000,9999.000,9999.000,9999.000,9999.000,9999.000
202608031636,   0.142,  -0.219,9999.000,9999.000,9999.000,9999.000,9999.000,9999.000,9999.000
202608031642,   0.144,  -0.219,9999.000,9999.000,9999.000,9999.000,9999.000,9999.000,9999.000
202608031648,   0.146,  -0.219,9999.000,9999.000,9999.000,9999.000,9999.000,9999.000,9999.000
202608031654,   0.148,  -0.229,9999.000,9999.000,9999.000,9999.000,9999.000,9999.000,9999.000
202608031700,   0.149,  -0.229,   0.100,  -0.478,  -0.229,   0.000,  -0.329,   0.100,  -0.229
202608031706,   0.151,  -0.249,9999.000,9999.000,9999.000,9999.000,9999.000,9999.000,9999.000
202608031712,   0.153,  -0.239,9999.000,9999.000,9999.000,9999.000,9999.000,9999.000,9999.000
202608031718,   0.154,  -0.249,9999.000,9999.000,9999.000,9999.000,9999.000,9999.000,9999.000
202608031724,   0.156,  -0.259,9999.000,9999.000,9999.000,9999.000,9999.000,9999.000,9999.000
202608031730,   0.158,  -0.278,9999.000,9999.000,9999.000,9999.000,9999.000,9999.000,9999.000
202608031736,   0.159,  -0.288,9999.000,9999.000,9999.000,9999.000,9999.000,9999.000,9999.000
202608031742,   0.161,  -0.278,9999.000,9999.000,9999.000,9999.000,9999.000,9999.000,9999.000
202608031748,   0.162,  -0.278,9999.000,9999.000,9999.000,9999.000,9999.000,9999.000,9999.000
202608031754,   0.164,  -0.259,9999.000,9999.000,9999.000,9999.000,9999.000,9999.000,9999.000
202608031800,   0.165,  -0.239,   0.000,  -0.404,  -0.239,   0.000,  -0.239,   0.000,  -0.239
202608031806,   0.167,  -0.219,9999.000,9999.000,9999.000,9999.000,9999.000,9999.000,9999.000
202608031812,   0.168,  -0.200,9999.000,9999.000,9999.000,9999.000,9999.000,9999.000,9999.000
202608031818,   0.170,  -0.190,9999.000,9999.000,9999.000,9999.000,9999.000,9999.000,9999.000
202608031824,   0.171,  -0.190,9999.000,9999.000,9999.000,9999.000,9999.000,9999.000,9999.000
202608031830,   0.172,  -0.190,9999.000,9999.000,9999.000,9999.000,9999.000,9999.000,9999.000
202608031836,   0.173,  -0.200,9999.000,9999.000,9999.000,9999.000,9999.000,9999.000,9999.000
202608031842,   0.174,  -0.200,9999.000,9999.000,9999.000,9999.000,9999.000,9999.000,9999.000
202608031848,   0.175,  -0.180,9999.000,9999.000,9999.000,9999.000,9999.000,9999.000,9999.000
202608031854,   0.176,  -0.170,9999.000,9999.000,9999.000,9999.000,9999.000,9999.000,9999.000
202608031900,   0.177,  -0.170,   0.000,  -0.347,  -0.170,   0.000,  -0.170,   0.000,  -0.170
202608031906,   0.178,  -0.190,9999.000,9999.000,9999.000,9999.000,9999.000,9999.000,9999.000
202608031912,   0.179,  -0.209,9999.000,9999.000,9999.000,9999.000,9999.000,9999.000,9999.000
202608031918,   0.179,  -0.219,9999.000,9999.000,9999.000,9999.000,9999.000,9999.000,9999.000
202608031924,   0.180,  -0.209,9999.000,9999.000,9999.000,9999.000,9999.000,9999.000,9999.000
202608031930,   0.180,  -0.200,9999.000,9999.000,9999.000,9999.000,9999.000,9999.000,9999.000
202608031936,   0.181,  -0.180,9999.000,9999.000,9999.000,9999.000,9999.000,9999.000,9999.000
202608031942,   0.181,  -0.170,9999.000,9999.000,9999.000,9999.000,9999.000,9999.000,9999.000
202608031948,   0.181,  -0.150,9999.000,9999.000,9999.000,9999.000,9999.000,9999.000,9999.000
202608031954,   0.181,  -0.141,9999.000,9999.000,9999.000,9999.000,9999.000,9999.000,9999.000
202608032000,   0.181,  -0.131,   0.000,  -0.312,  -0.131,   0.000,  -0.131,   0.000,  -0.131
202608032006,   0.181,  -0.121,9999.000,9999.000,9999.000,9999.000,9999.000,9999.000,9999.000
202608032012,   0.181,  -0.111,9999.000,9999.000,9999.000,9999.000,9999.000,9999.000,9999.000
202608032018,   0.181,  -0.121,9999.000,9999.000,9999.000,9999.000,9999.000,9999.000,9999.000
202608032024,   0.180,  -0.111,9999.000,9999.000,9999.000,9999.000,9999.000,9999.000,9999.000
202608032030,   0.180,  -0.141,9999.000,9999.000,9999.000,9999.000,9999.000,9999.000,9999.000
202608032036,   0.179,  -0.131,9999.000,9999.000,9999.000,9999.000,9999.000,9999.000,9999.000
202608032042,   0.179,  -0.150,9999.000,9999.000,9999.000,9999.000,9999.000,9999.000,9999.000
202608032048,   0.178,  -0.150,9999.000,9999.000,9999.000,9999.000,9999.000,9999.000,9999.000
202608032054,   0.177,  -0.131,9999.000,9999.000,9999.000,9999.000,9999.000,9999.000,9999.000
202608032100,   0.177,  -0.160,   0.000,  -0.337,  -0.160,   0.000,  -0.160,   0.000,  -0.160
202608032106,   0.176,  -0.141,9999.000,9999.000,9999.000,9999.000,9999.000,9999.000,9999.000
202608032112,   0.175,  -0.141,9999.000,9999.000,9999.000,9999.000,9999.000,9999.000,9999.000
202608032118,   0.174,  -0.150,9999.000,9999.000,9999.000,9999.000,9999.000,9999.000,9999.000
202608032124,   0.173,  -0.160,9999.000,9999.000,9999.000,9999.000,9999.000,9999.000,9999.000
202608032130,   0.172,  -0.160,9999.000,9999.000,9999.000,9999.000,9999.000,9999.000,9999.000
202608032136,   0.171,  -0.160,9999.000,9999.000,9999.000,9999.000,9999.000,9999.000,9999.000
202608032142,   0.170,  -0.160,9999.000,9999.000,9999.000,9999.000,9999.000,9999.000,9999.000
202608032148,   0.169,  -0.160,9999.000,9999.000,9999.000,9999.000,9999.000,9999.000,9999.000
202608032154,   0.168,  -0.160,9999.000,9999.000,9999.000,9999.000,9999.000,9999.000,9999.000
202608032200,   0.167,  -0.150,   0.000,  -0.317,  -0.150,   0.000,  -0.150,   0.000,  -0.150
202608032206,   0.165,  -0.141,9999.000,9999.000,9999.000,9999.000,9999.000,9999.000,9999.000
202608032212,   0.164,  -0.141,9999.000,9999.000,9999.000,9999.000,9999.000,9999.000,9999.000
202608032218,   0.163,  -0.141,9999.000,9999.000,9999.000,9999.000,9999.000,9999.000,9999.000
202608032224,   0.162,  -0.150,9999.000,9999.000,9999.000,9999.000,9999.000,9999.000,9999.000
202608032230,   0.161,  -0.131,9999.000,9999.000,9999.000,9999.000,9999.000,9999.000,9999.000
202608032236,   0.160,  -0.131,9999.000,9999.000,9999.000,9999.000,9999.000,9999.000,9999.000
202608032242,   0.159,  -0.131,9999.000,9999.000,9999.000,9999.000,9999.000,9999.000,9999.000
202608032248,   0.158,  -0.131,9999.000,9999.000,9999.000,9999.000,9999.000,9999.000,9999.000
202608032254,   0.157,  -0.131,9999.000,9999.000,9999.000,9999.000,9999.000,9999.000,9999.000
202608032300,   0.157,  -0.141,   0.000,  -0.298,  -0.141,   0.000,  -0.141,   0.000,  -0.141
202608032306,   0.156,  -0.131,9999.000,9999.000,9999.000,9999.000,9999.000,9999.000,9999.000
202608032312,   0.155,  -0.131,9999.000,9999.000,9999.000,9999.000,9999.000,9999.000,9999.000
202608032318,   0.154,  -0.111,9999.000,9999.000,9999.000,9999.000,9999.000,9999.000,9999.000
202608032324,   0.154,  -0.098,9999.000,9999.000,9999.000,9999.000,9999.000,9999.000,9999.000
202608032330,   0.153,  -0.088,9999.000,9999.000,9999.000,9999.000,9999.000,9999.000,9999.000
202608032336,   0.153,  -0.098,9999.000,9999.000,9999.000,9999.000,9999.000,9999.000,9999.000
202608032342,   0.152,  -0.098,9999.000,9999.000,9999.000,9999.000,9999.000,9999.000,9999.000
202608032348,   0.152,  -0.111,9999.000,9999.000,9999.000,9999.000,9999.000,9999.000,9999.000
202608032354,   0.152,  -0.098,9999.000,9999.000,9999.000,9999.000,9999.000,9999.000,9999.000
202608040000,   0.151,  -0.121,   0.100,  -0.372,  -0.121,   0.100,  -0.121,   0.100,  -0.121
202608040006,   0.151,  -0.131,9999.000,9999.000,9999.000,9999.000,9999.000,9999.000,9999.000
202608040012,   0.151,  -0.131,9999.000,9999.000,9999.000,9999.000,9999.000,9999.000,9999.000
202608040018,   0.151,  -0.141,9999.000,9999.000,9999.000,9999.000,9999.000,9999.000,9999.000
202608040024,   0.151,  -0.141,9999.000,9999.000,9999.000,9999.000,9999.000,9999.000,9999.000
202608040030,   0.151,  -0.141,9999.000,9999.000,9999.000,9999.000,9999.000,9999.000,9999.000
202608040036,   0.151,  -0.141,9999.000,9999.000,9999.000,9999.000,9999.000,9999.000,9999.000
202608040042,   0.151,  -0.131,9999.000,9999.000,9999.000,9999.000,9999.000,9999.000,9999.000
202608040048,   0.152,  -0.141,9999.000,9999.000,9999.000,9999.000,9999.000,9999.000,9999.000
202608040054,   0.152,  -0.141,9999.000,9999.000,9999.000,9999.000,9999.000,9999.000,9999.000
202608040100,   0.152,  -0.150,   0.100,  -0.402,  -0.150,   0.100,  -0.150,   0.100,  -0.150
202608040106,   0.152,  -0.160,9999.000,9999.000,9999.000,9999.000,9999.000,9999.000,9999.000
202608040112,   0.153,  -0.160,9999.000,9999.000,9999.000,9999.000,9999.000,9999.000,9999.000
202608040118,   0.153,  -0.160,9999.000,9999.000,9999.000,9999.000,9999.000,9999.000,9999.000
202608040124,   0.153,  -0.160,9999.000,9999.000,9999.000,9999.000,9999.000,9999.000,9999.000
202608040130,   0.154,  -0.160,9999.000,9999.000,9999.000,9999.000,9999.000,9999.000,9999.000
202608040136,   0.154,  -0.160,9999.000,9999.000,9999.000,9999.000,9999.000,9999.000,9999.000
202608040142,   0.155,  -0.170,9999.000,9999.000,9999.000,9999.000,9999.000,9999.000,9999.000
202608040148,   0.155,  -0.170,9999.000,9999.000,9999.000,9999.000,9999.000,9999.000,9999.000
202608040154,   0.156,  -0.170,9999.000,9999.000,9999.000,9999.000,9999.000,9999.000,9999.000
202608040200,   0.156,  -0.170,   0.100,  -0.426,  -0.170,   0.100,  -0.170,   0.100,  -0.170
202608040206,   0.157,  -0.160,9999.000,9999.000,9999.000,9999.000,9999.000,9999.000,9999.000
202608040212,   0.157,  -0.150,9999.000,9999.000,9999.000,9999.000,9999.000,9999.000,9999.000
202608040218,   0.158,  -0.141,9999.000,9999.000,9999.000,9999.000,9999.000,9999.000,9999.000
202608040224,   0.158,  -0.141,9999.000,9999.000,9999.000,9999.000,9999.000,9999.000,9999.000
202608040230,   0.159,  -0.131,9999.000,9999.000,9999.000,9999.000,9999.000,9999.000,9999.000
202608040236,   0.159,  -0.111,9999.000,9999.000,9999.000,9999.000,9999.000,9999.000,9999.000
202608040242,   0.160,  -0.088,9999.000,9999.000,9999.000,9999.000,9999.000,9999.000,9999.000
202608040248,   0.161,  -0.098,9999.000,9999.000,9999.000,9999.000,9999.000,9999.000,9999.000
202608040254,   0.161,  -0.098,9999.000,9999.000,9999.000,9999.000,9999.000,9999.000,9999.000
202608040300,   0.162,  -0.111,   0.100,  -0.373,  -0.111,   0.100,  -0.111,   0.200,  -0.011
202608040306,   0.162,  -0.098,9999.000,9999.000,9999.000,9999.000,9999.000,9999.000,9999.000
202608040312,   0.163,  -0.088,9999.000,9999.000,9999.000,9999.000,9999.000,9999.000,9999.000
202608040318,   0.163,  -0.088,9999.000,9999.000,9999.000,9999.000,9999.000,9999.000,9999.000
202608040324,   0.164,  -0.088,9999.000,9999.000,9999.000,9999.000,9999.000,9999.000,9999.000
202608040330,   0.164,  -0.111,9999.000,9999.000,9999.000,9999.000,9999.000,9999.000,9999.000
202608040336,   0.165,  -0.111,9999.000,9999.000,9999.000,9999.000,9999.000,9999.000,9999.000
202608040342,   0.166,  -0.111,9999.000,9999.000,9999.000,9999.000,9999.000,9999.000,9999.000
202608040348,   0.166,  -0.111,9999.000,9999.000,9999.000,9999.000,9999.000,9999.000,9999.000
202608040354,   0.167,  -0.098,9999.000,9999.000,9999.000,9999.000,9999.000,9999.000,9999.000
202608040400,   0.168,  -0.088,   0.100,  -0.356,  -0.088,   0.100,  -0.088,   0.200,   0.012
202608040406,   0.168,  -0.078,9999.000,9999.000,9999.000,9999.000,9999.000,9999.000,9999.000
202608040412,   0.169,  -0.088,9999.000,9999.000,9999.000,9999.000,9999.000,9999.000,9999.000
202608040418,   0.170,  -0.068,9999.000,9999.000,9999.000,9999.000,9999.000,9999.000,9999.000
202608040424,   0.170,  -0.068,9999.000,9999.000,9999.000,9999.000,9999.000,9999.000,9999.000
202608040430,   0.171,  -0.059,9999.000,9999.000,9999.000,9999.000,9999.000,9999.000,9999.000
202608040436,   0.172,  -0.049,9999.000,9999.000,9999.000,9999.000,9999.000,9999.000,9999.000
202608040442,   0.173,  -0.039,9999.000,9999.000,9999.000,9999.000,9999.000,9999.000,9999.000
202608040448,   0.174,  -0.029,9999.000,9999.000,9999.000,9999.000,9999.000,9999.000,9999.000
202608040454,   0.174,  -0.029,9999.000,9999.000,9999.000,9999.000,9999.000,9999.000,9999.000
202608040500,   0.175,  -0.039,   0.200,  -0.414,  -0.039,   0.100,  -0.139,   0.200,  -0.039
202608040506,   0.176,  -0.039,9999.000,9999.000,9999.000,9999.000,9999.000,9999.000,9999.000
202608040512,   0.177,  -0.029,9999.000,9999.000,9999.000,9999.000,9999.000,9999.000,9999.000
202608040518,   0.178,  -0.029,9999.000,9999.000,9999.000,9999.000,9999.000,9999.000,9999.000
202608040524,   0.179,  -0.019,9999.000,9999.000,9999.000,9999.000,9999.000,9999.000,9999.000
202608040530,   0.180,  -0.019,9999.000,9999.000,9999.000,9999.000,9999.000,9999.000,9999.000
202608040536,   0.181,  -0.019,9999.000,9999.000,9999.000,9999.000,9999.000,9999.000,9999.000
202608040542,   0.182,  -0.019,9999.000,9999.000,9999.000,9999.000,9999.000,9999.000,9999.000
202608040548,   0.183,   0.000,9999.000,9999.000,9999.000,9999.000,9999.000,9999.000,9999.000
202608040554,   0.184,   0.000,9999.000,9999.000,9999.000,9999.000,9999.000,9999.000,9999.000
202608040600,   0.185,   0.009,   0.300,  -0.476,   0.009,   0.300,   0.009,   0.300,   0.009
202608040606,   0.186,   0.009,9999.000,9999.000,9999.000,9999.000,9999.000,9999.000,9999.000
202608040612,   0.187,   0.019,9999.000,9999.000,9999.000,9999.000,9999.000,9999.000,9999.000
202608040618,   0.188,   0.039,9999.000,9999.000,9999.000,9999.000,9999.000,9999.000,9999.000
202608040624,   0.190,   0.029,9999.000,9999.000,9999.000,9999.000,9999.000,9999.000,9999.000
202608040630,   0.190,   0.019,9999.000,9999.000,9999.000,9999.000,9999.000,9999.000,9999.000
202608040636,   0.191,   0.029,9999.000,9999.000,9999.000,9999.000,9999.000,9999.000,9999.000
202608040642,   0.192,   0.039,9999.000,9999.000,9999.000,9999.000,9999.000,9999.000,9999.000
202608040648,   0.192,   0.039,9999.000,9999.000,9999.000,9999.000,9999.000,9999.000,9999.000
202608040654,   0.193,   0.039,9999.000,9999.000,9999.000,9999.000,9999.000,9999.000,9999.000
202608040700,   0.194,   0.029,   0.300,  -0.465,   0.029,   0.300,   0.029,   0.300,   0.029
202608040706,   0.194,   0.019,9999.000,9999.000,9999.000,9999.000,9999.000,9999.000,9999.000
202608040712,   0.195,   0.029,9999.000,9999.000,9999.000,9999.000,9999.000,9999.000,9999.000
202608040718,   0.195,   0.009,9999.000,9999.000,9999.000,9999.000,9999.000,9999.000,9999.000
202608040724,   0.196,   0.019,9999.000,9999.000,9999.000,9999.000,9999.000,9999.000,9999.000
202608040730,   0.196,   0.019,9999.000,9999.000,9999.000,9999.000,9999.000,9999.000,9999.000
202608040736,   0.196,   0.019,9999.000,9999.000,9999.000,9999.000,9999.000,9999.000,9999.000
202608040742,   0.197,   0.019,9999.000,9999.000,9999.000,9999.000,9999.000,9999.000,9999.000
202608040748,   0.197,   0.009,9999.000,9999.000,9999.000,9999.000,9999.000,9999.000,9999.000
202608040754,   0.197,   0.009,9999.000,9999.000,9999.000,9999.000,9999.000,9999.000,9999.000
202608040800,   0.196,   0.019,   0.300,  -0.477,   0.019,   0.300,   0.019,   0.300,   0.019
202608040806,   0.196,   0.000,9999.000,9999.000,9999.000,9999.000,9999.000,9999.000,9999.000
202608040812,   0.196,  -0.019,9999.000,9999.000,9999.000,9999.000,9999.000,9999.000,9999.000
202608040818,   0.196,  -0.029,9999.000,9999.000,9999.000,9999.000,9999.000,9999.000,9999.000
202608040824,   0.195,  -0.029,9999.000,9999.000,9999.000,9999.000,9999.000,9999.000,9999.000
202608040830,   0.194,  -0.039,9999.000,9999.000,9999.000,9999.000,9999.000,9999.000,9999.000
202608040836,   0.194,  -0.029,9999.000,9999.000,9999.000,9999.000,9999.000,9999.000,9999.000
202608040842,   0.193,  -0.029,9999.000,9999.000,9999.000,9999.000,9999.000,9999.000,9999.000
202608040848,   0.192,  -0.019,9999.000,9999.000,9999.000,9999.000,9999.000,9999.000,9999.000
202608040854,   0.191,  -0.039,9999.000,9999.000,9999.000,9999.000,9999.000,9999.000,9999.000
202608040900,   0.190,  -0.019,   0.300,  -0.509,  -0.019,   0.300,  -0.019,   0.300,  -0.019
202608040906,   0.190,  -0.039,9999.000,9999.000,9999.000,9999.000,9999.000,9999.000,9999.000
202608040912,   0.188,  -0.039,9999.000,9999.000,9999.000,9999.000,9999.000,9999.000,9999.000
202608040918,   0.187,  -0.039,9999.000,9999.000,9999.000,9999.000,9999.000,9999.000,9999.000
202608040924,   0.185,  -0.039,9999.000,9999.000,9999.000,9999.000,9999.000,9999.000,9999.000
202608040930,   0.184,  -0.029,9999.000,9999.000,9999.000,9999.000,9999.000,9999.000,9999.000
202608040936,   0.182,  -0.009,9999.000,9999.000,9999.000,9999.000,9999.000,9999.000,9999.000
202608040942,   0.181,  -0.009,9999.000,9999.000,9999.000,9999.000,9999.000,9999.000,9999.000
202608040948,   0.179,  -0.009,9999.000,9999.000,9999.000,9999.000,9999.000,9999.000,9999.000
202608040954,   0.178,  -0.019,9999.000,9999.000,9999.000,9999.000,9999.000,9999.000,9999.000
202608041000,   0.176,  -0.009,   0.300,  -0.485,  -0.009,   0.300,  -0.009,   0.300,  -0.009
202608041006,   0.175,  -0.019,9999.000,9999.000,9999.000,9999.000,9999.000,9999.000,9999.000
202608041012,   0.173,  -0.009,9999.000,9999.000,9999.000,9999.000,9999.000,9999.000,9999.000
202608041018,   0.171,  -0.009,9999.000,9999.000,9999.000,9999.000,9999.000,9999.000,9999.000
202608041024,   0.170,  -0.009,9999.000,9999.000,9999.000,9999.000,9999.000,9999.000,9999.000
202608041030,   0.168,  -0.009,9999.000,9999.000,9999.000,9999.000,9999.000,9999.000,9999.000
202608041036,   0.167,   0.000,9999.000,9999.000,9999.000,9999.000,9999.000,9999.000,9999.000
202608041042,   0.165,  -0.009,9999.000,9999.000,9999.000,9999.000,9999.000,9999.000,9999.000
202608041048,   0.164,  -0.009,9999.000,9999.000,9999.000,9999.000,9999.000,9999.000,9999.000
202608041054,   0.162,  -0.019,9999.000,9999.000,9999.000,9999.000,9999.000,9999.000,9999.000
202608041100,   0.161,  -0.019,   0.300,  -0.480,  -0.019,   0.300,  -0.019,   0.300,  -0.019
202608041106,   0.159,  -0.009,9999.000,9999.000,9999.000,9999.000,9999.000,9999.000,9999.000
202608041112,   0.158,  -0.019,9999.000,9999.000,9999.000,9999.000,9999.000,9999.000,9999.000
202608041118,   0.157,  -0.019,9999.000,9999.000,9999.000,9999.000,9999.000,9999.000,9999.000
202608041124,   0.156,  -0.019,9999.000,9999.000,9999.000,9999.000,9999.000,9999.000,9999.000
202608041130,   0.154,  -0.019,9999.000,9999.000,9999.000,9999.000,9999.000,9999.000,9999.000
202608041136,   0.153,  -0.039,9999.000,9999.000,9999.000,9999.000,9999.000,9999.000,9999.000
202608041142,   0.153,  -0.029,9999.000,9999.000,9999.000,9999.000,9999.000,9999.000,9999.000
202608041148,   0.152,  -0.039,9999.000,9999.000,9999.000,9999.000,9999.000,9999.000,9999.000
202608041154,   0.151,  -0.039,9999.000,9999.000,9999.000,9999.000,9999.000,9999.000,9999.000
202608041200,   0.150,  -0.039,   0.300,  -0.489,  -0.039,   0.300,  -0.039,   0.400,   0.061
202608041206,   0.150,  -0.039,9999.000,9999.000,9999.000,9999.000,9999.000,9999.000,9999.000
202608041212,   0.149,  -0.029,9999.000,9999.000,9999.000,9999.000,9999.000,9999.000,9999.000
202608041218,   0.149,  -0.039,9999.000,9999.000,9999.000,9999.000,9999.000,9999.000,9999.000
202608041224,   0.148,  -0.029,9999.000,9999.000,9999.000,9999.000,9999.000,9999.000,9999.000
202608041230,   0.148,  -0.039,9999.000,9999.000,9999.000,9999.000,9999.000,9999.000,9999.000
202608041236,   0.148,  -0.039,9999.000,9999.000,9999.000,9999.000,9999.000,9999.000,9999.000
202608041242,   0.148,  -0.059,9999.000,9999.000,9999.000,9999.000,9999.000,9999.000,9999.000
202608041248,   0.148,  -0.049,9999.000,9999.000,9999.000,9999.000,9999.000,9999.000,9999.000
202608041254,   0.148,  -0.059,9999.000,9999.000,9999.000,9999.000,9999.000,9999.000,9999.000
202608041300,   0.149,  -0.059,   0.300,  -0.508,  -0.059,   0.300,  -0.059,   0.400,   0.041
202608041306,   0.149,  -0.059,9999.000,9999.000,9999.000,9999.000,9999.000,9999.000,9999.000
202608041312,   0.149,  -0.049,9999.000,9999.000,9999.000,9999.000,9999.000,9999.000,9999.000
202608041318,   0.150,  -0.059,9999.000,9999.000,9999.000,9999.000,9999.000,9999.000,9999.000
202608041324,   0.151,  -0.039,9999.000,9999.000,9999.000,9999.000,9999.000,9999.000,9999.000
202608041330,   0.151,  -0.039,9999.000,9999.000,9999.000,9999.000,9999.000,9999.000,9999.000
202608041336,   0.152,  -0.019,9999.000,9999.000,9999.000,9999.000,9999.000,9999.000,9999.000
202608041342,   0.153,  -0.019,9999.000,9999.000,9999.000,9999.000,9999.000,9999.000,9999.000
202608041348,   0.154,  -0.009,9999.000,9999.000,9999.000,9999.000,9999.000,9999.000,9999.000
202608041354,   0.155,  -0.029,9999.000,9999.000,9999.000,9999.000,9999.000,9999.000,9999.000
202608041400,   0.156,  -0.019,   0.300,  -0.475,  -0.019,   0.300,  -0.019,   0.400,   0.081
202608041406,   0.157,  -0.029,9999.000,9999.000,9999.000,9999.000,9999.000,9999.000,9999.000
202608041412,   0.158,  -0.019,9999.000,9999.000,9999.000,9999.000,9999.000,9999.000,9999.000
202608041418,   0.159,  -0.019,9999.000,9999.000,9999.000,9999.000,9999.000,9999.000,9999.000
202608041424,   0.160,  -0.009,9999.000,9999.000,9999.000,9999.000,9999.000,9999.000,9999.000
202608041430,   0.161,   0.000,9999.000,9999.000,9999.000,9999.000,9999.000,9999.000,9999.000
202608041436,   0.163,   0.009,9999.000,9999.000,9999.000,9999.000,9999.000,9999.000,9999.000
202608041442,   0.164,   0.019,9999.000,9999.000,9999.000,9999.000,9999.000,9999.000,9999.000
202608041448,   0.165,   0.019,9999.000,9999.000,9999.000,9999.000,9999.000,9999.000,9999.000
202608041454,   0.167,   0.019,9999.000,9999.000,9999.000,9999.000,9999.000,9999.000,9999.000
202608041500,   0.168,   0.029,   0.300,  -0.439,   0.029,   0.300,   0.029,   0.400,   0.129
202608041506,   0.170,   0.029,9999.000,9999.000,9999.000,9999.000,9999.000,9999.000,9999.000
202608041512,   0.171,9999.000,9999.000,9999.000,9999.000,9999.000,9999.000,9999.000,9999.000
202608041518,   0.173,   0.029,9999.000,9999.000,9999.000,9999.000,9999.000,9999.000,9999.000
202608041524,   0.175,   0.029,9999.000,9999.000,9999.000,9999.000,9999.000,9999.000,9999.000
202608041530,   0.176,   0.019,9999.000,9999.000,9999.000,9999.000,9999.000,9999.000,9999.000
202608041536,   0.178,   0.029,9999.000,9999.000,9999.000,9999.000,9999.000,9999.000,9999.000
202608041542,   0.179,   0.039,9999.000,9999.000,9999.000,9999.000,9999.000,9999.000,9999.000
202608041548,   0.181,   0.049,9999.000,9999.000,9999.000,9999.000,9999.000,9999.000,9999.000
202608041554,   0.183,   0.049,9999.000,9999.000,9999.000,9999.000,9999.000,9999.000,9999.000
202608041600,   0.184,   0.068,   0.300,  -0.416,   0.068,   0.300,   0.068,   0.400,   0.168
202608041606,   0.186,   0.059,9999.000,9999.000,9999.000,9999.000,9999.000,9999.000,9999.000
202608041612,   0.188,9999.000,9999.000,9999.000,9999.000,9999.000,9999.000,9999.000,9999.000
202608041618,   0.190,   0.059,9999.000,9999.000,9999.000,9999.000,9999.000,9999.000,9999.000
202608041624,   0.191,   0.068,9999.000,9999.000,9999.000,9999.000,9999.000,9999.000,9999.000
202608041630,   0.193,   0.068,9999.000,9999.000,9999.000,9999.000,9999.000,9999.000,9999.000
202608041636,   0.195,   0.068,9999.000,9999.000,9999.000,9999.000,9999.000,9999.000,9999.000
202608041642,   0.196,   0.059,9999.000,9999.000,9999.000,9999.000,9999.000,9999.000,9999.000
202608041648,   0.198,   0.088,9999.000,9999.000,9999.000,9999.000,9999.000,9999.000,9999.000
202608041654,   0.200,   0.078,9999.000,9999.000,9999.000,9999.000,9999.000,9999.000,9999.000
202608041700,   0.201,   0.078,   0.300,  -0.423,   0.078,   0.300,   0.078,   0.400,   0.178
202608041706,   0.203,   0.088,9999.000,9999.000,9999.000,9999.000,9999.000,9999.000,9999.000
202608041712,   0.205,   0.098,9999.000,9999.000,9999.000,9999.000,9999.000,9999.000,9999.000
202608041718,   0.206,   0.111,9999.000,9999.000,9999.000,9999.000,9999.000,9999.000,9999.000
202608041724,   0.208,   0.098,9999.000,9999.000,9999.000,9999.000,9999.000,9999.000,9999.000
202608041730,   0.209,   0.098,9999.000,9999.000,9999.000,9999.000,9999.000,9999.000,9999.000
202608041736,   0.211,   0.088,9999.000,9999.000,9999.000,9999.000,9999.000,9999.000,9999.000
202608041742,   0.212,   0.098,9999.000,9999.000,9999.000,9999.000,9999.000,9999.000,9999.000
202608041748,   0.214,   0.088,9999.000,9999.000,9999.000,9999.000,9999.000,9999.000,9999.000
202608041754,   0.215,   0.098,9999.000,9999.000,9999.000,9999.000,9999.000,9999.000,9999.000
202608041800,   0.217,   0.098,   0.300,  -0.419,   0.098,   0.300,   0.098,   0.300,   0.098
202608041806,   0.218,   0.111,9999.000,9999.000,9999.000,9999.000,9999.000,9999.000,9999.000
202608041812,   0.219,   0.111,9999.000,9999.000,9999.000,9999.000,9999.000,9999.000,9999.000
202608041818,   0.220,   0.121,9999.000,9999.000,9999.000,9999.000,9999.000,9999.000,9999.000
202608041824,   0.221,   0.121,9999.000,9999.000,9999.000,9999.000,9999.000,9999.000,9999.000
202608041830,   0.222,   0.131,9999.000,9999.000,9999.000,9999.000,9999.000,9999.000,9999.000
202608041836,   0.223,   0.121,9999.000,9999.000,9999.000,9999.000,9999.000,9999.000,9999.000
202608041842,   0.224,   0.131,9999.000,9999.000,9999.000,9999.000,9999.000,9999.000,9999.000
202608041848,   0.224,   0.141,9999.000,9999.000,9999.000,9999.000,9999.000,9999.000,9999.000
202608041854,   0.225,   0.170,9999.000,9999.000,9999.000,9999.000,9999.000,9999.000,9999.000
202608041900,   0.226,   0.170,   0.300,  -0.356,   0.170,   0.300,   0.170,   0.300,   0.170
202608041906,   0.226,   0.180,9999.000,9999.000,9999.000,9999.000,9999.000,9999.000,9999.000
202608041912,   0.226,   0.180,9999.000,9999.000,9999.000,9999.000,9999.000,9999.000,9999.000
202608041918,   0.226,   0.190,9999.000,9999.000,9999.000,9999.000,9999.000,9999.000,9999.000
202608041924,   0.227,   0.180,9999.000,9999.000,9999.000,9999.000,9999.000,9999.000,9999.000
202608041930,   0.226,   0.180,9999.000,9999.000,9999.000,9999.000,9999.000,9999.000,9999.000
202608041936,   0.226,   0.150,9999.000,9999.000,9999.000,9999.000,9999.000,9999.000,9999.000
202608041942,   0.226,   0.141,9999.000,9999.000,9999.000,9999.000,9999.000,9999.000,9999.000
202608041948,   0.226,   0.150,9999.000,9999.000,9999.000,9999.000,9999.000,9999.000,9999.000
202608041954,   0.225,   0.160,9999.000,9999.000,9999.000,9999.000,9999.000,9999.000,9999.000
202608042000,   0.224,   0.180,   0.300,  -0.344,   0.180,   0.300,   0.180,   0.300,   0.180
202608042006,   0.224,   0.180,9999.000,9999.000,9999.000,9999.000,9999.000,9999.000,9999.000
202608042012,   0.223,   0.180,9999.000,9999.000,9999.000,9999.000,9999.000,9999.000,9999.000
202608042018,   0.222,   0.170,9999.000,9999.000,9999.000,9999.000,9999.000,9999.000,9999.000
202608042024,   0.221,   0.170,9999.000,9999.000,9999.000,9999.000,9999.000,9999.000,9999.000
202608042030,   0.220,   0.160,9999.000,9999.000,9999.000,9999.000,9999.000,9999.000,9999.000
202608042036,   0.218,   0.170,9999.000,9999.000,9999.000,9999.000,9999.000,9999.000,9999.000
202608042042,   0.217,   0.160,9999.000,9999.000,9999.000,9999.000,9999.000,9999.000,9999.000
202608042048,   0.215,   0.150,9999.000,9999.000,9999.000,9999.000,9999.000,9999.000,9999.000
202608042054,   0.214,   0.141,9999.000,9999.000,9999.000,9999.000,9999.000,9999.000,9999.000
202608042100,   0.212,   0.150,   0.300,  -0.362,   0.150,   0.300,   0.150,   0.300,   0.150
202608042106,   0.210,   0.141,9999.000,9999.000,9999.000,9999.000,9999.000,9999.000,9999.000
202608042112,   0.209,   0.141,9999.000,9999.000,9999.000,9999.000,9999.000,9999.000,9999.000
202608042118,   0.207,   0.141,9999.000,9999.000,9999.000,9999.000,9999.000,9999.000,9999.000
202608042124,   0.205,   0.150,9999.000,9999.000,9999.000,9999.000,9999.000,9999.000,9999.000
202608042130,   0.203,   0.150,9999.000,9999.000,9999.000,9999.000,9999.000,9999.000,9999.000
202608042136,   0.201,   0.141,9999.000,9999.000,9999.000,9999.000,9999.000,9999.000,9999.000
202608042142,   0.199,   0.150,9999.000,9999.000,9999.000,9999.000,9999.000,9999.000,9999.000
202608042148,   0.197,   0.131,9999.000,9999.000,9999.000,9999.000,9999.000,9999.000,9999.000
202608042154,   0.195,   0.131,9999.000,9999.000,9999.000,9999.000,9999.000,9999.000,9999.000
202608042200,   0.192,   0.111,   0.300,  -0.381,   0.111,   0.300,   0.111,   0.300,   0.111
202608042206,   0.190,   0.121,9999.000,9999.000,9999.000,9999.000,9999.000,9999.000,9999.000
202608042212,   0.188,   0.131,9999.000,9999.000,9999.000,9999.000,9999.000,9999.000,9999.000
202608042218,   0.186,   0.121,9999.000,9999.000,9999.000,9999.000,9999.000,9999.000,9999.000
202608042224,   0.184,   0.131,9999.000,9999.000,9999.000,9999.000,9999.000,9999.000,9999.000
202608042230,   0.182,   0.131,9999.000,9999.000,9999.000,9999.000,9999.000,9999.000,9999.000
202608042236,   0.180,   0.121,9999.000,9999.000,9999.000,9999.000,9999.000,9999.000,9999.000
202608042242,   0.178,   0.131,9999.000,9999.000,9999.000,9999.000,9999.000,9999.000,9999.000
202608042248,   0.176,   0.131,9999.000,9999.000,9999.000,9999.000,9999.000,9999.000,9999.000
202608042254,   0.174,   0.131,9999.000,9999.000,9999.000,9999.000,9999.000,9999.000,9999.000
202608042300,   0.172,   0.131,   0.300,  -0.341,   0.131,   0.300,   0.131,   0.300,   0.131
202608042306,   0.170,   0.131,9999.000,9999.000,9999.000,9999.000,9999.000,9999.000,9999.000
202608042312,   0.168,   0.131,9999.000,9999.000,9999.000,9999.000,9999.000,9999.000,9999.000
202608042318,   0.167,   0.131,9999.000,9999.000,9999.000,9999.000,9999.000,9999.000,9999.000
202608042324,   0.165,   0.141,9999.000,9999.000,9999.000,9999.000,9999.000,9999.000,9999.000
202608042330,   0.163,   0.131,9999.000,9999.000,9999.000,9999.000,9999.000,9999.000,9999.000
202608042336,   0.162,   0.131,9999.000,9999.000,9999.000,9999.000,9999.000,9999.000,9999.000
202608042342,   0.160,   0.131,9999.000,9999.000,9999.000,9999.000,9999.000,9999.000,9999.000
202608042348,   0.159,   0.098,9999.000,9999.000,9999.000,9999.000,9999.000,9999.000,9999.000
202608042354,   0.158,   0.111,9999.000,9999.000,9999.000,9999.000,9999.000,9999.000,9999.000
202608050000,   0.157,   0.111,   0.300,  -0.346,   0.111,   0.300,   0.111,   0.300,   0.111
202608050006,   0.155,9999.000,9999.000,9999.000,9999.000,9999.000,9999.000,9999.000,9999.000
202608050012,   0.154,9999.000,9999.000,9999.000,9999.000,9999.000,9999.000,9999.000,9999.000
202608050018,   0.153,9999.000,9999.000,9999.000,9999.000,9999.000,9999.000,9999.000,9999.000
202608050024,   0.153,9999.000,9999.000,9999.000,9999.000,9999.000,9999.000,9999.000,9999.000
202608050030,   0.152,9999.000,9999.000,9999.000,9999.000,9999.000,9999.000,9999.000,9999.000
202608050036,   0.151,9999.000,9999.000,9999.000,9999.000,9999.000,9999.000,9999.000,9999.000
202608050042,   0.150,9999.000,9999.000,9999.000,9999.000,9999.000,9999.000,9999.000,9999.000
202608050048,   0.150,9999.000,9999.000,9999.000,9999.000,9999.000,9999.000,9999.000,9999.000
202608050054,   0.149,9999.000,9999.000,9999.000,9999.000,9999.000,9999.000,9999.000,9999.000
202608050100,   0.149,9999.000,   0.300,  -0.342,   0.107,   0.300,   0.107,   0.300,   0.107
202608050106,   0.148,9999.000,9999.000,9999.000,9999.000,9999.000,9999.000,9999.000,9999.000
202608050112,   0.148,9999.000,9999.000,9999.000,9999.000,9999.000,9999.000,9999.000,9999.000
202608050118,   0.147,9999.000,9999.000,9999.000,9999.000,9999.000,9999.000,9999.000,9999.000
202608050124,   0.147,9999.000,9999.000,9999.000,9999.000,9999.000,9999.000,9999.000,9999.000
202608050130,   0.147,9999.000,9999.000,9999.000,9999.000,9999.000,9999.000,9999.000,9999.000
202608050136,   0.147,9999.000,9999.000,9999.000,9999.000,9999.000,9999.000,9999.000,9999.000
202608050142,   0.147,9999.000,9999.000,9999.000,9999.000,9999.000,9999.000,9999.000,9999.000
202608050148,   0.147,9999.000,9999.000,9999.000,9999.000,9999.000,9999.000,9999.000,9999.000
202608050154,   0.146,9999.000,9999.000,9999.000,9999.000,9999.000,9999.000,9999.000,9999.000
202608050200,   0.146,9999.000,   0.300,  -0.338,   0.108,   0.300,   0.108,   0.300,   0.108
202608050206,   0.146,9999.000,9999.000,9999.000,9999.000,9999.000,9999.000,9999.000,9999.000
202608050212,   0.146,9999.000,9999.000,9999.000,9999.000,9999.000,9999.000,9999.000,9999.000
202608050218,   0.147,9999.000,9999.000,9999.000,9999.000,9999.000,9999.000,9999.000,9999.000
202608050224,   0.147,9999.000,9999.000,9999.000,9999.000,9999.000,9999.000,9999.000,9999.000
202608050230,   0.147,9999.000,9999.000,9999.000,9999.000,9999.000,9999.000,9999.000,9999.000
202608050236,   0.147,9999.000,9999.000,9999.000,9999.000,9999.000,9999.000,9999.000,9999.000
202608050242,   0.147,9999.000,9999.000,9999.000,9999.000,9999.000,9999.000,9999.000,9999.000
202608050248,   0.147,9999.000,9999.000,9999.000,9999.000,9999.000,9999.000,9999.000,9999.000
202608050254,   0.148,9999.000,9999.000,9999.000,9999.000,9999.000,9999.000,9999.000,9999.000
202608050300,   0.148,9999.000,   0.300,  -0.334,   0.114,   0.300,   0.114,   0.300,   0.114
202608050306,   0.148,9999.000,9999.000,9999.000,9999.000,9999.000,9999.000,9999.000,9999.000
202608050312,   0.148,9999.000,9999.000,9999.000,9999.000,9999.000,9999.000,9999.000,9999.000
202608050318,   0.149,9999.000,9999.000,9999.000,9999.000,9999.000,9999.000,9999.000,9999.000
202608050324,   0.149,9999.000,9999.000,9999.000,9999.000,9999.000,9999.000,9999.000,9999.000
202608050330,   0.150,9999.000,9999.000,9999.000,9999.000,9999.000,9999.000,9999.000,9999.000
202608050336,   0.150,9999.000,9999.000,9999.000,9999.000,9999.000,9999.000,9999.000,9999.000
202608050342,   0.151,9999.000,9999.000,9999.000,9999.000,9999.000,9999.000,9999.000,9999.000
202608050348,   0.151,9999.000,9999.000,9999.000,9999.000,9999.000,9999.000,9999.000,9999.000
202608050354,   0.152,9999.000,9999.000,9999.000,9999.000,9999.000,9999.000,9999.000,9999.000
202608050400,   0.152,9999.000,   0.300,  -0.330,   0.122,   0.300,   0.122,   0.300,   0.122
202608050406,   0.153,9999.000,9999.000,9999.000,9999.000,9999.000,9999.000,9999.000,9999.000
202608050412,   0.154,9999.000,9999.000,9999.000,9999.000,9999.000,9999.000,9999.000,9999.000
202608050418,   0.154,9999.000,9999.000,9999.000,9999.000,9999.000,9999.000,9999.000,9999.000
202608050424,   0.155,9999.000,9999.000,9999.000,9999.000,9999.000,9999.000,9999.000,9999.000
202608050430,   0.156,9999.000,9999.000,9999.000,9999.000,9999.000,9999.000,9999.000,9999.000
202608050436,   0.157,9999.000,9999.000,9999.000,9999.000,9999.000,9999.000,9999.000,9999.000
202608050442,   0.158,9999.000,9999.000,9999.000,9999.000,9999.000,9999.000,9999.000,9999.000
202608050448,   0.159,9999.000,9999.000,9999.000,9999.000,9999.000,9999.000,9999.000,9999.000
202608050454,   0.160,9999.000,9999.000,9999.000,9999.000,9999.000,9999.000,9999.000,9999.000
202608050500,   0.161,9999.000,   0.300,  -0.326,   0.135,   0.300,   0.135,   0.300,   0.135
202608050506,   0.162,9999.000,9999.000,9999.000,9999.000,9999.000,9999.000,9999.000,9999.000
202608050512,   0.163,9999.000,9999.000,9999.000,9999.000,9999.000,9999.000,9999.000,9999.000
202608050518,   0.165,9999.000,9999.000,9999.000,9999.000,9999.000,9999.000,9999.000,9999.000
202608050524,   0.166,9999.000,9999.000,9999.000,9999.000,9999.000,9999.000,9999.000,9999.000
202608050530,   0.167,9999.000,9999.000,9999.000,9999.000,9999.000,9999.000,9999.000,9999.000
202608050536,   0.169,9999.000,9999.000,9999.000,9999.000,9999.000,9999.000,9999.000,9999.000
202608050542,   0.170,9999.000,9999.000,9999.000,9999.000,9999.000,9999.000,9999.000,9999.000
202608050548,   0.172,9999.000,9999.000,9999.000,9999.000,9999.000,9999.000,9999.000,9999.000
202608050554,   0.173,9999.000,9999.000,9999.000,9999.000,9999.000,9999.000,9999.000,9999.000
202608050600,   0.174,9999.000,   0.300,  -0.322,   0.152,   0.300,   0.152,   0.300,   0.152
202608050606,   0.176,9999.000,9999.000,9999.000,9999.000,9999.000,9999.000,9999.000,9999.000
202608050612,   0.177,9999.000,9999.000,9999.000,9999.000,9999.000,9999.000,9999.000,9999.000
202608050618,   0.179,9999.000,9999.000,9999.000,9999.000,9999.000,9999.000,9999.000,9999.000
202608050624,   0.180,9999.000,9999.000,9999.000,9999.000,9999.000,9999.000,9999.000,9999.000
202608050630,   0.182,9999.000,9999.000,9999.000,9999.000,9999.000,9999.000,9999.000,9999.000
202608050636,   0.183,9999.000,9999.000,9999.000,9999.000,9999.000,9999.000,9999.000,9999.000
202608050642,   0.185,9999.000,9999.000,9999.000,9999.000,9999.000,9999.000,9999.000,9999.000
202608050648,   0.186,9999.000,9999.000,9999.000,9999.000,9999.000,9999.000,9999.000,9999.000
202608050654,   0.188,9999.000,9999.000,9999.000,9999.000,9999.000,9999.000,9999.000,9999.000
202608050700,   0.190,9999.000,   0.300,  -0.319,   0.171,   0.300,   0.171,   0.300,   0.171
202608050706,   0.190,9999.000,9999.000,9999.000,9999.000,9999.000,9999.000,9999.000,9999.000
202608050712,   0.192,9999.000,9999.000,9999.000,9999.000,9999.000,9999.000,9999.000,9999.000
202608050718,   0.193,9999.000,9999.000,9999.000,9999.000,9999.000,9999.000,9999.000,9999.000
202608050724,   0.194,9999.000,9999.000,9999.000,9999.000,9999.000,9999.000,9999.000,9999.000
202608050730,   0.195,9999.000,9999.000,9999.000,9999.000,9999.000,9999.000,9999.000,9999.000
202608050736,   0.196,9999.000,9999.000,9999.000,9999.000,9999.000,9999.000,9999.000,9999.000
202608050742,   0.197,9999.000,9999.000,9999.000,9999.000,9999.000,9999.000,9999.000,9999.000
202608050748,   0.198,9999.000,9999.000,9999.000,9999.000,9999.000,9999.000,9999.000,9999.000
202608050754,   0.199,9999.000,9999.000,9999.000,9999.000,9999.000,9999.000,9999.000,9999.000
202608050800,   0.200,9999.000,   0.300,  -0.315,   0.185,   0.300,   0.185,   0.300,   0.185
202608050806,   0.200,9999.000,9999.000,9999.000,9999.000,9999.000,9999.000,9999.000,9999.000
202608050812,   0.201,9999.000,9999.000,9999.000,9999.000,9999.000,9999.000,9999.000,9999.000
202608050818,   0.202,9999.000,9999.000,9999.000,9999.000,9999.000,9999.000,9999.000,9999.000
202608050824,   0.202,9999.000,9999.000,9999.000,9999.000,9999.000,9999.000,9999.000,9999.000
202608050830,   0.202,9999.000,9999.000,9999.000,9999.000,9999.000,9999.000,9999.000,9999.000
202608050836,   0.202,9999.000,9999.000,9999.000,9999.000,9999.000,9999.000,9999.000,9999.000
202608050842,   0.203,9999.000,9999.000,9999.000,9999.000,9999.000,9999.000,9999.000,9999.000
202608050848,   0.203,9999.000,9999.000,9999.000,9999.000,9999.000,9999.000,9999.000,9999.000
202608050854,   0.203,9999.000,9999.000,9999.000,9999.000,9999.000,9999.000,9999.000,9999.000
202608050900,   0.203,9999.000,   0.300,  -0.311,   0.192,   0.300,   0.192,   0.300,   0.192
202608050906,   0.202,9999.000,9999.000,9999.000,9999.000,9999.000,9999.000,9999.000,9999.000
202608050912,   0.202,9999.000,9999.000,9999.000,9999.000,9999.000,9999.000,9999.000,9999.000
202608050918,   0.202,9999.000,9999.000,9999.000,9999.000,9999.000,9999.000,9999.000,9999.000
202608050924,   0.201,9999.000,9999.000,9999.000,9999.000,9999.000,9999.000,9999.000,9999.000
202608050930,   0.201,9999.000,9999.000,9999.000,9999.000,9999.000,9999.000,9999.000,9999.000
202608050936,   0.200,9999.000,9999.000,9999.000,9999.000,9999.000,9999.000,9999.000,9999.000
202608050942,   0.200,9999.000,9999.000,9999.000,9999.000,9999.000,9999.000,9999.000,9999.000
202608050948,   0.199,9999.000,9999.000,9999.000,9999.000,9999.000,9999.000,9999.000,9999.000
202608050954,   0.199,9999.000,9999.000,9999.000,9999.000,9999.000,9999.000,9999.000,9999.000
202608051000,   0.198,9999.000,   0.300,  -0.307,   0.191,   0.300,   0.191,   0.300,   0.191
202608051006,   0.197,9999.000,9999.000,9999.000,9999.000,9999.000,9999.000,9999.000,9999.000
202608051012,   0.196,9999.000,9999.000,9999.000,9999.000,9999.000,9999.000,9999.000,9999.000
202608051018,   0.196,9999.000,9999.000,9999.000,9999.000,9999.000,9999.000,9999.000,9999.000
202608051024,   0.195,9999.000,9999.000,9999.000,9999.000,9999.000,9999.000,9999.000,9999.000
202608051030,   0.194,9999.000,9999.000,9999.000,9999.000,9999.000,9999.000,9999.000,9999.000
202608051036,   0.193,9999.000,9999.000,9999.000,9999.000,9999.000,9999.000,9999.000,9999.000
202608051042,   0.193,9999.000,9999.000,9999.000,9999.000,9999.000,9999.000,9999.000,9999.000
202608051048,   0.192,9999.000,9999.000,9999.000,9999.000,9999.000,9999.000,9999.000,9999.000
202608051054,   0.191,9999.000,9999.000,9999.000,9999.000,9999.000,9999.000,9999.000,9999.000
202608051100,   0.191,9999.000,   0.300,  -0.303,   0.188,   0.300,   0.188,   0.300,   0.188
202608051106,   0.190,9999.000,9999.000,9999.000,9999.000,9999.000,9999.000,9999.000,9999.000
202608051112,   0.190,9999.000,9999.000,9999.000,9999.000,9999.000,9999.000,9999.000,9999.000
202608051118,   0.190,9999.000,9999.000,9999.000,9999.000,9999.000,9999.000,9999.000,9999.000
202608051124,   0.188,9999.000,9999.000,9999.000,9999.000,9999.000,9999.000,9999.000,9999.000
202608051130,   0.188,9999.000,9999.000,9999.000,9999.000,9999.000,9999.000,9999.000,9999.000
202608051136,   0.187,9999.000,9999.000,9999.000,9999.000,9999.000,9999.000,9999.000,9999.000
202608051142,   0.187,9999.000,9999.000,9999.000,9999.000,9999.000,9999.000,9999.000,9999.000
202608051148,   0.187,9999.000,9999.000,9999.000,9999.000,9999.000,9999.000,9999.000,9999.000
202608051154,   0.187,9999.000,9999.000,9999.000,9999.000,9999.000,9999.000,9999.000,9999.000
202608051200,   0.187,9999.000,   0.300,  -0.299,   0.188,   0.300,   0.188,   0.300,   0.188
202608051206,   0.186,9999.000,9999.000,9999.000,9999.000,9999.000,9999.000,9999.000,9999.000
202608051212,   0.186,9999.000,9999.000,9999.000,9999.000,9999.000,9999.000,9999.000,9999.000
202608051218,   0.187,9999.000,9999.000,9999.000,9999.000,9999.000,9999.000,9999.000,9999.000
202608051224,   0.187,9999.000,9999.000,9999.000,9999.000,9999.000,9999.000,9999.000,9999.000
202608051230,   0.187,9999.000,9999.000,9999.000,9999.000,9999.000,9999.000,9999.000,9999.000
202608051236,   0.187,9999.000,9999.000,9999.000,9999.000,9999.000,9999.000,9999.000,9999.000
202608051242,   0.188,9999.000,9999.000,9999.000,9999.000,9999.000,9999.000,9999.000,9999.000
202608051248,   0.188,9999.000,9999.000,9999.000,9999.000,9999.000,9999.000,9999.000,9999.000
202608051254,   0.190,9999.000,9999.000,9999.000,9999.000,9999.000,9999.000,9999.000,9999.000
202608051300,   0.190,9999.000,   0.300,  -0.299,   0.191,   0.300,   0.191,   0.300,   0.191
202608051306,   0.190,9999.000,9999.000,9999.000,9999.000,9999.000,9999.000,9999.000,9999.000
202608051312,   0.191,9999.000,9999.000,9999.000,9999.000,9999.000,9999.000,9999.000,9999.000
202608051318,   0.192,9999.000,9999.000,9999.000,9999.000,9999.000,9999.000,9999.000,9999.000
202608051324,   0.193,9999.000,9999.000,9999.000,9999.000,9999.000,9999.000,9999.000,9999.000
202608051330,   0.194,9999.000,9999.000,9999.000,9999.000,9999.000,9999.000,9999.000,9999.000
202608051336,   0.195,9999.000,9999.000,9999.000,9999.000,9999.000,9999.000,9999.000,9999.000
202608051342,   0.196,9999.000,9999.000,9999.000,9999.000,9999.000,9999.000,9999.000,9999.000
202608051348,   0.197,9999.000,9999.000,9999.000,9999.000,9999.000,9999.000,9999.000,9999.000
202608051354,   0.198,9999.000,9999.000,9999.000,9999.000,9999.000,9999.000,9999.000,9999.000
202608051400,   0.199,9999.000,   0.300,  -0.299,   0.200,   0.300,   0.200,   0.300,   0.200
202608051406,   0.201,9999.000,9999.000,9999.000,9999.000,9999.000,9999.000,9999.000,9999.000
202608051412,   0.202,9999.000,9999.000,9999.000,9999.000,9999.000,9999.000,9999.000,9999.000
202608051418,   0.203,9999.000,9999.000,9999.000,9999.000,9999.000,9999.000,9999.000,9999.000
202608051424,   0.205,9999.000,9999.000,9999.000,9999.000,9999.000,9999.000,9999.000,9999.000
202608051430,   0.206,9999.000,9999.000,9999.000,9999.000,9999.000,9999.000,9999.000,9999.000
202608051436,   0.208,9999.000,9999.000,9999.000,9999.000,9999.000,9999.000,9999.000,9999.000
202608051442,   0.209,9999.000,9999.000,9999.000,9999.000,9999.000,9999.000,9999.000,9999.000
202608051448,   0.211,9999.000,9999.000,9999.000,9999.000,9999.000,9999.000,9999.000,9999.000
202608051454,   0.213,9999.000,9999.000,9999.000,9999.000,9999.000,9999.000,9999.000,9999.000
202608051500,   0.214,9999.000,   0.300,  -0.299,   0.215,   0.300,   0.215,   0.300,   0.215
202608051506,   0.216,9999.000,9999.000,9999.000,9999.000,9999.000,9999.000,9999.000,9999.000
202608051512,   0.218,9999.000,9999.000,9999.000,9999.000,9999.000,9999.000,9999.000,9999.000
202608051518,   0.219,9999.000,9999.000,9999.000,9999.000,9999.000,9999.000,9999.000,9999.000
202608051524,   0.221,9999.000,9999.000,9999.000,9999.000,9999.000,9999.000,9999.000,9999.000
202608051530,   0.223,9999.000,9999.000,9999.000,9999.000,9999.000,9999.000,9999.000,9999.000
202608051536,   0.225,9999.000,9999.000,9999.000,9999.000,9999.000,9999.000,9999.000,9999.000
202608051542,   0.227,9999.000,9999.000,9999.000,9999.000,9999.000,9999.000,9999.000,9999.000
202608051548,   0.229,9999.000,9999.000,9999.000,9999.000,9999.000,9999.000,9999.000,9999.000
202608051554,   0.230,9999.000,9999.000,9999.000,9999.000,9999.000,9999.000,9999.000,9999.000
202608051600,   0.232,9999.000,   0.300,  -0.299,   0.233,   0.300,   0.233,   0.300,   0.233
202608051606,   0.234,9999.000,9999.000,9999.000,9999.000,9999.000,9999.000,9999.000,9999.000
202608051612,   0.236,9999.000,9999.000,9999.000,9999.000,9999.000,9999.000,9999.000,9999.000
202608051618,   0.238,9999.000,9999.000,9999.000,9999.000,9999.000,9999.000,9999.000,9999.000
202608051624,   0.240,9999.000,9999.000,9999.000,9999.000,9999.000,9999.000,9999.000,9999.000
202608051630,   0.242,9999.000,9999.000,9999.000,9999.000,9999.000,9999.000,9999.000,9999.000
202608051636,   0.244,9999.000,9999.000,9999.000,9999.000,9999.000,9999.000,9999.000,9999.000
202608051642,   0.246,9999.000,9999.000,9999.000,9999.000,9999.000,9999.000,9999.000,9999.000
202608051648,   0.248,9999.000,9999.000,9999.000,9999.000,9999.000,9999.000,9999.000,9999.000
202608051654,   0.250,9999.000,9999.000,9999.000,9999.000,9999.000,9999.000,9999.000,9999.000
202608051700,   0.252,9999.000,   0.300,  -0.299,   0.253,   0.300,   0.253,   0.300,   0.253
202608051706,   0.254,9999.000,9999.000,9999.000,9999.000,9999.000,9999.000,9999.000,9999.000
202608051712,   0.256,9999.000,9999.000,9999.000,9999.000,9999.000,9999.000,9999.000,9999.000
202608051718,   0.257,9999.000,9999.000,9999.000,9999.000,9999.000,9999.000,9999.000,9999.000
202608051724,   0.259,9999.000,9999.000,9999.000,9999.000,9999.000,9999.000,9999.000,9999.000
202608051730,   0.261,9999.000,9999.000,9999.000,9999.000,9999.000,9999.000,9999.000,9999.000
202608051736,   0.263,9999.000,9999.000,9999.000,9999.000,9999.000,9999.000,9999.000,9999.000
202608051742,   0.265,9999.000,9999.000,9999.000,9999.000,9999.000,9999.000,9999.000,9999.000
202608051748,   0.266,9999.000,9999.000,9999.000,9999.000,9999.000,9999.000,9999.000,9999.000
202608051754,   0.268,9999.000,9999.000,9999.000,9999.000,9999.000,9999.000,9999.000,9999.000
202608051800,   0.269,9999.000,   0.300,  -0.299,   0.270,   0.300,   0.270,   0.300,   0.270
202608051806,   0.271,9999.000,9999.000,9999.000,9999.000,9999.000,9999.000,9999.000,9999.000
202608051812,   0.272,9999.000,9999.000,9999.000,9999.000,9999.000,9999.000,9999.000,9999.000
202608051818,   0.274,9999.000,9999.000,9999.000,9999.000,9999.000,9999.000,9999.000,9999.000
202608051824,   0.275,9999.000,9999.000,9999.000,9999.000,9999.000,9999.000,9999.000,9999.000
202608051830,   0.276,9999.000,9999.000,9999.000,9999.000,9999.000,9999.000,9999.000,9999.000
202608051836,   0.277,9999.000,9999.000,9999.000,9999.000,9999.000,9999.000,9999.000,9999.000
202608051842,   0.278,9999.000,9999.000,9999.000,9999.000,9999.000,9999.000,9999.000,9999.000
202608051848,   0.279,9999.000,9999.000,9999.000,9999.000,9999.000,9999.000,9999.000,9999.000
202608051854,   0.279,9999.000,9999.000,9999.000,9999.000,9999.000,9999.000,9999.000,9999.000
202608051900,   0.280,9999.000,   0.300,  -0.299,   0.281,   0.300,   0.281,   0.300,   0.281
202608051906,   0.280,9999.000,9999.000,9999.000,9999.000,9999.000,9999.000,9999.000,9999.000
202608051912,   0.281,9999.000,9999.000,9999.000,9999.000,9999.000,9999.000,9999.000,9999.000
202608051918,   0.281,9999.000,9999.000,9999.000,9999.000,9999.000,9999.000,9999.000,9999.000
202608051924,   0.281,9999.000,9999.000,9999.000,9999.000,9999.000,9999.000,9999.000,9999.000
202608051930,   0.281,9999.000,9999.000,9999.000,9999.000,9999.000,9999.000,9999.000,9999.000
202608051936,   0.281,9999.000,9999.000,9999.000,9999.000,9999.000,9999.000,9999.000,9999.000
202608051942,   0.280,9999.000,9999.000,9999.000,9999.000,9999.000,9999.000,9999.000,9999.000
202608051948,   0.280,9999.000,9999.000,9999.000,9999.000,9999.000,9999.000,9999.000,9999.000
202608051954,   0.279,9999.000,9999.000,9999.000,9999.000,9999.000,9999.000,9999.000,9999.000
202608052000,   0.278,9999.000,   0.300,  -0.299,   0.279,   0.300,   0.279,   0.300,   0.279
202608052006,   0.277,9999.000,9999.000,9999.000,9999.000,9999.000,9999.000,9999.000,9999.000
202608052012,   0.276,9999.000,9999.000,9999.000,9999.000,9999.000,9999.000,9999.000,9999.000
202608052018,   0.275,9999.000,9999.000,9999.000,9999.000,9999.000,9999.000,9999.000,9999.000
202608052024,   0.274,9999.000,9999.000,9999.000,9999.000,9999.000,9999.000,9999.000,9999.000
202608052030,   0.272,9999.000,9999.000,9999.000,9999.000,9999.000,9999.000,9999.000,9999.000
202608052036,   0.271,9999.000,9999.000,9999.000,9999.000,9999.000,9999.000,9999.000,9999.000
202608052042,   0.269,9999.000,9999.000,9999.000,9999.000,9999.000,9999.000,9999.000,9999.000
202608052048,   0.267,9999.000,9999.000,9999.000,9999.000,9999.000,9999.000,9999.000,9999.000
202608052054,   0.265,9999.000,9999.000,9999.000,9999.000,9999.000,9999.000,9999.000,9999.000
202608052100,   0.263,9999.000,   0.300,  -0.299,   0.264,   0.300,   0.264,   0.300,   0.264
202608052106,   0.261,9999.000,9999.000,9999.000,9999.000,9999.000,9999.000,9999.000,9999.000
202608052112,   0.259,9999.000,9999.000,9999.000,9999.000,9999.000,9999.000,9999.000,9999.000
202608052118,   0.256,9999.000,9999.000,9999.000,9999.000,9999.000,9999.000,9999.000,9999.000
202608052124,   0.254,9999.000,9999.000,9999.000,9999.000,9999.000,9999.000,9999.000,9999.000
202608052130,   0.251,9999.000,9999.000,9999.000,9999.000,9999.000,9999.000,9999.000,9999.000
202608052136,   0.249,9999.000,9999.000,9999.000,9999.000,9999.000,9999.000,9999.000,9999.000
202608052142,   0.246,9999.000,9999.000,9999.000,9999.000,9999.000,9999.000,9999.000,9999.000
202608052148,   0.243,9999.000,9999.000,9999.000,9999.000,9999.000,9999.000,9999.000,9999.000
202608052154,   0.240,9999.000,9999.000,9999.000,9999.000,9999.000,9999.000,9999.000,9999.000
202608052200,   0.237,9999.000,   0.300,  -0.299,   0.238,   0.300,   0.238,   0.300,   0.238
202608052206,   0.235,9999.000,9999.000,9999.000,9999.000,9999.000,9999.000,9999.000,9999.000
202608052212,   0.232,9999.000,9999.000,9999.000,9999.000,9999.000,9999.000,9999.000,9999.000
202608052218,   0.229,9999.000,9999.000,9999.000,9999.000,9999.000,9999.000,9999.000,9999.000
202608052224,   0.226,9999.000,9999.000,9999.000,9999.000,9999.000,9999.000,9999.000,9999.000
202608052230,   0.223,9999.000,9999.000,9999.000,9999.000,9999.000,9999.000,9999.000,9999.000
202608052236,   0.220,9999.000,9999.000,9999.000,9999.000,9999.000,9999.000,9999.000,9999.000
202608052242,   0.217,9999.000,9999.000,9999.000,9999.000,9999.000,9999.000,9999.000,9999.000
202608052248,   0.214,9999.000,9999.000,9999.000,9999.000,9999.000,9999.000,9999.000,9999.000
202608052254,   0.212,9999.000,9999.000,9999.000,9999.000,9999.000,9999.000,9999.000,9999.000
202608052300,   0.209,9999.000,   0.300,  -0.299,   0.210,   0.300,   0.210,   0.300,   0.210
202608052306,   0.206,9999.000,9999.000,9999.000,9999.000,9999.000,9999.000,9999.000,9999.000
202608052312,   0.203,9999.000,9999.000,9999.000,9999.000,9999.000,9999.000,9999.000,9999.000
202608052318,   0.201,9999.000,9999.000,9999.000,9999.000,9999.000,9999.000,9999.000,9999.000
202608052324,   0.198,9999.000,9999.000,9999.000,9999.000,9999.000,9999.000,9999.000,9999.000
202608052330,   0.196,9999.000,9999.000,9999.000,9999.000,9999.000,9999.000,9999.000,9999.000
202608052336,   0.193,9999.000,9999.000,9999.000,9999.000,9999.000,9999.000,9999.000,9999.000
202608052342,   0.191,9999.000,9999.000,9999.000,9999.000,9999.000,9999.000,9999.000,9999.000
202608052348,   0.188,9999.000,9999.000,9999.000,9999.000,9999.000,9999.000,9999.000,9999.000
202608052354,   0.186,9999.000,9999.000,9999.000,9999.000,9999.000,9999.000,9999.000,9999.000
202608060000,   0.184,9999.000,   0.300,  -0.299,   0.185,   0.300,   0.185,   0.300,   0.185
202608060006,   0.182,9999.000,9999.000,9999.000,9999.000,9999.000,9999.000,9999.000,9999.000
202608060012,   0.180,9999.000,9999.000,9999.000,9999.000,9999.000,9999.000,9999.000,9999.000
202608060018,   0.178,9999.000,9999.000,9999.000,9999.000,9999.000,9999.000,9999.000,9999.000
202608060024,   0.176,9999.000,9999.000,9999.000,9999.000,9999.000,9999.000,9999.000,9999.000
202608060030,   0.174,9999.000,9999.000,9999.000,9999.000,9999.000,9999.000,9999.000,9999.000
202608060036,   0.172,9999.000,9999.000,9999.000,9999.000,9999.000,9999.000,9999.000,9999.000
202608060042,   0.171,9999.000,9999.000,9999.000,9999.000,9999.000,9999.000,9999.000,9999.000
202608060048,   0.169,9999.000,9999.000,9999.000,9999.000,9999.000,9999.000,9999.000,9999.000
202608060054,   0.167,9999.000,9999.000,9999.000,9999.000,9999.000,9999.000,9999.000,9999.000
202608060100,   0.166,9999.000,   0.300,  -0.299,   0.167,   0.300,   0.167,   0.300,   0.167
202608060106,   0.165,9999.000,9999.000,9999.000,9999.000,9999.000,9999.000,9999.000,9999.000
202608060112,   0.163,9999.000,9999.000,9999.000,9999.000,9999.000,9999.000,9999.000,9999.000
202608060118,   0.162,9999.000,9999.000,9999.000,9999.000,9999.000,9999.000,9999.000,9999.000
202608060124,   0.161,9999.000,9999.000,9999.000,9999.000,9999.000,9999.000,9999.000,9999.000
202608060130,   0.159,9999.000,9999.000,9999.000,9999.000,9999.000,9999.000,9999.000,9999.000
202608060136,   0.158,9999.000,9999.000,9999.000,9999.000,9999.000,9999.000,9999.000,9999.000
202608060142,   0.157,9999.000,9999.000,9999.000,9999.000,9999.000,9999.000,9999.000,9999.000
202608060148,   0.156,9999.000,9999.000,9999.000,9999.000,9999.000,9999.000,9999.000,9999.000
202608060154,   0.155,9999.000,9999.000,9999.000,9999.000,9999.000,9999.000,9999.000,9999.000
202608060200,   0.154,9999.000,   0.300,  -0.299,   0.155,   0.300,   0.155,   0.300,   0.155
202608060206,   0.153,9999.000,9999.000,9999.000,9999.000,9999.000,9999.000,9999.000,9999.000
202608060212,   0.152,9999.000,9999.000,9999.000,9999.000,9999.000,9999.000,9999.000,9999.000
202608060218,   0.152,9999.000,9999.000,9999.000,9999.000,9999.000,9999.000,9999.000,9999.000
202608060224,   0.151,9999.000,9999.000,9999.000,9999.000,9999.000,9999.000,9999.000,9999.000
202608060230,   0.150,9999.000,9999.000,9999.000,9999.000,9999.000,9999.000,9999.000,9999.000
202608060236,   0.149,9999.000,9999.000,9999.000,9999.000,9999.000,9999.000,9999.000,9999.000
202608060242,   0.149,9999.000,9999.000,9999.000,9999.000,9999.000,9999.000,9999.000,9999.000
202608060248,   0.148,9999.000,9999.000,9999.000,9999.000,9999.000,9999.000,9999.000,9999.000
202608060254,   0.148,9999.000,9999.000,9999.000,9999.000,9999.000,9999.000,9999.000,9999.000
202608060300,   0.147,9999.000,   0.300,  -0.299,   0.148,   0.300,   0.148,   0.300,   0.148
202608060306,   0.147,9999.000,9999.000,9999.000,9999.000,9999.000,9999.000,9999.000,9999.000
202608060312,   0.146,9999.000,9999.000,9999.000,9999.000,9999.000,9999.000,9999.000,9999.000
202608060318,   0.146,9999.000,9999.000,9999.000,9999.000,9999.000,9999.000,9999.000,9999.000
202608060324,   0.145,9999.000,9999.000,9999.000,9999.000,9999.000,9999.000,9999.000,9999.000
202608060330,   0.145,9999.000,9999.000,9999.000,9999.000,9999.000,9999.000,9999.000,9999.000
202608060336,   0.145,9999.000,9999.000,9999.000,9999.000,9999.000,9999.000,9999.000,9999.000
202608060342,   0.145,9999.000,9999.000,9999.000,9999.000,9999.000,9999.000,9999.000,9999.000
202608060348,   0.145,9999.000,9999.000,9999.000,9999.000,9999.000,9999.000,9999.000,9999.000
202608060354,   0.145,9999.000,9999.000,9999.000,9999.000,9999.000,9999.000,9999.000,9999.000
202608060400,   0.145,9999.000,   0.300,  -0.299,   0.146,   0.300,   0.146,   0.300,   0.146
202608060406,   0.145,9999.000,9999.000,9999.000,9999.000,9999.000,9999.000,9999.000,9999.000
202608060412,   0.145,9999.000,9999.000,9999.000,9999.000,9999.000,9999.000,9999.000,9999.000
202608060418,   0.145,9999.000,9999.000,9999.000,9999.000,9999.000,9999.000,9999.000,9999.000
202608060424,   0.145,9999.000,9999.000,9999.000,9999.000,9999.000,9999.000,9999.000,9999.000
202608060430,   0.146,9999.000,9999.000,9999.000,9999.000,9999.000,9999.000,9999.000,9999.000
202608060436,   0.146,9999.000,9999.000,9999.000,9999.000,9999.000,9999.000,9999.000,9999.000
202608060442,   0.147,9999.000,9999.000,9999.000,9999.000,9999.000,9999.000,9999.000,9999.000
202608060448,   0.147,9999.000,9999.000,9999.000,9999.000,9999.000,9999.000,9999.000,9999.000
202608060454,   0.148,9999.000,9999.000,9999.000,9999.000,9999.000,9999.000,9999.000,9999.000
202608060500,   0.148,9999.000,   0.300,  -0.299,   0.149,   0.300,   0.149,   0.300,   0.149
202608060506,   0.149,9999.000,9999.000,9999.000,9999.000,9999.000,9999.000,9999.000,9999.000
202608060512,   0.150,9999.000,9999.000,9999.000,9999.000,9999.000,9999.000,9999.000,9999.000
202608060518,   0.151,9999.000,9999.000,9999.000,9999.000,9999.000,9999.000,9999.000,9999.000
202608060524,   0.152,9999.000,9999.000,9999.000,9999.000,9999.000,9999.000,9999.000,9999.000
202608060530,   0.153,9999.000,9999.000,9999.000,9999.000,9999.000,9999.000,9999.000,9999.000
202608060536,   0.154,9999.000,9999.000,9999.000,9999.000,9999.000,9999.000,9999.000,9999.000
202608060542,   0.155,9999.000,9999.000,9999.000,9999.000,9999.000,9999.000,9999.000,9999.000
202608060548,   0.157,9999.000,9999.000,9999.000,9999.000,9999.000,9999.000,9999.000,9999.000
202608060554,   0.158,9999.000,9999.000,9999.000,9999.000,9999.000,9999.000,9999.000,9999.000
202608060600,   0.159,9999.000,   0.300,  -0.299,   0.160,   0.300,   0.160,   0.300,   0.160
202608060606,   0.161,9999.000,9999.000,9999.000,9999.000,9999.000,9999.000,9999.000,9999.000
202608060612,   0.162,9999.000,9999.000,9999.000,9999.000,9999.000,9999.000,9999.000,9999.000
202608060618,   0.164,9999.000,9999.000,9999.000,9999.000,9999.000,9999.000,9999.000,9999.000
202608060624,   0.165,9999.000,9999.000,9999.000,9999.000,9999.000,9999.000,9999.000,9999.000
202608060630,   0.167,9999.000,9999.000,9999.000,9999.000,9999.000,9999.000,9999.000,9999.000
202608060636,   0.168,9999.000,9999.000,9999.000,9999.000,9999.000,9999.000,9999.000,9999.000
202608060642,   0.170,9999.000,9999.000,9999.000,9999.000,9999.000,9999.000,9999.000,9999.000
202608060648,   0.171,9999.000,9999.000,9999.000,9999.000,9999.000,9999.000,9999.000,9999.000
202608060654,   0.173,9999.000,9999.000,9999.000,9999.000,9999.000,9999.000,9999.000,9999.000
202608060700,   0.174,9999.000,   0.300,  -0.299,   0.175,   0.300,   0.175,   0.300,   0.175
202608060706,   0.176,9999.000,9999.000,9999.000,9999.000,9999.000,9999.000,9999.000,9999.000
202608060712,   0.177,9999.000,9999.000,9999.000,9999.000,9999.000,9999.000,9999.000,9999.000
202608060718,   0.179,9999.000,9999.000,9999.000,9999.000,9999.000,9999.000,9999.000,9999.000
202608060724,   0.180,9999.000,9999.000,9999.000,9999.000,9999.000,9999.000,9999.000,9999.000
202608060730,   0.182,9999.000,9999.000,9999.000,9999.000,9999.000,9999.000,9999.000,9999.000
202608060736,   0.183,9999.000,9999.000,9999.000,9999.000,9999.000,9999.000,9999.000,9999.000
202608060742,   0.184,9999.000,9999.000,9999.000,9999.000,9999.000,9999.000,9999.000,9999.000
202608060748,   0.186,9999.000,9999.000,9999.000,9999.000,9999.000,9999.000,9999.000,9999.000
202608060754,   0.187,9999.000,9999.000,9999.000,9999.000,9999.000,9999.000,9999.000,9999.000
202608060800,   0.188,9999.000,   0.300,  -0.299,   0.189,   0.300,   0.189,   0.300,   0.189
202608060806,   0.190,9999.000,9999.000,9999.000,9999.000,9999.000,9999.000,9999.000,9999.000
202608060812,   0.190,9999.000,9999.000,9999.000,9999.000,9999.000,9999.000,9999.000,9999.000
202608060818,   0.191,9999.000,9999.000,9999.000,9999.000,9999.000,9999.000,9999.000,9999.000
202608060824,   0.192,9999.000,9999.000,9999.000,9999.000,9999.000,9999.000,9999.000,9999.000
202608060830,   0.193,9999.000,9999.000,9999.000,9999.000,9999.000,9999.000,9999.000,9999.000
202608060836,   0.194,9999.000,9999.000,9999.000,9999.000,9999.000,9999.000,9999.000,9999.000
202608060842,   0.195,9999.000,9999.000,9999.000,9999.000,9999.000,9999.000,9999.000,9999.000
202608060848,   0.196,9999.000,9999.000,9999.000,9999.000,9999.000,9999.000,9999.000,9999.000
202608060854,   0.196,9999.000,9999.000,9999.000,9999.000,9999.000,9999.000,9999.000,9999.000
202608060900,   0.197,9999.000,   0.300,  -0.299,   0.198,   0.300,   0.198,   0.300,   0.198
202608060906,   0.197,9999.000,9999.000,9999.000,9999.000,9999.000,9999.000,9999.000,9999.000
202608060912,   0.198,9999.000,9999.000,9999.000,9999.000,9999.000,9999.000,9999.000,9999.000
202608060918,   0.198,9999.000,9999.000,9999.000,9999.000,9999.000,9999.000,9999.000,9999.000
202608060924,   0.199,9999.000,9999.000,9999.000,9999.000,9999.000,9999.000,9999.000,9999.000
202608060930,   0.199,9999.000,9999.000,9999.000,9999.000,9999.000,9999.000,9999.000,9999.000
202608060936,   0.199,9999.000,9999.000,9999.000,9999.000,9999.000,9999.000,9999.000,9999.000
202608060942,   0.199,9999.000,9999.000,9999.000,9999.000,9999.000,9999.000,9999.000,9999.000
202608060948,   0.200,9999.000,9999.000,9999.000,9999.000,9999.000,9999.000,9999.000,9999.000
202608060954,   0.200,9999.000,9999.000,9999.000,9999.000,9999.000,9999.000,9999.000,9999.000
202608061000,   0.200,9999.000,   0.300,  -0.299,   0.201,   0.300,   0.201,   0.300,   0.201
202608061006,   0.200,9999.000,9999.000,9999.000,9999.000,9999.000,9999.000,9999.000,9999.000
202608061012,   0.200,9999.000,9999.000,9999.000,9999.000,9999.000,9999.000,9999.000,9999.000
202608061018,   0.200,9999.000,9999.000,9999.000,9999.000,9999.000,9999.000,9999.000,9999.000
202608061024,   0.200,9999.000,9999.000,9999.000,9999.000,9999.000,9999.000,9999.000,9999.000
202608061030,   0.200,9999.000,9999.000,9999.000,9999.000,9999.000,9999.000,9999.000,9999.000
202608061036,   0.200,9999.000,9999.000,9999.000,9999.000,9999.000,9999.000,9999.000,9999.000
202608061042,   0.200,9999.000,9999.000,9999.000,9999.000,9999.000,9999.000,9999.000,9999.000
202608061048,   0.200,9999.000,9999.000,9999.000,9999.000,9999.000,9999.000,9999.000,9999.000
202608061054,   0.200,9999.000,9999.000,9999.000,9999.000,9999.000,9999.000,9999.000,9999.000
202608061100,   0.201,9999.000,   0.300,  -0.299,   0.202,   0.300,   0.202,   0.300,   0.202
202608061106,   0.201,9999.000,9999.000,9999.000,9999.000,9999.000,9999.000,9999.000,9999.000
202608061112,   0.201,9999.000,9999.000,9999.000,9999.000,9999.000,9999.000,9999.000,9999.000
202608061118,   0.201,9999.000,9999.000,9999.000,9999.000,9999.000,9999.000,9999.000,9999.000
202608061124,   0.201,9999.000,9999.000,9999.000,9999.000,9999.000,9999.000,9999.000,9999.000
202608061130,   0.202,9999.000,9999.000,9999.000,9999.000,9999.000,9999.000,9999.000,9999.000
202608061136,   0.202,9999.000,9999.000,9999.000,9999.000,9999.000,9999.000,9999.000,9999.000
202608061142,   0.203,9999.000,9999.000,9999.000,9999.000,9999.000,9999.000,9999.000,9999.000
202608061148,   0.203,9999.000,9999.000,9999.000,9999.000,9999.000,9999.000,9999.000,9999.000
202608061154,   0.204,9999.000,9999.000,9999.000,9999.000,9999.000,9999.000,9999.000,9999.000
202608061200,   0.204,9999.000,   0.300,  -0.299,   0.205,   0.300,   0.205,   0.300,   0.205
202608061206,   0.205,9999.000,9999.000,9999.000,9999.000,9999.000,9999.000,9999.000,9999.000
202608061212,   0.205,9999.000,9999.000,9999.000,9999.000,9999.000,9999.000,9999.000,9999.000
202608061218,   0.206,9999.000,9999.000,9999.000,9999.000,9999.000,9999.000,9999.000,9999.000
202608061224,   0.207,9999.000,9999.000,9999.000,9999.000,9999.000,9999.000,9999.000,9999.000
202608061230,   0.208,9999.000,9999.000,9999.000,9999.000,9999.000,9999.000,9999.000,9999.000
202608061236,   0.209,9999.000,9999.000,9999.000,9999.000,9999.000,9999.000,9999.000,9999.000
202608061242,   0.210,9999.000,9999.000,9999.000,9999.000,9999.000,9999.000,9999.000,9999.000
202608061248,   0.211,9999.000,9999.000,9999.000,9999.000,9999.000,9999.000,9999.000,9999.000
202608061254,   0.212,9999.000,9999.000,9999.000,9999.000,9999.000,9999.000,9999.000,9999.000
202608061300,   0.213,9999.000,   0.300,  -0.299,   0.214,   0.300,   0.214,   0.300,   0.214
202608061306,   0.214,9999.000,9999.000,9999.000,9999.000,9999.000,9999.000,9999.000,9999.000
202608061312,   0.216,9999.000,9999.000,9999.000,9999.000,9999.000,9999.000,9999.000,9999.000
202608061318,   0.217,9999.000,9999.000,9999.000,9999.000,9999.000,9999.000,9999.000,9999.000
202608061324,   0.219,9999.000,9999.000,9999.000,9999.000,9999.000,9999.000,9999.000,9999.000
202608061330,   0.220,9999.000,9999.000,9999.000,9999.000,9999.000,9999.000,9999.000,9999.000
202608061336,   0.221,9999.000,9999.000,9999.000,9999.000,9999.000,9999.000,9999.000,9999.000
202608061342,   0.223,9999.000,9999.000,9999.000,9999.000,9999.000,9999.000,9999.000,9999.000
202608061348,   0.225,9999.000,9999.000,9999.000,9999.000,9999.000,9999.000,9999.000,9999.000
202608061354,   0.226,9999.000,9999.000,9999.000,9999.000,9999.000,9999.000,9999.000,9999.000
202608061400,   0.228,9999.000,   0.300,  -0.299,   0.229,   0.300,   0.229,   0.300,   0.229
202608061406,   0.230,9999.000,9999.000,9999.000,9999.000,9999.000,9999.000,9999.000,9999.000
202608061412,   0.232,9999.000,9999.000,9999.000,9999.000,9999.000,9999.000,9999.000,9999.000
202608061418,   0.233,9999.000,9999.000,9999.000,9999.000,9999.000,9999.000,9999.000,9999.000
202608061424,   0.235,9999.000,9999.000,9999.000,9999.000,9999.000,9999.000,9999.000,9999.000
202608061430,   0.237,9999.000,9999.000,9999.000,9999.000,9999.000,9999.000,9999.000,9999.000
202608061436,   0.239,9999.000,9999.000,9999.000,9999.000,9999.000,9999.000,9999.000,9999.000
202608061442,   0.241,9999.000,9999.000,9999.000,9999.000,9999.000,9999.000,9999.000,9999.000
202608061448,   0.243,9999.000,9999.000,9999.000,9999.000,9999.000,9999.000,9999.000,9999.000
202608061454,   0.245,9999.000,9999.000,9999.000,9999.000,9999.000,9999.000,9999.000,9999.000
202608061500,   0.247,9999.000,   0.300,  -0.299,   0.248,   0.300,   0.248,   0.300,   0.248
202608061506,   0.249,9999.000,9999.000,9999.000,9999.000,9999.000,9999.000,9999.000,9999.000
202608061512,   0.251,9999.000,9999.000,9999.000,9999.000,9999.000,9999.000,9999.000,9999.000
202608061518,   0.254,9999.000,9999.000,9999.000,9999.000,9999.000,9999.000,9999.000,9999.000
202608061524,   0.256,9999.000,9999.000,9999.000,9999.000,9999.000,9999.000,9999.000,9999.000
202608061530,   0.258,9999.000,9999.000,9999.000,9999.000,9999.000,9999.000,9999.000,9999.000
202608061536,   0.260,9999.000,9999.000,9999.000,9999.000,9999.000,9999.000,9999.000,9999.000
202608061542,   0.263,9999.000,9999.000,9999.000,9999.000,9999.000,9999.000,9999.000,9999.000
202608061548,   0.265,9999.000,9999.000,9999.000,9999.000,9999.000,9999.000,9999.000,9999.000
202608061554,   0.267,9999.000,9999.000,9999.000,9999.000,9999.000,9999.000,9999.000,9999.000
202608061600,   0.270,9999.000,   0.300,  -0.299,   0.271,   0.300,   0.271,   0.300,   0.271
202608061606,   0.272,9999.000,9999.000,9999.000,9999.000,9999.000,9999.000,9999.000,9999.000
202608061612,   0.274,9999.000,9999.000,9999.000,9999.000,9999.000,9999.000,9999.000,9999.000
202608061618,   0.277,9999.000,9999.000,9999.000,9999.000,9999.000,9999.000,9999.000,9999.000
202608061624,   0.279,9999.000,9999.000,9999.000,9999.000,9999.000,9999.000,9999.000,9999.000
202608061630,   0.282,9999.000,9999.000,9999.000,9999.000,9999.000,9999.000,9999.000,9999.000
202608061636,   0.284,9999.000,9999.000,9999.000,9999.000,9999.000,9999.000,9999.000,9999.000
202608061642,   0.287,9999.000,9999.000,9999.000,9999.000,9999.000,9999.000,9999.000,9999.000
202608061648,   0.289,9999.000,9999.000,9999.000,9999.000,9999.000,9999.000,9999.000,9999.000
202608061654,   0.291,9999.000,9999.000,9999.000,9999.000,9999.000,9999.000,9999.000,9999.000
202608061700,   0.294,9999.000,   0.300,  -0.299,   0.295,   0.300,   0.295,   0.300,   0.295
202608061706,   0.296,9999.000,9999.000,9999.000,9999.000,9999.000,9999.000,9999.000,9999.000
202608061712,   0.299,9999.000,9999.000,9999.000,9999.000,9999.000,9999.000,9999.000,9999.000
202608061718,   0.301,9999.000,9999.000,9999.000,9999.000,9999.000,9999.000,9999.000,9999.000
202608061724,   0.304,9999.000,9999.000,9999.000,9999.000,9999.000,9999.000,9999.000,9999.000
202608061730,   0.306,9999.000,9999.000,9999.000,9999.000,9999.000,9999.000,9999.000,9999.000
202608061736,   0.308,9999.000,9999.000,9999.000,9999.000,9999.000,9999.000,9999.000,9999.000
202608061742,   0.311,9999.000,9999.000,9999.000,9999.000,9999.000,9999.000,9999.000,9999.000
202608061748,   0.313,9999.000,9999.000,9999.000,9999.000,9999.000,9999.000,9999.000,9999.000
202608061754,   0.315,9999.000,9999.000,9999.000,9999.000,9999.000,9999.000,9999.000,9999.000
202608061800,   0.317,9999.000,   0.300,  -0.299,   0.318,   0.300,   0.318,   0.300,   0.318
202608061806,   0.319,9999.000,9999.000,9999.000,9999.000,9999.000,9999.000,9999.000,9999.000
202608061812,   0.321,9999.000,9999.000,9999.000,9999.000,9999.000,9999.000,9999.000,9999.000
202608061818,   0.323,9999.000,9999.000,9999.000,9999.000,9999.000,9999.000,9999.000,9999.000
202608061824,   0.325,9999.000,9999.000,9999.000,9999.000,9999.000,9999.000,9999.000,9999.000
202608061830,   0.326,9999.000,9999.000,9999.000,9999.000,9999.000,9999.000,9999.000,9999.000
202608061836,   0.328,9999.000,9999.000,9999.000,9999.000,9999.000,9999.000,9999.000,9999.000
202608061842,   0.329,9999.000,9999.000,9999.000,9999.000,9999.000,9999.000,9999.000,9999.000
202608061848,   0.331,9999.000,9999.000,9999.000,9999.000,9999.000,9999.000,9999.000,9999.000
202608061854,   0.332,9999.000,9999.000,9999.000,9999.000,9999.000,9999.000,9999.000,9999.000
202608061900,   0.333,9999.000,   0.300,  -0.299,   0.334,   0.300,   0.334,   0.300,   0.334
202608061906,   0.334,9999.000,9999.000,9999.000,9999.000,9999.000,9999.000,9999.000,9999.000
202608061912,   0.335,9999.000,9999.000,9999.000,9999.000,9999.000,9999.000,9999.000,9999.000
202608061918,   0.336,9999.000,9999.000,9999.000,9999.000,9999.000,9999.000,9999.000,9999.000
202608061924,   0.336,9999.000,9999.000,9999.000,9999.000,9999.000,9999.000,9999.000,9999.000
202608061930,   0.337,9999.000,9999.000,9999.000,9999.000,9999.000,9999.000,9999.000,9999.000
202608061936,   0.337,9999.000,9999.000,9999.000,9999.000,9999.000,9999.000,9999.000,9999.000
202608061942,   0.337,9999.000,9999.000,9999.000,9999.000,9999.000,9999.000,9999.000,9999.000
202608061948,   0.337,9999.000,9999.000,9999.000,9999.000,9999.000,9999.000,9999.000,9999.000
202608061954,   0.337,9999.000,9999.000,9999.000,9999.000,9999.000,9999.000,9999.000,9999.000
202608062000,   0.336,9999.000,   0.300,  -0.299,   0.337,   0.200,   0.237,   0.300,   0.337
202608062006,   0.336,9999.000,9999.000,9999.000,9999.000,9999.000,9999.000,9999.000,9999.000
202608062012,   0.335,9999.000,9999.000,9999.000,9999.000,9999.000,9999.000,9999.000,9999.000
202608062018,   0.334,9999.000,9999.000,9999.000,9999.000,9999.000,9999.000,9999.000,9999.000
202608062024,   0.333,9999.000,9999.000,9999.000,9999.000,9999.000,9999.000,9999.000,9999.000
202608062030,   0.332,9999.000,9999.000,9999.000,9999.000,9999.000,9999.000,9999.000,9999.000
202608062036,   0.330,9999.000,9999.000,9999.000,9999.000,9999.000,9999.000,9999.000,9999.000
202608062042,   0.329,9999.000,9999.000,9999.000,9999.000,9999.000,9999.000,9999.000,9999.000
202608062048,   0.327,9999.000,9999.000,9999.000,9999.000,9999.000,9999.000,9999.000,9999.000
202608062054,   0.325,9999.000,9999.000,9999.000,9999.000,9999.000,9999.000,9999.000,9999.000
202608062100,   0.323,9999.000,   0.300,  -0.299,   0.324,   0.200,   0.224,   0.300,   0.324
202608062106,   0.321,9999.000,9999.000,9999.000,9999.000,9999.000,9999.000,9999.000,9999.000
202608062112,   0.319,9999.000,9999.000,9999.000,9999.000,9999.000,9999.000,9999.000,9999.000
202608062118,   0.317,9999.000,9999.000,9999.000,9999.000,9999.000,9999.000,9999.000,9999.000
202608062124,   0.314,9999.000,9999.000,9999.000,9999.000,9999.000,9999.000,9999.000,9999.000
202608062130,   0.312,9999.000,9999.000,9999.000,9999.000,9999.000,9999.000,9999.000,9999.000
202608062136,   0.309,9999.000,9999.000,9999.000,9999.000,9999.000,9999.000,9999.000,9999.000
202608062142,   0.306,9999.000,9999.000,9999.000,9999.000,9999.000,9999.000,9999.000,9999.000
202608062148,   0.303,9999.000,9999.000,9999.000,9999.000,9999.000,9999.000,9999.000,9999.000
202608062154,   0.300,9999.000,9999.000,9999.000,9999.000,9999.000,9999.000,9999.000,9999.000
202608062200,   0.297,9999.000,   0.300,  -0.299,   0.298,   0.200,   0.198,   0.300,   0.298
202608062206,   0.294,9999.000,9999.000,9999.000,9999.000,9999.000,9999.000,9999.000,9999.000
202608062212,   0.291,9999.000,9999.000,9999.000,9999.000,9999.000,9999.000,9999.000,9999.000
202608062218,   0.288,9999.000,9999.000,9999.000,9999.000,9999.000,9999.000,9999.000,9999.000
202608062224,   0.285,9999.000,9999.000,9999.000,9999.000,9999.000,9999.000,9999.000,9999.000
202608062230,   0.282,9999.000,9999.000,9999.000,9999.000,9999.000,9999.000,9999.000,9999.000
202608062236,   0.278,9999.000,9999.000,9999.000,9999.000,9999.000,9999.000,9999.000,9999.000
202608062242,   0.275,9999.000,9999.000,9999.000,9999.000,9999.000,9999.000,9999.000,9999.000
202608062248,   0.272,9999.000,9999.000,9999.000,9999.000,9999.000,9999.000,9999.000,9999.000
202608062254,   0.268,9999.000,9999.000,9999.000,9999.000,9999.000,9999.000,9999.000,9999.000
202608062300,   0.265,9999.000,   0.300,  -0.299,   0.266,   0.200,   0.166,   0.300,   0.266
202608062306,   0.262,9999.000,9999.000,9999.000,9999.000,9999.000,9999.000,9999.000,9999.000
202608062312,   0.259,9999.000,9999.000,9999.000,9999.000,9999.000,9999.000,9999.000,9999.000
202608062318,   0.255,9999.000,9999.000,9999.000,9999.000,9999.000,9999.000,9999.000,9999.000
202608062324,   0.252,9999.000,9999.000,9999.000,9999.000,9999.000,9999.000,9999.000,9999.000
202608062330,   0.249,9999.000,9999.000,9999.000,9999.000,9999.000,9999.000,9999.000,9999.000
202608062336,   0.246,9999.000,9999.000,9999.000,9999.000,9999.000,9999.000,9999.000,9999.000
202608062342,   0.243,9999.000,9999.000,9999.000,9999.000,9999.000,9999.000,9999.000,9999.000
202608062348,   0.240,9999.000,9999.000,9999.000,9999.000,9999.000,9999.000,9999.000,9999.000
202608062354,   0.237,9999.000,9999.000,9999.000,9999.000,9999.000,9999.000,9999.000,9999.000
202608070000,   0.234,9999.000,   0.300,  -0.299,   0.235,   0.200,   0.135,   0.300,   0.235
202608070006,   0.231,9999.000,9999.000,9999.000,9999.000,9999.000,9999.000,9999.000,9999.000
202608070012,   0.228,9999.000,9999.000,9999.000,9999.000,9999.000,9999.000,9999.000,9999.000
202608070018,   0.225,9999.000,9999.000,9999.000,9999.000,9999.000,9999.000,9999.000,9999.000
202608070024,   0.223,9999.000,9999.000,9999.000,9999.000,9999.000,9999.000,9999.000,9999.000
202608070030,   0.220,9999.000,9999.000,9999.000,9999.000,9999.000,9999.000,9999.000,9999.000
202608070036,   0.217,9999.000,9999.000,9999.000,9999.000,9999.000,9999.000,9999.000,9999.000
202608070042,   0.215,9999.000,9999.000,9999.000,9999.000,9999.000,9999.000,9999.000,9999.000
202608070048,   0.212,9999.000,9999.000,9999.000,9999.000,9999.000,9999.000,9999.000,9999.000
202608070054,   0.210,9999.000,9999.000,9999.000,9999.000,9999.000,9999.000,9999.000,9999.000
202608070100,   0.207,9999.000,   0.300,  -0.299,   0.208,   0.200,   0.108,   0.300,   0.208
202608070106,   0.205,9999.000,9999.000,9999.000,9999.000,9999.000,9999.000,9999.000,9999.000
202608070112,   0.203,9999.000,9999.000,9999.000,9999.000,9999.000,9999.000,9999.000,9999.000
202608070118,   0.200,9999.000,9999.000,9999.000,9999.000,9999.000,9999.000,9999.000,9999.000
202608070124,   0.198,9999.000,9999.000,9999.000,9999.000,9999.000,9999.000,9999.000,9999.000
202608070130,   0.196,9999.000,9999.000,9999.000,9999.000,9999.000,9999.000,9999.000,9999.000
202608070136,   0.194,9999.000,9999.000,9999.000,9999.000,9999.000,9999.000,9999.000,9999.000
202608070142,   0.192,9999.000,9999.000,9999.000,9999.000,9999.000,9999.000,9999.000,9999.000
202608070148,   0.190,9999.000,9999.000,9999.000,9999.000,9999.000,9999.000,9999.000,9999.000
202608070154,   0.187,9999.000,9999.000,9999.000,9999.000,9999.000,9999.000,9999.000,9999.000
202608070200,   0.185,9999.000,   0.300,  -0.299,   0.186,   0.300,   0.186,   0.300,   0.186
202608070206,   0.184,9999.000,9999.000,9999.000,9999.000,9999.000,9999.000,9999.000,9999.000
202608070212,   0.182,9999.000,9999.000,9999.000,9999.000,9999.000,9999.000,9999.000,9999.000
202608070218,   0.180,9999.000,9999.000,9999.000,9999.000,9999.000,9999.000,9999.000,9999.000
202608070224,   0.178,9999.000,9999.000,9999.000,9999.000,9999.000,9999.000,9999.000,9999.000
202608070230,   0.176,9999.000,9999.000,9999.000,9999.000,9999.000,9999.000,9999.000,9999.000
202608070236,   0.174,9999.000,9999.000,9999.000,9999.000,9999.000,9999.000,9999.000,9999.000
202608070242,   0.172,9999.000,9999.000,9999.000,9999.000,9999.000,9999.000,9999.000,9999.000
202608070248,   0.171,9999.000,9999.000,9999.000,9999.000,9999.000,9999.000,9999.000,9999.000
202608070254,   0.169,9999.000,9999.000,9999.000,9999.000,9999.000,9999.000,9999.000,9999.000
202608070300,   0.167,9999.000,   0.300,  -0.299,   0.168,   0.300,   0.168,   0.300,   0.168
202608070306,   0.166,9999.000,9999.000,9999.000,9999.000,9999.000,9999.000,9999.000,9999.000
202608070312,   0.164,9999.000,9999.000,9999.000,9999.000,9999.000,9999.000,9999.000,9999.000
202608070318,   0.163,9999.000,9999.000,9999.000,9999.000,9999.000,9999.000,9999.000,9999.000
202608070324,   0.161,9999.000,9999.000,9999.000,9999.000,9999.000,9999.000,9999.000,9999.000
202608070330,   0.160,9999.000,9999.000,9999.000,9999.000,9999.000,9999.000,9999.000,9999.000
202608070336,   0.159,9999.000,9999.000,9999.000,9999.000,9999.000,9999.000,9999.000,9999.000
202608070342,   0.157,9999.000,9999.000,9999.000,9999.000,9999.000,9999.000,9999.000,9999.000
202608070348,   0.156,9999.000,9999.000,9999.000,9999.000,9999.000,9999.000,9999.000,9999.000
202608070354,   0.155,9999.000,9999.000,9999.000,9999.000,9999.000,9999.000,9999.000,9999.000
202608070400,   0.154,9999.000,   0.300,  -0.299,   0.155,   0.300,   0.155,   0.300,   0.155
202608070406,   0.153,9999.000,9999.000,9999.000,9999.000,9999.000,9999.000,9999.000,9999.000
202608070412,   0.152,9999.000,9999.000,9999.000,9999.000,9999.000,9999.000,9999.000,9999.000
202608070418,   0.151,9999.000,9999.000,9999.000,9999.000,9999.000,9999.000,9999.000,9999.000
202608070424,   0.150,9999.000,9999.000,9999.000,9999.000,9999.000,9999.000,9999.000,9999.000
202608070430,   0.150,9999.000,9999.000,9999.000,9999.000,9999.000,9999.000,9999.000,9999.000
202608070436,   0.149,9999.000,9999.000,9999.000,9999.000,9999.000,9999.000,9999.000,9999.000
202608070442,   0.148,9999.000,9999.000,9999.000,9999.000,9999.000,9999.000,9999.000,9999.000
202608070448,   0.148,9999.000,9999.000,9999.000,9999.000,9999.000,9999.000,9999.000,9999.000
202608070454,   0.148,9999.000,9999.000,9999.000,9999.000,9999.000,9999.000,9999.000,9999.000
202608070500,   0.147,9999.000,   0.300,  -0.299,   0.148,   0.300,   0.148,   0.300,   0.148
202608070506,   0.147,9999.000,9999.000,9999.000,9999.000,9999.000,9999.000,9999.000,9999.000
202608070512,   0.147,9999.000,9999.000,9999.000,9999.000,9999.000,9999.000,9999.000,9999.000
202608070518,   0.147,9999.000,9999.000,9999.000,9999.000,9999.000,9999.000,9999.000,9999.000
202608070524,   0.147,9999.000,9999.000,9999.000,9999.000,9999.000,9999.000,9999.000,9999.000
202608070530,   0.147,9999.000,9999.000,9999.000,9999.000,9999.000,9999.000,9999.000,9999.000
202608070536,   0.147,9999.000,9999.000,9999.000,9999.000,9999.000,9999.000,9999.000,9999.000
202608070542,   0.148,9999.000,9999.000,9999.000,9999.000,9999.000,9999.000,9999.000,9999.000
202608070548,   0.148,9999.000,9999.000,9999.000,9999.000,9999.000,9999.000,9999.000,9999.000
202608070554,   0.149,9999.000,9999.000,9999.000,9999.000,9999.000,9999.000,9999.000,9999.000
202608070600,   0.149,9999.000,   0.300,  -0.299,   0.150,   0.300,   0.150,   0.300,   0.150
202608070606,   0.150,9999.000,9999.000,9999.000,9999.000,9999.000,9999.000,9999.000,9999.000
202608070612,   0.150,9999.000,9999.000,9999.000,9999.000,9999.000,9999.000,9999.000,9999.000
202608070618,   0.151,9999.000,9999.000,9999.000,9999.000,9999.000,9999.000,9999.000,9999.000
202608070624,   0.152,9999.000,9999.000,9999.000,9999.000,9999.000,9999.000,9999.000,9999.000
202608070630,   0.153,9999.000,9999.000,9999.000,9999.000,9999.000,9999.000,9999.000,9999.000
202608070636,   0.154,9999.000,9999.000,9999.000,9999.000,9999.000,9999.000,9999.000,9999.000
202608070642,   0.155,9999.000,9999.000,9999.000,9999.000,9999.000,9999.000,9999.000,9999.000
202608070648,   0.156,9999.000,9999.000,9999.000,9999.000,9999.000,9999.000,9999.000,9999.000
202608070654,   0.157,9999.000,9999.000,9999.000,9999.000,9999.000,9999.000,9999.000,9999.000
202608070700,   0.158,9999.000,   0.300,  -0.299,   0.159,   0.300,   0.159,   0.300,   0.159
202608070706,   0.159,9999.000,9999.000,9999.000,9999.000,9999.000,9999.000,9999.000,9999.000
202608070712,   0.160,9999.000,9999.000,9999.000,9999.000,9999.000,9999.000,9999.000,9999.000
202608070718,   0.161,9999.000,9999.000,9999.000,9999.000,9999.000,9999.000,9999.000,9999.000
202608070724,   0.162,9999.000,9999.000,9999.000,9999.000,9999.000,9999.000,9999.000,9999.000
202608070730,   0.163,9999.000,9999.000,9999.000,9999.000,9999.000,9999.000,9999.000,9999.000
202608070736,   0.164,9999.000,9999.000,9999.000,9999.000,9999.000,9999.000,9999.000,9999.000
202608070742,   0.165,9999.000,9999.000,9999.000,9999.000,9999.000,9999.000,9999.000,9999.000
202608070748,   0.166,9999.000,9999.000,9999.000,9999.000,9999.000,9999.000,9999.000,9999.000
202608070754,   0.167,9999.000,9999.000,9999.000,9999.000,9999.000,9999.000,9999.000,9999.000
202608070800,   0.168,9999.000,   0.300,  -0.299,   0.169,   0.300,   0.169,   0.300,   0.169
202608070806,   0.169,9999.000,9999.000,9999.000,9999.000,9999.000,9999.000,9999.000,9999.000
202608070812,   0.170,9999.000,9999.000,9999.000,9999.000,9999.000,9999.000,9999.000,9999.000
202608070818,   0.171,9999.000,9999.000,9999.000,9999.000,9999.000,9999.000,9999.000,9999.000
202608070824,   0.172,9999.000,9999.000,9999.000,9999.000,9999.000,9999.000,9999.000,9999.000
202608070830,   0.173,9999.000,9999.000,9999.000,9999.000,9999.000,9999.000,9999.000,9999.000
202608070836,   0.174,9999.000,9999.000,9999.000,9999.000,9999.000,9999.000,9999.000,9999.000
202608070842,   0.175,9999.000,9999.000,9999.000,9999.000,9999.000,9999.000,9999.000,9999.000
202608070848,   0.175,9999.000,9999.000,9999.000,9999.000,9999.000,9999.000,9999.000,9999.000
202608070854,   0.176,9999.000,9999.000,9999.000,9999.000,9999.000,9999.000,9999.000,9999.000
202608070900,   0.177,9999.000,   0.300,  -0.299,   0.178,   0.300,   0.178,   0.300,   0.178
202608070906,   0.178,9999.000,9999.000,9999.000,9999.000,9999.000,9999.000,9999.000,9999.000
202608070912,   0.178,9999.000,9999.000,9999.000,9999.000,9999.000,9999.000,9999.000,9999.000
202608070918,   0.179,9999.000,9999.000,9999.000,9999.000,9999.000,9999.000,9999.000,9999.000
202608070924,   0.180,9999.000,9999.000,9999.000,9999.000,9999.000,9999.000,9999.000,9999.000
202608070930,   0.180,9999.000,9999.000,9999.000,9999.000,9999.000,9999.000,9999.000,9999.000
202608070936,   0.181,9999.000,9999.000,9999.000,9999.000,9999.000,9999.000,9999.000,9999.000
202608070942,   0.181,9999.000,9999.000,9999.000,9999.000,9999.000,9999.000,9999.000,9999.000
202608070948,   0.182,9999.000,9999.000,9999.000,9999.000,9999.000,9999.000,9999.000,9999.000
202608070954,   0.183,9999.000,9999.000,9999.000,9999.000,9999.000,9999.000,9999.000,9999.000
202608071000,   0.183,9999.000,   0.300,  -0.299,   0.184,   0.300,   0.184,   0.300,   0.184
202608071006,   0.184,9999.000,9999.000,9999.000,9999.000,9999.000,9999.000,9999.000,9999.000
202608071012,   0.184,9999.000,9999.000,9999.000,9999.000,9999.000,9999.000,9999.000,9999.000
202608071018,   0.185,9999.000,9999.000,9999.000,9999.000,9999.000,9999.000,9999.000,9999.000
202608071024,   0.185,9999.000,9999.000,9999.000,9999.000,9999.000,9999.000,9999.000,9999.000
202608071030,   0.186,9999.000,9999.000,9999.000,9999.000,9999.000,9999.000,9999.000,9999.000
202608071036,   0.187,9999.000,9999.000,9999.000,9999.000,9999.000,9999.000,9999.000,9999.000
202608071042,   0.187,9999.000,9999.000,9999.000,9999.000,9999.000,9999.000,9999.000,9999.000
202608071048,   0.188,9999.000,9999.000,9999.000,9999.000,9999.000,9999.000,9999.000,9999.000
202608071054,   0.190,9999.000,9999.000,9999.000,9999.000,9999.000,9999.000,9999.000,9999.000
202608071100,   0.190,9999.000,   0.300,  -0.299,   0.191,   0.300,   0.191,   0.300,   0.191
202608071106,   0.190,9999.000,9999.000,9999.000,9999.000,9999.000,9999.000,9999.000,9999.000
202608071112,   0.191,9999.000,9999.000,9999.000,9999.000,9999.000,9999.000,9999.000,9999.000
202608071118,   0.192,9999.000,9999.000,9999.000,9999.000,9999.000,9999.000,9999.000,9999.000
202608071124,   0.193,9999.000,9999.000,9999.000,9999.000,9999.000,9999.000,9999.000,9999.000
202608071130,   0.194,9999.000,9999.000,9999.000,9999.000,9999.000,9999.000,9999.000,9999.000
202608071136,   0.195,9999.000,9999.000,9999.000,9999.000,9999.000,9999.000,9999.000,9999.000
202608071142,   0.196,9999.000,9999.000,9999.000,9999.000,9999.000,9999.000,9999.000,9999.000
202608071148,   0.197,9999.000,9999.000,9999.000,9999.000,9999.000,9999.000,9999.000,9999.000
202608071154,   0.199,9999.000,9999.000,9999.000,9999.000,9999.000,9999.000,9999.000,9999.000
202608071200,   0.200,9999.000,   0.300,  -0.299,   0.201,   0.300,   0.201,   0.300,   0.201
202608071206,   0.201,9999.000,9999.000,9999.000,9999.000,9999.000,9999.000,9999.000,9999.000
202608071212,   0.203,9999.000,9999.000,9999.000,9999.000,9999.000,9999.000,9999.000,9999.000
202608071218,   0.204,9999.000,9999.000,9999.000,9999.000,9999.000,9999.000,9999.000,9999.000
202608071224,   0.206,9999.000,9999.000,9999.000,9999.000,9999.000,9999.000,9999.000,9999.000
202608071230,   0.207,9999.000,9999.000,9999.000,9999.000,9999.000,9999.000,9999.000,9999.000
202608071236,   0.209,9999.000,9999.000,9999.000,9999.000,9999.000,9999.000,9999.000,9999.000
202608071242,   0.210,9999.000,9999.000,9999.000,9999.000,9999.000,9999.000,9999.000,9999.000
202608071248,   0.212,9999.000,9999.000,9999.000,9999.000,9999.000,9999.000,9999.000,9999.000
202608071254,   0.214,9999.000,9999.000,9999.000,9999.000,9999.000,9999.000,9999.000,9999.000
202608071300,   0.216,9999.000,   0.300,  -0.299,   0.217,   0.300,   0.217,   0.300,   0.217
202608071306,   0.218,9999.000,9999.000,9999.000,9999.000,9999.000,9999.000,9999.000,9999.000
202608071312,   0.220,9999.000,9999.000,9999.000,9999.000,9999.000,9999.000,9999.000,9999.000
202608071318,   0.222,9999.000,9999.000,9999.000,9999.000,9999.000,9999.000,9999.000,9999.000
202608071324,   0.224,9999.000,9999.000,9999.000,9999.000,9999.000,9999.000,9999.000,9999.000
202608071330,   0.226,9999.000,9999.000,9999.000,9999.000,9999.000,9999.000,9999.000,9999.000
202608071336,   0.228,9999.000,9999.000,9999.000,9999.000,9999.000,9999.000,9999.000,9999.000
202608071342,   0.230,9999.000,9999.000,9999.000,9999.000,9999.000,9999.000,9999.000,9999.000
202608071348,   0.232,9999.000,9999.000,9999.000,9999.000,9999.000,9999.000,9999.000,9999.000
202608071354,   0.234,9999.000,9999.000,9999.000,9999.000,9999.000,9999.000,9999.000,9999.000
202608071400,   0.237,9999.000,   0.300,  -0.299,   0.238,   0.300,   0.238,   0.300,   0.238
202608071406,   0.239,9999.000,9999.000,9999.000,9999.000,9999.000,9999.000,9999.000,9999.000
202608071412,   0.241,9999.000,9999.000,9999.000,9999.000,9999.000,9999.000,9999.000,9999.000
202608071418,   0.244,9999.000,9999.000,9999.000,9999.000,9999.000,9999.000,9999.000,9999.000
202608071424,   0.246,9999.000,9999.000,9999.000,9999.000,9999.000,9999.000,9999.000,9999.000
202608071430,   0.249,9999.000,9999.000,9999.000,9999.000,9999.000,9999.000,9999.000,9999.000
202608071436,   0.251,9999.000,9999.000,9999.000,9999.000,9999.000,9999.000,9999.000,9999.000
202608071442,   0.254,9999.000,9999.000,9999.000,9999.000,9999.000,9999.000,9999.000,9999.000
202608071448,   0.256,9999.000,9999.000,9999.000,9999.000,9999.000,9999.000,9999.000,9999.000
202608071454,   0.259,9999.000,9999.000,9999.000,9999.000,9999.000,9999.000,9999.000,9999.000
202608071500,   0.262,9999.000,   0.300,  -0.299,   0.263,   0.300,   0.263,   0.300,   0.263
202608071506,   0.264,9999.000,9999.000,9999.000,9999.000,9999.000,9999.000,9999.000,9999.000
202608071512,   0.267,9999.000,9999.000,9999.000,9999.000,9999.000,9999.000,9999.000,9999.000
202608071518,   0.270,9999.000,9999.000,9999.000,9999.000,9999.000,9999.000,9999.000,9999.000
202608071524,   0.273,9999.000,9999.000,9999.000,9999.000,9999.000,9999.000,9999.000,9999.000
202608071530,   0.275,9999.000,9999.000,9999.000,9999.000,9999.000,9999.000,9999.000,9999.000
202608071536,   0.278,9999.000,9999.000,9999.000,9999.000,9999.000,9999.000,9999.000,9999.000
202608071542,   0.281,9999.000,9999.000,9999.000,9999.000,9999.000,9999.000,9999.000,9999.000
202608071548,   0.284,9999.000,9999.000,9999.000,9999.000,9999.000,9999.000,9999.000,9999.000
202608071554,   0.287,9999.000,9999.000,9999.000,9999.000,9999.000,9999.000,9999.000,9999.000
202608071600,   0.290,9999.000,   0.300,  -0.299,   0.291,   0.300,   0.291,   0.300,   0.291
202608071606,   0.293,9999.000,9999.000,9999.000,9999.000,9999.000,9999.000,9999.000,9999.000
202608071612,   0.296,9999.000,9999.000,9999.000,9999.000,9999.000,9999.000,9999.000,9999.000
202608071618,   0.299,9999.000,9999.000,9999.000,9999.000,9999.000,9999.000,9999.000,9999.000
202608071624,   0.302,9999.000,9999.000,9999.000,9999.000,9999.000,9999.000,9999.000,9999.000
202608071630,   0.305,9999.000,9999.000,9999.000,9999.000,9999.000,9999.000,9999.000,9999.000
202608071636,   0.308,9999.000,9999.000,9999.000,9999.000,9999.000,9999.000,9999.000,9999.000
202608071642,   0.312,9999.000,9999.000,9999.000,9999.000,9999.000,9999.000,9999.000,9999.000
202608071648,   0.315,9999.000,9999.000,9999.000,9999.000,9999.000,9999.000,9999.000,9999.000
202608071654,   0.318,9999.000,9999.000,9999.000,9999.000,9999.000,9999.000,9999.000,9999.000
202608071700,   0.321,9999.000,   0.300,  -0.299,   0.322,   0.300,   0.322,   0.300,   0.322
202608071706,   0.324,9999.000,9999.000,9999.000,9999.000,9999.000,9999.000,9999.000,9999.000
202608071712,   0.327,9999.000,9999.000,9999.000,9999.000,9999.000,9999.000,9999.000,9999.000
202608071718,   0.331,9999.000,9999.000,9999.000,9999.000,9999.000,9999.000,9999.000,9999.000
202608071724,   0.334,9999.000,9999.000,9999.000,9999.000,9999.000,9999.000,9999.000,9999.000
202608071730,   0.337,9999.000,9999.000,9999.000,9999.000,9999.000,9999.000,9999.000,9999.000
202608071736,   0.340,9999.000,9999.000,9999.000,9999.000,9999.000,9999.000,9999.000,9999.000
202608071742,   0.343,9999.000,9999.000,9999.000,9999.000,9999.000,9999.000,9999.000,9999.000
202608071748,   0.346,9999.000,9999.000,9999.000,9999.000,9999.000,9999.000,9999.000,9999.000
202608071754,   0.349,9999.000,9999.000,9999.000,9999.000,9999.000,9999.000,9999.000,9999.000
202608071800,   0.352,9999.000,   0.300,  -0.299,   0.353,   0.200,   0.253,   0.300,   0.353
202608071806,   0.355,9999.000,9999.000,9999.000,9999.000,9999.000,9999.000,9999.000,9999.000
202608071812,   0.358,9999.000,9999.000,9999.000,9999.000,9999.000,9999.000,9999.000,9999.000
202608071818,   0.360,9999.000,9999.000,9999.000,9999.000,9999.000,9999.000,9999.000,9999.000
202608071824,   0.363,9999.000,9999.000,9999.000,9999.000,9999.000,9999.000,9999.000,9999.000
202608071830,   0.366,9999.000,9999.000,9999.000,9999.000,9999.000,9999.000,9999.000,9999.000
202608071836,   0.368,9999.000,9999.000,9999.000,9999.000,9999.000,9999.000,9999.000,9999.000
202608071842,   0.371,9999.000,9999.000,9999.000,9999.000,9999.000,9999.000,9999.000,9999.000
202608071848,   0.373,9999.000,9999.000,9999.000,9999.000,9999.000,9999.000,9999.000,9999.000
202608071854,   0.375,9999.000,9999.000,9999.000,9999.000,9999.000,9999.000,9999.000,9999.000
202608071900,   0.377,9999.000,   0.300,  -0.299,   0.378,   0.200,   0.278,   0.300,   0.378
202608071906,   0.379,9999.000,9999.000,9999.000,9999.000,9999.000,9999.000,9999.000,9999.000
202608071912,   0.381,9999.000,9999.000,9999.000,9999.000,9999.000,9999.000,9999.000,9999.000
202608071918,   0.382,9999.000,9999.000,9999.000,9999.000,9999.000,9999.000,9999.000,9999.000
202608071924,   0.384,9999.000,9999.000,9999.000,9999.000,9999.000,9999.000,9999.000,9999.000
202608071930,   0.385,9999.000,9999.000,9999.000,9999.000,9999.000,9999.000,9999.000,9999.000
202608071936,   0.386,9999.000,9999.000,9999.000,9999.000,9999.000,9999.000,9999.000,9999.000
202608071942,   0.387,9999.000,9999.000,9999.000,9999.000,9999.000,9999.000,9999.000,9999.000
202608071948,   0.388,9999.000,9999.000,9999.000,9999.000,9999.000,9999.000,9999.000,9999.000
202608071954,   0.388,9999.000,9999.000,9999.000,9999.000,9999.000,9999.000,9999.000,9999.000
202608072000,   0.389,9999.000,   0.300,  -0.299,   0.390,   0.200,   0.290,   0.300,   0.390
202608072006,   0.389,9999.000,9999.000,9999.000,9999.000,9999.000,9999.000,9999.000,9999.000
202608072012,   0.389,9999.000,9999.000,9999.000,9999.000,9999.000,9999.000,9999.000,9999.000
202608072018,   0.389,9999.000,9999.000,9999.000,9999.000,9999.000,9999.000,9999.000,9999.000
202608072024,   0.389,9999.000,9999.000,9999.000,9999.000,9999.000,9999.000,9999.000,9999.000
202608072030,   0.388,9999.000,9999.000,9999.000,9999.000,9999.000,9999.000,9999.000,9999.000
202608072036,   0.388,9999.000,9999.000,9999.000,9999.000,9999.000,9999.000,9999.000,9999.000
202608072042,   0.387,9999.000,9999.000,9999.000,9999.000,9999.000,9999.000,9999.000,9999.000
202608072048,   0.386,9999.000,9999.000,9999.000,9999.000,9999.000,9999.000,9999.000,9999.000
202608072054,   0.385,9999.000,9999.000,9999.000,9999.000,9999.000,9999.000,9999.000,9999.000
202608072100,   0.383,9999.000,   0.300,  -0.299,   0.384,   0.200,   0.284,   0.300,   0.384
202608072106,   0.382,9999.000,9999.000,9999.000,9999.000,9999.000,9999.000,9999.000,9999.000
202608072112,   0.380,9999.000,9999.000,9999.000,9999.000,9999.000,9999.000,9999.000,9999.000
202608072118,   0.378,9999.000,9999.000,9999.000,9999.000,9999.000,9999.000,9999.000,9999.000
202608072124,   0.377,9999.000,9999.000,9999.000,9999.000,9999.000,9999.000,9999.000,9999.000
202608072130,   0.374,9999.000,9999.000,9999.000,9999.000,9999.000,9999.000,9999.000,9999.000
202608072136,   0.372,9999.000,9999.000,9999.000,9999.000,9999.000,9999.000,9999.000,9999.000
202608072142,   0.370,9999.000,9999.000,9999.000,9999.000,9999.000,9999.000,9999.000,9999.000
202608072148,   0.368,9999.000,9999.000,9999.000,9999.000,9999.000,9999.000,9999.000,9999.000
202608072154,   0.365,9999.000,9999.000,9999.000,9999.000,9999.000,9999.000,9999.000,9999.000
202608072200,   0.362,9999.000,   0.300,  -0.299,   0.363,   0.200,   0.263,   0.300,   0.363
202608072206,   0.360,9999.000,9999.000,9999.000,9999.000,9999.000,9999.000,9999.000,9999.000
202608072212,   0.357,9999.000,9999.000,9999.000,9999.000,9999.000,9999.000,9999.000,9999.000
202608072218,   0.354,9999.000,9999.000,9999.000,9999.000,9999.000,9999.000,9999.000,9999.000
202608072224,   0.351,9999.000,9999.000,9999.000,9999.000,9999.000,9999.000,9999.000,9999.000
202608072230,   0.348,9999.000,9999.000,9999.000,9999.000,9999.000,9999.000,9999.000,9999.000
202608072236,   0.345,9999.000,9999.000,9999.000,9999.000,9999.000,9999.000,9999.000,9999.000
202608072242,   0.342,9999.000,9999.000,9999.000,9999.000,9999.000,9999.000,9999.000,9999.000
202608072248,   0.339,9999.000,9999.000,9999.000,9999.000,9999.000,9999.000,9999.000,9999.000
202608072254,   0.335,9999.000,9999.000,9999.000,9999.000,9999.000,9999.000,9999.000,9999.000
202608072300,   0.332,9999.000,   0.300,  -0.299,   0.333,   0.200,   0.233,   0.300,   0.333
202608072306,   0.329,9999.000,9999.000,9999.000,9999.000,9999.000,9999.000,9999.000,9999.000
202608072312,   0.326,9999.000,9999.000,9999.000,9999.000,9999.000,9999.000,9999.000,9999.000
202608072318,   0.323,9999.000,9999.000,9999.000,9999.000,9999.000,9999.000,9999.000,9999.000
202608072324,   0.319,9999.000,9999.000,9999.000,9999.000,9999.000,9999.000,9999.000,9999.000
202608072330,   0.316,9999.000,9999.000,9999.000,9999.000,9999.000,9999.000,9999.000,9999.000
202608072336,   0.313,9999.000,9999.000,9999.000,9999.000,9999.000,9999.000,9999.000,9999.000
202608072342,   0.309,9999.000,9999.000,9999.000,9999.000,9999.000,9999.000,9999.000,9999.000
202608072348,   0.306,9999.000,9999.000,9999.000,9999.000,9999.000,9999.000,9999.000,9999.000
202608072354,   0.303,9999.000,9999.000,9999.000,9999.000,9999.000,9999.000,9999.000,9999.000
202608080000,   0.300,9999.000,   0.300,  -0.299,   0.301,   0.200,   0.201,   0.300,   0.301
202608080006,   0.296,9999.000,9999.000,9999.000,9999.000,9999.000,9999.000,9999.000,9999.000
202608080012,   0.293,9999.000,9999.000,9999.000,9999.000,9999.000,9999.000,9999.000,9999.000
202608080018,   0.290,9999.000,9999.000,9999.000,9999.000,9999.000,9999.000,9999.000,9999.000
202608080024,   0.287,9999.000,9999.000,9999.000,9999.000,9999.000,9999.000,9999.000,9999.000
202608080030,   0.284,9999.000,9999.000,9999.000,9999.000,9999.000,9999.000,9999.000,9999.000
202608080036,   0.281,9999.000,9999.000,9999.000,9999.000,9999.000,9999.000,9999.000,9999.000
202608080042,   0.278,9999.000,9999.000,9999.000,9999.000,9999.000,9999.000,9999.000,9999.000
202608080048,   0.275,9999.000,9999.000,9999.000,9999.000,9999.000,9999.000,9999.000,9999.000
202608080054,   0.272,9999.000,9999.000,9999.000,9999.000,9999.000,9999.000,9999.000,9999.000
202608080100,   0.269,9999.000,   0.300,  -0.299,   0.270,   0.200,   0.170,   0.300,   0.270
202608080106,   0.266,9999.000,9999.000,9999.000,9999.000,9999.000,9999.000,9999.000,9999.000
202608080112,   0.263,9999.000,9999.000,9999.000,9999.000,9999.000,9999.000,9999.000,9999.000
202608080118,   0.260,9999.000,9999.000,9999.000,9999.000,9999.000,9999.000,9999.000,9999.000
202608080124,   0.257,9999.000,9999.000,9999.000,9999.000,9999.000,9999.000,9999.000,9999.000
202608080130,   0.254,9999.000,9999.000,9999.000,9999.000,9999.000,9999.000,9999.000,9999.000
202608080136,   0.251,9999.000,9999.000,9999.000,9999.000,9999.000,9999.000,9999.000,9999.000
202608080142,   0.248,9999.000,9999.000,9999.000,9999.000,9999.000,9999.000,9999.000,9999.000
202608080148,   0.245,9999.000,9999.000,9999.000,9999.000,9999.000,9999.000,9999.000,9999.000
202608080154,   0.242,9999.000,9999.000,9999.000,9999.000,9999.000,9999.000,9999.000,9999.000
202608080200,   0.239,9999.000,   0.300,  -0.299,   0.240,   0.200,   0.140,   0.300,   0.240
202608080206,   0.236,9999.000,9999.000,9999.000,9999.000,9999.000,9999.000,9999.000,9999.000
202608080212,   0.234,9999.000,9999.000,9999.000,9999.000,9999.000,9999.000,9999.000,9999.000
202608080218,   0.231,9999.000,9999.000,9999.000,9999.000,9999.000,9999.000,9999.000,9999.000
202608080224,   0.228,9999.000,9999.000,9999.000,9999.000,9999.000,9999.000,9999.000,9999.000
202608080230,   0.225,9999.000,9999.000,9999.000,9999.000,9999.000,9999.000,9999.000,9999.000
202608080236,   0.222,9999.000,9999.000,9999.000,9999.000,9999.000,9999.000,9999.000,9999.000
202608080242,   0.219,9999.000,9999.000,9999.000,9999.000,9999.000,9999.000,9999.000,9999.000
202608080248,   0.217,9999.000,9999.000,9999.000,9999.000,9999.000,9999.000,9999.000,9999.000
202608080254,   0.214,9999.000,9999.000,9999.000,9999.000,9999.000,9999.000,9999.000,9999.000
202608080300,   0.211,9999.000,   0.300,  -0.299,   0.212,   0.200,   0.112,   0.300,   0.212
202608080306,   0.209,9999.000,9999.000,9999.000,9999.000,9999.000,9999.000,9999.000,9999.000
202608080312,   0.206,9999.000,9999.000,9999.000,9999.000,9999.000,9999.000,9999.000,9999.000
202608080318,   0.203,9999.000,9999.000,9999.000,9999.000,9999.000,9999.000,9999.000,9999.000
202608080324,   0.201,9999.000,9999.000,9999.000,9999.000,9999.000,9999.000,9999.000,9999.000
202608080330,   0.198,9999.000,9999.000,9999.000,9999.000,9999.000,9999.000,9999.000,9999.000
202608080336,   0.196,9999.000,9999.000,9999.000,9999.000,9999.000,9999.000,9999.000,9999.000
202608080342,   0.193,9999.000,9999.000,9999.000,9999.000,9999.000,9999.000,9999.000,9999.000
202608080348,   0.191,9999.000,9999.000,9999.000,9999.000,9999.000,9999.000,9999.000,9999.000
202608080354,   0.188,9999.000,9999.000,9999.000,9999.000,9999.000,9999.000,9999.000,9999.000
202608080400,   0.186,9999.000,   0.300,  -0.299,   0.187,   0.300,   0.187,   0.300,   0.187
202608080406,   0.184,9999.000,9999.000,9999.000,9999.000,9999.000,9999.000,9999.000,9999.000
202608080412,   0.181,9999.000,9999.000,9999.000,9999.000,9999.000,9999.000,9999.000,9999.000
202608080418,   0.179,9999.000,9999.000,9999.000,9999.000,9999.000,9999.000,9999.000,9999.000
202608080424,   0.177,9999.000,9999.000,9999.000,9999.000,9999.000,9999.000,9999.000,9999.000
202608080430,   0.175,9999.000,9999.000,9999.000,9999.000,9999.000,9999.000,9999.000,9999.000
202608080436,   0.173,9999.000,9999.000,9999.000,9999.000,9999.000,9999.000,9999.000,9999.000
202608080442,   0.171,9999.000,9999.000,9999.000,9999.000,9999.000,9999.000,9999.000,9999.000
202608080448,   0.169,9999.000,9999.000,9999.000,9999.000,9999.000,9999.000,9999.000,9999.000
202608080454,   0.168,9999.000,9999.000,9999.000,9999.000,9999.000,9999.000,9999.000,9999.000
202608080500,   0.166,9999.000,   0.300,  -0.299,   0.167,   0.300,   0.167,   0.300,   0.167
202608080506,   0.165,9999.000,9999.000,9999.000,9999.000,9999.000,9999.000,9999.000,9999.000
202608080512,   0.163,9999.000,9999.000,9999.000,9999.000,9999.000,9999.000,9999.000,9999.000
202608080518,   0.162,9999.000,9999.000,9999.000,9999.000,9999.000,9999.000,9999.000,9999.000
202608080524,   0.160,9999.000,9999.000,9999.000,9999.000,9999.000,9999.000,9999.000,9999.000
202608080530,   0.159,9999.000,9999.000,9999.000,9999.000,9999.000,9999.000,9999.000,9999.000
202608080536,   0.158,9999.000,9999.000,9999.000,9999.000,9999.000,9999.000,9999.000,9999.000
202608080542,   0.157,9999.000,9999.000,9999.000,9999.000,9999.000,9999.000,9999.000,9999.000
202608080548,   0.156,9999.000,9999.000,9999.000,9999.000,9999.000,9999.000,9999.000,9999.000
202608080554,   0.155,9999.000,9999.000,9999.000,9999.000,9999.000,9999.000,9999.000,9999.000
202608080600,   0.154,9999.000,   0.300,  -0.299,   0.155,   0.300,   0.155,   0.300,   0.155
202608080606,   0.154,9999.000,9999.000,9999.000,9999.000,9999.000,9999.000,9999.000,9999.000
202608080612,   0.153,9999.000,9999.000,9999.000,9999.000,9999.000,9999.000,9999.000,9999.000
202608080618,   0.152,9999.000,9999.000,9999.000,9999.000,9999.000,9999.000,9999.000,9999.000
202608080624,   0.152,9999.000,9999.000,9999.000,9999.000,9999.000,9999.000,9999.000,9999.000
202608080630,   0.152,9999.000,9999.000,9999.000,9999.000,9999.000,9999.000,9999.000,9999.000
202608080636,   0.151,9999.000,9999.000,9999.000,9999.000,9999.000,9999.000,9999.000,9999.000
202608080642,   0.151,9999.000,9999.000,9999.000,9999.000,9999.000,9999.000,9999.000,9999.000
202608080648,   0.151,9999.000,9999.000,9999.000,9999.000,9999.000,9999.000,9999.000,9999.000
202608080654,   0.150,9999.000,9999.000,9999.000,9999.000,9999.000,9999.000,9999.000,9999.000
202608080700,   0.150,9999.000,   0.300,  -0.299,   0.151,   0.300,   0.151,   0.300,   0.151
202608080706,   0.150,9999.000,9999.000,9999.000,9999.000,9999.000,9999.000,9999.000,9999.000
202608080712,   0.150,9999.000,9999.000,9999.000,9999.000,9999.000,9999.000,9999.000,9999.000
202608080718,   0.150,9999.000,9999.000,9999.000,9999.000,9999.000,9999.000,9999.000,9999.000
202608080724,   0.150,9999.000,9999.000,9999.000,9999.000,9999.000,9999.000,9999.000,9999.000
202608080730,   0.150,9999.000,9999.000,9999.000,9999.000,9999.000,9999.000,9999.000,9999.000
202608080736,   0.150,9999.000,9999.000,9999.000,9999.000,9999.000,9999.000,9999.000,9999.000
202608080742,   0.150,9999.000,9999.000,9999.000,9999.000,9999.000,9999.000,9999.000,9999.000
202608080748,   0.150,9999.000,9999.000,9999.000,9999.000,9999.000,9999.000,9999.000,9999.000
202608080754,   0.151,9999.000,9999.000,9999.000,9999.000,9999.000,9999.000,9999.000,9999.000
202608080800,   0.151,9999.000,   0.300,  -0.299,   0.152,   0.200,   0.052,   0.300,   0.152
202608080806,   0.151,9999.000,9999.000,9999.000,9999.000,9999.000,9999.000,9999.000,9999.000
202608080812,   0.151,9999.000,9999.000,9999.000,9999.000,9999.000,9999.000,9999.000,9999.000
202608080818,   0.151,9999.000,9999.000,9999.000,9999.000,9999.000,9999.000,9999.000,9999.000
202608080824,   0.151,9999.000,9999.000,9999.000,9999.000,9999.000,9999.000,9999.000,9999.000
202608080830,   0.152,9999.000,9999.000,9999.000,9999.000,9999.000,9999.000,9999.000,9999.000
202608080836,   0.152,9999.000,9999.000,9999.000,9999.000,9999.000,9999.000,9999.000,9999.000
202608080842,   0.152,9999.000,9999.000,9999.000,9999.000,9999.000,9999.000,9999.000,9999.000
202608080848,   0.152,9999.000,9999.000,9999.000,9999.000,9999.000,9999.000,9999.000,9999.000
202608080854,   0.153,9999.000,9999.000,9999.000,9999.000,9999.000,9999.000,9999.000,9999.000
202608080900,   0.153,9999.000,   0.300,  -0.299,   0.154,   0.200,   0.054,   0.300,   0.154
202608080906,   0.153,9999.000,9999.000,9999.000,9999.000,9999.000,9999.000,9999.000,9999.000
202608080912,   0.153,9999.000,9999.000,9999.000,9999.000,9999.000,9999.000,9999.000,9999.000
202608080918,   0.154,9999.000,9999.000,9999.000,9999.000,9999.000,9999.000,9999.000,9999.000
202608080924,   0.154,9999.000,9999.000,9999.000,9999.000,9999.000,9999.000,9999.000,9999.000
202608080930,   0.154,9999.000,9999.000,9999.000,9999.000,9999.000,9999.000,9999.000,9999.000
202608080936,   0.155,9999.000,9999.000,9999.000,9999.000,9999.000,9999.000,9999.000,9999.000
202608080942,   0.155,9999.000,9999.000,9999.000,9999.000,9999.000,9999.000,9999.000,9999.000
202608080948,   0.155,9999.000,9999.000,9999.000,9999.000,9999.000,9999.000,9999.000,9999.000
202608080954,   0.156,9999.000,9999.000,9999.000,9999.000,9999.000,9999.000,9999.000,9999.000
202608081000,   0.156,9999.000,   0.300,  -0.299,   0.157,   0.300,   0.157,   0.300,   0.157
202608081006,   0.157,9999.000,9999.000,9999.000,9999.000,9999.000,9999.000,9999.000,9999.000
202608081012,   0.157,9999.000,9999.000,9999.000,9999.000,9999.000,9999.000,9999.000,9999.000
202608081018,   0.158,9999.000,9999.000,9999.000,9999.000,9999.000,9999.000,9999.000,9999.000
202608081024,   0.159,9999.000,9999.000,9999.000,9999.000,9999.000,9999.000,9999.000,9999.000
202608081030,   0.159,9999.000,9999.000,9999.000,9999.000,9999.000,9999.000,9999.000,9999.000
202608081036,   0.160,9999.000,9999.000,9999.000,9999.000,9999.000,9999.000,9999.000,9999.000
202608081042,   0.161,9999.000,9999.000,9999.000,9999.000,9999.000,9999.000,9999.000,9999.000
202608081048,   0.162,9999.000,9999.000,9999.000,9999.000,9999.000,9999.000,9999.000,9999.000
202608081054,   0.163,9999.000,9999.000,9999.000,9999.000,9999.000,9999.000,9999.000,9999.000
202608081100,   0.164,9999.000,   0.300,  -0.299,   0.165,   0.300,   0.165,   0.300,   0.165
202608081106,   0.165,9999.000,9999.000,9999.000,9999.000,9999.000,9999.000,9999.000,9999.000
202608081112,   0.166,9999.000,9999.000,9999.000,9999.000,9999.000,9999.000,9999.000,9999.000
202608081118,   0.167,9999.000,9999.000,9999.000,9999.000,9999.000,9999.000,9999.000,9999.000
202608081124,   0.168,9999.000,9999.000,9999.000,9999.000,9999.000,9999.000,9999.000,9999.000
202608081130,   0.170,9999.000,9999.000,9999.000,9999.000,9999.000,9999.000,9999.000,9999.000
202608081136,   0.171,9999.000,9999.000,9999.000,9999.000,9999.000,9999.000,9999.000,9999.000
202608081142,   0.172,9999.000,9999.000,9999.000,9999.000,9999.000,9999.000,9999.000,9999.000
202608081148,   0.174,9999.000,9999.000,9999.000,9999.000,9999.000,9999.000,9999.000,9999.000
202608081154,   0.176,9999.000,9999.000,9999.000,9999.000,9999.000,9999.000,9999.000,9999.000
202608081200,   0.177,9999.000,   0.300,  -0.299,   0.178,   0.300,   0.178,   0.300,   0.178
202608081206,   0.179,9999.000,9999.000,9999.000,9999.000,9999.000,9999.000,9999.000,9999.000
202608081212,   0.181,9999.000,9999.000,9999.000,9999.000,9999.000,9999.000,9999.000,9999.000
202608081218,   0.183,9999.000,9999.000,9999.000,9999.000,9999.000,9999.000,9999.000,9999.000
202608081224,   0.185,9999.000,9999.000,9999.000,9999.000,9999.000,9999.000,9999.000,9999.000
202608081230,   0.187,9999.000,9999.000,9999.000,9999.000,9999.000,9999.000,9999.000,9999.000
202608081236,   0.190,9999.000,9999.000,9999.000,9999.000,9999.000,9999.000,9999.000,9999.000
202608081242,   0.191,9999.000,9999.000,9999.000,9999.000,9999.000,9999.000,9999.000,9999.000
202608081248,   0.194,9999.000,9999.000,9999.000,9999.000,9999.000,9999.000,9999.000,9999.000
202608081254,   0.196,9999.000,9999.000,9999.000,9999.000,9999.000,9999.000,9999.000,9999.000
202608081300,   0.198,9999.000,   0.300,  -0.299,   0.199,   0.300,   0.199,   0.300,   0.199
202608081306,   0.201,9999.000,9999.000,9999.000,9999.000,9999.000,9999.000,9999.000,9999.000
202608081312,   0.203,9999.000,9999.000,9999.000,9999.000,9999.000,9999.000,9999.000,9999.000
202608081318,   0.206,9999.000,9999.000,9999.000,9999.000,9999.000,9999.000,9999.000,9999.000
202608081324,   0.208,9999.000,9999.000,9999.000,9999.000,9999.000,9999.000,9999.000,9999.000
202608081330,   0.211,9999.000,9999.000,9999.000,9999.000,9999.000,9999.000,9999.000,9999.000
202608081336,   0.214,9999.000,9999.000,9999.000,9999.000,9999.000,9999.000,9999.000,9999.000
202608081342,   0.217,9999.000,9999.000,9999.000,9999.000,9999.000,9999.000,9999.000,9999.000
202608081348,   0.219,9999.000,9999.000,9999.000,9999.000,9999.000,9999.000,9999.000,9999.000
202608081354,   0.222,9999.000,9999.000,9999.000,9999.000,9999.000,9999.000,9999.000,9999.000
202608081400,   0.225,9999.000,   0.300,  -0.299,   0.226,   0.300,   0.226,   0.300,   0.226
202608081406,   0.228,9999.000,9999.000,9999.000,9999.000,9999.000,9999.000,9999.000,9999.000
202608081412,   0.231,9999.000,9999.000,9999.000,9999.000,9999.000,9999.000,9999.000,9999.000
202608081418,   0.234,9999.000,9999.000,9999.000,9999.000,9999.000,9999.000,9999.000,9999.000
202608081424,   0.237,9999.000,9999.000,9999.000,9999.000,9999.000,9999.000,9999.000,9999.000
202608081430,   0.240,9999.000,9999.000,9999.000,9999.000,9999.000,9999.000,9999.000,9999.000
202608081436,   0.243,9999.000,9999.000,9999.000,9999.000,9999.000,9999.000,9999.000,9999.000
202608081442,   0.246,9999.000,9999.000,9999.000,9999.000,9999.000,9999.000,9999.000,9999.000
202608081448,   0.249,9999.000,9999.000,9999.000,9999.000,9999.000,9999.000,9999.000,9999.000
202608081454,   0.253,9999.000,9999.000,9999.000,9999.000,9999.000,9999.000,9999.000,9999.000
202608081500,   0.256,9999.000,   0.300,  -0.299,   0.257,   0.300,   0.257,   0.300,   0.257
202608081506,   0.259,9999.000,9999.000,9999.000,9999.000,9999.000,9999.000,9999.000,9999.000
202608081512,   0.262,9999.000,9999.000,9999.000,9999.000,9999.000,9999.000,9999.000,9999.000
202608081518,   0.266,9999.000,9999.000,9999.000,9999.000,9999.000,9999.000,9999.000,9999.000
202608081524,   0.269,9999.000,9999.000,9999.000,9999.000,9999.000,9999.000,9999.000,9999.000
202608081530,   0.273,9999.000,9999.000,9999.000,9999.000,9999.000,9999.000,9999.000,9999.000
202608081536,   0.276,9999.000,9999.000,9999.000,9999.000,9999.000,9999.000,9999.000,9999.000
202608081542,   0.280,9999.000,9999.000,9999.000,9999.000,9999.000,9999.000,9999.000,9999.000
202608081548,   0.283,9999.000,9999.000,9999.000,9999.000,9999.000,9999.000,9999.000,9999.000
202608081554,   0.287,9999.000,9999.000,9999.000,9999.000,9999.000,9999.000,9999.000,9999.000
202608081600,   0.290,9999.000,   0.300,  -0.299,   0.291,   0.300,   0.291,   0.300,   0.291
202608081606,   0.294,9999.000,9999.000,9999.000,9999.000,9999.000,9999.000,9999.000,9999.000
202608081612,   0.298,9999.000,9999.000,9999.000,9999.000,9999.000,9999.000,9999.000,9999.000
202608081618,   0.302,9999.000,9999.000,9999.000,9999.000,9999.000,9999.000,9999.000,9999.000
202608081624,   0.305,9999.000,9999.000,9999.000,9999.000,9999.000,9999.000,9999.000,9999.000
202608081630,   0.309,9999.000,9999.000,9999.000,9999.000,9999.000,9999.000,9999.000,9999.000
202608081636,   0.313,9999.000,9999.000,9999.000,9999.000,9999.000,9999.000,9999.000,9999.000
202608081642,   0.317,9999.000,9999.000,9999.000,9999.000,9999.000,9999.000,9999.000,9999.000
202608081648,   0.321,9999.000,9999.000,9999.000,9999.000,9999.000,9999.000,9999.000,9999.000
202608081654,   0.325,9999.000,9999.000,9999.000,9999.000,9999.000,9999.000,9999.000,9999.000
202608081700,   0.329,9999.000,   0.300,  -0.299,   0.330,   0.200,   0.230,   0.300,   0.330
202608081706,   0.333,9999.000,9999.000,9999.000,9999.000,9999.000,9999.000,9999.000,9999.000
202608081712,   0.337,9999.000,9999.000,9999.000,9999.000,9999.000,9999.000,9999.000,9999.000
202608081718,   0.341,9999.000,9999.000,9999.000,9999.000,9999.000,9999.000,9999.000,9999.000
202608081724,   0.345,9999.000,9999.000,9999.000,9999.000,9999.000,9999.000,9999.000,9999.000
202608081730,   0.349,9999.000,9999.000,9999.000,9999.000,9999.000,9999.000,9999.000,9999.000
202608081736,   0.353,9999.000,9999.000,9999.000,9999.000,9999.000,9999.000,9999.000,9999.000
202608081742,   0.357,9999.000,9999.000,9999.000,9999.000,9999.000,9999.000,9999.000,9999.000
202608081748,   0.361,9999.000,9999.000,9999.000,9999.000,9999.000,9999.000,9999.000,9999.000
202608081754,   0.364,9999.000,9999.000,9999.000,9999.000,9999.000,9999.000,9999.000,9999.000
202608081800,   0.368,9999.000,   0.300,  -0.299,   0.369,   0.200,   0.269,   0.300,   0.369
202608081806,   0.372,9999.000,9999.000,9999.000,9999.000,9999.000,9999.000,9999.000,9999.000
202608081812,   0.376,9999.000,9999.000,9999.000,9999.000,9999.000,9999.000,9999.000,9999.000
202608081818,   0.380,9999.000,9999.000,9999.000,9999.000,9999.000,9999.000,9999.000,9999.000
202608081824,   0.383,9999.000,9999.000,9999.000,9999.000,9999.000,9999.000,9999.000,9999.000
202608081830,   0.387,9999.000,9999.000,9999.000,9999.000,9999.000,9999.000,9999.000,9999.000
202608081836,   0.390,9999.000,9999.000,9999.000,9999.000,9999.000,9999.000,9999.000,9999.000
202608081842,   0.394,9999.000,9999.000,9999.000,9999.000,9999.000,9999.000,9999.000,9999.000
202608081848,   0.397,9999.000,9999.000,9999.000,9999.000,9999.000,9999.000,9999.000,9999.000
202608081854,   0.400,9999.000,9999.000,9999.000,9999.000,9999.000,9999.000,9999.000,9999.000
202608081900,   0.403,9999.000,   0.300,  -0.299,   0.404,   0.200,   0.304,   0.300,   0.404
202608081906,   0.406,9999.000,9999.000,9999.000,9999.000,9999.000,9999.000,9999.000,9999.000
202608081912,   0.409,9999.000,9999.000,9999.000,9999.000,9999.000,9999.000,9999.000,9999.000
202608081918,   0.412,9999.000,9999.000,9999.000,9999.000,9999.000,9999.000,9999.000,9999.000
202608081924,   0.414,9999.000,9999.000,9999.000,9999.000,9999.000,9999.000,9999.000,9999.000
202608081930,   0.417,9999.000,9999.000,9999.000,9999.000,9999.000,9999.000,9999.000,9999.000
202608081936,   0.419,9999.000,9999.000,9999.000,9999.000,9999.000,9999.000,9999.000,9999.000
202608081942,   0.421,9999.000,9999.000,9999.000,9999.000,9999.000,9999.000,9999.000,9999.000
202608081948,   0.423,9999.000,9999.000,9999.000,9999.000,9999.000,9999.000,9999.000,9999.000
202608081954,   0.425,9999.000,9999.000,9999.000,9999.000,9999.000,9999.000,9999.000,9999.000
202608082000,   0.426,9999.000,   0.300,  -0.299,   0.427,   0.200,   0.327,   0.300,   0.427
202608082006,   0.427,9999.000,9999.000,9999.000,9999.000,9999.000,9999.000,9999.000,9999.000
202608082012,   0.429,9999.000,9999.000,9999.000,9999.000,9999.000,9999.000,9999.000,9999.000
202608082018,   0.430,9999.000,9999.000,9999.000,9999.000,9999.000,9999.000,9999.000,9999.000
202608082024,   0.430,9999.000,9999.000,9999.000,9999.000,9999.000,9999.000,9999.000,9999.000
202608082030,   0.431,9999.000,9999.000,9999.000,9999.000,9999.000,9999.000,9999.000,9999.000
202608082036,   0.432,9999.000,9999.000,9999.000,9999.000,9999.000,9999.000,9999.000,9999.000
202608082042,   0.432,9999.000,9999.000,9999.000,9999.000,9999.000,9999.000,9999.000,9999.000
202608082048,   0.432,9999.000,9999.000,9999.000,9999.000,9999.000,9999.000,9999.000,9999.000
202608082054,   0.432,9999.000,9999.000,9999.000,9999.000,9999.000,9999.000,9999.000,9999.000
202608082100,   0.432,9999.000,   0.300,  -0.299,   0.433,   0.200,   0.333,   0.300,   0.433
202608082106,   0.431,9999.000,9999.000,9999.000,9999.000,9999.000,9999.000,9999.000,9999.000
202608082112,   0.431,9999.000,9999.000,9999.000,9999.000,9999.000,9999.000,9999.000,9999.000
202608082118,   0.430,9999.000,9999.000,9999.000,9999.000,9999.000,9999.000,9999.000,9999.000
202608082124,   0.429,9999.000,9999.000,9999.000,9999.000,9999.000,9999.000,9999.000,9999.000
202608082130,   0.428,9999.000,9999.000,9999.000,9999.000,9999.000,9999.000,9999.000,9999.000
202608082136,   0.427,9999.000,9999.000,9999.000,9999.000,9999.000,9999.000,9999.000,9999.000
202608082142,   0.425,9999.000,9999.000,9999.000,9999.000,9999.000,9999.000,9999.000,9999.000
202608082148,   0.424,9999.000,9999.000,9999.000,9999.000,9999.000,9999.000,9999.000,9999.000
202608082154,   0.422,9999.000,9999.000,9999.000,9999.000,9999.000,9999.000,9999.000,9999.000
202608082200,   0.420,9999.000,   0.300,  -0.299,   0.421,   0.200,   0.321,   0.300,   0.421
202608082206,   0.418,9999.000,9999.000,9999.000,9999.000,9999.000,9999.000,9999.000,9999.000
202608082212,   0.416,9999.000,9999.000,9999.000,9999.000,9999.000,9999.000,9999.000,9999.000
202608082218,   0.414,9999.000,9999.000,9999.000,9999.000,9999.000,9999.000,9999.000,9999.000
202608082224,   0.412,9999.000,9999.000,9999.000,9999.000,9999.000,9999.000,9999.000,9999.000
202608082230,   0.410,9999.000,9999.000,9999.000,9999.000,9999.000,9999.000,9999.000,9999.000
202608082236,   0.407,9999.000,9999.000,9999.000,9999.000,9999.000,9999.000,9999.000,9999.000
202608082242,   0.405,9999.000,9999.000,9999.000,9999.000,9999.000,9999.000,9999.000,9999.000
202608082248,   0.402,9999.000,9999.000,9999.000,9999.000,9999.000,9999.000,9999.000,9999.000
202608082254,   0.400,9999.000,9999.000,9999.000,9999.000,9999.000,9999.000,9999.000,9999.000
202608082300,   0.397,9999.000,   0.300,  -0.299,   0.398,   0.300,   0.398,   0.300,   0.398
202608082306,   0.395,9999.000,9999.000,9999.000,9999.000,9999.000,9999.000,9999.000,9999.000
202608082312,   0.392,9999.000,9999.000,9999.000,9999.000,9999.000,9999.000,9999.000,9999.000
202608082318,   0.389,9999.000,9999.000,9999.000,9999.000,9999.000,9999.000,9999.000,9999.000
202608082324,   0.386,9999.000,9999.000,9999.000,9999.000,9999.000,9999.000,9999.000,9999.000
202608082330,   0.383,9999.000,9999.000,9999.000,9999.000,9999.000,9999.000,9999.000,9999.000
202608082336,   0.381,9999.000,9999.000,9999.000,9999.000,9999.000,9999.000,9999.000,9999.000
202608082342,   0.378,9999.000,9999.000,9999.000,9999.000,9999.000,9999.000,9999.000,9999.000
202608082348,   0.375,9999.000,9999.000,9999.000,9999.000,9999.000,9999.000,9999.000,9999.000
202608082354,   0.372,9999.000,9999.000,9999.000,9999.000,9999.000,9999.000,9999.000,9999.000
202608090000,   0.369,9999.000,   0.300,  -0.299,   0.370,   0.300,   0.370,   0.300,   0.370
