        TIME,    TIDE,      OB,   SURGE,    BIAS,     TWL,SURGE90p,  TWL90p,SURGE10p,   TWL10p
202602161200,   0.424,   1.767,   0.600,   0.743,   1.767,   0.600,   1.767,   0.700,   1.867
202602161206,   0.458,9999.000,9999.000,9999.000,9999.000,9999.000,9999.000,9999.000,9999.000
202602161212,   0.492,   1.840,9999.000,9999.000,9999.000,9999.000,9999.000,9999.000,9999.000
202602161218,   0.525,9999.000,9999.000,9999.000,9999.000,9999.000,9999.000,9999.000,9999.000
202602161224,   0.557,   1.879,9999.000,9999.000,9999.000,9999.000,9999.000,9999.000,9999.000
202602161230,   0.588,9999.000,9999.000,9999.000,9999.000,9999.000,9999.000,9999.000,9999.000
202602161236,   0.619,   1.928,9999.000,9999.000,9999.000,9999.000,9999.000,9999.000,9999.000
202602161242,   0.649,9999.000,9999.000,9999.000,9999.000,9999.000,9999.000,9999.000,9999.000
202602161248,   0.678,   1.958,9999.000,9999.000,9999.000,9999.000,9999.000,9999.000,9999.000
202602161254,   0.706,9999.000,9999.000,9999.000,9999.000,9999.000,9999.000,9999.000,9999.000
202602161300,   0.733,   2.010,   0.600,   0.677,   2.010,   0.600,   2.010,   0.700,   2.110
202602161306,   0.758,   2.089,9999.000,9999.000,9999.000,9999.000,9999.000,9999.000,9999.000
202602161312,   0.783,   2.099,9999.000,9999.000,9999.000,9999.000,9999.000,9999.000,9999.000
202602161318,   0.806,   2.128,9999.000,9999.000,9999.000,9999.000,9999.000,9999.000,9999.000
202602161324,   0.828,   2.138,9999.000,9999.000,9999.000,9999.000,9999.000,9999.000,9999.000
202602161330,   0.848,   2.168,9999.000,9999.000,9999.000,9999.000,9999.000,9999.000,9999.000
202602161336,   0.867,   2.191,9999.000,9999.000,9999.000,9999.000,9999.000,9999.000,9999.000
202602161342,   0.885,   2.210,9999.000,9999.000,9999.000,9999.000,9999.000,9999.000,9999.000
202602161348,   0.901,   2.259,9999.000,9999.000,9999.000,9999.000,9999.000,9999.000,9999.000
202602161354,   0.916,   2.259,9999.000,9999.000,9999.000,9999.000,9999.000,9999.000,9999.000
202602161400,   0.930,   2.299,   0.600,   0.769,   2.299,   0.600,   2.299,   0.700,   2.399
202602161406,   0.943,   2.309,9999.000,9999.000,9999.000,9999.000,9999.000,9999.000,9999.000
202602161412,   0.954,   2.328,9999.000,9999.000,9999.000,9999.000,9999.000,9999.000,9999.000
202602161418,   0.964,   2.348,9999.000,9999.000,9999.000,9999.000,9999.000,9999.000,9999.000
202602161424,   0.972,   2.358,9999.000,9999.000,9999.000,9999.000,9999.000,9999.000,9999.000
202602161430,   0.979,   2.348,9999.000,9999.000,9999.000,9999.000,9999.000,9999.000,9999.000
202602161436,   0.985,   2.348,9999.000,9999.000,9999.000,9999.000,9999.000,9999.000,9999.000
202602161442,   0.990,   2.348,9999.000,9999.000,9999.000,9999.000,9999.000,9999.000,9999.000
202602161448,   0.993,   2.368,9999.000,9999.000,9999.000,9999.000,9999.000,9999.000,9999.000
202602161454,   0.995,   2.358,9999.000,9999.000,9999.000,9999.000,9999.000,9999.000,9999.000
202602161500,   0.996,   2.348,   0.700,   0.652,   2.348,   0.600,   2.248,   0.700,   2.348
202602161506,   0.996,   2.348,9999.000,9999.000,9999.000,9999.000,9999.000,9999.000,9999.000
202602161512,   0.994,   2.338,9999.000,9999.000,9999.000,9999.000,9999.000,9999.000,9999.000
202602161518,   0.991,   2.358,9999.000,9999.000,9999.000,9999.000,9999.000,9999.000,9999.000
202602161524,   0.987,   2.338,9999.000,9999.000,9999.000,9999.000,9999.000,9999.000,9999.000
202602161530,   0.982,   2.328,9999.000,9999.000,9999.000,9999.000,9999.000,9999.000,9999.000
202602161536,   0.975,   2.328,9999.000,9999.000,9999.000,9999.000,9999.000,9999.000,9999.000
202602161542,   0.968,   2.309,9999.000,9999.000,9999.000,9999.000,9999.000,9999.000,9999.000
202602161548,   0.959,   2.299,9999.000,9999.000,9999.000,9999.000,9999.000,9999.000,9999.000
202602161554,   0.948,   2.279,9999.000,9999.000,9999.000,9999.000,9999.000,9999.000,9999.000
202602161600,   0.937,   2.269,   0.700,   0.632,   2.269,   0.600,   2.169,   0.700,   2.269
202602161606,   0.924,   2.250,9999.000,9999.000,9999.000,9999.000,9999.000,9999.000,9999.000
202602161612,   0.910,   2.220,9999.000,9999.000,9999.000,9999.000,9999.000,9999.000,9999.000
202602161618,   0.895,   2.210,9999.000,9999.000,9999.000,9999.000,9999.000,9999.000,9999.000
202602161624,   0.879,   2.210,9999.000,9999.000,9999.000,9999.000,9999.000,9999.000,9999.000
202602161630,   0.861,   2.177,9999.000,9999.000,9999.000,9999.000,9999.000,9999.000,9999.000
202602161636,   0.842,   2.177,9999.000,9999.000,9999.000,9999.000,9999.000,9999.000,9999.000
202602161642,   0.822,   2.138,9999.000,9999.000,9999.000,9999.000,9999.000,9999.000,9999.000
202602161648,   0.802,   2.099,9999.000,9999.000,9999.000,9999.000,9999.000,9999.000,9999.000
202602161654,   0.779,   2.089,9999.000,9999.000,9999.000,9999.000,9999.000,9999.000,9999.000
202602161700,   0.756,   2.069,   0.700,   0.613,   2.069,   0.600,   1.969,   0.700,   2.069
202602161706,   0.732,   2.040,9999.000,9999.000,9999.000,9999.000,9999.000,9999.000,9999.000
202602161712,   0.707,   2.020,9999.000,9999.000,9999.000,9999.000,9999.000,9999.000,9999.000
202602161718,   0.681,   1.967,9999.000,9999.000,9999.000,9999.000,9999.000,9999.000,9999.000
202602161724,   0.655,   1.958,9999.000,9999.000,9999.000,9999.000,9999.000,9999.000,9999.000
202602161730,   0.627,   1.908,9999.000,9999.000,9999.000,9999.000,9999.000,9999.000,9999.000
202602161736,   0.599,   1.869,9999.000,9999.000,9999.000,9999.000,9999.000,9999.000,9999.000
202602161742,   0.571,   1.840,9999.000,9999.000,9999.000,9999.000,9999.000,9999.000,9999.000
202602161748,   0.541,   1.800,9999.000,9999.000,9999.000,9999.000,9999.000,9999.000,9999.000
202602161754,   0.512,   1.767,9999.000,9999.000,9999.000,9999.000,9999.000,9999.000,9999.000
202602161800,   0.482,   1.738,   0.700,   0.556,   1.738,   0.700,   1.738,   0.700,   1.738
202602161806,   0.452,   1.699,9999.000,9999.000,9999.000,9999.000,9999.000,9999.000,9999.000
202602161812,   0.421,   1.679,9999.000,9999.000,9999.000,9999.000,9999.000,9999.000,9999.000
202602161818,   0.391,   1.649,9999.000,9999.000,9999.000,9999.000,9999.000,9999.000,9999.000
202602161824,   0.360,   1.639,9999.000,9999.000,9999.000,9999.000,9999.000,9999.000,9999.000
202602161830,   0.330,   1.600,9999.000,9999.000,9999.000,9999.000,9999.000,9999.000,9999.000
202602161836,   0.299,   1.590,9999.000,9999.000,9999.000,9999.000,9999.000,9999.000,9999.000
202602161842,   0.269,   1.557,9999.000,9999.000,9999.000,9999.000,9999.000,9999.000,9999.000
202602161848,   0.239,   1.548,9999.000,9999.000,9999.000,9999.000,9999.000,9999.000,9999.000
202602161854,   0.210,   1.518,9999.000,9999.000,9999.000,9999.000,9999.000,9999.000,9999.000
202602161900,   0.181,   1.498,   0.700,   0.617,   1.498,   0.700,   1.498,   0.700,   1.498
202602161906,   0.152,   1.489,9999.000,9999.000,9999.000,9999.000,9999.000,9999.000,9999.000
202602161912,   0.124,   1.449,9999.000,9999.000,9999.000,9999.000,9999.000,9999.000,9999.000
202602161918,   0.097,   1.449,9999.000,9999.000,9999.000,9999.000,9999.000,9999.000,9999.000
202602161924,   0.070,   1.420,9999.000,9999.000,9999.000,9999.000,9999.000,9999.000,9999.000
202602161930,   0.044,   1.410,9999.000,9999.000,9999.000,9999.000,9999.000,9999.000,9999.000
202602161936,   0.019,   1.380,9999.000,9999.000,9999.000,9999.000,9999.000,9999.000,9999.000
202602161942,  -0.005,   1.348,9999.000,9999.000,9999.000,9999.000,9999.000,9999.000,9999.000
202602161948,  -0.028,   1.328,9999.000,9999.000,9999.000,9999.000,9999.000,9999.000,9999.000
202602161954,  -0.051,   1.289,9999.000,9999.000,9999.000,9999.000,9999.000,9999.000,9999.000
202602162000,  -0.073,   1.279,   0.700,   0.652,   1.279,   0.700,   1.279,   0.800,   1.379
202602162006,  -0.093,   1.249,9999.000,9999.000,9999.000,9999.000,9999.000,9999.000,9999.000
202602162012,  -0.113,   1.220,9999.000,9999.000,9999.000,9999.000,9999.000,9999.000,9999.000
202602162018,  -0.132,   1.200,9999.000,9999.000,9999.000,9999.000,9999.000,9999.000,9999.000
202602162024,  -0.150,   1.180,9999.000,9999.000,9999.000,9999.000,9999.000,9999.000,9999.000
202602162030,  -0.166,   1.151,9999.000,9999.000,9999.000,9999.000,9999.000,9999.000,9999.000
202602162036,  -0.182,   1.138,9999.000,9999.000,9999.000,9999.000,9999.000,9999.000,9999.000
202602162042,  -0.196,   1.128,9999.000,9999.000,9999.000,9999.000,9999.000,9999.000,9999.000
202602162048,  -0.209,   1.118,9999.000,9999.000,9999.000,9999.000,9999.000,9999.000,9999.000
202602162054,  -0.220,   1.108,9999.000,9999.000,9999.000,9999.000,9999.000,9999.000,9999.000
202602162100,  -0.231,   1.118,   0.800,   0.549,   1.118,   0.700,   1.018,   0.800,   1.118
202602162106,  -0.240,   1.108,9999.000,9999.000,9999.000,9999.000,9999.000,9999.000,9999.000
202602162112,  -0.248,   1.098,9999.000,9999.000,9999.000,9999.000,9999.000,9999.000,9999.000
202602162118,  -0.254,   1.098,9999.000,9999.000,9999.000,9999.000,9999.000,9999.000,9999.000
202602162124,  -0.258,   1.108,9999.000,9999.000,9999.000,9999.000,9999.000,9999.000,9999.000
202602162130,  -0.262,   1.098,9999.000,9999.000,9999.000,9999.000,9999.000,9999.000,9999.000
202602162136,  -0.263,   1.108,9999.000,9999.000,9999.000,9999.000,9999.000,9999.000,9999.000
202602162142,  -0.263,   1.098,9999.000,9999.000,9999.000,9999.000,9999.000,9999.000,9999.000
202602162148,  -0.262,   1.108,9999.000,9999.000,9999.000,9999.000,9999.000,9999.000,9999.000
202602162154,  -0.258,   1.108,9999.000,9999.000,9999.000,9999.000,9999.000,9999.000,9999.000
202602162200,  -0.253,   1.108,   0.800,   0.561,   1.108,   0.700,   1.008,   0.800,   1.108
202602162206,  -0.247,   1.108,9999.000,9999.000,9999.000,9999.000,9999.000,9999.000,9999.000
202602162212,  -0.238,   1.108,9999.000,9999.000,9999.000,9999.000,9999.000,9999.000,9999.000
202602162218,  -0.228,   1.118,9999.000,9999.000,9999.000,9999.000,9999.000,9999.000,9999.000
202602162224,  -0.216,   1.108,9999.000,9999.000,9999.000,9999.000,9999.000,9999.000,9999.000
202602162230,  -0.203,   1.118,9999.000,9999.000,9999.000,9999.000,9999.000,9999.000,9999.000
202602162236,  -0.188,   1.118,9999.000,9999.000,9999.000,9999.000,9999.000,9999.000,9999.000
202602162242,  -0.171,   1.128,9999.000,9999.000,9999.000,9999.000,9999.000,9999.000,9999.000
202602162248,  -0.152,   1.151,9999.000,9999.000,9999.000,9999.000,9999.000,9999.000,9999.000
202602162254,  -0.132,   1.161,9999.000,9999.000,9999.000,9999.000,9999.000,9999.000,9999.000
202602162300,  -0.111,   1.180,   0.800,   0.491,   1.180,   0.800,   1.180,   0.900,   1.280
202602162306,  -0.087,   1.210,9999.000,9999.000,9999.000,9999.000,9999.000,9999.000,9999.000
202602162312,  -0.063,   1.239,9999.000,9999.000,9999.000,9999.000,9999.000,9999.000,9999.000
202602162318,  -0.037,   1.259,9999.000,9999.000,9999.000,9999.000,9999.000,9999.000,9999.000
202602162324,  -0.010,   1.308,9999.000,9999.000,9999.000,9999.000,9999.000,9999.000,9999.000
202602162330,   0.017,   1.348,9999.000,9999.000,9999.000,9999.000,9999.000,9999.000,9999.000
202602162336,   0.046,   1.371,9999.000,9999.000,9999.000,9999.000,9999.000,9999.000,9999.000
202602162342,   0.075,   1.420,9999.000,9999.000,9999.000,9999.000,9999.000,9999.000,9999.000
202602162348,   0.106,   1.459,9999.000,9999.000,9999.000,9999.000,9999.000,9999.000,9999.000
202602162354,   0.137,   1.479,9999.000,9999.000,9999.000,9999.000,9999.000,9999.000,9999.000
202602170000,   0.169,   1.479,   0.900,   0.410,   1.479,   0.800,   1.379,   0.900,   1.479
202602170006,   0.201,   1.557,9999.000,9999.000,9999.000,9999.000,9999.000,9999.000,9999.000
202602170012,   0.233,   1.610,9999.000,9999.000,9999.000,9999.000,9999.000,9999.000,9999.000
202602170018,   0.265,   1.630,9999.000,9999.000,9999.000,9999.000,9999.000,9999.000,9999.000
202602170024,   0.298,   1.659,9999.000,9999.000,9999.000,9999.000,9999.000,9999.000,9999.000
202602170030,   0.330,   1.718,9999.000,9999.000,9999.000,9999.000,9999.000,9999.000,9999.000
202602170036,   0.362,   1.718,9999.000,9999.000,9999.000,9999.000,9999.000,9999.000,9999.000
202602170042,   0.393,   1.767,9999.000,9999.000,9999.000,9999.000,9999.000,9999.000,9999.000
202602170048,   0.424,   1.800,9999.000,9999.000,9999.000,9999.000,9999.000,9999.000,9999.000
202602170054,   0.454,   1.840,9999.000,9999.000,9999.000,9999.000,9999.000,9999.000,9999.000
202602170100,   0.484,   1.859,   0.900,   0.475,   1.859,   0.800,   1.759,   0.900,   1.859
202602170106,   0.512,   1.889,9999.000,9999.000,9999.000,9999.000,9999.000,9999.000,9999.000
202602170112,   0.540,   1.938,9999.000,9999.000,9999.000,9999.000,9999.000,9999.000,9999.000
202602170118,   0.566,   1.948,9999.000,9999.000,9999.000,9999.000,9999.000,9999.000,9999.000
202602170124,   0.592,   1.981,9999.000,9999.000,9999.000,9999.000,9999.000,9999.000,9999.000
202602170130,   0.617,   2.030,9999.000,9999.000,9999.000,9999.000,9999.000,9999.000,9999.000
202602170136,   0.640,   2.040,9999.000,9999.000,9999.000,9999.000,9999.000,9999.000,9999.000
202602170142,   0.662,   2.089,9999.000,9999.000,9999.000,9999.000,9999.000,9999.000,9999.000
202602170148,   0.683,   2.099,9999.000,9999.000,9999.000,9999.000,9999.000,9999.000,9999.000
202602170154,   0.702,   2.138,9999.000,9999.000,9999.000,9999.000,9999.000,9999.000,9999.000
202602170200,   0.720,   2.148,   0.900,   0.528,   2.148,   0.800,   2.048,   0.900,   2.148
202602170206,   0.737,   2.158,9999.000,9999.000,9999.000,9999.000,9999.000,9999.000,9999.000
202602170212,   0.753,   2.200,9999.000,9999.000,9999.000,9999.000,9999.000,9999.000,9999.000
202602170218,   0.767,   2.200,9999.000,9999.000,9999.000,9999.000,9999.000,9999.000,9999.000
202602170224,   0.780,   2.220,9999.000,9999.000,9999.000,9999.000,9999.000,9999.000,9999.000
202602170230,   0.792,   2.220,9999.000,9999.000,9999.000,9999.000,9999.000,9999.000,9999.000
202602170236,   0.802,   2.230,9999.000,9999.000,9999.000,9999.000,9999.000,9999.000,9999.000
202602170242,   0.811,   2.230,9999.000,9999.000,9999.000,9999.000,9999.000,9999.000,9999.000
202602170248,   0.818,   2.220,9999.000,9999.000,9999.000,9999.000,9999.000,9999.000,9999.000
202602170254,   0.825,   2.240,9999.000,9999.000,9999.000,9999.000,9999.000,9999.000,9999.000
202602170300,   0.830,   2.240,   0.900,   0.510,   2.240,   0.800,   2.140,   0.900,   2.240
202602170306,   0.834,   2.220,9999.000,9999.000,9999.000,9999.000,9999.000,9999.000,9999.000
202602170312,   0.836,   2.250,9999.000,9999.000,9999.000,9999.000,9999.000,9999.000,9999.000
202602170318,   0.838,   2.220,9999.000,9999.000,9999.000,9999.000,9999.000,9999.000,9999.000
202602170324,   0.838,   2.230,9999.000,9999.000,9999.000,9999.000,9999.000,9999.000,9999.000
202602170330,   0.837,   2.240,9999.000,9999.000,9999.000,9999.000,9999.000,9999.000,9999.000
202602170336,   0.835,   2.230,9999.000,9999.000,9999.000,9999.000,9999.000,9999.000,9999.000
202602170342,   0.831,   2.240,9999.000,9999.000,9999.000,9999.000,9999.000,9999.000,9999.000
202602170348,   0.826,   2.230,9999.000,9999.000,9999.000,9999.000,9999.000,9999.000,9999.000
202602170354,   0.821,   2.230,9999.000,9999.000,9999.000,9999.000,9999.000,9999.000,9999.000
202602170400,   0.814,   2.230,   0.900,   0.516,   2.230,   0.800,   2.130,   0.900,   2.230
202602170406,   0.805,   2.220,9999.000,9999.000,9999.000,9999.000,9999.000,9999.000,9999.000
202602170412,   0.796,   2.220,9999.000,9999.000,9999.000,9999.000,9999.000,9999.000,9999.000
202602170418,   0.785,   2.210,9999.000,9999.000,9999.000,9999.000,9999.000,9999.000,9999.000
202602170424,   0.773,   2.191,9999.000,9999.000,9999.000,9999.000,9999.000,9999.000,9999.000
202602170430,   0.760,   2.191,9999.000,9999.000,9999.000,9999.000,9999.000,9999.000,9999.000
202602170436,   0.746,   2.191,9999.000,9999.000,9999.000,9999.000,9999.000,9999.000,9999.000
202602170442,   0.731,   2.168,9999.000,9999.000,9999.000,9999.000,9999.000,9999.000,9999.000
202602170448,   0.714,   2.158,9999.000,9999.000,9999.000,9999.000,9999.000,9999.000,9999.000
202602170454,   0.697,   2.128,9999.000,9999.000,9999.000,9999.000,9999.000,9999.000,9999.000
202602170500,   0.678,   2.118,   0.900,   0.540,   2.118,   0.800,   2.018,   0.900,   2.118
202602170506,   0.658,   2.109,9999.000,9999.000,9999.000,9999.000,9999.000,9999.000,9999.000
202602170512,   0.637,   2.079,9999.000,9999.000,9999.000,9999.000,9999.000,9999.000,9999.000
202602170518,   0.615,   2.059,9999.000,9999.000,9999.000,9999.000,9999.000,9999.000,9999.000
202602170524,   0.592,   2.049,9999.000,9999.000,9999.000,9999.000,9999.000,9999.000,9999.000
202602170530,   0.569,   2.020,9999.000,9999.000,9999.000,9999.000,9999.000,9999.000,9999.000
202602170536,   0.544,   1.990,9999.000,9999.000,9999.000,9999.000,9999.000,9999.000,9999.000
202602170542,   0.519,   1.981,9999.000,9999.000,9999.000,9999.000,9999.000,9999.000,9999.000
202602170548,   0.493,   1.938,9999.000,9999.000,9999.000,9999.000,9999.000,9999.000,9999.000
202602170554,   0.466,   1.928,9999.000,9999.000,9999.000,9999.000,9999.000,9999.000,9999.000
202602170600,   0.439,   1.899,   0.900,   0.560,   1.899,   0.800,   1.799,   0.900,   1.899
202602170606,   0.411,   1.859,9999.000,9999.000,9999.000,9999.000,9999.000,9999.000,9999.000
202602170612,   0.383,   1.859,9999.000,9999.000,9999.000,9999.000,9999.000,9999.000,9999.000
202602170618,   0.354,   1.800,9999.000,9999.000,9999.000,9999.000,9999.000,9999.000,9999.000
202602170624,   0.325,   1.800,9999.000,9999.000,9999.000,9999.000,9999.000,9999.000,9999.000
202602170630,   0.296,   1.781,9999.000,9999.000,9999.000,9999.000,9999.000,9999.000,9999.000
202602170636,   0.267,   1.728,9999.000,9999.000,9999.000,9999.000,9999.000,9999.000,9999.000
202602170642,   0.238,   1.728,9999.000,9999.000,9999.000,9999.000,9999.000,9999.000,9999.000
202602170648,   0.210,   1.669,9999.000,9999.000,9999.000,9999.000,9999.000,9999.000,9999.000
202602170654,   0.181,   1.669,9999.000,9999.000,9999.000,9999.000,9999.000,9999.000,9999.000
202602170700,   0.153,   1.610,   0.900,   0.557,   1.610,   0.800,   1.510,   0.900,   1.610
202602170706,   0.125,   1.610,9999.000,9999.000,9999.000,9999.000,9999.000,9999.000,9999.000
202602170712,   0.097,   1.590,9999.000,9999.000,9999.000,9999.000,9999.000,9999.000,9999.000
202602170718,   0.071,   1.557,9999.000,9999.000,9999.000,9999.000,9999.000,9999.000,9999.000
202602170724,   0.044,   1.518,9999.000,9999.000,9999.000,9999.000,9999.000,9999.000,9999.000
202602170730,   0.019,   1.498,9999.000,9999.000,9999.000,9999.000,9999.000,9999.000,9999.000
202602170736,  -0.005,   1.459,9999.000,9999.000,9999.000,9999.000,9999.000,9999.000,9999.000
202602170742,  -0.029,   1.439,9999.000,9999.000,9999.000,9999.000,9999.000,9999.000,9999.000
202602170748,  -0.053,   1.410,9999.000,9999.000,9999.000,9999.000,9999.000,9999.000,9999.000
202602170754,  -0.075,   1.380,9999.000,9999.000,9999.000,9999.000,9999.000,9999.000,9999.000
202602170800,  -0.096,   1.361,   0.900,   0.557,   1.361,   0.800,   1.261,   0.900,   1.361
202602170806,  -0.117,   1.348,9999.000,9999.000,9999.000,9999.000,9999.000,9999.000,9999.000
202602170812,  -0.136,   1.318,9999.000,9999.000,9999.000,9999.000,9999.000,9999.000,9999.000
202602170818,  -0.155,   1.308,9999.000,9999.000,9999.000,9999.000,9999.000,9999.000,9999.000
202602170824,  -0.172,   1.289,9999.000,9999.000,9999.000,9999.000,9999.000,9999.000,9999.000
202602170830,  -0.188,   1.279,9999.000,9999.000,9999.000,9999.000,9999.000,9999.000,9999.000
202602170836,  -0.202,   1.239,9999.000,9999.000,9999.000,9999.000,9999.000,9999.000,9999.000
202602170842,  -0.216,   1.249,9999.000,9999.000,9999.000,9999.000,9999.000,9999.000,9999.000
202602170848,  -0.228,   1.210,9999.000,9999.000,9999.000,9999.000,9999.000,9999.000,9999.000
202602170854,  -0.239,   1.210,9999.000,9999.000,9999.000,9999.000,9999.000,9999.000,9999.000
202602170900,  -0.249,   1.190,   0.900,   0.539,   1.190,   0.800,   1.090,   0.900,   1.190
202602170906,  -0.257,   1.190,9999.000,9999.000,9999.000,9999.000,9999.000,9999.000,9999.000
202602170912,  -0.264,   1.200,9999.000,9999.000,9999.000,9999.000,9999.000,9999.000,9999.000
202602170918,  -0.270,   1.170,9999.000,9999.000,9999.000,9999.000,9999.000,9999.000,9999.000
202602170924,  -0.274,   1.200,9999.000,9999.000,9999.000,9999.000,9999.000,9999.000,9999.000
202602170930,  -0.277,   1.170,9999.000,9999.000,9999.000,9999.000,9999.000,9999.000,9999.000
202602170936,  -0.278,   1.170,9999.000,9999.000,9999.000,9999.000,9999.000,9999.000,9999.000
202602170942,  -0.277,   1.170,9999.000,9999.000,9999.000,9999.000,9999.000,9999.000,9999.000
202602170948,  -0.275,   1.170,9999.000,9999.000,9999.000,9999.000,9999.000,9999.000,9999.000
202602170954,  -0.272,   1.161,9999.000,9999.000,9999.000,9999.000,9999.000,9999.000,9999.000
202602171000,  -0.266,   1.161,   0.900,   0.527,   1.161,   0.800,   1.061,   0.900,   1.161
202602171006,  -0.259,   1.170,9999.000,9999.000,9999.000,9999.000,9999.000,9999.000,9999.000
202602171012,  -0.251,   1.170,9999.000,9999.000,9999.000,9999.000,9999.000,9999.000,9999.000
202602171018,  -0.240,   1.180,9999.000,9999.000,9999.000,9999.000,9999.000,9999.000,9999.000
202602171024,  -0.228,   1.180,9999.000,9999.000,9999.000,9999.000,9999.000,9999.000,9999.000
202602171030,  -0.215,   1.210,9999.000,9999.000,9999.000,9999.000,9999.000,9999.000,9999.000
202602171036,  -0.199,   1.210,9999.000,9999.000,9999.000,9999.000,9999.000,9999.000,9999.000
202602171042,  -0.182,   1.239,9999.000,9999.000,9999.000,9999.000,9999.000,9999.000,9999.000
202602171048,  -0.163,   1.259,9999.000,9999.000,9999.000,9999.000,9999.000,9999.000,9999.000
202602171054,  -0.143,   1.289,9999.000,9999.000,9999.000,9999.000,9999.000,9999.000,9999.000
202602171100,  -0.120,   1.308,   0.900,   0.528,   1.308,   0.800,   1.208,   0.900,   1.308
202602171106,  -0.097,   1.348,9999.000,9999.000,9999.000,9999.000,9999.000,9999.000,9999.000
202602171112,  -0.072,   1.371,9999.000,9999.000,9999.000,9999.000,9999.000,9999.000,9999.000
202602171118,  -0.045,   1.400,9999.000,9999.000,9999.000,9999.000,9999.000,9999.000,9999.000
202602171124,  -0.017,   1.430,9999.000,9999.000,9999.000,9999.000,9999.000,9999.000,9999.000
202602171130,   0.012,   1.469,9999.000,9999.000,9999.000,9999.000,9999.000,9999.000,9999.000
202602171136,   0.042,   1.498,9999.000,9999.000,9999.000,9999.000,9999.000,9999.000,9999.000
202602171142,   0.074,   1.548,9999.000,9999.000,9999.000,9999.000,9999.000,9999.000,9999.000
202602171148,   0.107,   1.580,9999.000,9999.000,9999.000,9999.000,9999.000,9999.000,9999.000
202602171154,   0.141,   1.610,9999.000,9999.000,9999.000,9999.000,9999.000,9999.000,9999.000
202602171200,   0.175,   1.649,   0.900,   0.574,   1.649,   0.800,   1.549,   0.900,   1.649
202602171206,   0.210,   1.669,9999.000,9999.000,9999.000,9999.000,9999.000,9999.000,9999.000
202602171212,   0.246,   1.708,9999.000,9999.000,9999.000,9999.000,9999.000,9999.000,9999.000
202602171218,   0.282,   1.738,9999.000,9999.000,9999.000,9999.000,9999.000,9999.000,9999.000
202602171224,   0.319,   1.781,9999.000,9999.000,9999.000,9999.000,9999.000,9999.000,9999.000
202602171230,   0.355,   1.820,9999.000,9999.000,9999.000,9999.000,9999.000,9999.000,9999.000
202602171236,   0.392,   1.849,9999.000,9999.000,9999.000,9999.000,9999.000,9999.000,9999.000
202602171242,   0.428,   1.879,9999.000,9999.000,9999.000,9999.000,9999.000,9999.000,9999.000
202602171248,   0.464,   1.918,9999.000,9999.000,9999.000,9999.000,9999.000,9999.000,9999.000
202602171254,   0.500,   1.948,9999.000,9999.000,9999.000,9999.000,9999.000,9999.000,9999.000
202602171300,   0.535,   1.981,   0.900,   0.546,   1.981,   0.800,   1.881,   0.900,   1.981
202602171306,   0.569,   2.020,9999.000,9999.000,9999.000,9999.000,9999.000,9999.000,9999.000
202602171312,   0.603,   2.059,9999.000,9999.000,9999.000,9999.000,9999.000,9999.000,9999.000
202602171318,   0.636,   2.089,9999.000,9999.000,9999.000,9999.000,9999.000,9999.000,9999.000
202602171324,   0.668,   2.128,9999.000,9999.000,9999.000,9999.000,9999.000,9999.000,9999.000
202602171330,   0.698,   2.158,9999.000,9999.000,9999.000,9999.000,9999.000,9999.000,9999.000
202602171336,   0.728,   2.200,9999.000,9999.000,9999.000,9999.000,9999.000,9999.000,9999.000
202602171342,   0.756,   2.220,9999.000,9999.000,9999.000,9999.000,9999.000,9999.000,9999.000
202602171348,   0.783,   2.259,9999.000,9999.000,9999.000,9999.000,9999.000,9999.000,9999.000
202602171354,   0.809,   2.269,9999.000,9999.000,9999.000,9999.000,9999.000,9999.000,9999.000
202602171400,   0.833,   2.299,   0.900,   0.566,   2.299,   0.800,   2.199,   0.900,   2.299
202602171406,   0.855,   2.318,9999.000,9999.000,9999.000,9999.000,9999.000,9999.000,9999.000
202602171412,   0.877,   2.328,9999.000,9999.000,9999.000,9999.000,9999.000,9999.000,9999.000
202602171418,   0.896,   2.358,9999.000,9999.000,9999.000,9999.000,9999.000,9999.000,9999.000
202602171424,   0.914,   2.377,9999.000,9999.000,9999.000,9999.000,9999.000,9999.000,9999.000
202602171430,   0.931,   2.387,9999.000,9999.000,9999.000,9999.000,9999.000,9999.000,9999.000
202602171436,   0.946,   2.410,9999.000,9999.000,9999.000,9999.000,9999.000,9999.000,9999.000
202602171442,   0.960,   2.430,9999.000,9999.000,9999.000,9999.000,9999.000,9999.000,9999.000
202602171448,   0.972,   2.440,9999.000,9999.000,9999.000,9999.000,9999.000,9999.000,9999.000
202602171454,   0.982,   2.450,9999.000,9999.000,9999.000,9999.000,9999.000,9999.000,9999.000
202602171500,   0.992,   2.469,   0.900,   0.577,   2.469,   0.800,   2.369,   0.900,   2.469
202602171506,   0.999,   2.469,9999.000,9999.000,9999.000,9999.000,9999.000,9999.000,9999.000
202602171512,   1.005,   2.489,9999.000,9999.000,9999.000,9999.000,9999.000,9999.000,9999.000
202602171518,   1.010,   2.489,9999.000,9999.000,9999.000,9999.000,9999.000,9999.000,9999.000
202602171524,   1.014,   2.489,9999.000,9999.000,9999.000,9999.000,9999.000,9999.000,9999.000
202602171530,   1.016,   2.499,9999.000,9999.000,9999.000,9999.000,9999.000,9999.000,9999.000
202602171536,   1.016,   2.509,9999.000,9999.000,9999.000,9999.000,9999.000,9999.000,9999.000
202602171542,   1.016,   2.499,9999.000,9999.000,9999.000,9999.000,9999.000,9999.000,9999.000
202602171548,   1.014,   2.509,9999.000,9999.000,9999.000,9999.000,9999.000,9999.000,9999.000
202602171554,   1.011,   2.479,9999.000,9999.000,9999.000,9999.000,9999.000,9999.000,9999.000
202602171600,   1.006,   2.509,   0.800,   0.703,   2.509,   0.800,   2.509,   0.900,   2.609
202602171606,   1.000,   2.479,9999.000,9999.000,9999.000,9999.000,9999.000,9999.000,9999.000
202602171612,   0.993,   2.499,9999.000,9999.000,9999.000,9999.000,9999.000,9999.000,9999.000
202602171618,   0.985,   2.489,9999.000,9999.000,9999.000,9999.000,9999.000,9999.000,9999.000
202602171624,   0.975,   2.469,9999.000,9999.000,9999.000,9999.000,9999.000,9999.000,9999.000
202602171630,   0.964,   2.479,9999.000,9999.000,9999.000,9999.000,9999.000,9999.000,9999.000
202602171636,   0.952,   2.459,9999.000,9999.000,9999.000,9999.000,9999.000,9999.000,9999.000
202602171642,   0.939,   2.459,9999.000,9999.000,9999.000,9999.000,9999.000,9999.000,9999.000
202602171648,   0.925,   2.440,9999.000,9999.000,9999.000,9999.000,9999.000,9999.000,9999.000
202602171654,   0.909,   2.430,9999.000,9999.000,9999.000,9999.000,9999.000,9999.000,9999.000
202602171700,   0.892,   2.420,   0.800,   0.728,   2.420,   0.800,   2.420,   0.900,   2.520
202602171706,   0.874,   2.400,9999.000,9999.000,9999.000,9999.000,9999.000,9999.000,9999.000
202602171712,   0.854,   2.400,9999.000,9999.000,9999.000,9999.000,9999.000,9999.000,9999.000
202602171718,   0.834,   2.377,9999.000,9999.000,9999.000,9999.000,9999.000,9999.000,9999.000
202602171724,   0.812,   2.338,9999.000,9999.000,9999.000,9999.000,9999.000,9999.000,9999.000
202602171730,   0.790,   2.318,9999.000,9999.000,9999.000,9999.000,9999.000,9999.000,9999.000
202602171736,   0.766,   2.309,9999.000,9999.000,9999.000,9999.000,9999.000,9999.000,9999.000
202602171742,   0.741,   2.250,9999.000,9999.000,9999.000,9999.000,9999.000,9999.000,9999.000
202602171748,   0.715,   2.220,9999.000,9999.000,9999.000,9999.000,9999.000,9999.000,9999.000
202602171754,   0.688,   2.200,9999.000,9999.000,9999.000,9999.000,9999.000,9999.000,9999.000
202602171800,   0.661,   2.148,   0.900,   0.587,   2.148,   0.800,   2.048,   0.900,   2.148
202602171806,   0.632,   2.118,9999.000,9999.000,9999.000,9999.000,9999.000,9999.000,9999.000
202602171812,   0.603,   2.079,9999.000,9999.000,9999.000,9999.000,9999.000,9999.000,9999.000
202602171818,   0.573,   2.049,9999.000,9999.000,9999.000,9999.000,9999.000,9999.000,9999.000
202602171824,   0.542,   2.000,9999.000,9999.000,9999.000,9999.000,9999.000,9999.000,9999.000
202602171830,   0.511,   1.967,9999.000,9999.000,9999.000,9999.000,9999.000,9999.000,9999.000
202602171836,   0.480,   1.938,9999.000,9999.000,9999.000,9999.000,9999.000,9999.000,9999.000
202602171842,   0.448,   1.899,9999.000,9999.000,9999.000,9999.000,9999.000,9999.000,9999.000
202602171848,   0.416,   1.859,9999.000,9999.000,9999.000,9999.000,9999.000,9999.000,9999.000
202602171854,   0.383,   1.849,9999.000,9999.000,9999.000,9999.000,9999.000,9999.000,9999.000
202602171900,   0.351,   1.800,   0.900,   0.549,   1.800,   0.800,   1.700,   0.900,   1.800
202602171906,   0.318,   1.767,9999.000,9999.000,9999.000,9999.000,9999.000,9999.000,9999.000
202602171912,   0.286,   1.738,9999.000,9999.000,9999.000,9999.000,9999.000,9999.000,9999.000
202602171918,   0.254,   1.699,9999.000,9999.000,9999.000,9999.000,9999.000,9999.000,9999.000
202602171924,   0.222,   1.689,9999.000,9999.000,9999.000,9999.000,9999.000,9999.000,9999.000
202602171930,   0.190,   1.639,9999.000,9999.000,9999.000,9999.000,9999.000,9999.000,9999.000
202602171936,   0.159,   1.620,9999.000,9999.000,9999.000,9999.000,9999.000,9999.000,9999.000
202602171942,   0.128,   1.571,9999.000,9999.000,9999.000,9999.000,9999.000,9999.000,9999.000
202602171948,   0.098,   1.571,9999.000,9999.000,9999.000,9999.000,9999.000,9999.000,9999.000
202602171954,   0.068,   1.508,9999.000,9999.000,9999.000,9999.000,9999.000,9999.000,9999.000
202602172000,   0.040,   1.508,   0.800,   0.668,   1.508,   0.800,   1.508,   0.900,   1.608
202602172006,   0.012,   1.459,9999.000,9999.000,9999.000,9999.000,9999.000,9999.000,9999.000
202602172012,  -0.015,   1.449,9999.000,9999.000,9999.000,9999.000,9999.000,9999.000,9999.000
202602172018,  -0.041,   1.410,9999.000,9999.000,9999.000,9999.000,9999.000,9999.000,9999.000
202602172024,  -0.066,   1.390,9999.000,9999.000,9999.000,9999.000,9999.000,9999.000,9999.000
202602172030,  -0.090,   1.371,9999.000,9999.000,9999.000,9999.000,9999.000,9999.000,9999.000
202602172036,  -0.114,   1.338,9999.000,9999.000,9999.000,9999.000,9999.000,9999.000,9999.000
202602172042,  -0.136,   1.328,9999.000,9999.000,9999.000,9999.000,9999.000,9999.000,9999.000
202602172048,  -0.157,   1.298,9999.000,9999.000,9999.000,9999.000,9999.000,9999.000,9999.000
202602172054,  -0.176,   1.279,9999.000,9999.000,9999.000,9999.000,9999.000,9999.000,9999.000
202602172100,  -0.195,   1.259,   0.800,   0.654,   1.259,   0.800,   1.259,   0.900,   1.359
202602172106,  -0.212,   1.239,9999.000,9999.000,9999.000,9999.000,9999.000,9999.000,9999.000
202602172112,  -0.228,   1.229,9999.000,9999.000,9999.000,9999.000,9999.000,9999.000,9999.000
202602172118,  -0.243,   1.210,9999.000,9999.000,9999.000,9999.000,9999.000,9999.000,9999.000
202602172124,  -0.256,   1.190,9999.000,9999.000,9999.000,9999.000,9999.000,9999.000,9999.000
202602172130,  -0.268,   1.190,9999.000,9999.000,9999.000,9999.000,9999.000,9999.000,9999.000
202602172136,  -0.279,   1.170,9999.000,9999.000,9999.000,9999.000,9999.000,9999.000,9999.000
202602172142,  -0.287,   1.170,9999.000,9999.000,9999.000,9999.000,9999.000,9999.000,9999.000
202602172148,  -0.295,   1.151,9999.000,9999.000,9999.000,9999.000,9999.000,9999.000,9999.000
202602172154,  -0.301,   1.151,9999.000,9999.000,9999.000,9999.000,9999.000,9999.000,9999.000
202602172200,  -0.305,   1.138,   0.800,   0.643,   1.138,   0.800,   1.138,   0.900,   1.238
202602172206,  -0.307,   1.128,9999.000,9999.000,9999.000,9999.000,9999.000,9999.000,9999.000
202602172212,  -0.308,   1.128,9999.000,9999.000,9999.000,9999.000,9999.000,9999.000,9999.000
202602172218,  -0.308,   1.118,9999.000,9999.000,9999.000,9999.000,9999.000,9999.000,9999.000
202602172224,  -0.305,   1.128,9999.000,9999.000,9999.000,9999.000,9999.000,9999.000,9999.000
202602172230,  -0.301,   1.118,9999.000,9999.000,9999.000,9999.000,9999.000,9999.000,9999.000
202602172236,  -0.295,   1.108,9999.000,9999.000,9999.000,9999.000,9999.000,9999.000,9999.000
202602172242,  -0.287,   1.128,9999.000,9999.000,9999.000,9999.000,9999.000,9999.000,9999.000
202602172248,  -0.278,   1.108,9999.000,9999.000,9999.000,9999.000,9999.000,9999.000,9999.000
202602172254,  -0.266,   1.128,9999.000,9999.000,9999.000,9999.000,9999.000,9999.000,9999.000
202602172300,  -0.253,   1.128,   0.800,   0.581,   1.128,   0.800,   1.128,   0.900,   1.228
202602172306,  -0.238,   1.138,9999.000,9999.000,9999.000,9999.000,9999.000,9999.000,9999.000
202602172312,  -0.222,   1.151,9999.000,9999.000,9999.000,9999.000,9999.000,9999.000,9999.000
202602172318,  -0.203,   1.151,9999.000,9999.000,9999.000,9999.000,9999.000,9999.000,9999.000
202602172324,  -0.183,   1.170,9999.000,9999.000,9999.000,9999.000,9999.000,9999.000,9999.000
202602172330,  -0.161,   1.180,9999.000,9999.000,9999.000,9999.000,9999.000,9999.000,9999.000
202602172336,  -0.138,   1.190,9999.000,9999.000,9999.000,9999.000,9999.000,9999.000,9999.000
202602172342,  -0.112,   1.210,9999.000,9999.000,9999.000,9999.000,9999.000,9999.000,9999.000
202602172348,  -0.086,   1.229,9999.000,9999.000,9999.000,9999.000,9999.000,9999.000,9999.000
202602172354,  -0.058,   1.426,9999.000,9999.000,9999.000,9999.000,9999.000,9999.000,9999.000
202602180000,  -0.029,   1.426,   0.800,   0.655,   1.426,   0.800,   1.426,   0.800,   1.426
202602180006,   0.001,   1.318,9999.000,9999.000,9999.000,9999.000,9999.000,9999.000,9999.000
202602180012,   0.032,   1.338,9999.000,9999.000,9999.000,9999.000,9999.000,9999.000,9999.000
202602180018,   0.065,   1.380,9999.000,9999.000,9999.000,9999.000,9999.000,9999.000,9999.000
202602180024,   0.098,   1.390,9999.000,9999.000,9999.000,9999.000,9999.000,9999.000,9999.000
202602180030,   0.132,   1.430,9999.000,9999.000,9999.000,9999.000,9999.000,9999.000,9999.000
202602180036,   0.167,   1.489,9999.000,9999.000,9999.000,9999.000,9999.000,9999.000,9999.000
202602180042,   0.202,   1.489,9999.000,9999.000,9999.000,9999.000,9999.000,9999.000,9999.000
202602180048,   0.238,   1.538,9999.000,9999.000,9999.000,9999.000,9999.000,9999.000,9999.000
202602180054,   0.273,   1.571,9999.000,9999.000,9999.000,9999.000,9999.000,9999.000,9999.000
202602180100,   0.309,   1.610,   0.800,   0.501,   1.610,   0.800,   1.610,   0.800,   1.610
202602180106,   0.345,   1.639,9999.000,9999.000,9999.000,9999.000,9999.000,9999.000,9999.000
202602180112,   0.380,   1.669,9999.000,9999.000,9999.000,9999.000,9999.000,9999.000,9999.000
202602180118,   0.415,   1.699,9999.000,9999.000,9999.000,9999.000,9999.000,9999.000,9999.000
202602180124,   0.450,   1.738,9999.000,9999.000,9999.000,9999.000,9999.000,9999.000,9999.000
202602180130,   0.483,   1.758,9999.000,9999.000,9999.000,9999.000,9999.000,9999.000,9999.000
202602180136,   0.516,   1.810,9999.000,9999.000,9999.000,9999.000,9999.000,9999.000,9999.000
202602180142,   0.549,   1.830,9999.000,9999.000,9999.000,9999.000,9999.000,9999.000,9999.000
202602180148,   0.580,   1.879,9999.000,9999.000,9999.000,9999.000,9999.000,9999.000,9999.000
202602180154,   0.610,   1.889,9999.000,9999.000,9999.000,9999.000,9999.000,9999.000,9999.000
202602180200,   0.639,   1.928,   0.800,   0.489,   1.928,   0.800,   1.928,   0.800,   1.928
202602180206,   0.667,   1.958,9999.000,9999.000,9999.000,9999.000,9999.000,9999.000,9999.000
202602180212,   0.693,   1.981,9999.000,9999.000,9999.000,9999.000,9999.000,9999.000,9999.000
202602180218,   0.718,   2.000,9999.000,9999.000,9999.000,9999.000,9999.000,9999.000,9999.000
202602180224,   0.741,   2.040,9999.000,9999.000,9999.000,9999.000,9999.000,9999.000,9999.000
202602180230,   0.764,   2.049,9999.000,9999.000,9999.000,9999.000,9999.000,9999.000,9999.000
202602180236,   0.784,   2.069,9999.000,9999.000,9999.000,9999.000,9999.000,9999.000,9999.000
202602180242,   0.803,   2.099,9999.000,9999.000,9999.000,9999.000,9999.000,9999.000,9999.000
202602180248,   0.821,   2.109,9999.000,9999.000,9999.000,9999.000,9999.000,9999.000,9999.000
202602180254,   0.837,   2.128,9999.000,9999.000,9999.000,9999.000,9999.000,9999.000,9999.000
202602180300,   0.851,   2.148,   0.800,   0.497,   2.148,   0.700,   2.048,   0.800,   2.148
202602180306,   0.864,   2.168,9999.000,9999.000,9999.000,9999.000,9999.000,9999.000,9999.000
202602180312,   0.876,   2.168,9999.000,9999.000,9999.000,9999.000,9999.000,9999.000,9999.000
202602180318,   0.886,   2.191,9999.000,9999.000,9999.000,9999.000,9999.000,9999.000,9999.000
202602180324,   0.894,   2.191,9999.000,9999.000,9999.000,9999.000,9999.000,9999.000,9999.000
202602180330,   0.901,   2.191,9999.000,9999.000,9999.000,9999.000,9999.000,9999.000,9999.000
202602180336,   0.907,   2.200,9999.000,9999.000,9999.000,9999.000,9999.000,9999.000,9999.000
202602180342,   0.911,   2.191,9999.000,9999.000,9999.000,9999.000,9999.000,9999.000,9999.000
202602180348,   0.914,   2.200,9999.000,9999.000,9999.000,9999.000,9999.000,9999.000,9999.000
202602180354,   0.915,   2.200,9999.000,9999.000,9999.000,9999.000,9999.000,9999.000,9999.000
202602180400,   0.915,   2.200,   0.800,   0.485,   2.200,   0.700,   2.100,   0.800,   2.200
202602180406,   0.914,   2.200,9999.000,9999.000,9999.000,9999.000,9999.000,9999.000,9999.000
202602180412,   0.912,   2.191,9999.000,9999.000,9999.000,9999.000,9999.000,9999.000,9999.000
202602180418,   0.908,   2.191,9999.000,9999.000,9999.000,9999.000,9999.000,9999.000,9999.000
202602180424,   0.903,   2.177,9999.000,9999.000,9999.000,9999.000,9999.000,9999.000,9999.000
202602180430,   0.897,   2.168,9999.000,9999.000,9999.000,9999.000,9999.000,9999.000,9999.000
202602180436,   0.889,   2.168,9999.000,9999.000,9999.000,9999.000,9999.000,9999.000,9999.000
202602180442,   0.880,   2.158,9999.000,9999.000,9999.000,9999.000,9999.000,9999.000,9999.000
202602180448,   0.870,   2.138,9999.000,9999.000,9999.000,9999.000,9999.000,9999.000,9999.000
202602180454,   0.859,   2.138,9999.000,9999.000,9999.000,9999.000,9999.000,9999.000,9999.000
202602180500,   0.847,   2.109,   0.700,   0.562,   2.109,   0.700,   2.109,   0.800,   2.209
202602180506,   0.833,   2.099,9999.000,9999.000,9999.000,9999.000,9999.000,9999.000,9999.000
202602180512,   0.819,   2.069,9999.000,9999.000,9999.000,9999.000,9999.000,9999.000,9999.000
202602180518,   0.803,   2.049,9999.000,9999.000,9999.000,9999.000,9999.000,9999.000,9999.000
202602180524,   0.786,   2.030,9999.000,9999.000,9999.000,9999.000,9999.000,9999.000,9999.000
202602180530,   0.768,   2.010,9999.000,9999.000,9999.000,9999.000,9999.000,9999.000,9999.000
202602180536,   0.749,   1.967,9999.000,9999.000,9999.000,9999.000,9999.000,9999.000,9999.000
202602180542,   0.728,   1.948,9999.000,9999.000,9999.000,9999.000,9999.000,9999.000,9999.000
202602180548,   0.707,   1.908,9999.000,9999.000,9999.000,9999.000,9999.000,9999.000,9999.000
202602180554,   0.685,   1.899,9999.000,9999.000,9999.000,9999.000,9999.000,9999.000,9999.000
202602180600,   0.661,   1.869,   0.700,   0.508,   1.869,   0.700,   1.869,   0.800,   1.969
202602180606,   0.637,   1.840,9999.000,9999.000,9999.000,9999.000,9999.000,9999.000,9999.000
202602180612,   0.612,   1.810,9999.000,9999.000,9999.000,9999.000,9999.000,9999.000,9999.000
202602180618,   0.585,   1.781,9999.000,9999.000,9999.000,9999.000,9999.000,9999.000,9999.000
202602180624,   0.558,   1.758,9999.000,9999.000,9999.000,9999.000,9999.000,9999.000,9999.000
202602180630,   0.531,   1.718,9999.000,9999.000,9999.000,9999.000,9999.000,9999.000,9999.000
202602180636,   0.502,   1.689,9999.000,9999.000,9999.000,9999.000,9999.000,9999.000,9999.000
202602180642,   0.474,   1.659,9999.000,9999.000,9999.000,9999.000,9999.000,9999.000,9999.000
202602180648,   0.444,   1.630,9999.000,9999.000,9999.000,9999.000,9999.000,9999.000,9999.000
202602180654,   0.414,   1.600,9999.000,9999.000,9999.000,9999.000,9999.000,9999.000,9999.000
202602180700,   0.384,   1.580,   0.700,   0.496,   1.580,   0.700,   1.580,   0.800,   1.680
202602180706,   0.353,   1.528,9999.000,9999.000,9999.000,9999.000,9999.000,9999.000,9999.000
202602180712,   0.323,   1.528,9999.000,9999.000,9999.000,9999.000,9999.000,9999.000,9999.000
202602180718,   0.292,   1.469,9999.000,9999.000,9999.000,9999.000,9999.000,9999.000,9999.000
202602180724,   0.261,   1.459,9999.000,9999.000,9999.000,9999.000,9999.000,9999.000,9999.000
202602180730,   0.230,   1.410,9999.000,9999.000,9999.000,9999.000,9999.000,9999.000,9999.000
202602180736,   0.200,   1.400,9999.000,9999.000,9999.000,9999.000,9999.000,9999.000,9999.000
202602180742,   0.170,   1.348,9999.000,9999.000,9999.000,9999.000,9999.000,9999.000,9999.000
202602180748,   0.140,   1.328,9999.000,9999.000,9999.000,9999.000,9999.000,9999.000,9999.000
202602180754,   0.110,   1.318,9999.000,9999.000,9999.000,9999.000,9999.000,9999.000,9999.000
202602180800,   0.081,   1.269,   0.700,   0.488,   1.269,   0.700,   1.269,   0.700,   1.269
202602180806,   0.053,   1.249,9999.000,9999.000,9999.000,9999.000,9999.000,9999.000,9999.000
202602180812,   0.026,   1.210,9999.000,9999.000,9999.000,9999.000,9999.000,9999.000,9999.000
202602180818,   0.000,   1.200,9999.000,9999.000,9999.000,9999.000,9999.000,9999.000,9999.000
202602180824,  -0.026,   1.161,9999.000,9999.000,9999.000,9999.000,9999.000,9999.000,9999.000
202602180830,  -0.051,   1.161,9999.000,9999.000,9999.000,9999.000,9999.000,9999.000,9999.000
202602180836,  -0.075,   1.128,9999.000,9999.000,9999.000,9999.000,9999.000,9999.000,9999.000
202602180842,  -0.099,   1.108,9999.000,9999.000,9999.000,9999.000,9999.000,9999.000,9999.000
202602180848,  -0.121,   1.079,9999.000,9999.000,9999.000,9999.000,9999.000,9999.000,9999.000
202602180854,  -0.141,   1.079,9999.000,9999.000,9999.000,9999.000,9999.000,9999.000,9999.000
202602180900,  -0.161,   1.049,   0.700,   0.510,   1.049,   0.600,   0.949,   0.700,   1.049
202602180906,  -0.180,   1.029,9999.000,9999.000,9999.000,9999.000,9999.000,9999.000,9999.000
202602180912,  -0.197,   1.010,9999.000,9999.000,9999.000,9999.000,9999.000,9999.000,9999.000
202602180918,  -0.213,   0.990,9999.000,9999.000,9999.000,9999.000,9999.000,9999.000,9999.000
202602180924,  -0.228,   0.970,9999.000,9999.000,9999.000,9999.000,9999.000,9999.000,9999.000
202602180930,  -0.241,   0.961,9999.000,9999.000,9999.000,9999.000,9999.000,9999.000,9999.000
202602180936,  -0.253,   0.941,9999.000,9999.000,9999.000,9999.000,9999.000,9999.000,9999.000
202602180942,  -0.264,   0.941,9999.000,9999.000,9999.000,9999.000,9999.000,9999.000,9999.000
202602180948,  -0.273,   0.918,9999.000,9999.000,9999.000,9999.000,9999.000,9999.000,9999.000
202602180954,  -0.280,   0.918,9999.000,9999.000,9999.000,9999.000,9999.000,9999.000,9999.000
202602181000,  -0.286,   0.898,   0.700,   0.484,   0.898,   0.600,   0.798,   0.700,   0.898
202602181006,  -0.291,   0.879,9999.000,9999.000,9999.000,9999.000,9999.000,9999.000,9999.000
202602181012,  -0.294,   0.879,9999.000,9999.000,9999.000,9999.000,9999.000,9999.000,9999.000
202602181018,  -0.295,   0.869,9999.000,9999.000,9999.000,9999.000,9999.000,9999.000,9999.000
202602181024,  -0.295,   0.859,9999.000,9999.000,9999.000,9999.000,9999.000,9999.000,9999.000
202602181030,  -0.293,   0.839,9999.000,9999.000,9999.000,9999.000,9999.000,9999.000,9999.000
202602181036,  -0.290,   0.859,9999.000,9999.000,9999.000,9999.000,9999.000,9999.000,9999.000
202602181042,  -0.284,   0.859,9999.000,9999.000,9999.000,9999.000,9999.000,9999.000,9999.000
202602181048,  -0.277,   0.869,9999.000,9999.000,9999.000,9999.000,9999.000,9999.000,9999.000
202602181054,  -0.269,   0.859,9999.000,9999.000,9999.000,9999.000,9999.000,9999.000,9999.000
202602181100,  -0.258,   0.879,   0.700,   0.437,   0.879,   0.600,   0.779,   0.700,   0.879
202602181106,  -0.246,   0.869,9999.000,9999.000,9999.000,9999.000,9999.000,9999.000,9999.000
202602181112,  -0.232,   0.898,9999.000,9999.000,9999.000,9999.000,9999.000,9999.000,9999.000
202602181118,  -0.216,   0.898,9999.000,9999.000,9999.000,9999.000,9999.000,9999.000,9999.000
202602181124,  -0.199,   0.918,9999.000,9999.000,9999.000,9999.000,9999.000,9999.000,9999.000
202602181130,  -0.180,   0.928,9999.000,9999.000,9999.000,9999.000,9999.000,9999.000,9999.000
202602181136,  -0.159,   0.941,9999.000,9999.000,9999.000,9999.000,9999.000,9999.000,9999.000
202602181142,  -0.137,   0.970,9999.000,9999.000,9999.000,9999.000,9999.000,9999.000,9999.000
202602181148,  -0.112,   0.990,9999.000,9999.000,9999.000,9999.000,9999.000,9999.000,9999.000
202602181154,  -0.087,   1.020,9999.000,9999.000,9999.000,9999.000,9999.000,9999.000,9999.000
202602181200,  -0.059,   1.049,   0.600,   0.508,   1.049,   0.600,   1.049,   0.600,   1.049
202602181206,  -0.031,   1.079,9999.000,9999.000,9999.000,9999.000,9999.000,9999.000,9999.000
202602181212,  -0.001,   1.118,9999.000,9999.000,9999.000,9999.000,9999.000,9999.000,9999.000
202602181218,   0.030,   1.138,9999.000,9999.000,9999.000,9999.000,9999.000,9999.000,9999.000
202602181224,   0.062,   1.200,9999.000,9999.000,9999.000,9999.000,9999.000,9999.000,9999.000
202602181230,   0.096,   1.200,9999.000,9999.000,9999.000,9999.000,9999.000,9999.000,9999.000
202602181236,   0.130,   1.239,9999.000,9999.000,9999.000,9999.000,9999.000,9999.000,9999.000
202602181242,   0.166,   1.259,9999.000,9999.000,9999.000,9999.000,9999.000,9999.000,9999.000
202602181248,   0.202,   1.298,9999.000,9999.000,9999.000,9999.000,9999.000,9999.000,9999.000
202602181254,   0.239,   1.338,9999.000,9999.000,9999.000,9999.000,9999.000,9999.000,9999.000
202602181300,   0.276,   1.380,   0.600,   0.504,   1.380,   0.600,   1.380,   0.600,   1.380
202602181306,   0.313,   1.410,9999.000,9999.000,9999.000,9999.000,9999.000,9999.000,9999.000
202602181312,   0.351,   1.459,9999.000,9999.000,9999.000,9999.000,9999.000,9999.000,9999.000
202602181318,   0.388,   1.489,9999.000,9999.000,9999.000,9999.000,9999.000,9999.000,9999.000
202602181324,   0.426,   1.528,9999.000,9999.000,9999.000,9999.000,9999.000,9999.000,9999.000
202602181330,   0.463,   1.571,9999.000,9999.000,9999.000,9999.000,9999.000,9999.000,9999.000
202602181336,   0.500,   1.600,9999.000,9999.000,9999.000,9999.000,9999.000,9999.000,9999.000
202602181342,   0.536,   1.639,9999.000,9999.000,9999.000,9999.000,9999.000,9999.000,9999.000
202602181348,   0.572,   1.699,9999.000,9999.000,9999.000,9999.000,9999.000,9999.000,9999.000
202602181354,   0.607,   1.699,9999.000,9999.000,9999.000,9999.000,9999.000,9999.000,9999.000
202602181400,   0.641,   1.767,   0.600,   0.526,   1.767,   0.600,   1.767,   0.600,   1.767
202602181406,   0.673,   1.767,9999.000,9999.000,9999.000,9999.000,9999.000,9999.000,9999.000
202602181412,   0.705,   1.810,9999.000,9999.000,9999.000,9999.000,9999.000,9999.000,9999.000
202602181418,   0.735,   1.840,9999.000,9999.000,9999.000,9999.000,9999.000,9999.000,9999.000
202602181424,   0.765,   1.859,9999.000,9999.000,9999.000,9999.000,9999.000,9999.000,9999.000
202602181430,   0.792,   1.889,9999.000,9999.000,9999.000,9999.000,9999.000,9999.000,9999.000
202602181436,   0.818,   1.918,9999.000,9999.000,9999.000,9999.000,9999.000,9999.000,9999.000
202602181442,   0.843,   1.948,9999.000,9999.000,9999.000,9999.000,9999.000,9999.000,9999.000
202602181448,   0.866,   1.981,9999.000,9999.000,9999.000,9999.000,9999.000,9999.000,9999.000
202602181454,   0.888,   1.981,9999.000,9999.000,9999.000,9999.000,9999.000,9999.000,9999.000
202602181500,   0.908,   2.010,   0.600,   0.502,   2.010,   0.600,   2.010,   0.600,   2.010
202602181506,   0.926,   2.020,9999.000,9999.000,9999.000,9999.000,9999.000,9999.000,9999.000
202602181512,   0.942,   2.049,9999.000,9999.000,9999.000,9999.000,9999.000,9999.000,9999.000
202602181518,   0.957,   2.069,9999.000,9999.000,9999.000,9999.000,9999.000,9999.000,9999.000
202602181524,   0.970,   2.089,9999.000,9999.000,9999.000,9999.000,9999.000,9999.000,9999.000
202602181530,   0.982,   2.099,9999.000,9999.000,9999.000,9999.000,9999.000,9999.000,9999.000
202602181536,   0.992,   2.118,9999.000,9999.000,9999.000,9999.000,9999.000,9999.000,9999.000
202602181542,   1.000,   2.118,9999.000,9999.000,9999.000,9999.000,9999.000,9999.000,9999.000
202602181548,   1.007,   2.138,9999.000,9999.000,9999.000,9999.000,9999.000,9999.000,9999.000
202602181554,   1.012,   2.138,9999.000,9999.000,9999.000,9999.000,9999.000,9999.000,9999.000
202602181600,   1.016,   2.138,   0.600,   0.522,   2.138,   0.500,   2.038,   0.600,   2.138
202602181606,   1.018,   2.168,9999.000,9999.000,9999.000,9999.000,9999.000,9999.000,9999.000
202602181612,   1.019,   2.158,9999.000,9999.000,9999.000,9999.000,9999.000,9999.000,9999.000
202602181618,   1.018,   2.168,9999.000,9999.000,9999.000,9999.000,9999.000,9999.000,9999.000
202602181624,   1.016,   2.158,9999.000,9999.000,9999.000,9999.000,9999.000,9999.000,9999.000
202602181630,   1.012,   2.168,9999.000,9999.000,9999.000,9999.000,9999.000,9999.000,9999.000
202602181636,   1.008,   2.168,9999.000,9999.000,9999.000,9999.000,9999.000,9999.000,9999.000
202602181642,   1.001,   2.138,9999.000,9999.000,9999.000,9999.000,9999.000,9999.000,9999.000
202602181648,   0.994,   2.148,9999.000,9999.000,9999.000,9999.000,9999.000,9999.000,9999.000
202602181654,   0.985,   2.128,9999.000,9999.000,9999.000,9999.000,9999.000,9999.000,9999.000
202602181700,   0.975,   2.118,   0.600,   0.543,   2.118,   0.500,   2.018,   0.600,   2.118
202602181706,   0.964,   2.089,9999.000,9999.000,9999.000,9999.000,9999.000,9999.000,9999.000
202602181712,   0.952,   2.089,9999.000,9999.000,9999.000,9999.000,9999.000,9999.000,9999.000
202602181718,   0.938,   2.069,9999.000,9999.000,9999.000,9999.000,9999.000,9999.000,9999.000
202602181724,   0.923,   2.059,9999.000,9999.000,9999.000,9999.000,9999.000,9999.000,9999.000
202602181730,   0.907,   2.049,9999.000,9999.000,9999.000,9999.000,9999.000,9999.000,9999.000
202602181736,   0.889,   2.030,9999.000,9999.000,9999.000,9999.000,9999.000,9999.000,9999.000
202602181742,   0.871,   2.010,9999.000,9999.000,9999.000,9999.000,9999.000,9999.000,9999.000
202602181748,   0.851,   1.990,9999.000,9999.000,9999.000,9999.000,9999.000,9999.000,9999.000
202602181754,   0.831,   1.967,9999.000,9999.000,9999.000,9999.000,9999.000,9999.000,9999.000
202602181800,   0.809,   1.948,   0.500,   0.639,   1.948,   0.500,   1.948,   0.600,   2.048
202602181806,   0.786,   1.918,9999.000,9999.000,9999.000,9999.000,9999.000,9999.000,9999.000
202602181812,   0.762,   1.899,9999.000,9999.000,9999.000,9999.000,9999.000,9999.000,9999.000
202602181818,   0.737,   1.879,9999.000,9999.000,9999.000,9999.000,9999.000,9999.000,9999.000
202602181824,   0.711,   1.840,9999.000,9999.000,9999.000,9999.000,9999.000,9999.000,9999.000
202602181830,   0.684,   1.820,9999.000,9999.000,9999.000,9999.000,9999.000,9999.000,9999.000
202602181836,   0.656,   1.767,9999.000,9999.000,9999.000,9999.000,9999.000,9999.000,9999.000
202602181842,   0.627,   1.728,9999.000,9999.000,9999.000,9999.000,9999.000,9999.000,9999.000
202602181848,   0.597,   1.689,9999.000,9999.000,9999.000,9999.000,9999.000,9999.000,9999.000
202602181854,   0.567,   1.649,9999.000,9999.000,9999.000,9999.000,9999.000,9999.000,9999.000
202602181900,   0.536,   1.600,   0.500,   0.564,   1.600,   0.500,   1.600,   0.600,   1.700
202602181906,   0.504,   1.571,9999.000,9999.000,9999.000,9999.000,9999.000,9999.000,9999.000
202602181912,   0.472,   1.548,9999.000,9999.000,9999.000,9999.000,9999.000,9999.000,9999.000
202602181918,   0.440,   1.498,9999.000,9999.000,9999.000,9999.000,9999.000,9999.000,9999.000
202602181924,   0.407,   1.469,9999.000,9999.000,9999.000,9999.000,9999.000,9999.000,9999.000
202602181930,   0.374,   1.439,9999.000,9999.000,9999.000,9999.000,9999.000,9999.000,9999.000
202602181936,   0.340,   1.400,9999.000,9999.000,9999.000,9999.000,9999.000,9999.000,9999.000
202602181942,   0.307,   1.380,9999.000,9999.000,9999.000,9999.000,9999.000,9999.000,9999.000
202602181948,   0.274,   1.338,9999.000,9999.000,9999.000,9999.000,9999.000,9999.000,9999.000
202602181954,   0.241,   1.308,9999.000,9999.000,9999.000,9999.000,9999.000,9999.000,9999.000
202602182000,   0.207,   1.289,   0.500,   0.582,   1.289,   0.500,   1.289,   0.600,   1.389
202602182006,   0.175,   1.269,9999.000,9999.000,9999.000,9999.000,9999.000,9999.000,9999.000
202602182012,   0.142,   1.249,9999.000,9999.000,9999.000,9999.000,9999.000,9999.000,9999.000
202602182018,   0.111,   1.200,9999.000,9999.000,9999.000,9999.000,9999.000,9999.000,9999.000
202602182024,   0.079,   1.170,9999.000,9999.000,9999.000,9999.000,9999.000,9999.000,9999.000
202602182030,   0.049,   1.151,9999.000,9999.000,9999.000,9999.000,9999.000,9999.000,9999.000
202602182036,   0.019,   1.128,9999.000,9999.000,9999.000,9999.000,9999.000,9999.000,9999.000
202602182042,  -0.009,   1.088,9999.000,9999.000,9999.000,9999.000,9999.000,9999.000,9999.000
202602182048,  -0.038,   1.069,9999.000,9999.000,9999.000,9999.000,9999.000,9999.000,9999.000
202602182054,  -0.065,   1.039,9999.000,9999.000,9999.000,9999.000,9999.000,9999.000,9999.000
202602182100,  -0.091,   1.010,   0.500,   0.601,   1.010,   0.500,   1.010,   0.600,   1.110
202602182106,  -0.116,   0.980,9999.000,9999.000,9999.000,9999.000,9999.000,9999.000,9999.000
202602182112,  -0.140,   0.941,9999.000,9999.000,9999.000,9999.000,9999.000,9999.000,9999.000
202602182118,  -0.163,   0.928,9999.000,9999.000,9999.000,9999.000,9999.000,9999.000,9999.000
202602182124,  -0.185,   0.898,9999.000,9999.000,9999.000,9999.000,9999.000,9999.000,9999.000
202602182130,  -0.205,   0.888,9999.000,9999.000,9999.000,9999.000,9999.000,9999.000,9999.000
202602182136,  -0.224,   0.869,9999.000,9999.000,9999.000,9999.000,9999.000,9999.000,9999.000
202602182142,  -0.242,   0.829,9999.000,9999.000,9999.000,9999.000,9999.000,9999.000,9999.000
202602182148,  -0.258,   0.849,9999.000,9999.000,9999.000,9999.000,9999.000,9999.000,9999.000
202602182154,  -0.273,   0.810,9999.000,9999.000,9999.000,9999.000,9999.000,9999.000,9999.000
202602182200,  -0.286,   0.819,   0.500,   0.605,   0.819,   0.500,   0.819,   0.600,   0.919
202602182206,  -0.298,   0.751,9999.000,9999.000,9999.000,9999.000,9999.000,9999.000,9999.000
202602182212,  -0.308,   0.780,9999.000,9999.000,9999.000,9999.000,9999.000,9999.000,9999.000
202602182218,  -0.317,   0.751,9999.000,9999.000,9999.000,9999.000,9999.000,9999.000,9999.000
202602182224,  -0.324,   0.741,9999.000,9999.000,9999.000,9999.000,9999.000,9999.000,9999.000
202602182230,  -0.330,   0.741,9999.000,9999.000,9999.000,9999.000,9999.000,9999.000,9999.000
202602182236,  -0.333,   0.698,9999.000,9999.000,9999.000,9999.000,9999.000,9999.000,9999.000
202602182242,  -0.336,   0.731,9999.000,9999.000,9999.000,9999.000,9999.000,9999.000,9999.000
202602182248,  -0.336,   0.688,9999.000,9999.000,9999.000,9999.000,9999.000,9999.000,9999.000
202602182254,  -0.335,   0.741,9999.000,9999.000,9999.000,9999.000,9999.000,9999.000,9999.000
202602182300,  -0.332,   0.688,   0.500,   0.520,   0.688,   0.500,   0.688,   0.600,   0.788
202602182306,  -0.327,   0.731,9999.000,9999.000,9999.000,9999.000,9999.000,9999.000,9999.000
202602182312,  -0.320,   0.698,9999.000,9999.000,9999.000,9999.000,9999.000,9999.000,9999.000
202602182318,  -0.312,   0.698,9999.000,9999.000,9999.000,9999.000,9999.000,9999.000,9999.000
202602182324,  -0.302,   0.718,9999.000,9999.000,9999.000,9999.000,9999.000,9999.000,9999.000
202602182330,  -0.289,   0.708,9999.000,9999.000,9999.000,9999.000,9999.000,9999.000,9999.000
202602182336,  -0.276,   0.760,9999.000,9999.000,9999.000,9999.000,9999.000,9999.000,9999.000
202602182342,  -0.260,   0.760,9999.000,9999.000,9999.000,9999.000,9999.000,9999.000,9999.000
202602182348,  -0.242,   0.770,9999.000,9999.000,9999.000,9999.000,9999.000,9999.000,9999.000
202602182354,  -0.223,   0.970,9999.000,9999.000,9999.000,9999.000,9999.000,9999.000,9999.000
202602190000,  -0.202,   0.970,   0.500,   0.672,   0.970,   0.500,   0.970,   0.500,   0.970
202602190006,  -0.179,   0.859,9999.000,9999.000,9999.000,9999.000,9999.000,9999.000,9999.000
202602190012,  -0.155,   0.819,9999.000,9999.000,9999.000,9999.000,9999.000,9999.000,9999.000
202602190018,  -0.129,   0.869,9999.000,9999.000,9999.000,9999.000,9999.000,9999.000,9999.000
202602190024,  -0.101,   0.888,9999.000,9999.000,9999.000,9999.000,9999.000,9999.000,9999.000
202602190030,  -0.072,   0.970,9999.000,9999.000,9999.000,9999.000,9999.000,9999.000,9999.000
202602190036,  -0.041,   0.961,9999.000,9999.000,9999.000,9999.000,9999.000,9999.000,9999.000
202602190042,  -0.009,   1.000,9999.000,9999.000,9999.000,9999.000,9999.000,9999.000,9999.000
202602190048,   0.023,   1.049,9999.000,9999.000,9999.000,9999.000,9999.000,9999.000,9999.000
202602190054,   0.057,   1.049,9999.000,9999.000,9999.000,9999.000,9999.000,9999.000,9999.000
202602190100,   0.092,   1.079,   0.500,   0.487,   1.079,   0.500,   1.079,   0.600,   1.179
202602190106,   0.128,   1.128,9999.000,9999.000,9999.000,9999.000,9999.000,9999.000,9999.000
202602190112,   0.165,   1.138,9999.000,9999.000,9999.000,9999.000,9999.000,9999.000,9999.000
202602190118,   0.202,   1.200,9999.000,9999.000,9999.000,9999.000,9999.000,9999.000,9999.000
202602190124,   0.240,   1.210,9999.000,9999.000,9999.000,9999.000,9999.000,9999.000,9999.000
202602190130,   0.278,   1.298,9999.000,9999.000,9999.000,9999.000,9999.000,9999.000,9999.000
202602190136,   0.316,   1.289,9999.000,9999.000,9999.000,9999.000,9999.000,9999.000,9999.000
202602190142,   0.354,   1.348,9999.000,9999.000,9999.000,9999.000,9999.000,9999.000,9999.000
202602190148,   0.392,   1.380,9999.000,9999.000,9999.000,9999.000,9999.000,9999.000,9999.000
202602190154,   0.430,   1.410,9999.000,9999.000,9999.000,9999.000,9999.000,9999.000,9999.000
202602190200,   0.467,   1.449,   0.500,   0.482,   1.449,   0.500,   1.449,   0.600,   1.549
202602190206,   0.504,   1.498,9999.000,9999.000,9999.000,9999.000,9999.000,9999.000,9999.000
202602190212,   0.540,   1.528,9999.000,9999.000,9999.000,9999.000,9999.000,9999.000,9999.000
202602190218,   0.576,   1.580,9999.000,9999.000,9999.000,9999.000,9999.000,9999.000,9999.000
202602190224,   0.610,   1.600,9999.000,9999.000,9999.000,9999.000,9999.000,9999.000,9999.000
202602190230,   0.643,   1.639,9999.000,9999.000,9999.000,9999.000,9999.000,9999.000,9999.000
202602190236,   0.675,   1.669,9999.000,9999.000,9999.000,9999.000,9999.000,9999.000,9999.000
202602190242,   0.706,   1.708,9999.000,9999.000,9999.000,9999.000,9999.000,9999.000,9999.000
202602190248,   0.735,   1.748,9999.000,9999.000,9999.000,9999.000,9999.000,9999.000,9999.000
202602190254,   0.763,   1.781,9999.000,9999.000,9999.000,9999.000,9999.000,9999.000,9999.000
202602190300,   0.789,   1.820,   0.500,   0.531,   1.820,   0.500,   1.820,   0.600,   1.920
202602190306,   0.814,   1.830,9999.000,9999.000,9999.000,9999.000,9999.000,9999.000,9999.000
202602190312,   0.837,   1.869,9999.000,9999.000,9999.000,9999.000,9999.000,9999.000,9999.000
202602190318,   0.859,   1.869,9999.000,9999.000,9999.000,9999.000,9999.000,9999.000,9999.000
202602190324,   0.879,   1.908,9999.000,9999.000,9999.000,9999.000,9999.000,9999.000,9999.000
202602190330,   0.897,   1.908,9999.000,9999.000,9999.000,9999.000,9999.000,9999.000,9999.000
202602190336,   0.913,   1.928,9999.000,9999.000,9999.000,9999.000,9999.000,9999.000,9999.000
202602190342,   0.928,   1.948,9999.000,9999.000,9999.000,9999.000,9999.000,9999.000,9999.000
202602190348,   0.941,   1.928,9999.000,9999.000,9999.000,9999.000,9999.000,9999.000,9999.000
202602190354,   0.952,   1.967,9999.000,9999.000,9999.000,9999.000,9999.000,9999.000,9999.000
202602190400,   0.962,   1.967,   0.500,   0.505,   1.967,   0.500,   1.967,   0.600,   2.067
202602190406,   0.970,   1.990,9999.000,9999.000,9999.000,9999.000,9999.000,9999.000,9999.000
202602190412,   0.976,   1.990,9999.000,9999.000,9999.000,9999.000,9999.000,9999.000,9999.000
202602190418,   0.981,   1.981,9999.000,9999.000,9999.000,9999.000,9999.000,9999.000,9999.000
202602190424,   0.984,   2.010,9999.000,9999.000,9999.000,9999.000,9999.000,9999.000,9999.000
202602190430,   0.986,   1.990,9999.000,9999.000,9999.000,9999.000,9999.000,9999.000,9999.000
202602190436,   0.986,   2.020,9999.000,9999.000,9999.000,9999.000,9999.000,9999.000,9999.000
202602190442,   0.985,   1.990,9999.000,9999.000,9999.000,9999.000,9999.000,9999.000,9999.000
202602190448,   0.982,   2.020,9999.000,9999.000,9999.000,9999.000,9999.000,9999.000,9999.000
202602190454,   0.978,   2.010,9999.000,9999.000,9999.000,9999.000,9999.000,9999.000,9999.000
202602190500,   0.973,   2.010,   0.600,   0.437,   2.010,   0.500,   1.910,   0.600,   2.010
202602190506,   0.967,   2.000,9999.000,9999.000,9999.000,9999.000,9999.000,9999.000,9999.000
202602190512,   0.959,   1.990,9999.000,9999.000,9999.000,9999.000,9999.000,9999.000,9999.000
202602190518,   0.950,   2.000,9999.000,9999.000,9999.000,9999.000,9999.000,9999.000,9999.000
202602190524,   0.939,   1.990,9999.000,9999.000,9999.000,9999.000,9999.000,9999.000,9999.000
202602190530,   0.928,   2.000,9999.000,9999.000,9999.000,9999.000,9999.000,9999.000,9999.000
202602190536,   0.915,   1.990,9999.000,9999.000,9999.000,9999.000,9999.000,9999.000,9999.000
202602190542,   0.901,   1.967,9999.000,9999.000,9999.000,9999.000,9999.000,9999.000,9999.000
202602190548,   0.886,   1.958,9999.000,9999.000,9999.000,9999.000,9999.000,9999.000,9999.000
202602190554,   0.870,   1.938,9999.000,9999.000,9999.000,9999.000,9999.000,9999.000,9999.000
202602190600,   0.853,   1.938,   0.600,   0.485,   1.938,   0.500,   1.838,   0.600,   1.938
202602190606,   0.834,   1.918,9999.000,9999.000,9999.000,9999.000,9999.000,9999.000,9999.000
202602190612,   0.815,   1.908,9999.000,9999.000,9999.000,9999.000,9999.000,9999.000,9999.000
202602190618,   0.794,   1.899,9999.000,9999.000,9999.000,9999.000,9999.000,9999.000,9999.000
202602190624,   0.773,   1.879,9999.000,9999.000,9999.000,9999.000,9999.000,9999.000,9999.000
202602190630,   0.750,   1.840,9999.000,9999.000,9999.000,9999.000,9999.000,9999.000,9999.000
202602190636,   0.727,   1.830,9999.000,9999.000,9999.000,9999.000,9999.000,9999.000,9999.000
202602190642,   0.702,   1.781,9999.000,9999.000,9999.000,9999.000,9999.000,9999.000,9999.000
202602190648,   0.677,   1.767,9999.000,9999.000,9999.000,9999.000,9999.000,9999.000,9999.000
202602190654,   0.650,   1.728,9999.000,9999.000,9999.000,9999.000,9999.000,9999.000,9999.000
202602190700,   0.623,   1.718,   0.600,   0.495,   1.718,   0.600,   1.718,   0.600,   1.718
202602190706,   0.595,   1.689,9999.000,9999.000,9999.000,9999.000,9999.000,9999.000,9999.000
202602190712,   0.567,   1.689,9999.000,9999.000,9999.000,9999.000,9999.000,9999.000,9999.000
202602190718,   0.538,   1.639,9999.000,9999.000,9999.000,9999.000,9999.000,9999.000,9999.000
202602190724,   0.508,   1.600,9999.000,9999.000,9999.000,9999.000,9999.000,9999.000,9999.000
202602190730,   0.477,   1.610,9999.000,9999.000,9999.000,9999.000,9999.000,9999.000,9999.000
202602190736,   0.446,   1.528,9999.000,9999.000,9999.000,9999.000,9999.000,9999.000,9999.000
202602190742,   0.415,   1.538,9999.000,9999.000,9999.000,9999.000,9999.000,9999.000,9999.000
202602190748,   0.384,   1.489,9999.000,9999.000,9999.000,9999.000,9999.000,9999.000,9999.000
202602190754,   0.352,   1.479,9999.000,9999.000,9999.000,9999.000,9999.000,9999.000,9999.000
202602190800,   0.320,   1.439,   0.600,   0.519,   1.439,   0.600,   1.439,   0.600,   1.439
202602190806,   0.289,   1.420,9999.000,9999.000,9999.000,9999.000,9999.000,9999.000,9999.000
202602190812,   0.257,   1.400,9999.000,9999.000,9999.000,9999.000,9999.000,9999.000,9999.000
202602190818,   0.225,   1.348,9999.000,9999.000,9999.000,9999.000,9999.000,9999.000,9999.000
202602190824,   0.194,   1.328,9999.000,9999.000,9999.000,9999.000,9999.000,9999.000,9999.000
202602190830,   0.163,   1.289,9999.000,9999.000,9999.000,9999.000,9999.000,9999.000,9999.000
202602190836,   0.133,   1.259,9999.000,9999.000,9999.000,9999.000,9999.000,9999.000,9999.000
202602190842,   0.103,   1.229,9999.000,9999.000,9999.000,9999.000,9999.000,9999.000,9999.000
202602190848,   0.074,   1.190,9999.000,9999.000,9999.000,9999.000,9999.000,9999.000,9999.000
202602190854,   0.045,   1.190,9999.000,9999.000,9999.000,9999.000,9999.000,9999.000,9999.000
202602190900,   0.017,   1.151,   0.600,   0.534,   1.151,   0.600,   1.151,   0.600,   1.151
202602190906,  -0.009,   1.128,9999.000,9999.000,9999.000,9999.000,9999.000,9999.000,9999.000
202602190912,  -0.035,   1.088,9999.000,9999.000,9999.000,9999.000,9999.000,9999.000,9999.000
202602190918,  -0.060,   1.069,9999.000,9999.000,9999.000,9999.000,9999.000,9999.000,9999.000
202602190924,  -0.084,   1.059,9999.000,9999.000,9999.000,9999.000,9999.000,9999.000,9999.000
202602190930,  -0.107,   1.010,9999.000,9999.000,9999.000,9999.000,9999.000,9999.000,9999.000
202602190936,  -0.129,   1.010,9999.000,9999.000,9999.000,9999.000,9999.000,9999.000,9999.000
202602190942,  -0.150,   0.970,9999.000,9999.000,9999.000,9999.000,9999.000,9999.000,9999.000
202602190948,  -0.169,   0.970,9999.000,9999.000,9999.000,9999.000,9999.000,9999.000,9999.000
202602190954,  -0.187,   0.941,9999.000,9999.000,9999.000,9999.000,9999.000,9999.000,9999.000
202602191000,  -0.204,   0.918,   0.600,   0.522,   0.918,   0.600,   0.918,   0.700,   1.018
202602191006,  -0.220,   0.928,9999.000,9999.000,9999.000,9999.000,9999.000,9999.000,9999.000
202602191012,  -0.234,   0.898,9999.000,9999.000,9999.000,9999.000,9999.000,9999.000,9999.000
202602191018,  -0.247,   0.908,9999.000,9999.000,9999.000,9999.000,9999.000,9999.000,9999.000
202602191024,  -0.258,   0.859,9999.000,9999.000,9999.000,9999.000,9999.000,9999.000,9999.000
202602191030,  -0.268,   0.879,9999.000,9999.000,9999.000,9999.000,9999.000,9999.000,9999.000
202602191036,  -0.276,   0.849,9999.000,9999.000,9999.000,9999.000,9999.000,9999.000,9999.000
202602191042,  -0.283,   0.869,9999.000,9999.000,9999.000,9999.000,9999.000,9999.000,9999.000
202602191048,  -0.288,   0.849,9999.000,9999.000,9999.000,9999.000,9999.000,9999.000,9999.000
202602191054,  -0.292,   0.849,9999.000,9999.000,9999.000,9999.000,9999.000,9999.000,9999.000
202602191100,  -0.294,   0.839,   0.600,   0.533,   0.839,   0.600,   0.839,   0.700,   0.939
202602191106,  -0.294,   0.839,9999.000,9999.000,9999.000,9999.000,9999.000,9999.000,9999.000
202602191112,  -0.293,   0.819,9999.000,9999.000,9999.000,9999.000,9999.000,9999.000,9999.000
202602191118,  -0.290,   0.829,9999.000,9999.000,9999.000,9999.000,9999.000,9999.000,9999.000
202602191124,  -0.285,   0.829,9999.000,9999.000,9999.000,9999.000,9999.000,9999.000,9999.000
202602191130,  -0.279,   0.829,9999.000,9999.000,9999.000,9999.000,9999.000,9999.000,9999.000
202602191136,  -0.271,   0.839,9999.000,9999.000,9999.000,9999.000,9999.000,9999.000,9999.000
202602191142,  -0.261,   0.849,9999.000,9999.000,9999.000,9999.000,9999.000,9999.000,9999.000
202602191148,  -0.250,   0.869,9999.000,9999.000,9999.000,9999.000,9999.000,9999.000,9999.000
202602191154,  -0.237,   0.859,9999.000,9999.000,9999.000,9999.000,9999.000,9999.000,9999.000
202602191200,  -0.222,   0.888,   0.600,   0.510,   0.888,   0.600,   0.888,   0.600,   0.888
202602191206,  -0.205,   0.888,9999.000,9999.000,9999.000,9999.000,9999.000,9999.000,9999.000
202602191212,  -0.187,   0.928,9999.000,9999.000,9999.000,9999.000,9999.000,9999.000,9999.000
202602191218,  -0.167,   0.941,9999.000,9999.000,9999.000,9999.000,9999.000,9999.000,9999.000
202602191224,  -0.145,   0.961,9999.000,9999.000,9999.000,9999.000,9999.000,9999.000,9999.000
202602191230,  -0.122,   0.980,9999.000,9999.000,9999.000,9999.000,9999.000,9999.000,9999.000
202602191236,  -0.097,   1.010,9999.000,9999.000,9999.000,9999.000,9999.000,9999.000,9999.000
202602191242,  -0.070,   1.029,9999.000,9999.000,9999.000,9999.000,9999.000,9999.000,9999.000
202602191248,  -0.042,   1.069,9999.000,9999.000,9999.000,9999.000,9999.000,9999.000,9999.000
202602191254,  -0.013,   1.098,9999.000,9999.000,9999.000,9999.000,9999.000,9999.000,9999.000
202602191300,   0.017,   1.108,   0.600,   0.491,   1.108,   0.600,   1.108,   0.700,   1.208
202602191306,   0.048,   1.170,9999.000,9999.000,9999.000,9999.000,9999.000,9999.000,9999.000
202602191312,   0.081,   1.170,9999.000,9999.000,9999.000,9999.000,9999.000,9999.000,9999.000
202602191318,   0.115,   1.229,9999.000,9999.000,9999.000,9999.000,9999.000,9999.000,9999.000
202602191324,   0.150,   1.239,9999.000,9999.000,9999.000,9999.000,9999.000,9999.000,9999.000
202602191330,   0.186,   1.308,9999.000,9999.000,9999.000,9999.000,9999.000,9999.000,9999.000
202602191336,   0.222,   1.348,9999.000,9999.000,9999.000,9999.000,9999.000,9999.000,9999.000
202602191342,   0.259,   1.371,9999.000,9999.000,9999.000,9999.000,9999.000,9999.000,9999.000
202602191348,   0.296,   1.420,9999.000,9999.000,9999.000,9999.000,9999.000,9999.000,9999.000
202602191354,   0.334,   1.430,9999.000,9999.000,9999.000,9999.000,9999.000,9999.000,9999.000
202602191400,   0.371,   1.508,   0.700,   0.437,   1.508,   0.600,   1.408,   0.700,   1.508
202602191406,   0.409,   1.528,9999.000,9999.000,9999.000,9999.000,9999.000,9999.000,9999.000
202602191412,   0.446,   1.548,9999.000,9999.000,9999.000,9999.000,9999.000,9999.000,9999.000
202602191418,   0.483,   1.571,9999.000,9999.000,9999.000,9999.000,9999.000,9999.000,9999.000
202602191424,   0.520,   1.649,9999.000,9999.000,9999.000,9999.000,9999.000,9999.000,9999.000
202602191430,   0.556,   1.679,9999.000,9999.000,9999.000,9999.000,9999.000,9999.000,9999.000
202602191436,   0.591,   1.728,9999.000,9999.000,9999.000,9999.000,9999.000,9999.000,9999.000
202602191442,   0.625,   1.758,9999.000,9999.000,9999.000,9999.000,9999.000,9999.000,9999.000
202602191448,   0.658,   1.790,9999.000,9999.000,9999.000,9999.000,9999.000,9999.000,9999.000
202602191454,   0.690,   1.820,9999.000,9999.000,9999.000,9999.000,9999.000,9999.000,9999.000
202602191500,   0.721,   1.849,   0.700,   0.428,   1.849,   0.700,   1.849,   0.700,   1.849
202602191506,   0.750,   1.889,9999.000,9999.000,9999.000,9999.000,9999.000,9999.000,9999.000
202602191512,   0.778,   1.908,9999.000,9999.000,9999.000,9999.000,9999.000,9999.000,9999.000
202602191518,   0.804,   1.958,9999.000,9999.000,9999.000,9999.000,9999.000,9999.000,9999.000
202602191524,   0.829,   1.990,9999.000,9999.000,9999.000,9999.000,9999.000,9999.000,9999.000
202602191530,   0.853,   1.990,9999.000,9999.000,9999.000,9999.000,9999.000,9999.000,9999.000
202602191536,   0.874,   2.030,9999.000,9999.000,9999.000,9999.000,9999.000,9999.000,9999.000
202602191542,   0.894,   2.040,9999.000,9999.000,9999.000,9999.000,9999.000,9999.000,9999.000
202602191548,   0.912,   2.040,9999.000,9999.000,9999.000,9999.000,9999.000,9999.000,9999.000
202602191554,   0.929,   2.040,9999.000,9999.000,9999.000,9999.000,9999.000,9999.000,9999.000
202602191600,   0.944,   2.040,   0.700,   0.396,   2.040,   0.700,   2.040,   0.700,   2.040
202602191606,   0.957,   2.040,9999.000,9999.000,9999.000,9999.000,9999.000,9999.000,9999.000
202602191612,   0.968,   2.030,9999.000,9999.000,9999.000,9999.000,9999.000,9999.000,9999.000
202602191618,   0.977,   2.049,9999.000,9999.000,9999.000,9999.000,9999.000,9999.000,9999.000
202602191624,   0.985,   2.109,9999.000,9999.000,9999.000,9999.000,9999.000,9999.000,9999.000
202602191630,   0.991,   2.099,9999.000,9999.000,9999.000,9999.000,9999.000,9999.000,9999.000
202602191636,   0.996,   2.109,9999.000,9999.000,9999.000,9999.000,9999.000,9999.000,9999.000
202602191642,   0.998,   2.138,9999.000,9999.000,9999.000,9999.000,9999.000,9999.000,9999.000
202602191648,   1.000,   2.118,9999.000,9999.000,9999.000,9999.000,9999.000,9999.000,9999.000
202602191654,   1.000,   2.168,9999.000,9999.000,9999.000,9999.000,9999.000,9999.000,9999.000
202602191700,   0.998,   2.168,   0.700,   0.470,   2.168,   0.700,   2.168,   0.700,   2.168
202602191706,   0.995,   2.168,9999.000,9999.000,9999.000,9999.000,9999.000,9999.000,9999.000
202602191712,   0.990,   2.148,9999.000,9999.000,9999.000,9999.000,9999.000,9999.000,9999.000
202602191718,   0.984,   2.148,9999.000,9999.000,9999.000,9999.000,9999.000,9999.000,9999.000
202602191724,   0.977,   2.118,9999.000,9999.000,9999.000,9999.000,9999.000,9999.000,9999.000
202602191730,   0.968,   2.128,9999.000,9999.000,9999.000,9999.000,9999.000,9999.000,9999.000
202602191736,   0.958,   2.118,9999.000,9999.000,9999.000,9999.000,9999.000,9999.000,9999.000
202602191742,   0.947,   2.079,9999.000,9999.000,9999.000,9999.000,9999.000,9999.000,9999.000
202602191748,   0.935,   2.089,9999.000,9999.000,9999.000,9999.000,9999.000,9999.000,9999.000
202602191754,   0.921,   2.069,9999.000,9999.000,9999.000,9999.000,9999.000,9999.000,9999.000
202602191800,   0.906,   2.059,   0.700,   0.453,   2.059,   0.700,   2.059,   0.800,   2.159
202602191806,   0.890,   2.030,9999.000,9999.000,9999.000,9999.000,9999.000,9999.000,9999.000
202602191812,   0.873,   1.990,9999.000,9999.000,9999.000,9999.000,9999.000,9999.000,9999.000
202602191818,   0.855,   2.030,9999.000,9999.000,9999.000,9999.000,9999.000,9999.000,9999.000
202602191824,   0.836,   1.990,9999.000,9999.000,9999.000,9999.000,9999.000,9999.000,9999.000
202602191830,   0.815,   1.958,9999.000,9999.000,9999.000,9999.000,9999.000,9999.000,9999.000
202602191836,   0.794,   1.967,9999.000,9999.000,9999.000,9999.000,9999.000,9999.000,9999.000
202602191842,   0.772,   1.918,9999.000,9999.000,9999.000,9999.000,9999.000,9999.000,9999.000
202602191848,   0.748,   1.938,9999.000,9999.000,9999.000,9999.000,9999.000,9999.000,9999.000
202602191854,   0.724,   1.899,9999.000,9999.000,9999.000,9999.000,9999.000,9999.000,9999.000
202602191900,   0.698,   1.869,   0.700,   0.471,   1.869,   0.700,   1.869,   0.800,   1.969
202602191906,   0.672,   1.869,9999.000,9999.000,9999.000,9999.000,9999.000,9999.000,9999.000
202602191912,   0.645,   1.800,9999.000,9999.000,9999.000,9999.000,9999.000,9999.000,9999.000
202602191918,   0.616,   1.810,9999.000,9999.000,9999.000,9999.000,9999.000,9999.000,9999.000
202602191924,   0.588,   1.767,9999.000,9999.000,9999.000,9999.000,9999.000,9999.000,9999.000
202602191930,   0.558,   1.748,9999.000,9999.000,9999.000,9999.000,9999.000,9999.000,9999.000
202602191936,   0.528,   1.728,9999.000,9999.000,9999.000,9999.000,9999.000,9999.000,9999.000
202602191942,   0.497,   1.699,9999.000,9999.000,9999.000,9999.000,9999.000,9999.000,9999.000
202602191948,   0.465,   1.649,9999.000,9999.000,9999.000,9999.000,9999.000,9999.000,9999.000
202602191954,   0.433,   1.630,9999.000,9999.000,9999.000,9999.000,9999.000,9999.000,9999.000
202602192000,   0.401,   1.557,   0.700,   0.456,   1.557,   0.700,   1.557,   0.800,   1.657
202602192006,   0.368,   1.557,9999.000,9999.000,9999.000,9999.000,9999.000,9999.000,9999.000
202602192012,   0.336,   1.528,9999.000,9999.000,9999.000,9999.000,9999.000,9999.000,9999.000
202602192018,   0.303,   1.489,9999.000,9999.000,9999.000,9999.000,9999.000,9999.000,9999.000
202602192024,   0.270,   1.479,9999.000,9999.000,9999.000,9999.000,9999.000,9999.000,9999.000
202602192030,   0.237,   1.420,9999.000,9999.000,9999.000,9999.000,9999.000,9999.000,9999.000
202602192036,   0.204,   1.400,9999.000,9999.000,9999.000,9999.000,9999.000,9999.000,9999.000
202602192042,   0.171,   1.410,9999.000,9999.000,9999.000,9999.000,9999.000,9999.000,9999.000
202602192048,   0.139,   1.328,9999.000,9999.000,9999.000,9999.000,9999.000,9999.000,9999.000
202602192054,   0.107,   1.328,9999.000,9999.000,9999.000,9999.000,9999.000,9999.000,9999.000
202602192100,   0.076,   1.298,   0.800,   0.422,   1.298,   0.800,   1.298,   0.800,   1.298
202602192106,   0.045,   1.279,9999.000,9999.000,9999.000,9999.000,9999.000,9999.000,9999.000
202602192112,   0.015,   1.259,9999.000,9999.000,9999.000,9999.000,9999.000,9999.000,9999.000
202602192118,  -0.013,   1.229,9999.000,9999.000,9999.000,9999.000,9999.000,9999.000,9999.000
202602192124,  -0.042,   1.210,9999.000,9999.000,9999.000,9999.000,9999.000,9999.000,9999.000
202602192130,  -0.069,   1.170,9999.000,9999.000,9999.000,9999.000,9999.000,9999.000,9999.000
202602192136,  -0.096,   1.151,9999.000,9999.000,9999.000,9999.000,9999.000,9999.000,9999.000
202602192142,  -0.121,   1.138,9999.000,9999.000,9999.000,9999.000,9999.000,9999.000,9999.000
202602192148,  -0.145,   1.128,9999.000,9999.000,9999.000,9999.000,9999.000,9999.000,9999.000
202602192154,  -0.168,   1.108,9999.000,9999.000,9999.000,9999.000,9999.000,9999.000,9999.000
202602192200,  -0.190,   1.079,   0.800,   0.469,   1.079,   0.800,   1.079,   0.900,   1.179
202602192206,  -0.211,   1.079,9999.000,9999.000,9999.000,9999.000,9999.000,9999.000,9999.000
202602192212,  -0.230,   1.029,9999.000,9999.000,9999.000,9999.000,9999.000,9999.000,9999.000
202602192218,  -0.248,   1.029,9999.000,9999.000,9999.000,9999.000,9999.000,9999.000,9999.000
202602192224,  -0.264,   0.980,9999.000,9999.000,9999.000,9999.000,9999.000,9999.000,9999.000
202602192230,  -0.279,   1.000,9999.000,9999.000,9999.000,9999.000,9999.000,9999.000,9999.000
202602192236,  -0.292,   0.980,9999.000,9999.000,9999.000,9999.000,9999.000,9999.000,9999.000
202602192242,  -0.304,   0.951,9999.000,9999.000,9999.000,9999.000,9999.000,9999.000,9999.000
202602192248,  -0.315,   0.990,9999.000,9999.000,9999.000,9999.000,9999.000,9999.000,9999.000
202602192254,  -0.323,   0.961,9999.000,9999.000,9999.000,9999.000,9999.000,9999.000,9999.000
202602192300,  -0.330,   0.941,   0.800,   0.471,   0.941,   0.800,   0.941,   0.900,   1.041
202602192306,  -0.336,   0.990,9999.000,9999.000,9999.000,9999.000,9999.000,9999.000,9999.000
202602192312,  -0.340,   0.928,9999.000,9999.000,9999.000,9999.000,9999.000,9999.000,9999.000
202602192318,  -0.342,   1.010,9999.000,9999.000,9999.000,9999.000,9999.000,9999.000,9999.000
202602192324,  -0.342,   0.918,9999.000,9999.000,9999.000,9999.000,9999.000,9999.000,9999.000
202602192330,  -0.341,   1.029,9999.000,9999.000,9999.000,9999.000,9999.000,9999.000,9999.000
202602192336,  -0.338,   0.898,9999.000,9999.000,9999.000,9999.000,9999.000,9999.000,9999.000
202602192342,  -0.333,   1.049,9999.000,9999.000,9999.000,9999.000,9999.000,9999.000,9999.000
202602192348,  -0.327,   1.069,9999.000,9999.000,9999.000,9999.000,9999.000,9999.000,9999.000
202602192354,  -0.319,   1.029,9999.000,9999.000,9999.000,9999.000,9999.000,9999.000,9999.000
202602200000,  -0.309,   1.029,   0.800,   0.538,   1.029,   0.800,   1.029,   0.800,   1.029
202602200006,  -0.297,   1.138,9999.000,9999.000,9999.000,9999.000,9999.000,9999.000,9999.000
202602200012,  -0.283,   1.151,9999.000,9999.000,9999.000,9999.000,9999.000,9999.000,9999.000
202602200018,  -0.268,   1.151,9999.000,9999.000,9999.000,9999.000,9999.000,9999.000,9999.000
202602200024,  -0.250,   1.229,9999.000,9999.000,9999.000,9999.000,9999.000,9999.000,9999.000
202602200030,  -0.231,   1.239,9999.000,9999.000,9999.000,9999.000,9999.000,9999.000,9999.000
202602200036,  -0.211,   1.289,9999.000,9999.000,9999.000,9999.000,9999.000,9999.000,9999.000
202602200042,  -0.188,   1.308,9999.000,9999.000,9999.000,9999.000,9999.000,9999.000,9999.000
202602200048,  -0.164,   1.348,9999.000,9999.000,9999.000,9999.000,9999.000,9999.000,9999.000
202602200054,  -0.138,   1.380,9999.000,9999.000,9999.000,9999.000,9999.000,9999.000,9999.000
202602200100,  -0.111,   1.400,   0.800,   0.711,   1.400,   0.800,   1.400,   0.900,   1.500
202602200106,  -0.082,   1.380,9999.000,9999.000,9999.000,9999.000,9999.000,9999.000,9999.000
202602200112,  -0.051,   1.538,9999.000,9999.000,9999.000,9999.000,9999.000,9999.000,9999.000
202602200118,  -0.019,   1.410,9999.000,9999.000,9999.000,9999.000,9999.000,9999.000,9999.000
202602200124,   0.013,   1.459,9999.000,9999.000,9999.000,9999.000,9999.000,9999.000,9999.000
202602200130,   0.047,   1.557,9999.000,9999.000,9999.000,9999.000,9999.000,9999.000,9999.000
202602200136,   0.083,   1.557,9999.000,9999.000,9999.000,9999.000,9999.000,9999.000,9999.000
202602200142,   0.119,   1.630,9999.000,9999.000,9999.000,9999.000,9999.000,9999.000,9999.000
202602200148,   0.157,   1.639,9999.000,9999.000,9999.000,9999.000,9999.000,9999.000,9999.000
202602200154,   0.195,   1.699,9999.000,9999.000,9999.000,9999.000,9999.000,9999.000,9999.000
202602200200,   0.233,   1.718,   0.900,   0.585,   1.718,   0.800,   1.618,   0.900,   1.718
202602200206,   0.273,   1.781,9999.000,9999.000,9999.000,9999.000,9999.000,9999.000,9999.000
202602200212,   0.312,   1.790,9999.000,9999.000,9999.000,9999.000,9999.000,9999.000,9999.000
202602200218,   0.352,   1.840,9999.000,9999.000,9999.000,9999.000,9999.000,9999.000,9999.000
202602200224,   0.391,   1.790,9999.000,9999.000,9999.000,9999.000,9999.000,9999.000,9999.000
202602200230,   0.431,   1.948,9999.000,9999.000,9999.000,9999.000,9999.000,9999.000,9999.000
202602200236,   0.470,   1.908,9999.000,9999.000,9999.000,9999.000,9999.000,9999.000,9999.000
202602200242,   0.509,   2.020,9999.000,9999.000,9999.000,9999.000,9999.000,9999.000,9999.000
202602200248,   0.548,   1.981,9999.000,9999.000,9999.000,9999.000,9999.000,9999.000,9999.000
202602200254,   0.585,   2.128,9999.000,9999.000,9999.000,9999.000,9999.000,9999.000,9999.000
202602200300,   0.622,   2.109,   0.900,   0.587,   2.109,   0.800,   2.009,   0.900,   2.109
202602200306,   0.658,   2.118,9999.000,9999.000,9999.000,9999.000,9999.000,9999.000,9999.000
202602200312,   0.692,   2.148,9999.000,9999.000,9999.000,9999.000,9999.000,9999.000,9999.000
202602200318,   0.726,   2.177,9999.000,9999.000,9999.000,9999.000,9999.000,9999.000,9999.000
202602200324,   0.758,   2.210,9999.000,9999.000,9999.000,9999.000,9999.000,9999.000,9999.000
202602200330,   0.789,   2.191,9999.000,9999.000,9999.000,9999.000,9999.000,9999.000,9999.000
202602200336,   0.818,   2.259,9999.000,9999.000,9999.000,9999.000,9999.000,9999.000,9999.000
202602200342,   0.845,   2.279,9999.000,9999.000,9999.000,9999.000,9999.000,9999.000,9999.000
202602200348,   0.871,   2.269,9999.000,9999.000,9999.000,9999.000,9999.000,9999.000,9999.000
202602200354,   0.895,   2.309,9999.000,9999.000,9999.000,9999.000,9999.000,9999.000,9999.000
202602200400,   0.917,   2.318,   0.900,   0.501,   2.318,   0.800,   2.218,   0.900,   2.318
202602200406,   0.938,   2.338,9999.000,9999.000,9999.000,9999.000,9999.000,9999.000,9999.000
202602200412,   0.957,   2.368,9999.000,9999.000,9999.000,9999.000,9999.000,9999.000,9999.000
202602200418,   0.974,   2.387,9999.000,9999.000,9999.000,9999.000,9999.000,9999.000,9999.000
202602200424,   0.989,   2.410,9999.000,9999.000,9999.000,9999.000,9999.000,9999.000,9999.000
202602200430,   1.002,   2.400,9999.000,9999.000,9999.000,9999.000,9999.000,9999.000,9999.000
202602200436,   1.013,   2.440,9999.000,9999.000,9999.000,9999.000,9999.000,9999.000,9999.000
202602200442,   1.023,   2.440,9999.000,9999.000,9999.000,9999.000,9999.000,9999.000,9999.000
202602200448,   1.031,   2.400,9999.000,9999.000,9999.000,9999.000,9999.000,9999.000,9999.000
202602200454,   1.037,   2.459,9999.000,9999.000,9999.000,9999.000,9999.000,9999.000,9999.000
202602200500,   1.041,   2.459,   0.900,   0.518,   2.459,   0.800,   2.359,   0.900,   2.459
202602200506,   1.044,   2.420,9999.000,9999.000,9999.000,9999.000,9999.000,9999.000,9999.000
202602200512,   1.045,   2.450,9999.000,9999.000,9999.000,9999.000,9999.000,9999.000,9999.000
202602200518,   1.044,   2.410,9999.000,9999.000,9999.000,9999.000,9999.000,9999.000,9999.000
202602200524,   1.042,   2.430,9999.000,9999.000,9999.000,9999.000,9999.000,9999.000,9999.000
202602200530,   1.039,   2.440,9999.000,9999.000,9999.000,9999.000,9999.000,9999.000,9999.000
202602200536,   1.034,   2.400,9999.000,9999.000,9999.000,9999.000,9999.000,9999.000,9999.000
202602200542,   1.028,   2.420,9999.000,9999.000,9999.000,9999.000,9999.000,9999.000,9999.000
202602200548,   1.020,   2.420,9999.000,9999.000,9999.000,9999.000,9999.000,9999.000,9999.000
202602200554,   1.011,   2.400,9999.000,9999.000,9999.000,9999.000,9999.000,9999.000,9999.000
202602200600,   1.001,   2.420,   0.900,   0.519,   2.420,   0.800,   2.320,   1.000,   2.520
202602200606,   0.990,   2.368,9999.000,9999.000,9999.000,9999.000,9999.000,9999.000,9999.000
202602200612,   0.977,   2.368,9999.000,9999.000,9999.000,9999.000,9999.000,9999.000,9999.000
202602200618,   0.963,   2.387,9999.000,9999.000,9999.000,9999.000,9999.000,9999.000,9999.000
202602200624,   0.948,   2.328,9999.000,9999.000,9999.000,9999.000,9999.000,9999.000,9999.000
202602200630,   0.932,   2.368,9999.000,9999.000,9999.000,9999.000,9999.000,9999.000,9999.000
202602200636,   0.915,   2.318,9999.000,9999.000,9999.000,9999.000,9999.000,9999.000,9999.000
202602200642,   0.897,   2.348,9999.000,9999.000,9999.000,9999.000,9999.000,9999.000,9999.000
202602200648,   0.878,   2.318,9999.000,9999.000,9999.000,9999.000,9999.000,9999.000,9999.000
202602200654,   0.858,   2.318,9999.000,9999.000,9999.000,9999.000,9999.000,9999.000,9999.000
202602200700,   0.836,   2.299,   0.900,   0.563,   2.299,   0.800,   2.199,   1.000,   2.399
202602200706,   0.814,   2.289,9999.000,9999.000,9999.000,9999.000,9999.000,9999.000,9999.000
202602200712,   0.791,   2.269,9999.000,9999.000,9999.000,9999.000,9999.000,9999.000,9999.000
202602200718,   0.767,   2.250,9999.000,9999.000,9999.000,9999.000,9999.000,9999.000,9999.000
202602200724,   0.742,   2.210,9999.000,9999.000,9999.000,9999.000,9999.000,9999.000,9999.000
202602200730,   0.717,   2.200,9999.000,9999.000,9999.000,9999.000,9999.000,9999.000,9999.000
202602200736,   0.690,   2.191,9999.000,9999.000,9999.000,9999.000,9999.000,9999.000,9999.000
202602200742,   0.663,   2.118,9999.000,9999.000,9999.000,9999.000,9999.000,9999.000,9999.000
202602200748,   0.635,   2.168,9999.000,9999.000,9999.000,9999.000,9999.000,9999.000,9999.000
202602200754,   0.606,   2.079,9999.000,9999.000,9999.000,9999.000,9999.000,9999.000,9999.000
202602200800,   0.577,   2.079,   0.900,   0.602,   2.079,   0.800,   1.979,   1.000,   2.179
202602200806,   0.547,   2.040,9999.000,9999.000,9999.000,9999.000,9999.000,9999.000,9999.000
202602200812,   0.516,   2.010,9999.000,9999.000,9999.000,9999.000,9999.000,9999.000,9999.000
202602200818,   0.486,   1.967,9999.000,9999.000,9999.000,9999.000,9999.000,9999.000,9999.000
202602200824,   0.455,   1.948,9999.000,9999.000,9999.000,9999.000,9999.000,9999.000,9999.000
202602200830,   0.423,   1.928,9999.000,9999.000,9999.000,9999.000,9999.000,9999.000,9999.000
202602200836,   0.392,   1.908,9999.000,9999.000,9999.000,9999.000,9999.000,9999.000,9999.000
202602200842,   0.360,   1.859,9999.000,9999.000,9999.000,9999.000,9999.000,9999.000,9999.000
202602200848,   0.328,   1.849,9999.000,9999.000,9999.000,9999.000,9999.000,9999.000,9999.000
202602200854,   0.296,   1.810,9999.000,9999.000,9999.000,9999.000,9999.000,9999.000,9999.000
202602200900,   0.265,   1.810,   0.900,   0.645,   1.810,   0.900,   1.810,   1.000,   1.910
202602200906,   0.234,   1.718,9999.000,9999.000,9999.000,9999.000,9999.000,9999.000,9999.000
202602200912,   0.203,   1.738,9999.000,9999.000,9999.000,9999.000,9999.000,9999.000,9999.000
202602200918,   0.172,   1.669,9999.000,9999.000,9999.000,9999.000,9999.000,9999.000,9999.000
202602200924,   0.142,   1.669,9999.000,9999.000,9999.000,9999.000,9999.000,9999.000,9999.000
202602200930,   0.112,   1.630,9999.000,9999.000,9999.000,9999.000,9999.000,9999.000,9999.000
202602200936,   0.084,   1.620,9999.000,9999.000,9999.000,9999.000,9999.000,9999.000,9999.000
202602200942,   0.055,   1.610,9999.000,9999.000,9999.000,9999.000,9999.000,9999.000,9999.000
202602200948,   0.028,   1.557,9999.000,9999.000,9999.000,9999.000,9999.000,9999.000,9999.000
202602200954,   0.001,   1.538,9999.000,9999.000,9999.000,9999.000,9999.000,9999.000,9999.000
202602201000,  -0.023,   1.498,   1.000,   0.521,   1.498,   0.900,   1.398,   1.000,   1.498
202602201006,  -0.048,   1.489,9999.000,9999.000,9999.000,9999.000,9999.000,9999.000,9999.000
202602201012,  -0.071,   1.479,9999.000,9999.000,9999.000,9999.000,9999.000,9999.000,9999.000
202602201018,  -0.094,   1.439,9999.000,9999.000,9999.000,9999.000,9999.000,9999.000,9999.000
202602201024,  -0.115,   1.420,9999.000,9999.000,9999.000,9999.000,9999.000,9999.000,9999.000
202602201030,  -0.135,   1.420,9999.000,9999.000,9999.000,9999.000,9999.000,9999.000,9999.000
202602201036,  -0.154,   1.400,9999.000,9999.000,9999.000,9999.000,9999.000,9999.000,9999.000
202602201042,  -0.172,   1.380,9999.000,9999.000,9999.000,9999.000,9999.000,9999.000,9999.000
202602201048,  -0.188,   1.371,9999.000,9999.000,9999.000,9999.000,9999.000,9999.000,9999.000
202602201054,  -0.203,   1.361,9999.000,9999.000,9999.000,9999.000,9999.000,9999.000,9999.000
202602201100,  -0.217,   1.348,   1.000,   0.565,   1.348,   0.900,   1.248,   1.000,   1.348
202602201106,  -0.229,   1.318,9999.000,9999.000,9999.000,9999.000,9999.000,9999.000,9999.000
202602201112,  -0.240,   1.328,9999.000,9999.000,9999.000,9999.000,9999.000,9999.000,9999.000
202602201118,  -0.249,   1.279,9999.000,9999.000,9999.000,9999.000,9999.000,9999.000,9999.000
202602201124,  -0.257,   1.289,9999.000,9999.000,9999.000,9999.000,9999.000,9999.000,9999.000
202602201130,  -0.263,   1.279,9999.000,9999.000,9999.000,9999.000,9999.000,9999.000,9999.000
202602201136,  -0.268,   1.259,9999.000,9999.000,9999.000,9999.000,9999.000,9999.000,9999.000
202602201142,  -0.272,   1.249,9999.000,9999.000,9999.000,9999.000,9999.000,9999.000,9999.000
202602201148,  -0.273,   1.259,9999.000,9999.000,9999.000,9999.000,9999.000,9999.000,9999.000
202602201154,  -0.274,   1.269,9999.000,9999.000,9999.000,9999.000,9999.000,9999.000,9999.000
202602201200,  -0.272,   1.239,   1.000,   0.511,   1.239,   0.900,   1.139,   1.000,   1.239
202602201206,  -0.269,   1.289,9999.000,9999.000,9999.000,9999.000,9999.000,9999.000,9999.000
202602201212,  -0.265,   1.259,9999.000,9999.000,9999.000,9999.000,9999.000,9999.000,9999.000
202602201218,  -0.259,   1.289,9999.000,9999.000,9999.000,9999.000,9999.000,9999.000,9999.000
202602201224,  -0.251,   1.269,9999.000,9999.000,9999.000,9999.000,9999.000,9999.000,9999.000
202602201230,  -0.241,   1.289,9999.000,9999.000,9999.000,9999.000,9999.000,9999.000,9999.000
202602201236,  -0.230,   1.289,9999.000,9999.000,9999.000,9999.000,9999.000,9999.000,9999.000
202602201242,  -0.217,   1.318,9999.000,9999.000,9999.000,9999.000,9999.000,9999.000,9999.000
202602201248,  -0.203,   1.338,9999.000,9999.000,9999.000,9999.000,9999.000,9999.000,9999.000
202602201254,  -0.186,   1.348,9999.000,9999.000,9999.000,9999.000,9999.000,9999.000,9999.000
202602201300,  -0.169,   1.380,   1.000,   0.549,   1.380,   0.900,   1.280,   1.000,   1.380
202602201306,  -0.149,   1.380,9999.000,9999.000,9999.000,9999.000,9999.000,9999.000,9999.000
202602201312,  -0.128,   1.439,9999.000,9999.000,9999.000,9999.000,9999.000,9999.000,9999.000
202602201318,  -0.105,   1.430,9999.000,9999.000,9999.000,9999.000,9999.000,9999.000,9999.000
202602201324,  -0.081,   1.479,9999.000,9999.000,9999.000,9999.000,9999.000,9999.000,9999.000
202602201330,  -0.056,   1.498,9999.000,9999.000,9999.000,9999.000,9999.000,9999.000,9999.000
202602201336,  -0.029,   1.557,9999.000,9999.000,9999.000,9999.000,9999.000,9999.000,9999.000
202602201342,   0.000,   1.610,9999.000,9999.000,9999.000,9999.000,9999.000,9999.000,9999.000
202602201348,   0.029,   1.649,9999.000,9999.000,9999.000,9999.000,9999.000,9999.000,9999.000
202602201354,   0.059,   1.689,9999.000,9999.000,9999.000,9999.000,9999.000,9999.000,9999.000
202602201400,   0.091,   1.728,   1.000,   0.637,   1.728,   0.900,   1.628,   1.000,   1.728
202602201406,   0.124,   1.758,9999.000,9999.000,9999.000,9999.000,9999.000,9999.000,9999.000
202602201412,   0.158,   1.781,9999.000,9999.000,9999.000,9999.000,9999.000,9999.000,9999.000
202602201418,   0.193,   1.800,9999.000,9999.000,9999.000,9999.000,9999.000,9999.000,9999.000
202602201424,   0.228,   1.849,9999.000,9999.000,9999.000,9999.000,9999.000,9999.000,9999.000
202602201430,   0.264,   1.899,9999.000,9999.000,9999.000,9999.000,9999.000,9999.000,9999.000
202602201436,   0.300,   1.908,9999.000,9999.000,9999.000,9999.000,9999.000,9999.000,9999.000
202602201442,   0.336,   2.000,9999.000,9999.000,9999.000,9999.000,9999.000,9999.000,9999.000
202602201448,   0.372,   1.981,9999.000,9999.000,9999.000,9999.000,9999.000,9999.000,9999.000
202602201454,   0.409,   2.040,9999.000,9999.000,9999.000,9999.000,9999.000,9999.000,9999.000
202602201500,   0.445,   2.040,   1.000,   0.595,   2.040,   0.900,   1.940,   1.000,   2.040
202602201506,   0.480,   2.099,9999.000,9999.000,9999.000,9999.000,9999.000,9999.000,9999.000
202602201512,   0.516,   2.128,9999.000,9999.000,9999.000,9999.000,9999.000,9999.000,9999.000
202602201518,   0.550,   2.168,9999.000,9999.000,9999.000,9999.000,9999.000,9999.000,9999.000
202602201524,   0.584,   2.220,9999.000,9999.000,9999.000,9999.000,9999.000,9999.000,9999.000
202602201530,   0.617,   2.289,9999.000,9999.000,9999.000,9999.000,9999.000,9999.000,9999.000
202602201536,   0.648,   2.338,9999.000,9999.000,9999.000,9999.000,9999.000,9999.000,9999.000
202602201542,   0.679,   2.377,9999.000,9999.000,9999.000,9999.000,9999.000,9999.000,9999.000
202602201548,   0.708,   2.387,9999.000,9999.000,9999.000,9999.000,9999.000,9999.000,9999.000
202602201554,   0.736,   2.387,9999.000,9999.000,9999.000,9999.000,9999.000,9999.000,9999.000
202602201600,   0.763,   2.420,   1.000,   0.657,   2.420,   0.900,   2.320,   1.000,   2.420
202602201606,   0.788,   2.469,9999.000,9999.000,9999.000,9999.000,9999.000,9999.000,9999.000
202602201612,   0.811,   2.450,9999.000,9999.000,9999.000,9999.000,9999.000,9999.000,9999.000
202602201618,   0.833,   2.538,9999.000,9999.000,9999.000,9999.000,9999.000,9999.000,9999.000
202602201624,   0.853,   2.528,9999.000,9999.000,9999.000,9999.000,9999.000,9999.000,9999.000
202602201630,   0.871,   2.548,9999.000,9999.000,9999.000,9999.000,9999.000,9999.000,9999.000
202602201636,   0.888,   2.587,9999.000,9999.000,9999.000,9999.000,9999.000,9999.000,9999.000
202602201642,   0.903,   2.578,9999.000,9999.000,9999.000,9999.000,9999.000,9999.000,9999.000
202602201648,   0.916,   2.597,9999.000,9999.000,9999.000,9999.000,9999.000,9999.000,9999.000
202602201654,   0.927,   2.597,9999.000,9999.000,9999.000,9999.000,9999.000,9999.000,9999.000
202602201700,   0.937,   2.578,   1.000,   0.641,   2.578,   0.900,   2.478,   1.000,   2.578
202602201706,   0.944,   2.587,9999.000,9999.000,9999.000,9999.000,9999.000,9999.000,9999.000
202602201712,   0.950,   2.597,9999.000,9999.000,9999.000,9999.000,9999.000,9999.000,9999.000
202602201718,   0.955,   2.587,9999.000,9999.000,9999.000,9999.000,9999.000,9999.000,9999.000
202602201724,   0.957,   2.597,9999.000,9999.000,9999.000,9999.000,9999.000,9999.000,9999.000
202602201730,   0.958,   2.610,9999.000,9999.000,9999.000,9999.000,9999.000,9999.000,9999.000
202602201736,   0.958,   2.597,9999.000,9999.000,9999.000,9999.000,9999.000,9999.000,9999.000
202602201742,   0.956,   2.610,9999.000,9999.000,9999.000,9999.000,9999.000,9999.000,9999.000
202602201748,   0.952,   2.587,9999.000,9999.000,9999.000,9999.000,9999.000,9999.000,9999.000
202602201754,   0.947,   2.587,9999.000,9999.000,9999.000,9999.000,9999.000,9999.000,9999.000
202602201800,   0.941,   2.578,   1.000,   0.637,   2.578,   1.000,   2.578,   1.000,   2.578
202602201806,   0.933,   2.558,9999.000,9999.000,9999.000,9999.000,9999.000,9999.000,9999.000
202602201812,   0.925,   2.558,9999.000,9999.000,9999.000,9999.000,9999.000,9999.000,9999.000
202602201818,   0.914,   2.568,9999.000,9999.000,9999.000,9999.000,9999.000,9999.000,9999.000
202602201824,   0.903,   2.528,9999.000,9999.000,9999.000,9999.000,9999.000,9999.000,9999.000
202602201830,   0.890,   2.558,9999.000,9999.000,9999.000,9999.000,9999.000,9999.000,9999.000
202602201836,   0.877,   2.519,9999.000,9999.000,9999.000,9999.000,9999.000,9999.000,9999.000
202602201842,   0.862,   2.479,9999.000,9999.000,9999.000,9999.000,9999.000,9999.000,9999.000
202602201848,   0.846,   2.499,9999.000,9999.000,9999.000,9999.000,9999.000,9999.000,9999.000
202602201854,   0.829,   2.440,9999.000,9999.000,9999.000,9999.000,9999.000,9999.000,9999.000
202602201900,   0.811,   2.450,   1.000,   0.639,   2.450,   0.900,   2.350,   1.000,   2.450
202602201906,   0.791,   2.420,9999.000,9999.000,9999.000,9999.000,9999.000,9999.000,9999.000
202602201912,   0.771,   2.387,9999.000,9999.000,9999.000,9999.000,9999.000,9999.000,9999.000
202602201918,   0.750,   2.358,9999.000,9999.000,9999.000,9999.000,9999.000,9999.000,9999.000
202602201924,   0.728,   2.338,9999.000,9999.000,9999.000,9999.000,9999.000,9999.000,9999.000
202602201930,   0.705,   2.309,9999.000,9999.000,9999.000,9999.000,9999.000,9999.000,9999.000
202602201936,   0.682,   2.269,9999.000,9999.000,9999.000,9999.000,9999.000,9999.000,9999.000
202602201942,   0.657,   2.250,9999.000,9999.000,9999.000,9999.000,9999.000,9999.000,9999.000
202602201948,   0.632,   2.220,9999.000,9999.000,9999.000,9999.000,9999.000,9999.000,9999.000
202602201954,   0.605,   2.210,9999.000,9999.000,9999.000,9999.000,9999.000,9999.000,9999.000
202602202000,   0.578,   2.158,   1.000,   0.580,   2.158,   0.900,   2.058,   1.000,   2.158
202602202006,   0.551,   2.138,9999.000,9999.000,9999.000,9999.000,9999.000,9999.000,9999.000
202602202012,   0.522,   2.109,9999.000,9999.000,9999.000,9999.000,9999.000,9999.000,9999.000
202602202018,   0.493,   2.069,9999.000,9999.000,9999.000,9999.000,9999.000,9999.000,9999.000
202602202024,   0.464,   2.040,9999.000,9999.000,9999.000,9999.000,9999.000,9999.000,9999.000
202602202030,   0.433,   1.981,9999.000,9999.000,9999.000,9999.000,9999.000,9999.000,9999.000
202602202036,   0.403,   1.967,9999.000,9999.000,9999.000,9999.000,9999.000,9999.000,9999.000
202602202042,   0.372,   1.908,9999.000,9999.000,9999.000,9999.000,9999.000,9999.000,9999.000
202602202048,   0.341,   1.899,9999.000,9999.000,9999.000,9999.000,9999.000,9999.000,9999.000
202602202054,   0.310,   1.859,9999.000,9999.000,9999.000,9999.000,9999.000,9999.000,9999.000
202602202100,   0.278,   1.830,   0.900,   0.652,   1.830,   0.900,   1.830,   1.000,   1.930
202602202106,   0.247,   1.810,9999.000,9999.000,9999.000,9999.000,9999.000,9999.000,9999.000
202602202112,   0.215,   1.738,9999.000,9999.000,9999.000,9999.000,9999.000,9999.000,9999.000
202602202118,   0.184,   1.718,9999.000,9999.000,9999.000,9999.000,9999.000,9999.000,9999.000
202602202124,   0.153,   1.669,9999.000,9999.000,9999.000,9999.000,9999.000,9999.000,9999.000
202602202130,   0.122,   1.639,9999.000,9999.000,9999.000,9999.000,9999.000,9999.000,9999.000
202602202136,   0.092,   1.610,9999.000,9999.000,9999.000,9999.000,9999.000,9999.000,9999.000
202602202142,   0.062,   1.580,9999.000,9999.000,9999.000,9999.000,9999.000,9999.000,9999.000
202602202148,   0.033,   1.557,9999.000,9999.000,9999.000,9999.000,9999.000,9999.000,9999.000
202602202154,   0.004,   1.508,9999.000,9999.000,9999.000,9999.000,9999.000,9999.000,9999.000
202602202200,  -0.023,   1.489,   0.900,   0.612,   1.489,   0.900,   1.489,   1.000,   1.589
202602202206,  -0.050,   1.449,9999.000,9999.000,9999.000,9999.000,9999.000,9999.000,9999.000
202602202212,  -0.076,   1.410,9999.000,9999.000,9999.000,9999.000,9999.000,9999.000,9999.000
202602202218,  -0.101,   1.400,9999.000,9999.000,9999.000,9999.000,9999.000,9999.000,9999.000
202602202224,  -0.125,   1.348,9999.000,9999.000,9999.000,9999.000,9999.000,9999.000,9999.000
202602202230,  -0.148,   1.348,9999.000,9999.000,9999.000,9999.000,9999.000,9999.000,9999.000
202602202236,  -0.170,   1.298,9999.000,9999.000,9999.000,9999.000,9999.000,9999.000,9999.000
202602202242,  -0.190,   1.308,9999.000,9999.000,9999.000,9999.000,9999.000,9999.000,9999.000
202602202248,  -0.210,   1.269,9999.000,9999.000,9999.000,9999.000,9999.000,9999.000,9999.000
202602202254,  -0.228,   1.269,9999.000,9999.000,9999.000,9999.000,9999.000,9999.000,9999.000
202602202300,  -0.244,   1.220,   0.900,   0.564,   1.220,   0.900,   1.220,   1.000,   1.320
202602202306,  -0.259,   1.249,9999.000,9999.000,9999.000,9999.000,9999.000,9999.000,9999.000
202602202312,  -0.273,   1.190,9999.000,9999.000,9999.000,9999.000,9999.000,9999.000,9999.000
202602202318,  -0.285,   1.200,9999.000,9999.000,9999.000,9999.000,9999.000,9999.000,9999.000
202602202324,  -0.296,   1.180,9999.000,9999.000,9999.000,9999.000,9999.000,9999.000,9999.000
202602202330,  -0.305,   1.180,9999.000,9999.000,9999.000,9999.000,9999.000,9999.000,9999.000
202602202336,  -0.313,   1.170,9999.000,9999.000,9999.000,9999.000,9999.000,9999.000,9999.000
202602202342,  -0.319,   1.170,9999.000,9999.000,9999.000,9999.000,9999.000,9999.000,9999.000
202602202348,  -0.324,   1.180,9999.000,9999.000,9999.000,9999.000,9999.000,9999.000,9999.000
202602202354,  -0.327,   1.246,9999.000,9999.000,9999.000,9999.000,9999.000,9999.000,9999.000
202602210000,  -0.328,   1.246,   1.000,   0.574,   1.246,   0.900,   1.146,   1.000,   1.246
202602210006,  -0.328,   1.200,9999.000,9999.000,9999.000,9999.000,9999.000,9999.000,9999.000
202602210012,  -0.326,   1.200,9999.000,9999.000,9999.000,9999.000,9999.000,9999.000,9999.000
202602210018,  -0.322,   1.220,9999.000,9999.000,9999.000,9999.000,9999.000,9999.000,9999.000
202602210024,  -0.317,   1.220,9999.000,9999.000,9999.000,9999.000,9999.000,9999.000,9999.000
202602210030,  -0.309,   1.249,9999.000,9999.000,9999.000,9999.000,9999.000,9999.000,9999.000
202602210036,  -0.301,   1.269,9999.000,9999.000,9999.000,9999.000,9999.000,9999.000,9999.000
202602210042,  -0.290,   1.269,9999.000,9999.000,9999.000,9999.000,9999.000,9999.000,9999.000
202602210048,  -0.278,   1.308,9999.000,9999.000,9999.000,9999.000,9999.000,9999.000,9999.000
202602210054,  -0.264,   1.308,9999.000,9999.000,9999.000,9999.000,9999.000,9999.000,9999.000
202602210100,  -0.248,   1.361,   0.900,   0.709,   1.361,   0.900,   1.361,   1.000,   1.461
202602210106,  -0.231,   1.371,9999.000,9999.000,9999.000,9999.000,9999.000,9999.000,9999.000
202602210112,  -0.212,   1.410,9999.000,9999.000,9999.000,9999.000,9999.000,9999.000,9999.000
202602210118,  -0.191,   1.430,9999.000,9999.000,9999.000,9999.000,9999.000,9999.000,9999.000
202602210124,  -0.168,   1.449,9999.000,9999.000,9999.000,9999.000,9999.000,9999.000,9999.000
202602210130,  -0.144,   1.489,9999.000,9999.000,9999.000,9999.000,9999.000,9999.000,9999.000
202602210136,  -0.118,   1.489,9999.000,9999.000,9999.000,9999.000,9999.000,9999.000,9999.000
202602210142,  -0.091,   1.548,9999.000,9999.000,9999.000,9999.000,9999.000,9999.000,9999.000
202602210148,  -0.062,   1.538,9999.000,9999.000,9999.000,9999.000,9999.000,9999.000,9999.000
202602210154,  -0.032,   1.600,9999.000,9999.000,9999.000,9999.000,9999.000,9999.000,9999.000
202602210200,   0.000,   1.610,   0.900,   0.710,   1.610,   0.900,   1.610,   1.000,   1.710
202602210206,   0.032,   1.639,9999.000,9999.000,9999.000,9999.000,9999.000,9999.000,9999.000
202602210212,   0.066,   1.669,9999.000,9999.000,9999.000,9999.000,9999.000,9999.000,9999.000
202602210218,   0.102,   1.689,9999.000,9999.000,9999.000,9999.000,9999.000,9999.000,9999.000
202602210224,   0.138,   1.728,9999.000,9999.000,9999.000,9999.000,9999.000,9999.000,9999.000
202602210230,   0.175,   1.767,9999.000,9999.000,9999.000,9999.000,9999.000,9999.000,9999.000
202602210236,   0.214,   1.790,9999.000,9999.000,9999.000,9999.000,9999.000,9999.000,9999.000
202602210242,   0.252,   1.830,9999.000,9999.000,9999.000,9999.000,9999.000,9999.000,9999.000
202602210248,   0.292,   1.849,9999.000,9999.000,9999.000,9999.000,9999.000,9999.000,9999.000
202602210254,   0.332,   1.869,9999.000,9999.000,9999.000,9999.000,9999.000,9999.000,9999.000
202602210300,   0.372,   1.918,   0.900,   0.646,   1.918,   0.900,   1.918,   1.000,   2.018
202602210306,   0.412,   1.958,9999.000,9999.000,9999.000,9999.000,9999.000,9999.000,9999.000
202602210312,   0.452,   2.020,9999.000,9999.000,9999.000,9999.000,9999.000,9999.000,9999.000
202602210318,   0.492,   2.030,9999.000,9999.000,9999.000,9999.000,9999.000,9999.000,9999.000
202602210324,   0.531,   2.099,9999.000,9999.000,9999.000,9999.000,9999.000,9999.000,9999.000
202602210330,   0.571,   2.109,9999.000,9999.000,9999.000,9999.000,9999.000,9999.000,9999.000
202602210336,   0.609,   2.158,9999.000,9999.000,9999.000,9999.000,9999.000,9999.000,9999.000
202602210342,   0.647,   2.191,9999.000,9999.000,9999.000,9999.000,9999.000,9999.000,9999.000
202602210348,   0.683,   2.230,9999.000,9999.000,9999.000,9999.000,9999.000,9999.000,9999.000
202602210354,   0.719,   2.240,9999.000,9999.000,9999.000,9999.000,9999.000,9999.000,9999.000
202602210400,   0.753,   2.299,   0.900,   0.646,   2.299,   0.900,   2.299,   0.900,   2.299
202602210406,   0.786,   2.299,9999.000,9999.000,9999.000,9999.000,9999.000,9999.000,9999.000
202602210412,   0.818,   2.358,9999.000,9999.000,9999.000,9999.000,9999.000,9999.000,9999.000
202602210418,   0.848,   2.358,9999.000,9999.000,9999.000,9999.000,9999.000,9999.000,9999.000
202602210424,   0.877,   2.400,9999.000,9999.000,9999.000,9999.000,9999.000,9999.000,9999.000
202602210430,   0.904,   2.410,9999.000,9999.000,9999.000,9999.000,9999.000,9999.000,9999.000
202602210436,   0.929,   2.420,9999.000,9999.000,9999.000,9999.000,9999.000,9999.000,9999.000
202602210442,   0.952,   2.459,9999.000,9999.000,9999.000,9999.000,9999.000,9999.000,9999.000
202602210448,   0.974,   2.479,9999.000,9999.000,9999.000,9999.000,9999.000,9999.000,9999.000
202602210454,   0.993,   2.519,9999.000,9999.000,9999.000,9999.000,9999.000,9999.000,9999.000
202602210500,   1.011,   2.548,   0.900,   0.637,   2.548,   0.900,   2.548,   0.900,   2.548
202602210506,   1.027,   2.558,9999.000,9999.000,9999.000,9999.000,9999.000,9999.000,9999.000
202602210512,   1.041,   2.610,9999.000,9999.000,9999.000,9999.000,9999.000,9999.000,9999.000
202602210518,   1.053,   2.597,9999.000,9999.000,9999.000,9999.000,9999.000,9999.000,9999.000
202602210524,   1.063,   2.660,9999.000,9999.000,9999.000,9999.000,9999.000,9999.000,9999.000
202602210530,   1.071,   2.620,9999.000,9999.000,9999.000,9999.000,9999.000,9999.000,9999.000
202602210536,   1.077,   2.699,9999.000,9999.000,9999.000,9999.000,9999.000,9999.000,9999.000
202602210542,   1.082,   2.689,9999.000,9999.000,9999.000,9999.000,9999.000,9999.000,9999.000
202602210548,   1.085,   2.738,9999.000,9999.000,9999.000,9999.000,9999.000,9999.000,9999.000
202602210554,   1.086,   2.748,9999.000,9999.000,9999.000,9999.000,9999.000,9999.000,9999.000
202602210600,   1.086,   2.768,   0.900,   0.782,   2.768,   0.900,   2.768,   0.900,   2.768
202602210606,   1.084,   2.758,9999.000,9999.000,9999.000,9999.000,9999.000,9999.000,9999.000
202602210612,   1.080,   2.797,9999.000,9999.000,9999.000,9999.000,9999.000,9999.000,9999.000
202602210618,   1.075,   2.768,9999.000,9999.000,9999.000,9999.000,9999.000,9999.000,9999.000
202602210624,   1.069,   2.797,9999.000,9999.000,9999.000,9999.000,9999.000,9999.000,9999.000
202602210630,   1.061,   2.787,9999.000,9999.000,9999.000,9999.000,9999.000,9999.000,9999.000
202602210636,   1.052,   2.768,9999.000,9999.000,9999.000,9999.000,9999.000,9999.000,9999.000
202602210642,   1.041,   2.758,9999.000,9999.000,9999.000,9999.000,9999.000,9999.000,9999.000
202602210648,   1.030,   2.748,9999.000,9999.000,9999.000,9999.000,9999.000,9999.000,9999.000
202602210654,   1.017,   2.728,9999.000,9999.000,9999.000,9999.000,9999.000,9999.000,9999.000
202602210700,   1.003,   2.709,   0.900,   0.806,   2.709,   0.900,   2.709,   0.900,   2.709
202602210706,   0.988,   2.679,9999.000,9999.000,9999.000,9999.000,9999.000,9999.000,9999.000
202602210712,   0.972,   2.669,9999.000,9999.000,9999.000,9999.000,9999.000,9999.000,9999.000
202602210718,   0.955,   2.650,9999.000,9999.000,9999.000,9999.000,9999.000,9999.000,9999.000
202602210724,   0.937,   2.610,9999.000,9999.000,9999.000,9999.000,9999.000,9999.000,9999.000
202602210730,   0.918,   2.597,9999.000,9999.000,9999.000,9999.000,9999.000,9999.000,9999.000
202602210736,   0.898,   2.578,9999.000,9999.000,9999.000,9999.000,9999.000,9999.000,9999.000
202602210742,   0.877,   2.548,9999.000,9999.000,9999.000,9999.000,9999.000,9999.000,9999.000
202602210748,   0.856,   2.519,9999.000,9999.000,9999.000,9999.000,9999.000,9999.000,9999.000
202602210754,   0.833,   2.479,9999.000,9999.000,9999.000,9999.000,9999.000,9999.000,9999.000
202602210800,   0.810,   2.479,   0.900,   0.769,   2.479,   0.900,   2.479,   0.900,   2.479
202602210806,   0.786,   2.420,9999.000,9999.000,9999.000,9999.000,9999.000,9999.000,9999.000
202602210812,   0.761,   2.387,9999.000,9999.000,9999.000,9999.000,9999.000,9999.000,9999.000
202602210818,   0.735,   2.348,9999.000,9999.000,9999.000,9999.000,9999.000,9999.000,9999.000
202602210824,   0.709,   2.309,9999.000,9999.000,9999.000,9999.000,9999.000,9999.000,9999.000
202602210830,   0.682,   2.279,9999.000,9999.000,9999.000,9999.000,9999.000,9999.000,9999.000
202602210836,   0.654,   2.259,9999.000,9999.000,9999.000,9999.000,9999.000,9999.000,9999.000
202602210842,   0.626,   2.230,9999.000,9999.000,9999.000,9999.000,9999.000,9999.000,9999.000
202602210848,   0.597,   2.177,9999.000,9999.000,9999.000,9999.000,9999.000,9999.000,9999.000
202602210854,   0.568,   2.168,9999.000,9999.000,9999.000,9999.000,9999.000,9999.000,9999.000
202602210900,   0.538,   2.118,   0.900,   0.680,   2.118,   0.900,   2.118,   0.900,   2.118
202602210906,   0.508,   2.109,9999.000,9999.000,9999.000,9999.000,9999.000,9999.000,9999.000
202602210912,   0.478,   2.049,9999.000,9999.000,9999.000,9999.000,9999.000,9999.000,9999.000
202602210918,   0.447,   2.020,9999.000,9999.000,9999.000,9999.000,9999.000,9999.000,9999.000
202602210924,   0.417,   1.990,9999.000,9999.000,9999.000,9999.000,9999.000,9999.000,9999.000
202602210930,   0.386,   1.958,9999.000,9999.000,9999.000,9999.000,9999.000,9999.000,9999.000
202602210936,   0.355,   1.918,9999.000,9999.000,9999.000,9999.000,9999.000,9999.000,9999.000
202602210942,   0.325,   1.889,9999.000,9999.000,9999.000,9999.000,9999.000,9999.000,9999.000
202602210948,   0.294,   1.879,9999.000,9999.000,9999.000,9999.000,9999.000,9999.000,9999.000
202602210954,   0.264,   1.849,9999.000,9999.000,9999.000,9999.000,9999.000,9999.000,9999.000
202602211000,   0.234,   1.810,   0.900,   0.676,   1.810,   0.900,   1.810,   0.900,   1.810
202602211006,   0.204,   1.800,9999.000,9999.000,9999.000,9999.000,9999.000,9999.000,9999.000
202602211012,   0.175,   1.758,9999.000,9999.000,9999.000,9999.000,9999.000,9999.000,9999.000
202602211018,   0.147,   1.738,9999.000,9999.000,9999.000,9999.000,9999.000,9999.000,9999.000
202602211024,   0.119,   1.708,9999.000,9999.000,9999.000,9999.000,9999.000,9999.000,9999.000
202602211030,   0.092,   1.689,9999.000,9999.000,9999.000,9999.000,9999.000,9999.000,9999.000
202602211036,   0.065,   1.659,9999.000,9999.000,9999.000,9999.000,9999.000,9999.000,9999.000
202602211042,   0.039,   1.639,9999.000,9999.000,9999.000,9999.000,9999.000,9999.000,9999.000
202602211048,   0.015,   1.639,9999.000,9999.000,9999.000,9999.000,9999.000,9999.000,9999.000
202602211054,  -0.008,   1.600,9999.000,9999.000,9999.000,9999.000,9999.000,9999.000,9999.000
202602211100,  -0.031,   1.580,   0.900,   0.711,   1.580,   0.900,   1.580,   0.900,   1.580
202602211106,  -0.053,   1.557,9999.000,9999.000,9999.000,9999.000,9999.000,9999.000,9999.000
202602211112,  -0.074,   1.557,9999.000,9999.000,9999.000,9999.000,9999.000,9999.000,9999.000
202602211118,  -0.094,   1.528,9999.000,9999.000,9999.000,9999.000,9999.000,9999.000,9999.000
202602211124,  -0.112,   1.528,9999.000,9999.000,9999.000,9999.000,9999.000,9999.000,9999.000
202602211130,  -0.129,   1.518,9999.000,9999.000,9999.000,9999.000,9999.000,9999.000,9999.000
202602211136,  -0.146,   1.498,9999.000,9999.000,9999.000,9999.000,9999.000,9999.000,9999.000
202602211142,  -0.161,   1.489,9999.000,9999.000,9999.000,9999.000,9999.000,9999.000,9999.000
202602211148,  -0.174,   1.459,9999.000,9999.000,9999.000,9999.000,9999.000,9999.000,9999.000
202602211154,  -0.187,   1.469,9999.000,9999.000,9999.000,9999.000,9999.000,9999.000,9999.000
202602211200,  -0.198,   1.420,   0.900,   0.718,   1.420,   0.900,   1.420,   0.900,   1.420
202602211206,  -0.207,   1.430,9999.000,9999.000,9999.000,9999.000,9999.000,9999.000,9999.000
202602211212,  -0.216,   1.430,9999.000,9999.000,9999.000,9999.000,9999.000,9999.000,9999.000
202602211218,  -0.223,   1.410,9999.000,9999.000,9999.000,9999.000,9999.000,9999.000,9999.000
202602211224,  -0.229,   1.410,9999.000,9999.000,9999.000,9999.000,9999.000,9999.000,9999.000
202602211230,  -0.233,   1.420,9999.000,9999.000,9999.000,9999.000,9999.000,9999.000,9999.000
202602211236,  -0.235,   1.420,9999.000,9999.000,9999.000,9999.000,9999.000,9999.000,9999.000
202602211242,  -0.237,   1.410,9999.000,9999.000,9999.000,9999.000,9999.000,9999.000,9999.000
202602211248,  -0.237,   1.410,9999.000,9999.000,9999.000,9999.000,9999.000,9999.000,9999.000
202602211254,  -0.235,   1.420,9999.000,9999.000,9999.000,9999.000,9999.000,9999.000,9999.000
202602211300,  -0.232,   1.400,   0.900,   0.732,   1.400,   0.900,   1.400,   0.900,   1.400
202602211306,  -0.227,   1.400,9999.000,9999.000,9999.000,9999.000,9999.000,9999.000,9999.000
202602211312,  -0.221,   1.410,9999.000,9999.000,9999.000,9999.000,9999.000,9999.000,9999.000
202602211318,  -0.213,   1.380,9999.000,9999.000,9999.000,9999.000,9999.000,9999.000,9999.000
202602211324,  -0.203,   1.410,9999.000,9999.000,9999.000,9999.000,9999.000,9999.000,9999.000
202602211330,  -0.192,   1.420,9999.000,9999.000,9999.000,9999.000,9999.000,9999.000,9999.000
202602211336,  -0.180,   1.420,9999.000,9999.000,9999.000,9999.000,9999.000,9999.000,9999.000
202602211342,  -0.165,   1.430,9999.000,9999.000,9999.000,9999.000,9999.000,9999.000,9999.000
202602211348,  -0.149,   1.439,9999.000,9999.000,9999.000,9999.000,9999.000,9999.000,9999.000
202602211354,  -0.132,   1.449,9999.000,9999.000,9999.000,9999.000,9999.000,9999.000,9999.000
202602211400,  -0.113,   1.449,   0.900,   0.662,   1.449,   0.900,   1.449,   0.900,   1.449
202602211406,  -0.093,   1.498,9999.000,9999.000,9999.000,9999.000,9999.000,9999.000,9999.000
202602211412,  -0.071,   1.489,9999.000,9999.000,9999.000,9999.000,9999.000,9999.000,9999.000
202602211418,  -0.047,   1.508,9999.000,9999.000,9999.000,9999.000,9999.000,9999.000,9999.000
202602211424,  -0.023,   1.518,9999.000,9999.000,9999.000,9999.000,9999.000,9999.000,9999.000
202602211430,   0.003,   1.557,9999.000,9999.000,9999.000,9999.000,9999.000,9999.000,9999.000
202602211436,   0.030,   1.600,9999.000,9999.000,9999.000,9999.000,9999.000,9999.000,9999.000
202602211442,   0.059,   1.610,9999.000,9999.000,9999.000,9999.000,9999.000,9999.000,9999.000
202602211448,   0.088,   1.659,9999.000,9999.000,9999.000,9999.000,9999.000,9999.000,9999.000
202602211454,   0.119,   1.679,9999.000,9999.000,9999.000,9999.000,9999.000,9999.000,9999.000
202602211500,   0.150,   1.699,   0.900,   0.649,   1.699,   0.900,   1.699,   0.900,   1.699
202602211506,   0.183,   1.748,9999.000,9999.000,9999.000,9999.000,9999.000,9999.000,9999.000
202602211512,   0.216,   1.758,9999.000,9999.000,9999.000,9999.000,9999.000,9999.000,9999.000
202602211518,   0.249,   1.800,9999.000,9999.000,9999.000,9999.000,9999.000,9999.000,9999.000
202602211524,   0.283,   1.830,9999.000,9999.000,9999.000,9999.000,9999.000,9999.000,9999.000
202602211530,   0.317,   1.869,9999.000,9999.000,9999.000,9999.000,9999.000,9999.000,9999.000
202602211536,   0.351,   1.908,9999.000,9999.000,9999.000,9999.000,9999.000,9999.000,9999.000
202602211542,   0.385,   1.948,9999.000,9999.000,9999.000,9999.000,9999.000,9999.000,9999.000
202602211548,   0.419,   1.958,9999.000,9999.000,9999.000,9999.000,9999.000,9999.000,9999.000
202602211554,   0.453,   2.010,9999.000,9999.000,9999.000,9999.000,9999.000,9999.000,9999.000
202602211600,   0.486,   2.020,   0.900,   0.634,   2.020,   0.900,   2.020,   0.900,   2.020
202602211606,   0.519,   2.059,9999.000,9999.000,9999.000,9999.000,9999.000,9999.000,9999.000
202602211612,   0.551,   2.099,9999.000,9999.000,9999.000,9999.000,9999.000,9999.000,9999.000
202602211618,   0.582,   2.128,9999.000,9999.000,9999.000,9999.000,9999.000,9999.000,9999.000
202602211624,   0.612,   2.148,9999.000,9999.000,9999.000,9999.000,9999.000,9999.000,9999.000
202602211630,   0.641,   2.177,9999.000,9999.000,9999.000,9999.000,9999.000,9999.000,9999.000
202602211636,   0.668,   2.210,9999.000,9999.000,9999.000,9999.000,9999.000,9999.000,9999.000
202602211642,   0.695,   2.230,9999.000,9999.000,9999.000,9999.000,9999.000,9999.000,9999.000
202602211648,   0.720,   2.269,9999.000,9999.000,9999.000,9999.000,9999.000,9999.000,9999.000
202602211654,   0.743,   2.259,9999.000,9999.000,9999.000,9999.000,9999.000,9999.000,9999.000
202602211700,   0.765,   2.289,   0.900,   0.624,   2.289,   0.900,   2.289,   0.900,   2.289
202602211706,   0.786,   2.309,9999.000,9999.000,9999.000,9999.000,9999.000,9999.000,9999.000
202602211712,   0.804,   2.338,9999.000,9999.000,9999.000,9999.000,9999.000,9999.000,9999.000
202602211718,   0.821,   2.328,9999.000,9999.000,9999.000,9999.000,9999.000,9999.000,9999.000
202602211724,   0.837,   2.368,9999.000,9999.000,9999.000,9999.000,9999.000,9999.000,9999.000
202602211730,   0.850,   2.377,9999.000,9999.000,9999.000,9999.000,9999.000,9999.000,9999.000
202602211736,   0.862,   2.377,9999.000,9999.000,9999.000,9999.000,9999.000,9999.000,9999.000
202602211742,   0.872,   2.400,9999.000,9999.000,9999.000,9999.000,9999.000,9999.000,9999.000
202602211748,   0.880,   2.387,9999.000,9999.000,9999.000,9999.000,9999.000,9999.000,9999.000
202602211754,   0.887,9999.000,9999.000,9999.000,9999.000,9999.000,9999.000,9999.000,9999.000
202602211800,   0.892,9999.000,   0.900,   0.620,   2.412,   0.900,   2.412,   0.900,   2.412
202602211806,   0.895,9999.000,9999.000,9999.000,9999.000,9999.000,9999.000,9999.000,9999.000
202602211812,   0.897,9999.000,9999.000,9999.000,9999.000,9999.000,9999.000,9999.000,9999.000
202602211818,   0.897,9999.000,9999.000,9999.000,9999.000,9999.000,9999.000,9999.000,9999.000
202602211824,   0.896,9999.000,9999.000,9999.000,9999.000,9999.000,9999.000,9999.000,9999.000
202602211830,   0.893,9999.000,9999.000,9999.000,9999.000,9999.000,9999.000,9999.000,9999.000
202602211836,   0.888,9999.000,9999.000,9999.000,9999.000,9999.000,9999.000,9999.000,9999.000
202602211842,   0.883,9999.000,9999.000,9999.000,9999.000,9999.000,9999.000,9999.000,9999.000
202602211848,   0.876,9999.000,9999.000,9999.000,9999.000,9999.000,9999.000,9999.000,9999.000
202602211854,   0.868,9999.000,9999.000,9999.000,9999.000,9999.000,9999.000,9999.000,9999.000
202602211900,   0.858,9999.000,   0.900,   0.615,   2.373,   0.900,   2.373,   0.900,   2.373
202602211906,   0.848,9999.000,9999.000,9999.000,9999.000,9999.000,9999.000,9999.000,9999.000
202602211912,   0.836,9999.000,9999.000,9999.000,9999.000,9999.000,9999.000,9999.000,9999.000
202602211918,   0.823,9999.000,9999.000,9999.000,9999.000,9999.000,9999.000,9999.000,9999.000
202602211924,   0.810,9999.000,9999.000,9999.000,9999.000,9999.000,9999.000,9999.000,9999.000
202602211930,   0.795,9999.000,9999.000,9999.000,9999.000,9999.000,9999.000,9999.000,9999.000
202602211936,   0.779,9999.000,9999.000,9999.000,9999.000,9999.000,9999.000,9999.000,9999.000
202602211942,   0.762,9999.000,9999.000,9999.000,9999.000,9999.000,9999.000,9999.000,9999.000
202602211948,   0.745,9999.000,9999.000,9999.000,9999.000,9999.000,9999.000,9999.000,9999.000
202602211954,   0.726,9999.000,9999.000,9999.000,9999.000,9999.000,9999.000,9999.000,9999.000
202602212000,   0.707,9999.000,   0.900,   0.611,   2.218,   0.800,   2.118,   0.900,   2.218
202602212006,   0.686,9999.000,9999.000,9999.000,9999.000,9999.000,9999.000,9999.000,9999.000
202602212012,   0.665,9999.000,9999.000,9999.000,9999.000,9999.000,9999.000,9999.000,9999.000
202602212018,   0.643,9999.000,9999.000,9999.000,9999.000,9999.000,9999.000,9999.000,9999.000
202602212024,   0.621,9999.000,9999.000,9999.000,9999.000,9999.000,9999.000,9999.000,9999.000
202602212030,   0.597,9999.000,9999.000,9999.000,9999.000,9999.000,9999.000,9999.000,9999.000
202602212036,   0.573,9999.000,9999.000,9999.000,9999.000,9999.000,9999.000,9999.000,9999.000
202602212042,   0.549,9999.000,9999.000,9999.000,9999.000,9999.000,9999.000,9999.000,9999.000
202602212048,   0.523,9999.000,9999.000,9999.000,9999.000,9999.000,9999.000,9999.000,9999.000
202602212054,   0.497,9999.000,9999.000,9999.000,9999.000,9999.000,9999.000,9999.000,9999.000
202602212100,   0.471,9999.000,   0.900,   0.607,   1.978,   0.800,   1.878,   0.900,   1.978
202602212106,   0.443,9999.000,9999.000,9999.000,9999.000,9999.000,9999.000,9999.000,9999.000
202602212112,   0.416,9999.000,9999.000,9999.000,9999.000,9999.000,9999.000,9999.000,9999.000
202602212118,   0.388,9999.000,9999.000,9999.000,9999.000,9999.000,9999.000,9999.000,9999.000
202602212124,   0.360,9999.000,9999.000,9999.000,9999.000,9999.000,9999.000,9999.000,9999.000
202602212130,   0.331,9999.000,9999.000,9999.000,9999.000,9999.000,9999.000,9999.000,9999.000
202602212136,   0.302,9999.000,9999.000,9999.000,9999.000,9999.000,9999.000,9999.000,9999.000
202602212142,   0.273,9999.000,9999.000,9999.000,9999.000,9999.000,9999.000,9999.000,9999.000
202602212148,   0.244,9999.000,9999.000,9999.000,9999.000,9999.000,9999.000,9999.000,9999.000
202602212154,   0.215,9999.000,9999.000,9999.000,9999.000,9999.000,9999.000,9999.000,9999.000
202602212200,   0.186,9999.000,   0.900,   0.602,   1.688,   0.800,   1.588,   0.900,   1.688
202602212206,   0.157,9999.000,9999.000,9999.000,9999.000,9999.000,9999.000,9999.000,9999.000
202602212212,   0.129,9999.000,9999.000,9999.000,9999.000,9999.000,9999.000,9999.000,9999.000
202602212218,   0.101,9999.000,9999.000,9999.000,9999.000,9999.000,9999.000,9999.000,9999.000
202602212224,   0.073,9999.000,9999.000,9999.000,9999.000,9999.000,9999.000,9999.000,9999.000
202602212230,   0.046,9999.000,9999.000,9999.000,9999.000,9999.000,9999.000,9999.000,9999.000
202602212236,   0.019,9999.000,9999.000,9999.000,9999.000,9999.000,9999.000,9999.000,9999.000
202602212242,  -0.006,9999.000,9999.000,9999.000,9999.000,9999.000,9999.000,9999.000,9999.000
202602212248,  -0.031,9999.000,9999.000,9999.000,9999.000,9999.000,9999.000,9999.000,9999.000
202602212254,  -0.056,9999.000,9999.000,9999.000,9999.000,9999.000,9999.000,9999.000,9999.000
202602212300,  -0.080,9999.000,   0.900,   0.598,   1.418,   0.800,   1.318,   0.900,   1.418
202602212306,  -0.102,9999.000,9999.000,9999.000,9999.000,9999.000,9999.000,9999.000,9999.000
202602212312,  -0.124,9999.000,9999.000,9999.000,9999.000,9999.000,9999.000,9999.000,9999.000
202602212318,  -0.144,9999.000,9999.000,9999.000,9999.000,9999.000,9999.000,9999.000,9999.000
202602212324,  -0.164,9999.000,9999.000,9999.000,9999.000,9999.000,9999.000,9999.000,9999.000
202602212330,  -0.182,9999.000,9999.000,9999.000,9999.000,9999.000,9999.000,9999.000,9999.000
202602212336,  -0.199,9999.000,9999.000,9999.000,9999.000,9999.000,9999.000,9999.000,9999.000
202602212342,  -0.215,9999.000,9999.000,9999.000,9999.000,9999.000,9999.000,9999.000,9999.000
202602212348,  -0.230,9999.000,9999.000,9999.000,9999.000,9999.000,9999.000,9999.000,9999.000
202602212354,  -0.243,9999.000,9999.000,9999.000,9999.000,9999.000,9999.000,9999.000,9999.000
202602220000,  -0.255,9999.000,   0.900,   0.593,   1.238,   0.800,   1.138,   0.900,   1.238
202602220006,  -0.265,9999.000,9999.000,9999.000,9999.000,9999.000,9999.000,9999.000,9999.000
202602220012,  -0.274,9999.000,9999.000,9999.000,9999.000,9999.000,9999.000,9999.000,9999.000
202602220018,  -0.281,9999.000,9999.000,9999.000,9999.000,9999.000,9999.000,9999.000,9999.000
202602220024,  -0.288,9999.000,9999.000,9999.000,9999.000,9999.000,9999.000,9999.000,9999.000
202602220030,  -0.292,9999.000,9999.000,9999.000,9999.000,9999.000,9999.000,9999.000,9999.000
202602220036,  -0.295,9999.000,9999.000,9999.000,9999.000,9999.000,9999.000,9999.000,9999.000
202602220042,  -0.297,9999.000,9999.000,9999.000,9999.000,9999.000,9999.000,9999.000,9999.000
202602220048,  -0.297,9999.000,9999.000,9999.000,9999.000,9999.000,9999.000,9999.000,9999.000
202602220054,  -0.295,9999.000,9999.000,9999.000,9999.000,9999.000,9999.000,9999.000,9999.000
202602220100,  -0.292,9999.000,   0.900,   0.589,   1.197,   0.800,   1.097,   0.900,   1.197
202602220106,  -0.287,9999.000,9999.000,9999.000,9999.000,9999.000,9999.000,9999.000,9999.000
202602220112,  -0.281,9999.000,9999.000,9999.000,9999.000,9999.000,9999.000,9999.000,9999.000
202602220118,  -0.273,9999.000,9999.000,9999.000,9999.000,9999.000,9999.000,9999.000,9999.000
202602220124,  -0.263,9999.000,9999.000,9999.000,9999.000,9999.000,9999.000,9999.000,9999.000
202602220130,  -0.252,9999.000,9999.000,9999.000,9999.000,9999.000,9999.000,9999.000,9999.000
202602220136,  -0.239,9999.000,9999.000,9999.000,9999.000,9999.000,9999.000,9999.000,9999.000
202602220142,  -0.225,9999.000,9999.000,9999.000,9999.000,9999.000,9999.000,9999.000,9999.000
202602220148,  -0.209,9999.000,9999.000,9999.000,9999.000,9999.000,9999.000,9999.000,9999.000
202602220154,  -0.191,9999.000,9999.000,9999.000,9999.000,9999.000,9999.000,9999.000,9999.000
202602220200,  -0.172,9999.000,   0.900,   0.585,   1.313,   0.800,   1.213,   0.900,   1.313
202602220206,  -0.151,9999.000,9999.000,9999.000,9999.000,9999.000,9999.000,9999.000,9999.000
202602220212,  -0.128,9999.000,9999.000,9999.000,9999.000,9999.000,9999.000,9999.000,9999.000
202602220218,  -0.104,9999.000,9999.000,9999.000,9999.000,9999.000,9999.000,9999.000,9999.000
202602220224,  -0.078,9999.000,9999.000,9999.000,9999.000,9999.000,9999.000,9999.000,9999.000
202602220230,  -0.051,9999.000,9999.000,9999.000,9999.000,9999.000,9999.000,9999.000,9999.000
202602220236,  -0.022,9999.000,9999.000,9999.000,9999.000,9999.000,9999.000,9999.000,9999.000
202602220242,   0.007,9999.000,9999.000,9999.000,9999.000,9999.000,9999.000,9999.000,9999.000
202602220248,   0.039,9999.000,9999.000,9999.000,9999.000,9999.000,9999.000,9999.000,9999.000
202602220254,   0.071,9999.000,9999.000,9999.000,9999.000,9999.000,9999.000,9999.000,9999.000
202602220300,   0.105,9999.000,   0.900,   0.580,   1.585,   0.800,   1.485,   0.900,   1.585
202602220306,   0.140,9999.000,9999.000,9999.000,9999.000,9999.000,9999.000,9999.000,9999.000
202602220312,   0.176,9999.000,9999.000,9999.000,9999.000,9999.000,9999.000,9999.000,9999.000
202602220318,   0.213,9999.000,9999.000,9999.000,9999.000,9999.000,9999.000,9999.000,9999.000
202602220324,   0.251,9999.000,9999.000,9999.000,9999.000,9999.000,9999.000,9999.000,9999.000
202602220330,   0.289,9999.000,9999.000,9999.000,9999.000,9999.000,9999.000,9999.000,9999.000
202602220336,   0.328,9999.000,9999.000,9999.000,9999.000,9999.000,9999.000,9999.000,9999.000
202602220342,   0.367,9999.000,9999.000,9999.000,9999.000,9999.000,9999.000,9999.000,9999.000
202602220348,   0.407,9999.000,9999.000,9999.000,9999.000,9999.000,9999.000,9999.000,9999.000
202602220354,   0.447,9999.000,9999.000,9999.000,9999.000,9999.000,9999.000,9999.000,9999.000
202602220400,   0.486,9999.000,   0.900,   0.576,   1.962,   0.800,   1.862,   0.900,   1.962
202602220406,   0.525,9999.000,9999.000,9999.000,9999.000,9999.000,9999.000,9999.000,9999.000
202602220412,   0.564,9999.000,9999.000,9999.000,9999.000,9999.000,9999.000,9999.000,9999.000
202602220418,   0.603,9999.000,9999.000,9999.000,9999.000,9999.000,9999.000,9999.000,9999.000
202602220424,   0.641,9999.000,9999.000,9999.000,9999.000,9999.000,9999.000,9999.000,9999.000
202602220430,   0.678,9999.000,9999.000,9999.000,9999.000,9999.000,9999.000,9999.000,9999.000
202602220436,   0.714,9999.000,9999.000,9999.000,9999.000,9999.000,9999.000,9999.000,9999.000
202602220442,   0.749,9999.000,9999.000,9999.000,9999.000,9999.000,9999.000,9999.000,9999.000
202602220448,   0.783,9999.000,9999.000,9999.000,9999.000,9999.000,9999.000,9999.000,9999.000
202602220454,   0.815,9999.000,9999.000,9999.000,9999.000,9999.000,9999.000,9999.000,9999.000
202602220500,   0.847,9999.000,   0.900,   0.572,   2.319,   0.800,   2.219,   0.900,   2.319
202602220506,   0.876,9999.000,9999.000,9999.000,9999.000,9999.000,9999.000,9999.000,9999.000
202602220512,   0.904,9999.000,9999.000,9999.000,9999.000,9999.000,9999.000,9999.000,9999.000
202602220518,   0.930,9999.000,9999.000,9999.000,9999.000,9999.000,9999.000,9999.000,9999.000
202602220524,   0.955,9999.000,9999.000,9999.000,9999.000,9999.000,9999.000,9999.000,9999.000
202602220530,   0.978,9999.000,9999.000,9999.000,9999.000,9999.000,9999.000,9999.000,9999.000
202602220536,   0.999,9999.000,9999.000,9999.000,9999.000,9999.000,9999.000,9999.000,9999.000
202602220542,   1.018,9999.000,9999.000,9999.000,9999.000,9999.000,9999.000,9999.000,9999.000
202602220548,   1.035,9999.000,9999.000,9999.000,9999.000,9999.000,9999.000,9999.000,9999.000
202602220554,   1.050,9999.000,9999.000,9999.000,9999.000,9999.000,9999.000,9999.000,9999.000
202602220600,   1.063,9999.000,   0.900,   0.572,   2.535,   0.800,   2.435,   0.900,   2.535
202602220606,   1.075,9999.000,9999.000,9999.000,9999.000,9999.000,9999.000,9999.000,9999.000
202602220612,   1.084,9999.000,9999.000,9999.000,9999.000,9999.000,9999.000,9999.000,9999.000
202602220618,   1.092,9999.000,9999.000,9999.000,9999.000,9999.000,9999.000,9999.000,9999.000
202602220624,   1.098,9999.000,9999.000,9999.000,9999.000,9999.000,9999.000,9999.000,9999.000
202602220630,   1.102,9999.000,9999.000,9999.000,9999.000,9999.000,9999.000,9999.000,9999.000
202602220636,   1.104,9999.000,9999.000,9999.000,9999.000,9999.000,9999.000,9999.000,9999.000
202602220642,   1.105,9999.000,9999.000,9999.000,9999.000,9999.000,9999.000,9999.000,9999.000
202602220648,   1.104,9999.000,9999.000,9999.000,9999.000,9999.000,9999.000,9999.000,9999.000
202602220654,   1.102,9999.000,9999.000,9999.000,9999.000,9999.000,9999.000,9999.000,9999.000
202602220700,   1.098,9999.000,   0.900,   0.572,   2.570,   0.800,   2.470,   0.900,   2.570
202602220706,   1.093,9999.000,9999.000,9999.000,9999.000,9999.000,9999.000,9999.000,9999.000
202602220712,   1.086,9999.000,9999.000,9999.000,9999.000,9999.000,9999.000,9999.000,9999.000
202602220718,   1.078,9999.000,9999.000,9999.000,9999.000,9999.000,9999.000,9999.000,9999.000
202602220724,   1.069,9999.000,9999.000,9999.000,9999.000,9999.000,9999.000,9999.000,9999.000
202602220730,   1.058,9999.000,9999.000,9999.000,9999.000,9999.000,9999.000,9999.000,9999.000
202602220736,   1.047,9999.000,9999.000,9999.000,9999.000,9999.000,9999.000,9999.000,9999.000
202602220742,   1.034,9999.000,9999.000,9999.000,9999.000,9999.000,9999.000,9999.000,9999.000
202602220748,   1.021,9999.000,9999.000,9999.000,9999.000,9999.000,9999.000,9999.000,9999.000
202602220754,   1.006,9999.000,9999.000,9999.000,9999.000,9999.000,9999.000,9999.000,9999.000
202602220800,   0.990,9999.000,   0.900,   0.572,   2.462,   0.800,   2.362,   0.900,   2.462
202602220806,   0.974,9999.000,9999.000,9999.000,9999.000,9999.000,9999.000,9999.000,9999.000
202602220812,   0.956,9999.000,9999.000,9999.000,9999.000,9999.000,9999.000,9999.000,9999.000
202602220818,   0.938,9999.000,9999.000,9999.000,9999.000,9999.000,9999.000,9999.000,9999.000
202602220824,   0.919,9999.000,9999.000,9999.000,9999.000,9999.000,9999.000,9999.000,9999.000
202602220830,   0.899,9999.000,9999.000,9999.000,9999.000,9999.000,9999.000,9999.000,9999.000
202602220836,   0.878,9999.000,9999.000,9999.000,9999.000,9999.000,9999.000,9999.000,9999.000
202602220842,   0.857,9999.000,9999.000,9999.000,9999.000,9999.000,9999.000,9999.000,9999.000
202602220848,   0.835,9999.000,9999.000,9999.000,9999.000,9999.000,9999.000,9999.000,9999.000
202602220854,   0.812,9999.000,9999.000,9999.000,9999.000,9999.000,9999.000,9999.000,9999.000
202602220900,   0.788,9999.000,   0.900,   0.572,   2.260,   0.800,   2.160,   1.000,   2.360
202602220906,   0.764,9999.000,9999.000,9999.000,9999.000,9999.000,9999.000,9999.000,9999.000
202602220912,   0.739,9999.000,9999.000,9999.000,9999.000,9999.000,9999.000,9999.000,9999.000
202602220918,   0.714,9999.000,9999.000,9999.000,9999.000,9999.000,9999.000,9999.000,9999.000
202602220924,   0.688,9999.000,9999.000,9999.000,9999.000,9999.000,9999.000,9999.000,9999.000
202602220930,   0.661,9999.000,9999.000,9999.000,9999.000,9999.000,9999.000,9999.000,9999.000
202602220936,   0.634,9999.000,9999.000,9999.000,9999.000,9999.000,9999.000,9999.000,9999.000
202602220942,   0.607,9999.000,9999.000,9999.000,9999.000,9999.000,9999.000,9999.000,9999.000
202602220948,   0.579,9999.000,9999.000,9999.000,9999.000,9999.000,9999.000,9999.000,9999.000
202602220954,   0.551,9999.000,9999.000,9999.000,9999.000,9999.000,9999.000,9999.000,9999.000
202602221000,   0.523,9999.000,   0.900,   0.572,   1.995,   0.900,   1.995,   1.000,   2.095
202602221006,   0.494,9999.000,9999.000,9999.000,9999.000,9999.000,9999.000,9999.000,9999.000
202602221012,   0.465,9999.000,9999.000,9999.000,9999.000,9999.000,9999.000,9999.000,9999.000
202602221018,   0.436,9999.000,9999.000,9999.000,9999.000,9999.000,9999.000,9999.000,9999.000
202602221024,   0.407,9999.000,9999.000,9999.000,9999.000,9999.000,9999.000,9999.000,9999.000
202602221030,   0.378,9999.000,9999.000,9999.000,9999.000,9999.000,9999.000,9999.000,9999.000
202602221036,   0.350,9999.000,9999.000,9999.000,9999.000,9999.000,9999.000,9999.000,9999.000
202602221042,   0.321,9999.000,9999.000,9999.000,9999.000,9999.000,9999.000,9999.000,9999.000
202602221048,   0.292,9999.000,9999.000,9999.000,9999.000,9999.000,9999.000,9999.000,9999.000
202602221054,   0.264,9999.000,9999.000,9999.000,9999.000,9999.000,9999.000,9999.000,9999.000
202602221100,   0.237,9999.000,   0.900,   0.572,   1.709,   0.900,   1.709,   1.000,   1.809
202602221106,   0.209,9999.000,9999.000,9999.000,9999.000,9999.000,9999.000,9999.000,9999.000
202602221112,   0.182,9999.000,9999.000,9999.000,9999.000,9999.000,9999.000,9999.000,9999.000
202602221118,   0.156,9999.000,9999.000,9999.000,9999.000,9999.000,9999.000,9999.000,9999.000
202602221124,   0.131,9999.000,9999.000,9999.000,9999.000,9999.000,9999.000,9999.000,9999.000
202602221130,   0.106,9999.000,9999.000,9999.000,9999.000,9999.000,9999.000,9999.000,9999.000
202602221136,   0.082,9999.000,9999.000,9999.000,9999.000,9999.000,9999.000,9999.000,9999.000
202602221142,   0.058,9999.000,9999.000,9999.000,9999.000,9999.000,9999.000,9999.000,9999.000
202602221148,   0.036,9999.000,9999.000,9999.000,9999.000,9999.000,9999.000,9999.000,9999.000
202602221154,   0.014,9999.000,9999.000,9999.000,9999.000,9999.000,9999.000,9999.000,9999.000
202602221200,  -0.006,9999.000,   1.000,   0.572,   1.566,   0.900,   1.466,   1.100,   1.666
202602221206,  -0.026,9999.000,9999.000,9999.000,9999.000,9999.000,9999.000,9999.000,9999.000
202602221212,  -0.044,9999.000,9999.000,9999.000,9999.000,9999.000,9999.000,9999.000,9999.000
202602221218,  -0.062,9999.000,9999.000,9999.000,9999.000,9999.000,9999.000,9999.000,9999.000
202602221224,  -0.079,9999.000,9999.000,9999.000,9999.000,9999.000,9999.000,9999.000,9999.000
202602221230,  -0.095,9999.000,9999.000,9999.000,9999.000,9999.000,9999.000,9999.000,9999.000
202602221236,  -0.109,9999.000,9999.000,9999.000,9999.000,9999.000,9999.000,9999.000,9999.000
202602221242,  -0.123,9999.000,9999.000,9999.000,9999.000,9999.000,9999.000,9999.000,9999.000
202602221248,  -0.135,9999.000,9999.000,9999.000,9999.000,9999.000,9999.000,9999.000,9999.000
202602221254,  -0.146,9999.000,9999.000,9999.000,9999.000,9999.000,9999.000,9999.000,9999.000
202602221300,  -0.156,9999.000,   1.000,   0.572,   1.416,   0.900,   1.316,   1.100,   1.516
202602221306,  -0.165,9999.000,9999.000,9999.000,9999.000,9999.000,9999.000,9999.000,9999.000
202602221312,  -0.172,9999.000,9999.000,9999.000,9999.000,9999.000,9999.000,9999.000,9999.000
202602221318,  -0.178,9999.000,9999.000,9999.000,9999.000,9999.000,9999.000,9999.000,9999.000
202602221324,  -0.183,9999.000,9999.000,9999.000,9999.000,9999.000,9999.000,9999.000,9999.000
202602221330,  -0.186,9999.000,9999.000,9999.000,9999.000,9999.000,9999.000,9999.000,9999.000
202602221336,  -0.189,9999.000,9999.000,9999.000,9999.000,9999.000,9999.000,9999.000,9999.000
202602221342,  -0.189,9999.000,9999.000,9999.000,9999.000,9999.000,9999.000,9999.000,9999.000
202602221348,  -0.189,9999.000,9999.000,9999.000,9999.000,9999.000,9999.000,9999.000,9999.000
202602221354,  -0.187,9999.000,9999.000,9999.000,9999.000,9999.000,9999.000,9999.000,9999.000
202602221400,  -0.183,9999.000,   1.000,   0.572,   1.389,   0.900,   1.289,   1.100,   1.489
202602221406,  -0.178,9999.000,9999.000,9999.000,9999.000,9999.000,9999.000,9999.000,9999.000
202602221412,  -0.172,9999.000,9999.000,9999.000,9999.000,9999.000,9999.000,9999.000,9999.000
202602221418,  -0.164,9999.000,9999.000,9999.000,9999.000,9999.000,9999.000,9999.000,9999.000
202602221424,  -0.154,9999.000,9999.000,9999.000,9999.000,9999.000,9999.000,9999.000,9999.000
202602221430,  -0.143,9999.000,9999.000,9999.000,9999.000,9999.000,9999.000,9999.000,9999.000
202602221436,  -0.131,9999.000,9999.000,9999.000,9999.000,9999.000,9999.000,9999.000,9999.000
202602221442,  -0.117,9999.000,9999.000,9999.000,9999.000,9999.000,9999.000,9999.000,9999.000
202602221448,  -0.101,9999.000,9999.000,9999.000,9999.000,9999.000,9999.000,9999.000,9999.000
202602221454,  -0.084,9999.000,9999.000,9999.000,9999.000,9999.000,9999.000,9999.000,9999.000
202602221500,  -0.066,9999.000,   1.100,   0.572,   1.606,   1.000,   1.506,   1.200,   1.706
202602221506,  -0.046,9999.000,9999.000,9999.000,9999.000,9999.000,9999.000,9999.000,9999.000
202602221512,  -0.025,9999.000,9999.000,9999.000,9999.000,9999.000,9999.000,9999.000,9999.000
202602221518,  -0.002,9999.000,9999.000,9999.000,9999.000,9999.000,9999.000,9999.000,9999.000
202602221524,   0.021,9999.000,9999.000,9999.000,9999.000,9999.000,9999.000,9999.000,9999.000
202602221530,   0.046,9999.000,9999.000,9999.000,9999.000,9999.000,9999.000,9999.000,9999.000
202602221536,   0.072,9999.000,9999.000,9999.000,9999.000,9999.000,9999.000,9999.000,9999.000
202602221542,   0.099,9999.000,9999.000,9999.000,9999.000,9999.000,9999.000,9999.000,9999.000
202602221548,   0.128,9999.000,9999.000,9999.000,9999.000,9999.000,9999.000,9999.000,9999.000
202602221554,   0.157,9999.000,9999.000,9999.000,9999.000,9999.000,9999.000,9999.000,9999.000
202602221600,   0.186,9999.000,   1.100,   0.572,   1.858,   1.000,   1.758,   1.200,   1.958
202602221606,   0.217,9999.000,9999.000,9999.000,9999.000,9999.000,9999.000,9999.000,9999.000
202602221612,   0.248,9999.000,9999.000,9999.000,9999.000,9999.000,9999.000,9999.000,9999.000
202602221618,   0.279,9999.000,9999.000,9999.000,9999.000,9999.000,9999.000,9999.000,9999.000
202602221624,   0.310,9999.000,9999.000,9999.000,9999.000,9999.000,9999.000,9999.000,9999.000
202602221630,   0.342,9999.000,9999.000,9999.000,9999.000,9999.000,9999.000,9999.000,9999.000
202602221636,   0.373,9999.000,9999.000,9999.000,9999.000,9999.000,9999.000,9999.000,9999.000
202602221642,   0.404,9999.000,9999.000,9999.000,9999.000,9999.000,9999.000,9999.000,9999.000
202602221648,   0.435,9999.000,9999.000,9999.000,9999.000,9999.000,9999.000,9999.000,9999.000
202602221654,   0.465,9999.000,9999.000,9999.000,9999.000,9999.000,9999.000,9999.000,9999.000
202602221700,   0.495,9999.000,   1.100,   0.572,   2.167,   1.000,   2.067,   1.200,   2.267
202602221706,   0.524,9999.000,9999.000,9999.000,9999.000,9999.000,9999.000,9999.000,9999.000
202602221712,   0.552,9999.000,9999.000,9999.000,9999.000,9999.000,9999.000,9999.000,9999.000
202602221718,   0.579,9999.000,9999.000,9999.000,9999.000,9999.000,9999.000,9999.000,9999.000
202602221724,   0.605,9999.000,9999.000,9999.000,9999.000,9999.000,9999.000,9999.000,9999.000
202602221730,   0.630,9999.000,9999.000,9999.000,9999.000,9999.000,9999.000,9999.000,9999.000
202602221736,   0.654,9999.000,9999.000,9999.000,9999.000,9999.000,9999.000,9999.000,9999.000
202602221742,   0.676,9999.000,9999.000,9999.000,9999.000,9999.000,9999.000,9999.000,9999.000
202602221748,   0.697,9999.000,9999.000,9999.000,9999.000,9999.000,9999.000,9999.000,9999.000
202602221754,   0.716,9999.000,9999.000,9999.000,9999.000,9999.000,9999.000,9999.000,9999.000
202602221800,   0.734,9999.000,   1.100,   0.572,   2.406,   1.000,   2.306,   1.200,   2.506
202602221806,   0.750,9999.000,9999.000,9999.000,9999.000,9999.000,9999.000,9999.000,9999.000
202602221812,   0.764,9999.000,9999.000,9999.000,9999.000,9999.000,9999.000,9999.000,9999.000
202602221818,   0.777,9999.000,9999.000,9999.000,9999.000,9999.000,9999.000,9999.000,9999.000
202602221824,   0.788,9999.000,9999.000,9999.000,9999.000,9999.000,9999.000,9999.000,9999.000
202602221830,   0.798,9999.000,9999.000,9999.000,9999.000,9999.000,9999.000,9999.000,9999.000
202602221836,   0.806,9999.000,9999.000,9999.000,9999.000,9999.000,9999.000,9999.000,9999.000
202602221842,   0.812,9999.000,9999.000,9999.000,9999.000,9999.000,9999.000,9999.000,9999.000
202602221848,   0.817,9999.000,9999.000,9999.000,9999.000,9999.000,9999.000,9999.000,9999.000
202602221854,   0.821,9999.000,9999.000,9999.000,9999.000,9999.000,9999.000,9999.000,9999.000
202602221900,   0.822,9999.000,   1.100,   0.572,   2.494,   1.000,   2.394,   1.200,   2.594
202602221906,   0.823,9999.000,9999.000,9999.000,9999.000,9999.000,9999.000,9999.000,9999.000
202602221912,   0.822,9999.000,9999.000,9999.000,9999.000,9999.000,9999.000,9999.000,9999.000
202602221918,   0.819,9999.000,9999.000,9999.000,9999.000,9999.000,9999.000,9999.000,9999.000
202602221924,   0.816,9999.000,9999.000,9999.000,9999.000,9999.000,9999.000,9999.000,9999.000
202602221930,   0.811,9999.000,9999.000,9999.000,9999.000,9999.000,9999.000,9999.000,9999.000
202602221936,   0.804,9999.000,9999.000,9999.000,9999.000,9999.000,9999.000,9999.000,9999.000
202602221942,   0.797,9999.000,9999.000,9999.000,9999.000,9999.000,9999.000,9999.000,9999.000
202602221948,   0.789,9999.000,9999.000,9999.000,9999.000,9999.000,9999.000,9999.000,9999.000
202602221954,   0.779,9999.000,9999.000,9999.000,9999.000,9999.000,9999.000,9999.000,9999.000
202602222000,   0.769,9999.000,   1.100,   0.572,   2.441,   1.000,   2.341,   1.200,   2.541
202602222006,   0.757,9999.000,9999.000,9999.000,9999.000,9999.000,9999.000,9999.000,9999.000
202602222012,   0.745,9999.000,9999.000,9999.000,9999.000,9999.000,9999.000,9999.000,9999.000
202602222018,   0.732,9999.000,9999.000,9999.000,9999.000,9999.000,9999.000,9999.000,9999.000
202602222024,   0.718,9999.000,9999.000,9999.000,9999.000,9999.000,9999.000,9999.000,9999.000
202602222030,   0.703,9999.000,9999.000,9999.000,9999.000,9999.000,9999.000,9999.000,9999.000
202602222036,   0.687,9999.000,9999.000,9999.000,9999.000,9999.000,9999.000,9999.000,9999.000
202602222042,   0.670,9999.000,9999.000,9999.000,9999.000,9999.000,9999.000,9999.000,9999.000
202602222048,   0.653,9999.000,9999.000,9999.000,9999.000,9999.000,9999.000,9999.000,9999.000
202602222054,   0.635,9999.000,9999.000,9999.000,9999.000,9999.000,9999.000,9999.000,9999.000
202602222100,   0.616,9999.000,   1.100,   0.572,   2.288,   1.100,   2.288,   1.200,   2.388
202602222106,   0.597,9999.000,9999.000,9999.000,9999.000,9999.000,9999.000,9999.000,9999.000
202602222112,   0.576,9999.000,9999.000,9999.000,9999.000,9999.000,9999.000,9999.000,9999.000
202602222118,   0.555,9999.000,9999.000,9999.000,9999.000,9999.000,9999.000,9999.000,9999.000
202602222124,   0.534,9999.000,9999.000,9999.000,9999.000,9999.000,9999.000,9999.000,9999.000
202602222130,   0.512,9999.000,9999.000,9999.000,9999.000,9999.000,9999.000,9999.000,9999.000
202602222136,   0.489,9999.000,9999.000,9999.000,9999.000,9999.000,9999.000,9999.000,9999.000
202602222142,   0.466,9999.000,9999.000,9999.000,9999.000,9999.000,9999.000,9999.000,9999.000
202602222148,   0.442,9999.000,9999.000,9999.000,9999.000,9999.000,9999.000,9999.000,9999.000
202602222154,   0.418,9999.000,9999.000,9999.000,9999.000,9999.000,9999.000,9999.000,9999.000
202602222200,   0.394,9999.000,   1.200,   0.572,   2.166,   1.100,   2.066,   1.300,   2.266
202602222206,   0.369,9999.000,9999.000,9999.000,9999.000,9999.000,9999.000,9999.000,9999.000
202602222212,   0.343,9999.000,9999.000,9999.000,9999.000,9999.000,9999.000,9999.000,9999.000
202602222218,   0.317,9999.000,9999.000,9999.000,9999.000,9999.000,9999.000,9999.000,9999.000
202602222224,   0.292,9999.000,9999.000,9999.000,9999.000,9999.000,9999.000,9999.000,9999.000
202602222230,   0.266,9999.000,9999.000,9999.000,9999.000,9999.000,9999.000,9999.000,9999.000
202602222236,   0.239,9999.000,9999.000,9999.000,9999.000,9999.000,9999.000,9999.000,9999.000
202602222242,   0.213,9999.000,9999.000,9999.000,9999.000,9999.000,9999.000,9999.000,9999.000
202602222248,   0.187,9999.000,9999.000,9999.000,9999.000,9999.000,9999.000,9999.000,9999.000
202602222254,   0.161,9999.000,9999.000,9999.000,9999.000,9999.000,9999.000,9999.000,9999.000
202602222300,   0.135,9999.000,   1.200,   0.572,   1.907,   1.100,   1.807,   1.300,   2.007
202602222306,   0.110,9999.000,9999.000,9999.000,9999.000,9999.000,9999.000,9999.000,9999.000
202602222312,   0.085,9999.000,9999.000,9999.000,9999.000,9999.000,9999.000,9999.000,9999.000
202602222318,   0.060,9999.000,9999.000,9999.000,9999.000,9999.000,9999.000,9999.000,9999.000
202602222324,   0.035,9999.000,9999.000,9999.000,9999.000,9999.000,9999.000,9999.000,9999.000
202602222330,   0.012,9999.000,9999.000,9999.000,9999.000,9999.000,9999.000,9999.000,9999.000
202602222336,  -0.010,9999.000,9999.000,9999.000,9999.000,9999.000,9999.000,9999.000,9999.000
202602222342,  -0.033,9999.000,9999.000,9999.000,9999.000,9999.000,9999.000,9999.000,9999.000
202602222348,  -0.054,9999.000,9999.000,9999.000,9999.000,9999.000,9999.000,9999.000,9999.000
202602222354,  -0.075,9999.000,9999.000,9999.000,9999.000,9999.000,9999.000,9999.000,9999.000
202602230000,  -0.095,9999.000,   1.200,   0.572,   1.677,   1.100,   1.577,   1.300,   1.777
202602230006,  -0.114,9999.000,9999.000,9999.000,9999.000,9999.000,9999.000,9999.000,9999.000
202602230012,  -0.132,9999.000,9999.000,9999.000,9999.000,9999.000,9999.000,9999.000,9999.000
202602230018,  -0.149,9999.000,9999.000,9999.000,9999.000,9999.000,9999.000,9999.000,9999.000
202602230024,  -0.164,9999.000,9999.000,9999.000,9999.000,9999.000,9999.000,9999.000,9999.000
202602230030,  -0.179,9999.000,9999.000,9999.000,9999.000,9999.000,9999.000,9999.000,9999.000
202602230036,  -0.193,9999.000,9999.000,9999.000,9999.000,9999.000,9999.000,9999.000,9999.000
202602230042,  -0.205,9999.000,9999.000,9999.000,9999.000,9999.000,9999.000,9999.000,9999.000
202602230048,  -0.216,9999.000,9999.000,9999.000,9999.000,9999.000,9999.000,9999.000,9999.000
202602230054,  -0.225,9999.000,9999.000,9999.000,9999.000,9999.000,9999.000,9999.000,9999.000
202602230100,  -0.234,9999.000,   1.200,   0.572,   1.538,   1.100,   1.438,   1.400,   1.738
202602230106,  -0.241,9999.000,9999.000,9999.000,9999.000,9999.000,9999.000,9999.000,9999.000
202602230112,  -0.247,9999.000,9999.000,9999.000,9999.000,9999.000,9999.000,9999.000,9999.000
202602230118,  -0.251,9999.000,9999.000,9999.000,9999.000,9999.000,9999.000,9999.000,9999.000
202602230124,  -0.254,9999.000,9999.000,9999.000,9999.000,9999.000,9999.000,9999.000,9999.000
202602230130,  -0.256,9999.000,9999.000,9999.000,9999.000,9999.000,9999.000,9999.000,9999.000
202602230136,  -0.256,9999.000,9999.000,9999.000,9999.000,9999.000,9999.000,9999.000,9999.000
202602230142,  -0.254,9999.000,9999.000,9999.000,9999.000,9999.000,9999.000,9999.000,9999.000
202602230148,  -0.252,9999.000,9999.000,9999.000,9999.000,9999.000,9999.000,9999.000,9999.000
202602230154,  -0.247,9999.000,9999.000,9999.000,9999.000,9999.000,9999.000,9999.000,9999.000
202602230200,  -0.242,9999.000,   1.300,   0.572,   1.630,   1.100,   1.430,   1.400,   1.730
202602230206,  -0.235,9999.000,9999.000,9999.000,9999.000,9999.000,9999.000,9999.000,9999.000
202602230212,  -0.226,9999.000,9999.000,9999.000,9999.000,9999.000,9999.000,9999.000,9999.000
202602230218,  -0.215,9999.000,9999.000,9999.000,9999.000,9999.000,9999.000,9999.000,9999.000
202602230224,  -0.204,9999.000,9999.000,9999.000,9999.000,9999.000,9999.000,9999.000,9999.000
202602230230,  -0.190,9999.000,9999.000,9999.000,9999.000,9999.000,9999.000,9999.000,9999.000
202602230236,  -0.175,9999.000,9999.000,9999.000,9999.000,9999.000,9999.000,9999.000,9999.000
202602230242,  -0.159,9999.000,9999.000,9999.000,9999.000,9999.000,9999.000,9999.000,9999.000
202602230248,  -0.141,9999.000,9999.000,9999.000,9999.000,9999.000,9999.000,9999.000,9999.000
202602230254,  -0.121,9999.000,9999.000,9999.000,9999.000,9999.000,9999.000,9999.000,9999.000
202602230300,  -0.100,9999.000,   1.300,   0.572,   1.772,   1.100,   1.572,   1.400,   1.872
202602230306,  -0.077,9999.000,9999.000,9999.000,9999.000,9999.000,9999.000,9999.000,9999.000
202602230312,  -0.053,9999.000,9999.000,9999.000,9999.000,9999.000,9999.000,9999.000,9999.000
202602230318,  -0.027,9999.000,9999.000,9999.000,9999.000,9999.000,9999.000,9999.000,9999.000
202602230324,   0.000,9999.000,9999.000,9999.000,9999.000,9999.000,9999.000,9999.000,9999.000
202602230330,   0.027,9999.000,9999.000,9999.000,9999.000,9999.000,9999.000,9999.000,9999.000
202602230336,   0.057,9999.000,9999.000,9999.000,9999.000,9999.000,9999.000,9999.000,9999.000
202602230342,   0.088,9999.000,9999.000,9999.000,9999.000,9999.000,9999.000,9999.000,9999.000
202602230348,   0.120,9999.000,9999.000,9999.000,9999.000,9999.000,9999.000,9999.000,9999.000
202602230354,   0.153,9999.000,9999.000,9999.000,9999.000,9999.000,9999.000,9999.000,9999.000
202602230400,   0.188,9999.000,   1.200,   0.572,   1.960,   1.000,   1.760,   1.400,   2.160
202602230406,   0.223,9999.000,9999.000,9999.000,9999.000,9999.000,9999.000,9999.000,9999.000
202602230412,   0.259,9999.000,9999.000,9999.000,9999.000,9999.000,9999.000,9999.000,9999.000
202602230418,   0.296,9999.000,9999.000,9999.000,9999.000,9999.000,9999.000,9999.000,9999.000
202602230424,   0.333,9999.000,9999.000,9999.000,9999.000,9999.000,9999.000,9999.000,9999.000
202602230430,   0.371,9999.000,9999.000,9999.000,9999.000,9999.000,9999.000,9999.000,9999.000
202602230436,   0.409,9999.000,9999.000,9999.000,9999.000,9999.000,9999.000,9999.000,9999.000
202602230442,   0.447,9999.000,9999.000,9999.000,9999.000,9999.000,9999.000,9999.000,9999.000
202602230448,   0.485,9999.000,9999.000,9999.000,9999.000,9999.000,9999.000,9999.000,9999.000
202602230454,   0.523,9999.000,9999.000,9999.000,9999.000,9999.000,9999.000,9999.000,9999.000
202602230500,   0.561,9999.000,   1.200,   0.572,   2.333,   1.000,   2.133,   1.400,   2.533
202602230506,   0.598,9999.000,9999.000,9999.000,9999.000,9999.000,9999.000,9999.000,9999.000
202602230512,   0.635,9999.000,9999.000,9999.000,9999.000,9999.000,9999.000,9999.000,9999.000
202602230518,   0.671,9999.000,9999.000,9999.000,9999.000,9999.000,9999.000,9999.000,9999.000
202602230524,   0.706,9999.000,9999.000,9999.000,9999.000,9999.000,9999.000,9999.000,9999.000
202602230530,   0.741,9999.000,9999.000,9999.000,9999.000,9999.000,9999.000,9999.000,9999.000
202602230536,   0.774,9999.000,9999.000,9999.000,9999.000,9999.000,9999.000,9999.000,9999.000
202602230542,   0.806,9999.000,9999.000,9999.000,9999.000,9999.000,9999.000,9999.000,9999.000
202602230548,   0.836,9999.000,9999.000,9999.000,9999.000,9999.000,9999.000,9999.000,9999.000
202602230554,   0.866,9999.000,9999.000,9999.000,9999.000,9999.000,9999.000,9999.000,9999.000
202602230600,   0.893,9999.000,   1.100,   0.572,   2.565,   0.900,   2.365,   1.400,   2.865
202602230606,   0.919,9999.000,9999.000,9999.000,9999.000,9999.000,9999.000,9999.000,9999.000
202602230612,   0.944,9999.000,9999.000,9999.000,9999.000,9999.000,9999.000,9999.000,9999.000
202602230618,   0.966,9999.000,9999.000,9999.000,9999.000,9999.000,9999.000,9999.000,9999.000
202602230624,   0.987,9999.000,9999.000,9999.000,9999.000,9999.000,9999.000,9999.000,9999.000
202602230630,   1.006,9999.000,9999.000,9999.000,9999.000,9999.000,9999.000,9999.000,9999.000
202602230636,   1.024,9999.000,9999.000,9999.000,9999.000,9999.000,9999.000,9999.000,9999.000
202602230642,   1.039,9999.000,9999.000,9999.000,9999.000,9999.000,9999.000,9999.000,9999.000
202602230648,   1.053,9999.000,9999.000,9999.000,9999.000,9999.000,9999.000,9999.000,9999.000
202602230654,   1.065,9999.000,9999.000,9999.000,9999.000,9999.000,9999.000,9999.000,9999.000
202602230700,   1.075,9999.000,   1.100,   0.572,   2.747,   0.800,   2.447,   1.300,   2.947
202602230706,   1.083,9999.000,9999.000,9999.000,9999.000,9999.000,9999.000,9999.000,9999.000
202602230712,   1.090,9999.000,9999.000,9999.000,9999.000,9999.000,9999.000,9999.000,9999.000
202602230718,   1.095,9999.000,9999.000,9999.000,9999.000,9999.000,9999.000,9999.000,9999.000
202602230724,   1.098,9999.000,9999.000,9999.000,9999.000,9999.000,9999.000,9999.000,9999.000
202602230730,   1.100,9999.000,9999.000,9999.000,9999.000,9999.000,9999.000,9999.000,9999.000
202602230736,   1.100,9999.000,9999.000,9999.000,9999.000,9999.000,9999.000,9999.000,9999.000
202602230742,   1.099,9999.000,9999.000,9999.000,9999.000,9999.000,9999.000,9999.000,9999.000
202602230748,   1.096,9999.000,9999.000,9999.000,9999.000,9999.000,9999.000,9999.000,9999.000
202602230754,   1.092,9999.000,9999.000,9999.000,9999.000,9999.000,9999.000,9999.000,9999.000
202602230800,   1.087,9999.000,   1.000,   0.572,   2.659,   0.700,   2.359,   1.300,   2.959
202602230806,   1.080,9999.000,9999.000,9999.000,9999.000,9999.000,9999.000,9999.000,9999.000
202602230812,   1.073,9999.000,9999.000,9999.000,9999.000,9999.000,9999.000,9999.000,9999.000
202602230818,   1.064,9999.000,9999.000,9999.000,9999.000,9999.000,9999.000,9999.000,9999.000
202602230824,   1.054,9999.000,9999.000,9999.000,9999.000,9999.000,9999.000,9999.000,9999.000
202602230830,   1.043,9999.000,9999.000,9999.000,9999.000,9999.000,9999.000,9999.000,9999.000
202602230836,   1.032,9999.000,9999.000,9999.000,9999.000,9999.000,9999.000,9999.000,9999.000
202602230842,   1.019,9999.000,9999.000,9999.000,9999.000,9999.000,9999.000,9999.000,9999.000
202602230848,   1.006,9999.000,9999.000,9999.000,9999.000,9999.000,9999.000,9999.000,9999.000
202602230854,   0.991,9999.000,9999.000,9999.000,9999.000,9999.000,9999.000,9999.000,9999.000
202602230900,   0.976,9999.000,   0.900,   0.572,   2.448,   0.600,   2.148,   1.200,   2.748
202602230906,   0.960,9999.000,9999.000,9999.000,9999.000,9999.000,9999.000,9999.000,9999.000
202602230912,   0.944,9999.000,9999.000,9999.000,9999.000,9999.000,9999.000,9999.000,9999.000
202602230918,   0.926,9999.000,9999.000,9999.000,9999.000,9999.000,9999.000,9999.000,9999.000
202602230924,   0.908,9999.000,9999.000,9999.000,9999.000,9999.000,9999.000,9999.000,9999.000
202602230930,   0.890,9999.000,9999.000,9999.000,9999.000,9999.000,9999.000,9999.000,9999.000
202602230936,   0.870,9999.000,9999.000,9999.000,9999.000,9999.000,9999.000,9999.000,9999.000
202602230942,   0.850,9999.000,9999.000,9999.000,9999.000,9999.000,9999.000,9999.000,9999.000
202602230948,   0.829,9999.000,9999.000,9999.000,9999.000,9999.000,9999.000,9999.000,9999.000
202602230954,   0.808,9999.000,9999.000,9999.000,9999.000,9999.000,9999.000,9999.000,9999.000
202602231000,   0.786,9999.000,   0.900,   0.572,   2.258,   0.500,   1.858,   1.300,   2.658
202602231006,   0.763,9999.000,9999.000,9999.000,9999.000,9999.000,9999.000,9999.000,9999.000
202602231012,   0.740,9999.000,9999.000,9999.000,9999.000,9999.000,9999.000,9999.000,9999.000
202602231018,   0.716,9999.000,9999.000,9999.000,9999.000,9999.000,9999.000,9999.000,9999.000
202602231024,   0.692,9999.000,9999.000,9999.000,9999.000,9999.000,9999.000,9999.000,9999.000
202602231030,   0.667,9999.000,9999.000,9999.000,9999.000,9999.000,9999.000,9999.000,9999.000
202602231036,   0.642,9999.000,9999.000,9999.000,9999.000,9999.000,9999.000,9999.000,9999.000
202602231042,   0.616,9999.000,9999.000,9999.000,9999.000,9999.000,9999.000,9999.000,9999.000
202602231048,   0.591,9999.000,9999.000,9999.000,9999.000,9999.000,9999.000,9999.000,9999.000
202602231054,   0.564,9999.000,9999.000,9999.000,9999.000,9999.000,9999.000,9999.000,9999.000
202602231100,   0.538,9999.000,   0.900,   0.572,   2.010,   0.500,   1.610,   1.200,   2.310
202602231106,   0.511,9999.000,9999.000,9999.000,9999.000,9999.000,9999.000,9999.000,9999.000
202602231112,   0.484,9999.000,9999.000,9999.000,9999.000,9999.000,9999.000,9999.000,9999.000
202602231118,   0.457,9999.000,9999.000,9999.000,9999.000,9999.000,9999.000,9999.000,9999.000
202602231124,   0.430,9999.000,9999.000,9999.000,9999.000,9999.000,9999.000,9999.000,9999.000
202602231130,   0.404,9999.000,9999.000,9999.000,9999.000,9999.000,9999.000,9999.000,9999.000
202602231136,   0.377,9999.000,9999.000,9999.000,9999.000,9999.000,9999.000,9999.000,9999.000
202602231142,   0.350,9999.000,9999.000,9999.000,9999.000,9999.000,9999.000,9999.000,9999.000
202602231148,   0.324,9999.000,9999.000,9999.000,9999.000,9999.000,9999.000,9999.000,9999.000
202602231154,   0.297,9999.000,9999.000,9999.000,9999.000,9999.000,9999.000,9999.000,9999.000
202602231200,   0.272,9999.000,   0.900,   0.572,   1.744,   0.500,   1.344,   1.200,   2.044
202602231206,   0.246,9999.000,9999.000,9999.000,9999.000,9999.000,9999.000,9999.000,9999.000
202602231212,   0.221,9999.000,9999.000,9999.000,9999.000,9999.000,9999.000,9999.000,9999.000
202602231218,   0.197,9999.000,9999.000,9999.000,9999.000,9999.000,9999.000,9999.000,9999.000
202602231224,   0.173,9999.000,9999.000,9999.000,9999.000,9999.000,9999.000,9999.000,9999.000
202602231230,   0.149,9999.000,9999.000,9999.000,9999.000,9999.000,9999.000,9999.000,9999.000
202602231236,   0.127,9999.000,9999.000,9999.000,9999.000,9999.000,9999.000,9999.000,9999.000
202602231242,   0.105,9999.000,9999.000,9999.000,9999.000,9999.000,9999.000,9999.000,9999.000
202602231248,   0.083,9999.000,9999.000,9999.000,9999.000,9999.000,9999.000,9999.000,9999.000
202602231254,   0.063,9999.000,9999.000,9999.000,9999.000,9999.000,9999.000,9999.000,9999.000
202602231300,   0.043,9999.000,   0.900,   0.572,   1.515,   0.500,   1.115,   1.300,   1.915
202602231306,   0.024,9999.000,9999.000,9999.000,9999.000,9999.000,9999.000,9999.000,9999.000
202602231312,   0.006,9999.000,9999.000,9999.000,9999.000,9999.000,9999.000,9999.000,9999.000
202602231318,  -0.010,9999.000,9999.000,9999.000,9999.000,9999.000,9999.000,9999.000,9999.000
202602231324,  -0.026,9999.000,9999.000,9999.000,9999.000,9999.000,9999.000,9999.000,9999.000
202602231330,  -0.042,9999.000,9999.000,9999.000,9999.000,9999.000,9999.000,9999.000,9999.000
202602231336,  -0.056,9999.000,9999.000,9999.000,9999.000,9999.000,9999.000,9999.000,9999.000
202602231342,  -0.069,9999.000,9999.000,9999.000,9999.000,9999.000,9999.000,9999.000,9999.000
202602231348,  -0.082,9999.000,9999.000,9999.000,9999.000,9999.000,9999.000,9999.000,9999.000
202602231354,  -0.093,9999.000,9999.000,9999.000,9999.000,9999.000,9999.000,9999.000,9999.000
202602231400,  -0.103,9999.000,   0.900,   0.572,   1.369,   0.500,   0.969,   1.400,   1.869
202602231406,  -0.112,9999.000,9999.000,9999.000,9999.000,9999.000,9999.000,9999.000,9999.000
202602231412,  -0.120,9999.000,9999.000,9999.000,9999.000,9999.000,9999.000,9999.000,9999.000
202602231418,  -0.126,9999.000,9999.000,9999.000,9999.000,9999.000,9999.000,9999.000,9999.000
202602231424,  -0.132,9999.000,9999.000,9999.000,9999.000,9999.000,9999.000,9999.000,9999.000
202602231430,  -0.136,9999.000,9999.000,9999.000,9999.000,9999.000,9999.000,9999.000,9999.000
202602231436,  -0.139,9999.000,9999.000,9999.000,9999.000,9999.000,9999.000,9999.000,9999.000
202602231442,  -0.141,9999.000,9999.000,9999.000,9999.000,9999.000,9999.000,9999.000,9999.000
202602231448,  -0.141,9999.000,9999.000,9999.000,9999.000,9999.000,9999.000,9999.000,9999.000
202602231454,  -0.140,9999.000,9999.000,9999.000,9999.000,9999.000,9999.000,9999.000,9999.000
202602231500,  -0.138,9999.000,   1.000,   0.572,   1.434,   0.500,   0.934,   1.400,   1.834
202602231506,  -0.134,9999.000,9999.000,9999.000,9999.000,9999.000,9999.000,9999.000,9999.000
202602231512,  -0.128,9999.000,9999.000,9999.000,9999.000,9999.000,9999.000,9999.000,9999.000
202602231518,  -0.122,9999.000,9999.000,9999.000,9999.000,9999.000,9999.000,9999.000,9999.000
202602231524,  -0.113,9999.000,9999.000,9999.000,9999.000,9999.000,9999.000,9999.000,9999.000
202602231530,  -0.104,9999.000,9999.000,9999.000,9999.000,9999.000,9999.000,9999.000,9999.000
202602231536,  -0.093,9999.000,9999.000,9999.000,9999.000,9999.000,9999.000,9999.000,9999.000
202602231542,  -0.080,9999.000,9999.000,9999.000,9999.000,9999.000,9999.000,9999.000,9999.000
202602231548,  -0.066,9999.000,9999.000,9999.000,9999.000,9999.000,9999.000,9999.000,9999.000
202602231554,  -0.050,9999.000,9999.000,9999.000,9999.000,9999.000,9999.000,9999.000,9999.000
202602231600,  -0.034,9999.000,   1.000,   0.572,   1.538,   0.600,   1.138,   1.500,   2.038
202602231606,  -0.015,9999.000,9999.000,9999.000,9999.000,9999.000,9999.000,9999.000,9999.000
202602231612,   0.003,9999.000,9999.000,9999.000,9999.000,9999.000,9999.000,9999.000,9999.000
202602231618,   0.024,9999.000,9999.000,9999.000,9999.000,9999.000,9999.000,9999.000,9999.000
202602231624,   0.046,9999.000,9999.000,9999.000,9999.000,9999.000,9999.000,9999.000,9999.000
202602231630,   0.069,9999.000,9999.000,9999.000,9999.000,9999.000,9999.000,9999.000,9999.000
202602231636,   0.094,9999.000,9999.000,9999.000,9999.000,9999.000,9999.000,9999.000,9999.000
202602231642,   0.119,9999.000,9999.000,9999.000,9999.000,9999.000,9999.000,9999.000,9999.000
202602231648,   0.145,9999.000,9999.000,9999.000,9999.000,9999.000,9999.000,9999.000,9999.000
202602231654,   0.171,9999.000,9999.000,9999.000,9999.000,9999.000,9999.000,9999.000,9999.000
202602231700,   0.199,9999.000,   1.100,   0.572,   1.871,   0.600,   1.371,   1.500,   2.271
202602231706,   0.226,9999.000,9999.000,9999.000,9999.000,9999.000,9999.000,9999.000,9999.000
202602231712,   0.254,9999.000,9999.000,9999.000,9999.000,9999.000,9999.000,9999.000,9999.000
202602231718,   0.283,9999.000,9999.000,9999.000,9999.000,9999.000,9999.000,9999.000,9999.000
202602231724,   0.311,9999.000,9999.000,9999.000,9999.000,9999.000,9999.000,9999.000,9999.000
202602231730,   0.340,9999.000,9999.000,9999.000,9999.000,9999.000,9999.000,9999.000,9999.000
202602231736,   0.368,9999.000,9999.000,9999.000,9999.000,9999.000,9999.000,9999.000,9999.000
202602231742,   0.396,9999.000,9999.000,9999.000,9999.000,9999.000,9999.000,9999.000,9999.000
202602231748,   0.423,9999.000,9999.000,9999.000,9999.000,9999.000,9999.000,9999.000,9999.000
202602231754,   0.450,9999.000,9999.000,9999.000,9999.000,9999.000,9999.000,9999.000,9999.000
202602231800,   0.476,9999.000,   1.100,   0.572,   2.148,   0.700,   1.748,   1.600,   2.648
202602231806,   0.502,9999.000,9999.000,9999.000,9999.000,9999.000,9999.000,9999.000,9999.000
202602231812,   0.526,9999.000,9999.000,9999.000,9999.000,9999.000,9999.000,9999.000,9999.000
202602231818,   0.550,9999.000,9999.000,9999.000,9999.000,9999.000,9999.000,9999.000,9999.000
202602231824,   0.573,9999.000,9999.000,9999.000,9999.000,9999.000,9999.000,9999.000,9999.000
202602231830,   0.594,9999.000,9999.000,9999.000,9999.000,9999.000,9999.000,9999.000,9999.000
202602231836,   0.614,9999.000,9999.000,9999.000,9999.000,9999.000,9999.000,9999.000,9999.000
202602231842,   0.633,9999.000,9999.000,9999.000,9999.000,9999.000,9999.000,9999.000,9999.000
202602231848,   0.650,9999.000,9999.000,9999.000,9999.000,9999.000,9999.000,9999.000,9999.000
202602231854,   0.666,9999.000,9999.000,9999.000,9999.000,9999.000,9999.000,9999.000,9999.000
202602231900,   0.681,9999.000,   1.200,   0.572,   2.453,   0.700,   1.953,   1.700,   2.953
202602231906,   0.694,9999.000,9999.000,9999.000,9999.000,9999.000,9999.000,9999.000,9999.000
202602231912,   0.705,9999.000,9999.000,9999.000,9999.000,9999.000,9999.000,9999.000,9999.000
202602231918,   0.716,9999.000,9999.000,9999.000,9999.000,9999.000,9999.000,9999.000,9999.000
202602231924,   0.724,9999.000,9999.000,9999.000,9999.000,9999.000,9999.000,9999.000,9999.000
202602231930,   0.732,9999.000,9999.000,9999.000,9999.000,9999.000,9999.000,9999.000,9999.000
202602231936,   0.738,9999.000,9999.000,9999.000,9999.000,9999.000,9999.000,9999.000,9999.000
202602231942,   0.742,9999.000,9999.000,9999.000,9999.000,9999.000,9999.000,9999.000,9999.000
202602231948,   0.745,9999.000,9999.000,9999.000,9999.000,9999.000,9999.000,9999.000,9999.000
202602231954,   0.747,9999.000,9999.000,9999.000,9999.000,9999.000,9999.000,9999.000,9999.000
202602232000,   0.748,9999.000,   1.200,   0.572,   2.520,   0.800,   2.120,   1.700,   3.020
202602232006,   0.747,9999.000,9999.000,9999.000,9999.000,9999.000,9999.000,9999.000,9999.000
202602232012,   0.745,9999.000,9999.000,9999.000,9999.000,9999.000,9999.000,9999.000,9999.000
202602232018,   0.743,9999.000,9999.000,9999.000,9999.000,9999.000,9999.000,9999.000,9999.000
202602232024,   0.739,9999.000,9999.000,9999.000,9999.000,9999.000,9999.000,9999.000,9999.000
202602232030,   0.734,9999.000,9999.000,9999.000,9999.000,9999.000,9999.000,9999.000,9999.000
202602232036,   0.728,9999.000,9999.000,9999.000,9999.000,9999.000,9999.000,9999.000,9999.000
202602232042,   0.721,9999.000,9999.000,9999.000,9999.000,9999.000,9999.000,9999.000,9999.000
202602232048,   0.713,9999.000,9999.000,9999.000,9999.000,9999.000,9999.000,9999.000,9999.000
202602232054,   0.704,9999.000,9999.000,9999.000,9999.000,9999.000,9999.000,9999.000,9999.000
202602232100,   0.695,9999.000,   1.300,   0.572,   2.567,   0.800,   2.067,   1.800,   3.067
202602232106,   0.684,9999.000,9999.000,9999.000,9999.000,9999.000,9999.000,9999.000,9999.000
202602232112,   0.673,9999.000,9999.000,9999.000,9999.000,9999.000,9999.000,9999.000,9999.000
202602232118,   0.661,9999.000,9999.000,9999.000,9999.000,9999.000,9999.000,9999.000,9999.000
202602232124,   0.649,9999.000,9999.000,9999.000,9999.000,9999.000,9999.000,9999.000,9999.000
202602232130,   0.635,9999.000,9999.000,9999.000,9999.000,9999.000,9999.000,9999.000,9999.000
202602232136,   0.621,9999.000,9999.000,9999.000,9999.000,9999.000,9999.000,9999.000,9999.000
202602232142,   0.606,9999.000,9999.000,9999.000,9999.000,9999.000,9999.000,9999.000,9999.000
202602232148,   0.591,9999.000,9999.000,9999.000,9999.000,9999.000,9999.000,9999.000,9999.000
202602232154,   0.575,9999.000,9999.000,9999.000,9999.000,9999.000,9999.000,9999.000,9999.000
202602232200,   0.558,9999.000,   1.300,   0.572,   2.430,   0.900,   2.030,   1.800,   2.930
202602232206,   0.541,9999.000,9999.000,9999.000,9999.000,9999.000,9999.000,9999.000,9999.000
202602232212,   0.523,9999.000,9999.000,9999.000,9999.000,9999.000,9999.000,9999.000,9999.000
202602232218,   0.504,9999.000,9999.000,9999.000,9999.000,9999.000,9999.000,9999.000,9999.000
202602232224,   0.485,9999.000,9999.000,9999.000,9999.000,9999.000,9999.000,9999.000,9999.000
202602232230,   0.465,9999.000,9999.000,9999.000,9999.000,9999.000,9999.000,9999.000,9999.000
202602232236,   0.444,9999.000,9999.000,9999.000,9999.000,9999.000,9999.000,9999.000,9999.000
202602232242,   0.424,9999.000,9999.000,9999.000,9999.000,9999.000,9999.000,9999.000,9999.000
202602232248,   0.402,9999.000,9999.000,9999.000,9999.000,9999.000,9999.000,9999.000,9999.000
202602232254,   0.380,9999.000,9999.000,9999.000,9999.000,9999.000,9999.000,9999.000,9999.000
202602232300,   0.358,9999.000,   1.300,   0.572,   2.230,   0.900,   1.830,   1.800,   2.730
202602232306,   0.336,9999.000,9999.000,9999.000,9999.000,9999.000,9999.000,9999.000,9999.000
202602232312,   0.313,9999.000,9999.000,9999.000,9999.000,9999.000,9999.000,9999.000,9999.000
202602232318,   0.289,9999.000,9999.000,9999.000,9999.000,9999.000,9999.000,9999.000,9999.000
202602232324,   0.266,9999.000,9999.000,9999.000,9999.000,9999.000,9999.000,9999.000,9999.000
202602232330,   0.243,9999.000,9999.000,9999.000,9999.000,9999.000,9999.000,9999.000,9999.000
202602232336,   0.219,9999.000,9999.000,9999.000,9999.000,9999.000,9999.000,9999.000,9999.000
202602232342,   0.195,9999.000,9999.000,9999.000,9999.000,9999.000,9999.000,9999.000,9999.000
202602232348,   0.172,9999.000,9999.000,9999.000,9999.000,9999.000,9999.000,9999.000,9999.000
202602232354,   0.148,9999.000,9999.000,9999.000,9999.000,9999.000,9999.000,9999.000,9999.000
202602240000,   0.125,9999.000,   1.400,   0.572,   2.097,   1.000,   1.697,   1.800,   2.497
202602240006,   0.102,9999.000,9999.000,9999.000,9999.000,9999.000,9999.000,9999.000,9999.000
202602240012,   0.080,9999.000,9999.000,9999.000,9999.000,9999.000,9999.000,9999.000,9999.000
202602240018,   0.058,9999.000,9999.000,9999.000,9999.000,9999.000,9999.000,9999.000,9999.000
202602240024,   0.036,9999.000,9999.000,9999.000,9999.000,9999.000,9999.000,9999.000,9999.000
202602240030,   0.015,9999.000,9999.000,9999.000,9999.000,9999.000,9999.000,9999.000,9999.000
202602240036,  -0.005,9999.000,9999.000,9999.000,9999.000,9999.000,9999.000,9999.000,9999.000
202602240042,  -0.025,9999.000,9999.000,9999.000,9999.000,9999.000,9999.000,9999.000,9999.000
202602240048,  -0.044,9999.000,9999.000,9999.000,9999.000,9999.000,9999.000,9999.000,9999.000
202602240054,  -0.062,9999.000,9999.000,9999.000,9999.000,9999.000,9999.000,9999.000,9999.000
202602240100,  -0.079,9999.000,   1.400,   0.572,   1.893,   1.000,   1.493,   1.800,   2.293
202602240106,  -0.096,9999.000,9999.000,9999.000,9999.000,9999.000,9999.000,9999.000,9999.000
202602240112,  -0.112,9999.000,9999.000,9999.000,9999.000,9999.000,9999.000,9999.000,9999.000
202602240118,  -0.126,9999.000,9999.000,9999.000,9999.000,9999.000,9999.000,9999.000,9999.000
202602240124,  -0.140,9999.000,9999.000,9999.000,9999.000,9999.000,9999.000,9999.000,9999.000
202602240130,  -0.152,9999.000,9999.000,9999.000,9999.000,9999.000,9999.000,9999.000,9999.000
202602240136,  -0.164,9999.000,9999.000,9999.000,9999.000,9999.000,9999.000,9999.000,9999.000
202602240142,  -0.174,9999.000,9999.000,9999.000,9999.000,9999.000,9999.000,9999.000,9999.000
202602240148,  -0.183,9999.000,9999.000,9999.000,9999.000,9999.000,9999.000,9999.000,9999.000
202602240154,  -0.191,9999.000,9999.000,9999.000,9999.000,9999.000,9999.000,9999.000,9999.000
202602240200,  -0.198,9999.000,   1.400,   0.572,   1.774,   1.000,   1.374,   1.800,   2.174
202602240206,  -0.204,9999.000,9999.000,9999.000,9999.000,9999.000,9999.000,9999.000,9999.000
202602240212,  -0.208,9999.000,9999.000,9999.000,9999.000,9999.000,9999.000,9999.000,9999.000
202602240218,  -0.211,9999.000,9999.000,9999.000,9999.000,9999.000,9999.000,9999.000,9999.000
202602240224,  -0.213,9999.000,9999.000,9999.000,9999.000,9999.000,9999.000,9999.000,9999.000
202602240230,  -0.213,9999.000,9999.000,9999.000,9999.000,9999.000,9999.000,9999.000,9999.000
202602240236,  -0.212,9999.000,9999.000,9999.000,9999.000,9999.000,9999.000,9999.000,9999.000
202602240242,  -0.210,9999.000,9999.000,9999.000,9999.000,9999.000,9999.000,9999.000,9999.000
202602240248,  -0.206,9999.000,9999.000,9999.000,9999.000,9999.000,9999.000,9999.000,9999.000
202602240254,  -0.201,9999.000,9999.000,9999.000,9999.000,9999.000,9999.000,9999.000,9999.000
202602240300,  -0.195,9999.000,   1.400,   0.572,   1.777,   1.000,   1.377,   1.800,   2.177
202602240306,  -0.187,9999.000,9999.000,9999.000,9999.000,9999.000,9999.000,9999.000,9999.000
202602240312,  -0.178,9999.000,9999.000,9999.000,9999.000,9999.000,9999.000,9999.000,9999.000
202602240318,  -0.167,9999.000,9999.000,9999.000,9999.000,9999.000,9999.000,9999.000,9999.000
202602240324,  -0.155,9999.000,9999.000,9999.000,9999.000,9999.000,9999.000,9999.000,9999.000
202602240330,  -0.141,9999.000,9999.000,9999.000,9999.000,9999.000,9999.000,9999.000,9999.000
202602240336,  -0.126,9999.000,9999.000,9999.000,9999.000,9999.000,9999.000,9999.000,9999.000
202602240342,  -0.109,9999.000,9999.000,9999.000,9999.000,9999.000,9999.000,9999.000,9999.000
202602240348,  -0.091,9999.000,9999.000,9999.000,9999.000,9999.000,9999.000,9999.000,9999.000
202602240354,  -0.071,9999.000,9999.000,9999.000,9999.000,9999.000,9999.000,9999.000,9999.000
202602240400,  -0.050,9999.000,   1.400,   0.572,   1.922,   1.000,   1.522,   1.800,   2.322
202602240406,  -0.027,9999.000,9999.000,9999.000,9999.000,9999.000,9999.000,9999.000,9999.000
202602240412,  -0.003,9999.000,9999.000,9999.000,9999.000,9999.000,9999.000,9999.000,9999.000
202602240418,   0.021,9999.000,9999.000,9999.000,9999.000,9999.000,9999.000,9999.000,9999.000
202602240424,   0.048,9999.000,9999.000,9999.000,9999.000,9999.000,9999.000,9999.000,9999.000
202602240430,   0.076,9999.000,9999.000,9999.000,9999.000,9999.000,9999.000,9999.000,9999.000
202602240436,   0.105,9999.000,9999.000,9999.000,9999.000,9999.000,9999.000,9999.000,9999.000
202602240442,   0.136,9999.000,9999.000,9999.000,9999.000,9999.000,9999.000,9999.000,9999.000
202602240448,   0.167,9999.000,9999.000,9999.000,9999.000,9999.000,9999.000,9999.000,9999.000
202602240454,   0.200,9999.000,9999.000,9999.000,9999.000,9999.000,9999.000,9999.000,9999.000
202602240500,   0.233,9999.000,   1.400,   0.572,   2.205,   1.000,   1.805,   1.800,   2.605
202602240506,   0.267,9999.000,9999.000,9999.000,9999.000,9999.000,9999.000,9999.000,9999.000
202602240512,   0.302,9999.000,9999.000,9999.000,9999.000,9999.000,9999.000,9999.000,9999.000
202602240518,   0.337,9999.000,9999.000,9999.000,9999.000,9999.000,9999.000,9999.000,9999.000
202602240524,   0.373,9999.000,9999.000,9999.000,9999.000,9999.000,9999.000,9999.000,9999.000
202602240530,   0.409,9999.000,9999.000,9999.000,9999.000,9999.000,9999.000,9999.000,9999.000
202602240536,   0.445,9999.000,9999.000,9999.000,9999.000,9999.000,9999.000,9999.000,9999.000
202602240542,   0.481,9999.000,9999.000,9999.000,9999.000,9999.000,9999.000,9999.000,9999.000
202602240548,   0.517,9999.000,9999.000,9999.000,9999.000,9999.000,9999.000,9999.000,9999.000
202602240554,   0.553,9999.000,9999.000,9999.000,9999.000,9999.000,9999.000,9999.000,9999.000
202602240600,   0.589,9999.000,   1.400,   0.572,   2.561,   0.900,   2.061,   1.800,   2.961
202602240606,   0.623,9999.000,9999.000,9999.000,9999.000,9999.000,9999.000,9999.000,9999.000
202602240612,   0.658,9999.000,9999.000,9999.000,9999.000,9999.000,9999.000,9999.000,9999.000
202602240618,   0.691,9999.000,9999.000,9999.000,9999.000,9999.000,9999.000,9999.000,9999.000
202602240624,   0.724,9999.000,9999.000,9999.000,9999.000,9999.000,9999.000,9999.000,9999.000
202602240630,   0.755,9999.000,9999.000,9999.000,9999.000,9999.000,9999.000,9999.000,9999.000
202602240636,   0.785,9999.000,9999.000,9999.000,9999.000,9999.000,9999.000,9999.000,9999.000
202602240642,   0.814,9999.000,9999.000,9999.000,9999.000,9999.000,9999.000,9999.000,9999.000
202602240648,   0.842,9999.000,9999.000,9999.000,9999.000,9999.000,9999.000,9999.000,9999.000
202602240654,   0.869,9999.000,9999.000,9999.000,9999.000,9999.000,9999.000,9999.000,9999.000
202602240700,   0.893,9999.000,   1.400,   0.572,   2.865,   0.900,   2.365,   1.800,   3.265
202602240706,   0.917,9999.000,9999.000,9999.000,9999.000,9999.000,9999.000,9999.000,9999.000
202602240712,   0.939,9999.000,9999.000,9999.000,9999.000,9999.000,9999.000,9999.000,9999.000
202602240718,   0.959,9999.000,9999.000,9999.000,9999.000,9999.000,9999.000,9999.000,9999.000
202602240724,   0.977,9999.000,9999.000,9999.000,9999.000,9999.000,9999.000,9999.000,9999.000
202602240730,   0.994,9999.000,9999.000,9999.000,9999.000,9999.000,9999.000,9999.000,9999.000
202602240736,   1.009,9999.000,9999.000,9999.000,9999.000,9999.000,9999.000,9999.000,9999.000
202602240742,   1.023,9999.000,9999.000,9999.000,9999.000,9999.000,9999.000,9999.000,9999.000
202602240748,   1.035,9999.000,9999.000,9999.000,9999.000,9999.000,9999.000,9999.000,9999.000
202602240754,   1.045,9999.000,9999.000,9999.000,9999.000,9999.000,9999.000,9999.000,9999.000
202602240800,   1.054,9999.000,   1.400,   0.572,   3.026,   0.900,   2.526,   1.800,   3.426
202602240806,   1.061,9999.000,9999.000,9999.000,9999.000,9999.000,9999.000,9999.000,9999.000
202602240812,   1.067,9999.000,9999.000,9999.000,9999.000,9999.000,9999.000,9999.000,9999.000
202602240818,   1.071,9999.000,9999.000,9999.000,9999.000,9999.000,9999.000,9999.000,9999.000
202602240824,   1.074,9999.000,9999.000,9999.000,9999.000,9999.000,9999.000,9999.000,9999.000
202602240830,   1.076,9999.000,9999.000,9999.000,9999.000,9999.000,9999.000,9999.000,9999.000
202602240836,   1.076,9999.000,9999.000,9999.000,9999.000,9999.000,9999.000,9999.000,9999.000
202602240842,   1.075,9999.000,9999.000,9999.000,9999.000,9999.000,9999.000,9999.000,9999.000
202602240848,   1.073,9999.000,9999.000,9999.000,9999.000,9999.000,9999.000,9999.000,9999.000
202602240854,   1.070,9999.000,9999.000,9999.000,9999.000,9999.000,9999.000,9999.000,9999.000
202602240900,   1.066,9999.000,   1.400,   0.572,   3.038,   0.900,   2.538,   1.800,   3.438
202602240906,   1.061,9999.000,9999.000,9999.000,9999.000,9999.000,9999.000,9999.000,9999.000
202602240912,   1.054,9999.000,9999.000,9999.000,9999.000,9999.000,9999.000,9999.000,9999.000
202602240918,   1.047,9999.000,9999.000,9999.000,9999.000,9999.000,9999.000,9999.000,9999.000
202602240924,   1.039,9999.000,9999.000,9999.000,9999.000,9999.000,9999.000,9999.000,9999.000
202602240930,   1.030,9999.000,9999.000,9999.000,9999.000,9999.000,9999.000,9999.000,9999.000
202602240936,   1.021,9999.000,9999.000,9999.000,9999.000,9999.000,9999.000,9999.000,9999.000
202602240942,   1.010,9999.000,9999.000,9999.000,9999.000,9999.000,9999.000,9999.000,9999.000
202602240948,   0.999,9999.000,9999.000,9999.000,9999.000,9999.000,9999.000,9999.000,9999.000
202602240954,   0.987,9999.000,9999.000,9999.000,9999.000,9999.000,9999.000,9999.000,9999.000
202602241000,   0.974,9999.000,   1.400,   0.572,   2.946,   0.900,   2.446,   1.800,   3.346
202602241006,   0.961,9999.000,9999.000,9999.000,9999.000,9999.000,9999.000,9999.000,9999.000
202602241012,   0.946,9999.000,9999.000,9999.000,9999.000,9999.000,9999.000,9999.000,9999.000
202602241018,   0.931,9999.000,9999.000,9999.000,9999.000,9999.000,9999.000,9999.000,9999.000
202602241024,   0.916,9999.000,9999.000,9999.000,9999.000,9999.000,9999.000,9999.000,9999.000
202602241030,   0.899,9999.000,9999.000,9999.000,9999.000,9999.000,9999.000,9999.000,9999.000
202602241036,   0.882,9999.000,9999.000,9999.000,9999.000,9999.000,9999.000,9999.000,9999.000
202602241042,   0.865,9999.000,9999.000,9999.000,9999.000,9999.000,9999.000,9999.000,9999.000
202602241048,   0.846,9999.000,9999.000,9999.000,9999.000,9999.000,9999.000,9999.000,9999.000
202602241054,   0.827,9999.000,9999.000,9999.000,9999.000,9999.000,9999.000,9999.000,9999.000
202602241100,   0.807,9999.000,   1.400,   0.572,   2.779,   0.900,   2.279,   1.800,   3.179
202602241106,   0.787,9999.000,9999.000,9999.000,9999.000,9999.000,9999.000,9999.000,9999.000
202602241112,   0.766,9999.000,9999.000,9999.000,9999.000,9999.000,9999.000,9999.000,9999.000
202602241118,   0.745,9999.000,9999.000,9999.000,9999.000,9999.000,9999.000,9999.000,9999.000
202602241124,   0.723,9999.000,9999.000,9999.000,9999.000,9999.000,9999.000,9999.000,9999.000
202602241130,   0.700,9999.000,9999.000,9999.000,9999.000,9999.000,9999.000,9999.000,9999.000
202602241136,   0.677,9999.000,9999.000,9999.000,9999.000,9999.000,9999.000,9999.000,9999.000
202602241142,   0.653,9999.000,9999.000,9999.000,9999.000,9999.000,9999.000,9999.000,9999.000
202602241148,   0.629,9999.000,9999.000,9999.000,9999.000,9999.000,9999.000,9999.000,9999.000
202602241154,   0.605,9999.000,9999.000,9999.000,9999.000,9999.000,9999.000,9999.000,9999.000
202602241200,   0.580,9999.000,   1.400,   0.572,   2.552,   0.900,   2.052,   1.700,   2.852
202602241206,   0.555,9999.000,9999.000,9999.000,9999.000,9999.000,9999.000,9999.000,9999.000
202602241212,   0.530,9999.000,9999.000,9999.000,9999.000,9999.000,9999.000,9999.000,9999.000
202602241218,   0.505,9999.000,9999.000,9999.000,9999.000,9999.000,9999.000,9999.000,9999.000
202602241224,   0.479,9999.000,9999.000,9999.000,9999.000,9999.000,9999.000,9999.000,9999.000
202602241230,   0.454,9999.000,9999.000,9999.000,9999.000,9999.000,9999.000,9999.000,9999.000
202602241236,   0.428,9999.000,9999.000,9999.000,9999.000,9999.000,9999.000,9999.000,9999.000
202602241242,   0.403,9999.000,9999.000,9999.000,9999.000,9999.000,9999.000,9999.000,9999.000
202602241248,   0.378,9999.000,9999.000,9999.000,9999.000,9999.000,9999.000,9999.000,9999.000
202602241254,   0.353,9999.000,9999.000,9999.000,9999.000,9999.000,9999.000,9999.000,9999.000
202602241300,   0.328,9999.000,   1.300,   0.572,   2.200,   0.900,   1.800,   1.700,   2.600
202602241306,   0.303,9999.000,9999.000,9999.000,9999.000,9999.000,9999.000,9999.000,9999.000
202602241312,   0.279,9999.000,9999.000,9999.000,9999.000,9999.000,9999.000,9999.000,9999.000
202602241318,   0.255,9999.000,9999.000,9999.000,9999.000,9999.000,9999.000,9999.000,9999.000
202602241324,   0.232,9999.000,9999.000,9999.000,9999.000,9999.000,9999.000,9999.000,9999.000
202602241330,   0.209,9999.000,9999.000,9999.000,9999.000,9999.000,9999.000,9999.000,9999.000
202602241336,   0.187,9999.000,9999.000,9999.000,9999.000,9999.000,9999.000,9999.000,9999.000
202602241342,   0.165,9999.000,9999.000,9999.000,9999.000,9999.000,9999.000,9999.000,9999.000
202602241348,   0.144,9999.000,9999.000,9999.000,9999.000,9999.000,9999.000,9999.000,9999.000
202602241354,   0.123,9999.000,9999.000,9999.000,9999.000,9999.000,9999.000,9999.000,9999.000
202602241400,   0.103,9999.000,   1.300,   0.572,   1.975,   0.800,   1.475,   1.700,   2.375
202602241406,   0.084,9999.000,9999.000,9999.000,9999.000,9999.000,9999.000,9999.000,9999.000
202602241412,   0.066,9999.000,9999.000,9999.000,9999.000,9999.000,9999.000,9999.000,9999.000
202602241418,   0.048,9999.000,9999.000,9999.000,9999.000,9999.000,9999.000,9999.000,9999.000
202602241424,   0.031,9999.000,9999.000,9999.000,9999.000,9999.000,9999.000,9999.000,9999.000
202602241430,   0.015,9999.000,9999.000,9999.000,9999.000,9999.000,9999.000,9999.000,9999.000
202602241436,   0.000,9999.000,9999.000,9999.000,9999.000,9999.000,9999.000,9999.000,9999.000
202602241442,  -0.014,9999.000,9999.000,9999.000,9999.000,9999.000,9999.000,9999.000,9999.000
202602241448,  -0.027,9999.000,9999.000,9999.000,9999.000,9999.000,9999.000,9999.000,9999.000
202602241454,  -0.040,9999.000,9999.000,9999.000,9999.000,9999.000,9999.000,9999.000,9999.000
202602241500,  -0.051,9999.000,   1.300,   0.572,   1.821,   0.800,   1.321,   1.600,   2.121
202602241506,  -0.062,9999.000,9999.000,9999.000,9999.000,9999.000,9999.000,9999.000,9999.000
202602241512,  -0.071,9999.000,9999.000,9999.000,9999.000,9999.000,9999.000,9999.000,9999.000
202602241518,  -0.079,9999.000,9999.000,9999.000,9999.000,9999.000,9999.000,9999.000,9999.000
202602241524,  -0.087,9999.000,9999.000,9999.000,9999.000,9999.000,9999.000,9999.000,9999.000
202602241530,  -0.093,9999.000,9999.000,9999.000,9999.000,9999.000,9999.000,9999.000,9999.000
202602241536,  -0.097,9999.000,9999.000,9999.000,9999.000,9999.000,9999.000,9999.000,9999.000
202602241542,  -0.101,9999.000,9999.000,9999.000,9999.000,9999.000,9999.000,9999.000,9999.000
202602241548,  -0.103,9999.000,9999.000,9999.000,9999.000,9999.000,9999.000,9999.000,9999.000
202602241554,  -0.104,9999.000,9999.000,9999.000,9999.000,9999.000,9999.000,9999.000,9999.000
202602241600,  -0.103,9999.000,   1.300,   0.572,   1.769,   0.800,   1.269,   1.600,   2.069
202602241606,  -0.102,9999.000,9999.000,9999.000,9999.000,9999.000,9999.000,9999.000,9999.000
202602241612,  -0.098,9999.000,9999.000,9999.000,9999.000,9999.000,9999.000,9999.000,9999.000
202602241618,  -0.094,9999.000,9999.000,9999.000,9999.000,9999.000,9999.000,9999.000,9999.000
202602241624,  -0.087,9999.000,9999.000,9999.000,9999.000,9999.000,9999.000,9999.000,9999.000
202602241630,  -0.080,9999.000,9999.000,9999.000,9999.000,9999.000,9999.000,9999.000,9999.000
202602241636,  -0.071,9999.000,9999.000,9999.000,9999.000,9999.000,9999.000,9999.000,9999.000
202602241642,  -0.060,9999.000,9999.000,9999.000,9999.000,9999.000,9999.000,9999.000,9999.000
202602241648,  -0.048,9999.000,9999.000,9999.000,9999.000,9999.000,9999.000,9999.000,9999.000
202602241654,  -0.035,9999.000,9999.000,9999.000,9999.000,9999.000,9999.000,9999.000,9999.000
202602241700,  -0.020,9999.000,   1.300,   0.572,   1.852,   0.800,   1.352,   1.600,   2.152
202602241706,  -0.004,9999.000,9999.000,9999.000,9999.000,9999.000,9999.000,9999.000,9999.000
202602241712,   0.012,9999.000,9999.000,9999.000,9999.000,9999.000,9999.000,9999.000,9999.000
202602241718,   0.031,9999.000,9999.000,9999.000,9999.000,9999.000,9999.000,9999.000,9999.000
202602241724,   0.051,9999.000,9999.000,9999.000,9999.000,9999.000,9999.000,9999.000,9999.000
202602241730,   0.071,9999.000,9999.000,9999.000,9999.000,9999.000,9999.000,9999.000,9999.000
202602241736,   0.093,9999.000,9999.000,9999.000,9999.000,9999.000,9999.000,9999.000,9999.000
202602241742,   0.116,9999.000,9999.000,9999.000,9999.000,9999.000,9999.000,9999.000,9999.000
202602241748,   0.139,9999.000,9999.000,9999.000,9999.000,9999.000,9999.000,9999.000,9999.000
202602241754,   0.163,9999.000,9999.000,9999.000,9999.000,9999.000,9999.000,9999.000,9999.000
202602241800,   0.188,9999.000,   1.200,   0.572,   1.960,   0.800,   1.560,   1.500,   2.260
202602241806,   0.213,9999.000,9999.000,9999.000,9999.000,9999.000,9999.000,9999.000,9999.000
202602241812,   0.239,9999.000,9999.000,9999.000,9999.000,9999.000,9999.000,9999.000,9999.000
202602241818,   0.265,9999.000,9999.000,9999.000,9999.000,9999.000,9999.000,9999.000,9999.000
202602241824,   0.290,9999.000,9999.000,9999.000,9999.000,9999.000,9999.000,9999.000,9999.000
202602241830,   0.316,9999.000,9999.000,9999.000,9999.000,9999.000,9999.000,9999.000,9999.000
202602241836,   0.342,9999.000,9999.000,9999.000,9999.000,9999.000,9999.000,9999.000,9999.000
202602241842,   0.367,9999.000,9999.000,9999.000,9999.000,9999.000,9999.000,9999.000,9999.000
202602241848,   0.392,9999.000,9999.000,9999.000,9999.000,9999.000,9999.000,9999.000,9999.000
202602241854,   0.416,9999.000,9999.000,9999.000,9999.000,9999.000,9999.000,9999.000,9999.000
202602241900,   0.440,9999.000,   1.200,   0.572,   2.212,   0.800,   1.812,   1.500,   2.512
202602241906,   0.463,9999.000,9999.000,9999.000,9999.000,9999.000,9999.000,9999.000,9999.000
202602241912,   0.485,9999.000,9999.000,9999.000,9999.000,9999.000,9999.000,9999.000,9999.000
202602241918,   0.506,9999.000,9999.000,9999.000,9999.000,9999.000,9999.000,9999.000,9999.000
202602241924,   0.526,9999.000,9999.000,9999.000,9999.000,9999.000,9999.000,9999.000,9999.000
202602241930,   0.545,9999.000,9999.000,9999.000,9999.000,9999.000,9999.000,9999.000,9999.000
202602241936,   0.563,9999.000,9999.000,9999.000,9999.000,9999.000,9999.000,9999.000,9999.000
202602241942,   0.580,9999.000,9999.000,9999.000,9999.000,9999.000,9999.000,9999.000,9999.000
202602241948,   0.596,9999.000,9999.000,9999.000,9999.000,9999.000,9999.000,9999.000,9999.000
202602241954,   0.610,9999.000,9999.000,9999.000,9999.000,9999.000,9999.000,9999.000,9999.000
202602242000,   0.624,9999.000,   1.200,   0.572,   2.396,   0.800,   1.996,   1.500,   2.696
202602242006,   0.636,9999.000,9999.000,9999.000,9999.000,9999.000,9999.000,9999.000,9999.000
202602242012,   0.646,9999.000,9999.000,9999.000,9999.000,9999.000,9999.000,9999.000,9999.000
202602242018,   0.656,9999.000,9999.000,9999.000,9999.000,9999.000,9999.000,9999.000,9999.000
202602242024,   0.664,9999.000,9999.000,9999.000,9999.000,9999.000,9999.000,9999.000,9999.000
202602242030,   0.671,9999.000,9999.000,9999.000,9999.000,9999.000,9999.000,9999.000,9999.000
202602242036,   0.677,9999.000,9999.000,9999.000,9999.000,9999.000,9999.000,9999.000,9999.000
202602242042,   0.682,9999.000,9999.000,9999.000,9999.000,9999.000,9999.000,9999.000,9999.000
202602242048,   0.686,9999.000,9999.000,9999.000,9999.000,9999.000,9999.000,9999.000,9999.000
202602242054,   0.689,9999.000,9999.000,9999.000,9999.000,9999.000,9999.000,9999.000,9999.000
202602242100,   0.690,9999.000,   1.200,   0.572,   2.462,   0.800,   2.062,   1.500,   2.762
202602242106,   0.691,9999.000,9999.000,9999.000,9999.000,9999.000,9999.000,9999.000,9999.000
202602242112,   0.690,9999.000,9999.000,9999.000,9999.000,9999.000,9999.000,9999.000,9999.000
202602242118,   0.689,9999.000,9999.000,9999.000,9999.000,9999.000,9999.000,9999.000,9999.000
202602242124,   0.687,9999.000,9999.000,9999.000,9999.000,9999.000,9999.000,9999.000,9999.000
202602242130,   0.684,9999.000,9999.000,9999.000,9999.000,9999.000,9999.000,9999.000,9999.000
202602242136,   0.680,9999.000,9999.000,9999.000,9999.000,9999.000,9999.000,9999.000,9999.000
202602242142,   0.675,9999.000,9999.000,9999.000,9999.000,9999.000,9999.000,9999.000,9999.000
202602242148,   0.669,9999.000,9999.000,9999.000,9999.000,9999.000,9999.000,9999.000,9999.000
202602242154,   0.663,9999.000,9999.000,9999.000,9999.000,9999.000,9999.000,9999.000,9999.000
202602242200,   0.656,9999.000,   1.200,   0.572,   2.428,   0.800,   2.028,   1.500,   2.728
202602242206,   0.648,9999.000,9999.000,9999.000,9999.000,9999.000,9999.000,9999.000,9999.000
202602242212,   0.639,9999.000,9999.000,9999.000,9999.000,9999.000,9999.000,9999.000,9999.000
202602242218,   0.630,9999.000,9999.000,9999.000,9999.000,9999.000,9999.000,9999.000,9999.000
202602242224,   0.620,9999.000,9999.000,9999.000,9999.000,9999.000,9999.000,9999.000,9999.000
202602242230,   0.609,9999.000,9999.000,9999.000,9999.000,9999.000,9999.000,9999.000,9999.000
202602242236,   0.598,9999.000,9999.000,9999.000,9999.000,9999.000,9999.000,9999.000,9999.000
202602242242,   0.585,9999.000,9999.000,9999.000,9999.000,9999.000,9999.000,9999.000,9999.000
202602242248,   0.572,9999.000,9999.000,9999.000,9999.000,9999.000,9999.000,9999.000,9999.000
202602242254,   0.559,9999.000,9999.000,9999.000,9999.000,9999.000,9999.000,9999.000,9999.000
202602242300,   0.544,9999.000,   1.200,   0.572,   2.316,   0.800,   1.916,   1.400,   2.516
202602242306,   0.529,9999.000,9999.000,9999.000,9999.000,9999.000,9999.000,9999.000,9999.000
202602242312,   0.514,9999.000,9999.000,9999.000,9999.000,9999.000,9999.000,9999.000,9999.000
202602242318,   0.497,9999.000,9999.000,9999.000,9999.000,9999.000,9999.000,9999.000,9999.000
202602242324,   0.480,9999.000,9999.000,9999.000,9999.000,9999.000,9999.000,9999.000,9999.000
202602242330,   0.462,9999.000,9999.000,9999.000,9999.000,9999.000,9999.000,9999.000,9999.000
202602242336,   0.444,9999.000,9999.000,9999.000,9999.000,9999.000,9999.000,9999.000,9999.000
202602242342,   0.425,9999.000,9999.000,9999.000,9999.000,9999.000,9999.000,9999.000,9999.000
202602242348,   0.406,9999.000,9999.000,9999.000,9999.000,9999.000,9999.000,9999.000,9999.000
202602242354,   0.386,9999.000,9999.000,9999.000,9999.000,9999.000,9999.000,9999.000,9999.000
202602250000,   0.365,9999.000,   1.100,   0.572,   2.037,   0.800,   1.737,   1.400,   2.337
202602250006,   0.344,9999.000,9999.000,9999.000,9999.000,9999.000,9999.000,9999.000,9999.000
202602250012,   0.323,9999.000,9999.000,9999.000,9999.000,9999.000,9999.000,9999.000,9999.000
202602250018,   0.302,9999.000,9999.000,9999.000,9999.000,9999.000,9999.000,9999.000,9999.000
202602250024,   0.280,9999.000,9999.000,9999.000,9999.000,9999.000,9999.000,9999.000,9999.000
202602250030,   0.258,9999.000,9999.000,9999.000,9999.000,9999.000,9999.000,9999.000,9999.000
202602250036,   0.236,9999.000,9999.000,9999.000,9999.000,9999.000,9999.000,9999.000,9999.000
202602250042,   0.214,9999.000,9999.000,9999.000,9999.000,9999.000,9999.000,9999.000,9999.000
202602250048,   0.192,9999.000,9999.000,9999.000,9999.000,9999.000,9999.000,9999.000,9999.000
202602250054,   0.170,9999.000,9999.000,9999.000,9999.000,9999.000,9999.000,9999.000,9999.000
202602250100,   0.148,9999.000,   1.100,   0.572,   1.820,   0.800,   1.520,   1.400,   2.120
202602250106,   0.126,9999.000,9999.000,9999.000,9999.000,9999.000,9999.000,9999.000,9999.000
202602250112,   0.105,9999.000,9999.000,9999.000,9999.000,9999.000,9999.000,9999.000,9999.000
202602250118,   0.084,9999.000,9999.000,9999.000,9999.000,9999.000,9999.000,9999.000,9999.000
202602250124,   0.064,9999.000,9999.000,9999.000,9999.000,9999.000,9999.000,9999.000,9999.000
202602250130,   0.044,9999.000,9999.000,9999.000,9999.000,9999.000,9999.000,9999.000,9999.000
202602250136,   0.024,9999.000,9999.000,9999.000,9999.000,9999.000,9999.000,9999.000,9999.000
202602250142,   0.005,9999.000,9999.000,9999.000,9999.000,9999.000,9999.000,9999.000,9999.000
202602250148,  -0.012,9999.000,9999.000,9999.000,9999.000,9999.000,9999.000,9999.000,9999.000
202602250154,  -0.029,9999.000,9999.000,9999.000,9999.000,9999.000,9999.000,9999.000,9999.000
202602250200,  -0.046,9999.000,   1.100,   0.572,   1.626,   0.800,   1.326,   1.400,   1.926
202602250206,  -0.062,9999.000,9999.000,9999.000,9999.000,9999.000,9999.000,9999.000,9999.000
202602250212,  -0.077,9999.000,9999.000,9999.000,9999.000,9999.000,9999.000,9999.000,9999.000
202602250218,  -0.091,9999.000,9999.000,9999.000,9999.000,9999.000,9999.000,9999.000,9999.000
202602250224,  -0.104,9999.000,9999.000,9999.000,9999.000,9999.000,9999.000,9999.000,9999.000
202602250230,  -0.116,9999.000,9999.000,9999.000,9999.000,9999.000,9999.000,9999.000,9999.000
202602250236,  -0.127,9999.000,9999.000,9999.000,9999.000,9999.000,9999.000,9999.000,9999.000
202602250242,  -0.137,9999.000,9999.000,9999.000,9999.000,9999.000,9999.000,9999.000,9999.000
202602250248,  -0.146,9999.000,9999.000,9999.000,9999.000,9999.000,9999.000,9999.000,9999.000
202602250254,  -0.154,9999.000,9999.000,9999.000,9999.000,9999.000,9999.000,9999.000,9999.000
202602250300,  -0.161,9999.000,   1.100,   0.572,   1.511,   0.800,   1.211,   1.300,   1.711
202602250306,  -0.167,9999.000,9999.000,9999.000,9999.000,9999.000,9999.000,9999.000,9999.000
202602250312,  -0.172,9999.000,9999.000,9999.000,9999.000,9999.000,9999.000,9999.000,9999.000
202602250318,  -0.175,9999.000,9999.000,9999.000,9999.000,9999.000,9999.000,9999.000,9999.000
202602250324,  -0.177,9999.000,9999.000,9999.000,9999.000,9999.000,9999.000,9999.000,9999.000
202602250330,  -0.178,9999.000,9999.000,9999.000,9999.000,9999.000,9999.000,9999.000,9999.000
202602250336,  -0.178,9999.000,9999.000,9999.000,9999.000,9999.000,9999.000,9999.000,9999.000
202602250342,  -0.177,9999.000,9999.000,9999.000,9999.000,9999.000,9999.000,9999.000,9999.000
202602250348,  -0.174,9999.000,9999.000,9999.000,9999.000,9999.000,9999.000,9999.000,9999.000
202602250354,  -0.170,9999.000,9999.000,9999.000,9999.000,9999.000,9999.000,9999.000,9999.000
202602250400,  -0.164,9999.000,   1.000,   0.572,   1.408,   0.700,   1.108,   1.300,   1.708
202602250406,  -0.157,9999.000,9999.000,9999.000,9999.000,9999.000,9999.000,9999.000,9999.000
202602250412,  -0.149,9999.000,9999.000,9999.000,9999.000,9999.000,9999.000,9999.000,9999.000
202602250418,  -0.139,9999.000,9999.000,9999.000,9999.000,9999.000,9999.000,9999.000,9999.000
202602250424,  -0.128,9999.000,9999.000,9999.000,9999.000,9999.000,9999.000,9999.000,9999.000
202602250430,  -0.116,9999.000,9999.000,9999.000,9999.000,9999.000,9999.000,9999.000,9999.000
202602250436,  -0.102,9999.000,9999.000,9999.000,9999.000,9999.000,9999.000,9999.000,9999.000
202602250442,  -0.086,9999.000,9999.000,9999.000,9999.000,9999.000,9999.000,9999.000,9999.000
202602250448,  -0.069,9999.000,9999.000,9999.000,9999.000,9999.000,9999.000,9999.000,9999.000
202602250454,  -0.051,9999.000,9999.000,9999.000,9999.000,9999.000,9999.000,9999.000,9999.000
202602250500,  -0.031,9999.000,   1.000,   0.572,   1.541,   0.700,   1.241,   1.200,   1.741
202602250506,  -0.010,9999.000,9999.000,9999.000,9999.000,9999.000,9999.000,9999.000,9999.000
202602250512,   0.012,9999.000,9999.000,9999.000,9999.000,9999.000,9999.000,9999.000,9999.000
202602250518,   0.036,9999.000,9999.000,9999.000,9999.000,9999.000,9999.000,9999.000,9999.000
202602250524,   0.061,9999.000,9999.000,9999.000,9999.000,9999.000,9999.000,9999.000,9999.000
202602250530,   0.087,9999.000,9999.000,9999.000,9999.000,9999.000,9999.000,9999.000,9999.000
202602250536,   0.115,9999.000,9999.000,9999.000,9999.000,9999.000,9999.000,9999.000,9999.000
202602250542,   0.144,9999.000,9999.000,9999.000,9999.000,9999.000,9999.000,9999.000,9999.000
202602250548,   0.173,9999.000,9999.000,9999.000,9999.000,9999.000,9999.000,9999.000,9999.000
202602250554,   0.204,9999.000,9999.000,9999.000,9999.000,9999.000,9999.000,9999.000,9999.000
202602250600,   0.235,9999.000,   0.900,   0.572,   1.707,   0.600,   1.407,   1.200,   2.007
202602250606,   0.268,9999.000,9999.000,9999.000,9999.000,9999.000,9999.000,9999.000,9999.000
202602250612,   0.301,9999.000,9999.000,9999.000,9999.000,9999.000,9999.000,9999.000,9999.000
202602250618,   0.334,9999.000,9999.000,9999.000,9999.000,9999.000,9999.000,9999.000,9999.000
202602250624,   0.368,9999.000,9999.000,9999.000,9999.000,9999.000,9999.000,9999.000,9999.000
202602250630,   0.402,9999.000,9999.000,9999.000,9999.000,9999.000,9999.000,9999.000,9999.000
202602250636,   0.436,9999.000,9999.000,9999.000,9999.000,9999.000,9999.000,9999.000,9999.000
202602250642,   0.470,9999.000,9999.000,9999.000,9999.000,9999.000,9999.000,9999.000,9999.000
202602250648,   0.504,9999.000,9999.000,9999.000,9999.000,9999.000,9999.000,9999.000,9999.000
202602250654,   0.537,9999.000,9999.000,9999.000,9999.000,9999.000,9999.000,9999.000,9999.000
202602250700,   0.571,9999.000,   0.900,   0.572,   2.043,   0.600,   1.743,   1.200,   2.343
202602250706,   0.603,9999.000,9999.000,9999.000,9999.000,9999.000,9999.000,9999.000,9999.000
202602250712,   0.635,9999.000,9999.000,9999.000,9999.000,9999.000,9999.000,9999.000,9999.000
202602250718,   0.667,9999.000,9999.000,9999.000,9999.000,9999.000,9999.000,9999.000,9999.000
202602250724,   0.697,9999.000,9999.000,9999.000,9999.000,9999.000,9999.000,9999.000,9999.000
202602250730,   0.727,9999.000,9999.000,9999.000,9999.000,9999.000,9999.000,9999.000,9999.000
202602250736,   0.756,9999.000,9999.000,9999.000,9999.000,9999.000,9999.000,9999.000,9999.000
202602250742,   0.783,9999.000,9999.000,9999.000,9999.000,9999.000,9999.000,9999.000,9999.000
202602250748,   0.809,9999.000,9999.000,9999.000,9999.000,9999.000,9999.000,9999.000,9999.000
202602250754,   0.834,9999.000,9999.000,9999.000,9999.000,9999.000,9999.000,9999.000,9999.000
202602250800,   0.858,9999.000,   0.800,   0.572,   2.230,   0.600,   2.030,   1.100,   2.530
202602250806,   0.880,9999.000,9999.000,9999.000,9999.000,9999.000,9999.000,9999.000,9999.000
202602250812,   0.901,9999.000,9999.000,9999.000,9999.000,9999.000,9999.000,9999.000,9999.000
202602250818,   0.920,9999.000,9999.000,9999.000,9999.000,9999.000,9999.000,9999.000,9999.000
202602250824,   0.938,9999.000,9999.000,9999.000,9999.000,9999.000,9999.000,9999.000,9999.000
202602250830,   0.955,9999.000,9999.000,9999.000,9999.000,9999.000,9999.000,9999.000,9999.000
202602250836,   0.970,9999.000,9999.000,9999.000,9999.000,9999.000,9999.000,9999.000,9999.000
202602250842,   0.984,9999.000,9999.000,9999.000,9999.000,9999.000,9999.000,9999.000,9999.000
202602250848,   0.997,9999.000,9999.000,9999.000,9999.000,9999.000,9999.000,9999.000,9999.000
202602250854,   1.008,9999.000,9999.000,9999.000,9999.000,9999.000,9999.000,9999.000,9999.000
202602250900,   1.017,9999.000,   0.800,   0.572,   2.389,   0.500,   2.089,   1.100,   2.689
202602250906,   1.026,9999.000,9999.000,9999.000,9999.000,9999.000,9999.000,9999.000,9999.000
202602250912,   1.033,9999.000,9999.000,9999.000,9999.000,9999.000,9999.000,9999.000,9999.000
202602250918,   1.039,9999.000,9999.000,9999.000,9999.000,9999.000,9999.000,9999.000,9999.000
202602250924,   1.044,9999.000,9999.000,9999.000,9999.000,9999.000,9999.000,9999.000,9999.000
202602250930,   1.048,9999.000,9999.000,9999.000,9999.000,9999.000,9999.000,9999.000,9999.000
202602250936,   1.050,9999.000,9999.000,9999.000,9999.000,9999.000,9999.000,9999.000,9999.000
202602250942,   1.052,9999.000,9999.000,9999.000,9999.000,9999.000,9999.000,9999.000,9999.000
202602250948,   1.052,9999.000,9999.000,9999.000,9999.000,9999.000,9999.000,9999.000,9999.000
202602250954,   1.052,9999.000,9999.000,9999.000,9999.000,9999.000,9999.000,9999.000,9999.000
202602251000,   1.050,9999.000,   0.800,   0.572,   2.422,   0.500,   2.122,   1.000,   2.622
202602251006,   1.048,9999.000,9999.000,9999.000,9999.000,9999.000,9999.000,9999.000,9999.000
202602251012,   1.045,9999.000,9999.000,9999.000,9999.000,9999.000,9999.000,9999.000,9999.000
202602251018,   1.041,9999.000,9999.000,9999.000,9999.000,9999.000,9999.000,9999.000,9999.000
202602251024,   1.036,9999.000,9999.000,9999.000,9999.000,9999.000,9999.000,9999.000,9999.000
202602251030,   1.031,9999.000,9999.000,9999.000,9999.000,9999.000,9999.000,9999.000,9999.000
202602251036,   1.024,9999.000,9999.000,9999.000,9999.000,9999.000,9999.000,9999.000,9999.000
202602251042,   1.017,9999.000,9999.000,9999.000,9999.000,9999.000,9999.000,9999.000,9999.000
202602251048,   1.009,9999.000,9999.000,9999.000,9999.000,9999.000,9999.000,9999.000,9999.000
202602251054,   1.000,9999.000,9999.000,9999.000,9999.000,9999.000,9999.000,9999.000,9999.000
202602251100,   0.990,9999.000,   0.700,   0.572,   2.262,   0.500,   2.062,   1.000,   2.562
202602251106,   0.980,9999.000,9999.000,9999.000,9999.000,9999.000,9999.000,9999.000,9999.000
202602251112,   0.969,9999.000,9999.000,9999.000,9999.000,9999.000,9999.000,9999.000,9999.000
202602251118,   0.956,9999.000,9999.000,9999.000,9999.000,9999.000,9999.000,9999.000,9999.000
202602251124,   0.944,9999.000,9999.000,9999.000,9999.000,9999.000,9999.000,9999.000,9999.000
202602251130,   0.930,9999.000,9999.000,9999.000,9999.000,9999.000,9999.000,9999.000,9999.000
202602251136,   0.915,9999.000,9999.000,9999.000,9999.000,9999.000,9999.000,9999.000,9999.000
202602251142,   0.900,9999.000,9999.000,9999.000,9999.000,9999.000,9999.000,9999.000,9999.000
202602251148,   0.884,9999.000,9999.000,9999.000,9999.000,9999.000,9999.000,9999.000,9999.000
202602251154,   0.867,9999.000,9999.000,9999.000,9999.000,9999.000,9999.000,9999.000,9999.000
202602251200,   0.849,9999.000,   0.700,   0.572,   2.121,   0.400,   1.821,   0.900,   2.321
202602251206,   0.831,9999.000,9999.000,9999.000,9999.000,9999.000,9999.000,9999.000,9999.000
202602251212,   0.812,9999.000,9999.000,9999.000,9999.000,9999.000,9999.000,9999.000,9999.000
202602251218,   0.792,9999.000,9999.000,9999.000,9999.000,9999.000,9999.000,9999.000,9999.000
202602251224,   0.772,9999.000,9999.000,9999.000,9999.000,9999.000,9999.000,9999.000,9999.000
202602251230,   0.750,9999.000,9999.000,9999.000,9999.000,9999.000,9999.000,9999.000,9999.000
202602251236,   0.729,9999.000,9999.000,9999.000,9999.000,9999.000,9999.000,9999.000,9999.000
202602251242,   0.706,9999.000,9999.000,9999.000,9999.000,9999.000,9999.000,9999.000,9999.000
202602251248,   0.683,9999.000,9999.000,9999.000,9999.000,9999.000,9999.000,9999.000,9999.000
202602251254,   0.660,9999.000,9999.000,9999.000,9999.000,9999.000,9999.000,9999.000,9999.000
202602251300,   0.636,9999.000,   0.600,   0.572,   1.808,   0.400,   1.608,   0.900,   2.108
202602251306,   0.612,9999.000,9999.000,9999.000,9999.000,9999.000,9999.000,9999.000,9999.000
202602251312,   0.588,9999.000,9999.000,9999.000,9999.000,9999.000,9999.000,9999.000,9999.000
202602251318,   0.563,9999.000,9999.000,9999.000,9999.000,9999.000,9999.000,9999.000,9999.000
202602251324,   0.538,9999.000,9999.000,9999.000,9999.000,9999.000,9999.000,9999.000,9999.000
202602251330,   0.513,9999.000,9999.000,9999.000,9999.000,9999.000,9999.000,9999.000,9999.000
202602251336,   0.488,9999.000,9999.000,9999.000,9999.000,9999.000,9999.000,9999.000,9999.000
202602251342,   0.463,9999.000,9999.000,9999.000,9999.000,9999.000,9999.000,9999.000,9999.000
202602251348,   0.438,9999.000,9999.000,9999.000,9999.000,9999.000,9999.000,9999.000,9999.000
202602251354,   0.413,9999.000,9999.000,9999.000,9999.000,9999.000,9999.000,9999.000,9999.000
202602251400,   0.388,9999.000,   0.600,   0.572,   1.560,   0.300,   1.260,   0.900,   1.860
202602251406,   0.364,9999.000,9999.000,9999.000,9999.000,9999.000,9999.000,9999.000,9999.000
202602251412,   0.339,9999.000,9999.000,9999.000,9999.000,9999.000,9999.000,9999.000,9999.000
202602251418,   0.315,9999.000,9999.000,9999.000,9999.000,9999.000,9999.000,9999.000,9999.000
202602251424,   0.292,9999.000,9999.000,9999.000,9999.000,9999.000,9999.000,9999.000,9999.000
202602251430,   0.268,9999.000,9999.000,9999.000,9999.000,9999.000,9999.000,9999.000,9999.000
202602251436,   0.245,9999.000,9999.000,9999.000,9999.000,9999.000,9999.000,9999.000,9999.000
202602251442,   0.222,9999.000,9999.000,9999.000,9999.000,9999.000,9999.000,9999.000,9999.000
202602251448,   0.200,9999.000,9999.000,9999.000,9999.000,9999.000,9999.000,9999.000,9999.000
202602251454,   0.179,9999.000,9999.000,9999.000,9999.000,9999.000,9999.000,9999.000,9999.000
202602251500,   0.158,9999.000,   0.600,   0.572,   1.330,   0.300,   1.030,   0.800,   1.530
202602251506,   0.137,9999.000,9999.000,9999.000,9999.000,9999.000,9999.000,9999.000,9999.000
202602251512,   0.117,9999.000,9999.000,9999.000,9999.000,9999.000,9999.000,9999.000,9999.000
202602251518,   0.098,9999.000,9999.000,9999.000,9999.000,9999.000,9999.000,9999.000,9999.000
202602251524,   0.080,9999.000,9999.000,9999.000,9999.000,9999.000,9999.000,9999.000,9999.000
202602251530,   0.062,9999.000,9999.000,9999.000,9999.000,9999.000,9999.000,9999.000,9999.000
202602251536,   0.045,9999.000,9999.000,9999.000,9999.000,9999.000,9999.000,9999.000,9999.000
202602251542,   0.029,9999.000,9999.000,9999.000,9999.000,9999.000,9999.000,9999.000,9999.000
202602251548,   0.013,9999.000,9999.000,9999.000,9999.000,9999.000,9999.000,9999.000,9999.000
202602251554,   0.000,9999.000,9999.000,9999.000,9999.000,9999.000,9999.000,9999.000,9999.000
202602251600,  -0.014,9999.000,   0.500,   0.572,   1.058,   0.300,   0.858,   0.800,   1.358
202602251606,  -0.027,9999.000,9999.000,9999.000,9999.000,9999.000,9999.000,9999.000,9999.000
202602251612,  -0.038,9999.000,9999.000,9999.000,9999.000,9999.000,9999.000,9999.000,9999.000
202602251618,  -0.049,9999.000,9999.000,9999.000,9999.000,9999.000,9999.000,9999.000,9999.000
202602251624,  -0.058,9999.000,9999.000,9999.000,9999.000,9999.000,9999.000,9999.000,9999.000
202602251630,  -0.067,9999.000,9999.000,9999.000,9999.000,9999.000,9999.000,9999.000,9999.000
202602251636,  -0.074,9999.000,9999.000,9999.000,9999.000,9999.000,9999.000,9999.000,9999.000
202602251642,  -0.080,9999.000,9999.000,9999.000,9999.000,9999.000,9999.000,9999.000,9999.000
202602251648,  -0.084,9999.000,9999.000,9999.000,9999.000,9999.000,9999.000,9999.000,9999.000
202602251654,  -0.088,9999.000,9999.000,9999.000,9999.000,9999.000,9999.000,9999.000,9999.000
202602251700,  -0.090,9999.000,   0.500,   0.572,   0.982,   0.200,   0.682,   0.700,   1.182
202602251706,  -0.090,9999.000,9999.000,9999.000,9999.000,9999.000,9999.000,9999.000,9999.000
202602251712,  -0.089,9999.000,9999.000,9999.000,9999.000,9999.000,9999.000,9999.000,9999.000
202602251718,  -0.087,9999.000,9999.000,9999.000,9999.000,9999.000,9999.000,9999.000,9999.000
202602251724,  -0.083,9999.000,9999.000,9999.000,9999.000,9999.000,9999.000,9999.000,9999.000
202602251730,  -0.078,9999.000,9999.000,9999.000,9999.000,9999.000,9999.000,9999.000,9999.000
202602251736,  -0.071,9999.000,9999.000,9999.000,9999.000,9999.000,9999.000,9999.000,9999.000
202602251742,  -0.062,9999.000,9999.000,9999.000,9999.000,9999.000,9999.000,9999.000,9999.000
202602251748,  -0.053,9999.000,9999.000,9999.000,9999.000,9999.000,9999.000,9999.000,9999.000
202602251754,  -0.041,9999.000,9999.000,9999.000,9999.000,9999.000,9999.000,9999.000,9999.000
202602251800,  -0.029,9999.000,   0.400,   0.572,   0.943,   0.200,   0.743,   0.700,   1.243
