        TIME,    TIDE,      OB,   SURGE,    BIAS,     TWL,SURGE90p,  TWL90p,SURGE10p,   TWL10p
202604050000,   2.580,   2.748,   0.100,   0.068,   2.748,   0.000,   2.648,   0.100,   2.748
202604050006,   2.480,9999.000,9999.000,9999.000,9999.000,9999.000,9999.000,9999.000,9999.000
202604050012,   2.382,   2.538,9999.000,9999.000,9999.000,9999.000,9999.000,9999.000,9999.000
202604050018,   2.284,9999.000,9999.000,9999.000,9999.000,9999.000,9999.000,9999.000,9999.000
202604050024,   2.189,   2.328,9999.000,9999.000,9999.000,9999.000,9999.000,9999.000,9999.000
202604050030,   2.094,9999.000,9999.000,9999.000,9999.000,9999.000,9999.000,9999.000,9999.000
202604050036,   2.000,   2.128,9999.000,9999.000,9999.000,9999.000,9999.000,9999.000,9999.000
202604050042,   1.908,9999.000,9999.000,9999.000,9999.000,9999.000,9999.000,9999.000,9999.000
202604050048,   1.816,   1.928,9999.000,9999.000,9999.000,9999.000,9999.000,9999.000,9999.000
202604050054,   1.726,9999.000,9999.000,9999.000,9999.000,9999.000,9999.000,9999.000,9999.000
202604050100,   1.636,   1.728,   0.100,  -0.008,   1.728,   0.000,   1.628,   0.100,   1.728
202604050106,   1.547,   1.630,9999.000,9999.000,9999.000,9999.000,9999.000,9999.000,9999.000
202604050112,   1.460,   1.538,9999.000,9999.000,9999.000,9999.000,9999.000,9999.000,9999.000
202604050118,   1.373,   1.439,9999.000,9999.000,9999.000,9999.000,9999.000,9999.000,9999.000
202604050124,   1.288,   1.338,9999.000,9999.000,9999.000,9999.000,9999.000,9999.000,9999.000
202604050130,   1.204,   1.249,9999.000,9999.000,9999.000,9999.000,9999.000,9999.000,9999.000
202604050136,   1.123,   1.161,9999.000,9999.000,9999.000,9999.000,9999.000,9999.000,9999.000
202604050142,   1.044,   1.049,9999.000,9999.000,9999.000,9999.000,9999.000,9999.000,9999.000
202604050148,   0.969,   0.970,9999.000,9999.000,9999.000,9999.000,9999.000,9999.000,9999.000
202604050154,   0.897,   0.879,9999.000,9999.000,9999.000,9999.000,9999.000,9999.000,9999.000
202604050200,   0.830,   0.790,   0.100,  -0.140,   0.790,   0.000,   0.690,   0.100,   0.790
202604050206,   0.769,   0.708,9999.000,9999.000,9999.000,9999.000,9999.000,9999.000,9999.000
202604050212,   0.714,   0.629,9999.000,9999.000,9999.000,9999.000,9999.000,9999.000,9999.000
202604050218,   0.666,   0.541,9999.000,9999.000,9999.000,9999.000,9999.000,9999.000,9999.000
202604050224,   0.626,   0.478,9999.000,9999.000,9999.000,9999.000,9999.000,9999.000,9999.000
202604050230,   0.595,   0.419,9999.000,9999.000,9999.000,9999.000,9999.000,9999.000,9999.000
202604050236,   0.574,   0.360,9999.000,9999.000,9999.000,9999.000,9999.000,9999.000,9999.000
202604050242,   0.565,   0.350,9999.000,9999.000,9999.000,9999.000,9999.000,9999.000,9999.000
202604050248,   0.566,   0.331,9999.000,9999.000,9999.000,9999.000,9999.000,9999.000,9999.000
202604050254,   0.581,   0.331,9999.000,9999.000,9999.000,9999.000,9999.000,9999.000,9999.000
202604050300,   0.608,   0.390,   0.100,  -0.318,   0.390,   0.000,   0.290,   0.200,   0.490
202604050306,   0.648,   0.498,9999.000,9999.000,9999.000,9999.000,9999.000,9999.000,9999.000
202604050312,   0.702,   0.639,9999.000,9999.000,9999.000,9999.000,9999.000,9999.000,9999.000
202604050318,   0.770,   0.810,9999.000,9999.000,9999.000,9999.000,9999.000,9999.000,9999.000
202604050324,   0.851,   1.000,9999.000,9999.000,9999.000,9999.000,9999.000,9999.000,9999.000
202604050330,   0.946,   1.220,9999.000,9999.000,9999.000,9999.000,9999.000,9999.000,9999.000
202604050336,   1.053,   1.449,9999.000,9999.000,9999.000,9999.000,9999.000,9999.000,9999.000
202604050342,   1.173,   1.689,9999.000,9999.000,9999.000,9999.000,9999.000,9999.000,9999.000
202604050348,   1.305,   1.918,9999.000,9999.000,9999.000,9999.000,9999.000,9999.000,9999.000
202604050354,   1.447,   2.128,9999.000,9999.000,9999.000,9999.000,9999.000,9999.000,9999.000
202604050400,   1.599,   2.348,   0.200,   0.549,   2.348,   0.100,   2.248,   0.200,   2.348
202604050406,   1.759,   2.528,9999.000,9999.000,9999.000,9999.000,9999.000,9999.000,9999.000
202604050412,   1.926,   2.738,9999.000,9999.000,9999.000,9999.000,9999.000,9999.000,9999.000
202604050418,   2.099,   2.919,9999.000,9999.000,9999.000,9999.000,9999.000,9999.000,9999.000
202604050424,   2.276,   3.079,9999.000,9999.000,9999.000,9999.000,9999.000,9999.000,9999.000
202604050430,   2.457,   3.250,9999.000,9999.000,9999.000,9999.000,9999.000,9999.000,9999.000
202604050436,   2.639,   3.407,9999.000,9999.000,9999.000,9999.000,9999.000,9999.000,9999.000
202604050442,   2.822,   3.558,9999.000,9999.000,9999.000,9999.000,9999.000,9999.000,9999.000
202604050448,   3.004,   3.709,9999.000,9999.000,9999.000,9999.000,9999.000,9999.000,9999.000
202604050454,   3.184,   3.847,9999.000,9999.000,9999.000,9999.000,9999.000,9999.000,9999.000
202604050500,   3.361,   3.988,   0.200,   0.427,   3.988,   0.100,   3.888,   0.200,   3.988
202604050506,   3.535,   4.139,9999.000,9999.000,9999.000,9999.000,9999.000,9999.000,9999.000
202604050512,   3.704,   4.280,9999.000,9999.000,9999.000,9999.000,9999.000,9999.000,9999.000
202604050518,   3.869,   4.408,9999.000,9999.000,9999.000,9999.000,9999.000,9999.000,9999.000
202604050524,   4.028,   4.559,9999.000,9999.000,9999.000,9999.000,9999.000,9999.000,9999.000
202604050530,   4.182,   4.690,9999.000,9999.000,9999.000,9999.000,9999.000,9999.000,9999.000
202604050536,   4.331,   4.828,9999.000,9999.000,9999.000,9999.000,9999.000,9999.000,9999.000
202604050542,   4.473,   4.979,9999.000,9999.000,9999.000,9999.000,9999.000,9999.000,9999.000
202604050548,   4.611,   5.120,9999.000,9999.000,9999.000,9999.000,9999.000,9999.000,9999.000
202604050554,   4.743,   5.247,9999.000,9999.000,9999.000,9999.000,9999.000,9999.000,9999.000
202604050600,   4.871,   5.379,   0.200,   0.308,   5.379,   0.100,   5.279,   0.300,   5.479
202604050606,   4.994,   5.497,9999.000,9999.000,9999.000,9999.000,9999.000,9999.000,9999.000
202604050612,   5.112,   5.598,9999.000,9999.000,9999.000,9999.000,9999.000,9999.000,9999.000
202604050618,   5.227,   5.707,9999.000,9999.000,9999.000,9999.000,9999.000,9999.000,9999.000
202604050624,   5.339,   5.828,9999.000,9999.000,9999.000,9999.000,9999.000,9999.000,9999.000
202604050630,   5.447,   5.926,9999.000,9999.000,9999.000,9999.000,9999.000,9999.000,9999.000
202604050636,   5.552,   6.008,9999.000,9999.000,9999.000,9999.000,9999.000,9999.000,9999.000
202604050642,   5.655,   6.087,9999.000,9999.000,9999.000,9999.000,9999.000,9999.000,9999.000
202604050648,   5.755,   6.179,9999.000,9999.000,9999.000,9999.000,9999.000,9999.000,9999.000
202604050654,   5.851,   6.277,9999.000,9999.000,9999.000,9999.000,9999.000,9999.000,9999.000
202604050700,   5.945,   6.369,   0.300,   0.124,   6.369,   0.200,   6.269,   0.300,   6.369
202604050706,   6.036,   6.458,9999.000,9999.000,9999.000,9999.000,9999.000,9999.000,9999.000
202604050712,   6.123,   6.537,9999.000,9999.000,9999.000,9999.000,9999.000,9999.000,9999.000
202604050718,   6.206,   6.628,9999.000,9999.000,9999.000,9999.000,9999.000,9999.000,9999.000
202604050724,   6.285,   6.746,9999.000,9999.000,9999.000,9999.000,9999.000,9999.000,9999.000
202604050730,   6.359,   6.848,9999.000,9999.000,9999.000,9999.000,9999.000,9999.000,9999.000
202604050736,   6.427,   6.937,9999.000,9999.000,9999.000,9999.000,9999.000,9999.000,9999.000
202604050742,   6.489,   6.989,9999.000,9999.000,9999.000,9999.000,9999.000,9999.000,9999.000
202604050748,   6.544,   7.078,9999.000,9999.000,9999.000,9999.000,9999.000,9999.000,9999.000
202604050754,   6.592,   7.137,9999.000,9999.000,9999.000,9999.000,9999.000,9999.000,9999.000
202604050800,   6.632,   7.189,   0.300,   0.257,   7.189,   0.200,   7.089,   0.400,   7.289
202604050806,   6.664,   7.219,9999.000,9999.000,9999.000,9999.000,9999.000,9999.000,9999.000
202604050812,   6.687,   7.238,9999.000,9999.000,9999.000,9999.000,9999.000,9999.000,9999.000
202604050818,   6.700,   7.268,9999.000,9999.000,9999.000,9999.000,9999.000,9999.000,9999.000
202604050824,   6.704,   7.297,9999.000,9999.000,9999.000,9999.000,9999.000,9999.000,9999.000
202604050830,   6.699,   7.288,9999.000,9999.000,9999.000,9999.000,9999.000,9999.000,9999.000
202604050836,   6.684,   7.248,9999.000,9999.000,9999.000,9999.000,9999.000,9999.000,9999.000
202604050842,   6.660,   7.248,9999.000,9999.000,9999.000,9999.000,9999.000,9999.000,9999.000
202604050848,   6.626,   7.229,9999.000,9999.000,9999.000,9999.000,9999.000,9999.000,9999.000
202604050854,   6.584,   7.176,9999.000,9999.000,9999.000,9999.000,9999.000,9999.000,9999.000
202604050900,   6.532,   7.137,   0.400,   0.205,   7.137,   0.300,   7.037,   0.400,   7.137
202604050906,   6.473,   7.019,9999.000,9999.000,9999.000,9999.000,9999.000,9999.000,9999.000
202604050912,   6.406,   6.979,9999.000,9999.000,9999.000,9999.000,9999.000,9999.000,9999.000
202604050918,   6.331,   6.917,9999.000,9999.000,9999.000,9999.000,9999.000,9999.000,9999.000
202604050924,   6.250,   6.809,9999.000,9999.000,9999.000,9999.000,9999.000,9999.000,9999.000
202604050930,   6.164,   6.687,9999.000,9999.000,9999.000,9999.000,9999.000,9999.000,9999.000
202604050936,   6.071,   6.599,9999.000,9999.000,9999.000,9999.000,9999.000,9999.000,9999.000
202604050942,   5.975,   6.497,9999.000,9999.000,9999.000,9999.000,9999.000,9999.000,9999.000
202604050948,   5.874,   6.399,9999.000,9999.000,9999.000,9999.000,9999.000,9999.000,9999.000
202604050954,   5.769,   6.277,9999.000,9999.000,9999.000,9999.000,9999.000,9999.000,9999.000
202604051000,   5.662,   6.159,   0.400,   0.097,   6.159,   0.300,   6.059,   0.400,   6.159
202604051006,   5.552,   6.058,9999.000,9999.000,9999.000,9999.000,9999.000,9999.000,9999.000
202604051012,   5.440,   5.949,9999.000,9999.000,9999.000,9999.000,9999.000,9999.000,9999.000
202604051018,   5.327,   5.828,9999.000,9999.000,9999.000,9999.000,9999.000,9999.000,9999.000
202604051024,   5.212,   5.707,9999.000,9999.000,9999.000,9999.000,9999.000,9999.000,9999.000
202604051030,   5.097,   5.598,9999.000,9999.000,9999.000,9999.000,9999.000,9999.000,9999.000
202604051036,   4.980,   5.477,9999.000,9999.000,9999.000,9999.000,9999.000,9999.000,9999.000
202604051042,   4.863,   5.369,9999.000,9999.000,9999.000,9999.000,9999.000,9999.000,9999.000
202604051048,   4.746,   5.267,9999.000,9999.000,9999.000,9999.000,9999.000,9999.000,9999.000
202604051054,   4.629,   5.159,9999.000,9999.000,9999.000,9999.000,9999.000,9999.000,9999.000
202604051100,   4.511,   5.038,   0.400,   0.127,   5.038,   0.400,   5.038,   0.500,   5.138
202604051106,   4.394,   4.939,9999.000,9999.000,9999.000,9999.000,9999.000,9999.000,9999.000
202604051112,   4.277,   4.828,9999.000,9999.000,9999.000,9999.000,9999.000,9999.000,9999.000
202604051118,   4.159,   4.710,9999.000,9999.000,9999.000,9999.000,9999.000,9999.000,9999.000
202604051124,   4.043,   4.598,9999.000,9999.000,9999.000,9999.000,9999.000,9999.000,9999.000
202604051130,   3.926,   4.490,9999.000,9999.000,9999.000,9999.000,9999.000,9999.000,9999.000
202604051136,   3.811,   4.378,9999.000,9999.000,9999.000,9999.000,9999.000,9999.000,9999.000
202604051142,   3.695,   4.280,9999.000,9999.000,9999.000,9999.000,9999.000,9999.000,9999.000
202604051148,   3.581,   4.178,9999.000,9999.000,9999.000,9999.000,9999.000,9999.000,9999.000
202604051154,   3.467,   4.070,9999.000,9999.000,9999.000,9999.000,9999.000,9999.000,9999.000
202604051200,   3.354,   3.968,   0.500,   0.114,   3.968,   0.500,   3.968,   0.600,   4.068
202604051206,   3.242,   3.870,9999.000,9999.000,9999.000,9999.000,9999.000,9999.000,9999.000
202604051212,   3.130,   3.758,9999.000,9999.000,9999.000,9999.000,9999.000,9999.000,9999.000
202604051218,   3.020,   3.650,9999.000,9999.000,9999.000,9999.000,9999.000,9999.000,9999.000
202604051224,   2.911,   3.548,9999.000,9999.000,9999.000,9999.000,9999.000,9999.000,9999.000
202604051230,   2.802,   3.440,9999.000,9999.000,9999.000,9999.000,9999.000,9999.000,9999.000
202604051236,   2.695,   3.348,9999.000,9999.000,9999.000,9999.000,9999.000,9999.000,9999.000
202604051242,   2.588,   3.240,9999.000,9999.000,9999.000,9999.000,9999.000,9999.000,9999.000
202604051248,   2.482,   3.138,9999.000,9999.000,9999.000,9999.000,9999.000,9999.000,9999.000
202604051254,   2.377,   3.017,9999.000,9999.000,9999.000,9999.000,9999.000,9999.000,9999.000
202604051300,   2.272,   2.948,   0.500,   0.176,   2.948,   0.500,   2.948,   0.600,   3.048
202604051306,   2.168,   2.820,9999.000,9999.000,9999.000,9999.000,9999.000,9999.000,9999.000
202604051312,   2.064,   2.669,9999.000,9999.000,9999.000,9999.000,9999.000,9999.000,9999.000
202604051318,   1.961,   2.610,9999.000,9999.000,9999.000,9999.000,9999.000,9999.000,9999.000
202604051324,   1.858,   2.499,9999.000,9999.000,9999.000,9999.000,9999.000,9999.000,9999.000
202604051330,   1.755,   2.410,9999.000,9999.000,9999.000,9999.000,9999.000,9999.000,9999.000
202604051336,   1.652,   2.338,9999.000,9999.000,9999.000,9999.000,9999.000,9999.000,9999.000
202604051342,   1.550,   2.230,9999.000,9999.000,9999.000,9999.000,9999.000,9999.000,9999.000
202604051348,   1.449,   2.138,9999.000,9999.000,9999.000,9999.000,9999.000,9999.000,9999.000
202604051354,   1.348,   2.049,9999.000,9999.000,9999.000,9999.000,9999.000,9999.000,9999.000
202604051400,   1.249,   1.958,   0.600,   0.109,   1.958,   0.600,   1.958,   0.600,   1.958
202604051406,   1.152,   1.869,9999.000,9999.000,9999.000,9999.000,9999.000,9999.000,9999.000
202604051412,   1.057,   1.790,9999.000,9999.000,9999.000,9999.000,9999.000,9999.000,9999.000
202604051418,   0.966,   1.718,9999.000,9999.000,9999.000,9999.000,9999.000,9999.000,9999.000
202604051424,   0.878,   1.639,9999.000,9999.000,9999.000,9999.000,9999.000,9999.000,9999.000
202604051430,   0.794,   1.580,9999.000,9999.000,9999.000,9999.000,9999.000,9999.000,9999.000
202604051436,   0.717,   1.508,9999.000,9999.000,9999.000,9999.000,9999.000,9999.000,9999.000
202604051442,   0.645,   1.439,9999.000,9999.000,9999.000,9999.000,9999.000,9999.000,9999.000
202604051448,   0.582,   1.380,9999.000,9999.000,9999.000,9999.000,9999.000,9999.000,9999.000
202604051454,   0.526,   1.318,9999.000,9999.000,9999.000,9999.000,9999.000,9999.000,9999.000
202604051500,   0.480,   1.269,   0.600,   0.189,   1.269,   0.600,   1.269,   0.700,   1.369
202604051506,   0.444,   1.229,9999.000,9999.000,9999.000,9999.000,9999.000,9999.000,9999.000
202604051512,   0.419,   1.200,9999.000,9999.000,9999.000,9999.000,9999.000,9999.000,9999.000
202604051518,   0.406,   1.200,9999.000,9999.000,9999.000,9999.000,9999.000,9999.000,9999.000
202604051524,   0.405,   1.229,9999.000,9999.000,9999.000,9999.000,9999.000,9999.000,9999.000
202604051530,   0.418,   1.279,9999.000,9999.000,9999.000,9999.000,9999.000,9999.000,9999.000
202604051536,   0.443,   1.371,9999.000,9999.000,9999.000,9999.000,9999.000,9999.000,9999.000
202604051542,   0.482,   1.469,9999.000,9999.000,9999.000,9999.000,9999.000,9999.000,9999.000
202604051548,   0.535,   1.649,9999.000,9999.000,9999.000,9999.000,9999.000,9999.000,9999.000
202604051554,   0.600,   1.859,9999.000,9999.000,9999.000,9999.000,9999.000,9999.000,9999.000
202604051600,   0.679,   2.089,   0.700,   0.710,   2.089,   0.700,   2.089,   0.700,   2.089
202604051606,   0.770,   2.240,9999.000,9999.000,9999.000,9999.000,9999.000,9999.000,9999.000
202604051612,   0.873,   2.387,9999.000,9999.000,9999.000,9999.000,9999.000,9999.000,9999.000
202604051618,   0.987,   2.558,9999.000,9999.000,9999.000,9999.000,9999.000,9999.000,9999.000
202604051624,   1.110,   2.758,9999.000,9999.000,9999.000,9999.000,9999.000,9999.000,9999.000
202604051630,   1.243,   2.919,9999.000,9999.000,9999.000,9999.000,9999.000,9999.000,9999.000
202604051636,   1.383,   3.089,9999.000,9999.000,9999.000,9999.000,9999.000,9999.000,9999.000
202604051642,   1.529,   3.260,9999.000,9999.000,9999.000,9999.000,9999.000,9999.000,9999.000
202604051648,   1.681,   3.417,9999.000,9999.000,9999.000,9999.000,9999.000,9999.000,9999.000
202604051654,   1.836,   3.578,9999.000,9999.000,9999.000,9999.000,9999.000,9999.000,9999.000
202604051700,   1.994,   3.739,   0.800,   0.945,   3.739,   0.700,   3.639,   0.800,   3.739
202604051706,   2.153,   3.880,9999.000,9999.000,9999.000,9999.000,9999.000,9999.000,9999.000
202604051712,   2.312,   4.008,9999.000,9999.000,9999.000,9999.000,9999.000,9999.000,9999.000
202604051718,   2.471,   4.129,9999.000,9999.000,9999.000,9999.000,9999.000,9999.000,9999.000
202604051724,   2.627,   4.247,9999.000,9999.000,9999.000,9999.000,9999.000,9999.000,9999.000
202604051730,   2.781,   4.378,9999.000,9999.000,9999.000,9999.000,9999.000,9999.000,9999.000
202604051736,   2.931,   4.509,9999.000,9999.000,9999.000,9999.000,9999.000,9999.000,9999.000
202604051742,   3.078,   4.637,9999.000,9999.000,9999.000,9999.000,9999.000,9999.000,9999.000
202604051748,   3.220,   4.759,9999.000,9999.000,9999.000,9999.000,9999.000,9999.000,9999.000
202604051754,   3.358,   4.877,9999.000,9999.000,9999.000,9999.000,9999.000,9999.000,9999.000
202604051800,   3.491,   5.008,   0.700,   0.817,   5.008,   0.700,   5.008,   0.800,   5.108
202604051806,   3.620,   5.129,9999.000,9999.000,9999.000,9999.000,9999.000,9999.000,9999.000
202604051812,   3.744,   5.247,9999.000,9999.000,9999.000,9999.000,9999.000,9999.000,9999.000
202604051818,   3.864,   5.359,9999.000,9999.000,9999.000,9999.000,9999.000,9999.000,9999.000
202604051824,   3.980,   5.477,9999.000,9999.000,9999.000,9999.000,9999.000,9999.000,9999.000
202604051830,   4.093,   5.589,9999.000,9999.000,9999.000,9999.000,9999.000,9999.000,9999.000
202604051836,   4.203,   5.677,9999.000,9999.000,9999.000,9999.000,9999.000,9999.000,9999.000
202604051842,   4.310,   5.779,9999.000,9999.000,9999.000,9999.000,9999.000,9999.000,9999.000
202604051848,   4.414,   5.867,9999.000,9999.000,9999.000,9999.000,9999.000,9999.000,9999.000
202604051854,   4.516,   5.949,9999.000,9999.000,9999.000,9999.000,9999.000,9999.000,9999.000
202604051900,   4.617,   6.028,   0.700,   0.711,   6.028,   0.700,   6.028,   0.800,   6.128
202604051906,   4.715,   6.097,9999.000,9999.000,9999.000,9999.000,9999.000,9999.000,9999.000
202604051912,   4.812,   6.169,9999.000,9999.000,9999.000,9999.000,9999.000,9999.000,9999.000
202604051918,   4.907,   6.238,9999.000,9999.000,9999.000,9999.000,9999.000,9999.000,9999.000
202604051924,   5.000,   6.307,9999.000,9999.000,9999.000,9999.000,9999.000,9999.000,9999.000
202604051930,   5.091,   6.379,9999.000,9999.000,9999.000,9999.000,9999.000,9999.000,9999.000
202604051936,   5.180,   6.438,9999.000,9999.000,9999.000,9999.000,9999.000,9999.000,9999.000
202604051942,   5.265,   6.507,9999.000,9999.000,9999.000,9999.000,9999.000,9999.000,9999.000
202604051948,   5.347,   6.579,9999.000,9999.000,9999.000,9999.000,9999.000,9999.000,9999.000
202604051954,   5.425,   6.658,9999.000,9999.000,9999.000,9999.000,9999.000,9999.000,9999.000
202604052000,   5.498,   6.717,   0.700,   0.519,   6.717,   0.600,   6.617,   0.700,   6.717
202604052006,   5.565,   6.766,9999.000,9999.000,9999.000,9999.000,9999.000,9999.000,9999.000
202604052012,   5.627,   6.799,9999.000,9999.000,9999.000,9999.000,9999.000,9999.000,9999.000
202604052018,   5.682,   6.838,9999.000,9999.000,9999.000,9999.000,9999.000,9999.000,9999.000
202604052024,   5.730,   6.838,9999.000,9999.000,9999.000,9999.000,9999.000,9999.000,9999.000
202604052030,   5.769,   6.828,9999.000,9999.000,9999.000,9999.000,9999.000,9999.000,9999.000
202604052036,   5.801,   6.809,9999.000,9999.000,9999.000,9999.000,9999.000,9999.000,9999.000
202604052042,   5.823,   6.799,9999.000,9999.000,9999.000,9999.000,9999.000,9999.000,9999.000
202604052048,   5.836,   6.756,9999.000,9999.000,9999.000,9999.000,9999.000,9999.000,9999.000
202604052054,   5.840,   6.717,9999.000,9999.000,9999.000,9999.000,9999.000,9999.000,9999.000
202604052100,   5.835,   6.648,   0.600,   0.213,   6.648,   0.600,   6.648,   0.700,   6.748
202604052106,   5.820,   6.579,9999.000,9999.000,9999.000,9999.000,9999.000,9999.000,9999.000
202604052112,   5.795,   6.507,9999.000,9999.000,9999.000,9999.000,9999.000,9999.000,9999.000
202604052118,   5.762,   6.418,9999.000,9999.000,9999.000,9999.000,9999.000,9999.000,9999.000
202604052124,   5.719,   6.327,9999.000,9999.000,9999.000,9999.000,9999.000,9999.000,9999.000
202604052130,   5.668,   6.228,9999.000,9999.000,9999.000,9999.000,9999.000,9999.000,9999.000
202604052136,   5.609,   6.127,9999.000,9999.000,9999.000,9999.000,9999.000,9999.000,9999.000
202604052142,   5.543,   6.028,9999.000,9999.000,9999.000,9999.000,9999.000,9999.000,9999.000
202604052148,   5.469,   5.917,9999.000,9999.000,9999.000,9999.000,9999.000,9999.000,9999.000
202604052154,   5.389,   5.799,9999.000,9999.000,9999.000,9999.000,9999.000,9999.000,9999.000
202604052200,   5.304,   5.687,   0.600,  -0.217,   5.687,   0.500,   5.587,   0.600,   5.687
202604052206,   5.213,   5.589,9999.000,9999.000,9999.000,9999.000,9999.000,9999.000,9999.000
202604052212,   5.117,   5.487,9999.000,9999.000,9999.000,9999.000,9999.000,9999.000,9999.000
202604052218,   5.018,   5.349,9999.000,9999.000,9999.000,9999.000,9999.000,9999.000,9999.000
202604052224,   4.915,   5.247,9999.000,9999.000,9999.000,9999.000,9999.000,9999.000,9999.000
202604052230,   4.809,   5.129,9999.000,9999.000,9999.000,9999.000,9999.000,9999.000,9999.000
202604052236,   4.701,   5.028,9999.000,9999.000,9999.000,9999.000,9999.000,9999.000,9999.000
202604052242,   4.590,   4.939,9999.000,9999.000,9999.000,9999.000,9999.000,9999.000,9999.000
202604052248,   4.479,   4.828,9999.000,9999.000,9999.000,9999.000,9999.000,9999.000,9999.000
202604052254,   4.365,   4.749,9999.000,9999.000,9999.000,9999.000,9999.000,9999.000,9999.000
202604052300,   4.251,   4.667,   0.500,  -0.084,   4.667,   0.400,   4.567,   0.600,   4.767
202604052306,   4.136,   4.559,9999.000,9999.000,9999.000,9999.000,9999.000,9999.000,9999.000
202604052312,   4.021,   4.447,9999.000,9999.000,9999.000,9999.000,9999.000,9999.000,9999.000
202604052318,   3.905,   4.349,9999.000,9999.000,9999.000,9999.000,9999.000,9999.000,9999.000
202604052324,   3.790,   4.237,9999.000,9999.000,9999.000,9999.000,9999.000,9999.000,9999.000
202604052330,   3.674,   4.149,9999.000,9999.000,9999.000,9999.000,9999.000,9999.000,9999.000
202604052336,   3.559,   4.047,9999.000,9999.000,9999.000,9999.000,9999.000,9999.000,9999.000
202604052342,   3.445,   3.939,9999.000,9999.000,9999.000,9999.000,9999.000,9999.000,9999.000
202604052348,   3.331,   3.847,9999.000,9999.000,9999.000,9999.000,9999.000,9999.000,9999.000
202604052354,   3.218,   3.729,9999.000,9999.000,9999.000,9999.000,9999.000,9999.000,9999.000
202604060000,   3.106,   3.627,   0.500,   0.021,   3.627,   0.400,   3.527,   0.500,   3.627
202604060006,   2.995,   3.519,9999.000,9999.000,9999.000,9999.000,9999.000,9999.000,9999.000
202604060012,   2.885,   3.417,9999.000,9999.000,9999.000,9999.000,9999.000,9999.000,9999.000
202604060018,   2.777,   3.319,9999.000,9999.000,9999.000,9999.000,9999.000,9999.000,9999.000
202604060024,   2.671,   3.217,9999.000,9999.000,9999.000,9999.000,9999.000,9999.000,9999.000
202604060030,   2.567,   3.109,9999.000,9999.000,9999.000,9999.000,9999.000,9999.000,9999.000
202604060036,   2.465,   3.017,9999.000,9999.000,9999.000,9999.000,9999.000,9999.000,9999.000
202604060042,   2.365,   2.909,9999.000,9999.000,9999.000,9999.000,9999.000,9999.000,9999.000
202604060048,   2.267,   2.797,9999.000,9999.000,9999.000,9999.000,9999.000,9999.000,9999.000
202604060054,   2.171,   2.699,9999.000,9999.000,9999.000,9999.000,9999.000,9999.000,9999.000
202604060100,   2.078,   2.587,   0.400,   0.109,   2.587,   0.400,   2.587,   0.500,   2.687
202604060106,   1.987,   2.489,9999.000,9999.000,9999.000,9999.000,9999.000,9999.000,9999.000
202604060112,   1.898,   2.400,9999.000,9999.000,9999.000,9999.000,9999.000,9999.000,9999.000
202604060118,   1.812,   2.289,9999.000,9999.000,9999.000,9999.000,9999.000,9999.000,9999.000
202604060124,   1.727,   2.191,9999.000,9999.000,9999.000,9999.000,9999.000,9999.000,9999.000
202604060130,   1.645,   2.089,9999.000,9999.000,9999.000,9999.000,9999.000,9999.000,9999.000
202604060136,   1.565,   1.990,9999.000,9999.000,9999.000,9999.000,9999.000,9999.000,9999.000
202604060142,   1.487,   1.899,9999.000,9999.000,9999.000,9999.000,9999.000,9999.000,9999.000
202604060148,   1.411,   1.800,9999.000,9999.000,9999.000,9999.000,9999.000,9999.000,9999.000
202604060154,   1.338,   1.708,9999.000,9999.000,9999.000,9999.000,9999.000,9999.000,9999.000
202604060200,   1.266,   1.610,   0.400,  -0.056,   1.610,   0.300,   1.510,   0.400,   1.610
202604060206,   1.196,   1.528,9999.000,9999.000,9999.000,9999.000,9999.000,9999.000,9999.000
202604060212,   1.128,   1.439,9999.000,9999.000,9999.000,9999.000,9999.000,9999.000,9999.000
202604060218,   1.063,   1.348,9999.000,9999.000,9999.000,9999.000,9999.000,9999.000,9999.000
202604060224,   1.001,   1.269,9999.000,9999.000,9999.000,9999.000,9999.000,9999.000,9999.000
202604060230,   0.942,   1.180,9999.000,9999.000,9999.000,9999.000,9999.000,9999.000,9999.000
202604060236,   0.887,   1.108,9999.000,9999.000,9999.000,9999.000,9999.000,9999.000,9999.000
202604060242,   0.836,   1.039,9999.000,9999.000,9999.000,9999.000,9999.000,9999.000,9999.000
202604060248,   0.790,   0.961,9999.000,9999.000,9999.000,9999.000,9999.000,9999.000,9999.000
202604060254,   0.749,   0.879,9999.000,9999.000,9999.000,9999.000,9999.000,9999.000,9999.000
202604060300,   0.715,   0.810,   0.300,  -0.205,   0.810,   0.300,   0.810,   0.400,   0.910
202604060306,   0.689,   0.741,9999.000,9999.000,9999.000,9999.000,9999.000,9999.000,9999.000
202604060312,   0.670,   0.688,9999.000,9999.000,9999.000,9999.000,9999.000,9999.000,9999.000
202604060318,   0.660,   0.629,9999.000,9999.000,9999.000,9999.000,9999.000,9999.000,9999.000
202604060324,   0.659,   0.590,9999.000,9999.000,9999.000,9999.000,9999.000,9999.000,9999.000
202604060330,   0.670,   0.541,9999.000,9999.000,9999.000,9999.000,9999.000,9999.000,9999.000
202604060336,   0.691,   0.518,9999.000,9999.000,9999.000,9999.000,9999.000,9999.000,9999.000
202604060342,   0.724,   0.518,9999.000,9999.000,9999.000,9999.000,9999.000,9999.000,9999.000
202604060348,   0.769,   0.551,9999.000,9999.000,9999.000,9999.000,9999.000,9999.000,9999.000
202604060354,   0.828,   0.629,9999.000,9999.000,9999.000,9999.000,9999.000,9999.000,9999.000
202604060400,   0.899,   0.751,   0.300,  -0.448,   0.751,   0.200,   0.651,   0.400,   0.851
202604060406,   0.982,   0.918,9999.000,9999.000,9999.000,9999.000,9999.000,9999.000,9999.000
202604060412,   1.079,   1.118,9999.000,9999.000,9999.000,9999.000,9999.000,9999.000,9999.000
202604060418,   1.189,   1.338,9999.000,9999.000,9999.000,9999.000,9999.000,9999.000,9999.000
202604060424,   1.310,   1.557,9999.000,9999.000,9999.000,9999.000,9999.000,9999.000,9999.000
202604060430,   1.443,   1.781,9999.000,9999.000,9999.000,9999.000,9999.000,9999.000,9999.000
202604060436,   1.587,   2.000,9999.000,9999.000,9999.000,9999.000,9999.000,9999.000,9999.000
202604060442,   1.741,   2.210,9999.000,9999.000,9999.000,9999.000,9999.000,9999.000,9999.000
202604060448,   1.903,   2.430,9999.000,9999.000,9999.000,9999.000,9999.000,9999.000,9999.000
202604060454,   2.073,   2.630,9999.000,9999.000,9999.000,9999.000,9999.000,9999.000,9999.000
202604060500,   2.249,   2.840,   0.300,   0.291,   2.840,   0.200,   2.740,   0.300,   2.840
202604060506,   2.429,   3.017,9999.000,9999.000,9999.000,9999.000,9999.000,9999.000,9999.000
202604060512,   2.614,   3.197,9999.000,9999.000,9999.000,9999.000,9999.000,9999.000,9999.000
202604060518,   2.800,   3.368,9999.000,9999.000,9999.000,9999.000,9999.000,9999.000,9999.000
202604060524,   2.987,   3.509,9999.000,9999.000,9999.000,9999.000,9999.000,9999.000,9999.000
202604060530,   3.174,   3.660,9999.000,9999.000,9999.000,9999.000,9999.000,9999.000,9999.000
202604060536,   3.358,   3.798,9999.000,9999.000,9999.000,9999.000,9999.000,9999.000,9999.000
202604060542,   3.540,   3.929,9999.000,9999.000,9999.000,9999.000,9999.000,9999.000,9999.000
202604060548,   3.718,   4.057,9999.000,9999.000,9999.000,9999.000,9999.000,9999.000,9999.000
202604060554,   3.891,   4.208,9999.000,9999.000,9999.000,9999.000,9999.000,9999.000,9999.000
202604060600,   4.058,   4.329,   0.300,  -0.029,   4.329,   0.200,   4.229,   0.300,   4.329
202604060606,   4.219,   4.437,9999.000,9999.000,9999.000,9999.000,9999.000,9999.000,9999.000
202604060612,   4.374,   4.559,9999.000,9999.000,9999.000,9999.000,9999.000,9999.000,9999.000
202604060618,   4.522,   4.690,9999.000,9999.000,9999.000,9999.000,9999.000,9999.000,9999.000
202604060624,   4.663,   4.818,9999.000,9999.000,9999.000,9999.000,9999.000,9999.000,9999.000
202604060630,   4.797,   4.939,9999.000,9999.000,9999.000,9999.000,9999.000,9999.000,9999.000
202604060636,   4.925,   5.047,9999.000,9999.000,9999.000,9999.000,9999.000,9999.000,9999.000
202604060642,   5.046,   5.159,9999.000,9999.000,9999.000,9999.000,9999.000,9999.000,9999.000
202604060648,   5.161,   5.247,9999.000,9999.000,9999.000,9999.000,9999.000,9999.000,9999.000
202604060654,   5.270,   5.379,9999.000,9999.000,9999.000,9999.000,9999.000,9999.000,9999.000
202604060700,   5.375,   5.477,   0.300,  -0.198,   5.477,   0.200,   5.377,   0.300,   5.477
202604060706,   5.474,   5.589,9999.000,9999.000,9999.000,9999.000,9999.000,9999.000,9999.000
202604060712,   5.569,   5.677,9999.000,9999.000,9999.000,9999.000,9999.000,9999.000,9999.000
202604060718,   5.661,   5.749,9999.000,9999.000,9999.000,9999.000,9999.000,9999.000,9999.000
202604060724,   5.748,   5.838,9999.000,9999.000,9999.000,9999.000,9999.000,9999.000,9999.000
202604060730,   5.833,   5.926,9999.000,9999.000,9999.000,9999.000,9999.000,9999.000,9999.000
202604060736,   5.914,   5.999,9999.000,9999.000,9999.000,9999.000,9999.000,9999.000,9999.000
202604060742,   5.992,   6.077,9999.000,9999.000,9999.000,9999.000,9999.000,9999.000,9999.000
202604060748,   6.067,   6.136,9999.000,9999.000,9999.000,9999.000,9999.000,9999.000,9999.000
202604060754,   6.139,   6.218,9999.000,9999.000,9999.000,9999.000,9999.000,9999.000,9999.000
202604060800,   6.208,   6.297,   0.300,  -0.211,   6.297,   0.200,   6.197,   0.300,   6.297
202604060806,   6.272,   6.379,9999.000,9999.000,9999.000,9999.000,9999.000,9999.000,9999.000
202604060812,   6.333,   6.458,9999.000,9999.000,9999.000,9999.000,9999.000,9999.000,9999.000
202604060818,   6.389,   6.507,9999.000,9999.000,9999.000,9999.000,9999.000,9999.000,9999.000
202604060824,   6.440,   6.569,9999.000,9999.000,9999.000,9999.000,9999.000,9999.000,9999.000
202604060830,   6.485,   6.619,9999.000,9999.000,9999.000,9999.000,9999.000,9999.000,9999.000
202604060836,   6.525,   6.668,9999.000,9999.000,9999.000,9999.000,9999.000,9999.000,9999.000
202604060842,   6.557,   6.687,9999.000,9999.000,9999.000,9999.000,9999.000,9999.000,9999.000
202604060848,   6.582,   6.687,9999.000,9999.000,9999.000,9999.000,9999.000,9999.000,9999.000
202604060854,   6.600,   6.678,9999.000,9999.000,9999.000,9999.000,9999.000,9999.000,9999.000
202604060900,   6.609,   6.658,   0.200,  -0.151,   6.658,   0.200,   6.658,   0.300,   6.758
202604060906,   6.610,   6.619,9999.000,9999.000,9999.000,9999.000,9999.000,9999.000,9999.000
202604060912,   6.602,   6.579,9999.000,9999.000,9999.000,9999.000,9999.000,9999.000,9999.000
202604060918,   6.586,   6.527,9999.000,9999.000,9999.000,9999.000,9999.000,9999.000,9999.000
202604060924,   6.560,   6.448,9999.000,9999.000,9999.000,9999.000,9999.000,9999.000,9999.000
202604060930,   6.525,   6.389,9999.000,9999.000,9999.000,9999.000,9999.000,9999.000,9999.000
202604060936,   6.482,   6.277,9999.000,9999.000,9999.000,9999.000,9999.000,9999.000,9999.000
202604060942,   6.430,   6.179,9999.000,9999.000,9999.000,9999.000,9999.000,9999.000,9999.000
202604060948,   6.369,   6.087,9999.000,9999.000,9999.000,9999.000,9999.000,9999.000,9999.000
202604060954,   6.301,   5.979,9999.000,9999.000,9999.000,9999.000,9999.000,9999.000,9999.000
202604061000,   6.226,   5.867,   0.200,  -0.559,   5.867,   0.100,   5.767,   0.300,   5.967
202604061006,   6.144,   5.759,9999.000,9999.000,9999.000,9999.000,9999.000,9999.000,9999.000
202604061012,   6.055,   5.648,9999.000,9999.000,9999.000,9999.000,9999.000,9999.000,9999.000
202604061018,   5.961,   5.530,9999.000,9999.000,9999.000,9999.000,9999.000,9999.000,9999.000
202604061024,   5.862,   5.408,9999.000,9999.000,9999.000,9999.000,9999.000,9999.000,9999.000
202604061030,   5.758,   5.297,9999.000,9999.000,9999.000,9999.000,9999.000,9999.000,9999.000
202604061036,   5.651,   5.188,9999.000,9999.000,9999.000,9999.000,9999.000,9999.000,9999.000
202604061042,   5.540,   5.087,9999.000,9999.000,9999.000,9999.000,9999.000,9999.000,9999.000
202604061048,   5.426,   4.969,9999.000,9999.000,9999.000,9999.000,9999.000,9999.000,9999.000
202604061054,   5.311,   4.867,9999.000,9999.000,9999.000,9999.000,9999.000,9999.000,9999.000
202604061100,   5.193,   4.759,   0.200,  -0.634,   4.759,   0.100,   4.659,   0.200,   4.759
202604061106,   5.074,   4.657,9999.000,9999.000,9999.000,9999.000,9999.000,9999.000,9999.000
202604061112,   4.955,   4.559,9999.000,9999.000,9999.000,9999.000,9999.000,9999.000,9999.000
202604061118,   4.834,   4.457,9999.000,9999.000,9999.000,9999.000,9999.000,9999.000,9999.000
202604061124,   4.713,   4.359,9999.000,9999.000,9999.000,9999.000,9999.000,9999.000,9999.000
202604061130,   4.592,   4.237,9999.000,9999.000,9999.000,9999.000,9999.000,9999.000,9999.000
202604061136,   4.471,   4.159,9999.000,9999.000,9999.000,9999.000,9999.000,9999.000,9999.000
202604061142,   4.350,   4.057,9999.000,9999.000,9999.000,9999.000,9999.000,9999.000,9999.000
202604061148,   4.229,   3.958,9999.000,9999.000,9999.000,9999.000,9999.000,9999.000,9999.000
202604061154,   4.109,   3.870,9999.000,9999.000,9999.000,9999.000,9999.000,9999.000,9999.000
202604061200,   3.990,   3.768,   0.200,  -0.422,   3.768,   0.100,   3.668,   0.300,   3.868
202604061206,   3.871,   3.660,9999.000,9999.000,9999.000,9999.000,9999.000,9999.000,9999.000
202604061212,   3.752,   3.548,9999.000,9999.000,9999.000,9999.000,9999.000,9999.000,9999.000
202604061218,   3.635,   3.460,9999.000,9999.000,9999.000,9999.000,9999.000,9999.000,9999.000
202604061224,   3.518,   3.339,9999.000,9999.000,9999.000,9999.000,9999.000,9999.000,9999.000
202604061230,   3.403,   3.240,9999.000,9999.000,9999.000,9999.000,9999.000,9999.000,9999.000
202604061236,   3.289,   3.168,9999.000,9999.000,9999.000,9999.000,9999.000,9999.000,9999.000
202604061242,   3.176,   2.997,9999.000,9999.000,9999.000,9999.000,9999.000,9999.000,9999.000
202604061248,   3.064,   2.929,9999.000,9999.000,9999.000,9999.000,9999.000,9999.000,9999.000
202604061254,   2.954,   2.820,9999.000,9999.000,9999.000,9999.000,9999.000,9999.000,9999.000
202604061300,   2.846,   2.679,   0.200,  -0.367,   2.679,   0.100,   2.579,   0.300,   2.779
202604061306,   2.739,   2.620,9999.000,9999.000,9999.000,9999.000,9999.000,9999.000,9999.000
202604061312,   2.634,   2.499,9999.000,9999.000,9999.000,9999.000,9999.000,9999.000,9999.000
202604061318,   2.530,   2.387,9999.000,9999.000,9999.000,9999.000,9999.000,9999.000,9999.000
202604061324,   2.428,   2.279,9999.000,9999.000,9999.000,9999.000,9999.000,9999.000,9999.000
202604061330,   2.328,   2.191,9999.000,9999.000,9999.000,9999.000,9999.000,9999.000,9999.000
202604061336,   2.229,   2.079,9999.000,9999.000,9999.000,9999.000,9999.000,9999.000,9999.000
202604061342,   2.132,   1.981,9999.000,9999.000,9999.000,9999.000,9999.000,9999.000,9999.000
202604061348,   2.036,   1.869,9999.000,9999.000,9999.000,9999.000,9999.000,9999.000,9999.000
202604061354,   1.941,   1.767,9999.000,9999.000,9999.000,9999.000,9999.000,9999.000,9999.000
202604061400,   1.848,   1.679,   0.200,  -0.369,   1.679,   0.100,   1.579,   0.200,   1.679
202604061406,   1.755,   1.590,9999.000,9999.000,9999.000,9999.000,9999.000,9999.000,9999.000
202604061412,   1.664,   1.498,9999.000,9999.000,9999.000,9999.000,9999.000,9999.000,9999.000
202604061418,   1.574,   1.410,9999.000,9999.000,9999.000,9999.000,9999.000,9999.000,9999.000
202604061424,   1.484,   1.308,9999.000,9999.000,9999.000,9999.000,9999.000,9999.000,9999.000
202604061430,   1.396,   1.210,9999.000,9999.000,9999.000,9999.000,9999.000,9999.000,9999.000
202604061436,   1.309,   1.128,9999.000,9999.000,9999.000,9999.000,9999.000,9999.000,9999.000
202604061442,   1.223,   1.039,9999.000,9999.000,9999.000,9999.000,9999.000,9999.000,9999.000
202604061448,   1.140,   0.951,9999.000,9999.000,9999.000,9999.000,9999.000,9999.000,9999.000
202604061454,   1.058,   0.869,9999.000,9999.000,9999.000,9999.000,9999.000,9999.000,9999.000
202604061500,   0.979,   0.790,   0.200,  -0.389,   0.790,   0.100,   0.690,   0.200,   0.790
202604061506,   0.902,   0.708,9999.000,9999.000,9999.000,9999.000,9999.000,9999.000,9999.000
202604061512,   0.830,   0.619,9999.000,9999.000,9999.000,9999.000,9999.000,9999.000,9999.000
202604061518,   0.763,   0.531,9999.000,9999.000,9999.000,9999.000,9999.000,9999.000,9999.000
202604061524,   0.700,   0.469,9999.000,9999.000,9999.000,9999.000,9999.000,9999.000,9999.000
202604061530,   0.644,   0.409,9999.000,9999.000,9999.000,9999.000,9999.000,9999.000,9999.000
202604061536,   0.595,   0.331,9999.000,9999.000,9999.000,9999.000,9999.000,9999.000,9999.000
202604061542,   0.554,   0.268,9999.000,9999.000,9999.000,9999.000,9999.000,9999.000,9999.000
202604061548,   0.521,   0.209,9999.000,9999.000,9999.000,9999.000,9999.000,9999.000,9999.000
202604061554,   0.498,   0.160,9999.000,9999.000,9999.000,9999.000,9999.000,9999.000,9999.000
202604061600,   0.486,   0.111,   0.100,  -0.475,   0.111,   0.100,   0.111,   0.200,   0.211
202604061606,   0.485,   0.078,9999.000,9999.000,9999.000,9999.000,9999.000,9999.000,9999.000
202604061612,   0.495,   0.059,9999.000,9999.000,9999.000,9999.000,9999.000,9999.000,9999.000
202604061618,   0.518,   0.009,9999.000,9999.000,9999.000,9999.000,9999.000,9999.000,9999.000
202604061624,   0.553,   0.009,9999.000,9999.000,9999.000,9999.000,9999.000,9999.000,9999.000
202604061630,   0.601,   0.009,9999.000,9999.000,9999.000,9999.000,9999.000,9999.000,9999.000
202604061636,   0.662,   0.039,9999.000,9999.000,9999.000,9999.000,9999.000,9999.000,9999.000
202604061642,   0.735,   0.068,9999.000,9999.000,9999.000,9999.000,9999.000,9999.000,9999.000
202604061648,   0.821,   0.141,9999.000,9999.000,9999.000,9999.000,9999.000,9999.000,9999.000
202604061654,   0.918,   0.259,9999.000,9999.000,9999.000,9999.000,9999.000,9999.000,9999.000
202604061700,   1.026,   0.390,   0.100,  -0.736,   0.390,   0.100,   0.390,   0.200,   0.490
202604061706,   1.145,   0.570,9999.000,9999.000,9999.000,9999.000,9999.000,9999.000,9999.000
202604061712,   1.273,   0.760,9999.000,9999.000,9999.000,9999.000,9999.000,9999.000,9999.000
202604061718,   1.409,   0.961,9999.000,9999.000,9999.000,9999.000,9999.000,9999.000,9999.000
202604061724,   1.552,   1.151,9999.000,9999.000,9999.000,9999.000,9999.000,9999.000,9999.000
202604061730,   1.701,   1.348,9999.000,9999.000,9999.000,9999.000,9999.000,9999.000,9999.000
202604061736,   1.854,   1.538,9999.000,9999.000,9999.000,9999.000,9999.000,9999.000,9999.000
202604061742,   2.011,   1.728,9999.000,9999.000,9999.000,9999.000,9999.000,9999.000,9999.000
202604061748,   2.169,   1.918,9999.000,9999.000,9999.000,9999.000,9999.000,9999.000,9999.000
202604061754,   2.328,   2.109,9999.000,9999.000,9999.000,9999.000,9999.000,9999.000,9999.000
202604061800,   2.486,   2.299,   0.100,  -0.287,   2.299,   0.000,   2.199,   0.100,   2.299
202604061806,   2.643,   2.459,9999.000,9999.000,9999.000,9999.000,9999.000,9999.000,9999.000
202604061812,   2.797,   2.597,9999.000,9999.000,9999.000,9999.000,9999.000,9999.000,9999.000
202604061818,   2.948,   2.758,9999.000,9999.000,9999.000,9999.000,9999.000,9999.000,9999.000
202604061824,   3.095,   2.899,9999.000,9999.000,9999.000,9999.000,9999.000,9999.000,9999.000
202604061830,   3.236,   3.030,9999.000,9999.000,9999.000,9999.000,9999.000,9999.000,9999.000
202604061836,   3.373,   3.178,9999.000,9999.000,9999.000,9999.000,9999.000,9999.000,9999.000
202604061842,   3.505,   3.289,9999.000,9999.000,9999.000,9999.000,9999.000,9999.000,9999.000
202604061848,   3.631,   3.417,9999.000,9999.000,9999.000,9999.000,9999.000,9999.000,9999.000
202604061854,   3.752,   3.558,9999.000,9999.000,9999.000,9999.000,9999.000,9999.000,9999.000
202604061900,   3.868,   3.680,   0.100,  -0.288,   3.680,   0.000,   3.580,   0.100,   3.680
202604061906,   3.978,   3.798,9999.000,9999.000,9999.000,9999.000,9999.000,9999.000,9999.000
202604061912,   4.085,   3.909,9999.000,9999.000,9999.000,9999.000,9999.000,9999.000,9999.000
202604061918,   4.187,   4.027,9999.000,9999.000,9999.000,9999.000,9999.000,9999.000,9999.000
202604061924,   4.285,   4.159,9999.000,9999.000,9999.000,9999.000,9999.000,9999.000,9999.000
202604061930,   4.380,   4.290,9999.000,9999.000,9999.000,9999.000,9999.000,9999.000,9999.000
202604061936,   4.473,   4.378,9999.000,9999.000,9999.000,9999.000,9999.000,9999.000,9999.000
202604061942,   4.562,   4.480,9999.000,9999.000,9999.000,9999.000,9999.000,9999.000,9999.000
202604061948,   4.650,   4.588,9999.000,9999.000,9999.000,9999.000,9999.000,9999.000,9999.000
202604061954,   4.735,   4.667,9999.000,9999.000,9999.000,9999.000,9999.000,9999.000,9999.000
202604062000,   4.819,   4.778,   0.100,  -0.141,   4.778,   0.000,   4.678,   0.100,   4.778
202604062006,   4.901,   4.877,9999.000,9999.000,9999.000,9999.000,9999.000,9999.000,9999.000
202604062012,   4.982,   4.959,9999.000,9999.000,9999.000,9999.000,9999.000,9999.000,9999.000
202604062018,   5.060,   5.047,9999.000,9999.000,9999.000,9999.000,9999.000,9999.000,9999.000
202604062024,   5.136,   5.129,9999.000,9999.000,9999.000,9999.000,9999.000,9999.000,9999.000
202604062030,   5.210,   5.188,9999.000,9999.000,9999.000,9999.000,9999.000,9999.000,9999.000
202604062036,   5.281,   5.267,9999.000,9999.000,9999.000,9999.000,9999.000,9999.000,9999.000
202604062042,   5.348,   5.359,9999.000,9999.000,9999.000,9999.000,9999.000,9999.000,9999.000
202604062048,   5.411,   5.418,9999.000,9999.000,9999.000,9999.000,9999.000,9999.000,9999.000
202604062054,   5.469,   5.477,9999.000,9999.000,9999.000,9999.000,9999.000,9999.000,9999.000
202604062100,   5.522,   5.549,   0.100,  -0.073,   5.549,   0.000,   5.449,   0.100,   5.549
202604062106,   5.568,   5.608,9999.000,9999.000,9999.000,9999.000,9999.000,9999.000,9999.000
202604062112,   5.608,   5.667,9999.000,9999.000,9999.000,9999.000,9999.000,9999.000,9999.000
202604062118,   5.641,   5.730,9999.000,9999.000,9999.000,9999.000,9999.000,9999.000,9999.000
202604062124,   5.666,   5.769,9999.000,9999.000,9999.000,9999.000,9999.000,9999.000,9999.000
202604062130,   5.683,   5.808,9999.000,9999.000,9999.000,9999.000,9999.000,9999.000,9999.000
202604062136,   5.691,   5.828,9999.000,9999.000,9999.000,9999.000,9999.000,9999.000,9999.000
202604062142,   5.691,   5.838,9999.000,9999.000,9999.000,9999.000,9999.000,9999.000,9999.000
202604062148,   5.681,   5.828,9999.000,9999.000,9999.000,9999.000,9999.000,9999.000,9999.000
202604062154,   5.662,   5.799,9999.000,9999.000,9999.000,9999.000,9999.000,9999.000,9999.000
202604062200,   5.634,   5.779,   0.100,   0.045,   5.779,   0.000,   5.679,   0.100,   5.779
202604062206,   5.598,   5.730,9999.000,9999.000,9999.000,9999.000,9999.000,9999.000,9999.000
202604062212,   5.552,   5.687,9999.000,9999.000,9999.000,9999.000,9999.000,9999.000,9999.000
202604062218,   5.498,   5.618,9999.000,9999.000,9999.000,9999.000,9999.000,9999.000,9999.000
202604062224,   5.436,   5.549,9999.000,9999.000,9999.000,9999.000,9999.000,9999.000,9999.000
202604062230,   5.367,   5.467,9999.000,9999.000,9999.000,9999.000,9999.000,9999.000,9999.000
202604062236,   5.290,   5.369,9999.000,9999.000,9999.000,9999.000,9999.000,9999.000,9999.000
202604062242,   5.208,   5.277,9999.000,9999.000,9999.000,9999.000,9999.000,9999.000,9999.000
202604062248,   5.119,   5.188,9999.000,9999.000,9999.000,9999.000,9999.000,9999.000,9999.000
202604062254,   5.025,   5.087,9999.000,9999.000,9999.000,9999.000,9999.000,9999.000,9999.000
202604062300,   4.927,   4.988,   0.100,  -0.039,   4.988,   0.000,   4.888,   0.100,   4.988
202604062306,   4.824,   4.887,9999.000,9999.000,9999.000,9999.000,9999.000,9999.000,9999.000
202604062312,   4.718,   4.769,9999.000,9999.000,9999.000,9999.000,9999.000,9999.000,9999.000
202604062318,   4.609,   4.667,9999.000,9999.000,9999.000,9999.000,9999.000,9999.000,9999.000
202604062324,   4.497,   4.549,9999.000,9999.000,9999.000,9999.000,9999.000,9999.000,9999.000
202604062330,   4.383,   4.437,9999.000,9999.000,9999.000,9999.000,9999.000,9999.000,9999.000
202604062336,   4.268,   4.319,9999.000,9999.000,9999.000,9999.000,9999.000,9999.000,9999.000
202604062342,   4.151,   4.218,9999.000,9999.000,9999.000,9999.000,9999.000,9999.000,9999.000
202604062348,   4.034,   4.119,9999.000,9999.000,9999.000,9999.000,9999.000,9999.000,9999.000
202604062354,   3.915,   4.008,9999.000,9999.000,9999.000,9999.000,9999.000,9999.000,9999.000
202604070000,   3.797,   3.899,   0.000,   0.102,   3.899,   0.000,   3.899,   0.000,   3.899
202604070006,   3.678,   3.808,9999.000,9999.000,9999.000,9999.000,9999.000,9999.000,9999.000
202604070012,   3.559,   3.699,9999.000,9999.000,9999.000,9999.000,9999.000,9999.000,9999.000
202604070018,   3.441,   3.607,9999.000,9999.000,9999.000,9999.000,9999.000,9999.000,9999.000
202604070024,   3.323,   3.509,9999.000,9999.000,9999.000,9999.000,9999.000,9999.000,9999.000
202604070030,   3.206,   3.407,9999.000,9999.000,9999.000,9999.000,9999.000,9999.000,9999.000
202604070036,   3.090,   3.309,9999.000,9999.000,9999.000,9999.000,9999.000,9999.000,9999.000
202604070042,   2.975,   3.217,9999.000,9999.000,9999.000,9999.000,9999.000,9999.000,9999.000
202604070048,   2.861,   3.109,9999.000,9999.000,9999.000,9999.000,9999.000,9999.000,9999.000
202604070054,   2.749,   2.997,9999.000,9999.000,9999.000,9999.000,9999.000,9999.000,9999.000
202604070100,   2.638,   2.899,   0.000,   0.261,   2.899,   0.000,   2.899,   0.000,   2.899
202604070106,   2.530,   2.807,9999.000,9999.000,9999.000,9999.000,9999.000,9999.000,9999.000
202604070112,   2.424,   2.709,9999.000,9999.000,9999.000,9999.000,9999.000,9999.000,9999.000
202604070118,   2.321,   2.610,9999.000,9999.000,9999.000,9999.000,9999.000,9999.000,9999.000
202604070124,   2.220,   2.499,9999.000,9999.000,9999.000,9999.000,9999.000,9999.000,9999.000
202604070130,   2.121,   2.410,9999.000,9999.000,9999.000,9999.000,9999.000,9999.000,9999.000
202604070136,   2.026,   2.299,9999.000,9999.000,9999.000,9999.000,9999.000,9999.000,9999.000
202604070142,   1.934,   2.200,9999.000,9999.000,9999.000,9999.000,9999.000,9999.000,9999.000
202604070148,   1.845,   2.089,9999.000,9999.000,9999.000,9999.000,9999.000,9999.000,9999.000
202604070154,   1.759,   1.990,9999.000,9999.000,9999.000,9999.000,9999.000,9999.000,9999.000
202604070200,   1.676,   1.899,   0.000,   0.223,   1.899,   0.000,   1.899,   0.100,   1.999
202604070206,   1.596,   1.800,9999.000,9999.000,9999.000,9999.000,9999.000,9999.000,9999.000
202604070212,   1.520,   1.708,9999.000,9999.000,9999.000,9999.000,9999.000,9999.000,9999.000
202604070218,   1.446,   1.610,9999.000,9999.000,9999.000,9999.000,9999.000,9999.000,9999.000
202604070224,   1.375,   1.518,9999.000,9999.000,9999.000,9999.000,9999.000,9999.000,9999.000
202604070230,   1.308,   1.420,9999.000,9999.000,9999.000,9999.000,9999.000,9999.000,9999.000
202604070236,   1.243,   1.328,9999.000,9999.000,9999.000,9999.000,9999.000,9999.000,9999.000
202604070242,   1.181,   1.229,9999.000,9999.000,9999.000,9999.000,9999.000,9999.000,9999.000
202604070248,   1.122,   1.138,9999.000,9999.000,9999.000,9999.000,9999.000,9999.000,9999.000
202604070254,   1.066,   1.049,9999.000,9999.000,9999.000,9999.000,9999.000,9999.000,9999.000
202604070300,   1.013,   0.970,   0.000,  -0.043,   0.970,   0.000,   0.970,   0.100,   1.070
202604070306,   0.962,   0.879,9999.000,9999.000,9999.000,9999.000,9999.000,9999.000,9999.000
202604070312,   0.916,   0.800,9999.000,9999.000,9999.000,9999.000,9999.000,9999.000,9999.000
202604070318,   0.873,   0.718,9999.000,9999.000,9999.000,9999.000,9999.000,9999.000,9999.000
202604070324,   0.833,   0.649,9999.000,9999.000,9999.000,9999.000,9999.000,9999.000,9999.000
202604070330,   0.799,   0.580,9999.000,9999.000,9999.000,9999.000,9999.000,9999.000,9999.000
202604070336,   0.769,   0.518,9999.000,9999.000,9999.000,9999.000,9999.000,9999.000,9999.000
202604070342,   0.746,   0.469,9999.000,9999.000,9999.000,9999.000,9999.000,9999.000,9999.000
202604070348,   0.728,   0.429,9999.000,9999.000,9999.000,9999.000,9999.000,9999.000,9999.000
202604070354,   0.718,   0.400,9999.000,9999.000,9999.000,9999.000,9999.000,9999.000,9999.000
202604070400,   0.715,   0.390,   0.000,  -0.325,   0.390,   0.000,   0.390,   0.100,   0.490
202604070406,   0.721,   0.409,9999.000,9999.000,9999.000,9999.000,9999.000,9999.000,9999.000
202604070412,   0.736,   0.449,9999.000,9999.000,9999.000,9999.000,9999.000,9999.000,9999.000
202604070418,   0.761,   0.518,9999.000,9999.000,9999.000,9999.000,9999.000,9999.000,9999.000
202604070424,   0.797,   0.649,9999.000,9999.000,9999.000,9999.000,9999.000,9999.000,9999.000
202604070430,   0.843,   0.810,9999.000,9999.000,9999.000,9999.000,9999.000,9999.000,9999.000
202604070436,   0.902,   1.039,9999.000,9999.000,9999.000,9999.000,9999.000,9999.000,9999.000
202604070442,   0.973,   1.279,9999.000,9999.000,9999.000,9999.000,9999.000,9999.000,9999.000
202604070448,   1.055,   1.518,9999.000,9999.000,9999.000,9999.000,9999.000,9999.000,9999.000
202604070454,   1.150,   1.738,9999.000,9999.000,9999.000,9999.000,9999.000,9999.000,9999.000
202604070500,   1.257,   1.958,   0.000,   0.701,   1.958,   0.000,   1.958,   0.000,   1.958
202604070506,   1.376,   2.168,9999.000,9999.000,9999.000,9999.000,9999.000,9999.000,9999.000
202604070512,   1.507,   2.358,9999.000,9999.000,9999.000,9999.000,9999.000,9999.000,9999.000
202604070518,   1.648,   2.538,9999.000,9999.000,9999.000,9999.000,9999.000,9999.000,9999.000
202604070524,   1.799,   2.719,9999.000,9999.000,9999.000,9999.000,9999.000,9999.000,9999.000
202604070530,   1.960,   2.889,9999.000,9999.000,9999.000,9999.000,9999.000,9999.000,9999.000
202604070536,   2.128,   3.060,9999.000,9999.000,9999.000,9999.000,9999.000,9999.000,9999.000
202604070542,   2.303,   3.217,9999.000,9999.000,9999.000,9999.000,9999.000,9999.000,9999.000
202604070548,   2.484,   3.368,9999.000,9999.000,9999.000,9999.000,9999.000,9999.000,9999.000
202604070554,   2.668,   3.519,9999.000,9999.000,9999.000,9999.000,9999.000,9999.000,9999.000
202604070600,   2.856,   3.650,   0.000,   0.794,   3.650,   0.000,   3.650,   0.000,   3.650
202604070606,   3.044,   3.778,9999.000,9999.000,9999.000,9999.000,9999.000,9999.000,9999.000
202604070612,   3.233,   3.909,9999.000,9999.000,9999.000,9999.000,9999.000,9999.000,9999.000
202604070618,   3.420,   4.027,9999.000,9999.000,9999.000,9999.000,9999.000,9999.000,9999.000
202604070624,   3.605,   4.159,9999.000,9999.000,9999.000,9999.000,9999.000,9999.000,9999.000
202604070630,   3.786,   4.290,9999.000,9999.000,9999.000,9999.000,9999.000,9999.000,9999.000
202604070636,   3.962,   4.398,9999.000,9999.000,9999.000,9999.000,9999.000,9999.000,9999.000
202604070642,   4.132,   4.529,9999.000,9999.000,9999.000,9999.000,9999.000,9999.000,9999.000
202604070648,   4.296,   4.657,9999.000,9999.000,9999.000,9999.000,9999.000,9999.000,9999.000
202604070654,   4.453,   4.788,9999.000,9999.000,9999.000,9999.000,9999.000,9999.000,9999.000
202604070700,   4.602,   4.910,   0.000,   0.308,   4.910,   0.000,   4.910,   0.000,   4.910
202604070706,   4.744,   5.028,9999.000,9999.000,9999.000,9999.000,9999.000,9999.000,9999.000
202604070712,   4.877,   5.139,9999.000,9999.000,9999.000,9999.000,9999.000,9999.000,9999.000
202604070718,   5.003,   5.247,9999.000,9999.000,9999.000,9999.000,9999.000,9999.000,9999.000
202604070724,   5.121,   5.369,9999.000,9999.000,9999.000,9999.000,9999.000,9999.000,9999.000
202604070730,   5.232,   5.477,9999.000,9999.000,9999.000,9999.000,9999.000,9999.000,9999.000
202604070736,   5.336,   5.598,9999.000,9999.000,9999.000,9999.000,9999.000,9999.000,9999.000
202604070742,   5.434,   5.687,9999.000,9999.000,9999.000,9999.000,9999.000,9999.000,9999.000
202604070748,   5.525,   5.769,9999.000,9999.000,9999.000,9999.000,9999.000,9999.000,9999.000
202604070754,   5.612,   5.867,9999.000,9999.000,9999.000,9999.000,9999.000,9999.000,9999.000
202604070800,   5.693,   5.949,   0.000,   0.256,   5.949,   0.000,   5.949,   0.000,   5.949
202604070806,   5.769,   6.048,9999.000,9999.000,9999.000,9999.000,9999.000,9999.000,9999.000
202604070812,   5.842,   6.127,9999.000,9999.000,9999.000,9999.000,9999.000,9999.000,9999.000
202604070818,   5.911,   6.209,9999.000,9999.000,9999.000,9999.000,9999.000,9999.000,9999.000
202604070824,   5.977,   6.297,9999.000,9999.000,9999.000,9999.000,9999.000,9999.000,9999.000
202604070830,   6.040,   6.389,9999.000,9999.000,9999.000,9999.000,9999.000,9999.000,9999.000
202604070836,   6.100,   6.497,9999.000,9999.000,9999.000,9999.000,9999.000,9999.000,9999.000
202604070842,   6.156,   6.579,9999.000,9999.000,9999.000,9999.000,9999.000,9999.000,9999.000
202604070848,   6.210,   6.668,9999.000,9999.000,9999.000,9999.000,9999.000,9999.000,9999.000
202604070854,   6.260,   6.746,9999.000,9999.000,9999.000,9999.000,9999.000,9999.000,9999.000
202604070900,   6.306,   6.819,   0.000,   0.513,   6.819,   0.000,   6.819,   0.000,   6.819
202604070906,   6.349,   6.868,9999.000,9999.000,9999.000,9999.000,9999.000,9999.000,9999.000
202604070912,   6.386,   6.907,9999.000,9999.000,9999.000,9999.000,9999.000,9999.000,9999.000
202604070918,   6.419,   6.907,9999.000,9999.000,9999.000,9999.000,9999.000,9999.000,9999.000
202604070924,   6.447,   6.907,9999.000,9999.000,9999.000,9999.000,9999.000,9999.000,9999.000
202604070930,   6.468,   6.907,9999.000,9999.000,9999.000,9999.000,9999.000,9999.000,9999.000
202604070936,   6.483,   6.887,9999.000,9999.000,9999.000,9999.000,9999.000,9999.000,9999.000
202604070942,   6.491,   6.868,9999.000,9999.000,9999.000,9999.000,9999.000,9999.000,9999.000
202604070948,   6.491,   6.819,9999.000,9999.000,9999.000,9999.000,9999.000,9999.000,9999.000
202604070954,   6.484,   6.779,9999.000,9999.000,9999.000,9999.000,9999.000,9999.000,9999.000
202604071000,   6.468,   6.707,   0.000,   0.239,   6.707,   0.000,   6.707,   0.000,   6.707
202604071006,   6.445,   6.638,9999.000,9999.000,9999.000,9999.000,9999.000,9999.000,9999.000
202604071012,   6.412,   6.556,9999.000,9999.000,9999.000,9999.000,9999.000,9999.000,9999.000
202604071018,   6.372,   6.438,9999.000,9999.000,9999.000,9999.000,9999.000,9999.000,9999.000
202604071024,   6.323,   6.346,9999.000,9999.000,9999.000,9999.000,9999.000,9999.000,9999.000
202604071030,   6.266,   6.248,9999.000,9999.000,9999.000,9999.000,9999.000,9999.000,9999.000
202604071036,   6.201,   6.149,9999.000,9999.000,9999.000,9999.000,9999.000,9999.000,9999.000
202604071042,   6.129,   6.048,9999.000,9999.000,9999.000,9999.000,9999.000,9999.000,9999.000
202604071048,   6.049,   5.949,9999.000,9999.000,9999.000,9999.000,9999.000,9999.000,9999.000
202604071054,   5.963,   5.808,9999.000,9999.000,9999.000,9999.000,9999.000,9999.000,9999.000
202604071100,   5.871,   5.707,   0.000,  -0.164,   5.707,   0.000,   5.707,   0.000,   5.707
202604071106,   5.774,   5.598,9999.000,9999.000,9999.000,9999.000,9999.000,9999.000,9999.000
202604071112,   5.671,   5.477,9999.000,9999.000,9999.000,9999.000,9999.000,9999.000,9999.000
202604071118,   5.565,   5.369,9999.000,9999.000,9999.000,9999.000,9999.000,9999.000,9999.000
202604071124,   5.454,   5.257,9999.000,9999.000,9999.000,9999.000,9999.000,9999.000,9999.000
202604071130,   5.341,   5.149,9999.000,9999.000,9999.000,9999.000,9999.000,9999.000,9999.000
202604071136,   5.225,   5.057,9999.000,9999.000,9999.000,9999.000,9999.000,9999.000,9999.000
202604071142,   5.107,   4.959,9999.000,9999.000,9999.000,9999.000,9999.000,9999.000,9999.000
202604071148,   4.987,   4.847,9999.000,9999.000,9999.000,9999.000,9999.000,9999.000,9999.000
202604071154,   4.866,   4.749,9999.000,9999.000,9999.000,9999.000,9999.000,9999.000,9999.000
202604071200,   4.744,   4.637,   0.100,  -0.207,   4.637,   0.000,   4.537,   0.100,   4.637
202604071206,   4.622,   4.539,9999.000,9999.000,9999.000,9999.000,9999.000,9999.000,9999.000
202604071212,   4.499,   4.437,9999.000,9999.000,9999.000,9999.000,9999.000,9999.000,9999.000
202604071218,   4.376,   4.329,9999.000,9999.000,9999.000,9999.000,9999.000,9999.000,9999.000
202604071224,   4.254,   4.218,9999.000,9999.000,9999.000,9999.000,9999.000,9999.000,9999.000
202604071230,   4.132,   4.109,9999.000,9999.000,9999.000,9999.000,9999.000,9999.000,9999.000
202604071236,   4.010,   3.998,9999.000,9999.000,9999.000,9999.000,9999.000,9999.000,9999.000
202604071242,   3.889,   3.890,9999.000,9999.000,9999.000,9999.000,9999.000,9999.000,9999.000
202604071248,   3.769,   3.798,9999.000,9999.000,9999.000,9999.000,9999.000,9999.000,9999.000
202604071254,   3.650,   3.709,9999.000,9999.000,9999.000,9999.000,9999.000,9999.000,9999.000
202604071300,   3.532,   3.617,   0.000,   0.085,   3.617,   0.000,   3.617,   0.100,   3.717
202604071306,   3.415,   3.519,9999.000,9999.000,9999.000,9999.000,9999.000,9999.000,9999.000
202604071312,   3.299,   3.407,9999.000,9999.000,9999.000,9999.000,9999.000,9999.000,9999.000
202604071318,   3.185,   3.299,9999.000,9999.000,9999.000,9999.000,9999.000,9999.000,9999.000
202604071324,   3.072,   3.207,9999.000,9999.000,9999.000,9999.000,9999.000,9999.000,9999.000
202604071330,   2.961,   3.070,9999.000,9999.000,9999.000,9999.000,9999.000,9999.000,9999.000
202604071336,   2.852,   2.997,9999.000,9999.000,9999.000,9999.000,9999.000,9999.000,9999.000
202604071342,   2.745,   2.899,9999.000,9999.000,9999.000,9999.000,9999.000,9999.000,9999.000
202604071348,   2.640,   2.787,9999.000,9999.000,9999.000,9999.000,9999.000,9999.000,9999.000
202604071354,   2.536,   2.689,9999.000,9999.000,9999.000,9999.000,9999.000,9999.000,9999.000
202604071400,   2.435,   2.578,   0.000,   0.143,   2.578,   0.000,   2.578,   0.100,   2.678
202604071406,   2.337,   2.479,9999.000,9999.000,9999.000,9999.000,9999.000,9999.000,9999.000
202604071412,   2.240,   2.410,9999.000,9999.000,9999.000,9999.000,9999.000,9999.000,9999.000
202604071418,   2.146,   2.318,9999.000,9999.000,9999.000,9999.000,9999.000,9999.000,9999.000
202604071424,   2.053,   2.200,9999.000,9999.000,9999.000,9999.000,9999.000,9999.000,9999.000
202604071430,   1.963,   2.099,9999.000,9999.000,9999.000,9999.000,9999.000,9999.000,9999.000
202604071436,   1.875,   2.000,9999.000,9999.000,9999.000,9999.000,9999.000,9999.000,9999.000
202604071442,   1.789,   1.938,9999.000,9999.000,9999.000,9999.000,9999.000,9999.000,9999.000
202604071448,   1.704,   1.810,9999.000,9999.000,9999.000,9999.000,9999.000,9999.000,9999.000
202604071454,   1.622,   1.708,9999.000,9999.000,9999.000,9999.000,9999.000,9999.000,9999.000
202604071500,   1.540,   1.610,   0.000,   0.070,   1.610,   0.000,   1.610,   0.100,   1.710
202604071506,   1.461,   1.518,9999.000,9999.000,9999.000,9999.000,9999.000,9999.000,9999.000
202604071512,   1.382,   1.400,9999.000,9999.000,9999.000,9999.000,9999.000,9999.000,9999.000
202604071518,   1.306,   1.348,9999.000,9999.000,9999.000,9999.000,9999.000,9999.000,9999.000
202604071524,   1.230,   1.239,9999.000,9999.000,9999.000,9999.000,9999.000,9999.000,9999.000
202604071530,   1.157,   1.151,9999.000,9999.000,9999.000,9999.000,9999.000,9999.000,9999.000
202604071536,   1.085,   1.069,9999.000,9999.000,9999.000,9999.000,9999.000,9999.000,9999.000
202604071542,   1.016,   0.970,9999.000,9999.000,9999.000,9999.000,9999.000,9999.000,9999.000
202604071548,   0.950,   0.888,9999.000,9999.000,9999.000,9999.000,9999.000,9999.000,9999.000
202604071554,   0.886,   0.790,9999.000,9999.000,9999.000,9999.000,9999.000,9999.000,9999.000
202604071600,   0.826,   0.688,   0.000,  -0.138,   0.688,   0.000,   0.688,   0.100,   0.788
202604071606,   0.771,   0.629,9999.000,9999.000,9999.000,9999.000,9999.000,9999.000,9999.000
202604071612,   0.721,   0.541,9999.000,9999.000,9999.000,9999.000,9999.000,9999.000,9999.000
202604071618,   0.676,   0.478,9999.000,9999.000,9999.000,9999.000,9999.000,9999.000,9999.000
202604071624,   0.638,   0.400,9999.000,9999.000,9999.000,9999.000,9999.000,9999.000,9999.000
202604071630,   0.607,   0.331,9999.000,9999.000,9999.000,9999.000,9999.000,9999.000,9999.000
202604071636,   0.585,   0.278,9999.000,9999.000,9999.000,9999.000,9999.000,9999.000,9999.000
202604071642,   0.572,   0.219,9999.000,9999.000,9999.000,9999.000,9999.000,9999.000,9999.000
202604071648,   0.568,   0.180,9999.000,9999.000,9999.000,9999.000,9999.000,9999.000,9999.000
202604071654,   0.575,   0.111,9999.000,9999.000,9999.000,9999.000,9999.000,9999.000,9999.000
202604071700,   0.593,   0.111,   0.000,  -0.482,   0.111,   0.000,   0.111,   0.000,   0.111
202604071706,   0.622,   0.088,9999.000,9999.000,9999.000,9999.000,9999.000,9999.000,9999.000
202604071712,   0.663,   0.039,9999.000,9999.000,9999.000,9999.000,9999.000,9999.000,9999.000
202604071718,   0.716,   0.039,9999.000,9999.000,9999.000,9999.000,9999.000,9999.000,9999.000
202604071724,   0.782,   0.068,9999.000,9999.000,9999.000,9999.000,9999.000,9999.000,9999.000
202604071730,   0.859,   0.098,9999.000,9999.000,9999.000,9999.000,9999.000,9999.000,9999.000
202604071736,   0.947,   0.190,9999.000,9999.000,9999.000,9999.000,9999.000,9999.000,9999.000
202604071742,   1.047,   0.259,9999.000,9999.000,9999.000,9999.000,9999.000,9999.000,9999.000
202604071748,   1.158,   0.360,9999.000,9999.000,9999.000,9999.000,9999.000,9999.000,9999.000
202604071754,   1.278,   0.498,9999.000,9999.000,9999.000,9999.000,9999.000,9999.000,9999.000
202604071800,   1.407,   0.619,   0.000,  -0.788,   0.619,   0.000,   0.619,   0.000,   0.619
202604071806,   1.543,   0.760,9999.000,9999.000,9999.000,9999.000,9999.000,9999.000,9999.000
202604071812,   1.686,   0.928,9999.000,9999.000,9999.000,9999.000,9999.000,9999.000,9999.000
202604071818,   1.835,   1.108,9999.000,9999.000,9999.000,9999.000,9999.000,9999.000,9999.000
202604071824,   1.987,   1.279,9999.000,9999.000,9999.000,9999.000,9999.000,9999.000,9999.000
202604071830,   2.142,   1.439,9999.000,9999.000,9999.000,9999.000,9999.000,9999.000,9999.000
202604071836,   2.299,   1.580,9999.000,9999.000,9999.000,9999.000,9999.000,9999.000,9999.000
202604071842,   2.456,   1.728,9999.000,9999.000,9999.000,9999.000,9999.000,9999.000,9999.000
202604071848,   2.612,   1.889,9999.000,9999.000,9999.000,9999.000,9999.000,9999.000,9999.000
202604071854,   2.765,   2.020,9999.000,9999.000,9999.000,9999.000,9999.000,9999.000,9999.000
202604071900,   2.916,   2.177,   0.000,  -0.739,   2.177,   0.000,   2.177,   0.000,   2.177
202604071906,   3.063,   2.309,9999.000,9999.000,9999.000,9999.000,9999.000,9999.000,9999.000
202604071912,   3.205,   2.420,9999.000,9999.000,9999.000,9999.000,9999.000,9999.000,9999.000
202604071918,   3.342,   2.578,9999.000,9999.000,9999.000,9999.000,9999.000,9999.000,9999.000
202604071924,   3.473,   2.689,9999.000,9999.000,9999.000,9999.000,9999.000,9999.000,9999.000
202604071930,   3.598,   2.807,9999.000,9999.000,9999.000,9999.000,9999.000,9999.000,9999.000
202604071936,   3.718,   2.919,9999.000,9999.000,9999.000,9999.000,9999.000,9999.000,9999.000
202604071942,   3.831,   3.040,9999.000,9999.000,9999.000,9999.000,9999.000,9999.000,9999.000
202604071948,   3.939,   3.129,9999.000,9999.000,9999.000,9999.000,9999.000,9999.000,9999.000
202604071954,   4.042,   3.250,9999.000,9999.000,9999.000,9999.000,9999.000,9999.000,9999.000
202604072000,   4.139,   3.348,   0.000,  -0.791,   3.348,  -0.100,   3.248,   0.000,   3.348
202604072006,   4.232,   3.440,9999.000,9999.000,9999.000,9999.000,9999.000,9999.000,9999.000
202604072012,   4.320,   3.548,9999.000,9999.000,9999.000,9999.000,9999.000,9999.000,9999.000
202604072018,   4.405,   3.650,9999.000,9999.000,9999.000,9999.000,9999.000,9999.000,9999.000
202604072024,   4.487,   3.749,9999.000,9999.000,9999.000,9999.000,9999.000,9999.000,9999.000
202604072030,   4.566,   3.837,9999.000,9999.000,9999.000,9999.000,9999.000,9999.000,9999.000
202604072036,   4.643,   3.909,9999.000,9999.000,9999.000,9999.000,9999.000,9999.000,9999.000
202604072042,   4.718,   3.988,9999.000,9999.000,9999.000,9999.000,9999.000,9999.000,9999.000
202604072048,   4.792,   4.037,9999.000,9999.000,9999.000,9999.000,9999.000,9999.000,9999.000
202604072054,   4.863,   4.109,9999.000,9999.000,9999.000,9999.000,9999.000,9999.000,9999.000
202604072100,   4.933,   4.159,   0.000,  -0.774,   4.159,  -0.100,   4.059,   0.000,   4.159
202604072106,   5.002,   4.208,9999.000,9999.000,9999.000,9999.000,9999.000,9999.000,9999.000
202604072112,   5.069,   4.280,9999.000,9999.000,9999.000,9999.000,9999.000,9999.000,9999.000
202604072118,   5.133,   4.319,9999.000,9999.000,9999.000,9999.000,9999.000,9999.000,9999.000
202604072124,   5.196,   4.359,9999.000,9999.000,9999.000,9999.000,9999.000,9999.000,9999.000
202604072130,   5.255,   4.398,9999.000,9999.000,9999.000,9999.000,9999.000,9999.000,9999.000
202604072136,   5.311,   4.437,9999.000,9999.000,9999.000,9999.000,9999.000,9999.000,9999.000
202604072142,   5.363,   4.457,9999.000,9999.000,9999.000,9999.000,9999.000,9999.000,9999.000
202604072148,   5.410,   4.490,9999.000,9999.000,9999.000,9999.000,9999.000,9999.000,9999.000
202604072154,   5.451,   4.519,9999.000,9999.000,9999.000,9999.000,9999.000,9999.000,9999.000
202604072200,   5.487,   4.549,  -0.100,  -0.838,   4.549,  -0.200,   4.449,   0.000,   4.649
202604072206,   5.516,   4.588,9999.000,9999.000,9999.000,9999.000,9999.000,9999.000,9999.000
202604072212,   5.538,   4.608,9999.000,9999.000,9999.000,9999.000,9999.000,9999.000,9999.000
202604072218,   5.553,   4.598,9999.000,9999.000,9999.000,9999.000,9999.000,9999.000,9999.000
202604072224,   5.559,   4.598,9999.000,9999.000,9999.000,9999.000,9999.000,9999.000,9999.000
202604072230,   5.557,   4.588,9999.000,9999.000,9999.000,9999.000,9999.000,9999.000,9999.000
202604072236,   5.546,   4.559,9999.000,9999.000,9999.000,9999.000,9999.000,9999.000,9999.000
202604072242,   5.527,   4.529,9999.000,9999.000,9999.000,9999.000,9999.000,9999.000,9999.000
202604072248,   5.499,   4.467,9999.000,9999.000,9999.000,9999.000,9999.000,9999.000,9999.000
202604072254,   5.462,   4.418,9999.000,9999.000,9999.000,9999.000,9999.000,9999.000,9999.000
202604072300,   5.417,   4.368,  -0.100,  -0.949,   4.368,  -0.200,   4.268,  -0.100,   4.368
202604072306,   5.363,   4.290,9999.000,9999.000,9999.000,9999.000,9999.000,9999.000,9999.000
202604072312,   5.302,   4.218,9999.000,9999.000,9999.000,9999.000,9999.000,9999.000,9999.000
202604072318,   5.233,   4.159,9999.000,9999.000,9999.000,9999.000,9999.000,9999.000,9999.000
202604072324,   5.157,   4.080,9999.000,9999.000,9999.000,9999.000,9999.000,9999.000,9999.000
202604072330,   5.074,   3.988,9999.000,9999.000,9999.000,9999.000,9999.000,9999.000,9999.000
202604072336,   4.986,   3.909,9999.000,9999.000,9999.000,9999.000,9999.000,9999.000,9999.000
202604072342,   4.892,   3.827,9999.000,9999.000,9999.000,9999.000,9999.000,9999.000,9999.000
202604072348,   4.793,   3.739,9999.000,9999.000,9999.000,9999.000,9999.000,9999.000,9999.000
202604072354,   4.691,   3.650,9999.000,9999.000,9999.000,9999.000,9999.000,9999.000,9999.000
202604080000,   4.584,   3.558,  -0.200,  -0.826,   3.558,  -0.300,   3.458,   0.000,   3.758
202604080006,   4.474,   3.470,9999.000,9999.000,9999.000,9999.000,9999.000,9999.000,9999.000
202604080012,   4.362,   3.368,9999.000,9999.000,9999.000,9999.000,9999.000,9999.000,9999.000
202604080018,   4.248,   3.270,9999.000,9999.000,9999.000,9999.000,9999.000,9999.000,9999.000
202604080024,   4.131,   3.178,9999.000,9999.000,9999.000,9999.000,9999.000,9999.000,9999.000
202604080030,   4.014,   3.079,9999.000,9999.000,9999.000,9999.000,9999.000,9999.000,9999.000
202604080036,   3.895,   2.988,9999.000,9999.000,9999.000,9999.000,9999.000,9999.000,9999.000
202604080042,   3.775,   2.889,9999.000,9999.000,9999.000,9999.000,9999.000,9999.000,9999.000
202604080048,   3.655,   2.807,9999.000,9999.000,9999.000,9999.000,9999.000,9999.000,9999.000
202604080054,   3.535,   2.699,9999.000,9999.000,9999.000,9999.000,9999.000,9999.000,9999.000
202604080100,   3.415,   2.610,  -0.200,  -0.605,   2.610,  -0.300,   2.510,   0.000,   2.810
202604080106,   3.296,   2.509,9999.000,9999.000,9999.000,9999.000,9999.000,9999.000,9999.000
202604080112,   3.177,   2.410,9999.000,9999.000,9999.000,9999.000,9999.000,9999.000,9999.000
202604080118,   3.058,   2.309,9999.000,9999.000,9999.000,9999.000,9999.000,9999.000,9999.000
202604080124,   2.941,   2.220,9999.000,9999.000,9999.000,9999.000,9999.000,9999.000,9999.000
202604080130,   2.825,   2.128,9999.000,9999.000,9999.000,9999.000,9999.000,9999.000,9999.000
202604080136,   2.711,   2.030,9999.000,9999.000,9999.000,9999.000,9999.000,9999.000,9999.000
202604080142,   2.598,   1.928,9999.000,9999.000,9999.000,9999.000,9999.000,9999.000,9999.000
202604080148,   2.488,   1.820,9999.000,9999.000,9999.000,9999.000,9999.000,9999.000,9999.000
202604080154,   2.379,   1.708,9999.000,9999.000,9999.000,9999.000,9999.000,9999.000,9999.000
202604080200,   2.273,   1.620,  -0.200,  -0.453,   1.620,  -0.400,   1.420,   0.000,   1.820
202604080206,   2.170,   1.528,9999.000,9999.000,9999.000,9999.000,9999.000,9999.000,9999.000
202604080212,   2.070,   1.439,9999.000,9999.000,9999.000,9999.000,9999.000,9999.000,9999.000
202604080218,   1.973,   1.328,9999.000,9999.000,9999.000,9999.000,9999.000,9999.000,9999.000
202604080224,   1.880,   1.229,9999.000,9999.000,9999.000,9999.000,9999.000,9999.000,9999.000
202604080230,   1.790,   1.138,9999.000,9999.000,9999.000,9999.000,9999.000,9999.000,9999.000
202604080236,   1.703,   1.049,9999.000,9999.000,9999.000,9999.000,9999.000,9999.000,9999.000
202604080242,   1.621,   0.951,9999.000,9999.000,9999.000,9999.000,9999.000,9999.000,9999.000
202604080248,   1.542,   0.859,9999.000,9999.000,9999.000,9999.000,9999.000,9999.000,9999.000
202604080254,   1.466,   0.760,9999.000,9999.000,9999.000,9999.000,9999.000,9999.000,9999.000
202604080300,   1.395,   0.688,  -0.200,  -0.507,   0.688,  -0.400,   0.488,  -0.100,   0.788
202604080306,   1.327,   0.590,9999.000,9999.000,9999.000,9999.000,9999.000,9999.000,9999.000
202604080312,   1.263,   0.508,9999.000,9999.000,9999.000,9999.000,9999.000,9999.000,9999.000
202604080318,   1.202,   0.419,9999.000,9999.000,9999.000,9999.000,9999.000,9999.000,9999.000
202604080324,   1.144,   0.331,9999.000,9999.000,9999.000,9999.000,9999.000,9999.000,9999.000
202604080330,   1.091,   0.259,9999.000,9999.000,9999.000,9999.000,9999.000,9999.000,9999.000
202604080336,   1.040,   0.170,9999.000,9999.000,9999.000,9999.000,9999.000,9999.000,9999.000
202604080342,   0.993,   0.111,9999.000,9999.000,9999.000,9999.000,9999.000,9999.000,9999.000
202604080348,   0.949,   0.039,9999.000,9999.000,9999.000,9999.000,9999.000,9999.000,9999.000
202604080354,   0.909,  -0.039,9999.000,9999.000,9999.000,9999.000,9999.000,9999.000,9999.000
202604080400,   0.872,  -0.098,  -0.300,  -0.670,  -0.098,  -0.400,  -0.198,  -0.100,   0.102
202604080406,   0.839,  -0.160,9999.000,9999.000,9999.000,9999.000,9999.000,9999.000,9999.000
202604080412,   0.811,  -0.209,9999.000,9999.000,9999.000,9999.000,9999.000,9999.000,9999.000
202604080418,   0.787,  -0.259,9999.000,9999.000,9999.000,9999.000,9999.000,9999.000,9999.000
202604080424,   0.768,  -0.298,9999.000,9999.000,9999.000,9999.000,9999.000,9999.000,9999.000
202604080430,   0.754,  -0.331,9999.000,9999.000,9999.000,9999.000,9999.000,9999.000,9999.000
202604080436,   0.747,  -0.321,9999.000,9999.000,9999.000,9999.000,9999.000,9999.000,9999.000
202604080442,   0.747,  -0.308,9999.000,9999.000,9999.000,9999.000,9999.000,9999.000,9999.000
202604080448,   0.754,  -0.278,9999.000,9999.000,9999.000,9999.000,9999.000,9999.000,9999.000
202604080454,   0.769,  -0.219,9999.000,9999.000,9999.000,9999.000,9999.000,9999.000,9999.000
202604080500,   0.793,  -0.150,  -0.300,  -0.643,  -0.150,  -0.400,  -0.250,  -0.100,   0.050
202604080506,   0.826,  -0.039,9999.000,9999.000,9999.000,9999.000,9999.000,9999.000,9999.000
202604080512,   0.869,   0.098,9999.000,9999.000,9999.000,9999.000,9999.000,9999.000,9999.000
202604080518,   0.924,   0.278,9999.000,9999.000,9999.000,9999.000,9999.000,9999.000,9999.000
202604080524,   0.989,   0.439,9999.000,9999.000,9999.000,9999.000,9999.000,9999.000,9999.000
202604080530,   1.065,   0.629,9999.000,9999.000,9999.000,9999.000,9999.000,9999.000,9999.000
202604080536,   1.153,   0.829,9999.000,9999.000,9999.000,9999.000,9999.000,9999.000,9999.000
202604080542,   1.253,   1.020,9999.000,9999.000,9999.000,9999.000,9999.000,9999.000,9999.000
202604080548,   1.364,   1.200,9999.000,9999.000,9999.000,9999.000,9999.000,9999.000,9999.000
202604080554,   1.487,   1.371,9999.000,9999.000,9999.000,9999.000,9999.000,9999.000,9999.000
202604080600,   1.620,   1.528,  -0.400,   0.308,   1.528,  -0.500,   1.428,  -0.300,   1.628
202604080606,   1.764,   1.689,9999.000,9999.000,9999.000,9999.000,9999.000,9999.000,9999.000
202604080612,   1.917,   1.859,9999.000,9999.000,9999.000,9999.000,9999.000,9999.000,9999.000
202604080618,   2.079,   2.020,9999.000,9999.000,9999.000,9999.000,9999.000,9999.000,9999.000
202604080624,   2.248,   2.177,9999.000,9999.000,9999.000,9999.000,9999.000,9999.000,9999.000
202604080630,   2.424,   2.318,9999.000,9999.000,9999.000,9999.000,9999.000,9999.000,9999.000
202604080636,   2.605,   2.469,9999.000,9999.000,9999.000,9999.000,9999.000,9999.000,9999.000
202604080642,   2.789,   2.610,9999.000,9999.000,9999.000,9999.000,9999.000,9999.000,9999.000
202604080648,   2.976,   2.738,9999.000,9999.000,9999.000,9999.000,9999.000,9999.000,9999.000
202604080654,   3.164,   2.869,9999.000,9999.000,9999.000,9999.000,9999.000,9999.000,9999.000
202604080700,   3.352,   2.997,  -0.400,   0.045,   2.997,  -0.500,   2.897,  -0.300,   3.097
202604080706,   3.537,   3.129,9999.000,9999.000,9999.000,9999.000,9999.000,9999.000,9999.000
202604080712,   3.720,   3.270,9999.000,9999.000,9999.000,9999.000,9999.000,9999.000,9999.000
202604080718,   3.899,   3.398,9999.000,9999.000,9999.000,9999.000,9999.000,9999.000,9999.000
202604080724,   4.072,   3.509,9999.000,9999.000,9999.000,9999.000,9999.000,9999.000,9999.000
202604080730,   4.239,   3.637,9999.000,9999.000,9999.000,9999.000,9999.000,9999.000,9999.000
202604080736,   4.398,   3.778,9999.000,9999.000,9999.000,9999.000,9999.000,9999.000,9999.000
202604080742,   4.551,   3.919,9999.000,9999.000,9999.000,9999.000,9999.000,9999.000,9999.000
202604080748,   4.695,   4.057,9999.000,9999.000,9999.000,9999.000,9999.000,9999.000,9999.000
202604080754,   4.831,   4.188,9999.000,9999.000,9999.000,9999.000,9999.000,9999.000,9999.000
202604080800,   4.958,   4.309,  -0.400,  -0.249,   4.309,  -0.500,   4.209,  -0.300,   4.409
202604080806,   5.077,   4.437,9999.000,9999.000,9999.000,9999.000,9999.000,9999.000,9999.000
202604080812,   5.188,   4.559,9999.000,9999.000,9999.000,9999.000,9999.000,9999.000,9999.000
202604080818,   5.291,   4.690,9999.000,9999.000,9999.000,9999.000,9999.000,9999.000,9999.000
202604080824,   5.387,   4.798,9999.000,9999.000,9999.000,9999.000,9999.000,9999.000,9999.000
202604080830,   5.476,   4.910,9999.000,9999.000,9999.000,9999.000,9999.000,9999.000,9999.000
202604080836,   5.558,   5.018,9999.000,9999.000,9999.000,9999.000,9999.000,9999.000,9999.000
202604080842,   5.634,   5.120,9999.000,9999.000,9999.000,9999.000,9999.000,9999.000,9999.000
202604080848,   5.705,   5.238,9999.000,9999.000,9999.000,9999.000,9999.000,9999.000,9999.000
202604080854,   5.772,   5.339,9999.000,9999.000,9999.000,9999.000,9999.000,9999.000,9999.000
202604080900,   5.834,   5.428,  -0.400,  -0.006,   5.428,  -0.500,   5.328,  -0.300,   5.528
202604080906,   5.892,   5.539,9999.000,9999.000,9999.000,9999.000,9999.000,9999.000,9999.000
202604080912,   5.948,   5.648,9999.000,9999.000,9999.000,9999.000,9999.000,9999.000,9999.000
202604080918,   6.000,   5.749,9999.000,9999.000,9999.000,9999.000,9999.000,9999.000,9999.000
202604080924,   6.049,   5.877,9999.000,9999.000,9999.000,9999.000,9999.000,9999.000,9999.000
202604080930,   6.096,   5.949,9999.000,9999.000,9999.000,9999.000,9999.000,9999.000,9999.000
202604080936,   6.139,   6.038,9999.000,9999.000,9999.000,9999.000,9999.000,9999.000,9999.000
202604080942,   6.180,   6.136,9999.000,9999.000,9999.000,9999.000,9999.000,9999.000,9999.000
202604080948,   6.218,   6.218,9999.000,9999.000,9999.000,9999.000,9999.000,9999.000,9999.000
202604080954,   6.252,   6.268,9999.000,9999.000,9999.000,9999.000,9999.000,9999.000,9999.000
202604081000,   6.283,   6.307,  -0.400,   0.424,   6.307,  -0.500,   6.207,  -0.300,   6.407
202604081006,   6.309,   6.346,9999.000,9999.000,9999.000,9999.000,9999.000,9999.000,9999.000
202604081012,   6.330,   6.399,9999.000,9999.000,9999.000,9999.000,9999.000,9999.000,9999.000
202604081018,   6.346,   6.428,9999.000,9999.000,9999.000,9999.000,9999.000,9999.000,9999.000
202604081024,   6.356,   6.448,9999.000,9999.000,9999.000,9999.000,9999.000,9999.000,9999.000
202604081030,   6.360,   6.458,9999.000,9999.000,9999.000,9999.000,9999.000,9999.000,9999.000
202604081036,   6.357,   6.448,9999.000,9999.000,9999.000,9999.000,9999.000,9999.000,9999.000
202604081042,   6.347,   6.438,9999.000,9999.000,9999.000,9999.000,9999.000,9999.000,9999.000
202604081048,   6.329,   6.399,9999.000,9999.000,9999.000,9999.000,9999.000,9999.000,9999.000
202604081054,   6.304,   6.389,9999.000,9999.000,9999.000,9999.000,9999.000,9999.000,9999.000
202604081100,   6.270,   6.346,  -0.400,   0.476,   6.346,  -0.400,   6.346,  -0.300,   6.446
202604081106,   6.229,   6.287,9999.000,9999.000,9999.000,9999.000,9999.000,9999.000,9999.000
202604081112,   6.180,   6.209,9999.000,9999.000,9999.000,9999.000,9999.000,9999.000,9999.000
202604081118,   6.123,   6.127,9999.000,9999.000,9999.000,9999.000,9999.000,9999.000,9999.000
202604081124,   6.059,   6.048,9999.000,9999.000,9999.000,9999.000,9999.000,9999.000,9999.000
202604081130,   5.987,   5.979,9999.000,9999.000,9999.000,9999.000,9999.000,9999.000,9999.000
202604081136,   5.909,   5.907,9999.000,9999.000,9999.000,9999.000,9999.000,9999.000,9999.000
202604081142,   5.824,   5.808,9999.000,9999.000,9999.000,9999.000,9999.000,9999.000,9999.000
202604081148,   5.733,   5.730,9999.000,9999.000,9999.000,9999.000,9999.000,9999.000,9999.000
202604081154,   5.637,   5.638,9999.000,9999.000,9999.000,9999.000,9999.000,9999.000,9999.000
202604081200,   5.536,   5.539,  -0.300,   0.303,   5.539,  -0.400,   5.439,  -0.200,   5.639
202604081206,   5.430,   5.438,9999.000,9999.000,9999.000,9999.000,9999.000,9999.000,9999.000
202604081212,   5.321,   5.349,9999.000,9999.000,9999.000,9999.000,9999.000,9999.000,9999.000
202604081218,   5.209,   5.238,9999.000,9999.000,9999.000,9999.000,9999.000,9999.000,9999.000
202604081224,   5.094,   5.139,9999.000,9999.000,9999.000,9999.000,9999.000,9999.000,9999.000
202604081230,   4.977,   5.038,9999.000,9999.000,9999.000,9999.000,9999.000,9999.000,9999.000
202604081236,   4.858,   4.929,9999.000,9999.000,9999.000,9999.000,9999.000,9999.000,9999.000
202604081242,   4.738,   4.828,9999.000,9999.000,9999.000,9999.000,9999.000,9999.000,9999.000
202604081248,   4.617,   4.719,9999.000,9999.000,9999.000,9999.000,9999.000,9999.000,9999.000
202604081254,   4.496,   4.608,9999.000,9999.000,9999.000,9999.000,9999.000,9999.000,9999.000
202604081300,   4.374,   4.519,  -0.300,   0.445,   4.519,  -0.300,   4.519,  -0.200,   4.619
202604081306,   4.253,   4.427,9999.000,9999.000,9999.000,9999.000,9999.000,9999.000,9999.000
202604081312,   4.132,   4.319,9999.000,9999.000,9999.000,9999.000,9999.000,9999.000,9999.000
202604081318,   4.011,   4.218,9999.000,9999.000,9999.000,9999.000,9999.000,9999.000,9999.000
202604081324,   3.891,   4.109,9999.000,9999.000,9999.000,9999.000,9999.000,9999.000,9999.000
202604081330,   3.771,   4.008,9999.000,9999.000,9999.000,9999.000,9999.000,9999.000,9999.000
202604081336,   3.652,   3.899,9999.000,9999.000,9999.000,9999.000,9999.000,9999.000,9999.000
202604081342,   3.535,   3.798,9999.000,9999.000,9999.000,9999.000,9999.000,9999.000,9999.000
202604081348,   3.418,   3.689,9999.000,9999.000,9999.000,9999.000,9999.000,9999.000,9999.000
202604081354,   3.303,   3.588,9999.000,9999.000,9999.000,9999.000,9999.000,9999.000,9999.000
202604081400,   3.189,   3.480,  -0.200,   0.491,   3.480,  -0.300,   3.380,  -0.200,   3.480
202604081406,   3.077,   3.378,9999.000,9999.000,9999.000,9999.000,9999.000,9999.000,9999.000
202604081412,   2.967,   3.289,9999.000,9999.000,9999.000,9999.000,9999.000,9999.000,9999.000
202604081418,   2.858,   3.178,9999.000,9999.000,9999.000,9999.000,9999.000,9999.000,9999.000
202604081424,   2.751,   3.070,9999.000,9999.000,9999.000,9999.000,9999.000,9999.000,9999.000
202604081430,   2.647,   2.978,9999.000,9999.000,9999.000,9999.000,9999.000,9999.000,9999.000
202604081436,   2.545,   2.869,9999.000,9999.000,9999.000,9999.000,9999.000,9999.000,9999.000
202604081442,   2.445,   2.768,9999.000,9999.000,9999.000,9999.000,9999.000,9999.000,9999.000
202604081448,   2.347,   2.669,9999.000,9999.000,9999.000,9999.000,9999.000,9999.000,9999.000
202604081454,   2.252,   2.568,9999.000,9999.000,9999.000,9999.000,9999.000,9999.000,9999.000
202604081500,   2.160,   2.469,  -0.200,   0.509,   2.469,  -0.200,   2.469,  -0.100,   2.569
202604081506,   2.070,   2.358,9999.000,9999.000,9999.000,9999.000,9999.000,9999.000,9999.000
202604081512,   1.982,   2.250,9999.000,9999.000,9999.000,9999.000,9999.000,9999.000,9999.000
202604081518,   1.897,   2.148,9999.000,9999.000,9999.000,9999.000,9999.000,9999.000,9999.000
202604081524,   1.815,   2.049,9999.000,9999.000,9999.000,9999.000,9999.000,9999.000,9999.000
202604081530,   1.735,   1.967,9999.000,9999.000,9999.000,9999.000,9999.000,9999.000,9999.000
202604081536,   1.656,   1.869,9999.000,9999.000,9999.000,9999.000,9999.000,9999.000,9999.000
202604081542,   1.580,   1.767,9999.000,9999.000,9999.000,9999.000,9999.000,9999.000,9999.000
202604081548,   1.506,   1.669,9999.000,9999.000,9999.000,9999.000,9999.000,9999.000,9999.000
202604081554,   1.433,   1.557,9999.000,9999.000,9999.000,9999.000,9999.000,9999.000,9999.000
202604081600,   1.363,   1.469,  -0.100,   0.206,   1.469,  -0.200,   1.369,  -0.100,   1.469
202604081606,   1.294,   1.390,9999.000,9999.000,9999.000,9999.000,9999.000,9999.000,9999.000
202604081612,   1.227,   1.279,9999.000,9999.000,9999.000,9999.000,9999.000,9999.000,9999.000
202604081618,   1.161,   1.200,9999.000,9999.000,9999.000,9999.000,9999.000,9999.000,9999.000
202604081624,   1.098,   1.118,9999.000,9999.000,9999.000,9999.000,9999.000,9999.000,9999.000
202604081630,   1.037,   1.039,9999.000,9999.000,9999.000,9999.000,9999.000,9999.000,9999.000
202604081636,   0.978,   0.951,9999.000,9999.000,9999.000,9999.000,9999.000,9999.000,9999.000
202604081642,   0.923,   0.869,9999.000,9999.000,9999.000,9999.000,9999.000,9999.000,9999.000
202604081648,   0.871,   0.810,9999.000,9999.000,9999.000,9999.000,9999.000,9999.000,9999.000
202604081654,   0.823,   0.751,9999.000,9999.000,9999.000,9999.000,9999.000,9999.000,9999.000
202604081700,   0.779,   0.688,  -0.100,   0.009,   0.688,  -0.100,   0.688,  -0.100,   0.688
202604081706,   0.741,   0.639,9999.000,9999.000,9999.000,9999.000,9999.000,9999.000,9999.000
202604081712,   0.709,   0.590,9999.000,9999.000,9999.000,9999.000,9999.000,9999.000,9999.000
202604081718,   0.684,   0.570,9999.000,9999.000,9999.000,9999.000,9999.000,9999.000,9999.000
202604081724,   0.667,   0.541,9999.000,9999.000,9999.000,9999.000,9999.000,9999.000,9999.000
202604081730,   0.658,   0.541,9999.000,9999.000,9999.000,9999.000,9999.000,9999.000,9999.000
202604081736,   0.658,   0.560,9999.000,9999.000,9999.000,9999.000,9999.000,9999.000,9999.000
202604081742,   0.667,   0.590,9999.000,9999.000,9999.000,9999.000,9999.000,9999.000,9999.000
202604081748,   0.688,   0.659,9999.000,9999.000,9999.000,9999.000,9999.000,9999.000,9999.000
202604081754,   0.719,   0.770,9999.000,9999.000,9999.000,9999.000,9999.000,9999.000,9999.000
202604081800,   0.761,   0.908,   0.000,   0.147,   0.908,   0.000,   0.908,   0.100,   1.008
202604081806,   0.814,   1.079,9999.000,9999.000,9999.000,9999.000,9999.000,9999.000,9999.000
202604081812,   0.880,   1.279,9999.000,9999.000,9999.000,9999.000,9999.000,9999.000,9999.000
202604081818,   0.956,   1.469,9999.000,9999.000,9999.000,9999.000,9999.000,9999.000,9999.000
202604081824,   1.044,   1.669,9999.000,9999.000,9999.000,9999.000,9999.000,9999.000,9999.000
202604081830,   1.142,   1.859,9999.000,9999.000,9999.000,9999.000,9999.000,9999.000,9999.000
202604081836,   1.250,   2.049,9999.000,9999.000,9999.000,9999.000,9999.000,9999.000,9999.000
202604081842,   1.368,   2.230,9999.000,9999.000,9999.000,9999.000,9999.000,9999.000,9999.000
202604081848,   1.495,   2.410,9999.000,9999.000,9999.000,9999.000,9999.000,9999.000,9999.000
202604081854,   1.628,   2.587,9999.000,9999.000,9999.000,9999.000,9999.000,9999.000,9999.000
202604081900,   1.769,   2.738,   0.100,   0.869,   2.738,   0.000,   2.638,   0.100,   2.738
202604081906,   1.914,   2.889,9999.000,9999.000,9999.000,9999.000,9999.000,9999.000,9999.000
202604081912,   2.063,   3.040,9999.000,9999.000,9999.000,9999.000,9999.000,9999.000,9999.000
202604081918,   2.215,   3.178,9999.000,9999.000,9999.000,9999.000,9999.000,9999.000,9999.000
202604081924,   2.368,   3.319,9999.000,9999.000,9999.000,9999.000,9999.000,9999.000,9999.000
202604081930,   2.521,   3.450,9999.000,9999.000,9999.000,9999.000,9999.000,9999.000,9999.000
202604081936,   2.673,   3.568,9999.000,9999.000,9999.000,9999.000,9999.000,9999.000,9999.000
202604081942,   2.822,   3.680,9999.000,9999.000,9999.000,9999.000,9999.000,9999.000,9999.000
202604081948,   2.969,   3.798,9999.000,9999.000,9999.000,9999.000,9999.000,9999.000,9999.000
202604081954,   3.111,   3.919,9999.000,9999.000,9999.000,9999.000,9999.000,9999.000,9999.000
202604082000,   3.249,   4.027,   0.100,   0.678,   4.027,   0.100,   4.027,   0.200,   4.127
202604082006,   3.381,   4.149,9999.000,9999.000,9999.000,9999.000,9999.000,9999.000,9999.000
202604082012,   3.507,   4.257,9999.000,9999.000,9999.000,9999.000,9999.000,9999.000,9999.000
202604082018,   3.628,   4.368,9999.000,9999.000,9999.000,9999.000,9999.000,9999.000,9999.000
202604082024,   3.742,   4.480,9999.000,9999.000,9999.000,9999.000,9999.000,9999.000,9999.000
202604082030,   3.849,   4.578,9999.000,9999.000,9999.000,9999.000,9999.000,9999.000,9999.000
202604082036,   3.951,   4.690,9999.000,9999.000,9999.000,9999.000,9999.000,9999.000,9999.000
202604082042,   4.047,   4.778,9999.000,9999.000,9999.000,9999.000,9999.000,9999.000,9999.000
202604082048,   4.138,   4.877,9999.000,9999.000,9999.000,9999.000,9999.000,9999.000,9999.000
202604082054,   4.224,   4.959,9999.000,9999.000,9999.000,9999.000,9999.000,9999.000,9999.000
202604082100,   4.306,   5.047,   0.100,   0.641,   5.047,   0.100,   5.047,   0.200,   5.147
202604082106,   4.383,   5.129,9999.000,9999.000,9999.000,9999.000,9999.000,9999.000,9999.000
202604082112,   4.458,   5.208,9999.000,9999.000,9999.000,9999.000,9999.000,9999.000,9999.000
202604082118,   4.530,   5.287,9999.000,9999.000,9999.000,9999.000,9999.000,9999.000,9999.000
202604082124,   4.599,   5.349,9999.000,9999.000,9999.000,9999.000,9999.000,9999.000,9999.000
202604082130,   4.667,   5.418,9999.000,9999.000,9999.000,9999.000,9999.000,9999.000,9999.000
202604082136,   4.733,   5.487,9999.000,9999.000,9999.000,9999.000,9999.000,9999.000,9999.000
202604082142,   4.798,   5.549,9999.000,9999.000,9999.000,9999.000,9999.000,9999.000,9999.000
202604082148,   4.862,   5.608,9999.000,9999.000,9999.000,9999.000,9999.000,9999.000,9999.000
202604082154,   4.924,   5.677,9999.000,9999.000,9999.000,9999.000,9999.000,9999.000,9999.000
202604082200,   4.985,   5.749,   0.200,   0.564,   5.749,   0.100,   5.649,   0.200,   5.749
202604082206,   5.045,   5.818,9999.000,9999.000,9999.000,9999.000,9999.000,9999.000,9999.000
202604082212,   5.102,   5.887,9999.000,9999.000,9999.000,9999.000,9999.000,9999.000,9999.000
202604082218,   5.157,   5.949,9999.000,9999.000,9999.000,9999.000,9999.000,9999.000,9999.000
202604082224,   5.210,   5.999,9999.000,9999.000,9999.000,9999.000,9999.000,9999.000,9999.000
202604082230,   5.259,   6.048,9999.000,9999.000,9999.000,9999.000,9999.000,9999.000,9999.000
202604082236,   5.304,   6.067,9999.000,9999.000,9999.000,9999.000,9999.000,9999.000,9999.000
202604082242,   5.344,   6.077,9999.000,9999.000,9999.000,9999.000,9999.000,9999.000,9999.000
202604082248,   5.379,   6.077,9999.000,9999.000,9999.000,9999.000,9999.000,9999.000,9999.000
202604082254,   5.409,   6.058,9999.000,9999.000,9999.000,9999.000,9999.000,9999.000,9999.000
202604082300,   5.431,   6.048,   0.200,   0.417,   6.048,   0.200,   6.048,   0.300,   6.148
202604082306,   5.447,   6.038,9999.000,9999.000,9999.000,9999.000,9999.000,9999.000,9999.000
202604082312,   5.455,   5.999,9999.000,9999.000,9999.000,9999.000,9999.000,9999.000,9999.000
202604082318,   5.455,   5.949,9999.000,9999.000,9999.000,9999.000,9999.000,9999.000,9999.000
202604082324,   5.447,   5.897,9999.000,9999.000,9999.000,9999.000,9999.000,9999.000,9999.000
202604082330,   5.430,   5.838,9999.000,9999.000,9999.000,9999.000,9999.000,9999.000,9999.000
202604082336,   5.406,   5.769,9999.000,9999.000,9999.000,9999.000,9999.000,9999.000,9999.000
202604082342,   5.372,   5.697,9999.000,9999.000,9999.000,9999.000,9999.000,9999.000,9999.000
202604082348,   5.330,   5.638,9999.000,9999.000,9999.000,9999.000,9999.000,9999.000,9999.000
202604082354,   5.280,   5.559,9999.000,9999.000,9999.000,9999.000,9999.000,9999.000,9999.000
202604090000,   5.222,   5.457,   0.400,  -0.165,   5.457,   0.400,   5.457,   0.500,   5.557
202604090006,   5.157,   5.379,9999.000,9999.000,9999.000,9999.000,9999.000,9999.000,9999.000
202604090012,   5.084,   5.277,9999.000,9999.000,9999.000,9999.000,9999.000,9999.000,9999.000
202604090018,   5.005,   5.179,9999.000,9999.000,9999.000,9999.000,9999.000,9999.000,9999.000
202604090024,   4.920,   5.077,9999.000,9999.000,9999.000,9999.000,9999.000,9999.000,9999.000
202604090030,   4.829,   4.959,9999.000,9999.000,9999.000,9999.000,9999.000,9999.000,9999.000
202604090036,   4.734,   4.857,9999.000,9999.000,9999.000,9999.000,9999.000,9999.000,9999.000
202604090042,   4.633,   4.759,9999.000,9999.000,9999.000,9999.000,9999.000,9999.000,9999.000
202604090048,   4.529,   4.667,9999.000,9999.000,9999.000,9999.000,9999.000,9999.000,9999.000
202604090054,   4.422,   4.559,9999.000,9999.000,9999.000,9999.000,9999.000,9999.000,9999.000
202604090100,   4.311,   4.467,   0.400,  -0.244,   4.467,   0.400,   4.467,   0.500,   4.567
202604090106,   4.199,   4.368,9999.000,9999.000,9999.000,9999.000,9999.000,9999.000,9999.000
202604090112,   4.084,   4.280,9999.000,9999.000,9999.000,9999.000,9999.000,9999.000,9999.000
202604090118,   3.967,   4.178,9999.000,9999.000,9999.000,9999.000,9999.000,9999.000,9999.000
202604090124,   3.850,   4.090,9999.000,9999.000,9999.000,9999.000,9999.000,9999.000,9999.000
202604090130,   3.731,   3.988,9999.000,9999.000,9999.000,9999.000,9999.000,9999.000,9999.000
202604090136,   3.612,   3.899,9999.000,9999.000,9999.000,9999.000,9999.000,9999.000,9999.000
202604090142,   3.493,   3.798,9999.000,9999.000,9999.000,9999.000,9999.000,9999.000,9999.000
202604090148,   3.373,   3.709,9999.000,9999.000,9999.000,9999.000,9999.000,9999.000,9999.000
202604090154,   3.254,   3.617,9999.000,9999.000,9999.000,9999.000,9999.000,9999.000,9999.000
202604090200,   3.135,   3.519,   0.400,  -0.016,   3.519,   0.400,   3.519,   0.500,   3.619
202604090206,   3.017,   3.427,9999.000,9999.000,9999.000,9999.000,9999.000,9999.000,9999.000
202604090212,   2.900,   3.319,9999.000,9999.000,9999.000,9999.000,9999.000,9999.000,9999.000
202604090218,   2.784,   3.230,9999.000,9999.000,9999.000,9999.000,9999.000,9999.000,9999.000
202604090224,   2.669,   3.119,9999.000,9999.000,9999.000,9999.000,9999.000,9999.000,9999.000
202604090230,   2.557,   3.017,9999.000,9999.000,9999.000,9999.000,9999.000,9999.000,9999.000
202604090236,   2.446,   2.938,9999.000,9999.000,9999.000,9999.000,9999.000,9999.000,9999.000
202604090242,   2.338,   2.840,9999.000,9999.000,9999.000,9999.000,9999.000,9999.000,9999.000
202604090248,   2.232,   2.738,9999.000,9999.000,9999.000,9999.000,9999.000,9999.000,9999.000
202604090254,   2.129,   2.650,9999.000,9999.000,9999.000,9999.000,9999.000,9999.000,9999.000
202604090300,   2.029,   2.558,   0.500,   0.029,   2.558,   0.400,   2.458,   0.500,   2.558
202604090306,   1.933,   2.469,9999.000,9999.000,9999.000,9999.000,9999.000,9999.000,9999.000
202604090312,   1.840,   2.368,9999.000,9999.000,9999.000,9999.000,9999.000,9999.000,9999.000
202604090318,   1.750,   2.289,9999.000,9999.000,9999.000,9999.000,9999.000,9999.000,9999.000
202604090324,   1.665,   2.200,9999.000,9999.000,9999.000,9999.000,9999.000,9999.000,9999.000
202604090330,   1.583,   2.118,9999.000,9999.000,9999.000,9999.000,9999.000,9999.000,9999.000
202604090336,   1.505,   2.030,9999.000,9999.000,9999.000,9999.000,9999.000,9999.000,9999.000
202604090342,   1.432,   1.958,9999.000,9999.000,9999.000,9999.000,9999.000,9999.000,9999.000
202604090348,   1.362,   1.879,9999.000,9999.000,9999.000,9999.000,9999.000,9999.000,9999.000
202604090354,   1.296,   1.810,9999.000,9999.000,9999.000,9999.000,9999.000,9999.000,9999.000
202604090400,   1.234,   1.728,   0.500,  -0.006,   1.728,   0.400,   1.628,   0.500,   1.728
202604090406,   1.176,   1.669,9999.000,9999.000,9999.000,9999.000,9999.000,9999.000,9999.000
202604090412,   1.122,   1.600,9999.000,9999.000,9999.000,9999.000,9999.000,9999.000,9999.000
202604090418,   1.071,   1.548,9999.000,9999.000,9999.000,9999.000,9999.000,9999.000,9999.000
202604090424,   1.024,   1.489,9999.000,9999.000,9999.000,9999.000,9999.000,9999.000,9999.000
202604090430,   0.981,   1.430,9999.000,9999.000,9999.000,9999.000,9999.000,9999.000,9999.000
202604090436,   0.941,   1.390,9999.000,9999.000,9999.000,9999.000,9999.000,9999.000,9999.000
202604090442,   0.905,   1.348,9999.000,9999.000,9999.000,9999.000,9999.000,9999.000,9999.000
202604090448,   0.872,   1.318,9999.000,9999.000,9999.000,9999.000,9999.000,9999.000,9999.000
202604090454,   0.844,   1.308,9999.000,9999.000,9999.000,9999.000,9999.000,9999.000,9999.000
202604090500,   0.819,   1.298,   0.500,  -0.021,   1.298,   0.400,   1.198,   0.600,   1.398
202604090506,   0.799,   1.298,9999.000,9999.000,9999.000,9999.000,9999.000,9999.000,9999.000
202604090512,   0.784,   1.328,9999.000,9999.000,9999.000,9999.000,9999.000,9999.000,9999.000
202604090518,   0.774,   1.361,9999.000,9999.000,9999.000,9999.000,9999.000,9999.000,9999.000
202604090524,   0.770,   1.430,9999.000,9999.000,9999.000,9999.000,9999.000,9999.000,9999.000
202604090530,   0.773,   1.518,9999.000,9999.000,9999.000,9999.000,9999.000,9999.000,9999.000
202604090536,   0.782,   1.639,9999.000,9999.000,9999.000,9999.000,9999.000,9999.000,9999.000
202604090542,   0.800,   1.758,9999.000,9999.000,9999.000,9999.000,9999.000,9999.000,9999.000
202604090548,   0.825,   1.908,9999.000,9999.000,9999.000,9999.000,9999.000,9999.000,9999.000
202604090554,   0.860,   2.069,9999.000,9999.000,9999.000,9999.000,9999.000,9999.000,9999.000
202604090600,   0.904,   2.210,   0.500,   0.806,   2.210,   0.500,   2.210,   0.600,   2.310
202604090606,   0.958,   2.358,9999.000,9999.000,9999.000,9999.000,9999.000,9999.000,9999.000
202604090612,   1.022,   2.519,9999.000,9999.000,9999.000,9999.000,9999.000,9999.000,9999.000
202604090618,   1.098,   2.660,9999.000,9999.000,9999.000,9999.000,9999.000,9999.000,9999.000
202604090624,   1.184,   2.807,9999.000,9999.000,9999.000,9999.000,9999.000,9999.000,9999.000
202604090630,   1.282,   2.948,9999.000,9999.000,9999.000,9999.000,9999.000,9999.000,9999.000
202604090636,   1.391,   3.099,9999.000,9999.000,9999.000,9999.000,9999.000,9999.000,9999.000
202604090642,   1.511,   3.250,9999.000,9999.000,9999.000,9999.000,9999.000,9999.000,9999.000
202604090648,   1.642,   3.398,9999.000,9999.000,9999.000,9999.000,9999.000,9999.000,9999.000
202604090654,   1.782,   3.509,9999.000,9999.000,9999.000,9999.000,9999.000,9999.000,9999.000
202604090700,   1.932,   3.650,   0.500,   1.218,   3.650,   0.500,   3.650,   0.500,   3.650
202604090706,   2.090,   3.758,9999.000,9999.000,9999.000,9999.000,9999.000,9999.000,9999.000
202604090712,   2.256,   3.890,9999.000,9999.000,9999.000,9999.000,9999.000,9999.000,9999.000
202604090718,   2.428,   4.008,9999.000,9999.000,9999.000,9999.000,9999.000,9999.000,9999.000
202604090724,   2.605,   4.149,9999.000,9999.000,9999.000,9999.000,9999.000,9999.000,9999.000
202604090730,   2.786,   4.267,9999.000,9999.000,9999.000,9999.000,9999.000,9999.000,9999.000
202604090736,   2.970,   4.378,9999.000,9999.000,9999.000,9999.000,9999.000,9999.000,9999.000
202604090742,   3.154,   4.490,9999.000,9999.000,9999.000,9999.000,9999.000,9999.000,9999.000
202604090748,   3.338,   4.628,9999.000,9999.000,9999.000,9999.000,9999.000,9999.000,9999.000
202604090754,   3.520,   4.739,9999.000,9999.000,9999.000,9999.000,9999.000,9999.000,9999.000
202604090800,   3.699,   4.857,   0.500,   0.658,   4.857,   0.400,   4.757,   0.500,   4.857
202604090806,   3.875,   4.979,9999.000,9999.000,9999.000,9999.000,9999.000,9999.000,9999.000
202604090812,   4.044,   5.097,9999.000,9999.000,9999.000,9999.000,9999.000,9999.000,9999.000
202604090818,   4.208,   5.218,9999.000,9999.000,9999.000,9999.000,9999.000,9999.000,9999.000
202604090824,   4.364,   5.307,9999.000,9999.000,9999.000,9999.000,9999.000,9999.000,9999.000
202604090830,   4.513,   5.428,9999.000,9999.000,9999.000,9999.000,9999.000,9999.000,9999.000
202604090836,   4.654,   5.516,9999.000,9999.000,9999.000,9999.000,9999.000,9999.000,9999.000
202604090842,   4.786,   5.628,9999.000,9999.000,9999.000,9999.000,9999.000,9999.000,9999.000
202604090848,   4.910,   5.739,9999.000,9999.000,9999.000,9999.000,9999.000,9999.000,9999.000
202604090854,   5.025,   5.828,9999.000,9999.000,9999.000,9999.000,9999.000,9999.000,9999.000
202604090900,   5.132,   5.917,   0.500,   0.285,   5.917,   0.400,   5.817,   0.500,   5.917
202604090906,   5.231,   6.008,9999.000,9999.000,9999.000,9999.000,9999.000,9999.000,9999.000
202604090912,   5.322,   6.097,9999.000,9999.000,9999.000,9999.000,9999.000,9999.000,9999.000
202604090918,   5.406,   6.179,9999.000,9999.000,9999.000,9999.000,9999.000,9999.000,9999.000
202604090924,   5.483,   6.287,9999.000,9999.000,9999.000,9999.000,9999.000,9999.000,9999.000
202604090930,   5.555,   6.379,9999.000,9999.000,9999.000,9999.000,9999.000,9999.000,9999.000
202604090936,   5.621,   6.458,9999.000,9999.000,9999.000,9999.000,9999.000,9999.000,9999.000
202604090942,   5.682,   6.556,9999.000,9999.000,9999.000,9999.000,9999.000,9999.000,9999.000
202604090948,   5.739,   6.638,9999.000,9999.000,9999.000,9999.000,9999.000,9999.000,9999.000
202604090954,   5.793,   6.727,9999.000,9999.000,9999.000,9999.000,9999.000,9999.000,9999.000
202604091000,   5.843,   6.799,   0.500,   0.456,   6.799,   0.400,   6.699,   0.500,   6.799
202604091006,   5.891,   6.858,9999.000,9999.000,9999.000,9999.000,9999.000,9999.000,9999.000
202604091012,   5.936,   6.917,9999.000,9999.000,9999.000,9999.000,9999.000,9999.000,9999.000
202604091018,   5.979,   6.956,9999.000,9999.000,9999.000,9999.000,9999.000,9999.000,9999.000
202604091024,   6.019,   6.989,9999.000,9999.000,9999.000,9999.000,9999.000,9999.000,9999.000
202604091030,   6.057,   7.019,9999.000,9999.000,9999.000,9999.000,9999.000,9999.000,9999.000
202604091036,   6.092,   7.038,9999.000,9999.000,9999.000,9999.000,9999.000,9999.000,9999.000
202604091042,   6.124,   7.038,9999.000,9999.000,9999.000,9999.000,9999.000,9999.000,9999.000
202604091048,   6.153,   7.048,9999.000,9999.000,9999.000,9999.000,9999.000,9999.000,9999.000
202604091054,   6.179,   7.038,9999.000,9999.000,9999.000,9999.000,9999.000,9999.000,9999.000
202604091100,   6.200,   7.019,   0.400,   0.419,   7.019,   0.400,   7.019,   0.500,   7.119
202604091106,   6.216,   6.999,9999.000,9999.000,9999.000,9999.000,9999.000,9999.000,9999.000
202604091112,   6.228,   6.979,9999.000,9999.000,9999.000,9999.000,9999.000,9999.000,9999.000
202604091118,   6.233,   6.927,9999.000,9999.000,9999.000,9999.000,9999.000,9999.000,9999.000
202604091124,   6.233,   6.868,9999.000,9999.000,9999.000,9999.000,9999.000,9999.000,9999.000
202604091130,   6.226,   6.809,9999.000,9999.000,9999.000,9999.000,9999.000,9999.000,9999.000
202604091136,   6.212,   6.756,9999.000,9999.000,9999.000,9999.000,9999.000,9999.000,9999.000
202604091142,   6.190,   6.678,9999.000,9999.000,9999.000,9999.000,9999.000,9999.000,9999.000
202604091148,   6.161,   6.589,9999.000,9999.000,9999.000,9999.000,9999.000,9999.000,9999.000
202604091154,   6.125,   6.517,9999.000,9999.000,9999.000,9999.000,9999.000,9999.000,9999.000
202604091200,   6.081,   6.517,   0.400,   0.036,   6.517,   0.400,   6.517,   0.500,   6.617
202604091206,   6.029,   6.336,9999.000,9999.000,9999.000,9999.000,9999.000,9999.000,9999.000
202604091212,   5.970,   6.248,9999.000,9999.000,9999.000,9999.000,9999.000,9999.000,9999.000
202604091218,   5.903,   6.159,9999.000,9999.000,9999.000,9999.000,9999.000,9999.000,9999.000
202604091224,   5.830,   6.058,9999.000,9999.000,9999.000,9999.000,9999.000,9999.000,9999.000
202604091230,   5.751,   5.949,9999.000,9999.000,9999.000,9999.000,9999.000,9999.000,9999.000
202604091236,   5.665,   5.848,9999.000,9999.000,9999.000,9999.000,9999.000,9999.000,9999.000
202604091242,   5.574,   5.739,9999.000,9999.000,9999.000,9999.000,9999.000,9999.000,9999.000
202604091248,   5.478,   5.638,9999.000,9999.000,9999.000,9999.000,9999.000,9999.000,9999.000
202604091254,   5.377,   5.539,9999.000,9999.000,9999.000,9999.000,9999.000,9999.000,9999.000
202604091300,   5.273,   5.428,   0.400,  -0.245,   5.428,   0.400,   5.428,   0.500,   5.528
202604091306,   5.165,   5.320,9999.000,9999.000,9999.000,9999.000,9999.000,9999.000,9999.000
202604091312,   5.055,   5.208,9999.000,9999.000,9999.000,9999.000,9999.000,9999.000,9999.000
202604091318,   4.942,   5.110,9999.000,9999.000,9999.000,9999.000,9999.000,9999.000,9999.000
202604091324,   4.827,   5.008,9999.000,9999.000,9999.000,9999.000,9999.000,9999.000,9999.000
202604091330,   4.711,   4.900,9999.000,9999.000,9999.000,9999.000,9999.000,9999.000,9999.000
202604091336,   4.594,   4.798,9999.000,9999.000,9999.000,9999.000,9999.000,9999.000,9999.000
202604091342,   4.476,   4.690,9999.000,9999.000,9999.000,9999.000,9999.000,9999.000,9999.000
202604091348,   4.358,   4.578,9999.000,9999.000,9999.000,9999.000,9999.000,9999.000,9999.000
202604091354,   4.239,   4.480,9999.000,9999.000,9999.000,9999.000,9999.000,9999.000,9999.000
202604091400,   4.121,   4.378,   0.400,  -0.143,   4.378,   0.400,   4.378,   0.400,   4.378
202604091406,   4.003,   4.267,9999.000,9999.000,9999.000,9999.000,9999.000,9999.000,9999.000
202604091412,   3.885,   4.168,9999.000,9999.000,9999.000,9999.000,9999.000,9999.000,9999.000
202604091418,   3.768,   4.070,9999.000,9999.000,9999.000,9999.000,9999.000,9999.000,9999.000
202604091424,   3.652,   3.968,9999.000,9999.000,9999.000,9999.000,9999.000,9999.000,9999.000
202604091430,   3.537,   3.870,9999.000,9999.000,9999.000,9999.000,9999.000,9999.000,9999.000
202604091436,   3.423,   3.768,9999.000,9999.000,9999.000,9999.000,9999.000,9999.000,9999.000
202604091442,   3.310,   3.670,9999.000,9999.000,9999.000,9999.000,9999.000,9999.000,9999.000
202604091448,   3.199,   3.568,9999.000,9999.000,9999.000,9999.000,9999.000,9999.000,9999.000
202604091454,   3.089,   3.450,9999.000,9999.000,9999.000,9999.000,9999.000,9999.000,9999.000
202604091500,   2.980,   3.348,   0.400,  -0.032,   3.348,   0.300,   3.248,   0.400,   3.348
202604091506,   2.874,   3.240,9999.000,9999.000,9999.000,9999.000,9999.000,9999.000,9999.000
202604091512,   2.769,   3.148,9999.000,9999.000,9999.000,9999.000,9999.000,9999.000,9999.000
202604091518,   2.667,   3.050,9999.000,9999.000,9999.000,9999.000,9999.000,9999.000,9999.000
202604091524,   2.566,   2.938,9999.000,9999.000,9999.000,9999.000,9999.000,9999.000,9999.000
202604091530,   2.468,   2.840,9999.000,9999.000,9999.000,9999.000,9999.000,9999.000,9999.000
202604091536,   2.373,   2.738,9999.000,9999.000,9999.000,9999.000,9999.000,9999.000,9999.000
202604091542,   2.280,   2.630,9999.000,9999.000,9999.000,9999.000,9999.000,9999.000,9999.000
202604091548,   2.190,   2.538,9999.000,9999.000,9999.000,9999.000,9999.000,9999.000,9999.000
202604091554,   2.102,   2.430,9999.000,9999.000,9999.000,9999.000,9999.000,9999.000,9999.000
202604091600,   2.017,   2.338,   0.400,  -0.079,   2.338,   0.300,   2.238,   0.400,   2.338
202604091606,   1.935,   2.250,9999.000,9999.000,9999.000,9999.000,9999.000,9999.000,9999.000
202604091612,   1.855,   2.148,9999.000,9999.000,9999.000,9999.000,9999.000,9999.000,9999.000
202604091618,   1.777,   2.059,9999.000,9999.000,9999.000,9999.000,9999.000,9999.000,9999.000
202604091624,   1.702,   1.958,9999.000,9999.000,9999.000,9999.000,9999.000,9999.000,9999.000
202604091630,   1.629,   1.859,9999.000,9999.000,9999.000,9999.000,9999.000,9999.000,9999.000
202604091636,   1.557,   1.767,9999.000,9999.000,9999.000,9999.000,9999.000,9999.000,9999.000
202604091642,   1.488,   1.679,9999.000,9999.000,9999.000,9999.000,9999.000,9999.000,9999.000
202604091648,   1.421,   1.600,9999.000,9999.000,9999.000,9999.000,9999.000,9999.000,9999.000
202604091654,   1.355,   1.508,9999.000,9999.000,9999.000,9999.000,9999.000,9999.000,9999.000
202604091700,   1.291,   1.430,   0.300,  -0.161,   1.430,   0.300,   1.430,   0.400,   1.530
202604091706,   1.229,   1.338,9999.000,9999.000,9999.000,9999.000,9999.000,9999.000,9999.000
202604091712,   1.169,   1.259,9999.000,9999.000,9999.000,9999.000,9999.000,9999.000,9999.000
202604091718,   1.111,   1.180,9999.000,9999.000,9999.000,9999.000,9999.000,9999.000,9999.000
202604091724,   1.055,   1.118,9999.000,9999.000,9999.000,9999.000,9999.000,9999.000,9999.000
202604091730,   1.002,   1.049,9999.000,9999.000,9999.000,9999.000,9999.000,9999.000,9999.000
202604091736,   0.952,   1.000,9999.000,9999.000,9999.000,9999.000,9999.000,9999.000,9999.000
202604091742,   0.906,   0.961,9999.000,9999.000,9999.000,9999.000,9999.000,9999.000,9999.000
202604091748,   0.864,   0.888,9999.000,9999.000,9999.000,9999.000,9999.000,9999.000,9999.000
202604091754,   0.827,   0.760,9999.000,9999.000,9999.000,9999.000,9999.000,9999.000,9999.000
202604091800,   0.796,   0.751,   0.300,  -0.345,   0.751,   0.300,   0.751,   0.400,   0.851
202604091806,   0.770,   0.731,9999.000,9999.000,9999.000,9999.000,9999.000,9999.000,9999.000
202604091812,   0.752,   0.698,9999.000,9999.000,9999.000,9999.000,9999.000,9999.000,9999.000
202604091818,   0.742,   0.708,9999.000,9999.000,9999.000,9999.000,9999.000,9999.000,9999.000
202604091824,   0.740,   0.708,9999.000,9999.000,9999.000,9999.000,9999.000,9999.000,9999.000
202604091830,   0.748,   0.718,9999.000,9999.000,9999.000,9999.000,9999.000,9999.000,9999.000
202604091836,   0.765,   0.770,9999.000,9999.000,9999.000,9999.000,9999.000,9999.000,9999.000
202604091842,   0.793,   0.839,9999.000,9999.000,9999.000,9999.000,9999.000,9999.000,9999.000
202604091848,   0.831,   0.918,9999.000,9999.000,9999.000,9999.000,9999.000,9999.000,9999.000
202604091854,   0.881,   1.020,9999.000,9999.000,9999.000,9999.000,9999.000,9999.000,9999.000
202604091900,   0.941,   1.128,   0.300,  -0.113,   1.128,   0.300,   1.128,   0.400,   1.228
202604091906,   1.013,   1.269,9999.000,9999.000,9999.000,9999.000,9999.000,9999.000,9999.000
202604091912,   1.095,   1.420,9999.000,9999.000,9999.000,9999.000,9999.000,9999.000,9999.000
202604091918,   1.188,   1.590,9999.000,9999.000,9999.000,9999.000,9999.000,9999.000,9999.000
202604091924,   1.291,   1.748,9999.000,9999.000,9999.000,9999.000,9999.000,9999.000,9999.000
202604091930,   1.404,   1.899,9999.000,9999.000,9999.000,9999.000,9999.000,9999.000,9999.000
202604091936,   1.524,   2.049,9999.000,9999.000,9999.000,9999.000,9999.000,9999.000,9999.000
202604091942,   1.653,   2.210,9999.000,9999.000,9999.000,9999.000,9999.000,9999.000,9999.000
202604091948,   1.788,   2.358,9999.000,9999.000,9999.000,9999.000,9999.000,9999.000,9999.000
202604091954,   1.928,   2.528,9999.000,9999.000,9999.000,9999.000,9999.000,9999.000,9999.000
202604092000,   2.072,   2.679,   0.300,   0.307,   2.679,   0.300,   2.679,   0.400,   2.779
202604092006,   2.219,   2.807,9999.000,9999.000,9999.000,9999.000,9999.000,9999.000,9999.000
202604092012,   2.367,   2.948,9999.000,9999.000,9999.000,9999.000,9999.000,9999.000,9999.000
202604092018,   2.516,   3.079,9999.000,9999.000,9999.000,9999.000,9999.000,9999.000,9999.000
202604092024,   2.664,   3.197,9999.000,9999.000,9999.000,9999.000,9999.000,9999.000,9999.000
202604092030,   2.810,   3.319,9999.000,9999.000,9999.000,9999.000,9999.000,9999.000,9999.000
202604092036,   2.953,   3.450,9999.000,9999.000,9999.000,9999.000,9999.000,9999.000,9999.000
202604092042,   3.092,   3.558,9999.000,9999.000,9999.000,9999.000,9999.000,9999.000,9999.000
202604092048,   3.226,   3.670,9999.000,9999.000,9999.000,9999.000,9999.000,9999.000,9999.000
202604092054,   3.355,   3.778,9999.000,9999.000,9999.000,9999.000,9999.000,9999.000,9999.000
202604092100,   3.478,   3.890,   0.300,   0.112,   3.890,   0.300,   3.890,   0.400,   3.990
202604092106,   3.596,   3.998,9999.000,9999.000,9999.000,9999.000,9999.000,9999.000,9999.000
202604092112,   3.707,   4.099,9999.000,9999.000,9999.000,9999.000,9999.000,9999.000,9999.000
202604092118,   3.812,   4.208,9999.000,9999.000,9999.000,9999.000,9999.000,9999.000,9999.000
202604092124,   3.910,   4.300,9999.000,9999.000,9999.000,9999.000,9999.000,9999.000,9999.000
202604092130,   4.003,   4.378,9999.000,9999.000,9999.000,9999.000,9999.000,9999.000,9999.000
202604092136,   4.091,   4.480,9999.000,9999.000,9999.000,9999.000,9999.000,9999.000,9999.000
202604092142,   4.174,   4.578,9999.000,9999.000,9999.000,9999.000,9999.000,9999.000,9999.000
202604092148,   4.252,   4.657,9999.000,9999.000,9999.000,9999.000,9999.000,9999.000,9999.000
202604092154,   4.327,   4.739,9999.000,9999.000,9999.000,9999.000,9999.000,9999.000,9999.000
202604092200,   4.398,   4.837,   0.300,   0.139,   4.837,   0.300,   4.837,   0.400,   4.937
202604092206,   4.467,   4.919,9999.000,9999.000,9999.000,9999.000,9999.000,9999.000,9999.000
202604092212,   4.533,   4.988,9999.000,9999.000,9999.000,9999.000,9999.000,9999.000,9999.000
202604092218,   4.598,   5.067,9999.000,9999.000,9999.000,9999.000,9999.000,9999.000,9999.000
202604092224,   4.662,   5.139,9999.000,9999.000,9999.000,9999.000,9999.000,9999.000,9999.000
202604092230,   4.724,   5.218,9999.000,9999.000,9999.000,9999.000,9999.000,9999.000,9999.000
202604092236,   4.785,   5.277,9999.000,9999.000,9999.000,9999.000,9999.000,9999.000,9999.000
202604092242,   4.846,   5.349,9999.000,9999.000,9999.000,9999.000,9999.000,9999.000,9999.000
202604092248,   4.906,   5.428,9999.000,9999.000,9999.000,9999.000,9999.000,9999.000,9999.000
202604092254,   4.964,   5.516,9999.000,9999.000,9999.000,9999.000,9999.000,9999.000,9999.000
202604092300,   5.021,   5.579,   0.300,   0.258,   5.579,   0.300,   5.579,   0.400,   5.679
202604092306,   5.077,   5.618,9999.000,9999.000,9999.000,9999.000,9999.000,9999.000,9999.000
202604092312,   5.130,   5.707,9999.000,9999.000,9999.000,9999.000,9999.000,9999.000,9999.000
202604092318,   5.180,   5.739,9999.000,9999.000,9999.000,9999.000,9999.000,9999.000,9999.000
202604092324,   5.227,   5.789,9999.000,9999.000,9999.000,9999.000,9999.000,9999.000,9999.000
202604092330,   5.270,   5.828,9999.000,9999.000,9999.000,9999.000,9999.000,9999.000,9999.000
202604092336,   5.308,   5.848,9999.000,9999.000,9999.000,9999.000,9999.000,9999.000,9999.000
202604092342,   5.340,   5.877,9999.000,9999.000,9999.000,9999.000,9999.000,9999.000,9999.000
202604092348,   5.367,   5.877,9999.000,9999.000,9999.000,9999.000,9999.000,9999.000,9999.000
202604092354,   5.387,   5.887,9999.000,9999.000,9999.000,9999.000,9999.000,9999.000,9999.000
202604100000,   5.400,   5.867,   0.200,   0.267,   5.867,   0.200,   5.867,   0.300,   5.967
202604100006,   5.406,   5.838,9999.000,9999.000,9999.000,9999.000,9999.000,9999.000,9999.000
202604100012,   5.403,   5.808,9999.000,9999.000,9999.000,9999.000,9999.000,9999.000,9999.000
202604100018,   5.393,   5.779,9999.000,9999.000,9999.000,9999.000,9999.000,9999.000,9999.000
202604100024,   5.374,   5.717,9999.000,9999.000,9999.000,9999.000,9999.000,9999.000,9999.000
202604100030,   5.347,   5.657,9999.000,9999.000,9999.000,9999.000,9999.000,9999.000,9999.000
202604100036,   5.311,   5.598,9999.000,9999.000,9999.000,9999.000,9999.000,9999.000,9999.000
202604100042,   5.267,   5.549,9999.000,9999.000,9999.000,9999.000,9999.000,9999.000,9999.000
202604100048,   5.215,   5.467,9999.000,9999.000,9999.000,9999.000,9999.000,9999.000,9999.000
202604100054,   5.156,   5.389,9999.000,9999.000,9999.000,9999.000,9999.000,9999.000,9999.000
202604100100,   5.090,   5.320,   0.200,   0.030,   5.320,   0.200,   5.320,   0.300,   5.420
202604100106,   5.016,   5.228,9999.000,9999.000,9999.000,9999.000,9999.000,9999.000,9999.000
202604100112,   4.936,   5.139,9999.000,9999.000,9999.000,9999.000,9999.000,9999.000,9999.000
202604100118,   4.851,   5.028,9999.000,9999.000,9999.000,9999.000,9999.000,9999.000,9999.000
202604100124,   4.760,   4.939,9999.000,9999.000,9999.000,9999.000,9999.000,9999.000,9999.000
202604100130,   4.664,   4.847,9999.000,9999.000,9999.000,9999.000,9999.000,9999.000,9999.000
202604100136,   4.565,   4.749,9999.000,9999.000,9999.000,9999.000,9999.000,9999.000,9999.000
202604100142,   4.461,   4.667,9999.000,9999.000,9999.000,9999.000,9999.000,9999.000,9999.000
202604100148,   4.355,   4.569,9999.000,9999.000,9999.000,9999.000,9999.000,9999.000,9999.000
202604100154,   4.245,   4.467,9999.000,9999.000,9999.000,9999.000,9999.000,9999.000,9999.000
202604100200,   4.134,   4.378,   0.300,  -0.056,   4.378,   0.200,   4.278,   0.300,   4.378
202604100206,   4.020,   4.280,9999.000,9999.000,9999.000,9999.000,9999.000,9999.000,9999.000
202604100212,   3.905,   4.178,9999.000,9999.000,9999.000,9999.000,9999.000,9999.000,9999.000
202604100218,   3.789,   4.099,9999.000,9999.000,9999.000,9999.000,9999.000,9999.000,9999.000
202604100224,   3.672,   3.998,9999.000,9999.000,9999.000,9999.000,9999.000,9999.000,9999.000
202604100230,   3.554,   3.909,9999.000,9999.000,9999.000,9999.000,9999.000,9999.000,9999.000
202604100236,   3.436,   3.808,9999.000,9999.000,9999.000,9999.000,9999.000,9999.000,9999.000
202604100242,   3.318,   3.719,9999.000,9999.000,9999.000,9999.000,9999.000,9999.000,9999.000
202604100248,   3.201,   3.627,9999.000,9999.000,9999.000,9999.000,9999.000,9999.000,9999.000
202604100254,   3.084,   3.539,9999.000,9999.000,9999.000,9999.000,9999.000,9999.000,9999.000
202604100300,   2.967,   3.450,   0.300,   0.183,   3.450,   0.200,   3.350,   0.300,   3.450
202604100306,   2.852,   3.358,9999.000,9999.000,9999.000,9999.000,9999.000,9999.000,9999.000
202604100312,   2.738,   3.260,9999.000,9999.000,9999.000,9999.000,9999.000,9999.000,9999.000
202604100318,   2.625,   3.168,9999.000,9999.000,9999.000,9999.000,9999.000,9999.000,9999.000
202604100324,   2.515,   3.079,9999.000,9999.000,9999.000,9999.000,9999.000,9999.000,9999.000
202604100330,   2.406,   2.988,9999.000,9999.000,9999.000,9999.000,9999.000,9999.000,9999.000
202604100336,   2.300,   2.899,9999.000,9999.000,9999.000,9999.000,9999.000,9999.000,9999.000
202604100342,   2.197,   2.807,9999.000,9999.000,9999.000,9999.000,9999.000,9999.000,9999.000
202604100348,   2.096,   2.709,9999.000,9999.000,9999.000,9999.000,9999.000,9999.000,9999.000
202604100354,   1.999,   2.630,9999.000,9999.000,9999.000,9999.000,9999.000,9999.000,9999.000
202604100400,   1.904,   2.538,   0.300,   0.334,   2.538,   0.200,   2.438,   0.300,   2.538
202604100406,   1.814,   2.440,9999.000,9999.000,9999.000,9999.000,9999.000,9999.000,9999.000
202604100412,   1.727,   2.358,9999.000,9999.000,9999.000,9999.000,9999.000,9999.000,9999.000
202604100418,   1.644,   2.269,9999.000,9999.000,9999.000,9999.000,9999.000,9999.000,9999.000
202604100424,   1.565,   2.177,9999.000,9999.000,9999.000,9999.000,9999.000,9999.000,9999.000
202604100430,   1.490,   2.099,9999.000,9999.000,9999.000,9999.000,9999.000,9999.000,9999.000
202604100436,   1.419,   2.010,9999.000,9999.000,9999.000,9999.000,9999.000,9999.000,9999.000
202604100442,   1.352,   1.938,9999.000,9999.000,9999.000,9999.000,9999.000,9999.000,9999.000
202604100448,   1.289,   1.859,9999.000,9999.000,9999.000,9999.000,9999.000,9999.000,9999.000
202604100454,   1.229,   1.790,9999.000,9999.000,9999.000,9999.000,9999.000,9999.000,9999.000
202604100500,   1.174,   1.718,   0.300,   0.244,   1.718,   0.200,   1.618,   0.300,   1.718
202604100506,   1.122,   1.649,9999.000,9999.000,9999.000,9999.000,9999.000,9999.000,9999.000
202604100512,   1.073,   1.580,9999.000,9999.000,9999.000,9999.000,9999.000,9999.000,9999.000
202604100518,   1.028,   1.528,9999.000,9999.000,9999.000,9999.000,9999.000,9999.000,9999.000
202604100524,   0.987,   1.469,9999.000,9999.000,9999.000,9999.000,9999.000,9999.000,9999.000
202604100530,   0.949,   1.420,9999.000,9999.000,9999.000,9999.000,9999.000,9999.000,9999.000
202604100536,   0.915,   1.371,9999.000,9999.000,9999.000,9999.000,9999.000,9999.000,9999.000
202604100542,   0.884,   1.328,9999.000,9999.000,9999.000,9999.000,9999.000,9999.000,9999.000
202604100548,   0.857,   1.298,9999.000,9999.000,9999.000,9999.000,9999.000,9999.000,9999.000
202604100554,   0.835,   1.269,9999.000,9999.000,9999.000,9999.000,9999.000,9999.000,9999.000
202604100600,   0.817,   1.259,   0.300,   0.142,   1.259,   0.300,   1.259,   0.300,   1.259
202604100606,   0.804,9999.000,9999.000,9999.000,9999.000,9999.000,9999.000,9999.000,9999.000
202604100612,   0.796,9999.000,9999.000,9999.000,9999.000,9999.000,9999.000,9999.000,9999.000
202604100618,   0.795,9999.000,9999.000,9999.000,9999.000,9999.000,9999.000,9999.000,9999.000
202604100624,   0.800,9999.000,9999.000,9999.000,9999.000,9999.000,9999.000,9999.000,9999.000
202604100630,   0.812,9999.000,9999.000,9999.000,9999.000,9999.000,9999.000,9999.000,9999.000
202604100636,   0.832,9999.000,9999.000,9999.000,9999.000,9999.000,9999.000,9999.000,9999.000
202604100642,   0.861,9999.000,9999.000,9999.000,9999.000,9999.000,9999.000,9999.000,9999.000
202604100648,   0.899,9999.000,9999.000,9999.000,9999.000,9999.000,9999.000,9999.000,9999.000
202604100654,   0.946,9999.000,9999.000,9999.000,9999.000,9999.000,9999.000,9999.000,9999.000
202604100700,   1.004,9999.000,   0.300,   0.133,   1.437,   0.300,   1.437,   0.300,   1.437
202604100706,   1.072,9999.000,9999.000,9999.000,9999.000,9999.000,9999.000,9999.000,9999.000
202604100712,   1.151,9999.000,9999.000,9999.000,9999.000,9999.000,9999.000,9999.000,9999.000
202604100718,   1.241,9999.000,9999.000,9999.000,9999.000,9999.000,9999.000,9999.000,9999.000
202604100724,   1.342,9999.000,9999.000,9999.000,9999.000,9999.000,9999.000,9999.000,9999.000
202604100730,   1.454,9999.000,9999.000,9999.000,9999.000,9999.000,9999.000,9999.000,9999.000
202604100736,   1.576,9999.000,9999.000,9999.000,9999.000,9999.000,9999.000,9999.000,9999.000
202604100742,   1.708,9999.000,9999.000,9999.000,9999.000,9999.000,9999.000,9999.000,9999.000
202604100748,   1.850,9999.000,9999.000,9999.000,9999.000,9999.000,9999.000,9999.000,9999.000
202604100754,   2.001,9999.000,9999.000,9999.000,9999.000,9999.000,9999.000,9999.000,9999.000
202604100800,   2.159,9999.000,   0.300,   0.124,   2.583,   0.300,   2.583,   0.300,   2.583
202604100806,   2.324,9999.000,9999.000,9999.000,9999.000,9999.000,9999.000,9999.000,9999.000
202604100812,   2.494,9999.000,9999.000,9999.000,9999.000,9999.000,9999.000,9999.000,9999.000
202604100818,   2.669,9999.000,9999.000,9999.000,9999.000,9999.000,9999.000,9999.000,9999.000
202604100824,   2.846,9999.000,9999.000,9999.000,9999.000,9999.000,9999.000,9999.000,9999.000
202604100830,   3.025,9999.000,9999.000,9999.000,9999.000,9999.000,9999.000,9999.000,9999.000
202604100836,   3.204,9999.000,9999.000,9999.000,9999.000,9999.000,9999.000,9999.000,9999.000
202604100842,   3.382,9999.000,9999.000,9999.000,9999.000,9999.000,9999.000,9999.000,9999.000
202604100848,   3.558,9999.000,9999.000,9999.000,9999.000,9999.000,9999.000,9999.000,9999.000
202604100854,   3.730,9999.000,9999.000,9999.000,9999.000,9999.000,9999.000,9999.000,9999.000
202604100900,   3.897,9999.000,   0.300,   0.116,   4.313,   0.200,   4.213,   0.300,   4.313
202604100906,   4.059,9999.000,9999.000,9999.000,9999.000,9999.000,9999.000,9999.000,9999.000
202604100912,   4.213,9999.000,9999.000,9999.000,9999.000,9999.000,9999.000,9999.000,9999.000
202604100918,   4.361,9999.000,9999.000,9999.000,9999.000,9999.000,9999.000,9999.000,9999.000
202604100924,   4.501,9999.000,9999.000,9999.000,9999.000,9999.000,9999.000,9999.000,9999.000
202604100930,   4.632,9999.000,9999.000,9999.000,9999.000,9999.000,9999.000,9999.000,9999.000
202604100936,   4.756,9999.000,9999.000,9999.000,9999.000,9999.000,9999.000,9999.000,9999.000
202604100942,   4.870,9999.000,9999.000,9999.000,9999.000,9999.000,9999.000,9999.000,9999.000
202604100948,   4.977,9999.000,9999.000,9999.000,9999.000,9999.000,9999.000,9999.000,9999.000
202604100954,   5.076,9999.000,9999.000,9999.000,9999.000,9999.000,9999.000,9999.000,9999.000
202604101000,   5.167,9999.000,   0.300,   0.107,   5.574,   0.200,   5.474,   0.300,   5.574
202604101006,   5.252,9999.000,9999.000,9999.000,9999.000,9999.000,9999.000,9999.000,9999.000
202604101012,   5.329,9999.000,9999.000,9999.000,9999.000,9999.000,9999.000,9999.000,9999.000
202604101018,   5.401,9999.000,9999.000,9999.000,9999.000,9999.000,9999.000,9999.000,9999.000
202604101024,   5.468,9999.000,9999.000,9999.000,9999.000,9999.000,9999.000,9999.000,9999.000
202604101030,   5.530,9999.000,9999.000,9999.000,9999.000,9999.000,9999.000,9999.000,9999.000
202604101036,   5.588,9999.000,9999.000,9999.000,9999.000,9999.000,9999.000,9999.000,9999.000
202604101042,   5.643,9999.000,9999.000,9999.000,9999.000,9999.000,9999.000,9999.000,9999.000
202604101048,   5.695,9999.000,9999.000,9999.000,9999.000,9999.000,9999.000,9999.000,9999.000
202604101054,   5.744,9999.000,9999.000,9999.000,9999.000,9999.000,9999.000,9999.000,9999.000
202604101100,   5.791,9999.000,   0.200,   0.098,   6.089,   0.200,   6.089,   0.300,   6.189
202604101106,   5.836,9999.000,9999.000,9999.000,9999.000,9999.000,9999.000,9999.000,9999.000
202604101112,   5.879,9999.000,9999.000,9999.000,9999.000,9999.000,9999.000,9999.000,9999.000
202604101118,   5.919,9999.000,9999.000,9999.000,9999.000,9999.000,9999.000,9999.000,9999.000
202604101124,   5.958,9999.000,9999.000,9999.000,9999.000,9999.000,9999.000,9999.000,9999.000
202604101130,   5.994,9999.000,9999.000,9999.000,9999.000,9999.000,9999.000,9999.000,9999.000
202604101136,   6.028,9999.000,9999.000,9999.000,9999.000,9999.000,9999.000,9999.000,9999.000
202604101142,   6.058,9999.000,9999.000,9999.000,9999.000,9999.000,9999.000,9999.000,9999.000
202604101148,   6.085,9999.000,9999.000,9999.000,9999.000,9999.000,9999.000,9999.000,9999.000
202604101154,   6.107,9999.000,9999.000,9999.000,9999.000,9999.000,9999.000,9999.000,9999.000
202604101200,   6.125,9999.000,   0.200,   0.089,   6.414,   0.200,   6.414,   0.300,   6.514
202604101206,   6.137,9999.000,9999.000,9999.000,9999.000,9999.000,9999.000,9999.000,9999.000
202604101212,   6.144,9999.000,9999.000,9999.000,9999.000,9999.000,9999.000,9999.000,9999.000
202604101218,   6.144,9999.000,9999.000,9999.000,9999.000,9999.000,9999.000,9999.000,9999.000
202604101224,   6.138,9999.000,9999.000,9999.000,9999.000,9999.000,9999.000,9999.000,9999.000
202604101230,   6.125,9999.000,9999.000,9999.000,9999.000,9999.000,9999.000,9999.000,9999.000
202604101236,   6.105,9999.000,9999.000,9999.000,9999.000,9999.000,9999.000,9999.000,9999.000
202604101242,   6.077,9999.000,9999.000,9999.000,9999.000,9999.000,9999.000,9999.000,9999.000
202604101248,   6.041,9999.000,9999.000,9999.000,9999.000,9999.000,9999.000,9999.000,9999.000
202604101254,   5.998,9999.000,9999.000,9999.000,9999.000,9999.000,9999.000,9999.000,9999.000
202604101300,   5.948,9999.000,   0.200,   0.080,   6.228,   0.200,   6.228,   0.200,   6.228
202604101306,   5.890,9999.000,9999.000,9999.000,9999.000,9999.000,9999.000,9999.000,9999.000
202604101312,   5.826,9999.000,9999.000,9999.000,9999.000,9999.000,9999.000,9999.000,9999.000
202604101318,   5.754,9999.000,9999.000,9999.000,9999.000,9999.000,9999.000,9999.000,9999.000
202604101324,   5.677,9999.000,9999.000,9999.000,9999.000,9999.000,9999.000,9999.000,9999.000
202604101330,   5.593,9999.000,9999.000,9999.000,9999.000,9999.000,9999.000,9999.000,9999.000
202604101336,   5.505,9999.000,9999.000,9999.000,9999.000,9999.000,9999.000,9999.000,9999.000
202604101342,   5.411,9999.000,9999.000,9999.000,9999.000,9999.000,9999.000,9999.000,9999.000
202604101348,   5.314,9999.000,9999.000,9999.000,9999.000,9999.000,9999.000,9999.000,9999.000
202604101354,   5.212,9999.000,9999.000,9999.000,9999.000,9999.000,9999.000,9999.000,9999.000
202604101400,   5.108,9999.000,   0.200,   0.072,   5.380,   0.200,   5.380,   0.200,   5.380
202604101406,   5.001,9999.000,9999.000,9999.000,9999.000,9999.000,9999.000,9999.000,9999.000
202604101412,   4.891,9999.000,9999.000,9999.000,9999.000,9999.000,9999.000,9999.000,9999.000
202604101418,   4.780,9999.000,9999.000,9999.000,9999.000,9999.000,9999.000,9999.000,9999.000
202604101424,   4.668,9999.000,9999.000,9999.000,9999.000,9999.000,9999.000,9999.000,9999.000
202604101430,   4.555,9999.000,9999.000,9999.000,9999.000,9999.000,9999.000,9999.000,9999.000
202604101436,   4.440,9999.000,9999.000,9999.000,9999.000,9999.000,9999.000,9999.000,9999.000
202604101442,   4.326,9999.000,9999.000,9999.000,9999.000,9999.000,9999.000,9999.000,9999.000
202604101448,   4.211,9999.000,9999.000,9999.000,9999.000,9999.000,9999.000,9999.000,9999.000
202604101454,   4.097,9999.000,9999.000,9999.000,9999.000,9999.000,9999.000,9999.000,9999.000
202604101500,   3.982,9999.000,   0.200,   0.063,   4.245,   0.200,   4.245,   0.200,   4.245
202604101506,   3.868,9999.000,9999.000,9999.000,9999.000,9999.000,9999.000,9999.000,9999.000
202604101512,   3.755,9999.000,9999.000,9999.000,9999.000,9999.000,9999.000,9999.000,9999.000
202604101518,   3.642,9999.000,9999.000,9999.000,9999.000,9999.000,9999.000,9999.000,9999.000
202604101524,   3.530,9999.000,9999.000,9999.000,9999.000,9999.000,9999.000,9999.000,9999.000
202604101530,   3.419,9999.000,9999.000,9999.000,9999.000,9999.000,9999.000,9999.000,9999.000
202604101536,   3.309,9999.000,9999.000,9999.000,9999.000,9999.000,9999.000,9999.000,9999.000
202604101542,   3.200,9999.000,9999.000,9999.000,9999.000,9999.000,9999.000,9999.000,9999.000
202604101548,   3.093,9999.000,9999.000,9999.000,9999.000,9999.000,9999.000,9999.000,9999.000
202604101554,   2.988,9999.000,9999.000,9999.000,9999.000,9999.000,9999.000,9999.000,9999.000
202604101600,   2.884,9999.000,   0.200,   0.054,   3.138,   0.200,   3.138,   0.200,   3.138
202604101606,   2.782,9999.000,9999.000,9999.000,9999.000,9999.000,9999.000,9999.000,9999.000
202604101612,   2.683,9999.000,9999.000,9999.000,9999.000,9999.000,9999.000,9999.000,9999.000
202604101618,   2.585,9999.000,9999.000,9999.000,9999.000,9999.000,9999.000,9999.000,9999.000
202604101624,   2.490,9999.000,9999.000,9999.000,9999.000,9999.000,9999.000,9999.000,9999.000
202604101630,   2.397,9999.000,9999.000,9999.000,9999.000,9999.000,9999.000,9999.000,9999.000
202604101636,   2.306,9999.000,9999.000,9999.000,9999.000,9999.000,9999.000,9999.000,9999.000
202604101642,   2.218,9999.000,9999.000,9999.000,9999.000,9999.000,9999.000,9999.000,9999.000
202604101648,   2.133,9999.000,9999.000,9999.000,9999.000,9999.000,9999.000,9999.000,9999.000
202604101654,   2.050,9999.000,9999.000,9999.000,9999.000,9999.000,9999.000,9999.000,9999.000
202604101700,   1.969,9999.000,   0.200,   0.045,   2.214,   0.200,   2.214,   0.200,   2.214
202604101706,   1.891,9999.000,9999.000,9999.000,9999.000,9999.000,9999.000,9999.000,9999.000
202604101712,   1.815,9999.000,9999.000,9999.000,9999.000,9999.000,9999.000,9999.000,9999.000
202604101718,   1.741,9999.000,9999.000,9999.000,9999.000,9999.000,9999.000,9999.000,9999.000
202604101724,   1.669,9999.000,9999.000,9999.000,9999.000,9999.000,9999.000,9999.000,9999.000
202604101730,   1.599,9999.000,9999.000,9999.000,9999.000,9999.000,9999.000,9999.000,9999.000
202604101736,   1.531,9999.000,9999.000,9999.000,9999.000,9999.000,9999.000,9999.000,9999.000
202604101742,   1.464,9999.000,9999.000,9999.000,9999.000,9999.000,9999.000,9999.000,9999.000
202604101748,   1.399,9999.000,9999.000,9999.000,9999.000,9999.000,9999.000,9999.000,9999.000
202604101754,   1.335,9999.000,9999.000,9999.000,9999.000,9999.000,9999.000,9999.000,9999.000
202604101800,   1.273,9999.000,   0.200,   0.036,   1.509,   0.200,   1.509,   0.200,   1.509
202604101806,   1.213,9999.000,9999.000,9999.000,9999.000,9999.000,9999.000,9999.000,9999.000
202604101812,   1.156,9999.000,9999.000,9999.000,9999.000,9999.000,9999.000,9999.000,9999.000
202604101818,   1.100,9999.000,9999.000,9999.000,9999.000,9999.000,9999.000,9999.000,9999.000
202604101824,   1.048,9999.000,9999.000,9999.000,9999.000,9999.000,9999.000,9999.000,9999.000
202604101830,   0.998,9999.000,9999.000,9999.000,9999.000,9999.000,9999.000,9999.000,9999.000
202604101836,   0.953,9999.000,9999.000,9999.000,9999.000,9999.000,9999.000,9999.000,9999.000
202604101842,   0.912,9999.000,9999.000,9999.000,9999.000,9999.000,9999.000,9999.000,9999.000
202604101848,   0.876,9999.000,9999.000,9999.000,9999.000,9999.000,9999.000,9999.000,9999.000
202604101854,   0.846,9999.000,9999.000,9999.000,9999.000,9999.000,9999.000,9999.000,9999.000
202604101900,   0.823,9999.000,   0.200,   0.036,   1.059,   0.200,   1.059,   0.200,   1.059
202604101906,   0.807,9999.000,9999.000,9999.000,9999.000,9999.000,9999.000,9999.000,9999.000
202604101912,   0.799,9999.000,9999.000,9999.000,9999.000,9999.000,9999.000,9999.000,9999.000
202604101918,   0.800,9999.000,9999.000,9999.000,9999.000,9999.000,9999.000,9999.000,9999.000
202604101924,   0.810,9999.000,9999.000,9999.000,9999.000,9999.000,9999.000,9999.000,9999.000
202604101930,   0.831,9999.000,9999.000,9999.000,9999.000,9999.000,9999.000,9999.000,9999.000
202604101936,   0.862,9999.000,9999.000,9999.000,9999.000,9999.000,9999.000,9999.000,9999.000
202604101942,   0.903,9999.000,9999.000,9999.000,9999.000,9999.000,9999.000,9999.000,9999.000
202604101948,   0.956,9999.000,9999.000,9999.000,9999.000,9999.000,9999.000,9999.000,9999.000
202604101954,   1.019,9999.000,9999.000,9999.000,9999.000,9999.000,9999.000,9999.000,9999.000
202604102000,   1.094,9999.000,   0.200,   0.036,   1.330,   0.200,   1.330,   0.200,   1.330
202604102006,   1.179,9999.000,9999.000,9999.000,9999.000,9999.000,9999.000,9999.000,9999.000
202604102012,   1.274,9999.000,9999.000,9999.000,9999.000,9999.000,9999.000,9999.000,9999.000
202604102018,   1.379,9999.000,9999.000,9999.000,9999.000,9999.000,9999.000,9999.000,9999.000
202604102024,   1.493,9999.000,9999.000,9999.000,9999.000,9999.000,9999.000,9999.000,9999.000
202604102030,   1.615,9999.000,9999.000,9999.000,9999.000,9999.000,9999.000,9999.000,9999.000
202604102036,   1.743,9999.000,9999.000,9999.000,9999.000,9999.000,9999.000,9999.000,9999.000
202604102042,   1.878,9999.000,9999.000,9999.000,9999.000,9999.000,9999.000,9999.000,9999.000
202604102048,   2.017,9999.000,9999.000,9999.000,9999.000,9999.000,9999.000,9999.000,9999.000
202604102054,   2.159,9999.000,9999.000,9999.000,9999.000,9999.000,9999.000,9999.000,9999.000
202604102100,   2.304,9999.000,   0.200,   0.036,   2.540,   0.200,   2.540,   0.200,   2.540
202604102106,   2.450,9999.000,9999.000,9999.000,9999.000,9999.000,9999.000,9999.000,9999.000
202604102112,   2.595,9999.000,9999.000,9999.000,9999.000,9999.000,9999.000,9999.000,9999.000
202604102118,   2.739,9999.000,9999.000,9999.000,9999.000,9999.000,9999.000,9999.000,9999.000
202604102124,   2.880,9999.000,9999.000,9999.000,9999.000,9999.000,9999.000,9999.000,9999.000
202604102130,   3.018,9999.000,9999.000,9999.000,9999.000,9999.000,9999.000,9999.000,9999.000
202604102136,   3.152,9999.000,9999.000,9999.000,9999.000,9999.000,9999.000,9999.000,9999.000
202604102142,   3.281,9999.000,9999.000,9999.000,9999.000,9999.000,9999.000,9999.000,9999.000
202604102148,   3.404,9999.000,9999.000,9999.000,9999.000,9999.000,9999.000,9999.000,9999.000
202604102154,   3.522,9999.000,9999.000,9999.000,9999.000,9999.000,9999.000,9999.000,9999.000
202604102200,   3.634,9999.000,   0.200,   0.036,   3.870,   0.200,   3.870,   0.200,   3.870
202604102206,   3.740,9999.000,9999.000,9999.000,9999.000,9999.000,9999.000,9999.000,9999.000
202604102212,   3.840,9999.000,9999.000,9999.000,9999.000,9999.000,9999.000,9999.000,9999.000
202604102218,   3.934,9999.000,9999.000,9999.000,9999.000,9999.000,9999.000,9999.000,9999.000
202604102224,   4.023,9999.000,9999.000,9999.000,9999.000,9999.000,9999.000,9999.000,9999.000
202604102230,   4.108,9999.000,9999.000,9999.000,9999.000,9999.000,9999.000,9999.000,9999.000
202604102236,   4.188,9999.000,9999.000,9999.000,9999.000,9999.000,9999.000,9999.000,9999.000
202604102242,   4.264,9999.000,9999.000,9999.000,9999.000,9999.000,9999.000,9999.000,9999.000
202604102248,   4.337,9999.000,9999.000,9999.000,9999.000,9999.000,9999.000,9999.000,9999.000
202604102254,   4.408,9999.000,9999.000,9999.000,9999.000,9999.000,9999.000,9999.000,9999.000
202604102300,   4.476,9999.000,   0.200,   0.036,   4.712,   0.200,   4.712,   0.200,   4.712
202604102306,   4.543,9999.000,9999.000,9999.000,9999.000,9999.000,9999.000,9999.000,9999.000
202604102312,   4.608,9999.000,9999.000,9999.000,9999.000,9999.000,9999.000,9999.000,9999.000
202604102318,   4.673,9999.000,9999.000,9999.000,9999.000,9999.000,9999.000,9999.000,9999.000
202604102324,   4.736,9999.000,9999.000,9999.000,9999.000,9999.000,9999.000,9999.000,9999.000
202604102330,   4.800,9999.000,9999.000,9999.000,9999.000,9999.000,9999.000,9999.000,9999.000
202604102336,   4.862,9999.000,9999.000,9999.000,9999.000,9999.000,9999.000,9999.000,9999.000
202604102342,   4.924,9999.000,9999.000,9999.000,9999.000,9999.000,9999.000,9999.000,9999.000
202604102348,   4.984,9999.000,9999.000,9999.000,9999.000,9999.000,9999.000,9999.000,9999.000
202604102354,   5.044,9999.000,9999.000,9999.000,9999.000,9999.000,9999.000,9999.000,9999.000
202604110000,   5.101,9999.000,   0.200,   0.036,   5.337,   0.200,   5.337,   0.300,   5.437
202604110006,   5.156,9999.000,9999.000,9999.000,9999.000,9999.000,9999.000,9999.000,9999.000
202604110012,   5.208,9999.000,9999.000,9999.000,9999.000,9999.000,9999.000,9999.000,9999.000
202604110018,   5.256,9999.000,9999.000,9999.000,9999.000,9999.000,9999.000,9999.000,9999.000
202604110024,   5.300,9999.000,9999.000,9999.000,9999.000,9999.000,9999.000,9999.000,9999.000
202604110030,   5.339,9999.000,9999.000,9999.000,9999.000,9999.000,9999.000,9999.000,9999.000
202604110036,   5.372,9999.000,9999.000,9999.000,9999.000,9999.000,9999.000,9999.000,9999.000
202604110042,   5.399,9999.000,9999.000,9999.000,9999.000,9999.000,9999.000,9999.000,9999.000
202604110048,   5.419,9999.000,9999.000,9999.000,9999.000,9999.000,9999.000,9999.000,9999.000
202604110054,   5.432,9999.000,9999.000,9999.000,9999.000,9999.000,9999.000,9999.000,9999.000
202604110100,   5.437,9999.000,   0.300,   0.036,   5.773,   0.200,   5.673,   0.300,   5.773
202604110106,   5.434,9999.000,9999.000,9999.000,9999.000,9999.000,9999.000,9999.000,9999.000
202604110112,   5.423,9999.000,9999.000,9999.000,9999.000,9999.000,9999.000,9999.000,9999.000
202604110118,   5.403,9999.000,9999.000,9999.000,9999.000,9999.000,9999.000,9999.000,9999.000
202604110124,   5.375,9999.000,9999.000,9999.000,9999.000,9999.000,9999.000,9999.000,9999.000
202604110130,   5.339,9999.000,9999.000,9999.000,9999.000,9999.000,9999.000,9999.000,9999.000
202604110136,   5.295,9999.000,9999.000,9999.000,9999.000,9999.000,9999.000,9999.000,9999.000
202604110142,   5.242,9999.000,9999.000,9999.000,9999.000,9999.000,9999.000,9999.000,9999.000
202604110148,   5.183,9999.000,9999.000,9999.000,9999.000,9999.000,9999.000,9999.000,9999.000
202604110154,   5.116,9999.000,9999.000,9999.000,9999.000,9999.000,9999.000,9999.000,9999.000
202604110200,   5.042,9999.000,   0.300,   0.036,   5.378,   0.300,   5.378,   0.300,   5.378
202604110206,   4.963,9999.000,9999.000,9999.000,9999.000,9999.000,9999.000,9999.000,9999.000
202604110212,   4.878,9999.000,9999.000,9999.000,9999.000,9999.000,9999.000,9999.000,9999.000
202604110218,   4.787,9999.000,9999.000,9999.000,9999.000,9999.000,9999.000,9999.000,9999.000
202604110224,   4.693,9999.000,9999.000,9999.000,9999.000,9999.000,9999.000,9999.000,9999.000
202604110230,   4.594,9999.000,9999.000,9999.000,9999.000,9999.000,9999.000,9999.000,9999.000
202604110236,   4.491,9999.000,9999.000,9999.000,9999.000,9999.000,9999.000,9999.000,9999.000
202604110242,   4.386,9999.000,9999.000,9999.000,9999.000,9999.000,9999.000,9999.000,9999.000
202604110248,   4.278,9999.000,9999.000,9999.000,9999.000,9999.000,9999.000,9999.000,9999.000
202604110254,   4.168,9999.000,9999.000,9999.000,9999.000,9999.000,9999.000,9999.000,9999.000
202604110300,   4.056,9999.000,   0.300,   0.036,   4.392,   0.300,   4.392,   0.400,   4.492
202604110306,   3.942,9999.000,9999.000,9999.000,9999.000,9999.000,9999.000,9999.000,9999.000
202604110312,   3.828,9999.000,9999.000,9999.000,9999.000,9999.000,9999.000,9999.000,9999.000
202604110318,   3.712,9999.000,9999.000,9999.000,9999.000,9999.000,9999.000,9999.000,9999.000
202604110324,   3.596,9999.000,9999.000,9999.000,9999.000,9999.000,9999.000,9999.000,9999.000
202604110330,   3.480,9999.000,9999.000,9999.000,9999.000,9999.000,9999.000,9999.000,9999.000
202604110336,   3.364,9999.000,9999.000,9999.000,9999.000,9999.000,9999.000,9999.000,9999.000
202604110342,   3.248,9999.000,9999.000,9999.000,9999.000,9999.000,9999.000,9999.000,9999.000
202604110348,   3.132,9999.000,9999.000,9999.000,9999.000,9999.000,9999.000,9999.000,9999.000
202604110354,   3.017,9999.000,9999.000,9999.000,9999.000,9999.000,9999.000,9999.000,9999.000
202604110400,   2.903,9999.000,   0.300,   0.036,   3.239,   0.300,   3.239,   0.400,   3.339
202604110406,   2.791,9999.000,9999.000,9999.000,9999.000,9999.000,9999.000,9999.000,9999.000
202604110412,   2.680,9999.000,9999.000,9999.000,9999.000,9999.000,9999.000,9999.000,9999.000
202604110418,   2.570,9999.000,9999.000,9999.000,9999.000,9999.000,9999.000,9999.000,9999.000
202604110424,   2.463,9999.000,9999.000,9999.000,9999.000,9999.000,9999.000,9999.000,9999.000
202604110430,   2.358,9999.000,9999.000,9999.000,9999.000,9999.000,9999.000,9999.000,9999.000
202604110436,   2.255,9999.000,9999.000,9999.000,9999.000,9999.000,9999.000,9999.000,9999.000
202604110442,   2.156,9999.000,9999.000,9999.000,9999.000,9999.000,9999.000,9999.000,9999.000
202604110448,   2.059,9999.000,9999.000,9999.000,9999.000,9999.000,9999.000,9999.000,9999.000
202604110454,   1.966,9999.000,9999.000,9999.000,9999.000,9999.000,9999.000,9999.000,9999.000
202604110500,   1.876,9999.000,   0.400,   0.036,   2.312,   0.300,   2.212,   0.400,   2.312
202604110506,   1.790,9999.000,9999.000,9999.000,9999.000,9999.000,9999.000,9999.000,9999.000
202604110512,   1.707,9999.000,9999.000,9999.000,9999.000,9999.000,9999.000,9999.000,9999.000
202604110518,   1.628,9999.000,9999.000,9999.000,9999.000,9999.000,9999.000,9999.000,9999.000
202604110524,   1.553,9999.000,9999.000,9999.000,9999.000,9999.000,9999.000,9999.000,9999.000
202604110530,   1.481,9999.000,9999.000,9999.000,9999.000,9999.000,9999.000,9999.000,9999.000
202604110536,   1.413,9999.000,9999.000,9999.000,9999.000,9999.000,9999.000,9999.000,9999.000
202604110542,   1.349,9999.000,9999.000,9999.000,9999.000,9999.000,9999.000,9999.000,9999.000
202604110548,   1.288,9999.000,9999.000,9999.000,9999.000,9999.000,9999.000,9999.000,9999.000
202604110554,   1.230,9999.000,9999.000,9999.000,9999.000,9999.000,9999.000,9999.000,9999.000
202604110600,   1.176,9999.000,   0.400,   0.036,   1.612,   0.300,   1.512,   0.400,   1.612
202604110606,   1.125,9999.000,9999.000,9999.000,9999.000,9999.000,9999.000,9999.000,9999.000
202604110612,   1.077,9999.000,9999.000,9999.000,9999.000,9999.000,9999.000,9999.000,9999.000
202604110618,   1.032,9999.000,9999.000,9999.000,9999.000,9999.000,9999.000,9999.000,9999.000
202604110624,   0.991,9999.000,9999.000,9999.000,9999.000,9999.000,9999.000,9999.000,9999.000
202604110630,   0.953,9999.000,9999.000,9999.000,9999.000,9999.000,9999.000,9999.000,9999.000
202604110636,   0.918,9999.000,9999.000,9999.000,9999.000,9999.000,9999.000,9999.000,9999.000
202604110642,   0.887,9999.000,9999.000,9999.000,9999.000,9999.000,9999.000,9999.000,9999.000
202604110648,   0.861,9999.000,9999.000,9999.000,9999.000,9999.000,9999.000,9999.000,9999.000
202604110654,   0.839,9999.000,9999.000,9999.000,9999.000,9999.000,9999.000,9999.000,9999.000
202604110700,   0.822,9999.000,   0.400,   0.036,   1.258,   0.300,   1.158,   0.400,   1.258
202604110706,   0.811,9999.000,9999.000,9999.000,9999.000,9999.000,9999.000,9999.000,9999.000
202604110712,   0.806,9999.000,9999.000,9999.000,9999.000,9999.000,9999.000,9999.000,9999.000
202604110718,   0.807,9999.000,9999.000,9999.000,9999.000,9999.000,9999.000,9999.000,9999.000
202604110724,   0.816,9999.000,9999.000,9999.000,9999.000,9999.000,9999.000,9999.000,9999.000
202604110730,   0.834,9999.000,9999.000,9999.000,9999.000,9999.000,9999.000,9999.000,9999.000
202604110736,   0.859,9999.000,9999.000,9999.000,9999.000,9999.000,9999.000,9999.000,9999.000
202604110742,   0.895,9999.000,9999.000,9999.000,9999.000,9999.000,9999.000,9999.000,9999.000
202604110748,   0.940,9999.000,9999.000,9999.000,9999.000,9999.000,9999.000,9999.000,9999.000
202604110754,   0.996,9999.000,9999.000,9999.000,9999.000,9999.000,9999.000,9999.000,9999.000
202604110800,   1.062,9999.000,   0.400,   0.036,   1.498,   0.300,   1.398,   0.400,   1.498
202604110806,   1.139,9999.000,9999.000,9999.000,9999.000,9999.000,9999.000,9999.000,9999.000
202604110812,   1.228,9999.000,9999.000,9999.000,9999.000,9999.000,9999.000,9999.000,9999.000
202604110818,   1.327,9999.000,9999.000,9999.000,9999.000,9999.000,9999.000,9999.000,9999.000
202604110824,   1.437,9999.000,9999.000,9999.000,9999.000,9999.000,9999.000,9999.000,9999.000
202604110830,   1.558,9999.000,9999.000,9999.000,9999.000,9999.000,9999.000,9999.000,9999.000
202604110836,   1.688,9999.000,9999.000,9999.000,9999.000,9999.000,9999.000,9999.000,9999.000
202604110842,   1.828,9999.000,9999.000,9999.000,9999.000,9999.000,9999.000,9999.000,9999.000
202604110848,   1.976,9999.000,9999.000,9999.000,9999.000,9999.000,9999.000,9999.000,9999.000
202604110854,   2.132,9999.000,9999.000,9999.000,9999.000,9999.000,9999.000,9999.000,9999.000
202604110900,   2.293,9999.000,   0.300,   0.036,   2.629,   0.300,   2.629,   0.400,   2.729
202604110906,   2.460,9999.000,9999.000,9999.000,9999.000,9999.000,9999.000,9999.000,9999.000
202604110912,   2.631,9999.000,9999.000,9999.000,9999.000,9999.000,9999.000,9999.000,9999.000
202604110918,   2.804,9999.000,9999.000,9999.000,9999.000,9999.000,9999.000,9999.000,9999.000
202604110924,   2.979,9999.000,9999.000,9999.000,9999.000,9999.000,9999.000,9999.000,9999.000
202604110930,   3.153,9999.000,9999.000,9999.000,9999.000,9999.000,9999.000,9999.000,9999.000
202604110936,   3.325,9999.000,9999.000,9999.000,9999.000,9999.000,9999.000,9999.000,9999.000
202604110942,   3.495,9999.000,9999.000,9999.000,9999.000,9999.000,9999.000,9999.000,9999.000
202604110948,   3.661,9999.000,9999.000,9999.000,9999.000,9999.000,9999.000,9999.000,9999.000
202604110954,   3.823,9999.000,9999.000,9999.000,9999.000,9999.000,9999.000,9999.000,9999.000
202604111000,   3.978,9999.000,   0.300,   0.036,   4.314,   0.200,   4.214,   0.300,   4.314
202604111006,   4.127,9999.000,9999.000,9999.000,9999.000,9999.000,9999.000,9999.000,9999.000
202604111012,   4.269,9999.000,9999.000,9999.000,9999.000,9999.000,9999.000,9999.000,9999.000
202604111018,   4.403,9999.000,9999.000,9999.000,9999.000,9999.000,9999.000,9999.000,9999.000
202604111024,   4.530,9999.000,9999.000,9999.000,9999.000,9999.000,9999.000,9999.000,9999.000
202604111030,   4.649,9999.000,9999.000,9999.000,9999.000,9999.000,9999.000,9999.000,9999.000
202604111036,   4.760,9999.000,9999.000,9999.000,9999.000,9999.000,9999.000,9999.000,9999.000
202604111042,   4.864,9999.000,9999.000,9999.000,9999.000,9999.000,9999.000,9999.000,9999.000
202604111048,   4.960,9999.000,9999.000,9999.000,9999.000,9999.000,9999.000,9999.000,9999.000
202604111054,   5.050,9999.000,9999.000,9999.000,9999.000,9999.000,9999.000,9999.000,9999.000
202604111100,   5.133,9999.000,   0.200,   0.036,   5.369,   0.200,   5.369,   0.300,   5.469
202604111106,   5.211,9999.000,9999.000,9999.000,9999.000,9999.000,9999.000,9999.000,9999.000
202604111112,   5.283,9999.000,9999.000,9999.000,9999.000,9999.000,9999.000,9999.000,9999.000
202604111118,   5.352,9999.000,9999.000,9999.000,9999.000,9999.000,9999.000,9999.000,9999.000
202604111124,   5.416,9999.000,9999.000,9999.000,9999.000,9999.000,9999.000,9999.000,9999.000
202604111130,   5.477,9999.000,9999.000,9999.000,9999.000,9999.000,9999.000,9999.000,9999.000
202604111136,   5.536,9999.000,9999.000,9999.000,9999.000,9999.000,9999.000,9999.000,9999.000
202604111142,   5.592,9999.000,9999.000,9999.000,9999.000,9999.000,9999.000,9999.000,9999.000
202604111148,   5.646,9999.000,9999.000,9999.000,9999.000,9999.000,9999.000,9999.000,9999.000
202604111154,   5.698,9999.000,9999.000,9999.000,9999.000,9999.000,9999.000,9999.000,9999.000
202604111200,   5.748,9999.000,   0.200,   0.036,   5.984,   0.100,   5.884,   0.300,   6.084
202604111206,   5.797,9999.000,9999.000,9999.000,9999.000,9999.000,9999.000,9999.000,9999.000
202604111212,   5.844,9999.000,9999.000,9999.000,9999.000,9999.000,9999.000,9999.000,9999.000
202604111218,   5.888,9999.000,9999.000,9999.000,9999.000,9999.000,9999.000,9999.000,9999.000
202604111224,   5.930,9999.000,9999.000,9999.000,9999.000,9999.000,9999.000,9999.000,9999.000
202604111230,   5.970,9999.000,9999.000,9999.000,9999.000,9999.000,9999.000,9999.000,9999.000
202604111236,   6.005,9999.000,9999.000,9999.000,9999.000,9999.000,9999.000,9999.000,9999.000
202604111242,   6.037,9999.000,9999.000,9999.000,9999.000,9999.000,9999.000,9999.000,9999.000
202604111248,   6.065,9999.000,9999.000,9999.000,9999.000,9999.000,9999.000,9999.000,9999.000
202604111254,   6.087,9999.000,9999.000,9999.000,9999.000,9999.000,9999.000,9999.000,9999.000
202604111300,   6.104,9999.000,   0.100,   0.036,   6.240,   0.100,   6.240,   0.200,   6.340
202604111306,   6.115,9999.000,9999.000,9999.000,9999.000,9999.000,9999.000,9999.000,9999.000
202604111312,   6.120,9999.000,9999.000,9999.000,9999.000,9999.000,9999.000,9999.000,9999.000
202604111318,   6.117,9999.000,9999.000,9999.000,9999.000,9999.000,9999.000,9999.000,9999.000
202604111324,   6.107,9999.000,9999.000,9999.000,9999.000,9999.000,9999.000,9999.000,9999.000
202604111330,   6.090,9999.000,9999.000,9999.000,9999.000,9999.000,9999.000,9999.000,9999.000
202604111336,   6.065,9999.000,9999.000,9999.000,9999.000,9999.000,9999.000,9999.000,9999.000
202604111342,   6.032,9999.000,9999.000,9999.000,9999.000,9999.000,9999.000,9999.000,9999.000
202604111348,   5.992,9999.000,9999.000,9999.000,9999.000,9999.000,9999.000,9999.000,9999.000
202604111354,   5.944,9999.000,9999.000,9999.000,9999.000,9999.000,9999.000,9999.000,9999.000
202604111400,   5.888,9999.000,   0.100,   0.036,   6.024,   0.000,   5.924,   0.200,   6.124
202604111406,   5.826,9999.000,9999.000,9999.000,9999.000,9999.000,9999.000,9999.000,9999.000
202604111412,   5.757,9999.000,9999.000,9999.000,9999.000,9999.000,9999.000,9999.000,9999.000
202604111418,   5.682,9999.000,9999.000,9999.000,9999.000,9999.000,9999.000,9999.000,9999.000
202604111424,   5.601,9999.000,9999.000,9999.000,9999.000,9999.000,9999.000,9999.000,9999.000
202604111430,   5.515,9999.000,9999.000,9999.000,9999.000,9999.000,9999.000,9999.000,9999.000
202604111436,   5.425,9999.000,9999.000,9999.000,9999.000,9999.000,9999.000,9999.000,9999.000
202604111442,   5.330,9999.000,9999.000,9999.000,9999.000,9999.000,9999.000,9999.000,9999.000
202604111448,   5.231,9999.000,9999.000,9999.000,9999.000,9999.000,9999.000,9999.000,9999.000
202604111454,   5.130,9999.000,9999.000,9999.000,9999.000,9999.000,9999.000,9999.000,9999.000
202604111500,   5.026,9999.000,   0.000,   0.036,   5.062,   0.000,   5.062,   0.100,   5.162
202604111506,   4.919,9999.000,9999.000,9999.000,9999.000,9999.000,9999.000,9999.000,9999.000
202604111512,   4.811,9999.000,9999.000,9999.000,9999.000,9999.000,9999.000,9999.000,9999.000
202604111518,   4.702,9999.000,9999.000,9999.000,9999.000,9999.000,9999.000,9999.000,9999.000
202604111524,   4.591,9999.000,9999.000,9999.000,9999.000,9999.000,9999.000,9999.000,9999.000
202604111530,   4.480,9999.000,9999.000,9999.000,9999.000,9999.000,9999.000,9999.000,9999.000
202604111536,   4.368,9999.000,9999.000,9999.000,9999.000,9999.000,9999.000,9999.000,9999.000
202604111542,   4.256,9999.000,9999.000,9999.000,9999.000,9999.000,9999.000,9999.000,9999.000
202604111548,   4.144,9999.000,9999.000,9999.000,9999.000,9999.000,9999.000,9999.000,9999.000
202604111554,   4.032,9999.000,9999.000,9999.000,9999.000,9999.000,9999.000,9999.000,9999.000
202604111600,   3.921,9999.000,   0.000,   0.036,   3.957,   0.000,   3.957,   0.100,   4.057
202604111606,   3.809,9999.000,9999.000,9999.000,9999.000,9999.000,9999.000,9999.000,9999.000
202604111612,   3.699,9999.000,9999.000,9999.000,9999.000,9999.000,9999.000,9999.000,9999.000
202604111618,   3.588,9999.000,9999.000,9999.000,9999.000,9999.000,9999.000,9999.000,9999.000
202604111624,   3.479,9999.000,9999.000,9999.000,9999.000,9999.000,9999.000,9999.000,9999.000
202604111630,   3.371,9999.000,9999.000,9999.000,9999.000,9999.000,9999.000,9999.000,9999.000
202604111636,   3.264,9999.000,9999.000,9999.000,9999.000,9999.000,9999.000,9999.000,9999.000
202604111642,   3.158,9999.000,9999.000,9999.000,9999.000,9999.000,9999.000,9999.000,9999.000
202604111648,   3.054,9999.000,9999.000,9999.000,9999.000,9999.000,9999.000,9999.000,9999.000
202604111654,   2.951,9999.000,9999.000,9999.000,9999.000,9999.000,9999.000,9999.000,9999.000
202604111700,   2.850,9999.000,   0.000,   0.036,   2.886,  -0.100,   2.786,   0.100,   2.986
202604111706,   2.751,9999.000,9999.000,9999.000,9999.000,9999.000,9999.000,9999.000,9999.000
202604111712,   2.654,9999.000,9999.000,9999.000,9999.000,9999.000,9999.000,9999.000,9999.000
202604111718,   2.559,9999.000,9999.000,9999.000,9999.000,9999.000,9999.000,9999.000,9999.000
202604111724,   2.467,9999.000,9999.000,9999.000,9999.000,9999.000,9999.000,9999.000,9999.000
202604111730,   2.376,9999.000,9999.000,9999.000,9999.000,9999.000,9999.000,9999.000,9999.000
202604111736,   2.288,9999.000,9999.000,9999.000,9999.000,9999.000,9999.000,9999.000,9999.000
202604111742,   2.202,9999.000,9999.000,9999.000,9999.000,9999.000,9999.000,9999.000,9999.000
202604111748,   2.118,9999.000,9999.000,9999.000,9999.000,9999.000,9999.000,9999.000,9999.000
202604111754,   2.037,9999.000,9999.000,9999.000,9999.000,9999.000,9999.000,9999.000,9999.000
202604111800,   1.957,9999.000,   0.000,   0.036,   1.993,  -0.100,   1.893,   0.000,   1.993
202604111806,   1.879,9999.000,9999.000,9999.000,9999.000,9999.000,9999.000,9999.000,9999.000
202604111812,   1.803,9999.000,9999.000,9999.000,9999.000,9999.000,9999.000,9999.000,9999.000
202604111818,   1.729,9999.000,9999.000,9999.000,9999.000,9999.000,9999.000,9999.000,9999.000
202604111824,   1.656,9999.000,9999.000,9999.000,9999.000,9999.000,9999.000,9999.000,9999.000
202604111830,   1.585,9999.000,9999.000,9999.000,9999.000,9999.000,9999.000,9999.000,9999.000
202604111836,   1.515,9999.000,9999.000,9999.000,9999.000,9999.000,9999.000,9999.000,9999.000
202604111842,   1.447,9999.000,9999.000,9999.000,9999.000,9999.000,9999.000,9999.000,9999.000
202604111848,   1.380,9999.000,9999.000,9999.000,9999.000,9999.000,9999.000,9999.000,9999.000
202604111854,   1.315,9999.000,9999.000,9999.000,9999.000,9999.000,9999.000,9999.000,9999.000
202604111900,   1.251,9999.000,  -0.100,   0.036,   1.187,  -0.100,   1.187,   0.000,   1.287
202604111906,   1.190,9999.000,9999.000,9999.000,9999.000,9999.000,9999.000,9999.000,9999.000
202604111912,   1.131,9999.000,9999.000,9999.000,9999.000,9999.000,9999.000,9999.000,9999.000
202604111918,   1.075,9999.000,9999.000,9999.000,9999.000,9999.000,9999.000,9999.000,9999.000
202604111924,   1.022,9999.000,9999.000,9999.000,9999.000,9999.000,9999.000,9999.000,9999.000
202604111930,   0.974,9999.000,9999.000,9999.000,9999.000,9999.000,9999.000,9999.000,9999.000
202604111936,   0.931,9999.000,9999.000,9999.000,9999.000,9999.000,9999.000,9999.000,9999.000
202604111942,   0.893,9999.000,9999.000,9999.000,9999.000,9999.000,9999.000,9999.000,9999.000
202604111948,   0.861,9999.000,9999.000,9999.000,9999.000,9999.000,9999.000,9999.000,9999.000
202604111954,   0.837,9999.000,9999.000,9999.000,9999.000,9999.000,9999.000,9999.000,9999.000
202604112000,   0.820,9999.000,  -0.100,   0.036,   0.756,  -0.200,   0.656,   0.000,   0.856
202604112006,   0.812,9999.000,9999.000,9999.000,9999.000,9999.000,9999.000,9999.000,9999.000
202604112012,   0.813,9999.000,9999.000,9999.000,9999.000,9999.000,9999.000,9999.000,9999.000
202604112018,   0.824,9999.000,9999.000,9999.000,9999.000,9999.000,9999.000,9999.000,9999.000
202604112024,   0.845,9999.000,9999.000,9999.000,9999.000,9999.000,9999.000,9999.000,9999.000
202604112030,   0.878,9999.000,9999.000,9999.000,9999.000,9999.000,9999.000,9999.000,9999.000
202604112036,   0.921,9999.000,9999.000,9999.000,9999.000,9999.000,9999.000,9999.000,9999.000
202604112042,   0.976,9999.000,9999.000,9999.000,9999.000,9999.000,9999.000,9999.000,9999.000
202604112048,   1.042,9999.000,9999.000,9999.000,9999.000,9999.000,9999.000,9999.000,9999.000
202604112054,   1.119,9999.000,9999.000,9999.000,9999.000,9999.000,9999.000,9999.000,9999.000
202604112100,   1.206,9999.000,  -0.100,   0.036,   1.142,  -0.200,   1.042,   0.000,   1.242
202604112106,   1.304,9999.000,9999.000,9999.000,9999.000,9999.000,9999.000,9999.000,9999.000
202604112112,   1.411,9999.000,9999.000,9999.000,9999.000,9999.000,9999.000,9999.000,9999.000
202604112118,   1.527,9999.000,9999.000,9999.000,9999.000,9999.000,9999.000,9999.000,9999.000
202604112124,   1.651,9999.000,9999.000,9999.000,9999.000,9999.000,9999.000,9999.000,9999.000
202604112130,   1.781,9999.000,9999.000,9999.000,9999.000,9999.000,9999.000,9999.000,9999.000
202604112136,   1.917,9999.000,9999.000,9999.000,9999.000,9999.000,9999.000,9999.000,9999.000
202604112142,   2.057,9999.000,9999.000,9999.000,9999.000,9999.000,9999.000,9999.000,9999.000
202604112148,   2.200,9999.000,9999.000,9999.000,9999.000,9999.000,9999.000,9999.000,9999.000
202604112154,   2.345,9999.000,9999.000,9999.000,9999.000,9999.000,9999.000,9999.000,9999.000
202604112200,   2.490,9999.000,  -0.100,   0.036,   2.426,  -0.200,   2.326,   0.000,   2.526
202604112206,   2.635,9999.000,9999.000,9999.000,9999.000,9999.000,9999.000,9999.000,9999.000
202604112212,   2.779,9999.000,9999.000,9999.000,9999.000,9999.000,9999.000,9999.000,9999.000
202604112218,   2.920,9999.000,9999.000,9999.000,9999.000,9999.000,9999.000,9999.000,9999.000
202604112224,   3.057,9999.000,9999.000,9999.000,9999.000,9999.000,9999.000,9999.000,9999.000
202604112230,   3.190,9999.000,9999.000,9999.000,9999.000,9999.000,9999.000,9999.000,9999.000
202604112236,   3.318,9999.000,9999.000,9999.000,9999.000,9999.000,9999.000,9999.000,9999.000
202604112242,   3.441,9999.000,9999.000,9999.000,9999.000,9999.000,9999.000,9999.000,9999.000
202604112248,   3.559,9999.000,9999.000,9999.000,9999.000,9999.000,9999.000,9999.000,9999.000
202604112254,   3.671,9999.000,9999.000,9999.000,9999.000,9999.000,9999.000,9999.000,9999.000
202604112300,   3.777,9999.000,  -0.100,   0.036,   3.713,  -0.200,   3.613,   0.000,   3.813
202604112306,   3.878,9999.000,9999.000,9999.000,9999.000,9999.000,9999.000,9999.000,9999.000
202604112312,   3.974,9999.000,9999.000,9999.000,9999.000,9999.000,9999.000,9999.000,9999.000
202604112318,   4.065,9999.000,9999.000,9999.000,9999.000,9999.000,9999.000,9999.000,9999.000
202604112324,   4.151,9999.000,9999.000,9999.000,9999.000,9999.000,9999.000,9999.000,9999.000
202604112330,   4.234,9999.000,9999.000,9999.000,9999.000,9999.000,9999.000,9999.000,9999.000
202604112336,   4.314,9999.000,9999.000,9999.000,9999.000,9999.000,9999.000,9999.000,9999.000
202604112342,   4.391,9999.000,9999.000,9999.000,9999.000,9999.000,9999.000,9999.000,9999.000
202604112348,   4.466,9999.000,9999.000,9999.000,9999.000,9999.000,9999.000,9999.000,9999.000
202604112354,   4.539,9999.000,9999.000,9999.000,9999.000,9999.000,9999.000,9999.000,9999.000
202604120000,   4.611,9999.000,  -0.100,   0.036,   4.547,  -0.200,   4.447,   0.000,   4.647
202604120006,   4.682,9999.000,9999.000,9999.000,9999.000,9999.000,9999.000,9999.000,9999.000
202604120012,   4.752,9999.000,9999.000,9999.000,9999.000,9999.000,9999.000,9999.000,9999.000
202604120018,   4.821,9999.000,9999.000,9999.000,9999.000,9999.000,9999.000,9999.000,9999.000
202604120024,   4.890,9999.000,9999.000,9999.000,9999.000,9999.000,9999.000,9999.000,9999.000
202604120030,   4.958,9999.000,9999.000,9999.000,9999.000,9999.000,9999.000,9999.000,9999.000
202604120036,   5.025,9999.000,9999.000,9999.000,9999.000,9999.000,9999.000,9999.000,9999.000
202604120042,   5.091,9999.000,9999.000,9999.000,9999.000,9999.000,9999.000,9999.000,9999.000
202604120048,   5.155,9999.000,9999.000,9999.000,9999.000,9999.000,9999.000,9999.000,9999.000
202604120054,   5.217,9999.000,9999.000,9999.000,9999.000,9999.000,9999.000,9999.000,9999.000
202604120100,   5.275,9999.000,   0.000,   0.036,   5.311,  -0.100,   5.211,   0.000,   5.311
202604120106,   5.331,9999.000,9999.000,9999.000,9999.000,9999.000,9999.000,9999.000,9999.000
202604120112,   5.382,9999.000,9999.000,9999.000,9999.000,9999.000,9999.000,9999.000,9999.000
202604120118,   5.428,9999.000,9999.000,9999.000,9999.000,9999.000,9999.000,9999.000,9999.000
202604120124,   5.469,9999.000,9999.000,9999.000,9999.000,9999.000,9999.000,9999.000,9999.000
202604120130,   5.503,9999.000,9999.000,9999.000,9999.000,9999.000,9999.000,9999.000,9999.000
202604120136,   5.531,9999.000,9999.000,9999.000,9999.000,9999.000,9999.000,9999.000,9999.000
202604120142,   5.551,9999.000,9999.000,9999.000,9999.000,9999.000,9999.000,9999.000,9999.000
202604120148,   5.564,9999.000,9999.000,9999.000,9999.000,9999.000,9999.000,9999.000,9999.000
202604120154,   5.568,9999.000,9999.000,9999.000,9999.000,9999.000,9999.000,9999.000,9999.000
202604120200,   5.564,9999.000,   0.000,   0.036,   5.600,  -0.100,   5.500,   0.000,   5.600
202604120206,   5.552,9999.000,9999.000,9999.000,9999.000,9999.000,9999.000,9999.000,9999.000
202604120212,   5.531,9999.000,9999.000,9999.000,9999.000,9999.000,9999.000,9999.000,9999.000
202604120218,   5.501,9999.000,9999.000,9999.000,9999.000,9999.000,9999.000,9999.000,9999.000
202604120224,   5.463,9999.000,9999.000,9999.000,9999.000,9999.000,9999.000,9999.000,9999.000
202604120230,   5.417,9999.000,9999.000,9999.000,9999.000,9999.000,9999.000,9999.000,9999.000
202604120236,   5.364,9999.000,9999.000,9999.000,9999.000,9999.000,9999.000,9999.000,9999.000
202604120242,   5.303,9999.000,9999.000,9999.000,9999.000,9999.000,9999.000,9999.000,9999.000
202604120248,   5.234,9999.000,9999.000,9999.000,9999.000,9999.000,9999.000,9999.000,9999.000
202604120254,   5.160,9999.000,9999.000,9999.000,9999.000,9999.000,9999.000,9999.000,9999.000
202604120300,   5.079,9999.000,   0.000,   0.036,   5.115,   0.000,   5.115,   0.100,   5.215
202604120306,   4.993,9999.000,9999.000,9999.000,9999.000,9999.000,9999.000,9999.000,9999.000
202604120312,   4.903,9999.000,9999.000,9999.000,9999.000,9999.000,9999.000,9999.000,9999.000
202604120318,   4.807,9999.000,9999.000,9999.000,9999.000,9999.000,9999.000,9999.000,9999.000
202604120324,   4.708,9999.000,9999.000,9999.000,9999.000,9999.000,9999.000,9999.000,9999.000
202604120330,   4.606,9999.000,9999.000,9999.000,9999.000,9999.000,9999.000,9999.000,9999.000
202604120336,   4.501,9999.000,9999.000,9999.000,9999.000,9999.000,9999.000,9999.000,9999.000
202604120342,   4.393,9999.000,9999.000,9999.000,9999.000,9999.000,9999.000,9999.000,9999.000
202604120348,   4.283,9999.000,9999.000,9999.000,9999.000,9999.000,9999.000,9999.000,9999.000
202604120354,   4.172,9999.000,9999.000,9999.000,9999.000,9999.000,9999.000,9999.000,9999.000
202604120400,   4.059,9999.000,   0.000,   0.036,   4.095,   0.000,   4.095,   0.100,   4.195
202604120406,   3.945,9999.000,9999.000,9999.000,9999.000,9999.000,9999.000,9999.000,9999.000
202604120412,   3.831,9999.000,9999.000,9999.000,9999.000,9999.000,9999.000,9999.000,9999.000
202604120418,   3.715,9999.000,9999.000,9999.000,9999.000,9999.000,9999.000,9999.000,9999.000
202604120424,   3.600,9999.000,9999.000,9999.000,9999.000,9999.000,9999.000,9999.000,9999.000
202604120430,   3.484,9999.000,9999.000,9999.000,9999.000,9999.000,9999.000,9999.000,9999.000
202604120436,   3.369,9999.000,9999.000,9999.000,9999.000,9999.000,9999.000,9999.000,9999.000
202604120442,   3.254,9999.000,9999.000,9999.000,9999.000,9999.000,9999.000,9999.000,9999.000
202604120448,   3.139,9999.000,9999.000,9999.000,9999.000,9999.000,9999.000,9999.000,9999.000
202604120454,   3.026,9999.000,9999.000,9999.000,9999.000,9999.000,9999.000,9999.000,9999.000
202604120500,   2.914,9999.000,   0.000,   0.036,   2.950,   0.000,   2.950,   0.100,   3.050
202604120506,   2.803,9999.000,9999.000,9999.000,9999.000,9999.000,9999.000,9999.000,9999.000
202604120512,   2.694,9999.000,9999.000,9999.000,9999.000,9999.000,9999.000,9999.000,9999.000
202604120518,   2.586,9999.000,9999.000,9999.000,9999.000,9999.000,9999.000,9999.000,9999.000
202604120524,   2.481,9999.000,9999.000,9999.000,9999.000,9999.000,9999.000,9999.000,9999.000
202604120530,   2.378,9999.000,9999.000,9999.000,9999.000,9999.000,9999.000,9999.000,9999.000
202604120536,   2.278,9999.000,9999.000,9999.000,9999.000,9999.000,9999.000,9999.000,9999.000
202604120542,   2.181,9999.000,9999.000,9999.000,9999.000,9999.000,9999.000,9999.000,9999.000
202604120548,   2.086,9999.000,9999.000,9999.000,9999.000,9999.000,9999.000,9999.000,9999.000
202604120554,   1.995,9999.000,9999.000,9999.000,9999.000,9999.000,9999.000,9999.000,9999.000
202604120600,   1.906,9999.000,   0.000,   0.036,   1.942,   0.000,   1.942,   0.100,   2.042
202604120606,   1.821,9999.000,9999.000,9999.000,9999.000,9999.000,9999.000,9999.000,9999.000
202604120612,   1.740,9999.000,9999.000,9999.000,9999.000,9999.000,9999.000,9999.000,9999.000
202604120618,   1.661,9999.000,9999.000,9999.000,9999.000,9999.000,9999.000,9999.000,9999.000
202604120624,   1.586,9999.000,9999.000,9999.000,9999.000,9999.000,9999.000,9999.000,9999.000
202604120630,   1.513,9999.000,9999.000,9999.000,9999.000,9999.000,9999.000,9999.000,9999.000
202604120636,   1.444,9999.000,9999.000,9999.000,9999.000,9999.000,9999.000,9999.000,9999.000
202604120642,   1.378,9999.000,9999.000,9999.000,9999.000,9999.000,9999.000,9999.000,9999.000
202604120648,   1.314,9999.000,9999.000,9999.000,9999.000,9999.000,9999.000,9999.000,9999.000
202604120654,   1.254,9999.000,9999.000,9999.000,9999.000,9999.000,9999.000,9999.000,9999.000
202604120700,   1.196,9999.000,   0.000,   0.036,   1.232,   0.000,   1.232,   0.100,   1.332
202604120706,   1.141,9999.000,9999.000,9999.000,9999.000,9999.000,9999.000,9999.000,9999.000
202604120712,   1.089,9999.000,9999.000,9999.000,9999.000,9999.000,9999.000,9999.000,9999.000
202604120718,   1.039,9999.000,9999.000,9999.000,9999.000,9999.000,9999.000,9999.000,9999.000
202604120724,   0.993,9999.000,9999.000,9999.000,9999.000,9999.000,9999.000,9999.000,9999.000
202604120730,   0.950,9999.000,9999.000,9999.000,9999.000,9999.000,9999.000,9999.000,9999.000
202604120736,   0.911,9999.000,9999.000,9999.000,9999.000,9999.000,9999.000,9999.000,9999.000
202604120742,   0.876,9999.000,9999.000,9999.000,9999.000,9999.000,9999.000,9999.000,9999.000
202604120748,   0.845,9999.000,9999.000,9999.000,9999.000,9999.000,9999.000,9999.000,9999.000
202604120754,   0.820,9999.000,9999.000,9999.000,9999.000,9999.000,9999.000,9999.000,9999.000
202604120800,   0.800,9999.000,   0.000,   0.036,   0.836,   0.000,   0.836,   0.100,   0.936
202604120806,   0.787,9999.000,9999.000,9999.000,9999.000,9999.000,9999.000,9999.000,9999.000
202604120812,   0.781,9999.000,9999.000,9999.000,9999.000,9999.000,9999.000,9999.000,9999.000
202604120818,   0.783,9999.000,9999.000,9999.000,9999.000,9999.000,9999.000,9999.000,9999.000
202604120824,   0.793,9999.000,9999.000,9999.000,9999.000,9999.000,9999.000,9999.000,9999.000
202604120830,   0.813,9999.000,9999.000,9999.000,9999.000,9999.000,9999.000,9999.000,9999.000
202604120836,   0.842,9999.000,9999.000,9999.000,9999.000,9999.000,9999.000,9999.000,9999.000
202604120842,   0.882,9999.000,9999.000,9999.000,9999.000,9999.000,9999.000,9999.000,9999.000
202604120848,   0.933,9999.000,9999.000,9999.000,9999.000,9999.000,9999.000,9999.000,9999.000
202604120854,   0.994,9999.000,9999.000,9999.000,9999.000,9999.000,9999.000,9999.000,9999.000
202604120900,   1.067,9999.000,   0.000,   0.036,   1.103,   0.000,   1.103,   0.100,   1.203
202604120906,   1.152,9999.000,9999.000,9999.000,9999.000,9999.000,9999.000,9999.000,9999.000
202604120912,   1.248,9999.000,9999.000,9999.000,9999.000,9999.000,9999.000,9999.000,9999.000
202604120918,   1.355,9999.000,9999.000,9999.000,9999.000,9999.000,9999.000,9999.000,9999.000
202604120924,   1.472,9999.000,9999.000,9999.000,9999.000,9999.000,9999.000,9999.000,9999.000
202604120930,   1.600,9999.000,9999.000,9999.000,9999.000,9999.000,9999.000,9999.000,9999.000
202604120936,   1.737,9999.000,9999.000,9999.000,9999.000,9999.000,9999.000,9999.000,9999.000
202604120942,   1.882,9999.000,9999.000,9999.000,9999.000,9999.000,9999.000,9999.000,9999.000
202604120948,   2.035,9999.000,9999.000,9999.000,9999.000,9999.000,9999.000,9999.000,9999.000
202604120954,   2.194,9999.000,9999.000,9999.000,9999.000,9999.000,9999.000,9999.000,9999.000
202604121000,   2.358,9999.000,   0.000,   0.036,   2.394,   0.000,   2.394,   0.100,   2.494
202604121006,   2.526,9999.000,9999.000,9999.000,9999.000,9999.000,9999.000,9999.000,9999.000
202604121012,   2.697,9999.000,9999.000,9999.000,9999.000,9999.000,9999.000,9999.000,9999.000
202604121018,   2.868,9999.000,9999.000,9999.000,9999.000,9999.000,9999.000,9999.000,9999.000
202604121024,   3.039,9999.000,9999.000,9999.000,9999.000,9999.000,9999.000,9999.000,9999.000
202604121030,   3.209,9999.000,9999.000,9999.000,9999.000,9999.000,9999.000,9999.000,9999.000
202604121036,   3.377,9999.000,9999.000,9999.000,9999.000,9999.000,9999.000,9999.000,9999.000
202604121042,   3.540,9999.000,9999.000,9999.000,9999.000,9999.000,9999.000,9999.000,9999.000
202604121048,   3.699,9999.000,9999.000,9999.000,9999.000,9999.000,9999.000,9999.000,9999.000
202604121054,   3.853,9999.000,9999.000,9999.000,9999.000,9999.000,9999.000,9999.000,9999.000
202604121100,   4.000,9999.000,   0.000,   0.036,   4.036,   0.000,   4.036,   0.100,   4.136
202604121106,   4.141,9999.000,9999.000,9999.000,9999.000,9999.000,9999.000,9999.000,9999.000
202604121112,   4.274,9999.000,9999.000,9999.000,9999.000,9999.000,9999.000,9999.000,9999.000
202604121118,   4.401,9999.000,9999.000,9999.000,9999.000,9999.000,9999.000,9999.000,9999.000
202604121124,   4.520,9999.000,9999.000,9999.000,9999.000,9999.000,9999.000,9999.000,9999.000
202604121130,   4.633,9999.000,9999.000,9999.000,9999.000,9999.000,9999.000,9999.000,9999.000
202604121136,   4.738,9999.000,9999.000,9999.000,9999.000,9999.000,9999.000,9999.000,9999.000
202604121142,   4.838,9999.000,9999.000,9999.000,9999.000,9999.000,9999.000,9999.000,9999.000
202604121148,   4.931,9999.000,9999.000,9999.000,9999.000,9999.000,9999.000,9999.000,9999.000
202604121154,   5.019,9999.000,9999.000,9999.000,9999.000,9999.000,9999.000,9999.000,9999.000
202604121200,   5.102,9999.000,   0.000,   0.036,   5.138,   0.000,   5.138,   0.100,   5.238
202604121206,   5.180,9999.000,9999.000,9999.000,9999.000,9999.000,9999.000,9999.000,9999.000
202604121212,   5.255,9999.000,9999.000,9999.000,9999.000,9999.000,9999.000,9999.000,9999.000
202604121218,   5.327,9999.000,9999.000,9999.000,9999.000,9999.000,9999.000,9999.000,9999.000
202604121224,   5.396,9999.000,9999.000,9999.000,9999.000,9999.000,9999.000,9999.000,9999.000
202604121230,   5.462,9999.000,9999.000,9999.000,9999.000,9999.000,9999.000,9999.000,9999.000
202604121236,   5.527,9999.000,9999.000,9999.000,9999.000,9999.000,9999.000,9999.000,9999.000
202604121242,   5.589,9999.000,9999.000,9999.000,9999.000,9999.000,9999.000,9999.000,9999.000
202604121248,   5.650,9999.000,9999.000,9999.000,9999.000,9999.000,9999.000,9999.000,9999.000
202604121254,   5.710,9999.000,9999.000,9999.000,9999.000,9999.000,9999.000,9999.000,9999.000
202604121300,   5.767,9999.000,   0.000,   0.036,   5.803,   0.000,   5.803,   0.100,   5.903
202604121306,   5.822,9999.000,9999.000,9999.000,9999.000,9999.000,9999.000,9999.000,9999.000
202604121312,   5.875,9999.000,9999.000,9999.000,9999.000,9999.000,9999.000,9999.000,9999.000
202604121318,   5.925,9999.000,9999.000,9999.000,9999.000,9999.000,9999.000,9999.000,9999.000
202604121324,   5.972,9999.000,9999.000,9999.000,9999.000,9999.000,9999.000,9999.000,9999.000
202604121330,   6.014,9999.000,9999.000,9999.000,9999.000,9999.000,9999.000,9999.000,9999.000
202604121336,   6.053,9999.000,9999.000,9999.000,9999.000,9999.000,9999.000,9999.000,9999.000
202604121342,   6.086,9999.000,9999.000,9999.000,9999.000,9999.000,9999.000,9999.000,9999.000
202604121348,   6.114,9999.000,9999.000,9999.000,9999.000,9999.000,9999.000,9999.000,9999.000
202604121354,   6.135,9999.000,9999.000,9999.000,9999.000,9999.000,9999.000,9999.000,9999.000
202604121400,   6.150,9999.000,   0.000,   0.036,   6.186,   0.000,   6.186,   0.100,   6.286
202604121406,   6.158,9999.000,9999.000,9999.000,9999.000,9999.000,9999.000,9999.000,9999.000
202604121412,   6.158,9999.000,9999.000,9999.000,9999.000,9999.000,9999.000,9999.000,9999.000
202604121418,   6.151,9999.000,9999.000,9999.000,9999.000,9999.000,9999.000,9999.000,9999.000
202604121424,   6.135,9999.000,9999.000,9999.000,9999.000,9999.000,9999.000,9999.000,9999.000
202604121430,   6.112,9999.000,9999.000,9999.000,9999.000,9999.000,9999.000,9999.000,9999.000
202604121436,   6.081,9999.000,9999.000,9999.000,9999.000,9999.000,9999.000,9999.000,9999.000
202604121442,   6.041,9999.000,9999.000,9999.000,9999.000,9999.000,9999.000,9999.000,9999.000
202604121448,   5.994,9999.000,9999.000,9999.000,9999.000,9999.000,9999.000,9999.000,9999.000
202604121454,   5.940,9999.000,9999.000,9999.000,9999.000,9999.000,9999.000,9999.000,9999.000
202604121500,   5.878,9999.000,   0.000,   0.036,   5.914,   0.000,   5.914,   0.100,   6.014
202604121506,   5.810,9999.000,9999.000,9999.000,9999.000,9999.000,9999.000,9999.000,9999.000
202604121512,   5.735,9999.000,9999.000,9999.000,9999.000,9999.000,9999.000,9999.000,9999.000
202604121518,   5.655,9999.000,9999.000,9999.000,9999.000,9999.000,9999.000,9999.000,9999.000
202604121524,   5.570,9999.000,9999.000,9999.000,9999.000,9999.000,9999.000,9999.000,9999.000
202604121530,   5.480,9999.000,9999.000,9999.000,9999.000,9999.000,9999.000,9999.000,9999.000
202604121536,   5.386,9999.000,9999.000,9999.000,9999.000,9999.000,9999.000,9999.000,9999.000
202604121542,   5.288,9999.000,9999.000,9999.000,9999.000,9999.000,9999.000,9999.000,9999.000
202604121548,   5.188,9999.000,9999.000,9999.000,9999.000,9999.000,9999.000,9999.000,9999.000
202604121554,   5.085,9999.000,9999.000,9999.000,9999.000,9999.000,9999.000,9999.000,9999.000
202604121600,   4.979,9999.000,   0.100,   0.036,   5.115,   0.000,   5.015,   0.100,   5.115
202604121606,   4.872,9999.000,9999.000,9999.000,9999.000,9999.000,9999.000,9999.000,9999.000
202604121612,   4.764,9999.000,9999.000,9999.000,9999.000,9999.000,9999.000,9999.000,9999.000
202604121618,   4.654,9999.000,9999.000,9999.000,9999.000,9999.000,9999.000,9999.000,9999.000
202604121624,   4.544,9999.000,9999.000,9999.000,9999.000,9999.000,9999.000,9999.000,9999.000
202604121630,   4.433,9999.000,9999.000,9999.000,9999.000,9999.000,9999.000,9999.000,9999.000
202604121636,   4.322,9999.000,9999.000,9999.000,9999.000,9999.000,9999.000,9999.000,9999.000
202604121642,   4.211,9999.000,9999.000,9999.000,9999.000,9999.000,9999.000,9999.000,9999.000
202604121648,   4.100,9999.000,9999.000,9999.000,9999.000,9999.000,9999.000,9999.000,9999.000
202604121654,   3.988,9999.000,9999.000,9999.000,9999.000,9999.000,9999.000,9999.000,9999.000
202604121700,   3.878,9999.000,   0.100,   0.036,   4.014,   0.000,   3.914,   0.100,   4.014
202604121706,   3.767,9999.000,9999.000,9999.000,9999.000,9999.000,9999.000,9999.000,9999.000
202604121712,   3.658,9999.000,9999.000,9999.000,9999.000,9999.000,9999.000,9999.000,9999.000
202604121718,   3.549,9999.000,9999.000,9999.000,9999.000,9999.000,9999.000,9999.000,9999.000
202604121724,   3.440,9999.000,9999.000,9999.000,9999.000,9999.000,9999.000,9999.000,9999.000
202604121730,   3.333,9999.000,9999.000,9999.000,9999.000,9999.000,9999.000,9999.000,9999.000
202604121736,   3.227,9999.000,9999.000,9999.000,9999.000,9999.000,9999.000,9999.000,9999.000
202604121742,   3.123,9999.000,9999.000,9999.000,9999.000,9999.000,9999.000,9999.000,9999.000
202604121748,   3.019,9999.000,9999.000,9999.000,9999.000,9999.000,9999.000,9999.000,9999.000
202604121754,   2.918,9999.000,9999.000,9999.000,9999.000,9999.000,9999.000,9999.000,9999.000
202604121800,   2.818,9999.000,   0.100,   0.036,   2.954,   0.100,   2.954,   0.200,   3.054
202604121806,   2.720,9999.000,9999.000,9999.000,9999.000,9999.000,9999.000,9999.000,9999.000
202604121812,   2.624,9999.000,9999.000,9999.000,9999.000,9999.000,9999.000,9999.000,9999.000
202604121818,   2.529,9999.000,9999.000,9999.000,9999.000,9999.000,9999.000,9999.000,9999.000
202604121824,   2.437,9999.000,9999.000,9999.000,9999.000,9999.000,9999.000,9999.000,9999.000
202604121830,   2.347,9999.000,9999.000,9999.000,9999.000,9999.000,9999.000,9999.000,9999.000
202604121836,   2.258,9999.000,9999.000,9999.000,9999.000,9999.000,9999.000,9999.000,9999.000
202604121842,   2.172,9999.000,9999.000,9999.000,9999.000,9999.000,9999.000,9999.000,9999.000
202604121848,   2.087,9999.000,9999.000,9999.000,9999.000,9999.000,9999.000,9999.000,9999.000
202604121854,   2.004,9999.000,9999.000,9999.000,9999.000,9999.000,9999.000,9999.000,9999.000
202604121900,   1.922,9999.000,   0.200,   0.036,   2.158,   0.100,   2.058,   0.200,   2.158
202604121906,   1.842,9999.000,9999.000,9999.000,9999.000,9999.000,9999.000,9999.000,9999.000
202604121912,   1.763,9999.000,9999.000,9999.000,9999.000,9999.000,9999.000,9999.000,9999.000
202604121918,   1.686,9999.000,9999.000,9999.000,9999.000,9999.000,9999.000,9999.000,9999.000
202604121924,   1.609,9999.000,9999.000,9999.000,9999.000,9999.000,9999.000,9999.000,9999.000
202604121930,   1.534,9999.000,9999.000,9999.000,9999.000,9999.000,9999.000,9999.000,9999.000
202604121936,   1.460,9999.000,9999.000,9999.000,9999.000,9999.000,9999.000,9999.000,9999.000
202604121942,   1.388,9999.000,9999.000,9999.000,9999.000,9999.000,9999.000,9999.000,9999.000
202604121948,   1.317,9999.000,9999.000,9999.000,9999.000,9999.000,9999.000,9999.000,9999.000
202604121954,   1.248,9999.000,9999.000,9999.000,9999.000,9999.000,9999.000,9999.000,9999.000
202604122000,   1.181,9999.000,   0.200,   0.036,   1.417,   0.100,   1.317,   0.200,   1.417
202604122006,   1.117,9999.000,9999.000,9999.000,9999.000,9999.000,9999.000,9999.000,9999.000
202604122012,   1.057,9999.000,9999.000,9999.000,9999.000,9999.000,9999.000,9999.000,9999.000
202604122018,   1.000,9999.000,9999.000,9999.000,9999.000,9999.000,9999.000,9999.000,9999.000
202604122024,   0.948,9999.000,9999.000,9999.000,9999.000,9999.000,9999.000,9999.000,9999.000
202604122030,   0.901,9999.000,9999.000,9999.000,9999.000,9999.000,9999.000,9999.000,9999.000
202604122036,   0.860,9999.000,9999.000,9999.000,9999.000,9999.000,9999.000,9999.000,9999.000
202604122042,   0.827,9999.000,9999.000,9999.000,9999.000,9999.000,9999.000,9999.000,9999.000
202604122048,   0.801,9999.000,9999.000,9999.000,9999.000,9999.000,9999.000,9999.000,9999.000
202604122054,   0.783,9999.000,9999.000,9999.000,9999.000,9999.000,9999.000,9999.000,9999.000
202604122100,   0.775,9999.000,   0.200,   0.036,   1.011,   0.200,   1.011,   0.300,   1.111
202604122106,   0.777,9999.000,9999.000,9999.000,9999.000,9999.000,9999.000,9999.000,9999.000
202604122112,   0.790,9999.000,9999.000,9999.000,9999.000,9999.000,9999.000,9999.000,9999.000
202604122118,   0.814,9999.000,9999.000,9999.000,9999.000,9999.000,9999.000,9999.000,9999.000
202604122124,   0.849,9999.000,9999.000,9999.000,9999.000,9999.000,9999.000,9999.000,9999.000
202604122130,   0.896,9999.000,9999.000,9999.000,9999.000,9999.000,9999.000,9999.000,9999.000
202604122136,   0.954,9999.000,9999.000,9999.000,9999.000,9999.000,9999.000,9999.000,9999.000
202604122142,   1.025,9999.000,9999.000,9999.000,9999.000,9999.000,9999.000,9999.000,9999.000
202604122148,   1.106,9999.000,9999.000,9999.000,9999.000,9999.000,9999.000,9999.000,9999.000
202604122154,   1.199,9999.000,9999.000,9999.000,9999.000,9999.000,9999.000,9999.000,9999.000
202604122200,   1.302,9999.000,   0.300,   0.036,   1.638,   0.200,   1.538,   0.300,   1.638
202604122206,   1.415,9999.000,9999.000,9999.000,9999.000,9999.000,9999.000,9999.000,9999.000
202604122212,   1.536,9999.000,9999.000,9999.000,9999.000,9999.000,9999.000,9999.000,9999.000
202604122218,   1.666,9999.000,9999.000,9999.000,9999.000,9999.000,9999.000,9999.000,9999.000
202604122224,   1.801,9999.000,9999.000,9999.000,9999.000,9999.000,9999.000,9999.000,9999.000
202604122230,   1.943,9999.000,9999.000,9999.000,9999.000,9999.000,9999.000,9999.000,9999.000
202604122236,   2.088,9999.000,9999.000,9999.000,9999.000,9999.000,9999.000,9999.000,9999.000
202604122242,   2.236,9999.000,9999.000,9999.000,9999.000,9999.000,9999.000,9999.000,9999.000
202604122248,   2.387,9999.000,9999.000,9999.000,9999.000,9999.000,9999.000,9999.000,9999.000
202604122254,   2.537,9999.000,9999.000,9999.000,9999.000,9999.000,9999.000,9999.000,9999.000
202604122300,   2.687,9999.000,   0.300,   0.036,   3.023,   0.200,   2.923,   0.400,   3.123
202604122306,   2.835,9999.000,9999.000,9999.000,9999.000,9999.000,9999.000,9999.000,9999.000
202604122312,   2.981,9999.000,9999.000,9999.000,9999.000,9999.000,9999.000,9999.000,9999.000
202604122318,   3.123,9999.000,9999.000,9999.000,9999.000,9999.000,9999.000,9999.000,9999.000
202604122324,   3.261,9999.000,9999.000,9999.000,9999.000,9999.000,9999.000,9999.000,9999.000
202604122330,   3.394,9999.000,9999.000,9999.000,9999.000,9999.000,9999.000,9999.000,9999.000
202604122336,   3.523,9999.000,9999.000,9999.000,9999.000,9999.000,9999.000,9999.000,9999.000
202604122342,   3.645,9999.000,9999.000,9999.000,9999.000,9999.000,9999.000,9999.000,9999.000
202604122348,   3.763,9999.000,9999.000,9999.000,9999.000,9999.000,9999.000,9999.000,9999.000
202604122354,   3.875,9999.000,9999.000,9999.000,9999.000,9999.000,9999.000,9999.000,9999.000
202604130000,   3.982,9999.000,   0.300,   0.036,   4.318,   0.200,   4.218,   0.400,   4.418
202604130006,   4.085,9999.000,9999.000,9999.000,9999.000,9999.000,9999.000,9999.000,9999.000
202604130012,   4.183,9999.000,9999.000,9999.000,9999.000,9999.000,9999.000,9999.000,9999.000
202604130018,   4.277,9999.000,9999.000,9999.000,9999.000,9999.000,9999.000,9999.000,9999.000
202604130024,   4.367,9999.000,9999.000,9999.000,9999.000,9999.000,9999.000,9999.000,9999.000
202604130030,   4.455,9999.000,9999.000,9999.000,9999.000,9999.000,9999.000,9999.000,9999.000
202604130036,   4.540,9999.000,9999.000,9999.000,9999.000,9999.000,9999.000,9999.000,9999.000
202604130042,   4.623,9999.000,9999.000,9999.000,9999.000,9999.000,9999.000,9999.000,9999.000
202604130048,   4.704,9999.000,9999.000,9999.000,9999.000,9999.000,9999.000,9999.000,9999.000
202604130054,   4.784,9999.000,9999.000,9999.000,9999.000,9999.000,9999.000,9999.000,9999.000
202604130100,   4.863,9999.000,   0.400,   0.036,   5.299,   0.300,   5.199,   0.400,   5.299
202604130106,   4.940,9999.000,9999.000,9999.000,9999.000,9999.000,9999.000,9999.000,9999.000
202604130112,   5.017,9999.000,9999.000,9999.000,9999.000,9999.000,9999.000,9999.000,9999.000
202604130118,   5.093,9999.000,9999.000,9999.000,9999.000,9999.000,9999.000,9999.000,9999.000
202604130124,   5.168,9999.000,9999.000,9999.000,9999.000,9999.000,9999.000,9999.000,9999.000
202604130130,   5.241,9999.000,9999.000,9999.000,9999.000,9999.000,9999.000,9999.000,9999.000
202604130136,   5.312,9999.000,9999.000,9999.000,9999.000,9999.000,9999.000,9999.000,9999.000
202604130142,   5.381,9999.000,9999.000,9999.000,9999.000,9999.000,9999.000,9999.000,9999.000
202604130148,   5.446,9999.000,9999.000,9999.000,9999.000,9999.000,9999.000,9999.000,9999.000
202604130154,   5.508,9999.000,9999.000,9999.000,9999.000,9999.000,9999.000,9999.000,9999.000
202604130200,   5.565,9999.000,   0.400,   0.036,   6.001,   0.300,   5.901,   0.500,   6.101
202604130206,   5.618,9999.000,9999.000,9999.000,9999.000,9999.000,9999.000,9999.000,9999.000
202604130212,   5.665,9999.000,9999.000,9999.000,9999.000,9999.000,9999.000,9999.000,9999.000
202604130218,   5.705,9999.000,9999.000,9999.000,9999.000,9999.000,9999.000,9999.000,9999.000
202604130224,   5.738,9999.000,9999.000,9999.000,9999.000,9999.000,9999.000,9999.000,9999.000
202604130230,   5.764,9999.000,9999.000,9999.000,9999.000,9999.000,9999.000,9999.000,9999.000
202604130236,   5.782,9999.000,9999.000,9999.000,9999.000,9999.000,9999.000,9999.000,9999.000
202604130242,   5.792,9999.000,9999.000,9999.000,9999.000,9999.000,9999.000,9999.000,9999.000
202604130248,   5.793,9999.000,9999.000,9999.000,9999.000,9999.000,9999.000,9999.000,9999.000
202604130254,   5.786,9999.000,9999.000,9999.000,9999.000,9999.000,9999.000,9999.000,9999.000
202604130300,   5.769,9999.000,   0.400,   0.036,   6.205,   0.300,   6.105,   0.500,   6.305
202604130306,   5.744,9999.000,9999.000,9999.000,9999.000,9999.000,9999.000,9999.000,9999.000
202604130312,   5.710,9999.000,9999.000,9999.000,9999.000,9999.000,9999.000,9999.000,9999.000
202604130318,   5.668,9999.000,9999.000,9999.000,9999.000,9999.000,9999.000,9999.000,9999.000
202604130324,   5.618,9999.000,9999.000,9999.000,9999.000,9999.000,9999.000,9999.000,9999.000
202604130330,   5.560,9999.000,9999.000,9999.000,9999.000,9999.000,9999.000,9999.000,9999.000
202604130336,   5.494,9999.000,9999.000,9999.000,9999.000,9999.000,9999.000,9999.000,9999.000
202604130342,   5.422,9999.000,9999.000,9999.000,9999.000,9999.000,9999.000,9999.000,9999.000
202604130348,   5.344,9999.000,9999.000,9999.000,9999.000,9999.000,9999.000,9999.000,9999.000
202604130354,   5.260,9999.000,9999.000,9999.000,9999.000,9999.000,9999.000,9999.000,9999.000
202604130400,   5.171,9999.000,   0.400,   0.036,   5.607,   0.300,   5.507,   0.500,   5.707
202604130406,   5.077,9999.000,9999.000,9999.000,9999.000,9999.000,9999.000,9999.000,9999.000
202604130412,   4.979,9999.000,9999.000,9999.000,9999.000,9999.000,9999.000,9999.000,9999.000
202604130418,   4.878,9999.000,9999.000,9999.000,9999.000,9999.000,9999.000,9999.000,9999.000
202604130424,   4.774,9999.000,9999.000,9999.000,9999.000,9999.000,9999.000,9999.000,9999.000
202604130430,   4.667,9999.000,9999.000,9999.000,9999.000,9999.000,9999.000,9999.000,9999.000
202604130436,   4.558,9999.000,9999.000,9999.000,9999.000,9999.000,9999.000,9999.000,9999.000
202604130442,   4.447,9999.000,9999.000,9999.000,9999.000,9999.000,9999.000,9999.000,9999.000
202604130448,   4.334,9999.000,9999.000,9999.000,9999.000,9999.000,9999.000,9999.000,9999.000
202604130454,   4.220,9999.000,9999.000,9999.000,9999.000,9999.000,9999.000,9999.000,9999.000
202604130500,   4.106,9999.000,   0.400,   0.036,   4.542,   0.300,   4.442,   0.500,   4.642
202604130506,   3.990,9999.000,9999.000,9999.000,9999.000,9999.000,9999.000,9999.000,9999.000
202604130512,   3.875,9999.000,9999.000,9999.000,9999.000,9999.000,9999.000,9999.000,9999.000
202604130518,   3.759,9999.000,9999.000,9999.000,9999.000,9999.000,9999.000,9999.000,9999.000
202604130524,   3.643,9999.000,9999.000,9999.000,9999.000,9999.000,9999.000,9999.000,9999.000
202604130530,   3.527,9999.000,9999.000,9999.000,9999.000,9999.000,9999.000,9999.000,9999.000
202604130536,   3.411,9999.000,9999.000,9999.000,9999.000,9999.000,9999.000,9999.000,9999.000
202604130542,   3.296,9999.000,9999.000,9999.000,9999.000,9999.000,9999.000,9999.000,9999.000
202604130548,   3.182,9999.000,9999.000,9999.000,9999.000,9999.000,9999.000,9999.000,9999.000
202604130554,   3.070,9999.000,9999.000,9999.000,9999.000,9999.000,9999.000,9999.000,9999.000
202604130600,   2.958,9999.000,   0.400,   0.036,   3.394,   0.400,   3.394,   0.500,   3.494
202604130606,   2.848,9999.000,9999.000,9999.000,9999.000,9999.000,9999.000,9999.000,9999.000
202604130612,   2.739,9999.000,9999.000,9999.000,9999.000,9999.000,9999.000,9999.000,9999.000
202604130618,   2.632,9999.000,9999.000,9999.000,9999.000,9999.000,9999.000,9999.000,9999.000
202604130624,   2.528,9999.000,9999.000,9999.000,9999.000,9999.000,9999.000,9999.000,9999.000
202604130630,   2.426,9999.000,9999.000,9999.000,9999.000,9999.000,9999.000,9999.000,9999.000
202604130636,   2.326,9999.000,9999.000,9999.000,9999.000,9999.000,9999.000,9999.000,9999.000
202604130642,   2.228,9999.000,9999.000,9999.000,9999.000,9999.000,9999.000,9999.000,9999.000
202604130648,   2.134,9999.000,9999.000,9999.000,9999.000,9999.000,9999.000,9999.000,9999.000
202604130654,   2.041,9999.000,9999.000,9999.000,9999.000,9999.000,9999.000,9999.000,9999.000
202604130700,   1.952,9999.000,   0.400,   0.036,   2.388,   0.400,   2.388,   0.500,   2.488
202604130706,   1.865,9999.000,9999.000,9999.000,9999.000,9999.000,9999.000,9999.000,9999.000
202604130712,   1.781,9999.000,9999.000,9999.000,9999.000,9999.000,9999.000,9999.000,9999.000
202604130718,   1.700,9999.000,9999.000,9999.000,9999.000,9999.000,9999.000,9999.000,9999.000
202604130724,   1.620,9999.000,9999.000,9999.000,9999.000,9999.000,9999.000,9999.000,9999.000
202604130730,   1.544,9999.000,9999.000,9999.000,9999.000,9999.000,9999.000,9999.000,9999.000
202604130736,   1.470,9999.000,9999.000,9999.000,9999.000,9999.000,9999.000,9999.000,9999.000
202604130742,   1.397,9999.000,9999.000,9999.000,9999.000,9999.000,9999.000,9999.000,9999.000
202604130748,   1.328,9999.000,9999.000,9999.000,9999.000,9999.000,9999.000,9999.000,9999.000
202604130754,   1.260,9999.000,9999.000,9999.000,9999.000,9999.000,9999.000,9999.000,9999.000
202604130800,   1.195,9999.000,   0.500,   0.036,   1.731,   0.400,   1.631,   0.600,   1.831
202604130806,   1.132,9999.000,9999.000,9999.000,9999.000,9999.000,9999.000,9999.000,9999.000
202604130812,   1.072,9999.000,9999.000,9999.000,9999.000,9999.000,9999.000,9999.000,9999.000
202604130818,   1.015,9999.000,9999.000,9999.000,9999.000,9999.000,9999.000,9999.000,9999.000
202604130824,   0.961,9999.000,9999.000,9999.000,9999.000,9999.000,9999.000,9999.000,9999.000
202604130830,   0.910,9999.000,9999.000,9999.000,9999.000,9999.000,9999.000,9999.000,9999.000
202604130836,   0.864,9999.000,9999.000,9999.000,9999.000,9999.000,9999.000,9999.000,9999.000
202604130842,   0.822,9999.000,9999.000,9999.000,9999.000,9999.000,9999.000,9999.000,9999.000
202604130848,   0.786,9999.000,9999.000,9999.000,9999.000,9999.000,9999.000,9999.000,9999.000
202604130854,   0.757,9999.000,9999.000,9999.000,9999.000,9999.000,9999.000,9999.000,9999.000
202604130900,   0.733,9999.000,   0.400,   0.036,   1.169,   0.400,   1.169,   0.600,   1.369
202604130906,   0.718,9999.000,9999.000,9999.000,9999.000,9999.000,9999.000,9999.000,9999.000
202604130912,   0.711,9999.000,9999.000,9999.000,9999.000,9999.000,9999.000,9999.000,9999.000
202604130918,   0.713,9999.000,9999.000,9999.000,9999.000,9999.000,9999.000,9999.000,9999.000
202604130924,   0.725,9999.000,9999.000,9999.000,9999.000,9999.000,9999.000,9999.000,9999.000
202604130930,   0.748,9999.000,9999.000,9999.000,9999.000,9999.000,9999.000,9999.000,9999.000
202604130936,   0.781,9999.000,9999.000,9999.000,9999.000,9999.000,9999.000,9999.000,9999.000
202604130942,   0.826,9999.000,9999.000,9999.000,9999.000,9999.000,9999.000,9999.000,9999.000
202604130948,   0.883,9999.000,9999.000,9999.000,9999.000,9999.000,9999.000,9999.000,9999.000
202604130954,   0.952,9999.000,9999.000,9999.000,9999.000,9999.000,9999.000,9999.000,9999.000
202604131000,   1.033,9999.000,   0.400,   0.036,   1.469,   0.400,   1.469,   0.600,   1.669
202604131006,   1.126,9999.000,9999.000,9999.000,9999.000,9999.000,9999.000,9999.000,9999.000
202604131012,   1.231,9999.000,9999.000,9999.000,9999.000,9999.000,9999.000,9999.000,9999.000
202604131018,   1.347,9999.000,9999.000,9999.000,9999.000,9999.000,9999.000,9999.000,9999.000
202604131024,   1.473,9999.000,9999.000,9999.000,9999.000,9999.000,9999.000,9999.000,9999.000
202604131030,   1.609,9999.000,9999.000,9999.000,9999.000,9999.000,9999.000,9999.000,9999.000
202604131036,   1.753,9999.000,9999.000,9999.000,9999.000,9999.000,9999.000,9999.000,9999.000
202604131042,   1.906,9999.000,9999.000,9999.000,9999.000,9999.000,9999.000,9999.000,9999.000
202604131048,   2.065,9999.000,9999.000,9999.000,9999.000,9999.000,9999.000,9999.000,9999.000
202604131054,   2.229,9999.000,9999.000,9999.000,9999.000,9999.000,9999.000,9999.000,9999.000
202604131100,   2.397,9999.000,   0.400,   0.036,   2.833,   0.300,   2.733,   0.500,   2.933
202604131106,   2.567,9999.000,9999.000,9999.000,9999.000,9999.000,9999.000,9999.000,9999.000
202604131112,   2.739,9999.000,9999.000,9999.000,9999.000,9999.000,9999.000,9999.000,9999.000
202604131118,   2.911,9999.000,9999.000,9999.000,9999.000,9999.000,9999.000,9999.000,9999.000
202604131124,   3.082,9999.000,9999.000,9999.000,9999.000,9999.000,9999.000,9999.000,9999.000
202604131130,   3.250,9999.000,9999.000,9999.000,9999.000,9999.000,9999.000,9999.000,9999.000
202604131136,   3.415,9999.000,9999.000,9999.000,9999.000,9999.000,9999.000,9999.000,9999.000
202604131142,   3.576,9999.000,9999.000,9999.000,9999.000,9999.000,9999.000,9999.000,9999.000
202604131148,   3.732,9999.000,9999.000,9999.000,9999.000,9999.000,9999.000,9999.000,9999.000
202604131154,   3.881,9999.000,9999.000,9999.000,9999.000,9999.000,9999.000,9999.000,9999.000
202604131200,   4.025,9999.000,   0.400,   0.036,   4.461,   0.300,   4.361,   0.500,   4.561
202604131206,   4.162,9999.000,9999.000,9999.000,9999.000,9999.000,9999.000,9999.000,9999.000
202604131212,   4.293,9999.000,9999.000,9999.000,9999.000,9999.000,9999.000,9999.000,9999.000
202604131218,   4.417,9999.000,9999.000,9999.000,9999.000,9999.000,9999.000,9999.000,9999.000
202604131224,   4.535,9999.000,9999.000,9999.000,9999.000,9999.000,9999.000,9999.000,9999.000
202604131230,   4.647,9999.000,9999.000,9999.000,9999.000,9999.000,9999.000,9999.000,9999.000
202604131236,   4.752,9999.000,9999.000,9999.000,9999.000,9999.000,9999.000,9999.000,9999.000
202604131242,   4.853,9999.000,9999.000,9999.000,9999.000,9999.000,9999.000,9999.000,9999.000
202604131248,   4.948,9999.000,9999.000,9999.000,9999.000,9999.000,9999.000,9999.000,9999.000
202604131254,   5.039,9999.000,9999.000,9999.000,9999.000,9999.000,9999.000,9999.000,9999.000
202604131300,   5.127,9999.000,   0.400,   0.036,   5.563,   0.300,   5.463,   0.500,   5.663
202604131306,   5.211,9999.000,9999.000,9999.000,9999.000,9999.000,9999.000,9999.000,9999.000
202604131312,   5.292,9999.000,9999.000,9999.000,9999.000,9999.000,9999.000,9999.000,9999.000
202604131318,   5.370,9999.000,9999.000,9999.000,9999.000,9999.000,9999.000,9999.000,9999.000
202604131324,   5.446,9999.000,9999.000,9999.000,9999.000,9999.000,9999.000,9999.000,9999.000
202604131330,   5.520,9999.000,9999.000,9999.000,9999.000,9999.000,9999.000,9999.000,9999.000
202604131336,   5.592,9999.000,9999.000,9999.000,9999.000,9999.000,9999.000,9999.000,9999.000
202604131342,   5.663,9999.000,9999.000,9999.000,9999.000,9999.000,9999.000,9999.000,9999.000
202604131348,   5.731,9999.000,9999.000,9999.000,9999.000,9999.000,9999.000,9999.000,9999.000
202604131354,   5.796,9999.000,9999.000,9999.000,9999.000,9999.000,9999.000,9999.000,9999.000
202604131400,   5.859,9999.000,   0.400,   0.036,   6.295,   0.300,   6.195,   0.500,   6.395
202604131406,   5.919,9999.000,9999.000,9999.000,9999.000,9999.000,9999.000,9999.000,9999.000
202604131412,   5.976,9999.000,9999.000,9999.000,9999.000,9999.000,9999.000,9999.000,9999.000
202604131418,   6.028,9999.000,9999.000,9999.000,9999.000,9999.000,9999.000,9999.000,9999.000
202604131424,   6.076,9999.000,9999.000,9999.000,9999.000,9999.000,9999.000,9999.000,9999.000
202604131430,   6.118,9999.000,9999.000,9999.000,9999.000,9999.000,9999.000,9999.000,9999.000
202604131436,   6.155,9999.000,9999.000,9999.000,9999.000,9999.000,9999.000,9999.000,9999.000
202604131442,   6.185,9999.000,9999.000,9999.000,9999.000,9999.000,9999.000,9999.000,9999.000
202604131448,   6.209,9999.000,9999.000,9999.000,9999.000,9999.000,9999.000,9999.000,9999.000
202604131454,   6.225,9999.000,9999.000,9999.000,9999.000,9999.000,9999.000,9999.000,9999.000
202604131500,   6.233,9999.000,   0.400,   0.036,   6.669,   0.300,   6.569,   0.500,   6.769
202604131506,   6.233,9999.000,9999.000,9999.000,9999.000,9999.000,9999.000,9999.000,9999.000
202604131512,   6.224,9999.000,9999.000,9999.000,9999.000,9999.000,9999.000,9999.000,9999.000
202604131518,   6.208,9999.000,9999.000,9999.000,9999.000,9999.000,9999.000,9999.000,9999.000
202604131524,   6.183,9999.000,9999.000,9999.000,9999.000,9999.000,9999.000,9999.000,9999.000
202604131530,   6.149,9999.000,9999.000,9999.000,9999.000,9999.000,9999.000,9999.000,9999.000
202604131536,   6.107,9999.000,9999.000,9999.000,9999.000,9999.000,9999.000,9999.000,9999.000
202604131542,   6.058,9999.000,9999.000,9999.000,9999.000,9999.000,9999.000,9999.000,9999.000
202604131548,   6.001,9999.000,9999.000,9999.000,9999.000,9999.000,9999.000,9999.000,9999.000
202604131554,   5.937,9999.000,9999.000,9999.000,9999.000,9999.000,9999.000,9999.000,9999.000
202604131600,   5.866,9999.000,   0.400,   0.036,   6.302,   0.200,   6.102,   0.400,   6.302
202604131606,   5.789,9999.000,9999.000,9999.000,9999.000,9999.000,9999.000,9999.000,9999.000
202604131612,   5.706,9999.000,9999.000,9999.000,9999.000,9999.000,9999.000,9999.000,9999.000
202604131618,   5.618,9999.000,9999.000,9999.000,9999.000,9999.000,9999.000,9999.000,9999.000
202604131624,   5.526,9999.000,9999.000,9999.000,9999.000,9999.000,9999.000,9999.000,9999.000
202604131630,   5.430,9999.000,9999.000,9999.000,9999.000,9999.000,9999.000,9999.000,9999.000
202604131636,   5.331,9999.000,9999.000,9999.000,9999.000,9999.000,9999.000,9999.000,9999.000
202604131642,   5.229,9999.000,9999.000,9999.000,9999.000,9999.000,9999.000,9999.000,9999.000
202604131648,   5.124,9999.000,9999.000,9999.000,9999.000,9999.000,9999.000,9999.000,9999.000
202604131654,   5.018,9999.000,9999.000,9999.000,9999.000,9999.000,9999.000,9999.000,9999.000
202604131700,   4.909,9999.000,   0.300,   0.036,   5.245,   0.200,   5.145,   0.400,   5.345
202604131706,   4.800,9999.000,9999.000,9999.000,9999.000,9999.000,9999.000,9999.000,9999.000
202604131712,   4.690,9999.000,9999.000,9999.000,9999.000,9999.000,9999.000,9999.000,9999.000
202604131718,   4.579,9999.000,9999.000,9999.000,9999.000,9999.000,9999.000,9999.000,9999.000
202604131724,   4.467,9999.000,9999.000,9999.000,9999.000,9999.000,9999.000,9999.000,9999.000
202604131730,   4.355,9999.000,9999.000,9999.000,9999.000,9999.000,9999.000,9999.000,9999.000
202604131736,   4.243,9999.000,9999.000,9999.000,9999.000,9999.000,9999.000,9999.000,9999.000
202604131742,   4.132,9999.000,9999.000,9999.000,9999.000,9999.000,9999.000,9999.000,9999.000
202604131748,   4.020,9999.000,9999.000,9999.000,9999.000,9999.000,9999.000,9999.000,9999.000
202604131754,   3.908,9999.000,9999.000,9999.000,9999.000,9999.000,9999.000,9999.000,9999.000
202604131800,   3.797,9999.000,   0.300,   0.036,   4.133,   0.100,   3.933,   0.400,   4.233
202604131806,   3.687,9999.000,9999.000,9999.000,9999.000,9999.000,9999.000,9999.000,9999.000
202604131812,   3.577,9999.000,9999.000,9999.000,9999.000,9999.000,9999.000,9999.000,9999.000
202604131818,   3.468,9999.000,9999.000,9999.000,9999.000,9999.000,9999.000,9999.000,9999.000
202604131824,   3.360,9999.000,9999.000,9999.000,9999.000,9999.000,9999.000,9999.000,9999.000
202604131830,   3.253,9999.000,9999.000,9999.000,9999.000,9999.000,9999.000,9999.000,9999.000
202604131836,   3.148,9999.000,9999.000,9999.000,9999.000,9999.000,9999.000,9999.000,9999.000
202604131842,   3.043,9999.000,9999.000,9999.000,9999.000,9999.000,9999.000,9999.000,9999.000
202604131848,   2.940,9999.000,9999.000,9999.000,9999.000,9999.000,9999.000,9999.000,9999.000
202604131854,   2.839,9999.000,9999.000,9999.000,9999.000,9999.000,9999.000,9999.000,9999.000
202604131900,   2.739,9999.000,   0.300,   0.036,   3.075,   0.100,   2.875,   0.400,   3.175
202604131906,   2.641,9999.000,9999.000,9999.000,9999.000,9999.000,9999.000,9999.000,9999.000
202604131912,   2.544,9999.000,9999.000,9999.000,9999.000,9999.000,9999.000,9999.000,9999.000
202604131918,   2.449,9999.000,9999.000,9999.000,9999.000,9999.000,9999.000,9999.000,9999.000
202604131924,   2.356,9999.000,9999.000,9999.000,9999.000,9999.000,9999.000,9999.000,9999.000
202604131930,   2.264,9999.000,9999.000,9999.000,9999.000,9999.000,9999.000,9999.000,9999.000
202604131936,   2.174,9999.000,9999.000,9999.000,9999.000,9999.000,9999.000,9999.000,9999.000
202604131942,   2.086,9999.000,9999.000,9999.000,9999.000,9999.000,9999.000,9999.000,9999.000
202604131948,   1.998,9999.000,9999.000,9999.000,9999.000,9999.000,9999.000,9999.000,9999.000
202604131954,   1.912,9999.000,9999.000,9999.000,9999.000,9999.000,9999.000,9999.000,9999.000
202604132000,   1.828,9999.000,   0.200,   0.036,   2.064,   0.100,   1.964,   0.400,   2.264
202604132006,   1.744,9999.000,9999.000,9999.000,9999.000,9999.000,9999.000,9999.000,9999.000
202604132012,   1.661,9999.000,9999.000,9999.000,9999.000,9999.000,9999.000,9999.000,9999.000
202604132018,   1.579,9999.000,9999.000,9999.000,9999.000,9999.000,9999.000,9999.000,9999.000
202604132024,   1.499,9999.000,9999.000,9999.000,9999.000,9999.000,9999.000,9999.000,9999.000
202604132030,   1.420,9999.000,9999.000,9999.000,9999.000,9999.000,9999.000,9999.000,9999.000
202604132036,   1.342,9999.000,9999.000,9999.000,9999.000,9999.000,9999.000,9999.000,9999.000
202604132042,   1.266,9999.000,9999.000,9999.000,9999.000,9999.000,9999.000,9999.000,9999.000
202604132048,   1.192,9999.000,9999.000,9999.000,9999.000,9999.000,9999.000,9999.000,9999.000
202604132054,   1.121,9999.000,9999.000,9999.000,9999.000,9999.000,9999.000,9999.000,9999.000
202604132100,   1.053,9999.000,   0.200,   0.036,   1.289,   0.000,   1.089,   0.300,   1.389
202604132106,   0.988,9999.000,9999.000,9999.000,9999.000,9999.000,9999.000,9999.000,9999.000
202604132112,   0.929,9999.000,9999.000,9999.000,9999.000,9999.000,9999.000,9999.000,9999.000
202604132118,   0.874,9999.000,9999.000,9999.000,9999.000,9999.000,9999.000,9999.000,9999.000
202604132124,   0.826,9999.000,9999.000,9999.000,9999.000,9999.000,9999.000,9999.000,9999.000
202604132130,   0.785,9999.000,9999.000,9999.000,9999.000,9999.000,9999.000,9999.000,9999.000
202604132136,   0.751,9999.000,9999.000,9999.000,9999.000,9999.000,9999.000,9999.000,9999.000
202604132142,   0.727,9999.000,9999.000,9999.000,9999.000,9999.000,9999.000,9999.000,9999.000
202604132148,   0.712,9999.000,9999.000,9999.000,9999.000,9999.000,9999.000,9999.000,9999.000
202604132154,   0.707,9999.000,9999.000,9999.000,9999.000,9999.000,9999.000,9999.000,9999.000
202604132200,   0.713,9999.000,   0.100,   0.036,   0.849,   0.000,   0.749,   0.300,   1.049
202604132206,   0.731,9999.000,9999.000,9999.000,9999.000,9999.000,9999.000,9999.000,9999.000
202604132212,   0.761,9999.000,9999.000,9999.000,9999.000,9999.000,9999.000,9999.000,9999.000
202604132218,   0.803,9999.000,9999.000,9999.000,9999.000,9999.000,9999.000,9999.000,9999.000
202604132224,   0.857,9999.000,9999.000,9999.000,9999.000,9999.000,9999.000,9999.000,9999.000
202604132230,   0.924,9999.000,9999.000,9999.000,9999.000,9999.000,9999.000,9999.000,9999.000
202604132236,   1.004,9999.000,9999.000,9999.000,9999.000,9999.000,9999.000,9999.000,9999.000
202604132242,   1.095,9999.000,9999.000,9999.000,9999.000,9999.000,9999.000,9999.000,9999.000
202604132248,   1.197,9999.000,9999.000,9999.000,9999.000,9999.000,9999.000,9999.000,9999.000
202604132254,   1.311,9999.000,9999.000,9999.000,9999.000,9999.000,9999.000,9999.000,9999.000
202604132300,   1.434,9999.000,   0.100,   0.036,   1.570,   0.000,   1.470,   0.300,   1.770
202604132306,   1.566,9999.000,9999.000,9999.000,9999.000,9999.000,9999.000,9999.000,9999.000
202604132312,   1.706,9999.000,9999.000,9999.000,9999.000,9999.000,9999.000,9999.000,9999.000
202604132318,   1.853,9999.000,9999.000,9999.000,9999.000,9999.000,9999.000,9999.000,9999.000
202604132324,   2.005,9999.000,9999.000,9999.000,9999.000,9999.000,9999.000,9999.000,9999.000
202604132330,   2.162,9999.000,9999.000,9999.000,9999.000,9999.000,9999.000,9999.000,9999.000
202604132336,   2.321,9999.000,9999.000,9999.000,9999.000,9999.000,9999.000,9999.000,9999.000
202604132342,   2.481,9999.000,9999.000,9999.000,9999.000,9999.000,9999.000,9999.000,9999.000
202604132348,   2.642,9999.000,9999.000,9999.000,9999.000,9999.000,9999.000,9999.000,9999.000
202604132354,   2.802,9999.000,9999.000,9999.000,9999.000,9999.000,9999.000,9999.000,9999.000
202604140000,   2.961,9999.000,   0.100,   0.036,   3.097,   0.000,   2.997,   0.200,   3.197
202604140006,   3.116,9999.000,9999.000,9999.000,9999.000,9999.000,9999.000,9999.000,9999.000
202604140012,   3.268,9999.000,9999.000,9999.000,9999.000,9999.000,9999.000,9999.000,9999.000
202604140018,   3.416,9999.000,9999.000,9999.000,9999.000,9999.000,9999.000,9999.000,9999.000
202604140024,   3.559,9999.000,9999.000,9999.000,9999.000,9999.000,9999.000,9999.000,9999.000
202604140030,   3.697,9999.000,9999.000,9999.000,9999.000,9999.000,9999.000,9999.000,9999.000
202604140036,   3.829,9999.000,9999.000,9999.000,9999.000,9999.000,9999.000,9999.000,9999.000
202604140042,   3.957,9999.000,9999.000,9999.000,9999.000,9999.000,9999.000,9999.000,9999.000
202604140048,   4.079,9999.000,9999.000,9999.000,9999.000,9999.000,9999.000,9999.000,9999.000
202604140054,   4.195,9999.000,9999.000,9999.000,9999.000,9999.000,9999.000,9999.000,9999.000
202604140100,   4.307,9999.000,   0.100,   0.036,   4.443,   0.000,   4.343,   0.200,   4.543
202604140106,   4.415,9999.000,9999.000,9999.000,9999.000,9999.000,9999.000,9999.000,9999.000
202604140112,   4.519,9999.000,9999.000,9999.000,9999.000,9999.000,9999.000,9999.000,9999.000
202604140118,   4.619,9999.000,9999.000,9999.000,9999.000,9999.000,9999.000,9999.000,9999.000
202604140124,   4.716,9999.000,9999.000,9999.000,9999.000,9999.000,9999.000,9999.000,9999.000
202604140130,   4.810,9999.000,9999.000,9999.000,9999.000,9999.000,9999.000,9999.000,9999.000
202604140136,   4.902,9999.000,9999.000,9999.000,9999.000,9999.000,9999.000,9999.000,9999.000
202604140142,   4.991,9999.000,9999.000,9999.000,9999.000,9999.000,9999.000,9999.000,9999.000
202604140148,   5.079,9999.000,9999.000,9999.000,9999.000,9999.000,9999.000,9999.000,9999.000
202604140154,   5.166,9999.000,9999.000,9999.000,9999.000,9999.000,9999.000,9999.000,9999.000
202604140200,   5.250,9999.000,   0.000,   0.036,   5.286,  -0.100,   5.186,   0.200,   5.486
202604140206,   5.333,9999.000,9999.000,9999.000,9999.000,9999.000,9999.000,9999.000,9999.000
202604140212,   5.415,9999.000,9999.000,9999.000,9999.000,9999.000,9999.000,9999.000,9999.000
202604140218,   5.494,9999.000,9999.000,9999.000,9999.000,9999.000,9999.000,9999.000,9999.000
202604140224,   5.570,9999.000,9999.000,9999.000,9999.000,9999.000,9999.000,9999.000,9999.000
202604140230,   5.644,9999.000,9999.000,9999.000,9999.000,9999.000,9999.000,9999.000,9999.000
202604140236,   5.714,9999.000,9999.000,9999.000,9999.000,9999.000,9999.000,9999.000,9999.000
202604140242,   5.780,9999.000,9999.000,9999.000,9999.000,9999.000,9999.000,9999.000,9999.000
202604140248,   5.841,9999.000,9999.000,9999.000,9999.000,9999.000,9999.000,9999.000,9999.000
202604140254,   5.897,9999.000,9999.000,9999.000,9999.000,9999.000,9999.000,9999.000,9999.000
202604140300,   5.947,9999.000,   0.000,   0.036,   5.983,  -0.100,   5.883,   0.100,   6.083
202604140306,   5.990,9999.000,9999.000,9999.000,9999.000,9999.000,9999.000,9999.000,9999.000
202604140312,   6.026,9999.000,9999.000,9999.000,9999.000,9999.000,9999.000,9999.000,9999.000
202604140318,   6.054,9999.000,9999.000,9999.000,9999.000,9999.000,9999.000,9999.000,9999.000
202604140324,   6.074,9999.000,9999.000,9999.000,9999.000,9999.000,9999.000,9999.000,9999.000
202604140330,   6.086,9999.000,9999.000,9999.000,9999.000,9999.000,9999.000,9999.000,9999.000
202604140336,   6.088,9999.000,9999.000,9999.000,9999.000,9999.000,9999.000,9999.000,9999.000
202604140342,   6.082,9999.000,9999.000,9999.000,9999.000,9999.000,9999.000,9999.000,9999.000
202604140348,   6.066,9999.000,9999.000,9999.000,9999.000,9999.000,9999.000,9999.000,9999.000
202604140354,   6.041,9999.000,9999.000,9999.000,9999.000,9999.000,9999.000,9999.000,9999.000
202604140400,   6.008,9999.000,   0.000,   0.036,   6.044,  -0.100,   5.944,   0.100,   6.144
202604140406,   5.966,9999.000,9999.000,9999.000,9999.000,9999.000,9999.000,9999.000,9999.000
202604140412,   5.915,9999.000,9999.000,9999.000,9999.000,9999.000,9999.000,9999.000,9999.000
202604140418,   5.857,9999.000,9999.000,9999.000,9999.000,9999.000,9999.000,9999.000,9999.000
202604140424,   5.791,9999.000,9999.000,9999.000,9999.000,9999.000,9999.000,9999.000,9999.000
202604140430,   5.718,9999.000,9999.000,9999.000,9999.000,9999.000,9999.000,9999.000,9999.000
202604140436,   5.639,9999.000,9999.000,9999.000,9999.000,9999.000,9999.000,9999.000,9999.000
202604140442,   5.554,9999.000,9999.000,9999.000,9999.000,9999.000,9999.000,9999.000,9999.000
202604140448,   5.464,9999.000,9999.000,9999.000,9999.000,9999.000,9999.000,9999.000,9999.000
202604140454,   5.369,9999.000,9999.000,9999.000,9999.000,9999.000,9999.000,9999.000,9999.000
202604140500,   5.270,9999.000,   0.000,   0.036,   5.306,  -0.200,   5.106,   0.100,   5.406
202604140506,   5.167,9999.000,9999.000,9999.000,9999.000,9999.000,9999.000,9999.000,9999.000
202604140512,   5.061,9999.000,9999.000,9999.000,9999.000,9999.000,9999.000,9999.000,9999.000
202604140518,   4.953,9999.000,9999.000,9999.000,9999.000,9999.000,9999.000,9999.000,9999.000
202604140524,   4.843,9999.000,9999.000,9999.000,9999.000,9999.000,9999.000,9999.000,9999.000
202604140530,   4.730,9999.000,9999.000,9999.000,9999.000,9999.000,9999.000,9999.000,9999.000
202604140536,   4.617,9999.000,9999.000,9999.000,9999.000,9999.000,9999.000,9999.000,9999.000
202604140542,   4.502,9999.000,9999.000,9999.000,9999.000,9999.000,9999.000,9999.000,9999.000
202604140548,   4.386,9999.000,9999.000,9999.000,9999.000,9999.000,9999.000,9999.000,9999.000
202604140554,   4.269,9999.000,9999.000,9999.000,9999.000,9999.000,9999.000,9999.000,9999.000
202604140600,   4.152,9999.000,   0.000,   0.036,   4.188,  -0.200,   3.988,   0.000,   4.188
