        TIME,    TIDE,      OB,   SURGE,    BIAS,     TWL,SURGE90p,  TWL90p,SURGE10p,   TWL10p
202607200600,   0.288,9999.000,   0.300,9999.000,   0.588,   0.300,   0.588,   0.400,   0.688
202607200606,   0.294,9999.000,9999.000,9999.000,9999.000,9999.000,9999.000,9999.000,9999.000
202607200612,   0.299,9999.000,9999.000,9999.000,9999.000,9999.000,9999.000,9999.000,9999.000
202607200618,   0.304,9999.000,9999.000,9999.000,9999.000,9999.000,9999.000,9999.000,9999.000
202607200624,   0.308,9999.000,9999.000,9999.000,9999.000,9999.000,9999.000,9999.000,9999.000
202607200630,   0.313,9999.000,9999.000,9999.000,9999.000,9999.000,9999.000,9999.000,9999.000
202607200636,   0.317,9999.000,9999.000,9999.000,9999.000,9999.000,9999.000,9999.000,9999.000
202607200642,   0.321,9999.000,9999.000,9999.000,9999.000,9999.000,9999.000,9999.000,9999.000
202607200648,   0.325,9999.000,9999.000,9999.000,9999.000,9999.000,9999.000,9999.000,9999.000
202607200654,   0.328,9999.000,9999.000,9999.000,9999.000,9999.000,9999.000,9999.000,9999.000
202607200700,   0.331,   1.420,   0.300,   0.789,   1.420,   0.300,   1.420,   0.400,   1.520
202607200706,   0.334,   1.420,9999.000,9999.000,9999.000,9999.000,9999.000,9999.000,9999.000
202607200712,   0.336,   1.610,9999.000,9999.000,9999.000,9999.000,9999.000,9999.000,9999.000
202607200718,   0.337,   1.590,9999.000,9999.000,9999.000,9999.000,9999.000,9999.000,9999.000
202607200724,   0.339,   1.590,9999.000,9999.000,9999.000,9999.000,9999.000,9999.000,9999.000
202607200730,   0.340,   1.590,9999.000,9999.000,9999.000,9999.000,9999.000,9999.000,9999.000
202607200736,   0.340,   1.590,9999.000,9999.000,9999.000,9999.000,9999.000,9999.000,9999.000
202607200742,   0.340,   1.590,9999.000,9999.000,9999.000,9999.000,9999.000,9999.000,9999.000
202607200748,   0.340,   1.571,9999.000,9999.000,9999.000,9999.000,9999.000,9999.000,9999.000
202607200754,   0.339,   1.548,9999.000,9999.000,9999.000,9999.000,9999.000,9999.000,9999.000
202607200800,   0.338,   1.338,   0.300,   0.700,   1.338,   0.300,   1.338,   0.400,   1.438
202607200806,   0.336,   1.318,9999.000,9999.000,9999.000,9999.000,9999.000,9999.000,9999.000
202607200812,   0.334,   1.508,9999.000,9999.000,9999.000,9999.000,9999.000,9999.000,9999.000
202607200818,   0.332,   1.489,9999.000,9999.000,9999.000,9999.000,9999.000,9999.000,9999.000
202607200824,   0.329,   1.479,9999.000,9999.000,9999.000,9999.000,9999.000,9999.000,9999.000
202607200830,   0.325,   1.469,9999.000,9999.000,9999.000,9999.000,9999.000,9999.000,9999.000
202607200836,   0.322,   1.449,9999.000,9999.000,9999.000,9999.000,9999.000,9999.000,9999.000
202607200842,   0.318,   1.439,9999.000,9999.000,9999.000,9999.000,9999.000,9999.000,9999.000
202607200848,   0.313,   1.430,9999.000,9999.000,9999.000,9999.000,9999.000,9999.000,9999.000
202607200854,   0.308,   1.420,9999.000,9999.000,9999.000,9999.000,9999.000,9999.000,9999.000
202607200900,   0.303,   1.210,   0.300,   0.607,   1.210,   0.300,   1.210,   0.400,   1.310
202607200906,   0.298,   1.200,9999.000,9999.000,9999.000,9999.000,9999.000,9999.000,9999.000
202607200912,   0.292,   1.390,9999.000,9999.000,9999.000,9999.000,9999.000,9999.000,9999.000
202607200918,   0.286,   1.371,9999.000,9999.000,9999.000,9999.000,9999.000,9999.000,9999.000
202607200924,   0.280,   1.361,9999.000,9999.000,9999.000,9999.000,9999.000,9999.000,9999.000
202607200930,   0.273,   1.338,9999.000,9999.000,9999.000,9999.000,9999.000,9999.000,9999.000
202607200936,   0.267,   1.328,9999.000,9999.000,9999.000,9999.000,9999.000,9999.000,9999.000
202607200942,   0.260,   1.308,9999.000,9999.000,9999.000,9999.000,9999.000,9999.000,9999.000
202607200948,   0.253,   1.298,9999.000,9999.000,9999.000,9999.000,9999.000,9999.000,9999.000
202607200954,   0.246,   1.279,9999.000,9999.000,9999.000,9999.000,9999.000,9999.000,9999.000
202607201000,   0.239,   1.069,   0.300,   0.530,   1.069,   0.300,   1.069,   0.400,   1.169
202607201006,   0.232,   1.049,9999.000,9999.000,9999.000,9999.000,9999.000,9999.000,9999.000
202607201012,   0.225,   1.229,9999.000,9999.000,9999.000,9999.000,9999.000,9999.000,9999.000
202607201018,   0.217,   1.210,9999.000,9999.000,9999.000,9999.000,9999.000,9999.000,9999.000
202607201024,   0.210,   1.200,9999.000,9999.000,9999.000,9999.000,9999.000,9999.000,9999.000
202607201030,   0.203,   1.180,9999.000,9999.000,9999.000,9999.000,9999.000,9999.000,9999.000
202607201036,   0.196,   1.170,9999.000,9999.000,9999.000,9999.000,9999.000,9999.000,9999.000
202607201042,   0.188,   1.151,9999.000,9999.000,9999.000,9999.000,9999.000,9999.000,9999.000
202607201048,   0.181,   1.118,9999.000,9999.000,9999.000,9999.000,9999.000,9999.000,9999.000
202607201054,   0.174,   0.888,9999.000,9999.000,9999.000,9999.000,9999.000,9999.000,9999.000
202607201100,   0.167,   0.879,   0.300,   0.412,   0.879,   0.300,   0.879,   0.400,   0.979
202607201106,   0.160,   0.859,9999.000,9999.000,9999.000,9999.000,9999.000,9999.000,9999.000
202607201112,   0.153,   1.049,9999.000,9999.000,9999.000,9999.000,9999.000,9999.000,9999.000
202607201118,   0.146,   1.029,9999.000,9999.000,9999.000,9999.000,9999.000,9999.000,9999.000
202607201124,   0.139,   1.010,9999.000,9999.000,9999.000,9999.000,9999.000,9999.000,9999.000
202607201130,   0.133,   1.000,9999.000,9999.000,9999.000,9999.000,9999.000,9999.000,9999.000
202607201136,   0.126,   0.990,9999.000,9999.000,9999.000,9999.000,9999.000,9999.000,9999.000
202607201142,   0.120,   0.980,9999.000,9999.000,9999.000,9999.000,9999.000,9999.000,9999.000
202607201148,   0.113,   0.961,9999.000,9999.000,9999.000,9999.000,9999.000,9999.000,9999.000
202607201154,   0.107,   0.941,9999.000,9999.000,9999.000,9999.000,9999.000,9999.000,9999.000
202607201200,   0.101,   0.731,   0.400,   0.230,   0.731,   0.300,   0.631,   0.400,   0.731
202607201206,   0.095,   0.718,9999.000,9999.000,9999.000,9999.000,9999.000,9999.000,9999.000
202607201212,   0.090,   0.898,9999.000,9999.000,9999.000,9999.000,9999.000,9999.000,9999.000
202607201218,   0.084,   0.879,9999.000,9999.000,9999.000,9999.000,9999.000,9999.000,9999.000
202607201224,   0.079,   0.869,9999.000,9999.000,9999.000,9999.000,9999.000,9999.000,9999.000
202607201230,   0.073,   0.849,9999.000,9999.000,9999.000,9999.000,9999.000,9999.000,9999.000
202607201236,   0.068,   0.829,9999.000,9999.000,9999.000,9999.000,9999.000,9999.000,9999.000
202607201242,   0.064,   0.810,9999.000,9999.000,9999.000,9999.000,9999.000,9999.000,9999.000
202607201248,   0.059,   0.800,9999.000,9999.000,9999.000,9999.000,9999.000,9999.000,9999.000
202607201254,   0.054,   0.790,9999.000,9999.000,9999.000,9999.000,9999.000,9999.000,9999.000
202607201300,   0.050,   0.590,   0.400,   0.140,   0.590,   0.300,   0.490,   0.400,   0.590
202607201306,   0.046,   0.570,9999.000,9999.000,9999.000,9999.000,9999.000,9999.000,9999.000
202607201312,   0.043,   0.760,9999.000,9999.000,9999.000,9999.000,9999.000,9999.000,9999.000
202607201318,   0.039,   0.741,9999.000,9999.000,9999.000,9999.000,9999.000,9999.000,9999.000
202607201324,   0.036,   0.731,9999.000,9999.000,9999.000,9999.000,9999.000,9999.000,9999.000
202607201330,   0.033,   0.731,9999.000,9999.000,9999.000,9999.000,9999.000,9999.000,9999.000
202607201336,   0.031,   0.731,9999.000,9999.000,9999.000,9999.000,9999.000,9999.000,9999.000
202607201342,   0.029,   0.718,9999.000,9999.000,9999.000,9999.000,9999.000,9999.000,9999.000
202607201348,   0.027,   0.718,9999.000,9999.000,9999.000,9999.000,9999.000,9999.000,9999.000
202607201354,   0.026,   0.718,9999.000,9999.000,9999.000,9999.000,9999.000,9999.000,9999.000
202607201400,   0.025,   0.551,   0.400,   0.126,   0.551,   0.300,   0.451,   0.400,   0.551
202607201406,   0.024,   0.570,9999.000,9999.000,9999.000,9999.000,9999.000,9999.000,9999.000
202607201412,   0.024,   0.751,9999.000,9999.000,9999.000,9999.000,9999.000,9999.000,9999.000
202607201418,   0.024,   0.760,9999.000,9999.000,9999.000,9999.000,9999.000,9999.000,9999.000
202607201424,   0.025,   0.780,9999.000,9999.000,9999.000,9999.000,9999.000,9999.000,9999.000
202607201430,   0.026,   0.780,9999.000,9999.000,9999.000,9999.000,9999.000,9999.000,9999.000
202607201436,   0.028,   0.810,9999.000,9999.000,9999.000,9999.000,9999.000,9999.000,9999.000
202607201442,   0.030,   0.819,9999.000,9999.000,9999.000,9999.000,9999.000,9999.000,9999.000
202607201448,   0.032,   0.829,9999.000,9999.000,9999.000,9999.000,9999.000,9999.000,9999.000
202607201454,   0.035,   0.688,9999.000,9999.000,9999.000,9999.000,9999.000,9999.000,9999.000
202607201500,   0.039,   0.698,   0.400,   0.259,   0.698,   0.300,   0.598,   0.400,   0.698
202607201506,   0.042,   0.718,9999.000,9999.000,9999.000,9999.000,9999.000,9999.000,9999.000
202607201512,   0.047,   0.898,9999.000,9999.000,9999.000,9999.000,9999.000,9999.000,9999.000
202607201518,   0.051,   0.908,9999.000,9999.000,9999.000,9999.000,9999.000,9999.000,9999.000
202607201524,   0.056,   0.918,9999.000,9999.000,9999.000,9999.000,9999.000,9999.000,9999.000
202607201530,   0.062,   0.941,9999.000,9999.000,9999.000,9999.000,9999.000,9999.000,9999.000
202607201536,   0.068,   0.941,9999.000,9999.000,9999.000,9999.000,9999.000,9999.000,9999.000
202607201542,   0.074,   0.951,9999.000,9999.000,9999.000,9999.000,9999.000,9999.000,9999.000
202607201548,   0.080,   0.961,9999.000,9999.000,9999.000,9999.000,9999.000,9999.000,9999.000
202607201554,   0.087,   0.980,9999.000,9999.000,9999.000,9999.000,9999.000,9999.000,9999.000
202607201600,   0.094,   0.829,   0.400,   0.335,   0.829,   0.300,   0.729,   0.400,   0.829
202607201606,   0.101,   0.839,9999.000,9999.000,9999.000,9999.000,9999.000,9999.000,9999.000
202607201612,   0.109,   1.020,9999.000,9999.000,9999.000,9999.000,9999.000,9999.000,9999.000
202607201618,   0.116,   1.039,9999.000,9999.000,9999.000,9999.000,9999.000,9999.000,9999.000
202607201624,   0.124,   1.049,9999.000,9999.000,9999.000,9999.000,9999.000,9999.000,9999.000
202607201630,   0.132,   1.069,9999.000,9999.000,9999.000,9999.000,9999.000,9999.000,9999.000
202607201636,   0.140,   1.079,9999.000,9999.000,9999.000,9999.000,9999.000,9999.000,9999.000
202607201642,   0.148,   1.098,9999.000,9999.000,9999.000,9999.000,9999.000,9999.000,9999.000
202607201648,   0.156,   1.118,9999.000,9999.000,9999.000,9999.000,9999.000,9999.000,9999.000
202607201654,   0.164,   0.970,9999.000,9999.000,9999.000,9999.000,9999.000,9999.000,9999.000
202607201700,   0.172,   0.990,   0.400,   0.418,   0.990,   0.300,   0.890,   0.400,   0.990
202607201706,   0.180,   1.010,9999.000,9999.000,9999.000,9999.000,9999.000,9999.000,9999.000
202607201712,   0.189,   1.190,9999.000,9999.000,9999.000,9999.000,9999.000,9999.000,9999.000
202607201718,   0.197,   1.210,9999.000,9999.000,9999.000,9999.000,9999.000,9999.000,9999.000
202607201724,   0.205,   1.059,9999.000,9999.000,9999.000,9999.000,9999.000,9999.000,9999.000
202607201730,   0.213,   1.088,9999.000,9999.000,9999.000,9999.000,9999.000,9999.000,9999.000
202607201736,   0.221,   1.098,9999.000,9999.000,9999.000,9999.000,9999.000,9999.000,9999.000
202607201742,   0.228,   1.279,9999.000,9999.000,9999.000,9999.000,9999.000,9999.000,9999.000
202607201748,   0.236,   1.308,9999.000,9999.000,9999.000,9999.000,9999.000,9999.000,9999.000
202607201754,   0.244,   1.318,9999.000,9999.000,9999.000,9999.000,9999.000,9999.000,9999.000
202607201800,   0.251,   1.180,   0.500,   0.429,   1.180,   0.400,   1.080,   0.500,   1.180
202607201806,   0.259,   1.200,9999.000,9999.000,9999.000,9999.000,9999.000,9999.000,9999.000
202607201812,   0.266,   1.380,9999.000,9999.000,9999.000,9999.000,9999.000,9999.000,9999.000
202607201818,   0.274,   1.400,9999.000,9999.000,9999.000,9999.000,9999.000,9999.000,9999.000
202607201824,   0.281,   1.420,9999.000,9999.000,9999.000,9999.000,9999.000,9999.000,9999.000
202607201830,   0.287,   1.430,9999.000,9999.000,9999.000,9999.000,9999.000,9999.000,9999.000
202607201836,   0.294,   1.449,9999.000,9999.000,9999.000,9999.000,9999.000,9999.000,9999.000
202607201842,   0.301,   1.469,9999.000,9999.000,9999.000,9999.000,9999.000,9999.000,9999.000
202607201848,   0.307,   1.328,9999.000,9999.000,9999.000,9999.000,9999.000,9999.000,9999.000
202607201854,   0.313,   1.508,9999.000,9999.000,9999.000,9999.000,9999.000,9999.000,9999.000
202607201900,   0.319,   1.371,   0.500,   0.552,   1.371,   0.400,   1.271,   0.500,   1.371
202607201906,   0.324,   1.380,9999.000,9999.000,9999.000,9999.000,9999.000,9999.000,9999.000
202607201912,   0.329,   1.390,9999.000,9999.000,9999.000,9999.000,9999.000,9999.000,9999.000
202607201918,   0.334,   1.571,9999.000,9999.000,9999.000,9999.000,9999.000,9999.000,9999.000
202607201924,   0.339,   1.590,9999.000,9999.000,9999.000,9999.000,9999.000,9999.000,9999.000
202607201930,   0.343,   1.600,9999.000,9999.000,9999.000,9999.000,9999.000,9999.000,9999.000
202607201936,   0.346,   1.610,9999.000,9999.000,9999.000,9999.000,9999.000,9999.000,9999.000
202607201942,   0.349,   1.620,9999.000,9999.000,9999.000,9999.000,9999.000,9999.000,9999.000
202607201948,   0.352,   1.630,9999.000,9999.000,9999.000,9999.000,9999.000,9999.000,9999.000
202607201954,   0.355,   1.649,9999.000,9999.000,9999.000,9999.000,9999.000,9999.000,9999.000
202607202000,   0.356,   1.459,   0.500,   0.603,   1.459,   0.400,   1.359,   0.500,   1.459
202607202006,   0.358,   1.449,9999.000,9999.000,9999.000,9999.000,9999.000,9999.000,9999.000
202607202012,   0.359,   1.639,9999.000,9999.000,9999.000,9999.000,9999.000,9999.000,9999.000
202607202018,   0.359,   1.630,9999.000,9999.000,9999.000,9999.000,9999.000,9999.000,9999.000
202607202024,   0.359,   1.630,9999.000,9999.000,9999.000,9999.000,9999.000,9999.000,9999.000
202607202030,   0.358,   1.620,9999.000,9999.000,9999.000,9999.000,9999.000,9999.000,9999.000
202607202036,   0.357,   1.420,9999.000,9999.000,9999.000,9999.000,9999.000,9999.000,9999.000
202607202042,   0.356,   1.600,9999.000,9999.000,9999.000,9999.000,9999.000,9999.000,9999.000
202607202048,   0.354,   1.400,9999.000,9999.000,9999.000,9999.000,9999.000,9999.000,9999.000
202607202054,   0.351,   1.580,9999.000,9999.000,9999.000,9999.000,9999.000,9999.000,9999.000
202607202100,   0.349,   1.371,   0.500,   0.522,   1.371,   0.400,   1.271,   0.500,   1.371
202607202106,   0.345,   1.361,9999.000,9999.000,9999.000,9999.000,9999.000,9999.000,9999.000
202607202112,   0.342,   1.538,9999.000,9999.000,9999.000,9999.000,9999.000,9999.000,9999.000
202607202118,   0.338,   1.508,9999.000,9999.000,9999.000,9999.000,9999.000,9999.000,9999.000
202607202124,   0.333,   1.498,9999.000,9999.000,9999.000,9999.000,9999.000,9999.000,9999.000
202607202130,   0.329,   1.479,9999.000,9999.000,9999.000,9999.000,9999.000,9999.000,9999.000
202607202136,   0.324,   1.469,9999.000,9999.000,9999.000,9999.000,9999.000,9999.000,9999.000
202607202142,   0.318,   1.459,9999.000,9999.000,9999.000,9999.000,9999.000,9999.000,9999.000
202607202148,   0.313,   1.449,9999.000,9999.000,9999.000,9999.000,9999.000,9999.000,9999.000
202607202154,   0.307,   1.430,9999.000,9999.000,9999.000,9999.000,9999.000,9999.000,9999.000
202607202200,   0.301,   1.220,   0.500,   0.419,   1.220,   0.400,   1.120,   0.500,   1.220
202607202206,   0.295,   1.400,9999.000,9999.000,9999.000,9999.000,9999.000,9999.000,9999.000
202607202212,   0.289,   1.390,9999.000,9999.000,9999.000,9999.000,9999.000,9999.000,9999.000
202607202218,   0.282,   1.371,9999.000,9999.000,9999.000,9999.000,9999.000,9999.000,9999.000
202607202224,   0.276,   1.348,9999.000,9999.000,9999.000,9999.000,9999.000,9999.000,9999.000
202607202230,   0.269,   1.348,9999.000,9999.000,9999.000,9999.000,9999.000,9999.000,9999.000
202607202236,   0.263,   1.328,9999.000,9999.000,9999.000,9999.000,9999.000,9999.000,9999.000
202607202242,   0.256,   1.318,9999.000,9999.000,9999.000,9999.000,9999.000,9999.000,9999.000
202607202248,   0.249,   1.298,9999.000,9999.000,9999.000,9999.000,9999.000,9999.000,9999.000
202607202254,   0.242,   1.279,9999.000,9999.000,9999.000,9999.000,9999.000,9999.000,9999.000
202607202300,   0.236,   1.079,   0.500,   0.343,   1.079,   0.400,   0.979,   0.500,   1.079
202607202306,   0.229,   1.069,9999.000,9999.000,9999.000,9999.000,9999.000,9999.000,9999.000
202607202312,   0.222,   1.249,9999.000,9999.000,9999.000,9999.000,9999.000,9999.000,9999.000
202607202318,   0.216,   1.220,9999.000,9999.000,9999.000,9999.000,9999.000,9999.000,9999.000
202607202324,   0.209,   1.220,9999.000,9999.000,9999.000,9999.000,9999.000,9999.000,9999.000
202607202330,   0.202,   1.210,9999.000,9999.000,9999.000,9999.000,9999.000,9999.000,9999.000
202607202336,   0.196,   1.200,9999.000,9999.000,9999.000,9999.000,9999.000,9999.000,9999.000
202607202342,   0.190,   1.170,9999.000,9999.000,9999.000,9999.000,9999.000,9999.000,9999.000
202607202348,   0.183,   1.161,9999.000,9999.000,9999.000,9999.000,9999.000,9999.000,9999.000
202607202354,   0.177,   1.151,9999.000,9999.000,9999.000,9999.000,9999.000,9999.000,9999.000
202607210000,   0.171,   0.941,   0.500,   0.270,   0.941,   0.500,   0.941,   0.500,   0.941
202607210006,   0.165,   0.928,9999.000,9999.000,9999.000,9999.000,9999.000,9999.000,9999.000
202607210012,   0.159,   1.108,9999.000,9999.000,9999.000,9999.000,9999.000,9999.000,9999.000
202607210018,   0.153,   1.088,9999.000,9999.000,9999.000,9999.000,9999.000,9999.000,9999.000
202607210024,   0.148,   1.079,9999.000,9999.000,9999.000,9999.000,9999.000,9999.000,9999.000
202607210030,   0.142,   1.069,9999.000,9999.000,9999.000,9999.000,9999.000,9999.000,9999.000
202607210036,   0.137,   1.049,9999.000,9999.000,9999.000,9999.000,9999.000,9999.000,9999.000
202607210042,   0.131,   1.039,9999.000,9999.000,9999.000,9999.000,9999.000,9999.000,9999.000
202607210048,   0.126,   1.020,9999.000,9999.000,9999.000,9999.000,9999.000,9999.000,9999.000
202607210054,   0.121,   0.810,9999.000,9999.000,9999.000,9999.000,9999.000,9999.000,9999.000
202607210100,   0.116,   0.800,   0.500,   0.184,   0.800,   0.500,   0.800,   0.500,   0.800
202607210106,   0.112,   0.780,9999.000,9999.000,9999.000,9999.000,9999.000,9999.000,9999.000
202607210112,   0.107,   0.961,9999.000,9999.000,9999.000,9999.000,9999.000,9999.000,9999.000
202607210118,   0.103,   0.951,9999.000,9999.000,9999.000,9999.000,9999.000,9999.000,9999.000
202607210124,   0.099,   0.928,9999.000,9999.000,9999.000,9999.000,9999.000,9999.000,9999.000
202607210130,   0.095,   0.928,9999.000,9999.000,9999.000,9999.000,9999.000,9999.000,9999.000
202607210136,   0.091,   0.908,9999.000,9999.000,9999.000,9999.000,9999.000,9999.000,9999.000
202607210142,   0.088,   0.898,9999.000,9999.000,9999.000,9999.000,9999.000,9999.000,9999.000
202607210148,   0.084,   0.888,9999.000,9999.000,9999.000,9999.000,9999.000,9999.000,9999.000
202607210154,   0.081,   0.678,9999.000,9999.000,9999.000,9999.000,9999.000,9999.000,9999.000
202607210200,   0.079,   0.678,   0.500,   0.099,   0.678,   0.500,   0.678,   0.500,   0.678
202607210206,   0.076,   0.669,9999.000,9999.000,9999.000,9999.000,9999.000,9999.000,9999.000
202607210212,   0.074,   0.849,9999.000,9999.000,9999.000,9999.000,9999.000,9999.000,9999.000
202607210218,   0.072,   0.829,9999.000,9999.000,9999.000,9999.000,9999.000,9999.000,9999.000
202607210224,   0.071,   0.839,9999.000,9999.000,9999.000,9999.000,9999.000,9999.000,9999.000
202607210230,   0.070,   0.839,9999.000,9999.000,9999.000,9999.000,9999.000,9999.000,9999.000
202607210236,   0.069,   0.829,9999.000,9999.000,9999.000,9999.000,9999.000,9999.000,9999.000
202607210242,   0.069,   0.829,9999.000,9999.000,9999.000,9999.000,9999.000,9999.000,9999.000
202607210248,   0.069,   0.839,9999.000,9999.000,9999.000,9999.000,9999.000,9999.000,9999.000
202607210254,   0.069,   0.829,9999.000,9999.000,9999.000,9999.000,9999.000,9999.000,9999.000
202607210300,   0.070,   0.678,   0.500,   0.108,   0.678,   0.500,   0.678,   0.500,   0.678
202607210306,   0.071,   0.698,9999.000,9999.000,9999.000,9999.000,9999.000,9999.000,9999.000
202607210312,   0.073,   0.879,9999.000,9999.000,9999.000,9999.000,9999.000,9999.000,9999.000
202607210318,   0.075,   0.888,9999.000,9999.000,9999.000,9999.000,9999.000,9999.000,9999.000
202607210324,   0.077,   0.888,9999.000,9999.000,9999.000,9999.000,9999.000,9999.000,9999.000
202607210330,   0.080,   0.918,9999.000,9999.000,9999.000,9999.000,9999.000,9999.000,9999.000
202607210336,   0.083,   0.928,9999.000,9999.000,9999.000,9999.000,9999.000,9999.000,9999.000
202607210342,   0.086,   0.951,9999.000,9999.000,9999.000,9999.000,9999.000,9999.000,9999.000
202607210348,   0.090,   0.961,9999.000,9999.000,9999.000,9999.000,9999.000,9999.000,9999.000
202607210354,   0.095,   0.819,9999.000,9999.000,9999.000,9999.000,9999.000,9999.000,9999.000
202607210400,   0.099,   0.829,   0.500,   0.230,   0.829,   0.500,   0.829,   0.500,   0.829
202607210406,   0.104,   0.839,9999.000,9999.000,9999.000,9999.000,9999.000,9999.000,9999.000
202607210412,   0.109,   1.020,9999.000,9999.000,9999.000,9999.000,9999.000,9999.000,9999.000
202607210418,   0.114,   1.039,9999.000,9999.000,9999.000,9999.000,9999.000,9999.000,9999.000
202607210424,   0.120,   1.059,9999.000,9999.000,9999.000,9999.000,9999.000,9999.000,9999.000
202607210430,   0.126,   1.059,9999.000,9999.000,9999.000,9999.000,9999.000,9999.000,9999.000
202607210436,   0.132,   1.079,9999.000,9999.000,9999.000,9999.000,9999.000,9999.000,9999.000
202607210442,   0.138,   1.098,9999.000,9999.000,9999.000,9999.000,9999.000,9999.000,9999.000
202607210448,   0.144,   1.118,9999.000,9999.000,9999.000,9999.000,9999.000,9999.000,9999.000
202607210454,   0.150,   0.980,9999.000,9999.000,9999.000,9999.000,9999.000,9999.000,9999.000
202607210500,   0.157,   0.990,   0.500,   0.333,   0.990,   0.500,   0.990,   0.500,   0.990
202607210506,   0.163,   1.020,9999.000,9999.000,9999.000,9999.000,9999.000,9999.000,9999.000
202607210512,   0.169,   1.200,9999.000,9999.000,9999.000,9999.000,9999.000,9999.000,9999.000
202607210518,   0.176,   1.200,9999.000,9999.000,9999.000,9999.000,9999.000,9999.000,9999.000
202607210524,   0.182,   1.229,9999.000,9999.000,9999.000,9999.000,9999.000,9999.000,9999.000
202607210530,   0.189,   1.249,9999.000,9999.000,9999.000,9999.000,9999.000,9999.000,9999.000
202607210536,   0.195,   1.269,9999.000,9999.000,9999.000,9999.000,9999.000,9999.000,9999.000
202607210542,   0.201,   1.289,9999.000,9999.000,9999.000,9999.000,9999.000,9999.000,9999.000
202607210548,   0.208,   1.308,9999.000,9999.000,9999.000,9999.000,9999.000,9999.000,9999.000
202607210554,   0.214,   1.318,9999.000,9999.000,9999.000,9999.000,9999.000,9999.000,9999.000
202607210600,   0.220,   1.190,   0.500,   0.470,   1.190,   0.500,   1.190,   0.600,   1.290
202607210606,   0.226,   1.200,9999.000,9999.000,9999.000,9999.000,9999.000,9999.000,9999.000
202607210612,   0.232,   1.380,9999.000,9999.000,9999.000,9999.000,9999.000,9999.000,9999.000
202607210618,   0.238,   1.400,9999.000,9999.000,9999.000,9999.000,9999.000,9999.000,9999.000
202607210624,   0.244,   1.420,9999.000,9999.000,9999.000,9999.000,9999.000,9999.000,9999.000
202607210630,   0.249,   1.430,9999.000,9999.000,9999.000,9999.000,9999.000,9999.000,9999.000
202607210636,   0.255,   1.439,9999.000,9999.000,9999.000,9999.000,9999.000,9999.000,9999.000
202607210642,   0.260,   1.459,9999.000,9999.000,9999.000,9999.000,9999.000,9999.000,9999.000
202607210648,   0.265,   1.479,9999.000,9999.000,9999.000,9999.000,9999.000,9999.000,9999.000
202607210654,   0.270,   1.498,9999.000,9999.000,9999.000,9999.000,9999.000,9999.000,9999.000
202607210700,   0.275,   1.338,   0.500,   0.563,   1.338,   0.500,   1.338,   0.600,   1.438
202607210706,   0.280,   1.348,9999.000,9999.000,9999.000,9999.000,9999.000,9999.000,9999.000
202607210712,   0.285,   1.538,9999.000,9999.000,9999.000,9999.000,9999.000,9999.000,9999.000
202607210718,   0.289,   1.538,9999.000,9999.000,9999.000,9999.000,9999.000,9999.000,9999.000
202607210724,   0.293,   1.557,9999.000,9999.000,9999.000,9999.000,9999.000,9999.000,9999.000
202607210730,   0.297,   1.548,9999.000,9999.000,9999.000,9999.000,9999.000,9999.000,9999.000
202607210736,   0.300,   1.557,9999.000,9999.000,9999.000,9999.000,9999.000,9999.000,9999.000
202607210742,   0.304,   1.580,9999.000,9999.000,9999.000,9999.000,9999.000,9999.000,9999.000
202607210748,   0.306,   1.580,9999.000,9999.000,9999.000,9999.000,9999.000,9999.000,9999.000
202607210754,   0.309,   1.390,9999.000,9999.000,9999.000,9999.000,9999.000,9999.000,9999.000
202607210800,   0.311,   1.390,   0.500,   0.579,   1.390,   0.500,   1.390,   0.600,   1.490
202607210806,   0.313,   1.380,9999.000,9999.000,9999.000,9999.000,9999.000,9999.000,9999.000
202607210812,   0.314,   1.557,9999.000,9999.000,9999.000,9999.000,9999.000,9999.000,9999.000
202607210818,   0.315,   1.548,9999.000,9999.000,9999.000,9999.000,9999.000,9999.000,9999.000
202607210824,   0.316,   1.528,9999.000,9999.000,9999.000,9999.000,9999.000,9999.000,9999.000
202607210830,   0.316,   1.528,9999.000,9999.000,9999.000,9999.000,9999.000,9999.000,9999.000
202607210836,   0.316,   1.518,9999.000,9999.000,9999.000,9999.000,9999.000,9999.000,9999.000
202607210842,   0.315,   1.508,9999.000,9999.000,9999.000,9999.000,9999.000,9999.000,9999.000
202607210848,   0.314,   1.508,9999.000,9999.000,9999.000,9999.000,9999.000,9999.000,9999.000
202607210854,   0.313,   1.298,9999.000,9999.000,9999.000,9999.000,9999.000,9999.000,9999.000
202607210900,   0.311,   1.269,   0.500,   0.458,   1.269,   0.500,   1.269,   0.600,   1.369
202607210906,   0.308,   1.269,9999.000,9999.000,9999.000,9999.000,9999.000,9999.000,9999.000
202607210912,   0.306,   1.449,9999.000,9999.000,9999.000,9999.000,9999.000,9999.000,9999.000
202607210918,   0.303,   1.430,9999.000,9999.000,9999.000,9999.000,9999.000,9999.000,9999.000
202607210924,   0.299,   1.420,9999.000,9999.000,9999.000,9999.000,9999.000,9999.000,9999.000
202607210930,   0.295,   1.410,9999.000,9999.000,9999.000,9999.000,9999.000,9999.000,9999.000
202607210936,   0.291,   1.390,9999.000,9999.000,9999.000,9999.000,9999.000,9999.000,9999.000
202607210942,   0.287,   1.390,9999.000,9999.000,9999.000,9999.000,9999.000,9999.000,9999.000
202607210948,   0.282,   1.380,9999.000,9999.000,9999.000,9999.000,9999.000,9999.000,9999.000
202607210954,   0.277,   1.371,9999.000,9999.000,9999.000,9999.000,9999.000,9999.000,9999.000
202607211000,   0.272,   1.151,   0.500,   0.379,   1.151,   0.500,   1.151,   0.600,   1.251
202607211006,   0.267,   1.138,9999.000,9999.000,9999.000,9999.000,9999.000,9999.000,9999.000
202607211012,   0.261,   1.328,9999.000,9999.000,9999.000,9999.000,9999.000,9999.000,9999.000
202607211018,   0.255,   1.308,9999.000,9999.000,9999.000,9999.000,9999.000,9999.000,9999.000
202607211024,   0.249,   1.289,9999.000,9999.000,9999.000,9999.000,9999.000,9999.000,9999.000
202607211030,   0.243,   1.279,9999.000,9999.000,9999.000,9999.000,9999.000,9999.000,9999.000
202607211036,   0.237,   1.269,9999.000,9999.000,9999.000,9999.000,9999.000,9999.000,9999.000
202607211042,   0.231,   1.249,9999.000,9999.000,9999.000,9999.000,9999.000,9999.000,9999.000
202607211048,   0.225,   1.229,9999.000,9999.000,9999.000,9999.000,9999.000,9999.000,9999.000
202607211054,   0.218,   1.229,9999.000,9999.000,9999.000,9999.000,9999.000,9999.000,9999.000
202607211100,   0.212,   1.010,   0.500,   0.298,   1.010,   0.500,   1.010,   0.600,   1.110
202607211106,   0.206,   0.990,9999.000,9999.000,9999.000,9999.000,9999.000,9999.000,9999.000
202607211112,   0.199,   1.170,9999.000,9999.000,9999.000,9999.000,9999.000,9999.000,9999.000
202607211118,   0.193,   1.170,9999.000,9999.000,9999.000,9999.000,9999.000,9999.000,9999.000
202607211124,   0.187,   1.138,9999.000,9999.000,9999.000,9999.000,9999.000,9999.000,9999.000
202607211130,   0.181,   1.118,9999.000,9999.000,9999.000,9999.000,9999.000,9999.000,9999.000
202607211136,   0.175,   1.108,9999.000,9999.000,9999.000,9999.000,9999.000,9999.000,9999.000
202607211142,   0.169,   1.088,9999.000,9999.000,9999.000,9999.000,9999.000,9999.000,9999.000
202607211148,   0.163,   1.069,9999.000,9999.000,9999.000,9999.000,9999.000,9999.000,9999.000
202607211154,   0.157,   1.059,9999.000,9999.000,9999.000,9999.000,9999.000,9999.000,9999.000
202607211200,   0.151,   0.839,   0.600,   0.088,   0.839,   0.600,   0.839,   0.600,   0.839
202607211206,   0.146,   0.819,9999.000,9999.000,9999.000,9999.000,9999.000,9999.000,9999.000
202607211212,   0.140,   1.010,9999.000,9999.000,9999.000,9999.000,9999.000,9999.000,9999.000
202607211218,   0.135,   0.990,9999.000,9999.000,9999.000,9999.000,9999.000,9999.000,9999.000
202607211224,   0.129,   0.980,9999.000,9999.000,9999.000,9999.000,9999.000,9999.000,9999.000
202607211230,   0.124,   0.951,9999.000,9999.000,9999.000,9999.000,9999.000,9999.000,9999.000
202607211236,   0.119,   0.941,9999.000,9999.000,9999.000,9999.000,9999.000,9999.000,9999.000
202607211242,   0.114,   0.918,9999.000,9999.000,9999.000,9999.000,9999.000,9999.000,9999.000
202607211248,   0.109,   0.908,9999.000,9999.000,9999.000,9999.000,9999.000,9999.000,9999.000
202607211254,   0.105,   0.708,9999.000,9999.000,9999.000,9999.000,9999.000,9999.000,9999.000
202607211300,   0.100,   0.688,   0.600,  -0.012,   0.688,   0.600,   0.688,   0.600,   0.688
202607211306,   0.096,   0.669,9999.000,9999.000,9999.000,9999.000,9999.000,9999.000,9999.000
202607211312,   0.091,   0.859,9999.000,9999.000,9999.000,9999.000,9999.000,9999.000,9999.000
202607211318,   0.087,   0.849,9999.000,9999.000,9999.000,9999.000,9999.000,9999.000,9999.000
202607211324,   0.083,   0.819,9999.000,9999.000,9999.000,9999.000,9999.000,9999.000,9999.000
202607211330,   0.079,   0.819,9999.000,9999.000,9999.000,9999.000,9999.000,9999.000,9999.000
202607211336,   0.076,   0.800,9999.000,9999.000,9999.000,9999.000,9999.000,9999.000,9999.000
202607211342,   0.072,   0.780,9999.000,9999.000,9999.000,9999.000,9999.000,9999.000,9999.000
202607211348,   0.069,   0.780,9999.000,9999.000,9999.000,9999.000,9999.000,9999.000,9999.000
202607211354,   0.065,   0.560,9999.000,9999.000,9999.000,9999.000,9999.000,9999.000,9999.000
202607211400,   0.062,   0.560,   0.600,  -0.102,   0.560,   0.600,   0.560,   0.600,   0.560
202607211406,   0.059,   0.551,9999.000,9999.000,9999.000,9999.000,9999.000,9999.000,9999.000
202607211412,   0.057,   0.741,9999.000,9999.000,9999.000,9999.000,9999.000,9999.000,9999.000
202607211418,   0.055,   0.741,9999.000,9999.000,9999.000,9999.000,9999.000,9999.000,9999.000
202607211424,   0.052,   0.741,9999.000,9999.000,9999.000,9999.000,9999.000,9999.000,9999.000
202607211430,   0.051,   0.741,9999.000,9999.000,9999.000,9999.000,9999.000,9999.000,9999.000
202607211436,   0.049,   0.751,9999.000,9999.000,9999.000,9999.000,9999.000,9999.000,9999.000
202607211442,   0.048,   0.751,9999.000,9999.000,9999.000,9999.000,9999.000,9999.000,9999.000
202607211448,   0.047,   0.751,9999.000,9999.000,9999.000,9999.000,9999.000,9999.000,9999.000
202607211454,   0.046,   0.770,9999.000,9999.000,9999.000,9999.000,9999.000,9999.000,9999.000
202607211500,   0.046,   0.610,   0.600,  -0.036,   0.610,   0.600,   0.610,   0.600,   0.610
202607211506,   0.046,   0.619,9999.000,9999.000,9999.000,9999.000,9999.000,9999.000,9999.000
202607211512,   0.047,   0.800,9999.000,9999.000,9999.000,9999.000,9999.000,9999.000,9999.000
202607211518,   0.048,   0.810,9999.000,9999.000,9999.000,9999.000,9999.000,9999.000,9999.000
202607211524,   0.049,   0.849,9999.000,9999.000,9999.000,9999.000,9999.000,9999.000,9999.000
202607211530,   0.051,   0.849,9999.000,9999.000,9999.000,9999.000,9999.000,9999.000,9999.000
202607211536,   0.053,   0.869,9999.000,9999.000,9999.000,9999.000,9999.000,9999.000,9999.000
202607211542,   0.055,   0.888,9999.000,9999.000,9999.000,9999.000,9999.000,9999.000,9999.000
202607211548,   0.058,   0.918,9999.000,9999.000,9999.000,9999.000,9999.000,9999.000,9999.000
202607211554,   0.061,   0.928,9999.000,9999.000,9999.000,9999.000,9999.000,9999.000,9999.000
202607211600,   0.065,   0.770,   0.600,   0.105,   0.770,   0.600,   0.770,   0.600,   0.770
202607211606,   0.069,   0.800,9999.000,9999.000,9999.000,9999.000,9999.000,9999.000,9999.000
202607211612,   0.073,   0.980,9999.000,9999.000,9999.000,9999.000,9999.000,9999.000,9999.000
202607211618,   0.078,   1.000,9999.000,9999.000,9999.000,9999.000,9999.000,9999.000,9999.000
202607211624,   0.083,   1.010,9999.000,9999.000,9999.000,9999.000,9999.000,9999.000,9999.000
202607211630,   0.089,   1.029,9999.000,9999.000,9999.000,9999.000,9999.000,9999.000,9999.000
202607211636,   0.094,   1.049,9999.000,9999.000,9999.000,9999.000,9999.000,9999.000,9999.000
202607211642,   0.100,   1.059,9999.000,9999.000,9999.000,9999.000,9999.000,9999.000,9999.000
202607211648,   0.107,   1.059,9999.000,9999.000,9999.000,9999.000,9999.000,9999.000,9999.000
202607211654,   0.113,   1.079,9999.000,9999.000,9999.000,9999.000,9999.000,9999.000,9999.000
202607211700,   0.120,   0.970,   0.600,   0.250,   0.970,   0.500,   0.870,   0.600,   0.970
202607211706,   0.127,   1.000,9999.000,9999.000,9999.000,9999.000,9999.000,9999.000,9999.000
202607211712,   0.134,   1.180,9999.000,9999.000,9999.000,9999.000,9999.000,9999.000,9999.000
202607211718,   0.141,   1.210,9999.000,9999.000,9999.000,9999.000,9999.000,9999.000,9999.000
202607211724,   0.148,   1.200,9999.000,9999.000,9999.000,9999.000,9999.000,9999.000,9999.000
202607211730,   0.156,   1.239,9999.000,9999.000,9999.000,9999.000,9999.000,9999.000,9999.000
202607211736,   0.163,   1.269,9999.000,9999.000,9999.000,9999.000,9999.000,9999.000,9999.000
202607211742,   0.170,   1.308,9999.000,9999.000,9999.000,9999.000,9999.000,9999.000,9999.000
202607211748,   0.178,   1.328,9999.000,9999.000,9999.000,9999.000,9999.000,9999.000,9999.000
202607211754,   0.185,   1.190,9999.000,9999.000,9999.000,9999.000,9999.000,9999.000,9999.000
202607211800,   0.193,   1.229,   0.600,   0.436,   1.229,   0.600,   1.229,   0.600,   1.229
202607211806,   0.200,   1.259,9999.000,9999.000,9999.000,9999.000,9999.000,9999.000,9999.000
202607211812,   0.208,   1.439,9999.000,9999.000,9999.000,9999.000,9999.000,9999.000,9999.000
202607211818,   0.215,   1.449,9999.000,9999.000,9999.000,9999.000,9999.000,9999.000,9999.000
202607211824,   0.223,   1.469,9999.000,9999.000,9999.000,9999.000,9999.000,9999.000,9999.000
202607211830,   0.230,   1.459,9999.000,9999.000,9999.000,9999.000,9999.000,9999.000,9999.000
202607211836,   0.237,   1.498,9999.000,9999.000,9999.000,9999.000,9999.000,9999.000,9999.000
202607211842,   0.244,   1.508,9999.000,9999.000,9999.000,9999.000,9999.000,9999.000,9999.000
202607211848,   0.252,   1.508,9999.000,9999.000,9999.000,9999.000,9999.000,9999.000,9999.000
202607211854,   0.259,   1.348,9999.000,9999.000,9999.000,9999.000,9999.000,9999.000,9999.000
202607211900,   0.266,   1.538,   0.600,   0.672,   1.538,   0.600,   1.538,   0.600,   1.538
202607211906,   0.272,   1.380,9999.000,9999.000,9999.000,9999.000,9999.000,9999.000,9999.000
202607211912,   0.279,   1.571,9999.000,9999.000,9999.000,9999.000,9999.000,9999.000,9999.000
202607211918,   0.286,   1.557,9999.000,9999.000,9999.000,9999.000,9999.000,9999.000,9999.000
202607211924,   0.292,   1.571,9999.000,9999.000,9999.000,9999.000,9999.000,9999.000,9999.000
202607211930,   0.298,   1.590,9999.000,9999.000,9999.000,9999.000,9999.000,9999.000,9999.000
202607211936,   0.304,   1.620,9999.000,9999.000,9999.000,9999.000,9999.000,9999.000,9999.000
202607211942,   0.310,   1.639,9999.000,9999.000,9999.000,9999.000,9999.000,9999.000,9999.000
202607211948,   0.315,   1.669,9999.000,9999.000,9999.000,9999.000,9999.000,9999.000,9999.000
202607211954,   0.320,   1.718,9999.000,9999.000,9999.000,9999.000,9999.000,9999.000,9999.000
202607212000,   0.325,   1.580,   0.600,   0.655,   1.580,   0.500,   1.480,   0.600,   1.580
202607212006,   0.330,   1.600,9999.000,9999.000,9999.000,9999.000,9999.000,9999.000,9999.000
202607212012,   0.334,   1.790,9999.000,9999.000,9999.000,9999.000,9999.000,9999.000,9999.000
202607212018,   0.338,   1.790,9999.000,9999.000,9999.000,9999.000,9999.000,9999.000,9999.000
202607212024,   0.341,   1.820,9999.000,9999.000,9999.000,9999.000,9999.000,9999.000,9999.000
202607212030,   0.344,   1.830,9999.000,9999.000,9999.000,9999.000,9999.000,9999.000,9999.000
202607212036,   0.347,   1.830,9999.000,9999.000,9999.000,9999.000,9999.000,9999.000,9999.000
202607212042,   0.349,   1.830,9999.000,9999.000,9999.000,9999.000,9999.000,9999.000,9999.000
202607212048,   0.350,   1.820,9999.000,9999.000,9999.000,9999.000,9999.000,9999.000,9999.000
202607212054,   0.352,   1.830,9999.000,9999.000,9999.000,9999.000,9999.000,9999.000,9999.000
202607212100,   0.352,   1.630,   0.500,   0.778,   1.630,   0.500,   1.630,   0.600,   1.730
202607212106,   0.353,   1.630,9999.000,9999.000,9999.000,9999.000,9999.000,9999.000,9999.000
202607212112,   0.352,   1.630,9999.000,9999.000,9999.000,9999.000,9999.000,9999.000,9999.000
202607212118,   0.352,   1.620,9999.000,9999.000,9999.000,9999.000,9999.000,9999.000,9999.000
202607212124,   0.351,   1.810,9999.000,9999.000,9999.000,9999.000,9999.000,9999.000,9999.000
202607212130,   0.349,   1.800,9999.000,9999.000,9999.000,9999.000,9999.000,9999.000,9999.000
202607212136,   0.347,   1.800,9999.000,9999.000,9999.000,9999.000,9999.000,9999.000,9999.000
202607212142,   0.345,   1.790,9999.000,9999.000,9999.000,9999.000,9999.000,9999.000,9999.000
202607212148,   0.342,   1.767,9999.000,9999.000,9999.000,9999.000,9999.000,9999.000,9999.000
202607212154,   0.339,   1.548,9999.000,9999.000,9999.000,9999.000,9999.000,9999.000,9999.000
202607212200,   0.335,   1.538,   0.500,   0.703,   1.538,   0.500,   1.538,   0.600,   1.638
202607212206,   0.332,   1.538,9999.000,9999.000,9999.000,9999.000,9999.000,9999.000,9999.000
202607212212,   0.328,   1.718,9999.000,9999.000,9999.000,9999.000,9999.000,9999.000,9999.000
202607212218,   0.323,   1.708,9999.000,9999.000,9999.000,9999.000,9999.000,9999.000,9999.000
202607212224,   0.318,   1.718,9999.000,9999.000,9999.000,9999.000,9999.000,9999.000,9999.000
202607212230,   0.314,   1.728,9999.000,9999.000,9999.000,9999.000,9999.000,9999.000,9999.000
202607212236,   0.308,   1.718,9999.000,9999.000,9999.000,9999.000,9999.000,9999.000,9999.000
202607212242,   0.303,   1.718,9999.000,9999.000,9999.000,9999.000,9999.000,9999.000,9999.000
202607212248,   0.298,   1.708,9999.000,9999.000,9999.000,9999.000,9999.000,9999.000,9999.000
202607212254,   0.292,   1.708,9999.000,9999.000,9999.000,9999.000,9999.000,9999.000,9999.000
202607212300,   0.286,   1.498,   0.500,   0.712,   1.498,   0.500,   1.498,   0.600,   1.598
202607212306,   0.281,   1.459,9999.000,9999.000,9999.000,9999.000,9999.000,9999.000,9999.000
202607212312,   0.275,   1.639,9999.000,9999.000,9999.000,9999.000,9999.000,9999.000,9999.000
202607212318,   0.269,   1.600,9999.000,9999.000,9999.000,9999.000,9999.000,9999.000,9999.000
202607212324,   0.263,   1.630,9999.000,9999.000,9999.000,9999.000,9999.000,9999.000,9999.000
202607212330,   0.257,   1.639,9999.000,9999.000,9999.000,9999.000,9999.000,9999.000,9999.000
202607212336,   0.251,   1.630,9999.000,9999.000,9999.000,9999.000,9999.000,9999.000,9999.000
202607212342,   0.245,   1.659,9999.000,9999.000,9999.000,9999.000,9999.000,9999.000,9999.000
202607212348,   0.239,   1.679,9999.000,9999.000,9999.000,9999.000,9999.000,9999.000,9999.000
202607212354,   0.233,   1.679,9999.000,9999.000,9999.000,9999.000,9999.000,9999.000,9999.000
202607220000,   0.227,   1.518,   0.500,   0.791,   1.518,   0.500,   1.518,   0.600,   1.618
202607220006,   0.221,   1.449,9999.000,9999.000,9999.000,9999.000,9999.000,9999.000,9999.000
202607220012,   0.215,   1.630,9999.000,9999.000,9999.000,9999.000,9999.000,9999.000,9999.000
202607220018,   0.209,   1.600,9999.000,9999.000,9999.000,9999.000,9999.000,9999.000,9999.000
202607220024,   0.204,   1.538,9999.000,9999.000,9999.000,9999.000,9999.000,9999.000,9999.000
202607220030,   0.198,   1.538,9999.000,9999.000,9999.000,9999.000,9999.000,9999.000,9999.000
202607220036,   0.193,   1.557,9999.000,9999.000,9999.000,9999.000,9999.000,9999.000,9999.000
202607220042,   0.187,   1.528,9999.000,9999.000,9999.000,9999.000,9999.000,9999.000,9999.000
202607220048,   0.182,   1.508,9999.000,9999.000,9999.000,9999.000,9999.000,9999.000,9999.000
202607220054,   0.177,   1.508,9999.000,9999.000,9999.000,9999.000,9999.000,9999.000,9999.000
202607220100,   0.172,   1.239,   0.500,   0.567,   1.239,   0.500,   1.239,   0.600,   1.339
202607220106,   0.166,   1.220,9999.000,9999.000,9999.000,9999.000,9999.000,9999.000,9999.000
202607220112,   0.161,   1.400,9999.000,9999.000,9999.000,9999.000,9999.000,9999.000,9999.000
202607220118,   0.156,   1.361,9999.000,9999.000,9999.000,9999.000,9999.000,9999.000,9999.000
202607220124,   0.152,   1.318,9999.000,9999.000,9999.000,9999.000,9999.000,9999.000,9999.000
202607220130,   0.147,   1.289,9999.000,9999.000,9999.000,9999.000,9999.000,9999.000,9999.000
202607220136,   0.142,   1.279,9999.000,9999.000,9999.000,9999.000,9999.000,9999.000,9999.000
202607220142,   0.137,   1.279,9999.000,9999.000,9999.000,9999.000,9999.000,9999.000,9999.000
202607220148,   0.133,   1.269,9999.000,9999.000,9999.000,9999.000,9999.000,9999.000,9999.000
202607220154,   0.129,   1.059,9999.000,9999.000,9999.000,9999.000,9999.000,9999.000,9999.000
202607220200,   0.124,   1.069,   0.500,   0.445,   1.069,   0.500,   1.069,   0.500,   1.069
202607220206,   0.120,   1.069,9999.000,9999.000,9999.000,9999.000,9999.000,9999.000,9999.000
202607220212,   0.116,   1.249,9999.000,9999.000,9999.000,9999.000,9999.000,9999.000,9999.000
202607220218,   0.112,   1.229,9999.000,9999.000,9999.000,9999.000,9999.000,9999.000,9999.000
202607220224,   0.108,   1.220,9999.000,9999.000,9999.000,9999.000,9999.000,9999.000,9999.000
202607220230,   0.105,   1.220,9999.000,9999.000,9999.000,9999.000,9999.000,9999.000,9999.000
202607220236,   0.101,   1.200,9999.000,9999.000,9999.000,9999.000,9999.000,9999.000,9999.000
202607220242,   0.098,   1.180,9999.000,9999.000,9999.000,9999.000,9999.000,9999.000,9999.000
202607220248,   0.095,   1.170,9999.000,9999.000,9999.000,9999.000,9999.000,9999.000,9999.000
202607220254,   0.092,   1.170,9999.000,9999.000,9999.000,9999.000,9999.000,9999.000,9999.000
202607220300,   0.090,   0.980,   0.500,   0.390,   0.980,   0.500,   0.980,   0.500,   0.980
202607220306,   0.087,   0.990,9999.000,9999.000,9999.000,9999.000,9999.000,9999.000,9999.000
202607220312,   0.085,   1.170,9999.000,9999.000,9999.000,9999.000,9999.000,9999.000,9999.000
202607220318,   0.084,   1.170,9999.000,9999.000,9999.000,9999.000,9999.000,9999.000,9999.000
202607220324,   0.082,   1.190,9999.000,9999.000,9999.000,9999.000,9999.000,9999.000,9999.000
202607220330,   0.081,   1.220,9999.000,9999.000,9999.000,9999.000,9999.000,9999.000,9999.000
202607220336,   0.080,   1.259,9999.000,9999.000,9999.000,9999.000,9999.000,9999.000,9999.000
202607220342,   0.080,   1.289,9999.000,9999.000,9999.000,9999.000,9999.000,9999.000,9999.000
202607220348,   0.080,   1.289,9999.000,9999.000,9999.000,9999.000,9999.000,9999.000,9999.000
202607220354,   0.080,   1.308,9999.000,9999.000,9999.000,9999.000,9999.000,9999.000,9999.000
202607220400,   0.081,   1.180,   0.500,   0.599,   1.180,   0.400,   1.080,   0.500,   1.180
202607220406,   0.082,   1.180,9999.000,9999.000,9999.000,9999.000,9999.000,9999.000,9999.000
202607220412,   0.083,   1.361,9999.000,9999.000,9999.000,9999.000,9999.000,9999.000,9999.000
202607220418,   0.085,   1.361,9999.000,9999.000,9999.000,9999.000,9999.000,9999.000,9999.000
202607220424,   0.087,   1.371,9999.000,9999.000,9999.000,9999.000,9999.000,9999.000,9999.000
202607220430,   0.089,   1.371,9999.000,9999.000,9999.000,9999.000,9999.000,9999.000,9999.000
202607220436,   0.092,   1.348,9999.000,9999.000,9999.000,9999.000,9999.000,9999.000,9999.000
202607220442,   0.095,   1.328,9999.000,9999.000,9999.000,9999.000,9999.000,9999.000,9999.000
202607220448,   0.099,   1.298,9999.000,9999.000,9999.000,9999.000,9999.000,9999.000,9999.000
202607220454,   0.102,   1.279,9999.000,9999.000,9999.000,9999.000,9999.000,9999.000,9999.000
202607220500,   0.106,   1.059,   0.500,   0.453,   1.059,   0.400,   0.959,   0.500,   1.059
202607220506,   0.111,   1.059,9999.000,9999.000,9999.000,9999.000,9999.000,9999.000,9999.000
202607220512,   0.115,   1.239,9999.000,9999.000,9999.000,9999.000,9999.000,9999.000,9999.000
202607220518,   0.120,   1.259,9999.000,9999.000,9999.000,9999.000,9999.000,9999.000,9999.000
202607220524,   0.125,   1.279,9999.000,9999.000,9999.000,9999.000,9999.000,9999.000,9999.000
202607220530,   0.130,   1.269,9999.000,9999.000,9999.000,9999.000,9999.000,9999.000,9999.000
202607220536,   0.136,   1.289,9999.000,9999.000,9999.000,9999.000,9999.000,9999.000,9999.000
202607220542,   0.141,   1.298,9999.000,9999.000,9999.000,9999.000,9999.000,9999.000,9999.000
202607220548,   0.147,   1.308,9999.000,9999.000,9999.000,9999.000,9999.000,9999.000,9999.000
202607220554,   0.152,   1.328,9999.000,9999.000,9999.000,9999.000,9999.000,9999.000,9999.000
202607220600,   0.158,   1.229,   0.400,   0.671,   1.229,   0.400,   1.229,   0.500,   1.329
202607220606,   0.164,   1.259,9999.000,9999.000,9999.000,9999.000,9999.000,9999.000,9999.000
202607220612,   0.169,   1.449,9999.000,9999.000,9999.000,9999.000,9999.000,9999.000,9999.000
202607220618,   0.175,   1.469,9999.000,9999.000,9999.000,9999.000,9999.000,9999.000,9999.000
202607220624,   0.181,   1.508,9999.000,9999.000,9999.000,9999.000,9999.000,9999.000,9999.000
202607220630,   0.187,   1.528,9999.000,9999.000,9999.000,9999.000,9999.000,9999.000,9999.000
202607220636,   0.192,   1.528,9999.000,9999.000,9999.000,9999.000,9999.000,9999.000,9999.000
202607220642,   0.198,   1.538,9999.000,9999.000,9999.000,9999.000,9999.000,9999.000,9999.000
202607220648,   0.204,   1.538,9999.000,9999.000,9999.000,9999.000,9999.000,9999.000,9999.000
202607220654,   0.209,   1.548,9999.000,9999.000,9999.000,9999.000,9999.000,9999.000,9999.000
202607220700,   0.215,   1.380,   0.400,   0.765,   1.380,   0.400,   1.380,   0.500,   1.480
202607220706,   0.220,   1.371,9999.000,9999.000,9999.000,9999.000,9999.000,9999.000,9999.000
202607220712,   0.226,   1.548,9999.000,9999.000,9999.000,9999.000,9999.000,9999.000,9999.000
202607220718,   0.231,   1.548,9999.000,9999.000,9999.000,9999.000,9999.000,9999.000,9999.000
202607220724,   0.236,   1.528,9999.000,9999.000,9999.000,9999.000,9999.000,9999.000,9999.000
202607220730,   0.241,   1.508,9999.000,9999.000,9999.000,9999.000,9999.000,9999.000,9999.000
202607220736,   0.246,   1.528,9999.000,9999.000,9999.000,9999.000,9999.000,9999.000,9999.000
202607220742,   0.251,   1.557,9999.000,9999.000,9999.000,9999.000,9999.000,9999.000,9999.000
202607220748,   0.256,   1.590,9999.000,9999.000,9999.000,9999.000,9999.000,9999.000,9999.000
202607220754,   0.261,   1.610,9999.000,9999.000,9999.000,9999.000,9999.000,9999.000,9999.000
202607220800,   0.265,   1.439,   0.400,   0.774,   1.439,   0.400,   1.439,   0.500,   1.539
202607220806,   0.269,   1.439,9999.000,9999.000,9999.000,9999.000,9999.000,9999.000,9999.000
202607220812,   0.273,   1.620,9999.000,9999.000,9999.000,9999.000,9999.000,9999.000,9999.000
202607220818,   0.276,   1.630,9999.000,9999.000,9999.000,9999.000,9999.000,9999.000,9999.000
202607220824,   0.280,   1.639,9999.000,9999.000,9999.000,9999.000,9999.000,9999.000,9999.000
202607220830,   0.283,   1.630,9999.000,9999.000,9999.000,9999.000,9999.000,9999.000,9999.000
202607220836,   0.286,   1.620,9999.000,9999.000,9999.000,9999.000,9999.000,9999.000,9999.000
202607220842,   0.288,   1.620,9999.000,9999.000,9999.000,9999.000,9999.000,9999.000,9999.000
202607220848,   0.290,   1.610,9999.000,9999.000,9999.000,9999.000,9999.000,9999.000,9999.000
202607220854,   0.292,   1.571,9999.000,9999.000,9999.000,9999.000,9999.000,9999.000,9999.000
202607220900,   0.293,   1.328,   0.400,   0.635,   1.328,   0.300,   1.228,   0.500,   1.428
202607220906,   0.294,   1.308,9999.000,9999.000,9999.000,9999.000,9999.000,9999.000,9999.000
202607220912,   0.295,   1.489,9999.000,9999.000,9999.000,9999.000,9999.000,9999.000,9999.000
202607220918,   0.295,   1.489,9999.000,9999.000,9999.000,9999.000,9999.000,9999.000,9999.000
202607220924,   0.295,   1.498,9999.000,9999.000,9999.000,9999.000,9999.000,9999.000,9999.000
202607220930,   0.294,   1.508,9999.000,9999.000,9999.000,9999.000,9999.000,9999.000,9999.000
202607220936,   0.293,   1.508,9999.000,9999.000,9999.000,9999.000,9999.000,9999.000,9999.000
202607220942,   0.292,   1.498,9999.000,9999.000,9999.000,9999.000,9999.000,9999.000,9999.000
202607220948,   0.290,   1.469,9999.000,9999.000,9999.000,9999.000,9999.000,9999.000,9999.000
202607220954,   0.288,   1.449,9999.000,9999.000,9999.000,9999.000,9999.000,9999.000,9999.000
202607221000,   0.286,   1.239,   0.400,   0.553,   1.239,   0.300,   1.139,   0.400,   1.239
202607221006,   0.283,   1.249,9999.000,9999.000,9999.000,9999.000,9999.000,9999.000,9999.000
202607221012,   0.280,   1.259,9999.000,9999.000,9999.000,9999.000,9999.000,9999.000,9999.000
202607221018,   0.276,   1.249,9999.000,9999.000,9999.000,9999.000,9999.000,9999.000,9999.000
202607221024,   0.273,   1.239,9999.000,9999.000,9999.000,9999.000,9999.000,9999.000,9999.000
202607221030,   0.269,   1.239,9999.000,9999.000,9999.000,9999.000,9999.000,9999.000,9999.000
202607221036,   0.265,   1.239,9999.000,9999.000,9999.000,9999.000,9999.000,9999.000,9999.000
202607221042,   0.260,   1.239,9999.000,9999.000,9999.000,9999.000,9999.000,9999.000,9999.000
202607221048,   0.256,   1.239,9999.000,9999.000,9999.000,9999.000,9999.000,9999.000,9999.000
202607221054,   0.251,   1.229,9999.000,9999.000,9999.000,9999.000,9999.000,9999.000,9999.000
202607221100,   0.246,   1.220,   0.400,   0.574,   1.220,   0.300,   1.120,   0.400,   1.220
202607221106,   0.241,   1.210,9999.000,9999.000,9999.000,9999.000,9999.000,9999.000,9999.000
202607221112,   0.236,   1.400,9999.000,9999.000,9999.000,9999.000,9999.000,9999.000,9999.000
202607221118,   0.231,   1.371,9999.000,9999.000,9999.000,9999.000,9999.000,9999.000,9999.000
202607221124,   0.226,   1.348,9999.000,9999.000,9999.000,9999.000,9999.000,9999.000,9999.000
202607221130,   0.220,   1.338,9999.000,9999.000,9999.000,9999.000,9999.000,9999.000,9999.000
202607221136,   0.215,   1.328,9999.000,9999.000,9999.000,9999.000,9999.000,9999.000,9999.000
202607221142,   0.210,   1.318,9999.000,9999.000,9999.000,9999.000,9999.000,9999.000,9999.000
202607221148,   0.204,   1.308,9999.000,9999.000,9999.000,9999.000,9999.000,9999.000,9999.000
202607221154,   0.199,   1.298,9999.000,9999.000,9999.000,9999.000,9999.000,9999.000,9999.000
202607221200,   0.194,   1.079,   0.400,   0.485,   1.079,   0.300,   0.979,   0.400,   1.079
202607221206,   0.189,   1.059,9999.000,9999.000,9999.000,9999.000,9999.000,9999.000,9999.000
202607221212,   0.183,   1.249,9999.000,9999.000,9999.000,9999.000,9999.000,9999.000,9999.000
202607221218,   0.178,   1.229,9999.000,9999.000,9999.000,9999.000,9999.000,9999.000,9999.000
202607221224,   0.173,   1.210,9999.000,9999.000,9999.000,9999.000,9999.000,9999.000,9999.000
202607221230,   0.168,   1.200,9999.000,9999.000,9999.000,9999.000,9999.000,9999.000,9999.000
202607221236,   0.163,   1.190,9999.000,9999.000,9999.000,9999.000,9999.000,9999.000,9999.000
202607221242,   0.159,   1.170,9999.000,9999.000,9999.000,9999.000,9999.000,9999.000,9999.000
202607221248,   0.154,   1.151,9999.000,9999.000,9999.000,9999.000,9999.000,9999.000,9999.000
202607221254,   0.149,   1.138,9999.000,9999.000,9999.000,9999.000,9999.000,9999.000,9999.000
202607221300,   0.145,   0.918,   0.400,   0.373,   0.918,   0.300,   0.818,   0.400,   0.918
202607221306,   0.141,   0.888,9999.000,9999.000,9999.000,9999.000,9999.000,9999.000,9999.000
202607221312,   0.136,   1.069,9999.000,9999.000,9999.000,9999.000,9999.000,9999.000,9999.000
202607221318,   0.132,   1.059,9999.000,9999.000,9999.000,9999.000,9999.000,9999.000,9999.000
202607221324,   0.128,   1.049,9999.000,9999.000,9999.000,9999.000,9999.000,9999.000,9999.000
202607221330,   0.124,   1.039,9999.000,9999.000,9999.000,9999.000,9999.000,9999.000,9999.000
202607221336,   0.120,   1.029,9999.000,9999.000,9999.000,9999.000,9999.000,9999.000,9999.000
202607221342,   0.116,   1.010,9999.000,9999.000,9999.000,9999.000,9999.000,9999.000,9999.000
202607221348,   0.112,   0.800,9999.000,9999.000,9999.000,9999.000,9999.000,9999.000,9999.000
202607221354,   0.108,   0.790,9999.000,9999.000,9999.000,9999.000,9999.000,9999.000,9999.000
202607221400,   0.105,   0.770,   0.400,   0.265,   0.770,   0.300,   0.670,   0.400,   0.770
202607221406,   0.101,   0.741,9999.000,9999.000,9999.000,9999.000,9999.000,9999.000,9999.000
202607221412,   0.098,   0.918,9999.000,9999.000,9999.000,9999.000,9999.000,9999.000,9999.000
202607221418,   0.094,   0.908,9999.000,9999.000,9999.000,9999.000,9999.000,9999.000,9999.000
202607221424,   0.091,   0.888,9999.000,9999.000,9999.000,9999.000,9999.000,9999.000,9999.000
202607221430,   0.088,   0.879,9999.000,9999.000,9999.000,9999.000,9999.000,9999.000,9999.000
202607221436,   0.085,   0.859,9999.000,9999.000,9999.000,9999.000,9999.000,9999.000,9999.000
202607221442,   0.082,   0.859,9999.000,9999.000,9999.000,9999.000,9999.000,9999.000,9999.000
202607221448,   0.079,   0.859,9999.000,9999.000,9999.000,9999.000,9999.000,9999.000,9999.000
202607221454,   0.077,   0.849,9999.000,9999.000,9999.000,9999.000,9999.000,9999.000,9999.000
202607221500,   0.074,   0.669,   0.400,   0.195,   0.669,   0.300,   0.569,   0.400,   0.669
202607221506,   0.072,   0.659,9999.000,9999.000,9999.000,9999.000,9999.000,9999.000,9999.000
202607221512,   0.070,   0.839,9999.000,9999.000,9999.000,9999.000,9999.000,9999.000,9999.000
202607221518,   0.068,   0.839,9999.000,9999.000,9999.000,9999.000,9999.000,9999.000,9999.000
202607221524,   0.067,   0.829,9999.000,9999.000,9999.000,9999.000,9999.000,9999.000,9999.000
202607221530,   0.065,   0.819,9999.000,9999.000,9999.000,9999.000,9999.000,9999.000,9999.000
202607221536,   0.064,   0.800,9999.000,9999.000,9999.000,9999.000,9999.000,9999.000,9999.000
202607221542,   0.064,   0.810,9999.000,9999.000,9999.000,9999.000,9999.000,9999.000,9999.000
202607221548,   0.063,   0.800,9999.000,9999.000,9999.000,9999.000,9999.000,9999.000,9999.000
202607221554,   0.063,   0.659,9999.000,9999.000,9999.000,9999.000,9999.000,9999.000,9999.000
202607221600,   0.063,   0.669,   0.400,   0.206,   0.669,   0.300,   0.569,   0.400,   0.669
202607221606,   0.064,   0.669,9999.000,9999.000,9999.000,9999.000,9999.000,9999.000,9999.000
202607221612,   0.065,   0.849,9999.000,9999.000,9999.000,9999.000,9999.000,9999.000,9999.000
202607221618,   0.066,   0.849,9999.000,9999.000,9999.000,9999.000,9999.000,9999.000,9999.000
202607221624,   0.068,   0.839,9999.000,9999.000,9999.000,9999.000,9999.000,9999.000,9999.000
202607221630,   0.070,   0.849,9999.000,9999.000,9999.000,9999.000,9999.000,9999.000,9999.000
202607221636,   0.072,   0.869,9999.000,9999.000,9999.000,9999.000,9999.000,9999.000,9999.000
202607221642,   0.075,   0.879,9999.000,9999.000,9999.000,9999.000,9999.000,9999.000,9999.000
202607221648,   0.078,   0.741,9999.000,9999.000,9999.000,9999.000,9999.000,9999.000,9999.000
202607221654,   0.082,   0.760,9999.000,9999.000,9999.000,9999.000,9999.000,9999.000,9999.000
202607221700,   0.086,   0.760,   0.300,   0.374,   0.760,   0.300,   0.760,   0.400,   0.860
202607221706,   0.090,   0.780,9999.000,9999.000,9999.000,9999.000,9999.000,9999.000,9999.000
202607221712,   0.095,   0.970,9999.000,9999.000,9999.000,9999.000,9999.000,9999.000,9999.000
202607221718,   0.100,   0.970,9999.000,9999.000,9999.000,9999.000,9999.000,9999.000,9999.000
202607221724,   0.105,   0.990,9999.000,9999.000,9999.000,9999.000,9999.000,9999.000,9999.000
202607221730,   0.110,   0.839,9999.000,9999.000,9999.000,9999.000,9999.000,9999.000,9999.000
202607221736,   0.116,   1.020,9999.000,9999.000,9999.000,9999.000,9999.000,9999.000,9999.000
202607221742,   0.122,   1.029,9999.000,9999.000,9999.000,9999.000,9999.000,9999.000,9999.000
202607221748,   0.128,   1.039,9999.000,9999.000,9999.000,9999.000,9999.000,9999.000,9999.000
202607221754,   0.135,   1.059,9999.000,9999.000,9999.000,9999.000,9999.000,9999.000,9999.000
202607221800,   0.141,   0.908,   0.300,   0.467,   0.908,   0.300,   0.908,   0.400,   1.008
202607221806,   0.148,   0.918,9999.000,9999.000,9999.000,9999.000,9999.000,9999.000,9999.000
202607221812,   0.155,   1.108,9999.000,9999.000,9999.000,9999.000,9999.000,9999.000,9999.000
202607221818,   0.162,   1.128,9999.000,9999.000,9999.000,9999.000,9999.000,9999.000,9999.000
202607221824,   0.169,   1.151,9999.000,9999.000,9999.000,9999.000,9999.000,9999.000,9999.000
202607221830,   0.176,   1.151,9999.000,9999.000,9999.000,9999.000,9999.000,9999.000,9999.000
202607221836,   0.183,   1.170,9999.000,9999.000,9999.000,9999.000,9999.000,9999.000,9999.000
202607221842,   0.190,   1.190,9999.000,9999.000,9999.000,9999.000,9999.000,9999.000,9999.000
202607221848,   0.197,   1.059,9999.000,9999.000,9999.000,9999.000,9999.000,9999.000,9999.000
202607221854,   0.204,   1.239,9999.000,9999.000,9999.000,9999.000,9999.000,9999.000,9999.000
202607221900,   0.212,   1.079,   0.300,   0.567,   1.079,   0.300,   1.079,   0.400,   1.179
202607221906,   0.219,   1.108,9999.000,9999.000,9999.000,9999.000,9999.000,9999.000,9999.000
202607221912,   0.226,   1.289,9999.000,9999.000,9999.000,9999.000,9999.000,9999.000,9999.000
202607221918,   0.233,   1.289,9999.000,9999.000,9999.000,9999.000,9999.000,9999.000,9999.000
202607221924,   0.240,   1.308,9999.000,9999.000,9999.000,9999.000,9999.000,9999.000,9999.000
202607221930,   0.246,   1.328,9999.000,9999.000,9999.000,9999.000,9999.000,9999.000,9999.000
202607221936,   0.253,   1.361,9999.000,9999.000,9999.000,9999.000,9999.000,9999.000,9999.000
202607221942,   0.260,   1.371,9999.000,9999.000,9999.000,9999.000,9999.000,9999.000,9999.000
202607221948,   0.266,   1.390,9999.000,9999.000,9999.000,9999.000,9999.000,9999.000,9999.000
202607221954,   0.273,   1.420,9999.000,9999.000,9999.000,9999.000,9999.000,9999.000,9999.000
202607222000,   0.279,   1.279,   0.300,   0.700,   1.279,   0.200,   1.179,   0.400,   1.379
202607222006,   0.285,   1.298,9999.000,9999.000,9999.000,9999.000,9999.000,9999.000,9999.000
202607222012,   0.291,   1.479,9999.000,9999.000,9999.000,9999.000,9999.000,9999.000,9999.000
202607222018,   0.297,   1.498,9999.000,9999.000,9999.000,9999.000,9999.000,9999.000,9999.000
202607222024,   0.302,   1.508,9999.000,9999.000,9999.000,9999.000,9999.000,9999.000,9999.000
202607222030,   0.308,   1.528,9999.000,9999.000,9999.000,9999.000,9999.000,9999.000,9999.000
202607222036,   0.313,   1.557,9999.000,9999.000,9999.000,9999.000,9999.000,9999.000,9999.000
202607222042,   0.317,   1.580,9999.000,9999.000,9999.000,9999.000,9999.000,9999.000,9999.000
202607222048,   0.322,   1.580,9999.000,9999.000,9999.000,9999.000,9999.000,9999.000,9999.000
202607222054,   0.326,   1.430,9999.000,9999.000,9999.000,9999.000,9999.000,9999.000,9999.000
202607222100,   0.330,   1.439,   0.300,   0.809,   1.439,   0.200,   1.339,   0.400,   1.539
202607222106,   0.333,   1.439,9999.000,9999.000,9999.000,9999.000,9999.000,9999.000,9999.000
202607222112,   0.336,   1.620,9999.000,9999.000,9999.000,9999.000,9999.000,9999.000,9999.000
202607222118,   0.339,   1.639,9999.000,9999.000,9999.000,9999.000,9999.000,9999.000,9999.000
202607222124,   0.341,   1.639,9999.000,9999.000,9999.000,9999.000,9999.000,9999.000,9999.000
202607222130,   0.343,   1.659,9999.000,9999.000,9999.000,9999.000,9999.000,9999.000,9999.000
202607222136,   0.345,   1.669,9999.000,9999.000,9999.000,9999.000,9999.000,9999.000,9999.000
202607222142,   0.346,   1.689,9999.000,9999.000,9999.000,9999.000,9999.000,9999.000,9999.000
202607222148,   0.346,   1.699,9999.000,9999.000,9999.000,9999.000,9999.000,9999.000,9999.000
202607222154,   0.346,   1.699,9999.000,9999.000,9999.000,9999.000,9999.000,9999.000,9999.000
202607222200,   0.346,   1.518,   0.300,   0.872,   1.518,   0.200,   1.418,   0.300,   1.518
202607222206,   0.345,   1.498,9999.000,9999.000,9999.000,9999.000,9999.000,9999.000,9999.000
202607222212,   0.344,   1.689,9999.000,9999.000,9999.000,9999.000,9999.000,9999.000,9999.000
202607222218,   0.343,   1.679,9999.000,9999.000,9999.000,9999.000,9999.000,9999.000,9999.000
202607222224,   0.341,   1.679,9999.000,9999.000,9999.000,9999.000,9999.000,9999.000,9999.000
202607222230,   0.339,   1.669,9999.000,9999.000,9999.000,9999.000,9999.000,9999.000,9999.000
202607222236,   0.336,   1.649,9999.000,9999.000,9999.000,9999.000,9999.000,9999.000,9999.000
202607222242,   0.334,   1.639,9999.000,9999.000,9999.000,9999.000,9999.000,9999.000,9999.000
202607222248,   0.330,   1.620,9999.000,9999.000,9999.000,9999.000,9999.000,9999.000,9999.000
202607222254,   0.327,   1.620,9999.000,9999.000,9999.000,9999.000,9999.000,9999.000,9999.000
202607222300,   0.323,   1.410,   0.300,   0.787,   1.410,   0.200,   1.310,   0.300,   1.410
202607222306,   0.319,   1.390,9999.000,9999.000,9999.000,9999.000,9999.000,9999.000,9999.000
202607222312,   0.315,   1.580,9999.000,9999.000,9999.000,9999.000,9999.000,9999.000,9999.000
202607222318,   0.311,   1.548,9999.000,9999.000,9999.000,9999.000,9999.000,9999.000,9999.000
202607222324,   0.306,   1.548,9999.000,9999.000,9999.000,9999.000,9999.000,9999.000,9999.000
202607222330,   0.301,   1.528,9999.000,9999.000,9999.000,9999.000,9999.000,9999.000,9999.000
202607222336,   0.296,   1.518,9999.000,9999.000,9999.000,9999.000,9999.000,9999.000,9999.000
202607222342,   0.291,   1.518,9999.000,9999.000,9999.000,9999.000,9999.000,9999.000,9999.000
202607222348,   0.286,   1.508,9999.000,9999.000,9999.000,9999.000,9999.000,9999.000,9999.000
202607222354,   0.281,   1.318,9999.000,9999.000,9999.000,9999.000,9999.000,9999.000,9999.000
202607230000,   0.276,   1.298,   0.300,   0.722,   1.298,   0.200,   1.198,   0.300,   1.298
202607230006,   0.270,   1.289,9999.000,9999.000,9999.000,9999.000,9999.000,9999.000,9999.000
202607230012,   0.265,   1.479,9999.000,9999.000,9999.000,9999.000,9999.000,9999.000,9999.000
202607230018,   0.260,   1.459,9999.000,9999.000,9999.000,9999.000,9999.000,9999.000,9999.000
202607230024,   0.254,   1.459,9999.000,9999.000,9999.000,9999.000,9999.000,9999.000,9999.000
202607230030,   0.249,   1.439,9999.000,9999.000,9999.000,9999.000,9999.000,9999.000,9999.000
202607230036,   0.244,   1.430,9999.000,9999.000,9999.000,9999.000,9999.000,9999.000,9999.000
202607230042,   0.238,   1.410,9999.000,9999.000,9999.000,9999.000,9999.000,9999.000,9999.000
202607230048,   0.233,   1.400,9999.000,9999.000,9999.000,9999.000,9999.000,9999.000,9999.000
202607230054,   0.228,   1.380,9999.000,9999.000,9999.000,9999.000,9999.000,9999.000,9999.000
202607230100,   0.223,   1.180,   0.300,   0.657,   1.180,   0.200,   1.080,   0.300,   1.180
202607230106,   0.217,   1.170,9999.000,9999.000,9999.000,9999.000,9999.000,9999.000,9999.000
202607230112,   0.212,   1.348,9999.000,9999.000,9999.000,9999.000,9999.000,9999.000,9999.000
202607230118,   0.207,   1.338,9999.000,9999.000,9999.000,9999.000,9999.000,9999.000,9999.000
202607230124,   0.202,   1.338,9999.000,9999.000,9999.000,9999.000,9999.000,9999.000,9999.000
202607230130,   0.197,   1.328,9999.000,9999.000,9999.000,9999.000,9999.000,9999.000,9999.000
202607230136,   0.192,   1.328,9999.000,9999.000,9999.000,9999.000,9999.000,9999.000,9999.000
202607230142,   0.187,   1.308,9999.000,9999.000,9999.000,9999.000,9999.000,9999.000,9999.000
202607230148,   0.183,   1.289,9999.000,9999.000,9999.000,9999.000,9999.000,9999.000,9999.000
202607230154,   0.178,   1.279,9999.000,9999.000,9999.000,9999.000,9999.000,9999.000,9999.000
202607230200,   0.173,   1.059,   0.300,   0.586,   1.059,   0.200,   0.959,   0.300,   1.059
202607230206,   0.168,   1.059,9999.000,9999.000,9999.000,9999.000,9999.000,9999.000,9999.000
202607230212,   0.163,   1.239,9999.000,9999.000,9999.000,9999.000,9999.000,9999.000,9999.000
202607230218,   0.159,   1.220,9999.000,9999.000,9999.000,9999.000,9999.000,9999.000,9999.000
202607230224,   0.154,   1.210,9999.000,9999.000,9999.000,9999.000,9999.000,9999.000,9999.000
202607230230,   0.150,   1.200,9999.000,9999.000,9999.000,9999.000,9999.000,9999.000,9999.000
202607230236,   0.145,   1.200,9999.000,9999.000,9999.000,9999.000,9999.000,9999.000,9999.000
202607230242,   0.140,   1.190,9999.000,9999.000,9999.000,9999.000,9999.000,9999.000,9999.000
202607230248,   0.136,   1.190,9999.000,9999.000,9999.000,9999.000,9999.000,9999.000,9999.000
202607230254,   0.132,   1.170,9999.000,9999.000,9999.000,9999.000,9999.000,9999.000,9999.000
202607230300,   0.127,   0.961,   0.300,   0.534,   0.961,   0.200,   0.861,   0.300,   0.961
202607230306,   0.123,   0.941,9999.000,9999.000,9999.000,9999.000,9999.000,9999.000,9999.000
202607230312,   0.119,   1.118,9999.000,9999.000,9999.000,9999.000,9999.000,9999.000,9999.000
202607230318,   0.115,   1.098,9999.000,9999.000,9999.000,9999.000,9999.000,9999.000,9999.000
202607230324,   0.111,   1.088,9999.000,9999.000,9999.000,9999.000,9999.000,9999.000,9999.000
202607230330,   0.108,   1.069,9999.000,9999.000,9999.000,9999.000,9999.000,9999.000,9999.000
202607230336,   0.104,   1.059,9999.000,9999.000,9999.000,9999.000,9999.000,9999.000,9999.000
202607230342,   0.101,   1.039,9999.000,9999.000,9999.000,9999.000,9999.000,9999.000,9999.000
202607230348,   0.098,   1.020,9999.000,9999.000,9999.000,9999.000,9999.000,9999.000,9999.000
202607230354,   0.095,   1.010,9999.000,9999.000,9999.000,9999.000,9999.000,9999.000,9999.000
202607230400,   0.092,   0.810,   0.300,   0.418,   0.810,   0.200,   0.710,   0.300,   0.810
202607230406,   0.090,   0.810,9999.000,9999.000,9999.000,9999.000,9999.000,9999.000,9999.000
202607230412,   0.088,   0.990,9999.000,9999.000,9999.000,9999.000,9999.000,9999.000,9999.000
202607230418,   0.086,   0.980,9999.000,9999.000,9999.000,9999.000,9999.000,9999.000,9999.000
202607230424,   0.085,   0.970,9999.000,9999.000,9999.000,9999.000,9999.000,9999.000,9999.000
202607230430,   0.084,   0.970,9999.000,9999.000,9999.000,9999.000,9999.000,9999.000,9999.000
202607230436,   0.083,   0.961,9999.000,9999.000,9999.000,9999.000,9999.000,9999.000,9999.000
202607230442,   0.082,   0.951,9999.000,9999.000,9999.000,9999.000,9999.000,9999.000,9999.000
202607230448,   0.082,   0.941,9999.000,9999.000,9999.000,9999.000,9999.000,9999.000,9999.000
202607230454,   0.082,   0.741,9999.000,9999.000,9999.000,9999.000,9999.000,9999.000,9999.000
202607230500,   0.083,   0.731,   0.200,   0.448,   0.731,   0.200,   0.731,   0.300,   0.831
202607230506,   0.084,   0.731,9999.000,9999.000,9999.000,9999.000,9999.000,9999.000,9999.000
202607230512,   0.085,   0.908,9999.000,9999.000,9999.000,9999.000,9999.000,9999.000,9999.000
202607230518,   0.087,   0.908,9999.000,9999.000,9999.000,9999.000,9999.000,9999.000,9999.000
202607230524,   0.089,   0.898,9999.000,9999.000,9999.000,9999.000,9999.000,9999.000,9999.000
202607230530,   0.091,   0.908,9999.000,9999.000,9999.000,9999.000,9999.000,9999.000,9999.000
202607230536,   0.094,   0.918,9999.000,9999.000,9999.000,9999.000,9999.000,9999.000,9999.000
202607230542,   0.097,   0.928,9999.000,9999.000,9999.000,9999.000,9999.000,9999.000,9999.000
202607230548,   0.101,   0.951,9999.000,9999.000,9999.000,9999.000,9999.000,9999.000,9999.000
202607230554,   0.104,   0.961,9999.000,9999.000,9999.000,9999.000,9999.000,9999.000,9999.000
202607230600,   0.108,   0.819,   0.200,   0.511,   0.819,   0.200,   0.819,   0.300,   0.919
202607230606,   0.112,   0.829,9999.000,9999.000,9999.000,9999.000,9999.000,9999.000,9999.000
202607230612,   0.117,   1.020,9999.000,9999.000,9999.000,9999.000,9999.000,9999.000,9999.000
202607230618,   0.122,   1.029,9999.000,9999.000,9999.000,9999.000,9999.000,9999.000,9999.000
202607230624,   0.126,   1.039,9999.000,9999.000,9999.000,9999.000,9999.000,9999.000,9999.000
202607230630,   0.131,   1.049,9999.000,9999.000,9999.000,9999.000,9999.000,9999.000,9999.000
202607230636,   0.136,   1.059,9999.000,9999.000,9999.000,9999.000,9999.000,9999.000,9999.000
202607230642,   0.142,   1.069,9999.000,9999.000,9999.000,9999.000,9999.000,9999.000,9999.000
202607230648,   0.147,   1.079,9999.000,9999.000,9999.000,9999.000,9999.000,9999.000,9999.000
202607230654,   0.152,   1.088,9999.000,9999.000,9999.000,9999.000,9999.000,9999.000,9999.000
202607230700,   0.158,   0.928,   0.200,   0.570,   0.928,   0.100,   0.828,   0.300,   1.028
202607230706,   0.163,   0.928,9999.000,9999.000,9999.000,9999.000,9999.000,9999.000,9999.000
202607230712,   0.169,   1.108,9999.000,9999.000,9999.000,9999.000,9999.000,9999.000,9999.000
202607230718,   0.174,   1.108,9999.000,9999.000,9999.000,9999.000,9999.000,9999.000,9999.000
202607230724,   0.180,   1.118,9999.000,9999.000,9999.000,9999.000,9999.000,9999.000,9999.000
202607230730,   0.185,   1.118,9999.000,9999.000,9999.000,9999.000,9999.000,9999.000,9999.000
202607230736,   0.191,   1.128,9999.000,9999.000,9999.000,9999.000,9999.000,9999.000,9999.000
202607230742,   0.196,   1.128,9999.000,9999.000,9999.000,9999.000,9999.000,9999.000,9999.000
202607230748,   0.201,   1.128,9999.000,9999.000,9999.000,9999.000,9999.000,9999.000,9999.000
202607230754,   0.207,   1.138,9999.000,9999.000,9999.000,9999.000,9999.000,9999.000,9999.000
202607230800,   0.212,   0.970,   0.200,   0.558,   0.970,   0.100,   0.870,   0.300,   1.070
202607230806,   0.217,   0.980,9999.000,9999.000,9999.000,9999.000,9999.000,9999.000,9999.000
202607230812,   0.222,   1.161,9999.000,9999.000,9999.000,9999.000,9999.000,9999.000,9999.000
202607230818,   0.227,   1.161,9999.000,9999.000,9999.000,9999.000,9999.000,9999.000,9999.000
202607230824,   0.232,   1.161,9999.000,9999.000,9999.000,9999.000,9999.000,9999.000,9999.000
202607230830,   0.236,   1.161,9999.000,9999.000,9999.000,9999.000,9999.000,9999.000,9999.000
202607230836,   0.241,   1.151,9999.000,9999.000,9999.000,9999.000,9999.000,9999.000,9999.000
202607230842,   0.245,   1.170,9999.000,9999.000,9999.000,9999.000,9999.000,9999.000,9999.000
202607230848,   0.249,   1.161,9999.000,9999.000,9999.000,9999.000,9999.000,9999.000,9999.000
202607230854,   0.253,   1.151,9999.000,9999.000,9999.000,9999.000,9999.000,9999.000,9999.000
202607230900,   0.257,   0.961,   0.200,   0.504,   0.961,   0.100,   0.861,   0.300,   1.061
202607230906,   0.260,   0.970,9999.000,9999.000,9999.000,9999.000,9999.000,9999.000,9999.000
202607230912,   0.264,   1.151,9999.000,9999.000,9999.000,9999.000,9999.000,9999.000,9999.000
202607230918,   0.266,   1.161,9999.000,9999.000,9999.000,9999.000,9999.000,9999.000,9999.000
202607230924,   0.269,   1.161,9999.000,9999.000,9999.000,9999.000,9999.000,9999.000,9999.000
202607230930,   0.271,   1.151,9999.000,9999.000,9999.000,9999.000,9999.000,9999.000,9999.000
202607230936,   0.274,   1.151,9999.000,9999.000,9999.000,9999.000,9999.000,9999.000,9999.000
202607230942,   0.275,   1.151,9999.000,9999.000,9999.000,9999.000,9999.000,9999.000,9999.000
202607230948,   0.277,   1.138,9999.000,9999.000,9999.000,9999.000,9999.000,9999.000,9999.000
202607230954,   0.278,   0.918,9999.000,9999.000,9999.000,9999.000,9999.000,9999.000,9999.000
202607231000,   0.278,   0.908,   0.200,   0.430,   0.908,   0.100,   0.808,   0.300,   1.008
202607231006,   0.279,   0.898,9999.000,9999.000,9999.000,9999.000,9999.000,9999.000,9999.000
202607231012,   0.279,   1.079,9999.000,9999.000,9999.000,9999.000,9999.000,9999.000,9999.000
202607231018,   0.278,   1.069,9999.000,9999.000,9999.000,9999.000,9999.000,9999.000,9999.000
202607231024,   0.278,   1.049,9999.000,9999.000,9999.000,9999.000,9999.000,9999.000,9999.000
202607231030,   0.277,   1.049,9999.000,9999.000,9999.000,9999.000,9999.000,9999.000,9999.000
202607231036,   0.275,   1.039,9999.000,9999.000,9999.000,9999.000,9999.000,9999.000,9999.000
202607231042,   0.274,   1.039,9999.000,9999.000,9999.000,9999.000,9999.000,9999.000,9999.000
202607231048,   0.272,   1.029,9999.000,9999.000,9999.000,9999.000,9999.000,9999.000,9999.000
202607231054,   0.269,   1.020,9999.000,9999.000,9999.000,9999.000,9999.000,9999.000,9999.000
202607231100,   0.267,   0.810,   0.200,   0.343,   0.810,   0.100,   0.710,   0.300,   0.910
202607231106,   0.264,   0.810,9999.000,9999.000,9999.000,9999.000,9999.000,9999.000,9999.000
202607231112,   0.261,   0.990,9999.000,9999.000,9999.000,9999.000,9999.000,9999.000,9999.000
202607231118,   0.258,   0.980,9999.000,9999.000,9999.000,9999.000,9999.000,9999.000,9999.000
202607231124,   0.254,   0.980,9999.000,9999.000,9999.000,9999.000,9999.000,9999.000,9999.000
202607231130,   0.251,   0.990,9999.000,9999.000,9999.000,9999.000,9999.000,9999.000,9999.000
202607231136,   0.247,   0.980,9999.000,9999.000,9999.000,9999.000,9999.000,9999.000,9999.000
202607231142,   0.243,   0.970,9999.000,9999.000,9999.000,9999.000,9999.000,9999.000,9999.000
202607231148,   0.239,   0.961,9999.000,9999.000,9999.000,9999.000,9999.000,9999.000,9999.000
202607231154,   0.234,   0.951,9999.000,9999.000,9999.000,9999.000,9999.000,9999.000,9999.000
202607231200,   0.230,   0.731,   0.200,   0.301,   0.731,   0.200,   0.731,   0.300,   0.831
202607231206,   0.226,   0.718,9999.000,9999.000,9999.000,9999.000,9999.000,9999.000,9999.000
202607231212,   0.221,   0.898,9999.000,9999.000,9999.000,9999.000,9999.000,9999.000,9999.000
202607231218,   0.217,   0.879,9999.000,9999.000,9999.000,9999.000,9999.000,9999.000,9999.000
202607231224,   0.212,   0.869,9999.000,9999.000,9999.000,9999.000,9999.000,9999.000,9999.000
202607231230,   0.208,   0.849,9999.000,9999.000,9999.000,9999.000,9999.000,9999.000,9999.000
202607231236,   0.203,   0.839,9999.000,9999.000,9999.000,9999.000,9999.000,9999.000,9999.000
202607231242,   0.199,   0.829,9999.000,9999.000,9999.000,9999.000,9999.000,9999.000,9999.000
202607231248,   0.194,   0.810,9999.000,9999.000,9999.000,9999.000,9999.000,9999.000,9999.000
202607231254,   0.190,   0.610,9999.000,9999.000,9999.000,9999.000,9999.000,9999.000,9999.000
202607231300,   0.186,   0.590,   0.200,   0.204,   0.590,   0.200,   0.590,   0.300,   0.690
202607231306,   0.181,   0.580,9999.000,9999.000,9999.000,9999.000,9999.000,9999.000,9999.000
202607231312,   0.177,   0.760,9999.000,9999.000,9999.000,9999.000,9999.000,9999.000,9999.000
202607231318,   0.173,   0.751,9999.000,9999.000,9999.000,9999.000,9999.000,9999.000,9999.000
202607231324,   0.169,   0.741,9999.000,9999.000,9999.000,9999.000,9999.000,9999.000,9999.000
202607231330,   0.164,   0.741,9999.000,9999.000,9999.000,9999.000,9999.000,9999.000,9999.000
202607231336,   0.160,   0.718,9999.000,9999.000,9999.000,9999.000,9999.000,9999.000,9999.000
202607231342,   0.156,   0.708,9999.000,9999.000,9999.000,9999.000,9999.000,9999.000,9999.000
202607231348,   0.153,   0.708,9999.000,9999.000,9999.000,9999.000,9999.000,9999.000,9999.000
202607231354,   0.149,   0.688,9999.000,9999.000,9999.000,9999.000,9999.000,9999.000,9999.000
202607231400,   0.145,   0.478,   0.200,   0.133,   0.478,   0.200,   0.478,   0.300,   0.578
202607231406,   0.141,   0.459,9999.000,9999.000,9999.000,9999.000,9999.000,9999.000,9999.000
202607231412,   0.137,   0.649,9999.000,9999.000,9999.000,9999.000,9999.000,9999.000,9999.000
202607231418,   0.134,   0.639,9999.000,9999.000,9999.000,9999.000,9999.000,9999.000,9999.000
202607231424,   0.130,   0.629,9999.000,9999.000,9999.000,9999.000,9999.000,9999.000,9999.000
202607231430,   0.127,   0.619,9999.000,9999.000,9999.000,9999.000,9999.000,9999.000,9999.000
202607231436,   0.123,   0.610,9999.000,9999.000,9999.000,9999.000,9999.000,9999.000,9999.000
202607231442,   0.120,   0.600,9999.000,9999.000,9999.000,9999.000,9999.000,9999.000,9999.000
202607231448,   0.116,   0.580,9999.000,9999.000,9999.000,9999.000,9999.000,9999.000,9999.000
202607231454,   0.113,   0.380,9999.000,9999.000,9999.000,9999.000,9999.000,9999.000,9999.000
202607231500,   0.110,   0.350,   0.200,   0.040,   0.350,   0.200,   0.350,   0.300,   0.450
202607231506,   0.106,   0.341,9999.000,9999.000,9999.000,9999.000,9999.000,9999.000,9999.000
202607231512,   0.103,   0.518,9999.000,9999.000,9999.000,9999.000,9999.000,9999.000,9999.000
202607231518,   0.100,   0.518,9999.000,9999.000,9999.000,9999.000,9999.000,9999.000,9999.000
202607231524,   0.097,   0.508,9999.000,9999.000,9999.000,9999.000,9999.000,9999.000,9999.000
202607231530,   0.094,   0.498,9999.000,9999.000,9999.000,9999.000,9999.000,9999.000,9999.000
202607231536,   0.091,   0.498,9999.000,9999.000,9999.000,9999.000,9999.000,9999.000,9999.000
202607231542,   0.089,   0.488,9999.000,9999.000,9999.000,9999.000,9999.000,9999.000,9999.000
202607231548,   0.086,   0.478,9999.000,9999.000,9999.000,9999.000,9999.000,9999.000,9999.000
202607231554,   0.084,   0.469,9999.000,9999.000,9999.000,9999.000,9999.000,9999.000,9999.000
202607231600,   0.082,   0.268,   0.200,  -0.014,   0.268,   0.200,   0.268,   0.300,   0.368
202607231606,   0.080,   0.268,9999.000,9999.000,9999.000,9999.000,9999.000,9999.000,9999.000
202607231612,   0.078,   0.449,9999.000,9999.000,9999.000,9999.000,9999.000,9999.000,9999.000
202607231618,   0.077,   0.449,9999.000,9999.000,9999.000,9999.000,9999.000,9999.000,9999.000
202607231624,   0.075,   0.459,9999.000,9999.000,9999.000,9999.000,9999.000,9999.000,9999.000
202607231630,   0.074,   0.469,9999.000,9999.000,9999.000,9999.000,9999.000,9999.000,9999.000
202607231636,   0.074,   0.469,9999.000,9999.000,9999.000,9999.000,9999.000,9999.000,9999.000
202607231642,   0.073,   0.478,9999.000,9999.000,9999.000,9999.000,9999.000,9999.000,9999.000
202607231648,   0.073,   0.488,9999.000,9999.000,9999.000,9999.000,9999.000,9999.000,9999.000
202607231654,   0.073,   0.508,9999.000,9999.000,9999.000,9999.000,9999.000,9999.000,9999.000
202607231700,   0.074,   0.360,   0.200,   0.086,   0.360,   0.100,   0.260,   0.300,   0.460
202607231706,   0.075,   0.370,9999.000,9999.000,9999.000,9999.000,9999.000,9999.000,9999.000
202607231712,   0.076,   0.390,9999.000,9999.000,9999.000,9999.000,9999.000,9999.000,9999.000
202607231718,   0.078,   0.400,9999.000,9999.000,9999.000,9999.000,9999.000,9999.000,9999.000
202607231724,   0.080,   0.590,9999.000,9999.000,9999.000,9999.000,9999.000,9999.000,9999.000
202607231730,   0.083,   0.600,9999.000,9999.000,9999.000,9999.000,9999.000,9999.000,9999.000
202607231736,   0.086,   0.610,9999.000,9999.000,9999.000,9999.000,9999.000,9999.000,9999.000
202607231742,   0.089,   0.619,9999.000,9999.000,9999.000,9999.000,9999.000,9999.000,9999.000
202607231748,   0.093,   0.629,9999.000,9999.000,9999.000,9999.000,9999.000,9999.000,9999.000
202607231754,   0.097,   0.639,9999.000,9999.000,9999.000,9999.000,9999.000,9999.000,9999.000
202607231800,   0.101,   0.478,   0.200,   0.177,   0.478,   0.200,   0.478,   0.300,   0.578
202607231806,   0.106,   0.488,9999.000,9999.000,9999.000,9999.000,9999.000,9999.000,9999.000
202607231812,   0.111,   0.669,9999.000,9999.000,9999.000,9999.000,9999.000,9999.000,9999.000
202607231818,   0.116,   0.518,9999.000,9999.000,9999.000,9999.000,9999.000,9999.000,9999.000
202607231824,   0.122,   0.698,9999.000,9999.000,9999.000,9999.000,9999.000,9999.000,9999.000
202607231830,   0.128,   0.708,9999.000,9999.000,9999.000,9999.000,9999.000,9999.000,9999.000
202607231836,   0.134,   0.718,9999.000,9999.000,9999.000,9999.000,9999.000,9999.000,9999.000
202607231842,   0.140,   0.751,9999.000,9999.000,9999.000,9999.000,9999.000,9999.000,9999.000
202607231848,   0.146,   0.760,9999.000,9999.000,9999.000,9999.000,9999.000,9999.000,9999.000
202607231854,   0.153,   0.619,9999.000,9999.000,9999.000,9999.000,9999.000,9999.000,9999.000
202607231900,   0.160,   0.639,   0.200,   0.279,   0.639,   0.200,   0.639,   0.300,   0.739
202607231906,   0.166,   0.659,9999.000,9999.000,9999.000,9999.000,9999.000,9999.000,9999.000
202607231912,   0.173,   0.839,9999.000,9999.000,9999.000,9999.000,9999.000,9999.000,9999.000
202607231918,   0.180,   0.859,9999.000,9999.000,9999.000,9999.000,9999.000,9999.000,9999.000
202607231924,   0.187,   0.879,9999.000,9999.000,9999.000,9999.000,9999.000,9999.000,9999.000
202607231930,   0.194,   0.898,9999.000,9999.000,9999.000,9999.000,9999.000,9999.000,9999.000
202607231936,   0.201,   0.928,9999.000,9999.000,9999.000,9999.000,9999.000,9999.000,9999.000
202607231942,   0.208,   0.951,9999.000,9999.000,9999.000,9999.000,9999.000,9999.000,9999.000
202607231948,   0.215,   0.961,9999.000,9999.000,9999.000,9999.000,9999.000,9999.000,9999.000
202607231954,   0.222,   0.829,9999.000,9999.000,9999.000,9999.000,9999.000,9999.000,9999.000
202607232000,   0.229,   0.849,   0.200,   0.420,   0.849,   0.200,   0.849,   0.300,   0.949
202607232006,   0.236,   0.869,9999.000,9999.000,9999.000,9999.000,9999.000,9999.000,9999.000
202607232012,   0.242,   1.049,9999.000,9999.000,9999.000,9999.000,9999.000,9999.000,9999.000
202607232018,   0.249,   1.069,9999.000,9999.000,9999.000,9999.000,9999.000,9999.000,9999.000
202607232024,   0.255,   1.079,9999.000,9999.000,9999.000,9999.000,9999.000,9999.000,9999.000
202607232030,   0.262,   1.098,9999.000,9999.000,9999.000,9999.000,9999.000,9999.000,9999.000
202607232036,   0.268,   0.961,9999.000,9999.000,9999.000,9999.000,9999.000,9999.000,9999.000
202607232042,   0.274,   0.980,9999.000,9999.000,9999.000,9999.000,9999.000,9999.000,9999.000
202607232048,   0.280,   1.161,9999.000,9999.000,9999.000,9999.000,9999.000,9999.000,9999.000
202607232054,   0.285,   1.010,9999.000,9999.000,9999.000,9999.000,9999.000,9999.000,9999.000
202607232100,   0.291,   1.039,   0.200,   0.548,   1.039,   0.200,   1.039,   0.300,   1.139
202607232106,   0.296,   1.059,9999.000,9999.000,9999.000,9999.000,9999.000,9999.000,9999.000
202607232112,   0.301,   1.239,9999.000,9999.000,9999.000,9999.000,9999.000,9999.000,9999.000
202607232118,   0.306,   1.249,9999.000,9999.000,9999.000,9999.000,9999.000,9999.000,9999.000
202607232124,   0.311,   1.279,9999.000,9999.000,9999.000,9999.000,9999.000,9999.000,9999.000
202607232130,   0.315,   1.289,9999.000,9999.000,9999.000,9999.000,9999.000,9999.000,9999.000
202607232136,   0.319,   1.308,9999.000,9999.000,9999.000,9999.000,9999.000,9999.000,9999.000
202607232142,   0.323,   1.318,9999.000,9999.000,9999.000,9999.000,9999.000,9999.000,9999.000
202607232148,   0.327,   1.170,9999.000,9999.000,9999.000,9999.000,9999.000,9999.000,9999.000
202607232154,   0.330,   1.190,9999.000,9999.000,9999.000,9999.000,9999.000,9999.000,9999.000
202607232200,   0.333,   1.200,   0.200,   0.667,   1.200,   0.200,   1.200,   0.300,   1.300
202607232206,   0.335,   1.200,9999.000,9999.000,9999.000,9999.000,9999.000,9999.000,9999.000
202607232212,   0.337,   1.380,9999.000,9999.000,9999.000,9999.000,9999.000,9999.000,9999.000
202607232218,   0.339,   1.380,9999.000,9999.000,9999.000,9999.000,9999.000,9999.000,9999.000
202607232224,   0.340,   1.390,9999.000,9999.000,9999.000,9999.000,9999.000,9999.000,9999.000
202607232230,   0.341,   1.390,9999.000,9999.000,9999.000,9999.000,9999.000,9999.000,9999.000
202607232236,   0.342,   1.390,9999.000,9999.000,9999.000,9999.000,9999.000,9999.000,9999.000
202607232242,   0.342,   1.390,9999.000,9999.000,9999.000,9999.000,9999.000,9999.000,9999.000
202607232248,   0.342,   1.380,9999.000,9999.000,9999.000,9999.000,9999.000,9999.000,9999.000
202607232254,   0.342,   1.390,9999.000,9999.000,9999.000,9999.000,9999.000,9999.000,9999.000
202607232300,   0.341,   1.190,   0.200,   0.649,   1.190,   0.200,   1.190,   0.300,   1.290
202607232306,   0.340,   1.190,9999.000,9999.000,9999.000,9999.000,9999.000,9999.000,9999.000
202607232312,   0.338,   1.371,9999.000,9999.000,9999.000,9999.000,9999.000,9999.000,9999.000
202607232318,   0.336,   1.338,9999.000,9999.000,9999.000,9999.000,9999.000,9999.000,9999.000
202607232324,   0.334,   1.338,9999.000,9999.000,9999.000,9999.000,9999.000,9999.000,9999.000
202607232330,   0.332,   1.318,9999.000,9999.000,9999.000,9999.000,9999.000,9999.000,9999.000
202607232336,   0.329,   1.308,9999.000,9999.000,9999.000,9999.000,9999.000,9999.000,9999.000
202607232342,   0.326,   1.298,9999.000,9999.000,9999.000,9999.000,9999.000,9999.000,9999.000
202607232348,   0.323,   1.279,9999.000,9999.000,9999.000,9999.000,9999.000,9999.000,9999.000
202607232354,   0.319,   1.069,9999.000,9999.000,9999.000,9999.000,9999.000,9999.000,9999.000
202607240000,   0.316,   1.049,   0.300,   0.433,   1.049,   0.200,   0.949,   0.300,   1.049
202607240006,   0.312,   1.049,9999.000,9999.000,9999.000,9999.000,9999.000,9999.000,9999.000
202607240012,   0.308,   1.229,9999.000,9999.000,9999.000,9999.000,9999.000,9999.000,9999.000
202607240018,   0.303,   1.210,9999.000,9999.000,9999.000,9999.000,9999.000,9999.000,9999.000
202607240024,   0.299,   1.200,9999.000,9999.000,9999.000,9999.000,9999.000,9999.000,9999.000
202607240030,   0.294,   1.200,9999.000,9999.000,9999.000,9999.000,9999.000,9999.000,9999.000
202607240036,   0.290,   1.180,9999.000,9999.000,9999.000,9999.000,9999.000,9999.000,9999.000
202607240042,   0.285,   1.170,9999.000,9999.000,9999.000,9999.000,9999.000,9999.000,9999.000
202607240048,   0.280,   1.151,9999.000,9999.000,9999.000,9999.000,9999.000,9999.000,9999.000
202607240054,   0.275,   0.941,9999.000,9999.000,9999.000,9999.000,9999.000,9999.000,9999.000
202607240100,   0.270,   0.941,   0.300,   0.371,   0.941,   0.200,   0.841,   0.300,   0.941
202607240106,   0.266,   0.928,9999.000,9999.000,9999.000,9999.000,9999.000,9999.000,9999.000
202607240112,   0.261,   1.108,9999.000,9999.000,9999.000,9999.000,9999.000,9999.000,9999.000
202607240118,   0.256,   1.098,9999.000,9999.000,9999.000,9999.000,9999.000,9999.000,9999.000
202607240124,   0.251,   1.088,9999.000,9999.000,9999.000,9999.000,9999.000,9999.000,9999.000
202607240130,   0.245,   1.079,9999.000,9999.000,9999.000,9999.000,9999.000,9999.000,9999.000
202607240136,   0.240,   1.069,9999.000,9999.000,9999.000,9999.000,9999.000,9999.000,9999.000
202607240142,   0.235,   1.059,9999.000,9999.000,9999.000,9999.000,9999.000,9999.000,9999.000
202607240148,   0.230,   1.049,9999.000,9999.000,9999.000,9999.000,9999.000,9999.000,9999.000
202607240154,   0.225,   0.849,9999.000,9999.000,9999.000,9999.000,9999.000,9999.000,9999.000
202607240200,   0.220,   0.829,   0.300,   0.309,   0.829,   0.200,   0.729,   0.300,   0.829
202607240206,   0.215,   0.819,9999.000,9999.000,9999.000,9999.000,9999.000,9999.000,9999.000
202607240212,   0.210,   1.000,9999.000,9999.000,9999.000,9999.000,9999.000,9999.000,9999.000
202607240218,   0.205,   0.990,9999.000,9999.000,9999.000,9999.000,9999.000,9999.000,9999.000
202607240224,   0.200,   0.980,9999.000,9999.000,9999.000,9999.000,9999.000,9999.000,9999.000
202607240230,   0.196,   0.970,9999.000,9999.000,9999.000,9999.000,9999.000,9999.000,9999.000
202607240236,   0.191,   0.961,9999.000,9999.000,9999.000,9999.000,9999.000,9999.000,9999.000
202607240242,   0.186,   0.951,9999.000,9999.000,9999.000,9999.000,9999.000,9999.000,9999.000
202607240248,   0.181,   0.928,9999.000,9999.000,9999.000,9999.000,9999.000,9999.000,9999.000
202607240254,   0.176,   0.718,9999.000,9999.000,9999.000,9999.000,9999.000,9999.000,9999.000
202607240300,   0.171,   0.708,   0.300,   0.237,   0.708,   0.200,   0.608,   0.300,   0.708
202607240306,   0.166,   0.698,9999.000,9999.000,9999.000,9999.000,9999.000,9999.000,9999.000
202607240312,   0.161,   0.879,9999.000,9999.000,9999.000,9999.000,9999.000,9999.000,9999.000
202607240318,   0.156,   0.869,9999.000,9999.000,9999.000,9999.000,9999.000,9999.000,9999.000
202607240324,   0.151,   0.859,9999.000,9999.000,9999.000,9999.000,9999.000,9999.000,9999.000
202607240330,   0.146,   0.849,9999.000,9999.000,9999.000,9999.000,9999.000,9999.000,9999.000
202607240336,   0.141,   0.829,9999.000,9999.000,9999.000,9999.000,9999.000,9999.000,9999.000
202607240342,   0.137,   0.810,9999.000,9999.000,9999.000,9999.000,9999.000,9999.000,9999.000
202607240348,   0.132,   0.800,9999.000,9999.000,9999.000,9999.000,9999.000,9999.000,9999.000
202607240354,   0.127,   0.790,9999.000,9999.000,9999.000,9999.000,9999.000,9999.000,9999.000
202607240400,   0.123,   0.580,   0.300,   0.157,   0.580,   0.200,   0.480,   0.300,   0.580
202607240406,   0.119,   0.570,9999.000,9999.000,9999.000,9999.000,9999.000,9999.000,9999.000
202607240412,   0.114,   0.751,9999.000,9999.000,9999.000,9999.000,9999.000,9999.000,9999.000
202607240418,   0.110,   0.741,9999.000,9999.000,9999.000,9999.000,9999.000,9999.000,9999.000
202607240424,   0.106,   0.731,9999.000,9999.000,9999.000,9999.000,9999.000,9999.000,9999.000
202607240430,   0.102,   0.708,9999.000,9999.000,9999.000,9999.000,9999.000,9999.000,9999.000
202607240436,   0.099,   0.708,9999.000,9999.000,9999.000,9999.000,9999.000,9999.000,9999.000
202607240442,   0.095,   0.698,9999.000,9999.000,9999.000,9999.000,9999.000,9999.000,9999.000
202607240448,   0.092,   0.678,9999.000,9999.000,9999.000,9999.000,9999.000,9999.000,9999.000
202607240454,   0.089,   0.669,9999.000,9999.000,9999.000,9999.000,9999.000,9999.000,9999.000
202607240500,   0.087,   0.478,   0.300,   0.091,   0.478,   0.200,   0.378,   0.300,   0.478
202607240506,   0.085,   0.469,9999.000,9999.000,9999.000,9999.000,9999.000,9999.000,9999.000
202607240512,   0.083,   0.649,9999.000,9999.000,9999.000,9999.000,9999.000,9999.000,9999.000
202607240518,   0.081,   0.639,9999.000,9999.000,9999.000,9999.000,9999.000,9999.000,9999.000
202607240524,   0.080,   0.629,9999.000,9999.000,9999.000,9999.000,9999.000,9999.000,9999.000
202607240530,   0.079,   0.629,9999.000,9999.000,9999.000,9999.000,9999.000,9999.000,9999.000
202607240536,   0.078,   0.619,9999.000,9999.000,9999.000,9999.000,9999.000,9999.000,9999.000
202607240542,   0.078,   0.619,9999.000,9999.000,9999.000,9999.000,9999.000,9999.000,9999.000
202607240548,   0.078,   0.619,9999.000,9999.000,9999.000,9999.000,9999.000,9999.000,9999.000
202607240554,   0.078,   0.610,9999.000,9999.000,9999.000,9999.000,9999.000,9999.000,9999.000
202607240600,   0.079,   0.429,   0.300,   0.050,   0.429,   0.200,   0.329,   0.300,   0.429
202607240606,   0.081,   0.429,9999.000,9999.000,9999.000,9999.000,9999.000,9999.000,9999.000
202607240612,   0.082,   0.610,9999.000,9999.000,9999.000,9999.000,9999.000,9999.000,9999.000
202607240618,   0.084,   0.619,9999.000,9999.000,9999.000,9999.000,9999.000,9999.000,9999.000
202607240624,   0.087,   0.619,9999.000,9999.000,9999.000,9999.000,9999.000,9999.000,9999.000
202607240630,   0.089,   0.629,9999.000,9999.000,9999.000,9999.000,9999.000,9999.000,9999.000
202607240636,   0.093,   0.639,9999.000,9999.000,9999.000,9999.000,9999.000,9999.000,9999.000
202607240642,   0.096,   0.649,9999.000,9999.000,9999.000,9999.000,9999.000,9999.000,9999.000
202607240648,   0.100,   0.659,9999.000,9999.000,9999.000,9999.000,9999.000,9999.000,9999.000
202607240654,   0.104,   0.669,9999.000,9999.000,9999.000,9999.000,9999.000,9999.000,9999.000
202607240700,   0.108,   0.508,   0.300,   0.100,   0.508,   0.200,   0.408,   0.300,   0.508
202607240706,   0.112,   0.518,9999.000,9999.000,9999.000,9999.000,9999.000,9999.000,9999.000
202607240712,   0.117,   0.698,9999.000,9999.000,9999.000,9999.000,9999.000,9999.000,9999.000
202607240718,   0.122,   0.708,9999.000,9999.000,9999.000,9999.000,9999.000,9999.000,9999.000
202607240724,   0.127,   0.718,9999.000,9999.000,9999.000,9999.000,9999.000,9999.000,9999.000
202607240730,   0.132,   0.718,9999.000,9999.000,9999.000,9999.000,9999.000,9999.000,9999.000
202607240736,   0.138,   0.731,9999.000,9999.000,9999.000,9999.000,9999.000,9999.000,9999.000
202607240742,   0.143,   0.741,9999.000,9999.000,9999.000,9999.000,9999.000,9999.000,9999.000
202607240748,   0.148,   0.741,9999.000,9999.000,9999.000,9999.000,9999.000,9999.000,9999.000
202607240754,   0.154,   0.751,9999.000,9999.000,9999.000,9999.000,9999.000,9999.000,9999.000
202607240800,   0.159,   0.590,   0.300,   0.131,   0.590,   0.200,   0.490,   0.300,   0.590
202607240806,   0.165,   0.590,9999.000,9999.000,9999.000,9999.000,9999.000,9999.000,9999.000
202607240812,   0.170,   0.780,9999.000,9999.000,9999.000,9999.000,9999.000,9999.000,9999.000
202607240818,   0.175,   0.780,9999.000,9999.000,9999.000,9999.000,9999.000,9999.000,9999.000
202607240824,   0.181,   0.790,9999.000,9999.000,9999.000,9999.000,9999.000,9999.000,9999.000
202607240830,   0.186,   0.800,9999.000,9999.000,9999.000,9999.000,9999.000,9999.000,9999.000
202607240836,   0.191,   0.810,9999.000,9999.000,9999.000,9999.000,9999.000,9999.000,9999.000
202607240842,   0.197,   0.819,9999.000,9999.000,9999.000,9999.000,9999.000,9999.000,9999.000
202607240848,   0.202,   0.829,9999.000,9999.000,9999.000,9999.000,9999.000,9999.000,9999.000
202607240854,   0.207,   0.839,9999.000,9999.000,9999.000,9999.000,9999.000,9999.000,9999.000
202607240900,   0.211,   0.678,   0.300,   0.167,   0.678,   0.200,   0.578,   0.300,   0.678
202607240906,   0.216,   0.688,9999.000,9999.000,9999.000,9999.000,9999.000,9999.000,9999.000
202607240912,   0.221,   0.869,9999.000,9999.000,9999.000,9999.000,9999.000,9999.000,9999.000
202607240918,   0.225,   0.879,9999.000,9999.000,9999.000,9999.000,9999.000,9999.000,9999.000
202607240924,   0.230,   0.898,9999.000,9999.000,9999.000,9999.000,9999.000,9999.000,9999.000
202607240930,   0.234,   0.888,9999.000,9999.000,9999.000,9999.000,9999.000,9999.000,9999.000
202607240936,   0.238,   0.898,9999.000,9999.000,9999.000,9999.000,9999.000,9999.000,9999.000
202607240942,   0.242,   0.908,9999.000,9999.000,9999.000,9999.000,9999.000,9999.000,9999.000
202607240948,   0.245,   0.918,9999.000,9999.000,9999.000,9999.000,9999.000,9999.000,9999.000
202607240954,   0.249,   0.760,9999.000,9999.000,9999.000,9999.000,9999.000,9999.000,9999.000
202607241000,   0.252,   0.760,   0.300,   0.208,   0.760,   0.200,   0.660,   0.300,   0.760
202607241006,   0.255,   0.760,9999.000,9999.000,9999.000,9999.000,9999.000,9999.000,9999.000
202607241012,   0.258,   0.941,9999.000,9999.000,9999.000,9999.000,9999.000,9999.000,9999.000
202607241018,   0.260,   0.941,9999.000,9999.000,9999.000,9999.000,9999.000,9999.000,9999.000
202607241024,   0.263,   0.941,9999.000,9999.000,9999.000,9999.000,9999.000,9999.000,9999.000
202607241030,   0.264,   0.951,9999.000,9999.000,9999.000,9999.000,9999.000,9999.000,9999.000
202607241036,   0.266,   0.951,9999.000,9999.000,9999.000,9999.000,9999.000,9999.000,9999.000
202607241042,   0.267,   0.951,9999.000,9999.000,9999.000,9999.000,9999.000,9999.000,9999.000
202607241048,   0.268,   0.951,9999.000,9999.000,9999.000,9999.000,9999.000,9999.000,9999.000
202607241054,   0.269,   0.951,9999.000,9999.000,9999.000,9999.000,9999.000,9999.000,9999.000
202607241100,   0.270,   0.760,   0.300,   0.190,   0.760,   0.200,   0.660,   0.300,   0.760
202607241106,   0.270,   0.751,9999.000,9999.000,9999.000,9999.000,9999.000,9999.000,9999.000
202607241112,   0.270,   0.941,9999.000,9999.000,9999.000,9999.000,9999.000,9999.000,9999.000
202607241118,   0.269,   0.928,9999.000,9999.000,9999.000,9999.000,9999.000,9999.000,9999.000
202607241124,   0.268,   0.918,9999.000,9999.000,9999.000,9999.000,9999.000,9999.000,9999.000
202607241130,   0.267,   0.918,9999.000,9999.000,9999.000,9999.000,9999.000,9999.000,9999.000
202607241136,   0.266,   0.908,9999.000,9999.000,9999.000,9999.000,9999.000,9999.000,9999.000
202607241142,   0.264,   0.888,9999.000,9999.000,9999.000,9999.000,9999.000,9999.000,9999.000
202607241148,   0.262,   0.869,9999.000,9999.000,9999.000,9999.000,9999.000,9999.000,9999.000
202607241154,   0.260,   0.669,9999.000,9999.000,9999.000,9999.000,9999.000,9999.000,9999.000
202607241200,   0.258,   0.659,   0.300,   0.101,   0.659,   0.300,   0.659,   0.300,   0.659
202607241206,   0.255,   0.649,9999.000,9999.000,9999.000,9999.000,9999.000,9999.000,9999.000
202607241212,   0.252,   0.839,9999.000,9999.000,9999.000,9999.000,9999.000,9999.000,9999.000
202607241218,   0.249,   0.819,9999.000,9999.000,9999.000,9999.000,9999.000,9999.000,9999.000
202607241224,   0.246,   0.819,9999.000,9999.000,9999.000,9999.000,9999.000,9999.000,9999.000
202607241230,   0.243,   0.810,9999.000,9999.000,9999.000,9999.000,9999.000,9999.000,9999.000
202607241236,   0.239,   0.800,9999.000,9999.000,9999.000,9999.000,9999.000,9999.000,9999.000
202607241242,   0.236,   0.790,9999.000,9999.000,9999.000,9999.000,9999.000,9999.000,9999.000
202607241248,   0.232,   0.780,9999.000,9999.000,9999.000,9999.000,9999.000,9999.000,9999.000
202607241254,   0.228,   0.770,9999.000,9999.000,9999.000,9999.000,9999.000,9999.000,9999.000
202607241300,   0.224,   0.570,   0.300,   0.046,   0.570,   0.300,   0.570,   0.300,   0.570
202607241306,   0.220,   0.560,9999.000,9999.000,9999.000,9999.000,9999.000,9999.000,9999.000
202607241312,   0.216,   0.741,9999.000,9999.000,9999.000,9999.000,9999.000,9999.000,9999.000
202607241318,   0.212,   0.731,9999.000,9999.000,9999.000,9999.000,9999.000,9999.000,9999.000
202607241324,   0.208,   0.718,9999.000,9999.000,9999.000,9999.000,9999.000,9999.000,9999.000
202607241330,   0.204,   0.698,9999.000,9999.000,9999.000,9999.000,9999.000,9999.000,9999.000
202607241336,   0.200,   0.698,9999.000,9999.000,9999.000,9999.000,9999.000,9999.000,9999.000
202607241342,   0.196,   0.688,9999.000,9999.000,9999.000,9999.000,9999.000,9999.000,9999.000
202607241348,   0.192,   0.678,9999.000,9999.000,9999.000,9999.000,9999.000,9999.000,9999.000
202607241354,   0.188,   0.669,9999.000,9999.000,9999.000,9999.000,9999.000,9999.000,9999.000
202607241400,   0.184,   0.459,   0.300,  -0.025,   0.459,   0.300,   0.459,   0.300,   0.459
202607241406,   0.180,   0.449,9999.000,9999.000,9999.000,9999.000,9999.000,9999.000,9999.000
202607241412,   0.176,   0.629,9999.000,9999.000,9999.000,9999.000,9999.000,9999.000,9999.000
202607241418,   0.172,   0.619,9999.000,9999.000,9999.000,9999.000,9999.000,9999.000,9999.000
202607241424,   0.168,   0.610,9999.000,9999.000,9999.000,9999.000,9999.000,9999.000,9999.000
202607241430,   0.164,   0.590,9999.000,9999.000,9999.000,9999.000,9999.000,9999.000,9999.000
202607241436,   0.160,   0.580,9999.000,9999.000,9999.000,9999.000,9999.000,9999.000,9999.000
202607241442,   0.157,   0.570,9999.000,9999.000,9999.000,9999.000,9999.000,9999.000,9999.000
202607241448,   0.153,   0.560,9999.000,9999.000,9999.000,9999.000,9999.000,9999.000,9999.000
202607241454,   0.149,   0.551,9999.000,9999.000,9999.000,9999.000,9999.000,9999.000,9999.000
202607241500,   0.145,   0.341,   0.300,  -0.104,   0.341,   0.300,   0.341,   0.300,   0.341
202607241506,   0.142,   0.331,9999.000,9999.000,9999.000,9999.000,9999.000,9999.000,9999.000
202607241512,   0.138,   0.518,9999.000,9999.000,9999.000,9999.000,9999.000,9999.000,9999.000
202607241518,   0.134,   0.498,9999.000,9999.000,9999.000,9999.000,9999.000,9999.000,9999.000
202607241524,   0.131,   0.498,9999.000,9999.000,9999.000,9999.000,9999.000,9999.000,9999.000
202607241530,   0.127,   0.478,9999.000,9999.000,9999.000,9999.000,9999.000,9999.000,9999.000
202607241536,   0.124,   0.469,9999.000,9999.000,9999.000,9999.000,9999.000,9999.000,9999.000
202607241542,   0.120,   0.459,9999.000,9999.000,9999.000,9999.000,9999.000,9999.000,9999.000
202607241548,   0.117,   0.439,9999.000,9999.000,9999.000,9999.000,9999.000,9999.000,9999.000
202607241554,   0.113,   0.239,9999.000,9999.000,9999.000,9999.000,9999.000,9999.000,9999.000
202607241600,   0.110,   0.229,   0.300,  -0.181,   0.229,   0.300,   0.229,   0.300,   0.229
202607241606,   0.107,   0.219,9999.000,9999.000,9999.000,9999.000,9999.000,9999.000,9999.000
202607241612,   0.103,   0.400,9999.000,9999.000,9999.000,9999.000,9999.000,9999.000,9999.000
202607241618,   0.100,   0.390,9999.000,9999.000,9999.000,9999.000,9999.000,9999.000,9999.000
202607241624,   0.097,   0.380,9999.000,9999.000,9999.000,9999.000,9999.000,9999.000,9999.000
202607241630,   0.094,   0.380,9999.000,9999.000,9999.000,9999.000,9999.000,9999.000,9999.000
202607241636,   0.092,   0.370,9999.000,9999.000,9999.000,9999.000,9999.000,9999.000,9999.000
202607241642,   0.089,   0.370,9999.000,9999.000,9999.000,9999.000,9999.000,9999.000,9999.000
202607241648,   0.087,   0.360,9999.000,9999.000,9999.000,9999.000,9999.000,9999.000,9999.000
202607241654,   0.085,   0.190,9999.000,9999.000,9999.000,9999.000,9999.000,9999.000,9999.000
202607241700,   0.083,   0.190,   0.300,  -0.193,   0.190,   0.300,   0.190,   0.300,   0.190
202607241706,   0.081,   0.209,9999.000,9999.000,9999.000,9999.000,9999.000,9999.000,9999.000
202607241712,   0.079,   0.390,9999.000,9999.000,9999.000,9999.000,9999.000,9999.000,9999.000
202607241718,   0.078,   0.400,9999.000,9999.000,9999.000,9999.000,9999.000,9999.000,9999.000
202607241724,   0.077,   0.409,9999.000,9999.000,9999.000,9999.000,9999.000,9999.000,9999.000
202607241730,   0.077,   0.419,9999.000,9999.000,9999.000,9999.000,9999.000,9999.000,9999.000
202607241736,   0.076,   0.439,9999.000,9999.000,9999.000,9999.000,9999.000,9999.000,9999.000
202607241742,   0.076,   0.449,9999.000,9999.000,9999.000,9999.000,9999.000,9999.000,9999.000
202607241748,   0.077,   0.459,9999.000,9999.000,9999.000,9999.000,9999.000,9999.000,9999.000
202607241754,   0.078,   0.478,9999.000,9999.000,9999.000,9999.000,9999.000,9999.000,9999.000
202607241800,   0.079,   0.321,   0.300,  -0.058,   0.321,   0.300,   0.321,   0.400,   0.421
202607241806,   0.080,   0.341,9999.000,9999.000,9999.000,9999.000,9999.000,9999.000,9999.000
202607241812,   0.082,   0.518,9999.000,9999.000,9999.000,9999.000,9999.000,9999.000,9999.000
202607241818,   0.085,   0.531,9999.000,9999.000,9999.000,9999.000,9999.000,9999.000,9999.000
202607241824,   0.088,   0.541,9999.000,9999.000,9999.000,9999.000,9999.000,9999.000,9999.000
202607241830,   0.091,   0.551,9999.000,9999.000,9999.000,9999.000,9999.000,9999.000,9999.000
202607241836,   0.095,   0.570,9999.000,9999.000,9999.000,9999.000,9999.000,9999.000,9999.000
202607241842,   0.099,   0.580,9999.000,9999.000,9999.000,9999.000,9999.000,9999.000,9999.000
202607241848,   0.103,   0.590,9999.000,9999.000,9999.000,9999.000,9999.000,9999.000,9999.000
202607241854,   0.108,   0.439,9999.000,9999.000,9999.000,9999.000,9999.000,9999.000,9999.000
202607241900,   0.113,   0.449,   0.300,   0.036,   0.449,   0.300,   0.449,   0.400,   0.549
202607241906,   0.118,   0.459,9999.000,9999.000,9999.000,9999.000,9999.000,9999.000,9999.000
202607241912,   0.124,   0.639,9999.000,9999.000,9999.000,9999.000,9999.000,9999.000,9999.000
202607241918,   0.130,   0.659,9999.000,9999.000,9999.000,9999.000,9999.000,9999.000,9999.000
202607241924,   0.136,   0.669,9999.000,9999.000,9999.000,9999.000,9999.000,9999.000,9999.000
202607241930,   0.142,   0.678,9999.000,9999.000,9999.000,9999.000,9999.000,9999.000,9999.000
202607241936,   0.149,   0.708,9999.000,9999.000,9999.000,9999.000,9999.000,9999.000,9999.000
202607241942,   0.155,   0.718,9999.000,9999.000,9999.000,9999.000,9999.000,9999.000,9999.000
202607241948,   0.162,   0.731,9999.000,9999.000,9999.000,9999.000,9999.000,9999.000,9999.000
202607241954,   0.169,   0.590,9999.000,9999.000,9999.000,9999.000,9999.000,9999.000,9999.000
202607242000,   0.176,   0.600,   0.400,   0.024,   0.600,   0.300,   0.500,   0.400,   0.600
202607242006,   0.183,   0.619,9999.000,9999.000,9999.000,9999.000,9999.000,9999.000,9999.000
202607242012,   0.190,   0.800,9999.000,9999.000,9999.000,9999.000,9999.000,9999.000,9999.000
202607242018,   0.197,   0.829,9999.000,9999.000,9999.000,9999.000,9999.000,9999.000,9999.000
202607242024,   0.204,   0.839,9999.000,9999.000,9999.000,9999.000,9999.000,9999.000,9999.000
202607242030,   0.211,   0.859,9999.000,9999.000,9999.000,9999.000,9999.000,9999.000,9999.000
202607242036,   0.218,   0.888,9999.000,9999.000,9999.000,9999.000,9999.000,9999.000,9999.000
202607242042,   0.224,   0.908,9999.000,9999.000,9999.000,9999.000,9999.000,9999.000,9999.000
202607242048,   0.231,   0.918,9999.000,9999.000,9999.000,9999.000,9999.000,9999.000,9999.000
202607242054,   0.238,   0.941,9999.000,9999.000,9999.000,9999.000,9999.000,9999.000,9999.000
202607242100,   0.244,   0.800,   0.400,   0.156,   0.800,   0.300,   0.700,   0.400,   0.800
202607242106,   0.250,   0.819,9999.000,9999.000,9999.000,9999.000,9999.000,9999.000,9999.000
202607242112,   0.257,   1.000,9999.000,9999.000,9999.000,9999.000,9999.000,9999.000,9999.000
202607242118,   0.263,   1.029,9999.000,9999.000,9999.000,9999.000,9999.000,9999.000,9999.000
202607242124,   0.269,   1.059,9999.000,9999.000,9999.000,9999.000,9999.000,9999.000,9999.000
202607242130,   0.274,   1.069,9999.000,9999.000,9999.000,9999.000,9999.000,9999.000,9999.000
202607242136,   0.280,   1.098,9999.000,9999.000,9999.000,9999.000,9999.000,9999.000,9999.000
202607242142,   0.285,   1.118,9999.000,9999.000,9999.000,9999.000,9999.000,9999.000,9999.000
202607242148,   0.291,   1.138,9999.000,9999.000,9999.000,9999.000,9999.000,9999.000,9999.000
202607242154,   0.296,   1.161,9999.000,9999.000,9999.000,9999.000,9999.000,9999.000,9999.000
202607242200,   0.301,   1.020,   0.400,   0.319,   1.020,   0.300,   0.920,   0.400,   1.020
202607242206,   0.305,   1.039,9999.000,9999.000,9999.000,9999.000,9999.000,9999.000,9999.000
202607242212,   0.310,   1.220,9999.000,9999.000,9999.000,9999.000,9999.000,9999.000,9999.000
202607242218,   0.314,   1.229,9999.000,9999.000,9999.000,9999.000,9999.000,9999.000,9999.000
202607242224,   0.318,   1.249,9999.000,9999.000,9999.000,9999.000,9999.000,9999.000,9999.000
202607242230,   0.322,   1.269,9999.000,9999.000,9999.000,9999.000,9999.000,9999.000,9999.000
202607242236,   0.325,   1.289,9999.000,9999.000,9999.000,9999.000,9999.000,9999.000,9999.000
202607242242,   0.328,   1.298,9999.000,9999.000,9999.000,9999.000,9999.000,9999.000,9999.000
202607242248,   0.331,   1.318,9999.000,9999.000,9999.000,9999.000,9999.000,9999.000,9999.000
202607242254,   0.334,   1.328,9999.000,9999.000,9999.000,9999.000,9999.000,9999.000,9999.000
202607242300,   0.336,   1.180,   0.400,   0.444,   1.180,   0.300,   1.080,   0.400,   1.180
202607242306,   0.338,   1.190,9999.000,9999.000,9999.000,9999.000,9999.000,9999.000,9999.000
202607242312,   0.340,   1.371,9999.000,9999.000,9999.000,9999.000,9999.000,9999.000,9999.000
202607242318,   0.341,   1.390,9999.000,9999.000,9999.000,9999.000,9999.000,9999.000,9999.000
202607242324,   0.342,   1.400,9999.000,9999.000,9999.000,9999.000,9999.000,9999.000,9999.000
202607242330,   0.343,   1.410,9999.000,9999.000,9999.000,9999.000,9999.000,9999.000,9999.000
202607242336,   0.343,   1.420,9999.000,9999.000,9999.000,9999.000,9999.000,9999.000,9999.000
202607242342,   0.343,   1.430,9999.000,9999.000,9999.000,9999.000,9999.000,9999.000,9999.000
202607242348,   0.342,   1.430,9999.000,9999.000,9999.000,9999.000,9999.000,9999.000,9999.000
202607242354,   0.342,   1.439,9999.000,9999.000,9999.000,9999.000,9999.000,9999.000,9999.000
202607250000,   0.341,   1.249,   0.400,   0.508,   1.249,   0.400,   1.249,   0.400,   1.249
202607250006,   0.339,   1.249,9999.000,9999.000,9999.000,9999.000,9999.000,9999.000,9999.000
202607250012,   0.337,   1.439,9999.000,9999.000,9999.000,9999.000,9999.000,9999.000,9999.000
202607250018,   0.335,   1.430,9999.000,9999.000,9999.000,9999.000,9999.000,9999.000,9999.000
202607250024,   0.333,   1.420,9999.000,9999.000,9999.000,9999.000,9999.000,9999.000,9999.000
202607250030,   0.330,   1.420,9999.000,9999.000,9999.000,9999.000,9999.000,9999.000,9999.000
202607250036,   0.328,   1.400,9999.000,9999.000,9999.000,9999.000,9999.000,9999.000,9999.000
202607250042,   0.324,   1.390,9999.000,9999.000,9999.000,9999.000,9999.000,9999.000,9999.000
202607250048,   0.321,   1.371,9999.000,9999.000,9999.000,9999.000,9999.000,9999.000,9999.000
202607250054,   0.317,   1.348,9999.000,9999.000,9999.000,9999.000,9999.000,9999.000,9999.000
202607250100,   0.314,   1.138,   0.400,   0.424,   1.138,   0.400,   1.138,   0.400,   1.138
202607250106,   0.310,   1.108,9999.000,9999.000,9999.000,9999.000,9999.000,9999.000,9999.000
202607250112,   0.305,   1.298,9999.000,9999.000,9999.000,9999.000,9999.000,9999.000,9999.000
202607250118,   0.301,   1.279,9999.000,9999.000,9999.000,9999.000,9999.000,9999.000,9999.000
202607250124,   0.297,   1.279,9999.000,9999.000,9999.000,9999.000,9999.000,9999.000,9999.000
202607250130,   0.292,   1.269,9999.000,9999.000,9999.000,9999.000,9999.000,9999.000,9999.000
202607250136,   0.287,   1.249,9999.000,9999.000,9999.000,9999.000,9999.000,9999.000,9999.000
202607250142,   0.283,   1.239,9999.000,9999.000,9999.000,9999.000,9999.000,9999.000,9999.000
202607250148,   0.278,   1.220,9999.000,9999.000,9999.000,9999.000,9999.000,9999.000,9999.000
202607250154,   0.273,   1.220,9999.000,9999.000,9999.000,9999.000,9999.000,9999.000,9999.000
202607250200,   0.268,   1.010,   0.400,   0.342,   1.010,   0.400,   1.010,   0.400,   1.010
202607250206,   0.263,   1.000,9999.000,9999.000,9999.000,9999.000,9999.000,9999.000,9999.000
202607250212,   0.258,   1.180,9999.000,9999.000,9999.000,9999.000,9999.000,9999.000,9999.000
202607250218,   0.252,   1.170,9999.000,9999.000,9999.000,9999.000,9999.000,9999.000,9999.000
202607250224,   0.247,   1.161,9999.000,9999.000,9999.000,9999.000,9999.000,9999.000,9999.000
202607250230,   0.242,   1.138,9999.000,9999.000,9999.000,9999.000,9999.000,9999.000,9999.000
202607250236,   0.237,   1.128,9999.000,9999.000,9999.000,9999.000,9999.000,9999.000,9999.000
202607250242,   0.231,   1.108,9999.000,9999.000,9999.000,9999.000,9999.000,9999.000,9999.000
202607250248,   0.226,   1.098,9999.000,9999.000,9999.000,9999.000,9999.000,9999.000,9999.000
202607250254,   0.221,   1.079,9999.000,9999.000,9999.000,9999.000,9999.000,9999.000,9999.000
202607250300,   0.216,   0.888,   0.400,   0.272,   0.888,   0.400,   0.888,   0.400,   0.888
202607250306,   0.210,   0.879,9999.000,9999.000,9999.000,9999.000,9999.000,9999.000,9999.000
202607250312,   0.205,   1.059,9999.000,9999.000,9999.000,9999.000,9999.000,9999.000,9999.000
202607250318,   0.200,   1.049,9999.000,9999.000,9999.000,9999.000,9999.000,9999.000,9999.000
202607250324,   0.194,   1.039,9999.000,9999.000,9999.000,9999.000,9999.000,9999.000,9999.000
202607250330,   0.189,   1.020,9999.000,9999.000,9999.000,9999.000,9999.000,9999.000,9999.000
202607250336,   0.183,   1.010,9999.000,9999.000,9999.000,9999.000,9999.000,9999.000,9999.000
202607250342,   0.178,   1.000,9999.000,9999.000,9999.000,9999.000,9999.000,9999.000,9999.000
202607250348,   0.173,   0.990,9999.000,9999.000,9999.000,9999.000,9999.000,9999.000,9999.000
202607250354,   0.167,   0.970,9999.000,9999.000,9999.000,9999.000,9999.000,9999.000,9999.000
202607250400,   0.162,   0.770,   0.400,   0.208,   0.770,   0.400,   0.770,   0.400,   0.770
202607250406,   0.157,   0.770,9999.000,9999.000,9999.000,9999.000,9999.000,9999.000,9999.000
202607250412,   0.151,   0.951,9999.000,9999.000,9999.000,9999.000,9999.000,9999.000,9999.000
202607250418,   0.146,   0.918,9999.000,9999.000,9999.000,9999.000,9999.000,9999.000,9999.000
202607250424,   0.141,   0.908,9999.000,9999.000,9999.000,9999.000,9999.000,9999.000,9999.000
202607250430,   0.135,   0.898,9999.000,9999.000,9999.000,9999.000,9999.000,9999.000,9999.000
202607250436,   0.130,   0.888,9999.000,9999.000,9999.000,9999.000,9999.000,9999.000,9999.000
202607250442,   0.125,   0.869,9999.000,9999.000,9999.000,9999.000,9999.000,9999.000,9999.000
202607250448,   0.120,   0.859,9999.000,9999.000,9999.000,9999.000,9999.000,9999.000,9999.000
202607250454,   0.115,   0.849,9999.000,9999.000,9999.000,9999.000,9999.000,9999.000,9999.000
202607250500,   0.111,   0.639,   0.400,   0.128,   0.639,   0.400,   0.639,   0.400,   0.639
202607250506,   0.106,   0.629,9999.000,9999.000,9999.000,9999.000,9999.000,9999.000,9999.000
202607250512,   0.102,   0.810,9999.000,9999.000,9999.000,9999.000,9999.000,9999.000,9999.000
202607250518,   0.098,   0.800,9999.000,9999.000,9999.000,9999.000,9999.000,9999.000,9999.000
202607250524,   0.094,   0.780,9999.000,9999.000,9999.000,9999.000,9999.000,9999.000,9999.000
202607250530,   0.090,   0.770,9999.000,9999.000,9999.000,9999.000,9999.000,9999.000,9999.000
202607250536,   0.086,   0.770,9999.000,9999.000,9999.000,9999.000,9999.000,9999.000,9999.000
202607250542,   0.083,   0.760,9999.000,9999.000,9999.000,9999.000,9999.000,9999.000,9999.000
202607250548,   0.080,   0.751,9999.000,9999.000,9999.000,9999.000,9999.000,9999.000,9999.000
202607250554,   0.077,   0.751,9999.000,9999.000,9999.000,9999.000,9999.000,9999.000,9999.000
202607250600,   0.075,   0.560,   0.400,   0.298,   0.773,   0.400,   0.773,   0.400,   0.773
202607250606,   0.073,   0.560,9999.000,9999.000,9999.000,9999.000,9999.000,9999.000,9999.000
202607250612,   0.072,   0.741,9999.000,9999.000,9999.000,9999.000,9999.000,9999.000,9999.000
202607250618,   0.070,   0.731,9999.000,9999.000,9999.000,9999.000,9999.000,9999.000,9999.000
202607250624,   0.070,   0.731,9999.000,9999.000,9999.000,9999.000,9999.000,9999.000,9999.000
202607250630,   0.069,   0.718,9999.000,9999.000,9999.000,9999.000,9999.000,9999.000,9999.000
202607250636,   0.069,   0.718,9999.000,9999.000,9999.000,9999.000,9999.000,9999.000,9999.000
202607250642,   0.069,   0.718,9999.000,9999.000,9999.000,9999.000,9999.000,9999.000,9999.000
202607250648,   0.070,   0.718,9999.000,9999.000,9999.000,9999.000,9999.000,9999.000,9999.000
202607250654,   0.071,   0.551,9999.000,9999.000,9999.000,9999.000,9999.000,9999.000,9999.000
202607250700,   0.073,   0.560,   0.400,   0.316,   0.789,   0.400,   0.789,   0.400,   0.789
202607250706,   0.075,   0.560,9999.000,9999.000,9999.000,9999.000,9999.000,9999.000,9999.000
202607250712,   0.077,   0.751,9999.000,9999.000,9999.000,9999.000,9999.000,9999.000,9999.000
202607250718,   0.080,   0.751,9999.000,9999.000,9999.000,9999.000,9999.000,9999.000,9999.000
202607250724,   0.083,   0.770,9999.000,9999.000,9999.000,9999.000,9999.000,9999.000,9999.000
202607250730,   0.087,   0.780,9999.000,9999.000,9999.000,9999.000,9999.000,9999.000,9999.000
202607250736,   0.091,   0.800,9999.000,9999.000,9999.000,9999.000,9999.000,9999.000,9999.000
202607250742,   0.095,   0.810,9999.000,9999.000,9999.000,9999.000,9999.000,9999.000,9999.000
202607250748,   0.099,   0.810,9999.000,9999.000,9999.000,9999.000,9999.000,9999.000,9999.000
202607250754,   0.104,   0.829,9999.000,9999.000,9999.000,9999.000,9999.000,9999.000,9999.000
202607250800,   0.108,   0.678,   0.400,   0.348,   0.856,   0.400,   0.856,   0.400,   0.856
202607250806,   0.113,   0.698,9999.000,9999.000,9999.000,9999.000,9999.000,9999.000,9999.000
202607250812,   0.119,   0.879,9999.000,9999.000,9999.000,9999.000,9999.000,9999.000,9999.000
202607250818,   0.124,   0.879,9999.000,9999.000,9999.000,9999.000,9999.000,9999.000,9999.000
202607250824,   0.129,   0.888,9999.000,9999.000,9999.000,9999.000,9999.000,9999.000,9999.000
202607250830,   0.135,   0.908,9999.000,9999.000,9999.000,9999.000,9999.000,9999.000,9999.000
202607250836,   0.140,   0.908,9999.000,9999.000,9999.000,9999.000,9999.000,9999.000,9999.000
202607250842,   0.146,   0.918,9999.000,9999.000,9999.000,9999.000,9999.000,9999.000,9999.000
202607250848,   0.151,   0.760,9999.000,9999.000,9999.000,9999.000,9999.000,9999.000,9999.000
202607250854,   0.157,   0.770,9999.000,9999.000,9999.000,9999.000,9999.000,9999.000,9999.000
202607250900,   0.162,   0.780,   0.400,   0.376,   0.938,   0.400,   0.938,   0.400,   0.938
202607250906,   0.168,   0.790,9999.000,9999.000,9999.000,9999.000,9999.000,9999.000,9999.000
202607250912,   0.173,   0.980,9999.000,9999.000,9999.000,9999.000,9999.000,9999.000,9999.000
202607250918,   0.179,   0.990,9999.000,9999.000,9999.000,9999.000,9999.000,9999.000,9999.000
202607250924,   0.184,   1.000,9999.000,9999.000,9999.000,9999.000,9999.000,9999.000,9999.000
202607250930,   0.189,   1.000,9999.000,9999.000,9999.000,9999.000,9999.000,9999.000,9999.000
202607250936,   0.194,   1.010,9999.000,9999.000,9999.000,9999.000,9999.000,9999.000,9999.000
202607250942,   0.199,   1.029,9999.000,9999.000,9999.000,9999.000,9999.000,9999.000,9999.000
202607250948,   0.204,   1.039,9999.000,9999.000,9999.000,9999.000,9999.000,9999.000,9999.000
202607250954,   0.209,   1.049,9999.000,9999.000,9999.000,9999.000,9999.000,9999.000,9999.000
202607251000,   0.214,   0.888,   0.400,   0.405,   1.019,   0.400,   1.019,   0.400,   1.019
202607251006,   0.218,   0.898,9999.000,9999.000,9999.000,9999.000,9999.000,9999.000,9999.000
202607251012,   0.223,   1.088,9999.000,9999.000,9999.000,9999.000,9999.000,9999.000,9999.000
202607251018,   0.227,   1.098,9999.000,9999.000,9999.000,9999.000,9999.000,9999.000,9999.000
202607251024,   0.231,   1.098,9999.000,9999.000,9999.000,9999.000,9999.000,9999.000,9999.000
202607251030,   0.235,   1.118,9999.000,9999.000,9999.000,9999.000,9999.000,9999.000,9999.000
202607251036,   0.239,   1.128,9999.000,9999.000,9999.000,9999.000,9999.000,9999.000,9999.000
202607251042,   0.243,   1.138,9999.000,9999.000,9999.000,9999.000,9999.000,9999.000,9999.000
202607251048,   0.246,   1.161,9999.000,9999.000,9999.000,9999.000,9999.000,9999.000,9999.000
202607251054,   0.250,   0.980,9999.000,9999.000,9999.000,9999.000,9999.000,9999.000,9999.000
202607251100,   0.253,   1.000,   0.400,   0.423,   1.076,   0.400,   1.076,   0.500,   1.176
202607251106,   0.256,   1.000,9999.000,9999.000,9999.000,9999.000,9999.000,9999.000,9999.000
202607251112,   0.258,   1.180,9999.000,9999.000,9999.000,9999.000,9999.000,9999.000,9999.000
202607251118,   0.261,   1.180,9999.000,9999.000,9999.000,9999.000,9999.000,9999.000,9999.000
202607251124,   0.263,   1.180,9999.000,9999.000,9999.000,9999.000,9999.000,9999.000,9999.000
202607251130,   0.265,   1.190,9999.000,9999.000,9999.000,9999.000,9999.000,9999.000,9999.000
202607251136,   0.267,   1.200,9999.000,9999.000,9999.000,9999.000,9999.000,9999.000,9999.000
202607251142,   0.268,   1.210,9999.000,9999.000,9999.000,9999.000,9999.000,9999.000,9999.000
202607251148,   0.269,   1.210,9999.000,9999.000,9999.000,9999.000,9999.000,9999.000,9999.000
202607251154,   0.270,   1.229,9999.000,9999.000,9999.000,9999.000,9999.000,9999.000,9999.000
202607251200,   0.270,   1.220,   0.400,   0.397,   1.067,   0.400,   1.067,   0.500,   1.167
202607251206,   0.270,   1.220,9999.000,9999.000,9999.000,9999.000,9999.000,9999.000,9999.000
202607251212,   0.270,9999.000,9999.000,9999.000,9999.000,9999.000,9999.000,9999.000,9999.000
202607251218,   0.270,9999.000,9999.000,9999.000,9999.000,9999.000,9999.000,9999.000,9999.000
202607251224,   0.269,9999.000,9999.000,9999.000,9999.000,9999.000,9999.000,9999.000,9999.000
202607251230,   0.268,9999.000,9999.000,9999.000,9999.000,9999.000,9999.000,9999.000,9999.000
202607251236,   0.266,9999.000,9999.000,9999.000,9999.000,9999.000,9999.000,9999.000,9999.000
202607251242,   0.265,9999.000,9999.000,9999.000,9999.000,9999.000,9999.000,9999.000,9999.000
202607251248,   0.263,9999.000,9999.000,9999.000,9999.000,9999.000,9999.000,9999.000,9999.000
202607251254,   0.261,9999.000,9999.000,9999.000,9999.000,9999.000,9999.000,9999.000,9999.000
202607251300,   0.258,9999.000,   0.500,   0.314,   1.072,   0.400,   0.972,   0.500,   1.072
202607251306,   0.256,9999.000,9999.000,9999.000,9999.000,9999.000,9999.000,9999.000,9999.000
202607251312,   0.253,9999.000,9999.000,9999.000,9999.000,9999.000,9999.000,9999.000,9999.000
202607251318,   0.250,9999.000,9999.000,9999.000,9999.000,9999.000,9999.000,9999.000,9999.000
202607251324,   0.247,9999.000,9999.000,9999.000,9999.000,9999.000,9999.000,9999.000,9999.000
202607251330,   0.243,9999.000,9999.000,9999.000,9999.000,9999.000,9999.000,9999.000,9999.000
202607251336,   0.240,9999.000,9999.000,9999.000,9999.000,9999.000,9999.000,9999.000,9999.000
202607251342,   0.236,9999.000,9999.000,9999.000,9999.000,9999.000,9999.000,9999.000,9999.000
202607251348,   0.232,9999.000,9999.000,9999.000,9999.000,9999.000,9999.000,9999.000,9999.000
202607251354,   0.229,9999.000,9999.000,9999.000,9999.000,9999.000,9999.000,9999.000,9999.000
202607251400,   0.225,9999.000,   0.500,   0.201,   0.926,   0.400,   0.826,   0.500,   0.926
202607251406,   0.221,9999.000,9999.000,9999.000,9999.000,9999.000,9999.000,9999.000,9999.000
202607251412,   0.217,9999.000,9999.000,9999.000,9999.000,9999.000,9999.000,9999.000,9999.000
202607251418,   0.213,9999.000,9999.000,9999.000,9999.000,9999.000,9999.000,9999.000,9999.000
202607251424,   0.208,9999.000,9999.000,9999.000,9999.000,9999.000,9999.000,9999.000,9999.000
202607251430,   0.204,9999.000,9999.000,9999.000,9999.000,9999.000,9999.000,9999.000,9999.000
202607251436,   0.200,9999.000,9999.000,9999.000,9999.000,9999.000,9999.000,9999.000,9999.000
202607251442,   0.196,9999.000,9999.000,9999.000,9999.000,9999.000,9999.000,9999.000,9999.000
202607251448,   0.192,9999.000,9999.000,9999.000,9999.000,9999.000,9999.000,9999.000,9999.000
202607251454,   0.187,9999.000,9999.000,9999.000,9999.000,9999.000,9999.000,9999.000,9999.000
202607251500,   0.183,9999.000,   0.500,   0.091,   0.774,   0.500,   0.774,   0.500,   0.774
202607251506,   0.179,9999.000,9999.000,9999.000,9999.000,9999.000,9999.000,9999.000,9999.000
202607251512,   0.175,9999.000,9999.000,9999.000,9999.000,9999.000,9999.000,9999.000,9999.000
202607251518,   0.171,9999.000,9999.000,9999.000,9999.000,9999.000,9999.000,9999.000,9999.000
202607251524,   0.167,9999.000,9999.000,9999.000,9999.000,9999.000,9999.000,9999.000,9999.000
202607251530,   0.162,9999.000,9999.000,9999.000,9999.000,9999.000,9999.000,9999.000,9999.000
202607251536,   0.158,9999.000,9999.000,9999.000,9999.000,9999.000,9999.000,9999.000,9999.000
202607251542,   0.154,9999.000,9999.000,9999.000,9999.000,9999.000,9999.000,9999.000,9999.000
202607251548,   0.150,9999.000,9999.000,9999.000,9999.000,9999.000,9999.000,9999.000,9999.000
202607251554,   0.146,9999.000,9999.000,9999.000,9999.000,9999.000,9999.000,9999.000,9999.000
202607251600,   0.142,9999.000,   0.500,   0.004,   0.646,   0.500,   0.646,   0.500,   0.646
202607251606,   0.138,9999.000,9999.000,9999.000,9999.000,9999.000,9999.000,9999.000,9999.000
202607251612,   0.134,9999.000,9999.000,9999.000,9999.000,9999.000,9999.000,9999.000,9999.000
202607251618,   0.130,9999.000,9999.000,9999.000,9999.000,9999.000,9999.000,9999.000,9999.000
202607251624,   0.126,9999.000,9999.000,9999.000,9999.000,9999.000,9999.000,9999.000,9999.000
202607251630,   0.122,9999.000,9999.000,9999.000,9999.000,9999.000,9999.000,9999.000,9999.000
202607251636,   0.119,9999.000,9999.000,9999.000,9999.000,9999.000,9999.000,9999.000,9999.000
202607251642,   0.115,9999.000,9999.000,9999.000,9999.000,9999.000,9999.000,9999.000,9999.000
202607251648,   0.111,9999.000,9999.000,9999.000,9999.000,9999.000,9999.000,9999.000,9999.000
202607251654,   0.108,9999.000,9999.000,9999.000,9999.000,9999.000,9999.000,9999.000,9999.000
202607251700,   0.104,9999.000,   0.500,  -0.035,   0.569,   0.500,   0.569,   0.500,   0.569
202607251706,   0.101,9999.000,9999.000,9999.000,9999.000,9999.000,9999.000,9999.000,9999.000
202607251712,   0.097,9999.000,9999.000,9999.000,9999.000,9999.000,9999.000,9999.000,9999.000
202607251718,   0.094,9999.000,9999.000,9999.000,9999.000,9999.000,9999.000,9999.000,9999.000
202607251724,   0.091,9999.000,9999.000,9999.000,9999.000,9999.000,9999.000,9999.000,9999.000
202607251730,   0.089,9999.000,9999.000,9999.000,9999.000,9999.000,9999.000,9999.000,9999.000
202607251736,   0.086,9999.000,9999.000,9999.000,9999.000,9999.000,9999.000,9999.000,9999.000
202607251742,   0.083,9999.000,9999.000,9999.000,9999.000,9999.000,9999.000,9999.000,9999.000
202607251748,   0.081,9999.000,9999.000,9999.000,9999.000,9999.000,9999.000,9999.000,9999.000
202607251754,   0.079,9999.000,9999.000,9999.000,9999.000,9999.000,9999.000,9999.000,9999.000
202607251800,   0.078,9999.000,   0.500,  -0.003,   0.575,   0.500,   0.575,   0.500,   0.575
202607251806,   0.076,9999.000,9999.000,9999.000,9999.000,9999.000,9999.000,9999.000,9999.000
202607251812,   0.075,9999.000,9999.000,9999.000,9999.000,9999.000,9999.000,9999.000,9999.000
202607251818,   0.075,9999.000,9999.000,9999.000,9999.000,9999.000,9999.000,9999.000,9999.000
202607251824,   0.074,9999.000,9999.000,9999.000,9999.000,9999.000,9999.000,9999.000,9999.000
202607251830,   0.074,9999.000,9999.000,9999.000,9999.000,9999.000,9999.000,9999.000,9999.000
202607251836,   0.075,9999.000,9999.000,9999.000,9999.000,9999.000,9999.000,9999.000,9999.000
202607251842,   0.075,9999.000,9999.000,9999.000,9999.000,9999.000,9999.000,9999.000,9999.000
202607251848,   0.077,9999.000,9999.000,9999.000,9999.000,9999.000,9999.000,9999.000,9999.000
202607251854,   0.078,9999.000,9999.000,9999.000,9999.000,9999.000,9999.000,9999.000,9999.000
202607251900,   0.080,9999.000,   0.500,   0.095,   0.675,   0.500,   0.675,   0.500,   0.675
202607251906,   0.083,9999.000,9999.000,9999.000,9999.000,9999.000,9999.000,9999.000,9999.000
202607251912,   0.086,9999.000,9999.000,9999.000,9999.000,9999.000,9999.000,9999.000,9999.000
202607251918,   0.089,9999.000,9999.000,9999.000,9999.000,9999.000,9999.000,9999.000,9999.000
202607251924,   0.093,9999.000,9999.000,9999.000,9999.000,9999.000,9999.000,9999.000,9999.000
202607251930,   0.097,9999.000,9999.000,9999.000,9999.000,9999.000,9999.000,9999.000,9999.000
202607251936,   0.102,9999.000,9999.000,9999.000,9999.000,9999.000,9999.000,9999.000,9999.000
202607251942,   0.107,9999.000,9999.000,9999.000,9999.000,9999.000,9999.000,9999.000,9999.000
202607251948,   0.112,9999.000,9999.000,9999.000,9999.000,9999.000,9999.000,9999.000,9999.000
202607251954,   0.117,9999.000,9999.000,9999.000,9999.000,9999.000,9999.000,9999.000,9999.000
202607252000,   0.123,9999.000,   0.500,   0.235,   0.858,   0.500,   0.858,   0.600,   0.958
202607252006,   0.129,9999.000,9999.000,9999.000,9999.000,9999.000,9999.000,9999.000,9999.000
202607252012,   0.136,9999.000,9999.000,9999.000,9999.000,9999.000,9999.000,9999.000,9999.000
202607252018,   0.142,9999.000,9999.000,9999.000,9999.000,9999.000,9999.000,9999.000,9999.000
202607252024,   0.149,9999.000,9999.000,9999.000,9999.000,9999.000,9999.000,9999.000,9999.000
202607252030,   0.156,9999.000,9999.000,9999.000,9999.000,9999.000,9999.000,9999.000,9999.000
202607252036,   0.163,9999.000,9999.000,9999.000,9999.000,9999.000,9999.000,9999.000,9999.000
202607252042,   0.170,9999.000,9999.000,9999.000,9999.000,9999.000,9999.000,9999.000,9999.000
202607252048,   0.177,9999.000,9999.000,9999.000,9999.000,9999.000,9999.000,9999.000,9999.000
202607252054,   0.184,9999.000,9999.000,9999.000,9999.000,9999.000,9999.000,9999.000,9999.000
202607252100,   0.191,9999.000,   0.500,   0.403,   1.094,   0.500,   1.094,   0.600,   1.194
202607252106,   0.198,9999.000,9999.000,9999.000,9999.000,9999.000,9999.000,9999.000,9999.000
202607252112,   0.205,9999.000,9999.000,9999.000,9999.000,9999.000,9999.000,9999.000,9999.000
202607252118,   0.212,9999.000,9999.000,9999.000,9999.000,9999.000,9999.000,9999.000,9999.000
202607252124,   0.219,9999.000,9999.000,9999.000,9999.000,9999.000,9999.000,9999.000,9999.000
202607252130,   0.226,9999.000,9999.000,9999.000,9999.000,9999.000,9999.000,9999.000,9999.000
202607252136,   0.232,9999.000,9999.000,9999.000,9999.000,9999.000,9999.000,9999.000,9999.000
202607252142,   0.239,9999.000,9999.000,9999.000,9999.000,9999.000,9999.000,9999.000,9999.000
202607252148,   0.245,9999.000,9999.000,9999.000,9999.000,9999.000,9999.000,9999.000,9999.000
202607252154,   0.252,9999.000,9999.000,9999.000,9999.000,9999.000,9999.000,9999.000,9999.000
202607252200,   0.258,9999.000,   0.600,   0.590,   1.448,   0.500,   1.348,   0.600,   1.448
202607252206,   0.264,9999.000,9999.000,9999.000,9999.000,9999.000,9999.000,9999.000,9999.000
202607252212,   0.270,9999.000,9999.000,9999.000,9999.000,9999.000,9999.000,9999.000,9999.000
202607252218,   0.275,9999.000,9999.000,9999.000,9999.000,9999.000,9999.000,9999.000,9999.000
202607252224,   0.281,9999.000,9999.000,9999.000,9999.000,9999.000,9999.000,9999.000,9999.000
202607252230,   0.287,9999.000,9999.000,9999.000,9999.000,9999.000,9999.000,9999.000,9999.000
202607252236,   0.292,9999.000,9999.000,9999.000,9999.000,9999.000,9999.000,9999.000,9999.000
202607252242,   0.297,9999.000,9999.000,9999.000,9999.000,9999.000,9999.000,9999.000,9999.000
202607252248,   0.302,9999.000,9999.000,9999.000,9999.000,9999.000,9999.000,9999.000,9999.000
202607252254,   0.307,9999.000,9999.000,9999.000,9999.000,9999.000,9999.000,9999.000,9999.000
202607252300,   0.311,9999.000,   0.600,   0.751,   1.662,   0.500,   1.562,   0.600,   1.662
202607252306,   0.316,9999.000,9999.000,9999.000,9999.000,9999.000,9999.000,9999.000,9999.000
202607252312,   0.320,9999.000,9999.000,9999.000,9999.000,9999.000,9999.000,9999.000,9999.000
202607252318,   0.324,9999.000,9999.000,9999.000,9999.000,9999.000,9999.000,9999.000,9999.000
202607252324,   0.328,9999.000,9999.000,9999.000,9999.000,9999.000,9999.000,9999.000,9999.000
202607252330,   0.331,9999.000,9999.000,9999.000,9999.000,9999.000,9999.000,9999.000,9999.000
202607252336,   0.334,9999.000,9999.000,9999.000,9999.000,9999.000,9999.000,9999.000,9999.000
202607252342,   0.337,9999.000,9999.000,9999.000,9999.000,9999.000,9999.000,9999.000,9999.000
202607252348,   0.340,9999.000,9999.000,9999.000,9999.000,9999.000,9999.000,9999.000,9999.000
202607252354,   0.342,9999.000,9999.000,9999.000,9999.000,9999.000,9999.000,9999.000,9999.000
202607260000,   0.344,9999.000,   0.600,   0.825,   1.769,   0.500,   1.669,   0.600,   1.769
202607260006,   0.346,9999.000,9999.000,9999.000,9999.000,9999.000,9999.000,9999.000,9999.000
202607260012,   0.347,9999.000,9999.000,9999.000,9999.000,9999.000,9999.000,9999.000,9999.000
202607260018,   0.348,9999.000,9999.000,9999.000,9999.000,9999.000,9999.000,9999.000,9999.000
202607260024,   0.349,9999.000,9999.000,9999.000,9999.000,9999.000,9999.000,9999.000,9999.000
202607260030,   0.349,9999.000,9999.000,9999.000,9999.000,9999.000,9999.000,9999.000,9999.000
202607260036,   0.349,9999.000,9999.000,9999.000,9999.000,9999.000,9999.000,9999.000,9999.000
202607260042,   0.349,9999.000,9999.000,9999.000,9999.000,9999.000,9999.000,9999.000,9999.000
202607260048,   0.348,9999.000,9999.000,9999.000,9999.000,9999.000,9999.000,9999.000,9999.000
202607260054,   0.347,9999.000,9999.000,9999.000,9999.000,9999.000,9999.000,9999.000,9999.000
202607260100,   0.345,9999.000,   0.600,   0.795,   1.740,   0.500,   1.640,   0.600,   1.740
202607260106,   0.343,9999.000,9999.000,9999.000,9999.000,9999.000,9999.000,9999.000,9999.000
202607260112,   0.341,9999.000,9999.000,9999.000,9999.000,9999.000,9999.000,9999.000,9999.000
202607260118,   0.339,9999.000,9999.000,9999.000,9999.000,9999.000,9999.000,9999.000,9999.000
202607260124,   0.336,9999.000,9999.000,9999.000,9999.000,9999.000,9999.000,9999.000,9999.000
202607260130,   0.333,9999.000,9999.000,9999.000,9999.000,9999.000,9999.000,9999.000,9999.000
202607260136,   0.329,9999.000,9999.000,9999.000,9999.000,9999.000,9999.000,9999.000,9999.000
202607260142,   0.326,9999.000,9999.000,9999.000,9999.000,9999.000,9999.000,9999.000,9999.000
202607260148,   0.322,9999.000,9999.000,9999.000,9999.000,9999.000,9999.000,9999.000,9999.000
202607260154,   0.318,9999.000,9999.000,9999.000,9999.000,9999.000,9999.000,9999.000,9999.000
202607260200,   0.314,9999.000,   0.600,   0.700,   1.614,   0.600,   1.614,   0.600,   1.614
202607260206,   0.309,9999.000,9999.000,9999.000,9999.000,9999.000,9999.000,9999.000,9999.000
202607260212,   0.304,9999.000,9999.000,9999.000,9999.000,9999.000,9999.000,9999.000,9999.000
202607260218,   0.300,9999.000,9999.000,9999.000,9999.000,9999.000,9999.000,9999.000,9999.000
202607260224,   0.295,9999.000,9999.000,9999.000,9999.000,9999.000,9999.000,9999.000,9999.000
202607260230,   0.290,9999.000,9999.000,9999.000,9999.000,9999.000,9999.000,9999.000,9999.000
202607260236,   0.284,9999.000,9999.000,9999.000,9999.000,9999.000,9999.000,9999.000,9999.000
202607260242,   0.279,9999.000,9999.000,9999.000,9999.000,9999.000,9999.000,9999.000,9999.000
202607260248,   0.274,9999.000,9999.000,9999.000,9999.000,9999.000,9999.000,9999.000,9999.000
202607260254,   0.268,9999.000,9999.000,9999.000,9999.000,9999.000,9999.000,9999.000,9999.000
202607260300,   0.263,9999.000,   0.600,   0.591,   1.454,   0.600,   1.454,   0.600,   1.454
202607260306,   0.257,9999.000,9999.000,9999.000,9999.000,9999.000,9999.000,9999.000,9999.000
202607260312,   0.251,9999.000,9999.000,9999.000,9999.000,9999.000,9999.000,9999.000,9999.000
202607260318,   0.246,9999.000,9999.000,9999.000,9999.000,9999.000,9999.000,9999.000,9999.000
202607260324,   0.240,9999.000,9999.000,9999.000,9999.000,9999.000,9999.000,9999.000,9999.000
202607260330,   0.234,9999.000,9999.000,9999.000,9999.000,9999.000,9999.000,9999.000,9999.000
202607260336,   0.228,9999.000,9999.000,9999.000,9999.000,9999.000,9999.000,9999.000,9999.000
202607260342,   0.222,9999.000,9999.000,9999.000,9999.000,9999.000,9999.000,9999.000,9999.000
202607260348,   0.217,9999.000,9999.000,9999.000,9999.000,9999.000,9999.000,9999.000,9999.000
202607260354,   0.211,9999.000,9999.000,9999.000,9999.000,9999.000,9999.000,9999.000,9999.000
202607260400,   0.205,9999.000,   0.600,   0.485,   1.290,   0.600,   1.290,   0.600,   1.290
202607260406,   0.199,9999.000,9999.000,9999.000,9999.000,9999.000,9999.000,9999.000,9999.000
202607260412,   0.193,9999.000,9999.000,9999.000,9999.000,9999.000,9999.000,9999.000,9999.000
202607260418,   0.187,9999.000,9999.000,9999.000,9999.000,9999.000,9999.000,9999.000,9999.000
202607260424,   0.181,9999.000,9999.000,9999.000,9999.000,9999.000,9999.000,9999.000,9999.000
202607260430,   0.175,9999.000,9999.000,9999.000,9999.000,9999.000,9999.000,9999.000,9999.000
202607260436,   0.169,9999.000,9999.000,9999.000,9999.000,9999.000,9999.000,9999.000,9999.000
202607260442,   0.163,9999.000,9999.000,9999.000,9999.000,9999.000,9999.000,9999.000,9999.000
202607260448,   0.158,9999.000,9999.000,9999.000,9999.000,9999.000,9999.000,9999.000,9999.000
202607260454,   0.152,9999.000,9999.000,9999.000,9999.000,9999.000,9999.000,9999.000,9999.000
202607260500,   0.146,9999.000,   0.600,   0.389,   1.135,   0.600,   1.135,   0.600,   1.135
202607260506,   0.140,9999.000,9999.000,9999.000,9999.000,9999.000,9999.000,9999.000,9999.000
202607260512,   0.134,9999.000,9999.000,9999.000,9999.000,9999.000,9999.000,9999.000,9999.000
202607260518,   0.129,9999.000,9999.000,9999.000,9999.000,9999.000,9999.000,9999.000,9999.000
202607260524,   0.123,9999.000,9999.000,9999.000,9999.000,9999.000,9999.000,9999.000,9999.000
202607260530,   0.118,9999.000,9999.000,9999.000,9999.000,9999.000,9999.000,9999.000,9999.000
202607260536,   0.112,9999.000,9999.000,9999.000,9999.000,9999.000,9999.000,9999.000,9999.000
202607260542,   0.107,9999.000,9999.000,9999.000,9999.000,9999.000,9999.000,9999.000,9999.000
202607260548,   0.102,9999.000,9999.000,9999.000,9999.000,9999.000,9999.000,9999.000,9999.000
202607260554,   0.097,9999.000,9999.000,9999.000,9999.000,9999.000,9999.000,9999.000,9999.000
202607260600,   0.092,9999.000,   0.600,   0.323,   1.015,   0.600,   1.015,   0.700,   1.115
202607260606,   0.088,9999.000,9999.000,9999.000,9999.000,9999.000,9999.000,9999.000,9999.000
202607260612,   0.084,9999.000,9999.000,9999.000,9999.000,9999.000,9999.000,9999.000,9999.000
202607260618,   0.080,9999.000,9999.000,9999.000,9999.000,9999.000,9999.000,9999.000,9999.000
202607260624,   0.076,9999.000,9999.000,9999.000,9999.000,9999.000,9999.000,9999.000,9999.000
202607260630,   0.073,9999.000,9999.000,9999.000,9999.000,9999.000,9999.000,9999.000,9999.000
202607260636,   0.069,9999.000,9999.000,9999.000,9999.000,9999.000,9999.000,9999.000,9999.000
202607260642,   0.067,9999.000,9999.000,9999.000,9999.000,9999.000,9999.000,9999.000,9999.000
202607260648,   0.064,9999.000,9999.000,9999.000,9999.000,9999.000,9999.000,9999.000,9999.000
202607260654,   0.062,9999.000,9999.000,9999.000,9999.000,9999.000,9999.000,9999.000,9999.000
202607260700,   0.061,9999.000,   0.600,   0.299,   0.960,   0.600,   0.960,   0.700,   1.060
202607260706,   0.059,9999.000,9999.000,9999.000,9999.000,9999.000,9999.000,9999.000,9999.000
202607260712,   0.058,9999.000,9999.000,9999.000,9999.000,9999.000,9999.000,9999.000,9999.000
202607260718,   0.058,9999.000,9999.000,9999.000,9999.000,9999.000,9999.000,9999.000,9999.000
202607260724,   0.058,9999.000,9999.000,9999.000,9999.000,9999.000,9999.000,9999.000,9999.000
202607260730,   0.059,9999.000,9999.000,9999.000,9999.000,9999.000,9999.000,9999.000,9999.000
202607260736,   0.059,9999.000,9999.000,9999.000,9999.000,9999.000,9999.000,9999.000,9999.000
202607260742,   0.061,9999.000,9999.000,9999.000,9999.000,9999.000,9999.000,9999.000,9999.000
202607260748,   0.063,9999.000,9999.000,9999.000,9999.000,9999.000,9999.000,9999.000,9999.000
202607260754,   0.065,9999.000,9999.000,9999.000,9999.000,9999.000,9999.000,9999.000,9999.000
202607260800,   0.067,9999.000,   0.600,   0.301,   0.968,   0.600,   0.968,   0.700,   1.068
202607260806,   0.070,9999.000,9999.000,9999.000,9999.000,9999.000,9999.000,9999.000,9999.000
202607260812,   0.074,9999.000,9999.000,9999.000,9999.000,9999.000,9999.000,9999.000,9999.000
202607260818,   0.077,9999.000,9999.000,9999.000,9999.000,9999.000,9999.000,9999.000,9999.000
202607260824,   0.081,9999.000,9999.000,9999.000,9999.000,9999.000,9999.000,9999.000,9999.000
202607260830,   0.086,9999.000,9999.000,9999.000,9999.000,9999.000,9999.000,9999.000,9999.000
202607260836,   0.090,9999.000,9999.000,9999.000,9999.000,9999.000,9999.000,9999.000,9999.000
202607260842,   0.095,9999.000,9999.000,9999.000,9999.000,9999.000,9999.000,9999.000,9999.000
202607260848,   0.100,9999.000,9999.000,9999.000,9999.000,9999.000,9999.000,9999.000,9999.000
202607260854,   0.106,9999.000,9999.000,9999.000,9999.000,9999.000,9999.000,9999.000,9999.000
202607260900,   0.111,9999.000,   0.600,   0.317,   1.028,   0.600,   1.028,   0.700,   1.128
202607260906,   0.117,9999.000,9999.000,9999.000,9999.000,9999.000,9999.000,9999.000,9999.000
202607260912,   0.122,9999.000,9999.000,9999.000,9999.000,9999.000,9999.000,9999.000,9999.000
202607260918,   0.128,9999.000,9999.000,9999.000,9999.000,9999.000,9999.000,9999.000,9999.000
202607260924,   0.134,9999.000,9999.000,9999.000,9999.000,9999.000,9999.000,9999.000,9999.000
202607260930,   0.139,9999.000,9999.000,9999.000,9999.000,9999.000,9999.000,9999.000,9999.000
202607260936,   0.145,9999.000,9999.000,9999.000,9999.000,9999.000,9999.000,9999.000,9999.000
202607260942,   0.151,9999.000,9999.000,9999.000,9999.000,9999.000,9999.000,9999.000,9999.000
202607260948,   0.157,9999.000,9999.000,9999.000,9999.000,9999.000,9999.000,9999.000,9999.000
202607260954,   0.163,9999.000,9999.000,9999.000,9999.000,9999.000,9999.000,9999.000,9999.000
202607261000,   0.168,9999.000,   0.700,   0.349,   1.217,   0.600,   1.117,   0.700,   1.217
202607261006,   0.174,9999.000,9999.000,9999.000,9999.000,9999.000,9999.000,9999.000,9999.000
202607261012,   0.179,9999.000,9999.000,9999.000,9999.000,9999.000,9999.000,9999.000,9999.000
202607261018,   0.185,9999.000,9999.000,9999.000,9999.000,9999.000,9999.000,9999.000,9999.000
202607261024,   0.190,9999.000,9999.000,9999.000,9999.000,9999.000,9999.000,9999.000,9999.000
202607261030,   0.196,9999.000,9999.000,9999.000,9999.000,9999.000,9999.000,9999.000,9999.000
202607261036,   0.201,9999.000,9999.000,9999.000,9999.000,9999.000,9999.000,9999.000,9999.000
202607261042,   0.206,9999.000,9999.000,9999.000,9999.000,9999.000,9999.000,9999.000,9999.000
202607261048,   0.211,9999.000,9999.000,9999.000,9999.000,9999.000,9999.000,9999.000,9999.000
202607261054,   0.216,9999.000,9999.000,9999.000,9999.000,9999.000,9999.000,9999.000,9999.000
202607261100,   0.221,9999.000,   0.700,   0.394,   1.315,   0.600,   1.215,   0.700,   1.315
202607261106,   0.226,9999.000,9999.000,9999.000,9999.000,9999.000,9999.000,9999.000,9999.000
202607261112,   0.230,9999.000,9999.000,9999.000,9999.000,9999.000,9999.000,9999.000,9999.000
202607261118,   0.235,9999.000,9999.000,9999.000,9999.000,9999.000,9999.000,9999.000,9999.000
202607261124,   0.239,9999.000,9999.000,9999.000,9999.000,9999.000,9999.000,9999.000,9999.000
202607261130,   0.244,9999.000,9999.000,9999.000,9999.000,9999.000,9999.000,9999.000,9999.000
202607261136,   0.248,9999.000,9999.000,9999.000,9999.000,9999.000,9999.000,9999.000,9999.000
202607261142,   0.252,9999.000,9999.000,9999.000,9999.000,9999.000,9999.000,9999.000,9999.000
202607261148,   0.255,9999.000,9999.000,9999.000,9999.000,9999.000,9999.000,9999.000,9999.000
202607261154,   0.259,9999.000,9999.000,9999.000,9999.000,9999.000,9999.000,9999.000,9999.000
202607261200,   0.262,9999.000,   0.700,   0.418,   1.380,   0.600,   1.280,   0.700,   1.380
202607261206,   0.265,9999.000,9999.000,9999.000,9999.000,9999.000,9999.000,9999.000,9999.000
202607261212,   0.268,9999.000,9999.000,9999.000,9999.000,9999.000,9999.000,9999.000,9999.000
202607261218,   0.270,9999.000,9999.000,9999.000,9999.000,9999.000,9999.000,9999.000,9999.000
202607261224,   0.272,9999.000,9999.000,9999.000,9999.000,9999.000,9999.000,9999.000,9999.000
202607261230,   0.274,9999.000,9999.000,9999.000,9999.000,9999.000,9999.000,9999.000,9999.000
202607261236,   0.276,9999.000,9999.000,9999.000,9999.000,9999.000,9999.000,9999.000,9999.000
202607261242,   0.277,9999.000,9999.000,9999.000,9999.000,9999.000,9999.000,9999.000,9999.000
202607261248,   0.278,9999.000,9999.000,9999.000,9999.000,9999.000,9999.000,9999.000,9999.000
202607261254,   0.278,9999.000,9999.000,9999.000,9999.000,9999.000,9999.000,9999.000,9999.000
202607261300,   0.279,9999.000,   0.700,   0.384,   1.363,   0.600,   1.263,   0.700,   1.363
202607261306,   0.279,9999.000,9999.000,9999.000,9999.000,9999.000,9999.000,9999.000,9999.000
202607261312,   0.278,9999.000,9999.000,9999.000,9999.000,9999.000,9999.000,9999.000,9999.000
202607261318,   0.277,9999.000,9999.000,9999.000,9999.000,9999.000,9999.000,9999.000,9999.000
202607261324,   0.276,9999.000,9999.000,9999.000,9999.000,9999.000,9999.000,9999.000,9999.000
202607261330,   0.275,9999.000,9999.000,9999.000,9999.000,9999.000,9999.000,9999.000,9999.000
202607261336,   0.273,9999.000,9999.000,9999.000,9999.000,9999.000,9999.000,9999.000,9999.000
202607261342,   0.271,9999.000,9999.000,9999.000,9999.000,9999.000,9999.000,9999.000,9999.000
202607261348,   0.269,9999.000,9999.000,9999.000,9999.000,9999.000,9999.000,9999.000,9999.000
202607261354,   0.266,9999.000,9999.000,9999.000,9999.000,9999.000,9999.000,9999.000,9999.000
202607261400,   0.263,9999.000,   0.700,   0.289,   1.252,   0.600,   1.152,   0.700,   1.252
202607261406,   0.260,9999.000,9999.000,9999.000,9999.000,9999.000,9999.000,9999.000,9999.000
202607261412,   0.257,9999.000,9999.000,9999.000,9999.000,9999.000,9999.000,9999.000,9999.000
202607261418,   0.253,9999.000,9999.000,9999.000,9999.000,9999.000,9999.000,9999.000,9999.000
202607261424,   0.250,9999.000,9999.000,9999.000,9999.000,9999.000,9999.000,9999.000,9999.000
202607261430,   0.246,9999.000,9999.000,9999.000,9999.000,9999.000,9999.000,9999.000,9999.000
202607261436,   0.242,9999.000,9999.000,9999.000,9999.000,9999.000,9999.000,9999.000,9999.000
202607261442,   0.238,9999.000,9999.000,9999.000,9999.000,9999.000,9999.000,9999.000,9999.000
202607261448,   0.234,9999.000,9999.000,9999.000,9999.000,9999.000,9999.000,9999.000,9999.000
202607261454,   0.229,9999.000,9999.000,9999.000,9999.000,9999.000,9999.000,9999.000,9999.000
202607261500,   0.225,9999.000,   0.700,   0.166,   1.091,   0.600,   0.991,   0.700,   1.091
202607261506,   0.221,9999.000,9999.000,9999.000,9999.000,9999.000,9999.000,9999.000,9999.000
202607261512,   0.216,9999.000,9999.000,9999.000,9999.000,9999.000,9999.000,9999.000,9999.000
202607261518,   0.212,9999.000,9999.000,9999.000,9999.000,9999.000,9999.000,9999.000,9999.000
202607261524,   0.207,9999.000,9999.000,9999.000,9999.000,9999.000,9999.000,9999.000,9999.000
202607261530,   0.202,9999.000,9999.000,9999.000,9999.000,9999.000,9999.000,9999.000,9999.000
202607261536,   0.198,9999.000,9999.000,9999.000,9999.000,9999.000,9999.000,9999.000,9999.000
202607261542,   0.193,9999.000,9999.000,9999.000,9999.000,9999.000,9999.000,9999.000,9999.000
202607261548,   0.188,9999.000,9999.000,9999.000,9999.000,9999.000,9999.000,9999.000,9999.000
202607261554,   0.184,9999.000,9999.000,9999.000,9999.000,9999.000,9999.000,9999.000,9999.000
202607261600,   0.179,9999.000,   0.700,   0.054,   0.933,   0.700,   0.933,   0.700,   0.933
202607261606,   0.174,9999.000,9999.000,9999.000,9999.000,9999.000,9999.000,9999.000,9999.000
202607261612,   0.170,9999.000,9999.000,9999.000,9999.000,9999.000,9999.000,9999.000,9999.000
202607261618,   0.165,9999.000,9999.000,9999.000,9999.000,9999.000,9999.000,9999.000,9999.000
202607261624,   0.161,9999.000,9999.000,9999.000,9999.000,9999.000,9999.000,9999.000,9999.000
202607261630,   0.156,9999.000,9999.000,9999.000,9999.000,9999.000,9999.000,9999.000,9999.000
202607261636,   0.151,9999.000,9999.000,9999.000,9999.000,9999.000,9999.000,9999.000,9999.000
202607261642,   0.147,9999.000,9999.000,9999.000,9999.000,9999.000,9999.000,9999.000,9999.000
202607261648,   0.142,9999.000,9999.000,9999.000,9999.000,9999.000,9999.000,9999.000,9999.000
202607261654,   0.138,9999.000,9999.000,9999.000,9999.000,9999.000,9999.000,9999.000,9999.000
202607261700,   0.134,9999.000,   0.700,  -0.015,   0.819,   0.700,   0.819,   0.800,   0.919
202607261706,   0.129,9999.000,9999.000,9999.000,9999.000,9999.000,9999.000,9999.000,9999.000
202607261712,   0.125,9999.000,9999.000,9999.000,9999.000,9999.000,9999.000,9999.000,9999.000
202607261718,   0.121,9999.000,9999.000,9999.000,9999.000,9999.000,9999.000,9999.000,9999.000
202607261724,   0.117,9999.000,9999.000,9999.000,9999.000,9999.000,9999.000,9999.000,9999.000
202607261730,   0.112,9999.000,9999.000,9999.000,9999.000,9999.000,9999.000,9999.000,9999.000
202607261736,   0.108,9999.000,9999.000,9999.000,9999.000,9999.000,9999.000,9999.000,9999.000
202607261742,   0.105,9999.000,9999.000,9999.000,9999.000,9999.000,9999.000,9999.000,9999.000
202607261748,   0.101,9999.000,9999.000,9999.000,9999.000,9999.000,9999.000,9999.000,9999.000
202607261754,   0.097,9999.000,9999.000,9999.000,9999.000,9999.000,9999.000,9999.000,9999.000
202607261800,   0.094,9999.000,   0.700,  -0.022,   0.772,   0.700,   0.772,   0.800,   0.872
202607261806,   0.090,9999.000,9999.000,9999.000,9999.000,9999.000,9999.000,9999.000,9999.000
202607261812,   0.087,9999.000,9999.000,9999.000,9999.000,9999.000,9999.000,9999.000,9999.000
202607261818,   0.084,9999.000,9999.000,9999.000,9999.000,9999.000,9999.000,9999.000,9999.000
202607261824,   0.081,9999.000,9999.000,9999.000,9999.000,9999.000,9999.000,9999.000,9999.000
202607261830,   0.079,9999.000,9999.000,9999.000,9999.000,9999.000,9999.000,9999.000,9999.000
202607261836,   0.076,9999.000,9999.000,9999.000,9999.000,9999.000,9999.000,9999.000,9999.000
202607261842,   0.074,9999.000,9999.000,9999.000,9999.000,9999.000,9999.000,9999.000,9999.000
202607261848,   0.073,9999.000,9999.000,9999.000,9999.000,9999.000,9999.000,9999.000,9999.000
202607261854,   0.071,9999.000,9999.000,9999.000,9999.000,9999.000,9999.000,9999.000,9999.000
202607261900,   0.070,9999.000,   0.700,   0.030,   0.800,   0.700,   0.800,   0.800,   0.900
202607261906,   0.069,9999.000,9999.000,9999.000,9999.000,9999.000,9999.000,9999.000,9999.000
202607261912,   0.069,9999.000,9999.000,9999.000,9999.000,9999.000,9999.000,9999.000,9999.000
202607261918,   0.069,9999.000,9999.000,9999.000,9999.000,9999.000,9999.000,9999.000,9999.000
202607261924,   0.070,9999.000,9999.000,9999.000,9999.000,9999.000,9999.000,9999.000,9999.000
202607261930,   0.070,9999.000,9999.000,9999.000,9999.000,9999.000,9999.000,9999.000,9999.000
202607261936,   0.072,9999.000,9999.000,9999.000,9999.000,9999.000,9999.000,9999.000,9999.000
202607261942,   0.074,9999.000,9999.000,9999.000,9999.000,9999.000,9999.000,9999.000,9999.000
202607261948,   0.076,9999.000,9999.000,9999.000,9999.000,9999.000,9999.000,9999.000,9999.000
202607261954,   0.079,9999.000,9999.000,9999.000,9999.000,9999.000,9999.000,9999.000,9999.000
202607262000,   0.082,9999.000,   0.800,   0.129,   1.011,   0.700,   0.911,   0.800,   1.011
202607262006,   0.085,9999.000,9999.000,9999.000,9999.000,9999.000,9999.000,9999.000,9999.000
202607262012,   0.089,9999.000,9999.000,9999.000,9999.000,9999.000,9999.000,9999.000,9999.000
202607262018,   0.094,9999.000,9999.000,9999.000,9999.000,9999.000,9999.000,9999.000,9999.000
202607262024,   0.098,9999.000,9999.000,9999.000,9999.000,9999.000,9999.000,9999.000,9999.000
202607262030,   0.104,9999.000,9999.000,9999.000,9999.000,9999.000,9999.000,9999.000,9999.000
202607262036,   0.109,9999.000,9999.000,9999.000,9999.000,9999.000,9999.000,9999.000,9999.000
202607262042,   0.115,9999.000,9999.000,9999.000,9999.000,9999.000,9999.000,9999.000,9999.000
202607262048,   0.121,9999.000,9999.000,9999.000,9999.000,9999.000,9999.000,9999.000,9999.000
202607262054,   0.127,9999.000,9999.000,9999.000,9999.000,9999.000,9999.000,9999.000,9999.000
202607262100,   0.134,9999.000,   0.800,   0.269,   1.203,   0.700,   1.103,   0.800,   1.203
202607262106,   0.141,9999.000,9999.000,9999.000,9999.000,9999.000,9999.000,9999.000,9999.000
202607262112,   0.148,9999.000,9999.000,9999.000,9999.000,9999.000,9999.000,9999.000,9999.000
202607262118,   0.155,9999.000,9999.000,9999.000,9999.000,9999.000,9999.000,9999.000,9999.000
202607262124,   0.162,9999.000,9999.000,9999.000,9999.000,9999.000,9999.000,9999.000,9999.000
202607262130,   0.169,9999.000,9999.000,9999.000,9999.000,9999.000,9999.000,9999.000,9999.000
202607262136,   0.177,9999.000,9999.000,9999.000,9999.000,9999.000,9999.000,9999.000,9999.000
202607262142,   0.184,9999.000,9999.000,9999.000,9999.000,9999.000,9999.000,9999.000,9999.000
202607262148,   0.191,9999.000,9999.000,9999.000,9999.000,9999.000,9999.000,9999.000,9999.000
202607262154,   0.198,9999.000,9999.000,9999.000,9999.000,9999.000,9999.000,9999.000,9999.000
202607262200,   0.206,9999.000,   0.800,   0.449,   1.455,   0.700,   1.355,   0.800,   1.455
202607262206,   0.213,9999.000,9999.000,9999.000,9999.000,9999.000,9999.000,9999.000,9999.000
202607262212,   0.220,9999.000,9999.000,9999.000,9999.000,9999.000,9999.000,9999.000,9999.000
202607262218,   0.227,9999.000,9999.000,9999.000,9999.000,9999.000,9999.000,9999.000,9999.000
202607262224,   0.234,9999.000,9999.000,9999.000,9999.000,9999.000,9999.000,9999.000,9999.000
202607262230,   0.241,9999.000,9999.000,9999.000,9999.000,9999.000,9999.000,9999.000,9999.000
202607262236,   0.247,9999.000,9999.000,9999.000,9999.000,9999.000,9999.000,9999.000,9999.000
202607262242,   0.254,9999.000,9999.000,9999.000,9999.000,9999.000,9999.000,9999.000,9999.000
202607262248,   0.260,9999.000,9999.000,9999.000,9999.000,9999.000,9999.000,9999.000,9999.000
202607262254,   0.267,9999.000,9999.000,9999.000,9999.000,9999.000,9999.000,9999.000,9999.000
202607262300,   0.273,9999.000,   0.800,   0.642,   1.715,   0.700,   1.615,   0.800,   1.715
202607262306,   0.279,9999.000,9999.000,9999.000,9999.000,9999.000,9999.000,9999.000,9999.000
202607262312,   0.285,9999.000,9999.000,9999.000,9999.000,9999.000,9999.000,9999.000,9999.000
202607262318,   0.291,9999.000,9999.000,9999.000,9999.000,9999.000,9999.000,9999.000,9999.000
202607262324,   0.296,9999.000,9999.000,9999.000,9999.000,9999.000,9999.000,9999.000,9999.000
202607262330,   0.302,9999.000,9999.000,9999.000,9999.000,9999.000,9999.000,9999.000,9999.000
202607262336,   0.307,9999.000,9999.000,9999.000,9999.000,9999.000,9999.000,9999.000,9999.000
202607262342,   0.312,9999.000,9999.000,9999.000,9999.000,9999.000,9999.000,9999.000,9999.000
202607262348,   0.317,9999.000,9999.000,9999.000,9999.000,9999.000,9999.000,9999.000,9999.000
202607262354,   0.322,9999.000,9999.000,9999.000,9999.000,9999.000,9999.000,9999.000,9999.000
202607270000,   0.327,9999.000,   0.800,   0.784,   1.911,   0.700,   1.811,   0.800,   1.911
202607270006,   0.331,9999.000,9999.000,9999.000,9999.000,9999.000,9999.000,9999.000,9999.000
202607270012,   0.335,9999.000,9999.000,9999.000,9999.000,9999.000,9999.000,9999.000,9999.000
202607270018,   0.339,9999.000,9999.000,9999.000,9999.000,9999.000,9999.000,9999.000,9999.000
202607270024,   0.342,9999.000,9999.000,9999.000,9999.000,9999.000,9999.000,9999.000,9999.000
202607270030,   0.346,9999.000,9999.000,9999.000,9999.000,9999.000,9999.000,9999.000,9999.000
202607270036,   0.349,9999.000,9999.000,9999.000,9999.000,9999.000,9999.000,9999.000,9999.000
202607270042,   0.351,9999.000,9999.000,9999.000,9999.000,9999.000,9999.000,9999.000,9999.000
202607270048,   0.353,9999.000,9999.000,9999.000,9999.000,9999.000,9999.000,9999.000,9999.000
202607270054,   0.355,9999.000,9999.000,9999.000,9999.000,9999.000,9999.000,9999.000,9999.000
202607270100,   0.357,9999.000,   0.800,   0.825,   1.982,   0.700,   1.882,   0.800,   1.982
202607270106,   0.358,9999.000,9999.000,9999.000,9999.000,9999.000,9999.000,9999.000,9999.000
202607270112,   0.359,9999.000,9999.000,9999.000,9999.000,9999.000,9999.000,9999.000,9999.000
202607270118,   0.359,9999.000,9999.000,9999.000,9999.000,9999.000,9999.000,9999.000,9999.000
202607270124,   0.359,9999.000,9999.000,9999.000,9999.000,9999.000,9999.000,9999.000,9999.000
202607270130,   0.358,9999.000,9999.000,9999.000,9999.000,9999.000,9999.000,9999.000,9999.000
202607270136,   0.358,9999.000,9999.000,9999.000,9999.000,9999.000,9999.000,9999.000,9999.000
202607270142,   0.356,9999.000,9999.000,9999.000,9999.000,9999.000,9999.000,9999.000,9999.000
202607270148,   0.355,9999.000,9999.000,9999.000,9999.000,9999.000,9999.000,9999.000,9999.000
202607270154,   0.353,9999.000,9999.000,9999.000,9999.000,9999.000,9999.000,9999.000,9999.000
202607270200,   0.350,9999.000,   0.800,   0.773,   1.923,   0.700,   1.823,   0.800,   1.923
202607270206,   0.348,9999.000,9999.000,9999.000,9999.000,9999.000,9999.000,9999.000,9999.000
202607270212,   0.345,9999.000,9999.000,9999.000,9999.000,9999.000,9999.000,9999.000,9999.000
202607270218,   0.341,9999.000,9999.000,9999.000,9999.000,9999.000,9999.000,9999.000,9999.000
202607270224,   0.338,9999.000,9999.000,9999.000,9999.000,9999.000,9999.000,9999.000,9999.000
202607270230,   0.334,9999.000,9999.000,9999.000,9999.000,9999.000,9999.000,9999.000,9999.000
202607270236,   0.329,9999.000,9999.000,9999.000,9999.000,9999.000,9999.000,9999.000,9999.000
202607270242,   0.325,9999.000,9999.000,9999.000,9999.000,9999.000,9999.000,9999.000,9999.000
202607270248,   0.320,9999.000,9999.000,9999.000,9999.000,9999.000,9999.000,9999.000,9999.000
202607270254,   0.315,9999.000,9999.000,9999.000,9999.000,9999.000,9999.000,9999.000,9999.000
202607270300,   0.310,9999.000,   0.800,   0.679,   1.789,   0.700,   1.689,   0.800,   1.789
202607270306,   0.305,9999.000,9999.000,9999.000,9999.000,9999.000,9999.000,9999.000,9999.000
202607270312,   0.299,9999.000,9999.000,9999.000,9999.000,9999.000,9999.000,9999.000,9999.000
202607270318,   0.294,9999.000,9999.000,9999.000,9999.000,9999.000,9999.000,9999.000,9999.000
202607270324,   0.288,9999.000,9999.000,9999.000,9999.000,9999.000,9999.000,9999.000,9999.000
202607270330,   0.282,9999.000,9999.000,9999.000,9999.000,9999.000,9999.000,9999.000,9999.000
202607270336,   0.276,9999.000,9999.000,9999.000,9999.000,9999.000,9999.000,9999.000,9999.000
202607270342,   0.270,9999.000,9999.000,9999.000,9999.000,9999.000,9999.000,9999.000,9999.000
202607270348,   0.264,9999.000,9999.000,9999.000,9999.000,9999.000,9999.000,9999.000,9999.000
202607270354,   0.258,9999.000,9999.000,9999.000,9999.000,9999.000,9999.000,9999.000,9999.000
202607270400,   0.251,9999.000,   0.800,   0.577,   1.628,   0.700,   1.528,   0.900,   1.728
202607270406,   0.245,9999.000,9999.000,9999.000,9999.000,9999.000,9999.000,9999.000,9999.000
202607270412,   0.239,9999.000,9999.000,9999.000,9999.000,9999.000,9999.000,9999.000,9999.000
202607270418,   0.232,9999.000,9999.000,9999.000,9999.000,9999.000,9999.000,9999.000,9999.000
202607270424,   0.226,9999.000,9999.000,9999.000,9999.000,9999.000,9999.000,9999.000,9999.000
202607270430,   0.219,9999.000,9999.000,9999.000,9999.000,9999.000,9999.000,9999.000,9999.000
202607270436,   0.213,9999.000,9999.000,9999.000,9999.000,9999.000,9999.000,9999.000,9999.000
202607270442,   0.206,9999.000,9999.000,9999.000,9999.000,9999.000,9999.000,9999.000,9999.000
202607270448,   0.200,9999.000,9999.000,9999.000,9999.000,9999.000,9999.000,9999.000,9999.000
202607270454,   0.194,9999.000,9999.000,9999.000,9999.000,9999.000,9999.000,9999.000,9999.000
202607270500,   0.187,9999.000,   0.800,   0.475,   1.462,   0.700,   1.362,   0.900,   1.562
202607270506,   0.181,9999.000,9999.000,9999.000,9999.000,9999.000,9999.000,9999.000,9999.000
202607270512,   0.174,9999.000,9999.000,9999.000,9999.000,9999.000,9999.000,9999.000,9999.000
202607270518,   0.168,9999.000,9999.000,9999.000,9999.000,9999.000,9999.000,9999.000,9999.000
202607270524,   0.161,9999.000,9999.000,9999.000,9999.000,9999.000,9999.000,9999.000,9999.000
202607270530,   0.155,9999.000,9999.000,9999.000,9999.000,9999.000,9999.000,9999.000,9999.000
202607270536,   0.149,9999.000,9999.000,9999.000,9999.000,9999.000,9999.000,9999.000,9999.000
202607270542,   0.142,9999.000,9999.000,9999.000,9999.000,9999.000,9999.000,9999.000,9999.000
202607270548,   0.136,9999.000,9999.000,9999.000,9999.000,9999.000,9999.000,9999.000,9999.000
202607270554,   0.130,9999.000,9999.000,9999.000,9999.000,9999.000,9999.000,9999.000,9999.000
202607270600,   0.124,9999.000,   0.800,   0.382,   1.306,   0.700,   1.206,   0.900,   1.406
202607270606,   0.118,9999.000,9999.000,9999.000,9999.000,9999.000,9999.000,9999.000,9999.000
202607270612,   0.112,9999.000,9999.000,9999.000,9999.000,9999.000,9999.000,9999.000,9999.000
202607270618,   0.106,9999.000,9999.000,9999.000,9999.000,9999.000,9999.000,9999.000,9999.000
202607270624,   0.101,9999.000,9999.000,9999.000,9999.000,9999.000,9999.000,9999.000,9999.000
202607270630,   0.095,9999.000,9999.000,9999.000,9999.000,9999.000,9999.000,9999.000,9999.000
202607270636,   0.090,9999.000,9999.000,9999.000,9999.000,9999.000,9999.000,9999.000,9999.000
202607270642,   0.085,9999.000,9999.000,9999.000,9999.000,9999.000,9999.000,9999.000,9999.000
202607270648,   0.080,9999.000,9999.000,9999.000,9999.000,9999.000,9999.000,9999.000,9999.000
202607270654,   0.075,9999.000,9999.000,9999.000,9999.000,9999.000,9999.000,9999.000,9999.000
202607270700,   0.071,9999.000,   0.800,   0.316,   1.187,   0.700,   1.087,   0.900,   1.287
202607270706,   0.067,9999.000,9999.000,9999.000,9999.000,9999.000,9999.000,9999.000,9999.000
202607270712,   0.063,9999.000,9999.000,9999.000,9999.000,9999.000,9999.000,9999.000,9999.000
202607270718,   0.060,9999.000,9999.000,9999.000,9999.000,9999.000,9999.000,9999.000,9999.000
202607270724,   0.057,9999.000,9999.000,9999.000,9999.000,9999.000,9999.000,9999.000,9999.000
202607270730,   0.054,9999.000,9999.000,9999.000,9999.000,9999.000,9999.000,9999.000,9999.000
202607270736,   0.052,9999.000,9999.000,9999.000,9999.000,9999.000,9999.000,9999.000,9999.000
202607270742,   0.050,9999.000,9999.000,9999.000,9999.000,9999.000,9999.000,9999.000,9999.000
202607270748,   0.048,9999.000,9999.000,9999.000,9999.000,9999.000,9999.000,9999.000,9999.000
202607270754,   0.047,9999.000,9999.000,9999.000,9999.000,9999.000,9999.000,9999.000,9999.000
202607270800,   0.047,9999.000,   0.800,   0.283,   1.130,   0.800,   1.130,   0.900,   1.230
202607270806,   0.046,9999.000,9999.000,9999.000,9999.000,9999.000,9999.000,9999.000,9999.000
202607270812,   0.047,9999.000,9999.000,9999.000,9999.000,9999.000,9999.000,9999.000,9999.000
202607270818,   0.047,9999.000,9999.000,9999.000,9999.000,9999.000,9999.000,9999.000,9999.000
202607270824,   0.048,9999.000,9999.000,9999.000,9999.000,9999.000,9999.000,9999.000,9999.000
202607270830,   0.050,9999.000,9999.000,9999.000,9999.000,9999.000,9999.000,9999.000,9999.000
202607270836,   0.052,9999.000,9999.000,9999.000,9999.000,9999.000,9999.000,9999.000,9999.000
202607270842,   0.055,9999.000,9999.000,9999.000,9999.000,9999.000,9999.000,9999.000,9999.000
202607270848,   0.057,9999.000,9999.000,9999.000,9999.000,9999.000,9999.000,9999.000,9999.000
202607270854,   0.061,9999.000,9999.000,9999.000,9999.000,9999.000,9999.000,9999.000,9999.000
202607270900,   0.064,9999.000,   0.800,   0.274,   1.138,   0.800,   1.138,   0.900,   1.238
202607270906,   0.068,9999.000,9999.000,9999.000,9999.000,9999.000,9999.000,9999.000,9999.000
202607270912,   0.073,9999.000,9999.000,9999.000,9999.000,9999.000,9999.000,9999.000,9999.000
202607270918,   0.078,9999.000,9999.000,9999.000,9999.000,9999.000,9999.000,9999.000,9999.000
202607270924,   0.083,9999.000,9999.000,9999.000,9999.000,9999.000,9999.000,9999.000,9999.000
202607270930,   0.088,9999.000,9999.000,9999.000,9999.000,9999.000,9999.000,9999.000,9999.000
202607270936,   0.093,9999.000,9999.000,9999.000,9999.000,9999.000,9999.000,9999.000,9999.000
202607270942,   0.099,9999.000,9999.000,9999.000,9999.000,9999.000,9999.000,9999.000,9999.000
202607270948,   0.105,9999.000,9999.000,9999.000,9999.000,9999.000,9999.000,9999.000,9999.000
202607270954,   0.111,9999.000,9999.000,9999.000,9999.000,9999.000,9999.000,9999.000,9999.000
202607271000,   0.117,9999.000,   0.800,   0.293,   1.210,   0.800,   1.210,   0.900,   1.310
202607271006,   0.123,9999.000,9999.000,9999.000,9999.000,9999.000,9999.000,9999.000,9999.000
202607271012,   0.129,9999.000,9999.000,9999.000,9999.000,9999.000,9999.000,9999.000,9999.000
202607271018,   0.136,9999.000,9999.000,9999.000,9999.000,9999.000,9999.000,9999.000,9999.000
202607271024,   0.142,9999.000,9999.000,9999.000,9999.000,9999.000,9999.000,9999.000,9999.000
202607271030,   0.148,9999.000,9999.000,9999.000,9999.000,9999.000,9999.000,9999.000,9999.000
202607271036,   0.155,9999.000,9999.000,9999.000,9999.000,9999.000,9999.000,9999.000,9999.000
202607271042,   0.161,9999.000,9999.000,9999.000,9999.000,9999.000,9999.000,9999.000,9999.000
202607271048,   0.167,9999.000,9999.000,9999.000,9999.000,9999.000,9999.000,9999.000,9999.000
202607271054,   0.173,9999.000,9999.000,9999.000,9999.000,9999.000,9999.000,9999.000,9999.000
202607271100,   0.179,9999.000,   0.800,   0.348,   1.327,   0.800,   1.327,   0.900,   1.427
202607271106,   0.186,9999.000,9999.000,9999.000,9999.000,9999.000,9999.000,9999.000,9999.000
202607271112,   0.192,9999.000,9999.000,9999.000,9999.000,9999.000,9999.000,9999.000,9999.000
202607271118,   0.197,9999.000,9999.000,9999.000,9999.000,9999.000,9999.000,9999.000,9999.000
202607271124,   0.203,9999.000,9999.000,9999.000,9999.000,9999.000,9999.000,9999.000,9999.000
202607271130,   0.209,9999.000,9999.000,9999.000,9999.000,9999.000,9999.000,9999.000,9999.000
202607271136,   0.215,9999.000,9999.000,9999.000,9999.000,9999.000,9999.000,9999.000,9999.000
202607271142,   0.220,9999.000,9999.000,9999.000,9999.000,9999.000,9999.000,9999.000,9999.000
202607271148,   0.226,9999.000,9999.000,9999.000,9999.000,9999.000,9999.000,9999.000,9999.000
202607271154,   0.231,9999.000,9999.000,9999.000,9999.000,9999.000,9999.000,9999.000,9999.000
202607271200,   0.237,9999.000,   0.800,   0.415,   1.452,   0.800,   1.452,   0.900,   1.552
202607271206,   0.242,9999.000,9999.000,9999.000,9999.000,9999.000,9999.000,9999.000,9999.000
202607271212,   0.247,9999.000,9999.000,9999.000,9999.000,9999.000,9999.000,9999.000,9999.000
202607271218,   0.251,9999.000,9999.000,9999.000,9999.000,9999.000,9999.000,9999.000,9999.000
202607271224,   0.256,9999.000,9999.000,9999.000,9999.000,9999.000,9999.000,9999.000,9999.000
202607271230,   0.260,9999.000,9999.000,9999.000,9999.000,9999.000,9999.000,9999.000,9999.000
202607271236,   0.264,9999.000,9999.000,9999.000,9999.000,9999.000,9999.000,9999.000,9999.000
202607271242,   0.268,9999.000,9999.000,9999.000,9999.000,9999.000,9999.000,9999.000,9999.000
202607271248,   0.272,9999.000,9999.000,9999.000,9999.000,9999.000,9999.000,9999.000,9999.000
202607271254,   0.275,9999.000,9999.000,9999.000,9999.000,9999.000,9999.000,9999.000,9999.000
202607271300,   0.278,9999.000,   0.800,   0.432,   1.510,   0.800,   1.510,   0.900,   1.610
202607271306,   0.281,9999.000,9999.000,9999.000,9999.000,9999.000,9999.000,9999.000,9999.000
202607271312,   0.284,9999.000,9999.000,9999.000,9999.000,9999.000,9999.000,9999.000,9999.000
202607271318,   0.286,9999.000,9999.000,9999.000,9999.000,9999.000,9999.000,9999.000,9999.000
202607271324,   0.287,9999.000,9999.000,9999.000,9999.000,9999.000,9999.000,9999.000,9999.000
202607271330,   0.289,9999.000,9999.000,9999.000,9999.000,9999.000,9999.000,9999.000,9999.000
202607271336,   0.290,9999.000,9999.000,9999.000,9999.000,9999.000,9999.000,9999.000,9999.000
202607271342,   0.290,9999.000,9999.000,9999.000,9999.000,9999.000,9999.000,9999.000,9999.000
202607271348,   0.291,9999.000,9999.000,9999.000,9999.000,9999.000,9999.000,9999.000,9999.000
202607271354,   0.290,9999.000,9999.000,9999.000,9999.000,9999.000,9999.000,9999.000,9999.000
202607271400,   0.290,9999.000,   0.800,   0.367,   1.457,   0.800,   1.457,   0.900,   1.557
202607271406,   0.289,9999.000,9999.000,9999.000,9999.000,9999.000,9999.000,9999.000,9999.000
202607271412,   0.288,9999.000,9999.000,9999.000,9999.000,9999.000,9999.000,9999.000,9999.000
202607271418,   0.286,9999.000,9999.000,9999.000,9999.000,9999.000,9999.000,9999.000,9999.000
202607271424,   0.284,9999.000,9999.000,9999.000,9999.000,9999.000,9999.000,9999.000,9999.000
202607271430,   0.282,9999.000,9999.000,9999.000,9999.000,9999.000,9999.000,9999.000,9999.000
202607271436,   0.279,9999.000,9999.000,9999.000,9999.000,9999.000,9999.000,9999.000,9999.000
202607271442,   0.277,9999.000,9999.000,9999.000,9999.000,9999.000,9999.000,9999.000,9999.000
202607271448,   0.274,9999.000,9999.000,9999.000,9999.000,9999.000,9999.000,9999.000,9999.000
202607271454,   0.270,9999.000,9999.000,9999.000,9999.000,9999.000,9999.000,9999.000,9999.000
202607271500,   0.266,9999.000,   0.800,   0.249,   1.315,   0.800,   1.315,   0.900,   1.415
202607271506,   0.263,9999.000,9999.000,9999.000,9999.000,9999.000,9999.000,9999.000,9999.000
202607271512,   0.259,9999.000,9999.000,9999.000,9999.000,9999.000,9999.000,9999.000,9999.000
202607271518,   0.254,9999.000,9999.000,9999.000,9999.000,9999.000,9999.000,9999.000,9999.000
202607271524,   0.250,9999.000,9999.000,9999.000,9999.000,9999.000,9999.000,9999.000,9999.000
202607271530,   0.245,9999.000,9999.000,9999.000,9999.000,9999.000,9999.000,9999.000,9999.000
202607271536,   0.241,9999.000,9999.000,9999.000,9999.000,9999.000,9999.000,9999.000,9999.000
202607271542,   0.236,9999.000,9999.000,9999.000,9999.000,9999.000,9999.000,9999.000,9999.000
202607271548,   0.231,9999.000,9999.000,9999.000,9999.000,9999.000,9999.000,9999.000,9999.000
202607271554,   0.226,9999.000,9999.000,9999.000,9999.000,9999.000,9999.000,9999.000,9999.000
202607271600,   0.221,9999.000,   0.800,   0.134,   1.155,   0.800,   1.155,   0.900,   1.255
202607271606,   0.216,9999.000,9999.000,9999.000,9999.000,9999.000,9999.000,9999.000,9999.000
202607271612,   0.211,9999.000,9999.000,9999.000,9999.000,9999.000,9999.000,9999.000,9999.000
202607271618,   0.206,9999.000,9999.000,9999.000,9999.000,9999.000,9999.000,9999.000,9999.000
202607271624,   0.201,9999.000,9999.000,9999.000,9999.000,9999.000,9999.000,9999.000,9999.000
202607271630,   0.195,9999.000,9999.000,9999.000,9999.000,9999.000,9999.000,9999.000,9999.000
202607271636,   0.190,9999.000,9999.000,9999.000,9999.000,9999.000,9999.000,9999.000,9999.000
202607271642,   0.185,9999.000,9999.000,9999.000,9999.000,9999.000,9999.000,9999.000,9999.000
202607271648,   0.180,9999.000,9999.000,9999.000,9999.000,9999.000,9999.000,9999.000,9999.000
202607271654,   0.175,9999.000,9999.000,9999.000,9999.000,9999.000,9999.000,9999.000,9999.000
202607271700,   0.170,9999.000,   0.800,   0.052,   1.022,   0.800,   1.022,   0.900,   1.122
202607271706,   0.164,9999.000,9999.000,9999.000,9999.000,9999.000,9999.000,9999.000,9999.000
202607271712,   0.159,9999.000,9999.000,9999.000,9999.000,9999.000,9999.000,9999.000,9999.000
202607271718,   0.154,9999.000,9999.000,9999.000,9999.000,9999.000,9999.000,9999.000,9999.000
202607271724,   0.149,9999.000,9999.000,9999.000,9999.000,9999.000,9999.000,9999.000,9999.000
202607271730,   0.144,9999.000,9999.000,9999.000,9999.000,9999.000,9999.000,9999.000,9999.000
202607271736,   0.140,9999.000,9999.000,9999.000,9999.000,9999.000,9999.000,9999.000,9999.000
202607271742,   0.135,9999.000,9999.000,9999.000,9999.000,9999.000,9999.000,9999.000,9999.000
202607271748,   0.130,9999.000,9999.000,9999.000,9999.000,9999.000,9999.000,9999.000,9999.000
202607271754,   0.125,9999.000,9999.000,9999.000,9999.000,9999.000,9999.000,9999.000,9999.000
202607271800,   0.121,9999.000,   0.800,   0.011,   0.932,   0.800,   0.932,   0.900,   1.032
202607271806,   0.116,9999.000,9999.000,9999.000,9999.000,9999.000,9999.000,9999.000,9999.000
202607271812,   0.112,9999.000,9999.000,9999.000,9999.000,9999.000,9999.000,9999.000,9999.000
202607271818,   0.107,9999.000,9999.000,9999.000,9999.000,9999.000,9999.000,9999.000,9999.000
202607271824,   0.103,9999.000,9999.000,9999.000,9999.000,9999.000,9999.000,9999.000,9999.000
202607271830,   0.099,9999.000,9999.000,9999.000,9999.000,9999.000,9999.000,9999.000,9999.000
202607271836,   0.095,9999.000,9999.000,9999.000,9999.000,9999.000,9999.000,9999.000,9999.000
202607271842,   0.091,9999.000,9999.000,9999.000,9999.000,9999.000,9999.000,9999.000,9999.000
202607271848,   0.087,9999.000,9999.000,9999.000,9999.000,9999.000,9999.000,9999.000,9999.000
202607271854,   0.084,9999.000,9999.000,9999.000,9999.000,9999.000,9999.000,9999.000,9999.000
202607271900,   0.080,9999.000,   0.900,   0.013,   0.993,   0.800,   0.893,   0.900,   0.993
202607271906,   0.077,9999.000,9999.000,9999.000,9999.000,9999.000,9999.000,9999.000,9999.000
202607271912,   0.074,9999.000,9999.000,9999.000,9999.000,9999.000,9999.000,9999.000,9999.000
202607271918,   0.072,9999.000,9999.000,9999.000,9999.000,9999.000,9999.000,9999.000,9999.000
202607271924,   0.070,9999.000,9999.000,9999.000,9999.000,9999.000,9999.000,9999.000,9999.000
202607271930,   0.068,9999.000,9999.000,9999.000,9999.000,9999.000,9999.000,9999.000,9999.000
202607271936,   0.066,9999.000,9999.000,9999.000,9999.000,9999.000,9999.000,9999.000,9999.000
202607271942,   0.065,9999.000,9999.000,9999.000,9999.000,9999.000,9999.000,9999.000,9999.000
202607271948,   0.064,9999.000,9999.000,9999.000,9999.000,9999.000,9999.000,9999.000,9999.000
202607271954,   0.063,9999.000,9999.000,9999.000,9999.000,9999.000,9999.000,9999.000,9999.000
202607272000,   0.063,9999.000,   0.900,   0.058,   1.021,   0.800,   0.921,   0.900,   1.021
202607272006,   0.063,9999.000,9999.000,9999.000,9999.000,9999.000,9999.000,9999.000,9999.000
202607272012,   0.064,9999.000,9999.000,9999.000,9999.000,9999.000,9999.000,9999.000,9999.000
202607272018,   0.065,9999.000,9999.000,9999.000,9999.000,9999.000,9999.000,9999.000,9999.000
202607272024,   0.066,9999.000,9999.000,9999.000,9999.000,9999.000,9999.000,9999.000,9999.000
202607272030,   0.068,9999.000,9999.000,9999.000,9999.000,9999.000,9999.000,9999.000,9999.000
202607272036,   0.071,9999.000,9999.000,9999.000,9999.000,9999.000,9999.000,9999.000,9999.000
202607272042,   0.074,9999.000,9999.000,9999.000,9999.000,9999.000,9999.000,9999.000,9999.000
202607272048,   0.077,9999.000,9999.000,9999.000,9999.000,9999.000,9999.000,9999.000,9999.000
202607272054,   0.081,9999.000,9999.000,9999.000,9999.000,9999.000,9999.000,9999.000,9999.000
202607272100,   0.085,9999.000,   0.900,   0.150,   1.135,   0.800,   1.035,   0.900,   1.135
202607272106,   0.090,9999.000,9999.000,9999.000,9999.000,9999.000,9999.000,9999.000,9999.000
202607272112,   0.095,9999.000,9999.000,9999.000,9999.000,9999.000,9999.000,9999.000,9999.000
202607272118,   0.100,9999.000,9999.000,9999.000,9999.000,9999.000,9999.000,9999.000,9999.000
202607272124,   0.106,9999.000,9999.000,9999.000,9999.000,9999.000,9999.000,9999.000,9999.000
202607272130,   0.112,9999.000,9999.000,9999.000,9999.000,9999.000,9999.000,9999.000,9999.000
202607272136,   0.118,9999.000,9999.000,9999.000,9999.000,9999.000,9999.000,9999.000,9999.000
202607272142,   0.125,9999.000,9999.000,9999.000,9999.000,9999.000,9999.000,9999.000,9999.000
202607272148,   0.132,9999.000,9999.000,9999.000,9999.000,9999.000,9999.000,9999.000,9999.000
202607272154,   0.139,9999.000,9999.000,9999.000,9999.000,9999.000,9999.000,9999.000,9999.000
202607272200,   0.147,9999.000,   0.900,   0.297,   1.344,   0.800,   1.244,   1.000,   1.444
202607272206,   0.154,9999.000,9999.000,9999.000,9999.000,9999.000,9999.000,9999.000,9999.000
202607272212,   0.162,9999.000,9999.000,9999.000,9999.000,9999.000,9999.000,9999.000,9999.000
202607272218,   0.170,9999.000,9999.000,9999.000,9999.000,9999.000,9999.000,9999.000,9999.000
202607272224,   0.177,9999.000,9999.000,9999.000,9999.000,9999.000,9999.000,9999.000,9999.000
202607272230,   0.185,9999.000,9999.000,9999.000,9999.000,9999.000,9999.000,9999.000,9999.000
202607272236,   0.193,9999.000,9999.000,9999.000,9999.000,9999.000,9999.000,9999.000,9999.000
202607272242,   0.201,9999.000,9999.000,9999.000,9999.000,9999.000,9999.000,9999.000,9999.000
202607272248,   0.208,9999.000,9999.000,9999.000,9999.000,9999.000,9999.000,9999.000,9999.000
202607272254,   0.216,9999.000,9999.000,9999.000,9999.000,9999.000,9999.000,9999.000,9999.000
202607272300,   0.224,9999.000,   0.900,   0.492,   1.616,   0.800,   1.516,   1.000,   1.716
202607272306,   0.231,9999.000,9999.000,9999.000,9999.000,9999.000,9999.000,9999.000,9999.000
202607272312,   0.239,9999.000,9999.000,9999.000,9999.000,9999.000,9999.000,9999.000,9999.000
202607272318,   0.246,9999.000,9999.000,9999.000,9999.000,9999.000,9999.000,9999.000,9999.000
202607272324,   0.253,9999.000,9999.000,9999.000,9999.000,9999.000,9999.000,9999.000,9999.000
202607272330,   0.260,9999.000,9999.000,9999.000,9999.000,9999.000,9999.000,9999.000,9999.000
202607272336,   0.267,9999.000,9999.000,9999.000,9999.000,9999.000,9999.000,9999.000,9999.000
202607272342,   0.274,9999.000,9999.000,9999.000,9999.000,9999.000,9999.000,9999.000,9999.000
202607272348,   0.281,9999.000,9999.000,9999.000,9999.000,9999.000,9999.000,9999.000,9999.000
202607272354,   0.287,9999.000,9999.000,9999.000,9999.000,9999.000,9999.000,9999.000,9999.000
202607280000,   0.294,9999.000,   0.900,   0.680,   1.874,   0.800,   1.774,   1.000,   1.974
202607280006,   0.300,9999.000,9999.000,9999.000,9999.000,9999.000,9999.000,9999.000,9999.000
202607280012,   0.306,9999.000,9999.000,9999.000,9999.000,9999.000,9999.000,9999.000,9999.000
202607280018,   0.312,9999.000,9999.000,9999.000,9999.000,9999.000,9999.000,9999.000,9999.000
202607280024,   0.317,9999.000,9999.000,9999.000,9999.000,9999.000,9999.000,9999.000,9999.000
202607280030,   0.323,9999.000,9999.000,9999.000,9999.000,9999.000,9999.000,9999.000,9999.000
202607280036,   0.328,9999.000,9999.000,9999.000,9999.000,9999.000,9999.000,9999.000,9999.000
202607280042,   0.333,9999.000,9999.000,9999.000,9999.000,9999.000,9999.000,9999.000,9999.000
202607280048,   0.338,9999.000,9999.000,9999.000,9999.000,9999.000,9999.000,9999.000,9999.000
202607280054,   0.342,9999.000,9999.000,9999.000,9999.000,9999.000,9999.000,9999.000,9999.000
202607280100,   0.346,9999.000,   0.900,   0.788,   2.034,   0.800,   1.934,   1.000,   2.134
202607280106,   0.350,9999.000,9999.000,9999.000,9999.000,9999.000,9999.000,9999.000,9999.000
202607280112,   0.354,9999.000,9999.000,9999.000,9999.000,9999.000,9999.000,9999.000,9999.000
202607280118,   0.357,9999.000,9999.000,9999.000,9999.000,9999.000,9999.000,9999.000,9999.000
202607280124,   0.360,9999.000,9999.000,9999.000,9999.000,9999.000,9999.000,9999.000,9999.000
202607280130,   0.362,9999.000,9999.000,9999.000,9999.000,9999.000,9999.000,9999.000,9999.000
202607280136,   0.364,9999.000,9999.000,9999.000,9999.000,9999.000,9999.000,9999.000,9999.000
202607280142,   0.366,9999.000,9999.000,9999.000,9999.000,9999.000,9999.000,9999.000,9999.000
202607280148,   0.367,9999.000,9999.000,9999.000,9999.000,9999.000,9999.000,9999.000,9999.000
202607280154,   0.368,9999.000,9999.000,9999.000,9999.000,9999.000,9999.000,9999.000,9999.000
202607280200,   0.369,9999.000,   0.900,   0.790,   2.059,   0.800,   1.959,   1.000,   2.159
202607280206,   0.369,9999.000,9999.000,9999.000,9999.000,9999.000,9999.000,9999.000,9999.000
202607280212,   0.368,9999.000,9999.000,9999.000,9999.000,9999.000,9999.000,9999.000,9999.000
202607280218,   0.367,9999.000,9999.000,9999.000,9999.000,9999.000,9999.000,9999.000,9999.000
202607280224,   0.366,9999.000,9999.000,9999.000,9999.000,9999.000,9999.000,9999.000,9999.000
202607280230,   0.365,9999.000,9999.000,9999.000,9999.000,9999.000,9999.000,9999.000,9999.000
202607280236,   0.363,9999.000,9999.000,9999.000,9999.000,9999.000,9999.000,9999.000,9999.000
202607280242,   0.360,9999.000,9999.000,9999.000,9999.000,9999.000,9999.000,9999.000,9999.000
202607280248,   0.357,9999.000,9999.000,9999.000,9999.000,9999.000,9999.000,9999.000,9999.000
202607280254,   0.354,9999.000,9999.000,9999.000,9999.000,9999.000,9999.000,9999.000,9999.000
202607280300,   0.350,9999.000,   0.900,   0.730,   1.980,   0.800,   1.880,   1.000,   2.080
202607280306,   0.347,9999.000,9999.000,9999.000,9999.000,9999.000,9999.000,9999.000,9999.000
202607280312,   0.342,9999.000,9999.000,9999.000,9999.000,9999.000,9999.000,9999.000,9999.000
202607280318,   0.338,9999.000,9999.000,9999.000,9999.000,9999.000,9999.000,9999.000,9999.000
202607280324,   0.333,9999.000,9999.000,9999.000,9999.000,9999.000,9999.000,9999.000,9999.000
202607280330,   0.328,9999.000,9999.000,9999.000,9999.000,9999.000,9999.000,9999.000,9999.000
202607280336,   0.323,9999.000,9999.000,9999.000,9999.000,9999.000,9999.000,9999.000,9999.000
202607280342,   0.317,9999.000,9999.000,9999.000,9999.000,9999.000,9999.000,9999.000,9999.000
202607280348,   0.311,9999.000,9999.000,9999.000,9999.000,9999.000,9999.000,9999.000,9999.000
202607280354,   0.305,9999.000,9999.000,9999.000,9999.000,9999.000,9999.000,9999.000,9999.000
202607280400,   0.299,9999.000,   0.900,   0.655,   1.854,   0.800,   1.754,   1.000,   1.954
202607280406,   0.293,9999.000,9999.000,9999.000,9999.000,9999.000,9999.000,9999.000,9999.000
202607280412,   0.287,9999.000,9999.000,9999.000,9999.000,9999.000,9999.000,9999.000,9999.000
202607280418,   0.280,9999.000,9999.000,9999.000,9999.000,9999.000,9999.000,9999.000,9999.000
202607280424,   0.274,9999.000,9999.000,9999.000,9999.000,9999.000,9999.000,9999.000,9999.000
202607280430,   0.267,9999.000,9999.000,9999.000,9999.000,9999.000,9999.000,9999.000,9999.000
202607280436,   0.260,9999.000,9999.000,9999.000,9999.000,9999.000,9999.000,9999.000,9999.000
202607280442,   0.253,9999.000,9999.000,9999.000,9999.000,9999.000,9999.000,9999.000,9999.000
202607280448,   0.246,9999.000,9999.000,9999.000,9999.000,9999.000,9999.000,9999.000,9999.000
202607280454,   0.239,9999.000,9999.000,9999.000,9999.000,9999.000,9999.000,9999.000,9999.000
202607280500,   0.232,9999.000,   0.900,   0.567,   1.699,   0.800,   1.599,   1.000,   1.799
202607280506,   0.226,9999.000,9999.000,9999.000,9999.000,9999.000,9999.000,9999.000,9999.000
202607280512,   0.219,9999.000,9999.000,9999.000,9999.000,9999.000,9999.000,9999.000,9999.000
202607280518,   0.212,9999.000,9999.000,9999.000,9999.000,9999.000,9999.000,9999.000,9999.000
202607280524,   0.205,9999.000,9999.000,9999.000,9999.000,9999.000,9999.000,9999.000,9999.000
202607280530,   0.198,9999.000,9999.000,9999.000,9999.000,9999.000,9999.000,9999.000,9999.000
202607280536,   0.191,9999.000,9999.000,9999.000,9999.000,9999.000,9999.000,9999.000,9999.000
202607280542,   0.184,9999.000,9999.000,9999.000,9999.000,9999.000,9999.000,9999.000,9999.000
202607280548,   0.177,9999.000,9999.000,9999.000,9999.000,9999.000,9999.000,9999.000,9999.000
202607280554,   0.170,9999.000,9999.000,9999.000,9999.000,9999.000,9999.000,9999.000,9999.000
202607280600,   0.163,9999.000,   0.900,   0.462,   1.525,   0.800,   1.425,   1.000,   1.625
202607280606,   0.156,9999.000,9999.000,9999.000,9999.000,9999.000,9999.000,9999.000,9999.000
202607280612,   0.150,9999.000,9999.000,9999.000,9999.000,9999.000,9999.000,9999.000,9999.000
202607280618,   0.143,9999.000,9999.000,9999.000,9999.000,9999.000,9999.000,9999.000,9999.000
202607280624,   0.136,9999.000,9999.000,9999.000,9999.000,9999.000,9999.000,9999.000,9999.000
202607280630,   0.130,9999.000,9999.000,9999.000,9999.000,9999.000,9999.000,9999.000,9999.000
202607280636,   0.123,9999.000,9999.000,9999.000,9999.000,9999.000,9999.000,9999.000,9999.000
202607280642,   0.117,9999.000,9999.000,9999.000,9999.000,9999.000,9999.000,9999.000,9999.000
202607280648,   0.111,9999.000,9999.000,9999.000,9999.000,9999.000,9999.000,9999.000,9999.000
202607280654,   0.104,9999.000,9999.000,9999.000,9999.000,9999.000,9999.000,9999.000,9999.000
202607280700,   0.098,9999.000,   0.900,   0.365,   1.363,   0.800,   1.263,   0.900,   1.363
202607280706,   0.093,9999.000,9999.000,9999.000,9999.000,9999.000,9999.000,9999.000,9999.000
202607280712,   0.087,9999.000,9999.000,9999.000,9999.000,9999.000,9999.000,9999.000,9999.000
202607280718,   0.081,9999.000,9999.000,9999.000,9999.000,9999.000,9999.000,9999.000,9999.000
202607280724,   0.076,9999.000,9999.000,9999.000,9999.000,9999.000,9999.000,9999.000,9999.000
202607280730,   0.071,9999.000,9999.000,9999.000,9999.000,9999.000,9999.000,9999.000,9999.000
202607280736,   0.066,9999.000,9999.000,9999.000,9999.000,9999.000,9999.000,9999.000,9999.000
202607280742,   0.062,9999.000,9999.000,9999.000,9999.000,9999.000,9999.000,9999.000,9999.000
202607280748,   0.057,9999.000,9999.000,9999.000,9999.000,9999.000,9999.000,9999.000,9999.000
202607280754,   0.053,9999.000,9999.000,9999.000,9999.000,9999.000,9999.000,9999.000,9999.000
202607280800,   0.050,9999.000,   0.800,   0.298,   1.148,   0.700,   1.048,   0.900,   1.248
202607280806,   0.047,9999.000,9999.000,9999.000,9999.000,9999.000,9999.000,9999.000,9999.000
202607280812,   0.044,9999.000,9999.000,9999.000,9999.000,9999.000,9999.000,9999.000,9999.000
202607280818,   0.041,9999.000,9999.000,9999.000,9999.000,9999.000,9999.000,9999.000,9999.000
202607280824,   0.039,9999.000,9999.000,9999.000,9999.000,9999.000,9999.000,9999.000,9999.000
202607280830,   0.037,9999.000,9999.000,9999.000,9999.000,9999.000,9999.000,9999.000,9999.000
202607280836,   0.036,9999.000,9999.000,9999.000,9999.000,9999.000,9999.000,9999.000,9999.000
202607280842,   0.035,9999.000,9999.000,9999.000,9999.000,9999.000,9999.000,9999.000,9999.000
202607280848,   0.035,9999.000,9999.000,9999.000,9999.000,9999.000,9999.000,9999.000,9999.000
202607280854,   0.035,9999.000,9999.000,9999.000,9999.000,9999.000,9999.000,9999.000,9999.000
202607280900,   0.035,9999.000,   0.800,   0.257,   1.092,   0.700,   0.992,   0.900,   1.192
202607280906,   0.036,9999.000,9999.000,9999.000,9999.000,9999.000,9999.000,9999.000,9999.000
202607280912,   0.038,9999.000,9999.000,9999.000,9999.000,9999.000,9999.000,9999.000,9999.000
202607280918,   0.040,9999.000,9999.000,9999.000,9999.000,9999.000,9999.000,9999.000,9999.000
202607280924,   0.042,9999.000,9999.000,9999.000,9999.000,9999.000,9999.000,9999.000,9999.000
202607280930,   0.045,9999.000,9999.000,9999.000,9999.000,9999.000,9999.000,9999.000,9999.000
202607280936,   0.049,9999.000,9999.000,9999.000,9999.000,9999.000,9999.000,9999.000,9999.000
202607280942,   0.052,9999.000,9999.000,9999.000,9999.000,9999.000,9999.000,9999.000,9999.000
202607280948,   0.057,9999.000,9999.000,9999.000,9999.000,9999.000,9999.000,9999.000,9999.000
202607280954,   0.061,9999.000,9999.000,9999.000,9999.000,9999.000,9999.000,9999.000,9999.000
202607281000,   0.066,9999.000,   0.800,   0.248,   1.114,   0.700,   1.014,   0.900,   1.214
202607281006,   0.071,9999.000,9999.000,9999.000,9999.000,9999.000,9999.000,9999.000,9999.000
202607281012,   0.077,9999.000,9999.000,9999.000,9999.000,9999.000,9999.000,9999.000,9999.000
202607281018,   0.083,9999.000,9999.000,9999.000,9999.000,9999.000,9999.000,9999.000,9999.000
202607281024,   0.089,9999.000,9999.000,9999.000,9999.000,9999.000,9999.000,9999.000,9999.000
202607281030,   0.095,9999.000,9999.000,9999.000,9999.000,9999.000,9999.000,9999.000,9999.000
202607281036,   0.102,9999.000,9999.000,9999.000,9999.000,9999.000,9999.000,9999.000,9999.000
202607281042,   0.109,9999.000,9999.000,9999.000,9999.000,9999.000,9999.000,9999.000,9999.000
202607281048,   0.116,9999.000,9999.000,9999.000,9999.000,9999.000,9999.000,9999.000,9999.000
202607281054,   0.123,9999.000,9999.000,9999.000,9999.000,9999.000,9999.000,9999.000,9999.000
202607281100,   0.130,9999.000,   0.800,   0.296,   1.226,   0.700,   1.126,   0.900,   1.326
202607281106,   0.137,9999.000,9999.000,9999.000,9999.000,9999.000,9999.000,9999.000,9999.000
202607281112,   0.144,9999.000,9999.000,9999.000,9999.000,9999.000,9999.000,9999.000,9999.000
202607281118,   0.151,9999.000,9999.000,9999.000,9999.000,9999.000,9999.000,9999.000,9999.000
202607281124,   0.158,9999.000,9999.000,9999.000,9999.000,9999.000,9999.000,9999.000,9999.000
202607281130,   0.165,9999.000,9999.000,9999.000,9999.000,9999.000,9999.000,9999.000,9999.000
202607281136,   0.172,9999.000,9999.000,9999.000,9999.000,9999.000,9999.000,9999.000,9999.000
202607281142,   0.179,9999.000,9999.000,9999.000,9999.000,9999.000,9999.000,9999.000,9999.000
202607281148,   0.186,9999.000,9999.000,9999.000,9999.000,9999.000,9999.000,9999.000,9999.000
202607281154,   0.193,9999.000,9999.000,9999.000,9999.000,9999.000,9999.000,9999.000,9999.000
202607281200,   0.200,9999.000,   0.800,   0.387,   1.387,   0.700,   1.287,   0.900,   1.487
202607281206,   0.206,9999.000,9999.000,9999.000,9999.000,9999.000,9999.000,9999.000,9999.000
202607281212,   0.213,9999.000,9999.000,9999.000,9999.000,9999.000,9999.000,9999.000,9999.000
202607281218,   0.219,9999.000,9999.000,9999.000,9999.000,9999.000,9999.000,9999.000,9999.000
202607281224,   0.225,9999.000,9999.000,9999.000,9999.000,9999.000,9999.000,9999.000,9999.000
202607281230,   0.231,9999.000,9999.000,9999.000,9999.000,9999.000,9999.000,9999.000,9999.000
202607281236,   0.237,9999.000,9999.000,9999.000,9999.000,9999.000,9999.000,9999.000,9999.000
202607281242,   0.243,9999.000,9999.000,9999.000,9999.000,9999.000,9999.000,9999.000,9999.000
202607281248,   0.249,9999.000,9999.000,9999.000,9999.000,9999.000,9999.000,9999.000,9999.000
202607281254,   0.254,9999.000,9999.000,9999.000,9999.000,9999.000,9999.000,9999.000,9999.000
202607281300,   0.259,9999.000,   0.800,   0.447,   1.506,   0.700,   1.406,   0.900,   1.606
202607281306,   0.264,9999.000,9999.000,9999.000,9999.000,9999.000,9999.000,9999.000,9999.000
202607281312,   0.269,9999.000,9999.000,9999.000,9999.000,9999.000,9999.000,9999.000,9999.000
202607281318,   0.274,9999.000,9999.000,9999.000,9999.000,9999.000,9999.000,9999.000,9999.000
202607281324,   0.278,9999.000,9999.000,9999.000,9999.000,9999.000,9999.000,9999.000,9999.000
202607281330,   0.282,9999.000,9999.000,9999.000,9999.000,9999.000,9999.000,9999.000,9999.000
202607281336,   0.286,9999.000,9999.000,9999.000,9999.000,9999.000,9999.000,9999.000,9999.000
202607281342,   0.289,9999.000,9999.000,9999.000,9999.000,9999.000,9999.000,9999.000,9999.000
202607281348,   0.292,9999.000,9999.000,9999.000,9999.000,9999.000,9999.000,9999.000,9999.000
202607281354,   0.294,9999.000,9999.000,9999.000,9999.000,9999.000,9999.000,9999.000,9999.000
202607281400,   0.297,9999.000,   0.800,   0.419,   1.516,   0.700,   1.416,   0.900,   1.616
202607281406,   0.299,9999.000,9999.000,9999.000,9999.000,9999.000,9999.000,9999.000,9999.000
202607281412,   0.300,9999.000,9999.000,9999.000,9999.000,9999.000,9999.000,9999.000,9999.000
202607281418,   0.301,9999.000,9999.000,9999.000,9999.000,9999.000,9999.000,9999.000,9999.000
202607281424,   0.302,9999.000,9999.000,9999.000,9999.000,9999.000,9999.000,9999.000,9999.000
202607281430,   0.302,9999.000,9999.000,9999.000,9999.000,9999.000,9999.000,9999.000,9999.000
202607281436,   0.302,9999.000,9999.000,9999.000,9999.000,9999.000,9999.000,9999.000,9999.000
202607281442,   0.302,9999.000,9999.000,9999.000,9999.000,9999.000,9999.000,9999.000,9999.000
202607281448,   0.301,9999.000,9999.000,9999.000,9999.000,9999.000,9999.000,9999.000,9999.000
202607281454,   0.299,9999.000,9999.000,9999.000,9999.000,9999.000,9999.000,9999.000,9999.000
202607281500,   0.298,9999.000,   0.800,   0.326,   1.424,   0.700,   1.324,   0.900,   1.524
202607281506,   0.296,9999.000,9999.000,9999.000,9999.000,9999.000,9999.000,9999.000,9999.000
202607281512,   0.293,9999.000,9999.000,9999.000,9999.000,9999.000,9999.000,9999.000,9999.000
202607281518,   0.291,9999.000,9999.000,9999.000,9999.000,9999.000,9999.000,9999.000,9999.000
202607281524,   0.288,9999.000,9999.000,9999.000,9999.000,9999.000,9999.000,9999.000,9999.000
202607281530,   0.284,9999.000,9999.000,9999.000,9999.000,9999.000,9999.000,9999.000,9999.000
202607281536,   0.281,9999.000,9999.000,9999.000,9999.000,9999.000,9999.000,9999.000,9999.000
202607281542,   0.277,9999.000,9999.000,9999.000,9999.000,9999.000,9999.000,9999.000,9999.000
202607281548,   0.273,9999.000,9999.000,9999.000,9999.000,9999.000,9999.000,9999.000,9999.000
202607281554,   0.269,9999.000,9999.000,9999.000,9999.000,9999.000,9999.000,9999.000,9999.000
202607281600,   0.264,9999.000,   0.800,   0.229,   1.293,   0.700,   1.193,   0.900,   1.393
202607281606,   0.259,9999.000,9999.000,9999.000,9999.000,9999.000,9999.000,9999.000,9999.000
202607281612,   0.254,9999.000,9999.000,9999.000,9999.000,9999.000,9999.000,9999.000,9999.000
202607281618,   0.249,9999.000,9999.000,9999.000,9999.000,9999.000,9999.000,9999.000,9999.000
202607281624,   0.244,9999.000,9999.000,9999.000,9999.000,9999.000,9999.000,9999.000,9999.000
202607281630,   0.239,9999.000,9999.000,9999.000,9999.000,9999.000,9999.000,9999.000,9999.000
202607281636,   0.233,9999.000,9999.000,9999.000,9999.000,9999.000,9999.000,9999.000,9999.000
202607281642,   0.228,9999.000,9999.000,9999.000,9999.000,9999.000,9999.000,9999.000,9999.000
202607281648,   0.222,9999.000,9999.000,9999.000,9999.000,9999.000,9999.000,9999.000,9999.000
202607281654,   0.217,9999.000,9999.000,9999.000,9999.000,9999.000,9999.000,9999.000,9999.000
202607281700,   0.211,9999.000,   0.900,   0.153,   1.264,   0.700,   1.064,   1.000,   1.364
202607281706,   0.206,9999.000,9999.000,9999.000,9999.000,9999.000,9999.000,9999.000,9999.000
202607281712,   0.200,9999.000,9999.000,9999.000,9999.000,9999.000,9999.000,9999.000,9999.000
202607281718,   0.194,9999.000,9999.000,9999.000,9999.000,9999.000,9999.000,9999.000,9999.000
202607281724,   0.189,9999.000,9999.000,9999.000,9999.000,9999.000,9999.000,9999.000,9999.000
202607281730,   0.183,9999.000,9999.000,9999.000,9999.000,9999.000,9999.000,9999.000,9999.000
202607281736,   0.177,9999.000,9999.000,9999.000,9999.000,9999.000,9999.000,9999.000,9999.000
202607281742,   0.172,9999.000,9999.000,9999.000,9999.000,9999.000,9999.000,9999.000,9999.000
202607281748,   0.166,9999.000,9999.000,9999.000,9999.000,9999.000,9999.000,9999.000,9999.000
202607281754,   0.161,9999.000,9999.000,9999.000,9999.000,9999.000,9999.000,9999.000,9999.000
202607281800,   0.155,9999.000,   0.900,   0.090,   1.145,   0.700,   0.945,   1.000,   1.245
202607281806,   0.150,9999.000,9999.000,9999.000,9999.000,9999.000,9999.000,9999.000,9999.000
202607281812,   0.145,9999.000,9999.000,9999.000,9999.000,9999.000,9999.000,9999.000,9999.000
202607281818,   0.139,9999.000,9999.000,9999.000,9999.000,9999.000,9999.000,9999.000,9999.000
202607281824,   0.134,9999.000,9999.000,9999.000,9999.000,9999.000,9999.000,9999.000,9999.000
202607281830,   0.129,9999.000,9999.000,9999.000,9999.000,9999.000,9999.000,9999.000,9999.000
202607281836,   0.124,9999.000,9999.000,9999.000,9999.000,9999.000,9999.000,9999.000,9999.000
202607281842,   0.119,9999.000,9999.000,9999.000,9999.000,9999.000,9999.000,9999.000,9999.000
202607281848,   0.114,9999.000,9999.000,9999.000,9999.000,9999.000,9999.000,9999.000,9999.000
202607281854,   0.110,9999.000,9999.000,9999.000,9999.000,9999.000,9999.000,9999.000,9999.000
202607281900,   0.105,9999.000,   0.900,   0.046,   1.051,   0.700,   0.851,   1.000,   1.151
202607281906,   0.100,9999.000,9999.000,9999.000,9999.000,9999.000,9999.000,9999.000,9999.000
202607281912,   0.096,9999.000,9999.000,9999.000,9999.000,9999.000,9999.000,9999.000,9999.000
202607281918,   0.092,9999.000,9999.000,9999.000,9999.000,9999.000,9999.000,9999.000,9999.000
202607281924,   0.088,9999.000,9999.000,9999.000,9999.000,9999.000,9999.000,9999.000,9999.000
202607281930,   0.084,9999.000,9999.000,9999.000,9999.000,9999.000,9999.000,9999.000,9999.000
202607281936,   0.080,9999.000,9999.000,9999.000,9999.000,9999.000,9999.000,9999.000,9999.000
202607281942,   0.077,9999.000,9999.000,9999.000,9999.000,9999.000,9999.000,9999.000,9999.000
202607281948,   0.073,9999.000,9999.000,9999.000,9999.000,9999.000,9999.000,9999.000,9999.000
202607281954,   0.070,9999.000,9999.000,9999.000,9999.000,9999.000,9999.000,9999.000,9999.000
202607282000,   0.068,9999.000,   0.900,   0.036,   1.004,   0.700,   0.804,   1.000,   1.104
202607282006,   0.065,9999.000,9999.000,9999.000,9999.000,9999.000,9999.000,9999.000,9999.000
202607282012,   0.063,9999.000,9999.000,9999.000,9999.000,9999.000,9999.000,9999.000,9999.000
202607282018,   0.061,9999.000,9999.000,9999.000,9999.000,9999.000,9999.000,9999.000,9999.000
202607282024,   0.059,9999.000,9999.000,9999.000,9999.000,9999.000,9999.000,9999.000,9999.000
202607282030,   0.058,9999.000,9999.000,9999.000,9999.000,9999.000,9999.000,9999.000,9999.000
202607282036,   0.057,9999.000,9999.000,9999.000,9999.000,9999.000,9999.000,9999.000,9999.000
202607282042,   0.057,9999.000,9999.000,9999.000,9999.000,9999.000,9999.000,9999.000,9999.000
202607282048,   0.057,9999.000,9999.000,9999.000,9999.000,9999.000,9999.000,9999.000,9999.000
202607282054,   0.057,9999.000,9999.000,9999.000,9999.000,9999.000,9999.000,9999.000,9999.000
202607282100,   0.058,9999.000,   0.900,   0.071,   1.029,   0.700,   0.829,   1.000,   1.129
202607282106,   0.059,9999.000,9999.000,9999.000,9999.000,9999.000,9999.000,9999.000,9999.000
202607282112,   0.061,9999.000,9999.000,9999.000,9999.000,9999.000,9999.000,9999.000,9999.000
202607282118,   0.063,9999.000,9999.000,9999.000,9999.000,9999.000,9999.000,9999.000,9999.000
202607282124,   0.066,9999.000,9999.000,9999.000,9999.000,9999.000,9999.000,9999.000,9999.000
202607282130,   0.069,9999.000,9999.000,9999.000,9999.000,9999.000,9999.000,9999.000,9999.000
202607282136,   0.073,9999.000,9999.000,9999.000,9999.000,9999.000,9999.000,9999.000,9999.000
202607282142,   0.077,9999.000,9999.000,9999.000,9999.000,9999.000,9999.000,9999.000,9999.000
202607282148,   0.082,9999.000,9999.000,9999.000,9999.000,9999.000,9999.000,9999.000,9999.000
202607282154,   0.087,9999.000,9999.000,9999.000,9999.000,9999.000,9999.000,9999.000,9999.000
202607282200,   0.092,9999.000,   0.900,   0.164,   1.156,   0.700,   0.956,   1.000,   1.256
202607282206,   0.098,9999.000,9999.000,9999.000,9999.000,9999.000,9999.000,9999.000,9999.000
202607282212,   0.104,9999.000,9999.000,9999.000,9999.000,9999.000,9999.000,9999.000,9999.000
202607282218,   0.111,9999.000,9999.000,9999.000,9999.000,9999.000,9999.000,9999.000,9999.000
202607282224,   0.118,9999.000,9999.000,9999.000,9999.000,9999.000,9999.000,9999.000,9999.000
202607282230,   0.125,9999.000,9999.000,9999.000,9999.000,9999.000,9999.000,9999.000,9999.000
202607282236,   0.133,9999.000,9999.000,9999.000,9999.000,9999.000,9999.000,9999.000,9999.000
202607282242,   0.140,9999.000,9999.000,9999.000,9999.000,9999.000,9999.000,9999.000,9999.000
202607282248,   0.148,9999.000,9999.000,9999.000,9999.000,9999.000,9999.000,9999.000,9999.000
202607282254,   0.157,9999.000,9999.000,9999.000,9999.000,9999.000,9999.000,9999.000,9999.000
202607282300,   0.165,9999.000,   0.900,   0.331,   1.396,   0.700,   1.196,   1.000,   1.496
202607282306,   0.173,9999.000,9999.000,9999.000,9999.000,9999.000,9999.000,9999.000,9999.000
202607282312,   0.182,9999.000,9999.000,9999.000,9999.000,9999.000,9999.000,9999.000,9999.000
202607282318,   0.190,9999.000,9999.000,9999.000,9999.000,9999.000,9999.000,9999.000,9999.000
202607282324,   0.199,9999.000,9999.000,9999.000,9999.000,9999.000,9999.000,9999.000,9999.000
202607282330,   0.207,9999.000,9999.000,9999.000,9999.000,9999.000,9999.000,9999.000,9999.000
202607282336,   0.216,9999.000,9999.000,9999.000,9999.000,9999.000,9999.000,9999.000,9999.000
202607282342,   0.224,9999.000,9999.000,9999.000,9999.000,9999.000,9999.000,9999.000,9999.000
202607282348,   0.232,9999.000,9999.000,9999.000,9999.000,9999.000,9999.000,9999.000,9999.000
202607282354,   0.240,9999.000,9999.000,9999.000,9999.000,9999.000,9999.000,9999.000,9999.000
202607290000,   0.248,9999.000,   0.900,   0.535,   1.683,   0.700,   1.483,   1.000,   1.783
202607290006,   0.256,9999.000,9999.000,9999.000,9999.000,9999.000,9999.000,9999.000,9999.000
202607290012,   0.264,9999.000,9999.000,9999.000,9999.000,9999.000,9999.000,9999.000,9999.000
202607290018,   0.272,9999.000,9999.000,9999.000,9999.000,9999.000,9999.000,9999.000,9999.000
202607290024,   0.279,9999.000,9999.000,9999.000,9999.000,9999.000,9999.000,9999.000,9999.000
202607290030,   0.286,9999.000,9999.000,9999.000,9999.000,9999.000,9999.000,9999.000,9999.000
202607290036,   0.293,9999.000,9999.000,9999.000,9999.000,9999.000,9999.000,9999.000,9999.000
202607290042,   0.300,9999.000,9999.000,9999.000,9999.000,9999.000,9999.000,9999.000,9999.000
202607290048,   0.307,9999.000,9999.000,9999.000,9999.000,9999.000,9999.000,9999.000,9999.000
202607290054,   0.313,9999.000,9999.000,9999.000,9999.000,9999.000,9999.000,9999.000,9999.000
202607290100,   0.319,9999.000,   0.900,   0.691,   1.910,   0.700,   1.710,   1.000,   2.010
202607290106,   0.325,9999.000,9999.000,9999.000,9999.000,9999.000,9999.000,9999.000,9999.000
202607290112,   0.331,9999.000,9999.000,9999.000,9999.000,9999.000,9999.000,9999.000,9999.000
202607290118,   0.336,9999.000,9999.000,9999.000,9999.000,9999.000,9999.000,9999.000,9999.000
202607290124,   0.341,9999.000,9999.000,9999.000,9999.000,9999.000,9999.000,9999.000,9999.000
202607290130,   0.346,9999.000,9999.000,9999.000,9999.000,9999.000,9999.000,9999.000,9999.000
202607290136,   0.351,9999.000,9999.000,9999.000,9999.000,9999.000,9999.000,9999.000,9999.000
202607290142,   0.355,9999.000,9999.000,9999.000,9999.000,9999.000,9999.000,9999.000,9999.000
202607290148,   0.358,9999.000,9999.000,9999.000,9999.000,9999.000,9999.000,9999.000,9999.000
202607290154,   0.362,9999.000,9999.000,9999.000,9999.000,9999.000,9999.000,9999.000,9999.000
202607290200,   0.365,9999.000,   0.900,   0.748,   2.013,   0.700,   1.813,   1.000,   2.113
202607290206,   0.368,9999.000,9999.000,9999.000,9999.000,9999.000,9999.000,9999.000,9999.000
202607290212,   0.370,9999.000,9999.000,9999.000,9999.000,9999.000,9999.000,9999.000,9999.000
202607290218,   0.372,9999.000,9999.000,9999.000,9999.000,9999.000,9999.000,9999.000,9999.000
202607290224,   0.374,9999.000,9999.000,9999.000,9999.000,9999.000,9999.000,9999.000,9999.000
202607290230,   0.375,9999.000,9999.000,9999.000,9999.000,9999.000,9999.000,9999.000,9999.000
202607290236,   0.376,9999.000,9999.000,9999.000,9999.000,9999.000,9999.000,9999.000,9999.000
202607290242,   0.376,9999.000,9999.000,9999.000,9999.000,9999.000,9999.000,9999.000,9999.000
202607290248,   0.376,9999.000,9999.000,9999.000,9999.000,9999.000,9999.000,9999.000,9999.000
202607290254,   0.375,9999.000,9999.000,9999.000,9999.000,9999.000,9999.000,9999.000,9999.000
202607290300,   0.374,9999.000,   0.900,   0.736,   2.010,   0.700,   1.810,   1.000,   2.110
202607290306,   0.373,9999.000,9999.000,9999.000,9999.000,9999.000,9999.000,9999.000,9999.000
202607290312,   0.371,9999.000,9999.000,9999.000,9999.000,9999.000,9999.000,9999.000,9999.000
202607290318,   0.368,9999.000,9999.000,9999.000,9999.000,9999.000,9999.000,9999.000,9999.000
202607290324,   0.366,9999.000,9999.000,9999.000,9999.000,9999.000,9999.000,9999.000,9999.000
202607290330,   0.363,9999.000,9999.000,9999.000,9999.000,9999.000,9999.000,9999.000,9999.000
202607290336,   0.359,9999.000,9999.000,9999.000,9999.000,9999.000,9999.000,9999.000,9999.000
202607290342,   0.355,9999.000,9999.000,9999.000,9999.000,9999.000,9999.000,9999.000,9999.000
202607290348,   0.351,9999.000,9999.000,9999.000,9999.000,9999.000,9999.000,9999.000,9999.000
202607290354,   0.347,9999.000,9999.000,9999.000,9999.000,9999.000,9999.000,9999.000,9999.000
202607290400,   0.342,9999.000,   0.900,   0.704,   1.946,   0.700,   1.746,   1.000,   2.046
202607290406,   0.337,9999.000,9999.000,9999.000,9999.000,9999.000,9999.000,9999.000,9999.000
202607290412,   0.331,9999.000,9999.000,9999.000,9999.000,9999.000,9999.000,9999.000,9999.000
202607290418,   0.326,9999.000,9999.000,9999.000,9999.000,9999.000,9999.000,9999.000,9999.000
202607290424,   0.320,9999.000,9999.000,9999.000,9999.000,9999.000,9999.000,9999.000,9999.000
202607290430,   0.313,9999.000,9999.000,9999.000,9999.000,9999.000,9999.000,9999.000,9999.000
202607290436,   0.307,9999.000,9999.000,9999.000,9999.000,9999.000,9999.000,9999.000,9999.000
202607290442,   0.301,9999.000,9999.000,9999.000,9999.000,9999.000,9999.000,9999.000,9999.000
202607290448,   0.294,9999.000,9999.000,9999.000,9999.000,9999.000,9999.000,9999.000,9999.000
202607290454,   0.287,9999.000,9999.000,9999.000,9999.000,9999.000,9999.000,9999.000,9999.000
202607290500,   0.280,9999.000,   0.900,   0.647,   1.827,   0.700,   1.627,   1.000,   1.927
202607290506,   0.273,9999.000,9999.000,9999.000,9999.000,9999.000,9999.000,9999.000,9999.000
202607290512,   0.266,9999.000,9999.000,9999.000,9999.000,9999.000,9999.000,9999.000,9999.000
202607290518,   0.259,9999.000,9999.000,9999.000,9999.000,9999.000,9999.000,9999.000,9999.000
202607290524,   0.251,9999.000,9999.000,9999.000,9999.000,9999.000,9999.000,9999.000,9999.000
202607290530,   0.244,9999.000,9999.000,9999.000,9999.000,9999.000,9999.000,9999.000,9999.000
202607290536,   0.236,9999.000,9999.000,9999.000,9999.000,9999.000,9999.000,9999.000,9999.000
202607290542,   0.229,9999.000,9999.000,9999.000,9999.000,9999.000,9999.000,9999.000,9999.000
202607290548,   0.222,9999.000,9999.000,9999.000,9999.000,9999.000,9999.000,9999.000,9999.000
202607290554,   0.214,9999.000,9999.000,9999.000,9999.000,9999.000,9999.000,9999.000,9999.000
202607290600,   0.207,9999.000,   0.900,   0.549,   1.656,   0.700,   1.456,   1.000,   1.756
202607290606,   0.199,9999.000,9999.000,9999.000,9999.000,9999.000,9999.000,9999.000,9999.000
202607290612,   0.192,9999.000,9999.000,9999.000,9999.000,9999.000,9999.000,9999.000,9999.000
202607290618,   0.185,9999.000,9999.000,9999.000,9999.000,9999.000,9999.000,9999.000,9999.000
202607290624,   0.177,9999.000,9999.000,9999.000,9999.000,9999.000,9999.000,9999.000,9999.000
202607290630,   0.170,9999.000,9999.000,9999.000,9999.000,9999.000,9999.000,9999.000,9999.000
202607290636,   0.163,9999.000,9999.000,9999.000,9999.000,9999.000,9999.000,9999.000,9999.000
202607290642,   0.156,9999.000,9999.000,9999.000,9999.000,9999.000,9999.000,9999.000,9999.000
202607290648,   0.149,9999.000,9999.000,9999.000,9999.000,9999.000,9999.000,9999.000,9999.000
202607290654,   0.142,9999.000,9999.000,9999.000,9999.000,9999.000,9999.000,9999.000,9999.000
202607290700,   0.135,9999.000,   0.900,   0.436,   1.471,   0.700,   1.271,   1.000,   1.571
202607290706,   0.128,9999.000,9999.000,9999.000,9999.000,9999.000,9999.000,9999.000,9999.000
202607290712,   0.121,9999.000,9999.000,9999.000,9999.000,9999.000,9999.000,9999.000,9999.000
202607290718,   0.115,9999.000,9999.000,9999.000,9999.000,9999.000,9999.000,9999.000,9999.000
202607290724,   0.108,9999.000,9999.000,9999.000,9999.000,9999.000,9999.000,9999.000,9999.000
202607290730,   0.102,9999.000,9999.000,9999.000,9999.000,9999.000,9999.000,9999.000,9999.000
202607290736,   0.096,9999.000,9999.000,9999.000,9999.000,9999.000,9999.000,9999.000,9999.000
202607290742,   0.089,9999.000,9999.000,9999.000,9999.000,9999.000,9999.000,9999.000,9999.000
202607290748,   0.084,9999.000,9999.000,9999.000,9999.000,9999.000,9999.000,9999.000,9999.000
202607290754,   0.078,9999.000,9999.000,9999.000,9999.000,9999.000,9999.000,9999.000,9999.000
202607290800,   0.072,9999.000,   0.900,   0.341,   1.313,   0.700,   1.113,   1.000,   1.413
202607290806,   0.067,9999.000,9999.000,9999.000,9999.000,9999.000,9999.000,9999.000,9999.000
202607290812,   0.062,9999.000,9999.000,9999.000,9999.000,9999.000,9999.000,9999.000,9999.000
202607290818,   0.057,9999.000,9999.000,9999.000,9999.000,9999.000,9999.000,9999.000,9999.000
202607290824,   0.052,9999.000,9999.000,9999.000,9999.000,9999.000,9999.000,9999.000,9999.000
202607290830,   0.048,9999.000,9999.000,9999.000,9999.000,9999.000,9999.000,9999.000,9999.000
202607290836,   0.044,9999.000,9999.000,9999.000,9999.000,9999.000,9999.000,9999.000,9999.000
202607290842,   0.040,9999.000,9999.000,9999.000,9999.000,9999.000,9999.000,9999.000,9999.000
202607290848,   0.037,9999.000,9999.000,9999.000,9999.000,9999.000,9999.000,9999.000,9999.000
202607290854,   0.034,9999.000,9999.000,9999.000,9999.000,9999.000,9999.000,9999.000,9999.000
202607290900,   0.031,9999.000,   0.900,   0.267,   1.198,   0.700,   0.998,   1.100,   1.398
202607290906,   0.029,9999.000,9999.000,9999.000,9999.000,9999.000,9999.000,9999.000,9999.000
202607290912,   0.027,9999.000,9999.000,9999.000,9999.000,9999.000,9999.000,9999.000,9999.000
202607290918,   0.025,9999.000,9999.000,9999.000,9999.000,9999.000,9999.000,9999.000,9999.000
202607290924,   0.025,9999.000,9999.000,9999.000,9999.000,9999.000,9999.000,9999.000,9999.000
202607290930,   0.024,9999.000,9999.000,9999.000,9999.000,9999.000,9999.000,9999.000,9999.000
202607290936,   0.024,9999.000,9999.000,9999.000,9999.000,9999.000,9999.000,9999.000,9999.000
202607290942,   0.025,9999.000,9999.000,9999.000,9999.000,9999.000,9999.000,9999.000,9999.000
202607290948,   0.026,9999.000,9999.000,9999.000,9999.000,9999.000,9999.000,9999.000,9999.000
202607290954,   0.027,9999.000,9999.000,9999.000,9999.000,9999.000,9999.000,9999.000,9999.000
202607291000,   0.029,9999.000,   0.900,   0.223,   1.152,   0.700,   0.952,   1.100,   1.352
202607291006,   0.032,9999.000,9999.000,9999.000,9999.000,9999.000,9999.000,9999.000,9999.000
202607291012,   0.035,9999.000,9999.000,9999.000,9999.000,9999.000,9999.000,9999.000,9999.000
202607291018,   0.039,9999.000,9999.000,9999.000,9999.000,9999.000,9999.000,9999.000,9999.000
202607291024,   0.043,9999.000,9999.000,9999.000,9999.000,9999.000,9999.000,9999.000,9999.000
202607291030,   0.047,9999.000,9999.000,9999.000,9999.000,9999.000,9999.000,9999.000,9999.000
202607291036,   0.052,9999.000,9999.000,9999.000,9999.000,9999.000,9999.000,9999.000,9999.000
202607291042,   0.058,9999.000,9999.000,9999.000,9999.000,9999.000,9999.000,9999.000,9999.000
202607291048,   0.064,9999.000,9999.000,9999.000,9999.000,9999.000,9999.000,9999.000,9999.000
202607291054,   0.070,9999.000,9999.000,9999.000,9999.000,9999.000,9999.000,9999.000,9999.000
202607291100,   0.076,9999.000,   0.900,   0.357,   1.333,   0.700,   1.133,   1.100,   1.533
202607291106,   0.083,9999.000,9999.000,9999.000,9999.000,9999.000,9999.000,9999.000,9999.000
202607291112,   0.090,9999.000,9999.000,9999.000,9999.000,9999.000,9999.000,9999.000,9999.000
202607291118,   0.098,9999.000,9999.000,9999.000,9999.000,9999.000,9999.000,9999.000,9999.000
202607291124,   0.105,9999.000,9999.000,9999.000,9999.000,9999.000,9999.000,9999.000,9999.000
202607291130,   0.113,9999.000,9999.000,9999.000,9999.000,9999.000,9999.000,9999.000,9999.000
202607291136,   0.121,9999.000,9999.000,9999.000,9999.000,9999.000,9999.000,9999.000,9999.000
202607291142,   0.129,9999.000,9999.000,9999.000,9999.000,9999.000,9999.000,9999.000,9999.000
202607291148,   0.137,9999.000,9999.000,9999.000,9999.000,9999.000,9999.000,9999.000,9999.000
202607291154,   0.145,9999.000,9999.000,9999.000,9999.000,9999.000,9999.000,9999.000,9999.000
202607291200,   0.153,9999.000,   0.900,   0.357,   1.410,   0.700,   1.210,   1.100,   1.610
