        TIME,    TIDE,      OB,   SURGE,    BIAS,     TWL,SURGE90p,  TWL90p,SURGE10p,   TWL10p
202605181200,   0.356,   1.200,   0.700,   0.144,   1.200,   0.700,   1.200,   0.800,   1.300
202605181206,   0.355,9999.000,9999.000,9999.000,9999.000,9999.000,9999.000,9999.000,9999.000
202605181212,   0.354,   1.180,9999.000,9999.000,9999.000,9999.000,9999.000,9999.000,9999.000
202605181218,   0.354,9999.000,9999.000,9999.000,9999.000,9999.000,9999.000,9999.000,9999.000
202605181224,   0.353,   1.108,9999.000,9999.000,9999.000,9999.000,9999.000,9999.000,9999.000
202605181230,   0.353,9999.000,9999.000,9999.000,9999.000,9999.000,9999.000,9999.000,9999.000
202605181236,   0.352,   1.069,9999.000,9999.000,9999.000,9999.000,9999.000,9999.000,9999.000
202605181242,   0.352,9999.000,9999.000,9999.000,9999.000,9999.000,9999.000,9999.000,9999.000
202605181248,   0.352,   1.059,9999.000,9999.000,9999.000,9999.000,9999.000,9999.000,9999.000
202605181254,   0.353,9999.000,9999.000,9999.000,9999.000,9999.000,9999.000,9999.000,9999.000
202605181300,   0.353,   1.069,   0.700,   0.016,   1.069,   0.700,   1.069,   0.800,   1.169
202605181306,   0.354,   1.088,9999.000,9999.000,9999.000,9999.000,9999.000,9999.000,9999.000
202605181312,   0.354,   1.108,9999.000,9999.000,9999.000,9999.000,9999.000,9999.000,9999.000
202605181318,   0.355,   1.138,9999.000,9999.000,9999.000,9999.000,9999.000,9999.000,9999.000
202605181324,   0.356,   1.138,9999.000,9999.000,9999.000,9999.000,9999.000,9999.000,9999.000
202605181330,   0.358,   1.170,9999.000,9999.000,9999.000,9999.000,9999.000,9999.000,9999.000
202605181336,   0.359,   1.200,9999.000,9999.000,9999.000,9999.000,9999.000,9999.000,9999.000
202605181342,   0.360,   1.229,9999.000,9999.000,9999.000,9999.000,9999.000,9999.000,9999.000
202605181348,   0.362,   1.249,9999.000,9999.000,9999.000,9999.000,9999.000,9999.000,9999.000
202605181354,   0.364,   1.249,9999.000,9999.000,9999.000,9999.000,9999.000,9999.000,9999.000
202605181400,   0.366,   1.220,   0.700,   0.154,   1.220,   0.700,   1.220,   0.800,   1.320
202605181406,   0.368,   1.200,9999.000,9999.000,9999.000,9999.000,9999.000,9999.000,9999.000
202605181412,   0.370,   1.200,9999.000,9999.000,9999.000,9999.000,9999.000,9999.000,9999.000
202605181418,   0.372,   1.200,9999.000,9999.000,9999.000,9999.000,9999.000,9999.000,9999.000
202605181424,   0.375,   1.180,9999.000,9999.000,9999.000,9999.000,9999.000,9999.000,9999.000
202605181430,   0.377,   1.180,9999.000,9999.000,9999.000,9999.000,9999.000,9999.000,9999.000
202605181436,   0.380,   1.180,9999.000,9999.000,9999.000,9999.000,9999.000,9999.000,9999.000
202605181442,   0.382,   1.180,9999.000,9999.000,9999.000,9999.000,9999.000,9999.000,9999.000
202605181448,   0.385,   1.170,9999.000,9999.000,9999.000,9999.000,9999.000,9999.000,9999.000
202605181454,   0.388,   1.151,9999.000,9999.000,9999.000,9999.000,9999.000,9999.000,9999.000
202605181500,   0.391,   1.151,   0.700,   0.060,   1.151,   0.700,   1.151,   0.800,   1.251
202605181506,   0.394,   1.138,9999.000,9999.000,9999.000,9999.000,9999.000,9999.000,9999.000
202605181512,   0.397,   1.128,9999.000,9999.000,9999.000,9999.000,9999.000,9999.000,9999.000
202605181518,   0.401,   1.138,9999.000,9999.000,9999.000,9999.000,9999.000,9999.000,9999.000
202605181524,   0.404,   1.118,9999.000,9999.000,9999.000,9999.000,9999.000,9999.000,9999.000
202605181530,   0.408,   1.128,9999.000,9999.000,9999.000,9999.000,9999.000,9999.000,9999.000
202605181536,   0.411,   1.151,9999.000,9999.000,9999.000,9999.000,9999.000,9999.000,9999.000
202605181542,   0.415,   1.180,9999.000,9999.000,9999.000,9999.000,9999.000,9999.000,9999.000
202605181548,   0.419,   1.200,9999.000,9999.000,9999.000,9999.000,9999.000,9999.000,9999.000
202605181554,   0.422,   1.210,9999.000,9999.000,9999.000,9999.000,9999.000,9999.000,9999.000
202605181600,   0.426,   1.220,   0.700,   0.094,   1.220,   0.700,   1.220,   0.800,   1.320
202605181606,   0.430,   1.239,9999.000,9999.000,9999.000,9999.000,9999.000,9999.000,9999.000
202605181612,   0.434,   1.249,9999.000,9999.000,9999.000,9999.000,9999.000,9999.000,9999.000
202605181618,   0.438,   1.259,9999.000,9999.000,9999.000,9999.000,9999.000,9999.000,9999.000
202605181624,   0.443,   1.279,9999.000,9999.000,9999.000,9999.000,9999.000,9999.000,9999.000
202605181630,   0.447,   1.289,9999.000,9999.000,9999.000,9999.000,9999.000,9999.000,9999.000
202605181636,   0.451,   1.289,9999.000,9999.000,9999.000,9999.000,9999.000,9999.000,9999.000
202605181642,   0.456,   1.279,9999.000,9999.000,9999.000,9999.000,9999.000,9999.000,9999.000
202605181648,   0.460,   1.289,9999.000,9999.000,9999.000,9999.000,9999.000,9999.000,9999.000
202605181654,   0.465,   1.298,9999.000,9999.000,9999.000,9999.000,9999.000,9999.000,9999.000
202605181700,   0.470,   1.289,   0.700,   0.119,   1.289,   0.700,   1.289,   0.800,   1.389
202605181706,   0.475,   1.279,9999.000,9999.000,9999.000,9999.000,9999.000,9999.000,9999.000
202605181712,   0.479,   1.259,9999.000,9999.000,9999.000,9999.000,9999.000,9999.000,9999.000
202605181718,   0.484,   1.239,9999.000,9999.000,9999.000,9999.000,9999.000,9999.000,9999.000
202605181724,   0.489,   1.210,9999.000,9999.000,9999.000,9999.000,9999.000,9999.000,9999.000
202605181730,   0.494,   1.200,9999.000,9999.000,9999.000,9999.000,9999.000,9999.000,9999.000
202605181736,   0.499,   1.190,9999.000,9999.000,9999.000,9999.000,9999.000,9999.000,9999.000
202605181742,   0.504,   1.210,9999.000,9999.000,9999.000,9999.000,9999.000,9999.000,9999.000
202605181748,   0.509,   1.190,9999.000,9999.000,9999.000,9999.000,9999.000,9999.000,9999.000
202605181754,   0.514,   1.190,9999.000,9999.000,9999.000,9999.000,9999.000,9999.000,9999.000
202605181800,   0.520,   1.170,   0.800,  -0.150,   1.170,   0.800,   1.170,   0.900,   1.270
202605181806,   0.525,   1.170,9999.000,9999.000,9999.000,9999.000,9999.000,9999.000,9999.000
202605181812,   0.530,   1.180,9999.000,9999.000,9999.000,9999.000,9999.000,9999.000,9999.000
202605181818,   0.535,   1.180,9999.000,9999.000,9999.000,9999.000,9999.000,9999.000,9999.000
202605181824,   0.541,   1.190,9999.000,9999.000,9999.000,9999.000,9999.000,9999.000,9999.000
202605181830,   0.546,   1.180,9999.000,9999.000,9999.000,9999.000,9999.000,9999.000,9999.000
202605181836,   0.551,   1.190,9999.000,9999.000,9999.000,9999.000,9999.000,9999.000,9999.000
202605181842,   0.556,   1.210,9999.000,9999.000,9999.000,9999.000,9999.000,9999.000,9999.000
202605181848,   0.562,   1.220,9999.000,9999.000,9999.000,9999.000,9999.000,9999.000,9999.000
202605181854,   0.567,   1.229,9999.000,9999.000,9999.000,9999.000,9999.000,9999.000,9999.000
202605181900,   0.572,   1.239,   0.800,  -0.133,   1.239,   0.800,   1.239,   0.900,   1.339
202605181906,   0.577,   1.229,9999.000,9999.000,9999.000,9999.000,9999.000,9999.000,9999.000
202605181912,   0.582,   1.229,9999.000,9999.000,9999.000,9999.000,9999.000,9999.000,9999.000
202605181918,   0.587,   1.229,9999.000,9999.000,9999.000,9999.000,9999.000,9999.000,9999.000
202605181924,   0.592,   1.229,9999.000,9999.000,9999.000,9999.000,9999.000,9999.000,9999.000
202605181930,   0.597,   1.229,9999.000,9999.000,9999.000,9999.000,9999.000,9999.000,9999.000
202605181936,   0.602,   1.229,9999.000,9999.000,9999.000,9999.000,9999.000,9999.000,9999.000
202605181942,   0.607,   1.229,9999.000,9999.000,9999.000,9999.000,9999.000,9999.000,9999.000
202605181948,   0.612,   1.249,9999.000,9999.000,9999.000,9999.000,9999.000,9999.000,9999.000
202605181954,   0.617,   1.259,9999.000,9999.000,9999.000,9999.000,9999.000,9999.000,9999.000
202605182000,   0.622,   1.259,   0.800,  -0.163,   1.259,   0.800,   1.259,   0.900,   1.359
202605182006,   0.626,   1.279,9999.000,9999.000,9999.000,9999.000,9999.000,9999.000,9999.000
202605182012,   0.631,   1.279,9999.000,9999.000,9999.000,9999.000,9999.000,9999.000,9999.000
202605182018,   0.635,   1.289,9999.000,9999.000,9999.000,9999.000,9999.000,9999.000,9999.000
202605182024,   0.640,   1.289,9999.000,9999.000,9999.000,9999.000,9999.000,9999.000,9999.000
202605182030,   0.644,   1.308,9999.000,9999.000,9999.000,9999.000,9999.000,9999.000,9999.000
202605182036,   0.648,   1.308,9999.000,9999.000,9999.000,9999.000,9999.000,9999.000,9999.000
202605182042,   0.652,   1.318,9999.000,9999.000,9999.000,9999.000,9999.000,9999.000,9999.000
202605182048,   0.657,   1.328,9999.000,9999.000,9999.000,9999.000,9999.000,9999.000,9999.000
202605182054,   0.661,   1.328,9999.000,9999.000,9999.000,9999.000,9999.000,9999.000,9999.000
202605182100,   0.664,   1.338,   0.800,  -0.126,   1.338,   0.800,   1.338,   0.900,   1.438
202605182106,   0.668,   1.348,9999.000,9999.000,9999.000,9999.000,9999.000,9999.000,9999.000
202605182112,   0.672,   1.348,9999.000,9999.000,9999.000,9999.000,9999.000,9999.000,9999.000
202605182118,   0.676,   1.361,9999.000,9999.000,9999.000,9999.000,9999.000,9999.000,9999.000
202605182124,   0.680,   1.361,9999.000,9999.000,9999.000,9999.000,9999.000,9999.000,9999.000
202605182130,   0.683,   1.361,9999.000,9999.000,9999.000,9999.000,9999.000,9999.000,9999.000
202605182136,   0.687,   1.380,9999.000,9999.000,9999.000,9999.000,9999.000,9999.000,9999.000
202605182142,   0.690,   1.380,9999.000,9999.000,9999.000,9999.000,9999.000,9999.000,9999.000
202605182148,   0.693,   1.390,9999.000,9999.000,9999.000,9999.000,9999.000,9999.000,9999.000
202605182154,   0.697,   1.390,9999.000,9999.000,9999.000,9999.000,9999.000,9999.000,9999.000
202605182200,   0.700,   1.410,   0.800,  -0.090,   1.410,   0.800,   1.410,   0.900,   1.510
202605182206,   0.703,   1.400,9999.000,9999.000,9999.000,9999.000,9999.000,9999.000,9999.000
202605182212,   0.706,   1.430,9999.000,9999.000,9999.000,9999.000,9999.000,9999.000,9999.000
202605182218,   0.709,   1.410,9999.000,9999.000,9999.000,9999.000,9999.000,9999.000,9999.000
202605182224,   0.712,   1.439,9999.000,9999.000,9999.000,9999.000,9999.000,9999.000,9999.000
202605182230,   0.715,   1.410,9999.000,9999.000,9999.000,9999.000,9999.000,9999.000,9999.000
202605182236,   0.718,   1.430,9999.000,9999.000,9999.000,9999.000,9999.000,9999.000,9999.000
202605182242,   0.721,   1.439,9999.000,9999.000,9999.000,9999.000,9999.000,9999.000,9999.000
202605182248,   0.724,   1.430,9999.000,9999.000,9999.000,9999.000,9999.000,9999.000,9999.000
202605182254,   0.726,   1.430,9999.000,9999.000,9999.000,9999.000,9999.000,9999.000,9999.000
202605182300,   0.729,   1.430,   0.800,  -0.099,   1.430,   0.800,   1.430,   0.900,   1.530
202605182306,   0.732,   1.439,9999.000,9999.000,9999.000,9999.000,9999.000,9999.000,9999.000
202605182312,   0.734,   1.449,9999.000,9999.000,9999.000,9999.000,9999.000,9999.000,9999.000
202605182318,   0.737,   1.479,9999.000,9999.000,9999.000,9999.000,9999.000,9999.000,9999.000
202605182324,   0.739,   1.489,9999.000,9999.000,9999.000,9999.000,9999.000,9999.000,9999.000
202605182330,   0.741,   1.498,9999.000,9999.000,9999.000,9999.000,9999.000,9999.000,9999.000
202605182336,   0.744,   1.508,9999.000,9999.000,9999.000,9999.000,9999.000,9999.000,9999.000
202605182342,   0.746,   1.518,9999.000,9999.000,9999.000,9999.000,9999.000,9999.000,9999.000
202605182348,   0.748,   1.528,9999.000,9999.000,9999.000,9999.000,9999.000,9999.000,9999.000
202605182354,   0.750,   1.528,9999.000,9999.000,9999.000,9999.000,9999.000,9999.000,9999.000
202605190000,   0.752,   1.538,   0.900,  -0.114,   1.538,   0.900,   1.538,   1.000,   1.638
202605190006,   0.754,   1.571,9999.000,9999.000,9999.000,9999.000,9999.000,9999.000,9999.000
202605190012,   0.756,   1.557,9999.000,9999.000,9999.000,9999.000,9999.000,9999.000,9999.000
202605190018,   0.758,   1.548,9999.000,9999.000,9999.000,9999.000,9999.000,9999.000,9999.000
202605190024,   0.759,   1.528,9999.000,9999.000,9999.000,9999.000,9999.000,9999.000,9999.000
202605190030,   0.761,   1.518,9999.000,9999.000,9999.000,9999.000,9999.000,9999.000,9999.000
202605190036,   0.762,   1.528,9999.000,9999.000,9999.000,9999.000,9999.000,9999.000,9999.000
202605190042,   0.763,   1.518,9999.000,9999.000,9999.000,9999.000,9999.000,9999.000,9999.000
202605190048,   0.765,   1.508,9999.000,9999.000,9999.000,9999.000,9999.000,9999.000,9999.000
202605190054,   0.766,   1.518,9999.000,9999.000,9999.000,9999.000,9999.000,9999.000,9999.000
202605190100,   0.767,   1.518,   0.900,  -0.149,   1.518,   0.900,   1.518,   1.000,   1.618
202605190106,   0.768,   1.528,9999.000,9999.000,9999.000,9999.000,9999.000,9999.000,9999.000
202605190112,   0.768,   1.538,9999.000,9999.000,9999.000,9999.000,9999.000,9999.000,9999.000
202605190118,   0.769,   1.557,9999.000,9999.000,9999.000,9999.000,9999.000,9999.000,9999.000
202605190124,   0.769,   1.557,9999.000,9999.000,9999.000,9999.000,9999.000,9999.000,9999.000
202605190130,   0.770,   1.590,9999.000,9999.000,9999.000,9999.000,9999.000,9999.000,9999.000
202605190136,   0.770,   1.590,9999.000,9999.000,9999.000,9999.000,9999.000,9999.000,9999.000
202605190142,   0.770,   1.600,9999.000,9999.000,9999.000,9999.000,9999.000,9999.000,9999.000
202605190148,   0.770,   1.610,9999.000,9999.000,9999.000,9999.000,9999.000,9999.000,9999.000
202605190154,   0.769,   1.610,9999.000,9999.000,9999.000,9999.000,9999.000,9999.000,9999.000
202605190200,   0.769,   1.610,   0.900,  -0.059,   1.610,   0.900,   1.610,   1.000,   1.710
202605190206,   0.768,   1.610,9999.000,9999.000,9999.000,9999.000,9999.000,9999.000,9999.000
202605190212,   0.767,   1.610,9999.000,9999.000,9999.000,9999.000,9999.000,9999.000,9999.000
202605190218,   0.767,   1.600,9999.000,9999.000,9999.000,9999.000,9999.000,9999.000,9999.000
202605190224,   0.766,   1.600,9999.000,9999.000,9999.000,9999.000,9999.000,9999.000,9999.000
202605190230,   0.764,   1.590,9999.000,9999.000,9999.000,9999.000,9999.000,9999.000,9999.000
202605190236,   0.763,   1.580,9999.000,9999.000,9999.000,9999.000,9999.000,9999.000,9999.000
202605190242,   0.761,   1.571,9999.000,9999.000,9999.000,9999.000,9999.000,9999.000,9999.000
202605190248,   0.760,   1.557,9999.000,9999.000,9999.000,9999.000,9999.000,9999.000,9999.000
202605190254,   0.758,   1.557,9999.000,9999.000,9999.000,9999.000,9999.000,9999.000,9999.000
202605190300,   0.756,   1.548,   0.900,  -0.108,   1.548,   0.900,   1.548,   1.000,   1.648
202605190306,   0.754,   1.538,9999.000,9999.000,9999.000,9999.000,9999.000,9999.000,9999.000
202605190312,   0.751,   1.557,9999.000,9999.000,9999.000,9999.000,9999.000,9999.000,9999.000
202605190318,   0.749,   1.600,9999.000,9999.000,9999.000,9999.000,9999.000,9999.000,9999.000
202605190324,   0.747,   1.639,9999.000,9999.000,9999.000,9999.000,9999.000,9999.000,9999.000
202605190330,   0.744,   1.639,9999.000,9999.000,9999.000,9999.000,9999.000,9999.000,9999.000
202605190336,   0.741,   1.630,9999.000,9999.000,9999.000,9999.000,9999.000,9999.000,9999.000
202605190342,   0.738,   1.639,9999.000,9999.000,9999.000,9999.000,9999.000,9999.000,9999.000
202605190348,   0.735,   1.630,9999.000,9999.000,9999.000,9999.000,9999.000,9999.000,9999.000
202605190354,   0.732,   1.620,9999.000,9999.000,9999.000,9999.000,9999.000,9999.000,9999.000
202605190400,   0.729,   1.590,   0.900,  -0.039,   1.590,   0.900,   1.590,   1.000,   1.690
202605190406,   0.726,   1.580,9999.000,9999.000,9999.000,9999.000,9999.000,9999.000,9999.000
202605190412,   0.722,   1.557,9999.000,9999.000,9999.000,9999.000,9999.000,9999.000,9999.000
202605190418,   0.719,   1.538,9999.000,9999.000,9999.000,9999.000,9999.000,9999.000,9999.000
202605190424,   0.715,   1.538,9999.000,9999.000,9999.000,9999.000,9999.000,9999.000,9999.000
202605190430,   0.712,   1.508,9999.000,9999.000,9999.000,9999.000,9999.000,9999.000,9999.000
202605190436,   0.708,   1.449,9999.000,9999.000,9999.000,9999.000,9999.000,9999.000,9999.000
202605190442,   0.704,   1.557,9999.000,9999.000,9999.000,9999.000,9999.000,9999.000,9999.000
202605190448,   0.701,   1.630,9999.000,9999.000,9999.000,9999.000,9999.000,9999.000,9999.000
202605190454,   0.697,   1.571,9999.000,9999.000,9999.000,9999.000,9999.000,9999.000,9999.000
202605190500,   0.693,   1.538,   0.900,  -0.055,   1.538,   0.900,   1.538,   1.000,   1.638
202605190506,   0.689,   1.508,9999.000,9999.000,9999.000,9999.000,9999.000,9999.000,9999.000
202605190512,   0.685,   1.439,9999.000,9999.000,9999.000,9999.000,9999.000,9999.000,9999.000
202605190518,   0.681,   1.400,9999.000,9999.000,9999.000,9999.000,9999.000,9999.000,9999.000
202605190524,   0.677,   1.439,9999.000,9999.000,9999.000,9999.000,9999.000,9999.000,9999.000
202605190530,   0.673,   1.410,9999.000,9999.000,9999.000,9999.000,9999.000,9999.000,9999.000
202605190536,   0.669,   1.361,9999.000,9999.000,9999.000,9999.000,9999.000,9999.000,9999.000
202605190542,   0.665,   1.361,9999.000,9999.000,9999.000,9999.000,9999.000,9999.000,9999.000
202605190548,   0.660,   1.348,9999.000,9999.000,9999.000,9999.000,9999.000,9999.000,9999.000
202605190554,   0.656,   1.380,9999.000,9999.000,9999.000,9999.000,9999.000,9999.000,9999.000
202605190600,   0.652,   1.410,   0.900,  -0.142,   1.410,   0.800,   1.310,   0.900,   1.410
202605190606,   0.648,   1.430,9999.000,9999.000,9999.000,9999.000,9999.000,9999.000,9999.000
202605190612,   0.643,   1.479,9999.000,9999.000,9999.000,9999.000,9999.000,9999.000,9999.000
202605190618,   0.639,   1.479,9999.000,9999.000,9999.000,9999.000,9999.000,9999.000,9999.000
202605190624,   0.634,   1.469,9999.000,9999.000,9999.000,9999.000,9999.000,9999.000,9999.000
202605190630,   0.630,   1.459,9999.000,9999.000,9999.000,9999.000,9999.000,9999.000,9999.000
202605190636,   0.626,   1.469,9999.000,9999.000,9999.000,9999.000,9999.000,9999.000,9999.000
202605190642,   0.621,   1.479,9999.000,9999.000,9999.000,9999.000,9999.000,9999.000,9999.000
202605190648,   0.616,   1.479,9999.000,9999.000,9999.000,9999.000,9999.000,9999.000,9999.000
202605190654,   0.612,   1.449,9999.000,9999.000,9999.000,9999.000,9999.000,9999.000,9999.000
202605190700,   0.607,   1.410,   0.900,  -0.097,   1.410,   0.800,   1.310,   0.900,   1.410
202605190706,   0.603,   1.380,9999.000,9999.000,9999.000,9999.000,9999.000,9999.000,9999.000
202605190712,   0.598,   1.348,9999.000,9999.000,9999.000,9999.000,9999.000,9999.000,9999.000
202605190718,   0.593,   1.338,9999.000,9999.000,9999.000,9999.000,9999.000,9999.000,9999.000
202605190724,   0.588,   1.348,9999.000,9999.000,9999.000,9999.000,9999.000,9999.000,9999.000
202605190730,   0.583,   1.380,9999.000,9999.000,9999.000,9999.000,9999.000,9999.000,9999.000
202605190736,   0.578,   1.420,9999.000,9999.000,9999.000,9999.000,9999.000,9999.000,9999.000
202605190742,   0.573,   1.439,9999.000,9999.000,9999.000,9999.000,9999.000,9999.000,9999.000
202605190748,   0.568,   1.439,9999.000,9999.000,9999.000,9999.000,9999.000,9999.000,9999.000
202605190754,   0.563,   1.439,9999.000,9999.000,9999.000,9999.000,9999.000,9999.000,9999.000
202605190800,   0.558,   1.439,   0.900,  -0.019,   1.439,   0.800,   1.339,   0.900,   1.439
202605190806,   0.553,   1.439,9999.000,9999.000,9999.000,9999.000,9999.000,9999.000,9999.000
202605190812,   0.548,   1.459,9999.000,9999.000,9999.000,9999.000,9999.000,9999.000,9999.000
202605190818,   0.543,   1.439,9999.000,9999.000,9999.000,9999.000,9999.000,9999.000,9999.000
202605190824,   0.537,   1.410,9999.000,9999.000,9999.000,9999.000,9999.000,9999.000,9999.000
202605190830,   0.532,   1.420,9999.000,9999.000,9999.000,9999.000,9999.000,9999.000,9999.000
202605190836,   0.527,   1.410,9999.000,9999.000,9999.000,9999.000,9999.000,9999.000,9999.000
202605190842,   0.521,   1.361,9999.000,9999.000,9999.000,9999.000,9999.000,9999.000,9999.000
202605190848,   0.516,   1.338,9999.000,9999.000,9999.000,9999.000,9999.000,9999.000,9999.000
202605190854,   0.510,   1.338,9999.000,9999.000,9999.000,9999.000,9999.000,9999.000,9999.000
202605190900,   0.505,   1.400,   0.900,  -0.005,   1.400,   0.800,   1.300,   0.900,   1.400
202605190906,   0.500,   1.410,9999.000,9999.000,9999.000,9999.000,9999.000,9999.000,9999.000
202605190912,   0.494,   1.400,9999.000,9999.000,9999.000,9999.000,9999.000,9999.000,9999.000
202605190918,   0.489,   1.508,9999.000,9999.000,9999.000,9999.000,9999.000,9999.000,9999.000
202605190924,   0.483,   1.728,9999.000,9999.000,9999.000,9999.000,9999.000,9999.000,9999.000
202605190930,   0.478,   2.128,9999.000,9999.000,9999.000,9999.000,9999.000,9999.000,9999.000
202605190936,   0.472,   2.358,9999.000,9999.000,9999.000,9999.000,9999.000,9999.000,9999.000
202605190942,   0.467,   2.368,9999.000,9999.000,9999.000,9999.000,9999.000,9999.000,9999.000
202605190948,   0.462,   2.377,9999.000,9999.000,9999.000,9999.000,9999.000,9999.000,9999.000
202605190954,   0.456,   2.158,9999.000,9999.000,9999.000,9999.000,9999.000,9999.000,9999.000
202605191000,   0.451,   1.758,   0.900,   0.407,   1.758,   0.800,   1.658,   0.900,   1.758
202605191006,   0.446,   1.557,9999.000,9999.000,9999.000,9999.000,9999.000,9999.000,9999.000
202605191012,   0.441,   1.361,9999.000,9999.000,9999.000,9999.000,9999.000,9999.000,9999.000
202605191018,   0.436,   1.528,9999.000,9999.000,9999.000,9999.000,9999.000,9999.000,9999.000
202605191024,   0.431,   1.600,9999.000,9999.000,9999.000,9999.000,9999.000,9999.000,9999.000
202605191030,   0.426,   1.630,9999.000,9999.000,9999.000,9999.000,9999.000,9999.000,9999.000
202605191036,   0.421,   1.518,9999.000,9999.000,9999.000,9999.000,9999.000,9999.000,9999.000
202605191042,   0.417,   1.338,9999.000,9999.000,9999.000,9999.000,9999.000,9999.000,9999.000
202605191048,   0.412,   1.249,9999.000,9999.000,9999.000,9999.000,9999.000,9999.000,9999.000
202605191054,   0.408,   1.108,9999.000,9999.000,9999.000,9999.000,9999.000,9999.000,9999.000
202605191100,   0.403,   0.928,   0.900,  -0.375,   0.928,   0.800,   0.828,   0.900,   0.928
202605191106,   0.399,   0.879,9999.000,9999.000,9999.000,9999.000,9999.000,9999.000,9999.000
202605191112,   0.395,   0.810,9999.000,9999.000,9999.000,9999.000,9999.000,9999.000,9999.000
202605191118,   0.392,   0.849,9999.000,9999.000,9999.000,9999.000,9999.000,9999.000,9999.000
202605191124,   0.388,   0.780,9999.000,9999.000,9999.000,9999.000,9999.000,9999.000,9999.000
202605191130,   0.384,   0.780,9999.000,9999.000,9999.000,9999.000,9999.000,9999.000,9999.000
202605191136,   0.381,   0.869,9999.000,9999.000,9999.000,9999.000,9999.000,9999.000,9999.000
202605191142,   0.378,   0.990,9999.000,9999.000,9999.000,9999.000,9999.000,9999.000,9999.000
202605191148,   0.375,   0.951,9999.000,9999.000,9999.000,9999.000,9999.000,9999.000,9999.000
202605191154,   0.372,   0.951,9999.000,9999.000,9999.000,9999.000,9999.000,9999.000,9999.000
202605191200,   0.369,   0.859,   0.800,  -0.310,   0.859,   0.800,   0.859,   0.900,   0.959
202605191206,   0.367,   0.770,9999.000,9999.000,9999.000,9999.000,9999.000,9999.000,9999.000
202605191212,   0.364,   0.760,9999.000,9999.000,9999.000,9999.000,9999.000,9999.000,9999.000
202605191218,   0.362,   0.839,9999.000,9999.000,9999.000,9999.000,9999.000,9999.000,9999.000
202605191224,   0.360,   1.020,9999.000,9999.000,9999.000,9999.000,9999.000,9999.000,9999.000
202605191230,   0.358,   1.180,9999.000,9999.000,9999.000,9999.000,9999.000,9999.000,9999.000
202605191236,   0.357,   1.298,9999.000,9999.000,9999.000,9999.000,9999.000,9999.000,9999.000
202605191242,   0.355,   1.348,9999.000,9999.000,9999.000,9999.000,9999.000,9999.000,9999.000
202605191248,   0.354,   1.459,9999.000,9999.000,9999.000,9999.000,9999.000,9999.000,9999.000
202605191254,   0.353,   1.508,9999.000,9999.000,9999.000,9999.000,9999.000,9999.000,9999.000
202605191300,   0.352,   1.548,   0.800,   0.396,   1.548,   0.800,   1.548,   0.900,   1.648
202605191306,   0.351,   1.590,9999.000,9999.000,9999.000,9999.000,9999.000,9999.000,9999.000
202605191312,   0.351,   1.630,9999.000,9999.000,9999.000,9999.000,9999.000,9999.000,9999.000
202605191318,   0.350,   1.669,9999.000,9999.000,9999.000,9999.000,9999.000,9999.000,9999.000
202605191324,   0.350,   1.728,9999.000,9999.000,9999.000,9999.000,9999.000,9999.000,9999.000
202605191330,   0.350,   1.767,9999.000,9999.000,9999.000,9999.000,9999.000,9999.000,9999.000
202605191336,   0.350,   1.830,9999.000,9999.000,9999.000,9999.000,9999.000,9999.000,9999.000
202605191342,   0.350,   1.869,9999.000,9999.000,9999.000,9999.000,9999.000,9999.000,9999.000
202605191348,   0.351,9999.000,9999.000,9999.000,9999.000,9999.000,9999.000,9999.000,9999.000
202605191354,   0.351,   1.790,9999.000,9999.000,9999.000,9999.000,9999.000,9999.000,9999.000
202605191400,   0.352,   1.767,   0.800,   0.615,   1.767,   0.800,   1.767,   0.800,   1.767
202605191406,   0.353,   1.781,9999.000,9999.000,9999.000,9999.000,9999.000,9999.000,9999.000
202605191412,   0.354,   1.718,9999.000,9999.000,9999.000,9999.000,9999.000,9999.000,9999.000
202605191418,   0.355,   1.689,9999.000,9999.000,9999.000,9999.000,9999.000,9999.000,9999.000
202605191424,   0.356,   1.728,9999.000,9999.000,9999.000,9999.000,9999.000,9999.000,9999.000
202605191430,   0.357,   1.708,9999.000,9999.000,9999.000,9999.000,9999.000,9999.000,9999.000
202605191436,   0.359,   1.748,9999.000,9999.000,9999.000,9999.000,9999.000,9999.000,9999.000
202605191442,   0.360,   1.790,9999.000,9999.000,9999.000,9999.000,9999.000,9999.000,9999.000
202605191448,   0.362,   1.810,9999.000,9999.000,9999.000,9999.000,9999.000,9999.000,9999.000
202605191454,   0.364,   1.767,9999.000,9999.000,9999.000,9999.000,9999.000,9999.000,9999.000
202605191500,   0.366,   1.718,   0.800,   0.552,   1.718,   0.800,   1.718,   0.800,   1.718
202605191506,   0.368,   1.620,9999.000,9999.000,9999.000,9999.000,9999.000,9999.000,9999.000
202605191512,   0.370,   1.548,9999.000,9999.000,9999.000,9999.000,9999.000,9999.000,9999.000
202605191518,   0.373,   1.459,9999.000,9999.000,9999.000,9999.000,9999.000,9999.000,9999.000
202605191524,   0.375,   1.439,9999.000,9999.000,9999.000,9999.000,9999.000,9999.000,9999.000
202605191530,   0.378,   1.449,9999.000,9999.000,9999.000,9999.000,9999.000,9999.000,9999.000
202605191536,   0.381,   1.449,9999.000,9999.000,9999.000,9999.000,9999.000,9999.000,9999.000
202605191542,   0.383,   1.430,9999.000,9999.000,9999.000,9999.000,9999.000,9999.000,9999.000
202605191548,   0.386,   1.380,9999.000,9999.000,9999.000,9999.000,9999.000,9999.000,9999.000
202605191554,   0.389,   1.338,9999.000,9999.000,9999.000,9999.000,9999.000,9999.000,9999.000
202605191600,   0.393,   1.298,   0.800,   0.105,   1.298,   0.800,   1.298,   0.800,   1.298
202605191606,   0.396,   1.259,9999.000,9999.000,9999.000,9999.000,9999.000,9999.000,9999.000
202605191612,   0.399,   1.229,9999.000,9999.000,9999.000,9999.000,9999.000,9999.000,9999.000
202605191618,   0.403,   1.210,9999.000,9999.000,9999.000,9999.000,9999.000,9999.000,9999.000
202605191624,   0.406,   1.190,9999.000,9999.000,9999.000,9999.000,9999.000,9999.000,9999.000
202605191630,   0.410,   1.190,9999.000,9999.000,9999.000,9999.000,9999.000,9999.000,9999.000
202605191636,   0.414,   1.170,9999.000,9999.000,9999.000,9999.000,9999.000,9999.000,9999.000
202605191642,   0.418,   1.190,9999.000,9999.000,9999.000,9999.000,9999.000,9999.000,9999.000
202605191648,   0.422,   1.220,9999.000,9999.000,9999.000,9999.000,9999.000,9999.000,9999.000
202605191654,   0.426,   1.249,9999.000,9999.000,9999.000,9999.000,9999.000,9999.000,9999.000
202605191700,   0.430,   1.259,   0.800,   0.029,   1.259,   0.800,   1.259,   0.800,   1.259
202605191706,   0.435,   1.239,9999.000,9999.000,9999.000,9999.000,9999.000,9999.000,9999.000
202605191712,   0.439,   1.220,9999.000,9999.000,9999.000,9999.000,9999.000,9999.000,9999.000
202605191718,   0.443,   1.220,9999.000,9999.000,9999.000,9999.000,9999.000,9999.000,9999.000
202605191724,   0.448,   1.239,9999.000,9999.000,9999.000,9999.000,9999.000,9999.000,9999.000
202605191730,   0.453,   1.279,9999.000,9999.000,9999.000,9999.000,9999.000,9999.000,9999.000
202605191736,   0.457,   1.318,9999.000,9999.000,9999.000,9999.000,9999.000,9999.000,9999.000
202605191742,   0.462,   1.361,9999.000,9999.000,9999.000,9999.000,9999.000,9999.000,9999.000
202605191748,   0.467,   1.380,9999.000,9999.000,9999.000,9999.000,9999.000,9999.000,9999.000
202605191754,   0.472,   1.390,9999.000,9999.000,9999.000,9999.000,9999.000,9999.000,9999.000
202605191800,   0.477,   1.400,   0.800,   0.123,   1.400,   0.800,   1.400,   0.900,   1.500
202605191806,   0.481,   1.400,9999.000,9999.000,9999.000,9999.000,9999.000,9999.000,9999.000
202605191812,   0.486,   1.390,9999.000,9999.000,9999.000,9999.000,9999.000,9999.000,9999.000
202605191818,   0.491,   1.390,9999.000,9999.000,9999.000,9999.000,9999.000,9999.000,9999.000
202605191824,   0.497,   1.400,9999.000,9999.000,9999.000,9999.000,9999.000,9999.000,9999.000
202605191830,   0.502,   1.410,9999.000,9999.000,9999.000,9999.000,9999.000,9999.000,9999.000
202605191836,   0.507,   1.410,9999.000,9999.000,9999.000,9999.000,9999.000,9999.000,9999.000
202605191842,   0.512,   1.410,9999.000,9999.000,9999.000,9999.000,9999.000,9999.000,9999.000
202605191848,   0.517,   1.420,9999.000,9999.000,9999.000,9999.000,9999.000,9999.000,9999.000
202605191854,   0.522,   1.420,9999.000,9999.000,9999.000,9999.000,9999.000,9999.000,9999.000
202605191900,   0.527,   1.420,   0.800,   0.093,   1.420,   0.800,   1.420,   0.900,   1.520
202605191906,   0.532,   1.410,9999.000,9999.000,9999.000,9999.000,9999.000,9999.000,9999.000
202605191912,   0.537,   1.400,9999.000,9999.000,9999.000,9999.000,9999.000,9999.000,9999.000
202605191918,   0.542,   1.371,9999.000,9999.000,9999.000,9999.000,9999.000,9999.000,9999.000
202605191924,   0.547,   1.361,9999.000,9999.000,9999.000,9999.000,9999.000,9999.000,9999.000
202605191930,   0.552,   1.361,9999.000,9999.000,9999.000,9999.000,9999.000,9999.000,9999.000
202605191936,   0.557,   1.361,9999.000,9999.000,9999.000,9999.000,9999.000,9999.000,9999.000
202605191942,   0.562,   1.380,9999.000,9999.000,9999.000,9999.000,9999.000,9999.000,9999.000
202605191948,   0.567,   1.410,9999.000,9999.000,9999.000,9999.000,9999.000,9999.000,9999.000
202605191954,   0.571,   1.420,9999.000,9999.000,9999.000,9999.000,9999.000,9999.000,9999.000
202605192000,   0.576,   1.430,   0.800,   0.054,   1.430,   0.800,   1.430,   0.900,   1.530
202605192006,   0.581,   1.439,9999.000,9999.000,9999.000,9999.000,9999.000,9999.000,9999.000
202605192012,   0.585,   1.449,9999.000,9999.000,9999.000,9999.000,9999.000,9999.000,9999.000
202605192018,   0.590,   1.439,9999.000,9999.000,9999.000,9999.000,9999.000,9999.000,9999.000
202605192024,   0.594,   1.430,9999.000,9999.000,9999.000,9999.000,9999.000,9999.000,9999.000
202605192030,   0.599,   1.410,9999.000,9999.000,9999.000,9999.000,9999.000,9999.000,9999.000
202605192036,   0.603,   1.410,9999.000,9999.000,9999.000,9999.000,9999.000,9999.000,9999.000
202605192042,   0.608,   1.420,9999.000,9999.000,9999.000,9999.000,9999.000,9999.000,9999.000
202605192048,   0.612,   1.439,9999.000,9999.000,9999.000,9999.000,9999.000,9999.000,9999.000
202605192054,   0.616,   1.449,9999.000,9999.000,9999.000,9999.000,9999.000,9999.000,9999.000
202605192100,   0.620,   1.469,   0.800,   0.049,   1.469,   0.800,   1.469,   0.900,   1.569
202605192106,   0.624,   1.469,9999.000,9999.000,9999.000,9999.000,9999.000,9999.000,9999.000
202605192112,   0.628,   1.479,9999.000,9999.000,9999.000,9999.000,9999.000,9999.000,9999.000
202605192118,   0.632,   1.479,9999.000,9999.000,9999.000,9999.000,9999.000,9999.000,9999.000
202605192124,   0.636,   1.479,9999.000,9999.000,9999.000,9999.000,9999.000,9999.000,9999.000
202605192130,   0.640,   1.479,9999.000,9999.000,9999.000,9999.000,9999.000,9999.000,9999.000
202605192136,   0.644,   1.498,9999.000,9999.000,9999.000,9999.000,9999.000,9999.000,9999.000
202605192142,   0.648,   1.489,9999.000,9999.000,9999.000,9999.000,9999.000,9999.000,9999.000
202605192148,   0.652,   1.498,9999.000,9999.000,9999.000,9999.000,9999.000,9999.000,9999.000
202605192154,   0.655,   1.498,9999.000,9999.000,9999.000,9999.000,9999.000,9999.000,9999.000
202605192200,   0.659,   1.489,   0.800,   0.030,   1.489,   0.800,   1.489,   0.900,   1.589
202605192206,   0.663,   1.479,9999.000,9999.000,9999.000,9999.000,9999.000,9999.000,9999.000
202605192212,   0.666,   1.489,9999.000,9999.000,9999.000,9999.000,9999.000,9999.000,9999.000
202605192218,   0.670,   1.489,9999.000,9999.000,9999.000,9999.000,9999.000,9999.000,9999.000
202605192224,   0.673,   1.469,9999.000,9999.000,9999.000,9999.000,9999.000,9999.000,9999.000
202605192230,   0.677,   1.469,9999.000,9999.000,9999.000,9999.000,9999.000,9999.000,9999.000
202605192236,   0.680,   1.449,9999.000,9999.000,9999.000,9999.000,9999.000,9999.000,9999.000
202605192242,   0.684,   1.479,9999.000,9999.000,9999.000,9999.000,9999.000,9999.000,9999.000
202605192248,   0.687,   1.489,9999.000,9999.000,9999.000,9999.000,9999.000,9999.000,9999.000
202605192254,   0.691,   1.498,9999.000,9999.000,9999.000,9999.000,9999.000,9999.000,9999.000
202605192300,   0.694,   1.508,   0.800,   0.014,   1.508,   0.800,   1.508,   0.900,   1.608
202605192306,   0.697,   1.518,9999.000,9999.000,9999.000,9999.000,9999.000,9999.000,9999.000
202605192312,   0.701,   1.498,9999.000,9999.000,9999.000,9999.000,9999.000,9999.000,9999.000
202605192318,   0.704,   1.508,9999.000,9999.000,9999.000,9999.000,9999.000,9999.000,9999.000
202605192324,   0.707,   1.518,9999.000,9999.000,9999.000,9999.000,9999.000,9999.000,9999.000
202605192330,   0.710,   1.498,9999.000,9999.000,9999.000,9999.000,9999.000,9999.000,9999.000
202605192336,   0.714,   1.498,9999.000,9999.000,9999.000,9999.000,9999.000,9999.000,9999.000
202605192342,   0.717,   1.508,9999.000,9999.000,9999.000,9999.000,9999.000,9999.000,9999.000
202605192348,   0.720,   1.498,9999.000,9999.000,9999.000,9999.000,9999.000,9999.000,9999.000
202605192354,   0.723,   1.489,9999.000,9999.000,9999.000,9999.000,9999.000,9999.000,9999.000
202605200000,   0.726,   1.498,   0.900,  -0.128,   1.498,   0.900,   1.498,   0.900,   1.498
202605200006,   0.729,   1.508,9999.000,9999.000,9999.000,9999.000,9999.000,9999.000,9999.000
202605200012,   0.732,   1.508,9999.000,9999.000,9999.000,9999.000,9999.000,9999.000,9999.000
202605200018,   0.735,   1.508,9999.000,9999.000,9999.000,9999.000,9999.000,9999.000,9999.000
202605200024,   0.738,   1.518,9999.000,9999.000,9999.000,9999.000,9999.000,9999.000,9999.000
202605200030,   0.740,   1.508,9999.000,9999.000,9999.000,9999.000,9999.000,9999.000,9999.000
202605200036,   0.743,   1.508,9999.000,9999.000,9999.000,9999.000,9999.000,9999.000,9999.000
202605200042,   0.746,   1.489,9999.000,9999.000,9999.000,9999.000,9999.000,9999.000,9999.000
202605200048,   0.748,   1.479,9999.000,9999.000,9999.000,9999.000,9999.000,9999.000,9999.000
202605200054,   0.750,   1.479,9999.000,9999.000,9999.000,9999.000,9999.000,9999.000,9999.000
202605200100,   0.753,   1.498,   0.900,  -0.155,   1.498,   0.900,   1.498,   0.900,   1.498
202605200106,   0.755,   1.518,9999.000,9999.000,9999.000,9999.000,9999.000,9999.000,9999.000
202605200112,   0.757,   1.498,9999.000,9999.000,9999.000,9999.000,9999.000,9999.000,9999.000
202605200118,   0.759,   1.489,9999.000,9999.000,9999.000,9999.000,9999.000,9999.000,9999.000
202605200124,   0.761,   1.498,9999.000,9999.000,9999.000,9999.000,9999.000,9999.000,9999.000
202605200130,   0.762,   1.557,9999.000,9999.000,9999.000,9999.000,9999.000,9999.000,9999.000
202605200136,   0.764,   1.571,9999.000,9999.000,9999.000,9999.000,9999.000,9999.000,9999.000
202605200142,   0.765,   1.580,9999.000,9999.000,9999.000,9999.000,9999.000,9999.000,9999.000
202605200148,   0.767,   1.580,9999.000,9999.000,9999.000,9999.000,9999.000,9999.000,9999.000
202605200154,   0.768,   1.571,9999.000,9999.000,9999.000,9999.000,9999.000,9999.000,9999.000
202605200200,   0.769,   1.580,   0.900,  -0.089,   1.580,   0.900,   1.580,   0.900,   1.580
202605200206,   0.770,   1.610,9999.000,9999.000,9999.000,9999.000,9999.000,9999.000,9999.000
202605200212,   0.770,   1.600,9999.000,9999.000,9999.000,9999.000,9999.000,9999.000,9999.000
202605200218,   0.771,   1.610,9999.000,9999.000,9999.000,9999.000,9999.000,9999.000,9999.000
202605200224,   0.771,   1.620,9999.000,9999.000,9999.000,9999.000,9999.000,9999.000,9999.000
202605200230,   0.771,   1.639,9999.000,9999.000,9999.000,9999.000,9999.000,9999.000,9999.000
202605200236,   0.772,   1.639,9999.000,9999.000,9999.000,9999.000,9999.000,9999.000,9999.000
202605200242,   0.771,   1.639,9999.000,9999.000,9999.000,9999.000,9999.000,9999.000,9999.000
202605200248,   0.771,   1.649,9999.000,9999.000,9999.000,9999.000,9999.000,9999.000,9999.000
202605200254,   0.771,   1.649,9999.000,9999.000,9999.000,9999.000,9999.000,9999.000,9999.000
202605200300,   0.770,   1.649,   0.900,  -0.021,   1.649,   0.900,   1.649,   0.900,   1.649
202605200306,   0.770,   1.669,9999.000,9999.000,9999.000,9999.000,9999.000,9999.000,9999.000
202605200312,   0.769,   1.659,9999.000,9999.000,9999.000,9999.000,9999.000,9999.000,9999.000
202605200318,   0.768,   1.639,9999.000,9999.000,9999.000,9999.000,9999.000,9999.000,9999.000
202605200324,   0.767,   1.610,9999.000,9999.000,9999.000,9999.000,9999.000,9999.000,9999.000
202605200330,   0.765,   1.600,9999.000,9999.000,9999.000,9999.000,9999.000,9999.000,9999.000
202605200336,   0.764,   1.571,9999.000,9999.000,9999.000,9999.000,9999.000,9999.000,9999.000
202605200342,   0.762,   1.548,9999.000,9999.000,9999.000,9999.000,9999.000,9999.000,9999.000
202605200348,   0.761,   1.538,9999.000,9999.000,9999.000,9999.000,9999.000,9999.000,9999.000
202605200354,   0.759,   1.528,9999.000,9999.000,9999.000,9999.000,9999.000,9999.000,9999.000
202605200400,   0.757,   1.518,   0.900,  -0.139,   1.518,   0.900,   1.518,   0.900,   1.518
202605200406,   0.755,   1.498,9999.000,9999.000,9999.000,9999.000,9999.000,9999.000,9999.000
202605200412,   0.753,   1.479,9999.000,9999.000,9999.000,9999.000,9999.000,9999.000,9999.000
202605200418,   0.751,   1.469,9999.000,9999.000,9999.000,9999.000,9999.000,9999.000,9999.000
202605200424,   0.748,   1.459,9999.000,9999.000,9999.000,9999.000,9999.000,9999.000,9999.000
202605200430,   0.746,   1.449,9999.000,9999.000,9999.000,9999.000,9999.000,9999.000,9999.000
202605200436,   0.743,   1.449,9999.000,9999.000,9999.000,9999.000,9999.000,9999.000,9999.000
202605200442,   0.741,   1.430,9999.000,9999.000,9999.000,9999.000,9999.000,9999.000,9999.000
202605200448,   0.738,   1.420,9999.000,9999.000,9999.000,9999.000,9999.000,9999.000,9999.000
202605200454,   0.735,   1.410,9999.000,9999.000,9999.000,9999.000,9999.000,9999.000,9999.000
202605200500,   0.732,   1.390,   0.900,  -0.242,   1.390,   0.900,   1.390,   0.900,   1.390
202605200506,   0.729,   1.380,9999.000,9999.000,9999.000,9999.000,9999.000,9999.000,9999.000
202605200512,   0.726,   1.390,9999.000,9999.000,9999.000,9999.000,9999.000,9999.000,9999.000
202605200518,   0.723,   1.390,9999.000,9999.000,9999.000,9999.000,9999.000,9999.000,9999.000
202605200524,   0.720,   1.410,9999.000,9999.000,9999.000,9999.000,9999.000,9999.000,9999.000
202605200530,   0.717,   1.420,9999.000,9999.000,9999.000,9999.000,9999.000,9999.000,9999.000
202605200536,   0.714,   1.420,9999.000,9999.000,9999.000,9999.000,9999.000,9999.000,9999.000
202605200542,   0.710,   1.410,9999.000,9999.000,9999.000,9999.000,9999.000,9999.000,9999.000
202605200548,   0.707,   1.420,9999.000,9999.000,9999.000,9999.000,9999.000,9999.000,9999.000
202605200554,   0.703,   1.439,9999.000,9999.000,9999.000,9999.000,9999.000,9999.000,9999.000
202605200600,   0.700,   1.439,   0.800,  -0.061,   1.439,   0.800,   1.439,   0.900,   1.539
202605200606,   0.696,   1.449,9999.000,9999.000,9999.000,9999.000,9999.000,9999.000,9999.000
202605200612,   0.692,   1.439,9999.000,9999.000,9999.000,9999.000,9999.000,9999.000,9999.000
202605200618,   0.688,   1.439,9999.000,9999.000,9999.000,9999.000,9999.000,9999.000,9999.000
202605200624,   0.685,   1.439,9999.000,9999.000,9999.000,9999.000,9999.000,9999.000,9999.000
202605200630,   0.681,   1.430,9999.000,9999.000,9999.000,9999.000,9999.000,9999.000,9999.000
202605200636,   0.677,   1.439,9999.000,9999.000,9999.000,9999.000,9999.000,9999.000,9999.000
202605200642,   0.673,   1.439,9999.000,9999.000,9999.000,9999.000,9999.000,9999.000,9999.000
202605200648,   0.668,   1.430,9999.000,9999.000,9999.000,9999.000,9999.000,9999.000,9999.000
202605200654,   0.664,   1.430,9999.000,9999.000,9999.000,9999.000,9999.000,9999.000,9999.000
202605200700,   0.660,   1.410,   0.800,  -0.050,   1.410,   0.800,   1.410,   0.900,   1.510
202605200706,   0.655,   1.400,9999.000,9999.000,9999.000,9999.000,9999.000,9999.000,9999.000
202605200712,   0.651,   1.400,9999.000,9999.000,9999.000,9999.000,9999.000,9999.000,9999.000
202605200718,   0.646,   1.390,9999.000,9999.000,9999.000,9999.000,9999.000,9999.000,9999.000
202605200724,   0.642,   1.400,9999.000,9999.000,9999.000,9999.000,9999.000,9999.000,9999.000
202605200730,   0.637,   1.390,9999.000,9999.000,9999.000,9999.000,9999.000,9999.000,9999.000
202605200736,   0.632,   1.390,9999.000,9999.000,9999.000,9999.000,9999.000,9999.000,9999.000
202605200742,   0.627,   1.371,9999.000,9999.000,9999.000,9999.000,9999.000,9999.000,9999.000
202605200748,   0.622,   1.318,9999.000,9999.000,9999.000,9999.000,9999.000,9999.000,9999.000
202605200754,   0.617,   1.249,9999.000,9999.000,9999.000,9999.000,9999.000,9999.000,9999.000
202605200800,   0.612,   1.138,   0.800,  -0.274,   1.138,   0.800,   1.138,   0.900,   1.238
202605200806,   0.607,   1.010,9999.000,9999.000,9999.000,9999.000,9999.000,9999.000,9999.000
202605200812,   0.602,   0.941,9999.000,9999.000,9999.000,9999.000,9999.000,9999.000,9999.000
202605200818,   0.596,   0.790,9999.000,9999.000,9999.000,9999.000,9999.000,9999.000,9999.000
202605200824,   0.591,   0.718,9999.000,9999.000,9999.000,9999.000,9999.000,9999.000,9999.000
202605200830,   0.586,   0.590,9999.000,9999.000,9999.000,9999.000,9999.000,9999.000,9999.000
202605200836,   0.580,   0.619,9999.000,9999.000,9999.000,9999.000,9999.000,9999.000,9999.000
202605200842,   0.574,   0.639,9999.000,9999.000,9999.000,9999.000,9999.000,9999.000,9999.000
202605200848,   0.569,   0.718,9999.000,9999.000,9999.000,9999.000,9999.000,9999.000,9999.000
202605200854,   0.563,   0.688,9999.000,9999.000,9999.000,9999.000,9999.000,9999.000,9999.000
202605200900,   0.557,   0.688,   0.800,  -0.669,   0.688,   0.800,   0.688,   0.800,   0.688
202605200906,   0.551,   0.669,9999.000,9999.000,9999.000,9999.000,9999.000,9999.000,9999.000
202605200912,   0.545,   0.708,9999.000,9999.000,9999.000,9999.000,9999.000,9999.000,9999.000
202605200918,   0.540,   0.678,9999.000,9999.000,9999.000,9999.000,9999.000,9999.000,9999.000
202605200924,   0.534,   0.619,9999.000,9999.000,9999.000,9999.000,9999.000,9999.000,9999.000
202605200930,   0.528,   0.580,9999.000,9999.000,9999.000,9999.000,9999.000,9999.000,9999.000
202605200936,   0.522,   0.560,9999.000,9999.000,9999.000,9999.000,9999.000,9999.000,9999.000
202605200942,   0.516,   0.541,9999.000,9999.000,9999.000,9999.000,9999.000,9999.000,9999.000
202605200948,   0.510,   0.541,9999.000,9999.000,9999.000,9999.000,9999.000,9999.000,9999.000
202605200954,   0.504,   0.518,9999.000,9999.000,9999.000,9999.000,9999.000,9999.000,9999.000
202605201000,   0.498,   0.541,   0.800,  -0.757,   0.541,   0.800,   0.541,   0.800,   0.541
202605201006,   0.492,   0.469,9999.000,9999.000,9999.000,9999.000,9999.000,9999.000,9999.000
202605201012,   0.486,   0.541,9999.000,9999.000,9999.000,9999.000,9999.000,9999.000,9999.000
202605201018,   0.481,   0.560,9999.000,9999.000,9999.000,9999.000,9999.000,9999.000,9999.000
202605201024,   0.475,   0.639,9999.000,9999.000,9999.000,9999.000,9999.000,9999.000,9999.000
202605201030,   0.469,   0.698,9999.000,9999.000,9999.000,9999.000,9999.000,9999.000,9999.000
202605201036,   0.464,   0.751,9999.000,9999.000,9999.000,9999.000,9999.000,9999.000,9999.000
202605201042,   0.458,   0.659,9999.000,9999.000,9999.000,9999.000,9999.000,9999.000,9999.000
202605201048,   0.453,   0.541,9999.000,9999.000,9999.000,9999.000,9999.000,9999.000,9999.000
202605201054,   0.448,   0.429,9999.000,9999.000,9999.000,9999.000,9999.000,9999.000,9999.000
202605201100,   0.442,   0.298,   0.800,  -0.944,   0.298,   0.800,   0.298,   0.800,   0.298
202605201106,   0.437,   0.308,9999.000,9999.000,9999.000,9999.000,9999.000,9999.000,9999.000
202605201112,   0.432,   0.288,9999.000,9999.000,9999.000,9999.000,9999.000,9999.000,9999.000
202605201118,   0.428,   0.419,9999.000,9999.000,9999.000,9999.000,9999.000,9999.000,9999.000
202605201124,   0.423,   0.508,9999.000,9999.000,9999.000,9999.000,9999.000,9999.000,9999.000
202605201130,   0.418,   0.570,9999.000,9999.000,9999.000,9999.000,9999.000,9999.000,9999.000
202605201136,   0.414,   0.580,9999.000,9999.000,9999.000,9999.000,9999.000,9999.000,9999.000
202605201142,   0.410,   0.688,9999.000,9999.000,9999.000,9999.000,9999.000,9999.000,9999.000
202605201148,   0.406,   0.780,9999.000,9999.000,9999.000,9999.000,9999.000,9999.000,9999.000
202605201154,   0.402,   0.941,9999.000,9999.000,9999.000,9999.000,9999.000,9999.000,9999.000
202605201200,   0.398,   0.970,   0.800,  -0.228,   0.970,   0.700,   0.870,   0.800,   0.970
202605201206,   0.394,   0.918,9999.000,9999.000,9999.000,9999.000,9999.000,9999.000,9999.000
202605201212,   0.391,   0.898,9999.000,9999.000,9999.000,9999.000,9999.000,9999.000,9999.000
202605201218,   0.387,   0.928,9999.000,9999.000,9999.000,9999.000,9999.000,9999.000,9999.000
202605201224,   0.384,   0.970,9999.000,9999.000,9999.000,9999.000,9999.000,9999.000,9999.000
202605201230,   0.381,   1.059,9999.000,9999.000,9999.000,9999.000,9999.000,9999.000,9999.000
202605201236,   0.378,   1.180,9999.000,9999.000,9999.000,9999.000,9999.000,9999.000,9999.000
202605201242,   0.376,   1.190,9999.000,9999.000,9999.000,9999.000,9999.000,9999.000,9999.000
202605201248,   0.373,   1.151,9999.000,9999.000,9999.000,9999.000,9999.000,9999.000,9999.000
202605201254,   0.371,   1.088,9999.000,9999.000,9999.000,9999.000,9999.000,9999.000,9999.000
202605201300,   0.369,   1.069,   0.800,  -0.100,   1.069,   0.700,   0.969,   0.800,   1.069
202605201306,   0.367,   1.039,9999.000,9999.000,9999.000,9999.000,9999.000,9999.000,9999.000
202605201312,   0.365,   1.049,9999.000,9999.000,9999.000,9999.000,9999.000,9999.000,9999.000
202605201318,   0.363,   1.049,9999.000,9999.000,9999.000,9999.000,9999.000,9999.000,9999.000
202605201324,   0.361,   1.118,9999.000,9999.000,9999.000,9999.000,9999.000,9999.000,9999.000
202605201330,   0.360,   1.128,9999.000,9999.000,9999.000,9999.000,9999.000,9999.000,9999.000
202605201336,   0.359,   1.180,9999.000,9999.000,9999.000,9999.000,9999.000,9999.000,9999.000
202605201342,   0.358,   1.269,9999.000,9999.000,9999.000,9999.000,9999.000,9999.000,9999.000
202605201348,   0.357,   1.361,9999.000,9999.000,9999.000,9999.000,9999.000,9999.000,9999.000
202605201354,   0.356,   1.390,9999.000,9999.000,9999.000,9999.000,9999.000,9999.000,9999.000
202605201400,   0.356,   1.420,   0.800,   0.264,   1.420,   0.700,   1.320,   0.800,   1.420
202605201406,   0.355,   1.361,9999.000,9999.000,9999.000,9999.000,9999.000,9999.000,9999.000
202605201412,   0.355,   1.361,9999.000,9999.000,9999.000,9999.000,9999.000,9999.000,9999.000
202605201418,   0.355,   1.269,9999.000,9999.000,9999.000,9999.000,9999.000,9999.000,9999.000
202605201424,   0.355,   1.239,9999.000,9999.000,9999.000,9999.000,9999.000,9999.000,9999.000
202605201430,   0.355,   1.170,9999.000,9999.000,9999.000,9999.000,9999.000,9999.000,9999.000
202605201436,   0.355,   1.229,9999.000,9999.000,9999.000,9999.000,9999.000,9999.000,9999.000
202605201442,   0.356,   1.161,9999.000,9999.000,9999.000,9999.000,9999.000,9999.000,9999.000
202605201448,   0.356,   1.108,9999.000,9999.000,9999.000,9999.000,9999.000,9999.000,9999.000
202605201454,   0.357,   1.079,9999.000,9999.000,9999.000,9999.000,9999.000,9999.000,9999.000
202605201500,   0.358,   1.079,   0.800,  -0.079,   1.079,   0.700,   0.979,   0.800,   1.079
202605201506,   0.359,   1.138,9999.000,9999.000,9999.000,9999.000,9999.000,9999.000,9999.000
202605201512,   0.360,   1.180,9999.000,9999.000,9999.000,9999.000,9999.000,9999.000,9999.000
202605201518,   0.362,   1.088,9999.000,9999.000,9999.000,9999.000,9999.000,9999.000,9999.000
202605201524,   0.363,   1.069,9999.000,9999.000,9999.000,9999.000,9999.000,9999.000,9999.000
202605201530,   0.365,   0.990,9999.000,9999.000,9999.000,9999.000,9999.000,9999.000,9999.000
202605201536,   0.366,   0.980,9999.000,9999.000,9999.000,9999.000,9999.000,9999.000,9999.000
202605201542,   0.368,   0.951,9999.000,9999.000,9999.000,9999.000,9999.000,9999.000,9999.000
202605201548,   0.370,   0.908,9999.000,9999.000,9999.000,9999.000,9999.000,9999.000,9999.000
202605201554,   0.372,   0.908,9999.000,9999.000,9999.000,9999.000,9999.000,9999.000,9999.000
202605201600,   0.375,   0.918,   0.800,  -0.257,   0.918,   0.800,   0.918,   0.800,   0.918
202605201606,   0.377,   0.908,9999.000,9999.000,9999.000,9999.000,9999.000,9999.000,9999.000
202605201612,   0.380,   0.898,9999.000,9999.000,9999.000,9999.000,9999.000,9999.000,9999.000
202605201618,   0.382,   0.928,9999.000,9999.000,9999.000,9999.000,9999.000,9999.000,9999.000
202605201624,   0.385,   1.020,9999.000,9999.000,9999.000,9999.000,9999.000,9999.000,9999.000
202605201630,   0.388,   1.118,9999.000,9999.000,9999.000,9999.000,9999.000,9999.000,9999.000
202605201636,   0.391,   1.098,9999.000,9999.000,9999.000,9999.000,9999.000,9999.000,9999.000
202605201642,   0.394,   1.151,9999.000,9999.000,9999.000,9999.000,9999.000,9999.000,9999.000
202605201648,   0.397,   1.151,9999.000,9999.000,9999.000,9999.000,9999.000,9999.000,9999.000
202605201654,   0.401,   1.161,9999.000,9999.000,9999.000,9999.000,9999.000,9999.000,9999.000
202605201700,   0.404,   1.259,   0.800,   0.055,   1.259,   0.700,   1.159,   0.800,   1.259
202605201706,   0.408,   1.328,9999.000,9999.000,9999.000,9999.000,9999.000,9999.000,9999.000
202605201712,   0.412,   1.361,9999.000,9999.000,9999.000,9999.000,9999.000,9999.000,9999.000
202605201718,   0.415,   1.348,9999.000,9999.000,9999.000,9999.000,9999.000,9999.000,9999.000
202605201724,   0.419,   1.390,9999.000,9999.000,9999.000,9999.000,9999.000,9999.000,9999.000
202605201730,   0.423,   1.400,9999.000,9999.000,9999.000,9999.000,9999.000,9999.000,9999.000
202605201736,   0.427,   1.380,9999.000,9999.000,9999.000,9999.000,9999.000,9999.000,9999.000
202605201742,   0.431,   1.410,9999.000,9999.000,9999.000,9999.000,9999.000,9999.000,9999.000
202605201748,   0.436,   1.390,9999.000,9999.000,9999.000,9999.000,9999.000,9999.000,9999.000
202605201754,   0.440,   1.430,9999.000,9999.000,9999.000,9999.000,9999.000,9999.000,9999.000
202605201800,   0.444,   1.410,   0.800,   0.166,   1.410,   0.800,   1.410,   0.800,   1.410
202605201806,   0.449,   1.420,9999.000,9999.000,9999.000,9999.000,9999.000,9999.000,9999.000
202605201812,   0.453,   1.430,9999.000,9999.000,9999.000,9999.000,9999.000,9999.000,9999.000
202605201818,   0.458,   1.469,9999.000,9999.000,9999.000,9999.000,9999.000,9999.000,9999.000
202605201824,   0.462,   1.508,9999.000,9999.000,9999.000,9999.000,9999.000,9999.000,9999.000
202605201830,   0.467,   1.571,9999.000,9999.000,9999.000,9999.000,9999.000,9999.000,9999.000
202605201836,   0.471,   1.580,9999.000,9999.000,9999.000,9999.000,9999.000,9999.000,9999.000
202605201842,   0.476,   1.580,9999.000,9999.000,9999.000,9999.000,9999.000,9999.000,9999.000
202605201848,   0.481,   1.571,9999.000,9999.000,9999.000,9999.000,9999.000,9999.000,9999.000
202605201854,   0.485,   1.557,9999.000,9999.000,9999.000,9999.000,9999.000,9999.000,9999.000
202605201900,   0.490,   1.538,   0.800,   0.248,   1.538,   0.800,   1.538,   0.800,   1.538
202605201906,   0.495,   1.528,9999.000,9999.000,9999.000,9999.000,9999.000,9999.000,9999.000
202605201912,   0.499,   1.528,9999.000,9999.000,9999.000,9999.000,9999.000,9999.000,9999.000
202605201918,   0.504,   1.518,9999.000,9999.000,9999.000,9999.000,9999.000,9999.000,9999.000
202605201924,   0.508,   1.489,9999.000,9999.000,9999.000,9999.000,9999.000,9999.000,9999.000
202605201930,   0.513,   1.449,9999.000,9999.000,9999.000,9999.000,9999.000,9999.000,9999.000
202605201936,   0.517,   1.420,9999.000,9999.000,9999.000,9999.000,9999.000,9999.000,9999.000
202605201942,   0.522,   1.400,9999.000,9999.000,9999.000,9999.000,9999.000,9999.000,9999.000
202605201948,   0.526,   1.400,9999.000,9999.000,9999.000,9999.000,9999.000,9999.000,9999.000
202605201954,   0.531,   1.380,9999.000,9999.000,9999.000,9999.000,9999.000,9999.000,9999.000
202605202000,   0.535,   1.361,   0.800,   0.026,   1.361,   0.800,   1.361,   0.800,   1.361
202605202006,   0.539,   1.348,9999.000,9999.000,9999.000,9999.000,9999.000,9999.000,9999.000
202605202012,   0.544,   1.361,9999.000,9999.000,9999.000,9999.000,9999.000,9999.000,9999.000
202605202018,   0.548,   1.328,9999.000,9999.000,9999.000,9999.000,9999.000,9999.000,9999.000
202605202024,   0.552,   1.348,9999.000,9999.000,9999.000,9999.000,9999.000,9999.000,9999.000
202605202030,   0.556,   1.338,9999.000,9999.000,9999.000,9999.000,9999.000,9999.000,9999.000
202605202036,   0.560,   1.328,9999.000,9999.000,9999.000,9999.000,9999.000,9999.000,9999.000
202605202042,   0.564,   1.338,9999.000,9999.000,9999.000,9999.000,9999.000,9999.000,9999.000
202605202048,   0.568,   1.318,9999.000,9999.000,9999.000,9999.000,9999.000,9999.000,9999.000
202605202054,   0.572,   1.298,9999.000,9999.000,9999.000,9999.000,9999.000,9999.000,9999.000
202605202100,   0.576,   1.298,   0.800,  -0.078,   1.298,   0.800,   1.298,   0.800,   1.298
202605202106,   0.579,   1.308,9999.000,9999.000,9999.000,9999.000,9999.000,9999.000,9999.000
202605202112,   0.583,   1.338,9999.000,9999.000,9999.000,9999.000,9999.000,9999.000,9999.000
202605202118,   0.587,   1.308,9999.000,9999.000,9999.000,9999.000,9999.000,9999.000,9999.000
202605202124,   0.591,   1.348,9999.000,9999.000,9999.000,9999.000,9999.000,9999.000,9999.000
202605202130,   0.594,   1.380,9999.000,9999.000,9999.000,9999.000,9999.000,9999.000,9999.000
202605202136,   0.598,   1.348,9999.000,9999.000,9999.000,9999.000,9999.000,9999.000,9999.000
202605202142,   0.601,   1.328,9999.000,9999.000,9999.000,9999.000,9999.000,9999.000,9999.000
202605202148,   0.605,   1.328,9999.000,9999.000,9999.000,9999.000,9999.000,9999.000,9999.000
202605202154,   0.609,   1.298,9999.000,9999.000,9999.000,9999.000,9999.000,9999.000,9999.000
202605202200,   0.612,   1.328,   0.800,  -0.084,   1.328,   0.800,   1.328,   0.800,   1.328
202605202206,   0.616,   1.328,9999.000,9999.000,9999.000,9999.000,9999.000,9999.000,9999.000
202605202212,   0.619,   1.318,9999.000,9999.000,9999.000,9999.000,9999.000,9999.000,9999.000
202605202218,   0.622,   1.328,9999.000,9999.000,9999.000,9999.000,9999.000,9999.000,9999.000
202605202224,   0.626,   1.318,9999.000,9999.000,9999.000,9999.000,9999.000,9999.000,9999.000
202605202230,   0.629,   1.348,9999.000,9999.000,9999.000,9999.000,9999.000,9999.000,9999.000
202605202236,   0.633,   1.380,9999.000,9999.000,9999.000,9999.000,9999.000,9999.000,9999.000
202605202242,   0.636,   1.390,9999.000,9999.000,9999.000,9999.000,9999.000,9999.000,9999.000
202605202248,   0.640,   1.380,9999.000,9999.000,9999.000,9999.000,9999.000,9999.000,9999.000
202605202254,   0.643,   1.390,9999.000,9999.000,9999.000,9999.000,9999.000,9999.000,9999.000
202605202300,   0.647,   1.361,   0.800,  -0.086,   1.361,   0.800,   1.361,   0.800,   1.361
202605202306,   0.650,   1.361,9999.000,9999.000,9999.000,9999.000,9999.000,9999.000,9999.000
202605202312,   0.654,   1.390,9999.000,9999.000,9999.000,9999.000,9999.000,9999.000,9999.000
202605202318,   0.657,   1.400,9999.000,9999.000,9999.000,9999.000,9999.000,9999.000,9999.000
202605202324,   0.661,   1.390,9999.000,9999.000,9999.000,9999.000,9999.000,9999.000,9999.000
202605202330,   0.664,   1.390,9999.000,9999.000,9999.000,9999.000,9999.000,9999.000,9999.000
202605202336,   0.668,   1.400,9999.000,9999.000,9999.000,9999.000,9999.000,9999.000,9999.000
202605202342,   0.671,   1.400,9999.000,9999.000,9999.000,9999.000,9999.000,9999.000,9999.000
202605202348,   0.675,   1.410,9999.000,9999.000,9999.000,9999.000,9999.000,9999.000,9999.000
202605202354,   0.678,   1.420,9999.000,9999.000,9999.000,9999.000,9999.000,9999.000,9999.000
202605210000,   0.682,   1.430,   0.800,  -0.052,   1.430,   0.800,   1.430,   0.800,   1.430
202605210006,   0.685,   1.410,9999.000,9999.000,9999.000,9999.000,9999.000,9999.000,9999.000
202605210012,   0.688,   1.400,9999.000,9999.000,9999.000,9999.000,9999.000,9999.000,9999.000
202605210018,   0.692,   1.430,9999.000,9999.000,9999.000,9999.000,9999.000,9999.000,9999.000
202605210024,   0.695,   1.439,9999.000,9999.000,9999.000,9999.000,9999.000,9999.000,9999.000
202605210030,   0.699,   1.459,9999.000,9999.000,9999.000,9999.000,9999.000,9999.000,9999.000
202605210036,   0.702,   1.469,9999.000,9999.000,9999.000,9999.000,9999.000,9999.000,9999.000
202605210042,   0.705,   1.498,9999.000,9999.000,9999.000,9999.000,9999.000,9999.000,9999.000
202605210048,   0.708,   1.518,9999.000,9999.000,9999.000,9999.000,9999.000,9999.000,9999.000
202605210054,   0.711,   1.528,9999.000,9999.000,9999.000,9999.000,9999.000,9999.000,9999.000
202605210100,   0.714,   1.528,   0.800,   0.014,   1.528,   0.800,   1.528,   0.800,   1.528
202605210106,   0.717,   1.528,9999.000,9999.000,9999.000,9999.000,9999.000,9999.000,9999.000
202605210112,   0.720,   1.528,9999.000,9999.000,9999.000,9999.000,9999.000,9999.000,9999.000
202605210118,   0.723,   1.518,9999.000,9999.000,9999.000,9999.000,9999.000,9999.000,9999.000
202605210124,   0.726,   1.518,9999.000,9999.000,9999.000,9999.000,9999.000,9999.000,9999.000
202605210130,   0.728,   1.508,9999.000,9999.000,9999.000,9999.000,9999.000,9999.000,9999.000
202605210136,   0.731,   1.508,9999.000,9999.000,9999.000,9999.000,9999.000,9999.000,9999.000
202605210142,   0.733,   1.518,9999.000,9999.000,9999.000,9999.000,9999.000,9999.000,9999.000
202605210148,   0.736,   1.518,9999.000,9999.000,9999.000,9999.000,9999.000,9999.000,9999.000
202605210154,   0.738,   1.518,9999.000,9999.000,9999.000,9999.000,9999.000,9999.000,9999.000
202605210200,   0.740,   1.508,   0.800,  -0.032,   1.508,   0.800,   1.508,   0.800,   1.508
202605210206,   0.742,   1.498,9999.000,9999.000,9999.000,9999.000,9999.000,9999.000,9999.000
202605210212,   0.744,   1.489,9999.000,9999.000,9999.000,9999.000,9999.000,9999.000,9999.000
202605210218,   0.745,   1.508,9999.000,9999.000,9999.000,9999.000,9999.000,9999.000,9999.000
202605210224,   0.747,   1.489,9999.000,9999.000,9999.000,9999.000,9999.000,9999.000,9999.000
202605210230,   0.748,   1.459,9999.000,9999.000,9999.000,9999.000,9999.000,9999.000,9999.000
202605210236,   0.750,   1.498,9999.000,9999.000,9999.000,9999.000,9999.000,9999.000,9999.000
202605210242,   0.751,   1.498,9999.000,9999.000,9999.000,9999.000,9999.000,9999.000,9999.000
202605210248,   0.752,   1.498,9999.000,9999.000,9999.000,9999.000,9999.000,9999.000,9999.000
202605210254,   0.753,   1.518,9999.000,9999.000,9999.000,9999.000,9999.000,9999.000,9999.000
202605210300,   0.753,   1.518,   0.800,  -0.035,   1.518,   0.800,   1.518,   0.800,   1.518
202605210306,   0.754,   1.489,9999.000,9999.000,9999.000,9999.000,9999.000,9999.000,9999.000
202605210312,   0.755,   1.498,9999.000,9999.000,9999.000,9999.000,9999.000,9999.000,9999.000
202605210318,   0.755,   1.538,9999.000,9999.000,9999.000,9999.000,9999.000,9999.000,9999.000
202605210324,   0.755,   1.508,9999.000,9999.000,9999.000,9999.000,9999.000,9999.000,9999.000
202605210330,   0.755,   1.528,9999.000,9999.000,9999.000,9999.000,9999.000,9999.000,9999.000
202605210336,   0.755,   1.528,9999.000,9999.000,9999.000,9999.000,9999.000,9999.000,9999.000
202605210342,   0.755,   1.557,9999.000,9999.000,9999.000,9999.000,9999.000,9999.000,9999.000
202605210348,   0.754,   1.557,9999.000,9999.000,9999.000,9999.000,9999.000,9999.000,9999.000
202605210354,   0.754,   1.580,9999.000,9999.000,9999.000,9999.000,9999.000,9999.000,9999.000
202605210400,   0.753,   1.571,   0.800,   0.018,   1.571,   0.800,   1.571,   0.900,   1.671
202605210406,   0.753,   1.571,9999.000,9999.000,9999.000,9999.000,9999.000,9999.000,9999.000
202605210412,   0.752,   1.571,9999.000,9999.000,9999.000,9999.000,9999.000,9999.000,9999.000
202605210418,   0.751,   1.557,9999.000,9999.000,9999.000,9999.000,9999.000,9999.000,9999.000
202605210424,   0.750,   1.571,9999.000,9999.000,9999.000,9999.000,9999.000,9999.000,9999.000
202605210430,   0.749,   1.557,9999.000,9999.000,9999.000,9999.000,9999.000,9999.000,9999.000
202605210436,   0.748,   1.557,9999.000,9999.000,9999.000,9999.000,9999.000,9999.000,9999.000
202605210442,   0.746,   1.590,9999.000,9999.000,9999.000,9999.000,9999.000,9999.000,9999.000
202605210448,   0.745,   1.600,9999.000,9999.000,9999.000,9999.000,9999.000,9999.000,9999.000
202605210454,   0.743,   1.620,9999.000,9999.000,9999.000,9999.000,9999.000,9999.000,9999.000
202605210500,   0.742,   1.610,   0.800,   0.068,   1.610,   0.800,   1.610,   0.900,   1.710
202605210506,   0.740,   1.610,9999.000,9999.000,9999.000,9999.000,9999.000,9999.000,9999.000
202605210512,   0.738,   1.590,9999.000,9999.000,9999.000,9999.000,9999.000,9999.000,9999.000
202605210518,   0.736,   1.557,9999.000,9999.000,9999.000,9999.000,9999.000,9999.000,9999.000
202605210524,   0.734,   1.548,9999.000,9999.000,9999.000,9999.000,9999.000,9999.000,9999.000
202605210530,   0.732,   1.538,9999.000,9999.000,9999.000,9999.000,9999.000,9999.000,9999.000
202605210536,   0.730,   1.538,9999.000,9999.000,9999.000,9999.000,9999.000,9999.000,9999.000
202605210542,   0.728,   1.528,9999.000,9999.000,9999.000,9999.000,9999.000,9999.000,9999.000
202605210548,   0.725,   1.528,9999.000,9999.000,9999.000,9999.000,9999.000,9999.000,9999.000
202605210554,   0.723,   1.528,9999.000,9999.000,9999.000,9999.000,9999.000,9999.000,9999.000
202605210600,   0.721,   1.518,   0.800,  -0.003,   1.518,   0.800,   1.518,   0.800,   1.518
202605210606,   0.718,   1.489,9999.000,9999.000,9999.000,9999.000,9999.000,9999.000,9999.000
202605210612,   0.715,   1.479,9999.000,9999.000,9999.000,9999.000,9999.000,9999.000,9999.000
202605210618,   0.713,   1.459,9999.000,9999.000,9999.000,9999.000,9999.000,9999.000,9999.000
202605210624,   0.710,   1.449,9999.000,9999.000,9999.000,9999.000,9999.000,9999.000,9999.000
202605210630,   0.707,   1.439,9999.000,9999.000,9999.000,9999.000,9999.000,9999.000,9999.000
202605210636,   0.704,   1.430,9999.000,9999.000,9999.000,9999.000,9999.000,9999.000,9999.000
202605210642,   0.701,   1.420,9999.000,9999.000,9999.000,9999.000,9999.000,9999.000,9999.000
202605210648,   0.697,   1.410,9999.000,9999.000,9999.000,9999.000,9999.000,9999.000,9999.000
202605210654,   0.694,   1.410,9999.000,9999.000,9999.000,9999.000,9999.000,9999.000,9999.000
202605210700,   0.690,   1.410,   0.800,  -0.080,   1.410,   0.800,   1.410,   0.800,   1.410
202605210706,   0.687,   1.410,9999.000,9999.000,9999.000,9999.000,9999.000,9999.000,9999.000
202605210712,   0.683,   1.410,9999.000,9999.000,9999.000,9999.000,9999.000,9999.000,9999.000
202605210718,   0.679,   1.390,9999.000,9999.000,9999.000,9999.000,9999.000,9999.000,9999.000
202605210724,   0.676,   1.380,9999.000,9999.000,9999.000,9999.000,9999.000,9999.000,9999.000
202605210730,   0.672,   1.390,9999.000,9999.000,9999.000,9999.000,9999.000,9999.000,9999.000
202605210736,   0.668,   1.380,9999.000,9999.000,9999.000,9999.000,9999.000,9999.000,9999.000
202605210742,   0.663,   1.380,9999.000,9999.000,9999.000,9999.000,9999.000,9999.000,9999.000
202605210748,   0.659,   1.380,9999.000,9999.000,9999.000,9999.000,9999.000,9999.000,9999.000
202605210754,   0.655,   1.380,9999.000,9999.000,9999.000,9999.000,9999.000,9999.000,9999.000
202605210800,   0.650,   1.380,   0.800,  -0.070,   1.380,   0.800,   1.380,   0.800,   1.380
202605210806,   0.645,   1.348,9999.000,9999.000,9999.000,9999.000,9999.000,9999.000,9999.000
202605210812,   0.641,   1.338,9999.000,9999.000,9999.000,9999.000,9999.000,9999.000,9999.000
202605210818,   0.636,   1.328,9999.000,9999.000,9999.000,9999.000,9999.000,9999.000,9999.000
202605210824,   0.631,   1.328,9999.000,9999.000,9999.000,9999.000,9999.000,9999.000,9999.000
202605210830,   0.626,   1.328,9999.000,9999.000,9999.000,9999.000,9999.000,9999.000,9999.000
202605210836,   0.621,   1.348,9999.000,9999.000,9999.000,9999.000,9999.000,9999.000,9999.000
202605210842,   0.615,   1.371,9999.000,9999.000,9999.000,9999.000,9999.000,9999.000,9999.000
202605210848,   0.610,   1.380,9999.000,9999.000,9999.000,9999.000,9999.000,9999.000,9999.000
202605210854,   0.605,   1.400,9999.000,9999.000,9999.000,9999.000,9999.000,9999.000,9999.000
202605210900,   0.599,   1.390,   0.800,  -0.009,   1.390,   0.800,   1.390,   0.800,   1.390
202605210906,   0.594,   1.371,9999.000,9999.000,9999.000,9999.000,9999.000,9999.000,9999.000
202605210912,   0.588,   1.348,9999.000,9999.000,9999.000,9999.000,9999.000,9999.000,9999.000
202605210918,   0.582,   1.328,9999.000,9999.000,9999.000,9999.000,9999.000,9999.000,9999.000
202605210924,   0.576,   1.318,9999.000,9999.000,9999.000,9999.000,9999.000,9999.000,9999.000
202605210930,   0.571,   1.318,9999.000,9999.000,9999.000,9999.000,9999.000,9999.000,9999.000
202605210936,   0.565,   1.318,9999.000,9999.000,9999.000,9999.000,9999.000,9999.000,9999.000
202605210942,   0.559,   1.318,9999.000,9999.000,9999.000,9999.000,9999.000,9999.000,9999.000
202605210948,   0.553,   1.318,9999.000,9999.000,9999.000,9999.000,9999.000,9999.000,9999.000
202605210954,   0.547,   1.328,9999.000,9999.000,9999.000,9999.000,9999.000,9999.000,9999.000
202605211000,   0.541,   1.348,   0.800,   0.007,   1.348,   0.800,   1.348,   0.800,   1.348
202605211006,   0.535,   1.348,9999.000,9999.000,9999.000,9999.000,9999.000,9999.000,9999.000
202605211012,   0.529,   1.289,9999.000,9999.000,9999.000,9999.000,9999.000,9999.000,9999.000
202605211018,   0.524,   1.200,9999.000,9999.000,9999.000,9999.000,9999.000,9999.000,9999.000
202605211024,   0.518,   1.161,9999.000,9999.000,9999.000,9999.000,9999.000,9999.000,9999.000
202605211030,   0.512,   1.210,9999.000,9999.000,9999.000,9999.000,9999.000,9999.000,9999.000
202605211036,   0.506,   1.249,9999.000,9999.000,9999.000,9999.000,9999.000,9999.000,9999.000
202605211042,   0.500,   1.239,9999.000,9999.000,9999.000,9999.000,9999.000,9999.000,9999.000
202605211048,   0.495,   1.210,9999.000,9999.000,9999.000,9999.000,9999.000,9999.000,9999.000
202605211054,   0.489,   1.210,9999.000,9999.000,9999.000,9999.000,9999.000,9999.000,9999.000
202605211100,   0.484,   1.128,   0.800,  -0.156,   1.128,   0.800,   1.128,   0.800,   1.128
202605211106,   0.478,   0.908,9999.000,9999.000,9999.000,9999.000,9999.000,9999.000,9999.000
202605211112,   0.473,   0.908,9999.000,9999.000,9999.000,9999.000,9999.000,9999.000,9999.000
202605211118,   0.467,   1.039,9999.000,9999.000,9999.000,9999.000,9999.000,9999.000,9999.000
202605211124,   0.462,   1.151,9999.000,9999.000,9999.000,9999.000,9999.000,9999.000,9999.000
202605211130,   0.457,   1.128,9999.000,9999.000,9999.000,9999.000,9999.000,9999.000,9999.000
202605211136,   0.452,   1.118,9999.000,9999.000,9999.000,9999.000,9999.000,9999.000,9999.000
202605211142,   0.447,   1.229,9999.000,9999.000,9999.000,9999.000,9999.000,9999.000,9999.000
202605211148,   0.443,   1.279,9999.000,9999.000,9999.000,9999.000,9999.000,9999.000,9999.000
202605211154,   0.438,   1.279,9999.000,9999.000,9999.000,9999.000,9999.000,9999.000,9999.000
202605211200,   0.434,   1.279,   0.800,   0.045,   1.279,   0.700,   1.179,   0.800,   1.279
202605211206,   0.429,   1.210,9999.000,9999.000,9999.000,9999.000,9999.000,9999.000,9999.000
202605211212,   0.425,   1.210,9999.000,9999.000,9999.000,9999.000,9999.000,9999.000,9999.000
202605211218,   0.421,   1.151,9999.000,9999.000,9999.000,9999.000,9999.000,9999.000,9999.000
202605211224,   0.417,   1.220,9999.000,9999.000,9999.000,9999.000,9999.000,9999.000,9999.000
202605211230,   0.413,   1.361,9999.000,9999.000,9999.000,9999.000,9999.000,9999.000,9999.000
202605211236,   0.410,   1.538,9999.000,9999.000,9999.000,9999.000,9999.000,9999.000,9999.000
202605211242,   0.406,   1.630,9999.000,9999.000,9999.000,9999.000,9999.000,9999.000,9999.000
202605211248,   0.403,   1.600,9999.000,9999.000,9999.000,9999.000,9999.000,9999.000,9999.000
202605211254,   0.400,   1.689,9999.000,9999.000,9999.000,9999.000,9999.000,9999.000,9999.000
202605211300,   0.397,   1.449,   0.800,   0.252,   1.449,   0.700,   1.349,   0.800,   1.449
202605211306,   0.394,   1.249,9999.000,9999.000,9999.000,9999.000,9999.000,9999.000,9999.000
202605211312,   0.391,9999.000,9999.000,9999.000,9999.000,9999.000,9999.000,9999.000,9999.000
202605211318,   0.389,9999.000,9999.000,9999.000,9999.000,9999.000,9999.000,9999.000,9999.000
202605211324,   0.386,   1.118,9999.000,9999.000,9999.000,9999.000,9999.000,9999.000,9999.000
202605211330,   0.384,   0.990,9999.000,9999.000,9999.000,9999.000,9999.000,9999.000,9999.000
202605211336,   0.382,   1.000,9999.000,9999.000,9999.000,9999.000,9999.000,9999.000,9999.000
202605211342,   0.380,   1.000,9999.000,9999.000,9999.000,9999.000,9999.000,9999.000,9999.000
202605211348,   0.378,   1.059,9999.000,9999.000,9999.000,9999.000,9999.000,9999.000,9999.000
202605211354,   0.376,   1.039,9999.000,9999.000,9999.000,9999.000,9999.000,9999.000,9999.000
202605211400,   0.375,   1.118,   0.800,  -0.057,   1.118,   0.700,   1.018,   0.800,   1.118
202605211406,   0.373,   1.108,9999.000,9999.000,9999.000,9999.000,9999.000,9999.000,9999.000
202605211412,   0.372,   0.970,9999.000,9999.000,9999.000,9999.000,9999.000,9999.000,9999.000
202605211418,   0.371,   0.829,9999.000,9999.000,9999.000,9999.000,9999.000,9999.000,9999.000
202605211424,   0.370,   0.698,9999.000,9999.000,9999.000,9999.000,9999.000,9999.000,9999.000
202605211430,   0.369,   0.518,9999.000,9999.000,9999.000,9999.000,9999.000,9999.000,9999.000
202605211436,   0.368,   0.409,9999.000,9999.000,9999.000,9999.000,9999.000,9999.000,9999.000
202605211442,   0.368,   0.360,9999.000,9999.000,9999.000,9999.000,9999.000,9999.000,9999.000
202605211448,   0.367,   0.551,9999.000,9999.000,9999.000,9999.000,9999.000,9999.000,9999.000
202605211454,   0.367,   0.718,9999.000,9999.000,9999.000,9999.000,9999.000,9999.000,9999.000
202605211500,   0.367,   0.951,   0.800,  -0.216,   0.951,   0.700,   0.851,   0.800,   0.951
202605211506,   0.367,   1.039,9999.000,9999.000,9999.000,9999.000,9999.000,9999.000,9999.000
202605211512,   0.367,9999.000,9999.000,9999.000,9999.000,9999.000,9999.000,9999.000,9999.000
202605211518,   0.368,9999.000,9999.000,9999.000,9999.000,9999.000,9999.000,9999.000,9999.000
202605211524,   0.368,   0.990,9999.000,9999.000,9999.000,9999.000,9999.000,9999.000,9999.000
202605211530,   0.369,   0.951,9999.000,9999.000,9999.000,9999.000,9999.000,9999.000,9999.000
202605211536,   0.370,   0.941,9999.000,9999.000,9999.000,9999.000,9999.000,9999.000,9999.000
202605211542,   0.371,   0.918,9999.000,9999.000,9999.000,9999.000,9999.000,9999.000,9999.000
202605211548,   0.372,   0.898,9999.000,9999.000,9999.000,9999.000,9999.000,9999.000,9999.000
202605211554,   0.373,   0.888,9999.000,9999.000,9999.000,9999.000,9999.000,9999.000,9999.000
202605211600,   0.374,   0.928,   0.800,  -0.246,   0.928,   0.700,   0.828,   0.800,   0.928
202605211606,   0.376,   1.210,9999.000,9999.000,9999.000,9999.000,9999.000,9999.000,9999.000
202605211612,   0.378,   1.610,9999.000,9999.000,9999.000,9999.000,9999.000,9999.000,9999.000
202605211618,   0.379,   1.840,9999.000,9999.000,9999.000,9999.000,9999.000,9999.000,9999.000
202605211624,   0.381,   1.869,9999.000,9999.000,9999.000,9999.000,9999.000,9999.000,9999.000
202605211630,   0.383,   1.840,9999.000,9999.000,9999.000,9999.000,9999.000,9999.000,9999.000
202605211636,   0.386,   1.508,9999.000,9999.000,9999.000,9999.000,9999.000,9999.000,9999.000
202605211642,   0.388,   1.380,9999.000,9999.000,9999.000,9999.000,9999.000,9999.000,9999.000
202605211648,   0.391,   1.190,9999.000,9999.000,9999.000,9999.000,9999.000,9999.000,9999.000
202605211654,   0.393,   1.259,9999.000,9999.000,9999.000,9999.000,9999.000,9999.000,9999.000
202605211700,   0.396,   1.459,   0.800,   0.263,   1.459,   0.700,   1.359,   0.800,   1.459
202605211706,   0.399,   1.528,9999.000,9999.000,9999.000,9999.000,9999.000,9999.000,9999.000
202605211712,   0.402,   1.580,9999.000,9999.000,9999.000,9999.000,9999.000,9999.000,9999.000
202605211718,   0.405,   1.649,9999.000,9999.000,9999.000,9999.000,9999.000,9999.000,9999.000
202605211724,   0.408,   1.639,9999.000,9999.000,9999.000,9999.000,9999.000,9999.000,9999.000
202605211730,   0.412,   1.508,9999.000,9999.000,9999.000,9999.000,9999.000,9999.000,9999.000
202605211736,   0.415,   1.449,9999.000,9999.000,9999.000,9999.000,9999.000,9999.000,9999.000
202605211742,   0.418,   1.348,9999.000,9999.000,9999.000,9999.000,9999.000,9999.000,9999.000
202605211748,   0.422,   1.239,9999.000,9999.000,9999.000,9999.000,9999.000,9999.000,9999.000
202605211754,   0.426,   1.289,9999.000,9999.000,9999.000,9999.000,9999.000,9999.000,9999.000
202605211800,   0.429,   1.390,   0.700,   0.261,   1.390,   0.700,   1.390,   0.800,   1.490
202605211806,   0.433,   1.459,9999.000,9999.000,9999.000,9999.000,9999.000,9999.000,9999.000
202605211812,   0.437,   1.538,9999.000,9999.000,9999.000,9999.000,9999.000,9999.000,9999.000
202605211818,   0.441,   1.548,9999.000,9999.000,9999.000,9999.000,9999.000,9999.000,9999.000
202605211824,   0.445,   1.469,9999.000,9999.000,9999.000,9999.000,9999.000,9999.000,9999.000
202605211830,   0.449,   1.400,9999.000,9999.000,9999.000,9999.000,9999.000,9999.000,9999.000
202605211836,   0.453,   1.308,9999.000,9999.000,9999.000,9999.000,9999.000,9999.000,9999.000
202605211842,   0.457,   1.259,9999.000,9999.000,9999.000,9999.000,9999.000,9999.000,9999.000
202605211848,   0.461,   1.190,9999.000,9999.000,9999.000,9999.000,9999.000,9999.000,9999.000
202605211854,   0.465,   1.138,9999.000,9999.000,9999.000,9999.000,9999.000,9999.000,9999.000
202605211900,   0.469,   1.180,   0.700,   0.011,   1.180,   0.700,   1.180,   0.800,   1.280
202605211906,   0.473,   1.269,9999.000,9999.000,9999.000,9999.000,9999.000,9999.000,9999.000
202605211912,   0.477,   1.348,9999.000,9999.000,9999.000,9999.000,9999.000,9999.000,9999.000
202605211918,   0.481,   1.410,9999.000,9999.000,9999.000,9999.000,9999.000,9999.000,9999.000
202605211924,   0.485,   1.380,9999.000,9999.000,9999.000,9999.000,9999.000,9999.000,9999.000
202605211930,   0.489,   1.298,9999.000,9999.000,9999.000,9999.000,9999.000,9999.000,9999.000
202605211936,   0.493,   1.229,9999.000,9999.000,9999.000,9999.000,9999.000,9999.000,9999.000
202605211942,   0.497,   1.180,9999.000,9999.000,9999.000,9999.000,9999.000,9999.000,9999.000
202605211948,   0.501,   1.138,9999.000,9999.000,9999.000,9999.000,9999.000,9999.000,9999.000
202605211954,   0.505,   1.161,9999.000,9999.000,9999.000,9999.000,9999.000,9999.000,9999.000
202605212000,   0.508,   1.220,   0.700,   0.012,   1.220,   0.700,   1.220,   0.800,   1.320
202605212006,   0.512,   1.308,9999.000,9999.000,9999.000,9999.000,9999.000,9999.000,9999.000
202605212012,   0.516,   1.371,9999.000,9999.000,9999.000,9999.000,9999.000,9999.000,9999.000
202605212018,   0.519,   1.400,9999.000,9999.000,9999.000,9999.000,9999.000,9999.000,9999.000
202605212024,   0.523,   1.390,9999.000,9999.000,9999.000,9999.000,9999.000,9999.000,9999.000
202605212030,   0.526,   1.420,9999.000,9999.000,9999.000,9999.000,9999.000,9999.000,9999.000
202605212036,   0.530,   1.380,9999.000,9999.000,9999.000,9999.000,9999.000,9999.000,9999.000
202605212042,   0.533,   1.318,9999.000,9999.000,9999.000,9999.000,9999.000,9999.000,9999.000
202605212048,   0.536,   1.298,9999.000,9999.000,9999.000,9999.000,9999.000,9999.000,9999.000
202605212054,   0.540,   1.318,9999.000,9999.000,9999.000,9999.000,9999.000,9999.000,9999.000
202605212100,   0.543,   1.318,   0.700,   0.075,   1.318,   0.700,   1.318,   0.800,   1.418
202605212106,   0.546,   1.380,9999.000,9999.000,9999.000,9999.000,9999.000,9999.000,9999.000
202605212112,   0.549,   1.420,9999.000,9999.000,9999.000,9999.000,9999.000,9999.000,9999.000
202605212118,   0.552,   1.469,9999.000,9999.000,9999.000,9999.000,9999.000,9999.000,9999.000
202605212124,   0.555,   1.479,9999.000,9999.000,9999.000,9999.000,9999.000,9999.000,9999.000
202605212130,   0.558,   1.459,9999.000,9999.000,9999.000,9999.000,9999.000,9999.000,9999.000
202605212136,   0.561,   1.430,9999.000,9999.000,9999.000,9999.000,9999.000,9999.000,9999.000
202605212142,   0.564,   1.410,9999.000,9999.000,9999.000,9999.000,9999.000,9999.000,9999.000
202605212148,   0.567,   1.390,9999.000,9999.000,9999.000,9999.000,9999.000,9999.000,9999.000
202605212154,   0.570,   1.371,9999.000,9999.000,9999.000,9999.000,9999.000,9999.000,9999.000
202605212200,   0.573,   1.390,   0.700,   0.117,   1.390,   0.700,   1.390,   0.800,   1.490
202605212206,   0.576,   1.420,9999.000,9999.000,9999.000,9999.000,9999.000,9999.000,9999.000
202605212212,   0.578,   1.439,9999.000,9999.000,9999.000,9999.000,9999.000,9999.000,9999.000
202605212218,   0.581,   1.459,9999.000,9999.000,9999.000,9999.000,9999.000,9999.000,9999.000
202605212224,   0.584,   1.489,9999.000,9999.000,9999.000,9999.000,9999.000,9999.000,9999.000
202605212230,   0.587,   1.459,9999.000,9999.000,9999.000,9999.000,9999.000,9999.000,9999.000
202605212236,   0.590,   1.449,9999.000,9999.000,9999.000,9999.000,9999.000,9999.000,9999.000
202605212242,   0.593,   1.420,9999.000,9999.000,9999.000,9999.000,9999.000,9999.000,9999.000
202605212248,   0.596,   1.400,9999.000,9999.000,9999.000,9999.000,9999.000,9999.000,9999.000
202605212254,   0.599,   1.400,9999.000,9999.000,9999.000,9999.000,9999.000,9999.000,9999.000
202605212300,   0.602,   1.390,   0.700,   0.088,   1.390,   0.700,   1.390,   0.800,   1.490
202605212306,   0.605,   1.410,9999.000,9999.000,9999.000,9999.000,9999.000,9999.000,9999.000
202605212312,   0.607,   1.420,9999.000,9999.000,9999.000,9999.000,9999.000,9999.000,9999.000
202605212318,   0.611,   1.439,9999.000,9999.000,9999.000,9999.000,9999.000,9999.000,9999.000
202605212324,   0.614,   1.469,9999.000,9999.000,9999.000,9999.000,9999.000,9999.000,9999.000
202605212330,   0.617,   1.459,9999.000,9999.000,9999.000,9999.000,9999.000,9999.000,9999.000
202605212336,   0.620,   1.439,9999.000,9999.000,9999.000,9999.000,9999.000,9999.000,9999.000
202605212342,   0.623,   1.420,9999.000,9999.000,9999.000,9999.000,9999.000,9999.000,9999.000
202605212348,   0.626,   1.410,9999.000,9999.000,9999.000,9999.000,9999.000,9999.000,9999.000
202605212354,   0.629,   1.420,9999.000,9999.000,9999.000,9999.000,9999.000,9999.000,9999.000
202605220000,   0.632,   1.410,   0.800,  -0.022,   1.410,   0.700,   1.310,   0.800,   1.410
202605220006,   0.635,   1.410,9999.000,9999.000,9999.000,9999.000,9999.000,9999.000,9999.000
202605220012,   0.639,   1.439,9999.000,9999.000,9999.000,9999.000,9999.000,9999.000,9999.000
202605220018,   0.642,   1.449,9999.000,9999.000,9999.000,9999.000,9999.000,9999.000,9999.000
202605220024,   0.645,   1.459,9999.000,9999.000,9999.000,9999.000,9999.000,9999.000,9999.000
202605220030,   0.648,   1.449,9999.000,9999.000,9999.000,9999.000,9999.000,9999.000,9999.000
202605220036,   0.651,   1.420,9999.000,9999.000,9999.000,9999.000,9999.000,9999.000,9999.000
202605220042,   0.654,   1.410,9999.000,9999.000,9999.000,9999.000,9999.000,9999.000,9999.000
202605220048,   0.657,   1.390,9999.000,9999.000,9999.000,9999.000,9999.000,9999.000,9999.000
202605220054,   0.661,   1.380,9999.000,9999.000,9999.000,9999.000,9999.000,9999.000,9999.000
202605220100,   0.664,   1.371,   0.800,  -0.093,   1.371,   0.700,   1.271,   0.800,   1.371
202605220106,   0.667,   1.361,9999.000,9999.000,9999.000,9999.000,9999.000,9999.000,9999.000
202605220112,   0.670,   1.390,9999.000,9999.000,9999.000,9999.000,9999.000,9999.000,9999.000
202605220118,   0.673,   1.400,9999.000,9999.000,9999.000,9999.000,9999.000,9999.000,9999.000
202605220124,   0.675,   1.410,9999.000,9999.000,9999.000,9999.000,9999.000,9999.000,9999.000
202605220130,   0.678,   1.420,9999.000,9999.000,9999.000,9999.000,9999.000,9999.000,9999.000
202605220136,   0.681,   1.439,9999.000,9999.000,9999.000,9999.000,9999.000,9999.000,9999.000
202605220142,   0.684,   1.430,9999.000,9999.000,9999.000,9999.000,9999.000,9999.000,9999.000
202605220148,   0.686,   1.420,9999.000,9999.000,9999.000,9999.000,9999.000,9999.000,9999.000
202605220154,   0.689,   1.410,9999.000,9999.000,9999.000,9999.000,9999.000,9999.000,9999.000
202605220200,   0.691,   1.410,   0.800,  -0.081,   1.410,   0.700,   1.310,   0.800,   1.410
202605220206,   0.694,   1.420,9999.000,9999.000,9999.000,9999.000,9999.000,9999.000,9999.000
202605220212,   0.696,   1.439,9999.000,9999.000,9999.000,9999.000,9999.000,9999.000,9999.000
202605220218,   0.698,   1.449,9999.000,9999.000,9999.000,9999.000,9999.000,9999.000,9999.000
202605220224,   0.700,   1.459,9999.000,9999.000,9999.000,9999.000,9999.000,9999.000,9999.000
202605220230,   0.702,   1.449,9999.000,9999.000,9999.000,9999.000,9999.000,9999.000,9999.000
202605220236,   0.704,   1.459,9999.000,9999.000,9999.000,9999.000,9999.000,9999.000,9999.000
202605220242,   0.706,   1.459,9999.000,9999.000,9999.000,9999.000,9999.000,9999.000,9999.000
202605220248,   0.708,   1.449,9999.000,9999.000,9999.000,9999.000,9999.000,9999.000,9999.000
202605220254,   0.709,   1.449,9999.000,9999.000,9999.000,9999.000,9999.000,9999.000,9999.000
202605220300,   0.711,   1.439,   0.800,  -0.072,   1.439,   0.700,   1.339,   0.800,   1.439
202605220306,   0.712,   1.439,9999.000,9999.000,9999.000,9999.000,9999.000,9999.000,9999.000
202605220312,   0.713,   1.449,9999.000,9999.000,9999.000,9999.000,9999.000,9999.000,9999.000
202605220318,   0.714,   1.459,9999.000,9999.000,9999.000,9999.000,9999.000,9999.000,9999.000
202605220324,   0.715,   1.469,9999.000,9999.000,9999.000,9999.000,9999.000,9999.000,9999.000
202605220330,   0.716,   1.479,9999.000,9999.000,9999.000,9999.000,9999.000,9999.000,9999.000
202605220336,   0.717,   1.469,9999.000,9999.000,9999.000,9999.000,9999.000,9999.000,9999.000
202605220342,   0.718,   1.459,9999.000,9999.000,9999.000,9999.000,9999.000,9999.000,9999.000
202605220348,   0.718,   1.449,9999.000,9999.000,9999.000,9999.000,9999.000,9999.000,9999.000
202605220354,   0.719,   1.439,9999.000,9999.000,9999.000,9999.000,9999.000,9999.000,9999.000
202605220400,   0.719,   1.430,   0.800,  -0.089,   1.430,   0.800,   1.430,   0.800,   1.430
202605220406,   0.720,   1.420,9999.000,9999.000,9999.000,9999.000,9999.000,9999.000,9999.000
202605220412,   0.720,   1.420,9999.000,9999.000,9999.000,9999.000,9999.000,9999.000,9999.000
202605220418,   0.720,   1.420,9999.000,9999.000,9999.000,9999.000,9999.000,9999.000,9999.000
202605220424,   0.720,   1.410,9999.000,9999.000,9999.000,9999.000,9999.000,9999.000,9999.000
202605220430,   0.720,   1.410,9999.000,9999.000,9999.000,9999.000,9999.000,9999.000,9999.000
202605220436,   0.720,   1.420,9999.000,9999.000,9999.000,9999.000,9999.000,9999.000,9999.000
202605220442,   0.719,   1.410,9999.000,9999.000,9999.000,9999.000,9999.000,9999.000,9999.000
202605220448,   0.719,   1.400,9999.000,9999.000,9999.000,9999.000,9999.000,9999.000,9999.000
202605220454,   0.719,   1.390,9999.000,9999.000,9999.000,9999.000,9999.000,9999.000,9999.000
202605220500,   0.718,   1.390,   0.800,  -0.128,   1.390,   0.800,   1.390,   0.800,   1.390
202605220506,   0.718,   1.390,9999.000,9999.000,9999.000,9999.000,9999.000,9999.000,9999.000
202605220512,   0.717,   1.400,9999.000,9999.000,9999.000,9999.000,9999.000,9999.000,9999.000
202605220518,   0.716,   1.410,9999.000,9999.000,9999.000,9999.000,9999.000,9999.000,9999.000
202605220524,   0.715,   1.410,9999.000,9999.000,9999.000,9999.000,9999.000,9999.000,9999.000
202605220530,   0.714,   1.420,9999.000,9999.000,9999.000,9999.000,9999.000,9999.000,9999.000
202605220536,   0.713,   1.430,9999.000,9999.000,9999.000,9999.000,9999.000,9999.000,9999.000
202605220542,   0.712,   1.420,9999.000,9999.000,9999.000,9999.000,9999.000,9999.000,9999.000
202605220548,   0.711,   1.410,9999.000,9999.000,9999.000,9999.000,9999.000,9999.000,9999.000
202605220554,   0.710,   1.410,9999.000,9999.000,9999.000,9999.000,9999.000,9999.000,9999.000
202605220600,   0.709,   1.410,   0.700,   0.001,   1.410,   0.700,   1.410,   0.800,   1.510
202605220606,   0.707,   1.410,9999.000,9999.000,9999.000,9999.000,9999.000,9999.000,9999.000
202605220612,   0.706,   1.410,9999.000,9999.000,9999.000,9999.000,9999.000,9999.000,9999.000
202605220618,   0.704,   1.410,9999.000,9999.000,9999.000,9999.000,9999.000,9999.000,9999.000
202605220624,   0.702,   1.400,9999.000,9999.000,9999.000,9999.000,9999.000,9999.000,9999.000
202605220630,   0.701,   1.400,9999.000,9999.000,9999.000,9999.000,9999.000,9999.000,9999.000
202605220636,   0.699,   1.410,9999.000,9999.000,9999.000,9999.000,9999.000,9999.000,9999.000
202605220642,   0.697,   1.390,9999.000,9999.000,9999.000,9999.000,9999.000,9999.000,9999.000
202605220648,   0.694,   1.390,9999.000,9999.000,9999.000,9999.000,9999.000,9999.000,9999.000
202605220654,   0.692,   1.380,9999.000,9999.000,9999.000,9999.000,9999.000,9999.000,9999.000
202605220700,   0.690,   1.380,   0.700,  -0.010,   1.380,   0.700,   1.380,   0.800,   1.480
202605220706,   0.687,   1.371,9999.000,9999.000,9999.000,9999.000,9999.000,9999.000,9999.000
202605220712,   0.685,   1.348,9999.000,9999.000,9999.000,9999.000,9999.000,9999.000,9999.000
202605220718,   0.682,   1.348,9999.000,9999.000,9999.000,9999.000,9999.000,9999.000,9999.000
202605220724,   0.679,   1.361,9999.000,9999.000,9999.000,9999.000,9999.000,9999.000,9999.000
202605220730,   0.677,   1.361,9999.000,9999.000,9999.000,9999.000,9999.000,9999.000,9999.000
202605220736,   0.674,   1.380,9999.000,9999.000,9999.000,9999.000,9999.000,9999.000,9999.000
202605220742,   0.670,   1.390,9999.000,9999.000,9999.000,9999.000,9999.000,9999.000,9999.000
202605220748,   0.667,   1.390,9999.000,9999.000,9999.000,9999.000,9999.000,9999.000,9999.000
202605220754,   0.664,   1.380,9999.000,9999.000,9999.000,9999.000,9999.000,9999.000,9999.000
202605220800,   0.660,   1.400,   0.700,   0.040,   1.400,   0.700,   1.400,   0.800,   1.500
202605220806,   0.657,   1.410,9999.000,9999.000,9999.000,9999.000,9999.000,9999.000,9999.000
202605220812,   0.653,   1.410,9999.000,9999.000,9999.000,9999.000,9999.000,9999.000,9999.000
202605220818,   0.649,   1.410,9999.000,9999.000,9999.000,9999.000,9999.000,9999.000,9999.000
202605220824,   0.645,   1.410,9999.000,9999.000,9999.000,9999.000,9999.000,9999.000,9999.000
202605220830,   0.641,   1.410,9999.000,9999.000,9999.000,9999.000,9999.000,9999.000,9999.000
202605220836,   0.636,   1.420,9999.000,9999.000,9999.000,9999.000,9999.000,9999.000,9999.000
202605220842,   0.632,9999.000,9999.000,9999.000,9999.000,9999.000,9999.000,9999.000,9999.000
202605220848,   0.628,9999.000,9999.000,9999.000,9999.000,9999.000,9999.000,9999.000,9999.000
202605220854,   0.623,   1.413,9999.000,9999.000,9999.000,9999.000,9999.000,9999.000,9999.000
202605220900,   0.618,   1.430,   0.800,   0.012,   1.430,   0.700,   1.330,   0.800,   1.430
202605220906,   0.614,   1.410,9999.000,9999.000,9999.000,9999.000,9999.000,9999.000,9999.000
202605220912,   0.609,9999.000,9999.000,9999.000,9999.000,9999.000,9999.000,9999.000,9999.000
202605220918,   0.604,9999.000,9999.000,9999.000,9999.000,9999.000,9999.000,9999.000,9999.000
202605220924,   0.599,9999.000,9999.000,9999.000,9999.000,9999.000,9999.000,9999.000,9999.000
202605220930,   0.594,9999.000,9999.000,9999.000,9999.000,9999.000,9999.000,9999.000,9999.000
202605220936,   0.589,9999.000,9999.000,9999.000,9999.000,9999.000,9999.000,9999.000,9999.000
202605220942,   0.584,9999.000,9999.000,9999.000,9999.000,9999.000,9999.000,9999.000,9999.000
202605220948,   0.578,9999.000,9999.000,9999.000,9999.000,9999.000,9999.000,9999.000,9999.000
202605220954,   0.573,   1.459,9999.000,9999.000,9999.000,9999.000,9999.000,9999.000,9999.000
202605221000,   0.568,   1.459,   0.800,   0.091,   1.459,   0.700,   1.359,   0.800,   1.459
202605221006,   0.562,9999.000,9999.000,9999.000,9999.000,9999.000,9999.000,9999.000,9999.000
202605221012,   0.557,   1.410,9999.000,9999.000,9999.000,9999.000,9999.000,9999.000,9999.000
202605221018,   0.552,9999.000,9999.000,9999.000,9999.000,9999.000,9999.000,9999.000,9999.000
202605221024,   0.546,9999.000,9999.000,9999.000,9999.000,9999.000,9999.000,9999.000,9999.000
202605221030,   0.541,9999.000,9999.000,9999.000,9999.000,9999.000,9999.000,9999.000,9999.000
202605221036,   0.536,9999.000,9999.000,9999.000,9999.000,9999.000,9999.000,9999.000,9999.000
202605221042,   0.530,9999.000,9999.000,9999.000,9999.000,9999.000,9999.000,9999.000,9999.000
202605221048,   0.525,9999.000,9999.000,9999.000,9999.000,9999.000,9999.000,9999.000,9999.000
202605221054,   0.520,   1.252,9999.000,9999.000,9999.000,9999.000,9999.000,9999.000,9999.000
202605221100,   0.515,   1.252,   0.800,  -0.063,   1.252,   0.700,   1.152,   0.800,   1.252
202605221106,   0.509,9999.000,9999.000,9999.000,9999.000,9999.000,9999.000,9999.000,9999.000
202605221112,   0.504,9999.000,9999.000,9999.000,9999.000,9999.000,9999.000,9999.000,9999.000
202605221118,   0.499,9999.000,9999.000,9999.000,9999.000,9999.000,9999.000,9999.000,9999.000
202605221124,   0.494,   1.239,9999.000,9999.000,9999.000,9999.000,9999.000,9999.000,9999.000
202605221130,   0.489,   1.249,9999.000,9999.000,9999.000,9999.000,9999.000,9999.000,9999.000
202605221136,   0.485,   1.249,9999.000,9999.000,9999.000,9999.000,9999.000,9999.000,9999.000
202605221142,   0.480,   1.269,9999.000,9999.000,9999.000,9999.000,9999.000,9999.000,9999.000
202605221148,   0.475,   1.269,9999.000,9999.000,9999.000,9999.000,9999.000,9999.000,9999.000
202605221154,   0.471,   1.269,9999.000,9999.000,9999.000,9999.000,9999.000,9999.000,9999.000
202605221200,   0.466,   1.259,   0.700,   0.093,   1.259,   0.700,   1.259,   0.700,   1.259
202605221206,   0.462,   1.249,9999.000,9999.000,9999.000,9999.000,9999.000,9999.000,9999.000
202605221212,   0.458,   1.249,9999.000,9999.000,9999.000,9999.000,9999.000,9999.000,9999.000
202605221218,   0.453,   1.249,9999.000,9999.000,9999.000,9999.000,9999.000,9999.000,9999.000
202605221224,   0.449,   1.249,9999.000,9999.000,9999.000,9999.000,9999.000,9999.000,9999.000
202605221230,   0.445,   1.259,9999.000,9999.000,9999.000,9999.000,9999.000,9999.000,9999.000
202605221236,   0.442,   1.249,9999.000,9999.000,9999.000,9999.000,9999.000,9999.000,9999.000
202605221242,   0.438,   1.249,9999.000,9999.000,9999.000,9999.000,9999.000,9999.000,9999.000
202605221248,   0.434,   1.259,9999.000,9999.000,9999.000,9999.000,9999.000,9999.000,9999.000
202605221254,   0.431,   1.249,9999.000,9999.000,9999.000,9999.000,9999.000,9999.000,9999.000
202605221300,   0.427,   1.239,   0.700,   0.112,   1.239,   0.700,   1.239,   0.800,   1.339
202605221306,   0.424,   1.229,9999.000,9999.000,9999.000,9999.000,9999.000,9999.000,9999.000
202605221312,   0.421,   1.220,9999.000,9999.000,9999.000,9999.000,9999.000,9999.000,9999.000
202605221318,   0.418,   1.210,9999.000,9999.000,9999.000,9999.000,9999.000,9999.000,9999.000
202605221324,   0.415,   1.210,9999.000,9999.000,9999.000,9999.000,9999.000,9999.000,9999.000
202605221330,   0.413,   1.200,9999.000,9999.000,9999.000,9999.000,9999.000,9999.000,9999.000
202605221336,   0.410,   1.180,9999.000,9999.000,9999.000,9999.000,9999.000,9999.000,9999.000
202605221342,   0.408,   1.180,9999.000,9999.000,9999.000,9999.000,9999.000,9999.000,9999.000
202605221348,   0.405,   1.180,9999.000,9999.000,9999.000,9999.000,9999.000,9999.000,9999.000
202605221354,   0.403,   1.190,9999.000,9999.000,9999.000,9999.000,9999.000,9999.000,9999.000
202605221400,   0.401,   1.200,   0.700,   0.099,   1.200,   0.700,   1.200,   0.800,   1.300
202605221406,   0.399,   1.190,9999.000,9999.000,9999.000,9999.000,9999.000,9999.000,9999.000
202605221412,   0.397,   1.190,9999.000,9999.000,9999.000,9999.000,9999.000,9999.000,9999.000
202605221418,   0.395,   1.170,9999.000,9999.000,9999.000,9999.000,9999.000,9999.000,9999.000
202605221424,   0.394,   1.170,9999.000,9999.000,9999.000,9999.000,9999.000,9999.000,9999.000
202605221430,   0.392,   1.170,9999.000,9999.000,9999.000,9999.000,9999.000,9999.000,9999.000
202605221436,   0.391,   1.161,9999.000,9999.000,9999.000,9999.000,9999.000,9999.000,9999.000
202605221442,   0.390,   1.151,9999.000,9999.000,9999.000,9999.000,9999.000,9999.000,9999.000
202605221448,   0.389,   1.128,9999.000,9999.000,9999.000,9999.000,9999.000,9999.000,9999.000
202605221454,   0.388,   1.128,9999.000,9999.000,9999.000,9999.000,9999.000,9999.000,9999.000
202605221500,   0.387,   1.118,   0.700,   0.031,   1.118,   0.700,   1.118,   0.800,   1.218
202605221506,   0.387,   1.128,9999.000,9999.000,9999.000,9999.000,9999.000,9999.000,9999.000
202605221512,   0.386,   1.118,9999.000,9999.000,9999.000,9999.000,9999.000,9999.000,9999.000
202605221518,   0.386,   1.118,9999.000,9999.000,9999.000,9999.000,9999.000,9999.000,9999.000
202605221524,   0.386,   1.118,9999.000,9999.000,9999.000,9999.000,9999.000,9999.000,9999.000
202605221530,   0.386,   1.118,9999.000,9999.000,9999.000,9999.000,9999.000,9999.000,9999.000
202605221536,   0.386,   1.128,9999.000,9999.000,9999.000,9999.000,9999.000,9999.000,9999.000
202605221542,   0.386,   1.138,9999.000,9999.000,9999.000,9999.000,9999.000,9999.000,9999.000
202605221548,   0.387,   1.128,9999.000,9999.000,9999.000,9999.000,9999.000,9999.000,9999.000
202605221554,   0.387,   1.128,9999.000,9999.000,9999.000,9999.000,9999.000,9999.000,9999.000
202605221600,   0.388,   1.128,   0.700,   0.040,   1.128,   0.700,   1.128,   0.800,   1.228
202605221606,   0.389,   1.128,9999.000,9999.000,9999.000,9999.000,9999.000,9999.000,9999.000
202605221612,   0.390,   1.108,9999.000,9999.000,9999.000,9999.000,9999.000,9999.000,9999.000
202605221618,   0.391,   1.098,9999.000,9999.000,9999.000,9999.000,9999.000,9999.000,9999.000
202605221624,   0.392,   1.088,9999.000,9999.000,9999.000,9999.000,9999.000,9999.000,9999.000
202605221630,   0.394,   1.079,9999.000,9999.000,9999.000,9999.000,9999.000,9999.000,9999.000
202605221636,   0.396,   1.079,9999.000,9999.000,9999.000,9999.000,9999.000,9999.000,9999.000
202605221642,   0.397,   1.069,9999.000,9999.000,9999.000,9999.000,9999.000,9999.000,9999.000
202605221648,   0.399,   1.069,9999.000,9999.000,9999.000,9999.000,9999.000,9999.000,9999.000
202605221654,   0.401,   1.079,9999.000,9999.000,9999.000,9999.000,9999.000,9999.000,9999.000
202605221700,   0.403,   1.069,   0.700,  -0.034,   1.069,   0.700,   1.069,   0.800,   1.169
202605221706,   0.406,   1.079,9999.000,9999.000,9999.000,9999.000,9999.000,9999.000,9999.000
202605221712,   0.408,   1.079,9999.000,9999.000,9999.000,9999.000,9999.000,9999.000,9999.000
202605221718,   0.411,   1.079,9999.000,9999.000,9999.000,9999.000,9999.000,9999.000,9999.000
202605221724,   0.413,   1.079,9999.000,9999.000,9999.000,9999.000,9999.000,9999.000,9999.000
202605221730,   0.416,   1.069,9999.000,9999.000,9999.000,9999.000,9999.000,9999.000,9999.000
202605221736,   0.419,   1.059,9999.000,9999.000,9999.000,9999.000,9999.000,9999.000,9999.000
202605221742,   0.422,   1.049,9999.000,9999.000,9999.000,9999.000,9999.000,9999.000,9999.000
202605221748,   0.425,   1.059,9999.000,9999.000,9999.000,9999.000,9999.000,9999.000,9999.000
202605221754,   0.428,   1.059,9999.000,9999.000,9999.000,9999.000,9999.000,9999.000,9999.000
202605221800,   0.431,   1.059,   0.700,  -0.072,   1.059,   0.700,   1.059,   0.800,   1.159
202605221806,   0.434,   1.059,9999.000,9999.000,9999.000,9999.000,9999.000,9999.000,9999.000
202605221812,   0.438,   1.059,9999.000,9999.000,9999.000,9999.000,9999.000,9999.000,9999.000
202605221818,   0.441,   1.059,9999.000,9999.000,9999.000,9999.000,9999.000,9999.000,9999.000
202605221824,   0.445,   1.079,9999.000,9999.000,9999.000,9999.000,9999.000,9999.000,9999.000
202605221830,   0.448,   1.088,9999.000,9999.000,9999.000,9999.000,9999.000,9999.000,9999.000
202605221836,   0.452,   1.098,9999.000,9999.000,9999.000,9999.000,9999.000,9999.000,9999.000
202605221842,   0.455,   1.118,9999.000,9999.000,9999.000,9999.000,9999.000,9999.000,9999.000
202605221848,   0.459,   1.118,9999.000,9999.000,9999.000,9999.000,9999.000,9999.000,9999.000
202605221854,   0.462,   1.128,9999.000,9999.000,9999.000,9999.000,9999.000,9999.000,9999.000
202605221900,   0.466,   1.151,   0.700,  -0.015,   1.151,   0.700,   1.151,   0.800,   1.251
202605221906,   0.469,   1.151,9999.000,9999.000,9999.000,9999.000,9999.000,9999.000,9999.000
202605221912,   0.473,   1.170,9999.000,9999.000,9999.000,9999.000,9999.000,9999.000,9999.000
202605221918,   0.476,   1.161,9999.000,9999.000,9999.000,9999.000,9999.000,9999.000,9999.000
202605221924,   0.480,   1.170,9999.000,9999.000,9999.000,9999.000,9999.000,9999.000,9999.000
202605221930,   0.483,   1.151,9999.000,9999.000,9999.000,9999.000,9999.000,9999.000,9999.000
202605221936,   0.486,   1.138,9999.000,9999.000,9999.000,9999.000,9999.000,9999.000,9999.000
202605221942,   0.490,   1.138,9999.000,9999.000,9999.000,9999.000,9999.000,9999.000,9999.000
202605221948,   0.493,   1.151,9999.000,9999.000,9999.000,9999.000,9999.000,9999.000,9999.000
202605221954,   0.496,   1.161,9999.000,9999.000,9999.000,9999.000,9999.000,9999.000,9999.000
202605222000,   0.499,   1.151,   0.700,  -0.048,   1.151,   0.700,   1.151,   0.800,   1.251
202605222006,   0.502,   1.161,9999.000,9999.000,9999.000,9999.000,9999.000,9999.000,9999.000
202605222012,   0.506,   1.151,9999.000,9999.000,9999.000,9999.000,9999.000,9999.000,9999.000
202605222018,   0.508,   1.151,9999.000,9999.000,9999.000,9999.000,9999.000,9999.000,9999.000
202605222024,   0.511,   1.151,9999.000,9999.000,9999.000,9999.000,9999.000,9999.000,9999.000
202605222030,   0.514,   1.161,9999.000,9999.000,9999.000,9999.000,9999.000,9999.000,9999.000
202605222036,   0.517,   1.170,9999.000,9999.000,9999.000,9999.000,9999.000,9999.000,9999.000
202605222042,   0.520,   1.180,9999.000,9999.000,9999.000,9999.000,9999.000,9999.000,9999.000
202605222048,   0.522,   1.180,9999.000,9999.000,9999.000,9999.000,9999.000,9999.000,9999.000
202605222054,   0.525,   1.170,9999.000,9999.000,9999.000,9999.000,9999.000,9999.000,9999.000
202605222100,   0.527,   1.161,   0.700,  -0.066,   1.161,   0.700,   1.161,   0.800,   1.261
202605222106,   0.530,   1.151,9999.000,9999.000,9999.000,9999.000,9999.000,9999.000,9999.000
202605222112,   0.532,   1.138,9999.000,9999.000,9999.000,9999.000,9999.000,9999.000,9999.000
202605222118,   0.534,   1.128,9999.000,9999.000,9999.000,9999.000,9999.000,9999.000,9999.000
202605222124,   0.536,   1.118,9999.000,9999.000,9999.000,9999.000,9999.000,9999.000,9999.000
202605222130,   0.539,   1.108,9999.000,9999.000,9999.000,9999.000,9999.000,9999.000,9999.000
202605222136,   0.541,   1.128,9999.000,9999.000,9999.000,9999.000,9999.000,9999.000,9999.000
202605222142,   0.543,   1.138,9999.000,9999.000,9999.000,9999.000,9999.000,9999.000,9999.000
202605222148,   0.545,   1.161,9999.000,9999.000,9999.000,9999.000,9999.000,9999.000,9999.000
202605222154,   0.547,   1.190,9999.000,9999.000,9999.000,9999.000,9999.000,9999.000,9999.000
202605222200,   0.549,   1.170,   0.700,  -0.079,   1.170,   0.700,   1.170,   0.800,   1.270
202605222206,   0.551,   1.170,9999.000,9999.000,9999.000,9999.000,9999.000,9999.000,9999.000
202605222212,   0.553,   1.138,9999.000,9999.000,9999.000,9999.000,9999.000,9999.000,9999.000
202605222218,   0.555,   1.170,9999.000,9999.000,9999.000,9999.000,9999.000,9999.000,9999.000
202605222224,   0.557,   1.151,9999.000,9999.000,9999.000,9999.000,9999.000,9999.000,9999.000
202605222230,   0.559,   1.138,9999.000,9999.000,9999.000,9999.000,9999.000,9999.000,9999.000
202605222236,   0.561,   1.138,9999.000,9999.000,9999.000,9999.000,9999.000,9999.000,9999.000
202605222242,   0.563,   1.128,9999.000,9999.000,9999.000,9999.000,9999.000,9999.000,9999.000
202605222248,   0.565,   1.118,9999.000,9999.000,9999.000,9999.000,9999.000,9999.000,9999.000
202605222254,   0.567,   1.118,9999.000,9999.000,9999.000,9999.000,9999.000,9999.000,9999.000
202605222300,   0.569,   1.108,   0.700,  -0.161,   1.108,   0.700,   1.108,   0.800,   1.208
202605222306,   0.571,   1.118,9999.000,9999.000,9999.000,9999.000,9999.000,9999.000,9999.000
202605222312,   0.573,   1.118,9999.000,9999.000,9999.000,9999.000,9999.000,9999.000,9999.000
202605222318,   0.575,   1.118,9999.000,9999.000,9999.000,9999.000,9999.000,9999.000,9999.000
202605222324,   0.577,   1.118,9999.000,9999.000,9999.000,9999.000,9999.000,9999.000,9999.000
202605222330,   0.579,   1.128,9999.000,9999.000,9999.000,9999.000,9999.000,9999.000,9999.000
202605222336,   0.581,   1.118,9999.000,9999.000,9999.000,9999.000,9999.000,9999.000,9999.000
202605222342,   0.583,   1.128,9999.000,9999.000,9999.000,9999.000,9999.000,9999.000,9999.000
202605222348,   0.586,   1.151,9999.000,9999.000,9999.000,9999.000,9999.000,9999.000,9999.000
202605222354,   0.588,   1.170,9999.000,9999.000,9999.000,9999.000,9999.000,9999.000,9999.000
202605230000,   0.590,   1.190,   0.800,  -0.200,   1.190,   0.800,   1.190,   0.800,   1.190
202605230006,   0.593,   1.190,9999.000,9999.000,9999.000,9999.000,9999.000,9999.000,9999.000
202605230012,   0.595,   1.180,9999.000,9999.000,9999.000,9999.000,9999.000,9999.000,9999.000
202605230018,   0.597,   1.170,9999.000,9999.000,9999.000,9999.000,9999.000,9999.000,9999.000
202605230024,   0.600,   1.170,9999.000,9999.000,9999.000,9999.000,9999.000,9999.000,9999.000
202605230030,   0.602,   1.128,9999.000,9999.000,9999.000,9999.000,9999.000,9999.000,9999.000
202605230036,   0.604,   1.170,9999.000,9999.000,9999.000,9999.000,9999.000,9999.000,9999.000
202605230042,   0.607,   1.180,9999.000,9999.000,9999.000,9999.000,9999.000,9999.000,9999.000
202605230048,   0.609,   1.200,9999.000,9999.000,9999.000,9999.000,9999.000,9999.000,9999.000
202605230054,   0.611,   1.190,9999.000,9999.000,9999.000,9999.000,9999.000,9999.000,9999.000
202605230100,   0.614,   1.200,   0.800,  -0.214,   1.200,   0.800,   1.200,   0.800,   1.200
202605230106,   0.616,   1.190,9999.000,9999.000,9999.000,9999.000,9999.000,9999.000,9999.000
202605230112,   0.619,   1.200,9999.000,9999.000,9999.000,9999.000,9999.000,9999.000,9999.000
202605230118,   0.621,   1.210,9999.000,9999.000,9999.000,9999.000,9999.000,9999.000,9999.000
202605230124,   0.623,   1.200,9999.000,9999.000,9999.000,9999.000,9999.000,9999.000,9999.000
202605230130,   0.626,   1.220,9999.000,9999.000,9999.000,9999.000,9999.000,9999.000,9999.000
202605230136,   0.628,   1.229,9999.000,9999.000,9999.000,9999.000,9999.000,9999.000,9999.000
202605230142,   0.630,   1.220,9999.000,9999.000,9999.000,9999.000,9999.000,9999.000,9999.000
202605230148,   0.632,   1.220,9999.000,9999.000,9999.000,9999.000,9999.000,9999.000,9999.000
202605230154,   0.634,   1.220,9999.000,9999.000,9999.000,9999.000,9999.000,9999.000,9999.000
202605230200,   0.637,   1.239,   0.800,  -0.198,   1.239,   0.800,   1.239,   0.800,   1.239
202605230206,   0.639,   1.239,9999.000,9999.000,9999.000,9999.000,9999.000,9999.000,9999.000
202605230212,   0.641,   1.239,9999.000,9999.000,9999.000,9999.000,9999.000,9999.000,9999.000
202605230218,   0.642,   1.249,9999.000,9999.000,9999.000,9999.000,9999.000,9999.000,9999.000
202605230224,   0.644,   1.259,9999.000,9999.000,9999.000,9999.000,9999.000,9999.000,9999.000
202605230230,   0.646,   1.259,9999.000,9999.000,9999.000,9999.000,9999.000,9999.000,9999.000
202605230236,   0.648,   1.239,9999.000,9999.000,9999.000,9999.000,9999.000,9999.000,9999.000
202605230242,   0.650,   1.239,9999.000,9999.000,9999.000,9999.000,9999.000,9999.000,9999.000
202605230248,   0.651,   1.259,9999.000,9999.000,9999.000,9999.000,9999.000,9999.000,9999.000
202605230254,   0.653,   1.259,9999.000,9999.000,9999.000,9999.000,9999.000,9999.000,9999.000
202605230300,   0.654,   1.289,   0.800,  -0.165,   1.289,   0.800,   1.289,   0.800,   1.289
202605230306,   0.655,   1.279,9999.000,9999.000,9999.000,9999.000,9999.000,9999.000,9999.000
202605230312,   0.657,   1.269,9999.000,9999.000,9999.000,9999.000,9999.000,9999.000,9999.000
202605230318,   0.658,   1.259,9999.000,9999.000,9999.000,9999.000,9999.000,9999.000,9999.000
202605230324,   0.659,   1.259,9999.000,9999.000,9999.000,9999.000,9999.000,9999.000,9999.000
202605230330,   0.660,   1.249,9999.000,9999.000,9999.000,9999.000,9999.000,9999.000,9999.000
202605230336,   0.661,   1.249,9999.000,9999.000,9999.000,9999.000,9999.000,9999.000,9999.000
202605230342,   0.662,   1.259,9999.000,9999.000,9999.000,9999.000,9999.000,9999.000,9999.000
202605230348,   0.663,   1.279,9999.000,9999.000,9999.000,9999.000,9999.000,9999.000,9999.000
202605230354,   0.664,   1.289,9999.000,9999.000,9999.000,9999.000,9999.000,9999.000,9999.000
202605230400,   0.665,   1.289,   0.800,  -0.176,   1.289,   0.800,   1.289,   0.800,   1.289
202605230406,   0.665,   1.289,9999.000,9999.000,9999.000,9999.000,9999.000,9999.000,9999.000
202605230412,   0.666,   1.289,9999.000,9999.000,9999.000,9999.000,9999.000,9999.000,9999.000
202605230418,   0.666,   1.279,9999.000,9999.000,9999.000,9999.000,9999.000,9999.000,9999.000
202605230424,   0.667,   1.269,9999.000,9999.000,9999.000,9999.000,9999.000,9999.000,9999.000
202605230430,   0.667,   1.279,9999.000,9999.000,9999.000,9999.000,9999.000,9999.000,9999.000
202605230436,   0.668,   1.269,9999.000,9999.000,9999.000,9999.000,9999.000,9999.000,9999.000
202605230442,   0.668,   1.259,9999.000,9999.000,9999.000,9999.000,9999.000,9999.000,9999.000
202605230448,   0.668,   1.259,9999.000,9999.000,9999.000,9999.000,9999.000,9999.000,9999.000
202605230454,   0.669,   1.249,9999.000,9999.000,9999.000,9999.000,9999.000,9999.000,9999.000
202605230500,   0.669,   1.249,   0.800,  -0.220,   1.249,   0.800,   1.249,   0.800,   1.249
202605230506,   0.669,   1.259,9999.000,9999.000,9999.000,9999.000,9999.000,9999.000,9999.000
202605230512,   0.669,   1.259,9999.000,9999.000,9999.000,9999.000,9999.000,9999.000,9999.000
202605230518,   0.669,   1.259,9999.000,9999.000,9999.000,9999.000,9999.000,9999.000,9999.000
202605230524,   0.669,   1.269,9999.000,9999.000,9999.000,9999.000,9999.000,9999.000,9999.000
202605230530,   0.669,   1.269,9999.000,9999.000,9999.000,9999.000,9999.000,9999.000,9999.000
202605230536,   0.668,   1.269,9999.000,9999.000,9999.000,9999.000,9999.000,9999.000,9999.000
202605230542,   0.668,   1.269,9999.000,9999.000,9999.000,9999.000,9999.000,9999.000,9999.000
202605230548,   0.668,   1.269,9999.000,9999.000,9999.000,9999.000,9999.000,9999.000,9999.000
202605230554,   0.667,   1.279,9999.000,9999.000,9999.000,9999.000,9999.000,9999.000,9999.000
202605230600,   0.667,   1.279,   0.700,  -0.088,   1.279,   0.700,   1.279,   0.700,   1.279
202605230606,   0.666,   1.259,9999.000,9999.000,9999.000,9999.000,9999.000,9999.000,9999.000
202605230612,   0.666,   1.269,9999.000,9999.000,9999.000,9999.000,9999.000,9999.000,9999.000
202605230618,   0.665,   1.249,9999.000,9999.000,9999.000,9999.000,9999.000,9999.000,9999.000
202605230624,   0.664,   1.229,9999.000,9999.000,9999.000,9999.000,9999.000,9999.000,9999.000
202605230630,   0.663,   1.239,9999.000,9999.000,9999.000,9999.000,9999.000,9999.000,9999.000
202605230636,   0.663,   1.210,9999.000,9999.000,9999.000,9999.000,9999.000,9999.000,9999.000
202605230642,   0.662,   1.229,9999.000,9999.000,9999.000,9999.000,9999.000,9999.000,9999.000
202605230648,   0.660,   1.229,9999.000,9999.000,9999.000,9999.000,9999.000,9999.000,9999.000
202605230654,   0.659,   1.239,9999.000,9999.000,9999.000,9999.000,9999.000,9999.000,9999.000
202605230700,   0.658,   1.229,   0.700,  -0.129,   1.229,   0.700,   1.229,   0.700,   1.229
202605230706,   0.657,   1.220,9999.000,9999.000,9999.000,9999.000,9999.000,9999.000,9999.000
202605230712,   0.655,   1.220,9999.000,9999.000,9999.000,9999.000,9999.000,9999.000,9999.000
202605230718,   0.654,   1.200,9999.000,9999.000,9999.000,9999.000,9999.000,9999.000,9999.000
202605230724,   0.652,   1.200,9999.000,9999.000,9999.000,9999.000,9999.000,9999.000,9999.000
202605230730,   0.650,   1.190,9999.000,9999.000,9999.000,9999.000,9999.000,9999.000,9999.000
202605230736,   0.648,   1.180,9999.000,9999.000,9999.000,9999.000,9999.000,9999.000,9999.000
202605230742,   0.646,   1.170,9999.000,9999.000,9999.000,9999.000,9999.000,9999.000,9999.000
202605230748,   0.644,   1.170,9999.000,9999.000,9999.000,9999.000,9999.000,9999.000,9999.000
202605230754,   0.642,   1.180,9999.000,9999.000,9999.000,9999.000,9999.000,9999.000,9999.000
202605230800,   0.639,   1.200,   0.700,  -0.139,   1.200,   0.700,   1.200,   0.700,   1.200
202605230806,   0.637,   1.180,9999.000,9999.000,9999.000,9999.000,9999.000,9999.000,9999.000
202605230812,   0.634,   1.190,9999.000,9999.000,9999.000,9999.000,9999.000,9999.000,9999.000
202605230818,   0.631,   1.180,9999.000,9999.000,9999.000,9999.000,9999.000,9999.000,9999.000
202605230824,   0.629,   1.170,9999.000,9999.000,9999.000,9999.000,9999.000,9999.000,9999.000
202605230830,   0.626,   1.128,9999.000,9999.000,9999.000,9999.000,9999.000,9999.000,9999.000
202605230836,   0.623,   1.098,9999.000,9999.000,9999.000,9999.000,9999.000,9999.000,9999.000
202605230842,   0.619,   1.059,9999.000,9999.000,9999.000,9999.000,9999.000,9999.000,9999.000
202605230848,   0.616,   1.059,9999.000,9999.000,9999.000,9999.000,9999.000,9999.000,9999.000
202605230854,   0.613,   1.049,9999.000,9999.000,9999.000,9999.000,9999.000,9999.000,9999.000
202605230900,   0.609,   1.059,   0.700,  -0.250,   1.059,   0.700,   1.059,   0.700,   1.059
202605230906,   0.606,   1.049,9999.000,9999.000,9999.000,9999.000,9999.000,9999.000,9999.000
202605230912,   0.602,   1.049,9999.000,9999.000,9999.000,9999.000,9999.000,9999.000,9999.000
202605230918,   0.598,   1.049,9999.000,9999.000,9999.000,9999.000,9999.000,9999.000,9999.000
202605230924,   0.594,   1.039,9999.000,9999.000,9999.000,9999.000,9999.000,9999.000,9999.000
202605230930,   0.590,   1.049,9999.000,9999.000,9999.000,9999.000,9999.000,9999.000,9999.000
202605230936,   0.586,   1.049,9999.000,9999.000,9999.000,9999.000,9999.000,9999.000,9999.000
202605230942,   0.582,   1.049,9999.000,9999.000,9999.000,9999.000,9999.000,9999.000,9999.000
202605230948,   0.578,   1.039,9999.000,9999.000,9999.000,9999.000,9999.000,9999.000,9999.000
202605230954,   0.574,   1.010,9999.000,9999.000,9999.000,9999.000,9999.000,9999.000,9999.000
202605231000,   0.570,   1.020,   0.700,  -0.250,   1.020,   0.700,   1.020,   0.700,   1.020
202605231006,   0.565,   1.020,9999.000,9999.000,9999.000,9999.000,9999.000,9999.000,9999.000
202605231012,   0.561,   1.020,9999.000,9999.000,9999.000,9999.000,9999.000,9999.000,9999.000
202605231018,   0.557,   1.010,9999.000,9999.000,9999.000,9999.000,9999.000,9999.000,9999.000
202605231024,   0.552,   1.029,9999.000,9999.000,9999.000,9999.000,9999.000,9999.000,9999.000
202605231030,   0.548,   1.049,9999.000,9999.000,9999.000,9999.000,9999.000,9999.000,9999.000
202605231036,   0.544,   1.049,9999.000,9999.000,9999.000,9999.000,9999.000,9999.000,9999.000
202605231042,   0.539,   1.049,9999.000,9999.000,9999.000,9999.000,9999.000,9999.000,9999.000
202605231048,   0.535,   1.079,9999.000,9999.000,9999.000,9999.000,9999.000,9999.000,9999.000
202605231054,   0.531,   1.069,9999.000,9999.000,9999.000,9999.000,9999.000,9999.000,9999.000
202605231100,   0.526,   1.088,   0.700,  -0.138,   1.088,   0.700,   1.088,   0.700,   1.088
202605231106,   0.522,   1.098,9999.000,9999.000,9999.000,9999.000,9999.000,9999.000,9999.000
202605231112,   0.518,   1.079,9999.000,9999.000,9999.000,9999.000,9999.000,9999.000,9999.000
202605231118,   0.514,   1.088,9999.000,9999.000,9999.000,9999.000,9999.000,9999.000,9999.000
202605231124,   0.509,   1.088,9999.000,9999.000,9999.000,9999.000,9999.000,9999.000,9999.000
202605231130,   0.505,   1.088,9999.000,9999.000,9999.000,9999.000,9999.000,9999.000,9999.000
202605231136,   0.501,   1.069,9999.000,9999.000,9999.000,9999.000,9999.000,9999.000,9999.000
202605231142,   0.497,   1.059,9999.000,9999.000,9999.000,9999.000,9999.000,9999.000,9999.000
202605231148,   0.493,   1.059,9999.000,9999.000,9999.000,9999.000,9999.000,9999.000,9999.000
202605231154,   0.489,   1.059,9999.000,9999.000,9999.000,9999.000,9999.000,9999.000,9999.000
202605231200,   0.485,   1.069,   0.700,  -0.116,   1.069,   0.700,   1.069,   0.700,   1.069
202605231206,   0.482,   1.079,9999.000,9999.000,9999.000,9999.000,9999.000,9999.000,9999.000
202605231212,   0.478,   1.088,9999.000,9999.000,9999.000,9999.000,9999.000,9999.000,9999.000
202605231218,   0.474,   1.079,9999.000,9999.000,9999.000,9999.000,9999.000,9999.000,9999.000
202605231224,   0.471,   1.079,9999.000,9999.000,9999.000,9999.000,9999.000,9999.000,9999.000
202605231230,   0.467,   1.079,9999.000,9999.000,9999.000,9999.000,9999.000,9999.000,9999.000
202605231236,   0.464,   1.059,9999.000,9999.000,9999.000,9999.000,9999.000,9999.000,9999.000
202605231242,   0.461,   1.049,9999.000,9999.000,9999.000,9999.000,9999.000,9999.000,9999.000
202605231248,   0.457,   1.039,9999.000,9999.000,9999.000,9999.000,9999.000,9999.000,9999.000
202605231254,   0.454,   1.039,9999.000,9999.000,9999.000,9999.000,9999.000,9999.000,9999.000
202605231300,   0.451,   1.049,   0.700,  -0.102,   1.049,   0.700,   1.049,   0.700,   1.049
202605231306,   0.448,   1.049,9999.000,9999.000,9999.000,9999.000,9999.000,9999.000,9999.000
202605231312,   0.445,   1.039,9999.000,9999.000,9999.000,9999.000,9999.000,9999.000,9999.000
202605231318,   0.443,   1.059,9999.000,9999.000,9999.000,9999.000,9999.000,9999.000,9999.000
202605231324,   0.440,   1.039,9999.000,9999.000,9999.000,9999.000,9999.000,9999.000,9999.000
202605231330,   0.437,   1.039,9999.000,9999.000,9999.000,9999.000,9999.000,9999.000,9999.000
202605231336,   0.435,   1.039,9999.000,9999.000,9999.000,9999.000,9999.000,9999.000,9999.000
202605231342,   0.432,   1.029,9999.000,9999.000,9999.000,9999.000,9999.000,9999.000,9999.000
202605231348,   0.430,   1.020,9999.000,9999.000,9999.000,9999.000,9999.000,9999.000,9999.000
202605231354,   0.428,   0.990,9999.000,9999.000,9999.000,9999.000,9999.000,9999.000,9999.000
202605231400,   0.426,   0.961,   0.700,  -0.165,   0.961,   0.700,   0.961,   0.700,   0.961
202605231406,   0.424,   0.951,9999.000,9999.000,9999.000,9999.000,9999.000,9999.000,9999.000
202605231412,   0.422,   0.941,9999.000,9999.000,9999.000,9999.000,9999.000,9999.000,9999.000
202605231418,   0.420,   0.951,9999.000,9999.000,9999.000,9999.000,9999.000,9999.000,9999.000
202605231424,   0.418,   0.951,9999.000,9999.000,9999.000,9999.000,9999.000,9999.000,9999.000
202605231430,   0.417,   0.961,9999.000,9999.000,9999.000,9999.000,9999.000,9999.000,9999.000
202605231436,   0.415,   0.961,9999.000,9999.000,9999.000,9999.000,9999.000,9999.000,9999.000
202605231442,   0.414,   0.941,9999.000,9999.000,9999.000,9999.000,9999.000,9999.000,9999.000
202605231448,   0.413,   0.951,9999.000,9999.000,9999.000,9999.000,9999.000,9999.000,9999.000
202605231454,   0.412,   0.951,9999.000,9999.000,9999.000,9999.000,9999.000,9999.000,9999.000
202605231500,   0.411,   0.961,   0.700,  -0.150,   0.961,   0.700,   0.961,   0.700,   0.961
202605231506,   0.410,   0.961,9999.000,9999.000,9999.000,9999.000,9999.000,9999.000,9999.000
202605231512,   0.409,   0.961,9999.000,9999.000,9999.000,9999.000,9999.000,9999.000,9999.000
202605231518,   0.409,   0.961,9999.000,9999.000,9999.000,9999.000,9999.000,9999.000,9999.000
202605231524,   0.408,   0.961,9999.000,9999.000,9999.000,9999.000,9999.000,9999.000,9999.000
202605231530,   0.408,   0.951,9999.000,9999.000,9999.000,9999.000,9999.000,9999.000,9999.000
202605231536,   0.408,   0.951,9999.000,9999.000,9999.000,9999.000,9999.000,9999.000,9999.000
202605231542,   0.408,   0.928,9999.000,9999.000,9999.000,9999.000,9999.000,9999.000,9999.000
202605231548,   0.408,   0.918,9999.000,9999.000,9999.000,9999.000,9999.000,9999.000,9999.000
202605231554,   0.408,   0.898,9999.000,9999.000,9999.000,9999.000,9999.000,9999.000,9999.000
202605231600,   0.408,   0.898,   0.700,  -0.210,   0.898,   0.700,   0.898,   0.700,   0.898
202605231606,   0.409,   0.898,9999.000,9999.000,9999.000,9999.000,9999.000,9999.000,9999.000
202605231612,   0.409,   0.898,9999.000,9999.000,9999.000,9999.000,9999.000,9999.000,9999.000
202605231618,   0.410,   0.898,9999.000,9999.000,9999.000,9999.000,9999.000,9999.000,9999.000
202605231624,   0.411,   0.879,9999.000,9999.000,9999.000,9999.000,9999.000,9999.000,9999.000
202605231630,   0.412,   0.888,9999.000,9999.000,9999.000,9999.000,9999.000,9999.000,9999.000
202605231636,   0.414,   0.888,9999.000,9999.000,9999.000,9999.000,9999.000,9999.000,9999.000
202605231642,   0.415,   0.898,9999.000,9999.000,9999.000,9999.000,9999.000,9999.000,9999.000
202605231648,   0.416,   0.888,9999.000,9999.000,9999.000,9999.000,9999.000,9999.000,9999.000
202605231654,   0.418,   0.898,9999.000,9999.000,9999.000,9999.000,9999.000,9999.000,9999.000
202605231700,   0.420,   0.908,   0.700,  -0.212,   0.908,   0.700,   0.908,   0.700,   0.908
202605231706,   0.422,   0.928,9999.000,9999.000,9999.000,9999.000,9999.000,9999.000,9999.000
202605231712,   0.424,   0.941,9999.000,9999.000,9999.000,9999.000,9999.000,9999.000,9999.000
202605231718,   0.426,   0.961,9999.000,9999.000,9999.000,9999.000,9999.000,9999.000,9999.000
202605231724,   0.428,   0.980,9999.000,9999.000,9999.000,9999.000,9999.000,9999.000,9999.000
202605231730,   0.431,   0.990,9999.000,9999.000,9999.000,9999.000,9999.000,9999.000,9999.000
202605231736,   0.433,   0.990,9999.000,9999.000,9999.000,9999.000,9999.000,9999.000,9999.000
202605231742,   0.436,   1.069,9999.000,9999.000,9999.000,9999.000,9999.000,9999.000,9999.000
202605231748,   0.438,   0.928,9999.000,9999.000,9999.000,9999.000,9999.000,9999.000,9999.000
202605231754,   0.441,9999.000,9999.000,9999.000,9999.000,9999.000,9999.000,9999.000,9999.000
202605231800,   0.444,9999.000,   0.700,  -0.198,   0.946,   0.700,   0.946,   0.700,   0.946
202605231806,   0.447,9999.000,9999.000,9999.000,9999.000,9999.000,9999.000,9999.000,9999.000
202605231812,   0.450,9999.000,9999.000,9999.000,9999.000,9999.000,9999.000,9999.000,9999.000
202605231818,   0.453,9999.000,9999.000,9999.000,9999.000,9999.000,9999.000,9999.000,9999.000
202605231824,   0.456,9999.000,9999.000,9999.000,9999.000,9999.000,9999.000,9999.000,9999.000
202605231830,   0.459,9999.000,9999.000,9999.000,9999.000,9999.000,9999.000,9999.000,9999.000
202605231836,   0.462,9999.000,9999.000,9999.000,9999.000,9999.000,9999.000,9999.000,9999.000
202605231842,   0.465,9999.000,9999.000,9999.000,9999.000,9999.000,9999.000,9999.000,9999.000
202605231848,   0.468,9999.000,9999.000,9999.000,9999.000,9999.000,9999.000,9999.000,9999.000
202605231854,   0.472,9999.000,9999.000,9999.000,9999.000,9999.000,9999.000,9999.000,9999.000
202605231900,   0.475,9999.000,   0.700,  -0.185,   0.990,   0.700,   0.990,   0.700,   0.990
202605231906,   0.478,9999.000,9999.000,9999.000,9999.000,9999.000,9999.000,9999.000,9999.000
202605231912,   0.481,9999.000,9999.000,9999.000,9999.000,9999.000,9999.000,9999.000,9999.000
202605231918,   0.484,9999.000,9999.000,9999.000,9999.000,9999.000,9999.000,9999.000,9999.000
202605231924,   0.487,9999.000,9999.000,9999.000,9999.000,9999.000,9999.000,9999.000,9999.000
202605231930,   0.490,9999.000,9999.000,9999.000,9999.000,9999.000,9999.000,9999.000,9999.000
202605231936,   0.493,9999.000,9999.000,9999.000,9999.000,9999.000,9999.000,9999.000,9999.000
202605231942,   0.496,9999.000,9999.000,9999.000,9999.000,9999.000,9999.000,9999.000,9999.000
202605231948,   0.499,9999.000,9999.000,9999.000,9999.000,9999.000,9999.000,9999.000,9999.000
202605231954,   0.502,9999.000,9999.000,9999.000,9999.000,9999.000,9999.000,9999.000,9999.000
202605232000,   0.504,9999.000,   0.700,  -0.171,   1.033,   0.700,   1.033,   0.700,   1.033
202605232006,   0.507,9999.000,9999.000,9999.000,9999.000,9999.000,9999.000,9999.000,9999.000
202605232012,   0.510,9999.000,9999.000,9999.000,9999.000,9999.000,9999.000,9999.000,9999.000
202605232018,   0.512,9999.000,9999.000,9999.000,9999.000,9999.000,9999.000,9999.000,9999.000
202605232024,   0.514,9999.000,9999.000,9999.000,9999.000,9999.000,9999.000,9999.000,9999.000
202605232030,   0.517,9999.000,9999.000,9999.000,9999.000,9999.000,9999.000,9999.000,9999.000
202605232036,   0.519,9999.000,9999.000,9999.000,9999.000,9999.000,9999.000,9999.000,9999.000
202605232042,   0.521,9999.000,9999.000,9999.000,9999.000,9999.000,9999.000,9999.000,9999.000
202605232048,   0.523,9999.000,9999.000,9999.000,9999.000,9999.000,9999.000,9999.000,9999.000
202605232054,   0.525,9999.000,9999.000,9999.000,9999.000,9999.000,9999.000,9999.000,9999.000
202605232100,   0.527,9999.000,   0.700,  -0.158,   1.069,   0.700,   1.069,   0.700,   1.069
202605232106,   0.529,9999.000,9999.000,9999.000,9999.000,9999.000,9999.000,9999.000,9999.000
202605232112,   0.530,9999.000,9999.000,9999.000,9999.000,9999.000,9999.000,9999.000,9999.000
202605232118,   0.532,9999.000,9999.000,9999.000,9999.000,9999.000,9999.000,9999.000,9999.000
202605232124,   0.534,9999.000,9999.000,9999.000,9999.000,9999.000,9999.000,9999.000,9999.000
202605232130,   0.535,9999.000,9999.000,9999.000,9999.000,9999.000,9999.000,9999.000,9999.000
202605232136,   0.536,9999.000,9999.000,9999.000,9999.000,9999.000,9999.000,9999.000,9999.000
202605232142,   0.538,9999.000,9999.000,9999.000,9999.000,9999.000,9999.000,9999.000,9999.000
202605232148,   0.539,9999.000,9999.000,9999.000,9999.000,9999.000,9999.000,9999.000,9999.000
202605232154,   0.540,9999.000,9999.000,9999.000,9999.000,9999.000,9999.000,9999.000,9999.000
202605232200,   0.541,9999.000,   0.700,  -0.144,   1.097,   0.700,   1.097,   0.700,   1.097
202605232206,   0.543,9999.000,9999.000,9999.000,9999.000,9999.000,9999.000,9999.000,9999.000
202605232212,   0.544,9999.000,9999.000,9999.000,9999.000,9999.000,9999.000,9999.000,9999.000
202605232218,   0.545,9999.000,9999.000,9999.000,9999.000,9999.000,9999.000,9999.000,9999.000
202605232224,   0.546,9999.000,9999.000,9999.000,9999.000,9999.000,9999.000,9999.000,9999.000
202605232230,   0.547,9999.000,9999.000,9999.000,9999.000,9999.000,9999.000,9999.000,9999.000
202605232236,   0.548,9999.000,9999.000,9999.000,9999.000,9999.000,9999.000,9999.000,9999.000
202605232242,   0.549,9999.000,9999.000,9999.000,9999.000,9999.000,9999.000,9999.000,9999.000
202605232248,   0.550,9999.000,9999.000,9999.000,9999.000,9999.000,9999.000,9999.000,9999.000
202605232254,   0.551,9999.000,9999.000,9999.000,9999.000,9999.000,9999.000,9999.000,9999.000
202605232300,   0.552,9999.000,   0.700,  -0.131,   1.121,   0.700,   1.121,   0.700,   1.121
202605232306,   0.553,9999.000,9999.000,9999.000,9999.000,9999.000,9999.000,9999.000,9999.000
202605232312,   0.554,9999.000,9999.000,9999.000,9999.000,9999.000,9999.000,9999.000,9999.000
202605232318,   0.555,9999.000,9999.000,9999.000,9999.000,9999.000,9999.000,9999.000,9999.000
202605232324,   0.556,9999.000,9999.000,9999.000,9999.000,9999.000,9999.000,9999.000,9999.000
202605232330,   0.557,9999.000,9999.000,9999.000,9999.000,9999.000,9999.000,9999.000,9999.000
202605232336,   0.558,9999.000,9999.000,9999.000,9999.000,9999.000,9999.000,9999.000,9999.000
202605232342,   0.559,9999.000,9999.000,9999.000,9999.000,9999.000,9999.000,9999.000,9999.000
202605232348,   0.560,9999.000,9999.000,9999.000,9999.000,9999.000,9999.000,9999.000,9999.000
202605232354,   0.561,9999.000,9999.000,9999.000,9999.000,9999.000,9999.000,9999.000,9999.000
202605240000,   0.562,9999.000,   0.700,  -0.117,   1.145,   0.700,   1.145,   0.700,   1.145
202605240006,   0.564,9999.000,9999.000,9999.000,9999.000,9999.000,9999.000,9999.000,9999.000
202605240012,   0.565,9999.000,9999.000,9999.000,9999.000,9999.000,9999.000,9999.000,9999.000
202605240018,   0.566,9999.000,9999.000,9999.000,9999.000,9999.000,9999.000,9999.000,9999.000
202605240024,   0.567,9999.000,9999.000,9999.000,9999.000,9999.000,9999.000,9999.000,9999.000
202605240030,   0.568,9999.000,9999.000,9999.000,9999.000,9999.000,9999.000,9999.000,9999.000
202605240036,   0.570,9999.000,9999.000,9999.000,9999.000,9999.000,9999.000,9999.000,9999.000
202605240042,   0.571,9999.000,9999.000,9999.000,9999.000,9999.000,9999.000,9999.000,9999.000
202605240048,   0.572,9999.000,9999.000,9999.000,9999.000,9999.000,9999.000,9999.000,9999.000
202605240054,   0.574,9999.000,9999.000,9999.000,9999.000,9999.000,9999.000,9999.000,9999.000
202605240100,   0.575,9999.000,   0.700,  -0.104,   1.171,   0.700,   1.171,   0.700,   1.171
202605240106,   0.576,9999.000,9999.000,9999.000,9999.000,9999.000,9999.000,9999.000,9999.000
202605240112,   0.577,9999.000,9999.000,9999.000,9999.000,9999.000,9999.000,9999.000,9999.000
202605240118,   0.579,9999.000,9999.000,9999.000,9999.000,9999.000,9999.000,9999.000,9999.000
202605240124,   0.580,9999.000,9999.000,9999.000,9999.000,9999.000,9999.000,9999.000,9999.000
202605240130,   0.581,9999.000,9999.000,9999.000,9999.000,9999.000,9999.000,9999.000,9999.000
202605240136,   0.583,9999.000,9999.000,9999.000,9999.000,9999.000,9999.000,9999.000,9999.000
202605240142,   0.584,9999.000,9999.000,9999.000,9999.000,9999.000,9999.000,9999.000,9999.000
202605240148,   0.585,9999.000,9999.000,9999.000,9999.000,9999.000,9999.000,9999.000,9999.000
202605240154,   0.586,9999.000,9999.000,9999.000,9999.000,9999.000,9999.000,9999.000,9999.000
202605240200,   0.587,9999.000,   0.700,  -0.090,   1.197,   0.700,   1.197,   0.700,   1.197
202605240206,   0.588,9999.000,9999.000,9999.000,9999.000,9999.000,9999.000,9999.000,9999.000
202605240212,   0.590,9999.000,9999.000,9999.000,9999.000,9999.000,9999.000,9999.000,9999.000
202605240218,   0.591,9999.000,9999.000,9999.000,9999.000,9999.000,9999.000,9999.000,9999.000
202605240224,   0.592,9999.000,9999.000,9999.000,9999.000,9999.000,9999.000,9999.000,9999.000
202605240230,   0.593,9999.000,9999.000,9999.000,9999.000,9999.000,9999.000,9999.000,9999.000
202605240236,   0.594,9999.000,9999.000,9999.000,9999.000,9999.000,9999.000,9999.000,9999.000
202605240242,   0.595,9999.000,9999.000,9999.000,9999.000,9999.000,9999.000,9999.000,9999.000
202605240248,   0.595,9999.000,9999.000,9999.000,9999.000,9999.000,9999.000,9999.000,9999.000
202605240254,   0.596,9999.000,9999.000,9999.000,9999.000,9999.000,9999.000,9999.000,9999.000
202605240300,   0.597,9999.000,   0.700,  -0.076,   1.221,   0.700,   1.221,   0.700,   1.221
202605240306,   0.598,9999.000,9999.000,9999.000,9999.000,9999.000,9999.000,9999.000,9999.000
202605240312,   0.599,9999.000,9999.000,9999.000,9999.000,9999.000,9999.000,9999.000,9999.000
202605240318,   0.599,9999.000,9999.000,9999.000,9999.000,9999.000,9999.000,9999.000,9999.000
202605240324,   0.600,9999.000,9999.000,9999.000,9999.000,9999.000,9999.000,9999.000,9999.000
202605240330,   0.600,9999.000,9999.000,9999.000,9999.000,9999.000,9999.000,9999.000,9999.000
202605240336,   0.601,9999.000,9999.000,9999.000,9999.000,9999.000,9999.000,9999.000,9999.000
202605240342,   0.602,9999.000,9999.000,9999.000,9999.000,9999.000,9999.000,9999.000,9999.000
202605240348,   0.602,9999.000,9999.000,9999.000,9999.000,9999.000,9999.000,9999.000,9999.000
202605240354,   0.603,9999.000,9999.000,9999.000,9999.000,9999.000,9999.000,9999.000,9999.000
202605240400,   0.603,9999.000,   0.700,  -0.063,   1.240,   0.700,   1.240,   0.700,   1.240
202605240406,   0.603,9999.000,9999.000,9999.000,9999.000,9999.000,9999.000,9999.000,9999.000
202605240412,   0.604,9999.000,9999.000,9999.000,9999.000,9999.000,9999.000,9999.000,9999.000
202605240418,   0.604,9999.000,9999.000,9999.000,9999.000,9999.000,9999.000,9999.000,9999.000
202605240424,   0.604,9999.000,9999.000,9999.000,9999.000,9999.000,9999.000,9999.000,9999.000
202605240430,   0.605,9999.000,9999.000,9999.000,9999.000,9999.000,9999.000,9999.000,9999.000
202605240436,   0.605,9999.000,9999.000,9999.000,9999.000,9999.000,9999.000,9999.000,9999.000
202605240442,   0.605,9999.000,9999.000,9999.000,9999.000,9999.000,9999.000,9999.000,9999.000
202605240448,   0.605,9999.000,9999.000,9999.000,9999.000,9999.000,9999.000,9999.000,9999.000
202605240454,   0.606,9999.000,9999.000,9999.000,9999.000,9999.000,9999.000,9999.000,9999.000
202605240500,   0.606,9999.000,   0.700,  -0.049,   1.257,   0.700,   1.257,   0.700,   1.257
202605240506,   0.606,9999.000,9999.000,9999.000,9999.000,9999.000,9999.000,9999.000,9999.000
202605240512,   0.606,9999.000,9999.000,9999.000,9999.000,9999.000,9999.000,9999.000,9999.000
202605240518,   0.606,9999.000,9999.000,9999.000,9999.000,9999.000,9999.000,9999.000,9999.000
202605240524,   0.606,9999.000,9999.000,9999.000,9999.000,9999.000,9999.000,9999.000,9999.000
202605240530,   0.606,9999.000,9999.000,9999.000,9999.000,9999.000,9999.000,9999.000,9999.000
202605240536,   0.606,9999.000,9999.000,9999.000,9999.000,9999.000,9999.000,9999.000,9999.000
202605240542,   0.606,9999.000,9999.000,9999.000,9999.000,9999.000,9999.000,9999.000,9999.000
202605240548,   0.606,9999.000,9999.000,9999.000,9999.000,9999.000,9999.000,9999.000,9999.000
202605240554,   0.606,9999.000,9999.000,9999.000,9999.000,9999.000,9999.000,9999.000,9999.000
202605240600,   0.606,9999.000,   0.700,  -0.049,   1.257,   0.700,   1.257,   0.700,   1.257
202605240606,   0.606,9999.000,9999.000,9999.000,9999.000,9999.000,9999.000,9999.000,9999.000
202605240612,   0.606,9999.000,9999.000,9999.000,9999.000,9999.000,9999.000,9999.000,9999.000
202605240618,   0.606,9999.000,9999.000,9999.000,9999.000,9999.000,9999.000,9999.000,9999.000
202605240624,   0.606,9999.000,9999.000,9999.000,9999.000,9999.000,9999.000,9999.000,9999.000
202605240630,   0.605,9999.000,9999.000,9999.000,9999.000,9999.000,9999.000,9999.000,9999.000
202605240636,   0.605,9999.000,9999.000,9999.000,9999.000,9999.000,9999.000,9999.000,9999.000
202605240642,   0.604,9999.000,9999.000,9999.000,9999.000,9999.000,9999.000,9999.000,9999.000
202605240648,   0.604,9999.000,9999.000,9999.000,9999.000,9999.000,9999.000,9999.000,9999.000
202605240654,   0.603,9999.000,9999.000,9999.000,9999.000,9999.000,9999.000,9999.000,9999.000
202605240700,   0.603,9999.000,   0.700,  -0.049,   1.254,   0.700,   1.254,   0.700,   1.254
202605240706,   0.602,9999.000,9999.000,9999.000,9999.000,9999.000,9999.000,9999.000,9999.000
202605240712,   0.601,9999.000,9999.000,9999.000,9999.000,9999.000,9999.000,9999.000,9999.000
202605240718,   0.601,9999.000,9999.000,9999.000,9999.000,9999.000,9999.000,9999.000,9999.000
202605240724,   0.600,9999.000,9999.000,9999.000,9999.000,9999.000,9999.000,9999.000,9999.000
202605240730,   0.599,9999.000,9999.000,9999.000,9999.000,9999.000,9999.000,9999.000,9999.000
202605240736,   0.598,9999.000,9999.000,9999.000,9999.000,9999.000,9999.000,9999.000,9999.000
202605240742,   0.596,9999.000,9999.000,9999.000,9999.000,9999.000,9999.000,9999.000,9999.000
202605240748,   0.595,9999.000,9999.000,9999.000,9999.000,9999.000,9999.000,9999.000,9999.000
202605240754,   0.594,9999.000,9999.000,9999.000,9999.000,9999.000,9999.000,9999.000,9999.000
202605240800,   0.592,9999.000,   0.700,  -0.049,   1.243,   0.700,   1.243,   0.700,   1.243
202605240806,   0.591,9999.000,9999.000,9999.000,9999.000,9999.000,9999.000,9999.000,9999.000
202605240812,   0.589,9999.000,9999.000,9999.000,9999.000,9999.000,9999.000,9999.000,9999.000
202605240818,   0.588,9999.000,9999.000,9999.000,9999.000,9999.000,9999.000,9999.000,9999.000
202605240824,   0.586,9999.000,9999.000,9999.000,9999.000,9999.000,9999.000,9999.000,9999.000
202605240830,   0.584,9999.000,9999.000,9999.000,9999.000,9999.000,9999.000,9999.000,9999.000
202605240836,   0.582,9999.000,9999.000,9999.000,9999.000,9999.000,9999.000,9999.000,9999.000
202605240842,   0.580,9999.000,9999.000,9999.000,9999.000,9999.000,9999.000,9999.000,9999.000
202605240848,   0.578,9999.000,9999.000,9999.000,9999.000,9999.000,9999.000,9999.000,9999.000
202605240854,   0.575,9999.000,9999.000,9999.000,9999.000,9999.000,9999.000,9999.000,9999.000
202605240900,   0.573,9999.000,   0.700,  -0.049,   1.224,   0.700,   1.224,   0.700,   1.224
202605240906,   0.570,9999.000,9999.000,9999.000,9999.000,9999.000,9999.000,9999.000,9999.000
202605240912,   0.568,9999.000,9999.000,9999.000,9999.000,9999.000,9999.000,9999.000,9999.000
202605240918,   0.565,9999.000,9999.000,9999.000,9999.000,9999.000,9999.000,9999.000,9999.000
202605240924,   0.563,9999.000,9999.000,9999.000,9999.000,9999.000,9999.000,9999.000,9999.000
202605240930,   0.560,9999.000,9999.000,9999.000,9999.000,9999.000,9999.000,9999.000,9999.000
202605240936,   0.557,9999.000,9999.000,9999.000,9999.000,9999.000,9999.000,9999.000,9999.000
202605240942,   0.554,9999.000,9999.000,9999.000,9999.000,9999.000,9999.000,9999.000,9999.000
202605240948,   0.552,9999.000,9999.000,9999.000,9999.000,9999.000,9999.000,9999.000,9999.000
202605240954,   0.549,9999.000,9999.000,9999.000,9999.000,9999.000,9999.000,9999.000,9999.000
202605241000,   0.546,9999.000,   0.700,  -0.049,   1.197,   0.700,   1.197,   0.700,   1.197
202605241006,   0.543,9999.000,9999.000,9999.000,9999.000,9999.000,9999.000,9999.000,9999.000
202605241012,   0.540,9999.000,9999.000,9999.000,9999.000,9999.000,9999.000,9999.000,9999.000
202605241018,   0.536,9999.000,9999.000,9999.000,9999.000,9999.000,9999.000,9999.000,9999.000
202605241024,   0.533,9999.000,9999.000,9999.000,9999.000,9999.000,9999.000,9999.000,9999.000
202605241030,   0.530,9999.000,9999.000,9999.000,9999.000,9999.000,9999.000,9999.000,9999.000
202605241036,   0.527,9999.000,9999.000,9999.000,9999.000,9999.000,9999.000,9999.000,9999.000
202605241042,   0.524,9999.000,9999.000,9999.000,9999.000,9999.000,9999.000,9999.000,9999.000
202605241048,   0.521,9999.000,9999.000,9999.000,9999.000,9999.000,9999.000,9999.000,9999.000
202605241054,   0.518,9999.000,9999.000,9999.000,9999.000,9999.000,9999.000,9999.000,9999.000
202605241100,   0.515,9999.000,   0.700,  -0.049,   1.166,   0.700,   1.166,   0.700,   1.166
202605241106,   0.512,9999.000,9999.000,9999.000,9999.000,9999.000,9999.000,9999.000,9999.000
202605241112,   0.509,9999.000,9999.000,9999.000,9999.000,9999.000,9999.000,9999.000,9999.000
202605241118,   0.506,9999.000,9999.000,9999.000,9999.000,9999.000,9999.000,9999.000,9999.000
202605241124,   0.503,9999.000,9999.000,9999.000,9999.000,9999.000,9999.000,9999.000,9999.000
202605241130,   0.500,9999.000,9999.000,9999.000,9999.000,9999.000,9999.000,9999.000,9999.000
202605241136,   0.497,9999.000,9999.000,9999.000,9999.000,9999.000,9999.000,9999.000,9999.000
202605241142,   0.494,9999.000,9999.000,9999.000,9999.000,9999.000,9999.000,9999.000,9999.000
202605241148,   0.491,9999.000,9999.000,9999.000,9999.000,9999.000,9999.000,9999.000,9999.000
202605241154,   0.488,9999.000,9999.000,9999.000,9999.000,9999.000,9999.000,9999.000,9999.000
202605241200,   0.485,9999.000,   0.700,  -0.049,   1.136,   0.700,   1.136,   0.700,   1.136
202605241206,   0.483,9999.000,9999.000,9999.000,9999.000,9999.000,9999.000,9999.000,9999.000
202605241212,   0.480,9999.000,9999.000,9999.000,9999.000,9999.000,9999.000,9999.000,9999.000
202605241218,   0.477,9999.000,9999.000,9999.000,9999.000,9999.000,9999.000,9999.000,9999.000
202605241224,   0.475,9999.000,9999.000,9999.000,9999.000,9999.000,9999.000,9999.000,9999.000
202605241230,   0.472,9999.000,9999.000,9999.000,9999.000,9999.000,9999.000,9999.000,9999.000
202605241236,   0.470,9999.000,9999.000,9999.000,9999.000,9999.000,9999.000,9999.000,9999.000
202605241242,   0.467,9999.000,9999.000,9999.000,9999.000,9999.000,9999.000,9999.000,9999.000
202605241248,   0.465,9999.000,9999.000,9999.000,9999.000,9999.000,9999.000,9999.000,9999.000
202605241254,   0.463,9999.000,9999.000,9999.000,9999.000,9999.000,9999.000,9999.000,9999.000
202605241300,   0.461,9999.000,   0.700,  -0.049,   1.112,   0.700,   1.112,   0.700,   1.112
202605241306,   0.458,9999.000,9999.000,9999.000,9999.000,9999.000,9999.000,9999.000,9999.000
202605241312,   0.456,9999.000,9999.000,9999.000,9999.000,9999.000,9999.000,9999.000,9999.000
202605241318,   0.454,9999.000,9999.000,9999.000,9999.000,9999.000,9999.000,9999.000,9999.000
202605241324,   0.452,9999.000,9999.000,9999.000,9999.000,9999.000,9999.000,9999.000,9999.000
202605241330,   0.450,9999.000,9999.000,9999.000,9999.000,9999.000,9999.000,9999.000,9999.000
202605241336,   0.448,9999.000,9999.000,9999.000,9999.000,9999.000,9999.000,9999.000,9999.000
202605241342,   0.447,9999.000,9999.000,9999.000,9999.000,9999.000,9999.000,9999.000,9999.000
202605241348,   0.445,9999.000,9999.000,9999.000,9999.000,9999.000,9999.000,9999.000,9999.000
202605241354,   0.443,9999.000,9999.000,9999.000,9999.000,9999.000,9999.000,9999.000,9999.000
202605241400,   0.442,9999.000,   0.700,  -0.049,   1.093,   0.600,   0.993,   0.700,   1.093
202605241406,   0.440,9999.000,9999.000,9999.000,9999.000,9999.000,9999.000,9999.000,9999.000
202605241412,   0.439,9999.000,9999.000,9999.000,9999.000,9999.000,9999.000,9999.000,9999.000
202605241418,   0.437,9999.000,9999.000,9999.000,9999.000,9999.000,9999.000,9999.000,9999.000
202605241424,   0.436,9999.000,9999.000,9999.000,9999.000,9999.000,9999.000,9999.000,9999.000
202605241430,   0.435,9999.000,9999.000,9999.000,9999.000,9999.000,9999.000,9999.000,9999.000
202605241436,   0.433,9999.000,9999.000,9999.000,9999.000,9999.000,9999.000,9999.000,9999.000
202605241442,   0.432,9999.000,9999.000,9999.000,9999.000,9999.000,9999.000,9999.000,9999.000
202605241448,   0.431,9999.000,9999.000,9999.000,9999.000,9999.000,9999.000,9999.000,9999.000
202605241454,   0.430,9999.000,9999.000,9999.000,9999.000,9999.000,9999.000,9999.000,9999.000
202605241500,   0.430,9999.000,   0.700,  -0.049,   1.081,   0.600,   0.981,   0.700,   1.081
202605241506,   0.429,9999.000,9999.000,9999.000,9999.000,9999.000,9999.000,9999.000,9999.000
202605241512,   0.428,9999.000,9999.000,9999.000,9999.000,9999.000,9999.000,9999.000,9999.000
202605241518,   0.428,9999.000,9999.000,9999.000,9999.000,9999.000,9999.000,9999.000,9999.000
202605241524,   0.427,9999.000,9999.000,9999.000,9999.000,9999.000,9999.000,9999.000,9999.000
202605241530,   0.427,9999.000,9999.000,9999.000,9999.000,9999.000,9999.000,9999.000,9999.000
202605241536,   0.427,9999.000,9999.000,9999.000,9999.000,9999.000,9999.000,9999.000,9999.000
202605241542,   0.427,9999.000,9999.000,9999.000,9999.000,9999.000,9999.000,9999.000,9999.000
202605241548,   0.427,9999.000,9999.000,9999.000,9999.000,9999.000,9999.000,9999.000,9999.000
202605241554,   0.427,9999.000,9999.000,9999.000,9999.000,9999.000,9999.000,9999.000,9999.000
202605241600,   0.428,9999.000,   0.700,  -0.049,   1.079,   0.600,   0.979,   0.700,   1.079
202605241606,   0.428,9999.000,9999.000,9999.000,9999.000,9999.000,9999.000,9999.000,9999.000
202605241612,   0.429,9999.000,9999.000,9999.000,9999.000,9999.000,9999.000,9999.000,9999.000
202605241618,   0.429,9999.000,9999.000,9999.000,9999.000,9999.000,9999.000,9999.000,9999.000
202605241624,   0.430,9999.000,9999.000,9999.000,9999.000,9999.000,9999.000,9999.000,9999.000
202605241630,   0.431,9999.000,9999.000,9999.000,9999.000,9999.000,9999.000,9999.000,9999.000
202605241636,   0.432,9999.000,9999.000,9999.000,9999.000,9999.000,9999.000,9999.000,9999.000
202605241642,   0.433,9999.000,9999.000,9999.000,9999.000,9999.000,9999.000,9999.000,9999.000
202605241648,   0.435,9999.000,9999.000,9999.000,9999.000,9999.000,9999.000,9999.000,9999.000
202605241654,   0.436,9999.000,9999.000,9999.000,9999.000,9999.000,9999.000,9999.000,9999.000
202605241700,   0.438,9999.000,   0.700,  -0.049,   1.089,   0.600,   0.989,   0.700,   1.089
202605241706,   0.439,9999.000,9999.000,9999.000,9999.000,9999.000,9999.000,9999.000,9999.000
202605241712,   0.441,9999.000,9999.000,9999.000,9999.000,9999.000,9999.000,9999.000,9999.000
202605241718,   0.443,9999.000,9999.000,9999.000,9999.000,9999.000,9999.000,9999.000,9999.000
202605241724,   0.445,9999.000,9999.000,9999.000,9999.000,9999.000,9999.000,9999.000,9999.000
202605241730,   0.448,9999.000,9999.000,9999.000,9999.000,9999.000,9999.000,9999.000,9999.000
202605241736,   0.450,9999.000,9999.000,9999.000,9999.000,9999.000,9999.000,9999.000,9999.000
202605241742,   0.452,9999.000,9999.000,9999.000,9999.000,9999.000,9999.000,9999.000,9999.000
202605241748,   0.455,9999.000,9999.000,9999.000,9999.000,9999.000,9999.000,9999.000,9999.000
202605241754,   0.457,9999.000,9999.000,9999.000,9999.000,9999.000,9999.000,9999.000,9999.000
202605241800,   0.460,9999.000,   0.700,  -0.049,   1.111,   0.600,   1.011,   0.700,   1.111
202605241806,   0.463,9999.000,9999.000,9999.000,9999.000,9999.000,9999.000,9999.000,9999.000
202605241812,   0.465,9999.000,9999.000,9999.000,9999.000,9999.000,9999.000,9999.000,9999.000
202605241818,   0.468,9999.000,9999.000,9999.000,9999.000,9999.000,9999.000,9999.000,9999.000
202605241824,   0.471,9999.000,9999.000,9999.000,9999.000,9999.000,9999.000,9999.000,9999.000
202605241830,   0.474,9999.000,9999.000,9999.000,9999.000,9999.000,9999.000,9999.000,9999.000
202605241836,   0.477,9999.000,9999.000,9999.000,9999.000,9999.000,9999.000,9999.000,9999.000
202605241842,   0.480,9999.000,9999.000,9999.000,9999.000,9999.000,9999.000,9999.000,9999.000
202605241848,   0.483,9999.000,9999.000,9999.000,9999.000,9999.000,9999.000,9999.000,9999.000
202605241854,   0.486,9999.000,9999.000,9999.000,9999.000,9999.000,9999.000,9999.000,9999.000
202605241900,   0.488,9999.000,   0.700,  -0.049,   1.139,   0.600,   1.039,   0.700,   1.139
202605241906,   0.491,9999.000,9999.000,9999.000,9999.000,9999.000,9999.000,9999.000,9999.000
202605241912,   0.494,9999.000,9999.000,9999.000,9999.000,9999.000,9999.000,9999.000,9999.000
202605241918,   0.497,9999.000,9999.000,9999.000,9999.000,9999.000,9999.000,9999.000,9999.000
202605241924,   0.500,9999.000,9999.000,9999.000,9999.000,9999.000,9999.000,9999.000,9999.000
202605241930,   0.503,9999.000,9999.000,9999.000,9999.000,9999.000,9999.000,9999.000,9999.000
202605241936,   0.505,9999.000,9999.000,9999.000,9999.000,9999.000,9999.000,9999.000,9999.000
202605241942,   0.508,9999.000,9999.000,9999.000,9999.000,9999.000,9999.000,9999.000,9999.000
202605241948,   0.511,9999.000,9999.000,9999.000,9999.000,9999.000,9999.000,9999.000,9999.000
202605241954,   0.513,9999.000,9999.000,9999.000,9999.000,9999.000,9999.000,9999.000,9999.000
202605242000,   0.516,9999.000,   0.700,  -0.049,   1.167,   0.600,   1.067,   0.700,   1.167
202605242006,   0.518,9999.000,9999.000,9999.000,9999.000,9999.000,9999.000,9999.000,9999.000
202605242012,   0.520,9999.000,9999.000,9999.000,9999.000,9999.000,9999.000,9999.000,9999.000
202605242018,   0.522,9999.000,9999.000,9999.000,9999.000,9999.000,9999.000,9999.000,9999.000
202605242024,   0.525,9999.000,9999.000,9999.000,9999.000,9999.000,9999.000,9999.000,9999.000
202605242030,   0.527,9999.000,9999.000,9999.000,9999.000,9999.000,9999.000,9999.000,9999.000
202605242036,   0.528,9999.000,9999.000,9999.000,9999.000,9999.000,9999.000,9999.000,9999.000
202605242042,   0.530,9999.000,9999.000,9999.000,9999.000,9999.000,9999.000,9999.000,9999.000
202605242048,   0.532,9999.000,9999.000,9999.000,9999.000,9999.000,9999.000,9999.000,9999.000
202605242054,   0.533,9999.000,9999.000,9999.000,9999.000,9999.000,9999.000,9999.000,9999.000
202605242100,   0.535,9999.000,   0.700,  -0.049,   1.186,   0.600,   1.086,   0.700,   1.186
202605242106,   0.536,9999.000,9999.000,9999.000,9999.000,9999.000,9999.000,9999.000,9999.000
202605242112,   0.537,9999.000,9999.000,9999.000,9999.000,9999.000,9999.000,9999.000,9999.000
202605242118,   0.539,9999.000,9999.000,9999.000,9999.000,9999.000,9999.000,9999.000,9999.000
202605242124,   0.540,9999.000,9999.000,9999.000,9999.000,9999.000,9999.000,9999.000,9999.000
202605242130,   0.541,9999.000,9999.000,9999.000,9999.000,9999.000,9999.000,9999.000,9999.000
202605242136,   0.542,9999.000,9999.000,9999.000,9999.000,9999.000,9999.000,9999.000,9999.000
202605242142,   0.542,9999.000,9999.000,9999.000,9999.000,9999.000,9999.000,9999.000,9999.000
202605242148,   0.543,9999.000,9999.000,9999.000,9999.000,9999.000,9999.000,9999.000,9999.000
202605242154,   0.544,9999.000,9999.000,9999.000,9999.000,9999.000,9999.000,9999.000,9999.000
202605242200,   0.544,9999.000,   0.700,  -0.049,   1.195,   0.600,   1.095,   0.700,   1.195
202605242206,   0.545,9999.000,9999.000,9999.000,9999.000,9999.000,9999.000,9999.000,9999.000
202605242212,   0.545,9999.000,9999.000,9999.000,9999.000,9999.000,9999.000,9999.000,9999.000
202605242218,   0.546,9999.000,9999.000,9999.000,9999.000,9999.000,9999.000,9999.000,9999.000
202605242224,   0.546,9999.000,9999.000,9999.000,9999.000,9999.000,9999.000,9999.000,9999.000
202605242230,   0.546,9999.000,9999.000,9999.000,9999.000,9999.000,9999.000,9999.000,9999.000
202605242236,   0.547,9999.000,9999.000,9999.000,9999.000,9999.000,9999.000,9999.000,9999.000
202605242242,   0.547,9999.000,9999.000,9999.000,9999.000,9999.000,9999.000,9999.000,9999.000
202605242248,   0.547,9999.000,9999.000,9999.000,9999.000,9999.000,9999.000,9999.000,9999.000
202605242254,   0.547,9999.000,9999.000,9999.000,9999.000,9999.000,9999.000,9999.000,9999.000
202605242300,   0.547,9999.000,   0.700,  -0.049,   1.198,   0.600,   1.098,   0.700,   1.198
202605242306,   0.547,9999.000,9999.000,9999.000,9999.000,9999.000,9999.000,9999.000,9999.000
202605242312,   0.548,9999.000,9999.000,9999.000,9999.000,9999.000,9999.000,9999.000,9999.000
202605242318,   0.548,9999.000,9999.000,9999.000,9999.000,9999.000,9999.000,9999.000,9999.000
202605242324,   0.548,9999.000,9999.000,9999.000,9999.000,9999.000,9999.000,9999.000,9999.000
202605242330,   0.548,9999.000,9999.000,9999.000,9999.000,9999.000,9999.000,9999.000,9999.000
202605242336,   0.548,9999.000,9999.000,9999.000,9999.000,9999.000,9999.000,9999.000,9999.000
202605242342,   0.548,9999.000,9999.000,9999.000,9999.000,9999.000,9999.000,9999.000,9999.000
202605242348,   0.548,9999.000,9999.000,9999.000,9999.000,9999.000,9999.000,9999.000,9999.000
202605242354,   0.548,9999.000,9999.000,9999.000,9999.000,9999.000,9999.000,9999.000,9999.000
202605250000,   0.548,9999.000,   0.700,  -0.049,   1.199,   0.600,   1.099,   0.700,   1.199
202605250006,   0.548,9999.000,9999.000,9999.000,9999.000,9999.000,9999.000,9999.000,9999.000
202605250012,   0.548,9999.000,9999.000,9999.000,9999.000,9999.000,9999.000,9999.000,9999.000
202605250018,   0.549,9999.000,9999.000,9999.000,9999.000,9999.000,9999.000,9999.000,9999.000
202605250024,   0.549,9999.000,9999.000,9999.000,9999.000,9999.000,9999.000,9999.000,9999.000
202605250030,   0.549,9999.000,9999.000,9999.000,9999.000,9999.000,9999.000,9999.000,9999.000
202605250036,   0.549,9999.000,9999.000,9999.000,9999.000,9999.000,9999.000,9999.000,9999.000
202605250042,   0.549,9999.000,9999.000,9999.000,9999.000,9999.000,9999.000,9999.000,9999.000
202605250048,   0.549,9999.000,9999.000,9999.000,9999.000,9999.000,9999.000,9999.000,9999.000
202605250054,   0.549,9999.000,9999.000,9999.000,9999.000,9999.000,9999.000,9999.000,9999.000
202605250100,   0.550,9999.000,   0.700,  -0.049,   1.201,   0.600,   1.101,   0.700,   1.201
202605250106,   0.550,9999.000,9999.000,9999.000,9999.000,9999.000,9999.000,9999.000,9999.000
202605250112,   0.550,9999.000,9999.000,9999.000,9999.000,9999.000,9999.000,9999.000,9999.000
202605250118,   0.550,9999.000,9999.000,9999.000,9999.000,9999.000,9999.000,9999.000,9999.000
202605250124,   0.550,9999.000,9999.000,9999.000,9999.000,9999.000,9999.000,9999.000,9999.000
202605250130,   0.550,9999.000,9999.000,9999.000,9999.000,9999.000,9999.000,9999.000,9999.000
202605250136,   0.550,9999.000,9999.000,9999.000,9999.000,9999.000,9999.000,9999.000,9999.000
202605250142,   0.550,9999.000,9999.000,9999.000,9999.000,9999.000,9999.000,9999.000,9999.000
202605250148,   0.550,9999.000,9999.000,9999.000,9999.000,9999.000,9999.000,9999.000,9999.000
202605250154,   0.550,9999.000,9999.000,9999.000,9999.000,9999.000,9999.000,9999.000,9999.000
202605250200,   0.550,9999.000,   0.700,  -0.049,   1.201,   0.600,   1.101,   0.700,   1.201
202605250206,   0.550,9999.000,9999.000,9999.000,9999.000,9999.000,9999.000,9999.000,9999.000
202605250212,   0.550,9999.000,9999.000,9999.000,9999.000,9999.000,9999.000,9999.000,9999.000
202605250218,   0.550,9999.000,9999.000,9999.000,9999.000,9999.000,9999.000,9999.000,9999.000
202605250224,   0.550,9999.000,9999.000,9999.000,9999.000,9999.000,9999.000,9999.000,9999.000
202605250230,   0.550,9999.000,9999.000,9999.000,9999.000,9999.000,9999.000,9999.000,9999.000
202605250236,   0.550,9999.000,9999.000,9999.000,9999.000,9999.000,9999.000,9999.000,9999.000
202605250242,   0.550,9999.000,9999.000,9999.000,9999.000,9999.000,9999.000,9999.000,9999.000
202605250248,   0.550,9999.000,9999.000,9999.000,9999.000,9999.000,9999.000,9999.000,9999.000
202605250254,   0.550,9999.000,9999.000,9999.000,9999.000,9999.000,9999.000,9999.000,9999.000
202605250300,   0.549,9999.000,   0.700,  -0.049,   1.200,   0.600,   1.100,   0.700,   1.200
202605250306,   0.549,9999.000,9999.000,9999.000,9999.000,9999.000,9999.000,9999.000,9999.000
202605250312,   0.549,9999.000,9999.000,9999.000,9999.000,9999.000,9999.000,9999.000,9999.000
202605250318,   0.549,9999.000,9999.000,9999.000,9999.000,9999.000,9999.000,9999.000,9999.000
202605250324,   0.548,9999.000,9999.000,9999.000,9999.000,9999.000,9999.000,9999.000,9999.000
202605250330,   0.548,9999.000,9999.000,9999.000,9999.000,9999.000,9999.000,9999.000,9999.000
202605250336,   0.548,9999.000,9999.000,9999.000,9999.000,9999.000,9999.000,9999.000,9999.000
202605250342,   0.547,9999.000,9999.000,9999.000,9999.000,9999.000,9999.000,9999.000,9999.000
202605250348,   0.547,9999.000,9999.000,9999.000,9999.000,9999.000,9999.000,9999.000,9999.000
202605250354,   0.547,9999.000,9999.000,9999.000,9999.000,9999.000,9999.000,9999.000,9999.000
202605250400,   0.546,9999.000,   0.700,  -0.049,   1.197,   0.600,   1.097,   0.700,   1.197
202605250406,   0.546,9999.000,9999.000,9999.000,9999.000,9999.000,9999.000,9999.000,9999.000
202605250412,   0.546,9999.000,9999.000,9999.000,9999.000,9999.000,9999.000,9999.000,9999.000
202605250418,   0.545,9999.000,9999.000,9999.000,9999.000,9999.000,9999.000,9999.000,9999.000
202605250424,   0.545,9999.000,9999.000,9999.000,9999.000,9999.000,9999.000,9999.000,9999.000
202605250430,   0.545,9999.000,9999.000,9999.000,9999.000,9999.000,9999.000,9999.000,9999.000
202605250436,   0.544,9999.000,9999.000,9999.000,9999.000,9999.000,9999.000,9999.000,9999.000
202605250442,   0.544,9999.000,9999.000,9999.000,9999.000,9999.000,9999.000,9999.000,9999.000
202605250448,   0.544,9999.000,9999.000,9999.000,9999.000,9999.000,9999.000,9999.000,9999.000
202605250454,   0.543,9999.000,9999.000,9999.000,9999.000,9999.000,9999.000,9999.000,9999.000
202605250500,   0.543,9999.000,   0.700,  -0.049,   1.194,   0.600,   1.094,   0.700,   1.194
202605250506,   0.543,9999.000,9999.000,9999.000,9999.000,9999.000,9999.000,9999.000,9999.000
202605250512,   0.542,9999.000,9999.000,9999.000,9999.000,9999.000,9999.000,9999.000,9999.000
202605250518,   0.542,9999.000,9999.000,9999.000,9999.000,9999.000,9999.000,9999.000,9999.000
202605250524,   0.542,9999.000,9999.000,9999.000,9999.000,9999.000,9999.000,9999.000,9999.000
202605250530,   0.542,9999.000,9999.000,9999.000,9999.000,9999.000,9999.000,9999.000,9999.000
202605250536,   0.541,9999.000,9999.000,9999.000,9999.000,9999.000,9999.000,9999.000,9999.000
202605250542,   0.541,9999.000,9999.000,9999.000,9999.000,9999.000,9999.000,9999.000,9999.000
202605250548,   0.541,9999.000,9999.000,9999.000,9999.000,9999.000,9999.000,9999.000,9999.000
202605250554,   0.541,9999.000,9999.000,9999.000,9999.000,9999.000,9999.000,9999.000,9999.000
202605250600,   0.540,9999.000,   0.700,  -0.049,   1.191,   0.600,   1.091,   0.700,   1.191
202605250606,   0.540,9999.000,9999.000,9999.000,9999.000,9999.000,9999.000,9999.000,9999.000
202605250612,   0.540,9999.000,9999.000,9999.000,9999.000,9999.000,9999.000,9999.000,9999.000
202605250618,   0.540,9999.000,9999.000,9999.000,9999.000,9999.000,9999.000,9999.000,9999.000
202605250624,   0.539,9999.000,9999.000,9999.000,9999.000,9999.000,9999.000,9999.000,9999.000
202605250630,   0.539,9999.000,9999.000,9999.000,9999.000,9999.000,9999.000,9999.000,9999.000
202605250636,   0.539,9999.000,9999.000,9999.000,9999.000,9999.000,9999.000,9999.000,9999.000
202605250642,   0.538,9999.000,9999.000,9999.000,9999.000,9999.000,9999.000,9999.000,9999.000
202605250648,   0.538,9999.000,9999.000,9999.000,9999.000,9999.000,9999.000,9999.000,9999.000
202605250654,   0.538,9999.000,9999.000,9999.000,9999.000,9999.000,9999.000,9999.000,9999.000
202605250700,   0.537,9999.000,   0.700,  -0.049,   1.188,   0.600,   1.088,   0.700,   1.188
202605250706,   0.537,9999.000,9999.000,9999.000,9999.000,9999.000,9999.000,9999.000,9999.000
202605250712,   0.536,9999.000,9999.000,9999.000,9999.000,9999.000,9999.000,9999.000,9999.000
202605250718,   0.536,9999.000,9999.000,9999.000,9999.000,9999.000,9999.000,9999.000,9999.000
202605250724,   0.535,9999.000,9999.000,9999.000,9999.000,9999.000,9999.000,9999.000,9999.000
202605250730,   0.535,9999.000,9999.000,9999.000,9999.000,9999.000,9999.000,9999.000,9999.000
202605250736,   0.534,9999.000,9999.000,9999.000,9999.000,9999.000,9999.000,9999.000,9999.000
202605250742,   0.533,9999.000,9999.000,9999.000,9999.000,9999.000,9999.000,9999.000,9999.000
202605250748,   0.532,9999.000,9999.000,9999.000,9999.000,9999.000,9999.000,9999.000,9999.000
202605250754,   0.531,9999.000,9999.000,9999.000,9999.000,9999.000,9999.000,9999.000,9999.000
202605250800,   0.530,9999.000,   0.700,  -0.049,   1.181,   0.600,   1.081,   0.700,   1.181
202605250806,   0.530,9999.000,9999.000,9999.000,9999.000,9999.000,9999.000,9999.000,9999.000
202605250812,   0.528,9999.000,9999.000,9999.000,9999.000,9999.000,9999.000,9999.000,9999.000
202605250818,   0.527,9999.000,9999.000,9999.000,9999.000,9999.000,9999.000,9999.000,9999.000
202605250824,   0.526,9999.000,9999.000,9999.000,9999.000,9999.000,9999.000,9999.000,9999.000
202605250830,   0.525,9999.000,9999.000,9999.000,9999.000,9999.000,9999.000,9999.000,9999.000
202605250836,   0.524,9999.000,9999.000,9999.000,9999.000,9999.000,9999.000,9999.000,9999.000
202605250842,   0.522,9999.000,9999.000,9999.000,9999.000,9999.000,9999.000,9999.000,9999.000
202605250848,   0.521,9999.000,9999.000,9999.000,9999.000,9999.000,9999.000,9999.000,9999.000
202605250854,   0.520,9999.000,9999.000,9999.000,9999.000,9999.000,9999.000,9999.000,9999.000
202605250900,   0.518,9999.000,   0.700,  -0.049,   1.169,   0.600,   1.069,   0.700,   1.169
202605250906,   0.516,9999.000,9999.000,9999.000,9999.000,9999.000,9999.000,9999.000,9999.000
202605250912,   0.515,9999.000,9999.000,9999.000,9999.000,9999.000,9999.000,9999.000,9999.000
202605250918,   0.513,9999.000,9999.000,9999.000,9999.000,9999.000,9999.000,9999.000,9999.000
202605250924,   0.511,9999.000,9999.000,9999.000,9999.000,9999.000,9999.000,9999.000,9999.000
202605250930,   0.510,9999.000,9999.000,9999.000,9999.000,9999.000,9999.000,9999.000,9999.000
202605250936,   0.508,9999.000,9999.000,9999.000,9999.000,9999.000,9999.000,9999.000,9999.000
202605250942,   0.506,9999.000,9999.000,9999.000,9999.000,9999.000,9999.000,9999.000,9999.000
202605250948,   0.504,9999.000,9999.000,9999.000,9999.000,9999.000,9999.000,9999.000,9999.000
202605250954,   0.503,9999.000,9999.000,9999.000,9999.000,9999.000,9999.000,9999.000,9999.000
202605251000,   0.501,9999.000,   0.700,  -0.049,   1.152,   0.600,   1.052,   0.700,   1.152
202605251006,   0.499,9999.000,9999.000,9999.000,9999.000,9999.000,9999.000,9999.000,9999.000
202605251012,   0.497,9999.000,9999.000,9999.000,9999.000,9999.000,9999.000,9999.000,9999.000
202605251018,   0.495,9999.000,9999.000,9999.000,9999.000,9999.000,9999.000,9999.000,9999.000
202605251024,   0.493,9999.000,9999.000,9999.000,9999.000,9999.000,9999.000,9999.000,9999.000
202605251030,   0.491,9999.000,9999.000,9999.000,9999.000,9999.000,9999.000,9999.000,9999.000
202605251036,   0.489,9999.000,9999.000,9999.000,9999.000,9999.000,9999.000,9999.000,9999.000
202605251042,   0.487,9999.000,9999.000,9999.000,9999.000,9999.000,9999.000,9999.000,9999.000
202605251048,   0.486,9999.000,9999.000,9999.000,9999.000,9999.000,9999.000,9999.000,9999.000
202605251054,   0.484,9999.000,9999.000,9999.000,9999.000,9999.000,9999.000,9999.000,9999.000
202605251100,   0.482,9999.000,   0.700,  -0.049,   1.133,   0.600,   1.033,   0.700,   1.133
202605251106,   0.480,9999.000,9999.000,9999.000,9999.000,9999.000,9999.000,9999.000,9999.000
202605251112,   0.478,9999.000,9999.000,9999.000,9999.000,9999.000,9999.000,9999.000,9999.000
202605251118,   0.477,9999.000,9999.000,9999.000,9999.000,9999.000,9999.000,9999.000,9999.000
202605251124,   0.475,9999.000,9999.000,9999.000,9999.000,9999.000,9999.000,9999.000,9999.000
202605251130,   0.473,9999.000,9999.000,9999.000,9999.000,9999.000,9999.000,9999.000,9999.000
202605251136,   0.472,9999.000,9999.000,9999.000,9999.000,9999.000,9999.000,9999.000,9999.000
202605251142,   0.470,9999.000,9999.000,9999.000,9999.000,9999.000,9999.000,9999.000,9999.000
202605251148,   0.468,9999.000,9999.000,9999.000,9999.000,9999.000,9999.000,9999.000,9999.000
202605251154,   0.467,9999.000,9999.000,9999.000,9999.000,9999.000,9999.000,9999.000,9999.000
202605251200,   0.465,9999.000,   0.700,  -0.049,   1.116,   0.600,   1.016,   0.700,   1.116
202605251206,   0.464,9999.000,9999.000,9999.000,9999.000,9999.000,9999.000,9999.000,9999.000
202605251212,   0.463,9999.000,9999.000,9999.000,9999.000,9999.000,9999.000,9999.000,9999.000
202605251218,   0.461,9999.000,9999.000,9999.000,9999.000,9999.000,9999.000,9999.000,9999.000
202605251224,   0.460,9999.000,9999.000,9999.000,9999.000,9999.000,9999.000,9999.000,9999.000
202605251230,   0.459,9999.000,9999.000,9999.000,9999.000,9999.000,9999.000,9999.000,9999.000
202605251236,   0.457,9999.000,9999.000,9999.000,9999.000,9999.000,9999.000,9999.000,9999.000
202605251242,   0.456,9999.000,9999.000,9999.000,9999.000,9999.000,9999.000,9999.000,9999.000
202605251248,   0.455,9999.000,9999.000,9999.000,9999.000,9999.000,9999.000,9999.000,9999.000
202605251254,   0.454,9999.000,9999.000,9999.000,9999.000,9999.000,9999.000,9999.000,9999.000
202605251300,   0.453,9999.000,   0.700,  -0.049,   1.104,   0.600,   1.004,   0.700,   1.104
202605251306,   0.452,9999.000,9999.000,9999.000,9999.000,9999.000,9999.000,9999.000,9999.000
202605251312,   0.451,9999.000,9999.000,9999.000,9999.000,9999.000,9999.000,9999.000,9999.000
202605251318,   0.450,9999.000,9999.000,9999.000,9999.000,9999.000,9999.000,9999.000,9999.000
202605251324,   0.449,9999.000,9999.000,9999.000,9999.000,9999.000,9999.000,9999.000,9999.000
202605251330,   0.448,9999.000,9999.000,9999.000,9999.000,9999.000,9999.000,9999.000,9999.000
202605251336,   0.447,9999.000,9999.000,9999.000,9999.000,9999.000,9999.000,9999.000,9999.000
202605251342,   0.446,9999.000,9999.000,9999.000,9999.000,9999.000,9999.000,9999.000,9999.000
202605251348,   0.445,9999.000,9999.000,9999.000,9999.000,9999.000,9999.000,9999.000,9999.000
202605251354,   0.444,9999.000,9999.000,9999.000,9999.000,9999.000,9999.000,9999.000,9999.000
202605251400,   0.443,9999.000,   0.700,  -0.049,   1.094,   0.600,   0.994,   0.700,   1.094
202605251406,   0.443,9999.000,9999.000,9999.000,9999.000,9999.000,9999.000,9999.000,9999.000
202605251412,   0.442,9999.000,9999.000,9999.000,9999.000,9999.000,9999.000,9999.000,9999.000
202605251418,   0.441,9999.000,9999.000,9999.000,9999.000,9999.000,9999.000,9999.000,9999.000
202605251424,   0.441,9999.000,9999.000,9999.000,9999.000,9999.000,9999.000,9999.000,9999.000
202605251430,   0.440,9999.000,9999.000,9999.000,9999.000,9999.000,9999.000,9999.000,9999.000
202605251436,   0.440,9999.000,9999.000,9999.000,9999.000,9999.000,9999.000,9999.000,9999.000
202605251442,   0.439,9999.000,9999.000,9999.000,9999.000,9999.000,9999.000,9999.000,9999.000
202605251448,   0.439,9999.000,9999.000,9999.000,9999.000,9999.000,9999.000,9999.000,9999.000
202605251454,   0.439,9999.000,9999.000,9999.000,9999.000,9999.000,9999.000,9999.000,9999.000
202605251500,   0.438,9999.000,   0.700,  -0.049,   1.089,   0.600,   0.989,   0.700,   1.089
202605251506,   0.438,9999.000,9999.000,9999.000,9999.000,9999.000,9999.000,9999.000,9999.000
202605251512,   0.438,9999.000,9999.000,9999.000,9999.000,9999.000,9999.000,9999.000,9999.000
202605251518,   0.438,9999.000,9999.000,9999.000,9999.000,9999.000,9999.000,9999.000,9999.000
202605251524,   0.438,9999.000,9999.000,9999.000,9999.000,9999.000,9999.000,9999.000,9999.000
202605251530,   0.438,9999.000,9999.000,9999.000,9999.000,9999.000,9999.000,9999.000,9999.000
202605251536,   0.438,9999.000,9999.000,9999.000,9999.000,9999.000,9999.000,9999.000,9999.000
202605251542,   0.439,9999.000,9999.000,9999.000,9999.000,9999.000,9999.000,9999.000,9999.000
202605251548,   0.439,9999.000,9999.000,9999.000,9999.000,9999.000,9999.000,9999.000,9999.000
202605251554,   0.439,9999.000,9999.000,9999.000,9999.000,9999.000,9999.000,9999.000,9999.000
202605251600,   0.440,9999.000,   0.700,  -0.049,   1.091,   0.600,   0.991,   0.700,   1.091
202605251606,   0.440,9999.000,9999.000,9999.000,9999.000,9999.000,9999.000,9999.000,9999.000
202605251612,   0.441,9999.000,9999.000,9999.000,9999.000,9999.000,9999.000,9999.000,9999.000
202605251618,   0.442,9999.000,9999.000,9999.000,9999.000,9999.000,9999.000,9999.000,9999.000
202605251624,   0.443,9999.000,9999.000,9999.000,9999.000,9999.000,9999.000,9999.000,9999.000
202605251630,   0.444,9999.000,9999.000,9999.000,9999.000,9999.000,9999.000,9999.000,9999.000
202605251636,   0.445,9999.000,9999.000,9999.000,9999.000,9999.000,9999.000,9999.000,9999.000
202605251642,   0.447,9999.000,9999.000,9999.000,9999.000,9999.000,9999.000,9999.000,9999.000
202605251648,   0.448,9999.000,9999.000,9999.000,9999.000,9999.000,9999.000,9999.000,9999.000
202605251654,   0.449,9999.000,9999.000,9999.000,9999.000,9999.000,9999.000,9999.000,9999.000
202605251700,   0.451,9999.000,   0.700,  -0.049,   1.102,   0.600,   1.002,   0.700,   1.102
202605251706,   0.453,9999.000,9999.000,9999.000,9999.000,9999.000,9999.000,9999.000,9999.000
202605251712,   0.455,9999.000,9999.000,9999.000,9999.000,9999.000,9999.000,9999.000,9999.000
202605251718,   0.457,9999.000,9999.000,9999.000,9999.000,9999.000,9999.000,9999.000,9999.000
202605251724,   0.459,9999.000,9999.000,9999.000,9999.000,9999.000,9999.000,9999.000,9999.000
202605251730,   0.461,9999.000,9999.000,9999.000,9999.000,9999.000,9999.000,9999.000,9999.000
202605251736,   0.463,9999.000,9999.000,9999.000,9999.000,9999.000,9999.000,9999.000,9999.000
202605251742,   0.465,9999.000,9999.000,9999.000,9999.000,9999.000,9999.000,9999.000,9999.000
202605251748,   0.468,9999.000,9999.000,9999.000,9999.000,9999.000,9999.000,9999.000,9999.000
202605251754,   0.470,9999.000,9999.000,9999.000,9999.000,9999.000,9999.000,9999.000,9999.000
202605251800,   0.473,9999.000,   0.700,  -0.049,   1.124,   0.600,   1.024,   0.700,   1.124
202605251806,   0.475,9999.000,9999.000,9999.000,9999.000,9999.000,9999.000,9999.000,9999.000
202605251812,   0.478,9999.000,9999.000,9999.000,9999.000,9999.000,9999.000,9999.000,9999.000
202605251818,   0.481,9999.000,9999.000,9999.000,9999.000,9999.000,9999.000,9999.000,9999.000
202605251824,   0.483,9999.000,9999.000,9999.000,9999.000,9999.000,9999.000,9999.000,9999.000
202605251830,   0.486,9999.000,9999.000,9999.000,9999.000,9999.000,9999.000,9999.000,9999.000
202605251836,   0.489,9999.000,9999.000,9999.000,9999.000,9999.000,9999.000,9999.000,9999.000
202605251842,   0.492,9999.000,9999.000,9999.000,9999.000,9999.000,9999.000,9999.000,9999.000
202605251848,   0.494,9999.000,9999.000,9999.000,9999.000,9999.000,9999.000,9999.000,9999.000
202605251854,   0.497,9999.000,9999.000,9999.000,9999.000,9999.000,9999.000,9999.000,9999.000
202605251900,   0.500,9999.000,   0.700,  -0.049,   1.151,   0.600,   1.051,   0.700,   1.151
202605251906,   0.503,9999.000,9999.000,9999.000,9999.000,9999.000,9999.000,9999.000,9999.000
202605251912,   0.506,9999.000,9999.000,9999.000,9999.000,9999.000,9999.000,9999.000,9999.000
202605251918,   0.508,9999.000,9999.000,9999.000,9999.000,9999.000,9999.000,9999.000,9999.000
202605251924,   0.511,9999.000,9999.000,9999.000,9999.000,9999.000,9999.000,9999.000,9999.000
202605251930,   0.514,9999.000,9999.000,9999.000,9999.000,9999.000,9999.000,9999.000,9999.000
202605251936,   0.516,9999.000,9999.000,9999.000,9999.000,9999.000,9999.000,9999.000,9999.000
202605251942,   0.519,9999.000,9999.000,9999.000,9999.000,9999.000,9999.000,9999.000,9999.000
202605251948,   0.521,9999.000,9999.000,9999.000,9999.000,9999.000,9999.000,9999.000,9999.000
202605251954,   0.524,9999.000,9999.000,9999.000,9999.000,9999.000,9999.000,9999.000,9999.000
202605252000,   0.526,9999.000,   0.700,  -0.049,   1.177,   0.600,   1.077,   0.700,   1.177
202605252006,   0.528,9999.000,9999.000,9999.000,9999.000,9999.000,9999.000,9999.000,9999.000
202605252012,   0.530,9999.000,9999.000,9999.000,9999.000,9999.000,9999.000,9999.000,9999.000
202605252018,   0.532,9999.000,9999.000,9999.000,9999.000,9999.000,9999.000,9999.000,9999.000
202605252024,   0.534,9999.000,9999.000,9999.000,9999.000,9999.000,9999.000,9999.000,9999.000
202605252030,   0.536,9999.000,9999.000,9999.000,9999.000,9999.000,9999.000,9999.000,9999.000
202605252036,   0.537,9999.000,9999.000,9999.000,9999.000,9999.000,9999.000,9999.000,9999.000
202605252042,   0.539,9999.000,9999.000,9999.000,9999.000,9999.000,9999.000,9999.000,9999.000
202605252048,   0.541,9999.000,9999.000,9999.000,9999.000,9999.000,9999.000,9999.000,9999.000
202605252054,   0.542,9999.000,9999.000,9999.000,9999.000,9999.000,9999.000,9999.000,9999.000
202605252100,   0.543,9999.000,   0.700,  -0.049,   1.194,   0.600,   1.094,   0.700,   1.194
202605252106,   0.544,9999.000,9999.000,9999.000,9999.000,9999.000,9999.000,9999.000,9999.000
202605252112,   0.545,9999.000,9999.000,9999.000,9999.000,9999.000,9999.000,9999.000,9999.000
202605252118,   0.546,9999.000,9999.000,9999.000,9999.000,9999.000,9999.000,9999.000,9999.000
202605252124,   0.547,9999.000,9999.000,9999.000,9999.000,9999.000,9999.000,9999.000,9999.000
202605252130,   0.548,9999.000,9999.000,9999.000,9999.000,9999.000,9999.000,9999.000,9999.000
202605252136,   0.548,9999.000,9999.000,9999.000,9999.000,9999.000,9999.000,9999.000,9999.000
202605252142,   0.549,9999.000,9999.000,9999.000,9999.000,9999.000,9999.000,9999.000,9999.000
202605252148,   0.549,9999.000,9999.000,9999.000,9999.000,9999.000,9999.000,9999.000,9999.000
202605252154,   0.550,9999.000,9999.000,9999.000,9999.000,9999.000,9999.000,9999.000,9999.000
202605252200,   0.550,9999.000,   0.700,  -0.049,   1.201,   0.600,   1.101,   0.700,   1.201
202605252206,   0.550,9999.000,9999.000,9999.000,9999.000,9999.000,9999.000,9999.000,9999.000
202605252212,   0.550,9999.000,9999.000,9999.000,9999.000,9999.000,9999.000,9999.000,9999.000
202605252218,   0.550,9999.000,9999.000,9999.000,9999.000,9999.000,9999.000,9999.000,9999.000
202605252224,   0.550,9999.000,9999.000,9999.000,9999.000,9999.000,9999.000,9999.000,9999.000
202605252230,   0.550,9999.000,9999.000,9999.000,9999.000,9999.000,9999.000,9999.000,9999.000
202605252236,   0.549,9999.000,9999.000,9999.000,9999.000,9999.000,9999.000,9999.000,9999.000
202605252242,   0.549,9999.000,9999.000,9999.000,9999.000,9999.000,9999.000,9999.000,9999.000
202605252248,   0.549,9999.000,9999.000,9999.000,9999.000,9999.000,9999.000,9999.000,9999.000
202605252254,   0.548,9999.000,9999.000,9999.000,9999.000,9999.000,9999.000,9999.000,9999.000
202605252300,   0.548,9999.000,   0.700,  -0.049,   1.199,   0.600,   1.099,   0.700,   1.199
202605252306,   0.548,9999.000,9999.000,9999.000,9999.000,9999.000,9999.000,9999.000,9999.000
202605252312,   0.547,9999.000,9999.000,9999.000,9999.000,9999.000,9999.000,9999.000,9999.000
202605252318,   0.547,9999.000,9999.000,9999.000,9999.000,9999.000,9999.000,9999.000,9999.000
202605252324,   0.546,9999.000,9999.000,9999.000,9999.000,9999.000,9999.000,9999.000,9999.000
202605252330,   0.545,9999.000,9999.000,9999.000,9999.000,9999.000,9999.000,9999.000,9999.000
202605252336,   0.545,9999.000,9999.000,9999.000,9999.000,9999.000,9999.000,9999.000,9999.000
202605252342,   0.544,9999.000,9999.000,9999.000,9999.000,9999.000,9999.000,9999.000,9999.000
202605252348,   0.544,9999.000,9999.000,9999.000,9999.000,9999.000,9999.000,9999.000,9999.000
202605252354,   0.543,9999.000,9999.000,9999.000,9999.000,9999.000,9999.000,9999.000,9999.000
202605260000,   0.542,9999.000,   0.700,  -0.049,   1.193,   0.600,   1.093,   0.700,   1.193
202605260006,   0.542,9999.000,9999.000,9999.000,9999.000,9999.000,9999.000,9999.000,9999.000
202605260012,   0.541,9999.000,9999.000,9999.000,9999.000,9999.000,9999.000,9999.000,9999.000
202605260018,   0.540,9999.000,9999.000,9999.000,9999.000,9999.000,9999.000,9999.000,9999.000
202605260024,   0.539,9999.000,9999.000,9999.000,9999.000,9999.000,9999.000,9999.000,9999.000
202605260030,   0.539,9999.000,9999.000,9999.000,9999.000,9999.000,9999.000,9999.000,9999.000
202605260036,   0.538,9999.000,9999.000,9999.000,9999.000,9999.000,9999.000,9999.000,9999.000
202605260042,   0.537,9999.000,9999.000,9999.000,9999.000,9999.000,9999.000,9999.000,9999.000
202605260048,   0.536,9999.000,9999.000,9999.000,9999.000,9999.000,9999.000,9999.000,9999.000
202605260054,   0.536,9999.000,9999.000,9999.000,9999.000,9999.000,9999.000,9999.000,9999.000
202605260100,   0.535,9999.000,   0.700,  -0.049,   1.186,   0.600,   1.086,   0.700,   1.186
202605260106,   0.534,9999.000,9999.000,9999.000,9999.000,9999.000,9999.000,9999.000,9999.000
202605260112,   0.533,9999.000,9999.000,9999.000,9999.000,9999.000,9999.000,9999.000,9999.000
202605260118,   0.532,9999.000,9999.000,9999.000,9999.000,9999.000,9999.000,9999.000,9999.000
202605260124,   0.531,9999.000,9999.000,9999.000,9999.000,9999.000,9999.000,9999.000,9999.000
202605260130,   0.530,9999.000,9999.000,9999.000,9999.000,9999.000,9999.000,9999.000,9999.000
202605260136,   0.530,9999.000,9999.000,9999.000,9999.000,9999.000,9999.000,9999.000,9999.000
202605260142,   0.529,9999.000,9999.000,9999.000,9999.000,9999.000,9999.000,9999.000,9999.000
202605260148,   0.528,9999.000,9999.000,9999.000,9999.000,9999.000,9999.000,9999.000,9999.000
202605260154,   0.527,9999.000,9999.000,9999.000,9999.000,9999.000,9999.000,9999.000,9999.000
202605260200,   0.526,9999.000,   0.700,  -0.049,   1.177,   0.600,   1.077,   0.700,   1.177
202605260206,   0.525,9999.000,9999.000,9999.000,9999.000,9999.000,9999.000,9999.000,9999.000
202605260212,   0.524,9999.000,9999.000,9999.000,9999.000,9999.000,9999.000,9999.000,9999.000
202605260218,   0.522,9999.000,9999.000,9999.000,9999.000,9999.000,9999.000,9999.000,9999.000
202605260224,   0.521,9999.000,9999.000,9999.000,9999.000,9999.000,9999.000,9999.000,9999.000
202605260230,   0.520,9999.000,9999.000,9999.000,9999.000,9999.000,9999.000,9999.000,9999.000
202605260236,   0.519,9999.000,9999.000,9999.000,9999.000,9999.000,9999.000,9999.000,9999.000
202605260242,   0.518,9999.000,9999.000,9999.000,9999.000,9999.000,9999.000,9999.000,9999.000
202605260248,   0.517,9999.000,9999.000,9999.000,9999.000,9999.000,9999.000,9999.000,9999.000
202605260254,   0.516,9999.000,9999.000,9999.000,9999.000,9999.000,9999.000,9999.000,9999.000
202605260300,   0.514,9999.000,   0.700,  -0.049,   1.165,   0.600,   1.065,   0.700,   1.165
202605260306,   0.513,9999.000,9999.000,9999.000,9999.000,9999.000,9999.000,9999.000,9999.000
202605260312,   0.512,9999.000,9999.000,9999.000,9999.000,9999.000,9999.000,9999.000,9999.000
202605260318,   0.511,9999.000,9999.000,9999.000,9999.000,9999.000,9999.000,9999.000,9999.000
202605260324,   0.509,9999.000,9999.000,9999.000,9999.000,9999.000,9999.000,9999.000,9999.000
202605260330,   0.508,9999.000,9999.000,9999.000,9999.000,9999.000,9999.000,9999.000,9999.000
202605260336,   0.507,9999.000,9999.000,9999.000,9999.000,9999.000,9999.000,9999.000,9999.000
202605260342,   0.505,9999.000,9999.000,9999.000,9999.000,9999.000,9999.000,9999.000,9999.000
202605260348,   0.504,9999.000,9999.000,9999.000,9999.000,9999.000,9999.000,9999.000,9999.000
202605260354,   0.503,9999.000,9999.000,9999.000,9999.000,9999.000,9999.000,9999.000,9999.000
202605260400,   0.502,9999.000,   0.700,  -0.049,   1.153,   0.600,   1.053,   0.700,   1.153
202605260406,   0.500,9999.000,9999.000,9999.000,9999.000,9999.000,9999.000,9999.000,9999.000
202605260412,   0.499,9999.000,9999.000,9999.000,9999.000,9999.000,9999.000,9999.000,9999.000
202605260418,   0.498,9999.000,9999.000,9999.000,9999.000,9999.000,9999.000,9999.000,9999.000
202605260424,   0.497,9999.000,9999.000,9999.000,9999.000,9999.000,9999.000,9999.000,9999.000
202605260430,   0.495,9999.000,9999.000,9999.000,9999.000,9999.000,9999.000,9999.000,9999.000
202605260436,   0.494,9999.000,9999.000,9999.000,9999.000,9999.000,9999.000,9999.000,9999.000
202605260442,   0.493,9999.000,9999.000,9999.000,9999.000,9999.000,9999.000,9999.000,9999.000
202605260448,   0.492,9999.000,9999.000,9999.000,9999.000,9999.000,9999.000,9999.000,9999.000
202605260454,   0.491,9999.000,9999.000,9999.000,9999.000,9999.000,9999.000,9999.000,9999.000
202605260500,   0.490,9999.000,   0.700,  -0.049,   1.141,   0.600,   1.041,   0.700,   1.141
202605260506,   0.489,9999.000,9999.000,9999.000,9999.000,9999.000,9999.000,9999.000,9999.000
202605260512,   0.488,9999.000,9999.000,9999.000,9999.000,9999.000,9999.000,9999.000,9999.000
202605260518,   0.487,9999.000,9999.000,9999.000,9999.000,9999.000,9999.000,9999.000,9999.000
202605260524,   0.486,9999.000,9999.000,9999.000,9999.000,9999.000,9999.000,9999.000,9999.000
202605260530,   0.485,9999.000,9999.000,9999.000,9999.000,9999.000,9999.000,9999.000,9999.000
202605260536,   0.484,9999.000,9999.000,9999.000,9999.000,9999.000,9999.000,9999.000,9999.000
202605260542,   0.483,9999.000,9999.000,9999.000,9999.000,9999.000,9999.000,9999.000,9999.000
202605260548,   0.482,9999.000,9999.000,9999.000,9999.000,9999.000,9999.000,9999.000,9999.000
202605260554,   0.482,9999.000,9999.000,9999.000,9999.000,9999.000,9999.000,9999.000,9999.000
202605260600,   0.481,9999.000,   0.700,  -0.049,   1.132,   0.600,   1.032,   0.700,   1.132
202605260606,   0.480,9999.000,9999.000,9999.000,9999.000,9999.000,9999.000,9999.000,9999.000
202605260612,   0.479,9999.000,9999.000,9999.000,9999.000,9999.000,9999.000,9999.000,9999.000
202605260618,   0.479,9999.000,9999.000,9999.000,9999.000,9999.000,9999.000,9999.000,9999.000
202605260624,   0.478,9999.000,9999.000,9999.000,9999.000,9999.000,9999.000,9999.000,9999.000
202605260630,   0.477,9999.000,9999.000,9999.000,9999.000,9999.000,9999.000,9999.000,9999.000
202605260636,   0.477,9999.000,9999.000,9999.000,9999.000,9999.000,9999.000,9999.000,9999.000
202605260642,   0.476,9999.000,9999.000,9999.000,9999.000,9999.000,9999.000,9999.000,9999.000
202605260648,   0.475,9999.000,9999.000,9999.000,9999.000,9999.000,9999.000,9999.000,9999.000
202605260654,   0.474,9999.000,9999.000,9999.000,9999.000,9999.000,9999.000,9999.000,9999.000
202605260700,   0.474,9999.000,   0.700,  -0.049,   1.125,   0.700,   1.125,   0.700,   1.125
202605260706,   0.473,9999.000,9999.000,9999.000,9999.000,9999.000,9999.000,9999.000,9999.000
202605260712,   0.472,9999.000,9999.000,9999.000,9999.000,9999.000,9999.000,9999.000,9999.000
202605260718,   0.472,9999.000,9999.000,9999.000,9999.000,9999.000,9999.000,9999.000,9999.000
202605260724,   0.471,9999.000,9999.000,9999.000,9999.000,9999.000,9999.000,9999.000,9999.000
202605260730,   0.470,9999.000,9999.000,9999.000,9999.000,9999.000,9999.000,9999.000,9999.000
202605260736,   0.469,9999.000,9999.000,9999.000,9999.000,9999.000,9999.000,9999.000,9999.000
202605260742,   0.469,9999.000,9999.000,9999.000,9999.000,9999.000,9999.000,9999.000,9999.000
202605260748,   0.468,9999.000,9999.000,9999.000,9999.000,9999.000,9999.000,9999.000,9999.000
202605260754,   0.467,9999.000,9999.000,9999.000,9999.000,9999.000,9999.000,9999.000,9999.000
202605260800,   0.466,9999.000,   0.700,  -0.049,   1.117,   0.700,   1.117,   0.700,   1.117
202605260806,   0.465,9999.000,9999.000,9999.000,9999.000,9999.000,9999.000,9999.000,9999.000
202605260812,   0.464,9999.000,9999.000,9999.000,9999.000,9999.000,9999.000,9999.000,9999.000
202605260818,   0.463,9999.000,9999.000,9999.000,9999.000,9999.000,9999.000,9999.000,9999.000
202605260824,   0.462,9999.000,9999.000,9999.000,9999.000,9999.000,9999.000,9999.000,9999.000
202605260830,   0.461,9999.000,9999.000,9999.000,9999.000,9999.000,9999.000,9999.000,9999.000
202605260836,   0.460,9999.000,9999.000,9999.000,9999.000,9999.000,9999.000,9999.000,9999.000
202605260842,   0.459,9999.000,9999.000,9999.000,9999.000,9999.000,9999.000,9999.000,9999.000
202605260848,   0.458,9999.000,9999.000,9999.000,9999.000,9999.000,9999.000,9999.000,9999.000
202605260854,   0.457,9999.000,9999.000,9999.000,9999.000,9999.000,9999.000,9999.000,9999.000
202605260900,   0.456,9999.000,   0.700,  -0.049,   1.107,   0.700,   1.107,   0.700,   1.107
202605260906,   0.455,9999.000,9999.000,9999.000,9999.000,9999.000,9999.000,9999.000,9999.000
202605260912,   0.453,9999.000,9999.000,9999.000,9999.000,9999.000,9999.000,9999.000,9999.000
202605260918,   0.452,9999.000,9999.000,9999.000,9999.000,9999.000,9999.000,9999.000,9999.000
202605260924,   0.451,9999.000,9999.000,9999.000,9999.000,9999.000,9999.000,9999.000,9999.000
202605260930,   0.450,9999.000,9999.000,9999.000,9999.000,9999.000,9999.000,9999.000,9999.000
202605260936,   0.449,9999.000,9999.000,9999.000,9999.000,9999.000,9999.000,9999.000,9999.000
202605260942,   0.447,9999.000,9999.000,9999.000,9999.000,9999.000,9999.000,9999.000,9999.000
202605260948,   0.446,9999.000,9999.000,9999.000,9999.000,9999.000,9999.000,9999.000,9999.000
202605260954,   0.445,9999.000,9999.000,9999.000,9999.000,9999.000,9999.000,9999.000,9999.000
202605261000,   0.444,9999.000,   0.700,  -0.049,   1.095,   0.700,   1.095,   0.800,   1.195
202605261006,   0.443,9999.000,9999.000,9999.000,9999.000,9999.000,9999.000,9999.000,9999.000
202605261012,   0.442,9999.000,9999.000,9999.000,9999.000,9999.000,9999.000,9999.000,9999.000
202605261018,   0.441,9999.000,9999.000,9999.000,9999.000,9999.000,9999.000,9999.000,9999.000
202605261024,   0.440,9999.000,9999.000,9999.000,9999.000,9999.000,9999.000,9999.000,9999.000
202605261030,   0.439,9999.000,9999.000,9999.000,9999.000,9999.000,9999.000,9999.000,9999.000
202605261036,   0.438,9999.000,9999.000,9999.000,9999.000,9999.000,9999.000,9999.000,9999.000
202605261042,   0.437,9999.000,9999.000,9999.000,9999.000,9999.000,9999.000,9999.000,9999.000
202605261048,   0.436,9999.000,9999.000,9999.000,9999.000,9999.000,9999.000,9999.000,9999.000
202605261054,   0.435,9999.000,9999.000,9999.000,9999.000,9999.000,9999.000,9999.000,9999.000
202605261100,   0.434,9999.000,   0.700,  -0.049,   1.085,   0.700,   1.085,   0.800,   1.185
202605261106,   0.433,9999.000,9999.000,9999.000,9999.000,9999.000,9999.000,9999.000,9999.000
202605261112,   0.433,9999.000,9999.000,9999.000,9999.000,9999.000,9999.000,9999.000,9999.000
202605261118,   0.432,9999.000,9999.000,9999.000,9999.000,9999.000,9999.000,9999.000,9999.000
202605261124,   0.431,9999.000,9999.000,9999.000,9999.000,9999.000,9999.000,9999.000,9999.000
202605261130,   0.431,9999.000,9999.000,9999.000,9999.000,9999.000,9999.000,9999.000,9999.000
202605261136,   0.430,9999.000,9999.000,9999.000,9999.000,9999.000,9999.000,9999.000,9999.000
202605261142,   0.430,9999.000,9999.000,9999.000,9999.000,9999.000,9999.000,9999.000,9999.000
202605261148,   0.430,9999.000,9999.000,9999.000,9999.000,9999.000,9999.000,9999.000,9999.000
202605261154,   0.429,9999.000,9999.000,9999.000,9999.000,9999.000,9999.000,9999.000,9999.000
202605261200,   0.429,9999.000,   0.700,  -0.049,   1.080,   0.700,   1.080,   0.800,   1.180
202605261206,   0.429,9999.000,9999.000,9999.000,9999.000,9999.000,9999.000,9999.000,9999.000
202605261212,   0.428,9999.000,9999.000,9999.000,9999.000,9999.000,9999.000,9999.000,9999.000
202605261218,   0.428,9999.000,9999.000,9999.000,9999.000,9999.000,9999.000,9999.000,9999.000
202605261224,   0.428,9999.000,9999.000,9999.000,9999.000,9999.000,9999.000,9999.000,9999.000
202605261230,   0.428,9999.000,9999.000,9999.000,9999.000,9999.000,9999.000,9999.000,9999.000
202605261236,   0.428,9999.000,9999.000,9999.000,9999.000,9999.000,9999.000,9999.000,9999.000
202605261242,   0.428,9999.000,9999.000,9999.000,9999.000,9999.000,9999.000,9999.000,9999.000
202605261248,   0.428,9999.000,9999.000,9999.000,9999.000,9999.000,9999.000,9999.000,9999.000
202605261254,   0.428,9999.000,9999.000,9999.000,9999.000,9999.000,9999.000,9999.000,9999.000
202605261300,   0.428,9999.000,   0.700,  -0.049,   1.079,   0.700,   1.079,   0.800,   1.179
202605261306,   0.428,9999.000,9999.000,9999.000,9999.000,9999.000,9999.000,9999.000,9999.000
202605261312,   0.428,9999.000,9999.000,9999.000,9999.000,9999.000,9999.000,9999.000,9999.000
202605261318,   0.429,9999.000,9999.000,9999.000,9999.000,9999.000,9999.000,9999.000,9999.000
202605261324,   0.429,9999.000,9999.000,9999.000,9999.000,9999.000,9999.000,9999.000,9999.000
202605261330,   0.429,9999.000,9999.000,9999.000,9999.000,9999.000,9999.000,9999.000,9999.000
202605261336,   0.429,9999.000,9999.000,9999.000,9999.000,9999.000,9999.000,9999.000,9999.000
202605261342,   0.429,9999.000,9999.000,9999.000,9999.000,9999.000,9999.000,9999.000,9999.000
202605261348,   0.430,9999.000,9999.000,9999.000,9999.000,9999.000,9999.000,9999.000,9999.000
202605261354,   0.430,9999.000,9999.000,9999.000,9999.000,9999.000,9999.000,9999.000,9999.000
202605261400,   0.430,9999.000,   0.700,  -0.049,   1.081,   0.700,   1.081,   0.800,   1.181
202605261406,   0.431,9999.000,9999.000,9999.000,9999.000,9999.000,9999.000,9999.000,9999.000
202605261412,   0.431,9999.000,9999.000,9999.000,9999.000,9999.000,9999.000,9999.000,9999.000
202605261418,   0.431,9999.000,9999.000,9999.000,9999.000,9999.000,9999.000,9999.000,9999.000
202605261424,   0.432,9999.000,9999.000,9999.000,9999.000,9999.000,9999.000,9999.000,9999.000
202605261430,   0.432,9999.000,9999.000,9999.000,9999.000,9999.000,9999.000,9999.000,9999.000
202605261436,   0.432,9999.000,9999.000,9999.000,9999.000,9999.000,9999.000,9999.000,9999.000
202605261442,   0.433,9999.000,9999.000,9999.000,9999.000,9999.000,9999.000,9999.000,9999.000
202605261448,   0.433,9999.000,9999.000,9999.000,9999.000,9999.000,9999.000,9999.000,9999.000
202605261454,   0.434,9999.000,9999.000,9999.000,9999.000,9999.000,9999.000,9999.000,9999.000
202605261500,   0.434,9999.000,   0.700,  -0.049,   1.085,   0.700,   1.085,   0.800,   1.185
202605261506,   0.435,9999.000,9999.000,9999.000,9999.000,9999.000,9999.000,9999.000,9999.000
202605261512,   0.435,9999.000,9999.000,9999.000,9999.000,9999.000,9999.000,9999.000,9999.000
202605261518,   0.436,9999.000,9999.000,9999.000,9999.000,9999.000,9999.000,9999.000,9999.000
202605261524,   0.436,9999.000,9999.000,9999.000,9999.000,9999.000,9999.000,9999.000,9999.000
202605261530,   0.437,9999.000,9999.000,9999.000,9999.000,9999.000,9999.000,9999.000,9999.000
202605261536,   0.438,9999.000,9999.000,9999.000,9999.000,9999.000,9999.000,9999.000,9999.000
202605261542,   0.439,9999.000,9999.000,9999.000,9999.000,9999.000,9999.000,9999.000,9999.000
202605261548,   0.440,9999.000,9999.000,9999.000,9999.000,9999.000,9999.000,9999.000,9999.000
202605261554,   0.441,9999.000,9999.000,9999.000,9999.000,9999.000,9999.000,9999.000,9999.000
202605261600,   0.442,9999.000,   0.700,  -0.049,   1.093,   0.700,   1.093,   0.800,   1.193
202605261606,   0.443,9999.000,9999.000,9999.000,9999.000,9999.000,9999.000,9999.000,9999.000
202605261612,   0.444,9999.000,9999.000,9999.000,9999.000,9999.000,9999.000,9999.000,9999.000
202605261618,   0.445,9999.000,9999.000,9999.000,9999.000,9999.000,9999.000,9999.000,9999.000
202605261624,   0.446,9999.000,9999.000,9999.000,9999.000,9999.000,9999.000,9999.000,9999.000
202605261630,   0.448,9999.000,9999.000,9999.000,9999.000,9999.000,9999.000,9999.000,9999.000
202605261636,   0.449,9999.000,9999.000,9999.000,9999.000,9999.000,9999.000,9999.000,9999.000
202605261642,   0.451,9999.000,9999.000,9999.000,9999.000,9999.000,9999.000,9999.000,9999.000
202605261648,   0.452,9999.000,9999.000,9999.000,9999.000,9999.000,9999.000,9999.000,9999.000
202605261654,   0.454,9999.000,9999.000,9999.000,9999.000,9999.000,9999.000,9999.000,9999.000
202605261700,   0.456,9999.000,   0.700,  -0.049,   1.107,   0.700,   1.107,   0.800,   1.207
202605261706,   0.458,9999.000,9999.000,9999.000,9999.000,9999.000,9999.000,9999.000,9999.000
202605261712,   0.460,9999.000,9999.000,9999.000,9999.000,9999.000,9999.000,9999.000,9999.000
202605261718,   0.462,9999.000,9999.000,9999.000,9999.000,9999.000,9999.000,9999.000,9999.000
202605261724,   0.464,9999.000,9999.000,9999.000,9999.000,9999.000,9999.000,9999.000,9999.000
202605261730,   0.466,9999.000,9999.000,9999.000,9999.000,9999.000,9999.000,9999.000,9999.000
202605261736,   0.468,9999.000,9999.000,9999.000,9999.000,9999.000,9999.000,9999.000,9999.000
202605261742,   0.471,9999.000,9999.000,9999.000,9999.000,9999.000,9999.000,9999.000,9999.000
202605261748,   0.473,9999.000,9999.000,9999.000,9999.000,9999.000,9999.000,9999.000,9999.000
202605261754,   0.476,9999.000,9999.000,9999.000,9999.000,9999.000,9999.000,9999.000,9999.000
202605261800,   0.478,9999.000,   0.700,  -0.049,   1.129,   0.700,   1.129,   0.800,   1.229
202605261806,   0.481,9999.000,9999.000,9999.000,9999.000,9999.000,9999.000,9999.000,9999.000
202605261812,   0.483,9999.000,9999.000,9999.000,9999.000,9999.000,9999.000,9999.000,9999.000
202605261818,   0.486,9999.000,9999.000,9999.000,9999.000,9999.000,9999.000,9999.000,9999.000
202605261824,   0.489,9999.000,9999.000,9999.000,9999.000,9999.000,9999.000,9999.000,9999.000
202605261830,   0.491,9999.000,9999.000,9999.000,9999.000,9999.000,9999.000,9999.000,9999.000
202605261836,   0.494,9999.000,9999.000,9999.000,9999.000,9999.000,9999.000,9999.000,9999.000
202605261842,   0.497,9999.000,9999.000,9999.000,9999.000,9999.000,9999.000,9999.000,9999.000
202605261848,   0.500,9999.000,9999.000,9999.000,9999.000,9999.000,9999.000,9999.000,9999.000
202605261854,   0.502,9999.000,9999.000,9999.000,9999.000,9999.000,9999.000,9999.000,9999.000
202605261900,   0.505,9999.000,   0.700,  -0.049,   1.156,   0.700,   1.156,   0.800,   1.256
202605261906,   0.508,9999.000,9999.000,9999.000,9999.000,9999.000,9999.000,9999.000,9999.000
202605261912,   0.511,9999.000,9999.000,9999.000,9999.000,9999.000,9999.000,9999.000,9999.000
202605261918,   0.513,9999.000,9999.000,9999.000,9999.000,9999.000,9999.000,9999.000,9999.000
202605261924,   0.516,9999.000,9999.000,9999.000,9999.000,9999.000,9999.000,9999.000,9999.000
202605261930,   0.518,9999.000,9999.000,9999.000,9999.000,9999.000,9999.000,9999.000,9999.000
202605261936,   0.521,9999.000,9999.000,9999.000,9999.000,9999.000,9999.000,9999.000,9999.000
202605261942,   0.523,9999.000,9999.000,9999.000,9999.000,9999.000,9999.000,9999.000,9999.000
202605261948,   0.526,9999.000,9999.000,9999.000,9999.000,9999.000,9999.000,9999.000,9999.000
202605261954,   0.528,9999.000,9999.000,9999.000,9999.000,9999.000,9999.000,9999.000,9999.000
202605262000,   0.530,9999.000,   0.700,  -0.049,   1.181,   0.700,   1.181,   0.800,   1.281
202605262006,   0.532,9999.000,9999.000,9999.000,9999.000,9999.000,9999.000,9999.000,9999.000
202605262012,   0.534,9999.000,9999.000,9999.000,9999.000,9999.000,9999.000,9999.000,9999.000
202605262018,   0.536,9999.000,9999.000,9999.000,9999.000,9999.000,9999.000,9999.000,9999.000
202605262024,   0.538,9999.000,9999.000,9999.000,9999.000,9999.000,9999.000,9999.000,9999.000
202605262030,   0.540,9999.000,9999.000,9999.000,9999.000,9999.000,9999.000,9999.000,9999.000
202605262036,   0.541,9999.000,9999.000,9999.000,9999.000,9999.000,9999.000,9999.000,9999.000
202605262042,   0.543,9999.000,9999.000,9999.000,9999.000,9999.000,9999.000,9999.000,9999.000
202605262048,   0.544,9999.000,9999.000,9999.000,9999.000,9999.000,9999.000,9999.000,9999.000
202605262054,   0.545,9999.000,9999.000,9999.000,9999.000,9999.000,9999.000,9999.000,9999.000
202605262100,   0.546,9999.000,   0.700,  -0.049,   1.197,   0.700,   1.197,   0.800,   1.297
202605262106,   0.547,9999.000,9999.000,9999.000,9999.000,9999.000,9999.000,9999.000,9999.000
202605262112,   0.548,9999.000,9999.000,9999.000,9999.000,9999.000,9999.000,9999.000,9999.000
202605262118,   0.549,9999.000,9999.000,9999.000,9999.000,9999.000,9999.000,9999.000,9999.000
202605262124,   0.550,9999.000,9999.000,9999.000,9999.000,9999.000,9999.000,9999.000,9999.000
202605262130,   0.550,9999.000,9999.000,9999.000,9999.000,9999.000,9999.000,9999.000,9999.000
202605262136,   0.551,9999.000,9999.000,9999.000,9999.000,9999.000,9999.000,9999.000,9999.000
202605262142,   0.551,9999.000,9999.000,9999.000,9999.000,9999.000,9999.000,9999.000,9999.000
202605262148,   0.551,9999.000,9999.000,9999.000,9999.000,9999.000,9999.000,9999.000,9999.000
202605262154,   0.552,9999.000,9999.000,9999.000,9999.000,9999.000,9999.000,9999.000,9999.000
202605262200,   0.552,9999.000,   0.700,  -0.049,   1.203,   0.700,   1.203,   0.800,   1.303
202605262206,   0.552,9999.000,9999.000,9999.000,9999.000,9999.000,9999.000,9999.000,9999.000
202605262212,   0.552,9999.000,9999.000,9999.000,9999.000,9999.000,9999.000,9999.000,9999.000
202605262218,   0.551,9999.000,9999.000,9999.000,9999.000,9999.000,9999.000,9999.000,9999.000
202605262224,   0.551,9999.000,9999.000,9999.000,9999.000,9999.000,9999.000,9999.000,9999.000
202605262230,   0.551,9999.000,9999.000,9999.000,9999.000,9999.000,9999.000,9999.000,9999.000
202605262236,   0.550,9999.000,9999.000,9999.000,9999.000,9999.000,9999.000,9999.000,9999.000
202605262242,   0.550,9999.000,9999.000,9999.000,9999.000,9999.000,9999.000,9999.000,9999.000
202605262248,   0.549,9999.000,9999.000,9999.000,9999.000,9999.000,9999.000,9999.000,9999.000
202605262254,   0.548,9999.000,9999.000,9999.000,9999.000,9999.000,9999.000,9999.000,9999.000
202605262300,   0.548,9999.000,   0.700,  -0.049,   1.199,   0.700,   1.199,   0.800,   1.299
202605262306,   0.547,9999.000,9999.000,9999.000,9999.000,9999.000,9999.000,9999.000,9999.000
202605262312,   0.546,9999.000,9999.000,9999.000,9999.000,9999.000,9999.000,9999.000,9999.000
202605262318,   0.545,9999.000,9999.000,9999.000,9999.000,9999.000,9999.000,9999.000,9999.000
202605262324,   0.544,9999.000,9999.000,9999.000,9999.000,9999.000,9999.000,9999.000,9999.000
202605262330,   0.543,9999.000,9999.000,9999.000,9999.000,9999.000,9999.000,9999.000,9999.000
202605262336,   0.542,9999.000,9999.000,9999.000,9999.000,9999.000,9999.000,9999.000,9999.000
202605262342,   0.541,9999.000,9999.000,9999.000,9999.000,9999.000,9999.000,9999.000,9999.000
202605262348,   0.540,9999.000,9999.000,9999.000,9999.000,9999.000,9999.000,9999.000,9999.000
202605262354,   0.539,9999.000,9999.000,9999.000,9999.000,9999.000,9999.000,9999.000,9999.000
202605270000,   0.538,9999.000,   0.700,  -0.049,   1.189,   0.700,   1.189,   0.800,   1.289
202605270006,   0.537,9999.000,9999.000,9999.000,9999.000,9999.000,9999.000,9999.000,9999.000
202605270012,   0.536,9999.000,9999.000,9999.000,9999.000,9999.000,9999.000,9999.000,9999.000
202605270018,   0.535,9999.000,9999.000,9999.000,9999.000,9999.000,9999.000,9999.000,9999.000
202605270024,   0.533,9999.000,9999.000,9999.000,9999.000,9999.000,9999.000,9999.000,9999.000
202605270030,   0.532,9999.000,9999.000,9999.000,9999.000,9999.000,9999.000,9999.000,9999.000
202605270036,   0.531,9999.000,9999.000,9999.000,9999.000,9999.000,9999.000,9999.000,9999.000
202605270042,   0.530,9999.000,9999.000,9999.000,9999.000,9999.000,9999.000,9999.000,9999.000
202605270048,   0.528,9999.000,9999.000,9999.000,9999.000,9999.000,9999.000,9999.000,9999.000
202605270054,   0.527,9999.000,9999.000,9999.000,9999.000,9999.000,9999.000,9999.000,9999.000
202605270100,   0.525,9999.000,   0.800,  -0.049,   1.276,   0.700,   1.176,   0.800,   1.276
202605270106,   0.524,9999.000,9999.000,9999.000,9999.000,9999.000,9999.000,9999.000,9999.000
202605270112,   0.522,9999.000,9999.000,9999.000,9999.000,9999.000,9999.000,9999.000,9999.000
202605270118,   0.521,9999.000,9999.000,9999.000,9999.000,9999.000,9999.000,9999.000,9999.000
202605270124,   0.519,9999.000,9999.000,9999.000,9999.000,9999.000,9999.000,9999.000,9999.000
202605270130,   0.518,9999.000,9999.000,9999.000,9999.000,9999.000,9999.000,9999.000,9999.000
202605270136,   0.516,9999.000,9999.000,9999.000,9999.000,9999.000,9999.000,9999.000,9999.000
202605270142,   0.515,9999.000,9999.000,9999.000,9999.000,9999.000,9999.000,9999.000,9999.000
202605270148,   0.513,9999.000,9999.000,9999.000,9999.000,9999.000,9999.000,9999.000,9999.000
202605270154,   0.511,9999.000,9999.000,9999.000,9999.000,9999.000,9999.000,9999.000,9999.000
202605270200,   0.509,9999.000,   0.800,  -0.049,   1.260,   0.700,   1.160,   0.800,   1.260
202605270206,   0.508,9999.000,9999.000,9999.000,9999.000,9999.000,9999.000,9999.000,9999.000
202605270212,   0.506,9999.000,9999.000,9999.000,9999.000,9999.000,9999.000,9999.000,9999.000
202605270218,   0.504,9999.000,9999.000,9999.000,9999.000,9999.000,9999.000,9999.000,9999.000
202605270224,   0.502,9999.000,9999.000,9999.000,9999.000,9999.000,9999.000,9999.000,9999.000
202605270230,   0.500,9999.000,9999.000,9999.000,9999.000,9999.000,9999.000,9999.000,9999.000
202605270236,   0.498,9999.000,9999.000,9999.000,9999.000,9999.000,9999.000,9999.000,9999.000
202605270242,   0.496,9999.000,9999.000,9999.000,9999.000,9999.000,9999.000,9999.000,9999.000
202605270248,   0.494,9999.000,9999.000,9999.000,9999.000,9999.000,9999.000,9999.000,9999.000
202605270254,   0.492,9999.000,9999.000,9999.000,9999.000,9999.000,9999.000,9999.000,9999.000
202605270300,   0.490,9999.000,   0.800,  -0.049,   1.241,   0.700,   1.141,   0.800,   1.241
202605270306,   0.488,9999.000,9999.000,9999.000,9999.000,9999.000,9999.000,9999.000,9999.000
202605270312,   0.486,9999.000,9999.000,9999.000,9999.000,9999.000,9999.000,9999.000,9999.000
202605270318,   0.484,9999.000,9999.000,9999.000,9999.000,9999.000,9999.000,9999.000,9999.000
202605270324,   0.482,9999.000,9999.000,9999.000,9999.000,9999.000,9999.000,9999.000,9999.000
202605270330,   0.480,9999.000,9999.000,9999.000,9999.000,9999.000,9999.000,9999.000,9999.000
202605270336,   0.478,9999.000,9999.000,9999.000,9999.000,9999.000,9999.000,9999.000,9999.000
202605270342,   0.476,9999.000,9999.000,9999.000,9999.000,9999.000,9999.000,9999.000,9999.000
202605270348,   0.474,9999.000,9999.000,9999.000,9999.000,9999.000,9999.000,9999.000,9999.000
202605270354,   0.472,9999.000,9999.000,9999.000,9999.000,9999.000,9999.000,9999.000,9999.000
202605270400,   0.470,9999.000,   0.800,  -0.049,   1.221,   0.700,   1.121,   0.800,   1.221
202605270406,   0.468,9999.000,9999.000,9999.000,9999.000,9999.000,9999.000,9999.000,9999.000
202605270412,   0.466,9999.000,9999.000,9999.000,9999.000,9999.000,9999.000,9999.000,9999.000
202605270418,   0.464,9999.000,9999.000,9999.000,9999.000,9999.000,9999.000,9999.000,9999.000
202605270424,   0.462,9999.000,9999.000,9999.000,9999.000,9999.000,9999.000,9999.000,9999.000
202605270430,   0.460,9999.000,9999.000,9999.000,9999.000,9999.000,9999.000,9999.000,9999.000
202605270436,   0.458,9999.000,9999.000,9999.000,9999.000,9999.000,9999.000,9999.000,9999.000
202605270442,   0.456,9999.000,9999.000,9999.000,9999.000,9999.000,9999.000,9999.000,9999.000
202605270448,   0.454,9999.000,9999.000,9999.000,9999.000,9999.000,9999.000,9999.000,9999.000
202605270454,   0.452,9999.000,9999.000,9999.000,9999.000,9999.000,9999.000,9999.000,9999.000
202605270500,   0.450,9999.000,   0.800,  -0.049,   1.201,   0.700,   1.101,   0.800,   1.201
202605270506,   0.449,9999.000,9999.000,9999.000,9999.000,9999.000,9999.000,9999.000,9999.000
202605270512,   0.447,9999.000,9999.000,9999.000,9999.000,9999.000,9999.000,9999.000,9999.000
202605270518,   0.445,9999.000,9999.000,9999.000,9999.000,9999.000,9999.000,9999.000,9999.000
202605270524,   0.443,9999.000,9999.000,9999.000,9999.000,9999.000,9999.000,9999.000,9999.000
202605270530,   0.442,9999.000,9999.000,9999.000,9999.000,9999.000,9999.000,9999.000,9999.000
202605270536,   0.440,9999.000,9999.000,9999.000,9999.000,9999.000,9999.000,9999.000,9999.000
202605270542,   0.439,9999.000,9999.000,9999.000,9999.000,9999.000,9999.000,9999.000,9999.000
202605270548,   0.437,9999.000,9999.000,9999.000,9999.000,9999.000,9999.000,9999.000,9999.000
202605270554,   0.436,9999.000,9999.000,9999.000,9999.000,9999.000,9999.000,9999.000,9999.000
202605270600,   0.434,9999.000,   0.800,  -0.049,   1.185,   0.700,   1.085,   0.800,   1.185
202605270606,   0.433,9999.000,9999.000,9999.000,9999.000,9999.000,9999.000,9999.000,9999.000
202605270612,   0.431,9999.000,9999.000,9999.000,9999.000,9999.000,9999.000,9999.000,9999.000
202605270618,   0.430,9999.000,9999.000,9999.000,9999.000,9999.000,9999.000,9999.000,9999.000
202605270624,   0.429,9999.000,9999.000,9999.000,9999.000,9999.000,9999.000,9999.000,9999.000
202605270630,   0.427,9999.000,9999.000,9999.000,9999.000,9999.000,9999.000,9999.000,9999.000
202605270636,   0.426,9999.000,9999.000,9999.000,9999.000,9999.000,9999.000,9999.000,9999.000
202605270642,   0.425,9999.000,9999.000,9999.000,9999.000,9999.000,9999.000,9999.000,9999.000
202605270648,   0.424,9999.000,9999.000,9999.000,9999.000,9999.000,9999.000,9999.000,9999.000
202605270654,   0.422,9999.000,9999.000,9999.000,9999.000,9999.000,9999.000,9999.000,9999.000
202605270700,   0.421,9999.000,   0.800,  -0.049,   1.172,   0.700,   1.072,   0.800,   1.172
202605270706,   0.420,9999.000,9999.000,9999.000,9999.000,9999.000,9999.000,9999.000,9999.000
202605270712,   0.419,9999.000,9999.000,9999.000,9999.000,9999.000,9999.000,9999.000,9999.000
202605270718,   0.417,9999.000,9999.000,9999.000,9999.000,9999.000,9999.000,9999.000,9999.000
202605270724,   0.416,9999.000,9999.000,9999.000,9999.000,9999.000,9999.000,9999.000,9999.000
202605270730,   0.415,9999.000,9999.000,9999.000,9999.000,9999.000,9999.000,9999.000,9999.000
202605270736,   0.414,9999.000,9999.000,9999.000,9999.000,9999.000,9999.000,9999.000,9999.000
202605270742,   0.413,9999.000,9999.000,9999.000,9999.000,9999.000,9999.000,9999.000,9999.000
202605270748,   0.411,9999.000,9999.000,9999.000,9999.000,9999.000,9999.000,9999.000,9999.000
202605270754,   0.410,9999.000,9999.000,9999.000,9999.000,9999.000,9999.000,9999.000,9999.000
202605270800,   0.409,9999.000,   0.800,  -0.049,   1.160,   0.700,   1.060,   0.800,   1.160
202605270806,   0.408,9999.000,9999.000,9999.000,9999.000,9999.000,9999.000,9999.000,9999.000
202605270812,   0.406,9999.000,9999.000,9999.000,9999.000,9999.000,9999.000,9999.000,9999.000
202605270818,   0.405,9999.000,9999.000,9999.000,9999.000,9999.000,9999.000,9999.000,9999.000
202605270824,   0.404,9999.000,9999.000,9999.000,9999.000,9999.000,9999.000,9999.000,9999.000
202605270830,   0.403,9999.000,9999.000,9999.000,9999.000,9999.000,9999.000,9999.000,9999.000
202605270836,   0.401,9999.000,9999.000,9999.000,9999.000,9999.000,9999.000,9999.000,9999.000
202605270842,   0.400,9999.000,9999.000,9999.000,9999.000,9999.000,9999.000,9999.000,9999.000
202605270848,   0.399,9999.000,9999.000,9999.000,9999.000,9999.000,9999.000,9999.000,9999.000
202605270854,   0.398,9999.000,9999.000,9999.000,9999.000,9999.000,9999.000,9999.000,9999.000
202605270900,   0.396,9999.000,   0.800,  -0.049,   1.147,   0.800,   1.147,   0.800,   1.147
202605270906,   0.395,9999.000,9999.000,9999.000,9999.000,9999.000,9999.000,9999.000,9999.000
202605270912,   0.394,9999.000,9999.000,9999.000,9999.000,9999.000,9999.000,9999.000,9999.000
202605270918,   0.393,9999.000,9999.000,9999.000,9999.000,9999.000,9999.000,9999.000,9999.000
202605270924,   0.392,9999.000,9999.000,9999.000,9999.000,9999.000,9999.000,9999.000,9999.000
202605270930,   0.391,9999.000,9999.000,9999.000,9999.000,9999.000,9999.000,9999.000,9999.000
202605270936,   0.390,9999.000,9999.000,9999.000,9999.000,9999.000,9999.000,9999.000,9999.000
202605270942,   0.388,9999.000,9999.000,9999.000,9999.000,9999.000,9999.000,9999.000,9999.000
202605270948,   0.387,9999.000,9999.000,9999.000,9999.000,9999.000,9999.000,9999.000,9999.000
202605270954,   0.386,9999.000,9999.000,9999.000,9999.000,9999.000,9999.000,9999.000,9999.000
202605271000,   0.386,9999.000,   0.800,  -0.049,   1.137,   0.800,   1.137,   0.800,   1.137
202605271006,   0.385,9999.000,9999.000,9999.000,9999.000,9999.000,9999.000,9999.000,9999.000
202605271012,   0.384,9999.000,9999.000,9999.000,9999.000,9999.000,9999.000,9999.000,9999.000
202605271018,   0.383,9999.000,9999.000,9999.000,9999.000,9999.000,9999.000,9999.000,9999.000
202605271024,   0.382,9999.000,9999.000,9999.000,9999.000,9999.000,9999.000,9999.000,9999.000
202605271030,   0.382,9999.000,9999.000,9999.000,9999.000,9999.000,9999.000,9999.000,9999.000
202605271036,   0.381,9999.000,9999.000,9999.000,9999.000,9999.000,9999.000,9999.000,9999.000
202605271042,   0.381,9999.000,9999.000,9999.000,9999.000,9999.000,9999.000,9999.000,9999.000
202605271048,   0.380,9999.000,9999.000,9999.000,9999.000,9999.000,9999.000,9999.000,9999.000
202605271054,   0.380,9999.000,9999.000,9999.000,9999.000,9999.000,9999.000,9999.000,9999.000
202605271100,   0.380,9999.000,   0.800,  -0.049,   1.131,   0.800,   1.131,   0.900,   1.231
202605271106,   0.380,9999.000,9999.000,9999.000,9999.000,9999.000,9999.000,9999.000,9999.000
202605271112,   0.380,9999.000,9999.000,9999.000,9999.000,9999.000,9999.000,9999.000,9999.000
202605271118,   0.380,9999.000,9999.000,9999.000,9999.000,9999.000,9999.000,9999.000,9999.000
202605271124,   0.380,9999.000,9999.000,9999.000,9999.000,9999.000,9999.000,9999.000,9999.000
202605271130,   0.380,9999.000,9999.000,9999.000,9999.000,9999.000,9999.000,9999.000,9999.000
202605271136,   0.380,9999.000,9999.000,9999.000,9999.000,9999.000,9999.000,9999.000,9999.000
202605271142,   0.380,9999.000,9999.000,9999.000,9999.000,9999.000,9999.000,9999.000,9999.000
202605271148,   0.381,9999.000,9999.000,9999.000,9999.000,9999.000,9999.000,9999.000,9999.000
202605271154,   0.381,9999.000,9999.000,9999.000,9999.000,9999.000,9999.000,9999.000,9999.000
202605271200,   0.382,9999.000,   0.800,  -0.049,   1.133,   0.800,   1.133,   0.900,   1.233
202605271206,   0.382,9999.000,9999.000,9999.000,9999.000,9999.000,9999.000,9999.000,9999.000
202605271212,   0.383,9999.000,9999.000,9999.000,9999.000,9999.000,9999.000,9999.000,9999.000
202605271218,   0.384,9999.000,9999.000,9999.000,9999.000,9999.000,9999.000,9999.000,9999.000
202605271224,   0.385,9999.000,9999.000,9999.000,9999.000,9999.000,9999.000,9999.000,9999.000
202605271230,   0.385,9999.000,9999.000,9999.000,9999.000,9999.000,9999.000,9999.000,9999.000
202605271236,   0.386,9999.000,9999.000,9999.000,9999.000,9999.000,9999.000,9999.000,9999.000
202605271242,   0.387,9999.000,9999.000,9999.000,9999.000,9999.000,9999.000,9999.000,9999.000
202605271248,   0.388,9999.000,9999.000,9999.000,9999.000,9999.000,9999.000,9999.000,9999.000
202605271254,   0.389,9999.000,9999.000,9999.000,9999.000,9999.000,9999.000,9999.000,9999.000
202605271300,   0.390,9999.000,   0.800,  -0.049,   1.141,   0.800,   1.141,   0.900,   1.241
202605271306,   0.392,9999.000,9999.000,9999.000,9999.000,9999.000,9999.000,9999.000,9999.000
202605271312,   0.393,9999.000,9999.000,9999.000,9999.000,9999.000,9999.000,9999.000,9999.000
202605271318,   0.394,9999.000,9999.000,9999.000,9999.000,9999.000,9999.000,9999.000,9999.000
202605271324,   0.395,9999.000,9999.000,9999.000,9999.000,9999.000,9999.000,9999.000,9999.000
202605271330,   0.396,9999.000,9999.000,9999.000,9999.000,9999.000,9999.000,9999.000,9999.000
202605271336,   0.398,9999.000,9999.000,9999.000,9999.000,9999.000,9999.000,9999.000,9999.000
202605271342,   0.399,9999.000,9999.000,9999.000,9999.000,9999.000,9999.000,9999.000,9999.000
202605271348,   0.400,9999.000,9999.000,9999.000,9999.000,9999.000,9999.000,9999.000,9999.000
202605271354,   0.401,9999.000,9999.000,9999.000,9999.000,9999.000,9999.000,9999.000,9999.000
202605271400,   0.403,9999.000,   0.800,  -0.049,   1.154,   0.800,   1.154,   0.900,   1.254
202605271406,   0.404,9999.000,9999.000,9999.000,9999.000,9999.000,9999.000,9999.000,9999.000
202605271412,   0.405,9999.000,9999.000,9999.000,9999.000,9999.000,9999.000,9999.000,9999.000
202605271418,   0.407,9999.000,9999.000,9999.000,9999.000,9999.000,9999.000,9999.000,9999.000
202605271424,   0.408,9999.000,9999.000,9999.000,9999.000,9999.000,9999.000,9999.000,9999.000
202605271430,   0.409,9999.000,9999.000,9999.000,9999.000,9999.000,9999.000,9999.000,9999.000
202605271436,   0.411,9999.000,9999.000,9999.000,9999.000,9999.000,9999.000,9999.000,9999.000
202605271442,   0.412,9999.000,9999.000,9999.000,9999.000,9999.000,9999.000,9999.000,9999.000
202605271448,   0.413,9999.000,9999.000,9999.000,9999.000,9999.000,9999.000,9999.000,9999.000
202605271454,   0.415,9999.000,9999.000,9999.000,9999.000,9999.000,9999.000,9999.000,9999.000
202605271500,   0.416,9999.000,   0.800,  -0.049,   1.167,   0.800,   1.167,   0.900,   1.267
202605271506,   0.417,9999.000,9999.000,9999.000,9999.000,9999.000,9999.000,9999.000,9999.000
202605271512,   0.419,9999.000,9999.000,9999.000,9999.000,9999.000,9999.000,9999.000,9999.000
202605271518,   0.420,9999.000,9999.000,9999.000,9999.000,9999.000,9999.000,9999.000,9999.000
202605271524,   0.422,9999.000,9999.000,9999.000,9999.000,9999.000,9999.000,9999.000,9999.000
202605271530,   0.423,9999.000,9999.000,9999.000,9999.000,9999.000,9999.000,9999.000,9999.000
202605271536,   0.425,9999.000,9999.000,9999.000,9999.000,9999.000,9999.000,9999.000,9999.000
202605271542,   0.426,9999.000,9999.000,9999.000,9999.000,9999.000,9999.000,9999.000,9999.000
202605271548,   0.428,9999.000,9999.000,9999.000,9999.000,9999.000,9999.000,9999.000,9999.000
202605271554,   0.429,9999.000,9999.000,9999.000,9999.000,9999.000,9999.000,9999.000,9999.000
202605271600,   0.431,9999.000,   0.800,  -0.049,   1.182,   0.800,   1.182,   0.900,   1.282
202605271606,   0.432,9999.000,9999.000,9999.000,9999.000,9999.000,9999.000,9999.000,9999.000
202605271612,   0.434,9999.000,9999.000,9999.000,9999.000,9999.000,9999.000,9999.000,9999.000
202605271618,   0.436,9999.000,9999.000,9999.000,9999.000,9999.000,9999.000,9999.000,9999.000
202605271624,   0.438,9999.000,9999.000,9999.000,9999.000,9999.000,9999.000,9999.000,9999.000
202605271630,   0.440,9999.000,9999.000,9999.000,9999.000,9999.000,9999.000,9999.000,9999.000
202605271636,   0.442,9999.000,9999.000,9999.000,9999.000,9999.000,9999.000,9999.000,9999.000
202605271642,   0.444,9999.000,9999.000,9999.000,9999.000,9999.000,9999.000,9999.000,9999.000
202605271648,   0.446,9999.000,9999.000,9999.000,9999.000,9999.000,9999.000,9999.000,9999.000
202605271654,   0.448,9999.000,9999.000,9999.000,9999.000,9999.000,9999.000,9999.000,9999.000
202605271700,   0.450,9999.000,   0.800,  -0.049,   1.201,   0.800,   1.201,   0.900,   1.301
202605271706,   0.452,9999.000,9999.000,9999.000,9999.000,9999.000,9999.000,9999.000,9999.000
202605271712,   0.454,9999.000,9999.000,9999.000,9999.000,9999.000,9999.000,9999.000,9999.000
202605271718,   0.457,9999.000,9999.000,9999.000,9999.000,9999.000,9999.000,9999.000,9999.000
202605271724,   0.459,9999.000,9999.000,9999.000,9999.000,9999.000,9999.000,9999.000,9999.000
202605271730,   0.461,9999.000,9999.000,9999.000,9999.000,9999.000,9999.000,9999.000,9999.000
202605271736,   0.464,9999.000,9999.000,9999.000,9999.000,9999.000,9999.000,9999.000,9999.000
202605271742,   0.467,9999.000,9999.000,9999.000,9999.000,9999.000,9999.000,9999.000,9999.000
202605271748,   0.469,9999.000,9999.000,9999.000,9999.000,9999.000,9999.000,9999.000,9999.000
202605271754,   0.472,9999.000,9999.000,9999.000,9999.000,9999.000,9999.000,9999.000,9999.000
202605271800,   0.474,9999.000,   0.800,  -0.049,   1.225,   0.800,   1.225,   0.900,   1.325
