        TIME,    TIDE,      OB,   SURGE,    BIAS,     TWL,SURGE90p,  TWL90p,SURGE10p,   TWL10p
202604111200,   1.802,   1.820,   0.200,  -0.182,   1.820,   0.200,   1.820,   0.200,   1.820
202604111206,   1.791,9999.000,9999.000,9999.000,9999.000,9999.000,9999.000,9999.000,9999.000
202604111212,   1.780,   1.781,9999.000,9999.000,9999.000,9999.000,9999.000,9999.000,9999.000
202604111218,   1.766,9999.000,9999.000,9999.000,9999.000,9999.000,9999.000,9999.000,9999.000
202604111224,   1.752,   1.758,9999.000,9999.000,9999.000,9999.000,9999.000,9999.000,9999.000
202604111230,   1.736,9999.000,9999.000,9999.000,9999.000,9999.000,9999.000,9999.000,9999.000
202604111236,   1.719,   1.708,9999.000,9999.000,9999.000,9999.000,9999.000,9999.000,9999.000
202604111242,   1.700,9999.000,9999.000,9999.000,9999.000,9999.000,9999.000,9999.000,9999.000
202604111248,   1.681,   1.689,9999.000,9999.000,9999.000,9999.000,9999.000,9999.000,9999.000
202604111254,   1.660,9999.000,9999.000,9999.000,9999.000,9999.000,9999.000,9999.000,9999.000
202604111300,   1.637,   1.639,   0.200,  -0.198,   1.639,   0.100,   1.539,   0.200,   1.639
202604111306,   1.613,   1.620,9999.000,9999.000,9999.000,9999.000,9999.000,9999.000,9999.000
202604111312,   1.588,   1.610,9999.000,9999.000,9999.000,9999.000,9999.000,9999.000,9999.000
202604111318,   1.562,   1.590,9999.000,9999.000,9999.000,9999.000,9999.000,9999.000,9999.000
202604111324,   1.535,   1.548,9999.000,9999.000,9999.000,9999.000,9999.000,9999.000,9999.000
202604111330,   1.506,   1.538,9999.000,9999.000,9999.000,9999.000,9999.000,9999.000,9999.000
202604111336,   1.477,   1.508,9999.000,9999.000,9999.000,9999.000,9999.000,9999.000,9999.000
202604111342,   1.446,   1.469,9999.000,9999.000,9999.000,9999.000,9999.000,9999.000,9999.000
202604111348,   1.415,   1.439,9999.000,9999.000,9999.000,9999.000,9999.000,9999.000,9999.000
202604111354,   1.382,   1.400,9999.000,9999.000,9999.000,9999.000,9999.000,9999.000,9999.000
202604111400,   1.350,   1.380,   0.200,  -0.170,   1.380,   0.100,   1.280,   0.200,   1.380
202604111406,   1.316,   1.348,9999.000,9999.000,9999.000,9999.000,9999.000,9999.000,9999.000
202604111412,   1.282,   1.318,9999.000,9999.000,9999.000,9999.000,9999.000,9999.000,9999.000
202604111418,   1.248,   1.298,9999.000,9999.000,9999.000,9999.000,9999.000,9999.000,9999.000
202604111424,   1.213,   1.259,9999.000,9999.000,9999.000,9999.000,9999.000,9999.000,9999.000
202604111430,   1.178,   1.210,9999.000,9999.000,9999.000,9999.000,9999.000,9999.000,9999.000
202604111436,   1.144,   1.190,9999.000,9999.000,9999.000,9999.000,9999.000,9999.000,9999.000
202604111442,   1.109,   1.138,9999.000,9999.000,9999.000,9999.000,9999.000,9999.000,9999.000
202604111448,   1.075,   1.118,9999.000,9999.000,9999.000,9999.000,9999.000,9999.000,9999.000
202604111454,   1.041,   1.069,9999.000,9999.000,9999.000,9999.000,9999.000,9999.000,9999.000
202604111500,   1.008,   1.049,   0.200,  -0.159,   1.049,   0.100,   0.949,   0.200,   1.049
202604111506,   0.975,   1.029,9999.000,9999.000,9999.000,9999.000,9999.000,9999.000,9999.000
202604111512,   0.943,   0.990,9999.000,9999.000,9999.000,9999.000,9999.000,9999.000,9999.000
202604111518,   0.912,   0.970,9999.000,9999.000,9999.000,9999.000,9999.000,9999.000,9999.000
202604111524,   0.882,   0.928,9999.000,9999.000,9999.000,9999.000,9999.000,9999.000,9999.000
202604111530,   0.853,   0.908,9999.000,9999.000,9999.000,9999.000,9999.000,9999.000,9999.000
202604111536,   0.825,   0.888,9999.000,9999.000,9999.000,9999.000,9999.000,9999.000,9999.000
202604111542,   0.798,   0.859,9999.000,9999.000,9999.000,9999.000,9999.000,9999.000,9999.000
202604111548,   0.772,   0.829,9999.000,9999.000,9999.000,9999.000,9999.000,9999.000,9999.000
202604111554,   0.747,   0.800,9999.000,9999.000,9999.000,9999.000,9999.000,9999.000,9999.000
202604111600,   0.724,   0.770,   0.200,  -0.154,   0.770,   0.100,   0.670,   0.200,   0.770
202604111606,   0.701,   0.751,9999.000,9999.000,9999.000,9999.000,9999.000,9999.000,9999.000
202604111612,   0.680,   0.731,9999.000,9999.000,9999.000,9999.000,9999.000,9999.000,9999.000
202604111618,   0.660,   0.698,9999.000,9999.000,9999.000,9999.000,9999.000,9999.000,9999.000
202604111624,   0.641,   0.678,9999.000,9999.000,9999.000,9999.000,9999.000,9999.000,9999.000
202604111630,   0.624,   0.649,9999.000,9999.000,9999.000,9999.000,9999.000,9999.000,9999.000
202604111636,   0.607,   0.639,9999.000,9999.000,9999.000,9999.000,9999.000,9999.000,9999.000
202604111642,   0.591,   0.629,9999.000,9999.000,9999.000,9999.000,9999.000,9999.000,9999.000
202604111648,   0.577,   0.610,9999.000,9999.000,9999.000,9999.000,9999.000,9999.000,9999.000
202604111654,   0.563,   0.600,9999.000,9999.000,9999.000,9999.000,9999.000,9999.000,9999.000
202604111700,   0.550,   0.600,   0.200,  -0.150,   0.600,   0.100,   0.500,   0.200,   0.600
202604111706,   0.538,   0.590,9999.000,9999.000,9999.000,9999.000,9999.000,9999.000,9999.000
202604111712,   0.527,   0.580,9999.000,9999.000,9999.000,9999.000,9999.000,9999.000,9999.000
202604111718,   0.517,   0.570,9999.000,9999.000,9999.000,9999.000,9999.000,9999.000,9999.000
202604111724,   0.508,   0.580,9999.000,9999.000,9999.000,9999.000,9999.000,9999.000,9999.000
202604111730,   0.500,   0.580,9999.000,9999.000,9999.000,9999.000,9999.000,9999.000,9999.000
202604111736,   0.493,   0.590,9999.000,9999.000,9999.000,9999.000,9999.000,9999.000,9999.000
202604111742,   0.487,   0.590,9999.000,9999.000,9999.000,9999.000,9999.000,9999.000,9999.000
202604111748,   0.482,   0.580,9999.000,9999.000,9999.000,9999.000,9999.000,9999.000,9999.000
202604111754,   0.478,   0.590,9999.000,9999.000,9999.000,9999.000,9999.000,9999.000,9999.000
202604111800,   0.476,   0.600,   0.200,  -0.076,   0.600,   0.200,   0.600,   0.200,   0.600
202604111806,   0.475,   0.610,9999.000,9999.000,9999.000,9999.000,9999.000,9999.000,9999.000
202604111812,   0.475,   0.629,9999.000,9999.000,9999.000,9999.000,9999.000,9999.000,9999.000
202604111818,   0.477,   0.639,9999.000,9999.000,9999.000,9999.000,9999.000,9999.000,9999.000
202604111824,   0.480,   0.659,9999.000,9999.000,9999.000,9999.000,9999.000,9999.000,9999.000
202604111830,   0.486,   0.669,9999.000,9999.000,9999.000,9999.000,9999.000,9999.000,9999.000
202604111836,   0.493,   0.688,9999.000,9999.000,9999.000,9999.000,9999.000,9999.000,9999.000
202604111842,   0.502,   0.708,9999.000,9999.000,9999.000,9999.000,9999.000,9999.000,9999.000
202604111848,   0.513,   0.708,9999.000,9999.000,9999.000,9999.000,9999.000,9999.000,9999.000
202604111854,   0.526,   0.731,9999.000,9999.000,9999.000,9999.000,9999.000,9999.000,9999.000
202604111900,   0.541,   0.751,   0.200,   0.010,   0.751,   0.200,   0.751,   0.200,   0.751
202604111906,   0.558,   0.780,9999.000,9999.000,9999.000,9999.000,9999.000,9999.000,9999.000
202604111912,   0.577,   0.800,9999.000,9999.000,9999.000,9999.000,9999.000,9999.000,9999.000
202604111918,   0.598,   0.819,9999.000,9999.000,9999.000,9999.000,9999.000,9999.000,9999.000
202604111924,   0.621,   0.849,9999.000,9999.000,9999.000,9999.000,9999.000,9999.000,9999.000
202604111930,   0.647,   0.888,9999.000,9999.000,9999.000,9999.000,9999.000,9999.000,9999.000
202604111936,   0.674,   0.918,9999.000,9999.000,9999.000,9999.000,9999.000,9999.000,9999.000
202604111942,   0.703,   0.928,9999.000,9999.000,9999.000,9999.000,9999.000,9999.000,9999.000
202604111948,   0.733,   0.961,9999.000,9999.000,9999.000,9999.000,9999.000,9999.000,9999.000
202604111954,   0.765,   0.990,9999.000,9999.000,9999.000,9999.000,9999.000,9999.000,9999.000
202604112000,   0.798,   1.039,   0.200,   0.041,   1.039,   0.200,   1.039,   0.200,   1.039
202604112006,   0.833,   1.059,9999.000,9999.000,9999.000,9999.000,9999.000,9999.000,9999.000
202604112012,   0.868,   1.088,9999.000,9999.000,9999.000,9999.000,9999.000,9999.000,9999.000
202604112018,   0.904,   1.118,9999.000,9999.000,9999.000,9999.000,9999.000,9999.000,9999.000
202604112024,   0.941,   1.180,9999.000,9999.000,9999.000,9999.000,9999.000,9999.000,9999.000
202604112030,   0.978,   1.210,9999.000,9999.000,9999.000,9999.000,9999.000,9999.000,9999.000
202604112036,   1.016,   1.259,9999.000,9999.000,9999.000,9999.000,9999.000,9999.000,9999.000
202604112042,   1.053,   1.298,9999.000,9999.000,9999.000,9999.000,9999.000,9999.000,9999.000
202604112048,   1.090,   1.328,9999.000,9999.000,9999.000,9999.000,9999.000,9999.000,9999.000
202604112054,   1.127,   1.371,9999.000,9999.000,9999.000,9999.000,9999.000,9999.000,9999.000
202604112100,   1.164,   1.410,   0.200,   0.046,   1.410,   0.200,   1.410,   0.300,   1.510
202604112106,   1.199,   1.459,9999.000,9999.000,9999.000,9999.000,9999.000,9999.000,9999.000
202604112112,   1.234,   1.498,9999.000,9999.000,9999.000,9999.000,9999.000,9999.000,9999.000
202604112118,   1.268,   1.538,9999.000,9999.000,9999.000,9999.000,9999.000,9999.000,9999.000
202604112124,   1.301,   1.571,9999.000,9999.000,9999.000,9999.000,9999.000,9999.000,9999.000
202604112130,   1.333,   1.610,9999.000,9999.000,9999.000,9999.000,9999.000,9999.000,9999.000
202604112136,   1.363,   1.659,9999.000,9999.000,9999.000,9999.000,9999.000,9999.000,9999.000
202604112142,   1.393,   1.689,9999.000,9999.000,9999.000,9999.000,9999.000,9999.000,9999.000
202604112148,   1.421,   1.718,9999.000,9999.000,9999.000,9999.000,9999.000,9999.000,9999.000
202604112154,   1.447,   1.767,9999.000,9999.000,9999.000,9999.000,9999.000,9999.000,9999.000
202604112200,   1.472,   1.810,   0.300,   0.038,   1.810,   0.200,   1.710,   0.300,   1.810
202604112206,   1.496,   1.849,9999.000,9999.000,9999.000,9999.000,9999.000,9999.000,9999.000
202604112212,   1.519,   1.869,9999.000,9999.000,9999.000,9999.000,9999.000,9999.000,9999.000
202604112218,   1.540,   1.908,9999.000,9999.000,9999.000,9999.000,9999.000,9999.000,9999.000
202604112224,   1.559,   1.938,9999.000,9999.000,9999.000,9999.000,9999.000,9999.000,9999.000
202604112230,   1.578,   1.958,9999.000,9999.000,9999.000,9999.000,9999.000,9999.000,9999.000
202604112236,   1.595,   1.990,9999.000,9999.000,9999.000,9999.000,9999.000,9999.000,9999.000
202604112242,   1.611,   2.010,9999.000,9999.000,9999.000,9999.000,9999.000,9999.000,9999.000
202604112248,   1.625,   2.030,9999.000,9999.000,9999.000,9999.000,9999.000,9999.000,9999.000
202604112254,   1.638,   2.049,9999.000,9999.000,9999.000,9999.000,9999.000,9999.000,9999.000
202604112300,   1.650,   2.059,   0.300,   0.109,   2.059,   0.300,   2.059,   0.300,   2.059
202604112306,   1.661,   2.069,9999.000,9999.000,9999.000,9999.000,9999.000,9999.000,9999.000
202604112312,   1.670,   2.069,9999.000,9999.000,9999.000,9999.000,9999.000,9999.000,9999.000
202604112318,   1.678,   2.099,9999.000,9999.000,9999.000,9999.000,9999.000,9999.000,9999.000
202604112324,   1.685,   2.099,9999.000,9999.000,9999.000,9999.000,9999.000,9999.000,9999.000
202604112330,   1.691,   2.109,9999.000,9999.000,9999.000,9999.000,9999.000,9999.000,9999.000
202604112336,   1.695,   2.128,9999.000,9999.000,9999.000,9999.000,9999.000,9999.000,9999.000
202604112342,   1.699,   2.128,9999.000,9999.000,9999.000,9999.000,9999.000,9999.000,9999.000
202604112348,   1.700,   2.138,9999.000,9999.000,9999.000,9999.000,9999.000,9999.000,9999.000
202604112354,   1.701,   2.158,9999.000,9999.000,9999.000,9999.000,9999.000,9999.000,9999.000
202604120000,   1.700,   2.158,   0.200,   0.258,   2.158,   0.200,   2.158,   0.300,   2.258
202604120006,   1.698,   2.168,9999.000,9999.000,9999.000,9999.000,9999.000,9999.000,9999.000
202604120012,   1.695,   2.158,9999.000,9999.000,9999.000,9999.000,9999.000,9999.000,9999.000
202604120018,   1.690,   2.148,9999.000,9999.000,9999.000,9999.000,9999.000,9999.000,9999.000
202604120024,   1.683,   2.158,9999.000,9999.000,9999.000,9999.000,9999.000,9999.000,9999.000
202604120030,   1.676,   2.158,9999.000,9999.000,9999.000,9999.000,9999.000,9999.000,9999.000
202604120036,   1.666,   2.158,9999.000,9999.000,9999.000,9999.000,9999.000,9999.000,9999.000
202604120042,   1.655,   2.148,9999.000,9999.000,9999.000,9999.000,9999.000,9999.000,9999.000
202604120048,   1.643,   2.138,9999.000,9999.000,9999.000,9999.000,9999.000,9999.000,9999.000
202604120054,   1.629,   2.128,9999.000,9999.000,9999.000,9999.000,9999.000,9999.000,9999.000
202604120100,   1.613,   2.118,   0.300,   0.205,   2.118,   0.200,   2.018,   0.300,   2.118
202604120106,   1.596,   2.109,9999.000,9999.000,9999.000,9999.000,9999.000,9999.000,9999.000
202604120112,   1.578,   2.099,9999.000,9999.000,9999.000,9999.000,9999.000,9999.000,9999.000
202604120118,   1.557,   2.079,9999.000,9999.000,9999.000,9999.000,9999.000,9999.000,9999.000
202604120124,   1.535,   2.059,9999.000,9999.000,9999.000,9999.000,9999.000,9999.000,9999.000
202604120130,   1.512,   2.040,9999.000,9999.000,9999.000,9999.000,9999.000,9999.000,9999.000
202604120136,   1.487,   2.030,9999.000,9999.000,9999.000,9999.000,9999.000,9999.000,9999.000
202604120142,   1.461,   2.000,9999.000,9999.000,9999.000,9999.000,9999.000,9999.000,9999.000
202604120148,   1.433,   1.981,9999.000,9999.000,9999.000,9999.000,9999.000,9999.000,9999.000
202604120154,   1.404,   1.948,9999.000,9999.000,9999.000,9999.000,9999.000,9999.000,9999.000
202604120200,   1.374,   1.918,   0.300,   0.244,   1.918,   0.200,   1.818,   0.300,   1.918
202604120206,   1.343,   1.889,9999.000,9999.000,9999.000,9999.000,9999.000,9999.000,9999.000
202604120212,   1.311,   1.859,9999.000,9999.000,9999.000,9999.000,9999.000,9999.000,9999.000
202604120218,   1.277,   1.830,9999.000,9999.000,9999.000,9999.000,9999.000,9999.000,9999.000
202604120224,   1.243,   1.781,9999.000,9999.000,9999.000,9999.000,9999.000,9999.000,9999.000
202604120230,   1.208,   1.748,9999.000,9999.000,9999.000,9999.000,9999.000,9999.000,9999.000
202604120236,   1.173,   1.728,9999.000,9999.000,9999.000,9999.000,9999.000,9999.000,9999.000
202604120242,   1.137,   1.689,9999.000,9999.000,9999.000,9999.000,9999.000,9999.000,9999.000
202604120248,   1.101,   1.659,9999.000,9999.000,9999.000,9999.000,9999.000,9999.000,9999.000
202604120254,   1.065,   1.630,9999.000,9999.000,9999.000,9999.000,9999.000,9999.000,9999.000
202604120300,   1.028,   1.600,   0.300,   0.272,   1.600,   0.200,   1.500,   0.300,   1.600
202604120306,   0.992,   1.557,9999.000,9999.000,9999.000,9999.000,9999.000,9999.000,9999.000
202604120312,   0.956,   1.528,9999.000,9999.000,9999.000,9999.000,9999.000,9999.000,9999.000
202604120318,   0.921,   1.498,9999.000,9999.000,9999.000,9999.000,9999.000,9999.000,9999.000
202604120324,   0.886,   1.449,9999.000,9999.000,9999.000,9999.000,9999.000,9999.000,9999.000
202604120330,   0.852,   1.420,9999.000,9999.000,9999.000,9999.000,9999.000,9999.000,9999.000
202604120336,   0.819,   1.390,9999.000,9999.000,9999.000,9999.000,9999.000,9999.000,9999.000
202604120342,   0.787,   1.348,9999.000,9999.000,9999.000,9999.000,9999.000,9999.000,9999.000
202604120348,   0.756,   1.318,9999.000,9999.000,9999.000,9999.000,9999.000,9999.000,9999.000
202604120354,   0.726,   1.289,9999.000,9999.000,9999.000,9999.000,9999.000,9999.000,9999.000
202604120400,   0.698,   1.249,   0.300,   0.251,   1.249,   0.200,   1.149,   0.300,   1.249
202604120406,   0.670,   1.229,9999.000,9999.000,9999.000,9999.000,9999.000,9999.000,9999.000
202604120412,   0.644,   1.200,9999.000,9999.000,9999.000,9999.000,9999.000,9999.000,9999.000
202604120418,   0.620,   1.170,9999.000,9999.000,9999.000,9999.000,9999.000,9999.000,9999.000
202604120424,   0.597,   1.138,9999.000,9999.000,9999.000,9999.000,9999.000,9999.000,9999.000
202604120430,   0.575,   1.118,9999.000,9999.000,9999.000,9999.000,9999.000,9999.000,9999.000
202604120436,   0.555,   1.098,9999.000,9999.000,9999.000,9999.000,9999.000,9999.000,9999.000
202604120442,   0.536,   1.079,9999.000,9999.000,9999.000,9999.000,9999.000,9999.000,9999.000
202604120448,   0.519,   1.049,9999.000,9999.000,9999.000,9999.000,9999.000,9999.000,9999.000
202604120454,   0.503,   1.029,9999.000,9999.000,9999.000,9999.000,9999.000,9999.000,9999.000
202604120500,   0.488,   1.010,   0.300,   0.222,   1.010,   0.200,   0.910,   0.300,   1.010
202604120506,   0.475,   0.990,9999.000,9999.000,9999.000,9999.000,9999.000,9999.000,9999.000
202604120512,   0.463,   0.970,9999.000,9999.000,9999.000,9999.000,9999.000,9999.000,9999.000
202604120518,   0.453,   0.961,9999.000,9999.000,9999.000,9999.000,9999.000,9999.000,9999.000
202604120524,   0.443,   0.941,9999.000,9999.000,9999.000,9999.000,9999.000,9999.000,9999.000
202604120530,   0.435,   0.918,9999.000,9999.000,9999.000,9999.000,9999.000,9999.000,9999.000
202604120536,   0.428,   0.908,9999.000,9999.000,9999.000,9999.000,9999.000,9999.000,9999.000
202604120542,   0.422,   0.898,9999.000,9999.000,9999.000,9999.000,9999.000,9999.000,9999.000
202604120548,   0.417,   0.879,9999.000,9999.000,9999.000,9999.000,9999.000,9999.000,9999.000
202604120554,   0.414,   0.869,9999.000,9999.000,9999.000,9999.000,9999.000,9999.000,9999.000
202604120600,   0.411,   0.859,   0.200,   0.248,   0.859,   0.100,   0.759,   0.200,   0.859
202604120606,   0.410,   0.849,9999.000,9999.000,9999.000,9999.000,9999.000,9999.000,9999.000
202604120612,   0.411,   0.849,9999.000,9999.000,9999.000,9999.000,9999.000,9999.000,9999.000
202604120618,   0.412,   0.839,9999.000,9999.000,9999.000,9999.000,9999.000,9999.000,9999.000
202604120624,   0.415,   0.829,9999.000,9999.000,9999.000,9999.000,9999.000,9999.000,9999.000
202604120630,   0.420,   0.829,9999.000,9999.000,9999.000,9999.000,9999.000,9999.000,9999.000
202604120636,   0.426,   0.819,9999.000,9999.000,9999.000,9999.000,9999.000,9999.000,9999.000
202604120642,   0.434,   0.810,9999.000,9999.000,9999.000,9999.000,9999.000,9999.000,9999.000
202604120648,   0.444,   0.810,9999.000,9999.000,9999.000,9999.000,9999.000,9999.000,9999.000
202604120654,   0.455,   0.810,9999.000,9999.000,9999.000,9999.000,9999.000,9999.000,9999.000
202604120700,   0.468,   0.829,   0.200,   0.161,   0.829,   0.100,   0.729,   0.200,   0.829
202604120706,   0.484,   0.829,9999.000,9999.000,9999.000,9999.000,9999.000,9999.000,9999.000
202604120712,   0.501,   0.829,9999.000,9999.000,9999.000,9999.000,9999.000,9999.000,9999.000
202604120718,   0.520,   0.849,9999.000,9999.000,9999.000,9999.000,9999.000,9999.000,9999.000
202604120724,   0.541,   0.859,9999.000,9999.000,9999.000,9999.000,9999.000,9999.000,9999.000
202604120730,   0.565,   0.879,9999.000,9999.000,9999.000,9999.000,9999.000,9999.000,9999.000
202604120736,   0.590,   0.898,9999.000,9999.000,9999.000,9999.000,9999.000,9999.000,9999.000
202604120742,   0.618,   0.918,9999.000,9999.000,9999.000,9999.000,9999.000,9999.000,9999.000
202604120748,   0.647,   0.941,9999.000,9999.000,9999.000,9999.000,9999.000,9999.000,9999.000
202604120754,   0.678,   0.961,9999.000,9999.000,9999.000,9999.000,9999.000,9999.000,9999.000
202604120800,   0.711,   0.990,   0.200,   0.079,   0.990,   0.100,   0.890,   0.200,   0.990
202604120806,   0.746,   1.010,9999.000,9999.000,9999.000,9999.000,9999.000,9999.000,9999.000
202604120812,   0.782,   1.049,9999.000,9999.000,9999.000,9999.000,9999.000,9999.000,9999.000
202604120818,   0.820,   1.088,9999.000,9999.000,9999.000,9999.000,9999.000,9999.000,9999.000
202604120824,   0.859,   1.108,9999.000,9999.000,9999.000,9999.000,9999.000,9999.000,9999.000
202604120830,   0.899,   1.151,9999.000,9999.000,9999.000,9999.000,9999.000,9999.000,9999.000
202604120836,   0.939,   1.180,9999.000,9999.000,9999.000,9999.000,9999.000,9999.000,9999.000
202604120842,   0.981,   1.210,9999.000,9999.000,9999.000,9999.000,9999.000,9999.000,9999.000
202604120848,   1.023,   1.249,9999.000,9999.000,9999.000,9999.000,9999.000,9999.000,9999.000
202604120854,   1.065,   1.279,9999.000,9999.000,9999.000,9999.000,9999.000,9999.000,9999.000
202604120900,   1.107,   1.308,   0.200,   0.001,   1.308,   0.100,   1.208,   0.200,   1.308
202604120906,   1.149,   1.348,9999.000,9999.000,9999.000,9999.000,9999.000,9999.000,9999.000
202604120912,   1.190,   1.380,9999.000,9999.000,9999.000,9999.000,9999.000,9999.000,9999.000
202604120918,   1.231,   1.410,9999.000,9999.000,9999.000,9999.000,9999.000,9999.000,9999.000
202604120924,   1.272,   1.439,9999.000,9999.000,9999.000,9999.000,9999.000,9999.000,9999.000
202604120930,   1.311,   1.479,9999.000,9999.000,9999.000,9999.000,9999.000,9999.000,9999.000
202604120936,   1.350,   1.498,9999.000,9999.000,9999.000,9999.000,9999.000,9999.000,9999.000
202604120942,   1.387,   1.538,9999.000,9999.000,9999.000,9999.000,9999.000,9999.000,9999.000
202604120948,   1.423,   1.580,9999.000,9999.000,9999.000,9999.000,9999.000,9999.000,9999.000
202604120954,   1.458,   1.610,9999.000,9999.000,9999.000,9999.000,9999.000,9999.000,9999.000
202604121000,   1.491,   1.630,   0.200,  -0.061,   1.630,   0.100,   1.530,   0.200,   1.630
202604121006,   1.523,   1.669,9999.000,9999.000,9999.000,9999.000,9999.000,9999.000,9999.000
202604121012,   1.553,   1.699,9999.000,9999.000,9999.000,9999.000,9999.000,9999.000,9999.000
202604121018,   1.582,   1.728,9999.000,9999.000,9999.000,9999.000,9999.000,9999.000,9999.000
202604121024,   1.609,   1.738,9999.000,9999.000,9999.000,9999.000,9999.000,9999.000,9999.000
202604121030,   1.635,   1.767,9999.000,9999.000,9999.000,9999.000,9999.000,9999.000,9999.000
202604121036,   1.659,   1.790,9999.000,9999.000,9999.000,9999.000,9999.000,9999.000,9999.000
202604121042,   1.682,   1.820,9999.000,9999.000,9999.000,9999.000,9999.000,9999.000,9999.000
202604121048,   1.703,   1.830,9999.000,9999.000,9999.000,9999.000,9999.000,9999.000,9999.000
202604121054,   1.722,   1.859,9999.000,9999.000,9999.000,9999.000,9999.000,9999.000,9999.000
202604121100,   1.740,   1.879,   0.100,   0.039,   1.879,   0.100,   1.879,   0.200,   1.979
202604121106,   1.757,   1.899,9999.000,9999.000,9999.000,9999.000,9999.000,9999.000,9999.000
202604121112,   1.772,   1.908,9999.000,9999.000,9999.000,9999.000,9999.000,9999.000,9999.000
202604121118,   1.786,   1.918,9999.000,9999.000,9999.000,9999.000,9999.000,9999.000,9999.000
202604121124,   1.798,   1.938,9999.000,9999.000,9999.000,9999.000,9999.000,9999.000,9999.000
202604121130,   1.809,   1.948,9999.000,9999.000,9999.000,9999.000,9999.000,9999.000,9999.000
202604121136,   1.819,   1.958,9999.000,9999.000,9999.000,9999.000,9999.000,9999.000,9999.000
202604121142,   1.827,   1.967,9999.000,9999.000,9999.000,9999.000,9999.000,9999.000,9999.000
202604121148,   1.835,   1.981,9999.000,9999.000,9999.000,9999.000,9999.000,9999.000,9999.000
202604121154,   1.840,   1.990,9999.000,9999.000,9999.000,9999.000,9999.000,9999.000,9999.000
202604121200,   1.845,   1.990,   0.100,   0.045,   1.990,   0.100,   1.990,   0.200,   2.090
202604121206,   1.848,   1.981,9999.000,9999.000,9999.000,9999.000,9999.000,9999.000,9999.000
202604121212,   1.850,   1.981,9999.000,9999.000,9999.000,9999.000,9999.000,9999.000,9999.000
202604121218,   1.851,   1.990,9999.000,9999.000,9999.000,9999.000,9999.000,9999.000,9999.000
202604121224,   1.850,   1.981,9999.000,9999.000,9999.000,9999.000,9999.000,9999.000,9999.000
202604121230,   1.848,   1.967,9999.000,9999.000,9999.000,9999.000,9999.000,9999.000,9999.000
202604121236,   1.845,   1.967,9999.000,9999.000,9999.000,9999.000,9999.000,9999.000,9999.000
202604121242,   1.840,   1.967,9999.000,9999.000,9999.000,9999.000,9999.000,9999.000,9999.000
202604121248,   1.834,   1.958,9999.000,9999.000,9999.000,9999.000,9999.000,9999.000,9999.000
202604121254,   1.826,   1.948,9999.000,9999.000,9999.000,9999.000,9999.000,9999.000,9999.000
202604121300,   1.817,   1.938,   0.100,   0.021,   1.938,   0.100,   1.938,   0.200,   2.038
202604121306,   1.806,   1.938,9999.000,9999.000,9999.000,9999.000,9999.000,9999.000,9999.000
202604121312,   1.794,   1.918,9999.000,9999.000,9999.000,9999.000,9999.000,9999.000,9999.000
202604121318,   1.780,   1.908,9999.000,9999.000,9999.000,9999.000,9999.000,9999.000,9999.000
202604121324,   1.764,   1.899,9999.000,9999.000,9999.000,9999.000,9999.000,9999.000,9999.000
202604121330,   1.747,   1.879,9999.000,9999.000,9999.000,9999.000,9999.000,9999.000,9999.000
202604121336,   1.729,   1.859,9999.000,9999.000,9999.000,9999.000,9999.000,9999.000,9999.000
202604121342,   1.709,   1.840,9999.000,9999.000,9999.000,9999.000,9999.000,9999.000,9999.000
202604121348,   1.687,   1.810,9999.000,9999.000,9999.000,9999.000,9999.000,9999.000,9999.000
202604121354,   1.664,   1.790,9999.000,9999.000,9999.000,9999.000,9999.000,9999.000,9999.000
202604121400,   1.639,   1.748,   0.100,   0.009,   1.748,   0.100,   1.748,   0.200,   1.848
202604121406,   1.613,   1.728,9999.000,9999.000,9999.000,9999.000,9999.000,9999.000,9999.000
202604121412,   1.586,   1.689,9999.000,9999.000,9999.000,9999.000,9999.000,9999.000,9999.000
202604121418,   1.557,   1.659,9999.000,9999.000,9999.000,9999.000,9999.000,9999.000,9999.000
202604121424,   1.527,   1.620,9999.000,9999.000,9999.000,9999.000,9999.000,9999.000,9999.000
202604121430,   1.495,   1.580,9999.000,9999.000,9999.000,9999.000,9999.000,9999.000,9999.000
202604121436,   1.463,   1.548,9999.000,9999.000,9999.000,9999.000,9999.000,9999.000,9999.000
202604121442,   1.429,   1.518,9999.000,9999.000,9999.000,9999.000,9999.000,9999.000,9999.000
202604121448,   1.395,   1.469,9999.000,9999.000,9999.000,9999.000,9999.000,9999.000,9999.000
202604121454,   1.359,   1.439,9999.000,9999.000,9999.000,9999.000,9999.000,9999.000,9999.000
202604121500,   1.323,   1.410,   0.100,  -0.013,   1.410,   0.100,   1.410,   0.200,   1.510
202604121506,   1.287,   1.371,9999.000,9999.000,9999.000,9999.000,9999.000,9999.000,9999.000
202604121512,   1.250,   1.338,9999.000,9999.000,9999.000,9999.000,9999.000,9999.000,9999.000
202604121518,   1.213,   1.298,9999.000,9999.000,9999.000,9999.000,9999.000,9999.000,9999.000
202604121524,   1.175,   1.259,9999.000,9999.000,9999.000,9999.000,9999.000,9999.000,9999.000
202604121530,   1.138,   1.220,9999.000,9999.000,9999.000,9999.000,9999.000,9999.000,9999.000
202604121536,   1.101,   1.190,9999.000,9999.000,9999.000,9999.000,9999.000,9999.000,9999.000
202604121542,   1.064,   1.151,9999.000,9999.000,9999.000,9999.000,9999.000,9999.000,9999.000
202604121548,   1.027,   1.108,9999.000,9999.000,9999.000,9999.000,9999.000,9999.000,9999.000
202604121554,   0.991,   1.079,9999.000,9999.000,9999.000,9999.000,9999.000,9999.000,9999.000
202604121600,   0.956,   1.039,   0.100,  -0.017,   1.039,   0.100,   1.039,   0.200,   1.139
202604121606,   0.921,   1.010,9999.000,9999.000,9999.000,9999.000,9999.000,9999.000,9999.000
202604121612,   0.887,   0.970,9999.000,9999.000,9999.000,9999.000,9999.000,9999.000,9999.000
202604121618,   0.854,   0.941,9999.000,9999.000,9999.000,9999.000,9999.000,9999.000,9999.000
202604121624,   0.822,   0.908,9999.000,9999.000,9999.000,9999.000,9999.000,9999.000,9999.000
202604121630,   0.792,   0.888,9999.000,9999.000,9999.000,9999.000,9999.000,9999.000,9999.000
202604121636,   0.762,   0.869,9999.000,9999.000,9999.000,9999.000,9999.000,9999.000,9999.000
202604121642,   0.734,   0.839,9999.000,9999.000,9999.000,9999.000,9999.000,9999.000,9999.000
202604121648,   0.707,   0.800,9999.000,9999.000,9999.000,9999.000,9999.000,9999.000,9999.000
202604121654,   0.681,   0.770,9999.000,9999.000,9999.000,9999.000,9999.000,9999.000,9999.000
202604121700,   0.656,   0.751,   0.100,  -0.005,   0.751,   0.100,   0.751,   0.200,   0.851
202604121706,   0.633,   0.741,9999.000,9999.000,9999.000,9999.000,9999.000,9999.000,9999.000
202604121712,   0.611,   0.708,9999.000,9999.000,9999.000,9999.000,9999.000,9999.000,9999.000
202604121718,   0.590,   0.688,9999.000,9999.000,9999.000,9999.000,9999.000,9999.000,9999.000
202604121724,   0.570,   0.669,9999.000,9999.000,9999.000,9999.000,9999.000,9999.000,9999.000
202604121730,   0.551,   0.659,9999.000,9999.000,9999.000,9999.000,9999.000,9999.000,9999.000
202604121736,   0.533,   0.639,9999.000,9999.000,9999.000,9999.000,9999.000,9999.000,9999.000
202604121742,   0.517,   0.629,9999.000,9999.000,9999.000,9999.000,9999.000,9999.000,9999.000
202604121748,   0.501,   0.619,9999.000,9999.000,9999.000,9999.000,9999.000,9999.000,9999.000
202604121754,   0.487,   0.600,9999.000,9999.000,9999.000,9999.000,9999.000,9999.000,9999.000
202604121800,   0.474,   0.580,   0.200,  -0.094,   0.580,   0.100,   0.480,   0.200,   0.580
202604121806,   0.462,   0.580,9999.000,9999.000,9999.000,9999.000,9999.000,9999.000,9999.000
202604121812,   0.450,   0.560,9999.000,9999.000,9999.000,9999.000,9999.000,9999.000,9999.000
202604121818,   0.440,   0.560,9999.000,9999.000,9999.000,9999.000,9999.000,9999.000,9999.000
202604121824,   0.431,   0.551,9999.000,9999.000,9999.000,9999.000,9999.000,9999.000,9999.000
202604121830,   0.424,   0.541,9999.000,9999.000,9999.000,9999.000,9999.000,9999.000,9999.000
202604121836,   0.417,   0.551,9999.000,9999.000,9999.000,9999.000,9999.000,9999.000,9999.000
202604121842,   0.412,   0.541,9999.000,9999.000,9999.000,9999.000,9999.000,9999.000,9999.000
202604121848,   0.408,   0.541,9999.000,9999.000,9999.000,9999.000,9999.000,9999.000,9999.000
202604121854,   0.406,   0.531,9999.000,9999.000,9999.000,9999.000,9999.000,9999.000,9999.000
202604121900,   0.406,   0.531,   0.200,  -0.075,   0.531,   0.100,   0.431,   0.200,   0.531
202604121906,   0.407,   0.541,9999.000,9999.000,9999.000,9999.000,9999.000,9999.000,9999.000
202604121912,   0.410,   0.541,9999.000,9999.000,9999.000,9999.000,9999.000,9999.000,9999.000
202604121918,   0.414,   0.560,9999.000,9999.000,9999.000,9999.000,9999.000,9999.000,9999.000
202604121924,   0.421,   0.580,9999.000,9999.000,9999.000,9999.000,9999.000,9999.000,9999.000
202604121930,   0.430,   0.600,9999.000,9999.000,9999.000,9999.000,9999.000,9999.000,9999.000
202604121936,   0.441,   0.619,9999.000,9999.000,9999.000,9999.000,9999.000,9999.000,9999.000
202604121942,   0.454,   0.639,9999.000,9999.000,9999.000,9999.000,9999.000,9999.000,9999.000
202604121948,   0.470,   0.659,9999.000,9999.000,9999.000,9999.000,9999.000,9999.000,9999.000
202604121954,   0.488,   0.678,9999.000,9999.000,9999.000,9999.000,9999.000,9999.000,9999.000
202604122000,   0.508,   0.731,   0.200,   0.023,   0.731,   0.100,   0.631,   0.200,   0.731
202604122006,   0.530,   0.751,9999.000,9999.000,9999.000,9999.000,9999.000,9999.000,9999.000
202604122012,   0.554,   0.780,9999.000,9999.000,9999.000,9999.000,9999.000,9999.000,9999.000
202604122018,   0.581,   0.810,9999.000,9999.000,9999.000,9999.000,9999.000,9999.000,9999.000
202604122024,   0.610,   0.849,9999.000,9999.000,9999.000,9999.000,9999.000,9999.000,9999.000
202604122030,   0.641,   0.898,9999.000,9999.000,9999.000,9999.000,9999.000,9999.000,9999.000
202604122036,   0.673,   0.918,9999.000,9999.000,9999.000,9999.000,9999.000,9999.000,9999.000
202604122042,   0.708,   0.961,9999.000,9999.000,9999.000,9999.000,9999.000,9999.000,9999.000
202604122048,   0.744,   1.000,9999.000,9999.000,9999.000,9999.000,9999.000,9999.000,9999.000
202604122054,   0.781,   1.049,9999.000,9999.000,9999.000,9999.000,9999.000,9999.000,9999.000
202604122100,   0.820,   1.079,   0.200,   0.059,   1.079,   0.200,   1.079,   0.200,   1.079
202604122106,   0.859,   1.118,9999.000,9999.000,9999.000,9999.000,9999.000,9999.000,9999.000
202604122112,   0.900,   1.170,9999.000,9999.000,9999.000,9999.000,9999.000,9999.000,9999.000
202604122118,   0.941,   1.210,9999.000,9999.000,9999.000,9999.000,9999.000,9999.000,9999.000
202604122124,   0.982,   1.249,9999.000,9999.000,9999.000,9999.000,9999.000,9999.000,9999.000
202604122130,   1.024,   1.298,9999.000,9999.000,9999.000,9999.000,9999.000,9999.000,9999.000
202604122136,   1.066,   1.328,9999.000,9999.000,9999.000,9999.000,9999.000,9999.000,9999.000
202604122142,   1.107,   1.380,9999.000,9999.000,9999.000,9999.000,9999.000,9999.000,9999.000
202604122148,   1.148,   1.430,9999.000,9999.000,9999.000,9999.000,9999.000,9999.000,9999.000
202604122154,   1.189,   1.459,9999.000,9999.000,9999.000,9999.000,9999.000,9999.000,9999.000
202604122200,   1.229,   1.498,   0.200,   0.069,   1.498,   0.200,   1.498,   0.200,   1.498
202604122206,   1.268,   1.557,9999.000,9999.000,9999.000,9999.000,9999.000,9999.000,9999.000
202604122212,   1.306,   1.580,9999.000,9999.000,9999.000,9999.000,9999.000,9999.000,9999.000
202604122218,   1.343,   1.630,9999.000,9999.000,9999.000,9999.000,9999.000,9999.000,9999.000
202604122224,   1.379,   1.669,9999.000,9999.000,9999.000,9999.000,9999.000,9999.000,9999.000
202604122230,   1.414,   1.708,9999.000,9999.000,9999.000,9999.000,9999.000,9999.000,9999.000
202604122236,   1.447,   1.728,9999.000,9999.000,9999.000,9999.000,9999.000,9999.000,9999.000
202604122242,   1.479,   1.767,9999.000,9999.000,9999.000,9999.000,9999.000,9999.000,9999.000
202604122248,   1.510,   1.810,9999.000,9999.000,9999.000,9999.000,9999.000,9999.000,9999.000
202604122254,   1.539,   1.840,9999.000,9999.000,9999.000,9999.000,9999.000,9999.000,9999.000
202604122300,   1.567,   1.869,   0.200,   0.102,   1.869,   0.200,   1.869,   0.300,   1.969
202604122306,   1.594,   1.889,9999.000,9999.000,9999.000,9999.000,9999.000,9999.000,9999.000
202604122312,   1.619,   1.928,9999.000,9999.000,9999.000,9999.000,9999.000,9999.000,9999.000
202604122318,   1.642,   1.948,9999.000,9999.000,9999.000,9999.000,9999.000,9999.000,9999.000
202604122324,   1.664,   1.967,9999.000,9999.000,9999.000,9999.000,9999.000,9999.000,9999.000
202604122330,   1.685,   2.010,9999.000,9999.000,9999.000,9999.000,9999.000,9999.000,9999.000
202604122336,   1.704,   2.030,9999.000,9999.000,9999.000,9999.000,9999.000,9999.000,9999.000
202604122342,   1.722,   2.040,9999.000,9999.000,9999.000,9999.000,9999.000,9999.000,9999.000
202604122348,   1.739,   2.059,9999.000,9999.000,9999.000,9999.000,9999.000,9999.000,9999.000
202604122354,   1.754,   2.099,9999.000,9999.000,9999.000,9999.000,9999.000,9999.000,9999.000
202604130000,   1.767,   2.109,   0.300,   0.042,   2.109,   0.200,   2.009,   0.300,   2.109
202604130006,   1.780,   2.118,9999.000,9999.000,9999.000,9999.000,9999.000,9999.000,9999.000
202604130012,   1.791,   2.128,9999.000,9999.000,9999.000,9999.000,9999.000,9999.000,9999.000
202604130018,   1.800,   2.138,9999.000,9999.000,9999.000,9999.000,9999.000,9999.000,9999.000
202604130024,   1.808,   2.148,9999.000,9999.000,9999.000,9999.000,9999.000,9999.000,9999.000
202604130030,   1.815,   2.158,9999.000,9999.000,9999.000,9999.000,9999.000,9999.000,9999.000
202604130036,   1.820,   2.168,9999.000,9999.000,9999.000,9999.000,9999.000,9999.000,9999.000
202604130042,   1.823,   2.168,9999.000,9999.000,9999.000,9999.000,9999.000,9999.000,9999.000
202604130048,   1.826,   2.177,9999.000,9999.000,9999.000,9999.000,9999.000,9999.000,9999.000
202604130054,   1.826,   2.177,9999.000,9999.000,9999.000,9999.000,9999.000,9999.000,9999.000
202604130100,   1.825,   2.177,   0.300,   0.052,   2.177,   0.200,   2.077,   0.300,   2.177
202604130106,   1.822,   2.177,9999.000,9999.000,9999.000,9999.000,9999.000,9999.000,9999.000
202604130112,   1.818,   2.177,9999.000,9999.000,9999.000,9999.000,9999.000,9999.000,9999.000
202604130118,   1.812,   2.177,9999.000,9999.000,9999.000,9999.000,9999.000,9999.000,9999.000
202604130124,   1.804,   2.177,9999.000,9999.000,9999.000,9999.000,9999.000,9999.000,9999.000
202604130130,   1.795,   2.168,9999.000,9999.000,9999.000,9999.000,9999.000,9999.000,9999.000
202604130136,   1.783,   2.168,9999.000,9999.000,9999.000,9999.000,9999.000,9999.000,9999.000
202604130142,   1.770,   2.158,9999.000,9999.000,9999.000,9999.000,9999.000,9999.000,9999.000
202604130148,   1.756,   2.138,9999.000,9999.000,9999.000,9999.000,9999.000,9999.000,9999.000
202604130154,   1.739,   2.118,9999.000,9999.000,9999.000,9999.000,9999.000,9999.000,9999.000
202604130200,   1.721,   2.099,   0.300,   0.078,   2.099,   0.200,   1.999,   0.300,   2.099
202604130206,   1.700,   2.089,9999.000,9999.000,9999.000,9999.000,9999.000,9999.000,9999.000
202604130212,   1.678,   2.069,9999.000,9999.000,9999.000,9999.000,9999.000,9999.000,9999.000
202604130218,   1.655,   2.049,9999.000,9999.000,9999.000,9999.000,9999.000,9999.000,9999.000
202604130224,   1.629,   2.020,9999.000,9999.000,9999.000,9999.000,9999.000,9999.000,9999.000
202604130230,   1.602,   1.981,9999.000,9999.000,9999.000,9999.000,9999.000,9999.000,9999.000
202604130236,   1.574,   1.967,9999.000,9999.000,9999.000,9999.000,9999.000,9999.000,9999.000
202604130242,   1.543,   1.938,9999.000,9999.000,9999.000,9999.000,9999.000,9999.000,9999.000
202604130248,   1.512,   1.908,9999.000,9999.000,9999.000,9999.000,9999.000,9999.000,9999.000
202604130254,   1.479,   1.869,9999.000,9999.000,9999.000,9999.000,9999.000,9999.000,9999.000
202604130300,   1.444,   1.840,   0.300,   0.096,   1.840,   0.200,   1.740,   0.300,   1.840
202604130306,   1.409,   1.810,9999.000,9999.000,9999.000,9999.000,9999.000,9999.000,9999.000
202604130312,   1.373,   1.767,9999.000,9999.000,9999.000,9999.000,9999.000,9999.000,9999.000
202604130318,   1.335,   1.738,9999.000,9999.000,9999.000,9999.000,9999.000,9999.000,9999.000
202604130324,   1.297,   1.689,9999.000,9999.000,9999.000,9999.000,9999.000,9999.000,9999.000
202604130330,   1.258,   1.659,9999.000,9999.000,9999.000,9999.000,9999.000,9999.000,9999.000
202604130336,   1.219,   1.620,9999.000,9999.000,9999.000,9999.000,9999.000,9999.000,9999.000
202604130342,   1.179,   1.590,9999.000,9999.000,9999.000,9999.000,9999.000,9999.000,9999.000
202604130348,   1.139,   1.548,9999.000,9999.000,9999.000,9999.000,9999.000,9999.000,9999.000
202604130354,   1.100,   1.518,9999.000,9999.000,9999.000,9999.000,9999.000,9999.000,9999.000
202604130400,   1.060,   1.479,   0.300,   0.119,   1.479,   0.200,   1.379,   0.300,   1.479
202604130406,   1.020,   1.449,9999.000,9999.000,9999.000,9999.000,9999.000,9999.000,9999.000
202604130412,   0.981,   1.410,9999.000,9999.000,9999.000,9999.000,9999.000,9999.000,9999.000
202604130418,   0.943,   1.380,9999.000,9999.000,9999.000,9999.000,9999.000,9999.000,9999.000
202604130424,   0.905,   1.338,9999.000,9999.000,9999.000,9999.000,9999.000,9999.000,9999.000
202604130430,   0.868,   1.308,9999.000,9999.000,9999.000,9999.000,9999.000,9999.000,9999.000
202604130436,   0.832,   1.279,9999.000,9999.000,9999.000,9999.000,9999.000,9999.000,9999.000
202604130442,   0.797,   1.239,9999.000,9999.000,9999.000,9999.000,9999.000,9999.000,9999.000
202604130448,   0.764,   1.210,9999.000,9999.000,9999.000,9999.000,9999.000,9999.000,9999.000
202604130454,   0.731,   1.170,9999.000,9999.000,9999.000,9999.000,9999.000,9999.000,9999.000
202604130500,   0.700,   1.151,   0.300,   0.151,   1.151,   0.200,   1.051,   0.300,   1.151
202604130506,   0.670,   1.108,9999.000,9999.000,9999.000,9999.000,9999.000,9999.000,9999.000
202604130512,   0.641,   1.079,9999.000,9999.000,9999.000,9999.000,9999.000,9999.000,9999.000
202604130518,   0.614,   1.049,9999.000,9999.000,9999.000,9999.000,9999.000,9999.000,9999.000
202604130524,   0.588,   1.029,9999.000,9999.000,9999.000,9999.000,9999.000,9999.000,9999.000
202604130530,   0.564,   1.000,9999.000,9999.000,9999.000,9999.000,9999.000,9999.000,9999.000
202604130536,   0.541,   0.980,9999.000,9999.000,9999.000,9999.000,9999.000,9999.000,9999.000
202604130542,   0.519,   0.961,9999.000,9999.000,9999.000,9999.000,9999.000,9999.000,9999.000
202604130548,   0.499,   0.918,9999.000,9999.000,9999.000,9999.000,9999.000,9999.000,9999.000
202604130554,   0.480,   0.898,9999.000,9999.000,9999.000,9999.000,9999.000,9999.000,9999.000
202604130600,   0.462,   0.879,   0.300,   0.117,   0.879,   0.300,   0.879,   0.400,   0.979
202604130606,   0.445,   0.859,9999.000,9999.000,9999.000,9999.000,9999.000,9999.000,9999.000
202604130612,   0.430,   0.839,9999.000,9999.000,9999.000,9999.000,9999.000,9999.000,9999.000
202604130618,   0.416,   0.819,9999.000,9999.000,9999.000,9999.000,9999.000,9999.000,9999.000
202604130624,   0.404,   0.810,9999.000,9999.000,9999.000,9999.000,9999.000,9999.000,9999.000
202604130630,   0.392,   0.790,9999.000,9999.000,9999.000,9999.000,9999.000,9999.000,9999.000
202604130636,   0.382,   0.780,9999.000,9999.000,9999.000,9999.000,9999.000,9999.000,9999.000
202604130642,   0.373,   0.751,9999.000,9999.000,9999.000,9999.000,9999.000,9999.000,9999.000
202604130648,   0.365,   0.741,9999.000,9999.000,9999.000,9999.000,9999.000,9999.000,9999.000
202604130654,   0.359,   0.718,9999.000,9999.000,9999.000,9999.000,9999.000,9999.000,9999.000
202604130700,   0.354,   0.708,   0.300,   0.054,   0.708,   0.300,   0.708,   0.300,   0.708
202604130706,   0.350,   0.698,9999.000,9999.000,9999.000,9999.000,9999.000,9999.000,9999.000
202604130712,   0.348,   0.678,9999.000,9999.000,9999.000,9999.000,9999.000,9999.000,9999.000
202604130718,   0.348,   0.678,9999.000,9999.000,9999.000,9999.000,9999.000,9999.000,9999.000
202604130724,   0.349,   0.669,9999.000,9999.000,9999.000,9999.000,9999.000,9999.000,9999.000
202604130730,   0.353,   0.659,9999.000,9999.000,9999.000,9999.000,9999.000,9999.000,9999.000
202604130736,   0.358,   0.649,9999.000,9999.000,9999.000,9999.000,9999.000,9999.000,9999.000
202604130742,   0.365,   0.649,9999.000,9999.000,9999.000,9999.000,9999.000,9999.000,9999.000
202604130748,   0.374,   0.639,9999.000,9999.000,9999.000,9999.000,9999.000,9999.000,9999.000
202604130754,   0.385,   0.639,9999.000,9999.000,9999.000,9999.000,9999.000,9999.000,9999.000
202604130800,   0.398,   0.629,   0.300,  -0.069,   0.629,   0.300,   0.629,   0.300,   0.629
202604130806,   0.414,   0.629,9999.000,9999.000,9999.000,9999.000,9999.000,9999.000,9999.000
202604130812,   0.432,   0.619,9999.000,9999.000,9999.000,9999.000,9999.000,9999.000,9999.000
202604130818,   0.453,   0.610,9999.000,9999.000,9999.000,9999.000,9999.000,9999.000,9999.000
202604130824,   0.475,   0.629,9999.000,9999.000,9999.000,9999.000,9999.000,9999.000,9999.000
202604130830,   0.500,   0.639,9999.000,9999.000,9999.000,9999.000,9999.000,9999.000,9999.000
202604130836,   0.527,   0.649,9999.000,9999.000,9999.000,9999.000,9999.000,9999.000,9999.000
202604130842,   0.557,   0.659,9999.000,9999.000,9999.000,9999.000,9999.000,9999.000,9999.000
202604130848,   0.589,   0.678,9999.000,9999.000,9999.000,9999.000,9999.000,9999.000,9999.000
202604130854,   0.622,   0.698,9999.000,9999.000,9999.000,9999.000,9999.000,9999.000,9999.000
202604130900,   0.658,   0.731,   0.300,  -0.227,   0.731,   0.200,   0.631,   0.300,   0.731
202604130906,   0.695,   0.751,9999.000,9999.000,9999.000,9999.000,9999.000,9999.000,9999.000
202604130912,   0.734,   0.790,9999.000,9999.000,9999.000,9999.000,9999.000,9999.000,9999.000
202604130918,   0.774,   0.829,9999.000,9999.000,9999.000,9999.000,9999.000,9999.000,9999.000
202604130924,   0.816,   0.869,9999.000,9999.000,9999.000,9999.000,9999.000,9999.000,9999.000
202604130930,   0.859,   0.898,9999.000,9999.000,9999.000,9999.000,9999.000,9999.000,9999.000
202604130936,   0.902,   0.928,9999.000,9999.000,9999.000,9999.000,9999.000,9999.000,9999.000
202604130942,   0.946,   0.970,9999.000,9999.000,9999.000,9999.000,9999.000,9999.000,9999.000
202604130948,   0.991,   1.000,9999.000,9999.000,9999.000,9999.000,9999.000,9999.000,9999.000
202604130954,   1.035,   1.049,9999.000,9999.000,9999.000,9999.000,9999.000,9999.000,9999.000
202604131000,   1.080,   1.079,   0.200,  -0.201,   1.079,   0.200,   1.079,   0.300,   1.179
202604131006,   1.125,   1.118,9999.000,9999.000,9999.000,9999.000,9999.000,9999.000,9999.000
202604131012,   1.169,   1.180,9999.000,9999.000,9999.000,9999.000,9999.000,9999.000,9999.000
202604131018,   1.212,   1.190,9999.000,9999.000,9999.000,9999.000,9999.000,9999.000,9999.000
202604131024,   1.255,   1.229,9999.000,9999.000,9999.000,9999.000,9999.000,9999.000,9999.000
202604131030,   1.297,   1.259,9999.000,9999.000,9999.000,9999.000,9999.000,9999.000,9999.000
202604131036,   1.338,   1.328,9999.000,9999.000,9999.000,9999.000,9999.000,9999.000,9999.000
202604131042,   1.378,   1.361,9999.000,9999.000,9999.000,9999.000,9999.000,9999.000,9999.000
202604131048,   1.416,   1.400,9999.000,9999.000,9999.000,9999.000,9999.000,9999.000,9999.000
202604131054,   1.453,   1.430,9999.000,9999.000,9999.000,9999.000,9999.000,9999.000,9999.000
202604131100,   1.489,   1.469,   0.200,  -0.220,   1.469,   0.200,   1.469,   0.200,   1.469
202604131106,   1.524,   1.498,9999.000,9999.000,9999.000,9999.000,9999.000,9999.000,9999.000
202604131112,   1.557,   1.538,9999.000,9999.000,9999.000,9999.000,9999.000,9999.000,9999.000
202604131118,   1.588,   1.580,9999.000,9999.000,9999.000,9999.000,9999.000,9999.000,9999.000
202604131124,   1.618,   1.610,9999.000,9999.000,9999.000,9999.000,9999.000,9999.000,9999.000
202604131130,   1.646,   1.630,9999.000,9999.000,9999.000,9999.000,9999.000,9999.000,9999.000
202604131136,   1.673,   1.649,9999.000,9999.000,9999.000,9999.000,9999.000,9999.000,9999.000
202604131142,   1.698,   1.679,9999.000,9999.000,9999.000,9999.000,9999.000,9999.000,9999.000
202604131148,   1.722,   1.708,9999.000,9999.000,9999.000,9999.000,9999.000,9999.000,9999.000
202604131154,   1.744,   1.728,9999.000,9999.000,9999.000,9999.000,9999.000,9999.000,9999.000
202604131200,   1.765,   1.748,   0.200,  -0.217,   1.748,   0.200,   1.748,   0.300,   1.848
202604131206,   1.784,   1.767,9999.000,9999.000,9999.000,9999.000,9999.000,9999.000,9999.000
202604131212,   1.801,   1.800,9999.000,9999.000,9999.000,9999.000,9999.000,9999.000,9999.000
202604131218,   1.817,   1.810,9999.000,9999.000,9999.000,9999.000,9999.000,9999.000,9999.000
202604131224,   1.832,   1.830,9999.000,9999.000,9999.000,9999.000,9999.000,9999.000,9999.000
202604131230,   1.845,   1.830,9999.000,9999.000,9999.000,9999.000,9999.000,9999.000,9999.000
202604131236,   1.857,   1.859,9999.000,9999.000,9999.000,9999.000,9999.000,9999.000,9999.000
202604131242,   1.867,   1.859,9999.000,9999.000,9999.000,9999.000,9999.000,9999.000,9999.000
202604131248,   1.875,   1.849,9999.000,9999.000,9999.000,9999.000,9999.000,9999.000,9999.000
202604131254,   1.882,   1.879,9999.000,9999.000,9999.000,9999.000,9999.000,9999.000,9999.000
202604131300,   1.888,   1.889,   0.200,  -0.199,   1.889,   0.200,   1.889,   0.200,   1.889
202604131306,   1.891,   1.889,9999.000,9999.000,9999.000,9999.000,9999.000,9999.000,9999.000
202604131312,   1.894,   1.889,9999.000,9999.000,9999.000,9999.000,9999.000,9999.000,9999.000
202604131318,   1.894,   1.879,9999.000,9999.000,9999.000,9999.000,9999.000,9999.000,9999.000
202604131324,   1.893,   1.859,9999.000,9999.000,9999.000,9999.000,9999.000,9999.000,9999.000
202604131330,   1.890,   1.859,9999.000,9999.000,9999.000,9999.000,9999.000,9999.000,9999.000
202604131336,   1.886,   1.859,9999.000,9999.000,9999.000,9999.000,9999.000,9999.000,9999.000
202604131342,   1.880,   1.830,9999.000,9999.000,9999.000,9999.000,9999.000,9999.000,9999.000
202604131348,   1.872,   1.849,9999.000,9999.000,9999.000,9999.000,9999.000,9999.000,9999.000
202604131354,   1.862,   1.820,9999.000,9999.000,9999.000,9999.000,9999.000,9999.000,9999.000
202604131400,   1.850,   1.820,   0.200,  -0.230,   1.820,   0.200,   1.820,   0.200,   1.820
202604131406,   1.837,9999.000,9999.000,9999.000,9999.000,9999.000,9999.000,9999.000,9999.000
202604131412,   1.821,9999.000,9999.000,9999.000,9999.000,9999.000,9999.000,9999.000,9999.000
202604131418,   1.804,9999.000,9999.000,9999.000,9999.000,9999.000,9999.000,9999.000,9999.000
202604131424,   1.785,9999.000,9999.000,9999.000,9999.000,9999.000,9999.000,9999.000,9999.000
202604131430,   1.765,9999.000,9999.000,9999.000,9999.000,9999.000,9999.000,9999.000,9999.000
202604131436,   1.742,9999.000,9999.000,9999.000,9999.000,9999.000,9999.000,9999.000,9999.000
202604131442,   1.718,9999.000,9999.000,9999.000,9999.000,9999.000,9999.000,9999.000,9999.000
202604131448,   1.691,9999.000,9999.000,9999.000,9999.000,9999.000,9999.000,9999.000,9999.000
202604131454,   1.664,9999.000,9999.000,9999.000,9999.000,9999.000,9999.000,9999.000,9999.000
202604131500,   1.634,   1.580,   0.200,  -0.254,   1.580,   0.100,   1.480,   0.200,   1.580
202604131506,   1.603,   1.580,9999.000,9999.000,9999.000,9999.000,9999.000,9999.000,9999.000
202604131512,   1.571,   1.538,9999.000,9999.000,9999.000,9999.000,9999.000,9999.000,9999.000
202604131518,   1.537,   1.518,9999.000,9999.000,9999.000,9999.000,9999.000,9999.000,9999.000
202604131524,   1.501,   1.469,9999.000,9999.000,9999.000,9999.000,9999.000,9999.000,9999.000
202604131530,   1.465,   1.430,9999.000,9999.000,9999.000,9999.000,9999.000,9999.000,9999.000
202604131536,   1.427,   1.400,9999.000,9999.000,9999.000,9999.000,9999.000,9999.000,9999.000
202604131542,   1.389,   1.380,9999.000,9999.000,9999.000,9999.000,9999.000,9999.000,9999.000
202604131548,   1.349,   1.318,9999.000,9999.000,9999.000,9999.000,9999.000,9999.000,9999.000
202604131554,   1.309,   1.279,9999.000,9999.000,9999.000,9999.000,9999.000,9999.000,9999.000
202604131600,   1.269,   1.259,   0.100,  -0.110,   1.259,   0.100,   1.259,   0.200,   1.359
202604131606,   1.228,   1.210,9999.000,9999.000,9999.000,9999.000,9999.000,9999.000,9999.000
202604131612,   1.187,   1.161,9999.000,9999.000,9999.000,9999.000,9999.000,9999.000,9999.000
202604131618,   1.145,   1.128,9999.000,9999.000,9999.000,9999.000,9999.000,9999.000,9999.000
202604131624,   1.104,   1.079,9999.000,9999.000,9999.000,9999.000,9999.000,9999.000,9999.000
202604131630,   1.063,   1.049,9999.000,9999.000,9999.000,9999.000,9999.000,9999.000,9999.000
202604131636,   1.022,   1.000,9999.000,9999.000,9999.000,9999.000,9999.000,9999.000,9999.000
202604131642,   0.982,   0.970,9999.000,9999.000,9999.000,9999.000,9999.000,9999.000,9999.000
202604131648,   0.942,   0.928,9999.000,9999.000,9999.000,9999.000,9999.000,9999.000,9999.000
202604131654,   0.903,   0.859,9999.000,9999.000,9999.000,9999.000,9999.000,9999.000,9999.000
202604131700,   0.865,   0.829,   0.100,  -0.136,   0.829,   0.100,   0.829,   0.100,   0.829
202604131706,   0.828,   0.790,9999.000,9999.000,9999.000,9999.000,9999.000,9999.000,9999.000
202604131712,   0.793,   0.770,9999.000,9999.000,9999.000,9999.000,9999.000,9999.000,9999.000
202604131718,   0.758,   0.741,9999.000,9999.000,9999.000,9999.000,9999.000,9999.000,9999.000
202604131724,   0.724,   0.688,9999.000,9999.000,9999.000,9999.000,9999.000,9999.000,9999.000
202604131730,   0.692,   0.669,9999.000,9999.000,9999.000,9999.000,9999.000,9999.000,9999.000
202604131736,   0.661,   0.639,9999.000,9999.000,9999.000,9999.000,9999.000,9999.000,9999.000
202604131742,   0.631,   0.610,9999.000,9999.000,9999.000,9999.000,9999.000,9999.000,9999.000
202604131748,   0.603,   0.560,9999.000,9999.000,9999.000,9999.000,9999.000,9999.000,9999.000
202604131754,   0.576,   0.518,9999.000,9999.000,9999.000,9999.000,9999.000,9999.000,9999.000
202604131800,   0.551,   0.498,   0.100,  -0.153,   0.498,   0.000,   0.398,   0.100,   0.498
202604131806,   0.527,   0.478,9999.000,9999.000,9999.000,9999.000,9999.000,9999.000,9999.000
202604131812,   0.504,   0.449,9999.000,9999.000,9999.000,9999.000,9999.000,9999.000,9999.000
202604131818,   0.482,   0.419,9999.000,9999.000,9999.000,9999.000,9999.000,9999.000,9999.000
202604131824,   0.462,   0.409,9999.000,9999.000,9999.000,9999.000,9999.000,9999.000,9999.000
202604131830,   0.443,   0.380,9999.000,9999.000,9999.000,9999.000,9999.000,9999.000,9999.000
202604131836,   0.425,   0.360,9999.000,9999.000,9999.000,9999.000,9999.000,9999.000,9999.000
202604131842,   0.409,   0.331,9999.000,9999.000,9999.000,9999.000,9999.000,9999.000,9999.000
202604131848,   0.393,   0.308,9999.000,9999.000,9999.000,9999.000,9999.000,9999.000,9999.000
202604131854,   0.379,   0.278,9999.000,9999.000,9999.000,9999.000,9999.000,9999.000,9999.000
202604131900,   0.367,   0.268,   0.000,  -0.099,   0.268,   0.000,   0.268,   0.100,   0.368
202604131906,   0.355,   0.268,9999.000,9999.000,9999.000,9999.000,9999.000,9999.000,9999.000
202604131912,   0.345,   0.249,9999.000,9999.000,9999.000,9999.000,9999.000,9999.000,9999.000
202604131918,   0.336,   0.239,9999.000,9999.000,9999.000,9999.000,9999.000,9999.000,9999.000
202604131924,   0.329,   0.219,9999.000,9999.000,9999.000,9999.000,9999.000,9999.000,9999.000
202604131930,   0.323,   0.219,9999.000,9999.000,9999.000,9999.000,9999.000,9999.000,9999.000
202604131936,   0.319,   0.200,9999.000,9999.000,9999.000,9999.000,9999.000,9999.000,9999.000
202604131942,   0.317,   0.200,9999.000,9999.000,9999.000,9999.000,9999.000,9999.000,9999.000
202604131948,   0.316,   0.180,9999.000,9999.000,9999.000,9999.000,9999.000,9999.000,9999.000
202604131954,   0.317,   0.160,9999.000,9999.000,9999.000,9999.000,9999.000,9999.000,9999.000
202604132000,   0.320,   0.160,   0.000,  -0.160,   0.160,   0.000,   0.160,   0.000,   0.160
202604132006,   0.326,   0.160,9999.000,9999.000,9999.000,9999.000,9999.000,9999.000,9999.000
202604132012,   0.333,   0.160,9999.000,9999.000,9999.000,9999.000,9999.000,9999.000,9999.000
202604132018,   0.343,   0.170,9999.000,9999.000,9999.000,9999.000,9999.000,9999.000,9999.000
202604132024,   0.355,   0.170,9999.000,9999.000,9999.000,9999.000,9999.000,9999.000,9999.000
202604132030,   0.370,   0.180,9999.000,9999.000,9999.000,9999.000,9999.000,9999.000,9999.000
202604132036,   0.387,   0.190,9999.000,9999.000,9999.000,9999.000,9999.000,9999.000,9999.000
202604132042,   0.406,   0.180,9999.000,9999.000,9999.000,9999.000,9999.000,9999.000,9999.000
202604132048,   0.429,   0.200,9999.000,9999.000,9999.000,9999.000,9999.000,9999.000,9999.000
202604132054,   0.453,   0.239,9999.000,9999.000,9999.000,9999.000,9999.000,9999.000,9999.000
202604132100,   0.480,   0.259,   0.000,  -0.221,   0.259,   0.000,   0.259,   0.000,   0.259
202604132106,   0.510,   0.298,9999.000,9999.000,9999.000,9999.000,9999.000,9999.000,9999.000
202604132112,   0.542,   0.321,9999.000,9999.000,9999.000,9999.000,9999.000,9999.000,9999.000
202604132118,   0.576,   0.360,9999.000,9999.000,9999.000,9999.000,9999.000,9999.000,9999.000
202604132124,   0.612,   0.419,9999.000,9999.000,9999.000,9999.000,9999.000,9999.000,9999.000
202604132130,   0.650,   0.449,9999.000,9999.000,9999.000,9999.000,9999.000,9999.000,9999.000
202604132136,   0.690,   0.459,9999.000,9999.000,9999.000,9999.000,9999.000,9999.000,9999.000
202604132142,   0.732,   0.508,9999.000,9999.000,9999.000,9999.000,9999.000,9999.000,9999.000
202604132148,   0.775,   0.570,9999.000,9999.000,9999.000,9999.000,9999.000,9999.000,9999.000
202604132154,   0.820,   0.619,9999.000,9999.000,9999.000,9999.000,9999.000,9999.000,9999.000
202604132200,   0.866,   0.659,   0.000,  -0.207,   0.659,   0.000,   0.659,   0.000,   0.659
202604132206,   0.912,   0.698,9999.000,9999.000,9999.000,9999.000,9999.000,9999.000,9999.000
202604132212,   0.959,   0.760,9999.000,9999.000,9999.000,9999.000,9999.000,9999.000,9999.000
202604132218,   1.007,   0.790,9999.000,9999.000,9999.000,9999.000,9999.000,9999.000,9999.000
202604132224,   1.054,   0.839,9999.000,9999.000,9999.000,9999.000,9999.000,9999.000,9999.000
202604132230,   1.102,   0.888,9999.000,9999.000,9999.000,9999.000,9999.000,9999.000,9999.000
202604132236,   1.149,   0.941,9999.000,9999.000,9999.000,9999.000,9999.000,9999.000,9999.000
202604132242,   1.196,   0.980,9999.000,9999.000,9999.000,9999.000,9999.000,9999.000,9999.000
202604132248,   1.243,   1.029,9999.000,9999.000,9999.000,9999.000,9999.000,9999.000,9999.000
202604132254,   1.289,   1.069,9999.000,9999.000,9999.000,9999.000,9999.000,9999.000,9999.000
202604132300,   1.333,   1.118,   0.000,  -0.215,   1.118,   0.000,   1.118,   0.000,   1.118
202604132306,   1.377,   1.161,9999.000,9999.000,9999.000,9999.000,9999.000,9999.000,9999.000
202604132312,   1.420,   1.200,9999.000,9999.000,9999.000,9999.000,9999.000,9999.000,9999.000
202604132318,   1.461,   1.239,9999.000,9999.000,9999.000,9999.000,9999.000,9999.000,9999.000
202604132324,   1.501,   1.289,9999.000,9999.000,9999.000,9999.000,9999.000,9999.000,9999.000
202604132330,   1.540,   1.318,9999.000,9999.000,9999.000,9999.000,9999.000,9999.000,9999.000
202604132336,   1.577,   1.361,9999.000,9999.000,9999.000,9999.000,9999.000,9999.000,9999.000
202604132342,   1.613,   1.400,9999.000,9999.000,9999.000,9999.000,9999.000,9999.000,9999.000
202604132348,   1.647,   1.439,9999.000,9999.000,9999.000,9999.000,9999.000,9999.000,9999.000
202604132354,   1.679,   1.469,9999.000,9999.000,9999.000,9999.000,9999.000,9999.000,9999.000
202604140000,   1.710,   1.508,   0.000,  -0.202,   1.508,   0.000,   1.508,   0.000,   1.508
202604140006,   1.739,   1.548,9999.000,9999.000,9999.000,9999.000,9999.000,9999.000,9999.000
202604140012,   1.766,   1.580,9999.000,9999.000,9999.000,9999.000,9999.000,9999.000,9999.000
202604140018,   1.792,   1.610,9999.000,9999.000,9999.000,9999.000,9999.000,9999.000,9999.000
202604140024,   1.817,   1.639,9999.000,9999.000,9999.000,9999.000,9999.000,9999.000,9999.000
202604140030,   1.839,   1.659,9999.000,9999.000,9999.000,9999.000,9999.000,9999.000,9999.000
202604140036,   1.860,   1.679,9999.000,9999.000,9999.000,9999.000,9999.000,9999.000,9999.000
202604140042,   1.879,   1.708,9999.000,9999.000,9999.000,9999.000,9999.000,9999.000,9999.000
202604140048,   1.897,   1.728,9999.000,9999.000,9999.000,9999.000,9999.000,9999.000,9999.000
202604140054,   1.913,   1.748,9999.000,9999.000,9999.000,9999.000,9999.000,9999.000,9999.000
202604140100,   1.927,   1.767,   0.000,  -0.160,   1.767,   0.000,   1.767,   0.000,   1.767
202604140106,   1.939,   1.781,9999.000,9999.000,9999.000,9999.000,9999.000,9999.000,9999.000
202604140112,   1.950,   1.800,9999.000,9999.000,9999.000,9999.000,9999.000,9999.000,9999.000
202604140118,   1.959,   1.800,9999.000,9999.000,9999.000,9999.000,9999.000,9999.000,9999.000
202604140124,   1.967,   1.810,9999.000,9999.000,9999.000,9999.000,9999.000,9999.000,9999.000
202604140130,   1.972,   1.820,9999.000,9999.000,9999.000,9999.000,9999.000,9999.000,9999.000
202604140136,   1.976,   1.830,9999.000,9999.000,9999.000,9999.000,9999.000,9999.000,9999.000
202604140142,   1.978,   1.840,9999.000,9999.000,9999.000,9999.000,9999.000,9999.000,9999.000
202604140148,   1.978,   1.859,9999.000,9999.000,9999.000,9999.000,9999.000,9999.000,9999.000
202604140154,   1.976,   1.859,9999.000,9999.000,9999.000,9999.000,9999.000,9999.000,9999.000
202604140200,   1.972,   1.849,   0.000,  -0.123,   1.849,   0.000,   1.849,   0.000,   1.849
202604140206,   1.966,   1.859,9999.000,9999.000,9999.000,9999.000,9999.000,9999.000,9999.000
202604140212,   1.959,   1.859,9999.000,9999.000,9999.000,9999.000,9999.000,9999.000,9999.000
202604140218,   1.949,   1.859,9999.000,9999.000,9999.000,9999.000,9999.000,9999.000,9999.000
202604140224,   1.937,   1.859,9999.000,9999.000,9999.000,9999.000,9999.000,9999.000,9999.000
202604140230,   1.923,   1.840,9999.000,9999.000,9999.000,9999.000,9999.000,9999.000,9999.000
202604140236,   1.908,   1.830,9999.000,9999.000,9999.000,9999.000,9999.000,9999.000,9999.000
202604140242,   1.890,   1.810,9999.000,9999.000,9999.000,9999.000,9999.000,9999.000,9999.000
202604140248,   1.870,   1.800,9999.000,9999.000,9999.000,9999.000,9999.000,9999.000,9999.000
202604140254,   1.848,   1.790,9999.000,9999.000,9999.000,9999.000,9999.000,9999.000,9999.000
202604140300,   1.825,   1.767,   0.000,  -0.058,   1.767,   0.000,   1.767,   0.000,   1.767
202604140306,   1.799,   1.758,9999.000,9999.000,9999.000,9999.000,9999.000,9999.000,9999.000
202604140312,   1.771,   1.728,9999.000,9999.000,9999.000,9999.000,9999.000,9999.000,9999.000
202604140318,   1.742,   1.699,9999.000,9999.000,9999.000,9999.000,9999.000,9999.000,9999.000
202604140324,   1.711,   1.669,9999.000,9999.000,9999.000,9999.000,9999.000,9999.000,9999.000
202604140330,   1.678,   1.630,9999.000,9999.000,9999.000,9999.000,9999.000,9999.000,9999.000
202604140336,   1.644,   1.590,9999.000,9999.000,9999.000,9999.000,9999.000,9999.000,9999.000
202604140342,   1.608,   1.538,9999.000,9999.000,9999.000,9999.000,9999.000,9999.000,9999.000
202604140348,   1.570,   1.498,9999.000,9999.000,9999.000,9999.000,9999.000,9999.000,9999.000
202604140354,   1.532,   1.479,9999.000,9999.000,9999.000,9999.000,9999.000,9999.000,9999.000
202604140400,   1.492,   1.430,   0.000,  -0.062,   1.430,  -0.100,   1.330,   0.000,   1.430
202604140406,   1.451,   1.390,9999.000,9999.000,9999.000,9999.000,9999.000,9999.000,9999.000
202604140412,   1.409,   1.338,9999.000,9999.000,9999.000,9999.000,9999.000,9999.000,9999.000
202604140418,   1.367,   1.298,9999.000,9999.000,9999.000,9999.000,9999.000,9999.000,9999.000
202604140424,   1.323,   1.239,9999.000,9999.000,9999.000,9999.000,9999.000,9999.000,9999.000
202604140430,   1.280,   1.200,9999.000,9999.000,9999.000,9999.000,9999.000,9999.000,9999.000
202604140436,   1.236,   1.161,9999.000,9999.000,9999.000,9999.000,9999.000,9999.000,9999.000
202604140442,   1.192,   1.118,9999.000,9999.000,9999.000,9999.000,9999.000,9999.000,9999.000
202604140448,   1.148,   1.079,9999.000,9999.000,9999.000,9999.000,9999.000,9999.000,9999.000
202604140454,   1.104,   1.029,9999.000,9999.000,9999.000,9999.000,9999.000,9999.000,9999.000
202604140500,   1.060,   1.000,   0.000,  -0.060,   1.000,  -0.100,   0.900,   0.000,   1.000
202604140506,   1.017,   0.951,9999.000,9999.000,9999.000,9999.000,9999.000,9999.000,9999.000
202604140512,   0.974,   0.908,9999.000,9999.000,9999.000,9999.000,9999.000,9999.000,9999.000
202604140518,   0.933,   0.859,9999.000,9999.000,9999.000,9999.000,9999.000,9999.000,9999.000
202604140524,   0.892,   0.810,9999.000,9999.000,9999.000,9999.000,9999.000,9999.000,9999.000
202604140530,   0.852,   0.770,9999.000,9999.000,9999.000,9999.000,9999.000,9999.000,9999.000
202604140536,   0.813,   0.741,9999.000,9999.000,9999.000,9999.000,9999.000,9999.000,9999.000
202604140542,   0.775,   0.708,9999.000,9999.000,9999.000,9999.000,9999.000,9999.000,9999.000
202604140548,   0.739,   0.669,9999.000,9999.000,9999.000,9999.000,9999.000,9999.000,9999.000
202604140554,   0.703,   0.629,9999.000,9999.000,9999.000,9999.000,9999.000,9999.000,9999.000
202604140600,   0.670,   0.590,  -0.100,   0.020,   0.590,  -0.200,   0.490,  -0.100,   0.590
202604140606,   0.637,   0.560,9999.000,9999.000,9999.000,9999.000,9999.000,9999.000,9999.000
202604140612,   0.606,   0.531,9999.000,9999.000,9999.000,9999.000,9999.000,9999.000,9999.000
202604140618,   0.576,   0.498,9999.000,9999.000,9999.000,9999.000,9999.000,9999.000,9999.000
202604140624,   0.548,   0.459,9999.000,9999.000,9999.000,9999.000,9999.000,9999.000,9999.000
202604140630,   0.521,   0.429,9999.000,9999.000,9999.000,9999.000,9999.000,9999.000,9999.000
202604140636,   0.495,   0.409,9999.000,9999.000,9999.000,9999.000,9999.000,9999.000,9999.000
202604140642,   0.470,   0.380,9999.000,9999.000,9999.000,9999.000,9999.000,9999.000,9999.000
202604140648,   0.447,   0.360,9999.000,9999.000,9999.000,9999.000,9999.000,9999.000,9999.000
202604140654,   0.426,   0.331,9999.000,9999.000,9999.000,9999.000,9999.000,9999.000,9999.000
202604140700,   0.405,   0.308,  -0.100,   0.003,   0.308,  -0.200,   0.208,  -0.100,   0.308
202604140706,   0.386,   0.288,9999.000,9999.000,9999.000,9999.000,9999.000,9999.000,9999.000
202604140712,   0.368,   0.268,9999.000,9999.000,9999.000,9999.000,9999.000,9999.000,9999.000
202604140718,   0.352,   0.249,9999.000,9999.000,9999.000,9999.000,9999.000,9999.000,9999.000
202604140724,   0.336,   0.229,9999.000,9999.000,9999.000,9999.000,9999.000,9999.000,9999.000
202604140730,   0.322,   0.200,9999.000,9999.000,9999.000,9999.000,9999.000,9999.000,9999.000
202604140736,   0.310,   0.180,9999.000,9999.000,9999.000,9999.000,9999.000,9999.000,9999.000
202604140742,   0.299,   0.160,9999.000,9999.000,9999.000,9999.000,9999.000,9999.000,9999.000
202604140748,   0.289,   0.170,9999.000,9999.000,9999.000,9999.000,9999.000,9999.000,9999.000
202604140754,   0.281,   0.150,9999.000,9999.000,9999.000,9999.000,9999.000,9999.000,9999.000
202604140800,   0.274,   0.141,  -0.200,   0.067,   0.141,  -0.200,   0.141,  -0.100,   0.241
202604140806,   0.270,   0.121,9999.000,9999.000,9999.000,9999.000,9999.000,9999.000,9999.000
202604140812,   0.267,   0.121,9999.000,9999.000,9999.000,9999.000,9999.000,9999.000,9999.000
202604140818,   0.266,   0.111,9999.000,9999.000,9999.000,9999.000,9999.000,9999.000,9999.000
202604140824,   0.267,   0.088,9999.000,9999.000,9999.000,9999.000,9999.000,9999.000,9999.000
202604140830,   0.270,   0.098,9999.000,9999.000,9999.000,9999.000,9999.000,9999.000,9999.000
202604140836,   0.276,   0.088,9999.000,9999.000,9999.000,9999.000,9999.000,9999.000,9999.000
202604140842,   0.284,   0.078,9999.000,9999.000,9999.000,9999.000,9999.000,9999.000,9999.000
202604140848,   0.294,   0.068,9999.000,9999.000,9999.000,9999.000,9999.000,9999.000,9999.000
202604140854,   0.307,   0.068,9999.000,9999.000,9999.000,9999.000,9999.000,9999.000,9999.000
202604140900,   0.322,   0.078,  -0.200,  -0.044,   0.078,  -0.200,   0.078,  -0.100,   0.178
202604140906,   0.340,   0.078,9999.000,9999.000,9999.000,9999.000,9999.000,9999.000,9999.000
202604140912,   0.361,   0.088,9999.000,9999.000,9999.000,9999.000,9999.000,9999.000,9999.000
202604140918,   0.384,   0.088,9999.000,9999.000,9999.000,9999.000,9999.000,9999.000,9999.000
202604140924,   0.410,   0.121,9999.000,9999.000,9999.000,9999.000,9999.000,9999.000,9999.000
202604140930,   0.439,   0.141,9999.000,9999.000,9999.000,9999.000,9999.000,9999.000,9999.000
202604140936,   0.470,   0.170,9999.000,9999.000,9999.000,9999.000,9999.000,9999.000,9999.000
202604140942,   0.503,   0.180,9999.000,9999.000,9999.000,9999.000,9999.000,9999.000,9999.000
202604140948,   0.539,   0.219,9999.000,9999.000,9999.000,9999.000,9999.000,9999.000,9999.000
202604140954,   0.577,   0.249,9999.000,9999.000,9999.000,9999.000,9999.000,9999.000,9999.000
202604141000,   0.617,   0.278,  -0.200,  -0.139,   0.278,  -0.200,   0.278,  -0.100,   0.378
202604141006,   0.658,   0.321,9999.000,9999.000,9999.000,9999.000,9999.000,9999.000,9999.000
202604141012,   0.702,   0.370,9999.000,9999.000,9999.000,9999.000,9999.000,9999.000,9999.000
202604141018,   0.746,   0.409,9999.000,9999.000,9999.000,9999.000,9999.000,9999.000,9999.000
202604141024,   0.792,   0.439,9999.000,9999.000,9999.000,9999.000,9999.000,9999.000,9999.000
202604141030,   0.839,   0.488,9999.000,9999.000,9999.000,9999.000,9999.000,9999.000,9999.000
202604141036,   0.887,   0.541,9999.000,9999.000,9999.000,9999.000,9999.000,9999.000,9999.000
202604141042,   0.935,   0.590,9999.000,9999.000,9999.000,9999.000,9999.000,9999.000,9999.000
202604141048,   0.984,   0.619,9999.000,9999.000,9999.000,9999.000,9999.000,9999.000,9999.000
202604141054,   1.033,   0.659,9999.000,9999.000,9999.000,9999.000,9999.000,9999.000,9999.000
202604141100,   1.081,   0.731,  -0.200,  -0.150,   0.731,  -0.300,   0.631,  -0.200,   0.731
202604141106,   1.130,   0.760,9999.000,9999.000,9999.000,9999.000,9999.000,9999.000,9999.000
202604141112,   1.178,   0.810,9999.000,9999.000,9999.000,9999.000,9999.000,9999.000,9999.000
202604141118,   1.225,   0.849,9999.000,9999.000,9999.000,9999.000,9999.000,9999.000,9999.000
202604141124,   1.271,   0.888,9999.000,9999.000,9999.000,9999.000,9999.000,9999.000,9999.000
202604141130,   1.316,   0.928,9999.000,9999.000,9999.000,9999.000,9999.000,9999.000,9999.000
202604141136,   1.361,   0.961,9999.000,9999.000,9999.000,9999.000,9999.000,9999.000,9999.000
202604141142,   1.404,   1.000,9999.000,9999.000,9999.000,9999.000,9999.000,9999.000,9999.000
202604141148,   1.446,   1.039,9999.000,9999.000,9999.000,9999.000,9999.000,9999.000,9999.000
202604141154,   1.486,   1.088,9999.000,9999.000,9999.000,9999.000,9999.000,9999.000,9999.000
202604141200,   1.525,   1.128,  -0.300,  -0.097,   1.128,  -0.400,   1.028,  -0.300,   1.128
202604141206,   1.562,   1.170,9999.000,9999.000,9999.000,9999.000,9999.000,9999.000,9999.000
202604141212,   1.598,   1.220,9999.000,9999.000,9999.000,9999.000,9999.000,9999.000,9999.000
202604141218,   1.632,   1.259,9999.000,9999.000,9999.000,9999.000,9999.000,9999.000,9999.000
202604141224,   1.664,   1.289,9999.000,9999.000,9999.000,9999.000,9999.000,9999.000,9999.000
202604141230,   1.695,   1.308,9999.000,9999.000,9999.000,9999.000,9999.000,9999.000,9999.000
202604141236,   1.724,   1.361,9999.000,9999.000,9999.000,9999.000,9999.000,9999.000,9999.000
202604141242,   1.751,   1.410,9999.000,9999.000,9999.000,9999.000,9999.000,9999.000,9999.000
202604141248,   1.777,   1.430,9999.000,9999.000,9999.000,9999.000,9999.000,9999.000,9999.000
202604141254,   1.800,   1.459,9999.000,9999.000,9999.000,9999.000,9999.000,9999.000,9999.000
202604141300,   1.823,   1.489,  -0.400,   0.066,   1.489,  -0.400,   1.489,  -0.300,   1.589
202604141306,   1.843,   1.518,9999.000,9999.000,9999.000,9999.000,9999.000,9999.000,9999.000
202604141312,   1.861,   1.548,9999.000,9999.000,9999.000,9999.000,9999.000,9999.000,9999.000
202604141318,   1.878,   1.571,9999.000,9999.000,9999.000,9999.000,9999.000,9999.000,9999.000
202604141324,   1.893,   1.600,9999.000,9999.000,9999.000,9999.000,9999.000,9999.000,9999.000
202604141330,   1.906,   1.610,9999.000,9999.000,9999.000,9999.000,9999.000,9999.000,9999.000
202604141336,   1.917,   1.620,9999.000,9999.000,9999.000,9999.000,9999.000,9999.000,9999.000
202604141342,   1.927,   1.639,9999.000,9999.000,9999.000,9999.000,9999.000,9999.000,9999.000
202604141348,   1.934,   1.649,9999.000,9999.000,9999.000,9999.000,9999.000,9999.000,9999.000
202604141354,   1.940,   1.659,9999.000,9999.000,9999.000,9999.000,9999.000,9999.000,9999.000
202604141400,   1.944,   1.659,  -0.400,   0.115,   1.659,  -0.400,   1.659,  -0.300,   1.759
202604141406,   1.946,9999.000,9999.000,9999.000,9999.000,9999.000,9999.000,9999.000,9999.000
202604141412,   1.945,9999.000,9999.000,9999.000,9999.000,9999.000,9999.000,9999.000,9999.000
202604141418,   1.943,9999.000,9999.000,9999.000,9999.000,9999.000,9999.000,9999.000,9999.000
202604141424,   1.939,9999.000,9999.000,9999.000,9999.000,9999.000,9999.000,9999.000,9999.000
202604141430,   1.933,9999.000,9999.000,9999.000,9999.000,9999.000,9999.000,9999.000,9999.000
202604141436,   1.924,9999.000,9999.000,9999.000,9999.000,9999.000,9999.000,9999.000,9999.000
202604141442,   1.914,9999.000,9999.000,9999.000,9999.000,9999.000,9999.000,9999.000,9999.000
202604141448,   1.901,9999.000,9999.000,9999.000,9999.000,9999.000,9999.000,9999.000,9999.000
202604141454,   1.887,9999.000,9999.000,9999.000,9999.000,9999.000,9999.000,9999.000,9999.000
202604141500,   1.870,   1.630,  -0.400,   0.160,   1.630,  -0.400,   1.630,  -0.300,   1.730
202604141506,   1.851,   1.630,9999.000,9999.000,9999.000,9999.000,9999.000,9999.000,9999.000
202604141512,   1.830,   1.610,9999.000,9999.000,9999.000,9999.000,9999.000,9999.000,9999.000
202604141518,   1.807,   1.600,9999.000,9999.000,9999.000,9999.000,9999.000,9999.000,9999.000
202604141524,   1.783,   1.580,9999.000,9999.000,9999.000,9999.000,9999.000,9999.000,9999.000
202604141530,   1.756,   1.557,9999.000,9999.000,9999.000,9999.000,9999.000,9999.000,9999.000
202604141536,   1.727,   1.538,9999.000,9999.000,9999.000,9999.000,9999.000,9999.000,9999.000
202604141542,   1.696,   1.498,9999.000,9999.000,9999.000,9999.000,9999.000,9999.000,9999.000
202604141548,   1.663,   1.459,9999.000,9999.000,9999.000,9999.000,9999.000,9999.000,9999.000
202604141554,   1.629,   1.420,9999.000,9999.000,9999.000,9999.000,9999.000,9999.000,9999.000
202604141600,   1.593,   1.390,  -0.400,   0.197,   1.390,  -0.400,   1.390,  -0.300,   1.490
202604141606,   1.556,   1.348,9999.000,9999.000,9999.000,9999.000,9999.000,9999.000,9999.000
202604141612,   1.517,   1.308,9999.000,9999.000,9999.000,9999.000,9999.000,9999.000,9999.000
202604141618,   1.477,   1.269,9999.000,9999.000,9999.000,9999.000,9999.000,9999.000,9999.000
202604141624,   1.436,   1.200,9999.000,9999.000,9999.000,9999.000,9999.000,9999.000,9999.000
202604141630,   1.393,   1.161,9999.000,9999.000,9999.000,9999.000,9999.000,9999.000,9999.000
202604141636,   1.350,   1.138,9999.000,9999.000,9999.000,9999.000,9999.000,9999.000,9999.000
202604141642,   1.306,   1.079,9999.000,9999.000,9999.000,9999.000,9999.000,9999.000,9999.000
202604141648,   1.261,   1.039,9999.000,9999.000,9999.000,9999.000,9999.000,9999.000,9999.000
202604141654,   1.216,   1.000,9999.000,9999.000,9999.000,9999.000,9999.000,9999.000,9999.000
202604141700,   1.171,   0.941,  -0.400,   0.170,   0.941,  -0.400,   0.941,  -0.300,   1.041
202604141706,   1.125,   0.898,9999.000,9999.000,9999.000,9999.000,9999.000,9999.000,9999.000
202604141712,   1.080,   0.859,9999.000,9999.000,9999.000,9999.000,9999.000,9999.000,9999.000
202604141718,   1.035,   0.819,9999.000,9999.000,9999.000,9999.000,9999.000,9999.000,9999.000
202604141724,   0.990,   0.760,9999.000,9999.000,9999.000,9999.000,9999.000,9999.000,9999.000
202604141730,   0.946,   0.708,9999.000,9999.000,9999.000,9999.000,9999.000,9999.000,9999.000
202604141736,   0.902,   0.678,9999.000,9999.000,9999.000,9999.000,9999.000,9999.000,9999.000
202604141742,   0.860,   0.639,9999.000,9999.000,9999.000,9999.000,9999.000,9999.000,9999.000
202604141748,   0.818,   0.600,9999.000,9999.000,9999.000,9999.000,9999.000,9999.000,9999.000
202604141754,   0.777,   0.560,9999.000,9999.000,9999.000,9999.000,9999.000,9999.000,9999.000
202604141800,   0.737,   0.498,  -0.400,   0.161,   0.498,  -0.500,   0.398,  -0.400,   0.498
202604141806,   0.699,   0.469,9999.000,9999.000,9999.000,9999.000,9999.000,9999.000,9999.000
202604141812,   0.662,   0.429,9999.000,9999.000,9999.000,9999.000,9999.000,9999.000,9999.000
202604141818,   0.626,   0.380,9999.000,9999.000,9999.000,9999.000,9999.000,9999.000,9999.000
202604141824,   0.592,   0.341,9999.000,9999.000,9999.000,9999.000,9999.000,9999.000,9999.000
202604141830,   0.559,   0.298,9999.000,9999.000,9999.000,9999.000,9999.000,9999.000,9999.000
202604141836,   0.528,   0.268,9999.000,9999.000,9999.000,9999.000,9999.000,9999.000,9999.000
202604141842,   0.499,   0.219,9999.000,9999.000,9999.000,9999.000,9999.000,9999.000,9999.000
202604141848,   0.470,   0.180,9999.000,9999.000,9999.000,9999.000,9999.000,9999.000,9999.000
202604141854,   0.444,   0.150,9999.000,9999.000,9999.000,9999.000,9999.000,9999.000,9999.000
202604141900,   0.419,   0.111,  -0.400,   0.092,   0.111,  -0.500,   0.011,  -0.400,   0.111
202604141906,   0.395,   0.111,9999.000,9999.000,9999.000,9999.000,9999.000,9999.000,9999.000
202604141912,   0.373,   0.088,9999.000,9999.000,9999.000,9999.000,9999.000,9999.000,9999.000
202604141918,   0.352,   0.049,9999.000,9999.000,9999.000,9999.000,9999.000,9999.000,9999.000
202604141924,   0.333,   0.029,9999.000,9999.000,9999.000,9999.000,9999.000,9999.000,9999.000
202604141930,   0.315,   0.009,9999.000,9999.000,9999.000,9999.000,9999.000,9999.000,9999.000
202604141936,   0.299,   0.000,9999.000,9999.000,9999.000,9999.000,9999.000,9999.000,9999.000
202604141942,   0.284,  -0.009,9999.000,9999.000,9999.000,9999.000,9999.000,9999.000,9999.000
202604141948,   0.270,  -0.049,9999.000,9999.000,9999.000,9999.000,9999.000,9999.000,9999.000
202604141954,   0.258,  -0.039,9999.000,9999.000,9999.000,9999.000,9999.000,9999.000,9999.000
202604142000,   0.248,  -0.059,  -0.400,   0.093,  -0.059,  -0.500,  -0.159,  -0.400,  -0.059
202604142006,   0.239,  -0.068,9999.000,9999.000,9999.000,9999.000,9999.000,9999.000,9999.000
202604142012,   0.232,  -0.078,9999.000,9999.000,9999.000,9999.000,9999.000,9999.000,9999.000
202604142018,   0.226,  -0.088,9999.000,9999.000,9999.000,9999.000,9999.000,9999.000,9999.000
202604142024,   0.222,  -0.121,9999.000,9999.000,9999.000,9999.000,9999.000,9999.000,9999.000
202604142030,   0.221,  -0.131,9999.000,9999.000,9999.000,9999.000,9999.000,9999.000,9999.000
202604142036,   0.221,  -0.131,9999.000,9999.000,9999.000,9999.000,9999.000,9999.000,9999.000
202604142042,   0.223,  -0.170,9999.000,9999.000,9999.000,9999.000,9999.000,9999.000,9999.000
202604142048,   0.227,  -0.150,9999.000,9999.000,9999.000,9999.000,9999.000,9999.000,9999.000
202604142054,   0.234,  -0.141,9999.000,9999.000,9999.000,9999.000,9999.000,9999.000,9999.000
202604142100,   0.243,  -0.131,  -0.400,   0.026,  -0.131,  -0.400,  -0.131,  -0.300,  -0.031
202604142106,   0.255,  -0.150,9999.000,9999.000,9999.000,9999.000,9999.000,9999.000,9999.000
202604142112,   0.269,  -0.141,9999.000,9999.000,9999.000,9999.000,9999.000,9999.000,9999.000
202604142118,   0.286,  -0.131,9999.000,9999.000,9999.000,9999.000,9999.000,9999.000,9999.000
202604142124,   0.306,  -0.098,9999.000,9999.000,9999.000,9999.000,9999.000,9999.000,9999.000
202604142130,   0.329,  -0.088,9999.000,9999.000,9999.000,9999.000,9999.000,9999.000,9999.000
202604142136,   0.354,  -0.049,9999.000,9999.000,9999.000,9999.000,9999.000,9999.000,9999.000
202604142142,   0.382,  -0.009,9999.000,9999.000,9999.000,9999.000,9999.000,9999.000,9999.000
202604142148,   0.412,   0.019,9999.000,9999.000,9999.000,9999.000,9999.000,9999.000,9999.000
202604142154,   0.446,   0.059,9999.000,9999.000,9999.000,9999.000,9999.000,9999.000,9999.000
202604142200,   0.482,   0.111,  -0.400,   0.029,   0.111,  -0.400,   0.111,  -0.300,   0.211
202604142206,   0.520,   0.150,9999.000,9999.000,9999.000,9999.000,9999.000,9999.000,9999.000
202604142212,   0.561,   0.200,9999.000,9999.000,9999.000,9999.000,9999.000,9999.000,9999.000
202604142218,   0.604,   0.259,9999.000,9999.000,9999.000,9999.000,9999.000,9999.000,9999.000
202604142224,   0.650,   0.298,9999.000,9999.000,9999.000,9999.000,9999.000,9999.000,9999.000
202604142230,   0.697,   0.350,9999.000,9999.000,9999.000,9999.000,9999.000,9999.000,9999.000
202604142236,   0.746,   0.429,9999.000,9999.000,9999.000,9999.000,9999.000,9999.000,9999.000
202604142242,   0.796,   0.469,9999.000,9999.000,9999.000,9999.000,9999.000,9999.000,9999.000
202604142248,   0.848,   0.531,9999.000,9999.000,9999.000,9999.000,9999.000,9999.000,9999.000
202604142254,   0.901,   0.600,9999.000,9999.000,9999.000,9999.000,9999.000,9999.000,9999.000
202604142300,   0.954,   0.649,  -0.400,   0.095,   0.649,  -0.400,   0.649,  -0.300,   0.749
202604142306,   1.008,   0.698,9999.000,9999.000,9999.000,9999.000,9999.000,9999.000,9999.000
202604142312,   1.063,   0.741,9999.000,9999.000,9999.000,9999.000,9999.000,9999.000,9999.000
202604142318,   1.117,   0.790,9999.000,9999.000,9999.000,9999.000,9999.000,9999.000,9999.000
202604142324,   1.172,   0.859,9999.000,9999.000,9999.000,9999.000,9999.000,9999.000,9999.000
202604142330,   1.226,   0.918,9999.000,9999.000,9999.000,9999.000,9999.000,9999.000,9999.000
202604142336,   1.279,   0.980,9999.000,9999.000,9999.000,9999.000,9999.000,9999.000,9999.000
202604142342,   1.332,   1.029,9999.000,9999.000,9999.000,9999.000,9999.000,9999.000,9999.000
202604142348,   1.384,   1.088,9999.000,9999.000,9999.000,9999.000,9999.000,9999.000,9999.000
202604142354,   1.435,   1.118,9999.000,9999.000,9999.000,9999.000,9999.000,9999.000,9999.000
202604150000,   1.484,   1.170,  -0.300,  -0.014,   1.170,  -0.400,   1.070,  -0.300,   1.170
202604150006,   1.533,   1.229,9999.000,9999.000,9999.000,9999.000,9999.000,9999.000,9999.000
202604150012,   1.579,   1.279,9999.000,9999.000,9999.000,9999.000,9999.000,9999.000,9999.000
202604150018,   1.624,   1.328,9999.000,9999.000,9999.000,9999.000,9999.000,9999.000,9999.000
202604150024,   1.668,   1.371,9999.000,9999.000,9999.000,9999.000,9999.000,9999.000,9999.000
202604150030,   1.710,   1.410,9999.000,9999.000,9999.000,9999.000,9999.000,9999.000,9999.000
202604150036,   1.750,   1.449,9999.000,9999.000,9999.000,9999.000,9999.000,9999.000,9999.000
202604150042,   1.788,   1.498,9999.000,9999.000,9999.000,9999.000,9999.000,9999.000,9999.000
202604150048,   1.824,   1.538,9999.000,9999.000,9999.000,9999.000,9999.000,9999.000,9999.000
202604150054,   1.858,   1.571,9999.000,9999.000,9999.000,9999.000,9999.000,9999.000,9999.000
202604150100,   1.891,   1.600,  -0.300,   0.009,   1.600,  -0.400,   1.500,  -0.300,   1.600
202604150106,   1.921,   1.639,9999.000,9999.000,9999.000,9999.000,9999.000,9999.000,9999.000
202604150112,   1.949,   1.669,9999.000,9999.000,9999.000,9999.000,9999.000,9999.000,9999.000
202604150118,   1.976,   1.689,9999.000,9999.000,9999.000,9999.000,9999.000,9999.000,9999.000
202604150124,   2.000,   1.728,9999.000,9999.000,9999.000,9999.000,9999.000,9999.000,9999.000
202604150130,   2.023,   1.748,9999.000,9999.000,9999.000,9999.000,9999.000,9999.000,9999.000
202604150136,   2.043,   1.781,9999.000,9999.000,9999.000,9999.000,9999.000,9999.000,9999.000
202604150142,   2.062,   1.810,9999.000,9999.000,9999.000,9999.000,9999.000,9999.000,9999.000
202604150148,   2.078,   1.830,9999.000,9999.000,9999.000,9999.000,9999.000,9999.000,9999.000
202604150154,   2.092,   1.849,9999.000,9999.000,9999.000,9999.000,9999.000,9999.000,9999.000
202604150200,   2.105,   1.859,  -0.300,   0.054,   1.859,  -0.400,   1.759,  -0.300,   1.859
202604150206,   2.115,   1.869,9999.000,9999.000,9999.000,9999.000,9999.000,9999.000,9999.000
202604150212,   2.123,   1.889,9999.000,9999.000,9999.000,9999.000,9999.000,9999.000,9999.000
202604150218,   2.129,   1.908,9999.000,9999.000,9999.000,9999.000,9999.000,9999.000,9999.000
202604150224,   2.133,   1.908,9999.000,9999.000,9999.000,9999.000,9999.000,9999.000,9999.000
202604150230,   2.135,   1.918,9999.000,9999.000,9999.000,9999.000,9999.000,9999.000,9999.000
202604150236,   2.135,   1.928,9999.000,9999.000,9999.000,9999.000,9999.000,9999.000,9999.000
202604150242,   2.132,   1.938,9999.000,9999.000,9999.000,9999.000,9999.000,9999.000,9999.000
202604150248,   2.127,   1.948,9999.000,9999.000,9999.000,9999.000,9999.000,9999.000,9999.000
202604150254,   2.121,   1.948,9999.000,9999.000,9999.000,9999.000,9999.000,9999.000,9999.000
202604150300,   2.111,   1.948,  -0.300,   0.137,   1.948,  -0.400,   1.848,  -0.300,   1.948
202604150306,   2.100,   1.958,9999.000,9999.000,9999.000,9999.000,9999.000,9999.000,9999.000
202604150312,   2.087,   1.948,9999.000,9999.000,9999.000,9999.000,9999.000,9999.000,9999.000
202604150318,   2.071,   1.938,9999.000,9999.000,9999.000,9999.000,9999.000,9999.000,9999.000
202604150324,   2.053,   1.928,9999.000,9999.000,9999.000,9999.000,9999.000,9999.000,9999.000
202604150330,   2.033,   1.928,9999.000,9999.000,9999.000,9999.000,9999.000,9999.000,9999.000
202604150336,   2.011,   1.908,9999.000,9999.000,9999.000,9999.000,9999.000,9999.000,9999.000
202604150342,   1.987,   1.889,9999.000,9999.000,9999.000,9999.000,9999.000,9999.000,9999.000
202604150348,   1.960,   1.869,9999.000,9999.000,9999.000,9999.000,9999.000,9999.000,9999.000
202604150354,   1.932,   1.849,9999.000,9999.000,9999.000,9999.000,9999.000,9999.000,9999.000
202604150400,   1.901,   1.810,  -0.300,   0.209,   1.810,  -0.400,   1.710,  -0.300,   1.810
202604150406,   1.869,   1.781,9999.000,9999.000,9999.000,9999.000,9999.000,9999.000,9999.000
202604150412,   1.835,   1.748,9999.000,9999.000,9999.000,9999.000,9999.000,9999.000,9999.000
202604150418,   1.799,   1.708,9999.000,9999.000,9999.000,9999.000,9999.000,9999.000,9999.000
202604150424,   1.761,   1.659,9999.000,9999.000,9999.000,9999.000,9999.000,9999.000,9999.000
202604150430,   1.722,   1.620,9999.000,9999.000,9999.000,9999.000,9999.000,9999.000,9999.000
202604150436,   1.681,   1.580,9999.000,9999.000,9999.000,9999.000,9999.000,9999.000,9999.000
202604150442,   1.639,   1.528,9999.000,9999.000,9999.000,9999.000,9999.000,9999.000,9999.000
202604150448,   1.595,   1.498,9999.000,9999.000,9999.000,9999.000,9999.000,9999.000,9999.000
202604150454,   1.551,   1.459,9999.000,9999.000,9999.000,9999.000,9999.000,9999.000,9999.000
202604150500,   1.505,   1.410,  -0.300,   0.205,   1.410,  -0.400,   1.310,  -0.300,   1.410
202604150506,   1.459,   1.361,9999.000,9999.000,9999.000,9999.000,9999.000,9999.000,9999.000
202604150512,   1.412,   1.308,9999.000,9999.000,9999.000,9999.000,9999.000,9999.000,9999.000
202604150518,   1.365,   1.259,9999.000,9999.000,9999.000,9999.000,9999.000,9999.000,9999.000
202604150524,   1.317,   1.220,9999.000,9999.000,9999.000,9999.000,9999.000,9999.000,9999.000
202604150530,   1.269,   1.161,9999.000,9999.000,9999.000,9999.000,9999.000,9999.000,9999.000
202604150536,   1.221,   1.128,9999.000,9999.000,9999.000,9999.000,9999.000,9999.000,9999.000
202604150542,   1.173,   1.069,9999.000,9999.000,9999.000,9999.000,9999.000,9999.000,9999.000
202604150548,   1.125,   1.020,9999.000,9999.000,9999.000,9999.000,9999.000,9999.000,9999.000
202604150554,   1.078,   0.980,9999.000,9999.000,9999.000,9999.000,9999.000,9999.000,9999.000
202604150600,   1.031,   0.918,  -0.200,   0.087,   0.918,  -0.300,   0.818,  -0.200,   0.918
202604150606,   0.985,   0.879,9999.000,9999.000,9999.000,9999.000,9999.000,9999.000,9999.000
202604150612,   0.940,   0.829,9999.000,9999.000,9999.000,9999.000,9999.000,9999.000,9999.000
202604150618,   0.896,   0.790,9999.000,9999.000,9999.000,9999.000,9999.000,9999.000,9999.000
202604150624,   0.853,   0.751,9999.000,9999.000,9999.000,9999.000,9999.000,9999.000,9999.000
202604150630,   0.811,   0.708,9999.000,9999.000,9999.000,9999.000,9999.000,9999.000,9999.000
202604150636,   0.770,   0.659,9999.000,9999.000,9999.000,9999.000,9999.000,9999.000,9999.000
202604150642,   0.730,   0.619,9999.000,9999.000,9999.000,9999.000,9999.000,9999.000,9999.000
202604150648,   0.692,   0.590,9999.000,9999.000,9999.000,9999.000,9999.000,9999.000,9999.000
202604150654,   0.655,   0.541,9999.000,9999.000,9999.000,9999.000,9999.000,9999.000,9999.000
202604150700,   0.619,   0.508,  -0.200,   0.089,   0.508,  -0.300,   0.408,  -0.200,   0.508
202604150706,   0.584,   0.469,9999.000,9999.000,9999.000,9999.000,9999.000,9999.000,9999.000
202604150712,   0.552,   0.439,9999.000,9999.000,9999.000,9999.000,9999.000,9999.000,9999.000
202604150718,   0.520,   0.409,9999.000,9999.000,9999.000,9999.000,9999.000,9999.000,9999.000
202604150724,   0.490,   0.370,9999.000,9999.000,9999.000,9999.000,9999.000,9999.000,9999.000
202604150730,   0.461,   0.341,9999.000,9999.000,9999.000,9999.000,9999.000,9999.000,9999.000
202604150736,   0.433,   0.321,9999.000,9999.000,9999.000,9999.000,9999.000,9999.000,9999.000
202604150742,   0.407,   0.298,9999.000,9999.000,9999.000,9999.000,9999.000,9999.000,9999.000
202604150748,   0.382,   0.278,9999.000,9999.000,9999.000,9999.000,9999.000,9999.000,9999.000
202604150754,   0.358,   0.249,9999.000,9999.000,9999.000,9999.000,9999.000,9999.000,9999.000
202604150800,   0.336,   0.229,  -0.200,   0.093,   0.229,  -0.300,   0.129,  -0.200,   0.229
202604150806,   0.315,   0.209,9999.000,9999.000,9999.000,9999.000,9999.000,9999.000,9999.000
202604150812,   0.296,   0.200,9999.000,9999.000,9999.000,9999.000,9999.000,9999.000,9999.000
202604150818,   0.277,   0.180,9999.000,9999.000,9999.000,9999.000,9999.000,9999.000,9999.000
202604150824,   0.261,   0.160,9999.000,9999.000,9999.000,9999.000,9999.000,9999.000,9999.000
202604150830,   0.245,   0.131,9999.000,9999.000,9999.000,9999.000,9999.000,9999.000,9999.000
202604150836,   0.231,   0.121,9999.000,9999.000,9999.000,9999.000,9999.000,9999.000,9999.000
202604150842,   0.219,   0.111,9999.000,9999.000,9999.000,9999.000,9999.000,9999.000,9999.000
202604150848,   0.209,   0.088,9999.000,9999.000,9999.000,9999.000,9999.000,9999.000,9999.000
202604150854,   0.201,   0.078,9999.000,9999.000,9999.000,9999.000,9999.000,9999.000,9999.000
202604150900,   0.194,   0.068,  -0.200,   0.074,   0.068,  -0.300,  -0.032,  -0.200,   0.068
202604150906,   0.190,   0.068,9999.000,9999.000,9999.000,9999.000,9999.000,9999.000,9999.000
202604150912,   0.188,   0.059,9999.000,9999.000,9999.000,9999.000,9999.000,9999.000,9999.000
202604150918,   0.188,   0.029,9999.000,9999.000,9999.000,9999.000,9999.000,9999.000,9999.000
202604150924,   0.190,   0.039,9999.000,9999.000,9999.000,9999.000,9999.000,9999.000,9999.000
202604150930,   0.195,   0.039,9999.000,9999.000,9999.000,9999.000,9999.000,9999.000,9999.000
202604150936,   0.203,   0.029,9999.000,9999.000,9999.000,9999.000,9999.000,9999.000,9999.000
202604150942,   0.214,   0.029,9999.000,9999.000,9999.000,9999.000,9999.000,9999.000,9999.000
202604150948,   0.227,   0.039,9999.000,9999.000,9999.000,9999.000,9999.000,9999.000,9999.000
202604150954,   0.244,   0.049,9999.000,9999.000,9999.000,9999.000,9999.000,9999.000,9999.000
202604151000,   0.263,   0.049,  -0.200,  -0.014,   0.049,  -0.300,  -0.051,  -0.200,   0.049
202604151006,   0.285,   0.068,9999.000,9999.000,9999.000,9999.000,9999.000,9999.000,9999.000
202604151012,   0.310,   0.111,9999.000,9999.000,9999.000,9999.000,9999.000,9999.000,9999.000
202604151018,   0.338,   0.141,9999.000,9999.000,9999.000,9999.000,9999.000,9999.000,9999.000
202604151024,   0.369,   0.160,9999.000,9999.000,9999.000,9999.000,9999.000,9999.000,9999.000
202604151030,   0.402,   0.200,9999.000,9999.000,9999.000,9999.000,9999.000,9999.000,9999.000
202604151036,   0.438,   0.249,9999.000,9999.000,9999.000,9999.000,9999.000,9999.000,9999.000
202604151042,   0.477,   0.298,9999.000,9999.000,9999.000,9999.000,9999.000,9999.000,9999.000
202604151048,   0.518,   0.331,9999.000,9999.000,9999.000,9999.000,9999.000,9999.000,9999.000
202604151054,   0.561,   0.380,9999.000,9999.000,9999.000,9999.000,9999.000,9999.000,9999.000
202604151100,   0.606,   0.439,  -0.200,   0.033,   0.439,  -0.300,   0.339,  -0.200,   0.439
202604151106,   0.653,   0.488,9999.000,9999.000,9999.000,9999.000,9999.000,9999.000,9999.000
202604151112,   0.702,   0.531,9999.000,9999.000,9999.000,9999.000,9999.000,9999.000,9999.000
202604151118,   0.752,   0.590,9999.000,9999.000,9999.000,9999.000,9999.000,9999.000,9999.000
202604151124,   0.803,   0.639,9999.000,9999.000,9999.000,9999.000,9999.000,9999.000,9999.000
202604151130,   0.854,   0.698,9999.000,9999.000,9999.000,9999.000,9999.000,9999.000,9999.000
202604151136,   0.907,   0.741,9999.000,9999.000,9999.000,9999.000,9999.000,9999.000,9999.000
202604151142,   0.960,   0.780,9999.000,9999.000,9999.000,9999.000,9999.000,9999.000,9999.000
202604151148,   1.013,   0.839,9999.000,9999.000,9999.000,9999.000,9999.000,9999.000,9999.000
202604151154,   1.066,   0.898,9999.000,9999.000,9999.000,9999.000,9999.000,9999.000,9999.000
202604151200,   1.118,   0.951,  -0.100,  -0.067,   0.951,  -0.100,   0.951,   0.000,   1.051
202604151206,   1.170,   0.990,9999.000,9999.000,9999.000,9999.000,9999.000,9999.000,9999.000
202604151212,   1.222,   1.049,9999.000,9999.000,9999.000,9999.000,9999.000,9999.000,9999.000
202604151218,   1.272,   1.108,9999.000,9999.000,9999.000,9999.000,9999.000,9999.000,9999.000
202604151224,   1.321,   1.161,9999.000,9999.000,9999.000,9999.000,9999.000,9999.000,9999.000
202604151230,   1.370,   1.200,9999.000,9999.000,9999.000,9999.000,9999.000,9999.000,9999.000
202604151236,   1.417,   1.259,9999.000,9999.000,9999.000,9999.000,9999.000,9999.000,9999.000
202604151242,   1.462,   1.308,9999.000,9999.000,9999.000,9999.000,9999.000,9999.000,9999.000
202604151248,   1.506,   1.371,9999.000,9999.000,9999.000,9999.000,9999.000,9999.000,9999.000
202604151254,   1.548,   1.400,9999.000,9999.000,9999.000,9999.000,9999.000,9999.000,9999.000
202604151300,   1.589,   1.459,  -0.100,  -0.030,   1.459,  -0.100,   1.459,   0.000,   1.559
202604151306,   1.628,   1.498,9999.000,9999.000,9999.000,9999.000,9999.000,9999.000,9999.000
202604151312,   1.665,   1.548,9999.000,9999.000,9999.000,9999.000,9999.000,9999.000,9999.000
202604151318,   1.700,   1.590,9999.000,9999.000,9999.000,9999.000,9999.000,9999.000,9999.000
202604151324,   1.733,   1.620,9999.000,9999.000,9999.000,9999.000,9999.000,9999.000,9999.000
202604151330,   1.764,   1.659,9999.000,9999.000,9999.000,9999.000,9999.000,9999.000,9999.000
202604151336,   1.793,   1.689,9999.000,9999.000,9999.000,9999.000,9999.000,9999.000,9999.000
202604151342,   1.820,   1.728,9999.000,9999.000,9999.000,9999.000,9999.000,9999.000,9999.000
202604151348,   1.846,   1.748,9999.000,9999.000,9999.000,9999.000,9999.000,9999.000,9999.000
202604151354,   1.869,   1.781,9999.000,9999.000,9999.000,9999.000,9999.000,9999.000,9999.000
202604151400,   1.890,   1.790,  -0.100,   0.000,   1.790,  -0.100,   1.790,   0.000,   1.890
202604151406,   1.909,   1.820,9999.000,9999.000,9999.000,9999.000,9999.000,9999.000,9999.000
202604151412,   1.926,   1.849,9999.000,9999.000,9999.000,9999.000,9999.000,9999.000,9999.000
202604151418,   1.941,   1.859,9999.000,9999.000,9999.000,9999.000,9999.000,9999.000,9999.000
202604151424,   1.953,   1.879,9999.000,9999.000,9999.000,9999.000,9999.000,9999.000,9999.000
202604151430,   1.964,   1.889,9999.000,9999.000,9999.000,9999.000,9999.000,9999.000,9999.000
202604151436,   1.972,   1.899,9999.000,9999.000,9999.000,9999.000,9999.000,9999.000,9999.000
202604151442,   1.978,   1.918,9999.000,9999.000,9999.000,9999.000,9999.000,9999.000,9999.000
202604151448,   1.982,   1.918,9999.000,9999.000,9999.000,9999.000,9999.000,9999.000,9999.000
202604151454,   1.984,   1.938,9999.000,9999.000,9999.000,9999.000,9999.000,9999.000,9999.000
202604151500,   1.983,   1.948,  -0.100,   0.065,   1.948,  -0.100,   1.948,   0.000,   2.048
202604151506,   1.980,   1.948,9999.000,9999.000,9999.000,9999.000,9999.000,9999.000,9999.000
202604151512,   1.975,   1.958,9999.000,9999.000,9999.000,9999.000,9999.000,9999.000,9999.000
202604151518,   1.967,   1.958,9999.000,9999.000,9999.000,9999.000,9999.000,9999.000,9999.000
202604151524,   1.957,   1.958,9999.000,9999.000,9999.000,9999.000,9999.000,9999.000,9999.000
202604151530,   1.945,   1.948,9999.000,9999.000,9999.000,9999.000,9999.000,9999.000,9999.000
202604151536,   1.931,   1.938,9999.000,9999.000,9999.000,9999.000,9999.000,9999.000,9999.000
202604151542,   1.914,   1.938,9999.000,9999.000,9999.000,9999.000,9999.000,9999.000,9999.000
202604151548,   1.895,   1.928,9999.000,9999.000,9999.000,9999.000,9999.000,9999.000,9999.000
202604151554,   1.874,   1.918,9999.000,9999.000,9999.000,9999.000,9999.000,9999.000,9999.000
202604151600,   1.850,   1.899,  -0.100,   0.149,   1.899,  -0.100,   1.899,   0.000,   1.999
202604151606,   1.825,   1.889,9999.000,9999.000,9999.000,9999.000,9999.000,9999.000,9999.000
202604151612,   1.797,   1.869,9999.000,9999.000,9999.000,9999.000,9999.000,9999.000,9999.000
202604151618,   1.767,   1.840,9999.000,9999.000,9999.000,9999.000,9999.000,9999.000,9999.000
202604151624,   1.735,   1.810,9999.000,9999.000,9999.000,9999.000,9999.000,9999.000,9999.000
202604151630,   1.701,   1.781,9999.000,9999.000,9999.000,9999.000,9999.000,9999.000,9999.000
202604151636,   1.665,   1.748,9999.000,9999.000,9999.000,9999.000,9999.000,9999.000,9999.000
202604151642,   1.628,   1.718,9999.000,9999.000,9999.000,9999.000,9999.000,9999.000,9999.000
202604151648,   1.588,   1.669,9999.000,9999.000,9999.000,9999.000,9999.000,9999.000,9999.000
202604151654,   1.547,   1.630,9999.000,9999.000,9999.000,9999.000,9999.000,9999.000,9999.000
202604151700,   1.505,   1.580,  -0.100,   0.175,   1.580,  -0.100,   1.580,   0.000,   1.680
202604151706,   1.461,   1.538,9999.000,9999.000,9999.000,9999.000,9999.000,9999.000,9999.000
202604151712,   1.417,   1.489,9999.000,9999.000,9999.000,9999.000,9999.000,9999.000,9999.000
202604151718,   1.371,   1.449,9999.000,9999.000,9999.000,9999.000,9999.000,9999.000,9999.000
202604151724,   1.324,   1.390,9999.000,9999.000,9999.000,9999.000,9999.000,9999.000,9999.000
202604151730,   1.276,   1.348,9999.000,9999.000,9999.000,9999.000,9999.000,9999.000,9999.000
202604151736,   1.228,   1.298,9999.000,9999.000,9999.000,9999.000,9999.000,9999.000,9999.000
202604151742,   1.180,   1.249,9999.000,9999.000,9999.000,9999.000,9999.000,9999.000,9999.000
202604151748,   1.131,   1.200,9999.000,9999.000,9999.000,9999.000,9999.000,9999.000,9999.000
202604151754,   1.082,   1.151,9999.000,9999.000,9999.000,9999.000,9999.000,9999.000,9999.000
202604151800,   1.034,   1.098,   0.000,   0.064,   1.098,   0.000,   1.098,   0.100,   1.198
202604151806,   0.985,   1.059,9999.000,9999.000,9999.000,9999.000,9999.000,9999.000,9999.000
202604151812,   0.937,   1.010,9999.000,9999.000,9999.000,9999.000,9999.000,9999.000,9999.000
202604151818,   0.890,   0.961,9999.000,9999.000,9999.000,9999.000,9999.000,9999.000,9999.000
202604151824,   0.843,   0.918,9999.000,9999.000,9999.000,9999.000,9999.000,9999.000,9999.000
202604151830,   0.797,   0.869,9999.000,9999.000,9999.000,9999.000,9999.000,9999.000,9999.000
202604151836,   0.752,   0.819,9999.000,9999.000,9999.000,9999.000,9999.000,9999.000,9999.000
202604151842,   0.709,   0.780,9999.000,9999.000,9999.000,9999.000,9999.000,9999.000,9999.000
202604151848,   0.667,   0.731,9999.000,9999.000,9999.000,9999.000,9999.000,9999.000,9999.000
202604151854,   0.626,   0.678,9999.000,9999.000,9999.000,9999.000,9999.000,9999.000,9999.000
202604151900,   0.586,   0.629,   0.000,   0.043,   0.629,   0.000,   0.629,   0.100,   0.729
202604151906,   0.548,   0.590,9999.000,9999.000,9999.000,9999.000,9999.000,9999.000,9999.000
202604151912,   0.512,   0.570,9999.000,9999.000,9999.000,9999.000,9999.000,9999.000,9999.000
202604151918,   0.477,   0.541,9999.000,9999.000,9999.000,9999.000,9999.000,9999.000,9999.000
202604151924,   0.444,   0.488,9999.000,9999.000,9999.000,9999.000,9999.000,9999.000,9999.000
202604151930,   0.412,   0.459,9999.000,9999.000,9999.000,9999.000,9999.000,9999.000,9999.000
202604151936,   0.382,   0.429,9999.000,9999.000,9999.000,9999.000,9999.000,9999.000,9999.000
202604151942,   0.354,   0.409,9999.000,9999.000,9999.000,9999.000,9999.000,9999.000,9999.000
202604151948,   0.328,   0.360,9999.000,9999.000,9999.000,9999.000,9999.000,9999.000,9999.000
202604151954,   0.303,   0.331,9999.000,9999.000,9999.000,9999.000,9999.000,9999.000,9999.000
202604152000,   0.280,   0.331,   0.000,   0.051,   0.331,   0.000,   0.331,   0.100,   0.431
202604152006,   0.258,   0.298,9999.000,9999.000,9999.000,9999.000,9999.000,9999.000,9999.000
202604152012,   0.238,   0.288,9999.000,9999.000,9999.000,9999.000,9999.000,9999.000,9999.000
202604152018,   0.220,   0.259,9999.000,9999.000,9999.000,9999.000,9999.000,9999.000,9999.000
202604152024,   0.203,   0.249,9999.000,9999.000,9999.000,9999.000,9999.000,9999.000,9999.000
202604152030,   0.188,   0.229,9999.000,9999.000,9999.000,9999.000,9999.000,9999.000,9999.000
202604152036,   0.175,   0.209,9999.000,9999.000,9999.000,9999.000,9999.000,9999.000,9999.000
202604152042,   0.163,   0.180,9999.000,9999.000,9999.000,9999.000,9999.000,9999.000,9999.000
202604152048,   0.153,   0.170,9999.000,9999.000,9999.000,9999.000,9999.000,9999.000,9999.000
202604152054,   0.145,   0.180,9999.000,9999.000,9999.000,9999.000,9999.000,9999.000,9999.000
202604152100,   0.138,   0.170,   0.100,  -0.068,   0.170,   0.000,   0.070,   0.100,   0.170
202604152106,   0.134,   0.170,9999.000,9999.000,9999.000,9999.000,9999.000,9999.000,9999.000
202604152112,   0.131,   0.150,9999.000,9999.000,9999.000,9999.000,9999.000,9999.000,9999.000
202604152118,   0.131,   0.141,9999.000,9999.000,9999.000,9999.000,9999.000,9999.000,9999.000
202604152124,   0.133,   0.150,9999.000,9999.000,9999.000,9999.000,9999.000,9999.000,9999.000
202604152130,   0.137,   0.141,9999.000,9999.000,9999.000,9999.000,9999.000,9999.000,9999.000
202604152136,   0.143,   0.141,9999.000,9999.000,9999.000,9999.000,9999.000,9999.000,9999.000
202604152142,   0.152,   0.150,9999.000,9999.000,9999.000,9999.000,9999.000,9999.000,9999.000
202604152148,   0.164,   0.180,9999.000,9999.000,9999.000,9999.000,9999.000,9999.000,9999.000
202604152154,   0.178,   0.190,9999.000,9999.000,9999.000,9999.000,9999.000,9999.000,9999.000
202604152200,   0.195,   0.209,   0.100,  -0.086,   0.209,   0.000,   0.109,   0.100,   0.209
202604152206,   0.215,   0.239,9999.000,9999.000,9999.000,9999.000,9999.000,9999.000,9999.000
202604152212,   0.238,   0.278,9999.000,9999.000,9999.000,9999.000,9999.000,9999.000,9999.000
202604152218,   0.264,   0.331,9999.000,9999.000,9999.000,9999.000,9999.000,9999.000,9999.000
202604152224,   0.293,   0.360,9999.000,9999.000,9999.000,9999.000,9999.000,9999.000,9999.000
202604152230,   0.325,   0.429,9999.000,9999.000,9999.000,9999.000,9999.000,9999.000,9999.000
202604152236,   0.360,   0.488,9999.000,9999.000,9999.000,9999.000,9999.000,9999.000,9999.000
202604152242,   0.397,   0.551,9999.000,9999.000,9999.000,9999.000,9999.000,9999.000,9999.000
202604152248,   0.438,   0.610,9999.000,9999.000,9999.000,9999.000,9999.000,9999.000,9999.000
202604152254,   0.481,   0.659,9999.000,9999.000,9999.000,9999.000,9999.000,9999.000,9999.000
202604152300,   0.527,   0.718,   0.100,   0.091,   0.718,   0.000,   0.618,   0.100,   0.718
202604152306,   0.575,   0.780,9999.000,9999.000,9999.000,9999.000,9999.000,9999.000,9999.000
202604152312,   0.626,   0.819,9999.000,9999.000,9999.000,9999.000,9999.000,9999.000,9999.000
202604152318,   0.679,   0.888,9999.000,9999.000,9999.000,9999.000,9999.000,9999.000,9999.000
202604152324,   0.734,   0.961,9999.000,9999.000,9999.000,9999.000,9999.000,9999.000,9999.000
202604152330,   0.790,   1.010,9999.000,9999.000,9999.000,9999.000,9999.000,9999.000,9999.000
202604152336,   0.848,   1.059,9999.000,9999.000,9999.000,9999.000,9999.000,9999.000,9999.000
202604152342,   0.907,   1.118,9999.000,9999.000,9999.000,9999.000,9999.000,9999.000,9999.000
202604152348,   0.967,   1.180,9999.000,9999.000,9999.000,9999.000,9999.000,9999.000,9999.000
202604152354,   1.027,   1.220,9999.000,9999.000,9999.000,9999.000,9999.000,9999.000,9999.000
202604160000,   1.088,   1.289,   0.200,   0.001,   1.289,   0.100,   1.189,   0.200,   1.289
202604160006,   1.150,   1.371,9999.000,9999.000,9999.000,9999.000,9999.000,9999.000,9999.000
202604160012,   1.211,   1.430,9999.000,9999.000,9999.000,9999.000,9999.000,9999.000,9999.000
202604160018,   1.271,   1.498,9999.000,9999.000,9999.000,9999.000,9999.000,9999.000,9999.000
202604160024,   1.332,   1.548,9999.000,9999.000,9999.000,9999.000,9999.000,9999.000,9999.000
202604160030,   1.391,   1.610,9999.000,9999.000,9999.000,9999.000,9999.000,9999.000,9999.000
202604160036,   1.449,   1.659,9999.000,9999.000,9999.000,9999.000,9999.000,9999.000,9999.000
202604160042,   1.507,   1.718,9999.000,9999.000,9999.000,9999.000,9999.000,9999.000,9999.000
202604160048,   1.562,   1.767,9999.000,9999.000,9999.000,9999.000,9999.000,9999.000,9999.000
202604160054,   1.617,   1.810,9999.000,9999.000,9999.000,9999.000,9999.000,9999.000,9999.000
202604160100,   1.669,   1.859,   0.200,  -0.010,   1.859,   0.100,   1.759,   0.200,   1.859
202604160106,   1.720,   1.899,9999.000,9999.000,9999.000,9999.000,9999.000,9999.000,9999.000
202604160112,   1.769,   1.948,9999.000,9999.000,9999.000,9999.000,9999.000,9999.000,9999.000
202604160118,   1.816,   1.981,9999.000,9999.000,9999.000,9999.000,9999.000,9999.000,9999.000
202604160124,   1.861,   2.020,9999.000,9999.000,9999.000,9999.000,9999.000,9999.000,9999.000
202604160130,   1.904,   2.059,9999.000,9999.000,9999.000,9999.000,9999.000,9999.000,9999.000
202604160136,   1.944,   2.099,9999.000,9999.000,9999.000,9999.000,9999.000,9999.000,9999.000
202604160142,   1.983,   2.138,9999.000,9999.000,9999.000,9999.000,9999.000,9999.000,9999.000
202604160148,   2.019,   2.168,9999.000,9999.000,9999.000,9999.000,9999.000,9999.000,9999.000
202604160154,   2.053,   2.210,9999.000,9999.000,9999.000,9999.000,9999.000,9999.000,9999.000
202604160200,   2.084,   2.240,   0.200,  -0.044,   2.240,   0.100,   2.140,   0.200,   2.240
202604160206,   2.113,   2.259,9999.000,9999.000,9999.000,9999.000,9999.000,9999.000,9999.000
202604160212,   2.140,   2.279,9999.000,9999.000,9999.000,9999.000,9999.000,9999.000,9999.000
202604160218,   2.165,   2.299,9999.000,9999.000,9999.000,9999.000,9999.000,9999.000,9999.000
202604160224,   2.187,   2.318,9999.000,9999.000,9999.000,9999.000,9999.000,9999.000,9999.000
202604160230,   2.206,   2.338,9999.000,9999.000,9999.000,9999.000,9999.000,9999.000,9999.000
202604160236,   2.224,   2.358,9999.000,9999.000,9999.000,9999.000,9999.000,9999.000,9999.000
202604160242,   2.239,   2.377,9999.000,9999.000,9999.000,9999.000,9999.000,9999.000,9999.000
202604160248,   2.252,   2.387,9999.000,9999.000,9999.000,9999.000,9999.000,9999.000,9999.000
202604160254,   2.262,   2.410,9999.000,9999.000,9999.000,9999.000,9999.000,9999.000,9999.000
202604160300,   2.270,   2.430,   0.200,  -0.040,   2.430,   0.100,   2.330,   0.200,   2.430
202604160306,   2.275,   2.450,9999.000,9999.000,9999.000,9999.000,9999.000,9999.000,9999.000
202604160312,   2.279,   2.459,9999.000,9999.000,9999.000,9999.000,9999.000,9999.000,9999.000
202604160318,   2.279,   2.459,9999.000,9999.000,9999.000,9999.000,9999.000,9999.000,9999.000
202604160324,   2.278,   2.479,9999.000,9999.000,9999.000,9999.000,9999.000,9999.000,9999.000
202604160330,   2.274,   2.489,9999.000,9999.000,9999.000,9999.000,9999.000,9999.000,9999.000
202604160336,   2.268,   2.489,9999.000,9999.000,9999.000,9999.000,9999.000,9999.000,9999.000
202604160342,   2.259,   2.499,9999.000,9999.000,9999.000,9999.000,9999.000,9999.000,9999.000
202604160348,   2.248,   2.499,9999.000,9999.000,9999.000,9999.000,9999.000,9999.000,9999.000
202604160354,   2.234,   2.499,9999.000,9999.000,9999.000,9999.000,9999.000,9999.000,9999.000
202604160400,   2.219,   2.499,   0.200,   0.080,   2.499,   0.100,   2.399,   0.200,   2.499
202604160406,   2.201,   2.489,9999.000,9999.000,9999.000,9999.000,9999.000,9999.000,9999.000
202604160412,   2.180,   2.479,9999.000,9999.000,9999.000,9999.000,9999.000,9999.000,9999.000
202604160418,   2.158,   2.469,9999.000,9999.000,9999.000,9999.000,9999.000,9999.000,9999.000
202604160424,   2.133,   2.450,9999.000,9999.000,9999.000,9999.000,9999.000,9999.000,9999.000
202604160430,   2.106,   2.430,9999.000,9999.000,9999.000,9999.000,9999.000,9999.000,9999.000
202604160436,   2.077,   2.420,9999.000,9999.000,9999.000,9999.000,9999.000,9999.000,9999.000
202604160442,   2.045,   2.387,9999.000,9999.000,9999.000,9999.000,9999.000,9999.000,9999.000
202604160448,   2.012,   2.348,9999.000,9999.000,9999.000,9999.000,9999.000,9999.000,9999.000
202604160454,   1.977,   2.318,9999.000,9999.000,9999.000,9999.000,9999.000,9999.000,9999.000
202604160500,   1.940,   2.289,   0.200,   0.149,   2.289,   0.100,   2.189,   0.200,   2.289
202604160506,   1.901,   2.250,9999.000,9999.000,9999.000,9999.000,9999.000,9999.000,9999.000
202604160512,   1.860,   2.210,9999.000,9999.000,9999.000,9999.000,9999.000,9999.000,9999.000
202604160518,   1.818,   2.168,9999.000,9999.000,9999.000,9999.000,9999.000,9999.000,9999.000
202604160524,   1.775,   2.128,9999.000,9999.000,9999.000,9999.000,9999.000,9999.000,9999.000
202604160530,   1.730,   2.069,9999.000,9999.000,9999.000,9999.000,9999.000,9999.000,9999.000
202604160536,   1.683,   2.020,9999.000,9999.000,9999.000,9999.000,9999.000,9999.000,9999.000
202604160542,   1.636,   1.981,9999.000,9999.000,9999.000,9999.000,9999.000,9999.000,9999.000
202604160548,   1.588,   1.908,9999.000,9999.000,9999.000,9999.000,9999.000,9999.000,9999.000
202604160554,   1.539,   1.869,9999.000,9999.000,9999.000,9999.000,9999.000,9999.000,9999.000
202604160600,   1.489,   1.820,   0.200,   0.131,   1.820,   0.100,   1.720,   0.300,   1.920
202604160606,   1.439,   1.758,9999.000,9999.000,9999.000,9999.000,9999.000,9999.000,9999.000
202604160612,   1.388,   1.699,9999.000,9999.000,9999.000,9999.000,9999.000,9999.000,9999.000
202604160618,   1.337,   1.659,9999.000,9999.000,9999.000,9999.000,9999.000,9999.000,9999.000
202604160624,   1.286,   1.600,9999.000,9999.000,9999.000,9999.000,9999.000,9999.000,9999.000
202604160630,   1.235,   1.548,9999.000,9999.000,9999.000,9999.000,9999.000,9999.000,9999.000
202604160636,   1.184,   1.498,9999.000,9999.000,9999.000,9999.000,9999.000,9999.000,9999.000
202604160642,   1.134,   1.449,9999.000,9999.000,9999.000,9999.000,9999.000,9999.000,9999.000
202604160648,   1.084,   1.390,9999.000,9999.000,9999.000,9999.000,9999.000,9999.000,9999.000
202604160654,   1.035,   1.361,9999.000,9999.000,9999.000,9999.000,9999.000,9999.000,9999.000
202604160700,   0.987,   1.298,   0.200,   0.111,   1.298,   0.100,   1.198,   0.300,   1.398
202604160706,   0.940,   1.249,9999.000,9999.000,9999.000,9999.000,9999.000,9999.000,9999.000
202604160712,   0.893,   1.200,9999.000,9999.000,9999.000,9999.000,9999.000,9999.000,9999.000
202604160718,   0.848,   1.180,9999.000,9999.000,9999.000,9999.000,9999.000,9999.000,9999.000
202604160724,   0.803,   1.118,9999.000,9999.000,9999.000,9999.000,9999.000,9999.000,9999.000
202604160730,   0.760,   1.088,9999.000,9999.000,9999.000,9999.000,9999.000,9999.000,9999.000
202604160736,   0.719,   1.049,9999.000,9999.000,9999.000,9999.000,9999.000,9999.000,9999.000
202604160742,   0.678,   1.000,9999.000,9999.000,9999.000,9999.000,9999.000,9999.000,9999.000
202604160748,   0.639,   0.961,9999.000,9999.000,9999.000,9999.000,9999.000,9999.000,9999.000
202604160754,   0.601,   0.941,9999.000,9999.000,9999.000,9999.000,9999.000,9999.000,9999.000
202604160800,   0.565,   0.898,   0.200,   0.133,   0.898,   0.100,   0.798,   0.300,   0.998
202604160806,   0.529,   0.869,9999.000,9999.000,9999.000,9999.000,9999.000,9999.000,9999.000
202604160812,   0.496,   0.829,9999.000,9999.000,9999.000,9999.000,9999.000,9999.000,9999.000
202604160818,   0.463,   0.800,9999.000,9999.000,9999.000,9999.000,9999.000,9999.000,9999.000
202604160824,   0.432,   0.780,9999.000,9999.000,9999.000,9999.000,9999.000,9999.000,9999.000
202604160830,   0.402,   0.741,9999.000,9999.000,9999.000,9999.000,9999.000,9999.000,9999.000
202604160836,   0.373,   0.731,9999.000,9999.000,9999.000,9999.000,9999.000,9999.000,9999.000
202604160842,   0.346,   0.708,9999.000,9999.000,9999.000,9999.000,9999.000,9999.000,9999.000
202604160848,   0.320,   0.688,9999.000,9999.000,9999.000,9999.000,9999.000,9999.000,9999.000
202604160854,   0.296,   0.669,9999.000,9999.000,9999.000,9999.000,9999.000,9999.000,9999.000
202604160900,   0.273,   0.639,   0.200,   0.166,   0.639,   0.100,   0.539,   0.300,   0.739
202604160906,   0.251,   0.610,9999.000,9999.000,9999.000,9999.000,9999.000,9999.000,9999.000
202604160912,   0.231,   0.600,9999.000,9999.000,9999.000,9999.000,9999.000,9999.000,9999.000
202604160918,   0.212,   0.570,9999.000,9999.000,9999.000,9999.000,9999.000,9999.000,9999.000
202604160924,   0.195,   0.551,9999.000,9999.000,9999.000,9999.000,9999.000,9999.000,9999.000
202604160930,   0.179,   0.531,9999.000,9999.000,9999.000,9999.000,9999.000,9999.000,9999.000
202604160936,   0.166,   0.498,9999.000,9999.000,9999.000,9999.000,9999.000,9999.000,9999.000
202604160942,   0.154,   0.478,9999.000,9999.000,9999.000,9999.000,9999.000,9999.000,9999.000
202604160948,   0.145,   0.478,9999.000,9999.000,9999.000,9999.000,9999.000,9999.000,9999.000
202604160954,   0.137,   0.449,9999.000,9999.000,9999.000,9999.000,9999.000,9999.000,9999.000
202604161000,   0.132,   0.439,   0.200,   0.107,   0.439,   0.100,   0.339,   0.200,   0.439
202604161006,   0.130,   0.419,9999.000,9999.000,9999.000,9999.000,9999.000,9999.000,9999.000
202604161012,   0.130,   0.419,9999.000,9999.000,9999.000,9999.000,9999.000,9999.000,9999.000
202604161018,   0.132,   0.409,9999.000,9999.000,9999.000,9999.000,9999.000,9999.000,9999.000
202604161024,   0.138,   0.380,9999.000,9999.000,9999.000,9999.000,9999.000,9999.000,9999.000
202604161030,   0.147,   0.380,9999.000,9999.000,9999.000,9999.000,9999.000,9999.000,9999.000
202604161036,   0.158,   0.390,9999.000,9999.000,9999.000,9999.000,9999.000,9999.000,9999.000
202604161042,   0.173,   0.400,9999.000,9999.000,9999.000,9999.000,9999.000,9999.000,9999.000
202604161048,   0.190,   0.409,9999.000,9999.000,9999.000,9999.000,9999.000,9999.000,9999.000
202604161054,   0.211,   0.409,9999.000,9999.000,9999.000,9999.000,9999.000,9999.000,9999.000
202604161100,   0.235,   0.449,   0.200,   0.014,   0.449,   0.100,   0.349,   0.200,   0.449
202604161106,   0.263,   0.478,9999.000,9999.000,9999.000,9999.000,9999.000,9999.000,9999.000
202604161112,   0.293,   0.488,9999.000,9999.000,9999.000,9999.000,9999.000,9999.000,9999.000
202604161118,   0.326,   0.518,9999.000,9999.000,9999.000,9999.000,9999.000,9999.000,9999.000
202604161124,   0.363,   0.580,9999.000,9999.000,9999.000,9999.000,9999.000,9999.000,9999.000
202604161130,   0.402,   0.629,9999.000,9999.000,9999.000,9999.000,9999.000,9999.000,9999.000
202604161136,   0.444,   0.688,9999.000,9999.000,9999.000,9999.000,9999.000,9999.000,9999.000
202604161142,   0.488,   0.731,9999.000,9999.000,9999.000,9999.000,9999.000,9999.000,9999.000
202604161148,   0.534,   0.790,9999.000,9999.000,9999.000,9999.000,9999.000,9999.000,9999.000
202604161154,   0.583,   0.839,9999.000,9999.000,9999.000,9999.000,9999.000,9999.000,9999.000
202604161200,   0.633,   0.879,   0.200,   0.046,   0.879,   0.200,   0.879,   0.200,   0.879
202604161206,   0.685,   0.941,9999.000,9999.000,9999.000,9999.000,9999.000,9999.000,9999.000
202604161212,   0.739,   0.990,9999.000,9999.000,9999.000,9999.000,9999.000,9999.000,9999.000
202604161218,   0.793,   1.049,9999.000,9999.000,9999.000,9999.000,9999.000,9999.000,9999.000
202604161224,   0.848,   1.098,9999.000,9999.000,9999.000,9999.000,9999.000,9999.000,9999.000
202604161230,   0.904,   1.138,9999.000,9999.000,9999.000,9999.000,9999.000,9999.000,9999.000
202604161236,   0.960,   1.200,9999.000,9999.000,9999.000,9999.000,9999.000,9999.000,9999.000
202604161242,   1.017,   1.269,9999.000,9999.000,9999.000,9999.000,9999.000,9999.000,9999.000
202604161248,   1.073,   1.318,9999.000,9999.000,9999.000,9999.000,9999.000,9999.000,9999.000
202604161254,   1.128,   1.371,9999.000,9999.000,9999.000,9999.000,9999.000,9999.000,9999.000
202604161300,   1.183,   1.410,   0.200,   0.027,   1.410,   0.200,   1.410,   0.200,   1.410
202604161306,   1.238,   1.498,9999.000,9999.000,9999.000,9999.000,9999.000,9999.000,9999.000
202604161312,   1.291,   1.548,9999.000,9999.000,9999.000,9999.000,9999.000,9999.000,9999.000
202604161318,   1.343,   1.600,9999.000,9999.000,9999.000,9999.000,9999.000,9999.000,9999.000
202604161324,   1.393,   1.649,9999.000,9999.000,9999.000,9999.000,9999.000,9999.000,9999.000
202604161330,   1.442,   1.699,9999.000,9999.000,9999.000,9999.000,9999.000,9999.000,9999.000
202604161336,   1.490,   1.748,9999.000,9999.000,9999.000,9999.000,9999.000,9999.000,9999.000
202604161342,   1.536,   1.800,9999.000,9999.000,9999.000,9999.000,9999.000,9999.000,9999.000
202604161348,   1.579,   1.830,9999.000,9999.000,9999.000,9999.000,9999.000,9999.000,9999.000
202604161354,   1.621,   1.869,9999.000,9999.000,9999.000,9999.000,9999.000,9999.000,9999.000
202604161400,   1.661,   1.908,   0.200,   0.047,   1.908,   0.100,   1.808,   0.200,   1.908
202604161406,   1.699,   1.958,9999.000,9999.000,9999.000,9999.000,9999.000,9999.000,9999.000
202604161412,   1.735,   2.000,9999.000,9999.000,9999.000,9999.000,9999.000,9999.000,9999.000
202604161418,   1.768,   2.030,9999.000,9999.000,9999.000,9999.000,9999.000,9999.000,9999.000
202604161424,   1.800,   2.059,9999.000,9999.000,9999.000,9999.000,9999.000,9999.000,9999.000
202604161430,   1.829,   2.089,9999.000,9999.000,9999.000,9999.000,9999.000,9999.000,9999.000
202604161436,   1.856,   2.118,9999.000,9999.000,9999.000,9999.000,9999.000,9999.000,9999.000
202604161442,   1.880,   2.148,9999.000,9999.000,9999.000,9999.000,9999.000,9999.000,9999.000
202604161448,   1.903,   2.158,9999.000,9999.000,9999.000,9999.000,9999.000,9999.000,9999.000
202604161454,   1.923,   2.177,9999.000,9999.000,9999.000,9999.000,9999.000,9999.000,9999.000
202604161500,   1.940,   2.200,   0.200,   0.060,   2.200,   0.100,   2.100,   0.200,   2.200
202604161506,   1.955,   2.220,9999.000,9999.000,9999.000,9999.000,9999.000,9999.000,9999.000
202604161512,   1.968,   2.230,9999.000,9999.000,9999.000,9999.000,9999.000,9999.000,9999.000
202604161518,   1.979,   2.240,9999.000,9999.000,9999.000,9999.000,9999.000,9999.000,9999.000
202604161524,   1.987,   2.240,9999.000,9999.000,9999.000,9999.000,9999.000,9999.000,9999.000
202604161530,   1.992,   2.240,9999.000,9999.000,9999.000,9999.000,9999.000,9999.000,9999.000
202604161536,   1.995,   2.259,9999.000,9999.000,9999.000,9999.000,9999.000,9999.000,9999.000
202604161542,   1.996,   2.269,9999.000,9999.000,9999.000,9999.000,9999.000,9999.000,9999.000
202604161548,   1.994,   2.259,9999.000,9999.000,9999.000,9999.000,9999.000,9999.000,9999.000
202604161554,   1.990,   2.259,9999.000,9999.000,9999.000,9999.000,9999.000,9999.000,9999.000
202604161600,   1.983,   2.259,   0.200,   0.076,   2.259,   0.100,   2.159,   0.200,   2.259
202604161606,   1.974,   2.259,9999.000,9999.000,9999.000,9999.000,9999.000,9999.000,9999.000
202604161612,   1.962,   2.259,9999.000,9999.000,9999.000,9999.000,9999.000,9999.000,9999.000
202604161618,   1.948,   2.240,9999.000,9999.000,9999.000,9999.000,9999.000,9999.000,9999.000
202604161624,   1.932,   2.250,9999.000,9999.000,9999.000,9999.000,9999.000,9999.000,9999.000
202604161630,   1.913,   2.220,9999.000,9999.000,9999.000,9999.000,9999.000,9999.000,9999.000
202604161636,   1.892,   2.200,9999.000,9999.000,9999.000,9999.000,9999.000,9999.000,9999.000
202604161642,   1.868,   2.177,9999.000,9999.000,9999.000,9999.000,9999.000,9999.000,9999.000
202604161648,   1.842,   2.158,9999.000,9999.000,9999.000,9999.000,9999.000,9999.000,9999.000
202604161654,   1.814,   2.128,9999.000,9999.000,9999.000,9999.000,9999.000,9999.000,9999.000
202604161700,   1.783,   2.109,   0.100,   0.226,   2.109,   0.100,   2.109,   0.200,   2.209
202604161706,   1.751,9999.000,9999.000,9999.000,9999.000,9999.000,9999.000,9999.000,9999.000
202604161712,   1.716,9999.000,9999.000,9999.000,9999.000,9999.000,9999.000,9999.000,9999.000
202604161718,   1.680,9999.000,9999.000,9999.000,9999.000,9999.000,9999.000,9999.000,9999.000
202604161724,   1.641,9999.000,9999.000,9999.000,9999.000,9999.000,9999.000,9999.000,9999.000
202604161730,   1.601,9999.000,9999.000,9999.000,9999.000,9999.000,9999.000,9999.000,9999.000
202604161736,   1.559,9999.000,9999.000,9999.000,9999.000,9999.000,9999.000,9999.000,9999.000
202604161742,   1.516,9999.000,9999.000,9999.000,9999.000,9999.000,9999.000,9999.000,9999.000
202604161748,   1.471,9999.000,9999.000,9999.000,9999.000,9999.000,9999.000,9999.000,9999.000
202604161754,   1.425,9999.000,9999.000,9999.000,9999.000,9999.000,9999.000,9999.000,9999.000
202604161800,   1.378,9999.000,   0.100,   0.208,   1.686,   0.100,   1.686,   0.200,   1.786
202604161806,   1.329,9999.000,9999.000,9999.000,9999.000,9999.000,9999.000,9999.000,9999.000
202604161812,   1.280,9999.000,9999.000,9999.000,9999.000,9999.000,9999.000,9999.000,9999.000
202604161818,   1.230,9999.000,9999.000,9999.000,9999.000,9999.000,9999.000,9999.000,9999.000
202604161824,   1.180,9999.000,9999.000,9999.000,9999.000,9999.000,9999.000,9999.000,9999.000
202604161830,   1.129,9999.000,9999.000,9999.000,9999.000,9999.000,9999.000,9999.000,9999.000
202604161836,   1.078,9999.000,9999.000,9999.000,9999.000,9999.000,9999.000,9999.000,9999.000
202604161842,   1.027,9999.000,9999.000,9999.000,9999.000,9999.000,9999.000,9999.000,9999.000
202604161848,   0.976,9999.000,9999.000,9999.000,9999.000,9999.000,9999.000,9999.000,9999.000
202604161854,   0.925,9999.000,9999.000,9999.000,9999.000,9999.000,9999.000,9999.000,9999.000
202604161900,   0.875,9999.000,   0.100,   0.191,   1.166,   0.100,   1.166,   0.200,   1.266
202604161906,   0.826,9999.000,9999.000,9999.000,9999.000,9999.000,9999.000,9999.000,9999.000
202604161912,   0.777,9999.000,9999.000,9999.000,9999.000,9999.000,9999.000,9999.000,9999.000
202604161918,   0.729,9999.000,9999.000,9999.000,9999.000,9999.000,9999.000,9999.000,9999.000
202604161924,   0.683,9999.000,9999.000,9999.000,9999.000,9999.000,9999.000,9999.000,9999.000
202604161930,   0.638,9999.000,9999.000,9999.000,9999.000,9999.000,9999.000,9999.000,9999.000
202604161936,   0.594,9999.000,9999.000,9999.000,9999.000,9999.000,9999.000,9999.000,9999.000
202604161942,   0.551,9999.000,9999.000,9999.000,9999.000,9999.000,9999.000,9999.000,9999.000
202604161948,   0.510,9999.000,9999.000,9999.000,9999.000,9999.000,9999.000,9999.000,9999.000
202604161954,   0.471,9999.000,9999.000,9999.000,9999.000,9999.000,9999.000,9999.000,9999.000
202604162000,   0.433,9999.000,   0.100,   0.173,   0.706,   0.100,   0.706,   0.200,   0.806
202604162006,   0.397,9999.000,9999.000,9999.000,9999.000,9999.000,9999.000,9999.000,9999.000
202604162012,   0.363,9999.000,9999.000,9999.000,9999.000,9999.000,9999.000,9999.000,9999.000
202604162018,   0.330,9999.000,9999.000,9999.000,9999.000,9999.000,9999.000,9999.000,9999.000
202604162024,   0.300,9999.000,9999.000,9999.000,9999.000,9999.000,9999.000,9999.000,9999.000
202604162030,   0.271,9999.000,9999.000,9999.000,9999.000,9999.000,9999.000,9999.000,9999.000
202604162036,   0.244,9999.000,9999.000,9999.000,9999.000,9999.000,9999.000,9999.000,9999.000
202604162042,   0.219,9999.000,9999.000,9999.000,9999.000,9999.000,9999.000,9999.000,9999.000
202604162048,   0.196,9999.000,9999.000,9999.000,9999.000,9999.000,9999.000,9999.000,9999.000
202604162054,   0.174,9999.000,9999.000,9999.000,9999.000,9999.000,9999.000,9999.000,9999.000
202604162100,   0.154,9999.000,   0.100,   0.155,   0.409,   0.000,   0.309,   0.100,   0.409
202604162106,   0.136,9999.000,9999.000,9999.000,9999.000,9999.000,9999.000,9999.000,9999.000
202604162112,   0.120,9999.000,9999.000,9999.000,9999.000,9999.000,9999.000,9999.000,9999.000
202604162118,   0.105,9999.000,9999.000,9999.000,9999.000,9999.000,9999.000,9999.000,9999.000
202604162124,   0.093,9999.000,9999.000,9999.000,9999.000,9999.000,9999.000,9999.000,9999.000
202604162130,   0.082,9999.000,9999.000,9999.000,9999.000,9999.000,9999.000,9999.000,9999.000
202604162136,   0.073,9999.000,9999.000,9999.000,9999.000,9999.000,9999.000,9999.000,9999.000
202604162142,   0.066,9999.000,9999.000,9999.000,9999.000,9999.000,9999.000,9999.000,9999.000
202604162148,   0.061,9999.000,9999.000,9999.000,9999.000,9999.000,9999.000,9999.000,9999.000
202604162154,   0.058,9999.000,9999.000,9999.000,9999.000,9999.000,9999.000,9999.000,9999.000
202604162200,   0.057,9999.000,   0.100,   0.138,   0.295,   0.000,   0.195,   0.200,   0.395
202604162206,   0.058,9999.000,9999.000,9999.000,9999.000,9999.000,9999.000,9999.000,9999.000
202604162212,   0.062,9999.000,9999.000,9999.000,9999.000,9999.000,9999.000,9999.000,9999.000
202604162218,   0.068,9999.000,9999.000,9999.000,9999.000,9999.000,9999.000,9999.000,9999.000
202604162224,   0.077,9999.000,9999.000,9999.000,9999.000,9999.000,9999.000,9999.000,9999.000
202604162230,   0.088,9999.000,9999.000,9999.000,9999.000,9999.000,9999.000,9999.000,9999.000
202604162236,   0.103,9999.000,9999.000,9999.000,9999.000,9999.000,9999.000,9999.000,9999.000
202604162242,   0.120,9999.000,9999.000,9999.000,9999.000,9999.000,9999.000,9999.000,9999.000
202604162248,   0.139,9999.000,9999.000,9999.000,9999.000,9999.000,9999.000,9999.000,9999.000
202604162254,   0.162,9999.000,9999.000,9999.000,9999.000,9999.000,9999.000,9999.000,9999.000
202604162300,   0.189,9999.000,   0.100,   0.120,   0.409,   0.000,   0.309,   0.200,   0.509
202604162306,   0.218,9999.000,9999.000,9999.000,9999.000,9999.000,9999.000,9999.000,9999.000
202604162312,   0.250,9999.000,9999.000,9999.000,9999.000,9999.000,9999.000,9999.000,9999.000
202604162318,   0.286,9999.000,9999.000,9999.000,9999.000,9999.000,9999.000,9999.000,9999.000
202604162324,   0.324,9999.000,9999.000,9999.000,9999.000,9999.000,9999.000,9999.000,9999.000
202604162330,   0.366,9999.000,9999.000,9999.000,9999.000,9999.000,9999.000,9999.000,9999.000
202604162336,   0.411,9999.000,9999.000,9999.000,9999.000,9999.000,9999.000,9999.000,9999.000
202604162342,   0.458,9999.000,9999.000,9999.000,9999.000,9999.000,9999.000,9999.000,9999.000
202604162348,   0.509,9999.000,9999.000,9999.000,9999.000,9999.000,9999.000,9999.000,9999.000
202604162354,   0.561,9999.000,9999.000,9999.000,9999.000,9999.000,9999.000,9999.000,9999.000
202604170000,   0.617,9999.000,   0.100,   0.103,   0.820,   0.000,   0.720,   0.200,   0.920
202604170006,   0.675,9999.000,9999.000,9999.000,9999.000,9999.000,9999.000,9999.000,9999.000
202604170012,   0.734,9999.000,9999.000,9999.000,9999.000,9999.000,9999.000,9999.000,9999.000
202604170018,   0.796,9999.000,9999.000,9999.000,9999.000,9999.000,9999.000,9999.000,9999.000
202604170024,   0.859,9999.000,9999.000,9999.000,9999.000,9999.000,9999.000,9999.000,9999.000
202604170030,   0.923,9999.000,9999.000,9999.000,9999.000,9999.000,9999.000,9999.000,9999.000
202604170036,   0.988,9999.000,9999.000,9999.000,9999.000,9999.000,9999.000,9999.000,9999.000
202604170042,   1.054,9999.000,9999.000,9999.000,9999.000,9999.000,9999.000,9999.000,9999.000
202604170048,   1.121,9999.000,9999.000,9999.000,9999.000,9999.000,9999.000,9999.000,9999.000
202604170054,   1.188,9999.000,9999.000,9999.000,9999.000,9999.000,9999.000,9999.000,9999.000
202604170100,   1.254,9999.000,   0.100,   0.085,   1.439,   0.000,   1.339,   0.200,   1.539
202604170106,   1.320,9999.000,9999.000,9999.000,9999.000,9999.000,9999.000,9999.000,9999.000
202604170112,   1.386,9999.000,9999.000,9999.000,9999.000,9999.000,9999.000,9999.000,9999.000
202604170118,   1.450,9999.000,9999.000,9999.000,9999.000,9999.000,9999.000,9999.000,9999.000
202604170124,   1.514,9999.000,9999.000,9999.000,9999.000,9999.000,9999.000,9999.000,9999.000
202604170130,   1.576,9999.000,9999.000,9999.000,9999.000,9999.000,9999.000,9999.000,9999.000
202604170136,   1.637,9999.000,9999.000,9999.000,9999.000,9999.000,9999.000,9999.000,9999.000
202604170142,   1.696,9999.000,9999.000,9999.000,9999.000,9999.000,9999.000,9999.000,9999.000
202604170148,   1.753,9999.000,9999.000,9999.000,9999.000,9999.000,9999.000,9999.000,9999.000
202604170154,   1.808,9999.000,9999.000,9999.000,9999.000,9999.000,9999.000,9999.000,9999.000
202604170200,   1.861,9999.000,   0.100,   0.067,   2.028,   0.000,   1.928,   0.200,   2.128
202604170206,   1.912,9999.000,9999.000,9999.000,9999.000,9999.000,9999.000,9999.000,9999.000
202604170212,   1.961,9999.000,9999.000,9999.000,9999.000,9999.000,9999.000,9999.000,9999.000
202604170218,   2.007,9999.000,9999.000,9999.000,9999.000,9999.000,9999.000,9999.000,9999.000
202604170224,   2.050,9999.000,9999.000,9999.000,9999.000,9999.000,9999.000,9999.000,9999.000
202604170230,   2.091,9999.000,9999.000,9999.000,9999.000,9999.000,9999.000,9999.000,9999.000
202604170236,   2.130,9999.000,9999.000,9999.000,9999.000,9999.000,9999.000,9999.000,9999.000
202604170242,   2.166,9999.000,9999.000,9999.000,9999.000,9999.000,9999.000,9999.000,9999.000
202604170248,   2.199,9999.000,9999.000,9999.000,9999.000,9999.000,9999.000,9999.000,9999.000
202604170254,   2.230,9999.000,9999.000,9999.000,9999.000,9999.000,9999.000,9999.000,9999.000
202604170300,   2.258,9999.000,   0.100,   0.050,   2.408,   0.000,   2.308,   0.200,   2.508
202604170306,   2.283,9999.000,9999.000,9999.000,9999.000,9999.000,9999.000,9999.000,9999.000
202604170312,   2.306,9999.000,9999.000,9999.000,9999.000,9999.000,9999.000,9999.000,9999.000
202604170318,   2.327,9999.000,9999.000,9999.000,9999.000,9999.000,9999.000,9999.000,9999.000
202604170324,   2.344,9999.000,9999.000,9999.000,9999.000,9999.000,9999.000,9999.000,9999.000
202604170330,   2.359,9999.000,9999.000,9999.000,9999.000,9999.000,9999.000,9999.000,9999.000
202604170336,   2.372,9999.000,9999.000,9999.000,9999.000,9999.000,9999.000,9999.000,9999.000
202604170342,   2.381,9999.000,9999.000,9999.000,9999.000,9999.000,9999.000,9999.000,9999.000
202604170348,   2.389,9999.000,9999.000,9999.000,9999.000,9999.000,9999.000,9999.000,9999.000
202604170354,   2.393,9999.000,9999.000,9999.000,9999.000,9999.000,9999.000,9999.000,9999.000
202604170400,   2.396,9999.000,   0.100,   0.032,   2.528,   0.000,   2.428,   0.200,   2.628
202604170406,   2.395,9999.000,9999.000,9999.000,9999.000,9999.000,9999.000,9999.000,9999.000
202604170412,   2.392,9999.000,9999.000,9999.000,9999.000,9999.000,9999.000,9999.000,9999.000
202604170418,   2.387,9999.000,9999.000,9999.000,9999.000,9999.000,9999.000,9999.000,9999.000
202604170424,   2.379,9999.000,9999.000,9999.000,9999.000,9999.000,9999.000,9999.000,9999.000
202604170430,   2.369,9999.000,9999.000,9999.000,9999.000,9999.000,9999.000,9999.000,9999.000
202604170436,   2.356,9999.000,9999.000,9999.000,9999.000,9999.000,9999.000,9999.000,9999.000
202604170442,   2.341,9999.000,9999.000,9999.000,9999.000,9999.000,9999.000,9999.000,9999.000
202604170448,   2.323,9999.000,9999.000,9999.000,9999.000,9999.000,9999.000,9999.000,9999.000
202604170454,   2.303,9999.000,9999.000,9999.000,9999.000,9999.000,9999.000,9999.000,9999.000
202604170500,   2.281,9999.000,   0.100,   0.014,   2.395,   0.000,   2.295,   0.200,   2.495
202604170506,   2.256,9999.000,9999.000,9999.000,9999.000,9999.000,9999.000,9999.000,9999.000
202604170512,   2.230,9999.000,9999.000,9999.000,9999.000,9999.000,9999.000,9999.000,9999.000
202604170518,   2.201,9999.000,9999.000,9999.000,9999.000,9999.000,9999.000,9999.000,9999.000
202604170524,   2.170,9999.000,9999.000,9999.000,9999.000,9999.000,9999.000,9999.000,9999.000
202604170530,   2.137,9999.000,9999.000,9999.000,9999.000,9999.000,9999.000,9999.000,9999.000
202604170536,   2.102,9999.000,9999.000,9999.000,9999.000,9999.000,9999.000,9999.000,9999.000
202604170542,   2.065,9999.000,9999.000,9999.000,9999.000,9999.000,9999.000,9999.000,9999.000
202604170548,   2.026,9999.000,9999.000,9999.000,9999.000,9999.000,9999.000,9999.000,9999.000
202604170554,   1.985,9999.000,9999.000,9999.000,9999.000,9999.000,9999.000,9999.000,9999.000
202604170600,   1.943,9999.000,   0.100,   0.014,   2.057,   0.000,   1.957,   0.200,   2.157
202604170606,   1.899,9999.000,9999.000,9999.000,9999.000,9999.000,9999.000,9999.000,9999.000
202604170612,   1.854,9999.000,9999.000,9999.000,9999.000,9999.000,9999.000,9999.000,9999.000
202604170618,   1.807,9999.000,9999.000,9999.000,9999.000,9999.000,9999.000,9999.000,9999.000
202604170624,   1.760,9999.000,9999.000,9999.000,9999.000,9999.000,9999.000,9999.000,9999.000
202604170630,   1.711,9999.000,9999.000,9999.000,9999.000,9999.000,9999.000,9999.000,9999.000
202604170636,   1.661,9999.000,9999.000,9999.000,9999.000,9999.000,9999.000,9999.000,9999.000
202604170642,   1.610,9999.000,9999.000,9999.000,9999.000,9999.000,9999.000,9999.000,9999.000
202604170648,   1.559,9999.000,9999.000,9999.000,9999.000,9999.000,9999.000,9999.000,9999.000
202604170654,   1.507,9999.000,9999.000,9999.000,9999.000,9999.000,9999.000,9999.000,9999.000
202604170700,   1.455,9999.000,   0.100,   0.014,   1.569,   0.000,   1.469,   0.200,   1.669
202604170706,   1.402,9999.000,9999.000,9999.000,9999.000,9999.000,9999.000,9999.000,9999.000
202604170712,   1.350,9999.000,9999.000,9999.000,9999.000,9999.000,9999.000,9999.000,9999.000
202604170718,   1.297,9999.000,9999.000,9999.000,9999.000,9999.000,9999.000,9999.000,9999.000
202604170724,   1.245,9999.000,9999.000,9999.000,9999.000,9999.000,9999.000,9999.000,9999.000
202604170730,   1.193,9999.000,9999.000,9999.000,9999.000,9999.000,9999.000,9999.000,9999.000
202604170736,   1.141,9999.000,9999.000,9999.000,9999.000,9999.000,9999.000,9999.000,9999.000
202604170742,   1.090,9999.000,9999.000,9999.000,9999.000,9999.000,9999.000,9999.000,9999.000
202604170748,   1.040,9999.000,9999.000,9999.000,9999.000,9999.000,9999.000,9999.000,9999.000
202604170754,   0.991,9999.000,9999.000,9999.000,9999.000,9999.000,9999.000,9999.000,9999.000
202604170800,   0.942,9999.000,   0.100,   0.014,   1.056,   0.000,   0.956,   0.200,   1.156
202604170806,   0.895,9999.000,9999.000,9999.000,9999.000,9999.000,9999.000,9999.000,9999.000
202604170812,   0.848,9999.000,9999.000,9999.000,9999.000,9999.000,9999.000,9999.000,9999.000
202604170818,   0.803,9999.000,9999.000,9999.000,9999.000,9999.000,9999.000,9999.000,9999.000
202604170824,   0.759,9999.000,9999.000,9999.000,9999.000,9999.000,9999.000,9999.000,9999.000
202604170830,   0.716,9999.000,9999.000,9999.000,9999.000,9999.000,9999.000,9999.000,9999.000
202604170836,   0.675,9999.000,9999.000,9999.000,9999.000,9999.000,9999.000,9999.000,9999.000
202604170842,   0.634,9999.000,9999.000,9999.000,9999.000,9999.000,9999.000,9999.000,9999.000
202604170848,   0.595,9999.000,9999.000,9999.000,9999.000,9999.000,9999.000,9999.000,9999.000
202604170854,   0.558,9999.000,9999.000,9999.000,9999.000,9999.000,9999.000,9999.000,9999.000
202604170900,   0.521,9999.000,   0.000,   0.014,   0.535,   0.000,   0.535,   0.100,   0.635
202604170906,   0.486,9999.000,9999.000,9999.000,9999.000,9999.000,9999.000,9999.000,9999.000
202604170912,   0.452,9999.000,9999.000,9999.000,9999.000,9999.000,9999.000,9999.000,9999.000
202604170918,   0.420,9999.000,9999.000,9999.000,9999.000,9999.000,9999.000,9999.000,9999.000
202604170924,   0.388,9999.000,9999.000,9999.000,9999.000,9999.000,9999.000,9999.000,9999.000
202604170930,   0.358,9999.000,9999.000,9999.000,9999.000,9999.000,9999.000,9999.000,9999.000
202604170936,   0.330,9999.000,9999.000,9999.000,9999.000,9999.000,9999.000,9999.000,9999.000
202604170942,   0.302,9999.000,9999.000,9999.000,9999.000,9999.000,9999.000,9999.000,9999.000
202604170948,   0.276,9999.000,9999.000,9999.000,9999.000,9999.000,9999.000,9999.000,9999.000
202604170954,   0.252,9999.000,9999.000,9999.000,9999.000,9999.000,9999.000,9999.000,9999.000
202604171000,   0.229,9999.000,   0.000,   0.014,   0.243,   0.000,   0.243,   0.100,   0.343
202604171006,   0.207,9999.000,9999.000,9999.000,9999.000,9999.000,9999.000,9999.000,9999.000
202604171012,   0.188,9999.000,9999.000,9999.000,9999.000,9999.000,9999.000,9999.000,9999.000
202604171018,   0.169,9999.000,9999.000,9999.000,9999.000,9999.000,9999.000,9999.000,9999.000
202604171024,   0.153,9999.000,9999.000,9999.000,9999.000,9999.000,9999.000,9999.000,9999.000
202604171030,   0.139,9999.000,9999.000,9999.000,9999.000,9999.000,9999.000,9999.000,9999.000
202604171036,   0.127,9999.000,9999.000,9999.000,9999.000,9999.000,9999.000,9999.000,9999.000
202604171042,   0.117,9999.000,9999.000,9999.000,9999.000,9999.000,9999.000,9999.000,9999.000
202604171048,   0.109,9999.000,9999.000,9999.000,9999.000,9999.000,9999.000,9999.000,9999.000
202604171054,   0.104,9999.000,9999.000,9999.000,9999.000,9999.000,9999.000,9999.000,9999.000
202604171100,   0.102,9999.000,   0.000,   0.014,   0.116,   0.000,   0.116,   0.100,   0.216
202604171106,   0.102,9999.000,9999.000,9999.000,9999.000,9999.000,9999.000,9999.000,9999.000
202604171112,   0.105,9999.000,9999.000,9999.000,9999.000,9999.000,9999.000,9999.000,9999.000
202604171118,   0.112,9999.000,9999.000,9999.000,9999.000,9999.000,9999.000,9999.000,9999.000
202604171124,   0.121,9999.000,9999.000,9999.000,9999.000,9999.000,9999.000,9999.000,9999.000
202604171130,   0.134,9999.000,9999.000,9999.000,9999.000,9999.000,9999.000,9999.000,9999.000
202604171136,   0.150,9999.000,9999.000,9999.000,9999.000,9999.000,9999.000,9999.000,9999.000
202604171142,   0.169,9999.000,9999.000,9999.000,9999.000,9999.000,9999.000,9999.000,9999.000
202604171148,   0.192,9999.000,9999.000,9999.000,9999.000,9999.000,9999.000,9999.000,9999.000
202604171154,   0.218,9999.000,9999.000,9999.000,9999.000,9999.000,9999.000,9999.000,9999.000
202604171200,   0.247,9999.000,   0.000,   0.014,   0.261,   0.000,   0.261,   0.100,   0.361
202604171206,   0.280,9999.000,9999.000,9999.000,9999.000,9999.000,9999.000,9999.000,9999.000
202604171212,   0.315,9999.000,9999.000,9999.000,9999.000,9999.000,9999.000,9999.000,9999.000
202604171218,   0.354,9999.000,9999.000,9999.000,9999.000,9999.000,9999.000,9999.000,9999.000
202604171224,   0.395,9999.000,9999.000,9999.000,9999.000,9999.000,9999.000,9999.000,9999.000
202604171230,   0.439,9999.000,9999.000,9999.000,9999.000,9999.000,9999.000,9999.000,9999.000
202604171236,   0.486,9999.000,9999.000,9999.000,9999.000,9999.000,9999.000,9999.000,9999.000
202604171242,   0.535,9999.000,9999.000,9999.000,9999.000,9999.000,9999.000,9999.000,9999.000
202604171248,   0.586,9999.000,9999.000,9999.000,9999.000,9999.000,9999.000,9999.000,9999.000
202604171254,   0.639,9999.000,9999.000,9999.000,9999.000,9999.000,9999.000,9999.000,9999.000
202604171300,   0.693,9999.000,   0.000,   0.014,   0.707,   0.000,   0.707,   0.100,   0.807
202604171306,   0.748,9999.000,9999.000,9999.000,9999.000,9999.000,9999.000,9999.000,9999.000
202604171312,   0.805,9999.000,9999.000,9999.000,9999.000,9999.000,9999.000,9999.000,9999.000
202604171318,   0.862,9999.000,9999.000,9999.000,9999.000,9999.000,9999.000,9999.000,9999.000
202604171324,   0.920,9999.000,9999.000,9999.000,9999.000,9999.000,9999.000,9999.000,9999.000
202604171330,   0.978,9999.000,9999.000,9999.000,9999.000,9999.000,9999.000,9999.000,9999.000
202604171336,   1.035,9999.000,9999.000,9999.000,9999.000,9999.000,9999.000,9999.000,9999.000
202604171342,   1.093,9999.000,9999.000,9999.000,9999.000,9999.000,9999.000,9999.000,9999.000
202604171348,   1.150,9999.000,9999.000,9999.000,9999.000,9999.000,9999.000,9999.000,9999.000
202604171354,   1.206,9999.000,9999.000,9999.000,9999.000,9999.000,9999.000,9999.000,9999.000
202604171400,   1.261,9999.000,   0.000,   0.014,   1.275,   0.000,   1.275,   0.100,   1.375
202604171406,   1.315,9999.000,9999.000,9999.000,9999.000,9999.000,9999.000,9999.000,9999.000
202604171412,   1.367,9999.000,9999.000,9999.000,9999.000,9999.000,9999.000,9999.000,9999.000
202604171418,   1.418,9999.000,9999.000,9999.000,9999.000,9999.000,9999.000,9999.000,9999.000
202604171424,   1.467,9999.000,9999.000,9999.000,9999.000,9999.000,9999.000,9999.000,9999.000
202604171430,   1.515,9999.000,9999.000,9999.000,9999.000,9999.000,9999.000,9999.000,9999.000
202604171436,   1.560,9999.000,9999.000,9999.000,9999.000,9999.000,9999.000,9999.000,9999.000
202604171442,   1.604,9999.000,9999.000,9999.000,9999.000,9999.000,9999.000,9999.000,9999.000
202604171448,   1.645,9999.000,9999.000,9999.000,9999.000,9999.000,9999.000,9999.000,9999.000
202604171454,   1.684,9999.000,9999.000,9999.000,9999.000,9999.000,9999.000,9999.000,9999.000
202604171500,   1.721,9999.000,   0.000,   0.014,   1.735,   0.000,   1.735,   0.100,   1.835
202604171506,   1.755,9999.000,9999.000,9999.000,9999.000,9999.000,9999.000,9999.000,9999.000
202604171512,   1.788,9999.000,9999.000,9999.000,9999.000,9999.000,9999.000,9999.000,9999.000
202604171518,   1.817,9999.000,9999.000,9999.000,9999.000,9999.000,9999.000,9999.000,9999.000
202604171524,   1.845,9999.000,9999.000,9999.000,9999.000,9999.000,9999.000,9999.000,9999.000
202604171530,   1.870,9999.000,9999.000,9999.000,9999.000,9999.000,9999.000,9999.000,9999.000
202604171536,   1.892,9999.000,9999.000,9999.000,9999.000,9999.000,9999.000,9999.000,9999.000
202604171542,   1.912,9999.000,9999.000,9999.000,9999.000,9999.000,9999.000,9999.000,9999.000
202604171548,   1.930,9999.000,9999.000,9999.000,9999.000,9999.000,9999.000,9999.000,9999.000
202604171554,   1.945,9999.000,9999.000,9999.000,9999.000,9999.000,9999.000,9999.000,9999.000
202604171600,   1.957,9999.000,   0.100,   0.014,   2.071,   0.000,   1.971,   0.100,   2.071
202604171606,   1.967,9999.000,9999.000,9999.000,9999.000,9999.000,9999.000,9999.000,9999.000
202604171612,   1.974,9999.000,9999.000,9999.000,9999.000,9999.000,9999.000,9999.000,9999.000
202604171618,   1.979,9999.000,9999.000,9999.000,9999.000,9999.000,9999.000,9999.000,9999.000
202604171624,   1.981,9999.000,9999.000,9999.000,9999.000,9999.000,9999.000,9999.000,9999.000
202604171630,   1.981,9999.000,9999.000,9999.000,9999.000,9999.000,9999.000,9999.000,9999.000
202604171636,   1.978,9999.000,9999.000,9999.000,9999.000,9999.000,9999.000,9999.000,9999.000
202604171642,   1.973,9999.000,9999.000,9999.000,9999.000,9999.000,9999.000,9999.000,9999.000
202604171648,   1.965,9999.000,9999.000,9999.000,9999.000,9999.000,9999.000,9999.000,9999.000
202604171654,   1.954,9999.000,9999.000,9999.000,9999.000,9999.000,9999.000,9999.000,9999.000
202604171700,   1.941,9999.000,   0.100,   0.014,   2.055,   0.000,   1.955,   0.100,   2.055
202604171706,   1.926,9999.000,9999.000,9999.000,9999.000,9999.000,9999.000,9999.000,9999.000
202604171712,   1.908,9999.000,9999.000,9999.000,9999.000,9999.000,9999.000,9999.000,9999.000
202604171718,   1.888,9999.000,9999.000,9999.000,9999.000,9999.000,9999.000,9999.000,9999.000
202604171724,   1.865,9999.000,9999.000,9999.000,9999.000,9999.000,9999.000,9999.000,9999.000
202604171730,   1.840,9999.000,9999.000,9999.000,9999.000,9999.000,9999.000,9999.000,9999.000
202604171736,   1.812,9999.000,9999.000,9999.000,9999.000,9999.000,9999.000,9999.000,9999.000
202604171742,   1.783,9999.000,9999.000,9999.000,9999.000,9999.000,9999.000,9999.000,9999.000
202604171748,   1.751,9999.000,9999.000,9999.000,9999.000,9999.000,9999.000,9999.000,9999.000
202604171754,   1.717,9999.000,9999.000,9999.000,9999.000,9999.000,9999.000,9999.000,9999.000
202604171800,   1.681,9999.000,   0.100,   0.014,   1.795,   0.000,   1.695,   0.100,   1.795
202604171806,   1.643,9999.000,9999.000,9999.000,9999.000,9999.000,9999.000,9999.000,9999.000
202604171812,   1.603,9999.000,9999.000,9999.000,9999.000,9999.000,9999.000,9999.000,9999.000
202604171818,   1.562,9999.000,9999.000,9999.000,9999.000,9999.000,9999.000,9999.000,9999.000
202604171824,   1.519,9999.000,9999.000,9999.000,9999.000,9999.000,9999.000,9999.000,9999.000
202604171830,   1.474,9999.000,9999.000,9999.000,9999.000,9999.000,9999.000,9999.000,9999.000
202604171836,   1.428,9999.000,9999.000,9999.000,9999.000,9999.000,9999.000,9999.000,9999.000
202604171842,   1.380,9999.000,9999.000,9999.000,9999.000,9999.000,9999.000,9999.000,9999.000
202604171848,   1.332,9999.000,9999.000,9999.000,9999.000,9999.000,9999.000,9999.000,9999.000
202604171854,   1.282,9999.000,9999.000,9999.000,9999.000,9999.000,9999.000,9999.000,9999.000
202604171900,   1.232,9999.000,   0.100,   0.014,   1.346,   0.000,   1.246,   0.100,   1.346
202604171906,   1.181,9999.000,9999.000,9999.000,9999.000,9999.000,9999.000,9999.000,9999.000
202604171912,   1.129,9999.000,9999.000,9999.000,9999.000,9999.000,9999.000,9999.000,9999.000
202604171918,   1.077,9999.000,9999.000,9999.000,9999.000,9999.000,9999.000,9999.000,9999.000
202604171924,   1.025,9999.000,9999.000,9999.000,9999.000,9999.000,9999.000,9999.000,9999.000
202604171930,   0.973,9999.000,9999.000,9999.000,9999.000,9999.000,9999.000,9999.000,9999.000
202604171936,   0.922,9999.000,9999.000,9999.000,9999.000,9999.000,9999.000,9999.000,9999.000
202604171942,   0.870,9999.000,9999.000,9999.000,9999.000,9999.000,9999.000,9999.000,9999.000
202604171948,   0.819,9999.000,9999.000,9999.000,9999.000,9999.000,9999.000,9999.000,9999.000
202604171954,   0.769,9999.000,9999.000,9999.000,9999.000,9999.000,9999.000,9999.000,9999.000
202604172000,   0.719,9999.000,   0.100,   0.014,   0.833,   0.000,   0.733,   0.200,   0.933
202604172006,   0.671,9999.000,9999.000,9999.000,9999.000,9999.000,9999.000,9999.000,9999.000
202604172012,   0.624,9999.000,9999.000,9999.000,9999.000,9999.000,9999.000,9999.000,9999.000
202604172018,   0.578,9999.000,9999.000,9999.000,9999.000,9999.000,9999.000,9999.000,9999.000
202604172024,   0.533,9999.000,9999.000,9999.000,9999.000,9999.000,9999.000,9999.000,9999.000
202604172030,   0.490,9999.000,9999.000,9999.000,9999.000,9999.000,9999.000,9999.000,9999.000
202604172036,   0.448,9999.000,9999.000,9999.000,9999.000,9999.000,9999.000,9999.000,9999.000
202604172042,   0.409,9999.000,9999.000,9999.000,9999.000,9999.000,9999.000,9999.000,9999.000
202604172048,   0.370,9999.000,9999.000,9999.000,9999.000,9999.000,9999.000,9999.000,9999.000
202604172054,   0.334,9999.000,9999.000,9999.000,9999.000,9999.000,9999.000,9999.000,9999.000
202604172100,   0.300,9999.000,   0.100,   0.014,   0.414,   0.000,   0.314,   0.200,   0.514
202604172106,   0.267,9999.000,9999.000,9999.000,9999.000,9999.000,9999.000,9999.000,9999.000
202604172112,   0.236,9999.000,9999.000,9999.000,9999.000,9999.000,9999.000,9999.000,9999.000
202604172118,   0.207,9999.000,9999.000,9999.000,9999.000,9999.000,9999.000,9999.000,9999.000
202604172124,   0.180,9999.000,9999.000,9999.000,9999.000,9999.000,9999.000,9999.000,9999.000
202604172130,   0.155,9999.000,9999.000,9999.000,9999.000,9999.000,9999.000,9999.000,9999.000
202604172136,   0.132,9999.000,9999.000,9999.000,9999.000,9999.000,9999.000,9999.000,9999.000
202604172142,   0.111,9999.000,9999.000,9999.000,9999.000,9999.000,9999.000,9999.000,9999.000
202604172148,   0.092,9999.000,9999.000,9999.000,9999.000,9999.000,9999.000,9999.000,9999.000
202604172154,   0.074,9999.000,9999.000,9999.000,9999.000,9999.000,9999.000,9999.000,9999.000
202604172200,   0.059,9999.000,   0.200,   0.014,   0.273,   0.100,   0.173,   0.200,   0.273
202604172206,   0.045,9999.000,9999.000,9999.000,9999.000,9999.000,9999.000,9999.000,9999.000
202604172212,   0.034,9999.000,9999.000,9999.000,9999.000,9999.000,9999.000,9999.000,9999.000
202604172218,   0.024,9999.000,9999.000,9999.000,9999.000,9999.000,9999.000,9999.000,9999.000
202604172224,   0.016,9999.000,9999.000,9999.000,9999.000,9999.000,9999.000,9999.000,9999.000
202604172230,   0.010,9999.000,9999.000,9999.000,9999.000,9999.000,9999.000,9999.000,9999.000
202604172236,   0.007,9999.000,9999.000,9999.000,9999.000,9999.000,9999.000,9999.000,9999.000
202604172242,   0.005,9999.000,9999.000,9999.000,9999.000,9999.000,9999.000,9999.000,9999.000
202604172248,   0.006,9999.000,9999.000,9999.000,9999.000,9999.000,9999.000,9999.000,9999.000
202604172254,   0.009,9999.000,9999.000,9999.000,9999.000,9999.000,9999.000,9999.000,9999.000
202604172300,   0.014,9999.000,   0.200,   0.014,   0.228,   0.100,   0.128,   0.200,   0.228
202604172306,   0.022,9999.000,9999.000,9999.000,9999.000,9999.000,9999.000,9999.000,9999.000
202604172312,   0.033,9999.000,9999.000,9999.000,9999.000,9999.000,9999.000,9999.000,9999.000
202604172318,   0.046,9999.000,9999.000,9999.000,9999.000,9999.000,9999.000,9999.000,9999.000
202604172324,   0.063,9999.000,9999.000,9999.000,9999.000,9999.000,9999.000,9999.000,9999.000
202604172330,   0.082,9999.000,9999.000,9999.000,9999.000,9999.000,9999.000,9999.000,9999.000
202604172336,   0.104,9999.000,9999.000,9999.000,9999.000,9999.000,9999.000,9999.000,9999.000
202604172342,   0.129,9999.000,9999.000,9999.000,9999.000,9999.000,9999.000,9999.000,9999.000
202604172348,   0.158,9999.000,9999.000,9999.000,9999.000,9999.000,9999.000,9999.000,9999.000
202604172354,   0.189,9999.000,9999.000,9999.000,9999.000,9999.000,9999.000,9999.000,9999.000
202604180000,   0.224,9999.000,   0.200,   0.014,   0.438,   0.100,   0.338,   0.200,   0.438
202604180006,   0.262,9999.000,9999.000,9999.000,9999.000,9999.000,9999.000,9999.000,9999.000
202604180012,   0.303,9999.000,9999.000,9999.000,9999.000,9999.000,9999.000,9999.000,9999.000
202604180018,   0.348,9999.000,9999.000,9999.000,9999.000,9999.000,9999.000,9999.000,9999.000
202604180024,   0.396,9999.000,9999.000,9999.000,9999.000,9999.000,9999.000,9999.000,9999.000
202604180030,   0.446,9999.000,9999.000,9999.000,9999.000,9999.000,9999.000,9999.000,9999.000
202604180036,   0.499,9999.000,9999.000,9999.000,9999.000,9999.000,9999.000,9999.000,9999.000
202604180042,   0.556,9999.000,9999.000,9999.000,9999.000,9999.000,9999.000,9999.000,9999.000
202604180048,   0.614,9999.000,9999.000,9999.000,9999.000,9999.000,9999.000,9999.000,9999.000
202604180054,   0.675,9999.000,9999.000,9999.000,9999.000,9999.000,9999.000,9999.000,9999.000
202604180100,   0.738,9999.000,   0.200,   0.014,   0.952,   0.200,   0.952,   0.300,   1.052
202604180106,   0.803,9999.000,9999.000,9999.000,9999.000,9999.000,9999.000,9999.000,9999.000
202604180112,   0.869,9999.000,9999.000,9999.000,9999.000,9999.000,9999.000,9999.000,9999.000
202604180118,   0.937,9999.000,9999.000,9999.000,9999.000,9999.000,9999.000,9999.000,9999.000
202604180124,   1.006,9999.000,9999.000,9999.000,9999.000,9999.000,9999.000,9999.000,9999.000
202604180130,   1.076,9999.000,9999.000,9999.000,9999.000,9999.000,9999.000,9999.000,9999.000
202604180136,   1.146,9999.000,9999.000,9999.000,9999.000,9999.000,9999.000,9999.000,9999.000
202604180142,   1.216,9999.000,9999.000,9999.000,9999.000,9999.000,9999.000,9999.000,9999.000
202604180148,   1.286,9999.000,9999.000,9999.000,9999.000,9999.000,9999.000,9999.000,9999.000
202604180154,   1.355,9999.000,9999.000,9999.000,9999.000,9999.000,9999.000,9999.000,9999.000
202604180200,   1.424,9999.000,   0.300,   0.014,   1.738,   0.200,   1.638,   0.300,   1.738
202604180206,   1.492,9999.000,9999.000,9999.000,9999.000,9999.000,9999.000,9999.000,9999.000
202604180212,   1.559,9999.000,9999.000,9999.000,9999.000,9999.000,9999.000,9999.000,9999.000
202604180218,   1.625,9999.000,9999.000,9999.000,9999.000,9999.000,9999.000,9999.000,9999.000
202604180224,   1.688,9999.000,9999.000,9999.000,9999.000,9999.000,9999.000,9999.000,9999.000
202604180230,   1.750,9999.000,9999.000,9999.000,9999.000,9999.000,9999.000,9999.000,9999.000
202604180236,   1.810,9999.000,9999.000,9999.000,9999.000,9999.000,9999.000,9999.000,9999.000
202604180242,   1.868,9999.000,9999.000,9999.000,9999.000,9999.000,9999.000,9999.000,9999.000
202604180248,   1.924,9999.000,9999.000,9999.000,9999.000,9999.000,9999.000,9999.000,9999.000
202604180254,   1.977,9999.000,9999.000,9999.000,9999.000,9999.000,9999.000,9999.000,9999.000
202604180300,   2.027,9999.000,   0.300,   0.014,   2.341,   0.200,   2.241,   0.300,   2.341
202604180306,   2.076,9999.000,9999.000,9999.000,9999.000,9999.000,9999.000,9999.000,9999.000
202604180312,   2.121,9999.000,9999.000,9999.000,9999.000,9999.000,9999.000,9999.000,9999.000
202604180318,   2.164,9999.000,9999.000,9999.000,9999.000,9999.000,9999.000,9999.000,9999.000
202604180324,   2.204,9999.000,9999.000,9999.000,9999.000,9999.000,9999.000,9999.000,9999.000
202604180330,   2.241,9999.000,9999.000,9999.000,9999.000,9999.000,9999.000,9999.000,9999.000
202604180336,   2.275,9999.000,9999.000,9999.000,9999.000,9999.000,9999.000,9999.000,9999.000
202604180342,   2.307,9999.000,9999.000,9999.000,9999.000,9999.000,9999.000,9999.000,9999.000
202604180348,   2.335,9999.000,9999.000,9999.000,9999.000,9999.000,9999.000,9999.000,9999.000
202604180354,   2.361,9999.000,9999.000,9999.000,9999.000,9999.000,9999.000,9999.000,9999.000
202604180400,   2.385,9999.000,   0.300,   0.014,   2.699,   0.300,   2.699,   0.400,   2.799
202604180406,   2.405,9999.000,9999.000,9999.000,9999.000,9999.000,9999.000,9999.000,9999.000
202604180412,   2.423,9999.000,9999.000,9999.000,9999.000,9999.000,9999.000,9999.000,9999.000
202604180418,   2.438,9999.000,9999.000,9999.000,9999.000,9999.000,9999.000,9999.000,9999.000
202604180424,   2.450,9999.000,9999.000,9999.000,9999.000,9999.000,9999.000,9999.000,9999.000
202604180430,   2.459,9999.000,9999.000,9999.000,9999.000,9999.000,9999.000,9999.000,9999.000
202604180436,   2.466,9999.000,9999.000,9999.000,9999.000,9999.000,9999.000,9999.000,9999.000
202604180442,   2.470,9999.000,9999.000,9999.000,9999.000,9999.000,9999.000,9999.000,9999.000
202604180448,   2.472,9999.000,9999.000,9999.000,9999.000,9999.000,9999.000,9999.000,9999.000
202604180454,   2.471,9999.000,9999.000,9999.000,9999.000,9999.000,9999.000,9999.000,9999.000
202604180500,   2.467,9999.000,   0.300,   0.014,   2.781,   0.300,   2.781,   0.400,   2.881
202604180506,   2.461,9999.000,9999.000,9999.000,9999.000,9999.000,9999.000,9999.000,9999.000
202604180512,   2.453,9999.000,9999.000,9999.000,9999.000,9999.000,9999.000,9999.000,9999.000
202604180518,   2.442,9999.000,9999.000,9999.000,9999.000,9999.000,9999.000,9999.000,9999.000
202604180524,   2.428,9999.000,9999.000,9999.000,9999.000,9999.000,9999.000,9999.000,9999.000
202604180530,   2.412,9999.000,9999.000,9999.000,9999.000,9999.000,9999.000,9999.000,9999.000
202604180536,   2.394,9999.000,9999.000,9999.000,9999.000,9999.000,9999.000,9999.000,9999.000
202604180542,   2.373,9999.000,9999.000,9999.000,9999.000,9999.000,9999.000,9999.000,9999.000
202604180548,   2.351,9999.000,9999.000,9999.000,9999.000,9999.000,9999.000,9999.000,9999.000
202604180554,   2.325,9999.000,9999.000,9999.000,9999.000,9999.000,9999.000,9999.000,9999.000
202604180600,   2.298,9999.000,   0.300,   0.014,   2.612,   0.300,   2.612,   0.400,   2.712
202604180606,   2.269,9999.000,9999.000,9999.000,9999.000,9999.000,9999.000,9999.000,9999.000
202604180612,   2.237,9999.000,9999.000,9999.000,9999.000,9999.000,9999.000,9999.000,9999.000
202604180618,   2.204,9999.000,9999.000,9999.000,9999.000,9999.000,9999.000,9999.000,9999.000
202604180624,   2.168,9999.000,9999.000,9999.000,9999.000,9999.000,9999.000,9999.000,9999.000
202604180630,   2.131,9999.000,9999.000,9999.000,9999.000,9999.000,9999.000,9999.000,9999.000
202604180636,   2.092,9999.000,9999.000,9999.000,9999.000,9999.000,9999.000,9999.000,9999.000
202604180642,   2.051,9999.000,9999.000,9999.000,9999.000,9999.000,9999.000,9999.000,9999.000
202604180648,   2.009,9999.000,9999.000,9999.000,9999.000,9999.000,9999.000,9999.000,9999.000
202604180654,   1.965,9999.000,9999.000,9999.000,9999.000,9999.000,9999.000,9999.000,9999.000
202604180700,   1.919,9999.000,   0.300,   0.014,   2.233,   0.300,   2.233,   0.400,   2.333
202604180706,   1.873,9999.000,9999.000,9999.000,9999.000,9999.000,9999.000,9999.000,9999.000
202604180712,   1.825,9999.000,9999.000,9999.000,9999.000,9999.000,9999.000,9999.000,9999.000
202604180718,   1.776,9999.000,9999.000,9999.000,9999.000,9999.000,9999.000,9999.000,9999.000
202604180724,   1.726,9999.000,9999.000,9999.000,9999.000,9999.000,9999.000,9999.000,9999.000
202604180730,   1.676,9999.000,9999.000,9999.000,9999.000,9999.000,9999.000,9999.000,9999.000
202604180736,   1.624,9999.000,9999.000,9999.000,9999.000,9999.000,9999.000,9999.000,9999.000
202604180742,   1.572,9999.000,9999.000,9999.000,9999.000,9999.000,9999.000,9999.000,9999.000
202604180748,   1.520,9999.000,9999.000,9999.000,9999.000,9999.000,9999.000,9999.000,9999.000
202604180754,   1.467,9999.000,9999.000,9999.000,9999.000,9999.000,9999.000,9999.000,9999.000
202604180800,   1.414,9999.000,   0.300,   0.014,   1.728,   0.300,   1.728,   0.400,   1.828
202604180806,   1.362,9999.000,9999.000,9999.000,9999.000,9999.000,9999.000,9999.000,9999.000
202604180812,   1.309,9999.000,9999.000,9999.000,9999.000,9999.000,9999.000,9999.000,9999.000
202604180818,   1.257,9999.000,9999.000,9999.000,9999.000,9999.000,9999.000,9999.000,9999.000
202604180824,   1.205,9999.000,9999.000,9999.000,9999.000,9999.000,9999.000,9999.000,9999.000
202604180830,   1.153,9999.000,9999.000,9999.000,9999.000,9999.000,9999.000,9999.000,9999.000
202604180836,   1.102,9999.000,9999.000,9999.000,9999.000,9999.000,9999.000,9999.000,9999.000
202604180842,   1.052,9999.000,9999.000,9999.000,9999.000,9999.000,9999.000,9999.000,9999.000
202604180848,   1.003,9999.000,9999.000,9999.000,9999.000,9999.000,9999.000,9999.000,9999.000
202604180854,   0.955,9999.000,9999.000,9999.000,9999.000,9999.000,9999.000,9999.000,9999.000
202604180900,   0.907,9999.000,   0.300,   0.014,   1.221,   0.300,   1.221,   0.400,   1.321
202604180906,   0.861,9999.000,9999.000,9999.000,9999.000,9999.000,9999.000,9999.000,9999.000
202604180912,   0.816,9999.000,9999.000,9999.000,9999.000,9999.000,9999.000,9999.000,9999.000
202604180918,   0.772,9999.000,9999.000,9999.000,9999.000,9999.000,9999.000,9999.000,9999.000
202604180924,   0.729,9999.000,9999.000,9999.000,9999.000,9999.000,9999.000,9999.000,9999.000
202604180930,   0.687,9999.000,9999.000,9999.000,9999.000,9999.000,9999.000,9999.000,9999.000
202604180936,   0.647,9999.000,9999.000,9999.000,9999.000,9999.000,9999.000,9999.000,9999.000
202604180942,   0.607,9999.000,9999.000,9999.000,9999.000,9999.000,9999.000,9999.000,9999.000
202604180948,   0.570,9999.000,9999.000,9999.000,9999.000,9999.000,9999.000,9999.000,9999.000
202604180954,   0.533,9999.000,9999.000,9999.000,9999.000,9999.000,9999.000,9999.000,9999.000
202604181000,   0.497,9999.000,   0.400,   0.014,   0.911,   0.300,   0.811,   0.400,   0.911
202604181006,   0.463,9999.000,9999.000,9999.000,9999.000,9999.000,9999.000,9999.000,9999.000
202604181012,   0.430,9999.000,9999.000,9999.000,9999.000,9999.000,9999.000,9999.000,9999.000
202604181018,   0.398,9999.000,9999.000,9999.000,9999.000,9999.000,9999.000,9999.000,9999.000
202604181024,   0.368,9999.000,9999.000,9999.000,9999.000,9999.000,9999.000,9999.000,9999.000
202604181030,   0.338,9999.000,9999.000,9999.000,9999.000,9999.000,9999.000,9999.000,9999.000
202604181036,   0.310,9999.000,9999.000,9999.000,9999.000,9999.000,9999.000,9999.000,9999.000
202604181042,   0.284,9999.000,9999.000,9999.000,9999.000,9999.000,9999.000,9999.000,9999.000
202604181048,   0.259,9999.000,9999.000,9999.000,9999.000,9999.000,9999.000,9999.000,9999.000
202604181054,   0.235,9999.000,9999.000,9999.000,9999.000,9999.000,9999.000,9999.000,9999.000
202604181100,   0.213,9999.000,   0.400,   0.014,   0.627,   0.300,   0.527,   0.400,   0.627
202604181106,   0.193,9999.000,9999.000,9999.000,9999.000,9999.000,9999.000,9999.000,9999.000
202604181112,   0.174,9999.000,9999.000,9999.000,9999.000,9999.000,9999.000,9999.000,9999.000
202604181118,   0.157,9999.000,9999.000,9999.000,9999.000,9999.000,9999.000,9999.000,9999.000
202604181124,   0.143,9999.000,9999.000,9999.000,9999.000,9999.000,9999.000,9999.000,9999.000
202604181130,   0.130,9999.000,9999.000,9999.000,9999.000,9999.000,9999.000,9999.000,9999.000
202604181136,   0.120,9999.000,9999.000,9999.000,9999.000,9999.000,9999.000,9999.000,9999.000
202604181142,   0.113,9999.000,9999.000,9999.000,9999.000,9999.000,9999.000,9999.000,9999.000
202604181148,   0.108,9999.000,9999.000,9999.000,9999.000,9999.000,9999.000,9999.000,9999.000
202604181154,   0.106,9999.000,9999.000,9999.000,9999.000,9999.000,9999.000,9999.000,9999.000
202604181200,   0.107,9999.000,   0.400,   0.014,   0.521,   0.300,   0.421,   0.400,   0.521
202604181206,   0.111,9999.000,9999.000,9999.000,9999.000,9999.000,9999.000,9999.000,9999.000
202604181212,   0.118,9999.000,9999.000,9999.000,9999.000,9999.000,9999.000,9999.000,9999.000
202604181218,   0.128,9999.000,9999.000,9999.000,9999.000,9999.000,9999.000,9999.000,9999.000
202604181224,   0.142,9999.000,9999.000,9999.000,9999.000,9999.000,9999.000,9999.000,9999.000
202604181230,   0.159,9999.000,9999.000,9999.000,9999.000,9999.000,9999.000,9999.000,9999.000
202604181236,   0.179,9999.000,9999.000,9999.000,9999.000,9999.000,9999.000,9999.000,9999.000
202604181242,   0.203,9999.000,9999.000,9999.000,9999.000,9999.000,9999.000,9999.000,9999.000
202604181248,   0.230,9999.000,9999.000,9999.000,9999.000,9999.000,9999.000,9999.000,9999.000
202604181254,   0.261,9999.000,9999.000,9999.000,9999.000,9999.000,9999.000,9999.000,9999.000
202604181300,   0.294,9999.000,   0.400,   0.014,   0.708,   0.300,   0.608,   0.400,   0.708
202604181306,   0.331,9999.000,9999.000,9999.000,9999.000,9999.000,9999.000,9999.000,9999.000
202604181312,   0.371,9999.000,9999.000,9999.000,9999.000,9999.000,9999.000,9999.000,9999.000
202604181318,   0.414,9999.000,9999.000,9999.000,9999.000,9999.000,9999.000,9999.000,9999.000
202604181324,   0.459,9999.000,9999.000,9999.000,9999.000,9999.000,9999.000,9999.000,9999.000
202604181330,   0.507,9999.000,9999.000,9999.000,9999.000,9999.000,9999.000,9999.000,9999.000
202604181336,   0.556,9999.000,9999.000,9999.000,9999.000,9999.000,9999.000,9999.000,9999.000
202604181342,   0.608,9999.000,9999.000,9999.000,9999.000,9999.000,9999.000,9999.000,9999.000
202604181348,   0.662,9999.000,9999.000,9999.000,9999.000,9999.000,9999.000,9999.000,9999.000
202604181354,   0.716,9999.000,9999.000,9999.000,9999.000,9999.000,9999.000,9999.000,9999.000
202604181400,   0.772,9999.000,   0.400,   0.014,   1.186,   0.400,   1.186,   0.500,   1.286
202604181406,   0.829,9999.000,9999.000,9999.000,9999.000,9999.000,9999.000,9999.000,9999.000
202604181412,   0.886,9999.000,9999.000,9999.000,9999.000,9999.000,9999.000,9999.000,9999.000
202604181418,   0.944,9999.000,9999.000,9999.000,9999.000,9999.000,9999.000,9999.000,9999.000
202604181424,   1.002,9999.000,9999.000,9999.000,9999.000,9999.000,9999.000,9999.000,9999.000
202604181430,   1.059,9999.000,9999.000,9999.000,9999.000,9999.000,9999.000,9999.000,9999.000
202604181436,   1.116,9999.000,9999.000,9999.000,9999.000,9999.000,9999.000,9999.000,9999.000
202604181442,   1.172,9999.000,9999.000,9999.000,9999.000,9999.000,9999.000,9999.000,9999.000
202604181448,   1.227,9999.000,9999.000,9999.000,9999.000,9999.000,9999.000,9999.000,9999.000
202604181454,   1.281,9999.000,9999.000,9999.000,9999.000,9999.000,9999.000,9999.000,9999.000
202604181500,   1.334,9999.000,   0.400,   0.014,   1.748,   0.400,   1.748,   0.500,   1.848
202604181506,   1.385,9999.000,9999.000,9999.000,9999.000,9999.000,9999.000,9999.000,9999.000
202604181512,   1.434,9999.000,9999.000,9999.000,9999.000,9999.000,9999.000,9999.000,9999.000
202604181518,   1.482,9999.000,9999.000,9999.000,9999.000,9999.000,9999.000,9999.000,9999.000
202604181524,   1.527,9999.000,9999.000,9999.000,9999.000,9999.000,9999.000,9999.000,9999.000
202604181530,   1.571,9999.000,9999.000,9999.000,9999.000,9999.000,9999.000,9999.000,9999.000
202604181536,   1.613,9999.000,9999.000,9999.000,9999.000,9999.000,9999.000,9999.000,9999.000
202604181542,   1.652,9999.000,9999.000,9999.000,9999.000,9999.000,9999.000,9999.000,9999.000
202604181548,   1.689,9999.000,9999.000,9999.000,9999.000,9999.000,9999.000,9999.000,9999.000
202604181554,   1.723,9999.000,9999.000,9999.000,9999.000,9999.000,9999.000,9999.000,9999.000
202604181600,   1.756,9999.000,   0.500,   0.014,   2.270,   0.400,   2.170,   0.500,   2.270
202604181606,   1.785,9999.000,9999.000,9999.000,9999.000,9999.000,9999.000,9999.000,9999.000
202604181612,   1.813,9999.000,9999.000,9999.000,9999.000,9999.000,9999.000,9999.000,9999.000
202604181618,   1.837,9999.000,9999.000,9999.000,9999.000,9999.000,9999.000,9999.000,9999.000
202604181624,   1.860,9999.000,9999.000,9999.000,9999.000,9999.000,9999.000,9999.000,9999.000
202604181630,   1.880,9999.000,9999.000,9999.000,9999.000,9999.000,9999.000,9999.000,9999.000
202604181636,   1.897,9999.000,9999.000,9999.000,9999.000,9999.000,9999.000,9999.000,9999.000
202604181642,   1.912,9999.000,9999.000,9999.000,9999.000,9999.000,9999.000,9999.000,9999.000
202604181648,   1.924,9999.000,9999.000,9999.000,9999.000,9999.000,9999.000,9999.000,9999.000
202604181654,   1.933,9999.000,9999.000,9999.000,9999.000,9999.000,9999.000,9999.000,9999.000
202604181700,   1.940,9999.000,   0.500,   0.014,   2.454,   0.400,   2.354,   0.500,   2.454
202604181706,   1.945,9999.000,9999.000,9999.000,9999.000,9999.000,9999.000,9999.000,9999.000
202604181712,   1.947,9999.000,9999.000,9999.000,9999.000,9999.000,9999.000,9999.000,9999.000
202604181718,   1.946,9999.000,9999.000,9999.000,9999.000,9999.000,9999.000,9999.000,9999.000
202604181724,   1.943,9999.000,9999.000,9999.000,9999.000,9999.000,9999.000,9999.000,9999.000
202604181730,   1.937,9999.000,9999.000,9999.000,9999.000,9999.000,9999.000,9999.000,9999.000
202604181736,   1.929,9999.000,9999.000,9999.000,9999.000,9999.000,9999.000,9999.000,9999.000
202604181742,   1.918,9999.000,9999.000,9999.000,9999.000,9999.000,9999.000,9999.000,9999.000
202604181748,   1.905,9999.000,9999.000,9999.000,9999.000,9999.000,9999.000,9999.000,9999.000
202604181754,   1.889,9999.000,9999.000,9999.000,9999.000,9999.000,9999.000,9999.000,9999.000
202604181800,   1.871,9999.000,   0.500,   0.014,   2.385,   0.400,   2.285,   0.600,   2.485
202604181806,   1.850,9999.000,9999.000,9999.000,9999.000,9999.000,9999.000,9999.000,9999.000
202604181812,   1.827,9999.000,9999.000,9999.000,9999.000,9999.000,9999.000,9999.000,9999.000
202604181818,   1.802,9999.000,9999.000,9999.000,9999.000,9999.000,9999.000,9999.000,9999.000
202604181824,   1.775,9999.000,9999.000,9999.000,9999.000,9999.000,9999.000,9999.000,9999.000
202604181830,   1.745,9999.000,9999.000,9999.000,9999.000,9999.000,9999.000,9999.000,9999.000
202604181836,   1.713,9999.000,9999.000,9999.000,9999.000,9999.000,9999.000,9999.000,9999.000
202604181842,   1.679,9999.000,9999.000,9999.000,9999.000,9999.000,9999.000,9999.000,9999.000
202604181848,   1.643,9999.000,9999.000,9999.000,9999.000,9999.000,9999.000,9999.000,9999.000
202604181854,   1.605,9999.000,9999.000,9999.000,9999.000,9999.000,9999.000,9999.000,9999.000
202604181900,   1.565,9999.000,   0.500,   0.014,   2.079,   0.400,   1.979,   0.600,   2.179
202604181906,   1.524,9999.000,9999.000,9999.000,9999.000,9999.000,9999.000,9999.000,9999.000
202604181912,   1.481,9999.000,9999.000,9999.000,9999.000,9999.000,9999.000,9999.000,9999.000
202604181918,   1.436,9999.000,9999.000,9999.000,9999.000,9999.000,9999.000,9999.000,9999.000
202604181924,   1.390,9999.000,9999.000,9999.000,9999.000,9999.000,9999.000,9999.000,9999.000
202604181930,   1.343,9999.000,9999.000,9999.000,9999.000,9999.000,9999.000,9999.000,9999.000
202604181936,   1.295,9999.000,9999.000,9999.000,9999.000,9999.000,9999.000,9999.000,9999.000
202604181942,   1.245,9999.000,9999.000,9999.000,9999.000,9999.000,9999.000,9999.000,9999.000
202604181948,   1.195,9999.000,9999.000,9999.000,9999.000,9999.000,9999.000,9999.000,9999.000
202604181954,   1.144,9999.000,9999.000,9999.000,9999.000,9999.000,9999.000,9999.000,9999.000
202604182000,   1.093,9999.000,   0.500,   0.014,   1.607,   0.500,   1.607,   0.600,   1.707
202604182006,   1.041,9999.000,9999.000,9999.000,9999.000,9999.000,9999.000,9999.000,9999.000
202604182012,   0.989,9999.000,9999.000,9999.000,9999.000,9999.000,9999.000,9999.000,9999.000
202604182018,   0.937,9999.000,9999.000,9999.000,9999.000,9999.000,9999.000,9999.000,9999.000
202604182024,   0.886,9999.000,9999.000,9999.000,9999.000,9999.000,9999.000,9999.000,9999.000
202604182030,   0.834,9999.000,9999.000,9999.000,9999.000,9999.000,9999.000,9999.000,9999.000
202604182036,   0.784,9999.000,9999.000,9999.000,9999.000,9999.000,9999.000,9999.000,9999.000
202604182042,   0.733,9999.000,9999.000,9999.000,9999.000,9999.000,9999.000,9999.000,9999.000
202604182048,   0.684,9999.000,9999.000,9999.000,9999.000,9999.000,9999.000,9999.000,9999.000
202604182054,   0.636,9999.000,9999.000,9999.000,9999.000,9999.000,9999.000,9999.000,9999.000
202604182100,   0.588,9999.000,   0.600,   0.014,   1.202,   0.500,   1.102,   0.700,   1.302
202604182106,   0.543,9999.000,9999.000,9999.000,9999.000,9999.000,9999.000,9999.000,9999.000
202604182112,   0.498,9999.000,9999.000,9999.000,9999.000,9999.000,9999.000,9999.000,9999.000
202604182118,   0.455,9999.000,9999.000,9999.000,9999.000,9999.000,9999.000,9999.000,9999.000
202604182124,   0.413,9999.000,9999.000,9999.000,9999.000,9999.000,9999.000,9999.000,9999.000
202604182130,   0.374,9999.000,9999.000,9999.000,9999.000,9999.000,9999.000,9999.000,9999.000
202604182136,   0.336,9999.000,9999.000,9999.000,9999.000,9999.000,9999.000,9999.000,9999.000
202604182142,   0.300,9999.000,9999.000,9999.000,9999.000,9999.000,9999.000,9999.000,9999.000
202604182148,   0.265,9999.000,9999.000,9999.000,9999.000,9999.000,9999.000,9999.000,9999.000
202604182154,   0.233,9999.000,9999.000,9999.000,9999.000,9999.000,9999.000,9999.000,9999.000
202604182200,   0.202,9999.000,   0.600,   0.014,   0.816,   0.500,   0.716,   0.700,   0.916
202604182206,   0.174,9999.000,9999.000,9999.000,9999.000,9999.000,9999.000,9999.000,9999.000
202604182212,   0.147,9999.000,9999.000,9999.000,9999.000,9999.000,9999.000,9999.000,9999.000
202604182218,   0.123,9999.000,9999.000,9999.000,9999.000,9999.000,9999.000,9999.000,9999.000
202604182224,   0.100,9999.000,9999.000,9999.000,9999.000,9999.000,9999.000,9999.000,9999.000
202604182230,   0.079,9999.000,9999.000,9999.000,9999.000,9999.000,9999.000,9999.000,9999.000
202604182236,   0.061,9999.000,9999.000,9999.000,9999.000,9999.000,9999.000,9999.000,9999.000
202604182242,   0.044,9999.000,9999.000,9999.000,9999.000,9999.000,9999.000,9999.000,9999.000
202604182248,   0.029,9999.000,9999.000,9999.000,9999.000,9999.000,9999.000,9999.000,9999.000
202604182254,   0.016,9999.000,9999.000,9999.000,9999.000,9999.000,9999.000,9999.000,9999.000
202604182300,   0.005,9999.000,   0.600,   0.014,   0.619,   0.500,   0.519,   0.700,   0.719
202604182306,  -0.003,9999.000,9999.000,9999.000,9999.000,9999.000,9999.000,9999.000,9999.000
202604182312,  -0.010,9999.000,9999.000,9999.000,9999.000,9999.000,9999.000,9999.000,9999.000
202604182318,  -0.015,9999.000,9999.000,9999.000,9999.000,9999.000,9999.000,9999.000,9999.000
202604182324,  -0.017,9999.000,9999.000,9999.000,9999.000,9999.000,9999.000,9999.000,9999.000
202604182330,  -0.018,9999.000,9999.000,9999.000,9999.000,9999.000,9999.000,9999.000,9999.000
202604182336,  -0.016,9999.000,9999.000,9999.000,9999.000,9999.000,9999.000,9999.000,9999.000
202604182342,  -0.012,9999.000,9999.000,9999.000,9999.000,9999.000,9999.000,9999.000,9999.000
202604182348,  -0.006,9999.000,9999.000,9999.000,9999.000,9999.000,9999.000,9999.000,9999.000
202604182354,   0.002,9999.000,9999.000,9999.000,9999.000,9999.000,9999.000,9999.000,9999.000
202604190000,   0.014,9999.000,   0.600,   0.014,   0.628,   0.500,   0.528,   0.700,   0.728
202604190006,   0.028,9999.000,9999.000,9999.000,9999.000,9999.000,9999.000,9999.000,9999.000
202604190012,   0.045,9999.000,9999.000,9999.000,9999.000,9999.000,9999.000,9999.000,9999.000
202604190018,   0.065,9999.000,9999.000,9999.000,9999.000,9999.000,9999.000,9999.000,9999.000
202604190024,   0.088,9999.000,9999.000,9999.000,9999.000,9999.000,9999.000,9999.000,9999.000
202604190030,   0.114,9999.000,9999.000,9999.000,9999.000,9999.000,9999.000,9999.000,9999.000
202604190036,   0.143,9999.000,9999.000,9999.000,9999.000,9999.000,9999.000,9999.000,9999.000
202604190042,   0.176,9999.000,9999.000,9999.000,9999.000,9999.000,9999.000,9999.000,9999.000
202604190048,   0.211,9999.000,9999.000,9999.000,9999.000,9999.000,9999.000,9999.000,9999.000
202604190054,   0.250,9999.000,9999.000,9999.000,9999.000,9999.000,9999.000,9999.000,9999.000
202604190100,   0.293,9999.000,   0.700,   0.014,   1.007,   0.500,   0.807,   0.800,   1.107
202604190106,   0.338,9999.000,9999.000,9999.000,9999.000,9999.000,9999.000,9999.000,9999.000
202604190112,   0.386,9999.000,9999.000,9999.000,9999.000,9999.000,9999.000,9999.000,9999.000
202604190118,   0.438,9999.000,9999.000,9999.000,9999.000,9999.000,9999.000,9999.000,9999.000
202604190124,   0.492,9999.000,9999.000,9999.000,9999.000,9999.000,9999.000,9999.000,9999.000
202604190130,   0.549,9999.000,9999.000,9999.000,9999.000,9999.000,9999.000,9999.000,9999.000
202604190136,   0.608,9999.000,9999.000,9999.000,9999.000,9999.000,9999.000,9999.000,9999.000
202604190142,   0.670,9999.000,9999.000,9999.000,9999.000,9999.000,9999.000,9999.000,9999.000
202604190148,   0.734,9999.000,9999.000,9999.000,9999.000,9999.000,9999.000,9999.000,9999.000
202604190154,   0.800,9999.000,9999.000,9999.000,9999.000,9999.000,9999.000,9999.000,9999.000
202604190200,   0.868,9999.000,   0.700,   0.014,   1.582,   0.600,   1.482,   0.800,   1.682
202604190206,   0.936,9999.000,9999.000,9999.000,9999.000,9999.000,9999.000,9999.000,9999.000
202604190212,   1.006,9999.000,9999.000,9999.000,9999.000,9999.000,9999.000,9999.000,9999.000
202604190218,   1.077,9999.000,9999.000,9999.000,9999.000,9999.000,9999.000,9999.000,9999.000
202604190224,   1.148,9999.000,9999.000,9999.000,9999.000,9999.000,9999.000,9999.000,9999.000
202604190230,   1.219,9999.000,9999.000,9999.000,9999.000,9999.000,9999.000,9999.000,9999.000
202604190236,   1.291,9999.000,9999.000,9999.000,9999.000,9999.000,9999.000,9999.000,9999.000
202604190242,   1.362,9999.000,9999.000,9999.000,9999.000,9999.000,9999.000,9999.000,9999.000
202604190248,   1.432,9999.000,9999.000,9999.000,9999.000,9999.000,9999.000,9999.000,9999.000
202604190254,   1.501,9999.000,9999.000,9999.000,9999.000,9999.000,9999.000,9999.000,9999.000
202604190300,   1.569,9999.000,   0.700,   0.014,   2.283,   0.600,   2.183,   0.800,   2.383
202604190306,   1.636,9999.000,9999.000,9999.000,9999.000,9999.000,9999.000,9999.000,9999.000
202604190312,   1.700,9999.000,9999.000,9999.000,9999.000,9999.000,9999.000,9999.000,9999.000
202604190318,   1.764,9999.000,9999.000,9999.000,9999.000,9999.000,9999.000,9999.000,9999.000
202604190324,   1.825,9999.000,9999.000,9999.000,9999.000,9999.000,9999.000,9999.000,9999.000
202604190330,   1.883,9999.000,9999.000,9999.000,9999.000,9999.000,9999.000,9999.000,9999.000
202604190336,   1.940,9999.000,9999.000,9999.000,9999.000,9999.000,9999.000,9999.000,9999.000
202604190342,   1.994,9999.000,9999.000,9999.000,9999.000,9999.000,9999.000,9999.000,9999.000
202604190348,   2.046,9999.000,9999.000,9999.000,9999.000,9999.000,9999.000,9999.000,9999.000
202604190354,   2.094,9999.000,9999.000,9999.000,9999.000,9999.000,9999.000,9999.000,9999.000
202604190400,   2.141,9999.000,   0.700,   0.014,   2.855,   0.600,   2.755,   0.800,   2.955
202604190406,   2.184,9999.000,9999.000,9999.000,9999.000,9999.000,9999.000,9999.000,9999.000
202604190412,   2.225,9999.000,9999.000,9999.000,9999.000,9999.000,9999.000,9999.000,9999.000
202604190418,   2.262,9999.000,9999.000,9999.000,9999.000,9999.000,9999.000,9999.000,9999.000
202604190424,   2.297,9999.000,9999.000,9999.000,9999.000,9999.000,9999.000,9999.000,9999.000
202604190430,   2.329,9999.000,9999.000,9999.000,9999.000,9999.000,9999.000,9999.000,9999.000
202604190436,   2.359,9999.000,9999.000,9999.000,9999.000,9999.000,9999.000,9999.000,9999.000
202604190442,   2.385,9999.000,9999.000,9999.000,9999.000,9999.000,9999.000,9999.000,9999.000
202604190448,   2.409,9999.000,9999.000,9999.000,9999.000,9999.000,9999.000,9999.000,9999.000
202604190454,   2.429,9999.000,9999.000,9999.000,9999.000,9999.000,9999.000,9999.000,9999.000
202604190500,   2.447,9999.000,   0.700,   0.014,   3.161,   0.600,   3.061,   0.800,   3.261
202604190506,   2.463,9999.000,9999.000,9999.000,9999.000,9999.000,9999.000,9999.000,9999.000
202604190512,   2.475,9999.000,9999.000,9999.000,9999.000,9999.000,9999.000,9999.000,9999.000
202604190518,   2.485,9999.000,9999.000,9999.000,9999.000,9999.000,9999.000,9999.000,9999.000
202604190524,   2.492,9999.000,9999.000,9999.000,9999.000,9999.000,9999.000,9999.000,9999.000
202604190530,   2.497,9999.000,9999.000,9999.000,9999.000,9999.000,9999.000,9999.000,9999.000
202604190536,   2.499,9999.000,9999.000,9999.000,9999.000,9999.000,9999.000,9999.000,9999.000
202604190542,   2.499,9999.000,9999.000,9999.000,9999.000,9999.000,9999.000,9999.000,9999.000
202604190548,   2.496,9999.000,9999.000,9999.000,9999.000,9999.000,9999.000,9999.000,9999.000
202604190554,   2.490,9999.000,9999.000,9999.000,9999.000,9999.000,9999.000,9999.000,9999.000
202604190600,   2.482,9999.000,   0.700,   0.014,   3.196,   0.600,   3.096,   0.800,   3.296
202604190606,   2.472,9999.000,9999.000,9999.000,9999.000,9999.000,9999.000,9999.000,9999.000
202604190612,   2.459,9999.000,9999.000,9999.000,9999.000,9999.000,9999.000,9999.000,9999.000
202604190618,   2.444,9999.000,9999.000,9999.000,9999.000,9999.000,9999.000,9999.000,9999.000
202604190624,   2.426,9999.000,9999.000,9999.000,9999.000,9999.000,9999.000,9999.000,9999.000
202604190630,   2.406,9999.000,9999.000,9999.000,9999.000,9999.000,9999.000,9999.000,9999.000
202604190636,   2.385,9999.000,9999.000,9999.000,9999.000,9999.000,9999.000,9999.000,9999.000
202604190642,   2.360,9999.000,9999.000,9999.000,9999.000,9999.000,9999.000,9999.000,9999.000
202604190648,   2.334,9999.000,9999.000,9999.000,9999.000,9999.000,9999.000,9999.000,9999.000
202604190654,   2.306,9999.000,9999.000,9999.000,9999.000,9999.000,9999.000,9999.000,9999.000
202604190700,   2.276,9999.000,   0.700,   0.014,   2.990,   0.600,   2.890,   0.800,   3.090
202604190706,   2.243,9999.000,9999.000,9999.000,9999.000,9999.000,9999.000,9999.000,9999.000
202604190712,   2.209,9999.000,9999.000,9999.000,9999.000,9999.000,9999.000,9999.000,9999.000
202604190718,   2.173,9999.000,9999.000,9999.000,9999.000,9999.000,9999.000,9999.000,9999.000
202604190724,   2.136,9999.000,9999.000,9999.000,9999.000,9999.000,9999.000,9999.000,9999.000
202604190730,   2.096,9999.000,9999.000,9999.000,9999.000,9999.000,9999.000,9999.000,9999.000
202604190736,   2.055,9999.000,9999.000,9999.000,9999.000,9999.000,9999.000,9999.000,9999.000
202604190742,   2.013,9999.000,9999.000,9999.000,9999.000,9999.000,9999.000,9999.000,9999.000
202604190748,   1.969,9999.000,9999.000,9999.000,9999.000,9999.000,9999.000,9999.000,9999.000
202604190754,   1.924,9999.000,9999.000,9999.000,9999.000,9999.000,9999.000,9999.000,9999.000
202604190800,   1.878,9999.000,   0.700,   0.014,   2.592,   0.600,   2.492,   0.800,   2.692
202604190806,   1.830,9999.000,9999.000,9999.000,9999.000,9999.000,9999.000,9999.000,9999.000
202604190812,   1.782,9999.000,9999.000,9999.000,9999.000,9999.000,9999.000,9999.000,9999.000
202604190818,   1.733,9999.000,9999.000,9999.000,9999.000,9999.000,9999.000,9999.000,9999.000
202604190824,   1.683,9999.000,9999.000,9999.000,9999.000,9999.000,9999.000,9999.000,9999.000
202604190830,   1.632,9999.000,9999.000,9999.000,9999.000,9999.000,9999.000,9999.000,9999.000
202604190836,   1.581,9999.000,9999.000,9999.000,9999.000,9999.000,9999.000,9999.000,9999.000
202604190842,   1.530,9999.000,9999.000,9999.000,9999.000,9999.000,9999.000,9999.000,9999.000
202604190848,   1.478,9999.000,9999.000,9999.000,9999.000,9999.000,9999.000,9999.000,9999.000
202604190854,   1.426,9999.000,9999.000,9999.000,9999.000,9999.000,9999.000,9999.000,9999.000
202604190900,   1.375,9999.000,   0.700,   0.014,   2.089,   0.600,   1.989,   0.800,   2.189
202604190906,   1.323,9999.000,9999.000,9999.000,9999.000,9999.000,9999.000,9999.000,9999.000
202604190912,   1.272,9999.000,9999.000,9999.000,9999.000,9999.000,9999.000,9999.000,9999.000
202604190918,   1.221,9999.000,9999.000,9999.000,9999.000,9999.000,9999.000,9999.000,9999.000
202604190924,   1.171,9999.000,9999.000,9999.000,9999.000,9999.000,9999.000,9999.000,9999.000
202604190930,   1.122,9999.000,9999.000,9999.000,9999.000,9999.000,9999.000,9999.000,9999.000
202604190936,   1.073,9999.000,9999.000,9999.000,9999.000,9999.000,9999.000,9999.000,9999.000
202604190942,   1.025,9999.000,9999.000,9999.000,9999.000,9999.000,9999.000,9999.000,9999.000
202604190948,   0.978,9999.000,9999.000,9999.000,9999.000,9999.000,9999.000,9999.000,9999.000
202604190954,   0.932,9999.000,9999.000,9999.000,9999.000,9999.000,9999.000,9999.000,9999.000
202604191000,   0.887,9999.000,   0.700,   0.014,   1.601,   0.500,   1.401,   0.800,   1.701
202604191006,   0.843,9999.000,9999.000,9999.000,9999.000,9999.000,9999.000,9999.000,9999.000
202604191012,   0.800,9999.000,9999.000,9999.000,9999.000,9999.000,9999.000,9999.000,9999.000
202604191018,   0.758,9999.000,9999.000,9999.000,9999.000,9999.000,9999.000,9999.000,9999.000
202604191024,   0.717,9999.000,9999.000,9999.000,9999.000,9999.000,9999.000,9999.000,9999.000
202604191030,   0.677,9999.000,9999.000,9999.000,9999.000,9999.000,9999.000,9999.000,9999.000
202604191036,   0.639,9999.000,9999.000,9999.000,9999.000,9999.000,9999.000,9999.000,9999.000
202604191042,   0.602,9999.000,9999.000,9999.000,9999.000,9999.000,9999.000,9999.000,9999.000
202604191048,   0.565,9999.000,9999.000,9999.000,9999.000,9999.000,9999.000,9999.000,9999.000
202604191054,   0.530,9999.000,9999.000,9999.000,9999.000,9999.000,9999.000,9999.000,9999.000
202604191100,   0.497,9999.000,   0.600,   0.014,   1.111,   0.500,   1.011,   0.800,   1.311
202604191106,   0.464,9999.000,9999.000,9999.000,9999.000,9999.000,9999.000,9999.000,9999.000
202604191112,   0.432,9999.000,9999.000,9999.000,9999.000,9999.000,9999.000,9999.000,9999.000
202604191118,   0.402,9999.000,9999.000,9999.000,9999.000,9999.000,9999.000,9999.000,9999.000
202604191124,   0.373,9999.000,9999.000,9999.000,9999.000,9999.000,9999.000,9999.000,9999.000
202604191130,   0.345,9999.000,9999.000,9999.000,9999.000,9999.000,9999.000,9999.000,9999.000
202604191136,   0.318,9999.000,9999.000,9999.000,9999.000,9999.000,9999.000,9999.000,9999.000
202604191142,   0.293,9999.000,9999.000,9999.000,9999.000,9999.000,9999.000,9999.000,9999.000
202604191148,   0.269,9999.000,9999.000,9999.000,9999.000,9999.000,9999.000,9999.000,9999.000
202604191154,   0.247,9999.000,9999.000,9999.000,9999.000,9999.000,9999.000,9999.000,9999.000
202604191200,   0.227,9999.000,   0.600,   0.014,   0.841,   0.500,   0.741,   0.700,   0.941
202604191206,   0.208,9999.000,9999.000,9999.000,9999.000,9999.000,9999.000,9999.000,9999.000
202604191212,   0.191,9999.000,9999.000,9999.000,9999.000,9999.000,9999.000,9999.000,9999.000
202604191218,   0.177,9999.000,9999.000,9999.000,9999.000,9999.000,9999.000,9999.000,9999.000
202604191224,   0.164,9999.000,9999.000,9999.000,9999.000,9999.000,9999.000,9999.000,9999.000
202604191230,   0.154,9999.000,9999.000,9999.000,9999.000,9999.000,9999.000,9999.000,9999.000
202604191236,   0.147,9999.000,9999.000,9999.000,9999.000,9999.000,9999.000,9999.000,9999.000
202604191242,   0.142,9999.000,9999.000,9999.000,9999.000,9999.000,9999.000,9999.000,9999.000
202604191248,   0.140,9999.000,9999.000,9999.000,9999.000,9999.000,9999.000,9999.000,9999.000
202604191254,   0.141,9999.000,9999.000,9999.000,9999.000,9999.000,9999.000,9999.000,9999.000
202604191300,   0.145,9999.000,   0.600,   0.014,   0.759,   0.400,   0.559,   0.700,   0.859
202604191306,   0.153,9999.000,9999.000,9999.000,9999.000,9999.000,9999.000,9999.000,9999.000
202604191312,   0.163,9999.000,9999.000,9999.000,9999.000,9999.000,9999.000,9999.000,9999.000
202604191318,   0.177,9999.000,9999.000,9999.000,9999.000,9999.000,9999.000,9999.000,9999.000
202604191324,   0.194,9999.000,9999.000,9999.000,9999.000,9999.000,9999.000,9999.000,9999.000
202604191330,   0.215,9999.000,9999.000,9999.000,9999.000,9999.000,9999.000,9999.000,9999.000
202604191336,   0.239,9999.000,9999.000,9999.000,9999.000,9999.000,9999.000,9999.000,9999.000
202604191342,   0.266,9999.000,9999.000,9999.000,9999.000,9999.000,9999.000,9999.000,9999.000
202604191348,   0.297,9999.000,9999.000,9999.000,9999.000,9999.000,9999.000,9999.000,9999.000
202604191354,   0.330,9999.000,9999.000,9999.000,9999.000,9999.000,9999.000,9999.000,9999.000
202604191400,   0.367,9999.000,   0.500,   0.014,   0.881,   0.400,   0.781,   0.700,   1.081
202604191406,   0.407,9999.000,9999.000,9999.000,9999.000,9999.000,9999.000,9999.000,9999.000
202604191412,   0.449,9999.000,9999.000,9999.000,9999.000,9999.000,9999.000,9999.000,9999.000
202604191418,   0.494,9999.000,9999.000,9999.000,9999.000,9999.000,9999.000,9999.000,9999.000
202604191424,   0.541,9999.000,9999.000,9999.000,9999.000,9999.000,9999.000,9999.000,9999.000
202604191430,   0.590,9999.000,9999.000,9999.000,9999.000,9999.000,9999.000,9999.000,9999.000
202604191436,   0.641,9999.000,9999.000,9999.000,9999.000,9999.000,9999.000,9999.000,9999.000
202604191442,   0.693,9999.000,9999.000,9999.000,9999.000,9999.000,9999.000,9999.000,9999.000
202604191448,   0.747,9999.000,9999.000,9999.000,9999.000,9999.000,9999.000,9999.000,9999.000
202604191454,   0.801,9999.000,9999.000,9999.000,9999.000,9999.000,9999.000,9999.000,9999.000
202604191500,   0.856,9999.000,   0.500,   0.014,   1.370,   0.400,   1.270,   0.700,   1.570
202604191506,   0.912,9999.000,9999.000,9999.000,9999.000,9999.000,9999.000,9999.000,9999.000
202604191512,   0.968,9999.000,9999.000,9999.000,9999.000,9999.000,9999.000,9999.000,9999.000
202604191518,   1.023,9999.000,9999.000,9999.000,9999.000,9999.000,9999.000,9999.000,9999.000
202604191524,   1.079,9999.000,9999.000,9999.000,9999.000,9999.000,9999.000,9999.000,9999.000
202604191530,   1.133,9999.000,9999.000,9999.000,9999.000,9999.000,9999.000,9999.000,9999.000
202604191536,   1.187,9999.000,9999.000,9999.000,9999.000,9999.000,9999.000,9999.000,9999.000
202604191542,   1.240,9999.000,9999.000,9999.000,9999.000,9999.000,9999.000,9999.000,9999.000
202604191548,   1.292,9999.000,9999.000,9999.000,9999.000,9999.000,9999.000,9999.000,9999.000
202604191554,   1.342,9999.000,9999.000,9999.000,9999.000,9999.000,9999.000,9999.000,9999.000
202604191600,   1.390,9999.000,   0.500,   0.014,   1.904,   0.300,   1.704,   0.700,   2.104
202604191606,   1.437,9999.000,9999.000,9999.000,9999.000,9999.000,9999.000,9999.000,9999.000
202604191612,   1.482,9999.000,9999.000,9999.000,9999.000,9999.000,9999.000,9999.000,9999.000
202604191618,   1.525,9999.000,9999.000,9999.000,9999.000,9999.000,9999.000,9999.000,9999.000
202604191624,   1.566,9999.000,9999.000,9999.000,9999.000,9999.000,9999.000,9999.000,9999.000
202604191630,   1.605,9999.000,9999.000,9999.000,9999.000,9999.000,9999.000,9999.000,9999.000
202604191636,   1.641,9999.000,9999.000,9999.000,9999.000,9999.000,9999.000,9999.000,9999.000
202604191642,   1.676,9999.000,9999.000,9999.000,9999.000,9999.000,9999.000,9999.000,9999.000
202604191648,   1.708,9999.000,9999.000,9999.000,9999.000,9999.000,9999.000,9999.000,9999.000
202604191654,   1.737,9999.000,9999.000,9999.000,9999.000,9999.000,9999.000,9999.000,9999.000
202604191700,   1.765,9999.000,   0.500,   0.014,   2.279,   0.300,   2.079,   0.600,   2.379
202604191706,   1.789,9999.000,9999.000,9999.000,9999.000,9999.000,9999.000,9999.000,9999.000
202604191712,   1.812,9999.000,9999.000,9999.000,9999.000,9999.000,9999.000,9999.000,9999.000
202604191718,   1.832,9999.000,9999.000,9999.000,9999.000,9999.000,9999.000,9999.000,9999.000
202604191724,   1.849,9999.000,9999.000,9999.000,9999.000,9999.000,9999.000,9999.000,9999.000
202604191730,   1.864,9999.000,9999.000,9999.000,9999.000,9999.000,9999.000,9999.000,9999.000
202604191736,   1.877,9999.000,9999.000,9999.000,9999.000,9999.000,9999.000,9999.000,9999.000
202604191742,   1.887,9999.000,9999.000,9999.000,9999.000,9999.000,9999.000,9999.000,9999.000
202604191748,   1.894,9999.000,9999.000,9999.000,9999.000,9999.000,9999.000,9999.000,9999.000
202604191754,   1.899,9999.000,9999.000,9999.000,9999.000,9999.000,9999.000,9999.000,9999.000
202604191800,   1.902,9999.000,   0.400,   0.014,   2.316,   0.300,   2.216,   0.600,   2.516
202604191806,   1.902,9999.000,9999.000,9999.000,9999.000,9999.000,9999.000,9999.000,9999.000
202604191812,   1.900,9999.000,9999.000,9999.000,9999.000,9999.000,9999.000,9999.000,9999.000
202604191818,   1.895,9999.000,9999.000,9999.000,9999.000,9999.000,9999.000,9999.000,9999.000
202604191824,   1.887,9999.000,9999.000,9999.000,9999.000,9999.000,9999.000,9999.000,9999.000
202604191830,   1.878,9999.000,9999.000,9999.000,9999.000,9999.000,9999.000,9999.000,9999.000
202604191836,   1.865,9999.000,9999.000,9999.000,9999.000,9999.000,9999.000,9999.000,9999.000
202604191842,   1.851,9999.000,9999.000,9999.000,9999.000,9999.000,9999.000,9999.000,9999.000
202604191848,   1.834,9999.000,9999.000,9999.000,9999.000,9999.000,9999.000,9999.000,9999.000
202604191854,   1.814,9999.000,9999.000,9999.000,9999.000,9999.000,9999.000,9999.000,9999.000
202604191900,   1.793,9999.000,   0.400,   0.014,   2.207,   0.300,   2.107,   0.600,   2.407
202604191906,   1.769,9999.000,9999.000,9999.000,9999.000,9999.000,9999.000,9999.000,9999.000
202604191912,   1.742,9999.000,9999.000,9999.000,9999.000,9999.000,9999.000,9999.000,9999.000
202604191918,   1.714,9999.000,9999.000,9999.000,9999.000,9999.000,9999.000,9999.000,9999.000
202604191924,   1.684,9999.000,9999.000,9999.000,9999.000,9999.000,9999.000,9999.000,9999.000
202604191930,   1.651,9999.000,9999.000,9999.000,9999.000,9999.000,9999.000,9999.000,9999.000
202604191936,   1.617,9999.000,9999.000,9999.000,9999.000,9999.000,9999.000,9999.000,9999.000
202604191942,   1.580,9999.000,9999.000,9999.000,9999.000,9999.000,9999.000,9999.000,9999.000
202604191948,   1.542,9999.000,9999.000,9999.000,9999.000,9999.000,9999.000,9999.000,9999.000
202604191954,   1.502,9999.000,9999.000,9999.000,9999.000,9999.000,9999.000,9999.000,9999.000
202604192000,   1.460,9999.000,   0.400,   0.014,   1.874,   0.300,   1.774,   0.500,   1.974
202604192006,   1.417,9999.000,9999.000,9999.000,9999.000,9999.000,9999.000,9999.000,9999.000
202604192012,   1.372,9999.000,9999.000,9999.000,9999.000,9999.000,9999.000,9999.000,9999.000
202604192018,   1.327,9999.000,9999.000,9999.000,9999.000,9999.000,9999.000,9999.000,9999.000
202604192024,   1.280,9999.000,9999.000,9999.000,9999.000,9999.000,9999.000,9999.000,9999.000
202604192030,   1.232,9999.000,9999.000,9999.000,9999.000,9999.000,9999.000,9999.000,9999.000
202604192036,   1.183,9999.000,9999.000,9999.000,9999.000,9999.000,9999.000,9999.000,9999.000
202604192042,   1.133,9999.000,9999.000,9999.000,9999.000,9999.000,9999.000,9999.000,9999.000
202604192048,   1.083,9999.000,9999.000,9999.000,9999.000,9999.000,9999.000,9999.000,9999.000
202604192054,   1.033,9999.000,9999.000,9999.000,9999.000,9999.000,9999.000,9999.000,9999.000
202604192100,   0.982,9999.000,   0.400,   0.014,   1.396,   0.300,   1.296,   0.600,   1.596
202604192106,   0.932,9999.000,9999.000,9999.000,9999.000,9999.000,9999.000,9999.000,9999.000
202604192112,   0.881,9999.000,9999.000,9999.000,9999.000,9999.000,9999.000,9999.000,9999.000
202604192118,   0.831,9999.000,9999.000,9999.000,9999.000,9999.000,9999.000,9999.000,9999.000
202604192124,   0.781,9999.000,9999.000,9999.000,9999.000,9999.000,9999.000,9999.000,9999.000
202604192130,   0.732,9999.000,9999.000,9999.000,9999.000,9999.000,9999.000,9999.000,9999.000
202604192136,   0.683,9999.000,9999.000,9999.000,9999.000,9999.000,9999.000,9999.000,9999.000
202604192142,   0.636,9999.000,9999.000,9999.000,9999.000,9999.000,9999.000,9999.000,9999.000
202604192148,   0.589,9999.000,9999.000,9999.000,9999.000,9999.000,9999.000,9999.000,9999.000
202604192154,   0.544,9999.000,9999.000,9999.000,9999.000,9999.000,9999.000,9999.000,9999.000
202604192200,   0.500,9999.000,   0.500,   0.014,   1.014,   0.300,   0.814,   0.600,   1.114
202604192206,   0.458,9999.000,9999.000,9999.000,9999.000,9999.000,9999.000,9999.000,9999.000
202604192212,   0.417,9999.000,9999.000,9999.000,9999.000,9999.000,9999.000,9999.000,9999.000
202604192218,   0.378,9999.000,9999.000,9999.000,9999.000,9999.000,9999.000,9999.000,9999.000
202604192224,   0.340,9999.000,9999.000,9999.000,9999.000,9999.000,9999.000,9999.000,9999.000
202604192230,   0.304,9999.000,9999.000,9999.000,9999.000,9999.000,9999.000,9999.000,9999.000
202604192236,   0.271,9999.000,9999.000,9999.000,9999.000,9999.000,9999.000,9999.000,9999.000
202604192242,   0.239,9999.000,9999.000,9999.000,9999.000,9999.000,9999.000,9999.000,9999.000
202604192248,   0.209,9999.000,9999.000,9999.000,9999.000,9999.000,9999.000,9999.000,9999.000
202604192254,   0.180,9999.000,9999.000,9999.000,9999.000,9999.000,9999.000,9999.000,9999.000
202604192300,   0.154,9999.000,   0.500,   0.014,   0.668,   0.400,   0.568,   0.600,   0.768
202604192306,   0.130,9999.000,9999.000,9999.000,9999.000,9999.000,9999.000,9999.000,9999.000
202604192312,   0.108,9999.000,9999.000,9999.000,9999.000,9999.000,9999.000,9999.000,9999.000
202604192318,   0.087,9999.000,9999.000,9999.000,9999.000,9999.000,9999.000,9999.000,9999.000
202604192324,   0.069,9999.000,9999.000,9999.000,9999.000,9999.000,9999.000,9999.000,9999.000
202604192330,   0.052,9999.000,9999.000,9999.000,9999.000,9999.000,9999.000,9999.000,9999.000
202604192336,   0.038,9999.000,9999.000,9999.000,9999.000,9999.000,9999.000,9999.000,9999.000
202604192342,   0.025,9999.000,9999.000,9999.000,9999.000,9999.000,9999.000,9999.000,9999.000
202604192348,   0.014,9999.000,9999.000,9999.000,9999.000,9999.000,9999.000,9999.000,9999.000
202604192354,   0.005,9999.000,9999.000,9999.000,9999.000,9999.000,9999.000,9999.000,9999.000
202604200000,  -0.001,9999.000,   0.500,   0.014,   0.513,   0.300,   0.313,   0.600,   0.613
202604200006,  -0.005,9999.000,9999.000,9999.000,9999.000,9999.000,9999.000,9999.000,9999.000
202604200012,  -0.008,9999.000,9999.000,9999.000,9999.000,9999.000,9999.000,9999.000,9999.000
202604200018,  -0.009,9999.000,9999.000,9999.000,9999.000,9999.000,9999.000,9999.000,9999.000
202604200024,  -0.008,9999.000,9999.000,9999.000,9999.000,9999.000,9999.000,9999.000,9999.000
202604200030,  -0.004,9999.000,9999.000,9999.000,9999.000,9999.000,9999.000,9999.000,9999.000
202604200036,   0.001,9999.000,9999.000,9999.000,9999.000,9999.000,9999.000,9999.000,9999.000
202604200042,   0.009,9999.000,9999.000,9999.000,9999.000,9999.000,9999.000,9999.000,9999.000
202604200048,   0.020,9999.000,9999.000,9999.000,9999.000,9999.000,9999.000,9999.000,9999.000
202604200054,   0.033,9999.000,9999.000,9999.000,9999.000,9999.000,9999.000,9999.000,9999.000
202604200100,   0.050,9999.000,   0.500,   0.014,   0.564,   0.300,   0.364,   0.600,   0.664
202604200106,   0.069,9999.000,9999.000,9999.000,9999.000,9999.000,9999.000,9999.000,9999.000
202604200112,   0.091,9999.000,9999.000,9999.000,9999.000,9999.000,9999.000,9999.000,9999.000
202604200118,   0.116,9999.000,9999.000,9999.000,9999.000,9999.000,9999.000,9999.000,9999.000
202604200124,   0.143,9999.000,9999.000,9999.000,9999.000,9999.000,9999.000,9999.000,9999.000
202604200130,   0.175,9999.000,9999.000,9999.000,9999.000,9999.000,9999.000,9999.000,9999.000
202604200136,   0.209,9999.000,9999.000,9999.000,9999.000,9999.000,9999.000,9999.000,9999.000
202604200142,   0.246,9999.000,9999.000,9999.000,9999.000,9999.000,9999.000,9999.000,9999.000
202604200148,   0.287,9999.000,9999.000,9999.000,9999.000,9999.000,9999.000,9999.000,9999.000
202604200154,   0.330,9999.000,9999.000,9999.000,9999.000,9999.000,9999.000,9999.000,9999.000
202604200200,   0.377,9999.000,   0.500,   0.014,   0.891,   0.300,   0.691,   0.600,   0.991
202604200206,   0.426,9999.000,9999.000,9999.000,9999.000,9999.000,9999.000,9999.000,9999.000
202604200212,   0.479,9999.000,9999.000,9999.000,9999.000,9999.000,9999.000,9999.000,9999.000
202604200218,   0.534,9999.000,9999.000,9999.000,9999.000,9999.000,9999.000,9999.000,9999.000
202604200224,   0.592,9999.000,9999.000,9999.000,9999.000,9999.000,9999.000,9999.000,9999.000
202604200230,   0.652,9999.000,9999.000,9999.000,9999.000,9999.000,9999.000,9999.000,9999.000
202604200236,   0.714,9999.000,9999.000,9999.000,9999.000,9999.000,9999.000,9999.000,9999.000
202604200242,   0.778,9999.000,9999.000,9999.000,9999.000,9999.000,9999.000,9999.000,9999.000
202604200248,   0.844,9999.000,9999.000,9999.000,9999.000,9999.000,9999.000,9999.000,9999.000
202604200254,   0.911,9999.000,9999.000,9999.000,9999.000,9999.000,9999.000,9999.000,9999.000
202604200300,   0.980,9999.000,   0.500,   0.014,   1.494,   0.300,   1.294,   0.600,   1.594
202604200306,   1.049,9999.000,9999.000,9999.000,9999.000,9999.000,9999.000,9999.000,9999.000
202604200312,   1.119,9999.000,9999.000,9999.000,9999.000,9999.000,9999.000,9999.000,9999.000
202604200318,   1.189,9999.000,9999.000,9999.000,9999.000,9999.000,9999.000,9999.000,9999.000
202604200324,   1.259,9999.000,9999.000,9999.000,9999.000,9999.000,9999.000,9999.000,9999.000
202604200330,   1.328,9999.000,9999.000,9999.000,9999.000,9999.000,9999.000,9999.000,9999.000
202604200336,   1.397,9999.000,9999.000,9999.000,9999.000,9999.000,9999.000,9999.000,9999.000
202604200342,   1.466,9999.000,9999.000,9999.000,9999.000,9999.000,9999.000,9999.000,9999.000
202604200348,   1.533,9999.000,9999.000,9999.000,9999.000,9999.000,9999.000,9999.000,9999.000
202604200354,   1.599,9999.000,9999.000,9999.000,9999.000,9999.000,9999.000,9999.000,9999.000
202604200400,   1.663,9999.000,   0.500,   0.014,   2.177,   0.300,   1.977,   0.700,   2.377
202604200406,   1.725,9999.000,9999.000,9999.000,9999.000,9999.000,9999.000,9999.000,9999.000
202604200412,   1.786,9999.000,9999.000,9999.000,9999.000,9999.000,9999.000,9999.000,9999.000
202604200418,   1.844,9999.000,9999.000,9999.000,9999.000,9999.000,9999.000,9999.000,9999.000
202604200424,   1.901,9999.000,9999.000,9999.000,9999.000,9999.000,9999.000,9999.000,9999.000
202604200430,   1.955,9999.000,9999.000,9999.000,9999.000,9999.000,9999.000,9999.000,9999.000
202604200436,   2.006,9999.000,9999.000,9999.000,9999.000,9999.000,9999.000,9999.000,9999.000
202604200442,   2.055,9999.000,9999.000,9999.000,9999.000,9999.000,9999.000,9999.000,9999.000
202604200448,   2.101,9999.000,9999.000,9999.000,9999.000,9999.000,9999.000,9999.000,9999.000
202604200454,   2.145,9999.000,9999.000,9999.000,9999.000,9999.000,9999.000,9999.000,9999.000
202604200500,   2.185,9999.000,   0.500,   0.014,   2.699,   0.300,   2.499,   0.700,   2.899
202604200506,   2.223,9999.000,9999.000,9999.000,9999.000,9999.000,9999.000,9999.000,9999.000
202604200512,   2.259,9999.000,9999.000,9999.000,9999.000,9999.000,9999.000,9999.000,9999.000
202604200518,   2.291,9999.000,9999.000,9999.000,9999.000,9999.000,9999.000,9999.000,9999.000
202604200524,   2.321,9999.000,9999.000,9999.000,9999.000,9999.000,9999.000,9999.000,9999.000
202604200530,   2.348,9999.000,9999.000,9999.000,9999.000,9999.000,9999.000,9999.000,9999.000
202604200536,   2.373,9999.000,9999.000,9999.000,9999.000,9999.000,9999.000,9999.000,9999.000
202604200542,   2.394,9999.000,9999.000,9999.000,9999.000,9999.000,9999.000,9999.000,9999.000
202604200548,   2.413,9999.000,9999.000,9999.000,9999.000,9999.000,9999.000,9999.000,9999.000
202604200554,   2.430,9999.000,9999.000,9999.000,9999.000,9999.000,9999.000,9999.000,9999.000
202604200600,   2.443,9999.000,   0.500,   0.014,   2.957,   0.400,   2.857,   0.700,   3.157
202604200606,   2.455,9999.000,9999.000,9999.000,9999.000,9999.000,9999.000,9999.000,9999.000
202604200612,   2.463,9999.000,9999.000,9999.000,9999.000,9999.000,9999.000,9999.000,9999.000
202604200618,   2.469,9999.000,9999.000,9999.000,9999.000,9999.000,9999.000,9999.000,9999.000
202604200624,   2.473,9999.000,9999.000,9999.000,9999.000,9999.000,9999.000,9999.000,9999.000
202604200630,   2.474,9999.000,9999.000,9999.000,9999.000,9999.000,9999.000,9999.000,9999.000
202604200636,   2.473,9999.000,9999.000,9999.000,9999.000,9999.000,9999.000,9999.000,9999.000
202604200642,   2.469,9999.000,9999.000,9999.000,9999.000,9999.000,9999.000,9999.000,9999.000
202604200648,   2.463,9999.000,9999.000,9999.000,9999.000,9999.000,9999.000,9999.000,9999.000
202604200654,   2.455,9999.000,9999.000,9999.000,9999.000,9999.000,9999.000,9999.000,9999.000
202604200700,   2.444,9999.000,   0.500,   0.014,   2.958,   0.400,   2.858,   0.700,   3.158
202604200706,   2.431,9999.000,9999.000,9999.000,9999.000,9999.000,9999.000,9999.000,9999.000
202604200712,   2.416,9999.000,9999.000,9999.000,9999.000,9999.000,9999.000,9999.000,9999.000
202604200718,   2.399,9999.000,9999.000,9999.000,9999.000,9999.000,9999.000,9999.000,9999.000
202604200724,   2.379,9999.000,9999.000,9999.000,9999.000,9999.000,9999.000,9999.000,9999.000
202604200730,   2.358,9999.000,9999.000,9999.000,9999.000,9999.000,9999.000,9999.000,9999.000
202604200736,   2.334,9999.000,9999.000,9999.000,9999.000,9999.000,9999.000,9999.000,9999.000
202604200742,   2.309,9999.000,9999.000,9999.000,9999.000,9999.000,9999.000,9999.000,9999.000
202604200748,   2.281,9999.000,9999.000,9999.000,9999.000,9999.000,9999.000,9999.000,9999.000
202604200754,   2.252,9999.000,9999.000,9999.000,9999.000,9999.000,9999.000,9999.000,9999.000
202604200800,   2.221,9999.000,   0.500,   0.014,   2.735,   0.400,   2.635,   0.700,   2.935
202604200806,   2.188,9999.000,9999.000,9999.000,9999.000,9999.000,9999.000,9999.000,9999.000
202604200812,   2.153,9999.000,9999.000,9999.000,9999.000,9999.000,9999.000,9999.000,9999.000
202604200818,   2.117,9999.000,9999.000,9999.000,9999.000,9999.000,9999.000,9999.000,9999.000
202604200824,   2.079,9999.000,9999.000,9999.000,9999.000,9999.000,9999.000,9999.000,9999.000
202604200830,   2.039,9999.000,9999.000,9999.000,9999.000,9999.000,9999.000,9999.000,9999.000
202604200836,   1.999,9999.000,9999.000,9999.000,9999.000,9999.000,9999.000,9999.000,9999.000
202604200842,   1.956,9999.000,9999.000,9999.000,9999.000,9999.000,9999.000,9999.000,9999.000
202604200848,   1.913,9999.000,9999.000,9999.000,9999.000,9999.000,9999.000,9999.000,9999.000
202604200854,   1.869,9999.000,9999.000,9999.000,9999.000,9999.000,9999.000,9999.000,9999.000
202604200900,   1.823,9999.000,   0.500,   0.014,   2.337,   0.400,   2.237,   0.700,   2.537
202604200906,   1.777,9999.000,9999.000,9999.000,9999.000,9999.000,9999.000,9999.000,9999.000
202604200912,   1.730,9999.000,9999.000,9999.000,9999.000,9999.000,9999.000,9999.000,9999.000
202604200918,   1.682,9999.000,9999.000,9999.000,9999.000,9999.000,9999.000,9999.000,9999.000
202604200924,   1.634,9999.000,9999.000,9999.000,9999.000,9999.000,9999.000,9999.000,9999.000
202604200930,   1.585,9999.000,9999.000,9999.000,9999.000,9999.000,9999.000,9999.000,9999.000
202604200936,   1.536,9999.000,9999.000,9999.000,9999.000,9999.000,9999.000,9999.000,9999.000
202604200942,   1.486,9999.000,9999.000,9999.000,9999.000,9999.000,9999.000,9999.000,9999.000
202604200948,   1.437,9999.000,9999.000,9999.000,9999.000,9999.000,9999.000,9999.000,9999.000
202604200954,   1.388,9999.000,9999.000,9999.000,9999.000,9999.000,9999.000,9999.000,9999.000
202604201000,   1.339,9999.000,   0.500,   0.014,   1.853,   0.400,   1.753,   0.700,   2.053
202604201006,   1.290,9999.000,9999.000,9999.000,9999.000,9999.000,9999.000,9999.000,9999.000
202604201012,   1.242,9999.000,9999.000,9999.000,9999.000,9999.000,9999.000,9999.000,9999.000
202604201018,   1.195,9999.000,9999.000,9999.000,9999.000,9999.000,9999.000,9999.000,9999.000
202604201024,   1.148,9999.000,9999.000,9999.000,9999.000,9999.000,9999.000,9999.000,9999.000
202604201030,   1.101,9999.000,9999.000,9999.000,9999.000,9999.000,9999.000,9999.000,9999.000
202604201036,   1.056,9999.000,9999.000,9999.000,9999.000,9999.000,9999.000,9999.000,9999.000
202604201042,   1.011,9999.000,9999.000,9999.000,9999.000,9999.000,9999.000,9999.000,9999.000
202604201048,   0.967,9999.000,9999.000,9999.000,9999.000,9999.000,9999.000,9999.000,9999.000
202604201054,   0.924,9999.000,9999.000,9999.000,9999.000,9999.000,9999.000,9999.000,9999.000
202604201100,   0.882,9999.000,   0.500,   0.014,   1.396,   0.400,   1.296,   0.600,   1.496
202604201106,   0.841,9999.000,9999.000,9999.000,9999.000,9999.000,9999.000,9999.000,9999.000
202604201112,   0.801,9999.000,9999.000,9999.000,9999.000,9999.000,9999.000,9999.000,9999.000
202604201118,   0.762,9999.000,9999.000,9999.000,9999.000,9999.000,9999.000,9999.000,9999.000
202604201124,   0.725,9999.000,9999.000,9999.000,9999.000,9999.000,9999.000,9999.000,9999.000
202604201130,   0.688,9999.000,9999.000,9999.000,9999.000,9999.000,9999.000,9999.000,9999.000
202604201136,   0.652,9999.000,9999.000,9999.000,9999.000,9999.000,9999.000,9999.000,9999.000
202604201142,   0.617,9999.000,9999.000,9999.000,9999.000,9999.000,9999.000,9999.000,9999.000
202604201148,   0.583,9999.000,9999.000,9999.000,9999.000,9999.000,9999.000,9999.000,9999.000
202604201154,   0.550,9999.000,9999.000,9999.000,9999.000,9999.000,9999.000,9999.000,9999.000
202604201200,   0.519,9999.000,   0.500,   0.014,   1.033,   0.300,   0.833,   0.600,   1.133
202604201206,   0.488,9999.000,9999.000,9999.000,9999.000,9999.000,9999.000,9999.000,9999.000
202604201212,   0.458,9999.000,9999.000,9999.000,9999.000,9999.000,9999.000,9999.000,9999.000
202604201218,   0.429,9999.000,9999.000,9999.000,9999.000,9999.000,9999.000,9999.000,9999.000
202604201224,   0.402,9999.000,9999.000,9999.000,9999.000,9999.000,9999.000,9999.000,9999.000
202604201230,   0.376,9999.000,9999.000,9999.000,9999.000,9999.000,9999.000,9999.000,9999.000
202604201236,   0.351,9999.000,9999.000,9999.000,9999.000,9999.000,9999.000,9999.000,9999.000
202604201242,   0.327,9999.000,9999.000,9999.000,9999.000,9999.000,9999.000,9999.000,9999.000
202604201248,   0.305,9999.000,9999.000,9999.000,9999.000,9999.000,9999.000,9999.000,9999.000
202604201254,   0.284,9999.000,9999.000,9999.000,9999.000,9999.000,9999.000,9999.000,9999.000
202604201300,   0.266,9999.000,   0.500,   0.014,   0.780,   0.300,   0.580,   0.600,   0.880
202604201306,   0.249,9999.000,9999.000,9999.000,9999.000,9999.000,9999.000,9999.000,9999.000
202604201312,   0.234,9999.000,9999.000,9999.000,9999.000,9999.000,9999.000,9999.000,9999.000
202604201318,   0.221,9999.000,9999.000,9999.000,9999.000,9999.000,9999.000,9999.000,9999.000
202604201324,   0.211,9999.000,9999.000,9999.000,9999.000,9999.000,9999.000,9999.000,9999.000
202604201330,   0.203,9999.000,9999.000,9999.000,9999.000,9999.000,9999.000,9999.000,9999.000
202604201336,   0.198,9999.000,9999.000,9999.000,9999.000,9999.000,9999.000,9999.000,9999.000
202604201342,   0.195,9999.000,9999.000,9999.000,9999.000,9999.000,9999.000,9999.000,9999.000
202604201348,   0.196,9999.000,9999.000,9999.000,9999.000,9999.000,9999.000,9999.000,9999.000
202604201354,   0.199,9999.000,9999.000,9999.000,9999.000,9999.000,9999.000,9999.000,9999.000
202604201400,   0.206,9999.000,   0.500,   0.014,   0.720,   0.300,   0.520,   0.600,   0.820
202604201406,   0.216,9999.000,9999.000,9999.000,9999.000,9999.000,9999.000,9999.000,9999.000
202604201412,   0.229,9999.000,9999.000,9999.000,9999.000,9999.000,9999.000,9999.000,9999.000
202604201418,   0.245,9999.000,9999.000,9999.000,9999.000,9999.000,9999.000,9999.000,9999.000
202604201424,   0.265,9999.000,9999.000,9999.000,9999.000,9999.000,9999.000,9999.000,9999.000
202604201430,   0.288,9999.000,9999.000,9999.000,9999.000,9999.000,9999.000,9999.000,9999.000
202604201436,   0.314,9999.000,9999.000,9999.000,9999.000,9999.000,9999.000,9999.000,9999.000
202604201442,   0.344,9999.000,9999.000,9999.000,9999.000,9999.000,9999.000,9999.000,9999.000
202604201448,   0.376,9999.000,9999.000,9999.000,9999.000,9999.000,9999.000,9999.000,9999.000
202604201454,   0.411,9999.000,9999.000,9999.000,9999.000,9999.000,9999.000,9999.000,9999.000
202604201500,   0.449,9999.000,   0.400,   0.014,   0.863,   0.300,   0.763,   0.500,   0.963
202604201506,   0.490,9999.000,9999.000,9999.000,9999.000,9999.000,9999.000,9999.000,9999.000
202604201512,   0.533,9999.000,9999.000,9999.000,9999.000,9999.000,9999.000,9999.000,9999.000
202604201518,   0.578,9999.000,9999.000,9999.000,9999.000,9999.000,9999.000,9999.000,9999.000
202604201524,   0.625,9999.000,9999.000,9999.000,9999.000,9999.000,9999.000,9999.000,9999.000
202604201530,   0.673,9999.000,9999.000,9999.000,9999.000,9999.000,9999.000,9999.000,9999.000
202604201536,   0.723,9999.000,9999.000,9999.000,9999.000,9999.000,9999.000,9999.000,9999.000
202604201542,   0.774,9999.000,9999.000,9999.000,9999.000,9999.000,9999.000,9999.000,9999.000
202604201548,   0.826,9999.000,9999.000,9999.000,9999.000,9999.000,9999.000,9999.000,9999.000
202604201554,   0.879,9999.000,9999.000,9999.000,9999.000,9999.000,9999.000,9999.000,9999.000
202604201600,   0.932,9999.000,   0.400,   0.014,   1.346,   0.200,   1.146,   0.500,   1.446
202604201606,   0.985,9999.000,9999.000,9999.000,9999.000,9999.000,9999.000,9999.000,9999.000
202604201612,   1.037,9999.000,9999.000,9999.000,9999.000,9999.000,9999.000,9999.000,9999.000
202604201618,   1.090,9999.000,9999.000,9999.000,9999.000,9999.000,9999.000,9999.000,9999.000
202604201624,   1.141,9999.000,9999.000,9999.000,9999.000,9999.000,9999.000,9999.000,9999.000
202604201630,   1.192,9999.000,9999.000,9999.000,9999.000,9999.000,9999.000,9999.000,9999.000
202604201636,   1.242,9999.000,9999.000,9999.000,9999.000,9999.000,9999.000,9999.000,9999.000
202604201642,   1.290,9999.000,9999.000,9999.000,9999.000,9999.000,9999.000,9999.000,9999.000
202604201648,   1.337,9999.000,9999.000,9999.000,9999.000,9999.000,9999.000,9999.000,9999.000
202604201654,   1.383,9999.000,9999.000,9999.000,9999.000,9999.000,9999.000,9999.000,9999.000
202604201700,   1.427,9999.000,   0.400,   0.014,   1.841,   0.200,   1.641,   0.500,   1.941
202604201706,   1.469,9999.000,9999.000,9999.000,9999.000,9999.000,9999.000,9999.000,9999.000
202604201712,   1.509,9999.000,9999.000,9999.000,9999.000,9999.000,9999.000,9999.000,9999.000
202604201718,   1.547,9999.000,9999.000,9999.000,9999.000,9999.000,9999.000,9999.000,9999.000
202604201724,   1.584,9999.000,9999.000,9999.000,9999.000,9999.000,9999.000,9999.000,9999.000
202604201730,   1.618,9999.000,9999.000,9999.000,9999.000,9999.000,9999.000,9999.000,9999.000
202604201736,   1.650,9999.000,9999.000,9999.000,9999.000,9999.000,9999.000,9999.000,9999.000
202604201742,   1.680,9999.000,9999.000,9999.000,9999.000,9999.000,9999.000,9999.000,9999.000
202604201748,   1.707,9999.000,9999.000,9999.000,9999.000,9999.000,9999.000,9999.000,9999.000
202604201754,   1.733,9999.000,9999.000,9999.000,9999.000,9999.000,9999.000,9999.000,9999.000
202604201800,   1.756,9999.000,   0.400,   0.014,   2.170,   0.200,   1.970,   0.500,   2.270
