        TIME,    TIDE,      OB,   SURGE,    BIAS,     TWL,SURGE90p,  TWL90p,SURGE10p,   TWL10p
202606121200,   7.535,   8.029,   0.200,   0.294,   8.029,   0.200,   8.029,   0.300,   8.129
202606121206,   7.256,9999.000,9999.000,9999.000,9999.000,9999.000,9999.000,9999.000,9999.000
202606121212,   6.973,   7.429,9999.000,9999.000,9999.000,9999.000,9999.000,9999.000,9999.000
202606121218,   6.686,9999.000,9999.000,9999.000,9999.000,9999.000,9999.000,9999.000,9999.000
202606121224,   6.395,   6.819,9999.000,9999.000,9999.000,9999.000,9999.000,9999.000,9999.000
202606121230,   6.101,9999.000,9999.000,9999.000,9999.000,9999.000,9999.000,9999.000,9999.000
202606121236,   5.805,   6.199,9999.000,9999.000,9999.000,9999.000,9999.000,9999.000,9999.000
202606121242,   5.506,9999.000,9999.000,9999.000,9999.000,9999.000,9999.000,9999.000,9999.000
202606121248,   5.205,   5.579,9999.000,9999.000,9999.000,9999.000,9999.000,9999.000,9999.000
202606121254,   4.904,9999.000,9999.000,9999.000,9999.000,9999.000,9999.000,9999.000,9999.000
202606121300,   4.602,   4.988,   0.200,   0.186,   4.988,   0.200,   4.988,   0.200,   4.988
202606121306,   4.300,   4.690,9999.000,9999.000,9999.000,9999.000,9999.000,9999.000,9999.000
202606121312,   3.999,   4.368,9999.000,9999.000,9999.000,9999.000,9999.000,9999.000,9999.000
202606121318,   3.699,   4.070,9999.000,9999.000,9999.000,9999.000,9999.000,9999.000,9999.000
202606121324,   3.401,   3.749,9999.000,9999.000,9999.000,9999.000,9999.000,9999.000,9999.000
202606121330,   3.106,   3.460,9999.000,9999.000,9999.000,9999.000,9999.000,9999.000,9999.000
202606121336,   2.814,   3.178,9999.000,9999.000,9999.000,9999.000,9999.000,9999.000,9999.000
202606121342,   2.526,   2.889,9999.000,9999.000,9999.000,9999.000,9999.000,9999.000,9999.000
202606121348,   2.242,   2.610,9999.000,9999.000,9999.000,9999.000,9999.000,9999.000,9999.000
202606121354,   1.964,   2.318,9999.000,9999.000,9999.000,9999.000,9999.000,9999.000,9999.000
202606121400,   1.692,   2.059,   0.200,   0.167,   2.059,   0.200,   2.059,   0.200,   2.059
202606121406,   1.425,   1.800,9999.000,9999.000,9999.000,9999.000,9999.000,9999.000,9999.000
202606121412,   1.166,   1.548,9999.000,9999.000,9999.000,9999.000,9999.000,9999.000,9999.000
202606121418,   0.915,   1.328,9999.000,9999.000,9999.000,9999.000,9999.000,9999.000,9999.000
202606121424,   0.671,   1.088,9999.000,9999.000,9999.000,9999.000,9999.000,9999.000,9999.000
202606121430,   0.437,   0.879,9999.000,9999.000,9999.000,9999.000,9999.000,9999.000,9999.000
202606121436,   0.212,   0.659,9999.000,9999.000,9999.000,9999.000,9999.000,9999.000,9999.000
202606121442,  -0.002,   0.449,9999.000,9999.000,9999.000,9999.000,9999.000,9999.000,9999.000
202606121448,  -0.207,   0.239,9999.000,9999.000,9999.000,9999.000,9999.000,9999.000,9999.000
202606121454,  -0.401,   0.059,9999.000,9999.000,9999.000,9999.000,9999.000,9999.000,9999.000
202606121500,  -0.583,  -0.121,   0.200,   0.262,  -0.121,   0.200,  -0.121,   0.200,  -0.121
202606121506,  -0.754,  -0.331,9999.000,9999.000,9999.000,9999.000,9999.000,9999.000,9999.000
202606121512,  -0.912,  -0.498,9999.000,9999.000,9999.000,9999.000,9999.000,9999.000,9999.000
202606121518,  -1.058,  -0.659,9999.000,9999.000,9999.000,9999.000,9999.000,9999.000,9999.000
202606121524,  -1.190,  -0.780,9999.000,9999.000,9999.000,9999.000,9999.000,9999.000,9999.000
202606121530,  -1.309,  -0.898,9999.000,9999.000,9999.000,9999.000,9999.000,9999.000,9999.000
202606121536,  -1.415,  -0.980,9999.000,9999.000,9999.000,9999.000,9999.000,9999.000,9999.000
202606121542,  -1.507,  -1.059,9999.000,9999.000,9999.000,9999.000,9999.000,9999.000,9999.000
202606121548,  -1.584,  -1.151,9999.000,9999.000,9999.000,9999.000,9999.000,9999.000,9999.000
202606121554,  -1.647,  -1.200,9999.000,9999.000,9999.000,9999.000,9999.000,9999.000,9999.000
202606121600,  -1.696,  -1.190,   0.200,   0.306,  -1.190,   0.200,  -1.190,   0.200,  -1.190
202606121606,  -1.731,  -1.220,9999.000,9999.000,9999.000,9999.000,9999.000,9999.000,9999.000
202606121612,  -1.751,  -1.220,9999.000,9999.000,9999.000,9999.000,9999.000,9999.000,9999.000
202606121618,  -1.756,  -1.210,9999.000,9999.000,9999.000,9999.000,9999.000,9999.000,9999.000
202606121624,  -1.747,  -1.200,9999.000,9999.000,9999.000,9999.000,9999.000,9999.000,9999.000
202606121630,  -1.723,  -1.161,9999.000,9999.000,9999.000,9999.000,9999.000,9999.000,9999.000
202606121636,  -1.686,  -1.118,9999.000,9999.000,9999.000,9999.000,9999.000,9999.000,9999.000
202606121642,  -1.634,  -1.079,9999.000,9999.000,9999.000,9999.000,9999.000,9999.000,9999.000
202606121648,  -1.568,  -1.039,9999.000,9999.000,9999.000,9999.000,9999.000,9999.000,9999.000
202606121654,  -1.489,  -0.941,9999.000,9999.000,9999.000,9999.000,9999.000,9999.000,9999.000
202606121700,  -1.396,  -0.810,   0.200,   0.386,  -0.810,   0.200,  -0.810,   0.300,  -0.710
202606121706,  -1.290,  -0.708,9999.000,9999.000,9999.000,9999.000,9999.000,9999.000,9999.000
202606121712,  -1.172,  -0.590,9999.000,9999.000,9999.000,9999.000,9999.000,9999.000,9999.000
202606121718,  -1.041,  -0.459,9999.000,9999.000,9999.000,9999.000,9999.000,9999.000,9999.000
202606121724,  -0.899,  -0.341,9999.000,9999.000,9999.000,9999.000,9999.000,9999.000,9999.000
202606121730,  -0.744,  -0.180,9999.000,9999.000,9999.000,9999.000,9999.000,9999.000,9999.000
202606121736,  -0.579,  -0.029,9999.000,9999.000,9999.000,9999.000,9999.000,9999.000,9999.000
202606121742,  -0.403,   0.150,9999.000,9999.000,9999.000,9999.000,9999.000,9999.000,9999.000
202606121748,  -0.217,   0.341,9999.000,9999.000,9999.000,9999.000,9999.000,9999.000,9999.000
202606121754,  -0.022,   0.508,9999.000,9999.000,9999.000,9999.000,9999.000,9999.000,9999.000
202606121800,   0.182,   0.698,   0.200,   0.316,   0.698,   0.200,   0.698,   0.200,   0.698
202606121806,   0.395,   0.879,9999.000,9999.000,9999.000,9999.000,9999.000,9999.000,9999.000
202606121812,   0.617,   1.088,9999.000,9999.000,9999.000,9999.000,9999.000,9999.000,9999.000
202606121818,   0.846,   1.308,9999.000,9999.000,9999.000,9999.000,9999.000,9999.000,9999.000
202606121824,   1.082,   1.518,9999.000,9999.000,9999.000,9999.000,9999.000,9999.000,9999.000
202606121830,   1.324,   1.738,9999.000,9999.000,9999.000,9999.000,9999.000,9999.000,9999.000
202606121836,   1.572,   1.958,9999.000,9999.000,9999.000,9999.000,9999.000,9999.000,9999.000
202606121842,   1.826,   2.177,9999.000,9999.000,9999.000,9999.000,9999.000,9999.000,9999.000
202606121848,   2.085,   2.459,9999.000,9999.000,9999.000,9999.000,9999.000,9999.000,9999.000
202606121854,   2.348,   2.738,9999.000,9999.000,9999.000,9999.000,9999.000,9999.000,9999.000
202606121900,   2.614,   2.997,   0.200,   0.183,   2.997,   0.200,   2.997,   0.200,   2.997
202606121906,   2.884,   3.270,9999.000,9999.000,9999.000,9999.000,9999.000,9999.000,9999.000
202606121912,   3.156,   3.558,9999.000,9999.000,9999.000,9999.000,9999.000,9999.000,9999.000
202606121918,   3.430,   3.847,9999.000,9999.000,9999.000,9999.000,9999.000,9999.000,9999.000
202606121924,   3.705,   4.168,9999.000,9999.000,9999.000,9999.000,9999.000,9999.000,9999.000
202606121930,   3.981,   4.467,9999.000,9999.000,9999.000,9999.000,9999.000,9999.000,9999.000
202606121936,   4.257,   4.749,9999.000,9999.000,9999.000,9999.000,9999.000,9999.000,9999.000
202606121942,   4.533,   5.018,9999.000,9999.000,9999.000,9999.000,9999.000,9999.000,9999.000
202606121948,   4.808,   5.287,9999.000,9999.000,9999.000,9999.000,9999.000,9999.000,9999.000
202606121954,   5.082,   5.569,9999.000,9999.000,9999.000,9999.000,9999.000,9999.000,9999.000
202606122000,   5.353,   5.838,   0.200,   0.285,   5.838,   0.200,   5.838,   0.200,   5.838
202606122006,   5.621,   6.117,9999.000,9999.000,9999.000,9999.000,9999.000,9999.000,9999.000
202606122012,   5.887,   6.379,9999.000,9999.000,9999.000,9999.000,9999.000,9999.000,9999.000
202606122018,   6.148,   6.628,9999.000,9999.000,9999.000,9999.000,9999.000,9999.000,9999.000
202606122024,   6.405,   6.887,9999.000,9999.000,9999.000,9999.000,9999.000,9999.000,9999.000
202606122030,   6.658,   7.137,9999.000,9999.000,9999.000,9999.000,9999.000,9999.000,9999.000
202606122036,   6.905,   7.386,9999.000,9999.000,9999.000,9999.000,9999.000,9999.000,9999.000
202606122042,   7.147,   7.609,9999.000,9999.000,9999.000,9999.000,9999.000,9999.000,9999.000
202606122048,   7.382,   7.796,9999.000,9999.000,9999.000,9999.000,9999.000,9999.000,9999.000
202606122054,   7.611,   8.039,9999.000,9999.000,9999.000,9999.000,9999.000,9999.000,9999.000
202606122100,   7.833,   8.229,   0.300,   0.096,   8.229,   0.200,   8.129,   0.300,   8.229
202606122106,   8.048,   8.426,9999.000,9999.000,9999.000,9999.000,9999.000,9999.000,9999.000
202606122112,   8.255,   8.616,9999.000,9999.000,9999.000,9999.000,9999.000,9999.000,9999.000
202606122118,   8.455,   8.816,9999.000,9999.000,9999.000,9999.000,9999.000,9999.000,9999.000
202606122124,   8.646,   9.006,9999.000,9999.000,9999.000,9999.000,9999.000,9999.000,9999.000
202606122130,   8.829,   9.197,9999.000,9999.000,9999.000,9999.000,9999.000,9999.000,9999.000
202606122136,   9.004,   9.377,9999.000,9999.000,9999.000,9999.000,9999.000,9999.000,9999.000
202606122142,   9.171,   9.528,9999.000,9999.000,9999.000,9999.000,9999.000,9999.000,9999.000
202606122148,   9.329,   9.666,9999.000,9999.000,9999.000,9999.000,9999.000,9999.000,9999.000
202606122154,   9.478,   9.797,9999.000,9999.000,9999.000,9999.000,9999.000,9999.000,9999.000
202606122200,   9.619,   9.908,   0.300,  -0.011,   9.908,   0.200,   9.808,   0.300,   9.908
202606122206,   9.751,  10.017,9999.000,9999.000,9999.000,9999.000,9999.000,9999.000,9999.000
202606122212,   9.874,  10.128,9999.000,9999.000,9999.000,9999.000,9999.000,9999.000,9999.000
202606122218,   9.989,  10.256,9999.000,9999.000,9999.000,9999.000,9999.000,9999.000,9999.000
202606122224,  10.095,  10.348,9999.000,9999.000,9999.000,9999.000,9999.000,9999.000,9999.000
202606122230,  10.192,  10.407,9999.000,9999.000,9999.000,9999.000,9999.000,9999.000,9999.000
202606122236,  10.282,  10.476,9999.000,9999.000,9999.000,9999.000,9999.000,9999.000,9999.000
202606122242,  10.363,  10.528,9999.000,9999.000,9999.000,9999.000,9999.000,9999.000,9999.000
202606122248,  10.435,  10.577,9999.000,9999.000,9999.000,9999.000,9999.000,9999.000,9999.000
202606122254,  10.500,  10.617,9999.000,9999.000,9999.000,9999.000,9999.000,9999.000,9999.000
202606122300,  10.557,  10.656,   0.200,  -0.101,  10.656,   0.200,  10.656,   0.300,  10.756
202606122306,  10.606,  10.686,9999.000,9999.000,9999.000,9999.000,9999.000,9999.000,9999.000
202606122312,  10.647,  10.715,9999.000,9999.000,9999.000,9999.000,9999.000,9999.000,9999.000
202606122318,  10.681,  10.728,9999.000,9999.000,9999.000,9999.000,9999.000,9999.000,9999.000
202606122324,  10.707,  10.758,9999.000,9999.000,9999.000,9999.000,9999.000,9999.000,9999.000
202606122330,  10.726,  10.758,9999.000,9999.000,9999.000,9999.000,9999.000,9999.000,9999.000
202606122336,  10.738,  10.768,9999.000,9999.000,9999.000,9999.000,9999.000,9999.000,9999.000
202606122342,  10.743,  10.768,9999.000,9999.000,9999.000,9999.000,9999.000,9999.000,9999.000
202606122348,  10.741,  10.758,9999.000,9999.000,9999.000,9999.000,9999.000,9999.000,9999.000
202606122354,  10.732,  10.758,9999.000,9999.000,9999.000,9999.000,9999.000,9999.000,9999.000
202606130000,  10.717,  10.738,   0.300,  -0.279,  10.738,   0.300,  10.738,   0.400,  10.838
202606130006,  10.696,  10.705,9999.000,9999.000,9999.000,9999.000,9999.000,9999.000,9999.000
202606130012,  10.668,  10.686,9999.000,9999.000,9999.000,9999.000,9999.000,9999.000,9999.000
202606130018,  10.634,  10.656,9999.000,9999.000,9999.000,9999.000,9999.000,9999.000,9999.000
202606130024,  10.594,  10.617,9999.000,9999.000,9999.000,9999.000,9999.000,9999.000,9999.000
202606130030,  10.549,  10.558,9999.000,9999.000,9999.000,9999.000,9999.000,9999.000,9999.000
202606130036,  10.498,  10.505,9999.000,9999.000,9999.000,9999.000,9999.000,9999.000,9999.000
202606130042,  10.442,  10.446,9999.000,9999.000,9999.000,9999.000,9999.000,9999.000,9999.000
202606130048,  10.381,  10.377,9999.000,9999.000,9999.000,9999.000,9999.000,9999.000,9999.000
202606130054,  10.315,  10.305,9999.000,9999.000,9999.000,9999.000,9999.000,9999.000,9999.000
202606130100,  10.244,  10.246,   0.300,  -0.298,  10.246,   0.300,  10.246,   0.400,  10.346
202606130106,  10.169,  10.187,9999.000,9999.000,9999.000,9999.000,9999.000,9999.000,9999.000
202606130112,  10.091,  10.138,9999.000,9999.000,9999.000,9999.000,9999.000,9999.000,9999.000
202606130118,  10.008,  10.066,9999.000,9999.000,9999.000,9999.000,9999.000,9999.000,9999.000
202606130124,   9.922,   9.987,9999.000,9999.000,9999.000,9999.000,9999.000,9999.000,9999.000
202606130130,   9.833,   9.908,9999.000,9999.000,9999.000,9999.000,9999.000,9999.000,9999.000
202606130136,   9.742,   9.826,9999.000,9999.000,9999.000,9999.000,9999.000,9999.000,9999.000
202606130142,   9.648,   9.748,9999.000,9999.000,9999.000,9999.000,9999.000,9999.000,9999.000
202606130148,   9.552,   9.666,9999.000,9999.000,9999.000,9999.000,9999.000,9999.000,9999.000
202606130154,   9.454,   9.567,9999.000,9999.000,9999.000,9999.000,9999.000,9999.000,9999.000
202606130200,   9.355,   9.466,   0.300,  -0.189,   9.466,   0.300,   9.466,   0.400,   9.566
202606130206,   9.255,   9.357,9999.000,9999.000,9999.000,9999.000,9999.000,9999.000,9999.000
202606130212,   9.155,   9.265,9999.000,9999.000,9999.000,9999.000,9999.000,9999.000,9999.000
202606130218,   9.055,   9.167,9999.000,9999.000,9999.000,9999.000,9999.000,9999.000,9999.000
202606130224,   8.955,   9.069,9999.000,9999.000,9999.000,9999.000,9999.000,9999.000,9999.000
202606130230,   8.855,   8.957,9999.000,9999.000,9999.000,9999.000,9999.000,9999.000,9999.000
202606130236,   8.757,   8.878,9999.000,9999.000,9999.000,9999.000,9999.000,9999.000,9999.000
202606130242,   8.660,   8.777,9999.000,9999.000,9999.000,9999.000,9999.000,9999.000,9999.000
202606130248,   8.565,   8.698,9999.000,9999.000,9999.000,9999.000,9999.000,9999.000,9999.000
202606130254,   8.473,   8.606,9999.000,9999.000,9999.000,9999.000,9999.000,9999.000,9999.000
202606130300,   8.383,   8.537,   0.300,  -0.146,   8.537,   0.300,   8.537,   0.300,   8.537
202606130306,   8.297,   8.449,9999.000,9999.000,9999.000,9999.000,9999.000,9999.000,9999.000
202606130312,   8.214,   8.347,9999.000,9999.000,9999.000,9999.000,9999.000,9999.000,9999.000
202606130318,   8.135,   8.259,9999.000,9999.000,9999.000,9999.000,9999.000,9999.000,9999.000
202606130324,   8.060,   8.167,9999.000,9999.000,9999.000,9999.000,9999.000,9999.000,9999.000
202606130330,   7.990,   8.088,9999.000,9999.000,9999.000,9999.000,9999.000,9999.000,9999.000
202606130336,   7.925,   8.016,9999.000,9999.000,9999.000,9999.000,9999.000,9999.000,9999.000
202606130342,   7.866,   7.957,9999.000,9999.000,9999.000,9999.000,9999.000,9999.000,9999.000
202606130348,   7.812,   7.898,9999.000,9999.000,9999.000,9999.000,9999.000,9999.000,9999.000
202606130354,   7.764,   7.849,9999.000,9999.000,9999.000,9999.000,9999.000,9999.000,9999.000
202606130400,   7.722,   7.819,   0.300,  -0.203,   7.819,   0.300,   7.819,   0.300,   7.819
202606130406,   7.687,   7.776,9999.000,9999.000,9999.000,9999.000,9999.000,9999.000,9999.000
202606130412,   7.659,   7.747,9999.000,9999.000,9999.000,9999.000,9999.000,9999.000,9999.000
202606130418,   7.637,   7.737,9999.000,9999.000,9999.000,9999.000,9999.000,9999.000,9999.000
202606130424,   7.623,   7.717,9999.000,9999.000,9999.000,9999.000,9999.000,9999.000,9999.000
202606130430,   7.615,   7.717,9999.000,9999.000,9999.000,9999.000,9999.000,9999.000,9999.000
202606130436,   7.616,   7.717,9999.000,9999.000,9999.000,9999.000,9999.000,9999.000,9999.000
202606130442,   7.623,   7.737,9999.000,9999.000,9999.000,9999.000,9999.000,9999.000,9999.000
202606130448,   7.638,   7.747,9999.000,9999.000,9999.000,9999.000,9999.000,9999.000,9999.000
202606130454,   7.660,   7.776,9999.000,9999.000,9999.000,9999.000,9999.000,9999.000,9999.000
202606130500,   7.690,   7.786,   0.300,  -0.204,   7.786,   0.300,   7.786,   0.300,   7.786
202606130506,   7.727,   7.819,9999.000,9999.000,9999.000,9999.000,9999.000,9999.000,9999.000
202606130512,   7.772,   7.839,9999.000,9999.000,9999.000,9999.000,9999.000,9999.000,9999.000
202606130518,   7.823,   7.898,9999.000,9999.000,9999.000,9999.000,9999.000,9999.000,9999.000
202606130524,   7.882,   7.957,9999.000,9999.000,9999.000,9999.000,9999.000,9999.000,9999.000
202606130530,   7.947,   8.016,9999.000,9999.000,9999.000,9999.000,9999.000,9999.000,9999.000
202606130536,   8.020,   8.108,9999.000,9999.000,9999.000,9999.000,9999.000,9999.000,9999.000
202606130542,   8.098,   8.196,9999.000,9999.000,9999.000,9999.000,9999.000,9999.000,9999.000
202606130548,   8.183,   8.278,9999.000,9999.000,9999.000,9999.000,9999.000,9999.000,9999.000
202606130554,   8.274,   8.386,9999.000,9999.000,9999.000,9999.000,9999.000,9999.000,9999.000
202606130600,   8.370,   8.498,   0.200,  -0.072,   8.498,   0.200,   8.498,   0.300,   8.598
202606130606,   8.472,   8.606,9999.000,9999.000,9999.000,9999.000,9999.000,9999.000,9999.000
202606130612,   8.578,   8.698,9999.000,9999.000,9999.000,9999.000,9999.000,9999.000,9999.000
202606130618,   8.690,   8.826,9999.000,9999.000,9999.000,9999.000,9999.000,9999.000,9999.000
202606130624,   8.806,   8.947,9999.000,9999.000,9999.000,9999.000,9999.000,9999.000,9999.000
202606130630,   8.925,   9.079,9999.000,9999.000,9999.000,9999.000,9999.000,9999.000,9999.000
202606130636,   9.049,   9.157,9999.000,9999.000,9999.000,9999.000,9999.000,9999.000,9999.000
202606130642,   9.175,   9.279,9999.000,9999.000,9999.000,9999.000,9999.000,9999.000,9999.000
202606130648,   9.305,   9.397,9999.000,9999.000,9999.000,9999.000,9999.000,9999.000,9999.000
202606130654,   9.436,   9.518,9999.000,9999.000,9999.000,9999.000,9999.000,9999.000,9999.000
202606130700,   9.570,   9.656,   0.200,  -0.114,   9.656,   0.200,   9.656,   0.300,   9.756
202606130706,   9.705,   9.767,9999.000,9999.000,9999.000,9999.000,9999.000,9999.000,9999.000
202606130712,   9.842,   9.908,9999.000,9999.000,9999.000,9999.000,9999.000,9999.000,9999.000
202606130718,   9.979,  10.036,9999.000,9999.000,9999.000,9999.000,9999.000,9999.000,9999.000
202606130724,  10.116,  10.167,9999.000,9999.000,9999.000,9999.000,9999.000,9999.000,9999.000
202606130730,  10.253,  10.305,9999.000,9999.000,9999.000,9999.000,9999.000,9999.000,9999.000
202606130736,  10.389,  10.436,9999.000,9999.000,9999.000,9999.000,9999.000,9999.000,9999.000
202606130742,  10.524,  10.568,9999.000,9999.000,9999.000,9999.000,9999.000,9999.000,9999.000
202606130748,  10.657,  10.696,9999.000,9999.000,9999.000,9999.000,9999.000,9999.000,9999.000
202606130754,  10.788,  10.817,9999.000,9999.000,9999.000,9999.000,9999.000,9999.000,9999.000
202606130800,  10.916,  10.948,   0.200,  -0.168,  10.948,   0.200,  10.948,   0.300,  11.048
202606130806,  11.041,  11.066,9999.000,9999.000,9999.000,9999.000,9999.000,9999.000,9999.000
202606130812,  11.162,  11.188,9999.000,9999.000,9999.000,9999.000,9999.000,9999.000,9999.000
202606130818,  11.278,  11.306,9999.000,9999.000,9999.000,9999.000,9999.000,9999.000,9999.000
202606130824,  11.390,  11.397,9999.000,9999.000,9999.000,9999.000,9999.000,9999.000,9999.000
202606130830,  11.496,  11.516,9999.000,9999.000,9999.000,9999.000,9999.000,9999.000,9999.000
202606130836,  11.596,  11.627,9999.000,9999.000,9999.000,9999.000,9999.000,9999.000,9999.000
202606130842,  11.689,  11.725,9999.000,9999.000,9999.000,9999.000,9999.000,9999.000,9999.000
202606130848,  11.776,  11.827,9999.000,9999.000,9999.000,9999.000,9999.000,9999.000,9999.000
202606130854,  11.855,  11.916,9999.000,9999.000,9999.000,9999.000,9999.000,9999.000,9999.000
202606130900,  11.926,  11.988,   0.200,  -0.138,  11.988,   0.200,  11.988,   0.200,  11.988
202606130906,  11.989,  12.057,9999.000,9999.000,9999.000,9999.000,9999.000,9999.000,9999.000
202606130912,  12.043,  12.126,9999.000,9999.000,9999.000,9999.000,9999.000,9999.000,9999.000
202606130918,  12.087,  12.175,9999.000,9999.000,9999.000,9999.000,9999.000,9999.000,9999.000
202606130924,  12.122,  12.208,9999.000,9999.000,9999.000,9999.000,9999.000,9999.000,9999.000
202606130930,  12.147,  12.247,9999.000,9999.000,9999.000,9999.000,9999.000,9999.000,9999.000
202606130936,  12.162,  12.257,9999.000,9999.000,9999.000,9999.000,9999.000,9999.000,9999.000
202606130942,  12.166,  12.257,9999.000,9999.000,9999.000,9999.000,9999.000,9999.000,9999.000
202606130948,  12.159,  12.257,9999.000,9999.000,9999.000,9999.000,9999.000,9999.000,9999.000
202606130954,  12.141,  12.237,9999.000,9999.000,9999.000,9999.000,9999.000,9999.000,9999.000
202606131000,  12.112,  12.227,   0.200,  -0.085,  12.227,   0.200,  12.227,   0.200,  12.227
202606131006,  12.071,  12.188,9999.000,9999.000,9999.000,9999.000,9999.000,9999.000,9999.000
202606131012,  12.019,  12.155,9999.000,9999.000,9999.000,9999.000,9999.000,9999.000,9999.000
202606131018,  11.956,  12.096,9999.000,9999.000,9999.000,9999.000,9999.000,9999.000,9999.000
202606131024,  11.881,  12.047,9999.000,9999.000,9999.000,9999.000,9999.000,9999.000,9999.000
202606131030,  11.794,  12.008,9999.000,9999.000,9999.000,9999.000,9999.000,9999.000,9999.000
202606131036,  11.696,  11.876,9999.000,9999.000,9999.000,9999.000,9999.000,9999.000,9999.000
202606131042,  11.587,  11.798,9999.000,9999.000,9999.000,9999.000,9999.000,9999.000,9999.000
202606131048,  11.466,  11.696,9999.000,9999.000,9999.000,9999.000,9999.000,9999.000,9999.000
202606131054,  11.334,  11.568,9999.000,9999.000,9999.000,9999.000,9999.000,9999.000,9999.000
202606131100,  11.191,  11.437,   0.200,   0.046,  11.437,   0.200,  11.437,   0.200,  11.437
202606131106,  11.037,  11.266,9999.000,9999.000,9999.000,9999.000,9999.000,9999.000,9999.000
202606131112,  10.872,  11.096,9999.000,9999.000,9999.000,9999.000,9999.000,9999.000,9999.000
202606131118,  10.697,  10.925,9999.000,9999.000,9999.000,9999.000,9999.000,9999.000,9999.000
202606131124,  10.511,  10.768,9999.000,9999.000,9999.000,9999.000,9999.000,9999.000,9999.000
202606131130,  10.315,  10.587,9999.000,9999.000,9999.000,9999.000,9999.000,9999.000,9999.000
202606131136,  10.109,  10.387,9999.000,9999.000,9999.000,9999.000,9999.000,9999.000,9999.000
202606131142,   9.894,  10.187,9999.000,9999.000,9999.000,9999.000,9999.000,9999.000,9999.000
202606131148,   9.669,   9.977,9999.000,9999.000,9999.000,9999.000,9999.000,9999.000,9999.000
202606131154,   9.436,   9.757,9999.000,9999.000,9999.000,9999.000,9999.000,9999.000,9999.000
202606131200,   9.193,   9.518,   0.100,   0.225,   9.518,   0.000,   9.418,   0.100,   9.518
202606131206,   8.943,   9.288,9999.000,9999.000,9999.000,9999.000,9999.000,9999.000,9999.000
202606131212,   8.684,   9.036,9999.000,9999.000,9999.000,9999.000,9999.000,9999.000,9999.000
202606131218,   8.417,   8.767,9999.000,9999.000,9999.000,9999.000,9999.000,9999.000,9999.000
202606131224,   8.143,   8.488,9999.000,9999.000,9999.000,9999.000,9999.000,9999.000,9999.000
202606131230,   7.862,   8.196,9999.000,9999.000,9999.000,9999.000,9999.000,9999.000,9999.000
202606131236,   7.574,   7.888,9999.000,9999.000,9999.000,9999.000,9999.000,9999.000,9999.000
202606131242,   7.280,   7.586,9999.000,9999.000,9999.000,9999.000,9999.000,9999.000,9999.000
202606131248,   6.980,   7.268,9999.000,9999.000,9999.000,9999.000,9999.000,9999.000,9999.000
202606131254,   6.675,   6.956,9999.000,9999.000,9999.000,9999.000,9999.000,9999.000,9999.000
202606131300,   6.366,   6.628,   0.100,   0.162,   6.628,   0.000,   6.528,   0.100,   6.628
202606131306,   6.051,   6.297,9999.000,9999.000,9999.000,9999.000,9999.000,9999.000,9999.000
202606131312,   5.733,   5.969,9999.000,9999.000,9999.000,9999.000,9999.000,9999.000,9999.000
202606131318,   5.412,   5.628,9999.000,9999.000,9999.000,9999.000,9999.000,9999.000,9999.000
202606131324,   5.088,   5.277,9999.000,9999.000,9999.000,9999.000,9999.000,9999.000,9999.000
202606131330,   4.762,   4.939,9999.000,9999.000,9999.000,9999.000,9999.000,9999.000,9999.000
202606131336,   4.434,   4.637,9999.000,9999.000,9999.000,9999.000,9999.000,9999.000,9999.000
202606131342,   4.105,   4.319,9999.000,9999.000,9999.000,9999.000,9999.000,9999.000,9999.000
202606131348,   3.776,   3.998,9999.000,9999.000,9999.000,9999.000,9999.000,9999.000,9999.000
202606131354,   3.447,   3.660,9999.000,9999.000,9999.000,9999.000,9999.000,9999.000,9999.000
202606131400,   3.119,   3.319,   0.100,   0.100,   3.319,   0.000,   3.219,   0.100,   3.319
202606131406,   2.793,   2.988,9999.000,9999.000,9999.000,9999.000,9999.000,9999.000,9999.000
202606131412,   2.468,   2.650,9999.000,9999.000,9999.000,9999.000,9999.000,9999.000,9999.000
202606131418,   2.147,   2.338,9999.000,9999.000,9999.000,9999.000,9999.000,9999.000,9999.000
202606131424,   1.830,   2.020,9999.000,9999.000,9999.000,9999.000,9999.000,9999.000,9999.000
202606131430,   1.517,   1.718,9999.000,9999.000,9999.000,9999.000,9999.000,9999.000,9999.000
202606131436,   1.208,   1.420,9999.000,9999.000,9999.000,9999.000,9999.000,9999.000,9999.000
202606131442,   0.906,   1.108,9999.000,9999.000,9999.000,9999.000,9999.000,9999.000,9999.000
202606131448,   0.610,   0.839,9999.000,9999.000,9999.000,9999.000,9999.000,9999.000,9999.000
202606131454,   0.321,   0.570,9999.000,9999.000,9999.000,9999.000,9999.000,9999.000,9999.000
202606131500,   0.040,   0.278,   0.100,   0.138,   0.278,   0.000,   0.178,   0.100,   0.278
202606131506,  -0.231,   0.019,9999.000,9999.000,9999.000,9999.000,9999.000,9999.000,9999.000
202606131512,  -0.495,  -0.259,9999.000,9999.000,9999.000,9999.000,9999.000,9999.000,9999.000
202606131518,  -0.749,  -0.488,9999.000,9999.000,9999.000,9999.000,9999.000,9999.000,9999.000
202606131524,  -0.992,  -0.741,9999.000,9999.000,9999.000,9999.000,9999.000,9999.000,9999.000
202606131530,  -1.224,  -0.928,9999.000,9999.000,9999.000,9999.000,9999.000,9999.000,9999.000
202606131536,  -1.445,  -1.138,9999.000,9999.000,9999.000,9999.000,9999.000,9999.000,9999.000
202606131542,  -1.653,  -1.380,9999.000,9999.000,9999.000,9999.000,9999.000,9999.000,9999.000
202606131548,  -1.849,  -1.538,9999.000,9999.000,9999.000,9999.000,9999.000,9999.000,9999.000
202606131554,  -2.031,  -1.728,9999.000,9999.000,9999.000,9999.000,9999.000,9999.000,9999.000
202606131600,  -2.200,  -1.889,   0.100,   0.211,  -1.889,   0.000,  -1.989,   0.100,  -1.889
202606131606,  -2.355,  -2.040,9999.000,9999.000,9999.000,9999.000,9999.000,9999.000,9999.000
202606131612,  -2.495,  -2.168,9999.000,9999.000,9999.000,9999.000,9999.000,9999.000,9999.000
202606131618,  -2.620,  -2.289,9999.000,9999.000,9999.000,9999.000,9999.000,9999.000,9999.000
202606131624,  -2.730,  -2.430,9999.000,9999.000,9999.000,9999.000,9999.000,9999.000,9999.000
202606131630,  -2.824,  -2.499,9999.000,9999.000,9999.000,9999.000,9999.000,9999.000,9999.000
202606131636,  -2.902,  -2.568,9999.000,9999.000,9999.000,9999.000,9999.000,9999.000,9999.000
202606131642,  -2.965,  -2.660,9999.000,9999.000,9999.000,9999.000,9999.000,9999.000,9999.000
202606131648,  -3.011,  -2.709,9999.000,9999.000,9999.000,9999.000,9999.000,9999.000,9999.000
202606131654,  -3.041,  -2.709,9999.000,9999.000,9999.000,9999.000,9999.000,9999.000,9999.000
202606131700,  -3.054,  -2.748,   0.100,   0.206,  -2.748,   0.100,  -2.748,   0.100,  -2.748
202606131706,  -3.051,  -2.738,9999.000,9999.000,9999.000,9999.000,9999.000,9999.000,9999.000
202606131712,  -3.032,  -2.699,9999.000,9999.000,9999.000,9999.000,9999.000,9999.000,9999.000
202606131718,  -2.997,  -2.587,9999.000,9999.000,9999.000,9999.000,9999.000,9999.000,9999.000
202606131724,  -2.945,  -2.499,9999.000,9999.000,9999.000,9999.000,9999.000,9999.000,9999.000
202606131730,  -2.877,  -2.410,9999.000,9999.000,9999.000,9999.000,9999.000,9999.000,9999.000
202606131736,  -2.794,  -2.279,9999.000,9999.000,9999.000,9999.000,9999.000,9999.000,9999.000
202606131742,  -2.696,  -2.158,9999.000,9999.000,9999.000,9999.000,9999.000,9999.000,9999.000
202606131748,  -2.582,  -2.049,9999.000,9999.000,9999.000,9999.000,9999.000,9999.000,9999.000
202606131754,  -2.453,  -1.889,9999.000,9999.000,9999.000,9999.000,9999.000,9999.000,9999.000
202606131800,  -2.310,  -1.758,   0.100,   0.452,  -1.758,   0.000,  -1.858,   0.100,  -1.758
202606131806,  -2.153,  -1.610,9999.000,9999.000,9999.000,9999.000,9999.000,9999.000,9999.000
202606131812,  -1.983,  -1.439,9999.000,9999.000,9999.000,9999.000,9999.000,9999.000,9999.000
202606131818,  -1.800,  -1.279,9999.000,9999.000,9999.000,9999.000,9999.000,9999.000,9999.000
202606131824,  -1.604,  -1.079,9999.000,9999.000,9999.000,9999.000,9999.000,9999.000,9999.000
202606131830,  -1.396,  -0.898,9999.000,9999.000,9999.000,9999.000,9999.000,9999.000,9999.000
202606131836,  -1.176,  -0.688,9999.000,9999.000,9999.000,9999.000,9999.000,9999.000,9999.000
202606131842,  -0.946,  -0.469,9999.000,9999.000,9999.000,9999.000,9999.000,9999.000,9999.000
202606131848,  -0.705,  -0.268,9999.000,9999.000,9999.000,9999.000,9999.000,9999.000,9999.000
202606131854,  -0.455,  -0.019,9999.000,9999.000,9999.000,9999.000,9999.000,9999.000,9999.000
202606131900,  -0.195,   0.229,   0.100,   0.324,   0.229,   0.100,   0.229,   0.100,   0.229
202606131906,   0.071,   0.469,9999.000,9999.000,9999.000,9999.000,9999.000,9999.000,9999.000
202606131912,   0.347,   0.741,9999.000,9999.000,9999.000,9999.000,9999.000,9999.000,9999.000
202606131918,   0.630,   1.029,9999.000,9999.000,9999.000,9999.000,9999.000,9999.000,9999.000
202606131924,   0.920,   1.318,9999.000,9999.000,9999.000,9999.000,9999.000,9999.000,9999.000
202606131930,   1.215,   1.630,9999.000,9999.000,9999.000,9999.000,9999.000,9999.000,9999.000
202606131936,   1.516,   1.958,9999.000,9999.000,9999.000,9999.000,9999.000,9999.000,9999.000
202606131942,   1.821,   2.269,9999.000,9999.000,9999.000,9999.000,9999.000,9999.000,9999.000
202606131948,   2.130,   2.587,9999.000,9999.000,9999.000,9999.000,9999.000,9999.000,9999.000
202606131954,   2.443,   2.909,9999.000,9999.000,9999.000,9999.000,9999.000,9999.000,9999.000
202606132000,   2.758,   3.250,   0.100,   0.392,   3.250,   0.000,   3.150,   0.100,   3.250
202606132006,   3.075,   3.568,9999.000,9999.000,9999.000,9999.000,9999.000,9999.000,9999.000
202606132012,   3.393,   3.890,9999.000,9999.000,9999.000,9999.000,9999.000,9999.000,9999.000
202606132018,   3.712,   4.198,9999.000,9999.000,9999.000,9999.000,9999.000,9999.000,9999.000
202606132024,   4.031,   4.509,9999.000,9999.000,9999.000,9999.000,9999.000,9999.000,9999.000
202606132030,   4.350,   4.818,9999.000,9999.000,9999.000,9999.000,9999.000,9999.000,9999.000
202606132036,   4.667,   5.149,9999.000,9999.000,9999.000,9999.000,9999.000,9999.000,9999.000
202606132042,   4.982,   5.477,9999.000,9999.000,9999.000,9999.000,9999.000,9999.000,9999.000
202606132048,   5.295,   5.789,9999.000,9999.000,9999.000,9999.000,9999.000,9999.000,9999.000
202606132054,   5.604,   6.117,9999.000,9999.000,9999.000,9999.000,9999.000,9999.000,9999.000
202606132100,   5.910,   6.448,   0.100,   0.438,   6.448,   0.100,   6.448,   0.100,   6.448
202606132106,   6.212,   6.789,9999.000,9999.000,9999.000,9999.000,9999.000,9999.000,9999.000
202606132112,   6.508,   7.078,9999.000,9999.000,9999.000,9999.000,9999.000,9999.000,9999.000
202606132118,   6.799,   7.307,9999.000,9999.000,9999.000,9999.000,9999.000,9999.000,9999.000
202606132124,   7.084,   7.566,9999.000,9999.000,9999.000,9999.000,9999.000,9999.000,9999.000
202606132130,   7.363,   7.829,9999.000,9999.000,9999.000,9999.000,9999.000,9999.000,9999.000
202606132136,   7.635,   8.058,9999.000,9999.000,9999.000,9999.000,9999.000,9999.000,9999.000
202606132142,   7.899,   8.288,9999.000,9999.000,9999.000,9999.000,9999.000,9999.000,9999.000
202606132148,   8.156,   8.557,9999.000,9999.000,9999.000,9999.000,9999.000,9999.000,9999.000
202606132154,   8.405,   8.777,9999.000,9999.000,9999.000,9999.000,9999.000,9999.000,9999.000
202606132200,   8.645,   8.947,   0.100,   0.202,   8.947,   0.100,   8.947,   0.200,   9.047
202606132206,   8.877,   9.157,9999.000,9999.000,9999.000,9999.000,9999.000,9999.000,9999.000
202606132212,   9.100,   9.387,9999.000,9999.000,9999.000,9999.000,9999.000,9999.000,9999.000
202606132218,   9.314,   9.557,9999.000,9999.000,9999.000,9999.000,9999.000,9999.000,9999.000
202606132224,   9.519,   9.748,9999.000,9999.000,9999.000,9999.000,9999.000,9999.000,9999.000
202606132230,   9.714,   9.948,9999.000,9999.000,9999.000,9999.000,9999.000,9999.000,9999.000
202606132236,   9.900,  10.108,9999.000,9999.000,9999.000,9999.000,9999.000,9999.000,9999.000
202606132242,  10.076,  10.236,9999.000,9999.000,9999.000,9999.000,9999.000,9999.000,9999.000
202606132248,  10.243,  10.397,9999.000,9999.000,9999.000,9999.000,9999.000,9999.000,9999.000
202606132254,  10.400,  10.528,9999.000,9999.000,9999.000,9999.000,9999.000,9999.000,9999.000
202606132300,  10.548,  10.637,   0.100,  -0.011,  10.637,   0.100,  10.637,   0.100,  10.637
202606132306,  10.686,  10.758,9999.000,9999.000,9999.000,9999.000,9999.000,9999.000,9999.000
202606132312,  10.815,  10.886,9999.000,9999.000,9999.000,9999.000,9999.000,9999.000,9999.000
202606132318,  10.934,  10.958,9999.000,9999.000,9999.000,9999.000,9999.000,9999.000,9999.000
202606132324,  11.044,  11.027,9999.000,9999.000,9999.000,9999.000,9999.000,9999.000,9999.000
202606132330,  11.145,  11.115,9999.000,9999.000,9999.000,9999.000,9999.000,9999.000,9999.000
202606132336,  11.237,  11.197,9999.000,9999.000,9999.000,9999.000,9999.000,9999.000,9999.000
202606132342,  11.320,  11.247,9999.000,9999.000,9999.000,9999.000,9999.000,9999.000,9999.000
202606132348,  11.394,  11.306,9999.000,9999.000,9999.000,9999.000,9999.000,9999.000,9999.000
202606132354,  11.460,  11.358,9999.000,9999.000,9999.000,9999.000,9999.000,9999.000,9999.000
202606140000,  11.517,  11.417,   0.300,  -0.400,  11.417,   0.200,  11.317,   0.300,  11.417
202606140006,  11.565,  11.466,9999.000,9999.000,9999.000,9999.000,9999.000,9999.000,9999.000
202606140012,  11.605,  11.516,9999.000,9999.000,9999.000,9999.000,9999.000,9999.000,9999.000
202606140018,  11.638,  11.535,9999.000,9999.000,9999.000,9999.000,9999.000,9999.000,9999.000
202606140024,  11.662,  11.535,9999.000,9999.000,9999.000,9999.000,9999.000,9999.000,9999.000
202606140030,  11.678,  11.535,9999.000,9999.000,9999.000,9999.000,9999.000,9999.000,9999.000
202606140036,  11.687,  11.555,9999.000,9999.000,9999.000,9999.000,9999.000,9999.000,9999.000
202606140042,  11.688,  11.555,9999.000,9999.000,9999.000,9999.000,9999.000,9999.000,9999.000
202606140048,  11.681,  11.535,9999.000,9999.000,9999.000,9999.000,9999.000,9999.000,9999.000
202606140054,  11.668,  11.496,9999.000,9999.000,9999.000,9999.000,9999.000,9999.000,9999.000
202606140100,  11.647,  11.476,   0.300,  -0.471,  11.476,   0.300,  11.476,   0.300,  11.476
202606140106,  11.619,  11.427,9999.000,9999.000,9999.000,9999.000,9999.000,9999.000,9999.000
202606140112,  11.584,  11.388,9999.000,9999.000,9999.000,9999.000,9999.000,9999.000,9999.000
202606140118,  11.543,  11.345,9999.000,9999.000,9999.000,9999.000,9999.000,9999.000,9999.000
202606140124,  11.496,  11.296,9999.000,9999.000,9999.000,9999.000,9999.000,9999.000,9999.000
202606140130,  11.442,  11.247,9999.000,9999.000,9999.000,9999.000,9999.000,9999.000,9999.000
202606140136,  11.382,  11.197,9999.000,9999.000,9999.000,9999.000,9999.000,9999.000,9999.000
202606140142,  11.316,  11.158,9999.000,9999.000,9999.000,9999.000,9999.000,9999.000,9999.000
202606140148,  11.245,  11.106,9999.000,9999.000,9999.000,9999.000,9999.000,9999.000,9999.000
202606140154,  11.168,  11.056,9999.000,9999.000,9999.000,9999.000,9999.000,9999.000,9999.000
202606140200,  11.087,  10.997,   0.300,  -0.390,  10.997,   0.300,  10.997,   0.300,  10.997
202606140206,  11.001,  10.925,9999.000,9999.000,9999.000,9999.000,9999.000,9999.000,9999.000
202606140212,  10.910,  10.846,9999.000,9999.000,9999.000,9999.000,9999.000,9999.000,9999.000
202606140218,  10.816,  10.758,9999.000,9999.000,9999.000,9999.000,9999.000,9999.000,9999.000
202606140224,  10.717,  10.676,9999.000,9999.000,9999.000,9999.000,9999.000,9999.000,9999.000
202606140230,  10.616,  10.597,9999.000,9999.000,9999.000,9999.000,9999.000,9999.000,9999.000
202606140236,  10.511,  10.515,9999.000,9999.000,9999.000,9999.000,9999.000,9999.000,9999.000
202606140242,  10.404,  10.417,9999.000,9999.000,9999.000,9999.000,9999.000,9999.000,9999.000
202606140248,  10.294,  10.328,9999.000,9999.000,9999.000,9999.000,9999.000,9999.000,9999.000
202606140254,  10.183,  10.217,9999.000,9999.000,9999.000,9999.000,9999.000,9999.000,9999.000
202606140300,  10.070,  10.118,   0.300,  -0.252,  10.118,   0.300,  10.118,   0.300,  10.118
202606140306,   9.956,  10.017,9999.000,9999.000,9999.000,9999.000,9999.000,9999.000,9999.000
202606140312,   9.842,   9.899,9999.000,9999.000,9999.000,9999.000,9999.000,9999.000,9999.000
202606140318,   9.727,   9.787,9999.000,9999.000,9999.000,9999.000,9999.000,9999.000,9999.000
202606140324,   9.613,   9.666,9999.000,9999.000,9999.000,9999.000,9999.000,9999.000,9999.000
202606140330,   9.500,   9.567,9999.000,9999.000,9999.000,9999.000,9999.000,9999.000,9999.000
202606140336,   9.388,   9.456,9999.000,9999.000,9999.000,9999.000,9999.000,9999.000,9999.000
202606140342,   9.278,   9.328,9999.000,9999.000,9999.000,9999.000,9999.000,9999.000,9999.000
202606140348,   9.170,   9.236,9999.000,9999.000,9999.000,9999.000,9999.000,9999.000,9999.000
202606140354,   9.064,   9.147,9999.000,9999.000,9999.000,9999.000,9999.000,9999.000,9999.000
202606140400,   8.962,   9.046,   0.300,  -0.216,   9.046,   0.200,   8.946,   0.300,   9.046
202606140406,   8.863,   8.967,9999.000,9999.000,9999.000,9999.000,9999.000,9999.000,9999.000
202606140412,   8.768,   8.869,9999.000,9999.000,9999.000,9999.000,9999.000,9999.000,9999.000
202606140418,   8.677,   8.757,9999.000,9999.000,9999.000,9999.000,9999.000,9999.000,9999.000
202606140424,   8.592,   8.669,9999.000,9999.000,9999.000,9999.000,9999.000,9999.000,9999.000
202606140430,   8.511,   8.587,9999.000,9999.000,9999.000,9999.000,9999.000,9999.000,9999.000
202606140436,   8.436,   8.518,9999.000,9999.000,9999.000,9999.000,9999.000,9999.000,9999.000
202606140442,   8.367,   8.439,9999.000,9999.000,9999.000,9999.000,9999.000,9999.000,9999.000
202606140448,   8.304,   8.377,9999.000,9999.000,9999.000,9999.000,9999.000,9999.000,9999.000
202606140454,   8.248,   8.327,9999.000,9999.000,9999.000,9999.000,9999.000,9999.000,9999.000
202606140500,   8.198,   8.288,   0.300,  -0.210,   8.288,   0.300,   8.288,   0.300,   8.288
202606140506,   8.156,   8.229,9999.000,9999.000,9999.000,9999.000,9999.000,9999.000,9999.000
202606140512,   8.121,   8.196,9999.000,9999.000,9999.000,9999.000,9999.000,9999.000,9999.000
202606140518,   8.093,   8.196,9999.000,9999.000,9999.000,9999.000,9999.000,9999.000,9999.000
202606140524,   8.073,   8.186,9999.000,9999.000,9999.000,9999.000,9999.000,9999.000,9999.000
202606140530,   8.061,   8.177,9999.000,9999.000,9999.000,9999.000,9999.000,9999.000,9999.000
202606140536,   8.056,   8.186,9999.000,9999.000,9999.000,9999.000,9999.000,9999.000,9999.000
202606140542,   8.060,   8.196,9999.000,9999.000,9999.000,9999.000,9999.000,9999.000,9999.000
202606140548,   8.071,   8.216,9999.000,9999.000,9999.000,9999.000,9999.000,9999.000,9999.000
202606140554,   8.091,   8.239,9999.000,9999.000,9999.000,9999.000,9999.000,9999.000,9999.000
202606140600,   8.118,   8.268,   0.300,  -0.150,   8.268,   0.200,   8.168,   0.300,   8.268
202606140606,   8.153,   8.308,9999.000,9999.000,9999.000,9999.000,9999.000,9999.000,9999.000
202606140612,   8.195,   8.337,9999.000,9999.000,9999.000,9999.000,9999.000,9999.000,9999.000
202606140618,   8.245,   8.386,9999.000,9999.000,9999.000,9999.000,9999.000,9999.000,9999.000
202606140624,   8.303,   8.459,9999.000,9999.000,9999.000,9999.000,9999.000,9999.000,9999.000
202606140630,   8.367,   8.518,9999.000,9999.000,9999.000,9999.000,9999.000,9999.000,9999.000
202606140636,   8.438,   8.577,9999.000,9999.000,9999.000,9999.000,9999.000,9999.000,9999.000
202606140642,   8.516,   8.659,9999.000,9999.000,9999.000,9999.000,9999.000,9999.000,9999.000
202606140648,   8.600,   8.747,9999.000,9999.000,9999.000,9999.000,9999.000,9999.000,9999.000
202606140654,   8.690,   8.846,9999.000,9999.000,9999.000,9999.000,9999.000,9999.000,9999.000
202606140700,   8.786,   8.957,   0.300,  -0.129,   8.957,   0.300,   8.957,   0.300,   8.957
202606140706,   8.887,   9.069,9999.000,9999.000,9999.000,9999.000,9999.000,9999.000,9999.000
202606140712,   8.993,   9.177,9999.000,9999.000,9999.000,9999.000,9999.000,9999.000,9999.000
202606140718,   9.103,   9.288,9999.000,9999.000,9999.000,9999.000,9999.000,9999.000,9999.000
202606140724,   9.218,   9.407,9999.000,9999.000,9999.000,9999.000,9999.000,9999.000,9999.000
202606140730,   9.336,   9.538,9999.000,9999.000,9999.000,9999.000,9999.000,9999.000,9999.000
202606140736,   9.457,   9.646,9999.000,9999.000,9999.000,9999.000,9999.000,9999.000,9999.000
202606140742,   9.582,   9.767,9999.000,9999.000,9999.000,9999.000,9999.000,9999.000,9999.000
202606140748,   9.709,   9.885,9999.000,9999.000,9999.000,9999.000,9999.000,9999.000,9999.000
202606140754,   9.837,  10.007,9999.000,9999.000,9999.000,9999.000,9999.000,9999.000,9999.000
202606140800,   9.967,  10.128,   0.300,  -0.139,  10.128,   0.300,  10.128,   0.300,  10.128
202606140806,  10.098,  10.246,9999.000,9999.000,9999.000,9999.000,9999.000,9999.000,9999.000
202606140812,  10.230,  10.377,9999.000,9999.000,9999.000,9999.000,9999.000,9999.000,9999.000
202606140818,  10.361,  10.486,9999.000,9999.000,9999.000,9999.000,9999.000,9999.000,9999.000
202606140824,  10.492,  10.597,9999.000,9999.000,9999.000,9999.000,9999.000,9999.000,9999.000
202606140830,  10.622,  10.715,9999.000,9999.000,9999.000,9999.000,9999.000,9999.000,9999.000
202606140836,  10.750,  10.837,9999.000,9999.000,9999.000,9999.000,9999.000,9999.000,9999.000
202606140842,  10.876,  10.948,9999.000,9999.000,9999.000,9999.000,9999.000,9999.000,9999.000
202606140848,  11.000,  11.066,9999.000,9999.000,9999.000,9999.000,9999.000,9999.000,9999.000
202606140854,  11.120,  11.178,9999.000,9999.000,9999.000,9999.000,9999.000,9999.000,9999.000
202606140900,  11.236,  11.296,   0.200,  -0.140,  11.296,   0.200,  11.296,   0.300,  11.396
202606140906,  11.348,  11.407,9999.000,9999.000,9999.000,9999.000,9999.000,9999.000,9999.000
202606140912,  11.455,  11.525,9999.000,9999.000,9999.000,9999.000,9999.000,9999.000,9999.000
202606140918,  11.557,  11.637,9999.000,9999.000,9999.000,9999.000,9999.000,9999.000,9999.000
202606140924,  11.652,  11.735,9999.000,9999.000,9999.000,9999.000,9999.000,9999.000,9999.000
202606140930,  11.741,  11.857,9999.000,9999.000,9999.000,9999.000,9999.000,9999.000,9999.000
202606140936,  11.823,  11.965,9999.000,9999.000,9999.000,9999.000,9999.000,9999.000,9999.000
202606140942,  11.897,  12.057,9999.000,9999.000,9999.000,9999.000,9999.000,9999.000,9999.000
202606140948,  11.963,  12.126,9999.000,9999.000,9999.000,9999.000,9999.000,9999.000,9999.000
202606140954,  12.020,  12.208,9999.000,9999.000,9999.000,9999.000,9999.000,9999.000,9999.000
202606141000,  12.068,  12.277,   0.300,  -0.091,  12.277,   0.200,  12.177,   0.300,  12.277
202606141006,  12.107,  12.316,9999.000,9999.000,9999.000,9999.000,9999.000,9999.000,9999.000
202606141012,  12.136,  12.355,9999.000,9999.000,9999.000,9999.000,9999.000,9999.000,9999.000
202606141018,  12.155,  12.385,9999.000,9999.000,9999.000,9999.000,9999.000,9999.000,9999.000
202606141024,  12.163,  12.427,9999.000,9999.000,9999.000,9999.000,9999.000,9999.000,9999.000
202606141030,  12.161,  12.418,9999.000,9999.000,9999.000,9999.000,9999.000,9999.000,9999.000
202606141036,  12.147,  12.418,9999.000,9999.000,9999.000,9999.000,9999.000,9999.000,9999.000
202606141042,  12.122,  12.398,9999.000,9999.000,9999.000,9999.000,9999.000,9999.000,9999.000
202606141048,  12.086,  12.375,9999.000,9999.000,9999.000,9999.000,9999.000,9999.000,9999.000
202606141054,  12.038,  12.345,9999.000,9999.000,9999.000,9999.000,9999.000,9999.000,9999.000
202606141100,  11.978,  12.306,   0.300,   0.028,  12.306,   0.200,  12.206,   0.300,  12.306
202606141106,  11.906,  12.247,9999.000,9999.000,9999.000,9999.000,9999.000,9999.000,9999.000
202606141112,  11.822,  12.175,9999.000,9999.000,9999.000,9999.000,9999.000,9999.000,9999.000
202606141118,  11.727,  12.096,9999.000,9999.000,9999.000,9999.000,9999.000,9999.000,9999.000
202606141124,  11.620,  11.998,9999.000,9999.000,9999.000,9999.000,9999.000,9999.000,9999.000
202606141130,  11.501,  11.886,9999.000,9999.000,9999.000,9999.000,9999.000,9999.000,9999.000
202606141136,  11.370,  11.765,9999.000,9999.000,9999.000,9999.000,9999.000,9999.000,9999.000
202606141142,  11.227,  11.627,9999.000,9999.000,9999.000,9999.000,9999.000,9999.000,9999.000
202606141148,  11.074,  11.476,9999.000,9999.000,9999.000,9999.000,9999.000,9999.000,9999.000
202606141154,  10.909,  11.315,9999.000,9999.000,9999.000,9999.000,9999.000,9999.000,9999.000
202606141200,  10.732,  11.158,   0.100,   0.326,  11.158,   0.100,  11.158,   0.100,  11.158
202606141206,  10.545,  10.978,9999.000,9999.000,9999.000,9999.000,9999.000,9999.000,9999.000
202606141212,  10.348,  10.797,9999.000,9999.000,9999.000,9999.000,9999.000,9999.000,9999.000
202606141218,  10.139,  10.607,9999.000,9999.000,9999.000,9999.000,9999.000,9999.000,9999.000
202606141224,   9.921,  10.407,9999.000,9999.000,9999.000,9999.000,9999.000,9999.000,9999.000
202606141230,   9.693,  10.207,9999.000,9999.000,9999.000,9999.000,9999.000,9999.000,9999.000
202606141236,   9.455,   9.987,9999.000,9999.000,9999.000,9999.000,9999.000,9999.000,9999.000
202606141242,   9.207,   9.738,9999.000,9999.000,9999.000,9999.000,9999.000,9999.000,9999.000
202606141248,   8.951,   9.489,9999.000,9999.000,9999.000,9999.000,9999.000,9999.000,9999.000
202606141254,   8.686,   9.226,9999.000,9999.000,9999.000,9999.000,9999.000,9999.000,9999.000
202606141300,   8.412,   8.957,   0.100,   0.445,   8.957,   0.100,   8.957,   0.100,   8.957
202606141306,   8.130,   8.678,9999.000,9999.000,9999.000,9999.000,9999.000,9999.000,9999.000
202606141312,   7.841,   8.377,9999.000,9999.000,9999.000,9999.000,9999.000,9999.000,9999.000
202606141318,   7.544,   8.068,9999.000,9999.000,9999.000,9999.000,9999.000,9999.000,9999.000
202606141324,   7.241,   7.747,9999.000,9999.000,9999.000,9999.000,9999.000,9999.000,9999.000
202606141330,   6.931,   7.419,9999.000,9999.000,9999.000,9999.000,9999.000,9999.000,9999.000
202606141336,   6.614,   7.088,9999.000,9999.000,9999.000,9999.000,9999.000,9999.000,9999.000
202606141342,   6.293,   6.746,9999.000,9999.000,9999.000,9999.000,9999.000,9999.000,9999.000
202606141348,   5.966,   6.389,9999.000,9999.000,9999.000,9999.000,9999.000,9999.000,9999.000
202606141354,   5.634,   6.038,9999.000,9999.000,9999.000,9999.000,9999.000,9999.000,9999.000
202606141400,   5.299,   5.687,   0.100,   0.288,   5.687,   0.100,   5.687,   0.100,   5.687
202606141406,   4.960,   5.329,9999.000,9999.000,9999.000,9999.000,9999.000,9999.000,9999.000
202606141412,   4.618,   4.959,9999.000,9999.000,9999.000,9999.000,9999.000,9999.000,9999.000
202606141418,   4.273,   4.608,9999.000,9999.000,9999.000,9999.000,9999.000,9999.000,9999.000
202606141424,   3.927,   4.267,9999.000,9999.000,9999.000,9999.000,9999.000,9999.000,9999.000
202606141430,   3.580,   3.909,9999.000,9999.000,9999.000,9999.000,9999.000,9999.000,9999.000
202606141436,   3.232,   3.558,9999.000,9999.000,9999.000,9999.000,9999.000,9999.000,9999.000
202606141442,   2.885,   3.197,9999.000,9999.000,9999.000,9999.000,9999.000,9999.000,9999.000
202606141448,   2.539,   2.840,9999.000,9999.000,9999.000,9999.000,9999.000,9999.000,9999.000
202606141454,   2.194,   2.489,9999.000,9999.000,9999.000,9999.000,9999.000,9999.000,9999.000
202606141500,   1.851,   2.148,   0.100,   0.197,   2.148,   0.100,   2.148,   0.100,   2.148
202606141506,   1.512,   1.810,9999.000,9999.000,9999.000,9999.000,9999.000,9999.000,9999.000
202606141512,   1.176,   1.469,9999.000,9999.000,9999.000,9999.000,9999.000,9999.000,9999.000
202606141518,   0.845,   1.138,9999.000,9999.000,9999.000,9999.000,9999.000,9999.000,9999.000
202606141524,   0.519,   0.819,9999.000,9999.000,9999.000,9999.000,9999.000,9999.000,9999.000
202606141530,   0.199,   0.488,9999.000,9999.000,9999.000,9999.000,9999.000,9999.000,9999.000
202606141536,  -0.113,   0.180,9999.000,9999.000,9999.000,9999.000,9999.000,9999.000,9999.000
202606141542,  -0.418,  -0.078,9999.000,9999.000,9999.000,9999.000,9999.000,9999.000,9999.000
202606141548,  -0.715,  -0.370,9999.000,9999.000,9999.000,9999.000,9999.000,9999.000,9999.000
202606141554,  -1.004,  -0.669,9999.000,9999.000,9999.000,9999.000,9999.000,9999.000,9999.000
202606141600,  -1.282,  -0.928,   0.100,   0.254,  -0.928,   0.000,  -1.028,   0.100,  -0.928
202606141606,  -1.550,  -1.180,9999.000,9999.000,9999.000,9999.000,9999.000,9999.000,9999.000
202606141612,  -1.807,  -1.449,9999.000,9999.000,9999.000,9999.000,9999.000,9999.000,9999.000
202606141618,  -2.052,  -1.679,9999.000,9999.000,9999.000,9999.000,9999.000,9999.000,9999.000
202606141624,  -2.284,  -1.869,9999.000,9999.000,9999.000,9999.000,9999.000,9999.000,9999.000
202606141630,  -2.504,  -2.079,9999.000,9999.000,9999.000,9999.000,9999.000,9999.000,9999.000
202606141636,  -2.710,  -2.299,9999.000,9999.000,9999.000,9999.000,9999.000,9999.000,9999.000
202606141642,  -2.902,  -2.479,9999.000,9999.000,9999.000,9999.000,9999.000,9999.000,9999.000
202606141648,  -3.078,  -2.669,9999.000,9999.000,9999.000,9999.000,9999.000,9999.000,9999.000
202606141654,  -3.240,  -2.850,9999.000,9999.000,9999.000,9999.000,9999.000,9999.000,9999.000
202606141700,  -3.386,  -2.988,   0.100,   0.298,  -2.988,   0.100,  -2.988,   0.200,  -2.888
202606141706,  -3.516,  -3.138,9999.000,9999.000,9999.000,9999.000,9999.000,9999.000,9999.000
202606141712,  -3.629,  -3.289,9999.000,9999.000,9999.000,9999.000,9999.000,9999.000,9999.000
202606141718,  -3.725,  -3.339,9999.000,9999.000,9999.000,9999.000,9999.000,9999.000,9999.000
202606141724,  -3.805,  -3.460,9999.000,9999.000,9999.000,9999.000,9999.000,9999.000,9999.000
202606141730,  -3.866,  -3.529,9999.000,9999.000,9999.000,9999.000,9999.000,9999.000,9999.000
202606141736,  -3.911,  -3.548,9999.000,9999.000,9999.000,9999.000,9999.000,9999.000,9999.000
202606141742,  -3.937,  -3.607,9999.000,9999.000,9999.000,9999.000,9999.000,9999.000,9999.000
202606141748,  -3.946,  -3.607,9999.000,9999.000,9999.000,9999.000,9999.000,9999.000,9999.000
202606141754,  -3.938,  -3.568,9999.000,9999.000,9999.000,9999.000,9999.000,9999.000,9999.000
202606141800,  -3.911,  -3.499,   0.100,   0.312,  -3.499,   0.000,  -3.599,   0.200,  -3.399
202606141806,  -3.867,  -3.417,9999.000,9999.000,9999.000,9999.000,9999.000,9999.000,9999.000
202606141812,  -3.805,  -3.319,9999.000,9999.000,9999.000,9999.000,9999.000,9999.000,9999.000
202606141818,  -3.726,  -3.217,9999.000,9999.000,9999.000,9999.000,9999.000,9999.000,9999.000
202606141824,  -3.630,  -3.099,9999.000,9999.000,9999.000,9999.000,9999.000,9999.000,9999.000
202606141830,  -3.518,  -2.948,9999.000,9999.000,9999.000,9999.000,9999.000,9999.000,9999.000
202606141836,  -3.388,  -2.797,9999.000,9999.000,9999.000,9999.000,9999.000,9999.000,9999.000
202606141842,  -3.243,  -2.669,9999.000,9999.000,9999.000,9999.000,9999.000,9999.000,9999.000
202606141848,  -3.082,  -2.538,9999.000,9999.000,9999.000,9999.000,9999.000,9999.000,9999.000
202606141854,  -2.906,  -2.358,9999.000,9999.000,9999.000,9999.000,9999.000,9999.000,9999.000
202606141900,  -2.716,  -2.138,   0.100,   0.478,  -2.138,   0.000,  -2.238,   0.200,  -2.038
202606141906,  -2.511,  -1.958,9999.000,9999.000,9999.000,9999.000,9999.000,9999.000,9999.000
202606141912,  -2.292,  -1.738,9999.000,9999.000,9999.000,9999.000,9999.000,9999.000,9999.000
202606141918,  -2.061,  -1.518,9999.000,9999.000,9999.000,9999.000,9999.000,9999.000,9999.000
202606141924,  -1.817,  -1.298,9999.000,9999.000,9999.000,9999.000,9999.000,9999.000,9999.000
202606141930,  -1.562,  -1.049,9999.000,9999.000,9999.000,9999.000,9999.000,9999.000,9999.000
202606141936,  -1.295,  -0.810,9999.000,9999.000,9999.000,9999.000,9999.000,9999.000,9999.000
202606141942,  -1.019,  -0.518,9999.000,9999.000,9999.000,9999.000,9999.000,9999.000,9999.000
202606141948,  -0.732,  -0.259,9999.000,9999.000,9999.000,9999.000,9999.000,9999.000,9999.000
202606141954,  -0.436,   0.029,9999.000,9999.000,9999.000,9999.000,9999.000,9999.000,9999.000
202606142000,  -0.132,   0.331,   0.100,   0.363,   0.331,   0.100,   0.331,   0.100,   0.331
202606142006,   0.178,   0.629,9999.000,9999.000,9999.000,9999.000,9999.000,9999.000,9999.000
202606142012,   0.497,   0.990,9999.000,9999.000,9999.000,9999.000,9999.000,9999.000,9999.000
202606142018,   0.822,   1.298,9999.000,9999.000,9999.000,9999.000,9999.000,9999.000,9999.000
202606142024,   1.152,   1.630,9999.000,9999.000,9999.000,9999.000,9999.000,9999.000,9999.000
202606142030,   1.487,   1.981,9999.000,9999.000,9999.000,9999.000,9999.000,9999.000,9999.000
202606142036,   1.826,   2.318,9999.000,9999.000,9999.000,9999.000,9999.000,9999.000,9999.000
202606142042,   2.168,   2.669,9999.000,9999.000,9999.000,9999.000,9999.000,9999.000,9999.000
202606142048,   2.513,   3.040,9999.000,9999.000,9999.000,9999.000,9999.000,9999.000,9999.000
202606142054,   2.860,   3.378,9999.000,9999.000,9999.000,9999.000,9999.000,9999.000,9999.000
202606142100,   3.208,   3.729,   0.100,   0.421,   3.729,   0.100,   3.729,   0.200,   3.829
202606142106,   3.557,   4.090,9999.000,9999.000,9999.000,9999.000,9999.000,9999.000,9999.000
202606142112,   3.905,   4.447,9999.000,9999.000,9999.000,9999.000,9999.000,9999.000,9999.000
202606142118,   4.253,   4.828,9999.000,9999.000,9999.000,9999.000,9999.000,9999.000,9999.000
202606142124,   4.599,   5.169,9999.000,9999.000,9999.000,9999.000,9999.000,9999.000,9999.000
202606142130,   4.942,   5.507,9999.000,9999.000,9999.000,9999.000,9999.000,9999.000,9999.000
202606142136,   5.283,   5.838,9999.000,9999.000,9999.000,9999.000,9999.000,9999.000,9999.000
202606142142,   5.620,   6.159,9999.000,9999.000,9999.000,9999.000,9999.000,9999.000,9999.000
202606142148,   5.953,   6.487,9999.000,9999.000,9999.000,9999.000,9999.000,9999.000,9999.000
202606142154,   6.281,   6.828,9999.000,9999.000,9999.000,9999.000,9999.000,9999.000,9999.000
202606142200,   6.604,   7.088,   0.100,   0.384,   7.088,   0.100,   7.088,   0.200,   7.188
202606142206,   6.921,   7.376,9999.000,9999.000,9999.000,9999.000,9999.000,9999.000,9999.000
202606142212,   7.232,   7.648,9999.000,9999.000,9999.000,9999.000,9999.000,9999.000,9999.000
202606142218,   7.535,   7.908,9999.000,9999.000,9999.000,9999.000,9999.000,9999.000,9999.000
202606142224,   7.831,   8.157,9999.000,9999.000,9999.000,9999.000,9999.000,9999.000,9999.000
202606142230,   8.119,   8.449,9999.000,9999.000,9999.000,9999.000,9999.000,9999.000,9999.000
202606142236,   8.399,   8.649,9999.000,9999.000,9999.000,9999.000,9999.000,9999.000,9999.000
202606142242,   8.671,   8.859,9999.000,9999.000,9999.000,9999.000,9999.000,9999.000,9999.000
202606142248,   8.933,   9.128,9999.000,9999.000,9999.000,9999.000,9999.000,9999.000,9999.000
202606142254,   9.187,   9.338,9999.000,9999.000,9999.000,9999.000,9999.000,9999.000,9999.000
202606142300,   9.431,   9.528,   0.100,  -0.003,   9.528,   0.100,   9.528,   0.200,   9.628
202606142306,   9.665,   9.767,9999.000,9999.000,9999.000,9999.000,9999.000,9999.000,9999.000
202606142312,   9.889,  10.026,9999.000,9999.000,9999.000,9999.000,9999.000,9999.000,9999.000
202606142318,  10.103,  10.197,9999.000,9999.000,9999.000,9999.000,9999.000,9999.000,9999.000
202606142324,  10.308,  10.358,9999.000,9999.000,9999.000,9999.000,9999.000,9999.000,9999.000
202606142330,  10.502,  10.558,9999.000,9999.000,9999.000,9999.000,9999.000,9999.000,9999.000
202606142336,  10.686,  10.705,9999.000,9999.000,9999.000,9999.000,9999.000,9999.000,9999.000
202606142342,  10.860,  10.866,9999.000,9999.000,9999.000,9999.000,9999.000,9999.000,9999.000
202606142348,  11.024,  11.056,9999.000,9999.000,9999.000,9999.000,9999.000,9999.000,9999.000
202606142354,  11.177,  11.178,9999.000,9999.000,9999.000,9999.000,9999.000,9999.000,9999.000
202606150000,  11.321,  11.276,   0.300,  -0.345,  11.276,   0.300,  11.276,   0.300,  11.276
202606150006,  11.454,  11.397,9999.000,9999.000,9999.000,9999.000,9999.000,9999.000,9999.000
202606150012,  11.578,  11.525,9999.000,9999.000,9999.000,9999.000,9999.000,9999.000,9999.000
202606150018,  11.692,  11.607,9999.000,9999.000,9999.000,9999.000,9999.000,9999.000,9999.000
202606150024,  11.796,  11.676,9999.000,9999.000,9999.000,9999.000,9999.000,9999.000,9999.000
202606150030,  11.890,  11.755,9999.000,9999.000,9999.000,9999.000,9999.000,9999.000,9999.000
202606150036,  11.976,  11.837,9999.000,9999.000,9999.000,9999.000,9999.000,9999.000,9999.000
202606150042,  12.052,  11.926,9999.000,9999.000,9999.000,9999.000,9999.000,9999.000,9999.000
202606150048,  12.118,  11.998,9999.000,9999.000,9999.000,9999.000,9999.000,9999.000,9999.000
202606150054,  12.176,  12.047,9999.000,9999.000,9999.000,9999.000,9999.000,9999.000,9999.000
202606150100,  12.225,  12.106,   0.300,  -0.419,  12.106,   0.300,  12.106,   0.300,  12.106
202606150106,  12.265,  12.155,9999.000,9999.000,9999.000,9999.000,9999.000,9999.000,9999.000
202606150112,  12.296,  12.175,9999.000,9999.000,9999.000,9999.000,9999.000,9999.000,9999.000
202606150118,  12.319,  12.208,9999.000,9999.000,9999.000,9999.000,9999.000,9999.000,9999.000
202606150124,  12.333,  12.227,9999.000,9999.000,9999.000,9999.000,9999.000,9999.000,9999.000
202606150130,  12.339,  12.208,9999.000,9999.000,9999.000,9999.000,9999.000,9999.000,9999.000
202606150136,  12.337,  12.188,9999.000,9999.000,9999.000,9999.000,9999.000,9999.000,9999.000
202606150142,  12.327,  12.145,9999.000,9999.000,9999.000,9999.000,9999.000,9999.000,9999.000
202606150148,  12.309,  12.106,9999.000,9999.000,9999.000,9999.000,9999.000,9999.000,9999.000
202606150154,  12.283,  12.076,9999.000,9999.000,9999.000,9999.000,9999.000,9999.000,9999.000
202606150200,  12.250,  12.047,   0.400,  -0.603,  12.047,   0.300,  11.947,   0.400,  12.047
202606150206,  12.209,  12.008,9999.000,9999.000,9999.000,9999.000,9999.000,9999.000,9999.000
202606150212,  12.161,  11.965,9999.000,9999.000,9999.000,9999.000,9999.000,9999.000,9999.000
202606150218,  12.106,  11.906,9999.000,9999.000,9999.000,9999.000,9999.000,9999.000,9999.000
202606150224,  12.044,  11.867,9999.000,9999.000,9999.000,9999.000,9999.000,9999.000,9999.000
202606150230,  11.976,  11.817,9999.000,9999.000,9999.000,9999.000,9999.000,9999.000,9999.000
202606150236,  11.901,  11.765,9999.000,9999.000,9999.000,9999.000,9999.000,9999.000,9999.000
202606150242,  11.820,  11.696,9999.000,9999.000,9999.000,9999.000,9999.000,9999.000,9999.000
202606150248,  11.734,  11.607,9999.000,9999.000,9999.000,9999.000,9999.000,9999.000,9999.000
202606150254,  11.642,  11.525,9999.000,9999.000,9999.000,9999.000,9999.000,9999.000,9999.000
202606150300,  11.544,  11.466,   0.400,  -0.478,  11.466,   0.300,  11.366,   0.400,  11.466
202606150306,  11.442,  11.407,9999.000,9999.000,9999.000,9999.000,9999.000,9999.000,9999.000
202606150312,  11.335,  11.315,9999.000,9999.000,9999.000,9999.000,9999.000,9999.000,9999.000
202606150318,  11.224,  11.227,9999.000,9999.000,9999.000,9999.000,9999.000,9999.000,9999.000
202606150324,  11.109,  11.115,9999.000,9999.000,9999.000,9999.000,9999.000,9999.000,9999.000
202606150330,  10.991,  11.017,9999.000,9999.000,9999.000,9999.000,9999.000,9999.000,9999.000
202606150336,  10.870,  10.948,9999.000,9999.000,9999.000,9999.000,9999.000,9999.000,9999.000
202606150342,  10.747,  10.856,9999.000,9999.000,9999.000,9999.000,9999.000,9999.000,9999.000
202606150348,  10.621,  10.738,9999.000,9999.000,9999.000,9999.000,9999.000,9999.000,9999.000
202606150354,  10.494,  10.627,9999.000,9999.000,9999.000,9999.000,9999.000,9999.000,9999.000
202606150400,  10.365,  10.505,   0.300,  -0.160,  10.505,   0.300,  10.505,   0.300,  10.505
202606150406,  10.236,  10.397,9999.000,9999.000,9999.000,9999.000,9999.000,9999.000,9999.000
202606150412,  10.107,  10.286,9999.000,9999.000,9999.000,9999.000,9999.000,9999.000,9999.000
202606150418,   9.978,  10.138,9999.000,9999.000,9999.000,9999.000,9999.000,9999.000,9999.000
202606150424,   9.850,  10.007,9999.000,9999.000,9999.000,9999.000,9999.000,9999.000,9999.000
202606150430,   9.723,   9.876,9999.000,9999.000,9999.000,9999.000,9999.000,9999.000,9999.000
202606150436,   9.598,   9.757,9999.000,9999.000,9999.000,9999.000,9999.000,9999.000,9999.000
202606150442,   9.475,   9.636,9999.000,9999.000,9999.000,9999.000,9999.000,9999.000,9999.000
202606150448,   9.355,   9.528,9999.000,9999.000,9999.000,9999.000,9999.000,9999.000,9999.000
202606150454,   9.239,   9.416,9999.000,9999.000,9999.000,9999.000,9999.000,9999.000,9999.000
202606150500,   9.126,   9.308,   0.300,  -0.118,   9.308,   0.300,   9.308,   0.400,   9.408
202606150506,   9.018,   9.226,9999.000,9999.000,9999.000,9999.000,9999.000,9999.000,9999.000
202606150512,   8.914,   9.138,9999.000,9999.000,9999.000,9999.000,9999.000,9999.000,9999.000
202606150518,   8.815,   9.046,9999.000,9999.000,9999.000,9999.000,9999.000,9999.000,9999.000
202606150524,   8.722,   8.987,9999.000,9999.000,9999.000,9999.000,9999.000,9999.000,9999.000
202606150530,   8.635,   8.928,9999.000,9999.000,9999.000,9999.000,9999.000,9999.000,9999.000
202606150536,   8.554,   8.859,9999.000,9999.000,9999.000,9999.000,9999.000,9999.000,9999.000
202606150542,   8.480,   8.777,9999.000,9999.000,9999.000,9999.000,9999.000,9999.000,9999.000
202606150548,   8.413,   8.728,9999.000,9999.000,9999.000,9999.000,9999.000,9999.000,9999.000
202606150554,   8.353,   8.678,9999.000,9999.000,9999.000,9999.000,9999.000,9999.000,9999.000
202606150600,   8.301,   8.649,   0.400,  -0.052,   8.649,   0.300,   8.549,   0.400,   8.649
202606150606,   8.257,   8.596,9999.000,9999.000,9999.000,9999.000,9999.000,9999.000,9999.000
202606150612,   8.221,   8.567,9999.000,9999.000,9999.000,9999.000,9999.000,9999.000,9999.000
202606150618,   8.193,   8.537,9999.000,9999.000,9999.000,9999.000,9999.000,9999.000,9999.000
202606150624,   8.173,   8.537,9999.000,9999.000,9999.000,9999.000,9999.000,9999.000,9999.000
202606150630,   8.161,   8.527,9999.000,9999.000,9999.000,9999.000,9999.000,9999.000,9999.000
202606150636,   8.158,   8.537,9999.000,9999.000,9999.000,9999.000,9999.000,9999.000,9999.000
202606150642,   8.164,   8.557,9999.000,9999.000,9999.000,9999.000,9999.000,9999.000,9999.000
202606150648,   8.177,   8.557,9999.000,9999.000,9999.000,9999.000,9999.000,9999.000,9999.000
202606150654,   8.199,   8.587,9999.000,9999.000,9999.000,9999.000,9999.000,9999.000,9999.000
202606150700,   8.229,   8.649,   0.400,   0.020,   8.649,   0.400,   8.649,   0.400,   8.649
202606150706,   8.268,   8.698,9999.000,9999.000,9999.000,9999.000,9999.000,9999.000,9999.000
202606150712,   8.314,   8.747,9999.000,9999.000,9999.000,9999.000,9999.000,9999.000,9999.000
202606150718,   8.367,   8.796,9999.000,9999.000,9999.000,9999.000,9999.000,9999.000,9999.000
202606150724,   8.428,   8.878,9999.000,9999.000,9999.000,9999.000,9999.000,9999.000,9999.000
202606150730,   8.497,   8.937,9999.000,9999.000,9999.000,9999.000,9999.000,9999.000,9999.000
202606150736,   8.572,   9.016,9999.000,9999.000,9999.000,9999.000,9999.000,9999.000,9999.000
202606150742,   8.653,   9.098,9999.000,9999.000,9999.000,9999.000,9999.000,9999.000,9999.000
202606150748,   8.741,   9.177,9999.000,9999.000,9999.000,9999.000,9999.000,9999.000,9999.000
202606150754,   8.834,   9.279,9999.000,9999.000,9999.000,9999.000,9999.000,9999.000,9999.000
202606150800,   8.933,   9.377,   0.400,   0.044,   9.377,   0.400,   9.377,   0.400,   9.377
202606150806,   9.036,   9.479,9999.000,9999.000,9999.000,9999.000,9999.000,9999.000,9999.000
202606150812,   9.145,   9.597,9999.000,9999.000,9999.000,9999.000,9999.000,9999.000,9999.000
202606150818,   9.257,   9.708,9999.000,9999.000,9999.000,9999.000,9999.000,9999.000,9999.000
202606150824,   9.373,   9.817,9999.000,9999.000,9999.000,9999.000,9999.000,9999.000,9999.000
202606150830,   9.493,   9.938,9999.000,9999.000,9999.000,9999.000,9999.000,9999.000,9999.000
202606150836,   9.615,  10.056,9999.000,9999.000,9999.000,9999.000,9999.000,9999.000,9999.000
202606150842,   9.739,  10.167,9999.000,9999.000,9999.000,9999.000,9999.000,9999.000,9999.000
202606150848,   9.865,  10.276,9999.000,9999.000,9999.000,9999.000,9999.000,9999.000,9999.000
202606150854,   9.993,  10.387,9999.000,9999.000,9999.000,9999.000,9999.000,9999.000,9999.000
202606150900,  10.121,  10.486,   0.400,  -0.035,  10.486,   0.300,  10.386,   0.400,  10.486
202606150906,  10.249,  10.597,9999.000,9999.000,9999.000,9999.000,9999.000,9999.000,9999.000
202606150912,  10.378,  10.715,9999.000,9999.000,9999.000,9999.000,9999.000,9999.000,9999.000
202606150918,  10.505,  10.846,9999.000,9999.000,9999.000,9999.000,9999.000,9999.000,9999.000
202606150924,  10.631,  10.968,9999.000,9999.000,9999.000,9999.000,9999.000,9999.000,9999.000
202606150930,  10.755,  11.086,9999.000,9999.000,9999.000,9999.000,9999.000,9999.000,9999.000
202606150936,  10.876,  11.197,9999.000,9999.000,9999.000,9999.000,9999.000,9999.000,9999.000
202606150942,  10.995,  11.325,9999.000,9999.000,9999.000,9999.000,9999.000,9999.000,9999.000
202606150948,  11.110,  11.437,9999.000,9999.000,9999.000,9999.000,9999.000,9999.000,9999.000
202606150954,  11.220,  11.555,9999.000,9999.000,9999.000,9999.000,9999.000,9999.000,9999.000
202606151000,  11.326,  11.686,   0.400,  -0.040,  11.686,   0.300,  11.586,   0.400,  11.686
202606151006,  11.427,  11.788,9999.000,9999.000,9999.000,9999.000,9999.000,9999.000,9999.000
202606151012,  11.521,  11.886,9999.000,9999.000,9999.000,9999.000,9999.000,9999.000,9999.000
202606151018,  11.610,  12.008,9999.000,9999.000,9999.000,9999.000,9999.000,9999.000,9999.000
202606151024,  11.691,  12.106,9999.000,9999.000,9999.000,9999.000,9999.000,9999.000,9999.000
202606151030,  11.765,  12.188,9999.000,9999.000,9999.000,9999.000,9999.000,9999.000,9999.000
202606151036,  11.831,  12.257,9999.000,9999.000,9999.000,9999.000,9999.000,9999.000,9999.000
202606151042,  11.888,  12.316,9999.000,9999.000,9999.000,9999.000,9999.000,9999.000,9999.000
202606151048,  11.937,  12.385,9999.000,9999.000,9999.000,9999.000,9999.000,9999.000,9999.000
202606151054,  11.976,  12.457,9999.000,9999.000,9999.000,9999.000,9999.000,9999.000,9999.000
202606151100,  12.005,  12.506,   0.400,   0.101,  12.506,   0.400,  12.506,   0.400,  12.506
202606151106,  12.025,  12.555,9999.000,9999.000,9999.000,9999.000,9999.000,9999.000,9999.000
202606151112,  12.033,  12.575,9999.000,9999.000,9999.000,9999.000,9999.000,9999.000,9999.000
202606151118,  12.032,  12.595,9999.000,9999.000,9999.000,9999.000,9999.000,9999.000,9999.000
202606151124,  12.019,  12.595,9999.000,9999.000,9999.000,9999.000,9999.000,9999.000,9999.000
202606151130,  11.994,  12.575,9999.000,9999.000,9999.000,9999.000,9999.000,9999.000,9999.000
202606151136,  11.959,  12.555,9999.000,9999.000,9999.000,9999.000,9999.000,9999.000,9999.000
202606151142,  11.911,  12.526,9999.000,9999.000,9999.000,9999.000,9999.000,9999.000,9999.000
202606151148,  11.852,  12.486,9999.000,9999.000,9999.000,9999.000,9999.000,9999.000,9999.000
202606151154,  11.781,  12.427,9999.000,9999.000,9999.000,9999.000,9999.000,9999.000,9999.000
202606151200,  11.698,  12.355,   0.300,   0.357,  12.355,   0.300,  12.355,   0.300,  12.355
202606151206,  11.604,  12.267,9999.000,9999.000,9999.000,9999.000,9999.000,9999.000,9999.000
202606151212,  11.497,  12.175,9999.000,9999.000,9999.000,9999.000,9999.000,9999.000,9999.000
202606151218,  11.379,  12.076,9999.000,9999.000,9999.000,9999.000,9999.000,9999.000,9999.000
202606151224,  11.248,  11.945,9999.000,9999.000,9999.000,9999.000,9999.000,9999.000,9999.000
202606151230,  11.107,  11.817,9999.000,9999.000,9999.000,9999.000,9999.000,9999.000,9999.000
202606151236,  10.953,  11.696,9999.000,9999.000,9999.000,9999.000,9999.000,9999.000,9999.000
202606151242,  10.788,  11.535,9999.000,9999.000,9999.000,9999.000,9999.000,9999.000,9999.000
202606151248,  10.612,  11.388,9999.000,9999.000,9999.000,9999.000,9999.000,9999.000,9999.000
202606151254,  10.425,  11.217,9999.000,9999.000,9999.000,9999.000,9999.000,9999.000,9999.000
202606151300,  10.227,  11.017,   0.300,   0.490,  11.017,   0.200,  10.917,   0.300,  11.017
202606151306,  10.018,  10.817,9999.000,9999.000,9999.000,9999.000,9999.000,9999.000,9999.000
202606151312,   9.799,  10.607,9999.000,9999.000,9999.000,9999.000,9999.000,9999.000,9999.000
202606151318,   9.569,  10.397,9999.000,9999.000,9999.000,9999.000,9999.000,9999.000,9999.000
202606151324,   9.330,  10.167,9999.000,9999.000,9999.000,9999.000,9999.000,9999.000,9999.000
202606151330,   9.081,   9.928,9999.000,9999.000,9999.000,9999.000,9999.000,9999.000,9999.000
202606151336,   8.823,   9.666,9999.000,9999.000,9999.000,9999.000,9999.000,9999.000,9999.000
202606151342,   8.556,   9.387,9999.000,9999.000,9999.000,9999.000,9999.000,9999.000,9999.000
202606151348,   8.280,   9.098,9999.000,9999.000,9999.000,9999.000,9999.000,9999.000,9999.000
202606151354,   7.995,   8.846,9999.000,9999.000,9999.000,9999.000,9999.000,9999.000,9999.000
202606151400,   7.703,   8.537,   0.300,   0.534,   8.537,   0.300,   8.537,   0.300,   8.537
202606151406,   7.403,   8.229,9999.000,9999.000,9999.000,9999.000,9999.000,9999.000,9999.000
202606151412,   7.095,   7.888,9999.000,9999.000,9999.000,9999.000,9999.000,9999.000,9999.000
202606151418,   6.781,   7.547,9999.000,9999.000,9999.000,9999.000,9999.000,9999.000,9999.000
202606151424,   6.461,   7.176,9999.000,9999.000,9999.000,9999.000,9999.000,9999.000,9999.000
202606151430,   6.134,   6.819,9999.000,9999.000,9999.000,9999.000,9999.000,9999.000,9999.000
202606151436,   5.802,   6.477,9999.000,9999.000,9999.000,9999.000,9999.000,9999.000,9999.000
202606151442,   5.465,   6.136,9999.000,9999.000,9999.000,9999.000,9999.000,9999.000,9999.000
202606151448,   5.123,   5.769,9999.000,9999.000,9999.000,9999.000,9999.000,9999.000,9999.000
202606151454,   4.778,   5.408,9999.000,9999.000,9999.000,9999.000,9999.000,9999.000,9999.000
202606151500,   4.430,   5.047,   0.300,   0.317,   5.047,   0.300,   5.047,   0.300,   5.047
202606151506,   4.078,   4.647,9999.000,9999.000,9999.000,9999.000,9999.000,9999.000,9999.000
202606151512,   3.725,   4.257,9999.000,9999.000,9999.000,9999.000,9999.000,9999.000,9999.000
202606151518,   3.370,   3.890,9999.000,9999.000,9999.000,9999.000,9999.000,9999.000,9999.000
202606151524,   3.015,   3.509,9999.000,9999.000,9999.000,9999.000,9999.000,9999.000,9999.000
202606151530,   2.659,   3.158,9999.000,9999.000,9999.000,9999.000,9999.000,9999.000,9999.000
202606151536,   2.304,   2.797,9999.000,9999.000,9999.000,9999.000,9999.000,9999.000,9999.000
202606151542,   1.951,   2.450,9999.000,9999.000,9999.000,9999.000,9999.000,9999.000,9999.000
202606151548,   1.599,   2.079,9999.000,9999.000,9999.000,9999.000,9999.000,9999.000,9999.000
202606151554,   1.251,   1.738,9999.000,9999.000,9999.000,9999.000,9999.000,9999.000,9999.000
202606151600,   0.906,   1.410,   0.300,   0.204,   1.410,   0.300,   1.410,   0.300,   1.410
202606151606,   0.566,   1.069,9999.000,9999.000,9999.000,9999.000,9999.000,9999.000,9999.000
202606151612,   0.231,   0.760,9999.000,9999.000,9999.000,9999.000,9999.000,9999.000,9999.000
202606151618,  -0.097,   0.380,9999.000,9999.000,9999.000,9999.000,9999.000,9999.000,9999.000
202606151624,  -0.419,   0.068,9999.000,9999.000,9999.000,9999.000,9999.000,9999.000,9999.000
202606151630,  -0.734,  -0.229,9999.000,9999.000,9999.000,9999.000,9999.000,9999.000,9999.000
202606151636,  -1.040,  -0.518,9999.000,9999.000,9999.000,9999.000,9999.000,9999.000,9999.000
202606151642,  -1.337,  -0.780,9999.000,9999.000,9999.000,9999.000,9999.000,9999.000,9999.000
202606151648,  -1.624,  -1.088,9999.000,9999.000,9999.000,9999.000,9999.000,9999.000,9999.000
202606151654,  -1.900,  -1.348,9999.000,9999.000,9999.000,9999.000,9999.000,9999.000,9999.000
202606151700,  -2.165,  -1.639,   0.300,   0.226,  -1.639,   0.300,  -1.639,   0.300,  -1.639
202606151706,  -2.418,  -1.879,9999.000,9999.000,9999.000,9999.000,9999.000,9999.000,9999.000
202606151712,  -2.658,  -2.079,9999.000,9999.000,9999.000,9999.000,9999.000,9999.000,9999.000
202606151718,  -2.884,  -2.348,9999.000,9999.000,9999.000,9999.000,9999.000,9999.000,9999.000
202606151724,  -3.097,  -2.519,9999.000,9999.000,9999.000,9999.000,9999.000,9999.000,9999.000
202606151730,  -3.294,  -2.719,9999.000,9999.000,9999.000,9999.000,9999.000,9999.000,9999.000
202606151736,  -3.477,  -2.948,9999.000,9999.000,9999.000,9999.000,9999.000,9999.000,9999.000
202606151742,  -3.643,  -3.129,9999.000,9999.000,9999.000,9999.000,9999.000,9999.000,9999.000
202606151748,  -3.793,  -3.279,9999.000,9999.000,9999.000,9999.000,9999.000,9999.000,9999.000
202606151754,  -3.927,  -3.417,9999.000,9999.000,9999.000,9999.000,9999.000,9999.000,9999.000
202606151800,  -4.043,  -3.598,   0.400,   0.045,  -3.598,   0.300,  -3.698,   0.400,  -3.598
202606151806,  -4.141,  -3.660,9999.000,9999.000,9999.000,9999.000,9999.000,9999.000,9999.000
202606151812,  -4.222,  -3.749,9999.000,9999.000,9999.000,9999.000,9999.000,9999.000,9999.000
202606151818,  -4.285,  -3.827,9999.000,9999.000,9999.000,9999.000,9999.000,9999.000,9999.000
202606151824,  -4.330,  -3.847,9999.000,9999.000,9999.000,9999.000,9999.000,9999.000,9999.000
202606151830,  -4.356,  -3.870,9999.000,9999.000,9999.000,9999.000,9999.000,9999.000,9999.000
202606151836,  -4.363,  -3.899,9999.000,9999.000,9999.000,9999.000,9999.000,9999.000,9999.000
202606151842,  -4.352,  -3.899,9999.000,9999.000,9999.000,9999.000,9999.000,9999.000,9999.000
202606151848,  -4.323,  -3.860,9999.000,9999.000,9999.000,9999.000,9999.000,9999.000,9999.000
202606151854,  -4.275,  -3.768,9999.000,9999.000,9999.000,9999.000,9999.000,9999.000,9999.000
202606151900,  -4.209,  -3.699,   0.400,   0.110,  -3.699,   0.300,  -3.799,   0.400,  -3.699
202606151906,  -4.125,  -3.568,9999.000,9999.000,9999.000,9999.000,9999.000,9999.000,9999.000
202606151912,  -4.023,  -3.427,9999.000,9999.000,9999.000,9999.000,9999.000,9999.000,9999.000
202606151918,  -3.903,  -3.289,9999.000,9999.000,9999.000,9999.000,9999.000,9999.000,9999.000
202606151924,  -3.767,  -3.109,9999.000,9999.000,9999.000,9999.000,9999.000,9999.000,9999.000
202606151930,  -3.614,  -2.929,9999.000,9999.000,9999.000,9999.000,9999.000,9999.000,9999.000
202606151936,  -3.444,  -2.778,9999.000,9999.000,9999.000,9999.000,9999.000,9999.000,9999.000
202606151942,  -3.259,  -2.610,9999.000,9999.000,9999.000,9999.000,9999.000,9999.000,9999.000
202606151948,  -3.058,  -2.377,9999.000,9999.000,9999.000,9999.000,9999.000,9999.000,9999.000
202606151954,  -2.843,  -2.158,9999.000,9999.000,9999.000,9999.000,9999.000,9999.000,9999.000
202606152000,  -2.613,  -1.981,   0.400,   0.232,  -1.981,   0.400,  -1.981,   0.400,  -1.981
202606152006,  -2.371,  -1.738,9999.000,9999.000,9999.000,9999.000,9999.000,9999.000,9999.000
202606152012,  -2.115,  -1.469,9999.000,9999.000,9999.000,9999.000,9999.000,9999.000,9999.000
202606152018,  -1.847,  -1.249,9999.000,9999.000,9999.000,9999.000,9999.000,9999.000,9999.000
202606152024,  -1.568,  -0.961,9999.000,9999.000,9999.000,9999.000,9999.000,9999.000,9999.000
202606152030,  -1.278,  -0.659,9999.000,9999.000,9999.000,9999.000,9999.000,9999.000,9999.000
202606152036,  -0.978,  -0.380,9999.000,9999.000,9999.000,9999.000,9999.000,9999.000,9999.000
202606152042,  -0.669,  -0.059,9999.000,9999.000,9999.000,9999.000,9999.000,9999.000,9999.000
202606152048,  -0.351,   0.259,9999.000,9999.000,9999.000,9999.000,9999.000,9999.000,9999.000
202606152054,  -0.025,   0.610,9999.000,9999.000,9999.000,9999.000,9999.000,9999.000,9999.000
202606152100,   0.307,   0.928,   0.400,   0.221,   0.928,   0.400,   0.928,   0.400,   0.928
202606152106,   0.646,   1.249,9999.000,9999.000,9999.000,9999.000,9999.000,9999.000,9999.000
202606152112,   0.990,   1.630,9999.000,9999.000,9999.000,9999.000,9999.000,9999.000,9999.000
202606152118,   1.340,   1.967,9999.000,9999.000,9999.000,9999.000,9999.000,9999.000,9999.000
202606152124,   1.694,   2.318,9999.000,9999.000,9999.000,9999.000,9999.000,9999.000,9999.000
202606152130,   2.050,   2.709,9999.000,9999.000,9999.000,9999.000,9999.000,9999.000,9999.000
202606152136,   2.410,   3.079,9999.000,9999.000,9999.000,9999.000,9999.000,9999.000,9999.000
202606152142,   2.771,   3.440,9999.000,9999.000,9999.000,9999.000,9999.000,9999.000,9999.000
202606152148,   3.134,   3.798,9999.000,9999.000,9999.000,9999.000,9999.000,9999.000,9999.000
202606152154,   3.496,   4.168,9999.000,9999.000,9999.000,9999.000,9999.000,9999.000,9999.000
202606152200,   3.859,   4.509,   0.400,   0.250,   4.509,   0.400,   4.509,   0.400,   4.509
202606152206,   4.221,   4.867,9999.000,9999.000,9999.000,9999.000,9999.000,9999.000,9999.000
202606152212,   4.580,   5.228,9999.000,9999.000,9999.000,9999.000,9999.000,9999.000,9999.000
202606152218,   4.938,   5.589,9999.000,9999.000,9999.000,9999.000,9999.000,9999.000,9999.000
202606152224,   5.292,   5.969,9999.000,9999.000,9999.000,9999.000,9999.000,9999.000,9999.000
202606152230,   5.643,   6.317,9999.000,9999.000,9999.000,9999.000,9999.000,9999.000,9999.000
202606152236,   5.989,   6.658,9999.000,9999.000,9999.000,9999.000,9999.000,9999.000,9999.000
202606152242,   6.331,   6.947,9999.000,9999.000,9999.000,9999.000,9999.000,9999.000,9999.000
202606152248,   6.667,   7.268,9999.000,9999.000,9999.000,9999.000,9999.000,9999.000,9999.000
202606152254,   6.997,   7.586,9999.000,9999.000,9999.000,9999.000,9999.000,9999.000,9999.000
202606152300,   7.320,   7.888,   0.400,   0.168,   7.888,   0.300,   7.788,   0.400,   7.888
202606152306,   7.636,   8.117,9999.000,9999.000,9999.000,9999.000,9999.000,9999.000,9999.000
202606152312,   7.945,   8.416,9999.000,9999.000,9999.000,9999.000,9999.000,9999.000,9999.000
202606152318,   8.245,   8.659,9999.000,9999.000,9999.000,9999.000,9999.000,9999.000,9999.000
202606152324,   8.537,   8.878,9999.000,9999.000,9999.000,9999.000,9999.000,9999.000,9999.000
202606152330,   8.821,   9.157,9999.000,9999.000,9999.000,9999.000,9999.000,9999.000,9999.000
202606152336,   9.095,   9.426,9999.000,9999.000,9999.000,9999.000,9999.000,9999.000,9999.000
202606152342,   9.360,   9.656,9999.000,9999.000,9999.000,9999.000,9999.000,9999.000,9999.000
202606152348,   9.615,   9.899,9999.000,9999.000,9999.000,9999.000,9999.000,9999.000,9999.000
202606152354,   9.860,  10.148,9999.000,9999.000,9999.000,9999.000,9999.000,9999.000,9999.000
202606160000,  10.095,  10.348,   0.500,  -0.247,  10.348,   0.400,  10.248,   0.500,  10.348
202606160006,  10.320,  10.558,9999.000,9999.000,9999.000,9999.000,9999.000,9999.000,9999.000
202606160012,  10.535,  10.807,9999.000,9999.000,9999.000,9999.000,9999.000,9999.000,9999.000
202606160018,  10.739,  11.027,9999.000,9999.000,9999.000,9999.000,9999.000,9999.000,9999.000
202606160024,  10.933,  11.158,9999.000,9999.000,9999.000,9999.000,9999.000,9999.000,9999.000
202606160030,  11.117,  11.368,9999.000,9999.000,9999.000,9999.000,9999.000,9999.000,9999.000
202606160036,  11.290,  11.516,9999.000,9999.000,9999.000,9999.000,9999.000,9999.000,9999.000
202606160042,  11.452,  11.657,9999.000,9999.000,9999.000,9999.000,9999.000,9999.000,9999.000
202606160048,  11.604,  11.778,9999.000,9999.000,9999.000,9999.000,9999.000,9999.000,9999.000
202606160054,  11.746,  11.916,9999.000,9999.000,9999.000,9999.000,9999.000,9999.000,9999.000
202606160100,  11.877,  12.017,   0.500,  -0.360,  12.017,   0.400,  11.917,   0.500,  12.017
202606160106,  11.999,  12.126,9999.000,9999.000,9999.000,9999.000,9999.000,9999.000,9999.000
202606160112,  12.110,  12.237,9999.000,9999.000,9999.000,9999.000,9999.000,9999.000,9999.000
202606160118,  12.211,  12.336,9999.000,9999.000,9999.000,9999.000,9999.000,9999.000,9999.000
202606160124,  12.303,  12.437,9999.000,9999.000,9999.000,9999.000,9999.000,9999.000,9999.000
202606160130,  12.384,  12.526,9999.000,9999.000,9999.000,9999.000,9999.000,9999.000,9999.000
202606160136,  12.456,  12.627,9999.000,9999.000,9999.000,9999.000,9999.000,9999.000,9999.000
202606160142,  12.519,  12.677,9999.000,9999.000,9999.000,9999.000,9999.000,9999.000,9999.000
202606160148,  12.572,  12.736,9999.000,9999.000,9999.000,9999.000,9999.000,9999.000,9999.000
202606160154,  12.616,  12.775,9999.000,9999.000,9999.000,9999.000,9999.000,9999.000,9999.000
202606160200,  12.651,  12.785,   0.500,  -0.366,  12.785,   0.500,  12.785,   0.600,  12.885
202606160206,  12.676,  12.818,9999.000,9999.000,9999.000,9999.000,9999.000,9999.000,9999.000
202606160212,  12.693,  12.805,9999.000,9999.000,9999.000,9999.000,9999.000,9999.000,9999.000
202606160218,  12.701,  12.795,9999.000,9999.000,9999.000,9999.000,9999.000,9999.000,9999.000
202606160224,  12.700,  12.818,9999.000,9999.000,9999.000,9999.000,9999.000,9999.000,9999.000
202606160230,  12.690,  12.785,9999.000,9999.000,9999.000,9999.000,9999.000,9999.000,9999.000
202606160236,  12.672,  12.775,9999.000,9999.000,9999.000,9999.000,9999.000,9999.000,9999.000
202606160242,  12.645,  12.765,9999.000,9999.000,9999.000,9999.000,9999.000,9999.000,9999.000
202606160248,  12.611,  12.746,9999.000,9999.000,9999.000,9999.000,9999.000,9999.000,9999.000
202606160254,  12.568,  12.716,9999.000,9999.000,9999.000,9999.000,9999.000,9999.000,9999.000
202606160300,  12.518,  12.667,   0.600,  -0.451,  12.667,   0.500,  12.567,   0.600,  12.667
202606160306,  12.459,  12.618,9999.000,9999.000,9999.000,9999.000,9999.000,9999.000,9999.000
202606160312,  12.394,  12.555,9999.000,9999.000,9999.000,9999.000,9999.000,9999.000,9999.000
202606160318,  12.321,  12.477,9999.000,9999.000,9999.000,9999.000,9999.000,9999.000,9999.000
202606160324,  12.241,  12.398,9999.000,9999.000,9999.000,9999.000,9999.000,9999.000,9999.000
202606160330,  12.154,  12.336,9999.000,9999.000,9999.000,9999.000,9999.000,9999.000,9999.000
202606160336,  12.061,  12.267,9999.000,9999.000,9999.000,9999.000,9999.000,9999.000,9999.000
202606160342,  11.962,  12.175,9999.000,9999.000,9999.000,9999.000,9999.000,9999.000,9999.000
202606160348,  11.856,  12.086,9999.000,9999.000,9999.000,9999.000,9999.000,9999.000,9999.000
202606160354,  11.746,  11.978,9999.000,9999.000,9999.000,9999.000,9999.000,9999.000,9999.000
202606160400,  11.630,  11.906,   0.500,  -0.224,  11.906,   0.500,  11.906,   0.500,  11.906
202606160406,  11.509,  11.788,9999.000,9999.000,9999.000,9999.000,9999.000,9999.000,9999.000
202606160412,  11.384,  11.647,9999.000,9999.000,9999.000,9999.000,9999.000,9999.000,9999.000
202606160418,  11.255,  11.545,9999.000,9999.000,9999.000,9999.000,9999.000,9999.000,9999.000
202606160424,  11.123,  11.437,9999.000,9999.000,9999.000,9999.000,9999.000,9999.000,9999.000
202606160430,  10.988,  11.306,9999.000,9999.000,9999.000,9999.000,9999.000,9999.000,9999.000
202606160436,  10.850,  11.207,9999.000,9999.000,9999.000,9999.000,9999.000,9999.000,9999.000
202606160442,  10.710,  11.076,9999.000,9999.000,9999.000,9999.000,9999.000,9999.000,9999.000
202606160448,  10.568,  10.948,9999.000,9999.000,9999.000,9999.000,9999.000,9999.000,9999.000
202606160454,  10.425,  10.797,9999.000,9999.000,9999.000,9999.000,9999.000,9999.000,9999.000
202606160500,  10.282,  10.676,   0.500,  -0.106,  10.676,   0.500,  10.676,   0.500,  10.676
202606160506,  10.139,  10.538,9999.000,9999.000,9999.000,9999.000,9999.000,9999.000,9999.000
202606160512,   9.996,  10.407,9999.000,9999.000,9999.000,9999.000,9999.000,9999.000,9999.000
202606160518,   9.855,  10.276,9999.000,9999.000,9999.000,9999.000,9999.000,9999.000,9999.000
202606160524,   9.715,  10.148,9999.000,9999.000,9999.000,9999.000,9999.000,9999.000,9999.000
202606160530,   9.577,  10.007,9999.000,9999.000,9999.000,9999.000,9999.000,9999.000,9999.000
202606160536,   9.442,   9.866,9999.000,9999.000,9999.000,9999.000,9999.000,9999.000,9999.000
202606160542,   9.310,   9.718,9999.000,9999.000,9999.000,9999.000,9999.000,9999.000,9999.000
202606160548,   9.181,   9.587,9999.000,9999.000,9999.000,9999.000,9999.000,9999.000,9999.000
202606160554,   9.057,   9.479,9999.000,9999.000,9999.000,9999.000,9999.000,9999.000,9999.000
202606160600,   8.938,   9.347,   0.500,  -0.091,   9.347,   0.500,   9.347,   0.500,   9.347
202606160606,   8.824,   9.226,9999.000,9999.000,9999.000,9999.000,9999.000,9999.000,9999.000
202606160612,   8.715,   9.118,9999.000,9999.000,9999.000,9999.000,9999.000,9999.000,9999.000
202606160618,   8.613,   9.006,9999.000,9999.000,9999.000,9999.000,9999.000,9999.000,9999.000
202606160624,   8.517,   8.898,9999.000,9999.000,9999.000,9999.000,9999.000,9999.000,9999.000
202606160630,   8.428,   8.816,9999.000,9999.000,9999.000,9999.000,9999.000,9999.000,9999.000
202606160636,   8.346,   8.728,9999.000,9999.000,9999.000,9999.000,9999.000,9999.000,9999.000
202606160642,   8.271,   8.649,9999.000,9999.000,9999.000,9999.000,9999.000,9999.000,9999.000
202606160648,   8.205,   8.596,9999.000,9999.000,9999.000,9999.000,9999.000,9999.000,9999.000
202606160654,   8.146,   8.557,9999.000,9999.000,9999.000,9999.000,9999.000,9999.000,9999.000
202606160700,   8.096,   8.498,   0.500,  -0.098,   8.498,   0.500,   8.498,   0.500,   8.498
202606160706,   8.055,   8.488,9999.000,9999.000,9999.000,9999.000,9999.000,9999.000,9999.000
202606160712,   8.021,   8.468,9999.000,9999.000,9999.000,9999.000,9999.000,9999.000,9999.000
202606160718,   7.997,   8.468,9999.000,9999.000,9999.000,9999.000,9999.000,9999.000,9999.000
202606160724,   7.981,   8.478,9999.000,9999.000,9999.000,9999.000,9999.000,9999.000,9999.000
202606160730,   7.975,   8.478,9999.000,9999.000,9999.000,9999.000,9999.000,9999.000,9999.000
202606160736,   7.976,   8.449,9999.000,9999.000,9999.000,9999.000,9999.000,9999.000,9999.000
202606160742,   7.987,   8.449,9999.000,9999.000,9999.000,9999.000,9999.000,9999.000,9999.000
202606160748,   8.006,   8.478,9999.000,9999.000,9999.000,9999.000,9999.000,9999.000,9999.000
202606160754,   8.034,   8.508,9999.000,9999.000,9999.000,9999.000,9999.000,9999.000,9999.000
202606160800,   8.069,   8.557,   0.500,  -0.012,   8.557,   0.500,   8.557,   0.500,   8.557
202606160806,   8.113,   8.596,9999.000,9999.000,9999.000,9999.000,9999.000,9999.000,9999.000
202606160812,   8.165,   8.636,9999.000,9999.000,9999.000,9999.000,9999.000,9999.000,9999.000
202606160818,   8.224,   8.708,9999.000,9999.000,9999.000,9999.000,9999.000,9999.000,9999.000
202606160824,   8.290,   8.777,9999.000,9999.000,9999.000,9999.000,9999.000,9999.000,9999.000
202606160830,   8.364,   8.859,9999.000,9999.000,9999.000,9999.000,9999.000,9999.000,9999.000
202606160836,   8.443,   8.947,9999.000,9999.000,9999.000,9999.000,9999.000,9999.000,9999.000
202606160842,   8.529,   9.036,9999.000,9999.000,9999.000,9999.000,9999.000,9999.000,9999.000
202606160848,   8.621,   9.147,9999.000,9999.000,9999.000,9999.000,9999.000,9999.000,9999.000
202606160854,   8.718,   9.226,9999.000,9999.000,9999.000,9999.000,9999.000,9999.000,9999.000
202606160900,   8.820,   9.347,   0.500,   0.027,   9.347,   0.400,   9.247,   0.500,   9.347
202606160906,   8.927,   9.456,9999.000,9999.000,9999.000,9999.000,9999.000,9999.000,9999.000
202606160912,   9.038,   9.548,9999.000,9999.000,9999.000,9999.000,9999.000,9999.000,9999.000
202606160918,   9.152,   9.646,9999.000,9999.000,9999.000,9999.000,9999.000,9999.000,9999.000
202606160924,   9.269,   9.748,9999.000,9999.000,9999.000,9999.000,9999.000,9999.000,9999.000
202606160930,   9.390,   9.846,9999.000,9999.000,9999.000,9999.000,9999.000,9999.000,9999.000
202606160936,   9.512,   9.958,9999.000,9999.000,9999.000,9999.000,9999.000,9999.000,9999.000
202606160942,   9.636,  10.085,9999.000,9999.000,9999.000,9999.000,9999.000,9999.000,9999.000
202606160948,   9.761,  10.197,9999.000,9999.000,9999.000,9999.000,9999.000,9999.000,9999.000
202606160954,   9.887,  10.328,9999.000,9999.000,9999.000,9999.000,9999.000,9999.000,9999.000
202606161000,  10.013,  10.436,   0.500,  -0.077,  10.436,   0.500,  10.436,   0.500,  10.436
202606161006,  10.138,  10.577,9999.000,9999.000,9999.000,9999.000,9999.000,9999.000,9999.000
202606161012,  10.263,  10.705,9999.000,9999.000,9999.000,9999.000,9999.000,9999.000,9999.000
202606161018,  10.386,  10.846,9999.000,9999.000,9999.000,9999.000,9999.000,9999.000,9999.000
202606161024,  10.507,  10.968,9999.000,9999.000,9999.000,9999.000,9999.000,9999.000,9999.000
202606161030,  10.626,  11.066,9999.000,9999.000,9999.000,9999.000,9999.000,9999.000,9999.000
202606161036,  10.741,  11.188,9999.000,9999.000,9999.000,9999.000,9999.000,9999.000,9999.000
202606161042,  10.853,  11.296,9999.000,9999.000,9999.000,9999.000,9999.000,9999.000,9999.000
202606161048,  10.960,  11.417,9999.000,9999.000,9999.000,9999.000,9999.000,9999.000,9999.000
202606161054,  11.063,  11.535,9999.000,9999.000,9999.000,9999.000,9999.000,9999.000,9999.000
202606161100,  11.160,  11.686,   0.500,   0.026,  11.686,   0.500,  11.686,   0.500,  11.686
202606161106,  11.251,  11.827,9999.000,9999.000,9999.000,9999.000,9999.000,9999.000,9999.000
202606161112,  11.336,  11.955,9999.000,9999.000,9999.000,9999.000,9999.000,9999.000,9999.000
202606161118,  11.414,  12.076,9999.000,9999.000,9999.000,9999.000,9999.000,9999.000,9999.000
202606161124,  11.484,  12.155,9999.000,9999.000,9999.000,9999.000,9999.000,9999.000,9999.000
202606161130,  11.547,  12.237,9999.000,9999.000,9999.000,9999.000,9999.000,9999.000,9999.000
202606161136,  11.601,  12.316,9999.000,9999.000,9999.000,9999.000,9999.000,9999.000,9999.000
202606161142,  11.646,  12.398,9999.000,9999.000,9999.000,9999.000,9999.000,9999.000,9999.000
202606161148,  11.682,  12.467,9999.000,9999.000,9999.000,9999.000,9999.000,9999.000,9999.000
202606161154,  11.708,  12.526,9999.000,9999.000,9999.000,9999.000,9999.000,9999.000,9999.000
202606161200,  11.725,  12.516,   0.400,   0.391,  12.516,   0.400,  12.516,   0.400,  12.516
202606161206,  11.731,  12.516,9999.000,9999.000,9999.000,9999.000,9999.000,9999.000,9999.000
202606161212,  11.726,  12.506,9999.000,9999.000,9999.000,9999.000,9999.000,9999.000,9999.000
202606161218,  11.711,  12.526,9999.000,9999.000,9999.000,9999.000,9999.000,9999.000,9999.000
202606161224,  11.684,  12.536,9999.000,9999.000,9999.000,9999.000,9999.000,9999.000,9999.000
202606161230,  11.646,  12.536,9999.000,9999.000,9999.000,9999.000,9999.000,9999.000,9999.000
202606161236,  11.597,  12.516,9999.000,9999.000,9999.000,9999.000,9999.000,9999.000,9999.000
202606161242,  11.536,  12.486,9999.000,9999.000,9999.000,9999.000,9999.000,9999.000,9999.000
202606161248,  11.464,  12.457,9999.000,9999.000,9999.000,9999.000,9999.000,9999.000,9999.000
202606161254,  11.380,  12.408,9999.000,9999.000,9999.000,9999.000,9999.000,9999.000,9999.000
202606161300,  11.285,  12.336,   0.400,   0.651,  12.336,   0.300,  12.236,   0.400,  12.336
202606161306,  11.177,  12.227,9999.000,9999.000,9999.000,9999.000,9999.000,9999.000,9999.000
202606161312,  11.058,  12.116,9999.000,9999.000,9999.000,9999.000,9999.000,9999.000,9999.000
202606161318,  10.928,  12.008,9999.000,9999.000,9999.000,9999.000,9999.000,9999.000,9999.000
202606161324,  10.786,  11.867,9999.000,9999.000,9999.000,9999.000,9999.000,9999.000,9999.000
202606161330,  10.633,  11.716,9999.000,9999.000,9999.000,9999.000,9999.000,9999.000,9999.000
202606161336,  10.468,  11.555,9999.000,9999.000,9999.000,9999.000,9999.000,9999.000,9999.000
202606161342,  10.293,  11.388,9999.000,9999.000,9999.000,9999.000,9999.000,9999.000,9999.000
202606161348,  10.106,  11.227,9999.000,9999.000,9999.000,9999.000,9999.000,9999.000,9999.000
202606161354,   9.909,  11.037,9999.000,9999.000,9999.000,9999.000,9999.000,9999.000,9999.000
202606161400,   9.701,  10.856,   0.400,   0.755,  10.856,   0.400,  10.856,   0.400,  10.856
202606161406,   9.483,  10.617,9999.000,9999.000,9999.000,9999.000,9999.000,9999.000,9999.000
202606161412,   9.255,  10.407,9999.000,9999.000,9999.000,9999.000,9999.000,9999.000,9999.000
202606161418,   9.017,  10.197,9999.000,9999.000,9999.000,9999.000,9999.000,9999.000,9999.000
202606161424,   8.770,   9.938,9999.000,9999.000,9999.000,9999.000,9999.000,9999.000,9999.000
202606161430,   8.513,   9.689,9999.000,9999.000,9999.000,9999.000,9999.000,9999.000,9999.000
202606161436,   8.248,   9.436,9999.000,9999.000,9999.000,9999.000,9999.000,9999.000,9999.000
202606161442,   7.973,   9.157,9999.000,9999.000,9999.000,9999.000,9999.000,9999.000,9999.000
202606161448,   7.691,   8.869,9999.000,9999.000,9999.000,9999.000,9999.000,9999.000,9999.000
202606161454,   7.400,   8.557,9999.000,9999.000,9999.000,9999.000,9999.000,9999.000,9999.000
202606161500,   7.102,   8.216,   0.400,   0.714,   8.216,   0.400,   8.216,   0.400,   8.216
202606161506,   6.796,   7.908,9999.000,9999.000,9999.000,9999.000,9999.000,9999.000,9999.000
202606161512,   6.484,   7.566,9999.000,9999.000,9999.000,9999.000,9999.000,9999.000,9999.000
202606161518,   6.165,   7.219,9999.000,9999.000,9999.000,9999.000,9999.000,9999.000,9999.000
202606161524,   5.841,   6.848,9999.000,9999.000,9999.000,9999.000,9999.000,9999.000,9999.000
202606161530,   5.511,   6.487,9999.000,9999.000,9999.000,9999.000,9999.000,9999.000,9999.000
202606161536,   5.176,   6.117,9999.000,9999.000,9999.000,9999.000,9999.000,9999.000,9999.000
202606161542,   4.837,   5.749,9999.000,9999.000,9999.000,9999.000,9999.000,9999.000,9999.000
202606161548,   4.494,   5.389,9999.000,9999.000,9999.000,9999.000,9999.000,9999.000,9999.000
202606161554,   4.149,   5.028,9999.000,9999.000,9999.000,9999.000,9999.000,9999.000,9999.000
202606161600,   3.800,   4.647,   0.400,   0.447,   4.647,   0.400,   4.647,   0.400,   4.647
202606161606,   3.450,   4.290,9999.000,9999.000,9999.000,9999.000,9999.000,9999.000,9999.000
202606161612,   3.098,   3.929,9999.000,9999.000,9999.000,9999.000,9999.000,9999.000,9999.000
202606161618,   2.747,   3.548,9999.000,9999.000,9999.000,9999.000,9999.000,9999.000,9999.000
202606161624,   2.395,   3.168,9999.000,9999.000,9999.000,9999.000,9999.000,9999.000,9999.000
202606161630,   2.044,   2.807,9999.000,9999.000,9999.000,9999.000,9999.000,9999.000,9999.000
202606161636,   1.695,   2.469,9999.000,9999.000,9999.000,9999.000,9999.000,9999.000,9999.000
202606161642,   1.349,   2.079,9999.000,9999.000,9999.000,9999.000,9999.000,9999.000,9999.000
202606161648,   1.006,   1.708,9999.000,9999.000,9999.000,9999.000,9999.000,9999.000,9999.000
202606161654,   0.667,   1.328,9999.000,9999.000,9999.000,9999.000,9999.000,9999.000,9999.000
202606161700,   0.333,   1.010,   0.400,   0.277,   1.010,   0.400,   1.010,   0.500,   1.110
202606161706,   0.004,   0.708,9999.000,9999.000,9999.000,9999.000,9999.000,9999.000,9999.000
202606161712,  -0.317,   0.390,9999.000,9999.000,9999.000,9999.000,9999.000,9999.000,9999.000
202606161718,  -0.631,   0.088,9999.000,9999.000,9999.000,9999.000,9999.000,9999.000,9999.000
202606161724,  -0.937,  -0.200,9999.000,9999.000,9999.000,9999.000,9999.000,9999.000,9999.000
202606161730,  -1.235,  -0.498,9999.000,9999.000,9999.000,9999.000,9999.000,9999.000,9999.000
202606161736,  -1.523,  -0.790,9999.000,9999.000,9999.000,9999.000,9999.000,9999.000,9999.000
202606161742,  -1.800,  -1.029,9999.000,9999.000,9999.000,9999.000,9999.000,9999.000,9999.000
202606161748,  -2.066,  -1.298,9999.000,9999.000,9999.000,9999.000,9999.000,9999.000,9999.000
202606161754,  -2.320,  -1.610,9999.000,9999.000,9999.000,9999.000,9999.000,9999.000,9999.000
202606161800,  -2.561,  -1.820,   0.400,   0.341,  -1.820,   0.400,  -1.820,   0.500,  -1.720
202606161806,  -2.789,  -2.069,9999.000,9999.000,9999.000,9999.000,9999.000,9999.000,9999.000
202606161812,  -3.003,  -2.259,9999.000,9999.000,9999.000,9999.000,9999.000,9999.000,9999.000
202606161818,  -3.202,  -2.489,9999.000,9999.000,9999.000,9999.000,9999.000,9999.000,9999.000
202606161824,  -3.386,  -2.689,9999.000,9999.000,9999.000,9999.000,9999.000,9999.000,9999.000
202606161830,  -3.555,  -2.879,9999.000,9999.000,9999.000,9999.000,9999.000,9999.000,9999.000
202606161836,  -3.707,  -3.060,9999.000,9999.000,9999.000,9999.000,9999.000,9999.000,9999.000
202606161842,  -3.842,  -3.197,9999.000,9999.000,9999.000,9999.000,9999.000,9999.000,9999.000
202606161848,  -3.960,  -3.309,9999.000,9999.000,9999.000,9999.000,9999.000,9999.000,9999.000
202606161854,  -4.060,  -3.398,9999.000,9999.000,9999.000,9999.000,9999.000,9999.000,9999.000
202606161900,  -4.143,  -3.548,   0.400,   0.195,  -3.548,   0.400,  -3.548,   0.500,  -3.448
202606161906,  -4.207,  -3.627,9999.000,9999.000,9999.000,9999.000,9999.000,9999.000,9999.000
202606161912,  -4.254,  -3.680,9999.000,9999.000,9999.000,9999.000,9999.000,9999.000,9999.000
202606161918,  -4.281,  -3.758,9999.000,9999.000,9999.000,9999.000,9999.000,9999.000,9999.000
202606161924,  -4.291,  -3.758,9999.000,9999.000,9999.000,9999.000,9999.000,9999.000,9999.000
202606161930,  -4.281,  -3.749,9999.000,9999.000,9999.000,9999.000,9999.000,9999.000,9999.000
202606161936,  -4.253,  -3.719,9999.000,9999.000,9999.000,9999.000,9999.000,9999.000,9999.000
202606161942,  -4.207,  -3.670,9999.000,9999.000,9999.000,9999.000,9999.000,9999.000,9999.000
202606161948,  -4.142,  -3.627,9999.000,9999.000,9999.000,9999.000,9999.000,9999.000,9999.000
202606161954,  -4.059,  -3.480,9999.000,9999.000,9999.000,9999.000,9999.000,9999.000,9999.000
202606162000,  -3.958,  -3.388,   0.400,   0.170,  -3.388,   0.400,  -3.388,   0.500,  -3.288
202606162006,  -3.840,  -3.260,9999.000,9999.000,9999.000,9999.000,9999.000,9999.000,9999.000
202606162012,  -3.705,  -3.129,9999.000,9999.000,9999.000,9999.000,9999.000,9999.000,9999.000
202606162018,  -3.553,  -2.958,9999.000,9999.000,9999.000,9999.000,9999.000,9999.000,9999.000
202606162024,  -3.384,  -2.787,9999.000,9999.000,9999.000,9999.000,9999.000,9999.000,9999.000
202606162030,  -3.200,  -2.587,9999.000,9999.000,9999.000,9999.000,9999.000,9999.000,9999.000
202606162036,  -3.000,  -2.358,9999.000,9999.000,9999.000,9999.000,9999.000,9999.000,9999.000
202606162042,  -2.785,  -2.200,9999.000,9999.000,9999.000,9999.000,9999.000,9999.000,9999.000
202606162048,  -2.557,  -2.000,9999.000,9999.000,9999.000,9999.000,9999.000,9999.000,9999.000
202606162054,  -2.315,  -1.781,9999.000,9999.000,9999.000,9999.000,9999.000,9999.000,9999.000
202606162100,  -2.060,  -1.528,   0.500,   0.032,  -1.528,   0.500,  -1.528,   0.500,  -1.528
202606162106,  -1.793,  -1.249,9999.000,9999.000,9999.000,9999.000,9999.000,9999.000,9999.000
202606162112,  -1.514,  -0.980,9999.000,9999.000,9999.000,9999.000,9999.000,9999.000,9999.000
202606162118,  -1.225,  -0.698,9999.000,9999.000,9999.000,9999.000,9999.000,9999.000,9999.000
202606162124,  -0.926,  -0.429,9999.000,9999.000,9999.000,9999.000,9999.000,9999.000,9999.000
202606162130,  -0.617,  -0.131,9999.000,9999.000,9999.000,9999.000,9999.000,9999.000,9999.000
202606162136,  -0.300,   0.209,9999.000,9999.000,9999.000,9999.000,9999.000,9999.000,9999.000
202606162142,   0.024,   0.488,9999.000,9999.000,9999.000,9999.000,9999.000,9999.000,9999.000
202606162148,   0.356,   0.849,9999.000,9999.000,9999.000,9999.000,9999.000,9999.000,9999.000
202606162154,   0.695,   1.180,9999.000,9999.000,9999.000,9999.000,9999.000,9999.000,9999.000
202606162200,   1.039,   1.508,   0.500,  -0.031,   1.508,   0.400,   1.408,   0.500,   1.508
202606162206,   1.388,   1.869,9999.000,9999.000,9999.000,9999.000,9999.000,9999.000,9999.000
202606162212,   1.741,   2.259,9999.000,9999.000,9999.000,9999.000,9999.000,9999.000,9999.000
202606162218,   2.098,   2.650,9999.000,9999.000,9999.000,9999.000,9999.000,9999.000,9999.000
202606162224,   2.457,   2.988,9999.000,9999.000,9999.000,9999.000,9999.000,9999.000,9999.000
202606162230,   2.818,   3.319,9999.000,9999.000,9999.000,9999.000,9999.000,9999.000,9999.000
202606162236,   3.180,   3.699,9999.000,9999.000,9999.000,9999.000,9999.000,9999.000,9999.000
202606162242,   3.543,   4.070,9999.000,9999.000,9999.000,9999.000,9999.000,9999.000,9999.000
202606162248,   3.905,   4.447,9999.000,9999.000,9999.000,9999.000,9999.000,9999.000,9999.000
202606162254,   4.267,   4.837,9999.000,9999.000,9999.000,9999.000,9999.000,9999.000,9999.000
202606162300,   4.627,   5.218,   0.500,   0.091,   5.218,   0.400,   5.118,   0.500,   5.218
202606162306,   4.985,   5.579,9999.000,9999.000,9999.000,9999.000,9999.000,9999.000,9999.000
202606162312,   5.340,   5.917,9999.000,9999.000,9999.000,9999.000,9999.000,9999.000,9999.000
202606162318,   5.692,   6.268,9999.000,9999.000,9999.000,9999.000,9999.000,9999.000,9999.000
202606162324,   6.039,   6.619,9999.000,9999.000,9999.000,9999.000,9999.000,9999.000,9999.000
202606162330,   6.382,   6.947,9999.000,9999.000,9999.000,9999.000,9999.000,9999.000,9999.000
202606162336,   6.719,   7.268,9999.000,9999.000,9999.000,9999.000,9999.000,9999.000,9999.000
202606162342,   7.051,   7.609,9999.000,9999.000,9999.000,9999.000,9999.000,9999.000,9999.000
202606162348,   7.376,   7.898,9999.000,9999.000,9999.000,9999.000,9999.000,9999.000,9999.000
202606162354,   7.694,   8.196,9999.000,9999.000,9999.000,9999.000,9999.000,9999.000,9999.000
202606170000,   8.005,   8.498,   0.500,  -0.007,   8.498,   0.500,   8.498,   0.500,   8.498
202606170006,   8.308,   8.767,9999.000,9999.000,9999.000,9999.000,9999.000,9999.000,9999.000
202606170012,   8.603,   8.987,9999.000,9999.000,9999.000,9999.000,9999.000,9999.000,9999.000
202606170018,   8.889,   9.279,9999.000,9999.000,9999.000,9999.000,9999.000,9999.000,9999.000
202606170024,   9.167,   9.538,9999.000,9999.000,9999.000,9999.000,9999.000,9999.000,9999.000
202606170030,   9.435,   9.777,9999.000,9999.000,9999.000,9999.000,9999.000,9999.000,9999.000
202606170036,   9.693,  10.036,9999.000,9999.000,9999.000,9999.000,9999.000,9999.000,9999.000
202606170042,   9.942,  10.295,9999.000,9999.000,9999.000,9999.000,9999.000,9999.000,9999.000
202606170048,  10.181,  10.486,9999.000,9999.000,9999.000,9999.000,9999.000,9999.000,9999.000
202606170054,  10.410,  10.666,9999.000,9999.000,9999.000,9999.000,9999.000,9999.000,9999.000
202606170100,  10.628,  10.866,   0.500,  -0.262,  10.866,   0.500,  10.866,   0.500,  10.866
202606170106,  10.836,  11.096,9999.000,9999.000,9999.000,9999.000,9999.000,9999.000,9999.000
202606170112,  11.034,  11.266,9999.000,9999.000,9999.000,9999.000,9999.000,9999.000,9999.000
202606170118,  11.221,  11.486,9999.000,9999.000,9999.000,9999.000,9999.000,9999.000,9999.000
202606170124,  11.397,  11.657,9999.000,9999.000,9999.000,9999.000,9999.000,9999.000,9999.000
202606170130,  11.564,  11.798,9999.000,9999.000,9999.000,9999.000,9999.000,9999.000,9999.000
202606170136,  11.719,  11.945,9999.000,9999.000,9999.000,9999.000,9999.000,9999.000,9999.000
202606170142,  11.864,  12.096,9999.000,9999.000,9999.000,9999.000,9999.000,9999.000,9999.000
202606170148,  11.999,  12.198,9999.000,9999.000,9999.000,9999.000,9999.000,9999.000,9999.000
202606170154,  12.123,  12.286,9999.000,9999.000,9999.000,9999.000,9999.000,9999.000,9999.000
202606170200,  12.237,  12.418,   0.600,  -0.419,  12.418,   0.500,  12.318,   0.600,  12.418
202606170206,  12.341,  12.506,9999.000,9999.000,9999.000,9999.000,9999.000,9999.000,9999.000
202606170212,  12.435,  12.608,9999.000,9999.000,9999.000,9999.000,9999.000,9999.000,9999.000
202606170218,  12.519,  12.677,9999.000,9999.000,9999.000,9999.000,9999.000,9999.000,9999.000
202606170224,  12.593,  12.736,9999.000,9999.000,9999.000,9999.000,9999.000,9999.000,9999.000
202606170230,  12.657,  12.795,9999.000,9999.000,9999.000,9999.000,9999.000,9999.000,9999.000
202606170236,  12.711,  12.857,9999.000,9999.000,9999.000,9999.000,9999.000,9999.000,9999.000
202606170242,  12.755,  12.946,9999.000,9999.000,9999.000,9999.000,9999.000,9999.000,9999.000
202606170248,  12.790,  13.028,9999.000,9999.000,9999.000,9999.000,9999.000,9999.000,9999.000
202606170254,  12.816,  13.047,9999.000,9999.000,9999.000,9999.000,9999.000,9999.000,9999.000
202606170300,  12.832,  13.037,   0.500,  -0.295,  13.037,   0.500,  13.037,   0.600,  13.137
202606170306,  12.838,  13.037,9999.000,9999.000,9999.000,9999.000,9999.000,9999.000,9999.000
202606170312,  12.836,  13.037,9999.000,9999.000,9999.000,9999.000,9999.000,9999.000,9999.000
202606170318,  12.824,  12.995,9999.000,9999.000,9999.000,9999.000,9999.000,9999.000,9999.000
202606170324,  12.804,  12.955,9999.000,9999.000,9999.000,9999.000,9999.000,9999.000,9999.000
202606170330,  12.775,  12.916,9999.000,9999.000,9999.000,9999.000,9999.000,9999.000,9999.000
202606170336,  12.737,  12.877,9999.000,9999.000,9999.000,9999.000,9999.000,9999.000,9999.000
202606170342,  12.690,  12.837,9999.000,9999.000,9999.000,9999.000,9999.000,9999.000,9999.000
202606170348,  12.635,  12.755,9999.000,9999.000,9999.000,9999.000,9999.000,9999.000,9999.000
202606170354,  12.572,  12.716,9999.000,9999.000,9999.000,9999.000,9999.000,9999.000,9999.000
202606170400,  12.501,  12.667,   0.500,  -0.334,  12.667,   0.400,  12.567,   0.500,  12.667
202606170406,  12.422,  12.585,9999.000,9999.000,9999.000,9999.000,9999.000,9999.000,9999.000
202606170412,  12.336,  12.526,9999.000,9999.000,9999.000,9999.000,9999.000,9999.000,9999.000
202606170418,  12.242,  12.427,9999.000,9999.000,9999.000,9999.000,9999.000,9999.000,9999.000
202606170424,  12.142,  12.355,9999.000,9999.000,9999.000,9999.000,9999.000,9999.000,9999.000
202606170430,  12.034,  12.296,9999.000,9999.000,9999.000,9999.000,9999.000,9999.000,9999.000
202606170436,  11.921,  12.217,9999.000,9999.000,9999.000,9999.000,9999.000,9999.000,9999.000
202606170442,  11.801,  12.096,9999.000,9999.000,9999.000,9999.000,9999.000,9999.000,9999.000
202606170448,  11.676,  11.978,9999.000,9999.000,9999.000,9999.000,9999.000,9999.000,9999.000
202606170454,  11.546,  11.867,9999.000,9999.000,9999.000,9999.000,9999.000,9999.000,9999.000
202606170500,  11.411,  11.765,   0.500,  -0.146,  11.765,   0.400,  11.665,   0.600,  11.865
202606170506,  11.272,  11.676,9999.000,9999.000,9999.000,9999.000,9999.000,9999.000,9999.000
202606170512,  11.129,  11.545,9999.000,9999.000,9999.000,9999.000,9999.000,9999.000,9999.000
202606170518,  10.982,  11.407,9999.000,9999.000,9999.000,9999.000,9999.000,9999.000,9999.000
202606170524,  10.833,  11.276,9999.000,9999.000,9999.000,9999.000,9999.000,9999.000,9999.000
202606170530,  10.681,  11.125,9999.000,9999.000,9999.000,9999.000,9999.000,9999.000,9999.000
202606170536,  10.527,  10.997,9999.000,9999.000,9999.000,9999.000,9999.000,9999.000,9999.000
202606170542,  10.372,  10.837,9999.000,9999.000,9999.000,9999.000,9999.000,9999.000,9999.000
202606170548,  10.216,  10.676,9999.000,9999.000,9999.000,9999.000,9999.000,9999.000,9999.000
202606170554,  10.060,  10.548,9999.000,9999.000,9999.000,9999.000,9999.000,9999.000,9999.000
202606170600,   9.904,  10.397,   0.400,   0.093,  10.397,   0.400,  10.397,   0.400,  10.397
202606170606,   9.749,  10.246,9999.000,9999.000,9999.000,9999.000,9999.000,9999.000,9999.000
202606170612,   9.596,  10.095,9999.000,9999.000,9999.000,9999.000,9999.000,9999.000,9999.000
202606170618,   9.444,   9.948,9999.000,9999.000,9999.000,9999.000,9999.000,9999.000,9999.000
202606170624,   9.295,   9.807,9999.000,9999.000,9999.000,9999.000,9999.000,9999.000,9999.000
202606170630,   9.150,   9.656,9999.000,9999.000,9999.000,9999.000,9999.000,9999.000,9999.000
202606170636,   9.007,   9.479,9999.000,9999.000,9999.000,9999.000,9999.000,9999.000,9999.000
202606170642,   8.869,   9.347,9999.000,9999.000,9999.000,9999.000,9999.000,9999.000,9999.000
202606170648,   8.736,   9.216,9999.000,9999.000,9999.000,9999.000,9999.000,9999.000,9999.000
202606170654,   8.608,   9.069,9999.000,9999.000,9999.000,9999.000,9999.000,9999.000,9999.000
202606170700,   8.485,   8.957,   0.400,   0.072,   8.957,   0.400,   8.957,   0.400,   8.957
202606170706,   8.368,   8.816,9999.000,9999.000,9999.000,9999.000,9999.000,9999.000,9999.000
202606170712,   8.258,   8.708,9999.000,9999.000,9999.000,9999.000,9999.000,9999.000,9999.000
202606170718,   8.155,   8.616,9999.000,9999.000,9999.000,9999.000,9999.000,9999.000,9999.000
202606170724,   8.059,   8.527,9999.000,9999.000,9999.000,9999.000,9999.000,9999.000,9999.000
202606170730,   7.971,   8.459,9999.000,9999.000,9999.000,9999.000,9999.000,9999.000,9999.000
202606170736,   7.890,   8.377,9999.000,9999.000,9999.000,9999.000,9999.000,9999.000,9999.000
202606170742,   7.818,   8.308,9999.000,9999.000,9999.000,9999.000,9999.000,9999.000,9999.000
202606170748,   7.754,   8.268,9999.000,9999.000,9999.000,9999.000,9999.000,9999.000,9999.000
202606170754,   7.699,   8.216,9999.000,9999.000,9999.000,9999.000,9999.000,9999.000,9999.000
202606170800,   7.653,   8.177,   0.400,   0.124,   8.177,   0.300,   8.077,   0.400,   8.177
202606170806,   7.615,   8.147,9999.000,9999.000,9999.000,9999.000,9999.000,9999.000,9999.000
202606170812,   7.586,   8.127,9999.000,9999.000,9999.000,9999.000,9999.000,9999.000,9999.000
202606170818,   7.566,   8.117,9999.000,9999.000,9999.000,9999.000,9999.000,9999.000,9999.000
202606170824,   7.555,   8.108,9999.000,9999.000,9999.000,9999.000,9999.000,9999.000,9999.000
202606170830,   7.553,   8.088,9999.000,9999.000,9999.000,9999.000,9999.000,9999.000,9999.000
202606170836,   7.560,   8.108,9999.000,9999.000,9999.000,9999.000,9999.000,9999.000,9999.000
202606170842,   7.575,   8.098,9999.000,9999.000,9999.000,9999.000,9999.000,9999.000,9999.000
202606170848,   7.599,   8.108,9999.000,9999.000,9999.000,9999.000,9999.000,9999.000,9999.000
202606170854,   7.631,   8.157,9999.000,9999.000,9999.000,9999.000,9999.000,9999.000,9999.000
202606170900,   7.672,   8.186,   0.300,   0.214,   8.186,   0.300,   8.186,   0.400,   8.286
202606170906,   7.720,   8.229,9999.000,9999.000,9999.000,9999.000,9999.000,9999.000,9999.000
202606170912,   7.775,   8.288,9999.000,9999.000,9999.000,9999.000,9999.000,9999.000,9999.000
202606170918,   7.838,   8.357,9999.000,9999.000,9999.000,9999.000,9999.000,9999.000,9999.000
202606170924,   7.908,   8.426,9999.000,9999.000,9999.000,9999.000,9999.000,9999.000,9999.000
202606170930,   7.984,   8.498,9999.000,9999.000,9999.000,9999.000,9999.000,9999.000,9999.000
202606170936,   8.066,   8.577,9999.000,9999.000,9999.000,9999.000,9999.000,9999.000,9999.000
202606170942,   8.154,   8.659,9999.000,9999.000,9999.000,9999.000,9999.000,9999.000,9999.000
202606170948,   8.248,   8.757,9999.000,9999.000,9999.000,9999.000,9999.000,9999.000,9999.000
202606170954,   8.346,   8.836,9999.000,9999.000,9999.000,9999.000,9999.000,9999.000,9999.000
202606171000,   8.449,   8.937,   0.400,   0.088,   8.937,   0.300,   8.837,   0.400,   8.937
202606171006,   8.556,   9.026,9999.000,9999.000,9999.000,9999.000,9999.000,9999.000,9999.000
202606171012,   8.667,   9.118,9999.000,9999.000,9999.000,9999.000,9999.000,9999.000,9999.000
202606171018,   8.780,   9.216,9999.000,9999.000,9999.000,9999.000,9999.000,9999.000,9999.000
202606171024,   8.897,   9.288,9999.000,9999.000,9999.000,9999.000,9999.000,9999.000,9999.000
202606171030,   9.016,   9.397,9999.000,9999.000,9999.000,9999.000,9999.000,9999.000,9999.000
202606171036,   9.136,   9.508,9999.000,9999.000,9999.000,9999.000,9999.000,9999.000,9999.000
202606171042,   9.258,   9.626,9999.000,9999.000,9999.000,9999.000,9999.000,9999.000,9999.000
202606171048,   9.381,   9.757,9999.000,9999.000,9999.000,9999.000,9999.000,9999.000,9999.000
202606171054,   9.504,   9.899,9999.000,9999.000,9999.000,9999.000,9999.000,9999.000,9999.000
202606171100,   9.627,  10.017,   0.400,  -0.010,  10.017,   0.300,   9.917,   0.400,  10.017
202606171106,   9.748,  10.118,9999.000,9999.000,9999.000,9999.000,9999.000,9999.000,9999.000
202606171112,   9.869,  10.256,9999.000,9999.000,9999.000,9999.000,9999.000,9999.000,9999.000
202606171118,   9.988,  10.368,9999.000,9999.000,9999.000,9999.000,9999.000,9999.000,9999.000
202606171124,  10.104,  10.486,9999.000,9999.000,9999.000,9999.000,9999.000,9999.000,9999.000
202606171130,  10.218,  10.597,9999.000,9999.000,9999.000,9999.000,9999.000,9999.000,9999.000
202606171136,  10.328,  10.715,9999.000,9999.000,9999.000,9999.000,9999.000,9999.000,9999.000
202606171142,  10.434,  10.866,9999.000,9999.000,9999.000,9999.000,9999.000,9999.000,9999.000
202606171148,  10.536,  10.978,9999.000,9999.000,9999.000,9999.000,9999.000,9999.000,9999.000
202606171154,  10.633,  11.086,9999.000,9999.000,9999.000,9999.000,9999.000,9999.000,9999.000
202606171200,  10.724,  11.188,   0.200,   0.177,  11.101,   0.200,  11.101,   0.200,  11.101
202606171206,  10.809,  11.266,9999.000,9999.000,9999.000,9999.000,9999.000,9999.000,9999.000
202606171212,  10.887,  11.378,9999.000,9999.000,9999.000,9999.000,9999.000,9999.000,9999.000
202606171218,  10.959,  11.466,9999.000,9999.000,9999.000,9999.000,9999.000,9999.000,9999.000
202606171224,  11.023,  11.555,9999.000,9999.000,9999.000,9999.000,9999.000,9999.000,9999.000
202606171230,  11.079,  11.647,9999.000,9999.000,9999.000,9999.000,9999.000,9999.000,9999.000
202606171236,  11.126,  11.735,9999.000,9999.000,9999.000,9999.000,9999.000,9999.000,9999.000
202606171242,  11.165,  11.778,9999.000,9999.000,9999.000,9999.000,9999.000,9999.000,9999.000
202606171248,  11.195,  11.827,9999.000,9999.000,9999.000,9999.000,9999.000,9999.000,9999.000
202606171254,  11.215,  11.857,9999.000,9999.000,9999.000,9999.000,9999.000,9999.000,9999.000
202606171300,  11.225,  11.886,   0.200,   0.264,  11.689,   0.200,  11.689,   0.300,  11.789
202606171306,  11.225,  11.906,9999.000,9999.000,9999.000,9999.000,9999.000,9999.000,9999.000
202606171312,  11.215,  11.906,9999.000,9999.000,9999.000,9999.000,9999.000,9999.000,9999.000
202606171318,  11.195,  11.886,9999.000,9999.000,9999.000,9999.000,9999.000,9999.000,9999.000
202606171324,  11.163,  11.867,9999.000,9999.000,9999.000,9999.000,9999.000,9999.000,9999.000
202606171330,  11.121,  11.847,9999.000,9999.000,9999.000,9999.000,9999.000,9999.000,9999.000
202606171336,  11.067,  11.827,9999.000,9999.000,9999.000,9999.000,9999.000,9999.000,9999.000
202606171342,  11.003,  11.778,9999.000,9999.000,9999.000,9999.000,9999.000,9999.000,9999.000
202606171348,  10.927,  11.706,9999.000,9999.000,9999.000,9999.000,9999.000,9999.000,9999.000
202606171354,  10.840,  11.598,9999.000,9999.000,9999.000,9999.000,9999.000,9999.000,9999.000
202606171400,  10.742,  11.506,   0.200,   0.319,  11.261,   0.200,  11.261,   0.200,  11.261
202606171406,  10.633,  11.417,9999.000,9999.000,9999.000,9999.000,9999.000,9999.000,9999.000
202606171412,  10.512,  11.306,9999.000,9999.000,9999.000,9999.000,9999.000,9999.000,9999.000
202606171418,  10.381,  11.197,9999.000,9999.000,9999.000,9999.000,9999.000,9999.000,9999.000
202606171424,  10.239,  11.076,9999.000,9999.000,9999.000,9999.000,9999.000,9999.000,9999.000
202606171430,  10.085,  10.938,9999.000,9999.000,9999.000,9999.000,9999.000,9999.000,9999.000
202606171436,   9.921,  10.768,9999.000,9999.000,9999.000,9999.000,9999.000,9999.000,9999.000
202606171442,   9.747,  10.587,9999.000,9999.000,9999.000,9999.000,9999.000,9999.000,9999.000
202606171448,   9.562,  10.407,9999.000,9999.000,9999.000,9999.000,9999.000,9999.000,9999.000
202606171454,   9.366,  10.207,9999.000,9999.000,9999.000,9999.000,9999.000,9999.000,9999.000
202606171500,   9.161,   9.997,   0.200,   0.296,   9.657,   0.200,   9.657,   0.200,   9.657
202606171506,   8.946,   9.787,9999.000,9999.000,9999.000,9999.000,9999.000,9999.000,9999.000
202606171512,   8.721,   9.557,9999.000,9999.000,9999.000,9999.000,9999.000,9999.000,9999.000
202606171518,   8.487,   9.328,9999.000,9999.000,9999.000,9999.000,9999.000,9999.000,9999.000
202606171524,   8.244,   9.088,9999.000,9999.000,9999.000,9999.000,9999.000,9999.000,9999.000
202606171530,   7.992,   8.859,9999.000,9999.000,9999.000,9999.000,9999.000,9999.000,9999.000
202606171536,   7.732,   8.567,9999.000,9999.000,9999.000,9999.000,9999.000,9999.000,9999.000
202606171542,   7.463,   8.288,9999.000,9999.000,9999.000,9999.000,9999.000,9999.000,9999.000
202606171548,   7.186,   7.996,9999.000,9999.000,9999.000,9999.000,9999.000,9999.000,9999.000
202606171554,   6.902,   7.707,9999.000,9999.000,9999.000,9999.000,9999.000,9999.000,9999.000
202606171600,   6.611,   7.376,   0.200,   0.206,   7.017,   0.200,   7.017,   0.200,   7.017
202606171606,   6.313,   7.048,9999.000,9999.000,9999.000,9999.000,9999.000,9999.000,9999.000
202606171612,   6.009,   6.687,9999.000,9999.000,9999.000,9999.000,9999.000,9999.000,9999.000
202606171618,   5.700,   6.336,9999.000,9999.000,9999.000,9999.000,9999.000,9999.000,9999.000
202606171624,   5.385,   5.989,9999.000,9999.000,9999.000,9999.000,9999.000,9999.000,9999.000
202606171630,   5.065,   5.657,9999.000,9999.000,9999.000,9999.000,9999.000,9999.000,9999.000
202606171636,   4.741,   5.287,9999.000,9999.000,9999.000,9999.000,9999.000,9999.000,9999.000
202606171642,   4.414,   4.929,9999.000,9999.000,9999.000,9999.000,9999.000,9999.000,9999.000
202606171648,   4.083,   4.578,9999.000,9999.000,9999.000,9999.000,9999.000,9999.000,9999.000
202606171654,   3.751,   4.208,9999.000,9999.000,9999.000,9999.000,9999.000,9999.000,9999.000
202606171700,   3.416,   3.880,   0.200,   0.115,   3.731,   0.200,   3.731,   0.300,   3.831
202606171706,   3.081,   3.499,9999.000,9999.000,9999.000,9999.000,9999.000,9999.000,9999.000
202606171712,   2.745,   3.119,9999.000,9999.000,9999.000,9999.000,9999.000,9999.000,9999.000
202606171718,   2.410,   2.748,9999.000,9999.000,9999.000,9999.000,9999.000,9999.000,9999.000
202606171724,   2.076,   2.400,9999.000,9999.000,9999.000,9999.000,9999.000,9999.000,9999.000
202606171730,   1.744,   2.069,9999.000,9999.000,9999.000,9999.000,9999.000,9999.000,9999.000
202606171736,   1.415,   1.718,9999.000,9999.000,9999.000,9999.000,9999.000,9999.000,9999.000
202606171742,   1.089,   1.380,9999.000,9999.000,9999.000,9999.000,9999.000,9999.000,9999.000
202606171748,   0.767,   1.039,9999.000,9999.000,9999.000,9999.000,9999.000,9999.000,9999.000
202606171754,   0.451,9999.000,9999.000,9999.000,9999.000,9999.000,9999.000,9999.000,9999.000
202606171800,   0.141,9999.000,   0.200,   0.094,   0.435,   0.200,   0.435,   0.200,   0.435
202606171806,  -0.162,9999.000,9999.000,9999.000,9999.000,9999.000,9999.000,9999.000,9999.000
202606171812,  -0.458,9999.000,9999.000,9999.000,9999.000,9999.000,9999.000,9999.000,9999.000
202606171818,  -0.746,9999.000,9999.000,9999.000,9999.000,9999.000,9999.000,9999.000,9999.000
202606171824,  -1.025,9999.000,9999.000,9999.000,9999.000,9999.000,9999.000,9999.000,9999.000
202606171830,  -1.294,9999.000,9999.000,9999.000,9999.000,9999.000,9999.000,9999.000,9999.000
202606171836,  -1.552,9999.000,9999.000,9999.000,9999.000,9999.000,9999.000,9999.000,9999.000
202606171842,  -1.799,9999.000,9999.000,9999.000,9999.000,9999.000,9999.000,9999.000,9999.000
202606171848,  -2.034,9999.000,9999.000,9999.000,9999.000,9999.000,9999.000,9999.000,9999.000
202606171854,  -2.257,9999.000,9999.000,9999.000,9999.000,9999.000,9999.000,9999.000,9999.000
202606171900,  -2.465,9999.000,   0.200,   0.148,  -2.117,   0.200,  -2.117,   0.300,  -2.017
202606171906,  -2.660,9999.000,9999.000,9999.000,9999.000,9999.000,9999.000,9999.000,9999.000
202606171912,  -2.841,9999.000,9999.000,9999.000,9999.000,9999.000,9999.000,9999.000,9999.000
202606171918,  -3.006,9999.000,9999.000,9999.000,9999.000,9999.000,9999.000,9999.000,9999.000
202606171924,  -3.156,9999.000,9999.000,9999.000,9999.000,9999.000,9999.000,9999.000,9999.000
202606171930,  -3.289,9999.000,9999.000,9999.000,9999.000,9999.000,9999.000,9999.000,9999.000
202606171936,  -3.407,9999.000,9999.000,9999.000,9999.000,9999.000,9999.000,9999.000,9999.000
202606171942,  -3.507,9999.000,9999.000,9999.000,9999.000,9999.000,9999.000,9999.000,9999.000
202606171948,  -3.590,9999.000,9999.000,9999.000,9999.000,9999.000,9999.000,9999.000,9999.000
202606171954,  -3.656,9999.000,9999.000,9999.000,9999.000,9999.000,9999.000,9999.000,9999.000
202606172000,  -3.704,9999.000,   0.200,   0.212,  -3.292,   0.100,  -3.392,   0.300,  -3.192
202606172006,  -3.734,9999.000,9999.000,9999.000,9999.000,9999.000,9999.000,9999.000,9999.000
202606172012,  -3.747,9999.000,9999.000,9999.000,9999.000,9999.000,9999.000,9999.000,9999.000
202606172018,  -3.741,9999.000,9999.000,9999.000,9999.000,9999.000,9999.000,9999.000,9999.000
202606172024,  -3.718,9999.000,9999.000,9999.000,9999.000,9999.000,9999.000,9999.000,9999.000
202606172030,  -3.677,9999.000,9999.000,9999.000,9999.000,9999.000,9999.000,9999.000,9999.000
202606172036,  -3.618,9999.000,9999.000,9999.000,9999.000,9999.000,9999.000,9999.000,9999.000
202606172042,  -3.541,9999.000,9999.000,9999.000,9999.000,9999.000,9999.000,9999.000,9999.000
202606172048,  -3.448,9999.000,9999.000,9999.000,9999.000,9999.000,9999.000,9999.000,9999.000
202606172054,  -3.337,9999.000,9999.000,9999.000,9999.000,9999.000,9999.000,9999.000,9999.000
202606172100,  -3.210,9999.000,   0.200,   0.231,  -2.779,   0.200,  -2.779,   0.300,  -2.679
202606172106,  -3.066,9999.000,9999.000,9999.000,9999.000,9999.000,9999.000,9999.000,9999.000
202606172112,  -2.907,9999.000,9999.000,9999.000,9999.000,9999.000,9999.000,9999.000,9999.000
202606172118,  -2.732,9999.000,9999.000,9999.000,9999.000,9999.000,9999.000,9999.000,9999.000
202606172124,  -2.543,9999.000,9999.000,9999.000,9999.000,9999.000,9999.000,9999.000,9999.000
202606172130,  -2.339,9999.000,9999.000,9999.000,9999.000,9999.000,9999.000,9999.000,9999.000
202606172136,  -2.122,9999.000,9999.000,9999.000,9999.000,9999.000,9999.000,9999.000,9999.000
202606172142,  -1.891,9999.000,9999.000,9999.000,9999.000,9999.000,9999.000,9999.000,9999.000
202606172148,  -1.648,9999.000,9999.000,9999.000,9999.000,9999.000,9999.000,9999.000,9999.000
202606172154,  -1.393,9999.000,9999.000,9999.000,9999.000,9999.000,9999.000,9999.000,9999.000
202606172200,  -1.127,9999.000,   0.200,   0.213,  -0.714,   0.200,  -0.714,   0.300,  -0.614
202606172206,  -0.850,9999.000,9999.000,9999.000,9999.000,9999.000,9999.000,9999.000,9999.000
202606172212,  -0.564,9999.000,9999.000,9999.000,9999.000,9999.000,9999.000,9999.000,9999.000
202606172218,  -0.268,9999.000,9999.000,9999.000,9999.000,9999.000,9999.000,9999.000,9999.000
202606172224,   0.035,9999.000,9999.000,9999.000,9999.000,9999.000,9999.000,9999.000,9999.000
202606172230,   0.346,9999.000,9999.000,9999.000,9999.000,9999.000,9999.000,9999.000,9999.000
202606172236,   0.665,9999.000,9999.000,9999.000,9999.000,9999.000,9999.000,9999.000,9999.000
202606172242,   0.990,9999.000,9999.000,9999.000,9999.000,9999.000,9999.000,9999.000,9999.000
202606172248,   1.321,9999.000,9999.000,9999.000,9999.000,9999.000,9999.000,9999.000,9999.000
202606172254,   1.656,9999.000,9999.000,9999.000,9999.000,9999.000,9999.000,9999.000,9999.000
202606172300,   1.996,9999.000,   0.300,   0.180,   2.476,   0.200,   2.376,   0.300,   2.476
202606172306,   2.340,9999.000,9999.000,9999.000,9999.000,9999.000,9999.000,9999.000,9999.000
202606172312,   2.686,9999.000,9999.000,9999.000,9999.000,9999.000,9999.000,9999.000,9999.000
202606172318,   3.034,9999.000,9999.000,9999.000,9999.000,9999.000,9999.000,9999.000,9999.000
202606172324,   3.384,9999.000,9999.000,9999.000,9999.000,9999.000,9999.000,9999.000,9999.000
202606172330,   3.735,9999.000,9999.000,9999.000,9999.000,9999.000,9999.000,9999.000,9999.000
202606172336,   4.085,9999.000,9999.000,9999.000,9999.000,9999.000,9999.000,9999.000,9999.000
202606172342,   4.436,9999.000,9999.000,9999.000,9999.000,9999.000,9999.000,9999.000,9999.000
202606172348,   4.785,9999.000,9999.000,9999.000,9999.000,9999.000,9999.000,9999.000,9999.000
202606172354,   5.132,9999.000,9999.000,9999.000,9999.000,9999.000,9999.000,9999.000,9999.000
202606180000,   5.477,9999.000,   0.300,   0.112,   5.889,   0.200,   5.789,   0.300,   5.889
202606180006,   5.819,9999.000,9999.000,9999.000,9999.000,9999.000,9999.000,9999.000,9999.000
202606180012,   6.157,9999.000,9999.000,9999.000,9999.000,9999.000,9999.000,9999.000,9999.000
202606180018,   6.491,9999.000,9999.000,9999.000,9999.000,9999.000,9999.000,9999.000,9999.000
202606180024,   6.820,9999.000,9999.000,9999.000,9999.000,9999.000,9999.000,9999.000,9999.000
202606180030,   7.144,9999.000,9999.000,9999.000,9999.000,9999.000,9999.000,9999.000,9999.000
202606180036,   7.462,9999.000,9999.000,9999.000,9999.000,9999.000,9999.000,9999.000,9999.000
202606180042,   7.773,9999.000,9999.000,9999.000,9999.000,9999.000,9999.000,9999.000,9999.000
202606180048,   8.078,9999.000,9999.000,9999.000,9999.000,9999.000,9999.000,9999.000,9999.000
202606180054,   8.376,9999.000,9999.000,9999.000,9999.000,9999.000,9999.000,9999.000,9999.000
202606180100,   8.665,9999.000,   0.300,  -0.012,   8.953,   0.200,   8.853,   0.300,   8.953
202606180106,   8.947,9999.000,9999.000,9999.000,9999.000,9999.000,9999.000,9999.000,9999.000
202606180112,   9.220,9999.000,9999.000,9999.000,9999.000,9999.000,9999.000,9999.000,9999.000
202606180118,   9.484,9999.000,9999.000,9999.000,9999.000,9999.000,9999.000,9999.000,9999.000
202606180124,   9.739,9999.000,9999.000,9999.000,9999.000,9999.000,9999.000,9999.000,9999.000
202606180130,   9.985,9999.000,9999.000,9999.000,9999.000,9999.000,9999.000,9999.000,9999.000
202606180136,  10.221,9999.000,9999.000,9999.000,9999.000,9999.000,9999.000,9999.000,9999.000
202606180142,  10.447,9999.000,9999.000,9999.000,9999.000,9999.000,9999.000,9999.000,9999.000
202606180148,  10.664,9999.000,9999.000,9999.000,9999.000,9999.000,9999.000,9999.000,9999.000
202606180154,  10.870,9999.000,9999.000,9999.000,9999.000,9999.000,9999.000,9999.000,9999.000
202606180200,  11.066,9999.000,   0.300,  -0.145,  11.221,   0.200,  11.121,   0.300,  11.221
202606180206,  11.251,9999.000,9999.000,9999.000,9999.000,9999.000,9999.000,9999.000,9999.000
202606180212,  11.427,9999.000,9999.000,9999.000,9999.000,9999.000,9999.000,9999.000,9999.000
202606180218,  11.591,9999.000,9999.000,9999.000,9999.000,9999.000,9999.000,9999.000,9999.000
202606180224,  11.746,9999.000,9999.000,9999.000,9999.000,9999.000,9999.000,9999.000,9999.000
202606180230,  11.890,9999.000,9999.000,9999.000,9999.000,9999.000,9999.000,9999.000,9999.000
202606180236,  12.023,9999.000,9999.000,9999.000,9999.000,9999.000,9999.000,9999.000,9999.000
202606180242,  12.146,9999.000,9999.000,9999.000,9999.000,9999.000,9999.000,9999.000,9999.000
202606180248,  12.259,9999.000,9999.000,9999.000,9999.000,9999.000,9999.000,9999.000,9999.000
202606180254,  12.362,9999.000,9999.000,9999.000,9999.000,9999.000,9999.000,9999.000,9999.000
202606180300,  12.454,9999.000,   0.300,  -0.206,  12.548,   0.200,  12.448,   0.300,  12.548
202606180306,  12.536,9999.000,9999.000,9999.000,9999.000,9999.000,9999.000,9999.000,9999.000
202606180312,  12.608,9999.000,9999.000,9999.000,9999.000,9999.000,9999.000,9999.000,9999.000
202606180318,  12.670,9999.000,9999.000,9999.000,9999.000,9999.000,9999.000,9999.000,9999.000
202606180324,  12.722,9999.000,9999.000,9999.000,9999.000,9999.000,9999.000,9999.000,9999.000
202606180330,  12.763,9999.000,9999.000,9999.000,9999.000,9999.000,9999.000,9999.000,9999.000
202606180336,  12.796,9999.000,9999.000,9999.000,9999.000,9999.000,9999.000,9999.000,9999.000
202606180342,  12.818,9999.000,9999.000,9999.000,9999.000,9999.000,9999.000,9999.000,9999.000
202606180348,  12.830,9999.000,9999.000,9999.000,9999.000,9999.000,9999.000,9999.000,9999.000
202606180354,  12.833,9999.000,9999.000,9999.000,9999.000,9999.000,9999.000,9999.000,9999.000
202606180400,  12.827,9999.000,   0.300,  -0.189,  12.938,   0.200,  12.838,   0.300,  12.938
202606180406,  12.811,9999.000,9999.000,9999.000,9999.000,9999.000,9999.000,9999.000,9999.000
202606180412,  12.786,9999.000,9999.000,9999.000,9999.000,9999.000,9999.000,9999.000,9999.000
202606180418,  12.752,9999.000,9999.000,9999.000,9999.000,9999.000,9999.000,9999.000,9999.000
202606180424,  12.708,9999.000,9999.000,9999.000,9999.000,9999.000,9999.000,9999.000,9999.000
202606180430,  12.656,9999.000,9999.000,9999.000,9999.000,9999.000,9999.000,9999.000,9999.000
202606180436,  12.595,9999.000,9999.000,9999.000,9999.000,9999.000,9999.000,9999.000,9999.000
202606180442,  12.525,9999.000,9999.000,9999.000,9999.000,9999.000,9999.000,9999.000,9999.000
202606180448,  12.448,9999.000,9999.000,9999.000,9999.000,9999.000,9999.000,9999.000,9999.000
202606180454,  12.362,9999.000,9999.000,9999.000,9999.000,9999.000,9999.000,9999.000,9999.000
202606180500,  12.268,9999.000,   0.300,  -0.159,  12.409,   0.200,  12.309,   0.400,  12.509
202606180506,  12.167,9999.000,9999.000,9999.000,9999.000,9999.000,9999.000,9999.000,9999.000
202606180512,  12.058,9999.000,9999.000,9999.000,9999.000,9999.000,9999.000,9999.000,9999.000
202606180518,  11.942,9999.000,9999.000,9999.000,9999.000,9999.000,9999.000,9999.000,9999.000
202606180524,  11.820,9999.000,9999.000,9999.000,9999.000,9999.000,9999.000,9999.000,9999.000
202606180530,  11.692,9999.000,9999.000,9999.000,9999.000,9999.000,9999.000,9999.000,9999.000
202606180536,  11.557,9999.000,9999.000,9999.000,9999.000,9999.000,9999.000,9999.000,9999.000
202606180542,  11.417,9999.000,9999.000,9999.000,9999.000,9999.000,9999.000,9999.000,9999.000
202606180548,  11.272,9999.000,9999.000,9999.000,9999.000,9999.000,9999.000,9999.000,9999.000
202606180554,  11.123,9999.000,9999.000,9999.000,9999.000,9999.000,9999.000,9999.000,9999.000
202606180600,  10.969,9999.000,   0.300,  -0.144,  11.125,   0.200,  11.025,   0.300,  11.125
202606180606,  10.812,9999.000,9999.000,9999.000,9999.000,9999.000,9999.000,9999.000,9999.000
202606180612,  10.651,9999.000,9999.000,9999.000,9999.000,9999.000,9999.000,9999.000,9999.000
202606180618,  10.488,9999.000,9999.000,9999.000,9999.000,9999.000,9999.000,9999.000,9999.000
202606180624,  10.323,9999.000,9999.000,9999.000,9999.000,9999.000,9999.000,9999.000,9999.000
202606180630,  10.156,9999.000,9999.000,9999.000,9999.000,9999.000,9999.000,9999.000,9999.000
202606180636,   9.989,9999.000,9999.000,9999.000,9999.000,9999.000,9999.000,9999.000,9999.000
202606180642,   9.821,9999.000,9999.000,9999.000,9999.000,9999.000,9999.000,9999.000,9999.000
202606180648,   9.652,9999.000,9999.000,9999.000,9999.000,9999.000,9999.000,9999.000,9999.000
202606180654,   9.485,9999.000,9999.000,9999.000,9999.000,9999.000,9999.000,9999.000,9999.000
202606180700,   9.319,9999.000,   0.300,  -0.105,   9.514,   0.300,   9.514,   0.300,   9.514
202606180706,   9.154,9999.000,9999.000,9999.000,9999.000,9999.000,9999.000,9999.000,9999.000
202606180712,   8.992,9999.000,9999.000,9999.000,9999.000,9999.000,9999.000,9999.000,9999.000
202606180718,   8.833,9999.000,9999.000,9999.000,9999.000,9999.000,9999.000,9999.000,9999.000
202606180724,   8.677,9999.000,9999.000,9999.000,9999.000,9999.000,9999.000,9999.000,9999.000
202606180730,   8.525,9999.000,9999.000,9999.000,9999.000,9999.000,9999.000,9999.000,9999.000
202606180736,   8.378,9999.000,9999.000,9999.000,9999.000,9999.000,9999.000,9999.000,9999.000
202606180742,   8.236,9999.000,9999.000,9999.000,9999.000,9999.000,9999.000,9999.000,9999.000
202606180748,   8.099,9999.000,9999.000,9999.000,9999.000,9999.000,9999.000,9999.000,9999.000
202606180754,   7.968,9999.000,9999.000,9999.000,9999.000,9999.000,9999.000,9999.000,9999.000
202606180800,   7.843,9999.000,   0.300,  -0.018,   8.125,   0.200,   8.025,   0.300,   8.125
202606180806,   7.725,9999.000,9999.000,9999.000,9999.000,9999.000,9999.000,9999.000,9999.000
202606180812,   7.614,9999.000,9999.000,9999.000,9999.000,9999.000,9999.000,9999.000,9999.000
202606180818,   7.511,9999.000,9999.000,9999.000,9999.000,9999.000,9999.000,9999.000,9999.000
202606180824,   7.415,9999.000,9999.000,9999.000,9999.000,9999.000,9999.000,9999.000,9999.000
202606180830,   7.328,9999.000,9999.000,9999.000,9999.000,9999.000,9999.000,9999.000,9999.000
202606180836,   7.248,9999.000,9999.000,9999.000,9999.000,9999.000,9999.000,9999.000,9999.000
202606180842,   7.178,9999.000,9999.000,9999.000,9999.000,9999.000,9999.000,9999.000,9999.000
202606180848,   7.115,9999.000,9999.000,9999.000,9999.000,9999.000,9999.000,9999.000,9999.000
202606180854,   7.062,9999.000,9999.000,9999.000,9999.000,9999.000,9999.000,9999.000,9999.000
202606180900,   7.018,9999.000,   0.300,   0.066,   7.384,   0.200,   7.284,   0.300,   7.384
202606180906,   6.982,9999.000,9999.000,9999.000,9999.000,9999.000,9999.000,9999.000,9999.000
202606180912,   6.955,9999.000,9999.000,9999.000,9999.000,9999.000,9999.000,9999.000,9999.000
202606180918,   6.938,9999.000,9999.000,9999.000,9999.000,9999.000,9999.000,9999.000,9999.000
202606180924,   6.929,9999.000,9999.000,9999.000,9999.000,9999.000,9999.000,9999.000,9999.000
202606180930,   6.928,9999.000,9999.000,9999.000,9999.000,9999.000,9999.000,9999.000,9999.000
202606180936,   6.937,9999.000,9999.000,9999.000,9999.000,9999.000,9999.000,9999.000,9999.000
202606180942,   6.954,9999.000,9999.000,9999.000,9999.000,9999.000,9999.000,9999.000,9999.000
202606180948,   6.979,9999.000,9999.000,9999.000,9999.000,9999.000,9999.000,9999.000,9999.000
202606180954,   7.012,9999.000,9999.000,9999.000,9999.000,9999.000,9999.000,9999.000,9999.000
202606181000,   7.053,9999.000,   0.300,   0.093,   7.446,   0.200,   7.346,   0.300,   7.446
202606181006,   7.101,9999.000,9999.000,9999.000,9999.000,9999.000,9999.000,9999.000,9999.000
202606181012,   7.156,9999.000,9999.000,9999.000,9999.000,9999.000,9999.000,9999.000,9999.000
202606181018,   7.219,9999.000,9999.000,9999.000,9999.000,9999.000,9999.000,9999.000,9999.000
202606181024,   7.288,9999.000,9999.000,9999.000,9999.000,9999.000,9999.000,9999.000,9999.000
202606181030,   7.363,9999.000,9999.000,9999.000,9999.000,9999.000,9999.000,9999.000,9999.000
202606181036,   7.444,9999.000,9999.000,9999.000,9999.000,9999.000,9999.000,9999.000,9999.000
202606181042,   7.530,9999.000,9999.000,9999.000,9999.000,9999.000,9999.000,9999.000,9999.000
202606181048,   7.622,9999.000,9999.000,9999.000,9999.000,9999.000,9999.000,9999.000,9999.000
202606181054,   7.718,9999.000,9999.000,9999.000,9999.000,9999.000,9999.000,9999.000,9999.000
202606181100,   7.818,9999.000,   0.200,   0.081,   8.099,   0.200,   8.099,   0.300,   8.199
202606181106,   7.922,9999.000,9999.000,9999.000,9999.000,9999.000,9999.000,9999.000,9999.000
202606181112,   8.030,9999.000,9999.000,9999.000,9999.000,9999.000,9999.000,9999.000,9999.000
202606181118,   8.141,9999.000,9999.000,9999.000,9999.000,9999.000,9999.000,9999.000,9999.000
202606181124,   8.254,9999.000,9999.000,9999.000,9999.000,9999.000,9999.000,9999.000,9999.000
202606181130,   8.370,9999.000,9999.000,9999.000,9999.000,9999.000,9999.000,9999.000,9999.000
202606181136,   8.487,9999.000,9999.000,9999.000,9999.000,9999.000,9999.000,9999.000,9999.000
202606181142,   8.605,9999.000,9999.000,9999.000,9999.000,9999.000,9999.000,9999.000,9999.000
202606181148,   8.724,9999.000,9999.000,9999.000,9999.000,9999.000,9999.000,9999.000,9999.000
202606181154,   8.843,9999.000,9999.000,9999.000,9999.000,9999.000,9999.000,9999.000,9999.000
202606181200,   8.962,9999.000,   0.200,   0.090,   9.252,   0.200,   9.252,   0.300,   9.352
202606181206,   9.081,9999.000,9999.000,9999.000,9999.000,9999.000,9999.000,9999.000,9999.000
202606181212,   9.198,9999.000,9999.000,9999.000,9999.000,9999.000,9999.000,9999.000,9999.000
202606181218,   9.313,9999.000,9999.000,9999.000,9999.000,9999.000,9999.000,9999.000,9999.000
202606181224,   9.426,9999.000,9999.000,9999.000,9999.000,9999.000,9999.000,9999.000,9999.000
202606181230,   9.536,9999.000,9999.000,9999.000,9999.000,9999.000,9999.000,9999.000,9999.000
202606181236,   9.643,9999.000,9999.000,9999.000,9999.000,9999.000,9999.000,9999.000,9999.000
202606181242,   9.747,9999.000,9999.000,9999.000,9999.000,9999.000,9999.000,9999.000,9999.000
202606181248,   9.845,9999.000,9999.000,9999.000,9999.000,9999.000,9999.000,9999.000,9999.000
202606181254,   9.939,9999.000,9999.000,9999.000,9999.000,9999.000,9999.000,9999.000,9999.000
202606181300,  10.028,9999.000,   0.200,   0.142,  10.370,   0.200,  10.370,   0.300,  10.470
202606181306,  10.111,9999.000,9999.000,9999.000,9999.000,9999.000,9999.000,9999.000,9999.000
202606181312,  10.187,9999.000,9999.000,9999.000,9999.000,9999.000,9999.000,9999.000,9999.000
202606181318,  10.257,9999.000,9999.000,9999.000,9999.000,9999.000,9999.000,9999.000,9999.000
202606181324,  10.319,9999.000,9999.000,9999.000,9999.000,9999.000,9999.000,9999.000,9999.000
202606181330,  10.374,9999.000,9999.000,9999.000,9999.000,9999.000,9999.000,9999.000,9999.000
202606181336,  10.421,9999.000,9999.000,9999.000,9999.000,9999.000,9999.000,9999.000,9999.000
202606181342,  10.460,9999.000,9999.000,9999.000,9999.000,9999.000,9999.000,9999.000,9999.000
202606181348,  10.489,9999.000,9999.000,9999.000,9999.000,9999.000,9999.000,9999.000,9999.000
202606181354,  10.510,9999.000,9999.000,9999.000,9999.000,9999.000,9999.000,9999.000,9999.000
202606181400,  10.521,9999.000,   0.300,   0.196,  11.017,   0.200,  10.917,   0.300,  11.017
202606181406,  10.523,9999.000,9999.000,9999.000,9999.000,9999.000,9999.000,9999.000,9999.000
202606181412,  10.515,9999.000,9999.000,9999.000,9999.000,9999.000,9999.000,9999.000,9999.000
202606181418,  10.497,9999.000,9999.000,9999.000,9999.000,9999.000,9999.000,9999.000,9999.000
202606181424,  10.469,9999.000,9999.000,9999.000,9999.000,9999.000,9999.000,9999.000,9999.000
202606181430,  10.430,9999.000,9999.000,9999.000,9999.000,9999.000,9999.000,9999.000,9999.000
202606181436,  10.382,9999.000,9999.000,9999.000,9999.000,9999.000,9999.000,9999.000,9999.000
202606181442,  10.322,9999.000,9999.000,9999.000,9999.000,9999.000,9999.000,9999.000,9999.000
202606181448,  10.252,9999.000,9999.000,9999.000,9999.000,9999.000,9999.000,9999.000,9999.000
202606181454,  10.172,9999.000,9999.000,9999.000,9999.000,9999.000,9999.000,9999.000,9999.000
202606181500,  10.081,9999.000,   0.300,   0.189,  10.570,   0.200,  10.470,   0.300,  10.570
202606181506,   9.980,9999.000,9999.000,9999.000,9999.000,9999.000,9999.000,9999.000,9999.000
202606181512,   9.868,9999.000,9999.000,9999.000,9999.000,9999.000,9999.000,9999.000,9999.000
202606181518,   9.746,9999.000,9999.000,9999.000,9999.000,9999.000,9999.000,9999.000,9999.000
202606181524,   9.613,9999.000,9999.000,9999.000,9999.000,9999.000,9999.000,9999.000,9999.000
202606181530,   9.470,9999.000,9999.000,9999.000,9999.000,9999.000,9999.000,9999.000,9999.000
202606181536,   9.318,9999.000,9999.000,9999.000,9999.000,9999.000,9999.000,9999.000,9999.000
202606181542,   9.155,9999.000,9999.000,9999.000,9999.000,9999.000,9999.000,9999.000,9999.000
202606181548,   8.982,9999.000,9999.000,9999.000,9999.000,9999.000,9999.000,9999.000,9999.000
202606181554,   8.800,9999.000,9999.000,9999.000,9999.000,9999.000,9999.000,9999.000,9999.000
202606181600,   8.609,9999.000,   0.200,   0.102,   8.911,   0.200,   8.911,   0.300,   9.011
202606181606,   8.408,9999.000,9999.000,9999.000,9999.000,9999.000,9999.000,9999.000,9999.000
202606181612,   8.199,9999.000,9999.000,9999.000,9999.000,9999.000,9999.000,9999.000,9999.000
202606181618,   7.980,9999.000,9999.000,9999.000,9999.000,9999.000,9999.000,9999.000,9999.000
202606181624,   7.754,9999.000,9999.000,9999.000,9999.000,9999.000,9999.000,9999.000,9999.000
202606181630,   7.519,9999.000,9999.000,9999.000,9999.000,9999.000,9999.000,9999.000,9999.000
202606181636,   7.276,9999.000,9999.000,9999.000,9999.000,9999.000,9999.000,9999.000,9999.000
202606181642,   7.025,9999.000,9999.000,9999.000,9999.000,9999.000,9999.000,9999.000,9999.000
202606181648,   6.768,9999.000,9999.000,9999.000,9999.000,9999.000,9999.000,9999.000,9999.000
202606181654,   6.504,9999.000,9999.000,9999.000,9999.000,9999.000,9999.000,9999.000,9999.000
202606181700,   6.233,9999.000,   0.300,  -0.000,   6.533,   0.200,   6.433,   0.300,   6.533
202606181706,   5.956,9999.000,9999.000,9999.000,9999.000,9999.000,9999.000,9999.000,9999.000
202606181712,   5.674,9999.000,9999.000,9999.000,9999.000,9999.000,9999.000,9999.000,9999.000
202606181718,   5.387,9999.000,9999.000,9999.000,9999.000,9999.000,9999.000,9999.000,9999.000
202606181724,   5.096,9999.000,9999.000,9999.000,9999.000,9999.000,9999.000,9999.000,9999.000
202606181730,   4.800,9999.000,9999.000,9999.000,9999.000,9999.000,9999.000,9999.000,9999.000
202606181736,   4.501,9999.000,9999.000,9999.000,9999.000,9999.000,9999.000,9999.000,9999.000
202606181742,   4.199,9999.000,9999.000,9999.000,9999.000,9999.000,9999.000,9999.000,9999.000
202606181748,   3.896,9999.000,9999.000,9999.000,9999.000,9999.000,9999.000,9999.000,9999.000
202606181754,   3.590,9999.000,9999.000,9999.000,9999.000,9999.000,9999.000,9999.000,9999.000
202606181800,   3.284,9999.000,   0.300,  -0.027,   3.557,   0.200,   3.457,   0.300,   3.557
202606181806,   2.978,9999.000,9999.000,9999.000,9999.000,9999.000,9999.000,9999.000,9999.000
202606181812,   2.672,9999.000,9999.000,9999.000,9999.000,9999.000,9999.000,9999.000,9999.000
202606181818,   2.368,9999.000,9999.000,9999.000,9999.000,9999.000,9999.000,9999.000,9999.000
202606181824,   2.066,9999.000,9999.000,9999.000,9999.000,9999.000,9999.000,9999.000,9999.000
202606181830,   1.766,9999.000,9999.000,9999.000,9999.000,9999.000,9999.000,9999.000,9999.000
202606181836,   1.470,9999.000,9999.000,9999.000,9999.000,9999.000,9999.000,9999.000,9999.000
202606181842,   1.178,9999.000,9999.000,9999.000,9999.000,9999.000,9999.000,9999.000,9999.000
202606181848,   0.892,9999.000,9999.000,9999.000,9999.000,9999.000,9999.000,9999.000,9999.000
202606181854,   0.611,9999.000,9999.000,9999.000,9999.000,9999.000,9999.000,9999.000,9999.000
202606181900,   0.336,9999.000,   0.300,   0.042,   0.678,   0.200,   0.578,   0.400,   0.778
202606181906,   0.069,9999.000,9999.000,9999.000,9999.000,9999.000,9999.000,9999.000,9999.000
202606181912,  -0.189,9999.000,9999.000,9999.000,9999.000,9999.000,9999.000,9999.000,9999.000
202606181918,  -0.439,9999.000,9999.000,9999.000,9999.000,9999.000,9999.000,9999.000,9999.000
202606181924,  -0.680,9999.000,9999.000,9999.000,9999.000,9999.000,9999.000,9999.000,9999.000
202606181930,  -0.910,9999.000,9999.000,9999.000,9999.000,9999.000,9999.000,9999.000,9999.000
202606181936,  -1.130,9999.000,9999.000,9999.000,9999.000,9999.000,9999.000,9999.000,9999.000
202606181942,  -1.338,9999.000,9999.000,9999.000,9999.000,9999.000,9999.000,9999.000,9999.000
202606181948,  -1.534,9999.000,9999.000,9999.000,9999.000,9999.000,9999.000,9999.000,9999.000
202606181954,  -1.718,9999.000,9999.000,9999.000,9999.000,9999.000,9999.000,9999.000,9999.000
202606182000,  -1.888,9999.000,   0.300,   0.131,  -1.457,   0.200,  -1.557,   0.400,  -1.357
202606182006,  -2.044,9999.000,9999.000,9999.000,9999.000,9999.000,9999.000,9999.000,9999.000
202606182012,  -2.186,9999.000,9999.000,9999.000,9999.000,9999.000,9999.000,9999.000,9999.000
202606182018,  -2.314,9999.000,9999.000,9999.000,9999.000,9999.000,9999.000,9999.000,9999.000
202606182024,  -2.426,9999.000,9999.000,9999.000,9999.000,9999.000,9999.000,9999.000,9999.000
202606182030,  -2.523,9999.000,9999.000,9999.000,9999.000,9999.000,9999.000,9999.000,9999.000
202606182036,  -2.604,9999.000,9999.000,9999.000,9999.000,9999.000,9999.000,9999.000,9999.000
202606182042,  -2.669,9999.000,9999.000,9999.000,9999.000,9999.000,9999.000,9999.000,9999.000
202606182048,  -2.718,9999.000,9999.000,9999.000,9999.000,9999.000,9999.000,9999.000,9999.000
202606182054,  -2.750,9999.000,9999.000,9999.000,9999.000,9999.000,9999.000,9999.000,9999.000
202606182100,  -2.766,9999.000,   0.300,   0.177,  -2.289,   0.300,  -2.289,   0.300,  -2.289
202606182106,  -2.765,9999.000,9999.000,9999.000,9999.000,9999.000,9999.000,9999.000,9999.000
202606182112,  -2.748,9999.000,9999.000,9999.000,9999.000,9999.000,9999.000,9999.000,9999.000
202606182118,  -2.714,9999.000,9999.000,9999.000,9999.000,9999.000,9999.000,9999.000,9999.000
202606182124,  -2.664,9999.000,9999.000,9999.000,9999.000,9999.000,9999.000,9999.000,9999.000
202606182130,  -2.597,9999.000,9999.000,9999.000,9999.000,9999.000,9999.000,9999.000,9999.000
202606182136,  -2.515,9999.000,9999.000,9999.000,9999.000,9999.000,9999.000,9999.000,9999.000
202606182142,  -2.416,9999.000,9999.000,9999.000,9999.000,9999.000,9999.000,9999.000,9999.000
202606182148,  -2.302,9999.000,9999.000,9999.000,9999.000,9999.000,9999.000,9999.000,9999.000
202606182154,  -2.173,9999.000,9999.000,9999.000,9999.000,9999.000,9999.000,9999.000,9999.000
202606182200,  -2.029,9999.000,   0.400,   0.203,  -1.426,   0.300,  -1.526,   0.400,  -1.426
202606182206,  -1.871,9999.000,9999.000,9999.000,9999.000,9999.000,9999.000,9999.000,9999.000
202606182212,  -1.699,9999.000,9999.000,9999.000,9999.000,9999.000,9999.000,9999.000,9999.000
202606182218,  -1.514,9999.000,9999.000,9999.000,9999.000,9999.000,9999.000,9999.000,9999.000
202606182224,  -1.315,9999.000,9999.000,9999.000,9999.000,9999.000,9999.000,9999.000,9999.000
202606182230,  -1.104,9999.000,9999.000,9999.000,9999.000,9999.000,9999.000,9999.000,9999.000
202606182236,  -0.882,9999.000,9999.000,9999.000,9999.000,9999.000,9999.000,9999.000,9999.000
202606182242,  -0.648,9999.000,9999.000,9999.000,9999.000,9999.000,9999.000,9999.000,9999.000
202606182248,  -0.404,9999.000,9999.000,9999.000,9999.000,9999.000,9999.000,9999.000,9999.000
202606182254,  -0.149,9999.000,9999.000,9999.000,9999.000,9999.000,9999.000,9999.000,9999.000
202606182300,   0.114,9999.000,   0.400,   0.239,   0.753,   0.300,   0.653,   0.400,   0.753
202606182306,   0.387,9999.000,9999.000,9999.000,9999.000,9999.000,9999.000,9999.000,9999.000
202606182312,   0.667,9999.000,9999.000,9999.000,9999.000,9999.000,9999.000,9999.000,9999.000
202606182318,   0.956,9999.000,9999.000,9999.000,9999.000,9999.000,9999.000,9999.000,9999.000
202606182324,   1.251,9999.000,9999.000,9999.000,9999.000,9999.000,9999.000,9999.000,9999.000
202606182330,   1.553,9999.000,9999.000,9999.000,9999.000,9999.000,9999.000,9999.000,9999.000
202606182336,   1.860,9999.000,9999.000,9999.000,9999.000,9999.000,9999.000,9999.000,9999.000
202606182342,   2.172,9999.000,9999.000,9999.000,9999.000,9999.000,9999.000,9999.000,9999.000
202606182348,   2.488,9999.000,9999.000,9999.000,9999.000,9999.000,9999.000,9999.000,9999.000
202606182354,   2.808,9999.000,9999.000,9999.000,9999.000,9999.000,9999.000,9999.000,9999.000
202606190000,   3.131,9999.000,   0.400,   0.239,   3.770,   0.300,   3.670,   0.400,   3.770
202606190006,   3.457,9999.000,9999.000,9999.000,9999.000,9999.000,9999.000,9999.000,9999.000
202606190012,   3.785,9999.000,9999.000,9999.000,9999.000,9999.000,9999.000,9999.000,9999.000
202606190018,   4.113,9999.000,9999.000,9999.000,9999.000,9999.000,9999.000,9999.000,9999.000
202606190024,   4.443,9999.000,9999.000,9999.000,9999.000,9999.000,9999.000,9999.000,9999.000
202606190030,   4.772,9999.000,9999.000,9999.000,9999.000,9999.000,9999.000,9999.000,9999.000
202606190036,   5.101,9999.000,9999.000,9999.000,9999.000,9999.000,9999.000,9999.000,9999.000
202606190042,   5.428,9999.000,9999.000,9999.000,9999.000,9999.000,9999.000,9999.000,9999.000
202606190048,   5.754,9999.000,9999.000,9999.000,9999.000,9999.000,9999.000,9999.000,9999.000
202606190054,   6.077,9999.000,9999.000,9999.000,9999.000,9999.000,9999.000,9999.000,9999.000
202606190100,   6.397,9999.000,   0.400,   0.150,   6.947,   0.300,   6.847,   0.400,   6.947
202606190106,   6.714,9999.000,9999.000,9999.000,9999.000,9999.000,9999.000,9999.000,9999.000
202606190112,   7.027,9999.000,9999.000,9999.000,9999.000,9999.000,9999.000,9999.000,9999.000
202606190118,   7.335,9999.000,9999.000,9999.000,9999.000,9999.000,9999.000,9999.000,9999.000
202606190124,   7.638,9999.000,9999.000,9999.000,9999.000,9999.000,9999.000,9999.000,9999.000
202606190130,   7.935,9999.000,9999.000,9999.000,9999.000,9999.000,9999.000,9999.000,9999.000
202606190136,   8.226,9999.000,9999.000,9999.000,9999.000,9999.000,9999.000,9999.000,9999.000
202606190142,   8.510,9999.000,9999.000,9999.000,9999.000,9999.000,9999.000,9999.000,9999.000
202606190148,   8.787,9999.000,9999.000,9999.000,9999.000,9999.000,9999.000,9999.000,9999.000
202606190154,   9.057,9999.000,9999.000,9999.000,9999.000,9999.000,9999.000,9999.000,9999.000
202606190200,   9.319,9999.000,   0.400,   0.016,   9.735,   0.300,   9.635,   0.400,   9.735
202606190206,   9.573,9999.000,9999.000,9999.000,9999.000,9999.000,9999.000,9999.000,9999.000
202606190212,   9.818,9999.000,9999.000,9999.000,9999.000,9999.000,9999.000,9999.000,9999.000
202606190218,  10.054,9999.000,9999.000,9999.000,9999.000,9999.000,9999.000,9999.000,9999.000
202606190224,  10.282,9999.000,9999.000,9999.000,9999.000,9999.000,9999.000,9999.000,9999.000
202606190230,  10.499,9999.000,9999.000,9999.000,9999.000,9999.000,9999.000,9999.000,9999.000
202606190236,  10.708,9999.000,9999.000,9999.000,9999.000,9999.000,9999.000,9999.000,9999.000
202606190242,  10.906,9999.000,9999.000,9999.000,9999.000,9999.000,9999.000,9999.000,9999.000
202606190248,  11.095,9999.000,9999.000,9999.000,9999.000,9999.000,9999.000,9999.000,9999.000
202606190254,  11.274,9999.000,9999.000,9999.000,9999.000,9999.000,9999.000,9999.000,9999.000
202606190300,  11.442,9999.000,   0.400,  -0.070,  11.772,   0.300,  11.672,   0.400,  11.772
202606190306,  11.601,9999.000,9999.000,9999.000,9999.000,9999.000,9999.000,9999.000,9999.000
202606190312,  11.749,9999.000,9999.000,9999.000,9999.000,9999.000,9999.000,9999.000,9999.000
202606190318,  11.887,9999.000,9999.000,9999.000,9999.000,9999.000,9999.000,9999.000,9999.000
202606190324,  12.015,9999.000,9999.000,9999.000,9999.000,9999.000,9999.000,9999.000,9999.000
202606190330,  12.132,9999.000,9999.000,9999.000,9999.000,9999.000,9999.000,9999.000,9999.000
202606190336,  12.239,9999.000,9999.000,9999.000,9999.000,9999.000,9999.000,9999.000,9999.000
202606190342,  12.336,9999.000,9999.000,9999.000,9999.000,9999.000,9999.000,9999.000,9999.000
202606190348,  12.422,9999.000,9999.000,9999.000,9999.000,9999.000,9999.000,9999.000,9999.000
202606190354,  12.498,9999.000,9999.000,9999.000,9999.000,9999.000,9999.000,9999.000,9999.000
202606190400,  12.565,9999.000,   0.400,  -0.094,  12.871,   0.300,  12.771,   0.400,  12.871
202606190406,  12.620,9999.000,9999.000,9999.000,9999.000,9999.000,9999.000,9999.000,9999.000
202606190412,  12.666,9999.000,9999.000,9999.000,9999.000,9999.000,9999.000,9999.000,9999.000
202606190418,  12.702,9999.000,9999.000,9999.000,9999.000,9999.000,9999.000,9999.000,9999.000
202606190424,  12.728,9999.000,9999.000,9999.000,9999.000,9999.000,9999.000,9999.000,9999.000
202606190430,  12.744,9999.000,9999.000,9999.000,9999.000,9999.000,9999.000,9999.000,9999.000
202606190436,  12.751,9999.000,9999.000,9999.000,9999.000,9999.000,9999.000,9999.000,9999.000
202606190442,  12.747,9999.000,9999.000,9999.000,9999.000,9999.000,9999.000,9999.000,9999.000
202606190448,  12.734,9999.000,9999.000,9999.000,9999.000,9999.000,9999.000,9999.000,9999.000
202606190454,  12.711,9999.000,9999.000,9999.000,9999.000,9999.000,9999.000,9999.000,9999.000
202606190500,  12.679,9999.000,   0.400,  -0.109,  12.970,   0.300,  12.870,   0.400,  12.970
202606190506,  12.638,9999.000,9999.000,9999.000,9999.000,9999.000,9999.000,9999.000,9999.000
202606190512,  12.587,9999.000,9999.000,9999.000,9999.000,9999.000,9999.000,9999.000,9999.000
202606190518,  12.527,9999.000,9999.000,9999.000,9999.000,9999.000,9999.000,9999.000,9999.000
202606190524,  12.459,9999.000,9999.000,9999.000,9999.000,9999.000,9999.000,9999.000,9999.000
202606190530,  12.381,9999.000,9999.000,9999.000,9999.000,9999.000,9999.000,9999.000,9999.000
202606190536,  12.295,9999.000,9999.000,9999.000,9999.000,9999.000,9999.000,9999.000,9999.000
202606190542,  12.201,9999.000,9999.000,9999.000,9999.000,9999.000,9999.000,9999.000,9999.000
202606190548,  12.099,9999.000,9999.000,9999.000,9999.000,9999.000,9999.000,9999.000,9999.000
202606190554,  11.989,9999.000,9999.000,9999.000,9999.000,9999.000,9999.000,9999.000,9999.000
202606190600,  11.872,9999.000,   0.400,  -0.118,  12.154,   0.300,  12.054,   0.400,  12.154
202606190606,  11.748,9999.000,9999.000,9999.000,9999.000,9999.000,9999.000,9999.000,9999.000
202606190612,  11.616,9999.000,9999.000,9999.000,9999.000,9999.000,9999.000,9999.000,9999.000
202606190618,  11.478,9999.000,9999.000,9999.000,9999.000,9999.000,9999.000,9999.000,9999.000
202606190624,  11.335,9999.000,9999.000,9999.000,9999.000,9999.000,9999.000,9999.000,9999.000
202606190630,  11.185,9999.000,9999.000,9999.000,9999.000,9999.000,9999.000,9999.000,9999.000
202606190636,  11.030,9999.000,9999.000,9999.000,9999.000,9999.000,9999.000,9999.000,9999.000
202606190642,  10.871,9999.000,9999.000,9999.000,9999.000,9999.000,9999.000,9999.000,9999.000
202606190648,  10.707,9999.000,9999.000,9999.000,9999.000,9999.000,9999.000,9999.000,9999.000
202606190654,  10.539,9999.000,9999.000,9999.000,9999.000,9999.000,9999.000,9999.000,9999.000
202606190700,  10.368,9999.000,   0.400,  -0.065,  10.703,   0.300,  10.603,   0.400,  10.703
202606190706,  10.194,9999.000,9999.000,9999.000,9999.000,9999.000,9999.000,9999.000,9999.000
202606190712,  10.018,9999.000,9999.000,9999.000,9999.000,9999.000,9999.000,9999.000,9999.000
202606190718,   9.839,9999.000,9999.000,9999.000,9999.000,9999.000,9999.000,9999.000,9999.000
202606190724,   9.660,9999.000,9999.000,9999.000,9999.000,9999.000,9999.000,9999.000,9999.000
202606190730,   9.480,9999.000,9999.000,9999.000,9999.000,9999.000,9999.000,9999.000,9999.000
202606190736,   9.299,9999.000,9999.000,9999.000,9999.000,9999.000,9999.000,9999.000,9999.000
202606190742,   9.119,9999.000,9999.000,9999.000,9999.000,9999.000,9999.000,9999.000,9999.000
202606190748,   8.940,9999.000,9999.000,9999.000,9999.000,9999.000,9999.000,9999.000,9999.000
202606190754,   8.763,9999.000,9999.000,9999.000,9999.000,9999.000,9999.000,9999.000,9999.000
202606190800,   8.587,9999.000,   0.400,   0.052,   9.039,   0.400,   9.039,   0.400,   9.039
202606190806,   8.414,9999.000,9999.000,9999.000,9999.000,9999.000,9999.000,9999.000,9999.000
202606190812,   8.244,9999.000,9999.000,9999.000,9999.000,9999.000,9999.000,9999.000,9999.000
202606190818,   8.078,9999.000,9999.000,9999.000,9999.000,9999.000,9999.000,9999.000,9999.000
202606190824,   7.916,9999.000,9999.000,9999.000,9999.000,9999.000,9999.000,9999.000,9999.000
202606190830,   7.758,9999.000,9999.000,9999.000,9999.000,9999.000,9999.000,9999.000,9999.000
202606190836,   7.606,9999.000,9999.000,9999.000,9999.000,9999.000,9999.000,9999.000,9999.000
202606190842,   7.459,9999.000,9999.000,9999.000,9999.000,9999.000,9999.000,9999.000,9999.000
202606190848,   7.318,9999.000,9999.000,9999.000,9999.000,9999.000,9999.000,9999.000,9999.000
202606190854,   7.184,9999.000,9999.000,9999.000,9999.000,9999.000,9999.000,9999.000,9999.000
202606190900,   7.056,9999.000,   0.400,   0.146,   7.602,   0.300,   7.502,   0.400,   7.602
202606190906,   6.935,9999.000,9999.000,9999.000,9999.000,9999.000,9999.000,9999.000,9999.000
202606190912,   6.822,9999.000,9999.000,9999.000,9999.000,9999.000,9999.000,9999.000,9999.000
202606190918,   6.717,9999.000,9999.000,9999.000,9999.000,9999.000,9999.000,9999.000,9999.000
202606190924,   6.619,9999.000,9999.000,9999.000,9999.000,9999.000,9999.000,9999.000,9999.000
202606190930,   6.530,9999.000,9999.000,9999.000,9999.000,9999.000,9999.000,9999.000,9999.000
202606190936,   6.449,9999.000,9999.000,9999.000,9999.000,9999.000,9999.000,9999.000,9999.000
202606190942,   6.377,9999.000,9999.000,9999.000,9999.000,9999.000,9999.000,9999.000,9999.000
202606190948,   6.313,9999.000,9999.000,9999.000,9999.000,9999.000,9999.000,9999.000,9999.000
202606190954,   6.258,9999.000,9999.000,9999.000,9999.000,9999.000,9999.000,9999.000,9999.000
202606191000,   6.212,9999.000,   0.400,   0.146,   6.758,   0.300,   6.658,   0.400,   6.758
202606191006,   6.175,9999.000,9999.000,9999.000,9999.000,9999.000,9999.000,9999.000,9999.000
202606191012,   6.147,9999.000,9999.000,9999.000,9999.000,9999.000,9999.000,9999.000,9999.000
202606191018,   6.127,9999.000,9999.000,9999.000,9999.000,9999.000,9999.000,9999.000,9999.000
202606191024,   6.116,9999.000,9999.000,9999.000,9999.000,9999.000,9999.000,9999.000,9999.000
202606191030,   6.113,9999.000,9999.000,9999.000,9999.000,9999.000,9999.000,9999.000,9999.000
202606191036,   6.119,9999.000,9999.000,9999.000,9999.000,9999.000,9999.000,9999.000,9999.000
202606191042,   6.133,9999.000,9999.000,9999.000,9999.000,9999.000,9999.000,9999.000,9999.000
202606191048,   6.155,9999.000,9999.000,9999.000,9999.000,9999.000,9999.000,9999.000,9999.000
202606191054,   6.185,9999.000,9999.000,9999.000,9999.000,9999.000,9999.000,9999.000,9999.000
202606191100,   6.222,9999.000,   0.400,   0.074,   6.696,   0.300,   6.596,   0.400,   6.696
202606191106,   6.266,9999.000,9999.000,9999.000,9999.000,9999.000,9999.000,9999.000,9999.000
202606191112,   6.318,9999.000,9999.000,9999.000,9999.000,9999.000,9999.000,9999.000,9999.000
202606191118,   6.376,9999.000,9999.000,9999.000,9999.000,9999.000,9999.000,9999.000,9999.000
202606191124,   6.440,9999.000,9999.000,9999.000,9999.000,9999.000,9999.000,9999.000,9999.000
202606191130,   6.511,9999.000,9999.000,9999.000,9999.000,9999.000,9999.000,9999.000,9999.000
202606191136,   6.587,9999.000,9999.000,9999.000,9999.000,9999.000,9999.000,9999.000,9999.000
202606191142,   6.669,9999.000,9999.000,9999.000,9999.000,9999.000,9999.000,9999.000,9999.000
202606191148,   6.756,9999.000,9999.000,9999.000,9999.000,9999.000,9999.000,9999.000,9999.000
202606191154,   6.847,9999.000,9999.000,9999.000,9999.000,9999.000,9999.000,9999.000,9999.000
202606191200,   6.943,9999.000,   0.400,   0.011,   7.354,   0.400,   7.354,   0.500,   7.454
202606191206,   7.043,9999.000,9999.000,9999.000,9999.000,9999.000,9999.000,9999.000,9999.000
202606191212,   7.146,9999.000,9999.000,9999.000,9999.000,9999.000,9999.000,9999.000,9999.000
202606191218,   7.253,9999.000,9999.000,9999.000,9999.000,9999.000,9999.000,9999.000,9999.000
202606191224,   7.362,9999.000,9999.000,9999.000,9999.000,9999.000,9999.000,9999.000,9999.000
202606191230,   7.473,9999.000,9999.000,9999.000,9999.000,9999.000,9999.000,9999.000,9999.000
202606191236,   7.587,9999.000,9999.000,9999.000,9999.000,9999.000,9999.000,9999.000,9999.000
202606191242,   7.702,9999.000,9999.000,9999.000,9999.000,9999.000,9999.000,9999.000,9999.000
202606191248,   7.818,9999.000,9999.000,9999.000,9999.000,9999.000,9999.000,9999.000,9999.000
202606191254,   7.934,9999.000,9999.000,9999.000,9999.000,9999.000,9999.000,9999.000,9999.000
202606191300,   8.051,9999.000,   0.500,   0.009,   8.560,   0.400,   8.460,   0.500,   8.560
202606191306,   8.167,9999.000,9999.000,9999.000,9999.000,9999.000,9999.000,9999.000,9999.000
202606191312,   8.282,9999.000,9999.000,9999.000,9999.000,9999.000,9999.000,9999.000,9999.000
202606191318,   8.396,9999.000,9999.000,9999.000,9999.000,9999.000,9999.000,9999.000,9999.000
202606191324,   8.508,9999.000,9999.000,9999.000,9999.000,9999.000,9999.000,9999.000,9999.000
202606191330,   8.618,9999.000,9999.000,9999.000,9999.000,9999.000,9999.000,9999.000,9999.000
202606191336,   8.725,9999.000,9999.000,9999.000,9999.000,9999.000,9999.000,9999.000,9999.000
202606191342,   8.828,9999.000,9999.000,9999.000,9999.000,9999.000,9999.000,9999.000,9999.000
202606191348,   8.928,9999.000,9999.000,9999.000,9999.000,9999.000,9999.000,9999.000,9999.000
202606191354,   9.023,9999.000,9999.000,9999.000,9999.000,9999.000,9999.000,9999.000,9999.000
202606191400,   9.113,9999.000,   0.400,   0.051,   9.564,   0.400,   9.564,   0.500,   9.664
202606191406,   9.198,9999.000,9999.000,9999.000,9999.000,9999.000,9999.000,9999.000,9999.000
202606191412,   9.278,9999.000,9999.000,9999.000,9999.000,9999.000,9999.000,9999.000,9999.000
202606191418,   9.351,9999.000,9999.000,9999.000,9999.000,9999.000,9999.000,9999.000,9999.000
202606191424,   9.417,9999.000,9999.000,9999.000,9999.000,9999.000,9999.000,9999.000,9999.000
202606191430,   9.476,9999.000,9999.000,9999.000,9999.000,9999.000,9999.000,9999.000,9999.000
202606191436,   9.528,9999.000,9999.000,9999.000,9999.000,9999.000,9999.000,9999.000,9999.000
202606191442,   9.573,9999.000,9999.000,9999.000,9999.000,9999.000,9999.000,9999.000,9999.000
202606191448,   9.609,9999.000,9999.000,9999.000,9999.000,9999.000,9999.000,9999.000,9999.000
202606191454,   9.637,9999.000,9999.000,9999.000,9999.000,9999.000,9999.000,9999.000,9999.000
202606191500,   9.656,9999.000,   0.400,   0.067,  10.123,   0.400,  10.123,   0.500,  10.223
202606191506,   9.666,9999.000,9999.000,9999.000,9999.000,9999.000,9999.000,9999.000,9999.000
202606191512,   9.668,9999.000,9999.000,9999.000,9999.000,9999.000,9999.000,9999.000,9999.000
202606191518,   9.660,9999.000,9999.000,9999.000,9999.000,9999.000,9999.000,9999.000,9999.000
202606191524,   9.643,9999.000,9999.000,9999.000,9999.000,9999.000,9999.000,9999.000,9999.000
202606191530,   9.616,9999.000,9999.000,9999.000,9999.000,9999.000,9999.000,9999.000,9999.000
202606191536,   9.580,9999.000,9999.000,9999.000,9999.000,9999.000,9999.000,9999.000,9999.000
202606191542,   9.534,9999.000,9999.000,9999.000,9999.000,9999.000,9999.000,9999.000,9999.000
202606191548,   9.479,9999.000,9999.000,9999.000,9999.000,9999.000,9999.000,9999.000,9999.000
202606191554,   9.414,9999.000,9999.000,9999.000,9999.000,9999.000,9999.000,9999.000,9999.000
202606191600,   9.340,9999.000,   0.400,   0.006,   9.746,   0.400,   9.746,   0.400,   9.746
202606191606,   9.255,9999.000,9999.000,9999.000,9999.000,9999.000,9999.000,9999.000,9999.000
202606191612,   9.162,9999.000,9999.000,9999.000,9999.000,9999.000,9999.000,9999.000,9999.000
202606191618,   9.059,9999.000,9999.000,9999.000,9999.000,9999.000,9999.000,9999.000,9999.000
202606191624,   8.946,9999.000,9999.000,9999.000,9999.000,9999.000,9999.000,9999.000,9999.000
202606191630,   8.824,9999.000,9999.000,9999.000,9999.000,9999.000,9999.000,9999.000,9999.000
202606191636,   8.693,9999.000,9999.000,9999.000,9999.000,9999.000,9999.000,9999.000,9999.000
202606191642,   8.553,9999.000,9999.000,9999.000,9999.000,9999.000,9999.000,9999.000,9999.000
202606191648,   8.404,9999.000,9999.000,9999.000,9999.000,9999.000,9999.000,9999.000,9999.000
202606191654,   8.247,9999.000,9999.000,9999.000,9999.000,9999.000,9999.000,9999.000,9999.000
202606191700,   8.080,9999.000,   0.500,  -0.091,   8.489,   0.400,   8.389,   0.500,   8.489
202606191706,   7.906,9999.000,9999.000,9999.000,9999.000,9999.000,9999.000,9999.000,9999.000
202606191712,   7.723,9999.000,9999.000,9999.000,9999.000,9999.000,9999.000,9999.000,9999.000
202606191718,   7.533,9999.000,9999.000,9999.000,9999.000,9999.000,9999.000,9999.000,9999.000
202606191724,   7.335,9999.000,9999.000,9999.000,9999.000,9999.000,9999.000,9999.000,9999.000
202606191730,   7.130,9999.000,9999.000,9999.000,9999.000,9999.000,9999.000,9999.000,9999.000
202606191736,   6.917,9999.000,9999.000,9999.000,9999.000,9999.000,9999.000,9999.000,9999.000
202606191742,   6.698,9999.000,9999.000,9999.000,9999.000,9999.000,9999.000,9999.000,9999.000
202606191748,   6.473,9999.000,9999.000,9999.000,9999.000,9999.000,9999.000,9999.000,9999.000
202606191754,   6.242,9999.000,9999.000,9999.000,9999.000,9999.000,9999.000,9999.000,9999.000
202606191800,   6.005,9999.000,   0.500,  -0.121,   6.384,   0.400,   6.284,   0.500,   6.384
202606191806,   5.763,9999.000,9999.000,9999.000,9999.000,9999.000,9999.000,9999.000,9999.000
202606191812,   5.516,9999.000,9999.000,9999.000,9999.000,9999.000,9999.000,9999.000,9999.000
202606191818,   5.265,9999.000,9999.000,9999.000,9999.000,9999.000,9999.000,9999.000,9999.000
202606191824,   5.011,9999.000,9999.000,9999.000,9999.000,9999.000,9999.000,9999.000,9999.000
202606191830,   4.754,9999.000,9999.000,9999.000,9999.000,9999.000,9999.000,9999.000,9999.000
202606191836,   4.494,9999.000,9999.000,9999.000,9999.000,9999.000,9999.000,9999.000,9999.000
202606191842,   4.231,9999.000,9999.000,9999.000,9999.000,9999.000,9999.000,9999.000,9999.000
202606191848,   3.968,9999.000,9999.000,9999.000,9999.000,9999.000,9999.000,9999.000,9999.000
202606191854,   3.704,9999.000,9999.000,9999.000,9999.000,9999.000,9999.000,9999.000,9999.000
202606191900,   3.439,9999.000,   0.500,  -0.049,   3.890,   0.400,   3.790,   0.500,   3.890
202606191906,   3.176,9999.000,9999.000,9999.000,9999.000,9999.000,9999.000,9999.000,9999.000
202606191912,   2.913,9999.000,9999.000,9999.000,9999.000,9999.000,9999.000,9999.000,9999.000
202606191918,   2.652,9999.000,9999.000,9999.000,9999.000,9999.000,9999.000,9999.000,9999.000
202606191924,   2.394,9999.000,9999.000,9999.000,9999.000,9999.000,9999.000,9999.000,9999.000
202606191930,   2.139,9999.000,9999.000,9999.000,9999.000,9999.000,9999.000,9999.000,9999.000
202606191936,   1.887,9999.000,9999.000,9999.000,9999.000,9999.000,9999.000,9999.000,9999.000
202606191942,   1.641,9999.000,9999.000,9999.000,9999.000,9999.000,9999.000,9999.000,9999.000
202606191948,   1.399,9999.000,9999.000,9999.000,9999.000,9999.000,9999.000,9999.000,9999.000
202606191954,   1.164,9999.000,9999.000,9999.000,9999.000,9999.000,9999.000,9999.000,9999.000
202606192000,   0.935,9999.000,   0.400,   0.051,   1.386,   0.400,   1.386,   0.500,   1.486
202606192006,   0.714,9999.000,9999.000,9999.000,9999.000,9999.000,9999.000,9999.000,9999.000
202606192012,   0.500,9999.000,9999.000,9999.000,9999.000,9999.000,9999.000,9999.000,9999.000
202606192018,   0.295,9999.000,9999.000,9999.000,9999.000,9999.000,9999.000,9999.000,9999.000
202606192024,   0.099,9999.000,9999.000,9999.000,9999.000,9999.000,9999.000,9999.000,9999.000
202606192030,  -0.086,9999.000,9999.000,9999.000,9999.000,9999.000,9999.000,9999.000,9999.000
202606192036,  -0.262,9999.000,9999.000,9999.000,9999.000,9999.000,9999.000,9999.000,9999.000
202606192042,  -0.426,9999.000,9999.000,9999.000,9999.000,9999.000,9999.000,9999.000,9999.000
202606192048,  -0.580,9999.000,9999.000,9999.000,9999.000,9999.000,9999.000,9999.000,9999.000
202606192054,  -0.721,9999.000,9999.000,9999.000,9999.000,9999.000,9999.000,9999.000,9999.000
202606192100,  -0.851,9999.000,   0.500,   0.116,  -0.235,   0.400,  -0.335,   0.500,  -0.235
202606192106,  -0.967,9999.000,9999.000,9999.000,9999.000,9999.000,9999.000,9999.000,9999.000
202606192112,  -1.070,9999.000,9999.000,9999.000,9999.000,9999.000,9999.000,9999.000,9999.000
202606192118,  -1.160,9999.000,9999.000,9999.000,9999.000,9999.000,9999.000,9999.000,9999.000
202606192124,  -1.236,9999.000,9999.000,9999.000,9999.000,9999.000,9999.000,9999.000,9999.000
202606192130,  -1.298,9999.000,9999.000,9999.000,9999.000,9999.000,9999.000,9999.000,9999.000
202606192136,  -1.345,9999.000,9999.000,9999.000,9999.000,9999.000,9999.000,9999.000,9999.000
202606192142,  -1.378,9999.000,9999.000,9999.000,9999.000,9999.000,9999.000,9999.000,9999.000
202606192148,  -1.397,9999.000,9999.000,9999.000,9999.000,9999.000,9999.000,9999.000,9999.000
202606192154,  -1.401,9999.000,9999.000,9999.000,9999.000,9999.000,9999.000,9999.000,9999.000
202606192200,  -1.390,9999.000,   0.500,   0.178,  -0.712,   0.500,  -0.712,   0.600,  -0.612
202606192206,  -1.365,9999.000,9999.000,9999.000,9999.000,9999.000,9999.000,9999.000,9999.000
202606192212,  -1.325,9999.000,9999.000,9999.000,9999.000,9999.000,9999.000,9999.000,9999.000
202606192218,  -1.270,9999.000,9999.000,9999.000,9999.000,9999.000,9999.000,9999.000,9999.000
202606192224,  -1.201,9999.000,9999.000,9999.000,9999.000,9999.000,9999.000,9999.000,9999.000
202606192230,  -1.118,9999.000,9999.000,9999.000,9999.000,9999.000,9999.000,9999.000,9999.000
202606192236,  -1.021,9999.000,9999.000,9999.000,9999.000,9999.000,9999.000,9999.000,9999.000
202606192242,  -0.911,9999.000,9999.000,9999.000,9999.000,9999.000,9999.000,9999.000,9999.000
202606192248,  -0.787,9999.000,9999.000,9999.000,9999.000,9999.000,9999.000,9999.000,9999.000
202606192254,  -0.650,9999.000,9999.000,9999.000,9999.000,9999.000,9999.000,9999.000,9999.000
202606192300,  -0.500,9999.000,   0.500,   0.272,   0.272,   0.400,   0.172,   0.600,   0.372
202606192306,  -0.339,9999.000,9999.000,9999.000,9999.000,9999.000,9999.000,9999.000,9999.000
202606192312,  -0.165,9999.000,9999.000,9999.000,9999.000,9999.000,9999.000,9999.000,9999.000
202606192318,   0.019,9999.000,9999.000,9999.000,9999.000,9999.000,9999.000,9999.000,9999.000
202606192324,   0.214,9999.000,9999.000,9999.000,9999.000,9999.000,9999.000,9999.000,9999.000
202606192330,   0.420,9999.000,9999.000,9999.000,9999.000,9999.000,9999.000,9999.000,9999.000
202606192336,   0.636,9999.000,9999.000,9999.000,9999.000,9999.000,9999.000,9999.000,9999.000
202606192342,   0.861,9999.000,9999.000,9999.000,9999.000,9999.000,9999.000,9999.000,9999.000
202606192348,   1.095,9999.000,9999.000,9999.000,9999.000,9999.000,9999.000,9999.000,9999.000
202606192354,   1.338,9999.000,9999.000,9999.000,9999.000,9999.000,9999.000,9999.000,9999.000
202606200000,   1.588,9999.000,   0.500,   0.337,   2.425,   0.400,   2.325,   0.500,   2.425
202606200006,   1.845,9999.000,9999.000,9999.000,9999.000,9999.000,9999.000,9999.000,9999.000
202606200012,   2.109,9999.000,9999.000,9999.000,9999.000,9999.000,9999.000,9999.000,9999.000
202606200018,   2.379,9999.000,9999.000,9999.000,9999.000,9999.000,9999.000,9999.000,9999.000
202606200024,   2.654,9999.000,9999.000,9999.000,9999.000,9999.000,9999.000,9999.000,9999.000
202606200030,   2.935,9999.000,9999.000,9999.000,9999.000,9999.000,9999.000,9999.000,9999.000
202606200036,   3.220,9999.000,9999.000,9999.000,9999.000,9999.000,9999.000,9999.000,9999.000
202606200042,   3.508,9999.000,9999.000,9999.000,9999.000,9999.000,9999.000,9999.000,9999.000
202606200048,   3.800,9999.000,9999.000,9999.000,9999.000,9999.000,9999.000,9999.000,9999.000
202606200054,   4.095,9999.000,9999.000,9999.000,9999.000,9999.000,9999.000,9999.000,9999.000
202606200100,   4.392,9999.000,   0.500,   0.296,   5.188,   0.400,   5.088,   0.500,   5.188
202606200106,   4.691,9999.000,9999.000,9999.000,9999.000,9999.000,9999.000,9999.000,9999.000
202606200112,   4.991,9999.000,9999.000,9999.000,9999.000,9999.000,9999.000,9999.000,9999.000
202606200118,   5.291,9999.000,9999.000,9999.000,9999.000,9999.000,9999.000,9999.000,9999.000
202606200124,   5.591,9999.000,9999.000,9999.000,9999.000,9999.000,9999.000,9999.000,9999.000
202606200130,   5.891,9999.000,9999.000,9999.000,9999.000,9999.000,9999.000,9999.000,9999.000
202606200136,   6.190,9999.000,9999.000,9999.000,9999.000,9999.000,9999.000,9999.000,9999.000
202606200142,   6.487,9999.000,9999.000,9999.000,9999.000,9999.000,9999.000,9999.000,9999.000
202606200148,   6.781,9999.000,9999.000,9999.000,9999.000,9999.000,9999.000,9999.000,9999.000
202606200154,   7.073,9999.000,9999.000,9999.000,9999.000,9999.000,9999.000,9999.000,9999.000
202606200200,   7.362,9999.000,   0.500,   0.180,   8.042,   0.500,   8.042,   0.600,   8.142
202606200206,   7.646,9999.000,9999.000,9999.000,9999.000,9999.000,9999.000,9999.000,9999.000
202606200212,   7.927,9999.000,9999.000,9999.000,9999.000,9999.000,9999.000,9999.000,9999.000
202606200218,   8.202,9999.000,9999.000,9999.000,9999.000,9999.000,9999.000,9999.000,9999.000
202606200224,   8.472,9999.000,9999.000,9999.000,9999.000,9999.000,9999.000,9999.000,9999.000
202606200230,   8.737,9999.000,9999.000,9999.000,9999.000,9999.000,9999.000,9999.000,9999.000
202606200236,   8.995,9999.000,9999.000,9999.000,9999.000,9999.000,9999.000,9999.000,9999.000
202606200242,   9.246,9999.000,9999.000,9999.000,9999.000,9999.000,9999.000,9999.000,9999.000
202606200248,   9.490,9999.000,9999.000,9999.000,9999.000,9999.000,9999.000,9999.000,9999.000
202606200254,   9.727,9999.000,9999.000,9999.000,9999.000,9999.000,9999.000,9999.000,9999.000
202606200300,   9.955,9999.000,   0.600,   0.076,  10.631,   0.500,  10.531,   0.600,  10.631
202606200306,  10.176,9999.000,9999.000,9999.000,9999.000,9999.000,9999.000,9999.000,9999.000
202606200312,  10.388,9999.000,9999.000,9999.000,9999.000,9999.000,9999.000,9999.000,9999.000
202606200318,  10.592,9999.000,9999.000,9999.000,9999.000,9999.000,9999.000,9999.000,9999.000
202606200324,  10.786,9999.000,9999.000,9999.000,9999.000,9999.000,9999.000,9999.000,9999.000
202606200330,  10.971,9999.000,9999.000,9999.000,9999.000,9999.000,9999.000,9999.000,9999.000
202606200336,  11.147,9999.000,9999.000,9999.000,9999.000,9999.000,9999.000,9999.000,9999.000
202606200342,  11.313,9999.000,9999.000,9999.000,9999.000,9999.000,9999.000,9999.000,9999.000
202606200348,  11.470,9999.000,9999.000,9999.000,9999.000,9999.000,9999.000,9999.000,9999.000
202606200354,  11.616,9999.000,9999.000,9999.000,9999.000,9999.000,9999.000,9999.000,9999.000
202606200400,  11.753,9999.000,   0.500,   0.006,  12.259,   0.500,  12.259,   0.600,  12.359
202606200406,  11.880,9999.000,9999.000,9999.000,9999.000,9999.000,9999.000,9999.000,9999.000
202606200412,  11.997,9999.000,9999.000,9999.000,9999.000,9999.000,9999.000,9999.000,9999.000
202606200418,  12.104,9999.000,9999.000,9999.000,9999.000,9999.000,9999.000,9999.000,9999.000
202606200424,  12.201,9999.000,9999.000,9999.000,9999.000,9999.000,9999.000,9999.000,9999.000
202606200430,  12.287,9999.000,9999.000,9999.000,9999.000,9999.000,9999.000,9999.000,9999.000
202606200436,  12.364,9999.000,9999.000,9999.000,9999.000,9999.000,9999.000,9999.000,9999.000
202606200442,  12.430,9999.000,9999.000,9999.000,9999.000,9999.000,9999.000,9999.000,9999.000
202606200448,  12.487,9999.000,9999.000,9999.000,9999.000,9999.000,9999.000,9999.000,9999.000
202606200454,  12.534,9999.000,9999.000,9999.000,9999.000,9999.000,9999.000,9999.000,9999.000
202606200500,  12.570,9999.000,   0.500,  -0.060,  13.010,   0.500,  13.010,   0.600,  13.110
202606200506,  12.597,9999.000,9999.000,9999.000,9999.000,9999.000,9999.000,9999.000,9999.000
202606200512,  12.614,9999.000,9999.000,9999.000,9999.000,9999.000,9999.000,9999.000,9999.000
202606200518,  12.620,9999.000,9999.000,9999.000,9999.000,9999.000,9999.000,9999.000,9999.000
202606200524,  12.618,9999.000,9999.000,9999.000,9999.000,9999.000,9999.000,9999.000,9999.000
202606200530,  12.605,9999.000,9999.000,9999.000,9999.000,9999.000,9999.000,9999.000,9999.000
202606200536,  12.583,9999.000,9999.000,9999.000,9999.000,9999.000,9999.000,9999.000,9999.000
202606200542,  12.551,9999.000,9999.000,9999.000,9999.000,9999.000,9999.000,9999.000,9999.000
202606200548,  12.510,9999.000,9999.000,9999.000,9999.000,9999.000,9999.000,9999.000,9999.000
202606200554,  12.460,9999.000,9999.000,9999.000,9999.000,9999.000,9999.000,9999.000,9999.000
202606200600,  12.401,9999.000,   0.500,  -0.095,  12.806,   0.400,  12.706,   0.600,  12.906
202606200606,  12.332,9999.000,9999.000,9999.000,9999.000,9999.000,9999.000,9999.000,9999.000
202606200612,  12.254,9999.000,9999.000,9999.000,9999.000,9999.000,9999.000,9999.000,9999.000
202606200618,  12.168,9999.000,9999.000,9999.000,9999.000,9999.000,9999.000,9999.000,9999.000
202606200624,  12.074,9999.000,9999.000,9999.000,9999.000,9999.000,9999.000,9999.000,9999.000
202606200630,  11.971,9999.000,9999.000,9999.000,9999.000,9999.000,9999.000,9999.000,9999.000
202606200636,  11.859,9999.000,9999.000,9999.000,9999.000,9999.000,9999.000,9999.000,9999.000
202606200642,  11.741,9999.000,9999.000,9999.000,9999.000,9999.000,9999.000,9999.000,9999.000
202606200648,  11.614,9999.000,9999.000,9999.000,9999.000,9999.000,9999.000,9999.000,9999.000
202606200654,  11.480,9999.000,9999.000,9999.000,9999.000,9999.000,9999.000,9999.000,9999.000
202606200700,  11.340,9999.000,   0.600,  -0.036,  11.904,   0.500,  11.804,   0.600,  11.904
202606200706,  11.193,9999.000,9999.000,9999.000,9999.000,9999.000,9999.000,9999.000,9999.000
202606200712,  11.039,9999.000,9999.000,9999.000,9999.000,9999.000,9999.000,9999.000,9999.000
202606200718,  10.880,9999.000,9999.000,9999.000,9999.000,9999.000,9999.000,9999.000,9999.000
202606200724,  10.715,9999.000,9999.000,9999.000,9999.000,9999.000,9999.000,9999.000,9999.000
202606200730,  10.546,9999.000,9999.000,9999.000,9999.000,9999.000,9999.000,9999.000,9999.000
202606200736,  10.372,9999.000,9999.000,9999.000,9999.000,9999.000,9999.000,9999.000,9999.000
202606200742,  10.194,9999.000,9999.000,9999.000,9999.000,9999.000,9999.000,9999.000,9999.000
202606200748,  10.012,9999.000,9999.000,9999.000,9999.000,9999.000,9999.000,9999.000,9999.000
202606200754,   9.827,9999.000,9999.000,9999.000,9999.000,9999.000,9999.000,9999.000,9999.000
202606200800,   9.639,9999.000,   0.500,   0.099,  10.238,   0.400,  10.138,   0.600,  10.338
202606200806,   9.449,9999.000,9999.000,9999.000,9999.000,9999.000,9999.000,9999.000,9999.000
202606200812,   9.258,9999.000,9999.000,9999.000,9999.000,9999.000,9999.000,9999.000,9999.000
202606200818,   9.066,9999.000,9999.000,9999.000,9999.000,9999.000,9999.000,9999.000,9999.000
202606200824,   8.873,9999.000,9999.000,9999.000,9999.000,9999.000,9999.000,9999.000,9999.000
202606200830,   8.680,9999.000,9999.000,9999.000,9999.000,9999.000,9999.000,9999.000,9999.000
202606200836,   8.488,9999.000,9999.000,9999.000,9999.000,9999.000,9999.000,9999.000,9999.000
202606200842,   8.296,9999.000,9999.000,9999.000,9999.000,9999.000,9999.000,9999.000,9999.000
202606200848,   8.107,9999.000,9999.000,9999.000,9999.000,9999.000,9999.000,9999.000,9999.000
202606200854,   7.919,9999.000,9999.000,9999.000,9999.000,9999.000,9999.000,9999.000,9999.000
202606200900,   7.734,9999.000,   0.500,   0.202,   8.436,   0.400,   8.336,   0.600,   8.536
202606200906,   7.552,9999.000,9999.000,9999.000,9999.000,9999.000,9999.000,9999.000,9999.000
202606200912,   7.374,9999.000,9999.000,9999.000,9999.000,9999.000,9999.000,9999.000,9999.000
202606200918,   7.200,9999.000,9999.000,9999.000,9999.000,9999.000,9999.000,9999.000,9999.000
202606200924,   7.031,9999.000,9999.000,9999.000,9999.000,9999.000,9999.000,9999.000,9999.000
202606200930,   6.866,9999.000,9999.000,9999.000,9999.000,9999.000,9999.000,9999.000,9999.000
202606200936,   6.707,9999.000,9999.000,9999.000,9999.000,9999.000,9999.000,9999.000,9999.000
202606200942,   6.555,9999.000,9999.000,9999.000,9999.000,9999.000,9999.000,9999.000,9999.000
202606200948,   6.408,9999.000,9999.000,9999.000,9999.000,9999.000,9999.000,9999.000,9999.000
202606200954,   6.268,9999.000,9999.000,9999.000,9999.000,9999.000,9999.000,9999.000,9999.000
202606201000,   6.135,9999.000,   0.500,   0.191,   6.826,   0.400,   6.726,   0.500,   6.826
202606201006,   6.009,9999.000,9999.000,9999.000,9999.000,9999.000,9999.000,9999.000,9999.000
202606201012,   5.891,9999.000,9999.000,9999.000,9999.000,9999.000,9999.000,9999.000,9999.000
202606201018,   5.781,9999.000,9999.000,9999.000,9999.000,9999.000,9999.000,9999.000,9999.000
202606201024,   5.679,9999.000,9999.000,9999.000,9999.000,9999.000,9999.000,9999.000,9999.000
202606201030,   5.585,9999.000,9999.000,9999.000,9999.000,9999.000,9999.000,9999.000,9999.000
202606201036,   5.500,9999.000,9999.000,9999.000,9999.000,9999.000,9999.000,9999.000,9999.000
202606201042,   5.423,9999.000,9999.000,9999.000,9999.000,9999.000,9999.000,9999.000,9999.000
202606201048,   5.355,9999.000,9999.000,9999.000,9999.000,9999.000,9999.000,9999.000,9999.000
202606201054,   5.296,9999.000,9999.000,9999.000,9999.000,9999.000,9999.000,9999.000,9999.000
202606201100,   5.245,9999.000,   0.400,   0.082,   5.727,   0.400,   5.727,   0.500,   5.827
202606201106,   5.203,9999.000,9999.000,9999.000,9999.000,9999.000,9999.000,9999.000,9999.000
202606201112,   5.169,9999.000,9999.000,9999.000,9999.000,9999.000,9999.000,9999.000,9999.000
202606201118,   5.144,9999.000,9999.000,9999.000,9999.000,9999.000,9999.000,9999.000,9999.000
202606201124,   5.128,9999.000,9999.000,9999.000,9999.000,9999.000,9999.000,9999.000,9999.000
202606201130,   5.120,9999.000,9999.000,9999.000,9999.000,9999.000,9999.000,9999.000,9999.000
202606201136,   5.120,9999.000,9999.000,9999.000,9999.000,9999.000,9999.000,9999.000,9999.000
202606201142,   5.129,9999.000,9999.000,9999.000,9999.000,9999.000,9999.000,9999.000,9999.000
202606201148,   5.145,9999.000,9999.000,9999.000,9999.000,9999.000,9999.000,9999.000,9999.000
202606201154,   5.169,9999.000,9999.000,9999.000,9999.000,9999.000,9999.000,9999.000,9999.000
202606201200,   5.201,9999.000,   0.500,  -0.044,   5.657,   0.400,   5.557,   0.600,   5.757
202606201206,   5.239,9999.000,9999.000,9999.000,9999.000,9999.000,9999.000,9999.000,9999.000
202606201212,   5.285,9999.000,9999.000,9999.000,9999.000,9999.000,9999.000,9999.000,9999.000
202606201218,   5.338,9999.000,9999.000,9999.000,9999.000,9999.000,9999.000,9999.000,9999.000
202606201224,   5.397,9999.000,9999.000,9999.000,9999.000,9999.000,9999.000,9999.000,9999.000
202606201230,   5.462,9999.000,9999.000,9999.000,9999.000,9999.000,9999.000,9999.000,9999.000
202606201236,   5.533,9999.000,9999.000,9999.000,9999.000,9999.000,9999.000,9999.000,9999.000
202606201242,   5.610,9999.000,9999.000,9999.000,9999.000,9999.000,9999.000,9999.000,9999.000
202606201248,   5.692,9999.000,9999.000,9999.000,9999.000,9999.000,9999.000,9999.000,9999.000
202606201254,   5.779,9999.000,9999.000,9999.000,9999.000,9999.000,9999.000,9999.000,9999.000
202606201300,   5.871,9999.000,   0.500,  -0.109,   6.262,   0.400,   6.162,   0.500,   6.262
202606201306,   5.967,9999.000,9999.000,9999.000,9999.000,9999.000,9999.000,9999.000,9999.000
202606201312,   6.067,9999.000,9999.000,9999.000,9999.000,9999.000,9999.000,9999.000,9999.000
202606201318,   6.171,9999.000,9999.000,9999.000,9999.000,9999.000,9999.000,9999.000,9999.000
202606201324,   6.278,9999.000,9999.000,9999.000,9999.000,9999.000,9999.000,9999.000,9999.000
202606201330,   6.387,9999.000,9999.000,9999.000,9999.000,9999.000,9999.000,9999.000,9999.000
202606201336,   6.499,9999.000,9999.000,9999.000,9999.000,9999.000,9999.000,9999.000,9999.000
202606201342,   6.613,9999.000,9999.000,9999.000,9999.000,9999.000,9999.000,9999.000,9999.000
202606201348,   6.729,9999.000,9999.000,9999.000,9999.000,9999.000,9999.000,9999.000,9999.000
202606201354,   6.846,9999.000,9999.000,9999.000,9999.000,9999.000,9999.000,9999.000,9999.000
202606201400,   6.963,9999.000,   0.400,  -0.089,   7.274,   0.400,   7.274,   0.500,   7.374
202606201406,   7.080,9999.000,9999.000,9999.000,9999.000,9999.000,9999.000,9999.000,9999.000
202606201412,   7.198,9999.000,9999.000,9999.000,9999.000,9999.000,9999.000,9999.000,9999.000
202606201418,   7.314,9999.000,9999.000,9999.000,9999.000,9999.000,9999.000,9999.000,9999.000
202606201424,   7.429,9999.000,9999.000,9999.000,9999.000,9999.000,9999.000,9999.000,9999.000
202606201430,   7.542,9999.000,9999.000,9999.000,9999.000,9999.000,9999.000,9999.000,9999.000
202606201436,   7.653,9999.000,9999.000,9999.000,9999.000,9999.000,9999.000,9999.000,9999.000
202606201442,   7.762,9999.000,9999.000,9999.000,9999.000,9999.000,9999.000,9999.000,9999.000
202606201448,   7.867,9999.000,9999.000,9999.000,9999.000,9999.000,9999.000,9999.000,9999.000
202606201454,   7.968,9999.000,9999.000,9999.000,9999.000,9999.000,9999.000,9999.000,9999.000
202606201500,   8.065,9999.000,   0.400,  -0.046,   8.419,   0.300,   8.319,   0.500,   8.519
202606201506,   8.158,9999.000,9999.000,9999.000,9999.000,9999.000,9999.000,9999.000,9999.000
202606201512,   8.245,9999.000,9999.000,9999.000,9999.000,9999.000,9999.000,9999.000,9999.000
202606201518,   8.327,9999.000,9999.000,9999.000,9999.000,9999.000,9999.000,9999.000,9999.000
202606201524,   8.403,9999.000,9999.000,9999.000,9999.000,9999.000,9999.000,9999.000,9999.000
202606201530,   8.473,9999.000,9999.000,9999.000,9999.000,9999.000,9999.000,9999.000,9999.000
202606201536,   8.536,9999.000,9999.000,9999.000,9999.000,9999.000,9999.000,9999.000,9999.000
202606201542,   8.593,9999.000,9999.000,9999.000,9999.000,9999.000,9999.000,9999.000,9999.000
202606201548,   8.642,9999.000,9999.000,9999.000,9999.000,9999.000,9999.000,9999.000,9999.000
202606201554,   8.684,9999.000,9999.000,9999.000,9999.000,9999.000,9999.000,9999.000,9999.000
202606201600,   8.718,9999.000,   0.400,  -0.064,   9.054,   0.300,   8.954,   0.500,   9.154
202606201606,   8.745,9999.000,9999.000,9999.000,9999.000,9999.000,9999.000,9999.000,9999.000
202606201612,   8.763,9999.000,9999.000,9999.000,9999.000,9999.000,9999.000,9999.000,9999.000
202606201618,   8.773,9999.000,9999.000,9999.000,9999.000,9999.000,9999.000,9999.000,9999.000
202606201624,   8.775,9999.000,9999.000,9999.000,9999.000,9999.000,9999.000,9999.000,9999.000
202606201630,   8.769,9999.000,9999.000,9999.000,9999.000,9999.000,9999.000,9999.000,9999.000
202606201636,   8.754,9999.000,9999.000,9999.000,9999.000,9999.000,9999.000,9999.000,9999.000
202606201642,   8.730,9999.000,9999.000,9999.000,9999.000,9999.000,9999.000,9999.000,9999.000
202606201648,   8.699,9999.000,9999.000,9999.000,9999.000,9999.000,9999.000,9999.000,9999.000
202606201654,   8.658,9999.000,9999.000,9999.000,9999.000,9999.000,9999.000,9999.000,9999.000
202606201700,   8.609,9999.000,   0.500,  -0.138,   8.971,   0.400,   8.871,   0.600,   9.071
202606201706,   8.552,9999.000,9999.000,9999.000,9999.000,9999.000,9999.000,9999.000,9999.000
202606201712,   8.486,9999.000,9999.000,9999.000,9999.000,9999.000,9999.000,9999.000,9999.000
202606201718,   8.412,9999.000,9999.000,9999.000,9999.000,9999.000,9999.000,9999.000,9999.000
202606201724,   8.329,9999.000,9999.000,9999.000,9999.000,9999.000,9999.000,9999.000,9999.000
202606201730,   8.239,9999.000,9999.000,9999.000,9999.000,9999.000,9999.000,9999.000,9999.000
202606201736,   8.140,9999.000,9999.000,9999.000,9999.000,9999.000,9999.000,9999.000,9999.000
202606201742,   8.033,9999.000,9999.000,9999.000,9999.000,9999.000,9999.000,9999.000,9999.000
202606201748,   7.919,9999.000,9999.000,9999.000,9999.000,9999.000,9999.000,9999.000,9999.000
202606201754,   7.797,9999.000,9999.000,9999.000,9999.000,9999.000,9999.000,9999.000,9999.000
202606201800,   7.667,9999.000,   0.400,  -0.169,   7.898,   0.400,   7.898,   0.500,   7.998
202606201806,   7.530,9999.000,9999.000,9999.000,9999.000,9999.000,9999.000,9999.000,9999.000
202606201812,   7.386,9999.000,9999.000,9999.000,9999.000,9999.000,9999.000,9999.000,9999.000
202606201818,   7.235,9999.000,9999.000,9999.000,9999.000,9999.000,9999.000,9999.000,9999.000
202606201824,   7.078,9999.000,9999.000,9999.000,9999.000,9999.000,9999.000,9999.000,9999.000
202606201830,   6.914,9999.000,9999.000,9999.000,9999.000,9999.000,9999.000,9999.000,9999.000
202606201836,   6.744,9999.000,9999.000,9999.000,9999.000,9999.000,9999.000,9999.000,9999.000
202606201842,   6.568,9999.000,9999.000,9999.000,9999.000,9999.000,9999.000,9999.000,9999.000
202606201848,   6.387,9999.000,9999.000,9999.000,9999.000,9999.000,9999.000,9999.000,9999.000
202606201854,   6.200,9999.000,9999.000,9999.000,9999.000,9999.000,9999.000,9999.000,9999.000
202606201900,   6.009,9999.000,   0.400,  -0.106,   6.303,   0.400,   6.303,   0.500,   6.403
202606201906,   5.814,9999.000,9999.000,9999.000,9999.000,9999.000,9999.000,9999.000,9999.000
202606201912,   5.614,9999.000,9999.000,9999.000,9999.000,9999.000,9999.000,9999.000,9999.000
202606201918,   5.411,9999.000,9999.000,9999.000,9999.000,9999.000,9999.000,9999.000,9999.000
202606201924,   5.206,9999.000,9999.000,9999.000,9999.000,9999.000,9999.000,9999.000,9999.000
202606201930,   4.997,9999.000,9999.000,9999.000,9999.000,9999.000,9999.000,9999.000,9999.000
202606201936,   4.787,9999.000,9999.000,9999.000,9999.000,9999.000,9999.000,9999.000,9999.000
202606201942,   4.575,9999.000,9999.000,9999.000,9999.000,9999.000,9999.000,9999.000,9999.000
202606201948,   4.362,9999.000,9999.000,9999.000,9999.000,9999.000,9999.000,9999.000,9999.000
202606201954,   4.149,9999.000,9999.000,9999.000,9999.000,9999.000,9999.000,9999.000,9999.000
202606202000,   3.936,9999.000,   0.400,  -0.010,   4.326,   0.400,   4.326,   0.500,   4.426
202606202006,   3.723,9999.000,9999.000,9999.000,9999.000,9999.000,9999.000,9999.000,9999.000
202606202012,   3.512,9999.000,9999.000,9999.000,9999.000,9999.000,9999.000,9999.000,9999.000
202606202018,   3.303,9999.000,9999.000,9999.000,9999.000,9999.000,9999.000,9999.000,9999.000
202606202024,   3.096,9999.000,9999.000,9999.000,9999.000,9999.000,9999.000,9999.000,9999.000
202606202030,   2.893,9999.000,9999.000,9999.000,9999.000,9999.000,9999.000,9999.000,9999.000
202606202036,   2.693,9999.000,9999.000,9999.000,9999.000,9999.000,9999.000,9999.000,9999.000
202606202042,   2.497,9999.000,9999.000,9999.000,9999.000,9999.000,9999.000,9999.000,9999.000
202606202048,   2.306,9999.000,9999.000,9999.000,9999.000,9999.000,9999.000,9999.000,9999.000
202606202054,   2.121,9999.000,9999.000,9999.000,9999.000,9999.000,9999.000,9999.000,9999.000
202606202100,   1.941,9999.000,   0.500,   0.060,   2.501,   0.400,   2.401,   0.600,   2.601
202606202106,   1.769,9999.000,9999.000,9999.000,9999.000,9999.000,9999.000,9999.000,9999.000
202606202112,   1.603,9999.000,9999.000,9999.000,9999.000,9999.000,9999.000,9999.000,9999.000
202606202118,   1.445,9999.000,9999.000,9999.000,9999.000,9999.000,9999.000,9999.000,9999.000
202606202124,   1.295,9999.000,9999.000,9999.000,9999.000,9999.000,9999.000,9999.000,9999.000
202606202130,   1.154,9999.000,9999.000,9999.000,9999.000,9999.000,9999.000,9999.000,9999.000
202606202136,   1.022,9999.000,9999.000,9999.000,9999.000,9999.000,9999.000,9999.000,9999.000
202606202142,   0.899,9999.000,9999.000,9999.000,9999.000,9999.000,9999.000,9999.000,9999.000
202606202148,   0.786,9999.000,9999.000,9999.000,9999.000,9999.000,9999.000,9999.000,9999.000
202606202154,   0.684,9999.000,9999.000,9999.000,9999.000,9999.000,9999.000,9999.000,9999.000
202606202200,   0.593,9999.000,   0.500,   0.141,   1.234,   0.400,   1.134,   0.600,   1.334
202606202206,   0.512,9999.000,9999.000,9999.000,9999.000,9999.000,9999.000,9999.000,9999.000
202606202212,   0.443,9999.000,9999.000,9999.000,9999.000,9999.000,9999.000,9999.000,9999.000
202606202218,   0.386,9999.000,9999.000,9999.000,9999.000,9999.000,9999.000,9999.000,9999.000
202606202224,   0.340,9999.000,9999.000,9999.000,9999.000,9999.000,9999.000,9999.000,9999.000
202606202230,   0.307,9999.000,9999.000,9999.000,9999.000,9999.000,9999.000,9999.000,9999.000
202606202236,   0.286,9999.000,9999.000,9999.000,9999.000,9999.000,9999.000,9999.000,9999.000
202606202242,   0.277,9999.000,9999.000,9999.000,9999.000,9999.000,9999.000,9999.000,9999.000
202606202248,   0.280,9999.000,9999.000,9999.000,9999.000,9999.000,9999.000,9999.000,9999.000
202606202254,   0.296,9999.000,9999.000,9999.000,9999.000,9999.000,9999.000,9999.000,9999.000
202606202300,   0.324,9999.000,   0.500,   0.271,   1.095,   0.400,   0.995,   0.600,   1.195
202606202306,   0.365,9999.000,9999.000,9999.000,9999.000,9999.000,9999.000,9999.000,9999.000
202606202312,   0.418,9999.000,9999.000,9999.000,9999.000,9999.000,9999.000,9999.000,9999.000
202606202318,   0.483,9999.000,9999.000,9999.000,9999.000,9999.000,9999.000,9999.000,9999.000
202606202324,   0.560,9999.000,9999.000,9999.000,9999.000,9999.000,9999.000,9999.000,9999.000
202606202330,   0.649,9999.000,9999.000,9999.000,9999.000,9999.000,9999.000,9999.000,9999.000
202606202336,   0.749,9999.000,9999.000,9999.000,9999.000,9999.000,9999.000,9999.000,9999.000
202606202342,   0.861,9999.000,9999.000,9999.000,9999.000,9999.000,9999.000,9999.000,9999.000
202606202348,   0.983,9999.000,9999.000,9999.000,9999.000,9999.000,9999.000,9999.000,9999.000
202606202354,   1.117,9999.000,9999.000,9999.000,9999.000,9999.000,9999.000,9999.000,9999.000
202606210000,   1.261,9999.000,   0.500,   0.386,   2.147,   0.400,   2.047,   0.600,   2.247
202606210006,   1.415,9999.000,9999.000,9999.000,9999.000,9999.000,9999.000,9999.000,9999.000
202606210012,   1.578,9999.000,9999.000,9999.000,9999.000,9999.000,9999.000,9999.000,9999.000
202606210018,   1.751,9999.000,9999.000,9999.000,9999.000,9999.000,9999.000,9999.000,9999.000
202606210024,   1.933,9999.000,9999.000,9999.000,9999.000,9999.000,9999.000,9999.000,9999.000
202606210030,   2.123,9999.000,9999.000,9999.000,9999.000,9999.000,9999.000,9999.000,9999.000
202606210036,   2.321,9999.000,9999.000,9999.000,9999.000,9999.000,9999.000,9999.000,9999.000
202606210042,   2.527,9999.000,9999.000,9999.000,9999.000,9999.000,9999.000,9999.000,9999.000
202606210048,   2.740,9999.000,9999.000,9999.000,9999.000,9999.000,9999.000,9999.000,9999.000
202606210054,   2.960,9999.000,9999.000,9999.000,9999.000,9999.000,9999.000,9999.000,9999.000
202606210100,   3.186,9999.000,   0.500,   0.398,   4.084,   0.400,   3.984,   0.600,   4.184
202606210106,   3.418,9999.000,9999.000,9999.000,9999.000,9999.000,9999.000,9999.000,9999.000
202606210112,   3.656,9999.000,9999.000,9999.000,9999.000,9999.000,9999.000,9999.000,9999.000
202606210118,   3.898,9999.000,9999.000,9999.000,9999.000,9999.000,9999.000,9999.000,9999.000
202606210124,   4.144,9999.000,9999.000,9999.000,9999.000,9999.000,9999.000,9999.000,9999.000
202606210130,   4.395,9999.000,9999.000,9999.000,9999.000,9999.000,9999.000,9999.000,9999.000
202606210136,   4.649,9999.000,9999.000,9999.000,9999.000,9999.000,9999.000,9999.000,9999.000
202606210142,   4.907,9999.000,9999.000,9999.000,9999.000,9999.000,9999.000,9999.000,9999.000
202606210148,   5.166,9999.000,9999.000,9999.000,9999.000,9999.000,9999.000,9999.000,9999.000
202606210154,   5.428,9999.000,9999.000,9999.000,9999.000,9999.000,9999.000,9999.000,9999.000
202606210200,   5.692,9999.000,   0.500,   0.315,   6.507,   0.400,   6.407,   0.600,   6.607
202606210206,   5.956,9999.000,9999.000,9999.000,9999.000,9999.000,9999.000,9999.000,9999.000
202606210212,   6.221,9999.000,9999.000,9999.000,9999.000,9999.000,9999.000,9999.000,9999.000
202606210218,   6.486,9999.000,9999.000,9999.000,9999.000,9999.000,9999.000,9999.000,9999.000
202606210224,   6.751,9999.000,9999.000,9999.000,9999.000,9999.000,9999.000,9999.000,9999.000
202606210230,   7.015,9999.000,9999.000,9999.000,9999.000,9999.000,9999.000,9999.000,9999.000
202606210236,   7.277,9999.000,9999.000,9999.000,9999.000,9999.000,9999.000,9999.000,9999.000
202606210242,   7.537,9999.000,9999.000,9999.000,9999.000,9999.000,9999.000,9999.000,9999.000
202606210248,   7.795,9999.000,9999.000,9999.000,9999.000,9999.000,9999.000,9999.000,9999.000
202606210254,   8.050,9999.000,9999.000,9999.000,9999.000,9999.000,9999.000,9999.000,9999.000
202606210300,   8.301,9999.000,   0.500,   0.205,   9.006,   0.400,   8.906,   0.600,   9.106
202606210306,   8.549,9999.000,9999.000,9999.000,9999.000,9999.000,9999.000,9999.000,9999.000
202606210312,   8.791,9999.000,9999.000,9999.000,9999.000,9999.000,9999.000,9999.000,9999.000
202606210318,   9.029,9999.000,9999.000,9999.000,9999.000,9999.000,9999.000,9999.000,9999.000
202606210324,   9.262,9999.000,9999.000,9999.000,9999.000,9999.000,9999.000,9999.000,9999.000
202606210330,   9.488,9999.000,9999.000,9999.000,9999.000,9999.000,9999.000,9999.000,9999.000
202606210336,   9.708,9999.000,9999.000,9999.000,9999.000,9999.000,9999.000,9999.000,9999.000
202606210342,   9.922,9999.000,9999.000,9999.000,9999.000,9999.000,9999.000,9999.000,9999.000
202606210348,  10.129,9999.000,9999.000,9999.000,9999.000,9999.000,9999.000,9999.000,9999.000
202606210354,  10.328,9999.000,9999.000,9999.000,9999.000,9999.000,9999.000,9999.000,9999.000
202606210400,  10.519,9999.000,   0.500,   0.092,  11.111,   0.400,  11.011,   0.500,  11.111
202606210406,  10.703,9999.000,9999.000,9999.000,9999.000,9999.000,9999.000,9999.000,9999.000
202606210412,  10.878,9999.000,9999.000,9999.000,9999.000,9999.000,9999.000,9999.000,9999.000
202606210418,  11.044,9999.000,9999.000,9999.000,9999.000,9999.000,9999.000,9999.000,9999.000
202606210424,  11.202,9999.000,9999.000,9999.000,9999.000,9999.000,9999.000,9999.000,9999.000
202606210430,  11.351,9999.000,9999.000,9999.000,9999.000,9999.000,9999.000,9999.000,9999.000
202606210436,  11.490,9999.000,9999.000,9999.000,9999.000,9999.000,9999.000,9999.000,9999.000
202606210442,  11.621,9999.000,9999.000,9999.000,9999.000,9999.000,9999.000,9999.000,9999.000
202606210448,  11.742,9999.000,9999.000,9999.000,9999.000,9999.000,9999.000,9999.000,9999.000
202606210454,  11.854,9999.000,9999.000,9999.000,9999.000,9999.000,9999.000,9999.000,9999.000
202606210500,  11.956,9999.000,   0.500,  -0.022,  12.434,   0.400,  12.334,   0.500,  12.434
202606210506,  12.048,9999.000,9999.000,9999.000,9999.000,9999.000,9999.000,9999.000,9999.000
202606210512,  12.131,9999.000,9999.000,9999.000,9999.000,9999.000,9999.000,9999.000,9999.000
202606210518,  12.204,9999.000,9999.000,9999.000,9999.000,9999.000,9999.000,9999.000,9999.000
202606210524,  12.267,9999.000,9999.000,9999.000,9999.000,9999.000,9999.000,9999.000,9999.000
202606210530,  12.321,9999.000,9999.000,9999.000,9999.000,9999.000,9999.000,9999.000,9999.000
202606210536,  12.365,9999.000,9999.000,9999.000,9999.000,9999.000,9999.000,9999.000,9999.000
202606210542,  12.399,9999.000,9999.000,9999.000,9999.000,9999.000,9999.000,9999.000,9999.000
202606210548,  12.424,9999.000,9999.000,9999.000,9999.000,9999.000,9999.000,9999.000,9999.000
202606210554,  12.439,9999.000,9999.000,9999.000,9999.000,9999.000,9999.000,9999.000,9999.000
202606210600,  12.444,9999.000,   0.500,  -0.080,  12.864,   0.400,  12.764,   0.500,  12.864
202606210606,  12.440,9999.000,9999.000,9999.000,9999.000,9999.000,9999.000,9999.000,9999.000
202606210612,  12.426,9999.000,9999.000,9999.000,9999.000,9999.000,9999.000,9999.000,9999.000
202606210618,  12.403,9999.000,9999.000,9999.000,9999.000,9999.000,9999.000,9999.000,9999.000
202606210624,  12.370,9999.000,9999.000,9999.000,9999.000,9999.000,9999.000,9999.000,9999.000
202606210630,  12.328,9999.000,9999.000,9999.000,9999.000,9999.000,9999.000,9999.000,9999.000
202606210636,  12.277,9999.000,9999.000,9999.000,9999.000,9999.000,9999.000,9999.000,9999.000
202606210642,  12.217,9999.000,9999.000,9999.000,9999.000,9999.000,9999.000,9999.000,9999.000
202606210648,  12.148,9999.000,9999.000,9999.000,9999.000,9999.000,9999.000,9999.000,9999.000
202606210654,  12.069,9999.000,9999.000,9999.000,9999.000,9999.000,9999.000,9999.000,9999.000
202606210700,  11.982,9999.000,   0.500,  -0.024,  12.458,   0.400,  12.358,   0.600,  12.558
202606210706,  11.886,9999.000,9999.000,9999.000,9999.000,9999.000,9999.000,9999.000,9999.000
202606210712,  11.782,9999.000,9999.000,9999.000,9999.000,9999.000,9999.000,9999.000,9999.000
202606210718,  11.670,9999.000,9999.000,9999.000,9999.000,9999.000,9999.000,9999.000,9999.000
202606210724,  11.549,9999.000,9999.000,9999.000,9999.000,9999.000,9999.000,9999.000,9999.000
202606210730,  11.421,9999.000,9999.000,9999.000,9999.000,9999.000,9999.000,9999.000,9999.000
202606210736,  11.285,9999.000,9999.000,9999.000,9999.000,9999.000,9999.000,9999.000,9999.000
202606210742,  11.142,9999.000,9999.000,9999.000,9999.000,9999.000,9999.000,9999.000,9999.000
202606210748,  10.992,9999.000,9999.000,9999.000,9999.000,9999.000,9999.000,9999.000,9999.000
202606210754,  10.836,9999.000,9999.000,9999.000,9999.000,9999.000,9999.000,9999.000,9999.000
202606210800,  10.673,9999.000,   0.400,   0.114,  11.187,   0.300,  11.087,   0.500,  11.287
202606210806,  10.504,9999.000,9999.000,9999.000,9999.000,9999.000,9999.000,9999.000,9999.000
202606210812,  10.329,9999.000,9999.000,9999.000,9999.000,9999.000,9999.000,9999.000,9999.000
202606210818,  10.149,9999.000,9999.000,9999.000,9999.000,9999.000,9999.000,9999.000,9999.000
202606210824,   9.965,9999.000,9999.000,9999.000,9999.000,9999.000,9999.000,9999.000,9999.000
202606210830,   9.776,9999.000,9999.000,9999.000,9999.000,9999.000,9999.000,9999.000,9999.000
202606210836,   9.584,9999.000,9999.000,9999.000,9999.000,9999.000,9999.000,9999.000,9999.000
202606210842,   9.388,9999.000,9999.000,9999.000,9999.000,9999.000,9999.000,9999.000,9999.000
202606210848,   9.189,9999.000,9999.000,9999.000,9999.000,9999.000,9999.000,9999.000,9999.000
202606210854,   8.987,9999.000,9999.000,9999.000,9999.000,9999.000,9999.000,9999.000,9999.000
202606210900,   8.784,9999.000,   0.400,   0.222,   9.406,   0.300,   9.306,   0.400,   9.406
202606210906,   8.579,9999.000,9999.000,9999.000,9999.000,9999.000,9999.000,9999.000,9999.000
202606210912,   8.374,9999.000,9999.000,9999.000,9999.000,9999.000,9999.000,9999.000,9999.000
202606210918,   8.167,9999.000,9999.000,9999.000,9999.000,9999.000,9999.000,9999.000,9999.000
202606210924,   7.961,9999.000,9999.000,9999.000,9999.000,9999.000,9999.000,9999.000,9999.000
202606210930,   7.756,9999.000,9999.000,9999.000,9999.000,9999.000,9999.000,9999.000,9999.000
202606210936,   7.551,9999.000,9999.000,9999.000,9999.000,9999.000,9999.000,9999.000,9999.000
202606210942,   7.349,9999.000,9999.000,9999.000,9999.000,9999.000,9999.000,9999.000,9999.000
202606210948,   7.148,9999.000,9999.000,9999.000,9999.000,9999.000,9999.000,9999.000,9999.000
202606210954,   6.950,9999.000,9999.000,9999.000,9999.000,9999.000,9999.000,9999.000,9999.000
202606211000,   6.755,9999.000,   0.400,   0.218,   7.373,   0.300,   7.273,   0.500,   7.473
202606211006,   6.564,9999.000,9999.000,9999.000,9999.000,9999.000,9999.000,9999.000,9999.000
202606211012,   6.377,9999.000,9999.000,9999.000,9999.000,9999.000,9999.000,9999.000,9999.000
202606211018,   6.195,9999.000,9999.000,9999.000,9999.000,9999.000,9999.000,9999.000,9999.000
202606211024,   6.017,9999.000,9999.000,9999.000,9999.000,9999.000,9999.000,9999.000,9999.000
202606211030,   5.845,9999.000,9999.000,9999.000,9999.000,9999.000,9999.000,9999.000,9999.000
202606211036,   5.679,9999.000,9999.000,9999.000,9999.000,9999.000,9999.000,9999.000,9999.000
202606211042,   5.519,9999.000,9999.000,9999.000,9999.000,9999.000,9999.000,9999.000,9999.000
202606211048,   5.365,9999.000,9999.000,9999.000,9999.000,9999.000,9999.000,9999.000,9999.000
202606211054,   5.219,9999.000,9999.000,9999.000,9999.000,9999.000,9999.000,9999.000,9999.000
202606211100,   5.079,9999.000,   0.400,   0.102,   5.581,   0.300,   5.481,   0.400,   5.581
202606211106,   4.948,9999.000,9999.000,9999.000,9999.000,9999.000,9999.000,9999.000,9999.000
202606211112,   4.824,9999.000,9999.000,9999.000,9999.000,9999.000,9999.000,9999.000,9999.000
202606211118,   4.708,9999.000,9999.000,9999.000,9999.000,9999.000,9999.000,9999.000,9999.000
202606211124,   4.600,9999.000,9999.000,9999.000,9999.000,9999.000,9999.000,9999.000,9999.000
202606211130,   4.500,9999.000,9999.000,9999.000,9999.000,9999.000,9999.000,9999.000,9999.000
202606211136,   4.410,9999.000,9999.000,9999.000,9999.000,9999.000,9999.000,9999.000,9999.000
202606211142,   4.327,9999.000,9999.000,9999.000,9999.000,9999.000,9999.000,9999.000,9999.000
202606211148,   4.254,9999.000,9999.000,9999.000,9999.000,9999.000,9999.000,9999.000,9999.000
202606211154,   4.189,9999.000,9999.000,9999.000,9999.000,9999.000,9999.000,9999.000,9999.000
202606211200,   4.133,9999.000,   0.400,  -0.065,   4.468,   0.300,   4.368,   0.400,   4.468
202606211206,   4.085,9999.000,9999.000,9999.000,9999.000,9999.000,9999.000,9999.000,9999.000
202606211212,   4.047,9999.000,9999.000,9999.000,9999.000,9999.000,9999.000,9999.000,9999.000
202606211218,   4.017,9999.000,9999.000,9999.000,9999.000,9999.000,9999.000,9999.000,9999.000
202606211224,   3.995,9999.000,9999.000,9999.000,9999.000,9999.000,9999.000,9999.000,9999.000
202606211230,   3.983,9999.000,9999.000,9999.000,9999.000,9999.000,9999.000,9999.000,9999.000
202606211236,   3.978,9999.000,9999.000,9999.000,9999.000,9999.000,9999.000,9999.000,9999.000
202606211242,   3.982,9999.000,9999.000,9999.000,9999.000,9999.000,9999.000,9999.000,9999.000
202606211248,   3.994,9999.000,9999.000,9999.000,9999.000,9999.000,9999.000,9999.000,9999.000
202606211254,   4.013,9999.000,9999.000,9999.000,9999.000,9999.000,9999.000,9999.000,9999.000
202606211300,   4.041,9999.000,   0.400,  -0.187,   4.254,   0.300,   4.154,   0.400,   4.254
202606211306,   4.076,9999.000,9999.000,9999.000,9999.000,9999.000,9999.000,9999.000,9999.000
202606211312,   4.118,9999.000,9999.000,9999.000,9999.000,9999.000,9999.000,9999.000,9999.000
202606211318,   4.167,9999.000,9999.000,9999.000,9999.000,9999.000,9999.000,9999.000,9999.000
202606211324,   4.224,9999.000,9999.000,9999.000,9999.000,9999.000,9999.000,9999.000,9999.000
202606211330,   4.286,9999.000,9999.000,9999.000,9999.000,9999.000,9999.000,9999.000,9999.000
202606211336,   4.356,9999.000,9999.000,9999.000,9999.000,9999.000,9999.000,9999.000,9999.000
202606211342,   4.431,9999.000,9999.000,9999.000,9999.000,9999.000,9999.000,9999.000,9999.000
202606211348,   4.512,9999.000,9999.000,9999.000,9999.000,9999.000,9999.000,9999.000,9999.000
202606211354,   4.599,9999.000,9999.000,9999.000,9999.000,9999.000,9999.000,9999.000,9999.000
202606211400,   4.691,9999.000,   0.400,  -0.195,   4.896,   0.300,   4.796,   0.400,   4.896
202606211406,   4.787,9999.000,9999.000,9999.000,9999.000,9999.000,9999.000,9999.000,9999.000
202606211412,   4.889,9999.000,9999.000,9999.000,9999.000,9999.000,9999.000,9999.000,9999.000
202606211418,   4.994,9999.000,9999.000,9999.000,9999.000,9999.000,9999.000,9999.000,9999.000
202606211424,   5.103,9999.000,9999.000,9999.000,9999.000,9999.000,9999.000,9999.000,9999.000
202606211430,   5.216,9999.000,9999.000,9999.000,9999.000,9999.000,9999.000,9999.000,9999.000
202606211436,   5.332,9999.000,9999.000,9999.000,9999.000,9999.000,9999.000,9999.000,9999.000
202606211442,   5.450,9999.000,9999.000,9999.000,9999.000,9999.000,9999.000,9999.000,9999.000
202606211448,   5.571,9999.000,9999.000,9999.000,9999.000,9999.000,9999.000,9999.000,9999.000
202606211454,   5.693,9999.000,9999.000,9999.000,9999.000,9999.000,9999.000,9999.000,9999.000
202606211500,   5.817,9999.000,   0.400,  -0.127,   6.090,   0.300,   5.990,   0.400,   6.090
202606211506,   5.941,9999.000,9999.000,9999.000,9999.000,9999.000,9999.000,9999.000,9999.000
202606211512,   6.066,9999.000,9999.000,9999.000,9999.000,9999.000,9999.000,9999.000,9999.000
202606211518,   6.191,9999.000,9999.000,9999.000,9999.000,9999.000,9999.000,9999.000,9999.000
202606211524,   6.315,9999.000,9999.000,9999.000,9999.000,9999.000,9999.000,9999.000,9999.000
202606211530,   6.438,9999.000,9999.000,9999.000,9999.000,9999.000,9999.000,9999.000,9999.000
202606211536,   6.559,9999.000,9999.000,9999.000,9999.000,9999.000,9999.000,9999.000,9999.000
202606211542,   6.678,9999.000,9999.000,9999.000,9999.000,9999.000,9999.000,9999.000,9999.000
202606211548,   6.795,9999.000,9999.000,9999.000,9999.000,9999.000,9999.000,9999.000,9999.000
202606211554,   6.909,9999.000,9999.000,9999.000,9999.000,9999.000,9999.000,9999.000,9999.000
202606211600,   7.019,9999.000,   0.400,  -0.094,   7.325,   0.300,   7.225,   0.400,   7.325
202606211606,   7.126,9999.000,9999.000,9999.000,9999.000,9999.000,9999.000,9999.000,9999.000
202606211612,   7.228,9999.000,9999.000,9999.000,9999.000,9999.000,9999.000,9999.000,9999.000
202606211618,   7.326,9999.000,9999.000,9999.000,9999.000,9999.000,9999.000,9999.000,9999.000
202606211624,   7.419,9999.000,9999.000,9999.000,9999.000,9999.000,9999.000,9999.000,9999.000
202606211630,   7.506,9999.000,9999.000,9999.000,9999.000,9999.000,9999.000,9999.000,9999.000
202606211636,   7.588,9999.000,9999.000,9999.000,9999.000,9999.000,9999.000,9999.000,9999.000
202606211642,   7.664,9999.000,9999.000,9999.000,9999.000,9999.000,9999.000,9999.000,9999.000
202606211648,   7.734,9999.000,9999.000,9999.000,9999.000,9999.000,9999.000,9999.000,9999.000
202606211654,   7.797,9999.000,9999.000,9999.000,9999.000,9999.000,9999.000,9999.000,9999.000
202606211700,   7.854,9999.000,   0.400,   0.076,   8.330,   0.300,   8.230,   0.500,   8.430
202606211706,   7.904,9999.000,9999.000,9999.000,9999.000,9999.000,9999.000,9999.000,9999.000
202606211712,   7.948,9999.000,9999.000,9999.000,9999.000,9999.000,9999.000,9999.000,9999.000
202606211718,   7.984,9999.000,9999.000,9999.000,9999.000,9999.000,9999.000,9999.000,9999.000
202606211724,   8.013,9999.000,9999.000,9999.000,9999.000,9999.000,9999.000,9999.000,9999.000
202606211730,   8.035,9999.000,9999.000,9999.000,9999.000,9999.000,9999.000,9999.000,9999.000
202606211736,   8.050,9999.000,9999.000,9999.000,9999.000,9999.000,9999.000,9999.000,9999.000
202606211742,   8.057,9999.000,9999.000,9999.000,9999.000,9999.000,9999.000,9999.000,9999.000
202606211748,   8.057,9999.000,9999.000,9999.000,9999.000,9999.000,9999.000,9999.000,9999.000
202606211754,   8.050,9999.000,9999.000,9999.000,9999.000,9999.000,9999.000,9999.000,9999.000
202606211800,   8.035,9999.000,   0.400,   0.076,   8.511,   0.400,   8.511,   0.500,   8.611
