        TIME,    TIDE,      OB,   SURGE,    BIAS,     TWL,SURGE90p,  TWL90p,SURGE10p,   TWL10p
202605271200,   5.887,   6.638,   0.400,   0.351,   6.638,   0.400,   6.638,   0.400,   6.638
202605271206,   5.996,9999.000,9999.000,9999.000,9999.000,9999.000,9999.000,9999.000,9999.000
202605271212,   6.102,   6.838,9999.000,9999.000,9999.000,9999.000,9999.000,9999.000,9999.000
202605271218,   6.205,9999.000,9999.000,9999.000,9999.000,9999.000,9999.000,9999.000,9999.000
202605271224,   6.305,   6.999,9999.000,9999.000,9999.000,9999.000,9999.000,9999.000,9999.000
202605271230,   6.403,9999.000,9999.000,9999.000,9999.000,9999.000,9999.000,9999.000,9999.000
202605271236,   6.497,   7.107,9999.000,9999.000,9999.000,9999.000,9999.000,9999.000,9999.000
202605271242,   6.587,9999.000,9999.000,9999.000,9999.000,9999.000,9999.000,9999.000,9999.000
202605271248,   6.674,   7.166,9999.000,9999.000,9999.000,9999.000,9999.000,9999.000,9999.000
202605271254,   6.757,9999.000,9999.000,9999.000,9999.000,9999.000,9999.000,9999.000,9999.000
202605271300,   6.835,   7.219,   0.400,  -0.016,   7.219,   0.400,   7.219,   0.400,   7.219
202605271306,   6.909,   7.229,9999.000,9999.000,9999.000,9999.000,9999.000,9999.000,9999.000
202605271312,   6.976,   7.238,9999.000,9999.000,9999.000,9999.000,9999.000,9999.000,9999.000
202605271318,   7.038,   7.248,9999.000,9999.000,9999.000,9999.000,9999.000,9999.000,9999.000
202605271324,   7.092,   7.248,9999.000,9999.000,9999.000,9999.000,9999.000,9999.000,9999.000
202605271330,   7.138,   7.248,9999.000,9999.000,9999.000,9999.000,9999.000,9999.000,9999.000
202605271336,   7.177,   7.248,9999.000,9999.000,9999.000,9999.000,9999.000,9999.000,9999.000
202605271342,   7.206,   7.238,9999.000,9999.000,9999.000,9999.000,9999.000,9999.000,9999.000
202605271348,   7.226,   7.238,9999.000,9999.000,9999.000,9999.000,9999.000,9999.000,9999.000
202605271354,   7.235,   7.229,9999.000,9999.000,9999.000,9999.000,9999.000,9999.000,9999.000
202605271400,   7.234,   7.219,   0.400,  -0.415,   7.219,   0.400,   7.219,   0.500,   7.319
202605271406,   7.221,   7.209,9999.000,9999.000,9999.000,9999.000,9999.000,9999.000,9999.000
202605271412,   7.197,   7.209,9999.000,9999.000,9999.000,9999.000,9999.000,9999.000,9999.000
202605271418,   7.161,   7.199,9999.000,9999.000,9999.000,9999.000,9999.000,9999.000,9999.000
202605271424,   7.113,   7.176,9999.000,9999.000,9999.000,9999.000,9999.000,9999.000,9999.000
202605271430,   7.053,   7.166,9999.000,9999.000,9999.000,9999.000,9999.000,9999.000,9999.000
202605271436,   6.981,   7.147,9999.000,9999.000,9999.000,9999.000,9999.000,9999.000,9999.000
202605271442,   6.896,   7.107,9999.000,9999.000,9999.000,9999.000,9999.000,9999.000,9999.000
202605271448,   6.800,   7.068,9999.000,9999.000,9999.000,9999.000,9999.000,9999.000,9999.000
202605271454,   6.693,   7.019,9999.000,9999.000,9999.000,9999.000,9999.000,9999.000,9999.000
202605271500,   6.574,   6.966,   0.400,  -0.008,   6.966,   0.400,   6.966,   0.500,   7.066
202605271506,   6.446,   6.907,9999.000,9999.000,9999.000,9999.000,9999.000,9999.000,9999.000
202605271512,   6.307,   6.819,9999.000,9999.000,9999.000,9999.000,9999.000,9999.000,9999.000
202605271518,   6.160,   6.746,9999.000,9999.000,9999.000,9999.000,9999.000,9999.000,9999.000
202605271524,   6.004,   6.648,9999.000,9999.000,9999.000,9999.000,9999.000,9999.000,9999.000
202605271530,   5.841,   6.537,9999.000,9999.000,9999.000,9999.000,9999.000,9999.000,9999.000
202605271536,   5.672,   6.418,9999.000,9999.000,9999.000,9999.000,9999.000,9999.000,9999.000
202605271542,   5.498,   6.297,9999.000,9999.000,9999.000,9999.000,9999.000,9999.000,9999.000
202605271548,   5.320,   6.159,9999.000,9999.000,9999.000,9999.000,9999.000,9999.000,9999.000
202605271554,   5.139,   6.018,9999.000,9999.000,9999.000,9999.000,9999.000,9999.000,9999.000
202605271600,   4.955,   5.858,   0.400,   0.503,   5.858,   0.400,   5.858,   0.500,   5.958
202605271606,   4.771,   5.687,9999.000,9999.000,9999.000,9999.000,9999.000,9999.000,9999.000
202605271612,   4.587,   5.507,9999.000,9999.000,9999.000,9999.000,9999.000,9999.000,9999.000
202605271618,   4.404,   5.329,9999.000,9999.000,9999.000,9999.000,9999.000,9999.000,9999.000
202605271624,   4.223,   5.139,9999.000,9999.000,9999.000,9999.000,9999.000,9999.000,9999.000
202605271630,   4.045,   4.939,9999.000,9999.000,9999.000,9999.000,9999.000,9999.000,9999.000
202605271636,   3.870,   4.729,9999.000,9999.000,9999.000,9999.000,9999.000,9999.000,9999.000
202605271642,   3.701,   4.529,9999.000,9999.000,9999.000,9999.000,9999.000,9999.000,9999.000
202605271648,   3.536,   4.329,9999.000,9999.000,9999.000,9999.000,9999.000,9999.000,9999.000
202605271654,   3.377,   4.119,9999.000,9999.000,9999.000,9999.000,9999.000,9999.000,9999.000
202605271700,   3.223,   3.909,   0.400,   0.286,   3.909,   0.400,   3.909,   0.500,   4.009
202605271706,   3.076,   3.680,9999.000,9999.000,9999.000,9999.000,9999.000,9999.000,9999.000
202605271712,   2.935,   3.470,9999.000,9999.000,9999.000,9999.000,9999.000,9999.000,9999.000
202605271718,   2.801,   3.289,9999.000,9999.000,9999.000,9999.000,9999.000,9999.000,9999.000
202605271724,   2.673,   3.099,9999.000,9999.000,9999.000,9999.000,9999.000,9999.000,9999.000
202605271730,   2.551,   2.899,9999.000,9999.000,9999.000,9999.000,9999.000,9999.000,9999.000
202605271736,   2.435,   2.719,9999.000,9999.000,9999.000,9999.000,9999.000,9999.000,9999.000
202605271742,   2.325,   2.538,9999.000,9999.000,9999.000,9999.000,9999.000,9999.000,9999.000
202605271748,   2.219,   2.400,9999.000,9999.000,9999.000,9999.000,9999.000,9999.000,9999.000
202605271754,   2.119,   2.250,9999.000,9999.000,9999.000,9999.000,9999.000,9999.000,9999.000
202605271800,   2.022,   2.118,   0.400,  -0.304,   2.118,   0.300,   2.018,   0.400,   2.118
202605271806,   1.929,   2.000,9999.000,9999.000,9999.000,9999.000,9999.000,9999.000,9999.000
202605271812,   1.839,   1.869,9999.000,9999.000,9999.000,9999.000,9999.000,9999.000,9999.000
202605271818,   1.751,   1.781,9999.000,9999.000,9999.000,9999.000,9999.000,9999.000,9999.000
202605271824,   1.666,   1.679,9999.000,9999.000,9999.000,9999.000,9999.000,9999.000,9999.000
202605271830,   1.583,   1.600,9999.000,9999.000,9999.000,9999.000,9999.000,9999.000,9999.000
202605271836,   1.501,   1.528,9999.000,9999.000,9999.000,9999.000,9999.000,9999.000,9999.000
202605271842,   1.420,   1.459,9999.000,9999.000,9999.000,9999.000,9999.000,9999.000,9999.000
202605271848,   1.341,   1.410,9999.000,9999.000,9999.000,9999.000,9999.000,9999.000,9999.000
202605271854,   1.263,   1.380,9999.000,9999.000,9999.000,9999.000,9999.000,9999.000,9999.000
202605271900,   1.186,   1.380,   0.400,  -0.206,   1.380,   0.300,   1.280,   0.400,   1.380
202605271906,   1.111,   1.361,9999.000,9999.000,9999.000,9999.000,9999.000,9999.000,9999.000
202605271912,   1.038,   1.371,9999.000,9999.000,9999.000,9999.000,9999.000,9999.000,9999.000
202605271918,   0.968,   1.361,9999.000,9999.000,9999.000,9999.000,9999.000,9999.000,9999.000
202605271924,   0.901,   1.361,9999.000,9999.000,9999.000,9999.000,9999.000,9999.000,9999.000
202605271930,   0.838,   1.371,9999.000,9999.000,9999.000,9999.000,9999.000,9999.000,9999.000
202605271936,   0.780,   1.380,9999.000,9999.000,9999.000,9999.000,9999.000,9999.000,9999.000
202605271942,   0.729,   1.390,9999.000,9999.000,9999.000,9999.000,9999.000,9999.000,9999.000
202605271948,   0.684,   1.400,9999.000,9999.000,9999.000,9999.000,9999.000,9999.000,9999.000
202605271954,   0.647,   1.420,9999.000,9999.000,9999.000,9999.000,9999.000,9999.000,9999.000
202605272000,   0.620,   1.430,   0.400,   0.410,   1.430,   0.300,   1.330,   0.400,   1.430
202605272006,   0.603,   1.449,9999.000,9999.000,9999.000,9999.000,9999.000,9999.000,9999.000
202605272012,   0.596,   1.479,9999.000,9999.000,9999.000,9999.000,9999.000,9999.000,9999.000
202605272018,   0.603,   1.479,9999.000,9999.000,9999.000,9999.000,9999.000,9999.000,9999.000
202605272024,   0.622,   1.508,9999.000,9999.000,9999.000,9999.000,9999.000,9999.000,9999.000
202605272030,   0.654,   1.518,9999.000,9999.000,9999.000,9999.000,9999.000,9999.000,9999.000
202605272036,   0.702,   1.571,9999.000,9999.000,9999.000,9999.000,9999.000,9999.000,9999.000
202605272042,   0.764,   1.639,9999.000,9999.000,9999.000,9999.000,9999.000,9999.000,9999.000
202605272048,   0.841,   1.679,9999.000,9999.000,9999.000,9999.000,9999.000,9999.000,9999.000
202605272054,   0.933,   1.767,9999.000,9999.000,9999.000,9999.000,9999.000,9999.000,9999.000
202605272100,   1.041,   1.849,   0.400,   0.408,   1.849,   0.300,   1.749,   0.500,   1.949
202605272106,   1.163,   1.908,9999.000,9999.000,9999.000,9999.000,9999.000,9999.000,9999.000
202605272112,   1.300,   2.010,9999.000,9999.000,9999.000,9999.000,9999.000,9999.000,9999.000
202605272118,   1.451,   2.128,9999.000,9999.000,9999.000,9999.000,9999.000,9999.000,9999.000
202605272124,   1.615,   2.230,9999.000,9999.000,9999.000,9999.000,9999.000,9999.000,9999.000
202605272130,   1.791,   2.358,9999.000,9999.000,9999.000,9999.000,9999.000,9999.000,9999.000
202605272136,   1.978,   2.499,9999.000,9999.000,9999.000,9999.000,9999.000,9999.000,9999.000
202605272142,   2.174,   2.640,9999.000,9999.000,9999.000,9999.000,9999.000,9999.000,9999.000
202605272148,   2.379,   2.797,9999.000,9999.000,9999.000,9999.000,9999.000,9999.000,9999.000
202605272154,   2.591,   2.978,9999.000,9999.000,9999.000,9999.000,9999.000,9999.000,9999.000
202605272200,   2.809,   3.158,   0.400,  -0.051,   3.158,   0.300,   3.058,   0.500,   3.258
202605272206,   3.031,   3.339,9999.000,9999.000,9999.000,9999.000,9999.000,9999.000,9999.000
202605272212,   3.255,   3.548,9999.000,9999.000,9999.000,9999.000,9999.000,9999.000,9999.000
202605272218,   3.480,   3.758,9999.000,9999.000,9999.000,9999.000,9999.000,9999.000,9999.000
202605272224,   3.706,   3.968,9999.000,9999.000,9999.000,9999.000,9999.000,9999.000,9999.000
202605272230,   3.930,   4.198,9999.000,9999.000,9999.000,9999.000,9999.000,9999.000,9999.000
202605272236,   4.151,   4.437,9999.000,9999.000,9999.000,9999.000,9999.000,9999.000,9999.000
202605272242,   4.369,   4.667,9999.000,9999.000,9999.000,9999.000,9999.000,9999.000,9999.000
202605272248,   4.581,   4.910,9999.000,9999.000,9999.000,9999.000,9999.000,9999.000,9999.000
202605272254,   4.789,   5.129,9999.000,9999.000,9999.000,9999.000,9999.000,9999.000,9999.000
202605272300,   4.990,   5.359,   0.400,  -0.031,   5.359,   0.300,   5.259,   0.500,   5.459
202605272306,   5.184,   5.589,9999.000,9999.000,9999.000,9999.000,9999.000,9999.000,9999.000
202605272312,   5.371,   5.838,9999.000,9999.000,9999.000,9999.000,9999.000,9999.000,9999.000
202605272318,   5.551,   6.067,9999.000,9999.000,9999.000,9999.000,9999.000,9999.000,9999.000
202605272324,   5.723,   6.277,9999.000,9999.000,9999.000,9999.000,9999.000,9999.000,9999.000
202605272330,   5.888,   6.497,9999.000,9999.000,9999.000,9999.000,9999.000,9999.000,9999.000
202605272336,   6.046,   6.687,9999.000,9999.000,9999.000,9999.000,9999.000,9999.000,9999.000
202605272342,   6.196,   6.897,9999.000,9999.000,9999.000,9999.000,9999.000,9999.000,9999.000
202605272348,   6.339,   7.048,9999.000,9999.000,9999.000,9999.000,9999.000,9999.000,9999.000
202605272354,   6.476,   7.248,9999.000,9999.000,9999.000,9999.000,9999.000,9999.000,9999.000
202605280000,   6.607,   7.399,   0.500,   0.292,   7.399,   0.400,   7.299,   0.500,   7.399
202605280006,   6.732,   7.557,9999.000,9999.000,9999.000,9999.000,9999.000,9999.000,9999.000
202605280012,   6.851,   7.678,9999.000,9999.000,9999.000,9999.000,9999.000,9999.000,9999.000
202605280018,   6.966,   7.796,9999.000,9999.000,9999.000,9999.000,9999.000,9999.000,9999.000
202605280024,   7.075,   7.917,9999.000,9999.000,9999.000,9999.000,9999.000,9999.000,9999.000
202605280030,   7.181,   8.006,9999.000,9999.000,9999.000,9999.000,9999.000,9999.000,9999.000
202605280036,   7.282,   8.098,9999.000,9999.000,9999.000,9999.000,9999.000,9999.000,9999.000
202605280042,   7.379,   8.167,9999.000,9999.000,9999.000,9999.000,9999.000,9999.000,9999.000
202605280048,   7.472,   8.239,9999.000,9999.000,9999.000,9999.000,9999.000,9999.000,9999.000
202605280054,   7.561,   8.288,9999.000,9999.000,9999.000,9999.000,9999.000,9999.000,9999.000
202605280100,   7.646,   8.327,   0.500,   0.181,   8.327,   0.400,   8.227,   0.500,   8.327
202605280106,   7.726,   8.367,9999.000,9999.000,9999.000,9999.000,9999.000,9999.000,9999.000
202605280112,   7.802,   8.416,9999.000,9999.000,9999.000,9999.000,9999.000,9999.000,9999.000
202605280118,   7.873,   8.439,9999.000,9999.000,9999.000,9999.000,9999.000,9999.000,9999.000
202605280124,   7.938,   8.488,9999.000,9999.000,9999.000,9999.000,9999.000,9999.000,9999.000
202605280130,   7.997,   8.508,9999.000,9999.000,9999.000,9999.000,9999.000,9999.000,9999.000
202605280136,   8.050,   8.537,9999.000,9999.000,9999.000,9999.000,9999.000,9999.000,9999.000
202605280142,   8.096,   8.567,9999.000,9999.000,9999.000,9999.000,9999.000,9999.000,9999.000
202605280148,   8.134,   8.596,9999.000,9999.000,9999.000,9999.000,9999.000,9999.000,9999.000
202605280154,   8.163,   8.616,9999.000,9999.000,9999.000,9999.000,9999.000,9999.000,9999.000
202605280200,   8.183,   8.636,   0.500,  -0.047,   8.636,   0.400,   8.536,   0.500,   8.636
202605280206,   8.194,   8.636,9999.000,9999.000,9999.000,9999.000,9999.000,9999.000,9999.000
202605280212,   8.195,   8.649,9999.000,9999.000,9999.000,9999.000,9999.000,9999.000,9999.000
202605280218,   8.184,   8.659,9999.000,9999.000,9999.000,9999.000,9999.000,9999.000,9999.000
202605280224,   8.163,   8.626,9999.000,9999.000,9999.000,9999.000,9999.000,9999.000,9999.000
202605280230,   8.130,   8.616,9999.000,9999.000,9999.000,9999.000,9999.000,9999.000,9999.000
202605280236,   8.084,   8.587,9999.000,9999.000,9999.000,9999.000,9999.000,9999.000,9999.000
202605280242,   8.027,   8.557,9999.000,9999.000,9999.000,9999.000,9999.000,9999.000,9999.000
202605280248,   7.957,   8.518,9999.000,9999.000,9999.000,9999.000,9999.000,9999.000,9999.000
202605280254,   7.874,   8.478,9999.000,9999.000,9999.000,9999.000,9999.000,9999.000,9999.000
202605280300,   7.779,   8.416,   0.500,   0.137,   8.416,   0.500,   8.416,   0.600,   8.516
202605280306,   7.671,   8.357,9999.000,9999.000,9999.000,9999.000,9999.000,9999.000,9999.000
202605280312,   7.552,   8.288,9999.000,9999.000,9999.000,9999.000,9999.000,9999.000,9999.000
202605280318,   7.421,   8.196,9999.000,9999.000,9999.000,9999.000,9999.000,9999.000,9999.000
202605280324,   7.278,   8.098,9999.000,9999.000,9999.000,9999.000,9999.000,9999.000,9999.000
202605280330,   7.125,   7.976,9999.000,9999.000,9999.000,9999.000,9999.000,9999.000,9999.000
202605280336,   6.962,   7.849,9999.000,9999.000,9999.000,9999.000,9999.000,9999.000,9999.000
202605280342,   6.789,   7.698,9999.000,9999.000,9999.000,9999.000,9999.000,9999.000,9999.000
202605280348,   6.609,   7.537,9999.000,9999.000,9999.000,9999.000,9999.000,9999.000,9999.000
202605280354,   6.420,   7.366,9999.000,9999.000,9999.000,9999.000,9999.000,9999.000,9999.000
202605280400,   6.225,   7.189,   0.600,   0.364,   7.189,   0.500,   7.089,   0.600,   7.189
202605280406,   6.025,   6.989,9999.000,9999.000,9999.000,9999.000,9999.000,9999.000,9999.000
202605280412,   5.820,   6.789,9999.000,9999.000,9999.000,9999.000,9999.000,9999.000,9999.000
202605280418,   5.612,   6.579,9999.000,9999.000,9999.000,9999.000,9999.000,9999.000,9999.000
202605280424,   5.402,   6.359,9999.000,9999.000,9999.000,9999.000,9999.000,9999.000,9999.000
202605280430,   5.190,   6.127,9999.000,9999.000,9999.000,9999.000,9999.000,9999.000,9999.000
202605280436,   4.978,   5.887,9999.000,9999.000,9999.000,9999.000,9999.000,9999.000,9999.000
202605280442,   4.767,   5.648,9999.000,9999.000,9999.000,9999.000,9999.000,9999.000,9999.000
202605280448,   4.558,   5.408,9999.000,9999.000,9999.000,9999.000,9999.000,9999.000,9999.000
202605280454,   4.352,   5.159,9999.000,9999.000,9999.000,9999.000,9999.000,9999.000,9999.000
202605280500,   4.149,   4.900,   0.600,   0.151,   4.900,   0.500,   4.800,   0.600,   4.900
202605280506,   3.950,   4.647,9999.000,9999.000,9999.000,9999.000,9999.000,9999.000,9999.000
202605280512,   3.756,   4.398,9999.000,9999.000,9999.000,9999.000,9999.000,9999.000,9999.000
202605280518,   3.567,   4.168,9999.000,9999.000,9999.000,9999.000,9999.000,9999.000,9999.000
202605280524,   3.385,   3.929,9999.000,9999.000,9999.000,9999.000,9999.000,9999.000,9999.000
202605280530,   3.208,   3.699,9999.000,9999.000,9999.000,9999.000,9999.000,9999.000,9999.000
202605280536,   3.037,   3.499,9999.000,9999.000,9999.000,9999.000,9999.000,9999.000,9999.000
202605280542,   2.873,   3.299,9999.000,9999.000,9999.000,9999.000,9999.000,9999.000,9999.000
202605280548,   2.716,   3.079,9999.000,9999.000,9999.000,9999.000,9999.000,9999.000,9999.000
202605280554,   2.564,   2.899,9999.000,9999.000,9999.000,9999.000,9999.000,9999.000,9999.000
202605280600,   2.418,   2.699,   0.600,  -0.319,   2.699,   0.600,   2.699,   0.700,   2.799
202605280606,   2.278,   2.528,9999.000,9999.000,9999.000,9999.000,9999.000,9999.000,9999.000
202605280612,   2.143,   2.368,9999.000,9999.000,9999.000,9999.000,9999.000,9999.000,9999.000
202605280618,   2.013,   2.200,9999.000,9999.000,9999.000,9999.000,9999.000,9999.000,9999.000
202605280624,   1.887,   2.059,9999.000,9999.000,9999.000,9999.000,9999.000,9999.000,9999.000
202605280630,   1.765,   1.918,9999.000,9999.000,9999.000,9999.000,9999.000,9999.000,9999.000
202605280636,   1.647,   1.800,9999.000,9999.000,9999.000,9999.000,9999.000,9999.000,9999.000
202605280642,   1.531,   1.708,9999.000,9999.000,9999.000,9999.000,9999.000,9999.000,9999.000
202605280648,   1.417,   1.610,9999.000,9999.000,9999.000,9999.000,9999.000,9999.000,9999.000
202605280654,   1.306,   1.528,9999.000,9999.000,9999.000,9999.000,9999.000,9999.000,9999.000
202605280700,   1.196,   1.459,   0.600,  -0.337,   1.459,   0.600,   1.459,   0.700,   1.559
202605280706,   1.088,   1.410,9999.000,9999.000,9999.000,9999.000,9999.000,9999.000,9999.000
202605280712,   0.981,   1.361,9999.000,9999.000,9999.000,9999.000,9999.000,9999.000,9999.000
202605280718,   0.876,   1.328,9999.000,9999.000,9999.000,9999.000,9999.000,9999.000,9999.000
202605280724,   0.773,   1.289,9999.000,9999.000,9999.000,9999.000,9999.000,9999.000,9999.000
202605280730,   0.671,   1.269,9999.000,9999.000,9999.000,9999.000,9999.000,9999.000,9999.000
202605280736,   0.572,   1.249,9999.000,9999.000,9999.000,9999.000,9999.000,9999.000,9999.000
202605280742,   0.475,   1.229,9999.000,9999.000,9999.000,9999.000,9999.000,9999.000,9999.000
202605280748,   0.382,   1.200,9999.000,9999.000,9999.000,9999.000,9999.000,9999.000,9999.000
202605280754,   0.294,   1.190,9999.000,9999.000,9999.000,9999.000,9999.000,9999.000,9999.000
202605280800,   0.210,   1.161,   0.600,   0.351,   1.161,   0.500,   1.061,   0.700,   1.261
202605280806,   0.133,   1.118,9999.000,9999.000,9999.000,9999.000,9999.000,9999.000,9999.000
202605280812,   0.063,   1.098,9999.000,9999.000,9999.000,9999.000,9999.000,9999.000,9999.000
202605280818,   0.001,   1.069,9999.000,9999.000,9999.000,9999.000,9999.000,9999.000,9999.000
202605280824,  -0.051,   1.039,9999.000,9999.000,9999.000,9999.000,9999.000,9999.000,9999.000
202605280830,  -0.093,   1.000,9999.000,9999.000,9999.000,9999.000,9999.000,9999.000,9999.000
202605280836,  -0.124,   0.970,9999.000,9999.000,9999.000,9999.000,9999.000,9999.000,9999.000
202605280842,  -0.143,   0.941,9999.000,9999.000,9999.000,9999.000,9999.000,9999.000,9999.000
202605280848,  -0.148,   0.908,9999.000,9999.000,9999.000,9999.000,9999.000,9999.000,9999.000
202605280854,  -0.139,   0.888,9999.000,9999.000,9999.000,9999.000,9999.000,9999.000,9999.000
202605280900,  -0.116,   0.869,   0.600,   0.385,   0.869,   0.500,   0.769,   0.700,   0.969
202605280906,  -0.078,   0.859,9999.000,9999.000,9999.000,9999.000,9999.000,9999.000,9999.000
202605280912,  -0.024,   0.849,9999.000,9999.000,9999.000,9999.000,9999.000,9999.000,9999.000
202605280918,   0.045,   0.849,9999.000,9999.000,9999.000,9999.000,9999.000,9999.000,9999.000
202605280924,   0.130,   0.839,9999.000,9999.000,9999.000,9999.000,9999.000,9999.000,9999.000
202605280930,   0.231,   0.869,9999.000,9999.000,9999.000,9999.000,9999.000,9999.000,9999.000
202605280936,   0.347,   0.908,9999.000,9999.000,9999.000,9999.000,9999.000,9999.000,9999.000
202605280942,   0.477,   0.961,9999.000,9999.000,9999.000,9999.000,9999.000,9999.000,9999.000
202605280948,   0.621,   1.039,9999.000,9999.000,9999.000,9999.000,9999.000,9999.000,9999.000
202605280954,   0.779,   1.118,9999.000,9999.000,9999.000,9999.000,9999.000,9999.000,9999.000
202605281000,   0.948,   1.229,   0.700,  -0.419,   1.229,   0.600,   1.129,   0.700,   1.229
202605281006,   1.127,   1.361,9999.000,9999.000,9999.000,9999.000,9999.000,9999.000,9999.000
202605281012,   1.316,   1.508,9999.000,9999.000,9999.000,9999.000,9999.000,9999.000,9999.000
202605281018,   1.513,   1.669,9999.000,9999.000,9999.000,9999.000,9999.000,9999.000,9999.000
202605281024,   1.717,   1.840,9999.000,9999.000,9999.000,9999.000,9999.000,9999.000,9999.000
202605281030,   1.926,   2.030,9999.000,9999.000,9999.000,9999.000,9999.000,9999.000,9999.000
202605281036,   2.139,   2.220,9999.000,9999.000,9999.000,9999.000,9999.000,9999.000,9999.000
202605281042,   2.354,   2.440,9999.000,9999.000,9999.000,9999.000,9999.000,9999.000,9999.000
202605281048,   2.570,   2.660,9999.000,9999.000,9999.000,9999.000,9999.000,9999.000,9999.000
202605281054,   2.786,   2.889,9999.000,9999.000,9999.000,9999.000,9999.000,9999.000,9999.000
202605281100,   3.000,   3.119,   0.700,  -0.581,   3.119,   0.600,   3.019,   0.800,   3.219
202605281106,   3.211,   3.358,9999.000,9999.000,9999.000,9999.000,9999.000,9999.000,9999.000
202605281112,   3.419,   3.598,9999.000,9999.000,9999.000,9999.000,9999.000,9999.000,9999.000
202605281118,   3.623,   3.837,9999.000,9999.000,9999.000,9999.000,9999.000,9999.000,9999.000
202605281124,   3.821,   4.080,9999.000,9999.000,9999.000,9999.000,9999.000,9999.000,9999.000
202605281130,   4.014,   4.319,9999.000,9999.000,9999.000,9999.000,9999.000,9999.000,9999.000
202605281136,   4.200,   4.549,9999.000,9999.000,9999.000,9999.000,9999.000,9999.000,9999.000
202605281142,   4.380,   4.778,9999.000,9999.000,9999.000,9999.000,9999.000,9999.000,9999.000
202605281148,   4.554,   4.998,9999.000,9999.000,9999.000,9999.000,9999.000,9999.000,9999.000
202605281154,   4.720,   5.208,9999.000,9999.000,9999.000,9999.000,9999.000,9999.000,9999.000
202605281200,   4.880,   5.418,   0.800,  -0.262,   5.418,   0.700,   5.318,   0.800,   5.418
202605281206,   5.034,   5.628,9999.000,9999.000,9999.000,9999.000,9999.000,9999.000,9999.000
202605281212,   5.181,   5.838,9999.000,9999.000,9999.000,9999.000,9999.000,9999.000,9999.000
202605281218,   5.323,   6.038,9999.000,9999.000,9999.000,9999.000,9999.000,9999.000,9999.000
202605281224,   5.459,   6.218,9999.000,9999.000,9999.000,9999.000,9999.000,9999.000,9999.000
202605281230,   5.590,   6.389,9999.000,9999.000,9999.000,9999.000,9999.000,9999.000,9999.000
202605281236,   5.716,   6.569,9999.000,9999.000,9999.000,9999.000,9999.000,9999.000,9999.000
202605281242,   5.837,   6.727,9999.000,9999.000,9999.000,9999.000,9999.000,9999.000,9999.000
202605281248,   5.954,   6.868,9999.000,9999.000,9999.000,9999.000,9999.000,9999.000,9999.000
202605281254,   6.067,   6.989,9999.000,9999.000,9999.000,9999.000,9999.000,9999.000,9999.000
202605281300,   6.177,   7.107,   0.800,   0.130,   7.107,   0.800,   7.107,   0.800,   7.107
202605281306,   6.282,   7.199,9999.000,9999.000,9999.000,9999.000,9999.000,9999.000,9999.000
202605281312,   6.384,   7.297,9999.000,9999.000,9999.000,9999.000,9999.000,9999.000,9999.000
202605281318,   6.483,   7.376,9999.000,9999.000,9999.000,9999.000,9999.000,9999.000,9999.000
202605281324,   6.578,   7.429,9999.000,9999.000,9999.000,9999.000,9999.000,9999.000,9999.000
202605281330,   6.669,   7.468,9999.000,9999.000,9999.000,9999.000,9999.000,9999.000,9999.000
202605281336,   6.755,   7.498,9999.000,9999.000,9999.000,9999.000,9999.000,9999.000,9999.000
202605281342,   6.837,   7.527,9999.000,9999.000,9999.000,9999.000,9999.000,9999.000,9999.000
202605281348,   6.914,   7.517,9999.000,9999.000,9999.000,9999.000,9999.000,9999.000,9999.000
202605281354,   6.986,   7.507,9999.000,9999.000,9999.000,9999.000,9999.000,9999.000,9999.000
202605281400,   7.051,   7.507,   0.800,  -0.344,   7.507,   0.800,   7.507,   0.900,   7.607
202605281406,   7.110,   7.507,9999.000,9999.000,9999.000,9999.000,9999.000,9999.000,9999.000
202605281412,   7.161,   7.498,9999.000,9999.000,9999.000,9999.000,9999.000,9999.000,9999.000
202605281418,   7.205,   7.488,9999.000,9999.000,9999.000,9999.000,9999.000,9999.000,9999.000
202605281424,   7.240,   7.488,9999.000,9999.000,9999.000,9999.000,9999.000,9999.000,9999.000
202605281430,   7.266,   7.488,9999.000,9999.000,9999.000,9999.000,9999.000,9999.000,9999.000
202605281436,   7.282,   7.478,9999.000,9999.000,9999.000,9999.000,9999.000,9999.000,9999.000
202605281442,   7.288,   7.488,9999.000,9999.000,9999.000,9999.000,9999.000,9999.000,9999.000
202605281448,   7.283,   7.488,9999.000,9999.000,9999.000,9999.000,9999.000,9999.000,9999.000
202605281454,   7.267,   7.488,9999.000,9999.000,9999.000,9999.000,9999.000,9999.000,9999.000
202605281500,   7.239,   7.468,   0.900,  -0.671,   7.468,   0.800,   7.368,   0.900,   7.468
202605281506,   7.199,   7.458,9999.000,9999.000,9999.000,9999.000,9999.000,9999.000,9999.000
202605281512,   7.148,   7.439,9999.000,9999.000,9999.000,9999.000,9999.000,9999.000,9999.000
202605281518,   7.085,   7.419,9999.000,9999.000,9999.000,9999.000,9999.000,9999.000,9999.000
202605281524,   7.009,   7.386,9999.000,9999.000,9999.000,9999.000,9999.000,9999.000,9999.000
202605281530,   6.922,   7.347,9999.000,9999.000,9999.000,9999.000,9999.000,9999.000,9999.000
202605281536,   6.823,   7.307,9999.000,9999.000,9999.000,9999.000,9999.000,9999.000,9999.000
202605281542,   6.712,   7.268,9999.000,9999.000,9999.000,9999.000,9999.000,9999.000,9999.000
202605281548,   6.591,   7.209,9999.000,9999.000,9999.000,9999.000,9999.000,9999.000,9999.000
202605281554,   6.460,   7.147,9999.000,9999.000,9999.000,9999.000,9999.000,9999.000,9999.000
202605281600,   6.319,   7.078,   0.900,  -0.141,   7.078,   0.800,   6.978,   1.000,   7.178
202605281606,   6.169,   6.999,9999.000,9999.000,9999.000,9999.000,9999.000,9999.000,9999.000
202605281612,   6.010,   6.917,9999.000,9999.000,9999.000,9999.000,9999.000,9999.000,9999.000
202605281618,   5.845,   6.799,9999.000,9999.000,9999.000,9999.000,9999.000,9999.000,9999.000
202605281624,   5.673,   6.678,9999.000,9999.000,9999.000,9999.000,9999.000,9999.000,9999.000
202605281630,   5.497,   6.546,9999.000,9999.000,9999.000,9999.000,9999.000,9999.000,9999.000
202605281636,   5.315,   6.389,9999.000,9999.000,9999.000,9999.000,9999.000,9999.000,9999.000
202605281642,   5.131,   6.218,9999.000,9999.000,9999.000,9999.000,9999.000,9999.000,9999.000
202605281648,   4.945,   6.067,9999.000,9999.000,9999.000,9999.000,9999.000,9999.000,9999.000
202605281654,   4.757,   5.897,9999.000,9999.000,9999.000,9999.000,9999.000,9999.000,9999.000
202605281700,   4.570,   5.697,   0.900,   0.227,   5.697,   0.800,   5.597,   1.000,   5.797
202605281706,   4.384,   5.497,9999.000,9999.000,9999.000,9999.000,9999.000,9999.000,9999.000
202605281712,   4.199,   5.307,9999.000,9999.000,9999.000,9999.000,9999.000,9999.000,9999.000
202605281718,   4.018,   5.120,9999.000,9999.000,9999.000,9999.000,9999.000,9999.000,9999.000
202605281724,   3.840,   4.867,9999.000,9999.000,9999.000,9999.000,9999.000,9999.000,9999.000
202605281730,   3.667,   4.647,9999.000,9999.000,9999.000,9999.000,9999.000,9999.000,9999.000
202605281736,   3.499,   4.457,9999.000,9999.000,9999.000,9999.000,9999.000,9999.000,9999.000
202605281742,   3.337,   4.267,9999.000,9999.000,9999.000,9999.000,9999.000,9999.000,9999.000
202605281748,   3.181,   4.037,9999.000,9999.000,9999.000,9999.000,9999.000,9999.000,9999.000
202605281754,   3.031,   3.827,9999.000,9999.000,9999.000,9999.000,9999.000,9999.000,9999.000
202605281800,   2.888,   3.637,   0.800,  -0.051,   3.637,   0.800,   3.637,   0.900,   3.737
202605281806,   2.751,   3.440,9999.000,9999.000,9999.000,9999.000,9999.000,9999.000,9999.000
202605281812,   2.622,   3.260,9999.000,9999.000,9999.000,9999.000,9999.000,9999.000,9999.000
202605281818,   2.499,   3.089,9999.000,9999.000,9999.000,9999.000,9999.000,9999.000,9999.000
202605281824,   2.382,   2.889,9999.000,9999.000,9999.000,9999.000,9999.000,9999.000,9999.000
202605281830,   2.272,   2.679,9999.000,9999.000,9999.000,9999.000,9999.000,9999.000,9999.000
202605281836,   2.168,   2.509,9999.000,9999.000,9999.000,9999.000,9999.000,9999.000,9999.000
202605281842,   2.068,   2.387,9999.000,9999.000,9999.000,9999.000,9999.000,9999.000,9999.000
202605281848,   1.974,   2.269,9999.000,9999.000,9999.000,9999.000,9999.000,9999.000,9999.000
202605281854,   1.884,   2.109,9999.000,9999.000,9999.000,9999.000,9999.000,9999.000,9999.000
202605281900,   1.798,   2.010,   0.900,  -0.688,   2.010,   0.800,   1.910,   0.900,   2.010
202605281906,   1.715,   1.899,9999.000,9999.000,9999.000,9999.000,9999.000,9999.000,9999.000
202605281912,   1.635,   1.790,9999.000,9999.000,9999.000,9999.000,9999.000,9999.000,9999.000
202605281918,   1.557,   1.718,9999.000,9999.000,9999.000,9999.000,9999.000,9999.000,9999.000
202605281924,   1.482,   1.649,9999.000,9999.000,9999.000,9999.000,9999.000,9999.000,9999.000
202605281930,   1.409,   1.590,9999.000,9999.000,9999.000,9999.000,9999.000,9999.000,9999.000
202605281936,   1.337,   1.538,9999.000,9999.000,9999.000,9999.000,9999.000,9999.000,9999.000
202605281942,   1.267,   1.498,9999.000,9999.000,9999.000,9999.000,9999.000,9999.000,9999.000
202605281948,   1.199,   1.498,9999.000,9999.000,9999.000,9999.000,9999.000,9999.000,9999.000
202605281954,   1.133,   1.489,9999.000,9999.000,9999.000,9999.000,9999.000,9999.000,9999.000
202605282000,   1.069,   1.489,   0.900,  -0.480,   1.489,   0.800,   1.389,   0.900,   1.489
202605282006,   1.008,   1.469,9999.000,9999.000,9999.000,9999.000,9999.000,9999.000,9999.000
202605282012,   0.950,   1.459,9999.000,9999.000,9999.000,9999.000,9999.000,9999.000,9999.000
202605282018,   0.897,   1.439,9999.000,9999.000,9999.000,9999.000,9999.000,9999.000,9999.000
202605282024,   0.848,   1.469,9999.000,9999.000,9999.000,9999.000,9999.000,9999.000,9999.000
202605282030,   0.805,   1.469,9999.000,9999.000,9999.000,9999.000,9999.000,9999.000,9999.000
202605282036,   0.769,   1.469,9999.000,9999.000,9999.000,9999.000,9999.000,9999.000,9999.000
202605282042,   0.740,   1.479,9999.000,9999.000,9999.000,9999.000,9999.000,9999.000,9999.000
202605282048,   0.720,   1.518,9999.000,9999.000,9999.000,9999.000,9999.000,9999.000,9999.000
202605282054,   0.709,   1.557,9999.000,9999.000,9999.000,9999.000,9999.000,9999.000,9999.000
202605282100,   0.710,   1.610,   0.900,   0.000,   1.610,   0.900,   1.610,   0.900,   1.610
202605282106,   0.721,   1.620,9999.000,9999.000,9999.000,9999.000,9999.000,9999.000,9999.000
202605282112,   0.746,   1.659,9999.000,9999.000,9999.000,9999.000,9999.000,9999.000,9999.000
202605282118,   0.783,   1.708,9999.000,9999.000,9999.000,9999.000,9999.000,9999.000,9999.000
202605282124,   0.834,   1.758,9999.000,9999.000,9999.000,9999.000,9999.000,9999.000,9999.000
202605282130,   0.899,   1.800,9999.000,9999.000,9999.000,9999.000,9999.000,9999.000,9999.000
202605282136,   0.980,   1.849,9999.000,9999.000,9999.000,9999.000,9999.000,9999.000,9999.000
202605282142,   1.074,   1.899,9999.000,9999.000,9999.000,9999.000,9999.000,9999.000,9999.000
202605282148,   1.184,   1.981,9999.000,9999.000,9999.000,9999.000,9999.000,9999.000,9999.000
202605282154,   1.308,   2.069,9999.000,9999.000,9999.000,9999.000,9999.000,9999.000,9999.000
202605282200,   1.447,   2.168,   0.900,  -0.179,   2.168,   0.900,   2.168,   1.000,   2.268
202605282206,   1.599,   2.279,9999.000,9999.000,9999.000,9999.000,9999.000,9999.000,9999.000
202605282212,   1.764,   2.387,9999.000,9999.000,9999.000,9999.000,9999.000,9999.000,9999.000
202605282218,   1.941,   2.499,9999.000,9999.000,9999.000,9999.000,9999.000,9999.000,9999.000
202605282224,   2.129,   2.630,9999.000,9999.000,9999.000,9999.000,9999.000,9999.000,9999.000
202605282230,   2.326,   2.778,9999.000,9999.000,9999.000,9999.000,9999.000,9999.000,9999.000
202605282236,   2.533,   2.938,9999.000,9999.000,9999.000,9999.000,9999.000,9999.000,9999.000
202605282242,   2.746,   3.138,9999.000,9999.000,9999.000,9999.000,9999.000,9999.000,9999.000
202605282248,   2.965,   3.339,9999.000,9999.000,9999.000,9999.000,9999.000,9999.000,9999.000
202605282254,   3.189,   3.558,9999.000,9999.000,9999.000,9999.000,9999.000,9999.000,9999.000
202605282300,   3.416,   3.758,   0.900,  -0.558,   3.758,   0.900,   3.758,   1.000,   3.858
202605282306,   3.644,   3.958,9999.000,9999.000,9999.000,9999.000,9999.000,9999.000,9999.000
202605282312,   3.871,   4.218,9999.000,9999.000,9999.000,9999.000,9999.000,9999.000,9999.000
202605282318,   4.098,   4.467,9999.000,9999.000,9999.000,9999.000,9999.000,9999.000,9999.000
202605282324,   4.322,   4.710,9999.000,9999.000,9999.000,9999.000,9999.000,9999.000,9999.000
202605282330,   4.543,   4.939,9999.000,9999.000,9999.000,9999.000,9999.000,9999.000,9999.000
202605282336,   4.758,   5.179,9999.000,9999.000,9999.000,9999.000,9999.000,9999.000,9999.000
202605282342,   4.969,   5.418,9999.000,9999.000,9999.000,9999.000,9999.000,9999.000,9999.000
202605282348,   5.172,   5.648,9999.000,9999.000,9999.000,9999.000,9999.000,9999.000,9999.000
202605282354,   5.369,   5.858,9999.000,9999.000,9999.000,9999.000,9999.000,9999.000,9999.000
202605290000,   5.559,   6.077,   0.700,  -0.182,   6.077,   0.600,   5.977,   0.700,   6.077
202605290006,   5.740,   6.277,9999.000,9999.000,9999.000,9999.000,9999.000,9999.000,9999.000
202605290012,   5.914,   6.477,9999.000,9999.000,9999.000,9999.000,9999.000,9999.000,9999.000
202605290018,   6.080,   6.658,9999.000,9999.000,9999.000,9999.000,9999.000,9999.000,9999.000
202605290024,   6.237,   6.858,9999.000,9999.000,9999.000,9999.000,9999.000,9999.000,9999.000
202605290030,   6.387,   7.048,9999.000,9999.000,9999.000,9999.000,9999.000,9999.000,9999.000
202605290036,   6.529,   7.229,9999.000,9999.000,9999.000,9999.000,9999.000,9999.000,9999.000
202605290042,   6.664,   7.419,9999.000,9999.000,9999.000,9999.000,9999.000,9999.000,9999.000
202605290048,   6.792,   7.576,9999.000,9999.000,9999.000,9999.000,9999.000,9999.000,9999.000
202605290054,   6.914,   7.747,9999.000,9999.000,9999.000,9999.000,9999.000,9999.000,9999.000
202605290100,   7.029,   7.878,   0.700,   0.149,   7.878,   0.600,   7.778,   0.700,   7.878
202605290106,   7.138,   8.016,9999.000,9999.000,9999.000,9999.000,9999.000,9999.000,9999.000
202605290112,   7.241,   8.117,9999.000,9999.000,9999.000,9999.000,9999.000,9999.000,9999.000
202605290118,   7.340,   8.239,9999.000,9999.000,9999.000,9999.000,9999.000,9999.000,9999.000
202605290124,   7.433,   8.327,9999.000,9999.000,9999.000,9999.000,9999.000,9999.000,9999.000
202605290130,   7.521,   8.406,9999.000,9999.000,9999.000,9999.000,9999.000,9999.000,9999.000
202605290136,   7.605,   8.459,9999.000,9999.000,9999.000,9999.000,9999.000,9999.000,9999.000
202605290142,   7.684,   8.508,9999.000,9999.000,9999.000,9999.000,9999.000,9999.000,9999.000
202605290148,   7.759,   8.557,9999.000,9999.000,9999.000,9999.000,9999.000,9999.000,9999.000
202605290154,   7.828,   8.577,9999.000,9999.000,9999.000,9999.000,9999.000,9999.000,9999.000
202605290200,   7.893,   8.596,   0.700,   0.003,   8.596,   0.600,   8.496,   0.700,   8.596
202605290206,   7.952,   8.626,9999.000,9999.000,9999.000,9999.000,9999.000,9999.000,9999.000
202605290212,   8.005,   8.636,9999.000,9999.000,9999.000,9999.000,9999.000,9999.000,9999.000
202605290218,   8.052,   8.636,9999.000,9999.000,9999.000,9999.000,9999.000,9999.000,9999.000
202605290224,   8.093,   8.659,9999.000,9999.000,9999.000,9999.000,9999.000,9999.000,9999.000
202605290230,   8.126,   8.669,9999.000,9999.000,9999.000,9999.000,9999.000,9999.000,9999.000
202605290236,   8.152,   8.688,9999.000,9999.000,9999.000,9999.000,9999.000,9999.000,9999.000
202605290242,   8.170,   8.698,9999.000,9999.000,9999.000,9999.000,9999.000,9999.000,9999.000
202605290248,   8.178,   8.698,9999.000,9999.000,9999.000,9999.000,9999.000,9999.000,9999.000
202605290254,   8.178,   8.688,9999.000,9999.000,9999.000,9999.000,9999.000,9999.000,9999.000
202605290300,   8.167,   8.678,   0.700,  -0.189,   8.678,   0.600,   8.578,   0.700,   8.678
202605290306,   8.146,   8.659,9999.000,9999.000,9999.000,9999.000,9999.000,9999.000,9999.000
202605290312,   8.114,   8.616,9999.000,9999.000,9999.000,9999.000,9999.000,9999.000,9999.000
202605290318,   8.071,   8.577,9999.000,9999.000,9999.000,9999.000,9999.000,9999.000,9999.000
202605290324,   8.016,   8.537,9999.000,9999.000,9999.000,9999.000,9999.000,9999.000,9999.000
202605290330,   7.950,   8.488,9999.000,9999.000,9999.000,9999.000,9999.000,9999.000,9999.000
202605290336,   7.871,   8.426,9999.000,9999.000,9999.000,9999.000,9999.000,9999.000,9999.000
202605290342,   7.781,   8.367,9999.000,9999.000,9999.000,9999.000,9999.000,9999.000,9999.000
202605290348,   7.678,   8.298,9999.000,9999.000,9999.000,9999.000,9999.000,9999.000,9999.000
202605290354,   7.563,   8.216,9999.000,9999.000,9999.000,9999.000,9999.000,9999.000,9999.000
202605290400,   7.437,   8.117,   0.700,  -0.020,   8.117,   0.600,   8.017,   0.700,   8.117
202605290406,   7.299,   8.029,9999.000,9999.000,9999.000,9999.000,9999.000,9999.000,9999.000
202605290412,   7.150,   7.917,9999.000,9999.000,9999.000,9999.000,9999.000,9999.000,9999.000
202605290418,   6.991,   7.786,9999.000,9999.000,9999.000,9999.000,9999.000,9999.000,9999.000
202605290424,   6.823,   7.648,9999.000,9999.000,9999.000,9999.000,9999.000,9999.000,9999.000
202605290430,   6.645,   7.488,9999.000,9999.000,9999.000,9999.000,9999.000,9999.000,9999.000
202605290436,   6.458,   7.327,9999.000,9999.000,9999.000,9999.000,9999.000,9999.000,9999.000
202605290442,   6.265,   7.166,9999.000,9999.000,9999.000,9999.000,9999.000,9999.000,9999.000
202605290448,   6.065,   6.989,9999.000,9999.000,9999.000,9999.000,9999.000,9999.000,9999.000
202605290454,   5.859,   6.799,9999.000,9999.000,9999.000,9999.000,9999.000,9999.000,9999.000
202605290500,   5.649,   6.599,   0.700,   0.250,   6.599,   0.600,   6.499,   0.700,   6.599
202605290506,   5.436,   6.399,9999.000,9999.000,9999.000,9999.000,9999.000,9999.000,9999.000
202605290512,   5.220,   6.189,9999.000,9999.000,9999.000,9999.000,9999.000,9999.000,9999.000
202605290518,   5.004,   5.959,9999.000,9999.000,9999.000,9999.000,9999.000,9999.000,9999.000
202605290524,   4.786,   5.739,9999.000,9999.000,9999.000,9999.000,9999.000,9999.000,9999.000
202605290530,   4.570,   5.497,9999.000,9999.000,9999.000,9999.000,9999.000,9999.000,9999.000
202605290536,   4.356,   5.257,9999.000,9999.000,9999.000,9999.000,9999.000,9999.000,9999.000
202605290542,   4.144,   5.018,9999.000,9999.000,9999.000,9999.000,9999.000,9999.000,9999.000
202605290548,   3.936,   4.778,9999.000,9999.000,9999.000,9999.000,9999.000,9999.000,9999.000
202605290554,   3.732,   4.539,9999.000,9999.000,9999.000,9999.000,9999.000,9999.000,9999.000
202605290600,   3.533,   4.300,   0.500,   0.267,   4.300,   0.500,   4.300,   0.600,   4.400
202605290606,   3.340,   4.057,9999.000,9999.000,9999.000,9999.000,9999.000,9999.000,9999.000
202605290612,   3.153,   3.827,9999.000,9999.000,9999.000,9999.000,9999.000,9999.000,9999.000
202605290618,   2.972,   3.607,9999.000,9999.000,9999.000,9999.000,9999.000,9999.000,9999.000
202605290624,   2.799,   3.407,9999.000,9999.000,9999.000,9999.000,9999.000,9999.000,9999.000
202605290630,   2.632,   3.197,9999.000,9999.000,9999.000,9999.000,9999.000,9999.000,9999.000
202605290636,   2.472,   2.978,9999.000,9999.000,9999.000,9999.000,9999.000,9999.000,9999.000
202605290642,   2.319,   2.787,9999.000,9999.000,9999.000,9999.000,9999.000,9999.000,9999.000
202605290648,   2.172,   2.578,9999.000,9999.000,9999.000,9999.000,9999.000,9999.000,9999.000
202605290654,   2.032,   2.410,9999.000,9999.000,9999.000,9999.000,9999.000,9999.000,9999.000
202605290700,   1.898,   2.240,   0.500,  -0.158,   2.240,   0.500,   2.240,   0.500,   2.240
202605290706,   1.770,   2.069,9999.000,9999.000,9999.000,9999.000,9999.000,9999.000,9999.000
202605290712,   1.647,   1.928,9999.000,9999.000,9999.000,9999.000,9999.000,9999.000,9999.000
202605290718,   1.528,   1.781,9999.000,9999.000,9999.000,9999.000,9999.000,9999.000,9999.000
202605290724,   1.414,   1.649,9999.000,9999.000,9999.000,9999.000,9999.000,9999.000,9999.000
202605290730,   1.304,   1.548,9999.000,9999.000,9999.000,9999.000,9999.000,9999.000,9999.000
202605290736,   1.197,   1.439,9999.000,9999.000,9999.000,9999.000,9999.000,9999.000,9999.000
202605290742,   1.092,   1.348,9999.000,9999.000,9999.000,9999.000,9999.000,9999.000,9999.000
202605290748,   0.991,   1.269,9999.000,9999.000,9999.000,9999.000,9999.000,9999.000,9999.000
202605290754,   0.891,   1.210,9999.000,9999.000,9999.000,9999.000,9999.000,9999.000,9999.000
202605290800,   0.794,   1.170,   0.500,  -0.124,   1.170,   0.400,   1.070,   0.500,   1.170
202605290806,   0.699,   1.108,9999.000,9999.000,9999.000,9999.000,9999.000,9999.000,9999.000
202605290812,   0.605,   1.069,9999.000,9999.000,9999.000,9999.000,9999.000,9999.000,9999.000
202605290818,   0.515,   1.039,9999.000,9999.000,9999.000,9999.000,9999.000,9999.000,9999.000
202605290824,   0.426,   0.990,9999.000,9999.000,9999.000,9999.000,9999.000,9999.000,9999.000
202605290830,   0.341,   0.961,9999.000,9999.000,9999.000,9999.000,9999.000,9999.000,9999.000
202605290836,   0.259,   0.941,9999.000,9999.000,9999.000,9999.000,9999.000,9999.000,9999.000
202605290842,   0.182,   0.898,9999.000,9999.000,9999.000,9999.000,9999.000,9999.000,9999.000
202605290848,   0.109,   0.869,9999.000,9999.000,9999.000,9999.000,9999.000,9999.000,9999.000
202605290854,   0.043,   0.819,9999.000,9999.000,9999.000,9999.000,9999.000,9999.000,9999.000
202605290900,  -0.016,   0.770,   0.500,   0.286,   0.770,   0.400,   0.670,   0.500,   0.770
202605290906,  -0.068,   0.718,9999.000,9999.000,9999.000,9999.000,9999.000,9999.000,9999.000
202605290912,  -0.110,   0.698,9999.000,9999.000,9999.000,9999.000,9999.000,9999.000,9999.000
202605290918,  -0.144,   0.659,9999.000,9999.000,9999.000,9999.000,9999.000,9999.000,9999.000
202605290924,  -0.166,   0.610,9999.000,9999.000,9999.000,9999.000,9999.000,9999.000,9999.000
202605290930,  -0.176,   0.580,9999.000,9999.000,9999.000,9999.000,9999.000,9999.000,9999.000
202605290936,  -0.174,   0.551,9999.000,9999.000,9999.000,9999.000,9999.000,9999.000,9999.000
202605290942,  -0.158,   0.541,9999.000,9999.000,9999.000,9999.000,9999.000,9999.000,9999.000
202605290948,  -0.127,   0.531,9999.000,9999.000,9999.000,9999.000,9999.000,9999.000,9999.000
202605290954,  -0.083,   0.531,9999.000,9999.000,9999.000,9999.000,9999.000,9999.000,9999.000
202605291000,  -0.022,   0.541,   0.500,   0.063,   0.541,   0.400,   0.441,   0.500,   0.541
202605291006,   0.052,   0.560,9999.000,9999.000,9999.000,9999.000,9999.000,9999.000,9999.000
202605291012,   0.143,   0.610,9999.000,9999.000,9999.000,9999.000,9999.000,9999.000,9999.000
202605291018,   0.249,   0.659,9999.000,9999.000,9999.000,9999.000,9999.000,9999.000,9999.000
202605291024,   0.371,   0.741,9999.000,9999.000,9999.000,9999.000,9999.000,9999.000,9999.000
202605291030,   0.507,   0.819,9999.000,9999.000,9999.000,9999.000,9999.000,9999.000,9999.000
202605291036,   0.656,   0.918,9999.000,9999.000,9999.000,9999.000,9999.000,9999.000,9999.000
202605291042,   0.819,   1.020,9999.000,9999.000,9999.000,9999.000,9999.000,9999.000,9999.000
202605291048,   0.994,   1.170,9999.000,9999.000,9999.000,9999.000,9999.000,9999.000,9999.000
202605291054,   1.180,   1.318,9999.000,9999.000,9999.000,9999.000,9999.000,9999.000,9999.000
202605291100,   1.375,   1.459,   0.500,  -0.416,   1.459,   0.400,   1.359,   0.600,   1.559
202605291106,   1.579,   1.630,9999.000,9999.000,9999.000,9999.000,9999.000,9999.000,9999.000
202605291112,   1.790,   1.820,9999.000,9999.000,9999.000,9999.000,9999.000,9999.000,9999.000
202605291118,   2.006,   2.030,9999.000,9999.000,9999.000,9999.000,9999.000,9999.000,9999.000
202605291124,   2.226,   2.259,9999.000,9999.000,9999.000,9999.000,9999.000,9999.000,9999.000
202605291130,   2.449,   2.489,9999.000,9999.000,9999.000,9999.000,9999.000,9999.000,9999.000
202605291136,   2.673,   2.728,9999.000,9999.000,9999.000,9999.000,9999.000,9999.000,9999.000
202605291142,   2.897,   2.978,9999.000,9999.000,9999.000,9999.000,9999.000,9999.000,9999.000
202605291148,   3.120,   3.207,9999.000,9999.000,9999.000,9999.000,9999.000,9999.000,9999.000
202605291154,   3.339,   3.470,9999.000,9999.000,9999.000,9999.000,9999.000,9999.000,9999.000
202605291200,   3.556,   3.709,   0.500,  -0.347,   3.709,   0.500,   3.709,   0.600,   3.809
202605291206,   3.767,   3.968,9999.000,9999.000,9999.000,9999.000,9999.000,9999.000,9999.000
202605291212,   3.973,   4.208,9999.000,9999.000,9999.000,9999.000,9999.000,9999.000,9999.000
202605291218,   4.173,   4.457,9999.000,9999.000,9999.000,9999.000,9999.000,9999.000,9999.000
202605291224,   4.366,   4.719,9999.000,9999.000,9999.000,9999.000,9999.000,9999.000,9999.000
202605291230,   4.552,   4.949,9999.000,9999.000,9999.000,9999.000,9999.000,9999.000,9999.000
202605291236,   4.731,   5.188,9999.000,9999.000,9999.000,9999.000,9999.000,9999.000,9999.000
202605291242,   4.902,   5.418,9999.000,9999.000,9999.000,9999.000,9999.000,9999.000,9999.000
202605291248,   5.066,   5.638,9999.000,9999.000,9999.000,9999.000,9999.000,9999.000,9999.000
202605291254,   5.223,   5.838,9999.000,9999.000,9999.000,9999.000,9999.000,9999.000,9999.000
202605291300,   5.373,   6.038,   0.500,   0.165,   6.038,   0.500,   6.038,   0.600,   6.138
202605291306,   5.515,   6.199,9999.000,9999.000,9999.000,9999.000,9999.000,9999.000,9999.000
202605291312,   5.651,   6.389,9999.000,9999.000,9999.000,9999.000,9999.000,9999.000,9999.000
202605291318,   5.781,   6.537,9999.000,9999.000,9999.000,9999.000,9999.000,9999.000,9999.000
202605291324,   5.905,   6.687,9999.000,9999.000,9999.000,9999.000,9999.000,9999.000,9999.000
202605291330,   6.023,   6.828,9999.000,9999.000,9999.000,9999.000,9999.000,9999.000,9999.000
202605291336,   6.136,   6.937,9999.000,9999.000,9999.000,9999.000,9999.000,9999.000,9999.000
202605291342,   6.244,   7.038,9999.000,9999.000,9999.000,9999.000,9999.000,9999.000,9999.000
202605291348,   6.347,   7.127,9999.000,9999.000,9999.000,9999.000,9999.000,9999.000,9999.000
202605291354,   6.446,   7.199,9999.000,9999.000,9999.000,9999.000,9999.000,9999.000,9999.000
202605291400,   6.540,   7.248,   0.600,   0.108,   7.248,   0.500,   7.148,   0.600,   7.248
202605291406,   6.631,   7.297,9999.000,9999.000,9999.000,9999.000,9999.000,9999.000,9999.000
202605291412,   6.716,   7.327,9999.000,9999.000,9999.000,9999.000,9999.000,9999.000,9999.000
202605291418,   6.798,   7.347,9999.000,9999.000,9999.000,9999.000,9999.000,9999.000,9999.000
202605291424,   6.874,   7.357,9999.000,9999.000,9999.000,9999.000,9999.000,9999.000,9999.000
202605291430,   6.946,   7.376,9999.000,9999.000,9999.000,9999.000,9999.000,9999.000,9999.000
202605291436,   7.013,   7.376,9999.000,9999.000,9999.000,9999.000,9999.000,9999.000,9999.000
202605291442,   7.074,   7.376,9999.000,9999.000,9999.000,9999.000,9999.000,9999.000,9999.000
202605291448,   7.129,   7.376,9999.000,9999.000,9999.000,9999.000,9999.000,9999.000,9999.000
202605291454,   7.177,   7.386,9999.000,9999.000,9999.000,9999.000,9999.000,9999.000,9999.000
202605291500,   7.218,   7.357,   0.600,  -0.461,   7.357,   0.500,   7.257,   0.600,   7.357
202605291506,   7.252,   7.376,9999.000,9999.000,9999.000,9999.000,9999.000,9999.000,9999.000
202605291512,   7.277,   7.386,9999.000,9999.000,9999.000,9999.000,9999.000,9999.000,9999.000
202605291518,   7.293,   7.386,9999.000,9999.000,9999.000,9999.000,9999.000,9999.000,9999.000
202605291524,   7.301,   7.386,9999.000,9999.000,9999.000,9999.000,9999.000,9999.000,9999.000
202605291530,   7.298,   7.399,9999.000,9999.000,9999.000,9999.000,9999.000,9999.000,9999.000
202605291536,   7.285,   7.409,9999.000,9999.000,9999.000,9999.000,9999.000,9999.000,9999.000
202605291542,   7.261,   7.419,9999.000,9999.000,9999.000,9999.000,9999.000,9999.000,9999.000
202605291548,   7.226,   7.419,9999.000,9999.000,9999.000,9999.000,9999.000,9999.000,9999.000
202605291554,   7.179,   7.399,9999.000,9999.000,9999.000,9999.000,9999.000,9999.000,9999.000
202605291600,   7.121,   7.376,   0.600,  -0.345,   7.376,   0.500,   7.276,   0.700,   7.476
202605291606,   7.052,   7.357,9999.000,9999.000,9999.000,9999.000,9999.000,9999.000,9999.000
202605291612,   6.971,   7.327,9999.000,9999.000,9999.000,9999.000,9999.000,9999.000,9999.000
202605291618,   6.878,   7.278,9999.000,9999.000,9999.000,9999.000,9999.000,9999.000,9999.000
202605291624,   6.774,   7.229,9999.000,9999.000,9999.000,9999.000,9999.000,9999.000,9999.000
202605291630,   6.658,   7.166,9999.000,9999.000,9999.000,9999.000,9999.000,9999.000,9999.000
202605291636,   6.532,   7.097,9999.000,9999.000,9999.000,9999.000,9999.000,9999.000,9999.000
202605291642,   6.396,   7.019,9999.000,9999.000,9999.000,9999.000,9999.000,9999.000,9999.000
202605291648,   6.250,   6.937,9999.000,9999.000,9999.000,9999.000,9999.000,9999.000,9999.000
202605291654,   6.096,   6.838,9999.000,9999.000,9999.000,9999.000,9999.000,9999.000,9999.000
202605291700,   5.933,   6.727,   0.600,   0.194,   6.727,   0.500,   6.627,   0.700,   6.827
202605291706,   5.763,   6.599,9999.000,9999.000,9999.000,9999.000,9999.000,9999.000,9999.000
202605291712,   5.587,   6.458,9999.000,9999.000,9999.000,9999.000,9999.000,9999.000,9999.000
202605291718,   5.406,   6.307,9999.000,9999.000,9999.000,9999.000,9999.000,9999.000,9999.000
202605291724,   5.220,   6.136,9999.000,9999.000,9999.000,9999.000,9999.000,9999.000,9999.000
202605291730,   5.031,   5.959,9999.000,9999.000,9999.000,9999.000,9999.000,9999.000,9999.000
202605291736,   4.840,   5.749,9999.000,9999.000,9999.000,9999.000,9999.000,9999.000,9999.000
202605291742,   4.648,   5.549,9999.000,9999.000,9999.000,9999.000,9999.000,9999.000,9999.000
202605291748,   4.455,   5.349,9999.000,9999.000,9999.000,9999.000,9999.000,9999.000,9999.000
202605291754,   4.264,   5.159,9999.000,9999.000,9999.000,9999.000,9999.000,9999.000,9999.000
202605291800,   4.075,   4.959,   0.600,   0.284,   4.959,   0.600,   4.959,   0.700,   5.059
202605291806,   3.890,   4.759,9999.000,9999.000,9999.000,9999.000,9999.000,9999.000,9999.000
202605291812,   3.707,   4.559,9999.000,9999.000,9999.000,9999.000,9999.000,9999.000,9999.000
202605291818,   3.530,   4.368,9999.000,9999.000,9999.000,9999.000,9999.000,9999.000,9999.000
202605291824,   3.358,   4.149,9999.000,9999.000,9999.000,9999.000,9999.000,9999.000,9999.000
202605291830,   3.192,   3.939,9999.000,9999.000,9999.000,9999.000,9999.000,9999.000,9999.000
202605291836,   3.033,   3.739,9999.000,9999.000,9999.000,9999.000,9999.000,9999.000,9999.000
202605291842,   2.881,   3.529,9999.000,9999.000,9999.000,9999.000,9999.000,9999.000,9999.000
202605291848,   2.736,   3.329,9999.000,9999.000,9999.000,9999.000,9999.000,9999.000,9999.000
202605291854,   2.599,   3.158,9999.000,9999.000,9999.000,9999.000,9999.000,9999.000,9999.000
202605291900,   2.469,   2.978,   0.700,  -0.191,   2.978,   0.600,   2.878,   0.700,   2.978
202605291906,   2.347,   2.797,9999.000,9999.000,9999.000,9999.000,9999.000,9999.000,9999.000
202605291912,   2.232,   2.630,9999.000,9999.000,9999.000,9999.000,9999.000,9999.000,9999.000
202605291918,   2.125,   2.459,9999.000,9999.000,9999.000,9999.000,9999.000,9999.000,9999.000
202605291924,   2.024,   2.318,9999.000,9999.000,9999.000,9999.000,9999.000,9999.000,9999.000
202605291930,   1.929,   2.191,9999.000,9999.000,9999.000,9999.000,9999.000,9999.000,9999.000
202605291936,   1.840,   2.059,9999.000,9999.000,9999.000,9999.000,9999.000,9999.000,9999.000
202605291942,   1.757,   1.928,9999.000,9999.000,9999.000,9999.000,9999.000,9999.000,9999.000
202605291948,   1.679,   1.840,9999.000,9999.000,9999.000,9999.000,9999.000,9999.000,9999.000
202605291954,   1.605,   1.758,9999.000,9999.000,9999.000,9999.000,9999.000,9999.000,9999.000
202605292000,   1.534,   1.679,   0.700,  -0.555,   1.679,   0.600,   1.579,   0.800,   1.779
202605292006,   1.467,   1.610,9999.000,9999.000,9999.000,9999.000,9999.000,9999.000,9999.000
202605292012,   1.403,   1.557,9999.000,9999.000,9999.000,9999.000,9999.000,9999.000,9999.000
202605292018,   1.342,   1.518,9999.000,9999.000,9999.000,9999.000,9999.000,9999.000,9999.000
202605292024,   1.283,   1.489,9999.000,9999.000,9999.000,9999.000,9999.000,9999.000,9999.000
202605292030,   1.226,   1.479,9999.000,9999.000,9999.000,9999.000,9999.000,9999.000,9999.000
202605292036,   1.172,   1.449,9999.000,9999.000,9999.000,9999.000,9999.000,9999.000,9999.000
202605292042,   1.119,   1.449,9999.000,9999.000,9999.000,9999.000,9999.000,9999.000,9999.000
202605292048,   1.069,   1.449,9999.000,9999.000,9999.000,9999.000,9999.000,9999.000,9999.000
202605292054,   1.022,   1.449,9999.000,9999.000,9999.000,9999.000,9999.000,9999.000,9999.000
202605292100,   0.979,   1.439,   0.800,  -0.340,   1.439,   0.700,   1.339,   0.800,   1.439
202605292106,   0.939,   1.420,9999.000,9999.000,9999.000,9999.000,9999.000,9999.000,9999.000
202605292112,   0.904,   1.430,9999.000,9999.000,9999.000,9999.000,9999.000,9999.000,9999.000
202605292118,   0.874,   1.430,9999.000,9999.000,9999.000,9999.000,9999.000,9999.000,9999.000
202605292124,   0.850,   1.430,9999.000,9999.000,9999.000,9999.000,9999.000,9999.000,9999.000
202605292130,   0.833,   1.430,9999.000,9999.000,9999.000,9999.000,9999.000,9999.000,9999.000
202605292136,   0.825,   1.439,9999.000,9999.000,9999.000,9999.000,9999.000,9999.000,9999.000
202605292142,   0.825,   1.469,9999.000,9999.000,9999.000,9999.000,9999.000,9999.000,9999.000
202605292148,   0.836,   1.508,9999.000,9999.000,9999.000,9999.000,9999.000,9999.000,9999.000
202605292154,   0.857,   1.518,9999.000,9999.000,9999.000,9999.000,9999.000,9999.000,9999.000
202605292200,   0.891,   1.571,   0.800,  -0.120,   1.571,   0.700,   1.471,   0.900,   1.671
202605292206,   0.936,   1.639,9999.000,9999.000,9999.000,9999.000,9999.000,9999.000,9999.000
202605292212,   0.995,   1.679,9999.000,9999.000,9999.000,9999.000,9999.000,9999.000,9999.000
202605292218,   1.068,   1.748,9999.000,9999.000,9999.000,9999.000,9999.000,9999.000,9999.000
202605292224,   1.155,   1.830,9999.000,9999.000,9999.000,9999.000,9999.000,9999.000,9999.000
202605292230,   1.256,   1.918,9999.000,9999.000,9999.000,9999.000,9999.000,9999.000,9999.000
202605292236,   1.371,   2.040,9999.000,9999.000,9999.000,9999.000,9999.000,9999.000,9999.000
202605292242,   1.501,   2.138,9999.000,9999.000,9999.000,9999.000,9999.000,9999.000,9999.000
202605292248,   1.644,   2.289,9999.000,9999.000,9999.000,9999.000,9999.000,9999.000,9999.000
202605292254,   1.801,   2.420,9999.000,9999.000,9999.000,9999.000,9999.000,9999.000,9999.000
202605292300,   1.971,   2.568,   0.800,  -0.203,   2.568,   0.700,   2.468,   0.900,   2.668
202605292306,   2.152,   2.719,9999.000,9999.000,9999.000,9999.000,9999.000,9999.000,9999.000
202605292312,   2.345,   2.879,9999.000,9999.000,9999.000,9999.000,9999.000,9999.000,9999.000
202605292318,   2.547,   3.070,9999.000,9999.000,9999.000,9999.000,9999.000,9999.000,9999.000
202605292324,   2.757,   3.260,9999.000,9999.000,9999.000,9999.000,9999.000,9999.000,9999.000
202605292330,   2.975,   3.440,9999.000,9999.000,9999.000,9999.000,9999.000,9999.000,9999.000
202605292336,   3.199,   3.660,9999.000,9999.000,9999.000,9999.000,9999.000,9999.000,9999.000
202605292342,   3.426,   3.880,9999.000,9999.000,9999.000,9999.000,9999.000,9999.000,9999.000
202605292348,   3.657,   4.099,9999.000,9999.000,9999.000,9999.000,9999.000,9999.000,9999.000
202605292354,   3.890,   4.339,9999.000,9999.000,9999.000,9999.000,9999.000,9999.000,9999.000
202605300000,   4.120,   4.569,   0.700,  -0.251,   4.569,   0.700,   4.569,   0.800,   4.669
202605300006,   4.350,   4.798,9999.000,9999.000,9999.000,9999.000,9999.000,9999.000,9999.000
202605300012,   4.577,   5.038,9999.000,9999.000,9999.000,9999.000,9999.000,9999.000,9999.000
202605300018,   4.800,   5.267,9999.000,9999.000,9999.000,9999.000,9999.000,9999.000,9999.000
202605300024,   5.018,   5.497,9999.000,9999.000,9999.000,9999.000,9999.000,9999.000,9999.000
202605300030,   5.229,   5.739,9999.000,9999.000,9999.000,9999.000,9999.000,9999.000,9999.000
202605300036,   5.434,   5.969,9999.000,9999.000,9999.000,9999.000,9999.000,9999.000,9999.000
202605300042,   5.630,   6.189,9999.000,9999.000,9999.000,9999.000,9999.000,9999.000,9999.000
202605300048,   5.819,   6.409,9999.000,9999.000,9999.000,9999.000,9999.000,9999.000,9999.000
202605300054,   5.998,   6.628,9999.000,9999.000,9999.000,9999.000,9999.000,9999.000,9999.000
202605300100,   6.169,   6.828,   0.700,  -0.041,   6.828,   0.700,   6.828,   0.800,   6.928
202605300106,   6.331,   7.009,9999.000,9999.000,9999.000,9999.000,9999.000,9999.000,9999.000
202605300112,   6.483,   7.199,9999.000,9999.000,9999.000,9999.000,9999.000,9999.000,9999.000
202605300118,   6.626,   7.386,9999.000,9999.000,9999.000,9999.000,9999.000,9999.000,9999.000
202605300124,   6.761,   7.557,9999.000,9999.000,9999.000,9999.000,9999.000,9999.000,9999.000
202605300130,   6.887,   7.737,9999.000,9999.000,9999.000,9999.000,9999.000,9999.000,9999.000
202605300136,   7.005,   7.868,9999.000,9999.000,9999.000,9999.000,9999.000,9999.000,9999.000
202605300142,   7.116,   8.016,9999.000,9999.000,9999.000,9999.000,9999.000,9999.000,9999.000
202605300148,   7.219,   8.137,9999.000,9999.000,9999.000,9999.000,9999.000,9999.000,9999.000
202605300154,   7.315,   8.259,9999.000,9999.000,9999.000,9999.000,9999.000,9999.000,9999.000
202605300200,   7.405,   8.347,   0.700,   0.242,   8.347,   0.600,   8.247,   0.800,   8.447
202605300206,   7.488,   8.439,9999.000,9999.000,9999.000,9999.000,9999.000,9999.000,9999.000
202605300212,   7.566,   8.518,9999.000,9999.000,9999.000,9999.000,9999.000,9999.000,9999.000
202605300218,   7.638,   8.577,9999.000,9999.000,9999.000,9999.000,9999.000,9999.000,9999.000
202605300224,   7.705,   8.616,9999.000,9999.000,9999.000,9999.000,9999.000,9999.000,9999.000
202605300230,   7.767,   8.649,9999.000,9999.000,9999.000,9999.000,9999.000,9999.000,9999.000
202605300236,   7.824,   8.698,9999.000,9999.000,9999.000,9999.000,9999.000,9999.000,9999.000
202605300242,   7.876,   8.718,9999.000,9999.000,9999.000,9999.000,9999.000,9999.000,9999.000
202605300248,   7.923,   8.728,9999.000,9999.000,9999.000,9999.000,9999.000,9999.000,9999.000
202605300254,   7.964,   8.718,9999.000,9999.000,9999.000,9999.000,9999.000,9999.000,9999.000
202605300300,   8.000,   8.737,   0.700,   0.037,   8.737,   0.700,   8.737,   0.800,   8.837
202605300306,   8.030,   8.737,9999.000,9999.000,9999.000,9999.000,9999.000,9999.000,9999.000
202605300312,   8.054,   8.737,9999.000,9999.000,9999.000,9999.000,9999.000,9999.000,9999.000
202605300318,   8.071,   8.728,9999.000,9999.000,9999.000,9999.000,9999.000,9999.000,9999.000
202605300324,   8.082,   8.718,9999.000,9999.000,9999.000,9999.000,9999.000,9999.000,9999.000
202605300330,   8.084,   8.708,9999.000,9999.000,9999.000,9999.000,9999.000,9999.000,9999.000
202605300336,   8.078,   8.688,9999.000,9999.000,9999.000,9999.000,9999.000,9999.000,9999.000
202605300342,   8.064,   8.649,9999.000,9999.000,9999.000,9999.000,9999.000,9999.000,9999.000
202605300348,   8.040,   8.616,9999.000,9999.000,9999.000,9999.000,9999.000,9999.000,9999.000
202605300354,   8.007,   8.577,9999.000,9999.000,9999.000,9999.000,9999.000,9999.000,9999.000
202605300400,   7.964,   8.537,   0.700,  -0.127,   8.537,   0.700,   8.537,   0.800,   8.637
202605300406,   7.910,   8.478,9999.000,9999.000,9999.000,9999.000,9999.000,9999.000,9999.000
202605300412,   7.845,   8.449,9999.000,9999.000,9999.000,9999.000,9999.000,9999.000,9999.000
202605300418,   7.769,   8.377,9999.000,9999.000,9999.000,9999.000,9999.000,9999.000,9999.000
202605300424,   7.682,   8.298,9999.000,9999.000,9999.000,9999.000,9999.000,9999.000,9999.000
202605300430,   7.583,   8.216,9999.000,9999.000,9999.000,9999.000,9999.000,9999.000,9999.000
202605300436,   7.473,   8.147,9999.000,9999.000,9999.000,9999.000,9999.000,9999.000,9999.000
202605300442,   7.351,   8.039,9999.000,9999.000,9999.000,9999.000,9999.000,9999.000,9999.000
202605300448,   7.218,   7.917,9999.000,9999.000,9999.000,9999.000,9999.000,9999.000,9999.000
202605300454,   7.074,   7.796,9999.000,9999.000,9999.000,9999.000,9999.000,9999.000,9999.000
202605300500,   6.920,   7.678,   0.700,   0.058,   7.678,   0.700,   7.678,   0.800,   7.778
202605300506,   6.755,   7.547,9999.000,9999.000,9999.000,9999.000,9999.000,9999.000,9999.000
202605300512,   6.581,   7.376,9999.000,9999.000,9999.000,9999.000,9999.000,9999.000,9999.000
202605300518,   6.398,   7.229,9999.000,9999.000,9999.000,9999.000,9999.000,9999.000,9999.000
202605300524,   6.206,   7.058,9999.000,9999.000,9999.000,9999.000,9999.000,9999.000,9999.000
202605300530,   6.008,   6.868,9999.000,9999.000,9999.000,9999.000,9999.000,9999.000,9999.000
202605300536,   5.803,   6.687,9999.000,9999.000,9999.000,9999.000,9999.000,9999.000,9999.000
202605300542,   5.593,   6.477,9999.000,9999.000,9999.000,9999.000,9999.000,9999.000,9999.000
202605300548,   5.378,   6.277,9999.000,9999.000,9999.000,9999.000,9999.000,9999.000,9999.000
202605300554,   5.161,   6.087,9999.000,9999.000,9999.000,9999.000,9999.000,9999.000,9999.000
202605300600,   4.941,   5.858,   0.800,   0.117,   5.858,   0.700,   5.758,   0.800,   5.858
202605300606,   4.719,   5.628,9999.000,9999.000,9999.000,9999.000,9999.000,9999.000,9999.000
202605300612,   4.498,   5.428,9999.000,9999.000,9999.000,9999.000,9999.000,9999.000,9999.000
202605300618,   4.278,   5.228,9999.000,9999.000,9999.000,9999.000,9999.000,9999.000,9999.000
202605300624,   4.060,   4.998,9999.000,9999.000,9999.000,9999.000,9999.000,9999.000,9999.000
202605300630,   3.845,   4.828,9999.000,9999.000,9999.000,9999.000,9999.000,9999.000,9999.000
202605300636,   3.634,   4.598,9999.000,9999.000,9999.000,9999.000,9999.000,9999.000,9999.000
202605300642,   3.427,   4.368,9999.000,9999.000,9999.000,9999.000,9999.000,9999.000,9999.000
202605300648,   3.226,   4.159,9999.000,9999.000,9999.000,9999.000,9999.000,9999.000,9999.000
202605300654,   3.032,   3.978,9999.000,9999.000,9999.000,9999.000,9999.000,9999.000,9999.000
202605300700,   2.844,   3.798,   0.700,   0.254,   3.798,   0.700,   3.798,   0.800,   3.898
202605300706,   2.664,   3.578,9999.000,9999.000,9999.000,9999.000,9999.000,9999.000,9999.000
202605300712,   2.491,   3.378,9999.000,9999.000,9999.000,9999.000,9999.000,9999.000,9999.000
202605300718,   2.325,   3.178,9999.000,9999.000,9999.000,9999.000,9999.000,9999.000,9999.000
202605300724,   2.168,   2.997,9999.000,9999.000,9999.000,9999.000,9999.000,9999.000,9999.000
202605300730,   2.018,   2.830,9999.000,9999.000,9999.000,9999.000,9999.000,9999.000,9999.000
202605300736,   1.876,   2.660,9999.000,9999.000,9999.000,9999.000,9999.000,9999.000,9999.000
202605300742,   1.742,   2.499,9999.000,9999.000,9999.000,9999.000,9999.000,9999.000,9999.000
202605300748,   1.614,   2.338,9999.000,9999.000,9999.000,9999.000,9999.000,9999.000,9999.000
202605300754,   1.494,   2.168,9999.000,9999.000,9999.000,9999.000,9999.000,9999.000,9999.000
202605300800,   1.379,   2.030,   0.700,  -0.049,   2.030,   0.600,   1.930,   0.800,   2.130
202605300806,   1.270,   1.918,9999.000,9999.000,9999.000,9999.000,9999.000,9999.000,9999.000
202605300812,   1.167,   1.781,9999.000,9999.000,9999.000,9999.000,9999.000,9999.000,9999.000
202605300818,   1.068,   1.679,9999.000,9999.000,9999.000,9999.000,9999.000,9999.000,9999.000
202605300824,   0.974,   1.571,9999.000,9999.000,9999.000,9999.000,9999.000,9999.000,9999.000
202605300830,   0.883,   1.498,9999.000,9999.000,9999.000,9999.000,9999.000,9999.000,9999.000
202605300836,   0.795,   1.459,9999.000,9999.000,9999.000,9999.000,9999.000,9999.000,9999.000
202605300842,   0.711,   1.410,9999.000,9999.000,9999.000,9999.000,9999.000,9999.000,9999.000
202605300848,   0.629,   1.361,9999.000,9999.000,9999.000,9999.000,9999.000,9999.000,9999.000
202605300854,   0.549,   1.328,9999.000,9999.000,9999.000,9999.000,9999.000,9999.000,9999.000
202605300900,   0.472,   1.328,   0.600,   0.256,   1.328,   0.500,   1.228,   0.700,   1.428
202605300906,   0.398,   1.298,9999.000,9999.000,9999.000,9999.000,9999.000,9999.000,9999.000
202605300912,   0.326,   1.279,9999.000,9999.000,9999.000,9999.000,9999.000,9999.000,9999.000
202605300918,   0.258,   1.259,9999.000,9999.000,9999.000,9999.000,9999.000,9999.000,9999.000
202605300924,   0.193,   1.229,9999.000,9999.000,9999.000,9999.000,9999.000,9999.000,9999.000
202605300930,   0.132,   1.200,9999.000,9999.000,9999.000,9999.000,9999.000,9999.000,9999.000
202605300936,   0.076,   1.151,9999.000,9999.000,9999.000,9999.000,9999.000,9999.000,9999.000
202605300942,   0.025,   1.098,9999.000,9999.000,9999.000,9999.000,9999.000,9999.000,9999.000
202605300948,  -0.018,   1.059,9999.000,9999.000,9999.000,9999.000,9999.000,9999.000,9999.000
202605300954,  -0.055,   0.990,9999.000,9999.000,9999.000,9999.000,9999.000,9999.000,9999.000
202605301000,  -0.083,   0.928,   0.600,   0.411,   0.928,   0.500,   0.828,   0.700,   1.028
202605301006,  -0.102,   0.879,9999.000,9999.000,9999.000,9999.000,9999.000,9999.000,9999.000
202605301012,  -0.110,   0.839,9999.000,9999.000,9999.000,9999.000,9999.000,9999.000,9999.000
202605301018,  -0.107,   0.780,9999.000,9999.000,9999.000,9999.000,9999.000,9999.000,9999.000
202605301024,  -0.092,   0.741,9999.000,9999.000,9999.000,9999.000,9999.000,9999.000,9999.000
202605301030,  -0.064,   0.731,9999.000,9999.000,9999.000,9999.000,9999.000,9999.000,9999.000
202605301036,  -0.022,   0.708,9999.000,9999.000,9999.000,9999.000,9999.000,9999.000,9999.000
202605301042,   0.033,   0.718,9999.000,9999.000,9999.000,9999.000,9999.000,9999.000,9999.000
202605301048,   0.104,   0.741,9999.000,9999.000,9999.000,9999.000,9999.000,9999.000,9999.000
202605301054,   0.190,   0.790,9999.000,9999.000,9999.000,9999.000,9999.000,9999.000,9999.000
202605301100,   0.291,   0.829,   0.600,  -0.062,   0.829,   0.400,   0.629,   0.700,   0.929
202605301106,   0.408,   0.888,9999.000,9999.000,9999.000,9999.000,9999.000,9999.000,9999.000
202605301112,   0.539,   0.970,9999.000,9999.000,9999.000,9999.000,9999.000,9999.000,9999.000
202605301118,   0.684,   1.069,9999.000,9999.000,9999.000,9999.000,9999.000,9999.000,9999.000
202605301124,   0.843,   1.200,9999.000,9999.000,9999.000,9999.000,9999.000,9999.000,9999.000
202605301130,   1.015,   1.338,9999.000,9999.000,9999.000,9999.000,9999.000,9999.000,9999.000
202605301136,   1.199,   1.489,9999.000,9999.000,9999.000,9999.000,9999.000,9999.000,9999.000
202605301142,   1.394,   1.649,9999.000,9999.000,9999.000,9999.000,9999.000,9999.000,9999.000
202605301148,   1.598,   1.810,9999.000,9999.000,9999.000,9999.000,9999.000,9999.000,9999.000
202605301154,   1.811,   2.020,9999.000,9999.000,9999.000,9999.000,9999.000,9999.000,9999.000
202605301200,   2.030,   2.220,   0.700,  -0.510,   2.220,   0.600,   2.120,   0.800,   2.320
202605301206,   2.255,   2.440,9999.000,9999.000,9999.000,9999.000,9999.000,9999.000,9999.000
202605301212,   2.483,   2.679,9999.000,9999.000,9999.000,9999.000,9999.000,9999.000,9999.000
202605301218,   2.714,   2.909,9999.000,9999.000,9999.000,9999.000,9999.000,9999.000,9999.000
202605301224,   2.945,   3.148,9999.000,9999.000,9999.000,9999.000,9999.000,9999.000,9999.000
202605301230,   3.176,   3.407,9999.000,9999.000,9999.000,9999.000,9999.000,9999.000,9999.000
202605301236,   3.404,   3.650,9999.000,9999.000,9999.000,9999.000,9999.000,9999.000,9999.000
202605301242,   3.630,   3.880,9999.000,9999.000,9999.000,9999.000,9999.000,9999.000,9999.000
202605301248,   3.851,   4.099,9999.000,9999.000,9999.000,9999.000,9999.000,9999.000,9999.000
202605301254,   4.066,   4.329,9999.000,9999.000,9999.000,9999.000,9999.000,9999.000,9999.000
202605301300,   4.275,   4.578,   0.600,  -0.297,   4.578,   0.500,   4.478,   0.700,   4.678
202605301306,   4.477,   4.798,9999.000,9999.000,9999.000,9999.000,9999.000,9999.000,9999.000
202605301312,   4.672,   5.008,9999.000,9999.000,9999.000,9999.000,9999.000,9999.000,9999.000
202605301318,   4.858,   5.218,9999.000,9999.000,9999.000,9999.000,9999.000,9999.000,9999.000
202605301324,   5.035,   5.438,9999.000,9999.000,9999.000,9999.000,9999.000,9999.000,9999.000
202605301330,   5.204,   5.638,9999.000,9999.000,9999.000,9999.000,9999.000,9999.000,9999.000
202605301336,   5.364,   5.799,9999.000,9999.000,9999.000,9999.000,9999.000,9999.000,9999.000
202605301342,   5.516,   5.959,9999.000,9999.000,9999.000,9999.000,9999.000,9999.000,9999.000
202605301348,   5.659,   6.117,9999.000,9999.000,9999.000,9999.000,9999.000,9999.000,9999.000
202605301354,   5.794,   6.258,9999.000,9999.000,9999.000,9999.000,9999.000,9999.000,9999.000
202605301400,   5.922,   6.399,   0.500,  -0.023,   6.399,   0.400,   6.299,   0.700,   6.599
202605301406,   6.042,   6.527,9999.000,9999.000,9999.000,9999.000,9999.000,9999.000,9999.000
202605301412,   6.155,   6.668,9999.000,9999.000,9999.000,9999.000,9999.000,9999.000,9999.000
202605301418,   6.261,   6.799,9999.000,9999.000,9999.000,9999.000,9999.000,9999.000,9999.000
202605301424,   6.361,   6.897,9999.000,9999.000,9999.000,9999.000,9999.000,9999.000,9999.000
202605301430,   6.456,   6.979,9999.000,9999.000,9999.000,9999.000,9999.000,9999.000,9999.000
202605301436,   6.545,   7.068,9999.000,9999.000,9999.000,9999.000,9999.000,9999.000,9999.000
202605301442,   6.629,   7.156,9999.000,9999.000,9999.000,9999.000,9999.000,9999.000,9999.000
202605301448,   6.708,   7.219,9999.000,9999.000,9999.000,9999.000,9999.000,9999.000,9999.000
202605301454,   6.783,   7.278,9999.000,9999.000,9999.000,9999.000,9999.000,9999.000,9999.000
202605301500,   6.853,   7.337,   0.500,  -0.016,   7.337,   0.400,   7.237,   0.600,   7.437
202605301506,   6.919,   7.376,9999.000,9999.000,9999.000,9999.000,9999.000,9999.000,9999.000
202605301512,   6.980,   7.409,9999.000,9999.000,9999.000,9999.000,9999.000,9999.000,9999.000
202605301518,   7.036,   7.429,9999.000,9999.000,9999.000,9999.000,9999.000,9999.000,9999.000
202605301524,   7.087,   7.448,9999.000,9999.000,9999.000,9999.000,9999.000,9999.000,9999.000
202605301530,   7.133,   7.468,9999.000,9999.000,9999.000,9999.000,9999.000,9999.000,9999.000
202605301536,   7.173,   7.498,9999.000,9999.000,9999.000,9999.000,9999.000,9999.000,9999.000
202605301542,   7.207,   7.537,9999.000,9999.000,9999.000,9999.000,9999.000,9999.000,9999.000
202605301548,   7.234,   7.566,9999.000,9999.000,9999.000,9999.000,9999.000,9999.000,9999.000
202605301554,   7.255,   7.609,9999.000,9999.000,9999.000,9999.000,9999.000,9999.000,9999.000
202605301600,   7.267,   7.639,   0.500,  -0.128,   7.639,   0.400,   7.539,   0.600,   7.739
202605301606,   7.272,   7.678,9999.000,9999.000,9999.000,9999.000,9999.000,9999.000,9999.000
202605301612,   7.267,   7.688,9999.000,9999.000,9999.000,9999.000,9999.000,9999.000,9999.000
202605301618,   7.253,   7.707,9999.000,9999.000,9999.000,9999.000,9999.000,9999.000,9999.000
202605301624,   7.230,   7.737,9999.000,9999.000,9999.000,9999.000,9999.000,9999.000,9999.000
202605301630,   7.196,   7.757,9999.000,9999.000,9999.000,9999.000,9999.000,9999.000,9999.000
202605301636,   7.152,   7.786,9999.000,9999.000,9999.000,9999.000,9999.000,9999.000,9999.000
202605301642,   7.097,   7.776,9999.000,9999.000,9999.000,9999.000,9999.000,9999.000,9999.000
202605301648,   7.031,   7.786,9999.000,9999.000,9999.000,9999.000,9999.000,9999.000,9999.000
202605301654,   6.954,   7.757,9999.000,9999.000,9999.000,9999.000,9999.000,9999.000,9999.000
202605301700,   6.865,   7.727,   0.600,   0.262,   7.727,   0.500,   7.627,   0.600,   7.727
202605301706,   6.765,   7.668,9999.000,9999.000,9999.000,9999.000,9999.000,9999.000,9999.000
202605301712,   6.654,   7.586,9999.000,9999.000,9999.000,9999.000,9999.000,9999.000,9999.000
202605301718,   6.533,   7.527,9999.000,9999.000,9999.000,9999.000,9999.000,9999.000,9999.000
202605301724,   6.400,   7.458,9999.000,9999.000,9999.000,9999.000,9999.000,9999.000,9999.000
202605301730,   6.258,   7.399,9999.000,9999.000,9999.000,9999.000,9999.000,9999.000,9999.000
202605301736,   6.106,   7.268,9999.000,9999.000,9999.000,9999.000,9999.000,9999.000,9999.000
202605301742,   5.946,   7.156,9999.000,9999.000,9999.000,9999.000,9999.000,9999.000,9999.000
202605301748,   5.778,   7.038,9999.000,9999.000,9999.000,9999.000,9999.000,9999.000,9999.000
202605301754,   5.602,   6.897,9999.000,9999.000,9999.000,9999.000,9999.000,9999.000,9999.000
202605301800,   5.420,   6.737,   0.600,   0.717,   6.737,   0.500,   6.637,   0.700,   6.837
202605301806,   5.233,   6.569,9999.000,9999.000,9999.000,9999.000,9999.000,9999.000,9999.000
202605301812,   5.042,   6.379,9999.000,9999.000,9999.000,9999.000,9999.000,9999.000,9999.000
202605301818,   4.848,   6.179,9999.000,9999.000,9999.000,9999.000,9999.000,9999.000,9999.000
202605301824,   4.651,   5.999,9999.000,9999.000,9999.000,9999.000,9999.000,9999.000,9999.000
202605301830,   4.454,   5.808,9999.000,9999.000,9999.000,9999.000,9999.000,9999.000,9999.000
202605301836,   4.257,   5.618,9999.000,9999.000,9999.000,9999.000,9999.000,9999.000,9999.000
202605301842,   4.061,   5.398,9999.000,9999.000,9999.000,9999.000,9999.000,9999.000,9999.000
202605301848,   3.868,   5.208,9999.000,9999.000,9999.000,9999.000,9999.000,9999.000,9999.000
202605301854,   3.679,   5.008,9999.000,9999.000,9999.000,9999.000,9999.000,9999.000,9999.000
202605301900,   3.493,   4.808,   0.700,   0.615,   4.808,   0.600,   4.708,   0.800,   4.908
202605301906,   3.313,   4.608,9999.000,9999.000,9999.000,9999.000,9999.000,9999.000,9999.000
202605301912,   3.139,   4.408,9999.000,9999.000,9999.000,9999.000,9999.000,9999.000,9999.000
202605301918,   2.972,   4.198,9999.000,9999.000,9999.000,9999.000,9999.000,9999.000,9999.000
202605301924,   2.812,   4.008,9999.000,9999.000,9999.000,9999.000,9999.000,9999.000,9999.000
202605301930,   2.660,   3.817,9999.000,9999.000,9999.000,9999.000,9999.000,9999.000,9999.000
202605301936,   2.516,   3.627,9999.000,9999.000,9999.000,9999.000,9999.000,9999.000,9999.000
202605301942,   2.381,   3.450,9999.000,9999.000,9999.000,9999.000,9999.000,9999.000,9999.000
202605301948,   2.254,   3.270,9999.000,9999.000,9999.000,9999.000,9999.000,9999.000,9999.000
202605301954,   2.136,   3.119,9999.000,9999.000,9999.000,9999.000,9999.000,9999.000,9999.000
202605302000,   2.026,   2.958,   0.700,   0.232,   2.958,   0.600,   2.858,   0.900,   3.158
202605302006,   1.924,   2.807,9999.000,9999.000,9999.000,9999.000,9999.000,9999.000,9999.000
202605302012,   1.830,   2.669,9999.000,9999.000,9999.000,9999.000,9999.000,9999.000,9999.000
202605302018,   1.743,   2.548,9999.000,9999.000,9999.000,9999.000,9999.000,9999.000,9999.000
202605302024,   1.664,   2.420,9999.000,9999.000,9999.000,9999.000,9999.000,9999.000,9999.000
202605302030,   1.590,   2.318,9999.000,9999.000,9999.000,9999.000,9999.000,9999.000,9999.000
202605302036,   1.523,   2.210,9999.000,9999.000,9999.000,9999.000,9999.000,9999.000,9999.000
202605302042,   1.460,   2.128,9999.000,9999.000,9999.000,9999.000,9999.000,9999.000,9999.000
202605302048,   1.403,   2.059,9999.000,9999.000,9999.000,9999.000,9999.000,9999.000,9999.000
202605302054,   1.349,   2.020,9999.000,9999.000,9999.000,9999.000,9999.000,9999.000,9999.000
202605302100,   1.299,   2.000,   0.800,  -0.099,   2.000,   0.600,   1.800,   0.900,   2.100
202605302106,   1.253,   1.990,9999.000,9999.000,9999.000,9999.000,9999.000,9999.000,9999.000
202605302112,   1.209,   1.967,9999.000,9999.000,9999.000,9999.000,9999.000,9999.000,9999.000
202605302118,   1.168,   1.981,9999.000,9999.000,9999.000,9999.000,9999.000,9999.000,9999.000
202605302124,   1.129,   1.990,9999.000,9999.000,9999.000,9999.000,9999.000,9999.000,9999.000
202605302130,   1.093,   2.010,9999.000,9999.000,9999.000,9999.000,9999.000,9999.000,9999.000
202605302136,   1.060,   2.020,9999.000,9999.000,9999.000,9999.000,9999.000,9999.000,9999.000
202605302142,   1.029,   2.040,9999.000,9999.000,9999.000,9999.000,9999.000,9999.000,9999.000
202605302148,   1.002,   2.059,9999.000,9999.000,9999.000,9999.000,9999.000,9999.000,9999.000
202605302154,   0.978,   2.069,9999.000,9999.000,9999.000,9999.000,9999.000,9999.000,9999.000
202605302200,   0.959,   2.059,   0.800,   0.300,   2.059,   0.600,   1.859,   1.000,   2.259
202605302206,   0.944,   2.069,9999.000,9999.000,9999.000,9999.000,9999.000,9999.000,9999.000
202605302212,   0.936,   2.069,9999.000,9999.000,9999.000,9999.000,9999.000,9999.000,9999.000
202605302218,   0.934,   2.040,9999.000,9999.000,9999.000,9999.000,9999.000,9999.000,9999.000
202605302224,   0.940,   2.020,9999.000,9999.000,9999.000,9999.000,9999.000,9999.000,9999.000
202605302230,   0.955,   2.000,9999.000,9999.000,9999.000,9999.000,9999.000,9999.000,9999.000
202605302236,   0.978,   1.981,9999.000,9999.000,9999.000,9999.000,9999.000,9999.000,9999.000
202605302242,   1.013,   1.958,9999.000,9999.000,9999.000,9999.000,9999.000,9999.000,9999.000
202605302248,   1.058,   1.948,9999.000,9999.000,9999.000,9999.000,9999.000,9999.000,9999.000
202605302254,   1.116,   1.938,9999.000,9999.000,9999.000,9999.000,9999.000,9999.000,9999.000
202605302300,   1.186,   1.948,   0.800,  -0.038,   1.948,   0.600,   1.748,   1.100,   2.248
202605302306,   1.269,   1.981,9999.000,9999.000,9999.000,9999.000,9999.000,9999.000,9999.000
202605302312,   1.366,   2.030,9999.000,9999.000,9999.000,9999.000,9999.000,9999.000,9999.000
202605302318,   1.476,   2.079,9999.000,9999.000,9999.000,9999.000,9999.000,9999.000,9999.000
202605302324,   1.601,   2.138,9999.000,9999.000,9999.000,9999.000,9999.000,9999.000,9999.000
202605302330,   1.739,   2.230,9999.000,9999.000,9999.000,9999.000,9999.000,9999.000,9999.000
202605302336,   1.891,   2.318,9999.000,9999.000,9999.000,9999.000,9999.000,9999.000,9999.000
202605302342,   2.055,   2.430,9999.000,9999.000,9999.000,9999.000,9999.000,9999.000,9999.000
202605302348,   2.232,   2.558,9999.000,9999.000,9999.000,9999.000,9999.000,9999.000,9999.000
202605302354,   2.420,   2.709,9999.000,9999.000,9999.000,9999.000,9999.000,9999.000,9999.000
202605310000,   2.619,   2.850,   0.800,  -0.569,   2.850,   0.600,   2.650,   1.000,   3.050
202605310006,   2.827,   3.017,9999.000,9999.000,9999.000,9999.000,9999.000,9999.000,9999.000
202605310012,   3.043,   3.178,9999.000,9999.000,9999.000,9999.000,9999.000,9999.000,9999.000
202605310018,   3.266,   3.358,9999.000,9999.000,9999.000,9999.000,9999.000,9999.000,9999.000
202605310024,   3.493,   3.578,9999.000,9999.000,9999.000,9999.000,9999.000,9999.000,9999.000
202605310030,   3.725,   3.778,9999.000,9999.000,9999.000,9999.000,9999.000,9999.000,9999.000
202605310036,   3.958,   4.017,9999.000,9999.000,9999.000,9999.000,9999.000,9999.000,9999.000
202605310042,   4.193,   4.247,9999.000,9999.000,9999.000,9999.000,9999.000,9999.000,9999.000
202605310048,   4.426,   4.480,9999.000,9999.000,9999.000,9999.000,9999.000,9999.000,9999.000
202605310054,   4.656,   4.700,9999.000,9999.000,9999.000,9999.000,9999.000,9999.000,9999.000
202605310100,   4.883,   4.939,   0.900,  -0.844,   4.939,   0.700,   4.739,   1.100,   5.139
202605310106,   5.105,   5.159,9999.000,9999.000,9999.000,9999.000,9999.000,9999.000,9999.000
202605310112,   5.321,   5.398,9999.000,9999.000,9999.000,9999.000,9999.000,9999.000,9999.000
202605310118,   5.529,   5.628,9999.000,9999.000,9999.000,9999.000,9999.000,9999.000,9999.000
202605310124,   5.729,   5.867,9999.000,9999.000,9999.000,9999.000,9999.000,9999.000,9999.000
202605310130,   5.920,   6.097,9999.000,9999.000,9999.000,9999.000,9999.000,9999.000,9999.000
202605310136,   6.102,   6.336,9999.000,9999.000,9999.000,9999.000,9999.000,9999.000,9999.000
202605310142,   6.274,   6.589,9999.000,9999.000,9999.000,9999.000,9999.000,9999.000,9999.000
202605310148,   6.435,   6.828,9999.000,9999.000,9999.000,9999.000,9999.000,9999.000,9999.000
202605310154,   6.587,   7.058,9999.000,9999.000,9999.000,9999.000,9999.000,9999.000,9999.000
202605310200,   6.728,   7.307,   1.000,  -0.421,   7.307,   0.700,   7.007,   1.200,   7.507
202605310206,   6.858,   7.537,9999.000,9999.000,9999.000,9999.000,9999.000,9999.000,9999.000
202605310212,   6.979,   7.757,9999.000,9999.000,9999.000,9999.000,9999.000,9999.000,9999.000
202605310218,   7.090,   7.957,9999.000,9999.000,9999.000,9999.000,9999.000,9999.000,9999.000
202605310224,   7.193,   8.167,9999.000,9999.000,9999.000,9999.000,9999.000,9999.000,9999.000
202605310230,   7.286,   8.357,9999.000,9999.000,9999.000,9999.000,9999.000,9999.000,9999.000
202605310236,   7.371,   8.518,9999.000,9999.000,9999.000,9999.000,9999.000,9999.000,9999.000
202605310242,   7.449,   8.669,9999.000,9999.000,9999.000,9999.000,9999.000,9999.000,9999.000
202605310248,   7.520,   8.796,9999.000,9999.000,9999.000,9999.000,9999.000,9999.000,9999.000
202605310254,   7.584,   8.908,9999.000,9999.000,9999.000,9999.000,9999.000,9999.000,9999.000
202605310300,   7.642,   8.997,   1.100,   0.255,   8.997,   0.800,   8.697,   1.300,   9.197
202605310306,   7.694,   9.069,9999.000,9999.000,9999.000,9999.000,9999.000,9999.000,9999.000
202605310312,   7.741,   9.108,9999.000,9999.000,9999.000,9999.000,9999.000,9999.000,9999.000
202605310318,   7.782,   9.138,9999.000,9999.000,9999.000,9999.000,9999.000,9999.000,9999.000
202605310324,   7.819,   9.128,9999.000,9999.000,9999.000,9999.000,9999.000,9999.000,9999.000
202605310330,   7.851,   9.098,9999.000,9999.000,9999.000,9999.000,9999.000,9999.000,9999.000
202605310336,   7.878,   9.056,9999.000,9999.000,9999.000,9999.000,9999.000,9999.000,9999.000
202605310342,   7.901,   9.026,9999.000,9999.000,9999.000,9999.000,9999.000,9999.000,9999.000
202605310348,   7.918,   8.987,9999.000,9999.000,9999.000,9999.000,9999.000,9999.000,9999.000
202605310354,   7.930,   8.947,9999.000,9999.000,9999.000,9999.000,9999.000,9999.000,9999.000
202605310400,   7.937,   8.918,   1.100,  -0.119,   8.918,   0.800,   8.618,   1.400,   9.218
202605310406,   7.937,   8.878,9999.000,9999.000,9999.000,9999.000,9999.000,9999.000,9999.000
202605310412,   7.932,   8.836,9999.000,9999.000,9999.000,9999.000,9999.000,9999.000,9999.000
202605310418,   7.919,   8.806,9999.000,9999.000,9999.000,9999.000,9999.000,9999.000,9999.000
202605310424,   7.899,   8.767,9999.000,9999.000,9999.000,9999.000,9999.000,9999.000,9999.000
202605310430,   7.871,   8.718,9999.000,9999.000,9999.000,9999.000,9999.000,9999.000,9999.000
202605310436,   7.835,   8.669,9999.000,9999.000,9999.000,9999.000,9999.000,9999.000,9999.000
202605310442,   7.790,   8.606,9999.000,9999.000,9999.000,9999.000,9999.000,9999.000,9999.000
202605310448,   7.735,   8.537,9999.000,9999.000,9999.000,9999.000,9999.000,9999.000,9999.000
202605310454,   7.671,   8.459,9999.000,9999.000,9999.000,9999.000,9999.000,9999.000,9999.000
202605310500,   7.597,   8.386,   1.100,  -0.311,   8.386,   0.900,   8.186,   1.400,   8.686
202605310506,   7.512,   8.318,9999.000,9999.000,9999.000,9999.000,9999.000,9999.000,9999.000
202605310512,   7.416,   8.239,9999.000,9999.000,9999.000,9999.000,9999.000,9999.000,9999.000
202605310518,   7.310,   8.157,9999.000,9999.000,9999.000,9999.000,9999.000,9999.000,9999.000
202605310524,   7.192,   8.068,9999.000,9999.000,9999.000,9999.000,9999.000,9999.000,9999.000
202605310530,   7.064,   7.967,9999.000,9999.000,9999.000,9999.000,9999.000,9999.000,9999.000
202605310536,   6.925,   7.868,9999.000,9999.000,9999.000,9999.000,9999.000,9999.000,9999.000
202605310542,   6.775,   7.757,9999.000,9999.000,9999.000,9999.000,9999.000,9999.000,9999.000
202605310548,   6.615,   7.639,9999.000,9999.000,9999.000,9999.000,9999.000,9999.000,9999.000
202605310554,   6.446,   7.517,9999.000,9999.000,9999.000,9999.000,9999.000,9999.000,9999.000
202605310600,   6.267,   7.376,   1.100,   0.009,   7.376,   0.900,   7.176,   1.200,   7.476
202605310606,   6.079,   7.238,9999.000,9999.000,9999.000,9999.000,9999.000,9999.000,9999.000
202605310612,   5.884,   7.097,9999.000,9999.000,9999.000,9999.000,9999.000,9999.000,9999.000
202605310618,   5.682,   6.937,9999.000,9999.000,9999.000,9999.000,9999.000,9999.000,9999.000
202605310624,   5.474,   6.766,9999.000,9999.000,9999.000,9999.000,9999.000,9999.000,9999.000
202605310630,   5.261,   6.599,9999.000,9999.000,9999.000,9999.000,9999.000,9999.000,9999.000
202605310636,   5.044,   6.418,9999.000,9999.000,9999.000,9999.000,9999.000,9999.000,9999.000
202605310642,   4.824,   6.238,9999.000,9999.000,9999.000,9999.000,9999.000,9999.000,9999.000
202605310648,   4.602,   6.048,9999.000,9999.000,9999.000,9999.000,9999.000,9999.000,9999.000
202605310654,   4.379,   5.858,9999.000,9999.000,9999.000,9999.000,9999.000,9999.000,9999.000
202605310700,   4.157,   5.657,   1.100,   0.400,   5.657,   0.900,   5.457,   1.300,   5.857
202605310706,   3.936,   5.457,9999.000,9999.000,9999.000,9999.000,9999.000,9999.000,9999.000
202605310712,   3.717,   5.257,9999.000,9999.000,9999.000,9999.000,9999.000,9999.000,9999.000
202605310718,   3.503,   5.047,9999.000,9999.000,9999.000,9999.000,9999.000,9999.000,9999.000
202605310724,   3.292,   4.828,9999.000,9999.000,9999.000,9999.000,9999.000,9999.000,9999.000
202605310730,   3.088,   4.628,9999.000,9999.000,9999.000,9999.000,9999.000,9999.000,9999.000
202605310736,   2.889,   4.447,9999.000,9999.000,9999.000,9999.000,9999.000,9999.000,9999.000
202605310742,   2.698,   4.237,9999.000,9999.000,9999.000,9999.000,9999.000,9999.000,9999.000
202605310748,   2.514,   4.037,9999.000,9999.000,9999.000,9999.000,9999.000,9999.000,9999.000
202605310754,   2.338,   3.837,9999.000,9999.000,9999.000,9999.000,9999.000,9999.000,9999.000
202605310800,   2.170,   3.637,   1.200,   0.267,   3.637,   1.000,   3.437,   1.500,   3.937
202605310806,   2.011,   3.440,9999.000,9999.000,9999.000,9999.000,9999.000,9999.000,9999.000
202605310812,   1.861,   3.250,9999.000,9999.000,9999.000,9999.000,9999.000,9999.000,9999.000
202605310818,   1.719,   3.060,9999.000,9999.000,9999.000,9999.000,9999.000,9999.000,9999.000
202605310824,   1.586,   2.850,9999.000,9999.000,9999.000,9999.000,9999.000,9999.000,9999.000
202605310830,   1.462,   2.679,9999.000,9999.000,9999.000,9999.000,9999.000,9999.000,9999.000
202605310836,   1.345,   2.499,9999.000,9999.000,9999.000,9999.000,9999.000,9999.000,9999.000
202605310842,   1.236,   2.338,9999.000,9999.000,9999.000,9999.000,9999.000,9999.000,9999.000
202605310848,   1.134,   2.191,9999.000,9999.000,9999.000,9999.000,9999.000,9999.000,9999.000
202605310854,   1.039,   2.049,9999.000,9999.000,9999.000,9999.000,9999.000,9999.000,9999.000
202605310900,   0.950,   1.918,   1.300,  -0.332,   1.918,   1.100,   1.718,   1.500,   2.118
202605310906,   0.867,   1.820,9999.000,9999.000,9999.000,9999.000,9999.000,9999.000,9999.000
202605310912,   0.788,   1.689,9999.000,9999.000,9999.000,9999.000,9999.000,9999.000,9999.000
202605310918,   0.714,   1.610,9999.000,9999.000,9999.000,9999.000,9999.000,9999.000,9999.000
202605310924,   0.644,   1.528,9999.000,9999.000,9999.000,9999.000,9999.000,9999.000,9999.000
202605310930,   0.577,   1.459,9999.000,9999.000,9999.000,9999.000,9999.000,9999.000,9999.000
202605310936,   0.513,   1.410,9999.000,9999.000,9999.000,9999.000,9999.000,9999.000,9999.000
202605310942,   0.453,   1.348,9999.000,9999.000,9999.000,9999.000,9999.000,9999.000,9999.000
202605310948,   0.395,   1.318,9999.000,9999.000,9999.000,9999.000,9999.000,9999.000,9999.000
202605310954,   0.340,   1.289,9999.000,9999.000,9999.000,9999.000,9999.000,9999.000,9999.000
202605311000,   0.288,   1.239,   1.200,  -0.249,   1.239,   1.000,   1.039,   1.400,   1.439
202605311006,   0.239,   1.210,9999.000,9999.000,9999.000,9999.000,9999.000,9999.000,9999.000
202605311012,   0.194,   1.180,9999.000,9999.000,9999.000,9999.000,9999.000,9999.000,9999.000
202605311018,   0.152,   1.138,9999.000,9999.000,9999.000,9999.000,9999.000,9999.000,9999.000
202605311024,   0.116,   1.108,9999.000,9999.000,9999.000,9999.000,9999.000,9999.000,9999.000
202605311030,   0.084,   1.059,9999.000,9999.000,9999.000,9999.000,9999.000,9999.000,9999.000
202605311036,   0.059,   1.010,9999.000,9999.000,9999.000,9999.000,9999.000,9999.000,9999.000
202605311042,   0.042,   0.980,9999.000,9999.000,9999.000,9999.000,9999.000,9999.000,9999.000
202605311048,   0.032,   0.951,9999.000,9999.000,9999.000,9999.000,9999.000,9999.000,9999.000
202605311054,   0.031,   0.918,9999.000,9999.000,9999.000,9999.000,9999.000,9999.000,9999.000
202605311100,   0.040,   0.898,   1.100,  -0.242,   0.898,   0.900,   0.698,   1.400,   1.198
202605311106,   0.060,   0.888,9999.000,9999.000,9999.000,9999.000,9999.000,9999.000,9999.000
202605311112,   0.091,   0.888,9999.000,9999.000,9999.000,9999.000,9999.000,9999.000,9999.000
202605311118,   0.135,   0.898,9999.000,9999.000,9999.000,9999.000,9999.000,9999.000,9999.000
202605311124,   0.192,   0.908,9999.000,9999.000,9999.000,9999.000,9999.000,9999.000,9999.000
202605311130,   0.263,   0.951,9999.000,9999.000,9999.000,9999.000,9999.000,9999.000,9999.000
202605311136,   0.349,   1.010,9999.000,9999.000,9999.000,9999.000,9999.000,9999.000,9999.000
202605311142,   0.448,   1.049,9999.000,9999.000,9999.000,9999.000,9999.000,9999.000,9999.000
202605311148,   0.562,   1.098,9999.000,9999.000,9999.000,9999.000,9999.000,9999.000,9999.000
202605311154,   0.691,   1.180,9999.000,9999.000,9999.000,9999.000,9999.000,9999.000,9999.000
202605311200,   0.834,   1.259,   1.000,  -0.575,   1.259,   0.800,   1.059,   1.200,   1.459
202605311206,   0.991,   1.390,9999.000,9999.000,9999.000,9999.000,9999.000,9999.000,9999.000
202605311212,   1.160,   1.518,9999.000,9999.000,9999.000,9999.000,9999.000,9999.000,9999.000
202605311218,   1.342,   1.659,9999.000,9999.000,9999.000,9999.000,9999.000,9999.000,9999.000
202605311224,   1.535,   1.840,9999.000,9999.000,9999.000,9999.000,9999.000,9999.000,9999.000
202605311230,   1.739,   2.020,9999.000,9999.000,9999.000,9999.000,9999.000,9999.000,9999.000
202605311236,   1.951,   2.220,9999.000,9999.000,9999.000,9999.000,9999.000,9999.000,9999.000
202605311242,   2.170,   2.410,9999.000,9999.000,9999.000,9999.000,9999.000,9999.000,9999.000
202605311248,   2.396,   2.650,9999.000,9999.000,9999.000,9999.000,9999.000,9999.000,9999.000
202605311254,   2.626,   2.879,9999.000,9999.000,9999.000,9999.000,9999.000,9999.000,9999.000
202605311300,   2.859,   3.109,   0.900,  -0.650,   3.109,   0.800,   3.009,   1.100,   3.309
202605311306,   3.093,   3.348,9999.000,9999.000,9999.000,9999.000,9999.000,9999.000,9999.000
202605311312,   3.328,   3.578,9999.000,9999.000,9999.000,9999.000,9999.000,9999.000,9999.000
202605311318,   3.560,   3.808,9999.000,9999.000,9999.000,9999.000,9999.000,9999.000,9999.000
202605311324,   3.790,   4.047,9999.000,9999.000,9999.000,9999.000,9999.000,9999.000,9999.000
202605311330,   4.015,   4.290,9999.000,9999.000,9999.000,9999.000,9999.000,9999.000,9999.000
202605311336,   4.234,   4.509,9999.000,9999.000,9999.000,9999.000,9999.000,9999.000,9999.000
202605311342,   4.447,   4.739,9999.000,9999.000,9999.000,9999.000,9999.000,9999.000,9999.000
202605311348,   4.653,   4.969,9999.000,9999.000,9999.000,9999.000,9999.000,9999.000,9999.000
202605311354,   4.850,   5.179,9999.000,9999.000,9999.000,9999.000,9999.000,9999.000,9999.000
202605311400,   5.038,   5.389,   0.900,  -0.549,   5.389,   0.700,   5.189,   1.000,   5.489
202605311406,   5.217,   5.569,9999.000,9999.000,9999.000,9999.000,9999.000,9999.000,9999.000
202605311412,   5.386,   5.759,9999.000,9999.000,9999.000,9999.000,9999.000,9999.000,9999.000
202605311418,   5.545,   5.940,9999.000,9999.000,9999.000,9999.000,9999.000,9999.000,9999.000
202605311424,   5.694,   6.087,9999.000,9999.000,9999.000,9999.000,9999.000,9999.000,9999.000
202605311430,   5.834,   6.248,9999.000,9999.000,9999.000,9999.000,9999.000,9999.000,9999.000
202605311436,   5.964,   6.389,9999.000,9999.000,9999.000,9999.000,9999.000,9999.000,9999.000
202605311442,   6.086,   6.527,9999.000,9999.000,9999.000,9999.000,9999.000,9999.000,9999.000
202605311448,   6.198,   6.648,9999.000,9999.000,9999.000,9999.000,9999.000,9999.000,9999.000
202605311454,   6.303,   6.766,9999.000,9999.000,9999.000,9999.000,9999.000,9999.000,9999.000
202605311500,   6.399,   6.868,   0.800,  -0.331,   6.868,   0.700,   6.768,   0.900,   6.968
202605311506,   6.489,   6.956,9999.000,9999.000,9999.000,9999.000,9999.000,9999.000,9999.000
202605311512,   6.572,   7.038,9999.000,9999.000,9999.000,9999.000,9999.000,9999.000,9999.000
202605311518,   6.648,   7.107,9999.000,9999.000,9999.000,9999.000,9999.000,9999.000,9999.000
202605311524,   6.719,   7.156,9999.000,9999.000,9999.000,9999.000,9999.000,9999.000,9999.000
202605311530,   6.785,   7.189,9999.000,9999.000,9999.000,9999.000,9999.000,9999.000,9999.000
202605311536,   6.846,   7.209,9999.000,9999.000,9999.000,9999.000,9999.000,9999.000,9999.000
202605311542,   6.902,   7.248,9999.000,9999.000,9999.000,9999.000,9999.000,9999.000,9999.000
202605311548,   6.954,   7.278,9999.000,9999.000,9999.000,9999.000,9999.000,9999.000,9999.000
202605311554,   7.001,   7.297,9999.000,9999.000,9999.000,9999.000,9999.000,9999.000,9999.000
202605311600,   7.044,   7.317,   0.700,  -0.427,   7.317,   0.600,   7.217,   0.800,   7.417
202605311606,   7.083,   7.347,9999.000,9999.000,9999.000,9999.000,9999.000,9999.000,9999.000
202605311612,   7.117,   7.357,9999.000,9999.000,9999.000,9999.000,9999.000,9999.000,9999.000
202605311618,   7.146,   7.366,9999.000,9999.000,9999.000,9999.000,9999.000,9999.000,9999.000
202605311624,   7.170,   7.376,9999.000,9999.000,9999.000,9999.000,9999.000,9999.000,9999.000
202605311630,   7.189,   7.376,9999.000,9999.000,9999.000,9999.000,9999.000,9999.000,9999.000
202605311636,   7.201,   7.399,9999.000,9999.000,9999.000,9999.000,9999.000,9999.000,9999.000
202605311642,   7.207,   7.429,9999.000,9999.000,9999.000,9999.000,9999.000,9999.000,9999.000
202605311648,   7.206,   7.429,9999.000,9999.000,9999.000,9999.000,9999.000,9999.000,9999.000
202605311654,   7.197,   7.419,9999.000,9999.000,9999.000,9999.000,9999.000,9999.000,9999.000
202605311700,   7.180,   7.409,   0.600,  -0.371,   7.409,   0.400,   7.209,   0.700,   7.509
202605311706,   7.154,   7.419,9999.000,9999.000,9999.000,9999.000,9999.000,9999.000,9999.000
202605311712,   7.119,   7.409,9999.000,9999.000,9999.000,9999.000,9999.000,9999.000,9999.000
202605311718,   7.075,   7.386,9999.000,9999.000,9999.000,9999.000,9999.000,9999.000,9999.000
202605311724,   7.021,   7.347,9999.000,9999.000,9999.000,9999.000,9999.000,9999.000,9999.000
202605311730,   6.956,   7.317,9999.000,9999.000,9999.000,9999.000,9999.000,9999.000,9999.000
202605311736,   6.881,   7.307,9999.000,9999.000,9999.000,9999.000,9999.000,9999.000,9999.000
202605311742,   6.795,   7.258,9999.000,9999.000,9999.000,9999.000,9999.000,9999.000,9999.000
202605311748,   6.698,   7.199,9999.000,9999.000,9999.000,9999.000,9999.000,9999.000,9999.000
202605311754,   6.590,   7.137,9999.000,9999.000,9999.000,9999.000,9999.000,9999.000,9999.000
202605311800,   6.472,   7.068,   0.400,   0.196,   7.068,   0.300,   6.968,   0.500,   7.168
202605311806,   6.343,   6.999,9999.000,9999.000,9999.000,9999.000,9999.000,9999.000,9999.000
202605311812,   6.205,   6.907,9999.000,9999.000,9999.000,9999.000,9999.000,9999.000,9999.000
202605311818,   6.056,   6.799,9999.000,9999.000,9999.000,9999.000,9999.000,9999.000,9999.000
202605311824,   5.898,   6.678,9999.000,9999.000,9999.000,9999.000,9999.000,9999.000,9999.000
202605311830,   5.733,   6.537,9999.000,9999.000,9999.000,9999.000,9999.000,9999.000,9999.000
202605311836,   5.559,   6.399,9999.000,9999.000,9999.000,9999.000,9999.000,9999.000,9999.000
202605311842,   5.378,   6.238,9999.000,9999.000,9999.000,9999.000,9999.000,9999.000,9999.000
202605311848,   5.192,   6.067,9999.000,9999.000,9999.000,9999.000,9999.000,9999.000,9999.000
202605311854,   5.001,   5.887,9999.000,9999.000,9999.000,9999.000,9999.000,9999.000,9999.000
202605311900,   4.806,   5.717,   0.400,   0.511,   5.717,   0.300,   5.617,   0.500,   5.817
202605311906,   4.608,   5.539,9999.000,9999.000,9999.000,9999.000,9999.000,9999.000,9999.000
202605311912,   4.409,   5.359,9999.000,9999.000,9999.000,9999.000,9999.000,9999.000,9999.000
202605311918,   4.209,   5.169,9999.000,9999.000,9999.000,9999.000,9999.000,9999.000,9999.000
202605311924,   4.010,   4.979,9999.000,9999.000,9999.000,9999.000,9999.000,9999.000,9999.000
202605311930,   3.813,   4.788,9999.000,9999.000,9999.000,9999.000,9999.000,9999.000,9999.000
202605311936,   3.618,   4.608,9999.000,9999.000,9999.000,9999.000,9999.000,9999.000,9999.000
202605311942,   3.428,   4.418,9999.000,9999.000,9999.000,9999.000,9999.000,9999.000,9999.000
202605311948,   3.243,   4.218,9999.000,9999.000,9999.000,9999.000,9999.000,9999.000,9999.000
202605311954,   3.063,   4.017,9999.000,9999.000,9999.000,9999.000,9999.000,9999.000,9999.000
202605312000,   2.890,   3.827,   0.400,   0.537,   3.827,   0.300,   3.727,   0.600,   4.027
202605312006,   2.725,   3.650,9999.000,9999.000,9999.000,9999.000,9999.000,9999.000,9999.000
202605312012,   2.567,   3.489,9999.000,9999.000,9999.000,9999.000,9999.000,9999.000,9999.000
202605312018,   2.418,   3.319,9999.000,9999.000,9999.000,9999.000,9999.000,9999.000,9999.000
202605312024,   2.278,   3.138,9999.000,9999.000,9999.000,9999.000,9999.000,9999.000,9999.000
202605312030,   2.148,   2.978,9999.000,9999.000,9999.000,9999.000,9999.000,9999.000,9999.000
202605312036,   2.026,   2.830,9999.000,9999.000,9999.000,9999.000,9999.000,9999.000,9999.000
202605312042,   1.914,   2.679,9999.000,9999.000,9999.000,9999.000,9999.000,9999.000,9999.000
202605312048,   1.811,   2.558,9999.000,9999.000,9999.000,9999.000,9999.000,9999.000,9999.000
202605312054,   1.717,   2.410,9999.000,9999.000,9999.000,9999.000,9999.000,9999.000,9999.000
202605312100,   1.631,   2.269,   0.500,   0.138,   2.269,   0.300,   2.069,   0.600,   2.369
202605312106,   1.554,   2.168,9999.000,9999.000,9999.000,9999.000,9999.000,9999.000,9999.000
202605312112,   1.485,   2.069,9999.000,9999.000,9999.000,9999.000,9999.000,9999.000,9999.000
202605312118,   1.423,   1.981,9999.000,9999.000,9999.000,9999.000,9999.000,9999.000,9999.000
202605312124,   1.367,   1.918,9999.000,9999.000,9999.000,9999.000,9999.000,9999.000,9999.000
202605312130,   1.317,   1.869,9999.000,9999.000,9999.000,9999.000,9999.000,9999.000,9999.000
202605312136,   1.273,   1.830,9999.000,9999.000,9999.000,9999.000,9999.000,9999.000,9999.000
202605312142,   1.234,   1.767,9999.000,9999.000,9999.000,9999.000,9999.000,9999.000,9999.000
202605312148,   1.199,   1.748,9999.000,9999.000,9999.000,9999.000,9999.000,9999.000,9999.000
202605312154,   1.167,   1.738,9999.000,9999.000,9999.000,9999.000,9999.000,9999.000,9999.000
202605312200,   1.140,   1.728,   0.500,   0.088,   1.728,   0.400,   1.628,   0.600,   1.828
202605312206,   1.115,   1.718,9999.000,9999.000,9999.000,9999.000,9999.000,9999.000,9999.000
202605312212,   1.093,   1.708,9999.000,9999.000,9999.000,9999.000,9999.000,9999.000,9999.000
202605312218,   1.074,   1.718,9999.000,9999.000,9999.000,9999.000,9999.000,9999.000,9999.000
202605312224,   1.058,   1.699,9999.000,9999.000,9999.000,9999.000,9999.000,9999.000,9999.000
202605312230,   1.045,   1.699,9999.000,9999.000,9999.000,9999.000,9999.000,9999.000,9999.000
202605312236,   1.036,   1.689,9999.000,9999.000,9999.000,9999.000,9999.000,9999.000,9999.000
202605312242,   1.030,   1.708,9999.000,9999.000,9999.000,9999.000,9999.000,9999.000,9999.000
202605312248,   1.028,   1.699,9999.000,9999.000,9999.000,9999.000,9999.000,9999.000,9999.000
202605312254,   1.032,   1.708,9999.000,9999.000,9999.000,9999.000,9999.000,9999.000,9999.000
202605312300,   1.041,   1.728,   0.500,   0.187,   1.728,   0.400,   1.628,   0.600,   1.828
202605312306,   1.056,   1.748,9999.000,9999.000,9999.000,9999.000,9999.000,9999.000,9999.000
202605312312,   1.079,   1.767,9999.000,9999.000,9999.000,9999.000,9999.000,9999.000,9999.000
202605312318,   1.110,   1.800,9999.000,9999.000,9999.000,9999.000,9999.000,9999.000,9999.000
202605312324,   1.150,   1.879,9999.000,9999.000,9999.000,9999.000,9999.000,9999.000,9999.000
202605312330,   1.199,   1.928,9999.000,9999.000,9999.000,9999.000,9999.000,9999.000,9999.000
202605312336,   1.259,   2.010,9999.000,9999.000,9999.000,9999.000,9999.000,9999.000,9999.000
202605312342,   1.331,   2.089,9999.000,9999.000,9999.000,9999.000,9999.000,9999.000,9999.000
202605312348,   1.414,   2.191,9999.000,9999.000,9999.000,9999.000,9999.000,9999.000,9999.000
202605312354,   1.510,   2.299,9999.000,9999.000,9999.000,9999.000,9999.000,9999.000,9999.000
202606010000,   1.618,   2.420,   0.500,   0.302,   2.420,   0.400,   2.320,   0.600,   2.520
202606010006,   1.740,   2.558,9999.000,9999.000,9999.000,9999.000,9999.000,9999.000,9999.000
202606010012,   1.875,   2.699,9999.000,9999.000,9999.000,9999.000,9999.000,9999.000,9999.000
202606010018,   2.022,   2.860,9999.000,9999.000,9999.000,9999.000,9999.000,9999.000,9999.000
202606010024,   2.182,   3.017,9999.000,9999.000,9999.000,9999.000,9999.000,9999.000,9999.000
202606010030,   2.354,   3.197,9999.000,9999.000,9999.000,9999.000,9999.000,9999.000,9999.000
202606010036,   2.538,   3.388,9999.000,9999.000,9999.000,9999.000,9999.000,9999.000,9999.000
202606010042,   2.732,   3.588,9999.000,9999.000,9999.000,9999.000,9999.000,9999.000,9999.000
202606010048,   2.936,   3.788,9999.000,9999.000,9999.000,9999.000,9999.000,9999.000,9999.000
202606010054,   3.147,   3.988,9999.000,9999.000,9999.000,9999.000,9999.000,9999.000,9999.000
202606010100,   3.366,   4.208,   0.500,   0.342,   4.208,   0.400,   4.108,   0.600,   4.308
202606010106,   3.591,   4.418,9999.000,9999.000,9999.000,9999.000,9999.000,9999.000,9999.000
202606010112,   3.820,   4.628,9999.000,9999.000,9999.000,9999.000,9999.000,9999.000,9999.000
202606010118,   4.051,   4.837,9999.000,9999.000,9999.000,9999.000,9999.000,9999.000,9999.000
202606010124,   4.284,   5.057,9999.000,9999.000,9999.000,9999.000,9999.000,9999.000,9999.000
202606010130,   4.516,   5.277,9999.000,9999.000,9999.000,9999.000,9999.000,9999.000,9999.000
202606010136,   4.746,   5.487,9999.000,9999.000,9999.000,9999.000,9999.000,9999.000,9999.000
202606010142,   4.972,   5.697,9999.000,9999.000,9999.000,9999.000,9999.000,9999.000,9999.000
202606010148,   5.194,   5.897,9999.000,9999.000,9999.000,9999.000,9999.000,9999.000,9999.000
202606010154,   5.409,   6.097,9999.000,9999.000,9999.000,9999.000,9999.000,9999.000,9999.000
202606010200,   5.618,   6.287,   0.600,   0.069,   6.287,   0.500,   6.187,   0.700,   6.387
202606010206,   5.817,   6.487,9999.000,9999.000,9999.000,9999.000,9999.000,9999.000,9999.000
202606010212,   6.008,   6.668,9999.000,9999.000,9999.000,9999.000,9999.000,9999.000,9999.000
202606010218,   6.188,   6.848,9999.000,9999.000,9999.000,9999.000,9999.000,9999.000,9999.000
202606010224,   6.359,   7.019,9999.000,9999.000,9999.000,9999.000,9999.000,9999.000,9999.000
202606010230,   6.518,   7.189,9999.000,9999.000,9999.000,9999.000,9999.000,9999.000,9999.000
202606010236,   6.666,   7.347,9999.000,9999.000,9999.000,9999.000,9999.000,9999.000,9999.000
202606010242,   6.802,   7.498,9999.000,9999.000,9999.000,9999.000,9999.000,9999.000,9999.000
202606010248,   6.928,   7.648,9999.000,9999.000,9999.000,9999.000,9999.000,9999.000,9999.000
202606010254,   7.042,   7.786,9999.000,9999.000,9999.000,9999.000,9999.000,9999.000,9999.000
202606010300,   7.146,   7.917,   0.600,   0.171,   7.917,   0.500,   7.817,   0.700,   8.017
202606010306,   7.240,   8.039,9999.000,9999.000,9999.000,9999.000,9999.000,9999.000,9999.000
202606010312,   7.323,   8.167,9999.000,9999.000,9999.000,9999.000,9999.000,9999.000,9999.000
202606010318,   7.398,   8.288,9999.000,9999.000,9999.000,9999.000,9999.000,9999.000,9999.000
202606010324,   7.464,   8.386,9999.000,9999.000,9999.000,9999.000,9999.000,9999.000,9999.000
202606010330,   7.522,   8.459,9999.000,9999.000,9999.000,9999.000,9999.000,9999.000,9999.000
202606010336,   7.573,   8.527,9999.000,9999.000,9999.000,9999.000,9999.000,9999.000,9999.000
202606010342,   7.617,   8.577,9999.000,9999.000,9999.000,9999.000,9999.000,9999.000,9999.000
202606010348,   7.655,   8.606,9999.000,9999.000,9999.000,9999.000,9999.000,9999.000,9999.000
202606010354,   7.687,   8.626,9999.000,9999.000,9999.000,9999.000,9999.000,9999.000,9999.000
202606010400,   7.713,   8.659,   0.700,   0.246,   8.659,   0.600,   8.559,   0.700,   8.659
202606010406,   7.735,   8.678,9999.000,9999.000,9999.000,9999.000,9999.000,9999.000,9999.000
202606010412,   7.752,   8.698,9999.000,9999.000,9999.000,9999.000,9999.000,9999.000,9999.000
202606010418,   7.765,   8.708,9999.000,9999.000,9999.000,9999.000,9999.000,9999.000,9999.000
202606010424,   7.774,   8.728,9999.000,9999.000,9999.000,9999.000,9999.000,9999.000,9999.000
202606010430,   7.778,   8.737,9999.000,9999.000,9999.000,9999.000,9999.000,9999.000,9999.000
202606010436,   7.777,   8.747,9999.000,9999.000,9999.000,9999.000,9999.000,9999.000,9999.000
202606010442,   7.772,   8.737,9999.000,9999.000,9999.000,9999.000,9999.000,9999.000,9999.000
202606010448,   7.762,   8.718,9999.000,9999.000,9999.000,9999.000,9999.000,9999.000,9999.000
202606010454,   7.747,   8.688,9999.000,9999.000,9999.000,9999.000,9999.000,9999.000,9999.000
202606010500,   7.726,   8.659,   0.700,   0.233,   8.659,   0.600,   8.559,   0.700,   8.659
202606010506,   7.699,   8.616,9999.000,9999.000,9999.000,9999.000,9999.000,9999.000,9999.000
202606010512,   7.665,   8.567,9999.000,9999.000,9999.000,9999.000,9999.000,9999.000,9999.000
202606010518,   7.624,   8.518,9999.000,9999.000,9999.000,9999.000,9999.000,9999.000,9999.000
202606010524,   7.576,   8.449,9999.000,9999.000,9999.000,9999.000,9999.000,9999.000,9999.000
202606010530,   7.519,   8.377,9999.000,9999.000,9999.000,9999.000,9999.000,9999.000,9999.000
202606010536,   7.454,   8.298,9999.000,9999.000,9999.000,9999.000,9999.000,9999.000,9999.000
202606010542,   7.380,   8.206,9999.000,9999.000,9999.000,9999.000,9999.000,9999.000,9999.000
202606010548,   7.296,   8.127,9999.000,9999.000,9999.000,9999.000,9999.000,9999.000,9999.000
202606010554,   7.203,   8.039,9999.000,9999.000,9999.000,9999.000,9999.000,9999.000,9999.000
202606010600,   7.100,   7.947,   0.800,   0.047,   7.947,   0.700,   7.847,   0.800,   7.947
202606010606,   6.986,   7.839,9999.000,9999.000,9999.000,9999.000,9999.000,9999.000,9999.000
202606010612,   6.863,   7.727,9999.000,9999.000,9999.000,9999.000,9999.000,9999.000,9999.000
202606010618,   6.729,   7.586,9999.000,9999.000,9999.000,9999.000,9999.000,9999.000,9999.000
202606010624,   6.585,   7.448,9999.000,9999.000,9999.000,9999.000,9999.000,9999.000,9999.000
202606010630,   6.431,   7.297,9999.000,9999.000,9999.000,9999.000,9999.000,9999.000,9999.000
202606010636,   6.267,   7.127,9999.000,9999.000,9999.000,9999.000,9999.000,9999.000,9999.000
202606010642,   6.094,   6.947,9999.000,9999.000,9999.000,9999.000,9999.000,9999.000,9999.000
202606010648,   5.913,   6.746,9999.000,9999.000,9999.000,9999.000,9999.000,9999.000,9999.000
202606010654,   5.724,   6.556,9999.000,9999.000,9999.000,9999.000,9999.000,9999.000,9999.000
202606010700,   5.528,   6.359,   0.700,   0.131,   6.359,   0.600,   6.259,   0.800,   6.459
202606010706,   5.325,   6.159,9999.000,9999.000,9999.000,9999.000,9999.000,9999.000,9999.000
202606010712,   5.116,   5.959,9999.000,9999.000,9999.000,9999.000,9999.000,9999.000,9999.000
202606010718,   4.904,   5.749,9999.000,9999.000,9999.000,9999.000,9999.000,9999.000,9999.000
202606010724,   4.687,   5.539,9999.000,9999.000,9999.000,9999.000,9999.000,9999.000,9999.000
202606010730,   4.468,   5.320,9999.000,9999.000,9999.000,9999.000,9999.000,9999.000,9999.000
202606010736,   4.248,   5.110,9999.000,9999.000,9999.000,9999.000,9999.000,9999.000,9999.000
202606010742,   4.028,   4.877,9999.000,9999.000,9999.000,9999.000,9999.000,9999.000,9999.000
202606010748,   3.808,   4.647,9999.000,9999.000,9999.000,9999.000,9999.000,9999.000,9999.000
202606010754,   3.591,   4.418,9999.000,9999.000,9999.000,9999.000,9999.000,9999.000,9999.000
202606010800,   3.376,   4.198,   0.700,   0.122,   4.198,   0.600,   4.098,   0.700,   4.198
202606010806,   3.166,   3.968,9999.000,9999.000,9999.000,9999.000,9999.000,9999.000,9999.000
202606010812,   2.961,   3.749,9999.000,9999.000,9999.000,9999.000,9999.000,9999.000,9999.000
202606010818,   2.761,   3.548,9999.000,9999.000,9999.000,9999.000,9999.000,9999.000,9999.000
202606010824,   2.569,   3.329,9999.000,9999.000,9999.000,9999.000,9999.000,9999.000,9999.000
202606010830,   2.383,   3.129,9999.000,9999.000,9999.000,9999.000,9999.000,9999.000,9999.000
202606010836,   2.206,   2.929,9999.000,9999.000,9999.000,9999.000,9999.000,9999.000,9999.000
202606010842,   2.038,   2.728,9999.000,9999.000,9999.000,9999.000,9999.000,9999.000,9999.000
202606010848,   1.879,   2.538,9999.000,9999.000,9999.000,9999.000,9999.000,9999.000,9999.000
202606010854,   1.728,   2.348,9999.000,9999.000,9999.000,9999.000,9999.000,9999.000,9999.000
202606010900,   1.588,   2.177,   0.600,  -0.011,   2.177,   0.500,   2.077,   0.700,   2.277
202606010906,   1.456,   2.020,9999.000,9999.000,9999.000,9999.000,9999.000,9999.000,9999.000
202606010912,   1.334,   1.869,9999.000,9999.000,9999.000,9999.000,9999.000,9999.000,9999.000
202606010918,   1.221,   1.728,9999.000,9999.000,9999.000,9999.000,9999.000,9999.000,9999.000
202606010924,   1.117,   1.600,9999.000,9999.000,9999.000,9999.000,9999.000,9999.000,9999.000
202606010930,   1.021,   1.459,9999.000,9999.000,9999.000,9999.000,9999.000,9999.000,9999.000
202606010936,   0.933,   1.338,9999.000,9999.000,9999.000,9999.000,9999.000,9999.000,9999.000
202606010942,   0.853,   1.249,9999.000,9999.000,9999.000,9999.000,9999.000,9999.000,9999.000
202606010948,   0.779,   1.180,9999.000,9999.000,9999.000,9999.000,9999.000,9999.000,9999.000
202606010954,   0.712,   1.088,9999.000,9999.000,9999.000,9999.000,9999.000,9999.000,9999.000
202606011000,   0.650,   1.059,   0.600,  -0.191,   1.059,   0.500,   0.959,   0.700,   1.159
202606011006,   0.594,   1.029,9999.000,9999.000,9999.000,9999.000,9999.000,9999.000,9999.000
202606011012,   0.542,   1.000,9999.000,9999.000,9999.000,9999.000,9999.000,9999.000,9999.000
202606011018,   0.494,   0.990,9999.000,9999.000,9999.000,9999.000,9999.000,9999.000,9999.000
202606011024,   0.450,   0.990,9999.000,9999.000,9999.000,9999.000,9999.000,9999.000,9999.000
202606011030,   0.410,   0.990,9999.000,9999.000,9999.000,9999.000,9999.000,9999.000,9999.000
202606011036,   0.372,   0.990,9999.000,9999.000,9999.000,9999.000,9999.000,9999.000,9999.000
202606011042,   0.339,   0.980,9999.000,9999.000,9999.000,9999.000,9999.000,9999.000,9999.000
202606011048,   0.308,   0.970,9999.000,9999.000,9999.000,9999.000,9999.000,9999.000,9999.000
202606011054,   0.281,   0.941,9999.000,9999.000,9999.000,9999.000,9999.000,9999.000,9999.000
202606011100,   0.257,   0.908,   0.600,   0.051,   0.908,   0.500,   0.808,   0.700,   1.008
202606011106,   0.238,   0.888,9999.000,9999.000,9999.000,9999.000,9999.000,9999.000,9999.000
202606011112,   0.223,   0.869,9999.000,9999.000,9999.000,9999.000,9999.000,9999.000,9999.000
202606011118,   0.213,   0.839,9999.000,9999.000,9999.000,9999.000,9999.000,9999.000,9999.000
202606011124,   0.210,   0.819,9999.000,9999.000,9999.000,9999.000,9999.000,9999.000,9999.000
202606011130,   0.213,   0.790,9999.000,9999.000,9999.000,9999.000,9999.000,9999.000,9999.000
202606011136,   0.224,   0.780,9999.000,9999.000,9999.000,9999.000,9999.000,9999.000,9999.000
202606011142,   0.243,   0.780,9999.000,9999.000,9999.000,9999.000,9999.000,9999.000,9999.000
202606011148,   0.272,   0.790,9999.000,9999.000,9999.000,9999.000,9999.000,9999.000,9999.000
202606011154,   0.310,   0.819,9999.000,9999.000,9999.000,9999.000,9999.000,9999.000,9999.000
202606011200,   0.360,   0.859,   0.800,  -0.301,   0.859,   0.700,   0.759,   0.800,   0.859
202606011206,   0.421,   0.908,9999.000,9999.000,9999.000,9999.000,9999.000,9999.000,9999.000
202606011212,   0.495,   1.000,9999.000,9999.000,9999.000,9999.000,9999.000,9999.000,9999.000
202606011218,   0.582,   1.088,9999.000,9999.000,9999.000,9999.000,9999.000,9999.000,9999.000
202606011224,   0.681,   1.180,9999.000,9999.000,9999.000,9999.000,9999.000,9999.000,9999.000
202606011230,   0.794,   1.298,9999.000,9999.000,9999.000,9999.000,9999.000,9999.000,9999.000
202606011236,   0.921,   1.430,9999.000,9999.000,9999.000,9999.000,9999.000,9999.000,9999.000
202606011242,   1.061,   1.580,9999.000,9999.000,9999.000,9999.000,9999.000,9999.000,9999.000
202606011248,   1.214,   1.738,9999.000,9999.000,9999.000,9999.000,9999.000,9999.000,9999.000
202606011254,   1.379,   1.899,9999.000,9999.000,9999.000,9999.000,9999.000,9999.000,9999.000
202606011300,   1.557,   2.089,   0.800,  -0.268,   2.089,   0.700,   1.989,   0.900,   2.189
202606011306,   1.745,   2.279,9999.000,9999.000,9999.000,9999.000,9999.000,9999.000,9999.000
202606011312,   1.944,   2.489,9999.000,9999.000,9999.000,9999.000,9999.000,9999.000,9999.000
202606011318,   2.152,   2.699,9999.000,9999.000,9999.000,9999.000,9999.000,9999.000,9999.000
202606011324,   2.367,   2.929,9999.000,9999.000,9999.000,9999.000,9999.000,9999.000,9999.000
202606011330,   2.589,   3.158,9999.000,9999.000,9999.000,9999.000,9999.000,9999.000,9999.000
202606011336,   2.816,   3.388,9999.000,9999.000,9999.000,9999.000,9999.000,9999.000,9999.000
202606011342,   3.046,   3.627,9999.000,9999.000,9999.000,9999.000,9999.000,9999.000,9999.000
202606011348,   3.278,   3.880,9999.000,9999.000,9999.000,9999.000,9999.000,9999.000,9999.000
202606011354,   3.510,   4.119,9999.000,9999.000,9999.000,9999.000,9999.000,9999.000,9999.000
202606011400,   3.742,   4.368,   0.800,  -0.174,   4.368,   0.700,   4.268,   0.900,   4.468
202606011406,   3.970,   4.608,9999.000,9999.000,9999.000,9999.000,9999.000,9999.000,9999.000
202606011412,   4.194,   4.837,9999.000,9999.000,9999.000,9999.000,9999.000,9999.000,9999.000
202606011418,   4.413,   5.067,9999.000,9999.000,9999.000,9999.000,9999.000,9999.000,9999.000
202606011424,   4.626,   5.287,9999.000,9999.000,9999.000,9999.000,9999.000,9999.000,9999.000
202606011430,   4.830,   5.507,9999.000,9999.000,9999.000,9999.000,9999.000,9999.000,9999.000
202606011436,   5.027,   5.730,9999.000,9999.000,9999.000,9999.000,9999.000,9999.000,9999.000
202606011442,   5.214,   5.940,9999.000,9999.000,9999.000,9999.000,9999.000,9999.000,9999.000
202606011448,   5.391,   6.136,9999.000,9999.000,9999.000,9999.000,9999.000,9999.000,9999.000
202606011454,   5.558,   6.346,9999.000,9999.000,9999.000,9999.000,9999.000,9999.000,9999.000
202606011500,   5.714,   6.537,   0.800,   0.023,   6.537,   0.700,   6.437,   0.900,   6.637
202606011506,   5.860,   6.727,9999.000,9999.000,9999.000,9999.000,9999.000,9999.000,9999.000
202606011512,   5.996,   6.897,9999.000,9999.000,9999.000,9999.000,9999.000,9999.000,9999.000
202606011518,   6.121,   7.048,9999.000,9999.000,9999.000,9999.000,9999.000,9999.000,9999.000
202606011524,   6.236,   7.199,9999.000,9999.000,9999.000,9999.000,9999.000,9999.000,9999.000
202606011530,   6.341,   7.327,9999.000,9999.000,9999.000,9999.000,9999.000,9999.000,9999.000
202606011536,   6.437,   7.439,9999.000,9999.000,9999.000,9999.000,9999.000,9999.000,9999.000
202606011542,   6.524,   7.547,9999.000,9999.000,9999.000,9999.000,9999.000,9999.000,9999.000
202606011548,   6.603,   7.639,9999.000,9999.000,9999.000,9999.000,9999.000,9999.000,9999.000
202606011554,   6.674,   7.717,9999.000,9999.000,9999.000,9999.000,9999.000,9999.000,9999.000
202606011600,   6.739,   7.776,   0.800,   0.237,   7.776,   0.700,   7.676,   0.900,   7.876
202606011606,   6.797,   7.829,9999.000,9999.000,9999.000,9999.000,9999.000,9999.000,9999.000
202606011612,   6.850,   7.868,9999.000,9999.000,9999.000,9999.000,9999.000,9999.000,9999.000
202606011618,   6.897,   7.898,9999.000,9999.000,9999.000,9999.000,9999.000,9999.000,9999.000
202606011624,   6.939,   7.917,9999.000,9999.000,9999.000,9999.000,9999.000,9999.000,9999.000
202606011630,   6.976,   7.917,9999.000,9999.000,9999.000,9999.000,9999.000,9999.000,9999.000
202606011636,   7.010,   7.937,9999.000,9999.000,9999.000,9999.000,9999.000,9999.000,9999.000
202606011642,   7.039,   7.937,9999.000,9999.000,9999.000,9999.000,9999.000,9999.000,9999.000
202606011648,   7.064,   7.927,9999.000,9999.000,9999.000,9999.000,9999.000,9999.000,9999.000
202606011654,   7.084,   7.937,9999.000,9999.000,9999.000,9999.000,9999.000,9999.000,9999.000
202606011700,   7.101,   7.937,   0.800,   0.036,   7.937,   0.700,   7.837,   0.900,   8.037
202606011706,   7.113,   7.937,9999.000,9999.000,9999.000,9999.000,9999.000,9999.000,9999.000
202606011712,   7.120,   7.937,9999.000,9999.000,9999.000,9999.000,9999.000,9999.000,9999.000
202606011718,   7.123,   7.947,9999.000,9999.000,9999.000,9999.000,9999.000,9999.000,9999.000
202606011724,   7.120,   7.947,9999.000,9999.000,9999.000,9999.000,9999.000,9999.000,9999.000
202606011730,   7.111,   7.957,9999.000,9999.000,9999.000,9999.000,9999.000,9999.000,9999.000
202606011736,   7.095,   7.947,9999.000,9999.000,9999.000,9999.000,9999.000,9999.000,9999.000
202606011742,   7.073,9999.000,9999.000,9999.000,9999.000,9999.000,9999.000,9999.000,9999.000
202606011748,   7.043,9999.000,9999.000,9999.000,9999.000,9999.000,9999.000,9999.000,9999.000
202606011754,   7.005,9999.000,9999.000,9999.000,9999.000,9999.000,9999.000,9999.000,9999.000
202606011800,   6.959,9999.000,   0.800,   0.030,   7.789,   0.700,   7.689,   0.900,   7.889
202606011806,   6.903,9999.000,9999.000,9999.000,9999.000,9999.000,9999.000,9999.000,9999.000
202606011812,   6.839,9999.000,9999.000,9999.000,9999.000,9999.000,9999.000,9999.000,9999.000
202606011818,   6.765,9999.000,9999.000,9999.000,9999.000,9999.000,9999.000,9999.000,9999.000
202606011824,   6.681,9999.000,9999.000,9999.000,9999.000,9999.000,9999.000,9999.000,9999.000
202606011830,   6.587,9999.000,9999.000,9999.000,9999.000,9999.000,9999.000,9999.000,9999.000
202606011836,   6.483,9999.000,9999.000,9999.000,9999.000,9999.000,9999.000,9999.000,9999.000
202606011842,   6.369,9999.000,9999.000,9999.000,9999.000,9999.000,9999.000,9999.000,9999.000
202606011848,   6.245,9999.000,9999.000,9999.000,9999.000,9999.000,9999.000,9999.000,9999.000
202606011854,   6.111,9999.000,9999.000,9999.000,9999.000,9999.000,9999.000,9999.000,9999.000
202606011900,   5.967,9999.000,   0.800,   0.024,   6.791,   0.700,   6.691,   0.900,   6.891
202606011906,   5.815,9999.000,9999.000,9999.000,9999.000,9999.000,9999.000,9999.000,9999.000
202606011912,   5.654,9999.000,9999.000,9999.000,9999.000,9999.000,9999.000,9999.000,9999.000
202606011918,   5.485,9999.000,9999.000,9999.000,9999.000,9999.000,9999.000,9999.000,9999.000
202606011924,   5.310,9999.000,9999.000,9999.000,9999.000,9999.000,9999.000,9999.000,9999.000
202606011930,   5.128,9999.000,9999.000,9999.000,9999.000,9999.000,9999.000,9999.000,9999.000
202606011936,   4.940,9999.000,9999.000,9999.000,9999.000,9999.000,9999.000,9999.000,9999.000
202606011942,   4.748,9999.000,9999.000,9999.000,9999.000,9999.000,9999.000,9999.000,9999.000
202606011948,   4.553,9999.000,9999.000,9999.000,9999.000,9999.000,9999.000,9999.000,9999.000
202606011954,   4.356,9999.000,9999.000,9999.000,9999.000,9999.000,9999.000,9999.000,9999.000
202606012000,   4.157,9999.000,   0.800,   0.018,   4.975,   0.700,   4.875,   0.900,   5.075
202606012006,   3.958,9999.000,9999.000,9999.000,9999.000,9999.000,9999.000,9999.000,9999.000
202606012012,   3.760,9999.000,9999.000,9999.000,9999.000,9999.000,9999.000,9999.000,9999.000
202606012018,   3.565,9999.000,9999.000,9999.000,9999.000,9999.000,9999.000,9999.000,9999.000
202606012024,   3.372,9999.000,9999.000,9999.000,9999.000,9999.000,9999.000,9999.000,9999.000
202606012030,   3.184,9999.000,9999.000,9999.000,9999.000,9999.000,9999.000,9999.000,9999.000
202606012036,   3.002,9999.000,9999.000,9999.000,9999.000,9999.000,9999.000,9999.000,9999.000
202606012042,   2.825,9999.000,9999.000,9999.000,9999.000,9999.000,9999.000,9999.000,9999.000
202606012048,   2.656,9999.000,9999.000,9999.000,9999.000,9999.000,9999.000,9999.000,9999.000
202606012054,   2.494,9999.000,9999.000,9999.000,9999.000,9999.000,9999.000,9999.000,9999.000
202606012100,   2.341,9999.000,   0.800,   0.013,   3.154,   0.700,   3.054,   0.900,   3.254
202606012106,   2.196,9999.000,9999.000,9999.000,9999.000,9999.000,9999.000,9999.000,9999.000
202606012112,   2.062,9999.000,9999.000,9999.000,9999.000,9999.000,9999.000,9999.000,9999.000
202606012118,   1.936,9999.000,9999.000,9999.000,9999.000,9999.000,9999.000,9999.000,9999.000
202606012124,   1.821,9999.000,9999.000,9999.000,9999.000,9999.000,9999.000,9999.000,9999.000
202606012130,   1.716,9999.000,9999.000,9999.000,9999.000,9999.000,9999.000,9999.000,9999.000
202606012136,   1.620,9999.000,9999.000,9999.000,9999.000,9999.000,9999.000,9999.000,9999.000
202606012142,   1.534,9999.000,9999.000,9999.000,9999.000,9999.000,9999.000,9999.000,9999.000
202606012148,   1.457,9999.000,9999.000,9999.000,9999.000,9999.000,9999.000,9999.000,9999.000
202606012154,   1.390,9999.000,9999.000,9999.000,9999.000,9999.000,9999.000,9999.000,9999.000
202606012200,   1.331,9999.000,   0.900,   0.007,   2.238,   0.800,   2.138,   0.900,   2.238
202606012206,   1.279,9999.000,9999.000,9999.000,9999.000,9999.000,9999.000,9999.000,9999.000
202606012212,   1.236,9999.000,9999.000,9999.000,9999.000,9999.000,9999.000,9999.000,9999.000
202606012218,   1.199,9999.000,9999.000,9999.000,9999.000,9999.000,9999.000,9999.000,9999.000
202606012224,   1.168,9999.000,9999.000,9999.000,9999.000,9999.000,9999.000,9999.000,9999.000
202606012230,   1.143,9999.000,9999.000,9999.000,9999.000,9999.000,9999.000,9999.000,9999.000
202606012236,   1.123,9999.000,9999.000,9999.000,9999.000,9999.000,9999.000,9999.000,9999.000
202606012242,   1.108,9999.000,9999.000,9999.000,9999.000,9999.000,9999.000,9999.000,9999.000
202606012248,   1.097,9999.000,9999.000,9999.000,9999.000,9999.000,9999.000,9999.000,9999.000
202606012254,   1.089,9999.000,9999.000,9999.000,9999.000,9999.000,9999.000,9999.000,9999.000
202606012300,   1.085,9999.000,   0.900,   0.001,   1.986,   0.800,   1.886,   1.000,   2.086
202606012306,   1.084,9999.000,9999.000,9999.000,9999.000,9999.000,9999.000,9999.000,9999.000
202606012312,   1.087,9999.000,9999.000,9999.000,9999.000,9999.000,9999.000,9999.000,9999.000
202606012318,   1.093,9999.000,9999.000,9999.000,9999.000,9999.000,9999.000,9999.000,9999.000
202606012324,   1.103,9999.000,9999.000,9999.000,9999.000,9999.000,9999.000,9999.000,9999.000
202606012330,   1.116,9999.000,9999.000,9999.000,9999.000,9999.000,9999.000,9999.000,9999.000
202606012336,   1.133,9999.000,9999.000,9999.000,9999.000,9999.000,9999.000,9999.000,9999.000
202606012342,   1.156,9999.000,9999.000,9999.000,9999.000,9999.000,9999.000,9999.000,9999.000
202606012348,   1.183,9999.000,9999.000,9999.000,9999.000,9999.000,9999.000,9999.000,9999.000
202606012354,   1.217,9999.000,9999.000,9999.000,9999.000,9999.000,9999.000,9999.000,9999.000
202606020000,   1.257,9999.000,   0.900,  -0.005,   2.152,   0.800,   2.052,   1.000,   2.252
202606020006,   1.305,9999.000,9999.000,9999.000,9999.000,9999.000,9999.000,9999.000,9999.000
202606020012,   1.361,9999.000,9999.000,9999.000,9999.000,9999.000,9999.000,9999.000,9999.000
202606020018,   1.426,9999.000,9999.000,9999.000,9999.000,9999.000,9999.000,9999.000,9999.000
202606020024,   1.501,9999.000,9999.000,9999.000,9999.000,9999.000,9999.000,9999.000,9999.000
202606020030,   1.585,9999.000,9999.000,9999.000,9999.000,9999.000,9999.000,9999.000,9999.000
202606020036,   1.681,9999.000,9999.000,9999.000,9999.000,9999.000,9999.000,9999.000,9999.000
202606020042,   1.788,9999.000,9999.000,9999.000,9999.000,9999.000,9999.000,9999.000,9999.000
202606020048,   1.907,9999.000,9999.000,9999.000,9999.000,9999.000,9999.000,9999.000,9999.000
202606020054,   2.037,9999.000,9999.000,9999.000,9999.000,9999.000,9999.000,9999.000,9999.000
202606020100,   2.180,9999.000,   0.900,  -0.011,   3.069,   0.800,   2.969,   1.000,   3.169
202606020106,   2.334,9999.000,9999.000,9999.000,9999.000,9999.000,9999.000,9999.000,9999.000
202606020112,   2.499,9999.000,9999.000,9999.000,9999.000,9999.000,9999.000,9999.000,9999.000
202606020118,   2.675,9999.000,9999.000,9999.000,9999.000,9999.000,9999.000,9999.000,9999.000
202606020124,   2.861,9999.000,9999.000,9999.000,9999.000,9999.000,9999.000,9999.000,9999.000
202606020130,   3.057,9999.000,9999.000,9999.000,9999.000,9999.000,9999.000,9999.000,9999.000
202606020136,   3.260,9999.000,9999.000,9999.000,9999.000,9999.000,9999.000,9999.000,9999.000
202606020142,   3.471,9999.000,9999.000,9999.000,9999.000,9999.000,9999.000,9999.000,9999.000
202606020148,   3.688,9999.000,9999.000,9999.000,9999.000,9999.000,9999.000,9999.000,9999.000
202606020154,   3.910,9999.000,9999.000,9999.000,9999.000,9999.000,9999.000,9999.000,9999.000
202606020200,   4.135,9999.000,   0.900,  -0.017,   5.018,   0.800,   4.918,   1.000,   5.118
202606020206,   4.361,9999.000,9999.000,9999.000,9999.000,9999.000,9999.000,9999.000,9999.000
202606020212,   4.588,9999.000,9999.000,9999.000,9999.000,9999.000,9999.000,9999.000,9999.000
202606020218,   4.813,9999.000,9999.000,9999.000,9999.000,9999.000,9999.000,9999.000,9999.000
202606020224,   5.035,9999.000,9999.000,9999.000,9999.000,9999.000,9999.000,9999.000,9999.000
202606020230,   5.254,9999.000,9999.000,9999.000,9999.000,9999.000,9999.000,9999.000,9999.000
202606020236,   5.466,9999.000,9999.000,9999.000,9999.000,9999.000,9999.000,9999.000,9999.000
202606020242,   5.672,9999.000,9999.000,9999.000,9999.000,9999.000,9999.000,9999.000,9999.000
202606020248,   5.869,9999.000,9999.000,9999.000,9999.000,9999.000,9999.000,9999.000,9999.000
202606020254,   6.058,9999.000,9999.000,9999.000,9999.000,9999.000,9999.000,9999.000,9999.000
202606020300,   6.236,9999.000,   0.900,  -0.022,   7.114,   0.800,   7.014,   1.000,   7.214
202606020306,   6.404,9999.000,9999.000,9999.000,9999.000,9999.000,9999.000,9999.000,9999.000
202606020312,   6.561,9999.000,9999.000,9999.000,9999.000,9999.000,9999.000,9999.000,9999.000
202606020318,   6.706,9999.000,9999.000,9999.000,9999.000,9999.000,9999.000,9999.000,9999.000
202606020324,   6.840,9999.000,9999.000,9999.000,9999.000,9999.000,9999.000,9999.000,9999.000
202606020330,   6.962,9999.000,9999.000,9999.000,9999.000,9999.000,9999.000,9999.000,9999.000
202606020336,   7.072,9999.000,9999.000,9999.000,9999.000,9999.000,9999.000,9999.000,9999.000
202606020342,   7.170,9999.000,9999.000,9999.000,9999.000,9999.000,9999.000,9999.000,9999.000
202606020348,   7.258,9999.000,9999.000,9999.000,9999.000,9999.000,9999.000,9999.000,9999.000
202606020354,   7.334,9999.000,9999.000,9999.000,9999.000,9999.000,9999.000,9999.000,9999.000
202606020400,   7.401,9999.000,   0.800,  -0.028,   8.173,   0.700,   8.073,   0.900,   8.273
202606020406,   7.458,9999.000,9999.000,9999.000,9999.000,9999.000,9999.000,9999.000,9999.000
202606020412,   7.506,9999.000,9999.000,9999.000,9999.000,9999.000,9999.000,9999.000,9999.000
202606020418,   7.546,9999.000,9999.000,9999.000,9999.000,9999.000,9999.000,9999.000,9999.000
202606020424,   7.578,9999.000,9999.000,9999.000,9999.000,9999.000,9999.000,9999.000,9999.000
202606020430,   7.604,9999.000,9999.000,9999.000,9999.000,9999.000,9999.000,9999.000,9999.000
202606020436,   7.623,9999.000,9999.000,9999.000,9999.000,9999.000,9999.000,9999.000,9999.000
202606020442,   7.636,9999.000,9999.000,9999.000,9999.000,9999.000,9999.000,9999.000,9999.000
202606020448,   7.644,9999.000,9999.000,9999.000,9999.000,9999.000,9999.000,9999.000,9999.000
202606020454,   7.647,9999.000,9999.000,9999.000,9999.000,9999.000,9999.000,9999.000,9999.000
202606020500,   7.646,9999.000,   0.800,  -0.034,   8.412,   0.700,   8.312,   0.900,   8.512
202606020506,   7.641,9999.000,9999.000,9999.000,9999.000,9999.000,9999.000,9999.000,9999.000
202606020512,   7.631,9999.000,9999.000,9999.000,9999.000,9999.000,9999.000,9999.000,9999.000
202606020518,   7.618,9999.000,9999.000,9999.000,9999.000,9999.000,9999.000,9999.000,9999.000
202606020524,   7.600,9999.000,9999.000,9999.000,9999.000,9999.000,9999.000,9999.000,9999.000
202606020530,   7.579,9999.000,9999.000,9999.000,9999.000,9999.000,9999.000,9999.000,9999.000
202606020536,   7.553,9999.000,9999.000,9999.000,9999.000,9999.000,9999.000,9999.000,9999.000
202606020542,   7.522,9999.000,9999.000,9999.000,9999.000,9999.000,9999.000,9999.000,9999.000
202606020548,   7.486,9999.000,9999.000,9999.000,9999.000,9999.000,9999.000,9999.000,9999.000
202606020554,   7.445,9999.000,9999.000,9999.000,9999.000,9999.000,9999.000,9999.000,9999.000
202606020600,   7.398,9999.000,   0.700,  -0.034,   8.064,   0.700,   8.064,   0.800,   8.164
202606020606,   7.345,9999.000,9999.000,9999.000,9999.000,9999.000,9999.000,9999.000,9999.000
202606020612,   7.285,9999.000,9999.000,9999.000,9999.000,9999.000,9999.000,9999.000,9999.000
202606020618,   7.218,9999.000,9999.000,9999.000,9999.000,9999.000,9999.000,9999.000,9999.000
202606020624,   7.143,9999.000,9999.000,9999.000,9999.000,9999.000,9999.000,9999.000,9999.000
202606020630,   7.060,9999.000,9999.000,9999.000,9999.000,9999.000,9999.000,9999.000,9999.000
202606020636,   6.968,9999.000,9999.000,9999.000,9999.000,9999.000,9999.000,9999.000,9999.000
202606020642,   6.868,9999.000,9999.000,9999.000,9999.000,9999.000,9999.000,9999.000,9999.000
202606020648,   6.759,9999.000,9999.000,9999.000,9999.000,9999.000,9999.000,9999.000,9999.000
202606020654,   6.640,9999.000,9999.000,9999.000,9999.000,9999.000,9999.000,9999.000,9999.000
202606020700,   6.512,9999.000,   0.600,  -0.034,   7.078,   0.600,   7.078,   0.700,   7.178
202606020706,   6.375,9999.000,9999.000,9999.000,9999.000,9999.000,9999.000,9999.000,9999.000
202606020712,   6.229,9999.000,9999.000,9999.000,9999.000,9999.000,9999.000,9999.000,9999.000
202606020718,   6.073,9999.000,9999.000,9999.000,9999.000,9999.000,9999.000,9999.000,9999.000
202606020724,   5.909,9999.000,9999.000,9999.000,9999.000,9999.000,9999.000,9999.000,9999.000
202606020730,   5.736,9999.000,9999.000,9999.000,9999.000,9999.000,9999.000,9999.000,9999.000
202606020736,   5.556,9999.000,9999.000,9999.000,9999.000,9999.000,9999.000,9999.000,9999.000
202606020742,   5.368,9999.000,9999.000,9999.000,9999.000,9999.000,9999.000,9999.000,9999.000
202606020748,   5.174,9999.000,9999.000,9999.000,9999.000,9999.000,9999.000,9999.000,9999.000
202606020754,   4.974,9999.000,9999.000,9999.000,9999.000,9999.000,9999.000,9999.000,9999.000
202606020800,   4.769,9999.000,   0.600,  -0.034,   5.335,   0.500,   5.235,   0.600,   5.335
202606020806,   4.559,9999.000,9999.000,9999.000,9999.000,9999.000,9999.000,9999.000,9999.000
202606020812,   4.347,9999.000,9999.000,9999.000,9999.000,9999.000,9999.000,9999.000,9999.000
202606020818,   4.133,9999.000,9999.000,9999.000,9999.000,9999.000,9999.000,9999.000,9999.000
202606020824,   3.918,9999.000,9999.000,9999.000,9999.000,9999.000,9999.000,9999.000,9999.000
202606020830,   3.702,9999.000,9999.000,9999.000,9999.000,9999.000,9999.000,9999.000,9999.000
202606020836,   3.488,9999.000,9999.000,9999.000,9999.000,9999.000,9999.000,9999.000,9999.000
202606020842,   3.277,9999.000,9999.000,9999.000,9999.000,9999.000,9999.000,9999.000,9999.000
202606020848,   3.068,9999.000,9999.000,9999.000,9999.000,9999.000,9999.000,9999.000,9999.000
202606020854,   2.864,9999.000,9999.000,9999.000,9999.000,9999.000,9999.000,9999.000,9999.000
202606020900,   2.665,9999.000,   0.500,  -0.034,   3.131,   0.400,   3.031,   0.500,   3.131
202606020906,   2.472,9999.000,9999.000,9999.000,9999.000,9999.000,9999.000,9999.000,9999.000
202606020912,   2.287,9999.000,9999.000,9999.000,9999.000,9999.000,9999.000,9999.000,9999.000
202606020918,   2.109,9999.000,9999.000,9999.000,9999.000,9999.000,9999.000,9999.000,9999.000
202606020924,   1.940,9999.000,9999.000,9999.000,9999.000,9999.000,9999.000,9999.000,9999.000
202606020930,   1.780,9999.000,9999.000,9999.000,9999.000,9999.000,9999.000,9999.000,9999.000
202606020936,   1.629,9999.000,9999.000,9999.000,9999.000,9999.000,9999.000,9999.000,9999.000
202606020942,   1.487,9999.000,9999.000,9999.000,9999.000,9999.000,9999.000,9999.000,9999.000
202606020948,   1.356,9999.000,9999.000,9999.000,9999.000,9999.000,9999.000,9999.000,9999.000
202606020954,   1.235,9999.000,9999.000,9999.000,9999.000,9999.000,9999.000,9999.000,9999.000
202606021000,   1.124,9999.000,   0.400,  -0.034,   1.490,   0.300,   1.390,   0.500,   1.590
202606021006,   1.022,9999.000,9999.000,9999.000,9999.000,9999.000,9999.000,9999.000,9999.000
202606021012,   0.930,9999.000,9999.000,9999.000,9999.000,9999.000,9999.000,9999.000,9999.000
202606021018,   0.847,9999.000,9999.000,9999.000,9999.000,9999.000,9999.000,9999.000,9999.000
202606021024,   0.773,9999.000,9999.000,9999.000,9999.000,9999.000,9999.000,9999.000,9999.000
202606021030,   0.708,9999.000,9999.000,9999.000,9999.000,9999.000,9999.000,9999.000,9999.000
202606021036,   0.650,9999.000,9999.000,9999.000,9999.000,9999.000,9999.000,9999.000,9999.000
202606021042,   0.599,9999.000,9999.000,9999.000,9999.000,9999.000,9999.000,9999.000,9999.000
202606021048,   0.555,9999.000,9999.000,9999.000,9999.000,9999.000,9999.000,9999.000,9999.000
202606021054,   0.516,9999.000,9999.000,9999.000,9999.000,9999.000,9999.000,9999.000,9999.000
202606021100,   0.483,9999.000,   0.400,  -0.034,   0.849,   0.300,   0.749,   0.500,   0.949
202606021106,   0.456,9999.000,9999.000,9999.000,9999.000,9999.000,9999.000,9999.000,9999.000
202606021112,   0.432,9999.000,9999.000,9999.000,9999.000,9999.000,9999.000,9999.000,9999.000
202606021118,   0.413,9999.000,9999.000,9999.000,9999.000,9999.000,9999.000,9999.000,9999.000
202606021124,   0.398,9999.000,9999.000,9999.000,9999.000,9999.000,9999.000,9999.000,9999.000
202606021130,   0.386,9999.000,9999.000,9999.000,9999.000,9999.000,9999.000,9999.000,9999.000
202606021136,   0.378,9999.000,9999.000,9999.000,9999.000,9999.000,9999.000,9999.000,9999.000
202606021142,   0.373,9999.000,9999.000,9999.000,9999.000,9999.000,9999.000,9999.000,9999.000
202606021148,   0.372,9999.000,9999.000,9999.000,9999.000,9999.000,9999.000,9999.000,9999.000
202606021154,   0.376,9999.000,9999.000,9999.000,9999.000,9999.000,9999.000,9999.000,9999.000
202606021200,   0.384,9999.000,   0.400,  -0.034,   0.750,   0.300,   0.650,   0.400,   0.750
202606021206,   0.396,9999.000,9999.000,9999.000,9999.000,9999.000,9999.000,9999.000,9999.000
202606021212,   0.414,9999.000,9999.000,9999.000,9999.000,9999.000,9999.000,9999.000,9999.000
202606021218,   0.439,9999.000,9999.000,9999.000,9999.000,9999.000,9999.000,9999.000,9999.000
202606021224,   0.470,9999.000,9999.000,9999.000,9999.000,9999.000,9999.000,9999.000,9999.000
202606021230,   0.509,9999.000,9999.000,9999.000,9999.000,9999.000,9999.000,9999.000,9999.000
202606021236,   0.556,9999.000,9999.000,9999.000,9999.000,9999.000,9999.000,9999.000,9999.000
202606021242,   0.612,9999.000,9999.000,9999.000,9999.000,9999.000,9999.000,9999.000,9999.000
202606021248,   0.678,9999.000,9999.000,9999.000,9999.000,9999.000,9999.000,9999.000,9999.000
202606021254,   0.754,9999.000,9999.000,9999.000,9999.000,9999.000,9999.000,9999.000,9999.000
202606021300,   0.842,9999.000,   0.300,  -0.034,   1.108,   0.300,   1.108,   0.400,   1.208
202606021306,   0.940,9999.000,9999.000,9999.000,9999.000,9999.000,9999.000,9999.000,9999.000
202606021312,   1.051,9999.000,9999.000,9999.000,9999.000,9999.000,9999.000,9999.000,9999.000
202606021318,   1.174,9999.000,9999.000,9999.000,9999.000,9999.000,9999.000,9999.000,9999.000
202606021324,   1.308,9999.000,9999.000,9999.000,9999.000,9999.000,9999.000,9999.000,9999.000
202606021330,   1.455,9999.000,9999.000,9999.000,9999.000,9999.000,9999.000,9999.000,9999.000
202606021336,   1.614,9999.000,9999.000,9999.000,9999.000,9999.000,9999.000,9999.000,9999.000
202606021342,   1.783,9999.000,9999.000,9999.000,9999.000,9999.000,9999.000,9999.000,9999.000
202606021348,   1.964,9999.000,9999.000,9999.000,9999.000,9999.000,9999.000,9999.000,9999.000
202606021354,   2.154,9999.000,9999.000,9999.000,9999.000,9999.000,9999.000,9999.000,9999.000
202606021400,   2.353,9999.000,   0.300,  -0.034,   2.619,   0.300,   2.619,   0.400,   2.719
202606021406,   2.560,9999.000,9999.000,9999.000,9999.000,9999.000,9999.000,9999.000,9999.000
202606021412,   2.774,9999.000,9999.000,9999.000,9999.000,9999.000,9999.000,9999.000,9999.000
202606021418,   2.993,9999.000,9999.000,9999.000,9999.000,9999.000,9999.000,9999.000,9999.000
202606021424,   3.216,9999.000,9999.000,9999.000,9999.000,9999.000,9999.000,9999.000,9999.000
202606021430,   3.442,9999.000,9999.000,9999.000,9999.000,9999.000,9999.000,9999.000,9999.000
202606021436,   3.668,9999.000,9999.000,9999.000,9999.000,9999.000,9999.000,9999.000,9999.000
202606021442,   3.894,9999.000,9999.000,9999.000,9999.000,9999.000,9999.000,9999.000,9999.000
202606021448,   4.119,9999.000,9999.000,9999.000,9999.000,9999.000,9999.000,9999.000,9999.000
202606021454,   4.340,9999.000,9999.000,9999.000,9999.000,9999.000,9999.000,9999.000,9999.000
202606021500,   4.556,9999.000,   0.300,  -0.034,   4.822,   0.200,   4.722,   0.400,   4.922
202606021506,   4.766,9999.000,9999.000,9999.000,9999.000,9999.000,9999.000,9999.000,9999.000
202606021512,   4.969,9999.000,9999.000,9999.000,9999.000,9999.000,9999.000,9999.000,9999.000
202606021518,   5.164,9999.000,9999.000,9999.000,9999.000,9999.000,9999.000,9999.000,9999.000
202606021524,   5.350,9999.000,9999.000,9999.000,9999.000,9999.000,9999.000,9999.000,9999.000
202606021530,   5.526,9999.000,9999.000,9999.000,9999.000,9999.000,9999.000,9999.000,9999.000
202606021536,   5.692,9999.000,9999.000,9999.000,9999.000,9999.000,9999.000,9999.000,9999.000
202606021542,   5.847,9999.000,9999.000,9999.000,9999.000,9999.000,9999.000,9999.000,9999.000
202606021548,   5.991,9999.000,9999.000,9999.000,9999.000,9999.000,9999.000,9999.000,9999.000
202606021554,   6.124,9999.000,9999.000,9999.000,9999.000,9999.000,9999.000,9999.000,9999.000
202606021600,   6.246,9999.000,   0.300,  -0.034,   6.512,   0.200,   6.412,   0.400,   6.612
202606021606,   6.356,9999.000,9999.000,9999.000,9999.000,9999.000,9999.000,9999.000,9999.000
202606021612,   6.457,9999.000,9999.000,9999.000,9999.000,9999.000,9999.000,9999.000,9999.000
202606021618,   6.547,9999.000,9999.000,9999.000,9999.000,9999.000,9999.000,9999.000,9999.000
202606021624,   6.627,9999.000,9999.000,9999.000,9999.000,9999.000,9999.000,9999.000,9999.000
202606021630,   6.698,9999.000,9999.000,9999.000,9999.000,9999.000,9999.000,9999.000,9999.000
202606021636,   6.760,9999.000,9999.000,9999.000,9999.000,9999.000,9999.000,9999.000,9999.000
202606021642,   6.815,9999.000,9999.000,9999.000,9999.000,9999.000,9999.000,9999.000,9999.000
202606021648,   6.862,9999.000,9999.000,9999.000,9999.000,9999.000,9999.000,9999.000,9999.000
202606021654,   6.903,9999.000,9999.000,9999.000,9999.000,9999.000,9999.000,9999.000,9999.000
202606021700,   6.937,9999.000,   0.300,  -0.034,   7.203,   0.200,   7.103,   0.400,   7.303
202606021706,   6.966,9999.000,9999.000,9999.000,9999.000,9999.000,9999.000,9999.000,9999.000
202606021712,   6.990,9999.000,9999.000,9999.000,9999.000,9999.000,9999.000,9999.000,9999.000
202606021718,   7.010,9999.000,9999.000,9999.000,9999.000,9999.000,9999.000,9999.000,9999.000
202606021724,   7.025,9999.000,9999.000,9999.000,9999.000,9999.000,9999.000,9999.000,9999.000
202606021730,   7.035,9999.000,9999.000,9999.000,9999.000,9999.000,9999.000,9999.000,9999.000
202606021736,   7.042,9999.000,9999.000,9999.000,9999.000,9999.000,9999.000,9999.000,9999.000
202606021742,   7.046,9999.000,9999.000,9999.000,9999.000,9999.000,9999.000,9999.000,9999.000
202606021748,   7.045,9999.000,9999.000,9999.000,9999.000,9999.000,9999.000,9999.000,9999.000
202606021754,   7.040,9999.000,9999.000,9999.000,9999.000,9999.000,9999.000,9999.000,9999.000
202606021800,   7.031,9999.000,   0.300,  -0.034,   7.297,   0.200,   7.197,   0.400,   7.397
202606021806,   7.018,9999.000,9999.000,9999.000,9999.000,9999.000,9999.000,9999.000,9999.000
202606021812,   6.999,9999.000,9999.000,9999.000,9999.000,9999.000,9999.000,9999.000,9999.000
202606021818,   6.976,9999.000,9999.000,9999.000,9999.000,9999.000,9999.000,9999.000,9999.000
202606021824,   6.947,9999.000,9999.000,9999.000,9999.000,9999.000,9999.000,9999.000,9999.000
202606021830,   6.911,9999.000,9999.000,9999.000,9999.000,9999.000,9999.000,9999.000,9999.000
202606021836,   6.870,9999.000,9999.000,9999.000,9999.000,9999.000,9999.000,9999.000,9999.000
202606021842,   6.821,9999.000,9999.000,9999.000,9999.000,9999.000,9999.000,9999.000,9999.000
202606021848,   6.765,9999.000,9999.000,9999.000,9999.000,9999.000,9999.000,9999.000,9999.000
202606021854,   6.700,9999.000,9999.000,9999.000,9999.000,9999.000,9999.000,9999.000,9999.000
202606021900,   6.628,9999.000,   0.300,  -0.034,   6.894,   0.300,   6.894,   0.400,   6.994
202606021906,   6.547,9999.000,9999.000,9999.000,9999.000,9999.000,9999.000,9999.000,9999.000
202606021912,   6.457,9999.000,9999.000,9999.000,9999.000,9999.000,9999.000,9999.000,9999.000
202606021918,   6.357,9999.000,9999.000,9999.000,9999.000,9999.000,9999.000,9999.000,9999.000
202606021924,   6.249,9999.000,9999.000,9999.000,9999.000,9999.000,9999.000,9999.000,9999.000
202606021930,   6.132,9999.000,9999.000,9999.000,9999.000,9999.000,9999.000,9999.000,9999.000
202606021936,   6.005,9999.000,9999.000,9999.000,9999.000,9999.000,9999.000,9999.000,9999.000
202606021942,   5.869,9999.000,9999.000,9999.000,9999.000,9999.000,9999.000,9999.000,9999.000
202606021948,   5.725,9999.000,9999.000,9999.000,9999.000,9999.000,9999.000,9999.000,9999.000
202606021954,   5.572,9999.000,9999.000,9999.000,9999.000,9999.000,9999.000,9999.000,9999.000
202606022000,   5.412,9999.000,   0.400,  -0.034,   5.778,   0.300,   5.678,   0.400,   5.778
202606022006,   5.244,9999.000,9999.000,9999.000,9999.000,9999.000,9999.000,9999.000,9999.000
202606022012,   5.069,9999.000,9999.000,9999.000,9999.000,9999.000,9999.000,9999.000,9999.000
202606022018,   4.889,9999.000,9999.000,9999.000,9999.000,9999.000,9999.000,9999.000,9999.000
202606022024,   4.704,9999.000,9999.000,9999.000,9999.000,9999.000,9999.000,9999.000,9999.000
202606022030,   4.514,9999.000,9999.000,9999.000,9999.000,9999.000,9999.000,9999.000,9999.000
202606022036,   4.322,9999.000,9999.000,9999.000,9999.000,9999.000,9999.000,9999.000,9999.000
202606022042,   4.127,9999.000,9999.000,9999.000,9999.000,9999.000,9999.000,9999.000,9999.000
202606022048,   3.932,9999.000,9999.000,9999.000,9999.000,9999.000,9999.000,9999.000,9999.000
202606022054,   3.736,9999.000,9999.000,9999.000,9999.000,9999.000,9999.000,9999.000,9999.000
202606022100,   3.542,9999.000,   0.400,  -0.034,   3.908,   0.300,   3.808,   0.500,   4.008
202606022106,   3.350,9999.000,9999.000,9999.000,9999.000,9999.000,9999.000,9999.000,9999.000
202606022112,   3.161,9999.000,9999.000,9999.000,9999.000,9999.000,9999.000,9999.000,9999.000
202606022118,   2.977,9999.000,9999.000,9999.000,9999.000,9999.000,9999.000,9999.000,9999.000
202606022124,   2.798,9999.000,9999.000,9999.000,9999.000,9999.000,9999.000,9999.000,9999.000
202606022130,   2.625,9999.000,9999.000,9999.000,9999.000,9999.000,9999.000,9999.000,9999.000
202606022136,   2.460,9999.000,9999.000,9999.000,9999.000,9999.000,9999.000,9999.000,9999.000
202606022142,   2.302,9999.000,9999.000,9999.000,9999.000,9999.000,9999.000,9999.000,9999.000
202606022148,   2.154,9999.000,9999.000,9999.000,9999.000,9999.000,9999.000,9999.000,9999.000
202606022154,   2.014,9999.000,9999.000,9999.000,9999.000,9999.000,9999.000,9999.000,9999.000
202606022200,   1.885,9999.000,   0.400,  -0.034,   2.251,   0.300,   2.151,   0.500,   2.351
202606022206,   1.765,9999.000,9999.000,9999.000,9999.000,9999.000,9999.000,9999.000,9999.000
202606022212,   1.656,9999.000,9999.000,9999.000,9999.000,9999.000,9999.000,9999.000,9999.000
202606022218,   1.558,9999.000,9999.000,9999.000,9999.000,9999.000,9999.000,9999.000,9999.000
202606022224,   1.469,9999.000,9999.000,9999.000,9999.000,9999.000,9999.000,9999.000,9999.000
202606022230,   1.391,9999.000,9999.000,9999.000,9999.000,9999.000,9999.000,9999.000,9999.000
202606022236,   1.324,9999.000,9999.000,9999.000,9999.000,9999.000,9999.000,9999.000,9999.000
202606022242,   1.266,9999.000,9999.000,9999.000,9999.000,9999.000,9999.000,9999.000,9999.000
202606022248,   1.217,9999.000,9999.000,9999.000,9999.000,9999.000,9999.000,9999.000,9999.000
202606022254,   1.178,9999.000,9999.000,9999.000,9999.000,9999.000,9999.000,9999.000,9999.000
202606022300,   1.146,9999.000,   0.400,  -0.034,   1.512,   0.400,   1.512,   0.500,   1.612
202606022306,   1.122,9999.000,9999.000,9999.000,9999.000,9999.000,9999.000,9999.000,9999.000
202606022312,   1.106,9999.000,9999.000,9999.000,9999.000,9999.000,9999.000,9999.000,9999.000
202606022318,   1.096,9999.000,9999.000,9999.000,9999.000,9999.000,9999.000,9999.000,9999.000
202606022324,   1.092,9999.000,9999.000,9999.000,9999.000,9999.000,9999.000,9999.000,9999.000
202606022330,   1.093,9999.000,9999.000,9999.000,9999.000,9999.000,9999.000,9999.000,9999.000
202606022336,   1.099,9999.000,9999.000,9999.000,9999.000,9999.000,9999.000,9999.000,9999.000
202606022342,   1.109,9999.000,9999.000,9999.000,9999.000,9999.000,9999.000,9999.000,9999.000
202606022348,   1.123,9999.000,9999.000,9999.000,9999.000,9999.000,9999.000,9999.000,9999.000
202606022354,   1.141,9999.000,9999.000,9999.000,9999.000,9999.000,9999.000,9999.000,9999.000
202606030000,   1.162,9999.000,   0.400,  -0.034,   1.528,   0.300,   1.428,   0.500,   1.628
202606030006,   1.187,9999.000,9999.000,9999.000,9999.000,9999.000,9999.000,9999.000,9999.000
202606030012,   1.215,9999.000,9999.000,9999.000,9999.000,9999.000,9999.000,9999.000,9999.000
202606030018,   1.247,9999.000,9999.000,9999.000,9999.000,9999.000,9999.000,9999.000,9999.000
202606030024,   1.282,9999.000,9999.000,9999.000,9999.000,9999.000,9999.000,9999.000,9999.000
202606030030,   1.322,9999.000,9999.000,9999.000,9999.000,9999.000,9999.000,9999.000,9999.000
202606030036,   1.367,9999.000,9999.000,9999.000,9999.000,9999.000,9999.000,9999.000,9999.000
202606030042,   1.416,9999.000,9999.000,9999.000,9999.000,9999.000,9999.000,9999.000,9999.000
202606030048,   1.472,9999.000,9999.000,9999.000,9999.000,9999.000,9999.000,9999.000,9999.000
202606030054,   1.534,9999.000,9999.000,9999.000,9999.000,9999.000,9999.000,9999.000,9999.000
202606030100,   1.603,9999.000,   0.400,  -0.034,   1.969,   0.300,   1.869,   0.500,   2.069
202606030106,   1.680,9999.000,9999.000,9999.000,9999.000,9999.000,9999.000,9999.000,9999.000
202606030112,   1.765,9999.000,9999.000,9999.000,9999.000,9999.000,9999.000,9999.000,9999.000
202606030118,   1.860,9999.000,9999.000,9999.000,9999.000,9999.000,9999.000,9999.000,9999.000
202606030124,   1.964,9999.000,9999.000,9999.000,9999.000,9999.000,9999.000,9999.000,9999.000
202606030130,   2.077,9999.000,9999.000,9999.000,9999.000,9999.000,9999.000,9999.000,9999.000
202606030136,   2.201,9999.000,9999.000,9999.000,9999.000,9999.000,9999.000,9999.000,9999.000
202606030142,   2.336,9999.000,9999.000,9999.000,9999.000,9999.000,9999.000,9999.000,9999.000
202606030148,   2.480,9999.000,9999.000,9999.000,9999.000,9999.000,9999.000,9999.000,9999.000
202606030154,   2.636,9999.000,9999.000,9999.000,9999.000,9999.000,9999.000,9999.000,9999.000
202606030200,   2.801,9999.000,   0.400,  -0.034,   3.167,   0.300,   3.067,   0.500,   3.267
202606030206,   2.976,9999.000,9999.000,9999.000,9999.000,9999.000,9999.000,9999.000,9999.000
202606030212,   3.160,9999.000,9999.000,9999.000,9999.000,9999.000,9999.000,9999.000,9999.000
202606030218,   3.352,9999.000,9999.000,9999.000,9999.000,9999.000,9999.000,9999.000,9999.000
202606030224,   3.552,9999.000,9999.000,9999.000,9999.000,9999.000,9999.000,9999.000,9999.000
202606030230,   3.758,9999.000,9999.000,9999.000,9999.000,9999.000,9999.000,9999.000,9999.000
202606030236,   3.969,9999.000,9999.000,9999.000,9999.000,9999.000,9999.000,9999.000,9999.000
202606030242,   4.184,9999.000,9999.000,9999.000,9999.000,9999.000,9999.000,9999.000,9999.000
202606030248,   4.402,9999.000,9999.000,9999.000,9999.000,9999.000,9999.000,9999.000,9999.000
202606030254,   4.621,9999.000,9999.000,9999.000,9999.000,9999.000,9999.000,9999.000,9999.000
202606030300,   4.839,9999.000,   0.300,  -0.034,   5.105,   0.300,   5.105,   0.400,   5.205
202606030306,   5.056,9999.000,9999.000,9999.000,9999.000,9999.000,9999.000,9999.000,9999.000
202606030312,   5.270,9999.000,9999.000,9999.000,9999.000,9999.000,9999.000,9999.000,9999.000
202606030318,   5.478,9999.000,9999.000,9999.000,9999.000,9999.000,9999.000,9999.000,9999.000
202606030324,   5.681,9999.000,9999.000,9999.000,9999.000,9999.000,9999.000,9999.000,9999.000
202606030330,   5.877,9999.000,9999.000,9999.000,9999.000,9999.000,9999.000,9999.000,9999.000
202606030336,   6.064,9999.000,9999.000,9999.000,9999.000,9999.000,9999.000,9999.000,9999.000
202606030342,   6.242,9999.000,9999.000,9999.000,9999.000,9999.000,9999.000,9999.000,9999.000
202606030348,   6.410,9999.000,9999.000,9999.000,9999.000,9999.000,9999.000,9999.000,9999.000
202606030354,   6.566,9999.000,9999.000,9999.000,9999.000,9999.000,9999.000,9999.000,9999.000
202606030400,   6.711,9999.000,   0.300,  -0.034,   6.977,   0.200,   6.877,   0.400,   7.077
202606030406,   6.845,9999.000,9999.000,9999.000,9999.000,9999.000,9999.000,9999.000,9999.000
202606030412,   6.966,9999.000,9999.000,9999.000,9999.000,9999.000,9999.000,9999.000,9999.000
202606030418,   7.075,9999.000,9999.000,9999.000,9999.000,9999.000,9999.000,9999.000,9999.000
202606030424,   7.171,9999.000,9999.000,9999.000,9999.000,9999.000,9999.000,9999.000,9999.000
202606030430,   7.256,9999.000,9999.000,9999.000,9999.000,9999.000,9999.000,9999.000,9999.000
202606030436,   7.329,9999.000,9999.000,9999.000,9999.000,9999.000,9999.000,9999.000,9999.000
202606030442,   7.391,9999.000,9999.000,9999.000,9999.000,9999.000,9999.000,9999.000,9999.000
202606030448,   7.443,9999.000,9999.000,9999.000,9999.000,9999.000,9999.000,9999.000,9999.000
202606030454,   7.484,9999.000,9999.000,9999.000,9999.000,9999.000,9999.000,9999.000,9999.000
202606030500,   7.516,9999.000,   0.300,  -0.034,   7.782,   0.200,   7.682,   0.300,   7.782
202606030506,   7.540,9999.000,9999.000,9999.000,9999.000,9999.000,9999.000,9999.000,9999.000
202606030512,   7.555,9999.000,9999.000,9999.000,9999.000,9999.000,9999.000,9999.000,9999.000
202606030518,   7.564,9999.000,9999.000,9999.000,9999.000,9999.000,9999.000,9999.000,9999.000
202606030524,   7.566,9999.000,9999.000,9999.000,9999.000,9999.000,9999.000,9999.000,9999.000
202606030530,   7.561,9999.000,9999.000,9999.000,9999.000,9999.000,9999.000,9999.000,9999.000
202606030536,   7.552,9999.000,9999.000,9999.000,9999.000,9999.000,9999.000,9999.000,9999.000
202606030542,   7.538,9999.000,9999.000,9999.000,9999.000,9999.000,9999.000,9999.000,9999.000
202606030548,   7.519,9999.000,9999.000,9999.000,9999.000,9999.000,9999.000,9999.000,9999.000
202606030554,   7.496,9999.000,9999.000,9999.000,9999.000,9999.000,9999.000,9999.000,9999.000
202606030600,   7.470,9999.000,   0.300,  -0.034,   7.736,   0.200,   7.636,   0.300,   7.736
202606030606,   7.440,9999.000,9999.000,9999.000,9999.000,9999.000,9999.000,9999.000,9999.000
202606030612,   7.406,9999.000,9999.000,9999.000,9999.000,9999.000,9999.000,9999.000,9999.000
202606030618,   7.368,9999.000,9999.000,9999.000,9999.000,9999.000,9999.000,9999.000,9999.000
202606030624,   7.327,9999.000,9999.000,9999.000,9999.000,9999.000,9999.000,9999.000,9999.000
202606030630,   7.282,9999.000,9999.000,9999.000,9999.000,9999.000,9999.000,9999.000,9999.000
202606030636,   7.233,9999.000,9999.000,9999.000,9999.000,9999.000,9999.000,9999.000,9999.000
202606030642,   7.179,9999.000,9999.000,9999.000,9999.000,9999.000,9999.000,9999.000,9999.000
202606030648,   7.121,9999.000,9999.000,9999.000,9999.000,9999.000,9999.000,9999.000,9999.000
202606030654,   7.057,9999.000,9999.000,9999.000,9999.000,9999.000,9999.000,9999.000,9999.000
202606030700,   6.987,9999.000,   0.200,  -0.034,   7.153,   0.100,   7.053,   0.300,   7.253
202606030706,   6.911,9999.000,9999.000,9999.000,9999.000,9999.000,9999.000,9999.000,9999.000
202606030712,   6.829,9999.000,9999.000,9999.000,9999.000,9999.000,9999.000,9999.000,9999.000
202606030718,   6.739,9999.000,9999.000,9999.000,9999.000,9999.000,9999.000,9999.000,9999.000
202606030724,   6.642,9999.000,9999.000,9999.000,9999.000,9999.000,9999.000,9999.000,9999.000
202606030730,   6.537,9999.000,9999.000,9999.000,9999.000,9999.000,9999.000,9999.000,9999.000
202606030736,   6.425,9999.000,9999.000,9999.000,9999.000,9999.000,9999.000,9999.000,9999.000
202606030742,   6.304,9999.000,9999.000,9999.000,9999.000,9999.000,9999.000,9999.000,9999.000
202606030748,   6.175,9999.000,9999.000,9999.000,9999.000,9999.000,9999.000,9999.000,9999.000
202606030754,   6.037,9999.000,9999.000,9999.000,9999.000,9999.000,9999.000,9999.000,9999.000
202606030800,   5.891,9999.000,   0.200,  -0.034,   6.057,   0.100,   5.957,   0.300,   6.157
202606030806,   5.737,9999.000,9999.000,9999.000,9999.000,9999.000,9999.000,9999.000,9999.000
202606030812,   5.574,9999.000,9999.000,9999.000,9999.000,9999.000,9999.000,9999.000,9999.000
202606030818,   5.404,9999.000,9999.000,9999.000,9999.000,9999.000,9999.000,9999.000,9999.000
202606030824,   5.227,9999.000,9999.000,9999.000,9999.000,9999.000,9999.000,9999.000,9999.000
202606030830,   5.043,9999.000,9999.000,9999.000,9999.000,9999.000,9999.000,9999.000,9999.000
202606030836,   4.853,9999.000,9999.000,9999.000,9999.000,9999.000,9999.000,9999.000,9999.000
202606030842,   4.657,9999.000,9999.000,9999.000,9999.000,9999.000,9999.000,9999.000,9999.000
202606030848,   4.457,9999.000,9999.000,9999.000,9999.000,9999.000,9999.000,9999.000,9999.000
202606030854,   4.253,9999.000,9999.000,9999.000,9999.000,9999.000,9999.000,9999.000,9999.000
202606030900,   4.046,9999.000,   0.200,  -0.034,   4.212,   0.100,   4.112,   0.300,   4.312
202606030906,   3.837,9999.000,9999.000,9999.000,9999.000,9999.000,9999.000,9999.000,9999.000
202606030912,   3.627,9999.000,9999.000,9999.000,9999.000,9999.000,9999.000,9999.000,9999.000
202606030918,   3.417,9999.000,9999.000,9999.000,9999.000,9999.000,9999.000,9999.000,9999.000
202606030924,   3.209,9999.000,9999.000,9999.000,9999.000,9999.000,9999.000,9999.000,9999.000
202606030930,   3.003,9999.000,9999.000,9999.000,9999.000,9999.000,9999.000,9999.000,9999.000
202606030936,   2.801,9999.000,9999.000,9999.000,9999.000,9999.000,9999.000,9999.000,9999.000
202606030942,   2.603,9999.000,9999.000,9999.000,9999.000,9999.000,9999.000,9999.000,9999.000
202606030948,   2.410,9999.000,9999.000,9999.000,9999.000,9999.000,9999.000,9999.000,9999.000
202606030954,   2.224,9999.000,9999.000,9999.000,9999.000,9999.000,9999.000,9999.000,9999.000
202606031000,   2.045,9999.000,   0.200,  -0.034,   2.211,   0.100,   2.111,   0.300,   2.311
202606031006,   1.874,9999.000,9999.000,9999.000,9999.000,9999.000,9999.000,9999.000,9999.000
202606031012,   1.712,9999.000,9999.000,9999.000,9999.000,9999.000,9999.000,9999.000,9999.000
202606031018,   1.559,9999.000,9999.000,9999.000,9999.000,9999.000,9999.000,9999.000,9999.000
202606031024,   1.416,9999.000,9999.000,9999.000,9999.000,9999.000,9999.000,9999.000,9999.000
202606031030,   1.284,9999.000,9999.000,9999.000,9999.000,9999.000,9999.000,9999.000,9999.000
202606031036,   1.162,9999.000,9999.000,9999.000,9999.000,9999.000,9999.000,9999.000,9999.000
202606031042,   1.051,9999.000,9999.000,9999.000,9999.000,9999.000,9999.000,9999.000,9999.000
202606031048,   0.950,9999.000,9999.000,9999.000,9999.000,9999.000,9999.000,9999.000,9999.000
202606031054,   0.860,9999.000,9999.000,9999.000,9999.000,9999.000,9999.000,9999.000,9999.000
202606031100,   0.780,9999.000,   0.200,  -0.034,   0.946,   0.100,   0.846,   0.300,   1.046
202606031106,   0.711,9999.000,9999.000,9999.000,9999.000,9999.000,9999.000,9999.000,9999.000
202606031112,   0.651,9999.000,9999.000,9999.000,9999.000,9999.000,9999.000,9999.000,9999.000
202606031118,   0.600,9999.000,9999.000,9999.000,9999.000,9999.000,9999.000,9999.000,9999.000
202606031124,   0.558,9999.000,9999.000,9999.000,9999.000,9999.000,9999.000,9999.000,9999.000
202606031130,   0.524,9999.000,9999.000,9999.000,9999.000,9999.000,9999.000,9999.000,9999.000
202606031136,   0.498,9999.000,9999.000,9999.000,9999.000,9999.000,9999.000,9999.000,9999.000
202606031142,   0.478,9999.000,9999.000,9999.000,9999.000,9999.000,9999.000,9999.000,9999.000
202606031148,   0.465,9999.000,9999.000,9999.000,9999.000,9999.000,9999.000,9999.000,9999.000
202606031154,   0.457,9999.000,9999.000,9999.000,9999.000,9999.000,9999.000,9999.000,9999.000
202606031200,   0.454,9999.000,   0.200,  -0.034,   0.620,   0.100,   0.520,   0.300,   0.720
202606031206,   0.456,9999.000,9999.000,9999.000,9999.000,9999.000,9999.000,9999.000,9999.000
202606031212,   0.461,9999.000,9999.000,9999.000,9999.000,9999.000,9999.000,9999.000,9999.000
202606031218,   0.471,9999.000,9999.000,9999.000,9999.000,9999.000,9999.000,9999.000,9999.000
202606031224,   0.484,9999.000,9999.000,9999.000,9999.000,9999.000,9999.000,9999.000,9999.000
202606031230,   0.501,9999.000,9999.000,9999.000,9999.000,9999.000,9999.000,9999.000,9999.000
202606031236,   0.521,9999.000,9999.000,9999.000,9999.000,9999.000,9999.000,9999.000,9999.000
202606031242,   0.545,9999.000,9999.000,9999.000,9999.000,9999.000,9999.000,9999.000,9999.000
202606031248,   0.573,9999.000,9999.000,9999.000,9999.000,9999.000,9999.000,9999.000,9999.000
202606031254,   0.605,9999.000,9999.000,9999.000,9999.000,9999.000,9999.000,9999.000,9999.000
202606031300,   0.642,9999.000,   0.200,  -0.034,   0.808,   0.100,   0.708,   0.400,   1.008
202606031306,   0.684,9999.000,9999.000,9999.000,9999.000,9999.000,9999.000,9999.000,9999.000
202606031312,   0.732,9999.000,9999.000,9999.000,9999.000,9999.000,9999.000,9999.000,9999.000
202606031318,   0.786,9999.000,9999.000,9999.000,9999.000,9999.000,9999.000,9999.000,9999.000
202606031324,   0.847,9999.000,9999.000,9999.000,9999.000,9999.000,9999.000,9999.000,9999.000
202606031330,   0.916,9999.000,9999.000,9999.000,9999.000,9999.000,9999.000,9999.000,9999.000
202606031336,   0.994,9999.000,9999.000,9999.000,9999.000,9999.000,9999.000,9999.000,9999.000
202606031342,   1.080,9999.000,9999.000,9999.000,9999.000,9999.000,9999.000,9999.000,9999.000
202606031348,   1.177,9999.000,9999.000,9999.000,9999.000,9999.000,9999.000,9999.000,9999.000
202606031354,   1.283,9999.000,9999.000,9999.000,9999.000,9999.000,9999.000,9999.000,9999.000
202606031400,   1.399,9999.000,   0.300,  -0.034,   1.665,   0.200,   1.565,   0.400,   1.765
202606031406,   1.527,9999.000,9999.000,9999.000,9999.000,9999.000,9999.000,9999.000,9999.000
202606031412,   1.665,9999.000,9999.000,9999.000,9999.000,9999.000,9999.000,9999.000,9999.000
202606031418,   1.814,9999.000,9999.000,9999.000,9999.000,9999.000,9999.000,9999.000,9999.000
202606031424,   1.973,9999.000,9999.000,9999.000,9999.000,9999.000,9999.000,9999.000,9999.000
202606031430,   2.143,9999.000,9999.000,9999.000,9999.000,9999.000,9999.000,9999.000,9999.000
202606031436,   2.322,9999.000,9999.000,9999.000,9999.000,9999.000,9999.000,9999.000,9999.000
202606031442,   2.511,9999.000,9999.000,9999.000,9999.000,9999.000,9999.000,9999.000,9999.000
202606031448,   2.707,9999.000,9999.000,9999.000,9999.000,9999.000,9999.000,9999.000,9999.000
202606031454,   2.911,9999.000,9999.000,9999.000,9999.000,9999.000,9999.000,9999.000,9999.000
202606031500,   3.120,9999.000,   0.300,  -0.034,   3.386,   0.200,   3.286,   0.400,   3.486
202606031506,   3.335,9999.000,9999.000,9999.000,9999.000,9999.000,9999.000,9999.000,9999.000
202606031512,   3.553,9999.000,9999.000,9999.000,9999.000,9999.000,9999.000,9999.000,9999.000
202606031518,   3.773,9999.000,9999.000,9999.000,9999.000,9999.000,9999.000,9999.000,9999.000
202606031524,   3.993,9999.000,9999.000,9999.000,9999.000,9999.000,9999.000,9999.000,9999.000
202606031530,   4.213,9999.000,9999.000,9999.000,9999.000,9999.000,9999.000,9999.000,9999.000
202606031536,   4.431,9999.000,9999.000,9999.000,9999.000,9999.000,9999.000,9999.000,9999.000
202606031542,   4.645,9999.000,9999.000,9999.000,9999.000,9999.000,9999.000,9999.000,9999.000
202606031548,   4.854,9999.000,9999.000,9999.000,9999.000,9999.000,9999.000,9999.000,9999.000
202606031554,   5.056,9999.000,9999.000,9999.000,9999.000,9999.000,9999.000,9999.000,9999.000
202606031600,   5.252,9999.000,   0.300,  -0.034,   5.518,   0.200,   5.418,   0.400,   5.618
202606031606,   5.438,9999.000,9999.000,9999.000,9999.000,9999.000,9999.000,9999.000,9999.000
202606031612,   5.616,9999.000,9999.000,9999.000,9999.000,9999.000,9999.000,9999.000,9999.000
202606031618,   5.783,9999.000,9999.000,9999.000,9999.000,9999.000,9999.000,9999.000,9999.000
202606031624,   5.939,9999.000,9999.000,9999.000,9999.000,9999.000,9999.000,9999.000,9999.000
202606031630,   6.084,9999.000,9999.000,9999.000,9999.000,9999.000,9999.000,9999.000,9999.000
202606031636,   6.217,9999.000,9999.000,9999.000,9999.000,9999.000,9999.000,9999.000,9999.000
202606031642,   6.339,9999.000,9999.000,9999.000,9999.000,9999.000,9999.000,9999.000,9999.000
202606031648,   6.449,9999.000,9999.000,9999.000,9999.000,9999.000,9999.000,9999.000,9999.000
202606031654,   6.548,9999.000,9999.000,9999.000,9999.000,9999.000,9999.000,9999.000,9999.000
202606031700,   6.635,9999.000,   0.300,  -0.034,   6.901,   0.200,   6.801,   0.400,   7.001
202606031706,   6.711,9999.000,9999.000,9999.000,9999.000,9999.000,9999.000,9999.000,9999.000
202606031712,   6.778,9999.000,9999.000,9999.000,9999.000,9999.000,9999.000,9999.000,9999.000
202606031718,   6.834,9999.000,9999.000,9999.000,9999.000,9999.000,9999.000,9999.000,9999.000
202606031724,   6.881,9999.000,9999.000,9999.000,9999.000,9999.000,9999.000,9999.000,9999.000
202606031730,   6.920,9999.000,9999.000,9999.000,9999.000,9999.000,9999.000,9999.000,9999.000
202606031736,   6.951,9999.000,9999.000,9999.000,9999.000,9999.000,9999.000,9999.000,9999.000
202606031742,   6.975,9999.000,9999.000,9999.000,9999.000,9999.000,9999.000,9999.000,9999.000
202606031748,   6.993,9999.000,9999.000,9999.000,9999.000,9999.000,9999.000,9999.000,9999.000
202606031754,   7.005,9999.000,9999.000,9999.000,9999.000,9999.000,9999.000,9999.000,9999.000
202606031800,   7.011,9999.000,   0.300,  -0.034,   7.277,   0.100,   7.077,   0.400,   7.377
202606031806,   7.013,9999.000,9999.000,9999.000,9999.000,9999.000,9999.000,9999.000,9999.000
202606031812,   7.011,9999.000,9999.000,9999.000,9999.000,9999.000,9999.000,9999.000,9999.000
202606031818,   7.005,9999.000,9999.000,9999.000,9999.000,9999.000,9999.000,9999.000,9999.000
202606031824,   6.995,9999.000,9999.000,9999.000,9999.000,9999.000,9999.000,9999.000,9999.000
202606031830,   6.981,9999.000,9999.000,9999.000,9999.000,9999.000,9999.000,9999.000,9999.000
202606031836,   6.965,9999.000,9999.000,9999.000,9999.000,9999.000,9999.000,9999.000,9999.000
202606031842,   6.944,9999.000,9999.000,9999.000,9999.000,9999.000,9999.000,9999.000,9999.000
202606031848,   6.921,9999.000,9999.000,9999.000,9999.000,9999.000,9999.000,9999.000,9999.000
202606031854,   6.893,9999.000,9999.000,9999.000,9999.000,9999.000,9999.000,9999.000,9999.000
202606031900,   6.862,9999.000,   0.200,  -0.034,   7.028,   0.100,   6.928,   0.400,   7.228
202606031906,   6.826,9999.000,9999.000,9999.000,9999.000,9999.000,9999.000,9999.000,9999.000
202606031912,   6.786,9999.000,9999.000,9999.000,9999.000,9999.000,9999.000,9999.000,9999.000
202606031918,   6.740,9999.000,9999.000,9999.000,9999.000,9999.000,9999.000,9999.000,9999.000
202606031924,   6.689,9999.000,9999.000,9999.000,9999.000,9999.000,9999.000,9999.000,9999.000
202606031930,   6.632,9999.000,9999.000,9999.000,9999.000,9999.000,9999.000,9999.000,9999.000
202606031936,   6.569,9999.000,9999.000,9999.000,9999.000,9999.000,9999.000,9999.000,9999.000
202606031942,   6.499,9999.000,9999.000,9999.000,9999.000,9999.000,9999.000,9999.000,9999.000
202606031948,   6.421,9999.000,9999.000,9999.000,9999.000,9999.000,9999.000,9999.000,9999.000
202606031954,   6.336,9999.000,9999.000,9999.000,9999.000,9999.000,9999.000,9999.000,9999.000
202606032000,   6.243,9999.000,   0.200,  -0.034,   6.409,   0.100,   6.309,   0.400,   6.609
202606032006,   6.142,9999.000,9999.000,9999.000,9999.000,9999.000,9999.000,9999.000,9999.000
202606032012,   6.032,9999.000,9999.000,9999.000,9999.000,9999.000,9999.000,9999.000,9999.000
202606032018,   5.914,9999.000,9999.000,9999.000,9999.000,9999.000,9999.000,9999.000,9999.000
202606032024,   5.788,9999.000,9999.000,9999.000,9999.000,9999.000,9999.000,9999.000,9999.000
202606032030,   5.653,9999.000,9999.000,9999.000,9999.000,9999.000,9999.000,9999.000,9999.000
202606032036,   5.510,9999.000,9999.000,9999.000,9999.000,9999.000,9999.000,9999.000,9999.000
202606032042,   5.359,9999.000,9999.000,9999.000,9999.000,9999.000,9999.000,9999.000,9999.000
202606032048,   5.201,9999.000,9999.000,9999.000,9999.000,9999.000,9999.000,9999.000,9999.000
202606032054,   5.036,9999.000,9999.000,9999.000,9999.000,9999.000,9999.000,9999.000,9999.000
202606032100,   4.865,9999.000,   0.200,  -0.034,   5.031,   0.100,   4.931,   0.400,   5.231
202606032106,   4.688,9999.000,9999.000,9999.000,9999.000,9999.000,9999.000,9999.000,9999.000
202606032112,   4.506,9999.000,9999.000,9999.000,9999.000,9999.000,9999.000,9999.000,9999.000
202606032118,   4.321,9999.000,9999.000,9999.000,9999.000,9999.000,9999.000,9999.000,9999.000
202606032124,   4.132,9999.000,9999.000,9999.000,9999.000,9999.000,9999.000,9999.000,9999.000
202606032130,   3.941,9999.000,9999.000,9999.000,9999.000,9999.000,9999.000,9999.000,9999.000
202606032136,   3.749,9999.000,9999.000,9999.000,9999.000,9999.000,9999.000,9999.000,9999.000
202606032142,   3.557,9999.000,9999.000,9999.000,9999.000,9999.000,9999.000,9999.000,9999.000
202606032148,   3.367,9999.000,9999.000,9999.000,9999.000,9999.000,9999.000,9999.000,9999.000
202606032154,   3.178,9999.000,9999.000,9999.000,9999.000,9999.000,9999.000,9999.000,9999.000
202606032200,   2.994,9999.000,   0.300,  -0.034,   3.260,   0.100,   3.060,   0.400,   3.360
202606032206,   2.813,9999.000,9999.000,9999.000,9999.000,9999.000,9999.000,9999.000,9999.000
202606032212,   2.638,9999.000,9999.000,9999.000,9999.000,9999.000,9999.000,9999.000,9999.000
202606032218,   2.470,9999.000,9999.000,9999.000,9999.000,9999.000,9999.000,9999.000,9999.000
202606032224,   2.309,9999.000,9999.000,9999.000,9999.000,9999.000,9999.000,9999.000,9999.000
202606032230,   2.156,9999.000,9999.000,9999.000,9999.000,9999.000,9999.000,9999.000,9999.000
202606032236,   2.012,9999.000,9999.000,9999.000,9999.000,9999.000,9999.000,9999.000,9999.000
202606032242,   1.878,9999.000,9999.000,9999.000,9999.000,9999.000,9999.000,9999.000,9999.000
202606032248,   1.754,9999.000,9999.000,9999.000,9999.000,9999.000,9999.000,9999.000,9999.000
202606032254,   1.641,9999.000,9999.000,9999.000,9999.000,9999.000,9999.000,9999.000,9999.000
202606032300,   1.539,9999.000,   0.300,  -0.034,   1.805,   0.100,   1.605,   0.400,   1.905
202606032306,   1.448,9999.000,9999.000,9999.000,9999.000,9999.000,9999.000,9999.000,9999.000
202606032312,   1.368,9999.000,9999.000,9999.000,9999.000,9999.000,9999.000,9999.000,9999.000
202606032318,   1.299,9999.000,9999.000,9999.000,9999.000,9999.000,9999.000,9999.000,9999.000
202606032324,   1.240,9999.000,9999.000,9999.000,9999.000,9999.000,9999.000,9999.000,9999.000
202606032330,   1.193,9999.000,9999.000,9999.000,9999.000,9999.000,9999.000,9999.000,9999.000
202606032336,   1.155,9999.000,9999.000,9999.000,9999.000,9999.000,9999.000,9999.000,9999.000
202606032342,   1.127,9999.000,9999.000,9999.000,9999.000,9999.000,9999.000,9999.000,9999.000
202606032348,   1.109,9999.000,9999.000,9999.000,9999.000,9999.000,9999.000,9999.000,9999.000
202606032354,   1.098,9999.000,9999.000,9999.000,9999.000,9999.000,9999.000,9999.000,9999.000
202606040000,   1.096,9999.000,   0.200,  -0.034,   1.262,   0.100,   1.162,   0.400,   1.462
202606040006,   1.100,9999.000,9999.000,9999.000,9999.000,9999.000,9999.000,9999.000,9999.000
202606040012,   1.111,9999.000,9999.000,9999.000,9999.000,9999.000,9999.000,9999.000,9999.000
202606040018,   1.127,9999.000,9999.000,9999.000,9999.000,9999.000,9999.000,9999.000,9999.000
202606040024,   1.149,9999.000,9999.000,9999.000,9999.000,9999.000,9999.000,9999.000,9999.000
202606040030,   1.175,9999.000,9999.000,9999.000,9999.000,9999.000,9999.000,9999.000,9999.000
202606040036,   1.205,9999.000,9999.000,9999.000,9999.000,9999.000,9999.000,9999.000,9999.000
202606040042,   1.239,9999.000,9999.000,9999.000,9999.000,9999.000,9999.000,9999.000,9999.000
202606040048,   1.276,9999.000,9999.000,9999.000,9999.000,9999.000,9999.000,9999.000,9999.000
202606040054,   1.316,9999.000,9999.000,9999.000,9999.000,9999.000,9999.000,9999.000,9999.000
202606040100,   1.359,9999.000,   0.200,  -0.034,   1.525,   0.100,   1.425,   0.500,   1.825
202606040106,   1.405,9999.000,9999.000,9999.000,9999.000,9999.000,9999.000,9999.000,9999.000
202606040112,   1.455,9999.000,9999.000,9999.000,9999.000,9999.000,9999.000,9999.000,9999.000
202606040118,   1.507,9999.000,9999.000,9999.000,9999.000,9999.000,9999.000,9999.000,9999.000
202606040124,   1.564,9999.000,9999.000,9999.000,9999.000,9999.000,9999.000,9999.000,9999.000
202606040130,   1.625,9999.000,9999.000,9999.000,9999.000,9999.000,9999.000,9999.000,9999.000
202606040136,   1.690,9999.000,9999.000,9999.000,9999.000,9999.000,9999.000,9999.000,9999.000
202606040142,   1.761,9999.000,9999.000,9999.000,9999.000,9999.000,9999.000,9999.000,9999.000
202606040148,   1.838,9999.000,9999.000,9999.000,9999.000,9999.000,9999.000,9999.000,9999.000
202606040154,   1.921,9999.000,9999.000,9999.000,9999.000,9999.000,9999.000,9999.000,9999.000
202606040200,   2.012,9999.000,   0.300,  -0.034,   2.278,   0.100,   2.078,   0.500,   2.478
202606040206,   2.110,9999.000,9999.000,9999.000,9999.000,9999.000,9999.000,9999.000,9999.000
202606040212,   2.217,9999.000,9999.000,9999.000,9999.000,9999.000,9999.000,9999.000,9999.000
202606040218,   2.332,9999.000,9999.000,9999.000,9999.000,9999.000,9999.000,9999.000,9999.000
202606040224,   2.456,9999.000,9999.000,9999.000,9999.000,9999.000,9999.000,9999.000,9999.000
202606040230,   2.590,9999.000,9999.000,9999.000,9999.000,9999.000,9999.000,9999.000,9999.000
202606040236,   2.733,9999.000,9999.000,9999.000,9999.000,9999.000,9999.000,9999.000,9999.000
202606040242,   2.886,9999.000,9999.000,9999.000,9999.000,9999.000,9999.000,9999.000,9999.000
202606040248,   3.048,9999.000,9999.000,9999.000,9999.000,9999.000,9999.000,9999.000,9999.000
202606040254,   3.219,9999.000,9999.000,9999.000,9999.000,9999.000,9999.000,9999.000,9999.000
202606040300,   3.398,9999.000,   0.300,  -0.034,   3.664,   0.100,   3.464,   0.500,   3.864
202606040306,   3.585,9999.000,9999.000,9999.000,9999.000,9999.000,9999.000,9999.000,9999.000
202606040312,   3.779,9999.000,9999.000,9999.000,9999.000,9999.000,9999.000,9999.000,9999.000
202606040318,   3.979,9999.000,9999.000,9999.000,9999.000,9999.000,9999.000,9999.000,9999.000
202606040324,   4.184,9999.000,9999.000,9999.000,9999.000,9999.000,9999.000,9999.000,9999.000
202606040330,   4.393,9999.000,9999.000,9999.000,9999.000,9999.000,9999.000,9999.000,9999.000
202606040336,   4.603,9999.000,9999.000,9999.000,9999.000,9999.000,9999.000,9999.000,9999.000
202606040342,   4.815,9999.000,9999.000,9999.000,9999.000,9999.000,9999.000,9999.000,9999.000
202606040348,   5.026,9999.000,9999.000,9999.000,9999.000,9999.000,9999.000,9999.000,9999.000
202606040354,   5.236,9999.000,9999.000,9999.000,9999.000,9999.000,9999.000,9999.000,9999.000
202606040400,   5.442,9999.000,   0.200,  -0.034,   5.608,   0.100,   5.508,   0.400,   5.808
202606040406,   5.643,9999.000,9999.000,9999.000,9999.000,9999.000,9999.000,9999.000,9999.000
202606040412,   5.838,9999.000,9999.000,9999.000,9999.000,9999.000,9999.000,9999.000,9999.000
202606040418,   6.026,9999.000,9999.000,9999.000,9999.000,9999.000,9999.000,9999.000,9999.000
202606040424,   6.206,9999.000,9999.000,9999.000,9999.000,9999.000,9999.000,9999.000,9999.000
202606040430,   6.375,9999.000,9999.000,9999.000,9999.000,9999.000,9999.000,9999.000,9999.000
202606040436,   6.534,9999.000,9999.000,9999.000,9999.000,9999.000,9999.000,9999.000,9999.000
202606040442,   6.682,9999.000,9999.000,9999.000,9999.000,9999.000,9999.000,9999.000,9999.000
202606040448,   6.818,9999.000,9999.000,9999.000,9999.000,9999.000,9999.000,9999.000,9999.000
202606040454,   6.942,9999.000,9999.000,9999.000,9999.000,9999.000,9999.000,9999.000,9999.000
202606040500,   7.053,9999.000,   0.200,  -0.034,   7.219,   0.100,   7.119,   0.400,   7.419
202606040506,   7.152,9999.000,9999.000,9999.000,9999.000,9999.000,9999.000,9999.000,9999.000
202606040512,   7.237,9999.000,9999.000,9999.000,9999.000,9999.000,9999.000,9999.000,9999.000
202606040518,   7.311,9999.000,9999.000,9999.000,9999.000,9999.000,9999.000,9999.000,9999.000
202606040524,   7.372,9999.000,9999.000,9999.000,9999.000,9999.000,9999.000,9999.000,9999.000
202606040530,   7.421,9999.000,9999.000,9999.000,9999.000,9999.000,9999.000,9999.000,9999.000
202606040536,   7.459,9999.000,9999.000,9999.000,9999.000,9999.000,9999.000,9999.000,9999.000
202606040542,   7.487,9999.000,9999.000,9999.000,9999.000,9999.000,9999.000,9999.000,9999.000
202606040548,   7.505,9999.000,9999.000,9999.000,9999.000,9999.000,9999.000,9999.000,9999.000
202606040554,   7.513,9999.000,9999.000,9999.000,9999.000,9999.000,9999.000,9999.000,9999.000
202606040600,   7.514,9999.000,   0.200,  -0.034,   7.680,   0.100,   7.580,   0.400,   7.880
202606040606,   7.507,9999.000,9999.000,9999.000,9999.000,9999.000,9999.000,9999.000,9999.000
202606040612,   7.493,9999.000,9999.000,9999.000,9999.000,9999.000,9999.000,9999.000,9999.000
202606040618,   7.473,9999.000,9999.000,9999.000,9999.000,9999.000,9999.000,9999.000,9999.000
202606040624,   7.448,9999.000,9999.000,9999.000,9999.000,9999.000,9999.000,9999.000,9999.000
202606040630,   7.418,9999.000,9999.000,9999.000,9999.000,9999.000,9999.000,9999.000,9999.000
202606040636,   7.384,9999.000,9999.000,9999.000,9999.000,9999.000,9999.000,9999.000,9999.000
202606040642,   7.346,9999.000,9999.000,9999.000,9999.000,9999.000,9999.000,9999.000,9999.000
202606040648,   7.304,9999.000,9999.000,9999.000,9999.000,9999.000,9999.000,9999.000,9999.000
202606040654,   7.259,9999.000,9999.000,9999.000,9999.000,9999.000,9999.000,9999.000,9999.000
202606040700,   7.212,9999.000,   0.200,  -0.034,   7.378,   0.000,   7.178,   0.300,   7.478
202606040706,   7.161,9999.000,9999.000,9999.000,9999.000,9999.000,9999.000,9999.000,9999.000
202606040712,   7.107,9999.000,9999.000,9999.000,9999.000,9999.000,9999.000,9999.000,9999.000
202606040718,   7.051,9999.000,9999.000,9999.000,9999.000,9999.000,9999.000,9999.000,9999.000
202606040724,   6.990,9999.000,9999.000,9999.000,9999.000,9999.000,9999.000,9999.000,9999.000
202606040730,   6.927,9999.000,9999.000,9999.000,9999.000,9999.000,9999.000,9999.000,9999.000
202606040736,   6.859,9999.000,9999.000,9999.000,9999.000,9999.000,9999.000,9999.000,9999.000
202606040742,   6.787,9999.000,9999.000,9999.000,9999.000,9999.000,9999.000,9999.000,9999.000
202606040748,   6.710,9999.000,9999.000,9999.000,9999.000,9999.000,9999.000,9999.000,9999.000
202606040754,   6.629,9999.000,9999.000,9999.000,9999.000,9999.000,9999.000,9999.000,9999.000
202606040800,   6.541,9999.000,   0.100,  -0.034,   6.607,   0.000,   6.507,   0.300,   6.807
202606040806,   6.448,9999.000,9999.000,9999.000,9999.000,9999.000,9999.000,9999.000,9999.000
202606040812,   6.348,9999.000,9999.000,9999.000,9999.000,9999.000,9999.000,9999.000,9999.000
202606040818,   6.241,9999.000,9999.000,9999.000,9999.000,9999.000,9999.000,9999.000,9999.000
202606040824,   6.127,9999.000,9999.000,9999.000,9999.000,9999.000,9999.000,9999.000,9999.000
202606040830,   6.006,9999.000,9999.000,9999.000,9999.000,9999.000,9999.000,9999.000,9999.000
202606040836,   5.877,9999.000,9999.000,9999.000,9999.000,9999.000,9999.000,9999.000,9999.000
202606040842,   5.740,9999.000,9999.000,9999.000,9999.000,9999.000,9999.000,9999.000,9999.000
202606040848,   5.596,9999.000,9999.000,9999.000,9999.000,9999.000,9999.000,9999.000,9999.000
202606040854,   5.444,9999.000,9999.000,9999.000,9999.000,9999.000,9999.000,9999.000,9999.000
202606040900,   5.284,9999.000,   0.100,  -0.034,   5.350,   0.000,   5.250,   0.300,   5.550
202606040906,   5.117,9999.000,9999.000,9999.000,9999.000,9999.000,9999.000,9999.000,9999.000
202606040912,   4.943,9999.000,9999.000,9999.000,9999.000,9999.000,9999.000,9999.000,9999.000
202606040918,   4.763,9999.000,9999.000,9999.000,9999.000,9999.000,9999.000,9999.000,9999.000
202606040924,   4.577,9999.000,9999.000,9999.000,9999.000,9999.000,9999.000,9999.000,9999.000
202606040930,   4.385,9999.000,9999.000,9999.000,9999.000,9999.000,9999.000,9999.000,9999.000
202606040936,   4.189,9999.000,9999.000,9999.000,9999.000,9999.000,9999.000,9999.000,9999.000
202606040942,   3.990,9999.000,9999.000,9999.000,9999.000,9999.000,9999.000,9999.000,9999.000
202606040948,   3.788,9999.000,9999.000,9999.000,9999.000,9999.000,9999.000,9999.000,9999.000
202606040954,   3.583,9999.000,9999.000,9999.000,9999.000,9999.000,9999.000,9999.000,9999.000
202606041000,   3.379,9999.000,   0.100,  -0.034,   3.445,   0.000,   3.345,   0.300,   3.645
202606041006,   3.174,9999.000,9999.000,9999.000,9999.000,9999.000,9999.000,9999.000,9999.000
202606041012,   2.971,9999.000,9999.000,9999.000,9999.000,9999.000,9999.000,9999.000,9999.000
202606041018,   2.770,9999.000,9999.000,9999.000,9999.000,9999.000,9999.000,9999.000,9999.000
202606041024,   2.573,9999.000,9999.000,9999.000,9999.000,9999.000,9999.000,9999.000,9999.000
202606041030,   2.381,9999.000,9999.000,9999.000,9999.000,9999.000,9999.000,9999.000,9999.000
202606041036,   2.194,9999.000,9999.000,9999.000,9999.000,9999.000,9999.000,9999.000,9999.000
202606041042,   2.014,9999.000,9999.000,9999.000,9999.000,9999.000,9999.000,9999.000,9999.000
202606041048,   1.842,9999.000,9999.000,9999.000,9999.000,9999.000,9999.000,9999.000,9999.000
202606041054,   1.678,9999.000,9999.000,9999.000,9999.000,9999.000,9999.000,9999.000,9999.000
202606041100,   1.523,9999.000,   0.100,  -0.034,   1.589,   0.000,   1.489,   0.300,   1.789
202606041106,   1.378,9999.000,9999.000,9999.000,9999.000,9999.000,9999.000,9999.000,9999.000
202606041112,   1.244,9999.000,9999.000,9999.000,9999.000,9999.000,9999.000,9999.000,9999.000
202606041118,   1.121,9999.000,9999.000,9999.000,9999.000,9999.000,9999.000,9999.000,9999.000
202606041124,   1.008,9999.000,9999.000,9999.000,9999.000,9999.000,9999.000,9999.000,9999.000
202606041130,   0.908,9999.000,9999.000,9999.000,9999.000,9999.000,9999.000,9999.000,9999.000
202606041136,   0.818,9999.000,9999.000,9999.000,9999.000,9999.000,9999.000,9999.000,9999.000
202606041142,   0.740,9999.000,9999.000,9999.000,9999.000,9999.000,9999.000,9999.000,9999.000
202606041148,   0.673,9999.000,9999.000,9999.000,9999.000,9999.000,9999.000,9999.000,9999.000
202606041154,   0.617,9999.000,9999.000,9999.000,9999.000,9999.000,9999.000,9999.000,9999.000
202606041200,   0.571,9999.000,   0.100,  -0.034,   0.637,   0.000,   0.537,   0.200,   0.737
202606041206,   0.535,9999.000,9999.000,9999.000,9999.000,9999.000,9999.000,9999.000,9999.000
202606041212,   0.508,9999.000,9999.000,9999.000,9999.000,9999.000,9999.000,9999.000,9999.000
202606041218,   0.490,9999.000,9999.000,9999.000,9999.000,9999.000,9999.000,9999.000,9999.000
202606041224,   0.480,9999.000,9999.000,9999.000,9999.000,9999.000,9999.000,9999.000,9999.000
202606041230,   0.477,9999.000,9999.000,9999.000,9999.000,9999.000,9999.000,9999.000,9999.000
202606041236,   0.481,9999.000,9999.000,9999.000,9999.000,9999.000,9999.000,9999.000,9999.000
202606041242,   0.490,9999.000,9999.000,9999.000,9999.000,9999.000,9999.000,9999.000,9999.000
202606041248,   0.505,9999.000,9999.000,9999.000,9999.000,9999.000,9999.000,9999.000,9999.000
202606041254,   0.525,9999.000,9999.000,9999.000,9999.000,9999.000,9999.000,9999.000,9999.000
202606041300,   0.548,9999.000,   0.100,  -0.034,   0.614,   0.000,   0.514,   0.200,   0.714
202606041306,   0.575,9999.000,9999.000,9999.000,9999.000,9999.000,9999.000,9999.000,9999.000
202606041312,   0.606,9999.000,9999.000,9999.000,9999.000,9999.000,9999.000,9999.000,9999.000
202606041318,   0.639,9999.000,9999.000,9999.000,9999.000,9999.000,9999.000,9999.000,9999.000
202606041324,   0.676,9999.000,9999.000,9999.000,9999.000,9999.000,9999.000,9999.000,9999.000
202606041330,   0.716,9999.000,9999.000,9999.000,9999.000,9999.000,9999.000,9999.000,9999.000
202606041336,   0.759,9999.000,9999.000,9999.000,9999.000,9999.000,9999.000,9999.000,9999.000
202606041342,   0.805,9999.000,9999.000,9999.000,9999.000,9999.000,9999.000,9999.000,9999.000
202606041348,   0.855,9999.000,9999.000,9999.000,9999.000,9999.000,9999.000,9999.000,9999.000
202606041354,   0.909,9999.000,9999.000,9999.000,9999.000,9999.000,9999.000,9999.000,9999.000
202606041400,   0.968,9999.000,   0.100,  -0.034,   1.034,   0.000,   0.934,   0.200,   1.134
202606041406,   1.033,9999.000,9999.000,9999.000,9999.000,9999.000,9999.000,9999.000,9999.000
202606041412,   1.103,9999.000,9999.000,9999.000,9999.000,9999.000,9999.000,9999.000,9999.000
202606041418,   1.180,9999.000,9999.000,9999.000,9999.000,9999.000,9999.000,9999.000,9999.000
202606041424,   1.265,9999.000,9999.000,9999.000,9999.000,9999.000,9999.000,9999.000,9999.000
202606041430,   1.357,9999.000,9999.000,9999.000,9999.000,9999.000,9999.000,9999.000,9999.000
202606041436,   1.458,9999.000,9999.000,9999.000,9999.000,9999.000,9999.000,9999.000,9999.000
202606041442,   1.568,9999.000,9999.000,9999.000,9999.000,9999.000,9999.000,9999.000,9999.000
202606041448,   1.687,9999.000,9999.000,9999.000,9999.000,9999.000,9999.000,9999.000,9999.000
202606041454,   1.816,9999.000,9999.000,9999.000,9999.000,9999.000,9999.000,9999.000,9999.000
202606041500,   1.956,9999.000,   0.100,  -0.034,   2.022,   0.000,   1.922,   0.200,   2.122
202606041506,   2.105,9999.000,9999.000,9999.000,9999.000,9999.000,9999.000,9999.000,9999.000
202606041512,   2.264,9999.000,9999.000,9999.000,9999.000,9999.000,9999.000,9999.000,9999.000
202606041518,   2.432,9999.000,9999.000,9999.000,9999.000,9999.000,9999.000,9999.000,9999.000
202606041524,   2.610,9999.000,9999.000,9999.000,9999.000,9999.000,9999.000,9999.000,9999.000
202606041530,   2.796,9999.000,9999.000,9999.000,9999.000,9999.000,9999.000,9999.000,9999.000
202606041536,   2.990,9999.000,9999.000,9999.000,9999.000,9999.000,9999.000,9999.000,9999.000
202606041542,   3.191,9999.000,9999.000,9999.000,9999.000,9999.000,9999.000,9999.000,9999.000
202606041548,   3.398,9999.000,9999.000,9999.000,9999.000,9999.000,9999.000,9999.000,9999.000
202606041554,   3.609,9999.000,9999.000,9999.000,9999.000,9999.000,9999.000,9999.000,9999.000
202606041600,   3.823,9999.000,   0.100,  -0.034,   3.889,   0.000,   3.789,   0.300,   4.089
202606041606,   4.039,9999.000,9999.000,9999.000,9999.000,9999.000,9999.000,9999.000,9999.000
202606041612,   4.256,9999.000,9999.000,9999.000,9999.000,9999.000,9999.000,9999.000,9999.000
202606041618,   4.471,9999.000,9999.000,9999.000,9999.000,9999.000,9999.000,9999.000,9999.000
202606041624,   4.684,9999.000,9999.000,9999.000,9999.000,9999.000,9999.000,9999.000,9999.000
202606041630,   4.894,9999.000,9999.000,9999.000,9999.000,9999.000,9999.000,9999.000,9999.000
202606041636,   5.098,9999.000,9999.000,9999.000,9999.000,9999.000,9999.000,9999.000,9999.000
202606041642,   5.295,9999.000,9999.000,9999.000,9999.000,9999.000,9999.000,9999.000,9999.000
202606041648,   5.485,9999.000,9999.000,9999.000,9999.000,9999.000,9999.000,9999.000,9999.000
202606041654,   5.665,9999.000,9999.000,9999.000,9999.000,9999.000,9999.000,9999.000,9999.000
202606041700,   5.836,9999.000,   0.100,  -0.034,   5.902,   0.000,   5.802,   0.300,   6.102
202606041706,   5.996,9999.000,9999.000,9999.000,9999.000,9999.000,9999.000,9999.000,9999.000
202606041712,   6.145,9999.000,9999.000,9999.000,9999.000,9999.000,9999.000,9999.000,9999.000
202606041718,   6.282,9999.000,9999.000,9999.000,9999.000,9999.000,9999.000,9999.000,9999.000
202606041724,   6.407,9999.000,9999.000,9999.000,9999.000,9999.000,9999.000,9999.000,9999.000
202606041730,   6.519,9999.000,9999.000,9999.000,9999.000,9999.000,9999.000,9999.000,9999.000
202606041736,   6.620,9999.000,9999.000,9999.000,9999.000,9999.000,9999.000,9999.000,9999.000
202606041742,   6.708,9999.000,9999.000,9999.000,9999.000,9999.000,9999.000,9999.000,9999.000
202606041748,   6.784,9999.000,9999.000,9999.000,9999.000,9999.000,9999.000,9999.000,9999.000
202606041754,   6.849,9999.000,9999.000,9999.000,9999.000,9999.000,9999.000,9999.000,9999.000
202606041800,   6.902,9999.000,   0.100,  -0.034,   6.968,   0.000,   6.868,   0.300,   7.168
202606041806,   6.946,9999.000,9999.000,9999.000,9999.000,9999.000,9999.000,9999.000,9999.000
202606041812,   6.980,9999.000,9999.000,9999.000,9999.000,9999.000,9999.000,9999.000,9999.000
202606041818,   7.004,9999.000,9999.000,9999.000,9999.000,9999.000,9999.000,9999.000,9999.000
202606041824,   7.021,9999.000,9999.000,9999.000,9999.000,9999.000,9999.000,9999.000,9999.000
202606041830,   7.031,9999.000,9999.000,9999.000,9999.000,9999.000,9999.000,9999.000,9999.000
202606041836,   7.033,9999.000,9999.000,9999.000,9999.000,9999.000,9999.000,9999.000,9999.000
202606041842,   7.030,9999.000,9999.000,9999.000,9999.000,9999.000,9999.000,9999.000,9999.000
202606041848,   7.022,9999.000,9999.000,9999.000,9999.000,9999.000,9999.000,9999.000,9999.000
202606041854,   7.009,9999.000,9999.000,9999.000,9999.000,9999.000,9999.000,9999.000,9999.000
202606041900,   6.992,9999.000,   0.100,  -0.034,   7.058,   0.000,   6.958,   0.300,   7.258
202606041906,   6.971,9999.000,9999.000,9999.000,9999.000,9999.000,9999.000,9999.000,9999.000
202606041912,   6.947,9999.000,9999.000,9999.000,9999.000,9999.000,9999.000,9999.000,9999.000
202606041918,   6.920,9999.000,9999.000,9999.000,9999.000,9999.000,9999.000,9999.000,9999.000
202606041924,   6.891,9999.000,9999.000,9999.000,9999.000,9999.000,9999.000,9999.000,9999.000
202606041930,   6.858,9999.000,9999.000,9999.000,9999.000,9999.000,9999.000,9999.000,9999.000
202606041936,   6.823,9999.000,9999.000,9999.000,9999.000,9999.000,9999.000,9999.000,9999.000
202606041942,   6.784,9999.000,9999.000,9999.000,9999.000,9999.000,9999.000,9999.000,9999.000
202606041948,   6.743,9999.000,9999.000,9999.000,9999.000,9999.000,9999.000,9999.000,9999.000
202606041954,   6.698,9999.000,9999.000,9999.000,9999.000,9999.000,9999.000,9999.000,9999.000
202606042000,   6.649,9999.000,   0.100,  -0.034,   6.715,   0.000,   6.615,   0.400,   7.015
202606042006,   6.596,9999.000,9999.000,9999.000,9999.000,9999.000,9999.000,9999.000,9999.000
202606042012,   6.539,9999.000,9999.000,9999.000,9999.000,9999.000,9999.000,9999.000,9999.000
202606042018,   6.476,9999.000,9999.000,9999.000,9999.000,9999.000,9999.000,9999.000,9999.000
202606042024,   6.408,9999.000,9999.000,9999.000,9999.000,9999.000,9999.000,9999.000,9999.000
202606042030,   6.334,9999.000,9999.000,9999.000,9999.000,9999.000,9999.000,9999.000,9999.000
202606042036,   6.253,9999.000,9999.000,9999.000,9999.000,9999.000,9999.000,9999.000,9999.000
202606042042,   6.166,9999.000,9999.000,9999.000,9999.000,9999.000,9999.000,9999.000,9999.000
202606042048,   6.071,9999.000,9999.000,9999.000,9999.000,9999.000,9999.000,9999.000,9999.000
202606042054,   5.969,9999.000,9999.000,9999.000,9999.000,9999.000,9999.000,9999.000,9999.000
202606042100,   5.859,9999.000,   0.100,  -0.034,   5.925,   0.000,   5.825,   0.400,   6.225
202606042106,   5.741,9999.000,9999.000,9999.000,9999.000,9999.000,9999.000,9999.000,9999.000
202606042112,   5.616,9999.000,9999.000,9999.000,9999.000,9999.000,9999.000,9999.000,9999.000
202606042118,   5.482,9999.000,9999.000,9999.000,9999.000,9999.000,9999.000,9999.000,9999.000
202606042124,   5.341,9999.000,9999.000,9999.000,9999.000,9999.000,9999.000,9999.000,9999.000
202606042130,   5.193,9999.000,9999.000,9999.000,9999.000,9999.000,9999.000,9999.000,9999.000
202606042136,   5.037,9999.000,9999.000,9999.000,9999.000,9999.000,9999.000,9999.000,9999.000
202606042142,   4.875,9999.000,9999.000,9999.000,9999.000,9999.000,9999.000,9999.000,9999.000
202606042148,   4.706,9999.000,9999.000,9999.000,9999.000,9999.000,9999.000,9999.000,9999.000
202606042154,   4.532,9999.000,9999.000,9999.000,9999.000,9999.000,9999.000,9999.000,9999.000
202606042200,   4.354,9999.000,   0.100,  -0.034,   4.420,   0.000,   4.320,   0.400,   4.720
202606042206,   4.171,9999.000,9999.000,9999.000,9999.000,9999.000,9999.000,9999.000,9999.000
202606042212,   3.986,9999.000,9999.000,9999.000,9999.000,9999.000,9999.000,9999.000,9999.000
202606042218,   3.799,9999.000,9999.000,9999.000,9999.000,9999.000,9999.000,9999.000,9999.000
202606042224,   3.611,9999.000,9999.000,9999.000,9999.000,9999.000,9999.000,9999.000,9999.000
202606042230,   3.423,9999.000,9999.000,9999.000,9999.000,9999.000,9999.000,9999.000,9999.000
202606042236,   3.236,9999.000,9999.000,9999.000,9999.000,9999.000,9999.000,9999.000,9999.000
202606042242,   3.052,9999.000,9999.000,9999.000,9999.000,9999.000,9999.000,9999.000,9999.000
202606042248,   2.871,9999.000,9999.000,9999.000,9999.000,9999.000,9999.000,9999.000,9999.000
202606042254,   2.695,9999.000,9999.000,9999.000,9999.000,9999.000,9999.000,9999.000,9999.000
202606042300,   2.525,9999.000,   0.100,  -0.034,   2.591,   0.000,   2.491,   0.400,   2.891
202606042306,   2.361,9999.000,9999.000,9999.000,9999.000,9999.000,9999.000,9999.000,9999.000
202606042312,   2.205,9999.000,9999.000,9999.000,9999.000,9999.000,9999.000,9999.000,9999.000
202606042318,   2.058,9999.000,9999.000,9999.000,9999.000,9999.000,9999.000,9999.000,9999.000
202606042324,   1.920,9999.000,9999.000,9999.000,9999.000,9999.000,9999.000,9999.000,9999.000
202606042330,   1.792,9999.000,9999.000,9999.000,9999.000,9999.000,9999.000,9999.000,9999.000
202606042336,   1.675,9999.000,9999.000,9999.000,9999.000,9999.000,9999.000,9999.000,9999.000
202606042342,   1.568,9999.000,9999.000,9999.000,9999.000,9999.000,9999.000,9999.000,9999.000
202606042348,   1.473,9999.000,9999.000,9999.000,9999.000,9999.000,9999.000,9999.000,9999.000
202606042354,   1.390,9999.000,9999.000,9999.000,9999.000,9999.000,9999.000,9999.000,9999.000
202606050000,   1.318,9999.000,   0.100,  -0.034,   1.384,   0.000,   1.284,   0.400,   1.684
202606050006,   1.257,9999.000,9999.000,9999.000,9999.000,9999.000,9999.000,9999.000,9999.000
202606050012,   1.208,9999.000,9999.000,9999.000,9999.000,9999.000,9999.000,9999.000,9999.000
202606050018,   1.170,9999.000,9999.000,9999.000,9999.000,9999.000,9999.000,9999.000,9999.000
202606050024,   1.142,9999.000,9999.000,9999.000,9999.000,9999.000,9999.000,9999.000,9999.000
202606050030,   1.124,9999.000,9999.000,9999.000,9999.000,9999.000,9999.000,9999.000,9999.000
202606050036,   1.116,9999.000,9999.000,9999.000,9999.000,9999.000,9999.000,9999.000,9999.000
202606050042,   1.116,9999.000,9999.000,9999.000,9999.000,9999.000,9999.000,9999.000,9999.000
202606050048,   1.124,9999.000,9999.000,9999.000,9999.000,9999.000,9999.000,9999.000,9999.000
202606050054,   1.140,9999.000,9999.000,9999.000,9999.000,9999.000,9999.000,9999.000,9999.000
202606050100,   1.161,9999.000,   0.100,  -0.034,   1.227,   0.000,   1.127,   0.300,   1.427
202606050106,   1.189,9999.000,9999.000,9999.000,9999.000,9999.000,9999.000,9999.000,9999.000
202606050112,   1.222,9999.000,9999.000,9999.000,9999.000,9999.000,9999.000,9999.000,9999.000
202606050118,   1.258,9999.000,9999.000,9999.000,9999.000,9999.000,9999.000,9999.000,9999.000
202606050124,   1.299,9999.000,9999.000,9999.000,9999.000,9999.000,9999.000,9999.000,9999.000
202606050130,   1.343,9999.000,9999.000,9999.000,9999.000,9999.000,9999.000,9999.000,9999.000
202606050136,   1.390,9999.000,9999.000,9999.000,9999.000,9999.000,9999.000,9999.000,9999.000
202606050142,   1.439,9999.000,9999.000,9999.000,9999.000,9999.000,9999.000,9999.000,9999.000
202606050148,   1.491,9999.000,9999.000,9999.000,9999.000,9999.000,9999.000,9999.000,9999.000
202606050154,   1.546,9999.000,9999.000,9999.000,9999.000,9999.000,9999.000,9999.000,9999.000
202606050200,   1.603,9999.000,   0.100,  -0.034,   1.669,  -0.100,   1.469,   0.300,   1.869
202606050206,   1.662,9999.000,9999.000,9999.000,9999.000,9999.000,9999.000,9999.000,9999.000
202606050212,   1.725,9999.000,9999.000,9999.000,9999.000,9999.000,9999.000,9999.000,9999.000
202606050218,   1.791,9999.000,9999.000,9999.000,9999.000,9999.000,9999.000,9999.000,9999.000
202606050224,   1.861,9999.000,9999.000,9999.000,9999.000,9999.000,9999.000,9999.000,9999.000
202606050230,   1.935,9999.000,9999.000,9999.000,9999.000,9999.000,9999.000,9999.000,9999.000
202606050236,   2.015,9999.000,9999.000,9999.000,9999.000,9999.000,9999.000,9999.000,9999.000
202606050242,   2.100,9999.000,9999.000,9999.000,9999.000,9999.000,9999.000,9999.000,9999.000
202606050248,   2.191,9999.000,9999.000,9999.000,9999.000,9999.000,9999.000,9999.000,9999.000
202606050254,   2.290,9999.000,9999.000,9999.000,9999.000,9999.000,9999.000,9999.000,9999.000
202606050300,   2.396,9999.000,   0.100,  -0.034,   2.462,  -0.100,   2.262,   0.300,   2.662
202606050306,   2.510,9999.000,9999.000,9999.000,9999.000,9999.000,9999.000,9999.000,9999.000
202606050312,   2.633,9999.000,9999.000,9999.000,9999.000,9999.000,9999.000,9999.000,9999.000
202606050318,   2.764,9999.000,9999.000,9999.000,9999.000,9999.000,9999.000,9999.000,9999.000
202606050324,   2.904,9999.000,9999.000,9999.000,9999.000,9999.000,9999.000,9999.000,9999.000
202606050330,   3.053,9999.000,9999.000,9999.000,9999.000,9999.000,9999.000,9999.000,9999.000
202606050336,   3.212,9999.000,9999.000,9999.000,9999.000,9999.000,9999.000,9999.000,9999.000
202606050342,   3.378,9999.000,9999.000,9999.000,9999.000,9999.000,9999.000,9999.000,9999.000
202606050348,   3.553,9999.000,9999.000,9999.000,9999.000,9999.000,9999.000,9999.000,9999.000
202606050354,   3.736,9999.000,9999.000,9999.000,9999.000,9999.000,9999.000,9999.000,9999.000
202606050400,   3.925,9999.000,   0.100,  -0.034,   3.991,  -0.100,   3.791,   0.300,   4.191
202606050406,   4.120,9999.000,9999.000,9999.000,9999.000,9999.000,9999.000,9999.000,9999.000
202606050412,   4.320,9999.000,9999.000,9999.000,9999.000,9999.000,9999.000,9999.000,9999.000
202606050418,   4.523,9999.000,9999.000,9999.000,9999.000,9999.000,9999.000,9999.000,9999.000
202606050424,   4.729,9999.000,9999.000,9999.000,9999.000,9999.000,9999.000,9999.000,9999.000
202606050430,   4.935,9999.000,9999.000,9999.000,9999.000,9999.000,9999.000,9999.000,9999.000
202606050436,   5.141,9999.000,9999.000,9999.000,9999.000,9999.000,9999.000,9999.000,9999.000
202606050442,   5.346,9999.000,9999.000,9999.000,9999.000,9999.000,9999.000,9999.000,9999.000
202606050448,   5.547,9999.000,9999.000,9999.000,9999.000,9999.000,9999.000,9999.000,9999.000
202606050454,   5.743,9999.000,9999.000,9999.000,9999.000,9999.000,9999.000,9999.000,9999.000
202606050500,   5.932,9999.000,   0.100,  -0.034,   5.998,  -0.100,   5.798,   0.300,   6.198
202606050506,   6.115,9999.000,9999.000,9999.000,9999.000,9999.000,9999.000,9999.000,9999.000
202606050512,   6.288,9999.000,9999.000,9999.000,9999.000,9999.000,9999.000,9999.000,9999.000
202606050518,   6.452,9999.000,9999.000,9999.000,9999.000,9999.000,9999.000,9999.000,9999.000
202606050524,   6.605,9999.000,9999.000,9999.000,9999.000,9999.000,9999.000,9999.000,9999.000
202606050530,   6.747,9999.000,9999.000,9999.000,9999.000,9999.000,9999.000,9999.000,9999.000
202606050536,   6.876,9999.000,9999.000,9999.000,9999.000,9999.000,9999.000,9999.000,9999.000
202606050542,   6.992,9999.000,9999.000,9999.000,9999.000,9999.000,9999.000,9999.000,9999.000
202606050548,   7.095,9999.000,9999.000,9999.000,9999.000,9999.000,9999.000,9999.000,9999.000
202606050554,   7.186,9999.000,9999.000,9999.000,9999.000,9999.000,9999.000,9999.000,9999.000
202606050600,   7.263,9999.000,   0.000,  -0.034,   7.229,  -0.100,   7.129,   0.200,   7.429
202606050606,   7.327,9999.000,9999.000,9999.000,9999.000,9999.000,9999.000,9999.000,9999.000
202606050612,   7.378,9999.000,9999.000,9999.000,9999.000,9999.000,9999.000,9999.000,9999.000
202606050618,   7.418,9999.000,9999.000,9999.000,9999.000,9999.000,9999.000,9999.000,9999.000
202606050624,   7.445,9999.000,9999.000,9999.000,9999.000,9999.000,9999.000,9999.000,9999.000
202606050630,   7.462,9999.000,9999.000,9999.000,9999.000,9999.000,9999.000,9999.000,9999.000
202606050636,   7.469,9999.000,9999.000,9999.000,9999.000,9999.000,9999.000,9999.000,9999.000
202606050642,   7.466,9999.000,9999.000,9999.000,9999.000,9999.000,9999.000,9999.000,9999.000
202606050648,   7.455,9999.000,9999.000,9999.000,9999.000,9999.000,9999.000,9999.000,9999.000
202606050654,   7.436,9999.000,9999.000,9999.000,9999.000,9999.000,9999.000,9999.000,9999.000
202606050700,   7.410,9999.000,   0.000,  -0.034,   7.376,  -0.200,   7.176,   0.200,   7.576
202606050706,   7.378,9999.000,9999.000,9999.000,9999.000,9999.000,9999.000,9999.000,9999.000
202606050712,   7.341,9999.000,9999.000,9999.000,9999.000,9999.000,9999.000,9999.000,9999.000
202606050718,   7.299,9999.000,9999.000,9999.000,9999.000,9999.000,9999.000,9999.000,9999.000
202606050724,   7.253,9999.000,9999.000,9999.000,9999.000,9999.000,9999.000,9999.000,9999.000
202606050730,   7.204,9999.000,9999.000,9999.000,9999.000,9999.000,9999.000,9999.000,9999.000
202606050736,   7.151,9999.000,9999.000,9999.000,9999.000,9999.000,9999.000,9999.000,9999.000
202606050742,   7.096,9999.000,9999.000,9999.000,9999.000,9999.000,9999.000,9999.000,9999.000
202606050748,   7.038,9999.000,9999.000,9999.000,9999.000,9999.000,9999.000,9999.000,9999.000
202606050754,   6.978,9999.000,9999.000,9999.000,9999.000,9999.000,9999.000,9999.000,9999.000
202606050800,   6.916,9999.000,   0.000,  -0.034,   6.882,  -0.200,   6.682,   0.200,   7.082
202606050806,   6.851,9999.000,9999.000,9999.000,9999.000,9999.000,9999.000,9999.000,9999.000
202606050812,   6.783,9999.000,9999.000,9999.000,9999.000,9999.000,9999.000,9999.000,9999.000
202606050818,   6.712,9999.000,9999.000,9999.000,9999.000,9999.000,9999.000,9999.000,9999.000
202606050824,   6.639,9999.000,9999.000,9999.000,9999.000,9999.000,9999.000,9999.000,9999.000
202606050830,   6.561,9999.000,9999.000,9999.000,9999.000,9999.000,9999.000,9999.000,9999.000
202606050836,   6.480,9999.000,9999.000,9999.000,9999.000,9999.000,9999.000,9999.000,9999.000
202606050842,   6.394,9999.000,9999.000,9999.000,9999.000,9999.000,9999.000,9999.000,9999.000
202606050848,   6.303,9999.000,9999.000,9999.000,9999.000,9999.000,9999.000,9999.000,9999.000
202606050854,   6.207,9999.000,9999.000,9999.000,9999.000,9999.000,9999.000,9999.000,9999.000
202606050900,   6.105,9999.000,   0.000,  -0.034,   6.071,  -0.200,   5.871,   0.200,   6.271
202606050906,   5.997,9999.000,9999.000,9999.000,9999.000,9999.000,9999.000,9999.000,9999.000
202606050912,   5.882,9999.000,9999.000,9999.000,9999.000,9999.000,9999.000,9999.000,9999.000
202606050918,   5.761,9999.000,9999.000,9999.000,9999.000,9999.000,9999.000,9999.000,9999.000
202606050924,   5.632,9999.000,9999.000,9999.000,9999.000,9999.000,9999.000,9999.000,9999.000
202606050930,   5.497,9999.000,9999.000,9999.000,9999.000,9999.000,9999.000,9999.000,9999.000
202606050936,   5.354,9999.000,9999.000,9999.000,9999.000,9999.000,9999.000,9999.000,9999.000
202606050942,   5.203,9999.000,9999.000,9999.000,9999.000,9999.000,9999.000,9999.000,9999.000
202606050948,   5.046,9999.000,9999.000,9999.000,9999.000,9999.000,9999.000,9999.000,9999.000
202606050954,   4.881,9999.000,9999.000,9999.000,9999.000,9999.000,9999.000,9999.000,9999.000
202606051000,   4.710,9999.000,   0.000,  -0.034,   4.676,  -0.300,   4.376,   0.200,   4.876
202606051006,   4.533,9999.000,9999.000,9999.000,9999.000,9999.000,9999.000,9999.000,9999.000
202606051012,   4.351,9999.000,9999.000,9999.000,9999.000,9999.000,9999.000,9999.000,9999.000
202606051018,   4.163,9999.000,9999.000,9999.000,9999.000,9999.000,9999.000,9999.000,9999.000
202606051024,   3.971,9999.000,9999.000,9999.000,9999.000,9999.000,9999.000,9999.000,9999.000
202606051030,   3.776,9999.000,9999.000,9999.000,9999.000,9999.000,9999.000,9999.000,9999.000
202606051036,   3.578,9999.000,9999.000,9999.000,9999.000,9999.000,9999.000,9999.000,9999.000
202606051042,   3.379,9999.000,9999.000,9999.000,9999.000,9999.000,9999.000,9999.000,9999.000
202606051048,   3.179,9999.000,9999.000,9999.000,9999.000,9999.000,9999.000,9999.000,9999.000
202606051054,   2.980,9999.000,9999.000,9999.000,9999.000,9999.000,9999.000,9999.000,9999.000
202606051100,   2.782,9999.000,   0.000,  -0.034,   2.748,  -0.300,   2.448,   0.200,   2.948
202606051106,   2.587,9999.000,9999.000,9999.000,9999.000,9999.000,9999.000,9999.000,9999.000
202606051112,   2.396,9999.000,9999.000,9999.000,9999.000,9999.000,9999.000,9999.000,9999.000
202606051118,   2.210,9999.000,9999.000,9999.000,9999.000,9999.000,9999.000,9999.000,9999.000
202606051124,   2.030,9999.000,9999.000,9999.000,9999.000,9999.000,9999.000,9999.000,9999.000
202606051130,   1.857,9999.000,9999.000,9999.000,9999.000,9999.000,9999.000,9999.000,9999.000
202606051136,   1.692,9999.000,9999.000,9999.000,9999.000,9999.000,9999.000,9999.000,9999.000
202606051142,   1.536,9999.000,9999.000,9999.000,9999.000,9999.000,9999.000,9999.000,9999.000
202606051148,   1.390,9999.000,9999.000,9999.000,9999.000,9999.000,9999.000,9999.000,9999.000
202606051154,   1.253,9999.000,9999.000,9999.000,9999.000,9999.000,9999.000,9999.000,9999.000
202606051200,   1.128,9999.000,   0.000,  -0.034,   1.094,  -0.300,   0.794,   0.200,   1.294
202606051206,   1.013,9999.000,9999.000,9999.000,9999.000,9999.000,9999.000,9999.000,9999.000
202606051212,   0.911,9999.000,9999.000,9999.000,9999.000,9999.000,9999.000,9999.000,9999.000
202606051218,   0.820,9999.000,9999.000,9999.000,9999.000,9999.000,9999.000,9999.000,9999.000
202606051224,   0.740,9999.000,9999.000,9999.000,9999.000,9999.000,9999.000,9999.000,9999.000
202606051230,   0.673,9999.000,9999.000,9999.000,9999.000,9999.000,9999.000,9999.000,9999.000
202606051236,   0.616,9999.000,9999.000,9999.000,9999.000,9999.000,9999.000,9999.000,9999.000
202606051242,   0.571,9999.000,9999.000,9999.000,9999.000,9999.000,9999.000,9999.000,9999.000
202606051248,   0.537,9999.000,9999.000,9999.000,9999.000,9999.000,9999.000,9999.000,9999.000
202606051254,   0.512,9999.000,9999.000,9999.000,9999.000,9999.000,9999.000,9999.000,9999.000
202606051300,   0.498,9999.000,   0.000,  -0.034,   0.464,  -0.300,   0.164,   0.200,   0.664
202606051306,   0.492,9999.000,9999.000,9999.000,9999.000,9999.000,9999.000,9999.000,9999.000
202606051312,   0.494,9999.000,9999.000,9999.000,9999.000,9999.000,9999.000,9999.000,9999.000
202606051318,   0.503,9999.000,9999.000,9999.000,9999.000,9999.000,9999.000,9999.000,9999.000
202606051324,   0.519,9999.000,9999.000,9999.000,9999.000,9999.000,9999.000,9999.000,9999.000
202606051330,   0.541,9999.000,9999.000,9999.000,9999.000,9999.000,9999.000,9999.000,9999.000
202606051336,   0.568,9999.000,9999.000,9999.000,9999.000,9999.000,9999.000,9999.000,9999.000
202606051342,   0.600,9999.000,9999.000,9999.000,9999.000,9999.000,9999.000,9999.000,9999.000
202606051348,   0.635,9999.000,9999.000,9999.000,9999.000,9999.000,9999.000,9999.000,9999.000
202606051354,   0.674,9999.000,9999.000,9999.000,9999.000,9999.000,9999.000,9999.000,9999.000
202606051400,   0.716,9999.000,   0.000,  -0.034,   0.682,  -0.200,   0.482,   0.200,   0.882
202606051406,   0.761,9999.000,9999.000,9999.000,9999.000,9999.000,9999.000,9999.000,9999.000
202606051412,   0.808,9999.000,9999.000,9999.000,9999.000,9999.000,9999.000,9999.000,9999.000
202606051418,   0.858,9999.000,9999.000,9999.000,9999.000,9999.000,9999.000,9999.000,9999.000
202606051424,   0.911,9999.000,9999.000,9999.000,9999.000,9999.000,9999.000,9999.000,9999.000
202606051430,   0.966,9999.000,9999.000,9999.000,9999.000,9999.000,9999.000,9999.000,9999.000
202606051436,   1.025,9999.000,9999.000,9999.000,9999.000,9999.000,9999.000,9999.000,9999.000
202606051442,   1.087,9999.000,9999.000,9999.000,9999.000,9999.000,9999.000,9999.000,9999.000
202606051448,   1.154,9999.000,9999.000,9999.000,9999.000,9999.000,9999.000,9999.000,9999.000
202606051454,   1.225,9999.000,9999.000,9999.000,9999.000,9999.000,9999.000,9999.000,9999.000
202606051500,   1.302,9999.000,   0.000,  -0.034,   1.268,  -0.300,   0.968,   0.200,   1.468
202606051506,   1.384,9999.000,9999.000,9999.000,9999.000,9999.000,9999.000,9999.000,9999.000
202606051512,   1.473,9999.000,9999.000,9999.000,9999.000,9999.000,9999.000,9999.000,9999.000
202606051518,   1.570,9999.000,9999.000,9999.000,9999.000,9999.000,9999.000,9999.000,9999.000
202606051524,   1.674,9999.000,9999.000,9999.000,9999.000,9999.000,9999.000,9999.000,9999.000
202606051530,   1.787,9999.000,9999.000,9999.000,9999.000,9999.000,9999.000,9999.000,9999.000
202606051536,   1.909,9999.000,9999.000,9999.000,9999.000,9999.000,9999.000,9999.000,9999.000
202606051542,   2.040,9999.000,9999.000,9999.000,9999.000,9999.000,9999.000,9999.000,9999.000
202606051548,   2.181,9999.000,9999.000,9999.000,9999.000,9999.000,9999.000,9999.000,9999.000
202606051554,   2.331,9999.000,9999.000,9999.000,9999.000,9999.000,9999.000,9999.000,9999.000
202606051600,   2.490,9999.000,   0.000,  -0.034,   2.456,  -0.200,   2.256,   0.200,   2.656
202606051606,   2.659,9999.000,9999.000,9999.000,9999.000,9999.000,9999.000,9999.000,9999.000
202606051612,   2.837,9999.000,9999.000,9999.000,9999.000,9999.000,9999.000,9999.000,9999.000
202606051618,   3.022,9999.000,9999.000,9999.000,9999.000,9999.000,9999.000,9999.000,9999.000
202606051624,   3.215,9999.000,9999.000,9999.000,9999.000,9999.000,9999.000,9999.000,9999.000
202606051630,   3.415,9999.000,9999.000,9999.000,9999.000,9999.000,9999.000,9999.000,9999.000
202606051636,   3.620,9999.000,9999.000,9999.000,9999.000,9999.000,9999.000,9999.000,9999.000
202606051642,   3.830,9999.000,9999.000,9999.000,9999.000,9999.000,9999.000,9999.000,9999.000
202606051648,   4.042,9999.000,9999.000,9999.000,9999.000,9999.000,9999.000,9999.000,9999.000
202606051654,   4.256,9999.000,9999.000,9999.000,9999.000,9999.000,9999.000,9999.000,9999.000
202606051700,   4.471,9999.000,   0.000,  -0.034,   4.437,  -0.200,   4.237,   0.200,   4.637
202606051706,   4.684,9999.000,9999.000,9999.000,9999.000,9999.000,9999.000,9999.000,9999.000
202606051712,   4.895,9999.000,9999.000,9999.000,9999.000,9999.000,9999.000,9999.000,9999.000
202606051718,   5.101,9999.000,9999.000,9999.000,9999.000,9999.000,9999.000,9999.000,9999.000
202606051724,   5.302,9999.000,9999.000,9999.000,9999.000,9999.000,9999.000,9999.000,9999.000
202606051730,   5.496,9999.000,9999.000,9999.000,9999.000,9999.000,9999.000,9999.000,9999.000
202606051736,   5.681,9999.000,9999.000,9999.000,9999.000,9999.000,9999.000,9999.000,9999.000
202606051742,   5.858,9999.000,9999.000,9999.000,9999.000,9999.000,9999.000,9999.000,9999.000
202606051748,   6.024,9999.000,9999.000,9999.000,9999.000,9999.000,9999.000,9999.000,9999.000
202606051754,   6.180,9999.000,9999.000,9999.000,9999.000,9999.000,9999.000,9999.000,9999.000
202606051800,   6.323,9999.000,   0.000,  -0.034,   6.289,  -0.200,   6.089,   0.200,   6.489
