        TIME,    TIDE,      OB,   SURGE,    BIAS,     TWL,SURGE90p,  TWL90p,SURGE10p,   TWL10p
202608040600,   3.594,9999.000,   0.500,9999.000,   4.094,   0.500,   4.094,   0.500,   4.094
202608040606,   3.646,9999.000,9999.000,9999.000,9999.000,9999.000,9999.000,9999.000,9999.000
202608040612,   3.696,9999.000,9999.000,9999.000,9999.000,9999.000,9999.000,9999.000,9999.000
202608040618,   3.743,9999.000,9999.000,9999.000,9999.000,9999.000,9999.000,9999.000,9999.000
202608040624,   3.788,9999.000,9999.000,9999.000,9999.000,9999.000,9999.000,9999.000,9999.000
202608040630,   3.831,9999.000,9999.000,9999.000,9999.000,9999.000,9999.000,9999.000,9999.000
202608040636,   3.871,9999.000,9999.000,9999.000,9999.000,9999.000,9999.000,9999.000,9999.000
202608040642,   3.909,9999.000,9999.000,9999.000,9999.000,9999.000,9999.000,9999.000,9999.000
202608040648,   3.944,9999.000,9999.000,9999.000,9999.000,9999.000,9999.000,9999.000,9999.000
202608040654,   3.977,9999.000,9999.000,9999.000,9999.000,9999.000,9999.000,9999.000,9999.000
202608040700,   4.007,   4.457,   0.500,  -0.050,   4.457,   0.500,   4.457,   0.500,   4.457
202608040706,   4.034,   4.467,9999.000,9999.000,9999.000,9999.000,9999.000,9999.000,9999.000
202608040712,   4.058,   4.480,9999.000,9999.000,9999.000,9999.000,9999.000,9999.000,9999.000
202608040718,   4.079,   4.559,9999.000,9999.000,9999.000,9999.000,9999.000,9999.000,9999.000
202608040724,   4.097,   4.677,9999.000,9999.000,9999.000,9999.000,9999.000,9999.000,9999.000
202608040730,   4.112,   4.677,9999.000,9999.000,9999.000,9999.000,9999.000,9999.000,9999.000
202608040736,   4.124,   4.618,9999.000,9999.000,9999.000,9999.000,9999.000,9999.000,9999.000
202608040742,   4.132,   4.588,9999.000,9999.000,9999.000,9999.000,9999.000,9999.000,9999.000
202608040748,   4.137,   4.588,9999.000,9999.000,9999.000,9999.000,9999.000,9999.000,9999.000
202608040754,   4.139,   4.618,9999.000,9999.000,9999.000,9999.000,9999.000,9999.000,9999.000
202608040800,   4.138,   4.608,   0.500,  -0.030,   4.608,   0.500,   4.608,   0.500,   4.608
202608040806,   4.133,   4.618,9999.000,9999.000,9999.000,9999.000,9999.000,9999.000,9999.000
202608040812,   4.125,   4.618,9999.000,9999.000,9999.000,9999.000,9999.000,9999.000,9999.000
202608040818,   4.113,   4.667,9999.000,9999.000,9999.000,9999.000,9999.000,9999.000,9999.000
202608040824,   4.097,   4.667,9999.000,9999.000,9999.000,9999.000,9999.000,9999.000,9999.000
202608040830,   4.078,   4.588,9999.000,9999.000,9999.000,9999.000,9999.000,9999.000,9999.000
202608040836,   4.056,   4.529,9999.000,9999.000,9999.000,9999.000,9999.000,9999.000,9999.000
202608040842,   4.030,   4.500,9999.000,9999.000,9999.000,9999.000,9999.000,9999.000,9999.000
202608040848,   4.000,   4.529,9999.000,9999.000,9999.000,9999.000,9999.000,9999.000,9999.000
202608040854,   3.967,   4.529,9999.000,9999.000,9999.000,9999.000,9999.000,9999.000,9999.000
202608040900,   3.931,   4.457,   0.500,   0.026,   4.457,   0.500,   4.457,   0.500,   4.457
202608040906,   3.891,   4.490,9999.000,9999.000,9999.000,9999.000,9999.000,9999.000,9999.000
202608040912,   3.848,   4.427,9999.000,9999.000,9999.000,9999.000,9999.000,9999.000,9999.000
202608040918,   3.802,   4.359,9999.000,9999.000,9999.000,9999.000,9999.000,9999.000,9999.000
202608040924,   3.753,   4.319,9999.000,9999.000,9999.000,9999.000,9999.000,9999.000,9999.000
202608040930,   3.701,   4.168,9999.000,9999.000,9999.000,9999.000,9999.000,9999.000,9999.000
202608040936,   3.646,   4.080,9999.000,9999.000,9999.000,9999.000,9999.000,9999.000,9999.000
202608040942,   3.588,   4.057,9999.000,9999.000,9999.000,9999.000,9999.000,9999.000,9999.000
202608040948,   3.528,   4.057,9999.000,9999.000,9999.000,9999.000,9999.000,9999.000,9999.000
202608040954,   3.466,   4.047,9999.000,9999.000,9999.000,9999.000,9999.000,9999.000,9999.000
202608041000,   3.401,   3.978,   0.500,   0.077,   3.978,   0.500,   3.978,   0.500,   3.978
202608041006,   3.335,   3.939,9999.000,9999.000,9999.000,9999.000,9999.000,9999.000,9999.000
202608041012,   3.267,   3.880,9999.000,9999.000,9999.000,9999.000,9999.000,9999.000,9999.000
202608041018,   3.197,   3.788,9999.000,9999.000,9999.000,9999.000,9999.000,9999.000,9999.000
202608041024,   3.126,   3.739,9999.000,9999.000,9999.000,9999.000,9999.000,9999.000,9999.000
202608041030,   3.054,   3.598,9999.000,9999.000,9999.000,9999.000,9999.000,9999.000,9999.000
202608041036,   2.982,   3.450,9999.000,9999.000,9999.000,9999.000,9999.000,9999.000,9999.000
202608041042,   2.908,   3.398,9999.000,9999.000,9999.000,9999.000,9999.000,9999.000,9999.000
202608041048,   2.835,   3.398,9999.000,9999.000,9999.000,9999.000,9999.000,9999.000,9999.000
202608041054,   2.761,   3.319,9999.000,9999.000,9999.000,9999.000,9999.000,9999.000,9999.000
202608041100,   2.688,   3.260,   0.500,   0.072,   3.260,   0.500,   3.260,   0.500,   3.260
202608041106,   2.615,   3.119,9999.000,9999.000,9999.000,9999.000,9999.000,9999.000,9999.000
202608041112,   2.542,   3.030,9999.000,9999.000,9999.000,9999.000,9999.000,9999.000,9999.000
202608041118,   2.471,   3.007,9999.000,9999.000,9999.000,9999.000,9999.000,9999.000,9999.000
202608041124,   2.400,   2.938,9999.000,9999.000,9999.000,9999.000,9999.000,9999.000,9999.000
202608041130,   2.330,   2.929,9999.000,9999.000,9999.000,9999.000,9999.000,9999.000,9999.000
202608041136,   2.262,   2.869,9999.000,9999.000,9999.000,9999.000,9999.000,9999.000,9999.000
202608041142,   2.196,   2.787,9999.000,9999.000,9999.000,9999.000,9999.000,9999.000,9999.000
202608041148,   2.131,   2.748,9999.000,9999.000,9999.000,9999.000,9999.000,9999.000,9999.000
202608041154,   2.068,   2.709,9999.000,9999.000,9999.000,9999.000,9999.000,9999.000,9999.000
202608041200,   2.007,   2.597,   0.500,   0.090,   2.597,   0.400,   2.497,   0.500,   2.597
202608041206,   1.948,   2.450,9999.000,9999.000,9999.000,9999.000,9999.000,9999.000,9999.000
202608041212,   1.892,   2.338,9999.000,9999.000,9999.000,9999.000,9999.000,9999.000,9999.000
202608041218,   1.838,   2.259,9999.000,9999.000,9999.000,9999.000,9999.000,9999.000,9999.000
202608041224,   1.787,   2.269,9999.000,9999.000,9999.000,9999.000,9999.000,9999.000,9999.000
202608041230,   1.738,   2.328,9999.000,9999.000,9999.000,9999.000,9999.000,9999.000,9999.000
202608041236,   1.692,   2.358,9999.000,9999.000,9999.000,9999.000,9999.000,9999.000,9999.000
202608041242,   1.649,   2.289,9999.000,9999.000,9999.000,9999.000,9999.000,9999.000,9999.000
202608041248,   1.609,   2.220,9999.000,9999.000,9999.000,9999.000,9999.000,9999.000,9999.000
202608041254,   1.572,   2.118,9999.000,9999.000,9999.000,9999.000,9999.000,9999.000,9999.000
202608041300,   1.538,   2.079,   0.500,   0.041,   2.079,   0.400,   1.979,   0.500,   2.079
202608041306,   1.508,   2.020,9999.000,9999.000,9999.000,9999.000,9999.000,9999.000,9999.000
202608041312,   1.480,   2.010,9999.000,9999.000,9999.000,9999.000,9999.000,9999.000,9999.000
202608041318,   1.456,   2.069,9999.000,9999.000,9999.000,9999.000,9999.000,9999.000,9999.000
202608041324,   1.435,   2.000,9999.000,9999.000,9999.000,9999.000,9999.000,9999.000,9999.000
202608041330,   1.418,   1.990,9999.000,9999.000,9999.000,9999.000,9999.000,9999.000,9999.000
202608041336,   1.404,   1.948,9999.000,9999.000,9999.000,9999.000,9999.000,9999.000,9999.000
202608041342,   1.393,   1.908,9999.000,9999.000,9999.000,9999.000,9999.000,9999.000,9999.000
202608041348,   1.387,   1.928,9999.000,9999.000,9999.000,9999.000,9999.000,9999.000,9999.000
202608041354,   1.384,   1.990,9999.000,9999.000,9999.000,9999.000,9999.000,9999.000,9999.000
202608041400,   1.384,   2.000,   0.400,   0.216,   2.000,   0.400,   2.000,   0.500,   2.100
202608041406,   1.389,   1.967,9999.000,9999.000,9999.000,9999.000,9999.000,9999.000,9999.000
202608041412,   1.397,   1.948,9999.000,9999.000,9999.000,9999.000,9999.000,9999.000,9999.000
202608041418,   1.409,   1.967,9999.000,9999.000,9999.000,9999.000,9999.000,9999.000,9999.000
202608041424,   1.425,   2.040,9999.000,9999.000,9999.000,9999.000,9999.000,9999.000,9999.000
202608041430,   1.445,   2.030,9999.000,9999.000,9999.000,9999.000,9999.000,9999.000,9999.000
202608041436,   1.469,   1.967,9999.000,9999.000,9999.000,9999.000,9999.000,9999.000,9999.000
202608041442,   1.496,   1.958,9999.000,9999.000,9999.000,9999.000,9999.000,9999.000,9999.000
202608041448,   1.528,   2.020,9999.000,9999.000,9999.000,9999.000,9999.000,9999.000,9999.000
202608041454,   1.563,   2.089,9999.000,9999.000,9999.000,9999.000,9999.000,9999.000,9999.000
202608041500,   1.602,   2.158,   0.400,   0.156,   2.158,   0.400,   2.158,   0.500,   2.258
202608041506,   1.645,   2.168,9999.000,9999.000,9999.000,9999.000,9999.000,9999.000,9999.000
202608041512,   1.692,   2.210,9999.000,9999.000,9999.000,9999.000,9999.000,9999.000,9999.000
202608041518,   1.742,   2.240,9999.000,9999.000,9999.000,9999.000,9999.000,9999.000,9999.000
202608041524,   1.796,   2.348,9999.000,9999.000,9999.000,9999.000,9999.000,9999.000,9999.000
202608041530,   1.854,   2.420,9999.000,9999.000,9999.000,9999.000,9999.000,9999.000,9999.000
202608041536,   1.915,   2.499,9999.000,9999.000,9999.000,9999.000,9999.000,9999.000,9999.000
202608041542,   1.979,   2.538,9999.000,9999.000,9999.000,9999.000,9999.000,9999.000,9999.000
202608041548,   2.046,   2.509,9999.000,9999.000,9999.000,9999.000,9999.000,9999.000,9999.000
202608041554,   2.117,   2.558,9999.000,9999.000,9999.000,9999.000,9999.000,9999.000,9999.000
202608041600,   2.190,   2.669,   0.400,   0.079,   2.669,   0.400,   2.669,   0.400,   2.669
202608041606,   2.266,   2.820,9999.000,9999.000,9999.000,9999.000,9999.000,9999.000,9999.000
202608041612,   2.344,9999.000,9999.000,9999.000,9999.000,9999.000,9999.000,9999.000,9999.000
202608041618,   2.424,   2.968,9999.000,9999.000,9999.000,9999.000,9999.000,9999.000,9999.000
202608041624,   2.507,   2.988,9999.000,9999.000,9999.000,9999.000,9999.000,9999.000,9999.000
202608041630,   2.592,   3.007,9999.000,9999.000,9999.000,9999.000,9999.000,9999.000,9999.000
202608041636,   2.678,   3.148,9999.000,9999.000,9999.000,9999.000,9999.000,9999.000,9999.000
202608041642,   2.765,   3.299,9999.000,9999.000,9999.000,9999.000,9999.000,9999.000,9999.000
202608041648,   2.854,   3.378,9999.000,9999.000,9999.000,9999.000,9999.000,9999.000,9999.000
202608041654,   2.944,   3.460,9999.000,9999.000,9999.000,9999.000,9999.000,9999.000,9999.000
202608041700,   3.034,   3.529,   0.400,   0.095,   3.529,   0.400,   3.529,   0.400,   3.529
202608041706,   3.125,   3.637,9999.000,9999.000,9999.000,9999.000,9999.000,9999.000,9999.000
202608041712,   3.216,   3.739,9999.000,9999.000,9999.000,9999.000,9999.000,9999.000,9999.000
202608041718,   3.308,   3.778,9999.000,9999.000,9999.000,9999.000,9999.000,9999.000,9999.000
202608041724,   3.399,   3.827,9999.000,9999.000,9999.000,9999.000,9999.000,9999.000,9999.000
202608041730,   3.490,   3.880,9999.000,9999.000,9999.000,9999.000,9999.000,9999.000,9999.000
202608041736,   3.580,   4.057,9999.000,9999.000,9999.000,9999.000,9999.000,9999.000,9999.000
202608041742,   3.670,   4.237,9999.000,9999.000,9999.000,9999.000,9999.000,9999.000,9999.000
202608041748,   3.758,   4.339,9999.000,9999.000,9999.000,9999.000,9999.000,9999.000,9999.000
202608041754,   3.845,   4.378,9999.000,9999.000,9999.000,9999.000,9999.000,9999.000,9999.000
202608041800,   3.931,   4.388,   0.400,   0.057,   4.388,   0.400,   4.388,   0.400,   4.388
202608041806,   4.016,   4.437,9999.000,9999.000,9999.000,9999.000,9999.000,9999.000,9999.000
202608041812,   4.099,   4.539,9999.000,9999.000,9999.000,9999.000,9999.000,9999.000,9999.000
202608041818,   4.180,   4.690,9999.000,9999.000,9999.000,9999.000,9999.000,9999.000,9999.000
202608041824,   4.259,   4.837,9999.000,9999.000,9999.000,9999.000,9999.000,9999.000,9999.000
202608041830,   4.336,   4.939,9999.000,9999.000,9999.000,9999.000,9999.000,9999.000,9999.000
202608041836,   4.411,   4.979,9999.000,9999.000,9999.000,9999.000,9999.000,9999.000,9999.000
202608041842,   4.483,   4.979,9999.000,9999.000,9999.000,9999.000,9999.000,9999.000,9999.000
202608041848,   4.553,   5.038,9999.000,9999.000,9999.000,9999.000,9999.000,9999.000,9999.000
202608041854,   4.620,   5.179,9999.000,9999.000,9999.000,9999.000,9999.000,9999.000,9999.000
202608041900,   4.685,   5.238,   0.400,   0.153,   5.238,   0.300,   5.138,   0.400,   5.238
202608041906,   4.747,   5.329,9999.000,9999.000,9999.000,9999.000,9999.000,9999.000,9999.000
202608041912,   4.805,   5.349,9999.000,9999.000,9999.000,9999.000,9999.000,9999.000,9999.000
202608041918,   4.861,   5.428,9999.000,9999.000,9999.000,9999.000,9999.000,9999.000,9999.000
202608041924,   4.914,   5.516,9999.000,9999.000,9999.000,9999.000,9999.000,9999.000,9999.000
202608041930,   4.963,   5.559,9999.000,9999.000,9999.000,9999.000,9999.000,9999.000,9999.000
202608041936,   5.009,   5.579,9999.000,9999.000,9999.000,9999.000,9999.000,9999.000,9999.000
202608041942,   5.052,   5.569,9999.000,9999.000,9999.000,9999.000,9999.000,9999.000,9999.000
202608041948,   5.091,   5.638,9999.000,9999.000,9999.000,9999.000,9999.000,9999.000,9999.000
202608041954,   5.127,   5.739,9999.000,9999.000,9999.000,9999.000,9999.000,9999.000,9999.000
202608042000,   5.159,   5.818,   0.400,   0.259,   5.818,   0.300,   5.718,   0.400,   5.818
202608042006,   5.187,   5.867,9999.000,9999.000,9999.000,9999.000,9999.000,9999.000,9999.000
202608042012,   5.212,   5.858,9999.000,9999.000,9999.000,9999.000,9999.000,9999.000,9999.000
202608042018,   5.232,   5.739,9999.000,9999.000,9999.000,9999.000,9999.000,9999.000,9999.000
202608042024,   5.249,   5.739,9999.000,9999.000,9999.000,9999.000,9999.000,9999.000,9999.000
202608042030,   5.261,   5.789,9999.000,9999.000,9999.000,9999.000,9999.000,9999.000,9999.000
202608042036,   5.270,   5.808,9999.000,9999.000,9999.000,9999.000,9999.000,9999.000,9999.000
202608042042,   5.274,   5.848,9999.000,9999.000,9999.000,9999.000,9999.000,9999.000,9999.000
202608042048,   5.274,   5.897,9999.000,9999.000,9999.000,9999.000,9999.000,9999.000,9999.000
202608042054,   5.271,   5.877,9999.000,9999.000,9999.000,9999.000,9999.000,9999.000,9999.000
202608042100,   5.263,   5.828,   0.400,   0.165,   5.828,   0.300,   5.728,   0.400,   5.828
202608042106,   5.250,   5.789,9999.000,9999.000,9999.000,9999.000,9999.000,9999.000,9999.000
202608042112,   5.234,   5.730,9999.000,9999.000,9999.000,9999.000,9999.000,9999.000,9999.000
202608042118,   5.213,   5.730,9999.000,9999.000,9999.000,9999.000,9999.000,9999.000,9999.000
202608042124,   5.189,   5.769,9999.000,9999.000,9999.000,9999.000,9999.000,9999.000,9999.000
202608042130,   5.160,   5.717,9999.000,9999.000,9999.000,9999.000,9999.000,9999.000,9999.000
202608042136,   5.127,   5.618,9999.000,9999.000,9999.000,9999.000,9999.000,9999.000,9999.000
202608042142,   5.090,   5.618,9999.000,9999.000,9999.000,9999.000,9999.000,9999.000,9999.000
202608042148,   5.050,   5.628,9999.000,9999.000,9999.000,9999.000,9999.000,9999.000,9999.000
202608042154,   5.006,   5.589,9999.000,9999.000,9999.000,9999.000,9999.000,9999.000,9999.000
202608042200,   4.958,   5.530,   0.400,   0.172,   5.530,   0.400,   5.530,   0.400,   5.530
202608042206,   4.906,   5.389,9999.000,9999.000,9999.000,9999.000,9999.000,9999.000,9999.000
202608042212,   4.852,   5.329,9999.000,9999.000,9999.000,9999.000,9999.000,9999.000,9999.000
202608042218,   4.794,   5.398,9999.000,9999.000,9999.000,9999.000,9999.000,9999.000,9999.000
202608042224,   4.733,   5.398,9999.000,9999.000,9999.000,9999.000,9999.000,9999.000,9999.000
202608042230,   4.669,   5.257,9999.000,9999.000,9999.000,9999.000,9999.000,9999.000,9999.000
202608042236,   4.603,   5.169,9999.000,9999.000,9999.000,9999.000,9999.000,9999.000,9999.000
202608042242,   4.534,   5.139,9999.000,9999.000,9999.000,9999.000,9999.000,9999.000,9999.000
202608042248,   4.463,   5.067,9999.000,9999.000,9999.000,9999.000,9999.000,9999.000,9999.000
202608042254,   4.390,   5.057,9999.000,9999.000,9999.000,9999.000,9999.000,9999.000,9999.000
202608042300,   4.315,   4.939,   0.400,   0.224,   4.939,   0.400,   4.939,   0.400,   4.939
202608042306,   4.239,   4.739,9999.000,9999.000,9999.000,9999.000,9999.000,9999.000,9999.000
202608042312,   4.161,   4.700,9999.000,9999.000,9999.000,9999.000,9999.000,9999.000,9999.000
202608042318,   4.082,   4.628,9999.000,9999.000,9999.000,9999.000,9999.000,9999.000,9999.000
202608042324,   4.002,   4.529,9999.000,9999.000,9999.000,9999.000,9999.000,9999.000,9999.000
202608042330,   3.921,   4.519,9999.000,9999.000,9999.000,9999.000,9999.000,9999.000,9999.000
202608042336,   3.840,   4.457,9999.000,9999.000,9999.000,9999.000,9999.000,9999.000,9999.000
202608042342,   3.758,   4.388,9999.000,9999.000,9999.000,9999.000,9999.000,9999.000,9999.000
202608042348,   3.677,   4.280,9999.000,9999.000,9999.000,9999.000,9999.000,9999.000,9999.000
202608042354,   3.595,   4.168,9999.000,9999.000,9999.000,9999.000,9999.000,9999.000,9999.000
202608050000,   3.513,   4.017,   0.400,   0.104,   4.017,   0.400,   4.017,   0.500,   4.117
202608050006,   3.432,   3.949,9999.000,9999.000,9999.000,9999.000,9999.000,9999.000,9999.000
202608050012,   3.352,   3.870,9999.000,9999.000,9999.000,9999.000,9999.000,9999.000,9999.000
202608050018,   3.272,   3.729,9999.000,9999.000,9999.000,9999.000,9999.000,9999.000,9999.000
202608050024,   3.193,   3.607,9999.000,9999.000,9999.000,9999.000,9999.000,9999.000,9999.000
202608050030,   3.115,   3.578,9999.000,9999.000,9999.000,9999.000,9999.000,9999.000,9999.000
202608050036,   3.038,   3.548,9999.000,9999.000,9999.000,9999.000,9999.000,9999.000,9999.000
202608050042,   2.963,   3.470,9999.000,9999.000,9999.000,9999.000,9999.000,9999.000,9999.000
202608050048,   2.888,   3.378,9999.000,9999.000,9999.000,9999.000,9999.000,9999.000,9999.000
202608050054,   2.816,   3.260,9999.000,9999.000,9999.000,9999.000,9999.000,9999.000,9999.000
202608050100,   2.745,   3.178,   0.500,  -0.067,   3.178,   0.400,   3.078,   0.500,   3.178
202608050106,   2.676,   3.138,9999.000,9999.000,9999.000,9999.000,9999.000,9999.000,9999.000
202608050112,   2.608,   3.017,9999.000,9999.000,9999.000,9999.000,9999.000,9999.000,9999.000
202608050118,   2.543,   2.919,9999.000,9999.000,9999.000,9999.000,9999.000,9999.000,9999.000
202608050124,   2.479,   2.860,9999.000,9999.000,9999.000,9999.000,9999.000,9999.000,9999.000
202608050130,   2.418,   2.889,9999.000,9999.000,9999.000,9999.000,9999.000,9999.000,9999.000
202608050136,   2.359,   2.899,9999.000,9999.000,9999.000,9999.000,9999.000,9999.000,9999.000
202608050142,   2.302,   2.850,9999.000,9999.000,9999.000,9999.000,9999.000,9999.000,9999.000
202608050148,   2.248,   2.738,9999.000,9999.000,9999.000,9999.000,9999.000,9999.000,9999.000
202608050154,   2.196,   2.597,9999.000,9999.000,9999.000,9999.000,9999.000,9999.000,9999.000
202608050200,   2.146,   2.538,   0.500,  -0.108,   2.538,   0.400,   2.438,   0.500,   2.538
202608050206,   2.100,   2.528,9999.000,9999.000,9999.000,9999.000,9999.000,9999.000,9999.000
202608050212,   2.055,   2.509,9999.000,9999.000,9999.000,9999.000,9999.000,9999.000,9999.000
202608050218,   2.014,   2.469,9999.000,9999.000,9999.000,9999.000,9999.000,9999.000,9999.000
202608050224,   1.975,   2.450,9999.000,9999.000,9999.000,9999.000,9999.000,9999.000,9999.000
202608050230,   1.940,   2.469,9999.000,9999.000,9999.000,9999.000,9999.000,9999.000,9999.000
202608050236,   1.907,   2.499,9999.000,9999.000,9999.000,9999.000,9999.000,9999.000,9999.000
202608050242,   1.877,   2.489,9999.000,9999.000,9999.000,9999.000,9999.000,9999.000,9999.000
202608050248,   1.850,   2.410,9999.000,9999.000,9999.000,9999.000,9999.000,9999.000,9999.000
202608050254,   1.827,   2.309,9999.000,9999.000,9999.000,9999.000,9999.000,9999.000,9999.000
202608050300,   1.806,   2.250,   0.400,   0.044,   2.250,   0.400,   2.250,   0.500,   2.350
202608050306,   1.789,   2.279,9999.000,9999.000,9999.000,9999.000,9999.000,9999.000,9999.000
202608050312,   1.774,   2.318,9999.000,9999.000,9999.000,9999.000,9999.000,9999.000,9999.000
202608050318,   1.763,   2.377,9999.000,9999.000,9999.000,9999.000,9999.000,9999.000,9999.000
202608050324,   1.756,   2.348,9999.000,9999.000,9999.000,9999.000,9999.000,9999.000,9999.000
202608050330,   1.751,   2.328,9999.000,9999.000,9999.000,9999.000,9999.000,9999.000,9999.000
202608050336,   1.750,   2.328,9999.000,9999.000,9999.000,9999.000,9999.000,9999.000,9999.000
202608050342,   1.751,   2.289,9999.000,9999.000,9999.000,9999.000,9999.000,9999.000,9999.000
202608050348,   1.756,   2.259,9999.000,9999.000,9999.000,9999.000,9999.000,9999.000,9999.000
202608050354,   1.764,   2.259,9999.000,9999.000,9999.000,9999.000,9999.000,9999.000,9999.000
202608050400,   1.775,   2.220,   0.400,   0.045,   2.220,   0.400,   2.220,   0.500,   2.320
202608050406,   1.789,   2.269,9999.000,9999.000,9999.000,9999.000,9999.000,9999.000,9999.000
202608050412,   1.806,   2.328,9999.000,9999.000,9999.000,9999.000,9999.000,9999.000,9999.000
202608050418,   1.826,   2.348,9999.000,9999.000,9999.000,9999.000,9999.000,9999.000,9999.000
202608050424,   1.848,   2.427,9999.000,9999.000,9999.000,9999.000,9999.000,9999.000,9999.000
202608050430,   1.873,9999.000,9999.000,9999.000,9999.000,9999.000,9999.000,9999.000,9999.000
202608050436,   1.900,9999.000,9999.000,9999.000,9999.000,9999.000,9999.000,9999.000,9999.000
202608050442,   1.930,9999.000,9999.000,9999.000,9999.000,9999.000,9999.000,9999.000,9999.000
202608050448,   1.961,   2.440,9999.000,9999.000,9999.000,9999.000,9999.000,9999.000,9999.000
202608050454,   1.995,   2.430,9999.000,9999.000,9999.000,9999.000,9999.000,9999.000,9999.000
202608050500,   2.031,   2.430,   0.400,  -0.001,   2.430,   0.400,   2.430,   0.400,   2.430
202608050506,   2.068,   2.430,9999.000,9999.000,9999.000,9999.000,9999.000,9999.000,9999.000
202608050512,   2.107,   2.538,9999.000,9999.000,9999.000,9999.000,9999.000,9999.000,9999.000
202608050518,   2.147,   2.630,9999.000,9999.000,9999.000,9999.000,9999.000,9999.000,9999.000
202608050524,   2.189,   2.660,9999.000,9999.000,9999.000,9999.000,9999.000,9999.000,9999.000
202608050530,   2.231,   2.699,9999.000,9999.000,9999.000,9999.000,9999.000,9999.000,9999.000
202608050536,   2.275,   2.709,9999.000,9999.000,9999.000,9999.000,9999.000,9999.000,9999.000
202608050542,   2.319,   2.768,9999.000,9999.000,9999.000,9999.000,9999.000,9999.000,9999.000
202608050548,   2.364,   2.797,9999.000,9999.000,9999.000,9999.000,9999.000,9999.000,9999.000
202608050554,   2.409,   2.768,9999.000,9999.000,9999.000,9999.000,9999.000,9999.000,9999.000
202608050600,   2.455,   2.840,   0.400,  -0.015,   2.840,   0.400,   2.840,   0.400,   2.840
202608050606,   2.501,   2.938,9999.000,9999.000,9999.000,9999.000,9999.000,9999.000,9999.000
202608050612,   2.546,9999.000,9999.000,9999.000,9999.000,9999.000,9999.000,9999.000,9999.000
202608050618,   2.592,9999.000,9999.000,9999.000,9999.000,9999.000,9999.000,9999.000,9999.000
202608050624,   2.637,   3.345,9999.000,9999.000,9999.000,9999.000,9999.000,9999.000,9999.000
202608050630,   2.682,9999.000,9999.000,9999.000,9999.000,9999.000,9999.000,9999.000,9999.000
202608050636,   2.726,9999.000,9999.000,9999.000,9999.000,9999.000,9999.000,9999.000,9999.000
202608050642,   2.770,9999.000,9999.000,9999.000,9999.000,9999.000,9999.000,9999.000,9999.000
202608050648,   2.813,9999.000,9999.000,9999.000,9999.000,9999.000,9999.000,9999.000,9999.000
202608050654,   2.855,   3.299,9999.000,9999.000,9999.000,9999.000,9999.000,9999.000,9999.000
202608050700,   2.896,   3.348,   0.400,   0.052,   3.348,   0.400,   3.348,   0.400,   3.348
202608050706,   2.936,   3.427,9999.000,9999.000,9999.000,9999.000,9999.000,9999.000,9999.000
202608050712,   2.975,   3.529,9999.000,9999.000,9999.000,9999.000,9999.000,9999.000,9999.000
202608050718,   3.012,   3.568,9999.000,9999.000,9999.000,9999.000,9999.000,9999.000,9999.000
202608050724,   3.049,   3.588,9999.000,9999.000,9999.000,9999.000,9999.000,9999.000,9999.000
202608050730,   3.084,   3.578,9999.000,9999.000,9999.000,9999.000,9999.000,9999.000,9999.000
202608050736,   3.117,   3.598,9999.000,9999.000,9999.000,9999.000,9999.000,9999.000,9999.000
202608050742,   3.149,   3.660,9999.000,9999.000,9999.000,9999.000,9999.000,9999.000,9999.000
202608050748,   3.179,   3.670,9999.000,9999.000,9999.000,9999.000,9999.000,9999.000,9999.000
202608050754,   3.208,   3.670,9999.000,9999.000,9999.000,9999.000,9999.000,9999.000,9999.000
202608050800,   3.235,   3.689,   0.400,   0.054,   3.689,   0.400,   3.689,   0.400,   3.689
202608050806,   3.260,   3.749,9999.000,9999.000,9999.000,9999.000,9999.000,9999.000,9999.000
202608050812,   3.283,   3.827,9999.000,9999.000,9999.000,9999.000,9999.000,9999.000,9999.000
202608050818,   3.304,   3.860,9999.000,9999.000,9999.000,9999.000,9999.000,9999.000,9999.000
202608050824,   3.323,   3.827,9999.000,9999.000,9999.000,9999.000,9999.000,9999.000,9999.000
202608050830,   3.339,   3.808,9999.000,9999.000,9999.000,9999.000,9999.000,9999.000,9999.000
202608050836,   3.354,   3.817,9999.000,9999.000,9999.000,9999.000,9999.000,9999.000,9999.000
202608050842,   3.367,   3.870,9999.000,9999.000,9999.000,9999.000,9999.000,9999.000,9999.000
202608050848,   3.377,   3.919,9999.000,9999.000,9999.000,9999.000,9999.000,9999.000,9999.000
202608050854,   3.384,   3.958,9999.000,9999.000,9999.000,9999.000,9999.000,9999.000,9999.000
202608050900,   3.390,   3.968,   0.400,   0.178,   3.968,   0.400,   3.968,   0.400,   3.968
202608050906,   3.393,   3.968,9999.000,9999.000,9999.000,9999.000,9999.000,9999.000,9999.000
202608050912,   3.393,   3.939,9999.000,9999.000,9999.000,9999.000,9999.000,9999.000,9999.000
202608050918,   3.391,   3.890,9999.000,9999.000,9999.000,9999.000,9999.000,9999.000,9999.000
202608050924,   3.387,   3.860,9999.000,9999.000,9999.000,9999.000,9999.000,9999.000,9999.000
202608050930,   3.380,   3.837,9999.000,9999.000,9999.000,9999.000,9999.000,9999.000,9999.000
202608050936,   3.370,   3.880,9999.000,9999.000,9999.000,9999.000,9999.000,9999.000,9999.000
202608050942,   3.358,   3.880,9999.000,9999.000,9999.000,9999.000,9999.000,9999.000,9999.000
202608050948,   3.344,   3.870,9999.000,9999.000,9999.000,9999.000,9999.000,9999.000,9999.000
202608050954,   3.327,   3.890,9999.000,9999.000,9999.000,9999.000,9999.000,9999.000,9999.000
202608051000,   3.308,   3.899,   0.400,   0.191,   3.899,   0.400,   3.899,   0.400,   3.899
202608051006,   3.286,   3.847,9999.000,9999.000,9999.000,9999.000,9999.000,9999.000,9999.000
202608051012,   3.262,   3.788,9999.000,9999.000,9999.000,9999.000,9999.000,9999.000,9999.000
202608051018,   3.236,   3.709,9999.000,9999.000,9999.000,9999.000,9999.000,9999.000,9999.000
202608051024,   3.207,   3.637,9999.000,9999.000,9999.000,9999.000,9999.000,9999.000,9999.000
202608051030,   3.177,   3.650,9999.000,9999.000,9999.000,9999.000,9999.000,9999.000,9999.000
202608051036,   3.144,   3.670,9999.000,9999.000,9999.000,9999.000,9999.000,9999.000,9999.000
202608051042,   3.110,   3.660,9999.000,9999.000,9999.000,9999.000,9999.000,9999.000,9999.000
202608051048,   3.075,   3.598,9999.000,9999.000,9999.000,9999.000,9999.000,9999.000,9999.000
202608051054,   3.037,   3.598,9999.000,9999.000,9999.000,9999.000,9999.000,9999.000,9999.000
202608051100,   2.999,   3.578,   0.400,   0.179,   3.578,   0.400,   3.578,   0.400,   3.578
202608051106,   2.959,   3.489,9999.000,9999.000,9999.000,9999.000,9999.000,9999.000,9999.000
202608051112,   2.918,   3.398,9999.000,9999.000,9999.000,9999.000,9999.000,9999.000,9999.000
202608051118,   2.876,   3.358,9999.000,9999.000,9999.000,9999.000,9999.000,9999.000,9999.000
202608051124,   2.833,   3.348,9999.000,9999.000,9999.000,9999.000,9999.000,9999.000,9999.000
202608051130,   2.790,   3.339,9999.000,9999.000,9999.000,9999.000,9999.000,9999.000,9999.000
202608051136,   2.747,   3.339,9999.000,9999.000,9999.000,9999.000,9999.000,9999.000,9999.000
202608051142,   2.703,   3.289,9999.000,9999.000,9999.000,9999.000,9999.000,9999.000,9999.000
202608051148,   2.659,   3.217,9999.000,9999.000,9999.000,9999.000,9999.000,9999.000,9999.000
202608051154,   2.615,   3.168,9999.000,9999.000,9999.000,9999.000,9999.000,9999.000,9999.000
202608051200,   2.572,   3.148,   0.400,   0.176,   3.148,   0.400,   3.148,   0.400,   3.148
202608051206,   2.529,   3.089,9999.000,9999.000,9999.000,9999.000,9999.000,9999.000,9999.000
202608051212,   2.487,   3.050,9999.000,9999.000,9999.000,9999.000,9999.000,9999.000,9999.000
202608051218,   2.445,   3.017,9999.000,9999.000,9999.000,9999.000,9999.000,9999.000,9999.000
202608051224,   2.405,   2.997,9999.000,9999.000,9999.000,9999.000,9999.000,9999.000,9999.000
202608051230,   2.365,   2.929,9999.000,9999.000,9999.000,9999.000,9999.000,9999.000,9999.000
202608051236,   2.327,   2.919,9999.000,9999.000,9999.000,9999.000,9999.000,9999.000,9999.000
202608051242,   2.289,   2.919,9999.000,9999.000,9999.000,9999.000,9999.000,9999.000,9999.000
202608051248,   2.254,   2.869,9999.000,9999.000,9999.000,9999.000,9999.000,9999.000,9999.000
202608051254,   2.220,   2.869,9999.000,9999.000,9999.000,9999.000,9999.000,9999.000,9999.000
202608051300,   2.187,   2.787,   0.400,   0.200,   2.787,   0.400,   2.787,   0.400,   2.787
202608051306,   2.156,   2.778,9999.000,9999.000,9999.000,9999.000,9999.000,9999.000,9999.000
202608051312,   2.128,   2.758,9999.000,9999.000,9999.000,9999.000,9999.000,9999.000,9999.000
202608051318,   2.101,   2.699,9999.000,9999.000,9999.000,9999.000,9999.000,9999.000,9999.000
202608051324,   2.076,   2.669,9999.000,9999.000,9999.000,9999.000,9999.000,9999.000,9999.000
202608051330,   2.053,   2.610,9999.000,9999.000,9999.000,9999.000,9999.000,9999.000,9999.000
202608051336,   2.032,   2.587,9999.000,9999.000,9999.000,9999.000,9999.000,9999.000,9999.000
202608051342,   2.014,   2.630,9999.000,9999.000,9999.000,9999.000,9999.000,9999.000,9999.000
202608051348,   1.997,   2.669,9999.000,9999.000,9999.000,9999.000,9999.000,9999.000,9999.000
202608051354,   1.983,   2.689,9999.000,9999.000,9999.000,9999.000,9999.000,9999.000,9999.000
202608051400,   1.972,   2.669,   0.400,   0.297,   2.669,   0.400,   2.669,   0.400,   2.669
202608051406,   1.963,   2.578,9999.000,9999.000,9999.000,9999.000,9999.000,9999.000,9999.000
202608051412,   1.956,   2.499,9999.000,9999.000,9999.000,9999.000,9999.000,9999.000,9999.000
202608051418,   1.952,   2.450,9999.000,9999.000,9999.000,9999.000,9999.000,9999.000,9999.000
202608051424,   1.951,   2.459,9999.000,9999.000,9999.000,9999.000,9999.000,9999.000,9999.000
202608051430,   1.952,   2.610,9999.000,9999.000,9999.000,9999.000,9999.000,9999.000,9999.000
202608051436,   1.955,   2.669,9999.000,9999.000,9999.000,9999.000,9999.000,9999.000,9999.000
202608051442,   1.962,   2.660,9999.000,9999.000,9999.000,9999.000,9999.000,9999.000,9999.000
202608051448,   1.971,   2.630,9999.000,9999.000,9999.000,9999.000,9999.000,9999.000,9999.000
202608051454,   1.983,   2.630,9999.000,9999.000,9999.000,9999.000,9999.000,9999.000,9999.000
202608051500,   1.997,   2.620,   0.400,   0.223,   2.620,   0.400,   2.620,   0.400,   2.620
202608051506,   2.015,   2.620,9999.000,9999.000,9999.000,9999.000,9999.000,9999.000,9999.000
202608051512,   2.035,   2.548,9999.000,9999.000,9999.000,9999.000,9999.000,9999.000,9999.000
202608051518,   2.058,   2.509,9999.000,9999.000,9999.000,9999.000,9999.000,9999.000,9999.000
202608051524,   2.084,   2.568,9999.000,9999.000,9999.000,9999.000,9999.000,9999.000,9999.000
202608051530,   2.113,   2.728,9999.000,9999.000,9999.000,9999.000,9999.000,9999.000,9999.000
202608051536,   2.144,   2.909,9999.000,9999.000,9999.000,9999.000,9999.000,9999.000,9999.000
202608051542,   2.179,   2.948,9999.000,9999.000,9999.000,9999.000,9999.000,9999.000,9999.000
202608051548,   2.216,   2.919,9999.000,9999.000,9999.000,9999.000,9999.000,9999.000,9999.000
202608051554,   2.256,   2.820,9999.000,9999.000,9999.000,9999.000,9999.000,9999.000,9999.000
202608051600,   2.299,   2.797,   0.400,   0.098,   2.797,   0.300,   2.697,   0.400,   2.797
202608051606,   2.344,   2.840,9999.000,9999.000,9999.000,9999.000,9999.000,9999.000,9999.000
202608051612,   2.392,   2.840,9999.000,9999.000,9999.000,9999.000,9999.000,9999.000,9999.000
202608051618,   2.443,   2.929,9999.000,9999.000,9999.000,9999.000,9999.000,9999.000,9999.000
202608051624,   2.496,   3.030,9999.000,9999.000,9999.000,9999.000,9999.000,9999.000,9999.000
202608051630,   2.552,   3.148,9999.000,9999.000,9999.000,9999.000,9999.000,9999.000,9999.000
202608051636,   2.610,   3.250,9999.000,9999.000,9999.000,9999.000,9999.000,9999.000,9999.000
202608051642,   2.671,   3.270,9999.000,9999.000,9999.000,9999.000,9999.000,9999.000,9999.000
202608051648,   2.733,   3.260,9999.000,9999.000,9999.000,9999.000,9999.000,9999.000,9999.000
202608051654,   2.798,   3.250,9999.000,9999.000,9999.000,9999.000,9999.000,9999.000,9999.000
202608051700,   2.864,   3.299,   0.300,   0.135,   3.299,   0.300,   3.299,   0.400,   3.399
202608051706,   2.933,   3.368,9999.000,9999.000,9999.000,9999.000,9999.000,9999.000,9999.000
202608051712,   3.003,   3.450,9999.000,9999.000,9999.000,9999.000,9999.000,9999.000,9999.000
202608051718,   3.074,   3.548,9999.000,9999.000,9999.000,9999.000,9999.000,9999.000,9999.000
202608051724,   3.147,   3.598,9999.000,9999.000,9999.000,9999.000,9999.000,9999.000,9999.000
202608051730,   3.221,   3.689,9999.000,9999.000,9999.000,9999.000,9999.000,9999.000,9999.000
202608051736,   3.296,   3.749,9999.000,9999.000,9999.000,9999.000,9999.000,9999.000,9999.000
202608051742,   3.372,   3.817,9999.000,9999.000,9999.000,9999.000,9999.000,9999.000,9999.000
202608051748,   3.449,   3.890,9999.000,9999.000,9999.000,9999.000,9999.000,9999.000,9999.000
202608051754,   3.526,   3.919,9999.000,9999.000,9999.000,9999.000,9999.000,9999.000,9999.000
202608051800,   3.603,   4.027,   0.300,   0.124,   4.027,   0.300,   4.027,   0.300,   4.027
202608051806,   3.681,   4.178,9999.000,9999.000,9999.000,9999.000,9999.000,9999.000,9999.000
202608051812,   3.759,   4.300,9999.000,9999.000,9999.000,9999.000,9999.000,9999.000,9999.000
202608051818,   3.836,   4.349,9999.000,9999.000,9999.000,9999.000,9999.000,9999.000,9999.000
202608051824,   3.913,   4.368,9999.000,9999.000,9999.000,9999.000,9999.000,9999.000,9999.000
202608051830,   3.990,   4.408,9999.000,9999.000,9999.000,9999.000,9999.000,9999.000,9999.000
202608051836,   4.066,   4.500,9999.000,9999.000,9999.000,9999.000,9999.000,9999.000,9999.000
202608051842,   4.141,   4.657,9999.000,9999.000,9999.000,9999.000,9999.000,9999.000,9999.000
202608051848,   4.215,   4.759,9999.000,9999.000,9999.000,9999.000,9999.000,9999.000,9999.000
202608051854,   4.288,   4.798,9999.000,9999.000,9999.000,9999.000,9999.000,9999.000,9999.000
202608051900,   4.360,   4.900,   0.300,   0.240,   4.900,   0.300,   4.900,   0.300,   4.900
202608051906,   4.431,   4.979,9999.000,9999.000,9999.000,9999.000,9999.000,9999.000,9999.000
202608051912,   4.500,   5.047,9999.000,9999.000,9999.000,9999.000,9999.000,9999.000,9999.000
202608051918,   4.567,   5.077,9999.000,9999.000,9999.000,9999.000,9999.000,9999.000,9999.000
202608051924,   4.633,   5.139,9999.000,9999.000,9999.000,9999.000,9999.000,9999.000,9999.000
202608051930,   4.696,   5.257,9999.000,9999.000,9999.000,9999.000,9999.000,9999.000,9999.000
202608051936,   4.758,   5.369,9999.000,9999.000,9999.000,9999.000,9999.000,9999.000,9999.000
202608051942,   4.817,   5.448,9999.000,9999.000,9999.000,9999.000,9999.000,9999.000,9999.000
202608051948,   4.875,   5.398,9999.000,9999.000,9999.000,9999.000,9999.000,9999.000,9999.000
202608051954,   4.930,   5.389,9999.000,9999.000,9999.000,9999.000,9999.000,9999.000,9999.000
202608052000,   4.982,   5.516,   0.300,   0.234,   5.516,   0.300,   5.516,   0.300,   5.516
202608052006,   5.033,   5.598,9999.000,9999.000,9999.000,9999.000,9999.000,9999.000,9999.000
202608052012,   5.080,   5.638,9999.000,9999.000,9999.000,9999.000,9999.000,9999.000,9999.000
202608052018,   5.125,   5.618,9999.000,9999.000,9999.000,9999.000,9999.000,9999.000,9999.000
202608052024,   5.167,   5.730,9999.000,9999.000,9999.000,9999.000,9999.000,9999.000,9999.000
202608052030,   5.206,   5.838,9999.000,9999.000,9999.000,9999.000,9999.000,9999.000,9999.000
202608052036,   5.243,   5.858,9999.000,9999.000,9999.000,9999.000,9999.000,9999.000,9999.000
202608052042,   5.276,   5.789,9999.000,9999.000,9999.000,9999.000,9999.000,9999.000,9999.000
202608052048,   5.306,   5.749,9999.000,9999.000,9999.000,9999.000,9999.000,9999.000,9999.000
202608052054,   5.333,   5.848,9999.000,9999.000,9999.000,9999.000,9999.000,9999.000,9999.000
202608052100,   5.357,   5.959,   0.300,   0.302,   5.959,   0.300,   5.959,   0.300,   5.959
202608052106,   5.378,   6.008,9999.000,9999.000,9999.000,9999.000,9999.000,9999.000,9999.000
202608052112,   5.395,   5.917,9999.000,9999.000,9999.000,9999.000,9999.000,9999.000,9999.000
202608052118,   5.408,   5.887,9999.000,9999.000,9999.000,9999.000,9999.000,9999.000,9999.000
202608052124,   5.419,   5.907,9999.000,9999.000,9999.000,9999.000,9999.000,9999.000,9999.000
202608052130,   5.425,   5.989,9999.000,9999.000,9999.000,9999.000,9999.000,9999.000,9999.000
202608052136,   5.428,   5.959,9999.000,9999.000,9999.000,9999.000,9999.000,9999.000,9999.000
202608052142,   5.428,   5.940,9999.000,9999.000,9999.000,9999.000,9999.000,9999.000,9999.000
202608052148,   5.424,   5.989,9999.000,9999.000,9999.000,9999.000,9999.000,9999.000,9999.000
202608052154,   5.416,   6.048,9999.000,9999.000,9999.000,9999.000,9999.000,9999.000,9999.000
202608052200,   5.404,   6.058,   0.300,   0.354,   6.058,   0.300,   6.058,   0.300,   6.058
202608052206,   5.389,   5.940,9999.000,9999.000,9999.000,9999.000,9999.000,9999.000,9999.000
202608052212,   5.370,   5.858,9999.000,9999.000,9999.000,9999.000,9999.000,9999.000,9999.000
202608052218,   5.347,   5.858,9999.000,9999.000,9999.000,9999.000,9999.000,9999.000,9999.000
202608052224,   5.321,   5.917,9999.000,9999.000,9999.000,9999.000,9999.000,9999.000,9999.000
202608052230,   5.290,   5.907,9999.000,9999.000,9999.000,9999.000,9999.000,9999.000,9999.000
202608052236,   5.257,   5.838,9999.000,9999.000,9999.000,9999.000,9999.000,9999.000,9999.000
202608052242,   5.220,   5.739,9999.000,9999.000,9999.000,9999.000,9999.000,9999.000,9999.000
202608052248,   5.179,   5.730,9999.000,9999.000,9999.000,9999.000,9999.000,9999.000,9999.000
202608052254,   5.135,   5.789,9999.000,9999.000,9999.000,9999.000,9999.000,9999.000,9999.000
202608052300,   5.088,   5.717,   0.300,   0.329,   5.717,   0.300,   5.717,   0.300,   5.717
202608052306,   5.037,   5.618,9999.000,9999.000,9999.000,9999.000,9999.000,9999.000,9999.000
202608052312,   4.983,   5.497,9999.000,9999.000,9999.000,9999.000,9999.000,9999.000,9999.000
202608052318,   4.927,   5.408,9999.000,9999.000,9999.000,9999.000,9999.000,9999.000,9999.000
202608052324,   4.867,   5.457,9999.000,9999.000,9999.000,9999.000,9999.000,9999.000,9999.000
202608052330,   4.805,   5.448,9999.000,9999.000,9999.000,9999.000,9999.000,9999.000,9999.000
202608052336,   4.740,   5.329,9999.000,9999.000,9999.000,9999.000,9999.000,9999.000,9999.000
202608052342,   4.673,   5.287,9999.000,9999.000,9999.000,9999.000,9999.000,9999.000,9999.000
202608052348,   4.604,   5.208,9999.000,9999.000,9999.000,9999.000,9999.000,9999.000,9999.000
202608052354,   4.533,   5.169,9999.000,9999.000,9999.000,9999.000,9999.000,9999.000,9999.000
202608060000,   4.459,   5.067,   0.500,   0.108,   5.067,   0.400,   4.967,   0.500,   5.067
202608060006,   4.385,   4.919,9999.000,9999.000,9999.000,9999.000,9999.000,9999.000,9999.000
202608060012,   4.308,   4.749,9999.000,9999.000,9999.000,9999.000,9999.000,9999.000,9999.000
202608060018,   4.230,   4.677,9999.000,9999.000,9999.000,9999.000,9999.000,9999.000,9999.000
202608060024,   4.151,   4.710,9999.000,9999.000,9999.000,9999.000,9999.000,9999.000,9999.000
202608060030,   4.071,   4.719,9999.000,9999.000,9999.000,9999.000,9999.000,9999.000,9999.000
202608060036,   3.990,   4.618,9999.000,9999.000,9999.000,9999.000,9999.000,9999.000,9999.000
202608060042,   3.908,   4.480,9999.000,9999.000,9999.000,9999.000,9999.000,9999.000,9999.000
202608060048,   3.826,   4.319,9999.000,9999.000,9999.000,9999.000,9999.000,9999.000,9999.000
202608060054,   3.744,   4.168,9999.000,9999.000,9999.000,9999.000,9999.000,9999.000,9999.000
202608060100,   3.661,   4.129,   0.500,  -0.032,   4.129,   0.400,   4.029,   0.500,   4.129
202608060106,   3.578,   4.017,9999.000,9999.000,9999.000,9999.000,9999.000,9999.000,9999.000
202608060112,   3.496,   3.929,9999.000,9999.000,9999.000,9999.000,9999.000,9999.000,9999.000
202608060118,   3.413,   3.847,9999.000,9999.000,9999.000,9999.000,9999.000,9999.000,9999.000
202608060124,   3.331,   3.837,9999.000,9999.000,9999.000,9999.000,9999.000,9999.000,9999.000
202608060130,   3.250,   3.817,9999.000,9999.000,9999.000,9999.000,9999.000,9999.000,9999.000
202608060136,   3.169,   3.689,9999.000,9999.000,9999.000,9999.000,9999.000,9999.000,9999.000
202608060142,   3.089,   3.529,9999.000,9999.000,9999.000,9999.000,9999.000,9999.000,9999.000
202608060148,   3.009,   3.378,9999.000,9999.000,9999.000,9999.000,9999.000,9999.000,9999.000
202608060154,   2.931,   3.348,9999.000,9999.000,9999.000,9999.000,9999.000,9999.000,9999.000
202608060200,   2.853,   3.299,   0.500,  -0.054,   3.299,   0.400,   3.199,   0.500,   3.299
202608060206,   2.777,   3.240,9999.000,9999.000,9999.000,9999.000,9999.000,9999.000,9999.000
202608060212,   2.702,   3.178,9999.000,9999.000,9999.000,9999.000,9999.000,9999.000,9999.000
202608060218,   2.629,   3.099,9999.000,9999.000,9999.000,9999.000,9999.000,9999.000,9999.000
202608060224,   2.557,   3.060,9999.000,9999.000,9999.000,9999.000,9999.000,9999.000,9999.000
202608060230,   2.486,   3.007,9999.000,9999.000,9999.000,9999.000,9999.000,9999.000,9999.000
202608060236,   2.417,   2.879,9999.000,9999.000,9999.000,9999.000,9999.000,9999.000,9999.000
202608060242,   2.349,   2.797,9999.000,9999.000,9999.000,9999.000,9999.000,9999.000,9999.000
202608060248,   2.284,   2.748,9999.000,9999.000,9999.000,9999.000,9999.000,9999.000,9999.000
202608060254,   2.220,   2.669,9999.000,9999.000,9999.000,9999.000,9999.000,9999.000,9999.000
202608060300,   2.158,   2.640,   0.500,  -0.018,   2.640,   0.400,   2.540,   0.500,   2.640
202608060306,   2.098,   2.558,9999.000,9999.000,9999.000,9999.000,9999.000,9999.000,9999.000
202608060312,   2.040,   2.489,9999.000,9999.000,9999.000,9999.000,9999.000,9999.000,9999.000
202608060318,   1.984,   2.499,9999.000,9999.000,9999.000,9999.000,9999.000,9999.000,9999.000
202608060324,   1.930,   2.489,9999.000,9999.000,9999.000,9999.000,9999.000,9999.000,9999.000
202608060330,   1.879,   2.420,9999.000,9999.000,9999.000,9999.000,9999.000,9999.000,9999.000
202608060336,   1.830,   2.309,9999.000,9999.000,9999.000,9999.000,9999.000,9999.000,9999.000
202608060342,   1.784,   2.279,9999.000,9999.000,9999.000,9999.000,9999.000,9999.000,9999.000
202608060348,   1.740,   2.240,9999.000,9999.000,9999.000,9999.000,9999.000,9999.000,9999.000
202608060354,   1.698,   2.220,9999.000,9999.000,9999.000,9999.000,9999.000,9999.000,9999.000
202608060400,   1.659,   2.168,   0.500,   0.009,   2.168,   0.400,   2.068,   0.500,   2.168
202608060406,   1.623,   2.118,9999.000,9999.000,9999.000,9999.000,9999.000,9999.000,9999.000
202608060412,   1.590,   2.089,9999.000,9999.000,9999.000,9999.000,9999.000,9999.000,9999.000
202608060418,   1.559,   2.089,9999.000,9999.000,9999.000,9999.000,9999.000,9999.000,9999.000
202608060424,   1.531,   2.109,9999.000,9999.000,9999.000,9999.000,9999.000,9999.000,9999.000
202608060430,   1.506,   2.079,9999.000,9999.000,9999.000,9999.000,9999.000,9999.000,9999.000
202608060436,   1.484,   1.981,9999.000,9999.000,9999.000,9999.000,9999.000,9999.000,9999.000
202608060442,   1.465,   1.958,9999.000,9999.000,9999.000,9999.000,9999.000,9999.000,9999.000
202608060448,   1.448,   1.981,9999.000,9999.000,9999.000,9999.000,9999.000,9999.000,9999.000
202608060454,   1.435,   1.990,9999.000,9999.000,9999.000,9999.000,9999.000,9999.000,9999.000
202608060500,   1.425,   2.020,   0.500,   0.095,   2.020,   0.400,   1.920,   0.500,   2.020
202608060506,   1.417,   2.040,9999.000,9999.000,9999.000,9999.000,9999.000,9999.000,9999.000
202608060512,   1.412,   2.020,9999.000,9999.000,9999.000,9999.000,9999.000,9999.000,9999.000
202608060518,   1.410,   1.958,9999.000,9999.000,9999.000,9999.000,9999.000,9999.000,9999.000
202608060524,   1.411,   1.967,9999.000,9999.000,9999.000,9999.000,9999.000,9999.000,9999.000
202608060530,   1.414,   1.990,9999.000,9999.000,9999.000,9999.000,9999.000,9999.000,9999.000
202608060536,   1.421,   1.958,9999.000,9999.000,9999.000,9999.000,9999.000,9999.000,9999.000
202608060542,   1.429,   1.958,9999.000,9999.000,9999.000,9999.000,9999.000,9999.000,9999.000
202608060548,   1.440,   1.948,9999.000,9999.000,9999.000,9999.000,9999.000,9999.000,9999.000
202608060554,   1.454,   1.958,9999.000,9999.000,9999.000,9999.000,9999.000,9999.000,9999.000
202608060600,   1.470,   1.990,   0.500,   0.020,   1.990,   0.500,   1.990,   0.500,   1.990
202608060606,   1.488,   2.069,9999.000,9999.000,9999.000,9999.000,9999.000,9999.000,9999.000
202608060612,   1.508,   2.148,9999.000,9999.000,9999.000,9999.000,9999.000,9999.000,9999.000
202608060618,   1.531,   2.148,9999.000,9999.000,9999.000,9999.000,9999.000,9999.000,9999.000
202608060624,   1.555,   2.168,9999.000,9999.000,9999.000,9999.000,9999.000,9999.000,9999.000
202608060630,   1.581,   2.191,9999.000,9999.000,9999.000,9999.000,9999.000,9999.000,9999.000
202608060636,   1.608,   2.138,9999.000,9999.000,9999.000,9999.000,9999.000,9999.000,9999.000
202608060642,   1.637,   2.118,9999.000,9999.000,9999.000,9999.000,9999.000,9999.000,9999.000
202608060648,   1.668,   2.089,9999.000,9999.000,9999.000,9999.000,9999.000,9999.000,9999.000
202608060654,   1.700,   2.177,9999.000,9999.000,9999.000,9999.000,9999.000,9999.000,9999.000
202608060700,   1.733,   2.259,   0.500,   0.026,   2.259,   0.500,   2.259,   0.500,   2.259
202608060706,   1.767,   2.309,9999.000,9999.000,9999.000,9999.000,9999.000,9999.000,9999.000
202608060712,   1.802,   2.368,9999.000,9999.000,9999.000,9999.000,9999.000,9999.000,9999.000
202608060718,   1.837,   2.377,9999.000,9999.000,9999.000,9999.000,9999.000,9999.000,9999.000
202608060724,   1.874,   2.420,9999.000,9999.000,9999.000,9999.000,9999.000,9999.000,9999.000
202608060730,   1.911,   2.469,9999.000,9999.000,9999.000,9999.000,9999.000,9999.000,9999.000
202608060736,   1.949,   2.489,9999.000,9999.000,9999.000,9999.000,9999.000,9999.000,9999.000
202608060742,   1.987,   2.469,9999.000,9999.000,9999.000,9999.000,9999.000,9999.000,9999.000
202608060748,   2.025,   2.499,9999.000,9999.000,9999.000,9999.000,9999.000,9999.000,9999.000
202608060754,   2.064,   2.610,9999.000,9999.000,9999.000,9999.000,9999.000,9999.000,9999.000
202608060800,   2.102,   2.689,   0.500,   0.087,   2.689,   0.500,   2.689,   0.500,   2.689
202608060806,   2.141,   2.719,9999.000,9999.000,9999.000,9999.000,9999.000,9999.000,9999.000
202608060812,   2.180,   2.679,9999.000,9999.000,9999.000,9999.000,9999.000,9999.000,9999.000
202608060818,   2.219,   2.709,9999.000,9999.000,9999.000,9999.000,9999.000,9999.000,9999.000
202608060824,   2.257,   2.787,9999.000,9999.000,9999.000,9999.000,9999.000,9999.000,9999.000
202608060830,   2.295,   2.869,9999.000,9999.000,9999.000,9999.000,9999.000,9999.000,9999.000
202608060836,   2.333,   2.978,9999.000,9999.000,9999.000,9999.000,9999.000,9999.000,9999.000
202608060842,   2.370,   2.978,9999.000,9999.000,9999.000,9999.000,9999.000,9999.000,9999.000
202608060848,   2.407,   2.968,9999.000,9999.000,9999.000,9999.000,9999.000,9999.000,9999.000
202608060854,   2.444,   3.030,9999.000,9999.000,9999.000,9999.000,9999.000,9999.000,9999.000
202608060900,   2.479,   3.079,   0.500,   0.100,   3.079,   0.400,   2.979,   0.500,   3.079
202608060906,   2.514,   3.089,9999.000,9999.000,9999.000,9999.000,9999.000,9999.000,9999.000
202608060912,   2.548,   3.079,9999.000,9999.000,9999.000,9999.000,9999.000,9999.000,9999.000
202608060918,   2.581,   3.119,9999.000,9999.000,9999.000,9999.000,9999.000,9999.000,9999.000
202608060924,   2.613,   3.168,9999.000,9999.000,9999.000,9999.000,9999.000,9999.000,9999.000
202608060930,   2.644,   3.188,9999.000,9999.000,9999.000,9999.000,9999.000,9999.000,9999.000
202608060936,   2.674,   3.230,9999.000,9999.000,9999.000,9999.000,9999.000,9999.000,9999.000
202608060942,   2.703,   3.270,9999.000,9999.000,9999.000,9999.000,9999.000,9999.000,9999.000
202608060948,   2.730,   3.289,9999.000,9999.000,9999.000,9999.000,9999.000,9999.000,9999.000
202608060954,   2.756,   3.339,9999.000,9999.000,9999.000,9999.000,9999.000,9999.000,9999.000
202608061000,   2.780,   3.348,   0.500,   0.068,   3.348,   0.500,   3.348,   0.500,   3.348
202608061006,   2.803,   3.329,9999.000,9999.000,9999.000,9999.000,9999.000,9999.000,9999.000
202608061012,   2.825,   3.348,9999.000,9999.000,9999.000,9999.000,9999.000,9999.000,9999.000
202608061018,   2.844,   3.417,9999.000,9999.000,9999.000,9999.000,9999.000,9999.000,9999.000
202608061024,   2.862,   3.417,9999.000,9999.000,9999.000,9999.000,9999.000,9999.000,9999.000
202608061030,   2.878,   3.378,9999.000,9999.000,9999.000,9999.000,9999.000,9999.000,9999.000
202608061036,   2.893,   3.378,9999.000,9999.000,9999.000,9999.000,9999.000,9999.000,9999.000
202608061042,   2.905,   3.368,9999.000,9999.000,9999.000,9999.000,9999.000,9999.000,9999.000
202608061048,   2.916,   3.440,9999.000,9999.000,9999.000,9999.000,9999.000,9999.000,9999.000
202608061054,   2.924,   3.519,9999.000,9999.000,9999.000,9999.000,9999.000,9999.000,9999.000
202608061100,   2.931,   3.519,   0.500,   0.088,   3.519,   0.400,   3.419,   0.500,   3.519
202608061106,   2.936,   3.480,9999.000,9999.000,9999.000,9999.000,9999.000,9999.000,9999.000
202608061112,   2.940,   3.470,9999.000,9999.000,9999.000,9999.000,9999.000,9999.000,9999.000
202608061118,   2.940,   3.470,9999.000,9999.000,9999.000,9999.000,9999.000,9999.000,9999.000
202608061124,   2.940,   3.480,9999.000,9999.000,9999.000,9999.000,9999.000,9999.000,9999.000
202608061130,   2.936,   3.529,9999.000,9999.000,9999.000,9999.000,9999.000,9999.000,9999.000
202608061136,   2.932,   3.558,9999.000,9999.000,9999.000,9999.000,9999.000,9999.000,9999.000
202608061142,   2.926,   3.548,9999.000,9999.000,9999.000,9999.000,9999.000,9999.000,9999.000
202608061148,   2.918,   3.519,9999.000,9999.000,9999.000,9999.000,9999.000,9999.000,9999.000
202608061154,   2.909,   3.470,9999.000,9999.000,9999.000,9999.000,9999.000,9999.000,9999.000
202608061200,   2.899,   3.450,   0.400,   0.151,   3.450,   0.400,   3.450,   0.400,   3.450
202608061206,   2.887,   3.480,9999.000,9999.000,9999.000,9999.000,9999.000,9999.000,9999.000
202608061212,   2.874,   3.529,9999.000,9999.000,9999.000,9999.000,9999.000,9999.000,9999.000
202608061218,   2.859,   3.529,9999.000,9999.000,9999.000,9999.000,9999.000,9999.000,9999.000
202608061224,   2.844,   3.499,9999.000,9999.000,9999.000,9999.000,9999.000,9999.000,9999.000
202608061230,   2.828,   3.480,9999.000,9999.000,9999.000,9999.000,9999.000,9999.000,9999.000
202608061236,   2.811,   3.407,9999.000,9999.000,9999.000,9999.000,9999.000,9999.000,9999.000
202608061242,   2.794,   3.368,9999.000,9999.000,9999.000,9999.000,9999.000,9999.000,9999.000
202608061248,   2.776,   3.417,9999.000,9999.000,9999.000,9999.000,9999.000,9999.000,9999.000
202608061254,   2.758,   3.450,9999.000,9999.000,9999.000,9999.000,9999.000,9999.000,9999.000
202608061300,   2.740,   3.440,   0.400,   0.300,   3.440,   0.400,   3.440,   0.400,   3.440
202608061306,   2.721,   3.388,9999.000,9999.000,9999.000,9999.000,9999.000,9999.000,9999.000
202608061312,   2.703,   3.319,9999.000,9999.000,9999.000,9999.000,9999.000,9999.000,9999.000
202608061318,   2.685,   3.289,9999.000,9999.000,9999.000,9999.000,9999.000,9999.000,9999.000
202608061324,   2.667,   3.299,9999.000,9999.000,9999.000,9999.000,9999.000,9999.000,9999.000
202608061330,   2.650,   3.289,9999.000,9999.000,9999.000,9999.000,9999.000,9999.000,9999.000
202608061336,   2.633,   3.240,9999.000,9999.000,9999.000,9999.000,9999.000,9999.000,9999.000
202608061342,   2.616,   3.168,9999.000,9999.000,9999.000,9999.000,9999.000,9999.000,9999.000
202608061348,   2.601,   3.168,9999.000,9999.000,9999.000,9999.000,9999.000,9999.000,9999.000
202608061354,   2.586,   3.240,9999.000,9999.000,9999.000,9999.000,9999.000,9999.000,9999.000
202608061400,   2.572,   3.168,   0.400,   0.196,   3.168,   0.400,   3.168,   0.400,   3.168
202608061406,   2.559,   3.168,9999.000,9999.000,9999.000,9999.000,9999.000,9999.000,9999.000
202608061412,   2.547,   3.089,9999.000,9999.000,9999.000,9999.000,9999.000,9999.000,9999.000
202608061418,   2.536,   3.099,9999.000,9999.000,9999.000,9999.000,9999.000,9999.000,9999.000
202608061424,   2.526,   3.148,9999.000,9999.000,9999.000,9999.000,9999.000,9999.000,9999.000
202608061430,   2.517,   3.138,9999.000,9999.000,9999.000,9999.000,9999.000,9999.000,9999.000
202608061436,   2.510,   3.119,9999.000,9999.000,9999.000,9999.000,9999.000,9999.000,9999.000
202608061442,   2.503,   3.079,9999.000,9999.000,9999.000,9999.000,9999.000,9999.000,9999.000
202608061448,   2.499,   3.089,9999.000,9999.000,9999.000,9999.000,9999.000,9999.000,9999.000
202608061454,   2.495,   3.089,9999.000,9999.000,9999.000,9999.000,9999.000,9999.000,9999.000
202608061500,   2.493,   3.089,   0.400,   0.196,   3.089,   0.400,   3.089,   0.400,   3.089
202608061506,   2.492,   3.060,9999.000,9999.000,9999.000,9999.000,9999.000,9999.000,9999.000
202608061512,   2.493,   3.050,9999.000,9999.000,9999.000,9999.000,9999.000,9999.000,9999.000
202608061518,   2.496,   3.070,9999.000,9999.000,9999.000,9999.000,9999.000,9999.000,9999.000
202608061524,   2.500,   3.079,9999.000,9999.000,9999.000,9999.000,9999.000,9999.000,9999.000
202608061530,   2.505,   3.158,9999.000,9999.000,9999.000,9999.000,9999.000,9999.000,9999.000
202608061536,   2.512,   3.188,9999.000,9999.000,9999.000,9999.000,9999.000,9999.000,9999.000
202608061542,   2.521,   3.217,9999.000,9999.000,9999.000,9999.000,9999.000,9999.000,9999.000
202608061548,   2.532,   3.230,9999.000,9999.000,9999.000,9999.000,9999.000,9999.000,9999.000
202608061554,   2.544,   3.240,9999.000,9999.000,9999.000,9999.000,9999.000,9999.000,9999.000
202608061600,   2.559,   3.217,   0.400,   0.258,   3.217,   0.400,   3.217,   0.400,   3.217
202608061606,   2.575,   3.207,9999.000,9999.000,9999.000,9999.000,9999.000,9999.000,9999.000
202608061612,   2.593,   3.217,9999.000,9999.000,9999.000,9999.000,9999.000,9999.000,9999.000
202608061618,   2.613,   3.260,9999.000,9999.000,9999.000,9999.000,9999.000,9999.000,9999.000
202608061624,   2.635,   3.319,9999.000,9999.000,9999.000,9999.000,9999.000,9999.000,9999.000
202608061630,   2.659,   3.388,9999.000,9999.000,9999.000,9999.000,9999.000,9999.000,9999.000
202608061636,   2.685,   3.368,9999.000,9999.000,9999.000,9999.000,9999.000,9999.000,9999.000
202608061642,   2.713,   3.358,9999.000,9999.000,9999.000,9999.000,9999.000,9999.000,9999.000
202608061648,   2.743,   3.329,9999.000,9999.000,9999.000,9999.000,9999.000,9999.000,9999.000
202608061654,   2.775,   3.378,9999.000,9999.000,9999.000,9999.000,9999.000,9999.000,9999.000
202608061700,   2.810,   3.470,   0.400,   0.260,   3.470,   0.400,   3.470,   0.400,   3.470
202608061706,   2.846,   3.480,9999.000,9999.000,9999.000,9999.000,9999.000,9999.000,9999.000
202608061712,   2.885,   3.539,9999.000,9999.000,9999.000,9999.000,9999.000,9999.000,9999.000
202608061718,   2.926,   3.578,9999.000,9999.000,9999.000,9999.000,9999.000,9999.000,9999.000
202608061724,   2.969,   3.627,9999.000,9999.000,9999.000,9999.000,9999.000,9999.000,9999.000
202608061730,   3.015,   3.598,9999.000,9999.000,9999.000,9999.000,9999.000,9999.000,9999.000
202608061736,   3.062,   3.588,9999.000,9999.000,9999.000,9999.000,9999.000,9999.000,9999.000
202608061742,   3.111,   3.539,9999.000,9999.000,9999.000,9999.000,9999.000,9999.000,9999.000
202608061748,   3.162,   3.558,9999.000,9999.000,9999.000,9999.000,9999.000,9999.000,9999.000
202608061754,   3.215,   3.680,9999.000,9999.000,9999.000,9999.000,9999.000,9999.000,9999.000
202608061800,   3.270,   3.788,   0.300,   0.218,   3.788,   0.300,   3.788,   0.400,   3.888
202608061806,   3.327,   3.860,9999.000,9999.000,9999.000,9999.000,9999.000,9999.000,9999.000
202608061812,   3.385,   3.919,9999.000,9999.000,9999.000,9999.000,9999.000,9999.000,9999.000
202608061818,   3.445,   3.939,9999.000,9999.000,9999.000,9999.000,9999.000,9999.000,9999.000
202608061824,   3.506,   3.919,9999.000,9999.000,9999.000,9999.000,9999.000,9999.000,9999.000
202608061830,   3.568,   3.949,9999.000,9999.000,9999.000,9999.000,9999.000,9999.000,9999.000
202608061836,   3.631,   4.037,9999.000,9999.000,9999.000,9999.000,9999.000,9999.000,9999.000
202608061842,   3.696,   4.109,9999.000,9999.000,9999.000,9999.000,9999.000,9999.000,9999.000
202608061848,   3.761,   4.168,9999.000,9999.000,9999.000,9999.000,9999.000,9999.000,9999.000
202608061854,   3.827,   4.267,9999.000,9999.000,9999.000,9999.000,9999.000,9999.000,9999.000
202608061900,   3.894,   4.319,   0.300,   0.125,   4.319,   0.300,   4.319,   0.400,   4.419
202608061906,   3.961,   4.398,9999.000,9999.000,9999.000,9999.000,9999.000,9999.000,9999.000
202608061912,   4.028,   4.437,9999.000,9999.000,9999.000,9999.000,9999.000,9999.000,9999.000
202608061918,   4.096,   4.427,9999.000,9999.000,9999.000,9999.000,9999.000,9999.000,9999.000
202608061924,   4.163,   4.500,9999.000,9999.000,9999.000,9999.000,9999.000,9999.000,9999.000
202608061930,   4.230,   4.628,9999.000,9999.000,9999.000,9999.000,9999.000,9999.000,9999.000
202608061936,   4.298,   4.739,9999.000,9999.000,9999.000,9999.000,9999.000,9999.000,9999.000
202608061942,   4.364,   4.818,9999.000,9999.000,9999.000,9999.000,9999.000,9999.000,9999.000
202608061948,   4.430,   4.867,9999.000,9999.000,9999.000,9999.000,9999.000,9999.000,9999.000
202608061954,   4.496,   4.949,9999.000,9999.000,9999.000,9999.000,9999.000,9999.000,9999.000
202608062000,   4.560,   5.028,   0.400,   0.068,   5.028,   0.300,   4.928,   0.400,   5.028
202608062006,   4.624,   5.129,9999.000,9999.000,9999.000,9999.000,9999.000,9999.000,9999.000
202608062012,   4.687,   5.159,9999.000,9999.000,9999.000,9999.000,9999.000,9999.000,9999.000
202608062018,   4.748,   5.218,9999.000,9999.000,9999.000,9999.000,9999.000,9999.000,9999.000
202608062024,   4.808,   5.349,9999.000,9999.000,9999.000,9999.000,9999.000,9999.000,9999.000
202608062030,   4.867,   5.389,9999.000,9999.000,9999.000,9999.000,9999.000,9999.000,9999.000
202608062036,   4.925,   5.389,9999.000,9999.000,9999.000,9999.000,9999.000,9999.000,9999.000
202608062042,   4.981,   5.349,9999.000,9999.000,9999.000,9999.000,9999.000,9999.000,9999.000
202608062048,   5.035,   5.408,9999.000,9999.000,9999.000,9999.000,9999.000,9999.000,9999.000
202608062054,   5.087,   5.559,9999.000,9999.000,9999.000,9999.000,9999.000,9999.000,9999.000
202608062100,   5.138,   5.667,   0.400,   0.129,   5.667,   0.300,   5.567,   0.400,   5.667
202608062106,   5.187,   5.717,9999.000,9999.000,9999.000,9999.000,9999.000,9999.000,9999.000
202608062112,   5.233,   5.739,9999.000,9999.000,9999.000,9999.000,9999.000,9999.000,9999.000
202608062118,   5.278,   5.799,9999.000,9999.000,9999.000,9999.000,9999.000,9999.000,9999.000
202608062124,   5.320,   5.818,9999.000,9999.000,9999.000,9999.000,9999.000,9999.000,9999.000
202608062130,   5.360,   5.838,9999.000,9999.000,9999.000,9999.000,9999.000,9999.000,9999.000
202608062136,   5.398,   5.848,9999.000,9999.000,9999.000,9999.000,9999.000,9999.000,9999.000
202608062142,   5.433,   5.907,9999.000,9999.000,9999.000,9999.000,9999.000,9999.000,9999.000
202608062148,   5.466,   6.008,9999.000,9999.000,9999.000,9999.000,9999.000,9999.000,9999.000
202608062154,   5.496,   5.979,9999.000,9999.000,9999.000,9999.000,9999.000,9999.000,9999.000
202608062200,   5.523,   5.907,   0.400,  -0.016,   5.907,   0.300,   5.807,   0.400,   5.907
202608062206,   5.548,   5.877,9999.000,9999.000,9999.000,9999.000,9999.000,9999.000,9999.000
202608062212,   5.569,   5.969,9999.000,9999.000,9999.000,9999.000,9999.000,9999.000,9999.000
202608062218,   5.588,   6.058,9999.000,9999.000,9999.000,9999.000,9999.000,9999.000,9999.000
202608062224,   5.603,   6.087,9999.000,9999.000,9999.000,9999.000,9999.000,9999.000,9999.000
202608062230,   5.615,   6.077,9999.000,9999.000,9999.000,9999.000,9999.000,9999.000,9999.000
202608062236,   5.624,   6.067,9999.000,9999.000,9999.000,9999.000,9999.000,9999.000,9999.000
202608062242,   5.629,   6.117,9999.000,9999.000,9999.000,9999.000,9999.000,9999.000,9999.000
202608062248,   5.631,   6.117,9999.000,9999.000,9999.000,9999.000,9999.000,9999.000,9999.000
202608062254,   5.629,   6.097,9999.000,9999.000,9999.000,9999.000,9999.000,9999.000,9999.000
202608062300,   5.624,   6.077,   0.400,   0.053,   6.077,   0.400,   6.077,   0.400,   6.077
202608062306,   5.615,   6.067,9999.000,9999.000,9999.000,9999.000,9999.000,9999.000,9999.000
202608062312,   5.602,   6.067,9999.000,9999.000,9999.000,9999.000,9999.000,9999.000,9999.000
202608062318,   5.586,   5.989,9999.000,9999.000,9999.000,9999.000,9999.000,9999.000,9999.000
202608062324,   5.565,   5.926,9999.000,9999.000,9999.000,9999.000,9999.000,9999.000,9999.000
202608062330,   5.541,   5.917,9999.000,9999.000,9999.000,9999.000,9999.000,9999.000,9999.000
202608062336,   5.514,   5.940,9999.000,9999.000,9999.000,9999.000,9999.000,9999.000,9999.000
202608062342,   5.482,   5.949,9999.000,9999.000,9999.000,9999.000,9999.000,9999.000,9999.000
202608062348,   5.447,   5.887,9999.000,9999.000,9999.000,9999.000,9999.000,9999.000,9999.000
202608062354,   5.408,   5.858,9999.000,9999.000,9999.000,9999.000,9999.000,9999.000,9999.000
202608070000,   5.365,   5.907,   0.500,   0.042,   5.907,   0.500,   5.907,   0.500,   5.907
202608070006,   5.319,   5.887,9999.000,9999.000,9999.000,9999.000,9999.000,9999.000,9999.000
202608070012,   5.269,   5.779,9999.000,9999.000,9999.000,9999.000,9999.000,9999.000,9999.000
202608070018,   5.216,   5.569,9999.000,9999.000,9999.000,9999.000,9999.000,9999.000,9999.000
202608070024,   5.159,   5.457,9999.000,9999.000,9999.000,9999.000,9999.000,9999.000,9999.000
202608070030,   5.100,   5.477,9999.000,9999.000,9999.000,9999.000,9999.000,9999.000,9999.000
202608070036,   5.037,   5.530,9999.000,9999.000,9999.000,9999.000,9999.000,9999.000,9999.000
202608070042,   4.971,   5.448,9999.000,9999.000,9999.000,9999.000,9999.000,9999.000,9999.000
202608070048,   4.903,   5.349,9999.000,9999.000,9999.000,9999.000,9999.000,9999.000,9999.000
202608070054,   4.832,   5.218,9999.000,9999.000,9999.000,9999.000,9999.000,9999.000,9999.000
202608070100,   4.758,   5.120,   0.500,  -0.138,   5.120,   0.500,   5.120,   0.500,   5.120
202608070106,   4.682,   5.077,9999.000,9999.000,9999.000,9999.000,9999.000,9999.000,9999.000
202608070112,   4.604,   4.998,9999.000,9999.000,9999.000,9999.000,9999.000,9999.000,9999.000
202608070118,   4.524,   4.910,9999.000,9999.000,9999.000,9999.000,9999.000,9999.000,9999.000
202608070124,   4.442,   4.818,9999.000,9999.000,9999.000,9999.000,9999.000,9999.000,9999.000
202608070130,   4.359,   4.769,9999.000,9999.000,9999.000,9999.000,9999.000,9999.000,9999.000
202608070136,   4.273,   4.667,9999.000,9999.000,9999.000,9999.000,9999.000,9999.000,9999.000
202608070142,   4.187,   4.598,9999.000,9999.000,9999.000,9999.000,9999.000,9999.000,9999.000
202608070148,   4.099,   4.519,9999.000,9999.000,9999.000,9999.000,9999.000,9999.000,9999.000
202608070154,   4.010,   4.418,9999.000,9999.000,9999.000,9999.000,9999.000,9999.000,9999.000
202608070200,   3.921,   4.309,   0.500,  -0.112,   4.309,   0.500,   4.309,   0.500,   4.309
202608070206,   3.830,   4.168,9999.000,9999.000,9999.000,9999.000,9999.000,9999.000,9999.000
202608070212,   3.739,   4.090,9999.000,9999.000,9999.000,9999.000,9999.000,9999.000,9999.000
202608070218,   3.647,   4.027,9999.000,9999.000,9999.000,9999.000,9999.000,9999.000,9999.000
202608070224,   3.555,   4.027,9999.000,9999.000,9999.000,9999.000,9999.000,9999.000,9999.000
202608070230,   3.463,   3.958,9999.000,9999.000,9999.000,9999.000,9999.000,9999.000,9999.000
202608070236,   3.370,   3.847,9999.000,9999.000,9999.000,9999.000,9999.000,9999.000,9999.000
202608070242,   3.278,   3.798,9999.000,9999.000,9999.000,9999.000,9999.000,9999.000,9999.000
202608070248,   3.185,   3.660,9999.000,9999.000,9999.000,9999.000,9999.000,9999.000,9999.000
202608070254,   3.093,   3.529,9999.000,9999.000,9999.000,9999.000,9999.000,9999.000,9999.000
202608070300,   3.001,   3.440,   0.500,  -0.061,   3.440,   0.500,   3.440,   0.500,   3.440
202608070306,   2.909,   3.309,9999.000,9999.000,9999.000,9999.000,9999.000,9999.000,9999.000
202608070312,   2.818,   3.250,9999.000,9999.000,9999.000,9999.000,9999.000,9999.000,9999.000
202608070318,   2.728,   3.207,9999.000,9999.000,9999.000,9999.000,9999.000,9999.000,9999.000
202608070324,   2.638,   3.168,9999.000,9999.000,9999.000,9999.000,9999.000,9999.000,9999.000
202608070330,   2.548,   3.089,9999.000,9999.000,9999.000,9999.000,9999.000,9999.000,9999.000
202608070336,   2.460,   3.040,9999.000,9999.000,9999.000,9999.000,9999.000,9999.000,9999.000
202608070342,   2.373,   2.978,9999.000,9999.000,9999.000,9999.000,9999.000,9999.000,9999.000
202608070348,   2.286,   2.869,9999.000,9999.000,9999.000,9999.000,9999.000,9999.000,9999.000
202608070354,   2.201,   2.728,9999.000,9999.000,9999.000,9999.000,9999.000,9999.000,9999.000
202608070400,   2.117,   2.578,   0.500,  -0.039,   2.578,   0.500,   2.578,   0.500,   2.578
202608070406,   2.035,   2.469,9999.000,9999.000,9999.000,9999.000,9999.000,9999.000,9999.000
202608070412,   1.954,   2.410,9999.000,9999.000,9999.000,9999.000,9999.000,9999.000,9999.000
202608070418,   1.875,   2.400,9999.000,9999.000,9999.000,9999.000,9999.000,9999.000,9999.000
202608070424,   1.797,   2.328,9999.000,9999.000,9999.000,9999.000,9999.000,9999.000,9999.000
202608070430,   1.722,   2.240,9999.000,9999.000,9999.000,9999.000,9999.000,9999.000,9999.000
202608070436,   1.649,   2.148,9999.000,9999.000,9999.000,9999.000,9999.000,9999.000,9999.000
202608070442,   1.577,   2.069,9999.000,9999.000,9999.000,9999.000,9999.000,9999.000,9999.000
202608070448,   1.508,   2.020,9999.000,9999.000,9999.000,9999.000,9999.000,9999.000,9999.000
202608070454,   1.442,   1.938,9999.000,9999.000,9999.000,9999.000,9999.000,9999.000,9999.000
202608070500,   1.378,   1.879,   0.500,   0.001,   1.879,   0.500,   1.879,   0.500,   1.879
202608070506,   1.317,   1.790,9999.000,9999.000,9999.000,9999.000,9999.000,9999.000,9999.000
202608070512,   1.259,   1.708,9999.000,9999.000,9999.000,9999.000,9999.000,9999.000,9999.000
202608070518,   1.203,   1.649,9999.000,9999.000,9999.000,9999.000,9999.000,9999.000,9999.000
202608070524,   1.151,   1.580,9999.000,9999.000,9999.000,9999.000,9999.000,9999.000,9999.000
202608070530,   1.101,   1.548,9999.000,9999.000,9999.000,9999.000,9999.000,9999.000,9999.000
202608070536,   1.055,   1.508,9999.000,9999.000,9999.000,9999.000,9999.000,9999.000,9999.000
202608070542,   1.013,   1.498,9999.000,9999.000,9999.000,9999.000,9999.000,9999.000,9999.000
202608070548,   0.973,   1.489,9999.000,9999.000,9999.000,9999.000,9999.000,9999.000,9999.000
202608070554,   0.937,   1.439,9999.000,9999.000,9999.000,9999.000,9999.000,9999.000,9999.000
202608070600,   0.905,   1.410,   0.500,   0.005,   1.410,   0.500,   1.410,   0.500,   1.410
202608070606,   0.876,   1.318,9999.000,9999.000,9999.000,9999.000,9999.000,9999.000,9999.000
202608070612,   0.850,   1.249,9999.000,9999.000,9999.000,9999.000,9999.000,9999.000,9999.000
202608070618,   0.828,   1.249,9999.000,9999.000,9999.000,9999.000,9999.000,9999.000,9999.000
202608070624,   0.810,   1.249,9999.000,9999.000,9999.000,9999.000,9999.000,9999.000,9999.000
202608070630,   0.795,   1.318,9999.000,9999.000,9999.000,9999.000,9999.000,9999.000,9999.000
202608070636,   0.784,   1.380,9999.000,9999.000,9999.000,9999.000,9999.000,9999.000,9999.000
202608070642,   0.776,   1.371,9999.000,9999.000,9999.000,9999.000,9999.000,9999.000,9999.000
202608070648,   0.771,   1.318,9999.000,9999.000,9999.000,9999.000,9999.000,9999.000,9999.000
202608070654,   0.770,   1.220,9999.000,9999.000,9999.000,9999.000,9999.000,9999.000,9999.000
202608070700,   0.772,   1.180,   0.500,  -0.092,   1.180,   0.500,   1.180,   0.500,   1.180
202608070706,   0.778,   1.220,9999.000,9999.000,9999.000,9999.000,9999.000,9999.000,9999.000
202608070712,   0.786,   1.269,9999.000,9999.000,9999.000,9999.000,9999.000,9999.000,9999.000
202608070718,   0.798,   1.361,9999.000,9999.000,9999.000,9999.000,9999.000,9999.000,9999.000
202608070724,   0.812,   1.390,9999.000,9999.000,9999.000,9999.000,9999.000,9999.000,9999.000
202608070730,   0.829,   1.400,9999.000,9999.000,9999.000,9999.000,9999.000,9999.000,9999.000
202608070736,   0.849,   1.430,9999.000,9999.000,9999.000,9999.000,9999.000,9999.000,9999.000
202608070742,   0.872,   1.430,9999.000,9999.000,9999.000,9999.000,9999.000,9999.000,9999.000
202608070748,   0.897,   1.439,9999.000,9999.000,9999.000,9999.000,9999.000,9999.000,9999.000
202608070754,   0.924,   1.430,9999.000,9999.000,9999.000,9999.000,9999.000,9999.000,9999.000
202608070800,   0.954,   1.410,   0.500,  -0.044,   1.410,   0.500,   1.410,   0.500,   1.410
202608070806,   0.986,   1.479,9999.000,9999.000,9999.000,9999.000,9999.000,9999.000,9999.000
202608070812,   1.020,   1.557,9999.000,9999.000,9999.000,9999.000,9999.000,9999.000,9999.000
202608070818,   1.056,   1.620,9999.000,9999.000,9999.000,9999.000,9999.000,9999.000,9999.000
202608070824,   1.094,   1.649,9999.000,9999.000,9999.000,9999.000,9999.000,9999.000,9999.000
202608070830,   1.134,   1.620,9999.000,9999.000,9999.000,9999.000,9999.000,9999.000,9999.000
202608070836,   1.176,   1.630,9999.000,9999.000,9999.000,9999.000,9999.000,9999.000,9999.000
202608070842,   1.219,   1.699,9999.000,9999.000,9999.000,9999.000,9999.000,9999.000,9999.000
202608070848,   1.263,   1.767,9999.000,9999.000,9999.000,9999.000,9999.000,9999.000,9999.000
202608070854,   1.310,   1.849,9999.000,9999.000,9999.000,9999.000,9999.000,9999.000,9999.000
202608070900,   1.357,   1.899,   0.500,   0.042,   1.899,   0.500,   1.899,   0.500,   1.899
202608070906,   1.406,   1.918,9999.000,9999.000,9999.000,9999.000,9999.000,9999.000,9999.000
202608070912,   1.456,   1.938,9999.000,9999.000,9999.000,9999.000,9999.000,9999.000,9999.000
202608070918,   1.507,   1.928,9999.000,9999.000,9999.000,9999.000,9999.000,9999.000,9999.000
202608070924,   1.559,   1.981,9999.000,9999.000,9999.000,9999.000,9999.000,9999.000,9999.000
202608070930,   1.612,   2.030,9999.000,9999.000,9999.000,9999.000,9999.000,9999.000,9999.000
202608070936,   1.666,   2.138,9999.000,9999.000,9999.000,9999.000,9999.000,9999.000,9999.000
202608070942,   1.720,   2.250,9999.000,9999.000,9999.000,9999.000,9999.000,9999.000,9999.000
202608070948,   1.775,   2.309,9999.000,9999.000,9999.000,9999.000,9999.000,9999.000,9999.000
202608070954,   1.830,   2.348,9999.000,9999.000,9999.000,9999.000,9999.000,9999.000,9999.000
202608071000,   1.886,   2.348,   0.500,  -0.038,   2.348,   0.500,   2.348,   0.500,   2.348
202608071006,   1.942,   2.387,9999.000,9999.000,9999.000,9999.000,9999.000,9999.000,9999.000
202608071012,   1.998,   2.430,9999.000,9999.000,9999.000,9999.000,9999.000,9999.000,9999.000
202608071018,   2.054,   2.479,9999.000,9999.000,9999.000,9999.000,9999.000,9999.000,9999.000
202608071024,   2.110,   2.610,9999.000,9999.000,9999.000,9999.000,9999.000,9999.000,9999.000
202608071030,   2.165,   2.719,9999.000,9999.000,9999.000,9999.000,9999.000,9999.000,9999.000
202608071036,   2.220,   2.807,9999.000,9999.000,9999.000,9999.000,9999.000,9999.000,9999.000
202608071042,   2.275,   2.850,9999.000,9999.000,9999.000,9999.000,9999.000,9999.000,9999.000
202608071048,   2.328,   2.820,9999.000,9999.000,9999.000,9999.000,9999.000,9999.000,9999.000
202608071054,   2.381,   2.850,9999.000,9999.000,9999.000,9999.000,9999.000,9999.000,9999.000
202608071100,   2.432,   2.929,   0.500,  -0.003,   2.929,   0.500,   2.929,   0.500,   2.929
202608071106,   2.483,   2.958,9999.000,9999.000,9999.000,9999.000,9999.000,9999.000,9999.000
202608071112,   2.532,   3.060,9999.000,9999.000,9999.000,9999.000,9999.000,9999.000,9999.000
202608071118,   2.579,   3.119,9999.000,9999.000,9999.000,9999.000,9999.000,9999.000,9999.000
202608071124,   2.625,   3.207,9999.000,9999.000,9999.000,9999.000,9999.000,9999.000,9999.000
202608071130,   2.669,   3.289,9999.000,9999.000,9999.000,9999.000,9999.000,9999.000,9999.000
202608071136,   2.711,   3.289,9999.000,9999.000,9999.000,9999.000,9999.000,9999.000,9999.000
202608071142,   2.752,   3.270,9999.000,9999.000,9999.000,9999.000,9999.000,9999.000,9999.000
202608071148,   2.790,   3.260,9999.000,9999.000,9999.000,9999.000,9999.000,9999.000,9999.000
202608071154,   2.826,   3.329,9999.000,9999.000,9999.000,9999.000,9999.000,9999.000,9999.000
202608071200,   2.860,   3.417,   0.400,   0.157,   3.417,   0.400,   3.417,   0.400,   3.417
202608071206,   2.892,   3.499,9999.000,9999.000,9999.000,9999.000,9999.000,9999.000,9999.000
202608071212,   2.921,   3.499,9999.000,9999.000,9999.000,9999.000,9999.000,9999.000,9999.000
202608071218,   2.948,   3.480,9999.000,9999.000,9999.000,9999.000,9999.000,9999.000,9999.000
202608071224,   2.973,   3.519,9999.000,9999.000,9999.000,9999.000,9999.000,9999.000,9999.000
202608071230,   2.996,   3.558,9999.000,9999.000,9999.000,9999.000,9999.000,9999.000,9999.000
202608071236,   3.016,   3.568,9999.000,9999.000,9999.000,9999.000,9999.000,9999.000,9999.000
202608071242,   3.034,   3.519,9999.000,9999.000,9999.000,9999.000,9999.000,9999.000,9999.000
202608071248,   3.050,   3.539,9999.000,9999.000,9999.000,9999.000,9999.000,9999.000,9999.000
202608071254,   3.064,   3.588,9999.000,9999.000,9999.000,9999.000,9999.000,9999.000,9999.000
202608071300,   3.075,   3.607,   0.400,   0.132,   3.607,   0.400,   3.607,   0.400,   3.607
202608071306,   3.085,   3.598,9999.000,9999.000,9999.000,9999.000,9999.000,9999.000,9999.000
202608071312,   3.092,   3.539,9999.000,9999.000,9999.000,9999.000,9999.000,9999.000,9999.000
202608071318,   3.098,   3.529,9999.000,9999.000,9999.000,9999.000,9999.000,9999.000,9999.000
202608071324,   3.102,   3.627,9999.000,9999.000,9999.000,9999.000,9999.000,9999.000,9999.000
202608071330,   3.105,   3.719,9999.000,9999.000,9999.000,9999.000,9999.000,9999.000,9999.000
202608071336,   3.106,   3.729,9999.000,9999.000,9999.000,9999.000,9999.000,9999.000,9999.000
202608071342,   3.106,   3.650,9999.000,9999.000,9999.000,9999.000,9999.000,9999.000,9999.000
202608071348,   3.104,   3.578,9999.000,9999.000,9999.000,9999.000,9999.000,9999.000,9999.000
202608071354,   3.102,   3.578,9999.000,9999.000,9999.000,9999.000,9999.000,9999.000,9999.000
202608071400,   3.098,   3.568,   0.400,   0.070,   3.568,   0.400,   3.568,   0.400,   3.568
202608071406,   3.093,   3.558,9999.000,9999.000,9999.000,9999.000,9999.000,9999.000,9999.000
202608071412,   3.088,   3.578,9999.000,9999.000,9999.000,9999.000,9999.000,9999.000,9999.000
202608071418,   3.081,   3.617,9999.000,9999.000,9999.000,9999.000,9999.000,9999.000,9999.000
202608071424,   3.075,   3.699,9999.000,9999.000,9999.000,9999.000,9999.000,9999.000,9999.000
202608071430,   3.067,   3.739,9999.000,9999.000,9999.000,9999.000,9999.000,9999.000,9999.000
202608071436,   3.059,   3.709,9999.000,9999.000,9999.000,9999.000,9999.000,9999.000,9999.000
202608071442,   3.051,   3.627,9999.000,9999.000,9999.000,9999.000,9999.000,9999.000,9999.000
202608071448,   3.043,   3.578,9999.000,9999.000,9999.000,9999.000,9999.000,9999.000,9999.000
202608071454,   3.034,   3.588,9999.000,9999.000,9999.000,9999.000,9999.000,9999.000,9999.000
202608071500,   3.025,   3.598,   0.400,   0.173,   3.598,   0.400,   3.598,   0.400,   3.598
202608071506,   3.016,   3.637,9999.000,9999.000,9999.000,9999.000,9999.000,9999.000,9999.000
202608071512,   3.007,   3.627,9999.000,9999.000,9999.000,9999.000,9999.000,9999.000,9999.000
202608071518,   2.998,   3.637,9999.000,9999.000,9999.000,9999.000,9999.000,9999.000,9999.000
202608071524,   2.989,   3.650,9999.000,9999.000,9999.000,9999.000,9999.000,9999.000,9999.000
202608071530,   2.980,   3.598,9999.000,9999.000,9999.000,9999.000,9999.000,9999.000,9999.000
202608071536,   2.972,   3.588,9999.000,9999.000,9999.000,9999.000,9999.000,9999.000,9999.000
202608071542,   2.964,   3.578,9999.000,9999.000,9999.000,9999.000,9999.000,9999.000,9999.000
202608071548,   2.956,   3.598,9999.000,9999.000,9999.000,9999.000,9999.000,9999.000,9999.000
202608071554,   2.948,   3.617,9999.000,9999.000,9999.000,9999.000,9999.000,9999.000,9999.000
202608071600,   2.941,   3.627,   0.400,   0.286,   3.627,   0.400,   3.627,   0.400,   3.627
202608071606,   2.934,   3.607,9999.000,9999.000,9999.000,9999.000,9999.000,9999.000,9999.000
202608071612,   2.928,   3.568,9999.000,9999.000,9999.000,9999.000,9999.000,9999.000,9999.000
202608071618,   2.923,   3.558,9999.000,9999.000,9999.000,9999.000,9999.000,9999.000,9999.000
202608071624,   2.918,   3.489,9999.000,9999.000,9999.000,9999.000,9999.000,9999.000,9999.000
202608071630,   2.914,   3.470,9999.000,9999.000,9999.000,9999.000,9999.000,9999.000,9999.000
202608071636,   2.911,   3.450,9999.000,9999.000,9999.000,9999.000,9999.000,9999.000,9999.000
202608071642,   2.910,   3.427,9999.000,9999.000,9999.000,9999.000,9999.000,9999.000,9999.000
202608071648,   2.909,   3.470,9999.000,9999.000,9999.000,9999.000,9999.000,9999.000,9999.000
202608071654,   2.910,   3.470,9999.000,9999.000,9999.000,9999.000,9999.000,9999.000,9999.000
202608071700,   2.912,   3.470,   0.400,   0.158,   3.470,   0.400,   3.470,   0.400,   3.470
202608071706,   2.915,   3.460,9999.000,9999.000,9999.000,9999.000,9999.000,9999.000,9999.000
202608071712,   2.920,   3.460,9999.000,9999.000,9999.000,9999.000,9999.000,9999.000,9999.000
202608071718,   2.927,   3.440,9999.000,9999.000,9999.000,9999.000,9999.000,9999.000,9999.000
202608071724,   2.936,   3.388,9999.000,9999.000,9999.000,9999.000,9999.000,9999.000,9999.000
202608071730,   2.946,   3.378,9999.000,9999.000,9999.000,9999.000,9999.000,9999.000,9999.000
202608071736,   2.959,   3.368,9999.000,9999.000,9999.000,9999.000,9999.000,9999.000,9999.000
202608071742,   2.973,   3.427,9999.000,9999.000,9999.000,9999.000,9999.000,9999.000,9999.000
202608071748,   2.990,   3.460,9999.000,9999.000,9999.000,9999.000,9999.000,9999.000,9999.000
202608071754,   3.009,   3.470,9999.000,9999.000,9999.000,9999.000,9999.000,9999.000,9999.000
202608071800,   3.030,   3.489,   0.300,   0.159,   3.489,   0.300,   3.489,   0.300,   3.489
202608071806,   3.054,   3.489,9999.000,9999.000,9999.000,9999.000,9999.000,9999.000,9999.000
202608071812,   3.080,   3.519,9999.000,9999.000,9999.000,9999.000,9999.000,9999.000,9999.000
202608071818,   3.108,   3.548,9999.000,9999.000,9999.000,9999.000,9999.000,9999.000,9999.000
202608071824,   3.139,   3.598,9999.000,9999.000,9999.000,9999.000,9999.000,9999.000,9999.000
202608071830,   3.172,   3.607,9999.000,9999.000,9999.000,9999.000,9999.000,9999.000,9999.000
202608071836,   3.208,   3.617,9999.000,9999.000,9999.000,9999.000,9999.000,9999.000,9999.000
202608071842,   3.246,   3.680,9999.000,9999.000,9999.000,9999.000,9999.000,9999.000,9999.000
202608071848,   3.287,   3.729,9999.000,9999.000,9999.000,9999.000,9999.000,9999.000,9999.000
202608071854,   3.330,   3.788,9999.000,9999.000,9999.000,9999.000,9999.000,9999.000,9999.000
202608071900,   3.375,   3.860,   0.300,   0.185,   3.860,   0.300,   3.860,   0.300,   3.860
202608071906,   3.422,   3.890,9999.000,9999.000,9999.000,9999.000,9999.000,9999.000,9999.000
202608071912,   3.472,   3.899,9999.000,9999.000,9999.000,9999.000,9999.000,9999.000,9999.000
202608071918,   3.523,   3.968,9999.000,9999.000,9999.000,9999.000,9999.000,9999.000,9999.000
202608071924,   3.577,   4.037,9999.000,9999.000,9999.000,9999.000,9999.000,9999.000,9999.000
202608071930,   3.632,   4.139,9999.000,9999.000,9999.000,9999.000,9999.000,9999.000,9999.000
202608071936,   3.689,   4.208,9999.000,9999.000,9999.000,9999.000,9999.000,9999.000,9999.000
202608071942,   3.747,   4.227,9999.000,9999.000,9999.000,9999.000,9999.000,9999.000,9999.000
202608071948,   3.807,   4.309,9999.000,9999.000,9999.000,9999.000,9999.000,9999.000,9999.000
202608071954,   3.869,   4.329,9999.000,9999.000,9999.000,9999.000,9999.000,9999.000,9999.000
202608072000,   3.931,   4.368,   0.300,   0.137,   4.368,   0.300,   4.368,   0.300,   4.368
202608072006,   3.994,   4.388,9999.000,9999.000,9999.000,9999.000,9999.000,9999.000,9999.000
202608072012,   4.059,   4.427,9999.000,9999.000,9999.000,9999.000,9999.000,9999.000,9999.000
202608072018,   4.124,   4.539,9999.000,9999.000,9999.000,9999.000,9999.000,9999.000,9999.000
202608072024,   4.190,   4.690,9999.000,9999.000,9999.000,9999.000,9999.000,9999.000,9999.000
202608072030,   4.256,   4.778,9999.000,9999.000,9999.000,9999.000,9999.000,9999.000,9999.000
202608072036,   4.323,   4.818,9999.000,9999.000,9999.000,9999.000,9999.000,9999.000,9999.000
202608072042,   4.390,   4.887,9999.000,9999.000,9999.000,9999.000,9999.000,9999.000,9999.000
202608072048,   4.457,   4.919,9999.000,9999.000,9999.000,9999.000,9999.000,9999.000,9999.000
202608072054,   4.524,   4.959,9999.000,9999.000,9999.000,9999.000,9999.000,9999.000,9999.000
202608072100,   4.591,   4.979,   0.300,   0.088,   4.979,   0.300,   4.979,   0.400,   5.079
202608072106,   4.658,   5.028,9999.000,9999.000,9999.000,9999.000,9999.000,9999.000,9999.000
202608072112,   4.725,   5.110,9999.000,9999.000,9999.000,9999.000,9999.000,9999.000,9999.000
202608072118,   4.791,   5.208,9999.000,9999.000,9999.000,9999.000,9999.000,9999.000,9999.000
202608072124,   4.857,   5.277,9999.000,9999.000,9999.000,9999.000,9999.000,9999.000,9999.000
202608072130,   4.922,   5.307,9999.000,9999.000,9999.000,9999.000,9999.000,9999.000,9999.000
202608072136,   4.987,   5.398,9999.000,9999.000,9999.000,9999.000,9999.000,9999.000,9999.000
202608072142,   5.050,   5.467,9999.000,9999.000,9999.000,9999.000,9999.000,9999.000,9999.000
202608072148,   5.113,   5.539,9999.000,9999.000,9999.000,9999.000,9999.000,9999.000,9999.000
202608072154,   5.174,   5.608,9999.000,9999.000,9999.000,9999.000,9999.000,9999.000,9999.000
202608072200,   5.235,   5.667,   0.400,   0.032,   5.667,   0.300,   5.567,   0.400,   5.667
202608072206,   5.294,   5.759,9999.000,9999.000,9999.000,9999.000,9999.000,9999.000,9999.000
202608072212,   5.352,   5.848,9999.000,9999.000,9999.000,9999.000,9999.000,9999.000,9999.000
202608072218,   5.408,   5.838,9999.000,9999.000,9999.000,9999.000,9999.000,9999.000,9999.000
202608072224,   5.462,   5.818,9999.000,9999.000,9999.000,9999.000,9999.000,9999.000,9999.000
202608072230,   5.515,   5.917,9999.000,9999.000,9999.000,9999.000,9999.000,9999.000,9999.000
202608072236,   5.565,   6.048,9999.000,9999.000,9999.000,9999.000,9999.000,9999.000,9999.000
202608072242,   5.613,   6.127,9999.000,9999.000,9999.000,9999.000,9999.000,9999.000,9999.000
202608072248,   5.659,   6.136,9999.000,9999.000,9999.000,9999.000,9999.000,9999.000,9999.000
202608072254,   5.703,   6.159,9999.000,9999.000,9999.000,9999.000,9999.000,9999.000,9999.000
202608072300,   5.743,   6.218,   0.400,   0.075,   6.218,   0.400,   6.218,   0.400,   6.218
202608072306,   5.781,   6.297,9999.000,9999.000,9999.000,9999.000,9999.000,9999.000,9999.000
202608072312,   5.816,   6.336,9999.000,9999.000,9999.000,9999.000,9999.000,9999.000,9999.000
202608072318,   5.848,   6.277,9999.000,9999.000,9999.000,9999.000,9999.000,9999.000,9999.000
202608072324,   5.876,   6.327,9999.000,9999.000,9999.000,9999.000,9999.000,9999.000,9999.000
202608072330,   5.901,   6.458,9999.000,9999.000,9999.000,9999.000,9999.000,9999.000,9999.000
202608072336,   5.923,   6.507,9999.000,9999.000,9999.000,9999.000,9999.000,9999.000,9999.000
202608072342,   5.940,   6.448,9999.000,9999.000,9999.000,9999.000,9999.000,9999.000,9999.000
202608072348,   5.954,   6.379,9999.000,9999.000,9999.000,9999.000,9999.000,9999.000,9999.000
202608072354,   5.963,   6.379,9999.000,9999.000,9999.000,9999.000,9999.000,9999.000,9999.000
202608080000,   5.968,   6.418,   0.500,  -0.050,   6.418,   0.500,   6.418,   0.600,   6.518
202608080006,   5.970,   6.507,9999.000,9999.000,9999.000,9999.000,9999.000,9999.000,9999.000
202608080012,   5.966,   6.428,9999.000,9999.000,9999.000,9999.000,9999.000,9999.000,9999.000
202608080018,   5.959,   6.379,9999.000,9999.000,9999.000,9999.000,9999.000,9999.000,9999.000
202608080024,   5.946,   6.399,9999.000,9999.000,9999.000,9999.000,9999.000,9999.000,9999.000
202608080030,   5.930,   6.399,9999.000,9999.000,9999.000,9999.000,9999.000,9999.000,9999.000
202608080036,   5.908,   6.359,9999.000,9999.000,9999.000,9999.000,9999.000,9999.000,9999.000
202608080042,   5.882,   6.277,9999.000,9999.000,9999.000,9999.000,9999.000,9999.000,9999.000
202608080048,   5.852,   6.258,9999.000,9999.000,9999.000,9999.000,9999.000,9999.000,9999.000
202608080054,   5.817,   6.218,9999.000,9999.000,9999.000,9999.000,9999.000,9999.000,9999.000
202608080100,   5.778,   6.209,   0.500,  -0.069,   6.209,   0.500,   6.209,   0.600,   6.309
202608080106,   5.734,   6.136,9999.000,9999.000,9999.000,9999.000,9999.000,9999.000,9999.000
202608080112,   5.685,   6.048,9999.000,9999.000,9999.000,9999.000,9999.000,9999.000,9999.000
202608080118,   5.633,   6.018,9999.000,9999.000,9999.000,9999.000,9999.000,9999.000,9999.000
202608080124,   5.576,   5.999,9999.000,9999.000,9999.000,9999.000,9999.000,9999.000,9999.000
202608080130,   5.516,   5.949,9999.000,9999.000,9999.000,9999.000,9999.000,9999.000,9999.000
202608080136,   5.451,   5.858,9999.000,9999.000,9999.000,9999.000,9999.000,9999.000,9999.000
202608080142,   5.383,   5.799,9999.000,9999.000,9999.000,9999.000,9999.000,9999.000,9999.000
202608080148,   5.311,   5.717,9999.000,9999.000,9999.000,9999.000,9999.000,9999.000,9999.000
202608080154,   5.235,   5.648,9999.000,9999.000,9999.000,9999.000,9999.000,9999.000,9999.000
202608080200,   5.156,   5.569,   0.500,  -0.087,   5.569,   0.500,   5.569,   0.600,   5.669
202608080206,   5.074,   5.467,9999.000,9999.000,9999.000,9999.000,9999.000,9999.000,9999.000
202608080212,   4.989,   5.398,9999.000,9999.000,9999.000,9999.000,9999.000,9999.000,9999.000
202608080218,   4.901,   5.339,9999.000,9999.000,9999.000,9999.000,9999.000,9999.000,9999.000
202608080224,   4.810,   5.297,9999.000,9999.000,9999.000,9999.000,9999.000,9999.000,9999.000
202608080230,   4.716,   5.218,9999.000,9999.000,9999.000,9999.000,9999.000,9999.000,9999.000
202608080236,   4.621,   5.169,9999.000,9999.000,9999.000,9999.000,9999.000,9999.000,9999.000
202608080242,   4.522,   5.038,9999.000,9999.000,9999.000,9999.000,9999.000,9999.000,9999.000
202608080248,   4.422,   4.867,9999.000,9999.000,9999.000,9999.000,9999.000,9999.000,9999.000
202608080254,   4.320,   4.759,9999.000,9999.000,9999.000,9999.000,9999.000,9999.000,9999.000
202608080300,   4.216,   4.667,   0.500,  -0.049,   4.667,   0.500,   4.667,   0.600,   4.767
202608080306,   4.110,   4.618,9999.000,9999.000,9999.000,9999.000,9999.000,9999.000,9999.000
202608080312,   4.003,   4.529,9999.000,9999.000,9999.000,9999.000,9999.000,9999.000,9999.000
202608080318,   3.894,   4.388,9999.000,9999.000,9999.000,9999.000,9999.000,9999.000,9999.000
202608080324,   3.784,   4.267,9999.000,9999.000,9999.000,9999.000,9999.000,9999.000,9999.000
202608080330,   3.673,   4.198,9999.000,9999.000,9999.000,9999.000,9999.000,9999.000,9999.000
202608080336,   3.561,   4.139,9999.000,9999.000,9999.000,9999.000,9999.000,9999.000,9999.000
202608080342,   3.448,   4.008,9999.000,9999.000,9999.000,9999.000,9999.000,9999.000,9999.000
202608080348,   3.334,   3.880,9999.000,9999.000,9999.000,9999.000,9999.000,9999.000,9999.000
202608080354,   3.219,   3.709,9999.000,9999.000,9999.000,9999.000,9999.000,9999.000,9999.000
202608080400,   3.104,   3.578,   0.500,  -0.026,   3.578,   0.500,   3.578,   0.500,   3.578
202608080406,   2.989,   3.470,9999.000,9999.000,9999.000,9999.000,9999.000,9999.000,9999.000
202608080412,   2.873,   3.348,9999.000,9999.000,9999.000,9999.000,9999.000,9999.000,9999.000
202608080418,   2.757,   3.260,9999.000,9999.000,9999.000,9999.000,9999.000,9999.000,9999.000
202608080424,   2.642,   3.148,9999.000,9999.000,9999.000,9999.000,9999.000,9999.000,9999.000
202608080430,   2.526,   3.050,9999.000,9999.000,9999.000,9999.000,9999.000,9999.000,9999.000
202608080436,   2.411,   2.938,9999.000,9999.000,9999.000,9999.000,9999.000,9999.000,9999.000
202608080442,   2.297,   2.807,9999.000,9999.000,9999.000,9999.000,9999.000,9999.000,9999.000
202608080448,   2.183,   2.719,9999.000,9999.000,9999.000,9999.000,9999.000,9999.000,9999.000
202608080454,   2.071,   2.610,9999.000,9999.000,9999.000,9999.000,9999.000,9999.000,9999.000
202608080500,   1.959,   2.479,   0.500,   0.020,   2.479,   0.500,   2.479,   0.500,   2.479
202608080506,   1.849,   2.328,9999.000,9999.000,9999.000,9999.000,9999.000,9999.000,9999.000
202608080512,   1.741,   2.230,9999.000,9999.000,9999.000,9999.000,9999.000,9999.000,9999.000
202608080518,   1.634,   2.099,9999.000,9999.000,9999.000,9999.000,9999.000,9999.000,9999.000
202608080524,   1.529,   2.030,9999.000,9999.000,9999.000,9999.000,9999.000,9999.000,9999.000
202608080530,   1.427,   1.958,9999.000,9999.000,9999.000,9999.000,9999.000,9999.000,9999.000
202608080536,   1.326,   1.790,9999.000,9999.000,9999.000,9999.000,9999.000,9999.000,9999.000
202608080542,   1.229,   1.639,9999.000,9999.000,9999.000,9999.000,9999.000,9999.000,9999.000
202608080548,   1.134,   1.580,9999.000,9999.000,9999.000,9999.000,9999.000,9999.000,9999.000
202608080554,   1.042,   1.538,9999.000,9999.000,9999.000,9999.000,9999.000,9999.000,9999.000
202608080600,   0.954,   1.459,   0.600,  -0.095,   1.459,   0.600,   1.459,   0.600,   1.459
202608080606,   0.869,   1.380,9999.000,9999.000,9999.000,9999.000,9999.000,9999.000,9999.000
202608080612,   0.787,   1.289,9999.000,9999.000,9999.000,9999.000,9999.000,9999.000,9999.000
202608080618,   0.709,   1.180,9999.000,9999.000,9999.000,9999.000,9999.000,9999.000,9999.000
202608080624,   0.635,   1.098,9999.000,9999.000,9999.000,9999.000,9999.000,9999.000,9999.000
202608080630,   0.566,   1.079,9999.000,9999.000,9999.000,9999.000,9999.000,9999.000,9999.000
202608080636,   0.500,   0.990,9999.000,9999.000,9999.000,9999.000,9999.000,9999.000,9999.000
202608080642,   0.438,   0.879,9999.000,9999.000,9999.000,9999.000,9999.000,9999.000,9999.000
202608080648,   0.381,   0.800,9999.000,9999.000,9999.000,9999.000,9999.000,9999.000,9999.000
202608080654,   0.329,   0.760,9999.000,9999.000,9999.000,9999.000,9999.000,9999.000,9999.000
202608080700,   0.281,   0.718,   0.600,  -0.163,   0.718,   0.500,   0.618,   0.600,   0.718
202608080706,   0.237,   0.678,9999.000,9999.000,9999.000,9999.000,9999.000,9999.000,9999.000
202608080712,   0.198,   0.649,9999.000,9999.000,9999.000,9999.000,9999.000,9999.000,9999.000
202608080718,   0.164,   0.610,9999.000,9999.000,9999.000,9999.000,9999.000,9999.000,9999.000
202608080724,   0.134,   0.570,9999.000,9999.000,9999.000,9999.000,9999.000,9999.000,9999.000
202608080730,   0.109,   0.570,9999.000,9999.000,9999.000,9999.000,9999.000,9999.000,9999.000
202608080736,   0.089,   0.590,9999.000,9999.000,9999.000,9999.000,9999.000,9999.000,9999.000
202608080742,   0.073,   0.570,9999.000,9999.000,9999.000,9999.000,9999.000,9999.000,9999.000
202608080748,   0.061,   0.531,9999.000,9999.000,9999.000,9999.000,9999.000,9999.000,9999.000
202608080754,   0.055,   0.478,9999.000,9999.000,9999.000,9999.000,9999.000,9999.000,9999.000
202608080800,   0.052,   0.478,   0.600,  -0.174,   0.478,   0.500,   0.378,   0.600,   0.478
202608080806,   0.054,   0.478,9999.000,9999.000,9999.000,9999.000,9999.000,9999.000,9999.000
202608080812,   0.060,   0.478,9999.000,9999.000,9999.000,9999.000,9999.000,9999.000,9999.000
202608080818,   0.071,   0.560,9999.000,9999.000,9999.000,9999.000,9999.000,9999.000,9999.000
202608080824,   0.085,   0.570,9999.000,9999.000,9999.000,9999.000,9999.000,9999.000,9999.000
202608080830,   0.104,   0.580,9999.000,9999.000,9999.000,9999.000,9999.000,9999.000,9999.000
202608080836,   0.126,   0.619,9999.000,9999.000,9999.000,9999.000,9999.000,9999.000,9999.000
202608080842,   0.153,   0.619,9999.000,9999.000,9999.000,9999.000,9999.000,9999.000,9999.000
202608080848,   0.183,   0.649,9999.000,9999.000,9999.000,9999.000,9999.000,9999.000,9999.000
202608080854,   0.217,   0.718,9999.000,9999.000,9999.000,9999.000,9999.000,9999.000,9999.000
202608080900,   0.254,   0.790,   0.600,  -0.064,   0.790,   0.500,   0.690,   0.600,   0.790
202608080906,   0.295,   0.839,9999.000,9999.000,9999.000,9999.000,9999.000,9999.000,9999.000
202608080912,   0.339,   0.869,9999.000,9999.000,9999.000,9999.000,9999.000,9999.000,9999.000
202608080918,   0.386,   0.898,9999.000,9999.000,9999.000,9999.000,9999.000,9999.000,9999.000
202608080924,   0.437,   0.951,9999.000,9999.000,9999.000,9999.000,9999.000,9999.000,9999.000
202608080930,   0.491,   1.000,9999.000,9999.000,9999.000,9999.000,9999.000,9999.000,9999.000
202608080936,   0.547,   1.049,9999.000,9999.000,9999.000,9999.000,9999.000,9999.000,9999.000
202608080942,   0.607,   1.098,9999.000,9999.000,9999.000,9999.000,9999.000,9999.000,9999.000
202608080948,   0.669,   1.138,9999.000,9999.000,9999.000,9999.000,9999.000,9999.000,9999.000
202608080954,   0.734,   1.220,9999.000,9999.000,9999.000,9999.000,9999.000,9999.000,9999.000
202608081000,   0.801,   1.308,   0.600,  -0.093,   1.308,   0.600,   1.308,   0.600,   1.308
202608081006,   0.870,   1.410,9999.000,9999.000,9999.000,9999.000,9999.000,9999.000,9999.000
202608081012,   0.942,   1.498,9999.000,9999.000,9999.000,9999.000,9999.000,9999.000,9999.000
202608081018,   1.016,   1.538,9999.000,9999.000,9999.000,9999.000,9999.000,9999.000,9999.000
202608081024,   1.092,   1.590,9999.000,9999.000,9999.000,9999.000,9999.000,9999.000,9999.000
202608081030,   1.169,   1.659,9999.000,9999.000,9999.000,9999.000,9999.000,9999.000,9999.000
202608081036,   1.248,   1.708,9999.000,9999.000,9999.000,9999.000,9999.000,9999.000,9999.000
202608081042,   1.329,   1.810,9999.000,9999.000,9999.000,9999.000,9999.000,9999.000,9999.000
202608081048,   1.411,   1.899,9999.000,9999.000,9999.000,9999.000,9999.000,9999.000,9999.000
202608081054,   1.493,   1.948,9999.000,9999.000,9999.000,9999.000,9999.000,9999.000,9999.000
202608081100,   1.577,   2.030,   0.600,  -0.147,   2.030,   0.600,   2.030,   0.600,   2.030
202608081106,   1.661,   2.099,9999.000,9999.000,9999.000,9999.000,9999.000,9999.000,9999.000
202608081112,   1.745,   2.210,9999.000,9999.000,9999.000,9999.000,9999.000,9999.000,9999.000
202608081118,   1.830,   2.328,9999.000,9999.000,9999.000,9999.000,9999.000,9999.000,9999.000
202608081124,   1.914,   2.410,9999.000,9999.000,9999.000,9999.000,9999.000,9999.000,9999.000
202608081130,   1.998,   2.489,9999.000,9999.000,9999.000,9999.000,9999.000,9999.000,9999.000
202608081136,   2.082,   2.538,9999.000,9999.000,9999.000,9999.000,9999.000,9999.000,9999.000
202608081142,   2.165,   2.630,9999.000,9999.000,9999.000,9999.000,9999.000,9999.000,9999.000
202608081148,   2.246,   2.738,9999.000,9999.000,9999.000,9999.000,9999.000,9999.000,9999.000
202608081154,   2.327,   2.869,9999.000,9999.000,9999.000,9999.000,9999.000,9999.000,9999.000
202608081200,   2.406,   2.948,   0.500,   0.042,   2.948,   0.500,   2.948,   0.500,   2.948
202608081206,   2.483,   3.007,9999.000,9999.000,9999.000,9999.000,9999.000,9999.000,9999.000
202608081212,   2.559,   3.050,9999.000,9999.000,9999.000,9999.000,9999.000,9999.000,9999.000
202608081218,   2.632,   3.109,9999.000,9999.000,9999.000,9999.000,9999.000,9999.000,9999.000
202608081224,   2.703,   3.197,9999.000,9999.000,9999.000,9999.000,9999.000,9999.000,9999.000
202608081230,   2.772,   3.319,9999.000,9999.000,9999.000,9999.000,9999.000,9999.000,9999.000
202608081236,   2.838,   3.398,9999.000,9999.000,9999.000,9999.000,9999.000,9999.000,9999.000
202608081242,   2.901,   3.460,9999.000,9999.000,9999.000,9999.000,9999.000,9999.000,9999.000
202608081248,   2.962,   3.519,9999.000,9999.000,9999.000,9999.000,9999.000,9999.000,9999.000
202608081254,   3.019,   3.588,9999.000,9999.000,9999.000,9999.000,9999.000,9999.000,9999.000
202608081300,   3.074,   3.680,   0.500,   0.106,   3.680,   0.500,   3.680,   0.500,   3.680
202608081306,   3.125,   3.739,9999.000,9999.000,9999.000,9999.000,9999.000,9999.000,9999.000
202608081312,   3.174,   3.749,9999.000,9999.000,9999.000,9999.000,9999.000,9999.000,9999.000
202608081318,   3.219,   3.808,9999.000,9999.000,9999.000,9999.000,9999.000,9999.000,9999.000
202608081324,   3.260,   3.890,9999.000,9999.000,9999.000,9999.000,9999.000,9999.000,9999.000
202608081330,   3.299,   3.939,9999.000,9999.000,9999.000,9999.000,9999.000,9999.000,9999.000
202608081336,   3.334,   3.949,9999.000,9999.000,9999.000,9999.000,9999.000,9999.000,9999.000
202608081342,   3.366,   3.939,9999.000,9999.000,9999.000,9999.000,9999.000,9999.000,9999.000
202608081348,   3.395,   3.958,9999.000,9999.000,9999.000,9999.000,9999.000,9999.000,9999.000
202608081354,   3.421,   4.027,9999.000,9999.000,9999.000,9999.000,9999.000,9999.000,9999.000
202608081400,   3.444,   4.099,   0.500,   0.155,   4.099,   0.500,   4.099,   0.500,   4.099
202608081406,   3.464,   4.109,9999.000,9999.000,9999.000,9999.000,9999.000,9999.000,9999.000
202608081412,   3.481,   4.057,9999.000,9999.000,9999.000,9999.000,9999.000,9999.000,9999.000
202608081418,   3.495,   4.119,9999.000,9999.000,9999.000,9999.000,9999.000,9999.000,9999.000
202608081424,   3.507,   4.168,9999.000,9999.000,9999.000,9999.000,9999.000,9999.000,9999.000
202608081430,   3.516,   4.188,9999.000,9999.000,9999.000,9999.000,9999.000,9999.000,9999.000
202608081436,   3.522,   4.159,9999.000,9999.000,9999.000,9999.000,9999.000,9999.000,9999.000
202608081442,   3.526,   4.139,9999.000,9999.000,9999.000,9999.000,9999.000,9999.000,9999.000
202608081448,   3.528,   4.109,9999.000,9999.000,9999.000,9999.000,9999.000,9999.000,9999.000
202608081454,   3.528,   4.159,9999.000,9999.000,9999.000,9999.000,9999.000,9999.000,9999.000
202608081500,   3.525,   4.208,   0.500,   0.183,   4.208,   0.500,   4.208,   0.500,   4.208
202608081506,   3.521,   4.168,9999.000,9999.000,9999.000,9999.000,9999.000,9999.000,9999.000
202608081512,   3.514,   4.109,9999.000,9999.000,9999.000,9999.000,9999.000,9999.000,9999.000
202608081518,   3.506,   4.080,9999.000,9999.000,9999.000,9999.000,9999.000,9999.000,9999.000
202608081524,   3.496,   4.080,9999.000,9999.000,9999.000,9999.000,9999.000,9999.000,9999.000
202608081530,   3.485,   4.159,9999.000,9999.000,9999.000,9999.000,9999.000,9999.000,9999.000
202608081536,   3.472,   4.208,9999.000,9999.000,9999.000,9999.000,9999.000,9999.000,9999.000
202608081542,   3.457,   4.178,9999.000,9999.000,9999.000,9999.000,9999.000,9999.000,9999.000
202608081548,   3.441,   4.149,9999.000,9999.000,9999.000,9999.000,9999.000,9999.000,9999.000
202608081554,   3.424,   4.057,9999.000,9999.000,9999.000,9999.000,9999.000,9999.000,9999.000
202608081600,   3.406,   3.988,   0.500,   0.082,   3.988,   0.500,   3.988,   0.500,   3.988
202608081606,   3.387,   4.017,9999.000,9999.000,9999.000,9999.000,9999.000,9999.000,9999.000
202608081612,   3.367,   4.037,9999.000,9999.000,9999.000,9999.000,9999.000,9999.000,9999.000
202608081618,   3.345,   4.047,9999.000,9999.000,9999.000,9999.000,9999.000,9999.000,9999.000
202608081624,   3.324,   4.017,9999.000,9999.000,9999.000,9999.000,9999.000,9999.000,9999.000
202608081630,   3.301,   3.978,9999.000,9999.000,9999.000,9999.000,9999.000,9999.000,9999.000
202608081636,   3.278,   3.978,9999.000,9999.000,9999.000,9999.000,9999.000,9999.000,9999.000
202608081642,   3.254,   3.949,9999.000,9999.000,9999.000,9999.000,9999.000,9999.000,9999.000
202608081648,   3.231,   3.919,9999.000,9999.000,9999.000,9999.000,9999.000,9999.000,9999.000
202608081654,   3.207,   3.837,9999.000,9999.000,9999.000,9999.000,9999.000,9999.000,9999.000
202608081700,   3.183,   3.758,   0.500,   0.075,   3.758,   0.500,   3.758,   0.500,   3.758
202608081706,   3.159,   3.778,9999.000,9999.000,9999.000,9999.000,9999.000,9999.000,9999.000
202608081712,   3.135,   3.808,9999.000,9999.000,9999.000,9999.000,9999.000,9999.000,9999.000
202608081718,   3.112,   3.827,9999.000,9999.000,9999.000,9999.000,9999.000,9999.000,9999.000
202608081724,   3.090,   3.808,9999.000,9999.000,9999.000,9999.000,9999.000,9999.000,9999.000
202608081730,   3.068,   3.758,9999.000,9999.000,9999.000,9999.000,9999.000,9999.000,9999.000
202608081736,   3.048,   3.680,9999.000,9999.000,9999.000,9999.000,9999.000,9999.000,9999.000
202608081742,   3.028,   3.607,9999.000,9999.000,9999.000,9999.000,9999.000,9999.000,9999.000
202608081748,   3.010,   3.558,9999.000,9999.000,9999.000,9999.000,9999.000,9999.000,9999.000
202608081754,   2.993,   3.548,9999.000,9999.000,9999.000,9999.000,9999.000,9999.000,9999.000
202608081800,   2.978,   3.578,   0.400,   0.200,   3.578,   0.400,   3.578,   0.400,   3.578
202608081806,   2.965,   3.617,9999.000,9999.000,9999.000,9999.000,9999.000,9999.000,9999.000
202608081812,   2.953,   3.607,9999.000,9999.000,9999.000,9999.000,9999.000,9999.000,9999.000
202608081818,   2.944,   3.548,9999.000,9999.000,9999.000,9999.000,9999.000,9999.000,9999.000
202608081824,   2.938,   3.519,9999.000,9999.000,9999.000,9999.000,9999.000,9999.000,9999.000
202608081830,   2.933,   3.489,9999.000,9999.000,9999.000,9999.000,9999.000,9999.000,9999.000
202608081836,   2.932,   3.548,9999.000,9999.000,9999.000,9999.000,9999.000,9999.000,9999.000
202608081842,   2.933,   3.529,9999.000,9999.000,9999.000,9999.000,9999.000,9999.000,9999.000
202608081848,   2.937,   3.440,9999.000,9999.000,9999.000,9999.000,9999.000,9999.000,9999.000
202608081854,   2.944,   3.470,9999.000,9999.000,9999.000,9999.000,9999.000,9999.000,9999.000
202608081900,   2.953,   3.499,   0.400,   0.146,   3.499,   0.400,   3.499,   0.400,   3.499
202608081906,   2.966,   3.568,9999.000,9999.000,9999.000,9999.000,9999.000,9999.000,9999.000
202608081912,   2.983,   3.607,9999.000,9999.000,9999.000,9999.000,9999.000,9999.000,9999.000
202608081918,   3.002,   3.578,9999.000,9999.000,9999.000,9999.000,9999.000,9999.000,9999.000
202608081924,   3.025,   3.529,9999.000,9999.000,9999.000,9999.000,9999.000,9999.000,9999.000
202608081930,   3.050,   3.548,9999.000,9999.000,9999.000,9999.000,9999.000,9999.000,9999.000
202608081936,   3.079,   3.650,9999.000,9999.000,9999.000,9999.000,9999.000,9999.000,9999.000
202608081942,   3.112,   3.680,9999.000,9999.000,9999.000,9999.000,9999.000,9999.000,9999.000
202608081948,   3.147,   3.749,9999.000,9999.000,9999.000,9999.000,9999.000,9999.000,9999.000
202608081954,   3.186,   3.788,9999.000,9999.000,9999.000,9999.000,9999.000,9999.000,9999.000
202608082000,   3.227,   3.788,   0.400,   0.161,   3.788,   0.400,   3.788,   0.400,   3.788
202608082006,   3.272,   3.890,9999.000,9999.000,9999.000,9999.000,9999.000,9999.000,9999.000
202608082012,   3.319,   3.919,9999.000,9999.000,9999.000,9999.000,9999.000,9999.000,9999.000
202608082018,   3.369,   3.968,9999.000,9999.000,9999.000,9999.000,9999.000,9999.000,9999.000
202608082024,   3.422,   3.998,9999.000,9999.000,9999.000,9999.000,9999.000,9999.000,9999.000
202608082030,   3.478,   4.027,9999.000,9999.000,9999.000,9999.000,9999.000,9999.000,9999.000
202608082036,   3.536,   4.099,9999.000,9999.000,9999.000,9999.000,9999.000,9999.000,9999.000
202608082042,   3.597,   4.159,9999.000,9999.000,9999.000,9999.000,9999.000,9999.000,9999.000
202608082048,   3.660,   4.267,9999.000,9999.000,9999.000,9999.000,9999.000,9999.000,9999.000
202608082054,   3.725,   4.368,9999.000,9999.000,9999.000,9999.000,9999.000,9999.000,9999.000
202608082100,   3.792,   4.418,   0.400,   0.226,   4.418,   0.400,   4.418,   0.400,   4.418
202608082106,   3.861,   4.408,9999.000,9999.000,9999.000,9999.000,9999.000,9999.000,9999.000
202608082112,   3.932,   4.447,9999.000,9999.000,9999.000,9999.000,9999.000,9999.000,9999.000
202608082118,   4.004,   4.519,9999.000,9999.000,9999.000,9999.000,9999.000,9999.000,9999.000
202608082124,   4.078,   4.628,9999.000,9999.000,9999.000,9999.000,9999.000,9999.000,9999.000
202608082130,   4.154,   4.769,9999.000,9999.000,9999.000,9999.000,9999.000,9999.000,9999.000
202608082136,   4.230,   4.798,9999.000,9999.000,9999.000,9999.000,9999.000,9999.000,9999.000
202608082142,   4.308,   4.828,9999.000,9999.000,9999.000,9999.000,9999.000,9999.000,9999.000
202608082148,   4.387,   4.857,9999.000,9999.000,9999.000,9999.000,9999.000,9999.000,9999.000
202608082154,   4.467,   4.949,9999.000,9999.000,9999.000,9999.000,9999.000,9999.000,9999.000
202608082200,   4.548,   5.067,   0.400,   0.119,   5.067,   0.400,   5.067,   0.500,   5.167
202608082206,   4.629,   5.169,9999.000,9999.000,9999.000,9999.000,9999.000,9999.000,9999.000
202608082212,   4.711,   5.238,9999.000,9999.000,9999.000,9999.000,9999.000,9999.000,9999.000
202608082218,   4.793,   5.287,9999.000,9999.000,9999.000,9999.000,9999.000,9999.000,9999.000
202608082224,   4.875,   5.359,9999.000,9999.000,9999.000,9999.000,9999.000,9999.000,9999.000
202608082230,   4.957,   5.477,9999.000,9999.000,9999.000,9999.000,9999.000,9999.000,9999.000
202608082236,   5.039,   5.589,9999.000,9999.000,9999.000,9999.000,9999.000,9999.000,9999.000
202608082242,   5.121,   5.667,9999.000,9999.000,9999.000,9999.000,9999.000,9999.000,9999.000
202608082248,   5.202,   5.749,9999.000,9999.000,9999.000,9999.000,9999.000,9999.000,9999.000
202608082254,   5.283,   5.779,9999.000,9999.000,9999.000,9999.000,9999.000,9999.000,9999.000
202608082300,   5.362,   5.867,   0.500,   0.005,   5.867,   0.400,   5.767,   0.500,   5.867
202608082306,   5.441,   5.926,9999.000,9999.000,9999.000,9999.000,9999.000,9999.000,9999.000
202608082312,   5.518,   6.048,9999.000,9999.000,9999.000,9999.000,9999.000,9999.000,9999.000
202608082318,   5.594,   6.077,9999.000,9999.000,9999.000,9999.000,9999.000,9999.000,9999.000
202608082324,   5.667,   6.149,9999.000,9999.000,9999.000,9999.000,9999.000,9999.000,9999.000
202608082330,   5.739,   6.209,9999.000,9999.000,9999.000,9999.000,9999.000,9999.000,9999.000
202608082336,   5.808,   6.327,9999.000,9999.000,9999.000,9999.000,9999.000,9999.000,9999.000
202608082342,   5.875,   6.497,9999.000,9999.000,9999.000,9999.000,9999.000,9999.000,9999.000
202608082348,   5.940,   6.556,9999.000,9999.000,9999.000,9999.000,9999.000,9999.000,9999.000
202608082354,   6.001,   6.569,9999.000,9999.000,9999.000,9999.000,9999.000,9999.000,9999.000
202608090000,   6.059,   6.619,   0.600,  -0.040,   6.619,   0.600,   6.619,   0.600,   6.619
202608090006,   6.113,   6.609,9999.000,9999.000,9999.000,9999.000,9999.000,9999.000,9999.000
202608090012,   6.164,   6.658,9999.000,9999.000,9999.000,9999.000,9999.000,9999.000,9999.000
202608090018,   6.211,   6.756,9999.000,9999.000,9999.000,9999.000,9999.000,9999.000,9999.000
202608090024,   6.254,   6.756,9999.000,9999.000,9999.000,9999.000,9999.000,9999.000,9999.000
202608090030,   6.292,   6.789,9999.000,9999.000,9999.000,9999.000,9999.000,9999.000,9999.000
202608090036,   6.326,   6.809,9999.000,9999.000,9999.000,9999.000,9999.000,9999.000,9999.000
202608090042,   6.355,   6.828,9999.000,9999.000,9999.000,9999.000,9999.000,9999.000,9999.000
202608090048,   6.380,   6.838,9999.000,9999.000,9999.000,9999.000,9999.000,9999.000,9999.000
202608090054,   6.399,   6.927,9999.000,9999.000,9999.000,9999.000,9999.000,9999.000,9999.000
202608090100,   6.413,   6.917,   0.600,  -0.096,   6.917,   0.600,   6.917,   0.600,   6.917
202608090106,   6.421,   6.887,9999.000,9999.000,9999.000,9999.000,9999.000,9999.000,9999.000
202608090112,   6.425,   6.947,9999.000,9999.000,9999.000,9999.000,9999.000,9999.000,9999.000
202608090118,   6.422,   6.966,9999.000,9999.000,9999.000,9999.000,9999.000,9999.000,9999.000
202608090124,   6.415,   6.917,9999.000,9999.000,9999.000,9999.000,9999.000,9999.000,9999.000
202608090130,   6.401,   6.868,9999.000,9999.000,9999.000,9999.000,9999.000,9999.000,9999.000
202608090136,   6.382,   6.819,9999.000,9999.000,9999.000,9999.000,9999.000,9999.000,9999.000
202608090142,   6.358,   6.756,9999.000,9999.000,9999.000,9999.000,9999.000,9999.000,9999.000
202608090148,   6.328,   6.789,9999.000,9999.000,9999.000,9999.000,9999.000,9999.000,9999.000
202608090154,   6.292,   6.779,9999.000,9999.000,9999.000,9999.000,9999.000,9999.000,9999.000
202608090200,   6.250,   6.697,   0.600,  -0.153,   6.697,   0.600,   6.697,   0.600,   6.697
202608090206,   6.204,   6.678,9999.000,9999.000,9999.000,9999.000,9999.000,9999.000,9999.000
202608090212,   6.151,   6.648,9999.000,9999.000,9999.000,9999.000,9999.000,9999.000,9999.000
202608090218,   6.094,   6.556,9999.000,9999.000,9999.000,9999.000,9999.000,9999.000,9999.000
202608090224,   6.031,   6.477,9999.000,9999.000,9999.000,9999.000,9999.000,9999.000,9999.000
202608090230,   5.964,   6.428,9999.000,9999.000,9999.000,9999.000,9999.000,9999.000,9999.000
202608090236,   5.891,   6.359,9999.000,9999.000,9999.000,9999.000,9999.000,9999.000,9999.000
202608090242,   5.814,   6.317,9999.000,9999.000,9999.000,9999.000,9999.000,9999.000,9999.000
202608090248,   5.731,   6.238,9999.000,9999.000,9999.000,9999.000,9999.000,9999.000,9999.000
202608090254,   5.645,   6.097,9999.000,9999.000,9999.000,9999.000,9999.000,9999.000,9999.000
202608090300,   5.554,   6.028,   0.600,  -0.126,   6.028,   0.600,   6.028,   0.600,   6.028
202608090306,   5.459,   5.959,9999.000,9999.000,9999.000,9999.000,9999.000,9999.000,9999.000
202608090312,   5.359,   5.848,9999.000,9999.000,9999.000,9999.000,9999.000,9999.000,9999.000
202608090318,   5.256,   5.707,9999.000,9999.000,9999.000,9999.000,9999.000,9999.000,9999.000
202608090324,   5.149,   5.608,9999.000,9999.000,9999.000,9999.000,9999.000,9999.000,9999.000
202608090330,   5.039,   5.539,9999.000,9999.000,9999.000,9999.000,9999.000,9999.000,9999.000
202608090336,   4.925,   5.428,9999.000,9999.000,9999.000,9999.000,9999.000,9999.000,9999.000
202608090342,   4.808,   5.307,9999.000,9999.000,9999.000,9999.000,9999.000,9999.000,9999.000
202608090348,   4.688,   5.179,9999.000,9999.000,9999.000,9999.000,9999.000,9999.000,9999.000
202608090354,   4.565,   5.038,9999.000,9999.000,9999.000,9999.000,9999.000,9999.000,9999.000
202608090400,   4.439,   4.949,   0.600,  -0.090,   4.949,   0.600,   4.949,   0.600,   4.949
202608090406,   4.311,   4.837,9999.000,9999.000,9999.000,9999.000,9999.000,9999.000,9999.000
202608090412,   4.180,   4.677,9999.000,9999.000,9999.000,9999.000,9999.000,9999.000,9999.000
202608090418,   4.048,   4.529,9999.000,9999.000,9999.000,9999.000,9999.000,9999.000,9999.000
202608090424,   3.913,   4.388,9999.000,9999.000,9999.000,9999.000,9999.000,9999.000,9999.000
202608090430,   3.776,   4.247,9999.000,9999.000,9999.000,9999.000,9999.000,9999.000,9999.000
202608090436,   3.638,   4.129,9999.000,9999.000,9999.000,9999.000,9999.000,9999.000,9999.000
202608090442,   3.498,   4.027,9999.000,9999.000,9999.000,9999.000,9999.000,9999.000,9999.000
202608090448,   3.357,   3.899,9999.000,9999.000,9999.000,9999.000,9999.000,9999.000,9999.000
202608090454,   3.215,   3.768,9999.000,9999.000,9999.000,9999.000,9999.000,9999.000,9999.000
202608090500,   3.072,   3.617,   0.600,  -0.055,   3.617,   0.600,   3.617,   0.600,   3.617
202608090506,   2.929,   3.427,9999.000,9999.000,9999.000,9999.000,9999.000,9999.000,9999.000
202608090512,   2.785,   3.270,9999.000,9999.000,9999.000,9999.000,9999.000,9999.000,9999.000
202608090518,   2.641,   3.138,9999.000,9999.000,9999.000,9999.000,9999.000,9999.000,9999.000
202608090524,   2.498,   3.017,9999.000,9999.000,9999.000,9999.000,9999.000,9999.000,9999.000
202608090530,   2.354,   2.909,9999.000,9999.000,9999.000,9999.000,9999.000,9999.000,9999.000
202608090536,   2.211,   2.768,9999.000,9999.000,9999.000,9999.000,9999.000,9999.000,9999.000
202608090542,   2.070,   2.650,9999.000,9999.000,9999.000,9999.000,9999.000,9999.000,9999.000
202608090548,   1.929,   2.499,9999.000,9999.000,9999.000,9999.000,9999.000,9999.000,9999.000
202608090554,   1.790,   2.328,9999.000,9999.000,9999.000,9999.000,9999.000,9999.000,9999.000
202608090600,   1.652,   2.210,   0.700,  -0.142,   2.210,   0.700,   2.210,   0.700,   2.210
202608090606,   1.517,   2.040,9999.000,9999.000,9999.000,9999.000,9999.000,9999.000,9999.000
202608090612,   1.383,   1.869,9999.000,9999.000,9999.000,9999.000,9999.000,9999.000,9999.000
202608090618,   1.253,   1.800,9999.000,9999.000,9999.000,9999.000,9999.000,9999.000,9999.000
202608090624,   1.125,   1.679,9999.000,9999.000,9999.000,9999.000,9999.000,9999.000,9999.000
202608090630,   1.000,   1.528,9999.000,9999.000,9999.000,9999.000,9999.000,9999.000,9999.000
202608090636,   0.878,   1.410,9999.000,9999.000,9999.000,9999.000,9999.000,9999.000,9999.000
202608090642,   0.760,   1.289,9999.000,9999.000,9999.000,9999.000,9999.000,9999.000,9999.000
202608090648,   0.646,   1.170,9999.000,9999.000,9999.000,9999.000,9999.000,9999.000,9999.000
202608090654,   0.536,   1.059,9999.000,9999.000,9999.000,9999.000,9999.000,9999.000,9999.000
202608090700,   0.430,   0.961,   0.700,  -0.169,   0.961,   0.700,   0.961,   0.700,   0.961
202608090706,   0.329,   0.849,9999.000,9999.000,9999.000,9999.000,9999.000,9999.000,9999.000
202608090712,   0.233,   0.708,9999.000,9999.000,9999.000,9999.000,9999.000,9999.000,9999.000
202608090718,   0.141,   0.619,9999.000,9999.000,9999.000,9999.000,9999.000,9999.000,9999.000
202608090724,   0.054,   0.541,9999.000,9999.000,9999.000,9999.000,9999.000,9999.000,9999.000
202608090730,  -0.026,   0.459,9999.000,9999.000,9999.000,9999.000,9999.000,9999.000,9999.000
202608090736,  -0.102,   0.380,9999.000,9999.000,9999.000,9999.000,9999.000,9999.000,9999.000
202608090742,  -0.173,   0.331,9999.000,9999.000,9999.000,9999.000,9999.000,9999.000,9999.000
202608090748,  -0.238,   0.278,9999.000,9999.000,9999.000,9999.000,9999.000,9999.000,9999.000
202608090754,  -0.297,   0.209,9999.000,9999.000,9999.000,9999.000,9999.000,9999.000,9999.000
202608090800,  -0.351,   0.131,   0.700,  -0.218,   0.131,   0.700,   0.131,   0.700,   0.131
202608090806,  -0.399,   0.068,9999.000,9999.000,9999.000,9999.000,9999.000,9999.000,9999.000
202608090812,  -0.441,  -0.029,9999.000,9999.000,9999.000,9999.000,9999.000,9999.000,9999.000
202608090818,  -0.477,  -0.059,9999.000,9999.000,9999.000,9999.000,9999.000,9999.000,9999.000
202608090824,  -0.508,  -0.088,9999.000,9999.000,9999.000,9999.000,9999.000,9999.000,9999.000
202608090830,  -0.532,  -0.068,9999.000,9999.000,9999.000,9999.000,9999.000,9999.000,9999.000
202608090836,  -0.551,  -0.049,9999.000,9999.000,9999.000,9999.000,9999.000,9999.000,9999.000
202608090842,  -0.564,  -0.098,9999.000,9999.000,9999.000,9999.000,9999.000,9999.000,9999.000
202608090848,  -0.571,  -0.141,9999.000,9999.000,9999.000,9999.000,9999.000,9999.000,9999.000
202608090854,  -0.573,  -0.180,9999.000,9999.000,9999.000,9999.000,9999.000,9999.000,9999.000
202608090900,  -0.569,  -0.141,   0.700,  -0.272,  -0.141,   0.700,  -0.141,   0.700,  -0.141
202608090906,  -0.559,  -0.098,9999.000,9999.000,9999.000,9999.000,9999.000,9999.000,9999.000
202608090912,  -0.544,  -0.059,9999.000,9999.000,9999.000,9999.000,9999.000,9999.000,9999.000
202608090918,  -0.523,  -0.029,9999.000,9999.000,9999.000,9999.000,9999.000,9999.000,9999.000
202608090924,  -0.497,   0.000,9999.000,9999.000,9999.000,9999.000,9999.000,9999.000,9999.000
202608090930,  -0.466,   0.009,9999.000,9999.000,9999.000,9999.000,9999.000,9999.000,9999.000
202608090936,  -0.430,   0.019,9999.000,9999.000,9999.000,9999.000,9999.000,9999.000,9999.000
202608090942,  -0.388,   0.068,9999.000,9999.000,9999.000,9999.000,9999.000,9999.000,9999.000
202608090948,  -0.342,   0.098,9999.000,9999.000,9999.000,9999.000,9999.000,9999.000,9999.000
202608090954,  -0.290,   0.111,9999.000,9999.000,9999.000,9999.000,9999.000,9999.000,9999.000
202608091000,  -0.235,   0.200,   0.700,  -0.265,   0.200,   0.700,   0.200,   0.700,   0.200
202608091006,  -0.174,   0.321,9999.000,9999.000,9999.000,9999.000,9999.000,9999.000,9999.000
202608091012,  -0.109,   0.419,9999.000,9999.000,9999.000,9999.000,9999.000,9999.000,9999.000
202608091018,  -0.040,   0.488,9999.000,9999.000,9999.000,9999.000,9999.000,9999.000,9999.000
202608091024,   0.033,   0.560,9999.000,9999.000,9999.000,9999.000,9999.000,9999.000,9999.000
202608091030,   0.110,   0.639,9999.000,9999.000,9999.000,9999.000,9999.000,9999.000,9999.000
202608091036,   0.191,   0.751,9999.000,9999.000,9999.000,9999.000,9999.000,9999.000,9999.000
202608091042,   0.276,   0.839,9999.000,9999.000,9999.000,9999.000,9999.000,9999.000,9999.000
202608091048,   0.364,   0.928,9999.000,9999.000,9999.000,9999.000,9999.000,9999.000,9999.000
202608091054,   0.456,   0.970,9999.000,9999.000,9999.000,9999.000,9999.000,9999.000,9999.000
202608091100,   0.551,   1.049,   0.700,  -0.202,   1.049,   0.700,   1.049,   0.700,   1.049
202608091106,   0.648,   1.180,9999.000,9999.000,9999.000,9999.000,9999.000,9999.000,9999.000
202608091112,   0.748,   1.298,9999.000,9999.000,9999.000,9999.000,9999.000,9999.000,9999.000
202608091118,   0.851,   1.430,9999.000,9999.000,9999.000,9999.000,9999.000,9999.000,9999.000
202608091124,   0.955,   1.548,9999.000,9999.000,9999.000,9999.000,9999.000,9999.000,9999.000
202608091130,   1.062,   1.649,9999.000,9999.000,9999.000,9999.000,9999.000,9999.000,9999.000
202608091136,   1.170,   1.748,9999.000,9999.000,9999.000,9999.000,9999.000,9999.000,9999.000
202608091142,   1.279,   1.830,9999.000,9999.000,9999.000,9999.000,9999.000,9999.000,9999.000
202608091148,   1.389,   1.869,9999.000,9999.000,9999.000,9999.000,9999.000,9999.000,9999.000
202608091154,   1.500,   2.040,9999.000,9999.000,9999.000,9999.000,9999.000,9999.000,9999.000
202608091200,   1.612,   2.177,   0.700,  -0.135,   2.177,   0.700,   2.177,   0.700,   2.177
202608091206,   1.723,9999.000,9999.000,9999.000,9999.000,9999.000,9999.000,9999.000,9999.000
202608091212,   1.835,9999.000,9999.000,9999.000,9999.000,9999.000,9999.000,9999.000,9999.000
202608091218,   1.946,9999.000,9999.000,9999.000,9999.000,9999.000,9999.000,9999.000,9999.000
202608091224,   2.056,9999.000,9999.000,9999.000,9999.000,9999.000,9999.000,9999.000,9999.000
202608091230,   2.165,9999.000,9999.000,9999.000,9999.000,9999.000,9999.000,9999.000,9999.000
202608091236,   2.273,9999.000,9999.000,9999.000,9999.000,9999.000,9999.000,9999.000,9999.000
202608091242,   2.379,9999.000,9999.000,9999.000,9999.000,9999.000,9999.000,9999.000,9999.000
202608091248,   2.483,9999.000,9999.000,9999.000,9999.000,9999.000,9999.000,9999.000,9999.000
202608091254,   2.585,9999.000,9999.000,9999.000,9999.000,9999.000,9999.000,9999.000,9999.000
202608091300,   2.685,9999.000,   0.700,  -0.119,   3.266,   0.700,   3.266,   0.700,   3.266
202608091306,   2.781,9999.000,9999.000,9999.000,9999.000,9999.000,9999.000,9999.000,9999.000
202608091312,   2.875,9999.000,9999.000,9999.000,9999.000,9999.000,9999.000,9999.000,9999.000
202608091318,   2.966,9999.000,9999.000,9999.000,9999.000,9999.000,9999.000,9999.000,9999.000
202608091324,   3.053,9999.000,9999.000,9999.000,9999.000,9999.000,9999.000,9999.000,9999.000
202608091330,   3.137,9999.000,9999.000,9999.000,9999.000,9999.000,9999.000,9999.000,9999.000
202608091336,   3.217,9999.000,9999.000,9999.000,9999.000,9999.000,9999.000,9999.000,9999.000
202608091342,   3.293,9999.000,9999.000,9999.000,9999.000,9999.000,9999.000,9999.000,9999.000
202608091348,   3.365,9999.000,9999.000,9999.000,9999.000,9999.000,9999.000,9999.000,9999.000
202608091354,   3.433,9999.000,9999.000,9999.000,9999.000,9999.000,9999.000,9999.000,9999.000
202608091400,   3.497,9999.000,   0.700,  -0.103,   4.094,   0.700,   4.094,   0.700,   4.094
202608091406,   3.557,9999.000,9999.000,9999.000,9999.000,9999.000,9999.000,9999.000,9999.000
202608091412,   3.612,9999.000,9999.000,9999.000,9999.000,9999.000,9999.000,9999.000,9999.000
202608091418,   3.663,9999.000,9999.000,9999.000,9999.000,9999.000,9999.000,9999.000,9999.000
202608091424,   3.710,9999.000,9999.000,9999.000,9999.000,9999.000,9999.000,9999.000,9999.000
202608091430,   3.752,9999.000,9999.000,9999.000,9999.000,9999.000,9999.000,9999.000,9999.000
202608091436,   3.790,9999.000,9999.000,9999.000,9999.000,9999.000,9999.000,9999.000,9999.000
202608091442,   3.823,9999.000,9999.000,9999.000,9999.000,9999.000,9999.000,9999.000,9999.000
202608091448,   3.853,9999.000,9999.000,9999.000,9999.000,9999.000,9999.000,9999.000,9999.000
202608091454,   3.878,9999.000,9999.000,9999.000,9999.000,9999.000,9999.000,9999.000,9999.000
202608091500,   3.899,9999.000,   0.700,  -0.087,   4.512,   0.700,   4.512,   0.700,   4.512
202608091506,   3.915,9999.000,9999.000,9999.000,9999.000,9999.000,9999.000,9999.000,9999.000
202608091512,   3.928,9999.000,9999.000,9999.000,9999.000,9999.000,9999.000,9999.000,9999.000
202608091518,   3.937,9999.000,9999.000,9999.000,9999.000,9999.000,9999.000,9999.000,9999.000
202608091524,   3.942,9999.000,9999.000,9999.000,9999.000,9999.000,9999.000,9999.000,9999.000
202608091530,   3.944,9999.000,9999.000,9999.000,9999.000,9999.000,9999.000,9999.000,9999.000
202608091536,   3.942,9999.000,9999.000,9999.000,9999.000,9999.000,9999.000,9999.000,9999.000
202608091542,   3.936,9999.000,9999.000,9999.000,9999.000,9999.000,9999.000,9999.000,9999.000
202608091548,   3.927,9999.000,9999.000,9999.000,9999.000,9999.000,9999.000,9999.000,9999.000
202608091554,   3.915,9999.000,9999.000,9999.000,9999.000,9999.000,9999.000,9999.000,9999.000
202608091600,   3.900,9999.000,   0.700,  -0.071,   4.529,   0.700,   4.529,   0.700,   4.529
202608091606,   3.881,9999.000,9999.000,9999.000,9999.000,9999.000,9999.000,9999.000,9999.000
202608091612,   3.860,9999.000,9999.000,9999.000,9999.000,9999.000,9999.000,9999.000,9999.000
202608091618,   3.837,9999.000,9999.000,9999.000,9999.000,9999.000,9999.000,9999.000,9999.000
202608091624,   3.810,9999.000,9999.000,9999.000,9999.000,9999.000,9999.000,9999.000,9999.000
202608091630,   3.781,9999.000,9999.000,9999.000,9999.000,9999.000,9999.000,9999.000,9999.000
202608091636,   3.750,9999.000,9999.000,9999.000,9999.000,9999.000,9999.000,9999.000,9999.000
202608091642,   3.717,9999.000,9999.000,9999.000,9999.000,9999.000,9999.000,9999.000,9999.000
202608091648,   3.681,9999.000,9999.000,9999.000,9999.000,9999.000,9999.000,9999.000,9999.000
202608091654,   3.644,9999.000,9999.000,9999.000,9999.000,9999.000,9999.000,9999.000,9999.000
202608091700,   3.606,9999.000,   0.700,  -0.055,   4.251,   0.700,   4.251,   0.700,   4.251
202608091706,   3.565,9999.000,9999.000,9999.000,9999.000,9999.000,9999.000,9999.000,9999.000
202608091712,   3.524,9999.000,9999.000,9999.000,9999.000,9999.000,9999.000,9999.000,9999.000
202608091718,   3.481,9999.000,9999.000,9999.000,9999.000,9999.000,9999.000,9999.000,9999.000
202608091724,   3.437,9999.000,9999.000,9999.000,9999.000,9999.000,9999.000,9999.000,9999.000
202608091730,   3.392,9999.000,9999.000,9999.000,9999.000,9999.000,9999.000,9999.000,9999.000
202608091736,   3.347,9999.000,9999.000,9999.000,9999.000,9999.000,9999.000,9999.000,9999.000
202608091742,   3.302,9999.000,9999.000,9999.000,9999.000,9999.000,9999.000,9999.000,9999.000
202608091748,   3.256,9999.000,9999.000,9999.000,9999.000,9999.000,9999.000,9999.000,9999.000
202608091754,   3.210,9999.000,9999.000,9999.000,9999.000,9999.000,9999.000,9999.000,9999.000
202608091800,   3.165,9999.000,   0.700,  -0.039,   3.826,   0.700,   3.826,   0.700,   3.826
202608091806,   3.120,9999.000,9999.000,9999.000,9999.000,9999.000,9999.000,9999.000,9999.000
202608091812,   3.076,9999.000,9999.000,9999.000,9999.000,9999.000,9999.000,9999.000,9999.000
202608091818,   3.032,9999.000,9999.000,9999.000,9999.000,9999.000,9999.000,9999.000,9999.000
202608091824,   2.990,9999.000,9999.000,9999.000,9999.000,9999.000,9999.000,9999.000,9999.000
202608091830,   2.950,9999.000,9999.000,9999.000,9999.000,9999.000,9999.000,9999.000,9999.000
202608091836,   2.911,9999.000,9999.000,9999.000,9999.000,9999.000,9999.000,9999.000,9999.000
202608091842,   2.874,9999.000,9999.000,9999.000,9999.000,9999.000,9999.000,9999.000,9999.000
202608091848,   2.839,9999.000,9999.000,9999.000,9999.000,9999.000,9999.000,9999.000,9999.000
202608091854,   2.806,9999.000,9999.000,9999.000,9999.000,9999.000,9999.000,9999.000,9999.000
202608091900,   2.775,9999.000,   0.700,  -0.022,   3.453,   0.700,   3.453,   0.700,   3.453
202608091906,   2.748,9999.000,9999.000,9999.000,9999.000,9999.000,9999.000,9999.000,9999.000
202608091912,   2.723,9999.000,9999.000,9999.000,9999.000,9999.000,9999.000,9999.000,9999.000
202608091918,   2.702,9999.000,9999.000,9999.000,9999.000,9999.000,9999.000,9999.000,9999.000
202608091924,   2.684,9999.000,9999.000,9999.000,9999.000,9999.000,9999.000,9999.000,9999.000
202608091930,   2.669,9999.000,9999.000,9999.000,9999.000,9999.000,9999.000,9999.000,9999.000
202608091936,   2.657,9999.000,9999.000,9999.000,9999.000,9999.000,9999.000,9999.000,9999.000
202608091942,   2.650,9999.000,9999.000,9999.000,9999.000,9999.000,9999.000,9999.000,9999.000
202608091948,   2.646,9999.000,9999.000,9999.000,9999.000,9999.000,9999.000,9999.000,9999.000
202608091954,   2.646,9999.000,9999.000,9999.000,9999.000,9999.000,9999.000,9999.000,9999.000
202608092000,   2.651,9999.000,   0.700,  -0.006,   3.345,   0.700,   3.345,   0.700,   3.345
202608092006,   2.659,9999.000,9999.000,9999.000,9999.000,9999.000,9999.000,9999.000,9999.000
202608092012,   2.672,9999.000,9999.000,9999.000,9999.000,9999.000,9999.000,9999.000,9999.000
202608092018,   2.688,9999.000,9999.000,9999.000,9999.000,9999.000,9999.000,9999.000,9999.000
202608092024,   2.709,9999.000,9999.000,9999.000,9999.000,9999.000,9999.000,9999.000,9999.000
202608092030,   2.734,9999.000,9999.000,9999.000,9999.000,9999.000,9999.000,9999.000,9999.000
202608092036,   2.764,9999.000,9999.000,9999.000,9999.000,9999.000,9999.000,9999.000,9999.000
202608092042,   2.797,9999.000,9999.000,9999.000,9999.000,9999.000,9999.000,9999.000,9999.000
202608092048,   2.835,9999.000,9999.000,9999.000,9999.000,9999.000,9999.000,9999.000,9999.000
202608092054,   2.877,9999.000,9999.000,9999.000,9999.000,9999.000,9999.000,9999.000,9999.000
202608092100,   2.923,9999.000,   0.700,   0.010,   3.633,   0.700,   3.633,   0.700,   3.633
202608092106,   2.973,9999.000,9999.000,9999.000,9999.000,9999.000,9999.000,9999.000,9999.000
202608092112,   3.026,9999.000,9999.000,9999.000,9999.000,9999.000,9999.000,9999.000,9999.000
202608092118,   3.084,9999.000,9999.000,9999.000,9999.000,9999.000,9999.000,9999.000,9999.000
202608092124,   3.145,9999.000,9999.000,9999.000,9999.000,9999.000,9999.000,9999.000,9999.000
202608092130,   3.211,9999.000,9999.000,9999.000,9999.000,9999.000,9999.000,9999.000,9999.000
202608092136,   3.279,9999.000,9999.000,9999.000,9999.000,9999.000,9999.000,9999.000,9999.000
202608092142,   3.351,9999.000,9999.000,9999.000,9999.000,9999.000,9999.000,9999.000,9999.000
202608092148,   3.426,9999.000,9999.000,9999.000,9999.000,9999.000,9999.000,9999.000,9999.000
202608092154,   3.505,9999.000,9999.000,9999.000,9999.000,9999.000,9999.000,9999.000,9999.000
202608092200,   3.586,9999.000,   0.700,   0.026,   4.312,   0.700,   4.312,   0.700,   4.312
202608092206,   3.670,9999.000,9999.000,9999.000,9999.000,9999.000,9999.000,9999.000,9999.000
202608092212,   3.757,9999.000,9999.000,9999.000,9999.000,9999.000,9999.000,9999.000,9999.000
202608092218,   3.847,9999.000,9999.000,9999.000,9999.000,9999.000,9999.000,9999.000,9999.000
202608092224,   3.939,9999.000,9999.000,9999.000,9999.000,9999.000,9999.000,9999.000,9999.000
202608092230,   4.033,9999.000,9999.000,9999.000,9999.000,9999.000,9999.000,9999.000,9999.000
202608092236,   4.129,9999.000,9999.000,9999.000,9999.000,9999.000,9999.000,9999.000,9999.000
202608092242,   4.227,9999.000,9999.000,9999.000,9999.000,9999.000,9999.000,9999.000,9999.000
202608092248,   4.326,9999.000,9999.000,9999.000,9999.000,9999.000,9999.000,9999.000,9999.000
202608092254,   4.427,9999.000,9999.000,9999.000,9999.000,9999.000,9999.000,9999.000,9999.000
202608092300,   4.529,9999.000,   0.700,   0.042,   5.271,   0.700,   5.271,   0.700,   5.271
202608092306,   4.632,9999.000,9999.000,9999.000,9999.000,9999.000,9999.000,9999.000,9999.000
202608092312,   4.736,9999.000,9999.000,9999.000,9999.000,9999.000,9999.000,9999.000,9999.000
202608092318,   4.841,9999.000,9999.000,9999.000,9999.000,9999.000,9999.000,9999.000,9999.000
202608092324,   4.946,9999.000,9999.000,9999.000,9999.000,9999.000,9999.000,9999.000,9999.000
202608092330,   5.050,9999.000,9999.000,9999.000,9999.000,9999.000,9999.000,9999.000,9999.000
202608092336,   5.155,9999.000,9999.000,9999.000,9999.000,9999.000,9999.000,9999.000,9999.000
202608092342,   5.259,9999.000,9999.000,9999.000,9999.000,9999.000,9999.000,9999.000,9999.000
202608092348,   5.363,9999.000,9999.000,9999.000,9999.000,9999.000,9999.000,9999.000,9999.000
202608092354,   5.465,9999.000,9999.000,9999.000,9999.000,9999.000,9999.000,9999.000,9999.000
202608100000,   5.566,9999.000,   0.700,   0.058,   6.324,   0.700,   6.324,   0.700,   6.324
202608100006,   5.666,9999.000,9999.000,9999.000,9999.000,9999.000,9999.000,9999.000,9999.000
202608100012,   5.764,9999.000,9999.000,9999.000,9999.000,9999.000,9999.000,9999.000,9999.000
202608100018,   5.859,9999.000,9999.000,9999.000,9999.000,9999.000,9999.000,9999.000,9999.000
202608100024,   5.952,9999.000,9999.000,9999.000,9999.000,9999.000,9999.000,9999.000,9999.000
202608100030,   6.042,9999.000,9999.000,9999.000,9999.000,9999.000,9999.000,9999.000,9999.000
202608100036,   6.130,9999.000,9999.000,9999.000,9999.000,9999.000,9999.000,9999.000,9999.000
202608100042,   6.213,9999.000,9999.000,9999.000,9999.000,9999.000,9999.000,9999.000,9999.000
202608100048,   6.293,9999.000,9999.000,9999.000,9999.000,9999.000,9999.000,9999.000,9999.000
202608100054,   6.370,9999.000,9999.000,9999.000,9999.000,9999.000,9999.000,9999.000,9999.000
202608100100,   6.441,9999.000,   0.700,   0.058,   7.199,   0.700,   7.199,   0.800,   7.299
202608100106,   6.509,9999.000,9999.000,9999.000,9999.000,9999.000,9999.000,9999.000,9999.000
202608100112,   6.571,9999.000,9999.000,9999.000,9999.000,9999.000,9999.000,9999.000,9999.000
202608100118,   6.629,9999.000,9999.000,9999.000,9999.000,9999.000,9999.000,9999.000,9999.000
202608100124,   6.681,9999.000,9999.000,9999.000,9999.000,9999.000,9999.000,9999.000,9999.000
202608100130,   6.728,9999.000,9999.000,9999.000,9999.000,9999.000,9999.000,9999.000,9999.000
202608100136,   6.769,9999.000,9999.000,9999.000,9999.000,9999.000,9999.000,9999.000,9999.000
202608100142,   6.804,9999.000,9999.000,9999.000,9999.000,9999.000,9999.000,9999.000,9999.000
202608100148,   6.833,9999.000,9999.000,9999.000,9999.000,9999.000,9999.000,9999.000,9999.000
202608100154,   6.856,9999.000,9999.000,9999.000,9999.000,9999.000,9999.000,9999.000,9999.000
202608100200,   6.872,9999.000,   0.700,   0.058,   7.630,   0.700,   7.630,   0.800,   7.730
202608100206,   6.882,9999.000,9999.000,9999.000,9999.000,9999.000,9999.000,9999.000,9999.000
202608100212,   6.885,9999.000,9999.000,9999.000,9999.000,9999.000,9999.000,9999.000,9999.000
202608100218,   6.882,9999.000,9999.000,9999.000,9999.000,9999.000,9999.000,9999.000,9999.000
202608100224,   6.872,9999.000,9999.000,9999.000,9999.000,9999.000,9999.000,9999.000,9999.000
202608100230,   6.855,9999.000,9999.000,9999.000,9999.000,9999.000,9999.000,9999.000,9999.000
202608100236,   6.831,9999.000,9999.000,9999.000,9999.000,9999.000,9999.000,9999.000,9999.000
202608100242,   6.801,9999.000,9999.000,9999.000,9999.000,9999.000,9999.000,9999.000,9999.000
202608100248,   6.764,9999.000,9999.000,9999.000,9999.000,9999.000,9999.000,9999.000,9999.000
202608100254,   6.720,9999.000,9999.000,9999.000,9999.000,9999.000,9999.000,9999.000,9999.000
202608100300,   6.670,9999.000,   0.700,   0.058,   7.428,   0.700,   7.428,   0.700,   7.428
202608100306,   6.613,9999.000,9999.000,9999.000,9999.000,9999.000,9999.000,9999.000,9999.000
202608100312,   6.549,9999.000,9999.000,9999.000,9999.000,9999.000,9999.000,9999.000,9999.000
202608100318,   6.480,9999.000,9999.000,9999.000,9999.000,9999.000,9999.000,9999.000,9999.000
202608100324,   6.404,9999.000,9999.000,9999.000,9999.000,9999.000,9999.000,9999.000,9999.000
202608100330,   6.322,9999.000,9999.000,9999.000,9999.000,9999.000,9999.000,9999.000,9999.000
202608100336,   6.234,9999.000,9999.000,9999.000,9999.000,9999.000,9999.000,9999.000,9999.000
202608100342,   6.140,9999.000,9999.000,9999.000,9999.000,9999.000,9999.000,9999.000,9999.000
202608100348,   6.040,9999.000,9999.000,9999.000,9999.000,9999.000,9999.000,9999.000,9999.000
202608100354,   5.935,9999.000,9999.000,9999.000,9999.000,9999.000,9999.000,9999.000,9999.000
202608100400,   5.825,9999.000,   0.700,   0.058,   6.583,   0.700,   6.583,   0.700,   6.583
202608100406,   5.710,9999.000,9999.000,9999.000,9999.000,9999.000,9999.000,9999.000,9999.000
202608100412,   5.590,9999.000,9999.000,9999.000,9999.000,9999.000,9999.000,9999.000,9999.000
202608100418,   5.465,9999.000,9999.000,9999.000,9999.000,9999.000,9999.000,9999.000,9999.000
202608100424,   5.336,9999.000,9999.000,9999.000,9999.000,9999.000,9999.000,9999.000,9999.000
202608100430,   5.202,9999.000,9999.000,9999.000,9999.000,9999.000,9999.000,9999.000,9999.000
202608100436,   5.065,9999.000,9999.000,9999.000,9999.000,9999.000,9999.000,9999.000,9999.000
202608100442,   4.924,9999.000,9999.000,9999.000,9999.000,9999.000,9999.000,9999.000,9999.000
202608100448,   4.779,9999.000,9999.000,9999.000,9999.000,9999.000,9999.000,9999.000,9999.000
202608100454,   4.630,9999.000,9999.000,9999.000,9999.000,9999.000,9999.000,9999.000,9999.000
202608100500,   4.479,9999.000,   0.700,   0.058,   5.237,   0.700,   5.237,   0.700,   5.237
202608100506,   4.325,9999.000,9999.000,9999.000,9999.000,9999.000,9999.000,9999.000,9999.000
202608100512,   4.168,9999.000,9999.000,9999.000,9999.000,9999.000,9999.000,9999.000,9999.000
202608100518,   4.009,9999.000,9999.000,9999.000,9999.000,9999.000,9999.000,9999.000,9999.000
202608100524,   3.848,9999.000,9999.000,9999.000,9999.000,9999.000,9999.000,9999.000,9999.000
202608100530,   3.685,9999.000,9999.000,9999.000,9999.000,9999.000,9999.000,9999.000,9999.000
202608100536,   3.520,9999.000,9999.000,9999.000,9999.000,9999.000,9999.000,9999.000,9999.000
202608100542,   3.354,9999.000,9999.000,9999.000,9999.000,9999.000,9999.000,9999.000,9999.000
202608100548,   3.187,9999.000,9999.000,9999.000,9999.000,9999.000,9999.000,9999.000,9999.000
202608100554,   3.020,9999.000,9999.000,9999.000,9999.000,9999.000,9999.000,9999.000,9999.000
202608100600,   2.852,9999.000,   0.700,   0.058,   3.610,   0.700,   3.610,   0.700,   3.610
202608100606,   2.684,9999.000,9999.000,9999.000,9999.000,9999.000,9999.000,9999.000,9999.000
202608100612,   2.516,9999.000,9999.000,9999.000,9999.000,9999.000,9999.000,9999.000,9999.000
202608100618,   2.349,9999.000,9999.000,9999.000,9999.000,9999.000,9999.000,9999.000,9999.000
202608100624,   2.182,9999.000,9999.000,9999.000,9999.000,9999.000,9999.000,9999.000,9999.000
202608100630,   2.017,9999.000,9999.000,9999.000,9999.000,9999.000,9999.000,9999.000,9999.000
202608100636,   1.853,9999.000,9999.000,9999.000,9999.000,9999.000,9999.000,9999.000,9999.000
202608100642,   1.690,9999.000,9999.000,9999.000,9999.000,9999.000,9999.000,9999.000,9999.000
202608100648,   1.530,9999.000,9999.000,9999.000,9999.000,9999.000,9999.000,9999.000,9999.000
202608100654,   1.373,9999.000,9999.000,9999.000,9999.000,9999.000,9999.000,9999.000,9999.000
202608100700,   1.218,9999.000,   0.700,   0.058,   1.976,   0.600,   1.876,   0.700,   1.976
202608100706,   1.066,9999.000,9999.000,9999.000,9999.000,9999.000,9999.000,9999.000,9999.000
202608100712,   0.917,9999.000,9999.000,9999.000,9999.000,9999.000,9999.000,9999.000,9999.000
202608100718,   0.772,9999.000,9999.000,9999.000,9999.000,9999.000,9999.000,9999.000,9999.000
202608100724,   0.631,9999.000,9999.000,9999.000,9999.000,9999.000,9999.000,9999.000,9999.000
202608100730,   0.494,9999.000,9999.000,9999.000,9999.000,9999.000,9999.000,9999.000,9999.000
202608100736,   0.362,9999.000,9999.000,9999.000,9999.000,9999.000,9999.000,9999.000,9999.000
202608100742,   0.235,9999.000,9999.000,9999.000,9999.000,9999.000,9999.000,9999.000,9999.000
202608100748,   0.112,9999.000,9999.000,9999.000,9999.000,9999.000,9999.000,9999.000,9999.000
202608100754,  -0.004,9999.000,9999.000,9999.000,9999.000,9999.000,9999.000,9999.000,9999.000
202608100800,  -0.115,9999.000,   0.700,   0.058,   0.643,   0.600,   0.543,   0.700,   0.643
202608100806,  -0.221,9999.000,9999.000,9999.000,9999.000,9999.000,9999.000,9999.000,9999.000
202608100812,  -0.321,9999.000,9999.000,9999.000,9999.000,9999.000,9999.000,9999.000,9999.000
202608100818,  -0.415,9999.000,9999.000,9999.000,9999.000,9999.000,9999.000,9999.000,9999.000
202608100824,  -0.503,9999.000,9999.000,9999.000,9999.000,9999.000,9999.000,9999.000,9999.000
202608100830,  -0.584,9999.000,9999.000,9999.000,9999.000,9999.000,9999.000,9999.000,9999.000
202608100836,  -0.658,9999.000,9999.000,9999.000,9999.000,9999.000,9999.000,9999.000,9999.000
202608100842,  -0.726,9999.000,9999.000,9999.000,9999.000,9999.000,9999.000,9999.000,9999.000
202608100848,  -0.787,9999.000,9999.000,9999.000,9999.000,9999.000,9999.000,9999.000,9999.000
202608100854,  -0.841,9999.000,9999.000,9999.000,9999.000,9999.000,9999.000,9999.000,9999.000
202608100900,  -0.888,9999.000,   0.700,   0.058,  -0.130,   0.600,  -0.230,   0.700,  -0.130
202608100906,  -0.928,9999.000,9999.000,9999.000,9999.000,9999.000,9999.000,9999.000,9999.000
202608100912,  -0.961,9999.000,9999.000,9999.000,9999.000,9999.000,9999.000,9999.000,9999.000
202608100918,  -0.987,9999.000,9999.000,9999.000,9999.000,9999.000,9999.000,9999.000,9999.000
202608100924,  -1.006,9999.000,9999.000,9999.000,9999.000,9999.000,9999.000,9999.000,9999.000
202608100930,  -1.018,9999.000,9999.000,9999.000,9999.000,9999.000,9999.000,9999.000,9999.000
202608100936,  -1.023,9999.000,9999.000,9999.000,9999.000,9999.000,9999.000,9999.000,9999.000
202608100942,  -1.021,9999.000,9999.000,9999.000,9999.000,9999.000,9999.000,9999.000,9999.000
202608100948,  -1.012,9999.000,9999.000,9999.000,9999.000,9999.000,9999.000,9999.000,9999.000
202608100954,  -0.996,9999.000,9999.000,9999.000,9999.000,9999.000,9999.000,9999.000,9999.000
202608101000,  -0.974,9999.000,   0.700,   0.058,  -0.216,   0.600,  -0.316,   0.700,  -0.216
202608101006,  -0.945,9999.000,9999.000,9999.000,9999.000,9999.000,9999.000,9999.000,9999.000
202608101012,  -0.909,9999.000,9999.000,9999.000,9999.000,9999.000,9999.000,9999.000,9999.000
202608101018,  -0.867,9999.000,9999.000,9999.000,9999.000,9999.000,9999.000,9999.000,9999.000
202608101024,  -0.818,9999.000,9999.000,9999.000,9999.000,9999.000,9999.000,9999.000,9999.000
202608101030,  -0.764,9999.000,9999.000,9999.000,9999.000,9999.000,9999.000,9999.000,9999.000
202608101036,  -0.703,9999.000,9999.000,9999.000,9999.000,9999.000,9999.000,9999.000,9999.000
202608101042,  -0.637,9999.000,9999.000,9999.000,9999.000,9999.000,9999.000,9999.000,9999.000
202608101048,  -0.565,9999.000,9999.000,9999.000,9999.000,9999.000,9999.000,9999.000,9999.000
202608101054,  -0.487,9999.000,9999.000,9999.000,9999.000,9999.000,9999.000,9999.000,9999.000
202608101100,  -0.404,9999.000,   0.700,   0.058,   0.354,   0.600,   0.254,   0.700,   0.354
202608101106,  -0.316,9999.000,9999.000,9999.000,9999.000,9999.000,9999.000,9999.000,9999.000
202608101112,  -0.223,9999.000,9999.000,9999.000,9999.000,9999.000,9999.000,9999.000,9999.000
202608101118,  -0.126,9999.000,9999.000,9999.000,9999.000,9999.000,9999.000,9999.000,9999.000
202608101124,  -0.024,9999.000,9999.000,9999.000,9999.000,9999.000,9999.000,9999.000,9999.000
202608101130,   0.082,9999.000,9999.000,9999.000,9999.000,9999.000,9999.000,9999.000,9999.000
202608101136,   0.192,9999.000,9999.000,9999.000,9999.000,9999.000,9999.000,9999.000,9999.000
202608101142,   0.305,9999.000,9999.000,9999.000,9999.000,9999.000,9999.000,9999.000,9999.000
202608101148,   0.422,9999.000,9999.000,9999.000,9999.000,9999.000,9999.000,9999.000,9999.000
202608101154,   0.542,9999.000,9999.000,9999.000,9999.000,9999.000,9999.000,9999.000,9999.000
202608101200,   0.665,9999.000,   0.700,   0.058,   1.423,   0.700,   1.423,   0.700,   1.423
202608101206,   0.791,9999.000,9999.000,9999.000,9999.000,9999.000,9999.000,9999.000,9999.000
202608101212,   0.918,9999.000,9999.000,9999.000,9999.000,9999.000,9999.000,9999.000,9999.000
202608101218,   1.048,9999.000,9999.000,9999.000,9999.000,9999.000,9999.000,9999.000,9999.000
202608101224,   1.178,9999.000,9999.000,9999.000,9999.000,9999.000,9999.000,9999.000,9999.000
202608101230,   1.311,9999.000,9999.000,9999.000,9999.000,9999.000,9999.000,9999.000,9999.000
202608101236,   1.443,9999.000,9999.000,9999.000,9999.000,9999.000,9999.000,9999.000,9999.000
202608101242,   1.577,9999.000,9999.000,9999.000,9999.000,9999.000,9999.000,9999.000,9999.000
202608101248,   1.710,9999.000,9999.000,9999.000,9999.000,9999.000,9999.000,9999.000,9999.000
202608101254,   1.844,9999.000,9999.000,9999.000,9999.000,9999.000,9999.000,9999.000,9999.000
202608101300,   1.976,9999.000,   0.700,   0.058,   2.734,   0.700,   2.734,   0.700,   2.734
202608101306,   2.108,9999.000,9999.000,9999.000,9999.000,9999.000,9999.000,9999.000,9999.000
202608101312,   2.239,9999.000,9999.000,9999.000,9999.000,9999.000,9999.000,9999.000,9999.000
202608101318,   2.368,9999.000,9999.000,9999.000,9999.000,9999.000,9999.000,9999.000,9999.000
202608101324,   2.495,9999.000,9999.000,9999.000,9999.000,9999.000,9999.000,9999.000,9999.000
202608101330,   2.619,9999.000,9999.000,9999.000,9999.000,9999.000,9999.000,9999.000,9999.000
202608101336,   2.741,9999.000,9999.000,9999.000,9999.000,9999.000,9999.000,9999.000,9999.000
202608101342,   2.861,9999.000,9999.000,9999.000,9999.000,9999.000,9999.000,9999.000,9999.000
202608101348,   2.977,9999.000,9999.000,9999.000,9999.000,9999.000,9999.000,9999.000,9999.000
202608101354,   3.089,9999.000,9999.000,9999.000,9999.000,9999.000,9999.000,9999.000,9999.000
202608101400,   3.198,9999.000,   0.700,   0.058,   3.956,   0.700,   3.956,   0.700,   3.956
202608101406,   3.303,9999.000,9999.000,9999.000,9999.000,9999.000,9999.000,9999.000,9999.000
202608101412,   3.403,9999.000,9999.000,9999.000,9999.000,9999.000,9999.000,9999.000,9999.000
202608101418,   3.499,9999.000,9999.000,9999.000,9999.000,9999.000,9999.000,9999.000,9999.000
202608101424,   3.590,9999.000,9999.000,9999.000,9999.000,9999.000,9999.000,9999.000,9999.000
202608101430,   3.677,9999.000,9999.000,9999.000,9999.000,9999.000,9999.000,9999.000,9999.000
202608101436,   3.758,9999.000,9999.000,9999.000,9999.000,9999.000,9999.000,9999.000,9999.000
202608101442,   3.834,9999.000,9999.000,9999.000,9999.000,9999.000,9999.000,9999.000,9999.000
202608101448,   3.905,9999.000,9999.000,9999.000,9999.000,9999.000,9999.000,9999.000,9999.000
202608101454,   3.971,9999.000,9999.000,9999.000,9999.000,9999.000,9999.000,9999.000,9999.000
202608101500,   4.031,9999.000,   0.700,   0.058,   4.789,   0.600,   4.689,   0.700,   4.789
202608101506,   4.085,9999.000,9999.000,9999.000,9999.000,9999.000,9999.000,9999.000,9999.000
202608101512,   4.134,9999.000,9999.000,9999.000,9999.000,9999.000,9999.000,9999.000,9999.000
202608101518,   4.178,9999.000,9999.000,9999.000,9999.000,9999.000,9999.000,9999.000,9999.000
202608101524,   4.215,9999.000,9999.000,9999.000,9999.000,9999.000,9999.000,9999.000,9999.000
202608101530,   4.248,9999.000,9999.000,9999.000,9999.000,9999.000,9999.000,9999.000,9999.000
202608101536,   4.274,9999.000,9999.000,9999.000,9999.000,9999.000,9999.000,9999.000,9999.000
202608101542,   4.296,9999.000,9999.000,9999.000,9999.000,9999.000,9999.000,9999.000,9999.000
202608101548,   4.311,9999.000,9999.000,9999.000,9999.000,9999.000,9999.000,9999.000,9999.000
202608101554,   4.322,9999.000,9999.000,9999.000,9999.000,9999.000,9999.000,9999.000,9999.000
202608101600,   4.327,9999.000,   0.700,   0.058,   5.085,   0.600,   4.985,   0.700,   5.085
202608101606,   4.328,9999.000,9999.000,9999.000,9999.000,9999.000,9999.000,9999.000,9999.000
202608101612,   4.323,9999.000,9999.000,9999.000,9999.000,9999.000,9999.000,9999.000,9999.000
202608101618,   4.314,9999.000,9999.000,9999.000,9999.000,9999.000,9999.000,9999.000,9999.000
202608101624,   4.299,9999.000,9999.000,9999.000,9999.000,9999.000,9999.000,9999.000,9999.000
202608101630,   4.281,9999.000,9999.000,9999.000,9999.000,9999.000,9999.000,9999.000,9999.000
202608101636,   4.258,9999.000,9999.000,9999.000,9999.000,9999.000,9999.000,9999.000,9999.000
202608101642,   4.230,9999.000,9999.000,9999.000,9999.000,9999.000,9999.000,9999.000,9999.000
202608101648,   4.199,9999.000,9999.000,9999.000,9999.000,9999.000,9999.000,9999.000,9999.000
202608101654,   4.164,9999.000,9999.000,9999.000,9999.000,9999.000,9999.000,9999.000,9999.000
202608101700,   4.125,9999.000,   0.600,   0.058,   4.783,   0.600,   4.783,   0.700,   4.883
202608101706,   4.083,9999.000,9999.000,9999.000,9999.000,9999.000,9999.000,9999.000,9999.000
202608101712,   4.038,9999.000,9999.000,9999.000,9999.000,9999.000,9999.000,9999.000,9999.000
202608101718,   3.989,9999.000,9999.000,9999.000,9999.000,9999.000,9999.000,9999.000,9999.000
202608101724,   3.938,9999.000,9999.000,9999.000,9999.000,9999.000,9999.000,9999.000,9999.000
202608101730,   3.884,9999.000,9999.000,9999.000,9999.000,9999.000,9999.000,9999.000,9999.000
202608101736,   3.828,9999.000,9999.000,9999.000,9999.000,9999.000,9999.000,9999.000,9999.000
202608101742,   3.769,9999.000,9999.000,9999.000,9999.000,9999.000,9999.000,9999.000,9999.000
202608101748,   3.709,9999.000,9999.000,9999.000,9999.000,9999.000,9999.000,9999.000,9999.000
202608101754,   3.647,9999.000,9999.000,9999.000,9999.000,9999.000,9999.000,9999.000,9999.000
202608101800,   3.583,9999.000,   0.600,   0.058,   4.241,   0.600,   4.241,   0.700,   4.341
202608101806,   3.518,9999.000,9999.000,9999.000,9999.000,9999.000,9999.000,9999.000,9999.000
202608101812,   3.452,9999.000,9999.000,9999.000,9999.000,9999.000,9999.000,9999.000,9999.000
202608101818,   3.386,9999.000,9999.000,9999.000,9999.000,9999.000,9999.000,9999.000,9999.000
202608101824,   3.319,9999.000,9999.000,9999.000,9999.000,9999.000,9999.000,9999.000,9999.000
202608101830,   3.251,9999.000,9999.000,9999.000,9999.000,9999.000,9999.000,9999.000,9999.000
202608101836,   3.184,9999.000,9999.000,9999.000,9999.000,9999.000,9999.000,9999.000,9999.000
202608101842,   3.117,9999.000,9999.000,9999.000,9999.000,9999.000,9999.000,9999.000,9999.000
202608101848,   3.050,9999.000,9999.000,9999.000,9999.000,9999.000,9999.000,9999.000,9999.000
202608101854,   2.985,9999.000,9999.000,9999.000,9999.000,9999.000,9999.000,9999.000,9999.000
202608101900,   2.920,9999.000,   0.600,   0.058,   3.578,   0.600,   3.578,   0.600,   3.578
202608101906,   2.857,9999.000,9999.000,9999.000,9999.000,9999.000,9999.000,9999.000,9999.000
202608101912,   2.795,9999.000,9999.000,9999.000,9999.000,9999.000,9999.000,9999.000,9999.000
202608101918,   2.735,9999.000,9999.000,9999.000,9999.000,9999.000,9999.000,9999.000,9999.000
202608101924,   2.677,9999.000,9999.000,9999.000,9999.000,9999.000,9999.000,9999.000,9999.000
202608101930,   2.622,9999.000,9999.000,9999.000,9999.000,9999.000,9999.000,9999.000,9999.000
202608101936,   2.569,9999.000,9999.000,9999.000,9999.000,9999.000,9999.000,9999.000,9999.000
202608101942,   2.519,9999.000,9999.000,9999.000,9999.000,9999.000,9999.000,9999.000,9999.000
202608101948,   2.472,9999.000,9999.000,9999.000,9999.000,9999.000,9999.000,9999.000,9999.000
202608101954,   2.429,9999.000,9999.000,9999.000,9999.000,9999.000,9999.000,9999.000,9999.000
202608102000,   2.389,9999.000,   0.600,   0.058,   3.047,   0.600,   3.047,   0.600,   3.047
202608102006,   2.353,9999.000,9999.000,9999.000,9999.000,9999.000,9999.000,9999.000,9999.000
202608102012,   2.321,9999.000,9999.000,9999.000,9999.000,9999.000,9999.000,9999.000,9999.000
202608102018,   2.294,9999.000,9999.000,9999.000,9999.000,9999.000,9999.000,9999.000,9999.000
202608102024,   2.270,9999.000,9999.000,9999.000,9999.000,9999.000,9999.000,9999.000,9999.000
202608102030,   2.251,9999.000,9999.000,9999.000,9999.000,9999.000,9999.000,9999.000,9999.000
202608102036,   2.237,9999.000,9999.000,9999.000,9999.000,9999.000,9999.000,9999.000,9999.000
202608102042,   2.228,9999.000,9999.000,9999.000,9999.000,9999.000,9999.000,9999.000,9999.000
202608102048,   2.224,9999.000,9999.000,9999.000,9999.000,9999.000,9999.000,9999.000,9999.000
202608102054,   2.225,9999.000,9999.000,9999.000,9999.000,9999.000,9999.000,9999.000,9999.000
202608102100,   2.231,9999.000,   0.600,   0.058,   2.889,   0.600,   2.889,   0.700,   2.989
202608102106,   2.242,9999.000,9999.000,9999.000,9999.000,9999.000,9999.000,9999.000,9999.000
202608102112,   2.259,9999.000,9999.000,9999.000,9999.000,9999.000,9999.000,9999.000,9999.000
202608102118,   2.281,9999.000,9999.000,9999.000,9999.000,9999.000,9999.000,9999.000,9999.000
202608102124,   2.308,9999.000,9999.000,9999.000,9999.000,9999.000,9999.000,9999.000,9999.000
202608102130,   2.341,9999.000,9999.000,9999.000,9999.000,9999.000,9999.000,9999.000,9999.000
202608102136,   2.379,9999.000,9999.000,9999.000,9999.000,9999.000,9999.000,9999.000,9999.000
202608102142,   2.422,9999.000,9999.000,9999.000,9999.000,9999.000,9999.000,9999.000,9999.000
202608102148,   2.470,9999.000,9999.000,9999.000,9999.000,9999.000,9999.000,9999.000,9999.000
202608102154,   2.524,9999.000,9999.000,9999.000,9999.000,9999.000,9999.000,9999.000,9999.000
202608102200,   2.583,9999.000,   0.600,   0.058,   3.241,   0.600,   3.241,   0.700,   3.341
202608102206,   2.647,9999.000,9999.000,9999.000,9999.000,9999.000,9999.000,9999.000,9999.000
202608102212,   2.715,9999.000,9999.000,9999.000,9999.000,9999.000,9999.000,9999.000,9999.000
202608102218,   2.789,9999.000,9999.000,9999.000,9999.000,9999.000,9999.000,9999.000,9999.000
202608102224,   2.867,9999.000,9999.000,9999.000,9999.000,9999.000,9999.000,9999.000,9999.000
202608102230,   2.950,9999.000,9999.000,9999.000,9999.000,9999.000,9999.000,9999.000,9999.000
202608102236,   3.036,9999.000,9999.000,9999.000,9999.000,9999.000,9999.000,9999.000,9999.000
202608102242,   3.127,9999.000,9999.000,9999.000,9999.000,9999.000,9999.000,9999.000,9999.000
202608102248,   3.222,9999.000,9999.000,9999.000,9999.000,9999.000,9999.000,9999.000,9999.000
202608102254,   3.321,9999.000,9999.000,9999.000,9999.000,9999.000,9999.000,9999.000,9999.000
202608102300,   3.423,9999.000,   0.600,   0.058,   4.081,   0.600,   4.081,   0.700,   4.181
202608102306,   3.529,9999.000,9999.000,9999.000,9999.000,9999.000,9999.000,9999.000,9999.000
202608102312,   3.638,9999.000,9999.000,9999.000,9999.000,9999.000,9999.000,9999.000,9999.000
202608102318,   3.749,9999.000,9999.000,9999.000,9999.000,9999.000,9999.000,9999.000,9999.000
202608102324,   3.864,9999.000,9999.000,9999.000,9999.000,9999.000,9999.000,9999.000,9999.000
202608102330,   3.980,9999.000,9999.000,9999.000,9999.000,9999.000,9999.000,9999.000,9999.000
202608102336,   4.099,9999.000,9999.000,9999.000,9999.000,9999.000,9999.000,9999.000,9999.000
202608102342,   4.220,9999.000,9999.000,9999.000,9999.000,9999.000,9999.000,9999.000,9999.000
202608102348,   4.342,9999.000,9999.000,9999.000,9999.000,9999.000,9999.000,9999.000,9999.000
202608102354,   4.466,9999.000,9999.000,9999.000,9999.000,9999.000,9999.000,9999.000,9999.000
202608110000,   4.590,9999.000,   0.700,   0.058,   5.348,   0.600,   5.248,   0.700,   5.348
202608110006,   4.715,9999.000,9999.000,9999.000,9999.000,9999.000,9999.000,9999.000,9999.000
202608110012,   4.841,9999.000,9999.000,9999.000,9999.000,9999.000,9999.000,9999.000,9999.000
202608110018,   4.967,9999.000,9999.000,9999.000,9999.000,9999.000,9999.000,9999.000,9999.000
202608110024,   5.093,9999.000,9999.000,9999.000,9999.000,9999.000,9999.000,9999.000,9999.000
202608110030,   5.218,9999.000,9999.000,9999.000,9999.000,9999.000,9999.000,9999.000,9999.000
202608110036,   5.342,9999.000,9999.000,9999.000,9999.000,9999.000,9999.000,9999.000,9999.000
202608110042,   5.465,9999.000,9999.000,9999.000,9999.000,9999.000,9999.000,9999.000,9999.000
202608110048,   5.587,9999.000,9999.000,9999.000,9999.000,9999.000,9999.000,9999.000,9999.000
202608110054,   5.707,9999.000,9999.000,9999.000,9999.000,9999.000,9999.000,9999.000,9999.000
202608110100,   5.825,9999.000,   0.700,   0.058,   6.583,   0.600,   6.483,   0.700,   6.583
202608110106,   5.940,9999.000,9999.000,9999.000,9999.000,9999.000,9999.000,9999.000,9999.000
202608110112,   6.052,9999.000,9999.000,9999.000,9999.000,9999.000,9999.000,9999.000,9999.000
202608110118,   6.162,9999.000,9999.000,9999.000,9999.000,9999.000,9999.000,9999.000,9999.000
202608110124,   6.267,9999.000,9999.000,9999.000,9999.000,9999.000,9999.000,9999.000,9999.000
202608110130,   6.369,9999.000,9999.000,9999.000,9999.000,9999.000,9999.000,9999.000,9999.000
202608110136,   6.467,9999.000,9999.000,9999.000,9999.000,9999.000,9999.000,9999.000,9999.000
202608110142,   6.560,9999.000,9999.000,9999.000,9999.000,9999.000,9999.000,9999.000,9999.000
202608110148,   6.648,9999.000,9999.000,9999.000,9999.000,9999.000,9999.000,9999.000,9999.000
202608110154,   6.731,9999.000,9999.000,9999.000,9999.000,9999.000,9999.000,9999.000,9999.000
202608110200,   6.809,9999.000,   0.700,   0.058,   7.567,   0.600,   7.467,   0.700,   7.567
202608110206,   6.881,9999.000,9999.000,9999.000,9999.000,9999.000,9999.000,9999.000,9999.000
202608110212,   6.947,9999.000,9999.000,9999.000,9999.000,9999.000,9999.000,9999.000,9999.000
202608110218,   7.006,9999.000,9999.000,9999.000,9999.000,9999.000,9999.000,9999.000,9999.000
202608110224,   7.060,9999.000,9999.000,9999.000,9999.000,9999.000,9999.000,9999.000,9999.000
202608110230,   7.106,9999.000,9999.000,9999.000,9999.000,9999.000,9999.000,9999.000,9999.000
202608110236,   7.145,9999.000,9999.000,9999.000,9999.000,9999.000,9999.000,9999.000,9999.000
202608110242,   7.178,9999.000,9999.000,9999.000,9999.000,9999.000,9999.000,9999.000,9999.000
202608110248,   7.203,9999.000,9999.000,9999.000,9999.000,9999.000,9999.000,9999.000,9999.000
202608110254,   7.220,9999.000,9999.000,9999.000,9999.000,9999.000,9999.000,9999.000,9999.000
202608110300,   7.230,9999.000,   0.700,   0.058,   7.988,   0.600,   7.888,   0.700,   7.988
202608110306,   7.233,9999.000,9999.000,9999.000,9999.000,9999.000,9999.000,9999.000,9999.000
202608110312,   7.227,9999.000,9999.000,9999.000,9999.000,9999.000,9999.000,9999.000,9999.000
202608110318,   7.214,9999.000,9999.000,9999.000,9999.000,9999.000,9999.000,9999.000,9999.000
202608110324,   7.193,9999.000,9999.000,9999.000,9999.000,9999.000,9999.000,9999.000,9999.000
202608110330,   7.164,9999.000,9999.000,9999.000,9999.000,9999.000,9999.000,9999.000,9999.000
202608110336,   7.128,9999.000,9999.000,9999.000,9999.000,9999.000,9999.000,9999.000,9999.000
202608110342,   7.083,9999.000,9999.000,9999.000,9999.000,9999.000,9999.000,9999.000,9999.000
202608110348,   7.031,9999.000,9999.000,9999.000,9999.000,9999.000,9999.000,9999.000,9999.000
202608110354,   6.971,9999.000,9999.000,9999.000,9999.000,9999.000,9999.000,9999.000,9999.000
202608110400,   6.904,9999.000,   0.700,   0.058,   7.662,   0.600,   7.562,   0.700,   7.662
202608110406,   6.829,9999.000,9999.000,9999.000,9999.000,9999.000,9999.000,9999.000,9999.000
202608110412,   6.747,9999.000,9999.000,9999.000,9999.000,9999.000,9999.000,9999.000,9999.000
202608110418,   6.658,9999.000,9999.000,9999.000,9999.000,9999.000,9999.000,9999.000,9999.000
202608110424,   6.562,9999.000,9999.000,9999.000,9999.000,9999.000,9999.000,9999.000,9999.000
202608110430,   6.459,9999.000,9999.000,9999.000,9999.000,9999.000,9999.000,9999.000,9999.000
202608110436,   6.349,9999.000,9999.000,9999.000,9999.000,9999.000,9999.000,9999.000,9999.000
202608110442,   6.234,9999.000,9999.000,9999.000,9999.000,9999.000,9999.000,9999.000,9999.000
202608110448,   6.112,9999.000,9999.000,9999.000,9999.000,9999.000,9999.000,9999.000,9999.000
202608110454,   5.984,9999.000,9999.000,9999.000,9999.000,9999.000,9999.000,9999.000,9999.000
202608110500,   5.851,9999.000,   0.700,   0.058,   6.609,   0.600,   6.509,   0.700,   6.609
202608110506,   5.712,9999.000,9999.000,9999.000,9999.000,9999.000,9999.000,9999.000,9999.000
202608110512,   5.569,9999.000,9999.000,9999.000,9999.000,9999.000,9999.000,9999.000,9999.000
202608110518,   5.420,9999.000,9999.000,9999.000,9999.000,9999.000,9999.000,9999.000,9999.000
202608110524,   5.267,9999.000,9999.000,9999.000,9999.000,9999.000,9999.000,9999.000,9999.000
202608110530,   5.110,9999.000,9999.000,9999.000,9999.000,9999.000,9999.000,9999.000,9999.000
202608110536,   4.949,9999.000,9999.000,9999.000,9999.000,9999.000,9999.000,9999.000,9999.000
202608110542,   4.784,9999.000,9999.000,9999.000,9999.000,9999.000,9999.000,9999.000,9999.000
202608110548,   4.616,9999.000,9999.000,9999.000,9999.000,9999.000,9999.000,9999.000,9999.000
202608110554,   4.445,9999.000,9999.000,9999.000,9999.000,9999.000,9999.000,9999.000,9999.000
202608110600,   4.271,9999.000,   0.600,   0.058,   4.929,   0.600,   4.929,   0.700,   5.029
202608110606,   4.095,9999.000,9999.000,9999.000,9999.000,9999.000,9999.000,9999.000,9999.000
202608110612,   3.917,9999.000,9999.000,9999.000,9999.000,9999.000,9999.000,9999.000,9999.000
202608110618,   3.736,9999.000,9999.000,9999.000,9999.000,9999.000,9999.000,9999.000,9999.000
202608110624,   3.555,9999.000,9999.000,9999.000,9999.000,9999.000,9999.000,9999.000,9999.000
202608110630,   3.372,9999.000,9999.000,9999.000,9999.000,9999.000,9999.000,9999.000,9999.000
202608110636,   3.188,9999.000,9999.000,9999.000,9999.000,9999.000,9999.000,9999.000,9999.000
202608110642,   3.004,9999.000,9999.000,9999.000,9999.000,9999.000,9999.000,9999.000,9999.000
202608110648,   2.820,9999.000,9999.000,9999.000,9999.000,9999.000,9999.000,9999.000,9999.000
202608110654,   2.636,9999.000,9999.000,9999.000,9999.000,9999.000,9999.000,9999.000,9999.000
202608110700,   2.452,9999.000,   0.600,   0.058,   3.110,   0.600,   3.110,   0.700,   3.210
202608110706,   2.269,9999.000,9999.000,9999.000,9999.000,9999.000,9999.000,9999.000,9999.000
202608110712,   2.088,9999.000,9999.000,9999.000,9999.000,9999.000,9999.000,9999.000,9999.000
202608110718,   1.908,9999.000,9999.000,9999.000,9999.000,9999.000,9999.000,9999.000,9999.000
202608110724,   1.730,9999.000,9999.000,9999.000,9999.000,9999.000,9999.000,9999.000,9999.000
202608110730,   1.554,9999.000,9999.000,9999.000,9999.000,9999.000,9999.000,9999.000,9999.000
202608110736,   1.380,9999.000,9999.000,9999.000,9999.000,9999.000,9999.000,9999.000,9999.000
202608110742,   1.210,9999.000,9999.000,9999.000,9999.000,9999.000,9999.000,9999.000,9999.000
202608110748,   1.042,9999.000,9999.000,9999.000,9999.000,9999.000,9999.000,9999.000,9999.000
202608110754,   0.879,9999.000,9999.000,9999.000,9999.000,9999.000,9999.000,9999.000,9999.000
202608110800,   0.719,9999.000,   0.600,   0.058,   1.377,   0.600,   1.377,   0.600,   1.377
202608110806,   0.563,9999.000,9999.000,9999.000,9999.000,9999.000,9999.000,9999.000,9999.000
202608110812,   0.412,9999.000,9999.000,9999.000,9999.000,9999.000,9999.000,9999.000,9999.000
202608110818,   0.266,9999.000,9999.000,9999.000,9999.000,9999.000,9999.000,9999.000,9999.000
202608110824,   0.125,9999.000,9999.000,9999.000,9999.000,9999.000,9999.000,9999.000,9999.000
202608110830,  -0.009,9999.000,9999.000,9999.000,9999.000,9999.000,9999.000,9999.000,9999.000
202608110836,  -0.139,9999.000,9999.000,9999.000,9999.000,9999.000,9999.000,9999.000,9999.000
202608110842,  -0.262,9999.000,9999.000,9999.000,9999.000,9999.000,9999.000,9999.000,9999.000
202608110848,  -0.379,9999.000,9999.000,9999.000,9999.000,9999.000,9999.000,9999.000,9999.000
202608110854,  -0.490,9999.000,9999.000,9999.000,9999.000,9999.000,9999.000,9999.000,9999.000
202608110900,  -0.594,9999.000,   0.600,   0.058,   0.064,   0.600,   0.064,   0.600,   0.064
202608110906,  -0.691,9999.000,9999.000,9999.000,9999.000,9999.000,9999.000,9999.000,9999.000
202608110912,  -0.780,9999.000,9999.000,9999.000,9999.000,9999.000,9999.000,9999.000,9999.000
202608110918,  -0.863,9999.000,9999.000,9999.000,9999.000,9999.000,9999.000,9999.000,9999.000
202608110924,  -0.937,9999.000,9999.000,9999.000,9999.000,9999.000,9999.000,9999.000,9999.000
202608110930,  -1.004,9999.000,9999.000,9999.000,9999.000,9999.000,9999.000,9999.000,9999.000
202608110936,  -1.064,9999.000,9999.000,9999.000,9999.000,9999.000,9999.000,9999.000,9999.000
202608110942,  -1.115,9999.000,9999.000,9999.000,9999.000,9999.000,9999.000,9999.000,9999.000
202608110948,  -1.158,9999.000,9999.000,9999.000,9999.000,9999.000,9999.000,9999.000,9999.000
202608110954,  -1.194,9999.000,9999.000,9999.000,9999.000,9999.000,9999.000,9999.000,9999.000
202608111000,  -1.221,9999.000,   0.600,   0.058,  -0.563,   0.600,  -0.563,   0.600,  -0.563
202608111006,  -1.240,9999.000,9999.000,9999.000,9999.000,9999.000,9999.000,9999.000,9999.000
202608111012,  -1.251,9999.000,9999.000,9999.000,9999.000,9999.000,9999.000,9999.000,9999.000
202608111018,  -1.255,9999.000,9999.000,9999.000,9999.000,9999.000,9999.000,9999.000,9999.000
202608111024,  -1.250,9999.000,9999.000,9999.000,9999.000,9999.000,9999.000,9999.000,9999.000
202608111030,  -1.237,9999.000,9999.000,9999.000,9999.000,9999.000,9999.000,9999.000,9999.000
202608111036,  -1.217,9999.000,9999.000,9999.000,9999.000,9999.000,9999.000,9999.000,9999.000
202608111042,  -1.189,9999.000,9999.000,9999.000,9999.000,9999.000,9999.000,9999.000,9999.000
202608111048,  -1.153,9999.000,9999.000,9999.000,9999.000,9999.000,9999.000,9999.000,9999.000
202608111054,  -1.110,9999.000,9999.000,9999.000,9999.000,9999.000,9999.000,9999.000,9999.000
202608111100,  -1.059,9999.000,   0.600,   0.058,  -0.401,   0.600,  -0.401,   0.600,  -0.401
202608111106,  -1.002,9999.000,9999.000,9999.000,9999.000,9999.000,9999.000,9999.000,9999.000
202608111112,  -0.937,9999.000,9999.000,9999.000,9999.000,9999.000,9999.000,9999.000,9999.000
202608111118,  -0.866,9999.000,9999.000,9999.000,9999.000,9999.000,9999.000,9999.000,9999.000
202608111124,  -0.788,9999.000,9999.000,9999.000,9999.000,9999.000,9999.000,9999.000,9999.000
202608111130,  -0.704,9999.000,9999.000,9999.000,9999.000,9999.000,9999.000,9999.000,9999.000
202608111136,  -0.614,9999.000,9999.000,9999.000,9999.000,9999.000,9999.000,9999.000,9999.000
202608111142,  -0.519,9999.000,9999.000,9999.000,9999.000,9999.000,9999.000,9999.000,9999.000
202608111148,  -0.417,9999.000,9999.000,9999.000,9999.000,9999.000,9999.000,9999.000,9999.000
202608111154,  -0.310,9999.000,9999.000,9999.000,9999.000,9999.000,9999.000,9999.000,9999.000
202608111200,  -0.199,9999.000,   0.600,   0.058,   0.459,   0.600,   0.459,   0.600,   0.459
202608111206,  -0.082,9999.000,9999.000,9999.000,9999.000,9999.000,9999.000,9999.000,9999.000
202608111212,   0.038,9999.000,9999.000,9999.000,9999.000,9999.000,9999.000,9999.000,9999.000
202608111218,   0.163,9999.000,9999.000,9999.000,9999.000,9999.000,9999.000,9999.000,9999.000
202608111224,   0.292,9999.000,9999.000,9999.000,9999.000,9999.000,9999.000,9999.000,9999.000
202608111230,   0.425,9999.000,9999.000,9999.000,9999.000,9999.000,9999.000,9999.000,9999.000
202608111236,   0.560,9999.000,9999.000,9999.000,9999.000,9999.000,9999.000,9999.000,9999.000
202608111242,   0.699,9999.000,9999.000,9999.000,9999.000,9999.000,9999.000,9999.000,9999.000
202608111248,   0.840,9999.000,9999.000,9999.000,9999.000,9999.000,9999.000,9999.000,9999.000
202608111254,   0.983,9999.000,9999.000,9999.000,9999.000,9999.000,9999.000,9999.000,9999.000
202608111300,   1.128,9999.000,   0.600,   0.058,   1.786,   0.600,   1.786,   0.600,   1.786
202608111306,   1.275,9999.000,9999.000,9999.000,9999.000,9999.000,9999.000,9999.000,9999.000
202608111312,   1.423,9999.000,9999.000,9999.000,9999.000,9999.000,9999.000,9999.000,9999.000
202608111318,   1.571,9999.000,9999.000,9999.000,9999.000,9999.000,9999.000,9999.000,9999.000
202608111324,   1.720,9999.000,9999.000,9999.000,9999.000,9999.000,9999.000,9999.000,9999.000
202608111330,   1.869,9999.000,9999.000,9999.000,9999.000,9999.000,9999.000,9999.000,9999.000
202608111336,   2.017,9999.000,9999.000,9999.000,9999.000,9999.000,9999.000,9999.000,9999.000
202608111342,   2.165,9999.000,9999.000,9999.000,9999.000,9999.000,9999.000,9999.000,9999.000
202608111348,   2.312,9999.000,9999.000,9999.000,9999.000,9999.000,9999.000,9999.000,9999.000
202608111354,   2.456,9999.000,9999.000,9999.000,9999.000,9999.000,9999.000,9999.000,9999.000
202608111400,   2.600,9999.000,   0.600,   0.058,   3.258,   0.600,   3.258,   0.600,   3.258
202608111406,   2.740,9999.000,9999.000,9999.000,9999.000,9999.000,9999.000,9999.000,9999.000
202608111412,   2.878,9999.000,9999.000,9999.000,9999.000,9999.000,9999.000,9999.000,9999.000
202608111418,   3.013,9999.000,9999.000,9999.000,9999.000,9999.000,9999.000,9999.000,9999.000
202608111424,   3.145,9999.000,9999.000,9999.000,9999.000,9999.000,9999.000,9999.000,9999.000
202608111430,   3.273,9999.000,9999.000,9999.000,9999.000,9999.000,9999.000,9999.000,9999.000
202608111436,   3.397,9999.000,9999.000,9999.000,9999.000,9999.000,9999.000,9999.000,9999.000
202608111442,   3.517,9999.000,9999.000,9999.000,9999.000,9999.000,9999.000,9999.000,9999.000
202608111448,   3.631,9999.000,9999.000,9999.000,9999.000,9999.000,9999.000,9999.000,9999.000
202608111454,   3.741,9999.000,9999.000,9999.000,9999.000,9999.000,9999.000,9999.000,9999.000
202608111500,   3.846,9999.000,   0.600,   0.058,   4.504,   0.600,   4.504,   0.600,   4.504
202608111506,   3.945,9999.000,9999.000,9999.000,9999.000,9999.000,9999.000,9999.000,9999.000
202608111512,   4.039,9999.000,9999.000,9999.000,9999.000,9999.000,9999.000,9999.000,9999.000
202608111518,   4.126,9999.000,9999.000,9999.000,9999.000,9999.000,9999.000,9999.000,9999.000
202608111524,   4.208,9999.000,9999.000,9999.000,9999.000,9999.000,9999.000,9999.000,9999.000
202608111530,   4.283,9999.000,9999.000,9999.000,9999.000,9999.000,9999.000,9999.000,9999.000
202608111536,   4.352,9999.000,9999.000,9999.000,9999.000,9999.000,9999.000,9999.000,9999.000
202608111542,   4.415,9999.000,9999.000,9999.000,9999.000,9999.000,9999.000,9999.000,9999.000
202608111548,   4.471,9999.000,9999.000,9999.000,9999.000,9999.000,9999.000,9999.000,9999.000
202608111554,   4.520,9999.000,9999.000,9999.000,9999.000,9999.000,9999.000,9999.000,9999.000
202608111600,   4.563,9999.000,   0.600,   0.058,   5.221,   0.600,   5.221,   0.600,   5.221
202608111606,   4.599,9999.000,9999.000,9999.000,9999.000,9999.000,9999.000,9999.000,9999.000
202608111612,   4.628,9999.000,9999.000,9999.000,9999.000,9999.000,9999.000,9999.000,9999.000
202608111618,   4.651,9999.000,9999.000,9999.000,9999.000,9999.000,9999.000,9999.000,9999.000
202608111624,   4.667,9999.000,9999.000,9999.000,9999.000,9999.000,9999.000,9999.000,9999.000
202608111630,   4.677,9999.000,9999.000,9999.000,9999.000,9999.000,9999.000,9999.000,9999.000
202608111636,   4.681,9999.000,9999.000,9999.000,9999.000,9999.000,9999.000,9999.000,9999.000
202608111642,   4.678,9999.000,9999.000,9999.000,9999.000,9999.000,9999.000,9999.000,9999.000
202608111648,   4.669,9999.000,9999.000,9999.000,9999.000,9999.000,9999.000,9999.000,9999.000
202608111654,   4.654,9999.000,9999.000,9999.000,9999.000,9999.000,9999.000,9999.000,9999.000
202608111700,   4.634,9999.000,   0.600,   0.058,   5.292,   0.600,   5.292,   0.600,   5.292
202608111706,   4.608,9999.000,9999.000,9999.000,9999.000,9999.000,9999.000,9999.000,9999.000
202608111712,   4.577,9999.000,9999.000,9999.000,9999.000,9999.000,9999.000,9999.000,9999.000
202608111718,   4.540,9999.000,9999.000,9999.000,9999.000,9999.000,9999.000,9999.000,9999.000
202608111724,   4.499,9999.000,9999.000,9999.000,9999.000,9999.000,9999.000,9999.000,9999.000
202608111730,   4.453,9999.000,9999.000,9999.000,9999.000,9999.000,9999.000,9999.000,9999.000
202608111736,   4.402,9999.000,9999.000,9999.000,9999.000,9999.000,9999.000,9999.000,9999.000
202608111742,   4.348,9999.000,9999.000,9999.000,9999.000,9999.000,9999.000,9999.000,9999.000
202608111748,   4.289,9999.000,9999.000,9999.000,9999.000,9999.000,9999.000,9999.000,9999.000
202608111754,   4.227,9999.000,9999.000,9999.000,9999.000,9999.000,9999.000,9999.000,9999.000
202608111800,   4.161,9999.000,   0.600,   0.058,   4.819,   0.500,   4.719,   0.600,   4.819
202608111806,   4.092,9999.000,9999.000,9999.000,9999.000,9999.000,9999.000,9999.000,9999.000
202608111812,   4.020,9999.000,9999.000,9999.000,9999.000,9999.000,9999.000,9999.000,9999.000
202608111818,   3.945,9999.000,9999.000,9999.000,9999.000,9999.000,9999.000,9999.000,9999.000
202608111824,   3.868,9999.000,9999.000,9999.000,9999.000,9999.000,9999.000,9999.000,9999.000
202608111830,   3.789,9999.000,9999.000,9999.000,9999.000,9999.000,9999.000,9999.000,9999.000
202608111836,   3.708,9999.000,9999.000,9999.000,9999.000,9999.000,9999.000,9999.000,9999.000
202608111842,   3.626,9999.000,9999.000,9999.000,9999.000,9999.000,9999.000,9999.000,9999.000
202608111848,   3.542,9999.000,9999.000,9999.000,9999.000,9999.000,9999.000,9999.000,9999.000
202608111854,   3.457,9999.000,9999.000,9999.000,9999.000,9999.000,9999.000,9999.000,9999.000
202608111900,   3.371,9999.000,   0.600,   0.058,   4.029,   0.500,   3.929,   0.600,   4.029
202608111906,   3.284,9999.000,9999.000,9999.000,9999.000,9999.000,9999.000,9999.000,9999.000
202608111912,   3.198,9999.000,9999.000,9999.000,9999.000,9999.000,9999.000,9999.000,9999.000
202608111918,   3.111,9999.000,9999.000,9999.000,9999.000,9999.000,9999.000,9999.000,9999.000
202608111924,   3.025,9999.000,9999.000,9999.000,9999.000,9999.000,9999.000,9999.000,9999.000
202608111930,   2.940,9999.000,9999.000,9999.000,9999.000,9999.000,9999.000,9999.000,9999.000
202608111936,   2.855,9999.000,9999.000,9999.000,9999.000,9999.000,9999.000,9999.000,9999.000
202608111942,   2.772,9999.000,9999.000,9999.000,9999.000,9999.000,9999.000,9999.000,9999.000
202608111948,   2.690,9999.000,9999.000,9999.000,9999.000,9999.000,9999.000,9999.000,9999.000
202608111954,   2.610,9999.000,9999.000,9999.000,9999.000,9999.000,9999.000,9999.000,9999.000
202608112000,   2.532,9999.000,   0.600,   0.058,   3.190,   0.500,   3.090,   0.600,   3.190
202608112006,   2.456,9999.000,9999.000,9999.000,9999.000,9999.000,9999.000,9999.000,9999.000
202608112012,   2.383,9999.000,9999.000,9999.000,9999.000,9999.000,9999.000,9999.000,9999.000
202608112018,   2.313,9999.000,9999.000,9999.000,9999.000,9999.000,9999.000,9999.000,9999.000
202608112024,   2.246,9999.000,9999.000,9999.000,9999.000,9999.000,9999.000,9999.000,9999.000
202608112030,   2.183,9999.000,9999.000,9999.000,9999.000,9999.000,9999.000,9999.000,9999.000
202608112036,   2.123,9999.000,9999.000,9999.000,9999.000,9999.000,9999.000,9999.000,9999.000
202608112042,   2.068,9999.000,9999.000,9999.000,9999.000,9999.000,9999.000,9999.000,9999.000
202608112048,   2.017,9999.000,9999.000,9999.000,9999.000,9999.000,9999.000,9999.000,9999.000
202608112054,   1.970,9999.000,9999.000,9999.000,9999.000,9999.000,9999.000,9999.000,9999.000
202608112100,   1.928,9999.000,   0.600,   0.058,   2.586,   0.600,   2.586,   0.600,   2.586
202608112106,   1.892,9999.000,9999.000,9999.000,9999.000,9999.000,9999.000,9999.000,9999.000
202608112112,   1.860,9999.000,9999.000,9999.000,9999.000,9999.000,9999.000,9999.000,9999.000
202608112118,   1.834,9999.000,9999.000,9999.000,9999.000,9999.000,9999.000,9999.000,9999.000
202608112124,   1.814,9999.000,9999.000,9999.000,9999.000,9999.000,9999.000,9999.000,9999.000
202608112130,   1.799,9999.000,9999.000,9999.000,9999.000,9999.000,9999.000,9999.000,9999.000
202608112136,   1.791,9999.000,9999.000,9999.000,9999.000,9999.000,9999.000,9999.000,9999.000
202608112142,   1.788,9999.000,9999.000,9999.000,9999.000,9999.000,9999.000,9999.000,9999.000
202608112148,   1.792,9999.000,9999.000,9999.000,9999.000,9999.000,9999.000,9999.000,9999.000
202608112154,   1.802,9999.000,9999.000,9999.000,9999.000,9999.000,9999.000,9999.000,9999.000
202608112200,   1.818,9999.000,   0.600,   0.058,   2.476,   0.600,   2.476,   0.600,   2.476
202608112206,   1.840,9999.000,9999.000,9999.000,9999.000,9999.000,9999.000,9999.000,9999.000
202608112212,   1.869,9999.000,9999.000,9999.000,9999.000,9999.000,9999.000,9999.000,9999.000
202608112218,   1.904,9999.000,9999.000,9999.000,9999.000,9999.000,9999.000,9999.000,9999.000
202608112224,   1.946,9999.000,9999.000,9999.000,9999.000,9999.000,9999.000,9999.000,9999.000
202608112230,   1.993,9999.000,9999.000,9999.000,9999.000,9999.000,9999.000,9999.000,9999.000
202608112236,   2.047,9999.000,9999.000,9999.000,9999.000,9999.000,9999.000,9999.000,9999.000
202608112242,   2.107,9999.000,9999.000,9999.000,9999.000,9999.000,9999.000,9999.000,9999.000
202608112248,   2.173,9999.000,9999.000,9999.000,9999.000,9999.000,9999.000,9999.000,9999.000
202608112254,   2.245,9999.000,9999.000,9999.000,9999.000,9999.000,9999.000,9999.000,9999.000
202608112300,   2.323,9999.000,   0.600,   0.058,   2.981,   0.600,   2.981,   0.600,   2.981
202608112306,   2.406,9999.000,9999.000,9999.000,9999.000,9999.000,9999.000,9999.000,9999.000
202608112312,   2.494,9999.000,9999.000,9999.000,9999.000,9999.000,9999.000,9999.000,9999.000
202608112318,   2.587,9999.000,9999.000,9999.000,9999.000,9999.000,9999.000,9999.000,9999.000
202608112324,   2.686,9999.000,9999.000,9999.000,9999.000,9999.000,9999.000,9999.000,9999.000
202608112330,   2.789,9999.000,9999.000,9999.000,9999.000,9999.000,9999.000,9999.000,9999.000
202608112336,   2.897,9999.000,9999.000,9999.000,9999.000,9999.000,9999.000,9999.000,9999.000
202608112342,   3.009,9999.000,9999.000,9999.000,9999.000,9999.000,9999.000,9999.000,9999.000
202608112348,   3.124,9999.000,9999.000,9999.000,9999.000,9999.000,9999.000,9999.000,9999.000
202608112354,   3.244,9999.000,9999.000,9999.000,9999.000,9999.000,9999.000,9999.000,9999.000
202608120000,   3.367,9999.000,   0.600,   0.058,   4.025,   0.600,   4.025,   0.700,   4.125
202608120006,   3.493,9999.000,9999.000,9999.000,9999.000,9999.000,9999.000,9999.000,9999.000
202608120012,   3.622,9999.000,9999.000,9999.000,9999.000,9999.000,9999.000,9999.000,9999.000
202608120018,   3.753,9999.000,9999.000,9999.000,9999.000,9999.000,9999.000,9999.000,9999.000
202608120024,   3.887,9999.000,9999.000,9999.000,9999.000,9999.000,9999.000,9999.000,9999.000
202608120030,   4.023,9999.000,9999.000,9999.000,9999.000,9999.000,9999.000,9999.000,9999.000
202608120036,   4.160,9999.000,9999.000,9999.000,9999.000,9999.000,9999.000,9999.000,9999.000
202608120042,   4.299,9999.000,9999.000,9999.000,9999.000,9999.000,9999.000,9999.000,9999.000
202608120048,   4.438,9999.000,9999.000,9999.000,9999.000,9999.000,9999.000,9999.000,9999.000
202608120054,   4.579,9999.000,9999.000,9999.000,9999.000,9999.000,9999.000,9999.000,9999.000
202608120100,   4.719,9999.000,   0.600,   0.058,   5.377,   0.600,   5.377,   0.700,   5.477
202608120106,   4.860,9999.000,9999.000,9999.000,9999.000,9999.000,9999.000,9999.000,9999.000
202608120112,   5.000,9999.000,9999.000,9999.000,9999.000,9999.000,9999.000,9999.000,9999.000
202608120118,   5.139,9999.000,9999.000,9999.000,9999.000,9999.000,9999.000,9999.000,9999.000
202608120124,   5.278,9999.000,9999.000,9999.000,9999.000,9999.000,9999.000,9999.000,9999.000
202608120130,   5.415,9999.000,9999.000,9999.000,9999.000,9999.000,9999.000,9999.000,9999.000
202608120136,   5.550,9999.000,9999.000,9999.000,9999.000,9999.000,9999.000,9999.000,9999.000
202608120142,   5.683,9999.000,9999.000,9999.000,9999.000,9999.000,9999.000,9999.000,9999.000
202608120148,   5.814,9999.000,9999.000,9999.000,9999.000,9999.000,9999.000,9999.000,9999.000
202608120154,   5.942,9999.000,9999.000,9999.000,9999.000,9999.000,9999.000,9999.000,9999.000
202608120200,   6.066,9999.000,   0.700,   0.058,   6.824,   0.600,   6.724,   0.700,   6.824
202608120206,   6.187,9999.000,9999.000,9999.000,9999.000,9999.000,9999.000,9999.000,9999.000
202608120212,   6.304,9999.000,9999.000,9999.000,9999.000,9999.000,9999.000,9999.000,9999.000
202608120218,   6.417,9999.000,9999.000,9999.000,9999.000,9999.000,9999.000,9999.000,9999.000
202608120224,   6.525,9999.000,9999.000,9999.000,9999.000,9999.000,9999.000,9999.000,9999.000
202608120230,   6.628,9999.000,9999.000,9999.000,9999.000,9999.000,9999.000,9999.000,9999.000
202608120236,   6.725,9999.000,9999.000,9999.000,9999.000,9999.000,9999.000,9999.000,9999.000
202608120242,   6.817,9999.000,9999.000,9999.000,9999.000,9999.000,9999.000,9999.000,9999.000
202608120248,   6.903,9999.000,9999.000,9999.000,9999.000,9999.000,9999.000,9999.000,9999.000
202608120254,   6.982,9999.000,9999.000,9999.000,9999.000,9999.000,9999.000,9999.000,9999.000
202608120300,   7.055,9999.000,   0.700,   0.058,   7.813,   0.600,   7.713,   0.700,   7.813
202608120306,   7.121,9999.000,9999.000,9999.000,9999.000,9999.000,9999.000,9999.000,9999.000
202608120312,   7.180,9999.000,9999.000,9999.000,9999.000,9999.000,9999.000,9999.000,9999.000
202608120318,   7.231,9999.000,9999.000,9999.000,9999.000,9999.000,9999.000,9999.000,9999.000
202608120324,   7.274,9999.000,9999.000,9999.000,9999.000,9999.000,9999.000,9999.000,9999.000
202608120330,   7.310,9999.000,9999.000,9999.000,9999.000,9999.000,9999.000,9999.000,9999.000
202608120336,   7.338,9999.000,9999.000,9999.000,9999.000,9999.000,9999.000,9999.000,9999.000
202608120342,   7.357,9999.000,9999.000,9999.000,9999.000,9999.000,9999.000,9999.000,9999.000
202608120348,   7.368,9999.000,9999.000,9999.000,9999.000,9999.000,9999.000,9999.000,9999.000
202608120354,   7.371,9999.000,9999.000,9999.000,9999.000,9999.000,9999.000,9999.000,9999.000
202608120400,   7.365,9999.000,   0.700,   0.058,   8.123,   0.600,   8.023,   0.700,   8.123
202608120406,   7.350,9999.000,9999.000,9999.000,9999.000,9999.000,9999.000,9999.000,9999.000
202608120412,   7.327,9999.000,9999.000,9999.000,9999.000,9999.000,9999.000,9999.000,9999.000
202608120418,   7.296,9999.000,9999.000,9999.000,9999.000,9999.000,9999.000,9999.000,9999.000
202608120424,   7.255,9999.000,9999.000,9999.000,9999.000,9999.000,9999.000,9999.000,9999.000
202608120430,   7.207,9999.000,9999.000,9999.000,9999.000,9999.000,9999.000,9999.000,9999.000
202608120436,   7.150,9999.000,9999.000,9999.000,9999.000,9999.000,9999.000,9999.000,9999.000
202608120442,   7.084,9999.000,9999.000,9999.000,9999.000,9999.000,9999.000,9999.000,9999.000
202608120448,   7.011,9999.000,9999.000,9999.000,9999.000,9999.000,9999.000,9999.000,9999.000
202608120454,   6.929,9999.000,9999.000,9999.000,9999.000,9999.000,9999.000,9999.000,9999.000
202608120500,   6.840,9999.000,   0.600,   0.058,   7.498,   0.600,   7.498,   0.700,   7.598
202608120506,   6.743,9999.000,9999.000,9999.000,9999.000,9999.000,9999.000,9999.000,9999.000
202608120512,   6.639,9999.000,9999.000,9999.000,9999.000,9999.000,9999.000,9999.000,9999.000
202608120518,   6.528,9999.000,9999.000,9999.000,9999.000,9999.000,9999.000,9999.000,9999.000
202608120524,   6.409,9999.000,9999.000,9999.000,9999.000,9999.000,9999.000,9999.000,9999.000
202608120530,   6.285,9999.000,9999.000,9999.000,9999.000,9999.000,9999.000,9999.000,9999.000
202608120536,   6.153,9999.000,9999.000,9999.000,9999.000,9999.000,9999.000,9999.000,9999.000
202608120542,   6.016,9999.000,9999.000,9999.000,9999.000,9999.000,9999.000,9999.000,9999.000
202608120548,   5.873,9999.000,9999.000,9999.000,9999.000,9999.000,9999.000,9999.000,9999.000
202608120554,   5.725,9999.000,9999.000,9999.000,9999.000,9999.000,9999.000,9999.000,9999.000
202608120600,   5.572,9999.000,   0.600,   0.058,   6.230,   0.600,   6.230,   0.700,   6.330
202608120606,   5.413,9999.000,9999.000,9999.000,9999.000,9999.000,9999.000,9999.000,9999.000
202608120612,   5.251,9999.000,9999.000,9999.000,9999.000,9999.000,9999.000,9999.000,9999.000
202608120618,   5.084,9999.000,9999.000,9999.000,9999.000,9999.000,9999.000,9999.000,9999.000
202608120624,   4.913,9999.000,9999.000,9999.000,9999.000,9999.000,9999.000,9999.000,9999.000
202608120630,   4.739,9999.000,9999.000,9999.000,9999.000,9999.000,9999.000,9999.000,9999.000
202608120636,   4.562,9999.000,9999.000,9999.000,9999.000,9999.000,9999.000,9999.000,9999.000
202608120642,   4.381,9999.000,9999.000,9999.000,9999.000,9999.000,9999.000,9999.000,9999.000
202608120648,   4.199,9999.000,9999.000,9999.000,9999.000,9999.000,9999.000,9999.000,9999.000
202608120654,   4.014,9999.000,9999.000,9999.000,9999.000,9999.000,9999.000,9999.000,9999.000
202608120700,   3.827,9999.000,   0.600,   0.058,   4.485,   0.600,   4.485,   0.700,   4.585
202608120706,   3.639,9999.000,9999.000,9999.000,9999.000,9999.000,9999.000,9999.000,9999.000
202608120712,   3.450,9999.000,9999.000,9999.000,9999.000,9999.000,9999.000,9999.000,9999.000
202608120718,   3.260,9999.000,9999.000,9999.000,9999.000,9999.000,9999.000,9999.000,9999.000
202608120724,   3.070,9999.000,9999.000,9999.000,9999.000,9999.000,9999.000,9999.000,9999.000
202608120730,   2.879,9999.000,9999.000,9999.000,9999.000,9999.000,9999.000,9999.000,9999.000
202608120736,   2.689,9999.000,9999.000,9999.000,9999.000,9999.000,9999.000,9999.000,9999.000
202608120742,   2.499,9999.000,9999.000,9999.000,9999.000,9999.000,9999.000,9999.000,9999.000
202608120748,   2.310,9999.000,9999.000,9999.000,9999.000,9999.000,9999.000,9999.000,9999.000
202608120754,   2.122,9999.000,9999.000,9999.000,9999.000,9999.000,9999.000,9999.000,9999.000
202608120800,   1.936,9999.000,   0.600,   0.058,   2.594,   0.600,   2.594,   0.700,   2.694
202608120806,   1.752,9999.000,9999.000,9999.000,9999.000,9999.000,9999.000,9999.000,9999.000
202608120812,   1.571,9999.000,9999.000,9999.000,9999.000,9999.000,9999.000,9999.000,9999.000
202608120818,   1.392,9999.000,9999.000,9999.000,9999.000,9999.000,9999.000,9999.000,9999.000
202608120824,   1.216,9999.000,9999.000,9999.000,9999.000,9999.000,9999.000,9999.000,9999.000
202608120830,   1.043,9999.000,9999.000,9999.000,9999.000,9999.000,9999.000,9999.000,9999.000
202608120836,   0.875,9999.000,9999.000,9999.000,9999.000,9999.000,9999.000,9999.000,9999.000
202608120842,   0.710,9999.000,9999.000,9999.000,9999.000,9999.000,9999.000,9999.000,9999.000
202608120848,   0.550,9999.000,9999.000,9999.000,9999.000,9999.000,9999.000,9999.000,9999.000
202608120854,   0.395,9999.000,9999.000,9999.000,9999.000,9999.000,9999.000,9999.000,9999.000
202608120900,   0.245,9999.000,   0.600,   0.058,   0.903,   0.600,   0.903,   0.700,   1.003
202608120906,   0.101,9999.000,9999.000,9999.000,9999.000,9999.000,9999.000,9999.000,9999.000
202608120912,  -0.036,9999.000,9999.000,9999.000,9999.000,9999.000,9999.000,9999.000,9999.000
202608120918,  -0.169,9999.000,9999.000,9999.000,9999.000,9999.000,9999.000,9999.000,9999.000
202608120924,  -0.294,9999.000,9999.000,9999.000,9999.000,9999.000,9999.000,9999.000,9999.000
202608120930,  -0.413,9999.000,9999.000,9999.000,9999.000,9999.000,9999.000,9999.000,9999.000
202608120936,  -0.525,9999.000,9999.000,9999.000,9999.000,9999.000,9999.000,9999.000,9999.000
202608120942,  -0.630,9999.000,9999.000,9999.000,9999.000,9999.000,9999.000,9999.000,9999.000
202608120948,  -0.727,9999.000,9999.000,9999.000,9999.000,9999.000,9999.000,9999.000,9999.000
202608120954,  -0.817,9999.000,9999.000,9999.000,9999.000,9999.000,9999.000,9999.000,9999.000
202608121000,  -0.898,9999.000,   0.600,   0.058,  -0.240,   0.600,  -0.240,   0.700,  -0.140
202608121006,  -0.971,9999.000,9999.000,9999.000,9999.000,9999.000,9999.000,9999.000,9999.000
202608121012,  -1.036,9999.000,9999.000,9999.000,9999.000,9999.000,9999.000,9999.000,9999.000
202608121018,  -1.093,9999.000,9999.000,9999.000,9999.000,9999.000,9999.000,9999.000,9999.000
202608121024,  -1.141,9999.000,9999.000,9999.000,9999.000,9999.000,9999.000,9999.000,9999.000
202608121030,  -1.181,9999.000,9999.000,9999.000,9999.000,9999.000,9999.000,9999.000,9999.000
202608121036,  -1.212,9999.000,9999.000,9999.000,9999.000,9999.000,9999.000,9999.000,9999.000
202608121042,  -1.234,9999.000,9999.000,9999.000,9999.000,9999.000,9999.000,9999.000,9999.000
202608121048,  -1.248,9999.000,9999.000,9999.000,9999.000,9999.000,9999.000,9999.000,9999.000
202608121054,  -1.253,9999.000,9999.000,9999.000,9999.000,9999.000,9999.000,9999.000,9999.000
202608121100,  -1.249,9999.000,   0.600,   0.058,  -0.591,   0.600,  -0.591,   0.700,  -0.491
202608121106,  -1.238,9999.000,9999.000,9999.000,9999.000,9999.000,9999.000,9999.000,9999.000
202608121112,  -1.217,9999.000,9999.000,9999.000,9999.000,9999.000,9999.000,9999.000,9999.000
202608121118,  -1.189,9999.000,9999.000,9999.000,9999.000,9999.000,9999.000,9999.000,9999.000
202608121124,  -1.152,9999.000,9999.000,9999.000,9999.000,9999.000,9999.000,9999.000,9999.000
202608121130,  -1.108,9999.000,9999.000,9999.000,9999.000,9999.000,9999.000,9999.000,9999.000
202608121136,  -1.055,9999.000,9999.000,9999.000,9999.000,9999.000,9999.000,9999.000,9999.000
202608121142,  -0.996,9999.000,9999.000,9999.000,9999.000,9999.000,9999.000,9999.000,9999.000
202608121148,  -0.928,9999.000,9999.000,9999.000,9999.000,9999.000,9999.000,9999.000,9999.000
202608121154,  -0.854,9999.000,9999.000,9999.000,9999.000,9999.000,9999.000,9999.000,9999.000
202608121200,  -0.772,9999.000,   0.700,   0.058,  -0.014,   0.600,  -0.114,   0.700,  -0.014
202608121206,  -0.684,9999.000,9999.000,9999.000,9999.000,9999.000,9999.000,9999.000,9999.000
202608121212,  -0.590,9999.000,9999.000,9999.000,9999.000,9999.000,9999.000,9999.000,9999.000
202608121218,  -0.489,9999.000,9999.000,9999.000,9999.000,9999.000,9999.000,9999.000,9999.000
202608121224,  -0.383,9999.000,9999.000,9999.000,9999.000,9999.000,9999.000,9999.000,9999.000
202608121230,  -0.271,9999.000,9999.000,9999.000,9999.000,9999.000,9999.000,9999.000,9999.000
202608121236,  -0.153,9999.000,9999.000,9999.000,9999.000,9999.000,9999.000,9999.000,9999.000
202608121242,  -0.031,9999.000,9999.000,9999.000,9999.000,9999.000,9999.000,9999.000,9999.000
202608121248,   0.095,9999.000,9999.000,9999.000,9999.000,9999.000,9999.000,9999.000,9999.000
202608121254,   0.227,9999.000,9999.000,9999.000,9999.000,9999.000,9999.000,9999.000,9999.000
202608121300,   0.362,9999.000,   0.700,   0.058,   1.120,   0.600,   1.020,   0.700,   1.120
202608121306,   0.501,9999.000,9999.000,9999.000,9999.000,9999.000,9999.000,9999.000,9999.000
202608121312,   0.644,9999.000,9999.000,9999.000,9999.000,9999.000,9999.000,9999.000,9999.000
202608121318,   0.790,9999.000,9999.000,9999.000,9999.000,9999.000,9999.000,9999.000,9999.000
202608121324,   0.938,9999.000,9999.000,9999.000,9999.000,9999.000,9999.000,9999.000,9999.000
202608121330,   1.089,9999.000,9999.000,9999.000,9999.000,9999.000,9999.000,9999.000,9999.000
202608121336,   1.242,9999.000,9999.000,9999.000,9999.000,9999.000,9999.000,9999.000,9999.000
202608121342,   1.396,9999.000,9999.000,9999.000,9999.000,9999.000,9999.000,9999.000,9999.000
202608121348,   1.552,9999.000,9999.000,9999.000,9999.000,9999.000,9999.000,9999.000,9999.000
202608121354,   1.708,9999.000,9999.000,9999.000,9999.000,9999.000,9999.000,9999.000,9999.000
202608121400,   1.865,9999.000,   0.700,   0.058,   2.623,   0.600,   2.523,   0.700,   2.623
202608121406,   2.022,9999.000,9999.000,9999.000,9999.000,9999.000,9999.000,9999.000,9999.000
202608121412,   2.179,9999.000,9999.000,9999.000,9999.000,9999.000,9999.000,9999.000,9999.000
202608121418,   2.335,9999.000,9999.000,9999.000,9999.000,9999.000,9999.000,9999.000,9999.000
202608121424,   2.490,9999.000,9999.000,9999.000,9999.000,9999.000,9999.000,9999.000,9999.000
202608121430,   2.644,9999.000,9999.000,9999.000,9999.000,9999.000,9999.000,9999.000,9999.000
202608121436,   2.795,9999.000,9999.000,9999.000,9999.000,9999.000,9999.000,9999.000,9999.000
202608121442,   2.945,9999.000,9999.000,9999.000,9999.000,9999.000,9999.000,9999.000,9999.000
202608121448,   3.091,9999.000,9999.000,9999.000,9999.000,9999.000,9999.000,9999.000,9999.000
202608121454,   3.235,9999.000,9999.000,9999.000,9999.000,9999.000,9999.000,9999.000,9999.000
202608121500,   3.375,9999.000,   0.700,   0.058,   4.133,   0.600,   4.033,   0.700,   4.133
202608121506,   3.511,9999.000,9999.000,9999.000,9999.000,9999.000,9999.000,9999.000,9999.000
202608121512,   3.643,9999.000,9999.000,9999.000,9999.000,9999.000,9999.000,9999.000,9999.000
202608121518,   3.771,9999.000,9999.000,9999.000,9999.000,9999.000,9999.000,9999.000,9999.000
202608121524,   3.893,9999.000,9999.000,9999.000,9999.000,9999.000,9999.000,9999.000,9999.000
202608121530,   4.010,9999.000,9999.000,9999.000,9999.000,9999.000,9999.000,9999.000,9999.000
202608121536,   4.122,9999.000,9999.000,9999.000,9999.000,9999.000,9999.000,9999.000,9999.000
202608121542,   4.228,9999.000,9999.000,9999.000,9999.000,9999.000,9999.000,9999.000,9999.000
202608121548,   4.328,9999.000,9999.000,9999.000,9999.000,9999.000,9999.000,9999.000,9999.000
202608121554,   4.421,9999.000,9999.000,9999.000,9999.000,9999.000,9999.000,9999.000,9999.000
202608121600,   4.508,9999.000,   0.600,   0.058,   5.166,   0.600,   5.166,   0.700,   5.266
202608121606,   4.588,9999.000,9999.000,9999.000,9999.000,9999.000,9999.000,9999.000,9999.000
202608121612,   4.661,9999.000,9999.000,9999.000,9999.000,9999.000,9999.000,9999.000,9999.000
202608121618,   4.727,9999.000,9999.000,9999.000,9999.000,9999.000,9999.000,9999.000,9999.000
202608121624,   4.786,9999.000,9999.000,9999.000,9999.000,9999.000,9999.000,9999.000,9999.000
202608121630,   4.837,9999.000,9999.000,9999.000,9999.000,9999.000,9999.000,9999.000,9999.000
202608121636,   4.882,9999.000,9999.000,9999.000,9999.000,9999.000,9999.000,9999.000,9999.000
202608121642,   4.918,9999.000,9999.000,9999.000,9999.000,9999.000,9999.000,9999.000,9999.000
202608121648,   4.948,9999.000,9999.000,9999.000,9999.000,9999.000,9999.000,9999.000,9999.000
202608121654,   4.970,9999.000,9999.000,9999.000,9999.000,9999.000,9999.000,9999.000,9999.000
202608121700,   4.985,9999.000,   0.600,   0.058,   5.643,   0.600,   5.643,   0.700,   5.743
202608121706,   4.993,9999.000,9999.000,9999.000,9999.000,9999.000,9999.000,9999.000,9999.000
202608121712,   4.994,9999.000,9999.000,9999.000,9999.000,9999.000,9999.000,9999.000,9999.000
202608121718,   4.987,9999.000,9999.000,9999.000,9999.000,9999.000,9999.000,9999.000,9999.000
202608121724,   4.975,9999.000,9999.000,9999.000,9999.000,9999.000,9999.000,9999.000,9999.000
202608121730,   4.955,9999.000,9999.000,9999.000,9999.000,9999.000,9999.000,9999.000,9999.000
202608121736,   4.929,9999.000,9999.000,9999.000,9999.000,9999.000,9999.000,9999.000,9999.000
202608121742,   4.897,9999.000,9999.000,9999.000,9999.000,9999.000,9999.000,9999.000,9999.000
202608121748,   4.858,9999.000,9999.000,9999.000,9999.000,9999.000,9999.000,9999.000,9999.000
202608121754,   4.814,9999.000,9999.000,9999.000,9999.000,9999.000,9999.000,9999.000,9999.000
202608121800,   4.765,9999.000,   0.600,   0.058,   5.423,   0.600,   5.423,   0.700,   5.523
202608121806,   4.710,9999.000,9999.000,9999.000,9999.000,9999.000,9999.000,9999.000,9999.000
202608121812,   4.650,9999.000,9999.000,9999.000,9999.000,9999.000,9999.000,9999.000,9999.000
202608121818,   4.586,9999.000,9999.000,9999.000,9999.000,9999.000,9999.000,9999.000,9999.000
202608121824,   4.517,9999.000,9999.000,9999.000,9999.000,9999.000,9999.000,9999.000,9999.000
202608121830,   4.444,9999.000,9999.000,9999.000,9999.000,9999.000,9999.000,9999.000,9999.000
202608121836,   4.367,9999.000,9999.000,9999.000,9999.000,9999.000,9999.000,9999.000,9999.000
202608121842,   4.286,9999.000,9999.000,9999.000,9999.000,9999.000,9999.000,9999.000,9999.000
202608121848,   4.202,9999.000,9999.000,9999.000,9999.000,9999.000,9999.000,9999.000,9999.000
202608121854,   4.115,9999.000,9999.000,9999.000,9999.000,9999.000,9999.000,9999.000,9999.000
202608121900,   4.025,9999.000,   0.600,   0.058,   4.683,   0.600,   4.683,   0.700,   4.783
202608121906,   3.933,9999.000,9999.000,9999.000,9999.000,9999.000,9999.000,9999.000,9999.000
202608121912,   3.839,9999.000,9999.000,9999.000,9999.000,9999.000,9999.000,9999.000,9999.000
202608121918,   3.742,9999.000,9999.000,9999.000,9999.000,9999.000,9999.000,9999.000,9999.000
202608121924,   3.644,9999.000,9999.000,9999.000,9999.000,9999.000,9999.000,9999.000,9999.000
202608121930,   3.545,9999.000,9999.000,9999.000,9999.000,9999.000,9999.000,9999.000,9999.000
202608121936,   3.444,9999.000,9999.000,9999.000,9999.000,9999.000,9999.000,9999.000,9999.000
202608121942,   3.343,9999.000,9999.000,9999.000,9999.000,9999.000,9999.000,9999.000,9999.000
202608121948,   3.242,9999.000,9999.000,9999.000,9999.000,9999.000,9999.000,9999.000,9999.000
202608121954,   3.140,9999.000,9999.000,9999.000,9999.000,9999.000,9999.000,9999.000,9999.000
202608122000,   3.038,9999.000,   0.600,   0.058,   3.696,   0.600,   3.696,   0.700,   3.796
202608122006,   2.937,9999.000,9999.000,9999.000,9999.000,9999.000,9999.000,9999.000,9999.000
202608122012,   2.836,9999.000,9999.000,9999.000,9999.000,9999.000,9999.000,9999.000,9999.000
202608122018,   2.737,9999.000,9999.000,9999.000,9999.000,9999.000,9999.000,9999.000,9999.000
202608122024,   2.639,9999.000,9999.000,9999.000,9999.000,9999.000,9999.000,9999.000,9999.000
202608122030,   2.542,9999.000,9999.000,9999.000,9999.000,9999.000,9999.000,9999.000,9999.000
202608122036,   2.448,9999.000,9999.000,9999.000,9999.000,9999.000,9999.000,9999.000,9999.000
202608122042,   2.356,9999.000,9999.000,9999.000,9999.000,9999.000,9999.000,9999.000,9999.000
202608122048,   2.266,9999.000,9999.000,9999.000,9999.000,9999.000,9999.000,9999.000,9999.000
202608122054,   2.180,9999.000,9999.000,9999.000,9999.000,9999.000,9999.000,9999.000,9999.000
202608122100,   2.096,9999.000,   0.700,   0.058,   2.854,   0.600,   2.754,   0.700,   2.854
202608122106,   2.016,9999.000,9999.000,9999.000,9999.000,9999.000,9999.000,9999.000,9999.000
202608122112,   1.941,9999.000,9999.000,9999.000,9999.000,9999.000,9999.000,9999.000,9999.000
202608122118,   1.869,9999.000,9999.000,9999.000,9999.000,9999.000,9999.000,9999.000,9999.000
202608122124,   1.801,9999.000,9999.000,9999.000,9999.000,9999.000,9999.000,9999.000,9999.000
202608122130,   1.739,9999.000,9999.000,9999.000,9999.000,9999.000,9999.000,9999.000,9999.000
202608122136,   1.681,9999.000,9999.000,9999.000,9999.000,9999.000,9999.000,9999.000,9999.000
202608122142,   1.629,9999.000,9999.000,9999.000,9999.000,9999.000,9999.000,9999.000,9999.000
202608122148,   1.583,9999.000,9999.000,9999.000,9999.000,9999.000,9999.000,9999.000,9999.000
202608122154,   1.542,9999.000,9999.000,9999.000,9999.000,9999.000,9999.000,9999.000,9999.000
202608122200,   1.507,9999.000,   0.700,   0.058,   2.265,   0.600,   2.165,   0.700,   2.265
202608122206,   1.478,9999.000,9999.000,9999.000,9999.000,9999.000,9999.000,9999.000,9999.000
202608122212,   1.456,9999.000,9999.000,9999.000,9999.000,9999.000,9999.000,9999.000,9999.000
202608122218,   1.440,9999.000,9999.000,9999.000,9999.000,9999.000,9999.000,9999.000,9999.000
202608122224,   1.431,9999.000,9999.000,9999.000,9999.000,9999.000,9999.000,9999.000,9999.000
202608122230,   1.429,9999.000,9999.000,9999.000,9999.000,9999.000,9999.000,9999.000,9999.000
202608122236,   1.433,9999.000,9999.000,9999.000,9999.000,9999.000,9999.000,9999.000,9999.000
202608122242,   1.444,9999.000,9999.000,9999.000,9999.000,9999.000,9999.000,9999.000,9999.000
202608122248,   1.463,9999.000,9999.000,9999.000,9999.000,9999.000,9999.000,9999.000,9999.000
202608122254,   1.488,9999.000,9999.000,9999.000,9999.000,9999.000,9999.000,9999.000,9999.000
202608122300,   1.521,9999.000,   0.700,   0.058,   2.279,   0.700,   2.279,   0.700,   2.279
202608122306,   1.560,9999.000,9999.000,9999.000,9999.000,9999.000,9999.000,9999.000,9999.000
202608122312,   1.606,9999.000,9999.000,9999.000,9999.000,9999.000,9999.000,9999.000,9999.000
202608122318,   1.659,9999.000,9999.000,9999.000,9999.000,9999.000,9999.000,9999.000,9999.000
202608122324,   1.718,9999.000,9999.000,9999.000,9999.000,9999.000,9999.000,9999.000,9999.000
202608122330,   1.784,9999.000,9999.000,9999.000,9999.000,9999.000,9999.000,9999.000,9999.000
202608122336,   1.856,9999.000,9999.000,9999.000,9999.000,9999.000,9999.000,9999.000,9999.000
202608122342,   1.935,9999.000,9999.000,9999.000,9999.000,9999.000,9999.000,9999.000,9999.000
202608122348,   2.019,9999.000,9999.000,9999.000,9999.000,9999.000,9999.000,9999.000,9999.000
202608122354,   2.110,9999.000,9999.000,9999.000,9999.000,9999.000,9999.000,9999.000,9999.000
202608130000,   2.205,9999.000,   0.700,   0.058,   2.963,   0.700,   2.963,   0.800,   3.063
202608130006,   2.306,9999.000,9999.000,9999.000,9999.000,9999.000,9999.000,9999.000,9999.000
202608130012,   2.413,9999.000,9999.000,9999.000,9999.000,9999.000,9999.000,9999.000,9999.000
202608130018,   2.524,9999.000,9999.000,9999.000,9999.000,9999.000,9999.000,9999.000,9999.000
202608130024,   2.639,9999.000,9999.000,9999.000,9999.000,9999.000,9999.000,9999.000,9999.000
202608130030,   2.759,9999.000,9999.000,9999.000,9999.000,9999.000,9999.000,9999.000,9999.000
202608130036,   2.883,9999.000,9999.000,9999.000,9999.000,9999.000,9999.000,9999.000,9999.000
202608130042,   3.010,9999.000,9999.000,9999.000,9999.000,9999.000,9999.000,9999.000,9999.000
202608130048,   3.141,9999.000,9999.000,9999.000,9999.000,9999.000,9999.000,9999.000,9999.000
202608130054,   3.275,9999.000,9999.000,9999.000,9999.000,9999.000,9999.000,9999.000,9999.000
202608130100,   3.411,9999.000,   0.700,   0.058,   4.169,   0.700,   4.169,   0.800,   4.269
202608130106,   3.550,9999.000,9999.000,9999.000,9999.000,9999.000,9999.000,9999.000,9999.000
202608130112,   3.691,9999.000,9999.000,9999.000,9999.000,9999.000,9999.000,9999.000,9999.000
202608130118,   3.834,9999.000,9999.000,9999.000,9999.000,9999.000,9999.000,9999.000,9999.000
202608130124,   3.979,9999.000,9999.000,9999.000,9999.000,9999.000,9999.000,9999.000,9999.000
202608130130,   4.124,9999.000,9999.000,9999.000,9999.000,9999.000,9999.000,9999.000,9999.000
202608130136,   4.270,9999.000,9999.000,9999.000,9999.000,9999.000,9999.000,9999.000,9999.000
202608130142,   4.417,9999.000,9999.000,9999.000,9999.000,9999.000,9999.000,9999.000,9999.000
202608130148,   4.564,9999.000,9999.000,9999.000,9999.000,9999.000,9999.000,9999.000,9999.000
202608130154,   4.710,9999.000,9999.000,9999.000,9999.000,9999.000,9999.000,9999.000,9999.000
202608130200,   4.856,9999.000,   0.700,   0.058,   5.614,   0.700,   5.614,   0.800,   5.714
202608130206,   5.001,9999.000,9999.000,9999.000,9999.000,9999.000,9999.000,9999.000,9999.000
202608130212,   5.145,9999.000,9999.000,9999.000,9999.000,9999.000,9999.000,9999.000,9999.000
202608130218,   5.287,9999.000,9999.000,9999.000,9999.000,9999.000,9999.000,9999.000,9999.000
202608130224,   5.426,9999.000,9999.000,9999.000,9999.000,9999.000,9999.000,9999.000,9999.000
202608130230,   5.563,9999.000,9999.000,9999.000,9999.000,9999.000,9999.000,9999.000,9999.000
202608130236,   5.698,9999.000,9999.000,9999.000,9999.000,9999.000,9999.000,9999.000,9999.000
202608130242,   5.829,9999.000,9999.000,9999.000,9999.000,9999.000,9999.000,9999.000,9999.000
202608130248,   5.957,9999.000,9999.000,9999.000,9999.000,9999.000,9999.000,9999.000,9999.000
202608130254,   6.080,9999.000,9999.000,9999.000,9999.000,9999.000,9999.000,9999.000,9999.000
202608130300,   6.200,9999.000,   0.700,   0.058,   6.958,   0.700,   6.958,   0.800,   7.058
202608130306,   6.314,9999.000,9999.000,9999.000,9999.000,9999.000,9999.000,9999.000,9999.000
202608130312,   6.423,9999.000,9999.000,9999.000,9999.000,9999.000,9999.000,9999.000,9999.000
202608130318,   6.527,9999.000,9999.000,9999.000,9999.000,9999.000,9999.000,9999.000,9999.000
202608130324,   6.625,9999.000,9999.000,9999.000,9999.000,9999.000,9999.000,9999.000,9999.000
202608130330,   6.717,9999.000,9999.000,9999.000,9999.000,9999.000,9999.000,9999.000,9999.000
202608130336,   6.803,9999.000,9999.000,9999.000,9999.000,9999.000,9999.000,9999.000,9999.000
202608130342,   6.882,9999.000,9999.000,9999.000,9999.000,9999.000,9999.000,9999.000,9999.000
202608130348,   6.953,9999.000,9999.000,9999.000,9999.000,9999.000,9999.000,9999.000,9999.000
202608130354,   7.017,9999.000,9999.000,9999.000,9999.000,9999.000,9999.000,9999.000,9999.000
202608130400,   7.074,9999.000,   0.700,   0.058,   7.832,   0.700,   7.832,   0.800,   7.932
202608130406,   7.123,9999.000,9999.000,9999.000,9999.000,9999.000,9999.000,9999.000,9999.000
202608130412,   7.163,9999.000,9999.000,9999.000,9999.000,9999.000,9999.000,9999.000,9999.000
202608130418,   7.196,9999.000,9999.000,9999.000,9999.000,9999.000,9999.000,9999.000,9999.000
202608130424,   7.220,9999.000,9999.000,9999.000,9999.000,9999.000,9999.000,9999.000,9999.000
202608130430,   7.235,9999.000,9999.000,9999.000,9999.000,9999.000,9999.000,9999.000,9999.000
202608130436,   7.242,9999.000,9999.000,9999.000,9999.000,9999.000,9999.000,9999.000,9999.000
202608130442,   7.240,9999.000,9999.000,9999.000,9999.000,9999.000,9999.000,9999.000,9999.000
202608130448,   7.229,9999.000,9999.000,9999.000,9999.000,9999.000,9999.000,9999.000,9999.000
202608130454,   7.209,9999.000,9999.000,9999.000,9999.000,9999.000,9999.000,9999.000,9999.000
202608130500,   7.181,9999.000,   0.700,   0.058,   7.939,   0.700,   7.939,   0.800,   8.039
202608130506,   7.144,9999.000,9999.000,9999.000,9999.000,9999.000,9999.000,9999.000,9999.000
202608130512,   7.098,9999.000,9999.000,9999.000,9999.000,9999.000,9999.000,9999.000,9999.000
202608130518,   7.044,9999.000,9999.000,9999.000,9999.000,9999.000,9999.000,9999.000,9999.000
202608130524,   6.981,9999.000,9999.000,9999.000,9999.000,9999.000,9999.000,9999.000,9999.000
202608130530,   6.910,9999.000,9999.000,9999.000,9999.000,9999.000,9999.000,9999.000,9999.000
202608130536,   6.831,9999.000,9999.000,9999.000,9999.000,9999.000,9999.000,9999.000,9999.000
202608130542,   6.744,9999.000,9999.000,9999.000,9999.000,9999.000,9999.000,9999.000,9999.000
202608130548,   6.650,9999.000,9999.000,9999.000,9999.000,9999.000,9999.000,9999.000,9999.000
202608130554,   6.548,9999.000,9999.000,9999.000,9999.000,9999.000,9999.000,9999.000,9999.000
202608130600,   6.438,9999.000,   0.700,   0.058,   7.196,   0.700,   7.196,   0.700,   7.196
202608130606,   6.322,9999.000,9999.000,9999.000,9999.000,9999.000,9999.000,9999.000,9999.000
202608130612,   6.199,9999.000,9999.000,9999.000,9999.000,9999.000,9999.000,9999.000,9999.000
202608130618,   6.070,9999.000,9999.000,9999.000,9999.000,9999.000,9999.000,9999.000,9999.000
202608130624,   5.935,9999.000,9999.000,9999.000,9999.000,9999.000,9999.000,9999.000,9999.000
202608130630,   5.795,9999.000,9999.000,9999.000,9999.000,9999.000,9999.000,9999.000,9999.000
202608130636,   5.649,9999.000,9999.000,9999.000,9999.000,9999.000,9999.000,9999.000,9999.000
202608130642,   5.497,9999.000,9999.000,9999.000,9999.000,9999.000,9999.000,9999.000,9999.000
202608130648,   5.341,9999.000,9999.000,9999.000,9999.000,9999.000,9999.000,9999.000,9999.000
202608130654,   5.181,9999.000,9999.000,9999.000,9999.000,9999.000,9999.000,9999.000,9999.000
202608130700,   5.017,9999.000,   0.700,   0.058,   5.775,   0.700,   5.775,   0.700,   5.775
202608130706,   4.849,9999.000,9999.000,9999.000,9999.000,9999.000,9999.000,9999.000,9999.000
202608130712,   4.678,9999.000,9999.000,9999.000,9999.000,9999.000,9999.000,9999.000,9999.000
202608130718,   4.503,9999.000,9999.000,9999.000,9999.000,9999.000,9999.000,9999.000,9999.000
202608130724,   4.326,9999.000,9999.000,9999.000,9999.000,9999.000,9999.000,9999.000,9999.000
202608130730,   4.146,9999.000,9999.000,9999.000,9999.000,9999.000,9999.000,9999.000,9999.000
202608130736,   3.965,9999.000,9999.000,9999.000,9999.000,9999.000,9999.000,9999.000,9999.000
202608130742,   3.782,9999.000,9999.000,9999.000,9999.000,9999.000,9999.000,9999.000,9999.000
202608130748,   3.597,9999.000,9999.000,9999.000,9999.000,9999.000,9999.000,9999.000,9999.000
202608130754,   3.412,9999.000,9999.000,9999.000,9999.000,9999.000,9999.000,9999.000,9999.000
202608130800,   3.226,9999.000,   0.700,   0.058,   3.984,   0.700,   3.984,   0.700,   3.984
202608130806,   3.039,9999.000,9999.000,9999.000,9999.000,9999.000,9999.000,9999.000,9999.000
202608130812,   2.853,9999.000,9999.000,9999.000,9999.000,9999.000,9999.000,9999.000,9999.000
202608130818,   2.667,9999.000,9999.000,9999.000,9999.000,9999.000,9999.000,9999.000,9999.000
202608130824,   2.481,9999.000,9999.000,9999.000,9999.000,9999.000,9999.000,9999.000,9999.000
202608130830,   2.297,9999.000,9999.000,9999.000,9999.000,9999.000,9999.000,9999.000,9999.000
202608130836,   2.114,9999.000,9999.000,9999.000,9999.000,9999.000,9999.000,9999.000,9999.000
202608130842,   1.933,9999.000,9999.000,9999.000,9999.000,9999.000,9999.000,9999.000,9999.000
202608130848,   1.755,9999.000,9999.000,9999.000,9999.000,9999.000,9999.000,9999.000,9999.000
202608130854,   1.578,9999.000,9999.000,9999.000,9999.000,9999.000,9999.000,9999.000,9999.000
202608130900,   1.405,9999.000,   0.700,   0.058,   2.163,   0.600,   2.063,   0.700,   2.163
202608130906,   1.235,9999.000,9999.000,9999.000,9999.000,9999.000,9999.000,9999.000,9999.000
202608130912,   1.069,9999.000,9999.000,9999.000,9999.000,9999.000,9999.000,9999.000,9999.000
202608130918,   0.906,9999.000,9999.000,9999.000,9999.000,9999.000,9999.000,9999.000,9999.000
202608130924,   0.748,9999.000,9999.000,9999.000,9999.000,9999.000,9999.000,9999.000,9999.000
202608130930,   0.595,9999.000,9999.000,9999.000,9999.000,9999.000,9999.000,9999.000,9999.000
202608130936,   0.447,9999.000,9999.000,9999.000,9999.000,9999.000,9999.000,9999.000,9999.000
202608130942,   0.304,9999.000,9999.000,9999.000,9999.000,9999.000,9999.000,9999.000,9999.000
202608130948,   0.167,9999.000,9999.000,9999.000,9999.000,9999.000,9999.000,9999.000,9999.000
202608130954,   0.036,9999.000,9999.000,9999.000,9999.000,9999.000,9999.000,9999.000,9999.000
202608131000,  -0.087,9999.000,   0.700,   0.058,   0.671,   0.700,   0.671,   0.700,   0.671
202608131006,  -0.205,9999.000,9999.000,9999.000,9999.000,9999.000,9999.000,9999.000,9999.000
202608131012,  -0.316,9999.000,9999.000,9999.000,9999.000,9999.000,9999.000,9999.000,9999.000
202608131018,  -0.419,9999.000,9999.000,9999.000,9999.000,9999.000,9999.000,9999.000,9999.000
202608131024,  -0.515,9999.000,9999.000,9999.000,9999.000,9999.000,9999.000,9999.000,9999.000
202608131030,  -0.603,9999.000,9999.000,9999.000,9999.000,9999.000,9999.000,9999.000,9999.000
202608131036,  -0.683,9999.000,9999.000,9999.000,9999.000,9999.000,9999.000,9999.000,9999.000
202608131042,  -0.756,9999.000,9999.000,9999.000,9999.000,9999.000,9999.000,9999.000,9999.000
202608131048,  -0.819,9999.000,9999.000,9999.000,9999.000,9999.000,9999.000,9999.000,9999.000
202608131054,  -0.875,9999.000,9999.000,9999.000,9999.000,9999.000,9999.000,9999.000,9999.000
202608131100,  -0.922,9999.000,   0.700,   0.058,  -0.164,   0.600,  -0.264,   0.700,  -0.164
202608131106,  -0.960,9999.000,9999.000,9999.000,9999.000,9999.000,9999.000,9999.000,9999.000
202608131112,  -0.990,9999.000,9999.000,9999.000,9999.000,9999.000,9999.000,9999.000,9999.000
202608131118,  -1.011,9999.000,9999.000,9999.000,9999.000,9999.000,9999.000,9999.000,9999.000
202608131124,  -1.023,9999.000,9999.000,9999.000,9999.000,9999.000,9999.000,9999.000,9999.000
202608131130,  -1.027,9999.000,9999.000,9999.000,9999.000,9999.000,9999.000,9999.000,9999.000
202608131136,  -1.022,9999.000,9999.000,9999.000,9999.000,9999.000,9999.000,9999.000,9999.000
202608131142,  -1.009,9999.000,9999.000,9999.000,9999.000,9999.000,9999.000,9999.000,9999.000
202608131148,  -0.987,9999.000,9999.000,9999.000,9999.000,9999.000,9999.000,9999.000,9999.000
202608131154,  -0.957,9999.000,9999.000,9999.000,9999.000,9999.000,9999.000,9999.000,9999.000
202608131200,  -0.919,9999.000,   0.700,   0.058,  -0.161,   0.700,  -0.161,   0.700,  -0.161
