        TIME,    TIDE,      OB,   SURGE,    BIAS,     TWL,SURGE90p,  TWL90p,SURGE10p,   TWL10p
202606091800,   2.612,   2.450,   0.900,  -1.062,   2.450,   0.800,   2.350,   0.900,   2.450
202606091806,   2.638,9999.000,9999.000,9999.000,9999.000,9999.000,9999.000,9999.000,9999.000
202606091812,   2.663,   2.499,9999.000,9999.000,9999.000,9999.000,9999.000,9999.000,9999.000
202606091818,   2.684,9999.000,9999.000,9999.000,9999.000,9999.000,9999.000,9999.000,9999.000
202606091824,   2.704,   2.558,9999.000,9999.000,9999.000,9999.000,9999.000,9999.000,9999.000
202606091830,   2.722,9999.000,9999.000,9999.000,9999.000,9999.000,9999.000,9999.000,9999.000
202606091836,   2.738,   2.597,9999.000,9999.000,9999.000,9999.000,9999.000,9999.000,9999.000
202606091842,   2.753,9999.000,9999.000,9999.000,9999.000,9999.000,9999.000,9999.000,9999.000
202606091848,   2.765,   2.630,9999.000,9999.000,9999.000,9999.000,9999.000,9999.000,9999.000
202606091854,   2.776,9999.000,9999.000,9999.000,9999.000,9999.000,9999.000,9999.000,9999.000
202606091900,   2.786,   2.650,   0.900,  -1.036,   2.650,   0.800,   2.550,   0.900,   2.650
202606091906,   2.793,   2.650,9999.000,9999.000,9999.000,9999.000,9999.000,9999.000,9999.000
202606091912,   2.800,   2.650,9999.000,9999.000,9999.000,9999.000,9999.000,9999.000,9999.000
202606091918,   2.805,   2.650,9999.000,9999.000,9999.000,9999.000,9999.000,9999.000,9999.000
202606091924,   2.809,   2.640,9999.000,9999.000,9999.000,9999.000,9999.000,9999.000,9999.000
202606091930,   2.811,   2.630,9999.000,9999.000,9999.000,9999.000,9999.000,9999.000,9999.000
202606091936,   2.812,   2.610,9999.000,9999.000,9999.000,9999.000,9999.000,9999.000,9999.000
202606091942,   2.812,   2.587,9999.000,9999.000,9999.000,9999.000,9999.000,9999.000,9999.000
202606091948,   2.810,   2.558,9999.000,9999.000,9999.000,9999.000,9999.000,9999.000,9999.000
202606091954,   2.807,   2.538,9999.000,9999.000,9999.000,9999.000,9999.000,9999.000,9999.000
202606092000,   2.803,   2.519,   0.900,  -1.184,   2.519,   0.800,   2.419,   0.900,   2.519
202606092006,   2.797,   2.479,9999.000,9999.000,9999.000,9999.000,9999.000,9999.000,9999.000
202606092012,   2.790,   2.440,9999.000,9999.000,9999.000,9999.000,9999.000,9999.000,9999.000
202606092018,   2.781,   2.400,9999.000,9999.000,9999.000,9999.000,9999.000,9999.000,9999.000
202606092024,   2.771,   2.348,9999.000,9999.000,9999.000,9999.000,9999.000,9999.000,9999.000
202606092030,   2.759,   2.309,9999.000,9999.000,9999.000,9999.000,9999.000,9999.000,9999.000
202606092036,   2.745,   2.259,9999.000,9999.000,9999.000,9999.000,9999.000,9999.000,9999.000
202606092042,   2.729,   2.220,9999.000,9999.000,9999.000,9999.000,9999.000,9999.000,9999.000
202606092048,   2.712,   2.168,9999.000,9999.000,9999.000,9999.000,9999.000,9999.000,9999.000
202606092054,   2.692,   2.118,9999.000,9999.000,9999.000,9999.000,9999.000,9999.000,9999.000
202606092100,   2.670,   2.069,   0.900,  -1.501,   2.069,   0.800,   1.969,   0.900,   2.069
202606092106,   2.646,   2.020,9999.000,9999.000,9999.000,9999.000,9999.000,9999.000,9999.000
202606092112,   2.620,   1.958,9999.000,9999.000,9999.000,9999.000,9999.000,9999.000,9999.000
202606092118,   2.592,   1.899,9999.000,9999.000,9999.000,9999.000,9999.000,9999.000,9999.000
202606092124,   2.561,   1.849,9999.000,9999.000,9999.000,9999.000,9999.000,9999.000,9999.000
202606092130,   2.527,   1.800,9999.000,9999.000,9999.000,9999.000,9999.000,9999.000,9999.000
202606092136,   2.491,   1.738,9999.000,9999.000,9999.000,9999.000,9999.000,9999.000,9999.000
202606092142,   2.453,   1.679,9999.000,9999.000,9999.000,9999.000,9999.000,9999.000,9999.000
202606092148,   2.412,   1.630,9999.000,9999.000,9999.000,9999.000,9999.000,9999.000,9999.000
202606092154,   2.369,   1.571,9999.000,9999.000,9999.000,9999.000,9999.000,9999.000,9999.000
202606092200,   2.324,   1.518,   0.900,  -1.706,   1.518,   0.800,   1.418,   0.900,   1.518
202606092206,   2.276,   1.459,9999.000,9999.000,9999.000,9999.000,9999.000,9999.000,9999.000
202606092212,   2.226,   1.400,9999.000,9999.000,9999.000,9999.000,9999.000,9999.000,9999.000
202606092218,   2.175,   1.348,9999.000,9999.000,9999.000,9999.000,9999.000,9999.000,9999.000
202606092224,   2.121,   1.308,9999.000,9999.000,9999.000,9999.000,9999.000,9999.000,9999.000
202606092230,   2.067,   1.249,9999.000,9999.000,9999.000,9999.000,9999.000,9999.000,9999.000
202606092236,   2.010,   1.190,9999.000,9999.000,9999.000,9999.000,9999.000,9999.000,9999.000
202606092242,   1.953,   1.138,9999.000,9999.000,9999.000,9999.000,9999.000,9999.000,9999.000
202606092248,   1.895,   1.088,9999.000,9999.000,9999.000,9999.000,9999.000,9999.000,9999.000
202606092254,   1.836,   1.039,9999.000,9999.000,9999.000,9999.000,9999.000,9999.000,9999.000
202606092300,   1.776,   0.990,   0.900,  -1.686,   0.990,   0.800,   0.890,   0.900,   0.990
202606092306,   1.716,   0.941,9999.000,9999.000,9999.000,9999.000,9999.000,9999.000,9999.000
202606092312,   1.656,   0.888,9999.000,9999.000,9999.000,9999.000,9999.000,9999.000,9999.000
202606092318,   1.597,   0.839,9999.000,9999.000,9999.000,9999.000,9999.000,9999.000,9999.000
202606092324,   1.537,   0.810,9999.000,9999.000,9999.000,9999.000,9999.000,9999.000,9999.000
202606092330,   1.479,   0.760,9999.000,9999.000,9999.000,9999.000,9999.000,9999.000,9999.000
202606092336,   1.421,   0.708,9999.000,9999.000,9999.000,9999.000,9999.000,9999.000,9999.000
202606092342,   1.364,   0.678,9999.000,9999.000,9999.000,9999.000,9999.000,9999.000,9999.000
202606092348,   1.309,   0.639,9999.000,9999.000,9999.000,9999.000,9999.000,9999.000,9999.000
202606092354,   1.256,   0.619,9999.000,9999.000,9999.000,9999.000,9999.000,9999.000,9999.000
202606100000,   1.204,   0.570,   0.800,  -1.434,   0.570,   0.800,   0.570,   0.900,   0.670
202606100006,   1.154,   0.518,9999.000,9999.000,9999.000,9999.000,9999.000,9999.000,9999.000
202606100012,   1.107,   0.478,9999.000,9999.000,9999.000,9999.000,9999.000,9999.000,9999.000
202606100018,   1.062,   0.469,9999.000,9999.000,9999.000,9999.000,9999.000,9999.000,9999.000
202606100024,   1.020,   0.449,9999.000,9999.000,9999.000,9999.000,9999.000,9999.000,9999.000
202606100030,   0.980,   0.409,9999.000,9999.000,9999.000,9999.000,9999.000,9999.000,9999.000
202606100036,   0.943,   0.390,9999.000,9999.000,9999.000,9999.000,9999.000,9999.000,9999.000
202606100042,   0.909,   0.370,9999.000,9999.000,9999.000,9999.000,9999.000,9999.000,9999.000
202606100048,   0.879,   0.331,9999.000,9999.000,9999.000,9999.000,9999.000,9999.000,9999.000
202606100054,   0.851,   0.308,9999.000,9999.000,9999.000,9999.000,9999.000,9999.000,9999.000
202606100100,   0.826,   0.288,   0.800,  -1.338,   0.288,   0.800,   0.288,   0.900,   0.388
202606100106,   0.805,   0.278,9999.000,9999.000,9999.000,9999.000,9999.000,9999.000,9999.000
202606100112,   0.787,   0.259,9999.000,9999.000,9999.000,9999.000,9999.000,9999.000,9999.000
202606100118,   0.771,   0.239,9999.000,9999.000,9999.000,9999.000,9999.000,9999.000,9999.000
202606100124,   0.759,   0.229,9999.000,9999.000,9999.000,9999.000,9999.000,9999.000,9999.000
202606100130,   0.750,   0.209,9999.000,9999.000,9999.000,9999.000,9999.000,9999.000,9999.000
202606100136,   0.743,   0.190,9999.000,9999.000,9999.000,9999.000,9999.000,9999.000,9999.000
202606100142,   0.740,   0.180,9999.000,9999.000,9999.000,9999.000,9999.000,9999.000,9999.000
202606100148,   0.739,   0.170,9999.000,9999.000,9999.000,9999.000,9999.000,9999.000,9999.000
202606100154,   0.741,   0.160,9999.000,9999.000,9999.000,9999.000,9999.000,9999.000,9999.000
202606100200,   0.747,   0.150,   0.800,  -1.397,   0.150,   0.800,   0.150,   0.900,   0.250
202606100206,   0.755,   0.150,9999.000,9999.000,9999.000,9999.000,9999.000,9999.000,9999.000
202606100212,   0.765,   0.150,9999.000,9999.000,9999.000,9999.000,9999.000,9999.000,9999.000
202606100218,   0.779,   0.150,9999.000,9999.000,9999.000,9999.000,9999.000,9999.000,9999.000
202606100224,   0.796,   0.160,9999.000,9999.000,9999.000,9999.000,9999.000,9999.000,9999.000
202606100230,   0.815,   0.170,9999.000,9999.000,9999.000,9999.000,9999.000,9999.000,9999.000
202606100236,   0.838,   0.180,9999.000,9999.000,9999.000,9999.000,9999.000,9999.000,9999.000
202606100242,   0.863,   0.200,9999.000,9999.000,9999.000,9999.000,9999.000,9999.000,9999.000
202606100248,   0.892,   0.239,9999.000,9999.000,9999.000,9999.000,9999.000,9999.000,9999.000
202606100254,   0.924,   0.259,9999.000,9999.000,9999.000,9999.000,9999.000,9999.000,9999.000
202606100300,   0.958,   0.298,   0.800,  -1.460,   0.298,   0.800,   0.298,   0.900,   0.398
202606100306,   0.996,   0.341,9999.000,9999.000,9999.000,9999.000,9999.000,9999.000,9999.000
202606100312,   1.037,   0.380,9999.000,9999.000,9999.000,9999.000,9999.000,9999.000,9999.000
202606100318,   1.081,   0.429,9999.000,9999.000,9999.000,9999.000,9999.000,9999.000,9999.000
202606100324,   1.128,   0.469,9999.000,9999.000,9999.000,9999.000,9999.000,9999.000,9999.000
202606100330,   1.178,   0.518,9999.000,9999.000,9999.000,9999.000,9999.000,9999.000,9999.000
202606100336,   1.231,   0.580,9999.000,9999.000,9999.000,9999.000,9999.000,9999.000,9999.000
202606100342,   1.286,   0.629,9999.000,9999.000,9999.000,9999.000,9999.000,9999.000,9999.000
202606100348,   1.344,   0.688,9999.000,9999.000,9999.000,9999.000,9999.000,9999.000,9999.000
202606100354,   1.403,   0.751,9999.000,9999.000,9999.000,9999.000,9999.000,9999.000,9999.000
202606100400,   1.465,   0.810,   0.800,  -1.455,   0.810,   0.800,   0.810,   0.900,   0.910
202606100406,   1.529,   0.879,9999.000,9999.000,9999.000,9999.000,9999.000,9999.000,9999.000
202606100412,   1.593,   0.941,9999.000,9999.000,9999.000,9999.000,9999.000,9999.000,9999.000
202606100418,   1.659,   1.010,9999.000,9999.000,9999.000,9999.000,9999.000,9999.000,9999.000
202606100424,   1.726,   1.088,9999.000,9999.000,9999.000,9999.000,9999.000,9999.000,9999.000
202606100430,   1.794,   1.161,9999.000,9999.000,9999.000,9999.000,9999.000,9999.000,9999.000
202606100436,   1.861,   1.229,9999.000,9999.000,9999.000,9999.000,9999.000,9999.000,9999.000
202606100442,   1.929,   1.298,9999.000,9999.000,9999.000,9999.000,9999.000,9999.000,9999.000
202606100448,   1.996,   1.348,9999.000,9999.000,9999.000,9999.000,9999.000,9999.000,9999.000
202606100454,   2.063,   1.439,9999.000,9999.000,9999.000,9999.000,9999.000,9999.000,9999.000
202606100500,   2.128,   1.489,   0.800,  -1.439,   1.489,   0.800,   1.489,   0.900,   1.589
202606100506,   2.193,   1.580,9999.000,9999.000,9999.000,9999.000,9999.000,9999.000,9999.000
202606100512,   2.256,   1.649,9999.000,9999.000,9999.000,9999.000,9999.000,9999.000,9999.000
202606100518,   2.318,   1.699,9999.000,9999.000,9999.000,9999.000,9999.000,9999.000,9999.000
202606100524,   2.378,   1.767,9999.000,9999.000,9999.000,9999.000,9999.000,9999.000,9999.000
202606100530,   2.435,   1.830,9999.000,9999.000,9999.000,9999.000,9999.000,9999.000,9999.000
202606100536,   2.491,   1.889,9999.000,9999.000,9999.000,9999.000,9999.000,9999.000,9999.000
202606100542,   2.545,   1.948,9999.000,9999.000,9999.000,9999.000,9999.000,9999.000,9999.000
202606100548,   2.596,   2.010,9999.000,9999.000,9999.000,9999.000,9999.000,9999.000,9999.000
202606100554,   2.644,   2.059,9999.000,9999.000,9999.000,9999.000,9999.000,9999.000,9999.000
202606100600,   2.690,   2.118,   0.800,  -1.372,   2.118,   0.700,   2.018,   0.800,   2.118
202606100606,   2.734,   2.168,9999.000,9999.000,9999.000,9999.000,9999.000,9999.000,9999.000
202606100612,   2.775,   2.210,9999.000,9999.000,9999.000,9999.000,9999.000,9999.000,9999.000
202606100618,   2.813,   2.259,9999.000,9999.000,9999.000,9999.000,9999.000,9999.000,9999.000
202606100624,   2.849,   2.309,9999.000,9999.000,9999.000,9999.000,9999.000,9999.000,9999.000
202606100630,   2.882,   2.348,9999.000,9999.000,9999.000,9999.000,9999.000,9999.000,9999.000
202606100636,   2.912,   2.387,9999.000,9999.000,9999.000,9999.000,9999.000,9999.000,9999.000
202606100642,   2.940,9999.000,9999.000,9999.000,9999.000,9999.000,9999.000,9999.000,9999.000
202606100648,   2.966,   2.459,9999.000,9999.000,9999.000,9999.000,9999.000,9999.000,9999.000
202606100654,   2.990,   2.489,9999.000,9999.000,9999.000,9999.000,9999.000,9999.000,9999.000
202606100700,   3.011,   2.499,   0.800,  -1.312,   2.499,   0.700,   2.399,   0.800,   2.499
202606100706,   3.030,   2.528,9999.000,9999.000,9999.000,9999.000,9999.000,9999.000,9999.000
202606100712,   3.046,   2.558,9999.000,9999.000,9999.000,9999.000,9999.000,9999.000,9999.000
202606100718,   3.061,   2.578,9999.000,9999.000,9999.000,9999.000,9999.000,9999.000,9999.000
202606100724,   3.074,   2.587,9999.000,9999.000,9999.000,9999.000,9999.000,9999.000,9999.000
202606100730,   3.085,   2.597,9999.000,9999.000,9999.000,9999.000,9999.000,9999.000,9999.000
202606100736,   3.094,   2.610,9999.000,9999.000,9999.000,9999.000,9999.000,9999.000,9999.000
202606100742,   3.102,   2.620,9999.000,9999.000,9999.000,9999.000,9999.000,9999.000,9999.000
202606100748,   3.108,   2.620,9999.000,9999.000,9999.000,9999.000,9999.000,9999.000,9999.000
202606100754,   3.112,   2.620,9999.000,9999.000,9999.000,9999.000,9999.000,9999.000,9999.000
202606100800,   3.114,   2.620,   0.800,  -1.294,   2.620,   0.700,   2.520,   0.800,   2.620
202606100806,   3.115,   2.620,9999.000,9999.000,9999.000,9999.000,9999.000,9999.000,9999.000
202606100812,   3.115,   2.620,9999.000,9999.000,9999.000,9999.000,9999.000,9999.000,9999.000
202606100818,   3.113,   2.610,9999.000,9999.000,9999.000,9999.000,9999.000,9999.000,9999.000
202606100824,   3.110,   2.597,9999.000,9999.000,9999.000,9999.000,9999.000,9999.000,9999.000
202606100830,   3.105,   2.587,9999.000,9999.000,9999.000,9999.000,9999.000,9999.000,9999.000
202606100836,   3.099,   2.548,9999.000,9999.000,9999.000,9999.000,9999.000,9999.000,9999.000
202606100842,   3.091,   2.528,9999.000,9999.000,9999.000,9999.000,9999.000,9999.000,9999.000
202606100848,   3.081,   2.499,9999.000,9999.000,9999.000,9999.000,9999.000,9999.000,9999.000
202606100854,   3.070,   2.479,9999.000,9999.000,9999.000,9999.000,9999.000,9999.000,9999.000
202606100900,   3.057,   2.440,   0.800,  -1.417,   2.440,   0.700,   2.340,   0.900,   2.540
202606100906,   3.042,   2.400,9999.000,9999.000,9999.000,9999.000,9999.000,9999.000,9999.000
202606100912,   3.026,   2.358,9999.000,9999.000,9999.000,9999.000,9999.000,9999.000,9999.000
202606100918,   3.007,   2.318,9999.000,9999.000,9999.000,9999.000,9999.000,9999.000,9999.000
202606100924,   2.986,   2.279,9999.000,9999.000,9999.000,9999.000,9999.000,9999.000,9999.000
202606100930,   2.964,   2.240,9999.000,9999.000,9999.000,9999.000,9999.000,9999.000,9999.000
202606100936,   2.939,   2.191,9999.000,9999.000,9999.000,9999.000,9999.000,9999.000,9999.000
202606100942,   2.911,   2.138,9999.000,9999.000,9999.000,9999.000,9999.000,9999.000,9999.000
202606100948,   2.882,   2.089,9999.000,9999.000,9999.000,9999.000,9999.000,9999.000,9999.000
202606100954,   2.850,   2.030,9999.000,9999.000,9999.000,9999.000,9999.000,9999.000,9999.000
202606101000,   2.816,   1.990,   0.800,  -1.626,   1.990,   0.700,   1.890,   0.900,   2.090
202606101006,   2.780,   1.928,9999.000,9999.000,9999.000,9999.000,9999.000,9999.000,9999.000
202606101012,   2.741,   1.879,9999.000,9999.000,9999.000,9999.000,9999.000,9999.000,9999.000
202606101018,   2.700,   1.830,9999.000,9999.000,9999.000,9999.000,9999.000,9999.000,9999.000
202606101024,   2.658,   1.767,9999.000,9999.000,9999.000,9999.000,9999.000,9999.000,9999.000
202606101030,   2.613,   1.718,9999.000,9999.000,9999.000,9999.000,9999.000,9999.000,9999.000
202606101036,   2.567,   1.659,9999.000,9999.000,9999.000,9999.000,9999.000,9999.000,9999.000
202606101042,   2.519,   1.610,9999.000,9999.000,9999.000,9999.000,9999.000,9999.000,9999.000
202606101048,   2.469,   1.557,9999.000,9999.000,9999.000,9999.000,9999.000,9999.000,9999.000
202606101054,   2.418,   1.498,9999.000,9999.000,9999.000,9999.000,9999.000,9999.000,9999.000
202606101100,   2.366,   1.449,   0.800,  -1.717,   1.449,   0.700,   1.349,   0.900,   1.549
202606101106,   2.313,   1.400,9999.000,9999.000,9999.000,9999.000,9999.000,9999.000,9999.000
202606101112,   2.260,   1.348,9999.000,9999.000,9999.000,9999.000,9999.000,9999.000,9999.000
202606101118,   2.206,   1.289,9999.000,9999.000,9999.000,9999.000,9999.000,9999.000,9999.000
202606101124,   2.151,   1.239,9999.000,9999.000,9999.000,9999.000,9999.000,9999.000,9999.000
202606101130,   2.096,   1.190,9999.000,9999.000,9999.000,9999.000,9999.000,9999.000,9999.000
202606101136,   2.041,   1.138,9999.000,9999.000,9999.000,9999.000,9999.000,9999.000,9999.000
202606101142,   1.986,   1.098,9999.000,9999.000,9999.000,9999.000,9999.000,9999.000,9999.000
202606101148,   1.931,   1.059,9999.000,9999.000,9999.000,9999.000,9999.000,9999.000,9999.000
202606101154,   1.877,   1.020,9999.000,9999.000,9999.000,9999.000,9999.000,9999.000,9999.000
202606101200,   1.823,   0.970,   0.600,  -1.453,   0.970,   0.600,   0.970,   0.700,   1.070
202606101206,   1.770,   0.928,9999.000,9999.000,9999.000,9999.000,9999.000,9999.000,9999.000
202606101212,   1.718,   0.888,9999.000,9999.000,9999.000,9999.000,9999.000,9999.000,9999.000
202606101218,   1.666,   0.849,9999.000,9999.000,9999.000,9999.000,9999.000,9999.000,9999.000
202606101224,   1.616,   0.810,9999.000,9999.000,9999.000,9999.000,9999.000,9999.000,9999.000
202606101230,   1.567,   0.770,9999.000,9999.000,9999.000,9999.000,9999.000,9999.000,9999.000
202606101236,   1.520,   0.731,9999.000,9999.000,9999.000,9999.000,9999.000,9999.000,9999.000
202606101242,   1.474,   0.688,9999.000,9999.000,9999.000,9999.000,9999.000,9999.000,9999.000
202606101248,   1.429,   0.659,9999.000,9999.000,9999.000,9999.000,9999.000,9999.000,9999.000
202606101254,   1.387,   0.619,9999.000,9999.000,9999.000,9999.000,9999.000,9999.000,9999.000
202606101300,   1.346,   0.580,   0.600,  -1.366,   0.580,   0.600,   0.580,   0.700,   0.680
202606101306,   1.307,   0.531,9999.000,9999.000,9999.000,9999.000,9999.000,9999.000,9999.000
202606101312,   1.270,   0.488,9999.000,9999.000,9999.000,9999.000,9999.000,9999.000,9999.000
202606101318,   1.234,   0.459,9999.000,9999.000,9999.000,9999.000,9999.000,9999.000,9999.000
202606101324,   1.201,   0.439,9999.000,9999.000,9999.000,9999.000,9999.000,9999.000,9999.000
202606101330,   1.170,   0.400,9999.000,9999.000,9999.000,9999.000,9999.000,9999.000,9999.000
202606101336,   1.141,   0.380,9999.000,9999.000,9999.000,9999.000,9999.000,9999.000,9999.000
202606101342,   1.114,   0.341,9999.000,9999.000,9999.000,9999.000,9999.000,9999.000,9999.000
202606101348,   1.089,   0.308,9999.000,9999.000,9999.000,9999.000,9999.000,9999.000,9999.000
202606101354,   1.066,   0.278,9999.000,9999.000,9999.000,9999.000,9999.000,9999.000,9999.000
202606101400,   1.046,   0.259,   0.600,  -1.387,   0.259,   0.600,   0.259,   0.700,   0.359
202606101406,   1.027,   0.239,9999.000,9999.000,9999.000,9999.000,9999.000,9999.000,9999.000
202606101412,   1.010,   0.219,9999.000,9999.000,9999.000,9999.000,9999.000,9999.000,9999.000
202606101418,   0.996,   0.180,9999.000,9999.000,9999.000,9999.000,9999.000,9999.000,9999.000
202606101424,   0.983,   0.170,9999.000,9999.000,9999.000,9999.000,9999.000,9999.000,9999.000
202606101430,   0.973,   0.150,9999.000,9999.000,9999.000,9999.000,9999.000,9999.000,9999.000
202606101436,   0.965,   0.141,9999.000,9999.000,9999.000,9999.000,9999.000,9999.000,9999.000
202606101442,   0.960,   0.131,9999.000,9999.000,9999.000,9999.000,9999.000,9999.000,9999.000
202606101448,   0.957,   0.121,9999.000,9999.000,9999.000,9999.000,9999.000,9999.000,9999.000
202606101454,   0.957,   0.111,9999.000,9999.000,9999.000,9999.000,9999.000,9999.000,9999.000
202606101500,   0.959,   0.111,   0.600,  -1.448,   0.111,   0.600,   0.111,   0.700,   0.211
202606101506,   0.965,   0.111,9999.000,9999.000,9999.000,9999.000,9999.000,9999.000,9999.000
202606101512,   0.973,   0.121,9999.000,9999.000,9999.000,9999.000,9999.000,9999.000,9999.000
202606101518,   0.985,   0.131,9999.000,9999.000,9999.000,9999.000,9999.000,9999.000,9999.000
202606101524,   1.000,   0.141,9999.000,9999.000,9999.000,9999.000,9999.000,9999.000,9999.000
202606101530,   1.018,   0.160,9999.000,9999.000,9999.000,9999.000,9999.000,9999.000,9999.000
202606101536,   1.040,   0.180,9999.000,9999.000,9999.000,9999.000,9999.000,9999.000,9999.000
202606101542,   1.065,   0.219,9999.000,9999.000,9999.000,9999.000,9999.000,9999.000,9999.000
202606101548,   1.093,   0.239,9999.000,9999.000,9999.000,9999.000,9999.000,9999.000,9999.000
202606101554,   1.125,   0.268,9999.000,9999.000,9999.000,9999.000,9999.000,9999.000,9999.000
202606101600,   1.160,   0.308,   0.600,  -1.452,   0.308,   0.600,   0.308,   0.700,   0.408
202606101606,   1.198,   0.350,9999.000,9999.000,9999.000,9999.000,9999.000,9999.000,9999.000
202606101612,   1.239,   0.390,9999.000,9999.000,9999.000,9999.000,9999.000,9999.000,9999.000
202606101618,   1.282,   0.429,9999.000,9999.000,9999.000,9999.000,9999.000,9999.000,9999.000
202606101624,   1.328,   0.478,9999.000,9999.000,9999.000,9999.000,9999.000,9999.000,9999.000
202606101630,   1.377,   0.541,9999.000,9999.000,9999.000,9999.000,9999.000,9999.000,9999.000
202606101636,   1.427,   0.600,9999.000,9999.000,9999.000,9999.000,9999.000,9999.000,9999.000
202606101642,   1.480,   0.659,9999.000,9999.000,9999.000,9999.000,9999.000,9999.000,9999.000
202606101648,   1.533,   0.751,9999.000,9999.000,9999.000,9999.000,9999.000,9999.000,9999.000
202606101654,   1.588,   0.819,9999.000,9999.000,9999.000,9999.000,9999.000,9999.000,9999.000
202606101700,   1.644,   0.859,   0.700,  -1.485,   0.859,   0.600,   0.759,   0.700,   0.859
202606101706,   1.700,   0.941,9999.000,9999.000,9999.000,9999.000,9999.000,9999.000,9999.000
202606101712,   1.756,   0.990,9999.000,9999.000,9999.000,9999.000,9999.000,9999.000,9999.000
202606101718,   1.812,   1.049,9999.000,9999.000,9999.000,9999.000,9999.000,9999.000,9999.000
202606101724,   1.868,   1.138,9999.000,9999.000,9999.000,9999.000,9999.000,9999.000,9999.000
202606101730,   1.923,   1.180,9999.000,9999.000,9999.000,9999.000,9999.000,9999.000,9999.000
202606101736,   1.978,   1.239,9999.000,9999.000,9999.000,9999.000,9999.000,9999.000,9999.000
202606101742,   2.031,   1.328,9999.000,9999.000,9999.000,9999.000,9999.000,9999.000,9999.000
202606101748,   2.083,   1.400,9999.000,9999.000,9999.000,9999.000,9999.000,9999.000,9999.000
202606101754,   2.133,   1.449,9999.000,9999.000,9999.000,9999.000,9999.000,9999.000,9999.000
202606101800,   2.182,   1.528,   0.600,  -1.254,   1.528,   0.600,   1.528,   0.700,   1.628
202606101806,   2.229,   1.580,9999.000,9999.000,9999.000,9999.000,9999.000,9999.000,9999.000
202606101812,   2.274,   1.639,9999.000,9999.000,9999.000,9999.000,9999.000,9999.000,9999.000
202606101818,   2.317,   1.699,9999.000,9999.000,9999.000,9999.000,9999.000,9999.000,9999.000
202606101824,   2.359,   1.748,9999.000,9999.000,9999.000,9999.000,9999.000,9999.000,9999.000
202606101830,   2.397,   1.790,9999.000,9999.000,9999.000,9999.000,9999.000,9999.000,9999.000
202606101836,   2.434,   1.840,9999.000,9999.000,9999.000,9999.000,9999.000,9999.000,9999.000
202606101842,   2.469,   1.889,9999.000,9999.000,9999.000,9999.000,9999.000,9999.000,9999.000
202606101848,   2.501,   1.928,9999.000,9999.000,9999.000,9999.000,9999.000,9999.000,9999.000
202606101854,   2.532,   1.967,9999.000,9999.000,9999.000,9999.000,9999.000,9999.000,9999.000
202606101900,   2.560,   2.010,   0.600,  -1.150,   2.010,   0.600,   2.010,   0.700,   2.110
202606101906,   2.586,   2.049,9999.000,9999.000,9999.000,9999.000,9999.000,9999.000,9999.000
202606101912,   2.610,   2.089,9999.000,9999.000,9999.000,9999.000,9999.000,9999.000,9999.000
202606101918,   2.632,   2.109,9999.000,9999.000,9999.000,9999.000,9999.000,9999.000,9999.000
202606101924,   2.652,   2.118,9999.000,9999.000,9999.000,9999.000,9999.000,9999.000,9999.000
202606101930,   2.671,   2.148,9999.000,9999.000,9999.000,9999.000,9999.000,9999.000,9999.000
202606101936,   2.687,   2.158,9999.000,9999.000,9999.000,9999.000,9999.000,9999.000,9999.000
202606101942,   2.702,   2.177,9999.000,9999.000,9999.000,9999.000,9999.000,9999.000,9999.000
202606101948,   2.715,   2.177,9999.000,9999.000,9999.000,9999.000,9999.000,9999.000,9999.000
202606101954,   2.727,   2.177,9999.000,9999.000,9999.000,9999.000,9999.000,9999.000,9999.000
202606102000,   2.737,   2.177,   0.600,  -1.160,   2.177,   0.600,   2.177,   0.700,   2.277
202606102006,   2.746,   2.168,9999.000,9999.000,9999.000,9999.000,9999.000,9999.000,9999.000
202606102012,   2.753,   2.168,9999.000,9999.000,9999.000,9999.000,9999.000,9999.000,9999.000
202606102018,   2.759,   2.158,9999.000,9999.000,9999.000,9999.000,9999.000,9999.000,9999.000
202606102024,   2.764,   2.148,9999.000,9999.000,9999.000,9999.000,9999.000,9999.000,9999.000
202606102030,   2.768,   2.128,9999.000,9999.000,9999.000,9999.000,9999.000,9999.000,9999.000
202606102036,   2.770,   2.109,9999.000,9999.000,9999.000,9999.000,9999.000,9999.000,9999.000
202606102042,   2.770,   2.069,9999.000,9999.000,9999.000,9999.000,9999.000,9999.000,9999.000
202606102048,   2.770,   2.020,9999.000,9999.000,9999.000,9999.000,9999.000,9999.000,9999.000
202606102054,   2.768,   1.967,9999.000,9999.000,9999.000,9999.000,9999.000,9999.000,9999.000
202606102100,   2.764,   1.958,   0.600,  -1.406,   1.958,   0.600,   1.958,   0.700,   2.058
202606102106,   2.759,   1.908,9999.000,9999.000,9999.000,9999.000,9999.000,9999.000,9999.000
202606102112,   2.752,   1.859,9999.000,9999.000,9999.000,9999.000,9999.000,9999.000,9999.000
202606102118,   2.744,   1.840,9999.000,9999.000,9999.000,9999.000,9999.000,9999.000,9999.000
202606102124,   2.733,   1.790,9999.000,9999.000,9999.000,9999.000,9999.000,9999.000,9999.000
202606102130,   2.721,   1.748,9999.000,9999.000,9999.000,9999.000,9999.000,9999.000,9999.000
202606102136,   2.706,   1.699,9999.000,9999.000,9999.000,9999.000,9999.000,9999.000,9999.000
202606102142,   2.690,   1.649,9999.000,9999.000,9999.000,9999.000,9999.000,9999.000,9999.000
202606102148,   2.671,   1.600,9999.000,9999.000,9999.000,9999.000,9999.000,9999.000,9999.000
202606102154,   2.650,   1.548,9999.000,9999.000,9999.000,9999.000,9999.000,9999.000,9999.000
202606102200,   2.627,   1.498,   0.600,  -1.729,   1.498,   0.600,   1.498,   0.700,   1.598
202606102206,   2.601,   1.449,9999.000,9999.000,9999.000,9999.000,9999.000,9999.000,9999.000
202606102212,   2.573,   1.390,9999.000,9999.000,9999.000,9999.000,9999.000,9999.000,9999.000
202606102218,   2.541,   1.308,9999.000,9999.000,9999.000,9999.000,9999.000,9999.000,9999.000
202606102224,   2.508,   1.239,9999.000,9999.000,9999.000,9999.000,9999.000,9999.000,9999.000
202606102230,   2.471,   1.190,9999.000,9999.000,9999.000,9999.000,9999.000,9999.000,9999.000
202606102236,   2.432,   1.108,9999.000,9999.000,9999.000,9999.000,9999.000,9999.000,9999.000
202606102242,   2.390,   1.069,9999.000,9999.000,9999.000,9999.000,9999.000,9999.000,9999.000
202606102248,   2.346,   1.020,9999.000,9999.000,9999.000,9999.000,9999.000,9999.000,9999.000
202606102254,   2.300,   0.970,9999.000,9999.000,9999.000,9999.000,9999.000,9999.000,9999.000
202606102300,   2.251,   0.888,   0.600,  -1.963,   0.888,   0.600,   0.888,   0.600,   0.888
202606102306,   2.200,   0.859,9999.000,9999.000,9999.000,9999.000,9999.000,9999.000,9999.000
202606102312,   2.147,   0.780,9999.000,9999.000,9999.000,9999.000,9999.000,9999.000,9999.000
202606102318,   2.093,   0.741,9999.000,9999.000,9999.000,9999.000,9999.000,9999.000,9999.000
202606102324,   2.037,   0.678,9999.000,9999.000,9999.000,9999.000,9999.000,9999.000,9999.000
202606102330,   1.980,   0.619,9999.000,9999.000,9999.000,9999.000,9999.000,9999.000,9999.000
202606102336,   1.921,   0.570,9999.000,9999.000,9999.000,9999.000,9999.000,9999.000,9999.000
202606102342,   1.862,   0.498,9999.000,9999.000,9999.000,9999.000,9999.000,9999.000,9999.000
202606102348,   1.803,   0.469,9999.000,9999.000,9999.000,9999.000,9999.000,9999.000,9999.000
202606102354,   1.743,   0.390,9999.000,9999.000,9999.000,9999.000,9999.000,9999.000,9999.000
202606110000,   1.683,   0.331,   0.500,  -1.852,   0.331,   0.500,   0.331,   0.500,   0.331
202606110006,   1.623,   0.298,9999.000,9999.000,9999.000,9999.000,9999.000,9999.000,9999.000
202606110012,   1.563,   0.229,9999.000,9999.000,9999.000,9999.000,9999.000,9999.000,9999.000
202606110018,   1.504,   0.209,9999.000,9999.000,9999.000,9999.000,9999.000,9999.000,9999.000
202606110024,   1.446,   0.141,9999.000,9999.000,9999.000,9999.000,9999.000,9999.000,9999.000
202606110030,   1.388,   0.121,9999.000,9999.000,9999.000,9999.000,9999.000,9999.000,9999.000
202606110036,   1.332,   0.088,9999.000,9999.000,9999.000,9999.000,9999.000,9999.000,9999.000
202606110042,   1.278,   0.049,9999.000,9999.000,9999.000,9999.000,9999.000,9999.000,9999.000
202606110048,   1.225,   0.009,9999.000,9999.000,9999.000,9999.000,9999.000,9999.000,9999.000
202606110054,   1.174,  -0.029,9999.000,9999.000,9999.000,9999.000,9999.000,9999.000,9999.000
202606110100,   1.125,  -0.059,   0.500,  -1.684,  -0.059,   0.500,  -0.059,   0.500,  -0.059
202606110106,   1.078,  -0.098,9999.000,9999.000,9999.000,9999.000,9999.000,9999.000,9999.000
202606110112,   1.034,  -0.131,9999.000,9999.000,9999.000,9999.000,9999.000,9999.000,9999.000
202606110118,   0.992,  -0.150,9999.000,9999.000,9999.000,9999.000,9999.000,9999.000,9999.000
202606110124,   0.953,  -0.190,9999.000,9999.000,9999.000,9999.000,9999.000,9999.000,9999.000
202606110130,   0.916,  -0.209,9999.000,9999.000,9999.000,9999.000,9999.000,9999.000,9999.000
202606110136,   0.882,  -0.229,9999.000,9999.000,9999.000,9999.000,9999.000,9999.000,9999.000
202606110142,   0.852,  -0.268,9999.000,9999.000,9999.000,9999.000,9999.000,9999.000,9999.000
202606110148,   0.824,  -0.288,9999.000,9999.000,9999.000,9999.000,9999.000,9999.000,9999.000
202606110154,   0.799,  -0.321,9999.000,9999.000,9999.000,9999.000,9999.000,9999.000,9999.000
202606110200,   0.777,  -0.341,   0.500,  -1.618,  -0.341,   0.500,  -0.341,   0.500,  -0.341
202606110206,   0.758,  -0.360,9999.000,9999.000,9999.000,9999.000,9999.000,9999.000,9999.000
202606110212,   0.742,  -0.370,9999.000,9999.000,9999.000,9999.000,9999.000,9999.000,9999.000
202606110218,   0.729,9999.000,9999.000,9999.000,9999.000,9999.000,9999.000,9999.000,9999.000
202606110224,   0.719,  -0.400,9999.000,9999.000,9999.000,9999.000,9999.000,9999.000,9999.000
202606110230,   0.712,  -0.419,9999.000,9999.000,9999.000,9999.000,9999.000,9999.000,9999.000
202606110236,   0.708,  -0.429,9999.000,9999.000,9999.000,9999.000,9999.000,9999.000,9999.000
202606110242,   0.706,  -0.439,9999.000,9999.000,9999.000,9999.000,9999.000,9999.000,9999.000
202606110248,   0.708,  -0.449,9999.000,9999.000,9999.000,9999.000,9999.000,9999.000,9999.000
202606110254,   0.712,  -0.449,9999.000,9999.000,9999.000,9999.000,9999.000,9999.000,9999.000
202606110300,   0.720,  -0.449,   0.500,  -1.669,  -0.449,   0.500,  -0.449,   0.500,  -0.449
202606110306,   0.730,  -0.459,9999.000,9999.000,9999.000,9999.000,9999.000,9999.000,9999.000
202606110312,   0.743,  -0.449,9999.000,9999.000,9999.000,9999.000,9999.000,9999.000,9999.000
202606110318,   0.760,  -0.449,9999.000,9999.000,9999.000,9999.000,9999.000,9999.000,9999.000
202606110324,   0.780,  -0.449,9999.000,9999.000,9999.000,9999.000,9999.000,9999.000,9999.000
202606110330,   0.802,  -0.439,9999.000,9999.000,9999.000,9999.000,9999.000,9999.000,9999.000
202606110336,   0.829,  -0.429,9999.000,9999.000,9999.000,9999.000,9999.000,9999.000,9999.000
202606110342,   0.858,  -0.409,9999.000,9999.000,9999.000,9999.000,9999.000,9999.000,9999.000
202606110348,   0.891,  -0.390,9999.000,9999.000,9999.000,9999.000,9999.000,9999.000,9999.000
202606110354,   0.927,  -0.350,9999.000,9999.000,9999.000,9999.000,9999.000,9999.000,9999.000
202606110400,   0.966,  -0.298,   0.500,  -1.764,  -0.298,   0.500,  -0.298,   0.500,  -0.298
202606110406,   1.009,  -0.259,9999.000,9999.000,9999.000,9999.000,9999.000,9999.000,9999.000
202606110412,   1.055,  -0.219,9999.000,9999.000,9999.000,9999.000,9999.000,9999.000,9999.000
202606110418,   1.104,  -0.180,9999.000,9999.000,9999.000,9999.000,9999.000,9999.000,9999.000
202606110424,   1.156,  -0.131,9999.000,9999.000,9999.000,9999.000,9999.000,9999.000,9999.000
202606110430,   1.212,  -0.078,9999.000,9999.000,9999.000,9999.000,9999.000,9999.000,9999.000
202606110436,   1.269,  -0.019,9999.000,9999.000,9999.000,9999.000,9999.000,9999.000,9999.000
202606110442,   1.330,   0.039,9999.000,9999.000,9999.000,9999.000,9999.000,9999.000,9999.000
202606110448,   1.393,   0.098,9999.000,9999.000,9999.000,9999.000,9999.000,9999.000,9999.000
202606110454,   1.458,   0.160,9999.000,9999.000,9999.000,9999.000,9999.000,9999.000,9999.000
202606110500,   1.524,   0.229,   0.500,  -1.795,   0.229,   0.500,   0.229,   0.500,   0.229
202606110506,   1.593,   0.308,9999.000,9999.000,9999.000,9999.000,9999.000,9999.000,9999.000
202606110512,   1.662,   0.380,9999.000,9999.000,9999.000,9999.000,9999.000,9999.000,9999.000
202606110518,   1.733,   0.459,9999.000,9999.000,9999.000,9999.000,9999.000,9999.000,9999.000
202606110524,   1.804,   0.541,9999.000,9999.000,9999.000,9999.000,9999.000,9999.000,9999.000
202606110530,   1.875,   0.610,9999.000,9999.000,9999.000,9999.000,9999.000,9999.000,9999.000
202606110536,   1.946,   0.678,9999.000,9999.000,9999.000,9999.000,9999.000,9999.000,9999.000
202606110542,   2.017,   0.751,9999.000,9999.000,9999.000,9999.000,9999.000,9999.000,9999.000
202606110548,   2.087,   0.829,9999.000,9999.000,9999.000,9999.000,9999.000,9999.000,9999.000
202606110554,   2.157,   0.908,9999.000,9999.000,9999.000,9999.000,9999.000,9999.000,9999.000
202606110600,   2.225,   0.980,   0.400,  -1.645,   0.980,   0.400,   0.980,   0.500,   1.080
202606110606,   2.292,   1.069,9999.000,9999.000,9999.000,9999.000,9999.000,9999.000,9999.000
202606110612,   2.357,   1.151,9999.000,9999.000,9999.000,9999.000,9999.000,9999.000,9999.000
202606110618,   2.421,   1.229,9999.000,9999.000,9999.000,9999.000,9999.000,9999.000,9999.000
202606110624,   2.482,   1.289,9999.000,9999.000,9999.000,9999.000,9999.000,9999.000,9999.000
202606110630,   2.541,   1.380,9999.000,9999.000,9999.000,9999.000,9999.000,9999.000,9999.000
202606110636,   2.598,   1.430,9999.000,9999.000,9999.000,9999.000,9999.000,9999.000,9999.000
202606110642,   2.653,   1.518,9999.000,9999.000,9999.000,9999.000,9999.000,9999.000,9999.000
202606110648,   2.705,   1.590,9999.000,9999.000,9999.000,9999.000,9999.000,9999.000,9999.000
202606110654,   2.754,   1.659,9999.000,9999.000,9999.000,9999.000,9999.000,9999.000,9999.000
202606110700,   2.801,   1.708,   0.400,  -1.493,   1.708,   0.400,   1.708,   0.500,   1.808
202606110706,   2.846,   1.758,9999.000,9999.000,9999.000,9999.000,9999.000,9999.000,9999.000
202606110712,   2.887,   1.820,9999.000,9999.000,9999.000,9999.000,9999.000,9999.000,9999.000
202606110718,   2.926,   1.879,9999.000,9999.000,9999.000,9999.000,9999.000,9999.000,9999.000
202606110724,   2.962,   1.928,9999.000,9999.000,9999.000,9999.000,9999.000,9999.000,9999.000
202606110730,   2.996,   1.981,9999.000,9999.000,9999.000,9999.000,9999.000,9999.000,9999.000
202606110736,   3.027,   2.030,9999.000,9999.000,9999.000,9999.000,9999.000,9999.000,9999.000
202606110742,   3.056,   2.069,9999.000,9999.000,9999.000,9999.000,9999.000,9999.000,9999.000
202606110748,   3.083,   2.109,9999.000,9999.000,9999.000,9999.000,9999.000,9999.000,9999.000
202606110754,   3.107,   2.128,9999.000,9999.000,9999.000,9999.000,9999.000,9999.000,9999.000
202606110800,   3.128,   2.168,   0.400,  -1.360,   2.168,   0.400,   2.168,   0.500,   2.268
202606110806,   3.148,   2.191,9999.000,9999.000,9999.000,9999.000,9999.000,9999.000,9999.000
202606110812,   3.166,   2.210,9999.000,9999.000,9999.000,9999.000,9999.000,9999.000,9999.000
202606110818,   3.181,   2.250,9999.000,9999.000,9999.000,9999.000,9999.000,9999.000,9999.000
202606110824,   3.195,   2.259,9999.000,9999.000,9999.000,9999.000,9999.000,9999.000,9999.000
202606110830,   3.206,   2.279,9999.000,9999.000,9999.000,9999.000,9999.000,9999.000,9999.000
202606110836,   3.216,   2.279,9999.000,9999.000,9999.000,9999.000,9999.000,9999.000,9999.000
202606110842,   3.224,   2.289,9999.000,9999.000,9999.000,9999.000,9999.000,9999.000,9999.000
202606110848,   3.230,   2.289,9999.000,9999.000,9999.000,9999.000,9999.000,9999.000,9999.000
202606110854,   3.234,   2.289,9999.000,9999.000,9999.000,9999.000,9999.000,9999.000,9999.000
202606110900,   3.237,   2.289,   0.400,  -1.348,   2.289,   0.400,   2.289,   0.500,   2.389
202606110906,   3.238,   2.279,9999.000,9999.000,9999.000,9999.000,9999.000,9999.000,9999.000
202606110912,   3.237,   2.279,9999.000,9999.000,9999.000,9999.000,9999.000,9999.000,9999.000
202606110918,   3.235,   2.259,9999.000,9999.000,9999.000,9999.000,9999.000,9999.000,9999.000
202606110924,   3.230,   2.250,9999.000,9999.000,9999.000,9999.000,9999.000,9999.000,9999.000
202606110930,   3.224,   2.210,9999.000,9999.000,9999.000,9999.000,9999.000,9999.000,9999.000
202606110936,   3.217,   2.191,9999.000,9999.000,9999.000,9999.000,9999.000,9999.000,9999.000
202606110942,   3.207,   2.148,9999.000,9999.000,9999.000,9999.000,9999.000,9999.000,9999.000
202606110948,   3.195,   2.118,9999.000,9999.000,9999.000,9999.000,9999.000,9999.000,9999.000
202606110954,   3.182,   2.069,9999.000,9999.000,9999.000,9999.000,9999.000,9999.000,9999.000
202606111000,   3.166,   2.020,   0.400,  -1.546,   2.020,   0.400,   2.020,   0.500,   2.120
202606111006,   3.148,   1.981,9999.000,9999.000,9999.000,9999.000,9999.000,9999.000,9999.000
202606111012,   3.128,   1.928,9999.000,9999.000,9999.000,9999.000,9999.000,9999.000,9999.000
202606111018,   3.105,   1.889,9999.000,9999.000,9999.000,9999.000,9999.000,9999.000,9999.000
202606111024,   3.080,   1.840,9999.000,9999.000,9999.000,9999.000,9999.000,9999.000,9999.000
202606111030,   3.053,   1.781,9999.000,9999.000,9999.000,9999.000,9999.000,9999.000,9999.000
202606111036,   3.023,   1.728,9999.000,9999.000,9999.000,9999.000,9999.000,9999.000,9999.000
202606111042,   2.991,   1.679,9999.000,9999.000,9999.000,9999.000,9999.000,9999.000,9999.000
202606111048,   2.956,   1.620,9999.000,9999.000,9999.000,9999.000,9999.000,9999.000,9999.000
202606111054,   2.919,   1.557,9999.000,9999.000,9999.000,9999.000,9999.000,9999.000,9999.000
202606111100,   2.880,   1.479,   0.400,  -1.801,   1.479,   0.400,   1.479,   0.500,   1.579
202606111106,   2.838,   1.430,9999.000,9999.000,9999.000,9999.000,9999.000,9999.000,9999.000
202606111112,   2.795,   1.348,9999.000,9999.000,9999.000,9999.000,9999.000,9999.000,9999.000
202606111118,   2.749,   1.298,9999.000,9999.000,9999.000,9999.000,9999.000,9999.000,9999.000
202606111124,   2.702,   1.220,9999.000,9999.000,9999.000,9999.000,9999.000,9999.000,9999.000
202606111130,   2.652,   1.180,9999.000,9999.000,9999.000,9999.000,9999.000,9999.000,9999.000
202606111136,   2.602,   1.118,9999.000,9999.000,9999.000,9999.000,9999.000,9999.000,9999.000
202606111142,   2.550,   1.029,9999.000,9999.000,9999.000,9999.000,9999.000,9999.000,9999.000
202606111148,   2.497,   0.990,9999.000,9999.000,9999.000,9999.000,9999.000,9999.000,9999.000
202606111154,   2.443,   0.898,9999.000,9999.000,9999.000,9999.000,9999.000,9999.000,9999.000
202606111200,   2.388,   0.859,   0.400,  -1.929,   0.859,   0.400,   0.859,   0.400,   0.859
202606111206,   2.332,   0.780,9999.000,9999.000,9999.000,9999.000,9999.000,9999.000,9999.000
202606111212,   2.277,   0.731,9999.000,9999.000,9999.000,9999.000,9999.000,9999.000,9999.000
202606111218,   2.220,   0.678,9999.000,9999.000,9999.000,9999.000,9999.000,9999.000,9999.000
202606111224,   2.164,   0.619,9999.000,9999.000,9999.000,9999.000,9999.000,9999.000,9999.000
202606111230,   2.108,   0.531,9999.000,9999.000,9999.000,9999.000,9999.000,9999.000,9999.000
202606111236,   2.052,   0.488,9999.000,9999.000,9999.000,9999.000,9999.000,9999.000,9999.000
202606111242,   1.996,   0.439,9999.000,9999.000,9999.000,9999.000,9999.000,9999.000,9999.000
202606111248,   1.940,   0.380,9999.000,9999.000,9999.000,9999.000,9999.000,9999.000,9999.000
202606111254,   1.885,   0.331,9999.000,9999.000,9999.000,9999.000,9999.000,9999.000,9999.000
202606111300,   1.831,   0.268,   0.400,  -1.963,   0.268,   0.400,   0.268,   0.400,   0.268
202606111306,   1.777,   0.219,9999.000,9999.000,9999.000,9999.000,9999.000,9999.000,9999.000
202606111312,   1.724,   0.170,9999.000,9999.000,9999.000,9999.000,9999.000,9999.000,9999.000
202606111318,   1.672,   0.121,9999.000,9999.000,9999.000,9999.000,9999.000,9999.000,9999.000
202606111324,   1.621,   0.068,9999.000,9999.000,9999.000,9999.000,9999.000,9999.000,9999.000
202606111330,   1.571,   0.019,9999.000,9999.000,9999.000,9999.000,9999.000,9999.000,9999.000
202606111336,   1.523,  -0.029,9999.000,9999.000,9999.000,9999.000,9999.000,9999.000,9999.000
202606111342,   1.475,  -0.078,9999.000,9999.000,9999.000,9999.000,9999.000,9999.000,9999.000
202606111348,   1.429,  -0.131,9999.000,9999.000,9999.000,9999.000,9999.000,9999.000,9999.000
202606111354,   1.385,  -0.180,9999.000,9999.000,9999.000,9999.000,9999.000,9999.000,9999.000
202606111400,   1.342,  -0.219,   0.400,  -1.961,  -0.219,   0.400,  -0.219,   0.400,  -0.219
202606111406,   1.300,  -0.259,9999.000,9999.000,9999.000,9999.000,9999.000,9999.000,9999.000
202606111412,   1.260,  -0.298,9999.000,9999.000,9999.000,9999.000,9999.000,9999.000,9999.000
202606111418,   1.222,  -0.341,9999.000,9999.000,9999.000,9999.000,9999.000,9999.000,9999.000
202606111424,   1.185,  -0.380,9999.000,9999.000,9999.000,9999.000,9999.000,9999.000,9999.000
202606111430,   1.151,  -0.390,9999.000,9999.000,9999.000,9999.000,9999.000,9999.000,9999.000
202606111436,   1.117,  -0.429,9999.000,9999.000,9999.000,9999.000,9999.000,9999.000,9999.000
202606111442,   1.086,  -0.459,9999.000,9999.000,9999.000,9999.000,9999.000,9999.000,9999.000
202606111448,   1.056,  -0.488,9999.000,9999.000,9999.000,9999.000,9999.000,9999.000,9999.000
202606111454,   1.028,  -0.518,9999.000,9999.000,9999.000,9999.000,9999.000,9999.000,9999.000
202606111500,   1.002,  -0.560,   0.400,  -1.962,  -0.560,   0.400,  -0.560,   0.400,  -0.560
202606111506,   0.978,  -0.580,9999.000,9999.000,9999.000,9999.000,9999.000,9999.000,9999.000
202606111512,   0.956,  -0.610,9999.000,9999.000,9999.000,9999.000,9999.000,9999.000,9999.000
202606111518,   0.936,  -0.619,9999.000,9999.000,9999.000,9999.000,9999.000,9999.000,9999.000
202606111524,   0.918,  -0.659,9999.000,9999.000,9999.000,9999.000,9999.000,9999.000,9999.000
202606111530,   0.902,  -0.669,9999.000,9999.000,9999.000,9999.000,9999.000,9999.000,9999.000
202606111536,   0.889,  -0.688,9999.000,9999.000,9999.000,9999.000,9999.000,9999.000,9999.000
202606111542,   0.879,  -0.718,9999.000,9999.000,9999.000,9999.000,9999.000,9999.000,9999.000
202606111548,   0.871,9999.000,9999.000,9999.000,9999.000,9999.000,9999.000,9999.000,9999.000
202606111554,   0.866,  -0.741,9999.000,9999.000,9999.000,9999.000,9999.000,9999.000,9999.000
202606111600,   0.865,  -0.741,   0.400,  -2.006,  -0.741,   0.400,  -0.741,   0.400,  -0.741
202606111606,   0.867,  -0.751,9999.000,9999.000,9999.000,9999.000,9999.000,9999.000,9999.000
202606111612,   0.872,  -0.751,9999.000,9999.000,9999.000,9999.000,9999.000,9999.000,9999.000
202606111618,   0.881,  -0.751,9999.000,9999.000,9999.000,9999.000,9999.000,9999.000,9999.000
202606111624,   0.894,  -0.741,9999.000,9999.000,9999.000,9999.000,9999.000,9999.000,9999.000
202606111630,   0.910,  -0.731,9999.000,9999.000,9999.000,9999.000,9999.000,9999.000,9999.000
202606111636,   0.931,  -0.718,9999.000,9999.000,9999.000,9999.000,9999.000,9999.000,9999.000
202606111642,   0.955,  -0.698,9999.000,9999.000,9999.000,9999.000,9999.000,9999.000,9999.000
202606111648,   0.983,  -0.678,9999.000,9999.000,9999.000,9999.000,9999.000,9999.000,9999.000
202606111654,   1.015,  -0.639,9999.000,9999.000,9999.000,9999.000,9999.000,9999.000,9999.000
202606111700,   1.051,  -0.619,   0.400,  -2.070,  -0.619,   0.300,  -0.719,   0.400,  -0.619
202606111706,   1.090,  -0.570,9999.000,9999.000,9999.000,9999.000,9999.000,9999.000,9999.000
202606111712,   1.132,  -0.518,9999.000,9999.000,9999.000,9999.000,9999.000,9999.000,9999.000
202606111718,   1.178,  -0.478,9999.000,9999.000,9999.000,9999.000,9999.000,9999.000,9999.000
202606111724,   1.226,  -0.429,9999.000,9999.000,9999.000,9999.000,9999.000,9999.000,9999.000
202606111730,   1.277,  -0.380,9999.000,9999.000,9999.000,9999.000,9999.000,9999.000,9999.000
202606111736,   1.329,  -0.331,9999.000,9999.000,9999.000,9999.000,9999.000,9999.000,9999.000
202606111742,   1.384,  -0.268,9999.000,9999.000,9999.000,9999.000,9999.000,9999.000,9999.000
202606111748,   1.440,  -0.200,9999.000,9999.000,9999.000,9999.000,9999.000,9999.000,9999.000
202606111754,   1.498,  -0.121,9999.000,9999.000,9999.000,9999.000,9999.000,9999.000,9999.000
202606111800,   1.556,  -0.049,   0.400,  -2.005,  -0.049,   0.300,  -0.149,   0.500,   0.051
202606111806,   1.615,   0.000,9999.000,9999.000,9999.000,9999.000,9999.000,9999.000,9999.000
202606111812,   1.674,   0.088,9999.000,9999.000,9999.000,9999.000,9999.000,9999.000,9999.000
202606111818,   1.733,   0.141,9999.000,9999.000,9999.000,9999.000,9999.000,9999.000,9999.000
202606111824,   1.791,   0.229,9999.000,9999.000,9999.000,9999.000,9999.000,9999.000,9999.000
202606111830,   1.849,   0.298,9999.000,9999.000,9999.000,9999.000,9999.000,9999.000,9999.000
202606111836,   1.906,   0.380,9999.000,9999.000,9999.000,9999.000,9999.000,9999.000,9999.000
202606111842,   1.962,   0.429,9999.000,9999.000,9999.000,9999.000,9999.000,9999.000,9999.000
202606111848,   2.016,   0.531,9999.000,9999.000,9999.000,9999.000,9999.000,9999.000,9999.000
202606111854,   2.069,   0.570,9999.000,9999.000,9999.000,9999.000,9999.000,9999.000,9999.000
202606111900,   2.121,   0.659,   0.400,  -1.862,   0.659,   0.300,   0.559,   0.400,   0.659
202606111906,   2.170,   0.718,9999.000,9999.000,9999.000,9999.000,9999.000,9999.000,9999.000
202606111912,   2.218,   0.819,9999.000,9999.000,9999.000,9999.000,9999.000,9999.000,9999.000
202606111918,   2.263,   0.869,9999.000,9999.000,9999.000,9999.000,9999.000,9999.000,9999.000
202606111924,   2.307,   0.941,9999.000,9999.000,9999.000,9999.000,9999.000,9999.000,9999.000
202606111930,   2.348,   1.010,9999.000,9999.000,9999.000,9999.000,9999.000,9999.000,9999.000
202606111936,   2.387,   1.059,9999.000,9999.000,9999.000,9999.000,9999.000,9999.000,9999.000
202606111942,   2.424,   1.118,9999.000,9999.000,9999.000,9999.000,9999.000,9999.000,9999.000
202606111948,   2.459,   1.200,9999.000,9999.000,9999.000,9999.000,9999.000,9999.000,9999.000
202606111954,   2.492,   1.249,9999.000,9999.000,9999.000,9999.000,9999.000,9999.000,9999.000
202606112000,   2.523,   1.298,   0.400,  -1.625,   1.298,   0.300,   1.198,   0.400,   1.298
202606112006,   2.551,   1.338,9999.000,9999.000,9999.000,9999.000,9999.000,9999.000,9999.000
202606112012,   2.577,   1.390,9999.000,9999.000,9999.000,9999.000,9999.000,9999.000,9999.000
202606112018,   2.602,   1.430,9999.000,9999.000,9999.000,9999.000,9999.000,9999.000,9999.000
202606112024,   2.624,   1.479,9999.000,9999.000,9999.000,9999.000,9999.000,9999.000,9999.000
202606112030,   2.645,   1.518,9999.000,9999.000,9999.000,9999.000,9999.000,9999.000,9999.000
202606112036,   2.664,   1.538,9999.000,9999.000,9999.000,9999.000,9999.000,9999.000,9999.000
202606112042,   2.681,   1.580,9999.000,9999.000,9999.000,9999.000,9999.000,9999.000,9999.000
202606112048,   2.696,   1.600,9999.000,9999.000,9999.000,9999.000,9999.000,9999.000,9999.000
202606112054,   2.710,   1.620,9999.000,9999.000,9999.000,9999.000,9999.000,9999.000,9999.000
202606112100,   2.722,   1.630,   0.400,  -1.492,   1.630,   0.300,   1.530,   0.400,   1.630
202606112106,   2.733,   1.659,9999.000,9999.000,9999.000,9999.000,9999.000,9999.000,9999.000
202606112112,   2.742,   1.669,9999.000,9999.000,9999.000,9999.000,9999.000,9999.000,9999.000
202606112118,   2.749,   1.679,9999.000,9999.000,9999.000,9999.000,9999.000,9999.000,9999.000
202606112124,   2.755,   1.689,9999.000,9999.000,9999.000,9999.000,9999.000,9999.000,9999.000
202606112130,   2.760,   1.689,9999.000,9999.000,9999.000,9999.000,9999.000,9999.000,9999.000
202606112136,   2.762,   1.689,9999.000,9999.000,9999.000,9999.000,9999.000,9999.000,9999.000
202606112142,   2.764,   1.689,9999.000,9999.000,9999.000,9999.000,9999.000,9999.000,9999.000
202606112148,   2.764,   1.679,9999.000,9999.000,9999.000,9999.000,9999.000,9999.000,9999.000
202606112154,   2.762,   1.669,9999.000,9999.000,9999.000,9999.000,9999.000,9999.000,9999.000
202606112200,   2.758,   1.659,   0.400,  -1.499,   1.659,   0.300,   1.559,   0.400,   1.659
202606112206,   2.753,   1.620,9999.000,9999.000,9999.000,9999.000,9999.000,9999.000,9999.000
202606112212,   2.745,   1.600,9999.000,9999.000,9999.000,9999.000,9999.000,9999.000,9999.000
202606112218,   2.736,   1.571,9999.000,9999.000,9999.000,9999.000,9999.000,9999.000,9999.000
202606112224,   2.724,   1.548,9999.000,9999.000,9999.000,9999.000,9999.000,9999.000,9999.000
202606112230,   2.710,   1.508,9999.000,9999.000,9999.000,9999.000,9999.000,9999.000,9999.000
202606112236,   2.694,   1.459,9999.000,9999.000,9999.000,9999.000,9999.000,9999.000,9999.000
202606112242,   2.675,   1.420,9999.000,9999.000,9999.000,9999.000,9999.000,9999.000,9999.000
202606112248,   2.654,   1.371,9999.000,9999.000,9999.000,9999.000,9999.000,9999.000,9999.000
202606112254,   2.631,   1.328,9999.000,9999.000,9999.000,9999.000,9999.000,9999.000,9999.000
202606112300,   2.604,   1.279,   0.400,  -1.725,   1.279,   0.300,   1.179,   0.400,   1.279
202606112306,   2.575,   1.220,9999.000,9999.000,9999.000,9999.000,9999.000,9999.000,9999.000
202606112312,   2.544,   1.170,9999.000,9999.000,9999.000,9999.000,9999.000,9999.000,9999.000
202606112318,   2.509,   1.118,9999.000,9999.000,9999.000,9999.000,9999.000,9999.000,9999.000
202606112324,   2.472,   1.059,9999.000,9999.000,9999.000,9999.000,9999.000,9999.000,9999.000
202606112330,   2.432,   1.000,9999.000,9999.000,9999.000,9999.000,9999.000,9999.000,9999.000
202606112336,   2.389,   0.941,9999.000,9999.000,9999.000,9999.000,9999.000,9999.000,9999.000
202606112342,   2.344,   0.849,9999.000,9999.000,9999.000,9999.000,9999.000,9999.000,9999.000
202606112348,   2.297,   0.810,9999.000,9999.000,9999.000,9999.000,9999.000,9999.000,9999.000
202606112354,   2.247,   0.760,9999.000,9999.000,9999.000,9999.000,9999.000,9999.000,9999.000
202606120000,   2.195,   0.678,   0.400,  -1.917,   0.678,   0.400,   0.678,   0.500,   0.778
202606120006,   2.142,   0.610,9999.000,9999.000,9999.000,9999.000,9999.000,9999.000,9999.000
202606120012,   2.086,   0.570,9999.000,9999.000,9999.000,9999.000,9999.000,9999.000,9999.000
202606120018,   2.030,   0.459,9999.000,9999.000,9999.000,9999.000,9999.000,9999.000,9999.000
202606120024,   1.972,   0.409,9999.000,9999.000,9999.000,9999.000,9999.000,9999.000,9999.000
202606120030,   1.913,   0.409,9999.000,9999.000,9999.000,9999.000,9999.000,9999.000,9999.000
202606120036,   1.854,   0.350,9999.000,9999.000,9999.000,9999.000,9999.000,9999.000,9999.000
202606120042,   1.794,   0.150,9999.000,9999.000,9999.000,9999.000,9999.000,9999.000,9999.000
202606120048,   1.733,   0.141,9999.000,9999.000,9999.000,9999.000,9999.000,9999.000,9999.000
202606120054,   1.673,   0.150,9999.000,9999.000,9999.000,9999.000,9999.000,9999.000,9999.000
202606120100,   1.613,   0.141,   0.400,  -1.872,   0.141,   0.400,   0.141,   0.500,   0.241
202606120106,   1.553,   0.121,9999.000,9999.000,9999.000,9999.000,9999.000,9999.000,9999.000
202606120112,   1.493,   0.029,9999.000,9999.000,9999.000,9999.000,9999.000,9999.000,9999.000
202606120118,   1.434,  -0.019,9999.000,9999.000,9999.000,9999.000,9999.000,9999.000,9999.000
202606120124,   1.377,  -0.068,9999.000,9999.000,9999.000,9999.000,9999.000,9999.000,9999.000
202606120130,   1.320,  -0.121,9999.000,9999.000,9999.000,9999.000,9999.000,9999.000,9999.000
202606120136,   1.265,  -0.131,9999.000,9999.000,9999.000,9999.000,9999.000,9999.000,9999.000
202606120142,   1.211,  -0.170,9999.000,9999.000,9999.000,9999.000,9999.000,9999.000,9999.000
202606120148,   1.159,  -0.190,9999.000,9999.000,9999.000,9999.000,9999.000,9999.000,9999.000
202606120154,   1.109,  -0.268,9999.000,9999.000,9999.000,9999.000,9999.000,9999.000,9999.000
202606120200,   1.062,  -0.308,   0.400,  -1.770,  -0.308,   0.400,  -0.308,   0.400,  -0.308
202606120206,   1.016,  -0.409,9999.000,9999.000,9999.000,9999.000,9999.000,9999.000,9999.000
202606120212,   0.973,  -0.459,9999.000,9999.000,9999.000,9999.000,9999.000,9999.000,9999.000
202606120218,   0.932,  -0.508,9999.000,9999.000,9999.000,9999.000,9999.000,9999.000,9999.000
202606120224,   0.895,  -0.551,9999.000,9999.000,9999.000,9999.000,9999.000,9999.000,9999.000
202606120230,   0.860,  -0.590,9999.000,9999.000,9999.000,9999.000,9999.000,9999.000,9999.000
202606120236,   0.827,  -0.629,9999.000,9999.000,9999.000,9999.000,9999.000,9999.000,9999.000
202606120242,   0.798,  -0.669,9999.000,9999.000,9999.000,9999.000,9999.000,9999.000,9999.000
202606120248,   0.771,  -0.708,9999.000,9999.000,9999.000,9999.000,9999.000,9999.000,9999.000
202606120254,   0.748,  -0.718,9999.000,9999.000,9999.000,9999.000,9999.000,9999.000,9999.000
202606120300,   0.727,  -0.760,   0.400,  -1.887,  -0.760,   0.300,  -0.860,   0.400,  -0.760
202606120306,   0.709,  -0.780,9999.000,9999.000,9999.000,9999.000,9999.000,9999.000,9999.000
202606120312,   0.694,  -0.829,9999.000,9999.000,9999.000,9999.000,9999.000,9999.000,9999.000
202606120318,   0.682,  -0.849,9999.000,9999.000,9999.000,9999.000,9999.000,9999.000,9999.000
202606120324,   0.673,  -0.879,9999.000,9999.000,9999.000,9999.000,9999.000,9999.000,9999.000
202606120330,   0.667,  -0.888,9999.000,9999.000,9999.000,9999.000,9999.000,9999.000,9999.000
202606120336,   0.663,  -0.898,9999.000,9999.000,9999.000,9999.000,9999.000,9999.000,9999.000
202606120342,   0.663,  -0.908,9999.000,9999.000,9999.000,9999.000,9999.000,9999.000,9999.000
202606120348,   0.665,  -0.898,9999.000,9999.000,9999.000,9999.000,9999.000,9999.000,9999.000
202606120354,   0.671,  -0.879,9999.000,9999.000,9999.000,9999.000,9999.000,9999.000,9999.000
202606120400,   0.679,  -0.859,   0.400,  -1.938,  -0.859,   0.300,  -0.959,   0.400,  -0.859
202606120406,   0.691,  -0.839,9999.000,9999.000,9999.000,9999.000,9999.000,9999.000,9999.000
202606120412,   0.706,  -0.819,9999.000,9999.000,9999.000,9999.000,9999.000,9999.000,9999.000
202606120418,   0.724,  -0.780,9999.000,9999.000,9999.000,9999.000,9999.000,9999.000,9999.000
202606120424,   0.746,  -0.760,9999.000,9999.000,9999.000,9999.000,9999.000,9999.000,9999.000
202606120430,   0.771,  -0.751,9999.000,9999.000,9999.000,9999.000,9999.000,9999.000,9999.000
202606120436,   0.800,  -0.708,9999.000,9999.000,9999.000,9999.000,9999.000,9999.000,9999.000
202606120442,   0.833,  -0.669,9999.000,9999.000,9999.000,9999.000,9999.000,9999.000,9999.000
202606120448,   0.869,  -0.649,9999.000,9999.000,9999.000,9999.000,9999.000,9999.000,9999.000
202606120454,   0.908,  -0.600,9999.000,9999.000,9999.000,9999.000,9999.000,9999.000,9999.000
202606120500,   0.952,  -0.551,   0.400,  -1.903,  -0.551,   0.300,  -0.651,   0.400,  -0.551
202606120506,   0.999,  -0.459,9999.000,9999.000,9999.000,9999.000,9999.000,9999.000,9999.000
202606120512,   1.049,  -0.409,9999.000,9999.000,9999.000,9999.000,9999.000,9999.000,9999.000
202606120518,   1.103,  -0.308,9999.000,9999.000,9999.000,9999.000,9999.000,9999.000,9999.000
202606120524,   1.160,  -0.259,9999.000,9999.000,9999.000,9999.000,9999.000,9999.000,9999.000
202606120530,   1.221,  -0.141,9999.000,9999.000,9999.000,9999.000,9999.000,9999.000,9999.000
202606120536,   1.284,  -0.049,9999.000,9999.000,9999.000,9999.000,9999.000,9999.000,9999.000
202606120542,   1.349,   0.049,9999.000,9999.000,9999.000,9999.000,9999.000,9999.000,9999.000
202606120548,   1.418,   0.141,9999.000,9999.000,9999.000,9999.000,9999.000,9999.000,9999.000
202606120554,   1.488,   0.229,9999.000,9999.000,9999.000,9999.000,9999.000,9999.000,9999.000
202606120600,   1.560,   0.278,   0.400,  -1.682,   0.278,   0.300,   0.178,   0.500,   0.378
202606120606,   1.633,   0.380,9999.000,9999.000,9999.000,9999.000,9999.000,9999.000,9999.000
202606120612,   1.708,   0.478,9999.000,9999.000,9999.000,9999.000,9999.000,9999.000,9999.000
202606120618,   1.783,   0.560,9999.000,9999.000,9999.000,9999.000,9999.000,9999.000,9999.000
202606120624,   1.859,   0.649,9999.000,9999.000,9999.000,9999.000,9999.000,9999.000,9999.000
202606120630,   1.935,   0.731,9999.000,9999.000,9999.000,9999.000,9999.000,9999.000,9999.000
202606120636,   2.011,   0.819,9999.000,9999.000,9999.000,9999.000,9999.000,9999.000,9999.000
202606120642,   2.087,   0.869,9999.000,9999.000,9999.000,9999.000,9999.000,9999.000,9999.000
202606120648,   2.161,   0.990,9999.000,9999.000,9999.000,9999.000,9999.000,9999.000,9999.000
202606120654,   2.235,   1.079,9999.000,9999.000,9999.000,9999.000,9999.000,9999.000,9999.000
202606120700,   2.307,   1.170,   0.400,  -1.537,   1.170,   0.300,   1.070,   0.500,   1.270
202606120706,   2.378,   1.249,9999.000,9999.000,9999.000,9999.000,9999.000,9999.000,9999.000
202606120712,   2.446,   1.328,9999.000,9999.000,9999.000,9999.000,9999.000,9999.000,9999.000
202606120718,   2.513,   1.420,9999.000,9999.000,9999.000,9999.000,9999.000,9999.000,9999.000
202606120724,   2.578,   1.489,9999.000,9999.000,9999.000,9999.000,9999.000,9999.000,9999.000
202606120730,   2.640,   1.571,9999.000,9999.000,9999.000,9999.000,9999.000,9999.000,9999.000
202606120736,   2.700,   1.610,9999.000,9999.000,9999.000,9999.000,9999.000,9999.000,9999.000
202606120742,   2.757,   1.669,9999.000,9999.000,9999.000,9999.000,9999.000,9999.000,9999.000
202606120748,   2.812,   1.758,9999.000,9999.000,9999.000,9999.000,9999.000,9999.000,9999.000
202606120754,   2.864,   1.800,9999.000,9999.000,9999.000,9999.000,9999.000,9999.000,9999.000
202606120800,   2.913,   1.879,   0.400,  -1.434,   1.879,   0.300,   1.779,   0.500,   1.979
202606120806,   2.959,   1.928,9999.000,9999.000,9999.000,9999.000,9999.000,9999.000,9999.000
202606120812,   3.003,   1.990,9999.000,9999.000,9999.000,9999.000,9999.000,9999.000,9999.000
202606120818,   3.044,   2.040,9999.000,9999.000,9999.000,9999.000,9999.000,9999.000,9999.000
202606120824,   3.082,   2.079,9999.000,9999.000,9999.000,9999.000,9999.000,9999.000,9999.000
202606120830,   3.118,   2.128,9999.000,9999.000,9999.000,9999.000,9999.000,9999.000,9999.000
202606120836,   3.151,   2.168,9999.000,9999.000,9999.000,9999.000,9999.000,9999.000,9999.000
202606120842,   3.181,   2.210,9999.000,9999.000,9999.000,9999.000,9999.000,9999.000,9999.000
202606120848,   3.209,   2.230,9999.000,9999.000,9999.000,9999.000,9999.000,9999.000,9999.000
202606120854,   3.234,   2.269,9999.000,9999.000,9999.000,9999.000,9999.000,9999.000,9999.000
202606120900,   3.257,   2.289,   0.400,  -1.368,   2.289,   0.300,   2.189,   0.500,   2.389
202606120906,   3.278,   2.299,9999.000,9999.000,9999.000,9999.000,9999.000,9999.000,9999.000
202606120912,   3.296,   2.318,9999.000,9999.000,9999.000,9999.000,9999.000,9999.000,9999.000
202606120918,   3.312,9999.000,9999.000,9999.000,9999.000,9999.000,9999.000,9999.000,9999.000
202606120924,   3.326,   2.348,9999.000,9999.000,9999.000,9999.000,9999.000,9999.000,9999.000
202606120930,   3.338,   2.368,9999.000,9999.000,9999.000,9999.000,9999.000,9999.000,9999.000
202606120936,   3.348,   2.368,9999.000,9999.000,9999.000,9999.000,9999.000,9999.000,9999.000
202606120942,   3.356,   2.377,9999.000,9999.000,9999.000,9999.000,9999.000,9999.000,9999.000
202606120948,   3.362,   2.377,9999.000,9999.000,9999.000,9999.000,9999.000,9999.000,9999.000
202606120954,   3.366,   2.387,9999.000,9999.000,9999.000,9999.000,9999.000,9999.000,9999.000
202606121000,   3.368,   2.377,   0.400,  -1.391,   2.377,   0.300,   2.277,   0.500,   2.477
202606121006,   3.368,   2.368,9999.000,9999.000,9999.000,9999.000,9999.000,9999.000,9999.000
202606121012,   3.366,   2.358,9999.000,9999.000,9999.000,9999.000,9999.000,9999.000,9999.000
202606121018,   3.361,   2.338,9999.000,9999.000,9999.000,9999.000,9999.000,9999.000,9999.000
202606121024,   3.355,   2.318,9999.000,9999.000,9999.000,9999.000,9999.000,9999.000,9999.000
202606121030,   3.347,   2.279,9999.000,9999.000,9999.000,9999.000,9999.000,9999.000,9999.000
202606121036,   3.337,   2.240,9999.000,9999.000,9999.000,9999.000,9999.000,9999.000,9999.000
202606121042,   3.324,   2.220,9999.000,9999.000,9999.000,9999.000,9999.000,9999.000,9999.000
202606121048,   3.309,   2.177,9999.000,9999.000,9999.000,9999.000,9999.000,9999.000,9999.000
202606121054,   3.291,   2.138,9999.000,9999.000,9999.000,9999.000,9999.000,9999.000,9999.000
202606121100,   3.272,   2.118,   0.400,  -1.554,   2.118,   0.300,   2.018,   0.500,   2.218
202606121106,   3.249,9999.000,9999.000,9999.000,9999.000,9999.000,9999.000,9999.000,9999.000
202606121112,   3.225,   2.020,9999.000,9999.000,9999.000,9999.000,9999.000,9999.000,9999.000
202606121118,   3.197,   1.981,9999.000,9999.000,9999.000,9999.000,9999.000,9999.000,9999.000
202606121124,   3.168,   1.938,9999.000,9999.000,9999.000,9999.000,9999.000,9999.000,9999.000
202606121130,   3.135,   1.889,9999.000,9999.000,9999.000,9999.000,9999.000,9999.000,9999.000
202606121136,   3.100,   1.830,9999.000,9999.000,9999.000,9999.000,9999.000,9999.000,9999.000
202606121142,   3.063,   1.781,9999.000,9999.000,9999.000,9999.000,9999.000,9999.000,9999.000
202606121148,   3.023,   1.728,9999.000,9999.000,9999.000,9999.000,9999.000,9999.000,9999.000
202606121154,   2.981,   1.679,9999.000,9999.000,9999.000,9999.000,9999.000,9999.000,9999.000
202606121200,   2.936,   1.630,   0.500,  -1.806,   1.630,   0.400,   1.530,   0.500,   1.630
202606121206,   2.890,   1.571,9999.000,9999.000,9999.000,9999.000,9999.000,9999.000,9999.000
202606121212,   2.842,   1.508,9999.000,9999.000,9999.000,9999.000,9999.000,9999.000,9999.000
202606121218,   2.792,   1.459,9999.000,9999.000,9999.000,9999.000,9999.000,9999.000,9999.000
202606121224,   2.740,   1.400,9999.000,9999.000,9999.000,9999.000,9999.000,9999.000,9999.000
202606121230,   2.687,   1.338,9999.000,9999.000,9999.000,9999.000,9999.000,9999.000,9999.000
202606121236,   2.633,   1.289,9999.000,9999.000,9999.000,9999.000,9999.000,9999.000,9999.000
202606121242,   2.578,   1.239,9999.000,9999.000,9999.000,9999.000,9999.000,9999.000,9999.000
202606121248,   2.522,   1.151,9999.000,9999.000,9999.000,9999.000,9999.000,9999.000,9999.000
202606121254,   2.465,   1.128,9999.000,9999.000,9999.000,9999.000,9999.000,9999.000,9999.000
202606121300,   2.408,   1.039,   0.500,  -1.869,   1.039,   0.400,   0.939,   0.500,   1.039
202606121306,   2.350,   1.010,9999.000,9999.000,9999.000,9999.000,9999.000,9999.000,9999.000
202606121312,   2.292,   0.928,9999.000,9999.000,9999.000,9999.000,9999.000,9999.000,9999.000
202606121318,   2.234,   0.898,9999.000,9999.000,9999.000,9999.000,9999.000,9999.000,9999.000
202606121324,   2.176,   0.829,9999.000,9999.000,9999.000,9999.000,9999.000,9999.000,9999.000
202606121330,   2.118,   0.800,9999.000,9999.000,9999.000,9999.000,9999.000,9999.000,9999.000
202606121336,   2.060,   0.718,9999.000,9999.000,9999.000,9999.000,9999.000,9999.000,9999.000
202606121342,   2.003,   0.698,9999.000,9999.000,9999.000,9999.000,9999.000,9999.000,9999.000
202606121348,   1.946,   0.629,9999.000,9999.000,9999.000,9999.000,9999.000,9999.000,9999.000
202606121354,   1.889,   0.600,9999.000,9999.000,9999.000,9999.000,9999.000,9999.000,9999.000
202606121400,   1.832,   0.518,   0.500,  -1.814,   0.518,   0.400,   0.418,   0.500,   0.518
202606121406,   1.777,   0.498,9999.000,9999.000,9999.000,9999.000,9999.000,9999.000,9999.000
202606121412,   1.722,   0.429,9999.000,9999.000,9999.000,9999.000,9999.000,9999.000,9999.000
202606121418,   1.668,   0.409,9999.000,9999.000,9999.000,9999.000,9999.000,9999.000,9999.000
202606121424,   1.615,   0.341,9999.000,9999.000,9999.000,9999.000,9999.000,9999.000,9999.000
202606121430,   1.562,   0.321,9999.000,9999.000,9999.000,9999.000,9999.000,9999.000,9999.000
202606121436,   1.511,   0.259,9999.000,9999.000,9999.000,9999.000,9999.000,9999.000,9999.000
202606121442,   1.461,   0.239,9999.000,9999.000,9999.000,9999.000,9999.000,9999.000,9999.000
202606121448,   1.412,   0.200,9999.000,9999.000,9999.000,9999.000,9999.000,9999.000,9999.000
202606121454,   1.365,   0.150,9999.000,9999.000,9999.000,9999.000,9999.000,9999.000,9999.000
202606121500,   1.318,   0.111,   0.500,  -1.707,   0.111,   0.400,   0.011,   0.500,   0.111
202606121506,   1.273,   0.068,9999.000,9999.000,9999.000,9999.000,9999.000,9999.000,9999.000
202606121512,   1.229,   0.029,9999.000,9999.000,9999.000,9999.000,9999.000,9999.000,9999.000
202606121518,   1.187,  -0.009,9999.000,9999.000,9999.000,9999.000,9999.000,9999.000,9999.000
202606121524,   1.146,  -0.019,9999.000,9999.000,9999.000,9999.000,9999.000,9999.000,9999.000
202606121530,   1.106,  -0.059,9999.000,9999.000,9999.000,9999.000,9999.000,9999.000,9999.000
202606121536,   1.068,  -0.078,9999.000,9999.000,9999.000,9999.000,9999.000,9999.000,9999.000
202606121542,   1.031,  -0.098,9999.000,9999.000,9999.000,9999.000,9999.000,9999.000,9999.000
202606121548,   0.996,  -0.141,9999.000,9999.000,9999.000,9999.000,9999.000,9999.000,9999.000
202606121554,   0.962,  -0.150,9999.000,9999.000,9999.000,9999.000,9999.000,9999.000,9999.000
202606121600,   0.929,  -0.170,   0.500,  -1.599,  -0.170,   0.400,  -0.270,   0.500,  -0.170
202606121606,   0.899,  -0.180,9999.000,9999.000,9999.000,9999.000,9999.000,9999.000,9999.000
202606121612,   0.870,  -0.200,9999.000,9999.000,9999.000,9999.000,9999.000,9999.000,9999.000
202606121618,   0.843,  -0.219,9999.000,9999.000,9999.000,9999.000,9999.000,9999.000,9999.000
202606121624,   0.819,  -0.229,9999.000,9999.000,9999.000,9999.000,9999.000,9999.000,9999.000
202606121630,   0.797,  -0.249,9999.000,9999.000,9999.000,9999.000,9999.000,9999.000,9999.000
202606121636,   0.778,  -0.259,9999.000,9999.000,9999.000,9999.000,9999.000,9999.000,9999.000
202606121642,   0.761,  -0.268,9999.000,9999.000,9999.000,9999.000,9999.000,9999.000,9999.000
202606121648,   0.748,  -0.278,9999.000,9999.000,9999.000,9999.000,9999.000,9999.000,9999.000
202606121654,   0.738,  -0.278,9999.000,9999.000,9999.000,9999.000,9999.000,9999.000,9999.000
202606121700,   0.732,  -0.278,   0.500,  -1.510,  -0.278,   0.400,  -0.378,   0.500,  -0.278
202606121706,   0.730,  -0.288,9999.000,9999.000,9999.000,9999.000,9999.000,9999.000,9999.000
202606121712,   0.732,  -0.278,9999.000,9999.000,9999.000,9999.000,9999.000,9999.000,9999.000
202606121718,   0.738,  -0.278,9999.000,9999.000,9999.000,9999.000,9999.000,9999.000,9999.000
202606121724,   0.749,  -0.268,9999.000,9999.000,9999.000,9999.000,9999.000,9999.000,9999.000
202606121730,   0.765,  -0.249,9999.000,9999.000,9999.000,9999.000,9999.000,9999.000,9999.000
202606121736,   0.785,  -0.209,9999.000,9999.000,9999.000,9999.000,9999.000,9999.000,9999.000
202606121742,   0.810,  -0.200,9999.000,9999.000,9999.000,9999.000,9999.000,9999.000,9999.000
202606121748,   0.839,  -0.160,9999.000,9999.000,9999.000,9999.000,9999.000,9999.000,9999.000
202606121754,   0.872,  -0.111,9999.000,9999.000,9999.000,9999.000,9999.000,9999.000,9999.000
202606121800,   0.910,  -0.068,   0.500,  -1.478,  -0.068,   0.400,  -0.168,   0.600,   0.032
202606121806,   0.952,  -0.029,9999.000,9999.000,9999.000,9999.000,9999.000,9999.000,9999.000
202606121812,   0.998,   0.019,9999.000,9999.000,9999.000,9999.000,9999.000,9999.000,9999.000
202606121818,   1.047,   0.098,9999.000,9999.000,9999.000,9999.000,9999.000,9999.000,9999.000
202606121824,   1.099,   0.141,9999.000,9999.000,9999.000,9999.000,9999.000,9999.000,9999.000
202606121830,   1.154,   0.200,9999.000,9999.000,9999.000,9999.000,9999.000,9999.000,9999.000
202606121836,   1.212,   0.298,9999.000,9999.000,9999.000,9999.000,9999.000,9999.000,9999.000
202606121842,   1.271,   0.350,9999.000,9999.000,9999.000,9999.000,9999.000,9999.000,9999.000
202606121848,   1.333,   0.400,9999.000,9999.000,9999.000,9999.000,9999.000,9999.000,9999.000
202606121854,   1.395,   0.488,9999.000,9999.000,9999.000,9999.000,9999.000,9999.000,9999.000
202606121900,   1.459,   0.570,   0.500,  -1.389,   0.570,   0.400,   0.470,   0.600,   0.670
202606121906,   1.523,   0.619,9999.000,9999.000,9999.000,9999.000,9999.000,9999.000,9999.000
202606121912,   1.587,   0.708,9999.000,9999.000,9999.000,9999.000,9999.000,9999.000,9999.000
202606121918,   1.651,   0.780,9999.000,9999.000,9999.000,9999.000,9999.000,9999.000,9999.000
202606121924,   1.715,   0.869,9999.000,9999.000,9999.000,9999.000,9999.000,9999.000,9999.000
202606121930,   1.778,   0.928,9999.000,9999.000,9999.000,9999.000,9999.000,9999.000,9999.000
202606121936,   1.840,   1.020,9999.000,9999.000,9999.000,9999.000,9999.000,9999.000,9999.000
202606121942,   1.900,   1.098,9999.000,9999.000,9999.000,9999.000,9999.000,9999.000,9999.000
202606121948,   1.960,   1.170,9999.000,9999.000,9999.000,9999.000,9999.000,9999.000,9999.000
202606121954,   2.017,   1.249,9999.000,9999.000,9999.000,9999.000,9999.000,9999.000,9999.000
202606122000,   2.073,   1.318,   0.500,  -1.255,   1.318,   0.400,   1.218,   0.600,   1.418
202606122006,   2.127,   1.390,9999.000,9999.000,9999.000,9999.000,9999.000,9999.000,9999.000
202606122012,   2.179,   1.469,9999.000,9999.000,9999.000,9999.000,9999.000,9999.000,9999.000
202606122018,   2.229,   1.571,9999.000,9999.000,9999.000,9999.000,9999.000,9999.000,9999.000
202606122024,   2.277,   1.610,9999.000,9999.000,9999.000,9999.000,9999.000,9999.000,9999.000
202606122030,   2.322,   1.649,9999.000,9999.000,9999.000,9999.000,9999.000,9999.000,9999.000
202606122036,   2.365,   1.708,9999.000,9999.000,9999.000,9999.000,9999.000,9999.000,9999.000
202606122042,   2.405,   1.748,9999.000,9999.000,9999.000,9999.000,9999.000,9999.000,9999.000
202606122048,   2.444,   1.767,9999.000,9999.000,9999.000,9999.000,9999.000,9999.000,9999.000
202606122054,   2.480,   1.869,9999.000,9999.000,9999.000,9999.000,9999.000,9999.000,9999.000
202606122100,   2.513,   1.899,   0.500,  -1.114,   1.899,   0.400,   1.799,   0.600,   1.999
202606122106,   2.545,   1.908,9999.000,9999.000,9999.000,9999.000,9999.000,9999.000,9999.000
202606122112,   2.574,   1.948,9999.000,9999.000,9999.000,9999.000,9999.000,9999.000,9999.000
202606122118,   2.601,   1.967,9999.000,9999.000,9999.000,9999.000,9999.000,9999.000,9999.000
202606122124,   2.626,   1.990,9999.000,9999.000,9999.000,9999.000,9999.000,9999.000,9999.000
202606122130,   2.649,   2.030,9999.000,9999.000,9999.000,9999.000,9999.000,9999.000,9999.000
202606122136,   2.670,   2.049,9999.000,9999.000,9999.000,9999.000,9999.000,9999.000,9999.000
202606122142,   2.689,   2.069,9999.000,9999.000,9999.000,9999.000,9999.000,9999.000,9999.000
202606122148,   2.706,   2.079,9999.000,9999.000,9999.000,9999.000,9999.000,9999.000,9999.000
202606122154,   2.722,   2.118,9999.000,9999.000,9999.000,9999.000,9999.000,9999.000,9999.000
202606122200,   2.735,   2.128,   0.500,  -1.107,   2.128,   0.400,   2.028,   0.600,   2.228
202606122206,   2.747,   2.128,9999.000,9999.000,9999.000,9999.000,9999.000,9999.000,9999.000
202606122212,   2.757,   2.128,9999.000,9999.000,9999.000,9999.000,9999.000,9999.000,9999.000
202606122218,   2.765,   2.128,9999.000,9999.000,9999.000,9999.000,9999.000,9999.000,9999.000
202606122224,   2.771,   2.128,9999.000,9999.000,9999.000,9999.000,9999.000,9999.000,9999.000
202606122230,   2.776,   2.138,9999.000,9999.000,9999.000,9999.000,9999.000,9999.000,9999.000
202606122236,   2.778,   2.128,9999.000,9999.000,9999.000,9999.000,9999.000,9999.000,9999.000
202606122242,   2.779,   2.118,9999.000,9999.000,9999.000,9999.000,9999.000,9999.000,9999.000
202606122248,   2.779,   2.118,9999.000,9999.000,9999.000,9999.000,9999.000,9999.000,9999.000
202606122254,   2.776,   2.118,9999.000,9999.000,9999.000,9999.000,9999.000,9999.000,9999.000
202606122300,   2.771,   2.109,   0.500,  -1.162,   2.109,   0.400,   2.009,   0.600,   2.209
202606122306,   2.764,   2.109,9999.000,9999.000,9999.000,9999.000,9999.000,9999.000,9999.000
202606122312,   2.755,   2.079,9999.000,9999.000,9999.000,9999.000,9999.000,9999.000,9999.000
202606122318,   2.743,   2.040,9999.000,9999.000,9999.000,9999.000,9999.000,9999.000,9999.000
202606122324,   2.730,   2.000,9999.000,9999.000,9999.000,9999.000,9999.000,9999.000,9999.000
202606122330,   2.714,   1.948,9999.000,9999.000,9999.000,9999.000,9999.000,9999.000,9999.000
202606122336,   2.695,   1.908,9999.000,9999.000,9999.000,9999.000,9999.000,9999.000,9999.000
202606122342,   2.673,   1.830,9999.000,9999.000,9999.000,9999.000,9999.000,9999.000,9999.000
202606122348,   2.649,   1.800,9999.000,9999.000,9999.000,9999.000,9999.000,9999.000,9999.000
202606122354,   2.623,   1.718,9999.000,9999.000,9999.000,9999.000,9999.000,9999.000,9999.000
202606130000,   2.593,   1.679,   0.700,  -1.614,   1.679,   0.600,   1.579,   0.700,   1.679
202606130006,   2.561,   1.630,9999.000,9999.000,9999.000,9999.000,9999.000,9999.000,9999.000
202606130012,   2.526,   1.548,9999.000,9999.000,9999.000,9999.000,9999.000,9999.000,9999.000
202606130018,   2.488,   1.538,9999.000,9999.000,9999.000,9999.000,9999.000,9999.000,9999.000
202606130024,   2.447,   1.528,9999.000,9999.000,9999.000,9999.000,9999.000,9999.000,9999.000
202606130030,   2.404,   1.449,9999.000,9999.000,9999.000,9999.000,9999.000,9999.000,9999.000
202606130036,   2.358,   1.348,9999.000,9999.000,9999.000,9999.000,9999.000,9999.000,9999.000
202606130042,   2.310,   1.298,9999.000,9999.000,9999.000,9999.000,9999.000,9999.000,9999.000
202606130048,   2.260,   1.239,9999.000,9999.000,9999.000,9999.000,9999.000,9999.000,9999.000
202606130054,   2.207,   1.180,9999.000,9999.000,9999.000,9999.000,9999.000,9999.000,9999.000
202606130100,   2.153,   1.088,   0.700,  -1.765,   1.088,   0.600,   0.988,   0.700,   1.088
202606130106,   2.097,   1.039,9999.000,9999.000,9999.000,9999.000,9999.000,9999.000,9999.000
202606130112,   2.040,   0.941,9999.000,9999.000,9999.000,9999.000,9999.000,9999.000,9999.000
202606130118,   1.982,   0.859,9999.000,9999.000,9999.000,9999.000,9999.000,9999.000,9999.000
202606130124,   1.922,   0.790,9999.000,9999.000,9999.000,9999.000,9999.000,9999.000,9999.000
202606130130,   1.862,   0.708,9999.000,9999.000,9999.000,9999.000,9999.000,9999.000,9999.000
202606130136,   1.801,   0.639,9999.000,9999.000,9999.000,9999.000,9999.000,9999.000,9999.000
202606130142,   1.740,   0.560,9999.000,9999.000,9999.000,9999.000,9999.000,9999.000,9999.000
202606130148,   1.679,   0.531,9999.000,9999.000,9999.000,9999.000,9999.000,9999.000,9999.000
202606130154,   1.618,   0.469,9999.000,9999.000,9999.000,9999.000,9999.000,9999.000,9999.000
202606130200,   1.557,   0.400,   0.600,  -1.757,   0.400,   0.600,   0.400,   0.700,   0.500
202606130206,   1.497,   0.350,9999.000,9999.000,9999.000,9999.000,9999.000,9999.000,9999.000
202606130212,   1.438,   0.298,9999.000,9999.000,9999.000,9999.000,9999.000,9999.000,9999.000
202606130218,   1.379,   0.249,9999.000,9999.000,9999.000,9999.000,9999.000,9999.000,9999.000
202606130224,   1.322,   0.190,9999.000,9999.000,9999.000,9999.000,9999.000,9999.000,9999.000
202606130230,   1.266,   0.131,9999.000,9999.000,9999.000,9999.000,9999.000,9999.000,9999.000
202606130236,   1.211,   0.068,9999.000,9999.000,9999.000,9999.000,9999.000,9999.000,9999.000
202606130242,   1.158,  -0.019,9999.000,9999.000,9999.000,9999.000,9999.000,9999.000,9999.000
202606130248,   1.107,  -0.068,9999.000,9999.000,9999.000,9999.000,9999.000,9999.000,9999.000
202606130254,   1.059,  -0.111,9999.000,9999.000,9999.000,9999.000,9999.000,9999.000,9999.000
202606130300,   1.012,  -0.160,   0.600,  -1.772,  -0.160,   0.600,  -0.160,   0.700,  -0.060
202606130306,   0.968,  -0.200,9999.000,9999.000,9999.000,9999.000,9999.000,9999.000,9999.000
202606130312,   0.926,  -0.209,9999.000,9999.000,9999.000,9999.000,9999.000,9999.000,9999.000
202606130318,   0.887,  -0.249,9999.000,9999.000,9999.000,9999.000,9999.000,9999.000,9999.000
202606130324,   0.850,  -0.259,9999.000,9999.000,9999.000,9999.000,9999.000,9999.000,9999.000
202606130330,   0.816,  -0.278,9999.000,9999.000,9999.000,9999.000,9999.000,9999.000,9999.000
202606130336,   0.785,  -0.331,9999.000,9999.000,9999.000,9999.000,9999.000,9999.000,9999.000
202606130342,   0.756,  -0.350,9999.000,9999.000,9999.000,9999.000,9999.000,9999.000,9999.000
202606130348,   0.730,  -0.390,9999.000,9999.000,9999.000,9999.000,9999.000,9999.000,9999.000
202606130354,   0.707,  -0.400,9999.000,9999.000,9999.000,9999.000,9999.000,9999.000,9999.000
202606130400,   0.686,  -0.419,   0.600,  -1.705,  -0.419,   0.600,  -0.419,   0.700,  -0.319
202606130406,   0.668,  -0.419,9999.000,9999.000,9999.000,9999.000,9999.000,9999.000,9999.000
202606130412,   0.653,  -0.429,9999.000,9999.000,9999.000,9999.000,9999.000,9999.000,9999.000
202606130418,   0.640,  -0.439,9999.000,9999.000,9999.000,9999.000,9999.000,9999.000,9999.000
202606130424,   0.631,  -0.449,9999.000,9999.000,9999.000,9999.000,9999.000,9999.000,9999.000
202606130430,   0.624,  -0.459,9999.000,9999.000,9999.000,9999.000,9999.000,9999.000,9999.000
202606130436,   0.620,  -0.469,9999.000,9999.000,9999.000,9999.000,9999.000,9999.000,9999.000
202606130442,   0.618,  -0.478,9999.000,9999.000,9999.000,9999.000,9999.000,9999.000,9999.000
202606130448,   0.620,  -0.469,9999.000,9999.000,9999.000,9999.000,9999.000,9999.000,9999.000
202606130454,   0.625,  -0.469,9999.000,9999.000,9999.000,9999.000,9999.000,9999.000,9999.000
202606130500,   0.633,  -0.469,   0.600,  -1.702,  -0.469,   0.600,  -0.469,   0.700,  -0.369
202606130506,   0.645,  -0.459,9999.000,9999.000,9999.000,9999.000,9999.000,9999.000,9999.000
202606130512,   0.660,  -0.439,9999.000,9999.000,9999.000,9999.000,9999.000,9999.000,9999.000
202606130518,   0.679,  -0.400,9999.000,9999.000,9999.000,9999.000,9999.000,9999.000,9999.000
202606130524,   0.702,  -0.380,9999.000,9999.000,9999.000,9999.000,9999.000,9999.000,9999.000
202606130530,   0.728,  -0.331,9999.000,9999.000,9999.000,9999.000,9999.000,9999.000,9999.000
202606130536,   0.759,  -0.278,9999.000,9999.000,9999.000,9999.000,9999.000,9999.000,9999.000
202606130542,   0.794,  -0.229,9999.000,9999.000,9999.000,9999.000,9999.000,9999.000,9999.000
202606130548,   0.833,  -0.170,9999.000,9999.000,9999.000,9999.000,9999.000,9999.000,9999.000
202606130554,   0.876,  -0.111,9999.000,9999.000,9999.000,9999.000,9999.000,9999.000,9999.000
202606130600,   0.923,  -0.049,   0.700,  -1.672,  -0.049,   0.600,  -0.149,   0.700,  -0.049
202606130606,   0.974,   0.039,9999.000,9999.000,9999.000,9999.000,9999.000,9999.000,9999.000
202606130612,   1.030,   0.111,9999.000,9999.000,9999.000,9999.000,9999.000,9999.000,9999.000
202606130618,   1.089,   0.160,9999.000,9999.000,9999.000,9999.000,9999.000,9999.000,9999.000
202606130624,   1.151,   0.259,9999.000,9999.000,9999.000,9999.000,9999.000,9999.000,9999.000
202606130630,   1.217,   0.331,9999.000,9999.000,9999.000,9999.000,9999.000,9999.000,9999.000
202606130636,   1.286,   0.409,9999.000,9999.000,9999.000,9999.000,9999.000,9999.000,9999.000
202606130642,   1.358,   0.488,9999.000,9999.000,9999.000,9999.000,9999.000,9999.000,9999.000
202606130648,   1.433,   0.570,9999.000,9999.000,9999.000,9999.000,9999.000,9999.000,9999.000
202606130654,   1.509,   0.649,9999.000,9999.000,9999.000,9999.000,9999.000,9999.000,9999.000
202606130700,   1.588,   0.731,   0.700,  -1.557,   0.731,   0.600,   0.631,   0.700,   0.731
202606130706,   1.667,   0.810,9999.000,9999.000,9999.000,9999.000,9999.000,9999.000,9999.000
202606130712,   1.748,   0.898,9999.000,9999.000,9999.000,9999.000,9999.000,9999.000,9999.000
202606130718,   1.830,   0.980,9999.000,9999.000,9999.000,9999.000,9999.000,9999.000,9999.000
202606130724,   1.911,   1.059,9999.000,9999.000,9999.000,9999.000,9999.000,9999.000,9999.000
202606130730,   1.993,   1.151,9999.000,9999.000,9999.000,9999.000,9999.000,9999.000,9999.000
202606130736,   2.074,   1.229,9999.000,9999.000,9999.000,9999.000,9999.000,9999.000,9999.000
202606130742,   2.155,   1.289,9999.000,9999.000,9999.000,9999.000,9999.000,9999.000,9999.000
202606130748,   2.234,   1.390,9999.000,9999.000,9999.000,9999.000,9999.000,9999.000,9999.000
202606130754,   2.313,   1.459,9999.000,9999.000,9999.000,9999.000,9999.000,9999.000,9999.000
202606130800,   2.389,   1.538,   0.700,  -1.551,   1.538,   0.600,   1.438,   0.700,   1.538
202606130806,   2.464,   1.610,9999.000,9999.000,9999.000,9999.000,9999.000,9999.000,9999.000
202606130812,   2.536,   1.689,9999.000,9999.000,9999.000,9999.000,9999.000,9999.000,9999.000
202606130818,   2.607,   1.728,9999.000,9999.000,9999.000,9999.000,9999.000,9999.000,9999.000
202606130824,   2.674,   1.810,9999.000,9999.000,9999.000,9999.000,9999.000,9999.000,9999.000
202606130830,   2.740,   1.859,9999.000,9999.000,9999.000,9999.000,9999.000,9999.000,9999.000
202606130836,   2.802,   1.918,9999.000,9999.000,9999.000,9999.000,9999.000,9999.000,9999.000
202606130842,   2.862,   1.981,9999.000,9999.000,9999.000,9999.000,9999.000,9999.000,9999.000
202606130848,   2.918,   2.040,9999.000,9999.000,9999.000,9999.000,9999.000,9999.000,9999.000
202606130854,   2.972,   2.089,9999.000,9999.000,9999.000,9999.000,9999.000,9999.000,9999.000
202606130900,   3.023,   2.118,   0.700,  -1.605,   2.118,   0.600,   2.018,   0.700,   2.118
202606130906,   3.071,   2.168,9999.000,9999.000,9999.000,9999.000,9999.000,9999.000,9999.000
202606130912,   3.116,   2.220,9999.000,9999.000,9999.000,9999.000,9999.000,9999.000,9999.000
202606130918,   3.158,   2.259,9999.000,9999.000,9999.000,9999.000,9999.000,9999.000,9999.000
202606130924,   3.197,   2.269,9999.000,9999.000,9999.000,9999.000,9999.000,9999.000,9999.000
202606130930,   3.233,   2.318,9999.000,9999.000,9999.000,9999.000,9999.000,9999.000,9999.000
202606130936,   3.267,   2.338,9999.000,9999.000,9999.000,9999.000,9999.000,9999.000,9999.000
202606130942,   3.298,   2.358,9999.000,9999.000,9999.000,9999.000,9999.000,9999.000,9999.000
202606130948,   3.326,   2.377,9999.000,9999.000,9999.000,9999.000,9999.000,9999.000,9999.000
202606130954,   3.351,   2.400,9999.000,9999.000,9999.000,9999.000,9999.000,9999.000,9999.000
202606131000,   3.374,   2.410,   0.700,  -1.664,   2.410,   0.600,   2.310,   0.700,   2.410
202606131006,   3.394,   2.430,9999.000,9999.000,9999.000,9999.000,9999.000,9999.000,9999.000
202606131012,   3.412,   2.440,9999.000,9999.000,9999.000,9999.000,9999.000,9999.000,9999.000
202606131018,   3.428,   2.450,9999.000,9999.000,9999.000,9999.000,9999.000,9999.000,9999.000
202606131024,   3.441,   2.450,9999.000,9999.000,9999.000,9999.000,9999.000,9999.000,9999.000
202606131030,   3.452,   2.450,9999.000,9999.000,9999.000,9999.000,9999.000,9999.000,9999.000
202606131036,   3.461,   2.459,9999.000,9999.000,9999.000,9999.000,9999.000,9999.000,9999.000
202606131042,   3.468,   2.450,9999.000,9999.000,9999.000,9999.000,9999.000,9999.000,9999.000
202606131048,   3.472,   2.440,9999.000,9999.000,9999.000,9999.000,9999.000,9999.000,9999.000
202606131054,   3.475,   2.430,9999.000,9999.000,9999.000,9999.000,9999.000,9999.000,9999.000
202606131100,   3.475,   2.410,   0.600,  -1.665,   2.410,   0.500,   2.310,   0.700,   2.510
202606131106,   3.472,   2.400,9999.000,9999.000,9999.000,9999.000,9999.000,9999.000,9999.000
202606131112,   3.468,   2.377,9999.000,9999.000,9999.000,9999.000,9999.000,9999.000,9999.000
202606131118,   3.461,   2.338,9999.000,9999.000,9999.000,9999.000,9999.000,9999.000,9999.000
202606131124,   3.452,   2.309,9999.000,9999.000,9999.000,9999.000,9999.000,9999.000,9999.000
202606131130,   3.441,   2.279,9999.000,9999.000,9999.000,9999.000,9999.000,9999.000,9999.000
202606131136,   3.427,   2.240,9999.000,9999.000,9999.000,9999.000,9999.000,9999.000,9999.000
202606131142,   3.411,   2.191,9999.000,9999.000,9999.000,9999.000,9999.000,9999.000,9999.000
202606131148,   3.392,   2.148,9999.000,9999.000,9999.000,9999.000,9999.000,9999.000,9999.000
202606131154,   3.370,   2.118,9999.000,9999.000,9999.000,9999.000,9999.000,9999.000,9999.000
202606131200,   3.346,   2.069,   0.700,  -1.977,   2.069,   0.600,   1.969,   0.700,   2.069
202606131206,   3.319,   2.020,9999.000,9999.000,9999.000,9999.000,9999.000,9999.000,9999.000
202606131212,   3.290,   1.967,9999.000,9999.000,9999.000,9999.000,9999.000,9999.000,9999.000
202606131218,   3.258,   1.908,9999.000,9999.000,9999.000,9999.000,9999.000,9999.000,9999.000
202606131224,   3.223,   1.859,9999.000,9999.000,9999.000,9999.000,9999.000,9999.000,9999.000
202606131230,   3.186,   1.781,9999.000,9999.000,9999.000,9999.000,9999.000,9999.000,9999.000
202606131236,   3.146,   1.738,9999.000,9999.000,9999.000,9999.000,9999.000,9999.000,9999.000
202606131242,   3.104,   1.649,9999.000,9999.000,9999.000,9999.000,9999.000,9999.000,9999.000
202606131248,   3.059,   1.610,9999.000,9999.000,9999.000,9999.000,9999.000,9999.000,9999.000
202606131254,   3.012,   1.528,9999.000,9999.000,9999.000,9999.000,9999.000,9999.000,9999.000
202606131300,   2.964,   1.479,   0.700,  -2.185,   1.479,   0.600,   1.379,   0.700,   1.479
202606131306,   2.913,   1.400,9999.000,9999.000,9999.000,9999.000,9999.000,9999.000,9999.000
202606131312,   2.861,   1.361,9999.000,9999.000,9999.000,9999.000,9999.000,9999.000,9999.000
202606131318,   2.807,   1.289,9999.000,9999.000,9999.000,9999.000,9999.000,9999.000,9999.000
202606131324,   2.752,   1.229,9999.000,9999.000,9999.000,9999.000,9999.000,9999.000,9999.000
202606131330,   2.696,   1.151,9999.000,9999.000,9999.000,9999.000,9999.000,9999.000,9999.000
202606131336,   2.639,   1.079,9999.000,9999.000,9999.000,9999.000,9999.000,9999.000,9999.000
202606131342,   2.581,   1.029,9999.000,9999.000,9999.000,9999.000,9999.000,9999.000,9999.000
202606131348,   2.523,   0.951,9999.000,9999.000,9999.000,9999.000,9999.000,9999.000,9999.000
202606131354,   2.463,   0.898,9999.000,9999.000,9999.000,9999.000,9999.000,9999.000,9999.000
202606131400,   2.404,   0.829,   0.700,  -2.275,   0.829,   0.600,   0.729,   0.700,   0.829
202606131406,   2.344,   0.751,9999.000,9999.000,9999.000,9999.000,9999.000,9999.000,9999.000
202606131412,   2.285,   0.678,9999.000,9999.000,9999.000,9999.000,9999.000,9999.000,9999.000
202606131418,   2.225,   0.639,9999.000,9999.000,9999.000,9999.000,9999.000,9999.000,9999.000
202606131424,   2.165,   0.580,9999.000,9999.000,9999.000,9999.000,9999.000,9999.000,9999.000
202606131430,   2.106,   0.488,9999.000,9999.000,9999.000,9999.000,9999.000,9999.000,9999.000
202606131436,   2.046,   0.449,9999.000,9999.000,9999.000,9999.000,9999.000,9999.000,9999.000
202606131442,   1.988,   0.390,9999.000,9999.000,9999.000,9999.000,9999.000,9999.000,9999.000
202606131448,   1.929,   0.331,9999.000,9999.000,9999.000,9999.000,9999.000,9999.000,9999.000
202606131454,   1.871,   0.278,9999.000,9999.000,9999.000,9999.000,9999.000,9999.000,9999.000
202606131500,   1.813,   0.229,   0.700,  -2.284,   0.229,   0.600,   0.129,   0.700,   0.229
202606131506,   1.757,   0.180,9999.000,9999.000,9999.000,9999.000,9999.000,9999.000,9999.000
202606131512,   1.700,   0.121,9999.000,9999.000,9999.000,9999.000,9999.000,9999.000,9999.000
202606131518,   1.645,   0.059,9999.000,9999.000,9999.000,9999.000,9999.000,9999.000,9999.000
202606131524,   1.590,   0.009,9999.000,9999.000,9999.000,9999.000,9999.000,9999.000,9999.000
202606131530,   1.536,  -0.039,9999.000,9999.000,9999.000,9999.000,9999.000,9999.000,9999.000
202606131536,   1.483,  -0.088,9999.000,9999.000,9999.000,9999.000,9999.000,9999.000,9999.000
202606131542,   1.431,  -0.141,9999.000,9999.000,9999.000,9999.000,9999.000,9999.000,9999.000
202606131548,   1.379,  -0.180,9999.000,9999.000,9999.000,9999.000,9999.000,9999.000,9999.000
202606131554,   1.328,  -0.229,9999.000,9999.000,9999.000,9999.000,9999.000,9999.000,9999.000
202606131600,   1.279,  -0.268,   0.700,  -2.247,  -0.268,   0.600,  -0.368,   0.700,  -0.268
202606131606,   1.230,  -0.308,9999.000,9999.000,9999.000,9999.000,9999.000,9999.000,9999.000
202606131612,   1.182,  -0.331,9999.000,9999.000,9999.000,9999.000,9999.000,9999.000,9999.000
202606131618,   1.135,  -0.380,9999.000,9999.000,9999.000,9999.000,9999.000,9999.000,9999.000
202606131624,   1.089,  -0.429,9999.000,9999.000,9999.000,9999.000,9999.000,9999.000,9999.000
202606131630,   1.043,  -0.449,9999.000,9999.000,9999.000,9999.000,9999.000,9999.000,9999.000
202606131636,   0.999,  -0.488,9999.000,9999.000,9999.000,9999.000,9999.000,9999.000,9999.000
202606131642,   0.956,  -0.508,9999.000,9999.000,9999.000,9999.000,9999.000,9999.000,9999.000
202606131648,   0.914,  -0.551,9999.000,9999.000,9999.000,9999.000,9999.000,9999.000,9999.000
202606131654,   0.873,  -0.570,9999.000,9999.000,9999.000,9999.000,9999.000,9999.000,9999.000
202606131700,   0.833,  -0.590,   0.700,  -2.123,  -0.590,   0.600,  -0.690,   0.700,  -0.590
202606131706,   0.796,  -0.629,9999.000,9999.000,9999.000,9999.000,9999.000,9999.000,9999.000
202606131712,   0.760,  -0.649,9999.000,9999.000,9999.000,9999.000,9999.000,9999.000,9999.000
202606131718,   0.726,  -0.659,9999.000,9999.000,9999.000,9999.000,9999.000,9999.000,9999.000
202606131724,   0.694,  -0.669,9999.000,9999.000,9999.000,9999.000,9999.000,9999.000,9999.000
202606131730,   0.666,  -0.688,9999.000,9999.000,9999.000,9999.000,9999.000,9999.000,9999.000
202606131736,   0.640,  -0.698,9999.000,9999.000,9999.000,9999.000,9999.000,9999.000,9999.000
202606131742,   0.619,  -0.708,9999.000,9999.000,9999.000,9999.000,9999.000,9999.000,9999.000
202606131748,   0.601,  -0.718,9999.000,9999.000,9999.000,9999.000,9999.000,9999.000,9999.000
202606131754,   0.587,  -0.731,9999.000,9999.000,9999.000,9999.000,9999.000,9999.000,9999.000
202606131800,   0.578,  -0.741,   0.700,  -2.019,  -0.741,   0.600,  -0.841,   0.700,  -0.741
202606131806,   0.574,  -0.741,9999.000,9999.000,9999.000,9999.000,9999.000,9999.000,9999.000
202606131812,   0.575,  -0.718,9999.000,9999.000,9999.000,9999.000,9999.000,9999.000,9999.000
202606131818,   0.581,  -0.708,9999.000,9999.000,9999.000,9999.000,9999.000,9999.000,9999.000
202606131824,   0.593,  -0.669,9999.000,9999.000,9999.000,9999.000,9999.000,9999.000,9999.000
202606131830,   0.610,  -0.649,9999.000,9999.000,9999.000,9999.000,9999.000,9999.000,9999.000
202606131836,   0.633,  -0.639,9999.000,9999.000,9999.000,9999.000,9999.000,9999.000,9999.000
202606131842,   0.661,  -0.600,9999.000,9999.000,9999.000,9999.000,9999.000,9999.000,9999.000
202606131848,   0.695,  -0.541,9999.000,9999.000,9999.000,9999.000,9999.000,9999.000,9999.000
202606131854,   0.733,  -0.478,9999.000,9999.000,9999.000,9999.000,9999.000,9999.000,9999.000
202606131900,   0.777,  -0.439,   0.700,  -1.916,  -0.439,   0.600,  -0.539,   0.700,  -0.439
202606131906,   0.825,  -0.370,9999.000,9999.000,9999.000,9999.000,9999.000,9999.000,9999.000
202606131912,   0.877,  -0.278,9999.000,9999.000,9999.000,9999.000,9999.000,9999.000,9999.000
202606131918,   0.933,  -0.219,9999.000,9999.000,9999.000,9999.000,9999.000,9999.000,9999.000
202606131924,   0.992,  -0.131,9999.000,9999.000,9999.000,9999.000,9999.000,9999.000,9999.000
202606131930,   1.054,  -0.098,9999.000,9999.000,9999.000,9999.000,9999.000,9999.000,9999.000
202606131936,   1.119,   0.009,9999.000,9999.000,9999.000,9999.000,9999.000,9999.000,9999.000
202606131942,   1.185,   0.078,9999.000,9999.000,9999.000,9999.000,9999.000,9999.000,9999.000
202606131948,   1.254,   0.180,9999.000,9999.000,9999.000,9999.000,9999.000,9999.000,9999.000
202606131954,   1.323,   0.259,9999.000,9999.000,9999.000,9999.000,9999.000,9999.000,9999.000
202606132000,   1.393,   0.350,   0.700,  -1.743,   0.350,   0.600,   0.250,   0.700,   0.350
202606132006,   1.464,   0.439,9999.000,9999.000,9999.000,9999.000,9999.000,9999.000,9999.000
202606132012,   1.535,   0.518,9999.000,9999.000,9999.000,9999.000,9999.000,9999.000,9999.000
202606132018,   1.605,   0.610,9999.000,9999.000,9999.000,9999.000,9999.000,9999.000,9999.000
202606132024,   1.674,   0.688,9999.000,9999.000,9999.000,9999.000,9999.000,9999.000,9999.000
202606132030,   1.743,   0.780,9999.000,9999.000,9999.000,9999.000,9999.000,9999.000,9999.000
202606132036,   1.810,   0.869,9999.000,9999.000,9999.000,9999.000,9999.000,9999.000,9999.000
202606132042,   1.876,   0.961,9999.000,9999.000,9999.000,9999.000,9999.000,9999.000,9999.000
202606132048,   1.940,   1.020,9999.000,9999.000,9999.000,9999.000,9999.000,9999.000,9999.000
202606132054,   2.002,   1.118,9999.000,9999.000,9999.000,9999.000,9999.000,9999.000,9999.000
202606132100,   2.062,   1.200,   0.700,  -1.562,   1.200,   0.600,   1.100,   0.700,   1.200
202606132106,   2.120,   1.279,9999.000,9999.000,9999.000,9999.000,9999.000,9999.000,9999.000
202606132112,   2.176,   1.328,9999.000,9999.000,9999.000,9999.000,9999.000,9999.000,9999.000
202606132118,   2.229,   1.420,9999.000,9999.000,9999.000,9999.000,9999.000,9999.000,9999.000
202606132124,   2.280,   1.489,9999.000,9999.000,9999.000,9999.000,9999.000,9999.000,9999.000
202606132130,   2.328,   1.557,9999.000,9999.000,9999.000,9999.000,9999.000,9999.000,9999.000
202606132136,   2.374,   1.610,9999.000,9999.000,9999.000,9999.000,9999.000,9999.000,9999.000
202606132142,   2.417,   1.669,9999.000,9999.000,9999.000,9999.000,9999.000,9999.000,9999.000
202606132148,   2.457,   1.748,9999.000,9999.000,9999.000,9999.000,9999.000,9999.000,9999.000
202606132154,   2.495,   1.790,9999.000,9999.000,9999.000,9999.000,9999.000,9999.000,9999.000
202606132200,   2.531,   1.830,   0.600,  -1.301,   1.830,   0.600,   1.830,   0.700,   1.930
202606132206,   2.564,   1.899,9999.000,9999.000,9999.000,9999.000,9999.000,9999.000,9999.000
202606132212,   2.595,   1.938,9999.000,9999.000,9999.000,9999.000,9999.000,9999.000,9999.000
202606132218,   2.624,   1.981,9999.000,9999.000,9999.000,9999.000,9999.000,9999.000,9999.000
202606132224,   2.650,   2.010,9999.000,9999.000,9999.000,9999.000,9999.000,9999.000,9999.000
202606132230,   2.674,   2.020,9999.000,9999.000,9999.000,9999.000,9999.000,9999.000,9999.000
202606132236,   2.696,   2.040,9999.000,9999.000,9999.000,9999.000,9999.000,9999.000,9999.000
202606132242,   2.716,   2.079,9999.000,9999.000,9999.000,9999.000,9999.000,9999.000,9999.000
202606132248,   2.734,   2.099,9999.000,9999.000,9999.000,9999.000,9999.000,9999.000,9999.000
202606132254,   2.749,   2.118,9999.000,9999.000,9999.000,9999.000,9999.000,9999.000,9999.000
202606132300,   2.763,   2.118,   0.600,  -1.245,   2.118,   0.600,   2.118,   0.700,   2.218
202606132306,   2.775,   2.128,9999.000,9999.000,9999.000,9999.000,9999.000,9999.000,9999.000
202606132312,   2.785,   2.138,9999.000,9999.000,9999.000,9999.000,9999.000,9999.000,9999.000
202606132318,   2.792,   2.138,9999.000,9999.000,9999.000,9999.000,9999.000,9999.000,9999.000
202606132324,   2.798,   2.138,9999.000,9999.000,9999.000,9999.000,9999.000,9999.000,9999.000
202606132330,   2.802,   2.138,9999.000,9999.000,9999.000,9999.000,9999.000,9999.000,9999.000
202606132336,   2.804,   2.128,9999.000,9999.000,9999.000,9999.000,9999.000,9999.000,9999.000
202606132342,   2.804,   2.099,9999.000,9999.000,9999.000,9999.000,9999.000,9999.000,9999.000
202606132348,   2.802,   2.079,9999.000,9999.000,9999.000,9999.000,9999.000,9999.000,9999.000
202606132354,   2.797,   2.059,9999.000,9999.000,9999.000,9999.000,9999.000,9999.000,9999.000
202606140000,   2.791,   1.990,   0.700,  -1.501,   1.990,   0.600,   1.890,   0.700,   1.990
202606140006,   2.782,   1.967,9999.000,9999.000,9999.000,9999.000,9999.000,9999.000,9999.000
202606140012,   2.771,   1.938,9999.000,9999.000,9999.000,9999.000,9999.000,9999.000,9999.000
202606140018,   2.757,   1.889,9999.000,9999.000,9999.000,9999.000,9999.000,9999.000,9999.000
202606140024,   2.741,   1.840,9999.000,9999.000,9999.000,9999.000,9999.000,9999.000,9999.000
202606140030,   2.722,   1.790,9999.000,9999.000,9999.000,9999.000,9999.000,9999.000,9999.000
202606140036,   2.701,   1.748,9999.000,9999.000,9999.000,9999.000,9999.000,9999.000,9999.000
202606140042,   2.676,   1.689,9999.000,9999.000,9999.000,9999.000,9999.000,9999.000,9999.000
202606140048,   2.649,   1.639,9999.000,9999.000,9999.000,9999.000,9999.000,9999.000,9999.000
202606140054,   2.619,   1.557,9999.000,9999.000,9999.000,9999.000,9999.000,9999.000,9999.000
202606140100,   2.586,   1.508,   0.700,  -1.778,   1.508,   0.600,   1.408,   0.700,   1.508
202606140106,   2.551,   1.430,9999.000,9999.000,9999.000,9999.000,9999.000,9999.000,9999.000
202606140112,   2.512,   1.390,9999.000,9999.000,9999.000,9999.000,9999.000,9999.000,9999.000
202606140118,   2.471,   1.308,9999.000,9999.000,9999.000,9999.000,9999.000,9999.000,9999.000
202606140124,   2.427,   1.229,9999.000,9999.000,9999.000,9999.000,9999.000,9999.000,9999.000
202606140130,   2.381,   1.190,9999.000,9999.000,9999.000,9999.000,9999.000,9999.000,9999.000
202606140136,   2.333,   1.098,9999.000,9999.000,9999.000,9999.000,9999.000,9999.000,9999.000
202606140142,   2.282,   1.049,9999.000,9999.000,9999.000,9999.000,9999.000,9999.000,9999.000
202606140148,   2.229,   0.961,9999.000,9999.000,9999.000,9999.000,9999.000,9999.000,9999.000
202606140154,   2.175,   0.908,9999.000,9999.000,9999.000,9999.000,9999.000,9999.000,9999.000
202606140200,   2.118,   0.849,   0.600,  -1.869,   0.849,   0.600,   0.849,   0.700,   0.949
202606140206,   2.061,   0.770,9999.000,9999.000,9999.000,9999.000,9999.000,9999.000,9999.000
202606140212,   2.002,   0.718,9999.000,9999.000,9999.000,9999.000,9999.000,9999.000,9999.000
202606140218,   1.943,   0.629,9999.000,9999.000,9999.000,9999.000,9999.000,9999.000,9999.000
202606140224,   1.883,   0.580,9999.000,9999.000,9999.000,9999.000,9999.000,9999.000,9999.000
202606140230,   1.822,   0.498,9999.000,9999.000,9999.000,9999.000,9999.000,9999.000,9999.000
202606140236,   1.762,   0.449,9999.000,9999.000,9999.000,9999.000,9999.000,9999.000,9999.000
202606140242,   1.701,   0.370,9999.000,9999.000,9999.000,9999.000,9999.000,9999.000,9999.000
202606140248,   1.640,   0.341,9999.000,9999.000,9999.000,9999.000,9999.000,9999.000,9999.000
202606140254,   1.580,   0.249,9999.000,9999.000,9999.000,9999.000,9999.000,9999.000,9999.000
202606140300,   1.520,   0.219,   0.600,  -1.901,   0.219,   0.600,   0.219,   0.700,   0.319
202606140306,   1.461,   0.131,9999.000,9999.000,9999.000,9999.000,9999.000,9999.000,9999.000
202606140312,   1.403,   0.098,9999.000,9999.000,9999.000,9999.000,9999.000,9999.000,9999.000
202606140318,   1.346,   0.019,9999.000,9999.000,9999.000,9999.000,9999.000,9999.000,9999.000
202606140324,   1.291,  -0.009,9999.000,9999.000,9999.000,9999.000,9999.000,9999.000,9999.000
202606140330,   1.237,  -0.088,9999.000,9999.000,9999.000,9999.000,9999.000,9999.000,9999.000
202606140336,   1.184,  -0.111,9999.000,9999.000,9999.000,9999.000,9999.000,9999.000,9999.000
202606140342,   1.133,  -0.190,9999.000,9999.000,9999.000,9999.000,9999.000,9999.000,9999.000
202606140348,   1.084,  -0.209,9999.000,9999.000,9999.000,9999.000,9999.000,9999.000,9999.000
202606140354,   1.037,  -0.249,9999.000,9999.000,9999.000,9999.000,9999.000,9999.000,9999.000
202606140400,   0.992,  -0.308,   0.600,  -1.900,  -0.308,   0.600,  -0.308,   0.700,  -0.208
202606140406,   0.949,  -0.350,9999.000,9999.000,9999.000,9999.000,9999.000,9999.000,9999.000
202606140412,   0.908,  -0.390,9999.000,9999.000,9999.000,9999.000,9999.000,9999.000,9999.000
202606140418,   0.869,  -0.409,9999.000,9999.000,9999.000,9999.000,9999.000,9999.000,9999.000
202606140424,   0.833,  -0.449,9999.000,9999.000,9999.000,9999.000,9999.000,9999.000,9999.000
202606140430,   0.799,  -0.498,9999.000,9999.000,9999.000,9999.000,9999.000,9999.000,9999.000
202606140436,   0.767,  -0.531,9999.000,9999.000,9999.000,9999.000,9999.000,9999.000,9999.000
202606140442,   0.737,  -0.570,9999.000,9999.000,9999.000,9999.000,9999.000,9999.000,9999.000
202606140448,   0.709,  -0.590,9999.000,9999.000,9999.000,9999.000,9999.000,9999.000,9999.000
202606140454,   0.684,  -0.619,9999.000,9999.000,9999.000,9999.000,9999.000,9999.000,9999.000
202606140500,   0.662,  -0.639,   0.600,  -1.901,  -0.639,   0.600,  -0.639,   0.700,  -0.539
202606140506,   0.641,  -0.659,9999.000,9999.000,9999.000,9999.000,9999.000,9999.000,9999.000
202606140512,   0.623,  -0.669,9999.000,9999.000,9999.000,9999.000,9999.000,9999.000,9999.000
202606140518,   0.608,  -0.698,9999.000,9999.000,9999.000,9999.000,9999.000,9999.000,9999.000
202606140524,   0.595,  -0.708,9999.000,9999.000,9999.000,9999.000,9999.000,9999.000,9999.000
202606140530,   0.586,  -0.731,9999.000,9999.000,9999.000,9999.000,9999.000,9999.000,9999.000
202606140536,   0.579,  -0.741,9999.000,9999.000,9999.000,9999.000,9999.000,9999.000,9999.000
202606140542,   0.575,  -0.751,9999.000,9999.000,9999.000,9999.000,9999.000,9999.000,9999.000
202606140548,   0.575,  -0.760,9999.000,9999.000,9999.000,9999.000,9999.000,9999.000,9999.000
202606140554,   0.578,  -0.751,9999.000,9999.000,9999.000,9999.000,9999.000,9999.000,9999.000
202606140600,   0.585,  -0.741,   0.600,  -1.926,  -0.741,   0.600,  -0.741,   0.600,  -0.741
202606140606,   0.595,  -0.731,9999.000,9999.000,9999.000,9999.000,9999.000,9999.000,9999.000
202606140612,   0.611,  -0.688,9999.000,9999.000,9999.000,9999.000,9999.000,9999.000,9999.000
202606140618,   0.630,  -0.669,9999.000,9999.000,9999.000,9999.000,9999.000,9999.000,9999.000
202606140624,   0.654,  -0.619,9999.000,9999.000,9999.000,9999.000,9999.000,9999.000,9999.000
202606140630,   0.683,  -0.570,9999.000,9999.000,9999.000,9999.000,9999.000,9999.000,9999.000
202606140636,   0.716,  -0.508,9999.000,9999.000,9999.000,9999.000,9999.000,9999.000,9999.000
202606140642,   0.754,  -0.449,9999.000,9999.000,9999.000,9999.000,9999.000,9999.000,9999.000
202606140648,   0.797,  -0.390,9999.000,9999.000,9999.000,9999.000,9999.000,9999.000,9999.000
202606140654,   0.845,  -0.288,9999.000,9999.000,9999.000,9999.000,9999.000,9999.000,9999.000
202606140700,   0.898,  -0.239,   0.600,  -1.737,  -0.239,   0.600,  -0.239,   0.600,  -0.239
202606140706,   0.955,  -0.131,9999.000,9999.000,9999.000,9999.000,9999.000,9999.000,9999.000
202606140712,   1.016,  -0.059,9999.000,9999.000,9999.000,9999.000,9999.000,9999.000,9999.000
202606140718,   1.081,   0.029,9999.000,9999.000,9999.000,9999.000,9999.000,9999.000,9999.000
202606140724,   1.151,   0.121,9999.000,9999.000,9999.000,9999.000,9999.000,9999.000,9999.000
202606140730,   1.224,   0.209,9999.000,9999.000,9999.000,9999.000,9999.000,9999.000,9999.000
202606140736,   1.300,   0.298,9999.000,9999.000,9999.000,9999.000,9999.000,9999.000,9999.000
202606140742,   1.378,   0.409,9999.000,9999.000,9999.000,9999.000,9999.000,9999.000,9999.000
202606140748,   1.459,   0.498,9999.000,9999.000,9999.000,9999.000,9999.000,9999.000,9999.000
202606140754,   1.542,   0.600,9999.000,9999.000,9999.000,9999.000,9999.000,9999.000,9999.000
202606140800,   1.627,   0.698,   0.600,  -1.529,   0.698,   0.600,   0.698,   0.600,   0.698
202606140806,   1.713,   0.800,9999.000,9999.000,9999.000,9999.000,9999.000,9999.000,9999.000
202606140812,   1.799,   0.898,9999.000,9999.000,9999.000,9999.000,9999.000,9999.000,9999.000
202606140818,   1.886,   0.990,9999.000,9999.000,9999.000,9999.000,9999.000,9999.000,9999.000
202606140824,   1.973,   1.088,9999.000,9999.000,9999.000,9999.000,9999.000,9999.000,9999.000
202606140830,   2.059,   1.200,9999.000,9999.000,9999.000,9999.000,9999.000,9999.000,9999.000
202606140836,   2.144,   1.298,9999.000,9999.000,9999.000,9999.000,9999.000,9999.000,9999.000
202606140842,   2.228,   1.390,9999.000,9999.000,9999.000,9999.000,9999.000,9999.000,9999.000
202606140848,   2.311,   1.489,9999.000,9999.000,9999.000,9999.000,9999.000,9999.000,9999.000
202606140854,   2.392,   1.580,9999.000,9999.000,9999.000,9999.000,9999.000,9999.000,9999.000
202606140900,   2.471,   1.669,   0.600,  -1.402,   1.669,   0.600,   1.669,   0.600,   1.669
202606140906,   2.547,   1.758,9999.000,9999.000,9999.000,9999.000,9999.000,9999.000,9999.000
202606140912,   2.622,   1.849,9999.000,9999.000,9999.000,9999.000,9999.000,9999.000,9999.000
202606140918,   2.693,   1.928,9999.000,9999.000,9999.000,9999.000,9999.000,9999.000,9999.000
202606140924,   2.762,   2.000,9999.000,9999.000,9999.000,9999.000,9999.000,9999.000,9999.000
202606140930,   2.827,   2.079,9999.000,9999.000,9999.000,9999.000,9999.000,9999.000,9999.000
202606140936,   2.890,   2.148,9999.000,9999.000,9999.000,9999.000,9999.000,9999.000,9999.000
202606140942,   2.950,   2.191,9999.000,9999.000,9999.000,9999.000,9999.000,9999.000,9999.000
202606140948,   3.007,   2.279,9999.000,9999.000,9999.000,9999.000,9999.000,9999.000,9999.000
202606140954,   3.060,   2.318,9999.000,9999.000,9999.000,9999.000,9999.000,9999.000,9999.000
202606141000,   3.110,   2.377,   0.600,  -1.333,   2.377,   0.600,   2.377,   0.600,   2.377
202606141006,   3.157,   2.440,9999.000,9999.000,9999.000,9999.000,9999.000,9999.000,9999.000
202606141012,   3.202,   2.479,9999.000,9999.000,9999.000,9999.000,9999.000,9999.000,9999.000
202606141018,   3.243,   2.528,9999.000,9999.000,9999.000,9999.000,9999.000,9999.000,9999.000
202606141024,   3.281,   2.568,9999.000,9999.000,9999.000,9999.000,9999.000,9999.000,9999.000
202606141030,   3.316,   2.610,9999.000,9999.000,9999.000,9999.000,9999.000,9999.000,9999.000
202606141036,   3.348,   2.650,9999.000,9999.000,9999.000,9999.000,9999.000,9999.000,9999.000
202606141042,   3.377,   2.689,9999.000,9999.000,9999.000,9999.000,9999.000,9999.000,9999.000
202606141048,   3.404,   2.699,9999.000,9999.000,9999.000,9999.000,9999.000,9999.000,9999.000
202606141054,   3.428,   2.728,9999.000,9999.000,9999.000,9999.000,9999.000,9999.000,9999.000
202606141100,   3.449,   2.738,   0.600,  -1.311,   2.738,   0.600,   2.738,   0.600,   2.738
202606141106,   3.468,   2.758,9999.000,9999.000,9999.000,9999.000,9999.000,9999.000,9999.000
202606141112,   3.485,   2.778,9999.000,9999.000,9999.000,9999.000,9999.000,9999.000,9999.000
202606141118,   3.499,   2.787,9999.000,9999.000,9999.000,9999.000,9999.000,9999.000,9999.000
202606141124,   3.510,   2.797,9999.000,9999.000,9999.000,9999.000,9999.000,9999.000,9999.000
202606141130,   3.520,   2.797,9999.000,9999.000,9999.000,9999.000,9999.000,9999.000,9999.000
202606141136,   3.527,   2.797,9999.000,9999.000,9999.000,9999.000,9999.000,9999.000,9999.000
202606141142,   3.531,   2.787,9999.000,9999.000,9999.000,9999.000,9999.000,9999.000,9999.000
202606141148,   3.534,   2.787,9999.000,9999.000,9999.000,9999.000,9999.000,9999.000,9999.000
202606141154,   3.533,   2.768,9999.000,9999.000,9999.000,9999.000,9999.000,9999.000,9999.000
202606141200,   3.531,   2.758,   0.700,  -1.473,   2.758,   0.600,   2.658,   0.700,   2.758
202606141206,   3.526,   2.719,9999.000,9999.000,9999.000,9999.000,9999.000,9999.000,9999.000
202606141212,   3.519,   2.699,9999.000,9999.000,9999.000,9999.000,9999.000,9999.000,9999.000
202606141218,   3.509,   2.669,9999.000,9999.000,9999.000,9999.000,9999.000,9999.000,9999.000
202606141224,   3.497,   2.630,9999.000,9999.000,9999.000,9999.000,9999.000,9999.000,9999.000
202606141230,   3.482,   2.587,9999.000,9999.000,9999.000,9999.000,9999.000,9999.000,9999.000
202606141236,   3.465,   2.548,9999.000,9999.000,9999.000,9999.000,9999.000,9999.000,9999.000
202606141242,   3.445,   2.509,9999.000,9999.000,9999.000,9999.000,9999.000,9999.000,9999.000
202606141248,   3.422,   2.459,9999.000,9999.000,9999.000,9999.000,9999.000,9999.000,9999.000
202606141254,   3.396,   2.410,9999.000,9999.000,9999.000,9999.000,9999.000,9999.000,9999.000
202606141300,   3.368,   2.358,   0.700,  -1.710,   2.358,   0.600,   2.258,   0.700,   2.358
202606141306,   3.337,   2.309,9999.000,9999.000,9999.000,9999.000,9999.000,9999.000,9999.000
202606141312,   3.303,   2.250,9999.000,9999.000,9999.000,9999.000,9999.000,9999.000,9999.000
202606141318,   3.266,   2.191,9999.000,9999.000,9999.000,9999.000,9999.000,9999.000,9999.000
202606141324,   3.227,   2.138,9999.000,9999.000,9999.000,9999.000,9999.000,9999.000,9999.000
202606141330,   3.186,   2.069,9999.000,9999.000,9999.000,9999.000,9999.000,9999.000,9999.000
202606141336,   3.142,   2.010,9999.000,9999.000,9999.000,9999.000,9999.000,9999.000,9999.000
202606141342,   3.095,   1.948,9999.000,9999.000,9999.000,9999.000,9999.000,9999.000,9999.000
202606141348,   3.047,   1.859,9999.000,9999.000,9999.000,9999.000,9999.000,9999.000,9999.000
202606141354,   2.997,   1.820,9999.000,9999.000,9999.000,9999.000,9999.000,9999.000,9999.000
202606141400,   2.945,   1.728,   0.700,  -1.917,   1.728,   0.600,   1.628,   0.700,   1.728
202606141406,   2.891,   1.679,9999.000,9999.000,9999.000,9999.000,9999.000,9999.000,9999.000
202606141412,   2.836,   1.590,9999.000,9999.000,9999.000,9999.000,9999.000,9999.000,9999.000
202606141418,   2.780,   1.528,9999.000,9999.000,9999.000,9999.000,9999.000,9999.000,9999.000
202606141424,   2.723,   1.449,9999.000,9999.000,9999.000,9999.000,9999.000,9999.000,9999.000
202606141430,   2.665,   1.390,9999.000,9999.000,9999.000,9999.000,9999.000,9999.000,9999.000
202606141436,   2.606,   1.308,9999.000,9999.000,9999.000,9999.000,9999.000,9999.000,9999.000
202606141442,   2.547,   1.239,9999.000,9999.000,9999.000,9999.000,9999.000,9999.000,9999.000
202606141448,   2.488,   1.170,9999.000,9999.000,9999.000,9999.000,9999.000,9999.000,9999.000
202606141454,   2.428,   1.118,9999.000,9999.000,9999.000,9999.000,9999.000,9999.000,9999.000
202606141500,   2.369,   1.039,   0.700,  -2.030,   1.039,   0.600,   0.939,   0.700,   1.039
202606141506,   2.309,   0.990,9999.000,9999.000,9999.000,9999.000,9999.000,9999.000,9999.000
202606141512,   2.250,   0.928,9999.000,9999.000,9999.000,9999.000,9999.000,9999.000,9999.000
202606141518,   2.190,   0.849,9999.000,9999.000,9999.000,9999.000,9999.000,9999.000,9999.000
202606141524,   2.131,   0.800,9999.000,9999.000,9999.000,9999.000,9999.000,9999.000,9999.000
202606141530,   2.072,   0.741,9999.000,9999.000,9999.000,9999.000,9999.000,9999.000,9999.000
202606141536,   2.013,   0.659,9999.000,9999.000,9999.000,9999.000,9999.000,9999.000,9999.000
202606141542,   1.955,   0.619,9999.000,9999.000,9999.000,9999.000,9999.000,9999.000,9999.000
202606141548,   1.897,   0.570,9999.000,9999.000,9999.000,9999.000,9999.000,9999.000,9999.000
202606141554,   1.839,   0.508,9999.000,9999.000,9999.000,9999.000,9999.000,9999.000,9999.000
202606141600,   1.782,   0.459,   0.700,  -2.023,   0.459,   0.700,   0.459,   0.700,   0.459
202606141606,   1.725,   0.400,9999.000,9999.000,9999.000,9999.000,9999.000,9999.000,9999.000
202606141612,   1.668,   0.341,9999.000,9999.000,9999.000,9999.000,9999.000,9999.000,9999.000
202606141618,   1.612,   0.259,9999.000,9999.000,9999.000,9999.000,9999.000,9999.000,9999.000
202606141624,   1.556,   0.239,9999.000,9999.000,9999.000,9999.000,9999.000,9999.000,9999.000
202606141630,   1.501,   0.200,9999.000,9999.000,9999.000,9999.000,9999.000,9999.000,9999.000
202606141636,   1.445,   0.150,9999.000,9999.000,9999.000,9999.000,9999.000,9999.000,9999.000
202606141642,   1.391,   0.111,9999.000,9999.000,9999.000,9999.000,9999.000,9999.000,9999.000
202606141648,   1.336,   0.068,9999.000,9999.000,9999.000,9999.000,9999.000,9999.000,9999.000
202606141654,   1.282,   0.029,9999.000,9999.000,9999.000,9999.000,9999.000,9999.000,9999.000
202606141700,   1.228,   0.000,   0.700,  -1.928,   0.000,   0.700,   0.000,   0.700,   0.000
202606141706,   1.175,  -0.019,9999.000,9999.000,9999.000,9999.000,9999.000,9999.000,9999.000
202606141712,   1.122,  -0.059,9999.000,9999.000,9999.000,9999.000,9999.000,9999.000,9999.000
202606141718,   1.069,  -0.098,9999.000,9999.000,9999.000,9999.000,9999.000,9999.000,9999.000
202606141724,   1.017,  -0.141,9999.000,9999.000,9999.000,9999.000,9999.000,9999.000,9999.000
202606141730,   0.965,  -0.160,9999.000,9999.000,9999.000,9999.000,9999.000,9999.000,9999.000
202606141736,   0.914,  -0.170,9999.000,9999.000,9999.000,9999.000,9999.000,9999.000,9999.000
202606141742,   0.864,  -0.190,9999.000,9999.000,9999.000,9999.000,9999.000,9999.000,9999.000
202606141748,   0.815,  -0.209,9999.000,9999.000,9999.000,9999.000,9999.000,9999.000,9999.000
202606141754,   0.767,  -0.229,9999.000,9999.000,9999.000,9999.000,9999.000,9999.000,9999.000
202606141800,   0.721,  -0.239,   0.800,  -1.760,  -0.239,   0.700,  -0.339,   0.800,  -0.239
202606141806,   0.676,  -0.259,9999.000,9999.000,9999.000,9999.000,9999.000,9999.000,9999.000
202606141812,   0.635,  -0.268,9999.000,9999.000,9999.000,9999.000,9999.000,9999.000,9999.000
202606141818,   0.595,  -0.278,9999.000,9999.000,9999.000,9999.000,9999.000,9999.000,9999.000
202606141824,   0.559,  -0.288,9999.000,9999.000,9999.000,9999.000,9999.000,9999.000,9999.000
202606141830,   0.527,  -0.298,9999.000,9999.000,9999.000,9999.000,9999.000,9999.000,9999.000
202606141836,   0.499,  -0.288,9999.000,9999.000,9999.000,9999.000,9999.000,9999.000,9999.000
202606141842,   0.476,  -0.288,9999.000,9999.000,9999.000,9999.000,9999.000,9999.000,9999.000
202606141848,   0.457,  -0.278,9999.000,9999.000,9999.000,9999.000,9999.000,9999.000,9999.000
202606141854,   0.444,  -0.268,9999.000,9999.000,9999.000,9999.000,9999.000,9999.000,9999.000
202606141900,   0.436,  -0.259,   0.800,  -1.495,  -0.259,   0.700,  -0.359,   0.800,  -0.259
202606141906,   0.435,  -0.219,9999.000,9999.000,9999.000,9999.000,9999.000,9999.000,9999.000
202606141912,   0.440,  -0.200,9999.000,9999.000,9999.000,9999.000,9999.000,9999.000,9999.000
202606141918,   0.451,  -0.160,9999.000,9999.000,9999.000,9999.000,9999.000,9999.000,9999.000
202606141924,   0.469,  -0.111,9999.000,9999.000,9999.000,9999.000,9999.000,9999.000,9999.000
202606141930,   0.492,  -0.059,9999.000,9999.000,9999.000,9999.000,9999.000,9999.000,9999.000
202606141936,   0.522,  -0.019,9999.000,9999.000,9999.000,9999.000,9999.000,9999.000,9999.000
202606141942,   0.558,   0.059,9999.000,9999.000,9999.000,9999.000,9999.000,9999.000,9999.000
202606141948,   0.600,   0.098,9999.000,9999.000,9999.000,9999.000,9999.000,9999.000,9999.000
202606141954,   0.646,   0.180,9999.000,9999.000,9999.000,9999.000,9999.000,9999.000,9999.000
202606142000,   0.698,   0.249,   0.800,  -1.249,   0.249,   0.700,   0.149,   0.800,   0.249
202606142006,   0.755,   0.298,9999.000,9999.000,9999.000,9999.000,9999.000,9999.000,9999.000
202606142012,   0.815,   0.390,9999.000,9999.000,9999.000,9999.000,9999.000,9999.000,9999.000
202606142018,   0.879,   0.469,9999.000,9999.000,9999.000,9999.000,9999.000,9999.000,9999.000
202606142024,   0.946,   0.551,9999.000,9999.000,9999.000,9999.000,9999.000,9999.000,9999.000
202606142030,   1.016,   0.629,9999.000,9999.000,9999.000,9999.000,9999.000,9999.000,9999.000
202606142036,   1.088,   0.718,9999.000,9999.000,9999.000,9999.000,9999.000,9999.000,9999.000
202606142042,   1.161,   0.800,9999.000,9999.000,9999.000,9999.000,9999.000,9999.000,9999.000
202606142048,   1.236,   0.888,9999.000,9999.000,9999.000,9999.000,9999.000,9999.000,9999.000
202606142054,   1.312,   0.980,9999.000,9999.000,9999.000,9999.000,9999.000,9999.000,9999.000
202606142100,   1.387,   1.079,   0.800,  -1.108,   1.079,   0.700,   0.979,   0.800,   1.079
202606142106,   1.463,   1.170,9999.000,9999.000,9999.000,9999.000,9999.000,9999.000,9999.000
202606142112,   1.539,   1.259,9999.000,9999.000,9999.000,9999.000,9999.000,9999.000,9999.000
202606142118,   1.613,   1.348,9999.000,9999.000,9999.000,9999.000,9999.000,9999.000,9999.000
202606142124,   1.687,   1.449,9999.000,9999.000,9999.000,9999.000,9999.000,9999.000,9999.000
202606142130,   1.759,   1.518,9999.000,9999.000,9999.000,9999.000,9999.000,9999.000,9999.000
202606142136,   1.829,   1.620,9999.000,9999.000,9999.000,9999.000,9999.000,9999.000,9999.000
202606142142,   1.898,   1.699,9999.000,9999.000,9999.000,9999.000,9999.000,9999.000,9999.000
202606142148,   1.964,   1.790,9999.000,9999.000,9999.000,9999.000,9999.000,9999.000,9999.000
202606142154,   2.029,   1.869,9999.000,9999.000,9999.000,9999.000,9999.000,9999.000,9999.000
202606142200,   2.091,   1.948,   0.800,  -0.943,   1.948,   0.700,   1.848,   0.800,   1.948
202606142206,   2.150,   2.010,9999.000,9999.000,9999.000,9999.000,9999.000,9999.000,9999.000
202606142212,   2.207,   2.099,9999.000,9999.000,9999.000,9999.000,9999.000,9999.000,9999.000
202606142218,   2.262,   2.168,9999.000,9999.000,9999.000,9999.000,9999.000,9999.000,9999.000
202606142224,   2.313,   2.200,9999.000,9999.000,9999.000,9999.000,9999.000,9999.000,9999.000
202606142230,   2.363,   2.289,9999.000,9999.000,9999.000,9999.000,9999.000,9999.000,9999.000
202606142236,   2.409,   2.328,9999.000,9999.000,9999.000,9999.000,9999.000,9999.000,9999.000
202606142242,   2.453,   2.377,9999.000,9999.000,9999.000,9999.000,9999.000,9999.000,9999.000
202606142248,   2.494,   2.430,9999.000,9999.000,9999.000,9999.000,9999.000,9999.000,9999.000
202606142254,   2.533,   2.469,9999.000,9999.000,9999.000,9999.000,9999.000,9999.000,9999.000
202606142300,   2.569,   2.509,   0.800,  -0.860,   2.509,   0.700,   2.409,   0.800,   2.509
202606142306,   2.602,   2.558,9999.000,9999.000,9999.000,9999.000,9999.000,9999.000,9999.000
202606142312,   2.633,   2.597,9999.000,9999.000,9999.000,9999.000,9999.000,9999.000,9999.000
202606142318,   2.662,   2.610,9999.000,9999.000,9999.000,9999.000,9999.000,9999.000,9999.000
202606142324,   2.688,   2.630,9999.000,9999.000,9999.000,9999.000,9999.000,9999.000,9999.000
202606142330,   2.712,   2.650,9999.000,9999.000,9999.000,9999.000,9999.000,9999.000,9999.000
202606142336,   2.734,   2.669,9999.000,9999.000,9999.000,9999.000,9999.000,9999.000,9999.000
202606142342,   2.754,   2.689,9999.000,9999.000,9999.000,9999.000,9999.000,9999.000,9999.000
202606142348,   2.771,   2.699,9999.000,9999.000,9999.000,9999.000,9999.000,9999.000,9999.000
202606142354,   2.786,   2.719,9999.000,9999.000,9999.000,9999.000,9999.000,9999.000,9999.000
202606150000,   2.800,   2.719,   0.800,  -0.881,   2.719,   0.700,   2.619,   0.800,   2.719
202606150006,   2.811,9999.000,9999.000,9999.000,9999.000,9999.000,9999.000,9999.000,9999.000
202606150012,   2.820,9999.000,9999.000,9999.000,9999.000,9999.000,9999.000,9999.000,9999.000
202606150018,   2.827,9999.000,9999.000,9999.000,9999.000,9999.000,9999.000,9999.000,9999.000
202606150024,   2.831,9999.000,9999.000,9999.000,9999.000,9999.000,9999.000,9999.000,9999.000
202606150030,   2.834,9999.000,9999.000,9999.000,9999.000,9999.000,9999.000,9999.000,9999.000
202606150036,   2.834,9999.000,9999.000,9999.000,9999.000,9999.000,9999.000,9999.000,9999.000
202606150042,   2.832,9999.000,9999.000,9999.000,9999.000,9999.000,9999.000,9999.000,9999.000
202606150048,   2.828,9999.000,9999.000,9999.000,9999.000,9999.000,9999.000,9999.000,9999.000
202606150054,   2.822,9999.000,9999.000,9999.000,9999.000,9999.000,9999.000,9999.000,9999.000
202606150100,   2.813,9999.000,   0.800,  -0.942,   2.671,   0.700,   2.571,   0.800,   2.671
202606150106,   2.802,9999.000,9999.000,9999.000,9999.000,9999.000,9999.000,9999.000,9999.000
202606150112,   2.788,9999.000,9999.000,9999.000,9999.000,9999.000,9999.000,9999.000,9999.000
202606150118,   2.772,9999.000,9999.000,9999.000,9999.000,9999.000,9999.000,9999.000,9999.000
202606150124,   2.753,9999.000,9999.000,9999.000,9999.000,9999.000,9999.000,9999.000,9999.000
202606150130,   2.731,9999.000,9999.000,9999.000,9999.000,9999.000,9999.000,9999.000,9999.000
202606150136,   2.707,9999.000,9999.000,9999.000,9999.000,9999.000,9999.000,9999.000,9999.000
202606150142,   2.679,9999.000,9999.000,9999.000,9999.000,9999.000,9999.000,9999.000,9999.000
202606150148,   2.649,9999.000,9999.000,9999.000,9999.000,9999.000,9999.000,9999.000,9999.000
202606150154,   2.616,9999.000,9999.000,9999.000,9999.000,9999.000,9999.000,9999.000,9999.000
202606150200,   2.580,9999.000,   0.800,  -1.003,   2.377,   0.800,   2.377,   0.800,   2.377
202606150206,   2.542,9999.000,9999.000,9999.000,9999.000,9999.000,9999.000,9999.000,9999.000
202606150212,   2.501,9999.000,9999.000,9999.000,9999.000,9999.000,9999.000,9999.000,9999.000
202606150218,   2.457,9999.000,9999.000,9999.000,9999.000,9999.000,9999.000,9999.000,9999.000
202606150224,   2.411,9999.000,9999.000,9999.000,9999.000,9999.000,9999.000,9999.000,9999.000
202606150230,   2.363,9999.000,9999.000,9999.000,9999.000,9999.000,9999.000,9999.000,9999.000
202606150236,   2.313,9999.000,9999.000,9999.000,9999.000,9999.000,9999.000,9999.000,9999.000
202606150242,   2.261,9999.000,9999.000,9999.000,9999.000,9999.000,9999.000,9999.000,9999.000
202606150248,   2.208,9999.000,9999.000,9999.000,9999.000,9999.000,9999.000,9999.000,9999.000
202606150254,   2.153,9999.000,9999.000,9999.000,9999.000,9999.000,9999.000,9999.000,9999.000
202606150300,   2.097,9999.000,   0.800,  -1.064,   1.833,   0.800,   1.833,   0.800,   1.833
202606150306,   2.040,9999.000,9999.000,9999.000,9999.000,9999.000,9999.000,9999.000,9999.000
202606150312,   1.983,9999.000,9999.000,9999.000,9999.000,9999.000,9999.000,9999.000,9999.000
202606150318,   1.925,9999.000,9999.000,9999.000,9999.000,9999.000,9999.000,9999.000,9999.000
202606150324,   1.867,9999.000,9999.000,9999.000,9999.000,9999.000,9999.000,9999.000,9999.000
202606150330,   1.808,9999.000,9999.000,9999.000,9999.000,9999.000,9999.000,9999.000,9999.000
202606150336,   1.750,9999.000,9999.000,9999.000,9999.000,9999.000,9999.000,9999.000,9999.000
202606150342,   1.692,9999.000,9999.000,9999.000,9999.000,9999.000,9999.000,9999.000,9999.000
202606150348,   1.634,9999.000,9999.000,9999.000,9999.000,9999.000,9999.000,9999.000,9999.000
202606150354,   1.576,9999.000,9999.000,9999.000,9999.000,9999.000,9999.000,9999.000,9999.000
202606150400,   1.520,9999.000,   0.800,  -1.125,   1.195,   0.800,   1.195,   0.800,   1.195
202606150406,   1.463,9999.000,9999.000,9999.000,9999.000,9999.000,9999.000,9999.000,9999.000
202606150412,   1.408,9999.000,9999.000,9999.000,9999.000,9999.000,9999.000,9999.000,9999.000
202606150418,   1.354,9999.000,9999.000,9999.000,9999.000,9999.000,9999.000,9999.000,9999.000
202606150424,   1.300,9999.000,9999.000,9999.000,9999.000,9999.000,9999.000,9999.000,9999.000
202606150430,   1.248,9999.000,9999.000,9999.000,9999.000,9999.000,9999.000,9999.000,9999.000
202606150436,   1.197,9999.000,9999.000,9999.000,9999.000,9999.000,9999.000,9999.000,9999.000
202606150442,   1.147,9999.000,9999.000,9999.000,9999.000,9999.000,9999.000,9999.000,9999.000
202606150448,   1.099,9999.000,9999.000,9999.000,9999.000,9999.000,9999.000,9999.000,9999.000
202606150454,   1.052,9999.000,9999.000,9999.000,9999.000,9999.000,9999.000,9999.000,9999.000
202606150500,   1.007,9999.000,   0.800,  -1.186,   0.621,   0.800,   0.621,   0.800,   0.621
202606150506,   0.963,9999.000,9999.000,9999.000,9999.000,9999.000,9999.000,9999.000,9999.000
202606150512,   0.921,9999.000,9999.000,9999.000,9999.000,9999.000,9999.000,9999.000,9999.000
202606150518,   0.881,9999.000,9999.000,9999.000,9999.000,9999.000,9999.000,9999.000,9999.000
202606150524,   0.842,9999.000,9999.000,9999.000,9999.000,9999.000,9999.000,9999.000,9999.000
202606150530,   0.805,9999.000,9999.000,9999.000,9999.000,9999.000,9999.000,9999.000,9999.000
202606150536,   0.770,9999.000,9999.000,9999.000,9999.000,9999.000,9999.000,9999.000,9999.000
202606150542,   0.736,9999.000,9999.000,9999.000,9999.000,9999.000,9999.000,9999.000,9999.000
202606150548,   0.705,9999.000,9999.000,9999.000,9999.000,9999.000,9999.000,9999.000,9999.000
202606150554,   0.676,9999.000,9999.000,9999.000,9999.000,9999.000,9999.000,9999.000,9999.000
202606150600,   0.649,9999.000,   0.800,  -1.247,   0.202,   0.700,   0.102,   0.800,   0.202
202606150606,   0.624,9999.000,9999.000,9999.000,9999.000,9999.000,9999.000,9999.000,9999.000
202606150612,   0.602,9999.000,9999.000,9999.000,9999.000,9999.000,9999.000,9999.000,9999.000
202606150618,   0.583,9999.000,9999.000,9999.000,9999.000,9999.000,9999.000,9999.000,9999.000
202606150624,   0.567,9999.000,9999.000,9999.000,9999.000,9999.000,9999.000,9999.000,9999.000
202606150630,   0.554,9999.000,9999.000,9999.000,9999.000,9999.000,9999.000,9999.000,9999.000
202606150636,   0.544,9999.000,9999.000,9999.000,9999.000,9999.000,9999.000,9999.000,9999.000
202606150642,   0.538,9999.000,9999.000,9999.000,9999.000,9999.000,9999.000,9999.000,9999.000
202606150648,   0.537,9999.000,9999.000,9999.000,9999.000,9999.000,9999.000,9999.000,9999.000
202606150654,   0.539,9999.000,9999.000,9999.000,9999.000,9999.000,9999.000,9999.000,9999.000
202606150700,   0.546,9999.000,   0.800,  -1.308,   0.038,   0.700,  -0.062,   0.800,   0.038
202606150706,   0.557,9999.000,9999.000,9999.000,9999.000,9999.000,9999.000,9999.000,9999.000
202606150712,   0.574,9999.000,9999.000,9999.000,9999.000,9999.000,9999.000,9999.000,9999.000
202606150718,   0.596,9999.000,9999.000,9999.000,9999.000,9999.000,9999.000,9999.000,9999.000
202606150724,   0.623,9999.000,9999.000,9999.000,9999.000,9999.000,9999.000,9999.000,9999.000
202606150730,   0.656,9999.000,9999.000,9999.000,9999.000,9999.000,9999.000,9999.000,9999.000
202606150736,   0.693,9999.000,9999.000,9999.000,9999.000,9999.000,9999.000,9999.000,9999.000
202606150742,   0.737,9999.000,9999.000,9999.000,9999.000,9999.000,9999.000,9999.000,9999.000
202606150748,   0.785,9999.000,9999.000,9999.000,9999.000,9999.000,9999.000,9999.000,9999.000
202606150754,   0.839,9999.000,9999.000,9999.000,9999.000,9999.000,9999.000,9999.000,9999.000
202606150800,   0.897,9999.000,   0.800,  -1.369,   0.328,   0.700,   0.228,   0.800,   0.328
202606150806,   0.960,9999.000,9999.000,9999.000,9999.000,9999.000,9999.000,9999.000,9999.000
202606150812,   1.028,9999.000,9999.000,9999.000,9999.000,9999.000,9999.000,9999.000,9999.000
202606150818,   1.099,9999.000,9999.000,9999.000,9999.000,9999.000,9999.000,9999.000,9999.000
202606150824,   1.175,9999.000,9999.000,9999.000,9999.000,9999.000,9999.000,9999.000,9999.000
202606150830,   1.253,9999.000,9999.000,9999.000,9999.000,9999.000,9999.000,9999.000,9999.000
202606150836,   1.335,9999.000,9999.000,9999.000,9999.000,9999.000,9999.000,9999.000,9999.000
202606150842,   1.418,9999.000,9999.000,9999.000,9999.000,9999.000,9999.000,9999.000,9999.000
202606150848,   1.504,9999.000,9999.000,9999.000,9999.000,9999.000,9999.000,9999.000,9999.000
202606150854,   1.591,9999.000,9999.000,9999.000,9999.000,9999.000,9999.000,9999.000,9999.000
202606150900,   1.680,9999.000,   0.800,  -1.430,   1.050,   0.700,   0.950,   0.800,   1.050
202606150906,   1.768,9999.000,9999.000,9999.000,9999.000,9999.000,9999.000,9999.000,9999.000
202606150912,   1.858,9999.000,9999.000,9999.000,9999.000,9999.000,9999.000,9999.000,9999.000
202606150918,   1.946,9999.000,9999.000,9999.000,9999.000,9999.000,9999.000,9999.000,9999.000
202606150924,   2.035,9999.000,9999.000,9999.000,9999.000,9999.000,9999.000,9999.000,9999.000
202606150930,   2.122,9999.000,9999.000,9999.000,9999.000,9999.000,9999.000,9999.000,9999.000
202606150936,   2.208,9999.000,9999.000,9999.000,9999.000,9999.000,9999.000,9999.000,9999.000
202606150942,   2.292,9999.000,9999.000,9999.000,9999.000,9999.000,9999.000,9999.000,9999.000
202606150948,   2.375,9999.000,9999.000,9999.000,9999.000,9999.000,9999.000,9999.000,9999.000
202606150954,   2.455,9999.000,9999.000,9999.000,9999.000,9999.000,9999.000,9999.000,9999.000
202606151000,   2.533,9999.000,   0.800,  -1.491,   1.842,   0.700,   1.742,   0.800,   1.842
202606151006,   2.608,9999.000,9999.000,9999.000,9999.000,9999.000,9999.000,9999.000,9999.000
202606151012,   2.681,9999.000,9999.000,9999.000,9999.000,9999.000,9999.000,9999.000,9999.000
202606151018,   2.750,9999.000,9999.000,9999.000,9999.000,9999.000,9999.000,9999.000,9999.000
202606151024,   2.817,9999.000,9999.000,9999.000,9999.000,9999.000,9999.000,9999.000,9999.000
202606151030,   2.881,9999.000,9999.000,9999.000,9999.000,9999.000,9999.000,9999.000,9999.000
202606151036,   2.941,9999.000,9999.000,9999.000,9999.000,9999.000,9999.000,9999.000,9999.000
202606151042,   2.998,9999.000,9999.000,9999.000,9999.000,9999.000,9999.000,9999.000,9999.000
202606151048,   3.052,9999.000,9999.000,9999.000,9999.000,9999.000,9999.000,9999.000,9999.000
202606151054,   3.103,9999.000,9999.000,9999.000,9999.000,9999.000,9999.000,9999.000,9999.000
202606151100,   3.151,9999.000,   0.800,  -1.552,   2.399,   0.700,   2.299,   0.800,   2.399
202606151106,   3.195,9999.000,9999.000,9999.000,9999.000,9999.000,9999.000,9999.000,9999.000
202606151112,   3.237,9999.000,9999.000,9999.000,9999.000,9999.000,9999.000,9999.000,9999.000
202606151118,   3.275,9999.000,9999.000,9999.000,9999.000,9999.000,9999.000,9999.000,9999.000
202606151124,   3.311,9999.000,9999.000,9999.000,9999.000,9999.000,9999.000,9999.000,9999.000
202606151130,   3.343,9999.000,9999.000,9999.000,9999.000,9999.000,9999.000,9999.000,9999.000
202606151136,   3.373,9999.000,9999.000,9999.000,9999.000,9999.000,9999.000,9999.000,9999.000
202606151142,   3.400,9999.000,9999.000,9999.000,9999.000,9999.000,9999.000,9999.000,9999.000
202606151148,   3.425,9999.000,9999.000,9999.000,9999.000,9999.000,9999.000,9999.000,9999.000
202606151154,   3.446,9999.000,9999.000,9999.000,9999.000,9999.000,9999.000,9999.000,9999.000
202606151200,   3.465,9999.000,   0.800,  -1.613,   2.652,   0.700,   2.552,   0.800,   2.652
202606151206,   3.482,9999.000,9999.000,9999.000,9999.000,9999.000,9999.000,9999.000,9999.000
202606151212,   3.496,9999.000,9999.000,9999.000,9999.000,9999.000,9999.000,9999.000,9999.000
202606151218,   3.508,9999.000,9999.000,9999.000,9999.000,9999.000,9999.000,9999.000,9999.000
202606151224,   3.518,9999.000,9999.000,9999.000,9999.000,9999.000,9999.000,9999.000,9999.000
202606151230,   3.525,9999.000,9999.000,9999.000,9999.000,9999.000,9999.000,9999.000,9999.000
202606151236,   3.529,9999.000,9999.000,9999.000,9999.000,9999.000,9999.000,9999.000,9999.000
202606151242,   3.532,9999.000,9999.000,9999.000,9999.000,9999.000,9999.000,9999.000,9999.000
202606151248,   3.531,9999.000,9999.000,9999.000,9999.000,9999.000,9999.000,9999.000,9999.000
202606151254,   3.529,9999.000,9999.000,9999.000,9999.000,9999.000,9999.000,9999.000,9999.000
202606151300,   3.524,9999.000,   0.800,  -1.613,   2.711,   0.700,   2.611,   0.800,   2.711
202606151306,   3.516,9999.000,9999.000,9999.000,9999.000,9999.000,9999.000,9999.000,9999.000
202606151312,   3.506,9999.000,9999.000,9999.000,9999.000,9999.000,9999.000,9999.000,9999.000
202606151318,   3.493,9999.000,9999.000,9999.000,9999.000,9999.000,9999.000,9999.000,9999.000
202606151324,   3.477,9999.000,9999.000,9999.000,9999.000,9999.000,9999.000,9999.000,9999.000
202606151330,   3.459,9999.000,9999.000,9999.000,9999.000,9999.000,9999.000,9999.000,9999.000
202606151336,   3.438,9999.000,9999.000,9999.000,9999.000,9999.000,9999.000,9999.000,9999.000
202606151342,   3.414,9999.000,9999.000,9999.000,9999.000,9999.000,9999.000,9999.000,9999.000
202606151348,   3.388,9999.000,9999.000,9999.000,9999.000,9999.000,9999.000,9999.000,9999.000
202606151354,   3.359,9999.000,9999.000,9999.000,9999.000,9999.000,9999.000,9999.000,9999.000
202606151400,   3.327,9999.000,   0.800,  -1.613,   2.514,   0.700,   2.414,   0.800,   2.514
202606151406,   3.292,9999.000,9999.000,9999.000,9999.000,9999.000,9999.000,9999.000,9999.000
202606151412,   3.255,9999.000,9999.000,9999.000,9999.000,9999.000,9999.000,9999.000,9999.000
202606151418,   3.215,9999.000,9999.000,9999.000,9999.000,9999.000,9999.000,9999.000,9999.000
202606151424,   3.173,9999.000,9999.000,9999.000,9999.000,9999.000,9999.000,9999.000,9999.000
202606151430,   3.128,9999.000,9999.000,9999.000,9999.000,9999.000,9999.000,9999.000,9999.000
202606151436,   3.082,9999.000,9999.000,9999.000,9999.000,9999.000,9999.000,9999.000,9999.000
202606151442,   3.034,9999.000,9999.000,9999.000,9999.000,9999.000,9999.000,9999.000,9999.000
202606151448,   2.984,9999.000,9999.000,9999.000,9999.000,9999.000,9999.000,9999.000,9999.000
202606151454,   2.932,9999.000,9999.000,9999.000,9999.000,9999.000,9999.000,9999.000,9999.000
202606151500,   2.879,9999.000,   0.800,  -1.613,   2.066,   0.700,   1.966,   0.800,   2.066
202606151506,   2.825,9999.000,9999.000,9999.000,9999.000,9999.000,9999.000,9999.000,9999.000
202606151512,   2.770,9999.000,9999.000,9999.000,9999.000,9999.000,9999.000,9999.000,9999.000
202606151518,   2.715,9999.000,9999.000,9999.000,9999.000,9999.000,9999.000,9999.000,9999.000
202606151524,   2.659,9999.000,9999.000,9999.000,9999.000,9999.000,9999.000,9999.000,9999.000
202606151530,   2.602,9999.000,9999.000,9999.000,9999.000,9999.000,9999.000,9999.000,9999.000
202606151536,   2.545,9999.000,9999.000,9999.000,9999.000,9999.000,9999.000,9999.000,9999.000
202606151542,   2.488,9999.000,9999.000,9999.000,9999.000,9999.000,9999.000,9999.000,9999.000
202606151548,   2.431,9999.000,9999.000,9999.000,9999.000,9999.000,9999.000,9999.000,9999.000
202606151554,   2.374,9999.000,9999.000,9999.000,9999.000,9999.000,9999.000,9999.000,9999.000
202606151600,   2.316,9999.000,   0.800,  -1.613,   1.503,   0.700,   1.403,   0.800,   1.503
202606151606,   2.259,9999.000,9999.000,9999.000,9999.000,9999.000,9999.000,9999.000,9999.000
202606151612,   2.202,9999.000,9999.000,9999.000,9999.000,9999.000,9999.000,9999.000,9999.000
202606151618,   2.145,9999.000,9999.000,9999.000,9999.000,9999.000,9999.000,9999.000,9999.000
202606151624,   2.087,9999.000,9999.000,9999.000,9999.000,9999.000,9999.000,9999.000,9999.000
202606151630,   2.030,9999.000,9999.000,9999.000,9999.000,9999.000,9999.000,9999.000,9999.000
202606151636,   1.973,9999.000,9999.000,9999.000,9999.000,9999.000,9999.000,9999.000,9999.000
202606151642,   1.916,9999.000,9999.000,9999.000,9999.000,9999.000,9999.000,9999.000,9999.000
202606151648,   1.859,9999.000,9999.000,9999.000,9999.000,9999.000,9999.000,9999.000,9999.000
202606151654,   1.801,9999.000,9999.000,9999.000,9999.000,9999.000,9999.000,9999.000,9999.000
202606151700,   1.744,9999.000,   0.700,  -1.613,   0.831,   0.700,   0.831,   0.800,   0.931
202606151706,   1.687,9999.000,9999.000,9999.000,9999.000,9999.000,9999.000,9999.000,9999.000
202606151712,   1.629,9999.000,9999.000,9999.000,9999.000,9999.000,9999.000,9999.000,9999.000
202606151718,   1.571,9999.000,9999.000,9999.000,9999.000,9999.000,9999.000,9999.000,9999.000
202606151724,   1.514,9999.000,9999.000,9999.000,9999.000,9999.000,9999.000,9999.000,9999.000
202606151730,   1.456,9999.000,9999.000,9999.000,9999.000,9999.000,9999.000,9999.000,9999.000
202606151736,   1.398,9999.000,9999.000,9999.000,9999.000,9999.000,9999.000,9999.000,9999.000
202606151742,   1.339,9999.000,9999.000,9999.000,9999.000,9999.000,9999.000,9999.000,9999.000
202606151748,   1.281,9999.000,9999.000,9999.000,9999.000,9999.000,9999.000,9999.000,9999.000
202606151754,   1.223,9999.000,9999.000,9999.000,9999.000,9999.000,9999.000,9999.000,9999.000
202606151800,   1.164,9999.000,   0.700,  -1.613,   0.251,   0.700,   0.251,   0.800,   0.351
202606151806,   1.106,9999.000,9999.000,9999.000,9999.000,9999.000,9999.000,9999.000,9999.000
202606151812,   1.047,9999.000,9999.000,9999.000,9999.000,9999.000,9999.000,9999.000,9999.000
202606151818,   0.989,9999.000,9999.000,9999.000,9999.000,9999.000,9999.000,9999.000,9999.000
202606151824,   0.931,9999.000,9999.000,9999.000,9999.000,9999.000,9999.000,9999.000,9999.000
202606151830,   0.874,9999.000,9999.000,9999.000,9999.000,9999.000,9999.000,9999.000,9999.000
202606151836,   0.818,9999.000,9999.000,9999.000,9999.000,9999.000,9999.000,9999.000,9999.000
202606151842,   0.763,9999.000,9999.000,9999.000,9999.000,9999.000,9999.000,9999.000,9999.000
202606151848,   0.709,9999.000,9999.000,9999.000,9999.000,9999.000,9999.000,9999.000,9999.000
202606151854,   0.658,9999.000,9999.000,9999.000,9999.000,9999.000,9999.000,9999.000,9999.000
202606151900,   0.609,9999.000,   0.700,  -1.613,  -0.304,   0.700,  -0.304,   0.800,  -0.204
202606151906,   0.562,9999.000,9999.000,9999.000,9999.000,9999.000,9999.000,9999.000,9999.000
202606151912,   0.519,9999.000,9999.000,9999.000,9999.000,9999.000,9999.000,9999.000,9999.000
202606151918,   0.479,9999.000,9999.000,9999.000,9999.000,9999.000,9999.000,9999.000,9999.000
202606151924,   0.444,9999.000,9999.000,9999.000,9999.000,9999.000,9999.000,9999.000,9999.000
202606151930,   0.414,9999.000,9999.000,9999.000,9999.000,9999.000,9999.000,9999.000,9999.000
202606151936,   0.389,9999.000,9999.000,9999.000,9999.000,9999.000,9999.000,9999.000,9999.000
202606151942,   0.369,9999.000,9999.000,9999.000,9999.000,9999.000,9999.000,9999.000,9999.000
202606151948,   0.355,9999.000,9999.000,9999.000,9999.000,9999.000,9999.000,9999.000,9999.000
202606151954,   0.348,9999.000,9999.000,9999.000,9999.000,9999.000,9999.000,9999.000,9999.000
202606152000,   0.348,9999.000,   0.700,  -1.613,  -0.565,   0.600,  -0.665,   0.800,  -0.465
202606152006,   0.354,9999.000,9999.000,9999.000,9999.000,9999.000,9999.000,9999.000,9999.000
202606152012,   0.367,9999.000,9999.000,9999.000,9999.000,9999.000,9999.000,9999.000,9999.000
202606152018,   0.387,9999.000,9999.000,9999.000,9999.000,9999.000,9999.000,9999.000,9999.000
202606152024,   0.413,9999.000,9999.000,9999.000,9999.000,9999.000,9999.000,9999.000,9999.000
202606152030,   0.446,9999.000,9999.000,9999.000,9999.000,9999.000,9999.000,9999.000,9999.000
202606152036,   0.485,9999.000,9999.000,9999.000,9999.000,9999.000,9999.000,9999.000,9999.000
202606152042,   0.530,9999.000,9999.000,9999.000,9999.000,9999.000,9999.000,9999.000,9999.000
202606152048,   0.580,9999.000,9999.000,9999.000,9999.000,9999.000,9999.000,9999.000,9999.000
202606152054,   0.636,9999.000,9999.000,9999.000,9999.000,9999.000,9999.000,9999.000,9999.000
202606152100,   0.695,9999.000,   0.700,  -1.613,  -0.218,   0.600,  -0.318,   0.700,  -0.218
202606152106,   0.759,9999.000,9999.000,9999.000,9999.000,9999.000,9999.000,9999.000,9999.000
202606152112,   0.827,9999.000,9999.000,9999.000,9999.000,9999.000,9999.000,9999.000,9999.000
202606152118,   0.898,9999.000,9999.000,9999.000,9999.000,9999.000,9999.000,9999.000,9999.000
202606152124,   0.971,9999.000,9999.000,9999.000,9999.000,9999.000,9999.000,9999.000,9999.000
202606152130,   1.046,9999.000,9999.000,9999.000,9999.000,9999.000,9999.000,9999.000,9999.000
202606152136,   1.123,9999.000,9999.000,9999.000,9999.000,9999.000,9999.000,9999.000,9999.000
202606152142,   1.201,9999.000,9999.000,9999.000,9999.000,9999.000,9999.000,9999.000,9999.000
202606152148,   1.280,9999.000,9999.000,9999.000,9999.000,9999.000,9999.000,9999.000,9999.000
202606152154,   1.359,9999.000,9999.000,9999.000,9999.000,9999.000,9999.000,9999.000,9999.000
202606152200,   1.437,9999.000,   0.600,  -1.613,   0.424,   0.600,   0.424,   0.700,   0.524
202606152206,   1.516,9999.000,9999.000,9999.000,9999.000,9999.000,9999.000,9999.000,9999.000
202606152212,   1.593,9999.000,9999.000,9999.000,9999.000,9999.000,9999.000,9999.000,9999.000
202606152218,   1.669,9999.000,9999.000,9999.000,9999.000,9999.000,9999.000,9999.000,9999.000
202606152224,   1.744,9999.000,9999.000,9999.000,9999.000,9999.000,9999.000,9999.000,9999.000
202606152230,   1.817,9999.000,9999.000,9999.000,9999.000,9999.000,9999.000,9999.000,9999.000
202606152236,   1.887,9999.000,9999.000,9999.000,9999.000,9999.000,9999.000,9999.000,9999.000
202606152242,   1.956,9999.000,9999.000,9999.000,9999.000,9999.000,9999.000,9999.000,9999.000
202606152248,   2.023,9999.000,9999.000,9999.000,9999.000,9999.000,9999.000,9999.000,9999.000
202606152254,   2.087,9999.000,9999.000,9999.000,9999.000,9999.000,9999.000,9999.000,9999.000
202606152300,   2.149,9999.000,   0.600,  -1.613,   1.136,   0.600,   1.136,   0.700,   1.236
202606152306,   2.208,9999.000,9999.000,9999.000,9999.000,9999.000,9999.000,9999.000,9999.000
202606152312,   2.264,9999.000,9999.000,9999.000,9999.000,9999.000,9999.000,9999.000,9999.000
202606152318,   2.318,9999.000,9999.000,9999.000,9999.000,9999.000,9999.000,9999.000,9999.000
202606152324,   2.369,9999.000,9999.000,9999.000,9999.000,9999.000,9999.000,9999.000,9999.000
202606152330,   2.417,9999.000,9999.000,9999.000,9999.000,9999.000,9999.000,9999.000,9999.000
202606152336,   2.462,9999.000,9999.000,9999.000,9999.000,9999.000,9999.000,9999.000,9999.000
202606152342,   2.505,9999.000,9999.000,9999.000,9999.000,9999.000,9999.000,9999.000,9999.000
202606152348,   2.546,9999.000,9999.000,9999.000,9999.000,9999.000,9999.000,9999.000,9999.000
202606152354,   2.583,9999.000,9999.000,9999.000,9999.000,9999.000,9999.000,9999.000,9999.000
202606160000,   2.618,9999.000,   0.600,  -1.613,   1.605,   0.600,   1.605,   0.700,   1.705
202606160006,   2.651,9999.000,9999.000,9999.000,9999.000,9999.000,9999.000,9999.000,9999.000
202606160012,   2.681,9999.000,9999.000,9999.000,9999.000,9999.000,9999.000,9999.000,9999.000
202606160018,   2.709,9999.000,9999.000,9999.000,9999.000,9999.000,9999.000,9999.000,9999.000
202606160024,   2.734,9999.000,9999.000,9999.000,9999.000,9999.000,9999.000,9999.000,9999.000
202606160030,   2.757,9999.000,9999.000,9999.000,9999.000,9999.000,9999.000,9999.000,9999.000
202606160036,   2.778,9999.000,9999.000,9999.000,9999.000,9999.000,9999.000,9999.000,9999.000
202606160042,   2.796,9999.000,9999.000,9999.000,9999.000,9999.000,9999.000,9999.000,9999.000
202606160048,   2.813,9999.000,9999.000,9999.000,9999.000,9999.000,9999.000,9999.000,9999.000
202606160054,   2.827,9999.000,9999.000,9999.000,9999.000,9999.000,9999.000,9999.000,9999.000
202606160100,   2.838,9999.000,   0.600,  -1.613,   1.825,   0.600,   1.825,   0.700,   1.925
202606160106,   2.848,9999.000,9999.000,9999.000,9999.000,9999.000,9999.000,9999.000,9999.000
202606160112,   2.856,9999.000,9999.000,9999.000,9999.000,9999.000,9999.000,9999.000,9999.000
202606160118,   2.861,9999.000,9999.000,9999.000,9999.000,9999.000,9999.000,9999.000,9999.000
202606160124,   2.864,9999.000,9999.000,9999.000,9999.000,9999.000,9999.000,9999.000,9999.000
202606160130,   2.864,9999.000,9999.000,9999.000,9999.000,9999.000,9999.000,9999.000,9999.000
202606160136,   2.863,9999.000,9999.000,9999.000,9999.000,9999.000,9999.000,9999.000,9999.000
202606160142,   2.859,9999.000,9999.000,9999.000,9999.000,9999.000,9999.000,9999.000,9999.000
202606160148,   2.852,9999.000,9999.000,9999.000,9999.000,9999.000,9999.000,9999.000,9999.000
202606160154,   2.844,9999.000,9999.000,9999.000,9999.000,9999.000,9999.000,9999.000,9999.000
202606160200,   2.833,9999.000,   0.600,  -1.613,   1.820,   0.500,   1.720,   0.600,   1.820
202606160206,   2.819,9999.000,9999.000,9999.000,9999.000,9999.000,9999.000,9999.000,9999.000
202606160212,   2.803,9999.000,9999.000,9999.000,9999.000,9999.000,9999.000,9999.000,9999.000
202606160218,   2.784,9999.000,9999.000,9999.000,9999.000,9999.000,9999.000,9999.000,9999.000
202606160224,   2.762,9999.000,9999.000,9999.000,9999.000,9999.000,9999.000,9999.000,9999.000
202606160230,   2.738,9999.000,9999.000,9999.000,9999.000,9999.000,9999.000,9999.000,9999.000
202606160236,   2.711,9999.000,9999.000,9999.000,9999.000,9999.000,9999.000,9999.000,9999.000
202606160242,   2.682,9999.000,9999.000,9999.000,9999.000,9999.000,9999.000,9999.000,9999.000
202606160248,   2.649,9999.000,9999.000,9999.000,9999.000,9999.000,9999.000,9999.000,9999.000
202606160254,   2.615,9999.000,9999.000,9999.000,9999.000,9999.000,9999.000,9999.000,9999.000
202606160300,   2.578,9999.000,   0.600,  -1.613,   1.565,   0.500,   1.465,   0.600,   1.565
202606160306,   2.538,9999.000,9999.000,9999.000,9999.000,9999.000,9999.000,9999.000,9999.000
202606160312,   2.496,9999.000,9999.000,9999.000,9999.000,9999.000,9999.000,9999.000,9999.000
202606160318,   2.453,9999.000,9999.000,9999.000,9999.000,9999.000,9999.000,9999.000,9999.000
202606160324,   2.407,9999.000,9999.000,9999.000,9999.000,9999.000,9999.000,9999.000,9999.000
202606160330,   2.360,9999.000,9999.000,9999.000,9999.000,9999.000,9999.000,9999.000,9999.000
202606160336,   2.311,9999.000,9999.000,9999.000,9999.000,9999.000,9999.000,9999.000,9999.000
202606160342,   2.261,9999.000,9999.000,9999.000,9999.000,9999.000,9999.000,9999.000,9999.000
202606160348,   2.210,9999.000,9999.000,9999.000,9999.000,9999.000,9999.000,9999.000,9999.000
202606160354,   2.158,9999.000,9999.000,9999.000,9999.000,9999.000,9999.000,9999.000,9999.000
202606160400,   2.105,9999.000,   0.600,  -1.613,   1.092,   0.500,   0.992,   0.600,   1.092
202606160406,   2.052,9999.000,9999.000,9999.000,9999.000,9999.000,9999.000,9999.000,9999.000
202606160412,   1.998,9999.000,9999.000,9999.000,9999.000,9999.000,9999.000,9999.000,9999.000
202606160418,   1.943,9999.000,9999.000,9999.000,9999.000,9999.000,9999.000,9999.000,9999.000
202606160424,   1.889,9999.000,9999.000,9999.000,9999.000,9999.000,9999.000,9999.000,9999.000
202606160430,   1.834,9999.000,9999.000,9999.000,9999.000,9999.000,9999.000,9999.000,9999.000
202606160436,   1.779,9999.000,9999.000,9999.000,9999.000,9999.000,9999.000,9999.000,9999.000
202606160442,   1.724,9999.000,9999.000,9999.000,9999.000,9999.000,9999.000,9999.000,9999.000
202606160448,   1.669,9999.000,9999.000,9999.000,9999.000,9999.000,9999.000,9999.000,9999.000
202606160454,   1.614,9999.000,9999.000,9999.000,9999.000,9999.000,9999.000,9999.000,9999.000
202606160500,   1.559,9999.000,   0.600,  -1.613,   0.546,   0.500,   0.446,   0.600,   0.546
202606160506,   1.505,9999.000,9999.000,9999.000,9999.000,9999.000,9999.000,9999.000,9999.000
202606160512,   1.451,9999.000,9999.000,9999.000,9999.000,9999.000,9999.000,9999.000,9999.000
202606160518,   1.398,9999.000,9999.000,9999.000,9999.000,9999.000,9999.000,9999.000,9999.000
202606160524,   1.345,9999.000,9999.000,9999.000,9999.000,9999.000,9999.000,9999.000,9999.000
202606160530,   1.292,9999.000,9999.000,9999.000,9999.000,9999.000,9999.000,9999.000,9999.000
202606160536,   1.241,9999.000,9999.000,9999.000,9999.000,9999.000,9999.000,9999.000,9999.000
202606160542,   1.190,9999.000,9999.000,9999.000,9999.000,9999.000,9999.000,9999.000,9999.000
202606160548,   1.140,9999.000,9999.000,9999.000,9999.000,9999.000,9999.000,9999.000,9999.000
202606160554,   1.091,9999.000,9999.000,9999.000,9999.000,9999.000,9999.000,9999.000,9999.000
202606160600,   1.044,9999.000,   0.600,  -1.613,   0.031,   0.500,  -0.069,   0.600,   0.031
202606160606,   0.997,9999.000,9999.000,9999.000,9999.000,9999.000,9999.000,9999.000,9999.000
202606160612,   0.952,9999.000,9999.000,9999.000,9999.000,9999.000,9999.000,9999.000,9999.000
202606160618,   0.908,9999.000,9999.000,9999.000,9999.000,9999.000,9999.000,9999.000,9999.000
202606160624,   0.865,9999.000,9999.000,9999.000,9999.000,9999.000,9999.000,9999.000,9999.000
202606160630,   0.824,9999.000,9999.000,9999.000,9999.000,9999.000,9999.000,9999.000,9999.000
202606160636,   0.785,9999.000,9999.000,9999.000,9999.000,9999.000,9999.000,9999.000,9999.000
202606160642,   0.747,9999.000,9999.000,9999.000,9999.000,9999.000,9999.000,9999.000,9999.000
202606160648,   0.712,9999.000,9999.000,9999.000,9999.000,9999.000,9999.000,9999.000,9999.000
202606160654,   0.679,9999.000,9999.000,9999.000,9999.000,9999.000,9999.000,9999.000,9999.000
202606160700,   0.648,9999.000,   0.500,  -1.613,  -0.465,   0.500,  -0.465,   0.600,  -0.365
202606160706,   0.620,9999.000,9999.000,9999.000,9999.000,9999.000,9999.000,9999.000,9999.000
202606160712,   0.595,9999.000,9999.000,9999.000,9999.000,9999.000,9999.000,9999.000,9999.000
202606160718,   0.573,9999.000,9999.000,9999.000,9999.000,9999.000,9999.000,9999.000,9999.000
202606160724,   0.554,9999.000,9999.000,9999.000,9999.000,9999.000,9999.000,9999.000,9999.000
202606160730,   0.540,9999.000,9999.000,9999.000,9999.000,9999.000,9999.000,9999.000,9999.000
202606160736,   0.529,9999.000,9999.000,9999.000,9999.000,9999.000,9999.000,9999.000,9999.000
202606160742,   0.523,9999.000,9999.000,9999.000,9999.000,9999.000,9999.000,9999.000,9999.000
202606160748,   0.522,9999.000,9999.000,9999.000,9999.000,9999.000,9999.000,9999.000,9999.000
202606160754,   0.525,9999.000,9999.000,9999.000,9999.000,9999.000,9999.000,9999.000,9999.000
202606160800,   0.534,9999.000,   0.500,  -1.613,  -0.579,   0.500,  -0.579,   0.600,  -0.479
202606160806,   0.548,9999.000,9999.000,9999.000,9999.000,9999.000,9999.000,9999.000,9999.000
202606160812,   0.567,9999.000,9999.000,9999.000,9999.000,9999.000,9999.000,9999.000,9999.000
202606160818,   0.593,9999.000,9999.000,9999.000,9999.000,9999.000,9999.000,9999.000,9999.000
202606160824,   0.624,9999.000,9999.000,9999.000,9999.000,9999.000,9999.000,9999.000,9999.000
202606160830,   0.660,9999.000,9999.000,9999.000,9999.000,9999.000,9999.000,9999.000,9999.000
202606160836,   0.702,9999.000,9999.000,9999.000,9999.000,9999.000,9999.000,9999.000,9999.000
202606160842,   0.750,9999.000,9999.000,9999.000,9999.000,9999.000,9999.000,9999.000,9999.000
202606160848,   0.803,9999.000,9999.000,9999.000,9999.000,9999.000,9999.000,9999.000,9999.000
202606160854,   0.861,9999.000,9999.000,9999.000,9999.000,9999.000,9999.000,9999.000,9999.000
202606160900,   0.924,9999.000,   0.500,  -1.613,  -0.189,   0.500,  -0.189,   0.600,  -0.089
202606160906,   0.991,9999.000,9999.000,9999.000,9999.000,9999.000,9999.000,9999.000,9999.000
202606160912,   1.063,9999.000,9999.000,9999.000,9999.000,9999.000,9999.000,9999.000,9999.000
202606160918,   1.138,9999.000,9999.000,9999.000,9999.000,9999.000,9999.000,9999.000,9999.000
202606160924,   1.216,9999.000,9999.000,9999.000,9999.000,9999.000,9999.000,9999.000,9999.000
202606160930,   1.297,9999.000,9999.000,9999.000,9999.000,9999.000,9999.000,9999.000,9999.000
202606160936,   1.380,9999.000,9999.000,9999.000,9999.000,9999.000,9999.000,9999.000,9999.000
202606160942,   1.466,9999.000,9999.000,9999.000,9999.000,9999.000,9999.000,9999.000,9999.000
202606160948,   1.552,9999.000,9999.000,9999.000,9999.000,9999.000,9999.000,9999.000,9999.000
202606160954,   1.640,9999.000,9999.000,9999.000,9999.000,9999.000,9999.000,9999.000,9999.000
202606161000,   1.728,9999.000,   0.500,  -1.613,   0.615,   0.500,   0.615,   0.600,   0.715
202606161006,   1.817,9999.000,9999.000,9999.000,9999.000,9999.000,9999.000,9999.000,9999.000
202606161012,   1.905,9999.000,9999.000,9999.000,9999.000,9999.000,9999.000,9999.000,9999.000
202606161018,   1.992,9999.000,9999.000,9999.000,9999.000,9999.000,9999.000,9999.000,9999.000
202606161024,   2.078,9999.000,9999.000,9999.000,9999.000,9999.000,9999.000,9999.000,9999.000
202606161030,   2.163,9999.000,9999.000,9999.000,9999.000,9999.000,9999.000,9999.000,9999.000
202606161036,   2.247,9999.000,9999.000,9999.000,9999.000,9999.000,9999.000,9999.000,9999.000
202606161042,   2.328,9999.000,9999.000,9999.000,9999.000,9999.000,9999.000,9999.000,9999.000
202606161048,   2.407,9999.000,9999.000,9999.000,9999.000,9999.000,9999.000,9999.000,9999.000
202606161054,   2.484,9999.000,9999.000,9999.000,9999.000,9999.000,9999.000,9999.000,9999.000
202606161100,   2.558,9999.000,   0.500,  -1.613,   1.445,   0.500,   1.445,   0.600,   1.545
202606161106,   2.630,9999.000,9999.000,9999.000,9999.000,9999.000,9999.000,9999.000,9999.000
202606161112,   2.698,9999.000,9999.000,9999.000,9999.000,9999.000,9999.000,9999.000,9999.000
202606161118,   2.764,9999.000,9999.000,9999.000,9999.000,9999.000,9999.000,9999.000,9999.000
202606161124,   2.826,9999.000,9999.000,9999.000,9999.000,9999.000,9999.000,9999.000,9999.000
202606161130,   2.886,9999.000,9999.000,9999.000,9999.000,9999.000,9999.000,9999.000,9999.000
202606161136,   2.942,9999.000,9999.000,9999.000,9999.000,9999.000,9999.000,9999.000,9999.000
202606161142,   2.995,9999.000,9999.000,9999.000,9999.000,9999.000,9999.000,9999.000,9999.000
202606161148,   3.045,9999.000,9999.000,9999.000,9999.000,9999.000,9999.000,9999.000,9999.000
202606161154,   3.092,9999.000,9999.000,9999.000,9999.000,9999.000,9999.000,9999.000,9999.000
202606161200,   3.136,9999.000,   0.500,  -1.613,   2.023,   0.500,   2.023,   0.600,   2.123
202606161206,   3.177,9999.000,9999.000,9999.000,9999.000,9999.000,9999.000,9999.000,9999.000
202606161212,   3.215,9999.000,9999.000,9999.000,9999.000,9999.000,9999.000,9999.000,9999.000
202606161218,   3.250,9999.000,9999.000,9999.000,9999.000,9999.000,9999.000,9999.000,9999.000
202606161224,   3.282,9999.000,9999.000,9999.000,9999.000,9999.000,9999.000,9999.000,9999.000
202606161230,   3.311,9999.000,9999.000,9999.000,9999.000,9999.000,9999.000,9999.000,9999.000
202606161236,   3.338,9999.000,9999.000,9999.000,9999.000,9999.000,9999.000,9999.000,9999.000
202606161242,   3.362,9999.000,9999.000,9999.000,9999.000,9999.000,9999.000,9999.000,9999.000
202606161248,   3.383,9999.000,9999.000,9999.000,9999.000,9999.000,9999.000,9999.000,9999.000
202606161254,   3.402,9999.000,9999.000,9999.000,9999.000,9999.000,9999.000,9999.000,9999.000
202606161300,   3.419,9999.000,   0.500,  -1.613,   2.306,   0.500,   2.306,   0.600,   2.406
202606161306,   3.433,9999.000,9999.000,9999.000,9999.000,9999.000,9999.000,9999.000,9999.000
202606161312,   3.444,9999.000,9999.000,9999.000,9999.000,9999.000,9999.000,9999.000,9999.000
202606161318,   3.453,9999.000,9999.000,9999.000,9999.000,9999.000,9999.000,9999.000,9999.000
202606161324,   3.460,9999.000,9999.000,9999.000,9999.000,9999.000,9999.000,9999.000,9999.000
202606161330,   3.464,9999.000,9999.000,9999.000,9999.000,9999.000,9999.000,9999.000,9999.000
202606161336,   3.467,9999.000,9999.000,9999.000,9999.000,9999.000,9999.000,9999.000,9999.000
202606161342,   3.466,9999.000,9999.000,9999.000,9999.000,9999.000,9999.000,9999.000,9999.000
202606161348,   3.464,9999.000,9999.000,9999.000,9999.000,9999.000,9999.000,9999.000,9999.000
202606161354,   3.458,9999.000,9999.000,9999.000,9999.000,9999.000,9999.000,9999.000,9999.000
202606161400,   3.450,9999.000,   0.500,  -1.613,   2.337,   0.500,   2.337,   0.600,   2.437
202606161406,   3.440,9999.000,9999.000,9999.000,9999.000,9999.000,9999.000,9999.000,9999.000
202606161412,   3.427,9999.000,9999.000,9999.000,9999.000,9999.000,9999.000,9999.000,9999.000
202606161418,   3.412,9999.000,9999.000,9999.000,9999.000,9999.000,9999.000,9999.000,9999.000
202606161424,   3.393,9999.000,9999.000,9999.000,9999.000,9999.000,9999.000,9999.000,9999.000
202606161430,   3.373,9999.000,9999.000,9999.000,9999.000,9999.000,9999.000,9999.000,9999.000
202606161436,   3.349,9999.000,9999.000,9999.000,9999.000,9999.000,9999.000,9999.000,9999.000
202606161442,   3.323,9999.000,9999.000,9999.000,9999.000,9999.000,9999.000,9999.000,9999.000
202606161448,   3.294,9999.000,9999.000,9999.000,9999.000,9999.000,9999.000,9999.000,9999.000
202606161454,   3.263,9999.000,9999.000,9999.000,9999.000,9999.000,9999.000,9999.000,9999.000
202606161500,   3.230,9999.000,   0.500,  -1.613,   2.117,   0.500,   2.117,   0.600,   2.217
202606161506,   3.194,9999.000,9999.000,9999.000,9999.000,9999.000,9999.000,9999.000,9999.000
202606161512,   3.155,9999.000,9999.000,9999.000,9999.000,9999.000,9999.000,9999.000,9999.000
202606161518,   3.115,9999.000,9999.000,9999.000,9999.000,9999.000,9999.000,9999.000,9999.000
202606161524,   3.073,9999.000,9999.000,9999.000,9999.000,9999.000,9999.000,9999.000,9999.000
202606161530,   3.029,9999.000,9999.000,9999.000,9999.000,9999.000,9999.000,9999.000,9999.000
202606161536,   2.983,9999.000,9999.000,9999.000,9999.000,9999.000,9999.000,9999.000,9999.000
202606161542,   2.936,9999.000,9999.000,9999.000,9999.000,9999.000,9999.000,9999.000,9999.000
202606161548,   2.888,9999.000,9999.000,9999.000,9999.000,9999.000,9999.000,9999.000,9999.000
202606161554,   2.839,9999.000,9999.000,9999.000,9999.000,9999.000,9999.000,9999.000,9999.000
202606161600,   2.788,9999.000,   0.500,  -1.613,   1.675,   0.500,   1.675,   0.600,   1.775
202606161606,   2.737,9999.000,9999.000,9999.000,9999.000,9999.000,9999.000,9999.000,9999.000
202606161612,   2.686,9999.000,9999.000,9999.000,9999.000,9999.000,9999.000,9999.000,9999.000
202606161618,   2.633,9999.000,9999.000,9999.000,9999.000,9999.000,9999.000,9999.000,9999.000
202606161624,   2.581,9999.000,9999.000,9999.000,9999.000,9999.000,9999.000,9999.000,9999.000
202606161630,   2.528,9999.000,9999.000,9999.000,9999.000,9999.000,9999.000,9999.000,9999.000
202606161636,   2.474,9999.000,9999.000,9999.000,9999.000,9999.000,9999.000,9999.000,9999.000
202606161642,   2.421,9999.000,9999.000,9999.000,9999.000,9999.000,9999.000,9999.000,9999.000
202606161648,   2.367,9999.000,9999.000,9999.000,9999.000,9999.000,9999.000,9999.000,9999.000
202606161654,   2.313,9999.000,9999.000,9999.000,9999.000,9999.000,9999.000,9999.000,9999.000
202606161700,   2.258,9999.000,   0.500,  -1.613,   1.145,   0.500,   1.145,   0.600,   1.245
202606161706,   2.204,9999.000,9999.000,9999.000,9999.000,9999.000,9999.000,9999.000,9999.000
202606161712,   2.149,9999.000,9999.000,9999.000,9999.000,9999.000,9999.000,9999.000,9999.000
202606161718,   2.093,9999.000,9999.000,9999.000,9999.000,9999.000,9999.000,9999.000,9999.000
202606161724,   2.037,9999.000,9999.000,9999.000,9999.000,9999.000,9999.000,9999.000,9999.000
202606161730,   1.981,9999.000,9999.000,9999.000,9999.000,9999.000,9999.000,9999.000,9999.000
202606161736,   1.925,9999.000,9999.000,9999.000,9999.000,9999.000,9999.000,9999.000,9999.000
202606161742,   1.868,9999.000,9999.000,9999.000,9999.000,9999.000,9999.000,9999.000,9999.000
202606161748,   1.810,9999.000,9999.000,9999.000,9999.000,9999.000,9999.000,9999.000,9999.000
202606161754,   1.752,9999.000,9999.000,9999.000,9999.000,9999.000,9999.000,9999.000,9999.000
202606161800,   1.694,9999.000,   0.500,  -1.613,   0.581,   0.500,   0.581,   0.600,   0.681
202606161806,   1.635,9999.000,9999.000,9999.000,9999.000,9999.000,9999.000,9999.000,9999.000
202606161812,   1.576,9999.000,9999.000,9999.000,9999.000,9999.000,9999.000,9999.000,9999.000
202606161818,   1.516,9999.000,9999.000,9999.000,9999.000,9999.000,9999.000,9999.000,9999.000
202606161824,   1.456,9999.000,9999.000,9999.000,9999.000,9999.000,9999.000,9999.000,9999.000
202606161830,   1.395,9999.000,9999.000,9999.000,9999.000,9999.000,9999.000,9999.000,9999.000
202606161836,   1.334,9999.000,9999.000,9999.000,9999.000,9999.000,9999.000,9999.000,9999.000
202606161842,   1.273,9999.000,9999.000,9999.000,9999.000,9999.000,9999.000,9999.000,9999.000
202606161848,   1.212,9999.000,9999.000,9999.000,9999.000,9999.000,9999.000,9999.000,9999.000
202606161854,   1.150,9999.000,9999.000,9999.000,9999.000,9999.000,9999.000,9999.000,9999.000
202606161900,   1.089,9999.000,   0.500,  -1.613,  -0.024,   0.500,  -0.024,   0.600,   0.076
202606161906,   1.027,9999.000,9999.000,9999.000,9999.000,9999.000,9999.000,9999.000,9999.000
202606161912,   0.966,9999.000,9999.000,9999.000,9999.000,9999.000,9999.000,9999.000,9999.000
202606161918,   0.905,9999.000,9999.000,9999.000,9999.000,9999.000,9999.000,9999.000,9999.000
202606161924,   0.846,9999.000,9999.000,9999.000,9999.000,9999.000,9999.000,9999.000,9999.000
202606161930,   0.787,9999.000,9999.000,9999.000,9999.000,9999.000,9999.000,9999.000,9999.000
202606161936,   0.730,9999.000,9999.000,9999.000,9999.000,9999.000,9999.000,9999.000,9999.000
202606161942,   0.674,9999.000,9999.000,9999.000,9999.000,9999.000,9999.000,9999.000,9999.000
202606161948,   0.621,9999.000,9999.000,9999.000,9999.000,9999.000,9999.000,9999.000,9999.000
202606161954,   0.570,9999.000,9999.000,9999.000,9999.000,9999.000,9999.000,9999.000,9999.000
202606162000,   0.523,9999.000,   0.500,  -1.613,  -0.590,   0.500,  -0.590,   0.600,  -0.490
202606162006,   0.479,9999.000,9999.000,9999.000,9999.000,9999.000,9999.000,9999.000,9999.000
202606162012,   0.440,9999.000,9999.000,9999.000,9999.000,9999.000,9999.000,9999.000,9999.000
202606162018,   0.405,9999.000,9999.000,9999.000,9999.000,9999.000,9999.000,9999.000,9999.000
202606162024,   0.375,9999.000,9999.000,9999.000,9999.000,9999.000,9999.000,9999.000,9999.000
202606162030,   0.351,9999.000,9999.000,9999.000,9999.000,9999.000,9999.000,9999.000,9999.000
202606162036,   0.332,9999.000,9999.000,9999.000,9999.000,9999.000,9999.000,9999.000,9999.000
202606162042,   0.321,9999.000,9999.000,9999.000,9999.000,9999.000,9999.000,9999.000,9999.000
202606162048,   0.315,9999.000,9999.000,9999.000,9999.000,9999.000,9999.000,9999.000,9999.000
202606162054,   0.317,9999.000,9999.000,9999.000,9999.000,9999.000,9999.000,9999.000,9999.000
202606162100,   0.325,9999.000,   0.500,  -1.613,  -0.788,   0.500,  -0.788,   0.600,  -0.688
202606162106,   0.341,9999.000,9999.000,9999.000,9999.000,9999.000,9999.000,9999.000,9999.000
202606162112,   0.363,9999.000,9999.000,9999.000,9999.000,9999.000,9999.000,9999.000,9999.000
202606162118,   0.392,9999.000,9999.000,9999.000,9999.000,9999.000,9999.000,9999.000,9999.000
202606162124,   0.428,9999.000,9999.000,9999.000,9999.000,9999.000,9999.000,9999.000,9999.000
202606162130,   0.469,9999.000,9999.000,9999.000,9999.000,9999.000,9999.000,9999.000,9999.000
202606162136,   0.516,9999.000,9999.000,9999.000,9999.000,9999.000,9999.000,9999.000,9999.000
202606162142,   0.569,9999.000,9999.000,9999.000,9999.000,9999.000,9999.000,9999.000,9999.000
202606162148,   0.627,9999.000,9999.000,9999.000,9999.000,9999.000,9999.000,9999.000,9999.000
202606162154,   0.689,9999.000,9999.000,9999.000,9999.000,9999.000,9999.000,9999.000,9999.000
202606162200,   0.755,9999.000,   0.600,  -1.613,  -0.258,   0.500,  -0.358,   0.600,  -0.258
202606162206,   0.825,9999.000,9999.000,9999.000,9999.000,9999.000,9999.000,9999.000,9999.000
202606162212,   0.897,9999.000,9999.000,9999.000,9999.000,9999.000,9999.000,9999.000,9999.000
202606162218,   0.973,9999.000,9999.000,9999.000,9999.000,9999.000,9999.000,9999.000,9999.000
202606162224,   1.050,9999.000,9999.000,9999.000,9999.000,9999.000,9999.000,9999.000,9999.000
202606162230,   1.128,9999.000,9999.000,9999.000,9999.000,9999.000,9999.000,9999.000,9999.000
202606162236,   1.207,9999.000,9999.000,9999.000,9999.000,9999.000,9999.000,9999.000,9999.000
202606162242,   1.287,9999.000,9999.000,9999.000,9999.000,9999.000,9999.000,9999.000,9999.000
202606162248,   1.368,9999.000,9999.000,9999.000,9999.000,9999.000,9999.000,9999.000,9999.000
202606162254,   1.447,9999.000,9999.000,9999.000,9999.000,9999.000,9999.000,9999.000,9999.000
202606162300,   1.527,9999.000,   0.600,  -1.613,   0.514,   0.500,   0.414,   0.600,   0.514
202606162306,   1.605,9999.000,9999.000,9999.000,9999.000,9999.000,9999.000,9999.000,9999.000
202606162312,   1.682,9999.000,9999.000,9999.000,9999.000,9999.000,9999.000,9999.000,9999.000
202606162318,   1.757,9999.000,9999.000,9999.000,9999.000,9999.000,9999.000,9999.000,9999.000
202606162324,   1.831,9999.000,9999.000,9999.000,9999.000,9999.000,9999.000,9999.000,9999.000
202606162330,   1.903,9999.000,9999.000,9999.000,9999.000,9999.000,9999.000,9999.000,9999.000
202606162336,   1.972,9999.000,9999.000,9999.000,9999.000,9999.000,9999.000,9999.000,9999.000
202606162342,   2.039,9999.000,9999.000,9999.000,9999.000,9999.000,9999.000,9999.000,9999.000
202606162348,   2.104,9999.000,9999.000,9999.000,9999.000,9999.000,9999.000,9999.000,9999.000
202606162354,   2.166,9999.000,9999.000,9999.000,9999.000,9999.000,9999.000,9999.000,9999.000
202606170000,   2.226,9999.000,   0.600,  -1.613,   1.213,   0.500,   1.113,   0.600,   1.213
202606170006,   2.283,9999.000,9999.000,9999.000,9999.000,9999.000,9999.000,9999.000,9999.000
202606170012,   2.337,9999.000,9999.000,9999.000,9999.000,9999.000,9999.000,9999.000,9999.000
202606170018,   2.388,9999.000,9999.000,9999.000,9999.000,9999.000,9999.000,9999.000,9999.000
202606170024,   2.437,9999.000,9999.000,9999.000,9999.000,9999.000,9999.000,9999.000,9999.000
202606170030,   2.483,9999.000,9999.000,9999.000,9999.000,9999.000,9999.000,9999.000,9999.000
202606170036,   2.527,9999.000,9999.000,9999.000,9999.000,9999.000,9999.000,9999.000,9999.000
202606170042,   2.567,9999.000,9999.000,9999.000,9999.000,9999.000,9999.000,9999.000,9999.000
202606170048,   2.605,9999.000,9999.000,9999.000,9999.000,9999.000,9999.000,9999.000,9999.000
202606170054,   2.641,9999.000,9999.000,9999.000,9999.000,9999.000,9999.000,9999.000,9999.000
202606170100,   2.674,9999.000,   0.600,  -1.613,   1.661,   0.500,   1.561,   0.600,   1.661
202606170106,   2.704,9999.000,9999.000,9999.000,9999.000,9999.000,9999.000,9999.000,9999.000
202606170112,   2.732,9999.000,9999.000,9999.000,9999.000,9999.000,9999.000,9999.000,9999.000
202606170118,   2.758,9999.000,9999.000,9999.000,9999.000,9999.000,9999.000,9999.000,9999.000
202606170124,   2.781,9999.000,9999.000,9999.000,9999.000,9999.000,9999.000,9999.000,9999.000
202606170130,   2.802,9999.000,9999.000,9999.000,9999.000,9999.000,9999.000,9999.000,9999.000
202606170136,   2.821,9999.000,9999.000,9999.000,9999.000,9999.000,9999.000,9999.000,9999.000
202606170142,   2.838,9999.000,9999.000,9999.000,9999.000,9999.000,9999.000,9999.000,9999.000
202606170148,   2.852,9999.000,9999.000,9999.000,9999.000,9999.000,9999.000,9999.000,9999.000
202606170154,   2.864,9999.000,9999.000,9999.000,9999.000,9999.000,9999.000,9999.000,9999.000
202606170200,   2.874,9999.000,   0.600,  -1.613,   1.861,   0.500,   1.761,   0.600,   1.861
202606170206,   2.881,9999.000,9999.000,9999.000,9999.000,9999.000,9999.000,9999.000,9999.000
202606170212,   2.887,9999.000,9999.000,9999.000,9999.000,9999.000,9999.000,9999.000,9999.000
202606170218,   2.890,9999.000,9999.000,9999.000,9999.000,9999.000,9999.000,9999.000,9999.000
202606170224,   2.891,9999.000,9999.000,9999.000,9999.000,9999.000,9999.000,9999.000,9999.000
202606170230,   2.889,9999.000,9999.000,9999.000,9999.000,9999.000,9999.000,9999.000,9999.000
202606170236,   2.886,9999.000,9999.000,9999.000,9999.000,9999.000,9999.000,9999.000,9999.000
202606170242,   2.880,9999.000,9999.000,9999.000,9999.000,9999.000,9999.000,9999.000,9999.000
202606170248,   2.872,9999.000,9999.000,9999.000,9999.000,9999.000,9999.000,9999.000,9999.000
202606170254,   2.861,9999.000,9999.000,9999.000,9999.000,9999.000,9999.000,9999.000,9999.000
202606170300,   2.848,9999.000,   0.600,  -1.613,   1.835,   0.500,   1.735,   0.600,   1.835
202606170306,   2.833,9999.000,9999.000,9999.000,9999.000,9999.000,9999.000,9999.000,9999.000
202606170312,   2.816,9999.000,9999.000,9999.000,9999.000,9999.000,9999.000,9999.000,9999.000
202606170318,   2.795,9999.000,9999.000,9999.000,9999.000,9999.000,9999.000,9999.000,9999.000
202606170324,   2.773,9999.000,9999.000,9999.000,9999.000,9999.000,9999.000,9999.000,9999.000
202606170330,   2.748,9999.000,9999.000,9999.000,9999.000,9999.000,9999.000,9999.000,9999.000
202606170336,   2.721,9999.000,9999.000,9999.000,9999.000,9999.000,9999.000,9999.000,9999.000
202606170342,   2.691,9999.000,9999.000,9999.000,9999.000,9999.000,9999.000,9999.000,9999.000
202606170348,   2.660,9999.000,9999.000,9999.000,9999.000,9999.000,9999.000,9999.000,9999.000
202606170354,   2.626,9999.000,9999.000,9999.000,9999.000,9999.000,9999.000,9999.000,9999.000
202606170400,   2.590,9999.000,   0.600,  -1.613,   1.577,   0.500,   1.477,   0.600,   1.577
202606170406,   2.552,9999.000,9999.000,9999.000,9999.000,9999.000,9999.000,9999.000,9999.000
202606170412,   2.513,9999.000,9999.000,9999.000,9999.000,9999.000,9999.000,9999.000,9999.000
202606170418,   2.471,9999.000,9999.000,9999.000,9999.000,9999.000,9999.000,9999.000,9999.000
202606170424,   2.429,9999.000,9999.000,9999.000,9999.000,9999.000,9999.000,9999.000,9999.000
202606170430,   2.384,9999.000,9999.000,9999.000,9999.000,9999.000,9999.000,9999.000,9999.000
202606170436,   2.339,9999.000,9999.000,9999.000,9999.000,9999.000,9999.000,9999.000,9999.000
202606170442,   2.292,9999.000,9999.000,9999.000,9999.000,9999.000,9999.000,9999.000,9999.000
202606170448,   2.245,9999.000,9999.000,9999.000,9999.000,9999.000,9999.000,9999.000,9999.000
202606170454,   2.196,9999.000,9999.000,9999.000,9999.000,9999.000,9999.000,9999.000,9999.000
202606170500,   2.147,9999.000,   0.600,  -1.613,   1.134,   0.500,   1.034,   0.700,   1.234
202606170506,   2.097,9999.000,9999.000,9999.000,9999.000,9999.000,9999.000,9999.000,9999.000
202606170512,   2.046,9999.000,9999.000,9999.000,9999.000,9999.000,9999.000,9999.000,9999.000
202606170518,   1.994,9999.000,9999.000,9999.000,9999.000,9999.000,9999.000,9999.000,9999.000
202606170524,   1.942,9999.000,9999.000,9999.000,9999.000,9999.000,9999.000,9999.000,9999.000
202606170530,   1.889,9999.000,9999.000,9999.000,9999.000,9999.000,9999.000,9999.000,9999.000
202606170536,   1.836,9999.000,9999.000,9999.000,9999.000,9999.000,9999.000,9999.000,9999.000
202606170542,   1.782,9999.000,9999.000,9999.000,9999.000,9999.000,9999.000,9999.000,9999.000
202606170548,   1.728,9999.000,9999.000,9999.000,9999.000,9999.000,9999.000,9999.000,9999.000
202606170554,   1.674,9999.000,9999.000,9999.000,9999.000,9999.000,9999.000,9999.000,9999.000
202606170600,   1.620,9999.000,   0.600,  -1.613,   0.607,   0.500,   0.507,   0.700,   0.707
202606170606,   1.565,9999.000,9999.000,9999.000,9999.000,9999.000,9999.000,9999.000,9999.000
202606170612,   1.511,9999.000,9999.000,9999.000,9999.000,9999.000,9999.000,9999.000,9999.000
202606170618,   1.456,9999.000,9999.000,9999.000,9999.000,9999.000,9999.000,9999.000,9999.000
202606170624,   1.402,9999.000,9999.000,9999.000,9999.000,9999.000,9999.000,9999.000,9999.000
202606170630,   1.348,9999.000,9999.000,9999.000,9999.000,9999.000,9999.000,9999.000,9999.000
202606170636,   1.295,9999.000,9999.000,9999.000,9999.000,9999.000,9999.000,9999.000,9999.000
202606170642,   1.242,9999.000,9999.000,9999.000,9999.000,9999.000,9999.000,9999.000,9999.000
202606170648,   1.190,9999.000,9999.000,9999.000,9999.000,9999.000,9999.000,9999.000,9999.000
202606170654,   1.139,9999.000,9999.000,9999.000,9999.000,9999.000,9999.000,9999.000,9999.000
202606170700,   1.088,9999.000,   0.600,  -1.613,   0.075,   0.500,  -0.025,   0.700,   0.175
202606170706,   1.039,9999.000,9999.000,9999.000,9999.000,9999.000,9999.000,9999.000,9999.000
202606170712,   0.990,9999.000,9999.000,9999.000,9999.000,9999.000,9999.000,9999.000,9999.000
202606170718,   0.943,9999.000,9999.000,9999.000,9999.000,9999.000,9999.000,9999.000,9999.000
202606170724,   0.898,9999.000,9999.000,9999.000,9999.000,9999.000,9999.000,9999.000,9999.000
202606170730,   0.854,9999.000,9999.000,9999.000,9999.000,9999.000,9999.000,9999.000,9999.000
202606170736,   0.811,9999.000,9999.000,9999.000,9999.000,9999.000,9999.000,9999.000,9999.000
202606170742,   0.771,9999.000,9999.000,9999.000,9999.000,9999.000,9999.000,9999.000,9999.000
202606170748,   0.733,9999.000,9999.000,9999.000,9999.000,9999.000,9999.000,9999.000,9999.000
202606170754,   0.697,9999.000,9999.000,9999.000,9999.000,9999.000,9999.000,9999.000,9999.000
202606170800,   0.664,9999.000,   0.600,  -1.613,  -0.349,   0.600,  -0.349,   0.700,  -0.249
202606170806,   0.634,9999.000,9999.000,9999.000,9999.000,9999.000,9999.000,9999.000,9999.000
202606170812,   0.607,9999.000,9999.000,9999.000,9999.000,9999.000,9999.000,9999.000,9999.000
202606170818,   0.584,9999.000,9999.000,9999.000,9999.000,9999.000,9999.000,9999.000,9999.000
202606170824,   0.565,9999.000,9999.000,9999.000,9999.000,9999.000,9999.000,9999.000,9999.000
202606170830,   0.550,9999.000,9999.000,9999.000,9999.000,9999.000,9999.000,9999.000,9999.000
202606170836,   0.539,9999.000,9999.000,9999.000,9999.000,9999.000,9999.000,9999.000,9999.000
202606170842,   0.534,9999.000,9999.000,9999.000,9999.000,9999.000,9999.000,9999.000,9999.000
202606170848,   0.533,9999.000,9999.000,9999.000,9999.000,9999.000,9999.000,9999.000,9999.000
202606170854,   0.538,9999.000,9999.000,9999.000,9999.000,9999.000,9999.000,9999.000,9999.000
202606170900,   0.548,9999.000,   0.600,  -1.613,  -0.465,   0.600,  -0.465,   0.700,  -0.365
202606170906,   0.564,9999.000,9999.000,9999.000,9999.000,9999.000,9999.000,9999.000,9999.000
202606170912,   0.586,9999.000,9999.000,9999.000,9999.000,9999.000,9999.000,9999.000,9999.000
202606170918,   0.613,9999.000,9999.000,9999.000,9999.000,9999.000,9999.000,9999.000,9999.000
202606170924,   0.647,9999.000,9999.000,9999.000,9999.000,9999.000,9999.000,9999.000,9999.000
202606170930,   0.686,9999.000,9999.000,9999.000,9999.000,9999.000,9999.000,9999.000,9999.000
202606170936,   0.731,9999.000,9999.000,9999.000,9999.000,9999.000,9999.000,9999.000,9999.000
202606170942,   0.781,9999.000,9999.000,9999.000,9999.000,9999.000,9999.000,9999.000,9999.000
202606170948,   0.836,9999.000,9999.000,9999.000,9999.000,9999.000,9999.000,9999.000,9999.000
202606170954,   0.897,9999.000,9999.000,9999.000,9999.000,9999.000,9999.000,9999.000,9999.000
202606171000,   0.961,9999.000,   0.700,  -1.613,   0.048,   0.600,  -0.052,   0.700,   0.048
202606171006,   1.030,9999.000,9999.000,9999.000,9999.000,9999.000,9999.000,9999.000,9999.000
202606171012,   1.102,9999.000,9999.000,9999.000,9999.000,9999.000,9999.000,9999.000,9999.000
202606171018,   1.178,9999.000,9999.000,9999.000,9999.000,9999.000,9999.000,9999.000,9999.000
202606171024,   1.257,9999.000,9999.000,9999.000,9999.000,9999.000,9999.000,9999.000,9999.000
202606171030,   1.337,9999.000,9999.000,9999.000,9999.000,9999.000,9999.000,9999.000,9999.000
202606171036,   1.420,9999.000,9999.000,9999.000,9999.000,9999.000,9999.000,9999.000,9999.000
202606171042,   1.504,9999.000,9999.000,9999.000,9999.000,9999.000,9999.000,9999.000,9999.000
202606171048,   1.589,9999.000,9999.000,9999.000,9999.000,9999.000,9999.000,9999.000,9999.000
202606171054,   1.674,9999.000,9999.000,9999.000,9999.000,9999.000,9999.000,9999.000,9999.000
202606171100,   1.760,9999.000,   0.700,  -1.613,   0.847,   0.600,   0.747,   0.700,   0.847
202606171106,   1.845,9999.000,9999.000,9999.000,9999.000,9999.000,9999.000,9999.000,9999.000
202606171112,   1.930,9999.000,9999.000,9999.000,9999.000,9999.000,9999.000,9999.000,9999.000
202606171118,   2.013,9999.000,9999.000,9999.000,9999.000,9999.000,9999.000,9999.000,9999.000
202606171124,   2.096,9999.000,9999.000,9999.000,9999.000,9999.000,9999.000,9999.000,9999.000
202606171130,   2.176,9999.000,9999.000,9999.000,9999.000,9999.000,9999.000,9999.000,9999.000
202606171136,   2.255,9999.000,9999.000,9999.000,9999.000,9999.000,9999.000,9999.000,9999.000
202606171142,   2.331,9999.000,9999.000,9999.000,9999.000,9999.000,9999.000,9999.000,9999.000
202606171148,   2.405,9999.000,9999.000,9999.000,9999.000,9999.000,9999.000,9999.000,9999.000
202606171154,   2.477,9999.000,9999.000,9999.000,9999.000,9999.000,9999.000,9999.000,9999.000
202606171200,   2.546,9999.000,   0.700,  -1.613,   1.633,   0.600,   1.533,   0.700,   1.633
202606171206,   2.612,9999.000,9999.000,9999.000,9999.000,9999.000,9999.000,9999.000,9999.000
202606171212,   2.675,9999.000,9999.000,9999.000,9999.000,9999.000,9999.000,9999.000,9999.000
202606171218,   2.735,9999.000,9999.000,9999.000,9999.000,9999.000,9999.000,9999.000,9999.000
202606171224,   2.792,9999.000,9999.000,9999.000,9999.000,9999.000,9999.000,9999.000,9999.000
202606171230,   2.846,9999.000,9999.000,9999.000,9999.000,9999.000,9999.000,9999.000,9999.000
202606171236,   2.898,9999.000,9999.000,9999.000,9999.000,9999.000,9999.000,9999.000,9999.000
202606171242,   2.946,9999.000,9999.000,9999.000,9999.000,9999.000,9999.000,9999.000,9999.000
202606171248,   2.991,9999.000,9999.000,9999.000,9999.000,9999.000,9999.000,9999.000,9999.000
202606171254,   3.033,9999.000,9999.000,9999.000,9999.000,9999.000,9999.000,9999.000,9999.000
202606171300,   3.072,9999.000,   0.700,  -1.613,   2.159,   0.600,   2.059,   0.800,   2.259
202606171306,   3.108,9999.000,9999.000,9999.000,9999.000,9999.000,9999.000,9999.000,9999.000
202606171312,   3.142,9999.000,9999.000,9999.000,9999.000,9999.000,9999.000,9999.000,9999.000
202606171318,   3.172,9999.000,9999.000,9999.000,9999.000,9999.000,9999.000,9999.000,9999.000
202606171324,   3.200,9999.000,9999.000,9999.000,9999.000,9999.000,9999.000,9999.000,9999.000
202606171330,   3.226,9999.000,9999.000,9999.000,9999.000,9999.000,9999.000,9999.000,9999.000
202606171336,   3.249,9999.000,9999.000,9999.000,9999.000,9999.000,9999.000,9999.000,9999.000
202606171342,   3.269,9999.000,9999.000,9999.000,9999.000,9999.000,9999.000,9999.000,9999.000
202606171348,   3.287,9999.000,9999.000,9999.000,9999.000,9999.000,9999.000,9999.000,9999.000
202606171354,   3.303,9999.000,9999.000,9999.000,9999.000,9999.000,9999.000,9999.000,9999.000
202606171400,   3.317,9999.000,   0.700,  -1.613,   2.404,   0.600,   2.304,   0.800,   2.504
202606171406,   3.328,9999.000,9999.000,9999.000,9999.000,9999.000,9999.000,9999.000,9999.000
202606171412,   3.336,9999.000,9999.000,9999.000,9999.000,9999.000,9999.000,9999.000,9999.000
202606171418,   3.343,9999.000,9999.000,9999.000,9999.000,9999.000,9999.000,9999.000,9999.000
202606171424,   3.347,9999.000,9999.000,9999.000,9999.000,9999.000,9999.000,9999.000,9999.000
202606171430,   3.350,9999.000,9999.000,9999.000,9999.000,9999.000,9999.000,9999.000,9999.000
202606171436,   3.349,9999.000,9999.000,9999.000,9999.000,9999.000,9999.000,9999.000,9999.000
202606171442,   3.347,9999.000,9999.000,9999.000,9999.000,9999.000,9999.000,9999.000,9999.000
202606171448,   3.342,9999.000,9999.000,9999.000,9999.000,9999.000,9999.000,9999.000,9999.000
202606171454,   3.335,9999.000,9999.000,9999.000,9999.000,9999.000,9999.000,9999.000,9999.000
202606171500,   3.326,9999.000,   0.700,  -1.613,   2.413,   0.600,   2.313,   0.800,   2.513
202606171506,   3.314,9999.000,9999.000,9999.000,9999.000,9999.000,9999.000,9999.000,9999.000
202606171512,   3.300,9999.000,9999.000,9999.000,9999.000,9999.000,9999.000,9999.000,9999.000
202606171518,   3.283,9999.000,9999.000,9999.000,9999.000,9999.000,9999.000,9999.000,9999.000
202606171524,   3.264,9999.000,9999.000,9999.000,9999.000,9999.000,9999.000,9999.000,9999.000
202606171530,   3.243,9999.000,9999.000,9999.000,9999.000,9999.000,9999.000,9999.000,9999.000
202606171536,   3.220,9999.000,9999.000,9999.000,9999.000,9999.000,9999.000,9999.000,9999.000
202606171542,   3.194,9999.000,9999.000,9999.000,9999.000,9999.000,9999.000,9999.000,9999.000
202606171548,   3.165,9999.000,9999.000,9999.000,9999.000,9999.000,9999.000,9999.000,9999.000
202606171554,   3.135,9999.000,9999.000,9999.000,9999.000,9999.000,9999.000,9999.000,9999.000
202606171600,   3.103,9999.000,   0.700,  -1.613,   2.190,   0.600,   2.090,   0.800,   2.290
202606171606,   3.068,9999.000,9999.000,9999.000,9999.000,9999.000,9999.000,9999.000,9999.000
202606171612,   3.032,9999.000,9999.000,9999.000,9999.000,9999.000,9999.000,9999.000,9999.000
202606171618,   2.994,9999.000,9999.000,9999.000,9999.000,9999.000,9999.000,9999.000,9999.000
202606171624,   2.954,9999.000,9999.000,9999.000,9999.000,9999.000,9999.000,9999.000,9999.000
202606171630,   2.913,9999.000,9999.000,9999.000,9999.000,9999.000,9999.000,9999.000,9999.000
202606171636,   2.871,9999.000,9999.000,9999.000,9999.000,9999.000,9999.000,9999.000,9999.000
202606171642,   2.827,9999.000,9999.000,9999.000,9999.000,9999.000,9999.000,9999.000,9999.000
202606171648,   2.783,9999.000,9999.000,9999.000,9999.000,9999.000,9999.000,9999.000,9999.000
202606171654,   2.737,9999.000,9999.000,9999.000,9999.000,9999.000,9999.000,9999.000,9999.000
202606171700,   2.690,9999.000,   0.700,  -1.613,   1.777,   0.600,   1.677,   0.800,   1.877
202606171706,   2.643,9999.000,9999.000,9999.000,9999.000,9999.000,9999.000,9999.000,9999.000
202606171712,   2.595,9999.000,9999.000,9999.000,9999.000,9999.000,9999.000,9999.000,9999.000
202606171718,   2.546,9999.000,9999.000,9999.000,9999.000,9999.000,9999.000,9999.000,9999.000
202606171724,   2.497,9999.000,9999.000,9999.000,9999.000,9999.000,9999.000,9999.000,9999.000
202606171730,   2.447,9999.000,9999.000,9999.000,9999.000,9999.000,9999.000,9999.000,9999.000
202606171736,   2.397,9999.000,9999.000,9999.000,9999.000,9999.000,9999.000,9999.000,9999.000
202606171742,   2.346,9999.000,9999.000,9999.000,9999.000,9999.000,9999.000,9999.000,9999.000
202606171748,   2.294,9999.000,9999.000,9999.000,9999.000,9999.000,9999.000,9999.000,9999.000
202606171754,   2.242,9999.000,9999.000,9999.000,9999.000,9999.000,9999.000,9999.000,9999.000
202606171800,   2.189,9999.000,   0.700,  -1.613,   1.276,   0.600,   1.176,   0.800,   1.376
202606171806,   2.136,9999.000,9999.000,9999.000,9999.000,9999.000,9999.000,9999.000,9999.000
202606171812,   2.082,9999.000,9999.000,9999.000,9999.000,9999.000,9999.000,9999.000,9999.000
202606171818,   2.027,9999.000,9999.000,9999.000,9999.000,9999.000,9999.000,9999.000,9999.000
202606171824,   1.971,9999.000,9999.000,9999.000,9999.000,9999.000,9999.000,9999.000,9999.000
202606171830,   1.915,9999.000,9999.000,9999.000,9999.000,9999.000,9999.000,9999.000,9999.000
202606171836,   1.859,9999.000,9999.000,9999.000,9999.000,9999.000,9999.000,9999.000,9999.000
202606171842,   1.801,9999.000,9999.000,9999.000,9999.000,9999.000,9999.000,9999.000,9999.000
202606171848,   1.743,9999.000,9999.000,9999.000,9999.000,9999.000,9999.000,9999.000,9999.000
202606171854,   1.685,9999.000,9999.000,9999.000,9999.000,9999.000,9999.000,9999.000,9999.000
202606171900,   1.626,9999.000,   0.700,  -1.613,   0.713,   0.600,   0.613,   0.800,   0.813
202606171906,   1.566,9999.000,9999.000,9999.000,9999.000,9999.000,9999.000,9999.000,9999.000
202606171912,   1.506,9999.000,9999.000,9999.000,9999.000,9999.000,9999.000,9999.000,9999.000
202606171918,   1.446,9999.000,9999.000,9999.000,9999.000,9999.000,9999.000,9999.000,9999.000
202606171924,   1.385,9999.000,9999.000,9999.000,9999.000,9999.000,9999.000,9999.000,9999.000
202606171930,   1.323,9999.000,9999.000,9999.000,9999.000,9999.000,9999.000,9999.000,9999.000
202606171936,   1.262,9999.000,9999.000,9999.000,9999.000,9999.000,9999.000,9999.000,9999.000
202606171942,   1.200,9999.000,9999.000,9999.000,9999.000,9999.000,9999.000,9999.000,9999.000
202606171948,   1.138,9999.000,9999.000,9999.000,9999.000,9999.000,9999.000,9999.000,9999.000
202606171954,   1.077,9999.000,9999.000,9999.000,9999.000,9999.000,9999.000,9999.000,9999.000
202606172000,   1.015,9999.000,   0.700,  -1.613,   0.102,   0.700,   0.102,   0.800,   0.202
202606172006,   0.954,9999.000,9999.000,9999.000,9999.000,9999.000,9999.000,9999.000,9999.000
202606172012,   0.894,9999.000,9999.000,9999.000,9999.000,9999.000,9999.000,9999.000,9999.000
202606172018,   0.834,9999.000,9999.000,9999.000,9999.000,9999.000,9999.000,9999.000,9999.000
202606172024,   0.776,9999.000,9999.000,9999.000,9999.000,9999.000,9999.000,9999.000,9999.000
202606172030,   0.719,9999.000,9999.000,9999.000,9999.000,9999.000,9999.000,9999.000,9999.000
202606172036,   0.664,9999.000,9999.000,9999.000,9999.000,9999.000,9999.000,9999.000,9999.000
202606172042,   0.611,9999.000,9999.000,9999.000,9999.000,9999.000,9999.000,9999.000,9999.000
202606172048,   0.562,9999.000,9999.000,9999.000,9999.000,9999.000,9999.000,9999.000,9999.000
202606172054,   0.515,9999.000,9999.000,9999.000,9999.000,9999.000,9999.000,9999.000,9999.000
202606172100,   0.473,9999.000,   0.700,  -1.613,  -0.440,   0.700,  -0.440,   0.800,  -0.340
202606172106,   0.435,9999.000,9999.000,9999.000,9999.000,9999.000,9999.000,9999.000,9999.000
202606172112,   0.402,9999.000,9999.000,9999.000,9999.000,9999.000,9999.000,9999.000,9999.000
202606172118,   0.374,9999.000,9999.000,9999.000,9999.000,9999.000,9999.000,9999.000,9999.000
202606172124,   0.351,9999.000,9999.000,9999.000,9999.000,9999.000,9999.000,9999.000,9999.000
202606172130,   0.335,9999.000,9999.000,9999.000,9999.000,9999.000,9999.000,9999.000,9999.000
202606172136,   0.326,9999.000,9999.000,9999.000,9999.000,9999.000,9999.000,9999.000,9999.000
202606172142,   0.323,9999.000,9999.000,9999.000,9999.000,9999.000,9999.000,9999.000,9999.000
202606172148,   0.327,9999.000,9999.000,9999.000,9999.000,9999.000,9999.000,9999.000,9999.000
202606172154,   0.338,9999.000,9999.000,9999.000,9999.000,9999.000,9999.000,9999.000,9999.000
202606172200,   0.356,9999.000,   0.700,  -1.613,  -0.557,   0.700,  -0.557,   0.800,  -0.457
202606172206,   0.381,9999.000,9999.000,9999.000,9999.000,9999.000,9999.000,9999.000,9999.000
202606172212,   0.412,9999.000,9999.000,9999.000,9999.000,9999.000,9999.000,9999.000,9999.000
202606172218,   0.450,9999.000,9999.000,9999.000,9999.000,9999.000,9999.000,9999.000,9999.000
202606172224,   0.493,9999.000,9999.000,9999.000,9999.000,9999.000,9999.000,9999.000,9999.000
202606172230,   0.543,9999.000,9999.000,9999.000,9999.000,9999.000,9999.000,9999.000,9999.000
202606172236,   0.598,9999.000,9999.000,9999.000,9999.000,9999.000,9999.000,9999.000,9999.000
202606172242,   0.657,9999.000,9999.000,9999.000,9999.000,9999.000,9999.000,9999.000,9999.000
202606172248,   0.721,9999.000,9999.000,9999.000,9999.000,9999.000,9999.000,9999.000,9999.000
202606172254,   0.789,9999.000,9999.000,9999.000,9999.000,9999.000,9999.000,9999.000,9999.000
202606172300,   0.859,9999.000,   0.700,  -1.613,  -0.054,   0.700,  -0.054,   0.800,   0.046
202606172306,   0.933,9999.000,9999.000,9999.000,9999.000,9999.000,9999.000,9999.000,9999.000
202606172312,   1.009,9999.000,9999.000,9999.000,9999.000,9999.000,9999.000,9999.000,9999.000
202606172318,   1.087,9999.000,9999.000,9999.000,9999.000,9999.000,9999.000,9999.000,9999.000
202606172324,   1.166,9999.000,9999.000,9999.000,9999.000,9999.000,9999.000,9999.000,9999.000
202606172330,   1.246,9999.000,9999.000,9999.000,9999.000,9999.000,9999.000,9999.000,9999.000
202606172336,   1.326,9999.000,9999.000,9999.000,9999.000,9999.000,9999.000,9999.000,9999.000
202606172342,   1.406,9999.000,9999.000,9999.000,9999.000,9999.000,9999.000,9999.000,9999.000
202606172348,   1.486,9999.000,9999.000,9999.000,9999.000,9999.000,9999.000,9999.000,9999.000
202606172354,   1.565,9999.000,9999.000,9999.000,9999.000,9999.000,9999.000,9999.000,9999.000
202606180000,   1.643,9999.000,   0.700,  -1.613,   0.730,   0.700,   0.730,   0.800,   0.830
202606180006,   1.720,9999.000,9999.000,9999.000,9999.000,9999.000,9999.000,9999.000,9999.000
202606180012,   1.795,9999.000,9999.000,9999.000,9999.000,9999.000,9999.000,9999.000,9999.000
202606180018,   1.868,9999.000,9999.000,9999.000,9999.000,9999.000,9999.000,9999.000,9999.000
202606180024,   1.939,9999.000,9999.000,9999.000,9999.000,9999.000,9999.000,9999.000,9999.000
202606180030,   2.007,9999.000,9999.000,9999.000,9999.000,9999.000,9999.000,9999.000,9999.000
202606180036,   2.074,9999.000,9999.000,9999.000,9999.000,9999.000,9999.000,9999.000,9999.000
202606180042,   2.138,9999.000,9999.000,9999.000,9999.000,9999.000,9999.000,9999.000,9999.000
202606180048,   2.199,9999.000,9999.000,9999.000,9999.000,9999.000,9999.000,9999.000,9999.000
202606180054,   2.258,9999.000,9999.000,9999.000,9999.000,9999.000,9999.000,9999.000,9999.000
202606180100,   2.314,9999.000,   0.700,  -1.613,   1.401,   0.700,   1.401,   0.800,   1.501
202606180106,   2.367,9999.000,9999.000,9999.000,9999.000,9999.000,9999.000,9999.000,9999.000
202606180112,   2.418,9999.000,9999.000,9999.000,9999.000,9999.000,9999.000,9999.000,9999.000
202606180118,   2.466,9999.000,9999.000,9999.000,9999.000,9999.000,9999.000,9999.000,9999.000
202606180124,   2.511,9999.000,9999.000,9999.000,9999.000,9999.000,9999.000,9999.000,9999.000
202606180130,   2.554,9999.000,9999.000,9999.000,9999.000,9999.000,9999.000,9999.000,9999.000
202606180136,   2.594,9999.000,9999.000,9999.000,9999.000,9999.000,9999.000,9999.000,9999.000
202606180142,   2.631,9999.000,9999.000,9999.000,9999.000,9999.000,9999.000,9999.000,9999.000
202606180148,   2.666,9999.000,9999.000,9999.000,9999.000,9999.000,9999.000,9999.000,9999.000
202606180154,   2.698,9999.000,9999.000,9999.000,9999.000,9999.000,9999.000,9999.000,9999.000
202606180200,   2.728,9999.000,   0.700,  -1.613,   1.815,   0.700,   1.815,   0.800,   1.915
202606180206,   2.756,9999.000,9999.000,9999.000,9999.000,9999.000,9999.000,9999.000,9999.000
202606180212,   2.781,9999.000,9999.000,9999.000,9999.000,9999.000,9999.000,9999.000,9999.000
202606180218,   2.804,9999.000,9999.000,9999.000,9999.000,9999.000,9999.000,9999.000,9999.000
202606180224,   2.825,9999.000,9999.000,9999.000,9999.000,9999.000,9999.000,9999.000,9999.000
202606180230,   2.843,9999.000,9999.000,9999.000,9999.000,9999.000,9999.000,9999.000,9999.000
202606180236,   2.860,9999.000,9999.000,9999.000,9999.000,9999.000,9999.000,9999.000,9999.000
202606180242,   2.874,9999.000,9999.000,9999.000,9999.000,9999.000,9999.000,9999.000,9999.000
202606180248,   2.886,9999.000,9999.000,9999.000,9999.000,9999.000,9999.000,9999.000,9999.000
202606180254,   2.896,9999.000,9999.000,9999.000,9999.000,9999.000,9999.000,9999.000,9999.000
202606180300,   2.904,9999.000,   0.700,  -1.613,   1.991,   0.700,   1.991,   0.800,   2.091
202606180306,   2.910,9999.000,9999.000,9999.000,9999.000,9999.000,9999.000,9999.000,9999.000
202606180312,   2.914,9999.000,9999.000,9999.000,9999.000,9999.000,9999.000,9999.000,9999.000
202606180318,   2.916,9999.000,9999.000,9999.000,9999.000,9999.000,9999.000,9999.000,9999.000
202606180324,   2.915,9999.000,9999.000,9999.000,9999.000,9999.000,9999.000,9999.000,9999.000
202606180330,   2.913,9999.000,9999.000,9999.000,9999.000,9999.000,9999.000,9999.000,9999.000
202606180336,   2.908,9999.000,9999.000,9999.000,9999.000,9999.000,9999.000,9999.000,9999.000
202606180342,   2.902,9999.000,9999.000,9999.000,9999.000,9999.000,9999.000,9999.000,9999.000
202606180348,   2.893,9999.000,9999.000,9999.000,9999.000,9999.000,9999.000,9999.000,9999.000
202606180354,   2.882,9999.000,9999.000,9999.000,9999.000,9999.000,9999.000,9999.000,9999.000
202606180400,   2.869,9999.000,   0.700,  -1.613,   1.956,   0.700,   1.956,   0.800,   2.056
202606180406,   2.853,9999.000,9999.000,9999.000,9999.000,9999.000,9999.000,9999.000,9999.000
202606180412,   2.836,9999.000,9999.000,9999.000,9999.000,9999.000,9999.000,9999.000,9999.000
202606180418,   2.816,9999.000,9999.000,9999.000,9999.000,9999.000,9999.000,9999.000,9999.000
202606180424,   2.795,9999.000,9999.000,9999.000,9999.000,9999.000,9999.000,9999.000,9999.000
202606180430,   2.771,9999.000,9999.000,9999.000,9999.000,9999.000,9999.000,9999.000,9999.000
202606180436,   2.745,9999.000,9999.000,9999.000,9999.000,9999.000,9999.000,9999.000,9999.000
202606180442,   2.717,9999.000,9999.000,9999.000,9999.000,9999.000,9999.000,9999.000,9999.000
202606180448,   2.687,9999.000,9999.000,9999.000,9999.000,9999.000,9999.000,9999.000,9999.000
202606180454,   2.655,9999.000,9999.000,9999.000,9999.000,9999.000,9999.000,9999.000,9999.000
202606180500,   2.621,9999.000,   0.700,  -1.613,   1.708,   0.700,   1.708,   0.800,   1.808
202606180506,   2.586,9999.000,9999.000,9999.000,9999.000,9999.000,9999.000,9999.000,9999.000
202606180512,   2.548,9999.000,9999.000,9999.000,9999.000,9999.000,9999.000,9999.000,9999.000
202606180518,   2.510,9999.000,9999.000,9999.000,9999.000,9999.000,9999.000,9999.000,9999.000
202606180524,   2.469,9999.000,9999.000,9999.000,9999.000,9999.000,9999.000,9999.000,9999.000
202606180530,   2.428,9999.000,9999.000,9999.000,9999.000,9999.000,9999.000,9999.000,9999.000
202606180536,   2.385,9999.000,9999.000,9999.000,9999.000,9999.000,9999.000,9999.000,9999.000
202606180542,   2.341,9999.000,9999.000,9999.000,9999.000,9999.000,9999.000,9999.000,9999.000
202606180548,   2.295,9999.000,9999.000,9999.000,9999.000,9999.000,9999.000,9999.000,9999.000
202606180554,   2.249,9999.000,9999.000,9999.000,9999.000,9999.000,9999.000,9999.000,9999.000
202606180600,   2.201,9999.000,   0.700,  -1.613,   1.288,   0.700,   1.288,   0.800,   1.388
202606180606,   2.152,9999.000,9999.000,9999.000,9999.000,9999.000,9999.000,9999.000,9999.000
202606180612,   2.103,9999.000,9999.000,9999.000,9999.000,9999.000,9999.000,9999.000,9999.000
202606180618,   2.052,9999.000,9999.000,9999.000,9999.000,9999.000,9999.000,9999.000,9999.000
202606180624,   2.001,9999.000,9999.000,9999.000,9999.000,9999.000,9999.000,9999.000,9999.000
202606180630,   1.949,9999.000,9999.000,9999.000,9999.000,9999.000,9999.000,9999.000,9999.000
202606180636,   1.896,9999.000,9999.000,9999.000,9999.000,9999.000,9999.000,9999.000,9999.000
202606180642,   1.842,9999.000,9999.000,9999.000,9999.000,9999.000,9999.000,9999.000,9999.000
202606180648,   1.788,9999.000,9999.000,9999.000,9999.000,9999.000,9999.000,9999.000,9999.000
202606180654,   1.734,9999.000,9999.000,9999.000,9999.000,9999.000,9999.000,9999.000,9999.000
202606180700,   1.679,9999.000,   0.700,  -1.613,   0.766,   0.700,   0.766,   0.800,   0.866
202606180706,   1.624,9999.000,9999.000,9999.000,9999.000,9999.000,9999.000,9999.000,9999.000
202606180712,   1.569,9999.000,9999.000,9999.000,9999.000,9999.000,9999.000,9999.000,9999.000
202606180718,   1.514,9999.000,9999.000,9999.000,9999.000,9999.000,9999.000,9999.000,9999.000
202606180724,   1.459,9999.000,9999.000,9999.000,9999.000,9999.000,9999.000,9999.000,9999.000
202606180730,   1.404,9999.000,9999.000,9999.000,9999.000,9999.000,9999.000,9999.000,9999.000
202606180736,   1.350,9999.000,9999.000,9999.000,9999.000,9999.000,9999.000,9999.000,9999.000
202606180742,   1.296,9999.000,9999.000,9999.000,9999.000,9999.000,9999.000,9999.000,9999.000
202606180748,   1.242,9999.000,9999.000,9999.000,9999.000,9999.000,9999.000,9999.000,9999.000
202606180754,   1.189,9999.000,9999.000,9999.000,9999.000,9999.000,9999.000,9999.000,9999.000
202606180800,   1.137,9999.000,   0.700,  -1.613,   0.224,   0.700,   0.224,   0.800,   0.324
202606180806,   1.086,9999.000,9999.000,9999.000,9999.000,9999.000,9999.000,9999.000,9999.000
202606180812,   1.036,9999.000,9999.000,9999.000,9999.000,9999.000,9999.000,9999.000,9999.000
202606180818,   0.987,9999.000,9999.000,9999.000,9999.000,9999.000,9999.000,9999.000,9999.000
202606180824,   0.940,9999.000,9999.000,9999.000,9999.000,9999.000,9999.000,9999.000,9999.000
202606180830,   0.893,9999.000,9999.000,9999.000,9999.000,9999.000,9999.000,9999.000,9999.000
202606180836,   0.849,9999.000,9999.000,9999.000,9999.000,9999.000,9999.000,9999.000,9999.000
202606180842,   0.807,9999.000,9999.000,9999.000,9999.000,9999.000,9999.000,9999.000,9999.000
202606180848,   0.766,9999.000,9999.000,9999.000,9999.000,9999.000,9999.000,9999.000,9999.000
202606180854,   0.729,9999.000,9999.000,9999.000,9999.000,9999.000,9999.000,9999.000,9999.000
202606180900,   0.694,9999.000,   0.800,  -1.613,  -0.119,   0.700,  -0.219,   0.900,  -0.019
202606180906,   0.662,9999.000,9999.000,9999.000,9999.000,9999.000,9999.000,9999.000,9999.000
202606180912,   0.634,9999.000,9999.000,9999.000,9999.000,9999.000,9999.000,9999.000,9999.000
202606180918,   0.609,9999.000,9999.000,9999.000,9999.000,9999.000,9999.000,9999.000,9999.000
202606180924,   0.589,9999.000,9999.000,9999.000,9999.000,9999.000,9999.000,9999.000,9999.000
202606180930,   0.573,9999.000,9999.000,9999.000,9999.000,9999.000,9999.000,9999.000,9999.000
202606180936,   0.562,9999.000,9999.000,9999.000,9999.000,9999.000,9999.000,9999.000,9999.000
202606180942,   0.557,9999.000,9999.000,9999.000,9999.000,9999.000,9999.000,9999.000,9999.000
202606180948,   0.557,9999.000,9999.000,9999.000,9999.000,9999.000,9999.000,9999.000,9999.000
202606180954,   0.562,9999.000,9999.000,9999.000,9999.000,9999.000,9999.000,9999.000,9999.000
202606181000,   0.573,9999.000,   0.800,  -1.613,  -0.240,   0.700,  -0.340,   0.900,  -0.140
202606181006,   0.591,9999.000,9999.000,9999.000,9999.000,9999.000,9999.000,9999.000,9999.000
202606181012,   0.614,9999.000,9999.000,9999.000,9999.000,9999.000,9999.000,9999.000,9999.000
202606181018,   0.643,9999.000,9999.000,9999.000,9999.000,9999.000,9999.000,9999.000,9999.000
202606181024,   0.679,9999.000,9999.000,9999.000,9999.000,9999.000,9999.000,9999.000,9999.000
202606181030,   0.720,9999.000,9999.000,9999.000,9999.000,9999.000,9999.000,9999.000,9999.000
202606181036,   0.766,9999.000,9999.000,9999.000,9999.000,9999.000,9999.000,9999.000,9999.000
202606181042,   0.818,9999.000,9999.000,9999.000,9999.000,9999.000,9999.000,9999.000,9999.000
202606181048,   0.874,9999.000,9999.000,9999.000,9999.000,9999.000,9999.000,9999.000,9999.000
202606181054,   0.935,9999.000,9999.000,9999.000,9999.000,9999.000,9999.000,9999.000,9999.000
202606181100,   1.000,9999.000,   0.800,  -1.613,   0.187,   0.700,   0.087,   0.900,   0.287
202606181106,   1.069,9999.000,9999.000,9999.000,9999.000,9999.000,9999.000,9999.000,9999.000
202606181112,   1.141,9999.000,9999.000,9999.000,9999.000,9999.000,9999.000,9999.000,9999.000
202606181118,   1.216,9999.000,9999.000,9999.000,9999.000,9999.000,9999.000,9999.000,9999.000
202606181124,   1.293,9999.000,9999.000,9999.000,9999.000,9999.000,9999.000,9999.000,9999.000
202606181130,   1.372,9999.000,9999.000,9999.000,9999.000,9999.000,9999.000,9999.000,9999.000
202606181136,   1.452,9999.000,9999.000,9999.000,9999.000,9999.000,9999.000,9999.000,9999.000
202606181142,   1.533,9999.000,9999.000,9999.000,9999.000,9999.000,9999.000,9999.000,9999.000
202606181148,   1.615,9999.000,9999.000,9999.000,9999.000,9999.000,9999.000,9999.000,9999.000
202606181154,   1.697,9999.000,9999.000,9999.000,9999.000,9999.000,9999.000,9999.000,9999.000
202606181200,   1.778,9999.000,   0.800,  -1.613,   0.965,   0.700,   0.865,   0.900,   1.065
202606181206,   1.858,9999.000,9999.000,9999.000,9999.000,9999.000,9999.000,9999.000,9999.000
202606181212,   1.938,9999.000,9999.000,9999.000,9999.000,9999.000,9999.000,9999.000,9999.000
202606181218,   2.016,9999.000,9999.000,9999.000,9999.000,9999.000,9999.000,9999.000,9999.000
202606181224,   2.093,9999.000,9999.000,9999.000,9999.000,9999.000,9999.000,9999.000,9999.000
202606181230,   2.167,9999.000,9999.000,9999.000,9999.000,9999.000,9999.000,9999.000,9999.000
202606181236,   2.240,9999.000,9999.000,9999.000,9999.000,9999.000,9999.000,9999.000,9999.000
202606181242,   2.310,9999.000,9999.000,9999.000,9999.000,9999.000,9999.000,9999.000,9999.000
202606181248,   2.378,9999.000,9999.000,9999.000,9999.000,9999.000,9999.000,9999.000,9999.000
202606181254,   2.443,9999.000,9999.000,9999.000,9999.000,9999.000,9999.000,9999.000,9999.000
202606181300,   2.505,9999.000,   0.800,  -1.613,   1.692,   0.700,   1.592,   0.900,   1.792
202606181306,   2.565,9999.000,9999.000,9999.000,9999.000,9999.000,9999.000,9999.000,9999.000
202606181312,   2.621,9999.000,9999.000,9999.000,9999.000,9999.000,9999.000,9999.000,9999.000
202606181318,   2.675,9999.000,9999.000,9999.000,9999.000,9999.000,9999.000,9999.000,9999.000
202606181324,   2.726,9999.000,9999.000,9999.000,9999.000,9999.000,9999.000,9999.000,9999.000
202606181330,   2.774,9999.000,9999.000,9999.000,9999.000,9999.000,9999.000,9999.000,9999.000
202606181336,   2.819,9999.000,9999.000,9999.000,9999.000,9999.000,9999.000,9999.000,9999.000
202606181342,   2.861,9999.000,9999.000,9999.000,9999.000,9999.000,9999.000,9999.000,9999.000
202606181348,   2.901,9999.000,9999.000,9999.000,9999.000,9999.000,9999.000,9999.000,9999.000
202606181354,   2.938,9999.000,9999.000,9999.000,9999.000,9999.000,9999.000,9999.000,9999.000
202606181400,   2.972,9999.000,   0.800,  -1.613,   2.159,   0.700,   2.059,   0.900,   2.259
202606181406,   3.003,9999.000,9999.000,9999.000,9999.000,9999.000,9999.000,9999.000,9999.000
202606181412,   3.032,9999.000,9999.000,9999.000,9999.000,9999.000,9999.000,9999.000,9999.000
202606181418,   3.059,9999.000,9999.000,9999.000,9999.000,9999.000,9999.000,9999.000,9999.000
202606181424,   3.083,9999.000,9999.000,9999.000,9999.000,9999.000,9999.000,9999.000,9999.000
202606181430,   3.105,9999.000,9999.000,9999.000,9999.000,9999.000,9999.000,9999.000,9999.000
202606181436,   3.124,9999.000,9999.000,9999.000,9999.000,9999.000,9999.000,9999.000,9999.000
202606181442,   3.142,9999.000,9999.000,9999.000,9999.000,9999.000,9999.000,9999.000,9999.000
202606181448,   3.157,9999.000,9999.000,9999.000,9999.000,9999.000,9999.000,9999.000,9999.000
202606181454,   3.170,9999.000,9999.000,9999.000,9999.000,9999.000,9999.000,9999.000,9999.000
202606181500,   3.181,9999.000,   0.800,  -1.613,   2.368,   0.700,   2.268,   0.900,   2.468
202606181506,   3.190,9999.000,9999.000,9999.000,9999.000,9999.000,9999.000,9999.000,9999.000
202606181512,   3.197,9999.000,9999.000,9999.000,9999.000,9999.000,9999.000,9999.000,9999.000
202606181518,   3.202,9999.000,9999.000,9999.000,9999.000,9999.000,9999.000,9999.000,9999.000
202606181524,   3.205,9999.000,9999.000,9999.000,9999.000,9999.000,9999.000,9999.000,9999.000
202606181530,   3.206,9999.000,9999.000,9999.000,9999.000,9999.000,9999.000,9999.000,9999.000
202606181536,   3.205,9999.000,9999.000,9999.000,9999.000,9999.000,9999.000,9999.000,9999.000
202606181542,   3.202,9999.000,9999.000,9999.000,9999.000,9999.000,9999.000,9999.000,9999.000
202606181548,   3.197,9999.000,9999.000,9999.000,9999.000,9999.000,9999.000,9999.000,9999.000
202606181554,   3.190,9999.000,9999.000,9999.000,9999.000,9999.000,9999.000,9999.000,9999.000
202606181600,   3.180,9999.000,   0.800,  -1.613,   2.367,   0.700,   2.267,   1.000,   2.567
202606181606,   3.169,9999.000,9999.000,9999.000,9999.000,9999.000,9999.000,9999.000,9999.000
202606181612,   3.155,9999.000,9999.000,9999.000,9999.000,9999.000,9999.000,9999.000,9999.000
202606181618,   3.140,9999.000,9999.000,9999.000,9999.000,9999.000,9999.000,9999.000,9999.000
202606181624,   3.122,9999.000,9999.000,9999.000,9999.000,9999.000,9999.000,9999.000,9999.000
202606181630,   3.102,9999.000,9999.000,9999.000,9999.000,9999.000,9999.000,9999.000,9999.000
202606181636,   3.080,9999.000,9999.000,9999.000,9999.000,9999.000,9999.000,9999.000,9999.000
202606181642,   3.055,9999.000,9999.000,9999.000,9999.000,9999.000,9999.000,9999.000,9999.000
202606181648,   3.029,9999.000,9999.000,9999.000,9999.000,9999.000,9999.000,9999.000,9999.000
202606181654,   3.001,9999.000,9999.000,9999.000,9999.000,9999.000,9999.000,9999.000,9999.000
202606181700,   2.971,9999.000,   0.800,  -1.613,   2.158,   0.700,   2.058,   1.000,   2.358
202606181706,   2.939,9999.000,9999.000,9999.000,9999.000,9999.000,9999.000,9999.000,9999.000
202606181712,   2.906,9999.000,9999.000,9999.000,9999.000,9999.000,9999.000,9999.000,9999.000
202606181718,   2.871,9999.000,9999.000,9999.000,9999.000,9999.000,9999.000,9999.000,9999.000
202606181724,   2.834,9999.000,9999.000,9999.000,9999.000,9999.000,9999.000,9999.000,9999.000
202606181730,   2.796,9999.000,9999.000,9999.000,9999.000,9999.000,9999.000,9999.000,9999.000
202606181736,   2.756,9999.000,9999.000,9999.000,9999.000,9999.000,9999.000,9999.000,9999.000
202606181742,   2.716,9999.000,9999.000,9999.000,9999.000,9999.000,9999.000,9999.000,9999.000
202606181748,   2.674,9999.000,9999.000,9999.000,9999.000,9999.000,9999.000,9999.000,9999.000
202606181754,   2.631,9999.000,9999.000,9999.000,9999.000,9999.000,9999.000,9999.000,9999.000
202606181800,   2.587,9999.000,   0.800,  -1.613,   1.774,   0.700,   1.674,   1.000,   1.974
202606181806,   2.543,9999.000,9999.000,9999.000,9999.000,9999.000,9999.000,9999.000,9999.000
202606181812,   2.497,9999.000,9999.000,9999.000,9999.000,9999.000,9999.000,9999.000,9999.000
202606181818,   2.450,9999.000,9999.000,9999.000,9999.000,9999.000,9999.000,9999.000,9999.000
202606181824,   2.403,9999.000,9999.000,9999.000,9999.000,9999.000,9999.000,9999.000,9999.000
202606181830,   2.355,9999.000,9999.000,9999.000,9999.000,9999.000,9999.000,9999.000,9999.000
202606181836,   2.306,9999.000,9999.000,9999.000,9999.000,9999.000,9999.000,9999.000,9999.000
202606181842,   2.256,9999.000,9999.000,9999.000,9999.000,9999.000,9999.000,9999.000,9999.000
202606181848,   2.206,9999.000,9999.000,9999.000,9999.000,9999.000,9999.000,9999.000,9999.000
202606181854,   2.155,9999.000,9999.000,9999.000,9999.000,9999.000,9999.000,9999.000,9999.000
202606181900,   2.103,9999.000,   0.900,  -1.613,   1.390,   0.700,   1.190,   1.000,   1.490
202606181906,   2.050,9999.000,9999.000,9999.000,9999.000,9999.000,9999.000,9999.000,9999.000
202606181912,   1.997,9999.000,9999.000,9999.000,9999.000,9999.000,9999.000,9999.000,9999.000
202606181918,   1.943,9999.000,9999.000,9999.000,9999.000,9999.000,9999.000,9999.000,9999.000
202606181924,   1.888,9999.000,9999.000,9999.000,9999.000,9999.000,9999.000,9999.000,9999.000
202606181930,   1.832,9999.000,9999.000,9999.000,9999.000,9999.000,9999.000,9999.000,9999.000
202606181936,   1.776,9999.000,9999.000,9999.000,9999.000,9999.000,9999.000,9999.000,9999.000
202606181942,   1.720,9999.000,9999.000,9999.000,9999.000,9999.000,9999.000,9999.000,9999.000
202606181948,   1.663,9999.000,9999.000,9999.000,9999.000,9999.000,9999.000,9999.000,9999.000
202606181954,   1.605,9999.000,9999.000,9999.000,9999.000,9999.000,9999.000,9999.000,9999.000
202606182000,   1.547,9999.000,   0.900,  -1.613,   0.834,   0.800,   0.734,   1.000,   0.934
202606182006,   1.488,9999.000,9999.000,9999.000,9999.000,9999.000,9999.000,9999.000,9999.000
202606182012,   1.429,9999.000,9999.000,9999.000,9999.000,9999.000,9999.000,9999.000,9999.000
202606182018,   1.369,9999.000,9999.000,9999.000,9999.000,9999.000,9999.000,9999.000,9999.000
202606182024,   1.309,9999.000,9999.000,9999.000,9999.000,9999.000,9999.000,9999.000,9999.000
202606182030,   1.249,9999.000,9999.000,9999.000,9999.000,9999.000,9999.000,9999.000,9999.000
202606182036,   1.189,9999.000,9999.000,9999.000,9999.000,9999.000,9999.000,9999.000,9999.000
202606182042,   1.129,9999.000,9999.000,9999.000,9999.000,9999.000,9999.000,9999.000,9999.000
202606182048,   1.069,9999.000,9999.000,9999.000,9999.000,9999.000,9999.000,9999.000,9999.000
202606182054,   1.009,9999.000,9999.000,9999.000,9999.000,9999.000,9999.000,9999.000,9999.000
202606182100,   0.949,9999.000,   0.900,  -1.613,   0.236,   0.700,   0.036,   1.000,   0.336
202606182106,   0.890,9999.000,9999.000,9999.000,9999.000,9999.000,9999.000,9999.000,9999.000
202606182112,   0.832,9999.000,9999.000,9999.000,9999.000,9999.000,9999.000,9999.000,9999.000
202606182118,   0.775,9999.000,9999.000,9999.000,9999.000,9999.000,9999.000,9999.000,9999.000
202606182124,   0.720,9999.000,9999.000,9999.000,9999.000,9999.000,9999.000,9999.000,9999.000
202606182130,   0.667,9999.000,9999.000,9999.000,9999.000,9999.000,9999.000,9999.000,9999.000
202606182136,   0.617,9999.000,9999.000,9999.000,9999.000,9999.000,9999.000,9999.000,9999.000
202606182142,   0.569,9999.000,9999.000,9999.000,9999.000,9999.000,9999.000,9999.000,9999.000
202606182148,   0.525,9999.000,9999.000,9999.000,9999.000,9999.000,9999.000,9999.000,9999.000
202606182154,   0.485,9999.000,9999.000,9999.000,9999.000,9999.000,9999.000,9999.000,9999.000
202606182200,   0.450,9999.000,   0.900,  -1.613,  -0.263,   0.700,  -0.463,   1.000,  -0.163
202606182206,   0.419,9999.000,9999.000,9999.000,9999.000,9999.000,9999.000,9999.000,9999.000
202606182212,   0.394,9999.000,9999.000,9999.000,9999.000,9999.000,9999.000,9999.000,9999.000
202606182218,   0.375,9999.000,9999.000,9999.000,9999.000,9999.000,9999.000,9999.000,9999.000
202606182224,   0.363,9999.000,9999.000,9999.000,9999.000,9999.000,9999.000,9999.000,9999.000
202606182230,   0.357,9999.000,9999.000,9999.000,9999.000,9999.000,9999.000,9999.000,9999.000
202606182236,   0.357,9999.000,9999.000,9999.000,9999.000,9999.000,9999.000,9999.000,9999.000
202606182242,   0.365,9999.000,9999.000,9999.000,9999.000,9999.000,9999.000,9999.000,9999.000
202606182248,   0.379,9999.000,9999.000,9999.000,9999.000,9999.000,9999.000,9999.000,9999.000
202606182254,   0.400,9999.000,9999.000,9999.000,9999.000,9999.000,9999.000,9999.000,9999.000
202606182300,   0.428,9999.000,   0.800,  -1.613,  -0.385,   0.700,  -0.485,   1.000,  -0.185
202606182306,   0.463,9999.000,9999.000,9999.000,9999.000,9999.000,9999.000,9999.000,9999.000
202606182312,   0.503,9999.000,9999.000,9999.000,9999.000,9999.000,9999.000,9999.000,9999.000
202606182318,   0.550,9999.000,9999.000,9999.000,9999.000,9999.000,9999.000,9999.000,9999.000
202606182324,   0.601,9999.000,9999.000,9999.000,9999.000,9999.000,9999.000,9999.000,9999.000
202606182330,   0.658,9999.000,9999.000,9999.000,9999.000,9999.000,9999.000,9999.000,9999.000
202606182336,   0.719,9999.000,9999.000,9999.000,9999.000,9999.000,9999.000,9999.000,9999.000
202606182342,   0.785,9999.000,9999.000,9999.000,9999.000,9999.000,9999.000,9999.000,9999.000
202606182348,   0.853,9999.000,9999.000,9999.000,9999.000,9999.000,9999.000,9999.000,9999.000
202606182354,   0.925,9999.000,9999.000,9999.000,9999.000,9999.000,9999.000,9999.000,9999.000
202606190000,   0.999,9999.000,   0.800,  -1.613,   0.186,   0.700,   0.086,   0.900,   0.286
