        TIME,    TIDE,      OB,   SURGE,    BIAS,     TWL,SURGE90p,  TWL90p,SURGE10p,   TWL10p
202606010000,   2.969,   3.529,   0.400,   0.160,   3.529,   0.300,   3.429,   0.400,   3.529
202606010006,   2.959,9999.000,9999.000,9999.000,9999.000,9999.000,9999.000,9999.000,9999.000
202606010012,   2.953,   3.460,9999.000,9999.000,9999.000,9999.000,9999.000,9999.000,9999.000
202606010018,   2.950,9999.000,9999.000,9999.000,9999.000,9999.000,9999.000,9999.000,9999.000
202606010024,   2.949,   3.480,9999.000,9999.000,9999.000,9999.000,9999.000,9999.000,9999.000
202606010030,   2.952,9999.000,9999.000,9999.000,9999.000,9999.000,9999.000,9999.000,9999.000
202606010036,   2.958,   3.450,9999.000,9999.000,9999.000,9999.000,9999.000,9999.000,9999.000
202606010042,   2.967,9999.000,9999.000,9999.000,9999.000,9999.000,9999.000,9999.000,9999.000
202606010048,   2.980,   3.489,9999.000,9999.000,9999.000,9999.000,9999.000,9999.000,9999.000
202606010054,   2.996,9999.000,9999.000,9999.000,9999.000,9999.000,9999.000,9999.000,9999.000
202606010100,   3.015,9999.000,   0.400,9999.000,   3.415,   0.400,   3.415,   0.500,   3.515
202606010106,   3.037,   3.568,9999.000,9999.000,9999.000,9999.000,9999.000,9999.000,9999.000
202606010112,   3.063,   3.607,9999.000,9999.000,9999.000,9999.000,9999.000,9999.000,9999.000
202606010118,   3.092,   3.617,9999.000,9999.000,9999.000,9999.000,9999.000,9999.000,9999.000
202606010124,   3.124,   3.558,9999.000,9999.000,9999.000,9999.000,9999.000,9999.000,9999.000
202606010130,   3.160,   3.627,9999.000,9999.000,9999.000,9999.000,9999.000,9999.000,9999.000
202606010136,   3.199,   3.680,9999.000,9999.000,9999.000,9999.000,9999.000,9999.000,9999.000
202606010142,   3.241,   3.680,9999.000,9999.000,9999.000,9999.000,9999.000,9999.000,9999.000
202606010148,   3.286,   3.778,9999.000,9999.000,9999.000,9999.000,9999.000,9999.000,9999.000
202606010154,   3.334,   3.837,9999.000,9999.000,9999.000,9999.000,9999.000,9999.000,9999.000
202606010200,   3.385,   3.919,   0.400,   0.134,   3.919,   0.400,   3.919,   0.500,   4.019
202606010206,   3.439,   3.929,9999.000,9999.000,9999.000,9999.000,9999.000,9999.000,9999.000
202606010212,   3.495,   4.037,9999.000,9999.000,9999.000,9999.000,9999.000,9999.000,9999.000
202606010218,   3.554,   4.037,9999.000,9999.000,9999.000,9999.000,9999.000,9999.000,9999.000
202606010224,   3.616,   4.149,9999.000,9999.000,9999.000,9999.000,9999.000,9999.000,9999.000
202606010230,   3.679,   4.178,9999.000,9999.000,9999.000,9999.000,9999.000,9999.000,9999.000
202606010236,   3.745,   4.227,9999.000,9999.000,9999.000,9999.000,9999.000,9999.000,9999.000
202606010242,   3.813,   4.339,9999.000,9999.000,9999.000,9999.000,9999.000,9999.000,9999.000
202606010248,   3.883,   4.427,9999.000,9999.000,9999.000,9999.000,9999.000,9999.000,9999.000
202606010254,   3.955,   4.467,9999.000,9999.000,9999.000,9999.000,9999.000,9999.000,9999.000
202606010300,   4.027,   4.509,   0.400,   0.082,   4.509,   0.400,   4.509,   0.500,   4.609
202606010306,   4.102,   4.618,9999.000,9999.000,9999.000,9999.000,9999.000,9999.000,9999.000
202606010312,   4.177,   4.690,9999.000,9999.000,9999.000,9999.000,9999.000,9999.000,9999.000
202606010318,   4.253,   4.808,9999.000,9999.000,9999.000,9999.000,9999.000,9999.000,9999.000
202606010324,   4.330,   4.847,9999.000,9999.000,9999.000,9999.000,9999.000,9999.000,9999.000
202606010330,   4.407,   4.910,9999.000,9999.000,9999.000,9999.000,9999.000,9999.000,9999.000
202606010336,   4.484,   5.038,9999.000,9999.000,9999.000,9999.000,9999.000,9999.000,9999.000
202606010342,   4.562,   5.077,9999.000,9999.000,9999.000,9999.000,9999.000,9999.000,9999.000
202606010348,   4.639,   5.188,9999.000,9999.000,9999.000,9999.000,9999.000,9999.000,9999.000
202606010354,   4.716,   5.257,9999.000,9999.000,9999.000,9999.000,9999.000,9999.000,9999.000
202606010400,   4.792,   5.329,   0.400,   0.137,   5.329,   0.400,   5.329,   0.500,   5.429
202606010406,   4.867,   5.418,9999.000,9999.000,9999.000,9999.000,9999.000,9999.000,9999.000
202606010412,   4.941,   5.438,9999.000,9999.000,9999.000,9999.000,9999.000,9999.000,9999.000
202606010418,   5.014,   5.539,9999.000,9999.000,9999.000,9999.000,9999.000,9999.000,9999.000
202606010424,   5.085,   5.608,9999.000,9999.000,9999.000,9999.000,9999.000,9999.000,9999.000
202606010430,   5.154,   5.628,9999.000,9999.000,9999.000,9999.000,9999.000,9999.000,9999.000
202606010436,   5.221,   5.749,9999.000,9999.000,9999.000,9999.000,9999.000,9999.000,9999.000
202606010442,   5.286,   5.858,9999.000,9999.000,9999.000,9999.000,9999.000,9999.000,9999.000
202606010448,   5.349,   5.828,9999.000,9999.000,9999.000,9999.000,9999.000,9999.000,9999.000
202606010454,   5.409,   5.907,9999.000,9999.000,9999.000,9999.000,9999.000,9999.000,9999.000
202606010500,   5.466,   5.989,   0.400,   0.123,   5.989,   0.400,   5.989,   0.500,   6.089
202606010506,   5.520,   6.048,9999.000,9999.000,9999.000,9999.000,9999.000,9999.000,9999.000
202606010512,   5.570,   6.038,9999.000,9999.000,9999.000,9999.000,9999.000,9999.000,9999.000
202606010518,   5.617,   6.117,9999.000,9999.000,9999.000,9999.000,9999.000,9999.000,9999.000
202606010524,   5.660,   6.127,9999.000,9999.000,9999.000,9999.000,9999.000,9999.000,9999.000
202606010530,   5.700,   6.228,9999.000,9999.000,9999.000,9999.000,9999.000,9999.000,9999.000
202606010536,   5.735,   6.297,9999.000,9999.000,9999.000,9999.000,9999.000,9999.000,9999.000
202606010542,   5.767,   6.218,9999.000,9999.000,9999.000,9999.000,9999.000,9999.000,9999.000
202606010548,   5.794,   6.317,9999.000,9999.000,9999.000,9999.000,9999.000,9999.000,9999.000
202606010554,   5.816,   6.327,9999.000,9999.000,9999.000,9999.000,9999.000,9999.000,9999.000
202606010600,   5.834,   6.359,   0.500,   0.025,   6.359,   0.500,   6.359,   0.500,   6.359
202606010606,   5.847,   6.359,9999.000,9999.000,9999.000,9999.000,9999.000,9999.000,9999.000
202606010612,   5.855,   6.327,9999.000,9999.000,9999.000,9999.000,9999.000,9999.000,9999.000
202606010618,   5.859,   6.379,9999.000,9999.000,9999.000,9999.000,9999.000,9999.000,9999.000
202606010624,   5.857,   6.379,9999.000,9999.000,9999.000,9999.000,9999.000,9999.000,9999.000
202606010630,   5.850,   6.327,9999.000,9999.000,9999.000,9999.000,9999.000,9999.000,9999.000
202606010636,   5.838,   6.359,9999.000,9999.000,9999.000,9999.000,9999.000,9999.000,9999.000
202606010642,   5.821,   6.327,9999.000,9999.000,9999.000,9999.000,9999.000,9999.000,9999.000
202606010648,   5.799,   6.327,9999.000,9999.000,9999.000,9999.000,9999.000,9999.000,9999.000
202606010654,   5.771,   6.248,9999.000,9999.000,9999.000,9999.000,9999.000,9999.000,9999.000
202606010700,   5.738,   6.218,   0.500,  -0.020,   6.218,   0.500,   6.218,   0.600,   6.318
202606010706,   5.700,   6.179,9999.000,9999.000,9999.000,9999.000,9999.000,9999.000,9999.000
202606010712,   5.656,   6.159,9999.000,9999.000,9999.000,9999.000,9999.000,9999.000,9999.000
202606010718,   5.607,   6.077,9999.000,9999.000,9999.000,9999.000,9999.000,9999.000,9999.000
202606010724,   5.553,   6.038,9999.000,9999.000,9999.000,9999.000,9999.000,9999.000,9999.000
202606010730,   5.494,   5.949,9999.000,9999.000,9999.000,9999.000,9999.000,9999.000,9999.000
202606010736,   5.430,   5.917,9999.000,9999.000,9999.000,9999.000,9999.000,9999.000,9999.000
202606010742,   5.360,   5.867,9999.000,9999.000,9999.000,9999.000,9999.000,9999.000,9999.000
202606010748,   5.286,   5.749,9999.000,9999.000,9999.000,9999.000,9999.000,9999.000,9999.000
202606010754,   5.207,   5.697,9999.000,9999.000,9999.000,9999.000,9999.000,9999.000,9999.000
202606010800,   5.123,   5.638,   0.500,   0.015,   5.638,   0.500,   5.638,   0.600,   5.738
202606010806,   5.034,   5.539,9999.000,9999.000,9999.000,9999.000,9999.000,9999.000,9999.000
202606010812,   4.941,   5.389,9999.000,9999.000,9999.000,9999.000,9999.000,9999.000,9999.000
202606010818,   4.843,   5.339,9999.000,9999.000,9999.000,9999.000,9999.000,9999.000,9999.000
202606010824,   4.741,   5.277,9999.000,9999.000,9999.000,9999.000,9999.000,9999.000,9999.000
202606010830,   4.635,   5.159,9999.000,9999.000,9999.000,9999.000,9999.000,9999.000,9999.000
202606010836,   4.525,   5.008,9999.000,9999.000,9999.000,9999.000,9999.000,9999.000,9999.000
202606010842,   4.412,   4.887,9999.000,9999.000,9999.000,9999.000,9999.000,9999.000,9999.000
202606010848,   4.295,   4.778,9999.000,9999.000,9999.000,9999.000,9999.000,9999.000,9999.000
202606010854,   4.174,   4.667,9999.000,9999.000,9999.000,9999.000,9999.000,9999.000,9999.000
202606010900,   4.051,   4.569,   0.600,  -0.082,   4.569,   0.500,   4.469,   0.600,   4.569
202606010906,   3.924,   4.398,9999.000,9999.000,9999.000,9999.000,9999.000,9999.000,9999.000
202606010912,   3.795,   4.290,9999.000,9999.000,9999.000,9999.000,9999.000,9999.000,9999.000
202606010918,   3.663,   4.188,9999.000,9999.000,9999.000,9999.000,9999.000,9999.000,9999.000
202606010924,   3.530,   4.027,9999.000,9999.000,9999.000,9999.000,9999.000,9999.000,9999.000
202606010930,   3.394,   3.919,9999.000,9999.000,9999.000,9999.000,9999.000,9999.000,9999.000
202606010936,   3.256,   3.788,9999.000,9999.000,9999.000,9999.000,9999.000,9999.000,9999.000
202606010942,   3.117,   3.670,9999.000,9999.000,9999.000,9999.000,9999.000,9999.000,9999.000
202606010948,   2.976,   3.470,9999.000,9999.000,9999.000,9999.000,9999.000,9999.000,9999.000
202606010954,   2.835,   3.348,9999.000,9999.000,9999.000,9999.000,9999.000,9999.000,9999.000
202606011000,   2.692,   3.230,   0.500,   0.038,   3.230,   0.500,   3.230,   0.600,   3.330
202606011006,   2.550,   3.129,9999.000,9999.000,9999.000,9999.000,9999.000,9999.000,9999.000
202606011012,   2.407,   2.889,9999.000,9999.000,9999.000,9999.000,9999.000,9999.000,9999.000
202606011018,   2.264,   2.787,9999.000,9999.000,9999.000,9999.000,9999.000,9999.000,9999.000
202606011024,   2.121,   2.640,9999.000,9999.000,9999.000,9999.000,9999.000,9999.000,9999.000
202606011030,   1.979,   2.528,9999.000,9999.000,9999.000,9999.000,9999.000,9999.000,9999.000
202606011036,   1.838,   2.377,9999.000,9999.000,9999.000,9999.000,9999.000,9999.000,9999.000
202606011042,   1.698,   2.259,9999.000,9999.000,9999.000,9999.000,9999.000,9999.000,9999.000
202606011048,   1.559,   2.109,9999.000,9999.000,9999.000,9999.000,9999.000,9999.000,9999.000
202606011054,   1.422,   1.958,9999.000,9999.000,9999.000,9999.000,9999.000,9999.000,9999.000
202606011100,   1.287,   1.800,   0.500,   0.013,   1.800,   0.500,   1.800,   0.600,   1.900
202606011106,   1.154,   1.718,9999.000,9999.000,9999.000,9999.000,9999.000,9999.000,9999.000
202606011112,   1.023,   1.590,9999.000,9999.000,9999.000,9999.000,9999.000,9999.000,9999.000
202606011118,   0.895,   1.439,9999.000,9999.000,9999.000,9999.000,9999.000,9999.000,9999.000
202606011124,   0.770,   1.298,9999.000,9999.000,9999.000,9999.000,9999.000,9999.000,9999.000
202606011130,   0.648,   1.249,9999.000,9999.000,9999.000,9999.000,9999.000,9999.000,9999.000
202606011136,   0.529,   1.118,9999.000,9999.000,9999.000,9999.000,9999.000,9999.000,9999.000
202606011142,   0.414,   0.941,9999.000,9999.000,9999.000,9999.000,9999.000,9999.000,9999.000
202606011148,   0.303,   0.819,9999.000,9999.000,9999.000,9999.000,9999.000,9999.000,9999.000
202606011154,   0.195,   0.760,9999.000,9999.000,9999.000,9999.000,9999.000,9999.000,9999.000
202606011200,   0.092,   0.649,   0.500,   0.057,   0.649,   0.500,   0.649,   0.500,   0.649
202606011206,  -0.006,   0.541,9999.000,9999.000,9999.000,9999.000,9999.000,9999.000,9999.000
202606011212,  -0.100,   0.429,9999.000,9999.000,9999.000,9999.000,9999.000,9999.000,9999.000
202606011218,  -0.189,   0.380,9999.000,9999.000,9999.000,9999.000,9999.000,9999.000,9999.000
202606011224,  -0.274,   0.288,9999.000,9999.000,9999.000,9999.000,9999.000,9999.000,9999.000
202606011230,  -0.353,   0.249,9999.000,9999.000,9999.000,9999.000,9999.000,9999.000,9999.000
202606011236,  -0.428,   0.141,9999.000,9999.000,9999.000,9999.000,9999.000,9999.000,9999.000
202606011242,  -0.497,   0.088,9999.000,9999.000,9999.000,9999.000,9999.000,9999.000,9999.000
202606011248,  -0.561,   0.019,9999.000,9999.000,9999.000,9999.000,9999.000,9999.000,9999.000
202606011254,  -0.619,  -0.059,9999.000,9999.000,9999.000,9999.000,9999.000,9999.000,9999.000
202606011300,  -0.671,  -0.098,   0.500,   0.073,  -0.098,   0.500,  -0.098,   0.600,   0.002
202606011306,  -0.718,  -0.170,9999.000,9999.000,9999.000,9999.000,9999.000,9999.000,9999.000
202606011312,  -0.759,  -0.131,9999.000,9999.000,9999.000,9999.000,9999.000,9999.000,9999.000
202606011318,  -0.794,  -0.259,9999.000,9999.000,9999.000,9999.000,9999.000,9999.000,9999.000
202606011324,  -0.824,  -0.219,9999.000,9999.000,9999.000,9999.000,9999.000,9999.000,9999.000
202606011330,  -0.847,  -0.278,9999.000,9999.000,9999.000,9999.000,9999.000,9999.000,9999.000
202606011336,  -0.865,  -0.259,9999.000,9999.000,9999.000,9999.000,9999.000,9999.000,9999.000
202606011342,  -0.876,  -0.331,9999.000,9999.000,9999.000,9999.000,9999.000,9999.000,9999.000
202606011348,  -0.882,  -0.298,9999.000,9999.000,9999.000,9999.000,9999.000,9999.000,9999.000
202606011354,  -0.882,  -0.308,9999.000,9999.000,9999.000,9999.000,9999.000,9999.000,9999.000
202606011400,  -0.876,  -0.321,   0.500,   0.055,  -0.321,   0.500,  -0.321,   0.600,  -0.221
202606011406,  -0.864,  -0.278,9999.000,9999.000,9999.000,9999.000,9999.000,9999.000,9999.000
202606011412,  -0.847,  -0.239,9999.000,9999.000,9999.000,9999.000,9999.000,9999.000,9999.000
202606011418,  -0.823,  -0.209,9999.000,9999.000,9999.000,9999.000,9999.000,9999.000,9999.000
202606011424,  -0.795,  -0.190,9999.000,9999.000,9999.000,9999.000,9999.000,9999.000,9999.000
202606011430,  -0.761,  -0.141,9999.000,9999.000,9999.000,9999.000,9999.000,9999.000,9999.000
202606011436,  -0.721,  -0.141,9999.000,9999.000,9999.000,9999.000,9999.000,9999.000,9999.000
202606011442,  -0.676,  -0.068,9999.000,9999.000,9999.000,9999.000,9999.000,9999.000,9999.000
202606011448,  -0.627,  -0.068,9999.000,9999.000,9999.000,9999.000,9999.000,9999.000,9999.000
202606011454,  -0.572,   0.000,9999.000,9999.000,9999.000,9999.000,9999.000,9999.000,9999.000
202606011500,  -0.512,   0.059,   0.500,   0.071,   0.059,   0.500,   0.059,   0.600,   0.159
202606011506,  -0.448,   0.141,9999.000,9999.000,9999.000,9999.000,9999.000,9999.000,9999.000
202606011512,  -0.380,   0.209,9999.000,9999.000,9999.000,9999.000,9999.000,9999.000,9999.000
202606011518,  -0.307,   0.278,9999.000,9999.000,9999.000,9999.000,9999.000,9999.000,9999.000
202606011524,  -0.230,   0.370,9999.000,9999.000,9999.000,9999.000,9999.000,9999.000,9999.000
202606011530,  -0.149,   0.380,9999.000,9999.000,9999.000,9999.000,9999.000,9999.000,9999.000
202606011536,  -0.065,   0.488,9999.000,9999.000,9999.000,9999.000,9999.000,9999.000,9999.000
202606011542,   0.022,   0.590,9999.000,9999.000,9999.000,9999.000,9999.000,9999.000,9999.000
202606011548,   0.112,   0.698,9999.000,9999.000,9999.000,9999.000,9999.000,9999.000,9999.000
202606011554,   0.206,   0.770,9999.000,9999.000,9999.000,9999.000,9999.000,9999.000,9999.000
202606011600,   0.303,   0.869,   0.600,  -0.034,   0.869,   0.600,   0.869,   0.600,   0.869
202606011606,   0.402,   0.970,9999.000,9999.000,9999.000,9999.000,9999.000,9999.000,9999.000
202606011612,   0.503,   1.059,9999.000,9999.000,9999.000,9999.000,9999.000,9999.000,9999.000
202606011618,   0.607,   1.170,9999.000,9999.000,9999.000,9999.000,9999.000,9999.000,9999.000
202606011624,   0.712,   1.269,9999.000,9999.000,9999.000,9999.000,9999.000,9999.000,9999.000
202606011630,   0.818,   1.380,9999.000,9999.000,9999.000,9999.000,9999.000,9999.000,9999.000
202606011636,   0.926,   1.508,9999.000,9999.000,9999.000,9999.000,9999.000,9999.000,9999.000
202606011642,   1.035,   1.620,9999.000,9999.000,9999.000,9999.000,9999.000,9999.000,9999.000
202606011648,   1.145,   1.790,9999.000,9999.000,9999.000,9999.000,9999.000,9999.000,9999.000
202606011654,   1.255,   1.840,9999.000,9999.000,9999.000,9999.000,9999.000,9999.000,9999.000
202606011700,   1.365,   1.948,   0.600,  -0.017,   1.948,   0.600,   1.948,   0.600,   1.948
202606011706,   1.476,   2.069,9999.000,9999.000,9999.000,9999.000,9999.000,9999.000,9999.000
202606011712,   1.586,   2.148,9999.000,9999.000,9999.000,9999.000,9999.000,9999.000,9999.000
202606011718,   1.696,   2.299,9999.000,9999.000,9999.000,9999.000,9999.000,9999.000,9999.000
202606011724,   1.805,   2.377,9999.000,9999.000,9999.000,9999.000,9999.000,9999.000,9999.000
202606011730,   1.913,   2.479,9999.000,9999.000,9999.000,9999.000,9999.000,9999.000,9999.000
202606011736,   2.020,   2.568,9999.000,9999.000,9999.000,9999.000,9999.000,9999.000,9999.000
202606011742,   2.126,   2.699,9999.000,9999.000,9999.000,9999.000,9999.000,9999.000,9999.000
202606011748,   2.230,   2.840,9999.000,9999.000,9999.000,9999.000,9999.000,9999.000,9999.000
202606011754,   2.332,   2.879,9999.000,9999.000,9999.000,9999.000,9999.000,9999.000,9999.000
202606011800,   2.432,   3.050,   0.500,   0.118,   3.050,   0.500,   3.050,   0.600,   3.150
202606011806,   2.531,   3.138,9999.000,9999.000,9999.000,9999.000,9999.000,9999.000,9999.000
202606011812,   2.627,   3.240,9999.000,9999.000,9999.000,9999.000,9999.000,9999.000,9999.000
202606011818,   2.720,   3.319,9999.000,9999.000,9999.000,9999.000,9999.000,9999.000,9999.000
202606011824,   2.811,   3.378,9999.000,9999.000,9999.000,9999.000,9999.000,9999.000,9999.000
202606011830,   2.899,   3.509,9999.000,9999.000,9999.000,9999.000,9999.000,9999.000,9999.000
202606011836,   2.984,   3.578,9999.000,9999.000,9999.000,9999.000,9999.000,9999.000,9999.000
202606011842,   3.066,   3.650,9999.000,9999.000,9999.000,9999.000,9999.000,9999.000,9999.000
202606011848,   3.145,   3.739,9999.000,9999.000,9999.000,9999.000,9999.000,9999.000,9999.000
202606011854,   3.220,   3.778,9999.000,9999.000,9999.000,9999.000,9999.000,9999.000,9999.000
202606011900,   3.292,   3.860,   0.500,   0.068,   3.860,   0.500,   3.860,   0.600,   3.960
202606011906,   3.361,   3.919,9999.000,9999.000,9999.000,9999.000,9999.000,9999.000,9999.000
202606011912,   3.426,   3.998,9999.000,9999.000,9999.000,9999.000,9999.000,9999.000,9999.000
202606011918,   3.487,   4.070,9999.000,9999.000,9999.000,9999.000,9999.000,9999.000,9999.000
202606011924,   3.545,   4.129,9999.000,9999.000,9999.000,9999.000,9999.000,9999.000,9999.000
202606011930,   3.598,   4.178,9999.000,9999.000,9999.000,9999.000,9999.000,9999.000,9999.000
202606011936,   3.648,   4.237,9999.000,9999.000,9999.000,9999.000,9999.000,9999.000,9999.000
202606011942,   3.695,   4.290,9999.000,9999.000,9999.000,9999.000,9999.000,9999.000,9999.000
202606011948,   3.737,   4.290,9999.000,9999.000,9999.000,9999.000,9999.000,9999.000,9999.000
202606011954,   3.776,   4.309,9999.000,9999.000,9999.000,9999.000,9999.000,9999.000,9999.000
202606012000,   3.810,   4.398,   0.600,  -0.012,   4.398,   0.500,   4.298,   0.600,   4.398
202606012006,   3.841,   4.447,9999.000,9999.000,9999.000,9999.000,9999.000,9999.000,9999.000
202606012012,   3.868,   4.519,9999.000,9999.000,9999.000,9999.000,9999.000,9999.000,9999.000
202606012018,   3.892,   4.457,9999.000,9999.000,9999.000,9999.000,9999.000,9999.000,9999.000
202606012024,   3.911,   4.447,9999.000,9999.000,9999.000,9999.000,9999.000,9999.000,9999.000
202606012030,   3.927,   4.519,9999.000,9999.000,9999.000,9999.000,9999.000,9999.000,9999.000
202606012036,   3.940,   4.529,9999.000,9999.000,9999.000,9999.000,9999.000,9999.000,9999.000
202606012042,   3.949,   4.559,9999.000,9999.000,9999.000,9999.000,9999.000,9999.000,9999.000
202606012048,   3.954,   4.559,9999.000,9999.000,9999.000,9999.000,9999.000,9999.000,9999.000
202606012054,   3.956,   4.549,9999.000,9999.000,9999.000,9999.000,9999.000,9999.000,9999.000
202606012100,   3.955,   4.598,   0.500,   0.143,   4.598,   0.500,   4.598,   0.600,   4.698
202606012106,   3.951,   4.559,9999.000,9999.000,9999.000,9999.000,9999.000,9999.000,9999.000
202606012112,   3.944,   4.578,9999.000,9999.000,9999.000,9999.000,9999.000,9999.000,9999.000
202606012118,   3.934,   4.549,9999.000,9999.000,9999.000,9999.000,9999.000,9999.000,9999.000
202606012124,   3.921,   4.509,9999.000,9999.000,9999.000,9999.000,9999.000,9999.000,9999.000
202606012130,   3.906,   4.549,9999.000,9999.000,9999.000,9999.000,9999.000,9999.000,9999.000
202606012136,   3.888,   4.519,9999.000,9999.000,9999.000,9999.000,9999.000,9999.000,9999.000
202606012142,   3.868,   4.509,9999.000,9999.000,9999.000,9999.000,9999.000,9999.000,9999.000
202606012148,   3.846,   4.480,9999.000,9999.000,9999.000,9999.000,9999.000,9999.000,9999.000
202606012154,   3.821,   4.418,9999.000,9999.000,9999.000,9999.000,9999.000,9999.000,9999.000
202606012200,   3.795,   4.418,   0.500,   0.123,   4.418,   0.500,   4.418,   0.600,   4.518
202606012206,   3.768,   4.398,9999.000,9999.000,9999.000,9999.000,9999.000,9999.000,9999.000
202606012212,   3.738,   4.378,9999.000,9999.000,9999.000,9999.000,9999.000,9999.000,9999.000
202606012218,   3.708,   4.319,9999.000,9999.000,9999.000,9999.000,9999.000,9999.000,9999.000
202606012224,   3.676,   4.300,9999.000,9999.000,9999.000,9999.000,9999.000,9999.000,9999.000
202606012230,   3.644,   4.257,9999.000,9999.000,9999.000,9999.000,9999.000,9999.000,9999.000
202606012236,   3.610,   4.247,9999.000,9999.000,9999.000,9999.000,9999.000,9999.000,9999.000
202606012242,   3.576,   4.188,9999.000,9999.000,9999.000,9999.000,9999.000,9999.000,9999.000
202606012248,   3.542,   4.178,9999.000,9999.000,9999.000,9999.000,9999.000,9999.000,9999.000
202606012254,   3.508,   4.099,9999.000,9999.000,9999.000,9999.000,9999.000,9999.000,9999.000
202606012300,   3.473,   4.047,   0.600,  -0.026,   4.047,   0.500,   3.947,   0.600,   4.047
202606012306,   3.439,   3.978,9999.000,9999.000,9999.000,9999.000,9999.000,9999.000,9999.000
202606012312,   3.405,   4.037,9999.000,9999.000,9999.000,9999.000,9999.000,9999.000,9999.000
202606012318,   3.371,   3.949,9999.000,9999.000,9999.000,9999.000,9999.000,9999.000,9999.000
202606012324,   3.339,   3.919,9999.000,9999.000,9999.000,9999.000,9999.000,9999.000,9999.000
202606012330,   3.307,   3.899,9999.000,9999.000,9999.000,9999.000,9999.000,9999.000,9999.000
202606012336,   3.276,   3.899,9999.000,9999.000,9999.000,9999.000,9999.000,9999.000,9999.000
202606012342,   3.247,   3.880,9999.000,9999.000,9999.000,9999.000,9999.000,9999.000,9999.000
202606012348,   3.218,   3.798,9999.000,9999.000,9999.000,9999.000,9999.000,9999.000,9999.000
202606012354,   3.192,   3.778,9999.000,9999.000,9999.000,9999.000,9999.000,9999.000,9999.000
202606020000,   3.167,   3.817,   0.500,   0.150,   3.817,   0.500,   3.817,   0.500,   3.817
202606020006,   3.144,   3.729,9999.000,9999.000,9999.000,9999.000,9999.000,9999.000,9999.000
202606020012,   3.123,   3.680,9999.000,9999.000,9999.000,9999.000,9999.000,9999.000,9999.000
202606020018,   3.104,   3.680,9999.000,9999.000,9999.000,9999.000,9999.000,9999.000,9999.000
202606020024,   3.088,   3.689,9999.000,9999.000,9999.000,9999.000,9999.000,9999.000,9999.000
202606020030,   3.073,   3.699,9999.000,9999.000,9999.000,9999.000,9999.000,9999.000,9999.000
202606020036,   3.062,   3.680,9999.000,9999.000,9999.000,9999.000,9999.000,9999.000,9999.000
202606020042,   3.053,   3.627,9999.000,9999.000,9999.000,9999.000,9999.000,9999.000,9999.000
202606020048,   3.046,   3.650,9999.000,9999.000,9999.000,9999.000,9999.000,9999.000,9999.000
202606020054,   3.043,   3.627,9999.000,9999.000,9999.000,9999.000,9999.000,9999.000,9999.000
202606020100,   3.042,   3.627,   0.500,   0.085,   3.627,   0.500,   3.627,   0.600,   3.727
202606020106,   3.045,   3.650,9999.000,9999.000,9999.000,9999.000,9999.000,9999.000,9999.000
202606020112,   3.050,   3.689,9999.000,9999.000,9999.000,9999.000,9999.000,9999.000,9999.000
202606020118,   3.058,   3.617,9999.000,9999.000,9999.000,9999.000,9999.000,9999.000,9999.000
202606020124,   3.070,   3.650,9999.000,9999.000,9999.000,9999.000,9999.000,9999.000,9999.000
202606020130,   3.085,   3.680,9999.000,9999.000,9999.000,9999.000,9999.000,9999.000,9999.000
202606020136,   3.103,   3.650,9999.000,9999.000,9999.000,9999.000,9999.000,9999.000,9999.000
202606020142,   3.124,   3.719,9999.000,9999.000,9999.000,9999.000,9999.000,9999.000,9999.000
202606020148,   3.148,   3.719,9999.000,9999.000,9999.000,9999.000,9999.000,9999.000,9999.000
202606020154,   3.175,   3.768,9999.000,9999.000,9999.000,9999.000,9999.000,9999.000,9999.000
202606020200,   3.206,   3.788,   0.500,   0.082,   3.788,   0.500,   3.788,   0.600,   3.888
202606020206,   3.239,   3.798,9999.000,9999.000,9999.000,9999.000,9999.000,9999.000,9999.000
202606020212,   3.276,   3.798,9999.000,9999.000,9999.000,9999.000,9999.000,9999.000,9999.000
202606020218,   3.315,   3.919,9999.000,9999.000,9999.000,9999.000,9999.000,9999.000,9999.000
202606020224,   3.358,   3.929,9999.000,9999.000,9999.000,9999.000,9999.000,9999.000,9999.000
202606020230,   3.404,   4.008,9999.000,9999.000,9999.000,9999.000,9999.000,9999.000,9999.000
202606020236,   3.452,   4.057,9999.000,9999.000,9999.000,9999.000,9999.000,9999.000,9999.000
202606020242,   3.503,   4.119,9999.000,9999.000,9999.000,9999.000,9999.000,9999.000,9999.000
202606020248,   3.556,   4.178,9999.000,9999.000,9999.000,9999.000,9999.000,9999.000,9999.000
202606020254,   3.612,   4.178,9999.000,9999.000,9999.000,9999.000,9999.000,9999.000,9999.000
202606020300,   3.670,   4.280,   0.500,   0.110,   4.280,   0.500,   4.280,   0.500,   4.280
202606020306,   3.730,   4.349,9999.000,9999.000,9999.000,9999.000,9999.000,9999.000,9999.000
202606020312,   3.793,   4.368,9999.000,9999.000,9999.000,9999.000,9999.000,9999.000,9999.000
202606020318,   3.857,   4.437,9999.000,9999.000,9999.000,9999.000,9999.000,9999.000,9999.000
202606020324,   3.923,   4.588,9999.000,9999.000,9999.000,9999.000,9999.000,9999.000,9999.000
202606020330,   3.991,   4.657,9999.000,9999.000,9999.000,9999.000,9999.000,9999.000,9999.000
202606020336,   4.059,   4.690,9999.000,9999.000,9999.000,9999.000,9999.000,9999.000,9999.000
202606020342,   4.129,   4.719,9999.000,9999.000,9999.000,9999.000,9999.000,9999.000,9999.000
202606020348,   4.201,   4.828,9999.000,9999.000,9999.000,9999.000,9999.000,9999.000,9999.000
202606020354,   4.272,   4.857,9999.000,9999.000,9999.000,9999.000,9999.000,9999.000,9999.000
202606020400,   4.345,   4.929,   0.500,   0.084,   4.929,   0.500,   4.929,   0.600,   5.029
202606020406,   4.418,   4.998,9999.000,9999.000,9999.000,9999.000,9999.000,9999.000,9999.000
202606020412,   4.491,   5.077,9999.000,9999.000,9999.000,9999.000,9999.000,9999.000,9999.000
202606020418,   4.564,   5.169,9999.000,9999.000,9999.000,9999.000,9999.000,9999.000,9999.000
202606020424,   4.637,   5.238,9999.000,9999.000,9999.000,9999.000,9999.000,9999.000,9999.000
202606020430,   4.709,   5.329,9999.000,9999.000,9999.000,9999.000,9999.000,9999.000,9999.000
202606020436,   4.781,   5.389,9999.000,9999.000,9999.000,9999.000,9999.000,9999.000,9999.000
202606020442,   4.851,   5.418,9999.000,9999.000,9999.000,9999.000,9999.000,9999.000,9999.000
202606020448,   4.921,   5.530,9999.000,9999.000,9999.000,9999.000,9999.000,9999.000,9999.000
202606020454,   4.989,   5.618,9999.000,9999.000,9999.000,9999.000,9999.000,9999.000,9999.000
202606020500,   5.056,   5.687,   0.600,   0.031,   5.687,   0.500,   5.587,   0.600,   5.687
202606020506,   5.121,   5.707,9999.000,9999.000,9999.000,9999.000,9999.000,9999.000,9999.000
202606020512,   5.184,   5.759,9999.000,9999.000,9999.000,9999.000,9999.000,9999.000,9999.000
202606020518,   5.245,   5.848,9999.000,9999.000,9999.000,9999.000,9999.000,9999.000,9999.000
202606020524,   5.304,   5.907,9999.000,9999.000,9999.000,9999.000,9999.000,9999.000,9999.000
202606020530,   5.360,   5.969,9999.000,9999.000,9999.000,9999.000,9999.000,9999.000,9999.000
202606020536,   5.413,   6.008,9999.000,9999.000,9999.000,9999.000,9999.000,9999.000,9999.000
202606020542,   5.463,   6.067,9999.000,9999.000,9999.000,9999.000,9999.000,9999.000,9999.000
202606020548,   5.510,   6.097,9999.000,9999.000,9999.000,9999.000,9999.000,9999.000,9999.000
202606020554,   5.554,   6.087,9999.000,9999.000,9999.000,9999.000,9999.000,9999.000,9999.000
202606020600,   5.594,   6.159,   0.500,   0.065,   6.159,   0.500,   6.159,   0.600,   6.259
202606020606,   5.630,   6.228,9999.000,9999.000,9999.000,9999.000,9999.000,9999.000,9999.000
202606020612,   5.663,   6.248,9999.000,9999.000,9999.000,9999.000,9999.000,9999.000,9999.000
202606020618,   5.691,   6.209,9999.000,9999.000,9999.000,9999.000,9999.000,9999.000,9999.000
202606020624,   5.716,   6.287,9999.000,9999.000,9999.000,9999.000,9999.000,9999.000,9999.000
202606020630,   5.736,   6.327,9999.000,9999.000,9999.000,9999.000,9999.000,9999.000,9999.000
202606020636,   5.752,   6.297,9999.000,9999.000,9999.000,9999.000,9999.000,9999.000,9999.000
202606020642,   5.763,   6.277,9999.000,9999.000,9999.000,9999.000,9999.000,9999.000,9999.000
202606020648,   5.769,   6.317,9999.000,9999.000,9999.000,9999.000,9999.000,9999.000,9999.000
202606020654,   5.771,   6.317,9999.000,9999.000,9999.000,9999.000,9999.000,9999.000,9999.000
202606020700,   5.769,   6.287,   0.500,   0.018,   6.287,   0.500,   6.287,   0.500,   6.287
202606020706,   5.761,   6.287,9999.000,9999.000,9999.000,9999.000,9999.000,9999.000,9999.000
202606020712,   5.748,   6.268,9999.000,9999.000,9999.000,9999.000,9999.000,9999.000,9999.000
202606020718,   5.731,   6.297,9999.000,9999.000,9999.000,9999.000,9999.000,9999.000,9999.000
202606020724,   5.708,   6.189,9999.000,9999.000,9999.000,9999.000,9999.000,9999.000,9999.000
202606020730,   5.680,   6.189,9999.000,9999.000,9999.000,9999.000,9999.000,9999.000,9999.000
202606020736,   5.648,   6.179,9999.000,9999.000,9999.000,9999.000,9999.000,9999.000,9999.000
202606020742,   5.610,   6.136,9999.000,9999.000,9999.000,9999.000,9999.000,9999.000,9999.000
202606020748,   5.567,   6.136,9999.000,9999.000,9999.000,9999.000,9999.000,9999.000,9999.000
202606020754,   5.519,   6.077,9999.000,9999.000,9999.000,9999.000,9999.000,9999.000,9999.000
202606020800,   5.466,   5.979,   0.500,   0.013,   5.979,   0.500,   5.979,   0.600,   6.079
202606020806,   5.408,   5.940,9999.000,9999.000,9999.000,9999.000,9999.000,9999.000,9999.000
202606020812,   5.346,   5.858,9999.000,9999.000,9999.000,9999.000,9999.000,9999.000,9999.000
202606020818,   5.278,   5.818,9999.000,9999.000,9999.000,9999.000,9999.000,9999.000,9999.000
202606020824,   5.206,   5.730,9999.000,9999.000,9999.000,9999.000,9999.000,9999.000,9999.000
202606020830,   5.129,   5.707,9999.000,9999.000,9999.000,9999.000,9999.000,9999.000,9999.000
202606020836,   5.047,   5.589,9999.000,9999.000,9999.000,9999.000,9999.000,9999.000,9999.000
202606020842,   4.961,   5.487,9999.000,9999.000,9999.000,9999.000,9999.000,9999.000,9999.000
202606020848,   4.870,   5.428,9999.000,9999.000,9999.000,9999.000,9999.000,9999.000,9999.000
202606020854,   4.776,   5.329,9999.000,9999.000,9999.000,9999.000,9999.000,9999.000,9999.000
202606020900,   4.677,   5.139,   0.500,  -0.038,   5.139,   0.500,   5.139,   0.600,   5.239
202606020906,   4.574,   5.077,9999.000,9999.000,9999.000,9999.000,9999.000,9999.000,9999.000
202606020912,   4.467,   5.008,9999.000,9999.000,9999.000,9999.000,9999.000,9999.000,9999.000
202606020918,   4.357,   4.919,9999.000,9999.000,9999.000,9999.000,9999.000,9999.000,9999.000
202606020924,   4.244,   4.778,9999.000,9999.000,9999.000,9999.000,9999.000,9999.000,9999.000
202606020930,   4.127,   4.647,9999.000,9999.000,9999.000,9999.000,9999.000,9999.000,9999.000
202606020936,   4.007,   4.519,9999.000,9999.000,9999.000,9999.000,9999.000,9999.000,9999.000
202606020942,   3.884,   4.427,9999.000,9999.000,9999.000,9999.000,9999.000,9999.000,9999.000
202606020948,   3.759,   4.280,9999.000,9999.000,9999.000,9999.000,9999.000,9999.000,9999.000
202606020954,   3.631,   4.149,9999.000,9999.000,9999.000,9999.000,9999.000,9999.000,9999.000
202606021000,   3.501,   4.017,   0.500,   0.016,   4.017,   0.500,   4.017,   0.500,   4.017
202606021006,   3.369,   3.929,9999.000,9999.000,9999.000,9999.000,9999.000,9999.000,9999.000
202606021012,   3.235,   3.788,9999.000,9999.000,9999.000,9999.000,9999.000,9999.000,9999.000
202606021018,   3.100,   3.680,9999.000,9999.000,9999.000,9999.000,9999.000,9999.000,9999.000
202606021024,   2.963,   3.509,9999.000,9999.000,9999.000,9999.000,9999.000,9999.000,9999.000
202606021030,   2.826,   3.368,9999.000,9999.000,9999.000,9999.000,9999.000,9999.000,9999.000
202606021036,   2.687,   3.217,9999.000,9999.000,9999.000,9999.000,9999.000,9999.000,9999.000
202606021042,   2.548,   3.129,9999.000,9999.000,9999.000,9999.000,9999.000,9999.000,9999.000
202606021048,   2.409,   2.948,9999.000,9999.000,9999.000,9999.000,9999.000,9999.000,9999.000
202606021054,   2.270,   2.830,9999.000,9999.000,9999.000,9999.000,9999.000,9999.000,9999.000
202606021100,   2.131,   2.689,   0.500,   0.058,   2.689,   0.400,   2.589,   0.500,   2.689
202606021106,   1.993,   2.548,9999.000,9999.000,9999.000,9999.000,9999.000,9999.000,9999.000
202606021112,   1.855,   2.410,9999.000,9999.000,9999.000,9999.000,9999.000,9999.000,9999.000
202606021118,   1.718,   2.318,9999.000,9999.000,9999.000,9999.000,9999.000,9999.000,9999.000
202606021124,   1.583,   2.191,9999.000,9999.000,9999.000,9999.000,9999.000,9999.000,9999.000
202606021130,   1.449,   1.958,9999.000,9999.000,9999.000,9999.000,9999.000,9999.000,9999.000
202606021136,   1.317,   1.899,9999.000,9999.000,9999.000,9999.000,9999.000,9999.000,9999.000
202606021142,   1.187,   1.738,9999.000,9999.000,9999.000,9999.000,9999.000,9999.000,9999.000
202606021148,   1.059,   1.669,9999.000,9999.000,9999.000,9999.000,9999.000,9999.000,9999.000
202606021154,   0.934,   1.528,9999.000,9999.000,9999.000,9999.000,9999.000,9999.000,9999.000
202606021200,   0.811,   1.390,   0.400,   0.179,   1.390,   0.400,   1.390,   0.500,   1.490
202606021206,   0.692,   1.269,9999.000,9999.000,9999.000,9999.000,9999.000,9999.000,9999.000
202606021212,   0.575,   1.170,9999.000,9999.000,9999.000,9999.000,9999.000,9999.000,9999.000
202606021218,   0.462,   1.049,9999.000,9999.000,9999.000,9999.000,9999.000,9999.000,9999.000
202606021224,   0.353,   0.928,9999.000,9999.000,9999.000,9999.000,9999.000,9999.000,9999.000
202606021230,   0.248,   0.819,9999.000,9999.000,9999.000,9999.000,9999.000,9999.000,9999.000
202606021236,   0.146,   0.741,9999.000,9999.000,9999.000,9999.000,9999.000,9999.000,9999.000
202606021242,   0.049,   0.649,9999.000,9999.000,9999.000,9999.000,9999.000,9999.000,9999.000
202606021248,  -0.042,   0.551,9999.000,9999.000,9999.000,9999.000,9999.000,9999.000,9999.000
202606021254,  -0.130,   0.488,9999.000,9999.000,9999.000,9999.000,9999.000,9999.000,9999.000
202606021300,  -0.214,   0.360,   0.500,   0.074,   0.360,   0.400,   0.260,   0.500,   0.360
202606021306,  -0.292,   0.321,9999.000,9999.000,9999.000,9999.000,9999.000,9999.000,9999.000
202606021312,  -0.366,   0.200,9999.000,9999.000,9999.000,9999.000,9999.000,9999.000,9999.000
202606021318,  -0.434,   0.150,9999.000,9999.000,9999.000,9999.000,9999.000,9999.000,9999.000
202606021324,  -0.497,   0.121,9999.000,9999.000,9999.000,9999.000,9999.000,9999.000,9999.000
202606021330,  -0.554,   0.068,9999.000,9999.000,9999.000,9999.000,9999.000,9999.000,9999.000
202606021336,  -0.606,  -0.019,9999.000,9999.000,9999.000,9999.000,9999.000,9999.000,9999.000
202606021342,  -0.653,  -0.029,9999.000,9999.000,9999.000,9999.000,9999.000,9999.000,9999.000
202606021348,  -0.694,  -0.098,9999.000,9999.000,9999.000,9999.000,9999.000,9999.000,9999.000
202606021354,  -0.729,  -0.141,9999.000,9999.000,9999.000,9999.000,9999.000,9999.000,9999.000
202606021400,  -0.759,  -0.180,   0.400,   0.179,  -0.180,   0.400,  -0.180,   0.500,  -0.080
202606021406,  -0.782,  -0.209,9999.000,9999.000,9999.000,9999.000,9999.000,9999.000,9999.000
202606021412,  -0.800,  -0.239,9999.000,9999.000,9999.000,9999.000,9999.000,9999.000,9999.000
202606021418,  -0.813,  -0.209,9999.000,9999.000,9999.000,9999.000,9999.000,9999.000,9999.000
202606021424,  -0.819,  -0.249,9999.000,9999.000,9999.000,9999.000,9999.000,9999.000,9999.000
202606021430,  -0.820,  -0.239,9999.000,9999.000,9999.000,9999.000,9999.000,9999.000,9999.000
202606021436,  -0.815,  -0.278,9999.000,9999.000,9999.000,9999.000,9999.000,9999.000,9999.000
202606021442,  -0.804,  -0.229,9999.000,9999.000,9999.000,9999.000,9999.000,9999.000,9999.000
202606021448,  -0.788,  -0.229,9999.000,9999.000,9999.000,9999.000,9999.000,9999.000,9999.000
202606021454,  -0.766,  -0.209,9999.000,9999.000,9999.000,9999.000,9999.000,9999.000,9999.000
202606021500,  -0.739,  -0.141,   0.400,   0.198,  -0.141,   0.400,  -0.141,   0.500,  -0.041
202606021506,  -0.707,  -0.170,9999.000,9999.000,9999.000,9999.000,9999.000,9999.000,9999.000
202606021512,  -0.669,  -0.121,9999.000,9999.000,9999.000,9999.000,9999.000,9999.000,9999.000
202606021518,  -0.626,  -0.068,9999.000,9999.000,9999.000,9999.000,9999.000,9999.000,9999.000
202606021524,  -0.578,  -0.059,9999.000,9999.000,9999.000,9999.000,9999.000,9999.000,9999.000
202606021530,  -0.526,   0.049,9999.000,9999.000,9999.000,9999.000,9999.000,9999.000,9999.000
202606021536,  -0.468,   0.059,9999.000,9999.000,9999.000,9999.000,9999.000,9999.000,9999.000
202606021542,  -0.407,   0.150,9999.000,9999.000,9999.000,9999.000,9999.000,9999.000,9999.000
202606021548,  -0.341,   0.259,9999.000,9999.000,9999.000,9999.000,9999.000,9999.000,9999.000
202606021554,  -0.270,   0.321,9999.000,9999.000,9999.000,9999.000,9999.000,9999.000,9999.000
202606021600,  -0.196,   0.331,   0.400,   0.127,   0.331,   0.400,   0.331,   0.500,   0.431
202606021606,  -0.118,   0.360,9999.000,9999.000,9999.000,9999.000,9999.000,9999.000,9999.000
202606021612,  -0.036,   0.508,9999.000,9999.000,9999.000,9999.000,9999.000,9999.000,9999.000
202606021618,   0.048,   0.600,9999.000,9999.000,9999.000,9999.000,9999.000,9999.000,9999.000
202606021624,   0.136,   0.741,9999.000,9999.000,9999.000,9999.000,9999.000,9999.000,9999.000
202606021630,   0.227,   0.790,9999.000,9999.000,9999.000,9999.000,9999.000,9999.000,9999.000
202606021636,   0.320,   0.829,9999.000,9999.000,9999.000,9999.000,9999.000,9999.000,9999.000
202606021642,   0.417,   0.961,9999.000,9999.000,9999.000,9999.000,9999.000,9999.000,9999.000
202606021648,   0.515,   1.069,9999.000,9999.000,9999.000,9999.000,9999.000,9999.000,9999.000
202606021654,   0.616,   1.229,9999.000,9999.000,9999.000,9999.000,9999.000,9999.000,9999.000
202606021700,   0.718,   1.338,   0.500,   0.120,   1.338,   0.500,   1.338,   0.500,   1.338
202606021706,   0.821,   1.380,9999.000,9999.000,9999.000,9999.000,9999.000,9999.000,9999.000
202606021712,   0.926,   1.498,9999.000,9999.000,9999.000,9999.000,9999.000,9999.000,9999.000
202606021718,   1.033,   1.571,9999.000,9999.000,9999.000,9999.000,9999.000,9999.000,9999.000
202606021724,   1.139,   1.708,9999.000,9999.000,9999.000,9999.000,9999.000,9999.000,9999.000
202606021730,   1.247,   1.767,9999.000,9999.000,9999.000,9999.000,9999.000,9999.000,9999.000
202606021736,   1.355,   1.948,9999.000,9999.000,9999.000,9999.000,9999.000,9999.000,9999.000
202606021742,   1.463,   2.030,9999.000,9999.000,9999.000,9999.000,9999.000,9999.000,9999.000
202606021748,   1.570,   2.191,9999.000,9999.000,9999.000,9999.000,9999.000,9999.000,9999.000
202606021754,   1.678,   2.299,9999.000,9999.000,9999.000,9999.000,9999.000,9999.000,9999.000
202606021800,   1.785,   2.368,   0.400,   0.183,   2.368,   0.400,   2.368,   0.500,   2.468
202606021806,   1.891,   2.450,9999.000,9999.000,9999.000,9999.000,9999.000,9999.000,9999.000
202606021812,   1.996,   2.558,9999.000,9999.000,9999.000,9999.000,9999.000,9999.000,9999.000
202606021818,   2.100,   2.630,9999.000,9999.000,9999.000,9999.000,9999.000,9999.000,9999.000
202606021824,   2.202,   2.758,9999.000,9999.000,9999.000,9999.000,9999.000,9999.000,9999.000
202606021830,   2.303,   2.889,9999.000,9999.000,9999.000,9999.000,9999.000,9999.000,9999.000
202606021836,   2.402,   2.988,9999.000,9999.000,9999.000,9999.000,9999.000,9999.000,9999.000
202606021842,   2.499,   3.050,9999.000,9999.000,9999.000,9999.000,9999.000,9999.000,9999.000
202606021848,   2.594,   3.119,9999.000,9999.000,9999.000,9999.000,9999.000,9999.000,9999.000
202606021854,   2.686,   3.240,9999.000,9999.000,9999.000,9999.000,9999.000,9999.000,9999.000
202606021900,   2.777,   3.299,   0.400,   0.122,   3.299,   0.400,   3.299,   0.500,   3.399
202606021906,   2.864,   3.460,9999.000,9999.000,9999.000,9999.000,9999.000,9999.000,9999.000
202606021912,   2.949,   3.529,9999.000,9999.000,9999.000,9999.000,9999.000,9999.000,9999.000
202606021918,   3.031,   3.588,9999.000,9999.000,9999.000,9999.000,9999.000,9999.000,9999.000
202606021924,   3.109,   3.650,9999.000,9999.000,9999.000,9999.000,9999.000,9999.000,9999.000
202606021930,   3.185,   3.749,9999.000,9999.000,9999.000,9999.000,9999.000,9999.000,9999.000
202606021936,   3.257,   3.817,9999.000,9999.000,9999.000,9999.000,9999.000,9999.000,9999.000
202606021942,   3.327,   3.847,9999.000,9999.000,9999.000,9999.000,9999.000,9999.000,9999.000
202606021948,   3.392,   3.958,9999.000,9999.000,9999.000,9999.000,9999.000,9999.000,9999.000
202606021954,   3.455,   4.047,9999.000,9999.000,9999.000,9999.000,9999.000,9999.000,9999.000
202606022000,   3.513,   4.057,   0.400,   0.144,   4.057,   0.400,   4.057,   0.500,   4.157
202606022006,   3.568,   4.080,9999.000,9999.000,9999.000,9999.000,9999.000,9999.000,9999.000
202606022012,   3.620,   4.198,9999.000,9999.000,9999.000,9999.000,9999.000,9999.000,9999.000
202606022018,   3.668,   4.227,9999.000,9999.000,9999.000,9999.000,9999.000,9999.000,9999.000
202606022024,   3.712,   4.227,9999.000,9999.000,9999.000,9999.000,9999.000,9999.000,9999.000
202606022030,   3.753,   4.300,9999.000,9999.000,9999.000,9999.000,9999.000,9999.000,9999.000
202606022036,   3.789,   4.368,9999.000,9999.000,9999.000,9999.000,9999.000,9999.000,9999.000
202606022042,   3.823,   4.408,9999.000,9999.000,9999.000,9999.000,9999.000,9999.000,9999.000
202606022048,   3.852,   4.368,9999.000,9999.000,9999.000,9999.000,9999.000,9999.000,9999.000
202606022054,   3.878,   4.388,9999.000,9999.000,9999.000,9999.000,9999.000,9999.000,9999.000
202606022100,   3.900,   4.447,   0.400,   0.147,   4.447,   0.400,   4.447,   0.400,   4.447
202606022106,   3.919,   4.500,9999.000,9999.000,9999.000,9999.000,9999.000,9999.000,9999.000
202606022112,   3.934,   4.509,9999.000,9999.000,9999.000,9999.000,9999.000,9999.000,9999.000
202606022118,   3.946,   4.500,9999.000,9999.000,9999.000,9999.000,9999.000,9999.000,9999.000
202606022124,   3.954,   4.509,9999.000,9999.000,9999.000,9999.000,9999.000,9999.000,9999.000
202606022130,   3.960,   4.519,9999.000,9999.000,9999.000,9999.000,9999.000,9999.000,9999.000
202606022136,   3.962,   4.549,9999.000,9999.000,9999.000,9999.000,9999.000,9999.000,9999.000
202606022142,   3.961,   4.519,9999.000,9999.000,9999.000,9999.000,9999.000,9999.000,9999.000
202606022148,   3.957,   4.480,9999.000,9999.000,9999.000,9999.000,9999.000,9999.000,9999.000
202606022154,   3.950,   4.457,9999.000,9999.000,9999.000,9999.000,9999.000,9999.000,9999.000
202606022200,   3.940,   4.500,   0.400,   0.160,   4.500,   0.400,   4.500,   0.400,   4.500
202606022206,   3.928,   4.480,9999.000,9999.000,9999.000,9999.000,9999.000,9999.000,9999.000
202606022212,   3.913,   4.437,9999.000,9999.000,9999.000,9999.000,9999.000,9999.000,9999.000
202606022218,   3.896,   4.427,9999.000,9999.000,9999.000,9999.000,9999.000,9999.000,9999.000
202606022224,   3.877,   4.368,9999.000,9999.000,9999.000,9999.000,9999.000,9999.000,9999.000
202606022230,   3.856,   4.368,9999.000,9999.000,9999.000,9999.000,9999.000,9999.000,9999.000
202606022236,   3.833,   4.349,9999.000,9999.000,9999.000,9999.000,9999.000,9999.000,9999.000
202606022242,   3.808,   4.339,9999.000,9999.000,9999.000,9999.000,9999.000,9999.000,9999.000
202606022248,   3.782,   4.237,9999.000,9999.000,9999.000,9999.000,9999.000,9999.000,9999.000
202606022254,   3.754,   4.290,9999.000,9999.000,9999.000,9999.000,9999.000,9999.000,9999.000
202606022300,   3.725,   4.257,   0.400,   0.132,   4.257,   0.400,   4.257,   0.400,   4.257
202606022306,   3.695,   4.178,9999.000,9999.000,9999.000,9999.000,9999.000,9999.000,9999.000
202606022312,   3.665,   4.109,9999.000,9999.000,9999.000,9999.000,9999.000,9999.000,9999.000
202606022318,   3.633,   4.129,9999.000,9999.000,9999.000,9999.000,9999.000,9999.000,9999.000
202606022324,   3.601,   4.119,9999.000,9999.000,9999.000,9999.000,9999.000,9999.000,9999.000
202606022330,   3.569,   4.047,9999.000,9999.000,9999.000,9999.000,9999.000,9999.000,9999.000
202606022336,   3.537,   4.090,9999.000,9999.000,9999.000,9999.000,9999.000,9999.000,9999.000
202606022342,   3.504,   4.017,9999.000,9999.000,9999.000,9999.000,9999.000,9999.000,9999.000
202606022348,   3.472,   4.037,9999.000,9999.000,9999.000,9999.000,9999.000,9999.000,9999.000
202606022354,   3.440,   3.939,9999.000,9999.000,9999.000,9999.000,9999.000,9999.000,9999.000
202606030000,   3.409,   3.939,   0.400,   0.130,   3.939,   0.300,   3.839,   0.400,   3.939
202606030006,   3.379,   3.890,9999.000,9999.000,9999.000,9999.000,9999.000,9999.000,9999.000
202606030012,   3.349,   3.827,9999.000,9999.000,9999.000,9999.000,9999.000,9999.000,9999.000
202606030018,   3.321,   3.870,9999.000,9999.000,9999.000,9999.000,9999.000,9999.000,9999.000
202606030024,   3.294,   3.827,9999.000,9999.000,9999.000,9999.000,9999.000,9999.000,9999.000
202606030030,   3.268,   3.739,9999.000,9999.000,9999.000,9999.000,9999.000,9999.000,9999.000
202606030036,   3.244,   3.758,9999.000,9999.000,9999.000,9999.000,9999.000,9999.000,9999.000
202606030042,   3.221,   3.729,9999.000,9999.000,9999.000,9999.000,9999.000,9999.000,9999.000
202606030048,   3.200,   3.637,9999.000,9999.000,9999.000,9999.000,9999.000,9999.000,9999.000
202606030054,   3.182,   3.699,9999.000,9999.000,9999.000,9999.000,9999.000,9999.000,9999.000
202606030100,   3.165,   3.699,   0.400,   0.134,   3.699,   0.400,   3.699,   0.400,   3.699
202606030106,   3.151,   3.689,9999.000,9999.000,9999.000,9999.000,9999.000,9999.000,9999.000
202606030112,   3.140,   3.670,9999.000,9999.000,9999.000,9999.000,9999.000,9999.000,9999.000
202606030118,   3.129,   3.607,9999.000,9999.000,9999.000,9999.000,9999.000,9999.000,9999.000
202606030124,   3.122,   3.588,9999.000,9999.000,9999.000,9999.000,9999.000,9999.000,9999.000
202606030130,   3.117,   3.617,9999.000,9999.000,9999.000,9999.000,9999.000,9999.000,9999.000
202606030136,   3.116,   3.578,9999.000,9999.000,9999.000,9999.000,9999.000,9999.000,9999.000
202606030142,   3.117,   3.627,9999.000,9999.000,9999.000,9999.000,9999.000,9999.000,9999.000
202606030148,   3.120,   3.598,9999.000,9999.000,9999.000,9999.000,9999.000,9999.000,9999.000
202606030154,   3.127,   3.588,9999.000,9999.000,9999.000,9999.000,9999.000,9999.000,9999.000
202606030200,   3.137,   3.627,   0.400,   0.090,   3.627,   0.400,   3.627,   0.400,   3.627
202606030206,   3.149,   3.637,9999.000,9999.000,9999.000,9999.000,9999.000,9999.000,9999.000
202606030212,   3.165,   3.598,9999.000,9999.000,9999.000,9999.000,9999.000,9999.000,9999.000
202606030218,   3.184,   3.670,9999.000,9999.000,9999.000,9999.000,9999.000,9999.000,9999.000
202606030224,   3.205,   3.637,9999.000,9999.000,9999.000,9999.000,9999.000,9999.000,9999.000
202606030230,   3.230,   3.719,9999.000,9999.000,9999.000,9999.000,9999.000,9999.000,9999.000
202606030236,   3.257,   3.739,9999.000,9999.000,9999.000,9999.000,9999.000,9999.000,9999.000
202606030242,   3.288,   3.749,9999.000,9999.000,9999.000,9999.000,9999.000,9999.000,9999.000
202606030248,   3.321,   3.817,9999.000,9999.000,9999.000,9999.000,9999.000,9999.000,9999.000
202606030254,   3.357,   3.827,9999.000,9999.000,9999.000,9999.000,9999.000,9999.000,9999.000
202606030300,   3.396,   3.870,   0.300,   0.174,   3.870,   0.300,   3.870,   0.400,   3.970
202606030306,   3.438,   3.899,9999.000,9999.000,9999.000,9999.000,9999.000,9999.000,9999.000
202606030312,   3.482,   3.968,9999.000,9999.000,9999.000,9999.000,9999.000,9999.000,9999.000
202606030318,   3.529,   3.978,9999.000,9999.000,9999.000,9999.000,9999.000,9999.000,9999.000
202606030324,   3.578,   4.027,9999.000,9999.000,9999.000,9999.000,9999.000,9999.000,9999.000
202606030330,   3.630,   4.099,9999.000,9999.000,9999.000,9999.000,9999.000,9999.000,9999.000
202606030336,   3.684,   4.149,9999.000,9999.000,9999.000,9999.000,9999.000,9999.000,9999.000
202606030342,   3.739,   4.198,9999.000,9999.000,9999.000,9999.000,9999.000,9999.000,9999.000
202606030348,   3.797,   4.237,9999.000,9999.000,9999.000,9999.000,9999.000,9999.000,9999.000
202606030354,   3.857,   4.349,9999.000,9999.000,9999.000,9999.000,9999.000,9999.000,9999.000
202606030400,   3.918,   4.378,   0.400,   0.060,   4.378,   0.400,   4.378,   0.400,   4.378
202606030406,   3.980,   4.447,9999.000,9999.000,9999.000,9999.000,9999.000,9999.000,9999.000
202606030412,   4.044,   4.500,9999.000,9999.000,9999.000,9999.000,9999.000,9999.000,9999.000
202606030418,   4.109,   4.588,9999.000,9999.000,9999.000,9999.000,9999.000,9999.000,9999.000
202606030424,   4.175,   4.637,9999.000,9999.000,9999.000,9999.000,9999.000,9999.000,9999.000
202606030430,   4.241,   4.729,9999.000,9999.000,9999.000,9999.000,9999.000,9999.000,9999.000
202606030436,   4.309,   4.778,9999.000,9999.000,9999.000,9999.000,9999.000,9999.000,9999.000
202606030442,   4.376,   4.828,9999.000,9999.000,9999.000,9999.000,9999.000,9999.000,9999.000
202606030448,   4.444,   4.919,9999.000,9999.000,9999.000,9999.000,9999.000,9999.000,9999.000
202606030454,   4.512,   4.959,9999.000,9999.000,9999.000,9999.000,9999.000,9999.000,9999.000
202606030500,   4.580,   5.077,   0.400,   0.097,   5.077,   0.400,   5.077,   0.400,   5.077
202606030506,   4.647,   5.087,9999.000,9999.000,9999.000,9999.000,9999.000,9999.000,9999.000
202606030512,   4.713,   5.139,9999.000,9999.000,9999.000,9999.000,9999.000,9999.000,9999.000
202606030518,   4.779,   5.238,9999.000,9999.000,9999.000,9999.000,9999.000,9999.000,9999.000
202606030524,   4.844,   5.257,9999.000,9999.000,9999.000,9999.000,9999.000,9999.000,9999.000
202606030530,   4.907,   5.369,9999.000,9999.000,9999.000,9999.000,9999.000,9999.000,9999.000
202606030536,   4.969,   5.379,9999.000,9999.000,9999.000,9999.000,9999.000,9999.000,9999.000
202606030542,   5.030,   5.477,9999.000,9999.000,9999.000,9999.000,9999.000,9999.000,9999.000
202606030548,   5.089,   5.516,9999.000,9999.000,9999.000,9999.000,9999.000,9999.000,9999.000
202606030554,   5.145,   5.559,9999.000,9999.000,9999.000,9999.000,9999.000,9999.000,9999.000
202606030600,   5.200,   5.648,   0.400,   0.048,   5.648,   0.400,   5.648,   0.400,   5.648
202606030606,   5.252,   5.707,9999.000,9999.000,9999.000,9999.000,9999.000,9999.000,9999.000
202606030612,   5.301,   5.749,9999.000,9999.000,9999.000,9999.000,9999.000,9999.000,9999.000
202606030618,   5.348,   5.789,9999.000,9999.000,9999.000,9999.000,9999.000,9999.000,9999.000
202606030624,   5.391,   5.808,9999.000,9999.000,9999.000,9999.000,9999.000,9999.000,9999.000
202606030630,   5.432,   5.828,9999.000,9999.000,9999.000,9999.000,9999.000,9999.000,9999.000
202606030636,   5.469,   5.907,9999.000,9999.000,9999.000,9999.000,9999.000,9999.000,9999.000
202606030642,   5.503,   5.897,9999.000,9999.000,9999.000,9999.000,9999.000,9999.000,9999.000
202606030648,   5.533,   5.940,9999.000,9999.000,9999.000,9999.000,9999.000,9999.000,9999.000
202606030654,   5.560,   5.979,9999.000,9999.000,9999.000,9999.000,9999.000,9999.000,9999.000
202606030700,   5.583,   5.979,   0.400,  -0.004,   5.979,   0.400,   5.979,   0.400,   5.979
202606030706,   5.602,   5.989,9999.000,9999.000,9999.000,9999.000,9999.000,9999.000,9999.000
202606030712,   5.616,   6.018,9999.000,9999.000,9999.000,9999.000,9999.000,9999.000,9999.000
202606030718,   5.627,   5.999,9999.000,9999.000,9999.000,9999.000,9999.000,9999.000,9999.000
202606030724,   5.633,   6.018,9999.000,9999.000,9999.000,9999.000,9999.000,9999.000,9999.000
202606030730,   5.635,   5.979,9999.000,9999.000,9999.000,9999.000,9999.000,9999.000,9999.000
202606030736,   5.632,   6.067,9999.000,9999.000,9999.000,9999.000,9999.000,9999.000,9999.000
202606030742,   5.625,   5.979,9999.000,9999.000,9999.000,9999.000,9999.000,9999.000,9999.000
202606030748,   5.613,   5.999,9999.000,9999.000,9999.000,9999.000,9999.000,9999.000,9999.000
202606030754,   5.597,   5.989,9999.000,9999.000,9999.000,9999.000,9999.000,9999.000,9999.000
202606030800,   5.575,   5.917,   0.400,  -0.058,   5.917,   0.400,   5.917,   0.400,   5.917
202606030806,   5.549,   5.917,9999.000,9999.000,9999.000,9999.000,9999.000,9999.000,9999.000
202606030812,   5.519,   5.858,9999.000,9999.000,9999.000,9999.000,9999.000,9999.000,9999.000
202606030818,   5.483,   5.818,9999.000,9999.000,9999.000,9999.000,9999.000,9999.000,9999.000
202606030824,   5.443,   5.877,9999.000,9999.000,9999.000,9999.000,9999.000,9999.000,9999.000
202606030830,   5.398,   5.749,9999.000,9999.000,9999.000,9999.000,9999.000,9999.000,9999.000
202606030836,   5.348,   5.697,9999.000,9999.000,9999.000,9999.000,9999.000,9999.000,9999.000
202606030842,   5.294,   5.657,9999.000,9999.000,9999.000,9999.000,9999.000,9999.000,9999.000
202606030848,   5.235,   5.638,9999.000,9999.000,9999.000,9999.000,9999.000,9999.000,9999.000
202606030854,   5.171,   5.516,9999.000,9999.000,9999.000,9999.000,9999.000,9999.000,9999.000
202606030900,   5.103,   5.438,   0.400,  -0.065,   5.438,   0.400,   5.438,   0.400,   5.438
202606030906,   5.031,   5.359,9999.000,9999.000,9999.000,9999.000,9999.000,9999.000,9999.000
202606030912,   4.954,   5.297,9999.000,9999.000,9999.000,9999.000,9999.000,9999.000,9999.000
202606030918,   4.872,   5.228,9999.000,9999.000,9999.000,9999.000,9999.000,9999.000,9999.000
202606030924,   4.787,   5.188,9999.000,9999.000,9999.000,9999.000,9999.000,9999.000,9999.000
202606030930,   4.697,   5.067,9999.000,9999.000,9999.000,9999.000,9999.000,9999.000,9999.000
202606030936,   4.604,   4.939,9999.000,9999.000,9999.000,9999.000,9999.000,9999.000,9999.000
202606030942,   4.507,   4.798,9999.000,9999.000,9999.000,9999.000,9999.000,9999.000,9999.000
202606030948,   4.406,   4.729,9999.000,9999.000,9999.000,9999.000,9999.000,9999.000,9999.000
202606030954,   4.302,   4.628,9999.000,9999.000,9999.000,9999.000,9999.000,9999.000,9999.000
202606031000,   4.194,   4.539,   0.400,  -0.055,   4.539,   0.400,   4.539,   0.400,   4.539
202606031006,   4.083,   4.418,9999.000,9999.000,9999.000,9999.000,9999.000,9999.000,9999.000
202606031012,   3.969,   4.368,9999.000,9999.000,9999.000,9999.000,9999.000,9999.000,9999.000
202606031018,   3.852,   4.247,9999.000,9999.000,9999.000,9999.000,9999.000,9999.000,9999.000
202606031024,   3.733,   4.109,9999.000,9999.000,9999.000,9999.000,9999.000,9999.000,9999.000
202606031030,   3.611,   3.988,9999.000,9999.000,9999.000,9999.000,9999.000,9999.000,9999.000
202606031036,   3.487,   3.847,9999.000,9999.000,9999.000,9999.000,9999.000,9999.000,9999.000
202606031042,   3.361,   3.758,9999.000,9999.000,9999.000,9999.000,9999.000,9999.000,9999.000
202606031048,   3.234,   3.617,9999.000,9999.000,9999.000,9999.000,9999.000,9999.000,9999.000
202606031054,   3.104,   3.489,9999.000,9999.000,9999.000,9999.000,9999.000,9999.000,9999.000
202606031100,   2.974,   3.368,   0.400,  -0.006,   3.368,   0.300,   3.268,   0.400,   3.368
202606031106,   2.842,   3.250,9999.000,9999.000,9999.000,9999.000,9999.000,9999.000,9999.000
202606031112,   2.710,   3.158,9999.000,9999.000,9999.000,9999.000,9999.000,9999.000,9999.000
202606031118,   2.577,   2.948,9999.000,9999.000,9999.000,9999.000,9999.000,9999.000,9999.000
202606031124,   2.443,   2.869,9999.000,9999.000,9999.000,9999.000,9999.000,9999.000,9999.000
202606031130,   2.309,   2.699,9999.000,9999.000,9999.000,9999.000,9999.000,9999.000,9999.000
202606031136,   2.176,   2.558,9999.000,9999.000,9999.000,9999.000,9999.000,9999.000,9999.000
202606031142,   2.043,   2.440,9999.000,9999.000,9999.000,9999.000,9999.000,9999.000,9999.000
202606031148,   1.910,   2.328,9999.000,9999.000,9999.000,9999.000,9999.000,9999.000,9999.000
202606031154,   1.779,   2.168,9999.000,9999.000,9999.000,9999.000,9999.000,9999.000,9999.000
202606031200,   1.648,   2.118,   0.400,   0.070,   2.118,   0.300,   2.018,   0.400,   2.118
202606031206,   1.519,   1.938,9999.000,9999.000,9999.000,9999.000,9999.000,9999.000,9999.000
202606031212,   1.392,   1.849,9999.000,9999.000,9999.000,9999.000,9999.000,9999.000,9999.000
202606031218,   1.266,   1.738,9999.000,9999.000,9999.000,9999.000,9999.000,9999.000,9999.000
202606031224,   1.142,   1.649,9999.000,9999.000,9999.000,9999.000,9999.000,9999.000,9999.000
202606031230,   1.021,   1.439,9999.000,9999.000,9999.000,9999.000,9999.000,9999.000,9999.000
202606031236,   0.902,   1.318,9999.000,9999.000,9999.000,9999.000,9999.000,9999.000,9999.000
202606031242,   0.786,   1.220,9999.000,9999.000,9999.000,9999.000,9999.000,9999.000,9999.000
202606031248,   0.674,   1.170,9999.000,9999.000,9999.000,9999.000,9999.000,9999.000,9999.000
202606031254,   0.564,   1.059,9999.000,9999.000,9999.000,9999.000,9999.000,9999.000,9999.000
202606031300,   0.458,   0.898,   0.400,   0.040,   0.898,   0.400,   0.898,   0.400,   0.898
202606031306,   0.355,   0.760,9999.000,9999.000,9999.000,9999.000,9999.000,9999.000,9999.000
202606031312,   0.256,   0.708,9999.000,9999.000,9999.000,9999.000,9999.000,9999.000,9999.000
202606031318,   0.161,   0.610,9999.000,9999.000,9999.000,9999.000,9999.000,9999.000,9999.000
202606031324,   0.071,   0.560,9999.000,9999.000,9999.000,9999.000,9999.000,9999.000,9999.000
202606031330,  -0.014,   0.469,9999.000,9999.000,9999.000,9999.000,9999.000,9999.000,9999.000
202606031336,  -0.096,   0.360,9999.000,9999.000,9999.000,9999.000,9999.000,9999.000,9999.000
202606031342,  -0.173,   0.278,9999.000,9999.000,9999.000,9999.000,9999.000,9999.000,9999.000
202606031348,  -0.245,   0.200,9999.000,9999.000,9999.000,9999.000,9999.000,9999.000,9999.000
202606031354,  -0.313,   0.180,9999.000,9999.000,9999.000,9999.000,9999.000,9999.000,9999.000
202606031400,  -0.375,   0.068,   0.400,   0.043,   0.068,   0.400,   0.068,   0.400,   0.068
202606031406,  -0.432,   0.059,9999.000,9999.000,9999.000,9999.000,9999.000,9999.000,9999.000
202606031412,  -0.484,  -0.049,9999.000,9999.000,9999.000,9999.000,9999.000,9999.000,9999.000
202606031418,  -0.530,  -0.009,9999.000,9999.000,9999.000,9999.000,9999.000,9999.000,9999.000
202606031424,  -0.571,  -0.049,9999.000,9999.000,9999.000,9999.000,9999.000,9999.000,9999.000
202606031430,  -0.607,  -0.150,9999.000,9999.000,9999.000,9999.000,9999.000,9999.000,9999.000
202606031436,  -0.637,  -0.170,9999.000,9999.000,9999.000,9999.000,9999.000,9999.000,9999.000
202606031442,  -0.662,  -0.170,9999.000,9999.000,9999.000,9999.000,9999.000,9999.000,9999.000
202606031448,  -0.681,  -0.229,9999.000,9999.000,9999.000,9999.000,9999.000,9999.000,9999.000
202606031454,  -0.695,  -0.249,9999.000,9999.000,9999.000,9999.000,9999.000,9999.000,9999.000
202606031500,  -0.703,  -0.239,   0.300,   0.164,  -0.239,   0.300,  -0.239,   0.400,  -0.139
202606031506,  -0.705,  -0.249,9999.000,9999.000,9999.000,9999.000,9999.000,9999.000,9999.000
202606031512,  -0.702,  -0.229,9999.000,9999.000,9999.000,9999.000,9999.000,9999.000,9999.000
202606031518,  -0.694,  -0.259,9999.000,9999.000,9999.000,9999.000,9999.000,9999.000,9999.000
202606031524,  -0.680,  -0.229,9999.000,9999.000,9999.000,9999.000,9999.000,9999.000,9999.000
202606031530,  -0.660,  -0.150,9999.000,9999.000,9999.000,9999.000,9999.000,9999.000,9999.000
202606031536,  -0.636,  -0.150,9999.000,9999.000,9999.000,9999.000,9999.000,9999.000,9999.000
202606031542,  -0.606,  -0.180,9999.000,9999.000,9999.000,9999.000,9999.000,9999.000,9999.000
202606031548,  -0.572,  -0.131,9999.000,9999.000,9999.000,9999.000,9999.000,9999.000,9999.000
202606031554,  -0.532,  -0.078,9999.000,9999.000,9999.000,9999.000,9999.000,9999.000,9999.000
202606031600,  -0.488,  -0.029,   0.400,   0.059,  -0.029,   0.400,  -0.029,   0.400,  -0.029
202606031606,  -0.438,   0.019,9999.000,9999.000,9999.000,9999.000,9999.000,9999.000,9999.000
202606031612,  -0.385,   0.049,9999.000,9999.000,9999.000,9999.000,9999.000,9999.000,9999.000
202606031618,  -0.327,   0.131,9999.000,9999.000,9999.000,9999.000,9999.000,9999.000,9999.000
202606031624,  -0.264,   0.190,9999.000,9999.000,9999.000,9999.000,9999.000,9999.000,9999.000
202606031630,  -0.198,   0.239,9999.000,9999.000,9999.000,9999.000,9999.000,9999.000,9999.000
202606031636,  -0.128,   0.321,9999.000,9999.000,9999.000,9999.000,9999.000,9999.000,9999.000
202606031642,  -0.054,   0.370,9999.000,9999.000,9999.000,9999.000,9999.000,9999.000,9999.000
202606031648,   0.023,   0.498,9999.000,9999.000,9999.000,9999.000,9999.000,9999.000,9999.000
202606031654,   0.104,   0.478,9999.000,9999.000,9999.000,9999.000,9999.000,9999.000,9999.000
202606031700,   0.188,   0.619,   0.400,   0.031,   0.619,   0.400,   0.619,   0.400,   0.619
202606031706,   0.274,   0.731,9999.000,9999.000,9999.000,9999.000,9999.000,9999.000,9999.000
202606031712,   0.364,   0.829,9999.000,9999.000,9999.000,9999.000,9999.000,9999.000,9999.000
202606031718,   0.456,   0.849,9999.000,9999.000,9999.000,9999.000,9999.000,9999.000,9999.000
202606031724,   0.550,   0.961,9999.000,9999.000,9999.000,9999.000,9999.000,9999.000,9999.000
202606031730,   0.646,   1.049,9999.000,9999.000,9999.000,9999.000,9999.000,9999.000,9999.000
202606031736,   0.745,   1.220,9999.000,9999.000,9999.000,9999.000,9999.000,9999.000,9999.000
202606031742,   0.844,   1.269,9999.000,9999.000,9999.000,9999.000,9999.000,9999.000,9999.000
202606031748,   0.945,   1.410,9999.000,9999.000,9999.000,9999.000,9999.000,9999.000,9999.000
202606031754,   1.047,   1.449,9999.000,9999.000,9999.000,9999.000,9999.000,9999.000,9999.000
202606031800,   1.151,   1.571,   0.400,   0.020,   1.571,   0.400,   1.571,   0.400,   1.571
202606031806,   1.254,   1.639,9999.000,9999.000,9999.000,9999.000,9999.000,9999.000,9999.000
202606031812,   1.359,   1.758,9999.000,9999.000,9999.000,9999.000,9999.000,9999.000,9999.000
202606031818,   1.463,   1.899,9999.000,9999.000,9999.000,9999.000,9999.000,9999.000,9999.000
202606031824,   1.568,   2.010,9999.000,9999.000,9999.000,9999.000,9999.000,9999.000,9999.000
202606031830,   1.672,   2.049,9999.000,9999.000,9999.000,9999.000,9999.000,9999.000,9999.000
202606031836,   1.776,   2.210,9999.000,9999.000,9999.000,9999.000,9999.000,9999.000,9999.000
202606031842,   1.879,   2.289,9999.000,9999.000,9999.000,9999.000,9999.000,9999.000,9999.000
202606031848,   1.982,   2.420,9999.000,9999.000,9999.000,9999.000,9999.000,9999.000,9999.000
202606031854,   2.083,   2.509,9999.000,9999.000,9999.000,9999.000,9999.000,9999.000,9999.000
202606031900,   2.184,   2.620,   0.400,   0.036,   2.620,   0.400,   2.620,   0.400,   2.620
202606031906,   2.282,   2.689,9999.000,9999.000,9999.000,9999.000,9999.000,9999.000,9999.000
202606031912,   2.380,   2.807,9999.000,9999.000,9999.000,9999.000,9999.000,9999.000,9999.000
202606031918,   2.475,   2.889,9999.000,9999.000,9999.000,9999.000,9999.000,9999.000,9999.000
202606031924,   2.569,   3.017,9999.000,9999.000,9999.000,9999.000,9999.000,9999.000,9999.000
202606031930,   2.660,   3.089,9999.000,9999.000,9999.000,9999.000,9999.000,9999.000,9999.000
202606031936,   2.750,   3.129,9999.000,9999.000,9999.000,9999.000,9999.000,9999.000,9999.000
202606031942,   2.837,   3.230,9999.000,9999.000,9999.000,9999.000,9999.000,9999.000,9999.000
202606031948,   2.921,   3.329,9999.000,9999.000,9999.000,9999.000,9999.000,9999.000,9999.000
202606031954,   3.003,   3.398,9999.000,9999.000,9999.000,9999.000,9999.000,9999.000,9999.000
202606032000,   3.082,   3.480,   0.400,  -0.002,   3.480,   0.400,   3.480,   0.400,   3.480
202606032006,   3.158,   3.499,9999.000,9999.000,9999.000,9999.000,9999.000,9999.000,9999.000
202606032012,   3.231,   3.627,9999.000,9999.000,9999.000,9999.000,9999.000,9999.000,9999.000
202606032018,   3.301,   3.758,9999.000,9999.000,9999.000,9999.000,9999.000,9999.000,9999.000
202606032024,   3.368,   3.768,9999.000,9999.000,9999.000,9999.000,9999.000,9999.000,9999.000
202606032030,   3.431,   3.808,9999.000,9999.000,9999.000,9999.000,9999.000,9999.000,9999.000
202606032036,   3.491,   3.909,9999.000,9999.000,9999.000,9999.000,9999.000,9999.000,9999.000
202606032042,   3.548,   3.949,9999.000,9999.000,9999.000,9999.000,9999.000,9999.000,9999.000
202606032048,   3.601,   3.998,9999.000,9999.000,9999.000,9999.000,9999.000,9999.000,9999.000
202606032054,   3.651,   4.027,9999.000,9999.000,9999.000,9999.000,9999.000,9999.000,9999.000
202606032100,   3.698,   4.090,   0.400,  -0.008,   4.090,   0.400,   4.090,   0.400,   4.090
202606032106,   3.741,   4.129,9999.000,9999.000,9999.000,9999.000,9999.000,9999.000,9999.000
202606032112,   3.780,   4.149,9999.000,9999.000,9999.000,9999.000,9999.000,9999.000,9999.000
202606032118,   3.816,   4.168,9999.000,9999.000,9999.000,9999.000,9999.000,9999.000,9999.000
202606032124,   3.848,   4.208,9999.000,9999.000,9999.000,9999.000,9999.000,9999.000,9999.000
202606032130,   3.877,   4.247,9999.000,9999.000,9999.000,9999.000,9999.000,9999.000,9999.000
202606032136,   3.902,   4.247,9999.000,9999.000,9999.000,9999.000,9999.000,9999.000,9999.000
202606032142,   3.924,   4.300,9999.000,9999.000,9999.000,9999.000,9999.000,9999.000,9999.000
202606032148,   3.942,   4.309,9999.000,9999.000,9999.000,9999.000,9999.000,9999.000,9999.000
202606032154,   3.958,   4.280,9999.000,9999.000,9999.000,9999.000,9999.000,9999.000,9999.000
202606032200,   3.969,   4.349,   0.400,  -0.020,   4.349,   0.300,   4.249,   0.400,   4.349
202606032206,   3.978,   4.300,9999.000,9999.000,9999.000,9999.000,9999.000,9999.000,9999.000
202606032212,   3.983,   4.280,9999.000,9999.000,9999.000,9999.000,9999.000,9999.000,9999.000
202606032218,   3.986,   4.349,9999.000,9999.000,9999.000,9999.000,9999.000,9999.000,9999.000
202606032224,   3.985,   4.339,9999.000,9999.000,9999.000,9999.000,9999.000,9999.000,9999.000
202606032230,   3.982,   4.257,9999.000,9999.000,9999.000,9999.000,9999.000,9999.000,9999.000
202606032236,   3.975,   4.319,9999.000,9999.000,9999.000,9999.000,9999.000,9999.000,9999.000
202606032242,   3.967,   4.267,9999.000,9999.000,9999.000,9999.000,9999.000,9999.000,9999.000
202606032248,   3.955,   4.257,9999.000,9999.000,9999.000,9999.000,9999.000,9999.000,9999.000
202606032254,   3.942,   4.267,9999.000,9999.000,9999.000,9999.000,9999.000,9999.000,9999.000
202606032300,   3.926,   4.208,   0.400,  -0.118,   4.208,   0.300,   4.108,   0.400,   4.208
202606032306,   3.908,   4.218,9999.000,9999.000,9999.000,9999.000,9999.000,9999.000,9999.000
202606032312,   3.887,   4.227,9999.000,9999.000,9999.000,9999.000,9999.000,9999.000,9999.000
202606032318,   3.866,   4.178,9999.000,9999.000,9999.000,9999.000,9999.000,9999.000,9999.000
202606032324,   3.842,   4.168,9999.000,9999.000,9999.000,9999.000,9999.000,9999.000,9999.000
202606032330,   3.817,   4.080,9999.000,9999.000,9999.000,9999.000,9999.000,9999.000,9999.000
202606032336,   3.791,   4.047,9999.000,9999.000,9999.000,9999.000,9999.000,9999.000,9999.000
202606032342,   3.763,   4.080,9999.000,9999.000,9999.000,9999.000,9999.000,9999.000,9999.000
202606032348,   3.735,   4.027,9999.000,9999.000,9999.000,9999.000,9999.000,9999.000,9999.000
202606032354,   3.705,   3.988,9999.000,9999.000,9999.000,9999.000,9999.000,9999.000,9999.000
202606040000,   3.675,   4.017,   0.300,   0.042,   4.017,   0.300,   4.017,   0.400,   4.117
202606040006,   3.645,   3.949,9999.000,9999.000,9999.000,9999.000,9999.000,9999.000,9999.000
202606040012,   3.614,   3.919,9999.000,9999.000,9999.000,9999.000,9999.000,9999.000,9999.000
202606040018,   3.583,   3.890,9999.000,9999.000,9999.000,9999.000,9999.000,9999.000,9999.000
202606040024,   3.552,   3.860,9999.000,9999.000,9999.000,9999.000,9999.000,9999.000,9999.000
202606040030,   3.521,   3.817,9999.000,9999.000,9999.000,9999.000,9999.000,9999.000,9999.000
202606040036,   3.491,   3.827,9999.000,9999.000,9999.000,9999.000,9999.000,9999.000,9999.000
202606040042,   3.461,   3.778,9999.000,9999.000,9999.000,9999.000,9999.000,9999.000,9999.000
202606040048,   3.432,   3.749,9999.000,9999.000,9999.000,9999.000,9999.000,9999.000,9999.000
202606040054,   3.404,   3.758,9999.000,9999.000,9999.000,9999.000,9999.000,9999.000,9999.000
202606040100,   3.377,   3.689,   0.400,  -0.088,   3.689,   0.300,   3.589,   0.400,   3.689
202606040106,   3.351,   3.660,9999.000,9999.000,9999.000,9999.000,9999.000,9999.000,9999.000
202606040112,   3.326,   3.607,9999.000,9999.000,9999.000,9999.000,9999.000,9999.000,9999.000
202606040118,   3.303,   3.650,9999.000,9999.000,9999.000,9999.000,9999.000,9999.000,9999.000
202606040124,   3.281,   3.627,9999.000,9999.000,9999.000,9999.000,9999.000,9999.000,9999.000
202606040130,   3.261,   3.627,9999.000,9999.000,9999.000,9999.000,9999.000,9999.000,9999.000
202606040136,   3.243,   3.548,9999.000,9999.000,9999.000,9999.000,9999.000,9999.000,9999.000
202606040142,   3.227,   3.519,9999.000,9999.000,9999.000,9999.000,9999.000,9999.000,9999.000
202606040148,   3.213,   3.529,9999.000,9999.000,9999.000,9999.000,9999.000,9999.000,9999.000
202606040154,   3.201,   3.539,9999.000,9999.000,9999.000,9999.000,9999.000,9999.000,9999.000
202606040200,   3.192,   3.519,   0.400,  -0.073,   3.519,   0.300,   3.419,   0.400,   3.519
202606040206,   3.185,   3.489,9999.000,9999.000,9999.000,9999.000,9999.000,9999.000,9999.000
202606040212,   3.180,   3.548,9999.000,9999.000,9999.000,9999.000,9999.000,9999.000,9999.000
202606040218,   3.178,   3.470,9999.000,9999.000,9999.000,9999.000,9999.000,9999.000,9999.000
202606040224,   3.179,   3.499,9999.000,9999.000,9999.000,9999.000,9999.000,9999.000,9999.000
202606040230,   3.182,   3.539,9999.000,9999.000,9999.000,9999.000,9999.000,9999.000,9999.000
202606040236,   3.188,   3.558,9999.000,9999.000,9999.000,9999.000,9999.000,9999.000,9999.000
202606040242,   3.197,   3.499,9999.000,9999.000,9999.000,9999.000,9999.000,9999.000,9999.000
202606040248,   3.208,   3.558,9999.000,9999.000,9999.000,9999.000,9999.000,9999.000,9999.000
202606040254,   3.223,   3.529,9999.000,9999.000,9999.000,9999.000,9999.000,9999.000,9999.000
202606040300,   3.240,   3.568,   0.300,   0.028,   3.568,   0.300,   3.568,   0.400,   3.668
202606040306,   3.260,   3.578,9999.000,9999.000,9999.000,9999.000,9999.000,9999.000,9999.000
202606040312,   3.282,   3.607,9999.000,9999.000,9999.000,9999.000,9999.000,9999.000,9999.000
202606040318,   3.308,   3.637,9999.000,9999.000,9999.000,9999.000,9999.000,9999.000,9999.000
202606040324,   3.336,   3.680,9999.000,9999.000,9999.000,9999.000,9999.000,9999.000,9999.000
202606040330,   3.367,   3.719,9999.000,9999.000,9999.000,9999.000,9999.000,9999.000,9999.000
202606040336,   3.400,   3.768,9999.000,9999.000,9999.000,9999.000,9999.000,9999.000,9999.000
202606040342,   3.436,   3.778,9999.000,9999.000,9999.000,9999.000,9999.000,9999.000,9999.000
202606040348,   3.474,   3.788,9999.000,9999.000,9999.000,9999.000,9999.000,9999.000,9999.000
202606040354,   3.515,   3.837,9999.000,9999.000,9999.000,9999.000,9999.000,9999.000,9999.000
202606040400,   3.558,   3.929,   0.300,   0.071,   3.929,   0.300,   3.929,   0.400,   4.029
202606040406,   3.603,   3.958,9999.000,9999.000,9999.000,9999.000,9999.000,9999.000,9999.000
202606040412,   3.650,   4.017,9999.000,9999.000,9999.000,9999.000,9999.000,9999.000,9999.000
202606040418,   3.700,   4.037,9999.000,9999.000,9999.000,9999.000,9999.000,9999.000,9999.000
202606040424,   3.751,   4.099,9999.000,9999.000,9999.000,9999.000,9999.000,9999.000,9999.000
202606040430,   3.804,   4.129,9999.000,9999.000,9999.000,9999.000,9999.000,9999.000,9999.000
202606040436,   3.858,   4.218,9999.000,9999.000,9999.000,9999.000,9999.000,9999.000,9999.000
202606040442,   3.914,   4.290,9999.000,9999.000,9999.000,9999.000,9999.000,9999.000,9999.000
202606040448,   3.971,   4.319,9999.000,9999.000,9999.000,9999.000,9999.000,9999.000,9999.000
202606040454,   4.029,   4.398,9999.000,9999.000,9999.000,9999.000,9999.000,9999.000,9999.000
202606040500,   4.088,   4.427,   0.300,   0.039,   4.427,   0.300,   4.427,   0.400,   4.527
202606040506,   4.148,   4.549,9999.000,9999.000,9999.000,9999.000,9999.000,9999.000,9999.000
202606040512,   4.209,   4.578,9999.000,9999.000,9999.000,9999.000,9999.000,9999.000,9999.000
202606040518,   4.270,   4.628,9999.000,9999.000,9999.000,9999.000,9999.000,9999.000,9999.000
202606040524,   4.331,   4.667,9999.000,9999.000,9999.000,9999.000,9999.000,9999.000,9999.000
202606040530,   4.393,   4.729,9999.000,9999.000,9999.000,9999.000,9999.000,9999.000,9999.000
202606040536,   4.454,   4.798,9999.000,9999.000,9999.000,9999.000,9999.000,9999.000,9999.000
202606040542,   4.515,   4.877,9999.000,9999.000,9999.000,9999.000,9999.000,9999.000,9999.000
202606040548,   4.575,   4.959,9999.000,9999.000,9999.000,9999.000,9999.000,9999.000,9999.000
202606040554,   4.635,   4.969,9999.000,9999.000,9999.000,9999.000,9999.000,9999.000,9999.000
202606040600,   4.694,   5.038,   0.300,   0.044,   5.038,   0.300,   5.038,   0.400,   5.138
202606040606,   4.753,   5.077,9999.000,9999.000,9999.000,9999.000,9999.000,9999.000,9999.000
202606040612,   4.809,   5.139,9999.000,9999.000,9999.000,9999.000,9999.000,9999.000,9999.000
202606040618,   4.865,   5.208,9999.000,9999.000,9999.000,9999.000,9999.000,9999.000,9999.000
202606040624,   4.919,   5.277,9999.000,9999.000,9999.000,9999.000,9999.000,9999.000,9999.000
202606040630,   4.971,   5.267,9999.000,9999.000,9999.000,9999.000,9999.000,9999.000,9999.000
202606040636,   5.021,   5.359,9999.000,9999.000,9999.000,9999.000,9999.000,9999.000,9999.000
202606040642,   5.069,   5.477,9999.000,9999.000,9999.000,9999.000,9999.000,9999.000,9999.000
202606040648,   5.115,   5.467,9999.000,9999.000,9999.000,9999.000,9999.000,9999.000,9999.000
202606040654,   5.158,   5.457,9999.000,9999.000,9999.000,9999.000,9999.000,9999.000,9999.000
202606040700,   5.199,   5.497,   0.300,  -0.002,   5.497,   0.300,   5.497,   0.400,   5.597
202606040706,   5.237,   5.549,9999.000,9999.000,9999.000,9999.000,9999.000,9999.000,9999.000
202606040712,   5.272,   5.598,9999.000,9999.000,9999.000,9999.000,9999.000,9999.000,9999.000
202606040718,   5.304,   5.618,9999.000,9999.000,9999.000,9999.000,9999.000,9999.000,9999.000
202606040724,   5.333,   5.657,9999.000,9999.000,9999.000,9999.000,9999.000,9999.000,9999.000
202606040730,   5.359,   5.608,9999.000,9999.000,9999.000,9999.000,9999.000,9999.000,9999.000
202606040736,   5.381,   5.697,9999.000,9999.000,9999.000,9999.000,9999.000,9999.000,9999.000
202606040742,   5.399,   5.739,9999.000,9999.000,9999.000,9999.000,9999.000,9999.000,9999.000
202606040748,   5.414,   5.717,9999.000,9999.000,9999.000,9999.000,9999.000,9999.000,9999.000
202606040754,   5.425,   5.697,9999.000,9999.000,9999.000,9999.000,9999.000,9999.000,9999.000
202606040800,   5.432,   5.697,   0.400,  -0.135,   5.697,   0.300,   5.597,   0.400,   5.697
202606040806,   5.435,   5.707,9999.000,9999.000,9999.000,9999.000,9999.000,9999.000,9999.000
202606040812,   5.434,   5.687,9999.000,9999.000,9999.000,9999.000,9999.000,9999.000,9999.000
202606040818,   5.429,   5.677,9999.000,9999.000,9999.000,9999.000,9999.000,9999.000,9999.000
202606040824,   5.419,   5.739,9999.000,9999.000,9999.000,9999.000,9999.000,9999.000,9999.000
202606040830,   5.406,   5.677,9999.000,9999.000,9999.000,9999.000,9999.000,9999.000,9999.000
202606040836,   5.388,   5.628,9999.000,9999.000,9999.000,9999.000,9999.000,9999.000,9999.000
202606040842,   5.365,   5.648,9999.000,9999.000,9999.000,9999.000,9999.000,9999.000,9999.000
202606040848,   5.339,   5.608,9999.000,9999.000,9999.000,9999.000,9999.000,9999.000,9999.000
202606040854,   5.307,   5.579,9999.000,9999.000,9999.000,9999.000,9999.000,9999.000,9999.000
202606040900,   5.272,   5.569,   0.400,  -0.103,   5.569,   0.300,   5.469,   0.400,   5.569
202606040906,   5.232,   5.530,9999.000,9999.000,9999.000,9999.000,9999.000,9999.000,9999.000
202606040912,   5.188,   5.467,9999.000,9999.000,9999.000,9999.000,9999.000,9999.000,9999.000
202606040918,   5.139,   5.428,9999.000,9999.000,9999.000,9999.000,9999.000,9999.000,9999.000
202606040924,   5.086,   5.389,9999.000,9999.000,9999.000,9999.000,9999.000,9999.000,9999.000
202606040930,   5.028,   5.267,9999.000,9999.000,9999.000,9999.000,9999.000,9999.000,9999.000
202606040936,   4.967,   5.228,9999.000,9999.000,9999.000,9999.000,9999.000,9999.000,9999.000
202606040942,   4.901,   5.169,9999.000,9999.000,9999.000,9999.000,9999.000,9999.000,9999.000
202606040948,   4.831,   5.077,9999.000,9999.000,9999.000,9999.000,9999.000,9999.000,9999.000
202606040954,   4.757,   5.018,9999.000,9999.000,9999.000,9999.000,9999.000,9999.000,9999.000
202606041000,   4.679,   4.959,   0.300,  -0.020,   4.959,   0.300,   4.959,   0.400,   5.059
202606041006,   4.597,   4.877,9999.000,9999.000,9999.000,9999.000,9999.000,9999.000,9999.000
202606041012,   4.511,   4.749,9999.000,9999.000,9999.000,9999.000,9999.000,9999.000,9999.000
202606041018,   4.422,   4.677,9999.000,9999.000,9999.000,9999.000,9999.000,9999.000,9999.000
202606041024,   4.329,   4.559,9999.000,9999.000,9999.000,9999.000,9999.000,9999.000,9999.000
202606041030,   4.233,   4.500,9999.000,9999.000,9999.000,9999.000,9999.000,9999.000,9999.000
202606041036,   4.133,   4.418,9999.000,9999.000,9999.000,9999.000,9999.000,9999.000,9999.000
202606041042,   4.031,   4.329,9999.000,9999.000,9999.000,9999.000,9999.000,9999.000,9999.000
202606041048,   3.925,   4.178,9999.000,9999.000,9999.000,9999.000,9999.000,9999.000,9999.000
202606041054,   3.817,   4.070,9999.000,9999.000,9999.000,9999.000,9999.000,9999.000,9999.000
202606041100,   3.706,   3.929,   0.300,  -0.077,   3.929,   0.300,   3.929,   0.300,   3.929
202606041106,   3.593,   3.890,9999.000,9999.000,9999.000,9999.000,9999.000,9999.000,9999.000
202606041112,   3.477,   3.768,9999.000,9999.000,9999.000,9999.000,9999.000,9999.000,9999.000
202606041118,   3.360,   3.617,9999.000,9999.000,9999.000,9999.000,9999.000,9999.000,9999.000
202606041124,   3.241,   3.509,9999.000,9999.000,9999.000,9999.000,9999.000,9999.000,9999.000
202606041130,   3.120,   3.378,9999.000,9999.000,9999.000,9999.000,9999.000,9999.000,9999.000
202606041136,   2.997,   3.279,9999.000,9999.000,9999.000,9999.000,9999.000,9999.000,9999.000
202606041142,   2.874,   3.168,9999.000,9999.000,9999.000,9999.000,9999.000,9999.000,9999.000
202606041148,   2.749,   2.997,9999.000,9999.000,9999.000,9999.000,9999.000,9999.000,9999.000
202606041154,   2.624,   2.879,9999.000,9999.000,9999.000,9999.000,9999.000,9999.000,9999.000
202606041200,   2.498,   2.778,   0.300,  -0.020,   2.778,   0.300,   2.778,   0.300,   2.778
202606041206,   2.372,   2.689,9999.000,9999.000,9999.000,9999.000,9999.000,9999.000,9999.000
202606041212,   2.246,   2.548,9999.000,9999.000,9999.000,9999.000,9999.000,9999.000,9999.000
202606041218,   2.120,   2.450,9999.000,9999.000,9999.000,9999.000,9999.000,9999.000,9999.000
202606041224,   1.995,   2.309,9999.000,9999.000,9999.000,9999.000,9999.000,9999.000,9999.000
202606041230,   1.870,   2.148,9999.000,9999.000,9999.000,9999.000,9999.000,9999.000,9999.000
202606041236,   1.746,   2.040,9999.000,9999.000,9999.000,9999.000,9999.000,9999.000,9999.000
202606041242,   1.624,   1.899,9999.000,9999.000,9999.000,9999.000,9999.000,9999.000,9999.000
202606041248,   1.502,   1.859,9999.000,9999.000,9999.000,9999.000,9999.000,9999.000,9999.000
202606041254,   1.383,   1.708,9999.000,9999.000,9999.000,9999.000,9999.000,9999.000,9999.000
202606041300,   1.265,   1.548,   0.300,  -0.017,   1.548,   0.300,   1.548,   0.400,   1.648
202606041306,   1.149,   1.469,9999.000,9999.000,9999.000,9999.000,9999.000,9999.000,9999.000
202606041312,   1.035,   1.390,9999.000,9999.000,9999.000,9999.000,9999.000,9999.000,9999.000
202606041318,   0.924,   1.239,9999.000,9999.000,9999.000,9999.000,9999.000,9999.000,9999.000
202606041324,   0.816,   1.161,9999.000,9999.000,9999.000,9999.000,9999.000,9999.000,9999.000
202606041330,   0.710,   1.069,9999.000,9999.000,9999.000,9999.000,9999.000,9999.000,9999.000
202606041336,   0.608,   0.990,9999.000,9999.000,9999.000,9999.000,9999.000,9999.000,9999.000
202606041342,   0.509,   0.879,9999.000,9999.000,9999.000,9999.000,9999.000,9999.000,9999.000
202606041348,   0.414,   0.780,9999.000,9999.000,9999.000,9999.000,9999.000,9999.000,9999.000
202606041354,   0.322,   0.698,9999.000,9999.000,9999.000,9999.000,9999.000,9999.000,9999.000
202606041400,   0.234,   0.551,   0.300,   0.017,   0.551,   0.300,   0.551,   0.300,   0.551
202606041406,   0.151,   0.488,9999.000,9999.000,9999.000,9999.000,9999.000,9999.000,9999.000
202606041412,   0.071,   0.429,9999.000,9999.000,9999.000,9999.000,9999.000,9999.000,9999.000
202606041418,  -0.003,9999.000,9999.000,9999.000,9999.000,9999.000,9999.000,9999.000,9999.000
202606041424,  -0.074,9999.000,9999.000,9999.000,9999.000,9999.000,9999.000,9999.000,9999.000
202606041430,  -0.140,   0.249,9999.000,9999.000,9999.000,9999.000,9999.000,9999.000,9999.000
202606041436,  -0.201,   0.121,9999.000,9999.000,9999.000,9999.000,9999.000,9999.000,9999.000
202606041442,  -0.258,   0.088,9999.000,9999.000,9999.000,9999.000,9999.000,9999.000,9999.000
202606041448,  -0.310,   0.049,9999.000,9999.000,9999.000,9999.000,9999.000,9999.000,9999.000
202606041454,  -0.356,   0.019,9999.000,9999.000,9999.000,9999.000,9999.000,9999.000,9999.000
202606041500,  -0.398,   0.000,   0.300,   0.098,   0.000,   0.300,   0.000,   0.300,   0.000
202606041506,  -0.434,  -0.059,9999.000,9999.000,9999.000,9999.000,9999.000,9999.000,9999.000
202606041512,  -0.465,  -0.098,9999.000,9999.000,9999.000,9999.000,9999.000,9999.000,9999.000
202606041518,  -0.491,  -0.098,9999.000,9999.000,9999.000,9999.000,9999.000,9999.000,9999.000
202606041524,  -0.512,  -0.160,9999.000,9999.000,9999.000,9999.000,9999.000,9999.000,9999.000
202606041530,  -0.527,  -0.150,9999.000,9999.000,9999.000,9999.000,9999.000,9999.000,9999.000
202606041536,  -0.537,  -0.200,9999.000,9999.000,9999.000,9999.000,9999.000,9999.000,9999.000
202606041542,  -0.542,  -0.160,9999.000,9999.000,9999.000,9999.000,9999.000,9999.000,9999.000
202606041548,  -0.542,  -0.150,9999.000,9999.000,9999.000,9999.000,9999.000,9999.000,9999.000
202606041554,  -0.536,  -0.121,9999.000,9999.000,9999.000,9999.000,9999.000,9999.000,9999.000
202606041600,  -0.525,  -0.141,   0.300,   0.084,  -0.141,   0.300,  -0.141,   0.300,  -0.141
202606041606,  -0.509,  -0.121,9999.000,9999.000,9999.000,9999.000,9999.000,9999.000,9999.000
202606041612,  -0.488,  -0.088,9999.000,9999.000,9999.000,9999.000,9999.000,9999.000,9999.000
202606041618,  -0.462,  -0.078,9999.000,9999.000,9999.000,9999.000,9999.000,9999.000,9999.000
202606041624,  -0.432,  -0.009,9999.000,9999.000,9999.000,9999.000,9999.000,9999.000,9999.000
202606041630,  -0.396,   0.000,9999.000,9999.000,9999.000,9999.000,9999.000,9999.000,9999.000
202606041636,  -0.356,   0.029,9999.000,9999.000,9999.000,9999.000,9999.000,9999.000,9999.000
202606041642,  -0.311,   0.098,9999.000,9999.000,9999.000,9999.000,9999.000,9999.000,9999.000
202606041648,  -0.262,   0.088,9999.000,9999.000,9999.000,9999.000,9999.000,9999.000,9999.000
202606041654,  -0.208,   0.170,9999.000,9999.000,9999.000,9999.000,9999.000,9999.000,9999.000
202606041700,  -0.151,   0.259,   0.300,   0.110,   0.259,   0.300,   0.259,   0.400,   0.359
202606041706,  -0.089,   0.288,9999.000,9999.000,9999.000,9999.000,9999.000,9999.000,9999.000
202606041712,  -0.024,   0.350,9999.000,9999.000,9999.000,9999.000,9999.000,9999.000,9999.000
202606041718,   0.044,   0.449,9999.000,9999.000,9999.000,9999.000,9999.000,9999.000,9999.000
202606041724,   0.117,   0.469,9999.000,9999.000,9999.000,9999.000,9999.000,9999.000,9999.000
202606041730,   0.193,   0.551,9999.000,9999.000,9999.000,9999.000,9999.000,9999.000,9999.000
202606041736,   0.272,   0.678,9999.000,9999.000,9999.000,9999.000,9999.000,9999.000,9999.000
202606041742,   0.354,   0.718,9999.000,9999.000,9999.000,9999.000,9999.000,9999.000,9999.000
202606041748,   0.438,   0.760,9999.000,9999.000,9999.000,9999.000,9999.000,9999.000,9999.000
202606041754,   0.525,   0.918,9999.000,9999.000,9999.000,9999.000,9999.000,9999.000,9999.000
202606041800,   0.615,   0.980,   0.300,   0.065,   0.980,   0.300,   0.980,   0.300,   0.980
202606041806,   0.706,   1.088,9999.000,9999.000,9999.000,9999.000,9999.000,9999.000,9999.000
202606041812,   0.800,   1.118,9999.000,9999.000,9999.000,9999.000,9999.000,9999.000,9999.000
202606041818,   0.895,   1.259,9999.000,9999.000,9999.000,9999.000,9999.000,9999.000,9999.000
202606041824,   0.992,   1.348,9999.000,9999.000,9999.000,9999.000,9999.000,9999.000,9999.000
202606041830,   1.090,   1.528,9999.000,9999.000,9999.000,9999.000,9999.000,9999.000,9999.000
202606041836,   1.189,   1.571,9999.000,9999.000,9999.000,9999.000,9999.000,9999.000,9999.000
202606041842,   1.289,   1.689,9999.000,9999.000,9999.000,9999.000,9999.000,9999.000,9999.000
202606041848,   1.389,   1.790,9999.000,9999.000,9999.000,9999.000,9999.000,9999.000,9999.000
202606041854,   1.490,   1.849,9999.000,9999.000,9999.000,9999.000,9999.000,9999.000,9999.000
202606041900,   1.592,   1.938,   0.300,   0.046,   1.938,   0.300,   1.938,   0.300,   1.938
202606041906,   1.693,   2.049,9999.000,9999.000,9999.000,9999.000,9999.000,9999.000,9999.000
202606041912,   1.794,   2.177,9999.000,9999.000,9999.000,9999.000,9999.000,9999.000,9999.000
202606041918,   1.895,   2.250,9999.000,9999.000,9999.000,9999.000,9999.000,9999.000,9999.000
202606041924,   1.995,   2.358,9999.000,9999.000,9999.000,9999.000,9999.000,9999.000,9999.000
202606041930,   2.094,   2.450,9999.000,9999.000,9999.000,9999.000,9999.000,9999.000,9999.000
202606041936,   2.192,   2.558,9999.000,9999.000,9999.000,9999.000,9999.000,9999.000,9999.000
202606041942,   2.290,   2.640,9999.000,9999.000,9999.000,9999.000,9999.000,9999.000,9999.000
202606041948,   2.386,   2.709,9999.000,9999.000,9999.000,9999.000,9999.000,9999.000,9999.000
202606041954,   2.480,   2.797,9999.000,9999.000,9999.000,9999.000,9999.000,9999.000,9999.000
202606042000,   2.573,   2.899,   0.300,   0.026,   2.899,   0.300,   2.899,   0.400,   2.999
202606042006,   2.664,   3.040,9999.000,9999.000,9999.000,9999.000,9999.000,9999.000,9999.000
202606042012,   2.753,   3.129,9999.000,9999.000,9999.000,9999.000,9999.000,9999.000,9999.000
202606042018,   2.839,   3.168,9999.000,9999.000,9999.000,9999.000,9999.000,9999.000,9999.000
202606042024,   2.924,   3.270,9999.000,9999.000,9999.000,9999.000,9999.000,9999.000,9999.000
202606042030,   3.006,   3.368,9999.000,9999.000,9999.000,9999.000,9999.000,9999.000,9999.000
202606042036,   3.086,   3.358,9999.000,9999.000,9999.000,9999.000,9999.000,9999.000,9999.000
202606042042,   3.163,   3.519,9999.000,9999.000,9999.000,9999.000,9999.000,9999.000,9999.000
202606042048,   3.237,   3.578,9999.000,9999.000,9999.000,9999.000,9999.000,9999.000,9999.000
202606042054,   3.308,   3.650,9999.000,9999.000,9999.000,9999.000,9999.000,9999.000,9999.000
202606042100,   3.377,   3.709,   0.300,   0.032,   3.709,   0.300,   3.709,   0.400,   3.809
202606042106,   3.442,   3.788,9999.000,9999.000,9999.000,9999.000,9999.000,9999.000,9999.000
202606042112,   3.504,   3.899,9999.000,9999.000,9999.000,9999.000,9999.000,9999.000,9999.000
202606042118,   3.563,   3.899,9999.000,9999.000,9999.000,9999.000,9999.000,9999.000,9999.000
202606042124,   3.619,   3.998,9999.000,9999.000,9999.000,9999.000,9999.000,9999.000,9999.000
202606042130,   3.671,   4.037,9999.000,9999.000,9999.000,9999.000,9999.000,9999.000,9999.000
202606042136,   3.721,   4.037,9999.000,9999.000,9999.000,9999.000,9999.000,9999.000,9999.000
202606042142,   3.766,   4.109,9999.000,9999.000,9999.000,9999.000,9999.000,9999.000,9999.000
202606042148,   3.809,   4.159,9999.000,9999.000,9999.000,9999.000,9999.000,9999.000,9999.000
202606042154,   3.847,   4.188,9999.000,9999.000,9999.000,9999.000,9999.000,9999.000,9999.000
202606042200,   3.883,   4.149,   0.300,  -0.034,   4.149,   0.300,   4.149,   0.400,   4.249
202606042206,   3.915,   4.218,9999.000,9999.000,9999.000,9999.000,9999.000,9999.000,9999.000
202606042212,   3.944,   4.309,9999.000,9999.000,9999.000,9999.000,9999.000,9999.000,9999.000
202606042218,   3.969,   4.339,9999.000,9999.000,9999.000,9999.000,9999.000,9999.000,9999.000
202606042224,   3.991,   4.300,9999.000,9999.000,9999.000,9999.000,9999.000,9999.000,9999.000
202606042230,   4.009,   4.290,9999.000,9999.000,9999.000,9999.000,9999.000,9999.000,9999.000
202606042236,   4.024,   4.319,9999.000,9999.000,9999.000,9999.000,9999.000,9999.000,9999.000
202606042242,   4.036,   4.349,9999.000,9999.000,9999.000,9999.000,9999.000,9999.000,9999.000
202606042248,   4.045,   4.368,9999.000,9999.000,9999.000,9999.000,9999.000,9999.000,9999.000
202606042254,   4.051,   4.359,9999.000,9999.000,9999.000,9999.000,9999.000,9999.000,9999.000
202606042300,   4.054,   4.378,   0.300,   0.024,   4.378,   0.300,   4.378,   0.300,   4.378
202606042306,   4.053,   4.388,9999.000,9999.000,9999.000,9999.000,9999.000,9999.000,9999.000
202606042312,   4.050,   4.388,9999.000,9999.000,9999.000,9999.000,9999.000,9999.000,9999.000
202606042318,   4.045,   4.300,9999.000,9999.000,9999.000,9999.000,9999.000,9999.000,9999.000
202606042324,   4.036,   4.349,9999.000,9999.000,9999.000,9999.000,9999.000,9999.000,9999.000
202606042330,   4.025,   4.280,9999.000,9999.000,9999.000,9999.000,9999.000,9999.000,9999.000
202606042336,   4.012,   4.300,9999.000,9999.000,9999.000,9999.000,9999.000,9999.000,9999.000
202606042342,   3.997,   4.319,9999.000,9999.000,9999.000,9999.000,9999.000,9999.000,9999.000
202606042348,   3.979,   4.300,9999.000,9999.000,9999.000,9999.000,9999.000,9999.000,9999.000
202606042354,   3.959,   4.267,9999.000,9999.000,9999.000,9999.000,9999.000,9999.000,9999.000
202606050000,   3.938,   4.227,   0.300,  -0.011,   4.227,   0.300,   4.227,   0.300,   4.227
202606050006,   3.915,   4.168,9999.000,9999.000,9999.000,9999.000,9999.000,9999.000,9999.000
202606050012,   3.890,   4.149,9999.000,9999.000,9999.000,9999.000,9999.000,9999.000,9999.000
202606050018,   3.864,   4.129,9999.000,9999.000,9999.000,9999.000,9999.000,9999.000,9999.000
202606050024,   3.837,   4.080,9999.000,9999.000,9999.000,9999.000,9999.000,9999.000,9999.000
202606050030,   3.809,   4.080,9999.000,9999.000,9999.000,9999.000,9999.000,9999.000,9999.000
202606050036,   3.779,   4.099,9999.000,9999.000,9999.000,9999.000,9999.000,9999.000,9999.000
202606050042,   3.749,   3.998,9999.000,9999.000,9999.000,9999.000,9999.000,9999.000,9999.000
202606050048,   3.719,   4.008,9999.000,9999.000,9999.000,9999.000,9999.000,9999.000,9999.000
202606050054,   3.688,   3.988,9999.000,9999.000,9999.000,9999.000,9999.000,9999.000,9999.000
202606050100,   3.657,   3.958,   0.300,   0.001,   3.958,   0.300,   3.958,   0.400,   4.058
202606050106,   3.625,   3.890,9999.000,9999.000,9999.000,9999.000,9999.000,9999.000,9999.000
202606050112,   3.594,   3.949,9999.000,9999.000,9999.000,9999.000,9999.000,9999.000,9999.000
202606050118,   3.563,   3.890,9999.000,9999.000,9999.000,9999.000,9999.000,9999.000,9999.000
202606050124,   3.533,   3.847,9999.000,9999.000,9999.000,9999.000,9999.000,9999.000,9999.000
202606050130,   3.503,   3.778,9999.000,9999.000,9999.000,9999.000,9999.000,9999.000,9999.000
202606050136,   3.474,   3.729,9999.000,9999.000,9999.000,9999.000,9999.000,9999.000,9999.000
202606050142,   3.445,   3.709,9999.000,9999.000,9999.000,9999.000,9999.000,9999.000,9999.000
202606050148,   3.418,   3.689,9999.000,9999.000,9999.000,9999.000,9999.000,9999.000,9999.000
202606050154,   3.392,   3.719,9999.000,9999.000,9999.000,9999.000,9999.000,9999.000,9999.000
202606050200,   3.367,   3.650,   0.300,  -0.017,   3.650,   0.300,   3.650,   0.400,   3.750
202606050206,   3.344,   3.637,9999.000,9999.000,9999.000,9999.000,9999.000,9999.000,9999.000
202606050212,   3.322,   3.617,9999.000,9999.000,9999.000,9999.000,9999.000,9999.000,9999.000
202606050218,   3.302,   3.568,9999.000,9999.000,9999.000,9999.000,9999.000,9999.000,9999.000
202606050224,   3.284,   3.568,9999.000,9999.000,9999.000,9999.000,9999.000,9999.000,9999.000
202606050230,   3.267,   3.548,9999.000,9999.000,9999.000,9999.000,9999.000,9999.000,9999.000
202606050236,   3.253,   3.519,9999.000,9999.000,9999.000,9999.000,9999.000,9999.000,9999.000
202606050242,   3.241,   3.509,9999.000,9999.000,9999.000,9999.000,9999.000,9999.000,9999.000
202606050248,   3.231,   3.568,9999.000,9999.000,9999.000,9999.000,9999.000,9999.000,9999.000
202606050254,   3.223,   3.558,9999.000,9999.000,9999.000,9999.000,9999.000,9999.000,9999.000
202606050300,   3.218,   3.499,   0.300,  -0.019,   3.499,   0.300,   3.499,   0.300,   3.499
202606050306,   3.215,   3.529,9999.000,9999.000,9999.000,9999.000,9999.000,9999.000,9999.000
202606050312,   3.215,   3.539,9999.000,9999.000,9999.000,9999.000,9999.000,9999.000,9999.000
202606050318,   3.217,   3.519,9999.000,9999.000,9999.000,9999.000,9999.000,9999.000,9999.000
202606050324,   3.221,   3.548,9999.000,9999.000,9999.000,9999.000,9999.000,9999.000,9999.000
202606050330,   3.228,   3.558,9999.000,9999.000,9999.000,9999.000,9999.000,9999.000,9999.000
202606050336,   3.238,   3.539,9999.000,9999.000,9999.000,9999.000,9999.000,9999.000,9999.000
202606050342,   3.250,   3.548,9999.000,9999.000,9999.000,9999.000,9999.000,9999.000,9999.000
202606050348,   3.265,   3.588,9999.000,9999.000,9999.000,9999.000,9999.000,9999.000,9999.000
202606050354,   3.283,   3.558,9999.000,9999.000,9999.000,9999.000,9999.000,9999.000,9999.000
202606050400,   3.303,   3.588,   0.300,  -0.015,   3.588,   0.300,   3.588,   0.400,   3.688
202606050406,   3.325,   3.598,9999.000,9999.000,9999.000,9999.000,9999.000,9999.000,9999.000
202606050412,   3.350,   3.680,9999.000,9999.000,9999.000,9999.000,9999.000,9999.000,9999.000
202606050418,   3.377,   3.650,9999.000,9999.000,9999.000,9999.000,9999.000,9999.000,9999.000
202606050424,   3.407,   3.689,9999.000,9999.000,9999.000,9999.000,9999.000,9999.000,9999.000
202606050430,   3.439,   3.699,9999.000,9999.000,9999.000,9999.000,9999.000,9999.000,9999.000
202606050436,   3.473,   3.778,9999.000,9999.000,9999.000,9999.000,9999.000,9999.000,9999.000
202606050442,   3.510,   3.788,9999.000,9999.000,9999.000,9999.000,9999.000,9999.000,9999.000
202606050448,   3.548,   3.817,9999.000,9999.000,9999.000,9999.000,9999.000,9999.000,9999.000
202606050454,   3.588,   3.880,9999.000,9999.000,9999.000,9999.000,9999.000,9999.000,9999.000
202606050500,   3.631,   3.919,   0.300,  -0.012,   3.919,   0.300,   3.919,   0.400,   4.019
202606050506,   3.675,   3.958,9999.000,9999.000,9999.000,9999.000,9999.000,9999.000,9999.000
202606050512,   3.720,   3.998,9999.000,9999.000,9999.000,9999.000,9999.000,9999.000,9999.000
202606050518,   3.767,   4.008,9999.000,9999.000,9999.000,9999.000,9999.000,9999.000,9999.000
202606050524,   3.815,   4.129,9999.000,9999.000,9999.000,9999.000,9999.000,9999.000,9999.000
202606050530,   3.865,   4.090,9999.000,9999.000,9999.000,9999.000,9999.000,9999.000,9999.000
202606050536,   3.916,   4.218,9999.000,9999.000,9999.000,9999.000,9999.000,9999.000,9999.000
202606050542,   3.967,   4.218,9999.000,9999.000,9999.000,9999.000,9999.000,9999.000,9999.000
202606050548,   4.020,   4.290,9999.000,9999.000,9999.000,9999.000,9999.000,9999.000,9999.000
202606050554,   4.073,   4.329,9999.000,9999.000,9999.000,9999.000,9999.000,9999.000,9999.000
202606050600,   4.126,   4.368,   0.300,  -0.058,   4.368,   0.300,   4.368,   0.400,   4.468
202606050606,   4.180,   4.427,9999.000,9999.000,9999.000,9999.000,9999.000,9999.000,9999.000
202606050612,   4.234,   4.480,9999.000,9999.000,9999.000,9999.000,9999.000,9999.000,9999.000
202606050618,   4.288,   4.539,9999.000,9999.000,9999.000,9999.000,9999.000,9999.000,9999.000
202606050624,   4.342,   4.598,9999.000,9999.000,9999.000,9999.000,9999.000,9999.000,9999.000
202606050630,   4.395,   4.637,9999.000,9999.000,9999.000,9999.000,9999.000,9999.000,9999.000
202606050636,   4.448,   4.710,9999.000,9999.000,9999.000,9999.000,9999.000,9999.000,9999.000
202606050642,   4.500,   4.719,9999.000,9999.000,9999.000,9999.000,9999.000,9999.000,9999.000
202606050648,   4.552,   4.808,9999.000,9999.000,9999.000,9999.000,9999.000,9999.000,9999.000
202606050654,   4.602,   4.769,9999.000,9999.000,9999.000,9999.000,9999.000,9999.000,9999.000
202606050700,   4.651,   4.910,   0.300,  -0.041,   4.910,   0.300,   4.910,   0.400,   5.010
202606050706,   4.699,   4.949,9999.000,9999.000,9999.000,9999.000,9999.000,9999.000,9999.000
202606050712,   4.745,   4.969,9999.000,9999.000,9999.000,9999.000,9999.000,9999.000,9999.000
202606050718,   4.790,   5.028,9999.000,9999.000,9999.000,9999.000,9999.000,9999.000,9999.000
202606050724,   4.833,   5.077,9999.000,9999.000,9999.000,9999.000,9999.000,9999.000,9999.000
202606050730,   4.873,   5.120,9999.000,9999.000,9999.000,9999.000,9999.000,9999.000,9999.000
202606050736,   4.912,   5.169,9999.000,9999.000,9999.000,9999.000,9999.000,9999.000,9999.000
202606050742,   4.948,   5.149,9999.000,9999.000,9999.000,9999.000,9999.000,9999.000,9999.000
202606050748,   4.982,   5.257,9999.000,9999.000,9999.000,9999.000,9999.000,9999.000,9999.000
202606050754,   5.014,   5.247,9999.000,9999.000,9999.000,9999.000,9999.000,9999.000,9999.000
202606050800,   5.042,   5.320,   0.300,  -0.022,   5.320,   0.300,   5.320,   0.400,   5.420
202606050806,   5.068,   5.320,9999.000,9999.000,9999.000,9999.000,9999.000,9999.000,9999.000
202606050812,   5.091,   5.369,9999.000,9999.000,9999.000,9999.000,9999.000,9999.000,9999.000
202606050818,   5.110,   5.339,9999.000,9999.000,9999.000,9999.000,9999.000,9999.000,9999.000
202606050824,   5.127,   5.379,9999.000,9999.000,9999.000,9999.000,9999.000,9999.000,9999.000
202606050830,   5.140,   5.418,9999.000,9999.000,9999.000,9999.000,9999.000,9999.000,9999.000
202606050836,   5.150,   5.408,9999.000,9999.000,9999.000,9999.000,9999.000,9999.000,9999.000
202606050842,   5.156,   5.418,9999.000,9999.000,9999.000,9999.000,9999.000,9999.000,9999.000
202606050848,   5.158,   5.369,9999.000,9999.000,9999.000,9999.000,9999.000,9999.000,9999.000
202606050854,   5.157,   5.359,9999.000,9999.000,9999.000,9999.000,9999.000,9999.000,9999.000
202606050900,   5.153,   5.428,   0.300,  -0.025,   5.428,   0.300,   5.428,   0.400,   5.528
202606050906,   5.144,   5.389,9999.000,9999.000,9999.000,9999.000,9999.000,9999.000,9999.000
202606050912,   5.131,   5.369,9999.000,9999.000,9999.000,9999.000,9999.000,9999.000,9999.000
202606050918,   5.115,   5.389,9999.000,9999.000,9999.000,9999.000,9999.000,9999.000,9999.000
202606050924,   5.094,   5.329,9999.000,9999.000,9999.000,9999.000,9999.000,9999.000,9999.000
202606050930,   5.070,   5.339,9999.000,9999.000,9999.000,9999.000,9999.000,9999.000,9999.000
202606050936,   5.042,   5.320,9999.000,9999.000,9999.000,9999.000,9999.000,9999.000,9999.000
202606050942,   5.009,   5.287,9999.000,9999.000,9999.000,9999.000,9999.000,9999.000,9999.000
202606050948,   4.973,   5.247,9999.000,9999.000,9999.000,9999.000,9999.000,9999.000,9999.000
202606050954,   4.932,   5.159,9999.000,9999.000,9999.000,9999.000,9999.000,9999.000,9999.000
202606051000,   4.888,   5.169,   0.300,  -0.019,   5.169,   0.300,   5.169,   0.400,   5.269
202606051006,   4.839,   5.129,9999.000,9999.000,9999.000,9999.000,9999.000,9999.000,9999.000
202606051012,   4.786,   5.057,9999.000,9999.000,9999.000,9999.000,9999.000,9999.000,9999.000
202606051018,   4.730,   5.028,9999.000,9999.000,9999.000,9999.000,9999.000,9999.000,9999.000
202606051024,   4.670,   4.919,9999.000,9999.000,9999.000,9999.000,9999.000,9999.000,9999.000
202606051030,   4.605,   4.828,9999.000,9999.000,9999.000,9999.000,9999.000,9999.000,9999.000
202606051036,   4.538,   4.867,9999.000,9999.000,9999.000,9999.000,9999.000,9999.000,9999.000
202606051042,   4.466,   4.769,9999.000,9999.000,9999.000,9999.000,9999.000,9999.000,9999.000
202606051048,   4.391,   4.657,9999.000,9999.000,9999.000,9999.000,9999.000,9999.000,9999.000
202606051054,   4.312,   4.559,9999.000,9999.000,9999.000,9999.000,9999.000,9999.000,9999.000
202606051100,   4.230,   4.509,   0.300,  -0.021,   4.509,   0.300,   4.509,   0.300,   4.509
202606051106,   4.145,   4.418,9999.000,9999.000,9999.000,9999.000,9999.000,9999.000,9999.000
202606051112,   4.056,   4.349,9999.000,9999.000,9999.000,9999.000,9999.000,9999.000,9999.000
202606051118,   3.965,   4.257,9999.000,9999.000,9999.000,9999.000,9999.000,9999.000,9999.000
202606051124,   3.870,   4.159,9999.000,9999.000,9999.000,9999.000,9999.000,9999.000,9999.000
202606051130,   3.773,   4.047,9999.000,9999.000,9999.000,9999.000,9999.000,9999.000,9999.000
202606051136,   3.673,   3.939,9999.000,9999.000,9999.000,9999.000,9999.000,9999.000,9999.000
202606051142,   3.571,   3.880,9999.000,9999.000,9999.000,9999.000,9999.000,9999.000,9999.000
202606051148,   3.467,   3.719,9999.000,9999.000,9999.000,9999.000,9999.000,9999.000,9999.000
202606051154,   3.360,   3.680,9999.000,9999.000,9999.000,9999.000,9999.000,9999.000,9999.000
202606051200,   3.252,   3.588,   0.300,   0.036,   3.588,   0.300,   3.588,   0.400,   3.688
202606051206,   3.142,   3.470,9999.000,9999.000,9999.000,9999.000,9999.000,9999.000,9999.000
202606051212,   3.030,   3.358,9999.000,9999.000,9999.000,9999.000,9999.000,9999.000,9999.000
202606051218,   2.917,   3.207,9999.000,9999.000,9999.000,9999.000,9999.000,9999.000,9999.000
202606051224,   2.803,   3.129,9999.000,9999.000,9999.000,9999.000,9999.000,9999.000,9999.000
202606051230,   2.688,   2.988,9999.000,9999.000,9999.000,9999.000,9999.000,9999.000,9999.000
202606051236,   2.572,   2.889,9999.000,9999.000,9999.000,9999.000,9999.000,9999.000,9999.000
202606051242,   2.456,   2.738,9999.000,9999.000,9999.000,9999.000,9999.000,9999.000,9999.000
202606051248,   2.340,   2.660,9999.000,9999.000,9999.000,9999.000,9999.000,9999.000,9999.000
202606051254,   2.223,   2.548,9999.000,9999.000,9999.000,9999.000,9999.000,9999.000,9999.000
202606051300,   2.107,   2.459,   0.400,  -0.048,   2.459,   0.300,   2.359,   0.400,   2.459
202606051306,   1.991,   2.309,9999.000,9999.000,9999.000,9999.000,9999.000,9999.000,9999.000
202606051312,   1.876,   2.168,9999.000,9999.000,9999.000,9999.000,9999.000,9999.000,9999.000
202606051318,   1.762,   2.079,9999.000,9999.000,9999.000,9999.000,9999.000,9999.000,9999.000
202606051324,   1.648,   1.990,9999.000,9999.000,9999.000,9999.000,9999.000,9999.000,9999.000
202606051330,   1.536,   1.800,9999.000,9999.000,9999.000,9999.000,9999.000,9999.000,9999.000
202606051336,   1.426,   1.748,9999.000,9999.000,9999.000,9999.000,9999.000,9999.000,9999.000
202606051342,   1.317,   1.659,9999.000,9999.000,9999.000,9999.000,9999.000,9999.000,9999.000
202606051348,   1.210,   1.518,9999.000,9999.000,9999.000,9999.000,9999.000,9999.000,9999.000
202606051354,   1.105,   1.449,9999.000,9999.000,9999.000,9999.000,9999.000,9999.000,9999.000
202606051400,   1.003,   1.348,   0.300,   0.045,   1.348,   0.300,   1.348,   0.400,   1.448
202606051406,   0.903,   1.259,9999.000,9999.000,9999.000,9999.000,9999.000,9999.000,9999.000
202606051412,   0.806,   1.151,9999.000,9999.000,9999.000,9999.000,9999.000,9999.000,9999.000
202606051418,   0.711,   1.049,9999.000,9999.000,9999.000,9999.000,9999.000,9999.000,9999.000
202606051424,   0.620,   1.000,9999.000,9999.000,9999.000,9999.000,9999.000,9999.000,9999.000
202606051430,   0.533,   0.918,9999.000,9999.000,9999.000,9999.000,9999.000,9999.000,9999.000
202606051436,   0.448,   0.800,9999.000,9999.000,9999.000,9999.000,9999.000,9999.000,9999.000
202606051442,   0.368,   0.731,9999.000,9999.000,9999.000,9999.000,9999.000,9999.000,9999.000
202606051448,   0.291,   0.678,9999.000,9999.000,9999.000,9999.000,9999.000,9999.000,9999.000
202606051454,   0.218,   0.639,9999.000,9999.000,9999.000,9999.000,9999.000,9999.000,9999.000
202606051500,   0.149,   0.531,   0.300,   0.082,   0.531,   0.300,   0.531,   0.400,   0.631
202606051506,   0.085,   0.478,9999.000,9999.000,9999.000,9999.000,9999.000,9999.000,9999.000
202606051512,   0.025,   0.360,9999.000,9999.000,9999.000,9999.000,9999.000,9999.000,9999.000
202606051518,  -0.030,   0.341,9999.000,9999.000,9999.000,9999.000,9999.000,9999.000,9999.000
202606051524,  -0.082,   0.331,9999.000,9999.000,9999.000,9999.000,9999.000,9999.000,9999.000
202606051530,  -0.128,   0.219,9999.000,9999.000,9999.000,9999.000,9999.000,9999.000,9999.000
202606051536,  -0.170,   0.219,9999.000,9999.000,9999.000,9999.000,9999.000,9999.000,9999.000
202606051542,  -0.207,   0.229,9999.000,9999.000,9999.000,9999.000,9999.000,9999.000,9999.000
202606051548,  -0.239,   0.150,9999.000,9999.000,9999.000,9999.000,9999.000,9999.000,9999.000
202606051554,  -0.267,   0.098,9999.000,9999.000,9999.000,9999.000,9999.000,9999.000,9999.000
202606051600,  -0.289,   0.059,   0.300,   0.048,   0.059,   0.300,   0.059,   0.400,   0.159
202606051606,  -0.307,   0.049,9999.000,9999.000,9999.000,9999.000,9999.000,9999.000,9999.000
202606051612,  -0.319,   0.049,9999.000,9999.000,9999.000,9999.000,9999.000,9999.000,9999.000
202606051618,  -0.327,   0.019,9999.000,9999.000,9999.000,9999.000,9999.000,9999.000,9999.000
202606051624,  -0.329,   0.068,9999.000,9999.000,9999.000,9999.000,9999.000,9999.000,9999.000
202606051630,  -0.327,   0.068,9999.000,9999.000,9999.000,9999.000,9999.000,9999.000,9999.000
202606051636,  -0.320,   0.049,9999.000,9999.000,9999.000,9999.000,9999.000,9999.000,9999.000
202606051642,  -0.307,   0.111,9999.000,9999.000,9999.000,9999.000,9999.000,9999.000,9999.000
202606051648,  -0.290,   0.068,9999.000,9999.000,9999.000,9999.000,9999.000,9999.000,9999.000
202606051654,  -0.269,   0.121,9999.000,9999.000,9999.000,9999.000,9999.000,9999.000,9999.000
202606051700,  -0.242,   0.141,   0.400,  -0.017,   0.141,   0.400,   0.141,   0.400,   0.141
202606051706,  -0.211,   0.170,9999.000,9999.000,9999.000,9999.000,9999.000,9999.000,9999.000
202606051712,  -0.176,   0.229,9999.000,9999.000,9999.000,9999.000,9999.000,9999.000,9999.000
202606051718,  -0.136,   0.209,9999.000,9999.000,9999.000,9999.000,9999.000,9999.000,9999.000
202606051724,  -0.091,   0.278,9999.000,9999.000,9999.000,9999.000,9999.000,9999.000,9999.000
202606051730,  -0.043,   0.331,9999.000,9999.000,9999.000,9999.000,9999.000,9999.000,9999.000
202606051736,   0.009,   0.390,9999.000,9999.000,9999.000,9999.000,9999.000,9999.000,9999.000
202606051742,   0.065,   0.429,9999.000,9999.000,9999.000,9999.000,9999.000,9999.000,9999.000
202606051748,   0.125,   0.531,9999.000,9999.000,9999.000,9999.000,9999.000,9999.000,9999.000
202606051754,   0.189,   0.580,9999.000,9999.000,9999.000,9999.000,9999.000,9999.000,9999.000
202606051800,   0.257,   0.698,   0.400,   0.041,   0.698,   0.300,   0.598,   0.400,   0.698
202606051806,   0.327,   0.731,9999.000,9999.000,9999.000,9999.000,9999.000,9999.000,9999.000
202606051812,   0.401,   0.810,9999.000,9999.000,9999.000,9999.000,9999.000,9999.000,9999.000
202606051818,   0.478,   0.859,9999.000,9999.000,9999.000,9999.000,9999.000,9999.000,9999.000
202606051824,   0.558,   0.970,9999.000,9999.000,9999.000,9999.000,9999.000,9999.000,9999.000
202606051830,   0.640,   1.029,9999.000,9999.000,9999.000,9999.000,9999.000,9999.000,9999.000
202606051836,   0.725,   1.118,9999.000,9999.000,9999.000,9999.000,9999.000,9999.000,9999.000
202606051842,   0.812,   1.239,9999.000,9999.000,9999.000,9999.000,9999.000,9999.000,9999.000
202606051848,   0.901,   1.328,9999.000,9999.000,9999.000,9999.000,9999.000,9999.000,9999.000
202606051854,   0.992,   1.410,9999.000,9999.000,9999.000,9999.000,9999.000,9999.000,9999.000
202606051900,   1.084,   1.498,   0.400,   0.014,   1.498,   0.400,   1.498,   0.400,   1.498
202606051906,   1.178,   1.600,9999.000,9999.000,9999.000,9999.000,9999.000,9999.000,9999.000
202606051912,   1.274,   1.679,9999.000,9999.000,9999.000,9999.000,9999.000,9999.000,9999.000
202606051918,   1.370,   1.810,9999.000,9999.000,9999.000,9999.000,9999.000,9999.000,9999.000
202606051924,   1.468,   1.918,9999.000,9999.000,9999.000,9999.000,9999.000,9999.000,9999.000
202606051930,   1.566,   2.010,9999.000,9999.000,9999.000,9999.000,9999.000,9999.000,9999.000
202606051936,   1.664,   2.059,9999.000,9999.000,9999.000,9999.000,9999.000,9999.000,9999.000
202606051942,   1.763,   2.168,9999.000,9999.000,9999.000,9999.000,9999.000,9999.000,9999.000
202606051948,   1.861,   2.279,9999.000,9999.000,9999.000,9999.000,9999.000,9999.000,9999.000
202606051954,   1.960,   2.358,9999.000,9999.000,9999.000,9999.000,9999.000,9999.000,9999.000
202606052000,   2.059,   2.459,   0.400,   0.000,   2.459,   0.400,   2.459,   0.400,   2.459
202606052006,   2.156,   2.587,9999.000,9999.000,9999.000,9999.000,9999.000,9999.000,9999.000
202606052012,   2.254,   2.719,9999.000,9999.000,9999.000,9999.000,9999.000,9999.000,9999.000
202606052018,   2.350,   2.787,9999.000,9999.000,9999.000,9999.000,9999.000,9999.000,9999.000
202606052024,   2.445,   2.820,9999.000,9999.000,9999.000,9999.000,9999.000,9999.000,9999.000
202606052030,   2.539,   2.879,9999.000,9999.000,9999.000,9999.000,9999.000,9999.000,9999.000
202606052036,   2.632,   3.030,9999.000,9999.000,9999.000,9999.000,9999.000,9999.000,9999.000
202606052042,   2.723,   3.158,9999.000,9999.000,9999.000,9999.000,9999.000,9999.000,9999.000
202606052048,   2.812,   3.197,9999.000,9999.000,9999.000,9999.000,9999.000,9999.000,9999.000
202606052054,   2.900,   3.289,9999.000,9999.000,9999.000,9999.000,9999.000,9999.000,9999.000
202606052100,   2.985,   3.368,   0.400,  -0.017,   3.368,   0.400,   3.368,   0.500,   3.468
202606052106,   3.069,   3.450,9999.000,9999.000,9999.000,9999.000,9999.000,9999.000,9999.000
202606052112,   3.150,   3.470,9999.000,9999.000,9999.000,9999.000,9999.000,9999.000,9999.000
202606052118,   3.228,   3.568,9999.000,9999.000,9999.000,9999.000,9999.000,9999.000,9999.000
202606052124,   3.304,   3.670,9999.000,9999.000,9999.000,9999.000,9999.000,9999.000,9999.000
202606052130,   3.377,   3.768,9999.000,9999.000,9999.000,9999.000,9999.000,9999.000,9999.000
202606052136,   3.448,   3.827,9999.000,9999.000,9999.000,9999.000,9999.000,9999.000,9999.000
202606052142,   3.516,   3.890,9999.000,9999.000,9999.000,9999.000,9999.000,9999.000,9999.000
202606052148,   3.580,   3.949,9999.000,9999.000,9999.000,9999.000,9999.000,9999.000,9999.000
202606052154,   3.642,   4.008,9999.000,9999.000,9999.000,9999.000,9999.000,9999.000,9999.000
202606052200,   3.700,   4.027,   0.400,  -0.073,   4.027,   0.400,   4.027,   0.500,   4.127
202606052206,   3.756,   4.099,9999.000,9999.000,9999.000,9999.000,9999.000,9999.000,9999.000
202606052212,   3.808,   4.149,9999.000,9999.000,9999.000,9999.000,9999.000,9999.000,9999.000
202606052218,   3.856,   4.178,9999.000,9999.000,9999.000,9999.000,9999.000,9999.000,9999.000
202606052224,   3.902,   4.218,9999.000,9999.000,9999.000,9999.000,9999.000,9999.000,9999.000
202606052230,   3.944,   4.237,9999.000,9999.000,9999.000,9999.000,9999.000,9999.000,9999.000
202606052236,   3.983,   4.309,9999.000,9999.000,9999.000,9999.000,9999.000,9999.000,9999.000
202606052242,   4.018,   4.368,9999.000,9999.000,9999.000,9999.000,9999.000,9999.000,9999.000
202606052248,   4.050,   4.388,9999.000,9999.000,9999.000,9999.000,9999.000,9999.000,9999.000
202606052254,   4.078,   4.398,9999.000,9999.000,9999.000,9999.000,9999.000,9999.000,9999.000
202606052300,   4.103,   4.388,   0.400,  -0.115,   4.388,   0.400,   4.388,   0.400,   4.388
202606052306,   4.124,   4.457,9999.000,9999.000,9999.000,9999.000,9999.000,9999.000,9999.000
202606052312,   4.143,   4.437,9999.000,9999.000,9999.000,9999.000,9999.000,9999.000,9999.000
202606052318,   4.158,   4.500,9999.000,9999.000,9999.000,9999.000,9999.000,9999.000,9999.000
202606052324,   4.169,   4.457,9999.000,9999.000,9999.000,9999.000,9999.000,9999.000,9999.000
202606052330,   4.178,   4.457,9999.000,9999.000,9999.000,9999.000,9999.000,9999.000,9999.000
202606052336,   4.183,   4.457,9999.000,9999.000,9999.000,9999.000,9999.000,9999.000,9999.000
202606052342,   4.185,   4.467,9999.000,9999.000,9999.000,9999.000,9999.000,9999.000,9999.000
202606052348,   4.184,   4.529,9999.000,9999.000,9999.000,9999.000,9999.000,9999.000,9999.000
202606052354,   4.181,   4.500,9999.000,9999.000,9999.000,9999.000,9999.000,9999.000,9999.000
202606060000,   4.174,   4.427,   0.300,   0.027,   4.501,   0.300,   4.501,   0.400,   4.601
202606060006,   4.165,   4.467,9999.000,9999.000,9999.000,9999.000,9999.000,9999.000,9999.000
202606060012,   4.153,   4.427,9999.000,9999.000,9999.000,9999.000,9999.000,9999.000,9999.000
202606060018,   4.139,   4.388,9999.000,9999.000,9999.000,9999.000,9999.000,9999.000,9999.000
202606060024,   4.122,   4.408,9999.000,9999.000,9999.000,9999.000,9999.000,9999.000,9999.000
202606060030,   4.103,   4.398,9999.000,9999.000,9999.000,9999.000,9999.000,9999.000,9999.000
202606060036,   4.082,   4.359,9999.000,9999.000,9999.000,9999.000,9999.000,9999.000,9999.000
202606060042,   4.059,   4.300,9999.000,9999.000,9999.000,9999.000,9999.000,9999.000,9999.000
202606060048,   4.034,   4.267,9999.000,9999.000,9999.000,9999.000,9999.000,9999.000,9999.000
202606060054,   4.008,   4.280,9999.000,9999.000,9999.000,9999.000,9999.000,9999.000,9999.000
202606060100,   3.980,   4.267,   0.400,   0.041,   4.421,   0.300,   4.321,   0.400,   4.421
202606060106,   3.950,   4.227,9999.000,9999.000,9999.000,9999.000,9999.000,9999.000,9999.000
202606060112,   3.919,   4.168,9999.000,9999.000,9999.000,9999.000,9999.000,9999.000,9999.000
202606060118,   3.888,   4.149,9999.000,9999.000,9999.000,9999.000,9999.000,9999.000,9999.000
202606060124,   3.855,   4.119,9999.000,9999.000,9999.000,9999.000,9999.000,9999.000,9999.000
202606060130,   3.821,   4.090,9999.000,9999.000,9999.000,9999.000,9999.000,9999.000,9999.000
202606060136,   3.787,   4.037,9999.000,9999.000,9999.000,9999.000,9999.000,9999.000,9999.000
202606060142,   3.753,   3.988,9999.000,9999.000,9999.000,9999.000,9999.000,9999.000,9999.000
202606060148,   3.718,   3.949,9999.000,9999.000,9999.000,9999.000,9999.000,9999.000,9999.000
202606060154,   3.683,   3.958,9999.000,9999.000,9999.000,9999.000,9999.000,9999.000,9999.000
202606060200,   3.649,   3.939,   0.400,   0.031,   4.080,   0.300,   3.980,   0.400,   4.080
202606060206,   3.614,   3.880,9999.000,9999.000,9999.000,9999.000,9999.000,9999.000,9999.000
202606060212,   3.580,   3.870,9999.000,9999.000,9999.000,9999.000,9999.000,9999.000,9999.000
202606060218,   3.546,   3.808,9999.000,9999.000,9999.000,9999.000,9999.000,9999.000,9999.000
202606060224,   3.513,   3.788,9999.000,9999.000,9999.000,9999.000,9999.000,9999.000,9999.000
202606060230,   3.481,   3.788,9999.000,9999.000,9999.000,9999.000,9999.000,9999.000,9999.000
202606060236,   3.450,   3.778,9999.000,9999.000,9999.000,9999.000,9999.000,9999.000,9999.000
202606060242,   3.420,   3.699,9999.000,9999.000,9999.000,9999.000,9999.000,9999.000,9999.000
202606060248,   3.391,   3.719,9999.000,9999.000,9999.000,9999.000,9999.000,9999.000,9999.000
202606060254,   3.363,   3.650,9999.000,9999.000,9999.000,9999.000,9999.000,9999.000,9999.000
202606060300,   3.337,   3.588,   0.300,   0.009,   3.646,   0.300,   3.646,   0.400,   3.746
202606060306,   3.313,   3.598,9999.000,9999.000,9999.000,9999.000,9999.000,9999.000,9999.000
202606060312,   3.290,   3.558,9999.000,9999.000,9999.000,9999.000,9999.000,9999.000,9999.000
202606060318,   3.269,   3.529,9999.000,9999.000,9999.000,9999.000,9999.000,9999.000,9999.000
202606060324,   3.250,   3.470,9999.000,9999.000,9999.000,9999.000,9999.000,9999.000,9999.000
202606060330,   3.232,   3.489,9999.000,9999.000,9999.000,9999.000,9999.000,9999.000,9999.000
202606060336,   3.217,   3.519,9999.000,9999.000,9999.000,9999.000,9999.000,9999.000,9999.000
202606060342,   3.204,   3.440,9999.000,9999.000,9999.000,9999.000,9999.000,9999.000,9999.000
202606060348,   3.194,   3.407,9999.000,9999.000,9999.000,9999.000,9999.000,9999.000,9999.000
202606060354,   3.185,   3.427,9999.000,9999.000,9999.000,9999.000,9999.000,9999.000,9999.000
202606060400,   3.179,   3.509,   0.400,  -0.013,   3.566,   0.300,   3.466,   0.400,   3.566
202606060406,   3.175,   3.440,9999.000,9999.000,9999.000,9999.000,9999.000,9999.000,9999.000
202606060412,   3.174,   3.440,9999.000,9999.000,9999.000,9999.000,9999.000,9999.000,9999.000
202606060418,   3.175,   3.417,9999.000,9999.000,9999.000,9999.000,9999.000,9999.000,9999.000
202606060424,   3.179,   3.440,9999.000,9999.000,9999.000,9999.000,9999.000,9999.000,9999.000
202606060430,   3.184,   3.427,9999.000,9999.000,9999.000,9999.000,9999.000,9999.000,9999.000
202606060436,   3.193,   3.440,9999.000,9999.000,9999.000,9999.000,9999.000,9999.000,9999.000
202606060442,   3.203,   3.450,9999.000,9999.000,9999.000,9999.000,9999.000,9999.000,9999.000
202606060448,   3.217,   3.440,9999.000,9999.000,9999.000,9999.000,9999.000,9999.000,9999.000
202606060454,   3.232,   3.480,9999.000,9999.000,9999.000,9999.000,9999.000,9999.000,9999.000
202606060500,   3.250,   3.529,   0.400,  -0.031,   3.619,   0.300,   3.519,   0.400,   3.619
202606060506,   3.270,   3.519,9999.000,9999.000,9999.000,9999.000,9999.000,9999.000,9999.000
202606060512,   3.293,   3.509,9999.000,9999.000,9999.000,9999.000,9999.000,9999.000,9999.000
202606060518,   3.317,   3.588,9999.000,9999.000,9999.000,9999.000,9999.000,9999.000,9999.000
202606060524,   3.344,   3.598,9999.000,9999.000,9999.000,9999.000,9999.000,9999.000,9999.000
202606060530,   3.373,   3.617,9999.000,9999.000,9999.000,9999.000,9999.000,9999.000,9999.000
202606060536,   3.403,   3.680,9999.000,9999.000,9999.000,9999.000,9999.000,9999.000,9999.000
202606060542,   3.436,   3.729,9999.000,9999.000,9999.000,9999.000,9999.000,9999.000,9999.000
202606060548,   3.470,   3.758,9999.000,9999.000,9999.000,9999.000,9999.000,9999.000,9999.000
202606060554,   3.507,   3.699,9999.000,9999.000,9999.000,9999.000,9999.000,9999.000,9999.000
202606060600,   3.544,   3.699,   0.300,  -0.043,   3.801,   0.300,   3.801,   0.400,   3.901
202606060606,   3.583,9999.000,9999.000,9999.000,9999.000,9999.000,9999.000,9999.000,9999.000
202606060612,   3.624,9999.000,9999.000,9999.000,9999.000,9999.000,9999.000,9999.000,9999.000
202606060618,   3.666,9999.000,9999.000,9999.000,9999.000,9999.000,9999.000,9999.000,9999.000
202606060624,   3.709,9999.000,9999.000,9999.000,9999.000,9999.000,9999.000,9999.000,9999.000
202606060630,   3.752,9999.000,9999.000,9999.000,9999.000,9999.000,9999.000,9999.000,9999.000
202606060636,   3.797,9999.000,9999.000,9999.000,9999.000,9999.000,9999.000,9999.000,9999.000
202606060642,   3.842,9999.000,9999.000,9999.000,9999.000,9999.000,9999.000,9999.000,9999.000
202606060648,   3.888,9999.000,9999.000,9999.000,9999.000,9999.000,9999.000,9999.000,9999.000
202606060654,   3.935,9999.000,9999.000,9999.000,9999.000,9999.000,9999.000,9999.000,9999.000
202606060700,   3.981,9999.000,   0.300,  -0.042,   4.239,   0.300,   4.239,   0.400,   4.339
202606060706,   4.028,9999.000,9999.000,9999.000,9999.000,9999.000,9999.000,9999.000,9999.000
202606060712,   4.075,9999.000,9999.000,9999.000,9999.000,9999.000,9999.000,9999.000,9999.000
202606060718,   4.121,9999.000,9999.000,9999.000,9999.000,9999.000,9999.000,9999.000,9999.000
202606060724,   4.168,9999.000,9999.000,9999.000,9999.000,9999.000,9999.000,9999.000,9999.000
202606060730,   4.213,9999.000,9999.000,9999.000,9999.000,9999.000,9999.000,9999.000,9999.000
202606060736,   4.258,9999.000,9999.000,9999.000,9999.000,9999.000,9999.000,9999.000,9999.000
202606060742,   4.303,9999.000,9999.000,9999.000,9999.000,9999.000,9999.000,9999.000,9999.000
202606060748,   4.346,9999.000,9999.000,9999.000,9999.000,9999.000,9999.000,9999.000,9999.000
202606060754,   4.388,9999.000,9999.000,9999.000,9999.000,9999.000,9999.000,9999.000,9999.000
202606060800,   4.429,9999.000,   0.400,  -0.022,   4.807,   0.400,   4.807,   0.400,   4.807
202606060806,   4.469,9999.000,9999.000,9999.000,9999.000,9999.000,9999.000,9999.000,9999.000
202606060812,   4.507,9999.000,9999.000,9999.000,9999.000,9999.000,9999.000,9999.000,9999.000
202606060818,   4.543,9999.000,9999.000,9999.000,9999.000,9999.000,9999.000,9999.000,9999.000
202606060824,   4.578,9999.000,9999.000,9999.000,9999.000,9999.000,9999.000,9999.000,9999.000
202606060830,   4.610,9999.000,9999.000,9999.000,9999.000,9999.000,9999.000,9999.000,9999.000
202606060836,   4.640,9999.000,9999.000,9999.000,9999.000,9999.000,9999.000,9999.000,9999.000
202606060842,   4.668,9999.000,9999.000,9999.000,9999.000,9999.000,9999.000,9999.000,9999.000
202606060848,   4.694,9999.000,9999.000,9999.000,9999.000,9999.000,9999.000,9999.000,9999.000
202606060854,   4.717,9999.000,9999.000,9999.000,9999.000,9999.000,9999.000,9999.000,9999.000
202606060900,   4.738,9999.000,   0.400,   0.009,   5.147,   0.400,   5.147,   0.400,   5.147
202606060906,   4.756,9999.000,9999.000,9999.000,9999.000,9999.000,9999.000,9999.000,9999.000
202606060912,   4.771,9999.000,9999.000,9999.000,9999.000,9999.000,9999.000,9999.000,9999.000
202606060918,   4.783,9999.000,9999.000,9999.000,9999.000,9999.000,9999.000,9999.000,9999.000
202606060924,   4.792,9999.000,9999.000,9999.000,9999.000,9999.000,9999.000,9999.000,9999.000
202606060930,   4.798,9999.000,9999.000,9999.000,9999.000,9999.000,9999.000,9999.000,9999.000
202606060936,   4.800,9999.000,9999.000,9999.000,9999.000,9999.000,9999.000,9999.000,9999.000
202606060942,   4.800,9999.000,9999.000,9999.000,9999.000,9999.000,9999.000,9999.000,9999.000
202606060948,   4.796,9999.000,9999.000,9999.000,9999.000,9999.000,9999.000,9999.000,9999.000
202606060954,   4.788,9999.000,9999.000,9999.000,9999.000,9999.000,9999.000,9999.000,9999.000
202606061000,   4.777,9999.000,   0.300,   0.034,   5.111,   0.300,   5.111,   0.400,   5.211
202606061006,   4.763,9999.000,9999.000,9999.000,9999.000,9999.000,9999.000,9999.000,9999.000
202606061012,   4.744,9999.000,9999.000,9999.000,9999.000,9999.000,9999.000,9999.000,9999.000
202606061018,   4.723,9999.000,9999.000,9999.000,9999.000,9999.000,9999.000,9999.000,9999.000
202606061024,   4.697,9999.000,9999.000,9999.000,9999.000,9999.000,9999.000,9999.000,9999.000
202606061030,   4.668,9999.000,9999.000,9999.000,9999.000,9999.000,9999.000,9999.000,9999.000
202606061036,   4.635,9999.000,9999.000,9999.000,9999.000,9999.000,9999.000,9999.000,9999.000
202606061042,   4.599,9999.000,9999.000,9999.000,9999.000,9999.000,9999.000,9999.000,9999.000
202606061048,   4.559,9999.000,9999.000,9999.000,9999.000,9999.000,9999.000,9999.000,9999.000
202606061054,   4.515,9999.000,9999.000,9999.000,9999.000,9999.000,9999.000,9999.000,9999.000
202606061100,   4.468,9999.000,   0.300,   0.044,   4.812,   0.300,   4.812,   0.400,   4.912
202606061106,   4.417,9999.000,9999.000,9999.000,9999.000,9999.000,9999.000,9999.000,9999.000
202606061112,   4.362,9999.000,9999.000,9999.000,9999.000,9999.000,9999.000,9999.000,9999.000
202606061118,   4.304,9999.000,9999.000,9999.000,9999.000,9999.000,9999.000,9999.000,9999.000
202606061124,   4.243,9999.000,9999.000,9999.000,9999.000,9999.000,9999.000,9999.000,9999.000
202606061130,   4.178,9999.000,9999.000,9999.000,9999.000,9999.000,9999.000,9999.000,9999.000
202606061136,   4.110,9999.000,9999.000,9999.000,9999.000,9999.000,9999.000,9999.000,9999.000
202606061142,   4.039,9999.000,9999.000,9999.000,9999.000,9999.000,9999.000,9999.000,9999.000
202606061148,   3.964,9999.000,9999.000,9999.000,9999.000,9999.000,9999.000,9999.000,9999.000
202606061154,   3.887,9999.000,9999.000,9999.000,9999.000,9999.000,9999.000,9999.000,9999.000
202606061200,   3.807,9999.000,   0.300,   0.044,   4.151,   0.300,   4.151,   0.300,   4.151
202606061206,   3.724,9999.000,9999.000,9999.000,9999.000,9999.000,9999.000,9999.000,9999.000
202606061212,   3.638,9999.000,9999.000,9999.000,9999.000,9999.000,9999.000,9999.000,9999.000
202606061218,   3.550,9999.000,9999.000,9999.000,9999.000,9999.000,9999.000,9999.000,9999.000
202606061224,   3.460,9999.000,9999.000,9999.000,9999.000,9999.000,9999.000,9999.000,9999.000
202606061230,   3.367,9999.000,9999.000,9999.000,9999.000,9999.000,9999.000,9999.000,9999.000
202606061236,   3.273,9999.000,9999.000,9999.000,9999.000,9999.000,9999.000,9999.000,9999.000
202606061242,   3.176,9999.000,9999.000,9999.000,9999.000,9999.000,9999.000,9999.000,9999.000
202606061248,   3.078,9999.000,9999.000,9999.000,9999.000,9999.000,9999.000,9999.000,9999.000
202606061254,   2.979,9999.000,9999.000,9999.000,9999.000,9999.000,9999.000,9999.000,9999.000
202606061300,   2.878,9999.000,   0.300,   0.048,   3.226,   0.300,   3.226,   0.300,   3.226
202606061306,   2.776,9999.000,9999.000,9999.000,9999.000,9999.000,9999.000,9999.000,9999.000
202606061312,   2.673,9999.000,9999.000,9999.000,9999.000,9999.000,9999.000,9999.000,9999.000
202606061318,   2.569,9999.000,9999.000,9999.000,9999.000,9999.000,9999.000,9999.000,9999.000
202606061324,   2.464,9999.000,9999.000,9999.000,9999.000,9999.000,9999.000,9999.000,9999.000
202606061330,   2.360,9999.000,9999.000,9999.000,9999.000,9999.000,9999.000,9999.000,9999.000
202606061336,   2.255,9999.000,9999.000,9999.000,9999.000,9999.000,9999.000,9999.000,9999.000
202606061342,   2.150,9999.000,9999.000,9999.000,9999.000,9999.000,9999.000,9999.000,9999.000
202606061348,   2.045,9999.000,9999.000,9999.000,9999.000,9999.000,9999.000,9999.000,9999.000
202606061354,   1.941,9999.000,9999.000,9999.000,9999.000,9999.000,9999.000,9999.000,9999.000
202606061400,   1.838,9999.000,   0.300,   0.069,   2.207,   0.300,   2.207,   0.300,   2.207
202606061406,   1.735,9999.000,9999.000,9999.000,9999.000,9999.000,9999.000,9999.000,9999.000
202606061412,   1.633,9999.000,9999.000,9999.000,9999.000,9999.000,9999.000,9999.000,9999.000
202606061418,   1.533,9999.000,9999.000,9999.000,9999.000,9999.000,9999.000,9999.000,9999.000
202606061424,   1.434,9999.000,9999.000,9999.000,9999.000,9999.000,9999.000,9999.000,9999.000
202606061430,   1.337,9999.000,9999.000,9999.000,9999.000,9999.000,9999.000,9999.000,9999.000
202606061436,   1.242,9999.000,9999.000,9999.000,9999.000,9999.000,9999.000,9999.000,9999.000
202606061442,   1.149,9999.000,9999.000,9999.000,9999.000,9999.000,9999.000,9999.000,9999.000
202606061448,   1.058,9999.000,9999.000,9999.000,9999.000,9999.000,9999.000,9999.000,9999.000
202606061454,   0.970,9999.000,9999.000,9999.000,9999.000,9999.000,9999.000,9999.000,9999.000
202606061500,   0.884,9999.000,   0.300,   0.103,   1.287,   0.200,   1.187,   0.300,   1.287
202606061506,   0.801,9999.000,9999.000,9999.000,9999.000,9999.000,9999.000,9999.000,9999.000
202606061512,   0.721,9999.000,9999.000,9999.000,9999.000,9999.000,9999.000,9999.000,9999.000
202606061518,   0.645,9999.000,9999.000,9999.000,9999.000,9999.000,9999.000,9999.000,9999.000
202606061524,   0.571,9999.000,9999.000,9999.000,9999.000,9999.000,9999.000,9999.000,9999.000
202606061530,   0.501,9999.000,9999.000,9999.000,9999.000,9999.000,9999.000,9999.000,9999.000
202606061536,   0.435,9999.000,9999.000,9999.000,9999.000,9999.000,9999.000,9999.000,9999.000
202606061542,   0.372,9999.000,9999.000,9999.000,9999.000,9999.000,9999.000,9999.000,9999.000
202606061548,   0.314,9999.000,9999.000,9999.000,9999.000,9999.000,9999.000,9999.000,9999.000
202606061554,   0.259,9999.000,9999.000,9999.000,9999.000,9999.000,9999.000,9999.000,9999.000
202606061600,   0.208,9999.000,   0.300,   0.138,   0.646,   0.300,   0.646,   0.300,   0.646
202606061606,   0.162,9999.000,9999.000,9999.000,9999.000,9999.000,9999.000,9999.000,9999.000
202606061612,   0.119,9999.000,9999.000,9999.000,9999.000,9999.000,9999.000,9999.000,9999.000
202606061618,   0.082,9999.000,9999.000,9999.000,9999.000,9999.000,9999.000,9999.000,9999.000
202606061624,   0.048,9999.000,9999.000,9999.000,9999.000,9999.000,9999.000,9999.000,9999.000
202606061630,   0.019,9999.000,9999.000,9999.000,9999.000,9999.000,9999.000,9999.000,9999.000
202606061636,  -0.004,9999.000,9999.000,9999.000,9999.000,9999.000,9999.000,9999.000,9999.000
202606061642,  -0.024,9999.000,9999.000,9999.000,9999.000,9999.000,9999.000,9999.000,9999.000
202606061648,  -0.039,9999.000,9999.000,9999.000,9999.000,9999.000,9999.000,9999.000,9999.000
202606061654,  -0.049,9999.000,9999.000,9999.000,9999.000,9999.000,9999.000,9999.000,9999.000
202606061700,  -0.055,9999.000,   0.400,   0.161,   0.506,   0.300,   0.406,   0.400,   0.506
202606061706,  -0.056,9999.000,9999.000,9999.000,9999.000,9999.000,9999.000,9999.000,9999.000
202606061712,  -0.053,9999.000,9999.000,9999.000,9999.000,9999.000,9999.000,9999.000,9999.000
202606061718,  -0.045,9999.000,9999.000,9999.000,9999.000,9999.000,9999.000,9999.000,9999.000
202606061724,  -0.032,9999.000,9999.000,9999.000,9999.000,9999.000,9999.000,9999.000,9999.000
202606061730,  -0.014,9999.000,9999.000,9999.000,9999.000,9999.000,9999.000,9999.000,9999.000
202606061736,   0.006,9999.000,9999.000,9999.000,9999.000,9999.000,9999.000,9999.000,9999.000
202606061742,   0.033,9999.000,9999.000,9999.000,9999.000,9999.000,9999.000,9999.000,9999.000
202606061748,   0.063,9999.000,9999.000,9999.000,9999.000,9999.000,9999.000,9999.000,9999.000
202606061754,   0.098,9999.000,9999.000,9999.000,9999.000,9999.000,9999.000,9999.000,9999.000
202606061800,   0.138,9999.000,   0.300,   0.164,   0.602,   0.300,   0.602,   0.400,   0.702
202606061806,   0.181,9999.000,9999.000,9999.000,9999.000,9999.000,9999.000,9999.000,9999.000
202606061812,   0.228,9999.000,9999.000,9999.000,9999.000,9999.000,9999.000,9999.000,9999.000
202606061818,   0.280,9999.000,9999.000,9999.000,9999.000,9999.000,9999.000,9999.000,9999.000
202606061824,   0.335,9999.000,9999.000,9999.000,9999.000,9999.000,9999.000,9999.000,9999.000
202606061830,   0.394,9999.000,9999.000,9999.000,9999.000,9999.000,9999.000,9999.000,9999.000
202606061836,   0.456,9999.000,9999.000,9999.000,9999.000,9999.000,9999.000,9999.000,9999.000
202606061842,   0.522,9999.000,9999.000,9999.000,9999.000,9999.000,9999.000,9999.000,9999.000
202606061848,   0.591,9999.000,9999.000,9999.000,9999.000,9999.000,9999.000,9999.000,9999.000
202606061854,   0.663,9999.000,9999.000,9999.000,9999.000,9999.000,9999.000,9999.000,9999.000
202606061900,   0.738,9999.000,   0.300,   0.147,   1.185,   0.300,   1.185,   0.400,   1.285
202606061906,   0.816,9999.000,9999.000,9999.000,9999.000,9999.000,9999.000,9999.000,9999.000
202606061912,   0.896,9999.000,9999.000,9999.000,9999.000,9999.000,9999.000,9999.000,9999.000
202606061918,   0.979,9999.000,9999.000,9999.000,9999.000,9999.000,9999.000,9999.000,9999.000
202606061924,   1.064,9999.000,9999.000,9999.000,9999.000,9999.000,9999.000,9999.000,9999.000
202606061930,   1.152,9999.000,9999.000,9999.000,9999.000,9999.000,9999.000,9999.000,9999.000
202606061936,   1.241,9999.000,9999.000,9999.000,9999.000,9999.000,9999.000,9999.000,9999.000
202606061942,   1.332,9999.000,9999.000,9999.000,9999.000,9999.000,9999.000,9999.000,9999.000
202606061948,   1.424,9999.000,9999.000,9999.000,9999.000,9999.000,9999.000,9999.000,9999.000
202606061954,   1.518,9999.000,9999.000,9999.000,9999.000,9999.000,9999.000,9999.000,9999.000
202606062000,   1.613,9999.000,   0.400,   0.108,   2.121,   0.300,   2.021,   0.400,   2.121
202606062006,   1.708,9999.000,9999.000,9999.000,9999.000,9999.000,9999.000,9999.000,9999.000
202606062012,   1.805,9999.000,9999.000,9999.000,9999.000,9999.000,9999.000,9999.000,9999.000
202606062018,   1.902,9999.000,9999.000,9999.000,9999.000,9999.000,9999.000,9999.000,9999.000
202606062024,   1.999,9999.000,9999.000,9999.000,9999.000,9999.000,9999.000,9999.000,9999.000
202606062030,   2.097,9999.000,9999.000,9999.000,9999.000,9999.000,9999.000,9999.000,9999.000
202606062036,   2.195,9999.000,9999.000,9999.000,9999.000,9999.000,9999.000,9999.000,9999.000
202606062042,   2.292,9999.000,9999.000,9999.000,9999.000,9999.000,9999.000,9999.000,9999.000
202606062048,   2.389,9999.000,9999.000,9999.000,9999.000,9999.000,9999.000,9999.000,9999.000
202606062054,   2.485,9999.000,9999.000,9999.000,9999.000,9999.000,9999.000,9999.000,9999.000
202606062100,   2.581,9999.000,   0.300,   0.053,   2.934,   0.300,   2.934,   0.400,   3.034
202606062106,   2.675,9999.000,9999.000,9999.000,9999.000,9999.000,9999.000,9999.000,9999.000
202606062112,   2.769,9999.000,9999.000,9999.000,9999.000,9999.000,9999.000,9999.000,9999.000
202606062118,   2.861,9999.000,9999.000,9999.000,9999.000,9999.000,9999.000,9999.000,9999.000
202606062124,   2.951,9999.000,9999.000,9999.000,9999.000,9999.000,9999.000,9999.000,9999.000
202606062130,   3.040,9999.000,9999.000,9999.000,9999.000,9999.000,9999.000,9999.000,9999.000
202606062136,   3.127,9999.000,9999.000,9999.000,9999.000,9999.000,9999.000,9999.000,9999.000
202606062142,   3.212,9999.000,9999.000,9999.000,9999.000,9999.000,9999.000,9999.000,9999.000
202606062148,   3.295,9999.000,9999.000,9999.000,9999.000,9999.000,9999.000,9999.000,9999.000
202606062154,   3.376,9999.000,9999.000,9999.000,9999.000,9999.000,9999.000,9999.000,9999.000
202606062200,   3.454,9999.000,   0.300,  -0.000,   3.754,   0.300,   3.754,   0.300,   3.754
202606062206,   3.530,9999.000,9999.000,9999.000,9999.000,9999.000,9999.000,9999.000,9999.000
202606062212,   3.603,9999.000,9999.000,9999.000,9999.000,9999.000,9999.000,9999.000,9999.000
202606062218,   3.674,9999.000,9999.000,9999.000,9999.000,9999.000,9999.000,9999.000,9999.000
202606062224,   3.741,9999.000,9999.000,9999.000,9999.000,9999.000,9999.000,9999.000,9999.000
202606062230,   3.805,9999.000,9999.000,9999.000,9999.000,9999.000,9999.000,9999.000,9999.000
202606062236,   3.867,9999.000,9999.000,9999.000,9999.000,9999.000,9999.000,9999.000,9999.000
202606062242,   3.925,9999.000,9999.000,9999.000,9999.000,9999.000,9999.000,9999.000,9999.000
202606062248,   3.980,9999.000,9999.000,9999.000,9999.000,9999.000,9999.000,9999.000,9999.000
202606062254,   4.032,9999.000,9999.000,9999.000,9999.000,9999.000,9999.000,9999.000,9999.000
202606062300,   4.080,9999.000,   0.300,  -0.027,   4.353,   0.300,   4.353,   0.300,   4.353
202606062306,   4.125,9999.000,9999.000,9999.000,9999.000,9999.000,9999.000,9999.000,9999.000
202606062312,   4.166,9999.000,9999.000,9999.000,9999.000,9999.000,9999.000,9999.000,9999.000
202606062318,   4.204,9999.000,9999.000,9999.000,9999.000,9999.000,9999.000,9999.000,9999.000
202606062324,   4.238,9999.000,9999.000,9999.000,9999.000,9999.000,9999.000,9999.000,9999.000
202606062330,   4.269,9999.000,9999.000,9999.000,9999.000,9999.000,9999.000,9999.000,9999.000
202606062336,   4.297,9999.000,9999.000,9999.000,9999.000,9999.000,9999.000,9999.000,9999.000
202606062342,   4.320,9999.000,9999.000,9999.000,9999.000,9999.000,9999.000,9999.000,9999.000
202606062348,   4.341,9999.000,9999.000,9999.000,9999.000,9999.000,9999.000,9999.000,9999.000
202606062354,   4.357,9999.000,9999.000,9999.000,9999.000,9999.000,9999.000,9999.000,9999.000
202606070000,   4.371,9999.000,   0.300,  -0.025,   4.646,   0.300,   4.646,   0.300,   4.646
202606070006,   4.380,9999.000,9999.000,9999.000,9999.000,9999.000,9999.000,9999.000,9999.000
202606070012,   4.387,9999.000,9999.000,9999.000,9999.000,9999.000,9999.000,9999.000,9999.000
202606070018,   4.390,9999.000,9999.000,9999.000,9999.000,9999.000,9999.000,9999.000,9999.000
202606070024,   4.390,9999.000,9999.000,9999.000,9999.000,9999.000,9999.000,9999.000,9999.000
202606070030,   4.386,9999.000,9999.000,9999.000,9999.000,9999.000,9999.000,9999.000,9999.000
202606070036,   4.380,9999.000,9999.000,9999.000,9999.000,9999.000,9999.000,9999.000,9999.000
202606070042,   4.370,9999.000,9999.000,9999.000,9999.000,9999.000,9999.000,9999.000,9999.000
202606070048,   4.358,9999.000,9999.000,9999.000,9999.000,9999.000,9999.000,9999.000,9999.000
202606070054,   4.343,9999.000,9999.000,9999.000,9999.000,9999.000,9999.000,9999.000,9999.000
202606070100,   4.325,9999.000,   0.300,  -0.018,   4.607,   0.300,   4.607,   0.300,   4.607
202606070106,   4.304,9999.000,9999.000,9999.000,9999.000,9999.000,9999.000,9999.000,9999.000
202606070112,   4.281,9999.000,9999.000,9999.000,9999.000,9999.000,9999.000,9999.000,9999.000
202606070118,   4.255,9999.000,9999.000,9999.000,9999.000,9999.000,9999.000,9999.000,9999.000
202606070124,   4.228,9999.000,9999.000,9999.000,9999.000,9999.000,9999.000,9999.000,9999.000
202606070130,   4.198,9999.000,9999.000,9999.000,9999.000,9999.000,9999.000,9999.000,9999.000
202606070136,   4.166,9999.000,9999.000,9999.000,9999.000,9999.000,9999.000,9999.000,9999.000
202606070142,   4.132,9999.000,9999.000,9999.000,9999.000,9999.000,9999.000,9999.000,9999.000
202606070148,   4.097,9999.000,9999.000,9999.000,9999.000,9999.000,9999.000,9999.000,9999.000
202606070154,   4.060,9999.000,9999.000,9999.000,9999.000,9999.000,9999.000,9999.000,9999.000
202606070200,   4.022,9999.000,   0.300,  -0.030,   4.292,   0.200,   4.192,   0.300,   4.292
202606070206,   3.983,9999.000,9999.000,9999.000,9999.000,9999.000,9999.000,9999.000,9999.000
202606070212,   3.942,9999.000,9999.000,9999.000,9999.000,9999.000,9999.000,9999.000,9999.000
202606070218,   3.901,9999.000,9999.000,9999.000,9999.000,9999.000,9999.000,9999.000,9999.000
202606070224,   3.859,9999.000,9999.000,9999.000,9999.000,9999.000,9999.000,9999.000,9999.000
202606070230,   3.817,9999.000,9999.000,9999.000,9999.000,9999.000,9999.000,9999.000,9999.000
202606070236,   3.774,9999.000,9999.000,9999.000,9999.000,9999.000,9999.000,9999.000,9999.000
202606070242,   3.730,9999.000,9999.000,9999.000,9999.000,9999.000,9999.000,9999.000,9999.000
202606070248,   3.687,9999.000,9999.000,9999.000,9999.000,9999.000,9999.000,9999.000,9999.000
202606070254,   3.644,9999.000,9999.000,9999.000,9999.000,9999.000,9999.000,9999.000,9999.000
202606070300,   3.601,9999.000,   0.300,  -0.054,   3.847,   0.200,   3.747,   0.300,   3.847
202606070306,   3.558,9999.000,9999.000,9999.000,9999.000,9999.000,9999.000,9999.000,9999.000
202606070312,   3.516,9999.000,9999.000,9999.000,9999.000,9999.000,9999.000,9999.000,9999.000
202606070318,   3.475,9999.000,9999.000,9999.000,9999.000,9999.000,9999.000,9999.000,9999.000
202606070324,   3.434,9999.000,9999.000,9999.000,9999.000,9999.000,9999.000,9999.000,9999.000
202606070330,   3.395,9999.000,9999.000,9999.000,9999.000,9999.000,9999.000,9999.000,9999.000
202606070336,   3.356,9999.000,9999.000,9999.000,9999.000,9999.000,9999.000,9999.000,9999.000
202606070342,   3.319,9999.000,9999.000,9999.000,9999.000,9999.000,9999.000,9999.000,9999.000
202606070348,   3.283,9999.000,9999.000,9999.000,9999.000,9999.000,9999.000,9999.000,9999.000
202606070354,   3.249,9999.000,9999.000,9999.000,9999.000,9999.000,9999.000,9999.000,9999.000
202606070400,   3.216,9999.000,   0.300,  -0.066,   3.450,   0.300,   3.450,   0.400,   3.550
202606070406,   3.185,9999.000,9999.000,9999.000,9999.000,9999.000,9999.000,9999.000,9999.000
202606070412,   3.155,9999.000,9999.000,9999.000,9999.000,9999.000,9999.000,9999.000,9999.000
202606070418,   3.128,9999.000,9999.000,9999.000,9999.000,9999.000,9999.000,9999.000,9999.000
202606070424,   3.103,9999.000,9999.000,9999.000,9999.000,9999.000,9999.000,9999.000,9999.000
202606070430,   3.079,9999.000,9999.000,9999.000,9999.000,9999.000,9999.000,9999.000,9999.000
202606070436,   3.058,9999.000,9999.000,9999.000,9999.000,9999.000,9999.000,9999.000,9999.000
202606070442,   3.039,9999.000,9999.000,9999.000,9999.000,9999.000,9999.000,9999.000,9999.000
202606070448,   3.022,9999.000,9999.000,9999.000,9999.000,9999.000,9999.000,9999.000,9999.000
202606070454,   3.008,9999.000,9999.000,9999.000,9999.000,9999.000,9999.000,9999.000,9999.000
202606070500,   2.996,9999.000,   0.300,  -0.055,   3.241,   0.300,   3.241,   0.400,   3.341
202606070506,   2.986,9999.000,9999.000,9999.000,9999.000,9999.000,9999.000,9999.000,9999.000
202606070512,   2.979,9999.000,9999.000,9999.000,9999.000,9999.000,9999.000,9999.000,9999.000
202606070518,   2.974,9999.000,9999.000,9999.000,9999.000,9999.000,9999.000,9999.000,9999.000
202606070524,   2.971,9999.000,9999.000,9999.000,9999.000,9999.000,9999.000,9999.000,9999.000
202606070530,   2.971,9999.000,9999.000,9999.000,9999.000,9999.000,9999.000,9999.000,9999.000
202606070536,   2.974,9999.000,9999.000,9999.000,9999.000,9999.000,9999.000,9999.000,9999.000
202606070542,   2.979,9999.000,9999.000,9999.000,9999.000,9999.000,9999.000,9999.000,9999.000
202606070548,   2.986,9999.000,9999.000,9999.000,9999.000,9999.000,9999.000,9999.000,9999.000
202606070554,   2.996,9999.000,9999.000,9999.000,9999.000,9999.000,9999.000,9999.000,9999.000
202606070600,   3.008,9999.000,   0.300,  -0.038,   3.270,   0.200,   3.170,   0.300,   3.270
202606070606,   3.023,9999.000,9999.000,9999.000,9999.000,9999.000,9999.000,9999.000,9999.000
202606070612,   3.039,9999.000,9999.000,9999.000,9999.000,9999.000,9999.000,9999.000,9999.000
202606070618,   3.058,9999.000,9999.000,9999.000,9999.000,9999.000,9999.000,9999.000,9999.000
202606070624,   3.079,9999.000,9999.000,9999.000,9999.000,9999.000,9999.000,9999.000,9999.000
202606070630,   3.102,9999.000,9999.000,9999.000,9999.000,9999.000,9999.000,9999.000,9999.000
202606070636,   3.128,9999.000,9999.000,9999.000,9999.000,9999.000,9999.000,9999.000,9999.000
202606070642,   3.155,9999.000,9999.000,9999.000,9999.000,9999.000,9999.000,9999.000,9999.000
202606070648,   3.184,9999.000,9999.000,9999.000,9999.000,9999.000,9999.000,9999.000,9999.000
202606070654,   3.214,9999.000,9999.000,9999.000,9999.000,9999.000,9999.000,9999.000,9999.000
202606070700,   3.246,9999.000,   0.300,  -0.024,   3.522,   0.200,   3.422,   0.300,   3.522
202606070706,   3.280,9999.000,9999.000,9999.000,9999.000,9999.000,9999.000,9999.000,9999.000
202606070712,   3.315,9999.000,9999.000,9999.000,9999.000,9999.000,9999.000,9999.000,9999.000
202606070718,   3.352,9999.000,9999.000,9999.000,9999.000,9999.000,9999.000,9999.000,9999.000
202606070724,   3.389,9999.000,9999.000,9999.000,9999.000,9999.000,9999.000,9999.000,9999.000
202606070730,   3.428,9999.000,9999.000,9999.000,9999.000,9999.000,9999.000,9999.000,9999.000
202606070736,   3.468,9999.000,9999.000,9999.000,9999.000,9999.000,9999.000,9999.000,9999.000
202606070742,   3.508,9999.000,9999.000,9999.000,9999.000,9999.000,9999.000,9999.000,9999.000
202606070748,   3.549,9999.000,9999.000,9999.000,9999.000,9999.000,9999.000,9999.000,9999.000
202606070754,   3.591,9999.000,9999.000,9999.000,9999.000,9999.000,9999.000,9999.000,9999.000
202606070800,   3.633,9999.000,   0.300,  -0.006,   3.927,   0.300,   3.927,   0.400,   4.027
202606070806,   3.675,9999.000,9999.000,9999.000,9999.000,9999.000,9999.000,9999.000,9999.000
202606070812,   3.717,9999.000,9999.000,9999.000,9999.000,9999.000,9999.000,9999.000,9999.000
202606070818,   3.759,9999.000,9999.000,9999.000,9999.000,9999.000,9999.000,9999.000,9999.000
202606070824,   3.801,9999.000,9999.000,9999.000,9999.000,9999.000,9999.000,9999.000,9999.000
202606070830,   3.843,9999.000,9999.000,9999.000,9999.000,9999.000,9999.000,9999.000,9999.000
202606070836,   3.884,9999.000,9999.000,9999.000,9999.000,9999.000,9999.000,9999.000,9999.000
202606070842,   3.924,9999.000,9999.000,9999.000,9999.000,9999.000,9999.000,9999.000,9999.000
202606070848,   3.964,9999.000,9999.000,9999.000,9999.000,9999.000,9999.000,9999.000,9999.000
202606070854,   4.002,9999.000,9999.000,9999.000,9999.000,9999.000,9999.000,9999.000,9999.000
202606070900,   4.040,9999.000,   0.300,   0.023,   4.363,   0.300,   4.363,   0.400,   4.463
202606070906,   4.076,9999.000,9999.000,9999.000,9999.000,9999.000,9999.000,9999.000,9999.000
202606070912,   4.111,9999.000,9999.000,9999.000,9999.000,9999.000,9999.000,9999.000,9999.000
202606070918,   4.145,9999.000,9999.000,9999.000,9999.000,9999.000,9999.000,9999.000,9999.000
202606070924,   4.176,9999.000,9999.000,9999.000,9999.000,9999.000,9999.000,9999.000,9999.000
202606070930,   4.206,9999.000,9999.000,9999.000,9999.000,9999.000,9999.000,9999.000,9999.000
202606070936,   4.234,9999.000,9999.000,9999.000,9999.000,9999.000,9999.000,9999.000,9999.000
202606070942,   4.260,9999.000,9999.000,9999.000,9999.000,9999.000,9999.000,9999.000,9999.000
202606070948,   4.284,9999.000,9999.000,9999.000,9999.000,9999.000,9999.000,9999.000,9999.000
202606070954,   4.305,9999.000,9999.000,9999.000,9999.000,9999.000,9999.000,9999.000,9999.000
202606071000,   4.324,9999.000,   0.300,   0.050,   4.674,   0.200,   4.574,   0.300,   4.674
202606071006,   4.340,9999.000,9999.000,9999.000,9999.000,9999.000,9999.000,9999.000,9999.000
202606071012,   4.354,9999.000,9999.000,9999.000,9999.000,9999.000,9999.000,9999.000,9999.000
202606071018,   4.365,9999.000,9999.000,9999.000,9999.000,9999.000,9999.000,9999.000,9999.000
202606071024,   4.373,9999.000,9999.000,9999.000,9999.000,9999.000,9999.000,9999.000,9999.000
202606071030,   4.378,9999.000,9999.000,9999.000,9999.000,9999.000,9999.000,9999.000,9999.000
202606071036,   4.381,9999.000,9999.000,9999.000,9999.000,9999.000,9999.000,9999.000,9999.000
202606071042,   4.380,9999.000,9999.000,9999.000,9999.000,9999.000,9999.000,9999.000,9999.000
202606071048,   4.376,9999.000,9999.000,9999.000,9999.000,9999.000,9999.000,9999.000,9999.000
202606071054,   4.369,9999.000,9999.000,9999.000,9999.000,9999.000,9999.000,9999.000,9999.000
202606071100,   4.358,9999.000,   0.200,   0.060,   4.618,   0.200,   4.618,   0.300,   4.718
202606071106,   4.345,9999.000,9999.000,9999.000,9999.000,9999.000,9999.000,9999.000,9999.000
202606071112,   4.328,9999.000,9999.000,9999.000,9999.000,9999.000,9999.000,9999.000,9999.000
202606071118,   4.308,9999.000,9999.000,9999.000,9999.000,9999.000,9999.000,9999.000,9999.000
202606071124,   4.284,9999.000,9999.000,9999.000,9999.000,9999.000,9999.000,9999.000,9999.000
202606071130,   4.257,9999.000,9999.000,9999.000,9999.000,9999.000,9999.000,9999.000,9999.000
202606071136,   4.226,9999.000,9999.000,9999.000,9999.000,9999.000,9999.000,9999.000,9999.000
202606071142,   4.193,9999.000,9999.000,9999.000,9999.000,9999.000,9999.000,9999.000,9999.000
202606071148,   4.155,9999.000,9999.000,9999.000,9999.000,9999.000,9999.000,9999.000,9999.000
202606071154,   4.115,9999.000,9999.000,9999.000,9999.000,9999.000,9999.000,9999.000,9999.000
202606071200,   4.071,9999.000,   0.300,   0.057,   4.428,   0.200,   4.328,   0.300,   4.428
202606071206,   4.024,9999.000,9999.000,9999.000,9999.000,9999.000,9999.000,9999.000,9999.000
202606071212,   3.974,9999.000,9999.000,9999.000,9999.000,9999.000,9999.000,9999.000,9999.000
202606071218,   3.921,9999.000,9999.000,9999.000,9999.000,9999.000,9999.000,9999.000,9999.000
202606071224,   3.864,9999.000,9999.000,9999.000,9999.000,9999.000,9999.000,9999.000,9999.000
202606071230,   3.805,9999.000,9999.000,9999.000,9999.000,9999.000,9999.000,9999.000,9999.000
202606071236,   3.742,9999.000,9999.000,9999.000,9999.000,9999.000,9999.000,9999.000,9999.000
202606071242,   3.677,9999.000,9999.000,9999.000,9999.000,9999.000,9999.000,9999.000,9999.000
202606071248,   3.610,9999.000,9999.000,9999.000,9999.000,9999.000,9999.000,9999.000,9999.000
202606071254,   3.539,9999.000,9999.000,9999.000,9999.000,9999.000,9999.000,9999.000,9999.000
202606071300,   3.466,9999.000,   0.300,   0.063,   3.829,   0.200,   3.729,   0.300,   3.829
202606071306,   3.391,9999.000,9999.000,9999.000,9999.000,9999.000,9999.000,9999.000,9999.000
202606071312,   3.313,9999.000,9999.000,9999.000,9999.000,9999.000,9999.000,9999.000,9999.000
202606071318,   3.234,9999.000,9999.000,9999.000,9999.000,9999.000,9999.000,9999.000,9999.000
202606071324,   3.152,9999.000,9999.000,9999.000,9999.000,9999.000,9999.000,9999.000,9999.000
202606071330,   3.069,9999.000,9999.000,9999.000,9999.000,9999.000,9999.000,9999.000,9999.000
202606071336,   2.984,9999.000,9999.000,9999.000,9999.000,9999.000,9999.000,9999.000,9999.000
202606071342,   2.898,9999.000,9999.000,9999.000,9999.000,9999.000,9999.000,9999.000,9999.000
202606071348,   2.810,9999.000,9999.000,9999.000,9999.000,9999.000,9999.000,9999.000,9999.000
202606071354,   2.721,9999.000,9999.000,9999.000,9999.000,9999.000,9999.000,9999.000,9999.000
202606071400,   2.631,9999.000,   0.300,   0.089,   3.020,   0.200,   2.920,   0.300,   3.020
202606071406,   2.540,9999.000,9999.000,9999.000,9999.000,9999.000,9999.000,9999.000,9999.000
202606071412,   2.449,9999.000,9999.000,9999.000,9999.000,9999.000,9999.000,9999.000,9999.000
202606071418,   2.358,9999.000,9999.000,9999.000,9999.000,9999.000,9999.000,9999.000,9999.000
202606071424,   2.266,9999.000,9999.000,9999.000,9999.000,9999.000,9999.000,9999.000,9999.000
202606071430,   2.174,9999.000,9999.000,9999.000,9999.000,9999.000,9999.000,9999.000,9999.000
202606071436,   2.082,9999.000,9999.000,9999.000,9999.000,9999.000,9999.000,9999.000,9999.000
202606071442,   1.991,9999.000,9999.000,9999.000,9999.000,9999.000,9999.000,9999.000,9999.000
202606071448,   1.900,9999.000,9999.000,9999.000,9999.000,9999.000,9999.000,9999.000,9999.000
202606071454,   1.810,9999.000,9999.000,9999.000,9999.000,9999.000,9999.000,9999.000,9999.000
202606071500,   1.721,9999.000,   0.300,   0.134,   2.155,   0.300,   2.155,   0.400,   2.255
202606071506,   1.633,9999.000,9999.000,9999.000,9999.000,9999.000,9999.000,9999.000,9999.000
202606071512,   1.546,9999.000,9999.000,9999.000,9999.000,9999.000,9999.000,9999.000,9999.000
202606071518,   1.461,9999.000,9999.000,9999.000,9999.000,9999.000,9999.000,9999.000,9999.000
202606071524,   1.377,9999.000,9999.000,9999.000,9999.000,9999.000,9999.000,9999.000,9999.000
202606071530,   1.296,9999.000,9999.000,9999.000,9999.000,9999.000,9999.000,9999.000,9999.000
202606071536,   1.216,9999.000,9999.000,9999.000,9999.000,9999.000,9999.000,9999.000,9999.000
202606071542,   1.139,9999.000,9999.000,9999.000,9999.000,9999.000,9999.000,9999.000,9999.000
202606071548,   1.064,9999.000,9999.000,9999.000,9999.000,9999.000,9999.000,9999.000,9999.000
202606071554,   0.992,9999.000,9999.000,9999.000,9999.000,9999.000,9999.000,9999.000,9999.000
202606071600,   0.922,9999.000,   0.300,   0.179,   1.401,   0.300,   1.401,   0.400,   1.501
202606071606,   0.855,9999.000,9999.000,9999.000,9999.000,9999.000,9999.000,9999.000,9999.000
202606071612,   0.792,9999.000,9999.000,9999.000,9999.000,9999.000,9999.000,9999.000,9999.000
202606071618,   0.731,9999.000,9999.000,9999.000,9999.000,9999.000,9999.000,9999.000,9999.000
202606071624,   0.674,9999.000,9999.000,9999.000,9999.000,9999.000,9999.000,9999.000,9999.000
202606071630,   0.620,9999.000,9999.000,9999.000,9999.000,9999.000,9999.000,9999.000,9999.000
202606071636,   0.570,9999.000,9999.000,9999.000,9999.000,9999.000,9999.000,9999.000,9999.000
202606071642,   0.524,9999.000,9999.000,9999.000,9999.000,9999.000,9999.000,9999.000,9999.000
202606071648,   0.481,9999.000,9999.000,9999.000,9999.000,9999.000,9999.000,9999.000,9999.000
202606071654,   0.442,9999.000,9999.000,9999.000,9999.000,9999.000,9999.000,9999.000,9999.000
202606071700,   0.408,9999.000,   0.400,   0.202,   1.010,   0.300,   0.910,   0.400,   1.010
202606071706,   0.377,9999.000,9999.000,9999.000,9999.000,9999.000,9999.000,9999.000,9999.000
202606071712,   0.351,9999.000,9999.000,9999.000,9999.000,9999.000,9999.000,9999.000,9999.000
202606071718,   0.328,9999.000,9999.000,9999.000,9999.000,9999.000,9999.000,9999.000,9999.000
202606071724,   0.310,9999.000,9999.000,9999.000,9999.000,9999.000,9999.000,9999.000,9999.000
202606071730,   0.297,9999.000,9999.000,9999.000,9999.000,9999.000,9999.000,9999.000,9999.000
202606071736,   0.287,9999.000,9999.000,9999.000,9999.000,9999.000,9999.000,9999.000,9999.000
202606071742,   0.282,9999.000,9999.000,9999.000,9999.000,9999.000,9999.000,9999.000,9999.000
202606071748,   0.282,9999.000,9999.000,9999.000,9999.000,9999.000,9999.000,9999.000,9999.000
202606071754,   0.286,9999.000,9999.000,9999.000,9999.000,9999.000,9999.000,9999.000,9999.000
202606071800,   0.294,9999.000,   0.400,   0.194,   0.888,   0.300,   0.788,   0.400,   0.888
202606071806,   0.307,9999.000,9999.000,9999.000,9999.000,9999.000,9999.000,9999.000,9999.000
202606071812,   0.324,9999.000,9999.000,9999.000,9999.000,9999.000,9999.000,9999.000,9999.000
202606071818,   0.345,9999.000,9999.000,9999.000,9999.000,9999.000,9999.000,9999.000,9999.000
202606071824,   0.371,9999.000,9999.000,9999.000,9999.000,9999.000,9999.000,9999.000,9999.000
202606071830,   0.401,9999.000,9999.000,9999.000,9999.000,9999.000,9999.000,9999.000,9999.000
202606071836,   0.435,9999.000,9999.000,9999.000,9999.000,9999.000,9999.000,9999.000,9999.000
202606071842,   0.473,9999.000,9999.000,9999.000,9999.000,9999.000,9999.000,9999.000,9999.000
202606071848,   0.515,9999.000,9999.000,9999.000,9999.000,9999.000,9999.000,9999.000,9999.000
202606071854,   0.562,9999.000,9999.000,9999.000,9999.000,9999.000,9999.000,9999.000,9999.000
202606071900,   0.612,9999.000,   0.400,   0.163,   1.175,   0.300,   1.075,   0.400,   1.175
202606071906,   0.665,9999.000,9999.000,9999.000,9999.000,9999.000,9999.000,9999.000,9999.000
202606071912,   0.723,9999.000,9999.000,9999.000,9999.000,9999.000,9999.000,9999.000,9999.000
202606071918,   0.784,9999.000,9999.000,9999.000,9999.000,9999.000,9999.000,9999.000,9999.000
202606071924,   0.849,9999.000,9999.000,9999.000,9999.000,9999.000,9999.000,9999.000,9999.000
202606071930,   0.916,9999.000,9999.000,9999.000,9999.000,9999.000,9999.000,9999.000,9999.000
202606071936,   0.987,9999.000,9999.000,9999.000,9999.000,9999.000,9999.000,9999.000,9999.000
202606071942,   1.061,9999.000,9999.000,9999.000,9999.000,9999.000,9999.000,9999.000,9999.000
202606071948,   1.138,9999.000,9999.000,9999.000,9999.000,9999.000,9999.000,9999.000,9999.000
202606071954,   1.217,9999.000,9999.000,9999.000,9999.000,9999.000,9999.000,9999.000,9999.000
202606072000,   1.299,9999.000,   0.400,   0.122,   1.821,   0.300,   1.721,   0.400,   1.821
202606072006,   1.383,9999.000,9999.000,9999.000,9999.000,9999.000,9999.000,9999.000,9999.000
202606072012,   1.469,9999.000,9999.000,9999.000,9999.000,9999.000,9999.000,9999.000,9999.000
202606072018,   1.558,9999.000,9999.000,9999.000,9999.000,9999.000,9999.000,9999.000,9999.000
202606072024,   1.648,9999.000,9999.000,9999.000,9999.000,9999.000,9999.000,9999.000,9999.000
202606072030,   1.740,9999.000,9999.000,9999.000,9999.000,9999.000,9999.000,9999.000,9999.000
202606072036,   1.833,9999.000,9999.000,9999.000,9999.000,9999.000,9999.000,9999.000,9999.000
202606072042,   1.927,9999.000,9999.000,9999.000,9999.000,9999.000,9999.000,9999.000,9999.000
202606072048,   2.023,9999.000,9999.000,9999.000,9999.000,9999.000,9999.000,9999.000,9999.000
202606072054,   2.119,9999.000,9999.000,9999.000,9999.000,9999.000,9999.000,9999.000,9999.000
202606072100,   2.216,9999.000,   0.400,   0.071,   2.687,   0.300,   2.587,   0.400,   2.687
202606072106,   2.313,9999.000,9999.000,9999.000,9999.000,9999.000,9999.000,9999.000,9999.000
202606072112,   2.411,9999.000,9999.000,9999.000,9999.000,9999.000,9999.000,9999.000,9999.000
202606072118,   2.508,9999.000,9999.000,9999.000,9999.000,9999.000,9999.000,9999.000,9999.000
202606072124,   2.606,9999.000,9999.000,9999.000,9999.000,9999.000,9999.000,9999.000,9999.000
202606072130,   2.703,9999.000,9999.000,9999.000,9999.000,9999.000,9999.000,9999.000,9999.000
202606072136,   2.800,9999.000,9999.000,9999.000,9999.000,9999.000,9999.000,9999.000,9999.000
202606072142,   2.896,9999.000,9999.000,9999.000,9999.000,9999.000,9999.000,9999.000,9999.000
202606072148,   2.991,9999.000,9999.000,9999.000,9999.000,9999.000,9999.000,9999.000,9999.000
202606072154,   3.085,9999.000,9999.000,9999.000,9999.000,9999.000,9999.000,9999.000,9999.000
202606072200,   3.177,9999.000,   0.400,   0.009,   3.586,   0.300,   3.486,   0.400,   3.586
202606072206,   3.268,9999.000,9999.000,9999.000,9999.000,9999.000,9999.000,9999.000,9999.000
202606072212,   3.358,9999.000,9999.000,9999.000,9999.000,9999.000,9999.000,9999.000,9999.000
202606072218,   3.445,9999.000,9999.000,9999.000,9999.000,9999.000,9999.000,9999.000,9999.000
202606072224,   3.531,9999.000,9999.000,9999.000,9999.000,9999.000,9999.000,9999.000,9999.000
202606072230,   3.614,9999.000,9999.000,9999.000,9999.000,9999.000,9999.000,9999.000,9999.000
202606072236,   3.695,9999.000,9999.000,9999.000,9999.000,9999.000,9999.000,9999.000,9999.000
202606072242,   3.774,9999.000,9999.000,9999.000,9999.000,9999.000,9999.000,9999.000,9999.000
202606072248,   3.850,9999.000,9999.000,9999.000,9999.000,9999.000,9999.000,9999.000,9999.000
202606072254,   3.923,9999.000,9999.000,9999.000,9999.000,9999.000,9999.000,9999.000,9999.000
202606072300,   3.994,9999.000,   0.400,  -0.045,   4.349,   0.300,   4.249,   0.400,   4.349
202606072306,   4.061,9999.000,9999.000,9999.000,9999.000,9999.000,9999.000,9999.000,9999.000
202606072312,   4.126,9999.000,9999.000,9999.000,9999.000,9999.000,9999.000,9999.000,9999.000
202606072318,   4.187,9999.000,9999.000,9999.000,9999.000,9999.000,9999.000,9999.000,9999.000
202606072324,   4.245,9999.000,9999.000,9999.000,9999.000,9999.000,9999.000,9999.000,9999.000
202606072330,   4.299,9999.000,9999.000,9999.000,9999.000,9999.000,9999.000,9999.000,9999.000
202606072336,   4.350,9999.000,9999.000,9999.000,9999.000,9999.000,9999.000,9999.000,9999.000
202606072342,   4.397,9999.000,9999.000,9999.000,9999.000,9999.000,9999.000,9999.000,9999.000
202606072348,   4.441,9999.000,9999.000,9999.000,9999.000,9999.000,9999.000,9999.000,9999.000
202606072354,   4.481,9999.000,9999.000,9999.000,9999.000,9999.000,9999.000,9999.000,9999.000
202606080000,   4.517,9999.000,   0.400,  -0.067,   4.850,   0.300,   4.750,   0.400,   4.850
202606080006,   4.550,9999.000,9999.000,9999.000,9999.000,9999.000,9999.000,9999.000,9999.000
202606080012,   4.579,9999.000,9999.000,9999.000,9999.000,9999.000,9999.000,9999.000,9999.000
202606080018,   4.604,9999.000,9999.000,9999.000,9999.000,9999.000,9999.000,9999.000,9999.000
202606080024,   4.625,9999.000,9999.000,9999.000,9999.000,9999.000,9999.000,9999.000,9999.000
202606080030,   4.642,9999.000,9999.000,9999.000,9999.000,9999.000,9999.000,9999.000,9999.000
202606080036,   4.656,9999.000,9999.000,9999.000,9999.000,9999.000,9999.000,9999.000,9999.000
202606080042,   4.666,9999.000,9999.000,9999.000,9999.000,9999.000,9999.000,9999.000,9999.000
202606080048,   4.672,9999.000,9999.000,9999.000,9999.000,9999.000,9999.000,9999.000,9999.000
202606080054,   4.674,9999.000,9999.000,9999.000,9999.000,9999.000,9999.000,9999.000,9999.000
202606080100,   4.673,9999.000,   0.400,  -0.068,   5.005,   0.300,   4.905,   0.400,   5.005
202606080106,   4.668,9999.000,9999.000,9999.000,9999.000,9999.000,9999.000,9999.000,9999.000
202606080112,   4.659,9999.000,9999.000,9999.000,9999.000,9999.000,9999.000,9999.000,9999.000
202606080118,   4.647,9999.000,9999.000,9999.000,9999.000,9999.000,9999.000,9999.000,9999.000
202606080124,   4.632,9999.000,9999.000,9999.000,9999.000,9999.000,9999.000,9999.000,9999.000
202606080130,   4.613,9999.000,9999.000,9999.000,9999.000,9999.000,9999.000,9999.000,9999.000
202606080136,   4.591,9999.000,9999.000,9999.000,9999.000,9999.000,9999.000,9999.000,9999.000
202606080142,   4.566,9999.000,9999.000,9999.000,9999.000,9999.000,9999.000,9999.000,9999.000
202606080148,   4.538,9999.000,9999.000,9999.000,9999.000,9999.000,9999.000,9999.000,9999.000
202606080154,   4.507,9999.000,9999.000,9999.000,9999.000,9999.000,9999.000,9999.000,9999.000
202606080200,   4.474,9999.000,   0.300,  -0.083,   4.691,   0.300,   4.691,   0.400,   4.791
202606080206,   4.437,9999.000,9999.000,9999.000,9999.000,9999.000,9999.000,9999.000,9999.000
202606080212,   4.398,9999.000,9999.000,9999.000,9999.000,9999.000,9999.000,9999.000,9999.000
202606080218,   4.357,9999.000,9999.000,9999.000,9999.000,9999.000,9999.000,9999.000,9999.000
202606080224,   4.314,9999.000,9999.000,9999.000,9999.000,9999.000,9999.000,9999.000,9999.000
202606080230,   4.269,9999.000,9999.000,9999.000,9999.000,9999.000,9999.000,9999.000,9999.000
202606080236,   4.221,9999.000,9999.000,9999.000,9999.000,9999.000,9999.000,9999.000,9999.000
202606080242,   4.172,9999.000,9999.000,9999.000,9999.000,9999.000,9999.000,9999.000,9999.000
202606080248,   4.121,9999.000,9999.000,9999.000,9999.000,9999.000,9999.000,9999.000,9999.000
202606080254,   4.069,9999.000,9999.000,9999.000,9999.000,9999.000,9999.000,9999.000,9999.000
202606080300,   4.016,9999.000,   0.300,  -0.111,   4.205,   0.200,   4.105,   0.400,   4.305
202606080306,   3.961,9999.000,9999.000,9999.000,9999.000,9999.000,9999.000,9999.000,9999.000
202606080312,   3.906,9999.000,9999.000,9999.000,9999.000,9999.000,9999.000,9999.000,9999.000
202606080318,   3.850,9999.000,9999.000,9999.000,9999.000,9999.000,9999.000,9999.000,9999.000
202606080324,   3.793,9999.000,9999.000,9999.000,9999.000,9999.000,9999.000,9999.000,9999.000
202606080330,   3.735,9999.000,9999.000,9999.000,9999.000,9999.000,9999.000,9999.000,9999.000
202606080336,   3.678,9999.000,9999.000,9999.000,9999.000,9999.000,9999.000,9999.000,9999.000
202606080342,   3.620,9999.000,9999.000,9999.000,9999.000,9999.000,9999.000,9999.000,9999.000
202606080348,   3.563,9999.000,9999.000,9999.000,9999.000,9999.000,9999.000,9999.000,9999.000
202606080354,   3.505,9999.000,9999.000,9999.000,9999.000,9999.000,9999.000,9999.000,9999.000
202606080400,   3.448,9999.000,   0.300,  -0.114,   3.634,   0.300,   3.634,   0.400,   3.734
202606080406,   3.392,9999.000,9999.000,9999.000,9999.000,9999.000,9999.000,9999.000,9999.000
202606080412,   3.336,9999.000,9999.000,9999.000,9999.000,9999.000,9999.000,9999.000,9999.000
202606080418,   3.281,9999.000,9999.000,9999.000,9999.000,9999.000,9999.000,9999.000,9999.000
202606080424,   3.227,9999.000,9999.000,9999.000,9999.000,9999.000,9999.000,9999.000,9999.000
202606080430,   3.174,9999.000,9999.000,9999.000,9999.000,9999.000,9999.000,9999.000,9999.000
202606080436,   3.123,9999.000,9999.000,9999.000,9999.000,9999.000,9999.000,9999.000,9999.000
202606080442,   3.073,9999.000,9999.000,9999.000,9999.000,9999.000,9999.000,9999.000,9999.000
202606080448,   3.024,9999.000,9999.000,9999.000,9999.000,9999.000,9999.000,9999.000,9999.000
202606080454,   2.978,9999.000,9999.000,9999.000,9999.000,9999.000,9999.000,9999.000,9999.000
202606080500,   2.933,9999.000,   0.300,  -0.080,   3.153,   0.300,   3.153,   0.400,   3.253
202606080506,   2.890,9999.000,9999.000,9999.000,9999.000,9999.000,9999.000,9999.000,9999.000
202606080512,   2.849,9999.000,9999.000,9999.000,9999.000,9999.000,9999.000,9999.000,9999.000
202606080518,   2.810,9999.000,9999.000,9999.000,9999.000,9999.000,9999.000,9999.000,9999.000
202606080524,   2.773,9999.000,9999.000,9999.000,9999.000,9999.000,9999.000,9999.000,9999.000
202606080530,   2.739,9999.000,9999.000,9999.000,9999.000,9999.000,9999.000,9999.000,9999.000
202606080536,   2.707,9999.000,9999.000,9999.000,9999.000,9999.000,9999.000,9999.000,9999.000
202606080542,   2.677,9999.000,9999.000,9999.000,9999.000,9999.000,9999.000,9999.000,9999.000
202606080548,   2.650,9999.000,9999.000,9999.000,9999.000,9999.000,9999.000,9999.000,9999.000
202606080554,   2.626,9999.000,9999.000,9999.000,9999.000,9999.000,9999.000,9999.000,9999.000
202606080600,   2.604,9999.000,   0.300,  -0.040,   2.864,   0.300,   2.864,   0.400,   2.964
202606080606,   2.585,9999.000,9999.000,9999.000,9999.000,9999.000,9999.000,9999.000,9999.000
202606080612,   2.568,9999.000,9999.000,9999.000,9999.000,9999.000,9999.000,9999.000,9999.000
202606080618,   2.555,9999.000,9999.000,9999.000,9999.000,9999.000,9999.000,9999.000,9999.000
202606080624,   2.544,9999.000,9999.000,9999.000,9999.000,9999.000,9999.000,9999.000,9999.000
202606080630,   2.535,9999.000,9999.000,9999.000,9999.000,9999.000,9999.000,9999.000,9999.000
202606080636,   2.530,9999.000,9999.000,9999.000,9999.000,9999.000,9999.000,9999.000,9999.000
202606080642,   2.527,9999.000,9999.000,9999.000,9999.000,9999.000,9999.000,9999.000,9999.000
202606080648,   2.528,9999.000,9999.000,9999.000,9999.000,9999.000,9999.000,9999.000,9999.000
202606080654,   2.530,9999.000,9999.000,9999.000,9999.000,9999.000,9999.000,9999.000,9999.000
202606080700,   2.536,9999.000,   0.300,  -0.020,   2.816,   0.300,   2.816,   0.400,   2.916
202606080706,   2.544,9999.000,9999.000,9999.000,9999.000,9999.000,9999.000,9999.000,9999.000
202606080712,   2.555,9999.000,9999.000,9999.000,9999.000,9999.000,9999.000,9999.000,9999.000
202606080718,   2.568,9999.000,9999.000,9999.000,9999.000,9999.000,9999.000,9999.000,9999.000
202606080724,   2.584,9999.000,9999.000,9999.000,9999.000,9999.000,9999.000,9999.000,9999.000
202606080730,   2.603,9999.000,9999.000,9999.000,9999.000,9999.000,9999.000,9999.000,9999.000
202606080736,   2.623,9999.000,9999.000,9999.000,9999.000,9999.000,9999.000,9999.000,9999.000
202606080742,   2.646,9999.000,9999.000,9999.000,9999.000,9999.000,9999.000,9999.000,9999.000
202606080748,   2.671,9999.000,9999.000,9999.000,9999.000,9999.000,9999.000,9999.000,9999.000
202606080754,   2.698,9999.000,9999.000,9999.000,9999.000,9999.000,9999.000,9999.000,9999.000
202606080800,   2.728,9999.000,   0.400,  -0.002,   3.126,   0.300,   3.026,   0.400,   3.126
202606080806,   2.759,9999.000,9999.000,9999.000,9999.000,9999.000,9999.000,9999.000,9999.000
202606080812,   2.791,9999.000,9999.000,9999.000,9999.000,9999.000,9999.000,9999.000,9999.000
202606080818,   2.826,9999.000,9999.000,9999.000,9999.000,9999.000,9999.000,9999.000,9999.000
202606080824,   2.862,9999.000,9999.000,9999.000,9999.000,9999.000,9999.000,9999.000,9999.000
202606080830,   2.899,9999.000,9999.000,9999.000,9999.000,9999.000,9999.000,9999.000,9999.000
202606080836,   2.938,9999.000,9999.000,9999.000,9999.000,9999.000,9999.000,9999.000,9999.000
202606080842,   2.978,9999.000,9999.000,9999.000,9999.000,9999.000,9999.000,9999.000,9999.000
202606080848,   3.019,9999.000,9999.000,9999.000,9999.000,9999.000,9999.000,9999.000,9999.000
202606080854,   3.060,9999.000,9999.000,9999.000,9999.000,9999.000,9999.000,9999.000,9999.000
202606080900,   3.103,9999.000,   0.400,   0.032,   3.535,   0.300,   3.435,   0.400,   3.535
202606080906,   3.146,9999.000,9999.000,9999.000,9999.000,9999.000,9999.000,9999.000,9999.000
202606080912,   3.189,9999.000,9999.000,9999.000,9999.000,9999.000,9999.000,9999.000,9999.000
202606080918,   3.232,9999.000,9999.000,9999.000,9999.000,9999.000,9999.000,9999.000,9999.000
202606080924,   3.276,9999.000,9999.000,9999.000,9999.000,9999.000,9999.000,9999.000,9999.000
202606080930,   3.320,9999.000,9999.000,9999.000,9999.000,9999.000,9999.000,9999.000,9999.000
202606080936,   3.363,9999.000,9999.000,9999.000,9999.000,9999.000,9999.000,9999.000,9999.000
202606080942,   3.406,9999.000,9999.000,9999.000,9999.000,9999.000,9999.000,9999.000,9999.000
202606080948,   3.448,9999.000,9999.000,9999.000,9999.000,9999.000,9999.000,9999.000,9999.000
202606080954,   3.490,9999.000,9999.000,9999.000,9999.000,9999.000,9999.000,9999.000,9999.000
202606081000,   3.531,9999.000,   0.400,   0.065,   3.996,   0.300,   3.896,   0.400,   3.996
202606081006,   3.571,9999.000,9999.000,9999.000,9999.000,9999.000,9999.000,9999.000,9999.000
202606081012,   3.610,9999.000,9999.000,9999.000,9999.000,9999.000,9999.000,9999.000,9999.000
202606081018,   3.647,9999.000,9999.000,9999.000,9999.000,9999.000,9999.000,9999.000,9999.000
202606081024,   3.683,9999.000,9999.000,9999.000,9999.000,9999.000,9999.000,9999.000,9999.000
202606081030,   3.717,9999.000,9999.000,9999.000,9999.000,9999.000,9999.000,9999.000,9999.000
202606081036,   3.750,9999.000,9999.000,9999.000,9999.000,9999.000,9999.000,9999.000,9999.000
202606081042,   3.781,9999.000,9999.000,9999.000,9999.000,9999.000,9999.000,9999.000,9999.000
202606081048,   3.810,9999.000,9999.000,9999.000,9999.000,9999.000,9999.000,9999.000,9999.000
202606081054,   3.837,9999.000,9999.000,9999.000,9999.000,9999.000,9999.000,9999.000,9999.000
202606081100,   3.861,9999.000,   0.300,   0.074,   4.235,   0.300,   4.235,   0.400,   4.335
202606081106,   3.884,9999.000,9999.000,9999.000,9999.000,9999.000,9999.000,9999.000,9999.000
202606081112,   3.903,9999.000,9999.000,9999.000,9999.000,9999.000,9999.000,9999.000,9999.000
202606081118,   3.921,9999.000,9999.000,9999.000,9999.000,9999.000,9999.000,9999.000,9999.000
202606081124,   3.935,9999.000,9999.000,9999.000,9999.000,9999.000,9999.000,9999.000,9999.000
202606081130,   3.947,9999.000,9999.000,9999.000,9999.000,9999.000,9999.000,9999.000,9999.000
202606081136,   3.956,9999.000,9999.000,9999.000,9999.000,9999.000,9999.000,9999.000,9999.000
202606081142,   3.962,9999.000,9999.000,9999.000,9999.000,9999.000,9999.000,9999.000,9999.000
202606081148,   3.966,9999.000,9999.000,9999.000,9999.000,9999.000,9999.000,9999.000,9999.000
202606081154,   3.966,9999.000,9999.000,9999.000,9999.000,9999.000,9999.000,9999.000,9999.000
202606081200,   3.963,9999.000,   0.300,   0.070,   4.333,   0.200,   4.233,   0.400,   4.433
202606081206,   3.957,9999.000,9999.000,9999.000,9999.000,9999.000,9999.000,9999.000,9999.000
202606081212,   3.948,9999.000,9999.000,9999.000,9999.000,9999.000,9999.000,9999.000,9999.000
202606081218,   3.936,9999.000,9999.000,9999.000,9999.000,9999.000,9999.000,9999.000,9999.000
202606081224,   3.920,9999.000,9999.000,9999.000,9999.000,9999.000,9999.000,9999.000,9999.000
202606081230,   3.901,9999.000,9999.000,9999.000,9999.000,9999.000,9999.000,9999.000,9999.000
202606081236,   3.880,9999.000,9999.000,9999.000,9999.000,9999.000,9999.000,9999.000,9999.000
202606081242,   3.855,9999.000,9999.000,9999.000,9999.000,9999.000,9999.000,9999.000,9999.000
202606081248,   3.826,9999.000,9999.000,9999.000,9999.000,9999.000,9999.000,9999.000,9999.000
202606081254,   3.795,9999.000,9999.000,9999.000,9999.000,9999.000,9999.000,9999.000,9999.000
202606081300,   3.761,9999.000,   0.300,   0.078,   4.139,   0.300,   4.139,   0.400,   4.239
202606081306,   3.723,9999.000,9999.000,9999.000,9999.000,9999.000,9999.000,9999.000,9999.000
202606081312,   3.682,9999.000,9999.000,9999.000,9999.000,9999.000,9999.000,9999.000,9999.000
202606081318,   3.639,9999.000,9999.000,9999.000,9999.000,9999.000,9999.000,9999.000,9999.000
202606081324,   3.593,9999.000,9999.000,9999.000,9999.000,9999.000,9999.000,9999.000,9999.000
202606081330,   3.543,9999.000,9999.000,9999.000,9999.000,9999.000,9999.000,9999.000,9999.000
202606081336,   3.491,9999.000,9999.000,9999.000,9999.000,9999.000,9999.000,9999.000,9999.000
202606081342,   3.437,9999.000,9999.000,9999.000,9999.000,9999.000,9999.000,9999.000,9999.000
202606081348,   3.380,9999.000,9999.000,9999.000,9999.000,9999.000,9999.000,9999.000,9999.000
202606081354,   3.320,9999.000,9999.000,9999.000,9999.000,9999.000,9999.000,9999.000,9999.000
202606081400,   3.259,9999.000,   0.300,   0.108,   3.667,   0.300,   3.667,   0.400,   3.767
202606081406,   3.195,9999.000,9999.000,9999.000,9999.000,9999.000,9999.000,9999.000,9999.000
202606081412,   3.128,9999.000,9999.000,9999.000,9999.000,9999.000,9999.000,9999.000,9999.000
202606081418,   3.061,9999.000,9999.000,9999.000,9999.000,9999.000,9999.000,9999.000,9999.000
202606081424,   2.991,9999.000,9999.000,9999.000,9999.000,9999.000,9999.000,9999.000,9999.000
202606081430,   2.919,9999.000,9999.000,9999.000,9999.000,9999.000,9999.000,9999.000,9999.000
202606081436,   2.847,9999.000,9999.000,9999.000,9999.000,9999.000,9999.000,9999.000,9999.000
202606081442,   2.772,9999.000,9999.000,9999.000,9999.000,9999.000,9999.000,9999.000,9999.000
202606081448,   2.697,9999.000,9999.000,9999.000,9999.000,9999.000,9999.000,9999.000,9999.000
202606081454,   2.621,9999.000,9999.000,9999.000,9999.000,9999.000,9999.000,9999.000,9999.000
202606081500,   2.544,9999.000,   0.300,   0.156,   3.000,   0.300,   3.000,   0.400,   3.100
202606081506,   2.466,9999.000,9999.000,9999.000,9999.000,9999.000,9999.000,9999.000,9999.000
202606081512,   2.388,9999.000,9999.000,9999.000,9999.000,9999.000,9999.000,9999.000,9999.000
202606081518,   2.309,9999.000,9999.000,9999.000,9999.000,9999.000,9999.000,9999.000,9999.000
202606081524,   2.231,9999.000,9999.000,9999.000,9999.000,9999.000,9999.000,9999.000,9999.000
202606081530,   2.152,9999.000,9999.000,9999.000,9999.000,9999.000,9999.000,9999.000,9999.000
202606081536,   2.074,9999.000,9999.000,9999.000,9999.000,9999.000,9999.000,9999.000,9999.000
202606081542,   1.996,9999.000,9999.000,9999.000,9999.000,9999.000,9999.000,9999.000,9999.000
202606081548,   1.919,9999.000,9999.000,9999.000,9999.000,9999.000,9999.000,9999.000,9999.000
202606081554,   1.842,9999.000,9999.000,9999.000,9999.000,9999.000,9999.000,9999.000,9999.000
202606081600,   1.767,9999.000,   0.400,   0.208,   2.375,   0.300,   2.275,   0.400,   2.375
202606081606,   1.693,9999.000,9999.000,9999.000,9999.000,9999.000,9999.000,9999.000,9999.000
202606081612,   1.620,9999.000,9999.000,9999.000,9999.000,9999.000,9999.000,9999.000,9999.000
202606081618,   1.549,9999.000,9999.000,9999.000,9999.000,9999.000,9999.000,9999.000,9999.000
202606081624,   1.479,9999.000,9999.000,9999.000,9999.000,9999.000,9999.000,9999.000,9999.000
202606081630,   1.411,9999.000,9999.000,9999.000,9999.000,9999.000,9999.000,9999.000,9999.000
202606081636,   1.346,9999.000,9999.000,9999.000,9999.000,9999.000,9999.000,9999.000,9999.000
202606081642,   1.282,9999.000,9999.000,9999.000,9999.000,9999.000,9999.000,9999.000,9999.000
202606081648,   1.221,9999.000,9999.000,9999.000,9999.000,9999.000,9999.000,9999.000,9999.000
202606081654,   1.163,9999.000,9999.000,9999.000,9999.000,9999.000,9999.000,9999.000,9999.000
202606081700,   1.107,9999.000,   0.400,   0.236,   1.743,   0.300,   1.643,   0.500,   1.843
202606081706,   1.055,9999.000,9999.000,9999.000,9999.000,9999.000,9999.000,9999.000,9999.000
202606081712,   1.005,9999.000,9999.000,9999.000,9999.000,9999.000,9999.000,9999.000,9999.000
202606081718,   0.958,9999.000,9999.000,9999.000,9999.000,9999.000,9999.000,9999.000,9999.000
202606081724,   0.915,9999.000,9999.000,9999.000,9999.000,9999.000,9999.000,9999.000,9999.000
202606081730,   0.875,9999.000,9999.000,9999.000,9999.000,9999.000,9999.000,9999.000,9999.000
202606081736,   0.838,9999.000,9999.000,9999.000,9999.000,9999.000,9999.000,9999.000,9999.000
202606081742,   0.805,9999.000,9999.000,9999.000,9999.000,9999.000,9999.000,9999.000,9999.000
202606081748,   0.776,9999.000,9999.000,9999.000,9999.000,9999.000,9999.000,9999.000,9999.000
202606081754,   0.751,9999.000,9999.000,9999.000,9999.000,9999.000,9999.000,9999.000,9999.000
202606081800,   0.730,9999.000,   0.400,   0.218,   1.348,   0.300,   1.248,   0.500,   1.448
202606081806,   0.712,9999.000,9999.000,9999.000,9999.000,9999.000,9999.000,9999.000,9999.000
202606081812,   0.699,9999.000,9999.000,9999.000,9999.000,9999.000,9999.000,9999.000,9999.000
202606081818,   0.689,9999.000,9999.000,9999.000,9999.000,9999.000,9999.000,9999.000,9999.000
202606081824,   0.684,9999.000,9999.000,9999.000,9999.000,9999.000,9999.000,9999.000,9999.000
202606081830,   0.683,9999.000,9999.000,9999.000,9999.000,9999.000,9999.000,9999.000,9999.000
202606081836,   0.687,9999.000,9999.000,9999.000,9999.000,9999.000,9999.000,9999.000,9999.000
202606081842,   0.694,9999.000,9999.000,9999.000,9999.000,9999.000,9999.000,9999.000,9999.000
202606081848,   0.706,9999.000,9999.000,9999.000,9999.000,9999.000,9999.000,9999.000,9999.000
202606081854,   0.722,9999.000,9999.000,9999.000,9999.000,9999.000,9999.000,9999.000,9999.000
202606081900,   0.742,9999.000,   0.400,   0.172,   1.314,   0.300,   1.214,   0.500,   1.414
202606081906,   0.766,9999.000,9999.000,9999.000,9999.000,9999.000,9999.000,9999.000,9999.000
202606081912,   0.795,9999.000,9999.000,9999.000,9999.000,9999.000,9999.000,9999.000,9999.000
202606081918,   0.828,9999.000,9999.000,9999.000,9999.000,9999.000,9999.000,9999.000,9999.000
202606081924,   0.865,9999.000,9999.000,9999.000,9999.000,9999.000,9999.000,9999.000,9999.000
202606081930,   0.906,9999.000,9999.000,9999.000,9999.000,9999.000,9999.000,9999.000,9999.000
202606081936,   0.950,9999.000,9999.000,9999.000,9999.000,9999.000,9999.000,9999.000,9999.000
202606081942,   0.999,9999.000,9999.000,9999.000,9999.000,9999.000,9999.000,9999.000,9999.000
202606081948,   1.052,9999.000,9999.000,9999.000,9999.000,9999.000,9999.000,9999.000,9999.000
202606081954,   1.108,9999.000,9999.000,9999.000,9999.000,9999.000,9999.000,9999.000,9999.000
202606082000,   1.168,9999.000,   0.500,   0.131,   1.799,   0.400,   1.699,   0.500,   1.799
202606082006,   1.231,9999.000,9999.000,9999.000,9999.000,9999.000,9999.000,9999.000,9999.000
202606082012,   1.298,9999.000,9999.000,9999.000,9999.000,9999.000,9999.000,9999.000,9999.000
202606082018,   1.368,9999.000,9999.000,9999.000,9999.000,9999.000,9999.000,9999.000,9999.000
202606082024,   1.441,9999.000,9999.000,9999.000,9999.000,9999.000,9999.000,9999.000,9999.000
202606082030,   1.517,9999.000,9999.000,9999.000,9999.000,9999.000,9999.000,9999.000,9999.000
202606082036,   1.596,9999.000,9999.000,9999.000,9999.000,9999.000,9999.000,9999.000,9999.000
202606082042,   1.677,9999.000,9999.000,9999.000,9999.000,9999.000,9999.000,9999.000,9999.000
202606082048,   1.761,9999.000,9999.000,9999.000,9999.000,9999.000,9999.000,9999.000,9999.000
202606082054,   1.847,9999.000,9999.000,9999.000,9999.000,9999.000,9999.000,9999.000,9999.000
202606082100,   1.936,9999.000,   0.400,   0.091,   2.427,   0.400,   2.427,   0.500,   2.527
202606082106,   2.026,9999.000,9999.000,9999.000,9999.000,9999.000,9999.000,9999.000,9999.000
202606082112,   2.118,9999.000,9999.000,9999.000,9999.000,9999.000,9999.000,9999.000,9999.000
202606082118,   2.211,9999.000,9999.000,9999.000,9999.000,9999.000,9999.000,9999.000,9999.000
202606082124,   2.306,9999.000,9999.000,9999.000,9999.000,9999.000,9999.000,9999.000,9999.000
202606082130,   2.402,9999.000,9999.000,9999.000,9999.000,9999.000,9999.000,9999.000,9999.000
202606082136,   2.500,9999.000,9999.000,9999.000,9999.000,9999.000,9999.000,9999.000,9999.000
202606082142,   2.597,9999.000,9999.000,9999.000,9999.000,9999.000,9999.000,9999.000,9999.000
202606082148,   2.696,9999.000,9999.000,9999.000,9999.000,9999.000,9999.000,9999.000,9999.000
202606082154,   2.794,9999.000,9999.000,9999.000,9999.000,9999.000,9999.000,9999.000,9999.000
202606082200,   2.893,9999.000,   0.400,   0.027,   3.320,   0.300,   3.220,   0.500,   3.420
202606082206,   2.992,9999.000,9999.000,9999.000,9999.000,9999.000,9999.000,9999.000,9999.000
202606082212,   3.091,9999.000,9999.000,9999.000,9999.000,9999.000,9999.000,9999.000,9999.000
202606082218,   3.189,9999.000,9999.000,9999.000,9999.000,9999.000,9999.000,9999.000,9999.000
202606082224,   3.286,9999.000,9999.000,9999.000,9999.000,9999.000,9999.000,9999.000,9999.000
202606082230,   3.382,9999.000,9999.000,9999.000,9999.000,9999.000,9999.000,9999.000,9999.000
202606082236,   3.478,9999.000,9999.000,9999.000,9999.000,9999.000,9999.000,9999.000,9999.000
202606082242,   3.572,9999.000,9999.000,9999.000,9999.000,9999.000,9999.000,9999.000,9999.000
202606082248,   3.664,9999.000,9999.000,9999.000,9999.000,9999.000,9999.000,9999.000,9999.000
202606082254,   3.755,9999.000,9999.000,9999.000,9999.000,9999.000,9999.000,9999.000,9999.000
202606082300,   3.844,9999.000,   0.400,  -0.048,   4.196,   0.400,   4.196,   0.500,   4.296
202606082306,   3.930,9999.000,9999.000,9999.000,9999.000,9999.000,9999.000,9999.000,9999.000
202606082312,   4.015,9999.000,9999.000,9999.000,9999.000,9999.000,9999.000,9999.000,9999.000
202606082318,   4.097,9999.000,9999.000,9999.000,9999.000,9999.000,9999.000,9999.000,9999.000
202606082324,   4.177,9999.000,9999.000,9999.000,9999.000,9999.000,9999.000,9999.000,9999.000
202606082330,   4.254,9999.000,9999.000,9999.000,9999.000,9999.000,9999.000,9999.000,9999.000
202606082336,   4.328,9999.000,9999.000,9999.000,9999.000,9999.000,9999.000,9999.000,9999.000
202606082342,   4.398,9999.000,9999.000,9999.000,9999.000,9999.000,9999.000,9999.000,9999.000
202606082348,   4.466,9999.000,9999.000,9999.000,9999.000,9999.000,9999.000,9999.000,9999.000
202606082354,   4.530,9999.000,9999.000,9999.000,9999.000,9999.000,9999.000,9999.000,9999.000
202606090000,   4.591,9999.000,   0.400,  -0.090,   4.901,   0.400,   4.901,   0.500,   5.001
202606090006,   4.649,9999.000,9999.000,9999.000,9999.000,9999.000,9999.000,9999.000,9999.000
202606090012,   4.702,9999.000,9999.000,9999.000,9999.000,9999.000,9999.000,9999.000,9999.000
202606090018,   4.752,9999.000,9999.000,9999.000,9999.000,9999.000,9999.000,9999.000,9999.000
202606090024,   4.798,9999.000,9999.000,9999.000,9999.000,9999.000,9999.000,9999.000,9999.000
202606090030,   4.840,9999.000,9999.000,9999.000,9999.000,9999.000,9999.000,9999.000,9999.000
202606090036,   4.878,9999.000,9999.000,9999.000,9999.000,9999.000,9999.000,9999.000,9999.000
202606090042,   4.912,9999.000,9999.000,9999.000,9999.000,9999.000,9999.000,9999.000,9999.000
202606090048,   4.942,9999.000,9999.000,9999.000,9999.000,9999.000,9999.000,9999.000,9999.000
202606090054,   4.968,9999.000,9999.000,9999.000,9999.000,9999.000,9999.000,9999.000,9999.000
202606090100,   4.990,9999.000,   0.400,  -0.100,   5.290,   0.400,   5.290,   0.500,   5.390
202606090106,   5.007,9999.000,9999.000,9999.000,9999.000,9999.000,9999.000,9999.000,9999.000
202606090112,   5.020,9999.000,9999.000,9999.000,9999.000,9999.000,9999.000,9999.000,9999.000
202606090118,   5.029,9999.000,9999.000,9999.000,9999.000,9999.000,9999.000,9999.000,9999.000
202606090124,   5.033,9999.000,9999.000,9999.000,9999.000,9999.000,9999.000,9999.000,9999.000
202606090130,   5.034,9999.000,9999.000,9999.000,9999.000,9999.000,9999.000,9999.000,9999.000
202606090136,   5.030,9999.000,9999.000,9999.000,9999.000,9999.000,9999.000,9999.000,9999.000
202606090142,   5.022,9999.000,9999.000,9999.000,9999.000,9999.000,9999.000,9999.000,9999.000
202606090148,   5.010,9999.000,9999.000,9999.000,9999.000,9999.000,9999.000,9999.000,9999.000
202606090154,   4.994,9999.000,9999.000,9999.000,9999.000,9999.000,9999.000,9999.000,9999.000
202606090200,   4.974,9999.000,   0.400,  -0.118,   5.256,   0.400,   5.256,   0.500,   5.356
202606090206,   4.950,9999.000,9999.000,9999.000,9999.000,9999.000,9999.000,9999.000,9999.000
202606090212,   4.923,9999.000,9999.000,9999.000,9999.000,9999.000,9999.000,9999.000,9999.000
202606090218,   4.891,9999.000,9999.000,9999.000,9999.000,9999.000,9999.000,9999.000,9999.000
202606090224,   4.856,9999.000,9999.000,9999.000,9999.000,9999.000,9999.000,9999.000,9999.000
202606090230,   4.818,9999.000,9999.000,9999.000,9999.000,9999.000,9999.000,9999.000,9999.000
202606090236,   4.776,9999.000,9999.000,9999.000,9999.000,9999.000,9999.000,9999.000,9999.000
202606090242,   4.730,9999.000,9999.000,9999.000,9999.000,9999.000,9999.000,9999.000,9999.000
202606090248,   4.682,9999.000,9999.000,9999.000,9999.000,9999.000,9999.000,9999.000,9999.000
202606090254,   4.630,9999.000,9999.000,9999.000,9999.000,9999.000,9999.000,9999.000,9999.000
202606090300,   4.576,9999.000,   0.400,  -0.150,   4.826,   0.300,   4.726,   0.500,   4.926
202606090306,   4.519,9999.000,9999.000,9999.000,9999.000,9999.000,9999.000,9999.000,9999.000
202606090312,   4.459,9999.000,9999.000,9999.000,9999.000,9999.000,9999.000,9999.000,9999.000
202606090318,   4.397,9999.000,9999.000,9999.000,9999.000,9999.000,9999.000,9999.000,9999.000
202606090324,   4.332,9999.000,9999.000,9999.000,9999.000,9999.000,9999.000,9999.000,9999.000
202606090330,   4.266,9999.000,9999.000,9999.000,9999.000,9999.000,9999.000,9999.000,9999.000
202606090336,   4.197,9999.000,9999.000,9999.000,9999.000,9999.000,9999.000,9999.000,9999.000
202606090342,   4.127,9999.000,9999.000,9999.000,9999.000,9999.000,9999.000,9999.000,9999.000
202606090348,   4.055,9999.000,9999.000,9999.000,9999.000,9999.000,9999.000,9999.000,9999.000
202606090354,   3.982,9999.000,9999.000,9999.000,9999.000,9999.000,9999.000,9999.000,9999.000
202606090400,   3.908,9999.000,   0.500,  -0.148,   4.260,   0.400,   4.160,   0.500,   4.260
202606090406,   3.832,9999.000,9999.000,9999.000,9999.000,9999.000,9999.000,9999.000,9999.000
202606090412,   3.756,9999.000,9999.000,9999.000,9999.000,9999.000,9999.000,9999.000,9999.000
202606090418,   3.679,9999.000,9999.000,9999.000,9999.000,9999.000,9999.000,9999.000,9999.000
202606090424,   3.601,9999.000,9999.000,9999.000,9999.000,9999.000,9999.000,9999.000,9999.000
202606090430,   3.524,9999.000,9999.000,9999.000,9999.000,9999.000,9999.000,9999.000,9999.000
202606090436,   3.446,9999.000,9999.000,9999.000,9999.000,9999.000,9999.000,9999.000,9999.000
202606090442,   3.368,9999.000,9999.000,9999.000,9999.000,9999.000,9999.000,9999.000,9999.000
202606090448,   3.291,9999.000,9999.000,9999.000,9999.000,9999.000,9999.000,9999.000,9999.000
202606090454,   3.214,9999.000,9999.000,9999.000,9999.000,9999.000,9999.000,9999.000,9999.000
202606090500,   3.137,9999.000,   0.500,  -0.100,   3.537,   0.400,   3.437,   0.600,   3.637
202606090506,   3.062,9999.000,9999.000,9999.000,9999.000,9999.000,9999.000,9999.000,9999.000
202606090512,   2.987,9999.000,9999.000,9999.000,9999.000,9999.000,9999.000,9999.000,9999.000
202606090518,   2.914,9999.000,9999.000,9999.000,9999.000,9999.000,9999.000,9999.000,9999.000
202606090524,   2.842,9999.000,9999.000,9999.000,9999.000,9999.000,9999.000,9999.000,9999.000
202606090530,   2.771,9999.000,9999.000,9999.000,9999.000,9999.000,9999.000,9999.000,9999.000
202606090536,   2.702,9999.000,9999.000,9999.000,9999.000,9999.000,9999.000,9999.000,9999.000
202606090542,   2.635,9999.000,9999.000,9999.000,9999.000,9999.000,9999.000,9999.000,9999.000
202606090548,   2.570,9999.000,9999.000,9999.000,9999.000,9999.000,9999.000,9999.000,9999.000
202606090554,   2.507,9999.000,9999.000,9999.000,9999.000,9999.000,9999.000,9999.000,9999.000
202606090600,   2.446,9999.000,   0.500,  -0.051,   2.895,   0.400,   2.795,   0.600,   2.995
202606090606,   2.388,9999.000,9999.000,9999.000,9999.000,9999.000,9999.000,9999.000,9999.000
202606090612,   2.332,9999.000,9999.000,9999.000,9999.000,9999.000,9999.000,9999.000,9999.000
202606090618,   2.278,9999.000,9999.000,9999.000,9999.000,9999.000,9999.000,9999.000,9999.000
202606090624,   2.228,9999.000,9999.000,9999.000,9999.000,9999.000,9999.000,9999.000,9999.000
202606090630,   2.180,9999.000,9999.000,9999.000,9999.000,9999.000,9999.000,9999.000,9999.000
202606090636,   2.135,9999.000,9999.000,9999.000,9999.000,9999.000,9999.000,9999.000,9999.000
202606090642,   2.093,9999.000,9999.000,9999.000,9999.000,9999.000,9999.000,9999.000,9999.000
202606090648,   2.055,9999.000,9999.000,9999.000,9999.000,9999.000,9999.000,9999.000,9999.000
202606090654,   2.019,9999.000,9999.000,9999.000,9999.000,9999.000,9999.000,9999.000,9999.000
202606090700,   1.987,9999.000,   0.500,  -0.032,   2.455,   0.400,   2.355,   0.600,   2.555
202606090706,   1.958,9999.000,9999.000,9999.000,9999.000,9999.000,9999.000,9999.000,9999.000
202606090712,   1.932,9999.000,9999.000,9999.000,9999.000,9999.000,9999.000,9999.000,9999.000
202606090718,   1.909,9999.000,9999.000,9999.000,9999.000,9999.000,9999.000,9999.000,9999.000
202606090724,   1.890,9999.000,9999.000,9999.000,9999.000,9999.000,9999.000,9999.000,9999.000
202606090730,   1.875,9999.000,9999.000,9999.000,9999.000,9999.000,9999.000,9999.000,9999.000
202606090736,   1.862,9999.000,9999.000,9999.000,9999.000,9999.000,9999.000,9999.000,9999.000
202606090742,   1.853,9999.000,9999.000,9999.000,9999.000,9999.000,9999.000,9999.000,9999.000
202606090748,   1.848,9999.000,9999.000,9999.000,9999.000,9999.000,9999.000,9999.000,9999.000
202606090754,   1.846,9999.000,9999.000,9999.000,9999.000,9999.000,9999.000,9999.000,9999.000
202606090800,   1.847,9999.000,   0.500,  -0.011,   2.336,   0.400,   2.236,   0.600,   2.436
202606090806,   1.852,9999.000,9999.000,9999.000,9999.000,9999.000,9999.000,9999.000,9999.000
202606090812,   1.859,9999.000,9999.000,9999.000,9999.000,9999.000,9999.000,9999.000,9999.000
202606090818,   1.870,9999.000,9999.000,9999.000,9999.000,9999.000,9999.000,9999.000,9999.000
202606090824,   1.885,9999.000,9999.000,9999.000,9999.000,9999.000,9999.000,9999.000,9999.000
202606090830,   1.902,9999.000,9999.000,9999.000,9999.000,9999.000,9999.000,9999.000,9999.000
202606090836,   1.922,9999.000,9999.000,9999.000,9999.000,9999.000,9999.000,9999.000,9999.000
202606090842,   1.945,9999.000,9999.000,9999.000,9999.000,9999.000,9999.000,9999.000,9999.000
202606090848,   1.971,9999.000,9999.000,9999.000,9999.000,9999.000,9999.000,9999.000,9999.000
202606090854,   1.999,9999.000,9999.000,9999.000,9999.000,9999.000,9999.000,9999.000,9999.000
202606090900,   2.031,9999.000,   0.500,   0.034,   2.565,   0.400,   2.465,   0.600,   2.665
202606090906,   2.064,9999.000,9999.000,9999.000,9999.000,9999.000,9999.000,9999.000,9999.000
202606090912,   2.100,9999.000,9999.000,9999.000,9999.000,9999.000,9999.000,9999.000,9999.000
202606090918,   2.138,9999.000,9999.000,9999.000,9999.000,9999.000,9999.000,9999.000,9999.000
202606090924,   2.179,9999.000,9999.000,9999.000,9999.000,9999.000,9999.000,9999.000,9999.000
202606090930,   2.221,9999.000,9999.000,9999.000,9999.000,9999.000,9999.000,9999.000,9999.000
202606090936,   2.265,9999.000,9999.000,9999.000,9999.000,9999.000,9999.000,9999.000,9999.000
202606090942,   2.310,9999.000,9999.000,9999.000,9999.000,9999.000,9999.000,9999.000,9999.000
202606090948,   2.357,9999.000,9999.000,9999.000,9999.000,9999.000,9999.000,9999.000,9999.000
202606090954,   2.405,9999.000,9999.000,9999.000,9999.000,9999.000,9999.000,9999.000,9999.000
202606091000,   2.455,9999.000,   0.500,   0.074,   3.029,   0.400,   2.929,   0.500,   3.029
202606091006,   2.505,9999.000,9999.000,9999.000,9999.000,9999.000,9999.000,9999.000,9999.000
202606091012,   2.557,9999.000,9999.000,9999.000,9999.000,9999.000,9999.000,9999.000,9999.000
202606091018,   2.609,9999.000,9999.000,9999.000,9999.000,9999.000,9999.000,9999.000,9999.000
202606091024,   2.661,9999.000,9999.000,9999.000,9999.000,9999.000,9999.000,9999.000,9999.000
202606091030,   2.714,9999.000,9999.000,9999.000,9999.000,9999.000,9999.000,9999.000,9999.000
202606091036,   2.766,9999.000,9999.000,9999.000,9999.000,9999.000,9999.000,9999.000,9999.000
202606091042,   2.819,9999.000,9999.000,9999.000,9999.000,9999.000,9999.000,9999.000,9999.000
202606091048,   2.872,9999.000,9999.000,9999.000,9999.000,9999.000,9999.000,9999.000,9999.000
202606091054,   2.924,9999.000,9999.000,9999.000,9999.000,9999.000,9999.000,9999.000,9999.000
202606091100,   2.975,9999.000,   0.400,   0.082,   3.457,   0.400,   3.457,   0.500,   3.557
202606091106,   3.026,9999.000,9999.000,9999.000,9999.000,9999.000,9999.000,9999.000,9999.000
202606091112,   3.076,9999.000,9999.000,9999.000,9999.000,9999.000,9999.000,9999.000,9999.000
202606091118,   3.125,9999.000,9999.000,9999.000,9999.000,9999.000,9999.000,9999.000,9999.000
202606091124,   3.173,9999.000,9999.000,9999.000,9999.000,9999.000,9999.000,9999.000,9999.000
202606091130,   3.219,9999.000,9999.000,9999.000,9999.000,9999.000,9999.000,9999.000,9999.000
202606091136,   3.264,9999.000,9999.000,9999.000,9999.000,9999.000,9999.000,9999.000,9999.000
202606091142,   3.307,9999.000,9999.000,9999.000,9999.000,9999.000,9999.000,9999.000,9999.000
202606091148,   3.348,9999.000,9999.000,9999.000,9999.000,9999.000,9999.000,9999.000,9999.000
202606091154,   3.387,9999.000,9999.000,9999.000,9999.000,9999.000,9999.000,9999.000,9999.000
202606091200,   3.424,9999.000,   0.400,   0.078,   3.902,   0.400,   3.902,   0.500,   4.002
202606091206,   3.459,9999.000,9999.000,9999.000,9999.000,9999.000,9999.000,9999.000,9999.000
202606091212,   3.491,9999.000,9999.000,9999.000,9999.000,9999.000,9999.000,9999.000,9999.000
202606091218,   3.521,9999.000,9999.000,9999.000,9999.000,9999.000,9999.000,9999.000,9999.000
202606091224,   3.549,9999.000,9999.000,9999.000,9999.000,9999.000,9999.000,9999.000,9999.000
202606091230,   3.574,9999.000,9999.000,9999.000,9999.000,9999.000,9999.000,9999.000,9999.000
202606091236,   3.596,9999.000,9999.000,9999.000,9999.000,9999.000,9999.000,9999.000,9999.000
202606091242,   3.615,9999.000,9999.000,9999.000,9999.000,9999.000,9999.000,9999.000,9999.000
202606091248,   3.631,9999.000,9999.000,9999.000,9999.000,9999.000,9999.000,9999.000,9999.000
202606091254,   3.645,9999.000,9999.000,9999.000,9999.000,9999.000,9999.000,9999.000,9999.000
202606091300,   3.655,9999.000,   0.400,   0.091,   4.146,   0.400,   4.146,   0.500,   4.246
202606091306,   3.662,9999.000,9999.000,9999.000,9999.000,9999.000,9999.000,9999.000,9999.000
202606091312,   3.666,9999.000,9999.000,9999.000,9999.000,9999.000,9999.000,9999.000,9999.000
202606091318,   3.667,9999.000,9999.000,9999.000,9999.000,9999.000,9999.000,9999.000,9999.000
202606091324,   3.665,9999.000,9999.000,9999.000,9999.000,9999.000,9999.000,9999.000,9999.000
202606091330,   3.659,9999.000,9999.000,9999.000,9999.000,9999.000,9999.000,9999.000,9999.000
202606091336,   3.650,9999.000,9999.000,9999.000,9999.000,9999.000,9999.000,9999.000,9999.000
202606091342,   3.638,9999.000,9999.000,9999.000,9999.000,9999.000,9999.000,9999.000,9999.000
202606091348,   3.623,9999.000,9999.000,9999.000,9999.000,9999.000,9999.000,9999.000,9999.000
202606091354,   3.605,9999.000,9999.000,9999.000,9999.000,9999.000,9999.000,9999.000,9999.000
202606091400,   3.584,9999.000,   0.400,   0.122,   4.106,   0.300,   4.006,   0.500,   4.206
202606091406,   3.559,9999.000,9999.000,9999.000,9999.000,9999.000,9999.000,9999.000,9999.000
202606091412,   3.531,9999.000,9999.000,9999.000,9999.000,9999.000,9999.000,9999.000,9999.000
202606091418,   3.501,9999.000,9999.000,9999.000,9999.000,9999.000,9999.000,9999.000,9999.000
202606091424,   3.467,9999.000,9999.000,9999.000,9999.000,9999.000,9999.000,9999.000,9999.000
202606091430,   3.431,9999.000,9999.000,9999.000,9999.000,9999.000,9999.000,9999.000,9999.000
202606091436,   3.392,9999.000,9999.000,9999.000,9999.000,9999.000,9999.000,9999.000,9999.000
202606091442,   3.350,9999.000,9999.000,9999.000,9999.000,9999.000,9999.000,9999.000,9999.000
202606091448,   3.306,9999.000,9999.000,9999.000,9999.000,9999.000,9999.000,9999.000,9999.000
202606091454,   3.259,9999.000,9999.000,9999.000,9999.000,9999.000,9999.000,9999.000,9999.000
202606091500,   3.209,9999.000,   0.400,   0.167,   3.776,   0.300,   3.676,   0.500,   3.876
202606091506,   3.158,9999.000,9999.000,9999.000,9999.000,9999.000,9999.000,9999.000,9999.000
202606091512,   3.104,9999.000,9999.000,9999.000,9999.000,9999.000,9999.000,9999.000,9999.000
202606091518,   3.049,9999.000,9999.000,9999.000,9999.000,9999.000,9999.000,9999.000,9999.000
202606091524,   2.991,9999.000,9999.000,9999.000,9999.000,9999.000,9999.000,9999.000,9999.000
202606091530,   2.932,9999.000,9999.000,9999.000,9999.000,9999.000,9999.000,9999.000,9999.000
202606091536,   2.871,9999.000,9999.000,9999.000,9999.000,9999.000,9999.000,9999.000,9999.000
202606091542,   2.809,9999.000,9999.000,9999.000,9999.000,9999.000,9999.000,9999.000,9999.000
202606091548,   2.746,9999.000,9999.000,9999.000,9999.000,9999.000,9999.000,9999.000,9999.000
202606091554,   2.682,9999.000,9999.000,9999.000,9999.000,9999.000,9999.000,9999.000,9999.000
202606091600,   2.617,9999.000,   0.400,   0.221,   3.238,   0.300,   3.138,   0.500,   3.338
202606091606,   2.551,9999.000,9999.000,9999.000,9999.000,9999.000,9999.000,9999.000,9999.000
202606091612,   2.484,9999.000,9999.000,9999.000,9999.000,9999.000,9999.000,9999.000,9999.000
202606091618,   2.417,9999.000,9999.000,9999.000,9999.000,9999.000,9999.000,9999.000,9999.000
202606091624,   2.350,9999.000,9999.000,9999.000,9999.000,9999.000,9999.000,9999.000,9999.000
202606091630,   2.283,9999.000,9999.000,9999.000,9999.000,9999.000,9999.000,9999.000,9999.000
202606091636,   2.217,9999.000,9999.000,9999.000,9999.000,9999.000,9999.000,9999.000,9999.000
202606091642,   2.150,9999.000,9999.000,9999.000,9999.000,9999.000,9999.000,9999.000,9999.000
202606091648,   2.084,9999.000,9999.000,9999.000,9999.000,9999.000,9999.000,9999.000,9999.000
202606091654,   2.019,9999.000,9999.000,9999.000,9999.000,9999.000,9999.000,9999.000,9999.000
202606091700,   1.955,9999.000,   0.500,   0.254,   2.709,   0.400,   2.609,   0.500,   2.709
202606091706,   1.892,9999.000,9999.000,9999.000,9999.000,9999.000,9999.000,9999.000,9999.000
202606091712,   1.831,9999.000,9999.000,9999.000,9999.000,9999.000,9999.000,9999.000,9999.000
202606091718,   1.771,9999.000,9999.000,9999.000,9999.000,9999.000,9999.000,9999.000,9999.000
202606091724,   1.712,9999.000,9999.000,9999.000,9999.000,9999.000,9999.000,9999.000,9999.000
202606091730,   1.655,9999.000,9999.000,9999.000,9999.000,9999.000,9999.000,9999.000,9999.000
202606091736,   1.601,9999.000,9999.000,9999.000,9999.000,9999.000,9999.000,9999.000,9999.000
202606091742,   1.549,9999.000,9999.000,9999.000,9999.000,9999.000,9999.000,9999.000,9999.000
202606091748,   1.499,9999.000,9999.000,9999.000,9999.000,9999.000,9999.000,9999.000,9999.000
202606091754,   1.451,9999.000,9999.000,9999.000,9999.000,9999.000,9999.000,9999.000,9999.000
202606091800,   1.406,9999.000,   0.500,   0.231,   2.137,   0.400,   2.037,   0.500,   2.137
202606091806,   1.365,9999.000,9999.000,9999.000,9999.000,9999.000,9999.000,9999.000,9999.000
202606091812,   1.326,9999.000,9999.000,9999.000,9999.000,9999.000,9999.000,9999.000,9999.000
202606091818,   1.290,9999.000,9999.000,9999.000,9999.000,9999.000,9999.000,9999.000,9999.000
202606091824,   1.257,9999.000,9999.000,9999.000,9999.000,9999.000,9999.000,9999.000,9999.000
202606091830,   1.228,9999.000,9999.000,9999.000,9999.000,9999.000,9999.000,9999.000,9999.000
202606091836,   1.203,9999.000,9999.000,9999.000,9999.000,9999.000,9999.000,9999.000,9999.000
202606091842,   1.181,9999.000,9999.000,9999.000,9999.000,9999.000,9999.000,9999.000,9999.000
202606091848,   1.162,9999.000,9999.000,9999.000,9999.000,9999.000,9999.000,9999.000,9999.000
202606091854,   1.148,9999.000,9999.000,9999.000,9999.000,9999.000,9999.000,9999.000,9999.000
202606091900,   1.137,9999.000,   0.400,   0.172,   1.709,   0.400,   1.709,   0.500,   1.809
202606091906,   1.130,9999.000,9999.000,9999.000,9999.000,9999.000,9999.000,9999.000,9999.000
202606091912,   1.128,9999.000,9999.000,9999.000,9999.000,9999.000,9999.000,9999.000,9999.000
202606091918,   1.129,9999.000,9999.000,9999.000,9999.000,9999.000,9999.000,9999.000,9999.000
202606091924,   1.135,9999.000,9999.000,9999.000,9999.000,9999.000,9999.000,9999.000,9999.000
202606091930,   1.145,9999.000,9999.000,9999.000,9999.000,9999.000,9999.000,9999.000,9999.000
202606091936,   1.158,9999.000,9999.000,9999.000,9999.000,9999.000,9999.000,9999.000,9999.000
202606091942,   1.177,9999.000,9999.000,9999.000,9999.000,9999.000,9999.000,9999.000,9999.000
202606091948,   1.199,9999.000,9999.000,9999.000,9999.000,9999.000,9999.000,9999.000,9999.000
202606091954,   1.225,9999.000,9999.000,9999.000,9999.000,9999.000,9999.000,9999.000,9999.000
202606092000,   1.256,9999.000,   0.500,   0.132,   1.888,   0.400,   1.788,   0.500,   1.888
202606092006,   1.291,9999.000,9999.000,9999.000,9999.000,9999.000,9999.000,9999.000,9999.000
202606092012,   1.330,9999.000,9999.000,9999.000,9999.000,9999.000,9999.000,9999.000,9999.000
202606092018,   1.373,9999.000,9999.000,9999.000,9999.000,9999.000,9999.000,9999.000,9999.000
202606092024,   1.420,9999.000,9999.000,9999.000,9999.000,9999.000,9999.000,9999.000,9999.000
202606092030,   1.471,9999.000,9999.000,9999.000,9999.000,9999.000,9999.000,9999.000,9999.000
202606092036,   1.525,9999.000,9999.000,9999.000,9999.000,9999.000,9999.000,9999.000,9999.000
202606092042,   1.584,9999.000,9999.000,9999.000,9999.000,9999.000,9999.000,9999.000,9999.000
202606092048,   1.646,9999.000,9999.000,9999.000,9999.000,9999.000,9999.000,9999.000,9999.000
202606092054,   1.711,9999.000,9999.000,9999.000,9999.000,9999.000,9999.000,9999.000,9999.000
202606092100,   1.780,9999.000,   0.500,   0.108,   2.388,   0.400,   2.288,   0.500,   2.388
202606092106,   1.853,9999.000,9999.000,9999.000,9999.000,9999.000,9999.000,9999.000,9999.000
202606092112,   1.928,9999.000,9999.000,9999.000,9999.000,9999.000,9999.000,9999.000,9999.000
202606092118,   2.007,9999.000,9999.000,9999.000,9999.000,9999.000,9999.000,9999.000,9999.000
202606092124,   2.088,9999.000,9999.000,9999.000,9999.000,9999.000,9999.000,9999.000,9999.000
202606092130,   2.172,9999.000,9999.000,9999.000,9999.000,9999.000,9999.000,9999.000,9999.000
202606092136,   2.258,9999.000,9999.000,9999.000,9999.000,9999.000,9999.000,9999.000,9999.000
202606092142,   2.347,9999.000,9999.000,9999.000,9999.000,9999.000,9999.000,9999.000,9999.000
202606092148,   2.438,9999.000,9999.000,9999.000,9999.000,9999.000,9999.000,9999.000,9999.000
202606092154,   2.531,9999.000,9999.000,9999.000,9999.000,9999.000,9999.000,9999.000,9999.000
202606092200,   2.625,9999.000,   0.400,   0.052,   3.077,   0.400,   3.077,   0.500,   3.177
202606092206,   2.721,9999.000,9999.000,9999.000,9999.000,9999.000,9999.000,9999.000,9999.000
202606092212,   2.819,9999.000,9999.000,9999.000,9999.000,9999.000,9999.000,9999.000,9999.000
202606092218,   2.917,9999.000,9999.000,9999.000,9999.000,9999.000,9999.000,9999.000,9999.000
202606092224,   3.017,9999.000,9999.000,9999.000,9999.000,9999.000,9999.000,9999.000,9999.000
202606092230,   3.117,9999.000,9999.000,9999.000,9999.000,9999.000,9999.000,9999.000,9999.000
202606092236,   3.218,9999.000,9999.000,9999.000,9999.000,9999.000,9999.000,9999.000,9999.000
202606092242,   3.318,9999.000,9999.000,9999.000,9999.000,9999.000,9999.000,9999.000,9999.000
202606092248,   3.419,9999.000,9999.000,9999.000,9999.000,9999.000,9999.000,9999.000,9999.000
202606092254,   3.520,9999.000,9999.000,9999.000,9999.000,9999.000,9999.000,9999.000,9999.000
202606092300,   3.620,9999.000,   0.400,  -0.034,   3.986,   0.400,   3.986,   0.500,   4.086
202606092306,   3.720,9999.000,9999.000,9999.000,9999.000,9999.000,9999.000,9999.000,9999.000
202606092312,   3.819,9999.000,9999.000,9999.000,9999.000,9999.000,9999.000,9999.000,9999.000
202606092318,   3.916,9999.000,9999.000,9999.000,9999.000,9999.000,9999.000,9999.000,9999.000
202606092324,   4.012,9999.000,9999.000,9999.000,9999.000,9999.000,9999.000,9999.000,9999.000
202606092330,   4.107,9999.000,9999.000,9999.000,9999.000,9999.000,9999.000,9999.000,9999.000
202606092336,   4.200,9999.000,9999.000,9999.000,9999.000,9999.000,9999.000,9999.000,9999.000
202606092342,   4.291,9999.000,9999.000,9999.000,9999.000,9999.000,9999.000,9999.000,9999.000
202606092348,   4.380,9999.000,9999.000,9999.000,9999.000,9999.000,9999.000,9999.000,9999.000
202606092354,   4.467,9999.000,9999.000,9999.000,9999.000,9999.000,9999.000,9999.000,9999.000
202606100000,   4.551,9999.000,   0.400,  -0.092,   4.859,   0.400,   4.859,   0.500,   4.959
202606100006,   4.632,9999.000,9999.000,9999.000,9999.000,9999.000,9999.000,9999.000,9999.000
202606100012,   4.710,9999.000,9999.000,9999.000,9999.000,9999.000,9999.000,9999.000,9999.000
202606100018,   4.786,9999.000,9999.000,9999.000,9999.000,9999.000,9999.000,9999.000,9999.000
202606100024,   4.858,9999.000,9999.000,9999.000,9999.000,9999.000,9999.000,9999.000,9999.000
202606100030,   4.926,9999.000,9999.000,9999.000,9999.000,9999.000,9999.000,9999.000,9999.000
202606100036,   4.991,9999.000,9999.000,9999.000,9999.000,9999.000,9999.000,9999.000,9999.000
202606100042,   5.052,9999.000,9999.000,9999.000,9999.000,9999.000,9999.000,9999.000,9999.000
202606100048,   5.110,9999.000,9999.000,9999.000,9999.000,9999.000,9999.000,9999.000,9999.000
202606100054,   5.163,9999.000,9999.000,9999.000,9999.000,9999.000,9999.000,9999.000,9999.000
202606100100,   5.212,9999.000,   0.400,  -0.108,   5.504,   0.300,   5.404,   0.500,   5.604
202606100106,   5.257,9999.000,9999.000,9999.000,9999.000,9999.000,9999.000,9999.000,9999.000
202606100112,   5.298,9999.000,9999.000,9999.000,9999.000,9999.000,9999.000,9999.000,9999.000
202606100118,   5.334,9999.000,9999.000,9999.000,9999.000,9999.000,9999.000,9999.000,9999.000
202606100124,   5.366,9999.000,9999.000,9999.000,9999.000,9999.000,9999.000,9999.000,9999.000
202606100130,   5.393,9999.000,9999.000,9999.000,9999.000,9999.000,9999.000,9999.000,9999.000
202606100136,   5.415,9999.000,9999.000,9999.000,9999.000,9999.000,9999.000,9999.000,9999.000
202606100142,   5.433,9999.000,9999.000,9999.000,9999.000,9999.000,9999.000,9999.000,9999.000
202606100148,   5.446,9999.000,9999.000,9999.000,9999.000,9999.000,9999.000,9999.000,9999.000
202606100154,   5.454,9999.000,9999.000,9999.000,9999.000,9999.000,9999.000,9999.000,9999.000
202606100200,   5.458,9999.000,   0.400,  -0.129,   5.729,   0.300,   5.629,   0.400,   5.729
202606100206,   5.457,9999.000,9999.000,9999.000,9999.000,9999.000,9999.000,9999.000,9999.000
202606100212,   5.451,9999.000,9999.000,9999.000,9999.000,9999.000,9999.000,9999.000,9999.000
202606100218,   5.440,9999.000,9999.000,9999.000,9999.000,9999.000,9999.000,9999.000,9999.000
202606100224,   5.425,9999.000,9999.000,9999.000,9999.000,9999.000,9999.000,9999.000,9999.000
202606100230,   5.404,9999.000,9999.000,9999.000,9999.000,9999.000,9999.000,9999.000,9999.000
202606100236,   5.379,9999.000,9999.000,9999.000,9999.000,9999.000,9999.000,9999.000,9999.000
202606100242,   5.350,9999.000,9999.000,9999.000,9999.000,9999.000,9999.000,9999.000,9999.000
202606100248,   5.316,9999.000,9999.000,9999.000,9999.000,9999.000,9999.000,9999.000,9999.000
202606100254,   5.277,9999.000,9999.000,9999.000,9999.000,9999.000,9999.000,9999.000,9999.000
202606100300,   5.235,9999.000,   0.400,  -0.163,   5.472,   0.300,   5.372,   0.400,   5.472
202606100306,   5.187,9999.000,9999.000,9999.000,9999.000,9999.000,9999.000,9999.000,9999.000
202606100312,   5.136,9999.000,9999.000,9999.000,9999.000,9999.000,9999.000,9999.000,9999.000
202606100318,   5.081,9999.000,9999.000,9999.000,9999.000,9999.000,9999.000,9999.000,9999.000
202606100324,   5.021,9999.000,9999.000,9999.000,9999.000,9999.000,9999.000,9999.000,9999.000
202606100330,   4.958,9999.000,9999.000,9999.000,9999.000,9999.000,9999.000,9999.000,9999.000
202606100336,   4.892,9999.000,9999.000,9999.000,9999.000,9999.000,9999.000,9999.000,9999.000
202606100342,   4.821,9999.000,9999.000,9999.000,9999.000,9999.000,9999.000,9999.000,9999.000
202606100348,   4.747,9999.000,9999.000,9999.000,9999.000,9999.000,9999.000,9999.000,9999.000
202606100354,   4.671,9999.000,9999.000,9999.000,9999.000,9999.000,9999.000,9999.000,9999.000
202606100400,   4.591,9999.000,   0.400,  -0.161,   4.830,   0.300,   4.730,   0.400,   4.830
202606100406,   4.508,9999.000,9999.000,9999.000,9999.000,9999.000,9999.000,9999.000,9999.000
202606100412,   4.422,9999.000,9999.000,9999.000,9999.000,9999.000,9999.000,9999.000,9999.000
202606100418,   4.334,9999.000,9999.000,9999.000,9999.000,9999.000,9999.000,9999.000,9999.000
202606100424,   4.244,9999.000,9999.000,9999.000,9999.000,9999.000,9999.000,9999.000,9999.000
202606100430,   4.151,9999.000,9999.000,9999.000,9999.000,9999.000,9999.000,9999.000,9999.000
202606100436,   4.057,9999.000,9999.000,9999.000,9999.000,9999.000,9999.000,9999.000,9999.000
202606100442,   3.961,9999.000,9999.000,9999.000,9999.000,9999.000,9999.000,9999.000,9999.000
202606100448,   3.863,9999.000,9999.000,9999.000,9999.000,9999.000,9999.000,9999.000,9999.000
202606100454,   3.764,9999.000,9999.000,9999.000,9999.000,9999.000,9999.000,9999.000,9999.000
202606100500,   3.664,9999.000,   0.400,   0.030,   4.094,   0.300,   3.994,   0.400,   4.094
202606100506,   3.563,9999.000,9999.000,9999.000,9999.000,9999.000,9999.000,9999.000,9999.000
202606100512,   3.462,9999.000,9999.000,9999.000,9999.000,9999.000,9999.000,9999.000,9999.000
202606100518,   3.360,9999.000,9999.000,9999.000,9999.000,9999.000,9999.000,9999.000,9999.000
202606100524,   3.258,9999.000,9999.000,9999.000,9999.000,9999.000,9999.000,9999.000,9999.000
202606100530,   3.156,9999.000,9999.000,9999.000,9999.000,9999.000,9999.000,9999.000,9999.000
202606100536,   3.054,9999.000,9999.000,9999.000,9999.000,9999.000,9999.000,9999.000,9999.000
202606100542,   2.952,9999.000,9999.000,9999.000,9999.000,9999.000,9999.000,9999.000,9999.000
202606100548,   2.852,9999.000,9999.000,9999.000,9999.000,9999.000,9999.000,9999.000,9999.000
202606100554,   2.752,9999.000,9999.000,9999.000,9999.000,9999.000,9999.000,9999.000,9999.000
202606100600,   2.653,9999.000,   0.400,   0.030,   3.083,   0.300,   2.983,   0.400,   3.083
