        TIME,    TIDE,      OB,   SURGE,    BIAS,     TWL,SURGE90p,  TWL90p,SURGE10p,   TWL10p
202608010000,   5.644,9999.000,   0.800,9999.000,   6.444,   0.700,   6.344,   0.800,   6.444
202608010006,   5.787,9999.000,9999.000,9999.000,9999.000,9999.000,9999.000,9999.000,9999.000
202608010012,   5.923,9999.000,9999.000,9999.000,9999.000,9999.000,9999.000,9999.000,9999.000
202608010018,   6.055,9999.000,9999.000,9999.000,9999.000,9999.000,9999.000,9999.000,9999.000
202608010024,   6.180,9999.000,9999.000,9999.000,9999.000,9999.000,9999.000,9999.000,9999.000
202608010030,   6.298,9999.000,9999.000,9999.000,9999.000,9999.000,9999.000,9999.000,9999.000
202608010036,   6.411,9999.000,9999.000,9999.000,9999.000,9999.000,9999.000,9999.000,9999.000
202608010042,   6.516,9999.000,9999.000,9999.000,9999.000,9999.000,9999.000,9999.000,9999.000
202608010048,   6.616,9999.000,9999.000,9999.000,9999.000,9999.000,9999.000,9999.000,9999.000
202608010054,   6.708,9999.000,9999.000,9999.000,9999.000,9999.000,9999.000,9999.000,9999.000
202608010100,   6.793,   7.717,   0.800,   0.124,   7.717,   0.700,   7.617,   0.800,   7.717
202608010106,   6.872,   7.806,9999.000,9999.000,9999.000,9999.000,9999.000,9999.000,9999.000
202608010112,   6.943,   7.888,9999.000,9999.000,9999.000,9999.000,9999.000,9999.000,9999.000
202608010118,   7.007,   7.967,9999.000,9999.000,9999.000,9999.000,9999.000,9999.000,9999.000
202608010124,   7.065,   8.016,9999.000,9999.000,9999.000,9999.000,9999.000,9999.000,9999.000
202608010130,   7.115,   8.098,9999.000,9999.000,9999.000,9999.000,9999.000,9999.000,9999.000
202608010136,   7.158,   8.147,9999.000,9999.000,9999.000,9999.000,9999.000,9999.000,9999.000
202608010142,   7.194,   8.196,9999.000,9999.000,9999.000,9999.000,9999.000,9999.000,9999.000
202608010148,   7.223,   8.239,9999.000,9999.000,9999.000,9999.000,9999.000,9999.000,9999.000
202608010154,   7.245,   8.278,9999.000,9999.000,9999.000,9999.000,9999.000,9999.000,9999.000
202608010200,   7.261,   8.308,   0.800,   0.247,   8.308,   0.800,   8.308,   0.800,   8.308
202608010206,   7.269,   8.298,9999.000,9999.000,9999.000,9999.000,9999.000,9999.000,9999.000
202608010212,   7.270,   8.327,9999.000,9999.000,9999.000,9999.000,9999.000,9999.000,9999.000
202608010218,   7.265,   8.327,9999.000,9999.000,9999.000,9999.000,9999.000,9999.000,9999.000
202608010224,   7.253,   8.298,9999.000,9999.000,9999.000,9999.000,9999.000,9999.000,9999.000
202608010230,   7.235,   8.318,9999.000,9999.000,9999.000,9999.000,9999.000,9999.000,9999.000
202608010236,   7.210,   8.278,9999.000,9999.000,9999.000,9999.000,9999.000,9999.000,9999.000
202608010242,   7.178,   8.249,9999.000,9999.000,9999.000,9999.000,9999.000,9999.000,9999.000
202608010248,   7.140,   8.206,9999.000,9999.000,9999.000,9999.000,9999.000,9999.000,9999.000
202608010254,   7.096,   8.216,9999.000,9999.000,9999.000,9999.000,9999.000,9999.000,9999.000
202608010300,   7.045,   8.088,   0.800,   0.243,   8.088,   0.800,   8.088,   0.800,   8.088
202608010306,   6.988,   7.806,9999.000,9999.000,9999.000,9999.000,9999.000,9999.000,9999.000
202608010312,   6.925,   8.039,9999.000,9999.000,9999.000,9999.000,9999.000,9999.000,9999.000
202608010318,   6.856,   7.986,9999.000,9999.000,9999.000,9999.000,9999.000,9999.000,9999.000
202608010324,   6.780,   7.829,9999.000,9999.000,9999.000,9999.000,9999.000,9999.000,9999.000
202608010330,   6.698,   7.786,9999.000,9999.000,9999.000,9999.000,9999.000,9999.000,9999.000
202608010336,   6.611,   7.678,9999.000,9999.000,9999.000,9999.000,9999.000,9999.000,9999.000
202608010342,   6.518,   7.586,9999.000,9999.000,9999.000,9999.000,9999.000,9999.000,9999.000
202608010348,   6.419,   7.429,9999.000,9999.000,9999.000,9999.000,9999.000,9999.000,9999.000
202608010354,   6.314,   7.288,9999.000,9999.000,9999.000,9999.000,9999.000,9999.000,9999.000
202608010400,   6.204,   7.147,   0.800,   0.143,   7.147,   0.800,   7.147,   0.800,   7.147
202608010406,   6.088,   7.009,9999.000,9999.000,9999.000,9999.000,9999.000,9999.000,9999.000
202608010412,   5.968,   6.828,9999.000,9999.000,9999.000,9999.000,9999.000,9999.000,9999.000
202608010418,   5.842,   6.668,9999.000,9999.000,9999.000,9999.000,9999.000,9999.000,9999.000
202608010424,   5.712,   6.527,9999.000,9999.000,9999.000,9999.000,9999.000,9999.000,9999.000
202608010430,   5.577,   6.379,9999.000,9999.000,9999.000,9999.000,9999.000,9999.000,9999.000
202608010436,   5.438,   6.238,9999.000,9999.000,9999.000,9999.000,9999.000,9999.000,9999.000
202608010442,   5.294,   6.097,9999.000,9999.000,9999.000,9999.000,9999.000,9999.000,9999.000
202608010448,   5.147,   5.926,9999.000,9999.000,9999.000,9999.000,9999.000,9999.000,9999.000
202608010454,   4.997,   5.818,9999.000,9999.000,9999.000,9999.000,9999.000,9999.000,9999.000
202608010500,   4.844,   5.667,   0.800,   0.023,   5.667,   0.700,   5.567,   0.800,   5.667
202608010506,   4.687,   5.507,9999.000,9999.000,9999.000,9999.000,9999.000,9999.000,9999.000
202608010512,   4.528,   5.339,9999.000,9999.000,9999.000,9999.000,9999.000,9999.000,9999.000
202608010518,   4.367,   5.169,9999.000,9999.000,9999.000,9999.000,9999.000,9999.000,9999.000
202608010524,   4.204,   4.998,9999.000,9999.000,9999.000,9999.000,9999.000,9999.000,9999.000
202608010530,   4.039,   4.847,9999.000,9999.000,9999.000,9999.000,9999.000,9999.000,9999.000
202608010536,   3.873,   4.710,9999.000,9999.000,9999.000,9999.000,9999.000,9999.000,9999.000
202608010542,   3.706,   4.559,9999.000,9999.000,9999.000,9999.000,9999.000,9999.000,9999.000
202608010548,   3.539,   4.408,9999.000,9999.000,9999.000,9999.000,9999.000,9999.000,9999.000
202608010554,   3.371,   4.280,9999.000,9999.000,9999.000,9999.000,9999.000,9999.000,9999.000
202608010600,   3.203,   4.139,   0.700,   0.236,   4.139,   0.700,   4.139,   0.800,   4.239
202608010606,   3.036,   3.847,9999.000,9999.000,9999.000,9999.000,9999.000,9999.000,9999.000
202608010612,   2.870,   3.719,9999.000,9999.000,9999.000,9999.000,9999.000,9999.000,9999.000
202608010618,   2.704,   3.568,9999.000,9999.000,9999.000,9999.000,9999.000,9999.000,9999.000
202608010624,   2.541,   3.398,9999.000,9999.000,9999.000,9999.000,9999.000,9999.000,9999.000
202608010630,   2.379,   3.250,9999.000,9999.000,9999.000,9999.000,9999.000,9999.000,9999.000
202608010636,   2.220,   3.079,9999.000,9999.000,9999.000,9999.000,9999.000,9999.000,9999.000
202608010642,   2.063,   2.938,9999.000,9999.000,9999.000,9999.000,9999.000,9999.000,9999.000
202608010648,   1.909,   2.787,9999.000,9999.000,9999.000,9999.000,9999.000,9999.000,9999.000
202608010654,   1.759,   2.630,9999.000,9999.000,9999.000,9999.000,9999.000,9999.000,9999.000
202608010700,   1.613,   2.440,   0.700,   0.127,   2.440,   0.700,   2.440,   0.700,   2.440
202608010706,   1.472,   2.289,9999.000,9999.000,9999.000,9999.000,9999.000,9999.000,9999.000
202608010712,   1.335,   2.148,9999.000,9999.000,9999.000,9999.000,9999.000,9999.000,9999.000
202608010718,   1.204,   2.000,9999.000,9999.000,9999.000,9999.000,9999.000,9999.000,9999.000
202608010724,   1.079,   1.830,9999.000,9999.000,9999.000,9999.000,9999.000,9999.000,9999.000
202608010730,   0.960,   1.689,9999.000,9999.000,9999.000,9999.000,9999.000,9999.000,9999.000
202608010736,   0.848,   1.538,9999.000,9999.000,9999.000,9999.000,9999.000,9999.000,9999.000
202608010742,   0.744,   1.430,9999.000,9999.000,9999.000,9999.000,9999.000,9999.000,9999.000
202608010748,   0.648,   1.338,9999.000,9999.000,9999.000,9999.000,9999.000,9999.000,9999.000
202608010754,   0.560,   1.229,9999.000,9999.000,9999.000,9999.000,9999.000,9999.000,9999.000
202608010800,   0.482,   1.118,   0.700,  -0.064,   1.118,   0.600,   1.018,   0.700,   1.118
202608010806,   0.413,   1.020,9999.000,9999.000,9999.000,9999.000,9999.000,9999.000,9999.000
202608010812,   0.353,   0.951,9999.000,9999.000,9999.000,9999.000,9999.000,9999.000,9999.000
202608010818,   0.305,   0.918,9999.000,9999.000,9999.000,9999.000,9999.000,9999.000,9999.000
202608010824,   0.266,   0.859,9999.000,9999.000,9999.000,9999.000,9999.000,9999.000,9999.000
202608010830,   0.239,   0.800,9999.000,9999.000,9999.000,9999.000,9999.000,9999.000,9999.000
202608010836,   0.223,   0.741,9999.000,9999.000,9999.000,9999.000,9999.000,9999.000,9999.000
202608010842,   0.218,   0.708,9999.000,9999.000,9999.000,9999.000,9999.000,9999.000,9999.000
202608010848,   0.225,   0.731,9999.000,9999.000,9999.000,9999.000,9999.000,9999.000,9999.000
202608010854,   0.244,   0.751,9999.000,9999.000,9999.000,9999.000,9999.000,9999.000,9999.000
202608010900,   0.274,   0.810,   0.700,  -0.164,   0.810,   0.600,   0.710,   0.700,   0.810
202608010906,   0.316,   0.839,9999.000,9999.000,9999.000,9999.000,9999.000,9999.000,9999.000
202608010912,   0.370,   0.898,9999.000,9999.000,9999.000,9999.000,9999.000,9999.000,9999.000
202608010918,   0.434,   0.990,9999.000,9999.000,9999.000,9999.000,9999.000,9999.000,9999.000
202608010924,   0.510,   1.059,9999.000,9999.000,9999.000,9999.000,9999.000,9999.000,9999.000
202608010930,   0.596,   1.161,9999.000,9999.000,9999.000,9999.000,9999.000,9999.000,9999.000
202608010936,   0.693,   1.289,9999.000,9999.000,9999.000,9999.000,9999.000,9999.000,9999.000
202608010942,   0.800,   1.410,9999.000,9999.000,9999.000,9999.000,9999.000,9999.000,9999.000
202608010948,   0.916,   1.571,9999.000,9999.000,9999.000,9999.000,9999.000,9999.000,9999.000
202608010954,   1.041,   1.708,9999.000,9999.000,9999.000,9999.000,9999.000,9999.000,9999.000
202608011000,   1.174,   1.859,   0.700,  -0.015,   1.859,   0.700,   1.859,   0.700,   1.859
202608011006,   1.314,   2.030,9999.000,9999.000,9999.000,9999.000,9999.000,9999.000,9999.000
202608011012,   1.462,   2.191,9999.000,9999.000,9999.000,9999.000,9999.000,9999.000,9999.000
202608011018,   1.616,   2.338,9999.000,9999.000,9999.000,9999.000,9999.000,9999.000,9999.000
202608011024,   1.776,   2.519,9999.000,9999.000,9999.000,9999.000,9999.000,9999.000,9999.000
202608011030,   1.941,   2.699,9999.000,9999.000,9999.000,9999.000,9999.000,9999.000,9999.000
202608011036,   2.110,   2.860,9999.000,9999.000,9999.000,9999.000,9999.000,9999.000,9999.000
202608011042,   2.283,   3.030,9999.000,9999.000,9999.000,9999.000,9999.000,9999.000,9999.000
202608011048,   2.458,   3.230,9999.000,9999.000,9999.000,9999.000,9999.000,9999.000,9999.000
202608011054,   2.636,   3.388,9999.000,9999.000,9999.000,9999.000,9999.000,9999.000,9999.000
202608011100,   2.815,   3.548,   0.700,   0.033,   3.548,   0.700,   3.548,   0.800,   3.648
202608011106,   2.995,   3.739,9999.000,9999.000,9999.000,9999.000,9999.000,9999.000,9999.000
202608011112,   3.176,   3.899,9999.000,9999.000,9999.000,9999.000,9999.000,9999.000,9999.000
202608011118,   3.356,   4.090,9999.000,9999.000,9999.000,9999.000,9999.000,9999.000,9999.000
202608011124,   3.536,   5.418,9999.000,9999.000,9999.000,9999.000,9999.000,9999.000,9999.000
202608011130,   3.713,9999.000,9999.000,9999.000,9999.000,9999.000,9999.000,9999.000,9999.000
202608011136,   3.889,9999.000,9999.000,9999.000,9999.000,9999.000,9999.000,9999.000,9999.000
202608011142,   4.063,   4.900,9999.000,9999.000,9999.000,9999.000,9999.000,9999.000,9999.000
202608011148,   4.233,   4.867,9999.000,9999.000,9999.000,9999.000,9999.000,9999.000,9999.000
202608011154,   4.401,   5.208,9999.000,9999.000,9999.000,9999.000,9999.000,9999.000,9999.000
202608011200,   4.564,   5.418,   0.700,   0.154,   5.418,   0.700,   5.418,   0.700,   5.418
202608011206,   4.723,   5.320,9999.000,9999.000,9999.000,9999.000,9999.000,9999.000,9999.000
202608011212,   4.878,   5.717,9999.000,9999.000,9999.000,9999.000,9999.000,9999.000,9999.000
202608011218,   5.028,   5.769,9999.000,9999.000,9999.000,9999.000,9999.000,9999.000,9999.000
202608011224,   5.172,   5.887,9999.000,9999.000,9999.000,9999.000,9999.000,9999.000,9999.000
202608011230,   5.311,   5.989,9999.000,9999.000,9999.000,9999.000,9999.000,9999.000,9999.000
202608011236,   5.444,   6.199,9999.000,9999.000,9999.000,9999.000,9999.000,9999.000,9999.000
202608011242,   5.571,   6.418,9999.000,9999.000,9999.000,9999.000,9999.000,9999.000,9999.000
202608011248,   5.691,   6.409,9999.000,9999.000,9999.000,9999.000,9999.000,9999.000,9999.000
202608011254,   5.806,   6.609,9999.000,9999.000,9999.000,9999.000,9999.000,9999.000,9999.000
202608011300,   5.913,   6.609,   0.700,  -0.004,   6.609,   0.700,   6.609,   0.700,   6.609
202608011306,   6.014,   6.756,9999.000,9999.000,9999.000,9999.000,9999.000,9999.000,9999.000
202608011312,   6.107,   6.828,9999.000,9999.000,9999.000,9999.000,9999.000,9999.000,9999.000
202608011318,   6.194,   6.947,9999.000,9999.000,9999.000,9999.000,9999.000,9999.000,9999.000
202608011324,   6.273,   6.999,9999.000,9999.000,9999.000,9999.000,9999.000,9999.000,9999.000
202608011330,   6.345,   7.127,9999.000,9999.000,9999.000,9999.000,9999.000,9999.000,9999.000
202608011336,   6.409,   7.107,9999.000,9999.000,9999.000,9999.000,9999.000,9999.000,9999.000
202608011342,   6.467,   7.229,9999.000,9999.000,9999.000,9999.000,9999.000,9999.000,9999.000
202608011348,   6.517,   7.166,9999.000,9999.000,9999.000,9999.000,9999.000,9999.000,9999.000
202608011354,   6.559,   6.927,9999.000,9999.000,9999.000,9999.000,9999.000,9999.000,9999.000
202608011400,   6.595,   7.386,   0.700,   0.091,   7.386,   0.600,   7.286,   0.700,   7.386
202608011406,   6.623,   7.317,9999.000,9999.000,9999.000,9999.000,9999.000,9999.000,9999.000
202608011412,   6.644,   7.399,9999.000,9999.000,9999.000,9999.000,9999.000,9999.000,9999.000
202608011418,   6.658,   7.317,9999.000,9999.000,9999.000,9999.000,9999.000,9999.000,9999.000
202608011424,   6.664,   7.409,9999.000,9999.000,9999.000,9999.000,9999.000,9999.000,9999.000
202608011430,   6.664,   7.317,9999.000,9999.000,9999.000,9999.000,9999.000,9999.000,9999.000
202608011436,   6.657,   7.357,9999.000,9999.000,9999.000,9999.000,9999.000,9999.000,9999.000
202608011442,   6.644,   7.307,9999.000,9999.000,9999.000,9999.000,9999.000,9999.000,9999.000
202608011448,   6.623,   7.258,9999.000,9999.000,9999.000,9999.000,9999.000,9999.000,9999.000
202608011454,   6.596,   7.268,9999.000,9999.000,9999.000,9999.000,9999.000,9999.000,9999.000
202608011500,   6.563,   7.219,   0.700,  -0.044,   7.219,   0.600,   7.119,   0.700,   7.219
202608011506,   6.523,   7.176,9999.000,9999.000,9999.000,9999.000,9999.000,9999.000,9999.000
202608011512,   6.478,   7.147,9999.000,9999.000,9999.000,9999.000,9999.000,9999.000,9999.000
202608011518,   6.426,   7.088,9999.000,9999.000,9999.000,9999.000,9999.000,9999.000,9999.000
202608011524,   6.368,   6.999,9999.000,9999.000,9999.000,9999.000,9999.000,9999.000,9999.000
202608011530,   6.304,   6.956,9999.000,9999.000,9999.000,9999.000,9999.000,9999.000,9999.000
202608011536,   6.234,   6.878,9999.000,9999.000,9999.000,9999.000,9999.000,9999.000,9999.000
202608011542,   6.159,   6.779,9999.000,9999.000,9999.000,9999.000,9999.000,9999.000,9999.000
202608011548,   6.078,   6.687,9999.000,9999.000,9999.000,9999.000,9999.000,9999.000,9999.000
202608011554,   5.992,   6.589,9999.000,9999.000,9999.000,9999.000,9999.000,9999.000,9999.000
202608011600,   5.901,   6.546,   0.700,  -0.055,   6.546,   0.600,   6.446,   0.700,   6.546
202608011606,   5.804,   6.409,9999.000,9999.000,9999.000,9999.000,9999.000,9999.000,9999.000
202608011612,   5.702,   6.307,9999.000,9999.000,9999.000,9999.000,9999.000,9999.000,9999.000
202608011618,   5.596,   6.218,9999.000,9999.000,9999.000,9999.000,9999.000,9999.000,9999.000
202608011624,   5.485,   6.107,9999.000,9999.000,9999.000,9999.000,9999.000,9999.000,9999.000
202608011630,   5.369,   5.989,9999.000,9999.000,9999.000,9999.000,9999.000,9999.000,9999.000
202608011636,   5.250,   5.838,9999.000,9999.000,9999.000,9999.000,9999.000,9999.000,9999.000
202608011642,   5.126,   5.739,9999.000,9999.000,9999.000,9999.000,9999.000,9999.000,9999.000
202608011648,   4.998,   5.628,9999.000,9999.000,9999.000,9999.000,9999.000,9999.000,9999.000
202608011654,   4.867,   5.467,9999.000,9999.000,9999.000,9999.000,9999.000,9999.000,9999.000
202608011700,   4.733,   5.349,   0.700,  -0.084,   5.349,   0.700,   5.349,   0.700,   5.349
202608011706,   4.596,   5.208,9999.000,9999.000,9999.000,9999.000,9999.000,9999.000,9999.000
202608011712,   4.456,   5.067,9999.000,9999.000,9999.000,9999.000,9999.000,9999.000,9999.000
202608011718,   4.313,   4.929,9999.000,9999.000,9999.000,9999.000,9999.000,9999.000,9999.000
202608011724,   4.169,   4.788,9999.000,9999.000,9999.000,9999.000,9999.000,9999.000,9999.000
202608011730,   4.023,   4.647,9999.000,9999.000,9999.000,9999.000,9999.000,9999.000,9999.000
202608011736,   3.875,   4.529,9999.000,9999.000,9999.000,9999.000,9999.000,9999.000,9999.000
202608011742,   3.727,   4.349,9999.000,9999.000,9999.000,9999.000,9999.000,9999.000,9999.000
202608011748,   3.577,   4.208,9999.000,9999.000,9999.000,9999.000,9999.000,9999.000,9999.000
202608011754,   3.428,   4.090,9999.000,9999.000,9999.000,9999.000,9999.000,9999.000,9999.000
202608011800,   3.278,   3.919,   0.700,  -0.059,   3.919,   0.600,   3.819,   0.700,   3.919
202608011806,   3.128,   3.808,9999.000,9999.000,9999.000,9999.000,9999.000,9999.000,9999.000
202608011812,   2.979,   3.660,9999.000,9999.000,9999.000,9999.000,9999.000,9999.000,9999.000
202608011818,   2.831,   3.499,9999.000,9999.000,9999.000,9999.000,9999.000,9999.000,9999.000
202608011824,   2.684,   3.309,9999.000,9999.000,9999.000,9999.000,9999.000,9999.000,9999.000
202608011830,   2.538,   3.158,9999.000,9999.000,9999.000,9999.000,9999.000,9999.000,9999.000
202608011836,   2.395,   2.997,9999.000,9999.000,9999.000,9999.000,9999.000,9999.000,9999.000
202608011842,   2.254,   2.830,9999.000,9999.000,9999.000,9999.000,9999.000,9999.000,9999.000
202608011848,   2.115,   2.689,9999.000,9999.000,9999.000,9999.000,9999.000,9999.000,9999.000
202608011854,   1.979,   2.519,9999.000,9999.000,9999.000,9999.000,9999.000,9999.000,9999.000
202608011900,   1.847,   2.377,   0.700,  -0.170,   2.377,   0.600,   2.277,   0.800,   2.477
202608011906,   1.718,   2.230,9999.000,9999.000,9999.000,9999.000,9999.000,9999.000,9999.000
202608011912,   1.593,   2.089,9999.000,9999.000,9999.000,9999.000,9999.000,9999.000,9999.000
202608011918,   1.473,   1.981,9999.000,9999.000,9999.000,9999.000,9999.000,9999.000,9999.000
202608011924,   1.357,   1.840,9999.000,9999.000,9999.000,9999.000,9999.000,9999.000,9999.000
202608011930,   1.246,   1.718,9999.000,9999.000,9999.000,9999.000,9999.000,9999.000,9999.000
202608011936,   1.142,   1.620,9999.000,9999.000,9999.000,9999.000,9999.000,9999.000,9999.000
202608011942,   1.043,   1.489,9999.000,9999.000,9999.000,9999.000,9999.000,9999.000,9999.000
202608011948,   0.951,   1.420,9999.000,9999.000,9999.000,9999.000,9999.000,9999.000,9999.000
202608011954,   0.865,   1.318,9999.000,9999.000,9999.000,9999.000,9999.000,9999.000,9999.000
202608012000,   0.787,   1.229,   0.800,  -0.358,   1.229,   0.700,   1.129,   0.800,   1.229
202608012006,   0.717,   1.170,9999.000,9999.000,9999.000,9999.000,9999.000,9999.000,9999.000
202608012012,   0.655,   1.108,9999.000,9999.000,9999.000,9999.000,9999.000,9999.000,9999.000
202608012018,   0.601,   1.059,9999.000,9999.000,9999.000,9999.000,9999.000,9999.000,9999.000
202608012024,   0.557,   1.010,9999.000,9999.000,9999.000,9999.000,9999.000,9999.000,9999.000
202608012030,   0.522,   1.000,9999.000,9999.000,9999.000,9999.000,9999.000,9999.000,9999.000
202608012036,   0.497,   1.000,9999.000,9999.000,9999.000,9999.000,9999.000,9999.000,9999.000
202608012042,   0.481,   0.990,9999.000,9999.000,9999.000,9999.000,9999.000,9999.000,9999.000
202608012048,   0.476,   1.000,9999.000,9999.000,9999.000,9999.000,9999.000,9999.000,9999.000
202608012054,   0.482,   1.029,9999.000,9999.000,9999.000,9999.000,9999.000,9999.000,9999.000
202608012100,   0.498,   1.079,   0.800,  -0.219,   1.079,   0.700,   0.979,   0.800,   1.079
202608012106,   0.525,   1.151,9999.000,9999.000,9999.000,9999.000,9999.000,9999.000,9999.000
202608012112,   0.563,   1.229,9999.000,9999.000,9999.000,9999.000,9999.000,9999.000,9999.000
202608012118,   0.612,   1.259,9999.000,9999.000,9999.000,9999.000,9999.000,9999.000,9999.000
202608012124,   0.671,   1.308,9999.000,9999.000,9999.000,9999.000,9999.000,9999.000,9999.000
202608012130,   0.742,   1.439,9999.000,9999.000,9999.000,9999.000,9999.000,9999.000,9999.000
202608012136,   0.822,   1.508,9999.000,9999.000,9999.000,9999.000,9999.000,9999.000,9999.000
202608012142,   0.913,   1.620,9999.000,9999.000,9999.000,9999.000,9999.000,9999.000,9999.000
202608012148,   1.014,   1.718,9999.000,9999.000,9999.000,9999.000,9999.000,9999.000,9999.000
202608012154,   1.124,   1.830,9999.000,9999.000,9999.000,9999.000,9999.000,9999.000,9999.000
202608012200,   1.243,   1.958,   0.800,  -0.085,   1.958,   0.700,   1.858,   0.800,   1.958
202608012206,   1.370,   2.069,9999.000,9999.000,9999.000,9999.000,9999.000,9999.000,9999.000
202608012212,   1.506,   2.191,9999.000,9999.000,9999.000,9999.000,9999.000,9999.000,9999.000
202608012218,   1.649,   2.289,9999.000,9999.000,9999.000,9999.000,9999.000,9999.000,9999.000
202608012224,   1.799,   2.410,9999.000,9999.000,9999.000,9999.000,9999.000,9999.000,9999.000
202608012230,   1.955,   2.620,9999.000,9999.000,9999.000,9999.000,9999.000,9999.000,9999.000
202608012236,   2.117,   2.420,9999.000,9999.000,9999.000,9999.000,9999.000,9999.000,9999.000
202608012242,   2.283,   2.758,9999.000,9999.000,9999.000,9999.000,9999.000,9999.000,9999.000
202608012248,   2.454,   2.909,9999.000,9999.000,9999.000,9999.000,9999.000,9999.000,9999.000
202608012254,   2.628,   2.997,9999.000,9999.000,9999.000,9999.000,9999.000,9999.000,9999.000
202608012300,   2.805,   3.148,   0.800,  -0.457,   3.148,   0.700,   3.048,   0.800,   3.148
202608012306,   2.985,   3.348,9999.000,9999.000,9999.000,9999.000,9999.000,9999.000,9999.000
202608012312,   3.165,   3.480,9999.000,9999.000,9999.000,9999.000,9999.000,9999.000,9999.000
202608012318,   3.347,   3.670,9999.000,9999.000,9999.000,9999.000,9999.000,9999.000,9999.000
202608012324,   3.529,   3.847,9999.000,9999.000,9999.000,9999.000,9999.000,9999.000,9999.000
202608012330,   3.710,   4.027,9999.000,9999.000,9999.000,9999.000,9999.000,9999.000,9999.000
202608012336,   3.890,   4.188,9999.000,9999.000,9999.000,9999.000,9999.000,9999.000,9999.000
202608012342,   4.069,   4.388,9999.000,9999.000,9999.000,9999.000,9999.000,9999.000,9999.000
202608012348,   4.246,   4.539,9999.000,9999.000,9999.000,9999.000,9999.000,9999.000,9999.000
202608012354,   4.421,   4.729,9999.000,9999.000,9999.000,9999.000,9999.000,9999.000,9999.000
202608020000,   4.593,   5.038,   0.500,  -0.055,   5.038,   0.500,   5.038,   0.500,   5.038
202608020006,   4.761,   5.057,9999.000,9999.000,9999.000,9999.000,9999.000,9999.000,9999.000
202608020012,   4.925,   5.287,9999.000,9999.000,9999.000,9999.000,9999.000,9999.000,9999.000
202608020018,   5.086,   5.448,9999.000,9999.000,9999.000,9999.000,9999.000,9999.000,9999.000
202608020024,   5.242,   5.579,9999.000,9999.000,9999.000,9999.000,9999.000,9999.000,9999.000
202608020030,   5.393,   5.389,9999.000,9999.000,9999.000,9999.000,9999.000,9999.000,9999.000
202608020036,   5.539,   5.940,9999.000,9999.000,9999.000,9999.000,9999.000,9999.000,9999.000
202608020042,   5.679,   6.038,9999.000,9999.000,9999.000,9999.000,9999.000,9999.000,9999.000
202608020048,   5.814,   6.179,9999.000,9999.000,9999.000,9999.000,9999.000,9999.000,9999.000
202608020054,   5.943,   6.307,9999.000,9999.000,9999.000,9999.000,9999.000,9999.000,9999.000
202608020100,   6.067,   6.418,   0.500,  -0.149,   6.418,   0.400,   6.318,   0.500,   6.418
202608020106,   6.184,   6.546,9999.000,9999.000,9999.000,9999.000,9999.000,9999.000,9999.000
202608020112,   6.294,   6.687,9999.000,9999.000,9999.000,9999.000,9999.000,9999.000,9999.000
202608020118,   6.398,   6.766,9999.000,9999.000,9999.000,9999.000,9999.000,9999.000,9999.000
202608020124,   6.495,   6.927,9999.000,9999.000,9999.000,9999.000,9999.000,9999.000,9999.000
202608020130,   6.586,   7.058,9999.000,9999.000,9999.000,9999.000,9999.000,9999.000,9999.000
202608020136,   6.670,   7.127,9999.000,9999.000,9999.000,9999.000,9999.000,9999.000,9999.000
202608020142,   6.747,   7.248,9999.000,9999.000,9999.000,9999.000,9999.000,9999.000,9999.000
202608020148,   6.816,   7.327,9999.000,9999.000,9999.000,9999.000,9999.000,9999.000,9999.000
202608020154,   6.879,   7.366,9999.000,9999.000,9999.000,9999.000,9999.000,9999.000,9999.000
202608020200,   6.935,   7.448,   0.500,   0.013,   7.448,   0.400,   7.348,   0.500,   7.448
202608020206,   6.984,   7.478,9999.000,9999.000,9999.000,9999.000,9999.000,9999.000,9999.000
202608020212,   7.026,   7.498,9999.000,9999.000,9999.000,9999.000,9999.000,9999.000,9999.000
202608020218,   7.061,   7.517,9999.000,9999.000,9999.000,9999.000,9999.000,9999.000,9999.000
202608020224,   7.089,   7.537,9999.000,9999.000,9999.000,9999.000,9999.000,9999.000,9999.000
202608020230,   7.110,   7.537,9999.000,9999.000,9999.000,9999.000,9999.000,9999.000,9999.000
202608020236,   7.124,   7.566,9999.000,9999.000,9999.000,9999.000,9999.000,9999.000,9999.000
202608020242,   7.132,   7.576,9999.000,9999.000,9999.000,9999.000,9999.000,9999.000,9999.000
202608020248,   7.133,   7.596,9999.000,9999.000,9999.000,9999.000,9999.000,9999.000,9999.000
202608020254,   7.127,   7.619,9999.000,9999.000,9999.000,9999.000,9999.000,9999.000,9999.000
202608020300,   7.115,   7.619,   0.500,   0.004,   7.619,   0.400,   7.519,   0.500,   7.619
202608020306,   7.097,   7.619,9999.000,9999.000,9999.000,9999.000,9999.000,9999.000,9999.000
202608020312,   7.072,   7.609,9999.000,9999.000,9999.000,9999.000,9999.000,9999.000,9999.000
202608020318,   7.041,   7.576,9999.000,9999.000,9999.000,9999.000,9999.000,9999.000,9999.000
202608020324,   7.004,   7.517,9999.000,9999.000,9999.000,9999.000,9999.000,9999.000,9999.000
202608020330,   6.961,   7.507,9999.000,9999.000,9999.000,9999.000,9999.000,9999.000,9999.000
202608020336,   6.911,   7.429,9999.000,9999.000,9999.000,9999.000,9999.000,9999.000,9999.000
202608020342,   6.856,   7.376,9999.000,9999.000,9999.000,9999.000,9999.000,9999.000,9999.000
202608020348,   6.795,   7.327,9999.000,9999.000,9999.000,9999.000,9999.000,9999.000,9999.000
202608020354,   6.728,   7.219,9999.000,9999.000,9999.000,9999.000,9999.000,9999.000,9999.000
202608020400,   6.655,   7.147,   0.500,  -0.008,   7.147,   0.400,   7.047,   0.500,   7.147
202608020406,   6.576,   7.078,9999.000,9999.000,9999.000,9999.000,9999.000,9999.000,9999.000
202608020412,   6.492,   6.947,9999.000,9999.000,9999.000,9999.000,9999.000,9999.000,9999.000
202608020418,   6.402,   6.878,9999.000,9999.000,9999.000,9999.000,9999.000,9999.000,9999.000
202608020424,   6.307,   6.779,9999.000,9999.000,9999.000,9999.000,9999.000,9999.000,9999.000
202608020430,   6.206,   6.648,9999.000,9999.000,9999.000,9999.000,9999.000,9999.000,9999.000
202608020436,   6.100,   6.517,9999.000,9999.000,9999.000,9999.000,9999.000,9999.000,9999.000
202608020442,   5.989,   6.418,9999.000,9999.000,9999.000,9999.000,9999.000,9999.000,9999.000
202608020448,   5.872,   6.317,9999.000,9999.000,9999.000,9999.000,9999.000,9999.000,9999.000
202608020454,   5.751,   6.209,9999.000,9999.000,9999.000,9999.000,9999.000,9999.000,9999.000
202608020500,   5.625,   6.127,   0.400,   0.102,   6.127,   0.400,   6.127,   0.500,   6.227
202608020506,   5.494,   6.008,9999.000,9999.000,9999.000,9999.000,9999.000,9999.000,9999.000
202608020512,   5.359,   5.897,9999.000,9999.000,9999.000,9999.000,9999.000,9999.000,9999.000
202608020518,   5.219,   5.799,9999.000,9999.000,9999.000,9999.000,9999.000,9999.000,9999.000
202608020524,   5.076,   5.657,9999.000,9999.000,9999.000,9999.000,9999.000,9999.000,9999.000
202608020530,   4.929,   5.530,9999.000,9999.000,9999.000,9999.000,9999.000,9999.000,9999.000
202608020536,   4.778,   5.369,9999.000,9999.000,9999.000,9999.000,9999.000,9999.000,9999.000
202608020542,   4.625,   5.208,9999.000,9999.000,9999.000,9999.000,9999.000,9999.000,9999.000
202608020548,   4.468,   5.047,9999.000,9999.000,9999.000,9999.000,9999.000,9999.000,9999.000
202608020554,   4.309,   4.887,9999.000,9999.000,9999.000,9999.000,9999.000,9999.000,9999.000
202608020600,   4.148,   4.778,   0.200,   0.430,   4.778,   0.100,   4.678,   0.300,   4.878
202608020606,   3.985,   4.467,9999.000,9999.000,9999.000,9999.000,9999.000,9999.000,9999.000
202608020612,   3.820,   4.408,9999.000,9999.000,9999.000,9999.000,9999.000,9999.000,9999.000
202608020618,   3.654,   4.290,9999.000,9999.000,9999.000,9999.000,9999.000,9999.000,9999.000
202608020624,   3.487,   4.109,9999.000,9999.000,9999.000,9999.000,9999.000,9999.000,9999.000
202608020630,   3.320,   3.880,9999.000,9999.000,9999.000,9999.000,9999.000,9999.000,9999.000
202608020636,   3.153,   3.739,9999.000,9999.000,9999.000,9999.000,9999.000,9999.000,9999.000
202608020642,   2.986,   3.539,9999.000,9999.000,9999.000,9999.000,9999.000,9999.000,9999.000
202608020648,   2.820,   3.368,9999.000,9999.000,9999.000,9999.000,9999.000,9999.000,9999.000
202608020654,   2.655,   3.158,9999.000,9999.000,9999.000,9999.000,9999.000,9999.000,9999.000
202608020700,   2.492,   2.978,   0.200,   0.286,   2.978,   0.100,   2.878,   0.200,   2.978
202608020706,   2.330,   2.758,9999.000,9999.000,9999.000,9999.000,9999.000,9999.000,9999.000
202608020712,   2.170,   2.548,9999.000,9999.000,9999.000,9999.000,9999.000,9999.000,9999.000
202608020718,   2.014,   2.377,9999.000,9999.000,9999.000,9999.000,9999.000,9999.000,9999.000
202608020724,   1.860,   2.210,9999.000,9999.000,9999.000,9999.000,9999.000,9999.000,9999.000
202608020730,   1.710,   2.000,9999.000,9999.000,9999.000,9999.000,9999.000,9999.000,9999.000
202608020736,   1.564,   1.879,9999.000,9999.000,9999.000,9999.000,9999.000,9999.000,9999.000
202608020742,   1.423,   1.679,9999.000,9999.000,9999.000,9999.000,9999.000,9999.000,9999.000
202608020748,   1.286,   1.679,9999.000,9999.000,9999.000,9999.000,9999.000,9999.000,9999.000
202608020754,   1.155,   1.170,9999.000,9999.000,9999.000,9999.000,9999.000,9999.000,9999.000
202608020800,   1.029,   1.229,   0.100,   0.100,   1.229,   0.100,   1.229,   0.200,   1.329
202608020806,   0.910,   1.151,9999.000,9999.000,9999.000,9999.000,9999.000,9999.000,9999.000
202608020812,   0.798,   0.941,9999.000,9999.000,9999.000,9999.000,9999.000,9999.000,9999.000
202608020818,   0.694,   0.908,9999.000,9999.000,9999.000,9999.000,9999.000,9999.000,9999.000
202608020824,   0.597,   0.760,9999.000,9999.000,9999.000,9999.000,9999.000,9999.000,9999.000
202608020830,   0.508,   0.649,9999.000,9999.000,9999.000,9999.000,9999.000,9999.000,9999.000
202608020836,   0.428,   0.580,9999.000,9999.000,9999.000,9999.000,9999.000,9999.000,9999.000
202608020842,   0.357,   0.478,9999.000,9999.000,9999.000,9999.000,9999.000,9999.000,9999.000
202608020848,   0.296,   0.341,9999.000,9999.000,9999.000,9999.000,9999.000,9999.000,9999.000
202608020854,   0.246,   0.298,9999.000,9999.000,9999.000,9999.000,9999.000,9999.000,9999.000
202608020900,   0.205,   0.321,   0.100,   0.016,   0.321,   0.000,   0.221,   0.200,   0.421
202608020906,   0.176,   0.209,9999.000,9999.000,9999.000,9999.000,9999.000,9999.000,9999.000
202608020912,   0.157,   0.229,9999.000,9999.000,9999.000,9999.000,9999.000,9999.000,9999.000
202608020918,   0.150,   0.229,9999.000,9999.000,9999.000,9999.000,9999.000,9999.000,9999.000
202608020924,   0.154,   0.200,9999.000,9999.000,9999.000,9999.000,9999.000,9999.000,9999.000
202608020930,   0.170,   0.239,9999.000,9999.000,9999.000,9999.000,9999.000,9999.000,9999.000
202608020936,   0.198,   0.239,9999.000,9999.000,9999.000,9999.000,9999.000,9999.000,9999.000
202608020942,   0.237,   0.259,9999.000,9999.000,9999.000,9999.000,9999.000,9999.000,9999.000
202608020948,   0.288,   0.360,9999.000,9999.000,9999.000,9999.000,9999.000,9999.000,9999.000
202608020954,   0.350,   0.419,9999.000,9999.000,9999.000,9999.000,9999.000,9999.000,9999.000
202608021000,   0.424,   0.508,   0.100,  -0.016,   0.508,   0.000,   0.408,   0.200,   0.608
202608021006,   0.509,   0.600,9999.000,9999.000,9999.000,9999.000,9999.000,9999.000,9999.000
202608021012,   0.604,   0.731,9999.000,9999.000,9999.000,9999.000,9999.000,9999.000,9999.000
202608021018,   0.710,   0.859,9999.000,9999.000,9999.000,9999.000,9999.000,9999.000,9999.000
202608021024,   0.825,   0.980,9999.000,9999.000,9999.000,9999.000,9999.000,9999.000,9999.000
202608021030,   0.950,   1.151,9999.000,9999.000,9999.000,9999.000,9999.000,9999.000,9999.000
202608021036,   1.083,   1.289,9999.000,9999.000,9999.000,9999.000,9999.000,9999.000,9999.000
202608021042,   1.225,   1.459,9999.000,9999.000,9999.000,9999.000,9999.000,9999.000,9999.000
202608021048,   1.374,   1.659,9999.000,9999.000,9999.000,9999.000,9999.000,9999.000,9999.000
202608021054,   1.530,   1.849,9999.000,9999.000,9999.000,9999.000,9999.000,9999.000,9999.000
202608021100,   1.692,   1.899,   0.100,   0.107,   1.899,   0.000,   1.799,   0.200,   1.999
202608021106,   1.860,   2.138,9999.000,9999.000,9999.000,9999.000,9999.000,9999.000,9999.000
202608021112,   2.032,   2.377,9999.000,9999.000,9999.000,9999.000,9999.000,9999.000,9999.000
202608021118,   2.209,   2.519,9999.000,9999.000,9999.000,9999.000,9999.000,9999.000,9999.000
202608021124,   2.388,   2.689,9999.000,9999.000,9999.000,9999.000,9999.000,9999.000,9999.000
202608021130,   2.571,   2.840,9999.000,9999.000,9999.000,9999.000,9999.000,9999.000,9999.000
202608021136,   2.755,   3.007,9999.000,9999.000,9999.000,9999.000,9999.000,9999.000,9999.000
202608021142,   2.940,   3.230,9999.000,9999.000,9999.000,9999.000,9999.000,9999.000,9999.000
202608021148,   3.126,   3.348,9999.000,9999.000,9999.000,9999.000,9999.000,9999.000,9999.000
202608021154,   3.312,   3.519,9999.000,9999.000,9999.000,9999.000,9999.000,9999.000,9999.000
202608021200,   3.497,   3.689,   0.100,   0.092,   3.689,   0.000,   3.589,   0.200,   3.789
202608021206,   3.681,   3.929,9999.000,9999.000,9999.000,9999.000,9999.000,9999.000,9999.000
202608021212,   3.863,   4.129,9999.000,9999.000,9999.000,9999.000,9999.000,9999.000,9999.000
202608021218,   4.043,   4.218,9999.000,9999.000,9999.000,9999.000,9999.000,9999.000,9999.000
202608021224,   4.220,   4.480,9999.000,9999.000,9999.000,9999.000,9999.000,9999.000,9999.000
202608021230,   4.393,   4.690,9999.000,9999.000,9999.000,9999.000,9999.000,9999.000,9999.000
202608021236,   4.563,   4.808,9999.000,9999.000,9999.000,9999.000,9999.000,9999.000,9999.000
202608021242,   4.728,   4.900,9999.000,9999.000,9999.000,9999.000,9999.000,9999.000,9999.000
202608021248,   4.889,   5.057,9999.000,9999.000,9999.000,9999.000,9999.000,9999.000,9999.000
202608021254,   5.045,   5.179,9999.000,9999.000,9999.000,9999.000,9999.000,9999.000,9999.000
202608021300,   5.196,   5.329,   0.100,   0.033,   5.329,   0.000,   5.229,   0.100,   5.329
202608021306,   5.341,   5.628,9999.000,9999.000,9999.000,9999.000,9999.000,9999.000,9999.000
202608021312,   5.480,   5.638,9999.000,9999.000,9999.000,9999.000,9999.000,9999.000,9999.000
202608021318,   5.613,   5.887,9999.000,9999.000,9999.000,9999.000,9999.000,9999.000,9999.000
202608021324,   5.740,   5.989,9999.000,9999.000,9999.000,9999.000,9999.000,9999.000,9999.000
202608021330,   5.860,   6.149,9999.000,9999.000,9999.000,9999.000,9999.000,9999.000,9999.000
202608021336,   5.974,   6.258,9999.000,9999.000,9999.000,9999.000,9999.000,9999.000,9999.000
202608021342,   6.080,   6.468,9999.000,9999.000,9999.000,9999.000,9999.000,9999.000,9999.000
202608021348,   6.180,   6.569,9999.000,9999.000,9999.000,9999.000,9999.000,9999.000,9999.000
202608021354,   6.272,   6.619,9999.000,9999.000,9999.000,9999.000,9999.000,9999.000,9999.000
202608021400,   6.358,   6.737,   0.100,   0.279,   6.737,   0.000,   6.637,   0.100,   6.737
202608021406,   6.435,   6.799,9999.000,9999.000,9999.000,9999.000,9999.000,9999.000,9999.000
202608021412,   6.506,   6.858,9999.000,9999.000,9999.000,9999.000,9999.000,9999.000,9999.000
202608021418,   6.569,   6.887,9999.000,9999.000,9999.000,9999.000,9999.000,9999.000,9999.000
202608021424,   6.625,   6.947,9999.000,9999.000,9999.000,9999.000,9999.000,9999.000,9999.000
202608021430,   6.673,   6.947,9999.000,9999.000,9999.000,9999.000,9999.000,9999.000,9999.000
202608021436,   6.714,   7.038,9999.000,9999.000,9999.000,9999.000,9999.000,9999.000,9999.000
202608021442,   6.747,   7.048,9999.000,9999.000,9999.000,9999.000,9999.000,9999.000,9999.000
202608021448,   6.773,   7.078,9999.000,9999.000,9999.000,9999.000,9999.000,9999.000,9999.000
202608021454,   6.793,   7.097,9999.000,9999.000,9999.000,9999.000,9999.000,9999.000,9999.000
202608021500,   6.805,   7.117,   0.100,   0.212,   7.117,   0.000,   7.017,   0.100,   7.117
202608021506,   6.810,   7.127,9999.000,9999.000,9999.000,9999.000,9999.000,9999.000,9999.000
202608021512,   6.808,   7.107,9999.000,9999.000,9999.000,9999.000,9999.000,9999.000,9999.000
202608021518,   6.799,   7.137,9999.000,9999.000,9999.000,9999.000,9999.000,9999.000,9999.000
202608021524,   6.784,   7.137,9999.000,9999.000,9999.000,9999.000,9999.000,9999.000,9999.000
202608021530,   6.762,   7.107,9999.000,9999.000,9999.000,9999.000,9999.000,9999.000,9999.000
202608021536,   6.734,   7.117,9999.000,9999.000,9999.000,9999.000,9999.000,9999.000,9999.000
202608021542,   6.699,   7.068,9999.000,9999.000,9999.000,9999.000,9999.000,9999.000,9999.000
202608021548,   6.659,   6.999,9999.000,9999.000,9999.000,9999.000,9999.000,9999.000,9999.000
202608021554,   6.612,   6.979,9999.000,9999.000,9999.000,9999.000,9999.000,9999.000,9999.000
202608021600,   6.560,   6.907,   0.100,   0.247,   6.907,   0.000,   6.807,   0.100,   6.907
202608021606,   6.501,   6.828,9999.000,9999.000,9999.000,9999.000,9999.000,9999.000,9999.000
202608021612,   6.437,   6.766,9999.000,9999.000,9999.000,9999.000,9999.000,9999.000,9999.000
202608021618,   6.367,   6.717,9999.000,9999.000,9999.000,9999.000,9999.000,9999.000,9999.000
202608021624,   6.292,   6.628,9999.000,9999.000,9999.000,9999.000,9999.000,9999.000,9999.000
202608021630,   6.212,   6.569,9999.000,9999.000,9999.000,9999.000,9999.000,9999.000,9999.000
202608021636,   6.126,   6.468,9999.000,9999.000,9999.000,9999.000,9999.000,9999.000,9999.000
202608021642,   6.035,   6.379,9999.000,9999.000,9999.000,9999.000,9999.000,9999.000,9999.000
202608021648,   5.939,   6.277,9999.000,9999.000,9999.000,9999.000,9999.000,9999.000,9999.000
202608021654,   5.838,   6.159,9999.000,9999.000,9999.000,9999.000,9999.000,9999.000,9999.000
202608021700,   5.733,   6.048,   0.100,   0.215,   6.048,   0.000,   5.948,   0.100,   6.048
202608021706,   5.622,   5.926,9999.000,9999.000,9999.000,9999.000,9999.000,9999.000,9999.000
202608021712,   5.508,   5.828,9999.000,9999.000,9999.000,9999.000,9999.000,9999.000,9999.000
202608021718,   5.389,   5.717,9999.000,9999.000,9999.000,9999.000,9999.000,9999.000,9999.000
202608021724,   5.266,   5.598,9999.000,9999.000,9999.000,9999.000,9999.000,9999.000,9999.000
202608021730,   5.139,   5.507,9999.000,9999.000,9999.000,9999.000,9999.000,9999.000,9999.000
202608021736,   5.008,   5.408,9999.000,9999.000,9999.000,9999.000,9999.000,9999.000,9999.000
202608021742,   4.874,   5.329,9999.000,9999.000,9999.000,9999.000,9999.000,9999.000,9999.000
202608021748,   4.737,   5.198,9999.000,9999.000,9999.000,9999.000,9999.000,9999.000,9999.000
202608021754,   4.597,   5.077,9999.000,9999.000,9999.000,9999.000,9999.000,9999.000,9999.000
202608021800,   4.454,   4.939,   0.200,   0.285,   4.939,   0.100,   4.839,   0.300,   5.039
202608021806,   4.310,   4.788,9999.000,9999.000,9999.000,9999.000,9999.000,9999.000,9999.000
202608021812,   4.163,   4.657,9999.000,9999.000,9999.000,9999.000,9999.000,9999.000,9999.000
202608021818,   4.015,   4.500,9999.000,9999.000,9999.000,9999.000,9999.000,9999.000,9999.000
202608021824,   3.865,   4.329,9999.000,9999.000,9999.000,9999.000,9999.000,9999.000,9999.000
202608021830,   3.715,   4.168,9999.000,9999.000,9999.000,9999.000,9999.000,9999.000,9999.000
202608021836,   3.564,   3.988,9999.000,9999.000,9999.000,9999.000,9999.000,9999.000,9999.000
202608021842,   3.412,   3.837,9999.000,9999.000,9999.000,9999.000,9999.000,9999.000,9999.000
202608021848,   3.261,   3.670,9999.000,9999.000,9999.000,9999.000,9999.000,9999.000,9999.000
202608021854,   3.111,   3.519,9999.000,9999.000,9999.000,9999.000,9999.000,9999.000,9999.000
202608021900,   2.961,   3.329,   0.200,   0.168,   3.329,   0.100,   3.229,   0.300,   3.429
202608021906,   2.813,   3.168,9999.000,9999.000,9999.000,9999.000,9999.000,9999.000,9999.000
202608021912,   2.666,   3.007,9999.000,9999.000,9999.000,9999.000,9999.000,9999.000,9999.000
202608021918,   2.521,   2.869,9999.000,9999.000,9999.000,9999.000,9999.000,9999.000,9999.000
202608021924,   2.379,   2.699,9999.000,9999.000,9999.000,9999.000,9999.000,9999.000,9999.000
202608021930,   2.239,   2.548,9999.000,9999.000,9999.000,9999.000,9999.000,9999.000,9999.000
202608021936,   2.102,   2.420,9999.000,9999.000,9999.000,9999.000,9999.000,9999.000,9999.000
202608021942,   1.969,   2.299,9999.000,9999.000,9999.000,9999.000,9999.000,9999.000,9999.000
202608021948,   1.839,   2.177,9999.000,9999.000,9999.000,9999.000,9999.000,9999.000,9999.000
202608021954,   1.714,   2.040,9999.000,9999.000,9999.000,9999.000,9999.000,9999.000,9999.000
202608022000,   1.594,   1.918,   0.200,   0.124,   1.918,   0.100,   1.818,   0.300,   2.018
202608022006,   1.478,   1.820,9999.000,9999.000,9999.000,9999.000,9999.000,9999.000,9999.000
202608022012,   1.367,   1.708,9999.000,9999.000,9999.000,9999.000,9999.000,9999.000,9999.000
202608022018,   1.263,   1.600,9999.000,9999.000,9999.000,9999.000,9999.000,9999.000,9999.000
202608022024,   1.164,   1.508,9999.000,9999.000,9999.000,9999.000,9999.000,9999.000,9999.000
202608022030,   1.072,   1.410,9999.000,9999.000,9999.000,9999.000,9999.000,9999.000,9999.000
202608022036,   0.987,   1.338,9999.000,9999.000,9999.000,9999.000,9999.000,9999.000,9999.000
202608022042,   0.909,   1.269,9999.000,9999.000,9999.000,9999.000,9999.000,9999.000,9999.000
202608022048,   0.839,   1.210,9999.000,9999.000,9999.000,9999.000,9999.000,9999.000,9999.000
202608022054,   0.777,   1.138,9999.000,9999.000,9999.000,9999.000,9999.000,9999.000,9999.000
202608022100,   0.724,   1.079,   0.200,   0.155,   1.079,   0.100,   0.979,   0.300,   1.179
202608022106,   0.679,   1.029,9999.000,9999.000,9999.000,9999.000,9999.000,9999.000,9999.000
202608022112,   0.644,   0.961,9999.000,9999.000,9999.000,9999.000,9999.000,9999.000,9999.000
202608022118,   0.618,   0.908,9999.000,9999.000,9999.000,9999.000,9999.000,9999.000,9999.000
202608022124,   0.601,   0.859,9999.000,9999.000,9999.000,9999.000,9999.000,9999.000,9999.000
202608022130,   0.595,   0.810,9999.000,9999.000,9999.000,9999.000,9999.000,9999.000,9999.000
202608022136,   0.599,   0.810,9999.000,9999.000,9999.000,9999.000,9999.000,9999.000,9999.000
202608022142,   0.613,   0.829,9999.000,9999.000,9999.000,9999.000,9999.000,9999.000,9999.000
202608022148,   0.638,   0.819,9999.000,9999.000,9999.000,9999.000,9999.000,9999.000,9999.000
202608022154,   0.673,   0.819,9999.000,9999.000,9999.000,9999.000,9999.000,9999.000,9999.000
202608022200,   0.719,   0.790,   0.200,  -0.129,   0.790,   0.100,   0.690,   0.300,   0.890
202608022206,   0.775,   0.829,9999.000,9999.000,9999.000,9999.000,9999.000,9999.000,9999.000
202608022212,   0.842,   0.849,9999.000,9999.000,9999.000,9999.000,9999.000,9999.000,9999.000
202608022218,   0.918,   0.941,9999.000,9999.000,9999.000,9999.000,9999.000,9999.000,9999.000
202608022224,   1.005,   1.020,9999.000,9999.000,9999.000,9999.000,9999.000,9999.000,9999.000
202608022230,   1.101,   1.098,9999.000,9999.000,9999.000,9999.000,9999.000,9999.000,9999.000
202608022236,   1.206,   1.151,9999.000,9999.000,9999.000,9999.000,9999.000,9999.000,9999.000
202608022242,   1.320,   1.229,9999.000,9999.000,9999.000,9999.000,9999.000,9999.000,9999.000
202608022248,   1.443,   1.361,9999.000,9999.000,9999.000,9999.000,9999.000,9999.000,9999.000
202608022254,   1.573,   1.439,9999.000,9999.000,9999.000,9999.000,9999.000,9999.000,9999.000
202608022300,   1.711,   1.528,   0.200,  -0.383,   1.528,   0.100,   1.428,   0.300,   1.628
202608022306,   1.856,   1.649,9999.000,9999.000,9999.000,9999.000,9999.000,9999.000,9999.000
202608022312,   2.006,   1.820,9999.000,9999.000,9999.000,9999.000,9999.000,9999.000,9999.000
202608022318,   2.162,   1.981,9999.000,9999.000,9999.000,9999.000,9999.000,9999.000,9999.000
202608022324,   2.323,   2.158,9999.000,9999.000,9999.000,9999.000,9999.000,9999.000,9999.000
202608022330,   2.487,   2.328,9999.000,9999.000,9999.000,9999.000,9999.000,9999.000,9999.000
202608022336,   2.656,   2.469,9999.000,9999.000,9999.000,9999.000,9999.000,9999.000,9999.000
202608022342,   2.827,   2.620,9999.000,9999.000,9999.000,9999.000,9999.000,9999.000,9999.000
202608022348,   3.000,   2.768,9999.000,9999.000,9999.000,9999.000,9999.000,9999.000,9999.000
202608022354,   3.175,   2.889,9999.000,9999.000,9999.000,9999.000,9999.000,9999.000,9999.000
202608030000,   3.350,   3.050,   0.100,  -0.400,   3.050,   0.100,   3.050,   0.200,   3.150
202608030006,   3.526,   3.197,9999.000,9999.000,9999.000,9999.000,9999.000,9999.000,9999.000
202608030012,   3.701,   3.309,9999.000,9999.000,9999.000,9999.000,9999.000,9999.000,9999.000
202608030018,   3.875,   3.499,9999.000,9999.000,9999.000,9999.000,9999.000,9999.000,9999.000
202608030024,   4.048,   3.699,9999.000,9999.000,9999.000,9999.000,9999.000,9999.000,9999.000
202608030030,   4.219,   3.860,9999.000,9999.000,9999.000,9999.000,9999.000,9999.000,9999.000
202608030036,   4.388,   4.047,9999.000,9999.000,9999.000,9999.000,9999.000,9999.000,9999.000
202608030042,   4.553,   4.247,9999.000,9999.000,9999.000,9999.000,9999.000,9999.000,9999.000
202608030048,   4.715,   4.427,9999.000,9999.000,9999.000,9999.000,9999.000,9999.000,9999.000
202608030054,   4.874,   4.569,9999.000,9999.000,9999.000,9999.000,9999.000,9999.000,9999.000
202608030100,   5.028,   4.759,   0.100,  -0.369,   4.759,   0.000,   4.659,   0.200,   4.859
202608030106,   5.178,   4.919,9999.000,9999.000,9999.000,9999.000,9999.000,9999.000,9999.000
202608030112,   5.323,   5.077,9999.000,9999.000,9999.000,9999.000,9999.000,9999.000,9999.000
202608030118,   5.463,   5.228,9999.000,9999.000,9999.000,9999.000,9999.000,9999.000,9999.000
202608030124,   5.597,   5.359,9999.000,9999.000,9999.000,9999.000,9999.000,9999.000,9999.000
202608030130,   5.727,   5.467,9999.000,9999.000,9999.000,9999.000,9999.000,9999.000,9999.000
202608030136,   5.850,   5.608,9999.000,9999.000,9999.000,9999.000,9999.000,9999.000,9999.000
202608030142,   5.968,   5.730,9999.000,9999.000,9999.000,9999.000,9999.000,9999.000,9999.000
202608030148,   6.079,   5.848,9999.000,9999.000,9999.000,9999.000,9999.000,9999.000,9999.000
202608030154,   6.184,   5.959,9999.000,9999.000,9999.000,9999.000,9999.000,9999.000,9999.000
202608030200,   6.283,   6.067,   0.100,  -0.316,   6.067,   0.000,   5.967,   0.200,   6.167
202608030206,   6.375,   6.159,9999.000,9999.000,9999.000,9999.000,9999.000,9999.000,9999.000
202608030212,   6.461,   6.277,9999.000,9999.000,9999.000,9999.000,9999.000,9999.000,9999.000
202608030218,   6.540,   6.409,9999.000,9999.000,9999.000,9999.000,9999.000,9999.000,9999.000
202608030224,   6.612,   6.517,9999.000,9999.000,9999.000,9999.000,9999.000,9999.000,9999.000
202608030230,   6.678,   6.619,9999.000,9999.000,9999.000,9999.000,9999.000,9999.000,9999.000
202608030236,   6.736,   6.707,9999.000,9999.000,9999.000,9999.000,9999.000,9999.000,9999.000
202608030242,   6.788,   6.766,9999.000,9999.000,9999.000,9999.000,9999.000,9999.000,9999.000
202608030248,   6.833,   6.819,9999.000,9999.000,9999.000,9999.000,9999.000,9999.000,9999.000
202608030254,   6.871,   6.878,9999.000,9999.000,9999.000,9999.000,9999.000,9999.000,9999.000
202608030300,   6.902,   6.956,   0.100,  -0.046,   6.956,   0.000,   6.856,   0.200,   7.056
202608030306,   6.927,   6.979,9999.000,9999.000,9999.000,9999.000,9999.000,9999.000,9999.000
202608030312,   6.945,   7.019,9999.000,9999.000,9999.000,9999.000,9999.000,9999.000,9999.000
202608030318,   6.957,   7.029,9999.000,9999.000,9999.000,9999.000,9999.000,9999.000,9999.000
202608030324,   6.962,   7.097,9999.000,9999.000,9999.000,9999.000,9999.000,9999.000,9999.000
202608030330,   6.960,   7.137,9999.000,9999.000,9999.000,9999.000,9999.000,9999.000,9999.000
202608030336,   6.952,   7.147,9999.000,9999.000,9999.000,9999.000,9999.000,9999.000,9999.000
202608030342,   6.938,   7.176,9999.000,9999.000,9999.000,9999.000,9999.000,9999.000,9999.000
202608030348,   6.918,   7.209,9999.000,9999.000,9999.000,9999.000,9999.000,9999.000,9999.000
202608030354,   6.891,   7.209,9999.000,9999.000,9999.000,9999.000,9999.000,9999.000,9999.000
202608030400,   6.859,   7.199,   0.100,   0.240,   7.199,   0.000,   7.099,   0.200,   7.299
202608030406,   6.820,   7.199,9999.000,9999.000,9999.000,9999.000,9999.000,9999.000,9999.000
202608030412,   6.776,   7.156,9999.000,9999.000,9999.000,9999.000,9999.000,9999.000,9999.000
202608030418,   6.726,   7.078,9999.000,9999.000,9999.000,9999.000,9999.000,9999.000,9999.000
202608030424,   6.670,   7.019,9999.000,9999.000,9999.000,9999.000,9999.000,9999.000,9999.000
202608030430,   6.609,   6.966,9999.000,9999.000,9999.000,9999.000,9999.000,9999.000,9999.000
202608030436,   6.541,   6.858,9999.000,9999.000,9999.000,9999.000,9999.000,9999.000,9999.000
202608030442,   6.469,   6.789,9999.000,9999.000,9999.000,9999.000,9999.000,9999.000,9999.000
202608030448,   6.390,   6.707,9999.000,9999.000,9999.000,9999.000,9999.000,9999.000,9999.000
202608030454,   6.306,   6.589,9999.000,9999.000,9999.000,9999.000,9999.000,9999.000,9999.000
202608030500,   6.217,   6.477,   0.100,   0.160,   6.477,   0.000,   6.377,   0.200,   6.577
202608030506,   6.123,   6.379,9999.000,9999.000,9999.000,9999.000,9999.000,9999.000,9999.000
202608030512,   6.023,   6.277,9999.000,9999.000,9999.000,9999.000,9999.000,9999.000,9999.000
202608030518,   5.918,   6.149,9999.000,9999.000,9999.000,9999.000,9999.000,9999.000,9999.000
202608030524,   5.807,   6.028,9999.000,9999.000,9999.000,9999.000,9999.000,9999.000,9999.000
202608030530,   5.692,   5.897,9999.000,9999.000,9999.000,9999.000,9999.000,9999.000,9999.000
202608030536,   5.571,   5.779,9999.000,9999.000,9999.000,9999.000,9999.000,9999.000,9999.000
202608030542,   5.446,   5.667,9999.000,9999.000,9999.000,9999.000,9999.000,9999.000,9999.000
202608030548,   5.317,   5.516,9999.000,9999.000,9999.000,9999.000,9999.000,9999.000,9999.000
202608030554,   5.182,   5.418,9999.000,9999.000,9999.000,9999.000,9999.000,9999.000,9999.000
202608030600,   5.044,   5.297,   0.000,   0.253,   5.297,  -0.100,   5.197,   0.000,   5.297
202608030606,   4.901,   5.129,9999.000,9999.000,9999.000,9999.000,9999.000,9999.000,9999.000
202608030612,   4.755,   5.008,9999.000,9999.000,9999.000,9999.000,9999.000,9999.000,9999.000
202608030618,   4.605,   4.857,9999.000,9999.000,9999.000,9999.000,9999.000,9999.000,9999.000
202608030624,   4.452,   4.700,9999.000,9999.000,9999.000,9999.000,9999.000,9999.000,9999.000
202608030630,   4.296,   4.490,9999.000,9999.000,9999.000,9999.000,9999.000,9999.000,9999.000
202608030636,   4.138,   4.339,9999.000,9999.000,9999.000,9999.000,9999.000,9999.000,9999.000
202608030642,   3.977,   4.168,9999.000,9999.000,9999.000,9999.000,9999.000,9999.000,9999.000
202608030648,   3.815,   4.090,9999.000,9999.000,9999.000,9999.000,9999.000,9999.000,9999.000
202608030654,   3.651,   3.588,9999.000,9999.000,9999.000,9999.000,9999.000,9999.000,9999.000
202608030700,   3.486,   3.768,   0.000,   0.282,   3.768,  -0.200,   3.568,   0.000,   3.768
202608030706,   3.320,   3.578,9999.000,9999.000,9999.000,9999.000,9999.000,9999.000,9999.000
202608030712,   3.154,   3.368,9999.000,9999.000,9999.000,9999.000,9999.000,9999.000,9999.000
202608030718,   2.988,   3.188,9999.000,9999.000,9999.000,9999.000,9999.000,9999.000,9999.000
202608030724,   2.823,   3.040,9999.000,9999.000,9999.000,9999.000,9999.000,9999.000,9999.000
202608030730,   2.659,   2.830,9999.000,9999.000,9999.000,9999.000,9999.000,9999.000,9999.000
202608030736,   2.496,   2.768,9999.000,9999.000,9999.000,9999.000,9999.000,9999.000,9999.000
202608030742,   2.335,   2.519,9999.000,9999.000,9999.000,9999.000,9999.000,9999.000,9999.000
202608030748,   2.176,   2.358,9999.000,9999.000,9999.000,9999.000,9999.000,9999.000,9999.000
202608030754,   2.020,   2.177,9999.000,9999.000,9999.000,9999.000,9999.000,9999.000,9999.000
202608030800,   1.867,   1.990,  -0.100,   0.223,   1.990,  -0.200,   1.890,   0.000,   2.090
202608030806,   1.718,   1.790,9999.000,9999.000,9999.000,9999.000,9999.000,9999.000,9999.000
202608030812,   1.572,   1.639,9999.000,9999.000,9999.000,9999.000,9999.000,9999.000,9999.000
202608030818,   1.431,   1.469,9999.000,9999.000,9999.000,9999.000,9999.000,9999.000,9999.000
202608030824,   1.294,   1.298,9999.000,9999.000,9999.000,9999.000,9999.000,9999.000,9999.000
202608030830,   1.163,   1.138,9999.000,9999.000,9999.000,9999.000,9999.000,9999.000,9999.000
202608030836,   1.038,   1.029,9999.000,9999.000,9999.000,9999.000,9999.000,9999.000,9999.000
202608030842,   0.918,   0.839,9999.000,9999.000,9999.000,9999.000,9999.000,9999.000,9999.000
202608030848,   0.806,   0.751,9999.000,9999.000,9999.000,9999.000,9999.000,9999.000,9999.000
202608030854,   0.700,   0.669,9999.000,9999.000,9999.000,9999.000,9999.000,9999.000,9999.000
202608030900,   0.602,   0.551,  -0.100,   0.049,   0.551,  -0.200,   0.451,   0.000,   0.651
202608030906,   0.511,   0.429,9999.000,9999.000,9999.000,9999.000,9999.000,9999.000,9999.000
202608030912,   0.429,   0.380,9999.000,9999.000,9999.000,9999.000,9999.000,9999.000,9999.000
202608030918,   0.356,   0.298,9999.000,9999.000,9999.000,9999.000,9999.000,9999.000,9999.000
202608030924,   0.292,   0.239,9999.000,9999.000,9999.000,9999.000,9999.000,9999.000,9999.000
202608030930,   0.237,   0.170,9999.000,9999.000,9999.000,9999.000,9999.000,9999.000,9999.000
202608030936,   0.192,   0.121,9999.000,9999.000,9999.000,9999.000,9999.000,9999.000,9999.000
202608030942,   0.157,   0.111,9999.000,9999.000,9999.000,9999.000,9999.000,9999.000,9999.000
202608030948,   0.133,   0.049,9999.000,9999.000,9999.000,9999.000,9999.000,9999.000,9999.000
202608030954,   0.120,   0.029,9999.000,9999.000,9999.000,9999.000,9999.000,9999.000,9999.000
202608031000,   0.117,   0.000,  -0.100,  -0.017,   0.000,  -0.200,  -0.100,   0.000,   0.100
202608031006,   0.126,   0.009,9999.000,9999.000,9999.000,9999.000,9999.000,9999.000,9999.000
202608031012,   0.146,   0.029,9999.000,9999.000,9999.000,9999.000,9999.000,9999.000,9999.000
202608031018,   0.177,   0.049,9999.000,9999.000,9999.000,9999.000,9999.000,9999.000,9999.000
202608031024,   0.220,   0.088,9999.000,9999.000,9999.000,9999.000,9999.000,9999.000,9999.000
202608031030,   0.274,   0.141,9999.000,9999.000,9999.000,9999.000,9999.000,9999.000,9999.000
202608031036,   0.339,   0.209,9999.000,9999.000,9999.000,9999.000,9999.000,9999.000,9999.000
202608031042,   0.416,   0.390,9999.000,9999.000,9999.000,9999.000,9999.000,9999.000,9999.000
202608031048,   0.502,   0.409,9999.000,9999.000,9999.000,9999.000,9999.000,9999.000,9999.000
202608031054,   0.600,   0.488,9999.000,9999.000,9999.000,9999.000,9999.000,9999.000,9999.000
202608031100,   0.707,   0.708,   0.000,   0.001,   0.708,  -0.100,   0.608,   0.000,   0.708
202608031106,   0.825,   0.708,9999.000,9999.000,9999.000,9999.000,9999.000,9999.000,9999.000
202608031112,   0.951,   0.800,9999.000,9999.000,9999.000,9999.000,9999.000,9999.000,9999.000
202608031118,   1.086,   0.951,9999.000,9999.000,9999.000,9999.000,9999.000,9999.000,9999.000
202608031124,   1.229,   1.118,9999.000,9999.000,9999.000,9999.000,9999.000,9999.000,9999.000
202608031130,   1.380,   1.128,9999.000,9999.000,9999.000,9999.000,9999.000,9999.000,9999.000
202608031136,   1.538,   1.338,9999.000,9999.000,9999.000,9999.000,9999.000,9999.000,9999.000
202608031142,   1.702,   1.459,9999.000,9999.000,9999.000,9999.000,9999.000,9999.000,9999.000
202608031148,   1.871,   1.639,9999.000,9999.000,9999.000,9999.000,9999.000,9999.000,9999.000
202608031154,   2.045,   1.748,9999.000,9999.000,9999.000,9999.000,9999.000,9999.000,9999.000
202608031200,   2.224,   1.938,  -0.100,  -0.186,   1.938,  -0.100,   1.938,   0.000,   2.038
202608031206,   2.406,   2.118,9999.000,9999.000,9999.000,9999.000,9999.000,9999.000,9999.000
202608031212,   2.590,   2.368,9999.000,9999.000,9999.000,9999.000,9999.000,9999.000,9999.000
202608031218,   2.777,   2.587,9999.000,9999.000,9999.000,9999.000,9999.000,9999.000,9999.000
202608031224,   2.965,   2.738,9999.000,9999.000,9999.000,9999.000,9999.000,9999.000,9999.000
202608031230,   3.154,   2.958,9999.000,9999.000,9999.000,9999.000,9999.000,9999.000,9999.000
202608031236,   3.342,   3.089,9999.000,9999.000,9999.000,9999.000,9999.000,9999.000,9999.000
202608031242,   3.531,   3.250,9999.000,9999.000,9999.000,9999.000,9999.000,9999.000,9999.000
202608031248,   3.718,   3.450,9999.000,9999.000,9999.000,9999.000,9999.000,9999.000,9999.000
202608031254,   3.903,   3.588,9999.000,9999.000,9999.000,9999.000,9999.000,9999.000,9999.000
202608031300,   4.086,   3.788,  -0.100,  -0.198,   3.788,  -0.100,   3.788,   0.000,   3.888
202608031306,   4.266,   3.939,9999.000,9999.000,9999.000,9999.000,9999.000,9999.000,9999.000
202608031312,   4.443,   4.139,9999.000,9999.000,9999.000,9999.000,9999.000,9999.000,9999.000
202608031318,   4.616,   4.339,9999.000,9999.000,9999.000,9999.000,9999.000,9999.000,9999.000
202608031324,   4.786,   4.539,9999.000,9999.000,9999.000,9999.000,9999.000,9999.000,9999.000
202608031330,   4.950,   4.667,9999.000,9999.000,9999.000,9999.000,9999.000,9999.000,9999.000
202608031336,   5.110,   4.949,9999.000,9999.000,9999.000,9999.000,9999.000,9999.000,9999.000
202608031342,   5.265,   4.769,9999.000,9999.000,9999.000,9999.000,9999.000,9999.000,9999.000
202608031348,   5.414,   5.110,9999.000,9999.000,9999.000,9999.000,9999.000,9999.000,9999.000
202608031354,   5.557,   5.297,9999.000,9999.000,9999.000,9999.000,9999.000,9999.000,9999.000
202608031400,   5.694,   5.497,  -0.100,  -0.097,   5.497,  -0.100,   5.497,   0.000,   5.597
202608031406,   5.825,   5.667,9999.000,9999.000,9999.000,9999.000,9999.000,9999.000,9999.000
202608031412,   5.950,   5.749,9999.000,9999.000,9999.000,9999.000,9999.000,9999.000,9999.000
202608031418,   6.068,   5.917,9999.000,9999.000,9999.000,9999.000,9999.000,9999.000,9999.000
202608031424,   6.178,   6.038,9999.000,9999.000,9999.000,9999.000,9999.000,9999.000,9999.000
202608031430,   6.282,   6.179,9999.000,9999.000,9999.000,9999.000,9999.000,9999.000,9999.000
202608031436,   6.379,   6.346,9999.000,9999.000,9999.000,9999.000,9999.000,9999.000,9999.000
202608031442,   6.469,   6.346,9999.000,9999.000,9999.000,9999.000,9999.000,9999.000,9999.000
202608031448,   6.551,   6.487,9999.000,9999.000,9999.000,9999.000,9999.000,9999.000,9999.000
202608031454,   6.626,   6.579,9999.000,9999.000,9999.000,9999.000,9999.000,9999.000,9999.000
202608031500,   6.693,   6.678,  -0.100,   0.085,   6.678,  -0.100,   6.678,   0.000,   6.778
202608031506,   6.754,   6.756,9999.000,9999.000,9999.000,9999.000,9999.000,9999.000,9999.000
202608031512,   6.806,   6.858,9999.000,9999.000,9999.000,9999.000,9999.000,9999.000,9999.000
202608031518,   6.852,   6.917,9999.000,9999.000,9999.000,9999.000,9999.000,9999.000,9999.000
202608031524,   6.890,   6.956,9999.000,9999.000,9999.000,9999.000,9999.000,9999.000,9999.000
202608031530,   6.920,   7.019,9999.000,9999.000,9999.000,9999.000,9999.000,9999.000,9999.000
202608031536,   6.944,   7.048,9999.000,9999.000,9999.000,9999.000,9999.000,9999.000,9999.000
202608031542,   6.960,   7.068,9999.000,9999.000,9999.000,9999.000,9999.000,9999.000,9999.000
202608031548,   6.969,   7.107,9999.000,9999.000,9999.000,9999.000,9999.000,9999.000,9999.000
202608031554,   6.972,   7.127,9999.000,9999.000,9999.000,9999.000,9999.000,9999.000,9999.000
202608031600,   6.967,   7.137,  -0.100,   0.270,   7.137,  -0.200,   7.037,   0.000,   7.237
202608031606,   6.956,   7.166,9999.000,9999.000,9999.000,9999.000,9999.000,9999.000,9999.000
202608031612,   6.938,   7.166,9999.000,9999.000,9999.000,9999.000,9999.000,9999.000,9999.000
202608031618,   6.914,   7.166,9999.000,9999.000,9999.000,9999.000,9999.000,9999.000,9999.000
202608031624,   6.884,   7.147,9999.000,9999.000,9999.000,9999.000,9999.000,9999.000,9999.000
202608031630,   6.847,   7.127,9999.000,9999.000,9999.000,9999.000,9999.000,9999.000,9999.000
202608031636,   6.804,   7.107,9999.000,9999.000,9999.000,9999.000,9999.000,9999.000,9999.000
202608031642,   6.755,   6.989,9999.000,9999.000,9999.000,9999.000,9999.000,9999.000,9999.000
202608031648,   6.700,   6.927,9999.000,9999.000,9999.000,9999.000,9999.000,9999.000,9999.000
202608031654,   6.639,   6.848,9999.000,9999.000,9999.000,9999.000,9999.000,9999.000,9999.000
202608031700,   6.573,   6.717,  -0.100,   0.244,   6.717,  -0.200,   6.617,   0.000,   6.817
202608031706,   6.501,   6.569,9999.000,9999.000,9999.000,9999.000,9999.000,9999.000,9999.000
202608031712,   6.424,   6.579,9999.000,9999.000,9999.000,9999.000,9999.000,9999.000,9999.000
202608031718,   6.341,   6.438,9999.000,9999.000,9999.000,9999.000,9999.000,9999.000,9999.000
202608031724,   6.252,   6.369,9999.000,9999.000,9999.000,9999.000,9999.000,9999.000,9999.000
202608031730,   6.159,   6.307,9999.000,9999.000,9999.000,9999.000,9999.000,9999.000,9999.000
202608031736,   6.060,   6.169,9999.000,9999.000,9999.000,9999.000,9999.000,9999.000,9999.000
202608031742,   5.957,   6.048,9999.000,9999.000,9999.000,9999.000,9999.000,9999.000,9999.000
202608031748,   5.849,   5.959,9999.000,9999.000,9999.000,9999.000,9999.000,9999.000,9999.000
202608031754,   5.736,   5.818,9999.000,9999.000,9999.000,9999.000,9999.000,9999.000,9999.000
202608031800,   5.618,   5.697,   0.000,   0.079,   5.697,  -0.100,   5.597,   0.000,   5.697
202608031806,   5.496,   5.559,9999.000,9999.000,9999.000,9999.000,9999.000,9999.000,9999.000
202608031812,   5.370,   5.438,9999.000,9999.000,9999.000,9999.000,9999.000,9999.000,9999.000
202608031818,   5.241,   5.257,9999.000,9999.000,9999.000,9999.000,9999.000,9999.000,9999.000
202608031824,   5.107,   5.139,9999.000,9999.000,9999.000,9999.000,9999.000,9999.000,9999.000
202608031830,   4.970,   4.998,9999.000,9999.000,9999.000,9999.000,9999.000,9999.000,9999.000
202608031836,   4.830,   4.837,9999.000,9999.000,9999.000,9999.000,9999.000,9999.000,9999.000
202608031842,   4.687,   4.729,9999.000,9999.000,9999.000,9999.000,9999.000,9999.000,9999.000
202608031848,   4.542,   4.588,9999.000,9999.000,9999.000,9999.000,9999.000,9999.000,9999.000
202608031854,   4.395,   4.447,9999.000,9999.000,9999.000,9999.000,9999.000,9999.000,9999.000
202608031900,   4.245,   4.290,   0.000,   0.045,   4.290,  -0.100,   4.190,   0.000,   4.290
202608031906,   4.095,   4.149,9999.000,9999.000,9999.000,9999.000,9999.000,9999.000,9999.000
202608031912,   3.943,   4.008,9999.000,9999.000,9999.000,9999.000,9999.000,9999.000,9999.000
202608031918,   3.790,   3.870,9999.000,9999.000,9999.000,9999.000,9999.000,9999.000,9999.000
202608031924,   3.638,   3.709,9999.000,9999.000,9999.000,9999.000,9999.000,9999.000,9999.000
202608031930,   3.485,   3.539,9999.000,9999.000,9999.000,9999.000,9999.000,9999.000,9999.000
202608031936,   3.333,   3.378,9999.000,9999.000,9999.000,9999.000,9999.000,9999.000,9999.000
202608031942,   3.182,   3.217,9999.000,9999.000,9999.000,9999.000,9999.000,9999.000,9999.000
202608031948,   3.032,   3.070,9999.000,9999.000,9999.000,9999.000,9999.000,9999.000,9999.000
202608031954,   2.884,   2.919,9999.000,9999.000,9999.000,9999.000,9999.000,9999.000,9999.000
202608032000,   2.738,   2.758,   0.000,   0.020,   2.758,  -0.100,   2.658,   0.000,   2.758
202608032006,   2.594,   2.587,9999.000,9999.000,9999.000,9999.000,9999.000,9999.000,9999.000
202608032012,   2.453,   2.440,9999.000,9999.000,9999.000,9999.000,9999.000,9999.000,9999.000
202608032018,   2.316,   2.269,9999.000,9999.000,9999.000,9999.000,9999.000,9999.000,9999.000
202608032024,   2.181,   2.109,9999.000,9999.000,9999.000,9999.000,9999.000,9999.000,9999.000
202608032030,   2.051,   1.958,9999.000,9999.000,9999.000,9999.000,9999.000,9999.000,9999.000
202608032036,   1.925,   1.840,9999.000,9999.000,9999.000,9999.000,9999.000,9999.000,9999.000
202608032042,   1.804,   1.758,9999.000,9999.000,9999.000,9999.000,9999.000,9999.000,9999.000
202608032048,   1.687,   1.758,9999.000,9999.000,9999.000,9999.000,9999.000,9999.000,9999.000
202608032054,   1.576,   1.469,9999.000,9999.000,9999.000,9999.000,9999.000,9999.000,9999.000
202608032100,   1.470,   1.298,   0.000,  -0.172,   1.298,   0.000,   1.298,   0.000,   1.298
202608032106,   1.370,   1.200,9999.000,9999.000,9999.000,9999.000,9999.000,9999.000,9999.000
202608032112,   1.277,   1.151,9999.000,9999.000,9999.000,9999.000,9999.000,9999.000,9999.000
202608032118,   1.190,   0.980,9999.000,9999.000,9999.000,9999.000,9999.000,9999.000,9999.000
202608032124,   1.110,   0.888,9999.000,9999.000,9999.000,9999.000,9999.000,9999.000,9999.000
202608032130,   1.038,   0.790,9999.000,9999.000,9999.000,9999.000,9999.000,9999.000,9999.000
202608032136,   0.973,   0.741,9999.000,9999.000,9999.000,9999.000,9999.000,9999.000,9999.000
202608032142,   0.916,   0.649,9999.000,9999.000,9999.000,9999.000,9999.000,9999.000,9999.000
202608032148,   0.867,   0.560,9999.000,9999.000,9999.000,9999.000,9999.000,9999.000,9999.000
202608032154,   0.826,   0.488,9999.000,9999.000,9999.000,9999.000,9999.000,9999.000,9999.000
202608032200,   0.795,   0.449,   0.000,  -0.346,   0.449,   0.000,   0.449,   0.000,   0.449
202608032206,   0.773,   0.449,9999.000,9999.000,9999.000,9999.000,9999.000,9999.000,9999.000
202608032212,   0.759,   0.459,9999.000,9999.000,9999.000,9999.000,9999.000,9999.000,9999.000
202608032218,   0.756,   0.488,9999.000,9999.000,9999.000,9999.000,9999.000,9999.000,9999.000
202608032224,   0.762,   0.488,9999.000,9999.000,9999.000,9999.000,9999.000,9999.000,9999.000
202608032230,   0.777,   0.488,9999.000,9999.000,9999.000,9999.000,9999.000,9999.000,9999.000
202608032236,   0.803,   0.541,9999.000,9999.000,9999.000,9999.000,9999.000,9999.000,9999.000
202608032242,   0.838,   0.600,9999.000,9999.000,9999.000,9999.000,9999.000,9999.000,9999.000
202608032248,   0.883,   0.610,9999.000,9999.000,9999.000,9999.000,9999.000,9999.000,9999.000
202608032254,   0.938,   0.688,9999.000,9999.000,9999.000,9999.000,9999.000,9999.000,9999.000
202608032300,   1.003,   0.770,   0.000,  -0.233,   0.770,   0.000,   0.770,   0.100,   0.870
202608032306,   1.077,   0.810,9999.000,9999.000,9999.000,9999.000,9999.000,9999.000,9999.000
202608032312,   1.160,   0.908,9999.000,9999.000,9999.000,9999.000,9999.000,9999.000,9999.000
202608032318,   1.252,   1.079,9999.000,9999.000,9999.000,9999.000,9999.000,9999.000,9999.000
202608032324,   1.353,   1.170,9999.000,9999.000,9999.000,9999.000,9999.000,9999.000,9999.000
202608032330,   1.462,   1.279,9999.000,9999.000,9999.000,9999.000,9999.000,9999.000,9999.000
202608032336,   1.579,   1.430,9999.000,9999.000,9999.000,9999.000,9999.000,9999.000,9999.000
202608032342,   1.703,   1.580,9999.000,9999.000,9999.000,9999.000,9999.000,9999.000,9999.000
202608032348,   1.833,   1.708,9999.000,9999.000,9999.000,9999.000,9999.000,9999.000,9999.000
202608032354,   1.971,   1.889,9999.000,9999.000,9999.000,9999.000,9999.000,9999.000,9999.000
202608040000,   2.113,   2.049,   0.000,  -0.064,   2.049,   0.000,   2.049,   0.000,   2.049
202608040006,   2.261,   2.177,9999.000,9999.000,9999.000,9999.000,9999.000,9999.000,9999.000
202608040012,   2.413,   2.348,9999.000,9999.000,9999.000,9999.000,9999.000,9999.000,9999.000
202608040018,   2.569,   2.509,9999.000,9999.000,9999.000,9999.000,9999.000,9999.000,9999.000
202608040024,   2.728,   2.640,9999.000,9999.000,9999.000,9999.000,9999.000,9999.000,9999.000
202608040030,   2.890,   2.797,9999.000,9999.000,9999.000,9999.000,9999.000,9999.000,9999.000
202608040036,   3.053,   2.988,9999.000,9999.000,9999.000,9999.000,9999.000,9999.000,9999.000
202608040042,   3.218,   3.129,9999.000,9999.000,9999.000,9999.000,9999.000,9999.000,9999.000
202608040048,   3.384,   3.309,9999.000,9999.000,9999.000,9999.000,9999.000,9999.000,9999.000
202608040054,   3.550,   3.480,9999.000,9999.000,9999.000,9999.000,9999.000,9999.000,9999.000
202608040100,   3.715,   3.627,   0.000,  -0.088,   3.627,   0.000,   3.627,   0.000,   3.627
202608040106,   3.880,   3.808,9999.000,9999.000,9999.000,9999.000,9999.000,9999.000,9999.000
202608040112,   4.043,   3.958,9999.000,9999.000,9999.000,9999.000,9999.000,9999.000,9999.000
202608040118,   4.204,   4.090,9999.000,9999.000,9999.000,9999.000,9999.000,9999.000,9999.000
202608040124,   4.362,   4.247,9999.000,9999.000,9999.000,9999.000,9999.000,9999.000,9999.000
202608040130,   4.518,   4.408,9999.000,9999.000,9999.000,9999.000,9999.000,9999.000,9999.000
202608040136,   4.671,   4.539,9999.000,9999.000,9999.000,9999.000,9999.000,9999.000,9999.000
202608040142,   4.820,   4.677,9999.000,9999.000,9999.000,9999.000,9999.000,9999.000,9999.000
202608040148,   4.965,   4.837,9999.000,9999.000,9999.000,9999.000,9999.000,9999.000,9999.000
202608040154,   5.106,   4.969,9999.000,9999.000,9999.000,9999.000,9999.000,9999.000,9999.000
202608040200,   5.242,   5.087,   0.000,  -0.155,   5.087,   0.000,   5.087,   0.000,   5.087
202608040206,   5.374,   5.228,9999.000,9999.000,9999.000,9999.000,9999.000,9999.000,9999.000
202608040212,   5.500,   5.329,9999.000,9999.000,9999.000,9999.000,9999.000,9999.000,9999.000
202608040218,   5.622,   5.457,9999.000,9999.000,9999.000,9999.000,9999.000,9999.000,9999.000
202608040224,   5.738,   5.589,9999.000,9999.000,9999.000,9999.000,9999.000,9999.000,9999.000
202608040230,   5.848,   5.707,9999.000,9999.000,9999.000,9999.000,9999.000,9999.000,9999.000
202608040236,   5.952,   5.808,9999.000,9999.000,9999.000,9999.000,9999.000,9999.000,9999.000
202608040242,   6.051,   5.949,9999.000,9999.000,9999.000,9999.000,9999.000,9999.000,9999.000
202608040248,   6.143,   6.087,9999.000,9999.000,9999.000,9999.000,9999.000,9999.000,9999.000
202608040254,   6.230,   6.189,9999.000,9999.000,9999.000,9999.000,9999.000,9999.000,9999.000
202608040300,   6.310,   6.307,   0.000,  -0.003,   6.307,   0.000,   6.307,   0.000,   6.307
202608040306,   6.383,   6.458,9999.000,9999.000,9999.000,9999.000,9999.000,9999.000,9999.000
202608040312,   6.451,   6.546,9999.000,9999.000,9999.000,9999.000,9999.000,9999.000,9999.000
202608040318,   6.512,   6.638,9999.000,9999.000,9999.000,9999.000,9999.000,9999.000,9999.000
202608040324,   6.566,   6.746,9999.000,9999.000,9999.000,9999.000,9999.000,9999.000,9999.000
202608040330,   6.614,   6.799,9999.000,9999.000,9999.000,9999.000,9999.000,9999.000,9999.000
202608040336,   6.655,   6.858,9999.000,9999.000,9999.000,9999.000,9999.000,9999.000,9999.000
202608040342,   6.690,   6.897,9999.000,9999.000,9999.000,9999.000,9999.000,9999.000,9999.000
202608040348,   6.718,   6.917,9999.000,9999.000,9999.000,9999.000,9999.000,9999.000,9999.000
202608040354,   6.740,   6.937,9999.000,9999.000,9999.000,9999.000,9999.000,9999.000,9999.000
202608040400,   6.756,   6.956,   0.000,   0.200,   6.956,   0.000,   6.956,   0.000,   6.956
202608040406,   6.765,   6.937,9999.000,9999.000,9999.000,9999.000,9999.000,9999.000,9999.000
202608040412,   6.768,   6.999,9999.000,9999.000,9999.000,9999.000,9999.000,9999.000,9999.000
202608040418,   6.764,   6.947,9999.000,9999.000,9999.000,9999.000,9999.000,9999.000,9999.000
202608040424,   6.755,   6.966,9999.000,9999.000,9999.000,9999.000,9999.000,9999.000,9999.000
202608040430,   6.739,   6.956,9999.000,9999.000,9999.000,9999.000,9999.000,9999.000,9999.000
202608040436,   6.717,   6.907,9999.000,9999.000,9999.000,9999.000,9999.000,9999.000,9999.000
202608040442,   6.689,   6.979,9999.000,9999.000,9999.000,9999.000,9999.000,9999.000,9999.000
202608040448,   6.655,   6.999,9999.000,9999.000,9999.000,9999.000,9999.000,9999.000,9999.000
202608040454,   6.616,   6.917,9999.000,9999.000,9999.000,9999.000,9999.000,9999.000,9999.000
202608040500,   6.570,   6.887,   0.000,   0.317,   6.887,   0.000,   6.887,   0.000,   6.887
202608040506,   6.519,   6.956,9999.000,9999.000,9999.000,9999.000,9999.000,9999.000,9999.000
202608040512,   6.461,   6.828,9999.000,9999.000,9999.000,9999.000,9999.000,9999.000,9999.000
202608040518,   6.399,   6.789,9999.000,9999.000,9999.000,9999.000,9999.000,9999.000,9999.000
202608040524,   6.330,   6.799,9999.000,9999.000,9999.000,9999.000,9999.000,9999.000,9999.000
202608040530,   6.256,   6.697,9999.000,9999.000,9999.000,9999.000,9999.000,9999.000,9999.000
202608040536,   6.176,   6.609,9999.000,9999.000,9999.000,9999.000,9999.000,9999.000,9999.000
202608040542,   6.091,   6.546,9999.000,9999.000,9999.000,9999.000,9999.000,9999.000,9999.000
202608040548,   6.000,   6.448,9999.000,9999.000,9999.000,9999.000,9999.000,9999.000,9999.000
202608040554,   5.904,   6.327,9999.000,9999.000,9999.000,9999.000,9999.000,9999.000,9999.000
202608040600,   5.802,   6.209,   0.000,   0.407,   6.209,  -0.100,   6.109,   0.000,   6.209
202608040606,   5.695,   6.018,9999.000,9999.000,9999.000,9999.000,9999.000,9999.000,9999.000
202608040612,   5.583,   5.926,9999.000,9999.000,9999.000,9999.000,9999.000,9999.000,9999.000
202608040618,   5.466,   5.887,9999.000,9999.000,9999.000,9999.000,9999.000,9999.000,9999.000
202608040624,   5.344,   5.717,9999.000,9999.000,9999.000,9999.000,9999.000,9999.000,9999.000
202608040630,   5.217,   5.169,9999.000,9999.000,9999.000,9999.000,9999.000,9999.000,9999.000
202608040636,   5.086,   5.448,9999.000,9999.000,9999.000,9999.000,9999.000,9999.000,9999.000
202608040642,   4.950,   5.228,9999.000,9999.000,9999.000,9999.000,9999.000,9999.000,9999.000
202608040648,   4.810,   5.057,9999.000,9999.000,9999.000,9999.000,9999.000,9999.000,9999.000
202608040654,   4.666,   4.857,9999.000,9999.000,9999.000,9999.000,9999.000,9999.000,9999.000
202608040700,   4.518,   4.837,  -0.100,   0.419,   4.837,  -0.100,   4.837,   0.000,   4.937
202608040706,   4.367,   4.647,9999.000,9999.000,9999.000,9999.000,9999.000,9999.000,9999.000
202608040712,   4.214,   4.457,9999.000,9999.000,9999.000,9999.000,9999.000,9999.000,9999.000
202608040718,   4.057,   4.300,9999.000,9999.000,9999.000,9999.000,9999.000,9999.000,9999.000
202608040724,   3.899,   4.168,9999.000,9999.000,9999.000,9999.000,9999.000,9999.000,9999.000
202608040730,   3.739,   4.017,9999.000,9999.000,9999.000,9999.000,9999.000,9999.000,9999.000
202608040736,   3.577,   3.847,9999.000,9999.000,9999.000,9999.000,9999.000,9999.000,9999.000
202608040742,   3.414,   3.650,9999.000,9999.000,9999.000,9999.000,9999.000,9999.000,9999.000
202608040748,   3.251,   3.499,9999.000,9999.000,9999.000,9999.000,9999.000,9999.000,9999.000
202608040754,   3.087,   3.339,9999.000,9999.000,9999.000,9999.000,9999.000,9999.000,9999.000
202608040800,   2.924,   3.109,  -0.100,   0.285,   3.109,  -0.100,   3.109,   0.000,   3.209
202608040806,   2.762,   2.929,9999.000,9999.000,9999.000,9999.000,9999.000,9999.000,9999.000
202608040812,   2.601,   2.787,9999.000,9999.000,9999.000,9999.000,9999.000,9999.000,9999.000
202608040818,   2.441,   2.620,9999.000,9999.000,9999.000,9999.000,9999.000,9999.000,9999.000
202608040824,   2.284,   2.440,9999.000,9999.000,9999.000,9999.000,9999.000,9999.000,9999.000
202608040830,   2.129,   2.269,9999.000,9999.000,9999.000,9999.000,9999.000,9999.000,9999.000
202608040836,   1.976,   2.059,9999.000,9999.000,9999.000,9999.000,9999.000,9999.000,9999.000
202608040842,   1.827,   1.918,9999.000,9999.000,9999.000,9999.000,9999.000,9999.000,9999.000
202608040848,   1.682,   1.718,9999.000,9999.000,9999.000,9999.000,9999.000,9999.000,9999.000
202608040854,   1.541,   1.580,9999.000,9999.000,9999.000,9999.000,9999.000,9999.000,9999.000
202608040900,   1.404,   1.390,  -0.100,   0.086,   1.390,  -0.200,   1.290,   0.000,   1.490
202608040906,   1.272,   1.229,9999.000,9999.000,9999.000,9999.000,9999.000,9999.000,9999.000
202608040912,   1.146,   1.098,9999.000,9999.000,9999.000,9999.000,9999.000,9999.000,9999.000
202608040918,   1.025,   0.961,9999.000,9999.000,9999.000,9999.000,9999.000,9999.000,9999.000
202608040924,   0.910,   0.829,9999.000,9999.000,9999.000,9999.000,9999.000,9999.000,9999.000
202608040930,   0.801,   0.708,9999.000,9999.000,9999.000,9999.000,9999.000,9999.000,9999.000
202608040936,   0.699,   0.590,9999.000,9999.000,9999.000,9999.000,9999.000,9999.000,9999.000
202608040942,   0.604,   0.478,9999.000,9999.000,9999.000,9999.000,9999.000,9999.000,9999.000
202608040948,   0.517,   0.380,9999.000,9999.000,9999.000,9999.000,9999.000,9999.000,9999.000
202608040954,   0.437,   0.268,9999.000,9999.000,9999.000,9999.000,9999.000,9999.000,9999.000
202608041000,   0.366,   0.180,  -0.100,  -0.086,   0.180,  -0.200,   0.080,   0.000,   0.280
202608041006,   0.303,   0.098,9999.000,9999.000,9999.000,9999.000,9999.000,9999.000,9999.000
202608041012,   0.250,  -0.009,9999.000,9999.000,9999.000,9999.000,9999.000,9999.000,9999.000
202608041018,   0.205,  -0.098,9999.000,9999.000,9999.000,9999.000,9999.000,9999.000,9999.000
202608041024,   0.170,  -0.160,9999.000,9999.000,9999.000,9999.000,9999.000,9999.000,9999.000
202608041030,   0.144,  -0.200,9999.000,9999.000,9999.000,9999.000,9999.000,9999.000,9999.000
202608041036,   0.129,  -0.229,9999.000,9999.000,9999.000,9999.000,9999.000,9999.000,9999.000
202608041042,   0.124,  -0.229,9999.000,9999.000,9999.000,9999.000,9999.000,9999.000,9999.000
202608041048,   0.130,  -0.239,9999.000,9999.000,9999.000,9999.000,9999.000,9999.000,9999.000
202608041054,   0.146,  -0.249,9999.000,9999.000,9999.000,9999.000,9999.000,9999.000,9999.000
202608041100,   0.173,  -0.209,  -0.100,  -0.282,  -0.209,  -0.200,  -0.309,   0.000,  -0.109
202608041106,   0.210,  -0.150,9999.000,9999.000,9999.000,9999.000,9999.000,9999.000,9999.000
202608041112,   0.258,  -0.059,9999.000,9999.000,9999.000,9999.000,9999.000,9999.000,9999.000
202608041118,   0.318,   0.019,9999.000,9999.000,9999.000,9999.000,9999.000,9999.000,9999.000
202608041124,   0.387,   0.111,9999.000,9999.000,9999.000,9999.000,9999.000,9999.000,9999.000
202608041130,   0.467,   0.209,9999.000,9999.000,9999.000,9999.000,9999.000,9999.000,9999.000
202608041136,   0.558,   0.321,9999.000,9999.000,9999.000,9999.000,9999.000,9999.000,9999.000
202608041142,   0.658,   0.449,9999.000,9999.000,9999.000,9999.000,9999.000,9999.000,9999.000
202608041148,   0.768,   0.580,9999.000,9999.000,9999.000,9999.000,9999.000,9999.000,9999.000
202608041154,   0.888,   0.718,9999.000,9999.000,9999.000,9999.000,9999.000,9999.000,9999.000
202608041200,   1.016,   0.908,  -0.100,  -0.008,   0.908,  -0.100,   0.908,   0.000,   1.008
202608041206,   1.152,   1.059,9999.000,9999.000,9999.000,9999.000,9999.000,9999.000,9999.000
202608041212,   1.296,   1.029,9999.000,9999.000,9999.000,9999.000,9999.000,9999.000,9999.000
202608041218,   1.448,   1.361,9999.000,9999.000,9999.000,9999.000,9999.000,9999.000,9999.000
202608041224,   1.606,   1.548,9999.000,9999.000,9999.000,9999.000,9999.000,9999.000,9999.000
202608041230,   1.770,   1.659,9999.000,9999.000,9999.000,9999.000,9999.000,9999.000,9999.000
202608041236,   1.940,   1.879,9999.000,9999.000,9999.000,9999.000,9999.000,9999.000,9999.000
202608041242,   2.115,   2.030,9999.000,9999.000,9999.000,9999.000,9999.000,9999.000,9999.000
202608041248,   2.293,   2.240,9999.000,9999.000,9999.000,9999.000,9999.000,9999.000,9999.000
202608041254,   2.475,   2.400,9999.000,9999.000,9999.000,9999.000,9999.000,9999.000,9999.000
202608041300,   2.659,   2.587,  -0.100,   0.028,   2.587,  -0.100,   2.587,   0.000,   2.687
202608041306,   2.846,   2.768,9999.000,9999.000,9999.000,9999.000,9999.000,9999.000,9999.000
202608041312,   3.034,   2.958,9999.000,9999.000,9999.000,9999.000,9999.000,9999.000,9999.000
202608041318,   3.223,   3.168,9999.000,9999.000,9999.000,9999.000,9999.000,9999.000,9999.000
202608041324,   3.412,   3.329,9999.000,9999.000,9999.000,9999.000,9999.000,9999.000,9999.000
202608041330,   3.600,   3.539,9999.000,9999.000,9999.000,9999.000,9999.000,9999.000,9999.000
202608041336,   3.788,   3.739,9999.000,9999.000,9999.000,9999.000,9999.000,9999.000,9999.000
202608041342,   3.974,   3.949,9999.000,9999.000,9999.000,9999.000,9999.000,9999.000,9999.000
202608041348,   4.158,   4.129,9999.000,9999.000,9999.000,9999.000,9999.000,9999.000,9999.000
202608041354,   4.339,   4.329,9999.000,9999.000,9999.000,9999.000,9999.000,9999.000,9999.000
202608041400,   4.517,   4.500,  -0.100,   0.083,   4.500,  -0.100,   4.500,   0.000,   4.600
202608041406,   4.692,   4.667,9999.000,9999.000,9999.000,9999.000,9999.000,9999.000,9999.000
202608041412,   4.862,   4.877,9999.000,9999.000,9999.000,9999.000,9999.000,9999.000,9999.000
202608041418,   5.029,   4.959,9999.000,9999.000,9999.000,9999.000,9999.000,9999.000,9999.000
202608041424,   5.191,   5.179,9999.000,9999.000,9999.000,9999.000,9999.000,9999.000,9999.000
202608041430,   5.348,   5.448,9999.000,9999.000,9999.000,9999.000,9999.000,9999.000,9999.000
202608041436,   5.499,   5.497,9999.000,9999.000,9999.000,9999.000,9999.000,9999.000,9999.000
202608041442,   5.645,   5.648,9999.000,9999.000,9999.000,9999.000,9999.000,9999.000,9999.000
202608041448,   5.785,   5.828,9999.000,9999.000,9999.000,9999.000,9999.000,9999.000,9999.000
202608041454,   5.919,   5.969,9999.000,9999.000,9999.000,9999.000,9999.000,9999.000,9999.000
202608041500,   6.047,   6.097,  -0.100,   0.150,   6.097,  -0.100,   6.097,   0.000,   6.197
202608041506,   6.168,   6.248,9999.000,9999.000,9999.000,9999.000,9999.000,9999.000,9999.000
202608041512,   6.283,   6.336,9999.000,9999.000,9999.000,9999.000,9999.000,9999.000,9999.000
202608041518,   6.391,   6.438,9999.000,9999.000,9999.000,9999.000,9999.000,9999.000,9999.000
202608041524,   6.492,   6.537,9999.000,9999.000,9999.000,9999.000,9999.000,9999.000,9999.000
202608041530,   6.586,   6.678,9999.000,9999.000,9999.000,9999.000,9999.000,9999.000,9999.000
202608041536,   6.672,   6.746,9999.000,9999.000,9999.000,9999.000,9999.000,9999.000,9999.000
202608041542,   6.752,   6.828,9999.000,9999.000,9999.000,9999.000,9999.000,9999.000,9999.000
202608041548,   6.824,   6.897,9999.000,9999.000,9999.000,9999.000,9999.000,9999.000,9999.000
202608041554,   6.889,   6.989,9999.000,9999.000,9999.000,9999.000,9999.000,9999.000,9999.000
202608041600,   6.947,   7.038,  -0.100,   0.191,   7.038,  -0.100,   7.038,   0.000,   7.138
202608041606,   6.997,   7.088,9999.000,9999.000,9999.000,9999.000,9999.000,9999.000,9999.000
202608041612,   7.040,   7.147,9999.000,9999.000,9999.000,9999.000,9999.000,9999.000,9999.000
202608041618,   7.075,   7.176,9999.000,9999.000,9999.000,9999.000,9999.000,9999.000,9999.000
202608041624,   7.104,   7.199,9999.000,9999.000,9999.000,9999.000,9999.000,9999.000,9999.000
202608041630,   7.125,   7.219,9999.000,9999.000,9999.000,9999.000,9999.000,9999.000,9999.000
202608041636,   7.139,   7.219,9999.000,9999.000,9999.000,9999.000,9999.000,9999.000,9999.000
202608041642,   7.145,   7.219,9999.000,9999.000,9999.000,9999.000,9999.000,9999.000,9999.000
202608041648,   7.145,   7.238,9999.000,9999.000,9999.000,9999.000,9999.000,9999.000,9999.000
202608041654,   7.138,   7.229,9999.000,9999.000,9999.000,9999.000,9999.000,9999.000,9999.000
202608041700,   7.124,   7.189,   0.000,   0.065,   7.189,  -0.100,   7.089,   0.000,   7.189
202608041706,   7.104,   7.189,9999.000,9999.000,9999.000,9999.000,9999.000,9999.000,9999.000
202608041712,   7.077,   7.156,9999.000,9999.000,9999.000,9999.000,9999.000,9999.000,9999.000
202608041718,   7.043,   7.078,9999.000,9999.000,9999.000,9999.000,9999.000,9999.000,9999.000
202608041724,   7.003,   7.038,9999.000,9999.000,9999.000,9999.000,9999.000,9999.000,9999.000
202608041730,   6.956,   6.979,9999.000,9999.000,9999.000,9999.000,9999.000,9999.000,9999.000
202608041736,   6.903,   6.927,9999.000,9999.000,9999.000,9999.000,9999.000,9999.000,9999.000
202608041742,   6.844,   6.868,9999.000,9999.000,9999.000,9999.000,9999.000,9999.000,9999.000
202608041748,   6.779,   6.828,9999.000,9999.000,9999.000,9999.000,9999.000,9999.000,9999.000
202608041754,   6.709,   6.766,9999.000,9999.000,9999.000,9999.000,9999.000,9999.000,9999.000
202608041800,   6.632,   6.707,   0.000,   0.075,   6.707,   0.000,   6.707,   0.000,   6.707
202608041806,   6.549,   6.619,9999.000,9999.000,9999.000,9999.000,9999.000,9999.000,9999.000
202608041812,   6.461,   6.517,9999.000,9999.000,9999.000,9999.000,9999.000,9999.000,9999.000
202608041818,   6.367,   6.448,9999.000,9999.000,9999.000,9999.000,9999.000,9999.000,9999.000
202608041824,   6.268,   6.317,9999.000,9999.000,9999.000,9999.000,9999.000,9999.000,9999.000
202608041830,   6.164,   6.179,9999.000,9999.000,9999.000,9999.000,9999.000,9999.000,9999.000
202608041836,   6.054,   6.077,9999.000,9999.000,9999.000,9999.000,9999.000,9999.000,9999.000
202608041842,   5.940,   5.959,9999.000,9999.000,9999.000,9999.000,9999.000,9999.000,9999.000
202608041848,   5.821,   5.828,9999.000,9999.000,9999.000,9999.000,9999.000,9999.000,9999.000
202608041854,   5.698,   5.697,9999.000,9999.000,9999.000,9999.000,9999.000,9999.000,9999.000
202608041900,   5.570,   5.589,   0.000,   0.019,   5.589,   0.000,   5.589,   0.000,   5.589
202608041906,   5.439,   5.408,9999.000,9999.000,9999.000,9999.000,9999.000,9999.000,9999.000
202608041912,   5.303,   5.247,9999.000,9999.000,9999.000,9999.000,9999.000,9999.000,9999.000
202608041918,   5.165,   5.169,9999.000,9999.000,9999.000,9999.000,9999.000,9999.000,9999.000
202608041924,   5.023,   4.900,9999.000,9999.000,9999.000,9999.000,9999.000,9999.000,9999.000
202608041930,   4.878,   4.778,9999.000,9999.000,9999.000,9999.000,9999.000,9999.000,9999.000
202608041936,   4.732,   4.710,9999.000,9999.000,9999.000,9999.000,9999.000,9999.000,9999.000
202608041942,   4.583,   4.578,9999.000,9999.000,9999.000,9999.000,9999.000,9999.000,9999.000
202608041948,   4.432,   4.447,9999.000,9999.000,9999.000,9999.000,9999.000,9999.000,9999.000
202608041954,   4.281,   4.329,9999.000,9999.000,9999.000,9999.000,9999.000,9999.000,9999.000
202608042000,   4.128,   4.159,   0.000,   0.031,   4.159,   0.000,   4.159,   0.000,   4.159
202608042006,   3.975,   3.978,9999.000,9999.000,9999.000,9999.000,9999.000,9999.000,9999.000
202608042012,   3.823,   3.798,9999.000,9999.000,9999.000,9999.000,9999.000,9999.000,9999.000
202608042018,   3.670,   3.660,9999.000,9999.000,9999.000,9999.000,9999.000,9999.000,9999.000
202608042024,   3.519,   3.480,9999.000,9999.000,9999.000,9999.000,9999.000,9999.000,9999.000
202608042030,   3.368,   3.279,9999.000,9999.000,9999.000,9999.000,9999.000,9999.000,9999.000
202608042036,   3.219,   3.158,9999.000,9999.000,9999.000,9999.000,9999.000,9999.000,9999.000
202608042042,   3.073,   2.988,9999.000,9999.000,9999.000,9999.000,9999.000,9999.000,9999.000
202608042048,   2.928,   2.840,9999.000,9999.000,9999.000,9999.000,9999.000,9999.000,9999.000
202608042054,   2.786,   2.709,9999.000,9999.000,9999.000,9999.000,9999.000,9999.000,9999.000
202608042100,   2.647,   2.558,   0.000,  -0.089,   2.558,   0.000,   2.558,   0.100,   2.658
202608042106,   2.512,   2.420,9999.000,9999.000,9999.000,9999.000,9999.000,9999.000,9999.000
202608042112,   2.380,   2.289,9999.000,9999.000,9999.000,9999.000,9999.000,9999.000,9999.000
202608042118,   2.252,   2.148,9999.000,9999.000,9999.000,9999.000,9999.000,9999.000,9999.000
202608042124,   2.128,   2.020,9999.000,9999.000,9999.000,9999.000,9999.000,9999.000,9999.000
202608042130,   2.009,   1.879,9999.000,9999.000,9999.000,9999.000,9999.000,9999.000,9999.000
202608042136,   1.894,   1.781,9999.000,9999.000,9999.000,9999.000,9999.000,9999.000,9999.000
202608042142,   1.785,   1.689,9999.000,9999.000,9999.000,9999.000,9999.000,9999.000,9999.000
202608042148,   1.681,   1.590,9999.000,9999.000,9999.000,9999.000,9999.000,9999.000,9999.000
202608042154,   1.583,   1.489,9999.000,9999.000,9999.000,9999.000,9999.000,9999.000,9999.000
202608042200,   1.490,   1.420,   0.100,  -0.170,   1.420,   0.000,   1.320,   0.100,   1.420
202608042206,   1.404,   1.361,9999.000,9999.000,9999.000,9999.000,9999.000,9999.000,9999.000
202608042212,   1.324,   1.318,9999.000,9999.000,9999.000,9999.000,9999.000,9999.000,9999.000
202608042218,   1.251,   1.239,9999.000,9999.000,9999.000,9999.000,9999.000,9999.000,9999.000
202608042224,   1.185,   1.190,9999.000,9999.000,9999.000,9999.000,9999.000,9999.000,9999.000
202608042230,   1.126,   1.151,9999.000,9999.000,9999.000,9999.000,9999.000,9999.000,9999.000
202608042236,   1.074,   1.088,9999.000,9999.000,9999.000,9999.000,9999.000,9999.000,9999.000
202608042242,   1.030,   1.098,9999.000,9999.000,9999.000,9999.000,9999.000,9999.000,9999.000
202608042248,   0.995,   1.000,9999.000,9999.000,9999.000,9999.000,9999.000,9999.000,9999.000
202608042254,   0.967,   1.000,9999.000,9999.000,9999.000,9999.000,9999.000,9999.000,9999.000
202608042300,   0.948,   1.079,   0.100,   0.031,   1.079,   0.000,   0.979,   0.100,   1.079
202608042306,   0.938,   1.088,9999.000,9999.000,9999.000,9999.000,9999.000,9999.000,9999.000
202608042312,   0.936,   1.079,9999.000,9999.000,9999.000,9999.000,9999.000,9999.000,9999.000
202608042318,   0.943,   1.170,9999.000,9999.000,9999.000,9999.000,9999.000,9999.000,9999.000
202608042324,   0.960,   1.200,9999.000,9999.000,9999.000,9999.000,9999.000,9999.000,9999.000
202608042330,   0.985,   1.239,9999.000,9999.000,9999.000,9999.000,9999.000,9999.000,9999.000
202608042336,   1.020,   1.308,9999.000,9999.000,9999.000,9999.000,9999.000,9999.000,9999.000
202608042342,   1.063,   1.371,9999.000,9999.000,9999.000,9999.000,9999.000,9999.000,9999.000
202608042348,   1.116,   1.479,9999.000,9999.000,9999.000,9999.000,9999.000,9999.000,9999.000
202608042354,   1.177,   1.571,9999.000,9999.000,9999.000,9999.000,9999.000,9999.000,9999.000
202608050000,   1.247,   1.318,   0.100,  -0.029,   1.318,   0.000,   1.218,   0.100,   1.318
202608050006,   1.326,   1.649,9999.000,9999.000,9999.000,9999.000,9999.000,9999.000,9999.000
202608050012,   1.413,   1.758,9999.000,9999.000,9999.000,9999.000,9999.000,9999.000,9999.000
202608050018,   1.507,   1.840,9999.000,9999.000,9999.000,9999.000,9999.000,9999.000,9999.000
202608050024,   1.610,   1.981,9999.000,9999.000,9999.000,9999.000,9999.000,9999.000,9999.000
202608050030,   1.719,   2.138,9999.000,9999.000,9999.000,9999.000,9999.000,9999.000,9999.000
202608050036,   1.835,   2.230,9999.000,9999.000,9999.000,9999.000,9999.000,9999.000,9999.000
202608050042,   1.957,   2.420,9999.000,9999.000,9999.000,9999.000,9999.000,9999.000,9999.000
202608050048,   2.085,   2.548,9999.000,9999.000,9999.000,9999.000,9999.000,9999.000,9999.000
202608050054,   2.218,   2.719,9999.000,9999.000,9999.000,9999.000,9999.000,9999.000,9999.000
202608050100,   2.355,   2.958,   0.100,   0.503,   2.958,   0.100,   2.958,   0.100,   2.958
202608050106,   2.497,   2.840,9999.000,9999.000,9999.000,9999.000,9999.000,9999.000,9999.000
202608050112,   2.642,   3.079,9999.000,9999.000,9999.000,9999.000,9999.000,9999.000,9999.000
202608050118,   2.790,   3.319,9999.000,9999.000,9999.000,9999.000,9999.000,9999.000,9999.000
202608050124,   2.940,   3.309,9999.000,9999.000,9999.000,9999.000,9999.000,9999.000,9999.000
202608050130,   3.092,   3.489,9999.000,9999.000,9999.000,9999.000,9999.000,9999.000,9999.000
202608050136,   3.246,   3.637,9999.000,9999.000,9999.000,9999.000,9999.000,9999.000,9999.000
202608050142,   3.400,   3.817,9999.000,9999.000,9999.000,9999.000,9999.000,9999.000,9999.000
202608050148,   3.554,   3.968,9999.000,9999.000,9999.000,9999.000,9999.000,9999.000,9999.000
202608050154,   3.707,   4.037,9999.000,9999.000,9999.000,9999.000,9999.000,9999.000,9999.000
202608050200,   3.860,   4.198,   0.100,   0.238,   4.198,   0.100,   4.198,   0.200,   4.298
202608050206,   4.012,   4.309,9999.000,9999.000,9999.000,9999.000,9999.000,9999.000,9999.000
202608050212,   4.162,   4.500,9999.000,9999.000,9999.000,9999.000,9999.000,9999.000,9999.000
202608050218,   4.309,   4.549,9999.000,9999.000,9999.000,9999.000,9999.000,9999.000,9999.000
202608050224,   4.454,   4.637,9999.000,9999.000,9999.000,9999.000,9999.000,9999.000,9999.000
202608050230,   4.597,   4.808,9999.000,9999.000,9999.000,9999.000,9999.000,9999.000,9999.000
202608050236,   4.736,   4.919,9999.000,9999.000,9999.000,9999.000,9999.000,9999.000,9999.000
202608050242,   4.871,   5.018,9999.000,9999.000,9999.000,9999.000,9999.000,9999.000,9999.000
202608050248,   5.003,   5.139,9999.000,9999.000,9999.000,9999.000,9999.000,9999.000,9999.000
202608050254,   5.131,   5.238,9999.000,9999.000,9999.000,9999.000,9999.000,9999.000,9999.000
202608050300,   5.254,   5.359,   0.100,   0.005,   5.359,   0.100,   5.359,   0.200,   5.459
202608050306,   5.373,   5.428,9999.000,9999.000,9999.000,9999.000,9999.000,9999.000,9999.000
202608050312,   5.487,   5.530,9999.000,9999.000,9999.000,9999.000,9999.000,9999.000,9999.000
202608050318,   5.597,   5.618,9999.000,9999.000,9999.000,9999.000,9999.000,9999.000,9999.000
202608050324,   5.701,   5.730,9999.000,9999.000,9999.000,9999.000,9999.000,9999.000,9999.000
202608050330,   5.800,   5.828,9999.000,9999.000,9999.000,9999.000,9999.000,9999.000,9999.000
202608050336,   5.893,   5.926,9999.000,9999.000,9999.000,9999.000,9999.000,9999.000,9999.000
202608050342,   5.981,   5.999,9999.000,9999.000,9999.000,9999.000,9999.000,9999.000,9999.000
202608050348,   6.063,   6.077,9999.000,9999.000,9999.000,9999.000,9999.000,9999.000,9999.000
202608050354,   6.139,   6.179,9999.000,9999.000,9999.000,9999.000,9999.000,9999.000,9999.000
202608050400,   6.210,   6.258,   0.100,  -0.052,   6.258,   0.000,   6.158,   0.100,   6.258
202608050406,   6.274,   6.268,9999.000,9999.000,9999.000,9999.000,9999.000,9999.000,9999.000
202608050412,   6.332,   6.346,9999.000,9999.000,9999.000,9999.000,9999.000,9999.000,9999.000
202608050418,   6.385,   6.389,9999.000,9999.000,9999.000,9999.000,9999.000,9999.000,9999.000
202608050424,   6.430,   6.553,9999.000,9999.000,9999.000,9999.000,9999.000,9999.000,9999.000
202608050430,   6.470,9999.000,9999.000,9999.000,9999.000,9999.000,9999.000,9999.000,9999.000
202608050436,   6.504,9999.000,9999.000,9999.000,9999.000,9999.000,9999.000,9999.000,9999.000
202608050442,   6.531,9999.000,9999.000,9999.000,9999.000,9999.000,9999.000,9999.000,9999.000
202608050448,   6.552,9999.000,9999.000,9999.000,9999.000,9999.000,9999.000,9999.000,9999.000
202608050454,   6.566,   6.556,9999.000,9999.000,9999.000,9999.000,9999.000,9999.000,9999.000
202608050500,   6.575,   6.556,   0.000,  -0.019,   6.556,   0.000,   6.556,   0.100,   6.656
202608050506,   6.576,   6.579,9999.000,9999.000,9999.000,9999.000,9999.000,9999.000,9999.000
202608050512,   6.572,   6.589,9999.000,9999.000,9999.000,9999.000,9999.000,9999.000,9999.000
202608050518,   6.562,   6.546,9999.000,9999.000,9999.000,9999.000,9999.000,9999.000,9999.000
202608050524,   6.545,   6.517,9999.000,9999.000,9999.000,9999.000,9999.000,9999.000,9999.000
202608050530,   6.522,   6.517,9999.000,9999.000,9999.000,9999.000,9999.000,9999.000,9999.000
202608050536,   6.492,   6.477,9999.000,9999.000,9999.000,9999.000,9999.000,9999.000,9999.000
202608050542,   6.457,   6.438,9999.000,9999.000,9999.000,9999.000,9999.000,9999.000,9999.000
202608050548,   6.416,   6.379,9999.000,9999.000,9999.000,9999.000,9999.000,9999.000,9999.000
202608050554,   6.368,   6.297,9999.000,9999.000,9999.000,9999.000,9999.000,9999.000,9999.000
202608050600,   6.314,   6.218,   0.000,  -0.096,   6.218,   0.000,   6.218,   0.000,   6.218
202608050606,   6.255,   6.218,9999.000,9999.000,9999.000,9999.000,9999.000,9999.000,9999.000
202608050612,   6.189,9999.000,9999.000,9999.000,9999.000,9999.000,9999.000,9999.000,9999.000
202608050618,   6.117,9999.000,9999.000,9999.000,9999.000,9999.000,9999.000,9999.000,9999.000
202608050624,   6.040,   5.421,9999.000,9999.000,9999.000,9999.000,9999.000,9999.000,9999.000
202608050630,   5.957,9999.000,9999.000,9999.000,9999.000,9999.000,9999.000,9999.000,9999.000
202608050636,   5.868,9999.000,9999.000,9999.000,9999.000,9999.000,9999.000,9999.000,9999.000
202608050642,   5.773,9999.000,9999.000,9999.000,9999.000,9999.000,9999.000,9999.000,9999.000
202608050648,   5.673,9999.000,9999.000,9999.000,9999.000,9999.000,9999.000,9999.000,9999.000
202608050654,   5.567,   5.579,9999.000,9999.000,9999.000,9999.000,9999.000,9999.000,9999.000
202608050700,   5.456,   5.418,   0.000,  -0.038,   5.418,  -0.100,   5.318,   0.000,   5.418
202608050706,   5.340,   5.257,9999.000,9999.000,9999.000,9999.000,9999.000,9999.000,9999.000
202608050712,   5.219,   5.228,9999.000,9999.000,9999.000,9999.000,9999.000,9999.000,9999.000
202608050718,   5.094,   5.198,9999.000,9999.000,9999.000,9999.000,9999.000,9999.000,9999.000
202608050724,   4.963,   4.959,9999.000,9999.000,9999.000,9999.000,9999.000,9999.000,9999.000
202608050730,   4.829,   4.847,9999.000,9999.000,9999.000,9999.000,9999.000,9999.000,9999.000
202608050736,   4.690,   4.677,9999.000,9999.000,9999.000,9999.000,9999.000,9999.000,9999.000
202608050742,   4.548,   4.598,9999.000,9999.000,9999.000,9999.000,9999.000,9999.000,9999.000
202608050748,   4.402,   4.437,9999.000,9999.000,9999.000,9999.000,9999.000,9999.000,9999.000
202608050754,   4.254,   4.247,9999.000,9999.000,9999.000,9999.000,9999.000,9999.000,9999.000
202608050800,   4.103,   4.047,   0.000,  -0.056,   4.047,  -0.100,   3.947,   0.000,   4.047
202608050806,   3.949,   3.827,9999.000,9999.000,9999.000,9999.000,9999.000,9999.000,9999.000
202608050812,   3.794,   3.689,9999.000,9999.000,9999.000,9999.000,9999.000,9999.000,9999.000
202608050818,   3.637,   3.509,9999.000,9999.000,9999.000,9999.000,9999.000,9999.000,9999.000
202608050824,   3.479,   3.388,9999.000,9999.000,9999.000,9999.000,9999.000,9999.000,9999.000
202608050830,   3.320,   3.168,9999.000,9999.000,9999.000,9999.000,9999.000,9999.000,9999.000
202608050836,   3.162,   3.050,9999.000,9999.000,9999.000,9999.000,9999.000,9999.000,9999.000
202608050842,   3.003,   2.899,9999.000,9999.000,9999.000,9999.000,9999.000,9999.000,9999.000
202608050848,   2.845,   2.679,9999.000,9999.000,9999.000,9999.000,9999.000,9999.000,9999.000
202608050854,   2.689,   2.558,9999.000,9999.000,9999.000,9999.000,9999.000,9999.000,9999.000
202608050900,   2.533,   2.440,  -0.100,   0.007,   2.440,  -0.100,   2.440,   0.000,   2.540
202608050906,   2.380,   2.210,9999.000,9999.000,9999.000,9999.000,9999.000,9999.000,9999.000
202608050912,   2.229,   2.079,9999.000,9999.000,9999.000,9999.000,9999.000,9999.000,9999.000
202608050918,   2.081,   1.908,9999.000,9999.000,9999.000,9999.000,9999.000,9999.000,9999.000
202608050924,   1.935,   1.748,9999.000,9999.000,9999.000,9999.000,9999.000,9999.000,9999.000
202608050930,   1.793,   1.639,9999.000,9999.000,9999.000,9999.000,9999.000,9999.000,9999.000
202608050936,   1.655,   1.498,9999.000,9999.000,9999.000,9999.000,9999.000,9999.000,9999.000
202608050942,   1.521,   1.328,9999.000,9999.000,9999.000,9999.000,9999.000,9999.000,9999.000
202608050948,   1.391,   1.210,9999.000,9999.000,9999.000,9999.000,9999.000,9999.000,9999.000
202608050954,   1.266,   1.088,9999.000,9999.000,9999.000,9999.000,9999.000,9999.000,9999.000
202608051000,   1.146,   0.970,  -0.100,  -0.076,   0.970,  -0.100,   0.970,   0.000,   1.070
202608051006,   1.031,   0.849,9999.000,9999.000,9999.000,9999.000,9999.000,9999.000,9999.000
202608051012,   0.922,   0.718,9999.000,9999.000,9999.000,9999.000,9999.000,9999.000,9999.000
202608051018,   0.819,   0.610,9999.000,9999.000,9999.000,9999.000,9999.000,9999.000,9999.000
202608051024,   0.722,   0.531,9999.000,9999.000,9999.000,9999.000,9999.000,9999.000,9999.000
202608051030,   0.632,   0.400,9999.000,9999.000,9999.000,9999.000,9999.000,9999.000,9999.000
202608051036,   0.549,   0.259,9999.000,9999.000,9999.000,9999.000,9999.000,9999.000,9999.000
202608051042,   0.473,   0.209,9999.000,9999.000,9999.000,9999.000,9999.000,9999.000,9999.000
202608051048,   0.404,   0.121,9999.000,9999.000,9999.000,9999.000,9999.000,9999.000,9999.000
202608051054,   0.344,   0.068,9999.000,9999.000,9999.000,9999.000,9999.000,9999.000,9999.000
202608051100,   0.291,   0.000,  -0.100,  -0.191,   0.000,  -0.100,   0.000,   0.000,   0.100
202608051106,   0.248,  -0.029,9999.000,9999.000,9999.000,9999.000,9999.000,9999.000,9999.000
202608051112,   0.212,  -0.039,9999.000,9999.000,9999.000,9999.000,9999.000,9999.000,9999.000
202608051118,   0.186,  -0.039,9999.000,9999.000,9999.000,9999.000,9999.000,9999.000,9999.000
202608051124,   0.170,  -0.009,9999.000,9999.000,9999.000,9999.000,9999.000,9999.000,9999.000
202608051130,   0.163,   0.009,9999.000,9999.000,9999.000,9999.000,9999.000,9999.000,9999.000
202608051136,   0.165,   0.000,9999.000,9999.000,9999.000,9999.000,9999.000,9999.000,9999.000
202608051142,   0.178,   0.059,9999.000,9999.000,9999.000,9999.000,9999.000,9999.000,9999.000
202608051148,   0.200,   0.111,9999.000,9999.000,9999.000,9999.000,9999.000,9999.000,9999.000
202608051154,   0.233,   0.150,9999.000,9999.000,9999.000,9999.000,9999.000,9999.000,9999.000
202608051200,   0.276,   0.209,   0.000,  -0.067,   0.209,   0.000,   0.209,   0.000,   0.209
202608051206,   0.330,   0.298,9999.000,9999.000,9999.000,9999.000,9999.000,9999.000,9999.000
202608051212,   0.393,   0.360,9999.000,9999.000,9999.000,9999.000,9999.000,9999.000,9999.000
202608051218,   0.467,   0.439,9999.000,9999.000,9999.000,9999.000,9999.000,9999.000,9999.000
202608051224,   0.550,   0.541,9999.000,9999.000,9999.000,9999.000,9999.000,9999.000,9999.000
202608051230,   0.644,   0.629,9999.000,9999.000,9999.000,9999.000,9999.000,9999.000,9999.000
202608051236,   0.747,   0.770,9999.000,9999.000,9999.000,9999.000,9999.000,9999.000,9999.000
202608051242,   0.859,   0.898,9999.000,9999.000,9999.000,9999.000,9999.000,9999.000,9999.000
202608051248,   0.979,   1.128,9999.000,9999.000,9999.000,9999.000,9999.000,9999.000,9999.000
202608051254,   1.109,   1.000,9999.000,9999.000,9999.000,9999.000,9999.000,9999.000,9999.000
202608051300,   1.246,   1.361,   0.000,   0.115,   1.361,  -0.100,   1.261,   0.000,   1.361
202608051306,   1.390,   1.548,9999.000,9999.000,9999.000,9999.000,9999.000,9999.000,9999.000
202608051312,   1.542,   1.820,9999.000,9999.000,9999.000,9999.000,9999.000,9999.000,9999.000
202608051318,   1.700,   1.498,9999.000,9999.000,9999.000,9999.000,9999.000,9999.000,9999.000
202608051324,   1.863,   2.049,9999.000,9999.000,9999.000,9999.000,9999.000,9999.000,9999.000
202608051330,   2.032,   2.138,9999.000,9999.000,9999.000,9999.000,9999.000,9999.000,9999.000
202608051336,   2.206,   2.230,9999.000,9999.000,9999.000,9999.000,9999.000,9999.000,9999.000
202608051342,   2.383,   2.459,9999.000,9999.000,9999.000,9999.000,9999.000,9999.000,9999.000
202608051348,   2.563,   2.660,9999.000,9999.000,9999.000,9999.000,9999.000,9999.000,9999.000
202608051354,   2.747,   2.758,9999.000,9999.000,9999.000,9999.000,9999.000,9999.000,9999.000
202608051400,   2.932,   3.040,   0.000,   0.108,   3.040,  -0.100,   2.940,   0.000,   3.040
202608051406,   3.119,   3.099,9999.000,9999.000,9999.000,9999.000,9999.000,9999.000,9999.000
202608051412,   3.306,   3.319,9999.000,9999.000,9999.000,9999.000,9999.000,9999.000,9999.000
202608051418,   3.494,   3.509,9999.000,9999.000,9999.000,9999.000,9999.000,9999.000,9999.000
202608051424,   3.681,   3.709,9999.000,9999.000,9999.000,9999.000,9999.000,9999.000,9999.000
202608051430,   3.868,   3.899,9999.000,9999.000,9999.000,9999.000,9999.000,9999.000,9999.000
202608051436,   4.053,   4.070,9999.000,9999.000,9999.000,9999.000,9999.000,9999.000,9999.000
202608051442,   4.237,   4.290,9999.000,9999.000,9999.000,9999.000,9999.000,9999.000,9999.000
202608051448,   4.418,   4.437,9999.000,9999.000,9999.000,9999.000,9999.000,9999.000,9999.000
202608051454,   4.596,   4.598,9999.000,9999.000,9999.000,9999.000,9999.000,9999.000,9999.000
202608051500,   4.771,   4.798,   0.000,   0.027,   4.798,  -0.100,   4.698,   0.000,   4.798
202608051506,   4.943,   4.969,9999.000,9999.000,9999.000,9999.000,9999.000,9999.000,9999.000
202608051512,   5.111,   5.120,9999.000,9999.000,9999.000,9999.000,9999.000,9999.000,9999.000
202608051518,   5.274,   5.228,9999.000,9999.000,9999.000,9999.000,9999.000,9999.000,9999.000
202608051524,   5.433,   5.408,9999.000,9999.000,9999.000,9999.000,9999.000,9999.000,9999.000
202608051530,   5.587,   5.579,9999.000,9999.000,9999.000,9999.000,9999.000,9999.000,9999.000
202608051536,   5.736,   5.697,9999.000,9999.000,9999.000,9999.000,9999.000,9999.000,9999.000
202608051542,   5.879,   5.818,9999.000,9999.000,9999.000,9999.000,9999.000,9999.000,9999.000
202608051548,   6.016,   5.969,9999.000,9999.000,9999.000,9999.000,9999.000,9999.000,9999.000
202608051554,   6.148,   6.117,9999.000,9999.000,9999.000,9999.000,9999.000,9999.000,9999.000
202608051600,   6.273,   6.218,   0.000,  -0.055,   6.218,  -0.100,   6.118,   0.000,   6.218
202608051606,   6.393,   6.307,9999.000,9999.000,9999.000,9999.000,9999.000,9999.000,9999.000
202608051612,   6.505,   6.448,9999.000,9999.000,9999.000,9999.000,9999.000,9999.000,9999.000
202608051618,   6.611,   6.556,9999.000,9999.000,9999.000,9999.000,9999.000,9999.000,9999.000
202608051624,   6.710,   6.628,9999.000,9999.000,9999.000,9999.000,9999.000,9999.000,9999.000
202608051630,   6.801,   6.717,9999.000,9999.000,9999.000,9999.000,9999.000,9999.000,9999.000
202608051636,   6.886,   6.828,9999.000,9999.000,9999.000,9999.000,9999.000,9999.000,9999.000
202608051642,   6.963,   6.917,9999.000,9999.000,9999.000,9999.000,9999.000,9999.000,9999.000
202608051648,   7.034,   6.979,9999.000,9999.000,9999.000,9999.000,9999.000,9999.000,9999.000
202608051654,   7.096,   7.048,9999.000,9999.000,9999.000,9999.000,9999.000,9999.000,9999.000
202608051700,   7.152,   7.137,   0.000,  -0.015,   7.137,  -0.100,   7.037,   0.000,   7.137
202608051706,   7.199,   7.176,9999.000,9999.000,9999.000,9999.000,9999.000,9999.000,9999.000
202608051712,   7.240,   7.199,9999.000,9999.000,9999.000,9999.000,9999.000,9999.000,9999.000
202608051718,   7.272,   7.229,9999.000,9999.000,9999.000,9999.000,9999.000,9999.000,9999.000
202608051724,   7.298,   7.248,9999.000,9999.000,9999.000,9999.000,9999.000,9999.000,9999.000
202608051730,   7.315,   7.248,9999.000,9999.000,9999.000,9999.000,9999.000,9999.000,9999.000
202608051736,   7.326,   7.248,9999.000,9999.000,9999.000,9999.000,9999.000,9999.000,9999.000
202608051742,   7.329,   7.268,9999.000,9999.000,9999.000,9999.000,9999.000,9999.000,9999.000
202608051748,   7.324,   7.268,9999.000,9999.000,9999.000,9999.000,9999.000,9999.000,9999.000
202608051754,   7.313,   7.258,9999.000,9999.000,9999.000,9999.000,9999.000,9999.000,9999.000
202608051800,   7.294,   7.258,   0.000,  -0.036,   7.258,  -0.100,   7.158,   0.000,   7.258
202608051806,   7.268,   7.258,9999.000,9999.000,9999.000,9999.000,9999.000,9999.000,9999.000
202608051812,   7.235,   7.209,9999.000,9999.000,9999.000,9999.000,9999.000,9999.000,9999.000
202608051818,   7.196,   7.147,9999.000,9999.000,9999.000,9999.000,9999.000,9999.000,9999.000
202608051824,   7.149,   7.117,9999.000,9999.000,9999.000,9999.000,9999.000,9999.000,9999.000
202608051830,   7.096,   7.029,9999.000,9999.000,9999.000,9999.000,9999.000,9999.000,9999.000
202608051836,   7.036,   6.947,9999.000,9999.000,9999.000,9999.000,9999.000,9999.000,9999.000
202608051842,   6.970,   6.887,9999.000,9999.000,9999.000,9999.000,9999.000,9999.000,9999.000
202608051848,   6.897,   6.789,9999.000,9999.000,9999.000,9999.000,9999.000,9999.000,9999.000
202608051854,   6.818,   6.737,9999.000,9999.000,9999.000,9999.000,9999.000,9999.000,9999.000
202608051900,   6.733,   6.619,   0.000,  -0.114,   6.619,  -0.100,   6.519,   0.000,   6.619
202608051906,   6.643,   6.569,9999.000,9999.000,9999.000,9999.000,9999.000,9999.000,9999.000
202608051912,   6.546,   6.497,9999.000,9999.000,9999.000,9999.000,9999.000,9999.000,9999.000
202608051918,   6.444,   6.389,9999.000,9999.000,9999.000,9999.000,9999.000,9999.000,9999.000
202608051924,   6.337,   6.258,9999.000,9999.000,9999.000,9999.000,9999.000,9999.000,9999.000
202608051930,   6.225,   6.199,9999.000,9999.000,9999.000,9999.000,9999.000,9999.000,9999.000
202608051936,   6.108,   6.097,9999.000,9999.000,9999.000,9999.000,9999.000,9999.000,9999.000
202608051942,   5.986,   5.959,9999.000,9999.000,9999.000,9999.000,9999.000,9999.000,9999.000
202608051948,   5.860,   5.828,9999.000,9999.000,9999.000,9999.000,9999.000,9999.000,9999.000
202608051954,   5.730,   5.730,9999.000,9999.000,9999.000,9999.000,9999.000,9999.000,9999.000
202608052000,   5.597,   5.598,   0.000,   0.001,   5.598,   0.000,   5.598,   0.000,   5.598
202608052006,   5.460,   5.467,9999.000,9999.000,9999.000,9999.000,9999.000,9999.000,9999.000
202608052012,   5.320,   5.339,9999.000,9999.000,9999.000,9999.000,9999.000,9999.000,9999.000
202608052018,   5.177,   5.208,9999.000,9999.000,9999.000,9999.000,9999.000,9999.000,9999.000
202608052024,   5.032,   5.038,9999.000,9999.000,9999.000,9999.000,9999.000,9999.000,9999.000
202608052030,   4.885,   4.910,9999.000,9999.000,9999.000,9999.000,9999.000,9999.000,9999.000
202608052036,   4.737,   4.749,9999.000,9999.000,9999.000,9999.000,9999.000,9999.000,9999.000
202608052042,   4.587,   4.608,9999.000,9999.000,9999.000,9999.000,9999.000,9999.000,9999.000
202608052048,   4.437,   4.500,9999.000,9999.000,9999.000,9999.000,9999.000,9999.000,9999.000
202608052054,   4.287,   4.388,9999.000,9999.000,9999.000,9999.000,9999.000,9999.000,9999.000
202608052100,   4.136,   4.129,   0.000,  -0.007,   4.129,   0.000,   4.129,   0.000,   4.129
202608052106,   3.986,   4.027,9999.000,9999.000,9999.000,9999.000,9999.000,9999.000,9999.000
202608052112,   3.837,   3.847,9999.000,9999.000,9999.000,9999.000,9999.000,9999.000,9999.000
202608052118,   3.688,   3.689,9999.000,9999.000,9999.000,9999.000,9999.000,9999.000,9999.000
202608052124,   3.541,   3.499,9999.000,9999.000,9999.000,9999.000,9999.000,9999.000,9999.000
202608052130,   3.396,   3.348,9999.000,9999.000,9999.000,9999.000,9999.000,9999.000,9999.000
202608052136,   3.254,   3.230,9999.000,9999.000,9999.000,9999.000,9999.000,9999.000,9999.000
202608052142,   3.113,   3.030,9999.000,9999.000,9999.000,9999.000,9999.000,9999.000,9999.000
202608052148,   2.975,   2.929,9999.000,9999.000,9999.000,9999.000,9999.000,9999.000,9999.000
202608052154,   2.840,   2.738,9999.000,9999.000,9999.000,9999.000,9999.000,9999.000,9999.000
202608052200,   2.708,   2.620,   0.000,  -0.088,   2.620,   0.000,   2.620,   0.000,   2.620
202608052206,   2.580,   2.479,9999.000,9999.000,9999.000,9999.000,9999.000,9999.000,9999.000
202608052212,   2.455,   2.338,9999.000,9999.000,9999.000,9999.000,9999.000,9999.000,9999.000
202608052218,   2.334,   2.200,9999.000,9999.000,9999.000,9999.000,9999.000,9999.000,9999.000
202608052224,   2.217,   2.049,9999.000,9999.000,9999.000,9999.000,9999.000,9999.000,9999.000
202608052230,   2.105,   1.899,9999.000,9999.000,9999.000,9999.000,9999.000,9999.000,9999.000
202608052236,   1.997,   1.830,9999.000,9999.000,9999.000,9999.000,9999.000,9999.000,9999.000
202608052242,   1.894,   1.738,9999.000,9999.000,9999.000,9999.000,9999.000,9999.000,9999.000
202608052248,   1.796,   1.580,9999.000,9999.000,9999.000,9999.000,9999.000,9999.000,9999.000
202608052254,   1.703,   1.610,9999.000,9999.000,9999.000,9999.000,9999.000,9999.000,9999.000
202608052300,   1.615,   1.289,   0.000,  -0.326,   1.289,   0.000,   1.289,   0.000,   1.289
202608052306,   1.533,   1.180,9999.000,9999.000,9999.000,9999.000,9999.000,9999.000,9999.000
202608052312,   1.458,   1.249,9999.000,9999.000,9999.000,9999.000,9999.000,9999.000,9999.000
202608052318,   1.388,   1.190,9999.000,9999.000,9999.000,9999.000,9999.000,9999.000,9999.000
202608052324,   1.325,   1.108,9999.000,9999.000,9999.000,9999.000,9999.000,9999.000,9999.000
202608052330,   1.269,   1.151,9999.000,9999.000,9999.000,9999.000,9999.000,9999.000,9999.000
202608052336,   1.219,   1.020,9999.000,9999.000,9999.000,9999.000,9999.000,9999.000,9999.000
202608052342,   1.177,   1.049,9999.000,9999.000,9999.000,9999.000,9999.000,9999.000,9999.000
202608052348,   1.143,   0.941,9999.000,9999.000,9999.000,9999.000,9999.000,9999.000,9999.000
202608052354,   1.116,   1.000,9999.000,9999.000,9999.000,9999.000,9999.000,9999.000,9999.000
202608060000,   1.097,   1.039,   0.000,  -0.058,   1.039,   0.000,   1.039,   0.000,   1.039
202608060006,   1.086,   1.010,9999.000,9999.000,9999.000,9999.000,9999.000,9999.000,9999.000
202608060012,   1.084,   1.098,9999.000,9999.000,9999.000,9999.000,9999.000,9999.000,9999.000
202608060018,   1.090,   1.118,9999.000,9999.000,9999.000,9999.000,9999.000,9999.000,9999.000
202608060024,   1.105,   1.190,9999.000,9999.000,9999.000,9999.000,9999.000,9999.000,9999.000
202608060030,   1.128,   1.190,9999.000,9999.000,9999.000,9999.000,9999.000,9999.000,9999.000
202608060036,   1.159,   1.259,9999.000,9999.000,9999.000,9999.000,9999.000,9999.000,9999.000
202608060042,   1.200,   1.308,9999.000,9999.000,9999.000,9999.000,9999.000,9999.000,9999.000
202608060048,   1.248,   1.390,9999.000,9999.000,9999.000,9999.000,9999.000,9999.000,9999.000
202608060054,   1.306,   1.508,9999.000,9999.000,9999.000,9999.000,9999.000,9999.000,9999.000
202608060100,   1.371,   1.498,   0.000,   0.127,   1.498,   0.000,   1.498,   0.000,   1.498
202608060106,   1.444,   1.630,9999.000,9999.000,9999.000,9999.000,9999.000,9999.000,9999.000
202608060112,   1.525,   1.781,9999.000,9999.000,9999.000,9999.000,9999.000,9999.000,9999.000
202608060118,   1.613,   1.908,9999.000,9999.000,9999.000,9999.000,9999.000,9999.000,9999.000
202608060124,   1.708,   2.089,9999.000,9999.000,9999.000,9999.000,9999.000,9999.000,9999.000
202608060130,   1.810,   2.259,9999.000,9999.000,9999.000,9999.000,9999.000,9999.000,9999.000
202608060136,   1.918,   2.030,9999.000,9999.000,9999.000,9999.000,9999.000,9999.000,9999.000
202608060142,   2.031,   2.410,9999.000,9999.000,9999.000,9999.000,9999.000,9999.000,9999.000
202608060148,   2.150,   2.509,9999.000,9999.000,9999.000,9999.000,9999.000,9999.000,9999.000
202608060154,   2.274,   2.587,9999.000,9999.000,9999.000,9999.000,9999.000,9999.000,9999.000
202608060200,   2.402,   2.768,   0.000,   0.366,   2.768,   0.000,   2.768,   0.100,   2.868
202608060206,   2.534,   3.007,9999.000,9999.000,9999.000,9999.000,9999.000,9999.000,9999.000
202608060212,   2.669,   3.188,9999.000,9999.000,9999.000,9999.000,9999.000,9999.000,9999.000
202608060218,   2.806,   2.768,9999.000,9999.000,9999.000,9999.000,9999.000,9999.000,9999.000
202608060224,   2.946,   3.368,9999.000,9999.000,9999.000,9999.000,9999.000,9999.000,9999.000
202608060230,   3.088,   3.489,9999.000,9999.000,9999.000,9999.000,9999.000,9999.000,9999.000
202608060236,   3.230,   3.598,9999.000,9999.000,9999.000,9999.000,9999.000,9999.000,9999.000
202608060242,   3.374,   3.709,9999.000,9999.000,9999.000,9999.000,9999.000,9999.000,9999.000
202608060248,   3.518,   3.870,9999.000,9999.000,9999.000,9999.000,9999.000,9999.000,9999.000
202608060254,   3.661,   3.998,9999.000,9999.000,9999.000,9999.000,9999.000,9999.000,9999.000
202608060300,   3.805,   4.178,   0.000,   0.373,   4.178,   0.000,   4.178,   0.100,   4.278
202608060306,   3.947,   4.227,9999.000,9999.000,9999.000,9999.000,9999.000,9999.000,9999.000
202608060312,   4.088,   4.329,9999.000,9999.000,9999.000,9999.000,9999.000,9999.000,9999.000
202608060318,   4.227,   4.500,9999.000,9999.000,9999.000,9999.000,9999.000,9999.000,9999.000
202608060324,   4.364,   4.657,9999.000,9999.000,9999.000,9999.000,9999.000,9999.000,9999.000
202608060330,   4.499,   4.788,9999.000,9999.000,9999.000,9999.000,9999.000,9999.000,9999.000
202608060336,   4.631,   4.818,9999.000,9999.000,9999.000,9999.000,9999.000,9999.000,9999.000
202608060342,   4.761,   5.077,9999.000,9999.000,9999.000,9999.000,9999.000,9999.000,9999.000
202608060348,   4.887,   5.038,9999.000,9999.000,9999.000,9999.000,9999.000,9999.000,9999.000
202608060354,   5.009,   5.169,9999.000,9999.000,9999.000,9999.000,9999.000,9999.000,9999.000
202608060400,   5.128,   5.257,   0.000,   0.129,   5.257,   0.000,   5.257,   0.000,   5.257
202608060406,   5.243,   5.408,9999.000,9999.000,9999.000,9999.000,9999.000,9999.000,9999.000
202608060412,   5.354,   5.579,9999.000,9999.000,9999.000,9999.000,9999.000,9999.000,9999.000
202608060418,   5.460,   5.579,9999.000,9999.000,9999.000,9999.000,9999.000,9999.000,9999.000
202608060424,   5.562,   5.717,9999.000,9999.000,9999.000,9999.000,9999.000,9999.000,9999.000
202608060430,   5.658,   5.789,9999.000,9999.000,9999.000,9999.000,9999.000,9999.000,9999.000
202608060436,   5.750,   5.848,9999.000,9999.000,9999.000,9999.000,9999.000,9999.000,9999.000
202608060442,   5.837,   5.979,9999.000,9999.000,9999.000,9999.000,9999.000,9999.000,9999.000
202608060448,   5.918,   6.038,9999.000,9999.000,9999.000,9999.000,9999.000,9999.000,9999.000
202608060454,   5.993,   6.087,9999.000,9999.000,9999.000,9999.000,9999.000,9999.000,9999.000
202608060500,   6.063,   6.136,   0.000,   0.073,   6.136,   0.000,   6.136,   0.000,   6.136
202608060506,   6.127,   6.238,9999.000,9999.000,9999.000,9999.000,9999.000,9999.000,9999.000
202608060512,   6.185,   6.307,9999.000,9999.000,9999.000,9999.000,9999.000,9999.000,9999.000
202608060518,   6.237,   6.346,9999.000,9999.000,9999.000,9999.000,9999.000,9999.000,9999.000
202608060524,   6.282,   6.409,9999.000,9999.000,9999.000,9999.000,9999.000,9999.000,9999.000
202608060530,   6.322,   6.458,9999.000,9999.000,9999.000,9999.000,9999.000,9999.000,9999.000
202608060536,   6.354,   6.517,9999.000,9999.000,9999.000,9999.000,9999.000,9999.000,9999.000
202608060542,   6.381,   6.527,9999.000,9999.000,9999.000,9999.000,9999.000,9999.000,9999.000
202608060548,   6.401,   6.556,9999.000,9999.000,9999.000,9999.000,9999.000,9999.000,9999.000
202608060554,   6.414,   6.569,9999.000,9999.000,9999.000,9999.000,9999.000,9999.000,9999.000
202608060600,   6.421,   6.569,   0.000,   0.148,   6.569,   0.000,   6.569,   0.000,   6.569
202608060606,   6.421,9999.000,9999.000,9999.000,9999.000,9999.000,9999.000,9999.000,9999.000
202608060612,   6.414,9999.000,9999.000,9999.000,9999.000,9999.000,9999.000,9999.000,9999.000
202608060618,   6.401,9999.000,9999.000,9999.000,9999.000,9999.000,9999.000,9999.000,9999.000
202608060624,   6.381,9999.000,9999.000,9999.000,9999.000,9999.000,9999.000,9999.000,9999.000
202608060630,   6.355,9999.000,9999.000,9999.000,9999.000,9999.000,9999.000,9999.000,9999.000
202608060636,   6.322,9999.000,9999.000,9999.000,9999.000,9999.000,9999.000,9999.000,9999.000
202608060642,   6.283,9999.000,9999.000,9999.000,9999.000,9999.000,9999.000,9999.000,9999.000
202608060648,   6.237,9999.000,9999.000,9999.000,9999.000,9999.000,9999.000,9999.000,9999.000
202608060654,   6.185,9999.000,9999.000,9999.000,9999.000,9999.000,9999.000,9999.000,9999.000
202608060700,   6.127,9999.000,   0.000,   0.138,   6.265,  -0.100,   6.165,   0.000,   6.265
202608060706,   6.062,9999.000,9999.000,9999.000,9999.000,9999.000,9999.000,9999.000,9999.000
202608060712,   5.991,9999.000,9999.000,9999.000,9999.000,9999.000,9999.000,9999.000,9999.000
202608060718,   5.915,9999.000,9999.000,9999.000,9999.000,9999.000,9999.000,9999.000,9999.000
202608060724,   5.832,9999.000,9999.000,9999.000,9999.000,9999.000,9999.000,9999.000,9999.000
202608060730,   5.743,9999.000,9999.000,9999.000,9999.000,9999.000,9999.000,9999.000,9999.000
202608060736,   5.649,9999.000,9999.000,9999.000,9999.000,9999.000,9999.000,9999.000,9999.000
202608060742,   5.549,9999.000,9999.000,9999.000,9999.000,9999.000,9999.000,9999.000,9999.000
202608060748,   5.444,9999.000,9999.000,9999.000,9999.000,9999.000,9999.000,9999.000,9999.000
202608060754,   5.334,9999.000,9999.000,9999.000,9999.000,9999.000,9999.000,9999.000,9999.000
202608060800,   5.219,9999.000,  -0.100,   0.128,   5.247,  -0.100,   5.247,   0.000,   5.347
202608060806,   5.099,9999.000,9999.000,9999.000,9999.000,9999.000,9999.000,9999.000,9999.000
202608060812,   4.975,9999.000,9999.000,9999.000,9999.000,9999.000,9999.000,9999.000,9999.000
202608060818,   4.846,9999.000,9999.000,9999.000,9999.000,9999.000,9999.000,9999.000,9999.000
202608060824,   4.714,9999.000,9999.000,9999.000,9999.000,9999.000,9999.000,9999.000,9999.000
202608060830,   4.578,9999.000,9999.000,9999.000,9999.000,9999.000,9999.000,9999.000,9999.000
202608060836,   4.439,9999.000,9999.000,9999.000,9999.000,9999.000,9999.000,9999.000,9999.000
202608060842,   4.296,9999.000,9999.000,9999.000,9999.000,9999.000,9999.000,9999.000,9999.000
202608060848,   4.152,9999.000,9999.000,9999.000,9999.000,9999.000,9999.000,9999.000,9999.000
202608060854,   4.005,9999.000,9999.000,9999.000,9999.000,9999.000,9999.000,9999.000,9999.000
202608060900,   3.856,9999.000,   0.000,   0.118,   3.974,  -0.100,   3.874,   0.000,   3.974
202608060906,   3.706,9999.000,9999.000,9999.000,9999.000,9999.000,9999.000,9999.000,9999.000
202608060912,   3.555,9999.000,9999.000,9999.000,9999.000,9999.000,9999.000,9999.000,9999.000
202608060918,   3.404,9999.000,9999.000,9999.000,9999.000,9999.000,9999.000,9999.000,9999.000
202608060924,   3.252,9999.000,9999.000,9999.000,9999.000,9999.000,9999.000,9999.000,9999.000
202608060930,   3.100,9999.000,9999.000,9999.000,9999.000,9999.000,9999.000,9999.000,9999.000
202608060936,   2.949,9999.000,9999.000,9999.000,9999.000,9999.000,9999.000,9999.000,9999.000
202608060942,   2.798,9999.000,9999.000,9999.000,9999.000,9999.000,9999.000,9999.000,9999.000
202608060948,   2.649,9999.000,9999.000,9999.000,9999.000,9999.000,9999.000,9999.000,9999.000
202608060954,   2.501,9999.000,9999.000,9999.000,9999.000,9999.000,9999.000,9999.000,9999.000
202608061000,   2.356,9999.000,   0.000,   0.108,   2.464,  -0.100,   2.364,   0.000,   2.464
202608061006,   2.212,9999.000,9999.000,9999.000,9999.000,9999.000,9999.000,9999.000,9999.000
202608061012,   2.071,9999.000,9999.000,9999.000,9999.000,9999.000,9999.000,9999.000,9999.000
202608061018,   1.933,9999.000,9999.000,9999.000,9999.000,9999.000,9999.000,9999.000,9999.000
202608061024,   1.798,9999.000,9999.000,9999.000,9999.000,9999.000,9999.000,9999.000,9999.000
202608061030,   1.667,9999.000,9999.000,9999.000,9999.000,9999.000,9999.000,9999.000,9999.000
202608061036,   1.539,9999.000,9999.000,9999.000,9999.000,9999.000,9999.000,9999.000,9999.000
202608061042,   1.415,9999.000,9999.000,9999.000,9999.000,9999.000,9999.000,9999.000,9999.000
202608061048,   1.295,9999.000,9999.000,9999.000,9999.000,9999.000,9999.000,9999.000,9999.000
202608061054,   1.180,9999.000,9999.000,9999.000,9999.000,9999.000,9999.000,9999.000,9999.000
202608061100,   1.070,9999.000,   0.000,   0.098,   1.168,   0.000,   1.168,   0.000,   1.168
202608061106,   0.964,9999.000,9999.000,9999.000,9999.000,9999.000,9999.000,9999.000,9999.000
202608061112,   0.865,9999.000,9999.000,9999.000,9999.000,9999.000,9999.000,9999.000,9999.000
202608061118,   0.771,9999.000,9999.000,9999.000,9999.000,9999.000,9999.000,9999.000,9999.000
202608061124,   0.682,9999.000,9999.000,9999.000,9999.000,9999.000,9999.000,9999.000,9999.000
202608061130,   0.600,9999.000,9999.000,9999.000,9999.000,9999.000,9999.000,9999.000,9999.000
202608061136,   0.525,9999.000,9999.000,9999.000,9999.000,9999.000,9999.000,9999.000,9999.000
202608061142,   0.457,9999.000,9999.000,9999.000,9999.000,9999.000,9999.000,9999.000,9999.000
202608061148,   0.396,9999.000,9999.000,9999.000,9999.000,9999.000,9999.000,9999.000,9999.000
202608061154,   0.342,9999.000,9999.000,9999.000,9999.000,9999.000,9999.000,9999.000,9999.000
202608061200,   0.297,9999.000,   0.000,   0.088,   0.385,   0.000,   0.385,   0.000,   0.385
202608061206,   0.260,9999.000,9999.000,9999.000,9999.000,9999.000,9999.000,9999.000,9999.000
202608061212,   0.231,9999.000,9999.000,9999.000,9999.000,9999.000,9999.000,9999.000,9999.000
202608061218,   0.211,9999.000,9999.000,9999.000,9999.000,9999.000,9999.000,9999.000,9999.000
202608061224,   0.200,9999.000,9999.000,9999.000,9999.000,9999.000,9999.000,9999.000,9999.000
202608061230,   0.199,9999.000,9999.000,9999.000,9999.000,9999.000,9999.000,9999.000,9999.000
202608061236,   0.207,9999.000,9999.000,9999.000,9999.000,9999.000,9999.000,9999.000,9999.000
202608061242,   0.225,9999.000,9999.000,9999.000,9999.000,9999.000,9999.000,9999.000,9999.000
202608061248,   0.252,9999.000,9999.000,9999.000,9999.000,9999.000,9999.000,9999.000,9999.000
202608061254,   0.290,9999.000,9999.000,9999.000,9999.000,9999.000,9999.000,9999.000,9999.000
202608061300,   0.337,9999.000,   0.000,   0.079,   0.416,   0.000,   0.416,   0.000,   0.416
202608061306,   0.395,9999.000,9999.000,9999.000,9999.000,9999.000,9999.000,9999.000,9999.000
202608061312,   0.463,9999.000,9999.000,9999.000,9999.000,9999.000,9999.000,9999.000,9999.000
202608061318,   0.540,9999.000,9999.000,9999.000,9999.000,9999.000,9999.000,9999.000,9999.000
202608061324,   0.627,9999.000,9999.000,9999.000,9999.000,9999.000,9999.000,9999.000,9999.000
202608061330,   0.723,9999.000,9999.000,9999.000,9999.000,9999.000,9999.000,9999.000,9999.000
202608061336,   0.829,9999.000,9999.000,9999.000,9999.000,9999.000,9999.000,9999.000,9999.000
202608061342,   0.943,9999.000,9999.000,9999.000,9999.000,9999.000,9999.000,9999.000,9999.000
202608061348,   1.066,9999.000,9999.000,9999.000,9999.000,9999.000,9999.000,9999.000,9999.000
202608061354,   1.197,9999.000,9999.000,9999.000,9999.000,9999.000,9999.000,9999.000,9999.000
202608061400,   1.335,9999.000,  -0.100,   0.069,   1.304,  -0.100,   1.304,   0.000,   1.404
202608061406,   1.481,9999.000,9999.000,9999.000,9999.000,9999.000,9999.000,9999.000,9999.000
202608061412,   1.633,9999.000,9999.000,9999.000,9999.000,9999.000,9999.000,9999.000,9999.000
202608061418,   1.792,9999.000,9999.000,9999.000,9999.000,9999.000,9999.000,9999.000,9999.000
202608061424,   1.956,9999.000,9999.000,9999.000,9999.000,9999.000,9999.000,9999.000,9999.000
202608061430,   2.124,9999.000,9999.000,9999.000,9999.000,9999.000,9999.000,9999.000,9999.000
202608061436,   2.298,9999.000,9999.000,9999.000,9999.000,9999.000,9999.000,9999.000,9999.000
202608061442,   2.474,9999.000,9999.000,9999.000,9999.000,9999.000,9999.000,9999.000,9999.000
202608061448,   2.655,9999.000,9999.000,9999.000,9999.000,9999.000,9999.000,9999.000,9999.000
202608061454,   2.837,9999.000,9999.000,9999.000,9999.000,9999.000,9999.000,9999.000,9999.000
202608061500,   3.022,9999.000,  -0.100,   0.059,   2.981,  -0.100,   2.981,  -0.100,   2.981
202608061506,   3.209,9999.000,9999.000,9999.000,9999.000,9999.000,9999.000,9999.000,9999.000
202608061512,   3.396,9999.000,9999.000,9999.000,9999.000,9999.000,9999.000,9999.000,9999.000
202608061518,   3.584,9999.000,9999.000,9999.000,9999.000,9999.000,9999.000,9999.000,9999.000
202608061524,   3.772,9999.000,9999.000,9999.000,9999.000,9999.000,9999.000,9999.000,9999.000
202608061530,   3.959,9999.000,9999.000,9999.000,9999.000,9999.000,9999.000,9999.000,9999.000
202608061536,   4.145,9999.000,9999.000,9999.000,9999.000,9999.000,9999.000,9999.000,9999.000
202608061542,   4.329,9999.000,9999.000,9999.000,9999.000,9999.000,9999.000,9999.000,9999.000
202608061548,   4.512,9999.000,9999.000,9999.000,9999.000,9999.000,9999.000,9999.000,9999.000
202608061554,   4.692,9999.000,9999.000,9999.000,9999.000,9999.000,9999.000,9999.000,9999.000
202608061600,   4.870,9999.000,  -0.100,   0.049,   4.819,  -0.200,   4.719,  -0.100,   4.819
202608061606,   5.044,9999.000,9999.000,9999.000,9999.000,9999.000,9999.000,9999.000,9999.000
202608061612,   5.215,9999.000,9999.000,9999.000,9999.000,9999.000,9999.000,9999.000,9999.000
202608061618,   5.381,9999.000,9999.000,9999.000,9999.000,9999.000,9999.000,9999.000,9999.000
202608061624,   5.544,9999.000,9999.000,9999.000,9999.000,9999.000,9999.000,9999.000,9999.000
202608061630,   5.702,9999.000,9999.000,9999.000,9999.000,9999.000,9999.000,9999.000,9999.000
202608061636,   5.855,9999.000,9999.000,9999.000,9999.000,9999.000,9999.000,9999.000,9999.000
202608061642,   6.002,9999.000,9999.000,9999.000,9999.000,9999.000,9999.000,9999.000,9999.000
202608061648,   6.144,9999.000,9999.000,9999.000,9999.000,9999.000,9999.000,9999.000,9999.000
202608061654,   6.280,9999.000,9999.000,9999.000,9999.000,9999.000,9999.000,9999.000,9999.000
202608061700,   6.411,9999.000,  -0.100,   0.039,   6.350,  -0.200,   6.250,  -0.100,   6.350
202608061706,   6.534,9999.000,9999.000,9999.000,9999.000,9999.000,9999.000,9999.000,9999.000
202608061712,   6.651,9999.000,9999.000,9999.000,9999.000,9999.000,9999.000,9999.000,9999.000
202608061718,   6.761,9999.000,9999.000,9999.000,9999.000,9999.000,9999.000,9999.000,9999.000
202608061724,   6.865,9999.000,9999.000,9999.000,9999.000,9999.000,9999.000,9999.000,9999.000
202608061730,   6.960,9999.000,9999.000,9999.000,9999.000,9999.000,9999.000,9999.000,9999.000
202608061736,   7.049,9999.000,9999.000,9999.000,9999.000,9999.000,9999.000,9999.000,9999.000
202608061742,   7.130,9999.000,9999.000,9999.000,9999.000,9999.000,9999.000,9999.000,9999.000
202608061748,   7.203,9999.000,9999.000,9999.000,9999.000,9999.000,9999.000,9999.000,9999.000
202608061754,   7.269,9999.000,9999.000,9999.000,9999.000,9999.000,9999.000,9999.000,9999.000
202608061800,   7.326,9999.000,  -0.100,   0.029,   7.255,  -0.100,   7.255,  -0.100,   7.255
202608061806,   7.376,9999.000,9999.000,9999.000,9999.000,9999.000,9999.000,9999.000,9999.000
202608061812,   7.418,9999.000,9999.000,9999.000,9999.000,9999.000,9999.000,9999.000,9999.000
202608061818,   7.451,9999.000,9999.000,9999.000,9999.000,9999.000,9999.000,9999.000,9999.000
202608061824,   7.477,9999.000,9999.000,9999.000,9999.000,9999.000,9999.000,9999.000,9999.000
202608061830,   7.495,9999.000,9999.000,9999.000,9999.000,9999.000,9999.000,9999.000,9999.000
202608061836,   7.505,9999.000,9999.000,9999.000,9999.000,9999.000,9999.000,9999.000,9999.000
202608061842,   7.507,9999.000,9999.000,9999.000,9999.000,9999.000,9999.000,9999.000,9999.000
202608061848,   7.502,9999.000,9999.000,9999.000,9999.000,9999.000,9999.000,9999.000,9999.000
202608061854,   7.489,9999.000,9999.000,9999.000,9999.000,9999.000,9999.000,9999.000,9999.000
202608061900,   7.468,9999.000,  -0.100,   0.029,   7.397,  -0.100,   7.397,   0.000,   7.497
202608061906,   7.440,9999.000,9999.000,9999.000,9999.000,9999.000,9999.000,9999.000,9999.000
202608061912,   7.404,9999.000,9999.000,9999.000,9999.000,9999.000,9999.000,9999.000,9999.000
202608061918,   7.361,9999.000,9999.000,9999.000,9999.000,9999.000,9999.000,9999.000,9999.000
202608061924,   7.312,9999.000,9999.000,9999.000,9999.000,9999.000,9999.000,9999.000,9999.000
202608061930,   7.255,9999.000,9999.000,9999.000,9999.000,9999.000,9999.000,9999.000,9999.000
202608061936,   7.192,9999.000,9999.000,9999.000,9999.000,9999.000,9999.000,9999.000,9999.000
202608061942,   7.122,9999.000,9999.000,9999.000,9999.000,9999.000,9999.000,9999.000,9999.000
202608061948,   7.045,9999.000,9999.000,9999.000,9999.000,9999.000,9999.000,9999.000,9999.000
202608061954,   6.963,9999.000,9999.000,9999.000,9999.000,9999.000,9999.000,9999.000,9999.000
202608062000,   6.875,9999.000,   0.000,   0.029,   6.904,  -0.100,   6.804,   0.000,   6.904
202608062006,   6.781,9999.000,9999.000,9999.000,9999.000,9999.000,9999.000,9999.000,9999.000
202608062012,   6.681,9999.000,9999.000,9999.000,9999.000,9999.000,9999.000,9999.000,9999.000
202608062018,   6.576,9999.000,9999.000,9999.000,9999.000,9999.000,9999.000,9999.000,9999.000
202608062024,   6.467,9999.000,9999.000,9999.000,9999.000,9999.000,9999.000,9999.000,9999.000
202608062030,   6.352,9999.000,9999.000,9999.000,9999.000,9999.000,9999.000,9999.000,9999.000
202608062036,   6.233,9999.000,9999.000,9999.000,9999.000,9999.000,9999.000,9999.000,9999.000
202608062042,   6.110,9999.000,9999.000,9999.000,9999.000,9999.000,9999.000,9999.000,9999.000
202608062048,   5.983,9999.000,9999.000,9999.000,9999.000,9999.000,9999.000,9999.000,9999.000
202608062054,   5.853,9999.000,9999.000,9999.000,9999.000,9999.000,9999.000,9999.000,9999.000
202608062100,   5.720,9999.000,   0.000,   0.029,   5.749,  -0.100,   5.649,   0.000,   5.749
202608062106,   5.583,9999.000,9999.000,9999.000,9999.000,9999.000,9999.000,9999.000,9999.000
202608062112,   5.444,9999.000,9999.000,9999.000,9999.000,9999.000,9999.000,9999.000,9999.000
202608062118,   5.303,9999.000,9999.000,9999.000,9999.000,9999.000,9999.000,9999.000,9999.000
202608062124,   5.161,9999.000,9999.000,9999.000,9999.000,9999.000,9999.000,9999.000,9999.000
202608062130,   5.016,9999.000,9999.000,9999.000,9999.000,9999.000,9999.000,9999.000,9999.000
202608062136,   4.871,9999.000,9999.000,9999.000,9999.000,9999.000,9999.000,9999.000,9999.000
202608062142,   4.725,9999.000,9999.000,9999.000,9999.000,9999.000,9999.000,9999.000,9999.000
202608062148,   4.578,9999.000,9999.000,9999.000,9999.000,9999.000,9999.000,9999.000,9999.000
202608062154,   4.431,9999.000,9999.000,9999.000,9999.000,9999.000,9999.000,9999.000,9999.000
202608062200,   4.285,9999.000,   0.000,   0.029,   4.314,  -0.100,   4.214,   0.000,   4.314
202608062206,   4.138,9999.000,9999.000,9999.000,9999.000,9999.000,9999.000,9999.000,9999.000
202608062212,   3.993,9999.000,9999.000,9999.000,9999.000,9999.000,9999.000,9999.000,9999.000
202608062218,   3.849,9999.000,9999.000,9999.000,9999.000,9999.000,9999.000,9999.000,9999.000
202608062224,   3.706,9999.000,9999.000,9999.000,9999.000,9999.000,9999.000,9999.000,9999.000
202608062230,   3.564,9999.000,9999.000,9999.000,9999.000,9999.000,9999.000,9999.000,9999.000
202608062236,   3.424,9999.000,9999.000,9999.000,9999.000,9999.000,9999.000,9999.000,9999.000
202608062242,   3.286,9999.000,9999.000,9999.000,9999.000,9999.000,9999.000,9999.000,9999.000
202608062248,   3.151,9999.000,9999.000,9999.000,9999.000,9999.000,9999.000,9999.000,9999.000
202608062254,   3.017,9999.000,9999.000,9999.000,9999.000,9999.000,9999.000,9999.000,9999.000
202608062300,   2.887,9999.000,   0.000,   0.029,   2.916,  -0.100,   2.816,   0.000,   2.916
202608062306,   2.759,9999.000,9999.000,9999.000,9999.000,9999.000,9999.000,9999.000,9999.000
202608062312,   2.634,9999.000,9999.000,9999.000,9999.000,9999.000,9999.000,9999.000,9999.000
202608062318,   2.512,9999.000,9999.000,9999.000,9999.000,9999.000,9999.000,9999.000,9999.000
202608062324,   2.394,9999.000,9999.000,9999.000,9999.000,9999.000,9999.000,9999.000,9999.000
202608062330,   2.279,9999.000,9999.000,9999.000,9999.000,9999.000,9999.000,9999.000,9999.000
202608062336,   2.168,9999.000,9999.000,9999.000,9999.000,9999.000,9999.000,9999.000,9999.000
202608062342,   2.061,9999.000,9999.000,9999.000,9999.000,9999.000,9999.000,9999.000,9999.000
202608062348,   1.958,9999.000,9999.000,9999.000,9999.000,9999.000,9999.000,9999.000,9999.000
202608062354,   1.860,9999.000,9999.000,9999.000,9999.000,9999.000,9999.000,9999.000,9999.000
202608070000,   1.767,9999.000,   0.000,   0.029,   1.796,   0.000,   1.796,   0.000,   1.796
202608070006,   1.679,9999.000,9999.000,9999.000,9999.000,9999.000,9999.000,9999.000,9999.000
202608070012,   1.596,9999.000,9999.000,9999.000,9999.000,9999.000,9999.000,9999.000,9999.000
202608070018,   1.519,9999.000,9999.000,9999.000,9999.000,9999.000,9999.000,9999.000,9999.000
202608070024,   1.448,9999.000,9999.000,9999.000,9999.000,9999.000,9999.000,9999.000,9999.000
202608070030,   1.384,9999.000,9999.000,9999.000,9999.000,9999.000,9999.000,9999.000,9999.000
202608070036,   1.326,9999.000,9999.000,9999.000,9999.000,9999.000,9999.000,9999.000,9999.000
202608070042,   1.275,9999.000,9999.000,9999.000,9999.000,9999.000,9999.000,9999.000,9999.000
202608070048,   1.231,9999.000,9999.000,9999.000,9999.000,9999.000,9999.000,9999.000,9999.000
202608070054,   1.195,9999.000,9999.000,9999.000,9999.000,9999.000,9999.000,9999.000,9999.000
202608070100,   1.167,9999.000,   0.000,   0.029,   1.196,   0.000,   1.196,   0.000,   1.196
202608070106,   1.146,9999.000,9999.000,9999.000,9999.000,9999.000,9999.000,9999.000,9999.000
202608070112,   1.134,9999.000,9999.000,9999.000,9999.000,9999.000,9999.000,9999.000,9999.000
202608070118,   1.130,9999.000,9999.000,9999.000,9999.000,9999.000,9999.000,9999.000,9999.000
202608070124,   1.134,9999.000,9999.000,9999.000,9999.000,9999.000,9999.000,9999.000,9999.000
202608070130,   1.147,9999.000,9999.000,9999.000,9999.000,9999.000,9999.000,9999.000,9999.000
202608070136,   1.169,9999.000,9999.000,9999.000,9999.000,9999.000,9999.000,9999.000,9999.000
202608070142,   1.199,9999.000,9999.000,9999.000,9999.000,9999.000,9999.000,9999.000,9999.000
202608070148,   1.237,9999.000,9999.000,9999.000,9999.000,9999.000,9999.000,9999.000,9999.000
202608070154,   1.283,9999.000,9999.000,9999.000,9999.000,9999.000,9999.000,9999.000,9999.000
202608070200,   1.338,9999.000,   0.000,   0.029,   1.367,   0.000,   1.367,   0.000,   1.367
202608070206,   1.401,9999.000,9999.000,9999.000,9999.000,9999.000,9999.000,9999.000,9999.000
202608070212,   1.471,9999.000,9999.000,9999.000,9999.000,9999.000,9999.000,9999.000,9999.000
202608070218,   1.549,9999.000,9999.000,9999.000,9999.000,9999.000,9999.000,9999.000,9999.000
202608070224,   1.634,9999.000,9999.000,9999.000,9999.000,9999.000,9999.000,9999.000,9999.000
202608070230,   1.725,9999.000,9999.000,9999.000,9999.000,9999.000,9999.000,9999.000,9999.000
202608070236,   1.823,9999.000,9999.000,9999.000,9999.000,9999.000,9999.000,9999.000,9999.000
202608070242,   1.927,9999.000,9999.000,9999.000,9999.000,9999.000,9999.000,9999.000,9999.000
202608070248,   2.036,9999.000,9999.000,9999.000,9999.000,9999.000,9999.000,9999.000,9999.000
202608070254,   2.150,9999.000,9999.000,9999.000,9999.000,9999.000,9999.000,9999.000,9999.000
202608070300,   2.269,9999.000,   0.000,   0.029,   2.298,  -0.100,   2.198,   0.000,   2.298
202608070306,   2.392,9999.000,9999.000,9999.000,9999.000,9999.000,9999.000,9999.000,9999.000
202608070312,   2.519,9999.000,9999.000,9999.000,9999.000,9999.000,9999.000,9999.000,9999.000
202608070318,   2.649,9999.000,9999.000,9999.000,9999.000,9999.000,9999.000,9999.000,9999.000
202608070324,   2.782,9999.000,9999.000,9999.000,9999.000,9999.000,9999.000,9999.000,9999.000
202608070330,   2.917,9999.000,9999.000,9999.000,9999.000,9999.000,9999.000,9999.000,9999.000
202608070336,   3.053,9999.000,9999.000,9999.000,9999.000,9999.000,9999.000,9999.000,9999.000
202608070342,   3.192,9999.000,9999.000,9999.000,9999.000,9999.000,9999.000,9999.000,9999.000
202608070348,   3.331,9999.000,9999.000,9999.000,9999.000,9999.000,9999.000,9999.000,9999.000
202608070354,   3.471,9999.000,9999.000,9999.000,9999.000,9999.000,9999.000,9999.000,9999.000
202608070400,   3.611,9999.000,   0.000,   0.029,   3.640,   0.000,   3.640,   0.000,   3.640
202608070406,   3.752,9999.000,9999.000,9999.000,9999.000,9999.000,9999.000,9999.000,9999.000
202608070412,   3.891,9999.000,9999.000,9999.000,9999.000,9999.000,9999.000,9999.000,9999.000
202608070418,   4.030,9999.000,9999.000,9999.000,9999.000,9999.000,9999.000,9999.000,9999.000
202608070424,   4.167,9999.000,9999.000,9999.000,9999.000,9999.000,9999.000,9999.000,9999.000
202608070430,   4.303,9999.000,9999.000,9999.000,9999.000,9999.000,9999.000,9999.000,9999.000
202608070436,   4.437,9999.000,9999.000,9999.000,9999.000,9999.000,9999.000,9999.000,9999.000
202608070442,   4.568,9999.000,9999.000,9999.000,9999.000,9999.000,9999.000,9999.000,9999.000
202608070448,   4.697,9999.000,9999.000,9999.000,9999.000,9999.000,9999.000,9999.000,9999.000
202608070454,   4.824,9999.000,9999.000,9999.000,9999.000,9999.000,9999.000,9999.000,9999.000
202608070500,   4.946,9999.000,   0.000,   0.029,   4.975,   0.000,   4.975,   0.000,   4.975
202608070506,   5.066,9999.000,9999.000,9999.000,9999.000,9999.000,9999.000,9999.000,9999.000
202608070512,   5.181,9999.000,9999.000,9999.000,9999.000,9999.000,9999.000,9999.000,9999.000
202608070518,   5.292,9999.000,9999.000,9999.000,9999.000,9999.000,9999.000,9999.000,9999.000
202608070524,   5.399,9999.000,9999.000,9999.000,9999.000,9999.000,9999.000,9999.000,9999.000
202608070530,   5.501,9999.000,9999.000,9999.000,9999.000,9999.000,9999.000,9999.000,9999.000
202608070536,   5.599,9999.000,9999.000,9999.000,9999.000,9999.000,9999.000,9999.000,9999.000
202608070542,   5.690,9999.000,9999.000,9999.000,9999.000,9999.000,9999.000,9999.000,9999.000
202608070548,   5.777,9999.000,9999.000,9999.000,9999.000,9999.000,9999.000,9999.000,9999.000
202608070554,   5.858,9999.000,9999.000,9999.000,9999.000,9999.000,9999.000,9999.000,9999.000
202608070600,   5.932,9999.000,   0.000,   0.029,   5.961,  -0.100,   5.861,   0.000,   5.961
202608070606,   6.001,9999.000,9999.000,9999.000,9999.000,9999.000,9999.000,9999.000,9999.000
202608070612,   6.064,9999.000,9999.000,9999.000,9999.000,9999.000,9999.000,9999.000,9999.000
202608070618,   6.120,9999.000,9999.000,9999.000,9999.000,9999.000,9999.000,9999.000,9999.000
202608070624,   6.169,9999.000,9999.000,9999.000,9999.000,9999.000,9999.000,9999.000,9999.000
202608070630,   6.212,9999.000,9999.000,9999.000,9999.000,9999.000,9999.000,9999.000,9999.000
202608070636,   6.248,9999.000,9999.000,9999.000,9999.000,9999.000,9999.000,9999.000,9999.000
202608070642,   6.277,9999.000,9999.000,9999.000,9999.000,9999.000,9999.000,9999.000,9999.000
202608070648,   6.300,9999.000,9999.000,9999.000,9999.000,9999.000,9999.000,9999.000,9999.000
202608070654,   6.315,9999.000,9999.000,9999.000,9999.000,9999.000,9999.000,9999.000,9999.000
202608070700,   6.323,9999.000,   0.000,   0.029,   6.352,  -0.100,   6.252,   0.000,   6.352
202608070706,   6.325,9999.000,9999.000,9999.000,9999.000,9999.000,9999.000,9999.000,9999.000
202608070712,   6.320,9999.000,9999.000,9999.000,9999.000,9999.000,9999.000,9999.000,9999.000
202608070718,   6.307,9999.000,9999.000,9999.000,9999.000,9999.000,9999.000,9999.000,9999.000
202608070724,   6.288,9999.000,9999.000,9999.000,9999.000,9999.000,9999.000,9999.000,9999.000
202608070730,   6.263,9999.000,9999.000,9999.000,9999.000,9999.000,9999.000,9999.000,9999.000
202608070736,   6.230,9999.000,9999.000,9999.000,9999.000,9999.000,9999.000,9999.000,9999.000
202608070742,   6.191,9999.000,9999.000,9999.000,9999.000,9999.000,9999.000,9999.000,9999.000
202608070748,   6.145,9999.000,9999.000,9999.000,9999.000,9999.000,9999.000,9999.000,9999.000
202608070754,   6.093,9999.000,9999.000,9999.000,9999.000,9999.000,9999.000,9999.000,9999.000
202608070800,   6.035,9999.000,   0.000,   0.029,   6.064,  -0.100,   5.964,   0.000,   6.064
202608070806,   5.970,9999.000,9999.000,9999.000,9999.000,9999.000,9999.000,9999.000,9999.000
202608070812,   5.899,9999.000,9999.000,9999.000,9999.000,9999.000,9999.000,9999.000,9999.000
202608070818,   5.823,9999.000,9999.000,9999.000,9999.000,9999.000,9999.000,9999.000,9999.000
202608070824,   5.740,9999.000,9999.000,9999.000,9999.000,9999.000,9999.000,9999.000,9999.000
202608070830,   5.652,9999.000,9999.000,9999.000,9999.000,9999.000,9999.000,9999.000,9999.000
202608070836,   5.559,9999.000,9999.000,9999.000,9999.000,9999.000,9999.000,9999.000,9999.000
202608070842,   5.460,9999.000,9999.000,9999.000,9999.000,9999.000,9999.000,9999.000,9999.000
202608070848,   5.357,9999.000,9999.000,9999.000,9999.000,9999.000,9999.000,9999.000,9999.000
202608070854,   5.248,9999.000,9999.000,9999.000,9999.000,9999.000,9999.000,9999.000,9999.000
202608070900,   5.135,9999.000,   0.000,   0.029,   5.164,  -0.100,   5.064,   0.000,   5.164
202608070906,   5.018,9999.000,9999.000,9999.000,9999.000,9999.000,9999.000,9999.000,9999.000
202608070912,   4.896,9999.000,9999.000,9999.000,9999.000,9999.000,9999.000,9999.000,9999.000
202608070918,   4.771,9999.000,9999.000,9999.000,9999.000,9999.000,9999.000,9999.000,9999.000
202608070924,   4.642,9999.000,9999.000,9999.000,9999.000,9999.000,9999.000,9999.000,9999.000
202608070930,   4.511,9999.000,9999.000,9999.000,9999.000,9999.000,9999.000,9999.000,9999.000
202608070936,   4.376,9999.000,9999.000,9999.000,9999.000,9999.000,9999.000,9999.000,9999.000
202608070942,   4.239,9999.000,9999.000,9999.000,9999.000,9999.000,9999.000,9999.000,9999.000
202608070948,   4.099,9999.000,9999.000,9999.000,9999.000,9999.000,9999.000,9999.000,9999.000
202608070954,   3.958,9999.000,9999.000,9999.000,9999.000,9999.000,9999.000,9999.000,9999.000
202608071000,   3.815,9999.000,   0.000,   0.029,   3.844,  -0.100,   3.744,   0.000,   3.844
202608071006,   3.670,9999.000,9999.000,9999.000,9999.000,9999.000,9999.000,9999.000,9999.000
202608071012,   3.525,9999.000,9999.000,9999.000,9999.000,9999.000,9999.000,9999.000,9999.000
202608071018,   3.380,9999.000,9999.000,9999.000,9999.000,9999.000,9999.000,9999.000,9999.000
202608071024,   3.234,9999.000,9999.000,9999.000,9999.000,9999.000,9999.000,9999.000,9999.000
202608071030,   3.088,9999.000,9999.000,9999.000,9999.000,9999.000,9999.000,9999.000,9999.000
202608071036,   2.942,9999.000,9999.000,9999.000,9999.000,9999.000,9999.000,9999.000,9999.000
202608071042,   2.798,9999.000,9999.000,9999.000,9999.000,9999.000,9999.000,9999.000,9999.000
202608071048,   2.654,9999.000,9999.000,9999.000,9999.000,9999.000,9999.000,9999.000,9999.000
202608071054,   2.511,9999.000,9999.000,9999.000,9999.000,9999.000,9999.000,9999.000,9999.000
202608071100,   2.370,9999.000,   0.000,   0.029,   2.399,  -0.100,   2.299,   0.000,   2.399
202608071106,   2.231,9999.000,9999.000,9999.000,9999.000,9999.000,9999.000,9999.000,9999.000
202608071112,   2.094,9999.000,9999.000,9999.000,9999.000,9999.000,9999.000,9999.000,9999.000
202608071118,   1.959,9999.000,9999.000,9999.000,9999.000,9999.000,9999.000,9999.000,9999.000
202608071124,   1.827,9999.000,9999.000,9999.000,9999.000,9999.000,9999.000,9999.000,9999.000
202608071130,   1.698,9999.000,9999.000,9999.000,9999.000,9999.000,9999.000,9999.000,9999.000
202608071136,   1.571,9999.000,9999.000,9999.000,9999.000,9999.000,9999.000,9999.000,9999.000
202608071142,   1.449,9999.000,9999.000,9999.000,9999.000,9999.000,9999.000,9999.000,9999.000
202608071148,   1.329,9999.000,9999.000,9999.000,9999.000,9999.000,9999.000,9999.000,9999.000
202608071154,   1.214,9999.000,9999.000,9999.000,9999.000,9999.000,9999.000,9999.000,9999.000
202608071200,   1.103,9999.000,   0.000,   0.029,   1.132,  -0.100,   1.032,   0.000,   1.132
202608071206,   0.996,9999.000,9999.000,9999.000,9999.000,9999.000,9999.000,9999.000,9999.000
202608071212,   0.895,9999.000,9999.000,9999.000,9999.000,9999.000,9999.000,9999.000,9999.000
202608071218,   0.798,9999.000,9999.000,9999.000,9999.000,9999.000,9999.000,9999.000,9999.000
202608071224,   0.708,9999.000,9999.000,9999.000,9999.000,9999.000,9999.000,9999.000,9999.000
202608071230,   0.623,9999.000,9999.000,9999.000,9999.000,9999.000,9999.000,9999.000,9999.000
202608071236,   0.544,9999.000,9999.000,9999.000,9999.000,9999.000,9999.000,9999.000,9999.000
202608071242,   0.472,9999.000,9999.000,9999.000,9999.000,9999.000,9999.000,9999.000,9999.000
202608071248,   0.407,9999.000,9999.000,9999.000,9999.000,9999.000,9999.000,9999.000,9999.000
202608071254,   0.350,9999.000,9999.000,9999.000,9999.000,9999.000,9999.000,9999.000,9999.000
202608071300,   0.300,9999.000,   0.000,   0.029,   0.329,  -0.100,   0.229,   0.000,   0.329
202608071306,   0.259,9999.000,9999.000,9999.000,9999.000,9999.000,9999.000,9999.000,9999.000
202608071312,   0.226,9999.000,9999.000,9999.000,9999.000,9999.000,9999.000,9999.000,9999.000
202608071318,   0.201,9999.000,9999.000,9999.000,9999.000,9999.000,9999.000,9999.000,9999.000
202608071324,   0.186,9999.000,9999.000,9999.000,9999.000,9999.000,9999.000,9999.000,9999.000
202608071330,   0.181,9999.000,9999.000,9999.000,9999.000,9999.000,9999.000,9999.000,9999.000
202608071336,   0.185,9999.000,9999.000,9999.000,9999.000,9999.000,9999.000,9999.000,9999.000
202608071342,   0.198,9999.000,9999.000,9999.000,9999.000,9999.000,9999.000,9999.000,9999.000
202608071348,   0.222,9999.000,9999.000,9999.000,9999.000,9999.000,9999.000,9999.000,9999.000
202608071354,   0.256,9999.000,9999.000,9999.000,9999.000,9999.000,9999.000,9999.000,9999.000
202608071400,   0.300,9999.000,  -0.100,   0.029,   0.229,  -0.100,   0.229,   0.000,   0.329
202608071406,   0.354,9999.000,9999.000,9999.000,9999.000,9999.000,9999.000,9999.000,9999.000
202608071412,   0.418,9999.000,9999.000,9999.000,9999.000,9999.000,9999.000,9999.000,9999.000
202608071418,   0.492,9999.000,9999.000,9999.000,9999.000,9999.000,9999.000,9999.000,9999.000
202608071424,   0.576,9999.000,9999.000,9999.000,9999.000,9999.000,9999.000,9999.000,9999.000
202608071430,   0.669,9999.000,9999.000,9999.000,9999.000,9999.000,9999.000,9999.000,9999.000
202608071436,   0.772,9999.000,9999.000,9999.000,9999.000,9999.000,9999.000,9999.000,9999.000
202608071442,   0.884,9999.000,9999.000,9999.000,9999.000,9999.000,9999.000,9999.000,9999.000
202608071448,   1.005,9999.000,9999.000,9999.000,9999.000,9999.000,9999.000,9999.000,9999.000
202608071454,   1.133,9999.000,9999.000,9999.000,9999.000,9999.000,9999.000,9999.000,9999.000
202608071500,   1.270,9999.000,  -0.100,   0.029,   1.199,  -0.100,   1.199,   0.000,   1.299
202608071506,   1.414,9999.000,9999.000,9999.000,9999.000,9999.000,9999.000,9999.000,9999.000
202608071512,   1.565,9999.000,9999.000,9999.000,9999.000,9999.000,9999.000,9999.000,9999.000
202608071518,   1.722,9999.000,9999.000,9999.000,9999.000,9999.000,9999.000,9999.000,9999.000
202608071524,   1.886,9999.000,9999.000,9999.000,9999.000,9999.000,9999.000,9999.000,9999.000
202608071530,   2.054,9999.000,9999.000,9999.000,9999.000,9999.000,9999.000,9999.000,9999.000
202608071536,   2.228,9999.000,9999.000,9999.000,9999.000,9999.000,9999.000,9999.000,9999.000
202608071542,   2.405,9999.000,9999.000,9999.000,9999.000,9999.000,9999.000,9999.000,9999.000
202608071548,   2.587,9999.000,9999.000,9999.000,9999.000,9999.000,9999.000,9999.000,9999.000
202608071554,   2.771,9999.000,9999.000,9999.000,9999.000,9999.000,9999.000,9999.000,9999.000
202608071600,   2.959,9999.000,  -0.100,   0.029,   2.888,  -0.100,   2.888,   0.000,   2.988
202608071606,   3.148,9999.000,9999.000,9999.000,9999.000,9999.000,9999.000,9999.000,9999.000
202608071612,   3.339,9999.000,9999.000,9999.000,9999.000,9999.000,9999.000,9999.000,9999.000
202608071618,   3.531,9999.000,9999.000,9999.000,9999.000,9999.000,9999.000,9999.000,9999.000
202608071624,   3.723,9999.000,9999.000,9999.000,9999.000,9999.000,9999.000,9999.000,9999.000
202608071630,   3.915,9999.000,9999.000,9999.000,9999.000,9999.000,9999.000,9999.000,9999.000
202608071636,   4.107,9999.000,9999.000,9999.000,9999.000,9999.000,9999.000,9999.000,9999.000
202608071642,   4.298,9999.000,9999.000,9999.000,9999.000,9999.000,9999.000,9999.000,9999.000
202608071648,   4.488,9999.000,9999.000,9999.000,9999.000,9999.000,9999.000,9999.000,9999.000
202608071654,   4.676,9999.000,9999.000,9999.000,9999.000,9999.000,9999.000,9999.000,9999.000
202608071700,   4.861,9999.000,   0.000,   0.029,   4.890,  -0.100,   4.790,   0.000,   4.890
202608071706,   5.043,9999.000,9999.000,9999.000,9999.000,9999.000,9999.000,9999.000,9999.000
202608071712,   5.222,9999.000,9999.000,9999.000,9999.000,9999.000,9999.000,9999.000,9999.000
202608071718,   5.398,9999.000,9999.000,9999.000,9999.000,9999.000,9999.000,9999.000,9999.000
202608071724,   5.569,9999.000,9999.000,9999.000,9999.000,9999.000,9999.000,9999.000,9999.000
202608071730,   5.736,9999.000,9999.000,9999.000,9999.000,9999.000,9999.000,9999.000,9999.000
202608071736,   5.898,9999.000,9999.000,9999.000,9999.000,9999.000,9999.000,9999.000,9999.000
202608071742,   6.054,9999.000,9999.000,9999.000,9999.000,9999.000,9999.000,9999.000,9999.000
202608071748,   6.205,9999.000,9999.000,9999.000,9999.000,9999.000,9999.000,9999.000,9999.000
202608071754,   6.350,9999.000,9999.000,9999.000,9999.000,9999.000,9999.000,9999.000,9999.000
202608071800,   6.489,9999.000,  -0.100,   0.029,   6.418,  -0.100,   6.418,   0.000,   6.518
202608071806,   6.621,9999.000,9999.000,9999.000,9999.000,9999.000,9999.000,9999.000,9999.000
202608071812,   6.745,9999.000,9999.000,9999.000,9999.000,9999.000,9999.000,9999.000,9999.000
202608071818,   6.863,9999.000,9999.000,9999.000,9999.000,9999.000,9999.000,9999.000,9999.000
202608071824,   6.974,9999.000,9999.000,9999.000,9999.000,9999.000,9999.000,9999.000,9999.000
202608071830,   7.076,9999.000,9999.000,9999.000,9999.000,9999.000,9999.000,9999.000,9999.000
202608071836,   7.171,9999.000,9999.000,9999.000,9999.000,9999.000,9999.000,9999.000,9999.000
202608071842,   7.258,9999.000,9999.000,9999.000,9999.000,9999.000,9999.000,9999.000,9999.000
202608071848,   7.337,9999.000,9999.000,9999.000,9999.000,9999.000,9999.000,9999.000,9999.000
202608071854,   7.407,9999.000,9999.000,9999.000,9999.000,9999.000,9999.000,9999.000,9999.000
202608071900,   7.470,9999.000,   0.000,   0.029,   7.499,  -0.100,   7.399,   0.000,   7.499
202608071906,   7.524,9999.000,9999.000,9999.000,9999.000,9999.000,9999.000,9999.000,9999.000
202608071912,   7.570,9999.000,9999.000,9999.000,9999.000,9999.000,9999.000,9999.000,9999.000
202608071918,   7.607,9999.000,9999.000,9999.000,9999.000,9999.000,9999.000,9999.000,9999.000
202608071924,   7.636,9999.000,9999.000,9999.000,9999.000,9999.000,9999.000,9999.000,9999.000
202608071930,   7.657,9999.000,9999.000,9999.000,9999.000,9999.000,9999.000,9999.000,9999.000
202608071936,   7.670,9999.000,9999.000,9999.000,9999.000,9999.000,9999.000,9999.000,9999.000
202608071942,   7.675,9999.000,9999.000,9999.000,9999.000,9999.000,9999.000,9999.000,9999.000
202608071948,   7.672,9999.000,9999.000,9999.000,9999.000,9999.000,9999.000,9999.000,9999.000
202608071954,   7.661,9999.000,9999.000,9999.000,9999.000,9999.000,9999.000,9999.000,9999.000
202608072000,   7.642,9999.000,   0.000,   0.029,   7.671,  -0.100,   7.571,   0.000,   7.671
202608072006,   7.616,9999.000,9999.000,9999.000,9999.000,9999.000,9999.000,9999.000,9999.000
202608072012,   7.583,9999.000,9999.000,9999.000,9999.000,9999.000,9999.000,9999.000,9999.000
202608072018,   7.542,9999.000,9999.000,9999.000,9999.000,9999.000,9999.000,9999.000,9999.000
202608072024,   7.494,9999.000,9999.000,9999.000,9999.000,9999.000,9999.000,9999.000,9999.000
202608072030,   7.440,9999.000,9999.000,9999.000,9999.000,9999.000,9999.000,9999.000,9999.000
202608072036,   7.379,9999.000,9999.000,9999.000,9999.000,9999.000,9999.000,9999.000,9999.000
202608072042,   7.311,9999.000,9999.000,9999.000,9999.000,9999.000,9999.000,9999.000,9999.000
202608072048,   7.237,9999.000,9999.000,9999.000,9999.000,9999.000,9999.000,9999.000,9999.000
202608072054,   7.157,9999.000,9999.000,9999.000,9999.000,9999.000,9999.000,9999.000,9999.000
202608072100,   7.072,9999.000,   0.000,   0.029,   7.101,   0.000,   7.101,   0.000,   7.101
202608072106,   6.980,9999.000,9999.000,9999.000,9999.000,9999.000,9999.000,9999.000,9999.000
202608072112,   6.884,9999.000,9999.000,9999.000,9999.000,9999.000,9999.000,9999.000,9999.000
202608072118,   6.782,9999.000,9999.000,9999.000,9999.000,9999.000,9999.000,9999.000,9999.000
202608072124,   6.676,9999.000,9999.000,9999.000,9999.000,9999.000,9999.000,9999.000,9999.000
202608072130,   6.565,9999.000,9999.000,9999.000,9999.000,9999.000,9999.000,9999.000,9999.000
202608072136,   6.449,9999.000,9999.000,9999.000,9999.000,9999.000,9999.000,9999.000,9999.000
202608072142,   6.330,9999.000,9999.000,9999.000,9999.000,9999.000,9999.000,9999.000,9999.000
202608072148,   6.206,9999.000,9999.000,9999.000,9999.000,9999.000,9999.000,9999.000,9999.000
202608072154,   6.079,9999.000,9999.000,9999.000,9999.000,9999.000,9999.000,9999.000,9999.000
202608072200,   5.949,9999.000,   0.000,   0.029,   5.978,   0.000,   5.978,   0.100,   6.078
202608072206,   5.816,9999.000,9999.000,9999.000,9999.000,9999.000,9999.000,9999.000,9999.000
202608072212,   5.681,9999.000,9999.000,9999.000,9999.000,9999.000,9999.000,9999.000,9999.000
202608072218,   5.543,9999.000,9999.000,9999.000,9999.000,9999.000,9999.000,9999.000,9999.000
202608072224,   5.403,9999.000,9999.000,9999.000,9999.000,9999.000,9999.000,9999.000,9999.000
202608072230,   5.262,9999.000,9999.000,9999.000,9999.000,9999.000,9999.000,9999.000,9999.000
202608072236,   5.119,9999.000,9999.000,9999.000,9999.000,9999.000,9999.000,9999.000,9999.000
202608072242,   4.975,9999.000,9999.000,9999.000,9999.000,9999.000,9999.000,9999.000,9999.000
202608072248,   4.830,9999.000,9999.000,9999.000,9999.000,9999.000,9999.000,9999.000,9999.000
202608072254,   4.684,9999.000,9999.000,9999.000,9999.000,9999.000,9999.000,9999.000,9999.000
202608072300,   4.538,9999.000,   0.000,   0.029,   4.567,   0.000,   4.567,   0.100,   4.667
202608072306,   4.392,9999.000,9999.000,9999.000,9999.000,9999.000,9999.000,9999.000,9999.000
202608072312,   4.245,9999.000,9999.000,9999.000,9999.000,9999.000,9999.000,9999.000,9999.000
202608072318,   4.100,9999.000,9999.000,9999.000,9999.000,9999.000,9999.000,9999.000,9999.000
202608072324,   3.954,9999.000,9999.000,9999.000,9999.000,9999.000,9999.000,9999.000,9999.000
202608072330,   3.810,9999.000,9999.000,9999.000,9999.000,9999.000,9999.000,9999.000,9999.000
202608072336,   3.666,9999.000,9999.000,9999.000,9999.000,9999.000,9999.000,9999.000,9999.000
202608072342,   3.523,9999.000,9999.000,9999.000,9999.000,9999.000,9999.000,9999.000,9999.000
202608072348,   3.382,9999.000,9999.000,9999.000,9999.000,9999.000,9999.000,9999.000,9999.000
202608072354,   3.242,9999.000,9999.000,9999.000,9999.000,9999.000,9999.000,9999.000,9999.000
202608080000,   3.104,9999.000,   0.000,   0.029,   3.133,   0.000,   3.133,   0.100,   3.233
202608080006,   2.968,9999.000,9999.000,9999.000,9999.000,9999.000,9999.000,9999.000,9999.000
202608080012,   2.834,9999.000,9999.000,9999.000,9999.000,9999.000,9999.000,9999.000,9999.000
202608080018,   2.702,9999.000,9999.000,9999.000,9999.000,9999.000,9999.000,9999.000,9999.000
202608080024,   2.573,9999.000,9999.000,9999.000,9999.000,9999.000,9999.000,9999.000,9999.000
202608080030,   2.446,9999.000,9999.000,9999.000,9999.000,9999.000,9999.000,9999.000,9999.000
202608080036,   2.323,9999.000,9999.000,9999.000,9999.000,9999.000,9999.000,9999.000,9999.000
202608080042,   2.203,9999.000,9999.000,9999.000,9999.000,9999.000,9999.000,9999.000,9999.000
202608080048,   2.087,9999.000,9999.000,9999.000,9999.000,9999.000,9999.000,9999.000,9999.000
202608080054,   1.975,9999.000,9999.000,9999.000,9999.000,9999.000,9999.000,9999.000,9999.000
202608080100,   1.867,9999.000,   0.000,   0.029,   1.896,   0.000,   1.896,   0.100,   1.996
202608080106,   1.764,9999.000,9999.000,9999.000,9999.000,9999.000,9999.000,9999.000,9999.000
202608080112,   1.667,9999.000,9999.000,9999.000,9999.000,9999.000,9999.000,9999.000,9999.000
202608080118,   1.575,9999.000,9999.000,9999.000,9999.000,9999.000,9999.000,9999.000,9999.000
202608080124,   1.488,9999.000,9999.000,9999.000,9999.000,9999.000,9999.000,9999.000,9999.000
202608080130,   1.408,9999.000,9999.000,9999.000,9999.000,9999.000,9999.000,9999.000,9999.000
202608080136,   1.335,9999.000,9999.000,9999.000,9999.000,9999.000,9999.000,9999.000,9999.000
202608080142,   1.268,9999.000,9999.000,9999.000,9999.000,9999.000,9999.000,9999.000,9999.000
202608080148,   1.209,9999.000,9999.000,9999.000,9999.000,9999.000,9999.000,9999.000,9999.000
202608080154,   1.158,9999.000,9999.000,9999.000,9999.000,9999.000,9999.000,9999.000,9999.000
202608080200,   1.115,9999.000,   0.000,   0.029,   1.144,   0.000,   1.144,   0.100,   1.244
202608080206,   1.079,9999.000,9999.000,9999.000,9999.000,9999.000,9999.000,9999.000,9999.000
202608080212,   1.053,9999.000,9999.000,9999.000,9999.000,9999.000,9999.000,9999.000,9999.000
202608080218,   1.034,9999.000,9999.000,9999.000,9999.000,9999.000,9999.000,9999.000,9999.000
202608080224,   1.025,9999.000,9999.000,9999.000,9999.000,9999.000,9999.000,9999.000,9999.000
202608080230,   1.025,9999.000,9999.000,9999.000,9999.000,9999.000,9999.000,9999.000,9999.000
202608080236,   1.033,9999.000,9999.000,9999.000,9999.000,9999.000,9999.000,9999.000,9999.000
202608080242,   1.050,9999.000,9999.000,9999.000,9999.000,9999.000,9999.000,9999.000,9999.000
202608080248,   1.077,9999.000,9999.000,9999.000,9999.000,9999.000,9999.000,9999.000,9999.000
202608080254,   1.112,9999.000,9999.000,9999.000,9999.000,9999.000,9999.000,9999.000,9999.000
202608080300,   1.156,9999.000,   0.000,   0.029,   1.185,   0.000,   1.185,   0.100,   1.285
202608080306,   1.208,9999.000,9999.000,9999.000,9999.000,9999.000,9999.000,9999.000,9999.000
202608080312,   1.268,9999.000,9999.000,9999.000,9999.000,9999.000,9999.000,9999.000,9999.000
202608080318,   1.337,9999.000,9999.000,9999.000,9999.000,9999.000,9999.000,9999.000,9999.000
202608080324,   1.413,9999.000,9999.000,9999.000,9999.000,9999.000,9999.000,9999.000,9999.000
202608080330,   1.497,9999.000,9999.000,9999.000,9999.000,9999.000,9999.000,9999.000,9999.000
202608080336,   1.588,9999.000,9999.000,9999.000,9999.000,9999.000,9999.000,9999.000,9999.000
202608080342,   1.685,9999.000,9999.000,9999.000,9999.000,9999.000,9999.000,9999.000,9999.000
202608080348,   1.789,9999.000,9999.000,9999.000,9999.000,9999.000,9999.000,9999.000,9999.000
202608080354,   1.898,9999.000,9999.000,9999.000,9999.000,9999.000,9999.000,9999.000,9999.000
202608080400,   2.013,9999.000,   0.000,   0.029,   2.042,   0.000,   2.042,   0.100,   2.142
202608080406,   2.133,9999.000,9999.000,9999.000,9999.000,9999.000,9999.000,9999.000,9999.000
202608080412,   2.257,9999.000,9999.000,9999.000,9999.000,9999.000,9999.000,9999.000,9999.000
202608080418,   2.386,9999.000,9999.000,9999.000,9999.000,9999.000,9999.000,9999.000,9999.000
202608080424,   2.518,9999.000,9999.000,9999.000,9999.000,9999.000,9999.000,9999.000,9999.000
202608080430,   2.653,9999.000,9999.000,9999.000,9999.000,9999.000,9999.000,9999.000,9999.000
202608080436,   2.792,9999.000,9999.000,9999.000,9999.000,9999.000,9999.000,9999.000,9999.000
202608080442,   2.932,9999.000,9999.000,9999.000,9999.000,9999.000,9999.000,9999.000,9999.000
202608080448,   3.074,9999.000,9999.000,9999.000,9999.000,9999.000,9999.000,9999.000,9999.000
202608080454,   3.218,9999.000,9999.000,9999.000,9999.000,9999.000,9999.000,9999.000,9999.000
202608080500,   3.363,9999.000,   0.000,   0.029,   3.392,   0.000,   3.392,   0.100,   3.492
202608080506,   3.509,9999.000,9999.000,9999.000,9999.000,9999.000,9999.000,9999.000,9999.000
202608080512,   3.654,9999.000,9999.000,9999.000,9999.000,9999.000,9999.000,9999.000,9999.000
202608080518,   3.800,9999.000,9999.000,9999.000,9999.000,9999.000,9999.000,9999.000,9999.000
202608080524,   3.944,9999.000,9999.000,9999.000,9999.000,9999.000,9999.000,9999.000,9999.000
202608080530,   4.088,9999.000,9999.000,9999.000,9999.000,9999.000,9999.000,9999.000,9999.000
202608080536,   4.230,9999.000,9999.000,9999.000,9999.000,9999.000,9999.000,9999.000,9999.000
202608080542,   4.370,9999.000,9999.000,9999.000,9999.000,9999.000,9999.000,9999.000,9999.000
202608080548,   4.508,9999.000,9999.000,9999.000,9999.000,9999.000,9999.000,9999.000,9999.000
202608080554,   4.643,9999.000,9999.000,9999.000,9999.000,9999.000,9999.000,9999.000,9999.000
202608080600,   4.775,9999.000,   0.000,   0.029,   4.804,   0.000,   4.804,   0.100,   4.904
202608080606,   4.904,9999.000,9999.000,9999.000,9999.000,9999.000,9999.000,9999.000,9999.000
202608080612,   5.029,9999.000,9999.000,9999.000,9999.000,9999.000,9999.000,9999.000,9999.000
202608080618,   5.149,9999.000,9999.000,9999.000,9999.000,9999.000,9999.000,9999.000,9999.000
202608080624,   5.265,9999.000,9999.000,9999.000,9999.000,9999.000,9999.000,9999.000,9999.000
202608080630,   5.377,9999.000,9999.000,9999.000,9999.000,9999.000,9999.000,9999.000,9999.000
202608080636,   5.483,9999.000,9999.000,9999.000,9999.000,9999.000,9999.000,9999.000,9999.000
202608080642,   5.583,9999.000,9999.000,9999.000,9999.000,9999.000,9999.000,9999.000,9999.000
202608080648,   5.678,9999.000,9999.000,9999.000,9999.000,9999.000,9999.000,9999.000,9999.000
202608080654,   5.767,9999.000,9999.000,9999.000,9999.000,9999.000,9999.000,9999.000,9999.000
202608080700,   5.849,9999.000,   0.000,   0.029,   5.878,   0.000,   5.878,   0.100,   5.978
202608080706,   5.926,9999.000,9999.000,9999.000,9999.000,9999.000,9999.000,9999.000,9999.000
202608080712,   5.995,9999.000,9999.000,9999.000,9999.000,9999.000,9999.000,9999.000,9999.000
202608080718,   6.058,9999.000,9999.000,9999.000,9999.000,9999.000,9999.000,9999.000,9999.000
202608080724,   6.115,9999.000,9999.000,9999.000,9999.000,9999.000,9999.000,9999.000,9999.000
202608080730,   6.164,9999.000,9999.000,9999.000,9999.000,9999.000,9999.000,9999.000,9999.000
202608080736,   6.206,9999.000,9999.000,9999.000,9999.000,9999.000,9999.000,9999.000,9999.000
202608080742,   6.242,9999.000,9999.000,9999.000,9999.000,9999.000,9999.000,9999.000,9999.000
202608080748,   6.270,9999.000,9999.000,9999.000,9999.000,9999.000,9999.000,9999.000,9999.000
202608080754,   6.291,9999.000,9999.000,9999.000,9999.000,9999.000,9999.000,9999.000,9999.000
202608080800,   6.306,9999.000,   0.000,   0.029,   6.335,   0.000,   6.335,   0.100,   6.435
202608080806,   6.313,9999.000,9999.000,9999.000,9999.000,9999.000,9999.000,9999.000,9999.000
202608080812,   6.313,9999.000,9999.000,9999.000,9999.000,9999.000,9999.000,9999.000,9999.000
202608080818,   6.306,9999.000,9999.000,9999.000,9999.000,9999.000,9999.000,9999.000,9999.000
202608080824,   6.293,9999.000,9999.000,9999.000,9999.000,9999.000,9999.000,9999.000,9999.000
202608080830,   6.273,9999.000,9999.000,9999.000,9999.000,9999.000,9999.000,9999.000,9999.000
202608080836,   6.246,9999.000,9999.000,9999.000,9999.000,9999.000,9999.000,9999.000,9999.000
202608080842,   6.212,9999.000,9999.000,9999.000,9999.000,9999.000,9999.000,9999.000,9999.000
202608080848,   6.172,9999.000,9999.000,9999.000,9999.000,9999.000,9999.000,9999.000,9999.000
202608080854,   6.126,9999.000,9999.000,9999.000,9999.000,9999.000,9999.000,9999.000,9999.000
202608080900,   6.073,9999.000,   0.000,   0.029,   6.102,   0.000,   6.102,   0.100,   6.202
202608080906,   6.014,9999.000,9999.000,9999.000,9999.000,9999.000,9999.000,9999.000,9999.000
202608080912,   5.949,9999.000,9999.000,9999.000,9999.000,9999.000,9999.000,9999.000,9999.000
202608080918,   5.878,9999.000,9999.000,9999.000,9999.000,9999.000,9999.000,9999.000,9999.000
202608080924,   5.802,9999.000,9999.000,9999.000,9999.000,9999.000,9999.000,9999.000,9999.000
202608080930,   5.719,9999.000,9999.000,9999.000,9999.000,9999.000,9999.000,9999.000,9999.000
202608080936,   5.632,9999.000,9999.000,9999.000,9999.000,9999.000,9999.000,9999.000,9999.000
202608080942,   5.539,9999.000,9999.000,9999.000,9999.000,9999.000,9999.000,9999.000,9999.000
202608080948,   5.441,9999.000,9999.000,9999.000,9999.000,9999.000,9999.000,9999.000,9999.000
202608080954,   5.338,9999.000,9999.000,9999.000,9999.000,9999.000,9999.000,9999.000,9999.000
202608081000,   5.230,9999.000,   0.000,   0.029,   5.259,   0.000,   5.259,   0.100,   5.359
202608081006,   5.118,9999.000,9999.000,9999.000,9999.000,9999.000,9999.000,9999.000,9999.000
202608081012,   5.002,9999.000,9999.000,9999.000,9999.000,9999.000,9999.000,9999.000,9999.000
202608081018,   4.882,9999.000,9999.000,9999.000,9999.000,9999.000,9999.000,9999.000,9999.000
202608081024,   4.758,9999.000,9999.000,9999.000,9999.000,9999.000,9999.000,9999.000,9999.000
202608081030,   4.630,9999.000,9999.000,9999.000,9999.000,9999.000,9999.000,9999.000,9999.000
202608081036,   4.500,9999.000,9999.000,9999.000,9999.000,9999.000,9999.000,9999.000,9999.000
202608081042,   4.367,9999.000,9999.000,9999.000,9999.000,9999.000,9999.000,9999.000,9999.000
202608081048,   4.231,9999.000,9999.000,9999.000,9999.000,9999.000,9999.000,9999.000,9999.000
202608081054,   4.093,9999.000,9999.000,9999.000,9999.000,9999.000,9999.000,9999.000,9999.000
202608081100,   3.953,9999.000,   0.000,   0.029,   3.982,   0.000,   3.982,   0.000,   3.982
202608081106,   3.811,9999.000,9999.000,9999.000,9999.000,9999.000,9999.000,9999.000,9999.000
202608081112,   3.668,9999.000,9999.000,9999.000,9999.000,9999.000,9999.000,9999.000,9999.000
202608081118,   3.524,9999.000,9999.000,9999.000,9999.000,9999.000,9999.000,9999.000,9999.000
202608081124,   3.379,9999.000,9999.000,9999.000,9999.000,9999.000,9999.000,9999.000,9999.000
202608081130,   3.233,9999.000,9999.000,9999.000,9999.000,9999.000,9999.000,9999.000,9999.000
202608081136,   3.087,9999.000,9999.000,9999.000,9999.000,9999.000,9999.000,9999.000,9999.000
202608081142,   2.941,9999.000,9999.000,9999.000,9999.000,9999.000,9999.000,9999.000,9999.000
202608081148,   2.795,9999.000,9999.000,9999.000,9999.000,9999.000,9999.000,9999.000,9999.000
202608081154,   2.650,9999.000,9999.000,9999.000,9999.000,9999.000,9999.000,9999.000,9999.000
202608081200,   2.506,9999.000,   0.000,   0.029,   2.535,  -0.100,   2.435,   0.000,   2.535
202608081206,   2.363,9999.000,9999.000,9999.000,9999.000,9999.000,9999.000,9999.000,9999.000
202608081212,   2.221,9999.000,9999.000,9999.000,9999.000,9999.000,9999.000,9999.000,9999.000
202608081218,   2.080,9999.000,9999.000,9999.000,9999.000,9999.000,9999.000,9999.000,9999.000
202608081224,   1.942,9999.000,9999.000,9999.000,9999.000,9999.000,9999.000,9999.000,9999.000
202608081230,   1.805,9999.000,9999.000,9999.000,9999.000,9999.000,9999.000,9999.000,9999.000
202608081236,   1.671,9999.000,9999.000,9999.000,9999.000,9999.000,9999.000,9999.000,9999.000
202608081242,   1.540,9999.000,9999.000,9999.000,9999.000,9999.000,9999.000,9999.000,9999.000
202608081248,   1.411,9999.000,9999.000,9999.000,9999.000,9999.000,9999.000,9999.000,9999.000
202608081254,   1.286,9999.000,9999.000,9999.000,9999.000,9999.000,9999.000,9999.000,9999.000
202608081300,   1.165,9999.000,   0.000,   0.029,   1.194,  -0.100,   1.094,   0.000,   1.194
202608081306,   1.048,9999.000,9999.000,9999.000,9999.000,9999.000,9999.000,9999.000,9999.000
202608081312,   0.935,9999.000,9999.000,9999.000,9999.000,9999.000,9999.000,9999.000,9999.000
202608081318,   0.827,9999.000,9999.000,9999.000,9999.000,9999.000,9999.000,9999.000,9999.000
202608081324,   0.725,9999.000,9999.000,9999.000,9999.000,9999.000,9999.000,9999.000,9999.000
202608081330,   0.628,9999.000,9999.000,9999.000,9999.000,9999.000,9999.000,9999.000,9999.000
202608081336,   0.537,9999.000,9999.000,9999.000,9999.000,9999.000,9999.000,9999.000,9999.000
202608081342,   0.454,9999.000,9999.000,9999.000,9999.000,9999.000,9999.000,9999.000,9999.000
202608081348,   0.377,9999.000,9999.000,9999.000,9999.000,9999.000,9999.000,9999.000,9999.000
202608081354,   0.307,9999.000,9999.000,9999.000,9999.000,9999.000,9999.000,9999.000,9999.000
202608081400,   0.246,9999.000,   0.000,   0.029,   0.275,  -0.100,   0.175,   0.000,   0.275
202608081406,   0.193,9999.000,9999.000,9999.000,9999.000,9999.000,9999.000,9999.000,9999.000
202608081412,   0.149,9999.000,9999.000,9999.000,9999.000,9999.000,9999.000,9999.000,9999.000
202608081418,   0.114,9999.000,9999.000,9999.000,9999.000,9999.000,9999.000,9999.000,9999.000
202608081424,   0.089,9999.000,9999.000,9999.000,9999.000,9999.000,9999.000,9999.000,9999.000
202608081430,   0.073,9999.000,9999.000,9999.000,9999.000,9999.000,9999.000,9999.000,9999.000
202608081436,   0.067,9999.000,9999.000,9999.000,9999.000,9999.000,9999.000,9999.000,9999.000
202608081442,   0.072,9999.000,9999.000,9999.000,9999.000,9999.000,9999.000,9999.000,9999.000
202608081448,   0.088,9999.000,9999.000,9999.000,9999.000,9999.000,9999.000,9999.000,9999.000
202608081454,   0.113,9999.000,9999.000,9999.000,9999.000,9999.000,9999.000,9999.000,9999.000
202608081500,   0.150,9999.000,   0.000,   0.029,   0.179,  -0.100,   0.079,   0.000,   0.179
202608081506,   0.197,9999.000,9999.000,9999.000,9999.000,9999.000,9999.000,9999.000,9999.000
202608081512,   0.255,9999.000,9999.000,9999.000,9999.000,9999.000,9999.000,9999.000,9999.000
202608081518,   0.324,9999.000,9999.000,9999.000,9999.000,9999.000,9999.000,9999.000,9999.000
202608081524,   0.403,9999.000,9999.000,9999.000,9999.000,9999.000,9999.000,9999.000,9999.000
202608081530,   0.492,9999.000,9999.000,9999.000,9999.000,9999.000,9999.000,9999.000,9999.000
202608081536,   0.592,9999.000,9999.000,9999.000,9999.000,9999.000,9999.000,9999.000,9999.000
202608081542,   0.700,9999.000,9999.000,9999.000,9999.000,9999.000,9999.000,9999.000,9999.000
202608081548,   0.819,9999.000,9999.000,9999.000,9999.000,9999.000,9999.000,9999.000,9999.000
202608081554,   0.946,9999.000,9999.000,9999.000,9999.000,9999.000,9999.000,9999.000,9999.000
202608081600,   1.082,9999.000,   0.000,   0.029,   1.111,  -0.100,   1.011,   0.000,   1.111
202608081606,   1.226,9999.000,9999.000,9999.000,9999.000,9999.000,9999.000,9999.000,9999.000
202608081612,   1.378,9999.000,9999.000,9999.000,9999.000,9999.000,9999.000,9999.000,9999.000
202608081618,   1.536,9999.000,9999.000,9999.000,9999.000,9999.000,9999.000,9999.000,9999.000
202608081624,   1.702,9999.000,9999.000,9999.000,9999.000,9999.000,9999.000,9999.000,9999.000
202608081630,   1.873,9999.000,9999.000,9999.000,9999.000,9999.000,9999.000,9999.000,9999.000
202608081636,   2.050,9999.000,9999.000,9999.000,9999.000,9999.000,9999.000,9999.000,9999.000
202608081642,   2.232,9999.000,9999.000,9999.000,9999.000,9999.000,9999.000,9999.000,9999.000
202608081648,   2.419,9999.000,9999.000,9999.000,9999.000,9999.000,9999.000,9999.000,9999.000
202608081654,   2.609,9999.000,9999.000,9999.000,9999.000,9999.000,9999.000,9999.000,9999.000
202608081700,   2.803,9999.000,   0.000,   0.029,   2.832,  -0.100,   2.732,   0.000,   2.832
202608081706,   2.999,9999.000,9999.000,9999.000,9999.000,9999.000,9999.000,9999.000,9999.000
202608081712,   3.197,9999.000,9999.000,9999.000,9999.000,9999.000,9999.000,9999.000,9999.000
202608081718,   3.397,9999.000,9999.000,9999.000,9999.000,9999.000,9999.000,9999.000,9999.000
202608081724,   3.598,9999.000,9999.000,9999.000,9999.000,9999.000,9999.000,9999.000,9999.000
202608081730,   3.800,9999.000,9999.000,9999.000,9999.000,9999.000,9999.000,9999.000,9999.000
202608081736,   4.001,9999.000,9999.000,9999.000,9999.000,9999.000,9999.000,9999.000,9999.000
202608081742,   4.202,9999.000,9999.000,9999.000,9999.000,9999.000,9999.000,9999.000,9999.000
202608081748,   4.402,9999.000,9999.000,9999.000,9999.000,9999.000,9999.000,9999.000,9999.000
202608081754,   4.600,9999.000,9999.000,9999.000,9999.000,9999.000,9999.000,9999.000,9999.000
202608081800,   4.796,9999.000,   0.000,   0.029,   4.825,  -0.100,   4.725,   0.000,   4.825
202608081806,   4.989,9999.000,9999.000,9999.000,9999.000,9999.000,9999.000,9999.000,9999.000
202608081812,   5.179,9999.000,9999.000,9999.000,9999.000,9999.000,9999.000,9999.000,9999.000
202608081818,   5.365,9999.000,9999.000,9999.000,9999.000,9999.000,9999.000,9999.000,9999.000
202608081824,   5.547,9999.000,9999.000,9999.000,9999.000,9999.000,9999.000,9999.000,9999.000
202608081830,   5.725,9999.000,9999.000,9999.000,9999.000,9999.000,9999.000,9999.000,9999.000
202608081836,   5.897,9999.000,9999.000,9999.000,9999.000,9999.000,9999.000,9999.000,9999.000
202608081842,   6.064,9999.000,9999.000,9999.000,9999.000,9999.000,9999.000,9999.000,9999.000
202608081848,   6.225,9999.000,9999.000,9999.000,9999.000,9999.000,9999.000,9999.000,9999.000
202608081854,   6.380,9999.000,9999.000,9999.000,9999.000,9999.000,9999.000,9999.000,9999.000
202608081900,   6.528,9999.000,   0.000,   0.029,   6.557,  -0.100,   6.457,   0.000,   6.557
202608081906,   6.669,9999.000,9999.000,9999.000,9999.000,9999.000,9999.000,9999.000,9999.000
202608081912,   6.803,9999.000,9999.000,9999.000,9999.000,9999.000,9999.000,9999.000,9999.000
202608081918,   6.930,9999.000,9999.000,9999.000,9999.000,9999.000,9999.000,9999.000,9999.000
202608081924,   7.049,9999.000,9999.000,9999.000,9999.000,9999.000,9999.000,9999.000,9999.000
202608081930,   7.160,9999.000,9999.000,9999.000,9999.000,9999.000,9999.000,9999.000,9999.000
202608081936,   7.263,9999.000,9999.000,9999.000,9999.000,9999.000,9999.000,9999.000,9999.000
202608081942,   7.358,9999.000,9999.000,9999.000,9999.000,9999.000,9999.000,9999.000,9999.000
202608081948,   7.444,9999.000,9999.000,9999.000,9999.000,9999.000,9999.000,9999.000,9999.000
202608081954,   7.522,9999.000,9999.000,9999.000,9999.000,9999.000,9999.000,9999.000,9999.000
202608082000,   7.592,9999.000,   0.000,   0.029,   7.621,  -0.100,   7.521,   0.000,   7.621
202608082006,   7.654,9999.000,9999.000,9999.000,9999.000,9999.000,9999.000,9999.000,9999.000
202608082012,   7.707,9999.000,9999.000,9999.000,9999.000,9999.000,9999.000,9999.000,9999.000
202608082018,   7.751,9999.000,9999.000,9999.000,9999.000,9999.000,9999.000,9999.000,9999.000
202608082024,   7.788,9999.000,9999.000,9999.000,9999.000,9999.000,9999.000,9999.000,9999.000
202608082030,   7.816,9999.000,9999.000,9999.000,9999.000,9999.000,9999.000,9999.000,9999.000
202608082036,   7.836,9999.000,9999.000,9999.000,9999.000,9999.000,9999.000,9999.000,9999.000
202608082042,   7.848,9999.000,9999.000,9999.000,9999.000,9999.000,9999.000,9999.000,9999.000
202608082048,   7.852,9999.000,9999.000,9999.000,9999.000,9999.000,9999.000,9999.000,9999.000
202608082054,   7.848,9999.000,9999.000,9999.000,9999.000,9999.000,9999.000,9999.000,9999.000
202608082100,   7.837,9999.000,   0.000,   0.029,   7.866,  -0.100,   7.766,   0.000,   7.866
202608082106,   7.818,9999.000,9999.000,9999.000,9999.000,9999.000,9999.000,9999.000,9999.000
202608082112,   7.791,9999.000,9999.000,9999.000,9999.000,9999.000,9999.000,9999.000,9999.000
202608082118,   7.758,9999.000,9999.000,9999.000,9999.000,9999.000,9999.000,9999.000,9999.000
202608082124,   7.717,9999.000,9999.000,9999.000,9999.000,9999.000,9999.000,9999.000,9999.000
202608082130,   7.669,9999.000,9999.000,9999.000,9999.000,9999.000,9999.000,9999.000,9999.000
202608082136,   7.615,9999.000,9999.000,9999.000,9999.000,9999.000,9999.000,9999.000,9999.000
202608082142,   7.554,9999.000,9999.000,9999.000,9999.000,9999.000,9999.000,9999.000,9999.000
202608082148,   7.486,9999.000,9999.000,9999.000,9999.000,9999.000,9999.000,9999.000,9999.000
202608082154,   7.412,9999.000,9999.000,9999.000,9999.000,9999.000,9999.000,9999.000,9999.000
202608082200,   7.332,9999.000,   0.000,   0.029,   7.361,  -0.100,   7.261,   0.000,   7.361
202608082206,   7.247,9999.000,9999.000,9999.000,9999.000,9999.000,9999.000,9999.000,9999.000
202608082212,   7.155,9999.000,9999.000,9999.000,9999.000,9999.000,9999.000,9999.000,9999.000
202608082218,   7.058,9999.000,9999.000,9999.000,9999.000,9999.000,9999.000,9999.000,9999.000
202608082224,   6.956,9999.000,9999.000,9999.000,9999.000,9999.000,9999.000,9999.000,9999.000
202608082230,   6.849,9999.000,9999.000,9999.000,9999.000,9999.000,9999.000,9999.000,9999.000
202608082236,   6.737,9999.000,9999.000,9999.000,9999.000,9999.000,9999.000,9999.000,9999.000
202608082242,   6.621,9999.000,9999.000,9999.000,9999.000,9999.000,9999.000,9999.000,9999.000
202608082248,   6.500,9999.000,9999.000,9999.000,9999.000,9999.000,9999.000,9999.000,9999.000
202608082254,   6.375,9999.000,9999.000,9999.000,9999.000,9999.000,9999.000,9999.000,9999.000
202608082300,   6.247,9999.000,   0.000,   0.029,   6.276,  -0.100,   6.176,   0.000,   6.276
202608082306,   6.115,9999.000,9999.000,9999.000,9999.000,9999.000,9999.000,9999.000,9999.000
202608082312,   5.980,9999.000,9999.000,9999.000,9999.000,9999.000,9999.000,9999.000,9999.000
202608082318,   5.841,9999.000,9999.000,9999.000,9999.000,9999.000,9999.000,9999.000,9999.000
202608082324,   5.701,9999.000,9999.000,9999.000,9999.000,9999.000,9999.000,9999.000,9999.000
202608082330,   5.557,9999.000,9999.000,9999.000,9999.000,9999.000,9999.000,9999.000,9999.000
202608082336,   5.412,9999.000,9999.000,9999.000,9999.000,9999.000,9999.000,9999.000,9999.000
202608082342,   5.264,9999.000,9999.000,9999.000,9999.000,9999.000,9999.000,9999.000,9999.000
202608082348,   5.115,9999.000,9999.000,9999.000,9999.000,9999.000,9999.000,9999.000,9999.000
202608082354,   4.965,9999.000,9999.000,9999.000,9999.000,9999.000,9999.000,9999.000,9999.000
202608090000,   4.813,9999.000,   0.000,   0.029,   4.842,   0.000,   4.842,   0.000,   4.842
202608090006,   4.660,9999.000,9999.000,9999.000,9999.000,9999.000,9999.000,9999.000,9999.000
202608090012,   4.507,9999.000,9999.000,9999.000,9999.000,9999.000,9999.000,9999.000,9999.000
202608090018,   4.352,9999.000,9999.000,9999.000,9999.000,9999.000,9999.000,9999.000,9999.000
202608090024,   4.198,9999.000,9999.000,9999.000,9999.000,9999.000,9999.000,9999.000,9999.000
202608090030,   4.043,9999.000,9999.000,9999.000,9999.000,9999.000,9999.000,9999.000,9999.000
202608090036,   3.888,9999.000,9999.000,9999.000,9999.000,9999.000,9999.000,9999.000,9999.000
202608090042,   3.733,9999.000,9999.000,9999.000,9999.000,9999.000,9999.000,9999.000,9999.000
202608090048,   3.579,9999.000,9999.000,9999.000,9999.000,9999.000,9999.000,9999.000,9999.000
202608090054,   3.425,9999.000,9999.000,9999.000,9999.000,9999.000,9999.000,9999.000,9999.000
202608090100,   3.272,9999.000,   0.000,   0.029,   3.301,   0.000,   3.301,   0.100,   3.401
202608090106,   3.121,9999.000,9999.000,9999.000,9999.000,9999.000,9999.000,9999.000,9999.000
202608090112,   2.970,9999.000,9999.000,9999.000,9999.000,9999.000,9999.000,9999.000,9999.000
202608090118,   2.822,9999.000,9999.000,9999.000,9999.000,9999.000,9999.000,9999.000,9999.000
202608090124,   2.675,9999.000,9999.000,9999.000,9999.000,9999.000,9999.000,9999.000,9999.000
202608090130,   2.531,9999.000,9999.000,9999.000,9999.000,9999.000,9999.000,9999.000,9999.000
202608090136,   2.389,9999.000,9999.000,9999.000,9999.000,9999.000,9999.000,9999.000,9999.000
202608090142,   2.251,9999.000,9999.000,9999.000,9999.000,9999.000,9999.000,9999.000,9999.000
202608090148,   2.116,9999.000,9999.000,9999.000,9999.000,9999.000,9999.000,9999.000,9999.000
202608090154,   1.985,9999.000,9999.000,9999.000,9999.000,9999.000,9999.000,9999.000,9999.000
202608090200,   1.858,9999.000,   0.000,   0.029,   1.887,   0.000,   1.887,   0.100,   1.987
202608090206,   1.736,9999.000,9999.000,9999.000,9999.000,9999.000,9999.000,9999.000,9999.000
202608090212,   1.619,9999.000,9999.000,9999.000,9999.000,9999.000,9999.000,9999.000,9999.000
202608090218,   1.508,9999.000,9999.000,9999.000,9999.000,9999.000,9999.000,9999.000,9999.000
202608090224,   1.403,9999.000,9999.000,9999.000,9999.000,9999.000,9999.000,9999.000,9999.000
202608090230,   1.305,9999.000,9999.000,9999.000,9999.000,9999.000,9999.000,9999.000,9999.000
202608090236,   1.214,9999.000,9999.000,9999.000,9999.000,9999.000,9999.000,9999.000,9999.000
202608090242,   1.130,9999.000,9999.000,9999.000,9999.000,9999.000,9999.000,9999.000,9999.000
202608090248,   1.055,9999.000,9999.000,9999.000,9999.000,9999.000,9999.000,9999.000,9999.000
202608090254,   0.987,9999.000,9999.000,9999.000,9999.000,9999.000,9999.000,9999.000,9999.000
202608090300,   0.929,9999.000,   0.000,   0.029,   0.958,   0.000,   0.958,   0.000,   0.958
202608090306,   0.879,9999.000,9999.000,9999.000,9999.000,9999.000,9999.000,9999.000,9999.000
202608090312,   0.839,9999.000,9999.000,9999.000,9999.000,9999.000,9999.000,9999.000,9999.000
202608090318,   0.808,9999.000,9999.000,9999.000,9999.000,9999.000,9999.000,9999.000,9999.000
202608090324,   0.786,9999.000,9999.000,9999.000,9999.000,9999.000,9999.000,9999.000,9999.000
202608090330,   0.775,9999.000,9999.000,9999.000,9999.000,9999.000,9999.000,9999.000,9999.000
202608090336,   0.773,9999.000,9999.000,9999.000,9999.000,9999.000,9999.000,9999.000,9999.000
202608090342,   0.781,9999.000,9999.000,9999.000,9999.000,9999.000,9999.000,9999.000,9999.000
202608090348,   0.799,9999.000,9999.000,9999.000,9999.000,9999.000,9999.000,9999.000,9999.000
202608090354,   0.827,9999.000,9999.000,9999.000,9999.000,9999.000,9999.000,9999.000,9999.000
202608090400,   0.864,9999.000,   0.000,   0.029,   0.893,  -0.100,   0.793,   0.000,   0.893
202608090406,   0.911,9999.000,9999.000,9999.000,9999.000,9999.000,9999.000,9999.000,9999.000
202608090412,   0.967,9999.000,9999.000,9999.000,9999.000,9999.000,9999.000,9999.000,9999.000
202608090418,   1.032,9999.000,9999.000,9999.000,9999.000,9999.000,9999.000,9999.000,9999.000
202608090424,   1.106,9999.000,9999.000,9999.000,9999.000,9999.000,9999.000,9999.000,9999.000
202608090430,   1.188,9999.000,9999.000,9999.000,9999.000,9999.000,9999.000,9999.000,9999.000
202608090436,   1.278,9999.000,9999.000,9999.000,9999.000,9999.000,9999.000,9999.000,9999.000
202608090442,   1.376,9999.000,9999.000,9999.000,9999.000,9999.000,9999.000,9999.000,9999.000
202608090448,   1.480,9999.000,9999.000,9999.000,9999.000,9999.000,9999.000,9999.000,9999.000
202608090454,   1.592,9999.000,9999.000,9999.000,9999.000,9999.000,9999.000,9999.000,9999.000
202608090500,   1.710,9999.000,   0.000,   0.029,   1.739,  -0.100,   1.639,   0.000,   1.739
202608090506,   1.834,9999.000,9999.000,9999.000,9999.000,9999.000,9999.000,9999.000,9999.000
202608090512,   1.963,9999.000,9999.000,9999.000,9999.000,9999.000,9999.000,9999.000,9999.000
202608090518,   2.097,9999.000,9999.000,9999.000,9999.000,9999.000,9999.000,9999.000,9999.000
202608090524,   2.235,9999.000,9999.000,9999.000,9999.000,9999.000,9999.000,9999.000,9999.000
202608090530,   2.377,9999.000,9999.000,9999.000,9999.000,9999.000,9999.000,9999.000,9999.000
202608090536,   2.523,9999.000,9999.000,9999.000,9999.000,9999.000,9999.000,9999.000,9999.000
202608090542,   2.672,9999.000,9999.000,9999.000,9999.000,9999.000,9999.000,9999.000,9999.000
202608090548,   2.823,9999.000,9999.000,9999.000,9999.000,9999.000,9999.000,9999.000,9999.000
202608090554,   2.977,9999.000,9999.000,9999.000,9999.000,9999.000,9999.000,9999.000,9999.000
202608090600,   3.131,9999.000,   0.000,   0.029,   3.160,  -0.100,   3.060,   0.000,   3.160
202608090606,   3.287,9999.000,9999.000,9999.000,9999.000,9999.000,9999.000,9999.000,9999.000
202608090612,   3.443,9999.000,9999.000,9999.000,9999.000,9999.000,9999.000,9999.000,9999.000
202608090618,   3.600,9999.000,9999.000,9999.000,9999.000,9999.000,9999.000,9999.000,9999.000
202608090624,   3.755,9999.000,9999.000,9999.000,9999.000,9999.000,9999.000,9999.000,9999.000
202608090630,   3.910,9999.000,9999.000,9999.000,9999.000,9999.000,9999.000,9999.000,9999.000
202608090636,   4.064,9999.000,9999.000,9999.000,9999.000,9999.000,9999.000,9999.000,9999.000
202608090642,   4.216,9999.000,9999.000,9999.000,9999.000,9999.000,9999.000,9999.000,9999.000
202608090648,   4.365,9999.000,9999.000,9999.000,9999.000,9999.000,9999.000,9999.000,9999.000
202608090654,   4.512,9999.000,9999.000,9999.000,9999.000,9999.000,9999.000,9999.000,9999.000
202608090700,   4.656,9999.000,   0.000,   0.029,   4.685,  -0.100,   4.585,   0.000,   4.685
202608090706,   4.796,9999.000,9999.000,9999.000,9999.000,9999.000,9999.000,9999.000,9999.000
202608090712,   4.932,9999.000,9999.000,9999.000,9999.000,9999.000,9999.000,9999.000,9999.000
202608090718,   5.064,9999.000,9999.000,9999.000,9999.000,9999.000,9999.000,9999.000,9999.000
202608090724,   5.192,9999.000,9999.000,9999.000,9999.000,9999.000,9999.000,9999.000,9999.000
202608090730,   5.314,9999.000,9999.000,9999.000,9999.000,9999.000,9999.000,9999.000,9999.000
202608090736,   5.431,9999.000,9999.000,9999.000,9999.000,9999.000,9999.000,9999.000,9999.000
202608090742,   5.542,9999.000,9999.000,9999.000,9999.000,9999.000,9999.000,9999.000,9999.000
202608090748,   5.648,9999.000,9999.000,9999.000,9999.000,9999.000,9999.000,9999.000,9999.000
202608090754,   5.747,9999.000,9999.000,9999.000,9999.000,9999.000,9999.000,9999.000,9999.000
202608090800,   5.841,9999.000,   0.000,   0.029,   5.870,  -0.100,   5.770,   0.000,   5.870
202608090806,   5.927,9999.000,9999.000,9999.000,9999.000,9999.000,9999.000,9999.000,9999.000
202608090812,   6.008,9999.000,9999.000,9999.000,9999.000,9999.000,9999.000,9999.000,9999.000
202608090818,   6.081,9999.000,9999.000,9999.000,9999.000,9999.000,9999.000,9999.000,9999.000
202608090824,   6.148,9999.000,9999.000,9999.000,9999.000,9999.000,9999.000,9999.000,9999.000
202608090830,   6.207,9999.000,9999.000,9999.000,9999.000,9999.000,9999.000,9999.000,9999.000
202608090836,   6.260,9999.000,9999.000,9999.000,9999.000,9999.000,9999.000,9999.000,9999.000
202608090842,   6.305,9999.000,9999.000,9999.000,9999.000,9999.000,9999.000,9999.000,9999.000
202608090848,   6.344,9999.000,9999.000,9999.000,9999.000,9999.000,9999.000,9999.000,9999.000
202608090854,   6.375,9999.000,9999.000,9999.000,9999.000,9999.000,9999.000,9999.000,9999.000
202608090900,   6.399,9999.000,   0.000,   0.029,   6.428,  -0.100,   6.328,   0.000,   6.428
202608090906,   6.416,9999.000,9999.000,9999.000,9999.000,9999.000,9999.000,9999.000,9999.000
202608090912,   6.427,9999.000,9999.000,9999.000,9999.000,9999.000,9999.000,9999.000,9999.000
202608090918,   6.430,9999.000,9999.000,9999.000,9999.000,9999.000,9999.000,9999.000,9999.000
202608090924,   6.426,9999.000,9999.000,9999.000,9999.000,9999.000,9999.000,9999.000,9999.000
202608090930,   6.415,9999.000,9999.000,9999.000,9999.000,9999.000,9999.000,9999.000,9999.000
202608090936,   6.397,9999.000,9999.000,9999.000,9999.000,9999.000,9999.000,9999.000,9999.000
202608090942,   6.373,9999.000,9999.000,9999.000,9999.000,9999.000,9999.000,9999.000,9999.000
202608090948,   6.341,9999.000,9999.000,9999.000,9999.000,9999.000,9999.000,9999.000,9999.000
202608090954,   6.303,9999.000,9999.000,9999.000,9999.000,9999.000,9999.000,9999.000,9999.000
202608091000,   6.259,9999.000,   0.000,   0.029,   6.288,  -0.100,   6.188,   0.000,   6.288
202608091006,   6.207,9999.000,9999.000,9999.000,9999.000,9999.000,9999.000,9999.000,9999.000
202608091012,   6.150,9999.000,9999.000,9999.000,9999.000,9999.000,9999.000,9999.000,9999.000
202608091018,   6.086,9999.000,9999.000,9999.000,9999.000,9999.000,9999.000,9999.000,9999.000
202608091024,   6.016,9999.000,9999.000,9999.000,9999.000,9999.000,9999.000,9999.000,9999.000
202608091030,   5.939,9999.000,9999.000,9999.000,9999.000,9999.000,9999.000,9999.000,9999.000
202608091036,   5.857,9999.000,9999.000,9999.000,9999.000,9999.000,9999.000,9999.000,9999.000
202608091042,   5.769,9999.000,9999.000,9999.000,9999.000,9999.000,9999.000,9999.000,9999.000
202608091048,   5.676,9999.000,9999.000,9999.000,9999.000,9999.000,9999.000,9999.000,9999.000
202608091054,   5.577,9999.000,9999.000,9999.000,9999.000,9999.000,9999.000,9999.000,9999.000
202608091100,   5.472,9999.000,   0.000,   0.029,   5.501,  -0.100,   5.401,   0.000,   5.501
202608091106,   5.363,9999.000,9999.000,9999.000,9999.000,9999.000,9999.000,9999.000,9999.000
202608091112,   5.249,9999.000,9999.000,9999.000,9999.000,9999.000,9999.000,9999.000,9999.000
202608091118,   5.131,9999.000,9999.000,9999.000,9999.000,9999.000,9999.000,9999.000,9999.000
202608091124,   5.008,9999.000,9999.000,9999.000,9999.000,9999.000,9999.000,9999.000,9999.000
202608091130,   4.881,9999.000,9999.000,9999.000,9999.000,9999.000,9999.000,9999.000,9999.000
202608091136,   4.750,9999.000,9999.000,9999.000,9999.000,9999.000,9999.000,9999.000,9999.000
202608091142,   4.616,9999.000,9999.000,9999.000,9999.000,9999.000,9999.000,9999.000,9999.000
202608091148,   4.479,9999.000,9999.000,9999.000,9999.000,9999.000,9999.000,9999.000,9999.000
202608091154,   4.338,9999.000,9999.000,9999.000,9999.000,9999.000,9999.000,9999.000,9999.000
202608091200,   4.195,9999.000,   0.000,   0.029,   4.224,  -0.100,   4.124,   0.000,   4.224
202608091206,   4.050,9999.000,9999.000,9999.000,9999.000,9999.000,9999.000,9999.000,9999.000
202608091212,   3.902,9999.000,9999.000,9999.000,9999.000,9999.000,9999.000,9999.000,9999.000
202608091218,   3.753,9999.000,9999.000,9999.000,9999.000,9999.000,9999.000,9999.000,9999.000
202608091224,   3.602,9999.000,9999.000,9999.000,9999.000,9999.000,9999.000,9999.000,9999.000
202608091230,   3.450,9999.000,9999.000,9999.000,9999.000,9999.000,9999.000,9999.000,9999.000
202608091236,   3.297,9999.000,9999.000,9999.000,9999.000,9999.000,9999.000,9999.000,9999.000
202608091242,   3.142,9999.000,9999.000,9999.000,9999.000,9999.000,9999.000,9999.000,9999.000
202608091248,   2.988,9999.000,9999.000,9999.000,9999.000,9999.000,9999.000,9999.000,9999.000
202608091254,   2.833,9999.000,9999.000,9999.000,9999.000,9999.000,9999.000,9999.000,9999.000
202608091300,   2.678,9999.000,   0.000,   0.029,   2.707,  -0.100,   2.607,   0.000,   2.707
202608091306,   2.523,9999.000,9999.000,9999.000,9999.000,9999.000,9999.000,9999.000,9999.000
202608091312,   2.369,9999.000,9999.000,9999.000,9999.000,9999.000,9999.000,9999.000,9999.000
202608091318,   2.216,9999.000,9999.000,9999.000,9999.000,9999.000,9999.000,9999.000,9999.000
202608091324,   2.063,9999.000,9999.000,9999.000,9999.000,9999.000,9999.000,9999.000,9999.000
202608091330,   1.913,9999.000,9999.000,9999.000,9999.000,9999.000,9999.000,9999.000,9999.000
202608091336,   1.764,9999.000,9999.000,9999.000,9999.000,9999.000,9999.000,9999.000,9999.000
202608091342,   1.617,9999.000,9999.000,9999.000,9999.000,9999.000,9999.000,9999.000,9999.000
202608091348,   1.473,9999.000,9999.000,9999.000,9999.000,9999.000,9999.000,9999.000,9999.000
202608091354,   1.332,9999.000,9999.000,9999.000,9999.000,9999.000,9999.000,9999.000,9999.000
202608091400,   1.194,9999.000,  -0.100,   0.029,   1.123,  -0.200,   1.023,   0.000,   1.223
202608091406,   1.060,9999.000,9999.000,9999.000,9999.000,9999.000,9999.000,9999.000,9999.000
202608091412,   0.931,9999.000,9999.000,9999.000,9999.000,9999.000,9999.000,9999.000,9999.000
202608091418,   0.806,9999.000,9999.000,9999.000,9999.000,9999.000,9999.000,9999.000,9999.000
202608091424,   0.687,9999.000,9999.000,9999.000,9999.000,9999.000,9999.000,9999.000,9999.000
202608091430,   0.573,9999.000,9999.000,9999.000,9999.000,9999.000,9999.000,9999.000,9999.000
202608091436,   0.467,9999.000,9999.000,9999.000,9999.000,9999.000,9999.000,9999.000,9999.000
202608091442,   0.367,9999.000,9999.000,9999.000,9999.000,9999.000,9999.000,9999.000,9999.000
202608091448,   0.274,9999.000,9999.000,9999.000,9999.000,9999.000,9999.000,9999.000,9999.000
202608091454,   0.190,9999.000,9999.000,9999.000,9999.000,9999.000,9999.000,9999.000,9999.000
202608091500,   0.114,9999.000,  -0.100,   0.029,   0.043,  -0.200,  -0.057,   0.000,   0.143
202608091506,   0.048,9999.000,9999.000,9999.000,9999.000,9999.000,9999.000,9999.000,9999.000
202608091512,  -0.009,9999.000,9999.000,9999.000,9999.000,9999.000,9999.000,9999.000,9999.000
202608091518,  -0.056,9999.000,9999.000,9999.000,9999.000,9999.000,9999.000,9999.000,9999.000
202608091524,  -0.093,9999.000,9999.000,9999.000,9999.000,9999.000,9999.000,9999.000,9999.000
202608091530,  -0.119,9999.000,9999.000,9999.000,9999.000,9999.000,9999.000,9999.000,9999.000
202608091536,  -0.134,9999.000,9999.000,9999.000,9999.000,9999.000,9999.000,9999.000,9999.000
202608091542,  -0.138,9999.000,9999.000,9999.000,9999.000,9999.000,9999.000,9999.000,9999.000
202608091548,  -0.130,9999.000,9999.000,9999.000,9999.000,9999.000,9999.000,9999.000,9999.000
202608091554,  -0.111,9999.000,9999.000,9999.000,9999.000,9999.000,9999.000,9999.000,9999.000
202608091600,  -0.081,9999.000,  -0.100,   0.029,  -0.152,  -0.200,  -0.252,   0.000,  -0.052
202608091606,  -0.038,9999.000,9999.000,9999.000,9999.000,9999.000,9999.000,9999.000,9999.000
202608091612,   0.015,9999.000,9999.000,9999.000,9999.000,9999.000,9999.000,9999.000,9999.000
202608091618,   0.080,9999.000,9999.000,9999.000,9999.000,9999.000,9999.000,9999.000,9999.000
202608091624,   0.157,9999.000,9999.000,9999.000,9999.000,9999.000,9999.000,9999.000,9999.000
202608091630,   0.245,9999.000,9999.000,9999.000,9999.000,9999.000,9999.000,9999.000,9999.000
202608091636,   0.344,9999.000,9999.000,9999.000,9999.000,9999.000,9999.000,9999.000,9999.000
202608091642,   0.454,9999.000,9999.000,9999.000,9999.000,9999.000,9999.000,9999.000,9999.000
202608091648,   0.573,9999.000,9999.000,9999.000,9999.000,9999.000,9999.000,9999.000,9999.000
202608091654,   0.703,9999.000,9999.000,9999.000,9999.000,9999.000,9999.000,9999.000,9999.000
202608091700,   0.842,9999.000,  -0.100,   0.029,   0.771,  -0.200,   0.671,   0.000,   0.871
202608091706,   0.989,9999.000,9999.000,9999.000,9999.000,9999.000,9999.000,9999.000,9999.000
202608091712,   1.145,9999.000,9999.000,9999.000,9999.000,9999.000,9999.000,9999.000,9999.000
202608091718,   1.309,9999.000,9999.000,9999.000,9999.000,9999.000,9999.000,9999.000,9999.000
202608091724,   1.480,9999.000,9999.000,9999.000,9999.000,9999.000,9999.000,9999.000,9999.000
202608091730,   1.657,9999.000,9999.000,9999.000,9999.000,9999.000,9999.000,9999.000,9999.000
202608091736,   1.841,9999.000,9999.000,9999.000,9999.000,9999.000,9999.000,9999.000,9999.000
202608091742,   2.031,9999.000,9999.000,9999.000,9999.000,9999.000,9999.000,9999.000,9999.000
202608091748,   2.225,9999.000,9999.000,9999.000,9999.000,9999.000,9999.000,9999.000,9999.000
202608091754,   2.423,9999.000,9999.000,9999.000,9999.000,9999.000,9999.000,9999.000,9999.000
202608091800,   2.626,9999.000,  -0.100,   0.029,   2.555,  -0.200,   2.455,   0.000,   2.655
202608091806,   2.831,9999.000,9999.000,9999.000,9999.000,9999.000,9999.000,9999.000,9999.000
202608091812,   3.039,9999.000,9999.000,9999.000,9999.000,9999.000,9999.000,9999.000,9999.000
202608091818,   3.249,9999.000,9999.000,9999.000,9999.000,9999.000,9999.000,9999.000,9999.000
202608091824,   3.460,9999.000,9999.000,9999.000,9999.000,9999.000,9999.000,9999.000,9999.000
202608091830,   3.672,9999.000,9999.000,9999.000,9999.000,9999.000,9999.000,9999.000,9999.000
202608091836,   3.884,9999.000,9999.000,9999.000,9999.000,9999.000,9999.000,9999.000,9999.000
202608091842,   4.095,9999.000,9999.000,9999.000,9999.000,9999.000,9999.000,9999.000,9999.000
202608091848,   4.306,9999.000,9999.000,9999.000,9999.000,9999.000,9999.000,9999.000,9999.000
202608091854,   4.514,9999.000,9999.000,9999.000,9999.000,9999.000,9999.000,9999.000,9999.000
202608091900,   4.721,9999.000,  -0.100,   0.029,   4.650,  -0.100,   4.650,   0.000,   4.750
202608091906,   4.925,9999.000,9999.000,9999.000,9999.000,9999.000,9999.000,9999.000,9999.000
202608091912,   5.126,9999.000,9999.000,9999.000,9999.000,9999.000,9999.000,9999.000,9999.000
202608091918,   5.323,9999.000,9999.000,9999.000,9999.000,9999.000,9999.000,9999.000,9999.000
202608091924,   5.516,9999.000,9999.000,9999.000,9999.000,9999.000,9999.000,9999.000,9999.000
202608091930,   5.704,9999.000,9999.000,9999.000,9999.000,9999.000,9999.000,9999.000,9999.000
202608091936,   5.887,9999.000,9999.000,9999.000,9999.000,9999.000,9999.000,9999.000,9999.000
202608091942,   6.065,9999.000,9999.000,9999.000,9999.000,9999.000,9999.000,9999.000,9999.000
202608091948,   6.236,9999.000,9999.000,9999.000,9999.000,9999.000,9999.000,9999.000,9999.000
202608091954,   6.402,9999.000,9999.000,9999.000,9999.000,9999.000,9999.000,9999.000,9999.000
202608092000,   6.560,9999.000,   0.000,   0.029,   6.589,  -0.100,   6.489,   0.000,   6.589
202608092006,   6.712,9999.000,9999.000,9999.000,9999.000,9999.000,9999.000,9999.000,9999.000
202608092012,   6.857,9999.000,9999.000,9999.000,9999.000,9999.000,9999.000,9999.000,9999.000
202608092018,   6.994,9999.000,9999.000,9999.000,9999.000,9999.000,9999.000,9999.000,9999.000
202608092024,   7.123,9999.000,9999.000,9999.000,9999.000,9999.000,9999.000,9999.000,9999.000
202608092030,   7.244,9999.000,9999.000,9999.000,9999.000,9999.000,9999.000,9999.000,9999.000
202608092036,   7.357,9999.000,9999.000,9999.000,9999.000,9999.000,9999.000,9999.000,9999.000
202608092042,   7.462,9999.000,9999.000,9999.000,9999.000,9999.000,9999.000,9999.000,9999.000
202608092048,   7.559,9999.000,9999.000,9999.000,9999.000,9999.000,9999.000,9999.000,9999.000
202608092054,   7.647,9999.000,9999.000,9999.000,9999.000,9999.000,9999.000,9999.000,9999.000
202608092100,   7.727,9999.000,   0.000,   0.029,   7.756,  -0.100,   7.656,   0.000,   7.756
202608092106,   7.799,9999.000,9999.000,9999.000,9999.000,9999.000,9999.000,9999.000,9999.000
202608092112,   7.862,9999.000,9999.000,9999.000,9999.000,9999.000,9999.000,9999.000,9999.000
202608092118,   7.917,9999.000,9999.000,9999.000,9999.000,9999.000,9999.000,9999.000,9999.000
202608092124,   7.963,9999.000,9999.000,9999.000,9999.000,9999.000,9999.000,9999.000,9999.000
202608092130,   8.000,9999.000,9999.000,9999.000,9999.000,9999.000,9999.000,9999.000,9999.000
202608092136,   8.030,9999.000,9999.000,9999.000,9999.000,9999.000,9999.000,9999.000,9999.000
202608092142,   8.051,9999.000,9999.000,9999.000,9999.000,9999.000,9999.000,9999.000,9999.000
202608092148,   8.064,9999.000,9999.000,9999.000,9999.000,9999.000,9999.000,9999.000,9999.000
202608092154,   8.069,9999.000,9999.000,9999.000,9999.000,9999.000,9999.000,9999.000,9999.000
202608092200,   8.066,9999.000,   0.000,   0.029,   8.095,  -0.100,   7.995,   0.000,   8.095
202608092206,   8.055,9999.000,9999.000,9999.000,9999.000,9999.000,9999.000,9999.000,9999.000
202608092212,   8.036,9999.000,9999.000,9999.000,9999.000,9999.000,9999.000,9999.000,9999.000
202608092218,   8.009,9999.000,9999.000,9999.000,9999.000,9999.000,9999.000,9999.000,9999.000
202608092224,   7.975,9999.000,9999.000,9999.000,9999.000,9999.000,9999.000,9999.000,9999.000
202608092230,   7.933,9999.000,9999.000,9999.000,9999.000,9999.000,9999.000,9999.000,9999.000
202608092236,   7.884,9999.000,9999.000,9999.000,9999.000,9999.000,9999.000,9999.000,9999.000
202608092242,   7.828,9999.000,9999.000,9999.000,9999.000,9999.000,9999.000,9999.000,9999.000
202608092248,   7.765,9999.000,9999.000,9999.000,9999.000,9999.000,9999.000,9999.000,9999.000
202608092254,   7.695,9999.000,9999.000,9999.000,9999.000,9999.000,9999.000,9999.000,9999.000
202608092300,   7.618,9999.000,   0.000,   0.029,   7.647,  -0.100,   7.547,   0.000,   7.647
202608092306,   7.535,9999.000,9999.000,9999.000,9999.000,9999.000,9999.000,9999.000,9999.000
202608092312,   7.445,9999.000,9999.000,9999.000,9999.000,9999.000,9999.000,9999.000,9999.000
202608092318,   7.349,9999.000,9999.000,9999.000,9999.000,9999.000,9999.000,9999.000,9999.000
202608092324,   7.248,9999.000,9999.000,9999.000,9999.000,9999.000,9999.000,9999.000,9999.000
202608092330,   7.140,9999.000,9999.000,9999.000,9999.000,9999.000,9999.000,9999.000,9999.000
202608092336,   7.027,9999.000,9999.000,9999.000,9999.000,9999.000,9999.000,9999.000,9999.000
202608092342,   6.909,9999.000,9999.000,9999.000,9999.000,9999.000,9999.000,9999.000,9999.000
202608092348,   6.786,9999.000,9999.000,9999.000,9999.000,9999.000,9999.000,9999.000,9999.000
202608092354,   6.659,9999.000,9999.000,9999.000,9999.000,9999.000,9999.000,9999.000,9999.000
202608100000,   6.527,9999.000,   0.000,   0.029,   6.556,  -0.100,   6.456,   0.000,   6.556
202608100006,   6.390,9999.000,9999.000,9999.000,9999.000,9999.000,9999.000,9999.000,9999.000
202608100012,   6.250,9999.000,9999.000,9999.000,9999.000,9999.000,9999.000,9999.000,9999.000
202608100018,   6.106,9999.000,9999.000,9999.000,9999.000,9999.000,9999.000,9999.000,9999.000
202608100024,   5.959,9999.000,9999.000,9999.000,9999.000,9999.000,9999.000,9999.000,9999.000
202608100030,   5.808,9999.000,9999.000,9999.000,9999.000,9999.000,9999.000,9999.000,9999.000
202608100036,   5.655,9999.000,9999.000,9999.000,9999.000,9999.000,9999.000,9999.000,9999.000
202608100042,   5.498,9999.000,9999.000,9999.000,9999.000,9999.000,9999.000,9999.000,9999.000
202608100048,   5.340,9999.000,9999.000,9999.000,9999.000,9999.000,9999.000,9999.000,9999.000
202608100054,   5.178,9999.000,9999.000,9999.000,9999.000,9999.000,9999.000,9999.000,9999.000
202608100100,   5.015,9999.000,   0.000,   0.029,   5.044,   0.000,   5.044,   0.000,   5.044
202608100106,   4.850,9999.000,9999.000,9999.000,9999.000,9999.000,9999.000,9999.000,9999.000
202608100112,   4.684,9999.000,9999.000,9999.000,9999.000,9999.000,9999.000,9999.000,9999.000
202608100118,   4.516,9999.000,9999.000,9999.000,9999.000,9999.000,9999.000,9999.000,9999.000
202608100124,   4.346,9999.000,9999.000,9999.000,9999.000,9999.000,9999.000,9999.000,9999.000
202608100130,   4.176,9999.000,9999.000,9999.000,9999.000,9999.000,9999.000,9999.000,9999.000
202608100136,   4.005,9999.000,9999.000,9999.000,9999.000,9999.000,9999.000,9999.000,9999.000
202608100142,   3.833,9999.000,9999.000,9999.000,9999.000,9999.000,9999.000,9999.000,9999.000
202608100148,   3.662,9999.000,9999.000,9999.000,9999.000,9999.000,9999.000,9999.000,9999.000
202608100154,   3.490,9999.000,9999.000,9999.000,9999.000,9999.000,9999.000,9999.000,9999.000
202608100200,   3.318,9999.000,   0.000,   0.029,   3.347,  -0.100,   3.247,   0.000,   3.347
202608100206,   3.147,9999.000,9999.000,9999.000,9999.000,9999.000,9999.000,9999.000,9999.000
202608100212,   2.978,9999.000,9999.000,9999.000,9999.000,9999.000,9999.000,9999.000,9999.000
202608100218,   2.809,9999.000,9999.000,9999.000,9999.000,9999.000,9999.000,9999.000,9999.000
202608100224,   2.642,9999.000,9999.000,9999.000,9999.000,9999.000,9999.000,9999.000,9999.000
202608100230,   2.478,9999.000,9999.000,9999.000,9999.000,9999.000,9999.000,9999.000,9999.000
202608100236,   2.316,9999.000,9999.000,9999.000,9999.000,9999.000,9999.000,9999.000,9999.000
202608100242,   2.158,9999.000,9999.000,9999.000,9999.000,9999.000,9999.000,9999.000,9999.000
202608100248,   2.003,9999.000,9999.000,9999.000,9999.000,9999.000,9999.000,9999.000,9999.000
202608100254,   1.852,9999.000,9999.000,9999.000,9999.000,9999.000,9999.000,9999.000,9999.000
202608100300,   1.707,9999.000,   0.000,   0.029,   1.736,  -0.100,   1.636,   0.000,   1.736
202608100306,   1.566,9999.000,9999.000,9999.000,9999.000,9999.000,9999.000,9999.000,9999.000
202608100312,   1.432,9999.000,9999.000,9999.000,9999.000,9999.000,9999.000,9999.000,9999.000
202608100318,   1.303,9999.000,9999.000,9999.000,9999.000,9999.000,9999.000,9999.000,9999.000
202608100324,   1.182,9999.000,9999.000,9999.000,9999.000,9999.000,9999.000,9999.000,9999.000
202608100330,   1.069,9999.000,9999.000,9999.000,9999.000,9999.000,9999.000,9999.000,9999.000
202608100336,   0.963,9999.000,9999.000,9999.000,9999.000,9999.000,9999.000,9999.000,9999.000
202608100342,   0.866,9999.000,9999.000,9999.000,9999.000,9999.000,9999.000,9999.000,9999.000
202608100348,   0.779,9999.000,9999.000,9999.000,9999.000,9999.000,9999.000,9999.000,9999.000
202608100354,   0.700,9999.000,9999.000,9999.000,9999.000,9999.000,9999.000,9999.000,9999.000
202608100400,   0.632,9999.000,   0.000,   0.029,   0.661,  -0.100,   0.561,   0.000,   0.661
202608100406,   0.573,9999.000,9999.000,9999.000,9999.000,9999.000,9999.000,9999.000,9999.000
202608100412,   0.525,9999.000,9999.000,9999.000,9999.000,9999.000,9999.000,9999.000,9999.000
202608100418,   0.488,9999.000,9999.000,9999.000,9999.000,9999.000,9999.000,9999.000,9999.000
202608100424,   0.461,9999.000,9999.000,9999.000,9999.000,9999.000,9999.000,9999.000,9999.000
202608100430,   0.445,9999.000,9999.000,9999.000,9999.000,9999.000,9999.000,9999.000,9999.000
202608100436,   0.441,9999.000,9999.000,9999.000,9999.000,9999.000,9999.000,9999.000,9999.000
202608100442,   0.447,9999.000,9999.000,9999.000,9999.000,9999.000,9999.000,9999.000,9999.000
202608100448,   0.464,9999.000,9999.000,9999.000,9999.000,9999.000,9999.000,9999.000,9999.000
202608100454,   0.492,9999.000,9999.000,9999.000,9999.000,9999.000,9999.000,9999.000,9999.000
202608100500,   0.531,9999.000,  -0.100,   0.029,   0.460,  -0.200,   0.360,   0.000,   0.560
202608100506,   0.580,9999.000,9999.000,9999.000,9999.000,9999.000,9999.000,9999.000,9999.000
202608100512,   0.639,9999.000,9999.000,9999.000,9999.000,9999.000,9999.000,9999.000,9999.000
202608100518,   0.708,9999.000,9999.000,9999.000,9999.000,9999.000,9999.000,9999.000,9999.000
202608100524,   0.786,9999.000,9999.000,9999.000,9999.000,9999.000,9999.000,9999.000,9999.000
202608100530,   0.874,9999.000,9999.000,9999.000,9999.000,9999.000,9999.000,9999.000,9999.000
202608100536,   0.970,9999.000,9999.000,9999.000,9999.000,9999.000,9999.000,9999.000,9999.000
202608100542,   1.075,9999.000,9999.000,9999.000,9999.000,9999.000,9999.000,9999.000,9999.000
202608100548,   1.187,9999.000,9999.000,9999.000,9999.000,9999.000,9999.000,9999.000,9999.000
202608100554,   1.307,9999.000,9999.000,9999.000,9999.000,9999.000,9999.000,9999.000,9999.000
202608100600,   1.434,9999.000,  -0.100,   0.029,   1.363,  -0.200,   1.263,   0.000,   1.463
