        TIME,    TIDE,      OB,   SURGE,    BIAS,     TWL,SURGE90p,  TWL90p,SURGE10p,   TWL10p
202608010000,   6.871,9999.000,   0.300,9999.000,   7.171,   0.300,   7.171,   0.400,   7.271
202608010006,   6.774,9999.000,9999.000,9999.000,9999.000,9999.000,9999.000,9999.000,9999.000
202608010012,   6.671,9999.000,9999.000,9999.000,9999.000,9999.000,9999.000,9999.000,9999.000
202608010018,   6.560,9999.000,9999.000,9999.000,9999.000,9999.000,9999.000,9999.000,9999.000
202608010024,   6.444,9999.000,9999.000,9999.000,9999.000,9999.000,9999.000,9999.000,9999.000
202608010030,   6.323,9999.000,9999.000,9999.000,9999.000,9999.000,9999.000,9999.000,9999.000
202608010036,   6.196,9999.000,9999.000,9999.000,9999.000,9999.000,9999.000,9999.000,9999.000
202608010042,   6.065,9999.000,9999.000,9999.000,9999.000,9999.000,9999.000,9999.000,9999.000
202608010048,   5.929,9999.000,9999.000,9999.000,9999.000,9999.000,9999.000,9999.000,9999.000
202608010054,   5.790,9999.000,9999.000,9999.000,9999.000,9999.000,9999.000,9999.000,9999.000
202608010100,   5.648,   5.739,   0.400,  -0.309,   5.739,   0.300,   5.639,   0.400,   5.739
202608010106,   5.503,   5.579,9999.000,9999.000,9999.000,9999.000,9999.000,9999.000,9999.000
202608010112,   5.356,   5.418,9999.000,9999.000,9999.000,9999.000,9999.000,9999.000,9999.000
202608010118,   5.208,   5.277,9999.000,9999.000,9999.000,9999.000,9999.000,9999.000,9999.000
202608010124,   5.058,   5.120,9999.000,9999.000,9999.000,9999.000,9999.000,9999.000,9999.000
202608010130,   4.907,   4.939,9999.000,9999.000,9999.000,9999.000,9999.000,9999.000,9999.000
202608010136,   4.756,   4.769,9999.000,9999.000,9999.000,9999.000,9999.000,9999.000,9999.000
202608010142,   4.606,   4.608,9999.000,9999.000,9999.000,9999.000,9999.000,9999.000,9999.000
202608010148,   4.455,   4.447,9999.000,9999.000,9999.000,9999.000,9999.000,9999.000,9999.000
202608010154,   4.306,   4.280,9999.000,9999.000,9999.000,9999.000,9999.000,9999.000,9999.000
202608010200,   4.158,   4.139,   0.300,  -0.319,   4.139,   0.300,   4.139,   0.400,   4.239
202608010206,   4.012,   3.978,9999.000,9999.000,9999.000,9999.000,9999.000,9999.000,9999.000
202608010212,   3.869,   3.837,9999.000,9999.000,9999.000,9999.000,9999.000,9999.000,9999.000
202608010218,   3.727,   3.689,9999.000,9999.000,9999.000,9999.000,9999.000,9999.000,9999.000
202608010224,   3.589,   3.539,9999.000,9999.000,9999.000,9999.000,9999.000,9999.000,9999.000
202608010230,   3.453,   3.398,9999.000,9999.000,9999.000,9999.000,9999.000,9999.000,9999.000
202608010236,   3.321,   3.270,9999.000,9999.000,9999.000,9999.000,9999.000,9999.000,9999.000
202608010242,   3.193,   3.138,9999.000,9999.000,9999.000,9999.000,9999.000,9999.000,9999.000
202608010248,   3.068,   3.007,9999.000,9999.000,9999.000,9999.000,9999.000,9999.000,9999.000
202608010254,   2.948,   2.869,9999.000,9999.000,9999.000,9999.000,9999.000,9999.000,9999.000
202608010300,   2.833,   2.738,   0.300,  -0.395,   2.738,   0.300,   2.738,   0.400,   2.838
202608010306,   2.722,   2.630,9999.000,9999.000,9999.000,9999.000,9999.000,9999.000,9999.000
202608010312,   2.616,   2.538,9999.000,9999.000,9999.000,9999.000,9999.000,9999.000,9999.000
202608010318,   2.515,   2.440,9999.000,9999.000,9999.000,9999.000,9999.000,9999.000,9999.000
202608010324,   2.420,   2.338,9999.000,9999.000,9999.000,9999.000,9999.000,9999.000,9999.000
202608010330,   2.331,   2.240,9999.000,9999.000,9999.000,9999.000,9999.000,9999.000,9999.000
202608010336,   2.248,   2.138,9999.000,9999.000,9999.000,9999.000,9999.000,9999.000,9999.000
202608010342,   2.171,   2.059,9999.000,9999.000,9999.000,9999.000,9999.000,9999.000,9999.000
202608010348,   2.101,   1.990,9999.000,9999.000,9999.000,9999.000,9999.000,9999.000,9999.000
202608010354,   2.037,   1.938,9999.000,9999.000,9999.000,9999.000,9999.000,9999.000,9999.000
202608010400,   1.981,   1.879,   0.400,  -0.502,   1.879,   0.300,   1.779,   0.400,   1.879
202608010406,   1.932,   1.840,9999.000,9999.000,9999.000,9999.000,9999.000,9999.000,9999.000
202608010412,   1.891,   1.800,9999.000,9999.000,9999.000,9999.000,9999.000,9999.000,9999.000
202608010418,   1.857,   1.767,9999.000,9999.000,9999.000,9999.000,9999.000,9999.000,9999.000
202608010424,   1.832,   1.718,9999.000,9999.000,9999.000,9999.000,9999.000,9999.000,9999.000
202608010430,   1.815,   1.699,9999.000,9999.000,9999.000,9999.000,9999.000,9999.000,9999.000
202608010436,   1.806,   1.689,9999.000,9999.000,9999.000,9999.000,9999.000,9999.000,9999.000
202608010442,   1.807,   1.708,9999.000,9999.000,9999.000,9999.000,9999.000,9999.000,9999.000
202608010448,   1.816,   1.738,9999.000,9999.000,9999.000,9999.000,9999.000,9999.000,9999.000
202608010454,   1.834,   1.790,9999.000,9999.000,9999.000,9999.000,9999.000,9999.000,9999.000
202608010500,   1.862,   1.849,   0.400,  -0.413,   1.849,   0.300,   1.749,   0.400,   1.849
202608010506,   1.899,   1.918,9999.000,9999.000,9999.000,9999.000,9999.000,9999.000,9999.000
202608010512,   1.945,   1.981,9999.000,9999.000,9999.000,9999.000,9999.000,9999.000,9999.000
202608010518,   2.001,   2.040,9999.000,9999.000,9999.000,9999.000,9999.000,9999.000,9999.000
202608010524,   2.066,   2.118,9999.000,9999.000,9999.000,9999.000,9999.000,9999.000,9999.000
202608010530,   2.141,   2.220,9999.000,9999.000,9999.000,9999.000,9999.000,9999.000,9999.000
202608010536,   2.224,   2.328,9999.000,9999.000,9999.000,9999.000,9999.000,9999.000,9999.000
202608010542,   2.316,   2.450,9999.000,9999.000,9999.000,9999.000,9999.000,9999.000,9999.000
202608010548,   2.417,   2.587,9999.000,9999.000,9999.000,9999.000,9999.000,9999.000,9999.000
202608010554,   2.527,   2.738,9999.000,9999.000,9999.000,9999.000,9999.000,9999.000,9999.000
202608010600,   2.644,   2.879,   0.300,  -0.065,   2.879,   0.300,   2.879,   0.300,   2.879
202608010606,   2.770,   3.017,9999.000,9999.000,9999.000,9999.000,9999.000,9999.000,9999.000
202608010612,   2.902,   3.148,9999.000,9999.000,9999.000,9999.000,9999.000,9999.000,9999.000
202608010618,   3.041,   3.309,9999.000,9999.000,9999.000,9999.000,9999.000,9999.000,9999.000
202608010624,   3.187,   3.470,9999.000,9999.000,9999.000,9999.000,9999.000,9999.000,9999.000
202608010630,   3.338,   3.617,9999.000,9999.000,9999.000,9999.000,9999.000,9999.000,9999.000
202608010636,   3.494,   3.758,9999.000,9999.000,9999.000,9999.000,9999.000,9999.000,9999.000
202608010642,   3.655,   3.909,9999.000,9999.000,9999.000,9999.000,9999.000,9999.000,9999.000
202608010648,   3.820,   4.080,9999.000,9999.000,9999.000,9999.000,9999.000,9999.000,9999.000
202608010654,   3.989,   4.237,9999.000,9999.000,9999.000,9999.000,9999.000,9999.000,9999.000
202608010700,   4.160,   4.408,   0.300,  -0.052,   4.408,   0.300,   4.408,   0.300,   4.408
202608010706,   4.333,   4.578,9999.000,9999.000,9999.000,9999.000,9999.000,9999.000,9999.000
202608010712,   4.508,   4.739,9999.000,9999.000,9999.000,9999.000,9999.000,9999.000,9999.000
202608010718,   4.683,   4.910,9999.000,9999.000,9999.000,9999.000,9999.000,9999.000,9999.000
202608010724,   4.859,   5.097,9999.000,9999.000,9999.000,9999.000,9999.000,9999.000,9999.000
202608010730,   5.034,   5.267,9999.000,9999.000,9999.000,9999.000,9999.000,9999.000,9999.000
202608010736,   5.208,   5.438,9999.000,9999.000,9999.000,9999.000,9999.000,9999.000,9999.000
202608010742,   5.381,   5.608,9999.000,9999.000,9999.000,9999.000,9999.000,9999.000,9999.000
202608010748,   5.551,   5.769,9999.000,9999.000,9999.000,9999.000,9999.000,9999.000,9999.000
202608010754,   5.719,   5.907,9999.000,9999.000,9999.000,9999.000,9999.000,9999.000,9999.000
202608010800,   5.884,   6.067,   0.300,  -0.117,   6.067,   0.200,   5.967,   0.300,   6.067
202608010806,   6.046,   6.218,9999.000,9999.000,9999.000,9999.000,9999.000,9999.000,9999.000
202608010812,   6.203,   6.379,9999.000,9999.000,9999.000,9999.000,9999.000,9999.000,9999.000
202608010818,   6.356,   6.527,9999.000,9999.000,9999.000,9999.000,9999.000,9999.000,9999.000
202608010824,   6.504,   6.668,9999.000,9999.000,9999.000,9999.000,9999.000,9999.000,9999.000
202608010830,   6.647,   6.819,9999.000,9999.000,9999.000,9999.000,9999.000,9999.000,9999.000
202608010836,   6.784,   6.937,9999.000,9999.000,9999.000,9999.000,9999.000,9999.000,9999.000
202608010842,   6.915,   7.068,9999.000,9999.000,9999.000,9999.000,9999.000,9999.000,9999.000
202608010848,   7.041,   7.199,9999.000,9999.000,9999.000,9999.000,9999.000,9999.000,9999.000
202608010854,   7.159,   7.327,9999.000,9999.000,9999.000,9999.000,9999.000,9999.000,9999.000
202608010900,   7.271,   7.448,   0.200,  -0.023,   7.448,   0.200,   7.448,   0.300,   7.548
202608010906,   7.376,   7.527,9999.000,9999.000,9999.000,9999.000,9999.000,9999.000,9999.000
202608010912,   7.474,   7.639,9999.000,9999.000,9999.000,9999.000,9999.000,9999.000,9999.000
202608010918,   7.564,   7.737,9999.000,9999.000,9999.000,9999.000,9999.000,9999.000,9999.000
202608010924,   7.647,   7.819,9999.000,9999.000,9999.000,9999.000,9999.000,9999.000,9999.000
202608010930,   7.721,   7.908,9999.000,9999.000,9999.000,9999.000,9999.000,9999.000,9999.000
202608010936,   7.788,   7.947,9999.000,9999.000,9999.000,9999.000,9999.000,9999.000,9999.000
202608010942,   7.846,   8.006,9999.000,9999.000,9999.000,9999.000,9999.000,9999.000,9999.000
202608010948,   7.895,   8.078,9999.000,9999.000,9999.000,9999.000,9999.000,9999.000,9999.000
202608010954,   7.936,   8.127,9999.000,9999.000,9999.000,9999.000,9999.000,9999.000,9999.000
202608011000,   7.968,   8.167,   0.200,  -0.001,   8.167,   0.200,   8.167,   0.300,   8.267
202608011006,   7.991,   8.196,9999.000,9999.000,9999.000,9999.000,9999.000,9999.000,9999.000
202608011012,   8.004,   8.216,9999.000,9999.000,9999.000,9999.000,9999.000,9999.000,9999.000
202608011018,   8.009,   8.239,9999.000,9999.000,9999.000,9999.000,9999.000,9999.000,9999.000
202608011024,   8.004,   8.239,9999.000,9999.000,9999.000,9999.000,9999.000,9999.000,9999.000
202608011030,   7.989,   8.216,9999.000,9999.000,9999.000,9999.000,9999.000,9999.000,9999.000
202608011036,   7.965,   8.177,9999.000,9999.000,9999.000,9999.000,9999.000,9999.000,9999.000
202608011042,   7.932,   8.137,9999.000,9999.000,9999.000,9999.000,9999.000,9999.000,9999.000
202608011048,   7.888,   8.088,9999.000,9999.000,9999.000,9999.000,9999.000,9999.000,9999.000
202608011054,   7.835,   8.039,9999.000,9999.000,9999.000,9999.000,9999.000,9999.000,9999.000
202608011100,   7.773,   7.967,   0.300,  -0.106,   7.967,   0.200,   7.867,   0.300,   7.967
202608011106,   7.701,   7.878,9999.000,9999.000,9999.000,9999.000,9999.000,9999.000,9999.000
202608011112,   7.619,   7.796,9999.000,9999.000,9999.000,9999.000,9999.000,9999.000,9999.000
202608011118,   7.529,   7.688,9999.000,9999.000,9999.000,9999.000,9999.000,9999.000,9999.000
202608011124,   7.429,   6.746,9999.000,9999.000,9999.000,9999.000,9999.000,9999.000,9999.000
202608011130,   7.320,9999.000,9999.000,9999.000,9999.000,9999.000,9999.000,9999.000,9999.000
202608011136,   7.202,9999.000,9999.000,9999.000,9999.000,9999.000,9999.000,9999.000,9999.000
202608011142,   7.076,9999.000,9999.000,9999.000,9999.000,9999.000,9999.000,9999.000,9999.000
202608011148,   6.942,   7.048,9999.000,9999.000,9999.000,9999.000,9999.000,9999.000,9999.000
202608011154,   6.799,   6.907,9999.000,9999.000,9999.000,9999.000,9999.000,9999.000,9999.000
202608011200,   6.649,   6.746,   0.200,  -0.103,   6.746,   0.200,   6.746,   0.200,   6.746
202608011206,   6.492,   6.579,9999.000,9999.000,9999.000,9999.000,9999.000,9999.000,9999.000
202608011212,   6.328,   6.379,9999.000,9999.000,9999.000,9999.000,9999.000,9999.000,9999.000
202608011218,   6.157,   6.159,9999.000,9999.000,9999.000,9999.000,9999.000,9999.000,9999.000
202608011224,   5.981,   5.969,9999.000,9999.000,9999.000,9999.000,9999.000,9999.000,9999.000
202608011230,   5.799,   5.779,9999.000,9999.000,9999.000,9999.000,9999.000,9999.000,9999.000
202608011236,   5.611,   5.579,9999.000,9999.000,9999.000,9999.000,9999.000,9999.000,9999.000
202608011242,   5.420,   5.398,9999.000,9999.000,9999.000,9999.000,9999.000,9999.000,9999.000
202608011248,   5.224,   5.218,9999.000,9999.000,9999.000,9999.000,9999.000,9999.000,9999.000
202608011254,   5.025,   5.047,9999.000,9999.000,9999.000,9999.000,9999.000,9999.000,9999.000
202608011300,   4.822,   5.047,   0.200,   0.025,   5.047,   0.200,   5.047,   0.200,   5.047
202608011306,   4.618,   4.647,9999.000,9999.000,9999.000,9999.000,9999.000,9999.000,9999.000
202608011312,   4.411,   4.418,9999.000,9999.000,9999.000,9999.000,9999.000,9999.000,9999.000
202608011318,   4.203,   4.208,9999.000,9999.000,9999.000,9999.000,9999.000,9999.000,9999.000
202608011324,   3.994,   4.008,9999.000,9999.000,9999.000,9999.000,9999.000,9999.000,9999.000
202608011330,   3.785,   3.798,9999.000,9999.000,9999.000,9999.000,9999.000,9999.000,9999.000
202608011336,   3.576,   3.598,9999.000,9999.000,9999.000,9999.000,9999.000,9999.000,9999.000
202608011342,   3.368,   3.417,9999.000,9999.000,9999.000,9999.000,9999.000,9999.000,9999.000
202608011348,   3.161,   3.240,9999.000,9999.000,9999.000,9999.000,9999.000,9999.000,9999.000
202608011354,   2.956,   3.050,9999.000,9999.000,9999.000,9999.000,9999.000,9999.000,9999.000
202608011400,   2.753,   2.860,   0.200,  -0.093,   2.860,   0.200,   2.860,   0.200,   2.860
202608011406,   2.553,   2.679,9999.000,9999.000,9999.000,9999.000,9999.000,9999.000,9999.000
202608011412,   2.356,   2.499,9999.000,9999.000,9999.000,9999.000,9999.000,9999.000,9999.000
202608011418,   2.162,   2.318,9999.000,9999.000,9999.000,9999.000,9999.000,9999.000,9999.000
202608011424,   1.972,   2.148,9999.000,9999.000,9999.000,9999.000,9999.000,9999.000,9999.000
202608011430,   1.787,   1.967,9999.000,9999.000,9999.000,9999.000,9999.000,9999.000,9999.000
202608011436,   1.606,   1.790,9999.000,9999.000,9999.000,9999.000,9999.000,9999.000,9999.000
202608011442,   1.430,   1.610,9999.000,9999.000,9999.000,9999.000,9999.000,9999.000,9999.000
202608011448,   1.259,   1.449,9999.000,9999.000,9999.000,9999.000,9999.000,9999.000,9999.000
202608011454,   1.094,   1.289,9999.000,9999.000,9999.000,9999.000,9999.000,9999.000,9999.000
202608011500,   0.934,   1.138,   0.200,   0.004,   1.138,   0.200,   1.138,   0.200,   1.138
202608011506,   0.781,   0.990,9999.000,9999.000,9999.000,9999.000,9999.000,9999.000,9999.000
202608011512,   0.633,   0.849,9999.000,9999.000,9999.000,9999.000,9999.000,9999.000,9999.000
202608011518,   0.492,   0.678,9999.000,9999.000,9999.000,9999.000,9999.000,9999.000,9999.000
202608011524,   0.358,   0.531,9999.000,9999.000,9999.000,9999.000,9999.000,9999.000,9999.000
202608011530,   0.231,   0.390,9999.000,9999.000,9999.000,9999.000,9999.000,9999.000,9999.000
202608011536,   0.110,   0.259,9999.000,9999.000,9999.000,9999.000,9999.000,9999.000,9999.000
202608011542,  -0.002,   0.150,9999.000,9999.000,9999.000,9999.000,9999.000,9999.000,9999.000
202608011548,  -0.107,   0.009,9999.000,9999.000,9999.000,9999.000,9999.000,9999.000,9999.000
202608011554,  -0.205,  -0.098,9999.000,9999.000,9999.000,9999.000,9999.000,9999.000,9999.000
202608011600,  -0.295,  -0.200,   0.200,  -0.105,  -0.200,   0.200,  -0.200,   0.200,  -0.200
202608011606,  -0.377,  -0.288,9999.000,9999.000,9999.000,9999.000,9999.000,9999.000,9999.000
202608011612,  -0.451,  -0.380,9999.000,9999.000,9999.000,9999.000,9999.000,9999.000,9999.000
202608011618,  -0.517,  -0.469,9999.000,9999.000,9999.000,9999.000,9999.000,9999.000,9999.000
202608011624,  -0.574,  -0.551,9999.000,9999.000,9999.000,9999.000,9999.000,9999.000,9999.000
202608011630,  -0.622,  -0.600,9999.000,9999.000,9999.000,9999.000,9999.000,9999.000,9999.000
202608011636,  -0.661,  -0.659,9999.000,9999.000,9999.000,9999.000,9999.000,9999.000,9999.000
202608011642,  -0.691,  -0.718,9999.000,9999.000,9999.000,9999.000,9999.000,9999.000,9999.000
202608011648,  -0.711,  -0.770,9999.000,9999.000,9999.000,9999.000,9999.000,9999.000,9999.000
202608011654,  -0.722,  -0.800,9999.000,9999.000,9999.000,9999.000,9999.000,9999.000,9999.000
202608011700,  -0.723,  -0.800,   0.200,  -0.277,  -0.800,   0.200,  -0.800,   0.200,  -0.800
202608011706,  -0.714,  -0.780,9999.000,9999.000,9999.000,9999.000,9999.000,9999.000,9999.000
202608011712,  -0.695,  -0.751,9999.000,9999.000,9999.000,9999.000,9999.000,9999.000,9999.000
202608011718,  -0.666,  -0.741,9999.000,9999.000,9999.000,9999.000,9999.000,9999.000,9999.000
202608011724,  -0.627,  -0.718,9999.000,9999.000,9999.000,9999.000,9999.000,9999.000,9999.000
202608011730,  -0.577,  -0.669,9999.000,9999.000,9999.000,9999.000,9999.000,9999.000,9999.000
202608011736,  -0.517,  -0.610,9999.000,9999.000,9999.000,9999.000,9999.000,9999.000,9999.000
202608011742,  -0.447,  -0.531,9999.000,9999.000,9999.000,9999.000,9999.000,9999.000,9999.000
202608011748,  -0.367,  -0.439,9999.000,9999.000,9999.000,9999.000,9999.000,9999.000,9999.000
202608011754,  -0.277,  -0.331,9999.000,9999.000,9999.000,9999.000,9999.000,9999.000,9999.000
202608011800,  -0.176,  -0.219,   0.200,  -0.243,  -0.219,   0.200,  -0.219,   0.200,  -0.219
202608011806,  -0.066,  -0.078,9999.000,9999.000,9999.000,9999.000,9999.000,9999.000,9999.000
202608011812,   0.052,   0.078,9999.000,9999.000,9999.000,9999.000,9999.000,9999.000,9999.000
202608011818,   0.181,   0.229,9999.000,9999.000,9999.000,9999.000,9999.000,9999.000,9999.000
202608011824,   0.319,   0.380,9999.000,9999.000,9999.000,9999.000,9999.000,9999.000,9999.000
202608011830,   0.465,   0.541,9999.000,9999.000,9999.000,9999.000,9999.000,9999.000,9999.000
202608011836,   0.619,   0.698,9999.000,9999.000,9999.000,9999.000,9999.000,9999.000,9999.000
202608011842,   0.780,   0.859,9999.000,9999.000,9999.000,9999.000,9999.000,9999.000,9999.000
202608011848,   0.949,   1.029,9999.000,9999.000,9999.000,9999.000,9999.000,9999.000,9999.000
202608011854,   1.124,   1.190,9999.000,9999.000,9999.000,9999.000,9999.000,9999.000,9999.000
202608011900,   1.305,   1.371,   0.200,  -0.134,   1.371,   0.200,   1.371,   0.200,   1.371
202608011906,   1.492,   1.538,9999.000,9999.000,9999.000,9999.000,9999.000,9999.000,9999.000
202608011912,   1.683,   1.728,9999.000,9999.000,9999.000,9999.000,9999.000,9999.000,9999.000
202608011918,   1.879,   1.918,9999.000,9999.000,9999.000,9999.000,9999.000,9999.000,9999.000
202608011924,   2.078,   2.089,9999.000,9999.000,9999.000,9999.000,9999.000,9999.000,9999.000
202608011930,   2.280,   2.250,9999.000,9999.000,9999.000,9999.000,9999.000,9999.000,9999.000
202608011936,   2.484,   2.440,9999.000,9999.000,9999.000,9999.000,9999.000,9999.000,9999.000
202608011942,   2.690,   2.630,9999.000,9999.000,9999.000,9999.000,9999.000,9999.000,9999.000
202608011948,   2.898,   2.807,9999.000,9999.000,9999.000,9999.000,9999.000,9999.000,9999.000
202608011954,   3.105,   2.988,9999.000,9999.000,9999.000,9999.000,9999.000,9999.000,9999.000
202608012000,   3.313,   3.178,   0.200,  -0.335,   3.178,   0.200,   3.178,   0.200,   3.178
202608012006,   3.520,   3.368,9999.000,9999.000,9999.000,9999.000,9999.000,9999.000,9999.000
202608012012,   3.726,   3.558,9999.000,9999.000,9999.000,9999.000,9999.000,9999.000,9999.000
202608012018,   3.931,   3.739,9999.000,9999.000,9999.000,9999.000,9999.000,9999.000,9999.000
202608012024,   4.133,   3.919,9999.000,9999.000,9999.000,9999.000,9999.000,9999.000,9999.000
202608012030,   4.333,   4.109,9999.000,9999.000,9999.000,9999.000,9999.000,9999.000,9999.000
202608012036,   4.530,   4.280,9999.000,9999.000,9999.000,9999.000,9999.000,9999.000,9999.000
202608012042,   4.723,   4.457,9999.000,9999.000,9999.000,9999.000,9999.000,9999.000,9999.000
202608012048,   4.913,   4.637,9999.000,9999.000,9999.000,9999.000,9999.000,9999.000,9999.000
202608012054,   5.098,   4.818,9999.000,9999.000,9999.000,9999.000,9999.000,9999.000,9999.000
202608012100,   5.279,   5.018,   0.200,  -0.461,   5.018,   0.100,   4.918,   0.200,   5.018
202608012106,   5.455,   5.179,9999.000,9999.000,9999.000,9999.000,9999.000,9999.000,9999.000
202608012112,   5.626,   5.359,9999.000,9999.000,9999.000,9999.000,9999.000,9999.000,9999.000
202608012118,   5.792,   5.539,9999.000,9999.000,9999.000,9999.000,9999.000,9999.000,9999.000
202608012124,   5.952,   5.707,9999.000,9999.000,9999.000,9999.000,9999.000,9999.000,9999.000
202608012130,   6.105,   5.838,9999.000,9999.000,9999.000,9999.000,9999.000,9999.000,9999.000
202608012136,   6.253,   5.999,9999.000,9999.000,9999.000,9999.000,9999.000,9999.000,9999.000
202608012142,   6.394,   6.159,9999.000,9999.000,9999.000,9999.000,9999.000,9999.000,9999.000
202608012148,   6.529,   6.287,9999.000,9999.000,9999.000,9999.000,9999.000,9999.000,9999.000
202608012154,   6.656,   6.418,9999.000,9999.000,9999.000,9999.000,9999.000,9999.000,9999.000
202608012200,   6.777,   6.569,   0.100,  -0.308,   6.569,   0.100,   6.569,   0.200,   6.669
202608012206,   6.890,   6.678,9999.000,9999.000,9999.000,9999.000,9999.000,9999.000,9999.000
202608012212,   6.995,   6.756,9999.000,9999.000,9999.000,9999.000,9999.000,9999.000,9999.000
202608012218,   7.093,   6.858,9999.000,9999.000,9999.000,9999.000,9999.000,9999.000,9999.000
202608012224,   7.182,   6.956,9999.000,9999.000,9999.000,9999.000,9999.000,9999.000,9999.000
202608012230,   7.263,   7.048,9999.000,9999.000,9999.000,9999.000,9999.000,9999.000,9999.000
202608012236,   7.336,   7.156,9999.000,9999.000,9999.000,9999.000,9999.000,9999.000,9999.000
202608012242,   7.400,   7.248,9999.000,9999.000,9999.000,9999.000,9999.000,9999.000,9999.000
202608012248,   7.455,   7.317,9999.000,9999.000,9999.000,9999.000,9999.000,9999.000,9999.000
202608012254,   7.502,   7.386,9999.000,9999.000,9999.000,9999.000,9999.000,9999.000,9999.000
202608012300,   7.539,   7.429,   0.200,  -0.310,   7.429,   0.100,   7.329,   0.200,   7.429
202608012306,   7.568,   7.468,9999.000,9999.000,9999.000,9999.000,9999.000,9999.000,9999.000
202608012312,   7.587,   7.498,9999.000,9999.000,9999.000,9999.000,9999.000,9999.000,9999.000
202608012318,   7.597,   7.527,9999.000,9999.000,9999.000,9999.000,9999.000,9999.000,9999.000
202608012324,   7.597,   7.566,9999.000,9999.000,9999.000,9999.000,9999.000,9999.000,9999.000
202608012330,   7.588,   7.566,9999.000,9999.000,9999.000,9999.000,9999.000,9999.000,9999.000
202608012336,   7.570,   7.547,9999.000,9999.000,9999.000,9999.000,9999.000,9999.000,9999.000
202608012342,   7.542,   7.517,9999.000,9999.000,9999.000,9999.000,9999.000,9999.000,9999.000
202608012348,   7.506,   7.468,9999.000,9999.000,9999.000,9999.000,9999.000,9999.000,9999.000
202608012354,   7.460,   7.439,9999.000,9999.000,9999.000,9999.000,9999.000,9999.000,9999.000
202608020000,   7.405,   7.399,   0.200,  -0.206,   7.399,   0.200,   7.399,   0.200,   7.399
202608020006,   7.342,   7.327,9999.000,9999.000,9999.000,9999.000,9999.000,9999.000,9999.000
202608020012,   7.270,   7.238,9999.000,9999.000,9999.000,9999.000,9999.000,9999.000,9999.000
202608020018,   7.189,   7.166,9999.000,9999.000,9999.000,9999.000,9999.000,9999.000,9999.000
202608020024,   7.101,   7.088,9999.000,9999.000,9999.000,9999.000,9999.000,9999.000,9999.000
202608020030,   7.004,   6.989,9999.000,9999.000,9999.000,9999.000,9999.000,9999.000,9999.000
202608020036,   6.901,   6.858,9999.000,9999.000,9999.000,9999.000,9999.000,9999.000,9999.000
202608020042,   6.790,   6.746,9999.000,9999.000,9999.000,9999.000,9999.000,9999.000,9999.000
202608020048,   6.672,   6.628,9999.000,9999.000,9999.000,9999.000,9999.000,9999.000,9999.000
202608020054,   6.548,   6.507,9999.000,9999.000,9999.000,9999.000,9999.000,9999.000,9999.000
202608020100,   6.418,   6.379,   0.200,  -0.239,   6.379,   0.200,   6.379,   0.200,   6.379
202608020106,   6.282,   6.238,9999.000,9999.000,9999.000,9999.000,9999.000,9999.000,9999.000
202608020112,   6.142,   6.067,9999.000,9999.000,9999.000,9999.000,9999.000,9999.000,9999.000
202608020118,   5.997,   5.926,9999.000,9999.000,9999.000,9999.000,9999.000,9999.000,9999.000
202608020124,   5.848,   5.779,9999.000,9999.000,9999.000,9999.000,9999.000,9999.000,9999.000
202608020130,   5.695,   5.618,9999.000,9999.000,9999.000,9999.000,9999.000,9999.000,9999.000
202608020136,   5.539,   5.457,9999.000,9999.000,9999.000,9999.000,9999.000,9999.000,9999.000
202608020142,   5.381,   5.297,9999.000,9999.000,9999.000,9999.000,9999.000,9999.000,9999.000
202608020148,   5.221,   5.129,9999.000,9999.000,9999.000,9999.000,9999.000,9999.000,9999.000
202608020154,   5.059,   4.949,9999.000,9999.000,9999.000,9999.000,9999.000,9999.000,9999.000
202608020200,   4.896,   4.778,   0.200,  -0.318,   4.778,   0.200,   4.778,   0.200,   4.778
202608020206,   4.733,   4.598,9999.000,9999.000,9999.000,9999.000,9999.000,9999.000,9999.000
202608020212,   4.570,   4.437,9999.000,9999.000,9999.000,9999.000,9999.000,9999.000,9999.000
202608020218,   4.407,   4.257,9999.000,9999.000,9999.000,9999.000,9999.000,9999.000,9999.000
202608020224,   4.245,   4.090,9999.000,9999.000,9999.000,9999.000,9999.000,9999.000,9999.000
202608020230,   4.084,   3.949,9999.000,9999.000,9999.000,9999.000,9999.000,9999.000,9999.000
202608020236,   3.926,   3.778,9999.000,9999.000,9999.000,9999.000,9999.000,9999.000,9999.000
202608020242,   3.769,   3.637,9999.000,9999.000,9999.000,9999.000,9999.000,9999.000,9999.000
202608020248,   3.615,   3.480,9999.000,9999.000,9999.000,9999.000,9999.000,9999.000,9999.000
202608020254,   3.464,   3.319,9999.000,9999.000,9999.000,9999.000,9999.000,9999.000,9999.000
202608020300,   3.316,   3.178,   0.200,  -0.338,   3.178,   0.100,   3.078,   0.200,   3.178
202608020306,   3.173,   3.017,9999.000,9999.000,9999.000,9999.000,9999.000,9999.000,9999.000
202608020312,   3.033,   2.879,9999.000,9999.000,9999.000,9999.000,9999.000,9999.000,9999.000
202608020318,   2.897,   2.728,9999.000,9999.000,9999.000,9999.000,9999.000,9999.000,9999.000
202608020324,   2.766,   2.587,9999.000,9999.000,9999.000,9999.000,9999.000,9999.000,9999.000
202608020330,   2.639,   2.459,9999.000,9999.000,9999.000,9999.000,9999.000,9999.000,9999.000
202608020336,   2.518,   2.338,9999.000,9999.000,9999.000,9999.000,9999.000,9999.000,9999.000
202608020342,   2.402,   2.220,9999.000,9999.000,9999.000,9999.000,9999.000,9999.000,9999.000
202608020348,   2.292,   2.099,9999.000,9999.000,9999.000,9999.000,9999.000,9999.000,9999.000
202608020354,   2.187,   1.990,9999.000,9999.000,9999.000,9999.000,9999.000,9999.000,9999.000
202608020400,   2.089,   1.879,   0.200,  -0.410,   1.879,   0.200,   1.879,   0.200,   1.879
202608020406,   1.996,   1.781,9999.000,9999.000,9999.000,9999.000,9999.000,9999.000,9999.000
202608020412,   1.910,   1.699,9999.000,9999.000,9999.000,9999.000,9999.000,9999.000,9999.000
202608020418,   1.830,   1.620,9999.000,9999.000,9999.000,9999.000,9999.000,9999.000,9999.000
202608020424,   1.757,   1.548,9999.000,9999.000,9999.000,9999.000,9999.000,9999.000,9999.000
202608020430,   1.692,   1.479,9999.000,9999.000,9999.000,9999.000,9999.000,9999.000,9999.000
202608020436,   1.633,   1.410,9999.000,9999.000,9999.000,9999.000,9999.000,9999.000,9999.000
202608020442,   1.582,   1.348,9999.000,9999.000,9999.000,9999.000,9999.000,9999.000,9999.000
202608020448,   1.538,   1.308,9999.000,9999.000,9999.000,9999.000,9999.000,9999.000,9999.000
202608020454,   1.502,   1.269,9999.000,9999.000,9999.000,9999.000,9999.000,9999.000,9999.000
202608020500,   1.474,   1.249,   0.200,  -0.425,   1.249,   0.200,   1.249,   0.200,   1.249
202608020506,   1.454,   1.249,9999.000,9999.000,9999.000,9999.000,9999.000,9999.000,9999.000
202608020512,   1.442,   1.239,9999.000,9999.000,9999.000,9999.000,9999.000,9999.000,9999.000
202608020518,   1.440,   1.249,9999.000,9999.000,9999.000,9999.000,9999.000,9999.000,9999.000
202608020524,   1.445,   1.259,9999.000,9999.000,9999.000,9999.000,9999.000,9999.000,9999.000
202608020530,   1.460,   1.279,9999.000,9999.000,9999.000,9999.000,9999.000,9999.000,9999.000
202608020536,   1.483,   1.298,9999.000,9999.000,9999.000,9999.000,9999.000,9999.000,9999.000
202608020542,   1.516,   1.338,9999.000,9999.000,9999.000,9999.000,9999.000,9999.000,9999.000
202608020548,   1.557,   1.410,9999.000,9999.000,9999.000,9999.000,9999.000,9999.000,9999.000
202608020554,   1.608,   1.479,9999.000,9999.000,9999.000,9999.000,9999.000,9999.000,9999.000
202608020600,   1.668,   1.590,   0.100,  -0.178,   1.590,   0.000,   1.490,   0.100,   1.590
202608020606,   1.736,   1.699,9999.000,9999.000,9999.000,9999.000,9999.000,9999.000,9999.000
202608020612,   1.814,   1.820,9999.000,9999.000,9999.000,9999.000,9999.000,9999.000,9999.000
202608020618,   1.901,   1.948,9999.000,9999.000,9999.000,9999.000,9999.000,9999.000,9999.000
202608020624,   1.996,   2.079,9999.000,9999.000,9999.000,9999.000,9999.000,9999.000,9999.000
202608020630,   2.100,   2.200,9999.000,9999.000,9999.000,9999.000,9999.000,9999.000,9999.000
202608020636,   2.212,   2.328,9999.000,9999.000,9999.000,9999.000,9999.000,9999.000,9999.000
202608020642,   2.332,   2.459,9999.000,9999.000,9999.000,9999.000,9999.000,9999.000,9999.000
202608020648,   2.459,   2.587,9999.000,9999.000,9999.000,9999.000,9999.000,9999.000,9999.000
202608020654,   2.594,   2.728,9999.000,9999.000,9999.000,9999.000,9999.000,9999.000,9999.000
202608020700,   2.735,   2.889,   0.000,   0.154,   2.889,   0.000,   2.889,   0.100,   2.989
202608020706,   2.882,   3.050,9999.000,9999.000,9999.000,9999.000,9999.000,9999.000,9999.000
202608020712,   3.035,   3.188,9999.000,9999.000,9999.000,9999.000,9999.000,9999.000,9999.000
202608020718,   3.192,   3.339,9999.000,9999.000,9999.000,9999.000,9999.000,9999.000,9999.000
202608020724,   3.355,   3.499,9999.000,9999.000,9999.000,9999.000,9999.000,9999.000,9999.000
202608020730,   3.521,   3.670,9999.000,9999.000,9999.000,9999.000,9999.000,9999.000,9999.000
202608020736,   3.690,   3.827,9999.000,9999.000,9999.000,9999.000,9999.000,9999.000,9999.000
202608020742,   3.862,   3.978,9999.000,9999.000,9999.000,9999.000,9999.000,9999.000,9999.000
202608020748,   4.036,   4.139,9999.000,9999.000,9999.000,9999.000,9999.000,9999.000,9999.000
202608020754,   4.211,   4.309,9999.000,9999.000,9999.000,9999.000,9999.000,9999.000,9999.000
202608020800,   4.387,   4.480,   0.000,   0.093,   4.480,   0.000,   4.480,   0.100,   4.580
202608020806,   4.563,   4.637,9999.000,9999.000,9999.000,9999.000,9999.000,9999.000,9999.000
202608020812,   4.739,   4.788,9999.000,9999.000,9999.000,9999.000,9999.000,9999.000,9999.000
202608020818,   4.913,   4.949,9999.000,9999.000,9999.000,9999.000,9999.000,9999.000,9999.000
202608020824,   5.086,   5.120,9999.000,9999.000,9999.000,9999.000,9999.000,9999.000,9999.000
202608020830,   5.256,   5.277,9999.000,9999.000,9999.000,9999.000,9999.000,9999.000,9999.000
202608020836,   5.424,   5.438,9999.000,9999.000,9999.000,9999.000,9999.000,9999.000,9999.000
202608020842,   5.588,   5.589,9999.000,9999.000,9999.000,9999.000,9999.000,9999.000,9999.000
202608020848,   5.748,   5.749,9999.000,9999.000,9999.000,9999.000,9999.000,9999.000,9999.000
202608020854,   5.904,   5.867,9999.000,9999.000,9999.000,9999.000,9999.000,9999.000,9999.000
202608020900,   6.056,   6.018,   0.000,  -0.038,   6.018,   0.000,   6.018,   0.000,   6.018
202608020906,   6.203,   6.149,9999.000,9999.000,9999.000,9999.000,9999.000,9999.000,9999.000
202608020912,   6.344,   6.297,9999.000,9999.000,9999.000,9999.000,9999.000,9999.000,9999.000
202608020918,   6.479,   6.448,9999.000,9999.000,9999.000,9999.000,9999.000,9999.000,9999.000
202608020924,   6.608,   6.579,9999.000,9999.000,9999.000,9999.000,9999.000,9999.000,9999.000
202608020930,   6.731,   6.697,9999.000,9999.000,9999.000,9999.000,9999.000,9999.000,9999.000
202608020936,   6.848,   6.819,9999.000,9999.000,9999.000,9999.000,9999.000,9999.000,9999.000
202608020942,   6.957,   6.937,9999.000,9999.000,9999.000,9999.000,9999.000,9999.000,9999.000
202608020948,   7.060,   7.048,9999.000,9999.000,9999.000,9999.000,9999.000,9999.000,9999.000
202608020954,   7.155,   7.147,9999.000,9999.000,9999.000,9999.000,9999.000,9999.000,9999.000
202608021000,   7.243,   7.229,   0.000,  -0.014,   7.229,   0.000,   7.229,   0.000,   7.229
202608021006,   7.323,   7.317,9999.000,9999.000,9999.000,9999.000,9999.000,9999.000,9999.000
202608021012,   7.395,   7.386,9999.000,9999.000,9999.000,9999.000,9999.000,9999.000,9999.000
202608021018,   7.459,   7.458,9999.000,9999.000,9999.000,9999.000,9999.000,9999.000,9999.000
202608021024,   7.515,   7.517,9999.000,9999.000,9999.000,9999.000,9999.000,9999.000,9999.000
202608021030,   7.562,   7.566,9999.000,9999.000,9999.000,9999.000,9999.000,9999.000,9999.000
202608021036,   7.601,   7.596,9999.000,9999.000,9999.000,9999.000,9999.000,9999.000,9999.000
202608021042,   7.632,   7.629,9999.000,9999.000,9999.000,9999.000,9999.000,9999.000,9999.000
202608021048,   7.654,   7.658,9999.000,9999.000,9999.000,9999.000,9999.000,9999.000,9999.000
202608021054,   7.666,   7.678,9999.000,9999.000,9999.000,9999.000,9999.000,9999.000,9999.000
202608021100,   7.670,   7.698,   0.000,   0.028,   7.698,   0.000,   7.698,   0.000,   7.698
202608021106,   7.665,   7.698,9999.000,9999.000,9999.000,9999.000,9999.000,9999.000,9999.000
202608021112,   7.651,   7.698,9999.000,9999.000,9999.000,9999.000,9999.000,9999.000,9999.000
202608021118,   7.628,   7.698,9999.000,9999.000,9999.000,9999.000,9999.000,9999.000,9999.000
202608021124,   7.595,   7.668,9999.000,9999.000,9999.000,9999.000,9999.000,9999.000,9999.000
202608021130,   7.553,   7.609,9999.000,9999.000,9999.000,9999.000,9999.000,9999.000,9999.000
202608021136,   7.503,   7.557,9999.000,9999.000,9999.000,9999.000,9999.000,9999.000,9999.000
202608021142,   7.442,   7.488,9999.000,9999.000,9999.000,9999.000,9999.000,9999.000,9999.000
202608021148,   7.373,   7.399,9999.000,9999.000,9999.000,9999.000,9999.000,9999.000,9999.000
202608021154,   7.295,   7.307,9999.000,9999.000,9999.000,9999.000,9999.000,9999.000,9999.000
202608021200,   7.208,   7.219,   0.000,   0.011,   7.219,   0.000,   7.219,   0.000,   7.219
202608021206,   7.112,   7.107,9999.000,9999.000,9999.000,9999.000,9999.000,9999.000,9999.000
202608021212,   7.007,   6.989,9999.000,9999.000,9999.000,9999.000,9999.000,9999.000,9999.000
202608021218,   6.894,   6.868,9999.000,9999.000,9999.000,9999.000,9999.000,9999.000,9999.000
202608021224,   6.773,   6.737,9999.000,9999.000,9999.000,9999.000,9999.000,9999.000,9999.000
202608021230,   6.644,   6.599,9999.000,9999.000,9999.000,9999.000,9999.000,9999.000,9999.000
202608021236,   6.507,   6.438,9999.000,9999.000,9999.000,9999.000,9999.000,9999.000,9999.000
202608021242,   6.362,   6.277,9999.000,9999.000,9999.000,9999.000,9999.000,9999.000,9999.000
202608021248,   6.211,   6.117,9999.000,9999.000,9999.000,9999.000,9999.000,9999.000,9999.000
202608021254,   6.053,   5.949,9999.000,9999.000,9999.000,9999.000,9999.000,9999.000,9999.000
202608021300,   5.889,   5.759,   0.000,  -0.130,   5.759,   0.000,   5.759,   0.000,   5.759
202608021306,   5.719,   5.589,9999.000,9999.000,9999.000,9999.000,9999.000,9999.000,9999.000
202608021312,   5.544,   5.408,9999.000,9999.000,9999.000,9999.000,9999.000,9999.000,9999.000
202608021318,   5.364,   5.208,9999.000,9999.000,9999.000,9999.000,9999.000,9999.000,9999.000
202608021324,   5.179,   5.018,9999.000,9999.000,9999.000,9999.000,9999.000,9999.000,9999.000
202608021330,   4.990,   4.857,9999.000,9999.000,9999.000,9999.000,9999.000,9999.000,9999.000
202608021336,   4.798,   4.677,9999.000,9999.000,9999.000,9999.000,9999.000,9999.000,9999.000
202608021342,   4.604,   4.480,9999.000,9999.000,9999.000,9999.000,9999.000,9999.000,9999.000
202608021348,   4.407,   4.280,9999.000,9999.000,9999.000,9999.000,9999.000,9999.000,9999.000
202608021354,   4.208,   4.080,9999.000,9999.000,9999.000,9999.000,9999.000,9999.000,9999.000
202608021400,   4.008,   3.880,   0.000,  -0.128,   3.880,   0.000,   3.880,   0.000,   3.880
202608021406,   3.807,   3.670,9999.000,9999.000,9999.000,9999.000,9999.000,9999.000,9999.000
202608021412,   3.606,   3.480,9999.000,9999.000,9999.000,9999.000,9999.000,9999.000,9999.000
202608021418,   3.406,   3.289,9999.000,9999.000,9999.000,9999.000,9999.000,9999.000,9999.000
202608021424,   3.207,   3.099,9999.000,9999.000,9999.000,9999.000,9999.000,9999.000,9999.000
202608021430,   3.009,   2.929,9999.000,9999.000,9999.000,9999.000,9999.000,9999.000,9999.000
202608021436,   2.814,   2.768,9999.000,9999.000,9999.000,9999.000,9999.000,9999.000,9999.000
202608021442,   2.621,   2.597,9999.000,9999.000,9999.000,9999.000,9999.000,9999.000,9999.000
202608021448,   2.431,   2.410,9999.000,9999.000,9999.000,9999.000,9999.000,9999.000,9999.000
202608021454,   2.244,   2.240,9999.000,9999.000,9999.000,9999.000,9999.000,9999.000,9999.000
202608021500,   2.062,   2.079,   0.000,   0.017,   2.079,   0.000,   2.079,   0.000,   2.079
202608021506,   1.884,   1.928,9999.000,9999.000,9999.000,9999.000,9999.000,9999.000,9999.000
202608021512,   1.710,   1.758,9999.000,9999.000,9999.000,9999.000,9999.000,9999.000,9999.000
202608021518,   1.542,   1.580,9999.000,9999.000,9999.000,9999.000,9999.000,9999.000,9999.000
202608021524,   1.379,   1.420,9999.000,9999.000,9999.000,9999.000,9999.000,9999.000,9999.000
202608021530,   1.223,   1.259,9999.000,9999.000,9999.000,9999.000,9999.000,9999.000,9999.000
202608021536,   1.072,   1.108,9999.000,9999.000,9999.000,9999.000,9999.000,9999.000,9999.000
202608021542,   0.927,   0.961,9999.000,9999.000,9999.000,9999.000,9999.000,9999.000,9999.000
202608021548,   0.790,   0.800,9999.000,9999.000,9999.000,9999.000,9999.000,9999.000,9999.000
202608021554,   0.659,   0.649,9999.000,9999.000,9999.000,9999.000,9999.000,9999.000,9999.000
202608021600,   0.535,   0.541,   0.000,   0.006,   0.541,   0.000,   0.541,   0.000,   0.541
202608021606,   0.418,   0.449,9999.000,9999.000,9999.000,9999.000,9999.000,9999.000,9999.000
202608021612,   0.309,   0.341,9999.000,9999.000,9999.000,9999.000,9999.000,9999.000,9999.000
202608021618,   0.208,   0.229,9999.000,9999.000,9999.000,9999.000,9999.000,9999.000,9999.000
202608021624,   0.115,   0.111,9999.000,9999.000,9999.000,9999.000,9999.000,9999.000,9999.000
202608021630,   0.029,   0.019,9999.000,9999.000,9999.000,9999.000,9999.000,9999.000,9999.000
202608021636,  -0.047,  -0.049,9999.000,9999.000,9999.000,9999.000,9999.000,9999.000,9999.000
202608021642,  -0.117,  -0.141,9999.000,9999.000,9999.000,9999.000,9999.000,9999.000,9999.000
202608021648,  -0.177,  -0.249,9999.000,9999.000,9999.000,9999.000,9999.000,9999.000,9999.000
202608021654,  -0.230,  -0.298,9999.000,9999.000,9999.000,9999.000,9999.000,9999.000,9999.000
202608021700,  -0.273,  -0.370,   0.000,  -0.097,  -0.370,   0.000,  -0.370,   0.000,  -0.370
202608021706,  -0.308,  -0.419,9999.000,9999.000,9999.000,9999.000,9999.000,9999.000,9999.000
202608021712,  -0.334,  -0.459,9999.000,9999.000,9999.000,9999.000,9999.000,9999.000,9999.000
202608021718,  -0.351,  -0.469,9999.000,9999.000,9999.000,9999.000,9999.000,9999.000,9999.000
202608021724,  -0.358,  -0.488,9999.000,9999.000,9999.000,9999.000,9999.000,9999.000,9999.000
202608021730,  -0.356,  -0.498,9999.000,9999.000,9999.000,9999.000,9999.000,9999.000,9999.000
202608021736,  -0.345,  -0.488,9999.000,9999.000,9999.000,9999.000,9999.000,9999.000,9999.000
202608021742,  -0.324,  -0.469,9999.000,9999.000,9999.000,9999.000,9999.000,9999.000,9999.000
202608021748,  -0.294,  -0.429,9999.000,9999.000,9999.000,9999.000,9999.000,9999.000,9999.000
202608021754,  -0.254,  -0.380,9999.000,9999.000,9999.000,9999.000,9999.000,9999.000,9999.000
202608021800,  -0.204,  -0.341,   0.000,  -0.137,  -0.341,   0.000,  -0.341,   0.000,  -0.341
202608021806,  -0.144,  -0.268,9999.000,9999.000,9999.000,9999.000,9999.000,9999.000,9999.000
202608021812,  -0.074,  -0.190,9999.000,9999.000,9999.000,9999.000,9999.000,9999.000,9999.000
202608021818,   0.004,  -0.111,9999.000,9999.000,9999.000,9999.000,9999.000,9999.000,9999.000
202608021824,   0.093,   0.000,9999.000,9999.000,9999.000,9999.000,9999.000,9999.000,9999.000
202608021830,   0.192,   0.111,9999.000,9999.000,9999.000,9999.000,9999.000,9999.000,9999.000
202608021836,   0.300,   0.239,9999.000,9999.000,9999.000,9999.000,9999.000,9999.000,9999.000
202608021842,   0.417,   0.380,9999.000,9999.000,9999.000,9999.000,9999.000,9999.000,9999.000
202608021848,   0.544,   0.551,9999.000,9999.000,9999.000,9999.000,9999.000,9999.000,9999.000
202608021854,   0.679,   0.718,9999.000,9999.000,9999.000,9999.000,9999.000,9999.000,9999.000
202608021900,   0.823,   0.869,   0.000,   0.046,   0.869,   0.000,   0.869,   0.000,   0.869
202608021906,   0.975,   1.020,9999.000,9999.000,9999.000,9999.000,9999.000,9999.000,9999.000
202608021912,   1.134,   1.180,9999.000,9999.000,9999.000,9999.000,9999.000,9999.000,9999.000
202608021918,   1.301,   1.338,9999.000,9999.000,9999.000,9999.000,9999.000,9999.000,9999.000
202608021924,   1.475,   1.508,9999.000,9999.000,9999.000,9999.000,9999.000,9999.000,9999.000
202608021930,   1.655,   1.689,9999.000,9999.000,9999.000,9999.000,9999.000,9999.000,9999.000
202608021936,   1.841,   1.869,9999.000,9999.000,9999.000,9999.000,9999.000,9999.000,9999.000
202608021942,   2.032,   2.059,9999.000,9999.000,9999.000,9999.000,9999.000,9999.000,9999.000
202608021948,   2.228,   2.250,9999.000,9999.000,9999.000,9999.000,9999.000,9999.000,9999.000
202608021954,   2.427,   2.410,9999.000,9999.000,9999.000,9999.000,9999.000,9999.000,9999.000
202608022000,   2.630,   2.568,   0.000,  -0.062,   2.568,   0.000,   2.568,   0.000,   2.568
202608022006,   2.836,   2.738,9999.000,9999.000,9999.000,9999.000,9999.000,9999.000,9999.000
202608022012,   3.043,   2.929,9999.000,9999.000,9999.000,9999.000,9999.000,9999.000,9999.000
202608022018,   3.252,   3.119,9999.000,9999.000,9999.000,9999.000,9999.000,9999.000,9999.000
202608022024,   3.462,   3.299,9999.000,9999.000,9999.000,9999.000,9999.000,9999.000,9999.000
202608022030,   3.671,   3.460,9999.000,9999.000,9999.000,9999.000,9999.000,9999.000,9999.000
202608022036,   3.880,   3.660,9999.000,9999.000,9999.000,9999.000,9999.000,9999.000,9999.000
202608022042,   4.088,   3.847,9999.000,9999.000,9999.000,9999.000,9999.000,9999.000,9999.000
202608022048,   4.295,   4.057,9999.000,9999.000,9999.000,9999.000,9999.000,9999.000,9999.000
202608022054,   4.499,   4.218,9999.000,9999.000,9999.000,9999.000,9999.000,9999.000,9999.000
202608022100,   4.700,   4.388,   0.000,  -0.312,   4.388,   0.000,   4.388,   0.000,   4.388
202608022106,   4.898,   4.598,9999.000,9999.000,9999.000,9999.000,9999.000,9999.000,9999.000
202608022112,   5.092,   4.769,9999.000,9999.000,9999.000,9999.000,9999.000,9999.000,9999.000
202608022118,   5.282,   4.929,9999.000,9999.000,9999.000,9999.000,9999.000,9999.000,9999.000
202608022124,   5.468,   5.097,9999.000,9999.000,9999.000,9999.000,9999.000,9999.000,9999.000
202608022130,   5.648,   5.277,9999.000,9999.000,9999.000,9999.000,9999.000,9999.000,9999.000
202608022136,   5.823,   5.438,9999.000,9999.000,9999.000,9999.000,9999.000,9999.000,9999.000
202608022142,   5.993,   5.589,9999.000,9999.000,9999.000,9999.000,9999.000,9999.000,9999.000
202608022148,   6.156,   5.769,9999.000,9999.000,9999.000,9999.000,9999.000,9999.000,9999.000
202608022154,   6.313,   5.926,9999.000,9999.000,9999.000,9999.000,9999.000,9999.000,9999.000
202608022200,   6.464,   6.087,   0.000,  -0.377,   6.087,   0.000,   6.087,   0.000,   6.087
202608022206,   6.608,   6.248,9999.000,9999.000,9999.000,9999.000,9999.000,9999.000,9999.000
202608022212,   6.745,   6.389,9999.000,9999.000,9999.000,9999.000,9999.000,9999.000,9999.000
202608022218,   6.874,   6.507,9999.000,9999.000,9999.000,9999.000,9999.000,9999.000,9999.000
202608022224,   6.997,   6.648,9999.000,9999.000,9999.000,9999.000,9999.000,9999.000,9999.000
202608022230,   7.112,   6.746,9999.000,9999.000,9999.000,9999.000,9999.000,9999.000,9999.000
202608022236,   7.219,   6.838,9999.000,9999.000,9999.000,9999.000,9999.000,9999.000,9999.000
202608022242,   7.318,   6.956,9999.000,9999.000,9999.000,9999.000,9999.000,9999.000,9999.000
202608022248,   7.409,   7.048,9999.000,9999.000,9999.000,9999.000,9999.000,9999.000,9999.000
202608022254,   7.492,   7.156,9999.000,9999.000,9999.000,9999.000,9999.000,9999.000,9999.000
202608022300,   7.567,   7.278,   0.000,  -0.289,   7.278,   0.000,   7.278,   0.000,   7.278
202608022306,   7.633,   7.337,9999.000,9999.000,9999.000,9999.000,9999.000,9999.000,9999.000
202608022312,   7.690,   7.409,9999.000,9999.000,9999.000,9999.000,9999.000,9999.000,9999.000
202608022318,   7.739,   7.488,9999.000,9999.000,9999.000,9999.000,9999.000,9999.000,9999.000
202608022324,   7.779,   7.537,9999.000,9999.000,9999.000,9999.000,9999.000,9999.000,9999.000
202608022330,   7.810,   7.586,9999.000,9999.000,9999.000,9999.000,9999.000,9999.000,9999.000
202608022336,   7.833,   7.619,9999.000,9999.000,9999.000,9999.000,9999.000,9999.000,9999.000
202608022342,   7.846,   7.619,9999.000,9999.000,9999.000,9999.000,9999.000,9999.000,9999.000
202608022348,   7.850,   7.648,9999.000,9999.000,9999.000,9999.000,9999.000,9999.000,9999.000
202608022354,   7.845,   7.668,9999.000,9999.000,9999.000,9999.000,9999.000,9999.000,9999.000
202608030000,   7.830,   7.668,   0.100,  -0.262,   7.668,   0.100,   7.668,   0.100,   7.668
202608030006,   7.807,   7.668,9999.000,9999.000,9999.000,9999.000,9999.000,9999.000,9999.000
202608030012,   7.774,   7.648,9999.000,9999.000,9999.000,9999.000,9999.000,9999.000,9999.000
202608030018,   7.733,   7.609,9999.000,9999.000,9999.000,9999.000,9999.000,9999.000,9999.000
202608030024,   7.682,   7.547,9999.000,9999.000,9999.000,9999.000,9999.000,9999.000,9999.000
202608030030,   7.622,   7.488,9999.000,9999.000,9999.000,9999.000,9999.000,9999.000,9999.000
202608030036,   7.554,   7.429,9999.000,9999.000,9999.000,9999.000,9999.000,9999.000,9999.000
202608030042,   7.477,   7.357,9999.000,9999.000,9999.000,9999.000,9999.000,9999.000,9999.000
202608030048,   7.392,   7.248,9999.000,9999.000,9999.000,9999.000,9999.000,9999.000,9999.000
202608030054,   7.298,   7.156,9999.000,9999.000,9999.000,9999.000,9999.000,9999.000,9999.000
202608030100,   7.197,   7.048,   0.100,  -0.249,   7.048,   0.100,   7.048,   0.100,   7.048
202608030106,   7.088,   6.937,9999.000,9999.000,9999.000,9999.000,9999.000,9999.000,9999.000
202608030112,   6.971,   6.819,9999.000,9999.000,9999.000,9999.000,9999.000,9999.000,9999.000
202608030118,   6.848,   6.707,9999.000,9999.000,9999.000,9999.000,9999.000,9999.000,9999.000
202608030124,   6.718,   6.579,9999.000,9999.000,9999.000,9999.000,9999.000,9999.000,9999.000
202608030130,   6.581,   6.409,9999.000,9999.000,9999.000,9999.000,9999.000,9999.000,9999.000
202608030136,   6.439,   6.277,9999.000,9999.000,9999.000,9999.000,9999.000,9999.000,9999.000
202608030142,   6.292,   6.117,9999.000,9999.000,9999.000,9999.000,9999.000,9999.000,9999.000
202608030148,   6.139,   5.969,9999.000,9999.000,9999.000,9999.000,9999.000,9999.000,9999.000
202608030154,   5.982,   5.808,9999.000,9999.000,9999.000,9999.000,9999.000,9999.000,9999.000
202608030200,   5.821,   5.657,   0.000,  -0.164,   5.657,   0.000,   5.657,   0.100,   5.757
202608030206,   5.656,   5.477,9999.000,9999.000,9999.000,9999.000,9999.000,9999.000,9999.000
202608030212,   5.488,   5.307,9999.000,9999.000,9999.000,9999.000,9999.000,9999.000,9999.000
202608030218,   5.318,   5.139,9999.000,9999.000,9999.000,9999.000,9999.000,9999.000,9999.000
202608030224,   5.146,   4.969,9999.000,9999.000,9999.000,9999.000,9999.000,9999.000,9999.000
202608030230,   4.973,   4.778,9999.000,9999.000,9999.000,9999.000,9999.000,9999.000,9999.000
202608030236,   4.798,   4.618,9999.000,9999.000,9999.000,9999.000,9999.000,9999.000,9999.000
202608030242,   4.624,   4.447,9999.000,9999.000,9999.000,9999.000,9999.000,9999.000,9999.000
202608030248,   4.449,   4.290,9999.000,9999.000,9999.000,9999.000,9999.000,9999.000,9999.000
202608030254,   4.275,   4.099,9999.000,9999.000,9999.000,9999.000,9999.000,9999.000,9999.000
202608030300,   4.102,   3.919,   0.000,  -0.183,   3.919,   0.000,   3.919,   0.100,   4.019
202608030306,   3.931,   3.739,9999.000,9999.000,9999.000,9999.000,9999.000,9999.000,9999.000
202608030312,   3.762,   3.568,9999.000,9999.000,9999.000,9999.000,9999.000,9999.000,9999.000
202608030318,   3.596,   3.417,9999.000,9999.000,9999.000,9999.000,9999.000,9999.000,9999.000
202608030324,   3.432,   3.260,9999.000,9999.000,9999.000,9999.000,9999.000,9999.000,9999.000
202608030330,   3.272,   3.119,9999.000,9999.000,9999.000,9999.000,9999.000,9999.000,9999.000
202608030336,   3.115,   2.968,9999.000,9999.000,9999.000,9999.000,9999.000,9999.000,9999.000
202608030342,   2.963,   2.797,9999.000,9999.000,9999.000,9999.000,9999.000,9999.000,9999.000
202608030348,   2.815,   2.650,9999.000,9999.000,9999.000,9999.000,9999.000,9999.000,9999.000
202608030354,   2.671,   2.499,9999.000,9999.000,9999.000,9999.000,9999.000,9999.000,9999.000
202608030400,   2.533,   2.368,   0.000,  -0.165,   2.368,   0.000,   2.368,   0.100,   2.468
202608030406,   2.400,   2.240,9999.000,9999.000,9999.000,9999.000,9999.000,9999.000,9999.000
202608030412,   2.273,   2.109,9999.000,9999.000,9999.000,9999.000,9999.000,9999.000,9999.000
202608030418,   2.151,   2.010,9999.000,9999.000,9999.000,9999.000,9999.000,9999.000,9999.000
202608030424,   2.035,   1.889,9999.000,9999.000,9999.000,9999.000,9999.000,9999.000,9999.000
202608030430,   1.926,   1.767,9999.000,9999.000,9999.000,9999.000,9999.000,9999.000,9999.000
202608030436,   1.822,   1.630,9999.000,9999.000,9999.000,9999.000,9999.000,9999.000,9999.000
202608030442,   1.725,   1.528,9999.000,9999.000,9999.000,9999.000,9999.000,9999.000,9999.000
202608030448,   1.635,   1.430,9999.000,9999.000,9999.000,9999.000,9999.000,9999.000,9999.000
202608030454,   1.551,   1.328,9999.000,9999.000,9999.000,9999.000,9999.000,9999.000,9999.000
202608030500,   1.475,   1.239,   0.000,  -0.236,   1.239,   0.000,   1.239,   0.000,   1.239
202608030506,   1.405,   1.128,9999.000,9999.000,9999.000,9999.000,9999.000,9999.000,9999.000
202608030512,   1.343,   1.059,9999.000,9999.000,9999.000,9999.000,9999.000,9999.000,9999.000
202608030518,   1.287,   0.990,9999.000,9999.000,9999.000,9999.000,9999.000,9999.000,9999.000
202608030524,   1.240,   0.951,9999.000,9999.000,9999.000,9999.000,9999.000,9999.000,9999.000
202608030530,   1.199,   0.898,9999.000,9999.000,9999.000,9999.000,9999.000,9999.000,9999.000
202608030536,   1.167,   0.869,9999.000,9999.000,9999.000,9999.000,9999.000,9999.000,9999.000
202608030542,   1.142,   0.849,9999.000,9999.000,9999.000,9999.000,9999.000,9999.000,9999.000
202608030548,   1.125,   0.829,9999.000,9999.000,9999.000,9999.000,9999.000,9999.000,9999.000
202608030554,   1.116,   0.800,9999.000,9999.000,9999.000,9999.000,9999.000,9999.000,9999.000
202608030600,   1.116,   0.790,   0.000,  -0.326,   0.790,   0.000,   0.790,   0.000,   0.790
202608030606,   1.123,   0.800,9999.000,9999.000,9999.000,9999.000,9999.000,9999.000,9999.000
202608030612,   1.139,   0.810,9999.000,9999.000,9999.000,9999.000,9999.000,9999.000,9999.000
202608030618,   1.164,   0.849,9999.000,9999.000,9999.000,9999.000,9999.000,9999.000,9999.000
202608030624,   1.197,   0.908,9999.000,9999.000,9999.000,9999.000,9999.000,9999.000,9999.000
202608030630,   1.238,   0.980,9999.000,9999.000,9999.000,9999.000,9999.000,9999.000,9999.000
202608030636,   1.288,   1.049,9999.000,9999.000,9999.000,9999.000,9999.000,9999.000,9999.000
202608030642,   1.347,   1.108,9999.000,9999.000,9999.000,9999.000,9999.000,9999.000,9999.000
202608030648,   1.414,   1.190,9999.000,9999.000,9999.000,9999.000,9999.000,9999.000,9999.000
202608030654,   1.489,   1.269,9999.000,9999.000,9999.000,9999.000,9999.000,9999.000,9999.000
202608030700,   1.573,   1.380,   0.000,  -0.193,   1.380,   0.000,   1.380,   0.000,   1.380
202608030706,   1.665,   1.498,9999.000,9999.000,9999.000,9999.000,9999.000,9999.000,9999.000
202608030712,   1.765,   1.620,9999.000,9999.000,9999.000,9999.000,9999.000,9999.000,9999.000
202608030718,   1.873,   1.758,9999.000,9999.000,9999.000,9999.000,9999.000,9999.000,9999.000
202608030724,   1.988,   1.908,9999.000,9999.000,9999.000,9999.000,9999.000,9999.000,9999.000
202608030730,   2.110,   2.059,9999.000,9999.000,9999.000,9999.000,9999.000,9999.000,9999.000
202608030736,   2.239,   2.200,9999.000,9999.000,9999.000,9999.000,9999.000,9999.000,9999.000
202608030742,   2.375,   2.328,9999.000,9999.000,9999.000,9999.000,9999.000,9999.000,9999.000
202608030748,   2.516,   2.469,9999.000,9999.000,9999.000,9999.000,9999.000,9999.000,9999.000
202608030754,   2.663,   2.610,9999.000,9999.000,9999.000,9999.000,9999.000,9999.000,9999.000
202608030800,   2.814,   2.748,   0.000,  -0.066,   2.748,   0.000,   2.748,   0.000,   2.748
202608030806,   2.970,   2.899,9999.000,9999.000,9999.000,9999.000,9999.000,9999.000,9999.000
202608030812,   3.130,   3.050,9999.000,9999.000,9999.000,9999.000,9999.000,9999.000,9999.000
202608030818,   3.293,   3.207,9999.000,9999.000,9999.000,9999.000,9999.000,9999.000,9999.000
202608030824,   3.459,   3.368,9999.000,9999.000,9999.000,9999.000,9999.000,9999.000,9999.000
202608030830,   3.626,   3.509,9999.000,9999.000,9999.000,9999.000,9999.000,9999.000,9999.000
202608030836,   3.795,   3.650,9999.000,9999.000,9999.000,9999.000,9999.000,9999.000,9999.000
202608030842,   3.965,   3.808,9999.000,9999.000,9999.000,9999.000,9999.000,9999.000,9999.000
202608030848,   4.135,   3.968,9999.000,9999.000,9999.000,9999.000,9999.000,9999.000,9999.000
202608030854,   4.305,   4.119,9999.000,9999.000,9999.000,9999.000,9999.000,9999.000,9999.000
202608030900,   4.473,   4.247,   0.000,  -0.226,   4.247,   0.000,   4.247,   0.000,   4.247
202608030906,   4.640,   4.408,9999.000,9999.000,9999.000,9999.000,9999.000,9999.000,9999.000
202608030912,   4.805,   4.569,9999.000,9999.000,9999.000,9999.000,9999.000,9999.000,9999.000
202608030918,   4.967,   4.719,9999.000,9999.000,9999.000,9999.000,9999.000,9999.000,9999.000
202608030924,   5.126,   4.867,9999.000,9999.000,9999.000,9999.000,9999.000,9999.000,9999.000
202608030930,   5.282,   5.018,9999.000,9999.000,9999.000,9999.000,9999.000,9999.000,9999.000
202608030936,   5.433,   5.169,9999.000,9999.000,9999.000,9999.000,9999.000,9999.000,9999.000
202608030942,   5.581,   5.297,9999.000,9999.000,9999.000,9999.000,9999.000,9999.000,9999.000
202608030948,   5.723,   5.428,9999.000,9999.000,9999.000,9999.000,9999.000,9999.000,9999.000
202608030954,   5.860,   5.539,9999.000,9999.000,9999.000,9999.000,9999.000,9999.000,9999.000
202608031000,   5.992,   5.657,   0.000,  -0.335,   5.657,   0.000,   5.657,   0.000,   5.657
202608031006,   6.118,   5.789,9999.000,9999.000,9999.000,9999.000,9999.000,9999.000,9999.000
202608031012,   6.238,   5.897,9999.000,9999.000,9999.000,9999.000,9999.000,9999.000,9999.000
202608031018,   6.352,   6.008,9999.000,9999.000,9999.000,9999.000,9999.000,9999.000,9999.000
202608031024,   6.459,   6.117,9999.000,9999.000,9999.000,9999.000,9999.000,9999.000,9999.000
202608031030,   6.560,   6.209,9999.000,9999.000,9999.000,9999.000,9999.000,9999.000,9999.000
202608031036,   6.654,   6.297,9999.000,9999.000,9999.000,9999.000,9999.000,9999.000,9999.000
202608031042,   6.741,   6.379,9999.000,9999.000,9999.000,9999.000,9999.000,9999.000,9999.000
202608031048,   6.820,   6.477,9999.000,9999.000,9999.000,9999.000,9999.000,9999.000,9999.000
202608031054,   6.892,   6.546,9999.000,9999.000,9999.000,9999.000,9999.000,9999.000,9999.000
202608031100,   6.957,   6.628,   0.000,  -0.329,   6.628,   0.000,   6.628,   0.000,   6.628
202608031106,   7.014,   6.687,9999.000,9999.000,9999.000,9999.000,9999.000,9999.000,9999.000
202608031112,   7.064,   6.756,9999.000,9999.000,9999.000,9999.000,9999.000,9999.000,9999.000
202608031118,   7.105,   6.819,9999.000,9999.000,9999.000,9999.000,9999.000,9999.000,9999.000
202608031124,   7.139,   6.838,9999.000,9999.000,9999.000,9999.000,9999.000,9999.000,9999.000
202608031130,   7.165,   6.878,9999.000,9999.000,9999.000,9999.000,9999.000,9999.000,9999.000
202608031136,   7.182,   6.897,9999.000,9999.000,9999.000,9999.000,9999.000,9999.000,9999.000
202608031142,   7.192,   6.917,9999.000,9999.000,9999.000,9999.000,9999.000,9999.000,9999.000
202608031148,   7.192,   6.927,9999.000,9999.000,9999.000,9999.000,9999.000,9999.000,9999.000
202608031154,   7.185,   6.917,9999.000,9999.000,9999.000,9999.000,9999.000,9999.000,9999.000
202608031200,   7.169,   6.887,  -0.100,  -0.182,   6.887,  -0.100,   6.887,  -0.100,   6.887
202608031206,   7.145,   6.887,9999.000,9999.000,9999.000,9999.000,9999.000,9999.000,9999.000
202608031212,   7.112,   6.848,9999.000,9999.000,9999.000,9999.000,9999.000,9999.000,9999.000
202608031218,   7.071,   6.819,9999.000,9999.000,9999.000,9999.000,9999.000,9999.000,9999.000
202608031224,   7.021,   6.789,9999.000,9999.000,9999.000,9999.000,9999.000,9999.000,9999.000
202608031230,   6.963,   6.727,9999.000,9999.000,9999.000,9999.000,9999.000,9999.000,9999.000
202608031236,   6.896,   6.638,9999.000,9999.000,9999.000,9999.000,9999.000,9999.000,9999.000
202608031242,   6.821,   6.556,9999.000,9999.000,9999.000,9999.000,9999.000,9999.000,9999.000
202608031248,   6.738,   6.458,9999.000,9999.000,9999.000,9999.000,9999.000,9999.000,9999.000
202608031254,   6.647,   6.359,9999.000,9999.000,9999.000,9999.000,9999.000,9999.000,9999.000
202608031300,   6.547,   6.248,  -0.100,  -0.199,   6.248,  -0.100,   6.248,  -0.100,   6.248
202608031306,   6.440,   6.127,9999.000,9999.000,9999.000,9999.000,9999.000,9999.000,9999.000
202608031312,   6.326,   5.999,9999.000,9999.000,9999.000,9999.000,9999.000,9999.000,9999.000
202608031318,   6.204,   5.858,9999.000,9999.000,9999.000,9999.000,9999.000,9999.000,9999.000
202608031324,   6.075,   5.730,9999.000,9999.000,9999.000,9999.000,9999.000,9999.000,9999.000
202608031330,   5.940,   5.579,9999.000,9999.000,9999.000,9999.000,9999.000,9999.000,9999.000
202608031336,   5.798,   5.408,9999.000,9999.000,9999.000,9999.000,9999.000,9999.000,9999.000
202608031342,   5.650,   5.247,9999.000,9999.000,9999.000,9999.000,9999.000,9999.000,9999.000
202608031348,   5.497,   5.077,9999.000,9999.000,9999.000,9999.000,9999.000,9999.000,9999.000
202608031354,   5.338,   4.900,9999.000,9999.000,9999.000,9999.000,9999.000,9999.000,9999.000
202608031400,   5.174,   4.729,  -0.100,  -0.345,   4.729,  -0.200,   4.629,  -0.100,   4.729
202608031406,   5.007,   4.559,9999.000,9999.000,9999.000,9999.000,9999.000,9999.000,9999.000
202608031412,   4.835,   4.388,9999.000,9999.000,9999.000,9999.000,9999.000,9999.000,9999.000
202608031418,   4.660,   4.208,9999.000,9999.000,9999.000,9999.000,9999.000,9999.000,9999.000
202608031424,   4.482,   4.047,9999.000,9999.000,9999.000,9999.000,9999.000,9999.000,9999.000
202608031430,   4.302,   3.870,9999.000,9999.000,9999.000,9999.000,9999.000,9999.000,9999.000
202608031436,   4.121,   3.680,9999.000,9999.000,9999.000,9999.000,9999.000,9999.000,9999.000
202608031442,   3.938,   3.499,9999.000,9999.000,9999.000,9999.000,9999.000,9999.000,9999.000
202608031448,   3.754,   3.319,9999.000,9999.000,9999.000,9999.000,9999.000,9999.000,9999.000
202608031454,   3.570,   3.138,9999.000,9999.000,9999.000,9999.000,9999.000,9999.000,9999.000
202608031500,   3.387,   2.968,  -0.100,  -0.319,   2.968,  -0.200,   2.868,  -0.100,   2.968
202608031506,   3.205,   2.797,9999.000,9999.000,9999.000,9999.000,9999.000,9999.000,9999.000
202608031512,   3.025,   2.650,9999.000,9999.000,9999.000,9999.000,9999.000,9999.000,9999.000
202608031518,   2.846,   2.479,9999.000,9999.000,9999.000,9999.000,9999.000,9999.000,9999.000
202608031524,   2.670,   2.318,9999.000,9999.000,9999.000,9999.000,9999.000,9999.000,9999.000
202608031530,   2.498,   2.168,9999.000,9999.000,9999.000,9999.000,9999.000,9999.000,9999.000
202608031536,   2.328,   2.030,9999.000,9999.000,9999.000,9999.000,9999.000,9999.000,9999.000
202608031542,   2.163,   1.899,9999.000,9999.000,9999.000,9999.000,9999.000,9999.000,9999.000
202608031548,   2.003,   1.748,9999.000,9999.000,9999.000,9999.000,9999.000,9999.000,9999.000
202608031554,   1.847,   1.600,9999.000,9999.000,9999.000,9999.000,9999.000,9999.000,9999.000
202608031600,   1.697,   1.449,  -0.100,  -0.148,   1.449,  -0.200,   1.349,  -0.100,   1.449
202608031606,   1.552,   1.298,9999.000,9999.000,9999.000,9999.000,9999.000,9999.000,9999.000
202608031612,   1.413,   1.151,9999.000,9999.000,9999.000,9999.000,9999.000,9999.000,9999.000
202608031618,   1.281,   1.010,9999.000,9999.000,9999.000,9999.000,9999.000,9999.000,9999.000
202608031624,   1.155,   0.888,9999.000,9999.000,9999.000,9999.000,9999.000,9999.000,9999.000
202608031630,   1.036,   0.780,9999.000,9999.000,9999.000,9999.000,9999.000,9999.000,9999.000
202608031636,   0.924,   0.669,9999.000,9999.000,9999.000,9999.000,9999.000,9999.000,9999.000
202608031642,   0.819,   0.560,9999.000,9999.000,9999.000,9999.000,9999.000,9999.000,9999.000
202608031648,   0.722,   0.459,9999.000,9999.000,9999.000,9999.000,9999.000,9999.000,9999.000
202608031654,   0.632,   0.370,9999.000,9999.000,9999.000,9999.000,9999.000,9999.000,9999.000
202608031700,   0.551,   0.278,  -0.100,  -0.173,   0.278,  -0.200,   0.178,  -0.100,   0.278
202608031706,   0.477,   0.180,9999.000,9999.000,9999.000,9999.000,9999.000,9999.000,9999.000
202608031712,   0.411,   0.111,9999.000,9999.000,9999.000,9999.000,9999.000,9999.000,9999.000
202608031718,   0.353,   0.068,9999.000,9999.000,9999.000,9999.000,9999.000,9999.000,9999.000
202608031724,   0.304,   0.029,9999.000,9999.000,9999.000,9999.000,9999.000,9999.000,9999.000
202608031730,   0.262,  -0.049,9999.000,9999.000,9999.000,9999.000,9999.000,9999.000,9999.000
202608031736,   0.230,  -0.068,9999.000,9999.000,9999.000,9999.000,9999.000,9999.000,9999.000
202608031742,   0.205,  -0.088,9999.000,9999.000,9999.000,9999.000,9999.000,9999.000,9999.000
202608031748,   0.189,  -0.121,9999.000,9999.000,9999.000,9999.000,9999.000,9999.000,9999.000
202608031754,   0.182,  -0.141,9999.000,9999.000,9999.000,9999.000,9999.000,9999.000,9999.000
202608031800,   0.184,  -0.160,  -0.200,  -0.144,  -0.160,  -0.200,  -0.160,  -0.200,  -0.160
202608031806,   0.194,  -0.180,9999.000,9999.000,9999.000,9999.000,9999.000,9999.000,9999.000
202608031812,   0.213,  -0.170,9999.000,9999.000,9999.000,9999.000,9999.000,9999.000,9999.000
202608031818,   0.241,  -0.121,9999.000,9999.000,9999.000,9999.000,9999.000,9999.000,9999.000
202608031824,   0.278,  -0.068,9999.000,9999.000,9999.000,9999.000,9999.000,9999.000,9999.000
202608031830,   0.324,  -0.019,9999.000,9999.000,9999.000,9999.000,9999.000,9999.000,9999.000
202608031836,   0.379,   0.088,9999.000,9999.000,9999.000,9999.000,9999.000,9999.000,9999.000
202608031842,   0.443,   0.180,9999.000,9999.000,9999.000,9999.000,9999.000,9999.000,9999.000
202608031848,   0.516,   0.278,9999.000,9999.000,9999.000,9999.000,9999.000,9999.000,9999.000
202608031854,   0.598,   0.390,9999.000,9999.000,9999.000,9999.000,9999.000,9999.000,9999.000
202608031900,   0.689,   0.498,  -0.200,   0.009,   0.498,  -0.200,   0.498,  -0.200,   0.498
202608031906,   0.789,   0.619,9999.000,9999.000,9999.000,9999.000,9999.000,9999.000,9999.000
202608031912,   0.898,   0.741,9999.000,9999.000,9999.000,9999.000,9999.000,9999.000,9999.000
202608031918,   1.015,   0.869,9999.000,9999.000,9999.000,9999.000,9999.000,9999.000,9999.000
202608031924,   1.140,   1.029,9999.000,9999.000,9999.000,9999.000,9999.000,9999.000,9999.000
202608031930,   1.274,   1.190,9999.000,9999.000,9999.000,9999.000,9999.000,9999.000,9999.000
202608031936,   1.416,   1.338,9999.000,9999.000,9999.000,9999.000,9999.000,9999.000,9999.000
202608031942,   1.565,   1.489,9999.000,9999.000,9999.000,9999.000,9999.000,9999.000,9999.000
202608031948,   1.722,   1.649,9999.000,9999.000,9999.000,9999.000,9999.000,9999.000,9999.000
202608031954,   1.886,   1.800,9999.000,9999.000,9999.000,9999.000,9999.000,9999.000,9999.000
202608032000,   2.056,   1.958,  -0.200,   0.102,   1.958,  -0.200,   1.958,  -0.200,   1.958
202608032006,   2.232,   2.109,9999.000,9999.000,9999.000,9999.000,9999.000,9999.000,9999.000
202608032012,   2.414,   2.279,9999.000,9999.000,9999.000,9999.000,9999.000,9999.000,9999.000
202608032018,   2.601,   2.459,9999.000,9999.000,9999.000,9999.000,9999.000,9999.000,9999.000
202608032024,   2.792,   2.640,9999.000,9999.000,9999.000,9999.000,9999.000,9999.000,9999.000
202608032030,   2.987,   2.820,9999.000,9999.000,9999.000,9999.000,9999.000,9999.000,9999.000
202608032036,   3.186,   2.978,9999.000,9999.000,9999.000,9999.000,9999.000,9999.000,9999.000
202608032042,   3.387,   3.148,9999.000,9999.000,9999.000,9999.000,9999.000,9999.000,9999.000
202608032048,   3.590,   3.339,9999.000,9999.000,9999.000,9999.000,9999.000,9999.000,9999.000
202608032054,   3.794,   3.509,9999.000,9999.000,9999.000,9999.000,9999.000,9999.000,9999.000
202608032100,   4.000,   3.680,  -0.200,  -0.120,   3.680,  -0.200,   3.680,  -0.200,   3.680
202608032106,   4.205,   3.847,9999.000,9999.000,9999.000,9999.000,9999.000,9999.000,9999.000
202608032112,   4.410,   4.027,9999.000,9999.000,9999.000,9999.000,9999.000,9999.000,9999.000
202608032118,   4.613,   4.198,9999.000,9999.000,9999.000,9999.000,9999.000,9999.000,9999.000
202608032124,   4.815,   4.378,9999.000,9999.000,9999.000,9999.000,9999.000,9999.000,9999.000
202608032130,   5.014,   4.578,9999.000,9999.000,9999.000,9999.000,9999.000,9999.000,9999.000
202608032136,   5.210,   4.759,9999.000,9999.000,9999.000,9999.000,9999.000,9999.000,9999.000
202608032142,   5.403,   4.929,9999.000,9999.000,9999.000,9999.000,9999.000,9999.000,9999.000
202608032148,   5.592,   5.087,9999.000,9999.000,9999.000,9999.000,9999.000,9999.000,9999.000
202608032154,   5.777,   5.247,9999.000,9999.000,9999.000,9999.000,9999.000,9999.000,9999.000
202608032200,   5.956,   5.418,  -0.200,  -0.338,   5.418,  -0.200,   5.418,  -0.200,   5.418
202608032206,   6.130,   5.589,9999.000,9999.000,9999.000,9999.000,9999.000,9999.000,9999.000
202608032212,   6.299,   5.759,9999.000,9999.000,9999.000,9999.000,9999.000,9999.000,9999.000
202608032218,   6.461,   5.917,9999.000,9999.000,9999.000,9999.000,9999.000,9999.000,9999.000
202608032224,   6.617,   6.077,9999.000,9999.000,9999.000,9999.000,9999.000,9999.000,9999.000
202608032230,   6.766,   6.209,9999.000,9999.000,9999.000,9999.000,9999.000,9999.000,9999.000
202608032236,   6.909,   6.369,9999.000,9999.000,9999.000,9999.000,9999.000,9999.000,9999.000
202608032242,   7.044,   6.507,9999.000,9999.000,9999.000,9999.000,9999.000,9999.000,9999.000
202608032248,   7.172,   6.628,9999.000,9999.000,9999.000,9999.000,9999.000,9999.000,9999.000
202608032254,   7.293,   6.746,9999.000,9999.000,9999.000,9999.000,9999.000,9999.000,9999.000
202608032300,   7.405,   6.878,  -0.200,  -0.327,   6.878,  -0.200,   6.878,  -0.100,   6.978
202608032306,   7.510,   6.999,9999.000,9999.000,9999.000,9999.000,9999.000,9999.000,9999.000
202608032312,   7.607,   7.088,9999.000,9999.000,9999.000,9999.000,9999.000,9999.000,9999.000
202608032318,   7.696,   7.189,9999.000,9999.000,9999.000,9999.000,9999.000,9999.000,9999.000
202608032324,   7.776,   7.288,9999.000,9999.000,9999.000,9999.000,9999.000,9999.000,9999.000
202608032330,   7.848,   7.357,9999.000,9999.000,9999.000,9999.000,9999.000,9999.000,9999.000
202608032336,   7.912,   7.419,9999.000,9999.000,9999.000,9999.000,9999.000,9999.000,9999.000
202608032342,   7.967,   7.488,9999.000,9999.000,9999.000,9999.000,9999.000,9999.000,9999.000
202608032348,   8.014,   7.547,9999.000,9999.000,9999.000,9999.000,9999.000,9999.000,9999.000
202608032354,   8.052,   7.609,9999.000,9999.000,9999.000,9999.000,9999.000,9999.000,9999.000
202608040000,   8.081,   7.648,  -0.200,  -0.233,   7.648,  -0.200,   7.648,  -0.100,   7.748
202608040006,   8.101,   7.698,9999.000,9999.000,9999.000,9999.000,9999.000,9999.000,9999.000
202608040012,   8.113,   7.737,9999.000,9999.000,9999.000,9999.000,9999.000,9999.000,9999.000
202608040018,   8.116,   7.747,9999.000,9999.000,9999.000,9999.000,9999.000,9999.000,9999.000
202608040024,   8.109,   7.747,9999.000,9999.000,9999.000,9999.000,9999.000,9999.000,9999.000
202608040030,   8.094,   7.747,9999.000,9999.000,9999.000,9999.000,9999.000,9999.000,9999.000
202608040036,   8.070,   7.737,9999.000,9999.000,9999.000,9999.000,9999.000,9999.000,9999.000
202608040042,   8.037,   7.717,9999.000,9999.000,9999.000,9999.000,9999.000,9999.000,9999.000
202608040048,   7.995,   7.678,9999.000,9999.000,9999.000,9999.000,9999.000,9999.000,9999.000
202608040054,   7.945,   7.639,9999.000,9999.000,9999.000,9999.000,9999.000,9999.000,9999.000
202608040100,   7.885,   7.596,  -0.200,  -0.089,   7.596,  -0.200,   7.596,  -0.100,   7.696
202608040106,   7.817,   7.527,9999.000,9999.000,9999.000,9999.000,9999.000,9999.000,9999.000
202608040112,   7.741,   7.458,9999.000,9999.000,9999.000,9999.000,9999.000,9999.000,9999.000
202608040118,   7.656,   7.386,9999.000,9999.000,9999.000,9999.000,9999.000,9999.000,9999.000
202608040124,   7.563,   7.288,9999.000,9999.000,9999.000,9999.000,9999.000,9999.000,9999.000
202608040130,   7.462,   7.189,9999.000,9999.000,9999.000,9999.000,9999.000,9999.000,9999.000
202608040136,   7.353,   7.068,9999.000,9999.000,9999.000,9999.000,9999.000,9999.000,9999.000
202608040142,   7.236,   6.956,9999.000,9999.000,9999.000,9999.000,9999.000,9999.000,9999.000
202608040148,   7.113,   6.838,9999.000,9999.000,9999.000,9999.000,9999.000,9999.000,9999.000
202608040154,   6.982,   6.707,9999.000,9999.000,9999.000,9999.000,9999.000,9999.000,9999.000
202608040200,   6.845,   6.556,  -0.200,  -0.089,   6.556,  -0.200,   6.556,  -0.100,   6.656
202608040206,   6.701,   6.399,9999.000,9999.000,9999.000,9999.000,9999.000,9999.000,9999.000
202608040212,   6.552,   6.258,9999.000,9999.000,9999.000,9999.000,9999.000,9999.000,9999.000
202608040218,   6.398,   6.097,9999.000,9999.000,9999.000,9999.000,9999.000,9999.000,9999.000
202608040224,   6.238,   5.926,9999.000,9999.000,9999.000,9999.000,9999.000,9999.000,9999.000
202608040230,   6.074,   5.739,9999.000,9999.000,9999.000,9999.000,9999.000,9999.000,9999.000
202608040236,   5.905,   5.569,9999.000,9999.000,9999.000,9999.000,9999.000,9999.000,9999.000
202608040242,   5.733,   5.389,9999.000,9999.000,9999.000,9999.000,9999.000,9999.000,9999.000
202608040248,   5.558,   5.218,9999.000,9999.000,9999.000,9999.000,9999.000,9999.000,9999.000
202608040254,   5.381,   5.067,9999.000,9999.000,9999.000,9999.000,9999.000,9999.000,9999.000
202608040300,   5.201,   4.910,  -0.100,  -0.191,   4.910,  -0.200,   4.810,  -0.100,   4.910
202608040306,   5.020,   4.749,9999.000,9999.000,9999.000,9999.000,9999.000,9999.000,9999.000
202608040312,   4.838,   4.569,9999.000,9999.000,9999.000,9999.000,9999.000,9999.000,9999.000
202608040318,   4.655,   4.418,9999.000,9999.000,9999.000,9999.000,9999.000,9999.000,9999.000
202608040324,   4.473,   4.237,9999.000,9999.000,9999.000,9999.000,9999.000,9999.000,9999.000
202608040330,   4.290,   4.037,9999.000,9999.000,9999.000,9999.000,9999.000,9999.000,9999.000
202608040336,   4.109,   3.860,9999.000,9999.000,9999.000,9999.000,9999.000,9999.000,9999.000
202608040342,   3.930,   3.680,9999.000,9999.000,9999.000,9999.000,9999.000,9999.000,9999.000
202608040348,   3.753,   3.499,9999.000,9999.000,9999.000,9999.000,9999.000,9999.000,9999.000
202608040354,   3.578,   3.339,9999.000,9999.000,9999.000,9999.000,9999.000,9999.000,9999.000
202608040400,   3.406,   3.168,  -0.100,  -0.138,   3.168,  -0.200,   3.068,  -0.100,   3.168
202608040406,   3.238,   3.007,9999.000,9999.000,9999.000,9999.000,9999.000,9999.000,9999.000
202608040412,   3.073,   2.850,9999.000,9999.000,9999.000,9999.000,9999.000,9999.000,9999.000
202608040418,   2.912,   2.699,9999.000,9999.000,9999.000,9999.000,9999.000,9999.000,9999.000
202608040424,   2.756,   2.558,9999.000,9999.000,9999.000,9999.000,9999.000,9999.000,9999.000
202608040430,   2.605,   2.420,9999.000,9999.000,9999.000,9999.000,9999.000,9999.000,9999.000
202608040436,   2.459,   2.269,9999.000,9999.000,9999.000,9999.000,9999.000,9999.000,9999.000
202608040442,   2.318,   2.118,9999.000,9999.000,9999.000,9999.000,9999.000,9999.000,9999.000
202608040448,   2.183,   2.000,9999.000,9999.000,9999.000,9999.000,9999.000,9999.000,9999.000
202608040454,   2.054,   1.859,9999.000,9999.000,9999.000,9999.000,9999.000,9999.000,9999.000
202608040500,   1.931,   1.728,  -0.100,  -0.103,   1.728,  -0.200,   1.628,  -0.100,   1.728
202608040506,   1.814,   1.590,9999.000,9999.000,9999.000,9999.000,9999.000,9999.000,9999.000
202608040512,   1.704,   1.459,9999.000,9999.000,9999.000,9999.000,9999.000,9999.000,9999.000
202608040518,   1.599,   1.348,9999.000,9999.000,9999.000,9999.000,9999.000,9999.000,9999.000
202608040524,   1.502,   1.249,9999.000,9999.000,9999.000,9999.000,9999.000,9999.000,9999.000
202608040530,   1.411,   1.151,9999.000,9999.000,9999.000,9999.000,9999.000,9999.000,9999.000
202608040536,   1.327,   1.069,9999.000,9999.000,9999.000,9999.000,9999.000,9999.000,9999.000
202608040542,   1.250,   0.970,9999.000,9999.000,9999.000,9999.000,9999.000,9999.000,9999.000
202608040548,   1.180,   0.879,9999.000,9999.000,9999.000,9999.000,9999.000,9999.000,9999.000
202608040554,   1.117,   0.780,9999.000,9999.000,9999.000,9999.000,9999.000,9999.000,9999.000
202608040600,   1.061,   0.708,  -0.100,  -0.253,   0.708,  -0.100,   0.708,   0.000,   0.808
202608040606,   1.012,   0.649,9999.000,9999.000,9999.000,9999.000,9999.000,9999.000,9999.000
202608040612,   0.970,   0.600,9999.000,9999.000,9999.000,9999.000,9999.000,9999.000,9999.000
202608040618,   0.935,   0.551,9999.000,9999.000,9999.000,9999.000,9999.000,9999.000,9999.000
202608040624,   0.908,   0.508,9999.000,9999.000,9999.000,9999.000,9999.000,9999.000,9999.000
202608040630,   0.888,   0.478,9999.000,9999.000,9999.000,9999.000,9999.000,9999.000,9999.000
202608040636,   0.876,   0.469,9999.000,9999.000,9999.000,9999.000,9999.000,9999.000,9999.000
202608040642,   0.871,   0.469,9999.000,9999.000,9999.000,9999.000,9999.000,9999.000,9999.000
202608040648,   0.873,   0.469,9999.000,9999.000,9999.000,9999.000,9999.000,9999.000,9999.000
202608040654,   0.884,   0.498,9999.000,9999.000,9999.000,9999.000,9999.000,9999.000,9999.000
202608040700,   0.902,   0.531,  -0.100,  -0.271,   0.531,  -0.100,   0.531,   0.000,   0.631
202608040706,   0.927,   0.560,9999.000,9999.000,9999.000,9999.000,9999.000,9999.000,9999.000
202608040712,   0.961,   0.590,9999.000,9999.000,9999.000,9999.000,9999.000,9999.000,9999.000
202608040718,   1.002,   0.629,9999.000,9999.000,9999.000,9999.000,9999.000,9999.000,9999.000
202608040724,   1.051,   0.708,9999.000,9999.000,9999.000,9999.000,9999.000,9999.000,9999.000
202608040730,   1.108,   0.780,9999.000,9999.000,9999.000,9999.000,9999.000,9999.000,9999.000
202608040736,   1.173,   0.879,9999.000,9999.000,9999.000,9999.000,9999.000,9999.000,9999.000
202608040742,   1.245,   0.990,9999.000,9999.000,9999.000,9999.000,9999.000,9999.000,9999.000
202608040748,   1.325,   1.108,9999.000,9999.000,9999.000,9999.000,9999.000,9999.000,9999.000
202608040754,   1.412,   1.220,9999.000,9999.000,9999.000,9999.000,9999.000,9999.000,9999.000
202608040800,   1.506,   1.328,  -0.100,  -0.078,   1.328,  -0.100,   1.328,  -0.100,   1.328
202608040806,   1.607,   1.449,9999.000,9999.000,9999.000,9999.000,9999.000,9999.000,9999.000
202608040812,   1.715,   1.590,9999.000,9999.000,9999.000,9999.000,9999.000,9999.000,9999.000
202608040818,   1.829,   1.708,9999.000,9999.000,9999.000,9999.000,9999.000,9999.000,9999.000
202608040824,   1.950,   1.820,9999.000,9999.000,9999.000,9999.000,9999.000,9999.000,9999.000
202608040830,   2.076,   1.938,9999.000,9999.000,9999.000,9999.000,9999.000,9999.000,9999.000
202608040836,   2.207,   2.079,9999.000,9999.000,9999.000,9999.000,9999.000,9999.000,9999.000
202608040842,   2.344,   2.200,9999.000,9999.000,9999.000,9999.000,9999.000,9999.000,9999.000
202608040848,   2.484,   2.338,9999.000,9999.000,9999.000,9999.000,9999.000,9999.000,9999.000
202608040854,   2.629,   2.479,9999.000,9999.000,9999.000,9999.000,9999.000,9999.000,9999.000
202608040900,   2.777,   2.620,  -0.100,  -0.057,   2.620,  -0.100,   2.620,  -0.100,   2.620
202608040906,   2.928,   2.778,9999.000,9999.000,9999.000,9999.000,9999.000,9999.000,9999.000
202608040912,   3.082,   2.929,9999.000,9999.000,9999.000,9999.000,9999.000,9999.000,9999.000
202608040918,   3.237,   3.079,9999.000,9999.000,9999.000,9999.000,9999.000,9999.000,9999.000
202608040924,   3.393,   3.230,9999.000,9999.000,9999.000,9999.000,9999.000,9999.000,9999.000
202608040930,   3.550,   3.368,9999.000,9999.000,9999.000,9999.000,9999.000,9999.000,9999.000
202608040936,   3.707,   3.499,9999.000,9999.000,9999.000,9999.000,9999.000,9999.000,9999.000
202608040942,   3.864,   3.650,9999.000,9999.000,9999.000,9999.000,9999.000,9999.000,9999.000
202608040948,   4.020,   3.798,9999.000,9999.000,9999.000,9999.000,9999.000,9999.000,9999.000
202608040954,   4.174,   3.929,9999.000,9999.000,9999.000,9999.000,9999.000,9999.000,9999.000
202608041000,   4.327,   4.057,  -0.100,  -0.170,   4.057,  -0.100,   4.057,   0.000,   4.157
202608041006,   4.477,   4.198,9999.000,9999.000,9999.000,9999.000,9999.000,9999.000,9999.000
202608041012,   4.624,   4.329,9999.000,9999.000,9999.000,9999.000,9999.000,9999.000,9999.000
202608041018,   4.768,   4.467,9999.000,9999.000,9999.000,9999.000,9999.000,9999.000,9999.000
202608041024,   4.909,   4.598,9999.000,9999.000,9999.000,9999.000,9999.000,9999.000,9999.000
202608041030,   5.045,   4.729,9999.000,9999.000,9999.000,9999.000,9999.000,9999.000,9999.000
202608041036,   5.177,   4.847,9999.000,9999.000,9999.000,9999.000,9999.000,9999.000,9999.000
202608041042,   5.305,   4.969,9999.000,9999.000,9999.000,9999.000,9999.000,9999.000,9999.000
202608041048,   5.428,   5.087,9999.000,9999.000,9999.000,9999.000,9999.000,9999.000,9999.000
202608041054,   5.545,   5.218,9999.000,9999.000,9999.000,9999.000,9999.000,9999.000,9999.000
202608041100,   5.657,   5.339,  -0.100,  -0.218,   5.339,  -0.100,   5.339,   0.000,   5.439
202608041106,   5.764,   5.428,9999.000,9999.000,9999.000,9999.000,9999.000,9999.000,9999.000
202608041112,   5.865,   5.539,9999.000,9999.000,9999.000,9999.000,9999.000,9999.000,9999.000
202608041118,   5.960,   5.638,9999.000,9999.000,9999.000,9999.000,9999.000,9999.000,9999.000
202608041124,   6.049,   5.749,9999.000,9999.000,9999.000,9999.000,9999.000,9999.000,9999.000
202608041130,   6.132,   5.838,9999.000,9999.000,9999.000,9999.000,9999.000,9999.000,9999.000
202608041136,   6.208,   5.917,9999.000,9999.000,9999.000,9999.000,9999.000,9999.000,9999.000
202608041142,   6.278,   5.989,9999.000,9999.000,9999.000,9999.000,9999.000,9999.000,9999.000
202608041148,   6.342,   6.048,9999.000,9999.000,9999.000,9999.000,9999.000,9999.000,9999.000
202608041154,   6.399,   6.127,9999.000,9999.000,9999.000,9999.000,9999.000,9999.000,9999.000
202608041200,   6.449,   6.199,  -0.100,  -0.150,   6.199,  -0.100,   6.199,   0.000,   6.299
202608041206,   6.492,   6.258,9999.000,9999.000,9999.000,9999.000,9999.000,9999.000,9999.000
202608041212,   6.528,   6.297,9999.000,9999.000,9999.000,9999.000,9999.000,9999.000,9999.000
202608041218,   6.557,   6.307,9999.000,9999.000,9999.000,9999.000,9999.000,9999.000,9999.000
202608041224,   6.579,   6.336,9999.000,9999.000,9999.000,9999.000,9999.000,9999.000,9999.000
202608041230,   6.593,   6.369,9999.000,9999.000,9999.000,9999.000,9999.000,9999.000,9999.000
202608041236,   6.601,   6.379,9999.000,9999.000,9999.000,9999.000,9999.000,9999.000,9999.000
202608041242,   6.601,   6.389,9999.000,9999.000,9999.000,9999.000,9999.000,9999.000,9999.000
202608041248,   6.593,   6.379,9999.000,9999.000,9999.000,9999.000,9999.000,9999.000,9999.000
202608041254,   6.578,   6.369,9999.000,9999.000,9999.000,9999.000,9999.000,9999.000,9999.000
202608041300,   6.556,   6.359,  -0.100,  -0.097,   6.359,  -0.100,   6.359,   0.000,   6.459
202608041306,   6.525,   6.317,9999.000,9999.000,9999.000,9999.000,9999.000,9999.000,9999.000
202608041312,   6.488,   6.277,9999.000,9999.000,9999.000,9999.000,9999.000,9999.000,9999.000
202608041318,   6.443,   6.228,9999.000,9999.000,9999.000,9999.000,9999.000,9999.000,9999.000
202608041324,   6.390,   6.149,9999.000,9999.000,9999.000,9999.000,9999.000,9999.000,9999.000
202608041330,   6.329,   6.067,9999.000,9999.000,9999.000,9999.000,9999.000,9999.000,9999.000
202608041336,   6.262,   5.999,9999.000,9999.000,9999.000,9999.000,9999.000,9999.000,9999.000
202608041342,   6.187,   5.917,9999.000,9999.000,9999.000,9999.000,9999.000,9999.000,9999.000
202608041348,   6.105,   5.828,9999.000,9999.000,9999.000,9999.000,9999.000,9999.000,9999.000
202608041354,   6.015,   5.717,9999.000,9999.000,9999.000,9999.000,9999.000,9999.000,9999.000
202608041400,   5.919,   5.579,   0.000,  -0.340,   5.579,  -0.100,   5.479,   0.000,   5.579
202608041406,   5.817,   5.448,9999.000,9999.000,9999.000,9999.000,9999.000,9999.000,9999.000
202608041412,   5.708,   5.329,9999.000,9999.000,9999.000,9999.000,9999.000,9999.000,9999.000
202608041418,   5.592,   5.188,9999.000,9999.000,9999.000,9999.000,9999.000,9999.000,9999.000
202608041424,   5.472,   5.067,9999.000,9999.000,9999.000,9999.000,9999.000,9999.000,9999.000
202608041430,   5.345,   4.939,9999.000,9999.000,9999.000,9999.000,9999.000,9999.000,9999.000
202608041436,   5.214,   4.798,9999.000,9999.000,9999.000,9999.000,9999.000,9999.000,9999.000
202608041442,   5.077,   4.637,9999.000,9999.000,9999.000,9999.000,9999.000,9999.000,9999.000
202608041448,   4.937,   4.490,9999.000,9999.000,9999.000,9999.000,9999.000,9999.000,9999.000
202608041454,   4.792,   4.329,9999.000,9999.000,9999.000,9999.000,9999.000,9999.000,9999.000
202608041500,   4.644,   4.159,   0.000,  -0.485,   4.159,   0.000,   4.159,   0.000,   4.159
202608041506,   4.493,   3.998,9999.000,9999.000,9999.000,9999.000,9999.000,9999.000,9999.000
202608041512,   4.340,   3.847,9999.000,9999.000,9999.000,9999.000,9999.000,9999.000,9999.000
202608041518,   4.184,   3.709,9999.000,9999.000,9999.000,9999.000,9999.000,9999.000,9999.000
202608041524,   4.028,   3.539,9999.000,9999.000,9999.000,9999.000,9999.000,9999.000,9999.000
202608041530,   3.870,   3.378,9999.000,9999.000,9999.000,9999.000,9999.000,9999.000,9999.000
202608041536,   3.712,   3.240,9999.000,9999.000,9999.000,9999.000,9999.000,9999.000,9999.000
202608041542,   3.553,   3.079,9999.000,9999.000,9999.000,9999.000,9999.000,9999.000,9999.000
202608041548,   3.396,   2.909,9999.000,9999.000,9999.000,9999.000,9999.000,9999.000,9999.000
202608041554,   3.240,   2.758,9999.000,9999.000,9999.000,9999.000,9999.000,9999.000,9999.000
202608041600,   3.085,   2.630,   0.000,  -0.455,   2.630,   0.000,   2.630,   0.000,   2.630
202608041606,   2.933,   2.489,9999.000,9999.000,9999.000,9999.000,9999.000,9999.000,9999.000
202608041612,   2.783,9999.000,9999.000,9999.000,9999.000,9999.000,9999.000,9999.000,9999.000
202608041618,   2.636,   2.220,9999.000,9999.000,9999.000,9999.000,9999.000,9999.000,9999.000
202608041624,   2.494,   2.089,9999.000,9999.000,9999.000,9999.000,9999.000,9999.000,9999.000
202608041630,   2.355,   1.990,9999.000,9999.000,9999.000,9999.000,9999.000,9999.000,9999.000
202608041636,   2.220,   1.859,9999.000,9999.000,9999.000,9999.000,9999.000,9999.000,9999.000
202608041642,   2.091,   1.748,9999.000,9999.000,9999.000,9999.000,9999.000,9999.000,9999.000
202608041648,   1.967,   1.649,9999.000,9999.000,9999.000,9999.000,9999.000,9999.000,9999.000
202608041654,   1.848,   1.538,9999.000,9999.000,9999.000,9999.000,9999.000,9999.000,9999.000
202608041700,   1.735,   1.380,   0.000,  -0.355,   1.380,   0.000,   1.380,   0.000,   1.380
202608041706,   1.628,   1.289,9999.000,9999.000,9999.000,9999.000,9999.000,9999.000,9999.000
202608041712,   1.528,   1.220,9999.000,9999.000,9999.000,9999.000,9999.000,9999.000,9999.000
202608041718,   1.435,   1.108,9999.000,9999.000,9999.000,9999.000,9999.000,9999.000,9999.000
202608041724,   1.348,   1.010,9999.000,9999.000,9999.000,9999.000,9999.000,9999.000,9999.000
202608041730,   1.268,   0.918,9999.000,9999.000,9999.000,9999.000,9999.000,9999.000,9999.000
202608041736,   1.196,   0.839,9999.000,9999.000,9999.000,9999.000,9999.000,9999.000,9999.000
202608041742,   1.131,   0.780,9999.000,9999.000,9999.000,9999.000,9999.000,9999.000,9999.000
202608041748,   1.073,   0.741,9999.000,9999.000,9999.000,9999.000,9999.000,9999.000,9999.000
202608041754,   1.023,   0.698,9999.000,9999.000,9999.000,9999.000,9999.000,9999.000,9999.000
202608041800,   0.980,   0.639,   0.000,  -0.341,   0.639,  -0.100,   0.539,   0.000,   0.639
202608041806,   0.945,   0.600,9999.000,9999.000,9999.000,9999.000,9999.000,9999.000,9999.000
202608041812,   0.917,   0.580,9999.000,9999.000,9999.000,9999.000,9999.000,9999.000,9999.000
202608041818,   0.898,   0.560,9999.000,9999.000,9999.000,9999.000,9999.000,9999.000,9999.000
202608041824,   0.886,   0.541,9999.000,9999.000,9999.000,9999.000,9999.000,9999.000,9999.000
202608041830,   0.882,   0.551,9999.000,9999.000,9999.000,9999.000,9999.000,9999.000,9999.000
202608041836,   0.886,   0.580,9999.000,9999.000,9999.000,9999.000,9999.000,9999.000,9999.000
202608041842,   0.898,   0.619,9999.000,9999.000,9999.000,9999.000,9999.000,9999.000,9999.000
202608041848,   0.917,   0.659,9999.000,9999.000,9999.000,9999.000,9999.000,9999.000,9999.000
202608041854,   0.945,   0.688,9999.000,9999.000,9999.000,9999.000,9999.000,9999.000,9999.000
202608041900,   0.980,   0.741,   0.000,  -0.239,   0.741,   0.000,   0.741,   0.000,   0.741
202608041906,   1.024,   0.810,9999.000,9999.000,9999.000,9999.000,9999.000,9999.000,9999.000
202608041912,   1.075,   0.898,9999.000,9999.000,9999.000,9999.000,9999.000,9999.000,9999.000
202608041918,   1.135,   1.000,9999.000,9999.000,9999.000,9999.000,9999.000,9999.000,9999.000
202608041924,   1.202,   1.098,9999.000,9999.000,9999.000,9999.000,9999.000,9999.000,9999.000
202608041930,   1.278,   1.200,9999.000,9999.000,9999.000,9999.000,9999.000,9999.000,9999.000
202608041936,   1.361,   1.289,9999.000,9999.000,9999.000,9999.000,9999.000,9999.000,9999.000
202608041942,   1.453,   1.400,9999.000,9999.000,9999.000,9999.000,9999.000,9999.000,9999.000
202608041948,   1.552,   1.518,9999.000,9999.000,9999.000,9999.000,9999.000,9999.000,9999.000
202608041954,   1.659,   1.649,9999.000,9999.000,9999.000,9999.000,9999.000,9999.000,9999.000
202608042000,   1.773,   1.790,   0.000,   0.017,   1.790,   0.000,   1.790,   0.000,   1.790
202608042006,   1.895,   1.918,9999.000,9999.000,9999.000,9999.000,9999.000,9999.000,9999.000
202608042012,   2.025,   2.040,9999.000,9999.000,9999.000,9999.000,9999.000,9999.000,9999.000
202608042018,   2.161,   2.191,9999.000,9999.000,9999.000,9999.000,9999.000,9999.000,9999.000
202608042024,   2.304,   2.338,9999.000,9999.000,9999.000,9999.000,9999.000,9999.000,9999.000
202608042030,   2.454,   2.479,9999.000,9999.000,9999.000,9999.000,9999.000,9999.000,9999.000
202608042036,   2.611,   2.620,9999.000,9999.000,9999.000,9999.000,9999.000,9999.000,9999.000
202608042042,   2.773,   2.778,9999.000,9999.000,9999.000,9999.000,9999.000,9999.000,9999.000
202608042048,   2.940,   2.929,9999.000,9999.000,9999.000,9999.000,9999.000,9999.000,9999.000
202608042054,   3.113,   3.089,9999.000,9999.000,9999.000,9999.000,9999.000,9999.000,9999.000
202608042100,   3.290,   3.250,   0.000,  -0.040,   3.250,   0.000,   3.250,   0.000,   3.250
202608042106,   3.471,   3.398,9999.000,9999.000,9999.000,9999.000,9999.000,9999.000,9999.000
202608042112,   3.655,   3.558,9999.000,9999.000,9999.000,9999.000,9999.000,9999.000,9999.000
202608042118,   3.843,   3.739,9999.000,9999.000,9999.000,9999.000,9999.000,9999.000,9999.000
202608042124,   4.033,   3.919,9999.000,9999.000,9999.000,9999.000,9999.000,9999.000,9999.000
202608042130,   4.225,   4.080,9999.000,9999.000,9999.000,9999.000,9999.000,9999.000,9999.000
202608042136,   4.418,   4.237,9999.000,9999.000,9999.000,9999.000,9999.000,9999.000,9999.000
202608042142,   4.612,   4.408,9999.000,9999.000,9999.000,9999.000,9999.000,9999.000,9999.000
202608042148,   4.805,   4.578,9999.000,9999.000,9999.000,9999.000,9999.000,9999.000,9999.000
202608042154,   4.998,   4.749,9999.000,9999.000,9999.000,9999.000,9999.000,9999.000,9999.000
202608042200,   5.190,   4.919,   0.000,  -0.271,   4.919,   0.000,   4.919,   0.000,   4.919
202608042206,   5.379,   5.097,9999.000,9999.000,9999.000,9999.000,9999.000,9999.000,9999.000
202608042212,   5.567,   5.267,9999.000,9999.000,9999.000,9999.000,9999.000,9999.000,9999.000
202608042218,   5.751,   5.428,9999.000,9999.000,9999.000,9999.000,9999.000,9999.000,9999.000
202608042224,   5.932,   5.589,9999.000,9999.000,9999.000,9999.000,9999.000,9999.000,9999.000
202608042230,   6.108,   5.759,9999.000,9999.000,9999.000,9999.000,9999.000,9999.000,9999.000
202608042236,   6.281,   5.926,9999.000,9999.000,9999.000,9999.000,9999.000,9999.000,9999.000
202608042242,   6.448,   6.107,9999.000,9999.000,9999.000,9999.000,9999.000,9999.000,9999.000
202608042248,   6.610,   6.248,9999.000,9999.000,9999.000,9999.000,9999.000,9999.000,9999.000
202608042254,   6.766,   6.409,9999.000,9999.000,9999.000,9999.000,9999.000,9999.000,9999.000
202608042300,   6.916,   6.579,   0.000,  -0.337,   6.579,   0.000,   6.579,   0.000,   6.579
202608042306,   7.059,   6.727,9999.000,9999.000,9999.000,9999.000,9999.000,9999.000,9999.000
202608042312,   7.196,   6.848,9999.000,9999.000,9999.000,9999.000,9999.000,9999.000,9999.000
202608042318,   7.326,   6.966,9999.000,9999.000,9999.000,9999.000,9999.000,9999.000,9999.000
202608042324,   7.449,   7.097,9999.000,9999.000,9999.000,9999.000,9999.000,9999.000,9999.000
202608042330,   7.564,   7.209,9999.000,9999.000,9999.000,9999.000,9999.000,9999.000,9999.000
202608042336,   7.672,   7.307,9999.000,9999.000,9999.000,9999.000,9999.000,9999.000,9999.000
202608042342,   7.772,   7.419,9999.000,9999.000,9999.000,9999.000,9999.000,9999.000,9999.000
202608042348,   7.864,   7.517,9999.000,9999.000,9999.000,9999.000,9999.000,9999.000,9999.000
202608042354,   7.948,   7.609,9999.000,9999.000,9999.000,9999.000,9999.000,9999.000,9999.000
202608050000,   8.024,   7.698,   0.000,  -0.326,   7.698,   0.000,   7.698,   0.000,   7.698
202608050006,   8.092,   7.757,9999.000,9999.000,9999.000,9999.000,9999.000,9999.000,9999.000
202608050012,   8.152,   7.806,9999.000,9999.000,9999.000,9999.000,9999.000,9999.000,9999.000
202608050018,   8.204,   7.868,9999.000,9999.000,9999.000,9999.000,9999.000,9999.000,9999.000
202608050024,   8.247,   7.917,9999.000,9999.000,9999.000,9999.000,9999.000,9999.000,9999.000
202608050030,   8.282,   7.967,9999.000,9999.000,9999.000,9999.000,9999.000,9999.000,9999.000
202608050036,   8.308,   7.996,9999.000,9999.000,9999.000,9999.000,9999.000,9999.000,9999.000
202608050042,   8.326,   8.039,9999.000,9999.000,9999.000,9999.000,9999.000,9999.000,9999.000
202608050048,   8.335,   8.058,9999.000,9999.000,9999.000,9999.000,9999.000,9999.000,9999.000
202608050054,   8.336,   8.068,9999.000,9999.000,9999.000,9999.000,9999.000,9999.000,9999.000
202608050100,   8.328,   8.078,   0.000,  -0.250,   8.078,   0.000,   8.078,   0.100,   8.178
202608050106,   8.311,   8.088,9999.000,9999.000,9999.000,9999.000,9999.000,9999.000,9999.000
202608050112,   8.287,   8.088,9999.000,9999.000,9999.000,9999.000,9999.000,9999.000,9999.000
202608050118,   8.253,   8.078,9999.000,9999.000,9999.000,9999.000,9999.000,9999.000,9999.000
202608050124,   8.211,   8.029,9999.000,9999.000,9999.000,9999.000,9999.000,9999.000,9999.000
202608050130,   8.161,   7.967,9999.000,9999.000,9999.000,9999.000,9999.000,9999.000,9999.000
202608050136,   8.102,   7.917,9999.000,9999.000,9999.000,9999.000,9999.000,9999.000,9999.000
202608050142,   8.035,   7.839,9999.000,9999.000,9999.000,9999.000,9999.000,9999.000,9999.000
202608050148,   7.959,   7.786,9999.000,9999.000,9999.000,9999.000,9999.000,9999.000,9999.000
202608050154,   7.876,   7.707,9999.000,9999.000,9999.000,9999.000,9999.000,9999.000,9999.000
202608050200,   7.784,   7.586,   0.000,  -0.198,   7.586,   0.000,   7.586,   0.100,   7.686
202608050206,   7.685,   7.517,9999.000,9999.000,9999.000,9999.000,9999.000,9999.000,9999.000
202608050212,   7.578,   7.419,9999.000,9999.000,9999.000,9999.000,9999.000,9999.000,9999.000
202608050218,   7.463,   7.288,9999.000,9999.000,9999.000,9999.000,9999.000,9999.000,9999.000
202608050224,   7.342,   7.176,9999.000,9999.000,9999.000,9999.000,9999.000,9999.000,9999.000
202608050230,   7.213,   7.058,9999.000,9999.000,9999.000,9999.000,9999.000,9999.000,9999.000
202608050236,   7.078,   6.917,9999.000,9999.000,9999.000,9999.000,9999.000,9999.000,9999.000
202608050242,   6.937,   6.779,9999.000,9999.000,9999.000,9999.000,9999.000,9999.000,9999.000
202608050248,   6.790,   6.638,9999.000,9999.000,9999.000,9999.000,9999.000,9999.000,9999.000
202608050254,   6.637,   6.487,9999.000,9999.000,9999.000,9999.000,9999.000,9999.000,9999.000
202608050300,   6.478,   6.327,   0.000,  -0.151,   6.327,   0.000,   6.327,   0.100,   6.427
202608050306,   6.315,   6.136,9999.000,9999.000,9999.000,9999.000,9999.000,9999.000,9999.000
202608050312,   6.148,   5.969,9999.000,9999.000,9999.000,9999.000,9999.000,9999.000,9999.000
202608050318,   5.977,   5.759,9999.000,9999.000,9999.000,9999.000,9999.000,9999.000,9999.000
202608050324,   5.802,   5.569,9999.000,9999.000,9999.000,9999.000,9999.000,9999.000,9999.000
202608050330,   5.624,   5.389,9999.000,9999.000,9999.000,9999.000,9999.000,9999.000,9999.000
202608050336,   5.444,   5.218,9999.000,9999.000,9999.000,9999.000,9999.000,9999.000,9999.000
202608050342,   5.261,   5.057,9999.000,9999.000,9999.000,9999.000,9999.000,9999.000,9999.000
202608050348,   5.077,   4.900,9999.000,9999.000,9999.000,9999.000,9999.000,9999.000,9999.000
202608050354,   4.893,   4.729,9999.000,9999.000,9999.000,9999.000,9999.000,9999.000,9999.000
202608050400,   4.707,   4.549,   0.000,  -0.158,   4.549,   0.000,   4.549,   0.100,   4.649
202608050406,   4.522,   4.359,9999.000,9999.000,9999.000,9999.000,9999.000,9999.000,9999.000
202608050412,   4.338,   4.168,9999.000,9999.000,9999.000,9999.000,9999.000,9999.000,9999.000
202608050418,   4.154,   3.968,9999.000,9999.000,9999.000,9999.000,9999.000,9999.000,9999.000
202608050424,   3.972,   2.824,9999.000,9999.000,9999.000,9999.000,9999.000,9999.000,9999.000
202608050430,   3.792,9999.000,9999.000,9999.000,9999.000,9999.000,9999.000,9999.000,9999.000
202608050436,   3.614,9999.000,9999.000,9999.000,9999.000,9999.000,9999.000,9999.000,9999.000
202608050442,   3.440,9999.000,9999.000,9999.000,9999.000,9999.000,9999.000,9999.000,9999.000
202608050448,   3.268,9999.000,9999.000,9999.000,9999.000,9999.000,9999.000,9999.000,9999.000
202608050454,   3.101,   2.978,9999.000,9999.000,9999.000,9999.000,9999.000,9999.000,9999.000
202608050500,   2.937,   2.830,   0.000,  -0.107,   2.830,   0.000,   2.830,   0.100,   2.930
202608050506,   2.778,   2.699,9999.000,9999.000,9999.000,9999.000,9999.000,9999.000,9999.000
202608050512,   2.623,   2.548,9999.000,9999.000,9999.000,9999.000,9999.000,9999.000,9999.000
202608050518,   2.474,   2.410,9999.000,9999.000,9999.000,9999.000,9999.000,9999.000,9999.000
202608050524,   2.330,   2.269,9999.000,9999.000,9999.000,9999.000,9999.000,9999.000,9999.000
202608050530,   2.191,   2.109,9999.000,9999.000,9999.000,9999.000,9999.000,9999.000,9999.000
202608050536,   2.058,   1.958,9999.000,9999.000,9999.000,9999.000,9999.000,9999.000,9999.000
202608050542,   1.931,   1.810,9999.000,9999.000,9999.000,9999.000,9999.000,9999.000,9999.000
202608050548,   1.809,   1.699,9999.000,9999.000,9999.000,9999.000,9999.000,9999.000,9999.000
202608050554,   1.694,   1.600,9999.000,9999.000,9999.000,9999.000,9999.000,9999.000,9999.000
202608050600,   1.585,   1.489,   0.100,  -0.196,   1.489,   0.100,   1.489,   0.100,   1.489
202608050606,   1.482,   1.380,9999.000,9999.000,9999.000,9999.000,9999.000,9999.000,9999.000
202608050612,   1.386,9999.000,9999.000,9999.000,9999.000,9999.000,9999.000,9999.000,9999.000
202608050618,   1.296,9999.000,9999.000,9999.000,9999.000,9999.000,9999.000,9999.000,9999.000
202608050624,   1.212,   0.567,9999.000,9999.000,9999.000,9999.000,9999.000,9999.000,9999.000
202608050630,   1.135,9999.000,9999.000,9999.000,9999.000,9999.000,9999.000,9999.000,9999.000
202608050636,   1.065,9999.000,9999.000,9999.000,9999.000,9999.000,9999.000,9999.000,9999.000
202608050642,   1.000,9999.000,9999.000,9999.000,9999.000,9999.000,9999.000,9999.000,9999.000
202608050648,   0.943,9999.000,9999.000,9999.000,9999.000,9999.000,9999.000,9999.000,9999.000
202608050654,   0.891,   0.619,9999.000,9999.000,9999.000,9999.000,9999.000,9999.000,9999.000
202608050700,   0.847,   0.570,   0.100,  -0.377,   0.570,   0.100,   0.570,   0.100,   0.570
202608050706,   0.808,   0.560,9999.000,9999.000,9999.000,9999.000,9999.000,9999.000,9999.000
202608050712,   0.777,   0.518,9999.000,9999.000,9999.000,9999.000,9999.000,9999.000,9999.000
202608050718,   0.752,   0.478,9999.000,9999.000,9999.000,9999.000,9999.000,9999.000,9999.000
202608050724,   0.733,   0.409,9999.000,9999.000,9999.000,9999.000,9999.000,9999.000,9999.000
202608050730,   0.722,   0.409,9999.000,9999.000,9999.000,9999.000,9999.000,9999.000,9999.000
202608050736,   0.717,   0.390,9999.000,9999.000,9999.000,9999.000,9999.000,9999.000,9999.000
202608050742,   0.718,   0.390,9999.000,9999.000,9999.000,9999.000,9999.000,9999.000,9999.000
202608050748,   0.727,   0.400,9999.000,9999.000,9999.000,9999.000,9999.000,9999.000,9999.000
202608050754,   0.742,   0.419,9999.000,9999.000,9999.000,9999.000,9999.000,9999.000,9999.000
202608050800,   0.765,   0.459,   0.100,  -0.406,   0.459,   0.100,   0.459,   0.100,   0.459
202608050806,   0.794,   0.498,9999.000,9999.000,9999.000,9999.000,9999.000,9999.000,9999.000
202608050812,   0.830,   0.560,9999.000,9999.000,9999.000,9999.000,9999.000,9999.000,9999.000
202608050818,   0.873,   0.610,9999.000,9999.000,9999.000,9999.000,9999.000,9999.000,9999.000
202608050824,   0.924,   0.669,9999.000,9999.000,9999.000,9999.000,9999.000,9999.000,9999.000
202608050830,   0.980,   0.751,9999.000,9999.000,9999.000,9999.000,9999.000,9999.000,9999.000
202608050836,   1.044,   0.819,9999.000,9999.000,9999.000,9999.000,9999.000,9999.000,9999.000
202608050842,   1.115,   0.888,9999.000,9999.000,9999.000,9999.000,9999.000,9999.000,9999.000
202608050848,   1.192,   0.980,9999.000,9999.000,9999.000,9999.000,9999.000,9999.000,9999.000
202608050854,   1.275,   1.088,9999.000,9999.000,9999.000,9999.000,9999.000,9999.000,9999.000
202608050900,   1.365,   1.190,   0.100,  -0.275,   1.190,   0.100,   1.190,   0.100,   1.190
202608050906,   1.460,   1.298,9999.000,9999.000,9999.000,9999.000,9999.000,9999.000,9999.000
202608050912,   1.562,   1.410,9999.000,9999.000,9999.000,9999.000,9999.000,9999.000,9999.000
202608050918,   1.669,   1.518,9999.000,9999.000,9999.000,9999.000,9999.000,9999.000,9999.000
202608050924,   1.781,   1.649,9999.000,9999.000,9999.000,9999.000,9999.000,9999.000,9999.000
202608050930,   1.897,   1.800,9999.000,9999.000,9999.000,9999.000,9999.000,9999.000,9999.000
202608050936,   2.018,   1.938,9999.000,9999.000,9999.000,9999.000,9999.000,9999.000,9999.000
202608050942,   2.143,   2.079,9999.000,9999.000,9999.000,9999.000,9999.000,9999.000,9999.000
202608050948,   2.272,   2.210,9999.000,9999.000,9999.000,9999.000,9999.000,9999.000,9999.000
202608050954,   2.403,   2.328,9999.000,9999.000,9999.000,9999.000,9999.000,9999.000,9999.000
202608051000,   2.538,   2.440,   0.100,  -0.198,   2.440,   0.100,   2.440,   0.100,   2.440
202608051006,   2.674,   2.568,9999.000,9999.000,9999.000,9999.000,9999.000,9999.000,9999.000
202608051012,   2.812,   2.699,9999.000,9999.000,9999.000,9999.000,9999.000,9999.000,9999.000
202608051018,   2.951,   2.830,9999.000,9999.000,9999.000,9999.000,9999.000,9999.000,9999.000
202608051024,   3.091,   2.968,9999.000,9999.000,9999.000,9999.000,9999.000,9999.000,9999.000
202608051030,   3.231,   3.119,9999.000,9999.000,9999.000,9999.000,9999.000,9999.000,9999.000
202608051036,   3.371,   3.260,9999.000,9999.000,9999.000,9999.000,9999.000,9999.000,9999.000
202608051042,   3.510,   3.398,9999.000,9999.000,9999.000,9999.000,9999.000,9999.000,9999.000
202608051048,   3.648,   3.529,9999.000,9999.000,9999.000,9999.000,9999.000,9999.000,9999.000
202608051054,   3.785,   3.650,9999.000,9999.000,9999.000,9999.000,9999.000,9999.000,9999.000
202608051100,   3.919,   3.758,   0.100,  -0.261,   3.758,   0.100,   3.758,   0.100,   3.758
202608051106,   4.052,   3.899,9999.000,9999.000,9999.000,9999.000,9999.000,9999.000,9999.000
202608051112,   4.181,   4.027,9999.000,9999.000,9999.000,9999.000,9999.000,9999.000,9999.000
202608051118,   4.308,   4.159,9999.000,9999.000,9999.000,9999.000,9999.000,9999.000,9999.000
202608051124,   4.432,   4.290,9999.000,9999.000,9999.000,9999.000,9999.000,9999.000,9999.000
202608051130,   4.552,   4.418,9999.000,9999.000,9999.000,9999.000,9999.000,9999.000,9999.000
202608051136,   4.669,   4.539,9999.000,9999.000,9999.000,9999.000,9999.000,9999.000,9999.000
202608051142,   4.781,   4.657,9999.000,9999.000,9999.000,9999.000,9999.000,9999.000,9999.000
202608051148,   4.890,   4.769,9999.000,9999.000,9999.000,9999.000,9999.000,9999.000,9999.000
202608051154,   4.994,   4.887,9999.000,9999.000,9999.000,9999.000,9999.000,9999.000,9999.000
202608051200,   5.093,   4.988,   0.100,  -0.205,   4.988,   0.100,   4.988,   0.100,   4.988
202608051206,   5.188,   5.087,9999.000,9999.000,9999.000,9999.000,9999.000,9999.000,9999.000
202608051212,   5.279,   5.179,9999.000,9999.000,9999.000,9999.000,9999.000,9999.000,9999.000
202608051218,   5.364,   5.277,9999.000,9999.000,9999.000,9999.000,9999.000,9999.000,9999.000
202608051224,   5.445,   5.379,9999.000,9999.000,9999.000,9999.000,9999.000,9999.000,9999.000
202608051230,   5.520,   5.448,9999.000,9999.000,9999.000,9999.000,9999.000,9999.000,9999.000
202608051236,   5.590,   5.530,9999.000,9999.000,9999.000,9999.000,9999.000,9999.000,9999.000
202608051242,   5.655,   5.608,9999.000,9999.000,9999.000,9999.000,9999.000,9999.000,9999.000
202608051248,   5.714,   5.677,9999.000,9999.000,9999.000,9999.000,9999.000,9999.000,9999.000
202608051254,   5.768,   5.730,9999.000,9999.000,9999.000,9999.000,9999.000,9999.000,9999.000
202608051300,   5.816,   5.789,   0.100,  -0.127,   5.789,   0.100,   5.789,   0.100,   5.789
202608051306,   5.858,   5.818,9999.000,9999.000,9999.000,9999.000,9999.000,9999.000,9999.000
202608051312,   5.894,   5.828,9999.000,9999.000,9999.000,9999.000,9999.000,9999.000,9999.000
202608051318,   5.925,   5.848,9999.000,9999.000,9999.000,9999.000,9999.000,9999.000,9999.000
202608051324,   5.949,   5.887,9999.000,9999.000,9999.000,9999.000,9999.000,9999.000,9999.000
202608051330,   5.967,   5.907,9999.000,9999.000,9999.000,9999.000,9999.000,9999.000,9999.000
202608051336,   5.978,   5.926,9999.000,9999.000,9999.000,9999.000,9999.000,9999.000,9999.000
202608051342,   5.984,   5.926,9999.000,9999.000,9999.000,9999.000,9999.000,9999.000,9999.000
202608051348,   5.983,   5.926,9999.000,9999.000,9999.000,9999.000,9999.000,9999.000,9999.000
202608051354,   5.975,   5.926,9999.000,9999.000,9999.000,9999.000,9999.000,9999.000,9999.000
202608051400,   5.961,   5.926,   0.100,  -0.135,   5.926,   0.100,   5.926,   0.100,   5.926
202608051406,   5.940,   5.897,9999.000,9999.000,9999.000,9999.000,9999.000,9999.000,9999.000
202608051412,   5.912,   5.858,9999.000,9999.000,9999.000,9999.000,9999.000,9999.000,9999.000
202608051418,   5.878,   5.818,9999.000,9999.000,9999.000,9999.000,9999.000,9999.000,9999.000
202608051424,   5.837,   5.789,9999.000,9999.000,9999.000,9999.000,9999.000,9999.000,9999.000
202608051430,   5.790,   5.739,9999.000,9999.000,9999.000,9999.000,9999.000,9999.000,9999.000
202608051436,   5.736,   5.667,9999.000,9999.000,9999.000,9999.000,9999.000,9999.000,9999.000
202608051442,   5.676,   5.618,9999.000,9999.000,9999.000,9999.000,9999.000,9999.000,9999.000
202608051448,   5.609,   5.539,9999.000,9999.000,9999.000,9999.000,9999.000,9999.000,9999.000
202608051454,   5.537,   5.448,9999.000,9999.000,9999.000,9999.000,9999.000,9999.000,9999.000
202608051500,   5.458,   5.359,   0.100,  -0.199,   5.359,   0.100,   5.359,   0.100,   5.359
202608051506,   5.374,   5.257,9999.000,9999.000,9999.000,9999.000,9999.000,9999.000,9999.000
202608051512,   5.284,   5.129,9999.000,9999.000,9999.000,9999.000,9999.000,9999.000,9999.000
202608051518,   5.189,   5.008,9999.000,9999.000,9999.000,9999.000,9999.000,9999.000,9999.000
202608051524,   5.090,   4.887,9999.000,9999.000,9999.000,9999.000,9999.000,9999.000,9999.000
202608051530,   4.985,   4.759,9999.000,9999.000,9999.000,9999.000,9999.000,9999.000,9999.000
202608051536,   4.877,   4.657,9999.000,9999.000,9999.000,9999.000,9999.000,9999.000,9999.000
202608051542,   4.764,   4.539,9999.000,9999.000,9999.000,9999.000,9999.000,9999.000,9999.000
202608051548,   4.648,   4.398,9999.000,9999.000,9999.000,9999.000,9999.000,9999.000,9999.000
202608051554,   4.530,   4.267,9999.000,9999.000,9999.000,9999.000,9999.000,9999.000,9999.000
202608051600,   4.408,   4.149,   0.100,  -0.359,   4.149,   0.100,   4.149,   0.100,   4.149
202608051606,   4.285,   4.037,9999.000,9999.000,9999.000,9999.000,9999.000,9999.000,9999.000
202608051612,   4.159,   3.909,9999.000,9999.000,9999.000,9999.000,9999.000,9999.000,9999.000
202608051618,   4.033,   3.778,9999.000,9999.000,9999.000,9999.000,9999.000,9999.000,9999.000
202608051624,   3.906,   3.650,9999.000,9999.000,9999.000,9999.000,9999.000,9999.000,9999.000
202608051630,   3.778,   3.519,9999.000,9999.000,9999.000,9999.000,9999.000,9999.000,9999.000
202608051636,   3.651,   3.417,9999.000,9999.000,9999.000,9999.000,9999.000,9999.000,9999.000
202608051642,   3.525,   3.299,9999.000,9999.000,9999.000,9999.000,9999.000,9999.000,9999.000
202608051648,   3.400,   3.178,9999.000,9999.000,9999.000,9999.000,9999.000,9999.000,9999.000
202608051654,   3.276,   3.050,9999.000,9999.000,9999.000,9999.000,9999.000,9999.000,9999.000
202608051700,   3.155,   2.919,   0.100,  -0.336,   2.919,   0.100,   2.919,   0.100,   2.919
202608051706,   3.036,   2.820,9999.000,9999.000,9999.000,9999.000,9999.000,9999.000,9999.000
202608051712,   2.921,   2.699,9999.000,9999.000,9999.000,9999.000,9999.000,9999.000,9999.000
202608051718,   2.808,   2.597,9999.000,9999.000,9999.000,9999.000,9999.000,9999.000,9999.000
202608051724,   2.700,   2.499,9999.000,9999.000,9999.000,9999.000,9999.000,9999.000,9999.000
202608051730,   2.596,   2.410,9999.000,9999.000,9999.000,9999.000,9999.000,9999.000,9999.000
202608051736,   2.496,   2.318,9999.000,9999.000,9999.000,9999.000,9999.000,9999.000,9999.000
202608051742,   2.401,   2.240,9999.000,9999.000,9999.000,9999.000,9999.000,9999.000,9999.000
202608051748,   2.311,   2.168,9999.000,9999.000,9999.000,9999.000,9999.000,9999.000,9999.000
202608051754,   2.227,   2.089,9999.000,9999.000,9999.000,9999.000,9999.000,9999.000,9999.000
202608051800,   2.148,   2.010,   0.100,  -0.238,   2.010,   0.000,   1.910,   0.100,   2.010
202608051806,   2.075,   1.938,9999.000,9999.000,9999.000,9999.000,9999.000,9999.000,9999.000
202608051812,   2.007,   1.879,9999.000,9999.000,9999.000,9999.000,9999.000,9999.000,9999.000
202608051818,   1.946,   1.840,9999.000,9999.000,9999.000,9999.000,9999.000,9999.000,9999.000
202608051824,   1.891,   1.790,9999.000,9999.000,9999.000,9999.000,9999.000,9999.000,9999.000
202608051830,   1.843,   1.738,9999.000,9999.000,9999.000,9999.000,9999.000,9999.000,9999.000
202608051836,   1.801,   1.689,9999.000,9999.000,9999.000,9999.000,9999.000,9999.000,9999.000
202608051842,   1.765,   1.669,9999.000,9999.000,9999.000,9999.000,9999.000,9999.000,9999.000
202608051848,   1.736,   1.649,9999.000,9999.000,9999.000,9999.000,9999.000,9999.000,9999.000
202608051854,   1.714,   1.649,9999.000,9999.000,9999.000,9999.000,9999.000,9999.000,9999.000
202608051900,   1.698,   1.659,   0.100,  -0.139,   1.659,   0.000,   1.559,   0.100,   1.659
202608051906,   1.689,   1.639,9999.000,9999.000,9999.000,9999.000,9999.000,9999.000,9999.000
202608051912,   1.686,   1.659,9999.000,9999.000,9999.000,9999.000,9999.000,9999.000,9999.000
202608051918,   1.691,   1.669,9999.000,9999.000,9999.000,9999.000,9999.000,9999.000,9999.000
202608051924,   1.702,   1.689,9999.000,9999.000,9999.000,9999.000,9999.000,9999.000,9999.000
202608051930,   1.719,   1.718,9999.000,9999.000,9999.000,9999.000,9999.000,9999.000,9999.000
202608051936,   1.744,   1.781,9999.000,9999.000,9999.000,9999.000,9999.000,9999.000,9999.000
202608051942,   1.775,   1.830,9999.000,9999.000,9999.000,9999.000,9999.000,9999.000,9999.000
202608051948,   1.813,   1.889,9999.000,9999.000,9999.000,9999.000,9999.000,9999.000,9999.000
202608051954,   1.858,   1.948,9999.000,9999.000,9999.000,9999.000,9999.000,9999.000,9999.000
202608052000,   1.910,   2.020,   0.100,   0.010,   2.020,   0.100,   2.020,   0.100,   2.020
202608052006,   1.968,   2.079,9999.000,9999.000,9999.000,9999.000,9999.000,9999.000,9999.000
202608052012,   2.034,   2.168,9999.000,9999.000,9999.000,9999.000,9999.000,9999.000,9999.000
202608052018,   2.106,   2.269,9999.000,9999.000,9999.000,9999.000,9999.000,9999.000,9999.000
202608052024,   2.185,   2.358,9999.000,9999.000,9999.000,9999.000,9999.000,9999.000,9999.000
202608052030,   2.271,   2.450,9999.000,9999.000,9999.000,9999.000,9999.000,9999.000,9999.000
202608052036,   2.364,   2.538,9999.000,9999.000,9999.000,9999.000,9999.000,9999.000,9999.000
202608052042,   2.464,   2.660,9999.000,9999.000,9999.000,9999.000,9999.000,9999.000,9999.000
202608052048,   2.570,   2.778,9999.000,9999.000,9999.000,9999.000,9999.000,9999.000,9999.000
202608052054,   2.683,   2.899,9999.000,9999.000,9999.000,9999.000,9999.000,9999.000,9999.000
202608052100,   2.802,   2.988,   0.100,   0.086,   2.988,   0.100,   2.988,   0.100,   2.988
202608052106,   2.927,   3.129,9999.000,9999.000,9999.000,9999.000,9999.000,9999.000,9999.000
202608052112,   3.059,   3.270,9999.000,9999.000,9999.000,9999.000,9999.000,9999.000,9999.000
202608052118,   3.196,   3.398,9999.000,9999.000,9999.000,9999.000,9999.000,9999.000,9999.000
202608052124,   3.339,   3.548,9999.000,9999.000,9999.000,9999.000,9999.000,9999.000,9999.000
202608052130,   3.487,   3.680,9999.000,9999.000,9999.000,9999.000,9999.000,9999.000,9999.000
202608052136,   3.640,   3.827,9999.000,9999.000,9999.000,9999.000,9999.000,9999.000,9999.000
202608052142,   3.797,   3.968,9999.000,9999.000,9999.000,9999.000,9999.000,9999.000,9999.000
202608052148,   3.959,   4.129,9999.000,9999.000,9999.000,9999.000,9999.000,9999.000,9999.000
202608052154,   4.124,   4.300,9999.000,9999.000,9999.000,9999.000,9999.000,9999.000,9999.000
202608052200,   4.292,   4.467,   0.100,   0.075,   4.467,   0.000,   4.367,   0.100,   4.467
202608052206,   4.463,   4.628,9999.000,9999.000,9999.000,9999.000,9999.000,9999.000,9999.000
202608052212,   4.637,   4.778,9999.000,9999.000,9999.000,9999.000,9999.000,9999.000,9999.000
202608052218,   4.811,   4.929,9999.000,9999.000,9999.000,9999.000,9999.000,9999.000,9999.000
202608052224,   4.987,   5.087,9999.000,9999.000,9999.000,9999.000,9999.000,9999.000,9999.000
202608052230,   5.163,   5.247,9999.000,9999.000,9999.000,9999.000,9999.000,9999.000,9999.000
202608052236,   5.339,   5.418,9999.000,9999.000,9999.000,9999.000,9999.000,9999.000,9999.000
202608052242,   5.515,   5.569,9999.000,9999.000,9999.000,9999.000,9999.000,9999.000,9999.000
202608052248,   5.689,   5.730,9999.000,9999.000,9999.000,9999.000,9999.000,9999.000,9999.000
202608052254,   5.861,   5.887,9999.000,9999.000,9999.000,9999.000,9999.000,9999.000,9999.000
202608052300,   6.032,   6.038,   0.100,  -0.094,   6.038,   0.100,   6.038,   0.100,   6.038
202608052306,   6.199,   6.179,9999.000,9999.000,9999.000,9999.000,9999.000,9999.000,9999.000
202608052312,   6.363,   6.346,9999.000,9999.000,9999.000,9999.000,9999.000,9999.000,9999.000
202608052318,   6.523,   6.497,9999.000,9999.000,9999.000,9999.000,9999.000,9999.000,9999.000
202608052324,   6.678,   6.619,9999.000,9999.000,9999.000,9999.000,9999.000,9999.000,9999.000
202608052330,   6.829,   6.779,9999.000,9999.000,9999.000,9999.000,9999.000,9999.000,9999.000
202608052336,   6.975,   6.907,9999.000,9999.000,9999.000,9999.000,9999.000,9999.000,9999.000
202608052342,   7.116,   7.038,9999.000,9999.000,9999.000,9999.000,9999.000,9999.000,9999.000
202608052348,   7.250,   7.156,9999.000,9999.000,9999.000,9999.000,9999.000,9999.000,9999.000
202608052354,   7.379,   7.288,9999.000,9999.000,9999.000,9999.000,9999.000,9999.000,9999.000
202608060000,   7.501,   7.409,   0.200,  -0.126,   7.575,   0.200,   7.575,   0.200,   7.575
202608060006,   7.616,   7.517,9999.000,9999.000,9999.000,9999.000,9999.000,9999.000,9999.000
202608060012,   7.725,   7.639,9999.000,9999.000,9999.000,9999.000,9999.000,9999.000,9999.000
202608060018,   7.827,   7.747,9999.000,9999.000,9999.000,9999.000,9999.000,9999.000,9999.000
202608060024,   7.922,   7.839,9999.000,9999.000,9999.000,9999.000,9999.000,9999.000,9999.000
202608060030,   8.009,   7.927,9999.000,9999.000,9999.000,9999.000,9999.000,9999.000,9999.000
202608060036,   8.089,   7.996,9999.000,9999.000,9999.000,9999.000,9999.000,9999.000,9999.000
202608060042,   8.161,   8.058,9999.000,9999.000,9999.000,9999.000,9999.000,9999.000,9999.000
202608060048,   8.226,   8.117,9999.000,9999.000,9999.000,9999.000,9999.000,9999.000,9999.000
202608060054,   8.283,   8.167,9999.000,9999.000,9999.000,9999.000,9999.000,9999.000,9999.000
202608060100,   8.332,   8.239,   0.200,  -0.065,   8.467,   0.200,   8.467,   0.200,   8.467
202608060106,   8.374,   8.268,9999.000,9999.000,9999.000,9999.000,9999.000,9999.000,9999.000
202608060112,   8.408,   8.278,9999.000,9999.000,9999.000,9999.000,9999.000,9999.000,9999.000
202608060118,   8.433,   8.288,9999.000,9999.000,9999.000,9999.000,9999.000,9999.000,9999.000
202608060124,   8.451,   8.298,9999.000,9999.000,9999.000,9999.000,9999.000,9999.000,9999.000
202608060130,   8.461,   8.318,9999.000,9999.000,9999.000,9999.000,9999.000,9999.000,9999.000
202608060136,   8.463,   8.327,9999.000,9999.000,9999.000,9999.000,9999.000,9999.000,9999.000
202608060142,   8.457,   8.337,9999.000,9999.000,9999.000,9999.000,9999.000,9999.000,9999.000
202608060148,   8.443,   8.327,9999.000,9999.000,9999.000,9999.000,9999.000,9999.000,9999.000
202608060154,   8.420,   8.298,9999.000,9999.000,9999.000,9999.000,9999.000,9999.000,9999.000
202608060200,   8.390,   8.288,   0.200,  -0.045,   8.545,   0.200,   8.545,   0.200,   8.545
202608060206,   8.352,   8.268,9999.000,9999.000,9999.000,9999.000,9999.000,9999.000,9999.000
202608060212,   8.305,   8.229,9999.000,9999.000,9999.000,9999.000,9999.000,9999.000,9999.000
202608060218,   8.251,   8.186,9999.000,9999.000,9999.000,9999.000,9999.000,9999.000,9999.000
202608060224,   8.189,   8.127,9999.000,9999.000,9999.000,9999.000,9999.000,9999.000,9999.000
202608060230,   8.119,   8.058,9999.000,9999.000,9999.000,9999.000,9999.000,9999.000,9999.000
202608060236,   8.041,   8.006,9999.000,9999.000,9999.000,9999.000,9999.000,9999.000,9999.000
202608060242,   7.956,   7.917,9999.000,9999.000,9999.000,9999.000,9999.000,9999.000,9999.000
202608060248,   7.863,   7.819,9999.000,9999.000,9999.000,9999.000,9999.000,9999.000,9999.000
202608060254,   7.763,   7.727,9999.000,9999.000,9999.000,9999.000,9999.000,9999.000,9999.000
202608060300,   7.655,   7.629,   0.200,  -0.106,   7.749,   0.200,   7.749,   0.200,   7.749
202608060306,   7.541,   7.517,9999.000,9999.000,9999.000,9999.000,9999.000,9999.000,9999.000
202608060312,   7.419,   7.409,9999.000,9999.000,9999.000,9999.000,9999.000,9999.000,9999.000
202608060318,   7.291,   7.248,9999.000,9999.000,9999.000,9999.000,9999.000,9999.000,9999.000
202608060324,   7.157,   7.088,9999.000,9999.000,9999.000,9999.000,9999.000,9999.000,9999.000
202608060330,   7.017,   6.947,9999.000,9999.000,9999.000,9999.000,9999.000,9999.000,9999.000
202608060336,   6.871,   6.799,9999.000,9999.000,9999.000,9999.000,9999.000,9999.000,9999.000
202608060342,   6.720,   6.658,9999.000,9999.000,9999.000,9999.000,9999.000,9999.000,9999.000
202608060348,   6.564,   6.497,9999.000,9999.000,9999.000,9999.000,9999.000,9999.000,9999.000
202608060354,   6.404,   6.317,9999.000,9999.000,9999.000,9999.000,9999.000,9999.000,9999.000
202608060400,   6.239,   6.127,   0.200,  -0.195,   6.244,   0.200,   6.244,   0.200,   6.244
202608060406,   6.070,   5.926,9999.000,9999.000,9999.000,9999.000,9999.000,9999.000,9999.000
202608060412,   5.898,   5.759,9999.000,9999.000,9999.000,9999.000,9999.000,9999.000,9999.000
202608060418,   5.723,   5.598,9999.000,9999.000,9999.000,9999.000,9999.000,9999.000,9999.000
202608060424,   5.546,   5.467,9999.000,9999.000,9999.000,9999.000,9999.000,9999.000,9999.000
202608060430,   5.367,   5.320,9999.000,9999.000,9999.000,9999.000,9999.000,9999.000,9999.000
202608060436,   5.186,   5.139,9999.000,9999.000,9999.000,9999.000,9999.000,9999.000,9999.000
202608060442,   5.005,   4.959,9999.000,9999.000,9999.000,9999.000,9999.000,9999.000,9999.000
202608060448,   4.822,   4.778,9999.000,9999.000,9999.000,9999.000,9999.000,9999.000,9999.000
202608060454,   4.640,   4.608,9999.000,9999.000,9999.000,9999.000,9999.000,9999.000,9999.000
202608060500,   4.458,   4.418,   0.200,  -0.264,   4.394,   0.200,   4.394,   0.200,   4.394
202608060506,   4.278,   4.237,9999.000,9999.000,9999.000,9999.000,9999.000,9999.000,9999.000
202608060512,   4.098,   4.057,9999.000,9999.000,9999.000,9999.000,9999.000,9999.000,9999.000
202608060518,   3.920,   3.880,9999.000,9999.000,9999.000,9999.000,9999.000,9999.000,9999.000
202608060524,   3.745,   3.709,9999.000,9999.000,9999.000,9999.000,9999.000,9999.000,9999.000
202608060530,   3.572,   3.539,9999.000,9999.000,9999.000,9999.000,9999.000,9999.000,9999.000
202608060536,   3.402,   3.368,9999.000,9999.000,9999.000,9999.000,9999.000,9999.000,9999.000
202608060542,   3.235,   3.197,9999.000,9999.000,9999.000,9999.000,9999.000,9999.000,9999.000
202608060548,   3.072,   3.050,9999.000,9999.000,9999.000,9999.000,9999.000,9999.000,9999.000
202608060554,   2.913,   2.909,9999.000,9999.000,9999.000,9999.000,9999.000,9999.000,9999.000
202608060600,   2.758,   2.909,   0.200,  -0.326,   2.632,   0.200,   2.632,   0.200,   2.632
202608060606,   2.608,9999.000,9999.000,9999.000,9999.000,9999.000,9999.000,9999.000,9999.000
202608060612,   2.462,9999.000,9999.000,9999.000,9999.000,9999.000,9999.000,9999.000,9999.000
202608060618,   2.322,9999.000,9999.000,9999.000,9999.000,9999.000,9999.000,9999.000,9999.000
202608060624,   2.186,9999.000,9999.000,9999.000,9999.000,9999.000,9999.000,9999.000,9999.000
202608060630,   2.056,9999.000,9999.000,9999.000,9999.000,9999.000,9999.000,9999.000,9999.000
202608060636,   1.930,9999.000,9999.000,9999.000,9999.000,9999.000,9999.000,9999.000,9999.000
202608060642,   1.811,9999.000,9999.000,9999.000,9999.000,9999.000,9999.000,9999.000,9999.000
202608060648,   1.696,9999.000,9999.000,9999.000,9999.000,9999.000,9999.000,9999.000,9999.000
202608060654,   1.588,9999.000,9999.000,9999.000,9999.000,9999.000,9999.000,9999.000,9999.000
202608060700,   1.484,9999.000,   0.200,  -0.380,   1.304,   0.200,   1.304,   0.200,   1.304
202608060706,   1.387,9999.000,9999.000,9999.000,9999.000,9999.000,9999.000,9999.000,9999.000
202608060712,   1.294,9999.000,9999.000,9999.000,9999.000,9999.000,9999.000,9999.000,9999.000
202608060718,   1.208,9999.000,9999.000,9999.000,9999.000,9999.000,9999.000,9999.000,9999.000
202608060724,   1.127,9999.000,9999.000,9999.000,9999.000,9999.000,9999.000,9999.000,9999.000
202608060730,   1.051,9999.000,9999.000,9999.000,9999.000,9999.000,9999.000,9999.000,9999.000
202608060736,   0.981,9999.000,9999.000,9999.000,9999.000,9999.000,9999.000,9999.000,9999.000
202608060742,   0.917,9999.000,9999.000,9999.000,9999.000,9999.000,9999.000,9999.000,9999.000
202608060748,   0.858,9999.000,9999.000,9999.000,9999.000,9999.000,9999.000,9999.000,9999.000
202608060754,   0.805,9999.000,9999.000,9999.000,9999.000,9999.000,9999.000,9999.000,9999.000
202608060800,   0.758,9999.000,   0.200,  -0.375,   0.583,   0.200,   0.583,   0.200,   0.583
202608060806,   0.716,9999.000,9999.000,9999.000,9999.000,9999.000,9999.000,9999.000,9999.000
202608060812,   0.680,9999.000,9999.000,9999.000,9999.000,9999.000,9999.000,9999.000,9999.000
202608060818,   0.649,9999.000,9999.000,9999.000,9999.000,9999.000,9999.000,9999.000,9999.000
202608060824,   0.624,9999.000,9999.000,9999.000,9999.000,9999.000,9999.000,9999.000,9999.000
202608060830,   0.606,9999.000,9999.000,9999.000,9999.000,9999.000,9999.000,9999.000,9999.000
202608060836,   0.593,9999.000,9999.000,9999.000,9999.000,9999.000,9999.000,9999.000,9999.000
202608060842,   0.586,9999.000,9999.000,9999.000,9999.000,9999.000,9999.000,9999.000,9999.000
202608060848,   0.586,9999.000,9999.000,9999.000,9999.000,9999.000,9999.000,9999.000,9999.000
202608060854,   0.591,9999.000,9999.000,9999.000,9999.000,9999.000,9999.000,9999.000,9999.000
202608060900,   0.603,9999.000,   0.200,  -0.293,   0.510,   0.200,   0.510,   0.200,   0.510
202608060906,   0.621,9999.000,9999.000,9999.000,9999.000,9999.000,9999.000,9999.000,9999.000
202608060912,   0.646,9999.000,9999.000,9999.000,9999.000,9999.000,9999.000,9999.000,9999.000
202608060918,   0.677,9999.000,9999.000,9999.000,9999.000,9999.000,9999.000,9999.000,9999.000
202608060924,   0.714,9999.000,9999.000,9999.000,9999.000,9999.000,9999.000,9999.000,9999.000
202608060930,   0.758,9999.000,9999.000,9999.000,9999.000,9999.000,9999.000,9999.000,9999.000
202608060936,   0.808,9999.000,9999.000,9999.000,9999.000,9999.000,9999.000,9999.000,9999.000
202608060942,   0.864,9999.000,9999.000,9999.000,9999.000,9999.000,9999.000,9999.000,9999.000
202608060948,   0.926,9999.000,9999.000,9999.000,9999.000,9999.000,9999.000,9999.000,9999.000
202608060954,   0.995,9999.000,9999.000,9999.000,9999.000,9999.000,9999.000,9999.000,9999.000
202608061000,   1.069,9999.000,   0.200,  -0.202,   1.067,   0.200,   1.067,   0.200,   1.067
202608061006,   1.149,9999.000,9999.000,9999.000,9999.000,9999.000,9999.000,9999.000,9999.000
202608061012,   1.234,9999.000,9999.000,9999.000,9999.000,9999.000,9999.000,9999.000,9999.000
202608061018,   1.324,9999.000,9999.000,9999.000,9999.000,9999.000,9999.000,9999.000,9999.000
202608061024,   1.420,9999.000,9999.000,9999.000,9999.000,9999.000,9999.000,9999.000,9999.000
202608061030,   1.519,9999.000,9999.000,9999.000,9999.000,9999.000,9999.000,9999.000,9999.000
202608061036,   1.623,9999.000,9999.000,9999.000,9999.000,9999.000,9999.000,9999.000,9999.000
202608061042,   1.731,9999.000,9999.000,9999.000,9999.000,9999.000,9999.000,9999.000,9999.000
202608061048,   1.842,9999.000,9999.000,9999.000,9999.000,9999.000,9999.000,9999.000,9999.000
202608061054,   1.957,9999.000,9999.000,9999.000,9999.000,9999.000,9999.000,9999.000,9999.000
202608061100,   2.074,9999.000,   0.200,  -0.193,   2.081,   0.200,   2.081,   0.200,   2.081
202608061106,   2.193,9999.000,9999.000,9999.000,9999.000,9999.000,9999.000,9999.000,9999.000
202608061112,   2.314,9999.000,9999.000,9999.000,9999.000,9999.000,9999.000,9999.000,9999.000
202608061118,   2.436,9999.000,9999.000,9999.000,9999.000,9999.000,9999.000,9999.000,9999.000
202608061124,   2.560,9999.000,9999.000,9999.000,9999.000,9999.000,9999.000,9999.000,9999.000
202608061130,   2.684,9999.000,9999.000,9999.000,9999.000,9999.000,9999.000,9999.000,9999.000
202608061136,   2.808,9999.000,9999.000,9999.000,9999.000,9999.000,9999.000,9999.000,9999.000
202608061142,   2.932,9999.000,9999.000,9999.000,9999.000,9999.000,9999.000,9999.000,9999.000
202608061148,   3.056,9999.000,9999.000,9999.000,9999.000,9999.000,9999.000,9999.000,9999.000
202608061154,   3.179,9999.000,9999.000,9999.000,9999.000,9999.000,9999.000,9999.000,9999.000
202608061200,   3.301,9999.000,   0.200,  -0.271,   3.230,   0.200,   3.230,   0.200,   3.230
202608061206,   3.422,9999.000,9999.000,9999.000,9999.000,9999.000,9999.000,9999.000,9999.000
202608061212,   3.541,9999.000,9999.000,9999.000,9999.000,9999.000,9999.000,9999.000,9999.000
202608061218,   3.658,9999.000,9999.000,9999.000,9999.000,9999.000,9999.000,9999.000,9999.000
202608061224,   3.773,9999.000,9999.000,9999.000,9999.000,9999.000,9999.000,9999.000,9999.000
202608061230,   3.886,9999.000,9999.000,9999.000,9999.000,9999.000,9999.000,9999.000,9999.000
202608061236,   3.997,9999.000,9999.000,9999.000,9999.000,9999.000,9999.000,9999.000,9999.000
202608061242,   4.104,9999.000,9999.000,9999.000,9999.000,9999.000,9999.000,9999.000,9999.000
202608061248,   4.209,9999.000,9999.000,9999.000,9999.000,9999.000,9999.000,9999.000,9999.000
202608061254,   4.311,9999.000,9999.000,9999.000,9999.000,9999.000,9999.000,9999.000,9999.000
202608061300,   4.410,9999.000,   0.200,  -0.369,   4.241,   0.200,   4.241,   0.200,   4.241
202608061306,   4.506,9999.000,9999.000,9999.000,9999.000,9999.000,9999.000,9999.000,9999.000
202608061312,   4.598,9999.000,9999.000,9999.000,9999.000,9999.000,9999.000,9999.000,9999.000
202608061318,   4.687,9999.000,9999.000,9999.000,9999.000,9999.000,9999.000,9999.000,9999.000
202608061324,   4.772,9999.000,9999.000,9999.000,9999.000,9999.000,9999.000,9999.000,9999.000
202608061330,   4.854,9999.000,9999.000,9999.000,9999.000,9999.000,9999.000,9999.000,9999.000
202608061336,   4.931,9999.000,9999.000,9999.000,9999.000,9999.000,9999.000,9999.000,9999.000
202608061342,   5.005,9999.000,9999.000,9999.000,9999.000,9999.000,9999.000,9999.000,9999.000
202608061348,   5.074,9999.000,9999.000,9999.000,9999.000,9999.000,9999.000,9999.000,9999.000
202608061354,   5.139,9999.000,9999.000,9999.000,9999.000,9999.000,9999.000,9999.000,9999.000
202608061400,   5.199,9999.000,   0.200,  -0.426,   4.973,   0.200,   4.973,   0.200,   4.973
202608061406,   5.255,9999.000,9999.000,9999.000,9999.000,9999.000,9999.000,9999.000,9999.000
202608061412,   5.305,9999.000,9999.000,9999.000,9999.000,9999.000,9999.000,9999.000,9999.000
202608061418,   5.351,9999.000,9999.000,9999.000,9999.000,9999.000,9999.000,9999.000,9999.000
202608061424,   5.392,9999.000,9999.000,9999.000,9999.000,9999.000,9999.000,9999.000,9999.000
202608061430,   5.428,9999.000,9999.000,9999.000,9999.000,9999.000,9999.000,9999.000,9999.000
202608061436,   5.458,9999.000,9999.000,9999.000,9999.000,9999.000,9999.000,9999.000,9999.000
202608061442,   5.482,9999.000,9999.000,9999.000,9999.000,9999.000,9999.000,9999.000,9999.000
202608061448,   5.501,9999.000,9999.000,9999.000,9999.000,9999.000,9999.000,9999.000,9999.000
202608061454,   5.514,9999.000,9999.000,9999.000,9999.000,9999.000,9999.000,9999.000,9999.000
202608061500,   5.521,9999.000,   0.200,  -0.425,   5.296,   0.200,   5.296,   0.200,   5.296
202608061506,   5.522,9999.000,9999.000,9999.000,9999.000,9999.000,9999.000,9999.000,9999.000
202608061512,   5.518,9999.000,9999.000,9999.000,9999.000,9999.000,9999.000,9999.000,9999.000
202608061518,   5.507,9999.000,9999.000,9999.000,9999.000,9999.000,9999.000,9999.000,9999.000
202608061524,   5.490,9999.000,9999.000,9999.000,9999.000,9999.000,9999.000,9999.000,9999.000
202608061530,   5.468,9999.000,9999.000,9999.000,9999.000,9999.000,9999.000,9999.000,9999.000
202608061536,   5.439,9999.000,9999.000,9999.000,9999.000,9999.000,9999.000,9999.000,9999.000
202608061542,   5.404,9999.000,9999.000,9999.000,9999.000,9999.000,9999.000,9999.000,9999.000
202608061548,   5.364,9999.000,9999.000,9999.000,9999.000,9999.000,9999.000,9999.000,9999.000
202608061554,   5.318,9999.000,9999.000,9999.000,9999.000,9999.000,9999.000,9999.000,9999.000
202608061600,   5.266,9999.000,   0.200,  -0.369,   5.097,   0.200,   5.097,   0.300,   5.197
202608061606,   5.210,9999.000,9999.000,9999.000,9999.000,9999.000,9999.000,9999.000,9999.000
202608061612,   5.148,9999.000,9999.000,9999.000,9999.000,9999.000,9999.000,9999.000,9999.000
202608061618,   5.081,9999.000,9999.000,9999.000,9999.000,9999.000,9999.000,9999.000,9999.000
202608061624,   5.010,9999.000,9999.000,9999.000,9999.000,9999.000,9999.000,9999.000,9999.000
202608061630,   4.934,9999.000,9999.000,9999.000,9999.000,9999.000,9999.000,9999.000,9999.000
202608061636,   4.855,9999.000,9999.000,9999.000,9999.000,9999.000,9999.000,9999.000,9999.000
202608061642,   4.772,9999.000,9999.000,9999.000,9999.000,9999.000,9999.000,9999.000,9999.000
202608061648,   4.686,9999.000,9999.000,9999.000,9999.000,9999.000,9999.000,9999.000,9999.000
202608061654,   4.597,9999.000,9999.000,9999.000,9999.000,9999.000,9999.000,9999.000,9999.000
202608061700,   4.505,9999.000,   0.200,  -0.270,   4.435,   0.200,   4.435,   0.200,   4.435
202608061706,   4.412,9999.000,9999.000,9999.000,9999.000,9999.000,9999.000,9999.000,9999.000
202608061712,   4.316,9999.000,9999.000,9999.000,9999.000,9999.000,9999.000,9999.000,9999.000
202608061718,   4.220,9999.000,9999.000,9999.000,9999.000,9999.000,9999.000,9999.000,9999.000
202608061724,   4.123,9999.000,9999.000,9999.000,9999.000,9999.000,9999.000,9999.000,9999.000
202608061730,   4.026,9999.000,9999.000,9999.000,9999.000,9999.000,9999.000,9999.000,9999.000
202608061736,   3.929,9999.000,9999.000,9999.000,9999.000,9999.000,9999.000,9999.000,9999.000
202608061742,   3.832,9999.000,9999.000,9999.000,9999.000,9999.000,9999.000,9999.000,9999.000
202608061748,   3.737,9999.000,9999.000,9999.000,9999.000,9999.000,9999.000,9999.000,9999.000
202608061754,   3.642,9999.000,9999.000,9999.000,9999.000,9999.000,9999.000,9999.000,9999.000
202608061800,   3.550,9999.000,   0.200,  -0.143,   3.607,   0.100,   3.507,   0.200,   3.607
202608061806,   3.460,9999.000,9999.000,9999.000,9999.000,9999.000,9999.000,9999.000,9999.000
202608061812,   3.372,9999.000,9999.000,9999.000,9999.000,9999.000,9999.000,9999.000,9999.000
202608061818,   3.287,9999.000,9999.000,9999.000,9999.000,9999.000,9999.000,9999.000,9999.000
202608061824,   3.205,9999.000,9999.000,9999.000,9999.000,9999.000,9999.000,9999.000,9999.000
202608061830,   3.127,9999.000,9999.000,9999.000,9999.000,9999.000,9999.000,9999.000,9999.000
202608061836,   3.052,9999.000,9999.000,9999.000,9999.000,9999.000,9999.000,9999.000,9999.000
202608061842,   2.981,9999.000,9999.000,9999.000,9999.000,9999.000,9999.000,9999.000,9999.000
202608061848,   2.915,9999.000,9999.000,9999.000,9999.000,9999.000,9999.000,9999.000,9999.000
202608061854,   2.853,9999.000,9999.000,9999.000,9999.000,9999.000,9999.000,9999.000,9999.000
202608061900,   2.795,9999.000,   0.200,  -0.010,   2.985,   0.200,   2.985,   0.200,   2.985
202608061906,   2.742,9999.000,9999.000,9999.000,9999.000,9999.000,9999.000,9999.000,9999.000
202608061912,   2.694,9999.000,9999.000,9999.000,9999.000,9999.000,9999.000,9999.000,9999.000
202608061918,   2.651,9999.000,9999.000,9999.000,9999.000,9999.000,9999.000,9999.000,9999.000
202608061924,   2.613,9999.000,9999.000,9999.000,9999.000,9999.000,9999.000,9999.000,9999.000
202608061930,   2.580,9999.000,9999.000,9999.000,9999.000,9999.000,9999.000,9999.000,9999.000
202608061936,   2.552,9999.000,9999.000,9999.000,9999.000,9999.000,9999.000,9999.000,9999.000
202608061942,   2.529,9999.000,9999.000,9999.000,9999.000,9999.000,9999.000,9999.000,9999.000
202608061948,   2.511,9999.000,9999.000,9999.000,9999.000,9999.000,9999.000,9999.000,9999.000
202608061954,   2.499,9999.000,9999.000,9999.000,9999.000,9999.000,9999.000,9999.000,9999.000
202608062000,   2.493,9999.000,   0.200,   0.098,   2.791,   0.200,   2.791,   0.300,   2.891
202608062006,   2.491,9999.000,9999.000,9999.000,9999.000,9999.000,9999.000,9999.000,9999.000
202608062012,   2.495,9999.000,9999.000,9999.000,9999.000,9999.000,9999.000,9999.000,9999.000
202608062018,   2.505,9999.000,9999.000,9999.000,9999.000,9999.000,9999.000,9999.000,9999.000
202608062024,   2.520,9999.000,9999.000,9999.000,9999.000,9999.000,9999.000,9999.000,9999.000
202608062030,   2.541,9999.000,9999.000,9999.000,9999.000,9999.000,9999.000,9999.000,9999.000
202608062036,   2.567,9999.000,9999.000,9999.000,9999.000,9999.000,9999.000,9999.000,9999.000
202608062042,   2.599,9999.000,9999.000,9999.000,9999.000,9999.000,9999.000,9999.000,9999.000
202608062048,   2.637,9999.000,9999.000,9999.000,9999.000,9999.000,9999.000,9999.000,9999.000
202608062054,   2.681,9999.000,9999.000,9999.000,9999.000,9999.000,9999.000,9999.000,9999.000
202608062100,   2.730,9999.000,   0.200,   0.129,   3.059,   0.200,   3.059,   0.200,   3.059
202608062106,   2.786,9999.000,9999.000,9999.000,9999.000,9999.000,9999.000,9999.000,9999.000
202608062112,   2.847,9999.000,9999.000,9999.000,9999.000,9999.000,9999.000,9999.000,9999.000
202608062118,   2.915,9999.000,9999.000,9999.000,9999.000,9999.000,9999.000,9999.000,9999.000
202608062124,   2.988,9999.000,9999.000,9999.000,9999.000,9999.000,9999.000,9999.000,9999.000
202608062130,   3.068,9999.000,9999.000,9999.000,9999.000,9999.000,9999.000,9999.000,9999.000
202608062136,   3.154,9999.000,9999.000,9999.000,9999.000,9999.000,9999.000,9999.000,9999.000
202608062142,   3.245,9999.000,9999.000,9999.000,9999.000,9999.000,9999.000,9999.000,9999.000
202608062148,   3.343,9999.000,9999.000,9999.000,9999.000,9999.000,9999.000,9999.000,9999.000
202608062154,   3.447,9999.000,9999.000,9999.000,9999.000,9999.000,9999.000,9999.000,9999.000
202608062200,   3.556,9999.000,   0.200,   0.061,   3.817,   0.100,   3.717,   0.200,   3.817
202608062206,   3.671,9999.000,9999.000,9999.000,9999.000,9999.000,9999.000,9999.000,9999.000
202608062212,   3.791,9999.000,9999.000,9999.000,9999.000,9999.000,9999.000,9999.000,9999.000
202608062218,   3.917,9999.000,9999.000,9999.000,9999.000,9999.000,9999.000,9999.000,9999.000
202608062224,   4.047,9999.000,9999.000,9999.000,9999.000,9999.000,9999.000,9999.000,9999.000
202608062230,   4.182,9999.000,9999.000,9999.000,9999.000,9999.000,9999.000,9999.000,9999.000
202608062236,   4.321,9999.000,9999.000,9999.000,9999.000,9999.000,9999.000,9999.000,9999.000
202608062242,   4.464,9999.000,9999.000,9999.000,9999.000,9999.000,9999.000,9999.000,9999.000
202608062248,   4.610,9999.000,9999.000,9999.000,9999.000,9999.000,9999.000,9999.000,9999.000
202608062254,   4.760,9999.000,9999.000,9999.000,9999.000,9999.000,9999.000,9999.000,9999.000
202608062300,   4.912,9999.000,   0.200,  -0.051,   5.061,   0.200,   5.061,   0.200,   5.061
202608062306,   5.066,9999.000,9999.000,9999.000,9999.000,9999.000,9999.000,9999.000,9999.000
202608062312,   5.222,9999.000,9999.000,9999.000,9999.000,9999.000,9999.000,9999.000,9999.000
202608062318,   5.379,9999.000,9999.000,9999.000,9999.000,9999.000,9999.000,9999.000,9999.000
202608062324,   5.536,9999.000,9999.000,9999.000,9999.000,9999.000,9999.000,9999.000,9999.000
202608062330,   5.693,9999.000,9999.000,9999.000,9999.000,9999.000,9999.000,9999.000,9999.000
202608062336,   5.850,9999.000,9999.000,9999.000,9999.000,9999.000,9999.000,9999.000,9999.000
202608062342,   6.006,9999.000,9999.000,9999.000,9999.000,9999.000,9999.000,9999.000,9999.000
202608062348,   6.161,9999.000,9999.000,9999.000,9999.000,9999.000,9999.000,9999.000,9999.000
202608062354,   6.313,9999.000,9999.000,9999.000,9999.000,9999.000,9999.000,9999.000,9999.000
202608070000,   6.463,9999.000,   0.200,  -0.100,   6.563,   0.200,   6.563,   0.300,   6.663
202608070006,   6.610,9999.000,9999.000,9999.000,9999.000,9999.000,9999.000,9999.000,9999.000
202608070012,   6.753,9999.000,9999.000,9999.000,9999.000,9999.000,9999.000,9999.000,9999.000
202608070018,   6.893,9999.000,9999.000,9999.000,9999.000,9999.000,9999.000,9999.000,9999.000
202608070024,   7.028,9999.000,9999.000,9999.000,9999.000,9999.000,9999.000,9999.000,9999.000
202608070030,   7.159,9999.000,9999.000,9999.000,9999.000,9999.000,9999.000,9999.000,9999.000
202608070036,   7.285,9999.000,9999.000,9999.000,9999.000,9999.000,9999.000,9999.000,9999.000
202608070042,   7.406,9999.000,9999.000,9999.000,9999.000,9999.000,9999.000,9999.000,9999.000
202608070048,   7.522,9999.000,9999.000,9999.000,9999.000,9999.000,9999.000,9999.000,9999.000
202608070054,   7.632,9999.000,9999.000,9999.000,9999.000,9999.000,9999.000,9999.000,9999.000
202608070100,   7.736,9999.000,   0.200,  -0.060,   7.876,   0.200,   7.876,   0.300,   7.976
202608070106,   7.834,9999.000,9999.000,9999.000,9999.000,9999.000,9999.000,9999.000,9999.000
202608070112,   7.925,9999.000,9999.000,9999.000,9999.000,9999.000,9999.000,9999.000,9999.000
202608070118,   8.011,9999.000,9999.000,9999.000,9999.000,9999.000,9999.000,9999.000,9999.000
202608070124,   8.089,9999.000,9999.000,9999.000,9999.000,9999.000,9999.000,9999.000,9999.000
202608070130,   8.161,9999.000,9999.000,9999.000,9999.000,9999.000,9999.000,9999.000,9999.000
202608070136,   8.227,9999.000,9999.000,9999.000,9999.000,9999.000,9999.000,9999.000,9999.000
202608070142,   8.285,9999.000,9999.000,9999.000,9999.000,9999.000,9999.000,9999.000,9999.000
202608070148,   8.337,9999.000,9999.000,9999.000,9999.000,9999.000,9999.000,9999.000,9999.000
202608070154,   8.381,9999.000,9999.000,9999.000,9999.000,9999.000,9999.000,9999.000,9999.000
202608070200,   8.419,9999.000,   0.200,  -0.017,   8.602,   0.200,   8.602,   0.200,   8.602
202608070206,   8.449,9999.000,9999.000,9999.000,9999.000,9999.000,9999.000,9999.000,9999.000
202608070212,   8.472,9999.000,9999.000,9999.000,9999.000,9999.000,9999.000,9999.000,9999.000
202608070218,   8.488,9999.000,9999.000,9999.000,9999.000,9999.000,9999.000,9999.000,9999.000
202608070224,   8.496,9999.000,9999.000,9999.000,9999.000,9999.000,9999.000,9999.000,9999.000
202608070230,   8.497,9999.000,9999.000,9999.000,9999.000,9999.000,9999.000,9999.000,9999.000
202608070236,   8.491,9999.000,9999.000,9999.000,9999.000,9999.000,9999.000,9999.000,9999.000
202608070242,   8.477,9999.000,9999.000,9999.000,9999.000,9999.000,9999.000,9999.000,9999.000
202608070248,   8.456,9999.000,9999.000,9999.000,9999.000,9999.000,9999.000,9999.000,9999.000
202608070254,   8.428,9999.000,9999.000,9999.000,9999.000,9999.000,9999.000,9999.000,9999.000
202608070300,   8.391,9999.000,   0.200,  -0.047,   8.544,   0.200,   8.544,   0.300,   8.644
202608070306,   8.348,9999.000,9999.000,9999.000,9999.000,9999.000,9999.000,9999.000,9999.000
202608070312,   8.296,9999.000,9999.000,9999.000,9999.000,9999.000,9999.000,9999.000,9999.000
202608070318,   8.238,9999.000,9999.000,9999.000,9999.000,9999.000,9999.000,9999.000,9999.000
202608070324,   8.172,9999.000,9999.000,9999.000,9999.000,9999.000,9999.000,9999.000,9999.000
202608070330,   8.098,9999.000,9999.000,9999.000,9999.000,9999.000,9999.000,9999.000,9999.000
202608070336,   8.017,9999.000,9999.000,9999.000,9999.000,9999.000,9999.000,9999.000,9999.000
202608070342,   7.929,9999.000,9999.000,9999.000,9999.000,9999.000,9999.000,9999.000,9999.000
202608070348,   7.834,9999.000,9999.000,9999.000,9999.000,9999.000,9999.000,9999.000,9999.000
202608070354,   7.733,9999.000,9999.000,9999.000,9999.000,9999.000,9999.000,9999.000,9999.000
202608070400,   7.624,9999.000,   0.200,  -0.126,   7.698,   0.200,   7.698,   0.300,   7.798
202608070406,   7.509,9999.000,9999.000,9999.000,9999.000,9999.000,9999.000,9999.000,9999.000
202608070412,   7.387,9999.000,9999.000,9999.000,9999.000,9999.000,9999.000,9999.000,9999.000
202608070418,   7.260,9999.000,9999.000,9999.000,9999.000,9999.000,9999.000,9999.000,9999.000
202608070424,   7.126,9999.000,9999.000,9999.000,9999.000,9999.000,9999.000,9999.000,9999.000
202608070430,   6.987,9999.000,9999.000,9999.000,9999.000,9999.000,9999.000,9999.000,9999.000
202608070436,   6.843,9999.000,9999.000,9999.000,9999.000,9999.000,9999.000,9999.000,9999.000
202608070442,   6.694,9999.000,9999.000,9999.000,9999.000,9999.000,9999.000,9999.000,9999.000
202608070448,   6.540,9999.000,9999.000,9999.000,9999.000,9999.000,9999.000,9999.000,9999.000
202608070454,   6.382,9999.000,9999.000,9999.000,9999.000,9999.000,9999.000,9999.000,9999.000
202608070500,   6.221,9999.000,   0.200,  -0.190,   6.231,   0.200,   6.231,   0.300,   6.331
202608070506,   6.056,9999.000,9999.000,9999.000,9999.000,9999.000,9999.000,9999.000,9999.000
202608070512,   5.888,9999.000,9999.000,9999.000,9999.000,9999.000,9999.000,9999.000,9999.000
202608070518,   5.717,9999.000,9999.000,9999.000,9999.000,9999.000,9999.000,9999.000,9999.000
202608070524,   5.545,9999.000,9999.000,9999.000,9999.000,9999.000,9999.000,9999.000,9999.000
202608070530,   5.370,9999.000,9999.000,9999.000,9999.000,9999.000,9999.000,9999.000,9999.000
202608070536,   5.195,9999.000,9999.000,9999.000,9999.000,9999.000,9999.000,9999.000,9999.000
202608070542,   5.019,9999.000,9999.000,9999.000,9999.000,9999.000,9999.000,9999.000,9999.000
202608070548,   4.842,9999.000,9999.000,9999.000,9999.000,9999.000,9999.000,9999.000,9999.000
202608070554,   4.665,9999.000,9999.000,9999.000,9999.000,9999.000,9999.000,9999.000,9999.000
202608070600,   4.489,9999.000,   0.200,  -0.247,   4.442,   0.100,   4.342,   0.200,   4.442
202608070606,   4.314,9999.000,9999.000,9999.000,9999.000,9999.000,9999.000,9999.000,9999.000
202608070612,   4.139,9999.000,9999.000,9999.000,9999.000,9999.000,9999.000,9999.000,9999.000
202608070618,   3.967,9999.000,9999.000,9999.000,9999.000,9999.000,9999.000,9999.000,9999.000
202608070624,   3.797,9999.000,9999.000,9999.000,9999.000,9999.000,9999.000,9999.000,9999.000
202608070630,   3.628,9999.000,9999.000,9999.000,9999.000,9999.000,9999.000,9999.000,9999.000
202608070636,   3.463,9999.000,9999.000,9999.000,9999.000,9999.000,9999.000,9999.000,9999.000
202608070642,   3.300,9999.000,9999.000,9999.000,9999.000,9999.000,9999.000,9999.000,9999.000
202608070648,   3.141,9999.000,9999.000,9999.000,9999.000,9999.000,9999.000,9999.000,9999.000
202608070654,   2.984,9999.000,9999.000,9999.000,9999.000,9999.000,9999.000,9999.000,9999.000
202608070700,   2.832,9999.000,   0.200,  -0.327,   2.705,   0.100,   2.605,   0.200,   2.705
202608070706,   2.683,9999.000,9999.000,9999.000,9999.000,9999.000,9999.000,9999.000,9999.000
202608070712,   2.538,9999.000,9999.000,9999.000,9999.000,9999.000,9999.000,9999.000,9999.000
202608070718,   2.398,9999.000,9999.000,9999.000,9999.000,9999.000,9999.000,9999.000,9999.000
202608070724,   2.261,9999.000,9999.000,9999.000,9999.000,9999.000,9999.000,9999.000,9999.000
202608070730,   2.129,9999.000,9999.000,9999.000,9999.000,9999.000,9999.000,9999.000,9999.000
202608070736,   2.001,9999.000,9999.000,9999.000,9999.000,9999.000,9999.000,9999.000,9999.000
202608070742,   1.877,9999.000,9999.000,9999.000,9999.000,9999.000,9999.000,9999.000,9999.000
202608070748,   1.758,9999.000,9999.000,9999.000,9999.000,9999.000,9999.000,9999.000,9999.000
202608070754,   1.643,9999.000,9999.000,9999.000,9999.000,9999.000,9999.000,9999.000,9999.000
202608070800,   1.532,9999.000,   0.200,  -0.389,   1.343,   0.100,   1.243,   0.200,   1.343
202608070806,   1.427,9999.000,9999.000,9999.000,9999.000,9999.000,9999.000,9999.000,9999.000
202608070812,   1.325,9999.000,9999.000,9999.000,9999.000,9999.000,9999.000,9999.000,9999.000
202608070818,   1.228,9999.000,9999.000,9999.000,9999.000,9999.000,9999.000,9999.000,9999.000
202608070824,   1.136,9999.000,9999.000,9999.000,9999.000,9999.000,9999.000,9999.000,9999.000
202608070830,   1.048,9999.000,9999.000,9999.000,9999.000,9999.000,9999.000,9999.000,9999.000
202608070836,   0.965,9999.000,9999.000,9999.000,9999.000,9999.000,9999.000,9999.000,9999.000
202608070842,   0.886,9999.000,9999.000,9999.000,9999.000,9999.000,9999.000,9999.000,9999.000
202608070848,   0.812,9999.000,9999.000,9999.000,9999.000,9999.000,9999.000,9999.000,9999.000
202608070854,   0.743,9999.000,9999.000,9999.000,9999.000,9999.000,9999.000,9999.000,9999.000
202608070900,   0.679,9999.000,   0.200,  -0.362,   0.517,   0.100,   0.417,   0.200,   0.517
202608070906,   0.619,9999.000,9999.000,9999.000,9999.000,9999.000,9999.000,9999.000,9999.000
202608070912,   0.565,9999.000,9999.000,9999.000,9999.000,9999.000,9999.000,9999.000,9999.000
202608070918,   0.516,9999.000,9999.000,9999.000,9999.000,9999.000,9999.000,9999.000,9999.000
202608070924,   0.473,9999.000,9999.000,9999.000,9999.000,9999.000,9999.000,9999.000,9999.000
202608070930,   0.434,9999.000,9999.000,9999.000,9999.000,9999.000,9999.000,9999.000,9999.000
202608070936,   0.402,9999.000,9999.000,9999.000,9999.000,9999.000,9999.000,9999.000,9999.000
202608070942,   0.375,9999.000,9999.000,9999.000,9999.000,9999.000,9999.000,9999.000,9999.000
202608070948,   0.354,9999.000,9999.000,9999.000,9999.000,9999.000,9999.000,9999.000,9999.000
202608070954,   0.339,9999.000,9999.000,9999.000,9999.000,9999.000,9999.000,9999.000,9999.000
202608071000,   0.331,9999.000,   0.200,  -0.274,   0.257,   0.100,   0.157,   0.200,   0.257
202608071006,   0.328,9999.000,9999.000,9999.000,9999.000,9999.000,9999.000,9999.000,9999.000
202608071012,   0.332,9999.000,9999.000,9999.000,9999.000,9999.000,9999.000,9999.000,9999.000
202608071018,   0.343,9999.000,9999.000,9999.000,9999.000,9999.000,9999.000,9999.000,9999.000
202608071024,   0.360,9999.000,9999.000,9999.000,9999.000,9999.000,9999.000,9999.000,9999.000
202608071030,   0.383,9999.000,9999.000,9999.000,9999.000,9999.000,9999.000,9999.000,9999.000
202608071036,   0.413,9999.000,9999.000,9999.000,9999.000,9999.000,9999.000,9999.000,9999.000
202608071042,   0.450,9999.000,9999.000,9999.000,9999.000,9999.000,9999.000,9999.000,9999.000
202608071048,   0.493,9999.000,9999.000,9999.000,9999.000,9999.000,9999.000,9999.000,9999.000
202608071054,   0.542,9999.000,9999.000,9999.000,9999.000,9999.000,9999.000,9999.000,9999.000
202608071100,   0.597,9999.000,   0.200,  -0.241,   0.556,   0.100,   0.456,   0.200,   0.556
202608071106,   0.659,9999.000,9999.000,9999.000,9999.000,9999.000,9999.000,9999.000,9999.000
202608071112,   0.726,9999.000,9999.000,9999.000,9999.000,9999.000,9999.000,9999.000,9999.000
202608071118,   0.799,9999.000,9999.000,9999.000,9999.000,9999.000,9999.000,9999.000,9999.000
202608071124,   0.877,9999.000,9999.000,9999.000,9999.000,9999.000,9999.000,9999.000,9999.000
202608071130,   0.960,9999.000,9999.000,9999.000,9999.000,9999.000,9999.000,9999.000,9999.000
202608071136,   1.048,9999.000,9999.000,9999.000,9999.000,9999.000,9999.000,9999.000,9999.000
202608071142,   1.141,9999.000,9999.000,9999.000,9999.000,9999.000,9999.000,9999.000,9999.000
202608071148,   1.237,9999.000,9999.000,9999.000,9999.000,9999.000,9999.000,9999.000,9999.000
202608071154,   1.337,9999.000,9999.000,9999.000,9999.000,9999.000,9999.000,9999.000,9999.000
202608071200,   1.441,9999.000,   0.200,  -0.313,   1.328,   0.100,   1.228,   0.200,   1.328
202608071206,   1.548,9999.000,9999.000,9999.000,9999.000,9999.000,9999.000,9999.000,9999.000
202608071212,   1.657,9999.000,9999.000,9999.000,9999.000,9999.000,9999.000,9999.000,9999.000
202608071218,   1.769,9999.000,9999.000,9999.000,9999.000,9999.000,9999.000,9999.000,9999.000
202608071224,   1.883,9999.000,9999.000,9999.000,9999.000,9999.000,9999.000,9999.000,9999.000
202608071230,   1.998,9999.000,9999.000,9999.000,9999.000,9999.000,9999.000,9999.000,9999.000
202608071236,   2.115,9999.000,9999.000,9999.000,9999.000,9999.000,9999.000,9999.000,9999.000
202608071242,   2.233,9999.000,9999.000,9999.000,9999.000,9999.000,9999.000,9999.000,9999.000
202608071248,   2.352,9999.000,9999.000,9999.000,9999.000,9999.000,9999.000,9999.000,9999.000
202608071254,   2.472,9999.000,9999.000,9999.000,9999.000,9999.000,9999.000,9999.000,9999.000
202608071300,   2.591,9999.000,   0.100,  -0.422,   2.269,   0.100,   2.269,   0.200,   2.369
202608071306,   2.711,9999.000,9999.000,9999.000,9999.000,9999.000,9999.000,9999.000,9999.000
202608071312,   2.831,9999.000,9999.000,9999.000,9999.000,9999.000,9999.000,9999.000,9999.000
202608071318,   2.950,9999.000,9999.000,9999.000,9999.000,9999.000,9999.000,9999.000,9999.000
202608071324,   3.069,9999.000,9999.000,9999.000,9999.000,9999.000,9999.000,9999.000,9999.000
202608071330,   3.187,9999.000,9999.000,9999.000,9999.000,9999.000,9999.000,9999.000,9999.000
202608071336,   3.304,9999.000,9999.000,9999.000,9999.000,9999.000,9999.000,9999.000,9999.000
202608071342,   3.420,9999.000,9999.000,9999.000,9999.000,9999.000,9999.000,9999.000,9999.000
202608071348,   3.534,9999.000,9999.000,9999.000,9999.000,9999.000,9999.000,9999.000,9999.000
202608071354,   3.647,9999.000,9999.000,9999.000,9999.000,9999.000,9999.000,9999.000,9999.000
202608071400,   3.759,9999.000,   0.100,  -0.476,   3.383,   0.100,   3.383,   0.200,   3.483
202608071406,   3.868,9999.000,9999.000,9999.000,9999.000,9999.000,9999.000,9999.000,9999.000
202608071412,   3.976,9999.000,9999.000,9999.000,9999.000,9999.000,9999.000,9999.000,9999.000
202608071418,   4.082,9999.000,9999.000,9999.000,9999.000,9999.000,9999.000,9999.000,9999.000
202608071424,   4.185,9999.000,9999.000,9999.000,9999.000,9999.000,9999.000,9999.000,9999.000
202608071430,   4.285,9999.000,9999.000,9999.000,9999.000,9999.000,9999.000,9999.000,9999.000
202608071436,   4.383,9999.000,9999.000,9999.000,9999.000,9999.000,9999.000,9999.000,9999.000
202608071442,   4.478,9999.000,9999.000,9999.000,9999.000,9999.000,9999.000,9999.000,9999.000
202608071448,   4.570,9999.000,9999.000,9999.000,9999.000,9999.000,9999.000,9999.000,9999.000
202608071454,   4.658,9999.000,9999.000,9999.000,9999.000,9999.000,9999.000,9999.000,9999.000
202608071500,   4.743,9999.000,   0.200,  -0.454,   4.489,   0.100,   4.389,   0.200,   4.489
202608071506,   4.823,9999.000,9999.000,9999.000,9999.000,9999.000,9999.000,9999.000,9999.000
202608071512,   4.900,9999.000,9999.000,9999.000,9999.000,9999.000,9999.000,9999.000,9999.000
202608071518,   4.973,9999.000,9999.000,9999.000,9999.000,9999.000,9999.000,9999.000,9999.000
202608071524,   5.040,9999.000,9999.000,9999.000,9999.000,9999.000,9999.000,9999.000,9999.000
202608071530,   5.103,9999.000,9999.000,9999.000,9999.000,9999.000,9999.000,9999.000,9999.000
202608071536,   5.162,9999.000,9999.000,9999.000,9999.000,9999.000,9999.000,9999.000,9999.000
202608071542,   5.215,9999.000,9999.000,9999.000,9999.000,9999.000,9999.000,9999.000,9999.000
202608071548,   5.262,9999.000,9999.000,9999.000,9999.000,9999.000,9999.000,9999.000,9999.000
202608071554,   5.304,9999.000,9999.000,9999.000,9999.000,9999.000,9999.000,9999.000,9999.000
202608071600,   5.341,9999.000,   0.200,  -0.380,   5.161,   0.100,   5.061,   0.200,   5.161
202608071606,   5.371,9999.000,9999.000,9999.000,9999.000,9999.000,9999.000,9999.000,9999.000
202608071612,   5.396,9999.000,9999.000,9999.000,9999.000,9999.000,9999.000,9999.000,9999.000
202608071618,   5.415,9999.000,9999.000,9999.000,9999.000,9999.000,9999.000,9999.000,9999.000
202608071624,   5.428,9999.000,9999.000,9999.000,9999.000,9999.000,9999.000,9999.000,9999.000
202608071630,   5.434,9999.000,9999.000,9999.000,9999.000,9999.000,9999.000,9999.000,9999.000
202608071636,   5.435,9999.000,9999.000,9999.000,9999.000,9999.000,9999.000,9999.000,9999.000
202608071642,   5.430,9999.000,9999.000,9999.000,9999.000,9999.000,9999.000,9999.000,9999.000
202608071648,   5.418,9999.000,9999.000,9999.000,9999.000,9999.000,9999.000,9999.000,9999.000
202608071654,   5.401,9999.000,9999.000,9999.000,9999.000,9999.000,9999.000,9999.000,9999.000
202608071700,   5.378,9999.000,   0.100,  -0.276,   5.202,   0.100,   5.202,   0.200,   5.302
202608071706,   5.350,9999.000,9999.000,9999.000,9999.000,9999.000,9999.000,9999.000,9999.000
202608071712,   5.316,9999.000,9999.000,9999.000,9999.000,9999.000,9999.000,9999.000,9999.000
202608071718,   5.277,9999.000,9999.000,9999.000,9999.000,9999.000,9999.000,9999.000,9999.000
202608071724,   5.233,9999.000,9999.000,9999.000,9999.000,9999.000,9999.000,9999.000,9999.000
202608071730,   5.185,9999.000,9999.000,9999.000,9999.000,9999.000,9999.000,9999.000,9999.000
202608071736,   5.132,9999.000,9999.000,9999.000,9999.000,9999.000,9999.000,9999.000,9999.000
202608071742,   5.075,9999.000,9999.000,9999.000,9999.000,9999.000,9999.000,9999.000,9999.000
202608071748,   5.014,9999.000,9999.000,9999.000,9999.000,9999.000,9999.000,9999.000,9999.000
202608071754,   4.950,9999.000,9999.000,9999.000,9999.000,9999.000,9999.000,9999.000,9999.000
202608071800,   4.883,9999.000,   0.100,  -0.160,   4.823,   0.100,   4.823,   0.100,   4.823
202608071806,   4.813,9999.000,9999.000,9999.000,9999.000,9999.000,9999.000,9999.000,9999.000
202608071812,   4.741,9999.000,9999.000,9999.000,9999.000,9999.000,9999.000,9999.000,9999.000
202608071818,   4.667,9999.000,9999.000,9999.000,9999.000,9999.000,9999.000,9999.000,9999.000
202608071824,   4.592,9999.000,9999.000,9999.000,9999.000,9999.000,9999.000,9999.000,9999.000
202608071830,   4.516,9999.000,9999.000,9999.000,9999.000,9999.000,9999.000,9999.000,9999.000
202608071836,   4.438,9999.000,9999.000,9999.000,9999.000,9999.000,9999.000,9999.000,9999.000
202608071842,   4.361,9999.000,9999.000,9999.000,9999.000,9999.000,9999.000,9999.000,9999.000
202608071848,   4.284,9999.000,9999.000,9999.000,9999.000,9999.000,9999.000,9999.000,9999.000
202608071854,   4.207,9999.000,9999.000,9999.000,9999.000,9999.000,9999.000,9999.000,9999.000
202608071900,   4.130,9999.000,   0.100,  -0.048,   4.182,   0.100,   4.182,   0.200,   4.282
202608071906,   4.055,9999.000,9999.000,9999.000,9999.000,9999.000,9999.000,9999.000,9999.000
202608071912,   3.982,9999.000,9999.000,9999.000,9999.000,9999.000,9999.000,9999.000,9999.000
202608071918,   3.910,9999.000,9999.000,9999.000,9999.000,9999.000,9999.000,9999.000,9999.000
202608071924,   3.840,9999.000,9999.000,9999.000,9999.000,9999.000,9999.000,9999.000,9999.000
202608071930,   3.772,9999.000,9999.000,9999.000,9999.000,9999.000,9999.000,9999.000,9999.000
202608071936,   3.706,9999.000,9999.000,9999.000,9999.000,9999.000,9999.000,9999.000,9999.000
202608071942,   3.644,9999.000,9999.000,9999.000,9999.000,9999.000,9999.000,9999.000,9999.000
202608071948,   3.584,9999.000,9999.000,9999.000,9999.000,9999.000,9999.000,9999.000,9999.000
202608071954,   3.527,9999.000,9999.000,9999.000,9999.000,9999.000,9999.000,9999.000,9999.000
202608072000,   3.473,9999.000,   0.100,   0.050,   3.623,   0.100,   3.623,   0.200,   3.723
202608072006,   3.423,9999.000,9999.000,9999.000,9999.000,9999.000,9999.000,9999.000,9999.000
202608072012,   3.376,9999.000,9999.000,9999.000,9999.000,9999.000,9999.000,9999.000,9999.000
202608072018,   3.333,9999.000,9999.000,9999.000,9999.000,9999.000,9999.000,9999.000,9999.000
202608072024,   3.294,9999.000,9999.000,9999.000,9999.000,9999.000,9999.000,9999.000,9999.000
202608072030,   3.258,9999.000,9999.000,9999.000,9999.000,9999.000,9999.000,9999.000,9999.000
202608072036,   3.226,9999.000,9999.000,9999.000,9999.000,9999.000,9999.000,9999.000,9999.000
202608072042,   3.199,9999.000,9999.000,9999.000,9999.000,9999.000,9999.000,9999.000,9999.000
202608072048,   3.175,9999.000,9999.000,9999.000,9999.000,9999.000,9999.000,9999.000,9999.000
202608072054,   3.155,9999.000,9999.000,9999.000,9999.000,9999.000,9999.000,9999.000,9999.000
202608072100,   3.140,9999.000,   0.100,   0.108,   3.348,   0.100,   3.348,   0.200,   3.448
202608072106,   3.129,9999.000,9999.000,9999.000,9999.000,9999.000,9999.000,9999.000,9999.000
202608072112,   3.123,9999.000,9999.000,9999.000,9999.000,9999.000,9999.000,9999.000,9999.000
202608072118,   3.121,9999.000,9999.000,9999.000,9999.000,9999.000,9999.000,9999.000,9999.000
202608072124,   3.125,9999.000,9999.000,9999.000,9999.000,9999.000,9999.000,9999.000,9999.000
202608072130,   3.133,9999.000,9999.000,9999.000,9999.000,9999.000,9999.000,9999.000,9999.000
202608072136,   3.145,9999.000,9999.000,9999.000,9999.000,9999.000,9999.000,9999.000,9999.000
202608072142,   3.164,9999.000,9999.000,9999.000,9999.000,9999.000,9999.000,9999.000,9999.000
202608072148,   3.187,9999.000,9999.000,9999.000,9999.000,9999.000,9999.000,9999.000,9999.000
202608072154,   3.216,9999.000,9999.000,9999.000,9999.000,9999.000,9999.000,9999.000,9999.000
202608072200,   3.250,9999.000,   0.100,   0.086,   3.436,   0.100,   3.436,   0.100,   3.436
202608072206,   3.290,9999.000,9999.000,9999.000,9999.000,9999.000,9999.000,9999.000,9999.000
202608072212,   3.336,9999.000,9999.000,9999.000,9999.000,9999.000,9999.000,9999.000,9999.000
202608072218,   3.387,9999.000,9999.000,9999.000,9999.000,9999.000,9999.000,9999.000,9999.000
202608072224,   3.445,9999.000,9999.000,9999.000,9999.000,9999.000,9999.000,9999.000,9999.000
202608072230,   3.508,9999.000,9999.000,9999.000,9999.000,9999.000,9999.000,9999.000,9999.000
202608072236,   3.578,9999.000,9999.000,9999.000,9999.000,9999.000,9999.000,9999.000,9999.000
202608072242,   3.653,9999.000,9999.000,9999.000,9999.000,9999.000,9999.000,9999.000,9999.000
202608072248,   3.735,9999.000,9999.000,9999.000,9999.000,9999.000,9999.000,9999.000,9999.000
202608072254,   3.822,9999.000,9999.000,9999.000,9999.000,9999.000,9999.000,9999.000,9999.000
202608072300,   3.915,9999.000,   0.100,  -0.007,   4.008,   0.100,   4.008,   0.100,   4.008
202608072306,   4.014,9999.000,9999.000,9999.000,9999.000,9999.000,9999.000,9999.000,9999.000
202608072312,   4.118,9999.000,9999.000,9999.000,9999.000,9999.000,9999.000,9999.000,9999.000
202608072318,   4.228,9999.000,9999.000,9999.000,9999.000,9999.000,9999.000,9999.000,9999.000
202608072324,   4.342,9999.000,9999.000,9999.000,9999.000,9999.000,9999.000,9999.000,9999.000
202608072330,   4.461,9999.000,9999.000,9999.000,9999.000,9999.000,9999.000,9999.000,9999.000
202608072336,   4.585,9999.000,9999.000,9999.000,9999.000,9999.000,9999.000,9999.000,9999.000
202608072342,   4.712,9999.000,9999.000,9999.000,9999.000,9999.000,9999.000,9999.000,9999.000
202608072348,   4.843,9999.000,9999.000,9999.000,9999.000,9999.000,9999.000,9999.000,9999.000
202608072354,   4.977,9999.000,9999.000,9999.000,9999.000,9999.000,9999.000,9999.000,9999.000
202608080000,   5.114,9999.000,   0.100,  -0.082,   5.132,   0.100,   5.132,   0.100,   5.132
202608080006,   5.253,9999.000,9999.000,9999.000,9999.000,9999.000,9999.000,9999.000,9999.000
202608080012,   5.394,9999.000,9999.000,9999.000,9999.000,9999.000,9999.000,9999.000,9999.000
202608080018,   5.536,9999.000,9999.000,9999.000,9999.000,9999.000,9999.000,9999.000,9999.000
202608080024,   5.680,9999.000,9999.000,9999.000,9999.000,9999.000,9999.000,9999.000,9999.000
202608080030,   5.823,9999.000,9999.000,9999.000,9999.000,9999.000,9999.000,9999.000,9999.000
202608080036,   5.966,9999.000,9999.000,9999.000,9999.000,9999.000,9999.000,9999.000,9999.000
202608080042,   6.109,9999.000,9999.000,9999.000,9999.000,9999.000,9999.000,9999.000,9999.000
202608080048,   6.250,9999.000,9999.000,9999.000,9999.000,9999.000,9999.000,9999.000,9999.000
202608080054,   6.390,9999.000,9999.000,9999.000,9999.000,9999.000,9999.000,9999.000,9999.000
202608080100,   6.528,9999.000,   0.100,  -0.071,   6.557,   0.100,   6.557,   0.100,   6.557
202608080106,   6.664,9999.000,9999.000,9999.000,9999.000,9999.000,9999.000,9999.000,9999.000
202608080112,   6.797,9999.000,9999.000,9999.000,9999.000,9999.000,9999.000,9999.000,9999.000
202608080118,   6.926,9999.000,9999.000,9999.000,9999.000,9999.000,9999.000,9999.000,9999.000
202608080124,   7.052,9999.000,9999.000,9999.000,9999.000,9999.000,9999.000,9999.000,9999.000
202608080130,   7.175,9999.000,9999.000,9999.000,9999.000,9999.000,9999.000,9999.000,9999.000
202608080136,   7.293,9999.000,9999.000,9999.000,9999.000,9999.000,9999.000,9999.000,9999.000
202608080142,   7.407,9999.000,9999.000,9999.000,9999.000,9999.000,9999.000,9999.000,9999.000
202608080148,   7.516,9999.000,9999.000,9999.000,9999.000,9999.000,9999.000,9999.000,9999.000
202608080154,   7.621,9999.000,9999.000,9999.000,9999.000,9999.000,9999.000,9999.000,9999.000
202608080200,   7.721,9999.000,   0.100,  -0.021,   7.800,   0.100,   7.800,   0.100,   7.800
202608080206,   7.815,9999.000,9999.000,9999.000,9999.000,9999.000,9999.000,9999.000,9999.000
202608080212,   7.904,9999.000,9999.000,9999.000,9999.000,9999.000,9999.000,9999.000,9999.000
202608080218,   7.987,9999.000,9999.000,9999.000,9999.000,9999.000,9999.000,9999.000,9999.000
202608080224,   8.065,9999.000,9999.000,9999.000,9999.000,9999.000,9999.000,9999.000,9999.000
202608080230,   8.137,9999.000,9999.000,9999.000,9999.000,9999.000,9999.000,9999.000,9999.000
202608080236,   8.203,9999.000,9999.000,9999.000,9999.000,9999.000,9999.000,9999.000,9999.000
202608080242,   8.263,9999.000,9999.000,9999.000,9999.000,9999.000,9999.000,9999.000,9999.000
202608080248,   8.317,9999.000,9999.000,9999.000,9999.000,9999.000,9999.000,9999.000,9999.000
202608080254,   8.365,9999.000,9999.000,9999.000,9999.000,9999.000,9999.000,9999.000,9999.000
202608080300,   8.406,9999.000,   0.100,  -0.022,   8.484,   0.100,   8.484,   0.100,   8.484
202608080306,   8.441,9999.000,9999.000,9999.000,9999.000,9999.000,9999.000,9999.000,9999.000
202608080312,   8.469,9999.000,9999.000,9999.000,9999.000,9999.000,9999.000,9999.000,9999.000
202608080318,   8.490,9999.000,9999.000,9999.000,9999.000,9999.000,9999.000,9999.000,9999.000
202608080324,   8.505,9999.000,9999.000,9999.000,9999.000,9999.000,9999.000,9999.000,9999.000
202608080330,   8.513,9999.000,9999.000,9999.000,9999.000,9999.000,9999.000,9999.000,9999.000
202608080336,   8.513,9999.000,9999.000,9999.000,9999.000,9999.000,9999.000,9999.000,9999.000
202608080342,   8.507,9999.000,9999.000,9999.000,9999.000,9999.000,9999.000,9999.000,9999.000
202608080348,   8.493,9999.000,9999.000,9999.000,9999.000,9999.000,9999.000,9999.000,9999.000
202608080354,   8.472,9999.000,9999.000,9999.000,9999.000,9999.000,9999.000,9999.000,9999.000
202608080400,   8.444,9999.000,   0.100,  -0.074,   8.470,   0.100,   8.470,   0.100,   8.470
202608080406,   8.408,9999.000,9999.000,9999.000,9999.000,9999.000,9999.000,9999.000,9999.000
202608080412,   8.365,9999.000,9999.000,9999.000,9999.000,9999.000,9999.000,9999.000,9999.000
202608080418,   8.315,9999.000,9999.000,9999.000,9999.000,9999.000,9999.000,9999.000,9999.000
202608080424,   8.257,9999.000,9999.000,9999.000,9999.000,9999.000,9999.000,9999.000,9999.000
202608080430,   8.192,9999.000,9999.000,9999.000,9999.000,9999.000,9999.000,9999.000,9999.000
202608080436,   8.120,9999.000,9999.000,9999.000,9999.000,9999.000,9999.000,9999.000,9999.000
202608080442,   8.041,9999.000,9999.000,9999.000,9999.000,9999.000,9999.000,9999.000,9999.000
202608080448,   7.954,9999.000,9999.000,9999.000,9999.000,9999.000,9999.000,9999.000,9999.000
202608080454,   7.860,9999.000,9999.000,9999.000,9999.000,9999.000,9999.000,9999.000,9999.000
202608080500,   7.760,9999.000,   0.100,  -0.114,   7.746,   0.000,   7.646,   0.100,   7.746
202608080506,   7.653,9999.000,9999.000,9999.000,9999.000,9999.000,9999.000,9999.000,9999.000
202608080512,   7.539,9999.000,9999.000,9999.000,9999.000,9999.000,9999.000,9999.000,9999.000
202608080518,   7.419,9999.000,9999.000,9999.000,9999.000,9999.000,9999.000,9999.000,9999.000
202608080524,   7.293,9999.000,9999.000,9999.000,9999.000,9999.000,9999.000,9999.000,9999.000
202608080530,   7.161,9999.000,9999.000,9999.000,9999.000,9999.000,9999.000,9999.000,9999.000
202608080536,   7.024,9999.000,9999.000,9999.000,9999.000,9999.000,9999.000,9999.000,9999.000
202608080542,   6.882,9999.000,9999.000,9999.000,9999.000,9999.000,9999.000,9999.000,9999.000
202608080548,   6.735,9999.000,9999.000,9999.000,9999.000,9999.000,9999.000,9999.000,9999.000
202608080554,   6.583,9999.000,9999.000,9999.000,9999.000,9999.000,9999.000,9999.000,9999.000
202608080600,   6.427,9999.000,   0.100,  -0.150,   6.377,   0.000,   6.277,   0.100,   6.377
202608080606,   6.268,9999.000,9999.000,9999.000,9999.000,9999.000,9999.000,9999.000,9999.000
202608080612,   6.105,9999.000,9999.000,9999.000,9999.000,9999.000,9999.000,9999.000,9999.000
202608080618,   5.939,9999.000,9999.000,9999.000,9999.000,9999.000,9999.000,9999.000,9999.000
202608080624,   5.771,9999.000,9999.000,9999.000,9999.000,9999.000,9999.000,9999.000,9999.000
202608080630,   5.600,9999.000,9999.000,9999.000,9999.000,9999.000,9999.000,9999.000,9999.000
202608080636,   5.428,9999.000,9999.000,9999.000,9999.000,9999.000,9999.000,9999.000,9999.000
202608080642,   5.254,9999.000,9999.000,9999.000,9999.000,9999.000,9999.000,9999.000,9999.000
202608080648,   5.079,9999.000,9999.000,9999.000,9999.000,9999.000,9999.000,9999.000,9999.000
202608080654,   4.904,9999.000,9999.000,9999.000,9999.000,9999.000,9999.000,9999.000,9999.000
202608080700,   4.729,9999.000,   0.100,  -0.240,   4.589,   0.000,   4.489,   0.100,   4.589
202608080706,   4.553,9999.000,9999.000,9999.000,9999.000,9999.000,9999.000,9999.000,9999.000
202608080712,   4.379,9999.000,9999.000,9999.000,9999.000,9999.000,9999.000,9999.000,9999.000
202608080718,   4.205,9999.000,9999.000,9999.000,9999.000,9999.000,9999.000,9999.000,9999.000
202608080724,   4.032,9999.000,9999.000,9999.000,9999.000,9999.000,9999.000,9999.000,9999.000
202608080730,   3.860,9999.000,9999.000,9999.000,9999.000,9999.000,9999.000,9999.000,9999.000
202608080736,   3.691,9999.000,9999.000,9999.000,9999.000,9999.000,9999.000,9999.000,9999.000
202608080742,   3.523,9999.000,9999.000,9999.000,9999.000,9999.000,9999.000,9999.000,9999.000
202608080748,   3.357,9999.000,9999.000,9999.000,9999.000,9999.000,9999.000,9999.000,9999.000
202608080754,   3.194,9999.000,9999.000,9999.000,9999.000,9999.000,9999.000,9999.000,9999.000
202608080800,   3.033,9999.000,   0.100,  -0.355,   2.778,   0.000,   2.678,   0.100,   2.778
202608080806,   2.875,9999.000,9999.000,9999.000,9999.000,9999.000,9999.000,9999.000,9999.000
202608080812,   2.720,9999.000,9999.000,9999.000,9999.000,9999.000,9999.000,9999.000,9999.000
202608080818,   2.568,9999.000,9999.000,9999.000,9999.000,9999.000,9999.000,9999.000,9999.000
202608080824,   2.419,9999.000,9999.000,9999.000,9999.000,9999.000,9999.000,9999.000,9999.000
202608080830,   2.273,9999.000,9999.000,9999.000,9999.000,9999.000,9999.000,9999.000,9999.000
202608080836,   2.130,9999.000,9999.000,9999.000,9999.000,9999.000,9999.000,9999.000,9999.000
202608080842,   1.990,9999.000,9999.000,9999.000,9999.000,9999.000,9999.000,9999.000,9999.000
202608080848,   1.854,9999.000,9999.000,9999.000,9999.000,9999.000,9999.000,9999.000,9999.000
202608080854,   1.721,9999.000,9999.000,9999.000,9999.000,9999.000,9999.000,9999.000,9999.000
202608080900,   1.592,9999.000,   0.000,  -0.388,   1.204,   0.000,   1.204,   0.100,   1.304
202608080906,   1.466,9999.000,9999.000,9999.000,9999.000,9999.000,9999.000,9999.000,9999.000
202608080912,   1.344,9999.000,9999.000,9999.000,9999.000,9999.000,9999.000,9999.000,9999.000
202608080918,   1.226,9999.000,9999.000,9999.000,9999.000,9999.000,9999.000,9999.000,9999.000
202608080924,   1.111,9999.000,9999.000,9999.000,9999.000,9999.000,9999.000,9999.000,9999.000
202608080930,   1.000,9999.000,9999.000,9999.000,9999.000,9999.000,9999.000,9999.000,9999.000
202608080936,   0.893,9999.000,9999.000,9999.000,9999.000,9999.000,9999.000,9999.000,9999.000
202608080942,   0.790,9999.000,9999.000,9999.000,9999.000,9999.000,9999.000,9999.000,9999.000
202608080948,   0.692,9999.000,9999.000,9999.000,9999.000,9999.000,9999.000,9999.000,9999.000
202608080954,   0.598,9999.000,9999.000,9999.000,9999.000,9999.000,9999.000,9999.000,9999.000
202608081000,   0.509,9999.000,   0.000,  -0.321,   0.188,   0.000,   0.188,   0.100,   0.288
202608081006,   0.424,9999.000,9999.000,9999.000,9999.000,9999.000,9999.000,9999.000,9999.000
202608081012,   0.345,9999.000,9999.000,9999.000,9999.000,9999.000,9999.000,9999.000,9999.000
202608081018,   0.271,9999.000,9999.000,9999.000,9999.000,9999.000,9999.000,9999.000,9999.000
202608081024,   0.202,9999.000,9999.000,9999.000,9999.000,9999.000,9999.000,9999.000,9999.000
202608081030,   0.139,9999.000,9999.000,9999.000,9999.000,9999.000,9999.000,9999.000,9999.000
202608081036,   0.082,9999.000,9999.000,9999.000,9999.000,9999.000,9999.000,9999.000,9999.000
202608081042,   0.031,9999.000,9999.000,9999.000,9999.000,9999.000,9999.000,9999.000,9999.000
202608081048,  -0.012,9999.000,9999.000,9999.000,9999.000,9999.000,9999.000,9999.000,9999.000
202608081054,  -0.050,9999.000,9999.000,9999.000,9999.000,9999.000,9999.000,9999.000,9999.000
202608081100,  -0.081,9999.000,   0.100,  -0.272,  -0.253,   0.000,  -0.353,   0.100,  -0.253
202608081106,  -0.105,9999.000,9999.000,9999.000,9999.000,9999.000,9999.000,9999.000,9999.000
202608081112,  -0.122,9999.000,9999.000,9999.000,9999.000,9999.000,9999.000,9999.000,9999.000
202608081118,  -0.132,9999.000,9999.000,9999.000,9999.000,9999.000,9999.000,9999.000,9999.000
202608081124,  -0.135,9999.000,9999.000,9999.000,9999.000,9999.000,9999.000,9999.000,9999.000
202608081130,  -0.130,9999.000,9999.000,9999.000,9999.000,9999.000,9999.000,9999.000,9999.000
202608081136,  -0.118,9999.000,9999.000,9999.000,9999.000,9999.000,9999.000,9999.000,9999.000
202608081142,  -0.099,9999.000,9999.000,9999.000,9999.000,9999.000,9999.000,9999.000,9999.000
202608081148,  -0.072,9999.000,9999.000,9999.000,9999.000,9999.000,9999.000,9999.000,9999.000
202608081154,  -0.038,9999.000,9999.000,9999.000,9999.000,9999.000,9999.000,9999.000,9999.000
202608081200,   0.002,9999.000,   0.100,  -0.331,  -0.229,   0.000,  -0.329,   0.100,  -0.229
202608081206,   0.050,9999.000,9999.000,9999.000,9999.000,9999.000,9999.000,9999.000,9999.000
202608081212,   0.105,9999.000,9999.000,9999.000,9999.000,9999.000,9999.000,9999.000,9999.000
202608081218,   0.166,9999.000,9999.000,9999.000,9999.000,9999.000,9999.000,9999.000,9999.000
202608081224,   0.234,9999.000,9999.000,9999.000,9999.000,9999.000,9999.000,9999.000,9999.000
202608081230,   0.308,9999.000,9999.000,9999.000,9999.000,9999.000,9999.000,9999.000,9999.000
202608081236,   0.387,9999.000,9999.000,9999.000,9999.000,9999.000,9999.000,9999.000,9999.000
202608081242,   0.473,9999.000,9999.000,9999.000,9999.000,9999.000,9999.000,9999.000,9999.000
202608081248,   0.563,9999.000,9999.000,9999.000,9999.000,9999.000,9999.000,9999.000,9999.000
202608081254,   0.658,9999.000,9999.000,9999.000,9999.000,9999.000,9999.000,9999.000,9999.000
202608081300,   0.758,9999.000,   0.000,  -0.440,   0.318,   0.000,   0.318,   0.100,   0.418
202608081306,   0.862,9999.000,9999.000,9999.000,9999.000,9999.000,9999.000,9999.000,9999.000
202608081312,   0.970,9999.000,9999.000,9999.000,9999.000,9999.000,9999.000,9999.000,9999.000
202608081318,   1.082,9999.000,9999.000,9999.000,9999.000,9999.000,9999.000,9999.000,9999.000
202608081324,   1.198,9999.000,9999.000,9999.000,9999.000,9999.000,9999.000,9999.000,9999.000
202608081330,   1.316,9999.000,9999.000,9999.000,9999.000,9999.000,9999.000,9999.000,9999.000
202608081336,   1.437,9999.000,9999.000,9999.000,9999.000,9999.000,9999.000,9999.000,9999.000
202608081342,   1.561,9999.000,9999.000,9999.000,9999.000,9999.000,9999.000,9999.000,9999.000
202608081348,   1.687,9999.000,9999.000,9999.000,9999.000,9999.000,9999.000,9999.000,9999.000
202608081354,   1.814,9999.000,9999.000,9999.000,9999.000,9999.000,9999.000,9999.000,9999.000
202608081400,   1.944,9999.000,   0.000,  -0.493,   1.451,   0.000,   1.451,   0.100,   1.551
202608081406,   2.075,9999.000,9999.000,9999.000,9999.000,9999.000,9999.000,9999.000,9999.000
202608081412,   2.208,9999.000,9999.000,9999.000,9999.000,9999.000,9999.000,9999.000,9999.000
202608081418,   2.342,9999.000,9999.000,9999.000,9999.000,9999.000,9999.000,9999.000,9999.000
202608081424,   2.476,9999.000,9999.000,9999.000,9999.000,9999.000,9999.000,9999.000,9999.000
202608081430,   2.611,9999.000,9999.000,9999.000,9999.000,9999.000,9999.000,9999.000,9999.000
202608081436,   2.747,9999.000,9999.000,9999.000,9999.000,9999.000,9999.000,9999.000,9999.000
202608081442,   2.883,9999.000,9999.000,9999.000,9999.000,9999.000,9999.000,9999.000,9999.000
202608081448,   3.019,9999.000,9999.000,9999.000,9999.000,9999.000,9999.000,9999.000,9999.000
202608081454,   3.154,9999.000,9999.000,9999.000,9999.000,9999.000,9999.000,9999.000,9999.000
202608081500,   3.289,9999.000,   0.000,  -0.459,   2.830,   0.000,   2.830,   0.100,   2.930
202608081506,   3.424,9999.000,9999.000,9999.000,9999.000,9999.000,9999.000,9999.000,9999.000
202608081512,   3.557,9999.000,9999.000,9999.000,9999.000,9999.000,9999.000,9999.000,9999.000
202608081518,   3.690,9999.000,9999.000,9999.000,9999.000,9999.000,9999.000,9999.000,9999.000
202608081524,   3.820,9999.000,9999.000,9999.000,9999.000,9999.000,9999.000,9999.000,9999.000
202608081530,   3.949,9999.000,9999.000,9999.000,9999.000,9999.000,9999.000,9999.000,9999.000
202608081536,   4.076,9999.000,9999.000,9999.000,9999.000,9999.000,9999.000,9999.000,9999.000
202608081542,   4.201,9999.000,9999.000,9999.000,9999.000,9999.000,9999.000,9999.000,9999.000
202608081548,   4.323,9999.000,9999.000,9999.000,9999.000,9999.000,9999.000,9999.000,9999.000
202608081554,   4.441,9999.000,9999.000,9999.000,9999.000,9999.000,9999.000,9999.000,9999.000
202608081600,   4.557,9999.000,   0.100,  -0.375,   4.282,   0.000,   4.182,   0.100,   4.282
202608081606,   4.669,9999.000,9999.000,9999.000,9999.000,9999.000,9999.000,9999.000,9999.000
202608081612,   4.776,9999.000,9999.000,9999.000,9999.000,9999.000,9999.000,9999.000,9999.000
202608081618,   4.880,9999.000,9999.000,9999.000,9999.000,9999.000,9999.000,9999.000,9999.000
202608081624,   4.979,9999.000,9999.000,9999.000,9999.000,9999.000,9999.000,9999.000,9999.000
202608081630,   5.073,9999.000,9999.000,9999.000,9999.000,9999.000,9999.000,9999.000,9999.000
202608081636,   5.162,9999.000,9999.000,9999.000,9999.000,9999.000,9999.000,9999.000,9999.000
202608081642,   5.245,9999.000,9999.000,9999.000,9999.000,9999.000,9999.000,9999.000,9999.000
202608081648,   5.322,9999.000,9999.000,9999.000,9999.000,9999.000,9999.000,9999.000,9999.000
202608081654,   5.394,9999.000,9999.000,9999.000,9999.000,9999.000,9999.000,9999.000,9999.000
202608081700,   5.460,9999.000,   0.000,  -0.276,   5.184,   0.000,   5.184,   0.100,   5.284
202608081706,   5.519,9999.000,9999.000,9999.000,9999.000,9999.000,9999.000,9999.000,9999.000
202608081712,   5.571,9999.000,9999.000,9999.000,9999.000,9999.000,9999.000,9999.000,9999.000
202608081718,   5.617,9999.000,9999.000,9999.000,9999.000,9999.000,9999.000,9999.000,9999.000
202608081724,   5.656,9999.000,9999.000,9999.000,9999.000,9999.000,9999.000,9999.000,9999.000
202608081730,   5.689,9999.000,9999.000,9999.000,9999.000,9999.000,9999.000,9999.000,9999.000
202608081736,   5.715,9999.000,9999.000,9999.000,9999.000,9999.000,9999.000,9999.000,9999.000
202608081742,   5.733,9999.000,9999.000,9999.000,9999.000,9999.000,9999.000,9999.000,9999.000
202608081748,   5.745,9999.000,9999.000,9999.000,9999.000,9999.000,9999.000,9999.000,9999.000
202608081754,   5.751,9999.000,9999.000,9999.000,9999.000,9999.000,9999.000,9999.000,9999.000
202608081800,   5.749,9999.000,   0.000,  -0.182,   5.567,   0.000,   5.567,   0.100,   5.667
202608081806,   5.741,9999.000,9999.000,9999.000,9999.000,9999.000,9999.000,9999.000,9999.000
202608081812,   5.727,9999.000,9999.000,9999.000,9999.000,9999.000,9999.000,9999.000,9999.000
202608081818,   5.707,9999.000,9999.000,9999.000,9999.000,9999.000,9999.000,9999.000,9999.000
202608081824,   5.680,9999.000,9999.000,9999.000,9999.000,9999.000,9999.000,9999.000,9999.000
202608081830,   5.649,9999.000,9999.000,9999.000,9999.000,9999.000,9999.000,9999.000,9999.000
202608081836,   5.611,9999.000,9999.000,9999.000,9999.000,9999.000,9999.000,9999.000,9999.000
202608081842,   5.569,9999.000,9999.000,9999.000,9999.000,9999.000,9999.000,9999.000,9999.000
202608081848,   5.522,9999.000,9999.000,9999.000,9999.000,9999.000,9999.000,9999.000,9999.000
202608081854,   5.470,9999.000,9999.000,9999.000,9999.000,9999.000,9999.000,9999.000,9999.000
202608081900,   5.415,9999.000,   0.000,  -0.104,   5.311,   0.000,   5.311,   0.100,   5.411
202608081906,   5.355,9999.000,9999.000,9999.000,9999.000,9999.000,9999.000,9999.000,9999.000
202608081912,   5.292,9999.000,9999.000,9999.000,9999.000,9999.000,9999.000,9999.000,9999.000
202608081918,   5.227,9999.000,9999.000,9999.000,9999.000,9999.000,9999.000,9999.000,9999.000
202608081924,   5.158,9999.000,9999.000,9999.000,9999.000,9999.000,9999.000,9999.000,9999.000
202608081930,   5.088,9999.000,9999.000,9999.000,9999.000,9999.000,9999.000,9999.000,9999.000
202608081936,   5.015,9999.000,9999.000,9999.000,9999.000,9999.000,9999.000,9999.000,9999.000
202608081942,   4.941,9999.000,9999.000,9999.000,9999.000,9999.000,9999.000,9999.000,9999.000
202608081948,   4.866,9999.000,9999.000,9999.000,9999.000,9999.000,9999.000,9999.000,9999.000
202608081954,   4.790,9999.000,9999.000,9999.000,9999.000,9999.000,9999.000,9999.000,9999.000
202608082000,   4.714,9999.000,   0.000,  -0.033,   4.681,   0.000,   4.681,   0.100,   4.781
202608082006,   4.638,9999.000,9999.000,9999.000,9999.000,9999.000,9999.000,9999.000,9999.000
202608082012,   4.562,9999.000,9999.000,9999.000,9999.000,9999.000,9999.000,9999.000,9999.000
202608082018,   4.486,9999.000,9999.000,9999.000,9999.000,9999.000,9999.000,9999.000,9999.000
202608082024,   4.411,9999.000,9999.000,9999.000,9999.000,9999.000,9999.000,9999.000,9999.000
202608082030,   4.337,9999.000,9999.000,9999.000,9999.000,9999.000,9999.000,9999.000,9999.000
202608082036,   4.264,9999.000,9999.000,9999.000,9999.000,9999.000,9999.000,9999.000,9999.000
202608082042,   4.193,9999.000,9999.000,9999.000,9999.000,9999.000,9999.000,9999.000,9999.000
202608082048,   4.123,9999.000,9999.000,9999.000,9999.000,9999.000,9999.000,9999.000,9999.000
202608082054,   4.055,9999.000,9999.000,9999.000,9999.000,9999.000,9999.000,9999.000,9999.000
202608082100,   3.990,9999.000,   0.000,   0.036,   4.026,   0.000,   4.026,   0.100,   4.126
202608082106,   3.926,9999.000,9999.000,9999.000,9999.000,9999.000,9999.000,9999.000,9999.000
202608082112,   3.865,9999.000,9999.000,9999.000,9999.000,9999.000,9999.000,9999.000,9999.000
202608082118,   3.807,9999.000,9999.000,9999.000,9999.000,9999.000,9999.000,9999.000,9999.000
202608082124,   3.752,9999.000,9999.000,9999.000,9999.000,9999.000,9999.000,9999.000,9999.000
202608082130,   3.699,9999.000,9999.000,9999.000,9999.000,9999.000,9999.000,9999.000,9999.000
202608082136,   3.649,9999.000,9999.000,9999.000,9999.000,9999.000,9999.000,9999.000,9999.000
202608082142,   3.603,9999.000,9999.000,9999.000,9999.000,9999.000,9999.000,9999.000,9999.000
202608082148,   3.560,9999.000,9999.000,9999.000,9999.000,9999.000,9999.000,9999.000,9999.000
202608082154,   3.521,9999.000,9999.000,9999.000,9999.000,9999.000,9999.000,9999.000,9999.000
202608082200,   3.486,9999.000,   0.000,   0.060,   3.546,   0.000,   3.546,   0.100,   3.646
202608082206,   3.455,9999.000,9999.000,9999.000,9999.000,9999.000,9999.000,9999.000,9999.000
202608082212,   3.427,9999.000,9999.000,9999.000,9999.000,9999.000,9999.000,9999.000,9999.000
202608082218,   3.405,9999.000,9999.000,9999.000,9999.000,9999.000,9999.000,9999.000,9999.000
202608082224,   3.387,9999.000,9999.000,9999.000,9999.000,9999.000,9999.000,9999.000,9999.000
202608082230,   3.373,9999.000,9999.000,9999.000,9999.000,9999.000,9999.000,9999.000,9999.000
202608082236,   3.365,9999.000,9999.000,9999.000,9999.000,9999.000,9999.000,9999.000,9999.000
202608082242,   3.362,9999.000,9999.000,9999.000,9999.000,9999.000,9999.000,9999.000,9999.000
202608082248,   3.365,9999.000,9999.000,9999.000,9999.000,9999.000,9999.000,9999.000,9999.000
202608082254,   3.373,9999.000,9999.000,9999.000,9999.000,9999.000,9999.000,9999.000,9999.000
202608082300,   3.387,9999.000,   0.000,   0.006,   3.393,   0.000,   3.393,   0.100,   3.493
202608082306,   3.407,9999.000,9999.000,9999.000,9999.000,9999.000,9999.000,9999.000,9999.000
202608082312,   3.434,9999.000,9999.000,9999.000,9999.000,9999.000,9999.000,9999.000,9999.000
202608082318,   3.466,9999.000,9999.000,9999.000,9999.000,9999.000,9999.000,9999.000,9999.000
202608082324,   3.506,9999.000,9999.000,9999.000,9999.000,9999.000,9999.000,9999.000,9999.000
202608082330,   3.551,9999.000,9999.000,9999.000,9999.000,9999.000,9999.000,9999.000,9999.000
202608082336,   3.604,9999.000,9999.000,9999.000,9999.000,9999.000,9999.000,9999.000,9999.000
202608082342,   3.663,9999.000,9999.000,9999.000,9999.000,9999.000,9999.000,9999.000,9999.000
202608082348,   3.728,9999.000,9999.000,9999.000,9999.000,9999.000,9999.000,9999.000,9999.000
202608082354,   3.801,9999.000,9999.000,9999.000,9999.000,9999.000,9999.000,9999.000,9999.000
202608090000,   3.879,9999.000,   0.000,  -0.075,   3.804,   0.000,   3.804,   0.100,   3.904
202608090006,   3.964,9999.000,9999.000,9999.000,9999.000,9999.000,9999.000,9999.000,9999.000
202608090012,   4.055,9999.000,9999.000,9999.000,9999.000,9999.000,9999.000,9999.000,9999.000
202608090018,   4.152,9999.000,9999.000,9999.000,9999.000,9999.000,9999.000,9999.000,9999.000
202608090024,   4.255,9999.000,9999.000,9999.000,9999.000,9999.000,9999.000,9999.000,9999.000
202608090030,   4.362,9999.000,9999.000,9999.000,9999.000,9999.000,9999.000,9999.000,9999.000
202608090036,   4.475,9999.000,9999.000,9999.000,9999.000,9999.000,9999.000,9999.000,9999.000
202608090042,   4.593,9999.000,9999.000,9999.000,9999.000,9999.000,9999.000,9999.000,9999.000
202608090048,   4.714,9999.000,9999.000,9999.000,9999.000,9999.000,9999.000,9999.000,9999.000
202608090054,   4.840,9999.000,9999.000,9999.000,9999.000,9999.000,9999.000,9999.000,9999.000
202608090100,   4.969,9999.000,   0.000,  -0.095,   4.874,   0.000,   4.874,   0.100,   4.974
202608090106,   5.101,9999.000,9999.000,9999.000,9999.000,9999.000,9999.000,9999.000,9999.000
202608090112,   5.235,9999.000,9999.000,9999.000,9999.000,9999.000,9999.000,9999.000,9999.000
202608090118,   5.371,9999.000,9999.000,9999.000,9999.000,9999.000,9999.000,9999.000,9999.000
202608090124,   5.509,9999.000,9999.000,9999.000,9999.000,9999.000,9999.000,9999.000,9999.000
202608090130,   5.648,9999.000,9999.000,9999.000,9999.000,9999.000,9999.000,9999.000,9999.000
202608090136,   5.788,9999.000,9999.000,9999.000,9999.000,9999.000,9999.000,9999.000,9999.000
202608090142,   5.927,9999.000,9999.000,9999.000,9999.000,9999.000,9999.000,9999.000,9999.000
202608090148,   6.067,9999.000,9999.000,9999.000,9999.000,9999.000,9999.000,9999.000,9999.000
202608090154,   6.205,9999.000,9999.000,9999.000,9999.000,9999.000,9999.000,9999.000,9999.000
202608090200,   6.343,9999.000,   0.000,  -0.058,   6.285,   0.000,   6.285,   0.100,   6.385
202608090206,   6.479,9999.000,9999.000,9999.000,9999.000,9999.000,9999.000,9999.000,9999.000
202608090212,   6.613,9999.000,9999.000,9999.000,9999.000,9999.000,9999.000,9999.000,9999.000
202608090218,   6.745,9999.000,9999.000,9999.000,9999.000,9999.000,9999.000,9999.000,9999.000
202608090224,   6.875,9999.000,9999.000,9999.000,9999.000,9999.000,9999.000,9999.000,9999.000
202608090230,   7.002,9999.000,9999.000,9999.000,9999.000,9999.000,9999.000,9999.000,9999.000
202608090236,   7.125,9999.000,9999.000,9999.000,9999.000,9999.000,9999.000,9999.000,9999.000
202608090242,   7.245,9999.000,9999.000,9999.000,9999.000,9999.000,9999.000,9999.000,9999.000
202608090248,   7.362,9999.000,9999.000,9999.000,9999.000,9999.000,9999.000,9999.000,9999.000
202608090254,   7.475,9999.000,9999.000,9999.000,9999.000,9999.000,9999.000,9999.000,9999.000
202608090300,   7.583,9999.000,   0.000,  -0.036,   7.547,   0.000,   7.547,   0.100,   7.647
202608090306,   7.688,9999.000,9999.000,9999.000,9999.000,9999.000,9999.000,9999.000,9999.000
202608090312,   7.788,9999.000,9999.000,9999.000,9999.000,9999.000,9999.000,9999.000,9999.000
202608090318,   7.883,9999.000,9999.000,9999.000,9999.000,9999.000,9999.000,9999.000,9999.000
202608090324,   7.973,9999.000,9999.000,9999.000,9999.000,9999.000,9999.000,9999.000,9999.000
202608090330,   8.058,9999.000,9999.000,9999.000,9999.000,9999.000,9999.000,9999.000,9999.000
202608090336,   8.138,9999.000,9999.000,9999.000,9999.000,9999.000,9999.000,9999.000,9999.000
202608090342,   8.212,9999.000,9999.000,9999.000,9999.000,9999.000,9999.000,9999.000,9999.000
202608090348,   8.281,9999.000,9999.000,9999.000,9999.000,9999.000,9999.000,9999.000,9999.000
202608090354,   8.344,9999.000,9999.000,9999.000,9999.000,9999.000,9999.000,9999.000,9999.000
202608090400,   8.401,9999.000,   0.000,  -0.049,   8.352,   0.000,   8.352,   0.100,   8.452
202608090406,   8.452,9999.000,9999.000,9999.000,9999.000,9999.000,9999.000,9999.000,9999.000
202608090412,   8.496,9999.000,9999.000,9999.000,9999.000,9999.000,9999.000,9999.000,9999.000
202608090418,   8.534,9999.000,9999.000,9999.000,9999.000,9999.000,9999.000,9999.000,9999.000
202608090424,   8.565,9999.000,9999.000,9999.000,9999.000,9999.000,9999.000,9999.000,9999.000
202608090430,   8.589,9999.000,9999.000,9999.000,9999.000,9999.000,9999.000,9999.000,9999.000
202608090436,   8.606,9999.000,9999.000,9999.000,9999.000,9999.000,9999.000,9999.000,9999.000
202608090442,   8.616,9999.000,9999.000,9999.000,9999.000,9999.000,9999.000,9999.000,9999.000
202608090448,   8.618,9999.000,9999.000,9999.000,9999.000,9999.000,9999.000,9999.000,9999.000
202608090454,   8.613,9999.000,9999.000,9999.000,9999.000,9999.000,9999.000,9999.000,9999.000
202608090500,   8.600,9999.000,   0.000,  -0.051,   8.549,   0.000,   8.549,   0.100,   8.649
202608090506,   8.580,9999.000,9999.000,9999.000,9999.000,9999.000,9999.000,9999.000,9999.000
202608090512,   8.551,9999.000,9999.000,9999.000,9999.000,9999.000,9999.000,9999.000,9999.000
202608090518,   8.515,9999.000,9999.000,9999.000,9999.000,9999.000,9999.000,9999.000,9999.000
202608090524,   8.471,9999.000,9999.000,9999.000,9999.000,9999.000,9999.000,9999.000,9999.000
202608090530,   8.419,9999.000,9999.000,9999.000,9999.000,9999.000,9999.000,9999.000,9999.000
202608090536,   8.359,9999.000,9999.000,9999.000,9999.000,9999.000,9999.000,9999.000,9999.000
202608090542,   8.291,9999.000,9999.000,9999.000,9999.000,9999.000,9999.000,9999.000,9999.000
202608090548,   8.216,9999.000,9999.000,9999.000,9999.000,9999.000,9999.000,9999.000,9999.000
202608090554,   8.133,9999.000,9999.000,9999.000,9999.000,9999.000,9999.000,9999.000,9999.000
202608090600,   8.042,9999.000,   0.000,  -0.055,   7.987,   0.000,   7.987,   0.100,   8.087
202608090606,   7.944,9999.000,9999.000,9999.000,9999.000,9999.000,9999.000,9999.000,9999.000
202608090612,   7.838,9999.000,9999.000,9999.000,9999.000,9999.000,9999.000,9999.000,9999.000
202608090618,   7.725,9999.000,9999.000,9999.000,9999.000,9999.000,9999.000,9999.000,9999.000
202608090624,   7.606,9999.000,9999.000,9999.000,9999.000,9999.000,9999.000,9999.000,9999.000
202608090630,   7.480,9999.000,9999.000,9999.000,9999.000,9999.000,9999.000,9999.000,9999.000
202608090636,   7.348,9999.000,9999.000,9999.000,9999.000,9999.000,9999.000,9999.000,9999.000
202608090642,   7.210,9999.000,9999.000,9999.000,9999.000,9999.000,9999.000,9999.000,9999.000
202608090648,   7.066,9999.000,9999.000,9999.000,9999.000,9999.000,9999.000,9999.000,9999.000
202608090654,   6.917,9999.000,9999.000,9999.000,9999.000,9999.000,9999.000,9999.000,9999.000
202608090700,   6.762,9999.000,   0.000,  -0.136,   6.626,   0.000,   6.626,   0.100,   6.726
202608090706,   6.604,9999.000,9999.000,9999.000,9999.000,9999.000,9999.000,9999.000,9999.000
202608090712,   6.441,9999.000,9999.000,9999.000,9999.000,9999.000,9999.000,9999.000,9999.000
202608090718,   6.274,9999.000,9999.000,9999.000,9999.000,9999.000,9999.000,9999.000,9999.000
202608090724,   6.103,9999.000,9999.000,9999.000,9999.000,9999.000,9999.000,9999.000,9999.000
202608090730,   5.930,9999.000,9999.000,9999.000,9999.000,9999.000,9999.000,9999.000,9999.000
202608090736,   5.754,9999.000,9999.000,9999.000,9999.000,9999.000,9999.000,9999.000,9999.000
202608090742,   5.575,9999.000,9999.000,9999.000,9999.000,9999.000,9999.000,9999.000,9999.000
202608090748,   5.395,9999.000,9999.000,9999.000,9999.000,9999.000,9999.000,9999.000,9999.000
202608090754,   5.213,9999.000,9999.000,9999.000,9999.000,9999.000,9999.000,9999.000,9999.000
202608090800,   5.030,9999.000,   0.000,  -0.282,   4.748,   0.000,   4.748,   0.100,   4.848
202608090806,   4.847,9999.000,9999.000,9999.000,9999.000,9999.000,9999.000,9999.000,9999.000
202608090812,   4.662,9999.000,9999.000,9999.000,9999.000,9999.000,9999.000,9999.000,9999.000
202608090818,   4.478,9999.000,9999.000,9999.000,9999.000,9999.000,9999.000,9999.000,9999.000
202608090824,   4.294,9999.000,9999.000,9999.000,9999.000,9999.000,9999.000,9999.000,9999.000
202608090830,   4.110,9999.000,9999.000,9999.000,9999.000,9999.000,9999.000,9999.000,9999.000
202608090836,   3.927,9999.000,9999.000,9999.000,9999.000,9999.000,9999.000,9999.000,9999.000
202608090842,   3.745,9999.000,9999.000,9999.000,9999.000,9999.000,9999.000,9999.000,9999.000
202608090848,   3.564,9999.000,9999.000,9999.000,9999.000,9999.000,9999.000,9999.000,9999.000
202608090854,   3.384,9999.000,9999.000,9999.000,9999.000,9999.000,9999.000,9999.000,9999.000
202608090900,   3.206,9999.000,   0.000,  -0.368,   2.838,   0.000,   2.838,   0.000,   2.838
202608090906,   3.030,9999.000,9999.000,9999.000,9999.000,9999.000,9999.000,9999.000,9999.000
202608090912,   2.855,9999.000,9999.000,9999.000,9999.000,9999.000,9999.000,9999.000,9999.000
202608090918,   2.683,9999.000,9999.000,9999.000,9999.000,9999.000,9999.000,9999.000,9999.000
202608090924,   2.513,9999.000,9999.000,9999.000,9999.000,9999.000,9999.000,9999.000,9999.000
202608090930,   2.345,9999.000,9999.000,9999.000,9999.000,9999.000,9999.000,9999.000,9999.000
202608090936,   2.180,9999.000,9999.000,9999.000,9999.000,9999.000,9999.000,9999.000,9999.000
202608090942,   2.017,9999.000,9999.000,9999.000,9999.000,9999.000,9999.000,9999.000,9999.000
202608090948,   1.857,9999.000,9999.000,9999.000,9999.000,9999.000,9999.000,9999.000,9999.000
202608090954,   1.699,9999.000,9999.000,9999.000,9999.000,9999.000,9999.000,9999.000,9999.000
202608091000,   1.545,9999.000,   0.000,  -0.334,   1.211,   0.000,   1.211,   0.000,   1.211
202608091006,   1.394,9999.000,9999.000,9999.000,9999.000,9999.000,9999.000,9999.000,9999.000
202608091012,   1.246,9999.000,9999.000,9999.000,9999.000,9999.000,9999.000,9999.000,9999.000
202608091018,   1.101,9999.000,9999.000,9999.000,9999.000,9999.000,9999.000,9999.000,9999.000
202608091024,   0.960,9999.000,9999.000,9999.000,9999.000,9999.000,9999.000,9999.000,9999.000
202608091030,   0.823,9999.000,9999.000,9999.000,9999.000,9999.000,9999.000,9999.000,9999.000
202608091036,   0.690,9999.000,9999.000,9999.000,9999.000,9999.000,9999.000,9999.000,9999.000
202608091042,   0.561,9999.000,9999.000,9999.000,9999.000,9999.000,9999.000,9999.000,9999.000
202608091048,   0.437,9999.000,9999.000,9999.000,9999.000,9999.000,9999.000,9999.000,9999.000
202608091054,   0.317,9999.000,9999.000,9999.000,9999.000,9999.000,9999.000,9999.000,9999.000
202608091100,   0.203,9999.000,   0.000,  -0.281,  -0.078,   0.000,  -0.078,   0.100,   0.022
202608091106,   0.094,9999.000,9999.000,9999.000,9999.000,9999.000,9999.000,9999.000,9999.000
202608091112,  -0.009,9999.000,9999.000,9999.000,9999.000,9999.000,9999.000,9999.000,9999.000
202608091118,  -0.106,9999.000,9999.000,9999.000,9999.000,9999.000,9999.000,9999.000,9999.000
202608091124,  -0.197,9999.000,9999.000,9999.000,9999.000,9999.000,9999.000,9999.000,9999.000
202608091130,  -0.282,9999.000,9999.000,9999.000,9999.000,9999.000,9999.000,9999.000,9999.000
202608091136,  -0.359,9999.000,9999.000,9999.000,9999.000,9999.000,9999.000,9999.000,9999.000
202608091142,  -0.430,9999.000,9999.000,9999.000,9999.000,9999.000,9999.000,9999.000,9999.000
202608091148,  -0.493,9999.000,9999.000,9999.000,9999.000,9999.000,9999.000,9999.000,9999.000
202608091154,  -0.548,9999.000,9999.000,9999.000,9999.000,9999.000,9999.000,9999.000,9999.000
202608091200,  -0.596,9999.000,   0.000,  -0.321,  -0.917,   0.000,  -0.917,   0.100,  -0.817
202608091206,  -0.635,9999.000,9999.000,9999.000,9999.000,9999.000,9999.000,9999.000,9999.000
202608091212,  -0.666,9999.000,9999.000,9999.000,9999.000,9999.000,9999.000,9999.000,9999.000
202608091218,  -0.689,9999.000,9999.000,9999.000,9999.000,9999.000,9999.000,9999.000,9999.000
202608091224,  -0.703,9999.000,9999.000,9999.000,9999.000,9999.000,9999.000,9999.000,9999.000
202608091230,  -0.709,9999.000,9999.000,9999.000,9999.000,9999.000,9999.000,9999.000,9999.000
202608091236,  -0.706,9999.000,9999.000,9999.000,9999.000,9999.000,9999.000,9999.000,9999.000
202608091242,  -0.694,9999.000,9999.000,9999.000,9999.000,9999.000,9999.000,9999.000,9999.000
202608091248,  -0.674,9999.000,9999.000,9999.000,9999.000,9999.000,9999.000,9999.000,9999.000
202608091254,  -0.646,9999.000,9999.000,9999.000,9999.000,9999.000,9999.000,9999.000,9999.000
202608091300,  -0.609,9999.000,   0.000,  -0.421,  -1.030,   0.000,  -1.030,   0.100,  -0.930
202608091306,  -0.564,9999.000,9999.000,9999.000,9999.000,9999.000,9999.000,9999.000,9999.000
202608091312,  -0.511,9999.000,9999.000,9999.000,9999.000,9999.000,9999.000,9999.000,9999.000
202608091318,  -0.450,9999.000,9999.000,9999.000,9999.000,9999.000,9999.000,9999.000,9999.000
202608091324,  -0.382,9999.000,9999.000,9999.000,9999.000,9999.000,9999.000,9999.000,9999.000
202608091330,  -0.306,9999.000,9999.000,9999.000,9999.000,9999.000,9999.000,9999.000,9999.000
202608091336,  -0.223,9999.000,9999.000,9999.000,9999.000,9999.000,9999.000,9999.000,9999.000
202608091342,  -0.134,9999.000,9999.000,9999.000,9999.000,9999.000,9999.000,9999.000,9999.000
202608091348,  -0.038,9999.000,9999.000,9999.000,9999.000,9999.000,9999.000,9999.000,9999.000
202608091354,   0.063,9999.000,9999.000,9999.000,9999.000,9999.000,9999.000,9999.000,9999.000
202608091400,   0.171,9999.000,   0.000,  -0.473,  -0.302,   0.000,  -0.302,   0.100,  -0.202
202608091406,   0.285,9999.000,9999.000,9999.000,9999.000,9999.000,9999.000,9999.000,9999.000
202608091412,   0.404,9999.000,9999.000,9999.000,9999.000,9999.000,9999.000,9999.000,9999.000
202608091418,   0.528,9999.000,9999.000,9999.000,9999.000,9999.000,9999.000,9999.000,9999.000
202608091424,   0.656,9999.000,9999.000,9999.000,9999.000,9999.000,9999.000,9999.000,9999.000
202608091430,   0.789,9999.000,9999.000,9999.000,9999.000,9999.000,9999.000,9999.000,9999.000
202608091436,   0.926,9999.000,9999.000,9999.000,9999.000,9999.000,9999.000,9999.000,9999.000
202608091442,   1.067,9999.000,9999.000,9999.000,9999.000,9999.000,9999.000,9999.000,9999.000
202608091448,   1.211,9999.000,9999.000,9999.000,9999.000,9999.000,9999.000,9999.000,9999.000
202608091454,   1.358,9999.000,9999.000,9999.000,9999.000,9999.000,9999.000,9999.000,9999.000
202608091500,   1.509,9999.000,   0.000,  -0.438,   1.071,   0.000,   1.071,   0.100,   1.171
202608091506,   1.662,9999.000,9999.000,9999.000,9999.000,9999.000,9999.000,9999.000,9999.000
202608091512,   1.818,9999.000,9999.000,9999.000,9999.000,9999.000,9999.000,9999.000,9999.000
202608091518,   1.975,9999.000,9999.000,9999.000,9999.000,9999.000,9999.000,9999.000,9999.000
202608091524,   2.135,9999.000,9999.000,9999.000,9999.000,9999.000,9999.000,9999.000,9999.000
202608091530,   2.297,9999.000,9999.000,9999.000,9999.000,9999.000,9999.000,9999.000,9999.000
202608091536,   2.459,9999.000,9999.000,9999.000,9999.000,9999.000,9999.000,9999.000,9999.000
202608091542,   2.623,9999.000,9999.000,9999.000,9999.000,9999.000,9999.000,9999.000,9999.000
202608091548,   2.788,9999.000,9999.000,9999.000,9999.000,9999.000,9999.000,9999.000,9999.000
202608091554,   2.953,9999.000,9999.000,9999.000,9999.000,9999.000,9999.000,9999.000,9999.000
202608091600,   3.118,9999.000,   0.000,  -0.355,   2.763,   0.000,   2.763,   0.100,   2.863
202608091606,   3.282,9999.000,9999.000,9999.000,9999.000,9999.000,9999.000,9999.000,9999.000
202608091612,   3.447,9999.000,9999.000,9999.000,9999.000,9999.000,9999.000,9999.000,9999.000
202608091618,   3.610,9999.000,9999.000,9999.000,9999.000,9999.000,9999.000,9999.000,9999.000
202608091624,   3.772,9999.000,9999.000,9999.000,9999.000,9999.000,9999.000,9999.000,9999.000
202608091630,   3.932,9999.000,9999.000,9999.000,9999.000,9999.000,9999.000,9999.000,9999.000
202608091636,   4.090,9999.000,9999.000,9999.000,9999.000,9999.000,9999.000,9999.000,9999.000
202608091642,   4.245,9999.000,9999.000,9999.000,9999.000,9999.000,9999.000,9999.000,9999.000
202608091648,   4.397,9999.000,9999.000,9999.000,9999.000,9999.000,9999.000,9999.000,9999.000
202608091654,   4.546,9999.000,9999.000,9999.000,9999.000,9999.000,9999.000,9999.000,9999.000
202608091700,   4.691,9999.000,   0.000,  -0.269,   4.422,   0.000,   4.422,   0.100,   4.522
202608091706,   4.832,9999.000,9999.000,9999.000,9999.000,9999.000,9999.000,9999.000,9999.000
202608091712,   4.969,9999.000,9999.000,9999.000,9999.000,9999.000,9999.000,9999.000,9999.000
202608091718,   5.100,9999.000,9999.000,9999.000,9999.000,9999.000,9999.000,9999.000,9999.000
202608091724,   5.226,9999.000,9999.000,9999.000,9999.000,9999.000,9999.000,9999.000,9999.000
202608091730,   5.345,9999.000,9999.000,9999.000,9999.000,9999.000,9999.000,9999.000,9999.000
202608091736,   5.459,9999.000,9999.000,9999.000,9999.000,9999.000,9999.000,9999.000,9999.000
202608091742,   5.566,9999.000,9999.000,9999.000,9999.000,9999.000,9999.000,9999.000,9999.000
202608091748,   5.667,9999.000,9999.000,9999.000,9999.000,9999.000,9999.000,9999.000,9999.000
202608091754,   5.760,9999.000,9999.000,9999.000,9999.000,9999.000,9999.000,9999.000,9999.000
202608091800,   5.846,9999.000,   0.000,  -0.205,   5.641,   0.000,   5.641,   0.000,   5.641
202608091806,   5.925,9999.000,9999.000,9999.000,9999.000,9999.000,9999.000,9999.000,9999.000
202608091812,   5.995,9999.000,9999.000,9999.000,9999.000,9999.000,9999.000,9999.000,9999.000
202608091818,   6.058,9999.000,9999.000,9999.000,9999.000,9999.000,9999.000,9999.000,9999.000
202608091824,   6.113,9999.000,9999.000,9999.000,9999.000,9999.000,9999.000,9999.000,9999.000
202608091830,   6.159,9999.000,9999.000,9999.000,9999.000,9999.000,9999.000,9999.000,9999.000
202608091836,   6.198,9999.000,9999.000,9999.000,9999.000,9999.000,9999.000,9999.000,9999.000
202608091842,   6.228,9999.000,9999.000,9999.000,9999.000,9999.000,9999.000,9999.000,9999.000
202608091848,   6.250,9999.000,9999.000,9999.000,9999.000,9999.000,9999.000,9999.000,9999.000
202608091854,   6.265,9999.000,9999.000,9999.000,9999.000,9999.000,9999.000,9999.000,9999.000
202608091900,   6.271,9999.000,   0.000,  -0.168,   6.103,   0.000,   6.103,   0.100,   6.203
202608091906,   6.269,9999.000,9999.000,9999.000,9999.000,9999.000,9999.000,9999.000,9999.000
202608091912,   6.260,9999.000,9999.000,9999.000,9999.000,9999.000,9999.000,9999.000,9999.000
202608091918,   6.244,9999.000,9999.000,9999.000,9999.000,9999.000,9999.000,9999.000,9999.000
202608091924,   6.220,9999.000,9999.000,9999.000,9999.000,9999.000,9999.000,9999.000,9999.000
202608091930,   6.189,9999.000,9999.000,9999.000,9999.000,9999.000,9999.000,9999.000,9999.000
202608091936,   6.152,9999.000,9999.000,9999.000,9999.000,9999.000,9999.000,9999.000,9999.000
202608091942,   6.109,9999.000,9999.000,9999.000,9999.000,9999.000,9999.000,9999.000,9999.000
202608091948,   6.059,9999.000,9999.000,9999.000,9999.000,9999.000,9999.000,9999.000,9999.000
202608091954,   6.004,9999.000,9999.000,9999.000,9999.000,9999.000,9999.000,9999.000,9999.000
202608092000,   5.944,9999.000,   0.000,  -0.134,   5.810,   0.000,   5.810,   0.100,   5.910
202608092006,   5.879,9999.000,9999.000,9999.000,9999.000,9999.000,9999.000,9999.000,9999.000
202608092012,   5.810,9999.000,9999.000,9999.000,9999.000,9999.000,9999.000,9999.000,9999.000
202608092018,   5.736,9999.000,9999.000,9999.000,9999.000,9999.000,9999.000,9999.000,9999.000
202608092024,   5.659,9999.000,9999.000,9999.000,9999.000,9999.000,9999.000,9999.000,9999.000
202608092030,   5.579,9999.000,9999.000,9999.000,9999.000,9999.000,9999.000,9999.000,9999.000
202608092036,   5.495,9999.000,9999.000,9999.000,9999.000,9999.000,9999.000,9999.000,9999.000
202608092042,   5.409,9999.000,9999.000,9999.000,9999.000,9999.000,9999.000,9999.000,9999.000
202608092048,   5.321,9999.000,9999.000,9999.000,9999.000,9999.000,9999.000,9999.000,9999.000
202608092054,   5.232,9999.000,9999.000,9999.000,9999.000,9999.000,9999.000,9999.000,9999.000
202608092100,   5.141,9999.000,   0.000,  -0.072,   5.069,   0.000,   5.069,   0.100,   5.169
202608092106,   5.049,9999.000,9999.000,9999.000,9999.000,9999.000,9999.000,9999.000,9999.000
202608092112,   4.956,9999.000,9999.000,9999.000,9999.000,9999.000,9999.000,9999.000,9999.000
202608092118,   4.863,9999.000,9999.000,9999.000,9999.000,9999.000,9999.000,9999.000,9999.000
202608092124,   4.769,9999.000,9999.000,9999.000,9999.000,9999.000,9999.000,9999.000,9999.000
202608092130,   4.676,9999.000,9999.000,9999.000,9999.000,9999.000,9999.000,9999.000,9999.000
202608092136,   4.584,9999.000,9999.000,9999.000,9999.000,9999.000,9999.000,9999.000,9999.000
202608092142,   4.492,9999.000,9999.000,9999.000,9999.000,9999.000,9999.000,9999.000,9999.000
202608092148,   4.401,9999.000,9999.000,9999.000,9999.000,9999.000,9999.000,9999.000,9999.000
202608092154,   4.312,9999.000,9999.000,9999.000,9999.000,9999.000,9999.000,9999.000,9999.000
202608092200,   4.224,9999.000,   0.000,  -0.011,   4.213,   0.000,   4.213,   0.100,   4.313
202608092206,   4.138,9999.000,9999.000,9999.000,9999.000,9999.000,9999.000,9999.000,9999.000
202608092212,   4.054,9999.000,9999.000,9999.000,9999.000,9999.000,9999.000,9999.000,9999.000
202608092218,   3.972,9999.000,9999.000,9999.000,9999.000,9999.000,9999.000,9999.000,9999.000
202608092224,   3.892,9999.000,9999.000,9999.000,9999.000,9999.000,9999.000,9999.000,9999.000
202608092230,   3.815,9999.000,9999.000,9999.000,9999.000,9999.000,9999.000,9999.000,9999.000
202608092236,   3.742,9999.000,9999.000,9999.000,9999.000,9999.000,9999.000,9999.000,9999.000
202608092242,   3.671,9999.000,9999.000,9999.000,9999.000,9999.000,9999.000,9999.000,9999.000
202608092248,   3.604,9999.000,9999.000,9999.000,9999.000,9999.000,9999.000,9999.000,9999.000
202608092254,   3.540,9999.000,9999.000,9999.000,9999.000,9999.000,9999.000,9999.000,9999.000
202608092300,   3.481,9999.000,   0.000,  -0.014,   3.467,   0.000,   3.467,   0.100,   3.567
202608092306,   3.426,9999.000,9999.000,9999.000,9999.000,9999.000,9999.000,9999.000,9999.000
202608092312,   3.375,9999.000,9999.000,9999.000,9999.000,9999.000,9999.000,9999.000,9999.000
202608092318,   3.330,9999.000,9999.000,9999.000,9999.000,9999.000,9999.000,9999.000,9999.000
202608092324,   3.289,9999.000,9999.000,9999.000,9999.000,9999.000,9999.000,9999.000,9999.000
202608092330,   3.254,9999.000,9999.000,9999.000,9999.000,9999.000,9999.000,9999.000,9999.000
202608092336,   3.225,9999.000,9999.000,9999.000,9999.000,9999.000,9999.000,9999.000,9999.000
202608092342,   3.201,9999.000,9999.000,9999.000,9999.000,9999.000,9999.000,9999.000,9999.000
202608092348,   3.184,9999.000,9999.000,9999.000,9999.000,9999.000,9999.000,9999.000,9999.000
202608092354,   3.174,9999.000,9999.000,9999.000,9999.000,9999.000,9999.000,9999.000,9999.000
202608100000,   3.170,9999.000,   0.000,  -0.079,   3.091,   0.000,   3.091,   0.100,   3.191
202608100006,   3.173,9999.000,9999.000,9999.000,9999.000,9999.000,9999.000,9999.000,9999.000
202608100012,   3.184,9999.000,9999.000,9999.000,9999.000,9999.000,9999.000,9999.000,9999.000
202608100018,   3.202,9999.000,9999.000,9999.000,9999.000,9999.000,9999.000,9999.000,9999.000
202608100024,   3.227,9999.000,9999.000,9999.000,9999.000,9999.000,9999.000,9999.000,9999.000
202608100030,   3.260,9999.000,9999.000,9999.000,9999.000,9999.000,9999.000,9999.000,9999.000
202608100036,   3.301,9999.000,9999.000,9999.000,9999.000,9999.000,9999.000,9999.000,9999.000
202608100042,   3.349,9999.000,9999.000,9999.000,9999.000,9999.000,9999.000,9999.000,9999.000
202608100048,   3.405,9999.000,9999.000,9999.000,9999.000,9999.000,9999.000,9999.000,9999.000
202608100054,   3.469,9999.000,9999.000,9999.000,9999.000,9999.000,9999.000,9999.000,9999.000
202608100100,   3.540,9999.000,   0.000,  -0.128,   3.412,   0.000,   3.412,   0.100,   3.512
202608100106,   3.618,9999.000,9999.000,9999.000,9999.000,9999.000,9999.000,9999.000,9999.000
202608100112,   3.703,9999.000,9999.000,9999.000,9999.000,9999.000,9999.000,9999.000,9999.000
202608100118,   3.795,9999.000,9999.000,9999.000,9999.000,9999.000,9999.000,9999.000,9999.000
202608100124,   3.894,9999.000,9999.000,9999.000,9999.000,9999.000,9999.000,9999.000,9999.000
202608100130,   3.999,9999.000,9999.000,9999.000,9999.000,9999.000,9999.000,9999.000,9999.000
202608100136,   4.110,9999.000,9999.000,9999.000,9999.000,9999.000,9999.000,9999.000,9999.000
202608100142,   4.226,9999.000,9999.000,9999.000,9999.000,9999.000,9999.000,9999.000,9999.000
202608100148,   4.348,9999.000,9999.000,9999.000,9999.000,9999.000,9999.000,9999.000,9999.000
202608100154,   4.474,9999.000,9999.000,9999.000,9999.000,9999.000,9999.000,9999.000,9999.000
202608100200,   4.605,9999.000,   0.000,  -0.118,   4.487,   0.000,   4.487,   0.100,   4.587
202608100206,   4.739,9999.000,9999.000,9999.000,9999.000,9999.000,9999.000,9999.000,9999.000
202608100212,   4.876,9999.000,9999.000,9999.000,9999.000,9999.000,9999.000,9999.000,9999.000
202608100218,   5.017,9999.000,9999.000,9999.000,9999.000,9999.000,9999.000,9999.000,9999.000
202608100224,   5.159,9999.000,9999.000,9999.000,9999.000,9999.000,9999.000,9999.000,9999.000
202608100230,   5.304,9999.000,9999.000,9999.000,9999.000,9999.000,9999.000,9999.000,9999.000
202608100236,   5.450,9999.000,9999.000,9999.000,9999.000,9999.000,9999.000,9999.000,9999.000
202608100242,   5.598,9999.000,9999.000,9999.000,9999.000,9999.000,9999.000,9999.000,9999.000
202608100248,   5.746,9999.000,9999.000,9999.000,9999.000,9999.000,9999.000,9999.000,9999.000
202608100254,   5.894,9999.000,9999.000,9999.000,9999.000,9999.000,9999.000,9999.000,9999.000
202608100300,   6.042,9999.000,   0.000,  -0.086,   5.956,   0.000,   5.956,   0.100,   6.056
202608100306,   6.189,9999.000,9999.000,9999.000,9999.000,9999.000,9999.000,9999.000,9999.000
202608100312,   6.335,9999.000,9999.000,9999.000,9999.000,9999.000,9999.000,9999.000,9999.000
202608100318,   6.480,9999.000,9999.000,9999.000,9999.000,9999.000,9999.000,9999.000,9999.000
202608100324,   6.624,9999.000,9999.000,9999.000,9999.000,9999.000,9999.000,9999.000,9999.000
202608100330,   6.765,9999.000,9999.000,9999.000,9999.000,9999.000,9999.000,9999.000,9999.000
202608100336,   6.904,9999.000,9999.000,9999.000,9999.000,9999.000,9999.000,9999.000,9999.000
202608100342,   7.041,9999.000,9999.000,9999.000,9999.000,9999.000,9999.000,9999.000,9999.000
202608100348,   7.175,9999.000,9999.000,9999.000,9999.000,9999.000,9999.000,9999.000,9999.000
202608100354,   7.305,9999.000,9999.000,9999.000,9999.000,9999.000,9999.000,9999.000,9999.000
202608100400,   7.432,9999.000,   0.000,  -0.057,   7.375,   0.000,   7.375,   0.100,   7.475
202608100406,   7.556,9999.000,9999.000,9999.000,9999.000,9999.000,9999.000,9999.000,9999.000
202608100412,   7.675,9999.000,9999.000,9999.000,9999.000,9999.000,9999.000,9999.000,9999.000
202608100418,   7.790,9999.000,9999.000,9999.000,9999.000,9999.000,9999.000,9999.000,9999.000
202608100424,   7.901,9999.000,9999.000,9999.000,9999.000,9999.000,9999.000,9999.000,9999.000
202608100430,   8.007,9999.000,9999.000,9999.000,9999.000,9999.000,9999.000,9999.000,9999.000
202608100436,   8.107,9999.000,9999.000,9999.000,9999.000,9999.000,9999.000,9999.000,9999.000
202608100442,   8.203,9999.000,9999.000,9999.000,9999.000,9999.000,9999.000,9999.000,9999.000
202608100448,   8.292,9999.000,9999.000,9999.000,9999.000,9999.000,9999.000,9999.000,9999.000
202608100454,   8.376,9999.000,9999.000,9999.000,9999.000,9999.000,9999.000,9999.000,9999.000
202608100500,   8.454,9999.000,   0.000,  -0.190,   8.264,   0.000,   8.264,   0.100,   8.364
202608100506,   8.525,9999.000,9999.000,9999.000,9999.000,9999.000,9999.000,9999.000,9999.000
202608100512,   8.590,9999.000,9999.000,9999.000,9999.000,9999.000,9999.000,9999.000,9999.000
202608100518,   8.647,9999.000,9999.000,9999.000,9999.000,9999.000,9999.000,9999.000,9999.000
202608100524,   8.697,9999.000,9999.000,9999.000,9999.000,9999.000,9999.000,9999.000,9999.000
202608100530,   8.740,9999.000,9999.000,9999.000,9999.000,9999.000,9999.000,9999.000,9999.000
202608100536,   8.775,9999.000,9999.000,9999.000,9999.000,9999.000,9999.000,9999.000,9999.000
202608100542,   8.802,9999.000,9999.000,9999.000,9999.000,9999.000,9999.000,9999.000,9999.000
202608100548,   8.821,9999.000,9999.000,9999.000,9999.000,9999.000,9999.000,9999.000,9999.000
202608100554,   8.832,9999.000,9999.000,9999.000,9999.000,9999.000,9999.000,9999.000,9999.000
202608100600,   8.834,9999.000,   0.000,  -0.190,   8.644,   0.000,   8.644,   0.100,   8.744
