        TIME,    TIDE,      OB,   SURGE,    BIAS,     TWL,SURGE90p,  TWL90p,SURGE10p,   TWL10p
202608010000,   4.329,9999.000,   0.400,9999.000,   4.729,   0.400,   4.729,   0.400,   4.729
202608010006,   4.488,9999.000,9999.000,9999.000,9999.000,9999.000,9999.000,9999.000,9999.000
202608010012,   4.647,9999.000,9999.000,9999.000,9999.000,9999.000,9999.000,9999.000,9999.000
202608010018,   4.803,9999.000,9999.000,9999.000,9999.000,9999.000,9999.000,9999.000,9999.000
202608010024,   4.957,9999.000,9999.000,9999.000,9999.000,9999.000,9999.000,9999.000,9999.000
202608010030,   5.108,9999.000,9999.000,9999.000,9999.000,9999.000,9999.000,9999.000,9999.000
202608010036,   5.256,9999.000,9999.000,9999.000,9999.000,9999.000,9999.000,9999.000,9999.000
202608010042,   5.402,9999.000,9999.000,9999.000,9999.000,9999.000,9999.000,9999.000,9999.000
202608010048,   5.544,9999.000,9999.000,9999.000,9999.000,9999.000,9999.000,9999.000,9999.000
202608010054,   5.682,9999.000,9999.000,9999.000,9999.000,9999.000,9999.000,9999.000,9999.000
202608010100,   5.817,   6.008,   0.500,  -0.309,   6.008,   0.400,   5.908,   0.500,   6.008
202608010106,   5.949,   6.117,9999.000,9999.000,9999.000,9999.000,9999.000,9999.000,9999.000
202608010112,   6.076,   6.218,9999.000,9999.000,9999.000,9999.000,9999.000,9999.000,9999.000
202608010118,   6.199,   6.327,9999.000,9999.000,9999.000,9999.000,9999.000,9999.000,9999.000
202608010124,   6.317,   6.468,9999.000,9999.000,9999.000,9999.000,9999.000,9999.000,9999.000
202608010130,   6.431,   6.589,9999.000,9999.000,9999.000,9999.000,9999.000,9999.000,9999.000
202608010136,   6.540,   6.668,9999.000,9999.000,9999.000,9999.000,9999.000,9999.000,9999.000
202608010142,   6.645,   6.809,9999.000,9999.000,9999.000,9999.000,9999.000,9999.000,9999.000
202608010148,   6.744,   6.937,9999.000,9999.000,9999.000,9999.000,9999.000,9999.000,9999.000
202608010154,   6.838,   7.038,9999.000,9999.000,9999.000,9999.000,9999.000,9999.000,9999.000
202608010200,   6.927,   7.127,   0.500,  -0.300,   7.127,   0.400,   7.027,   0.500,   7.127
202608010206,   7.010,   7.209,9999.000,9999.000,9999.000,9999.000,9999.000,9999.000,9999.000
202608010212,   7.088,   7.288,9999.000,9999.000,9999.000,9999.000,9999.000,9999.000,9999.000
202608010218,   7.160,   7.347,9999.000,9999.000,9999.000,9999.000,9999.000,9999.000,9999.000
202608010224,   7.227,   7.419,9999.000,9999.000,9999.000,9999.000,9999.000,9999.000,9999.000
202608010230,   7.288,   7.478,9999.000,9999.000,9999.000,9999.000,9999.000,9999.000,9999.000
202608010236,   7.342,   7.537,9999.000,9999.000,9999.000,9999.000,9999.000,9999.000,9999.000
202608010242,   7.391,   7.596,9999.000,9999.000,9999.000,9999.000,9999.000,9999.000,9999.000
202608010248,   7.434,   7.648,9999.000,9999.000,9999.000,9999.000,9999.000,9999.000,9999.000
202608010254,   7.470,   7.688,9999.000,9999.000,9999.000,9999.000,9999.000,9999.000,9999.000
202608010300,   7.501,   7.717,   0.400,  -0.184,   7.717,   0.400,   7.717,   0.500,   7.817
202608010306,   7.525,   7.717,9999.000,9999.000,9999.000,9999.000,9999.000,9999.000,9999.000
202608010312,   7.544,   7.747,9999.000,9999.000,9999.000,9999.000,9999.000,9999.000,9999.000
202608010318,   7.556,   7.767,9999.000,9999.000,9999.000,9999.000,9999.000,9999.000,9999.000
202608010324,   7.562,   7.786,9999.000,9999.000,9999.000,9999.000,9999.000,9999.000,9999.000
202608010330,   7.563,   7.819,9999.000,9999.000,9999.000,9999.000,9999.000,9999.000,9999.000
202608010336,   7.558,   7.839,9999.000,9999.000,9999.000,9999.000,9999.000,9999.000,9999.000
202608010342,   7.547,   7.849,9999.000,9999.000,9999.000,9999.000,9999.000,9999.000,9999.000
202608010348,   7.530,   7.839,9999.000,9999.000,9999.000,9999.000,9999.000,9999.000,9999.000
202608010354,   7.508,   7.806,9999.000,9999.000,9999.000,9999.000,9999.000,9999.000,9999.000
202608010400,   7.481,   7.776,   0.400,  -0.105,   7.776,   0.400,   7.776,   0.500,   7.876
202608010406,   7.449,   7.747,9999.000,9999.000,9999.000,9999.000,9999.000,9999.000,9999.000
202608010412,   7.411,   7.727,9999.000,9999.000,9999.000,9999.000,9999.000,9999.000,9999.000
202608010418,   7.370,   7.698,9999.000,9999.000,9999.000,9999.000,9999.000,9999.000,9999.000
202608010424,   7.323,   7.648,9999.000,9999.000,9999.000,9999.000,9999.000,9999.000,9999.000
202608010430,   7.273,   7.609,9999.000,9999.000,9999.000,9999.000,9999.000,9999.000,9999.000
202608010436,   7.218,   7.566,9999.000,9999.000,9999.000,9999.000,9999.000,9999.000,9999.000
202608010442,   7.160,   7.507,9999.000,9999.000,9999.000,9999.000,9999.000,9999.000,9999.000
202608010448,   7.099,   7.448,9999.000,9999.000,9999.000,9999.000,9999.000,9999.000,9999.000
202608010454,   7.034,   7.376,9999.000,9999.000,9999.000,9999.000,9999.000,9999.000,9999.000
202608010500,   6.966,   7.288,   0.500,  -0.178,   7.288,   0.500,   7.288,   0.500,   7.288
202608010506,   6.896,   7.219,9999.000,9999.000,9999.000,9999.000,9999.000,9999.000,9999.000
202608010512,   6.824,   7.137,9999.000,9999.000,9999.000,9999.000,9999.000,9999.000,9999.000
202608010518,   6.749,   7.058,9999.000,9999.000,9999.000,9999.000,9999.000,9999.000,9999.000
202608010524,   6.673,   6.989,9999.000,9999.000,9999.000,9999.000,9999.000,9999.000,9999.000
202608010530,   6.596,   6.907,9999.000,9999.000,9999.000,9999.000,9999.000,9999.000,9999.000
202608010536,   6.517,   6.828,9999.000,9999.000,9999.000,9999.000,9999.000,9999.000,9999.000
202608010542,   6.438,   6.756,9999.000,9999.000,9999.000,9999.000,9999.000,9999.000,9999.000
202608010548,   6.359,   6.668,9999.000,9999.000,9999.000,9999.000,9999.000,9999.000,9999.000
202608010554,   6.279,   6.569,9999.000,9999.000,9999.000,9999.000,9999.000,9999.000,9999.000
202608010600,   6.200,   6.507,   0.400,  -0.093,   6.507,   0.400,   6.507,   0.500,   6.607
202608010606,   6.121,   6.438,9999.000,9999.000,9999.000,9999.000,9999.000,9999.000,9999.000
202608010612,   6.043,   6.379,9999.000,9999.000,9999.000,9999.000,9999.000,9999.000,9999.000
202608010618,   5.966,   6.297,9999.000,9999.000,9999.000,9999.000,9999.000,9999.000,9999.000
202608010624,   5.891,   6.228,9999.000,9999.000,9999.000,9999.000,9999.000,9999.000,9999.000
202608010630,   5.817,   6.169,9999.000,9999.000,9999.000,9999.000,9999.000,9999.000,9999.000
202608010636,   5.745,   6.087,9999.000,9999.000,9999.000,9999.000,9999.000,9999.000,9999.000
202608010642,   5.676,   6.028,9999.000,9999.000,9999.000,9999.000,9999.000,9999.000,9999.000
202608010648,   5.608,   5.969,9999.000,9999.000,9999.000,9999.000,9999.000,9999.000,9999.000
202608010654,   5.544,   5.887,9999.000,9999.000,9999.000,9999.000,9999.000,9999.000,9999.000
202608010700,   5.483,   5.828,   0.400,  -0.055,   5.828,   0.400,   5.828,   0.400,   5.828
202608010706,   5.424,   5.759,9999.000,9999.000,9999.000,9999.000,9999.000,9999.000,9999.000
202608010712,   5.369,   5.697,9999.000,9999.000,9999.000,9999.000,9999.000,9999.000,9999.000
202608010718,   5.317,   5.657,9999.000,9999.000,9999.000,9999.000,9999.000,9999.000,9999.000
202608010724,   5.268,   5.608,9999.000,9999.000,9999.000,9999.000,9999.000,9999.000,9999.000
202608010730,   5.223,   5.569,9999.000,9999.000,9999.000,9999.000,9999.000,9999.000,9999.000
202608010736,   5.181,   5.530,9999.000,9999.000,9999.000,9999.000,9999.000,9999.000,9999.000
202608010742,   5.144,   5.507,9999.000,9999.000,9999.000,9999.000,9999.000,9999.000,9999.000
202608010748,   5.109,   5.467,9999.000,9999.000,9999.000,9999.000,9999.000,9999.000,9999.000
202608010754,   5.078,   5.448,9999.000,9999.000,9999.000,9999.000,9999.000,9999.000,9999.000
202608010800,   5.051,   5.408,   0.400,  -0.043,   5.408,   0.400,   5.408,   0.400,   5.408
202608010806,   5.028,   5.389,9999.000,9999.000,9999.000,9999.000,9999.000,9999.000,9999.000
202608010812,   5.007,   5.369,9999.000,9999.000,9999.000,9999.000,9999.000,9999.000,9999.000
202608010818,   4.990,   5.349,9999.000,9999.000,9999.000,9999.000,9999.000,9999.000,9999.000
202608010824,   4.977,   5.349,9999.000,9999.000,9999.000,9999.000,9999.000,9999.000,9999.000
202608010830,   4.966,   5.329,9999.000,9999.000,9999.000,9999.000,9999.000,9999.000,9999.000
202608010836,   4.959,   5.297,9999.000,9999.000,9999.000,9999.000,9999.000,9999.000,9999.000
202608010842,   4.954,   5.297,9999.000,9999.000,9999.000,9999.000,9999.000,9999.000,9999.000
202608010848,   4.953,   5.277,9999.000,9999.000,9999.000,9999.000,9999.000,9999.000,9999.000
202608010854,   4.953,   5.277,9999.000,9999.000,9999.000,9999.000,9999.000,9999.000,9999.000
202608010900,   4.957,   5.257,   0.400,  -0.100,   5.257,   0.300,   5.157,   0.400,   5.257
202608010906,   4.963,   5.247,9999.000,9999.000,9999.000,9999.000,9999.000,9999.000,9999.000
202608010912,   4.971,   5.257,9999.000,9999.000,9999.000,9999.000,9999.000,9999.000,9999.000
202608010918,   4.981,   5.257,9999.000,9999.000,9999.000,9999.000,9999.000,9999.000,9999.000
202608010924,   4.993,   5.267,9999.000,9999.000,9999.000,9999.000,9999.000,9999.000,9999.000
202608010930,   5.008,   5.277,9999.000,9999.000,9999.000,9999.000,9999.000,9999.000,9999.000
202608010936,   5.024,   5.297,9999.000,9999.000,9999.000,9999.000,9999.000,9999.000,9999.000
202608010942,   5.041,   5.307,9999.000,9999.000,9999.000,9999.000,9999.000,9999.000,9999.000
202608010948,   5.061,   5.307,9999.000,9999.000,9999.000,9999.000,9999.000,9999.000,9999.000
202608010954,   5.082,   5.320,9999.000,9999.000,9999.000,9999.000,9999.000,9999.000,9999.000
202608011000,   5.104,   5.349,   0.400,  -0.155,   5.349,   0.300,   5.249,   0.400,   5.349
202608011006,   5.128,   5.379,9999.000,9999.000,9999.000,9999.000,9999.000,9999.000,9999.000
202608011012,   5.153,   5.389,9999.000,9999.000,9999.000,9999.000,9999.000,9999.000,9999.000
202608011018,   5.180,   5.438,9999.000,9999.000,9999.000,9999.000,9999.000,9999.000,9999.000
202608011024,   5.207,   5.477,9999.000,9999.000,9999.000,9999.000,9999.000,9999.000,9999.000
202608011030,   5.236,   5.497,9999.000,9999.000,9999.000,9999.000,9999.000,9999.000,9999.000
202608011036,   5.265,   5.539,9999.000,9999.000,9999.000,9999.000,9999.000,9999.000,9999.000
202608011042,   5.296,   5.589,9999.000,9999.000,9999.000,9999.000,9999.000,9999.000,9999.000
202608011048,   5.327,   5.628,9999.000,9999.000,9999.000,9999.000,9999.000,9999.000,9999.000
202608011054,   5.358,   5.657,9999.000,9999.000,9999.000,9999.000,9999.000,9999.000,9999.000
202608011100,   5.390,   5.707,   0.400,  -0.083,   5.707,   0.300,   5.607,   0.400,   5.707
202608011106,   5.423,   5.739,9999.000,9999.000,9999.000,9999.000,9999.000,9999.000,9999.000
202608011112,   5.455,   5.769,9999.000,9999.000,9999.000,9999.000,9999.000,9999.000,9999.000
202608011118,   5.488,   5.799,9999.000,9999.000,9999.000,9999.000,9999.000,9999.000,9999.000
202608011124,   5.520,   6.028,9999.000,9999.000,9999.000,9999.000,9999.000,9999.000,9999.000
202608011130,   5.552,9999.000,9999.000,9999.000,9999.000,9999.000,9999.000,9999.000,9999.000
202608011136,   5.584,9999.000,9999.000,9999.000,9999.000,9999.000,9999.000,9999.000,9999.000
202608011142,   5.614,9999.000,9999.000,9999.000,9999.000,9999.000,9999.000,9999.000,9999.000
202608011148,   5.644,   5.969,9999.000,9999.000,9999.000,9999.000,9999.000,9999.000,9999.000
202608011154,   5.673,   6.008,9999.000,9999.000,9999.000,9999.000,9999.000,9999.000,9999.000
202608011200,   5.700,   6.028,   0.300,   0.028,   6.028,   0.300,   6.028,   0.300,   6.028
202608011206,   5.725,   6.038,9999.000,9999.000,9999.000,9999.000,9999.000,9999.000,9999.000
202608011212,   5.749,   6.058,9999.000,9999.000,9999.000,9999.000,9999.000,9999.000,9999.000
202608011218,   5.771,   6.077,9999.000,9999.000,9999.000,9999.000,9999.000,9999.000,9999.000
202608011224,   5.790,   6.117,9999.000,9999.000,9999.000,9999.000,9999.000,9999.000,9999.000
202608011230,   5.807,   6.136,9999.000,9999.000,9999.000,9999.000,9999.000,9999.000,9999.000
202608011236,   5.821,   6.189,9999.000,9999.000,9999.000,9999.000,9999.000,9999.000,9999.000
202608011242,   5.833,   6.179,9999.000,9999.000,9999.000,9999.000,9999.000,9999.000,9999.000
202608011248,   5.841,   6.199,9999.000,9999.000,9999.000,9999.000,9999.000,9999.000,9999.000
202608011254,   5.847,   6.189,9999.000,9999.000,9999.000,9999.000,9999.000,9999.000,9999.000
202608011300,   5.849,   6.189,   0.300,   0.040,   6.189,   0.300,   6.189,   0.300,   6.189
202608011306,   5.847,   6.179,9999.000,9999.000,9999.000,9999.000,9999.000,9999.000,9999.000
202608011312,   5.842,   6.179,9999.000,9999.000,9999.000,9999.000,9999.000,9999.000,9999.000
202608011318,   5.833,   6.159,9999.000,9999.000,9999.000,9999.000,9999.000,9999.000,9999.000
202608011324,   5.820,   6.159,9999.000,9999.000,9999.000,9999.000,9999.000,9999.000,9999.000
202608011330,   5.803,   6.136,9999.000,9999.000,9999.000,9999.000,9999.000,9999.000,9999.000
202608011336,   5.782,   6.107,9999.000,9999.000,9999.000,9999.000,9999.000,9999.000,9999.000
202608011342,   5.757,   6.058,9999.000,9999.000,9999.000,9999.000,9999.000,9999.000,9999.000
202608011348,   5.727,   6.018,9999.000,9999.000,9999.000,9999.000,9999.000,9999.000,9999.000
202608011354,   5.693,   5.969,9999.000,9999.000,9999.000,9999.000,9999.000,9999.000,9999.000
202608011400,   5.655,   5.897,   0.300,  -0.058,   5.897,   0.200,   5.797,   0.300,   5.897
202608011406,   5.612,   5.828,9999.000,9999.000,9999.000,9999.000,9999.000,9999.000,9999.000
202608011412,   5.565,   5.779,9999.000,9999.000,9999.000,9999.000,9999.000,9999.000,9999.000
202608011418,   5.513,   5.730,9999.000,9999.000,9999.000,9999.000,9999.000,9999.000,9999.000
202608011424,   5.457,   5.677,9999.000,9999.000,9999.000,9999.000,9999.000,9999.000,9999.000
202608011430,   5.396,   5.608,9999.000,9999.000,9999.000,9999.000,9999.000,9999.000,9999.000
202608011436,   5.330,   5.530,9999.000,9999.000,9999.000,9999.000,9999.000,9999.000,9999.000
202608011442,   5.260,   5.457,9999.000,9999.000,9999.000,9999.000,9999.000,9999.000,9999.000
202608011448,   5.185,   5.369,9999.000,9999.000,9999.000,9999.000,9999.000,9999.000,9999.000
202608011454,   5.106,   5.277,9999.000,9999.000,9999.000,9999.000,9999.000,9999.000,9999.000
202608011500,   5.023,   5.228,   0.200,   0.005,   5.228,   0.200,   5.228,   0.200,   5.228
202608011506,   4.935,   5.139,9999.000,9999.000,9999.000,9999.000,9999.000,9999.000,9999.000
202608011512,   4.842,   5.038,9999.000,9999.000,9999.000,9999.000,9999.000,9999.000,9999.000
202608011518,   4.746,   4.939,9999.000,9999.000,9999.000,9999.000,9999.000,9999.000,9999.000
202608011524,   4.645,   4.837,9999.000,9999.000,9999.000,9999.000,9999.000,9999.000,9999.000
202608011530,   4.540,   4.739,9999.000,9999.000,9999.000,9999.000,9999.000,9999.000,9999.000
202608011536,   4.432,   4.628,9999.000,9999.000,9999.000,9999.000,9999.000,9999.000,9999.000
202608011542,   4.320,   4.509,9999.000,9999.000,9999.000,9999.000,9999.000,9999.000,9999.000
202608011548,   4.204,   4.418,9999.000,9999.000,9999.000,9999.000,9999.000,9999.000,9999.000
202608011554,   4.085,   4.300,9999.000,9999.000,9999.000,9999.000,9999.000,9999.000,9999.000
202608011600,   3.963,   4.168,   0.200,   0.005,   4.168,   0.200,   4.168,   0.300,   4.268
202608011606,   3.838,   4.057,9999.000,9999.000,9999.000,9999.000,9999.000,9999.000,9999.000
202608011612,   3.710,   3.939,9999.000,9999.000,9999.000,9999.000,9999.000,9999.000,9999.000
202608011618,   3.580,   3.817,9999.000,9999.000,9999.000,9999.000,9999.000,9999.000,9999.000
202608011624,   3.448,   3.699,9999.000,9999.000,9999.000,9999.000,9999.000,9999.000,9999.000
202608011630,   3.314,   3.558,9999.000,9999.000,9999.000,9999.000,9999.000,9999.000,9999.000
202608011636,   3.178,   3.417,9999.000,9999.000,9999.000,9999.000,9999.000,9999.000,9999.000
202608011642,   3.041,   3.289,9999.000,9999.000,9999.000,9999.000,9999.000,9999.000,9999.000
202608011648,   2.903,   3.148,9999.000,9999.000,9999.000,9999.000,9999.000,9999.000,9999.000
202608011654,   2.764,   3.007,9999.000,9999.000,9999.000,9999.000,9999.000,9999.000,9999.000
202608011700,   2.625,   2.869,   0.300,  -0.056,   2.869,   0.300,   2.869,   0.300,   2.869
202608011706,   2.486,   2.728,9999.000,9999.000,9999.000,9999.000,9999.000,9999.000,9999.000
202608011712,   2.347,   2.587,9999.000,9999.000,9999.000,9999.000,9999.000,9999.000,9999.000
202608011718,   2.209,   2.479,9999.000,9999.000,9999.000,9999.000,9999.000,9999.000,9999.000
202608011724,   2.072,   2.348,9999.000,9999.000,9999.000,9999.000,9999.000,9999.000,9999.000
202608011730,   1.936,   2.210,9999.000,9999.000,9999.000,9999.000,9999.000,9999.000,9999.000
202608011736,   1.801,   2.059,9999.000,9999.000,9999.000,9999.000,9999.000,9999.000,9999.000
202608011742,   1.669,   1.908,9999.000,9999.000,9999.000,9999.000,9999.000,9999.000,9999.000
202608011748,   1.539,   1.790,9999.000,9999.000,9999.000,9999.000,9999.000,9999.000,9999.000
202608011754,   1.412,   1.649,9999.000,9999.000,9999.000,9999.000,9999.000,9999.000,9999.000
202608011800,   1.287,   1.518,   0.300,  -0.069,   1.518,   0.300,   1.518,   0.300,   1.518
202608011806,   1.166,   1.430,9999.000,9999.000,9999.000,9999.000,9999.000,9999.000,9999.000
202608011812,   1.049,   1.298,9999.000,9999.000,9999.000,9999.000,9999.000,9999.000,9999.000
202608011818,   0.935,   1.180,9999.000,9999.000,9999.000,9999.000,9999.000,9999.000,9999.000
202608011824,   0.826,   1.049,9999.000,9999.000,9999.000,9999.000,9999.000,9999.000,9999.000
202608011830,   0.722,   0.951,9999.000,9999.000,9999.000,9999.000,9999.000,9999.000,9999.000
202608011836,   0.623,   0.859,9999.000,9999.000,9999.000,9999.000,9999.000,9999.000,9999.000
202608011842,   0.528,   0.741,9999.000,9999.000,9999.000,9999.000,9999.000,9999.000,9999.000
202608011848,   0.440,   0.659,9999.000,9999.000,9999.000,9999.000,9999.000,9999.000,9999.000
202608011854,   0.357,   0.580,9999.000,9999.000,9999.000,9999.000,9999.000,9999.000,9999.000
202608011900,   0.280,   0.488,   0.300,  -0.092,   0.488,   0.300,   0.488,   0.300,   0.488
202608011906,   0.210,   0.400,9999.000,9999.000,9999.000,9999.000,9999.000,9999.000,9999.000
202608011912,   0.146,   0.321,9999.000,9999.000,9999.000,9999.000,9999.000,9999.000,9999.000
202608011918,   0.088,   0.288,9999.000,9999.000,9999.000,9999.000,9999.000,9999.000,9999.000
202608011924,   0.038,   0.239,9999.000,9999.000,9999.000,9999.000,9999.000,9999.000,9999.000
202608011930,  -0.005,   0.180,9999.000,9999.000,9999.000,9999.000,9999.000,9999.000,9999.000
202608011936,  -0.041,   0.141,9999.000,9999.000,9999.000,9999.000,9999.000,9999.000,9999.000
202608011942,  -0.070,   0.111,9999.000,9999.000,9999.000,9999.000,9999.000,9999.000,9999.000
202608011948,  -0.092,   0.078,9999.000,9999.000,9999.000,9999.000,9999.000,9999.000,9999.000
202608011954,  -0.107,   0.068,9999.000,9999.000,9999.000,9999.000,9999.000,9999.000,9999.000
202608012000,  -0.114,   0.068,   0.300,  -0.118,   0.068,   0.300,   0.068,   0.300,   0.068
202608012006,  -0.114,   0.078,9999.000,9999.000,9999.000,9999.000,9999.000,9999.000,9999.000
202608012012,  -0.107,   0.098,9999.000,9999.000,9999.000,9999.000,9999.000,9999.000,9999.000
202608012018,  -0.093,   0.098,9999.000,9999.000,9999.000,9999.000,9999.000,9999.000,9999.000
202608012024,  -0.072,   0.121,9999.000,9999.000,9999.000,9999.000,9999.000,9999.000,9999.000
202608012030,  -0.043,   0.150,9999.000,9999.000,9999.000,9999.000,9999.000,9999.000,9999.000
202608012036,  -0.008,   0.180,9999.000,9999.000,9999.000,9999.000,9999.000,9999.000,9999.000
202608012042,   0.033,   0.209,9999.000,9999.000,9999.000,9999.000,9999.000,9999.000,9999.000
202608012048,   0.081,   0.239,9999.000,9999.000,9999.000,9999.000,9999.000,9999.000,9999.000
202608012054,   0.136,   0.298,9999.000,9999.000,9999.000,9999.000,9999.000,9999.000,9999.000
202608012100,   0.196,   0.370,   0.300,  -0.126,   0.370,   0.300,   0.370,   0.400,   0.470
202608012106,   0.263,   0.429,9999.000,9999.000,9999.000,9999.000,9999.000,9999.000,9999.000
202608012112,   0.335,   0.488,9999.000,9999.000,9999.000,9999.000,9999.000,9999.000,9999.000
202608012118,   0.413,   0.570,9999.000,9999.000,9999.000,9999.000,9999.000,9999.000,9999.000
202608012124,   0.496,   0.639,9999.000,9999.000,9999.000,9999.000,9999.000,9999.000,9999.000
202608012130,   0.584,   0.708,9999.000,9999.000,9999.000,9999.000,9999.000,9999.000,9999.000
202608012136,   0.677,   0.800,9999.000,9999.000,9999.000,9999.000,9999.000,9999.000,9999.000
202608012142,   0.775,   0.888,9999.000,9999.000,9999.000,9999.000,9999.000,9999.000,9999.000
202608012148,   0.877,   0.990,9999.000,9999.000,9999.000,9999.000,9999.000,9999.000,9999.000
202608012154,   0.984,   1.079,9999.000,9999.000,9999.000,9999.000,9999.000,9999.000,9999.000
202608012200,   1.094,   1.180,   0.300,  -0.214,   1.180,   0.200,   1.080,   0.300,   1.180
202608012206,   1.209,   1.308,9999.000,9999.000,9999.000,9999.000,9999.000,9999.000,9999.000
202608012212,   1.327,   1.439,9999.000,9999.000,9999.000,9999.000,9999.000,9999.000,9999.000
202608012218,   1.449,   1.548,9999.000,9999.000,9999.000,9999.000,9999.000,9999.000,9999.000
202608012224,   1.574,   1.689,9999.000,9999.000,9999.000,9999.000,9999.000,9999.000,9999.000
202608012230,   1.703,   1.849,9999.000,9999.000,9999.000,9999.000,9999.000,9999.000,9999.000
202608012236,   1.834,   2.000,9999.000,9999.000,9999.000,9999.000,9999.000,9999.000,9999.000
202608012242,   1.969,   2.138,9999.000,9999.000,9999.000,9999.000,9999.000,9999.000,9999.000
202608012248,   2.106,   2.289,9999.000,9999.000,9999.000,9999.000,9999.000,9999.000,9999.000
202608012254,   2.247,   2.450,9999.000,9999.000,9999.000,9999.000,9999.000,9999.000,9999.000
202608012300,   2.389,   2.568,   0.300,  -0.121,   2.568,   0.200,   2.468,   0.300,   2.568
202608012306,   2.534,   2.719,9999.000,9999.000,9999.000,9999.000,9999.000,9999.000,9999.000
202608012312,   2.681,   2.909,9999.000,9999.000,9999.000,9999.000,9999.000,9999.000,9999.000
202608012318,   2.830,   3.089,9999.000,9999.000,9999.000,9999.000,9999.000,9999.000,9999.000
202608012324,   2.981,   3.240,9999.000,9999.000,9999.000,9999.000,9999.000,9999.000,9999.000
202608012330,   3.133,   3.388,9999.000,9999.000,9999.000,9999.000,9999.000,9999.000,9999.000
202608012336,   3.286,   3.539,9999.000,9999.000,9999.000,9999.000,9999.000,9999.000,9999.000
202608012342,   3.441,   3.689,9999.000,9999.000,9999.000,9999.000,9999.000,9999.000,9999.000
202608012348,   3.596,   3.837,9999.000,9999.000,9999.000,9999.000,9999.000,9999.000,9999.000
202608012354,   3.752,   3.998,9999.000,9999.000,9999.000,9999.000,9999.000,9999.000,9999.000
202608020000,   3.908,   4.168,   0.300,  -0.040,   4.168,   0.300,   4.168,   0.300,   4.168
202608020006,   4.064,   4.319,9999.000,9999.000,9999.000,9999.000,9999.000,9999.000,9999.000
202608020012,   4.220,   4.447,9999.000,9999.000,9999.000,9999.000,9999.000,9999.000,9999.000
202608020018,   4.376,   4.598,9999.000,9999.000,9999.000,9999.000,9999.000,9999.000,9999.000
202608020024,   4.530,   4.719,9999.000,9999.000,9999.000,9999.000,9999.000,9999.000,9999.000
202608020030,   4.684,   4.798,9999.000,9999.000,9999.000,9999.000,9999.000,9999.000,9999.000
202608020036,   4.835,   4.949,9999.000,9999.000,9999.000,9999.000,9999.000,9999.000,9999.000
202608020042,   4.986,   5.057,9999.000,9999.000,9999.000,9999.000,9999.000,9999.000,9999.000
202608020048,   5.134,   5.208,9999.000,9999.000,9999.000,9999.000,9999.000,9999.000,9999.000
202608020054,   5.280,   5.369,9999.000,9999.000,9999.000,9999.000,9999.000,9999.000,9999.000
202608020100,   5.423,   5.497,   0.300,  -0.226,   5.497,   0.300,   5.497,   0.300,   5.497
202608020106,   5.563,   5.618,9999.000,9999.000,9999.000,9999.000,9999.000,9999.000,9999.000
202608020112,   5.700,   5.749,9999.000,9999.000,9999.000,9999.000,9999.000,9999.000,9999.000
202608020118,   5.834,   5.858,9999.000,9999.000,9999.000,9999.000,9999.000,9999.000,9999.000
202608020124,   5.964,   5.979,9999.000,9999.000,9999.000,9999.000,9999.000,9999.000,9999.000
202608020130,   6.091,   6.087,9999.000,9999.000,9999.000,9999.000,9999.000,9999.000,9999.000
202608020136,   6.213,   6.218,9999.000,9999.000,9999.000,9999.000,9999.000,9999.000,9999.000
202608020142,   6.331,   6.317,9999.000,9999.000,9999.000,9999.000,9999.000,9999.000,9999.000
202608020148,   6.444,   6.438,9999.000,9999.000,9999.000,9999.000,9999.000,9999.000,9999.000
202608020154,   6.552,   6.546,9999.000,9999.000,9999.000,9999.000,9999.000,9999.000,9999.000
202608020200,   6.656,   6.668,   0.300,  -0.288,   6.668,   0.200,   6.568,   0.300,   6.668
202608020206,   6.755,   6.766,9999.000,9999.000,9999.000,9999.000,9999.000,9999.000,9999.000
202608020212,   6.848,   6.848,9999.000,9999.000,9999.000,9999.000,9999.000,9999.000,9999.000
202608020218,   6.936,   6.927,9999.000,9999.000,9999.000,9999.000,9999.000,9999.000,9999.000
202608020224,   7.019,   6.979,9999.000,9999.000,9999.000,9999.000,9999.000,9999.000,9999.000
202608020230,   7.096,   7.058,9999.000,9999.000,9999.000,9999.000,9999.000,9999.000,9999.000
202608020236,   7.167,   7.127,9999.000,9999.000,9999.000,9999.000,9999.000,9999.000,9999.000
202608020242,   7.232,   7.209,9999.000,9999.000,9999.000,9999.000,9999.000,9999.000,9999.000
202608020248,   7.292,   7.288,9999.000,9999.000,9999.000,9999.000,9999.000,9999.000,9999.000
202608020254,   7.345,   7.347,9999.000,9999.000,9999.000,9999.000,9999.000,9999.000,9999.000
202608020300,   7.393,   7.386,   0.200,  -0.207,   7.386,   0.100,   7.286,   0.200,   7.386
202608020306,   7.434,   7.429,9999.000,9999.000,9999.000,9999.000,9999.000,9999.000,9999.000
202608020312,   7.469,   7.448,9999.000,9999.000,9999.000,9999.000,9999.000,9999.000,9999.000
202608020318,   7.498,   7.468,9999.000,9999.000,9999.000,9999.000,9999.000,9999.000,9999.000
202608020324,   7.521,   7.478,9999.000,9999.000,9999.000,9999.000,9999.000,9999.000,9999.000
202608020330,   7.538,   7.488,9999.000,9999.000,9999.000,9999.000,9999.000,9999.000,9999.000
202608020336,   7.548,   7.507,9999.000,9999.000,9999.000,9999.000,9999.000,9999.000,9999.000
202608020342,   7.553,   7.507,9999.000,9999.000,9999.000,9999.000,9999.000,9999.000,9999.000
202608020348,   7.551,   7.517,9999.000,9999.000,9999.000,9999.000,9999.000,9999.000,9999.000
202608020354,   7.543,   7.527,9999.000,9999.000,9999.000,9999.000,9999.000,9999.000,9999.000
202608020400,   7.530,   7.517,   0.200,  -0.213,   7.517,   0.200,   7.517,   0.200,   7.517
202608020406,   7.510,   7.517,9999.000,9999.000,9999.000,9999.000,9999.000,9999.000,9999.000
202608020412,   7.485,   7.488,9999.000,9999.000,9999.000,9999.000,9999.000,9999.000,9999.000
202608020418,   7.454,   7.448,9999.000,9999.000,9999.000,9999.000,9999.000,9999.000,9999.000
202608020424,   7.418,   7.409,9999.000,9999.000,9999.000,9999.000,9999.000,9999.000,9999.000
202608020430,   7.377,   7.386,9999.000,9999.000,9999.000,9999.000,9999.000,9999.000,9999.000
202608020436,   7.330,   7.337,9999.000,9999.000,9999.000,9999.000,9999.000,9999.000,9999.000
202608020442,   7.278,   7.307,9999.000,9999.000,9999.000,9999.000,9999.000,9999.000,9999.000
202608020448,   7.222,   7.258,9999.000,9999.000,9999.000,9999.000,9999.000,9999.000,9999.000
202608020454,   7.161,   7.209,9999.000,9999.000,9999.000,9999.000,9999.000,9999.000,9999.000
202608020500,   7.096,   7.147,   0.200,  -0.149,   7.147,   0.200,   7.147,   0.300,   7.247
202608020506,   7.027,   7.058,9999.000,9999.000,9999.000,9999.000,9999.000,9999.000,9999.000
202608020512,   6.954,   6.966,9999.000,9999.000,9999.000,9999.000,9999.000,9999.000,9999.000
202608020518,   6.877,   6.868,9999.000,9999.000,9999.000,9999.000,9999.000,9999.000,9999.000
202608020524,   6.798,   6.756,9999.000,9999.000,9999.000,9999.000,9999.000,9999.000,9999.000
202608020530,   6.715,   6.668,9999.000,9999.000,9999.000,9999.000,9999.000,9999.000,9999.000
202608020536,   6.629,   6.579,9999.000,9999.000,9999.000,9999.000,9999.000,9999.000,9999.000
202608020542,   6.541,   6.497,9999.000,9999.000,9999.000,9999.000,9999.000,9999.000,9999.000
202608020548,   6.451,   6.409,9999.000,9999.000,9999.000,9999.000,9999.000,9999.000,9999.000
202608020554,   6.358,   6.297,9999.000,9999.000,9999.000,9999.000,9999.000,9999.000,9999.000
202608020600,   6.265,   6.189,   0.100,  -0.176,   6.189,   0.100,   6.189,   0.200,   6.289
202608020606,   6.170,   6.087,9999.000,9999.000,9999.000,9999.000,9999.000,9999.000,9999.000
202608020612,   6.074,   5.989,9999.000,9999.000,9999.000,9999.000,9999.000,9999.000,9999.000
202608020618,   5.977,   5.907,9999.000,9999.000,9999.000,9999.000,9999.000,9999.000,9999.000
202608020624,   5.881,   5.828,9999.000,9999.000,9999.000,9999.000,9999.000,9999.000,9999.000
202608020630,   5.784,   5.739,9999.000,9999.000,9999.000,9999.000,9999.000,9999.000,9999.000
202608020636,   5.687,   5.638,9999.000,9999.000,9999.000,9999.000,9999.000,9999.000,9999.000
202608020642,   5.592,   5.559,9999.000,9999.000,9999.000,9999.000,9999.000,9999.000,9999.000
202608020648,   5.497,   5.457,9999.000,9999.000,9999.000,9999.000,9999.000,9999.000,9999.000
202608020654,   5.403,   5.359,9999.000,9999.000,9999.000,9999.000,9999.000,9999.000,9999.000
202608020700,   5.311,   5.247,   0.000,  -0.064,   5.247,   0.000,   5.247,   0.100,   5.347
202608020706,   5.221,   5.159,9999.000,9999.000,9999.000,9999.000,9999.000,9999.000,9999.000
202608020712,   5.133,   5.077,9999.000,9999.000,9999.000,9999.000,9999.000,9999.000,9999.000
202608020718,   5.048,   5.008,9999.000,9999.000,9999.000,9999.000,9999.000,9999.000,9999.000
202608020724,   4.965,   4.919,9999.000,9999.000,9999.000,9999.000,9999.000,9999.000,9999.000
202608020730,   4.886,   4.847,9999.000,9999.000,9999.000,9999.000,9999.000,9999.000,9999.000
202608020736,   4.809,   4.788,9999.000,9999.000,9999.000,9999.000,9999.000,9999.000,9999.000
202608020742,   4.736,   4.710,9999.000,9999.000,9999.000,9999.000,9999.000,9999.000,9999.000
202608020748,   4.667,   4.647,9999.000,9999.000,9999.000,9999.000,9999.000,9999.000,9999.000
202608020754,   4.602,   4.588,9999.000,9999.000,9999.000,9999.000,9999.000,9999.000,9999.000
202608020800,   4.540,   4.539,   0.000,  -0.001,   4.539,   0.000,   4.539,   0.100,   4.639
202608020806,   4.482,   4.500,9999.000,9999.000,9999.000,9999.000,9999.000,9999.000,9999.000
202608020812,   4.429,   4.447,9999.000,9999.000,9999.000,9999.000,9999.000,9999.000,9999.000
202608020818,   4.380,   4.418,9999.000,9999.000,9999.000,9999.000,9999.000,9999.000,9999.000
202608020824,   4.335,   4.378,9999.000,9999.000,9999.000,9999.000,9999.000,9999.000,9999.000
202608020830,   4.294,   4.319,9999.000,9999.000,9999.000,9999.000,9999.000,9999.000,9999.000
202608020836,   4.258,   4.290,9999.000,9999.000,9999.000,9999.000,9999.000,9999.000,9999.000
202608020842,   4.226,   4.257,9999.000,9999.000,9999.000,9999.000,9999.000,9999.000,9999.000
202608020848,   4.198,   4.227,9999.000,9999.000,9999.000,9999.000,9999.000,9999.000,9999.000
202608020854,   4.175,   4.208,9999.000,9999.000,9999.000,9999.000,9999.000,9999.000,9999.000
202608020900,   4.155,   4.168,   0.100,  -0.087,   4.168,   0.000,   4.068,   0.100,   4.168
202608020906,   4.139,   4.139,9999.000,9999.000,9999.000,9999.000,9999.000,9999.000,9999.000
202608020912,   4.127,   4.129,9999.000,9999.000,9999.000,9999.000,9999.000,9999.000,9999.000
202608020918,   4.119,   4.109,9999.000,9999.000,9999.000,9999.000,9999.000,9999.000,9999.000
202608020924,   4.114,   4.099,9999.000,9999.000,9999.000,9999.000,9999.000,9999.000,9999.000
202608020930,   4.113,   4.099,9999.000,9999.000,9999.000,9999.000,9999.000,9999.000,9999.000
202608020936,   4.115,   4.090,9999.000,9999.000,9999.000,9999.000,9999.000,9999.000,9999.000
202608020942,   4.120,   4.080,9999.000,9999.000,9999.000,9999.000,9999.000,9999.000,9999.000
202608020948,   4.128,   4.070,9999.000,9999.000,9999.000,9999.000,9999.000,9999.000,9999.000
202608020954,   4.138,   4.070,9999.000,9999.000,9999.000,9999.000,9999.000,9999.000,9999.000
202608021000,   4.151,   4.080,   0.000,  -0.071,   4.080,   0.000,   4.080,   0.100,   4.180
202608021006,   4.167,   4.099,9999.000,9999.000,9999.000,9999.000,9999.000,9999.000,9999.000
202608021012,   4.185,   4.119,9999.000,9999.000,9999.000,9999.000,9999.000,9999.000,9999.000
202608021018,   4.205,   4.149,9999.000,9999.000,9999.000,9999.000,9999.000,9999.000,9999.000
202608021024,   4.228,   4.168,9999.000,9999.000,9999.000,9999.000,9999.000,9999.000,9999.000
202608021030,   4.252,   4.168,9999.000,9999.000,9999.000,9999.000,9999.000,9999.000,9999.000
202608021036,   4.278,   4.198,9999.000,9999.000,9999.000,9999.000,9999.000,9999.000,9999.000
202608021042,   4.306,   4.218,9999.000,9999.000,9999.000,9999.000,9999.000,9999.000,9999.000
202608021048,   4.336,   4.257,9999.000,9999.000,9999.000,9999.000,9999.000,9999.000,9999.000
202608021054,   4.367,   4.300,9999.000,9999.000,9999.000,9999.000,9999.000,9999.000,9999.000
202608021100,   4.400,   4.329,   0.000,  -0.071,   4.329,   0.000,   4.329,   0.100,   4.429
202608021106,   4.434,   4.378,9999.000,9999.000,9999.000,9999.000,9999.000,9999.000,9999.000
202608021112,   4.470,   4.408,9999.000,9999.000,9999.000,9999.000,9999.000,9999.000,9999.000
202608021118,   4.507,   4.437,9999.000,9999.000,9999.000,9999.000,9999.000,9999.000,9999.000
202608021124,   4.545,   4.500,9999.000,9999.000,9999.000,9999.000,9999.000,9999.000,9999.000
202608021130,   4.584,   4.549,9999.000,9999.000,9999.000,9999.000,9999.000,9999.000,9999.000
202608021136,   4.624,   4.588,9999.000,9999.000,9999.000,9999.000,9999.000,9999.000,9999.000
202608021142,   4.665,   4.637,9999.000,9999.000,9999.000,9999.000,9999.000,9999.000,9999.000
202608021148,   4.706,   4.690,9999.000,9999.000,9999.000,9999.000,9999.000,9999.000,9999.000
202608021154,   4.748,   4.739,9999.000,9999.000,9999.000,9999.000,9999.000,9999.000,9999.000
202608021200,   4.791,   4.788,   0.000,  -0.003,   4.788,   0.000,   4.788,   0.000,   4.788
202608021206,   4.834,   4.837,9999.000,9999.000,9999.000,9999.000,9999.000,9999.000,9999.000
202608021212,   4.876,   4.887,9999.000,9999.000,9999.000,9999.000,9999.000,9999.000,9999.000
202608021218,   4.919,   4.939,9999.000,9999.000,9999.000,9999.000,9999.000,9999.000,9999.000
202608021224,   4.961,   4.988,9999.000,9999.000,9999.000,9999.000,9999.000,9999.000,9999.000
202608021230,   5.003,   5.028,9999.000,9999.000,9999.000,9999.000,9999.000,9999.000,9999.000
202608021236,   5.044,   5.077,9999.000,9999.000,9999.000,9999.000,9999.000,9999.000,9999.000
202608021242,   5.084,   5.120,9999.000,9999.000,9999.000,9999.000,9999.000,9999.000,9999.000
202608021248,   5.123,   5.159,9999.000,9999.000,9999.000,9999.000,9999.000,9999.000,9999.000
202608021254,   5.160,   5.208,9999.000,9999.000,9999.000,9999.000,9999.000,9999.000,9999.000
202608021300,   5.196,   5.238,   0.000,   0.042,   5.238,   0.000,   5.238,   0.000,   5.238
202608021306,   5.230,   5.277,9999.000,9999.000,9999.000,9999.000,9999.000,9999.000,9999.000
202608021312,   5.261,   5.307,9999.000,9999.000,9999.000,9999.000,9999.000,9999.000,9999.000
202608021318,   5.290,   5.339,9999.000,9999.000,9999.000,9999.000,9999.000,9999.000,9999.000
202608021324,   5.317,   5.369,9999.000,9999.000,9999.000,9999.000,9999.000,9999.000,9999.000
202608021330,   5.341,   5.398,9999.000,9999.000,9999.000,9999.000,9999.000,9999.000,9999.000
202608021336,   5.362,   5.428,9999.000,9999.000,9999.000,9999.000,9999.000,9999.000,9999.000
202608021342,   5.379,   5.457,9999.000,9999.000,9999.000,9999.000,9999.000,9999.000,9999.000
202608021348,   5.394,   5.477,9999.000,9999.000,9999.000,9999.000,9999.000,9999.000,9999.000
202608021354,   5.405,   5.477,9999.000,9999.000,9999.000,9999.000,9999.000,9999.000,9999.000
202608021400,   5.412,   5.477,   0.000,   0.065,   5.477,   0.000,   5.477,   0.000,   5.477
202608021406,   5.415,   5.487,9999.000,9999.000,9999.000,9999.000,9999.000,9999.000,9999.000
202608021412,   5.414,   5.477,9999.000,9999.000,9999.000,9999.000,9999.000,9999.000,9999.000
202608021418,   5.410,   5.467,9999.000,9999.000,9999.000,9999.000,9999.000,9999.000,9999.000
202608021424,   5.401,   5.428,9999.000,9999.000,9999.000,9999.000,9999.000,9999.000,9999.000
202608021430,   5.389,   5.418,9999.000,9999.000,9999.000,9999.000,9999.000,9999.000,9999.000
202608021436,   5.372,   5.389,9999.000,9999.000,9999.000,9999.000,9999.000,9999.000,9999.000
202608021442,   5.350,   5.349,9999.000,9999.000,9999.000,9999.000,9999.000,9999.000,9999.000
202608021448,   5.325,   5.320,9999.000,9999.000,9999.000,9999.000,9999.000,9999.000,9999.000
202608021454,   5.295,   5.277,9999.000,9999.000,9999.000,9999.000,9999.000,9999.000,9999.000
202608021500,   5.260,   5.238,   0.000,  -0.022,   5.238,   0.000,   5.238,   0.000,   5.238
202608021506,   5.222,   5.208,9999.000,9999.000,9999.000,9999.000,9999.000,9999.000,9999.000
202608021512,   5.179,   5.179,9999.000,9999.000,9999.000,9999.000,9999.000,9999.000,9999.000
202608021518,   5.131,   5.120,9999.000,9999.000,9999.000,9999.000,9999.000,9999.000,9999.000
202608021524,   5.080,   5.077,9999.000,9999.000,9999.000,9999.000,9999.000,9999.000,9999.000
202608021530,   5.024,   5.008,9999.000,9999.000,9999.000,9999.000,9999.000,9999.000,9999.000
202608021536,   4.964,   4.959,9999.000,9999.000,9999.000,9999.000,9999.000,9999.000,9999.000
202608021542,   4.900,   4.910,9999.000,9999.000,9999.000,9999.000,9999.000,9999.000,9999.000
202608021548,   4.832,   4.837,9999.000,9999.000,9999.000,9999.000,9999.000,9999.000,9999.000
202608021554,   4.760,   4.759,9999.000,9999.000,9999.000,9999.000,9999.000,9999.000,9999.000
202608021600,   4.684,   4.700,   0.000,   0.016,   4.700,   0.000,   4.700,   0.000,   4.700
202608021606,   4.604,   4.608,9999.000,9999.000,9999.000,9999.000,9999.000,9999.000,9999.000
202608021612,   4.521,   4.529,9999.000,9999.000,9999.000,9999.000,9999.000,9999.000,9999.000
202608021618,   4.435,   4.437,9999.000,9999.000,9999.000,9999.000,9999.000,9999.000,9999.000
202608021624,   4.345,   4.349,9999.000,9999.000,9999.000,9999.000,9999.000,9999.000,9999.000
202608021630,   4.252,   4.280,9999.000,9999.000,9999.000,9999.000,9999.000,9999.000,9999.000
202608021636,   4.156,   4.188,9999.000,9999.000,9999.000,9999.000,9999.000,9999.000,9999.000
202608021642,   4.057,   4.099,9999.000,9999.000,9999.000,9999.000,9999.000,9999.000,9999.000
202608021648,   3.955,   3.998,9999.000,9999.000,9999.000,9999.000,9999.000,9999.000,9999.000
202608021654,   3.852,   3.909,9999.000,9999.000,9999.000,9999.000,9999.000,9999.000,9999.000
202608021700,   3.746,   3.808,   0.000,   0.062,   3.808,   0.000,   3.808,   0.000,   3.808
202608021706,   3.638,   3.689,9999.000,9999.000,9999.000,9999.000,9999.000,9999.000,9999.000
202608021712,   3.529,   3.598,9999.000,9999.000,9999.000,9999.000,9999.000,9999.000,9999.000
202608021718,   3.418,   3.509,9999.000,9999.000,9999.000,9999.000,9999.000,9999.000,9999.000
202608021724,   3.306,   3.407,9999.000,9999.000,9999.000,9999.000,9999.000,9999.000,9999.000
202608021730,   3.193,   3.299,9999.000,9999.000,9999.000,9999.000,9999.000,9999.000,9999.000
202608021736,   3.079,   3.168,9999.000,9999.000,9999.000,9999.000,9999.000,9999.000,9999.000
202608021742,   2.965,   3.060,9999.000,9999.000,9999.000,9999.000,9999.000,9999.000,9999.000
202608021748,   2.851,   2.938,9999.000,9999.000,9999.000,9999.000,9999.000,9999.000,9999.000
202608021754,   2.737,   2.820,9999.000,9999.000,9999.000,9999.000,9999.000,9999.000,9999.000
202608021800,   2.624,   2.699,   0.000,   0.075,   2.699,   0.000,   2.699,   0.000,   2.699
202608021806,   2.511,   2.587,9999.000,9999.000,9999.000,9999.000,9999.000,9999.000,9999.000
202608021812,   2.400,   2.479,9999.000,9999.000,9999.000,9999.000,9999.000,9999.000,9999.000
202608021818,   2.290,   2.368,9999.000,9999.000,9999.000,9999.000,9999.000,9999.000,9999.000
202608021824,   2.181,   2.269,9999.000,9999.000,9999.000,9999.000,9999.000,9999.000,9999.000
202608021830,   2.075,   2.148,9999.000,9999.000,9999.000,9999.000,9999.000,9999.000,9999.000
202608021836,   1.971,   2.040,9999.000,9999.000,9999.000,9999.000,9999.000,9999.000,9999.000
202608021842,   1.869,   1.928,9999.000,9999.000,9999.000,9999.000,9999.000,9999.000,9999.000
202608021848,   1.771,   1.840,9999.000,9999.000,9999.000,9999.000,9999.000,9999.000,9999.000
202608021854,   1.676,   1.738,9999.000,9999.000,9999.000,9999.000,9999.000,9999.000,9999.000
202608021900,   1.584,   1.659,   0.000,   0.075,   1.659,   0.000,   1.659,   0.100,   1.759
202608021906,   1.496,   1.557,9999.000,9999.000,9999.000,9999.000,9999.000,9999.000,9999.000
202608021912,   1.412,   1.469,9999.000,9999.000,9999.000,9999.000,9999.000,9999.000,9999.000
202608021918,   1.332,   1.400,9999.000,9999.000,9999.000,9999.000,9999.000,9999.000,9999.000
202608021924,   1.258,   1.318,9999.000,9999.000,9999.000,9999.000,9999.000,9999.000,9999.000
202608021930,   1.188,   1.239,9999.000,9999.000,9999.000,9999.000,9999.000,9999.000,9999.000
202608021936,   1.123,   1.170,9999.000,9999.000,9999.000,9999.000,9999.000,9999.000,9999.000
202608021942,   1.064,   1.108,9999.000,9999.000,9999.000,9999.000,9999.000,9999.000,9999.000
202608021948,   1.010,   1.039,9999.000,9999.000,9999.000,9999.000,9999.000,9999.000,9999.000
202608021954,   0.963,   1.010,9999.000,9999.000,9999.000,9999.000,9999.000,9999.000,9999.000
202608022000,   0.921,   0.961,   0.100,  -0.060,   0.961,   0.000,   0.861,   0.100,   0.961
202608022006,   0.885,   0.928,9999.000,9999.000,9999.000,9999.000,9999.000,9999.000,9999.000
202608022012,   0.856,   0.908,9999.000,9999.000,9999.000,9999.000,9999.000,9999.000,9999.000
202608022018,   0.834,   0.898,9999.000,9999.000,9999.000,9999.000,9999.000,9999.000,9999.000
202608022024,   0.818,   0.869,9999.000,9999.000,9999.000,9999.000,9999.000,9999.000,9999.000
202608022030,   0.808,   0.859,9999.000,9999.000,9999.000,9999.000,9999.000,9999.000,9999.000
202608022036,   0.805,   0.859,9999.000,9999.000,9999.000,9999.000,9999.000,9999.000,9999.000
202608022042,   0.809,   0.869,9999.000,9999.000,9999.000,9999.000,9999.000,9999.000,9999.000
202608022048,   0.820,   0.869,9999.000,9999.000,9999.000,9999.000,9999.000,9999.000,9999.000
202608022054,   0.837,   0.888,9999.000,9999.000,9999.000,9999.000,9999.000,9999.000,9999.000
202608022100,   0.861,   0.918,   0.000,   0.057,   0.918,   0.000,   0.918,   0.100,   1.018
202608022106,   0.891,   0.951,9999.000,9999.000,9999.000,9999.000,9999.000,9999.000,9999.000
202608022112,   0.927,   0.970,9999.000,9999.000,9999.000,9999.000,9999.000,9999.000,9999.000
202608022118,   0.970,   1.010,9999.000,9999.000,9999.000,9999.000,9999.000,9999.000,9999.000
202608022124,   1.018,   1.039,9999.000,9999.000,9999.000,9999.000,9999.000,9999.000,9999.000
202608022130,   1.073,   1.088,9999.000,9999.000,9999.000,9999.000,9999.000,9999.000,9999.000
202608022136,   1.133,   1.128,9999.000,9999.000,9999.000,9999.000,9999.000,9999.000,9999.000
202608022142,   1.199,   1.200,9999.000,9999.000,9999.000,9999.000,9999.000,9999.000,9999.000
202608022148,   1.269,   1.269,9999.000,9999.000,9999.000,9999.000,9999.000,9999.000,9999.000
202608022154,   1.345,   1.328,9999.000,9999.000,9999.000,9999.000,9999.000,9999.000,9999.000
202608022200,   1.426,   1.420,   0.000,  -0.006,   1.420,   0.000,   1.420,   0.000,   1.420
202608022206,   1.511,   1.479,9999.000,9999.000,9999.000,9999.000,9999.000,9999.000,9999.000
202608022212,   1.600,   1.548,9999.000,9999.000,9999.000,9999.000,9999.000,9999.000,9999.000
202608022218,   1.694,   1.649,9999.000,9999.000,9999.000,9999.000,9999.000,9999.000,9999.000
202608022224,   1.791,   1.748,9999.000,9999.000,9999.000,9999.000,9999.000,9999.000,9999.000
202608022230,   1.893,   1.849,9999.000,9999.000,9999.000,9999.000,9999.000,9999.000,9999.000
202608022236,   1.998,   1.958,9999.000,9999.000,9999.000,9999.000,9999.000,9999.000,9999.000
202608022242,   2.106,   2.069,9999.000,9999.000,9999.000,9999.000,9999.000,9999.000,9999.000
202608022248,   2.217,   2.177,9999.000,9999.000,9999.000,9999.000,9999.000,9999.000,9999.000
202608022254,   2.331,   2.299,9999.000,9999.000,9999.000,9999.000,9999.000,9999.000,9999.000
202608022300,   2.448,   2.400,   0.000,  -0.048,   2.400,   0.000,   2.400,   0.100,   2.500
202608022306,   2.568,   2.538,9999.000,9999.000,9999.000,9999.000,9999.000,9999.000,9999.000
202608022312,   2.691,   2.709,9999.000,9999.000,9999.000,9999.000,9999.000,9999.000,9999.000
202608022318,   2.815,   2.840,9999.000,9999.000,9999.000,9999.000,9999.000,9999.000,9999.000
202608022324,   2.942,   2.968,9999.000,9999.000,9999.000,9999.000,9999.000,9999.000,9999.000
202608022330,   3.071,   3.089,9999.000,9999.000,9999.000,9999.000,9999.000,9999.000,9999.000
202608022336,   3.202,   3.230,9999.000,9999.000,9999.000,9999.000,9999.000,9999.000,9999.000
202608022342,   3.335,   3.378,9999.000,9999.000,9999.000,9999.000,9999.000,9999.000,9999.000
202608022348,   3.470,   3.519,9999.000,9999.000,9999.000,9999.000,9999.000,9999.000,9999.000
202608022354,   3.606,   3.670,9999.000,9999.000,9999.000,9999.000,9999.000,9999.000,9999.000
202608030000,   3.743,   3.827,   0.200,  -0.116,   3.827,   0.100,   3.727,   0.200,   3.827
202608030006,   3.882,   3.958,9999.000,9999.000,9999.000,9999.000,9999.000,9999.000,9999.000
202608030012,   4.022,   4.090,9999.000,9999.000,9999.000,9999.000,9999.000,9999.000,9999.000
202608030018,   4.162,   4.218,9999.000,9999.000,9999.000,9999.000,9999.000,9999.000,9999.000
202608030024,   4.303,   4.339,9999.000,9999.000,9999.000,9999.000,9999.000,9999.000,9999.000
202608030030,   4.444,   4.457,9999.000,9999.000,9999.000,9999.000,9999.000,9999.000,9999.000
202608030036,   4.585,   4.608,9999.000,9999.000,9999.000,9999.000,9999.000,9999.000,9999.000
202608030042,   4.726,   4.739,9999.000,9999.000,9999.000,9999.000,9999.000,9999.000,9999.000
202608030048,   4.867,   4.900,9999.000,9999.000,9999.000,9999.000,9999.000,9999.000,9999.000
202608030054,   5.006,   5.047,9999.000,9999.000,9999.000,9999.000,9999.000,9999.000,9999.000
202608030100,   5.145,   5.169,   0.200,  -0.176,   5.169,   0.100,   5.069,   0.200,   5.169
202608030106,   5.283,   5.257,9999.000,9999.000,9999.000,9999.000,9999.000,9999.000,9999.000
202608030112,   5.419,   5.320,9999.000,9999.000,9999.000,9999.000,9999.000,9999.000,9999.000
202608030118,   5.553,   5.418,9999.000,9999.000,9999.000,9999.000,9999.000,9999.000,9999.000
202608030124,   5.684,   5.549,9999.000,9999.000,9999.000,9999.000,9999.000,9999.000,9999.000
202608030130,   5.813,   5.657,9999.000,9999.000,9999.000,9999.000,9999.000,9999.000,9999.000
202608030136,   5.940,   5.808,9999.000,9999.000,9999.000,9999.000,9999.000,9999.000,9999.000
202608030142,   6.063,   5.979,9999.000,9999.000,9999.000,9999.000,9999.000,9999.000,9999.000
202608030148,   6.183,   6.077,9999.000,9999.000,9999.000,9999.000,9999.000,9999.000,9999.000
202608030154,   6.299,   6.159,9999.000,9999.000,9999.000,9999.000,9999.000,9999.000,9999.000
202608030200,   6.411,   6.248,   0.100,  -0.263,   6.248,   0.100,   6.248,   0.100,   6.248
202608030206,   6.519,   6.307,9999.000,9999.000,9999.000,9999.000,9999.000,9999.000,9999.000
202608030212,   6.623,   6.399,9999.000,9999.000,9999.000,9999.000,9999.000,9999.000,9999.000
202608030218,   6.722,   6.497,9999.000,9999.000,9999.000,9999.000,9999.000,9999.000,9999.000
202608030224,   6.816,   6.609,9999.000,9999.000,9999.000,9999.000,9999.000,9999.000,9999.000
202608030230,   6.906,   6.727,9999.000,9999.000,9999.000,9999.000,9999.000,9999.000,9999.000
202608030236,   6.990,   6.809,9999.000,9999.000,9999.000,9999.000,9999.000,9999.000,9999.000
202608030242,   7.068,   6.878,9999.000,9999.000,9999.000,9999.000,9999.000,9999.000,9999.000
202608030248,   7.141,   6.937,9999.000,9999.000,9999.000,9999.000,9999.000,9999.000,9999.000
202608030254,   7.209,   6.989,9999.000,9999.000,9999.000,9999.000,9999.000,9999.000,9999.000
202608030300,   7.271,   7.048,   0.000,  -0.223,   7.048,   0.000,   7.048,   0.100,   7.148
202608030306,   7.327,   7.117,9999.000,9999.000,9999.000,9999.000,9999.000,9999.000,9999.000
202608030312,   7.377,   7.147,9999.000,9999.000,9999.000,9999.000,9999.000,9999.000,9999.000
202608030318,   7.421,   7.199,9999.000,9999.000,9999.000,9999.000,9999.000,9999.000,9999.000
202608030324,   7.459,   7.258,9999.000,9999.000,9999.000,9999.000,9999.000,9999.000,9999.000
202608030330,   7.492,   7.297,9999.000,9999.000,9999.000,9999.000,9999.000,9999.000,9999.000
202608030336,   7.518,   7.327,9999.000,9999.000,9999.000,9999.000,9999.000,9999.000,9999.000
202608030342,   7.538,   7.347,9999.000,9999.000,9999.000,9999.000,9999.000,9999.000,9999.000
202608030348,   7.551,   7.357,9999.000,9999.000,9999.000,9999.000,9999.000,9999.000,9999.000
202608030354,   7.559,   7.366,9999.000,9999.000,9999.000,9999.000,9999.000,9999.000,9999.000
202608030400,   7.561,   7.366,   0.100,  -0.295,   7.366,   0.100,   7.366,   0.100,   7.366
202608030406,   7.556,   7.366,9999.000,9999.000,9999.000,9999.000,9999.000,9999.000,9999.000
202608030412,   7.546,   7.409,9999.000,9999.000,9999.000,9999.000,9999.000,9999.000,9999.000
202608030418,   7.529,   7.386,9999.000,9999.000,9999.000,9999.000,9999.000,9999.000,9999.000
202608030424,   7.507,   7.366,9999.000,9999.000,9999.000,9999.000,9999.000,9999.000,9999.000
202608030430,   7.478,   7.347,9999.000,9999.000,9999.000,9999.000,9999.000,9999.000,9999.000
202608030436,   7.444,   7.297,9999.000,9999.000,9999.000,9999.000,9999.000,9999.000,9999.000
202608030442,   7.405,   7.248,9999.000,9999.000,9999.000,9999.000,9999.000,9999.000,9999.000
202608030448,   7.359,   7.209,9999.000,9999.000,9999.000,9999.000,9999.000,9999.000,9999.000
202608030454,   7.309,   7.137,9999.000,9999.000,9999.000,9999.000,9999.000,9999.000,9999.000
202608030500,   7.253,   7.097,   0.100,  -0.256,   7.097,   0.100,   7.097,   0.200,   7.197
202608030506,   7.192,   7.048,9999.000,9999.000,9999.000,9999.000,9999.000,9999.000,9999.000
202608030512,   7.125,   6.979,9999.000,9999.000,9999.000,9999.000,9999.000,9999.000,9999.000
202608030518,   7.055,   6.907,9999.000,9999.000,9999.000,9999.000,9999.000,9999.000,9999.000
202608030524,   6.979,   6.819,9999.000,9999.000,9999.000,9999.000,9999.000,9999.000,9999.000
202608030530,   6.899,   6.727,9999.000,9999.000,9999.000,9999.000,9999.000,9999.000,9999.000
202608030536,   6.815,   6.638,9999.000,9999.000,9999.000,9999.000,9999.000,9999.000,9999.000
202608030542,   6.727,   6.546,9999.000,9999.000,9999.000,9999.000,9999.000,9999.000,9999.000
202608030548,   6.635,   6.468,9999.000,9999.000,9999.000,9999.000,9999.000,9999.000,9999.000
202608030554,   6.540,   6.379,9999.000,9999.000,9999.000,9999.000,9999.000,9999.000,9999.000
202608030600,   6.441,   6.277,   0.000,  -0.164,   6.277,   0.000,   6.277,   0.100,   6.377
202608030606,   6.339,   6.179,9999.000,9999.000,9999.000,9999.000,9999.000,9999.000,9999.000
202608030612,   6.235,   6.067,9999.000,9999.000,9999.000,9999.000,9999.000,9999.000,9999.000
202608030618,   6.128,   5.940,9999.000,9999.000,9999.000,9999.000,9999.000,9999.000,9999.000
202608030624,   6.019,   5.828,9999.000,9999.000,9999.000,9999.000,9999.000,9999.000,9999.000
202608030630,   5.909,   5.717,9999.000,9999.000,9999.000,9999.000,9999.000,9999.000,9999.000
202608030636,   5.797,   5.608,9999.000,9999.000,9999.000,9999.000,9999.000,9999.000,9999.000
202608030642,   5.683,   5.487,9999.000,9999.000,9999.000,9999.000,9999.000,9999.000,9999.000
202608030648,   5.569,   5.389,9999.000,9999.000,9999.000,9999.000,9999.000,9999.000,9999.000
202608030654,   5.454,   5.277,9999.000,9999.000,9999.000,9999.000,9999.000,9999.000,9999.000
202608030700,   5.339,   5.149,   0.000,  -0.190,   5.149,   0.000,   5.149,   0.000,   5.149
202608030706,   5.223,   5.018,9999.000,9999.000,9999.000,9999.000,9999.000,9999.000,9999.000
202608030712,   5.109,   4.887,9999.000,9999.000,9999.000,9999.000,9999.000,9999.000,9999.000
202608030718,   4.995,   4.788,9999.000,9999.000,9999.000,9999.000,9999.000,9999.000,9999.000
202608030724,   4.882,   4.677,9999.000,9999.000,9999.000,9999.000,9999.000,9999.000,9999.000
202608030730,   4.770,   4.569,9999.000,9999.000,9999.000,9999.000,9999.000,9999.000,9999.000
202608030736,   4.660,   4.480,9999.000,9999.000,9999.000,9999.000,9999.000,9999.000,9999.000
202608030742,   4.553,   4.408,9999.000,9999.000,9999.000,9999.000,9999.000,9999.000,9999.000
202608030748,   4.447,   4.309,9999.000,9999.000,9999.000,9999.000,9999.000,9999.000,9999.000
202608030754,   4.344,   4.198,9999.000,9999.000,9999.000,9999.000,9999.000,9999.000,9999.000
202608030800,   4.244,   4.090,   0.000,  -0.154,   4.090,   0.000,   4.090,   0.000,   4.090
202608030806,   4.148,   4.008,9999.000,9999.000,9999.000,9999.000,9999.000,9999.000,9999.000
202608030812,   4.055,   3.919,9999.000,9999.000,9999.000,9999.000,9999.000,9999.000,9999.000
202608030818,   3.965,   3.847,9999.000,9999.000,9999.000,9999.000,9999.000,9999.000,9999.000
202608030824,   3.880,   3.768,9999.000,9999.000,9999.000,9999.000,9999.000,9999.000,9999.000
202608030830,   3.799,   3.699,9999.000,9999.000,9999.000,9999.000,9999.000,9999.000,9999.000
202608030836,   3.722,   3.637,9999.000,9999.000,9999.000,9999.000,9999.000,9999.000,9999.000
202608030842,   3.649,   3.558,9999.000,9999.000,9999.000,9999.000,9999.000,9999.000,9999.000
202608030848,   3.581,   3.509,9999.000,9999.000,9999.000,9999.000,9999.000,9999.000,9999.000
202608030854,   3.518,   3.450,9999.000,9999.000,9999.000,9999.000,9999.000,9999.000,9999.000
202608030900,   3.460,   3.388,   0.000,  -0.072,   3.388,   0.000,   3.388,   0.000,   3.388
202608030906,   3.407,   3.358,9999.000,9999.000,9999.000,9999.000,9999.000,9999.000,9999.000
202608030912,   3.359,   3.309,9999.000,9999.000,9999.000,9999.000,9999.000,9999.000,9999.000
202608030918,   3.315,   3.270,9999.000,9999.000,9999.000,9999.000,9999.000,9999.000,9999.000
202608030924,   3.277,   3.217,9999.000,9999.000,9999.000,9999.000,9999.000,9999.000,9999.000
202608030930,   3.243,   3.188,9999.000,9999.000,9999.000,9999.000,9999.000,9999.000,9999.000
202608030936,   3.215,   3.138,9999.000,9999.000,9999.000,9999.000,9999.000,9999.000,9999.000
202608030942,   3.191,   3.109,9999.000,9999.000,9999.000,9999.000,9999.000,9999.000,9999.000
202608030948,   3.171,   3.070,9999.000,9999.000,9999.000,9999.000,9999.000,9999.000,9999.000
202608030954,   3.156,   3.040,9999.000,9999.000,9999.000,9999.000,9999.000,9999.000,9999.000
202608031000,   3.146,   3.017,   0.000,  -0.129,   3.017,   0.000,   3.017,   0.000,   3.017
202608031006,   3.139,   2.988,9999.000,9999.000,9999.000,9999.000,9999.000,9999.000,9999.000
202608031012,   3.137,   2.988,9999.000,9999.000,9999.000,9999.000,9999.000,9999.000,9999.000
202608031018,   3.138,   3.007,9999.000,9999.000,9999.000,9999.000,9999.000,9999.000,9999.000
202608031024,   3.144,   2.988,9999.000,9999.000,9999.000,9999.000,9999.000,9999.000,9999.000
202608031030,   3.153,   2.997,9999.000,9999.000,9999.000,9999.000,9999.000,9999.000,9999.000
202608031036,   3.165,   2.997,9999.000,9999.000,9999.000,9999.000,9999.000,9999.000,9999.000
202608031042,   3.180,   2.988,9999.000,9999.000,9999.000,9999.000,9999.000,9999.000,9999.000
202608031048,   3.199,   2.997,9999.000,9999.000,9999.000,9999.000,9999.000,9999.000,9999.000
202608031054,   3.220,   3.017,9999.000,9999.000,9999.000,9999.000,9999.000,9999.000,9999.000
202608031100,   3.244,   3.040,   0.000,  -0.204,   3.040,   0.000,   3.040,   0.000,   3.040
202608031106,   3.271,   3.079,9999.000,9999.000,9999.000,9999.000,9999.000,9999.000,9999.000
202608031112,   3.300,   3.109,9999.000,9999.000,9999.000,9999.000,9999.000,9999.000,9999.000
202608031118,   3.332,   3.119,9999.000,9999.000,9999.000,9999.000,9999.000,9999.000,9999.000
202608031124,   3.366,   3.158,9999.000,9999.000,9999.000,9999.000,9999.000,9999.000,9999.000
202608031130,   3.403,   3.178,9999.000,9999.000,9999.000,9999.000,9999.000,9999.000,9999.000
202608031136,   3.441,   3.217,9999.000,9999.000,9999.000,9999.000,9999.000,9999.000,9999.000
202608031142,   3.482,   3.260,9999.000,9999.000,9999.000,9999.000,9999.000,9999.000,9999.000
202608031148,   3.524,   3.309,9999.000,9999.000,9999.000,9999.000,9999.000,9999.000,9999.000
202608031154,   3.568,   3.368,9999.000,9999.000,9999.000,9999.000,9999.000,9999.000,9999.000
202608031200,   3.614,   3.427,  -0.100,  -0.087,   3.427,  -0.100,   3.427,   0.000,   3.527
202608031206,   3.662,   3.470,9999.000,9999.000,9999.000,9999.000,9999.000,9999.000,9999.000
202608031212,   3.711,   3.529,9999.000,9999.000,9999.000,9999.000,9999.000,9999.000,9999.000
202608031218,   3.762,   3.588,9999.000,9999.000,9999.000,9999.000,9999.000,9999.000,9999.000
202608031224,   3.814,   3.637,9999.000,9999.000,9999.000,9999.000,9999.000,9999.000,9999.000
202608031230,   3.867,   3.699,9999.000,9999.000,9999.000,9999.000,9999.000,9999.000,9999.000
202608031236,   3.921,   3.758,9999.000,9999.000,9999.000,9999.000,9999.000,9999.000,9999.000
202608031242,   3.977,   3.837,9999.000,9999.000,9999.000,9999.000,9999.000,9999.000,9999.000
202608031248,   4.032,   3.909,9999.000,9999.000,9999.000,9999.000,9999.000,9999.000,9999.000
202608031254,   4.089,   3.958,9999.000,9999.000,9999.000,9999.000,9999.000,9999.000,9999.000
202608031300,   4.146,   4.037,   0.000,  -0.109,   4.037,  -0.100,   3.937,   0.000,   4.037
202608031306,   4.202,   4.119,9999.000,9999.000,9999.000,9999.000,9999.000,9999.000,9999.000
202608031312,   4.259,   4.178,9999.000,9999.000,9999.000,9999.000,9999.000,9999.000,9999.000
202608031318,   4.316,   4.237,9999.000,9999.000,9999.000,9999.000,9999.000,9999.000,9999.000
202608031324,   4.372,   4.309,9999.000,9999.000,9999.000,9999.000,9999.000,9999.000,9999.000
202608031330,   4.427,   4.359,9999.000,9999.000,9999.000,9999.000,9999.000,9999.000,9999.000
202608031336,   4.481,   4.408,9999.000,9999.000,9999.000,9999.000,9999.000,9999.000,9999.000
202608031342,   4.533,   4.457,9999.000,9999.000,9999.000,9999.000,9999.000,9999.000,9999.000
202608031348,   4.585,   4.509,9999.000,9999.000,9999.000,9999.000,9999.000,9999.000,9999.000
202608031354,   4.634,   4.559,9999.000,9999.000,9999.000,9999.000,9999.000,9999.000,9999.000
202608031400,   4.681,   4.578,   0.000,  -0.103,   4.578,  -0.100,   4.478,   0.000,   4.578
202608031406,   4.727,   4.618,9999.000,9999.000,9999.000,9999.000,9999.000,9999.000,9999.000
202608031412,   4.769,   4.657,9999.000,9999.000,9999.000,9999.000,9999.000,9999.000,9999.000
202608031418,   4.810,   4.677,9999.000,9999.000,9999.000,9999.000,9999.000,9999.000,9999.000
202608031424,   4.847,   4.719,9999.000,9999.000,9999.000,9999.000,9999.000,9999.000,9999.000
202608031430,   4.881,   4.739,9999.000,9999.000,9999.000,9999.000,9999.000,9999.000,9999.000
202608031436,   4.912,   4.769,9999.000,9999.000,9999.000,9999.000,9999.000,9999.000,9999.000
202608031442,   4.940,   4.769,9999.000,9999.000,9999.000,9999.000,9999.000,9999.000,9999.000
202608031448,   4.964,   4.769,9999.000,9999.000,9999.000,9999.000,9999.000,9999.000,9999.000
202608031454,   4.985,   4.778,9999.000,9999.000,9999.000,9999.000,9999.000,9999.000,9999.000
202608031500,   5.002,   4.798,   0.000,  -0.204,   4.798,  -0.100,   4.698,   0.000,   4.798
202608031506,   5.015,   4.808,9999.000,9999.000,9999.000,9999.000,9999.000,9999.000,9999.000
202608031512,   5.024,   4.818,9999.000,9999.000,9999.000,9999.000,9999.000,9999.000,9999.000
202608031518,   5.030,   4.818,9999.000,9999.000,9999.000,9999.000,9999.000,9999.000,9999.000
202608031524,   5.031,   4.788,9999.000,9999.000,9999.000,9999.000,9999.000,9999.000,9999.000
202608031530,   5.029,   4.778,9999.000,9999.000,9999.000,9999.000,9999.000,9999.000,9999.000
202608031536,   5.023,   4.769,9999.000,9999.000,9999.000,9999.000,9999.000,9999.000,9999.000
202608031542,   5.013,   4.749,9999.000,9999.000,9999.000,9999.000,9999.000,9999.000,9999.000
202608031548,   4.999,   4.749,9999.000,9999.000,9999.000,9999.000,9999.000,9999.000,9999.000
202608031554,   4.981,   4.739,9999.000,9999.000,9999.000,9999.000,9999.000,9999.000,9999.000
202608031600,   4.960,   4.719,   0.000,  -0.241,   4.719,  -0.100,   4.619,   0.000,   4.719
202608031606,   4.934,   4.690,9999.000,9999.000,9999.000,9999.000,9999.000,9999.000,9999.000
202608031612,   4.905,   4.647,9999.000,9999.000,9999.000,9999.000,9999.000,9999.000,9999.000
202608031618,   4.872,   4.618,9999.000,9999.000,9999.000,9999.000,9999.000,9999.000,9999.000
202608031624,   4.835,   4.588,9999.000,9999.000,9999.000,9999.000,9999.000,9999.000,9999.000
202608031630,   4.795,   4.549,9999.000,9999.000,9999.000,9999.000,9999.000,9999.000,9999.000
202608031636,   4.752,   4.500,9999.000,9999.000,9999.000,9999.000,9999.000,9999.000,9999.000
202608031642,   4.705,   4.447,9999.000,9999.000,9999.000,9999.000,9999.000,9999.000,9999.000
202608031648,   4.655,   4.378,9999.000,9999.000,9999.000,9999.000,9999.000,9999.000,9999.000
202608031654,   4.601,   4.329,9999.000,9999.000,9999.000,9999.000,9999.000,9999.000,9999.000
202608031700,   4.545,   4.267,   0.000,  -0.278,   4.267,  -0.100,   4.167,   0.000,   4.267
202608031706,   4.485,   4.198,9999.000,9999.000,9999.000,9999.000,9999.000,9999.000,9999.000
202608031712,   4.423,   4.139,9999.000,9999.000,9999.000,9999.000,9999.000,9999.000,9999.000
202608031718,   4.358,   4.057,9999.000,9999.000,9999.000,9999.000,9999.000,9999.000,9999.000
202608031724,   4.290,   3.998,9999.000,9999.000,9999.000,9999.000,9999.000,9999.000,9999.000
202608031730,   4.220,   3.929,9999.000,9999.000,9999.000,9999.000,9999.000,9999.000,9999.000
202608031736,   4.148,   3.860,9999.000,9999.000,9999.000,9999.000,9999.000,9999.000,9999.000
202608031742,   4.074,   3.798,9999.000,9999.000,9999.000,9999.000,9999.000,9999.000,9999.000
202608031748,   3.998,   3.729,9999.000,9999.000,9999.000,9999.000,9999.000,9999.000,9999.000
202608031754,   3.920,   3.660,9999.000,9999.000,9999.000,9999.000,9999.000,9999.000,9999.000
202608031800,   3.841,   3.598,  -0.100,  -0.143,   3.598,  -0.100,   3.598,  -0.100,   3.598
202608031806,   3.760,   3.529,9999.000,9999.000,9999.000,9999.000,9999.000,9999.000,9999.000
202608031812,   3.679,   3.450,9999.000,9999.000,9999.000,9999.000,9999.000,9999.000,9999.000
202608031818,   3.596,   3.378,9999.000,9999.000,9999.000,9999.000,9999.000,9999.000,9999.000
202608031824,   3.513,   3.299,9999.000,9999.000,9999.000,9999.000,9999.000,9999.000,9999.000
202608031830,   3.429,   3.217,9999.000,9999.000,9999.000,9999.000,9999.000,9999.000,9999.000
202608031836,   3.346,   3.158,9999.000,9999.000,9999.000,9999.000,9999.000,9999.000,9999.000
202608031842,   3.262,   3.070,9999.000,9999.000,9999.000,9999.000,9999.000,9999.000,9999.000
202608031848,   3.179,   2.978,9999.000,9999.000,9999.000,9999.000,9999.000,9999.000,9999.000
202608031854,   3.097,   2.919,9999.000,9999.000,9999.000,9999.000,9999.000,9999.000,9999.000
202608031900,   3.015,   2.830,  -0.100,  -0.085,   2.830,  -0.100,   2.830,  -0.100,   2.830
202608031906,   2.934,   2.748,9999.000,9999.000,9999.000,9999.000,9999.000,9999.000,9999.000
202608031912,   2.855,   2.669,9999.000,9999.000,9999.000,9999.000,9999.000,9999.000,9999.000
202608031918,   2.778,   2.578,9999.000,9999.000,9999.000,9999.000,9999.000,9999.000,9999.000
202608031924,   2.702,   2.519,9999.000,9999.000,9999.000,9999.000,9999.000,9999.000,9999.000
202608031930,   2.629,   2.440,9999.000,9999.000,9999.000,9999.000,9999.000,9999.000,9999.000
202608031936,   2.559,   2.377,9999.000,9999.000,9999.000,9999.000,9999.000,9999.000,9999.000
202608031942,   2.491,   2.328,9999.000,9999.000,9999.000,9999.000,9999.000,9999.000,9999.000
202608031948,   2.426,   2.250,9999.000,9999.000,9999.000,9999.000,9999.000,9999.000,9999.000
202608031954,   2.364,   2.191,9999.000,9999.000,9999.000,9999.000,9999.000,9999.000,9999.000
202608032000,   2.306,   2.128,  -0.100,  -0.078,   2.128,  -0.100,   2.128,   0.000,   2.228
202608032006,   2.252,   2.079,9999.000,9999.000,9999.000,9999.000,9999.000,9999.000,9999.000
202608032012,   2.202,   2.040,9999.000,9999.000,9999.000,9999.000,9999.000,9999.000,9999.000
202608032018,   2.156,   2.010,9999.000,9999.000,9999.000,9999.000,9999.000,9999.000,9999.000
202608032024,   2.115,   1.967,9999.000,9999.000,9999.000,9999.000,9999.000,9999.000,9999.000
202608032030,   2.078,   1.928,9999.000,9999.000,9999.000,9999.000,9999.000,9999.000,9999.000
202608032036,   2.047,   1.918,9999.000,9999.000,9999.000,9999.000,9999.000,9999.000,9999.000
202608032042,   2.020,   1.889,9999.000,9999.000,9999.000,9999.000,9999.000,9999.000,9999.000
202608032048,   1.999,   1.859,9999.000,9999.000,9999.000,9999.000,9999.000,9999.000,9999.000
202608032054,   1.983,   1.840,9999.000,9999.000,9999.000,9999.000,9999.000,9999.000,9999.000
202608032100,   1.972,   1.849,   0.000,  -0.123,   1.849,  -0.100,   1.749,   0.000,   1.849
202608032106,   1.967,   1.879,9999.000,9999.000,9999.000,9999.000,9999.000,9999.000,9999.000
202608032112,   1.968,   1.889,9999.000,9999.000,9999.000,9999.000,9999.000,9999.000,9999.000
202608032118,   1.974,   1.908,9999.000,9999.000,9999.000,9999.000,9999.000,9999.000,9999.000
202608032124,   1.986,   1.938,9999.000,9999.000,9999.000,9999.000,9999.000,9999.000,9999.000
202608032130,   2.004,   1.948,9999.000,9999.000,9999.000,9999.000,9999.000,9999.000,9999.000
202608032136,   2.028,   1.967,9999.000,9999.000,9999.000,9999.000,9999.000,9999.000,9999.000
202608032142,   2.056,   2.010,9999.000,9999.000,9999.000,9999.000,9999.000,9999.000,9999.000
202608032148,   2.091,   2.040,9999.000,9999.000,9999.000,9999.000,9999.000,9999.000,9999.000
202608032154,   2.131,   2.069,9999.000,9999.000,9999.000,9999.000,9999.000,9999.000,9999.000
202608032200,   2.176,   2.109,  -0.100,   0.033,   2.109,  -0.100,   2.109,   0.000,   2.209
202608032206,   2.226,   2.168,9999.000,9999.000,9999.000,9999.000,9999.000,9999.000,9999.000
202608032212,   2.281,   2.220,9999.000,9999.000,9999.000,9999.000,9999.000,9999.000,9999.000
202608032218,   2.341,   2.269,9999.000,9999.000,9999.000,9999.000,9999.000,9999.000,9999.000
202608032224,   2.406,   2.328,9999.000,9999.000,9999.000,9999.000,9999.000,9999.000,9999.000
202608032230,   2.475,   2.410,9999.000,9999.000,9999.000,9999.000,9999.000,9999.000,9999.000
202608032236,   2.548,   2.479,9999.000,9999.000,9999.000,9999.000,9999.000,9999.000,9999.000
202608032242,   2.625,   2.558,9999.000,9999.000,9999.000,9999.000,9999.000,9999.000,9999.000
202608032248,   2.706,   2.640,9999.000,9999.000,9999.000,9999.000,9999.000,9999.000,9999.000
202608032254,   2.791,   2.748,9999.000,9999.000,9999.000,9999.000,9999.000,9999.000,9999.000
202608032300,   2.879,   2.869,  -0.100,   0.090,   2.869,  -0.100,   2.869,   0.000,   2.969
202608032306,   2.970,   2.958,9999.000,9999.000,9999.000,9999.000,9999.000,9999.000,9999.000
202608032312,   3.064,   3.060,9999.000,9999.000,9999.000,9999.000,9999.000,9999.000,9999.000
202608032318,   3.160,   3.178,9999.000,9999.000,9999.000,9999.000,9999.000,9999.000,9999.000
202608032324,   3.260,   3.270,9999.000,9999.000,9999.000,9999.000,9999.000,9999.000,9999.000
202608032330,   3.361,   3.358,9999.000,9999.000,9999.000,9999.000,9999.000,9999.000,9999.000
202608032336,   3.465,   3.470,9999.000,9999.000,9999.000,9999.000,9999.000,9999.000,9999.000
202608032342,   3.572,   3.598,9999.000,9999.000,9999.000,9999.000,9999.000,9999.000,9999.000
202608032348,   3.680,   3.719,9999.000,9999.000,9999.000,9999.000,9999.000,9999.000,9999.000
202608032354,   3.790,   3.847,9999.000,9999.000,9999.000,9999.000,9999.000,9999.000,9999.000
202608040000,   3.901,   3.968,   0.000,   0.067,   3.968,   0.000,   3.968,   0.000,   3.968
202608040006,   4.015,   4.090,9999.000,9999.000,9999.000,9999.000,9999.000,9999.000,9999.000
202608040012,   4.129,   4.208,9999.000,9999.000,9999.000,9999.000,9999.000,9999.000,9999.000
202608040018,   4.245,   4.329,9999.000,9999.000,9999.000,9999.000,9999.000,9999.000,9999.000
202608040024,   4.362,   4.447,9999.000,9999.000,9999.000,9999.000,9999.000,9999.000,9999.000
202608040030,   4.481,   4.578,9999.000,9999.000,9999.000,9999.000,9999.000,9999.000,9999.000
202608040036,   4.600,   4.710,9999.000,9999.000,9999.000,9999.000,9999.000,9999.000,9999.000
202608040042,   4.719,   4.828,9999.000,9999.000,9999.000,9999.000,9999.000,9999.000,9999.000
202608040048,   4.840,   4.939,9999.000,9999.000,9999.000,9999.000,9999.000,9999.000,9999.000
202608040054,   4.961,   5.077,9999.000,9999.000,9999.000,9999.000,9999.000,9999.000,9999.000
202608040100,   5.081,   5.198,   0.000,   0.117,   5.198,   0.000,   5.198,   0.000,   5.198
202608040106,   5.202,   5.307,9999.000,9999.000,9999.000,9999.000,9999.000,9999.000,9999.000
202608040112,   5.323,   5.418,9999.000,9999.000,9999.000,9999.000,9999.000,9999.000,9999.000
202608040118,   5.443,   5.549,9999.000,9999.000,9999.000,9999.000,9999.000,9999.000,9999.000
202608040124,   5.563,   5.657,9999.000,9999.000,9999.000,9999.000,9999.000,9999.000,9999.000
202608040130,   5.682,   5.769,9999.000,9999.000,9999.000,9999.000,9999.000,9999.000,9999.000
202608040136,   5.799,   5.887,9999.000,9999.000,9999.000,9999.000,9999.000,9999.000,9999.000
202608040142,   5.915,   5.999,9999.000,9999.000,9999.000,9999.000,9999.000,9999.000,9999.000
202608040148,   6.029,   6.117,9999.000,9999.000,9999.000,9999.000,9999.000,9999.000,9999.000
202608040154,   6.141,   6.248,9999.000,9999.000,9999.000,9999.000,9999.000,9999.000,9999.000
202608040200,   6.251,   6.336,   0.000,   0.085,   6.336,   0.000,   6.336,   0.000,   6.336
202608040206,   6.358,   6.428,9999.000,9999.000,9999.000,9999.000,9999.000,9999.000,9999.000
202608040212,   6.463,   6.517,9999.000,9999.000,9999.000,9999.000,9999.000,9999.000,9999.000
202608040218,   6.564,   6.589,9999.000,9999.000,9999.000,9999.000,9999.000,9999.000,9999.000
202608040224,   6.661,   6.697,9999.000,9999.000,9999.000,9999.000,9999.000,9999.000,9999.000
202608040230,   6.755,   6.799,9999.000,9999.000,9999.000,9999.000,9999.000,9999.000,9999.000
202608040236,   6.845,   6.878,9999.000,9999.000,9999.000,9999.000,9999.000,9999.000,9999.000
202608040242,   6.931,   6.966,9999.000,9999.000,9999.000,9999.000,9999.000,9999.000,9999.000
202608040248,   7.012,   7.038,9999.000,9999.000,9999.000,9999.000,9999.000,9999.000,9999.000
202608040254,   7.089,   7.088,9999.000,9999.000,9999.000,9999.000,9999.000,9999.000,9999.000
202608040300,   7.161,   7.137,   0.000,  -0.024,   7.137,   0.000,   7.137,   0.000,   7.137
202608040306,   7.228,   7.199,9999.000,9999.000,9999.000,9999.000,9999.000,9999.000,9999.000
202608040312,   7.289,   7.258,9999.000,9999.000,9999.000,9999.000,9999.000,9999.000,9999.000
202608040318,   7.346,   7.288,9999.000,9999.000,9999.000,9999.000,9999.000,9999.000,9999.000
202608040324,   7.397,   7.337,9999.000,9999.000,9999.000,9999.000,9999.000,9999.000,9999.000
202608040330,   7.442,   7.376,9999.000,9999.000,9999.000,9999.000,9999.000,9999.000,9999.000
202608040336,   7.482,   7.419,9999.000,9999.000,9999.000,9999.000,9999.000,9999.000,9999.000
202608040342,   7.516,   7.439,9999.000,9999.000,9999.000,9999.000,9999.000,9999.000,9999.000
202608040348,   7.544,   7.448,9999.000,9999.000,9999.000,9999.000,9999.000,9999.000,9999.000
202608040354,   7.566,   7.458,9999.000,9999.000,9999.000,9999.000,9999.000,9999.000,9999.000
202608040400,   7.583,   7.478,   0.000,  -0.105,   7.478,   0.000,   7.478,   0.000,   7.478
202608040406,   7.594,   7.488,9999.000,9999.000,9999.000,9999.000,9999.000,9999.000,9999.000
202608040412,   7.598,   7.488,9999.000,9999.000,9999.000,9999.000,9999.000,9999.000,9999.000
202608040418,   7.597,   7.498,9999.000,9999.000,9999.000,9999.000,9999.000,9999.000,9999.000
202608040424,   7.590,   7.498,9999.000,9999.000,9999.000,9999.000,9999.000,9999.000,9999.000
202608040430,   7.577,   7.468,9999.000,9999.000,9999.000,9999.000,9999.000,9999.000,9999.000
202608040436,   7.558,   7.448,9999.000,9999.000,9999.000,9999.000,9999.000,9999.000,9999.000
202608040442,   7.534,   7.419,9999.000,9999.000,9999.000,9999.000,9999.000,9999.000,9999.000
202608040448,   7.503,   7.386,9999.000,9999.000,9999.000,9999.000,9999.000,9999.000,9999.000
202608040454,   7.467,   7.347,9999.000,9999.000,9999.000,9999.000,9999.000,9999.000,9999.000
202608040500,   7.425,   7.297,   0.000,  -0.128,   7.297,   0.000,   7.297,   0.000,   7.297
202608040506,   7.378,   7.268,9999.000,9999.000,9999.000,9999.000,9999.000,9999.000,9999.000
202608040512,   7.325,   7.219,9999.000,9999.000,9999.000,9999.000,9999.000,9999.000,9999.000
202608040518,   7.266,   7.137,9999.000,9999.000,9999.000,9999.000,9999.000,9999.000,9999.000
202608040524,   7.203,   7.078,9999.000,9999.000,9999.000,9999.000,9999.000,9999.000,9999.000
202608040530,   7.134,   7.019,9999.000,9999.000,9999.000,9999.000,9999.000,9999.000,9999.000
202608040536,   7.060,   6.937,9999.000,9999.000,9999.000,9999.000,9999.000,9999.000,9999.000
202608040542,   6.981,   6.858,9999.000,9999.000,9999.000,9999.000,9999.000,9999.000,9999.000
202608040548,   6.897,   6.756,9999.000,9999.000,9999.000,9999.000,9999.000,9999.000,9999.000
202608040554,   6.808,   6.668,9999.000,9999.000,9999.000,9999.000,9999.000,9999.000,9999.000
202608040600,   6.715,   6.589,   0.000,  -0.126,   6.589,   0.000,   6.589,   0.000,   6.589
202608040606,   6.617,   6.477,9999.000,9999.000,9999.000,9999.000,9999.000,9999.000,9999.000
202608040612,   6.516,   6.389,9999.000,9999.000,9999.000,9999.000,9999.000,9999.000,9999.000
202608040618,   6.410,   6.287,9999.000,9999.000,9999.000,9999.000,9999.000,9999.000,9999.000
202608040624,   6.301,   6.169,9999.000,9999.000,9999.000,9999.000,9999.000,9999.000,9999.000
202608040630,   6.188,   6.038,9999.000,9999.000,9999.000,9999.000,9999.000,9999.000,9999.000
202608040636,   6.072,   5.907,9999.000,9999.000,9999.000,9999.000,9999.000,9999.000,9999.000
202608040642,   5.953,   5.779,9999.000,9999.000,9999.000,9999.000,9999.000,9999.000,9999.000
202608040648,   5.832,   5.657,9999.000,9999.000,9999.000,9999.000,9999.000,9999.000,9999.000
202608040654,   5.707,   5.530,9999.000,9999.000,9999.000,9999.000,9999.000,9999.000,9999.000
202608040700,   5.581,   5.398,   0.000,  -0.183,   5.398,   0.000,   5.398,   0.000,   5.398
202608040706,   5.453,   5.287,9999.000,9999.000,9999.000,9999.000,9999.000,9999.000,9999.000
202608040712,   5.323,   5.159,9999.000,9999.000,9999.000,9999.000,9999.000,9999.000,9999.000
202608040718,   5.192,   5.008,9999.000,9999.000,9999.000,9999.000,9999.000,9999.000,9999.000
202608040724,   5.060,   4.877,9999.000,9999.000,9999.000,9999.000,9999.000,9999.000,9999.000
202608040730,   4.928,   4.739,9999.000,9999.000,9999.000,9999.000,9999.000,9999.000,9999.000
202608040736,   4.795,   4.608,9999.000,9999.000,9999.000,9999.000,9999.000,9999.000,9999.000
202608040742,   4.662,   4.490,9999.000,9999.000,9999.000,9999.000,9999.000,9999.000,9999.000
202608040748,   4.529,   4.368,9999.000,9999.000,9999.000,9999.000,9999.000,9999.000,9999.000
202608040754,   4.398,   4.247,9999.000,9999.000,9999.000,9999.000,9999.000,9999.000,9999.000
202608040800,   4.267,   4.119,   0.000,  -0.148,   4.119,   0.000,   4.119,   0.000,   4.119
202608040806,   4.137,   3.998,9999.000,9999.000,9999.000,9999.000,9999.000,9999.000,9999.000
202608040812,   4.010,   3.870,9999.000,9999.000,9999.000,9999.000,9999.000,9999.000,9999.000
202608040818,   3.884,   3.739,9999.000,9999.000,9999.000,9999.000,9999.000,9999.000,9999.000
202608040824,   3.761,   3.637,9999.000,9999.000,9999.000,9999.000,9999.000,9999.000,9999.000
202608040830,   3.640,   3.529,9999.000,9999.000,9999.000,9999.000,9999.000,9999.000,9999.000
202608040836,   3.522,   3.398,9999.000,9999.000,9999.000,9999.000,9999.000,9999.000,9999.000
202608040842,   3.408,   3.299,9999.000,9999.000,9999.000,9999.000,9999.000,9999.000,9999.000
202608040848,   3.297,   3.188,9999.000,9999.000,9999.000,9999.000,9999.000,9999.000,9999.000
202608040854,   3.190,   3.089,9999.000,9999.000,9999.000,9999.000,9999.000,9999.000,9999.000
202608040900,   3.086,   2.988,   0.000,  -0.098,   2.988,   0.000,   2.988,   0.000,   2.988
202608040906,   2.988,   2.889,9999.000,9999.000,9999.000,9999.000,9999.000,9999.000,9999.000
202608040912,   2.894,   2.807,9999.000,9999.000,9999.000,9999.000,9999.000,9999.000,9999.000
202608040918,   2.804,   2.748,9999.000,9999.000,9999.000,9999.000,9999.000,9999.000,9999.000
202608040924,   2.719,   2.679,9999.000,9999.000,9999.000,9999.000,9999.000,9999.000,9999.000
202608040930,   2.640,   2.597,9999.000,9999.000,9999.000,9999.000,9999.000,9999.000,9999.000
202608040936,   2.566,   2.519,9999.000,9999.000,9999.000,9999.000,9999.000,9999.000,9999.000
202608040942,   2.497,   2.450,9999.000,9999.000,9999.000,9999.000,9999.000,9999.000,9999.000
202608040948,   2.433,   2.387,9999.000,9999.000,9999.000,9999.000,9999.000,9999.000,9999.000
202608040954,   2.375,   2.338,9999.000,9999.000,9999.000,9999.000,9999.000,9999.000,9999.000
202608041000,   2.322,   2.289,   0.000,  -0.033,   2.289,   0.000,   2.289,   0.000,   2.289
202608041006,   2.275,   2.250,9999.000,9999.000,9999.000,9999.000,9999.000,9999.000,9999.000
202608041012,   2.233,   2.210,9999.000,9999.000,9999.000,9999.000,9999.000,9999.000,9999.000
202608041018,   2.197,   2.168,9999.000,9999.000,9999.000,9999.000,9999.000,9999.000,9999.000
202608041024,   2.166,   2.128,9999.000,9999.000,9999.000,9999.000,9999.000,9999.000,9999.000
202608041030,   2.140,   2.099,9999.000,9999.000,9999.000,9999.000,9999.000,9999.000,9999.000
202608041036,   2.120,   2.079,9999.000,9999.000,9999.000,9999.000,9999.000,9999.000,9999.000
202608041042,   2.105,   2.059,9999.000,9999.000,9999.000,9999.000,9999.000,9999.000,9999.000
202608041048,   2.094,   2.049,9999.000,9999.000,9999.000,9999.000,9999.000,9999.000,9999.000
202608041054,   2.088,   2.040,9999.000,9999.000,9999.000,9999.000,9999.000,9999.000,9999.000
202608041100,   2.087,   2.040,   0.000,  -0.047,   2.040,   0.000,   2.040,   0.000,   2.040
202608041106,   2.091,   2.059,9999.000,9999.000,9999.000,9999.000,9999.000,9999.000,9999.000
202608041112,   2.099,   2.059,9999.000,9999.000,9999.000,9999.000,9999.000,9999.000,9999.000
202608041118,   2.110,   2.069,9999.000,9999.000,9999.000,9999.000,9999.000,9999.000,9999.000
202608041124,   2.126,   2.099,9999.000,9999.000,9999.000,9999.000,9999.000,9999.000,9999.000
202608041130,   2.146,   2.118,9999.000,9999.000,9999.000,9999.000,9999.000,9999.000,9999.000
202608041136,   2.170,   2.118,9999.000,9999.000,9999.000,9999.000,9999.000,9999.000,9999.000
202608041142,   2.197,   2.148,9999.000,9999.000,9999.000,9999.000,9999.000,9999.000,9999.000
202608041148,   2.227,   2.191,9999.000,9999.000,9999.000,9999.000,9999.000,9999.000,9999.000
202608041154,   2.261,   2.240,9999.000,9999.000,9999.000,9999.000,9999.000,9999.000,9999.000
202608041200,   2.298,   2.269,   0.000,  -0.029,   2.269,   0.000,   2.269,   0.000,   2.269
202608041206,   2.338,   2.299,9999.000,9999.000,9999.000,9999.000,9999.000,9999.000,9999.000
202608041212,   2.381,   2.338,9999.000,9999.000,9999.000,9999.000,9999.000,9999.000,9999.000
202608041218,   2.426,   2.377,9999.000,9999.000,9999.000,9999.000,9999.000,9999.000,9999.000
202608041224,   2.475,   2.420,9999.000,9999.000,9999.000,9999.000,9999.000,9999.000,9999.000
202608041230,   2.526,   2.479,9999.000,9999.000,9999.000,9999.000,9999.000,9999.000,9999.000
202608041236,   2.579,   2.558,9999.000,9999.000,9999.000,9999.000,9999.000,9999.000,9999.000
202608041242,   2.635,   2.630,9999.000,9999.000,9999.000,9999.000,9999.000,9999.000,9999.000
202608041248,   2.693,   2.699,9999.000,9999.000,9999.000,9999.000,9999.000,9999.000,9999.000
202608041254,   2.753,   2.778,9999.000,9999.000,9999.000,9999.000,9999.000,9999.000,9999.000
202608041300,   2.815,   2.850,   0.000,   0.035,   2.850,   0.000,   2.850,   0.000,   2.850
202608041306,   2.879,   2.938,9999.000,9999.000,9999.000,9999.000,9999.000,9999.000,9999.000
202608041312,   2.944,   3.007,9999.000,9999.000,9999.000,9999.000,9999.000,9999.000,9999.000
202608041318,   3.012,   3.089,9999.000,9999.000,9999.000,9999.000,9999.000,9999.000,9999.000
202608041324,   3.080,   3.158,9999.000,9999.000,9999.000,9999.000,9999.000,9999.000,9999.000
202608041330,   3.150,   3.230,9999.000,9999.000,9999.000,9999.000,9999.000,9999.000,9999.000
202608041336,   3.221,   3.299,9999.000,9999.000,9999.000,9999.000,9999.000,9999.000,9999.000
202608041342,   3.293,   3.368,9999.000,9999.000,9999.000,9999.000,9999.000,9999.000,9999.000
202608041348,   3.365,   3.427,9999.000,9999.000,9999.000,9999.000,9999.000,9999.000,9999.000
202608041354,   3.438,   3.509,9999.000,9999.000,9999.000,9999.000,9999.000,9999.000,9999.000
202608041400,   3.511,   3.578,   0.000,   0.067,   3.578,   0.000,   3.578,   0.000,   3.578
202608041406,   3.584,   3.637,9999.000,9999.000,9999.000,9999.000,9999.000,9999.000,9999.000
202608041412,   3.657,   3.689,9999.000,9999.000,9999.000,9999.000,9999.000,9999.000,9999.000
202608041418,   3.729,   3.729,9999.000,9999.000,9999.000,9999.000,9999.000,9999.000,9999.000
202608041424,   3.800,   3.798,9999.000,9999.000,9999.000,9999.000,9999.000,9999.000,9999.000
202608041430,   3.871,   3.870,9999.000,9999.000,9999.000,9999.000,9999.000,9999.000,9999.000
202608041436,   3.940,   3.939,9999.000,9999.000,9999.000,9999.000,9999.000,9999.000,9999.000
202608041442,   4.008,   3.998,9999.000,9999.000,9999.000,9999.000,9999.000,9999.000,9999.000
202608041448,   4.074,   4.070,9999.000,9999.000,9999.000,9999.000,9999.000,9999.000,9999.000
202608041454,   4.138,   4.139,9999.000,9999.000,9999.000,9999.000,9999.000,9999.000,9999.000
202608041500,   4.200,   4.178,   0.000,  -0.022,   4.178,   0.000,   4.178,   0.100,   4.278
202608041506,   4.259,   4.218,9999.000,9999.000,9999.000,9999.000,9999.000,9999.000,9999.000
202608041512,   4.317,   4.267,9999.000,9999.000,9999.000,9999.000,9999.000,9999.000,9999.000
202608041518,   4.371,   4.339,9999.000,9999.000,9999.000,9999.000,9999.000,9999.000,9999.000
202608041524,   4.423,   4.388,9999.000,9999.000,9999.000,9999.000,9999.000,9999.000,9999.000
202608041530,   4.472,   4.427,9999.000,9999.000,9999.000,9999.000,9999.000,9999.000,9999.000
202608041536,   4.518,   4.490,9999.000,9999.000,9999.000,9999.000,9999.000,9999.000,9999.000
202608041542,   4.561,   4.509,9999.000,9999.000,9999.000,9999.000,9999.000,9999.000,9999.000
202608041548,   4.601,   4.529,9999.000,9999.000,9999.000,9999.000,9999.000,9999.000,9999.000
202608041554,   4.638,   4.559,9999.000,9999.000,9999.000,9999.000,9999.000,9999.000,9999.000
202608041600,   4.671,   4.578,   0.000,  -0.093,   4.578,   0.000,   4.578,   0.100,   4.678
202608041606,   4.701,   4.608,9999.000,9999.000,9999.000,9999.000,9999.000,9999.000,9999.000
202608041612,   4.728,9999.000,9999.000,9999.000,9999.000,9999.000,9999.000,9999.000,9999.000
202608041618,   4.751,   4.657,9999.000,9999.000,9999.000,9999.000,9999.000,9999.000,9999.000
202608041624,   4.771,   4.677,9999.000,9999.000,9999.000,9999.000,9999.000,9999.000,9999.000
202608041630,   4.788,   4.677,9999.000,9999.000,9999.000,9999.000,9999.000,9999.000,9999.000
202608041636,   4.801,   4.667,9999.000,9999.000,9999.000,9999.000,9999.000,9999.000,9999.000
202608041642,   4.811,   4.667,9999.000,9999.000,9999.000,9999.000,9999.000,9999.000,9999.000
202608041648,   4.818,   4.677,9999.000,9999.000,9999.000,9999.000,9999.000,9999.000,9999.000
202608041654,   4.822,   4.677,9999.000,9999.000,9999.000,9999.000,9999.000,9999.000,9999.000
202608041700,   4.822,   4.700,   0.000,  -0.122,   4.700,   0.000,   4.700,   0.000,   4.700
202608041706,   4.819,   4.700,9999.000,9999.000,9999.000,9999.000,9999.000,9999.000,9999.000
202608041712,   4.814,   4.710,9999.000,9999.000,9999.000,9999.000,9999.000,9999.000,9999.000
202608041718,   4.805,   4.710,9999.000,9999.000,9999.000,9999.000,9999.000,9999.000,9999.000
202608041724,   4.793,   4.700,9999.000,9999.000,9999.000,9999.000,9999.000,9999.000,9999.000
202608041730,   4.778,   4.690,9999.000,9999.000,9999.000,9999.000,9999.000,9999.000,9999.000
202608041736,   4.760,   4.677,9999.000,9999.000,9999.000,9999.000,9999.000,9999.000,9999.000
202608041742,   4.739,   4.657,9999.000,9999.000,9999.000,9999.000,9999.000,9999.000,9999.000
202608041748,   4.716,   4.637,9999.000,9999.000,9999.000,9999.000,9999.000,9999.000,9999.000
202608041754,   4.690,   4.618,9999.000,9999.000,9999.000,9999.000,9999.000,9999.000,9999.000
202608041800,   4.661,   4.598,   0.000,  -0.063,   4.598,   0.000,   4.598,   0.000,   4.598
202608041806,   4.630,   4.588,9999.000,9999.000,9999.000,9999.000,9999.000,9999.000,9999.000
202608041812,   4.596,   4.569,9999.000,9999.000,9999.000,9999.000,9999.000,9999.000,9999.000
202608041818,   4.561,   4.529,9999.000,9999.000,9999.000,9999.000,9999.000,9999.000,9999.000
202608041824,   4.523,   4.519,9999.000,9999.000,9999.000,9999.000,9999.000,9999.000,9999.000
202608041830,   4.483,   4.467,9999.000,9999.000,9999.000,9999.000,9999.000,9999.000,9999.000
202608041836,   4.441,   4.408,9999.000,9999.000,9999.000,9999.000,9999.000,9999.000,9999.000
202608041842,   4.397,   4.398,9999.000,9999.000,9999.000,9999.000,9999.000,9999.000,9999.000
202608041848,   4.352,   4.349,9999.000,9999.000,9999.000,9999.000,9999.000,9999.000,9999.000
202608041854,   4.306,   4.300,9999.000,9999.000,9999.000,9999.000,9999.000,9999.000,9999.000
202608041900,   4.258,   4.267,   0.000,   0.009,   4.267,   0.000,   4.267,   0.100,   4.367
202608041906,   4.209,   4.208,9999.000,9999.000,9999.000,9999.000,9999.000,9999.000,9999.000
202608041912,   4.159,   4.139,9999.000,9999.000,9999.000,9999.000,9999.000,9999.000,9999.000
202608041918,   4.109,   4.080,9999.000,9999.000,9999.000,9999.000,9999.000,9999.000,9999.000
202608041924,   4.058,   4.008,9999.000,9999.000,9999.000,9999.000,9999.000,9999.000,9999.000
202608041930,   4.007,   3.958,9999.000,9999.000,9999.000,9999.000,9999.000,9999.000,9999.000
202608041936,   3.956,   3.909,9999.000,9999.000,9999.000,9999.000,9999.000,9999.000,9999.000
202608041942,   3.905,   3.847,9999.000,9999.000,9999.000,9999.000,9999.000,9999.000,9999.000
202608041948,   3.855,   3.798,9999.000,9999.000,9999.000,9999.000,9999.000,9999.000,9999.000
202608041954,   3.805,   3.749,9999.000,9999.000,9999.000,9999.000,9999.000,9999.000,9999.000
202608042000,   3.756,   3.699,   0.000,  -0.057,   3.699,   0.000,   3.699,   0.100,   3.799
202608042006,   3.708,   3.660,9999.000,9999.000,9999.000,9999.000,9999.000,9999.000,9999.000
202608042012,   3.661,   3.607,9999.000,9999.000,9999.000,9999.000,9999.000,9999.000,9999.000
202608042018,   3.616,   3.578,9999.000,9999.000,9999.000,9999.000,9999.000,9999.000,9999.000
202608042024,   3.573,   3.539,9999.000,9999.000,9999.000,9999.000,9999.000,9999.000,9999.000
202608042030,   3.532,   3.509,9999.000,9999.000,9999.000,9999.000,9999.000,9999.000,9999.000
202608042036,   3.493,   3.499,9999.000,9999.000,9999.000,9999.000,9999.000,9999.000,9999.000
202608042042,   3.456,   3.480,9999.000,9999.000,9999.000,9999.000,9999.000,9999.000,9999.000
202608042048,   3.422,   3.450,9999.000,9999.000,9999.000,9999.000,9999.000,9999.000,9999.000
202608042054,   3.391,   3.427,9999.000,9999.000,9999.000,9999.000,9999.000,9999.000,9999.000
202608042100,   3.363,   3.407,   0.000,   0.044,   3.407,   0.000,   3.407,   0.100,   3.507
202608042106,   3.339,   3.378,9999.000,9999.000,9999.000,9999.000,9999.000,9999.000,9999.000
202608042112,   3.318,   3.378,9999.000,9999.000,9999.000,9999.000,9999.000,9999.000,9999.000
202608042118,   3.300,   3.348,9999.000,9999.000,9999.000,9999.000,9999.000,9999.000,9999.000
202608042124,   3.286,   3.339,9999.000,9999.000,9999.000,9999.000,9999.000,9999.000,9999.000
202608042130,   3.276,   3.348,9999.000,9999.000,9999.000,9999.000,9999.000,9999.000,9999.000
202608042136,   3.270,   3.339,9999.000,9999.000,9999.000,9999.000,9999.000,9999.000,9999.000
202608042142,   3.269,   3.329,9999.000,9999.000,9999.000,9999.000,9999.000,9999.000,9999.000
202608042148,   3.271,   3.329,9999.000,9999.000,9999.000,9999.000,9999.000,9999.000,9999.000
202608042154,   3.278,   3.329,9999.000,9999.000,9999.000,9999.000,9999.000,9999.000,9999.000
202608042200,   3.290,   3.348,   0.000,   0.058,   3.348,   0.000,   3.348,   0.000,   3.348
202608042206,   3.306,   3.378,9999.000,9999.000,9999.000,9999.000,9999.000,9999.000,9999.000
202608042212,   3.326,   3.407,9999.000,9999.000,9999.000,9999.000,9999.000,9999.000,9999.000
202608042218,   3.351,   3.440,9999.000,9999.000,9999.000,9999.000,9999.000,9999.000,9999.000
202608042224,   3.380,   3.470,9999.000,9999.000,9999.000,9999.000,9999.000,9999.000,9999.000
202608042230,   3.413,   3.499,9999.000,9999.000,9999.000,9999.000,9999.000,9999.000,9999.000
202608042236,   3.451,   3.548,9999.000,9999.000,9999.000,9999.000,9999.000,9999.000,9999.000
202608042242,   3.493,   3.607,9999.000,9999.000,9999.000,9999.000,9999.000,9999.000,9999.000
202608042248,   3.539,   3.670,9999.000,9999.000,9999.000,9999.000,9999.000,9999.000,9999.000
202608042254,   3.590,   3.719,9999.000,9999.000,9999.000,9999.000,9999.000,9999.000,9999.000
202608042300,   3.644,   3.788,   0.000,   0.144,   3.788,   0.000,   3.788,   0.000,   3.788
202608042306,   3.701,   3.870,9999.000,9999.000,9999.000,9999.000,9999.000,9999.000,9999.000
202608042312,   3.763,   3.949,9999.000,9999.000,9999.000,9999.000,9999.000,9999.000,9999.000
202608042318,   3.827,   4.008,9999.000,9999.000,9999.000,9999.000,9999.000,9999.000,9999.000
202608042324,   3.895,   4.080,9999.000,9999.000,9999.000,9999.000,9999.000,9999.000,9999.000
202608042330,   3.966,   4.168,9999.000,9999.000,9999.000,9999.000,9999.000,9999.000,9999.000
202608042336,   4.040,   4.237,9999.000,9999.000,9999.000,9999.000,9999.000,9999.000,9999.000
202608042342,   4.116,   4.339,9999.000,9999.000,9999.000,9999.000,9999.000,9999.000,9999.000
202608042348,   4.195,   4.418,9999.000,9999.000,9999.000,9999.000,9999.000,9999.000,9999.000
202608042354,   4.277,   4.509,9999.000,9999.000,9999.000,9999.000,9999.000,9999.000,9999.000
202608050000,   4.360,   4.598,   0.100,   0.138,   4.598,   0.100,   4.598,   0.100,   4.598
202608050006,   4.445,   4.690,9999.000,9999.000,9999.000,9999.000,9999.000,9999.000,9999.000
202608050012,   4.532,   4.788,9999.000,9999.000,9999.000,9999.000,9999.000,9999.000,9999.000
202608050018,   4.621,   4.877,9999.000,9999.000,9999.000,9999.000,9999.000,9999.000,9999.000
202608050024,   4.711,   4.959,9999.000,9999.000,9999.000,9999.000,9999.000,9999.000,9999.000
202608050030,   4.803,   5.038,9999.000,9999.000,9999.000,9999.000,9999.000,9999.000,9999.000
202608050036,   4.895,   5.139,9999.000,9999.000,9999.000,9999.000,9999.000,9999.000,9999.000
202608050042,   4.989,   5.238,9999.000,9999.000,9999.000,9999.000,9999.000,9999.000,9999.000
202608050048,   5.084,   5.339,9999.000,9999.000,9999.000,9999.000,9999.000,9999.000,9999.000
202608050054,   5.179,   5.448,9999.000,9999.000,9999.000,9999.000,9999.000,9999.000,9999.000
202608050100,   5.275,   5.530,   0.100,   0.155,   5.530,   0.100,   5.530,   0.100,   5.530
202608050106,   5.372,   5.618,9999.000,9999.000,9999.000,9999.000,9999.000,9999.000,9999.000
202608050112,   5.469,   5.717,9999.000,9999.000,9999.000,9999.000,9999.000,9999.000,9999.000
202608050118,   5.567,   5.808,9999.000,9999.000,9999.000,9999.000,9999.000,9999.000,9999.000
202608050124,   5.665,   5.917,9999.000,9999.000,9999.000,9999.000,9999.000,9999.000,9999.000
202608050130,   5.762,   6.038,9999.000,9999.000,9999.000,9999.000,9999.000,9999.000,9999.000
202608050136,   5.860,   6.107,9999.000,9999.000,9999.000,9999.000,9999.000,9999.000,9999.000
202608050142,   5.957,   6.218,9999.000,9999.000,9999.000,9999.000,9999.000,9999.000,9999.000
202608050148,   6.054,   6.317,9999.000,9999.000,9999.000,9999.000,9999.000,9999.000,9999.000
202608050154,   6.150,   6.428,9999.000,9999.000,9999.000,9999.000,9999.000,9999.000,9999.000
202608050200,   6.245,   6.517,   0.100,   0.172,   6.517,   0.100,   6.517,   0.100,   6.517
202608050206,   6.339,   6.599,9999.000,9999.000,9999.000,9999.000,9999.000,9999.000,9999.000
202608050212,   6.431,   6.687,9999.000,9999.000,9999.000,9999.000,9999.000,9999.000,9999.000
202608050218,   6.523,   6.799,9999.000,9999.000,9999.000,9999.000,9999.000,9999.000,9999.000
202608050224,   6.612,   6.887,9999.000,9999.000,9999.000,9999.000,9999.000,9999.000,9999.000
202608050230,   6.699,   6.979,9999.000,9999.000,9999.000,9999.000,9999.000,9999.000,9999.000
202608050236,   6.785,   7.048,9999.000,9999.000,9999.000,9999.000,9999.000,9999.000,9999.000
202608050242,   6.867,   7.117,9999.000,9999.000,9999.000,9999.000,9999.000,9999.000,9999.000
202608050248,   6.947,   7.209,9999.000,9999.000,9999.000,9999.000,9999.000,9999.000,9999.000
202608050254,   7.024,   7.268,9999.000,9999.000,9999.000,9999.000,9999.000,9999.000,9999.000
202608050300,   7.098,   7.347,   0.000,   0.249,   7.347,   0.000,   7.347,   0.100,   7.447
202608050306,   7.168,   7.409,9999.000,9999.000,9999.000,9999.000,9999.000,9999.000,9999.000
202608050312,   7.234,   7.448,9999.000,9999.000,9999.000,9999.000,9999.000,9999.000,9999.000
202608050318,   7.297,   7.488,9999.000,9999.000,9999.000,9999.000,9999.000,9999.000,9999.000
202608050324,   7.355,   7.527,9999.000,9999.000,9999.000,9999.000,9999.000,9999.000,9999.000
202608050330,   7.409,   7.566,9999.000,9999.000,9999.000,9999.000,9999.000,9999.000,9999.000
202608050336,   7.458,   7.609,9999.000,9999.000,9999.000,9999.000,9999.000,9999.000,9999.000
202608050342,   7.503,   7.639,9999.000,9999.000,9999.000,9999.000,9999.000,9999.000,9999.000
202608050348,   7.543,   7.658,9999.000,9999.000,9999.000,9999.000,9999.000,9999.000,9999.000
202608050354,   7.578,   7.698,9999.000,9999.000,9999.000,9999.000,9999.000,9999.000,9999.000
202608050400,   7.608,   7.707,   0.100,  -0.001,   7.707,   0.000,   7.607,   0.100,   7.707
202608050406,   7.633,   7.717,9999.000,9999.000,9999.000,9999.000,9999.000,9999.000,9999.000
202608050412,   7.652,   7.737,9999.000,9999.000,9999.000,9999.000,9999.000,9999.000,9999.000
202608050418,   7.666,   7.737,9999.000,9999.000,9999.000,9999.000,9999.000,9999.000,9999.000
202608050424,   7.675,   7.665,9999.000,9999.000,9999.000,9999.000,9999.000,9999.000,9999.000
202608050430,   7.678,9999.000,9999.000,9999.000,9999.000,9999.000,9999.000,9999.000,9999.000
202608050436,   7.675,9999.000,9999.000,9999.000,9999.000,9999.000,9999.000,9999.000,9999.000
202608050442,   7.667,9999.000,9999.000,9999.000,9999.000,9999.000,9999.000,9999.000,9999.000
202608050448,   7.654,9999.000,9999.000,9999.000,9999.000,9999.000,9999.000,9999.000,9999.000
202608050454,   7.635,   7.698,9999.000,9999.000,9999.000,9999.000,9999.000,9999.000,9999.000
202608050500,   7.610,   7.668,   0.100,  -0.042,   7.668,   0.100,   7.668,   0.200,   7.768
202608050506,   7.580,   7.619,9999.000,9999.000,9999.000,9999.000,9999.000,9999.000,9999.000
202608050512,   7.544,   7.566,9999.000,9999.000,9999.000,9999.000,9999.000,9999.000,9999.000
202608050518,   7.503,   7.527,9999.000,9999.000,9999.000,9999.000,9999.000,9999.000,9999.000
202608050524,   7.456,   7.468,9999.000,9999.000,9999.000,9999.000,9999.000,9999.000,9999.000
202608050530,   7.404,   7.409,9999.000,9999.000,9999.000,9999.000,9999.000,9999.000,9999.000
202608050536,   7.346,   7.347,9999.000,9999.000,9999.000,9999.000,9999.000,9999.000,9999.000
202608050542,   7.283,   7.288,9999.000,9999.000,9999.000,9999.000,9999.000,9999.000,9999.000
202608050548,   7.215,   7.219,9999.000,9999.000,9999.000,9999.000,9999.000,9999.000,9999.000
202608050554,   7.142,   7.147,9999.000,9999.000,9999.000,9999.000,9999.000,9999.000,9999.000
202608050600,   7.063,   7.068,   0.100,  -0.095,   7.068,   0.100,   7.068,   0.200,   7.168
202608050606,   6.979,   6.979,9999.000,9999.000,9999.000,9999.000,9999.000,9999.000,9999.000
202608050612,   6.891,9999.000,9999.000,9999.000,9999.000,9999.000,9999.000,9999.000,9999.000
202608050618,   6.797,9999.000,9999.000,9999.000,9999.000,9999.000,9999.000,9999.000,9999.000
202608050624,   6.699,   5.989,9999.000,9999.000,9999.000,9999.000,9999.000,9999.000,9999.000
202608050630,   6.597,9999.000,9999.000,9999.000,9999.000,9999.000,9999.000,9999.000,9999.000
202608050636,   6.489,9999.000,9999.000,9999.000,9999.000,9999.000,9999.000,9999.000,9999.000
202608050642,   6.378,9999.000,9999.000,9999.000,9999.000,9999.000,9999.000,9999.000,9999.000
202608050648,   6.263,9999.000,9999.000,9999.000,9999.000,9999.000,9999.000,9999.000,9999.000
202608050654,   6.143,   6.107,9999.000,9999.000,9999.000,9999.000,9999.000,9999.000,9999.000
202608050700,   6.020,   5.989,   0.100,  -0.131,   5.989,   0.100,   5.989,   0.200,   6.089
202608050706,   5.894,   5.858,9999.000,9999.000,9999.000,9999.000,9999.000,9999.000,9999.000
202608050712,   5.764,   5.739,9999.000,9999.000,9999.000,9999.000,9999.000,9999.000,9999.000
202608050718,   5.631,   5.598,9999.000,9999.000,9999.000,9999.000,9999.000,9999.000,9999.000
202608050724,   5.495,   5.457,9999.000,9999.000,9999.000,9999.000,9999.000,9999.000,9999.000
202608050730,   5.357,   5.320,9999.000,9999.000,9999.000,9999.000,9999.000,9999.000,9999.000
202608050736,   5.216,   5.188,9999.000,9999.000,9999.000,9999.000,9999.000,9999.000,9999.000
202608050742,   5.074,   5.057,9999.000,9999.000,9999.000,9999.000,9999.000,9999.000,9999.000
202608050748,   4.930,   4.919,9999.000,9999.000,9999.000,9999.000,9999.000,9999.000,9999.000
202608050754,   4.784,   4.769,9999.000,9999.000,9999.000,9999.000,9999.000,9999.000,9999.000
202608050800,   4.637,   4.618,   0.100,  -0.119,   4.618,   0.100,   4.618,   0.100,   4.618
202608050806,   4.490,   4.457,9999.000,9999.000,9999.000,9999.000,9999.000,9999.000,9999.000
202608050812,   4.342,   4.309,9999.000,9999.000,9999.000,9999.000,9999.000,9999.000,9999.000
202608050818,   4.193,   4.139,9999.000,9999.000,9999.000,9999.000,9999.000,9999.000,9999.000
202608050824,   4.045,   3.988,9999.000,9999.000,9999.000,9999.000,9999.000,9999.000,9999.000
202608050830,   3.898,   3.847,9999.000,9999.000,9999.000,9999.000,9999.000,9999.000,9999.000
202608050836,   3.751,   3.699,9999.000,9999.000,9999.000,9999.000,9999.000,9999.000,9999.000
202608050842,   3.605,   3.539,9999.000,9999.000,9999.000,9999.000,9999.000,9999.000,9999.000
202608050848,   3.461,   3.398,9999.000,9999.000,9999.000,9999.000,9999.000,9999.000,9999.000
202608050854,   3.318,   3.270,9999.000,9999.000,9999.000,9999.000,9999.000,9999.000,9999.000
202608050900,   3.177,   3.119,   0.200,  -0.258,   3.119,   0.200,   3.119,   0.200,   3.119
202608050906,   3.039,   2.978,9999.000,9999.000,9999.000,9999.000,9999.000,9999.000,9999.000
202608050912,   2.904,   2.820,9999.000,9999.000,9999.000,9999.000,9999.000,9999.000,9999.000
202608050918,   2.771,   2.669,9999.000,9999.000,9999.000,9999.000,9999.000,9999.000,9999.000
202608050924,   2.642,   2.528,9999.000,9999.000,9999.000,9999.000,9999.000,9999.000,9999.000
202608050930,   2.516,   2.400,9999.000,9999.000,9999.000,9999.000,9999.000,9999.000,9999.000
202608050936,   2.394,   2.269,9999.000,9999.000,9999.000,9999.000,9999.000,9999.000,9999.000
202608050942,   2.277,   2.168,9999.000,9999.000,9999.000,9999.000,9999.000,9999.000,9999.000
202608050948,   2.163,   2.079,9999.000,9999.000,9999.000,9999.000,9999.000,9999.000,9999.000
202608050954,   2.055,   1.981,9999.000,9999.000,9999.000,9999.000,9999.000,9999.000,9999.000
202608051000,   1.951,   1.889,   0.200,  -0.262,   1.889,   0.100,   1.789,   0.200,   1.889
202608051006,   1.852,   1.800,9999.000,9999.000,9999.000,9999.000,9999.000,9999.000,9999.000
202608051012,   1.758,   1.708,9999.000,9999.000,9999.000,9999.000,9999.000,9999.000,9999.000
202608051018,   1.670,   1.630,9999.000,9999.000,9999.000,9999.000,9999.000,9999.000,9999.000
202608051024,   1.588,   1.548,9999.000,9999.000,9999.000,9999.000,9999.000,9999.000,9999.000
202608051030,   1.511,   1.469,9999.000,9999.000,9999.000,9999.000,9999.000,9999.000,9999.000
202608051036,   1.440,   1.400,9999.000,9999.000,9999.000,9999.000,9999.000,9999.000,9999.000
202608051042,   1.374,   1.338,9999.000,9999.000,9999.000,9999.000,9999.000,9999.000,9999.000
202608051048,   1.315,   1.289,9999.000,9999.000,9999.000,9999.000,9999.000,9999.000,9999.000
202608051054,   1.262,   1.249,9999.000,9999.000,9999.000,9999.000,9999.000,9999.000,9999.000
202608051100,   1.214,   1.220,   0.100,  -0.094,   1.220,   0.100,   1.220,   0.200,   1.320
202608051106,   1.173,   1.180,9999.000,9999.000,9999.000,9999.000,9999.000,9999.000,9999.000
202608051112,   1.137,   1.138,9999.000,9999.000,9999.000,9999.000,9999.000,9999.000,9999.000
202608051118,   1.108,   1.108,9999.000,9999.000,9999.000,9999.000,9999.000,9999.000,9999.000
202608051124,   1.084,   1.079,9999.000,9999.000,9999.000,9999.000,9999.000,9999.000,9999.000
202608051130,   1.066,   1.069,9999.000,9999.000,9999.000,9999.000,9999.000,9999.000,9999.000
202608051136,   1.053,   1.069,9999.000,9999.000,9999.000,9999.000,9999.000,9999.000,9999.000
202608051142,   1.046,   1.088,9999.000,9999.000,9999.000,9999.000,9999.000,9999.000,9999.000
202608051148,   1.044,   1.108,9999.000,9999.000,9999.000,9999.000,9999.000,9999.000,9999.000
202608051154,   1.048,   1.118,9999.000,9999.000,9999.000,9999.000,9999.000,9999.000,9999.000
202608051200,   1.056,   1.128,   0.100,  -0.028,   1.128,   0.000,   1.028,   0.100,   1.128
202608051206,   1.070,   1.138,9999.000,9999.000,9999.000,9999.000,9999.000,9999.000,9999.000
202608051212,   1.088,   1.151,9999.000,9999.000,9999.000,9999.000,9999.000,9999.000,9999.000
202608051218,   1.111,   1.190,9999.000,9999.000,9999.000,9999.000,9999.000,9999.000,9999.000
202608051224,   1.138,   1.229,9999.000,9999.000,9999.000,9999.000,9999.000,9999.000,9999.000
202608051230,   1.169,   1.279,9999.000,9999.000,9999.000,9999.000,9999.000,9999.000,9999.000
202608051236,   1.205,   1.328,9999.000,9999.000,9999.000,9999.000,9999.000,9999.000,9999.000
202608051242,   1.244,   1.371,9999.000,9999.000,9999.000,9999.000,9999.000,9999.000,9999.000
202608051248,   1.288,   1.420,9999.000,9999.000,9999.000,9999.000,9999.000,9999.000,9999.000
202608051254,   1.335,   1.479,9999.000,9999.000,9999.000,9999.000,9999.000,9999.000,9999.000
202608051300,   1.385,   1.538,   0.100,   0.053,   1.538,   0.100,   1.538,   0.100,   1.538
202608051306,   1.439,   1.590,9999.000,9999.000,9999.000,9999.000,9999.000,9999.000,9999.000
202608051312,   1.496,   1.659,9999.000,9999.000,9999.000,9999.000,9999.000,9999.000,9999.000
202608051318,   1.557,   1.738,9999.000,9999.000,9999.000,9999.000,9999.000,9999.000,9999.000
202608051324,   1.620,   1.810,9999.000,9999.000,9999.000,9999.000,9999.000,9999.000,9999.000
202608051330,   1.686,   1.899,9999.000,9999.000,9999.000,9999.000,9999.000,9999.000,9999.000
202608051336,   1.755,   1.967,9999.000,9999.000,9999.000,9999.000,9999.000,9999.000,9999.000
202608051342,   1.827,   2.049,9999.000,9999.000,9999.000,9999.000,9999.000,9999.000,9999.000
202608051348,   1.901,   2.128,9999.000,9999.000,9999.000,9999.000,9999.000,9999.000,9999.000
202608051354,   1.977,   2.200,9999.000,9999.000,9999.000,9999.000,9999.000,9999.000,9999.000
202608051400,   2.056,   2.259,   0.100,   0.103,   2.259,   0.100,   2.259,   0.200,   2.359
202608051406,   2.136,   2.328,9999.000,9999.000,9999.000,9999.000,9999.000,9999.000,9999.000
202608051412,   2.218,   2.400,9999.000,9999.000,9999.000,9999.000,9999.000,9999.000,9999.000
202608051418,   2.302,   2.479,9999.000,9999.000,9999.000,9999.000,9999.000,9999.000,9999.000
202608051424,   2.388,   2.548,9999.000,9999.000,9999.000,9999.000,9999.000,9999.000,9999.000
202608051430,   2.474,   2.640,9999.000,9999.000,9999.000,9999.000,9999.000,9999.000,9999.000
202608051436,   2.562,   2.728,9999.000,9999.000,9999.000,9999.000,9999.000,9999.000,9999.000
202608051442,   2.651,   2.820,9999.000,9999.000,9999.000,9999.000,9999.000,9999.000,9999.000
202608051448,   2.740,   2.909,9999.000,9999.000,9999.000,9999.000,9999.000,9999.000,9999.000
202608051454,   2.830,   2.978,9999.000,9999.000,9999.000,9999.000,9999.000,9999.000,9999.000
202608051500,   2.920,   3.060,   0.100,   0.040,   3.060,   0.100,   3.060,   0.200,   3.160
202608051506,   3.010,   3.148,9999.000,9999.000,9999.000,9999.000,9999.000,9999.000,9999.000
202608051512,   3.100,   3.250,9999.000,9999.000,9999.000,9999.000,9999.000,9999.000,9999.000
202608051518,   3.189,   3.348,9999.000,9999.000,9999.000,9999.000,9999.000,9999.000,9999.000
202608051524,   3.277,   3.450,9999.000,9999.000,9999.000,9999.000,9999.000,9999.000,9999.000
202608051530,   3.365,   3.548,9999.000,9999.000,9999.000,9999.000,9999.000,9999.000,9999.000
202608051536,   3.451,   3.650,9999.000,9999.000,9999.000,9999.000,9999.000,9999.000,9999.000
202608051542,   3.537,   3.729,9999.000,9999.000,9999.000,9999.000,9999.000,9999.000,9999.000
202608051548,   3.621,   3.817,9999.000,9999.000,9999.000,9999.000,9999.000,9999.000,9999.000
202608051554,   3.703,   3.909,9999.000,9999.000,9999.000,9999.000,9999.000,9999.000,9999.000
202608051600,   3.783,   3.978,   0.100,   0.095,   3.978,   0.100,   3.978,   0.200,   4.078
202608051606,   3.861,   4.047,9999.000,9999.000,9999.000,9999.000,9999.000,9999.000,9999.000
202608051612,   3.938,   4.109,9999.000,9999.000,9999.000,9999.000,9999.000,9999.000,9999.000
202608051618,   4.012,   4.168,9999.000,9999.000,9999.000,9999.000,9999.000,9999.000,9999.000
202608051624,   4.084,   4.227,9999.000,9999.000,9999.000,9999.000,9999.000,9999.000,9999.000
202608051630,   4.153,   4.290,9999.000,9999.000,9999.000,9999.000,9999.000,9999.000,9999.000
202608051636,   4.220,   4.359,9999.000,9999.000,9999.000,9999.000,9999.000,9999.000,9999.000
202608051642,   4.284,   4.418,9999.000,9999.000,9999.000,9999.000,9999.000,9999.000,9999.000
202608051648,   4.346,   4.480,9999.000,9999.000,9999.000,9999.000,9999.000,9999.000,9999.000
202608051654,   4.405,   4.559,9999.000,9999.000,9999.000,9999.000,9999.000,9999.000,9999.000
202608051700,   4.461,   4.588,   0.100,   0.027,   4.588,   0.100,   4.588,   0.100,   4.588
202608051706,   4.515,   4.637,9999.000,9999.000,9999.000,9999.000,9999.000,9999.000,9999.000
202608051712,   4.566,   4.690,9999.000,9999.000,9999.000,9999.000,9999.000,9999.000,9999.000
202608051718,   4.614,   4.729,9999.000,9999.000,9999.000,9999.000,9999.000,9999.000,9999.000
202608051724,   4.659,   4.769,9999.000,9999.000,9999.000,9999.000,9999.000,9999.000,9999.000
202608051730,   4.702,   4.818,9999.000,9999.000,9999.000,9999.000,9999.000,9999.000,9999.000
202608051736,   4.741,   4.857,9999.000,9999.000,9999.000,9999.000,9999.000,9999.000,9999.000
202608051742,   4.778,   4.910,9999.000,9999.000,9999.000,9999.000,9999.000,9999.000,9999.000
202608051748,   4.812,   4.949,9999.000,9999.000,9999.000,9999.000,9999.000,9999.000,9999.000
202608051754,   4.844,   4.979,9999.000,9999.000,9999.000,9999.000,9999.000,9999.000,9999.000
202608051800,   4.872,   5.008,   0.100,   0.036,   5.008,   0.100,   5.008,   0.100,   5.008
202608051806,   4.898,   5.047,9999.000,9999.000,9999.000,9999.000,9999.000,9999.000,9999.000
202608051812,   4.921,   5.087,9999.000,9999.000,9999.000,9999.000,9999.000,9999.000,9999.000
202608051818,   4.942,   5.120,9999.000,9999.000,9999.000,9999.000,9999.000,9999.000,9999.000
202608051824,   4.959,   5.139,9999.000,9999.000,9999.000,9999.000,9999.000,9999.000,9999.000
202608051830,   4.974,   5.169,9999.000,9999.000,9999.000,9999.000,9999.000,9999.000,9999.000
202608051836,   4.987,   5.188,9999.000,9999.000,9999.000,9999.000,9999.000,9999.000,9999.000
202608051842,   4.997,   5.218,9999.000,9999.000,9999.000,9999.000,9999.000,9999.000,9999.000
202608051848,   5.004,   5.257,9999.000,9999.000,9999.000,9999.000,9999.000,9999.000,9999.000
202608051854,   5.009,   5.277,9999.000,9999.000,9999.000,9999.000,9999.000,9999.000,9999.000
202608051900,   5.011,   5.297,   0.100,   0.186,   5.297,   0.100,   5.297,   0.100,   5.297
202608051906,   5.012,   5.287,9999.000,9999.000,9999.000,9999.000,9999.000,9999.000,9999.000
202608051912,   5.010,   5.277,9999.000,9999.000,9999.000,9999.000,9999.000,9999.000,9999.000
202608051918,   5.005,   5.277,9999.000,9999.000,9999.000,9999.000,9999.000,9999.000,9999.000
202608051924,   4.999,   5.277,9999.000,9999.000,9999.000,9999.000,9999.000,9999.000,9999.000
202608051930,   4.991,   5.257,9999.000,9999.000,9999.000,9999.000,9999.000,9999.000,9999.000
202608051936,   4.981,   5.247,9999.000,9999.000,9999.000,9999.000,9999.000,9999.000,9999.000
202608051942,   4.969,   5.238,9999.000,9999.000,9999.000,9999.000,9999.000,9999.000,9999.000
202608051948,   4.956,   5.228,9999.000,9999.000,9999.000,9999.000,9999.000,9999.000,9999.000
202608051954,   4.941,   5.208,9999.000,9999.000,9999.000,9999.000,9999.000,9999.000,9999.000
202608052000,   4.925,   5.179,   0.100,   0.154,   5.179,   0.100,   5.179,   0.200,   5.279
202608052006,   4.908,   5.149,9999.000,9999.000,9999.000,9999.000,9999.000,9999.000,9999.000
202608052012,   4.890,   5.129,9999.000,9999.000,9999.000,9999.000,9999.000,9999.000,9999.000
202608052018,   4.871,   5.110,9999.000,9999.000,9999.000,9999.000,9999.000,9999.000,9999.000
202608052024,   4.851,   5.087,9999.000,9999.000,9999.000,9999.000,9999.000,9999.000,9999.000
202608052030,   4.831,   5.077,9999.000,9999.000,9999.000,9999.000,9999.000,9999.000,9999.000
202608052036,   4.810,   5.067,9999.000,9999.000,9999.000,9999.000,9999.000,9999.000,9999.000
202608052042,   4.790,   5.047,9999.000,9999.000,9999.000,9999.000,9999.000,9999.000,9999.000
202608052048,   4.769,   5.008,9999.000,9999.000,9999.000,9999.000,9999.000,9999.000,9999.000
202608052054,   4.748,   4.979,9999.000,9999.000,9999.000,9999.000,9999.000,9999.000,9999.000
202608052100,   4.728,   4.959,   0.200,   0.031,   4.959,   0.100,   4.859,   0.200,   4.959
202608052106,   4.709,   4.929,9999.000,9999.000,9999.000,9999.000,9999.000,9999.000,9999.000
202608052112,   4.690,   4.919,9999.000,9999.000,9999.000,9999.000,9999.000,9999.000,9999.000
202608052118,   4.672,   4.910,9999.000,9999.000,9999.000,9999.000,9999.000,9999.000,9999.000
202608052124,   4.655,   4.910,9999.000,9999.000,9999.000,9999.000,9999.000,9999.000,9999.000
202608052130,   4.639,   4.910,9999.000,9999.000,9999.000,9999.000,9999.000,9999.000,9999.000
202608052136,   4.625,   4.900,9999.000,9999.000,9999.000,9999.000,9999.000,9999.000,9999.000
202608052142,   4.612,   4.887,9999.000,9999.000,9999.000,9999.000,9999.000,9999.000,9999.000
202608052148,   4.601,   4.867,9999.000,9999.000,9999.000,9999.000,9999.000,9999.000,9999.000
202608052154,   4.592,   4.857,9999.000,9999.000,9999.000,9999.000,9999.000,9999.000,9999.000
202608052200,   4.585,   4.857,   0.100,   0.172,   4.857,   0.000,   4.757,   0.100,   4.857
202608052206,   4.580,   4.867,9999.000,9999.000,9999.000,9999.000,9999.000,9999.000,9999.000
202608052212,   4.578,   4.857,9999.000,9999.000,9999.000,9999.000,9999.000,9999.000,9999.000
202608052218,   4.579,   4.877,9999.000,9999.000,9999.000,9999.000,9999.000,9999.000,9999.000
202608052224,   4.582,   4.887,9999.000,9999.000,9999.000,9999.000,9999.000,9999.000,9999.000
202608052230,   4.587,   4.900,9999.000,9999.000,9999.000,9999.000,9999.000,9999.000,9999.000
202608052236,   4.596,   4.919,9999.000,9999.000,9999.000,9999.000,9999.000,9999.000,9999.000
202608052242,   4.608,   4.929,9999.000,9999.000,9999.000,9999.000,9999.000,9999.000,9999.000
202608052248,   4.623,   4.959,9999.000,9999.000,9999.000,9999.000,9999.000,9999.000,9999.000
202608052254,   4.641,   4.988,9999.000,9999.000,9999.000,9999.000,9999.000,9999.000,9999.000
202608052300,   4.662,   5.008,   0.100,   0.246,   5.008,   0.000,   4.908,   0.100,   5.008
202608052306,   4.687,   5.038,9999.000,9999.000,9999.000,9999.000,9999.000,9999.000,9999.000
202608052312,   4.714,   5.087,9999.000,9999.000,9999.000,9999.000,9999.000,9999.000,9999.000
202608052318,   4.745,   5.139,9999.000,9999.000,9999.000,9999.000,9999.000,9999.000,9999.000
202608052324,   4.780,   5.188,9999.000,9999.000,9999.000,9999.000,9999.000,9999.000,9999.000
202608052330,   4.817,   5.238,9999.000,9999.000,9999.000,9999.000,9999.000,9999.000,9999.000
202608052336,   4.857,   5.287,9999.000,9999.000,9999.000,9999.000,9999.000,9999.000,9999.000
202608052342,   4.901,   5.329,9999.000,9999.000,9999.000,9999.000,9999.000,9999.000,9999.000
202608052348,   4.947,   5.389,9999.000,9999.000,9999.000,9999.000,9999.000,9999.000,9999.000
202608052354,   4.996,   5.448,9999.000,9999.000,9999.000,9999.000,9999.000,9999.000,9999.000
202608060000,   5.048,   5.507,   0.200,   0.259,   5.507,   0.200,   5.507,   0.200,   5.507
202608060006,   5.102,   5.569,9999.000,9999.000,9999.000,9999.000,9999.000,9999.000,9999.000
202608060012,   5.159,   5.628,9999.000,9999.000,9999.000,9999.000,9999.000,9999.000,9999.000
202608060018,   5.218,   5.687,9999.000,9999.000,9999.000,9999.000,9999.000,9999.000,9999.000
202608060024,   5.279,   5.739,9999.000,9999.000,9999.000,9999.000,9999.000,9999.000,9999.000
202608060030,   5.342,   5.799,9999.000,9999.000,9999.000,9999.000,9999.000,9999.000,9999.000
202608060036,   5.406,   5.848,9999.000,9999.000,9999.000,9999.000,9999.000,9999.000,9999.000
202608060042,   5.473,   5.907,9999.000,9999.000,9999.000,9999.000,9999.000,9999.000,9999.000
202608060048,   5.540,   5.969,9999.000,9999.000,9999.000,9999.000,9999.000,9999.000,9999.000
202608060054,   5.609,   6.038,9999.000,9999.000,9999.000,9999.000,9999.000,9999.000,9999.000
202608060100,   5.679,   6.097,   0.200,   0.218,   6.097,   0.200,   6.097,   0.300,   6.197
202608060106,   5.750,   6.169,9999.000,9999.000,9999.000,9999.000,9999.000,9999.000,9999.000
202608060112,   5.822,   6.228,9999.000,9999.000,9999.000,9999.000,9999.000,9999.000,9999.000
202608060118,   5.895,   6.297,9999.000,9999.000,9999.000,9999.000,9999.000,9999.000,9999.000
202608060124,   5.968,   6.369,9999.000,9999.000,9999.000,9999.000,9999.000,9999.000,9999.000
202608060130,   6.041,   6.438,9999.000,9999.000,9999.000,9999.000,9999.000,9999.000,9999.000
202608060136,   6.115,   6.507,9999.000,9999.000,9999.000,9999.000,9999.000,9999.000,9999.000
202608060142,   6.189,   6.589,9999.000,9999.000,9999.000,9999.000,9999.000,9999.000,9999.000
202608060148,   6.263,   6.668,9999.000,9999.000,9999.000,9999.000,9999.000,9999.000,9999.000
202608060154,   6.337,   6.737,9999.000,9999.000,9999.000,9999.000,9999.000,9999.000,9999.000
202608060200,   6.411,   6.819,   0.200,   0.208,   6.819,   0.200,   6.819,   0.200,   6.819
202608060206,   6.485,   6.907,9999.000,9999.000,9999.000,9999.000,9999.000,9999.000,9999.000
202608060212,   6.558,   6.966,9999.000,9999.000,9999.000,9999.000,9999.000,9999.000,9999.000
202608060218,   6.631,   7.048,9999.000,9999.000,9999.000,9999.000,9999.000,9999.000,9999.000
202608060224,   6.703,   7.127,9999.000,9999.000,9999.000,9999.000,9999.000,9999.000,9999.000
202608060230,   6.774,   7.219,9999.000,9999.000,9999.000,9999.000,9999.000,9999.000,9999.000
202608060236,   6.845,   7.288,9999.000,9999.000,9999.000,9999.000,9999.000,9999.000,9999.000
202608060242,   6.914,   7.357,9999.000,9999.000,9999.000,9999.000,9999.000,9999.000,9999.000
202608060248,   6.982,   7.429,9999.000,9999.000,9999.000,9999.000,9999.000,9999.000,9999.000
202608060254,   7.049,   7.498,9999.000,9999.000,9999.000,9999.000,9999.000,9999.000,9999.000
202608060300,   7.114,   7.557,   0.200,   0.243,   7.557,   0.200,   7.557,   0.200,   7.557
202608060306,   7.177,   7.619,9999.000,9999.000,9999.000,9999.000,9999.000,9999.000,9999.000
202608060312,   7.239,   7.678,9999.000,9999.000,9999.000,9999.000,9999.000,9999.000,9999.000
202608060318,   7.298,   7.737,9999.000,9999.000,9999.000,9999.000,9999.000,9999.000,9999.000
202608060324,   7.355,   7.796,9999.000,9999.000,9999.000,9999.000,9999.000,9999.000,9999.000
202608060330,   7.409,   7.849,9999.000,9999.000,9999.000,9999.000,9999.000,9999.000,9999.000
202608060336,   7.461,   7.878,9999.000,9999.000,9999.000,9999.000,9999.000,9999.000,9999.000
202608060342,   7.509,   7.927,9999.000,9999.000,9999.000,9999.000,9999.000,9999.000,9999.000
202608060348,   7.555,   7.957,9999.000,9999.000,9999.000,9999.000,9999.000,9999.000,9999.000
202608060354,   7.597,   7.976,9999.000,9999.000,9999.000,9999.000,9999.000,9999.000,9999.000
202608060400,   7.635,   8.006,   0.200,   0.171,   8.006,   0.200,   8.006,   0.300,   8.106
202608060406,   7.670,   8.016,9999.000,9999.000,9999.000,9999.000,9999.000,9999.000,9999.000
202608060412,   7.701,   8.029,9999.000,9999.000,9999.000,9999.000,9999.000,9999.000,9999.000
202608060418,   7.727,   8.049,9999.000,9999.000,9999.000,9999.000,9999.000,9999.000,9999.000
202608060424,   7.750,   8.049,9999.000,9999.000,9999.000,9999.000,9999.000,9999.000,9999.000
202608060430,   7.768,   8.058,9999.000,9999.000,9999.000,9999.000,9999.000,9999.000,9999.000
202608060436,   7.781,   8.068,9999.000,9999.000,9999.000,9999.000,9999.000,9999.000,9999.000
202608060442,   7.790,   8.058,9999.000,9999.000,9999.000,9999.000,9999.000,9999.000,9999.000
202608060448,   7.794,   8.049,9999.000,9999.000,9999.000,9999.000,9999.000,9999.000,9999.000
202608060454,   7.793,   8.039,9999.000,9999.000,9999.000,9999.000,9999.000,9999.000,9999.000
202608060500,   7.787,   8.006,   0.300,  -0.081,   8.006,   0.200,   7.906,   0.300,   8.006
202608060506,   7.777,   7.986,9999.000,9999.000,9999.000,9999.000,9999.000,9999.000,9999.000
202608060512,   7.761,   7.967,9999.000,9999.000,9999.000,9999.000,9999.000,9999.000,9999.000
202608060518,   7.740,   7.937,9999.000,9999.000,9999.000,9999.000,9999.000,9999.000,9999.000
202608060524,   7.713,   7.908,9999.000,9999.000,9999.000,9999.000,9999.000,9999.000,9999.000
202608060530,   7.682,   7.858,9999.000,9999.000,9999.000,9999.000,9999.000,9999.000,9999.000
202608060536,   7.645,   7.806,9999.000,9999.000,9999.000,9999.000,9999.000,9999.000,9999.000
202608060542,   7.604,   7.767,9999.000,9999.000,9999.000,9999.000,9999.000,9999.000,9999.000
202608060548,   7.557,   7.717,9999.000,9999.000,9999.000,9999.000,9999.000,9999.000,9999.000
202608060554,   7.504,   7.658,9999.000,9999.000,9999.000,9999.000,9999.000,9999.000,9999.000
202608060600,   7.447,   7.658,   0.200,   0.011,   7.658,   0.200,   7.658,   0.300,   7.758
202608060606,   7.384,9999.000,9999.000,9999.000,9999.000,9999.000,9999.000,9999.000,9999.000
202608060612,   7.317,9999.000,9999.000,9999.000,9999.000,9999.000,9999.000,9999.000,9999.000
202608060618,   7.244,9999.000,9999.000,9999.000,9999.000,9999.000,9999.000,9999.000,9999.000
202608060624,   7.166,9999.000,9999.000,9999.000,9999.000,9999.000,9999.000,9999.000,9999.000
202608060630,   7.083,9999.000,9999.000,9999.000,9999.000,9999.000,9999.000,9999.000,9999.000
202608060636,   6.995,9999.000,9999.000,9999.000,9999.000,9999.000,9999.000,9999.000,9999.000
202608060642,   6.903,9999.000,9999.000,9999.000,9999.000,9999.000,9999.000,9999.000,9999.000
202608060648,   6.806,9999.000,9999.000,9999.000,9999.000,9999.000,9999.000,9999.000,9999.000
202608060654,   6.704,9999.000,9999.000,9999.000,9999.000,9999.000,9999.000,9999.000,9999.000
202608060700,   6.597,9999.000,   0.200,   0.006,   6.803,   0.200,   6.803,   0.300,   6.903
202608060706,   6.486,9999.000,9999.000,9999.000,9999.000,9999.000,9999.000,9999.000,9999.000
202608060712,   6.371,9999.000,9999.000,9999.000,9999.000,9999.000,9999.000,9999.000,9999.000
202608060718,   6.251,9999.000,9999.000,9999.000,9999.000,9999.000,9999.000,9999.000,9999.000
202608060724,   6.127,9999.000,9999.000,9999.000,9999.000,9999.000,9999.000,9999.000,9999.000
202608060730,   6.000,9999.000,9999.000,9999.000,9999.000,9999.000,9999.000,9999.000,9999.000
202608060736,   5.868,9999.000,9999.000,9999.000,9999.000,9999.000,9999.000,9999.000,9999.000
202608060742,   5.734,9999.000,9999.000,9999.000,9999.000,9999.000,9999.000,9999.000,9999.000
202608060748,   5.595,9999.000,9999.000,9999.000,9999.000,9999.000,9999.000,9999.000,9999.000
202608060754,   5.454,9999.000,9999.000,9999.000,9999.000,9999.000,9999.000,9999.000,9999.000
202608060800,   5.310,9999.000,   0.200,   0.001,   5.511,   0.200,   5.511,   0.300,   5.611
202608060806,   5.162,9999.000,9999.000,9999.000,9999.000,9999.000,9999.000,9999.000,9999.000
202608060812,   5.013,9999.000,9999.000,9999.000,9999.000,9999.000,9999.000,9999.000,9999.000
202608060818,   4.861,9999.000,9999.000,9999.000,9999.000,9999.000,9999.000,9999.000,9999.000
202608060824,   4.707,9999.000,9999.000,9999.000,9999.000,9999.000,9999.000,9999.000,9999.000
202608060830,   4.551,9999.000,9999.000,9999.000,9999.000,9999.000,9999.000,9999.000,9999.000
202608060836,   4.394,9999.000,9999.000,9999.000,9999.000,9999.000,9999.000,9999.000,9999.000
202608060842,   4.236,9999.000,9999.000,9999.000,9999.000,9999.000,9999.000,9999.000,9999.000
202608060848,   4.077,9999.000,9999.000,9999.000,9999.000,9999.000,9999.000,9999.000,9999.000
202608060854,   3.917,9999.000,9999.000,9999.000,9999.000,9999.000,9999.000,9999.000,9999.000
202608060900,   3.756,9999.000,   0.300,  -0.004,   4.052,   0.200,   3.952,   0.300,   4.052
202608060906,   3.596,9999.000,9999.000,9999.000,9999.000,9999.000,9999.000,9999.000,9999.000
202608060912,   3.436,9999.000,9999.000,9999.000,9999.000,9999.000,9999.000,9999.000,9999.000
202608060918,   3.276,9999.000,9999.000,9999.000,9999.000,9999.000,9999.000,9999.000,9999.000
202608060924,   3.117,9999.000,9999.000,9999.000,9999.000,9999.000,9999.000,9999.000,9999.000
202608060930,   2.959,9999.000,9999.000,9999.000,9999.000,9999.000,9999.000,9999.000,9999.000
202608060936,   2.803,9999.000,9999.000,9999.000,9999.000,9999.000,9999.000,9999.000,9999.000
202608060942,   2.648,9999.000,9999.000,9999.000,9999.000,9999.000,9999.000,9999.000,9999.000
202608060948,   2.496,9999.000,9999.000,9999.000,9999.000,9999.000,9999.000,9999.000,9999.000
202608060954,   2.345,9999.000,9999.000,9999.000,9999.000,9999.000,9999.000,9999.000,9999.000
202608061000,   2.198,9999.000,   0.200,  -0.009,   2.389,   0.200,   2.389,   0.300,   2.489
202608061006,   2.053,9999.000,9999.000,9999.000,9999.000,9999.000,9999.000,9999.000,9999.000
202608061012,   1.912,9999.000,9999.000,9999.000,9999.000,9999.000,9999.000,9999.000,9999.000
202608061018,   1.774,9999.000,9999.000,9999.000,9999.000,9999.000,9999.000,9999.000,9999.000
202608061024,   1.640,9999.000,9999.000,9999.000,9999.000,9999.000,9999.000,9999.000,9999.000
202608061030,   1.510,9999.000,9999.000,9999.000,9999.000,9999.000,9999.000,9999.000,9999.000
202608061036,   1.384,9999.000,9999.000,9999.000,9999.000,9999.000,9999.000,9999.000,9999.000
202608061042,   1.264,9999.000,9999.000,9999.000,9999.000,9999.000,9999.000,9999.000,9999.000
202608061048,   1.148,9999.000,9999.000,9999.000,9999.000,9999.000,9999.000,9999.000,9999.000
202608061054,   1.037,9999.000,9999.000,9999.000,9999.000,9999.000,9999.000,9999.000,9999.000
202608061100,   0.932,9999.000,   0.200,  -0.014,   1.118,   0.200,   1.118,   0.300,   1.218
202608061106,   0.832,9999.000,9999.000,9999.000,9999.000,9999.000,9999.000,9999.000,9999.000
202608061112,   0.739,9999.000,9999.000,9999.000,9999.000,9999.000,9999.000,9999.000,9999.000
202608061118,   0.651,9999.000,9999.000,9999.000,9999.000,9999.000,9999.000,9999.000,9999.000
202608061124,   0.569,9999.000,9999.000,9999.000,9999.000,9999.000,9999.000,9999.000,9999.000
202608061130,   0.494,9999.000,9999.000,9999.000,9999.000,9999.000,9999.000,9999.000,9999.000
202608061136,   0.425,9999.000,9999.000,9999.000,9999.000,9999.000,9999.000,9999.000,9999.000
202608061142,   0.362,9999.000,9999.000,9999.000,9999.000,9999.000,9999.000,9999.000,9999.000
202608061148,   0.306,9999.000,9999.000,9999.000,9999.000,9999.000,9999.000,9999.000,9999.000
202608061154,   0.256,9999.000,9999.000,9999.000,9999.000,9999.000,9999.000,9999.000,9999.000
202608061200,   0.212,9999.000,   0.200,  -0.018,   0.394,   0.200,   0.394,   0.300,   0.494
202608061206,   0.176,9999.000,9999.000,9999.000,9999.000,9999.000,9999.000,9999.000,9999.000
202608061212,   0.145,9999.000,9999.000,9999.000,9999.000,9999.000,9999.000,9999.000,9999.000
202608061218,   0.121,9999.000,9999.000,9999.000,9999.000,9999.000,9999.000,9999.000,9999.000
202608061224,   0.103,9999.000,9999.000,9999.000,9999.000,9999.000,9999.000,9999.000,9999.000
202608061230,   0.092,9999.000,9999.000,9999.000,9999.000,9999.000,9999.000,9999.000,9999.000
202608061236,   0.086,9999.000,9999.000,9999.000,9999.000,9999.000,9999.000,9999.000,9999.000
202608061242,   0.086,9999.000,9999.000,9999.000,9999.000,9999.000,9999.000,9999.000,9999.000
202608061248,   0.092,9999.000,9999.000,9999.000,9999.000,9999.000,9999.000,9999.000,9999.000
202608061254,   0.104,9999.000,9999.000,9999.000,9999.000,9999.000,9999.000,9999.000,9999.000
202608061300,   0.121,9999.000,   0.200,  -0.023,   0.298,   0.200,   0.298,   0.300,   0.398
202608061306,   0.143,9999.000,9999.000,9999.000,9999.000,9999.000,9999.000,9999.000,9999.000
202608061312,   0.171,9999.000,9999.000,9999.000,9999.000,9999.000,9999.000,9999.000,9999.000
202608061318,   0.203,9999.000,9999.000,9999.000,9999.000,9999.000,9999.000,9999.000,9999.000
202608061324,   0.240,9999.000,9999.000,9999.000,9999.000,9999.000,9999.000,9999.000,9999.000
202608061330,   0.282,9999.000,9999.000,9999.000,9999.000,9999.000,9999.000,9999.000,9999.000
202608061336,   0.328,9999.000,9999.000,9999.000,9999.000,9999.000,9999.000,9999.000,9999.000
202608061342,   0.379,9999.000,9999.000,9999.000,9999.000,9999.000,9999.000,9999.000,9999.000
202608061348,   0.433,9999.000,9999.000,9999.000,9999.000,9999.000,9999.000,9999.000,9999.000
202608061354,   0.492,9999.000,9999.000,9999.000,9999.000,9999.000,9999.000,9999.000,9999.000
202608061400,   0.555,9999.000,   0.200,  -0.028,   0.727,   0.200,   0.727,   0.200,   0.727
202608061406,   0.621,9999.000,9999.000,9999.000,9999.000,9999.000,9999.000,9999.000,9999.000
202608061412,   0.691,9999.000,9999.000,9999.000,9999.000,9999.000,9999.000,9999.000,9999.000
202608061418,   0.764,9999.000,9999.000,9999.000,9999.000,9999.000,9999.000,9999.000,9999.000
202608061424,   0.841,9999.000,9999.000,9999.000,9999.000,9999.000,9999.000,9999.000,9999.000
202608061430,   0.921,9999.000,9999.000,9999.000,9999.000,9999.000,9999.000,9999.000,9999.000
202608061436,   1.004,9999.000,9999.000,9999.000,9999.000,9999.000,9999.000,9999.000,9999.000
202608061442,   1.090,9999.000,9999.000,9999.000,9999.000,9999.000,9999.000,9999.000,9999.000
202608061448,   1.178,9999.000,9999.000,9999.000,9999.000,9999.000,9999.000,9999.000,9999.000
202608061454,   1.269,9999.000,9999.000,9999.000,9999.000,9999.000,9999.000,9999.000,9999.000
202608061500,   1.363,9999.000,   0.200,  -0.033,   1.530,   0.200,   1.530,   0.200,   1.530
202608061506,   1.459,9999.000,9999.000,9999.000,9999.000,9999.000,9999.000,9999.000,9999.000
202608061512,   1.557,9999.000,9999.000,9999.000,9999.000,9999.000,9999.000,9999.000,9999.000
202608061518,   1.657,9999.000,9999.000,9999.000,9999.000,9999.000,9999.000,9999.000,9999.000
202608061524,   1.759,9999.000,9999.000,9999.000,9999.000,9999.000,9999.000,9999.000,9999.000
202608061530,   1.862,9999.000,9999.000,9999.000,9999.000,9999.000,9999.000,9999.000,9999.000
202608061536,   1.967,9999.000,9999.000,9999.000,9999.000,9999.000,9999.000,9999.000,9999.000
202608061542,   2.073,9999.000,9999.000,9999.000,9999.000,9999.000,9999.000,9999.000,9999.000
202608061548,   2.180,9999.000,9999.000,9999.000,9999.000,9999.000,9999.000,9999.000,9999.000
202608061554,   2.288,9999.000,9999.000,9999.000,9999.000,9999.000,9999.000,9999.000,9999.000
202608061600,   2.396,9999.000,   0.200,  -0.038,   2.558,   0.200,   2.558,   0.200,   2.558
202608061606,   2.504,9999.000,9999.000,9999.000,9999.000,9999.000,9999.000,9999.000,9999.000
202608061612,   2.613,9999.000,9999.000,9999.000,9999.000,9999.000,9999.000,9999.000,9999.000
202608061618,   2.721,9999.000,9999.000,9999.000,9999.000,9999.000,9999.000,9999.000,9999.000
202608061624,   2.830,9999.000,9999.000,9999.000,9999.000,9999.000,9999.000,9999.000,9999.000
202608061630,   2.937,9999.000,9999.000,9999.000,9999.000,9999.000,9999.000,9999.000,9999.000
202608061636,   3.044,9999.000,9999.000,9999.000,9999.000,9999.000,9999.000,9999.000,9999.000
202608061642,   3.150,9999.000,9999.000,9999.000,9999.000,9999.000,9999.000,9999.000,9999.000
202608061648,   3.255,9999.000,9999.000,9999.000,9999.000,9999.000,9999.000,9999.000,9999.000
202608061654,   3.359,9999.000,9999.000,9999.000,9999.000,9999.000,9999.000,9999.000,9999.000
202608061700,   3.462,9999.000,   0.200,  -0.043,   3.619,   0.200,   3.619,   0.300,   3.719
202608061706,   3.563,9999.000,9999.000,9999.000,9999.000,9999.000,9999.000,9999.000,9999.000
202608061712,   3.662,9999.000,9999.000,9999.000,9999.000,9999.000,9999.000,9999.000,9999.000
202608061718,   3.759,9999.000,9999.000,9999.000,9999.000,9999.000,9999.000,9999.000,9999.000
202608061724,   3.855,9999.000,9999.000,9999.000,9999.000,9999.000,9999.000,9999.000,9999.000
202608061730,   3.949,9999.000,9999.000,9999.000,9999.000,9999.000,9999.000,9999.000,9999.000
202608061736,   4.040,9999.000,9999.000,9999.000,9999.000,9999.000,9999.000,9999.000,9999.000
202608061742,   4.130,9999.000,9999.000,9999.000,9999.000,9999.000,9999.000,9999.000,9999.000
202608061748,   4.217,9999.000,9999.000,9999.000,9999.000,9999.000,9999.000,9999.000,9999.000
202608061754,   4.302,9999.000,9999.000,9999.000,9999.000,9999.000,9999.000,9999.000,9999.000
202608061800,   4.385,9999.000,   0.200,  -0.048,   4.537,   0.100,   4.437,   0.200,   4.537
202608061806,   4.466,9999.000,9999.000,9999.000,9999.000,9999.000,9999.000,9999.000,9999.000
202608061812,   4.544,9999.000,9999.000,9999.000,9999.000,9999.000,9999.000,9999.000,9999.000
202608061818,   4.619,9999.000,9999.000,9999.000,9999.000,9999.000,9999.000,9999.000,9999.000
202608061824,   4.693,9999.000,9999.000,9999.000,9999.000,9999.000,9999.000,9999.000,9999.000
202608061830,   4.763,9999.000,9999.000,9999.000,9999.000,9999.000,9999.000,9999.000,9999.000
202608061836,   4.832,9999.000,9999.000,9999.000,9999.000,9999.000,9999.000,9999.000,9999.000
202608061842,   4.897,9999.000,9999.000,9999.000,9999.000,9999.000,9999.000,9999.000,9999.000
202608061848,   4.961,9999.000,9999.000,9999.000,9999.000,9999.000,9999.000,9999.000,9999.000
202608061854,   5.021,9999.000,9999.000,9999.000,9999.000,9999.000,9999.000,9999.000,9999.000
202608061900,   5.079,9999.000,   0.200,  -0.048,   5.231,   0.100,   5.131,   0.200,   5.231
202608061906,   5.135,9999.000,9999.000,9999.000,9999.000,9999.000,9999.000,9999.000,9999.000
202608061912,   5.188,9999.000,9999.000,9999.000,9999.000,9999.000,9999.000,9999.000,9999.000
202608061918,   5.238,9999.000,9999.000,9999.000,9999.000,9999.000,9999.000,9999.000,9999.000
202608061924,   5.286,9999.000,9999.000,9999.000,9999.000,9999.000,9999.000,9999.000,9999.000
202608061930,   5.332,9999.000,9999.000,9999.000,9999.000,9999.000,9999.000,9999.000,9999.000
202608061936,   5.374,9999.000,9999.000,9999.000,9999.000,9999.000,9999.000,9999.000,9999.000
202608061942,   5.415,9999.000,9999.000,9999.000,9999.000,9999.000,9999.000,9999.000,9999.000
202608061948,   5.452,9999.000,9999.000,9999.000,9999.000,9999.000,9999.000,9999.000,9999.000
202608061954,   5.487,9999.000,9999.000,9999.000,9999.000,9999.000,9999.000,9999.000,9999.000
202608062000,   5.520,9999.000,   0.200,  -0.048,   5.672,   0.200,   5.672,   0.300,   5.772
202608062006,   5.551,9999.000,9999.000,9999.000,9999.000,9999.000,9999.000,9999.000,9999.000
202608062012,   5.579,9999.000,9999.000,9999.000,9999.000,9999.000,9999.000,9999.000,9999.000
202608062018,   5.604,9999.000,9999.000,9999.000,9999.000,9999.000,9999.000,9999.000,9999.000
202608062024,   5.628,9999.000,9999.000,9999.000,9999.000,9999.000,9999.000,9999.000,9999.000
202608062030,   5.649,9999.000,9999.000,9999.000,9999.000,9999.000,9999.000,9999.000,9999.000
202608062036,   5.668,9999.000,9999.000,9999.000,9999.000,9999.000,9999.000,9999.000,9999.000
202608062042,   5.686,9999.000,9999.000,9999.000,9999.000,9999.000,9999.000,9999.000,9999.000
202608062048,   5.701,9999.000,9999.000,9999.000,9999.000,9999.000,9999.000,9999.000,9999.000
202608062054,   5.714,9999.000,9999.000,9999.000,9999.000,9999.000,9999.000,9999.000,9999.000
202608062100,   5.725,9999.000,   0.300,  -0.048,   5.977,   0.200,   5.877,   0.300,   5.977
202608062106,   5.735,9999.000,9999.000,9999.000,9999.000,9999.000,9999.000,9999.000,9999.000
202608062112,   5.743,9999.000,9999.000,9999.000,9999.000,9999.000,9999.000,9999.000,9999.000
202608062118,   5.750,9999.000,9999.000,9999.000,9999.000,9999.000,9999.000,9999.000,9999.000
202608062124,   5.755,9999.000,9999.000,9999.000,9999.000,9999.000,9999.000,9999.000,9999.000
202608062130,   5.760,9999.000,9999.000,9999.000,9999.000,9999.000,9999.000,9999.000,9999.000
202608062136,   5.762,9999.000,9999.000,9999.000,9999.000,9999.000,9999.000,9999.000,9999.000
202608062142,   5.764,9999.000,9999.000,9999.000,9999.000,9999.000,9999.000,9999.000,9999.000
202608062148,   5.765,9999.000,9999.000,9999.000,9999.000,9999.000,9999.000,9999.000,9999.000
202608062154,   5.765,9999.000,9999.000,9999.000,9999.000,9999.000,9999.000,9999.000,9999.000
202608062200,   5.765,9999.000,   0.200,  -0.048,   5.917,   0.100,   5.817,   0.200,   5.917
202608062206,   5.764,9999.000,9999.000,9999.000,9999.000,9999.000,9999.000,9999.000,9999.000
202608062212,   5.763,9999.000,9999.000,9999.000,9999.000,9999.000,9999.000,9999.000,9999.000
202608062218,   5.762,9999.000,9999.000,9999.000,9999.000,9999.000,9999.000,9999.000,9999.000
202608062224,   5.760,9999.000,9999.000,9999.000,9999.000,9999.000,9999.000,9999.000,9999.000
202608062230,   5.759,9999.000,9999.000,9999.000,9999.000,9999.000,9999.000,9999.000,9999.000
202608062236,   5.759,9999.000,9999.000,9999.000,9999.000,9999.000,9999.000,9999.000,9999.000
202608062242,   5.758,9999.000,9999.000,9999.000,9999.000,9999.000,9999.000,9999.000,9999.000
202608062248,   5.759,9999.000,9999.000,9999.000,9999.000,9999.000,9999.000,9999.000,9999.000
202608062254,   5.760,9999.000,9999.000,9999.000,9999.000,9999.000,9999.000,9999.000,9999.000
202608062300,   5.763,9999.000,   0.200,  -0.048,   5.915,   0.100,   5.815,   0.200,   5.915
202608062306,   5.766,9999.000,9999.000,9999.000,9999.000,9999.000,9999.000,9999.000,9999.000
202608062312,   5.771,9999.000,9999.000,9999.000,9999.000,9999.000,9999.000,9999.000,9999.000
202608062318,   5.778,9999.000,9999.000,9999.000,9999.000,9999.000,9999.000,9999.000,9999.000
202608062324,   5.786,9999.000,9999.000,9999.000,9999.000,9999.000,9999.000,9999.000,9999.000
202608062330,   5.796,9999.000,9999.000,9999.000,9999.000,9999.000,9999.000,9999.000,9999.000
202608062336,   5.808,9999.000,9999.000,9999.000,9999.000,9999.000,9999.000,9999.000,9999.000
202608062342,   5.822,9999.000,9999.000,9999.000,9999.000,9999.000,9999.000,9999.000,9999.000
202608062348,   5.838,9999.000,9999.000,9999.000,9999.000,9999.000,9999.000,9999.000,9999.000
202608062354,   5.856,9999.000,9999.000,9999.000,9999.000,9999.000,9999.000,9999.000,9999.000
202608070000,   5.877,9999.000,   0.300,  -0.048,   6.129,   0.200,   6.029,   0.300,   6.129
202608070006,   5.900,9999.000,9999.000,9999.000,9999.000,9999.000,9999.000,9999.000,9999.000
202608070012,   5.925,9999.000,9999.000,9999.000,9999.000,9999.000,9999.000,9999.000,9999.000
202608070018,   5.952,9999.000,9999.000,9999.000,9999.000,9999.000,9999.000,9999.000,9999.000
202608070024,   5.982,9999.000,9999.000,9999.000,9999.000,9999.000,9999.000,9999.000,9999.000
202608070030,   6.014,9999.000,9999.000,9999.000,9999.000,9999.000,9999.000,9999.000,9999.000
202608070036,   6.048,9999.000,9999.000,9999.000,9999.000,9999.000,9999.000,9999.000,9999.000
202608070042,   6.084,9999.000,9999.000,9999.000,9999.000,9999.000,9999.000,9999.000,9999.000
202608070048,   6.122,9999.000,9999.000,9999.000,9999.000,9999.000,9999.000,9999.000,9999.000
202608070054,   6.162,9999.000,9999.000,9999.000,9999.000,9999.000,9999.000,9999.000,9999.000
202608070100,   6.204,9999.000,   0.300,  -0.048,   6.456,   0.200,   6.356,   0.300,   6.456
202608070106,   6.247,9999.000,9999.000,9999.000,9999.000,9999.000,9999.000,9999.000,9999.000
202608070112,   6.292,9999.000,9999.000,9999.000,9999.000,9999.000,9999.000,9999.000,9999.000
202608070118,   6.338,9999.000,9999.000,9999.000,9999.000,9999.000,9999.000,9999.000,9999.000
202608070124,   6.385,9999.000,9999.000,9999.000,9999.000,9999.000,9999.000,9999.000,9999.000
202608070130,   6.434,9999.000,9999.000,9999.000,9999.000,9999.000,9999.000,9999.000,9999.000
202608070136,   6.483,9999.000,9999.000,9999.000,9999.000,9999.000,9999.000,9999.000,9999.000
202608070142,   6.533,9999.000,9999.000,9999.000,9999.000,9999.000,9999.000,9999.000,9999.000
202608070148,   6.584,9999.000,9999.000,9999.000,9999.000,9999.000,9999.000,9999.000,9999.000
202608070154,   6.635,9999.000,9999.000,9999.000,9999.000,9999.000,9999.000,9999.000,9999.000
202608070200,   6.687,9999.000,   0.300,  -0.048,   6.939,   0.200,   6.839,   0.300,   6.939
202608070206,   6.739,9999.000,9999.000,9999.000,9999.000,9999.000,9999.000,9999.000,9999.000
202608070212,   6.791,9999.000,9999.000,9999.000,9999.000,9999.000,9999.000,9999.000,9999.000
202608070218,   6.843,9999.000,9999.000,9999.000,9999.000,9999.000,9999.000,9999.000,9999.000
202608070224,   6.895,9999.000,9999.000,9999.000,9999.000,9999.000,9999.000,9999.000,9999.000
202608070230,   6.947,9999.000,9999.000,9999.000,9999.000,9999.000,9999.000,9999.000,9999.000
202608070236,   6.999,9999.000,9999.000,9999.000,9999.000,9999.000,9999.000,9999.000,9999.000
202608070242,   7.050,9999.000,9999.000,9999.000,9999.000,9999.000,9999.000,9999.000,9999.000
202608070248,   7.102,9999.000,9999.000,9999.000,9999.000,9999.000,9999.000,9999.000,9999.000
202608070254,   7.152,9999.000,9999.000,9999.000,9999.000,9999.000,9999.000,9999.000,9999.000
202608070300,   7.202,9999.000,   0.200,  -0.048,   7.354,   0.200,   7.354,   0.300,   7.454
202608070306,   7.252,9999.000,9999.000,9999.000,9999.000,9999.000,9999.000,9999.000,9999.000
202608070312,   7.301,9999.000,9999.000,9999.000,9999.000,9999.000,9999.000,9999.000,9999.000
202608070318,   7.349,9999.000,9999.000,9999.000,9999.000,9999.000,9999.000,9999.000,9999.000
202608070324,   7.396,9999.000,9999.000,9999.000,9999.000,9999.000,9999.000,9999.000,9999.000
202608070330,   7.442,9999.000,9999.000,9999.000,9999.000,9999.000,9999.000,9999.000,9999.000
202608070336,   7.487,9999.000,9999.000,9999.000,9999.000,9999.000,9999.000,9999.000,9999.000
202608070342,   7.530,9999.000,9999.000,9999.000,9999.000,9999.000,9999.000,9999.000,9999.000
202608070348,   7.572,9999.000,9999.000,9999.000,9999.000,9999.000,9999.000,9999.000,9999.000
202608070354,   7.613,9999.000,9999.000,9999.000,9999.000,9999.000,9999.000,9999.000,9999.000
202608070400,   7.652,9999.000,   0.200,  -0.048,   7.804,   0.200,   7.804,   0.300,   7.904
202608070406,   7.689,9999.000,9999.000,9999.000,9999.000,9999.000,9999.000,9999.000,9999.000
202608070412,   7.724,9999.000,9999.000,9999.000,9999.000,9999.000,9999.000,9999.000,9999.000
202608070418,   7.756,9999.000,9999.000,9999.000,9999.000,9999.000,9999.000,9999.000,9999.000
202608070424,   7.787,9999.000,9999.000,9999.000,9999.000,9999.000,9999.000,9999.000,9999.000
202608070430,   7.814,9999.000,9999.000,9999.000,9999.000,9999.000,9999.000,9999.000,9999.000
202608070436,   7.839,9999.000,9999.000,9999.000,9999.000,9999.000,9999.000,9999.000,9999.000
202608070442,   7.861,9999.000,9999.000,9999.000,9999.000,9999.000,9999.000,9999.000,9999.000
202608070448,   7.879,9999.000,9999.000,9999.000,9999.000,9999.000,9999.000,9999.000,9999.000
202608070454,   7.894,9999.000,9999.000,9999.000,9999.000,9999.000,9999.000,9999.000,9999.000
202608070500,   7.906,9999.000,   0.300,  -0.048,   8.158,   0.300,   8.158,   0.300,   8.158
202608070506,   7.914,9999.000,9999.000,9999.000,9999.000,9999.000,9999.000,9999.000,9999.000
202608070512,   7.918,9999.000,9999.000,9999.000,9999.000,9999.000,9999.000,9999.000,9999.000
202608070518,   7.918,9999.000,9999.000,9999.000,9999.000,9999.000,9999.000,9999.000,9999.000
202608070524,   7.913,9999.000,9999.000,9999.000,9999.000,9999.000,9999.000,9999.000,9999.000
202608070530,   7.905,9999.000,9999.000,9999.000,9999.000,9999.000,9999.000,9999.000,9999.000
202608070536,   7.892,9999.000,9999.000,9999.000,9999.000,9999.000,9999.000,9999.000,9999.000
202608070542,   7.874,9999.000,9999.000,9999.000,9999.000,9999.000,9999.000,9999.000,9999.000
202608070548,   7.852,9999.000,9999.000,9999.000,9999.000,9999.000,9999.000,9999.000,9999.000
202608070554,   7.826,9999.000,9999.000,9999.000,9999.000,9999.000,9999.000,9999.000,9999.000
202608070600,   7.794,9999.000,   0.300,  -0.048,   8.046,   0.300,   8.046,   0.300,   8.046
202608070606,   7.758,9999.000,9999.000,9999.000,9999.000,9999.000,9999.000,9999.000,9999.000
202608070612,   7.717,9999.000,9999.000,9999.000,9999.000,9999.000,9999.000,9999.000,9999.000
202608070618,   7.671,9999.000,9999.000,9999.000,9999.000,9999.000,9999.000,9999.000,9999.000
202608070624,   7.620,9999.000,9999.000,9999.000,9999.000,9999.000,9999.000,9999.000,9999.000
202608070630,   7.564,9999.000,9999.000,9999.000,9999.000,9999.000,9999.000,9999.000,9999.000
202608070636,   7.503,9999.000,9999.000,9999.000,9999.000,9999.000,9999.000,9999.000,9999.000
202608070642,   7.438,9999.000,9999.000,9999.000,9999.000,9999.000,9999.000,9999.000,9999.000
202608070648,   7.367,9999.000,9999.000,9999.000,9999.000,9999.000,9999.000,9999.000,9999.000
202608070654,   7.292,9999.000,9999.000,9999.000,9999.000,9999.000,9999.000,9999.000,9999.000
202608070700,   7.212,9999.000,   0.300,  -0.048,   7.464,   0.200,   7.364,   0.300,   7.464
202608070706,   7.127,9999.000,9999.000,9999.000,9999.000,9999.000,9999.000,9999.000,9999.000
202608070712,   7.038,9999.000,9999.000,9999.000,9999.000,9999.000,9999.000,9999.000,9999.000
202608070718,   6.943,9999.000,9999.000,9999.000,9999.000,9999.000,9999.000,9999.000,9999.000
202608070724,   6.845,9999.000,9999.000,9999.000,9999.000,9999.000,9999.000,9999.000,9999.000
202608070730,   6.741,9999.000,9999.000,9999.000,9999.000,9999.000,9999.000,9999.000,9999.000
202608070736,   6.634,9999.000,9999.000,9999.000,9999.000,9999.000,9999.000,9999.000,9999.000
202608070742,   6.522,9999.000,9999.000,9999.000,9999.000,9999.000,9999.000,9999.000,9999.000
202608070748,   6.405,9999.000,9999.000,9999.000,9999.000,9999.000,9999.000,9999.000,9999.000
202608070754,   6.285,9999.000,9999.000,9999.000,9999.000,9999.000,9999.000,9999.000,9999.000
202608070800,   6.160,9999.000,   0.200,  -0.048,   6.312,   0.200,   6.312,   0.200,   6.312
202608070806,   6.031,9999.000,9999.000,9999.000,9999.000,9999.000,9999.000,9999.000,9999.000
202608070812,   5.899,9999.000,9999.000,9999.000,9999.000,9999.000,9999.000,9999.000,9999.000
202608070818,   5.763,9999.000,9999.000,9999.000,9999.000,9999.000,9999.000,9999.000,9999.000
202608070824,   5.623,9999.000,9999.000,9999.000,9999.000,9999.000,9999.000,9999.000,9999.000
202608070830,   5.480,9999.000,9999.000,9999.000,9999.000,9999.000,9999.000,9999.000,9999.000
202608070836,   5.333,9999.000,9999.000,9999.000,9999.000,9999.000,9999.000,9999.000,9999.000
202608070842,   5.184,9999.000,9999.000,9999.000,9999.000,9999.000,9999.000,9999.000,9999.000
202608070848,   5.031,9999.000,9999.000,9999.000,9999.000,9999.000,9999.000,9999.000,9999.000
202608070854,   4.876,9999.000,9999.000,9999.000,9999.000,9999.000,9999.000,9999.000,9999.000
202608070900,   4.718,9999.000,   0.200,  -0.048,   4.870,   0.200,   4.870,   0.300,   4.970
202608070906,   4.558,9999.000,9999.000,9999.000,9999.000,9999.000,9999.000,9999.000,9999.000
202608070912,   4.396,9999.000,9999.000,9999.000,9999.000,9999.000,9999.000,9999.000,9999.000
202608070918,   4.232,9999.000,9999.000,9999.000,9999.000,9999.000,9999.000,9999.000,9999.000
202608070924,   4.066,9999.000,9999.000,9999.000,9999.000,9999.000,9999.000,9999.000,9999.000
202608070930,   3.899,9999.000,9999.000,9999.000,9999.000,9999.000,9999.000,9999.000,9999.000
202608070936,   3.730,9999.000,9999.000,9999.000,9999.000,9999.000,9999.000,9999.000,9999.000
202608070942,   3.561,9999.000,9999.000,9999.000,9999.000,9999.000,9999.000,9999.000,9999.000
202608070948,   3.391,9999.000,9999.000,9999.000,9999.000,9999.000,9999.000,9999.000,9999.000
202608070954,   3.221,9999.000,9999.000,9999.000,9999.000,9999.000,9999.000,9999.000,9999.000
202608071000,   3.050,9999.000,   0.200,  -0.048,   3.202,   0.200,   3.202,   0.300,   3.302
202608071006,   2.880,9999.000,9999.000,9999.000,9999.000,9999.000,9999.000,9999.000,9999.000
202608071012,   2.710,9999.000,9999.000,9999.000,9999.000,9999.000,9999.000,9999.000,9999.000
202608071018,   2.540,9999.000,9999.000,9999.000,9999.000,9999.000,9999.000,9999.000,9999.000
202608071024,   2.372,9999.000,9999.000,9999.000,9999.000,9999.000,9999.000,9999.000,9999.000
202608071030,   2.205,9999.000,9999.000,9999.000,9999.000,9999.000,9999.000,9999.000,9999.000
202608071036,   2.040,9999.000,9999.000,9999.000,9999.000,9999.000,9999.000,9999.000,9999.000
202608071042,   1.877,9999.000,9999.000,9999.000,9999.000,9999.000,9999.000,9999.000,9999.000
202608071048,   1.716,9999.000,9999.000,9999.000,9999.000,9999.000,9999.000,9999.000,9999.000
202608071054,   1.558,9999.000,9999.000,9999.000,9999.000,9999.000,9999.000,9999.000,9999.000
202608071100,   1.403,9999.000,   0.200,  -0.048,   1.555,   0.200,   1.555,   0.300,   1.655
202608071106,   1.251,9999.000,9999.000,9999.000,9999.000,9999.000,9999.000,9999.000,9999.000
202608071112,   1.103,9999.000,9999.000,9999.000,9999.000,9999.000,9999.000,9999.000,9999.000
202608071118,   0.959,9999.000,9999.000,9999.000,9999.000,9999.000,9999.000,9999.000,9999.000
202608071124,   0.819,9999.000,9999.000,9999.000,9999.000,9999.000,9999.000,9999.000,9999.000
202608071130,   0.683,9999.000,9999.000,9999.000,9999.000,9999.000,9999.000,9999.000,9999.000
202608071136,   0.553,9999.000,9999.000,9999.000,9999.000,9999.000,9999.000,9999.000,9999.000
202608071142,   0.428,9999.000,9999.000,9999.000,9999.000,9999.000,9999.000,9999.000,9999.000
202608071148,   0.308,9999.000,9999.000,9999.000,9999.000,9999.000,9999.000,9999.000,9999.000
202608071154,   0.194,9999.000,9999.000,9999.000,9999.000,9999.000,9999.000,9999.000,9999.000
202608071200,   0.086,9999.000,   0.200,  -0.048,   0.238,   0.200,   0.238,   0.300,   0.338
202608071206,  -0.015,9999.000,9999.000,9999.000,9999.000,9999.000,9999.000,9999.000,9999.000
202608071212,  -0.111,9999.000,9999.000,9999.000,9999.000,9999.000,9999.000,9999.000,9999.000
202608071218,  -0.200,9999.000,9999.000,9999.000,9999.000,9999.000,9999.000,9999.000,9999.000
202608071224,  -0.283,9999.000,9999.000,9999.000,9999.000,9999.000,9999.000,9999.000,9999.000
202608071230,  -0.358,9999.000,9999.000,9999.000,9999.000,9999.000,9999.000,9999.000,9999.000
202608071236,  -0.427,9999.000,9999.000,9999.000,9999.000,9999.000,9999.000,9999.000,9999.000
202608071242,  -0.489,9999.000,9999.000,9999.000,9999.000,9999.000,9999.000,9999.000,9999.000
202608071248,  -0.544,9999.000,9999.000,9999.000,9999.000,9999.000,9999.000,9999.000,9999.000
202608071254,  -0.592,9999.000,9999.000,9999.000,9999.000,9999.000,9999.000,9999.000,9999.000
202608071300,  -0.633,9999.000,   0.200,  -0.048,  -0.481,   0.100,  -0.581,   0.200,  -0.481
202608071306,  -0.668,9999.000,9999.000,9999.000,9999.000,9999.000,9999.000,9999.000,9999.000
202608071312,  -0.695,9999.000,9999.000,9999.000,9999.000,9999.000,9999.000,9999.000,9999.000
202608071318,  -0.716,9999.000,9999.000,9999.000,9999.000,9999.000,9999.000,9999.000,9999.000
202608071324,  -0.730,9999.000,9999.000,9999.000,9999.000,9999.000,9999.000,9999.000,9999.000
202608071330,  -0.738,9999.000,9999.000,9999.000,9999.000,9999.000,9999.000,9999.000,9999.000
202608071336,  -0.739,9999.000,9999.000,9999.000,9999.000,9999.000,9999.000,9999.000,9999.000
202608071342,  -0.734,9999.000,9999.000,9999.000,9999.000,9999.000,9999.000,9999.000,9999.000
202608071348,  -0.723,9999.000,9999.000,9999.000,9999.000,9999.000,9999.000,9999.000,9999.000
202608071354,  -0.706,9999.000,9999.000,9999.000,9999.000,9999.000,9999.000,9999.000,9999.000
202608071400,  -0.684,9999.000,   0.100,  -0.048,  -0.632,   0.100,  -0.632,   0.200,  -0.532
202608071406,  -0.655,9999.000,9999.000,9999.000,9999.000,9999.000,9999.000,9999.000,9999.000
202608071412,  -0.621,9999.000,9999.000,9999.000,9999.000,9999.000,9999.000,9999.000,9999.000
202608071418,  -0.582,9999.000,9999.000,9999.000,9999.000,9999.000,9999.000,9999.000,9999.000
202608071424,  -0.538,9999.000,9999.000,9999.000,9999.000,9999.000,9999.000,9999.000,9999.000
202608071430,  -0.489,9999.000,9999.000,9999.000,9999.000,9999.000,9999.000,9999.000,9999.000
202608071436,  -0.435,9999.000,9999.000,9999.000,9999.000,9999.000,9999.000,9999.000,9999.000
202608071442,  -0.376,9999.000,9999.000,9999.000,9999.000,9999.000,9999.000,9999.000,9999.000
202608071448,  -0.312,9999.000,9999.000,9999.000,9999.000,9999.000,9999.000,9999.000,9999.000
202608071454,  -0.244,9999.000,9999.000,9999.000,9999.000,9999.000,9999.000,9999.000,9999.000
202608071500,  -0.172,9999.000,   0.200,  -0.048,  -0.020,   0.100,  -0.120,   0.200,  -0.020
202608071506,  -0.096,9999.000,9999.000,9999.000,9999.000,9999.000,9999.000,9999.000,9999.000
202608071512,  -0.015,9999.000,9999.000,9999.000,9999.000,9999.000,9999.000,9999.000,9999.000
202608071518,   0.069,9999.000,9999.000,9999.000,9999.000,9999.000,9999.000,9999.000,9999.000
202608071524,   0.157,9999.000,9999.000,9999.000,9999.000,9999.000,9999.000,9999.000,9999.000
202608071530,   0.249,9999.000,9999.000,9999.000,9999.000,9999.000,9999.000,9999.000,9999.000
202608071536,   0.345,9999.000,9999.000,9999.000,9999.000,9999.000,9999.000,9999.000,9999.000
202608071542,   0.445,9999.000,9999.000,9999.000,9999.000,9999.000,9999.000,9999.000,9999.000
202608071548,   0.547,9999.000,9999.000,9999.000,9999.000,9999.000,9999.000,9999.000,9999.000
202608071554,   0.653,9999.000,9999.000,9999.000,9999.000,9999.000,9999.000,9999.000,9999.000
202608071600,   0.762,9999.000,   0.200,  -0.048,   0.914,   0.200,   0.914,   0.300,   1.014
202608071606,   0.874,9999.000,9999.000,9999.000,9999.000,9999.000,9999.000,9999.000,9999.000
202608071612,   0.988,9999.000,9999.000,9999.000,9999.000,9999.000,9999.000,9999.000,9999.000
202608071618,   1.105,9999.000,9999.000,9999.000,9999.000,9999.000,9999.000,9999.000,9999.000
202608071624,   1.224,9999.000,9999.000,9999.000,9999.000,9999.000,9999.000,9999.000,9999.000
202608071630,   1.345,9999.000,9999.000,9999.000,9999.000,9999.000,9999.000,9999.000,9999.000
202608071636,   1.468,9999.000,9999.000,9999.000,9999.000,9999.000,9999.000,9999.000,9999.000
202608071642,   1.593,9999.000,9999.000,9999.000,9999.000,9999.000,9999.000,9999.000,9999.000
202608071648,   1.719,9999.000,9999.000,9999.000,9999.000,9999.000,9999.000,9999.000,9999.000
202608071654,   1.846,9999.000,9999.000,9999.000,9999.000,9999.000,9999.000,9999.000,9999.000
202608071700,   1.974,9999.000,   0.200,  -0.048,   2.126,   0.100,   2.026,   0.200,   2.126
202608071706,   2.103,9999.000,9999.000,9999.000,9999.000,9999.000,9999.000,9999.000,9999.000
202608071712,   2.232,9999.000,9999.000,9999.000,9999.000,9999.000,9999.000,9999.000,9999.000
202608071718,   2.361,9999.000,9999.000,9999.000,9999.000,9999.000,9999.000,9999.000,9999.000
202608071724,   2.491,9999.000,9999.000,9999.000,9999.000,9999.000,9999.000,9999.000,9999.000
202608071730,   2.620,9999.000,9999.000,9999.000,9999.000,9999.000,9999.000,9999.000,9999.000
202608071736,   2.749,9999.000,9999.000,9999.000,9999.000,9999.000,9999.000,9999.000,9999.000
202608071742,   2.878,9999.000,9999.000,9999.000,9999.000,9999.000,9999.000,9999.000,9999.000
202608071748,   3.005,9999.000,9999.000,9999.000,9999.000,9999.000,9999.000,9999.000,9999.000
202608071754,   3.132,9999.000,9999.000,9999.000,9999.000,9999.000,9999.000,9999.000,9999.000
202608071800,   3.258,9999.000,   0.100,  -0.048,   3.310,   0.100,   3.310,   0.100,   3.310
202608071806,   3.382,9999.000,9999.000,9999.000,9999.000,9999.000,9999.000,9999.000,9999.000
202608071812,   3.505,9999.000,9999.000,9999.000,9999.000,9999.000,9999.000,9999.000,9999.000
202608071818,   3.627,9999.000,9999.000,9999.000,9999.000,9999.000,9999.000,9999.000,9999.000
202608071824,   3.746,9999.000,9999.000,9999.000,9999.000,9999.000,9999.000,9999.000,9999.000
202608071830,   3.865,9999.000,9999.000,9999.000,9999.000,9999.000,9999.000,9999.000,9999.000
202608071836,   3.981,9999.000,9999.000,9999.000,9999.000,9999.000,9999.000,9999.000,9999.000
202608071842,   4.096,9999.000,9999.000,9999.000,9999.000,9999.000,9999.000,9999.000,9999.000
202608071848,   4.209,9999.000,9999.000,9999.000,9999.000,9999.000,9999.000,9999.000,9999.000
202608071854,   4.319,9999.000,9999.000,9999.000,9999.000,9999.000,9999.000,9999.000,9999.000
202608071900,   4.428,9999.000,   0.100,  -0.048,   4.480,   0.100,   4.480,   0.100,   4.480
202608071906,   4.535,9999.000,9999.000,9999.000,9999.000,9999.000,9999.000,9999.000,9999.000
202608071912,   4.639,9999.000,9999.000,9999.000,9999.000,9999.000,9999.000,9999.000,9999.000
202608071918,   4.741,9999.000,9999.000,9999.000,9999.000,9999.000,9999.000,9999.000,9999.000
202608071924,   4.842,9999.000,9999.000,9999.000,9999.000,9999.000,9999.000,9999.000,9999.000
202608071930,   4.939,9999.000,9999.000,9999.000,9999.000,9999.000,9999.000,9999.000,9999.000
202608071936,   5.035,9999.000,9999.000,9999.000,9999.000,9999.000,9999.000,9999.000,9999.000
202608071942,   5.128,9999.000,9999.000,9999.000,9999.000,9999.000,9999.000,9999.000,9999.000
202608071948,   5.218,9999.000,9999.000,9999.000,9999.000,9999.000,9999.000,9999.000,9999.000
202608071954,   5.306,9999.000,9999.000,9999.000,9999.000,9999.000,9999.000,9999.000,9999.000
202608072000,   5.392,9999.000,   0.200,  -0.048,   5.544,   0.100,   5.444,   0.300,   5.644
202608072006,   5.475,9999.000,9999.000,9999.000,9999.000,9999.000,9999.000,9999.000,9999.000
202608072012,   5.555,9999.000,9999.000,9999.000,9999.000,9999.000,9999.000,9999.000,9999.000
202608072018,   5.633,9999.000,9999.000,9999.000,9999.000,9999.000,9999.000,9999.000,9999.000
202608072024,   5.708,9999.000,9999.000,9999.000,9999.000,9999.000,9999.000,9999.000,9999.000
202608072030,   5.781,9999.000,9999.000,9999.000,9999.000,9999.000,9999.000,9999.000,9999.000
202608072036,   5.850,9999.000,9999.000,9999.000,9999.000,9999.000,9999.000,9999.000,9999.000
202608072042,   5.917,9999.000,9999.000,9999.000,9999.000,9999.000,9999.000,9999.000,9999.000
202608072048,   5.981,9999.000,9999.000,9999.000,9999.000,9999.000,9999.000,9999.000,9999.000
202608072054,   6.042,9999.000,9999.000,9999.000,9999.000,9999.000,9999.000,9999.000,9999.000
202608072100,   6.101,9999.000,   0.300,  -0.048,   6.353,   0.200,   6.253,   0.300,   6.353
202608072106,   6.156,9999.000,9999.000,9999.000,9999.000,9999.000,9999.000,9999.000,9999.000
202608072112,   6.209,9999.000,9999.000,9999.000,9999.000,9999.000,9999.000,9999.000,9999.000
202608072118,   6.258,9999.000,9999.000,9999.000,9999.000,9999.000,9999.000,9999.000,9999.000
202608072124,   6.305,9999.000,9999.000,9999.000,9999.000,9999.000,9999.000,9999.000,9999.000
202608072130,   6.349,9999.000,9999.000,9999.000,9999.000,9999.000,9999.000,9999.000,9999.000
202608072136,   6.390,9999.000,9999.000,9999.000,9999.000,9999.000,9999.000,9999.000,9999.000
202608072142,   6.428,9999.000,9999.000,9999.000,9999.000,9999.000,9999.000,9999.000,9999.000
202608072148,   6.463,9999.000,9999.000,9999.000,9999.000,9999.000,9999.000,9999.000,9999.000
202608072154,   6.496,9999.000,9999.000,9999.000,9999.000,9999.000,9999.000,9999.000,9999.000
202608072200,   6.525,9999.000,   0.200,  -0.048,   6.677,   0.100,   6.577,   0.200,   6.677
202608072206,   6.552,9999.000,9999.000,9999.000,9999.000,9999.000,9999.000,9999.000,9999.000
202608072212,   6.577,9999.000,9999.000,9999.000,9999.000,9999.000,9999.000,9999.000,9999.000
202608072218,   6.599,9999.000,9999.000,9999.000,9999.000,9999.000,9999.000,9999.000,9999.000
202608072224,   6.618,9999.000,9999.000,9999.000,9999.000,9999.000,9999.000,9999.000,9999.000
202608072230,   6.635,9999.000,9999.000,9999.000,9999.000,9999.000,9999.000,9999.000,9999.000
202608072236,   6.650,9999.000,9999.000,9999.000,9999.000,9999.000,9999.000,9999.000,9999.000
202608072242,   6.663,9999.000,9999.000,9999.000,9999.000,9999.000,9999.000,9999.000,9999.000
202608072248,   6.674,9999.000,9999.000,9999.000,9999.000,9999.000,9999.000,9999.000,9999.000
202608072254,   6.683,9999.000,9999.000,9999.000,9999.000,9999.000,9999.000,9999.000,9999.000
202608072300,   6.691,9999.000,   0.100,  -0.048,   6.743,   0.100,   6.743,   0.100,   6.743
202608072306,   6.697,9999.000,9999.000,9999.000,9999.000,9999.000,9999.000,9999.000,9999.000
202608072312,   6.701,9999.000,9999.000,9999.000,9999.000,9999.000,9999.000,9999.000,9999.000
202608072318,   6.705,9999.000,9999.000,9999.000,9999.000,9999.000,9999.000,9999.000,9999.000
202608072324,   6.707,9999.000,9999.000,9999.000,9999.000,9999.000,9999.000,9999.000,9999.000
202608072330,   6.709,9999.000,9999.000,9999.000,9999.000,9999.000,9999.000,9999.000,9999.000
202608072336,   6.710,9999.000,9999.000,9999.000,9999.000,9999.000,9999.000,9999.000,9999.000
202608072342,   6.711,9999.000,9999.000,9999.000,9999.000,9999.000,9999.000,9999.000,9999.000
202608072348,   6.712,9999.000,9999.000,9999.000,9999.000,9999.000,9999.000,9999.000,9999.000
202608072354,   6.713,9999.000,9999.000,9999.000,9999.000,9999.000,9999.000,9999.000,9999.000
202608080000,   6.714,9999.000,   0.200,  -0.048,   6.866,   0.100,   6.766,   0.200,   6.866
202608080006,   6.716,9999.000,9999.000,9999.000,9999.000,9999.000,9999.000,9999.000,9999.000
202608080012,   6.718,9999.000,9999.000,9999.000,9999.000,9999.000,9999.000,9999.000,9999.000
202608080018,   6.721,9999.000,9999.000,9999.000,9999.000,9999.000,9999.000,9999.000,9999.000
202608080024,   6.725,9999.000,9999.000,9999.000,9999.000,9999.000,9999.000,9999.000,9999.000
202608080030,   6.730,9999.000,9999.000,9999.000,9999.000,9999.000,9999.000,9999.000,9999.000
202608080036,   6.737,9999.000,9999.000,9999.000,9999.000,9999.000,9999.000,9999.000,9999.000
202608080042,   6.744,9999.000,9999.000,9999.000,9999.000,9999.000,9999.000,9999.000,9999.000
202608080048,   6.754,9999.000,9999.000,9999.000,9999.000,9999.000,9999.000,9999.000,9999.000
202608080054,   6.764,9999.000,9999.000,9999.000,9999.000,9999.000,9999.000,9999.000,9999.000
202608080100,   6.777,9999.000,   0.200,  -0.048,   6.929,   0.200,   6.929,   0.300,   7.029
202608080106,   6.791,9999.000,9999.000,9999.000,9999.000,9999.000,9999.000,9999.000,9999.000
202608080112,   6.806,9999.000,9999.000,9999.000,9999.000,9999.000,9999.000,9999.000,9999.000
202608080118,   6.824,9999.000,9999.000,9999.000,9999.000,9999.000,9999.000,9999.000,9999.000
202608080124,   6.843,9999.000,9999.000,9999.000,9999.000,9999.000,9999.000,9999.000,9999.000
202608080130,   6.863,9999.000,9999.000,9999.000,9999.000,9999.000,9999.000,9999.000,9999.000
202608080136,   6.885,9999.000,9999.000,9999.000,9999.000,9999.000,9999.000,9999.000,9999.000
202608080142,   6.908,9999.000,9999.000,9999.000,9999.000,9999.000,9999.000,9999.000,9999.000
202608080148,   6.933,9999.000,9999.000,9999.000,9999.000,9999.000,9999.000,9999.000,9999.000
202608080154,   6.959,9999.000,9999.000,9999.000,9999.000,9999.000,9999.000,9999.000,9999.000
202608080200,   6.986,9999.000,   0.200,  -0.048,   7.138,   0.200,   7.138,   0.300,   7.238
202608080206,   7.014,9999.000,9999.000,9999.000,9999.000,9999.000,9999.000,9999.000,9999.000
202608080212,   7.044,9999.000,9999.000,9999.000,9999.000,9999.000,9999.000,9999.000,9999.000
202608080218,   7.074,9999.000,9999.000,9999.000,9999.000,9999.000,9999.000,9999.000,9999.000
202608080224,   7.104,9999.000,9999.000,9999.000,9999.000,9999.000,9999.000,9999.000,9999.000
202608080230,   7.136,9999.000,9999.000,9999.000,9999.000,9999.000,9999.000,9999.000,9999.000
202608080236,   7.168,9999.000,9999.000,9999.000,9999.000,9999.000,9999.000,9999.000,9999.000
202608080242,   7.200,9999.000,9999.000,9999.000,9999.000,9999.000,9999.000,9999.000,9999.000
202608080248,   7.233,9999.000,9999.000,9999.000,9999.000,9999.000,9999.000,9999.000,9999.000
202608080254,   7.266,9999.000,9999.000,9999.000,9999.000,9999.000,9999.000,9999.000,9999.000
202608080300,   7.299,9999.000,   0.100,  -0.048,   7.351,   0.100,   7.351,   0.200,   7.451
202608080306,   7.332,9999.000,9999.000,9999.000,9999.000,9999.000,9999.000,9999.000,9999.000
202608080312,   7.365,9999.000,9999.000,9999.000,9999.000,9999.000,9999.000,9999.000,9999.000
202608080318,   7.399,9999.000,9999.000,9999.000,9999.000,9999.000,9999.000,9999.000,9999.000
202608080324,   7.432,9999.000,9999.000,9999.000,9999.000,9999.000,9999.000,9999.000,9999.000
202608080330,   7.465,9999.000,9999.000,9999.000,9999.000,9999.000,9999.000,9999.000,9999.000
202608080336,   7.498,9999.000,9999.000,9999.000,9999.000,9999.000,9999.000,9999.000,9999.000
202608080342,   7.531,9999.000,9999.000,9999.000,9999.000,9999.000,9999.000,9999.000,9999.000
202608080348,   7.564,9999.000,9999.000,9999.000,9999.000,9999.000,9999.000,9999.000,9999.000
202608080354,   7.596,9999.000,9999.000,9999.000,9999.000,9999.000,9999.000,9999.000,9999.000
202608080400,   7.628,9999.000,   0.100,  -0.048,   7.680,   0.100,   7.680,   0.100,   7.680
202608080406,   7.660,9999.000,9999.000,9999.000,9999.000,9999.000,9999.000,9999.000,9999.000
202608080412,   7.691,9999.000,9999.000,9999.000,9999.000,9999.000,9999.000,9999.000,9999.000
202608080418,   7.721,9999.000,9999.000,9999.000,9999.000,9999.000,9999.000,9999.000,9999.000
202608080424,   7.750,9999.000,9999.000,9999.000,9999.000,9999.000,9999.000,9999.000,9999.000
202608080430,   7.779,9999.000,9999.000,9999.000,9999.000,9999.000,9999.000,9999.000,9999.000
202608080436,   7.807,9999.000,9999.000,9999.000,9999.000,9999.000,9999.000,9999.000,9999.000
202608080442,   7.834,9999.000,9999.000,9999.000,9999.000,9999.000,9999.000,9999.000,9999.000
202608080448,   7.859,9999.000,9999.000,9999.000,9999.000,9999.000,9999.000,9999.000,9999.000
202608080454,   7.883,9999.000,9999.000,9999.000,9999.000,9999.000,9999.000,9999.000,9999.000
202608080500,   7.905,9999.000,   0.100,  -0.048,   7.957,   0.100,   7.957,   0.200,   8.057
202608080506,   7.925,9999.000,9999.000,9999.000,9999.000,9999.000,9999.000,9999.000,9999.000
202608080512,   7.944,9999.000,9999.000,9999.000,9999.000,9999.000,9999.000,9999.000,9999.000
202608080518,   7.960,9999.000,9999.000,9999.000,9999.000,9999.000,9999.000,9999.000,9999.000
202608080524,   7.974,9999.000,9999.000,9999.000,9999.000,9999.000,9999.000,9999.000,9999.000
202608080530,   7.985,9999.000,9999.000,9999.000,9999.000,9999.000,9999.000,9999.000,9999.000
202608080536,   7.993,9999.000,9999.000,9999.000,9999.000,9999.000,9999.000,9999.000,9999.000
202608080542,   7.999,9999.000,9999.000,9999.000,9999.000,9999.000,9999.000,9999.000,9999.000
202608080548,   8.001,9999.000,9999.000,9999.000,9999.000,9999.000,9999.000,9999.000,9999.000
202608080554,   8.000,9999.000,9999.000,9999.000,9999.000,9999.000,9999.000,9999.000,9999.000
202608080600,   7.995,9999.000,   0.200,  -0.048,   8.147,   0.100,   8.047,   0.200,   8.147
202608080606,   7.986,9999.000,9999.000,9999.000,9999.000,9999.000,9999.000,9999.000,9999.000
202608080612,   7.974,9999.000,9999.000,9999.000,9999.000,9999.000,9999.000,9999.000,9999.000
202608080618,   7.958,9999.000,9999.000,9999.000,9999.000,9999.000,9999.000,9999.000,9999.000
202608080624,   7.938,9999.000,9999.000,9999.000,9999.000,9999.000,9999.000,9999.000,9999.000
202608080630,   7.913,9999.000,9999.000,9999.000,9999.000,9999.000,9999.000,9999.000,9999.000
202608080636,   7.884,9999.000,9999.000,9999.000,9999.000,9999.000,9999.000,9999.000,9999.000
202608080642,   7.851,9999.000,9999.000,9999.000,9999.000,9999.000,9999.000,9999.000,9999.000
202608080648,   7.813,9999.000,9999.000,9999.000,9999.000,9999.000,9999.000,9999.000,9999.000
202608080654,   7.771,9999.000,9999.000,9999.000,9999.000,9999.000,9999.000,9999.000,9999.000
202608080700,   7.724,9999.000,   0.100,  -0.048,   7.776,   0.100,   7.776,   0.200,   7.876
202608080706,   7.673,9999.000,9999.000,9999.000,9999.000,9999.000,9999.000,9999.000,9999.000
202608080712,   7.617,9999.000,9999.000,9999.000,9999.000,9999.000,9999.000,9999.000,9999.000
202608080718,   7.557,9999.000,9999.000,9999.000,9999.000,9999.000,9999.000,9999.000,9999.000
202608080724,   7.492,9999.000,9999.000,9999.000,9999.000,9999.000,9999.000,9999.000,9999.000
202608080730,   7.422,9999.000,9999.000,9999.000,9999.000,9999.000,9999.000,9999.000,9999.000
202608080736,   7.348,9999.000,9999.000,9999.000,9999.000,9999.000,9999.000,9999.000,9999.000
202608080742,   7.270,9999.000,9999.000,9999.000,9999.000,9999.000,9999.000,9999.000,9999.000
202608080748,   7.186,9999.000,9999.000,9999.000,9999.000,9999.000,9999.000,9999.000,9999.000
202608080754,   7.099,9999.000,9999.000,9999.000,9999.000,9999.000,9999.000,9999.000,9999.000
202608080800,   7.007,9999.000,   0.100,  -0.048,   7.059,   0.000,   6.959,   0.100,   7.059
202608080806,   6.910,9999.000,9999.000,9999.000,9999.000,9999.000,9999.000,9999.000,9999.000
202608080812,   6.809,9999.000,9999.000,9999.000,9999.000,9999.000,9999.000,9999.000,9999.000
202608080818,   6.704,9999.000,9999.000,9999.000,9999.000,9999.000,9999.000,9999.000,9999.000
202608080824,   6.594,9999.000,9999.000,9999.000,9999.000,9999.000,9999.000,9999.000,9999.000
202608080830,   6.481,9999.000,9999.000,9999.000,9999.000,9999.000,9999.000,9999.000,9999.000
202608080836,   6.363,9999.000,9999.000,9999.000,9999.000,9999.000,9999.000,9999.000,9999.000
202608080842,   6.240,9999.000,9999.000,9999.000,9999.000,9999.000,9999.000,9999.000,9999.000
202608080848,   6.114,9999.000,9999.000,9999.000,9999.000,9999.000,9999.000,9999.000,9999.000
202608080854,   5.984,9999.000,9999.000,9999.000,9999.000,9999.000,9999.000,9999.000,9999.000
202608080900,   5.850,9999.000,   0.100,  -0.048,   5.902,   0.000,   5.802,   0.100,   5.902
202608080906,   5.712,9999.000,9999.000,9999.000,9999.000,9999.000,9999.000,9999.000,9999.000
202608080912,   5.571,9999.000,9999.000,9999.000,9999.000,9999.000,9999.000,9999.000,9999.000
202608080918,   5.425,9999.000,9999.000,9999.000,9999.000,9999.000,9999.000,9999.000,9999.000
202608080924,   5.277,9999.000,9999.000,9999.000,9999.000,9999.000,9999.000,9999.000,9999.000
202608080930,   5.124,9999.000,9999.000,9999.000,9999.000,9999.000,9999.000,9999.000,9999.000
202608080936,   4.969,9999.000,9999.000,9999.000,9999.000,9999.000,9999.000,9999.000,9999.000
202608080942,   4.811,9999.000,9999.000,9999.000,9999.000,9999.000,9999.000,9999.000,9999.000
202608080948,   4.649,9999.000,9999.000,9999.000,9999.000,9999.000,9999.000,9999.000,9999.000
202608080954,   4.485,9999.000,9999.000,9999.000,9999.000,9999.000,9999.000,9999.000,9999.000
202608081000,   4.318,9999.000,   0.100,  -0.048,   4.370,   0.000,   4.270,   0.100,   4.370
202608081006,   4.148,9999.000,9999.000,9999.000,9999.000,9999.000,9999.000,9999.000,9999.000
202608081012,   3.977,9999.000,9999.000,9999.000,9999.000,9999.000,9999.000,9999.000,9999.000
202608081018,   3.803,9999.000,9999.000,9999.000,9999.000,9999.000,9999.000,9999.000,9999.000
202608081024,   3.628,9999.000,9999.000,9999.000,9999.000,9999.000,9999.000,9999.000,9999.000
202608081030,   3.451,9999.000,9999.000,9999.000,9999.000,9999.000,9999.000,9999.000,9999.000
202608081036,   3.272,9999.000,9999.000,9999.000,9999.000,9999.000,9999.000,9999.000,9999.000
202608081042,   3.093,9999.000,9999.000,9999.000,9999.000,9999.000,9999.000,9999.000,9999.000
202608081048,   2.913,9999.000,9999.000,9999.000,9999.000,9999.000,9999.000,9999.000,9999.000
202608081054,   2.732,9999.000,9999.000,9999.000,9999.000,9999.000,9999.000,9999.000,9999.000
202608081100,   2.552,9999.000,   0.100,  -0.048,   2.604,   0.100,   2.604,   0.200,   2.704
202608081106,   2.371,9999.000,9999.000,9999.000,9999.000,9999.000,9999.000,9999.000,9999.000
202608081112,   2.191,9999.000,9999.000,9999.000,9999.000,9999.000,9999.000,9999.000,9999.000
202608081118,   2.011,9999.000,9999.000,9999.000,9999.000,9999.000,9999.000,9999.000,9999.000
202608081124,   1.833,9999.000,9999.000,9999.000,9999.000,9999.000,9999.000,9999.000,9999.000
202608081130,   1.657,9999.000,9999.000,9999.000,9999.000,9999.000,9999.000,9999.000,9999.000
202608081136,   1.482,9999.000,9999.000,9999.000,9999.000,9999.000,9999.000,9999.000,9999.000
202608081142,   1.309,9999.000,9999.000,9999.000,9999.000,9999.000,9999.000,9999.000,9999.000
202608081148,   1.139,9999.000,9999.000,9999.000,9999.000,9999.000,9999.000,9999.000,9999.000
202608081154,   0.972,9999.000,9999.000,9999.000,9999.000,9999.000,9999.000,9999.000,9999.000
202608081200,   0.808,9999.000,   0.100,  -0.048,   0.860,   0.100,   0.860,   0.200,   0.960
202608081206,   0.648,9999.000,9999.000,9999.000,9999.000,9999.000,9999.000,9999.000,9999.000
202608081212,   0.491,9999.000,9999.000,9999.000,9999.000,9999.000,9999.000,9999.000,9999.000
202608081218,   0.340,9999.000,9999.000,9999.000,9999.000,9999.000,9999.000,9999.000,9999.000
202608081224,   0.192,9999.000,9999.000,9999.000,9999.000,9999.000,9999.000,9999.000,9999.000
202608081230,   0.050,9999.000,9999.000,9999.000,9999.000,9999.000,9999.000,9999.000,9999.000
202608081236,  -0.085,9999.000,9999.000,9999.000,9999.000,9999.000,9999.000,9999.000,9999.000
202608081242,  -0.217,9999.000,9999.000,9999.000,9999.000,9999.000,9999.000,9999.000,9999.000
202608081248,  -0.342,9999.000,9999.000,9999.000,9999.000,9999.000,9999.000,9999.000,9999.000
202608081254,  -0.461,9999.000,9999.000,9999.000,9999.000,9999.000,9999.000,9999.000,9999.000
202608081300,  -0.573,9999.000,   0.100,  -0.048,  -0.521,   0.000,  -0.621,   0.200,  -0.421
202608081306,  -0.679,9999.000,9999.000,9999.000,9999.000,9999.000,9999.000,9999.000,9999.000
202608081312,  -0.779,9999.000,9999.000,9999.000,9999.000,9999.000,9999.000,9999.000,9999.000
202608081318,  -0.871,9999.000,9999.000,9999.000,9999.000,9999.000,9999.000,9999.000,9999.000
202608081324,  -0.956,9999.000,9999.000,9999.000,9999.000,9999.000,9999.000,9999.000,9999.000
202608081330,  -1.034,9999.000,9999.000,9999.000,9999.000,9999.000,9999.000,9999.000,9999.000
202608081336,  -1.105,9999.000,9999.000,9999.000,9999.000,9999.000,9999.000,9999.000,9999.000
202608081342,  -1.168,9999.000,9999.000,9999.000,9999.000,9999.000,9999.000,9999.000,9999.000
202608081348,  -1.224,9999.000,9999.000,9999.000,9999.000,9999.000,9999.000,9999.000,9999.000
202608081354,  -1.273,9999.000,9999.000,9999.000,9999.000,9999.000,9999.000,9999.000,9999.000
202608081400,  -1.315,9999.000,   0.000,  -0.048,  -1.363,   0.000,  -1.363,   0.100,  -1.263
202608081406,  -1.349,9999.000,9999.000,9999.000,9999.000,9999.000,9999.000,9999.000,9999.000
202608081412,  -1.377,9999.000,9999.000,9999.000,9999.000,9999.000,9999.000,9999.000,9999.000
202608081418,  -1.397,9999.000,9999.000,9999.000,9999.000,9999.000,9999.000,9999.000,9999.000
202608081424,  -1.410,9999.000,9999.000,9999.000,9999.000,9999.000,9999.000,9999.000,9999.000
202608081430,  -1.416,9999.000,9999.000,9999.000,9999.000,9999.000,9999.000,9999.000,9999.000
202608081436,  -1.416,9999.000,9999.000,9999.000,9999.000,9999.000,9999.000,9999.000,9999.000
202608081442,  -1.409,9999.000,9999.000,9999.000,9999.000,9999.000,9999.000,9999.000,9999.000
202608081448,  -1.395,9999.000,9999.000,9999.000,9999.000,9999.000,9999.000,9999.000,9999.000
202608081454,  -1.375,9999.000,9999.000,9999.000,9999.000,9999.000,9999.000,9999.000,9999.000
202608081500,  -1.349,9999.000,   0.100,  -0.048,  -1.297,   0.000,  -1.397,   0.100,  -1.297
202608081506,  -1.317,9999.000,9999.000,9999.000,9999.000,9999.000,9999.000,9999.000,9999.000
202608081512,  -1.279,9999.000,9999.000,9999.000,9999.000,9999.000,9999.000,9999.000,9999.000
202608081518,  -1.234,9999.000,9999.000,9999.000,9999.000,9999.000,9999.000,9999.000,9999.000
202608081524,  -1.184,9999.000,9999.000,9999.000,9999.000,9999.000,9999.000,9999.000,9999.000
202608081530,  -1.129,9999.000,9999.000,9999.000,9999.000,9999.000,9999.000,9999.000,9999.000
202608081536,  -1.068,9999.000,9999.000,9999.000,9999.000,9999.000,9999.000,9999.000,9999.000
202608081542,  -1.001,9999.000,9999.000,9999.000,9999.000,9999.000,9999.000,9999.000,9999.000
202608081548,  -0.929,9999.000,9999.000,9999.000,9999.000,9999.000,9999.000,9999.000,9999.000
202608081554,  -0.852,9999.000,9999.000,9999.000,9999.000,9999.000,9999.000,9999.000,9999.000
202608081600,  -0.770,9999.000,   0.200,  -0.048,  -0.618,   0.100,  -0.718,   0.200,  -0.618
202608081606,  -0.683,9999.000,9999.000,9999.000,9999.000,9999.000,9999.000,9999.000,9999.000
202608081612,  -0.591,9999.000,9999.000,9999.000,9999.000,9999.000,9999.000,9999.000,9999.000
202608081618,  -0.494,9999.000,9999.000,9999.000,9999.000,9999.000,9999.000,9999.000,9999.000
202608081624,  -0.393,9999.000,9999.000,9999.000,9999.000,9999.000,9999.000,9999.000,9999.000
202608081630,  -0.288,9999.000,9999.000,9999.000,9999.000,9999.000,9999.000,9999.000,9999.000
202608081636,  -0.178,9999.000,9999.000,9999.000,9999.000,9999.000,9999.000,9999.000,9999.000
202608081642,  -0.063,9999.000,9999.000,9999.000,9999.000,9999.000,9999.000,9999.000,9999.000
202608081648,   0.054,9999.000,9999.000,9999.000,9999.000,9999.000,9999.000,9999.000,9999.000
202608081654,   0.175,9999.000,9999.000,9999.000,9999.000,9999.000,9999.000,9999.000,9999.000
202608081700,   0.301,9999.000,   0.200,  -0.048,   0.453,   0.100,   0.353,   0.200,   0.453
202608081706,   0.429,9999.000,9999.000,9999.000,9999.000,9999.000,9999.000,9999.000,9999.000
202608081712,   0.561,9999.000,9999.000,9999.000,9999.000,9999.000,9999.000,9999.000,9999.000
202608081718,   0.696,9999.000,9999.000,9999.000,9999.000,9999.000,9999.000,9999.000,9999.000
202608081724,   0.833,9999.000,9999.000,9999.000,9999.000,9999.000,9999.000,9999.000,9999.000
202608081730,   0.973,9999.000,9999.000,9999.000,9999.000,9999.000,9999.000,9999.000,9999.000
202608081736,   1.114,9999.000,9999.000,9999.000,9999.000,9999.000,9999.000,9999.000,9999.000
202608081742,   1.258,9999.000,9999.000,9999.000,9999.000,9999.000,9999.000,9999.000,9999.000
202608081748,   1.403,9999.000,9999.000,9999.000,9999.000,9999.000,9999.000,9999.000,9999.000
202608081754,   1.550,9999.000,9999.000,9999.000,9999.000,9999.000,9999.000,9999.000,9999.000
202608081800,   1.698,9999.000,   0.100,  -0.048,   1.750,   0.000,   1.650,   0.100,   1.750
202608081806,   1.846,9999.000,9999.000,9999.000,9999.000,9999.000,9999.000,9999.000,9999.000
202608081812,   1.996,9999.000,9999.000,9999.000,9999.000,9999.000,9999.000,9999.000,9999.000
202608081818,   2.145,9999.000,9999.000,9999.000,9999.000,9999.000,9999.000,9999.000,9999.000
202608081824,   2.295,9999.000,9999.000,9999.000,9999.000,9999.000,9999.000,9999.000,9999.000
202608081830,   2.445,9999.000,9999.000,9999.000,9999.000,9999.000,9999.000,9999.000,9999.000
202608081836,   2.594,9999.000,9999.000,9999.000,9999.000,9999.000,9999.000,9999.000,9999.000
202608081842,   2.743,9999.000,9999.000,9999.000,9999.000,9999.000,9999.000,9999.000,9999.000
202608081848,   2.892,9999.000,9999.000,9999.000,9999.000,9999.000,9999.000,9999.000,9999.000
202608081854,   3.039,9999.000,9999.000,9999.000,9999.000,9999.000,9999.000,9999.000,9999.000
202608081900,   3.186,9999.000,   0.100,  -0.048,   3.238,   0.000,   3.138,   0.100,   3.238
202608081906,   3.332,9999.000,9999.000,9999.000,9999.000,9999.000,9999.000,9999.000,9999.000
202608081912,   3.476,9999.000,9999.000,9999.000,9999.000,9999.000,9999.000,9999.000,9999.000
202608081918,   3.620,9999.000,9999.000,9999.000,9999.000,9999.000,9999.000,9999.000,9999.000
202608081924,   3.761,9999.000,9999.000,9999.000,9999.000,9999.000,9999.000,9999.000,9999.000
202608081930,   3.902,9999.000,9999.000,9999.000,9999.000,9999.000,9999.000,9999.000,9999.000
202608081936,   4.041,9999.000,9999.000,9999.000,9999.000,9999.000,9999.000,9999.000,9999.000
202608081942,   4.178,9999.000,9999.000,9999.000,9999.000,9999.000,9999.000,9999.000,9999.000
202608081948,   4.313,9999.000,9999.000,9999.000,9999.000,9999.000,9999.000,9999.000,9999.000
202608081954,   4.447,9999.000,9999.000,9999.000,9999.000,9999.000,9999.000,9999.000,9999.000
202608082000,   4.578,9999.000,   0.100,  -0.048,   4.630,   0.100,   4.630,   0.200,   4.730
202608082006,   4.708,9999.000,9999.000,9999.000,9999.000,9999.000,9999.000,9999.000,9999.000
202608082012,   4.836,9999.000,9999.000,9999.000,9999.000,9999.000,9999.000,9999.000,9999.000
202608082018,   4.961,9999.000,9999.000,9999.000,9999.000,9999.000,9999.000,9999.000,9999.000
202608082024,   5.084,9999.000,9999.000,9999.000,9999.000,9999.000,9999.000,9999.000,9999.000
202608082030,   5.205,9999.000,9999.000,9999.000,9999.000,9999.000,9999.000,9999.000,9999.000
202608082036,   5.324,9999.000,9999.000,9999.000,9999.000,9999.000,9999.000,9999.000,9999.000
202608082042,   5.440,9999.000,9999.000,9999.000,9999.000,9999.000,9999.000,9999.000,9999.000
202608082048,   5.553,9999.000,9999.000,9999.000,9999.000,9999.000,9999.000,9999.000,9999.000
202608082054,   5.664,9999.000,9999.000,9999.000,9999.000,9999.000,9999.000,9999.000,9999.000
202608082100,   5.772,9999.000,   0.200,  -0.048,   5.924,   0.200,   5.924,   0.300,   6.024
202608082106,   5.876,9999.000,9999.000,9999.000,9999.000,9999.000,9999.000,9999.000,9999.000
202608082112,   5.978,9999.000,9999.000,9999.000,9999.000,9999.000,9999.000,9999.000,9999.000
202608082118,   6.077,9999.000,9999.000,9999.000,9999.000,9999.000,9999.000,9999.000,9999.000
202608082124,   6.173,9999.000,9999.000,9999.000,9999.000,9999.000,9999.000,9999.000,9999.000
202608082130,   6.265,9999.000,9999.000,9999.000,9999.000,9999.000,9999.000,9999.000,9999.000
202608082136,   6.354,9999.000,9999.000,9999.000,9999.000,9999.000,9999.000,9999.000,9999.000
202608082142,   6.439,9999.000,9999.000,9999.000,9999.000,9999.000,9999.000,9999.000,9999.000
202608082148,   6.521,9999.000,9999.000,9999.000,9999.000,9999.000,9999.000,9999.000,9999.000
202608082154,   6.599,9999.000,9999.000,9999.000,9999.000,9999.000,9999.000,9999.000,9999.000
202608082200,   6.673,9999.000,   0.100,  -0.048,   6.725,   0.100,   6.725,   0.200,   6.825
202608082206,   6.744,9999.000,9999.000,9999.000,9999.000,9999.000,9999.000,9999.000,9999.000
202608082212,   6.810,9999.000,9999.000,9999.000,9999.000,9999.000,9999.000,9999.000,9999.000
202608082218,   6.873,9999.000,9999.000,9999.000,9999.000,9999.000,9999.000,9999.000,9999.000
202608082224,   6.932,9999.000,9999.000,9999.000,9999.000,9999.000,9999.000,9999.000,9999.000
202608082230,   6.987,9999.000,9999.000,9999.000,9999.000,9999.000,9999.000,9999.000,9999.000
202608082236,   7.038,9999.000,9999.000,9999.000,9999.000,9999.000,9999.000,9999.000,9999.000
202608082242,   7.085,9999.000,9999.000,9999.000,9999.000,9999.000,9999.000,9999.000,9999.000
202608082248,   7.128,9999.000,9999.000,9999.000,9999.000,9999.000,9999.000,9999.000,9999.000
202608082254,   7.168,9999.000,9999.000,9999.000,9999.000,9999.000,9999.000,9999.000,9999.000
202608082300,   7.203,9999.000,   0.100,  -0.048,   7.255,   0.000,   7.155,   0.100,   7.255
202608082306,   7.235,9999.000,9999.000,9999.000,9999.000,9999.000,9999.000,9999.000,9999.000
202608082312,   7.263,9999.000,9999.000,9999.000,9999.000,9999.000,9999.000,9999.000,9999.000
202608082318,   7.288,9999.000,9999.000,9999.000,9999.000,9999.000,9999.000,9999.000,9999.000
202608082324,   7.309,9999.000,9999.000,9999.000,9999.000,9999.000,9999.000,9999.000,9999.000
202608082330,   7.327,9999.000,9999.000,9999.000,9999.000,9999.000,9999.000,9999.000,9999.000
202608082336,   7.342,9999.000,9999.000,9999.000,9999.000,9999.000,9999.000,9999.000,9999.000
202608082342,   7.354,9999.000,9999.000,9999.000,9999.000,9999.000,9999.000,9999.000,9999.000
202608082348,   7.363,9999.000,9999.000,9999.000,9999.000,9999.000,9999.000,9999.000,9999.000
202608082354,   7.369,9999.000,9999.000,9999.000,9999.000,9999.000,9999.000,9999.000,9999.000
202608090000,   7.373,9999.000,   0.100,  -0.048,   7.425,   0.100,   7.425,   0.200,   7.525
202608090006,   7.374,9999.000,9999.000,9999.000,9999.000,9999.000,9999.000,9999.000,9999.000
202608090012,   7.374,9999.000,9999.000,9999.000,9999.000,9999.000,9999.000,9999.000,9999.000
202608090018,   7.372,9999.000,9999.000,9999.000,9999.000,9999.000,9999.000,9999.000,9999.000
202608090024,   7.368,9999.000,9999.000,9999.000,9999.000,9999.000,9999.000,9999.000,9999.000
202608090030,   7.363,9999.000,9999.000,9999.000,9999.000,9999.000,9999.000,9999.000,9999.000
202608090036,   7.357,9999.000,9999.000,9999.000,9999.000,9999.000,9999.000,9999.000,9999.000
202608090042,   7.350,9999.000,9999.000,9999.000,9999.000,9999.000,9999.000,9999.000,9999.000
202608090048,   7.343,9999.000,9999.000,9999.000,9999.000,9999.000,9999.000,9999.000,9999.000
202608090054,   7.334,9999.000,9999.000,9999.000,9999.000,9999.000,9999.000,9999.000,9999.000
202608090100,   7.326,9999.000,   0.100,  -0.048,   7.378,   0.100,   7.378,   0.200,   7.478
202608090106,   7.318,9999.000,9999.000,9999.000,9999.000,9999.000,9999.000,9999.000,9999.000
202608090112,   7.310,9999.000,9999.000,9999.000,9999.000,9999.000,9999.000,9999.000,9999.000
202608090118,   7.303,9999.000,9999.000,9999.000,9999.000,9999.000,9999.000,9999.000,9999.000
202608090124,   7.296,9999.000,9999.000,9999.000,9999.000,9999.000,9999.000,9999.000,9999.000
202608090130,   7.290,9999.000,9999.000,9999.000,9999.000,9999.000,9999.000,9999.000,9999.000
202608090136,   7.285,9999.000,9999.000,9999.000,9999.000,9999.000,9999.000,9999.000,9999.000
202608090142,   7.280,9999.000,9999.000,9999.000,9999.000,9999.000,9999.000,9999.000,9999.000
202608090148,   7.277,9999.000,9999.000,9999.000,9999.000,9999.000,9999.000,9999.000,9999.000
202608090154,   7.275,9999.000,9999.000,9999.000,9999.000,9999.000,9999.000,9999.000,9999.000
202608090200,   7.275,9999.000,   0.100,  -0.048,   7.327,   0.100,   7.327,   0.200,   7.427
202608090206,   7.276,9999.000,9999.000,9999.000,9999.000,9999.000,9999.000,9999.000,9999.000
202608090212,   7.278,9999.000,9999.000,9999.000,9999.000,9999.000,9999.000,9999.000,9999.000
202608090218,   7.281,9999.000,9999.000,9999.000,9999.000,9999.000,9999.000,9999.000,9999.000
202608090224,   7.286,9999.000,9999.000,9999.000,9999.000,9999.000,9999.000,9999.000,9999.000
202608090230,   7.293,9999.000,9999.000,9999.000,9999.000,9999.000,9999.000,9999.000,9999.000
202608090236,   7.300,9999.000,9999.000,9999.000,9999.000,9999.000,9999.000,9999.000,9999.000
202608090242,   7.309,9999.000,9999.000,9999.000,9999.000,9999.000,9999.000,9999.000,9999.000
202608090248,   7.319,9999.000,9999.000,9999.000,9999.000,9999.000,9999.000,9999.000,9999.000
202608090254,   7.330,9999.000,9999.000,9999.000,9999.000,9999.000,9999.000,9999.000,9999.000
202608090300,   7.343,9999.000,   0.100,  -0.048,   7.395,   0.100,   7.395,   0.200,   7.495
202608090306,   7.356,9999.000,9999.000,9999.000,9999.000,9999.000,9999.000,9999.000,9999.000
202608090312,   7.371,9999.000,9999.000,9999.000,9999.000,9999.000,9999.000,9999.000,9999.000
202608090318,   7.386,9999.000,9999.000,9999.000,9999.000,9999.000,9999.000,9999.000,9999.000
202608090324,   7.402,9999.000,9999.000,9999.000,9999.000,9999.000,9999.000,9999.000,9999.000
202608090330,   7.419,9999.000,9999.000,9999.000,9999.000,9999.000,9999.000,9999.000,9999.000
202608090336,   7.437,9999.000,9999.000,9999.000,9999.000,9999.000,9999.000,9999.000,9999.000
202608090342,   7.456,9999.000,9999.000,9999.000,9999.000,9999.000,9999.000,9999.000,9999.000
202608090348,   7.475,9999.000,9999.000,9999.000,9999.000,9999.000,9999.000,9999.000,9999.000
202608090354,   7.495,9999.000,9999.000,9999.000,9999.000,9999.000,9999.000,9999.000,9999.000
202608090400,   7.515,9999.000,   0.100,  -0.048,   7.567,   0.100,   7.567,   0.200,   7.667
202608090406,   7.536,9999.000,9999.000,9999.000,9999.000,9999.000,9999.000,9999.000,9999.000
202608090412,   7.558,9999.000,9999.000,9999.000,9999.000,9999.000,9999.000,9999.000,9999.000
202608090418,   7.580,9999.000,9999.000,9999.000,9999.000,9999.000,9999.000,9999.000,9999.000
202608090424,   7.602,9999.000,9999.000,9999.000,9999.000,9999.000,9999.000,9999.000,9999.000
202608090430,   7.625,9999.000,9999.000,9999.000,9999.000,9999.000,9999.000,9999.000,9999.000
202608090436,   7.648,9999.000,9999.000,9999.000,9999.000,9999.000,9999.000,9999.000,9999.000
202608090442,   7.671,9999.000,9999.000,9999.000,9999.000,9999.000,9999.000,9999.000,9999.000
202608090448,   7.695,9999.000,9999.000,9999.000,9999.000,9999.000,9999.000,9999.000,9999.000
202608090454,   7.718,9999.000,9999.000,9999.000,9999.000,9999.000,9999.000,9999.000,9999.000
202608090500,   7.742,9999.000,   0.100,  -0.048,   7.794,   0.000,   7.694,   0.200,   7.894
202608090506,   7.765,9999.000,9999.000,9999.000,9999.000,9999.000,9999.000,9999.000,9999.000
202608090512,   7.789,9999.000,9999.000,9999.000,9999.000,9999.000,9999.000,9999.000,9999.000
202608090518,   7.812,9999.000,9999.000,9999.000,9999.000,9999.000,9999.000,9999.000,9999.000
202608090524,   7.834,9999.000,9999.000,9999.000,9999.000,9999.000,9999.000,9999.000,9999.000
202608090530,   7.856,9999.000,9999.000,9999.000,9999.000,9999.000,9999.000,9999.000,9999.000
202608090536,   7.877,9999.000,9999.000,9999.000,9999.000,9999.000,9999.000,9999.000,9999.000
202608090542,   7.897,9999.000,9999.000,9999.000,9999.000,9999.000,9999.000,9999.000,9999.000
202608090548,   7.915,9999.000,9999.000,9999.000,9999.000,9999.000,9999.000,9999.000,9999.000
202608090554,   7.932,9999.000,9999.000,9999.000,9999.000,9999.000,9999.000,9999.000,9999.000
202608090600,   7.948,9999.000,   0.100,  -0.048,   8.000,   0.000,   7.900,   0.200,   8.100
202608090606,   7.962,9999.000,9999.000,9999.000,9999.000,9999.000,9999.000,9999.000,9999.000
202608090612,   7.974,9999.000,9999.000,9999.000,9999.000,9999.000,9999.000,9999.000,9999.000
202608090618,   7.983,9999.000,9999.000,9999.000,9999.000,9999.000,9999.000,9999.000,9999.000
202608090624,   7.990,9999.000,9999.000,9999.000,9999.000,9999.000,9999.000,9999.000,9999.000
202608090630,   7.995,9999.000,9999.000,9999.000,9999.000,9999.000,9999.000,9999.000,9999.000
202608090636,   7.997,9999.000,9999.000,9999.000,9999.000,9999.000,9999.000,9999.000,9999.000
202608090642,   7.995,9999.000,9999.000,9999.000,9999.000,9999.000,9999.000,9999.000,9999.000
202608090648,   7.991,9999.000,9999.000,9999.000,9999.000,9999.000,9999.000,9999.000,9999.000
202608090654,   7.983,9999.000,9999.000,9999.000,9999.000,9999.000,9999.000,9999.000,9999.000
202608090700,   7.971,9999.000,   0.100,  -0.048,   8.023,   0.000,   7.923,   0.200,   8.123
202608090706,   7.956,9999.000,9999.000,9999.000,9999.000,9999.000,9999.000,9999.000,9999.000
202608090712,   7.937,9999.000,9999.000,9999.000,9999.000,9999.000,9999.000,9999.000,9999.000
202608090718,   7.914,9999.000,9999.000,9999.000,9999.000,9999.000,9999.000,9999.000,9999.000
202608090724,   7.888,9999.000,9999.000,9999.000,9999.000,9999.000,9999.000,9999.000,9999.000
202608090730,   7.857,9999.000,9999.000,9999.000,9999.000,9999.000,9999.000,9999.000,9999.000
202608090736,   7.822,9999.000,9999.000,9999.000,9999.000,9999.000,9999.000,9999.000,9999.000
202608090742,   7.783,9999.000,9999.000,9999.000,9999.000,9999.000,9999.000,9999.000,9999.000
202608090748,   7.740,9999.000,9999.000,9999.000,9999.000,9999.000,9999.000,9999.000,9999.000
202608090754,   7.692,9999.000,9999.000,9999.000,9999.000,9999.000,9999.000,9999.000,9999.000
202608090800,   7.640,9999.000,   0.100,  -0.048,   7.692,   0.100,   7.692,   0.200,   7.792
202608090806,   7.584,9999.000,9999.000,9999.000,9999.000,9999.000,9999.000,9999.000,9999.000
202608090812,   7.524,9999.000,9999.000,9999.000,9999.000,9999.000,9999.000,9999.000,9999.000
202608090818,   7.459,9999.000,9999.000,9999.000,9999.000,9999.000,9999.000,9999.000,9999.000
202608090824,   7.389,9999.000,9999.000,9999.000,9999.000,9999.000,9999.000,9999.000,9999.000
202608090830,   7.316,9999.000,9999.000,9999.000,9999.000,9999.000,9999.000,9999.000,9999.000
202608090836,   7.238,9999.000,9999.000,9999.000,9999.000,9999.000,9999.000,9999.000,9999.000
202608090842,   7.156,9999.000,9999.000,9999.000,9999.000,9999.000,9999.000,9999.000,9999.000
202608090848,   7.069,9999.000,9999.000,9999.000,9999.000,9999.000,9999.000,9999.000,9999.000
202608090854,   6.978,9999.000,9999.000,9999.000,9999.000,9999.000,9999.000,9999.000,9999.000
202608090900,   6.882,9999.000,   0.100,  -0.048,   6.934,   0.100,   6.934,   0.200,   7.034
202608090906,   6.783,9999.000,9999.000,9999.000,9999.000,9999.000,9999.000,9999.000,9999.000
202608090912,   6.678,9999.000,9999.000,9999.000,9999.000,9999.000,9999.000,9999.000,9999.000
202608090918,   6.570,9999.000,9999.000,9999.000,9999.000,9999.000,9999.000,9999.000,9999.000
202608090924,   6.457,9999.000,9999.000,9999.000,9999.000,9999.000,9999.000,9999.000,9999.000
202608090930,   6.339,9999.000,9999.000,9999.000,9999.000,9999.000,9999.000,9999.000,9999.000
202608090936,   6.218,9999.000,9999.000,9999.000,9999.000,9999.000,9999.000,9999.000,9999.000
202608090942,   6.092,9999.000,9999.000,9999.000,9999.000,9999.000,9999.000,9999.000,9999.000
202608090948,   5.962,9999.000,9999.000,9999.000,9999.000,9999.000,9999.000,9999.000,9999.000
202608090954,   5.827,9999.000,9999.000,9999.000,9999.000,9999.000,9999.000,9999.000,9999.000
202608091000,   5.688,9999.000,   0.100,  -0.048,   5.740,   0.000,   5.640,   0.200,   5.840
202608091006,   5.546,9999.000,9999.000,9999.000,9999.000,9999.000,9999.000,9999.000,9999.000
202608091012,   5.399,9999.000,9999.000,9999.000,9999.000,9999.000,9999.000,9999.000,9999.000
202608091018,   5.248,9999.000,9999.000,9999.000,9999.000,9999.000,9999.000,9999.000,9999.000
202608091024,   5.093,9999.000,9999.000,9999.000,9999.000,9999.000,9999.000,9999.000,9999.000
202608091030,   4.934,9999.000,9999.000,9999.000,9999.000,9999.000,9999.000,9999.000,9999.000
202608091036,   4.772,9999.000,9999.000,9999.000,9999.000,9999.000,9999.000,9999.000,9999.000
202608091042,   4.606,9999.000,9999.000,9999.000,9999.000,9999.000,9999.000,9999.000,9999.000
202608091048,   4.437,9999.000,9999.000,9999.000,9999.000,9999.000,9999.000,9999.000,9999.000
202608091054,   4.265,9999.000,9999.000,9999.000,9999.000,9999.000,9999.000,9999.000,9999.000
202608091100,   4.090,9999.000,   0.100,  -0.048,   4.142,   0.000,   4.042,   0.200,   4.242
202608091106,   3.912,9999.000,9999.000,9999.000,9999.000,9999.000,9999.000,9999.000,9999.000
202608091112,   3.731,9999.000,9999.000,9999.000,9999.000,9999.000,9999.000,9999.000,9999.000
202608091118,   3.548,9999.000,9999.000,9999.000,9999.000,9999.000,9999.000,9999.000,9999.000
202608091124,   3.363,9999.000,9999.000,9999.000,9999.000,9999.000,9999.000,9999.000,9999.000
202608091130,   3.176,9999.000,9999.000,9999.000,9999.000,9999.000,9999.000,9999.000,9999.000
202608091136,   2.988,9999.000,9999.000,9999.000,9999.000,9999.000,9999.000,9999.000,9999.000
202608091142,   2.798,9999.000,9999.000,9999.000,9999.000,9999.000,9999.000,9999.000,9999.000
202608091148,   2.608,9999.000,9999.000,9999.000,9999.000,9999.000,9999.000,9999.000,9999.000
202608091154,   2.417,9999.000,9999.000,9999.000,9999.000,9999.000,9999.000,9999.000,9999.000
202608091200,   2.226,9999.000,   0.100,  -0.048,   2.278,   0.100,   2.278,   0.200,   2.378
202608091206,   2.035,9999.000,9999.000,9999.000,9999.000,9999.000,9999.000,9999.000,9999.000
202608091212,   1.844,9999.000,9999.000,9999.000,9999.000,9999.000,9999.000,9999.000,9999.000
202608091218,   1.654,9999.000,9999.000,9999.000,9999.000,9999.000,9999.000,9999.000,9999.000
202608091224,   1.466,9999.000,9999.000,9999.000,9999.000,9999.000,9999.000,9999.000,9999.000
202608091230,   1.279,9999.000,9999.000,9999.000,9999.000,9999.000,9999.000,9999.000,9999.000
202608091236,   1.094,9999.000,9999.000,9999.000,9999.000,9999.000,9999.000,9999.000,9999.000
202608091242,   0.912,9999.000,9999.000,9999.000,9999.000,9999.000,9999.000,9999.000,9999.000
202608091248,   0.732,9999.000,9999.000,9999.000,9999.000,9999.000,9999.000,9999.000,9999.000
202608091254,   0.556,9999.000,9999.000,9999.000,9999.000,9999.000,9999.000,9999.000,9999.000
202608091300,   0.383,9999.000,   0.100,  -0.048,   0.435,   0.100,   0.435,   0.200,   0.535
202608091306,   0.214,9999.000,9999.000,9999.000,9999.000,9999.000,9999.000,9999.000,9999.000
202608091312,   0.049,9999.000,9999.000,9999.000,9999.000,9999.000,9999.000,9999.000,9999.000
202608091318,  -0.109,9999.000,9999.000,9999.000,9999.000,9999.000,9999.000,9999.000,9999.000
202608091324,  -0.264,9999.000,9999.000,9999.000,9999.000,9999.000,9999.000,9999.000,9999.000
202608091330,  -0.413,9999.000,9999.000,9999.000,9999.000,9999.000,9999.000,9999.000,9999.000
202608091336,  -0.557,9999.000,9999.000,9999.000,9999.000,9999.000,9999.000,9999.000,9999.000
202608091342,  -0.694,9999.000,9999.000,9999.000,9999.000,9999.000,9999.000,9999.000,9999.000
202608091348,  -0.826,9999.000,9999.000,9999.000,9999.000,9999.000,9999.000,9999.000,9999.000
202608091354,  -0.950,9999.000,9999.000,9999.000,9999.000,9999.000,9999.000,9999.000,9999.000
202608091400,  -1.068,9999.000,   0.100,  -0.048,  -1.016,   0.000,  -1.116,   0.100,  -1.016
202608091406,  -1.179,9999.000,9999.000,9999.000,9999.000,9999.000,9999.000,9999.000,9999.000
202608091412,  -1.282,9999.000,9999.000,9999.000,9999.000,9999.000,9999.000,9999.000,9999.000
202608091418,  -1.378,9999.000,9999.000,9999.000,9999.000,9999.000,9999.000,9999.000,9999.000
202608091424,  -1.467,9999.000,9999.000,9999.000,9999.000,9999.000,9999.000,9999.000,9999.000
202608091430,  -1.548,9999.000,9999.000,9999.000,9999.000,9999.000,9999.000,9999.000,9999.000
202608091436,  -1.622,9999.000,9999.000,9999.000,9999.000,9999.000,9999.000,9999.000,9999.000
202608091442,  -1.687,9999.000,9999.000,9999.000,9999.000,9999.000,9999.000,9999.000,9999.000
202608091448,  -1.745,9999.000,9999.000,9999.000,9999.000,9999.000,9999.000,9999.000,9999.000
202608091454,  -1.795,9999.000,9999.000,9999.000,9999.000,9999.000,9999.000,9999.000,9999.000
202608091500,  -1.838,9999.000,   0.100,  -0.048,  -1.786,   0.000,  -1.886,   0.100,  -1.786
202608091506,  -1.872,9999.000,9999.000,9999.000,9999.000,9999.000,9999.000,9999.000,9999.000
202608091512,  -1.900,9999.000,9999.000,9999.000,9999.000,9999.000,9999.000,9999.000,9999.000
202608091518,  -1.919,9999.000,9999.000,9999.000,9999.000,9999.000,9999.000,9999.000,9999.000
202608091524,  -1.931,9999.000,9999.000,9999.000,9999.000,9999.000,9999.000,9999.000,9999.000
202608091530,  -1.935,9999.000,9999.000,9999.000,9999.000,9999.000,9999.000,9999.000,9999.000
202608091536,  -1.932,9999.000,9999.000,9999.000,9999.000,9999.000,9999.000,9999.000,9999.000
202608091542,  -1.922,9999.000,9999.000,9999.000,9999.000,9999.000,9999.000,9999.000,9999.000
202608091548,  -1.905,9999.000,9999.000,9999.000,9999.000,9999.000,9999.000,9999.000,9999.000
202608091554,  -1.880,9999.000,9999.000,9999.000,9999.000,9999.000,9999.000,9999.000,9999.000
202608091600,  -1.849,9999.000,   0.200,  -0.048,  -1.697,   0.100,  -1.797,   0.200,  -1.697
202608091606,  -1.810,9999.000,9999.000,9999.000,9999.000,9999.000,9999.000,9999.000,9999.000
202608091612,  -1.765,9999.000,9999.000,9999.000,9999.000,9999.000,9999.000,9999.000,9999.000
202608091618,  -1.714,9999.000,9999.000,9999.000,9999.000,9999.000,9999.000,9999.000,9999.000
202608091624,  -1.656,9999.000,9999.000,9999.000,9999.000,9999.000,9999.000,9999.000,9999.000
202608091630,  -1.591,9999.000,9999.000,9999.000,9999.000,9999.000,9999.000,9999.000,9999.000
202608091636,  -1.520,9999.000,9999.000,9999.000,9999.000,9999.000,9999.000,9999.000,9999.000
202608091642,  -1.443,9999.000,9999.000,9999.000,9999.000,9999.000,9999.000,9999.000,9999.000
202608091648,  -1.360,9999.000,9999.000,9999.000,9999.000,9999.000,9999.000,9999.000,9999.000
202608091654,  -1.271,9999.000,9999.000,9999.000,9999.000,9999.000,9999.000,9999.000,9999.000
202608091700,  -1.177,9999.000,   0.200,  -0.048,  -1.025,   0.100,  -1.125,   0.200,  -1.025
202608091706,  -1.077,9999.000,9999.000,9999.000,9999.000,9999.000,9999.000,9999.000,9999.000
202608091712,  -0.971,9999.000,9999.000,9999.000,9999.000,9999.000,9999.000,9999.000,9999.000
202608091718,  -0.860,9999.000,9999.000,9999.000,9999.000,9999.000,9999.000,9999.000,9999.000
202608091724,  -0.744,9999.000,9999.000,9999.000,9999.000,9999.000,9999.000,9999.000,9999.000
202608091730,  -0.624,9999.000,9999.000,9999.000,9999.000,9999.000,9999.000,9999.000,9999.000
202608091736,  -0.498,9999.000,9999.000,9999.000,9999.000,9999.000,9999.000,9999.000,9999.000
202608091742,  -0.368,9999.000,9999.000,9999.000,9999.000,9999.000,9999.000,9999.000,9999.000
202608091748,  -0.234,9999.000,9999.000,9999.000,9999.000,9999.000,9999.000,9999.000,9999.000
202608091754,  -0.096,9999.000,9999.000,9999.000,9999.000,9999.000,9999.000,9999.000,9999.000
202608091800,   0.045,9999.000,   0.100,  -0.048,   0.097,   0.100,   0.097,   0.200,   0.197
202608091806,   0.191,9999.000,9999.000,9999.000,9999.000,9999.000,9999.000,9999.000,9999.000
202608091812,   0.339,9999.000,9999.000,9999.000,9999.000,9999.000,9999.000,9999.000,9999.000
202608091818,   0.491,9999.000,9999.000,9999.000,9999.000,9999.000,9999.000,9999.000,9999.000
202608091824,   0.646,9999.000,9999.000,9999.000,9999.000,9999.000,9999.000,9999.000,9999.000
202608091830,   0.802,9999.000,9999.000,9999.000,9999.000,9999.000,9999.000,9999.000,9999.000
202608091836,   0.961,9999.000,9999.000,9999.000,9999.000,9999.000,9999.000,9999.000,9999.000
202608091842,   1.122,9999.000,9999.000,9999.000,9999.000,9999.000,9999.000,9999.000,9999.000
202608091848,   1.285,9999.000,9999.000,9999.000,9999.000,9999.000,9999.000,9999.000,9999.000
202608091854,   1.448,9999.000,9999.000,9999.000,9999.000,9999.000,9999.000,9999.000,9999.000
202608091900,   1.613,9999.000,   0.100,  -0.048,   1.665,   0.000,   1.565,   0.100,   1.665
202608091906,   1.779,9999.000,9999.000,9999.000,9999.000,9999.000,9999.000,9999.000,9999.000
202608091912,   1.946,9999.000,9999.000,9999.000,9999.000,9999.000,9999.000,9999.000,9999.000
202608091918,   2.112,9999.000,9999.000,9999.000,9999.000,9999.000,9999.000,9999.000,9999.000
202608091924,   2.279,9999.000,9999.000,9999.000,9999.000,9999.000,9999.000,9999.000,9999.000
202608091930,   2.447,9999.000,9999.000,9999.000,9999.000,9999.000,9999.000,9999.000,9999.000
202608091936,   2.613,9999.000,9999.000,9999.000,9999.000,9999.000,9999.000,9999.000,9999.000
202608091942,   2.780,9999.000,9999.000,9999.000,9999.000,9999.000,9999.000,9999.000,9999.000
202608091948,   2.946,9999.000,9999.000,9999.000,9999.000,9999.000,9999.000,9999.000,9999.000
202608091954,   3.111,9999.000,9999.000,9999.000,9999.000,9999.000,9999.000,9999.000,9999.000
202608092000,   3.276,9999.000,   0.100,  -0.048,   3.328,   0.100,   3.328,   0.200,   3.428
202608092006,   3.439,9999.000,9999.000,9999.000,9999.000,9999.000,9999.000,9999.000,9999.000
202608092012,   3.601,9999.000,9999.000,9999.000,9999.000,9999.000,9999.000,9999.000,9999.000
202608092018,   3.763,9999.000,9999.000,9999.000,9999.000,9999.000,9999.000,9999.000,9999.000
202608092024,   3.923,9999.000,9999.000,9999.000,9999.000,9999.000,9999.000,9999.000,9999.000
202608092030,   4.081,9999.000,9999.000,9999.000,9999.000,9999.000,9999.000,9999.000,9999.000
202608092036,   4.238,9999.000,9999.000,9999.000,9999.000,9999.000,9999.000,9999.000,9999.000
202608092042,   4.393,9999.000,9999.000,9999.000,9999.000,9999.000,9999.000,9999.000,9999.000
202608092048,   4.546,9999.000,9999.000,9999.000,9999.000,9999.000,9999.000,9999.000,9999.000
202608092054,   4.698,9999.000,9999.000,9999.000,9999.000,9999.000,9999.000,9999.000,9999.000
202608092100,   4.847,9999.000,   0.200,  -0.048,   4.999,   0.100,   4.899,   0.300,   5.099
202608092106,   4.994,9999.000,9999.000,9999.000,9999.000,9999.000,9999.000,9999.000,9999.000
202608092112,   5.139,9999.000,9999.000,9999.000,9999.000,9999.000,9999.000,9999.000,9999.000
202608092118,   5.281,9999.000,9999.000,9999.000,9999.000,9999.000,9999.000,9999.000,9999.000
202608092124,   5.421,9999.000,9999.000,9999.000,9999.000,9999.000,9999.000,9999.000,9999.000
202608092130,   5.558,9999.000,9999.000,9999.000,9999.000,9999.000,9999.000,9999.000,9999.000
202608092136,   5.692,9999.000,9999.000,9999.000,9999.000,9999.000,9999.000,9999.000,9999.000
202608092142,   5.823,9999.000,9999.000,9999.000,9999.000,9999.000,9999.000,9999.000,9999.000
202608092148,   5.950,9999.000,9999.000,9999.000,9999.000,9999.000,9999.000,9999.000,9999.000
202608092154,   6.074,9999.000,9999.000,9999.000,9999.000,9999.000,9999.000,9999.000,9999.000
202608092200,   6.195,9999.000,   0.100,  -0.048,   6.247,   0.100,   6.247,   0.200,   6.347
202608092206,   6.312,9999.000,9999.000,9999.000,9999.000,9999.000,9999.000,9999.000,9999.000
202608092212,   6.425,9999.000,9999.000,9999.000,9999.000,9999.000,9999.000,9999.000,9999.000
202608092218,   6.534,9999.000,9999.000,9999.000,9999.000,9999.000,9999.000,9999.000,9999.000
202608092224,   6.639,9999.000,9999.000,9999.000,9999.000,9999.000,9999.000,9999.000,9999.000
202608092230,   6.739,9999.000,9999.000,9999.000,9999.000,9999.000,9999.000,9999.000,9999.000
202608092236,   6.835,9999.000,9999.000,9999.000,9999.000,9999.000,9999.000,9999.000,9999.000
202608092242,   6.927,9999.000,9999.000,9999.000,9999.000,9999.000,9999.000,9999.000,9999.000
202608092248,   7.014,9999.000,9999.000,9999.000,9999.000,9999.000,9999.000,9999.000,9999.000
202608092254,   7.096,9999.000,9999.000,9999.000,9999.000,9999.000,9999.000,9999.000,9999.000
202608092300,   7.174,9999.000,   0.100,  -0.048,   7.226,   0.100,   7.226,   0.200,   7.326
202608092306,   7.247,9999.000,9999.000,9999.000,9999.000,9999.000,9999.000,9999.000,9999.000
202608092312,   7.314,9999.000,9999.000,9999.000,9999.000,9999.000,9999.000,9999.000,9999.000
202608092318,   7.377,9999.000,9999.000,9999.000,9999.000,9999.000,9999.000,9999.000,9999.000
202608092324,   7.435,9999.000,9999.000,9999.000,9999.000,9999.000,9999.000,9999.000,9999.000
202608092330,   7.488,9999.000,9999.000,9999.000,9999.000,9999.000,9999.000,9999.000,9999.000
202608092336,   7.536,9999.000,9999.000,9999.000,9999.000,9999.000,9999.000,9999.000,9999.000
202608092342,   7.579,9999.000,9999.000,9999.000,9999.000,9999.000,9999.000,9999.000,9999.000
202608092348,   7.618,9999.000,9999.000,9999.000,9999.000,9999.000,9999.000,9999.000,9999.000
202608092354,   7.651,9999.000,9999.000,9999.000,9999.000,9999.000,9999.000,9999.000,9999.000
202608100000,   7.680,9999.000,   0.100,  -0.048,   7.732,   0.100,   7.732,   0.200,   7.832
202608100006,   7.705,9999.000,9999.000,9999.000,9999.000,9999.000,9999.000,9999.000,9999.000
202608100012,   7.725,9999.000,9999.000,9999.000,9999.000,9999.000,9999.000,9999.000,9999.000
202608100018,   7.741,9999.000,9999.000,9999.000,9999.000,9999.000,9999.000,9999.000,9999.000
202608100024,   7.752,9999.000,9999.000,9999.000,9999.000,9999.000,9999.000,9999.000,9999.000
202608100030,   7.760,9999.000,9999.000,9999.000,9999.000,9999.000,9999.000,9999.000,9999.000
202608100036,   7.764,9999.000,9999.000,9999.000,9999.000,9999.000,9999.000,9999.000,9999.000
202608100042,   7.764,9999.000,9999.000,9999.000,9999.000,9999.000,9999.000,9999.000,9999.000
202608100048,   7.761,9999.000,9999.000,9999.000,9999.000,9999.000,9999.000,9999.000,9999.000
202608100054,   7.755,9999.000,9999.000,9999.000,9999.000,9999.000,9999.000,9999.000,9999.000
202608100100,   7.745,9999.000,   0.200,  -0.048,   7.897,   0.100,   7.797,   0.200,   7.897
202608100106,   7.734,9999.000,9999.000,9999.000,9999.000,9999.000,9999.000,9999.000,9999.000
202608100112,   7.719,9999.000,9999.000,9999.000,9999.000,9999.000,9999.000,9999.000,9999.000
202608100118,   7.703,9999.000,9999.000,9999.000,9999.000,9999.000,9999.000,9999.000,9999.000
202608100124,   7.685,9999.000,9999.000,9999.000,9999.000,9999.000,9999.000,9999.000,9999.000
202608100130,   7.665,9999.000,9999.000,9999.000,9999.000,9999.000,9999.000,9999.000,9999.000
202608100136,   7.644,9999.000,9999.000,9999.000,9999.000,9999.000,9999.000,9999.000,9999.000
202608100142,   7.622,9999.000,9999.000,9999.000,9999.000,9999.000,9999.000,9999.000,9999.000
202608100148,   7.600,9999.000,9999.000,9999.000,9999.000,9999.000,9999.000,9999.000,9999.000
202608100154,   7.576,9999.000,9999.000,9999.000,9999.000,9999.000,9999.000,9999.000,9999.000
202608100200,   7.553,9999.000,   0.200,  -0.048,   7.705,   0.100,   7.605,   0.200,   7.705
202608100206,   7.529,9999.000,9999.000,9999.000,9999.000,9999.000,9999.000,9999.000,9999.000
202608100212,   7.506,9999.000,9999.000,9999.000,9999.000,9999.000,9999.000,9999.000,9999.000
202608100218,   7.483,9999.000,9999.000,9999.000,9999.000,9999.000,9999.000,9999.000,9999.000
202608100224,   7.461,9999.000,9999.000,9999.000,9999.000,9999.000,9999.000,9999.000,9999.000
202608100230,   7.440,9999.000,9999.000,9999.000,9999.000,9999.000,9999.000,9999.000,9999.000
202608100236,   7.420,9999.000,9999.000,9999.000,9999.000,9999.000,9999.000,9999.000,9999.000
202608100242,   7.400,9999.000,9999.000,9999.000,9999.000,9999.000,9999.000,9999.000,9999.000
202608100248,   7.383,9999.000,9999.000,9999.000,9999.000,9999.000,9999.000,9999.000,9999.000
202608100254,   7.366,9999.000,9999.000,9999.000,9999.000,9999.000,9999.000,9999.000,9999.000
202608100300,   7.352,9999.000,   0.100,  -0.048,   7.404,   0.100,   7.404,   0.200,   7.504
202608100306,   7.339,9999.000,9999.000,9999.000,9999.000,9999.000,9999.000,9999.000,9999.000
202608100312,   7.327,9999.000,9999.000,9999.000,9999.000,9999.000,9999.000,9999.000,9999.000
202608100318,   7.317,9999.000,9999.000,9999.000,9999.000,9999.000,9999.000,9999.000,9999.000
202608100324,   7.309,9999.000,9999.000,9999.000,9999.000,9999.000,9999.000,9999.000,9999.000
202608100330,   7.303,9999.000,9999.000,9999.000,9999.000,9999.000,9999.000,9999.000,9999.000
202608100336,   7.298,9999.000,9999.000,9999.000,9999.000,9999.000,9999.000,9999.000,9999.000
202608100342,   7.296,9999.000,9999.000,9999.000,9999.000,9999.000,9999.000,9999.000,9999.000
202608100348,   7.294,9999.000,9999.000,9999.000,9999.000,9999.000,9999.000,9999.000,9999.000
202608100354,   7.295,9999.000,9999.000,9999.000,9999.000,9999.000,9999.000,9999.000,9999.000
202608100400,   7.297,9999.000,   0.100,  -0.048,   7.349,   0.100,   7.349,   0.200,   7.449
202608100406,   7.301,9999.000,9999.000,9999.000,9999.000,9999.000,9999.000,9999.000,9999.000
202608100412,   7.307,9999.000,9999.000,9999.000,9999.000,9999.000,9999.000,9999.000,9999.000
202608100418,   7.314,9999.000,9999.000,9999.000,9999.000,9999.000,9999.000,9999.000,9999.000
202608100424,   7.322,9999.000,9999.000,9999.000,9999.000,9999.000,9999.000,9999.000,9999.000
202608100430,   7.332,9999.000,9999.000,9999.000,9999.000,9999.000,9999.000,9999.000,9999.000
202608100436,   7.344,9999.000,9999.000,9999.000,9999.000,9999.000,9999.000,9999.000,9999.000
202608100442,   7.357,9999.000,9999.000,9999.000,9999.000,9999.000,9999.000,9999.000,9999.000
202608100448,   7.371,9999.000,9999.000,9999.000,9999.000,9999.000,9999.000,9999.000,9999.000
202608100454,   7.386,9999.000,9999.000,9999.000,9999.000,9999.000,9999.000,9999.000,9999.000
202608100500,   7.402,9999.000,   0.200,  -0.048,   7.554,   0.100,   7.454,   0.200,   7.554
202608100506,   7.420,9999.000,9999.000,9999.000,9999.000,9999.000,9999.000,9999.000,9999.000
202608100512,   7.439,9999.000,9999.000,9999.000,9999.000,9999.000,9999.000,9999.000,9999.000
202608100518,   7.458,9999.000,9999.000,9999.000,9999.000,9999.000,9999.000,9999.000,9999.000
202608100524,   7.479,9999.000,9999.000,9999.000,9999.000,9999.000,9999.000,9999.000,9999.000
202608100530,   7.500,9999.000,9999.000,9999.000,9999.000,9999.000,9999.000,9999.000,9999.000
202608100536,   7.522,9999.000,9999.000,9999.000,9999.000,9999.000,9999.000,9999.000,9999.000
202608100542,   7.545,9999.000,9999.000,9999.000,9999.000,9999.000,9999.000,9999.000,9999.000
202608100548,   7.568,9999.000,9999.000,9999.000,9999.000,9999.000,9999.000,9999.000,9999.000
202608100554,   7.592,9999.000,9999.000,9999.000,9999.000,9999.000,9999.000,9999.000,9999.000
202608100600,   7.616,9999.000,   0.200,  -0.048,   7.768,   0.100,   7.668,   0.200,   7.768
