        TIME,    TIDE,      OB,   SURGE,    BIAS,     TWL,SURGE90p,  TWL90p,SURGE10p,   TWL10p
202608061200,  -0.477,9999.000,   0.200,9999.000,  -0.277,   0.200,  -0.277,   0.200,  -0.277
202608061206,  -0.493,9999.000,9999.000,9999.000,9999.000,9999.000,9999.000,9999.000,9999.000
202608061212,  -0.506,9999.000,9999.000,9999.000,9999.000,9999.000,9999.000,9999.000,9999.000
202608061218,  -0.518,9999.000,9999.000,9999.000,9999.000,9999.000,9999.000,9999.000,9999.000
202608061224,  -0.527,9999.000,9999.000,9999.000,9999.000,9999.000,9999.000,9999.000,9999.000
202608061230,  -0.533,9999.000,9999.000,9999.000,9999.000,9999.000,9999.000,9999.000,9999.000
202608061236,  -0.537,9999.000,9999.000,9999.000,9999.000,9999.000,9999.000,9999.000,9999.000
202608061242,  -0.538,9999.000,9999.000,9999.000,9999.000,9999.000,9999.000,9999.000,9999.000
202608061248,  -0.535,9999.000,9999.000,9999.000,9999.000,9999.000,9999.000,9999.000,9999.000
202608061254,  -0.529,9999.000,9999.000,9999.000,9999.000,9999.000,9999.000,9999.000,9999.000
202608061300,  -0.520,  -0.069,   0.200,   0.251,  -0.069,   0.200,  -0.069,   0.200,  -0.069
202608061306,  -0.507,  -0.049,9999.000,9999.000,9999.000,9999.000,9999.000,9999.000,9999.000
202608061312,  -0.490,  -0.010,9999.000,9999.000,9999.000,9999.000,9999.000,9999.000,9999.000
202608061318,  -0.469,   0.020,9999.000,9999.000,9999.000,9999.000,9999.000,9999.000,9999.000
202608061324,  -0.444,   0.050,9999.000,9999.000,9999.000,9999.000,9999.000,9999.000,9999.000
202608061330,  -0.415,   0.118,9999.000,9999.000,9999.000,9999.000,9999.000,9999.000,9999.000
202608061336,  -0.383,   0.181,9999.000,9999.000,9999.000,9999.000,9999.000,9999.000,9999.000
202608061342,  -0.346,   0.230,9999.000,9999.000,9999.000,9999.000,9999.000,9999.000,9999.000
202608061348,  -0.306,   0.309,9999.000,9999.000,9999.000,9999.000,9999.000,9999.000,9999.000
202608061354,  -0.263,   0.391,9999.000,9999.000,9999.000,9999.000,9999.000,9999.000,9999.000
202608061400,  -0.216,   0.469,   0.200,   0.485,   0.469,   0.200,   0.469,   0.200,   0.469
202608061406,  -0.167,   0.561,9999.000,9999.000,9999.000,9999.000,9999.000,9999.000,9999.000
202608061412,  -0.114,   0.630,9999.000,9999.000,9999.000,9999.000,9999.000,9999.000,9999.000
202608061418,  -0.060,   0.728,9999.000,9999.000,9999.000,9999.000,9999.000,9999.000,9999.000
202608061424,  -0.003,   0.820,9999.000,9999.000,9999.000,9999.000,9999.000,9999.000,9999.000
202608061430,   0.054,   0.899,9999.000,9999.000,9999.000,9999.000,9999.000,9999.000,9999.000
202608061436,   0.114,   0.991,9999.000,9999.000,9999.000,9999.000,9999.000,9999.000,9999.000
202608061442,   0.174,   1.089,9999.000,9999.000,9999.000,9999.000,9999.000,9999.000,9999.000
202608061448,   0.236,   1.181,9999.000,9999.000,9999.000,9999.000,9999.000,9999.000,9999.000
202608061454,   0.297,   1.260,9999.000,9999.000,9999.000,9999.000,9999.000,9999.000,9999.000
202608061500,   0.359,   1.358,   0.200,   0.799,   1.358,   0.200,   1.358,   0.200,   1.358
202608061506,   0.419,   1.460,9999.000,9999.000,9999.000,9999.000,9999.000,9999.000,9999.000
202608061512,   0.480,   1.558,9999.000,9999.000,9999.000,9999.000,9999.000,9999.000,9999.000
202608061518,   0.539,   1.640,9999.000,9999.000,9999.000,9999.000,9999.000,9999.000,9999.000
202608061524,   0.596,   1.719,9999.000,9999.000,9999.000,9999.000,9999.000,9999.000,9999.000
202608061530,   0.652,   1.768,9999.000,9999.000,9999.000,9999.000,9999.000,9999.000,9999.000
202608061536,   0.707,   1.860,9999.000,9999.000,9999.000,9999.000,9999.000,9999.000,9999.000
202608061542,   0.759,   1.939,9999.000,9999.000,9999.000,9999.000,9999.000,9999.000,9999.000
202608061548,   0.808,   1.988,9999.000,9999.000,9999.000,9999.000,9999.000,9999.000,9999.000
202608061554,   0.855,   2.070,9999.000,9999.000,9999.000,9999.000,9999.000,9999.000,9999.000
202608061600,   0.900,   2.119,   0.200,   1.019,   2.119,   0.200,   2.119,   0.200,   2.119
202608061606,   0.941,   2.188,9999.000,9999.000,9999.000,9999.000,9999.000,9999.000,9999.000
202608061612,   0.980,   2.221,9999.000,9999.000,9999.000,9999.000,9999.000,9999.000,9999.000
202608061618,   1.015,   2.260,9999.000,9999.000,9999.000,9999.000,9999.000,9999.000,9999.000
202608061624,   1.047,   2.290,9999.000,9999.000,9999.000,9999.000,9999.000,9999.000,9999.000
202608061630,   1.076,   2.309,9999.000,9999.000,9999.000,9999.000,9999.000,9999.000,9999.000
202608061636,   1.101,   2.319,9999.000,9999.000,9999.000,9999.000,9999.000,9999.000,9999.000
202608061642,   1.122,   2.349,9999.000,9999.000,9999.000,9999.000,9999.000,9999.000,9999.000
202608061648,   1.140,   2.349,9999.000,9999.000,9999.000,9999.000,9999.000,9999.000,9999.000
202608061654,   1.154,   2.349,9999.000,9999.000,9999.000,9999.000,9999.000,9999.000,9999.000
202608061700,   1.164,   2.339,   0.200,   0.975,   2.339,   0.200,   2.339,   0.300,   2.439
202608061706,   1.170,   2.339,9999.000,9999.000,9999.000,9999.000,9999.000,9999.000,9999.000
202608061712,   1.173,   2.319,9999.000,9999.000,9999.000,9999.000,9999.000,9999.000,9999.000
202608061718,   1.171,   2.300,9999.000,9999.000,9999.000,9999.000,9999.000,9999.000,9999.000
202608061724,   1.165,   2.270,9999.000,9999.000,9999.000,9999.000,9999.000,9999.000,9999.000
202608061730,   1.156,   2.231,9999.000,9999.000,9999.000,9999.000,9999.000,9999.000,9999.000
202608061736,   1.143,   2.188,9999.000,9999.000,9999.000,9999.000,9999.000,9999.000,9999.000
202608061742,   1.126,   2.139,9999.000,9999.000,9999.000,9999.000,9999.000,9999.000,9999.000
202608061748,   1.105,   2.080,9999.000,9999.000,9999.000,9999.000,9999.000,9999.000,9999.000
202608061754,   1.081,   2.021,9999.000,9999.000,9999.000,9999.000,9999.000,9999.000,9999.000
202608061800,   1.054,   1.958,   0.200,   0.704,   1.958,   0.200,   1.958,   0.200,   1.958
202608061806,   1.024,   1.909,9999.000,9999.000,9999.000,9999.000,9999.000,9999.000,9999.000
202608061812,   0.990,   1.850,9999.000,9999.000,9999.000,9999.000,9999.000,9999.000,9999.000
202608061818,   0.954,   1.811,9999.000,9999.000,9999.000,9999.000,9999.000,9999.000,9999.000
202608061824,   0.916,   1.758,9999.000,9999.000,9999.000,9999.000,9999.000,9999.000,9999.000
202608061830,   0.876,   1.699,9999.000,9999.000,9999.000,9999.000,9999.000,9999.000,9999.000
202608061836,   0.834,   1.650,9999.000,9999.000,9999.000,9999.000,9999.000,9999.000,9999.000
202608061842,   0.791,   1.611,9999.000,9999.000,9999.000,9999.000,9999.000,9999.000,9999.000
202608061848,   0.746,   1.548,9999.000,9999.000,9999.000,9999.000,9999.000,9999.000,9999.000
202608061854,   0.700,   1.509,9999.000,9999.000,9999.000,9999.000,9999.000,9999.000,9999.000
202608061900,   0.654,   1.460,   0.200,   0.606,   1.460,   0.200,   1.460,   0.200,   1.460
202608061906,   0.608,   1.421,9999.000,9999.000,9999.000,9999.000,9999.000,9999.000,9999.000
202608061912,   0.561,   1.381,9999.000,9999.000,9999.000,9999.000,9999.000,9999.000,9999.000
202608061918,   0.515,   1.329,9999.000,9999.000,9999.000,9999.000,9999.000,9999.000,9999.000
202608061924,   0.469,   1.299,9999.000,9999.000,9999.000,9999.000,9999.000,9999.000,9999.000
202608061930,   0.423,   1.250,9999.000,9999.000,9999.000,9999.000,9999.000,9999.000,9999.000
202608061936,   0.378,   1.220,9999.000,9999.000,9999.000,9999.000,9999.000,9999.000,9999.000
202608061942,   0.334,   1.191,9999.000,9999.000,9999.000,9999.000,9999.000,9999.000,9999.000
202608061948,   0.291,   1.148,9999.000,9999.000,9999.000,9999.000,9999.000,9999.000,9999.000
202608061954,   0.249,   1.109,9999.000,9999.000,9999.000,9999.000,9999.000,9999.000,9999.000
202608062000,   0.208,   1.060,   0.200,   0.652,   1.060,   0.200,   1.060,   0.200,   1.060
202608062006,   0.167,   1.030,9999.000,9999.000,9999.000,9999.000,9999.000,9999.000,9999.000
202608062012,   0.128,   0.991,9999.000,9999.000,9999.000,9999.000,9999.000,9999.000,9999.000
202608062018,   0.089,   0.948,9999.000,9999.000,9999.000,9999.000,9999.000,9999.000,9999.000
202608062024,   0.051,   0.919,9999.000,9999.000,9999.000,9999.000,9999.000,9999.000,9999.000
202608062030,   0.015,   0.889,9999.000,9999.000,9999.000,9999.000,9999.000,9999.000,9999.000
202608062036,  -0.021,   0.860,9999.000,9999.000,9999.000,9999.000,9999.000,9999.000,9999.000
202608062042,  -0.056,   0.820,9999.000,9999.000,9999.000,9999.000,9999.000,9999.000,9999.000
202608062048,  -0.091,   0.791,9999.000,9999.000,9999.000,9999.000,9999.000,9999.000,9999.000
202608062054,  -0.126,   0.748,9999.000,9999.000,9999.000,9999.000,9999.000,9999.000,9999.000
202608062100,  -0.159,   0.719,   0.200,   0.678,   0.719,   0.200,   0.719,   0.200,   0.719
202608062106,  -0.193,   0.679,9999.000,9999.000,9999.000,9999.000,9999.000,9999.000,9999.000
202608062112,  -0.225,   0.640,9999.000,9999.000,9999.000,9999.000,9999.000,9999.000,9999.000
202608062118,  -0.258,   0.620,9999.000,9999.000,9999.000,9999.000,9999.000,9999.000,9999.000
202608062124,  -0.289,   0.601,9999.000,9999.000,9999.000,9999.000,9999.000,9999.000,9999.000
202608062130,  -0.320,   0.571,9999.000,9999.000,9999.000,9999.000,9999.000,9999.000,9999.000
202608062136,  -0.349,   0.551,9999.000,9999.000,9999.000,9999.000,9999.000,9999.000,9999.000
202608062142,  -0.378,   0.519,9999.000,9999.000,9999.000,9999.000,9999.000,9999.000,9999.000
202608062148,  -0.405,   0.479,9999.000,9999.000,9999.000,9999.000,9999.000,9999.000,9999.000
202608062154,  -0.432,   0.460,9999.000,9999.000,9999.000,9999.000,9999.000,9999.000,9999.000
202608062200,  -0.456,   0.420,   0.200,   0.676,   0.420,   0.200,   0.420,   0.200,   0.420
202608062206,  -0.479,   0.410,9999.000,9999.000,9999.000,9999.000,9999.000,9999.000,9999.000
202608062212,  -0.500,   0.381,9999.000,9999.000,9999.000,9999.000,9999.000,9999.000,9999.000
202608062218,  -0.518,   0.361,9999.000,9999.000,9999.000,9999.000,9999.000,9999.000,9999.000
202608062224,  -0.535,   0.351,9999.000,9999.000,9999.000,9999.000,9999.000,9999.000,9999.000
202608062230,  -0.549,   0.341,9999.000,9999.000,9999.000,9999.000,9999.000,9999.000,9999.000
202608062236,  -0.560,   0.318,9999.000,9999.000,9999.000,9999.000,9999.000,9999.000,9999.000
202608062242,  -0.568,   0.309,9999.000,9999.000,9999.000,9999.000,9999.000,9999.000,9999.000
202608062248,  -0.573,   0.299,9999.000,9999.000,9999.000,9999.000,9999.000,9999.000,9999.000
202608062254,  -0.576,   0.318,9999.000,9999.000,9999.000,9999.000,9999.000,9999.000,9999.000
202608062300,  -0.575,   0.318,   0.200,   0.693,   0.318,   0.200,   0.318,   0.200,   0.318
202608062306,  -0.571,   0.328,9999.000,9999.000,9999.000,9999.000,9999.000,9999.000,9999.000
202608062312,  -0.563,   0.341,9999.000,9999.000,9999.000,9999.000,9999.000,9999.000,9999.000
202608062318,  -0.552,   0.341,9999.000,9999.000,9999.000,9999.000,9999.000,9999.000,9999.000
202608062324,  -0.538,   0.351,9999.000,9999.000,9999.000,9999.000,9999.000,9999.000,9999.000
202608062330,  -0.521,   0.361,9999.000,9999.000,9999.000,9999.000,9999.000,9999.000,9999.000
202608062336,  -0.500,   0.410,9999.000,9999.000,9999.000,9999.000,9999.000,9999.000,9999.000
202608062342,  -0.475,   0.460,9999.000,9999.000,9999.000,9999.000,9999.000,9999.000,9999.000
202608062348,  -0.448,   0.509,9999.000,9999.000,9999.000,9999.000,9999.000,9999.000,9999.000
202608062354,  -0.417,   0.571,9999.000,9999.000,9999.000,9999.000,9999.000,9999.000,9999.000
202608070000,  -0.382,   0.640,   0.400,   0.622,   0.640,   0.300,   0.540,   0.400,   0.640
202608070006,  -0.344,   0.719,9999.000,9999.000,9999.000,9999.000,9999.000,9999.000,9999.000
202608070012,  -0.303,   0.801,9999.000,9999.000,9999.000,9999.000,9999.000,9999.000,9999.000
202608070018,  -0.259,   0.879,9999.000,9999.000,9999.000,9999.000,9999.000,9999.000,9999.000
202608070024,  -0.211,   0.981,9999.000,9999.000,9999.000,9999.000,9999.000,9999.000,9999.000
202608070030,  -0.160,   1.089,9999.000,9999.000,9999.000,9999.000,9999.000,9999.000,9999.000
202608070036,  -0.105,   1.201,9999.000,9999.000,9999.000,9999.000,9999.000,9999.000,9999.000
202608070042,  -0.047,   1.250,9999.000,9999.000,9999.000,9999.000,9999.000,9999.000,9999.000
202608070048,   0.013,   1.358,9999.000,9999.000,9999.000,9999.000,9999.000,9999.000,9999.000
202608070054,   0.078,   1.548,9999.000,9999.000,9999.000,9999.000,9999.000,9999.000,9999.000
202608070100,   0.147,   1.690,   0.400,   1.143,   1.690,   0.300,   1.590,   0.400,   1.690
202608070106,   0.219,   1.811,9999.000,9999.000,9999.000,9999.000,9999.000,9999.000,9999.000
202608070112,   0.294,   1.929,9999.000,9999.000,9999.000,9999.000,9999.000,9999.000,9999.000
202608070118,   0.373,   2.090,9999.000,9999.000,9999.000,9999.000,9999.000,9999.000,9999.000
202608070124,   0.456,   2.250,9999.000,9999.000,9999.000,9999.000,9999.000,9999.000,9999.000
202608070130,   0.541,   2.388,9999.000,9999.000,9999.000,9999.000,9999.000,9999.000,9999.000
202608070136,   0.630,   2.519,9999.000,9999.000,9999.000,9999.000,9999.000,9999.000,9999.000
202608070142,   0.722,   2.651,9999.000,9999.000,9999.000,9999.000,9999.000,9999.000,9999.000
202608070148,   0.816,   2.769,9999.000,9999.000,9999.000,9999.000,9999.000,9999.000,9999.000
202608070154,   0.914,   2.900,9999.000,9999.000,9999.000,9999.000,9999.000,9999.000,9999.000
202608070200,   1.013,   3.008,   0.400,   1.595,   3.008,   0.300,   2.908,   0.400,   3.008
202608070206,   1.115,   3.110,9999.000,9999.000,9999.000,9999.000,9999.000,9999.000,9999.000
202608070212,   1.218,   3.218,9999.000,9999.000,9999.000,9999.000,9999.000,9999.000,9999.000
202608070218,   1.323,   3.310,9999.000,9999.000,9999.000,9999.000,9999.000,9999.000,9999.000
202608070224,   1.429,   3.418,9999.000,9999.000,9999.000,9999.000,9999.000,9999.000,9999.000
202608070230,   1.535,   3.500,9999.000,9999.000,9999.000,9999.000,9999.000,9999.000,9999.000
202608070236,   1.641,   3.569,9999.000,9999.000,9999.000,9999.000,9999.000,9999.000,9999.000
202608070242,   1.746,   3.628,9999.000,9999.000,9999.000,9999.000,9999.000,9999.000,9999.000
202608070248,   1.851,   3.740,9999.000,9999.000,9999.000,9999.000,9999.000,9999.000,9999.000
202608070254,   1.954,   3.799,9999.000,9999.000,9999.000,9999.000,9999.000,9999.000,9999.000
202608070300,   2.056,   3.867,   0.400,   1.411,   3.867,   0.300,   3.767,   0.400,   3.867
202608070306,   2.155,   3.940,9999.000,9999.000,9999.000,9999.000,9999.000,9999.000,9999.000
202608070312,   2.251,   3.989,9999.000,9999.000,9999.000,9999.000,9999.000,9999.000,9999.000
202608070318,   2.344,   4.048,9999.000,9999.000,9999.000,9999.000,9999.000,9999.000,9999.000
202608070324,   2.433,   4.058,9999.000,9999.000,9999.000,9999.000,9999.000,9999.000,9999.000
202608070330,   2.518,   4.120,9999.000,9999.000,9999.000,9999.000,9999.000,9999.000,9999.000
202608070336,   2.599,   4.179,9999.000,9999.000,9999.000,9999.000,9999.000,9999.000,9999.000
202608070342,   2.674,   4.209,9999.000,9999.000,9999.000,9999.000,9999.000,9999.000,9999.000
202608070348,   2.745,   4.238,9999.000,9999.000,9999.000,9999.000,9999.000,9999.000,9999.000
202608070354,   2.810,   4.268,9999.000,9999.000,9999.000,9999.000,9999.000,9999.000,9999.000
202608070400,   2.869,   4.310,   0.400,   1.041,   4.310,   0.300,   4.210,   0.400,   4.310
202608070406,   2.923,   4.320,9999.000,9999.000,9999.000,9999.000,9999.000,9999.000,9999.000
202608070412,   2.971,   4.350,9999.000,9999.000,9999.000,9999.000,9999.000,9999.000,9999.000
202608070418,   3.012,   4.359,9999.000,9999.000,9999.000,9999.000,9999.000,9999.000,9999.000
202608070424,   3.047,   4.369,9999.000,9999.000,9999.000,9999.000,9999.000,9999.000,9999.000
202608070430,   3.076,   4.389,9999.000,9999.000,9999.000,9999.000,9999.000,9999.000,9999.000
202608070436,   3.099,   4.389,9999.000,9999.000,9999.000,9999.000,9999.000,9999.000,9999.000
202608070442,   3.115,   4.389,9999.000,9999.000,9999.000,9999.000,9999.000,9999.000,9999.000
202608070448,   3.124,   4.389,9999.000,9999.000,9999.000,9999.000,9999.000,9999.000,9999.000
202608070454,   3.128,   4.389,9999.000,9999.000,9999.000,9999.000,9999.000,9999.000,9999.000
202608070500,   3.125,   4.379,   0.400,   0.854,   4.379,   0.300,   4.279,   0.400,   4.379
202608070506,   3.116,   4.369,9999.000,9999.000,9999.000,9999.000,9999.000,9999.000,9999.000
202608070512,   3.100,   4.350,9999.000,9999.000,9999.000,9999.000,9999.000,9999.000,9999.000
202608070518,   3.079,   4.320,9999.000,9999.000,9999.000,9999.000,9999.000,9999.000,9999.000
202608070524,   3.052,   4.277,9999.000,9999.000,9999.000,9999.000,9999.000,9999.000,9999.000
202608070530,   3.019,   4.248,9999.000,9999.000,9999.000,9999.000,9999.000,9999.000,9999.000
202608070536,   2.980,   4.189,9999.000,9999.000,9999.000,9999.000,9999.000,9999.000,9999.000
202608070542,   2.936,   4.130,9999.000,9999.000,9999.000,9999.000,9999.000,9999.000,9999.000
202608070548,   2.887,   4.048,9999.000,9999.000,9999.000,9999.000,9999.000,9999.000,9999.000
202608070554,   2.833,   3.969,9999.000,9999.000,9999.000,9999.000,9999.000,9999.000,9999.000
202608070600,   2.775,   3.890,   0.400,   0.715,   3.890,   0.400,   3.890,   0.500,   3.990
202608070606,   2.712,   3.789,9999.000,9999.000,9999.000,9999.000,9999.000,9999.000,9999.000
202608070612,   2.646,   3.700,9999.000,9999.000,9999.000,9999.000,9999.000,9999.000,9999.000
202608070618,   2.575,   3.608,9999.000,9999.000,9999.000,9999.000,9999.000,9999.000,9999.000
202608070624,   2.502,   3.530,9999.000,9999.000,9999.000,9999.000,9999.000,9999.000,9999.000
202608070630,   2.426,   3.438,9999.000,9999.000,9999.000,9999.000,9999.000,9999.000,9999.000
202608070636,   2.347,   3.369,9999.000,9999.000,9999.000,9999.000,9999.000,9999.000,9999.000
202608070642,   2.267,   3.300,9999.000,9999.000,9999.000,9999.000,9999.000,9999.000,9999.000
202608070648,   2.185,   3.228,9999.000,9999.000,9999.000,9999.000,9999.000,9999.000,9999.000
202608070654,   2.102,   3.169,9999.000,9999.000,9999.000,9999.000,9999.000,9999.000,9999.000
202608070700,   2.018,   3.110,   0.400,   0.692,   3.110,   0.400,   3.110,   0.500,   3.210
202608070706,   1.934,   3.061,9999.000,9999.000,9999.000,9999.000,9999.000,9999.000,9999.000
202608070712,   1.851,   2.998,9999.000,9999.000,9999.000,9999.000,9999.000,9999.000,9999.000
202608070718,   1.769,   2.959,9999.000,9999.000,9999.000,9999.000,9999.000,9999.000,9999.000
202608070724,   1.688,   2.910,9999.000,9999.000,9999.000,9999.000,9999.000,9999.000,9999.000
202608070730,   1.608,   2.870,9999.000,9999.000,9999.000,9999.000,9999.000,9999.000,9999.000
202608070736,   1.530,   2.818,9999.000,9999.000,9999.000,9999.000,9999.000,9999.000,9999.000
202608070742,   1.455,   2.778,9999.000,9999.000,9999.000,9999.000,9999.000,9999.000,9999.000
202608070748,   1.382,   2.729,9999.000,9999.000,9999.000,9999.000,9999.000,9999.000,9999.000
202608070754,   1.311,   2.680,9999.000,9999.000,9999.000,9999.000,9999.000,9999.000,9999.000
202608070800,   1.244,   2.641,   0.400,   0.997,   2.641,   0.400,   2.641,   0.500,   2.741
202608070806,   1.179,   2.588,9999.000,9999.000,9999.000,9999.000,9999.000,9999.000,9999.000
202608070812,   1.118,   2.539,9999.000,9999.000,9999.000,9999.000,9999.000,9999.000,9999.000
202608070818,   1.060,   2.480,9999.000,9999.000,9999.000,9999.000,9999.000,9999.000,9999.000
202608070824,   1.005,   2.441,9999.000,9999.000,9999.000,9999.000,9999.000,9999.000,9999.000
202608070830,   0.953,   2.378,9999.000,9999.000,9999.000,9999.000,9999.000,9999.000,9999.000
202608070836,   0.904,   2.329,9999.000,9999.000,9999.000,9999.000,9999.000,9999.000,9999.000
202608070842,   0.857,   2.260,9999.000,9999.000,9999.000,9999.000,9999.000,9999.000,9999.000
202608070848,   0.813,   2.208,9999.000,9999.000,9999.000,9999.000,9999.000,9999.000,9999.000
202608070854,   0.772,   2.159,9999.000,9999.000,9999.000,9999.000,9999.000,9999.000,9999.000
202608070900,   0.733,   2.100,   0.400,   0.967,   2.100,   0.400,   2.100,   0.500,   2.200
202608070906,   0.695,   2.040,9999.000,9999.000,9999.000,9999.000,9999.000,9999.000,9999.000
202608070912,   0.660,   1.978,9999.000,9999.000,9999.000,9999.000,9999.000,9999.000,9999.000
202608070918,   0.626,   1.929,9999.000,9999.000,9999.000,9999.000,9999.000,9999.000,9999.000
202608070924,   0.593,   1.870,9999.000,9999.000,9999.000,9999.000,9999.000,9999.000,9999.000
202608070930,   0.561,   1.821,9999.000,9999.000,9999.000,9999.000,9999.000,9999.000,9999.000
202608070936,   0.530,   1.749,9999.000,9999.000,9999.000,9999.000,9999.000,9999.000,9999.000
202608070942,   0.500,   1.699,9999.000,9999.000,9999.000,9999.000,9999.000,9999.000,9999.000
202608070948,   0.470,   1.640,9999.000,9999.000,9999.000,9999.000,9999.000,9999.000,9999.000
202608070954,   0.441,   1.591,9999.000,9999.000,9999.000,9999.000,9999.000,9999.000,9999.000
202608071000,   0.411,   1.529,   0.400,   0.718,   1.529,   0.400,   1.529,   0.500,   1.629
202608071006,   0.382,   1.470,9999.000,9999.000,9999.000,9999.000,9999.000,9999.000,9999.000
202608071012,   0.353,   1.421,9999.000,9999.000,9999.000,9999.000,9999.000,9999.000,9999.000
202608071018,   0.323,   1.358,9999.000,9999.000,9999.000,9999.000,9999.000,9999.000,9999.000
202608071024,   0.294,   1.299,9999.000,9999.000,9999.000,9999.000,9999.000,9999.000,9999.000
202608071030,   0.264,   1.250,9999.000,9999.000,9999.000,9999.000,9999.000,9999.000,9999.000
202608071036,   0.234,   1.191,9999.000,9999.000,9999.000,9999.000,9999.000,9999.000,9999.000
202608071042,   0.204,   1.138,9999.000,9999.000,9999.000,9999.000,9999.000,9999.000,9999.000
202608071048,   0.173,   1.089,9999.000,9999.000,9999.000,9999.000,9999.000,9999.000,9999.000
202608071054,   0.142,   1.040,9999.000,9999.000,9999.000,9999.000,9999.000,9999.000,9999.000
202608071100,   0.111,   0.981,   0.400,   0.470,   0.981,   0.400,   0.981,   0.500,   1.081
202608071106,   0.080,   0.938,9999.000,9999.000,9999.000,9999.000,9999.000,9999.000,9999.000
202608071112,   0.048,   0.879,9999.000,9999.000,9999.000,9999.000,9999.000,9999.000,9999.000
202608071118,   0.015,   0.830,9999.000,9999.000,9999.000,9999.000,9999.000,9999.000,9999.000
202608071124,  -0.016,   0.771,9999.000,9999.000,9999.000,9999.000,9999.000,9999.000,9999.000
202608071130,  -0.049,   0.719,9999.000,9999.000,9999.000,9999.000,9999.000,9999.000,9999.000
202608071136,  -0.083,   0.669,9999.000,9999.000,9999.000,9999.000,9999.000,9999.000,9999.000
202608071142,  -0.117,   0.620,9999.000,9999.000,9999.000,9999.000,9999.000,9999.000,9999.000
202608071148,  -0.151,   0.571,9999.000,9999.000,9999.000,9999.000,9999.000,9999.000,9999.000
202608071154,  -0.186,   0.519,9999.000,9999.000,9999.000,9999.000,9999.000,9999.000,9999.000
202608071200,  -0.221,   0.469,   0.400,   0.290,   0.469,   0.300,   0.369,   0.400,   0.469
202608071206,  -0.257,   0.410,9999.000,9999.000,9999.000,9999.000,9999.000,9999.000,9999.000
202608071212,  -0.293,   0.341,9999.000,9999.000,9999.000,9999.000,9999.000,9999.000,9999.000
202608071218,  -0.329,   0.318,9999.000,9999.000,9999.000,9999.000,9999.000,9999.000,9999.000
202608071224,  -0.366,   0.269,9999.000,9999.000,9999.000,9999.000,9999.000,9999.000,9999.000
202608071230,  -0.402,   0.230,9999.000,9999.000,9999.000,9999.000,9999.000,9999.000,9999.000
202608071236,  -0.439,   0.191,9999.000,9999.000,9999.000,9999.000,9999.000,9999.000,9999.000
202608071242,  -0.475,   0.151,9999.000,9999.000,9999.000,9999.000,9999.000,9999.000,9999.000
202608071248,  -0.510,   0.099,9999.000,9999.000,9999.000,9999.000,9999.000,9999.000,9999.000
202608071254,  -0.545,   0.069,9999.000,9999.000,9999.000,9999.000,9999.000,9999.000,9999.000
202608071300,  -0.579,   0.030,   0.400,   0.209,   0.030,   0.300,  -0.070,   0.400,   0.030
202608071306,  -0.612,   0.000,9999.000,9999.000,9999.000,9999.000,9999.000,9999.000,9999.000
202608071312,  -0.643,  -0.029,9999.000,9999.000,9999.000,9999.000,9999.000,9999.000,9999.000
202608071318,  -0.672,  -0.059,9999.000,9999.000,9999.000,9999.000,9999.000,9999.000,9999.000
202608071324,  -0.699,  -0.078,9999.000,9999.000,9999.000,9999.000,9999.000,9999.000,9999.000
202608071330,  -0.724,  -0.101,9999.000,9999.000,9999.000,9999.000,9999.000,9999.000,9999.000
202608071336,  -0.745,  -0.121,9999.000,9999.000,9999.000,9999.000,9999.000,9999.000,9999.000
202608071342,  -0.764,  -0.131,9999.000,9999.000,9999.000,9999.000,9999.000,9999.000,9999.000
202608071348,  -0.779,  -0.131,9999.000,9999.000,9999.000,9999.000,9999.000,9999.000,9999.000
202608071354,  -0.790,  -0.141,9999.000,9999.000,9999.000,9999.000,9999.000,9999.000,9999.000
202608071400,  -0.797,  -0.131,   0.300,   0.366,  -0.131,   0.300,  -0.131,   0.400,  -0.031
202608071406,  -0.801,  -0.131,9999.000,9999.000,9999.000,9999.000,9999.000,9999.000,9999.000
202608071412,  -0.799,  -0.141,9999.000,9999.000,9999.000,9999.000,9999.000,9999.000,9999.000
202608071418,  -0.794,  -0.131,9999.000,9999.000,9999.000,9999.000,9999.000,9999.000,9999.000
202608071424,  -0.784,  -0.078,9999.000,9999.000,9999.000,9999.000,9999.000,9999.000,9999.000
202608071430,  -0.769,  -0.059,9999.000,9999.000,9999.000,9999.000,9999.000,9999.000,9999.000
202608071436,  -0.750,  -0.019,9999.000,9999.000,9999.000,9999.000,9999.000,9999.000,9999.000
202608071442,  -0.726,   0.020,9999.000,9999.000,9999.000,9999.000,9999.000,9999.000,9999.000
202608071448,  -0.697,   0.059,9999.000,9999.000,9999.000,9999.000,9999.000,9999.000,9999.000
202608071454,  -0.665,   0.109,9999.000,9999.000,9999.000,9999.000,9999.000,9999.000,9999.000
202608071500,  -0.628,   0.171,   0.300,   0.499,   0.171,   0.300,   0.171,   0.400,   0.271
202608071506,  -0.587,   0.230,9999.000,9999.000,9999.000,9999.000,9999.000,9999.000,9999.000
202608071512,  -0.543,   0.299,9999.000,9999.000,9999.000,9999.000,9999.000,9999.000,9999.000
202608071518,  -0.495,   0.371,9999.000,9999.000,9999.000,9999.000,9999.000,9999.000,9999.000
202608071524,  -0.444,   0.440,9999.000,9999.000,9999.000,9999.000,9999.000,9999.000,9999.000
202608071530,  -0.391,   0.509,9999.000,9999.000,9999.000,9999.000,9999.000,9999.000,9999.000
202608071536,  -0.334,   0.581,9999.000,9999.000,9999.000,9999.000,9999.000,9999.000,9999.000
202608071542,  -0.276,   0.669,9999.000,9999.000,9999.000,9999.000,9999.000,9999.000,9999.000
202608071548,  -0.216,   0.748,9999.000,9999.000,9999.000,9999.000,9999.000,9999.000,9999.000
202608071554,  -0.154,   0.840,9999.000,9999.000,9999.000,9999.000,9999.000,9999.000,9999.000
202608071600,  -0.091,   0.919,   0.300,   0.710,   0.919,   0.300,   0.919,   0.400,   1.019
202608071606,  -0.027,   1.020,9999.000,9999.000,9999.000,9999.000,9999.000,9999.000,9999.000
202608071612,   0.036,   1.109,9999.000,9999.000,9999.000,9999.000,9999.000,9999.000,9999.000
202608071618,   0.101,   1.191,9999.000,9999.000,9999.000,9999.000,9999.000,9999.000,9999.000
202608071624,   0.165,   1.280,9999.000,9999.000,9999.000,9999.000,9999.000,9999.000,9999.000
202608071630,   0.229,   1.368,9999.000,9999.000,9999.000,9999.000,9999.000,9999.000,9999.000
202608071636,   0.293,   1.450,9999.000,9999.000,9999.000,9999.000,9999.000,9999.000,9999.000
202608071642,   0.355,   1.539,9999.000,9999.000,9999.000,9999.000,9999.000,9999.000,9999.000
202608071648,   0.417,   1.621,9999.000,9999.000,9999.000,9999.000,9999.000,9999.000,9999.000
202608071654,   0.476,   1.690,9999.000,9999.000,9999.000,9999.000,9999.000,9999.000,9999.000
202608071700,   0.535,   1.768,   0.300,   0.933,   1.768,   0.300,   1.768,   0.400,   1.868
202608071706,   0.591,   1.840,9999.000,9999.000,9999.000,9999.000,9999.000,9999.000,9999.000
202608071712,   0.645,   1.909,9999.000,9999.000,9999.000,9999.000,9999.000,9999.000,9999.000
202608071718,   0.696,   1.978,9999.000,9999.000,9999.000,9999.000,9999.000,9999.000,9999.000
202608071724,   0.745,   2.031,9999.000,9999.000,9999.000,9999.000,9999.000,9999.000,9999.000
202608071730,   0.791,   2.070,9999.000,9999.000,9999.000,9999.000,9999.000,9999.000,9999.000
202608071736,   0.834,   2.100,9999.000,9999.000,9999.000,9999.000,9999.000,9999.000,9999.000
202608071742,   0.873,   2.129,9999.000,9999.000,9999.000,9999.000,9999.000,9999.000,9999.000
202608071748,   0.909,   2.159,9999.000,9999.000,9999.000,9999.000,9999.000,9999.000,9999.000
202608071754,   0.941,   2.168,9999.000,9999.000,9999.000,9999.000,9999.000,9999.000,9999.000
202608071800,   0.970,   2.188,   0.300,   0.918,   2.188,   0.300,   2.188,   0.300,   2.188
202608071806,   0.994,   2.188,9999.000,9999.000,9999.000,9999.000,9999.000,9999.000,9999.000
202608071812,   1.015,   2.188,9999.000,9999.000,9999.000,9999.000,9999.000,9999.000,9999.000
202608071818,   1.031,   2.168,9999.000,9999.000,9999.000,9999.000,9999.000,9999.000,9999.000
202608071824,   1.043,   2.168,9999.000,9999.000,9999.000,9999.000,9999.000,9999.000,9999.000
202608071830,   1.051,   2.159,9999.000,9999.000,9999.000,9999.000,9999.000,9999.000,9999.000
202608071836,   1.054,   2.149,9999.000,9999.000,9999.000,9999.000,9999.000,9999.000,9999.000
202608071842,   1.054,   2.129,9999.000,9999.000,9999.000,9999.000,9999.000,9999.000,9999.000
202608071848,   1.049,   2.119,9999.000,9999.000,9999.000,9999.000,9999.000,9999.000,9999.000
202608071854,   1.040,   2.100,9999.000,9999.000,9999.000,9999.000,9999.000,9999.000,9999.000
202608071900,   1.028,   2.080,   0.300,   0.752,   2.080,   0.300,   2.080,   0.300,   2.080
202608071906,   1.012,   2.050,9999.000,9999.000,9999.000,9999.000,9999.000,9999.000,9999.000
202608071912,   0.992,   2.021,9999.000,9999.000,9999.000,9999.000,9999.000,9999.000,9999.000
202608071918,   0.969,   1.978,9999.000,9999.000,9999.000,9999.000,9999.000,9999.000,9999.000
202608071924,   0.944,   1.939,9999.000,9999.000,9999.000,9999.000,9999.000,9999.000,9999.000
202608071930,   0.916,   1.880,9999.000,9999.000,9999.000,9999.000,9999.000,9999.000,9999.000
202608071936,   0.885,   1.831,9999.000,9999.000,9999.000,9999.000,9999.000,9999.000,9999.000
202608071942,   0.853,   1.778,9999.000,9999.000,9999.000,9999.000,9999.000,9999.000,9999.000
202608071948,   0.818,   1.739,9999.000,9999.000,9999.000,9999.000,9999.000,9999.000,9999.000
202608071954,   0.783,   1.690,9999.000,9999.000,9999.000,9999.000,9999.000,9999.000,9999.000
202608072000,   0.746,   1.650,   0.300,   0.604,   1.650,   0.300,   1.650,   0.300,   1.650
202608072006,   0.708,   1.611,9999.000,9999.000,9999.000,9999.000,9999.000,9999.000,9999.000
202608072012,   0.670,   1.558,9999.000,9999.000,9999.000,9999.000,9999.000,9999.000,9999.000
202608072018,   0.631,   1.519,9999.000,9999.000,9999.000,9999.000,9999.000,9999.000,9999.000
202608072024,   0.592,   1.480,9999.000,9999.000,9999.000,9999.000,9999.000,9999.000,9999.000
202608072030,   0.553,   1.440,9999.000,9999.000,9999.000,9999.000,9999.000,9999.000,9999.000
202608072036,   0.514,   1.411,9999.000,9999.000,9999.000,9999.000,9999.000,9999.000,9999.000
202608072042,   0.476,   1.358,9999.000,9999.000,9999.000,9999.000,9999.000,9999.000,9999.000
202608072048,   0.438,   1.329,9999.000,9999.000,9999.000,9999.000,9999.000,9999.000,9999.000
202608072054,   0.400,   1.289,9999.000,9999.000,9999.000,9999.000,9999.000,9999.000,9999.000
202608072100,   0.363,   1.260,   0.300,   0.597,   1.260,   0.300,   1.260,   0.300,   1.260
202608072106,   0.326,   1.230,9999.000,9999.000,9999.000,9999.000,9999.000,9999.000,9999.000
202608072112,   0.290,   1.201,9999.000,9999.000,9999.000,9999.000,9999.000,9999.000,9999.000
202608072118,   0.254,   1.181,9999.000,9999.000,9999.000,9999.000,9999.000,9999.000,9999.000
202608072124,   0.219,   1.148,9999.000,9999.000,9999.000,9999.000,9999.000,9999.000,9999.000
202608072130,   0.184,   1.109,9999.000,9999.000,9999.000,9999.000,9999.000,9999.000,9999.000
202608072136,   0.150,   1.079,9999.000,9999.000,9999.000,9999.000,9999.000,9999.000,9999.000
202608072142,   0.116,   1.040,9999.000,9999.000,9999.000,9999.000,9999.000,9999.000,9999.000
202608072148,   0.083,   1.001,9999.000,9999.000,9999.000,9999.000,9999.000,9999.000,9999.000
202608072154,   0.050,   0.981,9999.000,9999.000,9999.000,9999.000,9999.000,9999.000,9999.000
202608072200,   0.018,   0.938,   0.300,   0.620,   0.938,   0.300,   0.938,   0.300,   0.938
202608072206,  -0.013,   0.919,9999.000,9999.000,9999.000,9999.000,9999.000,9999.000,9999.000
202608072212,  -0.044,   0.899,9999.000,9999.000,9999.000,9999.000,9999.000,9999.000,9999.000
202608072218,  -0.074,   0.870,9999.000,9999.000,9999.000,9999.000,9999.000,9999.000,9999.000
202608072224,  -0.103,   0.860,9999.000,9999.000,9999.000,9999.000,9999.000,9999.000,9999.000
202608072230,  -0.131,   0.830,9999.000,9999.000,9999.000,9999.000,9999.000,9999.000,9999.000
202608072236,  -0.158,   0.801,9999.000,9999.000,9999.000,9999.000,9999.000,9999.000,9999.000
202608072242,  -0.184,   0.738,9999.000,9999.000,9999.000,9999.000,9999.000,9999.000,9999.000
202608072248,  -0.208,   0.771,9999.000,9999.000,9999.000,9999.000,9999.000,9999.000,9999.000
202608072254,  -0.231,   0.748,9999.000,9999.000,9999.000,9999.000,9999.000,9999.000,9999.000
202608072300,  -0.252,   0.728,   0.300,   0.680,   0.728,   0.300,   0.728,   0.300,   0.728
202608072306,  -0.271,   0.728,9999.000,9999.000,9999.000,9999.000,9999.000,9999.000,9999.000
202608072312,  -0.288,   0.699,9999.000,9999.000,9999.000,9999.000,9999.000,9999.000,9999.000
202608072318,  -0.302,   0.689,9999.000,9999.000,9999.000,9999.000,9999.000,9999.000,9999.000
202608072324,  -0.314,   0.679,9999.000,9999.000,9999.000,9999.000,9999.000,9999.000,9999.000
202608072330,  -0.324,   0.660,9999.000,9999.000,9999.000,9999.000,9999.000,9999.000,9999.000
202608072336,  -0.331,   0.640,9999.000,9999.000,9999.000,9999.000,9999.000,9999.000,9999.000
202608072342,  -0.335,   0.630,9999.000,9999.000,9999.000,9999.000,9999.000,9999.000,9999.000
202608072348,  -0.337,   0.620,9999.000,9999.000,9999.000,9999.000,9999.000,9999.000,9999.000
202608072354,  -0.336,   0.610,9999.000,9999.000,9999.000,9999.000,9999.000,9999.000,9999.000
202608080000,  -0.332,   0.601,   0.500,   0.433,   0.601,   0.500,   0.601,   0.500,   0.601
202608080006,  -0.325,   0.601,9999.000,9999.000,9999.000,9999.000,9999.000,9999.000,9999.000
202608080012,  -0.316,   0.601,9999.000,9999.000,9999.000,9999.000,9999.000,9999.000,9999.000
202608080018,  -0.304,   0.610,9999.000,9999.000,9999.000,9999.000,9999.000,9999.000,9999.000
202608080024,  -0.289,   0.630,9999.000,9999.000,9999.000,9999.000,9999.000,9999.000,9999.000
202608080030,  -0.271,   0.640,9999.000,9999.000,9999.000,9999.000,9999.000,9999.000,9999.000
202608080036,  -0.251,   0.669,9999.000,9999.000,9999.000,9999.000,9999.000,9999.000,9999.000
202608080042,  -0.228,   0.699,9999.000,9999.000,9999.000,9999.000,9999.000,9999.000,9999.000
202608080048,  -0.203,   0.738,9999.000,9999.000,9999.000,9999.000,9999.000,9999.000,9999.000
202608080054,  -0.174,   0.801,9999.000,9999.000,9999.000,9999.000,9999.000,9999.000,9999.000
202608080100,  -0.144,   0.840,   0.500,   0.484,   0.840,   0.500,   0.840,   0.500,   0.840
202608080106,  -0.110,   0.909,9999.000,9999.000,9999.000,9999.000,9999.000,9999.000,9999.000
202608080112,  -0.074,   0.981,9999.000,9999.000,9999.000,9999.000,9999.000,9999.000,9999.000
202608080118,  -0.036,   1.050,9999.000,9999.000,9999.000,9999.000,9999.000,9999.000,9999.000
202608080124,   0.005,   1.148,9999.000,9999.000,9999.000,9999.000,9999.000,9999.000,9999.000
202608080130,   0.049,   1.240,9999.000,9999.000,9999.000,9999.000,9999.000,9999.000,9999.000
202608080136,   0.097,   1.339,9999.000,9999.000,9999.000,9999.000,9999.000,9999.000,9999.000
202608080142,   0.147,   1.450,9999.000,9999.000,9999.000,9999.000,9999.000,9999.000,9999.000
202608080148,   0.200,   1.558,9999.000,9999.000,9999.000,9999.000,9999.000,9999.000,9999.000
202608080154,   0.257,   1.660,9999.000,9999.000,9999.000,9999.000,9999.000,9999.000,9999.000
202608080200,   0.316,   1.788,   0.500,   0.972,   1.788,   0.500,   1.788,   0.500,   1.788
202608080206,   0.379,   1.899,9999.000,9999.000,9999.000,9999.000,9999.000,9999.000,9999.000
202608080212,   0.445,   2.011,9999.000,9999.000,9999.000,9999.000,9999.000,9999.000,9999.000
202608080218,   0.515,   2.129,9999.000,9999.000,9999.000,9999.000,9999.000,9999.000,9999.000
202608080224,   0.588,   2.250,9999.000,9999.000,9999.000,9999.000,9999.000,9999.000,9999.000
202608080230,   0.664,   2.378,9999.000,9999.000,9999.000,9999.000,9999.000,9999.000,9999.000
202608080236,   0.743,   2.490,9999.000,9999.000,9999.000,9999.000,9999.000,9999.000,9999.000
202608080242,   0.825,   2.608,9999.000,9999.000,9999.000,9999.000,9999.000,9999.000,9999.000
202608080248,   0.910,   2.719,9999.000,9999.000,9999.000,9999.000,9999.000,9999.000,9999.000
202608080254,   0.997,   2.841,9999.000,9999.000,9999.000,9999.000,9999.000,9999.000,9999.000
202608080300,   1.087,   2.939,   0.500,   1.352,   2.939,   0.500,   2.939,   0.500,   2.939
202608080306,   1.180,   3.051,9999.000,9999.000,9999.000,9999.000,9999.000,9999.000,9999.000
202608080312,   1.273,   3.159,9999.000,9999.000,9999.000,9999.000,9999.000,9999.000,9999.000
202608080318,   1.369,   3.261,9999.000,9999.000,9999.000,9999.000,9999.000,9999.000,9999.000
202608080324,   1.465,   3.349,9999.000,9999.000,9999.000,9999.000,9999.000,9999.000,9999.000
202608080330,   1.562,   3.438,9999.000,9999.000,9999.000,9999.000,9999.000,9999.000,9999.000
202608080336,   1.660,   3.539,9999.000,9999.000,9999.000,9999.000,9999.000,9999.000,9999.000
202608080342,   1.757,   3.608,9999.000,9999.000,9999.000,9999.000,9999.000,9999.000,9999.000
202608080348,   1.854,   3.690,9999.000,9999.000,9999.000,9999.000,9999.000,9999.000,9999.000
202608080354,   1.949,   3.749,9999.000,9999.000,9999.000,9999.000,9999.000,9999.000,9999.000
202608080400,   2.043,   3.799,   0.500,   1.256,   3.799,   0.500,   3.799,   0.500,   3.799
202608080406,   2.136,   3.858,9999.000,9999.000,9999.000,9999.000,9999.000,9999.000,9999.000
202608080412,   2.225,   3.900,9999.000,9999.000,9999.000,9999.000,9999.000,9999.000,9999.000
202608080418,   2.312,   3.949,9999.000,9999.000,9999.000,9999.000,9999.000,9999.000,9999.000
202608080424,   2.396,   3.989,9999.000,9999.000,9999.000,9999.000,9999.000,9999.000,9999.000
202608080430,   2.477,   4.038,9999.000,9999.000,9999.000,9999.000,9999.000,9999.000,9999.000
202608080436,   2.553,   4.077,9999.000,9999.000,9999.000,9999.000,9999.000,9999.000,9999.000
202608080442,   2.626,   4.120,9999.000,9999.000,9999.000,9999.000,9999.000,9999.000,9999.000
202608080448,   2.694,   4.169,9999.000,9999.000,9999.000,9999.000,9999.000,9999.000,9999.000
202608080454,   2.757,   4.199,9999.000,9999.000,9999.000,9999.000,9999.000,9999.000,9999.000
202608080500,   2.815,   4.228,   0.500,   0.913,   4.228,   0.500,   4.228,   0.500,   4.228
202608080506,   2.868,   4.258,9999.000,9999.000,9999.000,9999.000,9999.000,9999.000,9999.000
202608080512,   2.916,   4.277,9999.000,9999.000,9999.000,9999.000,9999.000,9999.000,9999.000
202608080518,   2.958,   4.310,9999.000,9999.000,9999.000,9999.000,9999.000,9999.000,9999.000
202608080524,   2.995,   4.330,9999.000,9999.000,9999.000,9999.000,9999.000,9999.000,9999.000
202608080530,   3.026,   4.340,9999.000,9999.000,9999.000,9999.000,9999.000,9999.000,9999.000
202608080536,   3.051,   4.359,9999.000,9999.000,9999.000,9999.000,9999.000,9999.000,9999.000
202608080542,   3.071,   4.359,9999.000,9999.000,9999.000,9999.000,9999.000,9999.000,9999.000
202608080548,   3.084,   4.369,9999.000,9999.000,9999.000,9999.000,9999.000,9999.000,9999.000
202608080554,   3.092,   4.369,9999.000,9999.000,9999.000,9999.000,9999.000,9999.000,9999.000
202608080600,   3.093,   4.369,   0.600,   0.676,   4.369,   0.500,   4.269,   0.600,   4.369
202608080606,   3.089,   4.369,9999.000,9999.000,9999.000,9999.000,9999.000,9999.000,9999.000
202608080612,   3.079,   4.300,9999.000,9999.000,9999.000,9999.000,9999.000,9999.000,9999.000
202608080618,   3.062,   4.268,9999.000,9999.000,9999.000,9999.000,9999.000,9999.000,9999.000
202608080624,   3.041,   4.258,9999.000,9999.000,9999.000,9999.000,9999.000,9999.000,9999.000
202608080630,   3.013,   4.218,9999.000,9999.000,9999.000,9999.000,9999.000,9999.000,9999.000
202608080636,   2.980,   4.169,9999.000,9999.000,9999.000,9999.000,9999.000,9999.000,9999.000
202608080642,   2.942,   4.110,9999.000,9999.000,9999.000,9999.000,9999.000,9999.000,9999.000
202608080648,   2.899,   4.048,9999.000,9999.000,9999.000,9999.000,9999.000,9999.000,9999.000
202608080654,   2.851,   3.969,9999.000,9999.000,9999.000,9999.000,9999.000,9999.000,9999.000
202608080700,   2.798,   3.910,   0.600,   0.512,   3.910,   0.500,   3.810,   0.600,   3.910
202608080706,   2.741,   3.828,9999.000,9999.000,9999.000,9999.000,9999.000,9999.000,9999.000
202608080712,   2.680,   3.759,9999.000,9999.000,9999.000,9999.000,9999.000,9999.000,9999.000
202608080718,   2.615,   3.690,9999.000,9999.000,9999.000,9999.000,9999.000,9999.000,9999.000
202608080724,   2.548,   3.598,9999.000,9999.000,9999.000,9999.000,9999.000,9999.000,9999.000
202608080730,   2.477,   3.530,9999.000,9999.000,9999.000,9999.000,9999.000,9999.000,9999.000
202608080736,   2.404,   3.471,9999.000,9999.000,9999.000,9999.000,9999.000,9999.000,9999.000
202608080742,   2.330,   3.398,9999.000,9999.000,9999.000,9999.000,9999.000,9999.000,9999.000
202608080748,   2.254,   3.330,9999.000,9999.000,9999.000,9999.000,9999.000,9999.000,9999.000
202608080754,   2.177,   3.270,9999.000,9999.000,9999.000,9999.000,9999.000,9999.000,9999.000
202608080800,   2.099,   3.188,   0.600,   0.489,   3.188,   0.500,   3.088,   0.600,   3.188
202608080806,   2.021,   3.120,9999.000,9999.000,9999.000,9999.000,9999.000,9999.000,9999.000
202608080812,   1.944,   3.038,9999.000,9999.000,9999.000,9999.000,9999.000,9999.000,9999.000
202608080818,   1.868,   3.018,9999.000,9999.000,9999.000,9999.000,9999.000,9999.000,9999.000
202608080824,   1.792,   2.969,9999.000,9999.000,9999.000,9999.000,9999.000,9999.000,9999.000
202608080830,   1.719,   2.920,9999.000,9999.000,9999.000,9999.000,9999.000,9999.000,9999.000
202608080836,   1.647,   2.870,9999.000,9999.000,9999.000,9999.000,9999.000,9999.000,9999.000
202608080842,   1.578,   2.828,9999.000,9999.000,9999.000,9999.000,9999.000,9999.000,9999.000
202608080848,   1.510,   2.778,9999.000,9999.000,9999.000,9999.000,9999.000,9999.000,9999.000
202608080854,   1.446,   2.729,9999.000,9999.000,9999.000,9999.000,9999.000,9999.000,9999.000
202608080900,   1.384,   2.680,   0.600,   0.696,   2.680,   0.500,   2.580,   0.600,   2.680
202608080906,   1.325,   2.631,9999.000,9999.000,9999.000,9999.000,9999.000,9999.000,9999.000
202608080912,   1.269,   2.578,9999.000,9999.000,9999.000,9999.000,9999.000,9999.000,9999.000
202608080918,   1.216,   2.510,9999.000,9999.000,9999.000,9999.000,9999.000,9999.000,9999.000
202608080924,   1.165,   2.450,9999.000,9999.000,9999.000,9999.000,9999.000,9999.000,9999.000
202608080930,   1.117,   2.398,9999.000,9999.000,9999.000,9999.000,9999.000,9999.000,9999.000
202608080936,   1.072,   2.359,9999.000,9999.000,9999.000,9999.000,9999.000,9999.000,9999.000
202608080942,   1.029,   2.300,9999.000,9999.000,9999.000,9999.000,9999.000,9999.000,9999.000
202608080948,   0.989,   2.241,9999.000,9999.000,9999.000,9999.000,9999.000,9999.000,9999.000
202608080954,   0.950,   2.178,9999.000,9999.000,9999.000,9999.000,9999.000,9999.000,9999.000
202608081000,   0.914,   2.119,   0.500,   0.705,   2.119,   0.500,   2.119,   0.600,   2.219
202608081006,   0.878,   2.060,9999.000,9999.000,9999.000,9999.000,9999.000,9999.000,9999.000
202608081012,   0.845,   2.011,9999.000,9999.000,9999.000,9999.000,9999.000,9999.000,9999.000
202608081018,   0.812,   1.949,9999.000,9999.000,9999.000,9999.000,9999.000,9999.000,9999.000
202608081024,   0.780,   1.899,9999.000,9999.000,9999.000,9999.000,9999.000,9999.000,9999.000
202608081030,   0.749,   1.840,9999.000,9999.000,9999.000,9999.000,9999.000,9999.000,9999.000
202608081036,   0.719,   1.778,9999.000,9999.000,9999.000,9999.000,9999.000,9999.000,9999.000
202608081042,   0.689,   1.739,9999.000,9999.000,9999.000,9999.000,9999.000,9999.000,9999.000
202608081048,   0.659,   1.670,9999.000,9999.000,9999.000,9999.000,9999.000,9999.000,9999.000
202608081054,   0.628,   1.621,9999.000,9999.000,9999.000,9999.000,9999.000,9999.000,9999.000
202608081100,   0.598,   1.548,   0.500,   0.450,   1.548,   0.500,   1.548,   0.600,   1.648
202608081106,   0.568,   1.499,9999.000,9999.000,9999.000,9999.000,9999.000,9999.000,9999.000
202608081112,   0.537,   1.450,9999.000,9999.000,9999.000,9999.000,9999.000,9999.000,9999.000
202608081118,   0.505,   1.401,9999.000,9999.000,9999.000,9999.000,9999.000,9999.000,9999.000
202608081124,   0.473,   1.348,9999.000,9999.000,9999.000,9999.000,9999.000,9999.000,9999.000
202608081130,   0.441,   1.289,9999.000,9999.000,9999.000,9999.000,9999.000,9999.000,9999.000
202608081136,   0.407,   1.240,9999.000,9999.000,9999.000,9999.000,9999.000,9999.000,9999.000
202608081142,   0.373,   1.191,9999.000,9999.000,9999.000,9999.000,9999.000,9999.000,9999.000
202608081148,   0.338,   1.119,9999.000,9999.000,9999.000,9999.000,9999.000,9999.000,9999.000
202608081154,   0.302,   1.070,9999.000,9999.000,9999.000,9999.000,9999.000,9999.000,9999.000
202608081200,   0.265,   1.020,   0.400,   0.355,   1.020,   0.400,   1.020,   0.400,   1.020
202608081206,   0.226,   0.958,9999.000,9999.000,9999.000,9999.000,9999.000,9999.000,9999.000
202608081212,   0.187,   0.909,9999.000,9999.000,9999.000,9999.000,9999.000,9999.000,9999.000
202608081218,   0.146,   0.860,9999.000,9999.000,9999.000,9999.000,9999.000,9999.000,9999.000
202608081224,   0.105,   0.801,9999.000,9999.000,9999.000,9999.000,9999.000,9999.000,9999.000
202608081230,   0.062,   0.748,9999.000,9999.000,9999.000,9999.000,9999.000,9999.000,9999.000
202608081236,   0.017,   0.679,9999.000,9999.000,9999.000,9999.000,9999.000,9999.000,9999.000
202608081242,  -0.028,   0.630,9999.000,9999.000,9999.000,9999.000,9999.000,9999.000,9999.000
202608081248,  -0.075,   0.571,9999.000,9999.000,9999.000,9999.000,9999.000,9999.000,9999.000
202608081254,  -0.123,   0.509,9999.000,9999.000,9999.000,9999.000,9999.000,9999.000,9999.000
202608081300,  -0.173,   0.460,   0.400,   0.233,   0.460,   0.400,   0.460,   0.400,   0.460
202608081306,  -0.224,   0.410,9999.000,9999.000,9999.000,9999.000,9999.000,9999.000,9999.000
202608081312,  -0.276,   0.351,9999.000,9999.000,9999.000,9999.000,9999.000,9999.000,9999.000
202608081318,  -0.330,   0.299,9999.000,9999.000,9999.000,9999.000,9999.000,9999.000,9999.000
202608081324,  -0.383,   0.259,9999.000,9999.000,9999.000,9999.000,9999.000,9999.000,9999.000
202608081330,  -0.438,   0.210,9999.000,9999.000,9999.000,9999.000,9999.000,9999.000,9999.000
202608081336,  -0.492,   0.161,9999.000,9999.000,9999.000,9999.000,9999.000,9999.000,9999.000
202608081342,  -0.547,   0.118,9999.000,9999.000,9999.000,9999.000,9999.000,9999.000,9999.000
202608081348,  -0.601,   0.079,9999.000,9999.000,9999.000,9999.000,9999.000,9999.000,9999.000
202608081354,  -0.655,   0.040,9999.000,9999.000,9999.000,9999.000,9999.000,9999.000,9999.000
202608081400,  -0.708,  -0.010,   0.400,   0.298,  -0.010,   0.400,  -0.010,   0.400,  -0.010
202608081406,  -0.759,  -0.049,9999.000,9999.000,9999.000,9999.000,9999.000,9999.000,9999.000
202608081412,  -0.808,  -0.078,9999.000,9999.000,9999.000,9999.000,9999.000,9999.000,9999.000
202608081418,  -0.855,  -0.101,9999.000,9999.000,9999.000,9999.000,9999.000,9999.000,9999.000
202608081424,  -0.899,  -0.131,9999.000,9999.000,9999.000,9999.000,9999.000,9999.000,9999.000
202608081430,  -0.941,  -0.151,9999.000,9999.000,9999.000,9999.000,9999.000,9999.000,9999.000
202608081436,  -0.978,  -0.219,9999.000,9999.000,9999.000,9999.000,9999.000,9999.000,9999.000
202608081442,  -1.012,  -0.239,9999.000,9999.000,9999.000,9999.000,9999.000,9999.000,9999.000
202608081448,  -1.041,  -0.278,9999.000,9999.000,9999.000,9999.000,9999.000,9999.000,9999.000
202608081454,  -1.065,  -0.278,9999.000,9999.000,9999.000,9999.000,9999.000,9999.000,9999.000
202608081500,  -1.085,  -0.292,   0.400,   0.393,  -0.292,   0.400,  -0.292,   0.400,  -0.292
202608081506,  -1.099,  -0.301,9999.000,9999.000,9999.000,9999.000,9999.000,9999.000,9999.000
202608081512,  -1.108,  -0.301,9999.000,9999.000,9999.000,9999.000,9999.000,9999.000,9999.000
202608081518,  -1.111,  -0.301,9999.000,9999.000,9999.000,9999.000,9999.000,9999.000,9999.000
202608081524,  -1.108,  -0.292,9999.000,9999.000,9999.000,9999.000,9999.000,9999.000,9999.000
202608081530,  -1.100,  -0.269,9999.000,9999.000,9999.000,9999.000,9999.000,9999.000,9999.000
202608081536,  -1.085,  -0.259,9999.000,9999.000,9999.000,9999.000,9999.000,9999.000,9999.000
202608081542,  -1.065,  -0.219,9999.000,9999.000,9999.000,9999.000,9999.000,9999.000,9999.000
202608081548,  -1.039,  -0.210,9999.000,9999.000,9999.000,9999.000,9999.000,9999.000,9999.000
202608081554,  -1.008,  -0.180,9999.000,9999.000,9999.000,9999.000,9999.000,9999.000,9999.000
202608081600,  -0.971,  -0.131,   0.400,   0.440,  -0.131,   0.400,  -0.131,   0.400,  -0.131
202608081606,  -0.929,  -0.078,9999.000,9999.000,9999.000,9999.000,9999.000,9999.000,9999.000
202608081612,  -0.882,  -0.019,9999.000,9999.000,9999.000,9999.000,9999.000,9999.000,9999.000
202608081618,  -0.830,   0.040,9999.000,9999.000,9999.000,9999.000,9999.000,9999.000,9999.000
202608081624,  -0.774,   0.109,9999.000,9999.000,9999.000,9999.000,9999.000,9999.000,9999.000
202608081630,  -0.713,   0.181,9999.000,9999.000,9999.000,9999.000,9999.000,9999.000,9999.000
202608081636,  -0.649,   0.259,9999.000,9999.000,9999.000,9999.000,9999.000,9999.000,9999.000
202608081642,  -0.581,   0.341,9999.000,9999.000,9999.000,9999.000,9999.000,9999.000,9999.000
202608081648,  -0.511,   0.420,9999.000,9999.000,9999.000,9999.000,9999.000,9999.000,9999.000
202608081654,  -0.438,   0.499,9999.000,9999.000,9999.000,9999.000,9999.000,9999.000,9999.000
202608081700,  -0.362,   0.591,   0.400,   0.553,   0.591,   0.400,   0.591,   0.400,   0.591
202608081706,  -0.284,   0.660,9999.000,9999.000,9999.000,9999.000,9999.000,9999.000,9999.000
202608081712,  -0.205,   0.771,9999.000,9999.000,9999.000,9999.000,9999.000,9999.000,9999.000
202608081718,  -0.125,   0.870,9999.000,9999.000,9999.000,9999.000,9999.000,9999.000,9999.000
202608081724,  -0.043,   0.958,9999.000,9999.000,9999.000,9999.000,9999.000,9999.000,9999.000
202608081730,   0.037,   1.050,9999.000,9999.000,9999.000,9999.000,9999.000,9999.000,9999.000
202608081736,   0.119,   1.148,9999.000,9999.000,9999.000,9999.000,9999.000,9999.000,9999.000
202608081742,   0.200,   1.250,9999.000,9999.000,9999.000,9999.000,9999.000,9999.000,9999.000
202608081748,   0.281,   1.358,9999.000,9999.000,9999.000,9999.000,9999.000,9999.000,9999.000
202608081754,   0.361,   1.440,9999.000,9999.000,9999.000,9999.000,9999.000,9999.000,9999.000
202608081800,   0.439,   1.558,   0.300,   0.819,   1.558,   0.200,   1.458,   0.300,   1.558
202608081806,   0.516,   1.630,9999.000,9999.000,9999.000,9999.000,9999.000,9999.000,9999.000
202608081812,   0.590,   1.729,9999.000,9999.000,9999.000,9999.000,9999.000,9999.000,9999.000
202608081818,   0.662,   1.788,9999.000,9999.000,9999.000,9999.000,9999.000,9999.000,9999.000
202608081824,   0.731,   1.909,9999.000,9999.000,9999.000,9999.000,9999.000,9999.000,9999.000
202608081830,   0.797,   1.988,9999.000,9999.000,9999.000,9999.000,9999.000,9999.000,9999.000
202608081836,   0.860,   2.070,9999.000,9999.000,9999.000,9999.000,9999.000,9999.000,9999.000
202608081842,   0.918,   2.149,9999.000,9999.000,9999.000,9999.000,9999.000,9999.000,9999.000
202608081848,   0.973,   2.208,9999.000,9999.000,9999.000,9999.000,9999.000,9999.000,9999.000
202608081854,   1.023,   2.250,9999.000,9999.000,9999.000,9999.000,9999.000,9999.000,9999.000
202608081900,   1.069,   2.280,   0.300,   0.911,   2.280,   0.200,   2.180,   0.300,   2.280
202608081906,   1.110,   2.300,9999.000,9999.000,9999.000,9999.000,9999.000,9999.000,9999.000
202608081912,   1.146,   2.398,9999.000,9999.000,9999.000,9999.000,9999.000,9999.000,9999.000
202608081918,   1.177,   2.441,9999.000,9999.000,9999.000,9999.000,9999.000,9999.000,9999.000
202608081924,   1.203,   2.460,9999.000,9999.000,9999.000,9999.000,9999.000,9999.000,9999.000
202608081930,   1.224,   2.480,9999.000,9999.000,9999.000,9999.000,9999.000,9999.000,9999.000
202608081936,   1.240,   2.510,9999.000,9999.000,9999.000,9999.000,9999.000,9999.000,9999.000
202608081942,   1.251,   2.559,9999.000,9999.000,9999.000,9999.000,9999.000,9999.000,9999.000
202608081948,   1.257,   2.559,9999.000,9999.000,9999.000,9999.000,9999.000,9999.000,9999.000
202608081954,   1.258,   2.588,9999.000,9999.000,9999.000,9999.000,9999.000,9999.000,9999.000
202608082000,   1.254,   2.588,   0.300,   1.034,   2.588,   0.200,   2.488,   0.300,   2.588
202608082006,   1.246,   2.608,9999.000,9999.000,9999.000,9999.000,9999.000,9999.000,9999.000
202608082012,   1.234,   2.598,9999.000,9999.000,9999.000,9999.000,9999.000,9999.000,9999.000
202608082018,   1.218,   2.588,9999.000,9999.000,9999.000,9999.000,9999.000,9999.000,9999.000
202608082024,   1.199,   2.559,9999.000,9999.000,9999.000,9999.000,9999.000,9999.000,9999.000
202608082030,   1.176,   2.519,9999.000,9999.000,9999.000,9999.000,9999.000,9999.000,9999.000
202608082036,   1.150,   2.480,9999.000,9999.000,9999.000,9999.000,9999.000,9999.000,9999.000
202608082042,   1.122,   2.431,9999.000,9999.000,9999.000,9999.000,9999.000,9999.000,9999.000
202608082048,   1.091,   2.378,9999.000,9999.000,9999.000,9999.000,9999.000,9999.000,9999.000
202608082054,   1.059,   2.319,9999.000,9999.000,9999.000,9999.000,9999.000,9999.000,9999.000
202608082100,   1.025,   2.270,   0.300,   0.945,   2.270,   0.200,   2.170,   0.300,   2.270
202608082106,   0.989,   2.198,9999.000,9999.000,9999.000,9999.000,9999.000,9999.000,9999.000
202608082112,   0.953,   2.159,9999.000,9999.000,9999.000,9999.000,9999.000,9999.000,9999.000
202608082118,   0.915,   2.109,9999.000,9999.000,9999.000,9999.000,9999.000,9999.000,9999.000
202608082124,   0.877,   2.060,9999.000,9999.000,9999.000,9999.000,9999.000,9999.000,9999.000
202608082130,   0.839,   2.021,9999.000,9999.000,9999.000,9999.000,9999.000,9999.000,9999.000
202608082136,   0.800,   1.958,9999.000,9999.000,9999.000,9999.000,9999.000,9999.000,9999.000
202608082142,   0.762,   1.909,9999.000,9999.000,9999.000,9999.000,9999.000,9999.000,9999.000
202608082148,   0.723,   1.860,9999.000,9999.000,9999.000,9999.000,9999.000,9999.000,9999.000
202608082154,   0.684,   1.811,9999.000,9999.000,9999.000,9999.000,9999.000,9999.000,9999.000
202608082200,   0.646,   1.768,   0.300,   0.822,   1.768,   0.200,   1.668,   0.300,   1.768
202608082206,   0.608,   1.719,9999.000,9999.000,9999.000,9999.000,9999.000,9999.000,9999.000
202608082212,   0.571,   1.680,9999.000,9999.000,9999.000,9999.000,9999.000,9999.000,9999.000
202608082218,   0.533,   1.640,9999.000,9999.000,9999.000,9999.000,9999.000,9999.000,9999.000
202608082224,   0.496,   1.611,9999.000,9999.000,9999.000,9999.000,9999.000,9999.000,9999.000
202608082230,   0.460,   1.568,9999.000,9999.000,9999.000,9999.000,9999.000,9999.000,9999.000
202608082236,   0.424,   1.529,9999.000,9999.000,9999.000,9999.000,9999.000,9999.000,9999.000
202608082242,   0.388,   1.489,9999.000,9999.000,9999.000,9999.000,9999.000,9999.000,9999.000
202608082248,   0.353,   1.460,9999.000,9999.000,9999.000,9999.000,9999.000,9999.000,9999.000
202608082254,   0.318,   1.421,9999.000,9999.000,9999.000,9999.000,9999.000,9999.000,9999.000
202608082300,   0.285,   1.381,   0.200,   0.896,   1.381,   0.200,   1.381,   0.300,   1.481
202608082306,   0.251,   1.339,9999.000,9999.000,9999.000,9999.000,9999.000,9999.000,9999.000
202608082312,   0.219,   1.309,9999.000,9999.000,9999.000,9999.000,9999.000,9999.000,9999.000
202608082318,   0.188,   1.289,9999.000,9999.000,9999.000,9999.000,9999.000,9999.000,9999.000
202608082324,   0.158,   1.250,9999.000,9999.000,9999.000,9999.000,9999.000,9999.000,9999.000
202608082330,   0.129,   1.220,9999.000,9999.000,9999.000,9999.000,9999.000,9999.000,9999.000
202608082336,   0.101,   1.201,9999.000,9999.000,9999.000,9999.000,9999.000,9999.000,9999.000
202608082342,   0.075,   1.171,9999.000,9999.000,9999.000,9999.000,9999.000,9999.000,9999.000
202608082348,   0.050,   1.158,9999.000,9999.000,9999.000,9999.000,9999.000,9999.000,9999.000
202608082354,   0.027,   1.138,9999.000,9999.000,9999.000,9999.000,9999.000,9999.000,9999.000
202608090000,   0.006,   1.109,   0.400,   0.703,   1.109,   0.400,   1.109,   0.500,   1.209
202608090006,  -0.013,   1.089,9999.000,9999.000,9999.000,9999.000,9999.000,9999.000,9999.000
202608090012,  -0.030,   1.060,9999.000,9999.000,9999.000,9999.000,9999.000,9999.000,9999.000
202608090018,  -0.045,   1.020,9999.000,9999.000,9999.000,9999.000,9999.000,9999.000,9999.000
202608090024,  -0.058,   1.011,9999.000,9999.000,9999.000,9999.000,9999.000,9999.000,9999.000
202608090030,  -0.069,   0.991,9999.000,9999.000,9999.000,9999.000,9999.000,9999.000,9999.000
202608090036,  -0.078,   0.981,9999.000,9999.000,9999.000,9999.000,9999.000,9999.000,9999.000
202608090042,  -0.084,   0.948,9999.000,9999.000,9999.000,9999.000,9999.000,9999.000,9999.000
202608090048,  -0.089,   0.929,9999.000,9999.000,9999.000,9999.000,9999.000,9999.000,9999.000
202608090054,  -0.091,   0.929,9999.000,9999.000,9999.000,9999.000,9999.000,9999.000,9999.000
202608090100,  -0.091,   0.919,   0.400,   0.610,   0.919,   0.400,   0.919,   0.500,   1.019
202608090106,  -0.088,   0.909,9999.000,9999.000,9999.000,9999.000,9999.000,9999.000,9999.000
202608090112,  -0.084,   0.899,9999.000,9999.000,9999.000,9999.000,9999.000,9999.000,9999.000
202608090118,  -0.078,   0.899,9999.000,9999.000,9999.000,9999.000,9999.000,9999.000,9999.000
202608090124,  -0.070,   0.899,9999.000,9999.000,9999.000,9999.000,9999.000,9999.000,9999.000
202608090130,  -0.059,   0.899,9999.000,9999.000,9999.000,9999.000,9999.000,9999.000,9999.000
202608090136,  -0.047,   0.899,9999.000,9999.000,9999.000,9999.000,9999.000,9999.000,9999.000
202608090142,  -0.033,   0.909,9999.000,9999.000,9999.000,9999.000,9999.000,9999.000,9999.000
202608090148,  -0.017,   0.929,9999.000,9999.000,9999.000,9999.000,9999.000,9999.000,9999.000
202608090154,   0.001,   0.929,9999.000,9999.000,9999.000,9999.000,9999.000,9999.000,9999.000
202608090200,   0.021,   0.938,   0.400,   0.517,   0.938,   0.400,   0.938,   0.400,   0.938
202608090206,   0.044,   0.981,9999.000,9999.000,9999.000,9999.000,9999.000,9999.000,9999.000
202608090212,   0.069,   1.001,9999.000,9999.000,9999.000,9999.000,9999.000,9999.000,9999.000
202608090218,   0.096,   1.030,9999.000,9999.000,9999.000,9999.000,9999.000,9999.000,9999.000
202608090224,   0.126,   1.079,9999.000,9999.000,9999.000,9999.000,9999.000,9999.000,9999.000
202608090230,   0.158,   1.119,9999.000,9999.000,9999.000,9999.000,9999.000,9999.000,9999.000
202608090236,   0.194,   1.171,9999.000,9999.000,9999.000,9999.000,9999.000,9999.000,9999.000
202608090242,   0.233,   1.250,9999.000,9999.000,9999.000,9999.000,9999.000,9999.000,9999.000
202608090248,   0.274,   1.309,9999.000,9999.000,9999.000,9999.000,9999.000,9999.000,9999.000
202608090254,   0.319,   1.381,9999.000,9999.000,9999.000,9999.000,9999.000,9999.000,9999.000
202608090300,   0.368,   1.480,   0.400,   0.712,   1.480,   0.400,   1.480,   0.400,   1.480
202608090306,   0.420,   1.578,9999.000,9999.000,9999.000,9999.000,9999.000,9999.000,9999.000
202608090312,   0.476,   1.699,9999.000,9999.000,9999.000,9999.000,9999.000,9999.000,9999.000
202608090318,   0.535,   1.801,9999.000,9999.000,9999.000,9999.000,9999.000,9999.000,9999.000
202608090324,   0.598,   1.929,9999.000,9999.000,9999.000,9999.000,9999.000,9999.000,9999.000
202608090330,   0.665,   2.060,9999.000,9999.000,9999.000,9999.000,9999.000,9999.000,9999.000
202608090336,   0.736,   2.188,9999.000,9999.000,9999.000,9999.000,9999.000,9999.000,9999.000
202608090342,   0.810,   2.309,9999.000,9999.000,9999.000,9999.000,9999.000,9999.000,9999.000
202608090348,   0.887,   2.441,9999.000,9999.000,9999.000,9999.000,9999.000,9999.000,9999.000
202608090354,   0.968,   2.569,9999.000,9999.000,9999.000,9999.000,9999.000,9999.000,9999.000
202608090400,   1.052,   2.680,   0.400,   1.228,   2.680,   0.400,   2.680,   0.400,   2.680
202608090406,   1.139,   2.808,9999.000,9999.000,9999.000,9999.000,9999.000,9999.000,9999.000
202608090412,   1.228,   2.920,9999.000,9999.000,9999.000,9999.000,9999.000,9999.000,9999.000
202608090418,   1.319,   3.028,9999.000,9999.000,9999.000,9999.000,9999.000,9999.000,9999.000
202608090424,   1.412,   3.139,9999.000,9999.000,9999.000,9999.000,9999.000,9999.000,9999.000
202608090430,   1.506,   3.261,9999.000,9999.000,9999.000,9999.000,9999.000,9999.000,9999.000
202608090436,   1.601,   3.359,9999.000,9999.000,9999.000,9999.000,9999.000,9999.000,9999.000
202608090442,   1.696,   3.457,9999.000,9999.000,9999.000,9999.000,9999.000,9999.000,9999.000
202608090448,   1.792,   3.549,9999.000,9999.000,9999.000,9999.000,9999.000,9999.000,9999.000
202608090454,   1.888,   3.638,9999.000,9999.000,9999.000,9999.000,9999.000,9999.000,9999.000
202608090500,   1.982,   3.720,   0.400,   1.338,   3.720,   0.400,   3.720,   0.400,   3.720
202608090506,   2.075,   3.799,9999.000,9999.000,9999.000,9999.000,9999.000,9999.000,9999.000
202608090512,   2.167,   3.881,9999.000,9999.000,9999.000,9999.000,9999.000,9999.000,9999.000
202608090518,   2.257,   3.959,9999.000,9999.000,9999.000,9999.000,9999.000,9999.000,9999.000
202608090524,   2.344,   4.038,9999.000,9999.000,9999.000,9999.000,9999.000,9999.000,9999.000
202608090530,   2.428,   4.100,9999.000,9999.000,9999.000,9999.000,9999.000,9999.000,9999.000
202608090536,   2.510,   4.159,9999.000,9999.000,9999.000,9999.000,9999.000,9999.000,9999.000
202608090542,   2.587,   4.228,9999.000,9999.000,9999.000,9999.000,9999.000,9999.000,9999.000
202608090548,   2.661,   4.268,9999.000,9999.000,9999.000,9999.000,9999.000,9999.000,9999.000
202608090554,   2.731,   4.320,9999.000,9999.000,9999.000,9999.000,9999.000,9999.000,9999.000
202608090600,   2.796,   4.369,   0.600,   0.973,   4.369,   0.600,   4.369,   0.600,   4.369
202608090606,   2.857,   4.409,9999.000,9999.000,9999.000,9999.000,9999.000,9999.000,9999.000
202608090612,   2.912,   4.448,9999.000,9999.000,9999.000,9999.000,9999.000,9999.000,9999.000
202608090618,   2.963,   4.478,9999.000,9999.000,9999.000,9999.000,9999.000,9999.000,9999.000
202608090624,   3.008,   4.497,9999.000,9999.000,9999.000,9999.000,9999.000,9999.000,9999.000
202608090630,   3.048,   4.520,9999.000,9999.000,9999.000,9999.000,9999.000,9999.000,9999.000
202608090636,   3.082,   4.540,9999.000,9999.000,9999.000,9999.000,9999.000,9999.000,9999.000
202608090642,   3.111,   4.550,9999.000,9999.000,9999.000,9999.000,9999.000,9999.000,9999.000
202608090648,   3.133,   4.560,9999.000,9999.000,9999.000,9999.000,9999.000,9999.000,9999.000
202608090654,   3.150,   4.550,9999.000,9999.000,9999.000,9999.000,9999.000,9999.000,9999.000
202608090700,   3.160,   4.540,   0.600,   0.780,   4.540,   0.600,   4.540,   0.600,   4.540
202608090706,   3.165,   4.550,9999.000,9999.000,9999.000,9999.000,9999.000,9999.000,9999.000
202608090712,   3.163,   4.540,9999.000,9999.000,9999.000,9999.000,9999.000,9999.000,9999.000
202608090718,   3.155,   4.530,9999.000,9999.000,9999.000,9999.000,9999.000,9999.000,9999.000
202608090724,   3.142,   4.520,9999.000,9999.000,9999.000,9999.000,9999.000,9999.000,9999.000
202608090730,   3.122,   4.497,9999.000,9999.000,9999.000,9999.000,9999.000,9999.000,9999.000
202608090736,   3.097,   4.468,9999.000,9999.000,9999.000,9999.000,9999.000,9999.000,9999.000
202608090742,   3.065,   4.428,9999.000,9999.000,9999.000,9999.000,9999.000,9999.000,9999.000
202608090748,   3.029,   4.389,9999.000,9999.000,9999.000,9999.000,9999.000,9999.000,9999.000
202608090754,   2.987,   4.330,9999.000,9999.000,9999.000,9999.000,9999.000,9999.000,9999.000
202608090800,   2.941,   4.258,   0.600,   0.717,   4.258,   0.500,   4.158,   0.600,   4.258
202608090806,   2.890,   4.179,9999.000,9999.000,9999.000,9999.000,9999.000,9999.000,9999.000
202608090812,   2.834,   4.077,9999.000,9999.000,9999.000,9999.000,9999.000,9999.000,9999.000
202608090818,   2.775,   3.989,9999.000,9999.000,9999.000,9999.000,9999.000,9999.000,9999.000
202608090824,   2.713,   3.881,9999.000,9999.000,9999.000,9999.000,9999.000,9999.000,9999.000
202608090830,   2.647,   3.769,9999.000,9999.000,9999.000,9999.000,9999.000,9999.000,9999.000
202608090836,   2.579,   3.671,9999.000,9999.000,9999.000,9999.000,9999.000,9999.000,9999.000
202608090842,   2.509,   3.569,9999.000,9999.000,9999.000,9999.000,9999.000,9999.000,9999.000
202608090848,   2.438,   3.471,9999.000,9999.000,9999.000,9999.000,9999.000,9999.000,9999.000
202608090854,   2.365,   3.379,9999.000,9999.000,9999.000,9999.000,9999.000,9999.000,9999.000
202608090900,   2.292,   3.290,   0.600,   0.398,   3.290,   0.500,   3.190,   0.600,   3.290
202608090906,   2.219,   3.208,9999.000,9999.000,9999.000,9999.000,9999.000,9999.000,9999.000
202608090912,   2.146,   3.139,9999.000,9999.000,9999.000,9999.000,9999.000,9999.000,9999.000
202608090918,   2.074,   3.070,9999.000,9999.000,9999.000,9999.000,9999.000,9999.000,9999.000
202608090924,   2.003,   3.008,9999.000,9999.000,9999.000,9999.000,9999.000,9999.000,9999.000
202608090930,   1.933,   2.959,9999.000,9999.000,9999.000,9999.000,9999.000,9999.000,9999.000
202608090936,   1.866,   2.900,9999.000,9999.000,9999.000,9999.000,9999.000,9999.000,9999.000
202608090942,   1.800,   2.851,9999.000,9999.000,9999.000,9999.000,9999.000,9999.000,9999.000
202608090948,   1.737,   2.798,9999.000,9999.000,9999.000,9999.000,9999.000,9999.000,9999.000
202608090954,   1.676,   2.759,9999.000,9999.000,9999.000,9999.000,9999.000,9999.000,9999.000
202608091000,   1.617,   2.710,   0.600,   0.493,   2.710,   0.500,   2.610,   0.600,   2.710
202608091006,   1.561,   2.660,9999.000,9999.000,9999.000,9999.000,9999.000,9999.000,9999.000
202608091012,   1.508,   2.608,9999.000,9999.000,9999.000,9999.000,9999.000,9999.000,9999.000
202608091018,   1.458,   2.559,9999.000,9999.000,9999.000,9999.000,9999.000,9999.000,9999.000
202608091024,   1.409,   2.510,9999.000,9999.000,9999.000,9999.000,9999.000,9999.000,9999.000
202608091030,   1.364,   2.460,9999.000,9999.000,9999.000,9999.000,9999.000,9999.000,9999.000
202608091036,   1.320,   2.408,9999.000,9999.000,9999.000,9999.000,9999.000,9999.000,9999.000
202608091042,   1.278,   2.349,9999.000,9999.000,9999.000,9999.000,9999.000,9999.000,9999.000
202608091048,   1.239,   2.260,9999.000,9999.000,9999.000,9999.000,9999.000,9999.000,9999.000
202608091054,   1.201,   2.231,9999.000,9999.000,9999.000,9999.000,9999.000,9999.000,9999.000
202608091100,   1.164,   2.178,   0.500,   0.514,   2.178,   0.500,   2.178,   0.600,   2.278
202608091106,   1.129,   2.129,9999.000,9999.000,9999.000,9999.000,9999.000,9999.000,9999.000
202608091112,   1.094,   2.070,9999.000,9999.000,9999.000,9999.000,9999.000,9999.000,9999.000
202608091118,   1.061,   2.021,9999.000,9999.000,9999.000,9999.000,9999.000,9999.000,9999.000
202608091124,   1.027,   1.949,9999.000,9999.000,9999.000,9999.000,9999.000,9999.000,9999.000
202608091130,   0.995,   1.899,9999.000,9999.000,9999.000,9999.000,9999.000,9999.000,9999.000
202608091136,   0.962,   1.840,9999.000,9999.000,9999.000,9999.000,9999.000,9999.000,9999.000
202608091142,   0.929,   1.778,9999.000,9999.000,9999.000,9999.000,9999.000,9999.000,9999.000
202608091148,   0.896,   1.729,9999.000,9999.000,9999.000,9999.000,9999.000,9999.000,9999.000
202608091154,   0.862,   1.670,9999.000,9999.000,9999.000,9999.000,9999.000,9999.000,9999.000
202608091200,   0.828,   1.591,   0.400,   0.363,   1.591,   0.400,   1.591,   0.400,   1.591
202608091206,   0.793,   1.529,9999.000,9999.000,9999.000,9999.000,9999.000,9999.000,9999.000
202608091212,   0.757,   1.480,9999.000,9999.000,9999.000,9999.000,9999.000,9999.000,9999.000
202608091218,   0.721,   1.430,9999.000,9999.000,9999.000,9999.000,9999.000,9999.000,9999.000
202608091224,   0.683,   1.381,9999.000,9999.000,9999.000,9999.000,9999.000,9999.000,9999.000
202608091230,   0.644,   1.309,9999.000,9999.000,9999.000,9999.000,9999.000,9999.000,9999.000
202608091236,   0.603,   1.220,9999.000,9999.000,9999.000,9999.000,9999.000,9999.000,9999.000
202608091242,   0.561,   1.201,9999.000,9999.000,9999.000,9999.000,9999.000,9999.000,9999.000
202608091248,   0.518,   1.129,9999.000,9999.000,9999.000,9999.000,9999.000,9999.000,9999.000
202608091254,   0.472,   1.079,9999.000,9999.000,9999.000,9999.000,9999.000,9999.000,9999.000
202608091300,   0.425,   1.030,   0.400,   0.205,   1.030,   0.400,   1.030,   0.400,   1.030
202608091306,   0.377,   0.958,9999.000,9999.000,9999.000,9999.000,9999.000,9999.000,9999.000
202608091312,   0.326,   0.909,9999.000,9999.000,9999.000,9999.000,9999.000,9999.000,9999.000
202608091318,   0.273,   0.860,9999.000,9999.000,9999.000,9999.000,9999.000,9999.000,9999.000
202608091324,   0.218,   0.791,9999.000,9999.000,9999.000,9999.000,9999.000,9999.000,9999.000
202608091330,   0.161,   0.728,9999.000,9999.000,9999.000,9999.000,9999.000,9999.000,9999.000
202608091336,   0.102,   0.679,9999.000,9999.000,9999.000,9999.000,9999.000,9999.000,9999.000
202608091342,   0.041,   0.630,9999.000,9999.000,9999.000,9999.000,9999.000,9999.000,9999.000
202608091348,  -0.021,   0.571,9999.000,9999.000,9999.000,9999.000,9999.000,9999.000,9999.000
202608091354,  -0.085,   0.509,9999.000,9999.000,9999.000,9999.000,9999.000,9999.000,9999.000
202608091400,  -0.152,   0.460,   0.400,   0.212,   0.460,   0.400,   0.460,   0.400,   0.460
202608091406,  -0.220,   0.400,9999.000,9999.000,9999.000,9999.000,9999.000,9999.000,9999.000
202608091412,  -0.290,   0.341,9999.000,9999.000,9999.000,9999.000,9999.000,9999.000,9999.000
202608091418,  -0.361,   0.299,9999.000,9999.000,9999.000,9999.000,9999.000,9999.000,9999.000
202608091424,  -0.432,   0.230,9999.000,9999.000,9999.000,9999.000,9999.000,9999.000,9999.000
202608091430,  -0.504,   0.181,9999.000,9999.000,9999.000,9999.000,9999.000,9999.000,9999.000
202608091436,  -0.577,   0.132,9999.000,9999.000,9999.000,9999.000,9999.000,9999.000,9999.000
202608091442,  -0.648,   0.079,9999.000,9999.000,9999.000,9999.000,9999.000,9999.000,9999.000
202608091448,  -0.719,   0.020,9999.000,9999.000,9999.000,9999.000,9999.000,9999.000,9999.000
202608091454,  -0.789,  -0.029,9999.000,9999.000,9999.000,9999.000,9999.000,9999.000,9999.000
202608091500,  -0.857,  -0.069,   0.400,   0.388,  -0.069,   0.300,  -0.169,   0.400,  -0.069
202608091506,  -0.923,  -0.121,9999.000,9999.000,9999.000,9999.000,9999.000,9999.000,9999.000
202608091512,  -0.985,  -0.160,9999.000,9999.000,9999.000,9999.000,9999.000,9999.000,9999.000
202608091518,  -1.045,  -0.190,9999.000,9999.000,9999.000,9999.000,9999.000,9999.000,9999.000
202608091524,  -1.100,  -0.249,9999.000,9999.000,9999.000,9999.000,9999.000,9999.000,9999.000
202608091530,  -1.151,  -0.278,9999.000,9999.000,9999.000,9999.000,9999.000,9999.000,9999.000
202608091536,  -1.197,  -0.321,9999.000,9999.000,9999.000,9999.000,9999.000,9999.000,9999.000
202608091542,  -1.238,  -0.351,9999.000,9999.000,9999.000,9999.000,9999.000,9999.000,9999.000
202608091548,  -1.273,  -0.390,9999.000,9999.000,9999.000,9999.000,9999.000,9999.000,9999.000
202608091554,  -1.302,  -0.410,9999.000,9999.000,9999.000,9999.000,9999.000,9999.000,9999.000
202608091600,  -1.324,  -0.439,   0.400,   0.485,  -0.439,   0.300,  -0.539,   0.400,  -0.439
202608091606,  -1.339,  -0.459,9999.000,9999.000,9999.000,9999.000,9999.000,9999.000,9999.000
202608091612,  -1.348,  -0.469,9999.000,9999.000,9999.000,9999.000,9999.000,9999.000,9999.000
202608091618,  -1.349,  -0.469,9999.000,9999.000,9999.000,9999.000,9999.000,9999.000,9999.000
202608091624,  -1.344,  -0.479,9999.000,9999.000,9999.000,9999.000,9999.000,9999.000,9999.000
202608091630,  -1.330,  -0.488,9999.000,9999.000,9999.000,9999.000,9999.000,9999.000,9999.000
202608091636,  -1.310,  -0.479,9999.000,9999.000,9999.000,9999.000,9999.000,9999.000,9999.000
202608091642,  -1.282,  -0.469,9999.000,9999.000,9999.000,9999.000,9999.000,9999.000,9999.000
202608091648,  -1.248,  -0.449,9999.000,9999.000,9999.000,9999.000,9999.000,9999.000,9999.000
202608091654,  -1.206,  -0.429,9999.000,9999.000,9999.000,9999.000,9999.000,9999.000,9999.000
202608091700,  -1.157,  -0.390,   0.400,   0.367,  -0.390,   0.300,  -0.490,   0.400,  -0.390
202608091706,  -1.103,  -0.351,9999.000,9999.000,9999.000,9999.000,9999.000,9999.000,9999.000
202608091712,  -1.042,  -0.301,9999.000,9999.000,9999.000,9999.000,9999.000,9999.000,9999.000
202608091718,  -0.975,  -0.249,9999.000,9999.000,9999.000,9999.000,9999.000,9999.000,9999.000
202608091724,  -0.903,  -0.200,9999.000,9999.000,9999.000,9999.000,9999.000,9999.000,9999.000
202608091730,  -0.825,  -0.141,9999.000,9999.000,9999.000,9999.000,9999.000,9999.000,9999.000
202608091736,  -0.743,  -0.059,9999.000,9999.000,9999.000,9999.000,9999.000,9999.000,9999.000
202608091742,  -0.657,   0.030,9999.000,9999.000,9999.000,9999.000,9999.000,9999.000,9999.000
202608091748,  -0.567,   0.109,9999.000,9999.000,9999.000,9999.000,9999.000,9999.000,9999.000
202608091754,  -0.473,   0.200,9999.000,9999.000,9999.000,9999.000,9999.000,9999.000,9999.000
202608091800,  -0.377,   0.289,   0.100,   0.566,   0.289,   0.100,   0.289,   0.100,   0.289
202608091806,  -0.278,   0.400,9999.000,9999.000,9999.000,9999.000,9999.000,9999.000,9999.000
202608091812,  -0.178,   0.519,9999.000,9999.000,9999.000,9999.000,9999.000,9999.000,9999.000
202608091818,  -0.075,   0.620,9999.000,9999.000,9999.000,9999.000,9999.000,9999.000,9999.000
202608091824,   0.027,   0.738,9999.000,9999.000,9999.000,9999.000,9999.000,9999.000,9999.000
202608091830,   0.130,   0.879,9999.000,9999.000,9999.000,9999.000,9999.000,9999.000,9999.000
202608091836,   0.234,   1.001,9999.000,9999.000,9999.000,9999.000,9999.000,9999.000,9999.000
202608091842,   0.337,   1.129,9999.000,9999.000,9999.000,9999.000,9999.000,9999.000,9999.000
202608091848,   0.440,   1.260,9999.000,9999.000,9999.000,9999.000,9999.000,9999.000,9999.000
202608091854,   0.540,   1.381,9999.000,9999.000,9999.000,9999.000,9999.000,9999.000,9999.000
202608091900,   0.639,   1.499,   0.100,   0.760,   1.499,   0.100,   1.499,   0.100,   1.499
202608091906,   0.736,   1.630,9999.000,9999.000,9999.000,9999.000,9999.000,9999.000,9999.000
202608091912,   0.829,   1.729,9999.000,9999.000,9999.000,9999.000,9999.000,9999.000,9999.000
202608091918,   0.919,   1.831,9999.000,9999.000,9999.000,9999.000,9999.000,9999.000,9999.000
202608091924,   1.006,   1.919,9999.000,9999.000,9999.000,9999.000,9999.000,9999.000,9999.000
202608091930,   1.088,   2.040,9999.000,9999.000,9999.000,9999.000,9999.000,9999.000,9999.000
202608091936,   1.166,   2.139,9999.000,9999.000,9999.000,9999.000,9999.000,9999.000,9999.000
202608091942,   1.239,   2.241,9999.000,9999.000,9999.000,9999.000,9999.000,9999.000,9999.000
202608091948,   1.307,   2.339,9999.000,9999.000,9999.000,9999.000,9999.000,9999.000,9999.000
202608091954,   1.369,   2.408,9999.000,9999.000,9999.000,9999.000,9999.000,9999.000,9999.000
202608092000,   1.425,   2.470,   0.100,   0.945,   2.470,   0.100,   2.470,   0.100,   2.470
202608092006,   1.475,   2.588,9999.000,9999.000,9999.000,9999.000,9999.000,9999.000,9999.000
202608092012,   1.520,   2.651,9999.000,9999.000,9999.000,9999.000,9999.000,9999.000,9999.000
202608092018,   1.558,   2.729,9999.000,9999.000,9999.000,9999.000,9999.000,9999.000,9999.000
202608092024,   1.590,   2.778,9999.000,9999.000,9999.000,9999.000,9999.000,9999.000,9999.000
202608092030,   1.615,   2.828,9999.000,9999.000,9999.000,9999.000,9999.000,9999.000,9999.000
202608092036,   1.635,   2.880,9999.000,9999.000,9999.000,9999.000,9999.000,9999.000,9999.000
202608092042,   1.648,   2.929,9999.000,9999.000,9999.000,9999.000,9999.000,9999.000,9999.000
202608092048,   1.656,   2.969,9999.000,9999.000,9999.000,9999.000,9999.000,9999.000,9999.000
202608092054,   1.658,   2.988,9999.000,9999.000,9999.000,9999.000,9999.000,9999.000,9999.000
202608092100,   1.654,   3.008,   0.100,   1.254,   3.008,   0.100,   3.008,   0.100,   3.008
202608092106,   1.646,   3.008,9999.000,9999.000,9999.000,9999.000,9999.000,9999.000,9999.000
202608092112,   1.632,   2.979,9999.000,9999.000,9999.000,9999.000,9999.000,9999.000,9999.000
202608092118,   1.615,   2.998,9999.000,9999.000,9999.000,9999.000,9999.000,9999.000,9999.000
202608092124,   1.593,   2.969,9999.000,9999.000,9999.000,9999.000,9999.000,9999.000,9999.000
202608092130,   1.567,   2.959,9999.000,9999.000,9999.000,9999.000,9999.000,9999.000,9999.000
202608092136,   1.538,   2.920,9999.000,9999.000,9999.000,9999.000,9999.000,9999.000,9999.000
202608092142,   1.507,   2.890,9999.000,9999.000,9999.000,9999.000,9999.000,9999.000,9999.000
202608092148,   1.472,   2.851,9999.000,9999.000,9999.000,9999.000,9999.000,9999.000,9999.000
202608092154,   1.436,   2.808,9999.000,9999.000,9999.000,9999.000,9999.000,9999.000,9999.000
202608092200,   1.398,   2.749,   0.100,   1.251,   2.749,   0.100,   2.749,   0.100,   2.749
202608092206,   1.358,   2.680,9999.000,9999.000,9999.000,9999.000,9999.000,9999.000,9999.000
202608092212,   1.317,   2.598,9999.000,9999.000,9999.000,9999.000,9999.000,9999.000,9999.000
202608092218,   1.275,   2.539,9999.000,9999.000,9999.000,9999.000,9999.000,9999.000,9999.000
202608092224,   1.233,   2.460,9999.000,9999.000,9999.000,9999.000,9999.000,9999.000,9999.000
202608092230,   1.190,   2.388,9999.000,9999.000,9999.000,9999.000,9999.000,9999.000,9999.000
202608092236,   1.147,   2.309,9999.000,9999.000,9999.000,9999.000,9999.000,9999.000,9999.000
202608092242,   1.103,   2.241,9999.000,9999.000,9999.000,9999.000,9999.000,9999.000,9999.000
202608092248,   1.060,   2.188,9999.000,9999.000,9999.000,9999.000,9999.000,9999.000,9999.000
202608092254,   1.017,   2.109,9999.000,9999.000,9999.000,9999.000,9999.000,9999.000,9999.000
202608092300,   0.974,   2.050,   0.100,   0.976,   2.050,   0.100,   2.050,   0.100,   2.050
202608092306,   0.931,   1.988,9999.000,9999.000,9999.000,9999.000,9999.000,9999.000,9999.000
202608092312,   0.889,   1.939,9999.000,9999.000,9999.000,9999.000,9999.000,9999.000,9999.000
202608092318,   0.847,   1.880,9999.000,9999.000,9999.000,9999.000,9999.000,9999.000,9999.000
202608092324,   0.806,   1.821,9999.000,9999.000,9999.000,9999.000,9999.000,9999.000,9999.000
202608092330,   0.765,   1.768,9999.000,9999.000,9999.000,9999.000,9999.000,9999.000,9999.000
202608092336,   0.724,   1.719,9999.000,9999.000,9999.000,9999.000,9999.000,9999.000,9999.000
202608092342,   0.685,   1.680,9999.000,9999.000,9999.000,9999.000,9999.000,9999.000,9999.000
202608092348,   0.645,   1.621,9999.000,9999.000,9999.000,9999.000,9999.000,9999.000,9999.000
202608092354,   0.607,   1.578,9999.000,9999.000,9999.000,9999.000,9999.000,9999.000,9999.000
202608100000,   0.570,   1.539,   0.200,   0.769,   1.539,   0.200,   1.539,   0.200,   1.539
202608100006,   0.533,   1.489,9999.000,9999.000,9999.000,9999.000,9999.000,9999.000,9999.000
202608100012,   0.497,   1.450,9999.000,9999.000,9999.000,9999.000,9999.000,9999.000,9999.000
202608100018,   0.463,   1.421,9999.000,9999.000,9999.000,9999.000,9999.000,9999.000,9999.000
202608100024,   0.429,   1.391,9999.000,9999.000,9999.000,9999.000,9999.000,9999.000,9999.000
202608100030,   0.397,   1.358,9999.000,9999.000,9999.000,9999.000,9999.000,9999.000,9999.000
202608100036,   0.366,   1.319,9999.000,9999.000,9999.000,9999.000,9999.000,9999.000,9999.000
202608100042,   0.337,   1.299,9999.000,9999.000,9999.000,9999.000,9999.000,9999.000,9999.000
202608100048,   0.309,   1.270,9999.000,9999.000,9999.000,9999.000,9999.000,9999.000,9999.000
202608100054,   0.283,   1.240,9999.000,9999.000,9999.000,9999.000,9999.000,9999.000,9999.000
202608100100,   0.258,   1.220,   0.200,   0.762,   1.220,   0.200,   1.220,   0.200,   1.220
202608100106,   0.235,   1.201,9999.000,9999.000,9999.000,9999.000,9999.000,9999.000,9999.000
202608100112,   0.213,   1.171,9999.000,9999.000,9999.000,9999.000,9999.000,9999.000,9999.000
202608100118,   0.194,   1.148,9999.000,9999.000,9999.000,9999.000,9999.000,9999.000,9999.000
202608100124,   0.176,   1.119,9999.000,9999.000,9999.000,9999.000,9999.000,9999.000,9999.000
202608100130,   0.159,   1.099,9999.000,9999.000,9999.000,9999.000,9999.000,9999.000,9999.000
202608100136,   0.144,   1.060,9999.000,9999.000,9999.000,9999.000,9999.000,9999.000,9999.000
202608100142,   0.131,   1.050,9999.000,9999.000,9999.000,9999.000,9999.000,9999.000,9999.000
202608100148,   0.120,   1.020,9999.000,9999.000,9999.000,9999.000,9999.000,9999.000,9999.000
202608100154,   0.110,   0.991,9999.000,9999.000,9999.000,9999.000,9999.000,9999.000,9999.000
202608100200,   0.101,   0.971,   0.200,   0.670,   0.971,   0.200,   0.971,   0.200,   0.971
202608100206,   0.094,   0.948,9999.000,9999.000,9999.000,9999.000,9999.000,9999.000,9999.000
202608100212,   0.088,   0.919,9999.000,9999.000,9999.000,9999.000,9999.000,9999.000,9999.000
202608100218,   0.084,   0.889,9999.000,9999.000,9999.000,9999.000,9999.000,9999.000,9999.000
202608100224,   0.081,   0.870,9999.000,9999.000,9999.000,9999.000,9999.000,9999.000,9999.000
202608100230,   0.080,   0.860,9999.000,9999.000,9999.000,9999.000,9999.000,9999.000,9999.000
202608100236,   0.080,   0.840,9999.000,9999.000,9999.000,9999.000,9999.000,9999.000,9999.000
202608100242,   0.081,   0.820,9999.000,9999.000,9999.000,9999.000,9999.000,9999.000,9999.000
202608100248,   0.085,   0.820,9999.000,9999.000,9999.000,9999.000,9999.000,9999.000,9999.000
202608100254,   0.090,   0.810,9999.000,9999.000,9999.000,9999.000,9999.000,9999.000,9999.000
202608100300,   0.097,   0.820,   0.200,   0.523,   0.820,   0.200,   0.820,   0.200,   0.820
202608100306,   0.107,   0.820,9999.000,9999.000,9999.000,9999.000,9999.000,9999.000,9999.000
202608100312,   0.118,   0.840,9999.000,9999.000,9999.000,9999.000,9999.000,9999.000,9999.000
202608100318,   0.133,   0.850,9999.000,9999.000,9999.000,9999.000,9999.000,9999.000,9999.000
202608100324,   0.150,   0.870,9999.000,9999.000,9999.000,9999.000,9999.000,9999.000,9999.000
202608100330,   0.171,   0.899,9999.000,9999.000,9999.000,9999.000,9999.000,9999.000,9999.000
202608100336,   0.194,   0.938,9999.000,9999.000,9999.000,9999.000,9999.000,9999.000,9999.000
202608100342,   0.222,   0.981,9999.000,9999.000,9999.000,9999.000,9999.000,9999.000,9999.000
202608100348,   0.253,   1.040,9999.000,9999.000,9999.000,9999.000,9999.000,9999.000,9999.000
202608100354,   0.288,   1.089,9999.000,9999.000,9999.000,9999.000,9999.000,9999.000,9999.000
202608100400,   0.328,   1.171,   0.200,   0.643,   1.171,   0.200,   1.171,   0.200,   1.171
202608100406,   0.372,   1.250,9999.000,9999.000,9999.000,9999.000,9999.000,9999.000,9999.000
202608100412,   0.420,   1.329,9999.000,9999.000,9999.000,9999.000,9999.000,9999.000,9999.000
202608100418,   0.473,   1.450,9999.000,9999.000,9999.000,9999.000,9999.000,9999.000,9999.000
202608100424,   0.531,   1.578,9999.000,9999.000,9999.000,9999.000,9999.000,9999.000,9999.000
202608100430,   0.593,   1.709,9999.000,9999.000,9999.000,9999.000,9999.000,9999.000,9999.000
202608100436,   0.660,   1.840,9999.000,9999.000,9999.000,9999.000,9999.000,9999.000,9999.000
202608100442,   0.731,   1.988,9999.000,9999.000,9999.000,9999.000,9999.000,9999.000,9999.000
202608100448,   0.807,   2.139,9999.000,9999.000,9999.000,9999.000,9999.000,9999.000,9999.000
202608100454,   0.887,   2.270,9999.000,9999.000,9999.000,9999.000,9999.000,9999.000,9999.000
202608100500,   0.971,   2.421,   0.200,   1.250,   2.421,   0.200,   2.421,   0.200,   2.421
202608100506,   1.058,   2.559,9999.000,9999.000,9999.000,9999.000,9999.000,9999.000,9999.000
202608100512,   1.149,   2.710,9999.000,9999.000,9999.000,9999.000,9999.000,9999.000,9999.000
202608100518,   1.242,   2.851,9999.000,9999.000,9999.000,9999.000,9999.000,9999.000,9999.000
202608100524,   1.339,   2.979,9999.000,9999.000,9999.000,9999.000,9999.000,9999.000,9999.000
202608100530,   1.437,   3.120,9999.000,9999.000,9999.000,9999.000,9999.000,9999.000,9999.000
202608100536,   1.537,   3.261,9999.000,9999.000,9999.000,9999.000,9999.000,9999.000,9999.000
202608100542,   1.638,   3.389,9999.000,9999.000,9999.000,9999.000,9999.000,9999.000,9999.000
202608100548,   1.740,   3.510,9999.000,9999.000,9999.000,9999.000,9999.000,9999.000,9999.000
202608100554,   1.842,   3.569,9999.000,9999.000,9999.000,9999.000,9999.000,9999.000,9999.000
202608100600,   1.944,   3.720,   0.300,   1.476,   3.720,   0.300,   3.720,   0.400,   3.820
202608100606,   2.046,   3.789,9999.000,9999.000,9999.000,9999.000,9999.000,9999.000,9999.000
202608100612,   2.146,   3.867,9999.000,9999.000,9999.000,9999.000,9999.000,9999.000,9999.000
202608100618,   2.245,   3.999,9999.000,9999.000,9999.000,9999.000,9999.000,9999.000,9999.000
202608100624,   2.341,   4.077,9999.000,9999.000,9999.000,9999.000,9999.000,9999.000,9999.000
202608100630,   2.436,   4.169,9999.000,9999.000,9999.000,9999.000,9999.000,9999.000,9999.000
202608100636,   2.527,   4.238,9999.000,9999.000,9999.000,9999.000,9999.000,9999.000,9999.000
202608100642,   2.616,   4.320,9999.000,9999.000,9999.000,9999.000,9999.000,9999.000,9999.000
202608100648,   2.700,   4.389,9999.000,9999.000,9999.000,9999.000,9999.000,9999.000,9999.000
202608100654,   2.781,   4.458,9999.000,9999.000,9999.000,9999.000,9999.000,9999.000,9999.000
202608100700,   2.857,   4.487,   0.300,   1.330,   4.487,   0.300,   4.487,   0.400,   4.587
202608100706,   2.929,   4.540,9999.000,9999.000,9999.000,9999.000,9999.000,9999.000,9999.000
202608100712,   2.996,   4.589,9999.000,9999.000,9999.000,9999.000,9999.000,9999.000,9999.000
202608100718,   3.057,   4.619,9999.000,9999.000,9999.000,9999.000,9999.000,9999.000,9999.000
202608100724,   3.113,   4.658,9999.000,9999.000,9999.000,9999.000,9999.000,9999.000,9999.000
202608100730,   3.163,   4.687,9999.000,9999.000,9999.000,9999.000,9999.000,9999.000,9999.000
202608100736,   3.208,   4.720,9999.000,9999.000,9999.000,9999.000,9999.000,9999.000,9999.000
202608100742,   3.246,   4.760,9999.000,9999.000,9999.000,9999.000,9999.000,9999.000,9999.000
202608100748,   3.278,   4.760,9999.000,9999.000,9999.000,9999.000,9999.000,9999.000,9999.000
202608100754,   3.303,   4.789,9999.000,9999.000,9999.000,9999.000,9999.000,9999.000,9999.000
202608100800,   3.322,   4.799,   0.300,   1.177,   4.799,   0.300,   4.799,   0.400,   4.899
202608100806,   3.334,   4.789,9999.000,9999.000,9999.000,9999.000,9999.000,9999.000,9999.000
202608100812,   3.339,   4.789,9999.000,9999.000,9999.000,9999.000,9999.000,9999.000,9999.000
202608100818,   3.338,   4.779,9999.000,9999.000,9999.000,9999.000,9999.000,9999.000,9999.000
202608100824,   3.330,   4.769,9999.000,9999.000,9999.000,9999.000,9999.000,9999.000,9999.000
202608100830,   3.316,   4.750,9999.000,9999.000,9999.000,9999.000,9999.000,9999.000,9999.000
202608100836,   3.295,   4.740,9999.000,9999.000,9999.000,9999.000,9999.000,9999.000,9999.000
202608100842,   3.268,   4.707,9999.000,9999.000,9999.000,9999.000,9999.000,9999.000,9999.000
202608100848,   3.235,   4.678,9999.000,9999.000,9999.000,9999.000,9999.000,9999.000,9999.000
202608100854,   3.197,   4.628,9999.000,9999.000,9999.000,9999.000,9999.000,9999.000,9999.000
202608100900,   3.153,   4.569,   0.300,   1.116,   4.569,   0.300,   4.569,   0.400,   4.669
202608100906,   3.105,   4.478,9999.000,9999.000,9999.000,9999.000,9999.000,9999.000,9999.000
202608100912,   3.051,   4.418,9999.000,9999.000,9999.000,9999.000,9999.000,9999.000,9999.000
202608100918,   2.994,   4.340,9999.000,9999.000,9999.000,9999.000,9999.000,9999.000,9999.000
202608100924,   2.933,   4.248,9999.000,9999.000,9999.000,9999.000,9999.000,9999.000,9999.000
202608100930,   2.869,   4.150,9999.000,9999.000,9999.000,9999.000,9999.000,9999.000,9999.000
202608100936,   2.803,   3.999,9999.000,9999.000,9999.000,9999.000,9999.000,9999.000,9999.000
202608100942,   2.734,   3.858,9999.000,9999.000,9999.000,9999.000,9999.000,9999.000,9999.000
202608100948,   2.664,   3.779,9999.000,9999.000,9999.000,9999.000,9999.000,9999.000,9999.000
202608100954,   2.593,   3.658,9999.000,9999.000,9999.000,9999.000,9999.000,9999.000,9999.000
202608101000,   2.521,   3.559,   0.300,   0.738,   3.559,   0.300,   3.559,   0.400,   3.659
202608101006,   2.449,   3.457,9999.000,9999.000,9999.000,9999.000,9999.000,9999.000,9999.000
202608101012,   2.378,   3.369,9999.000,9999.000,9999.000,9999.000,9999.000,9999.000,9999.000
202608101018,   2.307,   3.270,9999.000,9999.000,9999.000,9999.000,9999.000,9999.000,9999.000
202608101024,   2.238,   3.198,9999.000,9999.000,9999.000,9999.000,9999.000,9999.000,9999.000
202608101030,   2.170,   3.120,9999.000,9999.000,9999.000,9999.000,9999.000,9999.000,9999.000
202608101036,   2.104,   3.051,9999.000,9999.000,9999.000,9999.000,9999.000,9999.000,9999.000
202608101042,   2.040,   2.988,9999.000,9999.000,9999.000,9999.000,9999.000,9999.000,9999.000
202608101048,   1.978,   2.920,9999.000,9999.000,9999.000,9999.000,9999.000,9999.000,9999.000
202608101054,   1.918,   2.870,9999.000,9999.000,9999.000,9999.000,9999.000,9999.000,9999.000
202608101100,   1.861,   2.818,   0.300,   0.657,   2.818,   0.300,   2.818,   0.400,   2.918
202608101106,   1.806,   2.778,9999.000,9999.000,9999.000,9999.000,9999.000,9999.000,9999.000
202608101112,   1.754,   2.719,9999.000,9999.000,9999.000,9999.000,9999.000,9999.000,9999.000
202608101118,   1.704,   2.670,9999.000,9999.000,9999.000,9999.000,9999.000,9999.000,9999.000
202608101124,   1.656,   2.618,9999.000,9999.000,9999.000,9999.000,9999.000,9999.000,9999.000
202608101130,   1.610,   2.569,9999.000,9999.000,9999.000,9999.000,9999.000,9999.000,9999.000
202608101136,   1.566,   2.519,9999.000,9999.000,9999.000,9999.000,9999.000,9999.000,9999.000
202608101142,   1.524,   2.470,9999.000,9999.000,9999.000,9999.000,9999.000,9999.000,9999.000
202608101148,   1.483,   2.408,9999.000,9999.000,9999.000,9999.000,9999.000,9999.000,9999.000
202608101154,   1.444,   2.349,9999.000,9999.000,9999.000,9999.000,9999.000,9999.000,9999.000
202608101200,   1.405,   2.290,   0.300,   0.585,   2.290,   0.300,   2.290,   0.300,   2.290
202608101206,   1.368,   2.241,9999.000,9999.000,9999.000,9999.000,9999.000,9999.000,9999.000
202608101212,   1.331,   2.188,9999.000,9999.000,9999.000,9999.000,9999.000,9999.000,9999.000
202608101218,   1.294,   2.119,9999.000,9999.000,9999.000,9999.000,9999.000,9999.000,9999.000
202608101224,   1.257,   2.060,9999.000,9999.000,9999.000,9999.000,9999.000,9999.000,9999.000
202608101230,   1.221,   2.011,9999.000,9999.000,9999.000,9999.000,9999.000,9999.000,9999.000
202608101236,   1.184,   1.939,9999.000,9999.000,9999.000,9999.000,9999.000,9999.000,9999.000
202608101242,   1.146,   1.880,9999.000,9999.000,9999.000,9999.000,9999.000,9999.000,9999.000
202608101248,   1.108,   1.821,9999.000,9999.000,9999.000,9999.000,9999.000,9999.000,9999.000
202608101254,   1.069,   1.758,9999.000,9999.000,9999.000,9999.000,9999.000,9999.000,9999.000
202608101300,   1.029,   1.699,   0.300,   0.370,   1.699,   0.300,   1.699,   0.300,   1.699
202608101306,   0.987,   1.640,9999.000,9999.000,9999.000,9999.000,9999.000,9999.000,9999.000
202608101312,   0.945,   1.591,9999.000,9999.000,9999.000,9999.000,9999.000,9999.000,9999.000
202608101318,   0.900,   1.519,9999.000,9999.000,9999.000,9999.000,9999.000,9999.000,9999.000
202608101324,   0.854,   1.430,9999.000,9999.000,9999.000,9999.000,9999.000,9999.000,9999.000
202608101330,   0.806,   1.401,9999.000,9999.000,9999.000,9999.000,9999.000,9999.000,9999.000
202608101336,   0.757,   1.339,9999.000,9999.000,9999.000,9999.000,9999.000,9999.000,9999.000
202608101342,   0.705,   1.289,9999.000,9999.000,9999.000,9999.000,9999.000,9999.000,9999.000
202608101348,   0.651,   1.220,9999.000,9999.000,9999.000,9999.000,9999.000,9999.000,9999.000
202608101354,   0.594,   1.171,9999.000,9999.000,9999.000,9999.000,9999.000,9999.000,9999.000
202608101400,   0.536,   1.099,   0.300,   0.263,   1.099,   0.300,   1.099,   0.300,   1.099
202608101406,   0.474,   1.040,9999.000,9999.000,9999.000,9999.000,9999.000,9999.000,9999.000
202608101412,   0.411,   0.991,9999.000,9999.000,9999.000,9999.000,9999.000,9999.000,9999.000
202608101418,   0.344,   0.919,9999.000,9999.000,9999.000,9999.000,9999.000,9999.000,9999.000
202608101424,   0.276,   0.860,9999.000,9999.000,9999.000,9999.000,9999.000,9999.000,9999.000
202608101430,   0.204,   0.801,9999.000,9999.000,9999.000,9999.000,9999.000,9999.000,9999.000
202608101436,   0.130,   0.728,9999.000,9999.000,9999.000,9999.000,9999.000,9999.000,9999.000
202608101442,   0.054,   0.679,9999.000,9999.000,9999.000,9999.000,9999.000,9999.000,9999.000
202608101448,  -0.023,   0.610,9999.000,9999.000,9999.000,9999.000,9999.000,9999.000,9999.000
202608101454,  -0.103,   0.561,9999.000,9999.000,9999.000,9999.000,9999.000,9999.000,9999.000
202608101500,  -0.185,   0.499,   0.300,   0.384,   0.499,   0.300,   0.499,   0.300,   0.499
202608101506,  -0.268,   0.440,9999.000,9999.000,9999.000,9999.000,9999.000,9999.000,9999.000
202608101512,  -0.353,   0.381,9999.000,9999.000,9999.000,9999.000,9999.000,9999.000,9999.000
202608101518,  -0.438,   0.328,9999.000,9999.000,9999.000,9999.000,9999.000,9999.000,9999.000
202608101524,  -0.523,   0.269,9999.000,9999.000,9999.000,9999.000,9999.000,9999.000,9999.000
202608101530,  -0.608,   0.210,9999.000,9999.000,9999.000,9999.000,9999.000,9999.000,9999.000
202608101536,  -0.692,   0.161,9999.000,9999.000,9999.000,9999.000,9999.000,9999.000,9999.000
202608101542,  -0.775,   0.109,9999.000,9999.000,9999.000,9999.000,9999.000,9999.000,9999.000
202608101548,  -0.856,   0.059,9999.000,9999.000,9999.000,9999.000,9999.000,9999.000,9999.000
202608101554,  -0.935,   0.010,9999.000,9999.000,9999.000,9999.000,9999.000,9999.000,9999.000
202608101600,  -1.010,  -0.049,   0.300,   0.661,  -0.049,   0.300,  -0.049,   0.300,  -0.049
202608101606,  -1.082,  -0.101,9999.000,9999.000,9999.000,9999.000,9999.000,9999.000,9999.000
202608101612,  -1.149,  -0.141,9999.000,9999.000,9999.000,9999.000,9999.000,9999.000,9999.000
202608101618,  -1.211,  -0.190,9999.000,9999.000,9999.000,9999.000,9999.000,9999.000,9999.000
202608101624,  -1.268,  -0.239,9999.000,9999.000,9999.000,9999.000,9999.000,9999.000,9999.000
202608101630,  -1.318,  -0.311,9999.000,9999.000,9999.000,9999.000,9999.000,9999.000,9999.000
202608101636,  -1.362,  -0.341,9999.000,9999.000,9999.000,9999.000,9999.000,9999.000,9999.000
202608101642,  -1.399,  -0.370,9999.000,9999.000,9999.000,9999.000,9999.000,9999.000,9999.000
202608101648,  -1.429,  -0.400,9999.000,9999.000,9999.000,9999.000,9999.000,9999.000,9999.000
202608101654,  -1.450,  -0.439,9999.000,9999.000,9999.000,9999.000,9999.000,9999.000,9999.000
202608101700,  -1.464,  -0.469,   0.300,   0.695,  -0.469,   0.300,  -0.469,   0.300,  -0.469
202608101706,  -1.469,  -0.502,9999.000,9999.000,9999.000,9999.000,9999.000,9999.000,9999.000
202608101712,  -1.465,  -0.511,9999.000,9999.000,9999.000,9999.000,9999.000,9999.000,9999.000
202608101718,  -1.453,  -0.521,9999.000,9999.000,9999.000,9999.000,9999.000,9999.000,9999.000
202608101724,  -1.433,  -0.531,9999.000,9999.000,9999.000,9999.000,9999.000,9999.000,9999.000
202608101730,  -1.404,  -0.531,9999.000,9999.000,9999.000,9999.000,9999.000,9999.000,9999.000
202608101736,  -1.366,  -0.521,9999.000,9999.000,9999.000,9999.000,9999.000,9999.000,9999.000
202608101742,  -1.320,  -0.511,9999.000,9999.000,9999.000,9999.000,9999.000,9999.000,9999.000
202608101748,  -1.266,  -0.479,9999.000,9999.000,9999.000,9999.000,9999.000,9999.000,9999.000
202608101754,  -1.204,  -0.469,9999.000,9999.000,9999.000,9999.000,9999.000,9999.000,9999.000
202608101800,  -1.134,  -0.459,   0.100,   0.575,  -0.459,   0.100,  -0.459,   0.100,  -0.459
202608101806,  -1.058,  -0.380,9999.000,9999.000,9999.000,9999.000,9999.000,9999.000,9999.000
202608101812,  -0.974,  -0.321,9999.000,9999.000,9999.000,9999.000,9999.000,9999.000,9999.000
202608101818,  -0.884,  -0.259,9999.000,9999.000,9999.000,9999.000,9999.000,9999.000,9999.000
202608101824,  -0.789,  -0.200,9999.000,9999.000,9999.000,9999.000,9999.000,9999.000,9999.000
202608101830,  -0.688,  -0.121,9999.000,9999.000,9999.000,9999.000,9999.000,9999.000,9999.000
202608101836,  -0.582,  -0.029,9999.000,9999.000,9999.000,9999.000,9999.000,9999.000,9999.000
202608101842,  -0.472,   0.059,9999.000,9999.000,9999.000,9999.000,9999.000,9999.000,9999.000
202608101848,  -0.358,   0.151,9999.000,9999.000,9999.000,9999.000,9999.000,9999.000,9999.000
202608101854,  -0.241,   0.269,9999.000,9999.000,9999.000,9999.000,9999.000,9999.000,9999.000
202608101900,  -0.121,   0.381,   0.100,   0.402,   0.381,   0.100,   0.381,   0.100,   0.381
202608101906,   0.000,   0.499,9999.000,9999.000,9999.000,9999.000,9999.000,9999.000,9999.000
202608101912,   0.123,   0.620,9999.000,9999.000,9999.000,9999.000,9999.000,9999.000,9999.000
202608101918,   0.247,   0.748,9999.000,9999.000,9999.000,9999.000,9999.000,9999.000,9999.000
202608101924,   0.371,   0.889,9999.000,9999.000,9999.000,9999.000,9999.000,9999.000,9999.000
202608101930,   0.495,   1.020,9999.000,9999.000,9999.000,9999.000,9999.000,9999.000,9999.000
202608101936,   0.619,   1.171,9999.000,9999.000,9999.000,9999.000,9999.000,9999.000,9999.000
202608101942,   0.740,   1.299,9999.000,9999.000,9999.000,9999.000,9999.000,9999.000,9999.000
202608101948,   0.860,   1.430,9999.000,9999.000,9999.000,9999.000,9999.000,9999.000,9999.000
202608101954,   0.976,   1.568,9999.000,9999.000,9999.000,9999.000,9999.000,9999.000,9999.000
202608102000,   1.090,   1.699,   0.100,   0.509,   1.699,   0.100,   1.699,   0.100,   1.699
202608102006,   1.200,   1.840,9999.000,9999.000,9999.000,9999.000,9999.000,9999.000,9999.000
202608102012,   1.305,   1.978,9999.000,9999.000,9999.000,9999.000,9999.000,9999.000,9999.000
202608102018,   1.406,   2.109,9999.000,9999.000,9999.000,9999.000,9999.000,9999.000,9999.000
202608102024,   1.501,   2.231,9999.000,9999.000,9999.000,9999.000,9999.000,9999.000,9999.000
202608102030,   1.591,   2.349,9999.000,9999.000,9999.000,9999.000,9999.000,9999.000,9999.000
202608102036,   1.675,   2.450,9999.000,9999.000,9999.000,9999.000,9999.000,9999.000,9999.000
202608102042,   1.752,   2.559,9999.000,9999.000,9999.000,9999.000,9999.000,9999.000,9999.000
202608102048,   1.822,   2.651,9999.000,9999.000,9999.000,9999.000,9999.000,9999.000,9999.000
202608102054,   1.886,   2.710,9999.000,9999.000,9999.000,9999.000,9999.000,9999.000,9999.000
202608102100,   1.942,   2.808,   0.100,   0.766,   2.808,   0.100,   2.808,   0.100,   2.808
202608102106,   1.991,   2.880,9999.000,9999.000,9999.000,9999.000,9999.000,9999.000,9999.000
202608102112,   2.033,   2.959,9999.000,9999.000,9999.000,9999.000,9999.000,9999.000,9999.000
202608102118,   2.068,   3.018,9999.000,9999.000,9999.000,9999.000,9999.000,9999.000,9999.000
202608102124,   2.095,   3.070,9999.000,9999.000,9999.000,9999.000,9999.000,9999.000,9999.000
202608102130,   2.115,   3.120,9999.000,9999.000,9999.000,9999.000,9999.000,9999.000,9999.000
202608102136,   2.128,   3.169,9999.000,9999.000,9999.000,9999.000,9999.000,9999.000,9999.000
202608102142,   2.134,   3.198,9999.000,9999.000,9999.000,9999.000,9999.000,9999.000,9999.000
202608102148,   2.133,   3.228,9999.000,9999.000,9999.000,9999.000,9999.000,9999.000,9999.000
202608102154,   2.127,   3.248,9999.000,9999.000,9999.000,9999.000,9999.000,9999.000,9999.000
202608102200,   2.114,   3.270,   0.100,   1.056,   3.270,   0.100,   3.270,   0.100,   3.270
202608102206,   2.097,   3.261,9999.000,9999.000,9999.000,9999.000,9999.000,9999.000,9999.000
202608102212,   2.074,   3.270,9999.000,9999.000,9999.000,9999.000,9999.000,9999.000,9999.000
202608102218,   2.047,   3.261,9999.000,9999.000,9999.000,9999.000,9999.000,9999.000,9999.000
202608102224,   2.015,   3.238,9999.000,9999.000,9999.000,9999.000,9999.000,9999.000,9999.000
202608102230,   1.980,   3.228,9999.000,9999.000,9999.000,9999.000,9999.000,9999.000,9999.000
202608102236,   1.942,   3.179,9999.000,9999.000,9999.000,9999.000,9999.000,9999.000,9999.000
202608102242,   1.901,   3.129,9999.000,9999.000,9999.000,9999.000,9999.000,9999.000,9999.000
202608102248,   1.858,   3.090,9999.000,9999.000,9999.000,9999.000,9999.000,9999.000,9999.000
202608102254,   1.813,   3.018,9999.000,9999.000,9999.000,9999.000,9999.000,9999.000,9999.000
202608102300,   1.766,   2.929,   0.100,   1.063,   2.929,   0.100,   2.929,   0.100,   2.929
202608102306,   1.718,   2.841,9999.000,9999.000,9999.000,9999.000,9999.000,9999.000,9999.000
202608102312,   1.669,   2.769,9999.000,9999.000,9999.000,9999.000,9999.000,9999.000,9999.000
202608102318,   1.619,   2.690,9999.000,9999.000,9999.000,9999.000,9999.000,9999.000,9999.000
202608102324,   1.569,   2.598,9999.000,9999.000,9999.000,9999.000,9999.000,9999.000,9999.000
202608102330,   1.519,   2.510,9999.000,9999.000,9999.000,9999.000,9999.000,9999.000,9999.000
202608102336,   1.469,   2.408,9999.000,9999.000,9999.000,9999.000,9999.000,9999.000,9999.000
202608102342,   1.419,   2.319,9999.000,9999.000,9999.000,9999.000,9999.000,9999.000,9999.000
202608102348,   1.370,   2.231,9999.000,9999.000,9999.000,9999.000,9999.000,9999.000,9999.000
202608102354,   1.321,   2.139,9999.000,9999.000,9999.000,9999.000,9999.000,9999.000,9999.000
202608110000,   1.272,   2.060,   0.100,   0.688,   2.060,   0.100,   2.060,   0.100,   2.060
202608110006,   1.224,   1.978,9999.000,9999.000,9999.000,9999.000,9999.000,9999.000,9999.000
202608110012,   1.176,   1.919,9999.000,9999.000,9999.000,9999.000,9999.000,9999.000,9999.000
202608110018,   1.129,   1.831,9999.000,9999.000,9999.000,9999.000,9999.000,9999.000,9999.000
202608110024,   1.083,   1.778,9999.000,9999.000,9999.000,9999.000,9999.000,9999.000,9999.000
202608110030,   1.037,   1.719,9999.000,9999.000,9999.000,9999.000,9999.000,9999.000,9999.000
202608110036,   0.993,   1.680,9999.000,9999.000,9999.000,9999.000,9999.000,9999.000,9999.000
202608110042,   0.949,   1.630,9999.000,9999.000,9999.000,9999.000,9999.000,9999.000,9999.000
202608110048,   0.905,   1.578,9999.000,9999.000,9999.000,9999.000,9999.000,9999.000,9999.000
202608110054,   0.863,   1.539,9999.000,9999.000,9999.000,9999.000,9999.000,9999.000,9999.000
202608110100,   0.821,   1.499,   0.100,   0.578,   1.499,   0.100,   1.499,   0.100,   1.499
202608110106,   0.781,   1.460,9999.000,9999.000,9999.000,9999.000,9999.000,9999.000,9999.000
202608110112,   0.741,   1.421,9999.000,9999.000,9999.000,9999.000,9999.000,9999.000,9999.000
202608110118,   0.703,   1.381,9999.000,9999.000,9999.000,9999.000,9999.000,9999.000,9999.000
202608110124,   0.666,   1.348,9999.000,9999.000,9999.000,9999.000,9999.000,9999.000,9999.000
202608110130,   0.629,   1.319,9999.000,9999.000,9999.000,9999.000,9999.000,9999.000,9999.000
202608110136,   0.594,   1.299,9999.000,9999.000,9999.000,9999.000,9999.000,9999.000,9999.000
202608110142,   0.560,   1.260,9999.000,9999.000,9999.000,9999.000,9999.000,9999.000,9999.000
202608110148,   0.528,   1.220,9999.000,9999.000,9999.000,9999.000,9999.000,9999.000,9999.000
202608110154,   0.496,   1.191,9999.000,9999.000,9999.000,9999.000,9999.000,9999.000,9999.000
202608110200,   0.466,   1.191,   0.100,   0.625,   1.191,   0.100,   1.191,   0.100,   1.191
202608110206,   0.437,   1.148,9999.000,9999.000,9999.000,9999.000,9999.000,9999.000,9999.000
202608110212,   0.409,   1.129,9999.000,9999.000,9999.000,9999.000,9999.000,9999.000,9999.000
202608110218,   0.383,   1.099,9999.000,9999.000,9999.000,9999.000,9999.000,9999.000,9999.000
202608110224,   0.357,   1.060,9999.000,9999.000,9999.000,9999.000,9999.000,9999.000,9999.000
202608110230,   0.333,   1.040,9999.000,9999.000,9999.000,9999.000,9999.000,9999.000,9999.000
202608110236,   0.309,   1.011,9999.000,9999.000,9999.000,9999.000,9999.000,9999.000,9999.000
202608110242,   0.286,   0.981,9999.000,9999.000,9999.000,9999.000,9999.000,9999.000,9999.000
202608110248,   0.265,   0.938,9999.000,9999.000,9999.000,9999.000,9999.000,9999.000,9999.000
202608110254,   0.244,   0.899,9999.000,9999.000,9999.000,9999.000,9999.000,9999.000,9999.000
202608110300,   0.224,   0.870,   0.100,   0.546,   0.870,   0.100,   0.870,   0.100,   0.870
202608110306,   0.206,   0.820,9999.000,9999.000,9999.000,9999.000,9999.000,9999.000,9999.000
202608110312,   0.188,   0.791,9999.000,9999.000,9999.000,9999.000,9999.000,9999.000,9999.000
202608110318,   0.171,   0.761,9999.000,9999.000,9999.000,9999.000,9999.000,9999.000,9999.000
202608110324,   0.155,   0.728,9999.000,9999.000,9999.000,9999.000,9999.000,9999.000,9999.000
202608110330,   0.141,   0.689,9999.000,9999.000,9999.000,9999.000,9999.000,9999.000,9999.000
202608110336,   0.128,   0.689,9999.000,9999.000,9999.000,9999.000,9999.000,9999.000,9999.000
202608110342,   0.116,   0.640,9999.000,9999.000,9999.000,9999.000,9999.000,9999.000,9999.000
202608110348,   0.107,   0.610,9999.000,9999.000,9999.000,9999.000,9999.000,9999.000,9999.000
202608110354,   0.099,   0.610,9999.000,9999.000,9999.000,9999.000,9999.000,9999.000,9999.000
202608110400,   0.094,   0.591,   0.100,   0.397,   0.591,   0.100,   0.591,   0.100,   0.591
202608110406,   0.091,   0.591,9999.000,9999.000,9999.000,9999.000,9999.000,9999.000,9999.000
202608110412,   0.092,   0.571,9999.000,9999.000,9999.000,9999.000,9999.000,9999.000,9999.000
202608110418,   0.095,   0.571,9999.000,9999.000,9999.000,9999.000,9999.000,9999.000,9999.000
202608110424,   0.103,   0.581,9999.000,9999.000,9999.000,9999.000,9999.000,9999.000,9999.000
202608110430,   0.114,   0.610,9999.000,9999.000,9999.000,9999.000,9999.000,9999.000,9999.000
202608110436,   0.129,   0.630,9999.000,9999.000,9999.000,9999.000,9999.000,9999.000,9999.000
202608110442,   0.150,   0.660,9999.000,9999.000,9999.000,9999.000,9999.000,9999.000,9999.000
202608110448,   0.175,   0.719,9999.000,9999.000,9999.000,9999.000,9999.000,9999.000,9999.000
202608110454,   0.205,   0.761,9999.000,9999.000,9999.000,9999.000,9999.000,9999.000,9999.000
202608110500,   0.240,   0.820,   0.100,   0.480,   0.820,   0.100,   0.820,   0.100,   0.820
202608110506,   0.282,   0.909,9999.000,9999.000,9999.000,9999.000,9999.000,9999.000,9999.000
202608110512,   0.328,   0.991,9999.000,9999.000,9999.000,9999.000,9999.000,9999.000,9999.000
202608110518,   0.381,   1.089,9999.000,9999.000,9999.000,9999.000,9999.000,9999.000,9999.000
202608110524,   0.439,   1.220,9999.000,9999.000,9999.000,9999.000,9999.000,9999.000,9999.000
202608110530,   0.503,   1.339,9999.000,9999.000,9999.000,9999.000,9999.000,9999.000,9999.000
202608110536,   0.572,   1.480,9999.000,9999.000,9999.000,9999.000,9999.000,9999.000,9999.000
202608110542,   0.647,   1.650,9999.000,9999.000,9999.000,9999.000,9999.000,9999.000,9999.000
202608110548,   0.728,   1.811,9999.000,9999.000,9999.000,9999.000,9999.000,9999.000,9999.000
202608110554,   0.813,   1.968,9999.000,9999.000,9999.000,9999.000,9999.000,9999.000,9999.000
202608110600,   0.903,   2.129,   0.200,   1.026,   2.129,   0.100,   2.029,   0.200,   2.129
202608110606,   0.998,   2.300,9999.000,9999.000,9999.000,9999.000,9999.000,9999.000,9999.000
202608110612,   1.096,   2.470,9999.000,9999.000,9999.000,9999.000,9999.000,9999.000,9999.000
202608110618,   1.199,   2.618,9999.000,9999.000,9999.000,9999.000,9999.000,9999.000,9999.000
202608110624,   1.304,   2.769,9999.000,9999.000,9999.000,9999.000,9999.000,9999.000,9999.000
202608110630,   1.412,   2.929,9999.000,9999.000,9999.000,9999.000,9999.000,9999.000,9999.000
202608110636,   1.522,   3.080,9999.000,9999.000,9999.000,9999.000,9999.000,9999.000,9999.000
202608110642,   1.633,   3.228,9999.000,9999.000,9999.000,9999.000,9999.000,9999.000,9999.000
202608110648,   1.746,   3.369,9999.000,9999.000,9999.000,9999.000,9999.000,9999.000,9999.000
202608110654,   1.859,   3.510,9999.000,9999.000,9999.000,9999.000,9999.000,9999.000,9999.000
202608110700,   1.973,   3.638,   0.200,   1.465,   3.638,   0.100,   3.538,   0.200,   3.638
202608110706,   2.086,   3.749,9999.000,9999.000,9999.000,9999.000,9999.000,9999.000,9999.000
202608110712,   2.197,   3.848,9999.000,9999.000,9999.000,9999.000,9999.000,9999.000,9999.000
202608110718,   2.308,   3.949,9999.000,9999.000,9999.000,9999.000,9999.000,9999.000,9999.000
202608110724,   2.416,   4.038,9999.000,9999.000,9999.000,9999.000,9999.000,9999.000,9999.000
202608110730,   2.522,   4.130,9999.000,9999.000,9999.000,9999.000,9999.000,9999.000,9999.000
202608110736,   2.624,   4.228,9999.000,9999.000,9999.000,9999.000,9999.000,9999.000,9999.000
202608110742,   2.724,   4.310,9999.000,9999.000,9999.000,9999.000,9999.000,9999.000,9999.000
202608110748,   2.819,   4.379,9999.000,9999.000,9999.000,9999.000,9999.000,9999.000,9999.000
202608110754,   2.910,   4.448,9999.000,9999.000,9999.000,9999.000,9999.000,9999.000,9999.000
202608110800,   2.996,   4.510,   0.200,   1.314,   4.510,   0.100,   4.410,   0.200,   4.510
202608110806,   3.077,   4.560,9999.000,9999.000,9999.000,9999.000,9999.000,9999.000,9999.000
202608110812,   3.153,   4.619,9999.000,9999.000,9999.000,9999.000,9999.000,9999.000,9999.000
202608110818,   3.223,   4.668,9999.000,9999.000,9999.000,9999.000,9999.000,9999.000,9999.000
202608110824,   3.286,   4.697,9999.000,9999.000,9999.000,9999.000,9999.000,9999.000,9999.000
202608110830,   3.343,   4.740,9999.000,9999.000,9999.000,9999.000,9999.000,9999.000,9999.000
202608110836,   3.394,   4.769,9999.000,9999.000,9999.000,9999.000,9999.000,9999.000,9999.000
202608110842,   3.437,   4.809,9999.000,9999.000,9999.000,9999.000,9999.000,9999.000,9999.000
202608110848,   3.473,   4.828,9999.000,9999.000,9999.000,9999.000,9999.000,9999.000,9999.000
202608110854,   3.503,   4.848,9999.000,9999.000,9999.000,9999.000,9999.000,9999.000,9999.000
202608110900,   3.524,   4.858,   0.200,   1.134,   4.858,   0.100,   4.758,   0.200,   4.858
202608110906,   3.539,   4.868,9999.000,9999.000,9999.000,9999.000,9999.000,9999.000,9999.000
202608110912,   3.545,   4.868,9999.000,9999.000,9999.000,9999.000,9999.000,9999.000,9999.000
202608110918,   3.545,   4.878,9999.000,9999.000,9999.000,9999.000,9999.000,9999.000,9999.000
202608110924,   3.537,   4.848,9999.000,9999.000,9999.000,9999.000,9999.000,9999.000,9999.000
202608110930,   3.522,   4.848,9999.000,9999.000,9999.000,9999.000,9999.000,9999.000,9999.000
202608110936,   3.501,   4.828,9999.000,9999.000,9999.000,9999.000,9999.000,9999.000,9999.000
202608110942,   3.472,   4.809,9999.000,9999.000,9999.000,9999.000,9999.000,9999.000,9999.000
202608110948,   3.438,   4.789,9999.000,9999.000,9999.000,9999.000,9999.000,9999.000,9999.000
202608110954,   3.397,   4.750,9999.000,9999.000,9999.000,9999.000,9999.000,9999.000,9999.000
202608111000,   3.351,   4.697,   0.200,   1.146,   4.697,   0.100,   4.597,   0.200,   4.697
202608111006,   3.300,   4.638,9999.000,9999.000,9999.000,9999.000,9999.000,9999.000,9999.000
202608111012,   3.244,   4.569,9999.000,9999.000,9999.000,9999.000,9999.000,9999.000,9999.000
202608111018,   3.184,   4.478,9999.000,9999.000,9999.000,9999.000,9999.000,9999.000,9999.000
202608111024,   3.120,   4.369,9999.000,9999.000,9999.000,9999.000,9999.000,9999.000,9999.000
202608111030,   3.054,   4.258,9999.000,9999.000,9999.000,9999.000,9999.000,9999.000,9999.000
202608111036,   2.985,   4.130,9999.000,9999.000,9999.000,9999.000,9999.000,9999.000,9999.000
202608111042,   2.914,   3.999,9999.000,9999.000,9999.000,9999.000,9999.000,9999.000,9999.000
202608111048,   2.842,   3.867,9999.000,9999.000,9999.000,9999.000,9999.000,9999.000,9999.000
202608111054,   2.770,   3.759,9999.000,9999.000,9999.000,9999.000,9999.000,9999.000,9999.000
202608111100,   2.696,   3.648,   0.200,   0.752,   3.648,   0.100,   3.548,   0.200,   3.648
202608111106,   2.624,   3.530,9999.000,9999.000,9999.000,9999.000,9999.000,9999.000,9999.000
202608111112,   2.551,   3.428,9999.000,9999.000,9999.000,9999.000,9999.000,9999.000,9999.000
202608111118,   2.480,   3.320,9999.000,9999.000,9999.000,9999.000,9999.000,9999.000,9999.000
202608111124,   2.411,   3.228,9999.000,9999.000,9999.000,9999.000,9999.000,9999.000,9999.000
202608111130,   2.342,   3.139,9999.000,9999.000,9999.000,9999.000,9999.000,9999.000,9999.000
202608111136,   2.276,   3.061,9999.000,9999.000,9999.000,9999.000,9999.000,9999.000,9999.000
202608111142,   2.212,   2.988,9999.000,9999.000,9999.000,9999.000,9999.000,9999.000,9999.000
202608111148,   2.150,   2.920,9999.000,9999.000,9999.000,9999.000,9999.000,9999.000,9999.000
202608111154,   2.091,   2.860,9999.000,9999.000,9999.000,9999.000,9999.000,9999.000,9999.000
202608111200,   2.034,   2.808,   0.300,   0.474,   2.808,   0.200,   2.708,   0.300,   2.808
202608111206,   1.979,   2.759,9999.000,9999.000,9999.000,9999.000,9999.000,9999.000,9999.000
202608111212,   1.926,   2.700,9999.000,9999.000,9999.000,9999.000,9999.000,9999.000,9999.000
202608111218,   1.876,   2.660,9999.000,9999.000,9999.000,9999.000,9999.000,9999.000,9999.000
202608111224,   1.827,   2.608,9999.000,9999.000,9999.000,9999.000,9999.000,9999.000,9999.000
202608111230,   1.780,   2.569,9999.000,9999.000,9999.000,9999.000,9999.000,9999.000,9999.000
202608111236,   1.735,   2.510,9999.000,9999.000,9999.000,9999.000,9999.000,9999.000,9999.000
202608111242,   1.691,   2.460,9999.000,9999.000,9999.000,9999.000,9999.000,9999.000,9999.000
202608111248,   1.649,   2.408,9999.000,9999.000,9999.000,9999.000,9999.000,9999.000,9999.000
202608111254,   1.607,   2.359,9999.000,9999.000,9999.000,9999.000,9999.000,9999.000,9999.000
202608111300,   1.566,   2.290,   0.300,   0.424,   2.290,   0.200,   2.190,   0.300,   2.290
202608111306,   1.525,   2.250,9999.000,9999.000,9999.000,9999.000,9999.000,9999.000,9999.000
202608111312,   1.484,   2.188,9999.000,9999.000,9999.000,9999.000,9999.000,9999.000,9999.000
202608111318,   1.444,   2.139,9999.000,9999.000,9999.000,9999.000,9999.000,9999.000,9999.000
202608111324,   1.403,   2.080,9999.000,9999.000,9999.000,9999.000,9999.000,9999.000,9999.000
202608111330,   1.361,   2.021,9999.000,9999.000,9999.000,9999.000,9999.000,9999.000,9999.000
202608111336,   1.319,   1.949,9999.000,9999.000,9999.000,9999.000,9999.000,9999.000,9999.000
202608111342,   1.276,   1.870,9999.000,9999.000,9999.000,9999.000,9999.000,9999.000,9999.000
202608111348,   1.231,   1.801,9999.000,9999.000,9999.000,9999.000,9999.000,9999.000,9999.000
202608111354,   1.186,   1.749,9999.000,9999.000,9999.000,9999.000,9999.000,9999.000,9999.000
202608111400,   1.138,   1.709,   0.300,   0.271,   1.709,   0.200,   1.609,   0.300,   1.709
202608111406,   1.089,   1.630,9999.000,9999.000,9999.000,9999.000,9999.000,9999.000,9999.000
202608111412,   1.038,   1.591,9999.000,9999.000,9999.000,9999.000,9999.000,9999.000,9999.000
202608111418,   0.985,   1.480,9999.000,9999.000,9999.000,9999.000,9999.000,9999.000,9999.000
202608111424,   0.930,   1.430,9999.000,9999.000,9999.000,9999.000,9999.000,9999.000,9999.000
202608111430,   0.873,   1.381,9999.000,9999.000,9999.000,9999.000,9999.000,9999.000,9999.000
202608111436,   0.813,   1.329,9999.000,9999.000,9999.000,9999.000,9999.000,9999.000,9999.000
202608111442,   0.751,   1.270,9999.000,9999.000,9999.000,9999.000,9999.000,9999.000,9999.000
202608111448,   0.686,   1.220,9999.000,9999.000,9999.000,9999.000,9999.000,9999.000,9999.000
202608111454,   0.619,   1.148,9999.000,9999.000,9999.000,9999.000,9999.000,9999.000,9999.000
202608111500,   0.548,   1.099,   0.300,   0.251,   1.099,   0.200,   0.999,   0.300,   1.099
202608111506,   0.475,   1.040,9999.000,9999.000,9999.000,9999.000,9999.000,9999.000,9999.000
202608111512,   0.400,   0.981,9999.000,9999.000,9999.000,9999.000,9999.000,9999.000,9999.000
202608111518,   0.321,   0.929,9999.000,9999.000,9999.000,9999.000,9999.000,9999.000,9999.000
202608111524,   0.240,   0.870,9999.000,9999.000,9999.000,9999.000,9999.000,9999.000,9999.000
202608111530,   0.157,   0.810,9999.000,9999.000,9999.000,9999.000,9999.000,9999.000,9999.000
202608111536,   0.071,   0.748,9999.000,9999.000,9999.000,9999.000,9999.000,9999.000,9999.000
202608111542,  -0.016,   0.689,9999.000,9999.000,9999.000,9999.000,9999.000,9999.000,9999.000
202608111548,  -0.105,   0.630,9999.000,9999.000,9999.000,9999.000,9999.000,9999.000,9999.000
202608111554,  -0.196,   0.571,9999.000,9999.000,9999.000,9999.000,9999.000,9999.000,9999.000
202608111600,  -0.288,   0.509,   0.300,   0.497,   0.509,   0.200,   0.409,   0.300,   0.509
202608111606,  -0.381,   0.450,9999.000,9999.000,9999.000,9999.000,9999.000,9999.000,9999.000
202608111612,  -0.473,   0.400,9999.000,9999.000,9999.000,9999.000,9999.000,9999.000,9999.000
202608111618,  -0.566,   0.328,9999.000,9999.000,9999.000,9999.000,9999.000,9999.000,9999.000
202608111624,  -0.657,   0.279,9999.000,9999.000,9999.000,9999.000,9999.000,9999.000,9999.000
202608111630,  -0.747,   0.220,9999.000,9999.000,9999.000,9999.000,9999.000,9999.000,9999.000
202608111636,  -0.834,   0.161,9999.000,9999.000,9999.000,9999.000,9999.000,9999.000,9999.000
202608111642,  -0.918,   0.109,9999.000,9999.000,9999.000,9999.000,9999.000,9999.000,9999.000
202608111648,  -0.999,   0.059,9999.000,9999.000,9999.000,9999.000,9999.000,9999.000,9999.000
202608111654,  -1.076,   0.010,9999.000,9999.000,9999.000,9999.000,9999.000,9999.000,9999.000
202608111700,  -1.148,  -0.049,   0.200,   0.899,  -0.049,   0.200,  -0.049,   0.300,   0.051
202608111706,  -1.214,  -0.101,9999.000,9999.000,9999.000,9999.000,9999.000,9999.000,9999.000
202608111712,  -1.274,  -0.151,9999.000,9999.000,9999.000,9999.000,9999.000,9999.000,9999.000
202608111718,  -1.327,  -0.200,9999.000,9999.000,9999.000,9999.000,9999.000,9999.000,9999.000
202608111724,  -1.373,  -0.239,9999.000,9999.000,9999.000,9999.000,9999.000,9999.000,9999.000
202608111730,  -1.411,  -0.292,9999.000,9999.000,9999.000,9999.000,9999.000,9999.000,9999.000
202608111736,  -1.441,  -0.341,9999.000,9999.000,9999.000,9999.000,9999.000,9999.000,9999.000
202608111742,  -1.462,  -0.370,9999.000,9999.000,9999.000,9999.000,9999.000,9999.000,9999.000
202608111748,  -1.474,  -0.410,9999.000,9999.000,9999.000,9999.000,9999.000,9999.000,9999.000
202608111754,  -1.477,  -0.439,9999.000,9999.000,9999.000,9999.000,9999.000,9999.000,9999.000
202608111800,  -1.470,  -0.439,   0.200,   0.831,  -0.439,   0.200,  -0.439,   0.300,  -0.339
202608111806,  -1.453,9999.000,9999.000,9999.000,9999.000,9999.000,9999.000,9999.000,9999.000
202608111812,  -1.427,9999.000,9999.000,9999.000,9999.000,9999.000,9999.000,9999.000,9999.000
202608111818,  -1.391,9999.000,9999.000,9999.000,9999.000,9999.000,9999.000,9999.000,9999.000
202608111824,  -1.346,9999.000,9999.000,9999.000,9999.000,9999.000,9999.000,9999.000,9999.000
202608111830,  -1.291,9999.000,9999.000,9999.000,9999.000,9999.000,9999.000,9999.000,9999.000
202608111836,  -1.228,9999.000,9999.000,9999.000,9999.000,9999.000,9999.000,9999.000,9999.000
202608111842,  -1.155,9999.000,9999.000,9999.000,9999.000,9999.000,9999.000,9999.000,9999.000
202608111848,  -1.075,9999.000,9999.000,9999.000,9999.000,9999.000,9999.000,9999.000,9999.000
202608111854,  -0.986,9999.000,9999.000,9999.000,9999.000,9999.000,9999.000,9999.000,9999.000
202608111900,  -0.889,9999.000,   0.200,   0.822,   0.133,   0.200,   0.133,   0.300,   0.233
202608111906,  -0.786,9999.000,9999.000,9999.000,9999.000,9999.000,9999.000,9999.000,9999.000
202608111912,  -0.676,9999.000,9999.000,9999.000,9999.000,9999.000,9999.000,9999.000,9999.000
202608111918,  -0.560,9999.000,9999.000,9999.000,9999.000,9999.000,9999.000,9999.000,9999.000
202608111924,  -0.439,9999.000,9999.000,9999.000,9999.000,9999.000,9999.000,9999.000,9999.000
202608111930,  -0.313,9999.000,9999.000,9999.000,9999.000,9999.000,9999.000,9999.000,9999.000
202608111936,  -0.183,9999.000,9999.000,9999.000,9999.000,9999.000,9999.000,9999.000,9999.000
202608111942,  -0.049,9999.000,9999.000,9999.000,9999.000,9999.000,9999.000,9999.000,9999.000
202608111948,   0.086,9999.000,9999.000,9999.000,9999.000,9999.000,9999.000,9999.000,9999.000
202608111954,   0.225,9999.000,9999.000,9999.000,9999.000,9999.000,9999.000,9999.000,9999.000
202608112000,   0.364,9999.000,   0.200,   0.813,   1.377,   0.200,   1.377,   0.300,   1.477
202608112006,   0.505,9999.000,9999.000,9999.000,9999.000,9999.000,9999.000,9999.000,9999.000
202608112012,   0.646,9999.000,9999.000,9999.000,9999.000,9999.000,9999.000,9999.000,9999.000
202608112018,   0.786,9999.000,9999.000,9999.000,9999.000,9999.000,9999.000,9999.000,9999.000
202608112024,   0.925,9999.000,9999.000,9999.000,9999.000,9999.000,9999.000,9999.000,9999.000
202608112030,   1.062,9999.000,9999.000,9999.000,9999.000,9999.000,9999.000,9999.000,9999.000
202608112036,   1.196,9999.000,9999.000,9999.000,9999.000,9999.000,9999.000,9999.000,9999.000
202608112042,   1.327,9999.000,9999.000,9999.000,9999.000,9999.000,9999.000,9999.000,9999.000
202608112048,   1.454,9999.000,9999.000,9999.000,9999.000,9999.000,9999.000,9999.000,9999.000
202608112054,   1.577,9999.000,9999.000,9999.000,9999.000,9999.000,9999.000,9999.000,9999.000
202608112100,   1.695,9999.000,   0.200,   0.804,   2.699,   0.200,   2.699,   0.300,   2.799
202608112106,   1.807,9999.000,9999.000,9999.000,9999.000,9999.000,9999.000,9999.000,9999.000
202608112112,   1.913,9999.000,9999.000,9999.000,9999.000,9999.000,9999.000,9999.000,9999.000
202608112118,   2.012,9999.000,9999.000,9999.000,9999.000,9999.000,9999.000,9999.000,9999.000
202608112124,   2.105,9999.000,9999.000,9999.000,9999.000,9999.000,9999.000,9999.000,9999.000
202608112130,   2.190,9999.000,9999.000,9999.000,9999.000,9999.000,9999.000,9999.000,9999.000
202608112136,   2.267,9999.000,9999.000,9999.000,9999.000,9999.000,9999.000,9999.000,9999.000
202608112142,   2.337,9999.000,9999.000,9999.000,9999.000,9999.000,9999.000,9999.000,9999.000
202608112148,   2.398,9999.000,9999.000,9999.000,9999.000,9999.000,9999.000,9999.000,9999.000
202608112154,   2.452,9999.000,9999.000,9999.000,9999.000,9999.000,9999.000,9999.000,9999.000
202608112200,   2.497,9999.000,   0.200,   0.794,   3.491,   0.200,   3.491,   0.300,   3.591
202608112206,   2.533,9999.000,9999.000,9999.000,9999.000,9999.000,9999.000,9999.000,9999.000
202608112212,   2.562,9999.000,9999.000,9999.000,9999.000,9999.000,9999.000,9999.000,9999.000
202608112218,   2.582,9999.000,9999.000,9999.000,9999.000,9999.000,9999.000,9999.000,9999.000
202608112224,   2.594,9999.000,9999.000,9999.000,9999.000,9999.000,9999.000,9999.000,9999.000
202608112230,   2.599,9999.000,9999.000,9999.000,9999.000,9999.000,9999.000,9999.000,9999.000
202608112236,   2.597,9999.000,9999.000,9999.000,9999.000,9999.000,9999.000,9999.000,9999.000
202608112242,   2.588,9999.000,9999.000,9999.000,9999.000,9999.000,9999.000,9999.000,9999.000
202608112248,   2.572,9999.000,9999.000,9999.000,9999.000,9999.000,9999.000,9999.000,9999.000
202608112254,   2.550,9999.000,9999.000,9999.000,9999.000,9999.000,9999.000,9999.000,9999.000
202608112300,   2.522,9999.000,   0.200,   0.785,   3.507,   0.200,   3.507,   0.300,   3.607
202608112306,   2.490,9999.000,9999.000,9999.000,9999.000,9999.000,9999.000,9999.000,9999.000
202608112312,   2.453,9999.000,9999.000,9999.000,9999.000,9999.000,9999.000,9999.000,9999.000
202608112318,   2.411,9999.000,9999.000,9999.000,9999.000,9999.000,9999.000,9999.000,9999.000
202608112324,   2.367,9999.000,9999.000,9999.000,9999.000,9999.000,9999.000,9999.000,9999.000
202608112330,   2.319,9999.000,9999.000,9999.000,9999.000,9999.000,9999.000,9999.000,9999.000
202608112336,   2.269,9999.000,9999.000,9999.000,9999.000,9999.000,9999.000,9999.000,9999.000
202608112342,   2.216,9999.000,9999.000,9999.000,9999.000,9999.000,9999.000,9999.000,9999.000
202608112348,   2.162,9999.000,9999.000,9999.000,9999.000,9999.000,9999.000,9999.000,9999.000
202608112354,   2.107,9999.000,9999.000,9999.000,9999.000,9999.000,9999.000,9999.000,9999.000
202608120000,   2.051,9999.000,   0.200,   0.776,   3.027,   0.200,   3.027,   0.300,   3.127
202608120006,   1.994,9999.000,9999.000,9999.000,9999.000,9999.000,9999.000,9999.000,9999.000
202608120012,   1.937,9999.000,9999.000,9999.000,9999.000,9999.000,9999.000,9999.000,9999.000
202608120018,   1.880,9999.000,9999.000,9999.000,9999.000,9999.000,9999.000,9999.000,9999.000
202608120024,   1.823,9999.000,9999.000,9999.000,9999.000,9999.000,9999.000,9999.000,9999.000
202608120030,   1.767,9999.000,9999.000,9999.000,9999.000,9999.000,9999.000,9999.000,9999.000
202608120036,   1.711,9999.000,9999.000,9999.000,9999.000,9999.000,9999.000,9999.000,9999.000
202608120042,   1.656,9999.000,9999.000,9999.000,9999.000,9999.000,9999.000,9999.000,9999.000
202608120048,   1.601,9999.000,9999.000,9999.000,9999.000,9999.000,9999.000,9999.000,9999.000
202608120054,   1.547,9999.000,9999.000,9999.000,9999.000,9999.000,9999.000,9999.000,9999.000
202608120100,   1.494,9999.000,   0.200,   0.767,   2.461,   0.200,   2.461,   0.300,   2.561
202608120106,   1.442,9999.000,9999.000,9999.000,9999.000,9999.000,9999.000,9999.000,9999.000
202608120112,   1.391,9999.000,9999.000,9999.000,9999.000,9999.000,9999.000,9999.000,9999.000
202608120118,   1.340,9999.000,9999.000,9999.000,9999.000,9999.000,9999.000,9999.000,9999.000
202608120124,   1.290,9999.000,9999.000,9999.000,9999.000,9999.000,9999.000,9999.000,9999.000
202608120130,   1.242,9999.000,9999.000,9999.000,9999.000,9999.000,9999.000,9999.000,9999.000
202608120136,   1.194,9999.000,9999.000,9999.000,9999.000,9999.000,9999.000,9999.000,9999.000
202608120142,   1.146,9999.000,9999.000,9999.000,9999.000,9999.000,9999.000,9999.000,9999.000
202608120148,   1.100,9999.000,9999.000,9999.000,9999.000,9999.000,9999.000,9999.000,9999.000
202608120154,   1.055,9999.000,9999.000,9999.000,9999.000,9999.000,9999.000,9999.000,9999.000
202608120200,   1.010,9999.000,   0.200,   0.758,   1.968,   0.200,   1.968,   0.200,   1.968
202608120206,   0.966,9999.000,9999.000,9999.000,9999.000,9999.000,9999.000,9999.000,9999.000
202608120212,   0.923,9999.000,9999.000,9999.000,9999.000,9999.000,9999.000,9999.000,9999.000
202608120218,   0.881,9999.000,9999.000,9999.000,9999.000,9999.000,9999.000,9999.000,9999.000
202608120224,   0.839,9999.000,9999.000,9999.000,9999.000,9999.000,9999.000,9999.000,9999.000
202608120230,   0.799,9999.000,9999.000,9999.000,9999.000,9999.000,9999.000,9999.000,9999.000
202608120236,   0.759,9999.000,9999.000,9999.000,9999.000,9999.000,9999.000,9999.000,9999.000
202608120242,   0.720,9999.000,9999.000,9999.000,9999.000,9999.000,9999.000,9999.000,9999.000
202608120248,   0.682,9999.000,9999.000,9999.000,9999.000,9999.000,9999.000,9999.000,9999.000
202608120254,   0.645,9999.000,9999.000,9999.000,9999.000,9999.000,9999.000,9999.000,9999.000
202608120300,   0.608,9999.000,   0.200,   0.749,   1.557,   0.200,   1.557,   0.200,   1.557
202608120306,   0.572,9999.000,9999.000,9999.000,9999.000,9999.000,9999.000,9999.000,9999.000
202608120312,   0.536,9999.000,9999.000,9999.000,9999.000,9999.000,9999.000,9999.000,9999.000
202608120318,   0.501,9999.000,9999.000,9999.000,9999.000,9999.000,9999.000,9999.000,9999.000
202608120324,   0.467,9999.000,9999.000,9999.000,9999.000,9999.000,9999.000,9999.000,9999.000
202608120330,   0.433,9999.000,9999.000,9999.000,9999.000,9999.000,9999.000,9999.000,9999.000
202608120336,   0.399,9999.000,9999.000,9999.000,9999.000,9999.000,9999.000,9999.000,9999.000
202608120342,   0.366,9999.000,9999.000,9999.000,9999.000,9999.000,9999.000,9999.000,9999.000
202608120348,   0.334,9999.000,9999.000,9999.000,9999.000,9999.000,9999.000,9999.000,9999.000
202608120354,   0.302,9999.000,9999.000,9999.000,9999.000,9999.000,9999.000,9999.000,9999.000
202608120400,   0.270,9999.000,   0.200,   0.739,   1.209,   0.200,   1.209,   0.200,   1.209
202608120406,   0.240,9999.000,9999.000,9999.000,9999.000,9999.000,9999.000,9999.000,9999.000
202608120412,   0.210,9999.000,9999.000,9999.000,9999.000,9999.000,9999.000,9999.000,9999.000
202608120418,   0.181,9999.000,9999.000,9999.000,9999.000,9999.000,9999.000,9999.000,9999.000
202608120424,   0.154,9999.000,9999.000,9999.000,9999.000,9999.000,9999.000,9999.000,9999.000
202608120430,   0.127,9999.000,9999.000,9999.000,9999.000,9999.000,9999.000,9999.000,9999.000
202608120436,   0.103,9999.000,9999.000,9999.000,9999.000,9999.000,9999.000,9999.000,9999.000
202608120442,   0.081,9999.000,9999.000,9999.000,9999.000,9999.000,9999.000,9999.000,9999.000
202608120448,   0.061,9999.000,9999.000,9999.000,9999.000,9999.000,9999.000,9999.000,9999.000
202608120454,   0.044,9999.000,9999.000,9999.000,9999.000,9999.000,9999.000,9999.000,9999.000
202608120500,   0.030,9999.000,   0.200,   0.730,   0.960,   0.200,   0.960,   0.200,   0.960
202608120506,   0.019,9999.000,9999.000,9999.000,9999.000,9999.000,9999.000,9999.000,9999.000
202608120512,   0.012,9999.000,9999.000,9999.000,9999.000,9999.000,9999.000,9999.000,9999.000
202608120518,   0.010,9999.000,9999.000,9999.000,9999.000,9999.000,9999.000,9999.000,9999.000
202608120524,   0.013,9999.000,9999.000,9999.000,9999.000,9999.000,9999.000,9999.000,9999.000
202608120530,   0.020,9999.000,9999.000,9999.000,9999.000,9999.000,9999.000,9999.000,9999.000
202608120536,   0.034,9999.000,9999.000,9999.000,9999.000,9999.000,9999.000,9999.000,9999.000
202608120542,   0.053,9999.000,9999.000,9999.000,9999.000,9999.000,9999.000,9999.000,9999.000
202608120548,   0.078,9999.000,9999.000,9999.000,9999.000,9999.000,9999.000,9999.000,9999.000
202608120554,   0.109,9999.000,9999.000,9999.000,9999.000,9999.000,9999.000,9999.000,9999.000
202608120600,   0.147,9999.000,   0.200,   0.721,   1.068,   0.200,   1.068,   0.200,   1.068
202608120606,   0.192,9999.000,9999.000,9999.000,9999.000,9999.000,9999.000,9999.000,9999.000
202608120612,   0.243,9999.000,9999.000,9999.000,9999.000,9999.000,9999.000,9999.000,9999.000
202608120618,   0.301,9999.000,9999.000,9999.000,9999.000,9999.000,9999.000,9999.000,9999.000
202608120624,   0.366,9999.000,9999.000,9999.000,9999.000,9999.000,9999.000,9999.000,9999.000
202608120630,   0.438,9999.000,9999.000,9999.000,9999.000,9999.000,9999.000,9999.000,9999.000
202608120636,   0.516,9999.000,9999.000,9999.000,9999.000,9999.000,9999.000,9999.000,9999.000
202608120642,   0.600,9999.000,9999.000,9999.000,9999.000,9999.000,9999.000,9999.000,9999.000
202608120648,   0.690,9999.000,9999.000,9999.000,9999.000,9999.000,9999.000,9999.000,9999.000
202608120654,   0.786,9999.000,9999.000,9999.000,9999.000,9999.000,9999.000,9999.000,9999.000
202608120700,   0.887,9999.000,   0.200,   0.721,   1.808,   0.200,   1.808,   0.200,   1.808
202608120706,   0.992,9999.000,9999.000,9999.000,9999.000,9999.000,9999.000,9999.000,9999.000
202608120712,   1.102,9999.000,9999.000,9999.000,9999.000,9999.000,9999.000,9999.000,9999.000
202608120718,   1.216,9999.000,9999.000,9999.000,9999.000,9999.000,9999.000,9999.000,9999.000
202608120724,   1.333,9999.000,9999.000,9999.000,9999.000,9999.000,9999.000,9999.000,9999.000
202608120730,   1.452,9999.000,9999.000,9999.000,9999.000,9999.000,9999.000,9999.000,9999.000
202608120736,   1.574,9999.000,9999.000,9999.000,9999.000,9999.000,9999.000,9999.000,9999.000
202608120742,   1.697,9999.000,9999.000,9999.000,9999.000,9999.000,9999.000,9999.000,9999.000
202608120748,   1.821,9999.000,9999.000,9999.000,9999.000,9999.000,9999.000,9999.000,9999.000
202608120754,   1.945,9999.000,9999.000,9999.000,9999.000,9999.000,9999.000,9999.000,9999.000
202608120800,   2.069,9999.000,   0.200,   0.721,   2.990,   0.200,   2.990,   0.200,   2.990
202608120806,   2.192,9999.000,9999.000,9999.000,9999.000,9999.000,9999.000,9999.000,9999.000
202608120812,   2.313,9999.000,9999.000,9999.000,9999.000,9999.000,9999.000,9999.000,9999.000
202608120818,   2.433,9999.000,9999.000,9999.000,9999.000,9999.000,9999.000,9999.000,9999.000
202608120824,   2.550,9999.000,9999.000,9999.000,9999.000,9999.000,9999.000,9999.000,9999.000
202608120830,   2.663,9999.000,9999.000,9999.000,9999.000,9999.000,9999.000,9999.000,9999.000
202608120836,   2.773,9999.000,9999.000,9999.000,9999.000,9999.000,9999.000,9999.000,9999.000
202608120842,   2.879,9999.000,9999.000,9999.000,9999.000,9999.000,9999.000,9999.000,9999.000
202608120848,   2.980,9999.000,9999.000,9999.000,9999.000,9999.000,9999.000,9999.000,9999.000
202608120854,   3.075,9999.000,9999.000,9999.000,9999.000,9999.000,9999.000,9999.000,9999.000
202608120900,   3.165,9999.000,   0.200,   0.721,   4.086,   0.200,   4.086,   0.200,   4.086
202608120906,   3.249,9999.000,9999.000,9999.000,9999.000,9999.000,9999.000,9999.000,9999.000
202608120912,   3.327,9999.000,9999.000,9999.000,9999.000,9999.000,9999.000,9999.000,9999.000
202608120918,   3.398,9999.000,9999.000,9999.000,9999.000,9999.000,9999.000,9999.000,9999.000
202608120924,   3.462,9999.000,9999.000,9999.000,9999.000,9999.000,9999.000,9999.000,9999.000
202608120930,   3.518,9999.000,9999.000,9999.000,9999.000,9999.000,9999.000,9999.000,9999.000
202608120936,   3.567,9999.000,9999.000,9999.000,9999.000,9999.000,9999.000,9999.000,9999.000
202608120942,   3.608,9999.000,9999.000,9999.000,9999.000,9999.000,9999.000,9999.000,9999.000
202608120948,   3.641,9999.000,9999.000,9999.000,9999.000,9999.000,9999.000,9999.000,9999.000
202608120954,   3.667,9999.000,9999.000,9999.000,9999.000,9999.000,9999.000,9999.000,9999.000
202608121000,   3.684,9999.000,   0.200,   0.721,   4.605,   0.200,   4.605,   0.200,   4.605
202608121006,   3.693,9999.000,9999.000,9999.000,9999.000,9999.000,9999.000,9999.000,9999.000
202608121012,   3.694,9999.000,9999.000,9999.000,9999.000,9999.000,9999.000,9999.000,9999.000
202608121018,   3.687,9999.000,9999.000,9999.000,9999.000,9999.000,9999.000,9999.000,9999.000
202608121024,   3.672,9999.000,9999.000,9999.000,9999.000,9999.000,9999.000,9999.000,9999.000
202608121030,   3.650,9999.000,9999.000,9999.000,9999.000,9999.000,9999.000,9999.000,9999.000
202608121036,   3.621,9999.000,9999.000,9999.000,9999.000,9999.000,9999.000,9999.000,9999.000
202608121042,   3.586,9999.000,9999.000,9999.000,9999.000,9999.000,9999.000,9999.000,9999.000
202608121048,   3.544,9999.000,9999.000,9999.000,9999.000,9999.000,9999.000,9999.000,9999.000
202608121054,   3.496,9999.000,9999.000,9999.000,9999.000,9999.000,9999.000,9999.000,9999.000
202608121100,   3.443,9999.000,   0.200,   0.721,   4.364,   0.200,   4.364,   0.200,   4.364
202608121106,   3.385,9999.000,9999.000,9999.000,9999.000,9999.000,9999.000,9999.000,9999.000
202608121112,   3.322,9999.000,9999.000,9999.000,9999.000,9999.000,9999.000,9999.000,9999.000
202608121118,   3.257,9999.000,9999.000,9999.000,9999.000,9999.000,9999.000,9999.000,9999.000
202608121124,   3.188,9999.000,9999.000,9999.000,9999.000,9999.000,9999.000,9999.000,9999.000
202608121130,   3.116,9999.000,9999.000,9999.000,9999.000,9999.000,9999.000,9999.000,9999.000
202608121136,   3.043,9999.000,9999.000,9999.000,9999.000,9999.000,9999.000,9999.000,9999.000
202608121142,   2.968,9999.000,9999.000,9999.000,9999.000,9999.000,9999.000,9999.000,9999.000
202608121148,   2.893,9999.000,9999.000,9999.000,9999.000,9999.000,9999.000,9999.000,9999.000
202608121154,   2.818,9999.000,9999.000,9999.000,9999.000,9999.000,9999.000,9999.000,9999.000
202608121200,   2.742,9999.000,   0.200,   0.721,   3.663,   0.200,   3.663,   0.200,   3.663
202608121206,   2.668,9999.000,9999.000,9999.000,9999.000,9999.000,9999.000,9999.000,9999.000
202608121212,   2.594,9999.000,9999.000,9999.000,9999.000,9999.000,9999.000,9999.000,9999.000
202608121218,   2.522,9999.000,9999.000,9999.000,9999.000,9999.000,9999.000,9999.000,9999.000
202608121224,   2.452,9999.000,9999.000,9999.000,9999.000,9999.000,9999.000,9999.000,9999.000
202608121230,   2.384,9999.000,9999.000,9999.000,9999.000,9999.000,9999.000,9999.000,9999.000
202608121236,   2.318,9999.000,9999.000,9999.000,9999.000,9999.000,9999.000,9999.000,9999.000
202608121242,   2.254,9999.000,9999.000,9999.000,9999.000,9999.000,9999.000,9999.000,9999.000
202608121248,   2.192,9999.000,9999.000,9999.000,9999.000,9999.000,9999.000,9999.000,9999.000
202608121254,   2.133,9999.000,9999.000,9999.000,9999.000,9999.000,9999.000,9999.000,9999.000
202608121300,   2.076,9999.000,   0.200,   0.721,   2.997,   0.200,   2.997,   0.200,   2.997
202608121306,   2.021,9999.000,9999.000,9999.000,9999.000,9999.000,9999.000,9999.000,9999.000
202608121312,   1.968,9999.000,9999.000,9999.000,9999.000,9999.000,9999.000,9999.000,9999.000
202608121318,   1.917,9999.000,9999.000,9999.000,9999.000,9999.000,9999.000,9999.000,9999.000
202608121324,   1.868,9999.000,9999.000,9999.000,9999.000,9999.000,9999.000,9999.000,9999.000
202608121330,   1.820,9999.000,9999.000,9999.000,9999.000,9999.000,9999.000,9999.000,9999.000
202608121336,   1.773,9999.000,9999.000,9999.000,9999.000,9999.000,9999.000,9999.000,9999.000
202608121342,   1.728,9999.000,9999.000,9999.000,9999.000,9999.000,9999.000,9999.000,9999.000
202608121348,   1.683,9999.000,9999.000,9999.000,9999.000,9999.000,9999.000,9999.000,9999.000
202608121354,   1.638,9999.000,9999.000,9999.000,9999.000,9999.000,9999.000,9999.000,9999.000
202608121400,   1.594,9999.000,   0.200,   0.721,   2.515,   0.200,   2.515,   0.200,   2.515
202608121406,   1.549,9999.000,9999.000,9999.000,9999.000,9999.000,9999.000,9999.000,9999.000
202608121412,   1.505,9999.000,9999.000,9999.000,9999.000,9999.000,9999.000,9999.000,9999.000
202608121418,   1.459,9999.000,9999.000,9999.000,9999.000,9999.000,9999.000,9999.000,9999.000
202608121424,   1.413,9999.000,9999.000,9999.000,9999.000,9999.000,9999.000,9999.000,9999.000
202608121430,   1.366,9999.000,9999.000,9999.000,9999.000,9999.000,9999.000,9999.000,9999.000
202608121436,   1.318,9999.000,9999.000,9999.000,9999.000,9999.000,9999.000,9999.000,9999.000
202608121442,   1.269,9999.000,9999.000,9999.000,9999.000,9999.000,9999.000,9999.000,9999.000
202608121448,   1.218,9999.000,9999.000,9999.000,9999.000,9999.000,9999.000,9999.000,9999.000
202608121454,   1.165,9999.000,9999.000,9999.000,9999.000,9999.000,9999.000,9999.000,9999.000
202608121500,   1.110,9999.000,   0.200,   0.721,   2.031,   0.200,   2.031,   0.200,   2.031
202608121506,   1.053,9999.000,9999.000,9999.000,9999.000,9999.000,9999.000,9999.000,9999.000
202608121512,   0.994,9999.000,9999.000,9999.000,9999.000,9999.000,9999.000,9999.000,9999.000
202608121518,   0.933,9999.000,9999.000,9999.000,9999.000,9999.000,9999.000,9999.000,9999.000
202608121524,   0.869,9999.000,9999.000,9999.000,9999.000,9999.000,9999.000,9999.000,9999.000
202608121530,   0.803,9999.000,9999.000,9999.000,9999.000,9999.000,9999.000,9999.000,9999.000
202608121536,   0.734,9999.000,9999.000,9999.000,9999.000,9999.000,9999.000,9999.000,9999.000
202608121542,   0.663,9999.000,9999.000,9999.000,9999.000,9999.000,9999.000,9999.000,9999.000
202608121548,   0.589,9999.000,9999.000,9999.000,9999.000,9999.000,9999.000,9999.000,9999.000
202608121554,   0.512,9999.000,9999.000,9999.000,9999.000,9999.000,9999.000,9999.000,9999.000
202608121600,   0.433,9999.000,   0.200,   0.721,   1.354,   0.200,   1.354,   0.200,   1.354
202608121606,   0.351,9999.000,9999.000,9999.000,9999.000,9999.000,9999.000,9999.000,9999.000
202608121612,   0.267,9999.000,9999.000,9999.000,9999.000,9999.000,9999.000,9999.000,9999.000
202608121618,   0.180,9999.000,9999.000,9999.000,9999.000,9999.000,9999.000,9999.000,9999.000
202608121624,   0.092,9999.000,9999.000,9999.000,9999.000,9999.000,9999.000,9999.000,9999.000
202608121630,   0.002,9999.000,9999.000,9999.000,9999.000,9999.000,9999.000,9999.000,9999.000
202608121636,  -0.089,9999.000,9999.000,9999.000,9999.000,9999.000,9999.000,9999.000,9999.000
202608121642,  -0.182,9999.000,9999.000,9999.000,9999.000,9999.000,9999.000,9999.000,9999.000
202608121648,  -0.275,9999.000,9999.000,9999.000,9999.000,9999.000,9999.000,9999.000,9999.000
202608121654,  -0.369,9999.000,9999.000,9999.000,9999.000,9999.000,9999.000,9999.000,9999.000
202608121700,  -0.463,9999.000,   0.200,   0.721,   0.458,   0.200,   0.458,   0.200,   0.458
202608121706,  -0.556,9999.000,9999.000,9999.000,9999.000,9999.000,9999.000,9999.000,9999.000
202608121712,  -0.647,9999.000,9999.000,9999.000,9999.000,9999.000,9999.000,9999.000,9999.000
202608121718,  -0.736,9999.000,9999.000,9999.000,9999.000,9999.000,9999.000,9999.000,9999.000
202608121724,  -0.823,9999.000,9999.000,9999.000,9999.000,9999.000,9999.000,9999.000,9999.000
202608121730,  -0.906,9999.000,9999.000,9999.000,9999.000,9999.000,9999.000,9999.000,9999.000
202608121736,  -0.985,9999.000,9999.000,9999.000,9999.000,9999.000,9999.000,9999.000,9999.000
202608121742,  -1.059,9999.000,9999.000,9999.000,9999.000,9999.000,9999.000,9999.000,9999.000
202608121748,  -1.128,9999.000,9999.000,9999.000,9999.000,9999.000,9999.000,9999.000,9999.000
202608121754,  -1.190,9999.000,9999.000,9999.000,9999.000,9999.000,9999.000,9999.000,9999.000
202608121800,  -1.246,9999.000,   0.200,   0.721,  -0.325,   0.200,  -0.325,   0.200,  -0.325
202608121806,  -1.295,9999.000,9999.000,9999.000,9999.000,9999.000,9999.000,9999.000,9999.000
202608121812,  -1.335,9999.000,9999.000,9999.000,9999.000,9999.000,9999.000,9999.000,9999.000
202608121818,  -1.367,9999.000,9999.000,9999.000,9999.000,9999.000,9999.000,9999.000,9999.000
202608121824,  -1.390,9999.000,9999.000,9999.000,9999.000,9999.000,9999.000,9999.000,9999.000
202608121830,  -1.404,9999.000,9999.000,9999.000,9999.000,9999.000,9999.000,9999.000,9999.000
202608121836,  -1.408,9999.000,9999.000,9999.000,9999.000,9999.000,9999.000,9999.000,9999.000
202608121842,  -1.402,9999.000,9999.000,9999.000,9999.000,9999.000,9999.000,9999.000,9999.000
202608121848,  -1.386,9999.000,9999.000,9999.000,9999.000,9999.000,9999.000,9999.000,9999.000
202608121854,  -1.359,9999.000,9999.000,9999.000,9999.000,9999.000,9999.000,9999.000,9999.000
202608121900,  -1.323,9999.000,   0.200,   0.721,  -0.402,   0.200,  -0.402,   0.200,  -0.402
202608121906,  -1.276,9999.000,9999.000,9999.000,9999.000,9999.000,9999.000,9999.000,9999.000
202608121912,  -1.220,9999.000,9999.000,9999.000,9999.000,9999.000,9999.000,9999.000,9999.000
202608121918,  -1.153,9999.000,9999.000,9999.000,9999.000,9999.000,9999.000,9999.000,9999.000
202608121924,  -1.077,9999.000,9999.000,9999.000,9999.000,9999.000,9999.000,9999.000,9999.000
202608121930,  -0.992,9999.000,9999.000,9999.000,9999.000,9999.000,9999.000,9999.000,9999.000
202608121936,  -0.899,9999.000,9999.000,9999.000,9999.000,9999.000,9999.000,9999.000,9999.000
202608121942,  -0.797,9999.000,9999.000,9999.000,9999.000,9999.000,9999.000,9999.000,9999.000
202608121948,  -0.687,9999.000,9999.000,9999.000,9999.000,9999.000,9999.000,9999.000,9999.000
202608121954,  -0.570,9999.000,9999.000,9999.000,9999.000,9999.000,9999.000,9999.000,9999.000
202608122000,  -0.446,9999.000,   0.200,   0.721,   0.475,   0.200,   0.475,   0.200,   0.475
202608122006,  -0.317,9999.000,9999.000,9999.000,9999.000,9999.000,9999.000,9999.000,9999.000
202608122012,  -0.182,9999.000,9999.000,9999.000,9999.000,9999.000,9999.000,9999.000,9999.000
202608122018,  -0.043,9999.000,9999.000,9999.000,9999.000,9999.000,9999.000,9999.000,9999.000
202608122024,   0.100,9999.000,9999.000,9999.000,9999.000,9999.000,9999.000,9999.000,9999.000
202608122030,   0.246,9999.000,9999.000,9999.000,9999.000,9999.000,9999.000,9999.000,9999.000
202608122036,   0.395,9999.000,9999.000,9999.000,9999.000,9999.000,9999.000,9999.000,9999.000
202608122042,   0.545,9999.000,9999.000,9999.000,9999.000,9999.000,9999.000,9999.000,9999.000
202608122048,   0.697,9999.000,9999.000,9999.000,9999.000,9999.000,9999.000,9999.000,9999.000
202608122054,   0.848,9999.000,9999.000,9999.000,9999.000,9999.000,9999.000,9999.000,9999.000
202608122100,   0.999,9999.000,   0.200,   0.721,   1.920,   0.200,   1.920,   0.200,   1.920
202608122106,   1.149,9999.000,9999.000,9999.000,9999.000,9999.000,9999.000,9999.000,9999.000
202608122112,   1.297,9999.000,9999.000,9999.000,9999.000,9999.000,9999.000,9999.000,9999.000
202608122118,   1.443,9999.000,9999.000,9999.000,9999.000,9999.000,9999.000,9999.000,9999.000
202608122124,   1.585,9999.000,9999.000,9999.000,9999.000,9999.000,9999.000,9999.000,9999.000
202608122130,   1.723,9999.000,9999.000,9999.000,9999.000,9999.000,9999.000,9999.000,9999.000
202608122136,   1.856,9999.000,9999.000,9999.000,9999.000,9999.000,9999.000,9999.000,9999.000
202608122142,   1.984,9999.000,9999.000,9999.000,9999.000,9999.000,9999.000,9999.000,9999.000
202608122148,   2.106,9999.000,9999.000,9999.000,9999.000,9999.000,9999.000,9999.000,9999.000
202608122154,   2.222,9999.000,9999.000,9999.000,9999.000,9999.000,9999.000,9999.000,9999.000
202608122200,   2.331,9999.000,   0.200,   0.721,   3.252,   0.200,   3.252,   0.200,   3.252
202608122206,   2.432,9999.000,9999.000,9999.000,9999.000,9999.000,9999.000,9999.000,9999.000
202608122212,   2.526,9999.000,9999.000,9999.000,9999.000,9999.000,9999.000,9999.000,9999.000
202608122218,   2.612,9999.000,9999.000,9999.000,9999.000,9999.000,9999.000,9999.000,9999.000
202608122224,   2.689,9999.000,9999.000,9999.000,9999.000,9999.000,9999.000,9999.000,9999.000
202608122230,   2.757,9999.000,9999.000,9999.000,9999.000,9999.000,9999.000,9999.000,9999.000
202608122236,   2.817,9999.000,9999.000,9999.000,9999.000,9999.000,9999.000,9999.000,9999.000
202608122242,   2.868,9999.000,9999.000,9999.000,9999.000,9999.000,9999.000,9999.000,9999.000
202608122248,   2.910,9999.000,9999.000,9999.000,9999.000,9999.000,9999.000,9999.000,9999.000
202608122254,   2.943,9999.000,9999.000,9999.000,9999.000,9999.000,9999.000,9999.000,9999.000
202608122300,   2.967,9999.000,   0.200,   0.721,   3.888,   0.200,   3.888,   0.200,   3.888
202608122306,   2.982,9999.000,9999.000,9999.000,9999.000,9999.000,9999.000,9999.000,9999.000
202608122312,   2.990,9999.000,9999.000,9999.000,9999.000,9999.000,9999.000,9999.000,9999.000
202608122318,   2.989,9999.000,9999.000,9999.000,9999.000,9999.000,9999.000,9999.000,9999.000
202608122324,   2.980,9999.000,9999.000,9999.000,9999.000,9999.000,9999.000,9999.000,9999.000
202608122330,   2.964,9999.000,9999.000,9999.000,9999.000,9999.000,9999.000,9999.000,9999.000
202608122336,   2.942,9999.000,9999.000,9999.000,9999.000,9999.000,9999.000,9999.000,9999.000
202608122342,   2.912,9999.000,9999.000,9999.000,9999.000,9999.000,9999.000,9999.000,9999.000
202608122348,   2.878,9999.000,9999.000,9999.000,9999.000,9999.000,9999.000,9999.000,9999.000
202608122354,   2.838,9999.000,9999.000,9999.000,9999.000,9999.000,9999.000,9999.000,9999.000
202608130000,   2.793,9999.000,   0.200,   0.721,   3.714,   0.200,   3.714,   0.200,   3.714
202608130006,   2.744,9999.000,9999.000,9999.000,9999.000,9999.000,9999.000,9999.000,9999.000
202608130012,   2.692,9999.000,9999.000,9999.000,9999.000,9999.000,9999.000,9999.000,9999.000
202608130018,   2.637,9999.000,9999.000,9999.000,9999.000,9999.000,9999.000,9999.000,9999.000
202608130024,   2.579,9999.000,9999.000,9999.000,9999.000,9999.000,9999.000,9999.000,9999.000
202608130030,   2.519,9999.000,9999.000,9999.000,9999.000,9999.000,9999.000,9999.000,9999.000
202608130036,   2.458,9999.000,9999.000,9999.000,9999.000,9999.000,9999.000,9999.000,9999.000
202608130042,   2.396,9999.000,9999.000,9999.000,9999.000,9999.000,9999.000,9999.000,9999.000
202608130048,   2.333,9999.000,9999.000,9999.000,9999.000,9999.000,9999.000,9999.000,9999.000
202608130054,   2.270,9999.000,9999.000,9999.000,9999.000,9999.000,9999.000,9999.000,9999.000
202608130100,   2.207,9999.000,   0.200,   0.721,   3.128,   0.200,   3.128,   0.200,   3.128
202608130106,   2.144,9999.000,9999.000,9999.000,9999.000,9999.000,9999.000,9999.000,9999.000
202608130112,   2.082,9999.000,9999.000,9999.000,9999.000,9999.000,9999.000,9999.000,9999.000
202608130118,   2.020,9999.000,9999.000,9999.000,9999.000,9999.000,9999.000,9999.000,9999.000
202608130124,   1.960,9999.000,9999.000,9999.000,9999.000,9999.000,9999.000,9999.000,9999.000
202608130130,   1.900,9999.000,9999.000,9999.000,9999.000,9999.000,9999.000,9999.000,9999.000
202608130136,   1.841,9999.000,9999.000,9999.000,9999.000,9999.000,9999.000,9999.000,9999.000
202608130142,   1.783,9999.000,9999.000,9999.000,9999.000,9999.000,9999.000,9999.000,9999.000
202608130148,   1.727,9999.000,9999.000,9999.000,9999.000,9999.000,9999.000,9999.000,9999.000
202608130154,   1.671,9999.000,9999.000,9999.000,9999.000,9999.000,9999.000,9999.000,9999.000
202608130200,   1.616,9999.000,   0.200,   0.721,   2.537,   0.200,   2.537,   0.200,   2.537
202608130206,   1.562,9999.000,9999.000,9999.000,9999.000,9999.000,9999.000,9999.000,9999.000
202608130212,   1.509,9999.000,9999.000,9999.000,9999.000,9999.000,9999.000,9999.000,9999.000
202608130218,   1.457,9999.000,9999.000,9999.000,9999.000,9999.000,9999.000,9999.000,9999.000
202608130224,   1.406,9999.000,9999.000,9999.000,9999.000,9999.000,9999.000,9999.000,9999.000
202608130230,   1.356,9999.000,9999.000,9999.000,9999.000,9999.000,9999.000,9999.000,9999.000
202608130236,   1.306,9999.000,9999.000,9999.000,9999.000,9999.000,9999.000,9999.000,9999.000
202608130242,   1.257,9999.000,9999.000,9999.000,9999.000,9999.000,9999.000,9999.000,9999.000
202608130248,   1.208,9999.000,9999.000,9999.000,9999.000,9999.000,9999.000,9999.000,9999.000
202608130254,   1.160,9999.000,9999.000,9999.000,9999.000,9999.000,9999.000,9999.000,9999.000
202608130300,   1.113,9999.000,   0.200,   0.721,   2.034,   0.200,   2.034,   0.200,   2.034
202608130306,   1.066,9999.000,9999.000,9999.000,9999.000,9999.000,9999.000,9999.000,9999.000
202608130312,   1.020,9999.000,9999.000,9999.000,9999.000,9999.000,9999.000,9999.000,9999.000
202608130318,   0.974,9999.000,9999.000,9999.000,9999.000,9999.000,9999.000,9999.000,9999.000
202608130324,   0.928,9999.000,9999.000,9999.000,9999.000,9999.000,9999.000,9999.000,9999.000
202608130330,   0.883,9999.000,9999.000,9999.000,9999.000,9999.000,9999.000,9999.000,9999.000
202608130336,   0.838,9999.000,9999.000,9999.000,9999.000,9999.000,9999.000,9999.000,9999.000
202608130342,   0.794,9999.000,9999.000,9999.000,9999.000,9999.000,9999.000,9999.000,9999.000
202608130348,   0.750,9999.000,9999.000,9999.000,9999.000,9999.000,9999.000,9999.000,9999.000
202608130354,   0.706,9999.000,9999.000,9999.000,9999.000,9999.000,9999.000,9999.000,9999.000
202608130400,   0.662,9999.000,   0.200,   0.721,   1.583,   0.200,   1.583,   0.200,   1.583
202608130406,   0.618,9999.000,9999.000,9999.000,9999.000,9999.000,9999.000,9999.000,9999.000
202608130412,   0.574,9999.000,9999.000,9999.000,9999.000,9999.000,9999.000,9999.000,9999.000
202608130418,   0.531,9999.000,9999.000,9999.000,9999.000,9999.000,9999.000,9999.000,9999.000
202608130424,   0.488,9999.000,9999.000,9999.000,9999.000,9999.000,9999.000,9999.000,9999.000
202608130430,   0.444,9999.000,9999.000,9999.000,9999.000,9999.000,9999.000,9999.000,9999.000
202608130436,   0.401,9999.000,9999.000,9999.000,9999.000,9999.000,9999.000,9999.000,9999.000
202608130442,   0.359,9999.000,9999.000,9999.000,9999.000,9999.000,9999.000,9999.000,9999.000
202608130448,   0.316,9999.000,9999.000,9999.000,9999.000,9999.000,9999.000,9999.000,9999.000
202608130454,   0.275,9999.000,9999.000,9999.000,9999.000,9999.000,9999.000,9999.000,9999.000
202608130500,   0.234,9999.000,   0.200,   0.721,   1.155,   0.200,   1.155,   0.200,   1.155
202608130506,   0.193,9999.000,9999.000,9999.000,9999.000,9999.000,9999.000,9999.000,9999.000
202608130512,   0.154,9999.000,9999.000,9999.000,9999.000,9999.000,9999.000,9999.000,9999.000
202608130518,   0.117,9999.000,9999.000,9999.000,9999.000,9999.000,9999.000,9999.000,9999.000
202608130524,   0.081,9999.000,9999.000,9999.000,9999.000,9999.000,9999.000,9999.000,9999.000
202608130530,   0.047,9999.000,9999.000,9999.000,9999.000,9999.000,9999.000,9999.000,9999.000
202608130536,   0.016,9999.000,9999.000,9999.000,9999.000,9999.000,9999.000,9999.000,9999.000
202608130542,  -0.012,9999.000,9999.000,9999.000,9999.000,9999.000,9999.000,9999.000,9999.000
202608130548,  -0.037,9999.000,9999.000,9999.000,9999.000,9999.000,9999.000,9999.000,9999.000
202608130554,  -0.058,9999.000,9999.000,9999.000,9999.000,9999.000,9999.000,9999.000,9999.000
202608130600,  -0.075,9999.000,   0.200,   0.721,   0.846,   0.200,   0.846,   0.200,   0.846
202608130606,  -0.088,9999.000,9999.000,9999.000,9999.000,9999.000,9999.000,9999.000,9999.000
202608130612,  -0.095,9999.000,9999.000,9999.000,9999.000,9999.000,9999.000,9999.000,9999.000
202608130618,  -0.096,9999.000,9999.000,9999.000,9999.000,9999.000,9999.000,9999.000,9999.000
202608130624,  -0.092,9999.000,9999.000,9999.000,9999.000,9999.000,9999.000,9999.000,9999.000
202608130630,  -0.081,9999.000,9999.000,9999.000,9999.000,9999.000,9999.000,9999.000,9999.000
202608130636,  -0.064,9999.000,9999.000,9999.000,9999.000,9999.000,9999.000,9999.000,9999.000
202608130642,  -0.040,9999.000,9999.000,9999.000,9999.000,9999.000,9999.000,9999.000,9999.000
202608130648,  -0.008,9999.000,9999.000,9999.000,9999.000,9999.000,9999.000,9999.000,9999.000
202608130654,   0.030,9999.000,9999.000,9999.000,9999.000,9999.000,9999.000,9999.000,9999.000
202608130700,   0.076,9999.000,   0.200,   0.721,   0.997,   0.200,   0.997,   0.200,   0.997
202608130706,   0.130,9999.000,9999.000,9999.000,9999.000,9999.000,9999.000,9999.000,9999.000
202608130712,   0.191,9999.000,9999.000,9999.000,9999.000,9999.000,9999.000,9999.000,9999.000
202608130718,   0.260,9999.000,9999.000,9999.000,9999.000,9999.000,9999.000,9999.000,9999.000
202608130724,   0.336,9999.000,9999.000,9999.000,9999.000,9999.000,9999.000,9999.000,9999.000
202608130730,   0.419,9999.000,9999.000,9999.000,9999.000,9999.000,9999.000,9999.000,9999.000
202608130736,   0.509,9999.000,9999.000,9999.000,9999.000,9999.000,9999.000,9999.000,9999.000
202608130742,   0.605,9999.000,9999.000,9999.000,9999.000,9999.000,9999.000,9999.000,9999.000
202608130748,   0.707,9999.000,9999.000,9999.000,9999.000,9999.000,9999.000,9999.000,9999.000
202608130754,   0.814,9999.000,9999.000,9999.000,9999.000,9999.000,9999.000,9999.000,9999.000
202608130800,   0.927,9999.000,   0.200,   0.721,   1.848,   0.200,   1.848,   0.300,   1.948
202608130806,   1.044,9999.000,9999.000,9999.000,9999.000,9999.000,9999.000,9999.000,9999.000
202608130812,   1.164,9999.000,9999.000,9999.000,9999.000,9999.000,9999.000,9999.000,9999.000
202608130818,   1.288,9999.000,9999.000,9999.000,9999.000,9999.000,9999.000,9999.000,9999.000
202608130824,   1.415,9999.000,9999.000,9999.000,9999.000,9999.000,9999.000,9999.000,9999.000
202608130830,   1.544,9999.000,9999.000,9999.000,9999.000,9999.000,9999.000,9999.000,9999.000
202608130836,   1.674,9999.000,9999.000,9999.000,9999.000,9999.000,9999.000,9999.000,9999.000
202608130842,   1.805,9999.000,9999.000,9999.000,9999.000,9999.000,9999.000,9999.000,9999.000
202608130848,   1.935,9999.000,9999.000,9999.000,9999.000,9999.000,9999.000,9999.000,9999.000
202608130854,   2.066,9999.000,9999.000,9999.000,9999.000,9999.000,9999.000,9999.000,9999.000
202608130900,   2.195,9999.000,   0.200,   0.721,   3.116,   0.200,   3.116,   0.300,   3.216
202608130906,   2.322,9999.000,9999.000,9999.000,9999.000,9999.000,9999.000,9999.000,9999.000
202608130912,   2.446,9999.000,9999.000,9999.000,9999.000,9999.000,9999.000,9999.000,9999.000
202608130918,   2.568,9999.000,9999.000,9999.000,9999.000,9999.000,9999.000,9999.000,9999.000
202608130924,   2.686,9999.000,9999.000,9999.000,9999.000,9999.000,9999.000,9999.000,9999.000
202608130930,   2.799,9999.000,9999.000,9999.000,9999.000,9999.000,9999.000,9999.000,9999.000
202608130936,   2.908,9999.000,9999.000,9999.000,9999.000,9999.000,9999.000,9999.000,9999.000
202608130942,   3.012,9999.000,9999.000,9999.000,9999.000,9999.000,9999.000,9999.000,9999.000
202608130948,   3.110,9999.000,9999.000,9999.000,9999.000,9999.000,9999.000,9999.000,9999.000
202608130954,   3.202,9999.000,9999.000,9999.000,9999.000,9999.000,9999.000,9999.000,9999.000
202608131000,   3.287,9999.000,   0.200,   0.721,   4.208,   0.200,   4.208,   0.300,   4.308
202608131006,   3.365,9999.000,9999.000,9999.000,9999.000,9999.000,9999.000,9999.000,9999.000
202608131012,   3.436,9999.000,9999.000,9999.000,9999.000,9999.000,9999.000,9999.000,9999.000
202608131018,   3.499,9999.000,9999.000,9999.000,9999.000,9999.000,9999.000,9999.000,9999.000
202608131024,   3.554,9999.000,9999.000,9999.000,9999.000,9999.000,9999.000,9999.000,9999.000
202608131030,   3.601,9999.000,9999.000,9999.000,9999.000,9999.000,9999.000,9999.000,9999.000
202608131036,   3.640,9999.000,9999.000,9999.000,9999.000,9999.000,9999.000,9999.000,9999.000
202608131042,   3.670,9999.000,9999.000,9999.000,9999.000,9999.000,9999.000,9999.000,9999.000
202608131048,   3.692,9999.000,9999.000,9999.000,9999.000,9999.000,9999.000,9999.000,9999.000
202608131054,   3.706,9999.000,9999.000,9999.000,9999.000,9999.000,9999.000,9999.000,9999.000
202608131100,   3.711,9999.000,   0.200,   0.721,   4.632,   0.200,   4.632,   0.300,   4.732
202608131106,   3.708,9999.000,9999.000,9999.000,9999.000,9999.000,9999.000,9999.000,9999.000
202608131112,   3.697,9999.000,9999.000,9999.000,9999.000,9999.000,9999.000,9999.000,9999.000
202608131118,   3.678,9999.000,9999.000,9999.000,9999.000,9999.000,9999.000,9999.000,9999.000
202608131124,   3.652,9999.000,9999.000,9999.000,9999.000,9999.000,9999.000,9999.000,9999.000
202608131130,   3.618,9999.000,9999.000,9999.000,9999.000,9999.000,9999.000,9999.000,9999.000
202608131136,   3.578,9999.000,9999.000,9999.000,9999.000,9999.000,9999.000,9999.000,9999.000
202608131142,   3.532,9999.000,9999.000,9999.000,9999.000,9999.000,9999.000,9999.000,9999.000
202608131148,   3.479,9999.000,9999.000,9999.000,9999.000,9999.000,9999.000,9999.000,9999.000
202608131154,   3.422,9999.000,9999.000,9999.000,9999.000,9999.000,9999.000,9999.000,9999.000
202608131200,   3.360,9999.000,   0.200,   0.721,   4.281,   0.200,   4.281,   0.300,   4.381
202608131206,   3.294,9999.000,9999.000,9999.000,9999.000,9999.000,9999.000,9999.000,9999.000
202608131212,   3.224,9999.000,9999.000,9999.000,9999.000,9999.000,9999.000,9999.000,9999.000
202608131218,   3.152,9999.000,9999.000,9999.000,9999.000,9999.000,9999.000,9999.000,9999.000
202608131224,   3.077,9999.000,9999.000,9999.000,9999.000,9999.000,9999.000,9999.000,9999.000
202608131230,   3.001,9999.000,9999.000,9999.000,9999.000,9999.000,9999.000,9999.000,9999.000
202608131236,   2.924,9999.000,9999.000,9999.000,9999.000,9999.000,9999.000,9999.000,9999.000
202608131242,   2.846,9999.000,9999.000,9999.000,9999.000,9999.000,9999.000,9999.000,9999.000
202608131248,   2.769,9999.000,9999.000,9999.000,9999.000,9999.000,9999.000,9999.000,9999.000
202608131254,   2.692,9999.000,9999.000,9999.000,9999.000,9999.000,9999.000,9999.000,9999.000
202608131300,   2.616,9999.000,   0.200,   0.721,   3.537,   0.200,   3.537,   0.300,   3.637
202608131306,   2.541,9999.000,9999.000,9999.000,9999.000,9999.000,9999.000,9999.000,9999.000
202608131312,   2.468,9999.000,9999.000,9999.000,9999.000,9999.000,9999.000,9999.000,9999.000
202608131318,   2.396,9999.000,9999.000,9999.000,9999.000,9999.000,9999.000,9999.000,9999.000
202608131324,   2.327,9999.000,9999.000,9999.000,9999.000,9999.000,9999.000,9999.000,9999.000
202608131330,   2.260,9999.000,9999.000,9999.000,9999.000,9999.000,9999.000,9999.000,9999.000
202608131336,   2.195,9999.000,9999.000,9999.000,9999.000,9999.000,9999.000,9999.000,9999.000
202608131342,   2.132,9999.000,9999.000,9999.000,9999.000,9999.000,9999.000,9999.000,9999.000
202608131348,   2.072,9999.000,9999.000,9999.000,9999.000,9999.000,9999.000,9999.000,9999.000
202608131354,   2.014,9999.000,9999.000,9999.000,9999.000,9999.000,9999.000,9999.000,9999.000
202608131400,   1.958,9999.000,   0.200,   0.721,   2.879,   0.200,   2.879,   0.300,   2.979
202608131406,   1.903,9999.000,9999.000,9999.000,9999.000,9999.000,9999.000,9999.000,9999.000
202608131412,   1.851,9999.000,9999.000,9999.000,9999.000,9999.000,9999.000,9999.000,9999.000
202608131418,   1.799,9999.000,9999.000,9999.000,9999.000,9999.000,9999.000,9999.000,9999.000
202608131424,   1.749,9999.000,9999.000,9999.000,9999.000,9999.000,9999.000,9999.000,9999.000
202608131430,   1.700,9999.000,9999.000,9999.000,9999.000,9999.000,9999.000,9999.000,9999.000
202608131436,   1.652,9999.000,9999.000,9999.000,9999.000,9999.000,9999.000,9999.000,9999.000
202608131442,   1.604,9999.000,9999.000,9999.000,9999.000,9999.000,9999.000,9999.000,9999.000
202608131448,   1.556,9999.000,9999.000,9999.000,9999.000,9999.000,9999.000,9999.000,9999.000
202608131454,   1.509,9999.000,9999.000,9999.000,9999.000,9999.000,9999.000,9999.000,9999.000
202608131500,   1.460,9999.000,   0.200,   0.721,   2.381,   0.200,   2.381,   0.300,   2.481
202608131506,   1.412,9999.000,9999.000,9999.000,9999.000,9999.000,9999.000,9999.000,9999.000
202608131512,   1.363,9999.000,9999.000,9999.000,9999.000,9999.000,9999.000,9999.000,9999.000
202608131518,   1.312,9999.000,9999.000,9999.000,9999.000,9999.000,9999.000,9999.000,9999.000
202608131524,   1.261,9999.000,9999.000,9999.000,9999.000,9999.000,9999.000,9999.000,9999.000
202608131530,   1.208,9999.000,9999.000,9999.000,9999.000,9999.000,9999.000,9999.000,9999.000
202608131536,   1.154,9999.000,9999.000,9999.000,9999.000,9999.000,9999.000,9999.000,9999.000
202608131542,   1.098,9999.000,9999.000,9999.000,9999.000,9999.000,9999.000,9999.000,9999.000
202608131548,   1.040,9999.000,9999.000,9999.000,9999.000,9999.000,9999.000,9999.000,9999.000
202608131554,   0.981,9999.000,9999.000,9999.000,9999.000,9999.000,9999.000,9999.000,9999.000
202608131600,   0.919,9999.000,   0.200,   0.721,   1.840,   0.200,   1.840,   0.300,   1.940
202608131606,   0.856,9999.000,9999.000,9999.000,9999.000,9999.000,9999.000,9999.000,9999.000
202608131612,   0.790,9999.000,9999.000,9999.000,9999.000,9999.000,9999.000,9999.000,9999.000
202608131618,   0.722,9999.000,9999.000,9999.000,9999.000,9999.000,9999.000,9999.000,9999.000
202608131624,   0.652,9999.000,9999.000,9999.000,9999.000,9999.000,9999.000,9999.000,9999.000
202608131630,   0.579,9999.000,9999.000,9999.000,9999.000,9999.000,9999.000,9999.000,9999.000
202608131636,   0.504,9999.000,9999.000,9999.000,9999.000,9999.000,9999.000,9999.000,9999.000
202608131642,   0.427,9999.000,9999.000,9999.000,9999.000,9999.000,9999.000,9999.000,9999.000
202608131648,   0.348,9999.000,9999.000,9999.000,9999.000,9999.000,9999.000,9999.000,9999.000
202608131654,   0.267,9999.000,9999.000,9999.000,9999.000,9999.000,9999.000,9999.000,9999.000
202608131700,   0.184,9999.000,   0.300,   0.721,   1.205,   0.200,   1.105,   0.300,   1.205
202608131706,   0.100,9999.000,9999.000,9999.000,9999.000,9999.000,9999.000,9999.000,9999.000
202608131712,   0.013,9999.000,9999.000,9999.000,9999.000,9999.000,9999.000,9999.000,9999.000
202608131718,  -0.073,9999.000,9999.000,9999.000,9999.000,9999.000,9999.000,9999.000,9999.000
202608131724,  -0.161,9999.000,9999.000,9999.000,9999.000,9999.000,9999.000,9999.000,9999.000
202608131730,  -0.250,9999.000,9999.000,9999.000,9999.000,9999.000,9999.000,9999.000,9999.000
202608131736,  -0.339,9999.000,9999.000,9999.000,9999.000,9999.000,9999.000,9999.000,9999.000
202608131742,  -0.427,9999.000,9999.000,9999.000,9999.000,9999.000,9999.000,9999.000,9999.000
202608131748,  -0.514,9999.000,9999.000,9999.000,9999.000,9999.000,9999.000,9999.000,9999.000
202608131754,  -0.601,9999.000,9999.000,9999.000,9999.000,9999.000,9999.000,9999.000,9999.000
202608131800,  -0.685,9999.000,   0.300,   0.721,   0.336,   0.200,   0.236,   0.300,   0.336
202608131806,  -0.766,9999.000,9999.000,9999.000,9999.000,9999.000,9999.000,9999.000,9999.000
202608131812,  -0.844,9999.000,9999.000,9999.000,9999.000,9999.000,9999.000,9999.000,9999.000
202608131818,  -0.918,9999.000,9999.000,9999.000,9999.000,9999.000,9999.000,9999.000,9999.000
202608131824,  -0.988,9999.000,9999.000,9999.000,9999.000,9999.000,9999.000,9999.000,9999.000
202608131830,  -1.052,9999.000,9999.000,9999.000,9999.000,9999.000,9999.000,9999.000,9999.000
202608131836,  -1.110,9999.000,9999.000,9999.000,9999.000,9999.000,9999.000,9999.000,9999.000
202608131842,  -1.161,9999.000,9999.000,9999.000,9999.000,9999.000,9999.000,9999.000,9999.000
202608131848,  -1.206,9999.000,9999.000,9999.000,9999.000,9999.000,9999.000,9999.000,9999.000
202608131854,  -1.242,9999.000,9999.000,9999.000,9999.000,9999.000,9999.000,9999.000,9999.000
202608131900,  -1.270,9999.000,   0.300,   0.721,  -0.249,   0.200,  -0.349,   0.300,  -0.249
202608131906,  -1.289,9999.000,9999.000,9999.000,9999.000,9999.000,9999.000,9999.000,9999.000
202608131912,  -1.299,9999.000,9999.000,9999.000,9999.000,9999.000,9999.000,9999.000,9999.000
202608131918,  -1.300,9999.000,9999.000,9999.000,9999.000,9999.000,9999.000,9999.000,9999.000
202608131924,  -1.290,9999.000,9999.000,9999.000,9999.000,9999.000,9999.000,9999.000,9999.000
202608131930,  -1.270,9999.000,9999.000,9999.000,9999.000,9999.000,9999.000,9999.000,9999.000
202608131936,  -1.240,9999.000,9999.000,9999.000,9999.000,9999.000,9999.000,9999.000,9999.000
202608131942,  -1.200,9999.000,9999.000,9999.000,9999.000,9999.000,9999.000,9999.000,9999.000
202608131948,  -1.150,9999.000,9999.000,9999.000,9999.000,9999.000,9999.000,9999.000,9999.000
202608131954,  -1.089,9999.000,9999.000,9999.000,9999.000,9999.000,9999.000,9999.000,9999.000
202608132000,  -1.018,9999.000,   0.300,   0.721,   0.003,   0.200,  -0.097,   0.300,   0.003
202608132006,  -0.938,9999.000,9999.000,9999.000,9999.000,9999.000,9999.000,9999.000,9999.000
202608132012,  -0.849,9999.000,9999.000,9999.000,9999.000,9999.000,9999.000,9999.000,9999.000
202608132018,  -0.750,9999.000,9999.000,9999.000,9999.000,9999.000,9999.000,9999.000,9999.000
202608132024,  -0.643,9999.000,9999.000,9999.000,9999.000,9999.000,9999.000,9999.000,9999.000
202608132030,  -0.529,9999.000,9999.000,9999.000,9999.000,9999.000,9999.000,9999.000,9999.000
202608132036,  -0.407,9999.000,9999.000,9999.000,9999.000,9999.000,9999.000,9999.000,9999.000
202608132042,  -0.278,9999.000,9999.000,9999.000,9999.000,9999.000,9999.000,9999.000,9999.000
202608132048,  -0.143,9999.000,9999.000,9999.000,9999.000,9999.000,9999.000,9999.000,9999.000
202608132054,  -0.003,9999.000,9999.000,9999.000,9999.000,9999.000,9999.000,9999.000,9999.000
202608132100,   0.141,9999.000,   0.300,   0.721,   1.162,   0.200,   1.062,   0.300,   1.162
202608132106,   0.289,9999.000,9999.000,9999.000,9999.000,9999.000,9999.000,9999.000,9999.000
202608132112,   0.441,9999.000,9999.000,9999.000,9999.000,9999.000,9999.000,9999.000,9999.000
202608132118,   0.595,9999.000,9999.000,9999.000,9999.000,9999.000,9999.000,9999.000,9999.000
202608132124,   0.751,9999.000,9999.000,9999.000,9999.000,9999.000,9999.000,9999.000,9999.000
202608132130,   0.907,9999.000,9999.000,9999.000,9999.000,9999.000,9999.000,9999.000,9999.000
202608132136,   1.064,9999.000,9999.000,9999.000,9999.000,9999.000,9999.000,9999.000,9999.000
202608132142,   1.220,9999.000,9999.000,9999.000,9999.000,9999.000,9999.000,9999.000,9999.000
202608132148,   1.374,9999.000,9999.000,9999.000,9999.000,9999.000,9999.000,9999.000,9999.000
202608132154,   1.527,9999.000,9999.000,9999.000,9999.000,9999.000,9999.000,9999.000,9999.000
202608132200,   1.676,9999.000,   0.300,   0.721,   2.697,   0.200,   2.597,   0.300,   2.697
202608132206,   1.822,9999.000,9999.000,9999.000,9999.000,9999.000,9999.000,9999.000,9999.000
202608132212,   1.964,9999.000,9999.000,9999.000,9999.000,9999.000,9999.000,9999.000,9999.000
202608132218,   2.101,9999.000,9999.000,9999.000,9999.000,9999.000,9999.000,9999.000,9999.000
202608132224,   2.233,9999.000,9999.000,9999.000,9999.000,9999.000,9999.000,9999.000,9999.000
202608132230,   2.358,9999.000,9999.000,9999.000,9999.000,9999.000,9999.000,9999.000,9999.000
202608132236,   2.477,9999.000,9999.000,9999.000,9999.000,9999.000,9999.000,9999.000,9999.000
202608132242,   2.589,9999.000,9999.000,9999.000,9999.000,9999.000,9999.000,9999.000,9999.000
202608132248,   2.693,9999.000,9999.000,9999.000,9999.000,9999.000,9999.000,9999.000,9999.000
202608132254,   2.789,9999.000,9999.000,9999.000,9999.000,9999.000,9999.000,9999.000,9999.000
202608132300,   2.877,9999.000,   0.300,   0.721,   3.898,   0.200,   3.798,   0.300,   3.898
202608132306,   2.956,9999.000,9999.000,9999.000,9999.000,9999.000,9999.000,9999.000,9999.000
202608132312,   3.026,9999.000,9999.000,9999.000,9999.000,9999.000,9999.000,9999.000,9999.000
202608132318,   3.088,9999.000,9999.000,9999.000,9999.000,9999.000,9999.000,9999.000,9999.000
202608132324,   3.140,9999.000,9999.000,9999.000,9999.000,9999.000,9999.000,9999.000,9999.000
202608132330,   3.182,9999.000,9999.000,9999.000,9999.000,9999.000,9999.000,9999.000,9999.000
202608132336,   3.216,9999.000,9999.000,9999.000,9999.000,9999.000,9999.000,9999.000,9999.000
202608132342,   3.240,9999.000,9999.000,9999.000,9999.000,9999.000,9999.000,9999.000,9999.000
202608132348,   3.256,9999.000,9999.000,9999.000,9999.000,9999.000,9999.000,9999.000,9999.000
202608132354,   3.262,9999.000,9999.000,9999.000,9999.000,9999.000,9999.000,9999.000,9999.000
202608140000,   3.261,9999.000,   0.300,   0.721,   4.282,   0.200,   4.182,   0.300,   4.282
202608140006,   3.251,9999.000,9999.000,9999.000,9999.000,9999.000,9999.000,9999.000,9999.000
202608140012,   3.233,9999.000,9999.000,9999.000,9999.000,9999.000,9999.000,9999.000,9999.000
202608140018,   3.209,9999.000,9999.000,9999.000,9999.000,9999.000,9999.000,9999.000,9999.000
202608140024,   3.177,9999.000,9999.000,9999.000,9999.000,9999.000,9999.000,9999.000,9999.000
202608140030,   3.140,9999.000,9999.000,9999.000,9999.000,9999.000,9999.000,9999.000,9999.000
202608140036,   3.097,9999.000,9999.000,9999.000,9999.000,9999.000,9999.000,9999.000,9999.000
202608140042,   3.048,9999.000,9999.000,9999.000,9999.000,9999.000,9999.000,9999.000,9999.000
202608140048,   2.996,9999.000,9999.000,9999.000,9999.000,9999.000,9999.000,9999.000,9999.000
202608140054,   2.939,9999.000,9999.000,9999.000,9999.000,9999.000,9999.000,9999.000,9999.000
202608140100,   2.880,9999.000,   0.300,   0.721,   3.901,   0.200,   3.801,   0.300,   3.901
202608140106,   2.817,9999.000,9999.000,9999.000,9999.000,9999.000,9999.000,9999.000,9999.000
202608140112,   2.753,9999.000,9999.000,9999.000,9999.000,9999.000,9999.000,9999.000,9999.000
202608140118,   2.687,9999.000,9999.000,9999.000,9999.000,9999.000,9999.000,9999.000,9999.000
202608140124,   2.620,9999.000,9999.000,9999.000,9999.000,9999.000,9999.000,9999.000,9999.000
202608140130,   2.552,9999.000,9999.000,9999.000,9999.000,9999.000,9999.000,9999.000,9999.000
202608140136,   2.484,9999.000,9999.000,9999.000,9999.000,9999.000,9999.000,9999.000,9999.000
202608140142,   2.417,9999.000,9999.000,9999.000,9999.000,9999.000,9999.000,9999.000,9999.000
202608140148,   2.349,9999.000,9999.000,9999.000,9999.000,9999.000,9999.000,9999.000,9999.000
202608140154,   2.283,9999.000,9999.000,9999.000,9999.000,9999.000,9999.000,9999.000,9999.000
202608140200,   2.217,9999.000,   0.300,   0.721,   3.238,   0.300,   3.238,   0.300,   3.238
202608140206,   2.152,9999.000,9999.000,9999.000,9999.000,9999.000,9999.000,9999.000,9999.000
202608140212,   2.088,9999.000,9999.000,9999.000,9999.000,9999.000,9999.000,9999.000,9999.000
202608140218,   2.026,9999.000,9999.000,9999.000,9999.000,9999.000,9999.000,9999.000,9999.000
202608140224,   1.965,9999.000,9999.000,9999.000,9999.000,9999.000,9999.000,9999.000,9999.000
202608140230,   1.905,9999.000,9999.000,9999.000,9999.000,9999.000,9999.000,9999.000,9999.000
202608140236,   1.846,9999.000,9999.000,9999.000,9999.000,9999.000,9999.000,9999.000,9999.000
202608140242,   1.789,9999.000,9999.000,9999.000,9999.000,9999.000,9999.000,9999.000,9999.000
202608140248,   1.732,9999.000,9999.000,9999.000,9999.000,9999.000,9999.000,9999.000,9999.000
202608140254,   1.677,9999.000,9999.000,9999.000,9999.000,9999.000,9999.000,9999.000,9999.000
202608140300,   1.622,9999.000,   0.300,   0.721,   2.643,   0.300,   2.643,   0.300,   2.643
202608140306,   1.568,9999.000,9999.000,9999.000,9999.000,9999.000,9999.000,9999.000,9999.000
202608140312,   1.515,9999.000,9999.000,9999.000,9999.000,9999.000,9999.000,9999.000,9999.000
202608140318,   1.463,9999.000,9999.000,9999.000,9999.000,9999.000,9999.000,9999.000,9999.000
202608140324,   1.411,9999.000,9999.000,9999.000,9999.000,9999.000,9999.000,9999.000,9999.000
202608140330,   1.360,9999.000,9999.000,9999.000,9999.000,9999.000,9999.000,9999.000,9999.000
202608140336,   1.309,9999.000,9999.000,9999.000,9999.000,9999.000,9999.000,9999.000,9999.000
202608140342,   1.258,9999.000,9999.000,9999.000,9999.000,9999.000,9999.000,9999.000,9999.000
202608140348,   1.208,9999.000,9999.000,9999.000,9999.000,9999.000,9999.000,9999.000,9999.000
202608140354,   1.158,9999.000,9999.000,9999.000,9999.000,9999.000,9999.000,9999.000,9999.000
202608140400,   1.108,9999.000,   0.300,   0.721,   2.129,   0.300,   2.129,   0.300,   2.129
202608140406,   1.058,9999.000,9999.000,9999.000,9999.000,9999.000,9999.000,9999.000,9999.000
202608140412,   1.008,9999.000,9999.000,9999.000,9999.000,9999.000,9999.000,9999.000,9999.000
202608140418,   0.958,9999.000,9999.000,9999.000,9999.000,9999.000,9999.000,9999.000,9999.000
202608140424,   0.908,9999.000,9999.000,9999.000,9999.000,9999.000,9999.000,9999.000,9999.000
202608140430,   0.859,9999.000,9999.000,9999.000,9999.000,9999.000,9999.000,9999.000,9999.000
202608140436,   0.809,9999.000,9999.000,9999.000,9999.000,9999.000,9999.000,9999.000,9999.000
202608140442,   0.759,9999.000,9999.000,9999.000,9999.000,9999.000,9999.000,9999.000,9999.000
202608140448,   0.709,9999.000,9999.000,9999.000,9999.000,9999.000,9999.000,9999.000,9999.000
202608140454,   0.658,9999.000,9999.000,9999.000,9999.000,9999.000,9999.000,9999.000,9999.000
202608140500,   0.608,9999.000,   0.300,   0.721,   1.629,   0.300,   1.629,   0.300,   1.629
202608140506,   0.558,9999.000,9999.000,9999.000,9999.000,9999.000,9999.000,9999.000,9999.000
202608140512,   0.507,9999.000,9999.000,9999.000,9999.000,9999.000,9999.000,9999.000,9999.000
202608140518,   0.457,9999.000,9999.000,9999.000,9999.000,9999.000,9999.000,9999.000,9999.000
202608140524,   0.407,9999.000,9999.000,9999.000,9999.000,9999.000,9999.000,9999.000,9999.000
202608140530,   0.357,9999.000,9999.000,9999.000,9999.000,9999.000,9999.000,9999.000,9999.000
202608140536,   0.307,9999.000,9999.000,9999.000,9999.000,9999.000,9999.000,9999.000,9999.000
202608140542,   0.257,9999.000,9999.000,9999.000,9999.000,9999.000,9999.000,9999.000,9999.000
202608140548,   0.209,9999.000,9999.000,9999.000,9999.000,9999.000,9999.000,9999.000,9999.000
202608140554,   0.161,9999.000,9999.000,9999.000,9999.000,9999.000,9999.000,9999.000,9999.000
202608140600,   0.115,9999.000,   0.300,   0.721,   1.136,   0.300,   1.136,   0.300,   1.136
202608140606,   0.070,9999.000,9999.000,9999.000,9999.000,9999.000,9999.000,9999.000,9999.000
202608140612,   0.026,9999.000,9999.000,9999.000,9999.000,9999.000,9999.000,9999.000,9999.000
202608140618,  -0.014,9999.000,9999.000,9999.000,9999.000,9999.000,9999.000,9999.000,9999.000
202608140624,  -0.052,9999.000,9999.000,9999.000,9999.000,9999.000,9999.000,9999.000,9999.000
202608140630,  -0.087,9999.000,9999.000,9999.000,9999.000,9999.000,9999.000,9999.000,9999.000
202608140636,  -0.119,9999.000,9999.000,9999.000,9999.000,9999.000,9999.000,9999.000,9999.000
202608140642,  -0.147,9999.000,9999.000,9999.000,9999.000,9999.000,9999.000,9999.000,9999.000
202608140648,  -0.171,9999.000,9999.000,9999.000,9999.000,9999.000,9999.000,9999.000,9999.000
202608140654,  -0.189,9999.000,9999.000,9999.000,9999.000,9999.000,9999.000,9999.000,9999.000
202608140700,  -0.202,9999.000,   0.300,   0.721,   0.819,   0.300,   0.819,   0.300,   0.819
202608140706,  -0.210,9999.000,9999.000,9999.000,9999.000,9999.000,9999.000,9999.000,9999.000
202608140712,  -0.211,9999.000,9999.000,9999.000,9999.000,9999.000,9999.000,9999.000,9999.000
202608140718,  -0.205,9999.000,9999.000,9999.000,9999.000,9999.000,9999.000,9999.000,9999.000
202608140724,  -0.193,9999.000,9999.000,9999.000,9999.000,9999.000,9999.000,9999.000,9999.000
202608140730,  -0.173,9999.000,9999.000,9999.000,9999.000,9999.000,9999.000,9999.000,9999.000
202608140736,  -0.146,9999.000,9999.000,9999.000,9999.000,9999.000,9999.000,9999.000,9999.000
202608140742,  -0.111,9999.000,9999.000,9999.000,9999.000,9999.000,9999.000,9999.000,9999.000
202608140748,  -0.069,9999.000,9999.000,9999.000,9999.000,9999.000,9999.000,9999.000,9999.000
202608140754,  -0.018,9999.000,9999.000,9999.000,9999.000,9999.000,9999.000,9999.000,9999.000
202608140800,   0.039,9999.000,   0.300,   0.721,   1.060,   0.300,   1.060,   0.300,   1.060
202608140806,   0.105,9999.000,9999.000,9999.000,9999.000,9999.000,9999.000,9999.000,9999.000
202608140812,   0.178,9999.000,9999.000,9999.000,9999.000,9999.000,9999.000,9999.000,9999.000
202608140818,   0.259,9999.000,9999.000,9999.000,9999.000,9999.000,9999.000,9999.000,9999.000
202608140824,   0.347,9999.000,9999.000,9999.000,9999.000,9999.000,9999.000,9999.000,9999.000
202608140830,   0.441,9999.000,9999.000,9999.000,9999.000,9999.000,9999.000,9999.000,9999.000
202608140836,   0.542,9999.000,9999.000,9999.000,9999.000,9999.000,9999.000,9999.000,9999.000
202608140842,   0.649,9999.000,9999.000,9999.000,9999.000,9999.000,9999.000,9999.000,9999.000
202608140848,   0.760,9999.000,9999.000,9999.000,9999.000,9999.000,9999.000,9999.000,9999.000
202608140854,   0.877,9999.000,9999.000,9999.000,9999.000,9999.000,9999.000,9999.000,9999.000
202608140900,   0.997,9999.000,   0.300,   0.721,   2.018,   0.300,   2.018,   0.300,   2.018
202608140906,   1.121,9999.000,9999.000,9999.000,9999.000,9999.000,9999.000,9999.000,9999.000
202608140912,   1.248,9999.000,9999.000,9999.000,9999.000,9999.000,9999.000,9999.000,9999.000
202608140918,   1.376,9999.000,9999.000,9999.000,9999.000,9999.000,9999.000,9999.000,9999.000
202608140924,   1.507,9999.000,9999.000,9999.000,9999.000,9999.000,9999.000,9999.000,9999.000
202608140930,   1.638,9999.000,9999.000,9999.000,9999.000,9999.000,9999.000,9999.000,9999.000
202608140936,   1.769,9999.000,9999.000,9999.000,9999.000,9999.000,9999.000,9999.000,9999.000
202608140942,   1.900,9999.000,9999.000,9999.000,9999.000,9999.000,9999.000,9999.000,9999.000
202608140948,   2.029,9999.000,9999.000,9999.000,9999.000,9999.000,9999.000,9999.000,9999.000
202608140954,   2.157,9999.000,9999.000,9999.000,9999.000,9999.000,9999.000,9999.000,9999.000
202608141000,   2.282,9999.000,   0.300,   0.721,   3.303,   0.300,   3.303,   0.300,   3.303
202608141006,   2.404,9999.000,9999.000,9999.000,9999.000,9999.000,9999.000,9999.000,9999.000
202608141012,   2.522,9999.000,9999.000,9999.000,9999.000,9999.000,9999.000,9999.000,9999.000
202608141018,   2.637,9999.000,9999.000,9999.000,9999.000,9999.000,9999.000,9999.000,9999.000
202608141024,   2.746,9999.000,9999.000,9999.000,9999.000,9999.000,9999.000,9999.000,9999.000
202608141030,   2.850,9999.000,9999.000,9999.000,9999.000,9999.000,9999.000,9999.000,9999.000
202608141036,   2.948,9999.000,9999.000,9999.000,9999.000,9999.000,9999.000,9999.000,9999.000
202608141042,   3.041,9999.000,9999.000,9999.000,9999.000,9999.000,9999.000,9999.000,9999.000
202608141048,   3.126,9999.000,9999.000,9999.000,9999.000,9999.000,9999.000,9999.000,9999.000
202608141054,   3.205,9999.000,9999.000,9999.000,9999.000,9999.000,9999.000,9999.000,9999.000
202608141100,   3.276,9999.000,   0.300,   0.721,   4.297,   0.300,   4.297,   0.300,   4.297
202608141106,   3.339,9999.000,9999.000,9999.000,9999.000,9999.000,9999.000,9999.000,9999.000
202608141112,   3.395,9999.000,9999.000,9999.000,9999.000,9999.000,9999.000,9999.000,9999.000
202608141118,   3.443,9999.000,9999.000,9999.000,9999.000,9999.000,9999.000,9999.000,9999.000
202608141124,   3.482,9999.000,9999.000,9999.000,9999.000,9999.000,9999.000,9999.000,9999.000
202608141130,   3.513,9999.000,9999.000,9999.000,9999.000,9999.000,9999.000,9999.000,9999.000
202608141136,   3.536,9999.000,9999.000,9999.000,9999.000,9999.000,9999.000,9999.000,9999.000
202608141142,   3.550,9999.000,9999.000,9999.000,9999.000,9999.000,9999.000,9999.000,9999.000
202608141148,   3.556,9999.000,9999.000,9999.000,9999.000,9999.000,9999.000,9999.000,9999.000
202608141154,   3.553,9999.000,9999.000,9999.000,9999.000,9999.000,9999.000,9999.000,9999.000
202608141200,   3.543,9999.000,   0.300,   0.721,   4.564,   0.300,   4.564,   0.300,   4.564
202608141206,   3.524,9999.000,9999.000,9999.000,9999.000,9999.000,9999.000,9999.000,9999.000
202608141212,   3.499,9999.000,9999.000,9999.000,9999.000,9999.000,9999.000,9999.000,9999.000
202608141218,   3.466,9999.000,9999.000,9999.000,9999.000,9999.000,9999.000,9999.000,9999.000
202608141224,   3.426,9999.000,9999.000,9999.000,9999.000,9999.000,9999.000,9999.000,9999.000
202608141230,   3.380,9999.000,9999.000,9999.000,9999.000,9999.000,9999.000,9999.000,9999.000
202608141236,   3.328,9999.000,9999.000,9999.000,9999.000,9999.000,9999.000,9999.000,9999.000
202608141242,   3.271,9999.000,9999.000,9999.000,9999.000,9999.000,9999.000,9999.000,9999.000
202608141248,   3.210,9999.000,9999.000,9999.000,9999.000,9999.000,9999.000,9999.000,9999.000
202608141254,   3.144,9999.000,9999.000,9999.000,9999.000,9999.000,9999.000,9999.000,9999.000
202608141300,   3.074,9999.000,   0.300,   0.721,   4.095,   0.300,   4.095,   0.300,   4.095
202608141306,   3.002,9999.000,9999.000,9999.000,9999.000,9999.000,9999.000,9999.000,9999.000
202608141312,   2.928,9999.000,9999.000,9999.000,9999.000,9999.000,9999.000,9999.000,9999.000
202608141318,   2.852,9999.000,9999.000,9999.000,9999.000,9999.000,9999.000,9999.000,9999.000
202608141324,   2.774,9999.000,9999.000,9999.000,9999.000,9999.000,9999.000,9999.000,9999.000
202608141330,   2.696,9999.000,9999.000,9999.000,9999.000,9999.000,9999.000,9999.000,9999.000
202608141336,   2.618,9999.000,9999.000,9999.000,9999.000,9999.000,9999.000,9999.000,9999.000
202608141342,   2.541,9999.000,9999.000,9999.000,9999.000,9999.000,9999.000,9999.000,9999.000
202608141348,   2.464,9999.000,9999.000,9999.000,9999.000,9999.000,9999.000,9999.000,9999.000
202608141354,   2.388,9999.000,9999.000,9999.000,9999.000,9999.000,9999.000,9999.000,9999.000
202608141400,   2.314,9999.000,   0.300,   0.721,   3.335,   0.300,   3.335,   0.300,   3.335
202608141406,   2.241,9999.000,9999.000,9999.000,9999.000,9999.000,9999.000,9999.000,9999.000
202608141412,   2.171,9999.000,9999.000,9999.000,9999.000,9999.000,9999.000,9999.000,9999.000
202608141418,   2.102,9999.000,9999.000,9999.000,9999.000,9999.000,9999.000,9999.000,9999.000
202608141424,   2.036,9999.000,9999.000,9999.000,9999.000,9999.000,9999.000,9999.000,9999.000
202608141430,   1.971,9999.000,9999.000,9999.000,9999.000,9999.000,9999.000,9999.000,9999.000
202608141436,   1.909,9999.000,9999.000,9999.000,9999.000,9999.000,9999.000,9999.000,9999.000
202608141442,   1.849,9999.000,9999.000,9999.000,9999.000,9999.000,9999.000,9999.000,9999.000
202608141448,   1.791,9999.000,9999.000,9999.000,9999.000,9999.000,9999.000,9999.000,9999.000
202608141454,   1.734,9999.000,9999.000,9999.000,9999.000,9999.000,9999.000,9999.000,9999.000
202608141500,   1.679,9999.000,   0.300,   0.721,   2.700,   0.300,   2.700,   0.300,   2.700
202608141506,   1.625,9999.000,9999.000,9999.000,9999.000,9999.000,9999.000,9999.000,9999.000
202608141512,   1.573,9999.000,9999.000,9999.000,9999.000,9999.000,9999.000,9999.000,9999.000
202608141518,   1.521,9999.000,9999.000,9999.000,9999.000,9999.000,9999.000,9999.000,9999.000
202608141524,   1.470,9999.000,9999.000,9999.000,9999.000,9999.000,9999.000,9999.000,9999.000
202608141530,   1.419,9999.000,9999.000,9999.000,9999.000,9999.000,9999.000,9999.000,9999.000
202608141536,   1.368,9999.000,9999.000,9999.000,9999.000,9999.000,9999.000,9999.000,9999.000
202608141542,   1.317,9999.000,9999.000,9999.000,9999.000,9999.000,9999.000,9999.000,9999.000
202608141548,   1.266,9999.000,9999.000,9999.000,9999.000,9999.000,9999.000,9999.000,9999.000
202608141554,   1.215,9999.000,9999.000,9999.000,9999.000,9999.000,9999.000,9999.000,9999.000
202608141600,   1.163,9999.000,   0.300,   0.721,   2.184,   0.300,   2.184,   0.300,   2.184
202608141606,   1.110,9999.000,9999.000,9999.000,9999.000,9999.000,9999.000,9999.000,9999.000
202608141612,   1.055,9999.000,9999.000,9999.000,9999.000,9999.000,9999.000,9999.000,9999.000
202608141618,   1.000,9999.000,9999.000,9999.000,9999.000,9999.000,9999.000,9999.000,9999.000
202608141624,   0.944,9999.000,9999.000,9999.000,9999.000,9999.000,9999.000,9999.000,9999.000
202608141630,   0.886,9999.000,9999.000,9999.000,9999.000,9999.000,9999.000,9999.000,9999.000
202608141636,   0.826,9999.000,9999.000,9999.000,9999.000,9999.000,9999.000,9999.000,9999.000
202608141642,   0.765,9999.000,9999.000,9999.000,9999.000,9999.000,9999.000,9999.000,9999.000
202608141648,   0.703,9999.000,9999.000,9999.000,9999.000,9999.000,9999.000,9999.000,9999.000
202608141654,   0.639,9999.000,9999.000,9999.000,9999.000,9999.000,9999.000,9999.000,9999.000
202608141700,   0.573,9999.000,   0.300,   0.721,   1.594,   0.300,   1.594,   0.300,   1.594
202608141706,   0.506,9999.000,9999.000,9999.000,9999.000,9999.000,9999.000,9999.000,9999.000
202608141712,   0.437,9999.000,9999.000,9999.000,9999.000,9999.000,9999.000,9999.000,9999.000
202608141718,   0.366,9999.000,9999.000,9999.000,9999.000,9999.000,9999.000,9999.000,9999.000
202608141724,   0.294,9999.000,9999.000,9999.000,9999.000,9999.000,9999.000,9999.000,9999.000
202608141730,   0.221,9999.000,9999.000,9999.000,9999.000,9999.000,9999.000,9999.000,9999.000
202608141736,   0.146,9999.000,9999.000,9999.000,9999.000,9999.000,9999.000,9999.000,9999.000
202608141742,   0.070,9999.000,9999.000,9999.000,9999.000,9999.000,9999.000,9999.000,9999.000
202608141748,  -0.006,9999.000,9999.000,9999.000,9999.000,9999.000,9999.000,9999.000,9999.000
202608141754,  -0.084,9999.000,9999.000,9999.000,9999.000,9999.000,9999.000,9999.000,9999.000
202608141800,  -0.162,9999.000,   0.300,   0.721,   0.859,   0.300,   0.859,   0.300,   0.859
202608141806,  -0.241,9999.000,9999.000,9999.000,9999.000,9999.000,9999.000,9999.000,9999.000
202608141812,  -0.320,9999.000,9999.000,9999.000,9999.000,9999.000,9999.000,9999.000,9999.000
202608141818,  -0.398,9999.000,9999.000,9999.000,9999.000,9999.000,9999.000,9999.000,9999.000
202608141824,  -0.476,9999.000,9999.000,9999.000,9999.000,9999.000,9999.000,9999.000,9999.000
202608141830,  -0.552,9999.000,9999.000,9999.000,9999.000,9999.000,9999.000,9999.000,9999.000
202608141836,  -0.627,9999.000,9999.000,9999.000,9999.000,9999.000,9999.000,9999.000,9999.000
202608141842,  -0.700,9999.000,9999.000,9999.000,9999.000,9999.000,9999.000,9999.000,9999.000
202608141848,  -0.769,9999.000,9999.000,9999.000,9999.000,9999.000,9999.000,9999.000,9999.000
202608141854,  -0.836,9999.000,9999.000,9999.000,9999.000,9999.000,9999.000,9999.000,9999.000
202608141900,  -0.898,9999.000,   0.300,   0.721,   0.123,   0.300,   0.123,   0.300,   0.123
202608141906,  -0.956,9999.000,9999.000,9999.000,9999.000,9999.000,9999.000,9999.000,9999.000
202608141912,  -1.009,9999.000,9999.000,9999.000,9999.000,9999.000,9999.000,9999.000,9999.000
202608141918,  -1.056,9999.000,9999.000,9999.000,9999.000,9999.000,9999.000,9999.000,9999.000
202608141924,  -1.097,9999.000,9999.000,9999.000,9999.000,9999.000,9999.000,9999.000,9999.000
202608141930,  -1.131,9999.000,9999.000,9999.000,9999.000,9999.000,9999.000,9999.000,9999.000
202608141936,  -1.157,9999.000,9999.000,9999.000,9999.000,9999.000,9999.000,9999.000,9999.000
202608141942,  -1.176,9999.000,9999.000,9999.000,9999.000,9999.000,9999.000,9999.000,9999.000
202608141948,  -1.186,9999.000,9999.000,9999.000,9999.000,9999.000,9999.000,9999.000,9999.000
202608141954,  -1.187,9999.000,9999.000,9999.000,9999.000,9999.000,9999.000,9999.000,9999.000
202608142000,  -1.179,9999.000,   0.300,   0.721,  -0.158,   0.300,  -0.158,   0.300,  -0.158
202608142006,  -1.162,9999.000,9999.000,9999.000,9999.000,9999.000,9999.000,9999.000,9999.000
202608142012,  -1.135,9999.000,9999.000,9999.000,9999.000,9999.000,9999.000,9999.000,9999.000
202608142018,  -1.098,9999.000,9999.000,9999.000,9999.000,9999.000,9999.000,9999.000,9999.000
202608142024,  -1.051,9999.000,9999.000,9999.000,9999.000,9999.000,9999.000,9999.000,9999.000
202608142030,  -0.995,9999.000,9999.000,9999.000,9999.000,9999.000,9999.000,9999.000,9999.000
202608142036,  -0.928,9999.000,9999.000,9999.000,9999.000,9999.000,9999.000,9999.000,9999.000
202608142042,  -0.853,9999.000,9999.000,9999.000,9999.000,9999.000,9999.000,9999.000,9999.000
202608142048,  -0.768,9999.000,9999.000,9999.000,9999.000,9999.000,9999.000,9999.000,9999.000
202608142054,  -0.674,9999.000,9999.000,9999.000,9999.000,9999.000,9999.000,9999.000,9999.000
202608142100,  -0.571,9999.000,   0.300,   0.721,   0.450,   0.300,   0.450,   0.300,   0.450
202608142106,  -0.461,9999.000,9999.000,9999.000,9999.000,9999.000,9999.000,9999.000,9999.000
202608142112,  -0.343,9999.000,9999.000,9999.000,9999.000,9999.000,9999.000,9999.000,9999.000
202608142118,  -0.218,9999.000,9999.000,9999.000,9999.000,9999.000,9999.000,9999.000,9999.000
202608142124,  -0.087,9999.000,9999.000,9999.000,9999.000,9999.000,9999.000,9999.000,9999.000
202608142130,   0.049,9999.000,9999.000,9999.000,9999.000,9999.000,9999.000,9999.000,9999.000
202608142136,   0.191,9999.000,9999.000,9999.000,9999.000,9999.000,9999.000,9999.000,9999.000
202608142142,   0.337,9999.000,9999.000,9999.000,9999.000,9999.000,9999.000,9999.000,9999.000
202608142148,   0.487,9999.000,9999.000,9999.000,9999.000,9999.000,9999.000,9999.000,9999.000
202608142154,   0.639,9999.000,9999.000,9999.000,9999.000,9999.000,9999.000,9999.000,9999.000
202608142200,   0.793,9999.000,   0.300,   0.721,   1.814,   0.300,   1.814,   0.300,   1.814
202608142206,   0.948,9999.000,9999.000,9999.000,9999.000,9999.000,9999.000,9999.000,9999.000
202608142212,   1.104,9999.000,9999.000,9999.000,9999.000,9999.000,9999.000,9999.000,9999.000
202608142218,   1.260,9999.000,9999.000,9999.000,9999.000,9999.000,9999.000,9999.000,9999.000
202608142224,   1.414,9999.000,9999.000,9999.000,9999.000,9999.000,9999.000,9999.000,9999.000
202608142230,   1.567,9999.000,9999.000,9999.000,9999.000,9999.000,9999.000,9999.000,9999.000
202608142236,   1.718,9999.000,9999.000,9999.000,9999.000,9999.000,9999.000,9999.000,9999.000
202608142242,   1.865,9999.000,9999.000,9999.000,9999.000,9999.000,9999.000,9999.000,9999.000
202608142248,   2.008,9999.000,9999.000,9999.000,9999.000,9999.000,9999.000,9999.000,9999.000
202608142254,   2.147,9999.000,9999.000,9999.000,9999.000,9999.000,9999.000,9999.000,9999.000
202608142300,   2.281,9999.000,   0.300,   0.721,   3.302,   0.300,   3.302,   0.300,   3.302
202608142306,   2.409,9999.000,9999.000,9999.000,9999.000,9999.000,9999.000,9999.000,9999.000
202608142312,   2.531,9999.000,9999.000,9999.000,9999.000,9999.000,9999.000,9999.000,9999.000
202608142318,   2.647,9999.000,9999.000,9999.000,9999.000,9999.000,9999.000,9999.000,9999.000
202608142324,   2.755,9999.000,9999.000,9999.000,9999.000,9999.000,9999.000,9999.000,9999.000
202608142330,   2.856,9999.000,9999.000,9999.000,9999.000,9999.000,9999.000,9999.000,9999.000
202608142336,   2.948,9999.000,9999.000,9999.000,9999.000,9999.000,9999.000,9999.000,9999.000
202608142342,   3.033,9999.000,9999.000,9999.000,9999.000,9999.000,9999.000,9999.000,9999.000
202608142348,   3.108,9999.000,9999.000,9999.000,9999.000,9999.000,9999.000,9999.000,9999.000
202608142354,   3.175,9999.000,9999.000,9999.000,9999.000,9999.000,9999.000,9999.000,9999.000
202608150000,   3.233,9999.000,   0.300,   0.721,   4.254,   0.300,   4.254,   0.300,   4.254
202608150006,   3.282,9999.000,9999.000,9999.000,9999.000,9999.000,9999.000,9999.000,9999.000
202608150012,   3.322,9999.000,9999.000,9999.000,9999.000,9999.000,9999.000,9999.000,9999.000
202608150018,   3.352,9999.000,9999.000,9999.000,9999.000,9999.000,9999.000,9999.000,9999.000
202608150024,   3.374,9999.000,9999.000,9999.000,9999.000,9999.000,9999.000,9999.000,9999.000
202608150030,   3.387,9999.000,9999.000,9999.000,9999.000,9999.000,9999.000,9999.000,9999.000
202608150036,   3.390,9999.000,9999.000,9999.000,9999.000,9999.000,9999.000,9999.000,9999.000
202608150042,   3.386,9999.000,9999.000,9999.000,9999.000,9999.000,9999.000,9999.000,9999.000
202608150048,   3.373,9999.000,9999.000,9999.000,9999.000,9999.000,9999.000,9999.000,9999.000
202608150054,   3.353,9999.000,9999.000,9999.000,9999.000,9999.000,9999.000,9999.000,9999.000
202608150100,   3.325,9999.000,   0.300,   0.721,   4.346,   0.300,   4.346,   0.300,   4.346
202608150106,   3.291,9999.000,9999.000,9999.000,9999.000,9999.000,9999.000,9999.000,9999.000
202608150112,   3.250,9999.000,9999.000,9999.000,9999.000,9999.000,9999.000,9999.000,9999.000
202608150118,   3.204,9999.000,9999.000,9999.000,9999.000,9999.000,9999.000,9999.000,9999.000
202608150124,   3.153,9999.000,9999.000,9999.000,9999.000,9999.000,9999.000,9999.000,9999.000
202608150130,   3.097,9999.000,9999.000,9999.000,9999.000,9999.000,9999.000,9999.000,9999.000
202608150136,   3.037,9999.000,9999.000,9999.000,9999.000,9999.000,9999.000,9999.000,9999.000
202608150142,   2.974,9999.000,9999.000,9999.000,9999.000,9999.000,9999.000,9999.000,9999.000
202608150148,   2.908,9999.000,9999.000,9999.000,9999.000,9999.000,9999.000,9999.000,9999.000
202608150154,   2.840,9999.000,9999.000,9999.000,9999.000,9999.000,9999.000,9999.000,9999.000
202608150200,   2.771,9999.000,   0.300,   0.721,   3.792,   0.300,   3.792,   0.300,   3.792
202608150206,   2.700,9999.000,9999.000,9999.000,9999.000,9999.000,9999.000,9999.000,9999.000
202608150212,   2.629,9999.000,9999.000,9999.000,9999.000,9999.000,9999.000,9999.000,9999.000
202608150218,   2.557,9999.000,9999.000,9999.000,9999.000,9999.000,9999.000,9999.000,9999.000
202608150224,   2.486,9999.000,9999.000,9999.000,9999.000,9999.000,9999.000,9999.000,9999.000
202608150230,   2.416,9999.000,9999.000,9999.000,9999.000,9999.000,9999.000,9999.000,9999.000
202608150236,   2.346,9999.000,9999.000,9999.000,9999.000,9999.000,9999.000,9999.000,9999.000
202608150242,   2.277,9999.000,9999.000,9999.000,9999.000,9999.000,9999.000,9999.000,9999.000
202608150248,   2.209,9999.000,9999.000,9999.000,9999.000,9999.000,9999.000,9999.000,9999.000
202608150254,   2.143,9999.000,9999.000,9999.000,9999.000,9999.000,9999.000,9999.000,9999.000
202608150300,   2.078,9999.000,   0.300,   0.721,   3.099,   0.300,   3.099,   0.300,   3.099
202608150306,   2.015,9999.000,9999.000,9999.000,9999.000,9999.000,9999.000,9999.000,9999.000
202608150312,   1.953,9999.000,9999.000,9999.000,9999.000,9999.000,9999.000,9999.000,9999.000
202608150318,   1.892,9999.000,9999.000,9999.000,9999.000,9999.000,9999.000,9999.000,9999.000
202608150324,   1.833,9999.000,9999.000,9999.000,9999.000,9999.000,9999.000,9999.000,9999.000
202608150330,   1.775,9999.000,9999.000,9999.000,9999.000,9999.000,9999.000,9999.000,9999.000
202608150336,   1.718,9999.000,9999.000,9999.000,9999.000,9999.000,9999.000,9999.000,9999.000
202608150342,   1.663,9999.000,9999.000,9999.000,9999.000,9999.000,9999.000,9999.000,9999.000
202608150348,   1.608,9999.000,9999.000,9999.000,9999.000,9999.000,9999.000,9999.000,9999.000
202608150354,   1.553,9999.000,9999.000,9999.000,9999.000,9999.000,9999.000,9999.000,9999.000
202608150400,   1.500,9999.000,   0.300,   0.721,   2.521,   0.300,   2.521,   0.300,   2.521
202608150406,   1.447,9999.000,9999.000,9999.000,9999.000,9999.000,9999.000,9999.000,9999.000
202608150412,   1.394,9999.000,9999.000,9999.000,9999.000,9999.000,9999.000,9999.000,9999.000
202608150418,   1.342,9999.000,9999.000,9999.000,9999.000,9999.000,9999.000,9999.000,9999.000
202608150424,   1.289,9999.000,9999.000,9999.000,9999.000,9999.000,9999.000,9999.000,9999.000
202608150430,   1.237,9999.000,9999.000,9999.000,9999.000,9999.000,9999.000,9999.000,9999.000
202608150436,   1.185,9999.000,9999.000,9999.000,9999.000,9999.000,9999.000,9999.000,9999.000
202608150442,   1.133,9999.000,9999.000,9999.000,9999.000,9999.000,9999.000,9999.000,9999.000
202608150448,   1.081,9999.000,9999.000,9999.000,9999.000,9999.000,9999.000,9999.000,9999.000
202608150454,   1.028,9999.000,9999.000,9999.000,9999.000,9999.000,9999.000,9999.000,9999.000
202608150500,   0.976,9999.000,   0.300,   0.721,   1.997,   0.300,   1.997,   0.300,   1.997
202608150506,   0.923,9999.000,9999.000,9999.000,9999.000,9999.000,9999.000,9999.000,9999.000
202608150512,   0.870,9999.000,9999.000,9999.000,9999.000,9999.000,9999.000,9999.000,9999.000
202608150518,   0.817,9999.000,9999.000,9999.000,9999.000,9999.000,9999.000,9999.000,9999.000
202608150524,   0.764,9999.000,9999.000,9999.000,9999.000,9999.000,9999.000,9999.000,9999.000
202608150530,   0.711,9999.000,9999.000,9999.000,9999.000,9999.000,9999.000,9999.000,9999.000
202608150536,   0.657,9999.000,9999.000,9999.000,9999.000,9999.000,9999.000,9999.000,9999.000
202608150542,   0.604,9999.000,9999.000,9999.000,9999.000,9999.000,9999.000,9999.000,9999.000
202608150548,   0.550,9999.000,9999.000,9999.000,9999.000,9999.000,9999.000,9999.000,9999.000
202608150554,   0.496,9999.000,9999.000,9999.000,9999.000,9999.000,9999.000,9999.000,9999.000
202608150600,   0.442,9999.000,   0.300,   0.721,   1.463,   0.300,   1.463,   0.300,   1.463
202608150606,   0.388,9999.000,9999.000,9999.000,9999.000,9999.000,9999.000,9999.000,9999.000
202608150612,   0.334,9999.000,9999.000,9999.000,9999.000,9999.000,9999.000,9999.000,9999.000
202608150618,   0.281,9999.000,9999.000,9999.000,9999.000,9999.000,9999.000,9999.000,9999.000
202608150624,   0.228,9999.000,9999.000,9999.000,9999.000,9999.000,9999.000,9999.000,9999.000
202608150630,   0.176,9999.000,9999.000,9999.000,9999.000,9999.000,9999.000,9999.000,9999.000
202608150636,   0.124,9999.000,9999.000,9999.000,9999.000,9999.000,9999.000,9999.000,9999.000
202608150642,   0.073,9999.000,9999.000,9999.000,9999.000,9999.000,9999.000,9999.000,9999.000
202608150648,   0.024,9999.000,9999.000,9999.000,9999.000,9999.000,9999.000,9999.000,9999.000
202608150654,  -0.023,9999.000,9999.000,9999.000,9999.000,9999.000,9999.000,9999.000,9999.000
202608150700,  -0.068,9999.000,   0.300,   0.721,   0.953,   0.300,   0.953,   0.300,   0.953
202608150706,  -0.112,9999.000,9999.000,9999.000,9999.000,9999.000,9999.000,9999.000,9999.000
202608150712,  -0.153,9999.000,9999.000,9999.000,9999.000,9999.000,9999.000,9999.000,9999.000
202608150718,  -0.190,9999.000,9999.000,9999.000,9999.000,9999.000,9999.000,9999.000,9999.000
202608150724,  -0.225,9999.000,9999.000,9999.000,9999.000,9999.000,9999.000,9999.000,9999.000
202608150730,  -0.255,9999.000,9999.000,9999.000,9999.000,9999.000,9999.000,9999.000,9999.000
202608150736,  -0.280,9999.000,9999.000,9999.000,9999.000,9999.000,9999.000,9999.000,9999.000
202608150742,  -0.301,9999.000,9999.000,9999.000,9999.000,9999.000,9999.000,9999.000,9999.000
202608150748,  -0.317,9999.000,9999.000,9999.000,9999.000,9999.000,9999.000,9999.000,9999.000
202608150754,  -0.327,9999.000,9999.000,9999.000,9999.000,9999.000,9999.000,9999.000,9999.000
202608150800,  -0.330,9999.000,   0.300,   0.721,   0.691,   0.300,   0.691,   0.300,   0.691
202608150806,  -0.327,9999.000,9999.000,9999.000,9999.000,9999.000,9999.000,9999.000,9999.000
202608150812,  -0.317,9999.000,9999.000,9999.000,9999.000,9999.000,9999.000,9999.000,9999.000
202608150818,  -0.301,9999.000,9999.000,9999.000,9999.000,9999.000,9999.000,9999.000,9999.000
202608150824,  -0.276,9999.000,9999.000,9999.000,9999.000,9999.000,9999.000,9999.000,9999.000
202608150830,  -0.245,9999.000,9999.000,9999.000,9999.000,9999.000,9999.000,9999.000,9999.000
202608150836,  -0.205,9999.000,9999.000,9999.000,9999.000,9999.000,9999.000,9999.000,9999.000
202608150842,  -0.158,9999.000,9999.000,9999.000,9999.000,9999.000,9999.000,9999.000,9999.000
202608150848,  -0.104,9999.000,9999.000,9999.000,9999.000,9999.000,9999.000,9999.000,9999.000
202608150854,  -0.042,9999.000,9999.000,9999.000,9999.000,9999.000,9999.000,9999.000,9999.000
202608150900,   0.027,9999.000,   0.300,   0.721,   1.048,   0.300,   1.048,   0.300,   1.048
202608150906,   0.103,9999.000,9999.000,9999.000,9999.000,9999.000,9999.000,9999.000,9999.000
202608150912,   0.187,9999.000,9999.000,9999.000,9999.000,9999.000,9999.000,9999.000,9999.000
202608150918,   0.277,9999.000,9999.000,9999.000,9999.000,9999.000,9999.000,9999.000,9999.000
202608150924,   0.373,9999.000,9999.000,9999.000,9999.000,9999.000,9999.000,9999.000,9999.000
202608150930,   0.474,9999.000,9999.000,9999.000,9999.000,9999.000,9999.000,9999.000,9999.000
202608150936,   0.580,9999.000,9999.000,9999.000,9999.000,9999.000,9999.000,9999.000,9999.000
202608150942,   0.691,9999.000,9999.000,9999.000,9999.000,9999.000,9999.000,9999.000,9999.000
202608150948,   0.806,9999.000,9999.000,9999.000,9999.000,9999.000,9999.000,9999.000,9999.000
202608150954,   0.924,9999.000,9999.000,9999.000,9999.000,9999.000,9999.000,9999.000,9999.000
202608151000,   1.045,9999.000,   0.300,   0.721,   2.066,   0.300,   2.066,   0.300,   2.066
202608151006,   1.167,9999.000,9999.000,9999.000,9999.000,9999.000,9999.000,9999.000,9999.000
202608151012,   1.291,9999.000,9999.000,9999.000,9999.000,9999.000,9999.000,9999.000,9999.000
202608151018,   1.416,9999.000,9999.000,9999.000,9999.000,9999.000,9999.000,9999.000,9999.000
202608151024,   1.541,9999.000,9999.000,9999.000,9999.000,9999.000,9999.000,9999.000,9999.000
202608151030,   1.665,9999.000,9999.000,9999.000,9999.000,9999.000,9999.000,9999.000,9999.000
202608151036,   1.787,9999.000,9999.000,9999.000,9999.000,9999.000,9999.000,9999.000,9999.000
202608151042,   1.908,9999.000,9999.000,9999.000,9999.000,9999.000,9999.000,9999.000,9999.000
202608151048,   2.026,9999.000,9999.000,9999.000,9999.000,9999.000,9999.000,9999.000,9999.000
202608151054,   2.142,9999.000,9999.000,9999.000,9999.000,9999.000,9999.000,9999.000,9999.000
202608151100,   2.253,9999.000,   0.300,   0.721,   3.274,   0.300,   3.274,   0.300,   3.274
202608151106,   2.361,9999.000,9999.000,9999.000,9999.000,9999.000,9999.000,9999.000,9999.000
202608151112,   2.464,9999.000,9999.000,9999.000,9999.000,9999.000,9999.000,9999.000,9999.000
202608151118,   2.562,9999.000,9999.000,9999.000,9999.000,9999.000,9999.000,9999.000,9999.000
202608151124,   2.654,9999.000,9999.000,9999.000,9999.000,9999.000,9999.000,9999.000,9999.000
202608151130,   2.740,9999.000,9999.000,9999.000,9999.000,9999.000,9999.000,9999.000,9999.000
202608151136,   2.820,9999.000,9999.000,9999.000,9999.000,9999.000,9999.000,9999.000,9999.000
202608151142,   2.894,9999.000,9999.000,9999.000,9999.000,9999.000,9999.000,9999.000,9999.000
202608151148,   2.960,9999.000,9999.000,9999.000,9999.000,9999.000,9999.000,9999.000,9999.000
202608151154,   3.019,9999.000,9999.000,9999.000,9999.000,9999.000,9999.000,9999.000,9999.000
202608151200,   3.070,9999.000,   0.300,   0.721,   4.091,   0.300,   4.091,   0.300,   4.091
202608151206,   3.114,9999.000,9999.000,9999.000,9999.000,9999.000,9999.000,9999.000,9999.000
202608151212,   3.151,9999.000,9999.000,9999.000,9999.000,9999.000,9999.000,9999.000,9999.000
202608151218,   3.179,9999.000,9999.000,9999.000,9999.000,9999.000,9999.000,9999.000,9999.000
202608151224,   3.199,9999.000,9999.000,9999.000,9999.000,9999.000,9999.000,9999.000,9999.000
202608151230,   3.211,9999.000,9999.000,9999.000,9999.000,9999.000,9999.000,9999.000,9999.000
202608151236,   3.216,9999.000,9999.000,9999.000,9999.000,9999.000,9999.000,9999.000,9999.000
202608151242,   3.212,9999.000,9999.000,9999.000,9999.000,9999.000,9999.000,9999.000,9999.000
202608151248,   3.202,9999.000,9999.000,9999.000,9999.000,9999.000,9999.000,9999.000,9999.000
202608151254,   3.183,9999.000,9999.000,9999.000,9999.000,9999.000,9999.000,9999.000,9999.000
202608151300,   3.158,9999.000,   0.300,   0.721,   4.179,   0.300,   4.179,   0.300,   4.179
202608151306,   3.126,9999.000,9999.000,9999.000,9999.000,9999.000,9999.000,9999.000,9999.000
202608151312,   3.087,9999.000,9999.000,9999.000,9999.000,9999.000,9999.000,9999.000,9999.000
202608151318,   3.043,9999.000,9999.000,9999.000,9999.000,9999.000,9999.000,9999.000,9999.000
202608151324,   2.993,9999.000,9999.000,9999.000,9999.000,9999.000,9999.000,9999.000,9999.000
202608151330,   2.938,9999.000,9999.000,9999.000,9999.000,9999.000,9999.000,9999.000,9999.000
202608151336,   2.878,9999.000,9999.000,9999.000,9999.000,9999.000,9999.000,9999.000,9999.000
202608151342,   2.815,9999.000,9999.000,9999.000,9999.000,9999.000,9999.000,9999.000,9999.000
202608151348,   2.748,9999.000,9999.000,9999.000,9999.000,9999.000,9999.000,9999.000,9999.000
202608151354,   2.679,9999.000,9999.000,9999.000,9999.000,9999.000,9999.000,9999.000,9999.000
202608151400,   2.607,9999.000,   0.300,   0.721,   3.628,   0.300,   3.628,   0.300,   3.628
202608151406,   2.533,9999.000,9999.000,9999.000,9999.000,9999.000,9999.000,9999.000,9999.000
202608151412,   2.458,9999.000,9999.000,9999.000,9999.000,9999.000,9999.000,9999.000,9999.000
202608151418,   2.383,9999.000,9999.000,9999.000,9999.000,9999.000,9999.000,9999.000,9999.000
202608151424,   2.307,9999.000,9999.000,9999.000,9999.000,9999.000,9999.000,9999.000,9999.000
202608151430,   2.232,9999.000,9999.000,9999.000,9999.000,9999.000,9999.000,9999.000,9999.000
202608151436,   2.157,9999.000,9999.000,9999.000,9999.000,9999.000,9999.000,9999.000,9999.000
202608151442,   2.083,9999.000,9999.000,9999.000,9999.000,9999.000,9999.000,9999.000,9999.000
202608151448,   2.011,9999.000,9999.000,9999.000,9999.000,9999.000,9999.000,9999.000,9999.000
202608151454,   1.939,9999.000,9999.000,9999.000,9999.000,9999.000,9999.000,9999.000,9999.000
202608151500,   1.870,9999.000,   0.300,   0.721,   2.891,   0.300,   2.891,   0.300,   2.891
202608151506,   1.802,9999.000,9999.000,9999.000,9999.000,9999.000,9999.000,9999.000,9999.000
202608151512,   1.736,9999.000,9999.000,9999.000,9999.000,9999.000,9999.000,9999.000,9999.000
202608151518,   1.672,9999.000,9999.000,9999.000,9999.000,9999.000,9999.000,9999.000,9999.000
202608151524,   1.610,9999.000,9999.000,9999.000,9999.000,9999.000,9999.000,9999.000,9999.000
202608151530,   1.549,9999.000,9999.000,9999.000,9999.000,9999.000,9999.000,9999.000,9999.000
202608151536,   1.490,9999.000,9999.000,9999.000,9999.000,9999.000,9999.000,9999.000,9999.000
202608151542,   1.433,9999.000,9999.000,9999.000,9999.000,9999.000,9999.000,9999.000,9999.000
202608151548,   1.377,9999.000,9999.000,9999.000,9999.000,9999.000,9999.000,9999.000,9999.000
202608151554,   1.321,9999.000,9999.000,9999.000,9999.000,9999.000,9999.000,9999.000,9999.000
202608151600,   1.267,9999.000,   0.300,   0.721,   2.288,   0.300,   2.288,   0.300,   2.288
202608151606,   1.213,9999.000,9999.000,9999.000,9999.000,9999.000,9999.000,9999.000,9999.000
202608151612,   1.160,9999.000,9999.000,9999.000,9999.000,9999.000,9999.000,9999.000,9999.000
202608151618,   1.107,9999.000,9999.000,9999.000,9999.000,9999.000,9999.000,9999.000,9999.000
202608151624,   1.055,9999.000,9999.000,9999.000,9999.000,9999.000,9999.000,9999.000,9999.000
202608151630,   1.002,9999.000,9999.000,9999.000,9999.000,9999.000,9999.000,9999.000,9999.000
202608151636,   0.948,9999.000,9999.000,9999.000,9999.000,9999.000,9999.000,9999.000,9999.000
202608151642,   0.895,9999.000,9999.000,9999.000,9999.000,9999.000,9999.000,9999.000,9999.000
202608151648,   0.840,9999.000,9999.000,9999.000,9999.000,9999.000,9999.000,9999.000,9999.000
202608151654,   0.785,9999.000,9999.000,9999.000,9999.000,9999.000,9999.000,9999.000,9999.000
202608151700,   0.729,9999.000,   0.300,   0.721,   1.750,   0.300,   1.750,   0.300,   1.750
202608151706,   0.673,9999.000,9999.000,9999.000,9999.000,9999.000,9999.000,9999.000,9999.000
202608151712,   0.615,9999.000,9999.000,9999.000,9999.000,9999.000,9999.000,9999.000,9999.000
202608151718,   0.557,9999.000,9999.000,9999.000,9999.000,9999.000,9999.000,9999.000,9999.000
202608151724,   0.497,9999.000,9999.000,9999.000,9999.000,9999.000,9999.000,9999.000,9999.000
202608151730,   0.437,9999.000,9999.000,9999.000,9999.000,9999.000,9999.000,9999.000,9999.000
202608151736,   0.375,9999.000,9999.000,9999.000,9999.000,9999.000,9999.000,9999.000,9999.000
202608151742,   0.313,9999.000,9999.000,9999.000,9999.000,9999.000,9999.000,9999.000,9999.000
202608151748,   0.250,9999.000,9999.000,9999.000,9999.000,9999.000,9999.000,9999.000,9999.000
202608151754,   0.186,9999.000,9999.000,9999.000,9999.000,9999.000,9999.000,9999.000,9999.000
202608151800,   0.121,9999.000,   0.300,   0.721,   1.142,   0.300,   1.142,   0.300,   1.142
