        TIME,    TIDE,      OB,   SURGE,    BIAS,     TWL,SURGE90p,  TWL90p,SURGE10p,   TWL10p
202605061200,   6.919,   7.347,   0.200,   0.228,   7.347,   0.200,   7.347,   0.300,   7.447
202605061206,   6.924,9999.000,9999.000,9999.000,9999.000,9999.000,9999.000,9999.000,9999.000
202605061212,   6.928,   7.327,9999.000,9999.000,9999.000,9999.000,9999.000,9999.000,9999.000
202605061218,   6.932,9999.000,9999.000,9999.000,9999.000,9999.000,9999.000,9999.000,9999.000
202605061224,   6.935,   7.357,9999.000,9999.000,9999.000,9999.000,9999.000,9999.000,9999.000
202605061230,   6.939,9999.000,9999.000,9999.000,9999.000,9999.000,9999.000,9999.000,9999.000
202605061236,   6.941,   7.366,9999.000,9999.000,9999.000,9999.000,9999.000,9999.000,9999.000
202605061242,   6.943,9999.000,9999.000,9999.000,9999.000,9999.000,9999.000,9999.000,9999.000
202605061248,   6.944,   7.357,9999.000,9999.000,9999.000,9999.000,9999.000,9999.000,9999.000
202605061254,   6.944,9999.000,9999.000,9999.000,9999.000,9999.000,9999.000,9999.000,9999.000
202605061300,   6.942,9999.000,   0.200,9999.000,   7.142,   0.200,   7.142,   0.300,   7.242
202605061306,   6.939,9999.000,9999.000,9999.000,9999.000,9999.000,9999.000,9999.000,9999.000
202605061312,   6.934,9999.000,9999.000,9999.000,9999.000,9999.000,9999.000,9999.000,9999.000
202605061318,   6.927,   7.288,9999.000,9999.000,9999.000,9999.000,9999.000,9999.000,9999.000
202605061324,   6.917,   7.258,9999.000,9999.000,9999.000,9999.000,9999.000,9999.000,9999.000
202605061330,   6.904,   7.278,9999.000,9999.000,9999.000,9999.000,9999.000,9999.000,9999.000
202605061336,   6.889,   7.219,9999.000,9999.000,9999.000,9999.000,9999.000,9999.000,9999.000
202605061342,   6.869,   7.199,9999.000,9999.000,9999.000,9999.000,9999.000,9999.000,9999.000
202605061348,   6.846,   7.156,9999.000,9999.000,9999.000,9999.000,9999.000,9999.000,9999.000
202605061354,   6.818,   7.107,9999.000,9999.000,9999.000,9999.000,9999.000,9999.000,9999.000
202605061400,   6.786,   7.029,   0.200,   0.043,   7.029,   0.200,   7.029,   0.300,   7.129
202605061406,   6.749,   6.956,9999.000,9999.000,9999.000,9999.000,9999.000,9999.000,9999.000
202605061412,   6.707,   6.887,9999.000,9999.000,9999.000,9999.000,9999.000,9999.000,9999.000
202605061418,   6.659,   6.828,9999.000,9999.000,9999.000,9999.000,9999.000,9999.000,9999.000
202605061424,   6.606,   6.789,9999.000,9999.000,9999.000,9999.000,9999.000,9999.000,9999.000
202605061430,   6.547,   6.737,9999.000,9999.000,9999.000,9999.000,9999.000,9999.000,9999.000
202605061436,   6.483,   6.668,9999.000,9999.000,9999.000,9999.000,9999.000,9999.000,9999.000
202605061442,   6.412,   6.579,9999.000,9999.000,9999.000,9999.000,9999.000,9999.000,9999.000
202605061448,   6.335,   6.517,9999.000,9999.000,9999.000,9999.000,9999.000,9999.000,9999.000
202605061454,   6.252,   6.399,9999.000,9999.000,9999.000,9999.000,9999.000,9999.000,9999.000
202605061500,   6.163,   6.327,   0.200,  -0.036,   6.327,   0.200,   6.327,   0.200,   6.327
202605061506,   6.067,   6.228,9999.000,9999.000,9999.000,9999.000,9999.000,9999.000,9999.000
202605061512,   5.966,   6.149,9999.000,9999.000,9999.000,9999.000,9999.000,9999.000,9999.000
202605061518,   5.859,   6.058,9999.000,9999.000,9999.000,9999.000,9999.000,9999.000,9999.000
202605061524,   5.747,   5.969,9999.000,9999.000,9999.000,9999.000,9999.000,9999.000,9999.000
202605061530,   5.629,   5.867,9999.000,9999.000,9999.000,9999.000,9999.000,9999.000,9999.000
202605061536,   5.505,   5.717,9999.000,9999.000,9999.000,9999.000,9999.000,9999.000,9999.000
202605061542,   5.377,   5.579,9999.000,9999.000,9999.000,9999.000,9999.000,9999.000,9999.000
202605061548,   5.244,   5.448,9999.000,9999.000,9999.000,9999.000,9999.000,9999.000,9999.000
202605061554,   5.107,   5.287,9999.000,9999.000,9999.000,9999.000,9999.000,9999.000,9999.000
202605061600,   4.965,   5.120,   0.200,  -0.045,   5.120,   0.200,   5.120,   0.200,   5.120
202605061606,   4.819,   4.969,9999.000,9999.000,9999.000,9999.000,9999.000,9999.000,9999.000
202605061612,   4.670,   4.808,9999.000,9999.000,9999.000,9999.000,9999.000,9999.000,9999.000
202605061618,   4.517,   4.667,9999.000,9999.000,9999.000,9999.000,9999.000,9999.000,9999.000
202605061624,   4.362,   4.519,9999.000,9999.000,9999.000,9999.000,9999.000,9999.000,9999.000
202605061630,   4.203,   4.378,9999.000,9999.000,9999.000,9999.000,9999.000,9999.000,9999.000
202605061636,   4.042,   4.218,9999.000,9999.000,9999.000,9999.000,9999.000,9999.000,9999.000
202605061642,   3.879,   4.047,9999.000,9999.000,9999.000,9999.000,9999.000,9999.000,9999.000
202605061648,   3.714,   3.899,9999.000,9999.000,9999.000,9999.000,9999.000,9999.000,9999.000
202605061654,   3.548,   3.689,9999.000,9999.000,9999.000,9999.000,9999.000,9999.000,9999.000
202605061700,   3.380,   3.539,   0.200,  -0.041,   3.539,   0.200,   3.539,   0.200,   3.539
202605061706,   3.212,   3.378,9999.000,9999.000,9999.000,9999.000,9999.000,9999.000,9999.000
202605061712,   3.042,   3.230,9999.000,9999.000,9999.000,9999.000,9999.000,9999.000,9999.000
202605061718,   2.873,   3.060,9999.000,9999.000,9999.000,9999.000,9999.000,9999.000,9999.000
202605061724,   2.703,   2.919,9999.000,9999.000,9999.000,9999.000,9999.000,9999.000,9999.000
202605061730,   2.534,   2.758,9999.000,9999.000,9999.000,9999.000,9999.000,9999.000,9999.000
202605061736,   2.365,   2.578,9999.000,9999.000,9999.000,9999.000,9999.000,9999.000,9999.000
202605061742,   2.197,   2.387,9999.000,9999.000,9999.000,9999.000,9999.000,9999.000,9999.000
202605061748,   2.030,   2.240,9999.000,9999.000,9999.000,9999.000,9999.000,9999.000,9999.000
202605061754,   1.865,   2.049,9999.000,9999.000,9999.000,9999.000,9999.000,9999.000,9999.000
202605061800,   1.702,   1.869,   0.200,  -0.033,   1.869,   0.200,   1.869,   0.200,   1.869
202605061806,   1.542,   1.718,9999.000,9999.000,9999.000,9999.000,9999.000,9999.000,9999.000
202605061812,   1.384,   1.548,9999.000,9999.000,9999.000,9999.000,9999.000,9999.000,9999.000
202605061818,   1.229,   1.400,9999.000,9999.000,9999.000,9999.000,9999.000,9999.000,9999.000
202605061824,   1.077,   1.249,9999.000,9999.000,9999.000,9999.000,9999.000,9999.000,9999.000
202605061830,   0.930,   1.079,9999.000,9999.000,9999.000,9999.000,9999.000,9999.000,9999.000
202605061836,   0.786,   0.951,9999.000,9999.000,9999.000,9999.000,9999.000,9999.000,9999.000
202605061842,   0.647,   0.810,9999.000,9999.000,9999.000,9999.000,9999.000,9999.000,9999.000
202605061848,   0.513,   0.678,9999.000,9999.000,9999.000,9999.000,9999.000,9999.000,9999.000
202605061854,   0.384,   0.580,9999.000,9999.000,9999.000,9999.000,9999.000,9999.000,9999.000
202605061900,   0.261,   0.439,   0.200,  -0.022,   0.439,   0.200,   0.439,   0.200,   0.439
202605061906,   0.143,   0.298,9999.000,9999.000,9999.000,9999.000,9999.000,9999.000,9999.000
202605061912,   0.032,   0.209,9999.000,9999.000,9999.000,9999.000,9999.000,9999.000,9999.000
202605061918,  -0.072,   0.111,9999.000,9999.000,9999.000,9999.000,9999.000,9999.000,9999.000
202605061924,  -0.170,   0.009,9999.000,9999.000,9999.000,9999.000,9999.000,9999.000,9999.000
202605061930,  -0.262,  -0.078,9999.000,9999.000,9999.000,9999.000,9999.000,9999.000,9999.000
202605061936,  -0.346,  -0.160,9999.000,9999.000,9999.000,9999.000,9999.000,9999.000,9999.000
202605061942,  -0.423,  -0.229,9999.000,9999.000,9999.000,9999.000,9999.000,9999.000,9999.000
202605061948,  -0.493,  -0.268,9999.000,9999.000,9999.000,9999.000,9999.000,9999.000,9999.000
202605061954,  -0.555,  -0.321,9999.000,9999.000,9999.000,9999.000,9999.000,9999.000,9999.000
202605062000,  -0.609,  -0.390,   0.200,   0.019,  -0.390,   0.200,  -0.390,   0.300,  -0.290
202605062006,  -0.655,  -0.419,9999.000,9999.000,9999.000,9999.000,9999.000,9999.000,9999.000
202605062012,  -0.694,  -0.429,9999.000,9999.000,9999.000,9999.000,9999.000,9999.000,9999.000
202605062018,  -0.725,  -0.478,9999.000,9999.000,9999.000,9999.000,9999.000,9999.000,9999.000
202605062024,  -0.748,  -0.518,9999.000,9999.000,9999.000,9999.000,9999.000,9999.000,9999.000
202605062030,  -0.763,  -0.531,9999.000,9999.000,9999.000,9999.000,9999.000,9999.000,9999.000
202605062036,  -0.770,  -0.541,9999.000,9999.000,9999.000,9999.000,9999.000,9999.000,9999.000
202605062042,  -0.769,  -0.508,9999.000,9999.000,9999.000,9999.000,9999.000,9999.000,9999.000
202605062048,  -0.761,  -0.531,9999.000,9999.000,9999.000,9999.000,9999.000,9999.000,9999.000
202605062054,  -0.745,  -0.439,9999.000,9999.000,9999.000,9999.000,9999.000,9999.000,9999.000
202605062100,  -0.721,  -0.409,   0.200,   0.112,  -0.409,   0.200,  -0.409,   0.200,  -0.409
202605062106,  -0.690,  -0.370,9999.000,9999.000,9999.000,9999.000,9999.000,9999.000,9999.000
202605062112,  -0.651,  -0.308,9999.000,9999.000,9999.000,9999.000,9999.000,9999.000,9999.000
202605062118,  -0.606,  -0.268,9999.000,9999.000,9999.000,9999.000,9999.000,9999.000,9999.000
202605062124,  -0.554,  -0.239,9999.000,9999.000,9999.000,9999.000,9999.000,9999.000,9999.000
202605062130,  -0.494,  -0.200,9999.000,9999.000,9999.000,9999.000,9999.000,9999.000,9999.000
202605062136,  -0.429,  -0.121,9999.000,9999.000,9999.000,9999.000,9999.000,9999.000,9999.000
202605062142,  -0.357,  -0.059,9999.000,9999.000,9999.000,9999.000,9999.000,9999.000,9999.000
202605062148,  -0.278,   0.029,9999.000,9999.000,9999.000,9999.000,9999.000,9999.000,9999.000
202605062154,  -0.194,   0.131,9999.000,9999.000,9999.000,9999.000,9999.000,9999.000,9999.000
202605062200,  -0.105,   0.229,   0.200,   0.134,   0.229,   0.200,   0.229,   0.200,   0.229
202605062206,  -0.010,   0.321,9999.000,9999.000,9999.000,9999.000,9999.000,9999.000,9999.000
202605062212,   0.089,   0.419,9999.000,9999.000,9999.000,9999.000,9999.000,9999.000,9999.000
202605062218,   0.193,   0.498,9999.000,9999.000,9999.000,9999.000,9999.000,9999.000,9999.000
202605062224,   0.302,   0.590,9999.000,9999.000,9999.000,9999.000,9999.000,9999.000,9999.000
202605062230,   0.415,   0.688,9999.000,9999.000,9999.000,9999.000,9999.000,9999.000,9999.000
202605062236,   0.532,   0.760,9999.000,9999.000,9999.000,9999.000,9999.000,9999.000,9999.000
202605062242,   0.653,   0.879,9999.000,9999.000,9999.000,9999.000,9999.000,9999.000,9999.000
202605062248,   0.777,   0.990,9999.000,9999.000,9999.000,9999.000,9999.000,9999.000,9999.000
202605062254,   0.903,   1.098,9999.000,9999.000,9999.000,9999.000,9999.000,9999.000,9999.000
202605062300,   1.033,   1.229,   0.200,  -0.004,   1.229,   0.200,   1.229,   0.300,   1.329
202605062306,   1.165,   1.348,9999.000,9999.000,9999.000,9999.000,9999.000,9999.000,9999.000
202605062312,   1.300,   1.459,9999.000,9999.000,9999.000,9999.000,9999.000,9999.000,9999.000
202605062318,   1.436,   1.580,9999.000,9999.000,9999.000,9999.000,9999.000,9999.000,9999.000
202605062324,   1.575,   1.699,9999.000,9999.000,9999.000,9999.000,9999.000,9999.000,9999.000
202605062330,   1.715,   1.810,9999.000,9999.000,9999.000,9999.000,9999.000,9999.000,9999.000
202605062336,   1.858,   1.967,9999.000,9999.000,9999.000,9999.000,9999.000,9999.000,9999.000
202605062342,   2.001,   2.109,9999.000,9999.000,9999.000,9999.000,9999.000,9999.000,9999.000
202605062348,   2.146,   2.259,9999.000,9999.000,9999.000,9999.000,9999.000,9999.000,9999.000
202605062354,   2.293,   2.420,9999.000,9999.000,9999.000,9999.000,9999.000,9999.000,9999.000
202605070000,   2.441,   2.597,   0.200,  -0.044,   2.597,   0.200,   2.597,   0.200,   2.597
202605070006,   2.590,   2.758,9999.000,9999.000,9999.000,9999.000,9999.000,9999.000,9999.000
202605070012,   2.740,   2.919,9999.000,9999.000,9999.000,9999.000,9999.000,9999.000,9999.000
202605070018,   2.891,   3.099,9999.000,9999.000,9999.000,9999.000,9999.000,9999.000,9999.000
202605070024,   3.044,   3.260,9999.000,9999.000,9999.000,9999.000,9999.000,9999.000,9999.000
202605070030,   3.198,   3.440,9999.000,9999.000,9999.000,9999.000,9999.000,9999.000,9999.000
202605070036,   3.352,   3.607,9999.000,9999.000,9999.000,9999.000,9999.000,9999.000,9999.000
202605070042,   3.508,   3.778,9999.000,9999.000,9999.000,9999.000,9999.000,9999.000,9999.000
202605070048,   3.665,   3.919,9999.000,9999.000,9999.000,9999.000,9999.000,9999.000,9999.000
202605070054,   3.822,   4.080,9999.000,9999.000,9999.000,9999.000,9999.000,9999.000,9999.000
202605070100,   3.980,   4.227,   0.200,   0.047,   4.227,   0.200,   4.227,   0.300,   4.327
202605070106,   4.139,   4.368,9999.000,9999.000,9999.000,9999.000,9999.000,9999.000,9999.000
202605070112,   4.298,   4.509,9999.000,9999.000,9999.000,9999.000,9999.000,9999.000,9999.000
202605070118,   4.457,   4.667,9999.000,9999.000,9999.000,9999.000,9999.000,9999.000,9999.000
202605070124,   4.617,   4.798,9999.000,9999.000,9999.000,9999.000,9999.000,9999.000,9999.000
202605070130,   4.776,   4.949,9999.000,9999.000,9999.000,9999.000,9999.000,9999.000,9999.000
202605070136,   4.934,   5.097,9999.000,9999.000,9999.000,9999.000,9999.000,9999.000,9999.000
202605070142,   5.092,   5.238,9999.000,9999.000,9999.000,9999.000,9999.000,9999.000,9999.000
202605070148,   5.248,   5.379,9999.000,9999.000,9999.000,9999.000,9999.000,9999.000,9999.000
202605070154,   5.403,   5.516,9999.000,9999.000,9999.000,9999.000,9999.000,9999.000,9999.000
202605070200,   5.557,   5.667,   0.200,  -0.090,   5.667,   0.200,   5.667,   0.200,   5.667
202605070206,   5.708,   5.818,9999.000,9999.000,9999.000,9999.000,9999.000,9999.000,9999.000
202605070212,   5.856,   5.959,9999.000,9999.000,9999.000,9999.000,9999.000,9999.000,9999.000
202605070218,   6.002,   6.087,9999.000,9999.000,9999.000,9999.000,9999.000,9999.000,9999.000
202605070224,   6.145,   6.238,9999.000,9999.000,9999.000,9999.000,9999.000,9999.000,9999.000
202605070230,   6.284,   6.379,9999.000,9999.000,9999.000,9999.000,9999.000,9999.000,9999.000
202605070236,   6.420,   6.517,9999.000,9999.000,9999.000,9999.000,9999.000,9999.000,9999.000
202605070242,   6.552,   6.648,9999.000,9999.000,9999.000,9999.000,9999.000,9999.000,9999.000
202605070248,   6.679,   6.779,9999.000,9999.000,9999.000,9999.000,9999.000,9999.000,9999.000
202605070254,   6.802,   6.897,9999.000,9999.000,9999.000,9999.000,9999.000,9999.000,9999.000
202605070300,   6.920,   7.009,   0.200,  -0.111,   7.009,   0.200,   7.009,   0.200,   7.009
202605070306,   7.034,   7.117,9999.000,9999.000,9999.000,9999.000,9999.000,9999.000,9999.000
202605070312,   7.142,   7.229,9999.000,9999.000,9999.000,9999.000,9999.000,9999.000,9999.000
202605070318,   7.245,   7.327,9999.000,9999.000,9999.000,9999.000,9999.000,9999.000,9999.000
202605070324,   7.344,   7.419,9999.000,9999.000,9999.000,9999.000,9999.000,9999.000,9999.000
202605070330,   7.437,   7.527,9999.000,9999.000,9999.000,9999.000,9999.000,9999.000,9999.000
202605070336,   7.525,   7.609,9999.000,9999.000,9999.000,9999.000,9999.000,9999.000,9999.000
202605070342,   7.607,   7.688,9999.000,9999.000,9999.000,9999.000,9999.000,9999.000,9999.000
202605070348,   7.685,   7.757,9999.000,9999.000,9999.000,9999.000,9999.000,9999.000,9999.000
202605070354,   7.758,   7.829,9999.000,9999.000,9999.000,9999.000,9999.000,9999.000,9999.000
202605070400,   7.825,   7.888,   0.200,  -0.137,   7.888,   0.200,   7.888,   0.300,   7.988
202605070406,   7.888,   7.957,9999.000,9999.000,9999.000,9999.000,9999.000,9999.000,9999.000
202605070412,   7.946,   8.006,9999.000,9999.000,9999.000,9999.000,9999.000,9999.000,9999.000
202605070418,   7.999,   8.078,9999.000,9999.000,9999.000,9999.000,9999.000,9999.000,9999.000
202605070424,   8.048,   8.127,9999.000,9999.000,9999.000,9999.000,9999.000,9999.000,9999.000
202605070430,   8.092,   8.196,9999.000,9999.000,9999.000,9999.000,9999.000,9999.000,9999.000
202605070436,   8.132,   8.239,9999.000,9999.000,9999.000,9999.000,9999.000,9999.000,9999.000
202605070442,   8.167,   8.268,9999.000,9999.000,9999.000,9999.000,9999.000,9999.000,9999.000
202605070448,   8.199,   8.288,9999.000,9999.000,9999.000,9999.000,9999.000,9999.000,9999.000
202605070454,   8.226,   8.318,9999.000,9999.000,9999.000,9999.000,9999.000,9999.000,9999.000
202605070500,   8.249,   8.357,   0.200,  -0.092,   8.357,   0.200,   8.357,   0.300,   8.457
202605070506,   8.268,   8.367,9999.000,9999.000,9999.000,9999.000,9999.000,9999.000,9999.000
202605070512,   8.283,   8.386,9999.000,9999.000,9999.000,9999.000,9999.000,9999.000,9999.000
202605070518,   8.294,   8.406,9999.000,9999.000,9999.000,9999.000,9999.000,9999.000,9999.000
202605070524,   8.302,   8.426,9999.000,9999.000,9999.000,9999.000,9999.000,9999.000,9999.000
202605070530,   8.305,   8.426,9999.000,9999.000,9999.000,9999.000,9999.000,9999.000,9999.000
202605070536,   8.305,   8.416,9999.000,9999.000,9999.000,9999.000,9999.000,9999.000,9999.000
202605070542,   8.302,   8.416,9999.000,9999.000,9999.000,9999.000,9999.000,9999.000,9999.000
202605070548,   8.295,   8.386,9999.000,9999.000,9999.000,9999.000,9999.000,9999.000,9999.000
202605070554,   8.284,   8.367,9999.000,9999.000,9999.000,9999.000,9999.000,9999.000,9999.000
202605070600,   8.270,   8.357,   0.200,  -0.113,   8.357,   0.100,   8.257,   0.200,   8.357
202605070606,   8.253,   8.337,9999.000,9999.000,9999.000,9999.000,9999.000,9999.000,9999.000
202605070612,   8.233,   8.298,9999.000,9999.000,9999.000,9999.000,9999.000,9999.000,9999.000
202605070618,   8.209,   8.268,9999.000,9999.000,9999.000,9999.000,9999.000,9999.000,9999.000
202605070624,   8.183,   8.239,9999.000,9999.000,9999.000,9999.000,9999.000,9999.000,9999.000
202605070630,   8.154,   8.229,9999.000,9999.000,9999.000,9999.000,9999.000,9999.000,9999.000
202605070636,   8.122,   8.196,9999.000,9999.000,9999.000,9999.000,9999.000,9999.000,9999.000
202605070642,   8.088,   8.186,9999.000,9999.000,9999.000,9999.000,9999.000,9999.000,9999.000
202605070648,   8.051,   8.177,9999.000,9999.000,9999.000,9999.000,9999.000,9999.000,9999.000
202605070654,   8.013,   8.147,9999.000,9999.000,9999.000,9999.000,9999.000,9999.000,9999.000
202605070700,   7.973,   8.108,   0.100,   0.035,   8.108,   0.100,   8.108,   0.200,   8.208
202605070706,   7.931,   8.078,9999.000,9999.000,9999.000,9999.000,9999.000,9999.000,9999.000
202605070712,   7.887,   8.016,9999.000,9999.000,9999.000,9999.000,9999.000,9999.000,9999.000
202605070718,   7.843,   7.937,9999.000,9999.000,9999.000,9999.000,9999.000,9999.000,9999.000
202605070724,   7.797,   7.878,9999.000,9999.000,9999.000,9999.000,9999.000,9999.000,9999.000
202605070730,   7.751,   7.806,9999.000,9999.000,9999.000,9999.000,9999.000,9999.000,9999.000
202605070736,   7.704,   7.727,9999.000,9999.000,9999.000,9999.000,9999.000,9999.000,9999.000
202605070742,   7.656,   7.648,9999.000,9999.000,9999.000,9999.000,9999.000,9999.000,9999.000
202605070748,   7.609,   7.586,9999.000,9999.000,9999.000,9999.000,9999.000,9999.000,9999.000
202605070754,   7.561,   7.527,9999.000,9999.000,9999.000,9999.000,9999.000,9999.000,9999.000
202605070800,   7.514,   7.468,   0.200,  -0.246,   7.468,   0.100,   7.368,   0.200,   7.468
202605070806,   7.467,   7.419,9999.000,9999.000,9999.000,9999.000,9999.000,9999.000,9999.000
202605070812,   7.421,   7.357,9999.000,9999.000,9999.000,9999.000,9999.000,9999.000,9999.000
202605070818,   7.375,   7.297,9999.000,9999.000,9999.000,9999.000,9999.000,9999.000,9999.000
202605070824,   7.330,   7.258,9999.000,9999.000,9999.000,9999.000,9999.000,9999.000,9999.000
202605070830,   7.286,   7.199,9999.000,9999.000,9999.000,9999.000,9999.000,9999.000,9999.000
202605070836,   7.244,   7.147,9999.000,9999.000,9999.000,9999.000,9999.000,9999.000,9999.000
202605070842,   7.202,   7.107,9999.000,9999.000,9999.000,9999.000,9999.000,9999.000,9999.000
202605070848,   7.162,   7.078,9999.000,9999.000,9999.000,9999.000,9999.000,9999.000,9999.000
202605070854,   7.123,   7.048,9999.000,9999.000,9999.000,9999.000,9999.000,9999.000,9999.000
202605070900,   7.086,   7.029,   0.200,  -0.257,   7.029,   0.100,   6.929,   0.200,   7.029
202605070906,   7.050,   7.019,9999.000,9999.000,9999.000,9999.000,9999.000,9999.000,9999.000
202605070912,   7.016,   6.989,9999.000,9999.000,9999.000,9999.000,9999.000,9999.000,9999.000
202605070918,   6.984,   6.966,9999.000,9999.000,9999.000,9999.000,9999.000,9999.000,9999.000
202605070924,   6.953,   6.956,9999.000,9999.000,9999.000,9999.000,9999.000,9999.000,9999.000
202605070930,   6.924,   6.937,9999.000,9999.000,9999.000,9999.000,9999.000,9999.000,9999.000
202605070936,   6.897,   6.917,9999.000,9999.000,9999.000,9999.000,9999.000,9999.000,9999.000
202605070942,   6.872,   6.907,9999.000,9999.000,9999.000,9999.000,9999.000,9999.000,9999.000
202605070948,   6.849,   6.897,9999.000,9999.000,9999.000,9999.000,9999.000,9999.000,9999.000
202605070954,   6.827,   6.897,9999.000,9999.000,9999.000,9999.000,9999.000,9999.000,9999.000
202605071000,   6.808,   6.878,   0.100,  -0.030,   6.878,   0.100,   6.878,   0.200,   6.978
202605071006,   6.790,   6.887,9999.000,9999.000,9999.000,9999.000,9999.000,9999.000,9999.000
202605071012,   6.774,   6.878,9999.000,9999.000,9999.000,9999.000,9999.000,9999.000,9999.000
202605071018,   6.759,   6.878,9999.000,9999.000,9999.000,9999.000,9999.000,9999.000,9999.000
202605071024,   6.746,   6.858,9999.000,9999.000,9999.000,9999.000,9999.000,9999.000,9999.000
202605071030,   6.735,   6.858,9999.000,9999.000,9999.000,9999.000,9999.000,9999.000,9999.000
202605071036,   6.724,   6.868,9999.000,9999.000,9999.000,9999.000,9999.000,9999.000,9999.000
202605071042,   6.716,   6.868,9999.000,9999.000,9999.000,9999.000,9999.000,9999.000,9999.000
202605071048,   6.708,   6.868,9999.000,9999.000,9999.000,9999.000,9999.000,9999.000,9999.000
202605071054,   6.701,   6.878,9999.000,9999.000,9999.000,9999.000,9999.000,9999.000,9999.000
202605071100,   6.696,   6.858,   0.200,  -0.038,   6.858,   0.100,   6.758,   0.200,   6.858
202605071106,   6.691,   6.868,9999.000,9999.000,9999.000,9999.000,9999.000,9999.000,9999.000
202605071112,   6.687,   6.858,9999.000,9999.000,9999.000,9999.000,9999.000,9999.000,9999.000
202605071118,   6.683,   6.858,9999.000,9999.000,9999.000,9999.000,9999.000,9999.000,9999.000
202605071124,   6.680,   6.858,9999.000,9999.000,9999.000,9999.000,9999.000,9999.000,9999.000
202605071130,   6.677,   6.868,9999.000,9999.000,9999.000,9999.000,9999.000,9999.000,9999.000
202605071136,   6.675,   6.878,9999.000,9999.000,9999.000,9999.000,9999.000,9999.000,9999.000
202605071142,   6.673,   6.907,9999.000,9999.000,9999.000,9999.000,9999.000,9999.000,9999.000
202605071148,   6.671,   6.907,9999.000,9999.000,9999.000,9999.000,9999.000,9999.000,9999.000
202605071154,   6.669,   6.907,9999.000,9999.000,9999.000,9999.000,9999.000,9999.000,9999.000
202605071200,   6.667,   6.907,   0.100,   0.140,   6.907,   0.100,   6.907,   0.200,   7.007
202605071206,   6.665,   6.917,9999.000,9999.000,9999.000,9999.000,9999.000,9999.000,9999.000
202605071212,   6.663,   6.927,9999.000,9999.000,9999.000,9999.000,9999.000,9999.000,9999.000
202605071218,   6.662,   6.927,9999.000,9999.000,9999.000,9999.000,9999.000,9999.000,9999.000
202605071224,   6.660,   6.937,9999.000,9999.000,9999.000,9999.000,9999.000,9999.000,9999.000
202605071230,   6.658,   6.937,9999.000,9999.000,9999.000,9999.000,9999.000,9999.000,9999.000
202605071236,   6.656,   6.927,9999.000,9999.000,9999.000,9999.000,9999.000,9999.000,9999.000
202605071242,   6.654,   6.917,9999.000,9999.000,9999.000,9999.000,9999.000,9999.000,9999.000
202605071248,   6.652,   6.897,9999.000,9999.000,9999.000,9999.000,9999.000,9999.000,9999.000
202605071254,   6.651,   6.897,9999.000,9999.000,9999.000,9999.000,9999.000,9999.000,9999.000
202605071300,   6.649,   6.887,   0.100,   0.138,   6.887,   0.100,   6.887,   0.100,   6.887
202605071306,   6.647,   6.868,9999.000,9999.000,9999.000,9999.000,9999.000,9999.000,9999.000
202605071312,   6.644,   6.858,9999.000,9999.000,9999.000,9999.000,9999.000,9999.000,9999.000
202605071318,   6.642,   6.838,9999.000,9999.000,9999.000,9999.000,9999.000,9999.000,9999.000
202605071324,   6.639,   6.819,9999.000,9999.000,9999.000,9999.000,9999.000,9999.000,9999.000
202605071330,   6.636,   6.809,9999.000,9999.000,9999.000,9999.000,9999.000,9999.000,9999.000
202605071336,   6.632,   6.809,9999.000,9999.000,9999.000,9999.000,9999.000,9999.000,9999.000
202605071342,   6.627,   6.789,9999.000,9999.000,9999.000,9999.000,9999.000,9999.000,9999.000
202605071348,   6.621,   6.756,9999.000,9999.000,9999.000,9999.000,9999.000,9999.000,9999.000
202605071354,   6.614,   6.746,9999.000,9999.000,9999.000,9999.000,9999.000,9999.000,9999.000
202605071400,   6.605,   6.727,   0.100,   0.022,   6.727,   0.100,   6.727,   0.200,   6.827
202605071406,   6.595,   6.707,9999.000,9999.000,9999.000,9999.000,9999.000,9999.000,9999.000
202605071412,   6.582,   6.687,9999.000,9999.000,9999.000,9999.000,9999.000,9999.000,9999.000
202605071418,   6.567,   6.658,9999.000,9999.000,9999.000,9999.000,9999.000,9999.000,9999.000
202605071424,   6.548,   6.619,9999.000,9999.000,9999.000,9999.000,9999.000,9999.000,9999.000
202605071430,   6.527,   6.599,9999.000,9999.000,9999.000,9999.000,9999.000,9999.000,9999.000
202605071436,   6.503,   6.556,9999.000,9999.000,9999.000,9999.000,9999.000,9999.000,9999.000
202605071442,   6.474,   6.527,9999.000,9999.000,9999.000,9999.000,9999.000,9999.000,9999.000
202605071448,   6.442,   6.468,9999.000,9999.000,9999.000,9999.000,9999.000,9999.000,9999.000
202605071454,   6.405,   6.418,9999.000,9999.000,9999.000,9999.000,9999.000,9999.000,9999.000
202605071500,   6.364,   6.369,   0.200,  -0.195,   6.369,   0.100,   6.269,   0.200,   6.369
202605071506,   6.317,   6.307,9999.000,9999.000,9999.000,9999.000,9999.000,9999.000,9999.000
202605071512,   6.266,   6.238,9999.000,9999.000,9999.000,9999.000,9999.000,9999.000,9999.000
202605071518,   6.209,   6.169,9999.000,9999.000,9999.000,9999.000,9999.000,9999.000,9999.000
202605071524,   6.147,   6.097,9999.000,9999.000,9999.000,9999.000,9999.000,9999.000,9999.000
202605071530,   6.080,   6.038,9999.000,9999.000,9999.000,9999.000,9999.000,9999.000,9999.000
202605071536,   6.007,   5.959,9999.000,9999.000,9999.000,9999.000,9999.000,9999.000,9999.000
202605071542,   5.929,   5.877,9999.000,9999.000,9999.000,9999.000,9999.000,9999.000,9999.000
202605071548,   5.845,   5.789,9999.000,9999.000,9999.000,9999.000,9999.000,9999.000,9999.000
202605071554,   5.756,   5.687,9999.000,9999.000,9999.000,9999.000,9999.000,9999.000,9999.000
202605071600,   5.661,   5.579,   0.200,  -0.282,   5.579,   0.200,   5.579,   0.200,   5.579
202605071606,   5.561,   5.467,9999.000,9999.000,9999.000,9999.000,9999.000,9999.000,9999.000
202605071612,   5.456,   5.349,9999.000,9999.000,9999.000,9999.000,9999.000,9999.000,9999.000
202605071618,   5.347,   5.228,9999.000,9999.000,9999.000,9999.000,9999.000,9999.000,9999.000
202605071624,   5.233,   5.139,9999.000,9999.000,9999.000,9999.000,9999.000,9999.000,9999.000
202605071630,   5.114,   5.038,9999.000,9999.000,9999.000,9999.000,9999.000,9999.000,9999.000
202605071636,   4.992,   4.939,9999.000,9999.000,9999.000,9999.000,9999.000,9999.000,9999.000
202605071642,   4.865,   4.818,9999.000,9999.000,9999.000,9999.000,9999.000,9999.000,9999.000
202605071648,   4.735,   4.700,9999.000,9999.000,9999.000,9999.000,9999.000,9999.000,9999.000
202605071654,   4.602,   4.569,9999.000,9999.000,9999.000,9999.000,9999.000,9999.000,9999.000
202605071700,   4.465,   4.437,   0.200,  -0.228,   4.437,   0.200,   4.437,   0.200,   4.437
202605071706,   4.326,   4.290,9999.000,9999.000,9999.000,9999.000,9999.000,9999.000,9999.000
202605071712,   4.185,   4.159,9999.000,9999.000,9999.000,9999.000,9999.000,9999.000,9999.000
202605071718,   4.042,   4.027,9999.000,9999.000,9999.000,9999.000,9999.000,9999.000,9999.000
202605071724,   3.896,   3.890,9999.000,9999.000,9999.000,9999.000,9999.000,9999.000,9999.000
202605071730,   3.749,   3.758,9999.000,9999.000,9999.000,9999.000,9999.000,9999.000,9999.000
202605071736,   3.601,   3.607,9999.000,9999.000,9999.000,9999.000,9999.000,9999.000,9999.000
202605071742,   3.452,   3.470,9999.000,9999.000,9999.000,9999.000,9999.000,9999.000,9999.000
202605071748,   3.301,   3.348,9999.000,9999.000,9999.000,9999.000,9999.000,9999.000,9999.000
202605071754,   3.151,   3.188,9999.000,9999.000,9999.000,9999.000,9999.000,9999.000,9999.000
202605071800,   3.000,   3.030,   0.100,  -0.070,   3.030,   0.100,   3.030,   0.200,   3.130
202605071806,   2.849,   2.869,9999.000,9999.000,9999.000,9999.000,9999.000,9999.000,9999.000
202605071812,   2.698,   2.709,9999.000,9999.000,9999.000,9999.000,9999.000,9999.000,9999.000
202605071818,   2.548,   2.548,9999.000,9999.000,9999.000,9999.000,9999.000,9999.000,9999.000
202605071824,   2.399,   2.377,9999.000,9999.000,9999.000,9999.000,9999.000,9999.000,9999.000
202605071830,   2.250,   2.240,9999.000,9999.000,9999.000,9999.000,9999.000,9999.000,9999.000
202605071836,   2.103,   2.089,9999.000,9999.000,9999.000,9999.000,9999.000,9999.000,9999.000
202605071842,   1.958,   1.938,9999.000,9999.000,9999.000,9999.000,9999.000,9999.000,9999.000
202605071848,   1.814,   1.790,9999.000,9999.000,9999.000,9999.000,9999.000,9999.000,9999.000
202605071854,   1.673,   1.659,9999.000,9999.000,9999.000,9999.000,9999.000,9999.000,9999.000
202605071900,   1.534,   1.498,   0.100,  -0.136,   1.498,   0.100,   1.498,   0.200,   1.598
202605071906,   1.398,   1.371,9999.000,9999.000,9999.000,9999.000,9999.000,9999.000,9999.000
202605071912,   1.266,   1.229,9999.000,9999.000,9999.000,9999.000,9999.000,9999.000,9999.000
202605071918,   1.136,   1.098,9999.000,9999.000,9999.000,9999.000,9999.000,9999.000,9999.000
202605071924,   1.011,   0.980,9999.000,9999.000,9999.000,9999.000,9999.000,9999.000,9999.000
202605071930,   0.889,   0.869,9999.000,9999.000,9999.000,9999.000,9999.000,9999.000,9999.000
202605071936,   0.772,   0.770,9999.000,9999.000,9999.000,9999.000,9999.000,9999.000,9999.000
202605071942,   0.659,   0.649,9999.000,9999.000,9999.000,9999.000,9999.000,9999.000,9999.000
202605071948,   0.551,   0.541,9999.000,9999.000,9999.000,9999.000,9999.000,9999.000,9999.000
202605071954,   0.449,   0.429,9999.000,9999.000,9999.000,9999.000,9999.000,9999.000,9999.000
202605072000,   0.351,   0.341,   0.200,  -0.210,   0.341,   0.200,   0.341,   0.200,   0.341
202605072006,   0.260,   0.268,9999.000,9999.000,9999.000,9999.000,9999.000,9999.000,9999.000
202605072012,   0.174,   0.200,9999.000,9999.000,9999.000,9999.000,9999.000,9999.000,9999.000
202605072018,   0.095,   0.141,9999.000,9999.000,9999.000,9999.000,9999.000,9999.000,9999.000
202605072024,   0.021,   0.078,9999.000,9999.000,9999.000,9999.000,9999.000,9999.000,9999.000
202605072030,  -0.044,   0.039,9999.000,9999.000,9999.000,9999.000,9999.000,9999.000,9999.000
202605072036,  -0.105,  -0.009,9999.000,9999.000,9999.000,9999.000,9999.000,9999.000,9999.000
202605072042,  -0.158,  -0.039,9999.000,9999.000,9999.000,9999.000,9999.000,9999.000,9999.000
202605072048,  -0.205,  -0.059,9999.000,9999.000,9999.000,9999.000,9999.000,9999.000,9999.000
202605072054,  -0.245,  -0.098,9999.000,9999.000,9999.000,9999.000,9999.000,9999.000,9999.000
202605072100,  -0.278,  -0.131,   0.200,  -0.053,  -0.131,   0.200,  -0.131,   0.200,  -0.131
202605072106,  -0.304,  -0.131,9999.000,9999.000,9999.000,9999.000,9999.000,9999.000,9999.000
202605072112,  -0.323,  -0.160,9999.000,9999.000,9999.000,9999.000,9999.000,9999.000,9999.000
202605072118,  -0.335,  -0.180,9999.000,9999.000,9999.000,9999.000,9999.000,9999.000,9999.000
202605072124,  -0.340,  -0.170,9999.000,9999.000,9999.000,9999.000,9999.000,9999.000,9999.000
202605072130,  -0.338,  -0.170,9999.000,9999.000,9999.000,9999.000,9999.000,9999.000,9999.000
202605072136,  -0.330,  -0.160,9999.000,9999.000,9999.000,9999.000,9999.000,9999.000,9999.000
202605072142,  -0.314,  -0.131,9999.000,9999.000,9999.000,9999.000,9999.000,9999.000,9999.000
202605072148,  -0.292,  -0.088,9999.000,9999.000,9999.000,9999.000,9999.000,9999.000,9999.000
202605072154,  -0.262,  -0.049,9999.000,9999.000,9999.000,9999.000,9999.000,9999.000,9999.000
202605072200,  -0.227,  -0.009,   0.200,   0.018,  -0.009,   0.100,  -0.109,   0.200,  -0.009
202605072206,  -0.185,   0.068,9999.000,9999.000,9999.000,9999.000,9999.000,9999.000,9999.000
202605072212,  -0.136,   0.150,9999.000,9999.000,9999.000,9999.000,9999.000,9999.000,9999.000
202605072218,  -0.082,   0.219,9999.000,9999.000,9999.000,9999.000,9999.000,9999.000,9999.000
202605072224,  -0.021,   0.298,9999.000,9999.000,9999.000,9999.000,9999.000,9999.000,9999.000
202605072230,   0.044,   0.360,9999.000,9999.000,9999.000,9999.000,9999.000,9999.000,9999.000
202605072236,   0.116,   0.439,9999.000,9999.000,9999.000,9999.000,9999.000,9999.000,9999.000
202605072242,   0.193,   0.518,9999.000,9999.000,9999.000,9999.000,9999.000,9999.000,9999.000
202605072248,   0.276,   0.580,9999.000,9999.000,9999.000,9999.000,9999.000,9999.000,9999.000
202605072254,   0.363,   0.649,9999.000,9999.000,9999.000,9999.000,9999.000,9999.000,9999.000
202605072300,   0.455,   0.741,   0.200,   0.086,   0.741,   0.200,   0.741,   0.300,   0.841
202605072306,   0.551,   0.829,9999.000,9999.000,9999.000,9999.000,9999.000,9999.000,9999.000
202605072312,   0.652,   0.928,9999.000,9999.000,9999.000,9999.000,9999.000,9999.000,9999.000
202605072318,   0.757,   1.029,9999.000,9999.000,9999.000,9999.000,9999.000,9999.000,9999.000
202605072324,   0.865,   1.128,9999.000,9999.000,9999.000,9999.000,9999.000,9999.000,9999.000
202605072330,   0.976,   1.220,9999.000,9999.000,9999.000,9999.000,9999.000,9999.000,9999.000
202605072336,   1.091,   1.308,9999.000,9999.000,9999.000,9999.000,9999.000,9999.000,9999.000
202605072342,   1.209,   1.420,9999.000,9999.000,9999.000,9999.000,9999.000,9999.000,9999.000
202605072348,   1.329,   1.538,9999.000,9999.000,9999.000,9999.000,9999.000,9999.000,9999.000
202605072354,   1.452,   1.659,9999.000,9999.000,9999.000,9999.000,9999.000,9999.000,9999.000
202605080000,   1.577,   1.800,   0.200,   0.023,   1.800,   0.100,   1.700,   0.200,   1.800
202605080006,   1.704,   1.928,9999.000,9999.000,9999.000,9999.000,9999.000,9999.000,9999.000
202605080012,   1.833,   2.049,9999.000,9999.000,9999.000,9999.000,9999.000,9999.000,9999.000
202605080018,   1.964,   2.177,9999.000,9999.000,9999.000,9999.000,9999.000,9999.000,9999.000
202605080024,   2.097,   2.309,9999.000,9999.000,9999.000,9999.000,9999.000,9999.000,9999.000
202605080030,   2.231,   2.430,9999.000,9999.000,9999.000,9999.000,9999.000,9999.000,9999.000
202605080036,   2.367,   2.558,9999.000,9999.000,9999.000,9999.000,9999.000,9999.000,9999.000
202605080042,   2.504,   2.709,9999.000,9999.000,9999.000,9999.000,9999.000,9999.000,9999.000
202605080048,   2.642,   2.860,9999.000,9999.000,9999.000,9999.000,9999.000,9999.000,9999.000
202605080054,   2.782,   3.017,9999.000,9999.000,9999.000,9999.000,9999.000,9999.000,9999.000
202605080100,   2.923,   3.188,   0.200,   0.065,   3.188,   0.200,   3.188,   0.200,   3.188
202605080106,   3.065,   3.348,9999.000,9999.000,9999.000,9999.000,9999.000,9999.000,9999.000
202605080112,   3.208,   3.519,9999.000,9999.000,9999.000,9999.000,9999.000,9999.000,9999.000
202605080118,   3.353,   3.689,9999.000,9999.000,9999.000,9999.000,9999.000,9999.000,9999.000
202605080124,   3.499,   3.847,9999.000,9999.000,9999.000,9999.000,9999.000,9999.000,9999.000
202605080130,   3.645,   3.998,9999.000,9999.000,9999.000,9999.000,9999.000,9999.000,9999.000
202605080136,   3.793,   4.159,9999.000,9999.000,9999.000,9999.000,9999.000,9999.000,9999.000
202605080142,   3.941,   4.300,9999.000,9999.000,9999.000,9999.000,9999.000,9999.000,9999.000
202605080148,   4.091,   4.437,9999.000,9999.000,9999.000,9999.000,9999.000,9999.000,9999.000
202605080154,   4.241,   4.588,9999.000,9999.000,9999.000,9999.000,9999.000,9999.000,9999.000
202605080200,   4.391,   4.739,   0.200,   0.148,   4.739,   0.200,   4.739,   0.200,   4.739
202605080206,   4.542,   4.887,9999.000,9999.000,9999.000,9999.000,9999.000,9999.000,9999.000
202605080212,   4.693,   5.028,9999.000,9999.000,9999.000,9999.000,9999.000,9999.000,9999.000
202605080218,   4.844,   5.188,9999.000,9999.000,9999.000,9999.000,9999.000,9999.000,9999.000
202605080224,   4.994,   5.339,9999.000,9999.000,9999.000,9999.000,9999.000,9999.000,9999.000
202605080230,   5.144,   5.487,9999.000,9999.000,9999.000,9999.000,9999.000,9999.000,9999.000
202605080236,   5.293,   5.628,9999.000,9999.000,9999.000,9999.000,9999.000,9999.000,9999.000
202605080242,   5.441,   5.779,9999.000,9999.000,9999.000,9999.000,9999.000,9999.000,9999.000
202605080248,   5.587,   5.917,9999.000,9999.000,9999.000,9999.000,9999.000,9999.000,9999.000
202605080254,   5.731,   6.048,9999.000,9999.000,9999.000,9999.000,9999.000,9999.000,9999.000
202605080300,   5.873,   6.199,   0.200,   0.126,   6.199,   0.200,   6.199,   0.200,   6.199
202605080306,   6.012,   6.346,9999.000,9999.000,9999.000,9999.000,9999.000,9999.000,9999.000
202605080312,   6.149,   6.477,9999.000,9999.000,9999.000,9999.000,9999.000,9999.000,9999.000
202605080318,   6.282,   6.609,9999.000,9999.000,9999.000,9999.000,9999.000,9999.000,9999.000
202605080324,   6.412,   6.727,9999.000,9999.000,9999.000,9999.000,9999.000,9999.000,9999.000
202605080330,   6.538,   6.838,9999.000,9999.000,9999.000,9999.000,9999.000,9999.000,9999.000
202605080336,   6.660,   6.937,9999.000,9999.000,9999.000,9999.000,9999.000,9999.000,9999.000
202605080342,   6.778,   7.048,9999.000,9999.000,9999.000,9999.000,9999.000,9999.000,9999.000
202605080348,   6.891,   7.156,9999.000,9999.000,9999.000,9999.000,9999.000,9999.000,9999.000
202605080354,   7.000,   7.288,9999.000,9999.000,9999.000,9999.000,9999.000,9999.000,9999.000
202605080400,   7.104,   7.399,   0.200,   0.095,   7.399,   0.200,   7.399,   0.200,   7.399
202605080406,   7.204,   7.498,9999.000,9999.000,9999.000,9999.000,9999.000,9999.000,9999.000
202605080412,   7.298,   7.596,9999.000,9999.000,9999.000,9999.000,9999.000,9999.000,9999.000
202605080418,   7.387,   7.698,9999.000,9999.000,9999.000,9999.000,9999.000,9999.000,9999.000
202605080424,   7.472,   7.786,9999.000,9999.000,9999.000,9999.000,9999.000,9999.000,9999.000
202605080430,   7.552,   7.888,9999.000,9999.000,9999.000,9999.000,9999.000,9999.000,9999.000
202605080436,   7.626,   7.976,9999.000,9999.000,9999.000,9999.000,9999.000,9999.000,9999.000
202605080442,   7.696,   8.058,9999.000,9999.000,9999.000,9999.000,9999.000,9999.000,9999.000
202605080448,   7.762,   8.137,9999.000,9999.000,9999.000,9999.000,9999.000,9999.000,9999.000
202605080454,   7.822,   8.186,9999.000,9999.000,9999.000,9999.000,9999.000,9999.000,9999.000
202605080500,   7.878,   8.249,   0.200,   0.171,   8.249,   0.200,   8.249,   0.200,   8.249
202605080506,   7.930,   8.298,9999.000,9999.000,9999.000,9999.000,9999.000,9999.000,9999.000
202605080512,   7.977,   8.347,9999.000,9999.000,9999.000,9999.000,9999.000,9999.000,9999.000
202605080518,   8.020,   8.386,9999.000,9999.000,9999.000,9999.000,9999.000,9999.000,9999.000
202605080524,   8.059,   8.416,9999.000,9999.000,9999.000,9999.000,9999.000,9999.000,9999.000
202605080530,   8.093,   8.449,9999.000,9999.000,9999.000,9999.000,9999.000,9999.000,9999.000
202605080536,   8.124,   8.478,9999.000,9999.000,9999.000,9999.000,9999.000,9999.000,9999.000
202605080542,   8.151,   8.508,9999.000,9999.000,9999.000,9999.000,9999.000,9999.000,9999.000
202605080548,   8.174,   8.508,9999.000,9999.000,9999.000,9999.000,9999.000,9999.000,9999.000
202605080554,   8.193,   8.518,9999.000,9999.000,9999.000,9999.000,9999.000,9999.000,9999.000
202605080600,   8.208,   8.547,   0.200,   0.139,   8.547,   0.200,   8.547,   0.300,   8.647
202605080606,   8.220,   8.577,9999.000,9999.000,9999.000,9999.000,9999.000,9999.000,9999.000
202605080612,   8.228,   8.596,9999.000,9999.000,9999.000,9999.000,9999.000,9999.000,9999.000
202605080618,   8.233,   8.626,9999.000,9999.000,9999.000,9999.000,9999.000,9999.000,9999.000
202605080624,   8.234,   8.636,9999.000,9999.000,9999.000,9999.000,9999.000,9999.000,9999.000
202605080630,   8.232,   8.649,9999.000,9999.000,9999.000,9999.000,9999.000,9999.000,9999.000
202605080636,   8.226,   8.636,9999.000,9999.000,9999.000,9999.000,9999.000,9999.000,9999.000
202605080642,   8.216,   8.606,9999.000,9999.000,9999.000,9999.000,9999.000,9999.000,9999.000
202605080648,   8.204,   8.577,9999.000,9999.000,9999.000,9999.000,9999.000,9999.000,9999.000
202605080654,   8.188,   8.547,9999.000,9999.000,9999.000,9999.000,9999.000,9999.000,9999.000
202605080700,   8.169,   8.537,   0.200,   0.168,   8.537,   0.200,   8.537,   0.300,   8.637
202605080706,   8.147,   8.518,9999.000,9999.000,9999.000,9999.000,9999.000,9999.000,9999.000
202605080712,   8.122,   8.508,9999.000,9999.000,9999.000,9999.000,9999.000,9999.000,9999.000
202605080718,   8.094,   8.498,9999.000,9999.000,9999.000,9999.000,9999.000,9999.000,9999.000
202605080724,   8.063,   8.468,9999.000,9999.000,9999.000,9999.000,9999.000,9999.000,9999.000
202605080730,   8.029,   8.459,9999.000,9999.000,9999.000,9999.000,9999.000,9999.000,9999.000
202605080736,   7.994,   8.426,9999.000,9999.000,9999.000,9999.000,9999.000,9999.000,9999.000
202605080742,   7.955,   8.396,9999.000,9999.000,9999.000,9999.000,9999.000,9999.000,9999.000
202605080748,   7.915,   8.357,9999.000,9999.000,9999.000,9999.000,9999.000,9999.000,9999.000
202605080754,   7.873,   8.318,9999.000,9999.000,9999.000,9999.000,9999.000,9999.000,9999.000
202605080800,   7.829,   8.268,   0.300,   0.139,   8.268,   0.200,   8.168,   0.300,   8.268
202605080806,   7.784,   8.196,9999.000,9999.000,9999.000,9999.000,9999.000,9999.000,9999.000
202605080812,   7.737,   8.137,9999.000,9999.000,9999.000,9999.000,9999.000,9999.000,9999.000
202605080818,   7.689,   8.049,9999.000,9999.000,9999.000,9999.000,9999.000,9999.000,9999.000
202605080824,   7.641,   7.976,9999.000,9999.000,9999.000,9999.000,9999.000,9999.000,9999.000
202605080830,   7.591,   7.888,9999.000,9999.000,9999.000,9999.000,9999.000,9999.000,9999.000
202605080836,   7.541,   7.819,9999.000,9999.000,9999.000,9999.000,9999.000,9999.000,9999.000
202605080842,   7.491,   7.747,9999.000,9999.000,9999.000,9999.000,9999.000,9999.000,9999.000
202605080848,   7.440,   7.668,9999.000,9999.000,9999.000,9999.000,9999.000,9999.000,9999.000
202605080854,   7.390,   7.609,9999.000,9999.000,9999.000,9999.000,9999.000,9999.000,9999.000
202605080900,   7.339,   7.547,   0.300,  -0.092,   7.547,   0.300,   7.547,   0.300,   7.547
202605080906,   7.289,   7.498,9999.000,9999.000,9999.000,9999.000,9999.000,9999.000,9999.000
202605080912,   7.240,   7.448,9999.000,9999.000,9999.000,9999.000,9999.000,9999.000,9999.000
202605080918,   7.191,   7.399,9999.000,9999.000,9999.000,9999.000,9999.000,9999.000,9999.000
202605080924,   7.143,   7.337,9999.000,9999.000,9999.000,9999.000,9999.000,9999.000,9999.000
202605080930,   7.095,   7.288,9999.000,9999.000,9999.000,9999.000,9999.000,9999.000,9999.000
202605080936,   7.049,   7.238,9999.000,9999.000,9999.000,9999.000,9999.000,9999.000,9999.000
202605080942,   7.004,   7.199,9999.000,9999.000,9999.000,9999.000,9999.000,9999.000,9999.000
202605080948,   6.960,   7.156,9999.000,9999.000,9999.000,9999.000,9999.000,9999.000,9999.000
202605080954,   6.918,   7.137,9999.000,9999.000,9999.000,9999.000,9999.000,9999.000,9999.000
202605081000,   6.877,   7.107,   0.300,  -0.070,   7.107,   0.200,   7.007,   0.300,   7.107
202605081006,   6.837,   7.097,9999.000,9999.000,9999.000,9999.000,9999.000,9999.000,9999.000
202605081012,   6.799,   7.068,9999.000,9999.000,9999.000,9999.000,9999.000,9999.000,9999.000
202605081018,   6.762,   7.038,9999.000,9999.000,9999.000,9999.000,9999.000,9999.000,9999.000
202605081024,   6.728,   6.999,9999.000,9999.000,9999.000,9999.000,9999.000,9999.000,9999.000
202605081030,   6.694,   6.956,9999.000,9999.000,9999.000,9999.000,9999.000,9999.000,9999.000
202605081036,   6.663,   6.917,9999.000,9999.000,9999.000,9999.000,9999.000,9999.000,9999.000
202605081042,   6.633,   6.887,9999.000,9999.000,9999.000,9999.000,9999.000,9999.000,9999.000
202605081048,   6.606,   6.878,9999.000,9999.000,9999.000,9999.000,9999.000,9999.000,9999.000
202605081054,   6.579,   6.868,9999.000,9999.000,9999.000,9999.000,9999.000,9999.000,9999.000
202605081100,   6.555,   6.858,   0.300,   0.003,   6.858,   0.200,   6.758,   0.300,   6.858
202605081106,   6.532,   6.838,9999.000,9999.000,9999.000,9999.000,9999.000,9999.000,9999.000
202605081112,   6.511,   6.838,9999.000,9999.000,9999.000,9999.000,9999.000,9999.000,9999.000
202605081118,   6.491,   6.819,9999.000,9999.000,9999.000,9999.000,9999.000,9999.000,9999.000
202605081124,   6.473,   6.799,9999.000,9999.000,9999.000,9999.000,9999.000,9999.000,9999.000
202605081130,   6.457,   6.779,9999.000,9999.000,9999.000,9999.000,9999.000,9999.000,9999.000
202605081136,   6.441,   6.766,9999.000,9999.000,9999.000,9999.000,9999.000,9999.000,9999.000
202605081142,   6.427,   6.766,9999.000,9999.000,9999.000,9999.000,9999.000,9999.000,9999.000
202605081148,   6.414,   6.756,9999.000,9999.000,9999.000,9999.000,9999.000,9999.000,9999.000
202605081154,   6.402,   6.737,9999.000,9999.000,9999.000,9999.000,9999.000,9999.000,9999.000
202605081200,   6.391,   6.717,   0.400,  -0.074,   6.717,   0.400,   6.717,   0.400,   6.717
202605081206,   6.380,   6.697,9999.000,9999.000,9999.000,9999.000,9999.000,9999.000,9999.000
202605081212,   6.370,   6.668,9999.000,9999.000,9999.000,9999.000,9999.000,9999.000,9999.000
202605081218,   6.361,   6.648,9999.000,9999.000,9999.000,9999.000,9999.000,9999.000,9999.000
202605081224,   6.353,   6.668,9999.000,9999.000,9999.000,9999.000,9999.000,9999.000,9999.000
202605081230,   6.345,   6.678,9999.000,9999.000,9999.000,9999.000,9999.000,9999.000,9999.000
202605081236,   6.337,   6.687,9999.000,9999.000,9999.000,9999.000,9999.000,9999.000,9999.000
202605081242,   6.329,   6.697,9999.000,9999.000,9999.000,9999.000,9999.000,9999.000,9999.000
202605081248,   6.322,   6.687,9999.000,9999.000,9999.000,9999.000,9999.000,9999.000,9999.000
202605081254,   6.315,   6.668,9999.000,9999.000,9999.000,9999.000,9999.000,9999.000,9999.000
202605081300,   6.309,   6.648,   0.400,  -0.061,   6.648,   0.400,   6.648,   0.400,   6.648
202605081306,   6.302,   6.628,9999.000,9999.000,9999.000,9999.000,9999.000,9999.000,9999.000
202605081312,   6.296,   6.628,9999.000,9999.000,9999.000,9999.000,9999.000,9999.000,9999.000
202605081318,   6.290,   6.628,9999.000,9999.000,9999.000,9999.000,9999.000,9999.000,9999.000
202605081324,   6.284,   6.628,9999.000,9999.000,9999.000,9999.000,9999.000,9999.000,9999.000
202605081330,   6.279,   6.638,9999.000,9999.000,9999.000,9999.000,9999.000,9999.000,9999.000
202605081336,   6.273,   6.638,9999.000,9999.000,9999.000,9999.000,9999.000,9999.000,9999.000
202605081342,   6.268,   6.628,9999.000,9999.000,9999.000,9999.000,9999.000,9999.000,9999.000
202605081348,   6.264,   6.579,9999.000,9999.000,9999.000,9999.000,9999.000,9999.000,9999.000
202605081354,   6.259,   6.556,9999.000,9999.000,9999.000,9999.000,9999.000,9999.000,9999.000
202605081400,   6.254,   6.517,   0.400,  -0.137,   6.517,   0.400,   6.517,   0.400,   6.517
202605081406,   6.250,   6.487,9999.000,9999.000,9999.000,9999.000,9999.000,9999.000,9999.000
202605081412,   6.246,   6.468,9999.000,9999.000,9999.000,9999.000,9999.000,9999.000,9999.000
202605081418,   6.241,   6.468,9999.000,9999.000,9999.000,9999.000,9999.000,9999.000,9999.000
202605081424,   6.236,   6.438,9999.000,9999.000,9999.000,9999.000,9999.000,9999.000,9999.000
202605081430,   6.231,   6.409,9999.000,9999.000,9999.000,9999.000,9999.000,9999.000,9999.000
202605081436,   6.225,   6.389,9999.000,9999.000,9999.000,9999.000,9999.000,9999.000,9999.000
202605081442,   6.218,   6.359,9999.000,9999.000,9999.000,9999.000,9999.000,9999.000,9999.000
202605081448,   6.211,   6.336,9999.000,9999.000,9999.000,9999.000,9999.000,9999.000,9999.000
202605081454,   6.201,   6.317,9999.000,9999.000,9999.000,9999.000,9999.000,9999.000,9999.000
202605081500,   6.191,   6.287,   0.400,  -0.304,   6.287,   0.400,   6.287,   0.500,   6.387
202605081506,   6.178,   6.268,9999.000,9999.000,9999.000,9999.000,9999.000,9999.000,9999.000
202605081512,   6.163,   6.238,9999.000,9999.000,9999.000,9999.000,9999.000,9999.000,9999.000
202605081518,   6.145,   6.199,9999.000,9999.000,9999.000,9999.000,9999.000,9999.000,9999.000
202605081524,   6.125,   6.179,9999.000,9999.000,9999.000,9999.000,9999.000,9999.000,9999.000
202605081530,   6.102,   6.136,9999.000,9999.000,9999.000,9999.000,9999.000,9999.000,9999.000
202605081536,   6.075,   6.097,9999.000,9999.000,9999.000,9999.000,9999.000,9999.000,9999.000
202605081542,   6.044,   6.067,9999.000,9999.000,9999.000,9999.000,9999.000,9999.000,9999.000
202605081548,   6.009,   6.028,9999.000,9999.000,9999.000,9999.000,9999.000,9999.000,9999.000
202605081554,   5.971,   5.949,9999.000,9999.000,9999.000,9999.000,9999.000,9999.000,9999.000
202605081600,   5.927,   5.858,   0.400,  -0.469,   5.858,   0.400,   5.858,   0.500,   5.958
202605081606,   5.880,   5.799,9999.000,9999.000,9999.000,9999.000,9999.000,9999.000,9999.000
202605081612,   5.827,   5.707,9999.000,9999.000,9999.000,9999.000,9999.000,9999.000,9999.000
202605081618,   5.770,   5.638,9999.000,9999.000,9999.000,9999.000,9999.000,9999.000,9999.000
202605081624,   5.708,   5.589,9999.000,9999.000,9999.000,9999.000,9999.000,9999.000,9999.000
202605081630,   5.641,   5.530,9999.000,9999.000,9999.000,9999.000,9999.000,9999.000,9999.000
202605081636,   5.569,   5.448,9999.000,9999.000,9999.000,9999.000,9999.000,9999.000,9999.000
202605081642,   5.492,   5.369,9999.000,9999.000,9999.000,9999.000,9999.000,9999.000,9999.000
202605081648,   5.410,   5.277,9999.000,9999.000,9999.000,9999.000,9999.000,9999.000,9999.000
202605081654,   5.324,   5.198,9999.000,9999.000,9999.000,9999.000,9999.000,9999.000,9999.000
202605081700,   5.234,   5.087,   0.300,  -0.447,   5.087,   0.300,   5.087,   0.300,   5.087
202605081706,   5.139,   4.998,9999.000,9999.000,9999.000,9999.000,9999.000,9999.000,9999.000
202605081712,   5.040,   4.939,9999.000,9999.000,9999.000,9999.000,9999.000,9999.000,9999.000
202605081718,   4.938,   4.857,9999.000,9999.000,9999.000,9999.000,9999.000,9999.000,9999.000
202605081724,   4.832,   4.769,9999.000,9999.000,9999.000,9999.000,9999.000,9999.000,9999.000
202605081730,   4.722,   4.690,9999.000,9999.000,9999.000,9999.000,9999.000,9999.000,9999.000
202605081736,   4.609,   4.588,9999.000,9999.000,9999.000,9999.000,9999.000,9999.000,9999.000
202605081742,   4.494,   4.467,9999.000,9999.000,9999.000,9999.000,9999.000,9999.000,9999.000
202605081748,   4.376,   4.339,9999.000,9999.000,9999.000,9999.000,9999.000,9999.000,9999.000
202605081754,   4.255,   4.218,9999.000,9999.000,9999.000,9999.000,9999.000,9999.000,9999.000
202605081800,   4.133,   4.119,   0.300,  -0.314,   4.119,   0.300,   4.119,   0.300,   4.119
202605081806,   4.009,   4.008,9999.000,9999.000,9999.000,9999.000,9999.000,9999.000,9999.000
202605081812,   3.883,   3.909,9999.000,9999.000,9999.000,9999.000,9999.000,9999.000,9999.000
202605081818,   3.756,   3.808,9999.000,9999.000,9999.000,9999.000,9999.000,9999.000,9999.000
202605081824,   3.627,   3.689,9999.000,9999.000,9999.000,9999.000,9999.000,9999.000,9999.000
202605081830,   3.498,   3.578,9999.000,9999.000,9999.000,9999.000,9999.000,9999.000,9999.000
202605081836,   3.368,   3.450,9999.000,9999.000,9999.000,9999.000,9999.000,9999.000,9999.000
202605081842,   3.238,   3.319,9999.000,9999.000,9999.000,9999.000,9999.000,9999.000,9999.000
202605081848,   3.108,   3.168,9999.000,9999.000,9999.000,9999.000,9999.000,9999.000,9999.000
202605081854,   2.977,   3.030,9999.000,9999.000,9999.000,9999.000,9999.000,9999.000,9999.000
202605081900,   2.847,   2.879,   0.200,  -0.168,   2.879,   0.200,   2.879,   0.300,   2.979
202605081906,   2.717,   2.728,9999.000,9999.000,9999.000,9999.000,9999.000,9999.000,9999.000
202605081912,   2.587,   2.568,9999.000,9999.000,9999.000,9999.000,9999.000,9999.000,9999.000
202605081918,   2.459,   2.440,9999.000,9999.000,9999.000,9999.000,9999.000,9999.000,9999.000
202605081924,   2.331,   2.279,9999.000,9999.000,9999.000,9999.000,9999.000,9999.000,9999.000
202605081930,   2.205,   2.168,9999.000,9999.000,9999.000,9999.000,9999.000,9999.000,9999.000
202605081936,   2.080,   2.059,9999.000,9999.000,9999.000,9999.000,9999.000,9999.000,9999.000
202605081942,   1.957,   1.948,9999.000,9999.000,9999.000,9999.000,9999.000,9999.000,9999.000
202605081948,   1.836,   1.840,9999.000,9999.000,9999.000,9999.000,9999.000,9999.000,9999.000
202605081954,   1.717,   1.689,9999.000,9999.000,9999.000,9999.000,9999.000,9999.000,9999.000
202605082000,   1.601,   1.590,   0.300,  -0.311,   1.590,   0.200,   1.490,   0.300,   1.590
202605082006,   1.488,   1.449,9999.000,9999.000,9999.000,9999.000,9999.000,9999.000,9999.000
202605082012,   1.377,   1.348,9999.000,9999.000,9999.000,9999.000,9999.000,9999.000,9999.000
202605082018,   1.270,   1.239,9999.000,9999.000,9999.000,9999.000,9999.000,9999.000,9999.000
202605082024,   1.167,   1.161,9999.000,9999.000,9999.000,9999.000,9999.000,9999.000,9999.000
202605082030,   1.067,   1.059,9999.000,9999.000,9999.000,9999.000,9999.000,9999.000,9999.000
202605082036,   0.971,   1.000,9999.000,9999.000,9999.000,9999.000,9999.000,9999.000,9999.000
202605082042,   0.880,   0.928,9999.000,9999.000,9999.000,9999.000,9999.000,9999.000,9999.000
202605082048,   0.793,   0.849,9999.000,9999.000,9999.000,9999.000,9999.000,9999.000,9999.000
202605082054,   0.711,   0.760,9999.000,9999.000,9999.000,9999.000,9999.000,9999.000,9999.000
202605082100,   0.634,   0.669,   0.200,  -0.165,   0.669,   0.200,   0.669,   0.200,   0.669
202605082106,   0.563,   0.570,9999.000,9999.000,9999.000,9999.000,9999.000,9999.000,9999.000
202605082112,   0.496,   0.508,9999.000,9999.000,9999.000,9999.000,9999.000,9999.000,9999.000
202605082118,   0.435,   0.449,9999.000,9999.000,9999.000,9999.000,9999.000,9999.000,9999.000
202605082124,   0.380,   0.400,9999.000,9999.000,9999.000,9999.000,9999.000,9999.000,9999.000
202605082130,   0.330,   0.380,9999.000,9999.000,9999.000,9999.000,9999.000,9999.000,9999.000
202605082136,   0.287,   0.360,9999.000,9999.000,9999.000,9999.000,9999.000,9999.000,9999.000
202605082142,   0.249,   0.341,9999.000,9999.000,9999.000,9999.000,9999.000,9999.000,9999.000
202605082148,   0.218,   0.331,9999.000,9999.000,9999.000,9999.000,9999.000,9999.000,9999.000
202605082154,   0.192,   0.331,9999.000,9999.000,9999.000,9999.000,9999.000,9999.000,9999.000
202605082200,   0.173,   0.321,   0.200,  -0.052,   0.321,   0.100,   0.221,   0.200,   0.321
202605082206,   0.160,   0.321,9999.000,9999.000,9999.000,9999.000,9999.000,9999.000,9999.000
202605082212,   0.153,   0.308,9999.000,9999.000,9999.000,9999.000,9999.000,9999.000,9999.000
202605082218,   0.152,   0.298,9999.000,9999.000,9999.000,9999.000,9999.000,9999.000,9999.000
202605082224,   0.158,   0.298,9999.000,9999.000,9999.000,9999.000,9999.000,9999.000,9999.000
202605082230,   0.169,   0.331,9999.000,9999.000,9999.000,9999.000,9999.000,9999.000,9999.000
202605082236,   0.187,   0.331,9999.000,9999.000,9999.000,9999.000,9999.000,9999.000,9999.000
202605082242,   0.211,   0.360,9999.000,9999.000,9999.000,9999.000,9999.000,9999.000,9999.000
202605082248,   0.241,   0.439,9999.000,9999.000,9999.000,9999.000,9999.000,9999.000,9999.000
202605082254,   0.277,   0.508,9999.000,9999.000,9999.000,9999.000,9999.000,9999.000,9999.000
202605082300,   0.318,   0.560,   0.200,   0.042,   0.560,   0.200,   0.560,   0.200,   0.560
202605082306,   0.365,   0.619,9999.000,9999.000,9999.000,9999.000,9999.000,9999.000,9999.000
202605082312,   0.418,   0.688,9999.000,9999.000,9999.000,9999.000,9999.000,9999.000,9999.000
202605082318,   0.476,   0.708,9999.000,9999.000,9999.000,9999.000,9999.000,9999.000,9999.000
202605082324,   0.540,   0.741,9999.000,9999.000,9999.000,9999.000,9999.000,9999.000,9999.000
202605082330,   0.608,   0.819,9999.000,9999.000,9999.000,9999.000,9999.000,9999.000,9999.000
202605082336,   0.681,   0.879,9999.000,9999.000,9999.000,9999.000,9999.000,9999.000,9999.000
202605082342,   0.760,   0.961,9999.000,9999.000,9999.000,9999.000,9999.000,9999.000,9999.000
202605082348,   0.842,   1.049,9999.000,9999.000,9999.000,9999.000,9999.000,9999.000,9999.000
202605082354,   0.929,   1.161,9999.000,9999.000,9999.000,9999.000,9999.000,9999.000,9999.000
202605090000,   1.020,   1.239,   0.000,   0.219,   1.239,   0.000,   1.239,   0.000,   1.239
202605090006,   1.114,   1.328,9999.000,9999.000,9999.000,9999.000,9999.000,9999.000,9999.000
202605090012,   1.213,   1.410,9999.000,9999.000,9999.000,9999.000,9999.000,9999.000,9999.000
202605090018,   1.314,   1.479,9999.000,9999.000,9999.000,9999.000,9999.000,9999.000,9999.000
202605090024,   1.419,   1.590,9999.000,9999.000,9999.000,9999.000,9999.000,9999.000,9999.000
202605090030,   1.527,   1.689,9999.000,9999.000,9999.000,9999.000,9999.000,9999.000,9999.000
202605090036,   1.637,   1.748,9999.000,9999.000,9999.000,9999.000,9999.000,9999.000,9999.000
202605090042,   1.750,   1.879,9999.000,9999.000,9999.000,9999.000,9999.000,9999.000,9999.000
202605090048,   1.865,   2.000,9999.000,9999.000,9999.000,9999.000,9999.000,9999.000,9999.000
202605090054,   1.983,   2.109,9999.000,9999.000,9999.000,9999.000,9999.000,9999.000,9999.000
202605090100,   2.102,   2.250,   0.000,   0.148,   2.250,   0.000,   2.250,   0.000,   2.250
202605090106,   2.224,   2.387,9999.000,9999.000,9999.000,9999.000,9999.000,9999.000,9999.000
202605090112,   2.347,   2.499,9999.000,9999.000,9999.000,9999.000,9999.000,9999.000,9999.000
202605090118,   2.472,   2.640,9999.000,9999.000,9999.000,9999.000,9999.000,9999.000,9999.000
202605090124,   2.598,   2.768,9999.000,9999.000,9999.000,9999.000,9999.000,9999.000,9999.000
202605090130,   2.726,   2.879,9999.000,9999.000,9999.000,9999.000,9999.000,9999.000,9999.000
202605090136,   2.855,   2.978,9999.000,9999.000,9999.000,9999.000,9999.000,9999.000,9999.000
202605090142,   2.986,   3.119,9999.000,9999.000,9999.000,9999.000,9999.000,9999.000,9999.000
202605090148,   3.118,   3.250,9999.000,9999.000,9999.000,9999.000,9999.000,9999.000,9999.000
202605090154,   3.252,   3.378,9999.000,9999.000,9999.000,9999.000,9999.000,9999.000,9999.000
202605090200,   3.387,   3.529,   0.000,   0.142,   3.529,  -0.100,   3.429,   0.000,   3.529
202605090206,   3.523,   3.689,9999.000,9999.000,9999.000,9999.000,9999.000,9999.000,9999.000
202605090212,   3.660,   3.847,9999.000,9999.000,9999.000,9999.000,9999.000,9999.000,9999.000
202605090218,   3.799,   4.008,9999.000,9999.000,9999.000,9999.000,9999.000,9999.000,9999.000
202605090224,   3.939,   4.168,9999.000,9999.000,9999.000,9999.000,9999.000,9999.000,9999.000
202605090230,   4.079,   4.309,9999.000,9999.000,9999.000,9999.000,9999.000,9999.000,9999.000
202605090236,   4.221,   4.467,9999.000,9999.000,9999.000,9999.000,9999.000,9999.000,9999.000
202605090242,   4.364,   4.598,9999.000,9999.000,9999.000,9999.000,9999.000,9999.000,9999.000
202605090248,   4.507,   4.749,9999.000,9999.000,9999.000,9999.000,9999.000,9999.000,9999.000
202605090254,   4.651,   4.910,9999.000,9999.000,9999.000,9999.000,9999.000,9999.000,9999.000
202605090300,   4.795,   5.067,   0.000,   0.272,   5.067,   0.000,   5.067,   0.000,   5.067
202605090306,   4.939,   5.208,9999.000,9999.000,9999.000,9999.000,9999.000,9999.000,9999.000
202605090312,   5.083,   5.379,9999.000,9999.000,9999.000,9999.000,9999.000,9999.000,9999.000
202605090318,   5.227,   5.516,9999.000,9999.000,9999.000,9999.000,9999.000,9999.000,9999.000
202605090324,   5.370,   5.638,9999.000,9999.000,9999.000,9999.000,9999.000,9999.000,9999.000
202605090330,   5.512,   5.799,9999.000,9999.000,9999.000,9999.000,9999.000,9999.000,9999.000
202605090336,   5.653,   5.917,9999.000,9999.000,9999.000,9999.000,9999.000,9999.000,9999.000
202605090342,   5.792,   6.048,9999.000,9999.000,9999.000,9999.000,9999.000,9999.000,9999.000
202605090348,   5.929,   6.179,9999.000,9999.000,9999.000,9999.000,9999.000,9999.000,9999.000
202605090354,   6.064,   6.327,9999.000,9999.000,9999.000,9999.000,9999.000,9999.000,9999.000
202605090400,   6.196,   6.448,   0.000,   0.252,   6.448,  -0.100,   6.348,   0.000,   6.448
202605090406,   6.325,   6.556,9999.000,9999.000,9999.000,9999.000,9999.000,9999.000,9999.000
202605090412,   6.451,   6.678,9999.000,9999.000,9999.000,9999.000,9999.000,9999.000,9999.000
202605090418,   6.574,   6.789,9999.000,9999.000,9999.000,9999.000,9999.000,9999.000,9999.000
202605090424,   6.692,   6.887,9999.000,9999.000,9999.000,9999.000,9999.000,9999.000,9999.000
202605090430,   6.807,   6.999,9999.000,9999.000,9999.000,9999.000,9999.000,9999.000,9999.000
202605090436,   6.917,   7.097,9999.000,9999.000,9999.000,9999.000,9999.000,9999.000,9999.000
202605090442,   7.023,   7.176,9999.000,9999.000,9999.000,9999.000,9999.000,9999.000,9999.000
202605090448,   7.125,   7.268,9999.000,9999.000,9999.000,9999.000,9999.000,9999.000,9999.000
202605090454,   7.221,   7.357,9999.000,9999.000,9999.000,9999.000,9999.000,9999.000,9999.000
202605090500,   7.313,   7.439,   0.000,   0.126,   7.439,   0.000,   7.439,   0.000,   7.439
202605090506,   7.400,   7.517,9999.000,9999.000,9999.000,9999.000,9999.000,9999.000,9999.000
202605090512,   7.482,   7.609,9999.000,9999.000,9999.000,9999.000,9999.000,9999.000,9999.000
202605090518,   7.560,   7.688,9999.000,9999.000,9999.000,9999.000,9999.000,9999.000,9999.000
202605090524,   7.632,   7.757,9999.000,9999.000,9999.000,9999.000,9999.000,9999.000,9999.000
202605090530,   7.700,   7.839,9999.000,9999.000,9999.000,9999.000,9999.000,9999.000,9999.000
202605090536,   7.763,   7.898,9999.000,9999.000,9999.000,9999.000,9999.000,9999.000,9999.000
202605090542,   7.821,   7.957,9999.000,9999.000,9999.000,9999.000,9999.000,9999.000,9999.000
202605090548,   7.875,   8.016,9999.000,9999.000,9999.000,9999.000,9999.000,9999.000,9999.000
202605090554,   7.924,   8.078,9999.000,9999.000,9999.000,9999.000,9999.000,9999.000,9999.000
202605090600,   7.969,   8.137,   0.000,   0.168,   8.137,  -0.100,   8.037,   0.000,   8.137
202605090606,   8.009,   8.196,9999.000,9999.000,9999.000,9999.000,9999.000,9999.000,9999.000
202605090612,   8.045,   8.249,9999.000,9999.000,9999.000,9999.000,9999.000,9999.000,9999.000
202605090618,   8.077,   8.298,9999.000,9999.000,9999.000,9999.000,9999.000,9999.000,9999.000
202605090624,   8.105,   8.318,9999.000,9999.000,9999.000,9999.000,9999.000,9999.000,9999.000
202605090630,   8.129,   8.347,9999.000,9999.000,9999.000,9999.000,9999.000,9999.000,9999.000
202605090636,   8.149,   8.357,9999.000,9999.000,9999.000,9999.000,9999.000,9999.000,9999.000
202605090642,   8.166,   8.367,9999.000,9999.000,9999.000,9999.000,9999.000,9999.000,9999.000
202605090648,   8.178,   8.367,9999.000,9999.000,9999.000,9999.000,9999.000,9999.000,9999.000
202605090654,   8.187,   8.367,9999.000,9999.000,9999.000,9999.000,9999.000,9999.000,9999.000
202605090700,   8.191,   8.367,  -0.100,   0.276,   8.367,  -0.100,   8.367,   0.000,   8.467
202605090706,   8.192,   8.367,9999.000,9999.000,9999.000,9999.000,9999.000,9999.000,9999.000
202605090712,   8.190,   8.357,9999.000,9999.000,9999.000,9999.000,9999.000,9999.000,9999.000
202605090718,   8.183,   8.347,9999.000,9999.000,9999.000,9999.000,9999.000,9999.000,9999.000
202605090724,   8.173,   8.327,9999.000,9999.000,9999.000,9999.000,9999.000,9999.000,9999.000
202605090730,   8.160,   8.308,9999.000,9999.000,9999.000,9999.000,9999.000,9999.000,9999.000
202605090736,   8.143,   8.268,9999.000,9999.000,9999.000,9999.000,9999.000,9999.000,9999.000
202605090742,   8.122,   8.249,9999.000,9999.000,9999.000,9999.000,9999.000,9999.000,9999.000
202605090748,   8.098,   8.229,9999.000,9999.000,9999.000,9999.000,9999.000,9999.000,9999.000
202605090754,   8.070,   8.239,9999.000,9999.000,9999.000,9999.000,9999.000,9999.000,9999.000
202605090800,   8.040,   8.216,  -0.100,   0.276,   8.216,  -0.100,   8.216,  -0.100,   8.216
202605090806,   8.006,   8.206,9999.000,9999.000,9999.000,9999.000,9999.000,9999.000,9999.000
202605090812,   7.969,   8.167,9999.000,9999.000,9999.000,9999.000,9999.000,9999.000,9999.000
202605090818,   7.929,   8.117,9999.000,9999.000,9999.000,9999.000,9999.000,9999.000,9999.000
202605090824,   7.886,   8.068,9999.000,9999.000,9999.000,9999.000,9999.000,9999.000,9999.000
202605090830,   7.841,   8.029,9999.000,9999.000,9999.000,9999.000,9999.000,9999.000,9999.000
202605090836,   7.793,   7.947,9999.000,9999.000,9999.000,9999.000,9999.000,9999.000,9999.000
202605090842,   7.744,   7.888,9999.000,9999.000,9999.000,9999.000,9999.000,9999.000,9999.000
202605090848,   7.692,   7.839,9999.000,9999.000,9999.000,9999.000,9999.000,9999.000,9999.000
202605090854,   7.638,   7.776,9999.000,9999.000,9999.000,9999.000,9999.000,9999.000,9999.000
202605090900,   7.583,   7.707,  -0.100,   0.224,   7.707,  -0.100,   7.707,   0.000,   7.807
202605090906,   7.526,   7.639,9999.000,9999.000,9999.000,9999.000,9999.000,9999.000,9999.000
202605090912,   7.468,   7.547,9999.000,9999.000,9999.000,9999.000,9999.000,9999.000,9999.000
202605090918,   7.409,   7.468,9999.000,9999.000,9999.000,9999.000,9999.000,9999.000,9999.000
202605090924,   7.350,   7.399,9999.000,9999.000,9999.000,9999.000,9999.000,9999.000,9999.000
202605090930,   7.289,   7.317,9999.000,9999.000,9999.000,9999.000,9999.000,9999.000,9999.000
202605090936,   7.229,   7.248,9999.000,9999.000,9999.000,9999.000,9999.000,9999.000,9999.000
202605090942,   7.168,   7.176,9999.000,9999.000,9999.000,9999.000,9999.000,9999.000,9999.000
202605090948,   7.107,   7.097,9999.000,9999.000,9999.000,9999.000,9999.000,9999.000,9999.000
202605090954,   7.046,   7.038,9999.000,9999.000,9999.000,9999.000,9999.000,9999.000,9999.000
202605091000,   6.986,   6.956,  -0.100,   0.070,   6.956,  -0.100,   6.956,   0.000,   7.056
202605091006,   6.926,   6.897,9999.000,9999.000,9999.000,9999.000,9999.000,9999.000,9999.000
202605091012,   6.867,   6.848,9999.000,9999.000,9999.000,9999.000,9999.000,9999.000,9999.000
202605091018,   6.809,   6.789,9999.000,9999.000,9999.000,9999.000,9999.000,9999.000,9999.000
202605091024,   6.752,   6.717,9999.000,9999.000,9999.000,9999.000,9999.000,9999.000,9999.000
202605091030,   6.696,   6.658,9999.000,9999.000,9999.000,9999.000,9999.000,9999.000,9999.000
202605091036,   6.641,   6.599,9999.000,9999.000,9999.000,9999.000,9999.000,9999.000,9999.000
202605091042,   6.588,   6.517,9999.000,9999.000,9999.000,9999.000,9999.000,9999.000,9999.000
202605091048,   6.536,   6.468,9999.000,9999.000,9999.000,9999.000,9999.000,9999.000,9999.000
202605091054,   6.486,   6.418,9999.000,9999.000,9999.000,9999.000,9999.000,9999.000,9999.000
202605091100,   6.437,   6.379,   0.000,  -0.058,   6.379,  -0.100,   6.279,   0.000,   6.379
202605091106,   6.391,   6.359,9999.000,9999.000,9999.000,9999.000,9999.000,9999.000,9999.000
202605091112,   6.346,   6.317,9999.000,9999.000,9999.000,9999.000,9999.000,9999.000,9999.000
202605091118,   6.303,   6.277,9999.000,9999.000,9999.000,9999.000,9999.000,9999.000,9999.000
202605091124,   6.262,   6.238,9999.000,9999.000,9999.000,9999.000,9999.000,9999.000,9999.000
202605091130,   6.223,   6.199,9999.000,9999.000,9999.000,9999.000,9999.000,9999.000,9999.000
202605091136,   6.186,   6.136,9999.000,9999.000,9999.000,9999.000,9999.000,9999.000,9999.000
202605091142,   6.151,   6.097,9999.000,9999.000,9999.000,9999.000,9999.000,9999.000,9999.000
202605091148,   6.118,   6.067,9999.000,9999.000,9999.000,9999.000,9999.000,9999.000,9999.000
202605091154,   6.087,   6.038,9999.000,9999.000,9999.000,9999.000,9999.000,9999.000,9999.000
202605091200,   6.058,   6.028,   0.000,  -0.030,   6.028,   0.000,   6.028,   0.100,   6.128
202605091206,   6.031,   6.008,9999.000,9999.000,9999.000,9999.000,9999.000,9999.000,9999.000
202605091212,   6.006,   5.989,9999.000,9999.000,9999.000,9999.000,9999.000,9999.000,9999.000
202605091218,   5.983,   5.969,9999.000,9999.000,9999.000,9999.000,9999.000,9999.000,9999.000
202605091224,   5.961,   5.969,9999.000,9999.000,9999.000,9999.000,9999.000,9999.000,9999.000
202605091230,   5.941,   5.949,9999.000,9999.000,9999.000,9999.000,9999.000,9999.000,9999.000
202605091236,   5.923,   5.926,9999.000,9999.000,9999.000,9999.000,9999.000,9999.000,9999.000
202605091242,   5.906,   5.917,9999.000,9999.000,9999.000,9999.000,9999.000,9999.000,9999.000
202605091248,   5.890,   5.897,9999.000,9999.000,9999.000,9999.000,9999.000,9999.000,9999.000
202605091254,   5.875,   5.897,9999.000,9999.000,9999.000,9999.000,9999.000,9999.000,9999.000
202605091300,   5.862,   5.897,   0.100,  -0.065,   5.897,   0.000,   5.797,   0.100,   5.897
202605091306,   5.850,   5.897,9999.000,9999.000,9999.000,9999.000,9999.000,9999.000,9999.000
202605091312,   5.838,   5.887,9999.000,9999.000,9999.000,9999.000,9999.000,9999.000,9999.000
202605091318,   5.828,   5.887,9999.000,9999.000,9999.000,9999.000,9999.000,9999.000,9999.000
202605091324,   5.818,   5.897,9999.000,9999.000,9999.000,9999.000,9999.000,9999.000,9999.000
202605091330,   5.809,   5.877,9999.000,9999.000,9999.000,9999.000,9999.000,9999.000,9999.000
202605091336,   5.800,   5.867,9999.000,9999.000,9999.000,9999.000,9999.000,9999.000,9999.000
202605091342,   5.792,   5.858,9999.000,9999.000,9999.000,9999.000,9999.000,9999.000,9999.000
202605091348,   5.785,   5.858,9999.000,9999.000,9999.000,9999.000,9999.000,9999.000,9999.000
202605091354,   5.779,   5.838,9999.000,9999.000,9999.000,9999.000,9999.000,9999.000,9999.000
202605091400,   5.773,   5.828,   0.100,  -0.045,   5.828,   0.000,   5.728,   0.100,   5.828
202605091406,   5.767,   5.828,9999.000,9999.000,9999.000,9999.000,9999.000,9999.000,9999.000
202605091412,   5.763,   5.818,9999.000,9999.000,9999.000,9999.000,9999.000,9999.000,9999.000
202605091418,   5.759,   5.808,9999.000,9999.000,9999.000,9999.000,9999.000,9999.000,9999.000
202605091424,   5.755,   5.799,9999.000,9999.000,9999.000,9999.000,9999.000,9999.000,9999.000
202605091430,   5.752,   5.789,9999.000,9999.000,9999.000,9999.000,9999.000,9999.000,9999.000
202605091436,   5.750,   5.769,9999.000,9999.000,9999.000,9999.000,9999.000,9999.000,9999.000
202605091442,   5.749,   5.749,9999.000,9999.000,9999.000,9999.000,9999.000,9999.000,9999.000
202605091448,   5.747,   5.717,9999.000,9999.000,9999.000,9999.000,9999.000,9999.000,9999.000
202605091454,   5.747,   5.697,9999.000,9999.000,9999.000,9999.000,9999.000,9999.000,9999.000
202605091500,   5.747,   5.687,   0.000,  -0.060,   5.687,   0.000,   5.687,   0.100,   5.787
202605091506,   5.747,   5.677,9999.000,9999.000,9999.000,9999.000,9999.000,9999.000,9999.000
202605091512,   5.747,   5.667,9999.000,9999.000,9999.000,9999.000,9999.000,9999.000,9999.000
202605091518,   5.748,   5.648,9999.000,9999.000,9999.000,9999.000,9999.000,9999.000,9999.000
202605091524,   5.748,   5.648,9999.000,9999.000,9999.000,9999.000,9999.000,9999.000,9999.000
202605091530,   5.748,   5.618,9999.000,9999.000,9999.000,9999.000,9999.000,9999.000,9999.000
202605091536,   5.748,   5.618,9999.000,9999.000,9999.000,9999.000,9999.000,9999.000,9999.000
202605091542,   5.747,   5.608,9999.000,9999.000,9999.000,9999.000,9999.000,9999.000,9999.000
202605091548,   5.745,   5.598,9999.000,9999.000,9999.000,9999.000,9999.000,9999.000,9999.000
202605091554,   5.741,   5.608,9999.000,9999.000,9999.000,9999.000,9999.000,9999.000,9999.000
202605091600,   5.736,   5.579,   0.000,  -0.157,   5.579,   0.000,   5.579,   0.100,   5.679
202605091606,   5.729,   5.569,9999.000,9999.000,9999.000,9999.000,9999.000,9999.000,9999.000
202605091612,   5.720,   5.530,9999.000,9999.000,9999.000,9999.000,9999.000,9999.000,9999.000
202605091618,   5.708,   5.507,9999.000,9999.000,9999.000,9999.000,9999.000,9999.000,9999.000
202605091624,   5.694,   5.467,9999.000,9999.000,9999.000,9999.000,9999.000,9999.000,9999.000
202605091630,   5.676,   5.438,9999.000,9999.000,9999.000,9999.000,9999.000,9999.000,9999.000
202605091636,   5.655,   5.389,9999.000,9999.000,9999.000,9999.000,9999.000,9999.000,9999.000
202605091642,   5.631,   5.369,9999.000,9999.000,9999.000,9999.000,9999.000,9999.000,9999.000
202605091648,   5.603,   5.320,9999.000,9999.000,9999.000,9999.000,9999.000,9999.000,9999.000
202605091654,   5.571,   5.287,9999.000,9999.000,9999.000,9999.000,9999.000,9999.000,9999.000
202605091700,   5.534,   5.257,   0.000,  -0.277,   5.257,   0.000,   5.257,   0.100,   5.357
202605091706,   5.494,   5.208,9999.000,9999.000,9999.000,9999.000,9999.000,9999.000,9999.000
202605091712,   5.449,   5.179,9999.000,9999.000,9999.000,9999.000,9999.000,9999.000,9999.000
202605091718,   5.400,   5.139,9999.000,9999.000,9999.000,9999.000,9999.000,9999.000,9999.000
202605091724,   5.347,   5.097,9999.000,9999.000,9999.000,9999.000,9999.000,9999.000,9999.000
202605091730,   5.289,   5.047,9999.000,9999.000,9999.000,9999.000,9999.000,9999.000,9999.000
202605091736,   5.227,   4.998,9999.000,9999.000,9999.000,9999.000,9999.000,9999.000,9999.000
202605091742,   5.161,   4.949,9999.000,9999.000,9999.000,9999.000,9999.000,9999.000,9999.000
202605091748,   5.091,   4.877,9999.000,9999.000,9999.000,9999.000,9999.000,9999.000,9999.000
202605091754,   5.017,   4.818,9999.000,9999.000,9999.000,9999.000,9999.000,9999.000,9999.000
202605091800,   4.940,   4.759,   0.100,  -0.281,   4.759,   0.000,   4.659,   0.100,   4.759
202605091806,   4.859,   4.710,9999.000,9999.000,9999.000,9999.000,9999.000,9999.000,9999.000
202605091812,   4.774,   4.647,9999.000,9999.000,9999.000,9999.000,9999.000,9999.000,9999.000
202605091818,   4.687,   4.578,9999.000,9999.000,9999.000,9999.000,9999.000,9999.000,9999.000
202605091824,   4.596,   4.509,9999.000,9999.000,9999.000,9999.000,9999.000,9999.000,9999.000
202605091830,   4.503,   4.418,9999.000,9999.000,9999.000,9999.000,9999.000,9999.000,9999.000
202605091836,   4.408,   4.329,9999.000,9999.000,9999.000,9999.000,9999.000,9999.000,9999.000
202605091842,   4.310,   4.237,9999.000,9999.000,9999.000,9999.000,9999.000,9999.000,9999.000
202605091848,   4.210,   4.159,9999.000,9999.000,9999.000,9999.000,9999.000,9999.000,9999.000
202605091854,   4.109,   4.080,9999.000,9999.000,9999.000,9999.000,9999.000,9999.000,9999.000
202605091900,   4.005,   4.008,   0.100,  -0.097,   4.008,   0.000,   3.908,   0.100,   4.008
202605091906,   3.901,   3.929,9999.000,9999.000,9999.000,9999.000,9999.000,9999.000,9999.000
202605091912,   3.795,   3.860,9999.000,9999.000,9999.000,9999.000,9999.000,9999.000,9999.000
202605091918,   3.688,   3.768,9999.000,9999.000,9999.000,9999.000,9999.000,9999.000,9999.000
202605091924,   3.581,   3.660,9999.000,9999.000,9999.000,9999.000,9999.000,9999.000,9999.000
202605091930,   3.472,   3.539,9999.000,9999.000,9999.000,9999.000,9999.000,9999.000,9999.000
202605091936,   3.364,   3.417,9999.000,9999.000,9999.000,9999.000,9999.000,9999.000,9999.000
202605091942,   3.254,   3.299,9999.000,9999.000,9999.000,9999.000,9999.000,9999.000,9999.000
202605091948,   3.145,   3.168,9999.000,9999.000,9999.000,9999.000,9999.000,9999.000,9999.000
202605091954,   3.035,   3.050,9999.000,9999.000,9999.000,9999.000,9999.000,9999.000,9999.000
202605092000,   2.926,   2.919,   0.100,  -0.107,   2.919,   0.100,   2.919,   0.100,   2.919
202605092006,   2.817,   2.797,9999.000,9999.000,9999.000,9999.000,9999.000,9999.000,9999.000
202605092012,   2.708,   2.689,9999.000,9999.000,9999.000,9999.000,9999.000,9999.000,9999.000
202605092018,   2.600,   2.587,9999.000,9999.000,9999.000,9999.000,9999.000,9999.000,9999.000
202605092024,   2.493,   2.499,9999.000,9999.000,9999.000,9999.000,9999.000,9999.000,9999.000
202605092030,   2.387,   2.410,9999.000,9999.000,9999.000,9999.000,9999.000,9999.000,9999.000
202605092036,   2.282,   2.318,9999.000,9999.000,9999.000,9999.000,9999.000,9999.000,9999.000
202605092042,   2.179,   2.250,9999.000,9999.000,9999.000,9999.000,9999.000,9999.000,9999.000
202605092048,   2.077,   2.128,9999.000,9999.000,9999.000,9999.000,9999.000,9999.000,9999.000
202605092054,   1.978,   2.030,9999.000,9999.000,9999.000,9999.000,9999.000,9999.000,9999.000
202605092100,   1.880,   1.899,   0.100,  -0.081,   1.899,   0.100,   1.899,   0.100,   1.899
202605092106,   1.785,   1.800,9999.000,9999.000,9999.000,9999.000,9999.000,9999.000,9999.000
202605092112,   1.693,   1.699,9999.000,9999.000,9999.000,9999.000,9999.000,9999.000,9999.000
202605092118,   1.603,   1.620,9999.000,9999.000,9999.000,9999.000,9999.000,9999.000,9999.000
202605092124,   1.517,   1.528,9999.000,9999.000,9999.000,9999.000,9999.000,9999.000,9999.000
202605092130,   1.434,   1.469,9999.000,9999.000,9999.000,9999.000,9999.000,9999.000,9999.000
202605092136,   1.355,   1.410,9999.000,9999.000,9999.000,9999.000,9999.000,9999.000,9999.000
202605092142,   1.279,   1.338,9999.000,9999.000,9999.000,9999.000,9999.000,9999.000,9999.000
202605092148,   1.207,   1.259,9999.000,9999.000,9999.000,9999.000,9999.000,9999.000,9999.000
202605092154,   1.140,   1.200,9999.000,9999.000,9999.000,9999.000,9999.000,9999.000,9999.000
202605092200,   1.077,   1.138,   0.100,  -0.039,   1.138,   0.000,   1.038,   0.100,   1.138
202605092206,   1.019,   1.059,9999.000,9999.000,9999.000,9999.000,9999.000,9999.000,9999.000
202605092212,   0.966,   1.020,9999.000,9999.000,9999.000,9999.000,9999.000,9999.000,9999.000
202605092218,   0.917,   0.990,9999.000,9999.000,9999.000,9999.000,9999.000,9999.000,9999.000
202605092224,   0.874,   0.980,9999.000,9999.000,9999.000,9999.000,9999.000,9999.000,9999.000
202605092230,   0.835,   0.961,9999.000,9999.000,9999.000,9999.000,9999.000,9999.000,9999.000
202605092236,   0.802,   0.970,9999.000,9999.000,9999.000,9999.000,9999.000,9999.000,9999.000
202605092242,   0.775,   0.928,9999.000,9999.000,9999.000,9999.000,9999.000,9999.000,9999.000
202605092248,   0.752,   0.918,9999.000,9999.000,9999.000,9999.000,9999.000,9999.000,9999.000
202605092254,   0.736,   0.928,9999.000,9999.000,9999.000,9999.000,9999.000,9999.000,9999.000
202605092300,   0.725,   0.879,   0.100,   0.054,   0.879,   0.100,   0.879,   0.100,   0.879
202605092306,   0.719,   0.859,9999.000,9999.000,9999.000,9999.000,9999.000,9999.000,9999.000
202605092312,   0.719,   0.819,9999.000,9999.000,9999.000,9999.000,9999.000,9999.000,9999.000
202605092318,   0.725,   0.839,9999.000,9999.000,9999.000,9999.000,9999.000,9999.000,9999.000
202605092324,   0.736,   0.849,9999.000,9999.000,9999.000,9999.000,9999.000,9999.000,9999.000
202605092330,   0.753,   0.888,9999.000,9999.000,9999.000,9999.000,9999.000,9999.000,9999.000
202605092336,   0.775,   0.990,9999.000,9999.000,9999.000,9999.000,9999.000,9999.000,9999.000
202605092342,   0.803,   1.059,9999.000,9999.000,9999.000,9999.000,9999.000,9999.000,9999.000
202605092348,   0.837,   1.118,9999.000,9999.000,9999.000,9999.000,9999.000,9999.000,9999.000
202605092354,   0.876,   1.180,9999.000,9999.000,9999.000,9999.000,9999.000,9999.000,9999.000
202605100000,   0.920,   1.249,   0.100,   0.229,   1.249,   0.000,   1.149,   0.100,   1.249
202605100006,   0.969,   1.259,9999.000,9999.000,9999.000,9999.000,9999.000,9999.000,9999.000
202605100012,   1.024,   1.289,9999.000,9999.000,9999.000,9999.000,9999.000,9999.000,9999.000
202605100018,   1.083,   1.348,9999.000,9999.000,9999.000,9999.000,9999.000,9999.000,9999.000
202605100024,   1.147,   1.390,9999.000,9999.000,9999.000,9999.000,9999.000,9999.000,9999.000
202605100030,   1.216,   1.420,9999.000,9999.000,9999.000,9999.000,9999.000,9999.000,9999.000
202605100036,   1.289,   1.508,9999.000,9999.000,9999.000,9999.000,9999.000,9999.000,9999.000
202605100042,   1.366,   1.580,9999.000,9999.000,9999.000,9999.000,9999.000,9999.000,9999.000
202605100048,   1.448,   1.679,9999.000,9999.000,9999.000,9999.000,9999.000,9999.000,9999.000
202605100054,   1.533,   1.767,9999.000,9999.000,9999.000,9999.000,9999.000,9999.000,9999.000
202605100100,   1.622,   1.889,   0.100,   0.167,   1.889,   0.100,   1.889,   0.100,   1.889
202605100106,   1.714,   1.958,9999.000,9999.000,9999.000,9999.000,9999.000,9999.000,9999.000
202605100112,   1.810,   2.040,9999.000,9999.000,9999.000,9999.000,9999.000,9999.000,9999.000
202605100118,   1.909,   2.118,9999.000,9999.000,9999.000,9999.000,9999.000,9999.000,9999.000
202605100124,   2.010,   2.200,9999.000,9999.000,9999.000,9999.000,9999.000,9999.000,9999.000
202605100130,   2.115,   2.289,9999.000,9999.000,9999.000,9999.000,9999.000,9999.000,9999.000
202605100136,   2.221,   2.400,9999.000,9999.000,9999.000,9999.000,9999.000,9999.000,9999.000
202605100142,   2.330,   2.528,9999.000,9999.000,9999.000,9999.000,9999.000,9999.000,9999.000
202605100148,   2.442,   2.660,9999.000,9999.000,9999.000,9999.000,9999.000,9999.000,9999.000
202605100154,   2.555,   2.787,9999.000,9999.000,9999.000,9999.000,9999.000,9999.000,9999.000
202605100200,   2.670,   2.919,   0.100,   0.149,   2.919,   0.000,   2.819,   0.100,   2.919
202605100206,   2.787,   3.060,9999.000,9999.000,9999.000,9999.000,9999.000,9999.000,9999.000
202605100212,   2.906,   3.148,9999.000,9999.000,9999.000,9999.000,9999.000,9999.000,9999.000
202605100218,   3.026,   3.270,9999.000,9999.000,9999.000,9999.000,9999.000,9999.000,9999.000
202605100224,   3.148,   3.378,9999.000,9999.000,9999.000,9999.000,9999.000,9999.000,9999.000
202605100230,   3.272,   3.480,9999.000,9999.000,9999.000,9999.000,9999.000,9999.000,9999.000
202605100236,   3.397,   3.607,9999.000,9999.000,9999.000,9999.000,9999.000,9999.000,9999.000
202605100242,   3.523,   3.749,9999.000,9999.000,9999.000,9999.000,9999.000,9999.000,9999.000
202605100248,   3.651,   3.919,9999.000,9999.000,9999.000,9999.000,9999.000,9999.000,9999.000
202605100254,   3.781,   4.070,9999.000,9999.000,9999.000,9999.000,9999.000,9999.000,9999.000
202605100300,   3.912,   4.257,   0.000,   0.345,   4.257,   0.000,   4.257,   0.100,   4.357
202605100306,   4.044,   4.418,9999.000,9999.000,9999.000,9999.000,9999.000,9999.000,9999.000
202605100312,   4.177,   4.569,9999.000,9999.000,9999.000,9999.000,9999.000,9999.000,9999.000
202605100318,   4.312,   4.719,9999.000,9999.000,9999.000,9999.000,9999.000,9999.000,9999.000
202605100324,   4.447,   4.867,9999.000,9999.000,9999.000,9999.000,9999.000,9999.000,9999.000
202605100330,   4.584,   4.998,9999.000,9999.000,9999.000,9999.000,9999.000,9999.000,9999.000
202605100336,   4.721,   5.129,9999.000,9999.000,9999.000,9999.000,9999.000,9999.000,9999.000
202605100342,   4.859,   5.267,9999.000,9999.000,9999.000,9999.000,9999.000,9999.000,9999.000
202605100348,   4.998,   5.389,9999.000,9999.000,9999.000,9999.000,9999.000,9999.000,9999.000
202605100354,   5.137,   5.516,9999.000,9999.000,9999.000,9999.000,9999.000,9999.000,9999.000
202605100400,   5.276,   5.638,   0.100,   0.262,   5.638,   0.100,   5.638,   0.100,   5.638
202605100406,   5.414,   5.769,9999.000,9999.000,9999.000,9999.000,9999.000,9999.000,9999.000
202605100412,   5.552,   5.867,9999.000,9999.000,9999.000,9999.000,9999.000,9999.000,9999.000
202605100418,   5.690,   6.008,9999.000,9999.000,9999.000,9999.000,9999.000,9999.000,9999.000
202605100424,   5.826,   6.136,9999.000,9999.000,9999.000,9999.000,9999.000,9999.000,9999.000
202605100430,   5.960,   6.268,9999.000,9999.000,9999.000,9999.000,9999.000,9999.000,9999.000
202605100436,   6.093,   6.399,9999.000,9999.000,9999.000,9999.000,9999.000,9999.000,9999.000
202605100442,   6.223,   6.517,9999.000,9999.000,9999.000,9999.000,9999.000,9999.000,9999.000
202605100448,   6.351,   6.628,9999.000,9999.000,9999.000,9999.000,9999.000,9999.000,9999.000
202605100454,   6.476,   6.746,9999.000,9999.000,9999.000,9999.000,9999.000,9999.000,9999.000
202605100500,   6.598,   6.868,   0.100,   0.170,   6.868,   0.100,   6.868,   0.100,   6.868
202605100506,   6.717,   6.989,9999.000,9999.000,9999.000,9999.000,9999.000,9999.000,9999.000
202605100512,   6.831,   7.117,9999.000,9999.000,9999.000,9999.000,9999.000,9999.000,9999.000
202605100518,   6.942,   7.248,9999.000,9999.000,9999.000,9999.000,9999.000,9999.000,9999.000
202605100524,   7.048,   7.347,9999.000,9999.000,9999.000,9999.000,9999.000,9999.000,9999.000
202605100530,   7.150,   7.439,9999.000,9999.000,9999.000,9999.000,9999.000,9999.000,9999.000
202605100536,   7.247,   7.527,9999.000,9999.000,9999.000,9999.000,9999.000,9999.000,9999.000
202605100542,   7.340,   7.609,9999.000,9999.000,9999.000,9999.000,9999.000,9999.000,9999.000
202605100548,   7.427,   7.698,9999.000,9999.000,9999.000,9999.000,9999.000,9999.000,9999.000
202605100554,   7.510,   7.786,9999.000,9999.000,9999.000,9999.000,9999.000,9999.000,9999.000
202605100600,   7.588,   7.888,   0.100,   0.200,   7.888,   0.100,   7.888,   0.200,   7.988
202605100606,   7.660,   7.967,9999.000,9999.000,9999.000,9999.000,9999.000,9999.000,9999.000
202605100612,   7.727,   8.049,9999.000,9999.000,9999.000,9999.000,9999.000,9999.000,9999.000
202605100618,   7.790,   8.088,9999.000,9999.000,9999.000,9999.000,9999.000,9999.000,9999.000
202605100624,   7.847,   8.137,9999.000,9999.000,9999.000,9999.000,9999.000,9999.000,9999.000
202605100630,   7.899,   8.186,9999.000,9999.000,9999.000,9999.000,9999.000,9999.000,9999.000
202605100636,   7.947,   8.249,9999.000,9999.000,9999.000,9999.000,9999.000,9999.000,9999.000
202605100642,   7.990,   8.268,9999.000,9999.000,9999.000,9999.000,9999.000,9999.000,9999.000
202605100648,   8.028,   8.337,9999.000,9999.000,9999.000,9999.000,9999.000,9999.000,9999.000
202605100654,   8.061,   8.357,9999.000,9999.000,9999.000,9999.000,9999.000,9999.000,9999.000
202605100700,   8.090,   8.396,   0.100,   0.206,   8.396,   0.100,   8.396,   0.200,   8.496
202605100706,   8.114,   8.416,9999.000,9999.000,9999.000,9999.000,9999.000,9999.000,9999.000
202605100712,   8.133,   8.439,9999.000,9999.000,9999.000,9999.000,9999.000,9999.000,9999.000
202605100718,   8.149,   8.449,9999.000,9999.000,9999.000,9999.000,9999.000,9999.000,9999.000
202605100724,   8.160,   8.449,9999.000,9999.000,9999.000,9999.000,9999.000,9999.000,9999.000
202605100730,   8.166,   8.459,9999.000,9999.000,9999.000,9999.000,9999.000,9999.000,9999.000
202605100736,   8.169,   8.488,9999.000,9999.000,9999.000,9999.000,9999.000,9999.000,9999.000
202605100742,   8.167,   8.478,9999.000,9999.000,9999.000,9999.000,9999.000,9999.000,9999.000
202605100748,   8.161,   8.508,9999.000,9999.000,9999.000,9999.000,9999.000,9999.000,9999.000
202605100754,   8.151,   8.518,9999.000,9999.000,9999.000,9999.000,9999.000,9999.000,9999.000
202605100800,   8.137,   8.527,   0.100,   0.290,   8.527,   0.100,   8.527,   0.200,   8.627
202605100806,   8.119,   8.518,9999.000,9999.000,9999.000,9999.000,9999.000,9999.000,9999.000
202605100812,   8.096,   8.498,9999.000,9999.000,9999.000,9999.000,9999.000,9999.000,9999.000
202605100818,   8.070,   8.468,9999.000,9999.000,9999.000,9999.000,9999.000,9999.000,9999.000
202605100824,   8.039,   8.439,9999.000,9999.000,9999.000,9999.000,9999.000,9999.000,9999.000
202605100830,   8.005,   8.386,9999.000,9999.000,9999.000,9999.000,9999.000,9999.000,9999.000
202605100836,   7.967,   8.367,9999.000,9999.000,9999.000,9999.000,9999.000,9999.000,9999.000
202605100842,   7.925,   8.318,9999.000,9999.000,9999.000,9999.000,9999.000,9999.000,9999.000
202605100848,   7.880,   8.288,9999.000,9999.000,9999.000,9999.000,9999.000,9999.000,9999.000
202605100854,   7.831,   8.259,9999.000,9999.000,9999.000,9999.000,9999.000,9999.000,9999.000
202605100900,   7.778,   8.216,   0.100,   0.338,   8.216,   0.100,   8.216,   0.200,   8.316
202605100906,   7.722,   8.167,9999.000,9999.000,9999.000,9999.000,9999.000,9999.000,9999.000
202605100912,   7.664,   8.117,9999.000,9999.000,9999.000,9999.000,9999.000,9999.000,9999.000
202605100918,   7.602,   8.058,9999.000,9999.000,9999.000,9999.000,9999.000,9999.000,9999.000
202605100924,   7.538,   7.967,9999.000,9999.000,9999.000,9999.000,9999.000,9999.000,9999.000
202605100930,   7.471,   7.878,9999.000,9999.000,9999.000,9999.000,9999.000,9999.000,9999.000
202605100936,   7.402,   7.757,9999.000,9999.000,9999.000,9999.000,9999.000,9999.000,9999.000
202605100942,   7.331,   7.648,9999.000,9999.000,9999.000,9999.000,9999.000,9999.000,9999.000
202605100948,   7.258,   7.547,9999.000,9999.000,9999.000,9999.000,9999.000,9999.000,9999.000
202605100954,   7.183,   7.448,9999.000,9999.000,9999.000,9999.000,9999.000,9999.000,9999.000
202605101000,   7.108,   7.386,   0.100,   0.178,   7.386,   0.100,   7.386,   0.200,   7.486
202605101006,   7.031,   7.288,9999.000,9999.000,9999.000,9999.000,9999.000,9999.000,9999.000
202605101012,   6.953,   7.238,9999.000,9999.000,9999.000,9999.000,9999.000,9999.000,9999.000
202605101018,   6.875,   7.147,9999.000,9999.000,9999.000,9999.000,9999.000,9999.000,9999.000
202605101024,   6.797,   7.058,9999.000,9999.000,9999.000,9999.000,9999.000,9999.000,9999.000
202605101030,   6.718,   6.979,9999.000,9999.000,9999.000,9999.000,9999.000,9999.000,9999.000
202605101036,   6.640,   6.887,9999.000,9999.000,9999.000,9999.000,9999.000,9999.000,9999.000
202605101042,   6.562,   6.809,9999.000,9999.000,9999.000,9999.000,9999.000,9999.000,9999.000
202605101048,   6.485,   6.746,9999.000,9999.000,9999.000,9999.000,9999.000,9999.000,9999.000
202605101054,   6.408,   6.678,9999.000,9999.000,9999.000,9999.000,9999.000,9999.000,9999.000
202605101100,   6.333,   6.609,   0.200,   0.076,   6.609,   0.100,   6.509,   0.200,   6.609
202605101106,   6.258,   6.527,9999.000,9999.000,9999.000,9999.000,9999.000,9999.000,9999.000
202605101112,   6.185,   6.468,9999.000,9999.000,9999.000,9999.000,9999.000,9999.000,9999.000
202605101118,   6.114,   6.389,9999.000,9999.000,9999.000,9999.000,9999.000,9999.000,9999.000
202605101124,   6.044,   6.317,9999.000,9999.000,9999.000,9999.000,9999.000,9999.000,9999.000
202605101130,   5.977,   6.228,9999.000,9999.000,9999.000,9999.000,9999.000,9999.000,9999.000
202605101136,   5.911,   6.179,9999.000,9999.000,9999.000,9999.000,9999.000,9999.000,9999.000
202605101142,   5.847,   6.077,9999.000,9999.000,9999.000,9999.000,9999.000,9999.000,9999.000
202605101148,   5.786,   5.989,9999.000,9999.000,9999.000,9999.000,9999.000,9999.000,9999.000
202605101154,   5.727,   5.887,9999.000,9999.000,9999.000,9999.000,9999.000,9999.000,9999.000
202605101200,   5.671,   5.818,   0.300,  -0.153,   5.818,   0.300,   5.818,   0.300,   5.818
202605101206,   5.617,   5.730,9999.000,9999.000,9999.000,9999.000,9999.000,9999.000,9999.000
202605101212,   5.566,   5.657,9999.000,9999.000,9999.000,9999.000,9999.000,9999.000,9999.000
202605101218,   5.518,   5.638,9999.000,9999.000,9999.000,9999.000,9999.000,9999.000,9999.000
202605101224,   5.472,   5.589,9999.000,9999.000,9999.000,9999.000,9999.000,9999.000,9999.000
202605101230,   5.429,   5.579,9999.000,9999.000,9999.000,9999.000,9999.000,9999.000,9999.000
202605101236,   5.389,   5.559,9999.000,9999.000,9999.000,9999.000,9999.000,9999.000,9999.000
202605101242,   5.352,   5.559,9999.000,9999.000,9999.000,9999.000,9999.000,9999.000,9999.000
202605101248,   5.317,   5.539,9999.000,9999.000,9999.000,9999.000,9999.000,9999.000,9999.000
202605101254,   5.285,   5.539,9999.000,9999.000,9999.000,9999.000,9999.000,9999.000,9999.000
202605101300,   5.256,   5.487,   0.300,  -0.069,   5.487,   0.300,   5.487,   0.300,   5.487
202605101306,   5.229,   5.448,9999.000,9999.000,9999.000,9999.000,9999.000,9999.000,9999.000
202605101312,   5.205,   5.418,9999.000,9999.000,9999.000,9999.000,9999.000,9999.000,9999.000
202605101318,   5.183,   5.339,9999.000,9999.000,9999.000,9999.000,9999.000,9999.000,9999.000
202605101324,   5.163,   5.320,9999.000,9999.000,9999.000,9999.000,9999.000,9999.000,9999.000
202605101330,   5.146,   5.297,9999.000,9999.000,9999.000,9999.000,9999.000,9999.000,9999.000
202605101336,   5.131,   5.277,9999.000,9999.000,9999.000,9999.000,9999.000,9999.000,9999.000
202605101342,   5.117,   5.267,9999.000,9999.000,9999.000,9999.000,9999.000,9999.000,9999.000
202605101348,   5.106,   5.297,9999.000,9999.000,9999.000,9999.000,9999.000,9999.000,9999.000
202605101354,   5.096,   5.257,9999.000,9999.000,9999.000,9999.000,9999.000,9999.000,9999.000
202605101400,   5.087,   5.297,   0.300,  -0.090,   5.297,   0.200,   5.197,   0.300,   5.297
202605101406,   5.081,   5.247,9999.000,9999.000,9999.000,9999.000,9999.000,9999.000,9999.000
202605101412,   5.075,   5.238,9999.000,9999.000,9999.000,9999.000,9999.000,9999.000,9999.000
202605101418,   5.071,   5.208,9999.000,9999.000,9999.000,9999.000,9999.000,9999.000,9999.000
202605101424,   5.068,   5.198,9999.000,9999.000,9999.000,9999.000,9999.000,9999.000,9999.000
202605101430,   5.067,   5.149,9999.000,9999.000,9999.000,9999.000,9999.000,9999.000,9999.000
202605101436,   5.066,   5.139,9999.000,9999.000,9999.000,9999.000,9999.000,9999.000,9999.000
202605101442,   5.067,   5.159,9999.000,9999.000,9999.000,9999.000,9999.000,9999.000,9999.000
202605101448,   5.069,   5.149,9999.000,9999.000,9999.000,9999.000,9999.000,9999.000,9999.000
202605101454,   5.072,   5.149,9999.000,9999.000,9999.000,9999.000,9999.000,9999.000,9999.000
202605101500,   5.076,   5.198,   0.200,  -0.078,   5.198,   0.200,   5.198,   0.300,   5.298
202605101506,   5.081,   5.208,9999.000,9999.000,9999.000,9999.000,9999.000,9999.000,9999.000
202605101512,   5.087,   5.198,9999.000,9999.000,9999.000,9999.000,9999.000,9999.000,9999.000
202605101518,   5.095,   5.179,9999.000,9999.000,9999.000,9999.000,9999.000,9999.000,9999.000
202605101524,   5.103,   5.149,9999.000,9999.000,9999.000,9999.000,9999.000,9999.000,9999.000
202605101530,   5.113,   5.129,9999.000,9999.000,9999.000,9999.000,9999.000,9999.000,9999.000
202605101536,   5.123,   5.077,9999.000,9999.000,9999.000,9999.000,9999.000,9999.000,9999.000
202605101542,   5.135,   5.067,9999.000,9999.000,9999.000,9999.000,9999.000,9999.000,9999.000
202605101548,   5.147,   5.057,9999.000,9999.000,9999.000,9999.000,9999.000,9999.000,9999.000
202605101554,   5.161,   5.067,9999.000,9999.000,9999.000,9999.000,9999.000,9999.000,9999.000
202605101600,   5.174,   5.129,   0.300,  -0.345,   5.129,   0.300,   5.129,   0.300,   5.129
202605101606,   5.189,   5.129,9999.000,9999.000,9999.000,9999.000,9999.000,9999.000,9999.000
202605101612,   5.204,   5.179,9999.000,9999.000,9999.000,9999.000,9999.000,9999.000,9999.000
202605101618,   5.219,   5.179,9999.000,9999.000,9999.000,9999.000,9999.000,9999.000,9999.000
202605101624,   5.234,   5.169,9999.000,9999.000,9999.000,9999.000,9999.000,9999.000,9999.000
202605101630,   5.249,   5.120,9999.000,9999.000,9999.000,9999.000,9999.000,9999.000,9999.000
202605101636,   5.264,   5.120,9999.000,9999.000,9999.000,9999.000,9999.000,9999.000,9999.000
202605101642,   5.278,   5.077,9999.000,9999.000,9999.000,9999.000,9999.000,9999.000,9999.000
202605101648,   5.291,   5.057,9999.000,9999.000,9999.000,9999.000,9999.000,9999.000,9999.000
202605101654,   5.302,   5.097,9999.000,9999.000,9999.000,9999.000,9999.000,9999.000,9999.000
202605101700,   5.312,   5.110,   0.300,  -0.502,   5.110,   0.200,   5.010,   0.300,   5.110
202605101706,   5.320,   5.120,9999.000,9999.000,9999.000,9999.000,9999.000,9999.000,9999.000
202605101712,   5.326,   5.120,9999.000,9999.000,9999.000,9999.000,9999.000,9999.000,9999.000
202605101718,   5.329,   5.159,9999.000,9999.000,9999.000,9999.000,9999.000,9999.000,9999.000
202605101724,   5.329,   5.110,9999.000,9999.000,9999.000,9999.000,9999.000,9999.000,9999.000
202605101730,   5.327,   5.149,9999.000,9999.000,9999.000,9999.000,9999.000,9999.000,9999.000
202605101736,   5.321,   5.139,9999.000,9999.000,9999.000,9999.000,9999.000,9999.000,9999.000
202605101742,   5.312,   5.159,9999.000,9999.000,9999.000,9999.000,9999.000,9999.000,9999.000
202605101748,   5.299,   5.139,9999.000,9999.000,9999.000,9999.000,9999.000,9999.000,9999.000
202605101754,   5.283,   5.139,9999.000,9999.000,9999.000,9999.000,9999.000,9999.000,9999.000
202605101800,   5.262,   5.077,   0.200,  -0.385,   5.077,   0.200,   5.077,   0.200,   5.077
202605101806,   5.238,   5.038,9999.000,9999.000,9999.000,9999.000,9999.000,9999.000,9999.000
202605101812,   5.210,   5.008,9999.000,9999.000,9999.000,9999.000,9999.000,9999.000,9999.000
202605101818,   5.178,   4.969,9999.000,9999.000,9999.000,9999.000,9999.000,9999.000,9999.000
202605101824,   5.142,   4.949,9999.000,9999.000,9999.000,9999.000,9999.000,9999.000,9999.000
202605101830,   5.101,   4.949,9999.000,9999.000,9999.000,9999.000,9999.000,9999.000,9999.000
202605101836,   5.058,   4.939,9999.000,9999.000,9999.000,9999.000,9999.000,9999.000,9999.000
202605101842,   5.010,   4.910,9999.000,9999.000,9999.000,9999.000,9999.000,9999.000,9999.000
202605101848,   4.959,   4.877,9999.000,9999.000,9999.000,9999.000,9999.000,9999.000,9999.000
202605101854,   4.904,   4.818,9999.000,9999.000,9999.000,9999.000,9999.000,9999.000,9999.000
202605101900,   4.846,   4.759,   0.200,  -0.287,   4.759,   0.100,   4.659,   0.200,   4.759
202605101906,   4.785,   4.700,9999.000,9999.000,9999.000,9999.000,9999.000,9999.000,9999.000
202605101912,   4.722,   4.667,9999.000,9999.000,9999.000,9999.000,9999.000,9999.000,9999.000
202605101918,   4.655,   4.588,9999.000,9999.000,9999.000,9999.000,9999.000,9999.000,9999.000
202605101924,   4.586,   4.559,9999.000,9999.000,9999.000,9999.000,9999.000,9999.000,9999.000
202605101930,   4.514,   4.519,9999.000,9999.000,9999.000,9999.000,9999.000,9999.000,9999.000
202605101936,   4.440,   4.437,9999.000,9999.000,9999.000,9999.000,9999.000,9999.000,9999.000
202605101942,   4.364,   4.368,9999.000,9999.000,9999.000,9999.000,9999.000,9999.000,9999.000
202605101948,   4.287,   4.319,9999.000,9999.000,9999.000,9999.000,9999.000,9999.000,9999.000
202605101954,   4.207,   4.218,9999.000,9999.000,9999.000,9999.000,9999.000,9999.000,9999.000
202605102000,   4.126,   4.129,   0.200,  -0.197,   4.129,   0.200,   4.129,   0.200,   4.129
202605102006,   4.043,   4.027,9999.000,9999.000,9999.000,9999.000,9999.000,9999.000,9999.000
202605102012,   3.959,   3.949,9999.000,9999.000,9999.000,9999.000,9999.000,9999.000,9999.000
202605102018,   3.874,   3.870,9999.000,9999.000,9999.000,9999.000,9999.000,9999.000,9999.000
202605102024,   3.788,   3.778,9999.000,9999.000,9999.000,9999.000,9999.000,9999.000,9999.000
202605102030,   3.700,   3.709,9999.000,9999.000,9999.000,9999.000,9999.000,9999.000,9999.000
202605102036,   3.612,   3.650,9999.000,9999.000,9999.000,9999.000,9999.000,9999.000,9999.000
202605102042,   3.523,   3.598,9999.000,9999.000,9999.000,9999.000,9999.000,9999.000,9999.000
202605102048,   3.434,   3.539,9999.000,9999.000,9999.000,9999.000,9999.000,9999.000,9999.000
202605102054,   3.344,   3.460,9999.000,9999.000,9999.000,9999.000,9999.000,9999.000,9999.000
202605102100,   3.253,   3.388,   0.200,  -0.065,   3.388,   0.100,   3.288,   0.200,   3.388
202605102106,   3.162,   3.299,9999.000,9999.000,9999.000,9999.000,9999.000,9999.000,9999.000
202605102112,   3.072,   3.188,9999.000,9999.000,9999.000,9999.000,9999.000,9999.000,9999.000
202605102118,   2.981,   3.089,9999.000,9999.000,9999.000,9999.000,9999.000,9999.000,9999.000
202605102124,   2.891,   2.988,9999.000,9999.000,9999.000,9999.000,9999.000,9999.000,9999.000
202605102130,   2.801,   2.919,9999.000,9999.000,9999.000,9999.000,9999.000,9999.000,9999.000
202605102136,   2.712,   2.840,9999.000,9999.000,9999.000,9999.000,9999.000,9999.000,9999.000
202605102142,   2.624,   2.758,9999.000,9999.000,9999.000,9999.000,9999.000,9999.000,9999.000
202605102148,   2.537,   2.660,9999.000,9999.000,9999.000,9999.000,9999.000,9999.000,9999.000
202605102154,   2.452,   2.558,9999.000,9999.000,9999.000,9999.000,9999.000,9999.000,9999.000
202605102200,   2.368,   2.459,   0.200,  -0.109,   2.459,   0.100,   2.359,   0.200,   2.459
202605102206,   2.286,   2.377,9999.000,9999.000,9999.000,9999.000,9999.000,9999.000,9999.000
202605102212,   2.206,   2.318,9999.000,9999.000,9999.000,9999.000,9999.000,9999.000,9999.000
202605102218,   2.129,   2.250,9999.000,9999.000,9999.000,9999.000,9999.000,9999.000,9999.000
202605102224,   2.054,   2.177,9999.000,9999.000,9999.000,9999.000,9999.000,9999.000,9999.000
202605102230,   1.982,   2.109,9999.000,9999.000,9999.000,9999.000,9999.000,9999.000,9999.000
202605102236,   1.913,   2.030,9999.000,9999.000,9999.000,9999.000,9999.000,9999.000,9999.000
202605102242,   1.847,   1.928,9999.000,9999.000,9999.000,9999.000,9999.000,9999.000,9999.000
202605102248,   1.786,   1.840,9999.000,9999.000,9999.000,9999.000,9999.000,9999.000,9999.000
202605102254,   1.727,   1.781,9999.000,9999.000,9999.000,9999.000,9999.000,9999.000,9999.000
202605102300,   1.673,   1.728,   0.200,  -0.145,   1.728,   0.100,   1.628,   0.200,   1.728
202605102306,   1.623,   1.699,9999.000,9999.000,9999.000,9999.000,9999.000,9999.000,9999.000
202605102312,   1.577,   1.689,9999.000,9999.000,9999.000,9999.000,9999.000,9999.000,9999.000
202605102318,   1.536,   1.689,9999.000,9999.000,9999.000,9999.000,9999.000,9999.000,9999.000
202605102324,   1.499,   1.659,9999.000,9999.000,9999.000,9999.000,9999.000,9999.000,9999.000
202605102330,   1.467,   1.620,9999.000,9999.000,9999.000,9999.000,9999.000,9999.000,9999.000
202605102336,   1.440,   1.590,9999.000,9999.000,9999.000,9999.000,9999.000,9999.000,9999.000
202605102342,   1.418,   1.548,9999.000,9999.000,9999.000,9999.000,9999.000,9999.000,9999.000
202605102348,   1.401,   1.498,9999.000,9999.000,9999.000,9999.000,9999.000,9999.000,9999.000
202605102354,   1.389,   1.518,9999.000,9999.000,9999.000,9999.000,9999.000,9999.000,9999.000
202605110000,   1.382,   1.528,   0.000,   0.146,   1.528,   0.000,   1.528,   0.000,   1.528
202605110006,   1.381,   1.548,9999.000,9999.000,9999.000,9999.000,9999.000,9999.000,9999.000
202605110012,   1.385,   1.557,9999.000,9999.000,9999.000,9999.000,9999.000,9999.000,9999.000
202605110018,   1.394,   1.610,9999.000,9999.000,9999.000,9999.000,9999.000,9999.000,9999.000
202605110024,   1.409,   1.590,9999.000,9999.000,9999.000,9999.000,9999.000,9999.000,9999.000
202605110030,   1.429,   1.610,9999.000,9999.000,9999.000,9999.000,9999.000,9999.000,9999.000
202605110036,   1.454,   1.620,9999.000,9999.000,9999.000,9999.000,9999.000,9999.000,9999.000
202605110042,   1.484,   1.620,9999.000,9999.000,9999.000,9999.000,9999.000,9999.000,9999.000
202605110048,   1.520,   1.669,9999.000,9999.000,9999.000,9999.000,9999.000,9999.000,9999.000
202605110054,   1.561,   1.708,9999.000,9999.000,9999.000,9999.000,9999.000,9999.000,9999.000
202605110100,   1.607,   1.738,   0.000,   0.131,   1.738,   0.000,   1.738,   0.000,   1.738
202605110106,   1.658,   1.800,9999.000,9999.000,9999.000,9999.000,9999.000,9999.000,9999.000
202605110112,   1.714,   1.859,9999.000,9999.000,9999.000,9999.000,9999.000,9999.000,9999.000
202605110118,   1.774,   1.899,9999.000,9999.000,9999.000,9999.000,9999.000,9999.000,9999.000
202605110124,   1.839,   1.967,9999.000,9999.000,9999.000,9999.000,9999.000,9999.000,9999.000
202605110130,   1.909,   2.049,9999.000,9999.000,9999.000,9999.000,9999.000,9999.000,9999.000
202605110136,   1.982,   2.128,9999.000,9999.000,9999.000,9999.000,9999.000,9999.000,9999.000
202605110142,   2.060,   2.191,9999.000,9999.000,9999.000,9999.000,9999.000,9999.000,9999.000
202605110148,   2.141,   2.269,9999.000,9999.000,9999.000,9999.000,9999.000,9999.000,9999.000
202605110154,   2.226,   2.338,9999.000,9999.000,9999.000,9999.000,9999.000,9999.000,9999.000
202605110200,   2.315,   2.400,   0.000,   0.085,   2.400,  -0.100,   2.300,   0.000,   2.400
202605110206,   2.406,   2.459,9999.000,9999.000,9999.000,9999.000,9999.000,9999.000,9999.000
202605110212,   2.501,   2.548,9999.000,9999.000,9999.000,9999.000,9999.000,9999.000,9999.000
202605110218,   2.599,   2.640,9999.000,9999.000,9999.000,9999.000,9999.000,9999.000,9999.000
202605110224,   2.699,   2.738,9999.000,9999.000,9999.000,9999.000,9999.000,9999.000,9999.000
202605110230,   2.802,   2.860,9999.000,9999.000,9999.000,9999.000,9999.000,9999.000,9999.000
202605110236,   2.907,   2.968,9999.000,9999.000,9999.000,9999.000,9999.000,9999.000,9999.000
202605110242,   3.014,   3.099,9999.000,9999.000,9999.000,9999.000,9999.000,9999.000,9999.000
202605110248,   3.123,   3.188,9999.000,9999.000,9999.000,9999.000,9999.000,9999.000,9999.000
202605110254,   3.234,   3.289,9999.000,9999.000,9999.000,9999.000,9999.000,9999.000,9999.000
202605110300,   3.347,   3.378,  -0.100,   0.131,   3.378,  -0.100,   3.378,   0.000,   3.478
202605110306,   3.462,   3.480,9999.000,9999.000,9999.000,9999.000,9999.000,9999.000,9999.000
202605110312,   3.579,   3.588,9999.000,9999.000,9999.000,9999.000,9999.000,9999.000,9999.000
202605110318,   3.697,   3.729,9999.000,9999.000,9999.000,9999.000,9999.000,9999.000,9999.000
202605110324,   3.816,   3.870,9999.000,9999.000,9999.000,9999.000,9999.000,9999.000,9999.000
202605110330,   3.937,   3.998,9999.000,9999.000,9999.000,9999.000,9999.000,9999.000,9999.000
202605110336,   4.060,   4.129,9999.000,9999.000,9999.000,9999.000,9999.000,9999.000,9999.000
202605110342,   4.183,   4.267,9999.000,9999.000,9999.000,9999.000,9999.000,9999.000,9999.000
202605110348,   4.309,   4.388,9999.000,9999.000,9999.000,9999.000,9999.000,9999.000,9999.000
202605110354,   4.435,   4.519,9999.000,9999.000,9999.000,9999.000,9999.000,9999.000,9999.000
202605110400,   4.563,   4.657,   0.000,   0.094,   4.657,  -0.100,   4.557,   0.000,   4.657
202605110406,   4.692,   4.778,9999.000,9999.000,9999.000,9999.000,9999.000,9999.000,9999.000
202605110412,   4.822,   4.910,9999.000,9999.000,9999.000,9999.000,9999.000,9999.000,9999.000
202605110418,   4.953,   5.038,9999.000,9999.000,9999.000,9999.000,9999.000,9999.000,9999.000
202605110424,   5.084,   5.149,9999.000,9999.000,9999.000,9999.000,9999.000,9999.000,9999.000
202605110430,   5.216,   5.277,9999.000,9999.000,9999.000,9999.000,9999.000,9999.000,9999.000
202605110436,   5.349,   5.408,9999.000,9999.000,9999.000,9999.000,9999.000,9999.000,9999.000
202605110442,   5.482,   5.539,9999.000,9999.000,9999.000,9999.000,9999.000,9999.000,9999.000
202605110448,   5.615,   5.677,9999.000,9999.000,9999.000,9999.000,9999.000,9999.000,9999.000
202605110454,   5.747,   5.818,9999.000,9999.000,9999.000,9999.000,9999.000,9999.000,9999.000
202605110500,   5.879,   5.959,   0.000,   0.080,   5.959,  -0.100,   5.859,   0.000,   5.959
202605110506,   6.010,   6.087,9999.000,9999.000,9999.000,9999.000,9999.000,9999.000,9999.000
202605110512,   6.140,   6.218,9999.000,9999.000,9999.000,9999.000,9999.000,9999.000,9999.000
202605110518,   6.268,   6.346,9999.000,9999.000,9999.000,9999.000,9999.000,9999.000,9999.000
202605110524,   6.394,   6.477,9999.000,9999.000,9999.000,9999.000,9999.000,9999.000,9999.000
202605110530,   6.518,   6.619,9999.000,9999.000,9999.000,9999.000,9999.000,9999.000,9999.000
202605110536,   6.639,   6.746,9999.000,9999.000,9999.000,9999.000,9999.000,9999.000,9999.000
202605110542,   6.758,   6.878,9999.000,9999.000,9999.000,9999.000,9999.000,9999.000,9999.000
202605110548,   6.872,   7.009,9999.000,9999.000,9999.000,9999.000,9999.000,9999.000,9999.000
202605110554,   6.984,   7.117,9999.000,9999.000,9999.000,9999.000,9999.000,9999.000,9999.000
202605110600,   7.091,   7.229,  -0.100,   0.238,   7.229,  -0.200,   7.129,  -0.100,   7.229
202605110606,   7.194,   7.317,9999.000,9999.000,9999.000,9999.000,9999.000,9999.000,9999.000
202605110612,   7.292,   7.376,9999.000,9999.000,9999.000,9999.000,9999.000,9999.000,9999.000
202605110618,   7.386,   7.458,9999.000,9999.000,9999.000,9999.000,9999.000,9999.000,9999.000
202605110624,   7.475,   7.547,9999.000,9999.000,9999.000,9999.000,9999.000,9999.000,9999.000
202605110630,   7.559,   7.629,9999.000,9999.000,9999.000,9999.000,9999.000,9999.000,9999.000
202605110636,   7.637,   7.698,9999.000,9999.000,9999.000,9999.000,9999.000,9999.000,9999.000
202605110642,   7.710,   7.757,9999.000,9999.000,9999.000,9999.000,9999.000,9999.000,9999.000
202605110648,   7.778,   7.796,9999.000,9999.000,9999.000,9999.000,9999.000,9999.000,9999.000
202605110654,   7.840,   7.858,9999.000,9999.000,9999.000,9999.000,9999.000,9999.000,9999.000
202605110700,   7.896,   7.898,  -0.200,   0.202,   7.898,  -0.200,   7.898,  -0.200,   7.898
202605110706,   7.947,   7.947,9999.000,9999.000,9999.000,9999.000,9999.000,9999.000,9999.000
202605110712,   7.993,   7.996,9999.000,9999.000,9999.000,9999.000,9999.000,9999.000,9999.000
202605110718,   8.033,   8.049,9999.000,9999.000,9999.000,9999.000,9999.000,9999.000,9999.000
202605110724,   8.067,   8.088,9999.000,9999.000,9999.000,9999.000,9999.000,9999.000,9999.000
202605110730,   8.097,   8.127,9999.000,9999.000,9999.000,9999.000,9999.000,9999.000,9999.000
202605110736,   8.121,   8.157,9999.000,9999.000,9999.000,9999.000,9999.000,9999.000,9999.000
202605110742,   8.139,   8.177,9999.000,9999.000,9999.000,9999.000,9999.000,9999.000,9999.000
202605110748,   8.153,   8.206,9999.000,9999.000,9999.000,9999.000,9999.000,9999.000,9999.000
202605110754,   8.161,   8.239,9999.000,9999.000,9999.000,9999.000,9999.000,9999.000,9999.000
202605110800,   8.164,   8.268,  -0.200,   0.304,   8.268,  -0.200,   8.268,  -0.200,   8.268
202605110806,   8.162,   8.268,9999.000,9999.000,9999.000,9999.000,9999.000,9999.000,9999.000
202605110812,   8.156,   8.288,9999.000,9999.000,9999.000,9999.000,9999.000,9999.000,9999.000
202605110818,   8.144,   8.288,9999.000,9999.000,9999.000,9999.000,9999.000,9999.000,9999.000
202605110824,   8.128,   8.268,9999.000,9999.000,9999.000,9999.000,9999.000,9999.000,9999.000
202605110830,   8.107,   8.249,9999.000,9999.000,9999.000,9999.000,9999.000,9999.000,9999.000
202605110836,   8.081,   8.216,9999.000,9999.000,9999.000,9999.000,9999.000,9999.000,9999.000
202605110842,   8.050,   8.206,9999.000,9999.000,9999.000,9999.000,9999.000,9999.000,9999.000
202605110848,   8.014,   8.167,9999.000,9999.000,9999.000,9999.000,9999.000,9999.000,9999.000
202605110854,   7.974,   8.127,9999.000,9999.000,9999.000,9999.000,9999.000,9999.000,9999.000
202605110900,   7.930,   8.078,  -0.200,   0.348,   8.078,  -0.200,   8.078,  -0.100,   8.178
202605110906,   7.880,   8.029,9999.000,9999.000,9999.000,9999.000,9999.000,9999.000,9999.000
202605110912,   7.827,   7.976,9999.000,9999.000,9999.000,9999.000,9999.000,9999.000,9999.000
202605110918,   7.769,   7.917,9999.000,9999.000,9999.000,9999.000,9999.000,9999.000,9999.000
202605110924,   7.706,   7.849,9999.000,9999.000,9999.000,9999.000,9999.000,9999.000,9999.000
202605110930,   7.640,   7.786,9999.000,9999.000,9999.000,9999.000,9999.000,9999.000,9999.000
202605110936,   7.569,   7.727,9999.000,9999.000,9999.000,9999.000,9999.000,9999.000,9999.000
202605110942,   7.495,   7.678,9999.000,9999.000,9999.000,9999.000,9999.000,9999.000,9999.000
202605110948,   7.417,   7.619,9999.000,9999.000,9999.000,9999.000,9999.000,9999.000,9999.000
202605110954,   7.335,   7.537,9999.000,9999.000,9999.000,9999.000,9999.000,9999.000,9999.000
202605111000,   7.250,   7.468,  -0.200,   0.418,   7.468,  -0.200,   7.468,  -0.100,   7.568
202605111006,   7.162,   7.376,9999.000,9999.000,9999.000,9999.000,9999.000,9999.000,9999.000
202605111012,   7.071,   7.278,9999.000,9999.000,9999.000,9999.000,9999.000,9999.000,9999.000
202605111018,   6.978,   7.147,9999.000,9999.000,9999.000,9999.000,9999.000,9999.000,9999.000
202605111024,   6.882,   7.048,9999.000,9999.000,9999.000,9999.000,9999.000,9999.000,9999.000
202605111030,   6.784,   6.927,9999.000,9999.000,9999.000,9999.000,9999.000,9999.000,9999.000
202605111036,   6.685,   6.809,9999.000,9999.000,9999.000,9999.000,9999.000,9999.000,9999.000
202605111042,   6.584,   6.717,9999.000,9999.000,9999.000,9999.000,9999.000,9999.000,9999.000
202605111048,   6.482,   6.599,9999.000,9999.000,9999.000,9999.000,9999.000,9999.000,9999.000
202605111054,   6.379,   6.477,9999.000,9999.000,9999.000,9999.000,9999.000,9999.000,9999.000
202605111100,   6.276,   6.379,  -0.200,   0.303,   6.379,  -0.200,   6.379,  -0.100,   6.479
202605111106,   6.172,   6.268,9999.000,9999.000,9999.000,9999.000,9999.000,9999.000,9999.000
202605111112,   6.069,   6.136,9999.000,9999.000,9999.000,9999.000,9999.000,9999.000,9999.000
202605111118,   5.966,   6.038,9999.000,9999.000,9999.000,9999.000,9999.000,9999.000,9999.000
202605111124,   5.864,   5.926,9999.000,9999.000,9999.000,9999.000,9999.000,9999.000,9999.000
202605111130,   5.762,   5.799,9999.000,9999.000,9999.000,9999.000,9999.000,9999.000,9999.000
202605111136,   5.662,   5.697,9999.000,9999.000,9999.000,9999.000,9999.000,9999.000,9999.000
202605111142,   5.564,   5.579,9999.000,9999.000,9999.000,9999.000,9999.000,9999.000,9999.000
202605111148,   5.467,   5.448,9999.000,9999.000,9999.000,9999.000,9999.000,9999.000,9999.000
202605111154,   5.373,   5.349,9999.000,9999.000,9999.000,9999.000,9999.000,9999.000,9999.000
202605111200,   5.280,   5.238,  -0.100,   0.058,   5.238,  -0.100,   5.238,   0.000,   5.338
202605111206,   5.191,   5.129,9999.000,9999.000,9999.000,9999.000,9999.000,9999.000,9999.000
202605111212,   5.103,   5.038,9999.000,9999.000,9999.000,9999.000,9999.000,9999.000,9999.000
202605111218,   5.019,   4.949,9999.000,9999.000,9999.000,9999.000,9999.000,9999.000,9999.000
202605111224,   4.938,   4.847,9999.000,9999.000,9999.000,9999.000,9999.000,9999.000,9999.000
202605111230,   4.860,   4.788,9999.000,9999.000,9999.000,9999.000,9999.000,9999.000,9999.000
202605111236,   4.786,   4.719,9999.000,9999.000,9999.000,9999.000,9999.000,9999.000,9999.000
202605111242,   4.715,   4.657,9999.000,9999.000,9999.000,9999.000,9999.000,9999.000,9999.000
202605111248,   4.648,   4.578,9999.000,9999.000,9999.000,9999.000,9999.000,9999.000,9999.000
202605111254,   4.584,   4.519,9999.000,9999.000,9999.000,9999.000,9999.000,9999.000,9999.000
202605111300,   4.525,   4.437,  -0.100,   0.012,   4.437,  -0.100,   4.437,  -0.100,   4.437
202605111306,   4.469,   4.378,9999.000,9999.000,9999.000,9999.000,9999.000,9999.000,9999.000
202605111312,   4.417,   4.359,9999.000,9999.000,9999.000,9999.000,9999.000,9999.000,9999.000
202605111318,   4.370,   4.319,9999.000,9999.000,9999.000,9999.000,9999.000,9999.000,9999.000
202605111324,   4.326,   4.300,9999.000,9999.000,9999.000,9999.000,9999.000,9999.000,9999.000
202605111330,   4.286,   4.280,9999.000,9999.000,9999.000,9999.000,9999.000,9999.000,9999.000
202605111336,   4.251,   4.237,9999.000,9999.000,9999.000,9999.000,9999.000,9999.000,9999.000
202605111342,   4.219,   4.188,9999.000,9999.000,9999.000,9999.000,9999.000,9999.000,9999.000
202605111348,   4.191,   4.139,9999.000,9999.000,9999.000,9999.000,9999.000,9999.000,9999.000
202605111354,   4.167,   4.080,9999.000,9999.000,9999.000,9999.000,9999.000,9999.000,9999.000
202605111400,   4.146,   4.027,  -0.100,  -0.019,   4.027,  -0.100,   4.027,  -0.100,   4.027
202605111406,   4.129,   3.998,9999.000,9999.000,9999.000,9999.000,9999.000,9999.000,9999.000
202605111412,   4.115,   3.978,9999.000,9999.000,9999.000,9999.000,9999.000,9999.000,9999.000
202605111418,   4.105,   3.968,9999.000,9999.000,9999.000,9999.000,9999.000,9999.000,9999.000
202605111424,   4.097,   3.978,9999.000,9999.000,9999.000,9999.000,9999.000,9999.000,9999.000
202605111430,   4.093,   3.988,9999.000,9999.000,9999.000,9999.000,9999.000,9999.000,9999.000
202605111436,   4.091,   3.988,9999.000,9999.000,9999.000,9999.000,9999.000,9999.000,9999.000
202605111442,   4.092,   3.998,9999.000,9999.000,9999.000,9999.000,9999.000,9999.000,9999.000
202605111448,   4.096,   3.998,9999.000,9999.000,9999.000,9999.000,9999.000,9999.000,9999.000
202605111454,   4.102,   4.008,9999.000,9999.000,9999.000,9999.000,9999.000,9999.000,9999.000
202605111500,   4.110,   4.008,  -0.200,   0.098,   4.008,  -0.200,   4.008,  -0.100,   4.108
202605111506,   4.120,   4.008,9999.000,9999.000,9999.000,9999.000,9999.000,9999.000,9999.000
202605111512,   4.132,   4.027,9999.000,9999.000,9999.000,9999.000,9999.000,9999.000,9999.000
202605111518,   4.146,   4.057,9999.000,9999.000,9999.000,9999.000,9999.000,9999.000,9999.000
202605111524,   4.162,   4.109,9999.000,9999.000,9999.000,9999.000,9999.000,9999.000,9999.000
202605111530,   4.180,   4.109,9999.000,9999.000,9999.000,9999.000,9999.000,9999.000,9999.000
202605111536,   4.199,   4.129,9999.000,9999.000,9999.000,9999.000,9999.000,9999.000,9999.000
202605111542,   4.220,   4.129,9999.000,9999.000,9999.000,9999.000,9999.000,9999.000,9999.000
202605111548,   4.243,   4.119,9999.000,9999.000,9999.000,9999.000,9999.000,9999.000,9999.000
202605111554,   4.267,   4.109,9999.000,9999.000,9999.000,9999.000,9999.000,9999.000,9999.000
202605111600,   4.293,   4.109,  -0.100,  -0.084,   4.109,  -0.100,   4.109,  -0.100,   4.109
202605111606,   4.320,   4.119,9999.000,9999.000,9999.000,9999.000,9999.000,9999.000,9999.000
202605111612,   4.349,   4.168,9999.000,9999.000,9999.000,9999.000,9999.000,9999.000,9999.000
202605111618,   4.380,   4.218,9999.000,9999.000,9999.000,9999.000,9999.000,9999.000,9999.000
202605111624,   4.411,   4.257,9999.000,9999.000,9999.000,9999.000,9999.000,9999.000,9999.000
202605111630,   4.445,   4.300,9999.000,9999.000,9999.000,9999.000,9999.000,9999.000,9999.000
202605111636,   4.479,   4.329,9999.000,9999.000,9999.000,9999.000,9999.000,9999.000,9999.000
202605111642,   4.515,   4.359,9999.000,9999.000,9999.000,9999.000,9999.000,9999.000,9999.000
202605111648,   4.552,   4.368,9999.000,9999.000,9999.000,9999.000,9999.000,9999.000,9999.000
202605111654,   4.590,   4.368,9999.000,9999.000,9999.000,9999.000,9999.000,9999.000,9999.000
202605111700,   4.628,   4.408,  -0.100,  -0.120,   4.408,  -0.100,   4.408,  -0.100,   4.408
202605111706,   4.668,   4.437,9999.000,9999.000,9999.000,9999.000,9999.000,9999.000,9999.000
202605111712,   4.707,   4.467,9999.000,9999.000,9999.000,9999.000,9999.000,9999.000,9999.000
202605111718,   4.747,   4.529,9999.000,9999.000,9999.000,9999.000,9999.000,9999.000,9999.000
202605111724,   4.787,   4.569,9999.000,9999.000,9999.000,9999.000,9999.000,9999.000,9999.000
202605111730,   4.827,   4.598,9999.000,9999.000,9999.000,9999.000,9999.000,9999.000,9999.000
202605111736,   4.866,   4.628,9999.000,9999.000,9999.000,9999.000,9999.000,9999.000,9999.000
202605111742,   4.904,   4.647,9999.000,9999.000,9999.000,9999.000,9999.000,9999.000,9999.000
202605111748,   4.941,   4.667,9999.000,9999.000,9999.000,9999.000,9999.000,9999.000,9999.000
202605111754,   4.977,9999.000,9999.000,9999.000,9999.000,9999.000,9999.000,9999.000,9999.000
202605111800,   5.011,9999.000,  -0.100,  -0.110,   4.801,  -0.200,   4.701,  -0.100,   4.801
202605111806,   5.042,9999.000,9999.000,9999.000,9999.000,9999.000,9999.000,9999.000,9999.000
202605111812,   5.072,9999.000,9999.000,9999.000,9999.000,9999.000,9999.000,9999.000,9999.000
202605111818,   5.099,9999.000,9999.000,9999.000,9999.000,9999.000,9999.000,9999.000,9999.000
202605111824,   5.122,9999.000,9999.000,9999.000,9999.000,9999.000,9999.000,9999.000,9999.000
202605111830,   5.143,9999.000,9999.000,9999.000,9999.000,9999.000,9999.000,9999.000,9999.000
202605111836,   5.161,9999.000,9999.000,9999.000,9999.000,9999.000,9999.000,9999.000,9999.000
202605111842,   5.175,9999.000,9999.000,9999.000,9999.000,9999.000,9999.000,9999.000,9999.000
202605111848,   5.185,9999.000,9999.000,9999.000,9999.000,9999.000,9999.000,9999.000,9999.000
202605111854,   5.192,9999.000,9999.000,9999.000,9999.000,9999.000,9999.000,9999.000,9999.000
202605111900,   5.194,9999.000,  -0.100,  -0.099,   4.995,  -0.200,   4.895,  -0.100,   4.995
202605111906,   5.193,9999.000,9999.000,9999.000,9999.000,9999.000,9999.000,9999.000,9999.000
202605111912,   5.188,9999.000,9999.000,9999.000,9999.000,9999.000,9999.000,9999.000,9999.000
202605111918,   5.180,9999.000,9999.000,9999.000,9999.000,9999.000,9999.000,9999.000,9999.000
202605111924,   5.167,9999.000,9999.000,9999.000,9999.000,9999.000,9999.000,9999.000,9999.000
202605111930,   5.151,9999.000,9999.000,9999.000,9999.000,9999.000,9999.000,9999.000,9999.000
202605111936,   5.130,9999.000,9999.000,9999.000,9999.000,9999.000,9999.000,9999.000,9999.000
202605111942,   5.107,9999.000,9999.000,9999.000,9999.000,9999.000,9999.000,9999.000,9999.000
202605111948,   5.080,9999.000,9999.000,9999.000,9999.000,9999.000,9999.000,9999.000,9999.000
202605111954,   5.049,9999.000,9999.000,9999.000,9999.000,9999.000,9999.000,9999.000,9999.000
202605112000,   5.015,9999.000,  -0.100,  -0.089,   4.826,  -0.100,   4.826,  -0.100,   4.826
202605112006,   4.978,9999.000,9999.000,9999.000,9999.000,9999.000,9999.000,9999.000,9999.000
202605112012,   4.939,9999.000,9999.000,9999.000,9999.000,9999.000,9999.000,9999.000,9999.000
202605112018,   4.896,9999.000,9999.000,9999.000,9999.000,9999.000,9999.000,9999.000,9999.000
202605112024,   4.850,9999.000,9999.000,9999.000,9999.000,9999.000,9999.000,9999.000,9999.000
202605112030,   4.802,9999.000,9999.000,9999.000,9999.000,9999.000,9999.000,9999.000,9999.000
202605112036,   4.752,9999.000,9999.000,9999.000,9999.000,9999.000,9999.000,9999.000,9999.000
202605112042,   4.699,9999.000,9999.000,9999.000,9999.000,9999.000,9999.000,9999.000,9999.000
202605112048,   4.644,9999.000,9999.000,9999.000,9999.000,9999.000,9999.000,9999.000,9999.000
202605112054,   4.586,9999.000,9999.000,9999.000,9999.000,9999.000,9999.000,9999.000,9999.000
202605112100,   4.526,9999.000,  -0.100,  -0.079,   4.347,  -0.100,   4.347,   0.000,   4.447
202605112106,   4.465,9999.000,9999.000,9999.000,9999.000,9999.000,9999.000,9999.000,9999.000
202605112112,   4.401,9999.000,9999.000,9999.000,9999.000,9999.000,9999.000,9999.000,9999.000
202605112118,   4.336,9999.000,9999.000,9999.000,9999.000,9999.000,9999.000,9999.000,9999.000
202605112124,   4.268,9999.000,9999.000,9999.000,9999.000,9999.000,9999.000,9999.000,9999.000
202605112130,   4.199,9999.000,9999.000,9999.000,9999.000,9999.000,9999.000,9999.000,9999.000
202605112136,   4.129,9999.000,9999.000,9999.000,9999.000,9999.000,9999.000,9999.000,9999.000
202605112142,   4.056,9999.000,9999.000,9999.000,9999.000,9999.000,9999.000,9999.000,9999.000
202605112148,   3.983,9999.000,9999.000,9999.000,9999.000,9999.000,9999.000,9999.000,9999.000
202605112154,   3.908,9999.000,9999.000,9999.000,9999.000,9999.000,9999.000,9999.000,9999.000
202605112200,   3.832,9999.000,  -0.100,  -0.068,   3.664,  -0.100,   3.664,   0.000,   3.764
202605112206,   3.755,9999.000,9999.000,9999.000,9999.000,9999.000,9999.000,9999.000,9999.000
202605112212,   3.677,9999.000,9999.000,9999.000,9999.000,9999.000,9999.000,9999.000,9999.000
202605112218,   3.598,9999.000,9999.000,9999.000,9999.000,9999.000,9999.000,9999.000,9999.000
202605112224,   3.520,9999.000,9999.000,9999.000,9999.000,9999.000,9999.000,9999.000,9999.000
202605112230,   3.441,9999.000,9999.000,9999.000,9999.000,9999.000,9999.000,9999.000,9999.000
202605112236,   3.362,9999.000,9999.000,9999.000,9999.000,9999.000,9999.000,9999.000,9999.000
202605112242,   3.283,9999.000,9999.000,9999.000,9999.000,9999.000,9999.000,9999.000,9999.000
202605112248,   3.205,9999.000,9999.000,9999.000,9999.000,9999.000,9999.000,9999.000,9999.000
202605112254,   3.128,9999.000,9999.000,9999.000,9999.000,9999.000,9999.000,9999.000,9999.000
202605112300,   3.052,9999.000,   0.000,  -0.058,   2.994,  -0.100,   2.894,   0.000,   2.994
202605112306,   2.977,9999.000,9999.000,9999.000,9999.000,9999.000,9999.000,9999.000,9999.000
202605112312,   2.904,9999.000,9999.000,9999.000,9999.000,9999.000,9999.000,9999.000,9999.000
202605112318,   2.832,9999.000,9999.000,9999.000,9999.000,9999.000,9999.000,9999.000,9999.000
202605112324,   2.763,9999.000,9999.000,9999.000,9999.000,9999.000,9999.000,9999.000,9999.000
202605112330,   2.697,9999.000,9999.000,9999.000,9999.000,9999.000,9999.000,9999.000,9999.000
202605112336,   2.633,9999.000,9999.000,9999.000,9999.000,9999.000,9999.000,9999.000,9999.000
202605112342,   2.572,9999.000,9999.000,9999.000,9999.000,9999.000,9999.000,9999.000,9999.000
202605112348,   2.515,9999.000,9999.000,9999.000,9999.000,9999.000,9999.000,9999.000,9999.000
202605112354,   2.461,9999.000,9999.000,9999.000,9999.000,9999.000,9999.000,9999.000,9999.000
202605120000,   2.410,9999.000,   0.000,  -0.048,   2.362,  -0.100,   2.262,   0.000,   2.362
202605120006,   2.364,9999.000,9999.000,9999.000,9999.000,9999.000,9999.000,9999.000,9999.000
202605120012,   2.322,9999.000,9999.000,9999.000,9999.000,9999.000,9999.000,9999.000,9999.000
202605120018,   2.284,9999.000,9999.000,9999.000,9999.000,9999.000,9999.000,9999.000,9999.000
202605120024,   2.250,9999.000,9999.000,9999.000,9999.000,9999.000,9999.000,9999.000,9999.000
202605120030,   2.222,9999.000,9999.000,9999.000,9999.000,9999.000,9999.000,9999.000,9999.000
202605120036,   2.198,9999.000,9999.000,9999.000,9999.000,9999.000,9999.000,9999.000,9999.000
202605120042,   2.179,9999.000,9999.000,9999.000,9999.000,9999.000,9999.000,9999.000,9999.000
202605120048,   2.165,9999.000,9999.000,9999.000,9999.000,9999.000,9999.000,9999.000,9999.000
202605120054,   2.156,9999.000,9999.000,9999.000,9999.000,9999.000,9999.000,9999.000,9999.000
202605120100,   2.152,9999.000,   0.000,  -0.037,   2.115,  -0.100,   2.015,   0.000,   2.115
202605120106,   2.154,9999.000,9999.000,9999.000,9999.000,9999.000,9999.000,9999.000,9999.000
202605120112,   2.161,9999.000,9999.000,9999.000,9999.000,9999.000,9999.000,9999.000,9999.000
202605120118,   2.173,9999.000,9999.000,9999.000,9999.000,9999.000,9999.000,9999.000,9999.000
202605120124,   2.191,9999.000,9999.000,9999.000,9999.000,9999.000,9999.000,9999.000,9999.000
202605120130,   2.214,9999.000,9999.000,9999.000,9999.000,9999.000,9999.000,9999.000,9999.000
202605120136,   2.242,9999.000,9999.000,9999.000,9999.000,9999.000,9999.000,9999.000,9999.000
202605120142,   2.276,9999.000,9999.000,9999.000,9999.000,9999.000,9999.000,9999.000,9999.000
202605120148,   2.315,9999.000,9999.000,9999.000,9999.000,9999.000,9999.000,9999.000,9999.000
202605120154,   2.359,9999.000,9999.000,9999.000,9999.000,9999.000,9999.000,9999.000,9999.000
202605120200,   2.408,9999.000,   0.000,  -0.027,   2.381,   0.000,   2.381,   0.000,   2.381
202605120206,   2.462,9999.000,9999.000,9999.000,9999.000,9999.000,9999.000,9999.000,9999.000
202605120212,   2.520,9999.000,9999.000,9999.000,9999.000,9999.000,9999.000,9999.000,9999.000
202605120218,   2.584,9999.000,9999.000,9999.000,9999.000,9999.000,9999.000,9999.000,9999.000
202605120224,   2.651,9999.000,9999.000,9999.000,9999.000,9999.000,9999.000,9999.000,9999.000
202605120230,   2.723,9999.000,9999.000,9999.000,9999.000,9999.000,9999.000,9999.000,9999.000
202605120236,   2.799,9999.000,9999.000,9999.000,9999.000,9999.000,9999.000,9999.000,9999.000
202605120242,   2.879,9999.000,9999.000,9999.000,9999.000,9999.000,9999.000,9999.000,9999.000
202605120248,   2.963,9999.000,9999.000,9999.000,9999.000,9999.000,9999.000,9999.000,9999.000
202605120254,   3.050,9999.000,9999.000,9999.000,9999.000,9999.000,9999.000,9999.000,9999.000
202605120300,   3.140,9999.000,   0.000,  -0.017,   3.123,   0.000,   3.123,   0.000,   3.123
202605120306,   3.233,9999.000,9999.000,9999.000,9999.000,9999.000,9999.000,9999.000,9999.000
202605120312,   3.328,9999.000,9999.000,9999.000,9999.000,9999.000,9999.000,9999.000,9999.000
202605120318,   3.427,9999.000,9999.000,9999.000,9999.000,9999.000,9999.000,9999.000,9999.000
202605120324,   3.527,9999.000,9999.000,9999.000,9999.000,9999.000,9999.000,9999.000,9999.000
202605120330,   3.630,9999.000,9999.000,9999.000,9999.000,9999.000,9999.000,9999.000,9999.000
202605120336,   3.735,9999.000,9999.000,9999.000,9999.000,9999.000,9999.000,9999.000,9999.000
202605120342,   3.842,9999.000,9999.000,9999.000,9999.000,9999.000,9999.000,9999.000,9999.000
202605120348,   3.950,9999.000,9999.000,9999.000,9999.000,9999.000,9999.000,9999.000,9999.000
202605120354,   4.060,9999.000,9999.000,9999.000,9999.000,9999.000,9999.000,9999.000,9999.000
202605120400,   4.172,9999.000,   0.000,  -0.006,   4.166,   0.000,   4.166,   0.000,   4.166
202605120406,   4.285,9999.000,9999.000,9999.000,9999.000,9999.000,9999.000,9999.000,9999.000
202605120412,   4.400,9999.000,9999.000,9999.000,9999.000,9999.000,9999.000,9999.000,9999.000
202605120418,   4.515,9999.000,9999.000,9999.000,9999.000,9999.000,9999.000,9999.000,9999.000
202605120424,   4.632,9999.000,9999.000,9999.000,9999.000,9999.000,9999.000,9999.000,9999.000
202605120430,   4.751,9999.000,9999.000,9999.000,9999.000,9999.000,9999.000,9999.000,9999.000
202605120436,   4.870,9999.000,9999.000,9999.000,9999.000,9999.000,9999.000,9999.000,9999.000
202605120442,   4.990,9999.000,9999.000,9999.000,9999.000,9999.000,9999.000,9999.000,9999.000
202605120448,   5.111,9999.000,9999.000,9999.000,9999.000,9999.000,9999.000,9999.000,9999.000
202605120454,   5.233,9999.000,9999.000,9999.000,9999.000,9999.000,9999.000,9999.000,9999.000
202605120500,   5.356,9999.000,   0.000,   0.004,   5.360,   0.000,   5.360,   0.000,   5.360
202605120506,   5.479,9999.000,9999.000,9999.000,9999.000,9999.000,9999.000,9999.000,9999.000
202605120512,   5.603,9999.000,9999.000,9999.000,9999.000,9999.000,9999.000,9999.000,9999.000
202605120518,   5.727,9999.000,9999.000,9999.000,9999.000,9999.000,9999.000,9999.000,9999.000
202605120524,   5.852,9999.000,9999.000,9999.000,9999.000,9999.000,9999.000,9999.000,9999.000
202605120530,   5.976,9999.000,9999.000,9999.000,9999.000,9999.000,9999.000,9999.000,9999.000
202605120536,   6.100,9999.000,9999.000,9999.000,9999.000,9999.000,9999.000,9999.000,9999.000
202605120542,   6.223,9999.000,9999.000,9999.000,9999.000,9999.000,9999.000,9999.000,9999.000
202605120548,   6.345,9999.000,9999.000,9999.000,9999.000,9999.000,9999.000,9999.000,9999.000
202605120554,   6.466,9999.000,9999.000,9999.000,9999.000,9999.000,9999.000,9999.000,9999.000
202605120600,   6.586,9999.000,   0.000,   0.004,   6.590,   0.000,   6.590,   0.000,   6.590
202605120606,   6.703,9999.000,9999.000,9999.000,9999.000,9999.000,9999.000,9999.000,9999.000
202605120612,   6.819,9999.000,9999.000,9999.000,9999.000,9999.000,9999.000,9999.000,9999.000
202605120618,   6.931,9999.000,9999.000,9999.000,9999.000,9999.000,9999.000,9999.000,9999.000
202605120624,   7.041,9999.000,9999.000,9999.000,9999.000,9999.000,9999.000,9999.000,9999.000
202605120630,   7.147,9999.000,9999.000,9999.000,9999.000,9999.000,9999.000,9999.000,9999.000
202605120636,   7.250,9999.000,9999.000,9999.000,9999.000,9999.000,9999.000,9999.000,9999.000
202605120642,   7.349,9999.000,9999.000,9999.000,9999.000,9999.000,9999.000,9999.000,9999.000
202605120648,   7.443,9999.000,9999.000,9999.000,9999.000,9999.000,9999.000,9999.000,9999.000
202605120654,   7.533,9999.000,9999.000,9999.000,9999.000,9999.000,9999.000,9999.000,9999.000
202605120700,   7.617,9999.000,   0.000,   0.004,   7.621,   0.000,   7.621,   0.000,   7.621
202605120706,   7.697,9999.000,9999.000,9999.000,9999.000,9999.000,9999.000,9999.000,9999.000
202605120712,   7.771,9999.000,9999.000,9999.000,9999.000,9999.000,9999.000,9999.000,9999.000
202605120718,   7.839,9999.000,9999.000,9999.000,9999.000,9999.000,9999.000,9999.000,9999.000
202605120724,   7.902,9999.000,9999.000,9999.000,9999.000,9999.000,9999.000,9999.000,9999.000
202605120730,   7.959,9999.000,9999.000,9999.000,9999.000,9999.000,9999.000,9999.000,9999.000
202605120736,   8.009,9999.000,9999.000,9999.000,9999.000,9999.000,9999.000,9999.000,9999.000
202605120742,   8.054,9999.000,9999.000,9999.000,9999.000,9999.000,9999.000,9999.000,9999.000
202605120748,   8.092,9999.000,9999.000,9999.000,9999.000,9999.000,9999.000,9999.000,9999.000
202605120754,   8.124,9999.000,9999.000,9999.000,9999.000,9999.000,9999.000,9999.000,9999.000
202605120800,   8.150,9999.000,   0.000,   0.004,   8.154,   0.000,   8.154,   0.000,   8.154
202605120806,   8.170,9999.000,9999.000,9999.000,9999.000,9999.000,9999.000,9999.000,9999.000
202605120812,   8.184,9999.000,9999.000,9999.000,9999.000,9999.000,9999.000,9999.000,9999.000
202605120818,   8.192,9999.000,9999.000,9999.000,9999.000,9999.000,9999.000,9999.000,9999.000
202605120824,   8.193,9999.000,9999.000,9999.000,9999.000,9999.000,9999.000,9999.000,9999.000
202605120830,   8.189,9999.000,9999.000,9999.000,9999.000,9999.000,9999.000,9999.000,9999.000
202605120836,   8.179,9999.000,9999.000,9999.000,9999.000,9999.000,9999.000,9999.000,9999.000
202605120842,   8.162,9999.000,9999.000,9999.000,9999.000,9999.000,9999.000,9999.000,9999.000
202605120848,   8.140,9999.000,9999.000,9999.000,9999.000,9999.000,9999.000,9999.000,9999.000
202605120854,   8.113,9999.000,9999.000,9999.000,9999.000,9999.000,9999.000,9999.000,9999.000
202605120900,   8.079,9999.000,   0.000,   0.004,   8.083,   0.000,   8.083,   0.000,   8.083
202605120906,   8.040,9999.000,9999.000,9999.000,9999.000,9999.000,9999.000,9999.000,9999.000
202605120912,   7.996,9999.000,9999.000,9999.000,9999.000,9999.000,9999.000,9999.000,9999.000
202605120918,   7.946,9999.000,9999.000,9999.000,9999.000,9999.000,9999.000,9999.000,9999.000
202605120924,   7.890,9999.000,9999.000,9999.000,9999.000,9999.000,9999.000,9999.000,9999.000
202605120930,   7.829,9999.000,9999.000,9999.000,9999.000,9999.000,9999.000,9999.000,9999.000
202605120936,   7.763,9999.000,9999.000,9999.000,9999.000,9999.000,9999.000,9999.000,9999.000
202605120942,   7.692,9999.000,9999.000,9999.000,9999.000,9999.000,9999.000,9999.000,9999.000
202605120948,   7.615,9999.000,9999.000,9999.000,9999.000,9999.000,9999.000,9999.000,9999.000
202605120954,   7.534,9999.000,9999.000,9999.000,9999.000,9999.000,9999.000,9999.000,9999.000
202605121000,   7.447,9999.000,   0.000,   0.004,   7.451,   0.000,   7.451,   0.000,   7.451
202605121006,   7.356,9999.000,9999.000,9999.000,9999.000,9999.000,9999.000,9999.000,9999.000
202605121012,   7.260,9999.000,9999.000,9999.000,9999.000,9999.000,9999.000,9999.000,9999.000
202605121018,   7.159,9999.000,9999.000,9999.000,9999.000,9999.000,9999.000,9999.000,9999.000
202605121024,   7.054,9999.000,9999.000,9999.000,9999.000,9999.000,9999.000,9999.000,9999.000
202605121030,   6.945,9999.000,9999.000,9999.000,9999.000,9999.000,9999.000,9999.000,9999.000
202605121036,   6.832,9999.000,9999.000,9999.000,9999.000,9999.000,9999.000,9999.000,9999.000
202605121042,   6.715,9999.000,9999.000,9999.000,9999.000,9999.000,9999.000,9999.000,9999.000
202605121048,   6.595,9999.000,9999.000,9999.000,9999.000,9999.000,9999.000,9999.000,9999.000
202605121054,   6.472,9999.000,9999.000,9999.000,9999.000,9999.000,9999.000,9999.000,9999.000
202605121100,   6.346,9999.000,   0.000,   0.004,   6.350,   0.000,   6.350,   0.000,   6.350
202605121106,   6.218,9999.000,9999.000,9999.000,9999.000,9999.000,9999.000,9999.000,9999.000
202605121112,   6.088,9999.000,9999.000,9999.000,9999.000,9999.000,9999.000,9999.000,9999.000
202605121118,   5.955,9999.000,9999.000,9999.000,9999.000,9999.000,9999.000,9999.000,9999.000
202605121124,   5.822,9999.000,9999.000,9999.000,9999.000,9999.000,9999.000,9999.000,9999.000
202605121130,   5.687,9999.000,9999.000,9999.000,9999.000,9999.000,9999.000,9999.000,9999.000
202605121136,   5.552,9999.000,9999.000,9999.000,9999.000,9999.000,9999.000,9999.000,9999.000
202605121142,   5.417,9999.000,9999.000,9999.000,9999.000,9999.000,9999.000,9999.000,9999.000
202605121148,   5.282,9999.000,9999.000,9999.000,9999.000,9999.000,9999.000,9999.000,9999.000
202605121154,   5.148,9999.000,9999.000,9999.000,9999.000,9999.000,9999.000,9999.000,9999.000
202605121200,   5.014,9999.000,   0.000,   0.004,   5.018,   0.000,   5.018,   0.100,   5.118
202605121206,   4.882,9999.000,9999.000,9999.000,9999.000,9999.000,9999.000,9999.000,9999.000
202605121212,   4.752,9999.000,9999.000,9999.000,9999.000,9999.000,9999.000,9999.000,9999.000
202605121218,   4.623,9999.000,9999.000,9999.000,9999.000,9999.000,9999.000,9999.000,9999.000
202605121224,   4.498,9999.000,9999.000,9999.000,9999.000,9999.000,9999.000,9999.000,9999.000
202605121230,   4.375,9999.000,9999.000,9999.000,9999.000,9999.000,9999.000,9999.000,9999.000
202605121236,   4.255,9999.000,9999.000,9999.000,9999.000,9999.000,9999.000,9999.000,9999.000
202605121242,   4.138,9999.000,9999.000,9999.000,9999.000,9999.000,9999.000,9999.000,9999.000
202605121248,   4.025,9999.000,9999.000,9999.000,9999.000,9999.000,9999.000,9999.000,9999.000
202605121254,   3.916,9999.000,9999.000,9999.000,9999.000,9999.000,9999.000,9999.000,9999.000
202605121300,   3.812,9999.000,   0.100,   0.004,   3.916,   0.000,   3.816,   0.100,   3.916
202605121306,   3.712,9999.000,9999.000,9999.000,9999.000,9999.000,9999.000,9999.000,9999.000
202605121312,   3.616,9999.000,9999.000,9999.000,9999.000,9999.000,9999.000,9999.000,9999.000
202605121318,   3.526,9999.000,9999.000,9999.000,9999.000,9999.000,9999.000,9999.000,9999.000
202605121324,   3.440,9999.000,9999.000,9999.000,9999.000,9999.000,9999.000,9999.000,9999.000
202605121330,   3.360,9999.000,9999.000,9999.000,9999.000,9999.000,9999.000,9999.000,9999.000
202605121336,   3.285,9999.000,9999.000,9999.000,9999.000,9999.000,9999.000,9999.000,9999.000
202605121342,   3.216,9999.000,9999.000,9999.000,9999.000,9999.000,9999.000,9999.000,9999.000
202605121348,   3.152,9999.000,9999.000,9999.000,9999.000,9999.000,9999.000,9999.000,9999.000
202605121354,   3.094,9999.000,9999.000,9999.000,9999.000,9999.000,9999.000,9999.000,9999.000
202605121400,   3.042,9999.000,   0.000,   0.004,   3.046,   0.000,   3.046,   0.100,   3.146
202605121406,   2.995,9999.000,9999.000,9999.000,9999.000,9999.000,9999.000,9999.000,9999.000
202605121412,   2.954,9999.000,9999.000,9999.000,9999.000,9999.000,9999.000,9999.000,9999.000
202605121418,   2.918,9999.000,9999.000,9999.000,9999.000,9999.000,9999.000,9999.000,9999.000
202605121424,   2.888,9999.000,9999.000,9999.000,9999.000,9999.000,9999.000,9999.000,9999.000
202605121430,   2.864,9999.000,9999.000,9999.000,9999.000,9999.000,9999.000,9999.000,9999.000
202605121436,   2.845,9999.000,9999.000,9999.000,9999.000,9999.000,9999.000,9999.000,9999.000
202605121442,   2.831,9999.000,9999.000,9999.000,9999.000,9999.000,9999.000,9999.000,9999.000
202605121448,   2.822,9999.000,9999.000,9999.000,9999.000,9999.000,9999.000,9999.000,9999.000
202605121454,   2.818,9999.000,9999.000,9999.000,9999.000,9999.000,9999.000,9999.000,9999.000
202605121500,   2.819,9999.000,   0.000,   0.004,   2.823,   0.000,   2.823,   0.100,   2.923
202605121506,   2.825,9999.000,9999.000,9999.000,9999.000,9999.000,9999.000,9999.000,9999.000
202605121512,   2.835,9999.000,9999.000,9999.000,9999.000,9999.000,9999.000,9999.000,9999.000
202605121518,   2.849,9999.000,9999.000,9999.000,9999.000,9999.000,9999.000,9999.000,9999.000
202605121524,   2.867,9999.000,9999.000,9999.000,9999.000,9999.000,9999.000,9999.000,9999.000
202605121530,   2.888,9999.000,9999.000,9999.000,9999.000,9999.000,9999.000,9999.000,9999.000
202605121536,   2.914,9999.000,9999.000,9999.000,9999.000,9999.000,9999.000,9999.000,9999.000
202605121542,   2.942,9999.000,9999.000,9999.000,9999.000,9999.000,9999.000,9999.000,9999.000
202605121548,   2.974,9999.000,9999.000,9999.000,9999.000,9999.000,9999.000,9999.000,9999.000
202605121554,   3.008,9999.000,9999.000,9999.000,9999.000,9999.000,9999.000,9999.000,9999.000
202605121600,   3.045,9999.000,   0.100,   0.004,   3.149,   0.100,   3.149,   0.200,   3.249
202605121606,   3.085,9999.000,9999.000,9999.000,9999.000,9999.000,9999.000,9999.000,9999.000
202605121612,   3.128,9999.000,9999.000,9999.000,9999.000,9999.000,9999.000,9999.000,9999.000
202605121618,   3.172,9999.000,9999.000,9999.000,9999.000,9999.000,9999.000,9999.000,9999.000
202605121624,   3.219,9999.000,9999.000,9999.000,9999.000,9999.000,9999.000,9999.000,9999.000
202605121630,   3.268,9999.000,9999.000,9999.000,9999.000,9999.000,9999.000,9999.000,9999.000
202605121636,   3.320,9999.000,9999.000,9999.000,9999.000,9999.000,9999.000,9999.000,9999.000
202605121642,   3.373,9999.000,9999.000,9999.000,9999.000,9999.000,9999.000,9999.000,9999.000
202605121648,   3.428,9999.000,9999.000,9999.000,9999.000,9999.000,9999.000,9999.000,9999.000
202605121654,   3.485,9999.000,9999.000,9999.000,9999.000,9999.000,9999.000,9999.000,9999.000
202605121700,   3.544,9999.000,   0.100,   0.004,   3.648,   0.100,   3.648,   0.100,   3.648
202605121706,   3.604,9999.000,9999.000,9999.000,9999.000,9999.000,9999.000,9999.000,9999.000
202605121712,   3.666,9999.000,9999.000,9999.000,9999.000,9999.000,9999.000,9999.000,9999.000
202605121718,   3.730,9999.000,9999.000,9999.000,9999.000,9999.000,9999.000,9999.000,9999.000
202605121724,   3.796,9999.000,9999.000,9999.000,9999.000,9999.000,9999.000,9999.000,9999.000
202605121730,   3.863,9999.000,9999.000,9999.000,9999.000,9999.000,9999.000,9999.000,9999.000
202605121736,   3.931,9999.000,9999.000,9999.000,9999.000,9999.000,9999.000,9999.000,9999.000
202605121742,   4.001,9999.000,9999.000,9999.000,9999.000,9999.000,9999.000,9999.000,9999.000
202605121748,   4.071,9999.000,9999.000,9999.000,9999.000,9999.000,9999.000,9999.000,9999.000
202605121754,   4.143,9999.000,9999.000,9999.000,9999.000,9999.000,9999.000,9999.000,9999.000
202605121800,   4.215,9999.000,   0.100,   0.004,   4.319,   0.100,   4.319,   0.200,   4.419
202605121806,   4.288,9999.000,9999.000,9999.000,9999.000,9999.000,9999.000,9999.000,9999.000
202605121812,   4.361,9999.000,9999.000,9999.000,9999.000,9999.000,9999.000,9999.000,9999.000
202605121818,   4.433,9999.000,9999.000,9999.000,9999.000,9999.000,9999.000,9999.000,9999.000
202605121824,   4.506,9999.000,9999.000,9999.000,9999.000,9999.000,9999.000,9999.000,9999.000
202605121830,   4.578,9999.000,9999.000,9999.000,9999.000,9999.000,9999.000,9999.000,9999.000
202605121836,   4.649,9999.000,9999.000,9999.000,9999.000,9999.000,9999.000,9999.000,9999.000
202605121842,   4.719,9999.000,9999.000,9999.000,9999.000,9999.000,9999.000,9999.000,9999.000
202605121848,   4.787,9999.000,9999.000,9999.000,9999.000,9999.000,9999.000,9999.000,9999.000
202605121854,   4.853,9999.000,9999.000,9999.000,9999.000,9999.000,9999.000,9999.000,9999.000
202605121900,   4.917,9999.000,   0.100,   0.004,   5.021,   0.000,   4.921,   0.100,   5.021
202605121906,   4.979,9999.000,9999.000,9999.000,9999.000,9999.000,9999.000,9999.000,9999.000
202605121912,   5.038,9999.000,9999.000,9999.000,9999.000,9999.000,9999.000,9999.000,9999.000
202605121918,   5.094,9999.000,9999.000,9999.000,9999.000,9999.000,9999.000,9999.000,9999.000
202605121924,   5.147,9999.000,9999.000,9999.000,9999.000,9999.000,9999.000,9999.000,9999.000
202605121930,   5.197,9999.000,9999.000,9999.000,9999.000,9999.000,9999.000,9999.000,9999.000
202605121936,   5.243,9999.000,9999.000,9999.000,9999.000,9999.000,9999.000,9999.000,9999.000
202605121942,   5.285,9999.000,9999.000,9999.000,9999.000,9999.000,9999.000,9999.000,9999.000
202605121948,   5.324,9999.000,9999.000,9999.000,9999.000,9999.000,9999.000,9999.000,9999.000
202605121954,   5.358,9999.000,9999.000,9999.000,9999.000,9999.000,9999.000,9999.000,9999.000
202605122000,   5.388,9999.000,   0.100,   0.004,   5.492,   0.100,   5.492,   0.200,   5.592
202605122006,   5.415,9999.000,9999.000,9999.000,9999.000,9999.000,9999.000,9999.000,9999.000
202605122012,   5.437,9999.000,9999.000,9999.000,9999.000,9999.000,9999.000,9999.000,9999.000
202605122018,   5.455,9999.000,9999.000,9999.000,9999.000,9999.000,9999.000,9999.000,9999.000
202605122024,   5.469,9999.000,9999.000,9999.000,9999.000,9999.000,9999.000,9999.000,9999.000
202605122030,   5.479,9999.000,9999.000,9999.000,9999.000,9999.000,9999.000,9999.000,9999.000
202605122036,   5.486,9999.000,9999.000,9999.000,9999.000,9999.000,9999.000,9999.000,9999.000
202605122042,   5.488,9999.000,9999.000,9999.000,9999.000,9999.000,9999.000,9999.000,9999.000
202605122048,   5.486,9999.000,9999.000,9999.000,9999.000,9999.000,9999.000,9999.000,9999.000
202605122054,   5.481,9999.000,9999.000,9999.000,9999.000,9999.000,9999.000,9999.000,9999.000
202605122100,   5.472,9999.000,   0.200,   0.004,   5.676,   0.100,   5.576,   0.200,   5.676
202605122106,   5.460,9999.000,9999.000,9999.000,9999.000,9999.000,9999.000,9999.000,9999.000
202605122112,   5.444,9999.000,9999.000,9999.000,9999.000,9999.000,9999.000,9999.000,9999.000
202605122118,   5.424,9999.000,9999.000,9999.000,9999.000,9999.000,9999.000,9999.000,9999.000
202605122124,   5.402,9999.000,9999.000,9999.000,9999.000,9999.000,9999.000,9999.000,9999.000
202605122130,   5.375,9999.000,9999.000,9999.000,9999.000,9999.000,9999.000,9999.000,9999.000
202605122136,   5.346,9999.000,9999.000,9999.000,9999.000,9999.000,9999.000,9999.000,9999.000
202605122142,   5.314,9999.000,9999.000,9999.000,9999.000,9999.000,9999.000,9999.000,9999.000
202605122148,   5.278,9999.000,9999.000,9999.000,9999.000,9999.000,9999.000,9999.000,9999.000
202605122154,   5.239,9999.000,9999.000,9999.000,9999.000,9999.000,9999.000,9999.000,9999.000
202605122200,   5.197,9999.000,   0.200,   0.004,   5.401,   0.100,   5.301,   0.200,   5.401
202605122206,   5.152,9999.000,9999.000,9999.000,9999.000,9999.000,9999.000,9999.000,9999.000
202605122212,   5.104,9999.000,9999.000,9999.000,9999.000,9999.000,9999.000,9999.000,9999.000
202605122218,   5.053,9999.000,9999.000,9999.000,9999.000,9999.000,9999.000,9999.000,9999.000
202605122224,   4.999,9999.000,9999.000,9999.000,9999.000,9999.000,9999.000,9999.000,9999.000
202605122230,   4.943,9999.000,9999.000,9999.000,9999.000,9999.000,9999.000,9999.000,9999.000
202605122236,   4.884,9999.000,9999.000,9999.000,9999.000,9999.000,9999.000,9999.000,9999.000
202605122242,   4.822,9999.000,9999.000,9999.000,9999.000,9999.000,9999.000,9999.000,9999.000
202605122248,   4.758,9999.000,9999.000,9999.000,9999.000,9999.000,9999.000,9999.000,9999.000
202605122254,   4.692,9999.000,9999.000,9999.000,9999.000,9999.000,9999.000,9999.000,9999.000
202605122300,   4.624,9999.000,   0.200,   0.004,   4.828,   0.200,   4.828,   0.300,   4.928
202605122306,   4.554,9999.000,9999.000,9999.000,9999.000,9999.000,9999.000,9999.000,9999.000
202605122312,   4.483,9999.000,9999.000,9999.000,9999.000,9999.000,9999.000,9999.000,9999.000
202605122318,   4.410,9999.000,9999.000,9999.000,9999.000,9999.000,9999.000,9999.000,9999.000
202605122324,   4.336,9999.000,9999.000,9999.000,9999.000,9999.000,9999.000,9999.000,9999.000
202605122330,   4.261,9999.000,9999.000,9999.000,9999.000,9999.000,9999.000,9999.000,9999.000
202605122336,   4.185,9999.000,9999.000,9999.000,9999.000,9999.000,9999.000,9999.000,9999.000
202605122342,   4.110,9999.000,9999.000,9999.000,9999.000,9999.000,9999.000,9999.000,9999.000
202605122348,   4.034,9999.000,9999.000,9999.000,9999.000,9999.000,9999.000,9999.000,9999.000
202605122354,   3.959,9999.000,9999.000,9999.000,9999.000,9999.000,9999.000,9999.000,9999.000
202605130000,   3.885,9999.000,   0.200,   0.004,   4.089,   0.200,   4.089,   0.300,   4.189
202605130006,   3.812,9999.000,9999.000,9999.000,9999.000,9999.000,9999.000,9999.000,9999.000
202605130012,   3.740,9999.000,9999.000,9999.000,9999.000,9999.000,9999.000,9999.000,9999.000
202605130018,   3.670,9999.000,9999.000,9999.000,9999.000,9999.000,9999.000,9999.000,9999.000
202605130024,   3.602,9999.000,9999.000,9999.000,9999.000,9999.000,9999.000,9999.000,9999.000
202605130030,   3.536,9999.000,9999.000,9999.000,9999.000,9999.000,9999.000,9999.000,9999.000
202605130036,   3.474,9999.000,9999.000,9999.000,9999.000,9999.000,9999.000,9999.000,9999.000
202605130042,   3.414,9999.000,9999.000,9999.000,9999.000,9999.000,9999.000,9999.000,9999.000
202605130048,   3.357,9999.000,9999.000,9999.000,9999.000,9999.000,9999.000,9999.000,9999.000
202605130054,   3.304,9999.000,9999.000,9999.000,9999.000,9999.000,9999.000,9999.000,9999.000
202605130100,   3.255,9999.000,   0.300,   0.004,   3.559,   0.200,   3.459,   0.300,   3.559
202605130106,   3.210,9999.000,9999.000,9999.000,9999.000,9999.000,9999.000,9999.000,9999.000
202605130112,   3.170,9999.000,9999.000,9999.000,9999.000,9999.000,9999.000,9999.000,9999.000
202605130118,   3.134,9999.000,9999.000,9999.000,9999.000,9999.000,9999.000,9999.000,9999.000
202605130124,   3.103,9999.000,9999.000,9999.000,9999.000,9999.000,9999.000,9999.000,9999.000
202605130130,   3.076,9999.000,9999.000,9999.000,9999.000,9999.000,9999.000,9999.000,9999.000
202605130136,   3.055,9999.000,9999.000,9999.000,9999.000,9999.000,9999.000,9999.000,9999.000
202605130142,   3.039,9999.000,9999.000,9999.000,9999.000,9999.000,9999.000,9999.000,9999.000
202605130148,   3.028,9999.000,9999.000,9999.000,9999.000,9999.000,9999.000,9999.000,9999.000
202605130154,   3.023,9999.000,9999.000,9999.000,9999.000,9999.000,9999.000,9999.000,9999.000
202605130200,   3.023,9999.000,   0.300,   0.004,   3.327,   0.200,   3.227,   0.300,   3.327
202605130206,   3.029,9999.000,9999.000,9999.000,9999.000,9999.000,9999.000,9999.000,9999.000
202605130212,   3.040,9999.000,9999.000,9999.000,9999.000,9999.000,9999.000,9999.000,9999.000
202605130218,   3.057,9999.000,9999.000,9999.000,9999.000,9999.000,9999.000,9999.000,9999.000
202605130224,   3.079,9999.000,9999.000,9999.000,9999.000,9999.000,9999.000,9999.000,9999.000
202605130230,   3.107,9999.000,9999.000,9999.000,9999.000,9999.000,9999.000,9999.000,9999.000
202605130236,   3.141,9999.000,9999.000,9999.000,9999.000,9999.000,9999.000,9999.000,9999.000
202605130242,   3.180,9999.000,9999.000,9999.000,9999.000,9999.000,9999.000,9999.000,9999.000
202605130248,   3.224,9999.000,9999.000,9999.000,9999.000,9999.000,9999.000,9999.000,9999.000
202605130254,   3.273,9999.000,9999.000,9999.000,9999.000,9999.000,9999.000,9999.000,9999.000
202605130300,   3.328,9999.000,   0.200,   0.004,   3.532,   0.200,   3.532,   0.300,   3.632
202605130306,   3.387,9999.000,9999.000,9999.000,9999.000,9999.000,9999.000,9999.000,9999.000
202605130312,   3.451,9999.000,9999.000,9999.000,9999.000,9999.000,9999.000,9999.000,9999.000
202605130318,   3.519,9999.000,9999.000,9999.000,9999.000,9999.000,9999.000,9999.000,9999.000
202605130324,   3.591,9999.000,9999.000,9999.000,9999.000,9999.000,9999.000,9999.000,9999.000
202605130330,   3.668,9999.000,9999.000,9999.000,9999.000,9999.000,9999.000,9999.000,9999.000
202605130336,   3.748,9999.000,9999.000,9999.000,9999.000,9999.000,9999.000,9999.000,9999.000
202605130342,   3.831,9999.000,9999.000,9999.000,9999.000,9999.000,9999.000,9999.000,9999.000
202605130348,   3.918,9999.000,9999.000,9999.000,9999.000,9999.000,9999.000,9999.000,9999.000
202605130354,   4.007,9999.000,9999.000,9999.000,9999.000,9999.000,9999.000,9999.000,9999.000
202605130400,   4.100,9999.000,   0.300,   0.004,   4.404,   0.200,   4.304,   0.300,   4.404
202605130406,   4.195,9999.000,9999.000,9999.000,9999.000,9999.000,9999.000,9999.000,9999.000
202605130412,   4.291,9999.000,9999.000,9999.000,9999.000,9999.000,9999.000,9999.000,9999.000
202605130418,   4.390,9999.000,9999.000,9999.000,9999.000,9999.000,9999.000,9999.000,9999.000
202605130424,   4.491,9999.000,9999.000,9999.000,9999.000,9999.000,9999.000,9999.000,9999.000
202605130430,   4.594,9999.000,9999.000,9999.000,9999.000,9999.000,9999.000,9999.000,9999.000
202605130436,   4.698,9999.000,9999.000,9999.000,9999.000,9999.000,9999.000,9999.000,9999.000
202605130442,   4.803,9999.000,9999.000,9999.000,9999.000,9999.000,9999.000,9999.000,9999.000
202605130448,   4.909,9999.000,9999.000,9999.000,9999.000,9999.000,9999.000,9999.000,9999.000
202605130454,   5.016,9999.000,9999.000,9999.000,9999.000,9999.000,9999.000,9999.000,9999.000
202605130500,   5.125,9999.000,   0.200,   0.004,   5.329,   0.200,   5.329,   0.300,   5.429
202605130506,   5.234,9999.000,9999.000,9999.000,9999.000,9999.000,9999.000,9999.000,9999.000
202605130512,   5.344,9999.000,9999.000,9999.000,9999.000,9999.000,9999.000,9999.000,9999.000
202605130518,   5.454,9999.000,9999.000,9999.000,9999.000,9999.000,9999.000,9999.000,9999.000
202605130524,   5.565,9999.000,9999.000,9999.000,9999.000,9999.000,9999.000,9999.000,9999.000
202605130530,   5.677,9999.000,9999.000,9999.000,9999.000,9999.000,9999.000,9999.000,9999.000
202605130536,   5.789,9999.000,9999.000,9999.000,9999.000,9999.000,9999.000,9999.000,9999.000
202605130542,   5.901,9999.000,9999.000,9999.000,9999.000,9999.000,9999.000,9999.000,9999.000
202605130548,   6.014,9999.000,9999.000,9999.000,9999.000,9999.000,9999.000,9999.000,9999.000
202605130554,   6.126,9999.000,9999.000,9999.000,9999.000,9999.000,9999.000,9999.000,9999.000
202605130600,   6.239,9999.000,   0.300,   0.004,   6.543,   0.200,   6.443,   0.300,   6.543
202605130606,   6.351,9999.000,9999.000,9999.000,9999.000,9999.000,9999.000,9999.000,9999.000
202605130612,   6.463,9999.000,9999.000,9999.000,9999.000,9999.000,9999.000,9999.000,9999.000
202605130618,   6.574,9999.000,9999.000,9999.000,9999.000,9999.000,9999.000,9999.000,9999.000
202605130624,   6.685,9999.000,9999.000,9999.000,9999.000,9999.000,9999.000,9999.000,9999.000
202605130630,   6.794,9999.000,9999.000,9999.000,9999.000,9999.000,9999.000,9999.000,9999.000
202605130636,   6.902,9999.000,9999.000,9999.000,9999.000,9999.000,9999.000,9999.000,9999.000
202605130642,   7.008,9999.000,9999.000,9999.000,9999.000,9999.000,9999.000,9999.000,9999.000
202605130648,   7.112,9999.000,9999.000,9999.000,9999.000,9999.000,9999.000,9999.000,9999.000
202605130654,   7.214,9999.000,9999.000,9999.000,9999.000,9999.000,9999.000,9999.000,9999.000
202605130700,   7.313,9999.000,   0.200,   0.004,   7.517,   0.200,   7.517,   0.300,   7.617
202605130706,   7.409,9999.000,9999.000,9999.000,9999.000,9999.000,9999.000,9999.000,9999.000
202605130712,   7.502,9999.000,9999.000,9999.000,9999.000,9999.000,9999.000,9999.000,9999.000
202605130718,   7.591,9999.000,9999.000,9999.000,9999.000,9999.000,9999.000,9999.000,9999.000
202605130724,   7.675,9999.000,9999.000,9999.000,9999.000,9999.000,9999.000,9999.000,9999.000
202605130730,   7.756,9999.000,9999.000,9999.000,9999.000,9999.000,9999.000,9999.000,9999.000
202605130736,   7.831,9999.000,9999.000,9999.000,9999.000,9999.000,9999.000,9999.000,9999.000
202605130742,   7.901,9999.000,9999.000,9999.000,9999.000,9999.000,9999.000,9999.000,9999.000
202605130748,   7.966,9999.000,9999.000,9999.000,9999.000,9999.000,9999.000,9999.000,9999.000
202605130754,   8.025,9999.000,9999.000,9999.000,9999.000,9999.000,9999.000,9999.000,9999.000
202605130800,   8.078,9999.000,   0.200,   0.004,   8.282,   0.200,   8.282,   0.300,   8.382
202605130806,   8.125,9999.000,9999.000,9999.000,9999.000,9999.000,9999.000,9999.000,9999.000
202605130812,   8.165,9999.000,9999.000,9999.000,9999.000,9999.000,9999.000,9999.000,9999.000
202605130818,   8.199,9999.000,9999.000,9999.000,9999.000,9999.000,9999.000,9999.000,9999.000
202605130824,   8.226,9999.000,9999.000,9999.000,9999.000,9999.000,9999.000,9999.000,9999.000
202605130830,   8.247,9999.000,9999.000,9999.000,9999.000,9999.000,9999.000,9999.000,9999.000
202605130836,   8.260,9999.000,9999.000,9999.000,9999.000,9999.000,9999.000,9999.000,9999.000
202605130842,   8.267,9999.000,9999.000,9999.000,9999.000,9999.000,9999.000,9999.000,9999.000
202605130848,   8.267,9999.000,9999.000,9999.000,9999.000,9999.000,9999.000,9999.000,9999.000
202605130854,   8.260,9999.000,9999.000,9999.000,9999.000,9999.000,9999.000,9999.000,9999.000
202605130900,   8.246,9999.000,   0.200,   0.004,   8.450,   0.200,   8.450,   0.300,   8.550
202605130906,   8.225,9999.000,9999.000,9999.000,9999.000,9999.000,9999.000,9999.000,9999.000
202605130912,   8.197,9999.000,9999.000,9999.000,9999.000,9999.000,9999.000,9999.000,9999.000
202605130918,   8.162,9999.000,9999.000,9999.000,9999.000,9999.000,9999.000,9999.000,9999.000
202605130924,   8.121,9999.000,9999.000,9999.000,9999.000,9999.000,9999.000,9999.000,9999.000
202605130930,   8.073,9999.000,9999.000,9999.000,9999.000,9999.000,9999.000,9999.000,9999.000
202605130936,   8.019,9999.000,9999.000,9999.000,9999.000,9999.000,9999.000,9999.000,9999.000
202605130942,   7.958,9999.000,9999.000,9999.000,9999.000,9999.000,9999.000,9999.000,9999.000
202605130948,   7.890,9999.000,9999.000,9999.000,9999.000,9999.000,9999.000,9999.000,9999.000
202605130954,   7.817,9999.000,9999.000,9999.000,9999.000,9999.000,9999.000,9999.000,9999.000
202605131000,   7.737,9999.000,   0.200,   0.004,   7.941,   0.200,   7.941,   0.300,   8.041
202605131006,   7.651,9999.000,9999.000,9999.000,9999.000,9999.000,9999.000,9999.000,9999.000
202605131012,   7.558,9999.000,9999.000,9999.000,9999.000,9999.000,9999.000,9999.000,9999.000
202605131018,   7.460,9999.000,9999.000,9999.000,9999.000,9999.000,9999.000,9999.000,9999.000
202605131024,   7.356,9999.000,9999.000,9999.000,9999.000,9999.000,9999.000,9999.000,9999.000
202605131030,   7.246,9999.000,9999.000,9999.000,9999.000,9999.000,9999.000,9999.000,9999.000
202605131036,   7.130,9999.000,9999.000,9999.000,9999.000,9999.000,9999.000,9999.000,9999.000
202605131042,   7.009,9999.000,9999.000,9999.000,9999.000,9999.000,9999.000,9999.000,9999.000
202605131048,   6.882,9999.000,9999.000,9999.000,9999.000,9999.000,9999.000,9999.000,9999.000
202605131054,   6.751,9999.000,9999.000,9999.000,9999.000,9999.000,9999.000,9999.000,9999.000
202605131100,   6.614,9999.000,   0.200,   0.004,   6.818,   0.200,   6.818,   0.300,   6.918
202605131106,   6.472,9999.000,9999.000,9999.000,9999.000,9999.000,9999.000,9999.000,9999.000
202605131112,   6.327,9999.000,9999.000,9999.000,9999.000,9999.000,9999.000,9999.000,9999.000
202605131118,   6.176,9999.000,9999.000,9999.000,9999.000,9999.000,9999.000,9999.000,9999.000
202605131124,   6.022,9999.000,9999.000,9999.000,9999.000,9999.000,9999.000,9999.000,9999.000
202605131130,   5.865,9999.000,9999.000,9999.000,9999.000,9999.000,9999.000,9999.000,9999.000
202605131136,   5.704,9999.000,9999.000,9999.000,9999.000,9999.000,9999.000,9999.000,9999.000
202605131142,   5.540,9999.000,9999.000,9999.000,9999.000,9999.000,9999.000,9999.000,9999.000
202605131148,   5.374,9999.000,9999.000,9999.000,9999.000,9999.000,9999.000,9999.000,9999.000
202605131154,   5.206,9999.000,9999.000,9999.000,9999.000,9999.000,9999.000,9999.000,9999.000
202605131200,   5.036,9999.000,   0.200,   0.004,   5.240,   0.200,   5.240,   0.300,   5.340
202605131206,   4.865,9999.000,9999.000,9999.000,9999.000,9999.000,9999.000,9999.000,9999.000
202605131212,   4.694,9999.000,9999.000,9999.000,9999.000,9999.000,9999.000,9999.000,9999.000
202605131218,   4.522,9999.000,9999.000,9999.000,9999.000,9999.000,9999.000,9999.000,9999.000
202605131224,   4.351,9999.000,9999.000,9999.000,9999.000,9999.000,9999.000,9999.000,9999.000
202605131230,   4.180,9999.000,9999.000,9999.000,9999.000,9999.000,9999.000,9999.000,9999.000
202605131236,   4.011,9999.000,9999.000,9999.000,9999.000,9999.000,9999.000,9999.000,9999.000
202605131242,   3.844,9999.000,9999.000,9999.000,9999.000,9999.000,9999.000,9999.000,9999.000
202605131248,   3.679,9999.000,9999.000,9999.000,9999.000,9999.000,9999.000,9999.000,9999.000
202605131254,   3.517,9999.000,9999.000,9999.000,9999.000,9999.000,9999.000,9999.000,9999.000
202605131300,   3.358,9999.000,   0.200,   0.004,   3.562,   0.100,   3.462,   0.300,   3.662
202605131306,   3.202,9999.000,9999.000,9999.000,9999.000,9999.000,9999.000,9999.000,9999.000
202605131312,   3.051,9999.000,9999.000,9999.000,9999.000,9999.000,9999.000,9999.000,9999.000
202605131318,   2.904,9999.000,9999.000,9999.000,9999.000,9999.000,9999.000,9999.000,9999.000
202605131324,   2.762,9999.000,9999.000,9999.000,9999.000,9999.000,9999.000,9999.000,9999.000
202605131330,   2.625,9999.000,9999.000,9999.000,9999.000,9999.000,9999.000,9999.000,9999.000
202605131336,   2.494,9999.000,9999.000,9999.000,9999.000,9999.000,9999.000,9999.000,9999.000
202605131342,   2.369,9999.000,9999.000,9999.000,9999.000,9999.000,9999.000,9999.000,9999.000
202605131348,   2.250,9999.000,9999.000,9999.000,9999.000,9999.000,9999.000,9999.000,9999.000
202605131354,   2.137,9999.000,9999.000,9999.000,9999.000,9999.000,9999.000,9999.000,9999.000
202605131400,   2.031,9999.000,   0.200,   0.004,   2.235,   0.100,   2.135,   0.200,   2.235
202605131406,   1.933,9999.000,9999.000,9999.000,9999.000,9999.000,9999.000,9999.000,9999.000
202605131412,   1.841,9999.000,9999.000,9999.000,9999.000,9999.000,9999.000,9999.000,9999.000
202605131418,   1.756,9999.000,9999.000,9999.000,9999.000,9999.000,9999.000,9999.000,9999.000
202605131424,   1.679,9999.000,9999.000,9999.000,9999.000,9999.000,9999.000,9999.000,9999.000
202605131430,   1.610,9999.000,9999.000,9999.000,9999.000,9999.000,9999.000,9999.000,9999.000
202605131436,   1.548,9999.000,9999.000,9999.000,9999.000,9999.000,9999.000,9999.000,9999.000
202605131442,   1.494,9999.000,9999.000,9999.000,9999.000,9999.000,9999.000,9999.000,9999.000
202605131448,   1.448,9999.000,9999.000,9999.000,9999.000,9999.000,9999.000,9999.000,9999.000
202605131454,   1.409,9999.000,9999.000,9999.000,9999.000,9999.000,9999.000,9999.000,9999.000
202605131500,   1.377,9999.000,   0.200,   0.004,   1.581,   0.100,   1.481,   0.200,   1.581
202605131506,   1.354,9999.000,9999.000,9999.000,9999.000,9999.000,9999.000,9999.000,9999.000
202605131512,   1.337,9999.000,9999.000,9999.000,9999.000,9999.000,9999.000,9999.000,9999.000
202605131518,   1.328,9999.000,9999.000,9999.000,9999.000,9999.000,9999.000,9999.000,9999.000
202605131524,   1.326,9999.000,9999.000,9999.000,9999.000,9999.000,9999.000,9999.000,9999.000
202605131530,   1.331,9999.000,9999.000,9999.000,9999.000,9999.000,9999.000,9999.000,9999.000
202605131536,   1.342,9999.000,9999.000,9999.000,9999.000,9999.000,9999.000,9999.000,9999.000
202605131542,   1.360,9999.000,9999.000,9999.000,9999.000,9999.000,9999.000,9999.000,9999.000
202605131548,   1.385,9999.000,9999.000,9999.000,9999.000,9999.000,9999.000,9999.000,9999.000
202605131554,   1.415,9999.000,9999.000,9999.000,9999.000,9999.000,9999.000,9999.000,9999.000
202605131600,   1.450,9999.000,   0.200,   0.004,   1.654,   0.200,   1.654,   0.300,   1.754
202605131606,   1.491,9999.000,9999.000,9999.000,9999.000,9999.000,9999.000,9999.000,9999.000
202605131612,   1.537,9999.000,9999.000,9999.000,9999.000,9999.000,9999.000,9999.000,9999.000
202605131618,   1.588,9999.000,9999.000,9999.000,9999.000,9999.000,9999.000,9999.000,9999.000
202605131624,   1.644,9999.000,9999.000,9999.000,9999.000,9999.000,9999.000,9999.000,9999.000
202605131630,   1.703,9999.000,9999.000,9999.000,9999.000,9999.000,9999.000,9999.000,9999.000
202605131636,   1.766,9999.000,9999.000,9999.000,9999.000,9999.000,9999.000,9999.000,9999.000
202605131642,   1.833,9999.000,9999.000,9999.000,9999.000,9999.000,9999.000,9999.000,9999.000
202605131648,   1.904,9999.000,9999.000,9999.000,9999.000,9999.000,9999.000,9999.000,9999.000
202605131654,   1.978,9999.000,9999.000,9999.000,9999.000,9999.000,9999.000,9999.000,9999.000
202605131700,   2.054,9999.000,   0.200,   0.004,   2.258,   0.100,   2.158,   0.200,   2.258
202605131706,   2.134,9999.000,9999.000,9999.000,9999.000,9999.000,9999.000,9999.000,9999.000
202605131712,   2.216,9999.000,9999.000,9999.000,9999.000,9999.000,9999.000,9999.000,9999.000
202605131718,   2.300,9999.000,9999.000,9999.000,9999.000,9999.000,9999.000,9999.000,9999.000
202605131724,   2.387,9999.000,9999.000,9999.000,9999.000,9999.000,9999.000,9999.000,9999.000
202605131730,   2.476,9999.000,9999.000,9999.000,9999.000,9999.000,9999.000,9999.000,9999.000
202605131736,   2.567,9999.000,9999.000,9999.000,9999.000,9999.000,9999.000,9999.000,9999.000
202605131742,   2.661,9999.000,9999.000,9999.000,9999.000,9999.000,9999.000,9999.000,9999.000
202605131748,   2.756,9999.000,9999.000,9999.000,9999.000,9999.000,9999.000,9999.000,9999.000
202605131754,   2.853,9999.000,9999.000,9999.000,9999.000,9999.000,9999.000,9999.000,9999.000
202605131800,   2.952,9999.000,   0.200,   0.004,   3.156,   0.100,   3.056,   0.200,   3.156
202605131806,   3.053,9999.000,9999.000,9999.000,9999.000,9999.000,9999.000,9999.000,9999.000
202605131812,   3.155,9999.000,9999.000,9999.000,9999.000,9999.000,9999.000,9999.000,9999.000
202605131818,   3.259,9999.000,9999.000,9999.000,9999.000,9999.000,9999.000,9999.000,9999.000
202605131824,   3.364,9999.000,9999.000,9999.000,9999.000,9999.000,9999.000,9999.000,9999.000
202605131830,   3.471,9999.000,9999.000,9999.000,9999.000,9999.000,9999.000,9999.000,9999.000
202605131836,   3.578,9999.000,9999.000,9999.000,9999.000,9999.000,9999.000,9999.000,9999.000
202605131842,   3.687,9999.000,9999.000,9999.000,9999.000,9999.000,9999.000,9999.000,9999.000
202605131848,   3.797,9999.000,9999.000,9999.000,9999.000,9999.000,9999.000,9999.000,9999.000
202605131854,   3.907,9999.000,9999.000,9999.000,9999.000,9999.000,9999.000,9999.000,9999.000
202605131900,   4.017,9999.000,   0.100,   0.004,   4.121,   0.100,   4.121,   0.200,   4.221
202605131906,   4.127,9999.000,9999.000,9999.000,9999.000,9999.000,9999.000,9999.000,9999.000
202605131912,   4.237,9999.000,9999.000,9999.000,9999.000,9999.000,9999.000,9999.000,9999.000
202605131918,   4.347,9999.000,9999.000,9999.000,9999.000,9999.000,9999.000,9999.000,9999.000
202605131924,   4.456,9999.000,9999.000,9999.000,9999.000,9999.000,9999.000,9999.000,9999.000
202605131930,   4.564,9999.000,9999.000,9999.000,9999.000,9999.000,9999.000,9999.000,9999.000
202605131936,   4.670,9999.000,9999.000,9999.000,9999.000,9999.000,9999.000,9999.000,9999.000
202605131942,   4.775,9999.000,9999.000,9999.000,9999.000,9999.000,9999.000,9999.000,9999.000
202605131948,   4.877,9999.000,9999.000,9999.000,9999.000,9999.000,9999.000,9999.000,9999.000
202605131954,   4.977,9999.000,9999.000,9999.000,9999.000,9999.000,9999.000,9999.000,9999.000
202605132000,   5.075,9999.000,   0.200,   0.004,   5.279,   0.100,   5.179,   0.300,   5.379
202605132006,   5.169,9999.000,9999.000,9999.000,9999.000,9999.000,9999.000,9999.000,9999.000
202605132012,   5.260,9999.000,9999.000,9999.000,9999.000,9999.000,9999.000,9999.000,9999.000
202605132018,   5.348,9999.000,9999.000,9999.000,9999.000,9999.000,9999.000,9999.000,9999.000
202605132024,   5.432,9999.000,9999.000,9999.000,9999.000,9999.000,9999.000,9999.000,9999.000
202605132030,   5.512,9999.000,9999.000,9999.000,9999.000,9999.000,9999.000,9999.000,9999.000
202605132036,   5.588,9999.000,9999.000,9999.000,9999.000,9999.000,9999.000,9999.000,9999.000
202605132042,   5.660,9999.000,9999.000,9999.000,9999.000,9999.000,9999.000,9999.000,9999.000
202605132048,   5.727,9999.000,9999.000,9999.000,9999.000,9999.000,9999.000,9999.000,9999.000
202605132054,   5.790,9999.000,9999.000,9999.000,9999.000,9999.000,9999.000,9999.000,9999.000
202605132100,   5.849,9999.000,   0.200,   0.004,   6.053,   0.100,   5.953,   0.300,   6.153
202605132106,   5.903,9999.000,9999.000,9999.000,9999.000,9999.000,9999.000,9999.000,9999.000
202605132112,   5.952,9999.000,9999.000,9999.000,9999.000,9999.000,9999.000,9999.000,9999.000
202605132118,   5.996,9999.000,9999.000,9999.000,9999.000,9999.000,9999.000,9999.000,9999.000
202605132124,   6.036,9999.000,9999.000,9999.000,9999.000,9999.000,9999.000,9999.000,9999.000
202605132130,   6.072,9999.000,9999.000,9999.000,9999.000,9999.000,9999.000,9999.000,9999.000
202605132136,   6.103,9999.000,9999.000,9999.000,9999.000,9999.000,9999.000,9999.000,9999.000
202605132142,   6.129,9999.000,9999.000,9999.000,9999.000,9999.000,9999.000,9999.000,9999.000
202605132148,   6.150,9999.000,9999.000,9999.000,9999.000,9999.000,9999.000,9999.000,9999.000
202605132154,   6.168,9999.000,9999.000,9999.000,9999.000,9999.000,9999.000,9999.000,9999.000
202605132200,   6.180,9999.000,   0.100,   0.004,   6.284,   0.000,   6.184,   0.200,   6.384
202605132206,   6.188,9999.000,9999.000,9999.000,9999.000,9999.000,9999.000,9999.000,9999.000
202605132212,   6.192,9999.000,9999.000,9999.000,9999.000,9999.000,9999.000,9999.000,9999.000
202605132218,   6.191,9999.000,9999.000,9999.000,9999.000,9999.000,9999.000,9999.000,9999.000
202605132224,   6.186,9999.000,9999.000,9999.000,9999.000,9999.000,9999.000,9999.000,9999.000
202605132230,   6.176,9999.000,9999.000,9999.000,9999.000,9999.000,9999.000,9999.000,9999.000
202605132236,   6.162,9999.000,9999.000,9999.000,9999.000,9999.000,9999.000,9999.000,9999.000
202605132242,   6.144,9999.000,9999.000,9999.000,9999.000,9999.000,9999.000,9999.000,9999.000
202605132248,   6.121,9999.000,9999.000,9999.000,9999.000,9999.000,9999.000,9999.000,9999.000
202605132254,   6.094,9999.000,9999.000,9999.000,9999.000,9999.000,9999.000,9999.000,9999.000
202605132300,   6.063,9999.000,   0.100,   0.004,   6.167,   0.000,   6.067,   0.200,   6.267
202605132306,   6.028,9999.000,9999.000,9999.000,9999.000,9999.000,9999.000,9999.000,9999.000
202605132312,   5.988,9999.000,9999.000,9999.000,9999.000,9999.000,9999.000,9999.000,9999.000
202605132318,   5.944,9999.000,9999.000,9999.000,9999.000,9999.000,9999.000,9999.000,9999.000
202605132324,   5.897,9999.000,9999.000,9999.000,9999.000,9999.000,9999.000,9999.000,9999.000
202605132330,   5.845,9999.000,9999.000,9999.000,9999.000,9999.000,9999.000,9999.000,9999.000
202605132336,   5.790,9999.000,9999.000,9999.000,9999.000,9999.000,9999.000,9999.000,9999.000
202605132342,   5.732,9999.000,9999.000,9999.000,9999.000,9999.000,9999.000,9999.000,9999.000
202605132348,   5.670,9999.000,9999.000,9999.000,9999.000,9999.000,9999.000,9999.000,9999.000
202605132354,   5.605,9999.000,9999.000,9999.000,9999.000,9999.000,9999.000,9999.000,9999.000
202605140000,   5.538,9999.000,   0.100,   0.004,   5.642,   0.000,   5.542,   0.200,   5.742
202605140006,   5.468,9999.000,9999.000,9999.000,9999.000,9999.000,9999.000,9999.000,9999.000
202605140012,   5.396,9999.000,9999.000,9999.000,9999.000,9999.000,9999.000,9999.000,9999.000
202605140018,   5.322,9999.000,9999.000,9999.000,9999.000,9999.000,9999.000,9999.000,9999.000
202605140024,   5.246,9999.000,9999.000,9999.000,9999.000,9999.000,9999.000,9999.000,9999.000
202605140030,   5.170,9999.000,9999.000,9999.000,9999.000,9999.000,9999.000,9999.000,9999.000
202605140036,   5.092,9999.000,9999.000,9999.000,9999.000,9999.000,9999.000,9999.000,9999.000
202605140042,   5.015,9999.000,9999.000,9999.000,9999.000,9999.000,9999.000,9999.000,9999.000
202605140048,   4.937,9999.000,9999.000,9999.000,9999.000,9999.000,9999.000,9999.000,9999.000
202605140054,   4.860,9999.000,9999.000,9999.000,9999.000,9999.000,9999.000,9999.000,9999.000
202605140100,   4.783,9999.000,   0.200,   0.004,   4.987,   0.000,   4.787,   0.300,   5.087
202605140106,   4.708,9999.000,9999.000,9999.000,9999.000,9999.000,9999.000,9999.000,9999.000
202605140112,   4.635,9999.000,9999.000,9999.000,9999.000,9999.000,9999.000,9999.000,9999.000
202605140118,   4.563,9999.000,9999.000,9999.000,9999.000,9999.000,9999.000,9999.000,9999.000
202605140124,   4.494,9999.000,9999.000,9999.000,9999.000,9999.000,9999.000,9999.000,9999.000
202605140130,   4.428,9999.000,9999.000,9999.000,9999.000,9999.000,9999.000,9999.000,9999.000
202605140136,   4.364,9999.000,9999.000,9999.000,9999.000,9999.000,9999.000,9999.000,9999.000
202605140142,   4.305,9999.000,9999.000,9999.000,9999.000,9999.000,9999.000,9999.000,9999.000
202605140148,   4.249,9999.000,9999.000,9999.000,9999.000,9999.000,9999.000,9999.000,9999.000
202605140154,   4.197,9999.000,9999.000,9999.000,9999.000,9999.000,9999.000,9999.000,9999.000
202605140200,   4.149,9999.000,   0.100,   0.004,   4.253,   0.000,   4.153,   0.200,   4.353
202605140206,   4.107,9999.000,9999.000,9999.000,9999.000,9999.000,9999.000,9999.000,9999.000
202605140212,   4.069,9999.000,9999.000,9999.000,9999.000,9999.000,9999.000,9999.000,9999.000
202605140218,   4.036,9999.000,9999.000,9999.000,9999.000,9999.000,9999.000,9999.000,9999.000
202605140224,   4.008,9999.000,9999.000,9999.000,9999.000,9999.000,9999.000,9999.000,9999.000
202605140230,   3.986,9999.000,9999.000,9999.000,9999.000,9999.000,9999.000,9999.000,9999.000
202605140236,   3.969,9999.000,9999.000,9999.000,9999.000,9999.000,9999.000,9999.000,9999.000
202605140242,   3.958,9999.000,9999.000,9999.000,9999.000,9999.000,9999.000,9999.000,9999.000
202605140248,   3.953,9999.000,9999.000,9999.000,9999.000,9999.000,9999.000,9999.000,9999.000
202605140254,   3.954,9999.000,9999.000,9999.000,9999.000,9999.000,9999.000,9999.000,9999.000
202605140300,   3.960,9999.000,   0.100,   0.004,   4.064,   0.000,   3.964,   0.200,   4.164
202605140306,   3.973,9999.000,9999.000,9999.000,9999.000,9999.000,9999.000,9999.000,9999.000
202605140312,   3.991,9999.000,9999.000,9999.000,9999.000,9999.000,9999.000,9999.000,9999.000
202605140318,   4.015,9999.000,9999.000,9999.000,9999.000,9999.000,9999.000,9999.000,9999.000
202605140324,   4.045,9999.000,9999.000,9999.000,9999.000,9999.000,9999.000,9999.000,9999.000
202605140330,   4.081,9999.000,9999.000,9999.000,9999.000,9999.000,9999.000,9999.000,9999.000
202605140336,   4.122,9999.000,9999.000,9999.000,9999.000,9999.000,9999.000,9999.000,9999.000
202605140342,   4.168,9999.000,9999.000,9999.000,9999.000,9999.000,9999.000,9999.000,9999.000
202605140348,   4.219,9999.000,9999.000,9999.000,9999.000,9999.000,9999.000,9999.000,9999.000
202605140354,   4.276,9999.000,9999.000,9999.000,9999.000,9999.000,9999.000,9999.000,9999.000
202605140400,   4.337,9999.000,   0.100,   0.004,   4.441,   0.000,   4.341,   0.200,   4.541
202605140406,   4.402,9999.000,9999.000,9999.000,9999.000,9999.000,9999.000,9999.000,9999.000
202605140412,   4.472,9999.000,9999.000,9999.000,9999.000,9999.000,9999.000,9999.000,9999.000
202605140418,   4.545,9999.000,9999.000,9999.000,9999.000,9999.000,9999.000,9999.000,9999.000
202605140424,   4.622,9999.000,9999.000,9999.000,9999.000,9999.000,9999.000,9999.000,9999.000
202605140430,   4.703,9999.000,9999.000,9999.000,9999.000,9999.000,9999.000,9999.000,9999.000
202605140436,   4.786,9999.000,9999.000,9999.000,9999.000,9999.000,9999.000,9999.000,9999.000
202605140442,   4.873,9999.000,9999.000,9999.000,9999.000,9999.000,9999.000,9999.000,9999.000
202605140448,   4.961,9999.000,9999.000,9999.000,9999.000,9999.000,9999.000,9999.000,9999.000
202605140454,   5.052,9999.000,9999.000,9999.000,9999.000,9999.000,9999.000,9999.000,9999.000
202605140500,   5.144,9999.000,   0.100,   0.004,   5.248,   0.000,   5.148,   0.200,   5.348
202605140506,   5.239,9999.000,9999.000,9999.000,9999.000,9999.000,9999.000,9999.000,9999.000
202605140512,   5.334,9999.000,9999.000,9999.000,9999.000,9999.000,9999.000,9999.000,9999.000
202605140518,   5.431,9999.000,9999.000,9999.000,9999.000,9999.000,9999.000,9999.000,9999.000
202605140524,   5.529,9999.000,9999.000,9999.000,9999.000,9999.000,9999.000,9999.000,9999.000
202605140530,   5.627,9999.000,9999.000,9999.000,9999.000,9999.000,9999.000,9999.000,9999.000
202605140536,   5.726,9999.000,9999.000,9999.000,9999.000,9999.000,9999.000,9999.000,9999.000
202605140542,   5.825,9999.000,9999.000,9999.000,9999.000,9999.000,9999.000,9999.000,9999.000
202605140548,   5.925,9999.000,9999.000,9999.000,9999.000,9999.000,9999.000,9999.000,9999.000
202605140554,   6.025,9999.000,9999.000,9999.000,9999.000,9999.000,9999.000,9999.000,9999.000
202605140600,   6.124,9999.000,   0.100,   0.004,   6.228,   0.000,   6.128,   0.200,   6.328
202605140606,   6.224,9999.000,9999.000,9999.000,9999.000,9999.000,9999.000,9999.000,9999.000
202605140612,   6.324,9999.000,9999.000,9999.000,9999.000,9999.000,9999.000,9999.000,9999.000
202605140618,   6.424,9999.000,9999.000,9999.000,9999.000,9999.000,9999.000,9999.000,9999.000
202605140624,   6.523,9999.000,9999.000,9999.000,9999.000,9999.000,9999.000,9999.000,9999.000
202605140630,   6.622,9999.000,9999.000,9999.000,9999.000,9999.000,9999.000,9999.000,9999.000
202605140636,   6.720,9999.000,9999.000,9999.000,9999.000,9999.000,9999.000,9999.000,9999.000
202605140642,   6.818,9999.000,9999.000,9999.000,9999.000,9999.000,9999.000,9999.000,9999.000
202605140648,   6.916,9999.000,9999.000,9999.000,9999.000,9999.000,9999.000,9999.000,9999.000
202605140654,   7.012,9999.000,9999.000,9999.000,9999.000,9999.000,9999.000,9999.000,9999.000
202605140700,   7.107,9999.000,   0.000,   0.004,   7.111,   0.000,   7.111,   0.100,   7.211
202605140706,   7.202,9999.000,9999.000,9999.000,9999.000,9999.000,9999.000,9999.000,9999.000
202605140712,   7.294,9999.000,9999.000,9999.000,9999.000,9999.000,9999.000,9999.000,9999.000
202605140718,   7.385,9999.000,9999.000,9999.000,9999.000,9999.000,9999.000,9999.000,9999.000
202605140724,   7.475,9999.000,9999.000,9999.000,9999.000,9999.000,9999.000,9999.000,9999.000
202605140730,   7.562,9999.000,9999.000,9999.000,9999.000,9999.000,9999.000,9999.000,9999.000
202605140736,   7.646,9999.000,9999.000,9999.000,9999.000,9999.000,9999.000,9999.000,9999.000
202605140742,   7.728,9999.000,9999.000,9999.000,9999.000,9999.000,9999.000,9999.000,9999.000
202605140748,   7.807,9999.000,9999.000,9999.000,9999.000,9999.000,9999.000,9999.000,9999.000
202605140754,   7.882,9999.000,9999.000,9999.000,9999.000,9999.000,9999.000,9999.000,9999.000
202605140800,   7.953,9999.000,   0.000,   0.004,   7.957,  -0.100,   7.857,   0.000,   7.957
202605140806,   8.020,9999.000,9999.000,9999.000,9999.000,9999.000,9999.000,9999.000,9999.000
202605140812,   8.082,9999.000,9999.000,9999.000,9999.000,9999.000,9999.000,9999.000,9999.000
202605140818,   8.140,9999.000,9999.000,9999.000,9999.000,9999.000,9999.000,9999.000,9999.000
202605140824,   8.192,9999.000,9999.000,9999.000,9999.000,9999.000,9999.000,9999.000,9999.000
202605140830,   8.238,9999.000,9999.000,9999.000,9999.000,9999.000,9999.000,9999.000,9999.000
202605140836,   8.279,9999.000,9999.000,9999.000,9999.000,9999.000,9999.000,9999.000,9999.000
202605140842,   8.313,9999.000,9999.000,9999.000,9999.000,9999.000,9999.000,9999.000,9999.000
202605140848,   8.341,9999.000,9999.000,9999.000,9999.000,9999.000,9999.000,9999.000,9999.000
202605140854,   8.362,9999.000,9999.000,9999.000,9999.000,9999.000,9999.000,9999.000,9999.000
202605140900,   8.376,9999.000,   0.000,   0.004,   8.380,  -0.100,   8.280,   0.000,   8.380
202605140906,   8.383,9999.000,9999.000,9999.000,9999.000,9999.000,9999.000,9999.000,9999.000
202605140912,   8.383,9999.000,9999.000,9999.000,9999.000,9999.000,9999.000,9999.000,9999.000
202605140918,   8.375,9999.000,9999.000,9999.000,9999.000,9999.000,9999.000,9999.000,9999.000
202605140924,   8.360,9999.000,9999.000,9999.000,9999.000,9999.000,9999.000,9999.000,9999.000
202605140930,   8.337,9999.000,9999.000,9999.000,9999.000,9999.000,9999.000,9999.000,9999.000
202605140936,   8.307,9999.000,9999.000,9999.000,9999.000,9999.000,9999.000,9999.000,9999.000
202605140942,   8.269,9999.000,9999.000,9999.000,9999.000,9999.000,9999.000,9999.000,9999.000
202605140948,   8.223,9999.000,9999.000,9999.000,9999.000,9999.000,9999.000,9999.000,9999.000
202605140954,   8.170,9999.000,9999.000,9999.000,9999.000,9999.000,9999.000,9999.000,9999.000
202605141000,   8.109,9999.000,   0.000,   0.004,   8.113,  -0.100,   8.013,   0.000,   8.113
202605141006,   8.040,9999.000,9999.000,9999.000,9999.000,9999.000,9999.000,9999.000,9999.000
202605141012,   7.964,9999.000,9999.000,9999.000,9999.000,9999.000,9999.000,9999.000,9999.000
202605141018,   7.881,9999.000,9999.000,9999.000,9999.000,9999.000,9999.000,9999.000,9999.000
202605141024,   7.790,9999.000,9999.000,9999.000,9999.000,9999.000,9999.000,9999.000,9999.000
202605141030,   7.693,9999.000,9999.000,9999.000,9999.000,9999.000,9999.000,9999.000,9999.000
202605141036,   7.588,9999.000,9999.000,9999.000,9999.000,9999.000,9999.000,9999.000,9999.000
202605141042,   7.475,9999.000,9999.000,9999.000,9999.000,9999.000,9999.000,9999.000,9999.000
202605141048,   7.356,9999.000,9999.000,9999.000,9999.000,9999.000,9999.000,9999.000,9999.000
202605141054,   7.231,9999.000,9999.000,9999.000,9999.000,9999.000,9999.000,9999.000,9999.000
202605141100,   7.098,9999.000,   0.000,   0.004,   7.102,   0.000,   7.102,   0.100,   7.202
202605141106,   6.959,9999.000,9999.000,9999.000,9999.000,9999.000,9999.000,9999.000,9999.000
202605141112,   6.814,9999.000,9999.000,9999.000,9999.000,9999.000,9999.000,9999.000,9999.000
202605141118,   6.662,9999.000,9999.000,9999.000,9999.000,9999.000,9999.000,9999.000,9999.000
202605141124,   6.504,9999.000,9999.000,9999.000,9999.000,9999.000,9999.000,9999.000,9999.000
202605141130,   6.340,9999.000,9999.000,9999.000,9999.000,9999.000,9999.000,9999.000,9999.000
202605141136,   6.171,9999.000,9999.000,9999.000,9999.000,9999.000,9999.000,9999.000,9999.000
202605141142,   5.997,9999.000,9999.000,9999.000,9999.000,9999.000,9999.000,9999.000,9999.000
202605141148,   5.817,9999.000,9999.000,9999.000,9999.000,9999.000,9999.000,9999.000,9999.000
202605141154,   5.633,9999.000,9999.000,9999.000,9999.000,9999.000,9999.000,9999.000,9999.000
202605141200,   5.444,9999.000,   0.000,   0.004,   5.448,   0.000,   5.448,   0.000,   5.448
202605141206,   5.251,9999.000,9999.000,9999.000,9999.000,9999.000,9999.000,9999.000,9999.000
202605141212,   5.054,9999.000,9999.000,9999.000,9999.000,9999.000,9999.000,9999.000,9999.000
202605141218,   4.854,9999.000,9999.000,9999.000,9999.000,9999.000,9999.000,9999.000,9999.000
202605141224,   4.651,9999.000,9999.000,9999.000,9999.000,9999.000,9999.000,9999.000,9999.000
202605141230,   4.446,9999.000,9999.000,9999.000,9999.000,9999.000,9999.000,9999.000,9999.000
202605141236,   4.240,9999.000,9999.000,9999.000,9999.000,9999.000,9999.000,9999.000,9999.000
202605141242,   4.031,9999.000,9999.000,9999.000,9999.000,9999.000,9999.000,9999.000,9999.000
202605141248,   3.823,9999.000,9999.000,9999.000,9999.000,9999.000,9999.000,9999.000,9999.000
202605141254,   3.614,9999.000,9999.000,9999.000,9999.000,9999.000,9999.000,9999.000,9999.000
202605141300,   3.405,9999.000,   0.000,   0.004,   3.409,   0.000,   3.409,   0.000,   3.409
202605141306,   3.197,9999.000,9999.000,9999.000,9999.000,9999.000,9999.000,9999.000,9999.000
202605141312,   2.991,9999.000,9999.000,9999.000,9999.000,9999.000,9999.000,9999.000,9999.000
202605141318,   2.787,9999.000,9999.000,9999.000,9999.000,9999.000,9999.000,9999.000,9999.000
202605141324,   2.586,9999.000,9999.000,9999.000,9999.000,9999.000,9999.000,9999.000,9999.000
202605141330,   2.388,9999.000,9999.000,9999.000,9999.000,9999.000,9999.000,9999.000,9999.000
202605141336,   2.194,9999.000,9999.000,9999.000,9999.000,9999.000,9999.000,9999.000,9999.000
202605141342,   2.005,9999.000,9999.000,9999.000,9999.000,9999.000,9999.000,9999.000,9999.000
202605141348,   1.820,9999.000,9999.000,9999.000,9999.000,9999.000,9999.000,9999.000,9999.000
202605141354,   1.641,9999.000,9999.000,9999.000,9999.000,9999.000,9999.000,9999.000,9999.000
202605141400,   1.468,9999.000,   0.000,   0.004,   1.472,   0.000,   1.472,   0.000,   1.472
202605141406,   1.302,9999.000,9999.000,9999.000,9999.000,9999.000,9999.000,9999.000,9999.000
202605141412,   1.142,9999.000,9999.000,9999.000,9999.000,9999.000,9999.000,9999.000,9999.000
202605141418,   0.990,9999.000,9999.000,9999.000,9999.000,9999.000,9999.000,9999.000,9999.000
202605141424,   0.845,9999.000,9999.000,9999.000,9999.000,9999.000,9999.000,9999.000,9999.000
202605141430,   0.709,9999.000,9999.000,9999.000,9999.000,9999.000,9999.000,9999.000,9999.000
202605141436,   0.580,9999.000,9999.000,9999.000,9999.000,9999.000,9999.000,9999.000,9999.000
202605141442,   0.461,9999.000,9999.000,9999.000,9999.000,9999.000,9999.000,9999.000,9999.000
202605141448,   0.351,9999.000,9999.000,9999.000,9999.000,9999.000,9999.000,9999.000,9999.000
202605141454,   0.249,9999.000,9999.000,9999.000,9999.000,9999.000,9999.000,9999.000,9999.000
202605141500,   0.157,9999.000,   0.000,   0.004,   0.161,   0.000,   0.161,   0.000,   0.161
202605141506,   0.075,9999.000,9999.000,9999.000,9999.000,9999.000,9999.000,9999.000,9999.000
202605141512,   0.002,9999.000,9999.000,9999.000,9999.000,9999.000,9999.000,9999.000,9999.000
202605141518,  -0.060,9999.000,9999.000,9999.000,9999.000,9999.000,9999.000,9999.000,9999.000
202605141524,  -0.114,9999.000,9999.000,9999.000,9999.000,9999.000,9999.000,9999.000,9999.000
202605141530,  -0.158,9999.000,9999.000,9999.000,9999.000,9999.000,9999.000,9999.000,9999.000
202605141536,  -0.192,9999.000,9999.000,9999.000,9999.000,9999.000,9999.000,9999.000,9999.000
202605141542,  -0.217,9999.000,9999.000,9999.000,9999.000,9999.000,9999.000,9999.000,9999.000
202605141548,  -0.232,9999.000,9999.000,9999.000,9999.000,9999.000,9999.000,9999.000,9999.000
202605141554,  -0.237,9999.000,9999.000,9999.000,9999.000,9999.000,9999.000,9999.000,9999.000
202605141600,  -0.234,9999.000,   0.000,   0.004,  -0.230,   0.000,  -0.230,   0.000,  -0.230
202605141606,  -0.222,9999.000,9999.000,9999.000,9999.000,9999.000,9999.000,9999.000,9999.000
202605141612,  -0.201,9999.000,9999.000,9999.000,9999.000,9999.000,9999.000,9999.000,9999.000
202605141618,  -0.172,9999.000,9999.000,9999.000,9999.000,9999.000,9999.000,9999.000,9999.000
202605141624,  -0.134,9999.000,9999.000,9999.000,9999.000,9999.000,9999.000,9999.000,9999.000
202605141630,  -0.089,9999.000,9999.000,9999.000,9999.000,9999.000,9999.000,9999.000,9999.000
202605141636,  -0.036,9999.000,9999.000,9999.000,9999.000,9999.000,9999.000,9999.000,9999.000
202605141642,   0.023,9999.000,9999.000,9999.000,9999.000,9999.000,9999.000,9999.000,9999.000
202605141648,   0.089,9999.000,9999.000,9999.000,9999.000,9999.000,9999.000,9999.000,9999.000
202605141654,   0.162,9999.000,9999.000,9999.000,9999.000,9999.000,9999.000,9999.000,9999.000
202605141700,   0.241,9999.000,   0.000,   0.004,   0.245,  -0.100,   0.145,   0.000,   0.245
202605141706,   0.325,9999.000,9999.000,9999.000,9999.000,9999.000,9999.000,9999.000,9999.000
202605141712,   0.415,9999.000,9999.000,9999.000,9999.000,9999.000,9999.000,9999.000,9999.000
202605141718,   0.509,9999.000,9999.000,9999.000,9999.000,9999.000,9999.000,9999.000,9999.000
202605141724,   0.608,9999.000,9999.000,9999.000,9999.000,9999.000,9999.000,9999.000,9999.000
202605141730,   0.712,9999.000,9999.000,9999.000,9999.000,9999.000,9999.000,9999.000,9999.000
202605141736,   0.819,9999.000,9999.000,9999.000,9999.000,9999.000,9999.000,9999.000,9999.000
202605141742,   0.929,9999.000,9999.000,9999.000,9999.000,9999.000,9999.000,9999.000,9999.000
202605141748,   1.043,9999.000,9999.000,9999.000,9999.000,9999.000,9999.000,9999.000,9999.000
202605141754,   1.160,9999.000,9999.000,9999.000,9999.000,9999.000,9999.000,9999.000,9999.000
202605141800,   1.280,9999.000,   0.000,   0.004,   1.284,  -0.100,   1.184,   0.000,   1.284
202605141806,   1.402,9999.000,9999.000,9999.000,9999.000,9999.000,9999.000,9999.000,9999.000
202605141812,   1.527,9999.000,9999.000,9999.000,9999.000,9999.000,9999.000,9999.000,9999.000
202605141818,   1.654,9999.000,9999.000,9999.000,9999.000,9999.000,9999.000,9999.000,9999.000
202605141824,   1.784,9999.000,9999.000,9999.000,9999.000,9999.000,9999.000,9999.000,9999.000
202605141830,   1.915,9999.000,9999.000,9999.000,9999.000,9999.000,9999.000,9999.000,9999.000
202605141836,   2.048,9999.000,9999.000,9999.000,9999.000,9999.000,9999.000,9999.000,9999.000
202605141842,   2.184,9999.000,9999.000,9999.000,9999.000,9999.000,9999.000,9999.000,9999.000
202605141848,   2.321,9999.000,9999.000,9999.000,9999.000,9999.000,9999.000,9999.000,9999.000
202605141854,   2.459,9999.000,9999.000,9999.000,9999.000,9999.000,9999.000,9999.000,9999.000
202605141900,   2.600,9999.000,   0.000,   0.004,   2.604,  -0.100,   2.504,   0.000,   2.604
202605141906,   2.741,9999.000,9999.000,9999.000,9999.000,9999.000,9999.000,9999.000,9999.000
202605141912,   2.885,9999.000,9999.000,9999.000,9999.000,9999.000,9999.000,9999.000,9999.000
202605141918,   3.029,9999.000,9999.000,9999.000,9999.000,9999.000,9999.000,9999.000,9999.000
202605141924,   3.175,9999.000,9999.000,9999.000,9999.000,9999.000,9999.000,9999.000,9999.000
202605141930,   3.321,9999.000,9999.000,9999.000,9999.000,9999.000,9999.000,9999.000,9999.000
202605141936,   3.468,9999.000,9999.000,9999.000,9999.000,9999.000,9999.000,9999.000,9999.000
202605141942,   3.616,9999.000,9999.000,9999.000,9999.000,9999.000,9999.000,9999.000,9999.000
202605141948,   3.764,9999.000,9999.000,9999.000,9999.000,9999.000,9999.000,9999.000,9999.000
202605141954,   3.913,9999.000,9999.000,9999.000,9999.000,9999.000,9999.000,9999.000,9999.000
202605142000,   4.061,9999.000,   0.000,   0.004,   4.065,   0.000,   4.065,   0.000,   4.065
202605142006,   4.208,9999.000,9999.000,9999.000,9999.000,9999.000,9999.000,9999.000,9999.000
202605142012,   4.355,9999.000,9999.000,9999.000,9999.000,9999.000,9999.000,9999.000,9999.000
202605142018,   4.501,9999.000,9999.000,9999.000,9999.000,9999.000,9999.000,9999.000,9999.000
202605142024,   4.645,9999.000,9999.000,9999.000,9999.000,9999.000,9999.000,9999.000,9999.000
202605142030,   4.788,9999.000,9999.000,9999.000,9999.000,9999.000,9999.000,9999.000,9999.000
202605142036,   4.928,9999.000,9999.000,9999.000,9999.000,9999.000,9999.000,9999.000,9999.000
202605142042,   5.066,9999.000,9999.000,9999.000,9999.000,9999.000,9999.000,9999.000,9999.000
202605142048,   5.202,9999.000,9999.000,9999.000,9999.000,9999.000,9999.000,9999.000,9999.000
202605142054,   5.334,9999.000,9999.000,9999.000,9999.000,9999.000,9999.000,9999.000,9999.000
202605142100,   5.463,9999.000,   0.000,   0.004,   5.467,   0.000,   5.467,   0.100,   5.567
202605142106,   5.588,9999.000,9999.000,9999.000,9999.000,9999.000,9999.000,9999.000,9999.000
202605142112,   5.709,9999.000,9999.000,9999.000,9999.000,9999.000,9999.000,9999.000,9999.000
202605142118,   5.826,9999.000,9999.000,9999.000,9999.000,9999.000,9999.000,9999.000,9999.000
202605142124,   5.938,9999.000,9999.000,9999.000,9999.000,9999.000,9999.000,9999.000,9999.000
202605142130,   6.046,9999.000,9999.000,9999.000,9999.000,9999.000,9999.000,9999.000,9999.000
202605142136,   6.149,9999.000,9999.000,9999.000,9999.000,9999.000,9999.000,9999.000,9999.000
202605142142,   6.247,9999.000,9999.000,9999.000,9999.000,9999.000,9999.000,9999.000,9999.000
202605142148,   6.340,9999.000,9999.000,9999.000,9999.000,9999.000,9999.000,9999.000,9999.000
202605142154,   6.428,9999.000,9999.000,9999.000,9999.000,9999.000,9999.000,9999.000,9999.000
202605142200,   6.511,9999.000,   0.000,   0.004,   6.515,  -0.100,   6.415,   0.000,   6.515
202605142206,   6.588,9999.000,9999.000,9999.000,9999.000,9999.000,9999.000,9999.000,9999.000
202605142212,   6.659,9999.000,9999.000,9999.000,9999.000,9999.000,9999.000,9999.000,9999.000
202605142218,   6.726,9999.000,9999.000,9999.000,9999.000,9999.000,9999.000,9999.000,9999.000
202605142224,   6.786,9999.000,9999.000,9999.000,9999.000,9999.000,9999.000,9999.000,9999.000
202605142230,   6.841,9999.000,9999.000,9999.000,9999.000,9999.000,9999.000,9999.000,9999.000
202605142236,   6.891,9999.000,9999.000,9999.000,9999.000,9999.000,9999.000,9999.000,9999.000
202605142242,   6.934,9999.000,9999.000,9999.000,9999.000,9999.000,9999.000,9999.000,9999.000
202605142248,   6.973,9999.000,9999.000,9999.000,9999.000,9999.000,9999.000,9999.000,9999.000
202605142254,   7.005,9999.000,9999.000,9999.000,9999.000,9999.000,9999.000,9999.000,9999.000
202605142300,   7.032,9999.000,   0.000,   0.004,   7.036,   0.000,   7.036,   0.100,   7.136
202605142306,   7.053,9999.000,9999.000,9999.000,9999.000,9999.000,9999.000,9999.000,9999.000
202605142312,   7.069,9999.000,9999.000,9999.000,9999.000,9999.000,9999.000,9999.000,9999.000
202605142318,   7.079,9999.000,9999.000,9999.000,9999.000,9999.000,9999.000,9999.000,9999.000
202605142324,   7.083,9999.000,9999.000,9999.000,9999.000,9999.000,9999.000,9999.000,9999.000
202605142330,   7.082,9999.000,9999.000,9999.000,9999.000,9999.000,9999.000,9999.000,9999.000
202605142336,   7.075,9999.000,9999.000,9999.000,9999.000,9999.000,9999.000,9999.000,9999.000
202605142342,   7.062,9999.000,9999.000,9999.000,9999.000,9999.000,9999.000,9999.000,9999.000
202605142348,   7.044,9999.000,9999.000,9999.000,9999.000,9999.000,9999.000,9999.000,9999.000
202605142354,   7.021,9999.000,9999.000,9999.000,9999.000,9999.000,9999.000,9999.000,9999.000
202605150000,   6.992,9999.000,   0.000,   0.004,   6.996,   0.000,   6.996,   0.100,   7.096
202605150006,   6.957,9999.000,9999.000,9999.000,9999.000,9999.000,9999.000,9999.000,9999.000
202605150012,   6.918,9999.000,9999.000,9999.000,9999.000,9999.000,9999.000,9999.000,9999.000
202605150018,   6.874,9999.000,9999.000,9999.000,9999.000,9999.000,9999.000,9999.000,9999.000
202605150024,   6.825,9999.000,9999.000,9999.000,9999.000,9999.000,9999.000,9999.000,9999.000
202605150030,   6.771,9999.000,9999.000,9999.000,9999.000,9999.000,9999.000,9999.000,9999.000
202605150036,   6.713,9999.000,9999.000,9999.000,9999.000,9999.000,9999.000,9999.000,9999.000
202605150042,   6.651,9999.000,9999.000,9999.000,9999.000,9999.000,9999.000,9999.000,9999.000
202605150048,   6.585,9999.000,9999.000,9999.000,9999.000,9999.000,9999.000,9999.000,9999.000
202605150054,   6.516,9999.000,9999.000,9999.000,9999.000,9999.000,9999.000,9999.000,9999.000
202605150100,   6.443,9999.000,   0.000,   0.004,   6.447,   0.000,   6.447,   0.100,   6.547
202605150106,   6.368,9999.000,9999.000,9999.000,9999.000,9999.000,9999.000,9999.000,9999.000
202605150112,   6.291,9999.000,9999.000,9999.000,9999.000,9999.000,9999.000,9999.000,9999.000
202605150118,   6.212,9999.000,9999.000,9999.000,9999.000,9999.000,9999.000,9999.000,9999.000
202605150124,   6.132,9999.000,9999.000,9999.000,9999.000,9999.000,9999.000,9999.000,9999.000
202605150130,   6.050,9999.000,9999.000,9999.000,9999.000,9999.000,9999.000,9999.000,9999.000
202605150136,   5.968,9999.000,9999.000,9999.000,9999.000,9999.000,9999.000,9999.000,9999.000
202605150142,   5.887,9999.000,9999.000,9999.000,9999.000,9999.000,9999.000,9999.000,9999.000
202605150148,   5.805,9999.000,9999.000,9999.000,9999.000,9999.000,9999.000,9999.000,9999.000
202605150154,   5.725,9999.000,9999.000,9999.000,9999.000,9999.000,9999.000,9999.000,9999.000
202605150200,   5.646,9999.000,   0.000,   0.004,   5.650,   0.000,   5.650,   0.100,   5.750
202605150206,   5.569,9999.000,9999.000,9999.000,9999.000,9999.000,9999.000,9999.000,9999.000
202605150212,   5.494,9999.000,9999.000,9999.000,9999.000,9999.000,9999.000,9999.000,9999.000
202605150218,   5.422,9999.000,9999.000,9999.000,9999.000,9999.000,9999.000,9999.000,9999.000
202605150224,   5.353,9999.000,9999.000,9999.000,9999.000,9999.000,9999.000,9999.000,9999.000
202605150230,   5.287,9999.000,9999.000,9999.000,9999.000,9999.000,9999.000,9999.000,9999.000
202605150236,   5.225,9999.000,9999.000,9999.000,9999.000,9999.000,9999.000,9999.000,9999.000
202605150242,   5.168,9999.000,9999.000,9999.000,9999.000,9999.000,9999.000,9999.000,9999.000
202605150248,   5.115,9999.000,9999.000,9999.000,9999.000,9999.000,9999.000,9999.000,9999.000
202605150254,   5.067,9999.000,9999.000,9999.000,9999.000,9999.000,9999.000,9999.000,9999.000
202605150300,   5.024,9999.000,   0.000,   0.004,   5.028,   0.000,   5.028,   0.100,   5.128
202605150306,   4.986,9999.000,9999.000,9999.000,9999.000,9999.000,9999.000,9999.000,9999.000
202605150312,   4.954,9999.000,9999.000,9999.000,9999.000,9999.000,9999.000,9999.000,9999.000
202605150318,   4.927,9999.000,9999.000,9999.000,9999.000,9999.000,9999.000,9999.000,9999.000
202605150324,   4.907,9999.000,9999.000,9999.000,9999.000,9999.000,9999.000,9999.000,9999.000
202605150330,   4.892,9999.000,9999.000,9999.000,9999.000,9999.000,9999.000,9999.000,9999.000
202605150336,   4.883,9999.000,9999.000,9999.000,9999.000,9999.000,9999.000,9999.000,9999.000
202605150342,   4.880,9999.000,9999.000,9999.000,9999.000,9999.000,9999.000,9999.000,9999.000
202605150348,   4.884,9999.000,9999.000,9999.000,9999.000,9999.000,9999.000,9999.000,9999.000
202605150354,   4.893,9999.000,9999.000,9999.000,9999.000,9999.000,9999.000,9999.000,9999.000
202605150400,   4.909,9999.000,   0.000,   0.004,   4.913,   0.000,   4.913,   0.100,   5.013
202605150406,   4.930,9999.000,9999.000,9999.000,9999.000,9999.000,9999.000,9999.000,9999.000
202605150412,   4.957,9999.000,9999.000,9999.000,9999.000,9999.000,9999.000,9999.000,9999.000
202605150418,   4.990,9999.000,9999.000,9999.000,9999.000,9999.000,9999.000,9999.000,9999.000
202605150424,   5.029,9999.000,9999.000,9999.000,9999.000,9999.000,9999.000,9999.000,9999.000
202605150430,   5.073,9999.000,9999.000,9999.000,9999.000,9999.000,9999.000,9999.000,9999.000
202605150436,   5.122,9999.000,9999.000,9999.000,9999.000,9999.000,9999.000,9999.000,9999.000
202605150442,   5.175,9999.000,9999.000,9999.000,9999.000,9999.000,9999.000,9999.000,9999.000
202605150448,   5.234,9999.000,9999.000,9999.000,9999.000,9999.000,9999.000,9999.000,9999.000
202605150454,   5.296,9999.000,9999.000,9999.000,9999.000,9999.000,9999.000,9999.000,9999.000
202605150500,   5.363,9999.000,   0.000,   0.004,   5.367,   0.000,   5.367,   0.100,   5.467
202605150506,   5.433,9999.000,9999.000,9999.000,9999.000,9999.000,9999.000,9999.000,9999.000
202605150512,   5.506,9999.000,9999.000,9999.000,9999.000,9999.000,9999.000,9999.000,9999.000
202605150518,   5.583,9999.000,9999.000,9999.000,9999.000,9999.000,9999.000,9999.000,9999.000
202605150524,   5.662,9999.000,9999.000,9999.000,9999.000,9999.000,9999.000,9999.000,9999.000
202605150530,   5.743,9999.000,9999.000,9999.000,9999.000,9999.000,9999.000,9999.000,9999.000
202605150536,   5.827,9999.000,9999.000,9999.000,9999.000,9999.000,9999.000,9999.000,9999.000
202605150542,   5.912,9999.000,9999.000,9999.000,9999.000,9999.000,9999.000,9999.000,9999.000
202605150548,   5.998,9999.000,9999.000,9999.000,9999.000,9999.000,9999.000,9999.000,9999.000
202605150554,   6.085,9999.000,9999.000,9999.000,9999.000,9999.000,9999.000,9999.000,9999.000
202605150600,   6.173,9999.000,   0.000,   0.004,   6.177,   0.000,   6.177,   0.100,   6.277
202605150606,   6.262,9999.000,9999.000,9999.000,9999.000,9999.000,9999.000,9999.000,9999.000
202605150612,   6.351,9999.000,9999.000,9999.000,9999.000,9999.000,9999.000,9999.000,9999.000
202605150618,   6.440,9999.000,9999.000,9999.000,9999.000,9999.000,9999.000,9999.000,9999.000
202605150624,   6.529,9999.000,9999.000,9999.000,9999.000,9999.000,9999.000,9999.000,9999.000
202605150630,   6.617,9999.000,9999.000,9999.000,9999.000,9999.000,9999.000,9999.000,9999.000
202605150636,   6.705,9999.000,9999.000,9999.000,9999.000,9999.000,9999.000,9999.000,9999.000
202605150642,   6.793,9999.000,9999.000,9999.000,9999.000,9999.000,9999.000,9999.000,9999.000
202605150648,   6.880,9999.000,9999.000,9999.000,9999.000,9999.000,9999.000,9999.000,9999.000
202605150654,   6.966,9999.000,9999.000,9999.000,9999.000,9999.000,9999.000,9999.000,9999.000
202605150700,   7.052,9999.000,   0.000,   0.004,   7.056,   0.000,   7.056,   0.100,   7.156
202605150706,   7.136,9999.000,9999.000,9999.000,9999.000,9999.000,9999.000,9999.000,9999.000
202605150712,   7.220,9999.000,9999.000,9999.000,9999.000,9999.000,9999.000,9999.000,9999.000
202605150718,   7.303,9999.000,9999.000,9999.000,9999.000,9999.000,9999.000,9999.000,9999.000
202605150724,   7.384,9999.000,9999.000,9999.000,9999.000,9999.000,9999.000,9999.000,9999.000
202605150730,   7.465,9999.000,9999.000,9999.000,9999.000,9999.000,9999.000,9999.000,9999.000
202605150736,   7.544,9999.000,9999.000,9999.000,9999.000,9999.000,9999.000,9999.000,9999.000
202605150742,   7.622,9999.000,9999.000,9999.000,9999.000,9999.000,9999.000,9999.000,9999.000
202605150748,   7.698,9999.000,9999.000,9999.000,9999.000,9999.000,9999.000,9999.000,9999.000
202605150754,   7.773,9999.000,9999.000,9999.000,9999.000,9999.000,9999.000,9999.000,9999.000
202605150800,   7.846,9999.000,   0.000,   0.004,   7.850,   0.000,   7.850,   0.100,   7.950
202605150806,   7.916,9999.000,9999.000,9999.000,9999.000,9999.000,9999.000,9999.000,9999.000
202605150812,   7.985,9999.000,9999.000,9999.000,9999.000,9999.000,9999.000,9999.000,9999.000
202605150818,   8.050,9999.000,9999.000,9999.000,9999.000,9999.000,9999.000,9999.000,9999.000
202605150824,   8.113,9999.000,9999.000,9999.000,9999.000,9999.000,9999.000,9999.000,9999.000
202605150830,   8.173,9999.000,9999.000,9999.000,9999.000,9999.000,9999.000,9999.000,9999.000
202605150836,   8.229,9999.000,9999.000,9999.000,9999.000,9999.000,9999.000,9999.000,9999.000
202605150842,   8.282,9999.000,9999.000,9999.000,9999.000,9999.000,9999.000,9999.000,9999.000
202605150848,   8.330,9999.000,9999.000,9999.000,9999.000,9999.000,9999.000,9999.000,9999.000
202605150854,   8.374,9999.000,9999.000,9999.000,9999.000,9999.000,9999.000,9999.000,9999.000
202605150900,   8.413,9999.000,   0.000,   0.004,   8.417,   0.000,   8.417,   0.100,   8.517
202605150906,   8.446,9999.000,9999.000,9999.000,9999.000,9999.000,9999.000,9999.000,9999.000
202605150912,   8.474,9999.000,9999.000,9999.000,9999.000,9999.000,9999.000,9999.000,9999.000
202605150918,   8.496,9999.000,9999.000,9999.000,9999.000,9999.000,9999.000,9999.000,9999.000
202605150924,   8.512,9999.000,9999.000,9999.000,9999.000,9999.000,9999.000,9999.000,9999.000
202605150930,   8.521,9999.000,9999.000,9999.000,9999.000,9999.000,9999.000,9999.000,9999.000
202605150936,   8.523,9999.000,9999.000,9999.000,9999.000,9999.000,9999.000,9999.000,9999.000
202605150942,   8.518,9999.000,9999.000,9999.000,9999.000,9999.000,9999.000,9999.000,9999.000
202605150948,   8.505,9999.000,9999.000,9999.000,9999.000,9999.000,9999.000,9999.000,9999.000
202605150954,   8.485,9999.000,9999.000,9999.000,9999.000,9999.000,9999.000,9999.000,9999.000
202605151000,   8.457,9999.000,   0.000,   0.004,   8.461,   0.000,   8.461,   0.100,   8.561
202605151006,   8.421,9999.000,9999.000,9999.000,9999.000,9999.000,9999.000,9999.000,9999.000
202605151012,   8.377,9999.000,9999.000,9999.000,9999.000,9999.000,9999.000,9999.000,9999.000
202605151018,   8.325,9999.000,9999.000,9999.000,9999.000,9999.000,9999.000,9999.000,9999.000
202605151024,   8.265,9999.000,9999.000,9999.000,9999.000,9999.000,9999.000,9999.000,9999.000
202605151030,   8.196,9999.000,9999.000,9999.000,9999.000,9999.000,9999.000,9999.000,9999.000
202605151036,   8.119,9999.000,9999.000,9999.000,9999.000,9999.000,9999.000,9999.000,9999.000
202605151042,   8.034,9999.000,9999.000,9999.000,9999.000,9999.000,9999.000,9999.000,9999.000
202605151048,   7.940,9999.000,9999.000,9999.000,9999.000,9999.000,9999.000,9999.000,9999.000
202605151054,   7.839,9999.000,9999.000,9999.000,9999.000,9999.000,9999.000,9999.000,9999.000
202605151100,   7.729,9999.000,   0.000,   0.004,   7.733,   0.000,   7.733,   0.200,   7.933
202605151106,   7.611,9999.000,9999.000,9999.000,9999.000,9999.000,9999.000,9999.000,9999.000
202605151112,   7.485,9999.000,9999.000,9999.000,9999.000,9999.000,9999.000,9999.000,9999.000
202605151118,   7.351,9999.000,9999.000,9999.000,9999.000,9999.000,9999.000,9999.000,9999.000
202605151124,   7.209,9999.000,9999.000,9999.000,9999.000,9999.000,9999.000,9999.000,9999.000
202605151130,   7.060,9999.000,9999.000,9999.000,9999.000,9999.000,9999.000,9999.000,9999.000
202605151136,   6.904,9999.000,9999.000,9999.000,9999.000,9999.000,9999.000,9999.000,9999.000
202605151142,   6.740,9999.000,9999.000,9999.000,9999.000,9999.000,9999.000,9999.000,9999.000
202605151148,   6.569,9999.000,9999.000,9999.000,9999.000,9999.000,9999.000,9999.000,9999.000
202605151154,   6.391,9999.000,9999.000,9999.000,9999.000,9999.000,9999.000,9999.000,9999.000
202605151200,   6.206,9999.000,   0.000,   0.004,   6.210,   0.000,   6.210,   0.200,   6.410
202605151206,   6.015,9999.000,9999.000,9999.000,9999.000,9999.000,9999.000,9999.000,9999.000
202605151212,   5.817,9999.000,9999.000,9999.000,9999.000,9999.000,9999.000,9999.000,9999.000
202605151218,   5.614,9999.000,9999.000,9999.000,9999.000,9999.000,9999.000,9999.000,9999.000
202605151224,   5.405,9999.000,9999.000,9999.000,9999.000,9999.000,9999.000,9999.000,9999.000
202605151230,   5.190,9999.000,9999.000,9999.000,9999.000,9999.000,9999.000,9999.000,9999.000
202605151236,   4.971,9999.000,9999.000,9999.000,9999.000,9999.000,9999.000,9999.000,9999.000
202605151242,   4.747,9999.000,9999.000,9999.000,9999.000,9999.000,9999.000,9999.000,9999.000
202605151248,   4.519,9999.000,9999.000,9999.000,9999.000,9999.000,9999.000,9999.000,9999.000
202605151254,   4.287,9999.000,9999.000,9999.000,9999.000,9999.000,9999.000,9999.000,9999.000
202605151300,   4.051,9999.000,   0.000,   0.004,   4.055,   0.000,   4.055,   0.200,   4.255
202605151306,   3.814,9999.000,9999.000,9999.000,9999.000,9999.000,9999.000,9999.000,9999.000
202605151312,   3.574,9999.000,9999.000,9999.000,9999.000,9999.000,9999.000,9999.000,9999.000
202605151318,   3.332,9999.000,9999.000,9999.000,9999.000,9999.000,9999.000,9999.000,9999.000
202605151324,   3.089,9999.000,9999.000,9999.000,9999.000,9999.000,9999.000,9999.000,9999.000
202605151330,   2.846,9999.000,9999.000,9999.000,9999.000,9999.000,9999.000,9999.000,9999.000
202605151336,   2.604,9999.000,9999.000,9999.000,9999.000,9999.000,9999.000,9999.000,9999.000
202605151342,   2.362,9999.000,9999.000,9999.000,9999.000,9999.000,9999.000,9999.000,9999.000
202605151348,   2.122,9999.000,9999.000,9999.000,9999.000,9999.000,9999.000,9999.000,9999.000
202605151354,   1.884,9999.000,9999.000,9999.000,9999.000,9999.000,9999.000,9999.000,9999.000
202605151400,   1.649,9999.000,   0.000,   0.004,   1.653,   0.000,   1.653,   0.100,   1.753
202605151406,   1.417,9999.000,9999.000,9999.000,9999.000,9999.000,9999.000,9999.000,9999.000
202605151412,   1.190,9999.000,9999.000,9999.000,9999.000,9999.000,9999.000,9999.000,9999.000
202605151418,   0.968,9999.000,9999.000,9999.000,9999.000,9999.000,9999.000,9999.000,9999.000
202605151424,   0.752,9999.000,9999.000,9999.000,9999.000,9999.000,9999.000,9999.000,9999.000
202605151430,   0.542,9999.000,9999.000,9999.000,9999.000,9999.000,9999.000,9999.000,9999.000
202605151436,   0.338,9999.000,9999.000,9999.000,9999.000,9999.000,9999.000,9999.000,9999.000
202605151442,   0.142,9999.000,9999.000,9999.000,9999.000,9999.000,9999.000,9999.000,9999.000
202605151448,  -0.045,9999.000,9999.000,9999.000,9999.000,9999.000,9999.000,9999.000,9999.000
202605151454,  -0.225,9999.000,9999.000,9999.000,9999.000,9999.000,9999.000,9999.000,9999.000
202605151500,  -0.396,9999.000,   0.000,   0.004,  -0.392,   0.000,  -0.392,   0.200,  -0.192
202605151506,  -0.557,9999.000,9999.000,9999.000,9999.000,9999.000,9999.000,9999.000,9999.000
202605151512,  -0.709,9999.000,9999.000,9999.000,9999.000,9999.000,9999.000,9999.000,9999.000
202605151518,  -0.850,9999.000,9999.000,9999.000,9999.000,9999.000,9999.000,9999.000,9999.000
202605151524,  -0.981,9999.000,9999.000,9999.000,9999.000,9999.000,9999.000,9999.000,9999.000
202605151530,  -1.102,9999.000,9999.000,9999.000,9999.000,9999.000,9999.000,9999.000,9999.000
202605151536,  -1.211,9999.000,9999.000,9999.000,9999.000,9999.000,9999.000,9999.000,9999.000
202605151542,  -1.310,9999.000,9999.000,9999.000,9999.000,9999.000,9999.000,9999.000,9999.000
202605151548,  -1.397,9999.000,9999.000,9999.000,9999.000,9999.000,9999.000,9999.000,9999.000
202605151554,  -1.472,9999.000,9999.000,9999.000,9999.000,9999.000,9999.000,9999.000,9999.000
202605151600,  -1.536,9999.000,   0.100,   0.004,  -1.432,   0.000,  -1.532,   0.200,  -1.332
202605151606,  -1.589,9999.000,9999.000,9999.000,9999.000,9999.000,9999.000,9999.000,9999.000
202605151612,  -1.630,9999.000,9999.000,9999.000,9999.000,9999.000,9999.000,9999.000,9999.000
202605151618,  -1.659,9999.000,9999.000,9999.000,9999.000,9999.000,9999.000,9999.000,9999.000
202605151624,  -1.678,9999.000,9999.000,9999.000,9999.000,9999.000,9999.000,9999.000,9999.000
202605151630,  -1.685,9999.000,9999.000,9999.000,9999.000,9999.000,9999.000,9999.000,9999.000
202605151636,  -1.681,9999.000,9999.000,9999.000,9999.000,9999.000,9999.000,9999.000,9999.000
202605151642,  -1.666,9999.000,9999.000,9999.000,9999.000,9999.000,9999.000,9999.000,9999.000
202605151648,  -1.641,9999.000,9999.000,9999.000,9999.000,9999.000,9999.000,9999.000,9999.000
202605151654,  -1.605,9999.000,9999.000,9999.000,9999.000,9999.000,9999.000,9999.000,9999.000
202605151700,  -1.560,9999.000,   0.100,   0.004,  -1.456,   0.000,  -1.556,   0.200,  -1.356
202605151706,  -1.505,9999.000,9999.000,9999.000,9999.000,9999.000,9999.000,9999.000,9999.000
202605151712,  -1.441,9999.000,9999.000,9999.000,9999.000,9999.000,9999.000,9999.000,9999.000
202605151718,  -1.368,9999.000,9999.000,9999.000,9999.000,9999.000,9999.000,9999.000,9999.000
202605151724,  -1.286,9999.000,9999.000,9999.000,9999.000,9999.000,9999.000,9999.000,9999.000
202605151730,  -1.197,9999.000,9999.000,9999.000,9999.000,9999.000,9999.000,9999.000,9999.000
202605151736,  -1.100,9999.000,9999.000,9999.000,9999.000,9999.000,9999.000,9999.000,9999.000
202605151742,  -0.996,9999.000,9999.000,9999.000,9999.000,9999.000,9999.000,9999.000,9999.000
202605151748,  -0.886,9999.000,9999.000,9999.000,9999.000,9999.000,9999.000,9999.000,9999.000
202605151754,  -0.770,9999.000,9999.000,9999.000,9999.000,9999.000,9999.000,9999.000,9999.000
202605151800,  -0.647,9999.000,   0.100,   0.004,  -0.543,   0.000,  -0.643,   0.200,  -0.443
