        TIME,    TIDE,      OB,   SURGE,    BIAS,     TWL,SURGE90p,  TWL90p,SURGE10p,   TWL10p
202604191200,   1.847,   2.509,   0.700,  -0.038,   2.509,   0.600,   2.409,   0.700,   2.509
202604191206,   1.861,9999.000,9999.000,9999.000,9999.000,9999.000,9999.000,9999.000,9999.000
202604191212,   1.872,   2.450,9999.000,9999.000,9999.000,9999.000,9999.000,9999.000,9999.000
202604191218,   1.882,9999.000,9999.000,9999.000,9999.000,9999.000,9999.000,9999.000,9999.000
202604191224,   1.889,   2.450,9999.000,9999.000,9999.000,9999.000,9999.000,9999.000,9999.000
202604191230,   1.894,9999.000,9999.000,9999.000,9999.000,9999.000,9999.000,9999.000,9999.000
202604191236,   1.897,   2.387,9999.000,9999.000,9999.000,9999.000,9999.000,9999.000,9999.000
202604191242,   1.898,9999.000,9999.000,9999.000,9999.000,9999.000,9999.000,9999.000,9999.000
202604191248,   1.897,   2.328,9999.000,9999.000,9999.000,9999.000,9999.000,9999.000,9999.000
202604191254,   1.893,9999.000,9999.000,9999.000,9999.000,9999.000,9999.000,9999.000,9999.000
202604191300,   1.888,   2.368,   0.500,  -0.020,   2.368,   0.500,   2.368,   0.600,   2.468
202604191306,   1.880,   2.400,9999.000,9999.000,9999.000,9999.000,9999.000,9999.000,9999.000
202604191312,   1.870,   2.440,9999.000,9999.000,9999.000,9999.000,9999.000,9999.000,9999.000
202604191318,   1.858,   2.450,9999.000,9999.000,9999.000,9999.000,9999.000,9999.000,9999.000
202604191324,   1.844,   2.479,9999.000,9999.000,9999.000,9999.000,9999.000,9999.000,9999.000
202604191330,   1.828,   2.479,9999.000,9999.000,9999.000,9999.000,9999.000,9999.000,9999.000
202604191336,   1.811,   2.459,9999.000,9999.000,9999.000,9999.000,9999.000,9999.000,9999.000
202604191342,   1.791,   2.440,9999.000,9999.000,9999.000,9999.000,9999.000,9999.000,9999.000
202604191348,   1.770,   2.420,9999.000,9999.000,9999.000,9999.000,9999.000,9999.000,9999.000
202604191354,   1.748,   2.400,9999.000,9999.000,9999.000,9999.000,9999.000,9999.000,9999.000
202604191400,   1.724,   2.377,   0.500,   0.153,   2.377,   0.400,   2.277,   0.600,   2.477
202604191406,   1.698,   2.358,9999.000,9999.000,9999.000,9999.000,9999.000,9999.000,9999.000
202604191412,   1.672,   2.309,9999.000,9999.000,9999.000,9999.000,9999.000,9999.000,9999.000
202604191418,   1.644,   2.269,9999.000,9999.000,9999.000,9999.000,9999.000,9999.000,9999.000
202604191424,   1.615,   2.220,9999.000,9999.000,9999.000,9999.000,9999.000,9999.000,9999.000
202604191430,   1.586,   2.177,9999.000,9999.000,9999.000,9999.000,9999.000,9999.000,9999.000
202604191436,   1.555,   2.138,9999.000,9999.000,9999.000,9999.000,9999.000,9999.000,9999.000
202604191442,   1.524,   2.079,9999.000,9999.000,9999.000,9999.000,9999.000,9999.000,9999.000
202604191448,   1.492,   2.030,9999.000,9999.000,9999.000,9999.000,9999.000,9999.000,9999.000
202604191454,   1.459,   1.967,9999.000,9999.000,9999.000,9999.000,9999.000,9999.000,9999.000
202604191500,   1.427,   1.918,   0.500,  -0.009,   1.918,   0.400,   1.818,   0.600,   2.018
202604191506,   1.393,   1.879,9999.000,9999.000,9999.000,9999.000,9999.000,9999.000,9999.000
202604191512,   1.360,   1.830,9999.000,9999.000,9999.000,9999.000,9999.000,9999.000,9999.000
202604191518,   1.326,   1.767,9999.000,9999.000,9999.000,9999.000,9999.000,9999.000,9999.000
202604191524,   1.292,   1.718,9999.000,9999.000,9999.000,9999.000,9999.000,9999.000,9999.000
202604191530,   1.258,   1.689,9999.000,9999.000,9999.000,9999.000,9999.000,9999.000,9999.000
202604191536,   1.225,   1.679,9999.000,9999.000,9999.000,9999.000,9999.000,9999.000,9999.000
202604191542,   1.191,   1.679,9999.000,9999.000,9999.000,9999.000,9999.000,9999.000,9999.000
202604191548,   1.157,   1.679,9999.000,9999.000,9999.000,9999.000,9999.000,9999.000,9999.000
202604191554,   1.123,   1.669,9999.000,9999.000,9999.000,9999.000,9999.000,9999.000,9999.000
202604191600,   1.090,   1.649,   0.500,   0.059,   1.649,   0.400,   1.549,   0.600,   1.749
202604191606,   1.057,   1.639,9999.000,9999.000,9999.000,9999.000,9999.000,9999.000,9999.000
202604191612,   1.024,   1.620,9999.000,9999.000,9999.000,9999.000,9999.000,9999.000,9999.000
202604191618,   0.992,   1.610,9999.000,9999.000,9999.000,9999.000,9999.000,9999.000,9999.000
202604191624,   0.960,   1.600,9999.000,9999.000,9999.000,9999.000,9999.000,9999.000,9999.000
202604191630,   0.928,   1.590,9999.000,9999.000,9999.000,9999.000,9999.000,9999.000,9999.000
202604191636,   0.896,   1.590,9999.000,9999.000,9999.000,9999.000,9999.000,9999.000,9999.000
202604191642,   0.865,   1.571,9999.000,9999.000,9999.000,9999.000,9999.000,9999.000,9999.000
202604191648,   0.835,   1.548,9999.000,9999.000,9999.000,9999.000,9999.000,9999.000,9999.000
202604191654,   0.805,   1.528,9999.000,9999.000,9999.000,9999.000,9999.000,9999.000,9999.000
202604191700,   0.775,   1.489,   0.500,   0.214,   1.489,   0.400,   1.389,   0.600,   1.589
202604191706,   0.745,   1.459,9999.000,9999.000,9999.000,9999.000,9999.000,9999.000,9999.000
202604191712,   0.717,   1.439,9999.000,9999.000,9999.000,9999.000,9999.000,9999.000,9999.000
202604191718,   0.688,   1.420,9999.000,9999.000,9999.000,9999.000,9999.000,9999.000,9999.000
202604191724,   0.660,   1.390,9999.000,9999.000,9999.000,9999.000,9999.000,9999.000,9999.000
202604191730,   0.632,   1.361,9999.000,9999.000,9999.000,9999.000,9999.000,9999.000,9999.000
202604191736,   0.605,   1.328,9999.000,9999.000,9999.000,9999.000,9999.000,9999.000,9999.000
202604191742,   0.578,   1.289,9999.000,9999.000,9999.000,9999.000,9999.000,9999.000,9999.000
202604191748,   0.552,   1.229,9999.000,9999.000,9999.000,9999.000,9999.000,9999.000,9999.000
202604191754,   0.526,   1.170,9999.000,9999.000,9999.000,9999.000,9999.000,9999.000,9999.000
202604191800,   0.500,   1.108,   0.500,   0.108,   1.108,   0.400,   1.008,   0.600,   1.208
202604191806,   0.475,   1.049,9999.000,9999.000,9999.000,9999.000,9999.000,9999.000,9999.000
202604191812,   0.450,   0.980,9999.000,9999.000,9999.000,9999.000,9999.000,9999.000,9999.000
202604191818,   0.426,   0.928,9999.000,9999.000,9999.000,9999.000,9999.000,9999.000,9999.000
202604191824,   0.403,   0.879,9999.000,9999.000,9999.000,9999.000,9999.000,9999.000,9999.000
202604191830,   0.380,   0.819,9999.000,9999.000,9999.000,9999.000,9999.000,9999.000,9999.000
202604191836,   0.358,   0.770,9999.000,9999.000,9999.000,9999.000,9999.000,9999.000,9999.000
202604191842,   0.337,   0.718,9999.000,9999.000,9999.000,9999.000,9999.000,9999.000,9999.000
202604191848,   0.316,   0.669,9999.000,9999.000,9999.000,9999.000,9999.000,9999.000,9999.000
202604191854,   0.296,   0.619,9999.000,9999.000,9999.000,9999.000,9999.000,9999.000,9999.000
202604191900,   0.278,   0.560,   0.600,  -0.318,   0.560,   0.400,   0.360,   0.600,   0.560
202604191906,   0.260,   0.518,9999.000,9999.000,9999.000,9999.000,9999.000,9999.000,9999.000
202604191912,   0.244,   0.469,9999.000,9999.000,9999.000,9999.000,9999.000,9999.000,9999.000
202604191918,   0.229,   0.419,9999.000,9999.000,9999.000,9999.000,9999.000,9999.000,9999.000
202604191924,   0.216,   0.380,9999.000,9999.000,9999.000,9999.000,9999.000,9999.000,9999.000
202604191930,   0.204,   0.350,9999.000,9999.000,9999.000,9999.000,9999.000,9999.000,9999.000
202604191936,   0.194,   0.331,9999.000,9999.000,9999.000,9999.000,9999.000,9999.000,9999.000
202604191942,   0.185,   0.308,9999.000,9999.000,9999.000,9999.000,9999.000,9999.000,9999.000
202604191948,   0.178,   0.298,9999.000,9999.000,9999.000,9999.000,9999.000,9999.000,9999.000
202604191954,   0.174,   0.268,9999.000,9999.000,9999.000,9999.000,9999.000,9999.000,9999.000
202604192000,   0.171,   0.259,   0.500,  -0.412,   0.259,   0.400,   0.159,   0.600,   0.359
202604192006,   0.170,   0.249,9999.000,9999.000,9999.000,9999.000,9999.000,9999.000,9999.000
202604192012,   0.171,   0.239,9999.000,9999.000,9999.000,9999.000,9999.000,9999.000,9999.000
202604192018,   0.174,   0.239,9999.000,9999.000,9999.000,9999.000,9999.000,9999.000,9999.000
202604192024,   0.179,   0.229,9999.000,9999.000,9999.000,9999.000,9999.000,9999.000,9999.000
202604192030,   0.186,   0.229,9999.000,9999.000,9999.000,9999.000,9999.000,9999.000,9999.000
202604192036,   0.195,   0.229,9999.000,9999.000,9999.000,9999.000,9999.000,9999.000,9999.000
202604192042,   0.206,   0.209,9999.000,9999.000,9999.000,9999.000,9999.000,9999.000,9999.000
202604192048,   0.218,   0.209,9999.000,9999.000,9999.000,9999.000,9999.000,9999.000,9999.000
202604192054,   0.233,   0.219,9999.000,9999.000,9999.000,9999.000,9999.000,9999.000,9999.000
202604192100,   0.249,   0.229,   0.500,  -0.520,   0.229,   0.400,   0.129,   0.600,   0.329
202604192106,   0.267,   0.249,9999.000,9999.000,9999.000,9999.000,9999.000,9999.000,9999.000
202604192112,   0.286,   0.249,9999.000,9999.000,9999.000,9999.000,9999.000,9999.000,9999.000
202604192118,   0.307,   0.268,9999.000,9999.000,9999.000,9999.000,9999.000,9999.000,9999.000
202604192124,   0.329,   0.278,9999.000,9999.000,9999.000,9999.000,9999.000,9999.000,9999.000
202604192130,   0.352,   0.278,9999.000,9999.000,9999.000,9999.000,9999.000,9999.000,9999.000
202604192136,   0.375,   0.288,9999.000,9999.000,9999.000,9999.000,9999.000,9999.000,9999.000
202604192142,   0.400,   0.288,9999.000,9999.000,9999.000,9999.000,9999.000,9999.000,9999.000
202604192148,   0.426,   0.268,9999.000,9999.000,9999.000,9999.000,9999.000,9999.000,9999.000
202604192154,   0.452,   0.268,9999.000,9999.000,9999.000,9999.000,9999.000,9999.000,9999.000
202604192200,   0.478,   0.239,   0.500,  -0.739,   0.239,   0.400,   0.139,   0.600,   0.339
202604192206,   0.505,   0.239,9999.000,9999.000,9999.000,9999.000,9999.000,9999.000,9999.000
202604192212,   0.532,   0.239,9999.000,9999.000,9999.000,9999.000,9999.000,9999.000,9999.000
202604192218,   0.559,   0.229,9999.000,9999.000,9999.000,9999.000,9999.000,9999.000,9999.000
202604192224,   0.586,   0.239,9999.000,9999.000,9999.000,9999.000,9999.000,9999.000,9999.000
202604192230,   0.613,   0.239,9999.000,9999.000,9999.000,9999.000,9999.000,9999.000,9999.000
202604192236,   0.640,   0.249,9999.000,9999.000,9999.000,9999.000,9999.000,9999.000,9999.000
202604192242,   0.667,   0.259,9999.000,9999.000,9999.000,9999.000,9999.000,9999.000,9999.000
202604192248,   0.693,   0.278,9999.000,9999.000,9999.000,9999.000,9999.000,9999.000,9999.000
202604192254,   0.719,   0.278,9999.000,9999.000,9999.000,9999.000,9999.000,9999.000,9999.000
202604192300,   0.745,   0.288,   0.400,  -0.857,   0.288,   0.300,   0.188,   0.600,   0.488
202604192306,   0.769,   0.278,9999.000,9999.000,9999.000,9999.000,9999.000,9999.000,9999.000
202604192312,   0.794,   0.259,9999.000,9999.000,9999.000,9999.000,9999.000,9999.000,9999.000
202604192318,   0.817,   0.259,9999.000,9999.000,9999.000,9999.000,9999.000,9999.000,9999.000
202604192324,   0.840,   0.278,9999.000,9999.000,9999.000,9999.000,9999.000,9999.000,9999.000
202604192330,   0.862,   0.298,9999.000,9999.000,9999.000,9999.000,9999.000,9999.000,9999.000
202604192336,   0.884,   0.321,9999.000,9999.000,9999.000,9999.000,9999.000,9999.000,9999.000
202604192342,   0.904,   0.341,9999.000,9999.000,9999.000,9999.000,9999.000,9999.000,9999.000
202604192348,   0.923,   0.350,9999.000,9999.000,9999.000,9999.000,9999.000,9999.000,9999.000
202604192354,   0.941,   0.518,9999.000,9999.000,9999.000,9999.000,9999.000,9999.000,9999.000
202604200000,   0.958,   0.400,   0.500,  -1.058,   0.400,   0.300,   0.200,   0.600,   0.500
202604200006,   0.974,   0.449,9999.000,9999.000,9999.000,9999.000,9999.000,9999.000,9999.000
202604200012,   0.988,   0.478,9999.000,9999.000,9999.000,9999.000,9999.000,9999.000,9999.000
202604200018,   1.001,   0.488,9999.000,9999.000,9999.000,9999.000,9999.000,9999.000,9999.000
202604200024,   1.013,   0.508,9999.000,9999.000,9999.000,9999.000,9999.000,9999.000,9999.000
202604200030,   1.023,   0.518,9999.000,9999.000,9999.000,9999.000,9999.000,9999.000,9999.000
202604200036,   1.031,   0.541,9999.000,9999.000,9999.000,9999.000,9999.000,9999.000,9999.000
202604200042,   1.038,   0.580,9999.000,9999.000,9999.000,9999.000,9999.000,9999.000,9999.000
202604200048,   1.043,   0.610,9999.000,9999.000,9999.000,9999.000,9999.000,9999.000,9999.000
202604200054,   1.046,   0.649,9999.000,9999.000,9999.000,9999.000,9999.000,9999.000,9999.000
202604200100,   1.047,   0.669,   0.500,  -0.878,   0.669,   0.300,   0.469,   0.600,   0.769
202604200106,   1.047,   0.688,9999.000,9999.000,9999.000,9999.000,9999.000,9999.000,9999.000
202604200112,   1.044,   0.718,9999.000,9999.000,9999.000,9999.000,9999.000,9999.000,9999.000
202604200118,   1.040,   0.731,9999.000,9999.000,9999.000,9999.000,9999.000,9999.000,9999.000
202604200124,   1.035,   0.751,9999.000,9999.000,9999.000,9999.000,9999.000,9999.000,9999.000
202604200130,   1.027,   0.760,9999.000,9999.000,9999.000,9999.000,9999.000,9999.000,9999.000
202604200136,   1.018,   0.751,9999.000,9999.000,9999.000,9999.000,9999.000,9999.000,9999.000
202604200142,   1.006,   0.751,9999.000,9999.000,9999.000,9999.000,9999.000,9999.000,9999.000
202604200148,   0.994,   0.731,9999.000,9999.000,9999.000,9999.000,9999.000,9999.000,9999.000
202604200154,   0.979,   0.708,9999.000,9999.000,9999.000,9999.000,9999.000,9999.000,9999.000
202604200200,   0.963,   0.698,   0.500,  -0.765,   0.698,   0.300,   0.498,   0.600,   0.798
202604200206,   0.946,   0.678,9999.000,9999.000,9999.000,9999.000,9999.000,9999.000,9999.000
202604200212,   0.928,   0.669,9999.000,9999.000,9999.000,9999.000,9999.000,9999.000,9999.000
202604200218,   0.908,   0.649,9999.000,9999.000,9999.000,9999.000,9999.000,9999.000,9999.000
202604200224,   0.887,   0.610,9999.000,9999.000,9999.000,9999.000,9999.000,9999.000,9999.000
202604200230,   0.865,   0.600,9999.000,9999.000,9999.000,9999.000,9999.000,9999.000,9999.000
202604200236,   0.842,   0.560,9999.000,9999.000,9999.000,9999.000,9999.000,9999.000,9999.000
202604200242,   0.819,   0.551,9999.000,9999.000,9999.000,9999.000,9999.000,9999.000,9999.000
202604200248,   0.794,   0.551,9999.000,9999.000,9999.000,9999.000,9999.000,9999.000,9999.000
202604200254,   0.769,   0.518,9999.000,9999.000,9999.000,9999.000,9999.000,9999.000,9999.000
202604200300,   0.744,   0.518,   0.500,  -0.726,   0.518,   0.400,   0.418,   0.600,   0.618
202604200306,   0.718,   0.488,9999.000,9999.000,9999.000,9999.000,9999.000,9999.000,9999.000
202604200312,   0.692,   0.459,9999.000,9999.000,9999.000,9999.000,9999.000,9999.000,9999.000
202604200318,   0.666,   0.449,9999.000,9999.000,9999.000,9999.000,9999.000,9999.000,9999.000
202604200324,   0.640,   0.419,9999.000,9999.000,9999.000,9999.000,9999.000,9999.000,9999.000
202604200330,   0.613,   0.409,9999.000,9999.000,9999.000,9999.000,9999.000,9999.000,9999.000
202604200336,   0.587,   0.390,9999.000,9999.000,9999.000,9999.000,9999.000,9999.000,9999.000
202604200342,   0.561,   0.370,9999.000,9999.000,9999.000,9999.000,9999.000,9999.000,9999.000
202604200348,   0.535,   0.360,9999.000,9999.000,9999.000,9999.000,9999.000,9999.000,9999.000
202604200354,   0.510,   0.350,9999.000,9999.000,9999.000,9999.000,9999.000,9999.000,9999.000
202604200400,   0.484,   0.341,   0.500,  -0.643,   0.341,   0.400,   0.241,   0.600,   0.441
202604200406,   0.460,   0.331,9999.000,9999.000,9999.000,9999.000,9999.000,9999.000,9999.000
202604200412,   0.435,   0.308,9999.000,9999.000,9999.000,9999.000,9999.000,9999.000,9999.000
202604200418,   0.412,   0.288,9999.000,9999.000,9999.000,9999.000,9999.000,9999.000,9999.000
202604200424,   0.389,   0.278,9999.000,9999.000,9999.000,9999.000,9999.000,9999.000,9999.000
202604200430,   0.366,   0.259,9999.000,9999.000,9999.000,9999.000,9999.000,9999.000,9999.000
202604200436,   0.345,   0.239,9999.000,9999.000,9999.000,9999.000,9999.000,9999.000,9999.000
202604200442,   0.324,   0.229,9999.000,9999.000,9999.000,9999.000,9999.000,9999.000,9999.000
202604200448,   0.304,   0.219,9999.000,9999.000,9999.000,9999.000,9999.000,9999.000,9999.000
202604200454,   0.284,   0.200,9999.000,9999.000,9999.000,9999.000,9999.000,9999.000,9999.000
202604200500,   0.266,   0.180,   0.500,  -0.586,   0.180,   0.400,   0.080,   0.600,   0.280
202604200506,   0.248,   0.160,9999.000,9999.000,9999.000,9999.000,9999.000,9999.000,9999.000
202604200512,   0.231,   0.150,9999.000,9999.000,9999.000,9999.000,9999.000,9999.000,9999.000
202604200518,   0.216,   0.150,9999.000,9999.000,9999.000,9999.000,9999.000,9999.000,9999.000
202604200524,   0.201,   0.150,9999.000,9999.000,9999.000,9999.000,9999.000,9999.000,9999.000
202604200530,   0.187,   0.141,9999.000,9999.000,9999.000,9999.000,9999.000,9999.000,9999.000
202604200536,   0.174,   0.141,9999.000,9999.000,9999.000,9999.000,9999.000,9999.000,9999.000
202604200542,   0.162,   0.121,9999.000,9999.000,9999.000,9999.000,9999.000,9999.000,9999.000
202604200548,   0.151,   0.111,9999.000,9999.000,9999.000,9999.000,9999.000,9999.000,9999.000
202604200554,   0.141,   0.111,9999.000,9999.000,9999.000,9999.000,9999.000,9999.000,9999.000
202604200600,   0.132,   0.111,   0.400,  -0.421,   0.111,   0.300,   0.011,   0.500,   0.211
202604200606,   0.124,   0.111,9999.000,9999.000,9999.000,9999.000,9999.000,9999.000,9999.000
202604200612,   0.117,   0.111,9999.000,9999.000,9999.000,9999.000,9999.000,9999.000,9999.000
202604200618,   0.110,   0.121,9999.000,9999.000,9999.000,9999.000,9999.000,9999.000,9999.000
202604200624,   0.105,   0.121,9999.000,9999.000,9999.000,9999.000,9999.000,9999.000,9999.000
202604200630,   0.101,   0.141,9999.000,9999.000,9999.000,9999.000,9999.000,9999.000,9999.000
202604200636,   0.098,   0.170,9999.000,9999.000,9999.000,9999.000,9999.000,9999.000,9999.000
202604200642,   0.096,   0.180,9999.000,9999.000,9999.000,9999.000,9999.000,9999.000,9999.000
202604200648,   0.095,   0.209,9999.000,9999.000,9999.000,9999.000,9999.000,9999.000,9999.000
202604200654,   0.095,   0.229,9999.000,9999.000,9999.000,9999.000,9999.000,9999.000,9999.000
202604200700,   0.096,   0.259,   0.400,  -0.237,   0.259,   0.300,   0.159,   0.500,   0.359
202604200706,   0.098,   0.288,9999.000,9999.000,9999.000,9999.000,9999.000,9999.000,9999.000
202604200712,   0.102,   0.308,9999.000,9999.000,9999.000,9999.000,9999.000,9999.000,9999.000
202604200718,   0.107,   0.341,9999.000,9999.000,9999.000,9999.000,9999.000,9999.000,9999.000
202604200724,   0.113,   0.370,9999.000,9999.000,9999.000,9999.000,9999.000,9999.000,9999.000
202604200730,   0.121,   0.390,9999.000,9999.000,9999.000,9999.000,9999.000,9999.000,9999.000
202604200736,   0.130,   0.419,9999.000,9999.000,9999.000,9999.000,9999.000,9999.000,9999.000
202604200742,   0.140,   0.449,9999.000,9999.000,9999.000,9999.000,9999.000,9999.000,9999.000
202604200748,   0.153,   0.488,9999.000,9999.000,9999.000,9999.000,9999.000,9999.000,9999.000
202604200754,   0.166,   0.531,9999.000,9999.000,9999.000,9999.000,9999.000,9999.000,9999.000
202604200800,   0.182,   0.560,   0.400,  -0.022,   0.560,   0.300,   0.460,   0.500,   0.660
202604200806,   0.199,   0.600,9999.000,9999.000,9999.000,9999.000,9999.000,9999.000,9999.000
202604200812,   0.219,   0.639,9999.000,9999.000,9999.000,9999.000,9999.000,9999.000,9999.000
202604200818,   0.240,   0.669,9999.000,9999.000,9999.000,9999.000,9999.000,9999.000,9999.000
202604200824,   0.262,   0.708,9999.000,9999.000,9999.000,9999.000,9999.000,9999.000,9999.000
202604200830,   0.287,   0.751,9999.000,9999.000,9999.000,9999.000,9999.000,9999.000,9999.000
202604200836,   0.314,   0.800,9999.000,9999.000,9999.000,9999.000,9999.000,9999.000,9999.000
202604200842,   0.342,   0.839,9999.000,9999.000,9999.000,9999.000,9999.000,9999.000,9999.000
202604200848,   0.372,   0.879,9999.000,9999.000,9999.000,9999.000,9999.000,9999.000,9999.000
202604200854,   0.404,   0.918,9999.000,9999.000,9999.000,9999.000,9999.000,9999.000,9999.000
202604200900,   0.438,   0.970,   0.400,   0.132,   0.970,   0.400,   0.970,   0.500,   1.070
202604200906,   0.473,   1.010,9999.000,9999.000,9999.000,9999.000,9999.000,9999.000,9999.000
202604200912,   0.510,   1.059,9999.000,9999.000,9999.000,9999.000,9999.000,9999.000,9999.000
202604200918,   0.548,   1.108,9999.000,9999.000,9999.000,9999.000,9999.000,9999.000,9999.000
202604200924,   0.588,   1.151,9999.000,9999.000,9999.000,9999.000,9999.000,9999.000,9999.000
202604200930,   0.628,   1.190,9999.000,9999.000,9999.000,9999.000,9999.000,9999.000,9999.000
202604200936,   0.670,   1.229,9999.000,9999.000,9999.000,9999.000,9999.000,9999.000,9999.000
202604200942,   0.713,   1.269,9999.000,9999.000,9999.000,9999.000,9999.000,9999.000,9999.000
202604200948,   0.756,   1.308,9999.000,9999.000,9999.000,9999.000,9999.000,9999.000,9999.000
202604200954,   0.800,   1.361,9999.000,9999.000,9999.000,9999.000,9999.000,9999.000,9999.000
202604201000,   0.844,   1.380,   0.500,   0.036,   1.380,   0.400,   1.280,   0.500,   1.380
202604201006,   0.889,   1.439,9999.000,9999.000,9999.000,9999.000,9999.000,9999.000,9999.000
202604201012,   0.934,   1.479,9999.000,9999.000,9999.000,9999.000,9999.000,9999.000,9999.000
202604201018,   0.979,   1.518,9999.000,9999.000,9999.000,9999.000,9999.000,9999.000,9999.000
202604201024,   1.024,   1.580,9999.000,9999.000,9999.000,9999.000,9999.000,9999.000,9999.000
202604201030,   1.069,   1.620,9999.000,9999.000,9999.000,9999.000,9999.000,9999.000,9999.000
202604201036,   1.113,   1.669,9999.000,9999.000,9999.000,9999.000,9999.000,9999.000,9999.000
202604201042,   1.157,   1.708,9999.000,9999.000,9999.000,9999.000,9999.000,9999.000,9999.000
202604201048,   1.200,   1.758,9999.000,9999.000,9999.000,9999.000,9999.000,9999.000,9999.000
202604201054,   1.243,   1.800,9999.000,9999.000,9999.000,9999.000,9999.000,9999.000,9999.000
202604201100,   1.284,   1.849,   0.500,   0.065,   1.849,   0.400,   1.749,   0.500,   1.849
202604201106,   1.325,   1.889,9999.000,9999.000,9999.000,9999.000,9999.000,9999.000,9999.000
202604201112,   1.365,   1.918,9999.000,9999.000,9999.000,9999.000,9999.000,9999.000,9999.000
202604201118,   1.404,   1.958,9999.000,9999.000,9999.000,9999.000,9999.000,9999.000,9999.000
202604201124,   1.442,   1.990,9999.000,9999.000,9999.000,9999.000,9999.000,9999.000,9999.000
202604201130,   1.479,9999.000,9999.000,9999.000,9999.000,9999.000,9999.000,9999.000,9999.000
202604201136,   1.515,   2.059,9999.000,9999.000,9999.000,9999.000,9999.000,9999.000,9999.000
202604201142,   1.549,   2.099,9999.000,9999.000,9999.000,9999.000,9999.000,9999.000,9999.000
202604201148,   1.582,   2.138,9999.000,9999.000,9999.000,9999.000,9999.000,9999.000,9999.000
202604201154,   1.613,   2.168,9999.000,9999.000,9999.000,9999.000,9999.000,9999.000,9999.000
202604201200,   1.643,   2.200,   0.400,   0.157,   2.200,   0.300,   2.100,   0.400,   2.200
202604201206,   1.672,   2.220,9999.000,9999.000,9999.000,9999.000,9999.000,9999.000,9999.000
202604201212,   1.699,   2.240,9999.000,9999.000,9999.000,9999.000,9999.000,9999.000,9999.000
202604201218,   1.724,   2.259,9999.000,9999.000,9999.000,9999.000,9999.000,9999.000,9999.000
202604201224,   1.747,   2.279,9999.000,9999.000,9999.000,9999.000,9999.000,9999.000,9999.000
202604201230,   1.769,   2.299,9999.000,9999.000,9999.000,9999.000,9999.000,9999.000,9999.000
202604201236,   1.789,   2.318,9999.000,9999.000,9999.000,9999.000,9999.000,9999.000,9999.000
202604201242,   1.807,   2.348,9999.000,9999.000,9999.000,9999.000,9999.000,9999.000,9999.000
202604201248,   1.823,   2.368,9999.000,9999.000,9999.000,9999.000,9999.000,9999.000,9999.000
202604201254,   1.837,   2.368,9999.000,9999.000,9999.000,9999.000,9999.000,9999.000,9999.000
202604201300,   1.849,   2.377,   0.400,   0.128,   2.377,   0.300,   2.277,   0.400,   2.377
202604201306,   1.859,   2.387,9999.000,9999.000,9999.000,9999.000,9999.000,9999.000,9999.000
202604201312,   1.867,   2.410,9999.000,9999.000,9999.000,9999.000,9999.000,9999.000,9999.000
202604201318,   1.873,   2.430,9999.000,9999.000,9999.000,9999.000,9999.000,9999.000,9999.000
202604201324,   1.876,   2.440,9999.000,9999.000,9999.000,9999.000,9999.000,9999.000,9999.000
202604201330,   1.878,   2.450,9999.000,9999.000,9999.000,9999.000,9999.000,9999.000,9999.000
202604201336,   1.877,   2.450,9999.000,9999.000,9999.000,9999.000,9999.000,9999.000,9999.000
202604201342,   1.874,   2.459,9999.000,9999.000,9999.000,9999.000,9999.000,9999.000,9999.000
202604201348,   1.869,   2.459,9999.000,9999.000,9999.000,9999.000,9999.000,9999.000,9999.000
202604201354,   1.862,   2.469,9999.000,9999.000,9999.000,9999.000,9999.000,9999.000,9999.000
202604201400,   1.854,   2.479,   0.300,   0.325,   2.479,   0.300,   2.479,   0.400,   2.579
202604201406,   1.843,   2.469,9999.000,9999.000,9999.000,9999.000,9999.000,9999.000,9999.000
202604201412,   1.830,   2.450,9999.000,9999.000,9999.000,9999.000,9999.000,9999.000,9999.000
202604201418,   1.816,   2.440,9999.000,9999.000,9999.000,9999.000,9999.000,9999.000,9999.000
202604201424,   1.800,   2.440,9999.000,9999.000,9999.000,9999.000,9999.000,9999.000,9999.000
202604201430,   1.782,   2.430,9999.000,9999.000,9999.000,9999.000,9999.000,9999.000,9999.000
202604201436,   1.763,   2.430,9999.000,9999.000,9999.000,9999.000,9999.000,9999.000,9999.000
202604201442,   1.743,   2.420,9999.000,9999.000,9999.000,9999.000,9999.000,9999.000,9999.000
202604201448,   1.721,   2.400,9999.000,9999.000,9999.000,9999.000,9999.000,9999.000,9999.000
202604201454,   1.698,   2.387,9999.000,9999.000,9999.000,9999.000,9999.000,9999.000,9999.000
202604201500,   1.674,   2.338,   0.300,   0.364,   2.338,   0.300,   2.338,   0.400,   2.438
202604201506,   1.649,   2.289,9999.000,9999.000,9999.000,9999.000,9999.000,9999.000,9999.000
202604201512,   1.623,   2.250,9999.000,9999.000,9999.000,9999.000,9999.000,9999.000,9999.000
202604201518,   1.596,   2.200,9999.000,9999.000,9999.000,9999.000,9999.000,9999.000,9999.000
202604201524,   1.569,   2.168,9999.000,9999.000,9999.000,9999.000,9999.000,9999.000,9999.000
202604201530,   1.541,   2.138,9999.000,9999.000,9999.000,9999.000,9999.000,9999.000,9999.000
202604201536,   1.512,   2.109,9999.000,9999.000,9999.000,9999.000,9999.000,9999.000,9999.000
202604201542,   1.483,   2.079,9999.000,9999.000,9999.000,9999.000,9999.000,9999.000,9999.000
202604201548,   1.453,   2.030,9999.000,9999.000,9999.000,9999.000,9999.000,9999.000,9999.000
202604201554,   1.423,   2.000,9999.000,9999.000,9999.000,9999.000,9999.000,9999.000,9999.000
202604201600,   1.393,   1.958,   0.300,   0.265,   1.958,   0.200,   1.858,   0.400,   2.058
202604201606,   1.363,   1.928,9999.000,9999.000,9999.000,9999.000,9999.000,9999.000,9999.000
202604201612,   1.332,   1.889,9999.000,9999.000,9999.000,9999.000,9999.000,9999.000,9999.000
202604201618,   1.301,   1.840,9999.000,9999.000,9999.000,9999.000,9999.000,9999.000,9999.000
202604201624,   1.270,   1.830,9999.000,9999.000,9999.000,9999.000,9999.000,9999.000,9999.000
202604201630,   1.239,   1.800,9999.000,9999.000,9999.000,9999.000,9999.000,9999.000,9999.000
202604201636,   1.208,   1.767,9999.000,9999.000,9999.000,9999.000,9999.000,9999.000,9999.000
202604201642,   1.178,   1.748,9999.000,9999.000,9999.000,9999.000,9999.000,9999.000,9999.000
202604201648,   1.147,   1.708,9999.000,9999.000,9999.000,9999.000,9999.000,9999.000,9999.000
202604201654,   1.116,   1.679,9999.000,9999.000,9999.000,9999.000,9999.000,9999.000,9999.000
202604201700,   1.085,   1.649,   0.300,   0.264,   1.649,   0.200,   1.549,   0.300,   1.649
202604201706,   1.055,   1.630,9999.000,9999.000,9999.000,9999.000,9999.000,9999.000,9999.000
202604201712,   1.024,   1.610,9999.000,9999.000,9999.000,9999.000,9999.000,9999.000,9999.000
202604201718,   0.994,   1.580,9999.000,9999.000,9999.000,9999.000,9999.000,9999.000,9999.000
202604201724,   0.964,   1.557,9999.000,9999.000,9999.000,9999.000,9999.000,9999.000,9999.000
202604201730,   0.935,   1.508,9999.000,9999.000,9999.000,9999.000,9999.000,9999.000,9999.000
202604201736,   0.905,   1.469,9999.000,9999.000,9999.000,9999.000,9999.000,9999.000,9999.000
202604201742,   0.876,   1.430,9999.000,9999.000,9999.000,9999.000,9999.000,9999.000,9999.000
202604201748,   0.847,   1.400,9999.000,9999.000,9999.000,9999.000,9999.000,9999.000,9999.000
202604201754,   0.819,   1.400,9999.000,9999.000,9999.000,9999.000,9999.000,9999.000,9999.000
202604201800,   0.790,   1.390,   0.300,   0.300,   1.390,   0.300,   1.390,   0.400,   1.490
202604201806,   0.762,   1.371,9999.000,9999.000,9999.000,9999.000,9999.000,9999.000,9999.000
202604201812,   0.735,   1.328,9999.000,9999.000,9999.000,9999.000,9999.000,9999.000,9999.000
202604201818,   0.707,   1.269,9999.000,9999.000,9999.000,9999.000,9999.000,9999.000,9999.000
202604201824,   0.680,   1.220,9999.000,9999.000,9999.000,9999.000,9999.000,9999.000,9999.000
202604201830,   0.654,   1.151,9999.000,9999.000,9999.000,9999.000,9999.000,9999.000,9999.000
202604201836,   0.627,   1.088,9999.000,9999.000,9999.000,9999.000,9999.000,9999.000,9999.000
202604201842,   0.601,   1.029,9999.000,9999.000,9999.000,9999.000,9999.000,9999.000,9999.000
202604201848,   0.576,   0.970,9999.000,9999.000,9999.000,9999.000,9999.000,9999.000,9999.000
202604201854,   0.551,   0.928,9999.000,9999.000,9999.000,9999.000,9999.000,9999.000,9999.000
202604201900,   0.526,   0.849,   0.300,   0.023,   0.849,   0.200,   0.749,   0.300,   0.849
202604201906,   0.502,   0.800,9999.000,9999.000,9999.000,9999.000,9999.000,9999.000,9999.000
202604201912,   0.479,   0.770,9999.000,9999.000,9999.000,9999.000,9999.000,9999.000,9999.000
202604201918,   0.455,   0.718,9999.000,9999.000,9999.000,9999.000,9999.000,9999.000,9999.000
202604201924,   0.433,   0.649,9999.000,9999.000,9999.000,9999.000,9999.000,9999.000,9999.000
202604201930,   0.411,   0.619,9999.000,9999.000,9999.000,9999.000,9999.000,9999.000,9999.000
202604201936,   0.390,   0.600,9999.000,9999.000,9999.000,9999.000,9999.000,9999.000,9999.000
202604201942,   0.370,   0.570,9999.000,9999.000,9999.000,9999.000,9999.000,9999.000,9999.000
202604201948,   0.351,   0.551,9999.000,9999.000,9999.000,9999.000,9999.000,9999.000,9999.000
202604201954,   0.333,   0.508,9999.000,9999.000,9999.000,9999.000,9999.000,9999.000,9999.000
202604202000,   0.316,   0.469,   0.200,  -0.047,   0.469,   0.200,   0.469,   0.300,   0.569
202604202006,   0.300,   0.409,9999.000,9999.000,9999.000,9999.000,9999.000,9999.000,9999.000
202604202012,   0.285,   0.370,9999.000,9999.000,9999.000,9999.000,9999.000,9999.000,9999.000
202604202018,   0.272,   0.360,9999.000,9999.000,9999.000,9999.000,9999.000,9999.000,9999.000
202604202024,   0.260,   0.350,9999.000,9999.000,9999.000,9999.000,9999.000,9999.000,9999.000
202604202030,   0.250,   0.370,9999.000,9999.000,9999.000,9999.000,9999.000,9999.000,9999.000
202604202036,   0.241,   0.360,9999.000,9999.000,9999.000,9999.000,9999.000,9999.000,9999.000
202604202042,   0.234,   0.350,9999.000,9999.000,9999.000,9999.000,9999.000,9999.000,9999.000
202604202048,   0.229,   0.341,9999.000,9999.000,9999.000,9999.000,9999.000,9999.000,9999.000
202604202054,   0.226,   0.321,9999.000,9999.000,9999.000,9999.000,9999.000,9999.000,9999.000
202604202100,   0.224,   0.331,   0.200,  -0.093,   0.331,   0.100,   0.231,   0.300,   0.431
202604202106,   0.225,   0.360,9999.000,9999.000,9999.000,9999.000,9999.000,9999.000,9999.000
202604202112,   0.227,   0.390,9999.000,9999.000,9999.000,9999.000,9999.000,9999.000,9999.000
202604202118,   0.231,   0.400,9999.000,9999.000,9999.000,9999.000,9999.000,9999.000,9999.000
202604202124,   0.237,   0.390,9999.000,9999.000,9999.000,9999.000,9999.000,9999.000,9999.000
202604202130,   0.245,   0.370,9999.000,9999.000,9999.000,9999.000,9999.000,9999.000,9999.000
202604202136,   0.254,   0.341,9999.000,9999.000,9999.000,9999.000,9999.000,9999.000,9999.000
202604202142,   0.266,   0.321,9999.000,9999.000,9999.000,9999.000,9999.000,9999.000,9999.000
202604202148,   0.279,   0.321,9999.000,9999.000,9999.000,9999.000,9999.000,9999.000,9999.000
202604202154,   0.293,   0.331,9999.000,9999.000,9999.000,9999.000,9999.000,9999.000,9999.000
202604202200,   0.309,   0.321,   0.200,  -0.188,   0.321,   0.000,   0.121,   0.300,   0.421
202604202206,   0.327,   0.321,9999.000,9999.000,9999.000,9999.000,9999.000,9999.000,9999.000
202604202212,   0.346,   0.278,9999.000,9999.000,9999.000,9999.000,9999.000,9999.000,9999.000
202604202218,   0.366,   0.259,9999.000,9999.000,9999.000,9999.000,9999.000,9999.000,9999.000
202604202224,   0.387,   0.239,9999.000,9999.000,9999.000,9999.000,9999.000,9999.000,9999.000
202604202230,   0.409,   0.219,9999.000,9999.000,9999.000,9999.000,9999.000,9999.000,9999.000
202604202236,   0.432,   0.229,9999.000,9999.000,9999.000,9999.000,9999.000,9999.000,9999.000
202604202242,   0.455,   0.219,9999.000,9999.000,9999.000,9999.000,9999.000,9999.000,9999.000
202604202248,   0.480,   0.229,9999.000,9999.000,9999.000,9999.000,9999.000,9999.000,9999.000
202604202254,   0.504,   0.239,9999.000,9999.000,9999.000,9999.000,9999.000,9999.000,9999.000
202604202300,   0.529,   0.239,   0.100,  -0.390,   0.239,   0.000,   0.139,   0.200,   0.339
202604202306,   0.555,   0.259,9999.000,9999.000,9999.000,9999.000,9999.000,9999.000,9999.000
202604202312,   0.580,   0.278,9999.000,9999.000,9999.000,9999.000,9999.000,9999.000,9999.000
202604202318,   0.606,   0.308,9999.000,9999.000,9999.000,9999.000,9999.000,9999.000,9999.000
202604202324,   0.631,   0.341,9999.000,9999.000,9999.000,9999.000,9999.000,9999.000,9999.000
202604202330,   0.656,   0.380,9999.000,9999.000,9999.000,9999.000,9999.000,9999.000,9999.000
202604202336,   0.682,   0.409,9999.000,9999.000,9999.000,9999.000,9999.000,9999.000,9999.000
202604202342,   0.706,   0.439,9999.000,9999.000,9999.000,9999.000,9999.000,9999.000,9999.000
202604202348,   0.731,   0.469,9999.000,9999.000,9999.000,9999.000,9999.000,9999.000,9999.000
202604202354,   0.755,   0.469,9999.000,9999.000,9999.000,9999.000,9999.000,9999.000,9999.000
202604210000,   0.778,   0.488,   0.100,  -0.390,   0.488,   0.000,   0.388,   0.300,   0.688
202604210006,   0.801,   0.518,9999.000,9999.000,9999.000,9999.000,9999.000,9999.000,9999.000
202604210012,   0.824,   0.518,9999.000,9999.000,9999.000,9999.000,9999.000,9999.000,9999.000
202604210018,   0.845,   0.541,9999.000,9999.000,9999.000,9999.000,9999.000,9999.000,9999.000
202604210024,   0.866,   0.580,9999.000,9999.000,9999.000,9999.000,9999.000,9999.000,9999.000
202604210030,   0.886,   0.570,9999.000,9999.000,9999.000,9999.000,9999.000,9999.000,9999.000
202604210036,   0.904,   0.590,9999.000,9999.000,9999.000,9999.000,9999.000,9999.000,9999.000
202604210042,   0.922,   0.600,9999.000,9999.000,9999.000,9999.000,9999.000,9999.000,9999.000
202604210048,   0.938,   0.590,9999.000,9999.000,9999.000,9999.000,9999.000,9999.000,9999.000
202604210054,   0.954,   0.610,9999.000,9999.000,9999.000,9999.000,9999.000,9999.000,9999.000
202604210100,   0.968,   0.610,   0.100,  -0.458,   0.610,   0.000,   0.510,   0.300,   0.810
202604210106,   0.981,   0.610,9999.000,9999.000,9999.000,9999.000,9999.000,9999.000,9999.000
202604210112,   0.992,   0.610,9999.000,9999.000,9999.000,9999.000,9999.000,9999.000,9999.000
202604210118,   1.002,   0.610,9999.000,9999.000,9999.000,9999.000,9999.000,9999.000,9999.000
202604210124,   1.010,   0.600,9999.000,9999.000,9999.000,9999.000,9999.000,9999.000,9999.000
202604210130,   1.016,   0.600,9999.000,9999.000,9999.000,9999.000,9999.000,9999.000,9999.000
202604210136,   1.021,   0.600,9999.000,9999.000,9999.000,9999.000,9999.000,9999.000,9999.000
202604210142,   1.025,   0.580,9999.000,9999.000,9999.000,9999.000,9999.000,9999.000,9999.000
202604210148,   1.026,   0.570,9999.000,9999.000,9999.000,9999.000,9999.000,9999.000,9999.000
202604210154,   1.026,   0.541,9999.000,9999.000,9999.000,9999.000,9999.000,9999.000,9999.000
202604210200,   1.025,   0.518,   0.100,  -0.607,   0.518,   0.000,   0.418,   0.200,   0.618
202604210206,   1.021,   0.508,9999.000,9999.000,9999.000,9999.000,9999.000,9999.000,9999.000
202604210212,   1.016,   0.488,9999.000,9999.000,9999.000,9999.000,9999.000,9999.000,9999.000
202604210218,   1.009,   0.469,9999.000,9999.000,9999.000,9999.000,9999.000,9999.000,9999.000
202604210224,   1.001,   0.459,9999.000,9999.000,9999.000,9999.000,9999.000,9999.000,9999.000
202604210230,   0.991,   0.439,9999.000,9999.000,9999.000,9999.000,9999.000,9999.000,9999.000
202604210236,   0.979,   0.429,9999.000,9999.000,9999.000,9999.000,9999.000,9999.000,9999.000
202604210242,   0.967,   0.409,9999.000,9999.000,9999.000,9999.000,9999.000,9999.000,9999.000
202604210248,   0.952,   0.400,9999.000,9999.000,9999.000,9999.000,9999.000,9999.000,9999.000
202604210254,   0.937,   0.390,9999.000,9999.000,9999.000,9999.000,9999.000,9999.000,9999.000
202604210300,   0.920,   0.380,   0.100,  -0.640,   0.380,   0.000,   0.280,   0.200,   0.480
202604210306,   0.902,   0.370,9999.000,9999.000,9999.000,9999.000,9999.000,9999.000,9999.000
202604210312,   0.884,   0.350,9999.000,9999.000,9999.000,9999.000,9999.000,9999.000,9999.000
202604210318,   0.864,   0.331,9999.000,9999.000,9999.000,9999.000,9999.000,9999.000,9999.000
202604210324,   0.843,   0.308,9999.000,9999.000,9999.000,9999.000,9999.000,9999.000,9999.000
202604210330,   0.822,   0.298,9999.000,9999.000,9999.000,9999.000,9999.000,9999.000,9999.000
202604210336,   0.800,   0.268,9999.000,9999.000,9999.000,9999.000,9999.000,9999.000,9999.000
202604210342,   0.778,   0.249,9999.000,9999.000,9999.000,9999.000,9999.000,9999.000,9999.000
202604210348,   0.755,   0.229,9999.000,9999.000,9999.000,9999.000,9999.000,9999.000,9999.000
202604210354,   0.731,   0.209,9999.000,9999.000,9999.000,9999.000,9999.000,9999.000,9999.000
202604210400,   0.708,   0.200,   0.100,  -0.608,   0.200,   0.000,   0.100,   0.200,   0.300
202604210406,   0.684,   0.170,9999.000,9999.000,9999.000,9999.000,9999.000,9999.000,9999.000
202604210412,   0.660,   0.150,9999.000,9999.000,9999.000,9999.000,9999.000,9999.000,9999.000
202604210418,   0.635,   0.131,9999.000,9999.000,9999.000,9999.000,9999.000,9999.000,9999.000
202604210424,   0.611,   0.098,9999.000,9999.000,9999.000,9999.000,9999.000,9999.000,9999.000
202604210430,   0.587,   0.078,9999.000,9999.000,9999.000,9999.000,9999.000,9999.000,9999.000
202604210436,   0.563,   0.049,9999.000,9999.000,9999.000,9999.000,9999.000,9999.000,9999.000
202604210442,   0.539,   0.019,9999.000,9999.000,9999.000,9999.000,9999.000,9999.000,9999.000
202604210448,   0.515,  -0.009,9999.000,9999.000,9999.000,9999.000,9999.000,9999.000,9999.000
202604210454,   0.492,  -0.039,9999.000,9999.000,9999.000,9999.000,9999.000,9999.000,9999.000
202604210500,   0.469,  -0.059,   0.100,  -0.628,  -0.059,   0.000,  -0.159,   0.200,   0.041
202604210506,   0.446,  -0.078,9999.000,9999.000,9999.000,9999.000,9999.000,9999.000,9999.000
202604210512,   0.424,  -0.111,9999.000,9999.000,9999.000,9999.000,9999.000,9999.000,9999.000
202604210518,   0.402,  -0.131,9999.000,9999.000,9999.000,9999.000,9999.000,9999.000,9999.000
202604210524,   0.381,  -0.150,9999.000,9999.000,9999.000,9999.000,9999.000,9999.000,9999.000
202604210530,   0.360,  -0.170,9999.000,9999.000,9999.000,9999.000,9999.000,9999.000,9999.000
202604210536,   0.340,  -0.190,9999.000,9999.000,9999.000,9999.000,9999.000,9999.000,9999.000
202604210542,   0.321,  -0.209,9999.000,9999.000,9999.000,9999.000,9999.000,9999.000,9999.000
202604210548,   0.302,  -0.229,9999.000,9999.000,9999.000,9999.000,9999.000,9999.000,9999.000
202604210554,   0.285,  -0.249,9999.000,9999.000,9999.000,9999.000,9999.000,9999.000,9999.000
202604210600,   0.268,  -0.268,   0.000,  -0.536,  -0.268,   0.000,  -0.268,   0.100,  -0.168
202604210606,   0.251,  -0.288,9999.000,9999.000,9999.000,9999.000,9999.000,9999.000,9999.000
202604210612,   0.236,  -0.308,9999.000,9999.000,9999.000,9999.000,9999.000,9999.000,9999.000
202604210618,   0.222,  -0.321,9999.000,9999.000,9999.000,9999.000,9999.000,9999.000,9999.000
202604210624,   0.208,  -0.331,9999.000,9999.000,9999.000,9999.000,9999.000,9999.000,9999.000
202604210630,   0.196,  -0.341,9999.000,9999.000,9999.000,9999.000,9999.000,9999.000,9999.000
202604210636,   0.184,  -0.350,9999.000,9999.000,9999.000,9999.000,9999.000,9999.000,9999.000
202604210642,   0.173,  -0.350,9999.000,9999.000,9999.000,9999.000,9999.000,9999.000,9999.000
202604210648,   0.164,  -0.331,9999.000,9999.000,9999.000,9999.000,9999.000,9999.000,9999.000
202604210654,   0.155,  -0.331,9999.000,9999.000,9999.000,9999.000,9999.000,9999.000,9999.000
202604210700,   0.147,  -0.331,   0.000,  -0.478,  -0.331,   0.000,  -0.331,   0.100,  -0.231
202604210706,   0.140,  -0.331,9999.000,9999.000,9999.000,9999.000,9999.000,9999.000,9999.000
202604210712,   0.134,  -0.331,9999.000,9999.000,9999.000,9999.000,9999.000,9999.000,9999.000
202604210718,   0.130,  -0.341,9999.000,9999.000,9999.000,9999.000,9999.000,9999.000,9999.000
202604210724,   0.126,  -0.331,9999.000,9999.000,9999.000,9999.000,9999.000,9999.000,9999.000
202604210730,   0.123,  -0.321,9999.000,9999.000,9999.000,9999.000,9999.000,9999.000,9999.000
202604210736,   0.121,  -0.308,9999.000,9999.000,9999.000,9999.000,9999.000,9999.000,9999.000
202604210742,   0.120,  -0.298,9999.000,9999.000,9999.000,9999.000,9999.000,9999.000,9999.000
202604210748,   0.121,  -0.288,9999.000,9999.000,9999.000,9999.000,9999.000,9999.000,9999.000
202604210754,   0.122,  -0.278,9999.000,9999.000,9999.000,9999.000,9999.000,9999.000,9999.000
202604210800,   0.125,  -0.249,   0.000,  -0.374,  -0.249,   0.000,  -0.249,   0.100,  -0.149
202604210806,   0.128,  -0.229,9999.000,9999.000,9999.000,9999.000,9999.000,9999.000,9999.000
202604210812,   0.133,  -0.209,9999.000,9999.000,9999.000,9999.000,9999.000,9999.000,9999.000
202604210818,   0.139,  -0.190,9999.000,9999.000,9999.000,9999.000,9999.000,9999.000,9999.000
202604210824,   0.147,  -0.170,9999.000,9999.000,9999.000,9999.000,9999.000,9999.000,9999.000
202604210830,   0.156,  -0.170,9999.000,9999.000,9999.000,9999.000,9999.000,9999.000,9999.000
202604210836,   0.166,  -0.160,9999.000,9999.000,9999.000,9999.000,9999.000,9999.000,9999.000
202604210842,   0.178,  -0.150,9999.000,9999.000,9999.000,9999.000,9999.000,9999.000,9999.000
202604210848,   0.191,  -0.131,9999.000,9999.000,9999.000,9999.000,9999.000,9999.000,9999.000
202604210854,   0.206,  -0.121,9999.000,9999.000,9999.000,9999.000,9999.000,9999.000,9999.000
202604210900,   0.223,  -0.098,   0.000,  -0.321,  -0.098,   0.000,  -0.098,   0.100,   0.002
202604210906,   0.241,  -0.078,9999.000,9999.000,9999.000,9999.000,9999.000,9999.000,9999.000
202604210912,   0.261,  -0.068,9999.000,9999.000,9999.000,9999.000,9999.000,9999.000,9999.000
202604210918,   0.282,  -0.049,9999.000,9999.000,9999.000,9999.000,9999.000,9999.000,9999.000
202604210924,   0.305,  -0.019,9999.000,9999.000,9999.000,9999.000,9999.000,9999.000,9999.000
202604210930,   0.331,   0.009,9999.000,9999.000,9999.000,9999.000,9999.000,9999.000,9999.000
202604210936,   0.357,   0.039,9999.000,9999.000,9999.000,9999.000,9999.000,9999.000,9999.000
202604210942,   0.386,   0.068,9999.000,9999.000,9999.000,9999.000,9999.000,9999.000,9999.000
202604210948,   0.416,   0.098,9999.000,9999.000,9999.000,9999.000,9999.000,9999.000,9999.000
202604210954,   0.447,   0.131,9999.000,9999.000,9999.000,9999.000,9999.000,9999.000,9999.000
202604211000,   0.481,   0.160,   0.000,  -0.321,   0.160,   0.000,   0.160,   0.100,   0.260
202604211006,   0.515,   0.200,9999.000,9999.000,9999.000,9999.000,9999.000,9999.000,9999.000
202604211012,   0.551,   0.239,9999.000,9999.000,9999.000,9999.000,9999.000,9999.000,9999.000
202604211018,   0.588,   0.268,9999.000,9999.000,9999.000,9999.000,9999.000,9999.000,9999.000
202604211024,   0.626,   0.298,9999.000,9999.000,9999.000,9999.000,9999.000,9999.000,9999.000
202604211030,   0.666,   0.341,9999.000,9999.000,9999.000,9999.000,9999.000,9999.000,9999.000
202604211036,   0.706,   0.370,9999.000,9999.000,9999.000,9999.000,9999.000,9999.000,9999.000
202604211042,   0.747,   0.409,9999.000,9999.000,9999.000,9999.000,9999.000,9999.000,9999.000
202604211048,   0.788,   0.449,9999.000,9999.000,9999.000,9999.000,9999.000,9999.000,9999.000
202604211054,   0.830,   0.488,9999.000,9999.000,9999.000,9999.000,9999.000,9999.000,9999.000
202604211100,   0.872,   0.531,   0.000,  -0.341,   0.531,   0.000,   0.531,   0.100,   0.631
202604211106,   0.915,   0.560,9999.000,9999.000,9999.000,9999.000,9999.000,9999.000,9999.000
202604211112,   0.957,   0.600,9999.000,9999.000,9999.000,9999.000,9999.000,9999.000,9999.000
202604211118,   1.000,   0.649,9999.000,9999.000,9999.000,9999.000,9999.000,9999.000,9999.000
202604211124,   1.042,   0.678,9999.000,9999.000,9999.000,9999.000,9999.000,9999.000,9999.000
202604211130,   1.084,   0.718,9999.000,9999.000,9999.000,9999.000,9999.000,9999.000,9999.000
202604211136,   1.125,   0.760,9999.000,9999.000,9999.000,9999.000,9999.000,9999.000,9999.000
202604211142,   1.166,   0.800,9999.000,9999.000,9999.000,9999.000,9999.000,9999.000,9999.000
202604211148,   1.206,   0.829,9999.000,9999.000,9999.000,9999.000,9999.000,9999.000,9999.000
202604211154,   1.246,   0.869,9999.000,9999.000,9999.000,9999.000,9999.000,9999.000,9999.000
202604211200,   1.285,   0.908,   0.000,  -0.377,   0.908,   0.000,   0.908,   0.100,   1.008
202604211206,   1.322,   0.941,9999.000,9999.000,9999.000,9999.000,9999.000,9999.000,9999.000
202604211212,   1.359,   0.970,9999.000,9999.000,9999.000,9999.000,9999.000,9999.000,9999.000
202604211218,   1.395,   1.010,9999.000,9999.000,9999.000,9999.000,9999.000,9999.000,9999.000
202604211224,   1.430,   1.049,9999.000,9999.000,9999.000,9999.000,9999.000,9999.000,9999.000
202604211230,   1.463,   1.088,9999.000,9999.000,9999.000,9999.000,9999.000,9999.000,9999.000
202604211236,   1.495,   1.128,9999.000,9999.000,9999.000,9999.000,9999.000,9999.000,9999.000
202604211242,   1.526,   1.161,9999.000,9999.000,9999.000,9999.000,9999.000,9999.000,9999.000
202604211248,   1.555,   1.190,9999.000,9999.000,9999.000,9999.000,9999.000,9999.000,9999.000
202604211254,   1.583,   1.210,9999.000,9999.000,9999.000,9999.000,9999.000,9999.000,9999.000
202604211300,   1.610,   1.239,   0.000,  -0.371,   1.239,   0.000,   1.239,   0.100,   1.339
202604211306,   1.634,   1.259,9999.000,9999.000,9999.000,9999.000,9999.000,9999.000,9999.000
202604211312,   1.658,   1.289,9999.000,9999.000,9999.000,9999.000,9999.000,9999.000,9999.000
202604211318,   1.679,   1.328,9999.000,9999.000,9999.000,9999.000,9999.000,9999.000,9999.000
202604211324,   1.699,   1.361,9999.000,9999.000,9999.000,9999.000,9999.000,9999.000,9999.000
202604211330,   1.718,   1.390,9999.000,9999.000,9999.000,9999.000,9999.000,9999.000,9999.000
202604211336,   1.734,   1.420,9999.000,9999.000,9999.000,9999.000,9999.000,9999.000,9999.000
202604211342,   1.749,   1.430,9999.000,9999.000,9999.000,9999.000,9999.000,9999.000,9999.000
202604211348,   1.761,   1.459,9999.000,9999.000,9999.000,9999.000,9999.000,9999.000,9999.000
202604211354,   1.772,   1.479,9999.000,9999.000,9999.000,9999.000,9999.000,9999.000,9999.000
202604211400,   1.781,   1.508,   0.000,  -0.273,   1.508,   0.000,   1.508,   0.100,   1.608
202604211406,   1.788,   1.528,9999.000,9999.000,9999.000,9999.000,9999.000,9999.000,9999.000
202604211412,   1.794,   1.548,9999.000,9999.000,9999.000,9999.000,9999.000,9999.000,9999.000
202604211418,   1.797,   1.557,9999.000,9999.000,9999.000,9999.000,9999.000,9999.000,9999.000
202604211424,   1.799,   1.571,9999.000,9999.000,9999.000,9999.000,9999.000,9999.000,9999.000
202604211430,   1.798,   1.590,9999.000,9999.000,9999.000,9999.000,9999.000,9999.000,9999.000
202604211436,   1.796,   1.590,9999.000,9999.000,9999.000,9999.000,9999.000,9999.000,9999.000
202604211442,   1.792,   1.600,9999.000,9999.000,9999.000,9999.000,9999.000,9999.000,9999.000
202604211448,   1.786,   1.610,9999.000,9999.000,9999.000,9999.000,9999.000,9999.000,9999.000
202604211454,   1.779,   1.620,9999.000,9999.000,9999.000,9999.000,9999.000,9999.000,9999.000
202604211500,   1.770,   1.630,   0.000,  -0.140,   1.630,   0.000,   1.630,   0.100,   1.730
202604211506,   1.760,   1.639,9999.000,9999.000,9999.000,9999.000,9999.000,9999.000,9999.000
202604211512,   1.748,   1.639,9999.000,9999.000,9999.000,9999.000,9999.000,9999.000,9999.000
202604211518,   1.734,   1.630,9999.000,9999.000,9999.000,9999.000,9999.000,9999.000,9999.000
202604211524,   1.719,   1.630,9999.000,9999.000,9999.000,9999.000,9999.000,9999.000,9999.000
202604211530,   1.703,   1.630,9999.000,9999.000,9999.000,9999.000,9999.000,9999.000,9999.000
202604211536,   1.686,   1.630,9999.000,9999.000,9999.000,9999.000,9999.000,9999.000,9999.000
202604211542,   1.668,   1.630,9999.000,9999.000,9999.000,9999.000,9999.000,9999.000,9999.000
202604211548,   1.649,   1.620,9999.000,9999.000,9999.000,9999.000,9999.000,9999.000,9999.000
202604211554,   1.629,   1.610,9999.000,9999.000,9999.000,9999.000,9999.000,9999.000,9999.000
202604211600,   1.607,   1.600,   0.000,  -0.007,   1.600,   0.000,   1.600,   0.100,   1.700
202604211606,   1.586,   1.590,9999.000,9999.000,9999.000,9999.000,9999.000,9999.000,9999.000
202604211612,   1.563,   1.571,9999.000,9999.000,9999.000,9999.000,9999.000,9999.000,9999.000
202604211618,   1.540,   1.557,9999.000,9999.000,9999.000,9999.000,9999.000,9999.000,9999.000
202604211624,   1.516,   1.538,9999.000,9999.000,9999.000,9999.000,9999.000,9999.000,9999.000
202604211630,   1.491,   1.528,9999.000,9999.000,9999.000,9999.000,9999.000,9999.000,9999.000
202604211636,   1.466,   1.508,9999.000,9999.000,9999.000,9999.000,9999.000,9999.000,9999.000
202604211642,   1.440,   1.489,9999.000,9999.000,9999.000,9999.000,9999.000,9999.000,9999.000
202604211648,   1.414,   1.469,9999.000,9999.000,9999.000,9999.000,9999.000,9999.000,9999.000
202604211654,   1.388,   1.449,9999.000,9999.000,9999.000,9999.000,9999.000,9999.000,9999.000
202604211700,   1.361,   1.430,   0.100,  -0.031,   1.430,   0.000,   1.330,   0.100,   1.430
202604211706,   1.335,   1.420,9999.000,9999.000,9999.000,9999.000,9999.000,9999.000,9999.000
202604211712,   1.307,   1.410,9999.000,9999.000,9999.000,9999.000,9999.000,9999.000,9999.000
202604211718,   1.280,   1.380,9999.000,9999.000,9999.000,9999.000,9999.000,9999.000,9999.000
202604211724,   1.252,   1.361,9999.000,9999.000,9999.000,9999.000,9999.000,9999.000,9999.000
202604211730,   1.224,   1.338,9999.000,9999.000,9999.000,9999.000,9999.000,9999.000,9999.000
202604211736,   1.197,   1.318,9999.000,9999.000,9999.000,9999.000,9999.000,9999.000,9999.000
202604211742,   1.169,   1.298,9999.000,9999.000,9999.000,9999.000,9999.000,9999.000,9999.000
202604211748,   1.141,   1.279,9999.000,9999.000,9999.000,9999.000,9999.000,9999.000,9999.000
202604211754,   1.113,   1.269,9999.000,9999.000,9999.000,9999.000,9999.000,9999.000,9999.000
202604211800,   1.085,   1.249,   0.100,   0.064,   1.249,   0.000,   1.149,   0.100,   1.249
202604211806,   1.057,   1.220,9999.000,9999.000,9999.000,9999.000,9999.000,9999.000,9999.000
202604211812,   1.029,   1.200,9999.000,9999.000,9999.000,9999.000,9999.000,9999.000,9999.000
202604211818,   1.002,   1.180,9999.000,9999.000,9999.000,9999.000,9999.000,9999.000,9999.000
202604211824,   0.974,   1.161,9999.000,9999.000,9999.000,9999.000,9999.000,9999.000,9999.000
202604211830,   0.947,   1.128,9999.000,9999.000,9999.000,9999.000,9999.000,9999.000,9999.000
202604211836,   0.920,   1.128,9999.000,9999.000,9999.000,9999.000,9999.000,9999.000,9999.000
202604211842,   0.893,   1.098,9999.000,9999.000,9999.000,9999.000,9999.000,9999.000,9999.000
202604211848,   0.867,   1.079,9999.000,9999.000,9999.000,9999.000,9999.000,9999.000,9999.000
202604211854,   0.841,   1.088,9999.000,9999.000,9999.000,9999.000,9999.000,9999.000,9999.000
202604211900,   0.815,   1.059,   0.100,   0.144,   1.059,   0.100,   1.059,   0.100,   1.059
202604211906,   0.790,   1.049,9999.000,9999.000,9999.000,9999.000,9999.000,9999.000,9999.000
202604211912,   0.764,   1.029,9999.000,9999.000,9999.000,9999.000,9999.000,9999.000,9999.000
202604211918,   0.739,   0.980,9999.000,9999.000,9999.000,9999.000,9999.000,9999.000,9999.000
202604211924,   0.714,   0.970,9999.000,9999.000,9999.000,9999.000,9999.000,9999.000,9999.000
202604211930,   0.689,   0.951,9999.000,9999.000,9999.000,9999.000,9999.000,9999.000,9999.000
202604211936,   0.665,   0.928,9999.000,9999.000,9999.000,9999.000,9999.000,9999.000,9999.000
202604211942,   0.641,   0.928,9999.000,9999.000,9999.000,9999.000,9999.000,9999.000,9999.000
202604211948,   0.618,   0.908,9999.000,9999.000,9999.000,9999.000,9999.000,9999.000,9999.000
202604211954,   0.594,   0.908,9999.000,9999.000,9999.000,9999.000,9999.000,9999.000,9999.000
202604212000,   0.572,   0.898,   0.100,   0.226,   0.898,   0.100,   0.898,   0.200,   0.998
202604212006,   0.549,   0.888,9999.000,9999.000,9999.000,9999.000,9999.000,9999.000,9999.000
202604212012,   0.527,   0.879,9999.000,9999.000,9999.000,9999.000,9999.000,9999.000,9999.000
202604212018,   0.506,   0.869,9999.000,9999.000,9999.000,9999.000,9999.000,9999.000,9999.000
202604212024,   0.485,   0.869,9999.000,9999.000,9999.000,9999.000,9999.000,9999.000,9999.000
202604212030,   0.465,   0.859,9999.000,9999.000,9999.000,9999.000,9999.000,9999.000,9999.000
202604212036,   0.445,   0.869,9999.000,9999.000,9999.000,9999.000,9999.000,9999.000,9999.000
202604212042,   0.426,   0.859,9999.000,9999.000,9999.000,9999.000,9999.000,9999.000,9999.000
202604212048,   0.408,   0.859,9999.000,9999.000,9999.000,9999.000,9999.000,9999.000,9999.000
202604212054,   0.391,   0.859,9999.000,9999.000,9999.000,9999.000,9999.000,9999.000,9999.000
202604212100,   0.375,   0.859,   0.100,   0.384,   0.859,   0.100,   0.859,   0.200,   0.959
202604212106,   0.360,   0.849,9999.000,9999.000,9999.000,9999.000,9999.000,9999.000,9999.000
202604212112,   0.346,   0.849,9999.000,9999.000,9999.000,9999.000,9999.000,9999.000,9999.000
202604212118,   0.334,   0.849,9999.000,9999.000,9999.000,9999.000,9999.000,9999.000,9999.000
202604212124,   0.323,   0.859,9999.000,9999.000,9999.000,9999.000,9999.000,9999.000,9999.000
202604212130,   0.314,   0.859,9999.000,9999.000,9999.000,9999.000,9999.000,9999.000,9999.000
202604212136,   0.306,   0.869,9999.000,9999.000,9999.000,9999.000,9999.000,9999.000,9999.000
202604212142,   0.299,   0.879,9999.000,9999.000,9999.000,9999.000,9999.000,9999.000,9999.000
202604212148,   0.295,   0.879,9999.000,9999.000,9999.000,9999.000,9999.000,9999.000,9999.000
202604212154,   0.292,   0.888,9999.000,9999.000,9999.000,9999.000,9999.000,9999.000,9999.000
202604212200,   0.291,   0.898,   0.100,   0.507,   0.898,   0.100,   0.898,   0.200,   0.998
202604212206,   0.292,   0.898,9999.000,9999.000,9999.000,9999.000,9999.000,9999.000,9999.000
202604212212,   0.295,   0.908,9999.000,9999.000,9999.000,9999.000,9999.000,9999.000,9999.000
202604212218,   0.299,   0.928,9999.000,9999.000,9999.000,9999.000,9999.000,9999.000,9999.000
202604212224,   0.305,   0.941,9999.000,9999.000,9999.000,9999.000,9999.000,9999.000,9999.000
202604212230,   0.313,   0.951,9999.000,9999.000,9999.000,9999.000,9999.000,9999.000,9999.000
202604212236,   0.323,   0.980,9999.000,9999.000,9999.000,9999.000,9999.000,9999.000,9999.000
202604212242,   0.334,   1.010,9999.000,9999.000,9999.000,9999.000,9999.000,9999.000,9999.000
202604212248,   0.347,   1.039,9999.000,9999.000,9999.000,9999.000,9999.000,9999.000,9999.000
202604212254,   0.362,   1.069,9999.000,9999.000,9999.000,9999.000,9999.000,9999.000,9999.000
202604212300,   0.378,   1.108,   0.100,   0.630,   1.108,   0.100,   1.108,   0.200,   1.208
202604212306,   0.395,   1.128,9999.000,9999.000,9999.000,9999.000,9999.000,9999.000,9999.000
202604212312,   0.413,   1.170,9999.000,9999.000,9999.000,9999.000,9999.000,9999.000,9999.000
202604212318,   0.432,   1.200,9999.000,9999.000,9999.000,9999.000,9999.000,9999.000,9999.000
202604212324,   0.453,   1.229,9999.000,9999.000,9999.000,9999.000,9999.000,9999.000,9999.000
202604212330,   0.474,   1.269,9999.000,9999.000,9999.000,9999.000,9999.000,9999.000,9999.000
202604212336,   0.496,   1.308,9999.000,9999.000,9999.000,9999.000,9999.000,9999.000,9999.000
202604212342,   0.518,   1.338,9999.000,9999.000,9999.000,9999.000,9999.000,9999.000,9999.000
202604212348,   0.541,   1.371,9999.000,9999.000,9999.000,9999.000,9999.000,9999.000,9999.000
202604212354,   0.564,   1.400,9999.000,9999.000,9999.000,9999.000,9999.000,9999.000,9999.000
202604220000,   0.588,   1.430,   0.300,   0.542,   1.430,   0.200,   1.330,   0.300,   1.430
202604220006,   0.611,   1.469,9999.000,9999.000,9999.000,9999.000,9999.000,9999.000,9999.000
202604220012,   0.635,   1.508,9999.000,9999.000,9999.000,9999.000,9999.000,9999.000,9999.000
202604220018,   0.658,   1.548,9999.000,9999.000,9999.000,9999.000,9999.000,9999.000,9999.000
202604220024,   0.682,   1.571,9999.000,9999.000,9999.000,9999.000,9999.000,9999.000,9999.000
202604220030,   0.705,   1.600,9999.000,9999.000,9999.000,9999.000,9999.000,9999.000,9999.000
202604220036,   0.728,   1.630,9999.000,9999.000,9999.000,9999.000,9999.000,9999.000,9999.000
202604220042,   0.751,   1.669,9999.000,9999.000,9999.000,9999.000,9999.000,9999.000,9999.000
202604220048,   0.773,   1.699,9999.000,9999.000,9999.000,9999.000,9999.000,9999.000,9999.000
202604220054,   0.794,   1.728,9999.000,9999.000,9999.000,9999.000,9999.000,9999.000,9999.000
202604220100,   0.815,   1.748,   0.300,   0.633,   1.748,   0.200,   1.648,   0.300,   1.748
202604220106,   0.835,   1.758,9999.000,9999.000,9999.000,9999.000,9999.000,9999.000,9999.000
202604220112,   0.855,   1.800,9999.000,9999.000,9999.000,9999.000,9999.000,9999.000,9999.000
202604220118,   0.874,   1.830,9999.000,9999.000,9999.000,9999.000,9999.000,9999.000,9999.000
202604220124,   0.892,   1.840,9999.000,9999.000,9999.000,9999.000,9999.000,9999.000,9999.000
202604220130,   0.909,   1.869,9999.000,9999.000,9999.000,9999.000,9999.000,9999.000,9999.000
202604220136,   0.925,   1.889,9999.000,9999.000,9999.000,9999.000,9999.000,9999.000,9999.000
202604220142,   0.939,   1.918,9999.000,9999.000,9999.000,9999.000,9999.000,9999.000,9999.000
202604220148,   0.953,   1.938,9999.000,9999.000,9999.000,9999.000,9999.000,9999.000,9999.000
202604220154,   0.966,   1.958,9999.000,9999.000,9999.000,9999.000,9999.000,9999.000,9999.000
202604220200,   0.977,   1.981,   0.300,   0.704,   1.981,   0.200,   1.881,   0.400,   2.081
202604220206,   0.987,   1.990,9999.000,9999.000,9999.000,9999.000,9999.000,9999.000,9999.000
202604220212,   0.996,   1.990,9999.000,9999.000,9999.000,9999.000,9999.000,9999.000,9999.000
202604220218,   1.004,   1.990,9999.000,9999.000,9999.000,9999.000,9999.000,9999.000,9999.000
202604220224,   1.010,   2.000,9999.000,9999.000,9999.000,9999.000,9999.000,9999.000,9999.000
202604220230,   1.014,   2.000,9999.000,9999.000,9999.000,9999.000,9999.000,9999.000,9999.000
202604220236,   1.018,   2.000,9999.000,9999.000,9999.000,9999.000,9999.000,9999.000,9999.000
202604220242,   1.019,   2.000,9999.000,9999.000,9999.000,9999.000,9999.000,9999.000,9999.000
202604220248,   1.020,   2.000,9999.000,9999.000,9999.000,9999.000,9999.000,9999.000,9999.000
202604220254,   1.018,   2.000,9999.000,9999.000,9999.000,9999.000,9999.000,9999.000,9999.000
202604220300,   1.016,   2.000,   0.400,   0.584,   2.000,   0.300,   1.900,   0.400,   2.000
202604220306,   1.012,   2.000,9999.000,9999.000,9999.000,9999.000,9999.000,9999.000,9999.000
202604220312,   1.006,   2.000,9999.000,9999.000,9999.000,9999.000,9999.000,9999.000,9999.000
202604220318,   0.999,   1.990,9999.000,9999.000,9999.000,9999.000,9999.000,9999.000,9999.000
202604220324,   0.991,   1.990,9999.000,9999.000,9999.000,9999.000,9999.000,9999.000,9999.000
202604220330,   0.981,   1.990,9999.000,9999.000,9999.000,9999.000,9999.000,9999.000,9999.000
202604220336,   0.970,   1.990,9999.000,9999.000,9999.000,9999.000,9999.000,9999.000,9999.000
202604220342,   0.958,   1.990,9999.000,9999.000,9999.000,9999.000,9999.000,9999.000,9999.000
202604220348,   0.945,   1.981,9999.000,9999.000,9999.000,9999.000,9999.000,9999.000,9999.000
202604220354,   0.931,   1.990,9999.000,9999.000,9999.000,9999.000,9999.000,9999.000,9999.000
202604220400,   0.915,   2.000,   0.400,   0.685,   2.000,   0.300,   1.900,   0.500,   2.100
202604220406,   0.899,   2.020,9999.000,9999.000,9999.000,9999.000,9999.000,9999.000,9999.000
202604220412,   0.882,   2.040,9999.000,9999.000,9999.000,9999.000,9999.000,9999.000,9999.000
202604220418,   0.864,   2.059,9999.000,9999.000,9999.000,9999.000,9999.000,9999.000,9999.000
202604220424,   0.845,   2.069,9999.000,9999.000,9999.000,9999.000,9999.000,9999.000,9999.000
202604220430,   0.825,   2.069,9999.000,9999.000,9999.000,9999.000,9999.000,9999.000,9999.000
202604220436,   0.805,   2.059,9999.000,9999.000,9999.000,9999.000,9999.000,9999.000,9999.000
202604220442,   0.785,   2.049,9999.000,9999.000,9999.000,9999.000,9999.000,9999.000,9999.000
202604220448,   0.763,   2.040,9999.000,9999.000,9999.000,9999.000,9999.000,9999.000,9999.000
202604220454,   0.742,   2.020,9999.000,9999.000,9999.000,9999.000,9999.000,9999.000,9999.000
202604220500,   0.720,   2.010,   0.400,   0.890,   2.010,   0.300,   1.910,   0.500,   2.110
202604220506,   0.698,   1.990,9999.000,9999.000,9999.000,9999.000,9999.000,9999.000,9999.000
202604220512,   0.675,   1.981,9999.000,9999.000,9999.000,9999.000,9999.000,9999.000,9999.000
202604220518,   0.653,   1.958,9999.000,9999.000,9999.000,9999.000,9999.000,9999.000,9999.000
202604220524,   0.630,   1.948,9999.000,9999.000,9999.000,9999.000,9999.000,9999.000,9999.000
202604220530,   0.607,   1.928,9999.000,9999.000,9999.000,9999.000,9999.000,9999.000,9999.000
202604220536,   0.584,   1.918,9999.000,9999.000,9999.000,9999.000,9999.000,9999.000,9999.000
202604220542,   0.562,   1.899,9999.000,9999.000,9999.000,9999.000,9999.000,9999.000,9999.000
202604220548,   0.539,   1.889,9999.000,9999.000,9999.000,9999.000,9999.000,9999.000,9999.000
202604220554,   0.517,   1.869,9999.000,9999.000,9999.000,9999.000,9999.000,9999.000,9999.000
202604220600,   0.495,   1.859,   0.600,   0.764,   1.859,   0.500,   1.759,   0.700,   1.959
202604220606,   0.473,   1.840,9999.000,9999.000,9999.000,9999.000,9999.000,9999.000,9999.000
202604220612,   0.452,   1.820,9999.000,9999.000,9999.000,9999.000,9999.000,9999.000,9999.000
202604220618,   0.432,   1.810,9999.000,9999.000,9999.000,9999.000,9999.000,9999.000,9999.000
202604220624,   0.411,   1.790,9999.000,9999.000,9999.000,9999.000,9999.000,9999.000,9999.000
202604220630,   0.392,   1.781,9999.000,9999.000,9999.000,9999.000,9999.000,9999.000,9999.000
202604220636,   0.373,   1.767,9999.000,9999.000,9999.000,9999.000,9999.000,9999.000,9999.000
202604220642,   0.355,   1.767,9999.000,9999.000,9999.000,9999.000,9999.000,9999.000,9999.000
202604220648,   0.337,   1.767,9999.000,9999.000,9999.000,9999.000,9999.000,9999.000,9999.000
202604220654,   0.321,   1.767,9999.000,9999.000,9999.000,9999.000,9999.000,9999.000,9999.000
202604220700,   0.305,   1.781,   0.700,   0.776,   1.781,   0.600,   1.681,   0.700,   1.781
202604220706,   0.290,   1.781,9999.000,9999.000,9999.000,9999.000,9999.000,9999.000,9999.000
202604220712,   0.276,   1.781,9999.000,9999.000,9999.000,9999.000,9999.000,9999.000,9999.000
202604220718,   0.263,   1.790,9999.000,9999.000,9999.000,9999.000,9999.000,9999.000,9999.000
202604220724,   0.250,   1.800,9999.000,9999.000,9999.000,9999.000,9999.000,9999.000,9999.000
202604220730,   0.239,   1.810,9999.000,9999.000,9999.000,9999.000,9999.000,9999.000,9999.000
202604220736,   0.228,   1.830,9999.000,9999.000,9999.000,9999.000,9999.000,9999.000,9999.000
202604220742,   0.218,   1.840,9999.000,9999.000,9999.000,9999.000,9999.000,9999.000,9999.000
202604220748,   0.210,   1.859,9999.000,9999.000,9999.000,9999.000,9999.000,9999.000,9999.000
202604220754,   0.202,   1.869,9999.000,9999.000,9999.000,9999.000,9999.000,9999.000,9999.000
202604220800,   0.194,   1.879,   0.700,   0.985,   1.879,   0.600,   1.779,   0.800,   1.979
202604220806,   0.188,   1.899,9999.000,9999.000,9999.000,9999.000,9999.000,9999.000,9999.000
202604220812,   0.183,   1.908,9999.000,9999.000,9999.000,9999.000,9999.000,9999.000,9999.000
202604220818,   0.178,   1.918,9999.000,9999.000,9999.000,9999.000,9999.000,9999.000,9999.000
202604220824,   0.175,   1.938,9999.000,9999.000,9999.000,9999.000,9999.000,9999.000,9999.000
202604220830,   0.172,   1.948,9999.000,9999.000,9999.000,9999.000,9999.000,9999.000,9999.000
202604220836,   0.170,   1.948,9999.000,9999.000,9999.000,9999.000,9999.000,9999.000,9999.000
202604220842,   0.169,   1.948,9999.000,9999.000,9999.000,9999.000,9999.000,9999.000,9999.000
202604220848,   0.168,   1.958,9999.000,9999.000,9999.000,9999.000,9999.000,9999.000,9999.000
202604220854,   0.169,   1.958,9999.000,9999.000,9999.000,9999.000,9999.000,9999.000,9999.000
202604220900,   0.171,   1.967,   0.700,   1.096,   1.967,   0.600,   1.867,   0.800,   2.067
202604220906,   0.174,   1.990,9999.000,9999.000,9999.000,9999.000,9999.000,9999.000,9999.000
202604220912,   0.178,   2.000,9999.000,9999.000,9999.000,9999.000,9999.000,9999.000,9999.000
202604220918,   0.183,   2.020,9999.000,9999.000,9999.000,9999.000,9999.000,9999.000,9999.000
202604220924,   0.189,   2.030,9999.000,9999.000,9999.000,9999.000,9999.000,9999.000,9999.000
202604220930,   0.196,   2.040,9999.000,9999.000,9999.000,9999.000,9999.000,9999.000,9999.000
202604220936,   0.205,   2.069,9999.000,9999.000,9999.000,9999.000,9999.000,9999.000,9999.000
202604220942,   0.216,   2.089,9999.000,9999.000,9999.000,9999.000,9999.000,9999.000,9999.000
202604220948,   0.227,   2.109,9999.000,9999.000,9999.000,9999.000,9999.000,9999.000,9999.000
202604220954,   0.241,   2.128,9999.000,9999.000,9999.000,9999.000,9999.000,9999.000,9999.000
202604221000,   0.256,   2.128,   0.800,   1.072,   2.128,   0.600,   1.928,   0.900,   2.228
202604221006,   0.272,   2.138,9999.000,9999.000,9999.000,9999.000,9999.000,9999.000,9999.000
202604221012,   0.290,   2.158,9999.000,9999.000,9999.000,9999.000,9999.000,9999.000,9999.000
202604221018,   0.310,   2.168,9999.000,9999.000,9999.000,9999.000,9999.000,9999.000,9999.000
202604221024,   0.332,   2.200,9999.000,9999.000,9999.000,9999.000,9999.000,9999.000,9999.000
202604221030,   0.355,   2.230,9999.000,9999.000,9999.000,9999.000,9999.000,9999.000,9999.000
202604221036,   0.380,   2.259,9999.000,9999.000,9999.000,9999.000,9999.000,9999.000,9999.000
202604221042,   0.407,   2.289,9999.000,9999.000,9999.000,9999.000,9999.000,9999.000,9999.000
202604221048,   0.435,   2.309,9999.000,9999.000,9999.000,9999.000,9999.000,9999.000,9999.000
202604221054,   0.464,   2.338,9999.000,9999.000,9999.000,9999.000,9999.000,9999.000,9999.000
202604221100,   0.495,   2.368,   0.800,   1.073,   2.368,   0.700,   2.268,   0.900,   2.468
202604221106,   0.528,   2.410,9999.000,9999.000,9999.000,9999.000,9999.000,9999.000,9999.000
202604221112,   0.561,   2.450,9999.000,9999.000,9999.000,9999.000,9999.000,9999.000,9999.000
202604221118,   0.596,   2.489,9999.000,9999.000,9999.000,9999.000,9999.000,9999.000,9999.000
202604221124,   0.631,   2.509,9999.000,9999.000,9999.000,9999.000,9999.000,9999.000,9999.000
202604221130,   0.668,   2.528,9999.000,9999.000,9999.000,9999.000,9999.000,9999.000,9999.000
202604221136,   0.705,   2.548,9999.000,9999.000,9999.000,9999.000,9999.000,9999.000,9999.000
202604221142,   0.743,   2.568,9999.000,9999.000,9999.000,9999.000,9999.000,9999.000,9999.000
202604221148,   0.781,   2.587,9999.000,9999.000,9999.000,9999.000,9999.000,9999.000,9999.000
202604221154,   0.820,   2.630,9999.000,9999.000,9999.000,9999.000,9999.000,9999.000,9999.000
202604221200,   0.859,   2.650,   0.700,   1.091,   2.650,   0.600,   2.550,   0.900,   2.850
202604221206,   0.897,   2.640,9999.000,9999.000,9999.000,9999.000,9999.000,9999.000,9999.000
202604221212,   0.936,   2.660,9999.000,9999.000,9999.000,9999.000,9999.000,9999.000,9999.000
202604221218,   0.975,   2.679,9999.000,9999.000,9999.000,9999.000,9999.000,9999.000,9999.000
202604221224,   1.013,   2.689,9999.000,9999.000,9999.000,9999.000,9999.000,9999.000,9999.000
202604221230,   1.051,   2.738,9999.000,9999.000,9999.000,9999.000,9999.000,9999.000,9999.000
202604221236,   1.088,   2.748,9999.000,9999.000,9999.000,9999.000,9999.000,9999.000,9999.000
202604221242,   1.124,   2.787,9999.000,9999.000,9999.000,9999.000,9999.000,9999.000,9999.000
202604221248,   1.160,   2.797,9999.000,9999.000,9999.000,9999.000,9999.000,9999.000,9999.000
202604221254,   1.195,   2.787,9999.000,9999.000,9999.000,9999.000,9999.000,9999.000,9999.000
202604221300,   1.230,   2.807,   0.700,   0.877,   2.807,   0.600,   2.707,   0.900,   3.007
202604221306,   1.263,   2.807,9999.000,9999.000,9999.000,9999.000,9999.000,9999.000,9999.000
202604221312,   1.295,   2.820,9999.000,9999.000,9999.000,9999.000,9999.000,9999.000,9999.000
202604221318,   1.327,   2.840,9999.000,9999.000,9999.000,9999.000,9999.000,9999.000,9999.000
202604221324,   1.357,   2.850,9999.000,9999.000,9999.000,9999.000,9999.000,9999.000,9999.000
202604221330,   1.386,   2.879,9999.000,9999.000,9999.000,9999.000,9999.000,9999.000,9999.000
202604221336,   1.414,   2.889,9999.000,9999.000,9999.000,9999.000,9999.000,9999.000,9999.000
202604221342,   1.441,   2.909,9999.000,9999.000,9999.000,9999.000,9999.000,9999.000,9999.000
202604221348,   1.467,   2.909,9999.000,9999.000,9999.000,9999.000,9999.000,9999.000,9999.000
202604221354,   1.491,   2.929,9999.000,9999.000,9999.000,9999.000,9999.000,9999.000,9999.000
202604221400,   1.514,   2.948,   0.700,   0.734,   2.948,   0.600,   2.848,   0.800,   3.048
202604221406,   1.536,   2.968,9999.000,9999.000,9999.000,9999.000,9999.000,9999.000,9999.000
202604221412,   1.556,   2.988,9999.000,9999.000,9999.000,9999.000,9999.000,9999.000,9999.000
202604221418,   1.575,   2.997,9999.000,9999.000,9999.000,9999.000,9999.000,9999.000,9999.000
202604221424,   1.593,   3.007,9999.000,9999.000,9999.000,9999.000,9999.000,9999.000,9999.000
202604221430,   1.609,   3.007,9999.000,9999.000,9999.000,9999.000,9999.000,9999.000,9999.000
202604221436,   1.624,   3.017,9999.000,9999.000,9999.000,9999.000,9999.000,9999.000,9999.000
202604221442,   1.637,   3.030,9999.000,9999.000,9999.000,9999.000,9999.000,9999.000,9999.000
202604221448,   1.648,   3.040,9999.000,9999.000,9999.000,9999.000,9999.000,9999.000,9999.000
202604221454,   1.658,   3.050,9999.000,9999.000,9999.000,9999.000,9999.000,9999.000,9999.000
202604221500,   1.667,   3.050,   0.700,   0.683,   3.050,   0.600,   2.950,   0.800,   3.150
202604221506,   1.674,   3.040,9999.000,9999.000,9999.000,9999.000,9999.000,9999.000,9999.000
202604221512,   1.679,   3.040,9999.000,9999.000,9999.000,9999.000,9999.000,9999.000,9999.000
202604221518,   1.683,   3.030,9999.000,9999.000,9999.000,9999.000,9999.000,9999.000,9999.000
202604221524,   1.686,   3.030,9999.000,9999.000,9999.000,9999.000,9999.000,9999.000,9999.000
202604221530,   1.686,   3.030,9999.000,9999.000,9999.000,9999.000,9999.000,9999.000,9999.000
202604221536,   1.686,9999.000,9999.000,9999.000,9999.000,9999.000,9999.000,9999.000,9999.000
202604221542,   1.683,9999.000,9999.000,9999.000,9999.000,9999.000,9999.000,9999.000,9999.000
202604221548,   1.680,9999.000,9999.000,9999.000,9999.000,9999.000,9999.000,9999.000,9999.000
202604221554,   1.675,9999.000,9999.000,9999.000,9999.000,9999.000,9999.000,9999.000,9999.000
202604221600,   1.668,9999.000,   0.700,9999.000,   2.368,   0.600,   2.268,   0.800,   2.468
202604221606,   1.660,9999.000,9999.000,9999.000,9999.000,9999.000,9999.000,9999.000,9999.000
202604221612,   1.651,9999.000,9999.000,9999.000,9999.000,9999.000,9999.000,9999.000,9999.000
202604221618,   1.641,9999.000,9999.000,9999.000,9999.000,9999.000,9999.000,9999.000,9999.000
202604221624,   1.630,9999.000,9999.000,9999.000,9999.000,9999.000,9999.000,9999.000,9999.000
202604221630,   1.617,9999.000,9999.000,9999.000,9999.000,9999.000,9999.000,9999.000,9999.000
202604221636,   1.603,9999.000,9999.000,9999.000,9999.000,9999.000,9999.000,9999.000,9999.000
202604221642,   1.588,9999.000,9999.000,9999.000,9999.000,9999.000,9999.000,9999.000,9999.000
202604221648,   1.573,9999.000,9999.000,9999.000,9999.000,9999.000,9999.000,9999.000,9999.000
202604221654,   1.556,9999.000,9999.000,9999.000,9999.000,9999.000,9999.000,9999.000,9999.000
202604221700,   1.539,9999.000,   0.700,9999.000,   2.239,   0.600,   2.139,   0.800,   2.339
202604221706,   1.520,9999.000,9999.000,9999.000,9999.000,9999.000,9999.000,9999.000,9999.000
202604221712,   1.501,9999.000,9999.000,9999.000,9999.000,9999.000,9999.000,9999.000,9999.000
202604221718,   1.481,9999.000,9999.000,9999.000,9999.000,9999.000,9999.000,9999.000,9999.000
202604221724,   1.461,   2.528,9999.000,9999.000,9999.000,9999.000,9999.000,9999.000,9999.000
202604221730,   1.440,9999.000,9999.000,9999.000,9999.000,9999.000,9999.000,9999.000,9999.000
202604221736,   1.418,   2.568,9999.000,9999.000,9999.000,9999.000,9999.000,9999.000,9999.000
202604221742,   1.396,   2.548,9999.000,9999.000,9999.000,9999.000,9999.000,9999.000,9999.000
202604221748,   1.373,   2.528,9999.000,9999.000,9999.000,9999.000,9999.000,9999.000,9999.000
202604221754,   1.350,   2.509,9999.000,9999.000,9999.000,9999.000,9999.000,9999.000,9999.000
202604221800,   1.327,   2.499,   0.700,   0.472,   2.499,   0.600,   2.399,   0.800,   2.599
202604221806,   1.303,   2.479,9999.000,9999.000,9999.000,9999.000,9999.000,9999.000,9999.000
202604221812,   1.279,   2.450,9999.000,9999.000,9999.000,9999.000,9999.000,9999.000,9999.000
202604221818,   1.255,   2.420,9999.000,9999.000,9999.000,9999.000,9999.000,9999.000,9999.000
202604221824,   1.230,   2.400,9999.000,9999.000,9999.000,9999.000,9999.000,9999.000,9999.000
202604221830,   1.206,   2.368,9999.000,9999.000,9999.000,9999.000,9999.000,9999.000,9999.000
202604221836,   1.181,   2.338,9999.000,9999.000,9999.000,9999.000,9999.000,9999.000,9999.000
202604221842,   1.157,   2.318,9999.000,9999.000,9999.000,9999.000,9999.000,9999.000,9999.000
202604221848,   1.132,   2.289,9999.000,9999.000,9999.000,9999.000,9999.000,9999.000,9999.000
202604221854,   1.107,   2.269,9999.000,9999.000,9999.000,9999.000,9999.000,9999.000,9999.000
202604221900,   1.083,   2.240,   0.700,   0.457,   2.240,   0.600,   2.140,   0.800,   2.340
202604221906,   1.058,   2.210,9999.000,9999.000,9999.000,9999.000,9999.000,9999.000,9999.000
202604221912,   1.034,   2.191,9999.000,9999.000,9999.000,9999.000,9999.000,9999.000,9999.000
202604221918,   1.010,   2.158,9999.000,9999.000,9999.000,9999.000,9999.000,9999.000,9999.000
202604221924,   0.986,   2.128,9999.000,9999.000,9999.000,9999.000,9999.000,9999.000,9999.000
202604221930,   0.962,   2.099,9999.000,9999.000,9999.000,9999.000,9999.000,9999.000,9999.000
202604221936,   0.938,   2.059,9999.000,9999.000,9999.000,9999.000,9999.000,9999.000,9999.000
202604221942,   0.914,   2.040,9999.000,9999.000,9999.000,9999.000,9999.000,9999.000,9999.000
202604221948,   0.891,   2.010,9999.000,9999.000,9999.000,9999.000,9999.000,9999.000,9999.000
202604221954,   0.868,   1.981,9999.000,9999.000,9999.000,9999.000,9999.000,9999.000,9999.000
202604222000,   0.845,   1.948,   0.700,   0.403,   1.948,   0.600,   1.848,   0.800,   2.048
202604222006,   0.822,   1.918,9999.000,9999.000,9999.000,9999.000,9999.000,9999.000,9999.000
202604222012,   0.799,   1.889,9999.000,9999.000,9999.000,9999.000,9999.000,9999.000,9999.000
202604222018,   0.776,   1.849,9999.000,9999.000,9999.000,9999.000,9999.000,9999.000,9999.000
202604222024,   0.754,   1.810,9999.000,9999.000,9999.000,9999.000,9999.000,9999.000,9999.000
202604222030,   0.731,   1.781,9999.000,9999.000,9999.000,9999.000,9999.000,9999.000,9999.000
202604222036,   0.709,   1.738,9999.000,9999.000,9999.000,9999.000,9999.000,9999.000,9999.000
202604222042,   0.687,   1.699,9999.000,9999.000,9999.000,9999.000,9999.000,9999.000,9999.000
202604222048,   0.665,   1.659,9999.000,9999.000,9999.000,9999.000,9999.000,9999.000,9999.000
202604222054,   0.643,   1.610,9999.000,9999.000,9999.000,9999.000,9999.000,9999.000,9999.000
202604222100,   0.621,   1.580,   0.700,   0.259,   1.580,   0.600,   1.480,   0.700,   1.580
202604222106,   0.600,   1.538,9999.000,9999.000,9999.000,9999.000,9999.000,9999.000,9999.000
202604222112,   0.579,   1.498,9999.000,9999.000,9999.000,9999.000,9999.000,9999.000,9999.000
202604222118,   0.558,   1.479,9999.000,9999.000,9999.000,9999.000,9999.000,9999.000,9999.000
202604222124,   0.538,   1.439,9999.000,9999.000,9999.000,9999.000,9999.000,9999.000,9999.000
202604222130,   0.518,   1.420,9999.000,9999.000,9999.000,9999.000,9999.000,9999.000,9999.000
202604222136,   0.499,   1.390,9999.000,9999.000,9999.000,9999.000,9999.000,9999.000,9999.000
202604222142,   0.481,   1.361,9999.000,9999.000,9999.000,9999.000,9999.000,9999.000,9999.000
202604222148,   0.463,   1.348,9999.000,9999.000,9999.000,9999.000,9999.000,9999.000,9999.000
202604222154,   0.447,   1.318,9999.000,9999.000,9999.000,9999.000,9999.000,9999.000,9999.000
202604222200,   0.431,   1.298,   0.600,   0.267,   1.298,   0.600,   1.298,   0.700,   1.398
202604222206,   0.417,   1.269,9999.000,9999.000,9999.000,9999.000,9999.000,9999.000,9999.000
202604222212,   0.403,   1.249,9999.000,9999.000,9999.000,9999.000,9999.000,9999.000,9999.000
202604222218,   0.392,   1.239,9999.000,9999.000,9999.000,9999.000,9999.000,9999.000,9999.000
202604222224,   0.381,   1.220,9999.000,9999.000,9999.000,9999.000,9999.000,9999.000,9999.000
202604222230,   0.372,   1.200,9999.000,9999.000,9999.000,9999.000,9999.000,9999.000,9999.000
202604222236,   0.365,   1.180,9999.000,9999.000,9999.000,9999.000,9999.000,9999.000,9999.000
202604222242,   0.360,   1.170,9999.000,9999.000,9999.000,9999.000,9999.000,9999.000,9999.000
202604222248,   0.356,   1.161,9999.000,9999.000,9999.000,9999.000,9999.000,9999.000,9999.000
202604222254,   0.354,   1.151,9999.000,9999.000,9999.000,9999.000,9999.000,9999.000,9999.000
202604222300,   0.354,   1.151,   0.600,   0.197,   1.151,   0.600,   1.151,   0.700,   1.251
202604222306,   0.356,   1.151,9999.000,9999.000,9999.000,9999.000,9999.000,9999.000,9999.000
202604222312,   0.359,   1.138,9999.000,9999.000,9999.000,9999.000,9999.000,9999.000,9999.000
202604222318,   0.364,   1.128,9999.000,9999.000,9999.000,9999.000,9999.000,9999.000,9999.000
202604222324,   0.371,   1.128,9999.000,9999.000,9999.000,9999.000,9999.000,9999.000,9999.000
202604222330,   0.380,   1.128,9999.000,9999.000,9999.000,9999.000,9999.000,9999.000,9999.000
202604222336,   0.390,   1.128,9999.000,9999.000,9999.000,9999.000,9999.000,9999.000,9999.000
202604222342,   0.401,   1.128,9999.000,9999.000,9999.000,9999.000,9999.000,9999.000,9999.000
202604222348,   0.415,   1.128,9999.000,9999.000,9999.000,9999.000,9999.000,9999.000,9999.000
202604222354,   0.429,   1.138,9999.000,9999.000,9999.000,9999.000,9999.000,9999.000,9999.000
202604230000,   0.445,   1.138,   0.600,   0.093,   1.138,   0.600,   1.138,   0.600,   1.138
202604230006,   0.461,   1.138,9999.000,9999.000,9999.000,9999.000,9999.000,9999.000,9999.000
202604230012,   0.479,   1.151,9999.000,9999.000,9999.000,9999.000,9999.000,9999.000,9999.000
202604230018,   0.497,   1.161,9999.000,9999.000,9999.000,9999.000,9999.000,9999.000,9999.000
202604230024,   0.517,   1.170,9999.000,9999.000,9999.000,9999.000,9999.000,9999.000,9999.000
202604230030,   0.537,   1.190,9999.000,9999.000,9999.000,9999.000,9999.000,9999.000,9999.000
202604230036,   0.557,   1.210,9999.000,9999.000,9999.000,9999.000,9999.000,9999.000,9999.000
202604230042,   0.578,   1.229,9999.000,9999.000,9999.000,9999.000,9999.000,9999.000,9999.000
202604230048,   0.599,   1.249,9999.000,9999.000,9999.000,9999.000,9999.000,9999.000,9999.000
202604230054,   0.620,   1.269,9999.000,9999.000,9999.000,9999.000,9999.000,9999.000,9999.000
202604230100,   0.641,   1.279,   0.600,   0.038,   1.279,   0.600,   1.279,   0.600,   1.279
202604230106,   0.663,   1.298,9999.000,9999.000,9999.000,9999.000,9999.000,9999.000,9999.000
202604230112,   0.684,   1.318,9999.000,9999.000,9999.000,9999.000,9999.000,9999.000,9999.000
202604230118,   0.705,   1.338,9999.000,9999.000,9999.000,9999.000,9999.000,9999.000,9999.000
202604230124,   0.726,   1.361,9999.000,9999.000,9999.000,9999.000,9999.000,9999.000,9999.000
202604230130,   0.747,   1.371,9999.000,9999.000,9999.000,9999.000,9999.000,9999.000,9999.000
202604230136,   0.768,   1.400,9999.000,9999.000,9999.000,9999.000,9999.000,9999.000,9999.000
202604230142,   0.788,   1.420,9999.000,9999.000,9999.000,9999.000,9999.000,9999.000,9999.000
202604230148,   0.808,   1.439,9999.000,9999.000,9999.000,9999.000,9999.000,9999.000,9999.000
202604230154,   0.827,   1.459,9999.000,9999.000,9999.000,9999.000,9999.000,9999.000,9999.000
202604230200,   0.846,   1.479,   0.600,   0.033,   1.479,   0.500,   1.379,   0.600,   1.479
202604230206,   0.864,   1.498,9999.000,9999.000,9999.000,9999.000,9999.000,9999.000,9999.000
202604230212,   0.882,   1.508,9999.000,9999.000,9999.000,9999.000,9999.000,9999.000,9999.000
202604230218,   0.899,   1.528,9999.000,9999.000,9999.000,9999.000,9999.000,9999.000,9999.000
202604230224,   0.915,   1.538,9999.000,9999.000,9999.000,9999.000,9999.000,9999.000,9999.000
202604230230,   0.931,   1.557,9999.000,9999.000,9999.000,9999.000,9999.000,9999.000,9999.000
202604230236,   0.946,   1.571,9999.000,9999.000,9999.000,9999.000,9999.000,9999.000,9999.000
202604230242,   0.960,   1.580,9999.000,9999.000,9999.000,9999.000,9999.000,9999.000,9999.000
202604230248,   0.973,   1.590,9999.000,9999.000,9999.000,9999.000,9999.000,9999.000,9999.000
202604230254,   0.985,   1.600,9999.000,9999.000,9999.000,9999.000,9999.000,9999.000,9999.000
202604230300,   0.996,   1.600,   0.600,   0.004,   1.600,   0.500,   1.500,   0.600,   1.600
202604230306,   1.006,   1.600,9999.000,9999.000,9999.000,9999.000,9999.000,9999.000,9999.000
202604230312,   1.015,   1.590,9999.000,9999.000,9999.000,9999.000,9999.000,9999.000,9999.000
202604230318,   1.023,   1.590,9999.000,9999.000,9999.000,9999.000,9999.000,9999.000,9999.000
202604230324,   1.029,   1.590,9999.000,9999.000,9999.000,9999.000,9999.000,9999.000,9999.000
202604230330,   1.035,   1.571,9999.000,9999.000,9999.000,9999.000,9999.000,9999.000,9999.000
202604230336,   1.039,   1.571,9999.000,9999.000,9999.000,9999.000,9999.000,9999.000,9999.000
202604230342,   1.041,   1.557,9999.000,9999.000,9999.000,9999.000,9999.000,9999.000,9999.000
202604230348,   1.043,   1.548,9999.000,9999.000,9999.000,9999.000,9999.000,9999.000,9999.000
202604230354,   1.043,   1.557,9999.000,9999.000,9999.000,9999.000,9999.000,9999.000,9999.000
202604230400,   1.041,   1.538,   0.500,  -0.003,   1.538,   0.500,   1.538,   0.600,   1.638
202604230406,   1.039,   1.538,9999.000,9999.000,9999.000,9999.000,9999.000,9999.000,9999.000
202604230412,   1.035,   1.528,9999.000,9999.000,9999.000,9999.000,9999.000,9999.000,9999.000
202604230418,   1.029,   1.508,9999.000,9999.000,9999.000,9999.000,9999.000,9999.000,9999.000
202604230424,   1.023,   1.498,9999.000,9999.000,9999.000,9999.000,9999.000,9999.000,9999.000
202604230430,   1.015,   1.489,9999.000,9999.000,9999.000,9999.000,9999.000,9999.000,9999.000
202604230436,   1.005,   1.459,9999.000,9999.000,9999.000,9999.000,9999.000,9999.000,9999.000
202604230442,   0.995,   1.449,9999.000,9999.000,9999.000,9999.000,9999.000,9999.000,9999.000
202604230448,   0.983,   1.439,9999.000,9999.000,9999.000,9999.000,9999.000,9999.000,9999.000
202604230454,   0.971,   1.430,9999.000,9999.000,9999.000,9999.000,9999.000,9999.000,9999.000
202604230500,   0.957,   1.410,   0.500,  -0.047,   1.410,   0.500,   1.410,   0.600,   1.510
202604230506,   0.942,   1.390,9999.000,9999.000,9999.000,9999.000,9999.000,9999.000,9999.000
202604230512,   0.926,   1.361,9999.000,9999.000,9999.000,9999.000,9999.000,9999.000,9999.000
202604230518,   0.910,   1.338,9999.000,9999.000,9999.000,9999.000,9999.000,9999.000,9999.000
202604230524,   0.892,   1.318,9999.000,9999.000,9999.000,9999.000,9999.000,9999.000,9999.000
202604230530,   0.874,   1.289,9999.000,9999.000,9999.000,9999.000,9999.000,9999.000,9999.000
202604230536,   0.855,   1.269,9999.000,9999.000,9999.000,9999.000,9999.000,9999.000,9999.000
202604230542,   0.836,   1.239,9999.000,9999.000,9999.000,9999.000,9999.000,9999.000,9999.000
202604230548,   0.815,   1.210,9999.000,9999.000,9999.000,9999.000,9999.000,9999.000,9999.000
202604230554,   0.795,   1.180,9999.000,9999.000,9999.000,9999.000,9999.000,9999.000,9999.000
202604230600,   0.774,   1.151,   0.500,  -0.123,   1.151,   0.500,   1.151,   0.500,   1.151
202604230606,   0.753,   1.118,9999.000,9999.000,9999.000,9999.000,9999.000,9999.000,9999.000
202604230612,   0.731,   1.098,9999.000,9999.000,9999.000,9999.000,9999.000,9999.000,9999.000
202604230618,   0.710,   1.069,9999.000,9999.000,9999.000,9999.000,9999.000,9999.000,9999.000
202604230624,   0.688,   1.049,9999.000,9999.000,9999.000,9999.000,9999.000,9999.000,9999.000
202604230630,   0.666,   1.020,9999.000,9999.000,9999.000,9999.000,9999.000,9999.000,9999.000
202604230636,   0.644,   1.000,9999.000,9999.000,9999.000,9999.000,9999.000,9999.000,9999.000
202604230642,   0.623,   0.980,9999.000,9999.000,9999.000,9999.000,9999.000,9999.000,9999.000
202604230648,   0.601,   0.961,9999.000,9999.000,9999.000,9999.000,9999.000,9999.000,9999.000
202604230654,   0.580,   0.951,9999.000,9999.000,9999.000,9999.000,9999.000,9999.000,9999.000
202604230700,   0.559,   0.941,   0.500,  -0.118,   0.941,   0.500,   0.941,   0.500,   0.941
202604230706,   0.539,   0.928,9999.000,9999.000,9999.000,9999.000,9999.000,9999.000,9999.000
202604230712,   0.519,   0.918,9999.000,9999.000,9999.000,9999.000,9999.000,9999.000,9999.000
202604230718,   0.500,   0.908,9999.000,9999.000,9999.000,9999.000,9999.000,9999.000,9999.000
202604230724,   0.481,   0.888,9999.000,9999.000,9999.000,9999.000,9999.000,9999.000,9999.000
202604230730,   0.462,   0.869,9999.000,9999.000,9999.000,9999.000,9999.000,9999.000,9999.000
202604230736,   0.445,   0.849,9999.000,9999.000,9999.000,9999.000,9999.000,9999.000,9999.000
202604230742,   0.428,   0.819,9999.000,9999.000,9999.000,9999.000,9999.000,9999.000,9999.000
202604230748,   0.411,   0.819,9999.000,9999.000,9999.000,9999.000,9999.000,9999.000,9999.000
202604230754,   0.396,   0.810,9999.000,9999.000,9999.000,9999.000,9999.000,9999.000,9999.000
202604230800,   0.381,   0.800,   0.500,  -0.081,   0.800,   0.400,   0.700,   0.500,   0.800
202604230806,   0.366,   0.780,9999.000,9999.000,9999.000,9999.000,9999.000,9999.000,9999.000
202604230812,   0.353,   0.760,9999.000,9999.000,9999.000,9999.000,9999.000,9999.000,9999.000
202604230818,   0.340,   0.751,9999.000,9999.000,9999.000,9999.000,9999.000,9999.000,9999.000
202604230824,   0.328,   0.741,9999.000,9999.000,9999.000,9999.000,9999.000,9999.000,9999.000
202604230830,   0.316,   0.731,9999.000,9999.000,9999.000,9999.000,9999.000,9999.000,9999.000
202604230836,   0.305,   0.708,9999.000,9999.000,9999.000,9999.000,9999.000,9999.000,9999.000
202604230842,   0.295,   0.688,9999.000,9999.000,9999.000,9999.000,9999.000,9999.000,9999.000
202604230848,   0.286,   0.669,9999.000,9999.000,9999.000,9999.000,9999.000,9999.000,9999.000
202604230854,   0.277,   0.659,9999.000,9999.000,9999.000,9999.000,9999.000,9999.000,9999.000
202604230900,   0.268,   0.649,   0.500,  -0.119,   0.649,   0.400,   0.549,   0.500,   0.649
202604230906,   0.261,   0.639,9999.000,9999.000,9999.000,9999.000,9999.000,9999.000,9999.000
202604230912,   0.254,   0.629,9999.000,9999.000,9999.000,9999.000,9999.000,9999.000,9999.000
202604230918,   0.247,   0.619,9999.000,9999.000,9999.000,9999.000,9999.000,9999.000,9999.000
202604230924,   0.241,   0.600,9999.000,9999.000,9999.000,9999.000,9999.000,9999.000,9999.000
202604230930,   0.236,   0.590,9999.000,9999.000,9999.000,9999.000,9999.000,9999.000,9999.000
202604230936,   0.232,   0.580,9999.000,9999.000,9999.000,9999.000,9999.000,9999.000,9999.000
202604230942,   0.228,   0.580,9999.000,9999.000,9999.000,9999.000,9999.000,9999.000,9999.000
202604230948,   0.225,   0.580,9999.000,9999.000,9999.000,9999.000,9999.000,9999.000,9999.000
202604230954,   0.223,   0.580,9999.000,9999.000,9999.000,9999.000,9999.000,9999.000,9999.000
202604231000,   0.222,   0.580,   0.500,  -0.142,   0.580,   0.400,   0.480,   0.500,   0.580
202604231006,   0.222,   0.590,9999.000,9999.000,9999.000,9999.000,9999.000,9999.000,9999.000
202604231012,   0.223,   0.590,9999.000,9999.000,9999.000,9999.000,9999.000,9999.000,9999.000
202604231018,   0.225,   0.600,9999.000,9999.000,9999.000,9999.000,9999.000,9999.000,9999.000
202604231024,   0.228,   0.610,9999.000,9999.000,9999.000,9999.000,9999.000,9999.000,9999.000
202604231030,   0.233,   0.619,9999.000,9999.000,9999.000,9999.000,9999.000,9999.000,9999.000
202604231036,   0.239,   0.639,9999.000,9999.000,9999.000,9999.000,9999.000,9999.000,9999.000
202604231042,   0.247,   0.649,9999.000,9999.000,9999.000,9999.000,9999.000,9999.000,9999.000
202604231048,   0.256,   0.669,9999.000,9999.000,9999.000,9999.000,9999.000,9999.000,9999.000
202604231054,   0.266,   0.688,9999.000,9999.000,9999.000,9999.000,9999.000,9999.000,9999.000
202604231100,   0.279,   0.718,   0.500,  -0.061,   0.718,   0.400,   0.618,   0.500,   0.718
202604231106,   0.293,   0.731,9999.000,9999.000,9999.000,9999.000,9999.000,9999.000,9999.000
202604231112,   0.308,   0.751,9999.000,9999.000,9999.000,9999.000,9999.000,9999.000,9999.000
202604231118,   0.325,   0.780,9999.000,9999.000,9999.000,9999.000,9999.000,9999.000,9999.000
202604231124,   0.344,   0.800,9999.000,9999.000,9999.000,9999.000,9999.000,9999.000,9999.000
202604231130,   0.365,   0.839,9999.000,9999.000,9999.000,9999.000,9999.000,9999.000,9999.000
202604231136,   0.387,   0.869,9999.000,9999.000,9999.000,9999.000,9999.000,9999.000,9999.000
202604231142,   0.410,   0.908,9999.000,9999.000,9999.000,9999.000,9999.000,9999.000,9999.000
202604231148,   0.435,   0.941,9999.000,9999.000,9999.000,9999.000,9999.000,9999.000,9999.000
202604231154,   0.462,   0.970,9999.000,9999.000,9999.000,9999.000,9999.000,9999.000,9999.000
202604231200,   0.490,   1.000,   0.400,   0.110,   1.000,   0.400,   1.000,   0.400,   1.000
202604231206,   0.518,   1.039,9999.000,9999.000,9999.000,9999.000,9999.000,9999.000,9999.000
202604231212,   0.548,   1.079,9999.000,9999.000,9999.000,9999.000,9999.000,9999.000,9999.000
202604231218,   0.579,   1.098,9999.000,9999.000,9999.000,9999.000,9999.000,9999.000,9999.000
202604231224,   0.611,   1.138,9999.000,9999.000,9999.000,9999.000,9999.000,9999.000,9999.000
202604231230,   0.643,   1.170,9999.000,9999.000,9999.000,9999.000,9999.000,9999.000,9999.000
202604231236,   0.676,   1.200,9999.000,9999.000,9999.000,9999.000,9999.000,9999.000,9999.000
202604231242,   0.709,   1.239,9999.000,9999.000,9999.000,9999.000,9999.000,9999.000,9999.000
202604231248,   0.742,   1.269,9999.000,9999.000,9999.000,9999.000,9999.000,9999.000,9999.000
202604231254,   0.776,   1.308,9999.000,9999.000,9999.000,9999.000,9999.000,9999.000,9999.000
202604231300,   0.809,   1.338,   0.400,   0.129,   1.338,   0.400,   1.338,   0.500,   1.438
202604231306,   0.843,   1.380,9999.000,9999.000,9999.000,9999.000,9999.000,9999.000,9999.000
202604231312,   0.876,   1.420,9999.000,9999.000,9999.000,9999.000,9999.000,9999.000,9999.000
202604231318,   0.909,   1.459,9999.000,9999.000,9999.000,9999.000,9999.000,9999.000,9999.000
202604231324,   0.942,   1.498,9999.000,9999.000,9999.000,9999.000,9999.000,9999.000,9999.000
202604231330,   0.975,   1.538,9999.000,9999.000,9999.000,9999.000,9999.000,9999.000,9999.000
202604231336,   1.007,   1.571,9999.000,9999.000,9999.000,9999.000,9999.000,9999.000,9999.000
202604231342,   1.038,   1.610,9999.000,9999.000,9999.000,9999.000,9999.000,9999.000,9999.000
202604231348,   1.069,   1.639,9999.000,9999.000,9999.000,9999.000,9999.000,9999.000,9999.000
202604231354,   1.099,   1.679,9999.000,9999.000,9999.000,9999.000,9999.000,9999.000,9999.000
202604231400,   1.129,   1.708,   0.400,   0.179,   1.708,   0.400,   1.708,   0.500,   1.808
202604231406,   1.158,   1.738,9999.000,9999.000,9999.000,9999.000,9999.000,9999.000,9999.000
202604231412,   1.186,   1.767,9999.000,9999.000,9999.000,9999.000,9999.000,9999.000,9999.000
202604231418,   1.214,   1.800,9999.000,9999.000,9999.000,9999.000,9999.000,9999.000,9999.000
202604231424,   1.241,   1.840,9999.000,9999.000,9999.000,9999.000,9999.000,9999.000,9999.000
202604231430,   1.267,   1.879,9999.000,9999.000,9999.000,9999.000,9999.000,9999.000,9999.000
202604231436,   1.292,   1.918,9999.000,9999.000,9999.000,9999.000,9999.000,9999.000,9999.000
202604231442,   1.316,   1.948,9999.000,9999.000,9999.000,9999.000,9999.000,9999.000,9999.000
202604231448,   1.340,   1.981,9999.000,9999.000,9999.000,9999.000,9999.000,9999.000,9999.000
202604231454,   1.363,   2.010,9999.000,9999.000,9999.000,9999.000,9999.000,9999.000,9999.000
202604231500,   1.385,   2.049,   0.400,   0.264,   2.049,   0.400,   2.049,   0.500,   2.149
202604231506,   1.405,   2.079,9999.000,9999.000,9999.000,9999.000,9999.000,9999.000,9999.000
202604231512,   1.425,   2.099,9999.000,9999.000,9999.000,9999.000,9999.000,9999.000,9999.000
202604231518,   1.444,   2.118,9999.000,9999.000,9999.000,9999.000,9999.000,9999.000,9999.000
202604231524,   1.462,   2.138,9999.000,9999.000,9999.000,9999.000,9999.000,9999.000,9999.000
202604231530,   1.478,   2.148,9999.000,9999.000,9999.000,9999.000,9999.000,9999.000,9999.000
202604231536,   1.493,   2.168,9999.000,9999.000,9999.000,9999.000,9999.000,9999.000,9999.000
202604231542,   1.507,   2.191,9999.000,9999.000,9999.000,9999.000,9999.000,9999.000,9999.000
202604231548,   1.520,   2.200,9999.000,9999.000,9999.000,9999.000,9999.000,9999.000,9999.000
202604231554,   1.532,   2.220,9999.000,9999.000,9999.000,9999.000,9999.000,9999.000,9999.000
202604231600,   1.542,   2.220,   0.400,   0.278,   2.220,   0.400,   2.220,   0.500,   2.320
202604231606,   1.551,   2.220,9999.000,9999.000,9999.000,9999.000,9999.000,9999.000,9999.000
202604231612,   1.558,   2.230,9999.000,9999.000,9999.000,9999.000,9999.000,9999.000,9999.000
202604231618,   1.564,   2.230,9999.000,9999.000,9999.000,9999.000,9999.000,9999.000,9999.000
202604231624,   1.569,   2.220,9999.000,9999.000,9999.000,9999.000,9999.000,9999.000,9999.000
202604231630,   1.572,   2.220,9999.000,9999.000,9999.000,9999.000,9999.000,9999.000,9999.000
202604231636,   1.574,   2.210,9999.000,9999.000,9999.000,9999.000,9999.000,9999.000,9999.000
202604231642,   1.574,   2.200,9999.000,9999.000,9999.000,9999.000,9999.000,9999.000,9999.000
202604231648,   1.573,   2.191,9999.000,9999.000,9999.000,9999.000,9999.000,9999.000,9999.000
202604231654,   1.571,   2.177,9999.000,9999.000,9999.000,9999.000,9999.000,9999.000,9999.000
202604231700,   1.567,   2.168,   0.400,   0.201,   2.168,   0.400,   2.168,   0.500,   2.268
202604231706,   1.562,   2.158,9999.000,9999.000,9999.000,9999.000,9999.000,9999.000,9999.000
202604231712,   1.555,   2.158,9999.000,9999.000,9999.000,9999.000,9999.000,9999.000,9999.000
202604231718,   1.548,   2.148,9999.000,9999.000,9999.000,9999.000,9999.000,9999.000,9999.000
202604231724,   1.539,   2.128,9999.000,9999.000,9999.000,9999.000,9999.000,9999.000,9999.000
202604231730,   1.529,   2.118,9999.000,9999.000,9999.000,9999.000,9999.000,9999.000,9999.000
202604231736,   1.518,   2.109,9999.000,9999.000,9999.000,9999.000,9999.000,9999.000,9999.000
202604231742,   1.506,   2.099,9999.000,9999.000,9999.000,9999.000,9999.000,9999.000,9999.000
202604231748,   1.493,   2.079,9999.000,9999.000,9999.000,9999.000,9999.000,9999.000,9999.000
202604231754,   1.480,   2.069,9999.000,9999.000,9999.000,9999.000,9999.000,9999.000,9999.000
202604231800,   1.465,   2.059,   0.500,   0.094,   2.059,   0.400,   1.959,   0.500,   2.059
202604231806,   1.449,   2.040,9999.000,9999.000,9999.000,9999.000,9999.000,9999.000,9999.000
202604231812,   1.433,   2.010,9999.000,9999.000,9999.000,9999.000,9999.000,9999.000,9999.000
202604231818,   1.416,   1.990,9999.000,9999.000,9999.000,9999.000,9999.000,9999.000,9999.000
202604231824,   1.399,   1.981,9999.000,9999.000,9999.000,9999.000,9999.000,9999.000,9999.000
202604231830,   1.381,   1.967,9999.000,9999.000,9999.000,9999.000,9999.000,9999.000,9999.000
202604231836,   1.362,   1.948,9999.000,9999.000,9999.000,9999.000,9999.000,9999.000,9999.000
202604231842,   1.343,   1.928,9999.000,9999.000,9999.000,9999.000,9999.000,9999.000,9999.000
202604231848,   1.324,   1.918,9999.000,9999.000,9999.000,9999.000,9999.000,9999.000,9999.000
202604231854,   1.304,   1.899,9999.000,9999.000,9999.000,9999.000,9999.000,9999.000,9999.000
202604231900,   1.284,   1.889,   0.500,   0.105,   1.889,   0.400,   1.789,   0.500,   1.889
202604231906,   1.264,   1.859,9999.000,9999.000,9999.000,9999.000,9999.000,9999.000,9999.000
202604231912,   1.243,   1.840,9999.000,9999.000,9999.000,9999.000,9999.000,9999.000,9999.000
202604231918,   1.222,   1.820,9999.000,9999.000,9999.000,9999.000,9999.000,9999.000,9999.000
202604231924,   1.201,   1.800,9999.000,9999.000,9999.000,9999.000,9999.000,9999.000,9999.000
202604231930,   1.180,   1.767,9999.000,9999.000,9999.000,9999.000,9999.000,9999.000,9999.000
202604231936,   1.159,   1.738,9999.000,9999.000,9999.000,9999.000,9999.000,9999.000,9999.000
202604231942,   1.138,   1.728,9999.000,9999.000,9999.000,9999.000,9999.000,9999.000,9999.000
202604231948,   1.117,   1.699,9999.000,9999.000,9999.000,9999.000,9999.000,9999.000,9999.000
202604231954,   1.096,   1.679,9999.000,9999.000,9999.000,9999.000,9999.000,9999.000,9999.000
202604232000,   1.075,   1.659,   0.500,   0.084,   1.659,   0.400,   1.559,   0.500,   1.659
202604232006,   1.054,   1.639,9999.000,9999.000,9999.000,9999.000,9999.000,9999.000,9999.000
202604232012,   1.033,   1.620,9999.000,9999.000,9999.000,9999.000,9999.000,9999.000,9999.000
202604232018,   1.012,   1.580,9999.000,9999.000,9999.000,9999.000,9999.000,9999.000,9999.000
202604232024,   0.990,   1.571,9999.000,9999.000,9999.000,9999.000,9999.000,9999.000,9999.000
202604232030,   0.969,   1.548,9999.000,9999.000,9999.000,9999.000,9999.000,9999.000,9999.000
202604232036,   0.948,   1.528,9999.000,9999.000,9999.000,9999.000,9999.000,9999.000,9999.000
202604232042,   0.927,   1.508,9999.000,9999.000,9999.000,9999.000,9999.000,9999.000,9999.000
202604232048,   0.906,   1.489,9999.000,9999.000,9999.000,9999.000,9999.000,9999.000,9999.000
202604232054,   0.885,   1.469,9999.000,9999.000,9999.000,9999.000,9999.000,9999.000,9999.000
202604232100,   0.864,   1.439,   0.500,   0.075,   1.439,   0.400,   1.339,   0.500,   1.439
202604232106,   0.842,   1.430,9999.000,9999.000,9999.000,9999.000,9999.000,9999.000,9999.000
202604232112,   0.821,   1.400,9999.000,9999.000,9999.000,9999.000,9999.000,9999.000,9999.000
202604232118,   0.800,   1.380,9999.000,9999.000,9999.000,9999.000,9999.000,9999.000,9999.000
202604232124,   0.778,   1.371,9999.000,9999.000,9999.000,9999.000,9999.000,9999.000,9999.000
202604232130,   0.757,   1.338,9999.000,9999.000,9999.000,9999.000,9999.000,9999.000,9999.000
202604232136,   0.735,   1.328,9999.000,9999.000,9999.000,9999.000,9999.000,9999.000,9999.000
202604232142,   0.714,   1.308,9999.000,9999.000,9999.000,9999.000,9999.000,9999.000,9999.000
202604232148,   0.692,   1.279,9999.000,9999.000,9999.000,9999.000,9999.000,9999.000,9999.000
202604232154,   0.671,   1.259,9999.000,9999.000,9999.000,9999.000,9999.000,9999.000,9999.000
202604232200,   0.649,   1.229,   0.500,   0.080,   1.229,   0.500,   1.229,   0.500,   1.229
202604232206,   0.628,   1.200,9999.000,9999.000,9999.000,9999.000,9999.000,9999.000,9999.000
202604232212,   0.607,   1.190,9999.000,9999.000,9999.000,9999.000,9999.000,9999.000,9999.000
202604232218,   0.587,   1.170,9999.000,9999.000,9999.000,9999.000,9999.000,9999.000,9999.000
202604232224,   0.567,   1.151,9999.000,9999.000,9999.000,9999.000,9999.000,9999.000,9999.000
202604232230,   0.548,   1.128,9999.000,9999.000,9999.000,9999.000,9999.000,9999.000,9999.000
202604232236,   0.529,   1.108,9999.000,9999.000,9999.000,9999.000,9999.000,9999.000,9999.000
202604232242,   0.512,   1.079,9999.000,9999.000,9999.000,9999.000,9999.000,9999.000,9999.000
202604232248,   0.495,   1.069,9999.000,9999.000,9999.000,9999.000,9999.000,9999.000,9999.000
202604232254,   0.479,   1.049,9999.000,9999.000,9999.000,9999.000,9999.000,9999.000,9999.000
202604232300,   0.465,   1.029,   0.500,   0.064,   1.029,   0.500,   1.029,   0.500,   1.029
202604232306,   0.451,   1.029,9999.000,9999.000,9999.000,9999.000,9999.000,9999.000,9999.000
202604232312,   0.439,   1.010,9999.000,9999.000,9999.000,9999.000,9999.000,9999.000,9999.000
202604232318,   0.429,   1.000,9999.000,9999.000,9999.000,9999.000,9999.000,9999.000,9999.000
202604232324,   0.420,   0.980,9999.000,9999.000,9999.000,9999.000,9999.000,9999.000,9999.000
202604232330,   0.413,   0.970,9999.000,9999.000,9999.000,9999.000,9999.000,9999.000,9999.000
202604232336,   0.407,   0.961,9999.000,9999.000,9999.000,9999.000,9999.000,9999.000,9999.000
202604232342,   0.403,   0.961,9999.000,9999.000,9999.000,9999.000,9999.000,9999.000,9999.000
202604232348,   0.401,   0.961,9999.000,9999.000,9999.000,9999.000,9999.000,9999.000,9999.000
202604232354,   0.400,   0.970,9999.000,9999.000,9999.000,9999.000,9999.000,9999.000,9999.000
202604240000,   0.401,   0.980,   0.500,   0.079,   0.980,   0.500,   0.980,   0.500,   0.980
202604240006,   0.404,   0.990,9999.000,9999.000,9999.000,9999.000,9999.000,9999.000,9999.000
202604240012,   0.409,   0.990,9999.000,9999.000,9999.000,9999.000,9999.000,9999.000,9999.000
202604240018,   0.415,   1.000,9999.000,9999.000,9999.000,9999.000,9999.000,9999.000,9999.000
202604240024,   0.422,   1.010,9999.000,9999.000,9999.000,9999.000,9999.000,9999.000,9999.000
202604240030,   0.432,   1.020,9999.000,9999.000,9999.000,9999.000,9999.000,9999.000,9999.000
202604240036,   0.442,   1.039,9999.000,9999.000,9999.000,9999.000,9999.000,9999.000,9999.000
202604240042,   0.454,   1.059,9999.000,9999.000,9999.000,9999.000,9999.000,9999.000,9999.000
202604240048,   0.467,   1.079,9999.000,9999.000,9999.000,9999.000,9999.000,9999.000,9999.000
202604240054,   0.481,   1.088,9999.000,9999.000,9999.000,9999.000,9999.000,9999.000,9999.000
202604240100,   0.496,   1.118,   0.500,   0.122,   1.118,   0.500,   1.118,   0.500,   1.118
202604240106,   0.511,   1.138,9999.000,9999.000,9999.000,9999.000,9999.000,9999.000,9999.000
202604240112,   0.528,   1.161,9999.000,9999.000,9999.000,9999.000,9999.000,9999.000,9999.000
202604240118,   0.545,   1.190,9999.000,9999.000,9999.000,9999.000,9999.000,9999.000,9999.000
202604240124,   0.563,   1.220,9999.000,9999.000,9999.000,9999.000,9999.000,9999.000,9999.000
202604240130,   0.582,   1.259,9999.000,9999.000,9999.000,9999.000,9999.000,9999.000,9999.000
202604240136,   0.600,   1.289,9999.000,9999.000,9999.000,9999.000,9999.000,9999.000,9999.000
202604240142,   0.620,   1.308,9999.000,9999.000,9999.000,9999.000,9999.000,9999.000,9999.000
202604240148,   0.639,   1.338,9999.000,9999.000,9999.000,9999.000,9999.000,9999.000,9999.000
202604240154,   0.659,   1.371,9999.000,9999.000,9999.000,9999.000,9999.000,9999.000,9999.000
202604240200,   0.679,   1.390,   0.500,   0.211,   1.390,   0.500,   1.390,   0.500,   1.390
202604240206,   0.699,   1.430,9999.000,9999.000,9999.000,9999.000,9999.000,9999.000,9999.000
202604240212,   0.719,   1.449,9999.000,9999.000,9999.000,9999.000,9999.000,9999.000,9999.000
202604240218,   0.739,   1.479,9999.000,9999.000,9999.000,9999.000,9999.000,9999.000,9999.000
202604240224,   0.759,   1.508,9999.000,9999.000,9999.000,9999.000,9999.000,9999.000,9999.000
202604240230,   0.779,   1.528,9999.000,9999.000,9999.000,9999.000,9999.000,9999.000,9999.000
202604240236,   0.799,   1.557,9999.000,9999.000,9999.000,9999.000,9999.000,9999.000,9999.000
202604240242,   0.819,   1.600,9999.000,9999.000,9999.000,9999.000,9999.000,9999.000,9999.000
202604240248,   0.839,   1.639,9999.000,9999.000,9999.000,9999.000,9999.000,9999.000,9999.000
202604240254,   0.858,   1.659,9999.000,9999.000,9999.000,9999.000,9999.000,9999.000,9999.000
202604240300,   0.877,   1.669,   0.500,   0.292,   1.669,   0.500,   1.669,   0.600,   1.769
202604240306,   0.896,   1.699,9999.000,9999.000,9999.000,9999.000,9999.000,9999.000,9999.000
202604240312,   0.915,   1.699,9999.000,9999.000,9999.000,9999.000,9999.000,9999.000,9999.000
202604240318,   0.933,   1.738,9999.000,9999.000,9999.000,9999.000,9999.000,9999.000,9999.000
202604240324,   0.951,   1.781,9999.000,9999.000,9999.000,9999.000,9999.000,9999.000,9999.000
202604240330,   0.968,   1.800,9999.000,9999.000,9999.000,9999.000,9999.000,9999.000,9999.000
202604240336,   0.985,   1.830,9999.000,9999.000,9999.000,9999.000,9999.000,9999.000,9999.000
202604240342,   1.000,   1.849,9999.000,9999.000,9999.000,9999.000,9999.000,9999.000,9999.000
202604240348,   1.015,   1.859,9999.000,9999.000,9999.000,9999.000,9999.000,9999.000,9999.000
202604240354,   1.029,   1.879,9999.000,9999.000,9999.000,9999.000,9999.000,9999.000,9999.000
202604240400,   1.043,   1.908,   0.600,   0.265,   1.908,   0.500,   1.808,   0.600,   1.908
202604240406,   1.055,   1.928,9999.000,9999.000,9999.000,9999.000,9999.000,9999.000,9999.000
202604240412,   1.066,   1.948,9999.000,9999.000,9999.000,9999.000,9999.000,9999.000,9999.000
202604240418,   1.076,   1.981,9999.000,9999.000,9999.000,9999.000,9999.000,9999.000,9999.000
202604240424,   1.084,   1.981,9999.000,9999.000,9999.000,9999.000,9999.000,9999.000,9999.000
202604240430,   1.092,   2.000,9999.000,9999.000,9999.000,9999.000,9999.000,9999.000,9999.000
202604240436,   1.098,   2.010,9999.000,9999.000,9999.000,9999.000,9999.000,9999.000,9999.000
202604240442,   1.102,   2.010,9999.000,9999.000,9999.000,9999.000,9999.000,9999.000,9999.000
202604240448,   1.106,   2.020,9999.000,9999.000,9999.000,9999.000,9999.000,9999.000,9999.000
202604240454,   1.108,   2.020,9999.000,9999.000,9999.000,9999.000,9999.000,9999.000,9999.000
202604240500,   1.108,   2.030,   0.600,   0.322,   2.030,   0.600,   2.030,   0.600,   2.030
202604240506,   1.107,   2.040,9999.000,9999.000,9999.000,9999.000,9999.000,9999.000,9999.000
202604240512,   1.104,   2.049,9999.000,9999.000,9999.000,9999.000,9999.000,9999.000,9999.000
202604240518,   1.100,   2.049,9999.000,9999.000,9999.000,9999.000,9999.000,9999.000,9999.000
202604240524,   1.095,   2.040,9999.000,9999.000,9999.000,9999.000,9999.000,9999.000,9999.000
202604240530,   1.088,   2.030,9999.000,9999.000,9999.000,9999.000,9999.000,9999.000,9999.000
202604240536,   1.080,   2.030,9999.000,9999.000,9999.000,9999.000,9999.000,9999.000,9999.000
202604240542,   1.071,   2.030,9999.000,9999.000,9999.000,9999.000,9999.000,9999.000,9999.000
202604240548,   1.061,   2.030,9999.000,9999.000,9999.000,9999.000,9999.000,9999.000,9999.000
202604240554,   1.049,   2.020,9999.000,9999.000,9999.000,9999.000,9999.000,9999.000,9999.000
202604240600,   1.036,   2.010,   0.600,   0.374,   2.010,   0.600,   2.010,   0.600,   2.010
202604240606,   1.022,   2.000,9999.000,9999.000,9999.000,9999.000,9999.000,9999.000,9999.000
202604240612,   1.008,   1.990,9999.000,9999.000,9999.000,9999.000,9999.000,9999.000,9999.000
202604240618,   0.992,   1.967,9999.000,9999.000,9999.000,9999.000,9999.000,9999.000,9999.000
202604240624,   0.976,   1.948,9999.000,9999.000,9999.000,9999.000,9999.000,9999.000,9999.000
202604240630,   0.959,   1.938,9999.000,9999.000,9999.000,9999.000,9999.000,9999.000,9999.000
202604240636,   0.941,   1.908,9999.000,9999.000,9999.000,9999.000,9999.000,9999.000,9999.000
202604240642,   0.922,   1.889,9999.000,9999.000,9999.000,9999.000,9999.000,9999.000,9999.000
202604240648,   0.903,   1.859,9999.000,9999.000,9999.000,9999.000,9999.000,9999.000,9999.000
202604240654,   0.884,   1.830,9999.000,9999.000,9999.000,9999.000,9999.000,9999.000,9999.000
202604240700,   0.864,   1.810,   0.600,   0.346,   1.810,   0.600,   1.810,   0.600,   1.810
202604240706,   0.844,   1.790,9999.000,9999.000,9999.000,9999.000,9999.000,9999.000,9999.000
202604240712,   0.824,   1.781,9999.000,9999.000,9999.000,9999.000,9999.000,9999.000,9999.000
202604240718,   0.804,   1.767,9999.000,9999.000,9999.000,9999.000,9999.000,9999.000,9999.000
202604240724,   0.784,   1.738,9999.000,9999.000,9999.000,9999.000,9999.000,9999.000,9999.000
202604240730,   0.763,   1.718,9999.000,9999.000,9999.000,9999.000,9999.000,9999.000,9999.000
202604240736,   0.743,   1.699,9999.000,9999.000,9999.000,9999.000,9999.000,9999.000,9999.000
202604240742,   0.722,   1.679,9999.000,9999.000,9999.000,9999.000,9999.000,9999.000,9999.000
202604240748,   0.702,   1.669,9999.000,9999.000,9999.000,9999.000,9999.000,9999.000,9999.000
202604240754,   0.682,   1.649,9999.000,9999.000,9999.000,9999.000,9999.000,9999.000,9999.000
202604240800,   0.663,   1.630,   0.600,   0.367,   1.630,   0.600,   1.630,   0.700,   1.730
202604240806,   0.643,   1.610,9999.000,9999.000,9999.000,9999.000,9999.000,9999.000,9999.000
202604240812,   0.624,   1.600,9999.000,9999.000,9999.000,9999.000,9999.000,9999.000,9999.000
202604240818,   0.606,   1.580,9999.000,9999.000,9999.000,9999.000,9999.000,9999.000,9999.000
202604240824,   0.587,   1.571,9999.000,9999.000,9999.000,9999.000,9999.000,9999.000,9999.000
202604240830,   0.569,   1.571,9999.000,9999.000,9999.000,9999.000,9999.000,9999.000,9999.000
202604240836,   0.552,   1.557,9999.000,9999.000,9999.000,9999.000,9999.000,9999.000,9999.000
202604240842,   0.535,   1.548,9999.000,9999.000,9999.000,9999.000,9999.000,9999.000,9999.000
202604240848,   0.519,   1.528,9999.000,9999.000,9999.000,9999.000,9999.000,9999.000,9999.000
202604240854,   0.502,   1.498,9999.000,9999.000,9999.000,9999.000,9999.000,9999.000,9999.000
202604240900,   0.487,   1.459,   0.600,   0.372,   1.459,   0.600,   1.459,   0.700,   1.559
202604240906,   0.472,   1.439,9999.000,9999.000,9999.000,9999.000,9999.000,9999.000,9999.000
202604240912,   0.457,   1.420,9999.000,9999.000,9999.000,9999.000,9999.000,9999.000,9999.000
202604240918,   0.443,   1.400,9999.000,9999.000,9999.000,9999.000,9999.000,9999.000,9999.000
202604240924,   0.429,   1.390,9999.000,9999.000,9999.000,9999.000,9999.000,9999.000,9999.000
202604240930,   0.415,   1.371,9999.000,9999.000,9999.000,9999.000,9999.000,9999.000,9999.000
202604240936,   0.403,   1.348,9999.000,9999.000,9999.000,9999.000,9999.000,9999.000,9999.000
202604240942,   0.390,   1.328,9999.000,9999.000,9999.000,9999.000,9999.000,9999.000,9999.000
202604240948,   0.378,   1.308,9999.000,9999.000,9999.000,9999.000,9999.000,9999.000,9999.000
202604240954,   0.366,   1.289,9999.000,9999.000,9999.000,9999.000,9999.000,9999.000,9999.000
202604241000,   0.355,   1.279,   0.600,   0.324,   1.279,   0.600,   1.279,   0.700,   1.379
202604241006,   0.344,   1.269,9999.000,9999.000,9999.000,9999.000,9999.000,9999.000,9999.000
202604241012,   0.334,   1.269,9999.000,9999.000,9999.000,9999.000,9999.000,9999.000,9999.000
202604241018,   0.324,   1.269,9999.000,9999.000,9999.000,9999.000,9999.000,9999.000,9999.000
202604241024,   0.315,   1.269,9999.000,9999.000,9999.000,9999.000,9999.000,9999.000,9999.000
202604241030,   0.306,   1.249,9999.000,9999.000,9999.000,9999.000,9999.000,9999.000,9999.000
202604241036,   0.298,   1.249,9999.000,9999.000,9999.000,9999.000,9999.000,9999.000,9999.000
202604241042,   0.291,   1.239,9999.000,9999.000,9999.000,9999.000,9999.000,9999.000,9999.000
202604241048,   0.284,   1.229,9999.000,9999.000,9999.000,9999.000,9999.000,9999.000,9999.000
202604241054,   0.279,   1.229,9999.000,9999.000,9999.000,9999.000,9999.000,9999.000,9999.000
202604241100,   0.274,   1.239,   0.600,   0.365,   1.239,   0.600,   1.239,   0.700,   1.339
202604241106,   0.271,   1.239,9999.000,9999.000,9999.000,9999.000,9999.000,9999.000,9999.000
202604241112,   0.268,   1.239,9999.000,9999.000,9999.000,9999.000,9999.000,9999.000,9999.000
202604241118,   0.267,   1.249,9999.000,9999.000,9999.000,9999.000,9999.000,9999.000,9999.000
202604241124,   0.267,   1.259,9999.000,9999.000,9999.000,9999.000,9999.000,9999.000,9999.000
202604241130,   0.269,   1.269,9999.000,9999.000,9999.000,9999.000,9999.000,9999.000,9999.000
202604241136,   0.272,   1.269,9999.000,9999.000,9999.000,9999.000,9999.000,9999.000,9999.000
202604241142,   0.276,   1.279,9999.000,9999.000,9999.000,9999.000,9999.000,9999.000,9999.000
202604241148,   0.282,   1.289,9999.000,9999.000,9999.000,9999.000,9999.000,9999.000,9999.000
202604241154,   0.289,   1.298,9999.000,9999.000,9999.000,9999.000,9999.000,9999.000,9999.000
202604241200,   0.298,   1.328,   0.700,   0.330,   1.328,   0.600,   1.228,   0.700,   1.328
202604241206,   0.309,   1.328,9999.000,9999.000,9999.000,9999.000,9999.000,9999.000,9999.000
202604241212,   0.321,   1.338,9999.000,9999.000,9999.000,9999.000,9999.000,9999.000,9999.000
202604241218,   0.334,   1.348,9999.000,9999.000,9999.000,9999.000,9999.000,9999.000,9999.000
202604241224,   0.349,   1.361,9999.000,9999.000,9999.000,9999.000,9999.000,9999.000,9999.000
202604241230,   0.366,   1.380,9999.000,9999.000,9999.000,9999.000,9999.000,9999.000,9999.000
202604241236,   0.384,   1.410,9999.000,9999.000,9999.000,9999.000,9999.000,9999.000,9999.000
202604241242,   0.403,   1.430,9999.000,9999.000,9999.000,9999.000,9999.000,9999.000,9999.000
202604241248,   0.424,   1.449,9999.000,9999.000,9999.000,9999.000,9999.000,9999.000,9999.000
202604241254,   0.446,   1.469,9999.000,9999.000,9999.000,9999.000,9999.000,9999.000,9999.000
202604241300,   0.468,   1.489,   0.700,   0.321,   1.489,   0.600,   1.389,   0.700,   1.489
202604241306,   0.492,   1.518,9999.000,9999.000,9999.000,9999.000,9999.000,9999.000,9999.000
202604241312,   0.517,   1.548,9999.000,9999.000,9999.000,9999.000,9999.000,9999.000,9999.000
202604241318,   0.542,   1.571,9999.000,9999.000,9999.000,9999.000,9999.000,9999.000,9999.000
202604241324,   0.568,   1.600,9999.000,9999.000,9999.000,9999.000,9999.000,9999.000,9999.000
202604241330,   0.595,   1.630,9999.000,9999.000,9999.000,9999.000,9999.000,9999.000,9999.000
202604241336,   0.622,   1.649,9999.000,9999.000,9999.000,9999.000,9999.000,9999.000,9999.000
202604241342,   0.649,   1.679,9999.000,9999.000,9999.000,9999.000,9999.000,9999.000,9999.000
202604241348,   0.677,   1.708,9999.000,9999.000,9999.000,9999.000,9999.000,9999.000,9999.000
202604241354,   0.705,   1.738,9999.000,9999.000,9999.000,9999.000,9999.000,9999.000,9999.000
202604241400,   0.733,   1.767,   0.700,   0.334,   1.767,   0.600,   1.667,   0.700,   1.767
202604241406,   0.761,   1.800,9999.000,9999.000,9999.000,9999.000,9999.000,9999.000,9999.000
202604241412,   0.790,   1.840,9999.000,9999.000,9999.000,9999.000,9999.000,9999.000,9999.000
202604241418,   0.817,   1.859,9999.000,9999.000,9999.000,9999.000,9999.000,9999.000,9999.000
202604241424,   0.845,   1.889,9999.000,9999.000,9999.000,9999.000,9999.000,9999.000,9999.000
202604241430,   0.873,   1.918,9999.000,9999.000,9999.000,9999.000,9999.000,9999.000,9999.000
202604241436,   0.901,   1.948,9999.000,9999.000,9999.000,9999.000,9999.000,9999.000,9999.000
202604241442,   0.929,   1.990,9999.000,9999.000,9999.000,9999.000,9999.000,9999.000,9999.000
202604241448,   0.956,   2.020,9999.000,9999.000,9999.000,9999.000,9999.000,9999.000,9999.000
202604241454,   0.983,   2.049,9999.000,9999.000,9999.000,9999.000,9999.000,9999.000,9999.000
202604241500,   1.010,   2.079,   0.700,   0.369,   2.079,   0.700,   2.079,   0.700,   2.079
202604241506,   1.037,   2.099,9999.000,9999.000,9999.000,9999.000,9999.000,9999.000,9999.000
202604241512,   1.064,9999.000,9999.000,9999.000,9999.000,9999.000,9999.000,9999.000,9999.000
202604241518,   1.090,   2.148,9999.000,9999.000,9999.000,9999.000,9999.000,9999.000,9999.000
202604241524,   1.115,   2.177,9999.000,9999.000,9999.000,9999.000,9999.000,9999.000,9999.000
202604241530,   1.140,   2.200,9999.000,9999.000,9999.000,9999.000,9999.000,9999.000,9999.000
202604241536,   1.165,   2.220,9999.000,9999.000,9999.000,9999.000,9999.000,9999.000,9999.000
202604241542,   1.190,   2.240,9999.000,9999.000,9999.000,9999.000,9999.000,9999.000,9999.000
202604241548,   1.213,   2.259,9999.000,9999.000,9999.000,9999.000,9999.000,9999.000,9999.000
202604241554,   1.236,   2.269,9999.000,9999.000,9999.000,9999.000,9999.000,9999.000,9999.000
202604241600,   1.259,   2.289,   0.700,   0.330,   2.289,   0.700,   2.289,   0.700,   2.289
202604241606,   1.280,   2.299,9999.000,9999.000,9999.000,9999.000,9999.000,9999.000,9999.000
202604241612,   1.301,   2.318,9999.000,9999.000,9999.000,9999.000,9999.000,9999.000,9999.000
202604241618,   1.321,   2.328,9999.000,9999.000,9999.000,9999.000,9999.000,9999.000,9999.000
202604241624,   1.340,   2.338,9999.000,9999.000,9999.000,9999.000,9999.000,9999.000,9999.000
202604241630,   1.357,   2.348,9999.000,9999.000,9999.000,9999.000,9999.000,9999.000,9999.000
202604241636,   1.374,   2.358,9999.000,9999.000,9999.000,9999.000,9999.000,9999.000,9999.000
202604241642,   1.390,   2.368,9999.000,9999.000,9999.000,9999.000,9999.000,9999.000,9999.000
202604241648,   1.404,   2.368,9999.000,9999.000,9999.000,9999.000,9999.000,9999.000,9999.000
202604241654,   1.417,   2.368,9999.000,9999.000,9999.000,9999.000,9999.000,9999.000,9999.000
202604241700,   1.428,   2.377,   0.700,   0.249,   2.377,   0.700,   2.377,   0.700,   2.377
202604241706,   1.439,   2.377,9999.000,9999.000,9999.000,9999.000,9999.000,9999.000,9999.000
202604241712,   1.447,   2.377,9999.000,9999.000,9999.000,9999.000,9999.000,9999.000,9999.000
202604241718,   1.455,   2.377,9999.000,9999.000,9999.000,9999.000,9999.000,9999.000,9999.000
202604241724,   1.461,   2.377,9999.000,9999.000,9999.000,9999.000,9999.000,9999.000,9999.000
202604241730,   1.465,   2.377,9999.000,9999.000,9999.000,9999.000,9999.000,9999.000,9999.000
202604241736,   1.469,   2.368,9999.000,9999.000,9999.000,9999.000,9999.000,9999.000,9999.000
202604241742,   1.470,   2.358,9999.000,9999.000,9999.000,9999.000,9999.000,9999.000,9999.000
202604241748,   1.471,   2.348,9999.000,9999.000,9999.000,9999.000,9999.000,9999.000,9999.000
202604241754,   1.470,9999.000,9999.000,9999.000,9999.000,9999.000,9999.000,9999.000,9999.000
202604241800,   1.468,9999.000,   0.700,   0.235,   2.403,   0.700,   2.403,   0.700,   2.403
202604241806,   1.464,9999.000,9999.000,9999.000,9999.000,9999.000,9999.000,9999.000,9999.000
202604241812,   1.460,9999.000,9999.000,9999.000,9999.000,9999.000,9999.000,9999.000,9999.000
202604241818,   1.454,9999.000,9999.000,9999.000,9999.000,9999.000,9999.000,9999.000,9999.000
202604241824,   1.447,9999.000,9999.000,9999.000,9999.000,9999.000,9999.000,9999.000,9999.000
202604241830,   1.439,9999.000,9999.000,9999.000,9999.000,9999.000,9999.000,9999.000,9999.000
202604241836,   1.430,9999.000,9999.000,9999.000,9999.000,9999.000,9999.000,9999.000,9999.000
202604241842,   1.420,9999.000,9999.000,9999.000,9999.000,9999.000,9999.000,9999.000,9999.000
202604241848,   1.410,9999.000,9999.000,9999.000,9999.000,9999.000,9999.000,9999.000,9999.000
202604241854,   1.398,9999.000,9999.000,9999.000,9999.000,9999.000,9999.000,9999.000,9999.000
202604241900,   1.386,9999.000,   0.700,   0.221,   2.307,   0.700,   2.307,   0.700,   2.307
202604241906,   1.373,9999.000,9999.000,9999.000,9999.000,9999.000,9999.000,9999.000,9999.000
202604241912,   1.359,9999.000,9999.000,9999.000,9999.000,9999.000,9999.000,9999.000,9999.000
202604241918,   1.345,9999.000,9999.000,9999.000,9999.000,9999.000,9999.000,9999.000,9999.000
202604241924,   1.331,9999.000,9999.000,9999.000,9999.000,9999.000,9999.000,9999.000,9999.000
202604241930,   1.315,9999.000,9999.000,9999.000,9999.000,9999.000,9999.000,9999.000,9999.000
202604241936,   1.300,9999.000,9999.000,9999.000,9999.000,9999.000,9999.000,9999.000,9999.000
202604241942,   1.283,9999.000,9999.000,9999.000,9999.000,9999.000,9999.000,9999.000,9999.000
202604241948,   1.267,9999.000,9999.000,9999.000,9999.000,9999.000,9999.000,9999.000,9999.000
202604241954,   1.250,9999.000,9999.000,9999.000,9999.000,9999.000,9999.000,9999.000,9999.000
202604242000,   1.233,9999.000,   0.700,   0.207,   2.140,   0.700,   2.140,   0.700,   2.140
202604242006,   1.215,9999.000,9999.000,9999.000,9999.000,9999.000,9999.000,9999.000,9999.000
202604242012,   1.198,9999.000,9999.000,9999.000,9999.000,9999.000,9999.000,9999.000,9999.000
202604242018,   1.180,9999.000,9999.000,9999.000,9999.000,9999.000,9999.000,9999.000,9999.000
202604242024,   1.161,9999.000,9999.000,9999.000,9999.000,9999.000,9999.000,9999.000,9999.000
202604242030,   1.143,9999.000,9999.000,9999.000,9999.000,9999.000,9999.000,9999.000,9999.000
202604242036,   1.124,9999.000,9999.000,9999.000,9999.000,9999.000,9999.000,9999.000,9999.000
202604242042,   1.106,9999.000,9999.000,9999.000,9999.000,9999.000,9999.000,9999.000,9999.000
202604242048,   1.087,9999.000,9999.000,9999.000,9999.000,9999.000,9999.000,9999.000,9999.000
202604242054,   1.068,9999.000,9999.000,9999.000,9999.000,9999.000,9999.000,9999.000,9999.000
202604242100,   1.048,9999.000,   0.700,   0.194,   1.942,   0.700,   1.942,   0.700,   1.942
202604242106,   1.029,9999.000,9999.000,9999.000,9999.000,9999.000,9999.000,9999.000,9999.000
202604242112,   1.009,9999.000,9999.000,9999.000,9999.000,9999.000,9999.000,9999.000,9999.000
202604242118,   0.990,9999.000,9999.000,9999.000,9999.000,9999.000,9999.000,9999.000,9999.000
202604242124,   0.970,9999.000,9999.000,9999.000,9999.000,9999.000,9999.000,9999.000,9999.000
202604242130,   0.950,9999.000,9999.000,9999.000,9999.000,9999.000,9999.000,9999.000,9999.000
202604242136,   0.930,9999.000,9999.000,9999.000,9999.000,9999.000,9999.000,9999.000,9999.000
202604242142,   0.910,9999.000,9999.000,9999.000,9999.000,9999.000,9999.000,9999.000,9999.000
202604242148,   0.890,9999.000,9999.000,9999.000,9999.000,9999.000,9999.000,9999.000,9999.000
202604242154,   0.869,9999.000,9999.000,9999.000,9999.000,9999.000,9999.000,9999.000,9999.000
202604242200,   0.848,9999.000,   0.700,   0.180,   1.728,   0.700,   1.728,   0.700,   1.728
202604242206,   0.828,9999.000,9999.000,9999.000,9999.000,9999.000,9999.000,9999.000,9999.000
202604242212,   0.807,9999.000,9999.000,9999.000,9999.000,9999.000,9999.000,9999.000,9999.000
202604242218,   0.786,9999.000,9999.000,9999.000,9999.000,9999.000,9999.000,9999.000,9999.000
202604242224,   0.765,9999.000,9999.000,9999.000,9999.000,9999.000,9999.000,9999.000,9999.000
202604242230,   0.744,9999.000,9999.000,9999.000,9999.000,9999.000,9999.000,9999.000,9999.000
202604242236,   0.723,9999.000,9999.000,9999.000,9999.000,9999.000,9999.000,9999.000,9999.000
202604242242,   0.701,9999.000,9999.000,9999.000,9999.000,9999.000,9999.000,9999.000,9999.000
202604242248,   0.680,9999.000,9999.000,9999.000,9999.000,9999.000,9999.000,9999.000,9999.000
202604242254,   0.660,9999.000,9999.000,9999.000,9999.000,9999.000,9999.000,9999.000,9999.000
202604242300,   0.639,9999.000,   0.700,   0.166,   1.505,   0.700,   1.505,   0.700,   1.505
202604242306,   0.619,9999.000,9999.000,9999.000,9999.000,9999.000,9999.000,9999.000,9999.000
202604242312,   0.599,9999.000,9999.000,9999.000,9999.000,9999.000,9999.000,9999.000,9999.000
202604242318,   0.580,9999.000,9999.000,9999.000,9999.000,9999.000,9999.000,9999.000,9999.000
202604242324,   0.561,9999.000,9999.000,9999.000,9999.000,9999.000,9999.000,9999.000,9999.000
202604242330,   0.543,9999.000,9999.000,9999.000,9999.000,9999.000,9999.000,9999.000,9999.000
202604242336,   0.526,9999.000,9999.000,9999.000,9999.000,9999.000,9999.000,9999.000,9999.000
202604242342,   0.510,9999.000,9999.000,9999.000,9999.000,9999.000,9999.000,9999.000,9999.000
202604242348,   0.495,9999.000,9999.000,9999.000,9999.000,9999.000,9999.000,9999.000,9999.000
202604242354,   0.481,9999.000,9999.000,9999.000,9999.000,9999.000,9999.000,9999.000,9999.000
202604250000,   0.468,9999.000,   0.700,   0.152,   1.320,   0.700,   1.320,   0.700,   1.320
202604250006,   0.457,9999.000,9999.000,9999.000,9999.000,9999.000,9999.000,9999.000,9999.000
202604250012,   0.447,9999.000,9999.000,9999.000,9999.000,9999.000,9999.000,9999.000,9999.000
202604250018,   0.438,9999.000,9999.000,9999.000,9999.000,9999.000,9999.000,9999.000,9999.000
202604250024,   0.431,9999.000,9999.000,9999.000,9999.000,9999.000,9999.000,9999.000,9999.000
202604250030,   0.426,9999.000,9999.000,9999.000,9999.000,9999.000,9999.000,9999.000,9999.000
202604250036,   0.422,9999.000,9999.000,9999.000,9999.000,9999.000,9999.000,9999.000,9999.000
202604250042,   0.419,9999.000,9999.000,9999.000,9999.000,9999.000,9999.000,9999.000,9999.000
202604250048,   0.419,9999.000,9999.000,9999.000,9999.000,9999.000,9999.000,9999.000,9999.000
202604250054,   0.419,9999.000,9999.000,9999.000,9999.000,9999.000,9999.000,9999.000,9999.000
202604250100,   0.422,9999.000,   0.700,   0.138,   1.260,   0.700,   1.260,   0.700,   1.260
202604250106,   0.426,9999.000,9999.000,9999.000,9999.000,9999.000,9999.000,9999.000,9999.000
202604250112,   0.431,9999.000,9999.000,9999.000,9999.000,9999.000,9999.000,9999.000,9999.000
202604250118,   0.438,9999.000,9999.000,9999.000,9999.000,9999.000,9999.000,9999.000,9999.000
202604250124,   0.446,9999.000,9999.000,9999.000,9999.000,9999.000,9999.000,9999.000,9999.000
202604250130,   0.455,9999.000,9999.000,9999.000,9999.000,9999.000,9999.000,9999.000,9999.000
202604250136,   0.466,9999.000,9999.000,9999.000,9999.000,9999.000,9999.000,9999.000,9999.000
202604250142,   0.478,9999.000,9999.000,9999.000,9999.000,9999.000,9999.000,9999.000,9999.000
202604250148,   0.491,9999.000,9999.000,9999.000,9999.000,9999.000,9999.000,9999.000,9999.000
202604250154,   0.505,9999.000,9999.000,9999.000,9999.000,9999.000,9999.000,9999.000,9999.000
202604250200,   0.520,9999.000,   0.700,   0.124,   1.344,   0.700,   1.344,   0.800,   1.444
202604250206,   0.536,9999.000,9999.000,9999.000,9999.000,9999.000,9999.000,9999.000,9999.000
202604250212,   0.552,9999.000,9999.000,9999.000,9999.000,9999.000,9999.000,9999.000,9999.000
202604250218,   0.570,9999.000,9999.000,9999.000,9999.000,9999.000,9999.000,9999.000,9999.000
202604250224,   0.588,9999.000,9999.000,9999.000,9999.000,9999.000,9999.000,9999.000,9999.000
202604250230,   0.606,9999.000,9999.000,9999.000,9999.000,9999.000,9999.000,9999.000,9999.000
202604250236,   0.626,9999.000,9999.000,9999.000,9999.000,9999.000,9999.000,9999.000,9999.000
202604250242,   0.645,9999.000,9999.000,9999.000,9999.000,9999.000,9999.000,9999.000,9999.000
202604250248,   0.666,9999.000,9999.000,9999.000,9999.000,9999.000,9999.000,9999.000,9999.000
202604250254,   0.686,9999.000,9999.000,9999.000,9999.000,9999.000,9999.000,9999.000,9999.000
202604250300,   0.707,9999.000,   0.700,   0.111,   1.518,   0.700,   1.518,   0.800,   1.618
202604250306,   0.729,9999.000,9999.000,9999.000,9999.000,9999.000,9999.000,9999.000,9999.000
202604250312,   0.750,9999.000,9999.000,9999.000,9999.000,9999.000,9999.000,9999.000,9999.000
202604250318,   0.772,9999.000,9999.000,9999.000,9999.000,9999.000,9999.000,9999.000,9999.000
202604250324,   0.795,9999.000,9999.000,9999.000,9999.000,9999.000,9999.000,9999.000,9999.000
202604250330,   0.817,9999.000,9999.000,9999.000,9999.000,9999.000,9999.000,9999.000,9999.000
202604250336,   0.839,9999.000,9999.000,9999.000,9999.000,9999.000,9999.000,9999.000,9999.000
202604250342,   0.862,9999.000,9999.000,9999.000,9999.000,9999.000,9999.000,9999.000,9999.000
202604250348,   0.884,9999.000,9999.000,9999.000,9999.000,9999.000,9999.000,9999.000,9999.000
202604250354,   0.907,9999.000,9999.000,9999.000,9999.000,9999.000,9999.000,9999.000,9999.000
202604250400,   0.929,9999.000,   0.800,   0.097,   1.826,   0.700,   1.726,   0.800,   1.826
202604250406,   0.951,9999.000,9999.000,9999.000,9999.000,9999.000,9999.000,9999.000,9999.000
202604250412,   0.973,9999.000,9999.000,9999.000,9999.000,9999.000,9999.000,9999.000,9999.000
202604250418,   0.994,9999.000,9999.000,9999.000,9999.000,9999.000,9999.000,9999.000,9999.000
202604250424,   1.015,9999.000,9999.000,9999.000,9999.000,9999.000,9999.000,9999.000,9999.000
202604250430,   1.035,9999.000,9999.000,9999.000,9999.000,9999.000,9999.000,9999.000,9999.000
202604250436,   1.055,9999.000,9999.000,9999.000,9999.000,9999.000,9999.000,9999.000,9999.000
202604250442,   1.073,9999.000,9999.000,9999.000,9999.000,9999.000,9999.000,9999.000,9999.000
202604250448,   1.091,9999.000,9999.000,9999.000,9999.000,9999.000,9999.000,9999.000,9999.000
202604250454,   1.108,9999.000,9999.000,9999.000,9999.000,9999.000,9999.000,9999.000,9999.000
202604250500,   1.123,9999.000,   0.800,   0.083,   2.006,   0.800,   2.006,   0.900,   2.106
202604250506,   1.138,9999.000,9999.000,9999.000,9999.000,9999.000,9999.000,9999.000,9999.000
202604250512,   1.151,9999.000,9999.000,9999.000,9999.000,9999.000,9999.000,9999.000,9999.000
202604250518,   1.163,9999.000,9999.000,9999.000,9999.000,9999.000,9999.000,9999.000,9999.000
202604250524,   1.173,9999.000,9999.000,9999.000,9999.000,9999.000,9999.000,9999.000,9999.000
202604250530,   1.182,9999.000,9999.000,9999.000,9999.000,9999.000,9999.000,9999.000,9999.000
202604250536,   1.190,9999.000,9999.000,9999.000,9999.000,9999.000,9999.000,9999.000,9999.000
202604250542,   1.196,9999.000,9999.000,9999.000,9999.000,9999.000,9999.000,9999.000,9999.000
202604250548,   1.201,9999.000,9999.000,9999.000,9999.000,9999.000,9999.000,9999.000,9999.000
202604250554,   1.204,9999.000,9999.000,9999.000,9999.000,9999.000,9999.000,9999.000,9999.000
202604250600,   1.205,9999.000,   0.800,   0.083,   2.088,   0.800,   2.088,   0.900,   2.188
202604250606,   1.205,9999.000,9999.000,9999.000,9999.000,9999.000,9999.000,9999.000,9999.000
202604250612,   1.204,9999.000,9999.000,9999.000,9999.000,9999.000,9999.000,9999.000,9999.000
202604250618,   1.201,9999.000,9999.000,9999.000,9999.000,9999.000,9999.000,9999.000,9999.000
202604250624,   1.197,9999.000,9999.000,9999.000,9999.000,9999.000,9999.000,9999.000,9999.000
202604250630,   1.191,9999.000,9999.000,9999.000,9999.000,9999.000,9999.000,9999.000,9999.000
202604250636,   1.185,9999.000,9999.000,9999.000,9999.000,9999.000,9999.000,9999.000,9999.000
202604250642,   1.177,9999.000,9999.000,9999.000,9999.000,9999.000,9999.000,9999.000,9999.000
202604250648,   1.167,9999.000,9999.000,9999.000,9999.000,9999.000,9999.000,9999.000,9999.000
202604250654,   1.157,9999.000,9999.000,9999.000,9999.000,9999.000,9999.000,9999.000,9999.000
202604250700,   1.145,9999.000,   0.900,   0.083,   2.128,   0.800,   2.028,   0.900,   2.128
202604250706,   1.133,9999.000,9999.000,9999.000,9999.000,9999.000,9999.000,9999.000,9999.000
202604250712,   1.120,9999.000,9999.000,9999.000,9999.000,9999.000,9999.000,9999.000,9999.000
202604250718,   1.106,9999.000,9999.000,9999.000,9999.000,9999.000,9999.000,9999.000,9999.000
202604250724,   1.091,9999.000,9999.000,9999.000,9999.000,9999.000,9999.000,9999.000,9999.000
202604250730,   1.075,9999.000,9999.000,9999.000,9999.000,9999.000,9999.000,9999.000,9999.000
202604250736,   1.059,9999.000,9999.000,9999.000,9999.000,9999.000,9999.000,9999.000,9999.000
202604250742,   1.042,9999.000,9999.000,9999.000,9999.000,9999.000,9999.000,9999.000,9999.000
202604250748,   1.024,9999.000,9999.000,9999.000,9999.000,9999.000,9999.000,9999.000,9999.000
202604250754,   1.006,9999.000,9999.000,9999.000,9999.000,9999.000,9999.000,9999.000,9999.000
202604250800,   0.988,9999.000,   0.900,   0.083,   1.971,   0.800,   1.871,   0.900,   1.971
202604250806,   0.969,9999.000,9999.000,9999.000,9999.000,9999.000,9999.000,9999.000,9999.000
202604250812,   0.950,9999.000,9999.000,9999.000,9999.000,9999.000,9999.000,9999.000,9999.000
202604250818,   0.931,9999.000,9999.000,9999.000,9999.000,9999.000,9999.000,9999.000,9999.000
202604250824,   0.911,9999.000,9999.000,9999.000,9999.000,9999.000,9999.000,9999.000,9999.000
202604250830,   0.892,9999.000,9999.000,9999.000,9999.000,9999.000,9999.000,9999.000,9999.000
202604250836,   0.872,9999.000,9999.000,9999.000,9999.000,9999.000,9999.000,9999.000,9999.000
202604250842,   0.852,9999.000,9999.000,9999.000,9999.000,9999.000,9999.000,9999.000,9999.000
202604250848,   0.832,9999.000,9999.000,9999.000,9999.000,9999.000,9999.000,9999.000,9999.000
202604250854,   0.812,9999.000,9999.000,9999.000,9999.000,9999.000,9999.000,9999.000,9999.000
202604250900,   0.792,9999.000,   0.900,   0.083,   1.775,   0.900,   1.775,   0.900,   1.775
202604250906,   0.773,9999.000,9999.000,9999.000,9999.000,9999.000,9999.000,9999.000,9999.000
202604250912,   0.753,9999.000,9999.000,9999.000,9999.000,9999.000,9999.000,9999.000,9999.000
202604250918,   0.734,9999.000,9999.000,9999.000,9999.000,9999.000,9999.000,9999.000,9999.000
202604250924,   0.714,9999.000,9999.000,9999.000,9999.000,9999.000,9999.000,9999.000,9999.000
202604250930,   0.695,9999.000,9999.000,9999.000,9999.000,9999.000,9999.000,9999.000,9999.000
202604250936,   0.677,9999.000,9999.000,9999.000,9999.000,9999.000,9999.000,9999.000,9999.000
202604250942,   0.658,9999.000,9999.000,9999.000,9999.000,9999.000,9999.000,9999.000,9999.000
202604250948,   0.640,9999.000,9999.000,9999.000,9999.000,9999.000,9999.000,9999.000,9999.000
202604250954,   0.622,9999.000,9999.000,9999.000,9999.000,9999.000,9999.000,9999.000,9999.000
202604251000,   0.604,9999.000,   0.900,   0.083,   1.587,   0.900,   1.587,   1.000,   1.687
202604251006,   0.587,9999.000,9999.000,9999.000,9999.000,9999.000,9999.000,9999.000,9999.000
202604251012,   0.570,9999.000,9999.000,9999.000,9999.000,9999.000,9999.000,9999.000,9999.000
202604251018,   0.553,9999.000,9999.000,9999.000,9999.000,9999.000,9999.000,9999.000,9999.000
202604251024,   0.536,9999.000,9999.000,9999.000,9999.000,9999.000,9999.000,9999.000,9999.000
202604251030,   0.520,9999.000,9999.000,9999.000,9999.000,9999.000,9999.000,9999.000,9999.000
202604251036,   0.504,9999.000,9999.000,9999.000,9999.000,9999.000,9999.000,9999.000,9999.000
202604251042,   0.488,9999.000,9999.000,9999.000,9999.000,9999.000,9999.000,9999.000,9999.000
202604251048,   0.473,9999.000,9999.000,9999.000,9999.000,9999.000,9999.000,9999.000,9999.000
202604251054,   0.458,9999.000,9999.000,9999.000,9999.000,9999.000,9999.000,9999.000,9999.000
202604251100,   0.444,9999.000,   0.900,   0.083,   1.427,   0.900,   1.427,   1.000,   1.527
202604251106,   0.429,9999.000,9999.000,9999.000,9999.000,9999.000,9999.000,9999.000,9999.000
202604251112,   0.416,9999.000,9999.000,9999.000,9999.000,9999.000,9999.000,9999.000,9999.000
202604251118,   0.402,9999.000,9999.000,9999.000,9999.000,9999.000,9999.000,9999.000,9999.000
202604251124,   0.390,9999.000,9999.000,9999.000,9999.000,9999.000,9999.000,9999.000,9999.000
202604251130,   0.378,9999.000,9999.000,9999.000,9999.000,9999.000,9999.000,9999.000,9999.000
202604251136,   0.366,9999.000,9999.000,9999.000,9999.000,9999.000,9999.000,9999.000,9999.000
202604251142,   0.355,9999.000,9999.000,9999.000,9999.000,9999.000,9999.000,9999.000,9999.000
202604251148,   0.346,9999.000,9999.000,9999.000,9999.000,9999.000,9999.000,9999.000,9999.000
202604251154,   0.336,9999.000,9999.000,9999.000,9999.000,9999.000,9999.000,9999.000,9999.000
202604251200,   0.328,9999.000,   1.000,   0.083,   1.411,   0.900,   1.311,   1.000,   1.411
202604251206,   0.321,9999.000,9999.000,9999.000,9999.000,9999.000,9999.000,9999.000,9999.000
202604251212,   0.315,9999.000,9999.000,9999.000,9999.000,9999.000,9999.000,9999.000,9999.000
202604251218,   0.310,9999.000,9999.000,9999.000,9999.000,9999.000,9999.000,9999.000,9999.000
202604251224,   0.307,9999.000,9999.000,9999.000,9999.000,9999.000,9999.000,9999.000,9999.000
202604251230,   0.304,9999.000,9999.000,9999.000,9999.000,9999.000,9999.000,9999.000,9999.000
202604251236,   0.303,9999.000,9999.000,9999.000,9999.000,9999.000,9999.000,9999.000,9999.000
202604251242,   0.303,9999.000,9999.000,9999.000,9999.000,9999.000,9999.000,9999.000,9999.000
202604251248,   0.305,9999.000,9999.000,9999.000,9999.000,9999.000,9999.000,9999.000,9999.000
202604251254,   0.308,9999.000,9999.000,9999.000,9999.000,9999.000,9999.000,9999.000,9999.000
202604251300,   0.313,9999.000,   1.000,   0.083,   1.396,   0.900,   1.296,   1.000,   1.396
202604251306,   0.319,9999.000,9999.000,9999.000,9999.000,9999.000,9999.000,9999.000,9999.000
202604251312,   0.326,9999.000,9999.000,9999.000,9999.000,9999.000,9999.000,9999.000,9999.000
202604251318,   0.335,9999.000,9999.000,9999.000,9999.000,9999.000,9999.000,9999.000,9999.000
202604251324,   0.346,9999.000,9999.000,9999.000,9999.000,9999.000,9999.000,9999.000,9999.000
202604251330,   0.357,9999.000,9999.000,9999.000,9999.000,9999.000,9999.000,9999.000,9999.000
202604251336,   0.370,9999.000,9999.000,9999.000,9999.000,9999.000,9999.000,9999.000,9999.000
202604251342,   0.384,9999.000,9999.000,9999.000,9999.000,9999.000,9999.000,9999.000,9999.000
202604251348,   0.400,9999.000,9999.000,9999.000,9999.000,9999.000,9999.000,9999.000,9999.000
202604251354,   0.416,9999.000,9999.000,9999.000,9999.000,9999.000,9999.000,9999.000,9999.000
202604251400,   0.434,9999.000,   1.000,   0.083,   1.517,   0.900,   1.417,   1.000,   1.517
202604251406,   0.452,9999.000,9999.000,9999.000,9999.000,9999.000,9999.000,9999.000,9999.000
202604251412,   0.472,9999.000,9999.000,9999.000,9999.000,9999.000,9999.000,9999.000,9999.000
202604251418,   0.492,9999.000,9999.000,9999.000,9999.000,9999.000,9999.000,9999.000,9999.000
202604251424,   0.513,9999.000,9999.000,9999.000,9999.000,9999.000,9999.000,9999.000,9999.000
202604251430,   0.535,9999.000,9999.000,9999.000,9999.000,9999.000,9999.000,9999.000,9999.000
202604251436,   0.557,9999.000,9999.000,9999.000,9999.000,9999.000,9999.000,9999.000,9999.000
202604251442,   0.580,9999.000,9999.000,9999.000,9999.000,9999.000,9999.000,9999.000,9999.000
202604251448,   0.604,9999.000,9999.000,9999.000,9999.000,9999.000,9999.000,9999.000,9999.000
202604251454,   0.628,9999.000,9999.000,9999.000,9999.000,9999.000,9999.000,9999.000,9999.000
202604251500,   0.652,9999.000,   1.000,   0.083,   1.735,   0.900,   1.635,   1.100,   1.835
202604251506,   0.677,9999.000,9999.000,9999.000,9999.000,9999.000,9999.000,9999.000,9999.000
202604251512,   0.702,9999.000,9999.000,9999.000,9999.000,9999.000,9999.000,9999.000,9999.000
202604251518,   0.727,9999.000,9999.000,9999.000,9999.000,9999.000,9999.000,9999.000,9999.000
202604251524,   0.753,9999.000,9999.000,9999.000,9999.000,9999.000,9999.000,9999.000,9999.000
202604251530,   0.779,9999.000,9999.000,9999.000,9999.000,9999.000,9999.000,9999.000,9999.000
202604251536,   0.805,9999.000,9999.000,9999.000,9999.000,9999.000,9999.000,9999.000,9999.000
202604251542,   0.831,9999.000,9999.000,9999.000,9999.000,9999.000,9999.000,9999.000,9999.000
202604251548,   0.857,9999.000,9999.000,9999.000,9999.000,9999.000,9999.000,9999.000,9999.000
202604251554,   0.883,9999.000,9999.000,9999.000,9999.000,9999.000,9999.000,9999.000,9999.000
202604251600,   0.909,9999.000,   1.000,   0.083,   1.992,   1.000,   1.992,   1.100,   2.092
202604251606,   0.935,9999.000,9999.000,9999.000,9999.000,9999.000,9999.000,9999.000,9999.000
202604251612,   0.962,9999.000,9999.000,9999.000,9999.000,9999.000,9999.000,9999.000,9999.000
202604251618,   0.988,9999.000,9999.000,9999.000,9999.000,9999.000,9999.000,9999.000,9999.000
202604251624,   1.013,9999.000,9999.000,9999.000,9999.000,9999.000,9999.000,9999.000,9999.000
202604251630,   1.039,9999.000,9999.000,9999.000,9999.000,9999.000,9999.000,9999.000,9999.000
202604251636,   1.064,9999.000,9999.000,9999.000,9999.000,9999.000,9999.000,9999.000,9999.000
202604251642,   1.088,9999.000,9999.000,9999.000,9999.000,9999.000,9999.000,9999.000,9999.000
202604251648,   1.112,9999.000,9999.000,9999.000,9999.000,9999.000,9999.000,9999.000,9999.000
202604251654,   1.136,9999.000,9999.000,9999.000,9999.000,9999.000,9999.000,9999.000,9999.000
202604251700,   1.158,9999.000,   1.000,   0.083,   2.241,   1.000,   2.241,   1.100,   2.341
202604251706,   1.180,9999.000,9999.000,9999.000,9999.000,9999.000,9999.000,9999.000,9999.000
202604251712,   1.201,9999.000,9999.000,9999.000,9999.000,9999.000,9999.000,9999.000,9999.000
202604251718,   1.221,9999.000,9999.000,9999.000,9999.000,9999.000,9999.000,9999.000,9999.000
202604251724,   1.240,9999.000,9999.000,9999.000,9999.000,9999.000,9999.000,9999.000,9999.000
202604251730,   1.258,9999.000,9999.000,9999.000,9999.000,9999.000,9999.000,9999.000,9999.000
202604251736,   1.275,9999.000,9999.000,9999.000,9999.000,9999.000,9999.000,9999.000,9999.000
202604251742,   1.291,9999.000,9999.000,9999.000,9999.000,9999.000,9999.000,9999.000,9999.000
202604251748,   1.305,9999.000,9999.000,9999.000,9999.000,9999.000,9999.000,9999.000,9999.000
202604251754,   1.318,9999.000,9999.000,9999.000,9999.000,9999.000,9999.000,9999.000,9999.000
202604251800,   1.330,9999.000,   1.100,   0.083,   2.513,   1.000,   2.413,   1.200,   2.613
202604251806,   1.340,9999.000,9999.000,9999.000,9999.000,9999.000,9999.000,9999.000,9999.000
202604251812,   1.349,9999.000,9999.000,9999.000,9999.000,9999.000,9999.000,9999.000,9999.000
202604251818,   1.357,9999.000,9999.000,9999.000,9999.000,9999.000,9999.000,9999.000,9999.000
202604251824,   1.363,9999.000,9999.000,9999.000,9999.000,9999.000,9999.000,9999.000,9999.000
202604251830,   1.368,9999.000,9999.000,9999.000,9999.000,9999.000,9999.000,9999.000,9999.000
202604251836,   1.372,9999.000,9999.000,9999.000,9999.000,9999.000,9999.000,9999.000,9999.000
202604251842,   1.374,9999.000,9999.000,9999.000,9999.000,9999.000,9999.000,9999.000,9999.000
202604251848,   1.375,9999.000,9999.000,9999.000,9999.000,9999.000,9999.000,9999.000,9999.000
202604251854,   1.375,9999.000,9999.000,9999.000,9999.000,9999.000,9999.000,9999.000,9999.000
202604251900,   1.374,9999.000,   1.100,   0.083,   2.557,   1.000,   2.457,   1.200,   2.657
202604251906,   1.371,9999.000,9999.000,9999.000,9999.000,9999.000,9999.000,9999.000,9999.000
202604251912,   1.368,9999.000,9999.000,9999.000,9999.000,9999.000,9999.000,9999.000,9999.000
202604251918,   1.363,9999.000,9999.000,9999.000,9999.000,9999.000,9999.000,9999.000,9999.000
202604251924,   1.358,9999.000,9999.000,9999.000,9999.000,9999.000,9999.000,9999.000,9999.000
202604251930,   1.351,9999.000,9999.000,9999.000,9999.000,9999.000,9999.000,9999.000,9999.000
202604251936,   1.344,9999.000,9999.000,9999.000,9999.000,9999.000,9999.000,9999.000,9999.000
202604251942,   1.336,9999.000,9999.000,9999.000,9999.000,9999.000,9999.000,9999.000,9999.000
202604251948,   1.326,9999.000,9999.000,9999.000,9999.000,9999.000,9999.000,9999.000,9999.000
202604251954,   1.317,9999.000,9999.000,9999.000,9999.000,9999.000,9999.000,9999.000,9999.000
202604252000,   1.306,9999.000,   1.100,   0.083,   2.489,   1.000,   2.389,   1.200,   2.589
202604252006,   1.295,9999.000,9999.000,9999.000,9999.000,9999.000,9999.000,9999.000,9999.000
202604252012,   1.283,9999.000,9999.000,9999.000,9999.000,9999.000,9999.000,9999.000,9999.000
202604252018,   1.270,9999.000,9999.000,9999.000,9999.000,9999.000,9999.000,9999.000,9999.000
202604252024,   1.257,9999.000,9999.000,9999.000,9999.000,9999.000,9999.000,9999.000,9999.000
202604252030,   1.243,9999.000,9999.000,9999.000,9999.000,9999.000,9999.000,9999.000,9999.000
202604252036,   1.228,9999.000,9999.000,9999.000,9999.000,9999.000,9999.000,9999.000,9999.000
202604252042,   1.213,9999.000,9999.000,9999.000,9999.000,9999.000,9999.000,9999.000,9999.000
202604252048,   1.198,9999.000,9999.000,9999.000,9999.000,9999.000,9999.000,9999.000,9999.000
202604252054,   1.182,9999.000,9999.000,9999.000,9999.000,9999.000,9999.000,9999.000,9999.000
202604252100,   1.166,9999.000,   1.100,   0.083,   2.349,   1.000,   2.249,   1.300,   2.549
202604252106,   1.149,9999.000,9999.000,9999.000,9999.000,9999.000,9999.000,9999.000,9999.000
202604252112,   1.132,9999.000,9999.000,9999.000,9999.000,9999.000,9999.000,9999.000,9999.000
202604252118,   1.115,9999.000,9999.000,9999.000,9999.000,9999.000,9999.000,9999.000,9999.000
202604252124,   1.097,9999.000,9999.000,9999.000,9999.000,9999.000,9999.000,9999.000,9999.000
202604252130,   1.079,9999.000,9999.000,9999.000,9999.000,9999.000,9999.000,9999.000,9999.000
202604252136,   1.061,9999.000,9999.000,9999.000,9999.000,9999.000,9999.000,9999.000,9999.000
202604252142,   1.043,9999.000,9999.000,9999.000,9999.000,9999.000,9999.000,9999.000,9999.000
202604252148,   1.024,9999.000,9999.000,9999.000,9999.000,9999.000,9999.000,9999.000,9999.000
202604252154,   1.005,9999.000,9999.000,9999.000,9999.000,9999.000,9999.000,9999.000,9999.000
202604252200,   0.987,9999.000,   1.200,   0.083,   2.270,   1.000,   2.070,   1.300,   2.370
202604252206,   0.967,9999.000,9999.000,9999.000,9999.000,9999.000,9999.000,9999.000,9999.000
202604252212,   0.948,9999.000,9999.000,9999.000,9999.000,9999.000,9999.000,9999.000,9999.000
202604252218,   0.929,9999.000,9999.000,9999.000,9999.000,9999.000,9999.000,9999.000,9999.000
202604252224,   0.910,9999.000,9999.000,9999.000,9999.000,9999.000,9999.000,9999.000,9999.000
202604252230,   0.890,9999.000,9999.000,9999.000,9999.000,9999.000,9999.000,9999.000,9999.000
202604252236,   0.870,9999.000,9999.000,9999.000,9999.000,9999.000,9999.000,9999.000,9999.000
202604252242,   0.851,9999.000,9999.000,9999.000,9999.000,9999.000,9999.000,9999.000,9999.000
202604252248,   0.831,9999.000,9999.000,9999.000,9999.000,9999.000,9999.000,9999.000,9999.000
202604252254,   0.811,9999.000,9999.000,9999.000,9999.000,9999.000,9999.000,9999.000,9999.000
202604252300,   0.791,9999.000,   1.200,   0.083,   2.074,   1.000,   1.874,   1.300,   2.174
202604252306,   0.771,9999.000,9999.000,9999.000,9999.000,9999.000,9999.000,9999.000,9999.000
202604252312,   0.750,9999.000,9999.000,9999.000,9999.000,9999.000,9999.000,9999.000,9999.000
202604252318,   0.730,9999.000,9999.000,9999.000,9999.000,9999.000,9999.000,9999.000,9999.000
202604252324,   0.710,9999.000,9999.000,9999.000,9999.000,9999.000,9999.000,9999.000,9999.000
202604252330,   0.690,9999.000,9999.000,9999.000,9999.000,9999.000,9999.000,9999.000,9999.000
202604252336,   0.670,9999.000,9999.000,9999.000,9999.000,9999.000,9999.000,9999.000,9999.000
202604252342,   0.650,9999.000,9999.000,9999.000,9999.000,9999.000,9999.000,9999.000,9999.000
202604252348,   0.630,9999.000,9999.000,9999.000,9999.000,9999.000,9999.000,9999.000,9999.000
202604252354,   0.611,9999.000,9999.000,9999.000,9999.000,9999.000,9999.000,9999.000,9999.000
202604260000,   0.592,9999.000,   1.200,   0.083,   1.875,   1.000,   1.675,   1.400,   2.075
202604260006,   0.573,9999.000,9999.000,9999.000,9999.000,9999.000,9999.000,9999.000,9999.000
202604260012,   0.555,9999.000,9999.000,9999.000,9999.000,9999.000,9999.000,9999.000,9999.000
202604260018,   0.537,9999.000,9999.000,9999.000,9999.000,9999.000,9999.000,9999.000,9999.000
202604260024,   0.520,9999.000,9999.000,9999.000,9999.000,9999.000,9999.000,9999.000,9999.000
202604260030,   0.504,9999.000,9999.000,9999.000,9999.000,9999.000,9999.000,9999.000,9999.000
202604260036,   0.489,9999.000,9999.000,9999.000,9999.000,9999.000,9999.000,9999.000,9999.000
202604260042,   0.474,9999.000,9999.000,9999.000,9999.000,9999.000,9999.000,9999.000,9999.000
202604260048,   0.461,9999.000,9999.000,9999.000,9999.000,9999.000,9999.000,9999.000,9999.000
202604260054,   0.449,9999.000,9999.000,9999.000,9999.000,9999.000,9999.000,9999.000,9999.000
202604260100,   0.438,9999.000,   1.200,   0.083,   1.721,   1.000,   1.521,   1.400,   1.921
202604260106,   0.428,9999.000,9999.000,9999.000,9999.000,9999.000,9999.000,9999.000,9999.000
202604260112,   0.420,9999.000,9999.000,9999.000,9999.000,9999.000,9999.000,9999.000,9999.000
202604260118,   0.414,9999.000,9999.000,9999.000,9999.000,9999.000,9999.000,9999.000,9999.000
202604260124,   0.408,9999.000,9999.000,9999.000,9999.000,9999.000,9999.000,9999.000,9999.000
202604260130,   0.405,9999.000,9999.000,9999.000,9999.000,9999.000,9999.000,9999.000,9999.000
202604260136,   0.403,9999.000,9999.000,9999.000,9999.000,9999.000,9999.000,9999.000,9999.000
202604260142,   0.402,9999.000,9999.000,9999.000,9999.000,9999.000,9999.000,9999.000,9999.000
202604260148,   0.403,9999.000,9999.000,9999.000,9999.000,9999.000,9999.000,9999.000,9999.000
202604260154,   0.406,9999.000,9999.000,9999.000,9999.000,9999.000,9999.000,9999.000,9999.000
202604260200,   0.410,9999.000,   1.200,   0.083,   1.693,   1.000,   1.493,   1.400,   1.893
202604260206,   0.416,9999.000,9999.000,9999.000,9999.000,9999.000,9999.000,9999.000,9999.000
202604260212,   0.423,9999.000,9999.000,9999.000,9999.000,9999.000,9999.000,9999.000,9999.000
202604260218,   0.432,9999.000,9999.000,9999.000,9999.000,9999.000,9999.000,9999.000,9999.000
202604260224,   0.442,9999.000,9999.000,9999.000,9999.000,9999.000,9999.000,9999.000,9999.000
202604260230,   0.454,9999.000,9999.000,9999.000,9999.000,9999.000,9999.000,9999.000,9999.000
202604260236,   0.467,9999.000,9999.000,9999.000,9999.000,9999.000,9999.000,9999.000,9999.000
202604260242,   0.481,9999.000,9999.000,9999.000,9999.000,9999.000,9999.000,9999.000,9999.000
202604260248,   0.496,9999.000,9999.000,9999.000,9999.000,9999.000,9999.000,9999.000,9999.000
202604260254,   0.513,9999.000,9999.000,9999.000,9999.000,9999.000,9999.000,9999.000,9999.000
202604260300,   0.530,9999.000,   1.200,   0.083,   1.813,   0.900,   1.513,   1.400,   2.013
202604260306,   0.549,9999.000,9999.000,9999.000,9999.000,9999.000,9999.000,9999.000,9999.000
202604260312,   0.568,9999.000,9999.000,9999.000,9999.000,9999.000,9999.000,9999.000,9999.000
202604260318,   0.588,9999.000,9999.000,9999.000,9999.000,9999.000,9999.000,9999.000,9999.000
202604260324,   0.609,9999.000,9999.000,9999.000,9999.000,9999.000,9999.000,9999.000,9999.000
202604260330,   0.631,9999.000,9999.000,9999.000,9999.000,9999.000,9999.000,9999.000,9999.000
202604260336,   0.654,9999.000,9999.000,9999.000,9999.000,9999.000,9999.000,9999.000,9999.000
202604260342,   0.677,9999.000,9999.000,9999.000,9999.000,9999.000,9999.000,9999.000,9999.000
202604260348,   0.701,9999.000,9999.000,9999.000,9999.000,9999.000,9999.000,9999.000,9999.000
202604260354,   0.725,9999.000,9999.000,9999.000,9999.000,9999.000,9999.000,9999.000,9999.000
202604260400,   0.750,9999.000,   1.200,   0.083,   2.033,   0.900,   1.733,   1.500,   2.333
202604260406,   0.775,9999.000,9999.000,9999.000,9999.000,9999.000,9999.000,9999.000,9999.000
202604260412,   0.801,9999.000,9999.000,9999.000,9999.000,9999.000,9999.000,9999.000,9999.000
202604260418,   0.827,9999.000,9999.000,9999.000,9999.000,9999.000,9999.000,9999.000,9999.000
202604260424,   0.853,9999.000,9999.000,9999.000,9999.000,9999.000,9999.000,9999.000,9999.000
202604260430,   0.879,9999.000,9999.000,9999.000,9999.000,9999.000,9999.000,9999.000,9999.000
202604260436,   0.905,9999.000,9999.000,9999.000,9999.000,9999.000,9999.000,9999.000,9999.000
202604260442,   0.931,9999.000,9999.000,9999.000,9999.000,9999.000,9999.000,9999.000,9999.000
202604260448,   0.958,9999.000,9999.000,9999.000,9999.000,9999.000,9999.000,9999.000,9999.000
202604260454,   0.984,9999.000,9999.000,9999.000,9999.000,9999.000,9999.000,9999.000,9999.000
202604260500,   1.009,9999.000,   1.200,   0.083,   2.292,   0.900,   1.992,   1.500,   2.592
202604260506,   1.035,9999.000,9999.000,9999.000,9999.000,9999.000,9999.000,9999.000,9999.000
202604260512,   1.060,9999.000,9999.000,9999.000,9999.000,9999.000,9999.000,9999.000,9999.000
202604260518,   1.084,9999.000,9999.000,9999.000,9999.000,9999.000,9999.000,9999.000,9999.000
202604260524,   1.107,9999.000,9999.000,9999.000,9999.000,9999.000,9999.000,9999.000,9999.000
202604260530,   1.130,9999.000,9999.000,9999.000,9999.000,9999.000,9999.000,9999.000,9999.000
202604260536,   1.152,9999.000,9999.000,9999.000,9999.000,9999.000,9999.000,9999.000,9999.000
202604260542,   1.173,9999.000,9999.000,9999.000,9999.000,9999.000,9999.000,9999.000,9999.000
202604260548,   1.193,9999.000,9999.000,9999.000,9999.000,9999.000,9999.000,9999.000,9999.000
202604260554,   1.211,9999.000,9999.000,9999.000,9999.000,9999.000,9999.000,9999.000,9999.000
202604260600,   1.229,9999.000,   1.100,   0.083,   2.412,   0.800,   2.112,   1.500,   2.812
202604260606,   1.245,9999.000,9999.000,9999.000,9999.000,9999.000,9999.000,9999.000,9999.000
202604260612,   1.260,9999.000,9999.000,9999.000,9999.000,9999.000,9999.000,9999.000,9999.000
202604260618,   1.273,9999.000,9999.000,9999.000,9999.000,9999.000,9999.000,9999.000,9999.000
202604260624,   1.285,9999.000,9999.000,9999.000,9999.000,9999.000,9999.000,9999.000,9999.000
202604260630,   1.295,9999.000,9999.000,9999.000,9999.000,9999.000,9999.000,9999.000,9999.000
202604260636,   1.304,9999.000,9999.000,9999.000,9999.000,9999.000,9999.000,9999.000,9999.000
202604260642,   1.312,9999.000,9999.000,9999.000,9999.000,9999.000,9999.000,9999.000,9999.000
202604260648,   1.318,9999.000,9999.000,9999.000,9999.000,9999.000,9999.000,9999.000,9999.000
202604260654,   1.322,9999.000,9999.000,9999.000,9999.000,9999.000,9999.000,9999.000,9999.000
202604260700,   1.325,9999.000,   1.100,   0.083,   2.508,   0.800,   2.208,   1.500,   2.908
202604260706,   1.326,9999.000,9999.000,9999.000,9999.000,9999.000,9999.000,9999.000,9999.000
202604260712,   1.326,9999.000,9999.000,9999.000,9999.000,9999.000,9999.000,9999.000,9999.000
202604260718,   1.325,9999.000,9999.000,9999.000,9999.000,9999.000,9999.000,9999.000,9999.000
202604260724,   1.322,9999.000,9999.000,9999.000,9999.000,9999.000,9999.000,9999.000,9999.000
202604260730,   1.318,9999.000,9999.000,9999.000,9999.000,9999.000,9999.000,9999.000,9999.000
202604260736,   1.312,9999.000,9999.000,9999.000,9999.000,9999.000,9999.000,9999.000,9999.000
202604260742,   1.305,9999.000,9999.000,9999.000,9999.000,9999.000,9999.000,9999.000,9999.000
202604260748,   1.297,9999.000,9999.000,9999.000,9999.000,9999.000,9999.000,9999.000,9999.000
202604260754,   1.288,9999.000,9999.000,9999.000,9999.000,9999.000,9999.000,9999.000,9999.000
202604260800,   1.278,9999.000,   1.100,   0.083,   2.461,   0.800,   2.161,   1.500,   2.861
202604260806,   1.267,9999.000,9999.000,9999.000,9999.000,9999.000,9999.000,9999.000,9999.000
202604260812,   1.255,9999.000,9999.000,9999.000,9999.000,9999.000,9999.000,9999.000,9999.000
202604260818,   1.242,9999.000,9999.000,9999.000,9999.000,9999.000,9999.000,9999.000,9999.000
202604260824,   1.227,9999.000,9999.000,9999.000,9999.000,9999.000,9999.000,9999.000,9999.000
202604260830,   1.213,9999.000,9999.000,9999.000,9999.000,9999.000,9999.000,9999.000,9999.000
202604260836,   1.197,9999.000,9999.000,9999.000,9999.000,9999.000,9999.000,9999.000,9999.000
202604260842,   1.180,9999.000,9999.000,9999.000,9999.000,9999.000,9999.000,9999.000,9999.000
202604260848,   1.163,9999.000,9999.000,9999.000,9999.000,9999.000,9999.000,9999.000,9999.000
202604260854,   1.145,9999.000,9999.000,9999.000,9999.000,9999.000,9999.000,9999.000,9999.000
202604260900,   1.127,9999.000,   1.100,   0.083,   2.310,   0.800,   2.010,   1.500,   2.710
202604260906,   1.108,9999.000,9999.000,9999.000,9999.000,9999.000,9999.000,9999.000,9999.000
202604260912,   1.089,9999.000,9999.000,9999.000,9999.000,9999.000,9999.000,9999.000,9999.000
202604260918,   1.069,9999.000,9999.000,9999.000,9999.000,9999.000,9999.000,9999.000,9999.000
202604260924,   1.048,9999.000,9999.000,9999.000,9999.000,9999.000,9999.000,9999.000,9999.000
202604260930,   1.028,9999.000,9999.000,9999.000,9999.000,9999.000,9999.000,9999.000,9999.000
202604260936,   1.007,9999.000,9999.000,9999.000,9999.000,9999.000,9999.000,9999.000,9999.000
202604260942,   0.986,9999.000,9999.000,9999.000,9999.000,9999.000,9999.000,9999.000,9999.000
202604260948,   0.965,9999.000,9999.000,9999.000,9999.000,9999.000,9999.000,9999.000,9999.000
202604260954,   0.944,9999.000,9999.000,9999.000,9999.000,9999.000,9999.000,9999.000,9999.000
202604261000,   0.923,9999.000,   1.100,   0.083,   2.106,   0.700,   1.706,   1.500,   2.506
202604261006,   0.901,9999.000,9999.000,9999.000,9999.000,9999.000,9999.000,9999.000,9999.000
202604261012,   0.880,9999.000,9999.000,9999.000,9999.000,9999.000,9999.000,9999.000,9999.000
202604261018,   0.859,9999.000,9999.000,9999.000,9999.000,9999.000,9999.000,9999.000,9999.000
202604261024,   0.838,9999.000,9999.000,9999.000,9999.000,9999.000,9999.000,9999.000,9999.000
202604261030,   0.817,9999.000,9999.000,9999.000,9999.000,9999.000,9999.000,9999.000,9999.000
202604261036,   0.796,9999.000,9999.000,9999.000,9999.000,9999.000,9999.000,9999.000,9999.000
202604261042,   0.776,9999.000,9999.000,9999.000,9999.000,9999.000,9999.000,9999.000,9999.000
202604261048,   0.756,9999.000,9999.000,9999.000,9999.000,9999.000,9999.000,9999.000,9999.000
202604261054,   0.735,9999.000,9999.000,9999.000,9999.000,9999.000,9999.000,9999.000,9999.000
202604261100,   0.715,9999.000,   1.100,   0.083,   1.898,   0.700,   1.498,   1.500,   2.298
202604261106,   0.696,9999.000,9999.000,9999.000,9999.000,9999.000,9999.000,9999.000,9999.000
202604261112,   0.676,9999.000,9999.000,9999.000,9999.000,9999.000,9999.000,9999.000,9999.000
202604261118,   0.657,9999.000,9999.000,9999.000,9999.000,9999.000,9999.000,9999.000,9999.000
202604261124,   0.638,9999.000,9999.000,9999.000,9999.000,9999.000,9999.000,9999.000,9999.000
202604261130,   0.619,9999.000,9999.000,9999.000,9999.000,9999.000,9999.000,9999.000,9999.000
202604261136,   0.600,9999.000,9999.000,9999.000,9999.000,9999.000,9999.000,9999.000,9999.000
202604261142,   0.581,9999.000,9999.000,9999.000,9999.000,9999.000,9999.000,9999.000,9999.000
202604261148,   0.563,9999.000,9999.000,9999.000,9999.000,9999.000,9999.000,9999.000,9999.000
202604261154,   0.545,9999.000,9999.000,9999.000,9999.000,9999.000,9999.000,9999.000,9999.000
202604261200,   0.527,9999.000,   1.000,   0.083,   1.610,   0.700,   1.310,   1.500,   2.110
202604261206,   0.510,9999.000,9999.000,9999.000,9999.000,9999.000,9999.000,9999.000,9999.000
202604261212,   0.493,9999.000,9999.000,9999.000,9999.000,9999.000,9999.000,9999.000,9999.000
202604261218,   0.476,9999.000,9999.000,9999.000,9999.000,9999.000,9999.000,9999.000,9999.000
202604261224,   0.460,9999.000,9999.000,9999.000,9999.000,9999.000,9999.000,9999.000,9999.000
202604261230,   0.444,9999.000,9999.000,9999.000,9999.000,9999.000,9999.000,9999.000,9999.000
202604261236,   0.428,9999.000,9999.000,9999.000,9999.000,9999.000,9999.000,9999.000,9999.000
202604261242,   0.414,9999.000,9999.000,9999.000,9999.000,9999.000,9999.000,9999.000,9999.000
202604261248,   0.400,9999.000,9999.000,9999.000,9999.000,9999.000,9999.000,9999.000,9999.000
202604261254,   0.387,9999.000,9999.000,9999.000,9999.000,9999.000,9999.000,9999.000,9999.000
202604261300,   0.374,9999.000,   1.000,   0.083,   1.457,   0.700,   1.157,   1.500,   1.957
202604261306,   0.363,9999.000,9999.000,9999.000,9999.000,9999.000,9999.000,9999.000,9999.000
202604261312,   0.353,9999.000,9999.000,9999.000,9999.000,9999.000,9999.000,9999.000,9999.000
202604261318,   0.343,9999.000,9999.000,9999.000,9999.000,9999.000,9999.000,9999.000,9999.000
202604261324,   0.335,9999.000,9999.000,9999.000,9999.000,9999.000,9999.000,9999.000,9999.000
202604261330,   0.329,9999.000,9999.000,9999.000,9999.000,9999.000,9999.000,9999.000,9999.000
202604261336,   0.323,9999.000,9999.000,9999.000,9999.000,9999.000,9999.000,9999.000,9999.000
202604261342,   0.319,9999.000,9999.000,9999.000,9999.000,9999.000,9999.000,9999.000,9999.000
202604261348,   0.317,9999.000,9999.000,9999.000,9999.000,9999.000,9999.000,9999.000,9999.000
202604261354,   0.315,9999.000,9999.000,9999.000,9999.000,9999.000,9999.000,9999.000,9999.000
202604261400,   0.316,9999.000,   1.000,   0.083,   1.399,   0.700,   1.099,   1.500,   1.899
202604261406,   0.318,9999.000,9999.000,9999.000,9999.000,9999.000,9999.000,9999.000,9999.000
202604261412,   0.321,9999.000,9999.000,9999.000,9999.000,9999.000,9999.000,9999.000,9999.000
202604261418,   0.326,9999.000,9999.000,9999.000,9999.000,9999.000,9999.000,9999.000,9999.000
202604261424,   0.332,9999.000,9999.000,9999.000,9999.000,9999.000,9999.000,9999.000,9999.000
202604261430,   0.340,9999.000,9999.000,9999.000,9999.000,9999.000,9999.000,9999.000,9999.000
202604261436,   0.349,9999.000,9999.000,9999.000,9999.000,9999.000,9999.000,9999.000,9999.000
202604261442,   0.360,9999.000,9999.000,9999.000,9999.000,9999.000,9999.000,9999.000,9999.000
202604261448,   0.372,9999.000,9999.000,9999.000,9999.000,9999.000,9999.000,9999.000,9999.000
202604261454,   0.385,9999.000,9999.000,9999.000,9999.000,9999.000,9999.000,9999.000,9999.000
202604261500,   0.399,9999.000,   0.900,   0.083,   1.382,   0.700,   1.182,   1.400,   1.882
202604261506,   0.415,9999.000,9999.000,9999.000,9999.000,9999.000,9999.000,9999.000,9999.000
202604261512,   0.431,9999.000,9999.000,9999.000,9999.000,9999.000,9999.000,9999.000,9999.000
202604261518,   0.449,9999.000,9999.000,9999.000,9999.000,9999.000,9999.000,9999.000,9999.000
202604261524,   0.467,9999.000,9999.000,9999.000,9999.000,9999.000,9999.000,9999.000,9999.000
202604261530,   0.487,9999.000,9999.000,9999.000,9999.000,9999.000,9999.000,9999.000,9999.000
202604261536,   0.507,9999.000,9999.000,9999.000,9999.000,9999.000,9999.000,9999.000,9999.000
202604261542,   0.528,9999.000,9999.000,9999.000,9999.000,9999.000,9999.000,9999.000,9999.000
202604261548,   0.549,9999.000,9999.000,9999.000,9999.000,9999.000,9999.000,9999.000,9999.000
202604261554,   0.572,9999.000,9999.000,9999.000,9999.000,9999.000,9999.000,9999.000,9999.000
202604261600,   0.594,9999.000,   0.900,   0.083,   1.577,   0.600,   1.277,   1.300,   1.977
202604261606,   0.618,9999.000,9999.000,9999.000,9999.000,9999.000,9999.000,9999.000,9999.000
202604261612,   0.642,9999.000,9999.000,9999.000,9999.000,9999.000,9999.000,9999.000,9999.000
202604261618,   0.666,9999.000,9999.000,9999.000,9999.000,9999.000,9999.000,9999.000,9999.000
202604261624,   0.690,9999.000,9999.000,9999.000,9999.000,9999.000,9999.000,9999.000,9999.000
202604261630,   0.715,9999.000,9999.000,9999.000,9999.000,9999.000,9999.000,9999.000,9999.000
202604261636,   0.740,9999.000,9999.000,9999.000,9999.000,9999.000,9999.000,9999.000,9999.000
202604261642,   0.766,9999.000,9999.000,9999.000,9999.000,9999.000,9999.000,9999.000,9999.000
202604261648,   0.791,9999.000,9999.000,9999.000,9999.000,9999.000,9999.000,9999.000,9999.000
202604261654,   0.817,9999.000,9999.000,9999.000,9999.000,9999.000,9999.000,9999.000,9999.000
202604261700,   0.843,9999.000,   0.800,   0.083,   1.726,   0.600,   1.526,   1.200,   2.126
202604261706,   0.868,9999.000,9999.000,9999.000,9999.000,9999.000,9999.000,9999.000,9999.000
202604261712,   0.894,9999.000,9999.000,9999.000,9999.000,9999.000,9999.000,9999.000,9999.000
202604261718,   0.919,9999.000,9999.000,9999.000,9999.000,9999.000,9999.000,9999.000,9999.000
202604261724,   0.944,9999.000,9999.000,9999.000,9999.000,9999.000,9999.000,9999.000,9999.000
202604261730,   0.969,9999.000,9999.000,9999.000,9999.000,9999.000,9999.000,9999.000,9999.000
202604261736,   0.994,9999.000,9999.000,9999.000,9999.000,9999.000,9999.000,9999.000,9999.000
202604261742,   1.017,9999.000,9999.000,9999.000,9999.000,9999.000,9999.000,9999.000,9999.000
202604261748,   1.041,9999.000,9999.000,9999.000,9999.000,9999.000,9999.000,9999.000,9999.000
202604261754,   1.064,9999.000,9999.000,9999.000,9999.000,9999.000,9999.000,9999.000,9999.000
202604261800,   1.086,9999.000,   0.800,   0.083,   1.969,   0.600,   1.769,   1.100,   2.269
202604261806,   1.107,9999.000,9999.000,9999.000,9999.000,9999.000,9999.000,9999.000,9999.000
202604261812,   1.127,9999.000,9999.000,9999.000,9999.000,9999.000,9999.000,9999.000,9999.000
202604261818,   1.146,9999.000,9999.000,9999.000,9999.000,9999.000,9999.000,9999.000,9999.000
202604261824,   1.165,9999.000,9999.000,9999.000,9999.000,9999.000,9999.000,9999.000,9999.000
202604261830,   1.182,9999.000,9999.000,9999.000,9999.000,9999.000,9999.000,9999.000,9999.000
202604261836,   1.198,9999.000,9999.000,9999.000,9999.000,9999.000,9999.000,9999.000,9999.000
202604261842,   1.213,9999.000,9999.000,9999.000,9999.000,9999.000,9999.000,9999.000,9999.000
202604261848,   1.227,9999.000,9999.000,9999.000,9999.000,9999.000,9999.000,9999.000,9999.000
202604261854,   1.239,9999.000,9999.000,9999.000,9999.000,9999.000,9999.000,9999.000,9999.000
202604261900,   1.250,9999.000,   0.800,   0.083,   2.133,   0.600,   1.933,   1.000,   2.333
202604261906,   1.260,9999.000,9999.000,9999.000,9999.000,9999.000,9999.000,9999.000,9999.000
202604261912,   1.269,9999.000,9999.000,9999.000,9999.000,9999.000,9999.000,9999.000,9999.000
202604261918,   1.276,9999.000,9999.000,9999.000,9999.000,9999.000,9999.000,9999.000,9999.000
202604261924,   1.282,9999.000,9999.000,9999.000,9999.000,9999.000,9999.000,9999.000,9999.000
202604261930,   1.287,9999.000,9999.000,9999.000,9999.000,9999.000,9999.000,9999.000,9999.000
202604261936,   1.291,9999.000,9999.000,9999.000,9999.000,9999.000,9999.000,9999.000,9999.000
202604261942,   1.293,9999.000,9999.000,9999.000,9999.000,9999.000,9999.000,9999.000,9999.000
202604261948,   1.294,9999.000,9999.000,9999.000,9999.000,9999.000,9999.000,9999.000,9999.000
202604261954,   1.294,9999.000,9999.000,9999.000,9999.000,9999.000,9999.000,9999.000,9999.000
202604262000,   1.293,9999.000,   0.700,   0.083,   2.076,   0.600,   1.976,   1.000,   2.376
202604262006,   1.290,9999.000,9999.000,9999.000,9999.000,9999.000,9999.000,9999.000,9999.000
202604262012,   1.287,9999.000,9999.000,9999.000,9999.000,9999.000,9999.000,9999.000,9999.000
202604262018,   1.282,9999.000,9999.000,9999.000,9999.000,9999.000,9999.000,9999.000,9999.000
202604262024,   1.276,9999.000,9999.000,9999.000,9999.000,9999.000,9999.000,9999.000,9999.000
202604262030,   1.269,9999.000,9999.000,9999.000,9999.000,9999.000,9999.000,9999.000,9999.000
202604262036,   1.262,9999.000,9999.000,9999.000,9999.000,9999.000,9999.000,9999.000,9999.000
202604262042,   1.253,9999.000,9999.000,9999.000,9999.000,9999.000,9999.000,9999.000,9999.000
202604262048,   1.244,9999.000,9999.000,9999.000,9999.000,9999.000,9999.000,9999.000,9999.000
202604262054,   1.233,9999.000,9999.000,9999.000,9999.000,9999.000,9999.000,9999.000,9999.000
202604262100,   1.222,9999.000,   0.700,   0.083,   2.005,   0.500,   1.805,   0.900,   2.205
202604262106,   1.210,9999.000,9999.000,9999.000,9999.000,9999.000,9999.000,9999.000,9999.000
202604262112,   1.197,9999.000,9999.000,9999.000,9999.000,9999.000,9999.000,9999.000,9999.000
202604262118,   1.184,9999.000,9999.000,9999.000,9999.000,9999.000,9999.000,9999.000,9999.000
202604262124,   1.169,9999.000,9999.000,9999.000,9999.000,9999.000,9999.000,9999.000,9999.000
202604262130,   1.155,9999.000,9999.000,9999.000,9999.000,9999.000,9999.000,9999.000,9999.000
202604262136,   1.139,9999.000,9999.000,9999.000,9999.000,9999.000,9999.000,9999.000,9999.000
202604262142,   1.123,9999.000,9999.000,9999.000,9999.000,9999.000,9999.000,9999.000,9999.000
202604262148,   1.107,9999.000,9999.000,9999.000,9999.000,9999.000,9999.000,9999.000,9999.000
202604262154,   1.090,9999.000,9999.000,9999.000,9999.000,9999.000,9999.000,9999.000,9999.000
202604262200,   1.073,9999.000,   0.700,   0.083,   1.856,   0.500,   1.656,   0.800,   1.956
202604262206,   1.056,9999.000,9999.000,9999.000,9999.000,9999.000,9999.000,9999.000,9999.000
202604262212,   1.038,9999.000,9999.000,9999.000,9999.000,9999.000,9999.000,9999.000,9999.000
202604262218,   1.020,9999.000,9999.000,9999.000,9999.000,9999.000,9999.000,9999.000,9999.000
202604262224,   1.001,9999.000,9999.000,9999.000,9999.000,9999.000,9999.000,9999.000,9999.000
202604262230,   0.983,9999.000,9999.000,9999.000,9999.000,9999.000,9999.000,9999.000,9999.000
202604262236,   0.964,9999.000,9999.000,9999.000,9999.000,9999.000,9999.000,9999.000,9999.000
202604262242,   0.946,9999.000,9999.000,9999.000,9999.000,9999.000,9999.000,9999.000,9999.000
202604262248,   0.927,9999.000,9999.000,9999.000,9999.000,9999.000,9999.000,9999.000,9999.000
202604262254,   0.908,9999.000,9999.000,9999.000,9999.000,9999.000,9999.000,9999.000,9999.000
202604262300,   0.889,9999.000,   0.700,   0.083,   1.672,   0.400,   1.372,   0.900,   1.872
202604262306,   0.871,9999.000,9999.000,9999.000,9999.000,9999.000,9999.000,9999.000,9999.000
202604262312,   0.852,9999.000,9999.000,9999.000,9999.000,9999.000,9999.000,9999.000,9999.000
202604262318,   0.833,9999.000,9999.000,9999.000,9999.000,9999.000,9999.000,9999.000,9999.000
202604262324,   0.814,9999.000,9999.000,9999.000,9999.000,9999.000,9999.000,9999.000,9999.000
202604262330,   0.795,9999.000,9999.000,9999.000,9999.000,9999.000,9999.000,9999.000,9999.000
202604262336,   0.776,9999.000,9999.000,9999.000,9999.000,9999.000,9999.000,9999.000,9999.000
202604262342,   0.757,9999.000,9999.000,9999.000,9999.000,9999.000,9999.000,9999.000,9999.000
202604262348,   0.738,9999.000,9999.000,9999.000,9999.000,9999.000,9999.000,9999.000,9999.000
202604262354,   0.719,9999.000,9999.000,9999.000,9999.000,9999.000,9999.000,9999.000,9999.000
202604270000,   0.700,9999.000,   0.600,   0.083,   1.383,   0.300,   1.083,   0.900,   1.683
202604270006,   0.681,9999.000,9999.000,9999.000,9999.000,9999.000,9999.000,9999.000,9999.000
202604270012,   0.661,9999.000,9999.000,9999.000,9999.000,9999.000,9999.000,9999.000,9999.000
202604270018,   0.642,9999.000,9999.000,9999.000,9999.000,9999.000,9999.000,9999.000,9999.000
202604270024,   0.623,9999.000,9999.000,9999.000,9999.000,9999.000,9999.000,9999.000,9999.000
202604270030,   0.604,9999.000,9999.000,9999.000,9999.000,9999.000,9999.000,9999.000,9999.000
202604270036,   0.585,9999.000,9999.000,9999.000,9999.000,9999.000,9999.000,9999.000,9999.000
202604270042,   0.566,9999.000,9999.000,9999.000,9999.000,9999.000,9999.000,9999.000,9999.000
202604270048,   0.548,9999.000,9999.000,9999.000,9999.000,9999.000,9999.000,9999.000,9999.000
202604270054,   0.529,9999.000,9999.000,9999.000,9999.000,9999.000,9999.000,9999.000,9999.000
202604270100,   0.512,9999.000,   0.600,   0.083,   1.195,   0.300,   0.895,   0.900,   1.495
202604270106,   0.494,9999.000,9999.000,9999.000,9999.000,9999.000,9999.000,9999.000,9999.000
202604270112,   0.478,9999.000,9999.000,9999.000,9999.000,9999.000,9999.000,9999.000,9999.000
202604270118,   0.462,9999.000,9999.000,9999.000,9999.000,9999.000,9999.000,9999.000,9999.000
202604270124,   0.446,9999.000,9999.000,9999.000,9999.000,9999.000,9999.000,9999.000,9999.000
202604270130,   0.432,9999.000,9999.000,9999.000,9999.000,9999.000,9999.000,9999.000,9999.000
202604270136,   0.419,9999.000,9999.000,9999.000,9999.000,9999.000,9999.000,9999.000,9999.000
202604270142,   0.407,9999.000,9999.000,9999.000,9999.000,9999.000,9999.000,9999.000,9999.000
202604270148,   0.396,9999.000,9999.000,9999.000,9999.000,9999.000,9999.000,9999.000,9999.000
202604270154,   0.386,9999.000,9999.000,9999.000,9999.000,9999.000,9999.000,9999.000,9999.000
202604270200,   0.378,9999.000,   0.600,   0.083,   1.061,   0.200,   0.661,   1.000,   1.461
202604270206,   0.371,9999.000,9999.000,9999.000,9999.000,9999.000,9999.000,9999.000,9999.000
202604270212,   0.366,9999.000,9999.000,9999.000,9999.000,9999.000,9999.000,9999.000,9999.000
202604270218,   0.363,9999.000,9999.000,9999.000,9999.000,9999.000,9999.000,9999.000,9999.000
202604270224,   0.361,9999.000,9999.000,9999.000,9999.000,9999.000,9999.000,9999.000,9999.000
202604270230,   0.361,9999.000,9999.000,9999.000,9999.000,9999.000,9999.000,9999.000,9999.000
202604270236,   0.363,9999.000,9999.000,9999.000,9999.000,9999.000,9999.000,9999.000,9999.000
202604270242,   0.366,9999.000,9999.000,9999.000,9999.000,9999.000,9999.000,9999.000,9999.000
202604270248,   0.371,9999.000,9999.000,9999.000,9999.000,9999.000,9999.000,9999.000,9999.000
202604270254,   0.378,9999.000,9999.000,9999.000,9999.000,9999.000,9999.000,9999.000,9999.000
202604270300,   0.387,9999.000,   0.600,   0.083,   1.070,   0.100,   0.570,   1.000,   1.470
202604270306,   0.397,9999.000,9999.000,9999.000,9999.000,9999.000,9999.000,9999.000,9999.000
202604270312,   0.409,9999.000,9999.000,9999.000,9999.000,9999.000,9999.000,9999.000,9999.000
202604270318,   0.422,9999.000,9999.000,9999.000,9999.000,9999.000,9999.000,9999.000,9999.000
202604270324,   0.437,9999.000,9999.000,9999.000,9999.000,9999.000,9999.000,9999.000,9999.000
202604270330,   0.454,9999.000,9999.000,9999.000,9999.000,9999.000,9999.000,9999.000,9999.000
202604270336,   0.471,9999.000,9999.000,9999.000,9999.000,9999.000,9999.000,9999.000,9999.000
202604270342,   0.490,9999.000,9999.000,9999.000,9999.000,9999.000,9999.000,9999.000,9999.000
202604270348,   0.511,9999.000,9999.000,9999.000,9999.000,9999.000,9999.000,9999.000,9999.000
202604270354,   0.532,9999.000,9999.000,9999.000,9999.000,9999.000,9999.000,9999.000,9999.000
202604270400,   0.554,9999.000,   0.600,   0.083,   1.237,   0.100,   0.737,   1.000,   1.637
202604270406,   0.578,9999.000,9999.000,9999.000,9999.000,9999.000,9999.000,9999.000,9999.000
202604270412,   0.602,9999.000,9999.000,9999.000,9999.000,9999.000,9999.000,9999.000,9999.000
202604270418,   0.627,9999.000,9999.000,9999.000,9999.000,9999.000,9999.000,9999.000,9999.000
202604270424,   0.653,9999.000,9999.000,9999.000,9999.000,9999.000,9999.000,9999.000,9999.000
202604270430,   0.679,9999.000,9999.000,9999.000,9999.000,9999.000,9999.000,9999.000,9999.000
202604270436,   0.706,9999.000,9999.000,9999.000,9999.000,9999.000,9999.000,9999.000,9999.000
202604270442,   0.734,9999.000,9999.000,9999.000,9999.000,9999.000,9999.000,9999.000,9999.000
202604270448,   0.762,9999.000,9999.000,9999.000,9999.000,9999.000,9999.000,9999.000,9999.000
202604270454,   0.791,9999.000,9999.000,9999.000,9999.000,9999.000,9999.000,9999.000,9999.000
202604270500,   0.820,9999.000,   0.600,   0.083,   1.503,   0.000,   0.903,   1.000,   1.903
202604270506,   0.849,9999.000,9999.000,9999.000,9999.000,9999.000,9999.000,9999.000,9999.000
202604270512,   0.878,9999.000,9999.000,9999.000,9999.000,9999.000,9999.000,9999.000,9999.000
202604270518,   0.908,9999.000,9999.000,9999.000,9999.000,9999.000,9999.000,9999.000,9999.000
202604270524,   0.938,9999.000,9999.000,9999.000,9999.000,9999.000,9999.000,9999.000,9999.000
202604270530,   0.967,9999.000,9999.000,9999.000,9999.000,9999.000,9999.000,9999.000,9999.000
202604270536,   0.997,9999.000,9999.000,9999.000,9999.000,9999.000,9999.000,9999.000,9999.000
202604270542,   1.026,9999.000,9999.000,9999.000,9999.000,9999.000,9999.000,9999.000,9999.000
202604270548,   1.055,9999.000,9999.000,9999.000,9999.000,9999.000,9999.000,9999.000,9999.000
202604270554,   1.084,9999.000,9999.000,9999.000,9999.000,9999.000,9999.000,9999.000,9999.000
202604270600,   1.113,9999.000,   0.600,   0.083,   1.796,   0.000,   1.196,   1.000,   2.196
202604270606,   1.140,9999.000,9999.000,9999.000,9999.000,9999.000,9999.000,9999.000,9999.000
202604270612,   1.168,9999.000,9999.000,9999.000,9999.000,9999.000,9999.000,9999.000,9999.000
202604270618,   1.194,9999.000,9999.000,9999.000,9999.000,9999.000,9999.000,9999.000,9999.000
202604270624,   1.220,9999.000,9999.000,9999.000,9999.000,9999.000,9999.000,9999.000,9999.000
202604270630,   1.245,9999.000,9999.000,9999.000,9999.000,9999.000,9999.000,9999.000,9999.000
202604270636,   1.268,9999.000,9999.000,9999.000,9999.000,9999.000,9999.000,9999.000,9999.000
202604270642,   1.291,9999.000,9999.000,9999.000,9999.000,9999.000,9999.000,9999.000,9999.000
202604270648,   1.313,9999.000,9999.000,9999.000,9999.000,9999.000,9999.000,9999.000,9999.000
202604270654,   1.333,9999.000,9999.000,9999.000,9999.000,9999.000,9999.000,9999.000,9999.000
202604270700,   1.352,9999.000,   0.600,   0.083,   2.035,   0.000,   1.435,   1.100,   2.535
202604270706,   1.369,9999.000,9999.000,9999.000,9999.000,9999.000,9999.000,9999.000,9999.000
202604270712,   1.385,9999.000,9999.000,9999.000,9999.000,9999.000,9999.000,9999.000,9999.000
202604270718,   1.400,9999.000,9999.000,9999.000,9999.000,9999.000,9999.000,9999.000,9999.000
202604270724,   1.413,9999.000,9999.000,9999.000,9999.000,9999.000,9999.000,9999.000,9999.000
202604270730,   1.425,9999.000,9999.000,9999.000,9999.000,9999.000,9999.000,9999.000,9999.000
202604270736,   1.435,9999.000,9999.000,9999.000,9999.000,9999.000,9999.000,9999.000,9999.000
202604270742,   1.443,9999.000,9999.000,9999.000,9999.000,9999.000,9999.000,9999.000,9999.000
202604270748,   1.450,9999.000,9999.000,9999.000,9999.000,9999.000,9999.000,9999.000,9999.000
202604270754,   1.455,9999.000,9999.000,9999.000,9999.000,9999.000,9999.000,9999.000,9999.000
202604270800,   1.459,9999.000,   0.600,   0.083,   2.142,   0.000,   1.542,   1.100,   2.642
202604270806,   1.461,9999.000,9999.000,9999.000,9999.000,9999.000,9999.000,9999.000,9999.000
202604270812,   1.462,9999.000,9999.000,9999.000,9999.000,9999.000,9999.000,9999.000,9999.000
202604270818,   1.461,9999.000,9999.000,9999.000,9999.000,9999.000,9999.000,9999.000,9999.000
202604270824,   1.459,9999.000,9999.000,9999.000,9999.000,9999.000,9999.000,9999.000,9999.000
202604270830,   1.455,9999.000,9999.000,9999.000,9999.000,9999.000,9999.000,9999.000,9999.000
202604270836,   1.449,9999.000,9999.000,9999.000,9999.000,9999.000,9999.000,9999.000,9999.000
202604270842,   1.443,9999.000,9999.000,9999.000,9999.000,9999.000,9999.000,9999.000,9999.000
202604270848,   1.435,9999.000,9999.000,9999.000,9999.000,9999.000,9999.000,9999.000,9999.000
202604270854,   1.425,9999.000,9999.000,9999.000,9999.000,9999.000,9999.000,9999.000,9999.000
202604270900,   1.415,9999.000,   0.600,   0.083,   2.098,   0.000,   1.498,   1.100,   2.598
202604270906,   1.403,9999.000,9999.000,9999.000,9999.000,9999.000,9999.000,9999.000,9999.000
202604270912,   1.390,9999.000,9999.000,9999.000,9999.000,9999.000,9999.000,9999.000,9999.000
202604270918,   1.376,9999.000,9999.000,9999.000,9999.000,9999.000,9999.000,9999.000,9999.000
202604270924,   1.361,9999.000,9999.000,9999.000,9999.000,9999.000,9999.000,9999.000,9999.000
202604270930,   1.345,9999.000,9999.000,9999.000,9999.000,9999.000,9999.000,9999.000,9999.000
202604270936,   1.328,9999.000,9999.000,9999.000,9999.000,9999.000,9999.000,9999.000,9999.000
202604270942,   1.310,9999.000,9999.000,9999.000,9999.000,9999.000,9999.000,9999.000,9999.000
202604270948,   1.291,9999.000,9999.000,9999.000,9999.000,9999.000,9999.000,9999.000,9999.000
202604270954,   1.272,9999.000,9999.000,9999.000,9999.000,9999.000,9999.000,9999.000,9999.000
202604271000,   1.252,9999.000,   0.600,   0.083,   1.935,  -0.100,   1.235,   1.100,   2.435
202604271006,   1.231,9999.000,9999.000,9999.000,9999.000,9999.000,9999.000,9999.000,9999.000
202604271012,   1.210,9999.000,9999.000,9999.000,9999.000,9999.000,9999.000,9999.000,9999.000
202604271018,   1.189,9999.000,9999.000,9999.000,9999.000,9999.000,9999.000,9999.000,9999.000
202604271024,   1.167,9999.000,9999.000,9999.000,9999.000,9999.000,9999.000,9999.000,9999.000
202604271030,   1.145,9999.000,9999.000,9999.000,9999.000,9999.000,9999.000,9999.000,9999.000
202604271036,   1.123,9999.000,9999.000,9999.000,9999.000,9999.000,9999.000,9999.000,9999.000
202604271042,   1.100,9999.000,9999.000,9999.000,9999.000,9999.000,9999.000,9999.000,9999.000
202604271048,   1.077,9999.000,9999.000,9999.000,9999.000,9999.000,9999.000,9999.000,9999.000
202604271054,   1.055,9999.000,9999.000,9999.000,9999.000,9999.000,9999.000,9999.000,9999.000
202604271100,   1.032,9999.000,   0.600,   0.083,   1.715,  -0.100,   1.015,   1.100,   2.215
202604271106,   1.009,9999.000,9999.000,9999.000,9999.000,9999.000,9999.000,9999.000,9999.000
202604271112,   0.986,9999.000,9999.000,9999.000,9999.000,9999.000,9999.000,9999.000,9999.000
202604271118,   0.964,9999.000,9999.000,9999.000,9999.000,9999.000,9999.000,9999.000,9999.000
202604271124,   0.941,9999.000,9999.000,9999.000,9999.000,9999.000,9999.000,9999.000,9999.000
202604271130,   0.919,9999.000,9999.000,9999.000,9999.000,9999.000,9999.000,9999.000,9999.000
202604271136,   0.896,9999.000,9999.000,9999.000,9999.000,9999.000,9999.000,9999.000,9999.000
202604271142,   0.874,9999.000,9999.000,9999.000,9999.000,9999.000,9999.000,9999.000,9999.000
202604271148,   0.852,9999.000,9999.000,9999.000,9999.000,9999.000,9999.000,9999.000,9999.000
202604271154,   0.829,9999.000,9999.000,9999.000,9999.000,9999.000,9999.000,9999.000,9999.000
202604271200,   0.807,9999.000,   0.700,   0.083,   1.590,  -0.100,   0.790,   1.200,   2.090
202604271206,   0.785,9999.000,9999.000,9999.000,9999.000,9999.000,9999.000,9999.000,9999.000
202604271212,   0.763,9999.000,9999.000,9999.000,9999.000,9999.000,9999.000,9999.000,9999.000
202604271218,   0.741,9999.000,9999.000,9999.000,9999.000,9999.000,9999.000,9999.000,9999.000
202604271224,   0.720,9999.000,9999.000,9999.000,9999.000,9999.000,9999.000,9999.000,9999.000
202604271230,   0.698,9999.000,9999.000,9999.000,9999.000,9999.000,9999.000,9999.000,9999.000
202604271236,   0.676,9999.000,9999.000,9999.000,9999.000,9999.000,9999.000,9999.000,9999.000
202604271242,   0.654,9999.000,9999.000,9999.000,9999.000,9999.000,9999.000,9999.000,9999.000
202604271248,   0.632,9999.000,9999.000,9999.000,9999.000,9999.000,9999.000,9999.000,9999.000
202604271254,   0.611,9999.000,9999.000,9999.000,9999.000,9999.000,9999.000,9999.000,9999.000
202604271300,   0.589,9999.000,   0.700,   0.083,   1.372,  -0.100,   0.572,   1.200,   1.872
202604271306,   0.568,9999.000,9999.000,9999.000,9999.000,9999.000,9999.000,9999.000,9999.000
202604271312,   0.547,9999.000,9999.000,9999.000,9999.000,9999.000,9999.000,9999.000,9999.000
202604271318,   0.526,9999.000,9999.000,9999.000,9999.000,9999.000,9999.000,9999.000,9999.000
202604271324,   0.505,9999.000,9999.000,9999.000,9999.000,9999.000,9999.000,9999.000,9999.000
202604271330,   0.485,9999.000,9999.000,9999.000,9999.000,9999.000,9999.000,9999.000,9999.000
202604271336,   0.466,9999.000,9999.000,9999.000,9999.000,9999.000,9999.000,9999.000,9999.000
202604271342,   0.447,9999.000,9999.000,9999.000,9999.000,9999.000,9999.000,9999.000,9999.000
202604271348,   0.430,9999.000,9999.000,9999.000,9999.000,9999.000,9999.000,9999.000,9999.000
202604271354,   0.413,9999.000,9999.000,9999.000,9999.000,9999.000,9999.000,9999.000,9999.000
202604271400,   0.397,9999.000,   0.700,   0.083,   1.180,  -0.100,   0.380,   1.200,   1.680
202604271406,   0.382,9999.000,9999.000,9999.000,9999.000,9999.000,9999.000,9999.000,9999.000
202604271412,   0.368,9999.000,9999.000,9999.000,9999.000,9999.000,9999.000,9999.000,9999.000
202604271418,   0.356,9999.000,9999.000,9999.000,9999.000,9999.000,9999.000,9999.000,9999.000
202604271424,   0.345,9999.000,9999.000,9999.000,9999.000,9999.000,9999.000,9999.000,9999.000
202604271430,   0.335,9999.000,9999.000,9999.000,9999.000,9999.000,9999.000,9999.000,9999.000
202604271436,   0.327,9999.000,9999.000,9999.000,9999.000,9999.000,9999.000,9999.000,9999.000
202604271442,   0.321,9999.000,9999.000,9999.000,9999.000,9999.000,9999.000,9999.000,9999.000
202604271448,   0.316,9999.000,9999.000,9999.000,9999.000,9999.000,9999.000,9999.000,9999.000
202604271454,   0.313,9999.000,9999.000,9999.000,9999.000,9999.000,9999.000,9999.000,9999.000
202604271500,   0.311,9999.000,   0.700,   0.083,   1.094,  -0.100,   0.294,   1.200,   1.594
202604271506,   0.311,9999.000,9999.000,9999.000,9999.000,9999.000,9999.000,9999.000,9999.000
202604271512,   0.313,9999.000,9999.000,9999.000,9999.000,9999.000,9999.000,9999.000,9999.000
202604271518,   0.317,9999.000,9999.000,9999.000,9999.000,9999.000,9999.000,9999.000,9999.000
202604271524,   0.322,9999.000,9999.000,9999.000,9999.000,9999.000,9999.000,9999.000,9999.000
202604271530,   0.328,9999.000,9999.000,9999.000,9999.000,9999.000,9999.000,9999.000,9999.000
202604271536,   0.336,9999.000,9999.000,9999.000,9999.000,9999.000,9999.000,9999.000,9999.000
202604271542,   0.346,9999.000,9999.000,9999.000,9999.000,9999.000,9999.000,9999.000,9999.000
202604271548,   0.357,9999.000,9999.000,9999.000,9999.000,9999.000,9999.000,9999.000,9999.000
202604271554,   0.369,9999.000,9999.000,9999.000,9999.000,9999.000,9999.000,9999.000,9999.000
202604271600,   0.383,9999.000,   0.700,   0.083,   1.166,   0.000,   0.466,   1.200,   1.666
202604271606,   0.397,9999.000,9999.000,9999.000,9999.000,9999.000,9999.000,9999.000,9999.000
202604271612,   0.413,9999.000,9999.000,9999.000,9999.000,9999.000,9999.000,9999.000,9999.000
202604271618,   0.430,9999.000,9999.000,9999.000,9999.000,9999.000,9999.000,9999.000,9999.000
202604271624,   0.448,9999.000,9999.000,9999.000,9999.000,9999.000,9999.000,9999.000,9999.000
202604271630,   0.466,9999.000,9999.000,9999.000,9999.000,9999.000,9999.000,9999.000,9999.000
202604271636,   0.486,9999.000,9999.000,9999.000,9999.000,9999.000,9999.000,9999.000,9999.000
202604271642,   0.506,9999.000,9999.000,9999.000,9999.000,9999.000,9999.000,9999.000,9999.000
202604271648,   0.526,9999.000,9999.000,9999.000,9999.000,9999.000,9999.000,9999.000,9999.000
202604271654,   0.548,9999.000,9999.000,9999.000,9999.000,9999.000,9999.000,9999.000,9999.000
202604271700,   0.570,9999.000,   0.800,   0.083,   1.453,   0.000,   0.653,   1.200,   1.853
202604271706,   0.592,9999.000,9999.000,9999.000,9999.000,9999.000,9999.000,9999.000,9999.000
202604271712,   0.615,9999.000,9999.000,9999.000,9999.000,9999.000,9999.000,9999.000,9999.000
202604271718,   0.638,9999.000,9999.000,9999.000,9999.000,9999.000,9999.000,9999.000,9999.000
202604271724,   0.662,9999.000,9999.000,9999.000,9999.000,9999.000,9999.000,9999.000,9999.000
202604271730,   0.686,9999.000,9999.000,9999.000,9999.000,9999.000,9999.000,9999.000,9999.000
202604271736,   0.710,9999.000,9999.000,9999.000,9999.000,9999.000,9999.000,9999.000,9999.000
202604271742,   0.734,9999.000,9999.000,9999.000,9999.000,9999.000,9999.000,9999.000,9999.000
202604271748,   0.759,9999.000,9999.000,9999.000,9999.000,9999.000,9999.000,9999.000,9999.000
202604271754,   0.783,9999.000,9999.000,9999.000,9999.000,9999.000,9999.000,9999.000,9999.000
202604271800,   0.808,9999.000,   0.800,   0.083,   1.691,   0.000,   0.891,   1.200,   2.091
202604271806,   0.833,9999.000,9999.000,9999.000,9999.000,9999.000,9999.000,9999.000,9999.000
202604271812,   0.857,9999.000,9999.000,9999.000,9999.000,9999.000,9999.000,9999.000,9999.000
202604271818,   0.882,9999.000,9999.000,9999.000,9999.000,9999.000,9999.000,9999.000,9999.000
202604271824,   0.906,9999.000,9999.000,9999.000,9999.000,9999.000,9999.000,9999.000,9999.000
202604271830,   0.930,9999.000,9999.000,9999.000,9999.000,9999.000,9999.000,9999.000,9999.000
202604271836,   0.953,9999.000,9999.000,9999.000,9999.000,9999.000,9999.000,9999.000,9999.000
202604271842,   0.976,9999.000,9999.000,9999.000,9999.000,9999.000,9999.000,9999.000,9999.000
202604271848,   0.999,9999.000,9999.000,9999.000,9999.000,9999.000,9999.000,9999.000,9999.000
202604271854,   1.020,9999.000,9999.000,9999.000,9999.000,9999.000,9999.000,9999.000,9999.000
202604271900,   1.041,9999.000,   0.800,   0.083,   1.924,   0.000,   1.124,   1.200,   2.324
202604271906,   1.062,9999.000,9999.000,9999.000,9999.000,9999.000,9999.000,9999.000,9999.000
202604271912,   1.081,9999.000,9999.000,9999.000,9999.000,9999.000,9999.000,9999.000,9999.000
202604271918,   1.099,9999.000,9999.000,9999.000,9999.000,9999.000,9999.000,9999.000,9999.000
202604271924,   1.117,9999.000,9999.000,9999.000,9999.000,9999.000,9999.000,9999.000,9999.000
202604271930,   1.133,9999.000,9999.000,9999.000,9999.000,9999.000,9999.000,9999.000,9999.000
202604271936,   1.148,9999.000,9999.000,9999.000,9999.000,9999.000,9999.000,9999.000,9999.000
202604271942,   1.162,9999.000,9999.000,9999.000,9999.000,9999.000,9999.000,9999.000,9999.000
202604271948,   1.175,9999.000,9999.000,9999.000,9999.000,9999.000,9999.000,9999.000,9999.000
202604271954,   1.186,9999.000,9999.000,9999.000,9999.000,9999.000,9999.000,9999.000,9999.000
202604272000,   1.196,9999.000,   0.900,   0.083,   2.179,   0.000,   1.279,   1.300,   2.579
202604272006,   1.205,9999.000,9999.000,9999.000,9999.000,9999.000,9999.000,9999.000,9999.000
202604272012,   1.212,9999.000,9999.000,9999.000,9999.000,9999.000,9999.000,9999.000,9999.000
202604272018,   1.218,9999.000,9999.000,9999.000,9999.000,9999.000,9999.000,9999.000,9999.000
202604272024,   1.223,9999.000,9999.000,9999.000,9999.000,9999.000,9999.000,9999.000,9999.000
202604272030,   1.226,9999.000,9999.000,9999.000,9999.000,9999.000,9999.000,9999.000,9999.000
202604272036,   1.228,9999.000,9999.000,9999.000,9999.000,9999.000,9999.000,9999.000,9999.000
202604272042,   1.228,9999.000,9999.000,9999.000,9999.000,9999.000,9999.000,9999.000,9999.000
202604272048,   1.227,9999.000,9999.000,9999.000,9999.000,9999.000,9999.000,9999.000,9999.000
202604272054,   1.225,9999.000,9999.000,9999.000,9999.000,9999.000,9999.000,9999.000,9999.000
202604272100,   1.222,9999.000,   0.900,   0.083,   2.205,   0.000,   1.305,   1.300,   2.605
202604272106,   1.217,9999.000,9999.000,9999.000,9999.000,9999.000,9999.000,9999.000,9999.000
202604272112,   1.211,9999.000,9999.000,9999.000,9999.000,9999.000,9999.000,9999.000,9999.000
202604272118,   1.204,9999.000,9999.000,9999.000,9999.000,9999.000,9999.000,9999.000,9999.000
202604272124,   1.196,9999.000,9999.000,9999.000,9999.000,9999.000,9999.000,9999.000,9999.000
202604272130,   1.187,9999.000,9999.000,9999.000,9999.000,9999.000,9999.000,9999.000,9999.000
202604272136,   1.177,9999.000,9999.000,9999.000,9999.000,9999.000,9999.000,9999.000,9999.000
202604272142,   1.165,9999.000,9999.000,9999.000,9999.000,9999.000,9999.000,9999.000,9999.000
202604272148,   1.153,9999.000,9999.000,9999.000,9999.000,9999.000,9999.000,9999.000,9999.000
202604272154,   1.140,9999.000,9999.000,9999.000,9999.000,9999.000,9999.000,9999.000,9999.000
202604272200,   1.127,9999.000,   0.900,   0.083,   2.110,   0.000,   1.210,   1.300,   2.510
202604272206,   1.112,9999.000,9999.000,9999.000,9999.000,9999.000,9999.000,9999.000,9999.000
202604272212,   1.097,9999.000,9999.000,9999.000,9999.000,9999.000,9999.000,9999.000,9999.000
202604272218,   1.081,9999.000,9999.000,9999.000,9999.000,9999.000,9999.000,9999.000,9999.000
202604272224,   1.065,9999.000,9999.000,9999.000,9999.000,9999.000,9999.000,9999.000,9999.000
202604272230,   1.048,9999.000,9999.000,9999.000,9999.000,9999.000,9999.000,9999.000,9999.000
202604272236,   1.031,9999.000,9999.000,9999.000,9999.000,9999.000,9999.000,9999.000,9999.000
202604272242,   1.013,9999.000,9999.000,9999.000,9999.000,9999.000,9999.000,9999.000,9999.000
202604272248,   0.995,9999.000,9999.000,9999.000,9999.000,9999.000,9999.000,9999.000,9999.000
202604272254,   0.977,9999.000,9999.000,9999.000,9999.000,9999.000,9999.000,9999.000,9999.000
202604272300,   0.959,9999.000,   0.900,   0.083,   1.942,   0.100,   1.142,   1.300,   2.342
202604272306,   0.940,9999.000,9999.000,9999.000,9999.000,9999.000,9999.000,9999.000,9999.000
202604272312,   0.922,9999.000,9999.000,9999.000,9999.000,9999.000,9999.000,9999.000,9999.000
202604272318,   0.903,9999.000,9999.000,9999.000,9999.000,9999.000,9999.000,9999.000,9999.000
202604272324,   0.884,9999.000,9999.000,9999.000,9999.000,9999.000,9999.000,9999.000,9999.000
202604272330,   0.866,9999.000,9999.000,9999.000,9999.000,9999.000,9999.000,9999.000,9999.000
202604272336,   0.847,9999.000,9999.000,9999.000,9999.000,9999.000,9999.000,9999.000,9999.000
202604272342,   0.828,9999.000,9999.000,9999.000,9999.000,9999.000,9999.000,9999.000,9999.000
202604272348,   0.810,9999.000,9999.000,9999.000,9999.000,9999.000,9999.000,9999.000,9999.000
202604272354,   0.791,9999.000,9999.000,9999.000,9999.000,9999.000,9999.000,9999.000,9999.000
202604280000,   0.773,9999.000,   1.000,   0.083,   1.856,   0.200,   1.056,   1.400,   2.256
202604280006,   0.754,9999.000,9999.000,9999.000,9999.000,9999.000,9999.000,9999.000,9999.000
202604280012,   0.736,9999.000,9999.000,9999.000,9999.000,9999.000,9999.000,9999.000,9999.000
202604280018,   0.717,9999.000,9999.000,9999.000,9999.000,9999.000,9999.000,9999.000,9999.000
202604280024,   0.699,9999.000,9999.000,9999.000,9999.000,9999.000,9999.000,9999.000,9999.000
202604280030,   0.680,9999.000,9999.000,9999.000,9999.000,9999.000,9999.000,9999.000,9999.000
202604280036,   0.662,9999.000,9999.000,9999.000,9999.000,9999.000,9999.000,9999.000,9999.000
202604280042,   0.643,9999.000,9999.000,9999.000,9999.000,9999.000,9999.000,9999.000,9999.000
202604280048,   0.625,9999.000,9999.000,9999.000,9999.000,9999.000,9999.000,9999.000,9999.000
202604280054,   0.606,9999.000,9999.000,9999.000,9999.000,9999.000,9999.000,9999.000,9999.000
202604280100,   0.588,9999.000,   1.000,   0.083,   1.671,   0.200,   0.871,   1.400,   2.071
202604280106,   0.569,9999.000,9999.000,9999.000,9999.000,9999.000,9999.000,9999.000,9999.000
202604280112,   0.551,9999.000,9999.000,9999.000,9999.000,9999.000,9999.000,9999.000,9999.000
202604280118,   0.532,9999.000,9999.000,9999.000,9999.000,9999.000,9999.000,9999.000,9999.000
202604280124,   0.514,9999.000,9999.000,9999.000,9999.000,9999.000,9999.000,9999.000,9999.000
202604280130,   0.496,9999.000,9999.000,9999.000,9999.000,9999.000,9999.000,9999.000,9999.000
202604280136,   0.478,9999.000,9999.000,9999.000,9999.000,9999.000,9999.000,9999.000,9999.000
202604280142,   0.461,9999.000,9999.000,9999.000,9999.000,9999.000,9999.000,9999.000,9999.000
202604280148,   0.443,9999.000,9999.000,9999.000,9999.000,9999.000,9999.000,9999.000,9999.000
202604280154,   0.427,9999.000,9999.000,9999.000,9999.000,9999.000,9999.000,9999.000,9999.000
202604280200,   0.411,9999.000,   1.000,   0.083,   1.494,   0.200,   0.694,   1.500,   1.994
202604280206,   0.396,9999.000,9999.000,9999.000,9999.000,9999.000,9999.000,9999.000,9999.000
202604280212,   0.382,9999.000,9999.000,9999.000,9999.000,9999.000,9999.000,9999.000,9999.000
202604280218,   0.369,9999.000,9999.000,9999.000,9999.000,9999.000,9999.000,9999.000,9999.000
202604280224,   0.357,9999.000,9999.000,9999.000,9999.000,9999.000,9999.000,9999.000,9999.000
202604280230,   0.346,9999.000,9999.000,9999.000,9999.000,9999.000,9999.000,9999.000,9999.000
202604280236,   0.337,9999.000,9999.000,9999.000,9999.000,9999.000,9999.000,9999.000,9999.000
202604280242,   0.329,9999.000,9999.000,9999.000,9999.000,9999.000,9999.000,9999.000,9999.000
202604280248,   0.322,9999.000,9999.000,9999.000,9999.000,9999.000,9999.000,9999.000,9999.000
202604280254,   0.318,9999.000,9999.000,9999.000,9999.000,9999.000,9999.000,9999.000,9999.000
202604280300,   0.315,9999.000,   1.100,   0.083,   1.498,   0.200,   0.598,   1.500,   1.898
202604280306,   0.314,9999.000,9999.000,9999.000,9999.000,9999.000,9999.000,9999.000,9999.000
202604280312,   0.314,9999.000,9999.000,9999.000,9999.000,9999.000,9999.000,9999.000,9999.000
202604280318,   0.317,9999.000,9999.000,9999.000,9999.000,9999.000,9999.000,9999.000,9999.000
202604280324,   0.321,9999.000,9999.000,9999.000,9999.000,9999.000,9999.000,9999.000,9999.000
202604280330,   0.327,9999.000,9999.000,9999.000,9999.000,9999.000,9999.000,9999.000,9999.000
202604280336,   0.335,9999.000,9999.000,9999.000,9999.000,9999.000,9999.000,9999.000,9999.000
202604280342,   0.345,9999.000,9999.000,9999.000,9999.000,9999.000,9999.000,9999.000,9999.000
202604280348,   0.357,9999.000,9999.000,9999.000,9999.000,9999.000,9999.000,9999.000,9999.000
202604280354,   0.370,9999.000,9999.000,9999.000,9999.000,9999.000,9999.000,9999.000,9999.000
202604280400,   0.385,9999.000,   1.100,   0.083,   1.568,   0.300,   0.768,   1.500,   1.968
202604280406,   0.402,9999.000,9999.000,9999.000,9999.000,9999.000,9999.000,9999.000,9999.000
202604280412,   0.420,9999.000,9999.000,9999.000,9999.000,9999.000,9999.000,9999.000,9999.000
202604280418,   0.440,9999.000,9999.000,9999.000,9999.000,9999.000,9999.000,9999.000,9999.000
202604280424,   0.461,9999.000,9999.000,9999.000,9999.000,9999.000,9999.000,9999.000,9999.000
202604280430,   0.483,9999.000,9999.000,9999.000,9999.000,9999.000,9999.000,9999.000,9999.000
202604280436,   0.507,9999.000,9999.000,9999.000,9999.000,9999.000,9999.000,9999.000,9999.000
202604280442,   0.531,9999.000,9999.000,9999.000,9999.000,9999.000,9999.000,9999.000,9999.000
202604280448,   0.557,9999.000,9999.000,9999.000,9999.000,9999.000,9999.000,9999.000,9999.000
202604280454,   0.583,9999.000,9999.000,9999.000,9999.000,9999.000,9999.000,9999.000,9999.000
202604280500,   0.611,9999.000,   1.100,   0.083,   1.794,   0.300,   0.994,   1.500,   2.194
202604280506,   0.639,9999.000,9999.000,9999.000,9999.000,9999.000,9999.000,9999.000,9999.000
202604280512,   0.668,9999.000,9999.000,9999.000,9999.000,9999.000,9999.000,9999.000,9999.000
202604280518,   0.697,9999.000,9999.000,9999.000,9999.000,9999.000,9999.000,9999.000,9999.000
202604280524,   0.727,9999.000,9999.000,9999.000,9999.000,9999.000,9999.000,9999.000,9999.000
202604280530,   0.757,9999.000,9999.000,9999.000,9999.000,9999.000,9999.000,9999.000,9999.000
202604280536,   0.788,9999.000,9999.000,9999.000,9999.000,9999.000,9999.000,9999.000,9999.000
202604280542,   0.820,9999.000,9999.000,9999.000,9999.000,9999.000,9999.000,9999.000,9999.000
202604280548,   0.851,9999.000,9999.000,9999.000,9999.000,9999.000,9999.000,9999.000,9999.000
202604280554,   0.883,9999.000,9999.000,9999.000,9999.000,9999.000,9999.000,9999.000,9999.000
202604280600,   0.916,9999.000,   1.100,   0.083,   2.099,   0.400,   1.399,   1.500,   2.499
202604280606,   0.948,9999.000,9999.000,9999.000,9999.000,9999.000,9999.000,9999.000,9999.000
202604280612,   0.980,9999.000,9999.000,9999.000,9999.000,9999.000,9999.000,9999.000,9999.000
202604280618,   1.013,9999.000,9999.000,9999.000,9999.000,9999.000,9999.000,9999.000,9999.000
202604280624,   1.045,9999.000,9999.000,9999.000,9999.000,9999.000,9999.000,9999.000,9999.000
202604280630,   1.078,9999.000,9999.000,9999.000,9999.000,9999.000,9999.000,9999.000,9999.000
202604280636,   1.110,9999.000,9999.000,9999.000,9999.000,9999.000,9999.000,9999.000,9999.000
202604280642,   1.142,9999.000,9999.000,9999.000,9999.000,9999.000,9999.000,9999.000,9999.000
202604280648,   1.173,9999.000,9999.000,9999.000,9999.000,9999.000,9999.000,9999.000,9999.000
202604280654,   1.204,9999.000,9999.000,9999.000,9999.000,9999.000,9999.000,9999.000,9999.000
202604280700,   1.235,9999.000,   1.100,   0.083,   2.418,   0.400,   1.718,   1.500,   2.818
202604280706,   1.264,9999.000,9999.000,9999.000,9999.000,9999.000,9999.000,9999.000,9999.000
202604280712,   1.293,9999.000,9999.000,9999.000,9999.000,9999.000,9999.000,9999.000,9999.000
202604280718,   1.322,9999.000,9999.000,9999.000,9999.000,9999.000,9999.000,9999.000,9999.000
202604280724,   1.349,9999.000,9999.000,9999.000,9999.000,9999.000,9999.000,9999.000,9999.000
202604280730,   1.375,9999.000,9999.000,9999.000,9999.000,9999.000,9999.000,9999.000,9999.000
202604280736,   1.400,9999.000,9999.000,9999.000,9999.000,9999.000,9999.000,9999.000,9999.000
202604280742,   1.424,9999.000,9999.000,9999.000,9999.000,9999.000,9999.000,9999.000,9999.000
202604280748,   1.446,9999.000,9999.000,9999.000,9999.000,9999.000,9999.000,9999.000,9999.000
202604280754,   1.467,9999.000,9999.000,9999.000,9999.000,9999.000,9999.000,9999.000,9999.000
202604280800,   1.487,9999.000,   1.200,   0.083,   2.770,   0.500,   2.070,   1.500,   3.070
202604280806,   1.505,9999.000,9999.000,9999.000,9999.000,9999.000,9999.000,9999.000,9999.000
202604280812,   1.521,9999.000,9999.000,9999.000,9999.000,9999.000,9999.000,9999.000,9999.000
202604280818,   1.535,9999.000,9999.000,9999.000,9999.000,9999.000,9999.000,9999.000,9999.000
202604280824,   1.548,9999.000,9999.000,9999.000,9999.000,9999.000,9999.000,9999.000,9999.000
202604280830,   1.560,9999.000,9999.000,9999.000,9999.000,9999.000,9999.000,9999.000,9999.000
202604280836,   1.569,9999.000,9999.000,9999.000,9999.000,9999.000,9999.000,9999.000,9999.000
202604280842,   1.577,9999.000,9999.000,9999.000,9999.000,9999.000,9999.000,9999.000,9999.000
202604280848,   1.583,9999.000,9999.000,9999.000,9999.000,9999.000,9999.000,9999.000,9999.000
202604280854,   1.587,9999.000,9999.000,9999.000,9999.000,9999.000,9999.000,9999.000,9999.000
202604280900,   1.589,9999.000,   1.200,   0.083,   2.872,   0.500,   2.172,   1.500,   3.172
202604280906,   1.590,9999.000,9999.000,9999.000,9999.000,9999.000,9999.000,9999.000,9999.000
202604280912,   1.589,9999.000,9999.000,9999.000,9999.000,9999.000,9999.000,9999.000,9999.000
202604280918,   1.586,9999.000,9999.000,9999.000,9999.000,9999.000,9999.000,9999.000,9999.000
202604280924,   1.582,9999.000,9999.000,9999.000,9999.000,9999.000,9999.000,9999.000,9999.000
202604280930,   1.576,9999.000,9999.000,9999.000,9999.000,9999.000,9999.000,9999.000,9999.000
202604280936,   1.568,9999.000,9999.000,9999.000,9999.000,9999.000,9999.000,9999.000,9999.000
202604280942,   1.559,9999.000,9999.000,9999.000,9999.000,9999.000,9999.000,9999.000,9999.000
202604280948,   1.549,9999.000,9999.000,9999.000,9999.000,9999.000,9999.000,9999.000,9999.000
202604280954,   1.537,9999.000,9999.000,9999.000,9999.000,9999.000,9999.000,9999.000,9999.000
202604281000,   1.524,9999.000,   1.200,   0.083,   2.807,   0.600,   2.207,   1.500,   3.107
202604281006,   1.510,9999.000,9999.000,9999.000,9999.000,9999.000,9999.000,9999.000,9999.000
202604281012,   1.495,9999.000,9999.000,9999.000,9999.000,9999.000,9999.000,9999.000,9999.000
202604281018,   1.478,9999.000,9999.000,9999.000,9999.000,9999.000,9999.000,9999.000,9999.000
202604281024,   1.461,9999.000,9999.000,9999.000,9999.000,9999.000,9999.000,9999.000,9999.000
202604281030,   1.443,9999.000,9999.000,9999.000,9999.000,9999.000,9999.000,9999.000,9999.000
202604281036,   1.424,9999.000,9999.000,9999.000,9999.000,9999.000,9999.000,9999.000,9999.000
202604281042,   1.404,9999.000,9999.000,9999.000,9999.000,9999.000,9999.000,9999.000,9999.000
202604281048,   1.383,9999.000,9999.000,9999.000,9999.000,9999.000,9999.000,9999.000,9999.000
202604281054,   1.362,9999.000,9999.000,9999.000,9999.000,9999.000,9999.000,9999.000,9999.000
202604281100,   1.340,9999.000,   1.200,   0.083,   2.623,   0.700,   2.123,   1.600,   3.023
202604281106,   1.318,9999.000,9999.000,9999.000,9999.000,9999.000,9999.000,9999.000,9999.000
202604281112,   1.295,9999.000,9999.000,9999.000,9999.000,9999.000,9999.000,9999.000,9999.000
202604281118,   1.272,9999.000,9999.000,9999.000,9999.000,9999.000,9999.000,9999.000,9999.000
202604281124,   1.249,9999.000,9999.000,9999.000,9999.000,9999.000,9999.000,9999.000,9999.000
202604281130,   1.225,9999.000,9999.000,9999.000,9999.000,9999.000,9999.000,9999.000,9999.000
202604281136,   1.202,9999.000,9999.000,9999.000,9999.000,9999.000,9999.000,9999.000,9999.000
202604281142,   1.178,9999.000,9999.000,9999.000,9999.000,9999.000,9999.000,9999.000,9999.000
202604281148,   1.154,9999.000,9999.000,9999.000,9999.000,9999.000,9999.000,9999.000,9999.000
202604281154,   1.129,9999.000,9999.000,9999.000,9999.000,9999.000,9999.000,9999.000,9999.000
202604281200,   1.105,9999.000,   1.200,   0.083,   2.388,   0.700,   1.888,   1.600,   2.788
202604281206,   1.081,9999.000,9999.000,9999.000,9999.000,9999.000,9999.000,9999.000,9999.000
202604281212,   1.057,9999.000,9999.000,9999.000,9999.000,9999.000,9999.000,9999.000,9999.000
202604281218,   1.032,9999.000,9999.000,9999.000,9999.000,9999.000,9999.000,9999.000,9999.000
202604281224,   1.008,9999.000,9999.000,9999.000,9999.000,9999.000,9999.000,9999.000,9999.000
202604281230,   0.984,9999.000,9999.000,9999.000,9999.000,9999.000,9999.000,9999.000,9999.000
202604281236,   0.959,9999.000,9999.000,9999.000,9999.000,9999.000,9999.000,9999.000,9999.000
202604281242,   0.934,9999.000,9999.000,9999.000,9999.000,9999.000,9999.000,9999.000,9999.000
202604281248,   0.910,9999.000,9999.000,9999.000,9999.000,9999.000,9999.000,9999.000,9999.000
202604281254,   0.885,9999.000,9999.000,9999.000,9999.000,9999.000,9999.000,9999.000,9999.000
202604281300,   0.860,9999.000,   1.200,   0.083,   2.143,   0.800,   1.743,   1.600,   2.543
202604281306,   0.835,9999.000,9999.000,9999.000,9999.000,9999.000,9999.000,9999.000,9999.000
202604281312,   0.810,9999.000,9999.000,9999.000,9999.000,9999.000,9999.000,9999.000,9999.000
202604281318,   0.785,9999.000,9999.000,9999.000,9999.000,9999.000,9999.000,9999.000,9999.000
202604281324,   0.760,9999.000,9999.000,9999.000,9999.000,9999.000,9999.000,9999.000,9999.000
202604281330,   0.735,9999.000,9999.000,9999.000,9999.000,9999.000,9999.000,9999.000,9999.000
202604281336,   0.710,9999.000,9999.000,9999.000,9999.000,9999.000,9999.000,9999.000,9999.000
202604281342,   0.684,9999.000,9999.000,9999.000,9999.000,9999.000,9999.000,9999.000,9999.000
202604281348,   0.659,9999.000,9999.000,9999.000,9999.000,9999.000,9999.000,9999.000,9999.000
202604281354,   0.634,9999.000,9999.000,9999.000,9999.000,9999.000,9999.000,9999.000,9999.000
202604281400,   0.609,9999.000,   1.200,   0.083,   1.892,   0.900,   1.592,   1.600,   2.292
202604281406,   0.585,9999.000,9999.000,9999.000,9999.000,9999.000,9999.000,9999.000,9999.000
202604281412,   0.561,9999.000,9999.000,9999.000,9999.000,9999.000,9999.000,9999.000,9999.000
202604281418,   0.537,9999.000,9999.000,9999.000,9999.000,9999.000,9999.000,9999.000,9999.000
202604281424,   0.514,9999.000,9999.000,9999.000,9999.000,9999.000,9999.000,9999.000,9999.000
202604281430,   0.492,9999.000,9999.000,9999.000,9999.000,9999.000,9999.000,9999.000,9999.000
202604281436,   0.470,9999.000,9999.000,9999.000,9999.000,9999.000,9999.000,9999.000,9999.000
202604281442,   0.450,9999.000,9999.000,9999.000,9999.000,9999.000,9999.000,9999.000,9999.000
202604281448,   0.430,9999.000,9999.000,9999.000,9999.000,9999.000,9999.000,9999.000,9999.000
202604281454,   0.412,9999.000,9999.000,9999.000,9999.000,9999.000,9999.000,9999.000,9999.000
202604281500,   0.395,9999.000,   1.300,   0.083,   1.778,   1.000,   1.478,   1.600,   2.078
202604281506,   0.379,9999.000,9999.000,9999.000,9999.000,9999.000,9999.000,9999.000,9999.000
202604281512,   0.365,9999.000,9999.000,9999.000,9999.000,9999.000,9999.000,9999.000,9999.000
202604281518,   0.352,9999.000,9999.000,9999.000,9999.000,9999.000,9999.000,9999.000,9999.000
202604281524,   0.341,9999.000,9999.000,9999.000,9999.000,9999.000,9999.000,9999.000,9999.000
202604281530,   0.332,9999.000,9999.000,9999.000,9999.000,9999.000,9999.000,9999.000,9999.000
202604281536,   0.324,9999.000,9999.000,9999.000,9999.000,9999.000,9999.000,9999.000,9999.000
202604281542,   0.318,9999.000,9999.000,9999.000,9999.000,9999.000,9999.000,9999.000,9999.000
202604281548,   0.314,9999.000,9999.000,9999.000,9999.000,9999.000,9999.000,9999.000,9999.000
202604281554,   0.312,9999.000,9999.000,9999.000,9999.000,9999.000,9999.000,9999.000,9999.000
202604281600,   0.311,9999.000,   1.300,   0.083,   1.694,   1.100,   1.494,   1.600,   1.994
202604281606,   0.312,9999.000,9999.000,9999.000,9999.000,9999.000,9999.000,9999.000,9999.000
202604281612,   0.315,9999.000,9999.000,9999.000,9999.000,9999.000,9999.000,9999.000,9999.000
202604281618,   0.319,9999.000,9999.000,9999.000,9999.000,9999.000,9999.000,9999.000,9999.000
202604281624,   0.325,9999.000,9999.000,9999.000,9999.000,9999.000,9999.000,9999.000,9999.000
202604281630,   0.333,9999.000,9999.000,9999.000,9999.000,9999.000,9999.000,9999.000,9999.000
202604281636,   0.341,9999.000,9999.000,9999.000,9999.000,9999.000,9999.000,9999.000,9999.000
202604281642,   0.351,9999.000,9999.000,9999.000,9999.000,9999.000,9999.000,9999.000,9999.000
202604281648,   0.363,9999.000,9999.000,9999.000,9999.000,9999.000,9999.000,9999.000,9999.000
202604281654,   0.375,9999.000,9999.000,9999.000,9999.000,9999.000,9999.000,9999.000,9999.000
202604281700,   0.389,9999.000,   1.300,   0.083,   1.772,   1.100,   1.572,   1.600,   2.072
202604281706,   0.403,9999.000,9999.000,9999.000,9999.000,9999.000,9999.000,9999.000,9999.000
202604281712,   0.419,9999.000,9999.000,9999.000,9999.000,9999.000,9999.000,9999.000,9999.000
202604281718,   0.435,9999.000,9999.000,9999.000,9999.000,9999.000,9999.000,9999.000,9999.000
202604281724,   0.453,9999.000,9999.000,9999.000,9999.000,9999.000,9999.000,9999.000,9999.000
202604281730,   0.471,9999.000,9999.000,9999.000,9999.000,9999.000,9999.000,9999.000,9999.000
202604281736,   0.489,9999.000,9999.000,9999.000,9999.000,9999.000,9999.000,9999.000,9999.000
202604281742,   0.509,9999.000,9999.000,9999.000,9999.000,9999.000,9999.000,9999.000,9999.000
202604281748,   0.529,9999.000,9999.000,9999.000,9999.000,9999.000,9999.000,9999.000,9999.000
202604281754,   0.549,9999.000,9999.000,9999.000,9999.000,9999.000,9999.000,9999.000,9999.000
202604281800,   0.571,9999.000,   1.300,   0.083,   1.954,   1.100,   1.754,   1.600,   2.254
