        TIME,    TIDE,      OB,   SURGE,    BIAS,     TWL,SURGE90p,  TWL90p,SURGE10p,   TWL10p
202606101200,   4.509,   4.969,   0.300,   0.160,   4.969,   0.300,   4.969,   0.300,   4.969
202606101206,   4.408,9999.000,9999.000,9999.000,9999.000,9999.000,9999.000,9999.000,9999.000
202606101212,   4.302,   4.769,9999.000,9999.000,9999.000,9999.000,9999.000,9999.000,9999.000
202606101218,   4.192,9999.000,9999.000,9999.000,9999.000,9999.000,9999.000,9999.000,9999.000
202606101224,   4.079,   4.569,9999.000,9999.000,9999.000,9999.000,9999.000,9999.000,9999.000
202606101230,   3.961,9999.000,9999.000,9999.000,9999.000,9999.000,9999.000,9999.000,9999.000
202606101236,   3.841,   4.368,9999.000,9999.000,9999.000,9999.000,9999.000,9999.000,9999.000
202606101242,   3.717,9999.000,9999.000,9999.000,9999.000,9999.000,9999.000,9999.000,9999.000
202606101248,   3.592,   4.178,9999.000,9999.000,9999.000,9999.000,9999.000,9999.000,9999.000
202606101254,   3.464,9999.000,9999.000,9999.000,9999.000,9999.000,9999.000,9999.000,9999.000
202606101300,   3.336,   3.978,   0.300,   0.342,   3.978,   0.300,   3.978,   0.300,   3.978
202606101306,   3.206,   3.880,9999.000,9999.000,9999.000,9999.000,9999.000,9999.000,9999.000
202606101312,   3.076,   3.778,9999.000,9999.000,9999.000,9999.000,9999.000,9999.000,9999.000
202606101318,   2.947,   3.670,9999.000,9999.000,9999.000,9999.000,9999.000,9999.000,9999.000
202606101324,   2.817,   3.578,9999.000,9999.000,9999.000,9999.000,9999.000,9999.000,9999.000
202606101330,   2.689,   3.480,9999.000,9999.000,9999.000,9999.000,9999.000,9999.000,9999.000
202606101336,   2.563,   3.368,9999.000,9999.000,9999.000,9999.000,9999.000,9999.000,9999.000
202606101342,   2.438,   3.260,9999.000,9999.000,9999.000,9999.000,9999.000,9999.000,9999.000
202606101348,   2.316,   3.148,9999.000,9999.000,9999.000,9999.000,9999.000,9999.000,9999.000
202606101354,   2.196,   3.030,9999.000,9999.000,9999.000,9999.000,9999.000,9999.000,9999.000
202606101400,   2.079,   2.909,   0.300,   0.530,   2.909,   0.200,   2.809,   0.300,   2.909
202606101406,   1.966,   2.787,9999.000,9999.000,9999.000,9999.000,9999.000,9999.000,9999.000
202606101412,   1.857,   2.679,9999.000,9999.000,9999.000,9999.000,9999.000,9999.000,9999.000
202606101418,   1.752,   2.578,9999.000,9999.000,9999.000,9999.000,9999.000,9999.000,9999.000
202606101424,   1.651,   2.459,9999.000,9999.000,9999.000,9999.000,9999.000,9999.000,9999.000
202606101430,   1.554,   2.348,9999.000,9999.000,9999.000,9999.000,9999.000,9999.000,9999.000
202606101436,   1.462,   2.240,9999.000,9999.000,9999.000,9999.000,9999.000,9999.000,9999.000
202606101442,   1.375,   2.128,9999.000,9999.000,9999.000,9999.000,9999.000,9999.000,9999.000
202606101448,   1.292,   2.030,9999.000,9999.000,9999.000,9999.000,9999.000,9999.000,9999.000
202606101454,   1.214,   1.928,9999.000,9999.000,9999.000,9999.000,9999.000,9999.000,9999.000
202606101500,   1.141,   1.820,   0.300,   0.379,   1.820,   0.200,   1.720,   0.300,   1.820
202606101506,   1.072,   1.718,9999.000,9999.000,9999.000,9999.000,9999.000,9999.000,9999.000
202606101512,   1.008,   1.630,9999.000,9999.000,9999.000,9999.000,9999.000,9999.000,9999.000
202606101518,   0.949,   1.528,9999.000,9999.000,9999.000,9999.000,9999.000,9999.000,9999.000
202606101524,   0.893,   1.430,9999.000,9999.000,9999.000,9999.000,9999.000,9999.000,9999.000
202606101530,   0.842,   1.328,9999.000,9999.000,9999.000,9999.000,9999.000,9999.000,9999.000
202606101536,   0.794,   1.220,9999.000,9999.000,9999.000,9999.000,9999.000,9999.000,9999.000
202606101542,   0.751,   1.128,9999.000,9999.000,9999.000,9999.000,9999.000,9999.000,9999.000
202606101548,   0.711,   1.039,9999.000,9999.000,9999.000,9999.000,9999.000,9999.000,9999.000
202606101554,   0.674,   0.951,9999.000,9999.000,9999.000,9999.000,9999.000,9999.000,9999.000
202606101600,   0.641,   0.869,   0.300,  -0.072,   0.869,   0.200,   0.769,   0.300,   0.869
202606101606,   0.612,   0.790,9999.000,9999.000,9999.000,9999.000,9999.000,9999.000,9999.000
202606101612,   0.586,   0.718,9999.000,9999.000,9999.000,9999.000,9999.000,9999.000,9999.000
202606101618,   0.564,   0.639,9999.000,9999.000,9999.000,9999.000,9999.000,9999.000,9999.000
202606101624,   0.545,   0.580,9999.000,9999.000,9999.000,9999.000,9999.000,9999.000,9999.000
202606101630,   0.530,   0.508,9999.000,9999.000,9999.000,9999.000,9999.000,9999.000,9999.000
202606101636,   0.518,   0.449,9999.000,9999.000,9999.000,9999.000,9999.000,9999.000,9999.000
202606101642,   0.512,   0.400,9999.000,9999.000,9999.000,9999.000,9999.000,9999.000,9999.000
202606101648,   0.509,   0.360,9999.000,9999.000,9999.000,9999.000,9999.000,9999.000,9999.000
202606101654,   0.512,   0.331,9999.000,9999.000,9999.000,9999.000,9999.000,9999.000,9999.000
202606101700,   0.520,   0.308,   0.300,  -0.512,   0.308,   0.200,   0.208,   0.300,   0.308
202606101706,   0.533,   0.321,9999.000,9999.000,9999.000,9999.000,9999.000,9999.000,9999.000
202606101712,   0.552,   0.321,9999.000,9999.000,9999.000,9999.000,9999.000,9999.000,9999.000
202606101718,   0.578,   0.341,9999.000,9999.000,9999.000,9999.000,9999.000,9999.000,9999.000
202606101724,   0.610,   0.390,9999.000,9999.000,9999.000,9999.000,9999.000,9999.000,9999.000
202606101730,   0.650,   0.449,9999.000,9999.000,9999.000,9999.000,9999.000,9999.000,9999.000
202606101736,   0.697,   0.531,9999.000,9999.000,9999.000,9999.000,9999.000,9999.000,9999.000
202606101742,   0.751,   0.619,9999.000,9999.000,9999.000,9999.000,9999.000,9999.000,9999.000
202606101748,   0.813,   0.741,9999.000,9999.000,9999.000,9999.000,9999.000,9999.000,9999.000
202606101754,   0.883,   0.869,9999.000,9999.000,9999.000,9999.000,9999.000,9999.000,9999.000
202606101800,   0.961,   0.990,   0.300,  -0.271,   0.990,   0.200,   0.890,   0.300,   0.990
202606101806,   1.047,   1.138,9999.000,9999.000,9999.000,9999.000,9999.000,9999.000,9999.000
202606101812,   1.140,   1.298,9999.000,9999.000,9999.000,9999.000,9999.000,9999.000,9999.000
202606101818,   1.242,   1.469,9999.000,9999.000,9999.000,9999.000,9999.000,9999.000,9999.000
202606101824,   1.350,   1.600,9999.000,9999.000,9999.000,9999.000,9999.000,9999.000,9999.000
202606101830,   1.465,   1.728,9999.000,9999.000,9999.000,9999.000,9999.000,9999.000,9999.000
202606101836,   1.587,   1.869,9999.000,9999.000,9999.000,9999.000,9999.000,9999.000,9999.000
202606101842,   1.715,   2.000,9999.000,9999.000,9999.000,9999.000,9999.000,9999.000,9999.000
202606101848,   1.848,   2.138,9999.000,9999.000,9999.000,9999.000,9999.000,9999.000,9999.000
202606101854,   1.986,   2.289,9999.000,9999.000,9999.000,9999.000,9999.000,9999.000,9999.000
202606101900,   2.129,   2.440,   0.300,   0.011,   2.440,   0.200,   2.340,   0.300,   2.440
202606101906,   2.275,   2.597,9999.000,9999.000,9999.000,9999.000,9999.000,9999.000,9999.000
202606101912,   2.424,   2.748,9999.000,9999.000,9999.000,9999.000,9999.000,9999.000,9999.000
202606101918,   2.575,   2.909,9999.000,9999.000,9999.000,9999.000,9999.000,9999.000,9999.000
202606101924,   2.727,   3.070,9999.000,9999.000,9999.000,9999.000,9999.000,9999.000,9999.000
202606101930,   2.881,   3.230,9999.000,9999.000,9999.000,9999.000,9999.000,9999.000,9999.000
202606101936,   3.034,   3.378,9999.000,9999.000,9999.000,9999.000,9999.000,9999.000,9999.000
202606101942,   3.187,   3.529,9999.000,9999.000,9999.000,9999.000,9999.000,9999.000,9999.000
202606101948,   3.339,   3.670,9999.000,9999.000,9999.000,9999.000,9999.000,9999.000,9999.000
202606101954,   3.489,   3.817,9999.000,9999.000,9999.000,9999.000,9999.000,9999.000,9999.000
202606102000,   3.636,   3.958,   0.300,   0.022,   3.958,   0.200,   3.858,   0.300,   3.958
202606102006,   3.780,   4.090,9999.000,9999.000,9999.000,9999.000,9999.000,9999.000,9999.000
202606102012,   3.921,   4.218,9999.000,9999.000,9999.000,9999.000,9999.000,9999.000,9999.000
202606102018,   4.058,   4.339,9999.000,9999.000,9999.000,9999.000,9999.000,9999.000,9999.000
202606102024,   4.191,   4.457,9999.000,9999.000,9999.000,9999.000,9999.000,9999.000,9999.000
202606102030,   4.319,   4.588,9999.000,9999.000,9999.000,9999.000,9999.000,9999.000,9999.000
202606102036,   4.442,   4.700,9999.000,9999.000,9999.000,9999.000,9999.000,9999.000,9999.000
202606102042,   4.561,   4.808,9999.000,9999.000,9999.000,9999.000,9999.000,9999.000,9999.000
202606102048,   4.674,   4.910,9999.000,9999.000,9999.000,9999.000,9999.000,9999.000,9999.000
202606102054,   4.781,   5.018,9999.000,9999.000,9999.000,9999.000,9999.000,9999.000,9999.000
202606102100,   4.884,   5.129,   0.300,  -0.055,   5.129,   0.200,   5.029,   0.300,   5.129
202606102106,   4.981,   5.228,9999.000,9999.000,9999.000,9999.000,9999.000,9999.000,9999.000
202606102112,   5.073,   5.307,9999.000,9999.000,9999.000,9999.000,9999.000,9999.000,9999.000
202606102118,   5.159,   5.389,9999.000,9999.000,9999.000,9999.000,9999.000,9999.000,9999.000
202606102124,   5.241,   5.477,9999.000,9999.000,9999.000,9999.000,9999.000,9999.000,9999.000
202606102130,   5.317,   5.569,9999.000,9999.000,9999.000,9999.000,9999.000,9999.000,9999.000
202606102136,   5.388,   5.638,9999.000,9999.000,9999.000,9999.000,9999.000,9999.000,9999.000
202606102142,   5.454,   5.707,9999.000,9999.000,9999.000,9999.000,9999.000,9999.000,9999.000
202606102148,   5.515,   5.759,9999.000,9999.000,9999.000,9999.000,9999.000,9999.000,9999.000
202606102154,   5.571,   5.818,9999.000,9999.000,9999.000,9999.000,9999.000,9999.000,9999.000
202606102200,   5.623,   5.867,   0.300,  -0.056,   5.867,   0.200,   5.767,   0.300,   5.867
202606102206,   5.669,   5.917,9999.000,9999.000,9999.000,9999.000,9999.000,9999.000,9999.000
202606102212,   5.711,   5.969,9999.000,9999.000,9999.000,9999.000,9999.000,9999.000,9999.000
202606102218,   5.748,   6.008,9999.000,9999.000,9999.000,9999.000,9999.000,9999.000,9999.000
202606102224,   5.780,   6.038,9999.000,9999.000,9999.000,9999.000,9999.000,9999.000,9999.000
202606102230,   5.807,   6.077,9999.000,9999.000,9999.000,9999.000,9999.000,9999.000,9999.000
202606102236,   5.829,   6.097,9999.000,9999.000,9999.000,9999.000,9999.000,9999.000,9999.000
202606102242,   5.845,   6.136,9999.000,9999.000,9999.000,9999.000,9999.000,9999.000,9999.000
202606102248,   5.856,   6.199,9999.000,9999.000,9999.000,9999.000,9999.000,9999.000,9999.000
202606102254,   5.861,   6.218,9999.000,9999.000,9999.000,9999.000,9999.000,9999.000,9999.000
202606102300,   5.861,   6.199,   0.300,   0.038,   6.199,   0.200,   6.099,   0.300,   6.199
202606102306,   5.854,   6.199,9999.000,9999.000,9999.000,9999.000,9999.000,9999.000,9999.000
202606102312,   5.841,   6.179,9999.000,9999.000,9999.000,9999.000,9999.000,9999.000,9999.000
202606102318,   5.822,   6.136,9999.000,9999.000,9999.000,9999.000,9999.000,9999.000,9999.000
202606102324,   5.797,   6.136,9999.000,9999.000,9999.000,9999.000,9999.000,9999.000,9999.000
202606102330,   5.765,   6.127,9999.000,9999.000,9999.000,9999.000,9999.000,9999.000,9999.000
202606102336,   5.727,   6.077,9999.000,9999.000,9999.000,9999.000,9999.000,9999.000,9999.000
202606102342,   5.682,   6.028,9999.000,9999.000,9999.000,9999.000,9999.000,9999.000,9999.000
202606102348,   5.630,   5.979,9999.000,9999.000,9999.000,9999.000,9999.000,9999.000,9999.000
202606102354,   5.572,   5.940,9999.000,9999.000,9999.000,9999.000,9999.000,9999.000,9999.000
202606110000,   5.507,   5.897,   0.200,   0.190,   5.897,   0.200,   5.897,   0.300,   5.997
202606110006,   5.436,   5.838,9999.000,9999.000,9999.000,9999.000,9999.000,9999.000,9999.000
202606110012,   5.359,   5.769,9999.000,9999.000,9999.000,9999.000,9999.000,9999.000,9999.000
202606110018,   5.276,   5.677,9999.000,9999.000,9999.000,9999.000,9999.000,9999.000,9999.000
202606110024,   5.188,   5.569,9999.000,9999.000,9999.000,9999.000,9999.000,9999.000,9999.000
202606110030,   5.094,   5.487,9999.000,9999.000,9999.000,9999.000,9999.000,9999.000,9999.000
202606110036,   4.994,   5.398,9999.000,9999.000,9999.000,9999.000,9999.000,9999.000,9999.000
202606110042,   4.891,   5.287,9999.000,9999.000,9999.000,9999.000,9999.000,9999.000,9999.000
202606110048,   4.783,   5.208,9999.000,9999.000,9999.000,9999.000,9999.000,9999.000,9999.000
202606110054,   4.671,   5.097,9999.000,9999.000,9999.000,9999.000,9999.000,9999.000,9999.000
202606110100,   4.556,   5.008,   0.200,   0.252,   5.008,   0.200,   5.008,   0.300,   5.108
202606110106,   4.437,   4.910,9999.000,9999.000,9999.000,9999.000,9999.000,9999.000,9999.000
202606110112,   4.316,   4.828,9999.000,9999.000,9999.000,9999.000,9999.000,9999.000,9999.000
202606110118,   4.193,   4.749,9999.000,9999.000,9999.000,9999.000,9999.000,9999.000,9999.000
202606110124,   4.068,   4.647,9999.000,9999.000,9999.000,9999.000,9999.000,9999.000,9999.000
202606110130,   3.942,   4.549,9999.000,9999.000,9999.000,9999.000,9999.000,9999.000,9999.000
202606110136,   3.815,   4.447,9999.000,9999.000,9999.000,9999.000,9999.000,9999.000,9999.000
202606110142,   3.688,   4.359,9999.000,9999.000,9999.000,9999.000,9999.000,9999.000,9999.000
202606110148,   3.561,   4.267,9999.000,9999.000,9999.000,9999.000,9999.000,9999.000,9999.000
202606110154,   3.434,   4.168,9999.000,9999.000,9999.000,9999.000,9999.000,9999.000,9999.000
202606110200,   3.309,   4.080,   0.200,   0.571,   4.080,   0.200,   4.080,   0.300,   4.180
202606110206,   3.185,   3.968,9999.000,9999.000,9999.000,9999.000,9999.000,9999.000,9999.000
202606110212,   3.062,   3.860,9999.000,9999.000,9999.000,9999.000,9999.000,9999.000,9999.000
202606110218,   2.941,   3.749,9999.000,9999.000,9999.000,9999.000,9999.000,9999.000,9999.000
202606110224,   2.823,   3.660,9999.000,9999.000,9999.000,9999.000,9999.000,9999.000,9999.000
202606110230,   2.708,   3.548,9999.000,9999.000,9999.000,9999.000,9999.000,9999.000,9999.000
202606110236,   2.596,   3.417,9999.000,9999.000,9999.000,9999.000,9999.000,9999.000,9999.000
202606110242,   2.487,   3.289,9999.000,9999.000,9999.000,9999.000,9999.000,9999.000,9999.000
202606110248,   2.381,   3.168,9999.000,9999.000,9999.000,9999.000,9999.000,9999.000,9999.000
202606110254,   2.280,   3.040,9999.000,9999.000,9999.000,9999.000,9999.000,9999.000,9999.000
202606110300,   2.181,   2.919,   0.200,   0.538,   2.919,   0.200,   2.919,   0.300,   3.019
202606110306,   2.087,   2.797,9999.000,9999.000,9999.000,9999.000,9999.000,9999.000,9999.000
202606110312,   1.997,   2.669,9999.000,9999.000,9999.000,9999.000,9999.000,9999.000,9999.000
202606110318,   1.910,   2.538,9999.000,9999.000,9999.000,9999.000,9999.000,9999.000,9999.000
202606110324,   1.827,   2.420,9999.000,9999.000,9999.000,9999.000,9999.000,9999.000,9999.000
202606110330,   1.748,   2.299,9999.000,9999.000,9999.000,9999.000,9999.000,9999.000,9999.000
202606110336,   1.673,   2.191,9999.000,9999.000,9999.000,9999.000,9999.000,9999.000,9999.000
202606110342,   1.601,   2.089,9999.000,9999.000,9999.000,9999.000,9999.000,9999.000,9999.000
202606110348,   1.532,   1.981,9999.000,9999.000,9999.000,9999.000,9999.000,9999.000,9999.000
202606110354,   1.467,   1.879,9999.000,9999.000,9999.000,9999.000,9999.000,9999.000,9999.000
202606110400,   1.405,   1.781,   0.200,   0.176,   1.781,   0.100,   1.681,   0.300,   1.881
202606110406,   1.345,   1.679,9999.000,9999.000,9999.000,9999.000,9999.000,9999.000,9999.000
202606110412,   1.288,   1.580,9999.000,9999.000,9999.000,9999.000,9999.000,9999.000,9999.000
202606110418,   1.234,   1.489,9999.000,9999.000,9999.000,9999.000,9999.000,9999.000,9999.000
202606110424,   1.182,   1.410,9999.000,9999.000,9999.000,9999.000,9999.000,9999.000,9999.000
202606110430,   1.133,   1.308,9999.000,9999.000,9999.000,9999.000,9999.000,9999.000,9999.000
202606110436,   1.086,   1.229,9999.000,9999.000,9999.000,9999.000,9999.000,9999.000,9999.000
202606110442,   1.042,   1.138,9999.000,9999.000,9999.000,9999.000,9999.000,9999.000,9999.000
202606110448,   1.001,   1.059,9999.000,9999.000,9999.000,9999.000,9999.000,9999.000,9999.000
202606110454,   0.962,   0.990,9999.000,9999.000,9999.000,9999.000,9999.000,9999.000,9999.000
202606110500,   0.926,   0.918,   0.200,  -0.208,   0.918,   0.100,   0.818,   0.300,   1.018
202606110506,   0.894,   0.849,9999.000,9999.000,9999.000,9999.000,9999.000,9999.000,9999.000
202606110512,   0.866,   0.790,9999.000,9999.000,9999.000,9999.000,9999.000,9999.000,9999.000
202606110518,   0.842,   0.731,9999.000,9999.000,9999.000,9999.000,9999.000,9999.000,9999.000
202606110524,   0.822,   0.678,9999.000,9999.000,9999.000,9999.000,9999.000,9999.000,9999.000
202606110530,   0.807,   0.629,9999.000,9999.000,9999.000,9999.000,9999.000,9999.000,9999.000
202606110536,   0.798,   0.590,9999.000,9999.000,9999.000,9999.000,9999.000,9999.000,9999.000
202606110542,   0.795,   0.570,9999.000,9999.000,9999.000,9999.000,9999.000,9999.000,9999.000
202606110548,   0.798,   0.560,9999.000,9999.000,9999.000,9999.000,9999.000,9999.000,9999.000
202606110554,   0.808,   0.560,9999.000,9999.000,9999.000,9999.000,9999.000,9999.000,9999.000
202606110600,   0.825,   0.580,   0.200,  -0.445,   0.580,   0.100,   0.480,   0.200,   0.580
202606110606,   0.849,   0.629,9999.000,9999.000,9999.000,9999.000,9999.000,9999.000,9999.000
202606110612,   0.882,   0.678,9999.000,9999.000,9999.000,9999.000,9999.000,9999.000,9999.000
202606110618,   0.922,   0.770,9999.000,9999.000,9999.000,9999.000,9999.000,9999.000,9999.000
202606110624,   0.970,   0.888,9999.000,9999.000,9999.000,9999.000,9999.000,9999.000,9999.000
202606110630,   1.026,   1.020,9999.000,9999.000,9999.000,9999.000,9999.000,9999.000,9999.000
202606110636,   1.091,   1.079,9999.000,9999.000,9999.000,9999.000,9999.000,9999.000,9999.000
202606110642,   1.163,   1.210,9999.000,9999.000,9999.000,9999.000,9999.000,9999.000,9999.000
202606110648,   1.243,   1.361,9999.000,9999.000,9999.000,9999.000,9999.000,9999.000,9999.000
202606110654,   1.330,   1.489,9999.000,9999.000,9999.000,9999.000,9999.000,9999.000,9999.000
202606110700,   1.424,   1.630,   0.200,   0.006,   1.630,   0.100,   1.530,   0.200,   1.630
202606110706,   1.524,   1.728,9999.000,9999.000,9999.000,9999.000,9999.000,9999.000,9999.000
202606110712,   1.631,   1.889,9999.000,9999.000,9999.000,9999.000,9999.000,9999.000,9999.000
202606110718,   1.743,   2.030,9999.000,9999.000,9999.000,9999.000,9999.000,9999.000,9999.000
202606110724,   1.860,   2.168,9999.000,9999.000,9999.000,9999.000,9999.000,9999.000,9999.000
202606110730,   1.981,   2.309,9999.000,9999.000,9999.000,9999.000,9999.000,9999.000,9999.000
202606110736,   2.105,   2.459,9999.000,9999.000,9999.000,9999.000,9999.000,9999.000,9999.000
202606110742,   2.233,   2.597,9999.000,9999.000,9999.000,9999.000,9999.000,9999.000,9999.000
202606110748,   2.363,   2.738,9999.000,9999.000,9999.000,9999.000,9999.000,9999.000,9999.000
202606110754,   2.494,   2.899,9999.000,9999.000,9999.000,9999.000,9999.000,9999.000,9999.000
202606110800,   2.627,   3.040,   0.200,   0.213,   3.040,   0.100,   2.940,   0.200,   3.040
202606110806,   2.759,   3.188,9999.000,9999.000,9999.000,9999.000,9999.000,9999.000,9999.000
202606110812,   2.891,   3.329,9999.000,9999.000,9999.000,9999.000,9999.000,9999.000,9999.000
202606110818,   3.023,   3.470,9999.000,9999.000,9999.000,9999.000,9999.000,9999.000,9999.000
202606110824,   3.153,   3.598,9999.000,9999.000,9999.000,9999.000,9999.000,9999.000,9999.000
202606110830,   3.280,   3.749,9999.000,9999.000,9999.000,9999.000,9999.000,9999.000,9999.000
202606110836,   3.406,   3.890,9999.000,9999.000,9999.000,9999.000,9999.000,9999.000,9999.000
202606110842,   3.528,   4.008,9999.000,9999.000,9999.000,9999.000,9999.000,9999.000,9999.000
202606110848,   3.648,   4.119,9999.000,9999.000,9999.000,9999.000,9999.000,9999.000,9999.000
202606110854,   3.763,   4.247,9999.000,9999.000,9999.000,9999.000,9999.000,9999.000,9999.000
202606110900,   3.875,   4.378,   0.200,   0.303,   4.378,   0.100,   4.278,   0.200,   4.378
202606110906,   3.983,   4.509,9999.000,9999.000,9999.000,9999.000,9999.000,9999.000,9999.000
202606110912,   4.086,   4.608,9999.000,9999.000,9999.000,9999.000,9999.000,9999.000,9999.000
202606110918,   4.186,   4.700,9999.000,9999.000,9999.000,9999.000,9999.000,9999.000,9999.000
202606110924,   4.280,   4.798,9999.000,9999.000,9999.000,9999.000,9999.000,9999.000,9999.000
202606110930,   4.371,   4.910,9999.000,9999.000,9999.000,9999.000,9999.000,9999.000,9999.000
202606110936,   4.457,   5.008,9999.000,9999.000,9999.000,9999.000,9999.000,9999.000,9999.000
202606110942,   4.538,   5.077,9999.000,9999.000,9999.000,9999.000,9999.000,9999.000,9999.000
202606110948,   4.616,   5.159,9999.000,9999.000,9999.000,9999.000,9999.000,9999.000,9999.000
202606110954,   4.689,   5.228,9999.000,9999.000,9999.000,9999.000,9999.000,9999.000,9999.000
202606111000,   4.757,   5.320,   0.200,   0.363,   5.320,   0.100,   5.220,   0.200,   5.320
202606111006,   4.821,   5.389,9999.000,9999.000,9999.000,9999.000,9999.000,9999.000,9999.000
202606111012,   4.881,   5.448,9999.000,9999.000,9999.000,9999.000,9999.000,9999.000,9999.000
202606111018,   4.937,   5.516,9999.000,9999.000,9999.000,9999.000,9999.000,9999.000,9999.000
202606111024,   4.989,   5.579,9999.000,9999.000,9999.000,9999.000,9999.000,9999.000,9999.000
202606111030,   5.036,   5.618,9999.000,9999.000,9999.000,9999.000,9999.000,9999.000,9999.000
202606111036,   5.079,   5.667,9999.000,9999.000,9999.000,9999.000,9999.000,9999.000,9999.000
202606111042,   5.117,   5.707,9999.000,9999.000,9999.000,9999.000,9999.000,9999.000,9999.000
202606111048,   5.151,   5.749,9999.000,9999.000,9999.000,9999.000,9999.000,9999.000,9999.000
202606111054,   5.181,   5.779,9999.000,9999.000,9999.000,9999.000,9999.000,9999.000,9999.000
202606111100,   5.205,   5.808,   0.200,   0.403,   5.808,   0.100,   5.708,   0.200,   5.808
202606111106,   5.224,   5.808,9999.000,9999.000,9999.000,9999.000,9999.000,9999.000,9999.000
202606111112,   5.238,   5.838,9999.000,9999.000,9999.000,9999.000,9999.000,9999.000,9999.000
202606111118,   5.247,   5.848,9999.000,9999.000,9999.000,9999.000,9999.000,9999.000,9999.000
202606111124,   5.249,   5.858,9999.000,9999.000,9999.000,9999.000,9999.000,9999.000,9999.000
202606111130,   5.246,   5.867,9999.000,9999.000,9999.000,9999.000,9999.000,9999.000,9999.000
202606111136,   5.237,   5.858,9999.000,9999.000,9999.000,9999.000,9999.000,9999.000,9999.000
202606111142,   5.221,   5.848,9999.000,9999.000,9999.000,9999.000,9999.000,9999.000,9999.000
202606111148,   5.199,   5.838,9999.000,9999.000,9999.000,9999.000,9999.000,9999.000,9999.000
202606111154,   5.170,   5.818,9999.000,9999.000,9999.000,9999.000,9999.000,9999.000,9999.000
202606111200,   5.135,   5.769,   0.200,   0.434,   5.769,   0.100,   5.669,   0.200,   5.769
202606111206,   5.092,   5.717,9999.000,9999.000,9999.000,9999.000,9999.000,9999.000,9999.000
202606111212,   5.043,   5.677,9999.000,9999.000,9999.000,9999.000,9999.000,9999.000,9999.000
202606111218,   4.987,   5.608,9999.000,9999.000,9999.000,9999.000,9999.000,9999.000,9999.000
202606111224,   4.924,   5.549,9999.000,9999.000,9999.000,9999.000,9999.000,9999.000,9999.000
202606111230,   4.854,   5.467,9999.000,9999.000,9999.000,9999.000,9999.000,9999.000,9999.000
202606111236,   4.778,   5.389,9999.000,9999.000,9999.000,9999.000,9999.000,9999.000,9999.000
202606111242,   4.696,   5.307,9999.000,9999.000,9999.000,9999.000,9999.000,9999.000,9999.000
202606111248,   4.607,   5.208,9999.000,9999.000,9999.000,9999.000,9999.000,9999.000,9999.000
202606111254,   4.513,   5.139,9999.000,9999.000,9999.000,9999.000,9999.000,9999.000,9999.000
202606111300,   4.414,   5.047,   0.200,   0.433,   5.047,   0.100,   4.947,   0.200,   5.047
202606111306,   4.309,   4.949,9999.000,9999.000,9999.000,9999.000,9999.000,9999.000,9999.000
202606111312,   4.199,   4.837,9999.000,9999.000,9999.000,9999.000,9999.000,9999.000,9999.000
202606111318,   4.086,   4.739,9999.000,9999.000,9999.000,9999.000,9999.000,9999.000,9999.000
202606111324,   3.968,   4.628,9999.000,9999.000,9999.000,9999.000,9999.000,9999.000,9999.000
202606111330,   3.848,   4.529,9999.000,9999.000,9999.000,9999.000,9999.000,9999.000,9999.000
202606111336,   3.724,   4.437,9999.000,9999.000,9999.000,9999.000,9999.000,9999.000,9999.000
202606111342,   3.598,   4.329,9999.000,9999.000,9999.000,9999.000,9999.000,9999.000,9999.000
202606111348,   3.470,   4.227,9999.000,9999.000,9999.000,9999.000,9999.000,9999.000,9999.000
202606111354,   3.341,   4.129,9999.000,9999.000,9999.000,9999.000,9999.000,9999.000,9999.000
202606111400,   3.211,   4.027,   0.200,   0.616,   4.027,   0.200,   4.027,   0.200,   4.027
202606111406,   3.081,   3.939,9999.000,9999.000,9999.000,9999.000,9999.000,9999.000,9999.000
202606111412,   2.951,   3.827,9999.000,9999.000,9999.000,9999.000,9999.000,9999.000,9999.000
202606111418,   2.822,   3.729,9999.000,9999.000,9999.000,9999.000,9999.000,9999.000,9999.000
202606111424,   2.693,   3.627,9999.000,9999.000,9999.000,9999.000,9999.000,9999.000,9999.000
202606111430,   2.566,   3.519,9999.000,9999.000,9999.000,9999.000,9999.000,9999.000,9999.000
202606111436,   2.442,   3.398,9999.000,9999.000,9999.000,9999.000,9999.000,9999.000,9999.000
202606111442,   2.319,   3.289,9999.000,9999.000,9999.000,9999.000,9999.000,9999.000,9999.000
202606111448,   2.200,   3.158,9999.000,9999.000,9999.000,9999.000,9999.000,9999.000,9999.000
202606111454,   2.084,   3.040,9999.000,9999.000,9999.000,9999.000,9999.000,9999.000,9999.000
202606111500,   1.971,   2.919,   0.200,   0.748,   2.919,   0.200,   2.919,   0.300,   3.019
202606111506,   1.862,   2.797,9999.000,9999.000,9999.000,9999.000,9999.000,9999.000,9999.000
202606111512,   1.758,   2.669,9999.000,9999.000,9999.000,9999.000,9999.000,9999.000,9999.000
202606111518,   1.657,   2.548,9999.000,9999.000,9999.000,9999.000,9999.000,9999.000,9999.000
202606111524,   1.561,   2.430,9999.000,9999.000,9999.000,9999.000,9999.000,9999.000,9999.000
202606111530,   1.470,   2.318,9999.000,9999.000,9999.000,9999.000,9999.000,9999.000,9999.000
202606111536,   1.383,   2.210,9999.000,9999.000,9999.000,9999.000,9999.000,9999.000,9999.000
202606111542,   1.300,   2.089,9999.000,9999.000,9999.000,9999.000,9999.000,9999.000,9999.000
202606111548,   1.223,   1.990,9999.000,9999.000,9999.000,9999.000,9999.000,9999.000,9999.000
202606111554,   1.150,   1.879,9999.000,9999.000,9999.000,9999.000,9999.000,9999.000,9999.000
202606111600,   1.081,   1.767,   0.200,   0.486,   1.767,   0.200,   1.767,   0.300,   1.867
202606111606,   1.017,   1.669,9999.000,9999.000,9999.000,9999.000,9999.000,9999.000,9999.000
202606111612,   0.956,   1.557,9999.000,9999.000,9999.000,9999.000,9999.000,9999.000,9999.000
202606111618,   0.900,   1.459,9999.000,9999.000,9999.000,9999.000,9999.000,9999.000,9999.000
202606111624,   0.848,   1.361,9999.000,9999.000,9999.000,9999.000,9999.000,9999.000,9999.000
202606111630,   0.799,   1.269,9999.000,9999.000,9999.000,9999.000,9999.000,9999.000,9999.000
202606111636,   0.754,   1.170,9999.000,9999.000,9999.000,9999.000,9999.000,9999.000,9999.000
202606111642,   0.713,   1.079,9999.000,9999.000,9999.000,9999.000,9999.000,9999.000,9999.000
202606111648,   0.675,   1.000,9999.000,9999.000,9999.000,9999.000,9999.000,9999.000,9999.000
202606111654,   0.640,   0.918,9999.000,9999.000,9999.000,9999.000,9999.000,9999.000,9999.000
202606111700,   0.608,   0.849,   0.200,   0.041,   0.849,   0.200,   0.849,   0.300,   0.949
202606111706,   0.580,   0.780,9999.000,9999.000,9999.000,9999.000,9999.000,9999.000,9999.000
202606111712,   0.555,   0.708,9999.000,9999.000,9999.000,9999.000,9999.000,9999.000,9999.000
202606111718,   0.534,   0.649,9999.000,9999.000,9999.000,9999.000,9999.000,9999.000,9999.000
202606111724,   0.516,   0.600,9999.000,9999.000,9999.000,9999.000,9999.000,9999.000,9999.000
202606111730,   0.503,   0.551,9999.000,9999.000,9999.000,9999.000,9999.000,9999.000,9999.000
202606111736,   0.494,   0.508,9999.000,9999.000,9999.000,9999.000,9999.000,9999.000,9999.000
202606111742,   0.489,   0.469,9999.000,9999.000,9999.000,9999.000,9999.000,9999.000,9999.000
202606111748,   0.490,   0.449,9999.000,9999.000,9999.000,9999.000,9999.000,9999.000,9999.000
202606111754,   0.496,   0.429,9999.000,9999.000,9999.000,9999.000,9999.000,9999.000,9999.000
202606111800,   0.508,   0.439,   0.300,  -0.369,   0.439,   0.200,   0.339,   0.400,   0.539
202606111806,   0.526,   0.469,9999.000,9999.000,9999.000,9999.000,9999.000,9999.000,9999.000
202606111812,   0.552,   0.518,9999.000,9999.000,9999.000,9999.000,9999.000,9999.000,9999.000
202606111818,   0.584,   0.600,9999.000,9999.000,9999.000,9999.000,9999.000,9999.000,9999.000
202606111824,   0.623,   0.688,9999.000,9999.000,9999.000,9999.000,9999.000,9999.000,9999.000
202606111830,   0.671,   0.810,9999.000,9999.000,9999.000,9999.000,9999.000,9999.000,9999.000
202606111836,   0.726,   0.928,9999.000,9999.000,9999.000,9999.000,9999.000,9999.000,9999.000
202606111842,   0.789,   1.059,9999.000,9999.000,9999.000,9999.000,9999.000,9999.000,9999.000
202606111848,   0.861,   1.210,9999.000,9999.000,9999.000,9999.000,9999.000,9999.000,9999.000
202606111854,   0.941,   1.361,9999.000,9999.000,9999.000,9999.000,9999.000,9999.000,9999.000
202606111900,   1.029,   1.508,   0.300,   0.179,   1.508,   0.200,   1.408,   0.400,   1.608
202606111906,   1.125,   1.659,9999.000,9999.000,9999.000,9999.000,9999.000,9999.000,9999.000
202606111912,   1.229,   1.800,9999.000,9999.000,9999.000,9999.000,9999.000,9999.000,9999.000
202606111918,   1.341,   1.958,9999.000,9999.000,9999.000,9999.000,9999.000,9999.000,9999.000
202606111924,   1.460,   2.118,9999.000,9999.000,9999.000,9999.000,9999.000,9999.000,9999.000
202606111930,   1.585,   2.269,9999.000,9999.000,9999.000,9999.000,9999.000,9999.000,9999.000
202606111936,   1.717,   2.420,9999.000,9999.000,9999.000,9999.000,9999.000,9999.000,9999.000
202606111942,   1.854,   2.578,9999.000,9999.000,9999.000,9999.000,9999.000,9999.000,9999.000
202606111948,   1.997,   2.738,9999.000,9999.000,9999.000,9999.000,9999.000,9999.000,9999.000
202606111954,   2.144,   2.919,9999.000,9999.000,9999.000,9999.000,9999.000,9999.000,9999.000
202606112000,   2.294,   3.079,   0.300,   0.485,   3.079,   0.200,   2.979,   0.400,   3.179
202606112006,   2.448,   3.250,9999.000,9999.000,9999.000,9999.000,9999.000,9999.000,9999.000
202606112012,   2.603,   3.407,9999.000,9999.000,9999.000,9999.000,9999.000,9999.000,9999.000
202606112018,   2.761,   3.578,9999.000,9999.000,9999.000,9999.000,9999.000,9999.000,9999.000
202606112024,   2.919,   3.729,9999.000,9999.000,9999.000,9999.000,9999.000,9999.000,9999.000
202606112030,   3.077,   3.890,9999.000,9999.000,9999.000,9999.000,9999.000,9999.000,9999.000
202606112036,   3.235,   4.047,9999.000,9999.000,9999.000,9999.000,9999.000,9999.000,9999.000
202606112042,   3.392,   4.198,9999.000,9999.000,9999.000,9999.000,9999.000,9999.000,9999.000
202606112048,   3.547,   4.349,9999.000,9999.000,9999.000,9999.000,9999.000,9999.000,9999.000
202606112054,   3.700,   4.480,9999.000,9999.000,9999.000,9999.000,9999.000,9999.000,9999.000
202606112100,   3.849,   4.618,   0.400,   0.369,   4.618,   0.300,   4.518,   0.400,   4.618
202606112106,   3.996,   4.749,9999.000,9999.000,9999.000,9999.000,9999.000,9999.000,9999.000
202606112112,   4.139,   4.887,9999.000,9999.000,9999.000,9999.000,9999.000,9999.000,9999.000
202606112118,   4.278,   5.018,9999.000,9999.000,9999.000,9999.000,9999.000,9999.000,9999.000
202606112124,   4.412,   5.139,9999.000,9999.000,9999.000,9999.000,9999.000,9999.000,9999.000
202606112130,   4.542,   5.247,9999.000,9999.000,9999.000,9999.000,9999.000,9999.000,9999.000
202606112136,   4.667,   5.369,9999.000,9999.000,9999.000,9999.000,9999.000,9999.000,9999.000
202606112142,   4.787,   5.467,9999.000,9999.000,9999.000,9999.000,9999.000,9999.000,9999.000
202606112148,   4.902,   5.559,9999.000,9999.000,9999.000,9999.000,9999.000,9999.000,9999.000
202606112154,   5.012,   5.657,9999.000,9999.000,9999.000,9999.000,9999.000,9999.000,9999.000
202606112200,   5.116,   5.749,   0.400,   0.233,   5.749,   0.300,   5.649,   0.400,   5.749
202606112206,   5.216,   5.838,9999.000,9999.000,9999.000,9999.000,9999.000,9999.000,9999.000
202606112212,   5.310,   5.917,9999.000,9999.000,9999.000,9999.000,9999.000,9999.000,9999.000
202606112218,   5.399,   5.999,9999.000,9999.000,9999.000,9999.000,9999.000,9999.000,9999.000
202606112224,   5.483,   6.077,9999.000,9999.000,9999.000,9999.000,9999.000,9999.000,9999.000
202606112230,   5.563,   6.136,9999.000,9999.000,9999.000,9999.000,9999.000,9999.000,9999.000
202606112236,   5.637,   6.199,9999.000,9999.000,9999.000,9999.000,9999.000,9999.000,9999.000
202606112242,   5.706,   6.258,9999.000,9999.000,9999.000,9999.000,9999.000,9999.000,9999.000
202606112248,   5.770,   6.327,9999.000,9999.000,9999.000,9999.000,9999.000,9999.000,9999.000
202606112254,   5.829,   6.389,9999.000,9999.000,9999.000,9999.000,9999.000,9999.000,9999.000
202606112300,   5.883,   6.428,   0.400,   0.145,   6.428,   0.300,   6.328,   0.500,   6.528
202606112306,   5.932,   6.468,9999.000,9999.000,9999.000,9999.000,9999.000,9999.000,9999.000
202606112312,   5.976,   6.517,9999.000,9999.000,9999.000,9999.000,9999.000,9999.000,9999.000
202606112318,   6.014,   6.556,9999.000,9999.000,9999.000,9999.000,9999.000,9999.000,9999.000
202606112324,   6.047,   6.609,9999.000,9999.000,9999.000,9999.000,9999.000,9999.000,9999.000
202606112330,   6.074,   6.638,9999.000,9999.000,9999.000,9999.000,9999.000,9999.000,9999.000
202606112336,   6.095,   6.668,9999.000,9999.000,9999.000,9999.000,9999.000,9999.000,9999.000
202606112342,   6.110,   6.697,9999.000,9999.000,9999.000,9999.000,9999.000,9999.000,9999.000
202606112348,   6.119,   6.697,9999.000,9999.000,9999.000,9999.000,9999.000,9999.000,9999.000
202606112354,   6.122,   6.727,9999.000,9999.000,9999.000,9999.000,9999.000,9999.000,9999.000
202606120000,   6.118,   6.737,   0.500,   0.119,   6.737,   0.400,   6.637,   0.500,   6.737
202606120006,   6.107,   6.746,9999.000,9999.000,9999.000,9999.000,9999.000,9999.000,9999.000
202606120012,   6.089,   6.746,9999.000,9999.000,9999.000,9999.000,9999.000,9999.000,9999.000
202606120018,   6.065,   6.746,9999.000,9999.000,9999.000,9999.000,9999.000,9999.000,9999.000
202606120024,   6.033,   6.737,9999.000,9999.000,9999.000,9999.000,9999.000,9999.000,9999.000
202606120030,   5.994,   6.717,9999.000,9999.000,9999.000,9999.000,9999.000,9999.000,9999.000
202606120036,   5.948,   6.687,9999.000,9999.000,9999.000,9999.000,9999.000,9999.000,9999.000
202606120042,   5.896,   6.648,9999.000,9999.000,9999.000,9999.000,9999.000,9999.000,9999.000
202606120048,   5.836,   6.599,9999.000,9999.000,9999.000,9999.000,9999.000,9999.000,9999.000
202606120054,   5.769,   6.546,9999.000,9999.000,9999.000,9999.000,9999.000,9999.000,9999.000
202606120100,   5.696,   6.487,   0.500,   0.291,   6.487,   0.400,   6.387,   0.500,   6.487
202606120106,   5.616,   6.418,9999.000,9999.000,9999.000,9999.000,9999.000,9999.000,9999.000
202606120112,   5.530,   6.336,9999.000,9999.000,9999.000,9999.000,9999.000,9999.000,9999.000
202606120118,   5.439,   6.238,9999.000,9999.000,9999.000,9999.000,9999.000,9999.000,9999.000
202606120124,   5.341,   6.136,9999.000,9999.000,9999.000,9999.000,9999.000,9999.000,9999.000
202606120130,   5.239,   6.048,9999.000,9999.000,9999.000,9999.000,9999.000,9999.000,9999.000
202606120136,   5.132,   5.949,9999.000,9999.000,9999.000,9999.000,9999.000,9999.000,9999.000
202606120142,   5.021,   5.867,9999.000,9999.000,9999.000,9999.000,9999.000,9999.000,9999.000
202606120148,   4.905,   5.769,9999.000,9999.000,9999.000,9999.000,9999.000,9999.000,9999.000
202606120154,   4.787,   5.657,9999.000,9999.000,9999.000,9999.000,9999.000,9999.000,9999.000
202606120200,   4.665,   5.569,   0.500,   0.404,   5.569,   0.400,   5.469,   0.500,   5.569
202606120206,   4.540,   5.477,9999.000,9999.000,9999.000,9999.000,9999.000,9999.000,9999.000
202606120212,   4.414,   5.379,9999.000,9999.000,9999.000,9999.000,9999.000,9999.000,9999.000
202606120218,   4.286,   5.277,9999.000,9999.000,9999.000,9999.000,9999.000,9999.000,9999.000
202606120224,   4.157,   5.179,9999.000,9999.000,9999.000,9999.000,9999.000,9999.000,9999.000
202606120230,   4.027,   5.067,9999.000,9999.000,9999.000,9999.000,9999.000,9999.000,9999.000
202606120236,   3.897,   4.969,9999.000,9999.000,9999.000,9999.000,9999.000,9999.000,9999.000
202606120242,   3.767,   4.900,9999.000,9999.000,9999.000,9999.000,9999.000,9999.000,9999.000
202606120248,   3.638,   4.778,9999.000,9999.000,9999.000,9999.000,9999.000,9999.000,9999.000
202606120254,   3.509,   4.657,9999.000,9999.000,9999.000,9999.000,9999.000,9999.000,9999.000
202606120300,   3.382,   4.519,   0.500,   0.637,   4.519,   0.400,   4.419,   0.500,   4.519
202606120306,   3.257,   4.398,9999.000,9999.000,9999.000,9999.000,9999.000,9999.000,9999.000
202606120312,   3.134,   4.267,9999.000,9999.000,9999.000,9999.000,9999.000,9999.000,9999.000
202606120318,   3.013,   4.149,9999.000,9999.000,9999.000,9999.000,9999.000,9999.000,9999.000
202606120324,   2.895,   4.057,9999.000,9999.000,9999.000,9999.000,9999.000,9999.000,9999.000
202606120330,   2.780,   3.939,9999.000,9999.000,9999.000,9999.000,9999.000,9999.000,9999.000
202606120336,   2.667,   3.817,9999.000,9999.000,9999.000,9999.000,9999.000,9999.000,9999.000
202606120342,   2.558,   3.699,9999.000,9999.000,9999.000,9999.000,9999.000,9999.000,9999.000
202606120348,   2.453,   3.578,9999.000,9999.000,9999.000,9999.000,9999.000,9999.000,9999.000
202606120354,   2.350,   3.450,9999.000,9999.000,9999.000,9999.000,9999.000,9999.000,9999.000
202606120400,   2.251,   3.348,   0.500,   0.597,   3.348,   0.400,   3.248,   0.500,   3.348
202606120406,   2.156,   3.217,9999.000,9999.000,9999.000,9999.000,9999.000,9999.000,9999.000
202606120412,   2.064,   3.089,9999.000,9999.000,9999.000,9999.000,9999.000,9999.000,9999.000
202606120418,   1.975,   2.948,9999.000,9999.000,9999.000,9999.000,9999.000,9999.000,9999.000
202606120424,   1.890,   2.820,9999.000,9999.000,9999.000,9999.000,9999.000,9999.000,9999.000
202606120430,   1.807,   2.689,9999.000,9999.000,9999.000,9999.000,9999.000,9999.000,9999.000
202606120436,   1.728,   2.568,9999.000,9999.000,9999.000,9999.000,9999.000,9999.000,9999.000
202606120442,   1.651,   2.459,9999.000,9999.000,9999.000,9999.000,9999.000,9999.000,9999.000
202606120448,   1.576,   2.348,9999.000,9999.000,9999.000,9999.000,9999.000,9999.000,9999.000
202606120454,   1.504,   2.240,9999.000,9999.000,9999.000,9999.000,9999.000,9999.000,9999.000
202606120500,   1.434,   2.138,   0.500,   0.204,   2.138,   0.400,   2.038,   0.500,   2.138
202606120506,   1.367,   2.030,9999.000,9999.000,9999.000,9999.000,9999.000,9999.000,9999.000
202606120512,   1.301,   1.928,9999.000,9999.000,9999.000,9999.000,9999.000,9999.000,9999.000
202606120518,   1.237,   1.830,9999.000,9999.000,9999.000,9999.000,9999.000,9999.000,9999.000
202606120524,   1.175,   1.738,9999.000,9999.000,9999.000,9999.000,9999.000,9999.000,9999.000
202606120530,   1.115,   1.649,9999.000,9999.000,9999.000,9999.000,9999.000,9999.000,9999.000
202606120536,   1.057,   1.538,9999.000,9999.000,9999.000,9999.000,9999.000,9999.000,9999.000
202606120542,   1.002,   1.439,9999.000,9999.000,9999.000,9999.000,9999.000,9999.000,9999.000
202606120548,   0.949,   1.361,9999.000,9999.000,9999.000,9999.000,9999.000,9999.000,9999.000
202606120554,   0.899,   1.279,9999.000,9999.000,9999.000,9999.000,9999.000,9999.000,9999.000
202606120600,   0.853,   1.210,   0.500,  -0.143,   1.210,   0.400,   1.110,   0.600,   1.310
202606120606,   0.810,   1.128,9999.000,9999.000,9999.000,9999.000,9999.000,9999.000,9999.000
202606120612,   0.771,   1.069,9999.000,9999.000,9999.000,9999.000,9999.000,9999.000,9999.000
202606120618,   0.737,   1.000,9999.000,9999.000,9999.000,9999.000,9999.000,9999.000,9999.000
202606120624,   0.708,   0.951,9999.000,9999.000,9999.000,9999.000,9999.000,9999.000,9999.000
202606120630,   0.685,   0.898,9999.000,9999.000,9999.000,9999.000,9999.000,9999.000,9999.000
202606120636,   0.668,   0.869,9999.000,9999.000,9999.000,9999.000,9999.000,9999.000,9999.000
202606120642,   0.658,   0.839,9999.000,9999.000,9999.000,9999.000,9999.000,9999.000,9999.000
202606120648,   0.655,   0.829,9999.000,9999.000,9999.000,9999.000,9999.000,9999.000,9999.000
202606120654,   0.660,   0.810,9999.000,9999.000,9999.000,9999.000,9999.000,9999.000,9999.000
202606120700,   0.673,   0.800,   0.500,  -0.373,   0.800,   0.300,   0.600,   0.600,   0.900
202606120706,   0.695,   0.810,9999.000,9999.000,9999.000,9999.000,9999.000,9999.000,9999.000
202606120712,   0.725,   0.829,9999.000,9999.000,9999.000,9999.000,9999.000,9999.000,9999.000
202606120718,   0.763,   0.869,9999.000,9999.000,9999.000,9999.000,9999.000,9999.000,9999.000
202606120724,   0.811,   0.928,9999.000,9999.000,9999.000,9999.000,9999.000,9999.000,9999.000
202606120730,   0.867,   1.000,9999.000,9999.000,9999.000,9999.000,9999.000,9999.000,9999.000
202606120736,   0.931,   1.098,9999.000,9999.000,9999.000,9999.000,9999.000,9999.000,9999.000
202606120742,   1.004,   1.220,9999.000,9999.000,9999.000,9999.000,9999.000,9999.000,9999.000
202606120748,   1.085,   1.361,9999.000,9999.000,9999.000,9999.000,9999.000,9999.000,9999.000
202606120754,   1.173,   1.489,9999.000,9999.000,9999.000,9999.000,9999.000,9999.000,9999.000
202606120800,   1.268,   1.630,   0.500,  -0.138,   1.630,   0.300,   1.430,   0.500,   1.630
202606120806,   1.370,   1.767,9999.000,9999.000,9999.000,9999.000,9999.000,9999.000,9999.000
202606120812,   1.478,   1.918,9999.000,9999.000,9999.000,9999.000,9999.000,9999.000,9999.000
202606120818,   1.591,   2.059,9999.000,9999.000,9999.000,9999.000,9999.000,9999.000,9999.000
202606120824,   1.709,   2.191,9999.000,9999.000,9999.000,9999.000,9999.000,9999.000,9999.000
202606120830,   1.831,   2.338,9999.000,9999.000,9999.000,9999.000,9999.000,9999.000,9999.000
202606120836,   1.956,   2.489,9999.000,9999.000,9999.000,9999.000,9999.000,9999.000,9999.000
202606120842,   2.084,   2.640,9999.000,9999.000,9999.000,9999.000,9999.000,9999.000,9999.000
202606120848,   2.214,   2.778,9999.000,9999.000,9999.000,9999.000,9999.000,9999.000,9999.000
202606120854,   2.346,   2.919,9999.000,9999.000,9999.000,9999.000,9999.000,9999.000,9999.000
202606120900,   2.478,   3.070,   0.400,   0.192,   3.070,   0.300,   2.970,   0.500,   3.170
202606120906,   2.611,   3.230,9999.000,9999.000,9999.000,9999.000,9999.000,9999.000,9999.000
202606120912,   2.743,   3.358,9999.000,9999.000,9999.000,9999.000,9999.000,9999.000,9999.000
202606120918,   2.874,   3.519,9999.000,9999.000,9999.000,9999.000,9999.000,9999.000,9999.000
202606120924,   3.004,   3.670,9999.000,9999.000,9999.000,9999.000,9999.000,9999.000,9999.000
202606120930,   3.132,   3.827,9999.000,9999.000,9999.000,9999.000,9999.000,9999.000,9999.000
202606120936,   3.257,   3.968,9999.000,9999.000,9999.000,9999.000,9999.000,9999.000,9999.000
202606120942,   3.380,   4.109,9999.000,9999.000,9999.000,9999.000,9999.000,9999.000,9999.000
202606120948,   3.500,   4.227,9999.000,9999.000,9999.000,9999.000,9999.000,9999.000,9999.000
202606120954,   3.617,   4.349,9999.000,9999.000,9999.000,9999.000,9999.000,9999.000,9999.000
202606121000,   3.730,   4.490,   0.400,   0.360,   4.490,   0.300,   4.390,   0.500,   4.590
202606121006,   3.840,   4.608,9999.000,9999.000,9999.000,9999.000,9999.000,9999.000,9999.000
202606121012,   3.946,   4.729,9999.000,9999.000,9999.000,9999.000,9999.000,9999.000,9999.000
202606121018,   4.048,   4.818,9999.000,9999.000,9999.000,9999.000,9999.000,9999.000,9999.000
202606121024,   4.147,   4.919,9999.000,9999.000,9999.000,9999.000,9999.000,9999.000,9999.000
202606121030,   4.242,   5.028,9999.000,9999.000,9999.000,9999.000,9999.000,9999.000,9999.000
202606121036,   4.332,   5.120,9999.000,9999.000,9999.000,9999.000,9999.000,9999.000,9999.000
202606121042,   4.419,   5.208,9999.000,9999.000,9999.000,9999.000,9999.000,9999.000,9999.000
202606121048,   4.502,   5.277,9999.000,9999.000,9999.000,9999.000,9999.000,9999.000,9999.000
202606121054,   4.581,   5.349,9999.000,9999.000,9999.000,9999.000,9999.000,9999.000,9999.000
202606121100,   4.655,   5.428,   0.500,   0.273,   5.428,   0.300,   5.228,   0.500,   5.428
202606121106,   4.726,   5.487,9999.000,9999.000,9999.000,9999.000,9999.000,9999.000,9999.000
202606121112,   4.793,   5.569,9999.000,9999.000,9999.000,9999.000,9999.000,9999.000,9999.000
202606121118,   4.855,   5.618,9999.000,9999.000,9999.000,9999.000,9999.000,9999.000,9999.000
202606121124,   4.914,   5.667,9999.000,9999.000,9999.000,9999.000,9999.000,9999.000,9999.000
202606121130,   4.967,   5.707,9999.000,9999.000,9999.000,9999.000,9999.000,9999.000,9999.000
202606121136,   5.017,   5.749,9999.000,9999.000,9999.000,9999.000,9999.000,9999.000,9999.000
202606121142,   5.061,   5.789,9999.000,9999.000,9999.000,9999.000,9999.000,9999.000,9999.000
202606121148,   5.101,   5.818,9999.000,9999.000,9999.000,9999.000,9999.000,9999.000,9999.000
202606121154,   5.135,   5.858,9999.000,9999.000,9999.000,9999.000,9999.000,9999.000,9999.000
202606121200,   5.164,   5.877,   0.500,   0.213,   5.877,   0.400,   5.777,   0.600,   5.977
202606121206,   5.187,   5.897,9999.000,9999.000,9999.000,9999.000,9999.000,9999.000,9999.000
202606121212,   5.204,   5.907,9999.000,9999.000,9999.000,9999.000,9999.000,9999.000,9999.000
202606121218,   5.215,   5.917,9999.000,9999.000,9999.000,9999.000,9999.000,9999.000,9999.000
202606121224,   5.219,   5.940,9999.000,9999.000,9999.000,9999.000,9999.000,9999.000,9999.000
202606121230,   5.217,   5.940,9999.000,9999.000,9999.000,9999.000,9999.000,9999.000,9999.000
202606121236,   5.208,   5.926,9999.000,9999.000,9999.000,9999.000,9999.000,9999.000,9999.000
202606121242,   5.191,   5.907,9999.000,9999.000,9999.000,9999.000,9999.000,9999.000,9999.000
202606121248,   5.168,   5.877,9999.000,9999.000,9999.000,9999.000,9999.000,9999.000,9999.000
202606121254,   5.137,   5.858,9999.000,9999.000,9999.000,9999.000,9999.000,9999.000,9999.000
202606121300,   5.099,   5.808,   0.500,   0.209,   5.808,   0.400,   5.708,   0.600,   5.908
202606121306,   5.054,   5.749,9999.000,9999.000,9999.000,9999.000,9999.000,9999.000,9999.000
202606121312,   5.001,   5.677,9999.000,9999.000,9999.000,9999.000,9999.000,9999.000,9999.000
202606121318,   4.941,   5.598,9999.000,9999.000,9999.000,9999.000,9999.000,9999.000,9999.000
202606121324,   4.874,   5.516,9999.000,9999.000,9999.000,9999.000,9999.000,9999.000,9999.000
202606121330,   4.800,   5.438,9999.000,9999.000,9999.000,9999.000,9999.000,9999.000,9999.000
202606121336,   4.719,   5.349,9999.000,9999.000,9999.000,9999.000,9999.000,9999.000,9999.000
202606121342,   4.632,   5.247,9999.000,9999.000,9999.000,9999.000,9999.000,9999.000,9999.000
202606121348,   4.539,   5.159,9999.000,9999.000,9999.000,9999.000,9999.000,9999.000,9999.000
202606121354,   4.440,   5.067,9999.000,9999.000,9999.000,9999.000,9999.000,9999.000,9999.000
202606121400,   4.336,   4.979,   0.500,   0.143,   4.979,   0.400,   4.879,   0.600,   5.079
202606121406,   4.227,   4.877,9999.000,9999.000,9999.000,9999.000,9999.000,9999.000,9999.000
202606121412,   4.114,   4.769,9999.000,9999.000,9999.000,9999.000,9999.000,9999.000,9999.000
202606121418,   3.997,   4.667,9999.000,9999.000,9999.000,9999.000,9999.000,9999.000,9999.000
202606121424,   3.877,   4.569,9999.000,9999.000,9999.000,9999.000,9999.000,9999.000,9999.000
202606121430,   3.753,   4.467,9999.000,9999.000,9999.000,9999.000,9999.000,9999.000,9999.000
202606121436,   3.628,   4.368,9999.000,9999.000,9999.000,9999.000,9999.000,9999.000,9999.000
202606121442,   3.500,   4.267,9999.000,9999.000,9999.000,9999.000,9999.000,9999.000,9999.000
202606121448,   3.371,   4.168,9999.000,9999.000,9999.000,9999.000,9999.000,9999.000,9999.000
202606121454,   3.242,   4.057,9999.000,9999.000,9999.000,9999.000,9999.000,9999.000,9999.000
202606121500,   3.112,   3.949,   0.500,   0.337,   3.949,   0.400,   3.849,   0.600,   4.049
202606121506,   2.983,   3.860,9999.000,9999.000,9999.000,9999.000,9999.000,9999.000,9999.000
202606121512,   2.854,   3.749,9999.000,9999.000,9999.000,9999.000,9999.000,9999.000,9999.000
202606121518,   2.726,   3.650,9999.000,9999.000,9999.000,9999.000,9999.000,9999.000,9999.000
202606121524,   2.601,   3.539,9999.000,9999.000,9999.000,9999.000,9999.000,9999.000,9999.000
202606121530,   2.477,   3.440,9999.000,9999.000,9999.000,9999.000,9999.000,9999.000,9999.000
202606121536,   2.356,   3.319,9999.000,9999.000,9999.000,9999.000,9999.000,9999.000,9999.000
202606121542,   2.238,   3.207,9999.000,9999.000,9999.000,9999.000,9999.000,9999.000,9999.000
202606121548,   2.123,   3.089,9999.000,9999.000,9999.000,9999.000,9999.000,9999.000,9999.000
202606121554,   2.011,   2.948,9999.000,9999.000,9999.000,9999.000,9999.000,9999.000,9999.000
202606121600,   1.904,   2.820,   0.500,   0.416,   2.820,   0.400,   2.720,   0.600,   2.920
202606121606,   1.800,   2.719,9999.000,9999.000,9999.000,9999.000,9999.000,9999.000,9999.000
202606121612,   1.701,   2.578,9999.000,9999.000,9999.000,9999.000,9999.000,9999.000,9999.000
202606121618,   1.605,   2.469,9999.000,9999.000,9999.000,9999.000,9999.000,9999.000,9999.000
202606121624,   1.515,   2.348,9999.000,9999.000,9999.000,9999.000,9999.000,9999.000,9999.000
202606121630,   1.428,   2.240,9999.000,9999.000,9999.000,9999.000,9999.000,9999.000,9999.000
202606121636,   1.346,   2.128,9999.000,9999.000,9999.000,9999.000,9999.000,9999.000,9999.000
202606121642,   1.269,   2.010,9999.000,9999.000,9999.000,9999.000,9999.000,9999.000,9999.000
202606121648,   1.195,   1.899,9999.000,9999.000,9999.000,9999.000,9999.000,9999.000,9999.000
202606121654,   1.126,   1.790,9999.000,9999.000,9999.000,9999.000,9999.000,9999.000,9999.000
202606121700,   1.060,   1.679,   0.500,   0.119,   1.679,   0.400,   1.579,   0.600,   1.779
202606121706,   0.999,   1.571,9999.000,9999.000,9999.000,9999.000,9999.000,9999.000,9999.000
202606121712,   0.941,   1.469,9999.000,9999.000,9999.000,9999.000,9999.000,9999.000,9999.000
202606121718,   0.886,   1.361,9999.000,9999.000,9999.000,9999.000,9999.000,9999.000,9999.000
202606121724,   0.835,   1.259,9999.000,9999.000,9999.000,9999.000,9999.000,9999.000,9999.000
202606121730,   0.787,   1.161,9999.000,9999.000,9999.000,9999.000,9999.000,9999.000,9999.000
202606121736,   0.742,   1.069,9999.000,9999.000,9999.000,9999.000,9999.000,9999.000,9999.000
202606121742,   0.700,   0.980,9999.000,9999.000,9999.000,9999.000,9999.000,9999.000,9999.000
202606121748,   0.661,   0.898,9999.000,9999.000,9999.000,9999.000,9999.000,9999.000,9999.000
202606121754,   0.625,   0.829,9999.000,9999.000,9999.000,9999.000,9999.000,9999.000,9999.000
202606121800,   0.592,   0.741,   0.500,  -0.351,   0.741,   0.500,   0.741,   0.600,   0.841
202606121806,   0.563,   0.659,9999.000,9999.000,9999.000,9999.000,9999.000,9999.000,9999.000
202606121812,   0.537,   0.590,9999.000,9999.000,9999.000,9999.000,9999.000,9999.000,9999.000
202606121818,   0.515,   0.541,9999.000,9999.000,9999.000,9999.000,9999.000,9999.000,9999.000
202606121824,   0.497,   0.488,9999.000,9999.000,9999.000,9999.000,9999.000,9999.000,9999.000
202606121830,   0.483,   0.449,9999.000,9999.000,9999.000,9999.000,9999.000,9999.000,9999.000
202606121836,   0.475,   0.419,9999.000,9999.000,9999.000,9999.000,9999.000,9999.000,9999.000
202606121842,   0.471,   0.409,9999.000,9999.000,9999.000,9999.000,9999.000,9999.000,9999.000
202606121848,   0.474,   0.409,9999.000,9999.000,9999.000,9999.000,9999.000,9999.000,9999.000
202606121854,   0.482,   0.429,9999.000,9999.000,9999.000,9999.000,9999.000,9999.000,9999.000
202606121900,   0.498,   0.488,   0.600,  -0.610,   0.488,   0.500,   0.388,   0.600,   0.488
202606121906,   0.520,   0.570,9999.000,9999.000,9999.000,9999.000,9999.000,9999.000,9999.000
202606121912,   0.550,   0.688,9999.000,9999.000,9999.000,9999.000,9999.000,9999.000,9999.000
202606121918,   0.588,   0.839,9999.000,9999.000,9999.000,9999.000,9999.000,9999.000,9999.000
202606121924,   0.634,   0.980,9999.000,9999.000,9999.000,9999.000,9999.000,9999.000,9999.000
202606121930,   0.689,   1.108,9999.000,9999.000,9999.000,9999.000,9999.000,9999.000,9999.000
202606121936,   0.752,   1.239,9999.000,9999.000,9999.000,9999.000,9999.000,9999.000,9999.000
202606121942,   0.824,   1.371,9999.000,9999.000,9999.000,9999.000,9999.000,9999.000,9999.000
202606121948,   0.904,   1.498,9999.000,9999.000,9999.000,9999.000,9999.000,9999.000,9999.000
202606121954,   0.994,   1.639,9999.000,9999.000,9999.000,9999.000,9999.000,9999.000,9999.000
202606122000,   1.091,   1.767,   0.600,   0.076,   1.767,   0.500,   1.667,   0.600,   1.767
202606122006,   1.197,   1.928,9999.000,9999.000,9999.000,9999.000,9999.000,9999.000,9999.000
202606122012,   1.311,   2.089,9999.000,9999.000,9999.000,9999.000,9999.000,9999.000,9999.000
202606122018,   1.433,   2.240,9999.000,9999.000,9999.000,9999.000,9999.000,9999.000,9999.000
202606122024,   1.561,   2.400,9999.000,9999.000,9999.000,9999.000,9999.000,9999.000,9999.000
202606122030,   1.696,   2.558,9999.000,9999.000,9999.000,9999.000,9999.000,9999.000,9999.000
202606122036,   1.837,   2.728,9999.000,9999.000,9999.000,9999.000,9999.000,9999.000,9999.000
202606122042,   1.983,   2.899,9999.000,9999.000,9999.000,9999.000,9999.000,9999.000,9999.000
202606122048,   2.134,   3.089,9999.000,9999.000,9999.000,9999.000,9999.000,9999.000,9999.000
202606122054,   2.288,   3.260,9999.000,9999.000,9999.000,9999.000,9999.000,9999.000,9999.000
202606122100,   2.446,   3.417,   0.600,   0.371,   3.417,   0.500,   3.317,   0.600,   3.417
202606122106,   2.607,   3.607,9999.000,9999.000,9999.000,9999.000,9999.000,9999.000,9999.000
202606122112,   2.769,   3.778,9999.000,9999.000,9999.000,9999.000,9999.000,9999.000,9999.000
202606122118,   2.932,   3.939,9999.000,9999.000,9999.000,9999.000,9999.000,9999.000,9999.000
202606122124,   3.095,   4.099,9999.000,9999.000,9999.000,9999.000,9999.000,9999.000,9999.000
202606122130,   3.258,   4.247,9999.000,9999.000,9999.000,9999.000,9999.000,9999.000,9999.000
202606122136,   3.420,   4.418,9999.000,9999.000,9999.000,9999.000,9999.000,9999.000,9999.000
202606122142,   3.580,   4.578,9999.000,9999.000,9999.000,9999.000,9999.000,9999.000,9999.000
202606122148,   3.739,   4.710,9999.000,9999.000,9999.000,9999.000,9999.000,9999.000,9999.000
202606122154,   3.894,   4.837,9999.000,9999.000,9999.000,9999.000,9999.000,9999.000,9999.000
202606122200,   4.047,   4.979,   0.500,   0.432,   4.979,   0.500,   4.979,   0.600,   5.079
202606122206,   4.196,   5.129,9999.000,9999.000,9999.000,9999.000,9999.000,9999.000,9999.000
202606122212,   4.341,   5.247,9999.000,9999.000,9999.000,9999.000,9999.000,9999.000,9999.000
202606122218,   4.482,   5.369,9999.000,9999.000,9999.000,9999.000,9999.000,9999.000,9999.000
202606122224,   4.619,   5.467,9999.000,9999.000,9999.000,9999.000,9999.000,9999.000,9999.000
202606122230,   4.751,   5.579,9999.000,9999.000,9999.000,9999.000,9999.000,9999.000,9999.000
202606122236,   4.878,   5.687,9999.000,9999.000,9999.000,9999.000,9999.000,9999.000,9999.000
202606122242,   5.001,   5.789,9999.000,9999.000,9999.000,9999.000,9999.000,9999.000,9999.000
202606122248,   5.118,   5.887,9999.000,9999.000,9999.000,9999.000,9999.000,9999.000,9999.000
202606122254,   5.230,   5.969,9999.000,9999.000,9999.000,9999.000,9999.000,9999.000,9999.000
202606122300,   5.338,   6.058,   0.500,   0.220,   6.058,   0.500,   6.058,   0.600,   6.158
202606122306,   5.440,   6.149,9999.000,9999.000,9999.000,9999.000,9999.000,9999.000,9999.000
202606122312,   5.537,   6.228,9999.000,9999.000,9999.000,9999.000,9999.000,9999.000,9999.000
202606122318,   5.629,   6.297,9999.000,9999.000,9999.000,9999.000,9999.000,9999.000,9999.000
202606122324,   5.716,   6.379,9999.000,9999.000,9999.000,9999.000,9999.000,9999.000,9999.000
202606122330,   5.798,   6.458,9999.000,9999.000,9999.000,9999.000,9999.000,9999.000,9999.000
202606122336,   5.874,   6.517,9999.000,9999.000,9999.000,9999.000,9999.000,9999.000,9999.000
202606122342,   5.945,   6.579,9999.000,9999.000,9999.000,9999.000,9999.000,9999.000,9999.000
202606122348,   6.011,   6.648,9999.000,9999.000,9999.000,9999.000,9999.000,9999.000,9999.000
202606122354,   6.072,   6.697,9999.000,9999.000,9999.000,9999.000,9999.000,9999.000,9999.000
202606130000,   6.127,   6.766,   0.600,   0.039,   6.766,   0.500,   6.666,   0.600,   6.766
202606130006,   6.176,   6.819,9999.000,9999.000,9999.000,9999.000,9999.000,9999.000,9999.000
202606130012,   6.220,   6.858,9999.000,9999.000,9999.000,9999.000,9999.000,9999.000,9999.000
202606130018,   6.258,   6.897,9999.000,9999.000,9999.000,9999.000,9999.000,9999.000,9999.000
202606130024,   6.289,   6.937,9999.000,9999.000,9999.000,9999.000,9999.000,9999.000,9999.000
202606130030,   6.314,   6.966,9999.000,9999.000,9999.000,9999.000,9999.000,9999.000,9999.000
202606130036,   6.332,   7.009,9999.000,9999.000,9999.000,9999.000,9999.000,9999.000,9999.000
202606130042,   6.344,   7.019,9999.000,9999.000,9999.000,9999.000,9999.000,9999.000,9999.000
202606130048,   6.348,   7.038,9999.000,9999.000,9999.000,9999.000,9999.000,9999.000,9999.000
202606130054,   6.346,   7.048,9999.000,9999.000,9999.000,9999.000,9999.000,9999.000,9999.000
202606130100,   6.336,   7.048,   0.600,   0.112,   7.048,   0.500,   6.948,   0.600,   7.048
202606130106,   6.318,   7.038,9999.000,9999.000,9999.000,9999.000,9999.000,9999.000,9999.000
202606130112,   6.294,   7.029,9999.000,9999.000,9999.000,9999.000,9999.000,9999.000,9999.000
202606130118,   6.261,   7.009,9999.000,9999.000,9999.000,9999.000,9999.000,9999.000,9999.000
202606130124,   6.222,   6.979,9999.000,9999.000,9999.000,9999.000,9999.000,9999.000,9999.000
202606130130,   6.174,   6.937,9999.000,9999.000,9999.000,9999.000,9999.000,9999.000,9999.000
202606130136,   6.120,   6.897,9999.000,9999.000,9999.000,9999.000,9999.000,9999.000,9999.000
202606130142,   6.058,   6.848,9999.000,9999.000,9999.000,9999.000,9999.000,9999.000,9999.000
202606130148,   5.989,   6.789,9999.000,9999.000,9999.000,9999.000,9999.000,9999.000,9999.000
202606130154,   5.913,   6.727,9999.000,9999.000,9999.000,9999.000,9999.000,9999.000,9999.000
202606130200,   5.831,   6.648,   0.500,   0.317,   6.648,   0.500,   6.648,   0.600,   6.748
202606130206,   5.742,   6.569,9999.000,9999.000,9999.000,9999.000,9999.000,9999.000,9999.000
202606130212,   5.648,   6.477,9999.000,9999.000,9999.000,9999.000,9999.000,9999.000,9999.000
202606130218,   5.548,   6.379,9999.000,9999.000,9999.000,9999.000,9999.000,9999.000,9999.000
202606130224,   5.443,   6.277,9999.000,9999.000,9999.000,9999.000,9999.000,9999.000,9999.000
202606130230,   5.333,   6.169,9999.000,9999.000,9999.000,9999.000,9999.000,9999.000,9999.000
202606130236,   5.219,   6.077,9999.000,9999.000,9999.000,9999.000,9999.000,9999.000,9999.000
202606130242,   5.101,   5.969,9999.000,9999.000,9999.000,9999.000,9999.000,9999.000,9999.000
202606130248,   4.980,   5.858,9999.000,9999.000,9999.000,9999.000,9999.000,9999.000,9999.000
202606130254,   4.856,   5.759,9999.000,9999.000,9999.000,9999.000,9999.000,9999.000,9999.000
202606130300,   4.730,   5.667,   0.500,   0.437,   5.667,   0.500,   5.667,   0.600,   5.767
202606130306,   4.602,   5.569,9999.000,9999.000,9999.000,9999.000,9999.000,9999.000,9999.000
202606130312,   4.472,   5.467,9999.000,9999.000,9999.000,9999.000,9999.000,9999.000,9999.000
202606130318,   4.342,   5.379,9999.000,9999.000,9999.000,9999.000,9999.000,9999.000,9999.000
202606130324,   4.211,   5.267,9999.000,9999.000,9999.000,9999.000,9999.000,9999.000,9999.000
202606130330,   4.080,   5.159,9999.000,9999.000,9999.000,9999.000,9999.000,9999.000,9999.000
202606130336,   3.949,   5.057,9999.000,9999.000,9999.000,9999.000,9999.000,9999.000,9999.000
202606130342,   3.818,   4.949,9999.000,9999.000,9999.000,9999.000,9999.000,9999.000,9999.000
202606130348,   3.689,   4.837,9999.000,9999.000,9999.000,9999.000,9999.000,9999.000,9999.000
202606130354,   3.561,   4.719,9999.000,9999.000,9999.000,9999.000,9999.000,9999.000,9999.000
202606130400,   3.435,   4.598,   0.500,   0.663,   4.598,   0.500,   4.598,   0.600,   4.698
202606130406,   3.311,   4.490,9999.000,9999.000,9999.000,9999.000,9999.000,9999.000,9999.000
202606130412,   3.188,   4.359,9999.000,9999.000,9999.000,9999.000,9999.000,9999.000,9999.000
202606130418,   3.069,   4.237,9999.000,9999.000,9999.000,9999.000,9999.000,9999.000,9999.000
202606130424,   2.952,   4.119,9999.000,9999.000,9999.000,9999.000,9999.000,9999.000,9999.000
202606130430,   2.838,   3.988,9999.000,9999.000,9999.000,9999.000,9999.000,9999.000,9999.000
202606130436,   2.726,   3.870,9999.000,9999.000,9999.000,9999.000,9999.000,9999.000,9999.000
202606130442,   2.618,   3.739,9999.000,9999.000,9999.000,9999.000,9999.000,9999.000,9999.000
202606130448,   2.513,   3.617,9999.000,9999.000,9999.000,9999.000,9999.000,9999.000,9999.000
202606130454,   2.410,   3.499,9999.000,9999.000,9999.000,9999.000,9999.000,9999.000,9999.000
202606130500,   2.311,   3.378,   0.500,   0.567,   3.378,   0.400,   3.278,   0.600,   3.478
202606130506,   2.214,   3.240,9999.000,9999.000,9999.000,9999.000,9999.000,9999.000,9999.000
202606130512,   2.119,   3.119,9999.000,9999.000,9999.000,9999.000,9999.000,9999.000,9999.000
202606130518,   2.028,   2.997,9999.000,9999.000,9999.000,9999.000,9999.000,9999.000,9999.000
202606130524,   1.938,   2.869,9999.000,9999.000,9999.000,9999.000,9999.000,9999.000,9999.000
202606130530,   1.851,   2.738,9999.000,9999.000,9999.000,9999.000,9999.000,9999.000,9999.000
202606130536,   1.766,   2.610,9999.000,9999.000,9999.000,9999.000,9999.000,9999.000,9999.000
202606130542,   1.682,   2.489,9999.000,9999.000,9999.000,9999.000,9999.000,9999.000,9999.000
202606130548,   1.600,   2.368,9999.000,9999.000,9999.000,9999.000,9999.000,9999.000,9999.000
202606130554,   1.520,   2.240,9999.000,9999.000,9999.000,9999.000,9999.000,9999.000,9999.000
202606130600,   1.441,   2.118,   0.500,   0.177,   2.118,   0.400,   2.018,   0.600,   2.218
202606130606,   1.363,   2.010,9999.000,9999.000,9999.000,9999.000,9999.000,9999.000,9999.000
202606130612,   1.286,   1.899,9999.000,9999.000,9999.000,9999.000,9999.000,9999.000,9999.000
202606130618,   1.211,   1.781,9999.000,9999.000,9999.000,9999.000,9999.000,9999.000,9999.000
202606130624,   1.138,   1.669,9999.000,9999.000,9999.000,9999.000,9999.000,9999.000,9999.000
202606130630,   1.066,   1.557,9999.000,9999.000,9999.000,9999.000,9999.000,9999.000,9999.000
202606130636,   0.996,   1.449,9999.000,9999.000,9999.000,9999.000,9999.000,9999.000,9999.000
202606130642,   0.929,   1.338,9999.000,9999.000,9999.000,9999.000,9999.000,9999.000,9999.000
202606130648,   0.864,   1.239,9999.000,9999.000,9999.000,9999.000,9999.000,9999.000,9999.000
202606130654,   0.803,   1.138,9999.000,9999.000,9999.000,9999.000,9999.000,9999.000,9999.000
202606130700,   0.745,   1.039,   0.500,  -0.206,   1.039,   0.400,   0.939,   0.600,   1.139
202606130706,   0.691,   0.941,9999.000,9999.000,9999.000,9999.000,9999.000,9999.000,9999.000
202606130712,   0.643,   0.859,9999.000,9999.000,9999.000,9999.000,9999.000,9999.000,9999.000
202606130718,   0.600,   0.770,9999.000,9999.000,9999.000,9999.000,9999.000,9999.000,9999.000
202606130724,   0.563,   0.688,9999.000,9999.000,9999.000,9999.000,9999.000,9999.000,9999.000
202606130730,   0.533,   0.619,9999.000,9999.000,9999.000,9999.000,9999.000,9999.000,9999.000
202606130736,   0.511,   0.560,9999.000,9999.000,9999.000,9999.000,9999.000,9999.000,9999.000
202606130742,   0.496,   0.498,9999.000,9999.000,9999.000,9999.000,9999.000,9999.000,9999.000
202606130748,   0.490,   0.459,9999.000,9999.000,9999.000,9999.000,9999.000,9999.000,9999.000
202606130754,   0.492,   0.439,9999.000,9999.000,9999.000,9999.000,9999.000,9999.000,9999.000
202606130800,   0.504,   0.439,   0.500,  -0.565,   0.439,   0.300,   0.239,   0.600,   0.539
202606130806,   0.524,   0.459,9999.000,9999.000,9999.000,9999.000,9999.000,9999.000,9999.000
202606130812,   0.555,   0.498,9999.000,9999.000,9999.000,9999.000,9999.000,9999.000,9999.000
202606130818,   0.595,   0.570,9999.000,9999.000,9999.000,9999.000,9999.000,9999.000,9999.000
202606130824,   0.644,   0.649,9999.000,9999.000,9999.000,9999.000,9999.000,9999.000,9999.000
202606130830,   0.702,   0.751,9999.000,9999.000,9999.000,9999.000,9999.000,9999.000,9999.000
202606130836,   0.769,   0.888,9999.000,9999.000,9999.000,9999.000,9999.000,9999.000,9999.000
202606130842,   0.845,   1.010,9999.000,9999.000,9999.000,9999.000,9999.000,9999.000,9999.000
202606130848,   0.929,   1.161,9999.000,9999.000,9999.000,9999.000,9999.000,9999.000,9999.000
202606130854,   1.021,   1.298,9999.000,9999.000,9999.000,9999.000,9999.000,9999.000,9999.000
202606130900,   1.120,   1.420,   0.500,  -0.200,   1.420,   0.300,   1.220,   0.500,   1.420
202606130906,   1.226,   1.548,9999.000,9999.000,9999.000,9999.000,9999.000,9999.000,9999.000
202606130912,   1.337,   1.679,9999.000,9999.000,9999.000,9999.000,9999.000,9999.000,9999.000
202606130918,   1.454,   1.820,9999.000,9999.000,9999.000,9999.000,9999.000,9999.000,9999.000
202606130924,   1.575,   1.958,9999.000,9999.000,9999.000,9999.000,9999.000,9999.000,9999.000
202606130930,   1.700,   2.118,9999.000,9999.000,9999.000,9999.000,9999.000,9999.000,9999.000
202606130936,   1.828,   2.269,9999.000,9999.000,9999.000,9999.000,9999.000,9999.000,9999.000
202606130942,   1.959,   2.420,9999.000,9999.000,9999.000,9999.000,9999.000,9999.000,9999.000
202606130948,   2.092,   2.587,9999.000,9999.000,9999.000,9999.000,9999.000,9999.000,9999.000
202606130954,   2.226,   2.748,9999.000,9999.000,9999.000,9999.000,9999.000,9999.000,9999.000
202606131000,   2.361,   2.938,   0.500,   0.077,   2.938,   0.400,   2.838,   0.500,   2.938
202606131006,   2.496,   3.129,9999.000,9999.000,9999.000,9999.000,9999.000,9999.000,9999.000
202606131012,   2.630,   3.299,9999.000,9999.000,9999.000,9999.000,9999.000,9999.000,9999.000
202606131018,   2.764,   3.450,9999.000,9999.000,9999.000,9999.000,9999.000,9999.000,9999.000
202606131024,   2.896,   3.617,9999.000,9999.000,9999.000,9999.000,9999.000,9999.000,9999.000
202606131030,   3.026,   3.768,9999.000,9999.000,9999.000,9999.000,9999.000,9999.000,9999.000
202606131036,   3.154,   3.929,9999.000,9999.000,9999.000,9999.000,9999.000,9999.000,9999.000
202606131042,   3.280,   4.070,9999.000,9999.000,9999.000,9999.000,9999.000,9999.000,9999.000
202606131048,   3.403,   4.198,9999.000,9999.000,9999.000,9999.000,9999.000,9999.000,9999.000
202606131054,   3.523,   4.329,9999.000,9999.000,9999.000,9999.000,9999.000,9999.000,9999.000
202606131100,   3.640,   4.457,   0.500,   0.317,   4.457,   0.400,   4.357,   0.500,   4.457
202606131106,   3.753,   4.578,9999.000,9999.000,9999.000,9999.000,9999.000,9999.000,9999.000
202606131112,   3.864,   4.690,9999.000,9999.000,9999.000,9999.000,9999.000,9999.000,9999.000
202606131118,   3.971,   4.798,9999.000,9999.000,9999.000,9999.000,9999.000,9999.000,9999.000
202606131124,   4.074,   4.887,9999.000,9999.000,9999.000,9999.000,9999.000,9999.000,9999.000
202606131130,   4.174,   4.998,9999.000,9999.000,9999.000,9999.000,9999.000,9999.000,9999.000
202606131136,   4.270,   5.097,9999.000,9999.000,9999.000,9999.000,9999.000,9999.000,9999.000
202606131142,   4.362,   5.188,9999.000,9999.000,9999.000,9999.000,9999.000,9999.000,9999.000
202606131148,   4.451,   5.267,9999.000,9999.000,9999.000,9999.000,9999.000,9999.000,9999.000
202606131154,   4.536,   5.339,9999.000,9999.000,9999.000,9999.000,9999.000,9999.000,9999.000
202606131200,   4.616,   5.408,   0.500,   0.292,   5.408,   0.400,   5.308,   0.500,   5.408
202606131206,   4.693,   5.477,9999.000,9999.000,9999.000,9999.000,9999.000,9999.000,9999.000
202606131212,   4.765,   5.569,9999.000,9999.000,9999.000,9999.000,9999.000,9999.000,9999.000
202606131218,   4.833,   5.638,9999.000,9999.000,9999.000,9999.000,9999.000,9999.000,9999.000
202606131224,   4.896,   5.667,9999.000,9999.000,9999.000,9999.000,9999.000,9999.000,9999.000
202606131230,   4.955,   5.717,9999.000,9999.000,9999.000,9999.000,9999.000,9999.000,9999.000
202606131236,   5.008,   5.769,9999.000,9999.000,9999.000,9999.000,9999.000,9999.000,9999.000
202606131242,   5.056,   5.818,9999.000,9999.000,9999.000,9999.000,9999.000,9999.000,9999.000
202606131248,   5.098,   5.858,9999.000,9999.000,9999.000,9999.000,9999.000,9999.000,9999.000
202606131254,   5.134,   5.887,9999.000,9999.000,9999.000,9999.000,9999.000,9999.000,9999.000
202606131300,   5.165,   5.926,   0.500,   0.261,   5.926,   0.400,   5.826,   0.600,   6.026
202606131306,   5.188,   5.949,9999.000,9999.000,9999.000,9999.000,9999.000,9999.000,9999.000
202606131312,   5.205,   5.959,9999.000,9999.000,9999.000,9999.000,9999.000,9999.000,9999.000
202606131318,   5.216,   5.979,9999.000,9999.000,9999.000,9999.000,9999.000,9999.000,9999.000
202606131324,   5.219,   5.989,9999.000,9999.000,9999.000,9999.000,9999.000,9999.000,9999.000
202606131330,   5.214,   5.989,9999.000,9999.000,9999.000,9999.000,9999.000,9999.000,9999.000
202606131336,   5.202,   5.989,9999.000,9999.000,9999.000,9999.000,9999.000,9999.000,9999.000
202606131342,   5.183,   5.959,9999.000,9999.000,9999.000,9999.000,9999.000,9999.000,9999.000
202606131348,   5.155,   5.940,9999.000,9999.000,9999.000,9999.000,9999.000,9999.000,9999.000
202606131354,   5.120,   5.897,9999.000,9999.000,9999.000,9999.000,9999.000,9999.000,9999.000
202606131400,   5.077,   5.848,   0.500,   0.271,   5.848,   0.400,   5.748,   0.600,   5.948
202606131406,   5.027,   5.799,9999.000,9999.000,9999.000,9999.000,9999.000,9999.000,9999.000
202606131412,   4.969,   5.739,9999.000,9999.000,9999.000,9999.000,9999.000,9999.000,9999.000
202606131418,   4.903,   5.677,9999.000,9999.000,9999.000,9999.000,9999.000,9999.000,9999.000
202606131424,   4.831,   5.598,9999.000,9999.000,9999.000,9999.000,9999.000,9999.000,9999.000
202606131430,   4.752,   5.516,9999.000,9999.000,9999.000,9999.000,9999.000,9999.000,9999.000
202606131436,   4.666,   5.428,9999.000,9999.000,9999.000,9999.000,9999.000,9999.000,9999.000
202606131442,   4.574,   5.349,9999.000,9999.000,9999.000,9999.000,9999.000,9999.000,9999.000
202606131448,   4.476,   5.257,9999.000,9999.000,9999.000,9999.000,9999.000,9999.000,9999.000
202606131454,   4.373,   5.159,9999.000,9999.000,9999.000,9999.000,9999.000,9999.000,9999.000
202606131500,   4.266,   5.047,   0.500,   0.281,   5.047,   0.400,   4.947,   0.600,   5.147
202606131506,   4.154,   4.929,9999.000,9999.000,9999.000,9999.000,9999.000,9999.000,9999.000
202606131512,   4.038,   4.828,9999.000,9999.000,9999.000,9999.000,9999.000,9999.000,9999.000
202606131518,   3.919,   4.719,9999.000,9999.000,9999.000,9999.000,9999.000,9999.000,9999.000
202606131524,   3.797,   4.598,9999.000,9999.000,9999.000,9999.000,9999.000,9999.000,9999.000
202606131530,   3.673,   4.480,9999.000,9999.000,9999.000,9999.000,9999.000,9999.000,9999.000
202606131536,   3.547,   4.359,9999.000,9999.000,9999.000,9999.000,9999.000,9999.000,9999.000
202606131542,   3.420,   4.257,9999.000,9999.000,9999.000,9999.000,9999.000,9999.000,9999.000
202606131548,   3.293,   4.149,9999.000,9999.000,9999.000,9999.000,9999.000,9999.000,9999.000
202606131554,   3.165,   4.037,9999.000,9999.000,9999.000,9999.000,9999.000,9999.000,9999.000
202606131600,   3.038,   3.929,   0.600,   0.291,   3.929,   0.500,   3.829,   0.600,   3.929
202606131606,   2.911,   3.817,9999.000,9999.000,9999.000,9999.000,9999.000,9999.000,9999.000
202606131612,   2.786,   3.719,9999.000,9999.000,9999.000,9999.000,9999.000,9999.000,9999.000
202606131618,   2.662,   3.598,9999.000,9999.000,9999.000,9999.000,9999.000,9999.000,9999.000
202606131624,   2.541,   3.489,9999.000,9999.000,9999.000,9999.000,9999.000,9999.000,9999.000
202606131630,   2.422,   3.368,9999.000,9999.000,9999.000,9999.000,9999.000,9999.000,9999.000
202606131636,   2.306,   3.250,9999.000,9999.000,9999.000,9999.000,9999.000,9999.000,9999.000
202606131642,   2.194,   3.129,9999.000,9999.000,9999.000,9999.000,9999.000,9999.000,9999.000
202606131648,   2.084,   3.007,9999.000,9999.000,9999.000,9999.000,9999.000,9999.000,9999.000
202606131654,   1.978,   2.879,9999.000,9999.000,9999.000,9999.000,9999.000,9999.000,9999.000
202606131700,   1.876,   2.748,   0.600,   0.272,   2.748,   0.500,   2.648,   0.600,   2.748
202606131706,   1.778,   2.620,9999.000,9999.000,9999.000,9999.000,9999.000,9999.000,9999.000
202606131712,   1.684,   2.509,9999.000,9999.000,9999.000,9999.000,9999.000,9999.000,9999.000
202606131718,   1.594,   2.377,9999.000,9999.000,9999.000,9999.000,9999.000,9999.000,9999.000
202606131724,   1.508,   2.259,9999.000,9999.000,9999.000,9999.000,9999.000,9999.000,9999.000
202606131730,   1.425,   2.148,9999.000,9999.000,9999.000,9999.000,9999.000,9999.000,9999.000
202606131736,   1.347,   2.040,9999.000,9999.000,9999.000,9999.000,9999.000,9999.000,9999.000
202606131742,   1.272,   1.928,9999.000,9999.000,9999.000,9999.000,9999.000,9999.000,9999.000
202606131748,   1.201,   1.810,9999.000,9999.000,9999.000,9999.000,9999.000,9999.000,9999.000
202606131754,   1.134,   1.689,9999.000,9999.000,9999.000,9999.000,9999.000,9999.000,9999.000
202606131800,   1.069,   1.571,   0.600,  -0.098,   1.571,   0.500,   1.471,   0.600,   1.571
202606131806,   1.008,   1.459,9999.000,9999.000,9999.000,9999.000,9999.000,9999.000,9999.000
202606131812,   0.949,   1.348,9999.000,9999.000,9999.000,9999.000,9999.000,9999.000,9999.000
202606131818,   0.894,   1.249,9999.000,9999.000,9999.000,9999.000,9999.000,9999.000,9999.000
202606131824,   0.841,   1.151,9999.000,9999.000,9999.000,9999.000,9999.000,9999.000,9999.000
202606131830,   0.791,   1.059,9999.000,9999.000,9999.000,9999.000,9999.000,9999.000,9999.000
202606131836,   0.743,   0.951,9999.000,9999.000,9999.000,9999.000,9999.000,9999.000,9999.000
202606131842,   0.699,   0.849,9999.000,9999.000,9999.000,9999.000,9999.000,9999.000,9999.000
202606131848,   0.657,   0.770,9999.000,9999.000,9999.000,9999.000,9999.000,9999.000,9999.000
202606131854,   0.618,   0.669,9999.000,9999.000,9999.000,9999.000,9999.000,9999.000,9999.000
202606131900,   0.582,   0.600,   0.600,  -0.582,   0.600,   0.500,   0.500,   0.600,   0.600
202606131906,   0.549,   0.508,9999.000,9999.000,9999.000,9999.000,9999.000,9999.000,9999.000
202606131912,   0.521,   0.429,9999.000,9999.000,9999.000,9999.000,9999.000,9999.000,9999.000
202606131918,   0.496,   0.360,9999.000,9999.000,9999.000,9999.000,9999.000,9999.000,9999.000
202606131924,   0.476,   0.298,9999.000,9999.000,9999.000,9999.000,9999.000,9999.000,9999.000
202606131930,   0.462,   0.249,9999.000,9999.000,9999.000,9999.000,9999.000,9999.000,9999.000
202606131936,   0.453,   0.200,9999.000,9999.000,9999.000,9999.000,9999.000,9999.000,9999.000
202606131942,   0.450,   0.170,9999.000,9999.000,9999.000,9999.000,9999.000,9999.000,9999.000
202606131948,   0.454,   0.150,9999.000,9999.000,9999.000,9999.000,9999.000,9999.000,9999.000
202606131954,   0.465,   0.170,9999.000,9999.000,9999.000,9999.000,9999.000,9999.000,9999.000
202606132000,   0.483,   0.239,   0.600,  -0.844,   0.239,   0.500,   0.139,   0.600,   0.239
202606132006,   0.510,   0.308,9999.000,9999.000,9999.000,9999.000,9999.000,9999.000,9999.000
202606132012,   0.545,   0.409,9999.000,9999.000,9999.000,9999.000,9999.000,9999.000,9999.000
202606132018,   0.589,   0.610,9999.000,9999.000,9999.000,9999.000,9999.000,9999.000,9999.000
202606132024,   0.642,   0.810,9999.000,9999.000,9999.000,9999.000,9999.000,9999.000,9999.000
202606132030,   0.705,   0.980,9999.000,9999.000,9999.000,9999.000,9999.000,9999.000,9999.000
202606132036,   0.776,   1.128,9999.000,9999.000,9999.000,9999.000,9999.000,9999.000,9999.000
202606132042,   0.857,   1.289,9999.000,9999.000,9999.000,9999.000,9999.000,9999.000,9999.000
202606132048,   0.947,   1.449,9999.000,9999.000,9999.000,9999.000,9999.000,9999.000,9999.000
202606132054,   1.046,   1.590,9999.000,9999.000,9999.000,9999.000,9999.000,9999.000,9999.000
202606132100,   1.153,   1.728,   0.600,  -0.025,   1.728,   0.500,   1.628,   0.700,   1.828
202606132106,   1.269,   1.918,9999.000,9999.000,9999.000,9999.000,9999.000,9999.000,9999.000
202606132112,   1.393,   2.069,9999.000,9999.000,9999.000,9999.000,9999.000,9999.000,9999.000
202606132118,   1.524,   2.230,9999.000,9999.000,9999.000,9999.000,9999.000,9999.000,9999.000
202606132124,   1.662,   2.377,9999.000,9999.000,9999.000,9999.000,9999.000,9999.000,9999.000
202606132130,   1.806,   2.538,9999.000,9999.000,9999.000,9999.000,9999.000,9999.000,9999.000
202606132136,   1.955,   2.719,9999.000,9999.000,9999.000,9999.000,9999.000,9999.000,9999.000
202606132142,   2.109,   2.919,9999.000,9999.000,9999.000,9999.000,9999.000,9999.000,9999.000
202606132148,   2.268,   3.109,9999.000,9999.000,9999.000,9999.000,9999.000,9999.000,9999.000
202606132154,   2.429,   3.299,9999.000,9999.000,9999.000,9999.000,9999.000,9999.000,9999.000
202606132200,   2.594,   3.489,   0.600,   0.295,   3.489,   0.600,   3.489,   0.700,   3.589
202606132206,   2.760,   3.680,9999.000,9999.000,9999.000,9999.000,9999.000,9999.000,9999.000
202606132212,   2.927,   3.870,9999.000,9999.000,9999.000,9999.000,9999.000,9999.000,9999.000
202606132218,   3.095,   4.070,9999.000,9999.000,9999.000,9999.000,9999.000,9999.000,9999.000
202606132224,   3.263,   4.247,9999.000,9999.000,9999.000,9999.000,9999.000,9999.000,9999.000
202606132230,   3.430,   4.408,9999.000,9999.000,9999.000,9999.000,9999.000,9999.000,9999.000
202606132236,   3.595,   4.569,9999.000,9999.000,9999.000,9999.000,9999.000,9999.000,9999.000
202606132242,   3.758,   4.739,9999.000,9999.000,9999.000,9999.000,9999.000,9999.000,9999.000
202606132248,   3.919,   4.919,9999.000,9999.000,9999.000,9999.000,9999.000,9999.000,9999.000
202606132254,   4.077,   5.067,9999.000,9999.000,9999.000,9999.000,9999.000,9999.000,9999.000
202606132300,   4.232,   5.208,   0.600,   0.376,   5.208,   0.600,   5.208,   0.700,   5.308
202606132306,   4.382,   5.349,9999.000,9999.000,9999.000,9999.000,9999.000,9999.000,9999.000
202606132312,   4.529,   5.487,9999.000,9999.000,9999.000,9999.000,9999.000,9999.000,9999.000
202606132318,   4.671,   5.608,9999.000,9999.000,9999.000,9999.000,9999.000,9999.000,9999.000
202606132324,   4.809,   5.717,9999.000,9999.000,9999.000,9999.000,9999.000,9999.000,9999.000
202606132330,   4.943,   5.828,9999.000,9999.000,9999.000,9999.000,9999.000,9999.000,9999.000
202606132336,   5.071,   5.917,9999.000,9999.000,9999.000,9999.000,9999.000,9999.000,9999.000
202606132342,   5.194,   6.018,9999.000,9999.000,9999.000,9999.000,9999.000,9999.000,9999.000
202606132348,   5.313,   6.117,9999.000,9999.000,9999.000,9999.000,9999.000,9999.000,9999.000
202606132354,   5.426,   6.218,9999.000,9999.000,9999.000,9999.000,9999.000,9999.000,9999.000
202606140000,   5.535,   6.287,   0.600,   0.152,   6.287,   0.600,   6.287,   0.600,   6.287
202606140006,   5.638,   6.389,9999.000,9999.000,9999.000,9999.000,9999.000,9999.000,9999.000
202606140012,   5.736,   6.458,9999.000,9999.000,9999.000,9999.000,9999.000,9999.000,9999.000
202606140018,   5.829,   6.537,9999.000,9999.000,9999.000,9999.000,9999.000,9999.000,9999.000
202606140024,   5.916,   6.619,9999.000,9999.000,9999.000,9999.000,9999.000,9999.000,9999.000
202606140030,   5.998,   6.687,9999.000,9999.000,9999.000,9999.000,9999.000,9999.000,9999.000
202606140036,   6.075,   6.756,9999.000,9999.000,9999.000,9999.000,9999.000,9999.000,9999.000
202606140042,   6.145,   6.819,9999.000,9999.000,9999.000,9999.000,9999.000,9999.000,9999.000
202606140048,   6.210,   6.878,9999.000,9999.000,9999.000,9999.000,9999.000,9999.000,9999.000
202606140054,   6.270,   6.937,9999.000,9999.000,9999.000,9999.000,9999.000,9999.000,9999.000
202606140100,   6.323,   6.989,   0.600,   0.066,   6.989,   0.600,   6.989,   0.600,   6.989
202606140106,   6.370,   7.038,9999.000,9999.000,9999.000,9999.000,9999.000,9999.000,9999.000
202606140112,   6.410,   7.078,9999.000,9999.000,9999.000,9999.000,9999.000,9999.000,9999.000
202606140118,   6.444,   7.117,9999.000,9999.000,9999.000,9999.000,9999.000,9999.000,9999.000
202606140124,   6.471,   7.156,9999.000,9999.000,9999.000,9999.000,9999.000,9999.000,9999.000
202606140130,   6.490,   7.189,9999.000,9999.000,9999.000,9999.000,9999.000,9999.000,9999.000
202606140136,   6.503,   7.219,9999.000,9999.000,9999.000,9999.000,9999.000,9999.000,9999.000
202606140142,   6.508,   7.238,9999.000,9999.000,9999.000,9999.000,9999.000,9999.000,9999.000
202606140148,   6.506,   7.258,9999.000,9999.000,9999.000,9999.000,9999.000,9999.000,9999.000
202606140154,   6.496,   7.268,9999.000,9999.000,9999.000,9999.000,9999.000,9999.000,9999.000
202606140200,   6.478,   7.278,   0.600,   0.200,   7.278,   0.600,   7.278,   0.600,   7.278
202606140206,   6.452,   7.278,9999.000,9999.000,9999.000,9999.000,9999.000,9999.000,9999.000
202606140212,   6.419,   7.278,9999.000,9999.000,9999.000,9999.000,9999.000,9999.000,9999.000
202606140218,   6.378,   7.258,9999.000,9999.000,9999.000,9999.000,9999.000,9999.000,9999.000
202606140224,   6.329,   7.238,9999.000,9999.000,9999.000,9999.000,9999.000,9999.000,9999.000
202606140230,   6.273,   7.199,9999.000,9999.000,9999.000,9999.000,9999.000,9999.000,9999.000
202606140236,   6.209,   7.156,9999.000,9999.000,9999.000,9999.000,9999.000,9999.000,9999.000
202606140242,   6.138,   7.107,9999.000,9999.000,9999.000,9999.000,9999.000,9999.000,9999.000
202606140248,   6.061,   7.038,9999.000,9999.000,9999.000,9999.000,9999.000,9999.000,9999.000
202606140254,   5.977,   6.966,9999.000,9999.000,9999.000,9999.000,9999.000,9999.000,9999.000
202606140300,   5.887,   6.878,   0.600,   0.391,   6.878,   0.600,   6.878,   0.600,   6.878
202606140306,   5.791,   6.789,9999.000,9999.000,9999.000,9999.000,9999.000,9999.000,9999.000
202606140312,   5.690,   6.687,9999.000,9999.000,9999.000,9999.000,9999.000,9999.000,9999.000
202606140318,   5.584,   6.589,9999.000,9999.000,9999.000,9999.000,9999.000,9999.000,9999.000
202606140324,   5.474,   6.487,9999.000,9999.000,9999.000,9999.000,9999.000,9999.000,9999.000
202606140330,   5.359,   6.399,9999.000,9999.000,9999.000,9999.000,9999.000,9999.000,9999.000
202606140336,   5.241,   6.277,9999.000,9999.000,9999.000,9999.000,9999.000,9999.000,9999.000
202606140342,   5.120,   6.179,9999.000,9999.000,9999.000,9999.000,9999.000,9999.000,9999.000
202606140348,   4.996,   6.107,9999.000,9999.000,9999.000,9999.000,9999.000,9999.000,9999.000
202606140354,   4.871,   5.989,9999.000,9999.000,9999.000,9999.000,9999.000,9999.000,9999.000
202606140400,   4.743,   5.907,   0.600,   0.564,   5.907,   0.600,   5.907,   0.600,   5.907
202606140406,   4.615,   5.808,9999.000,9999.000,9999.000,9999.000,9999.000,9999.000,9999.000
202606140412,   4.485,   5.717,9999.000,9999.000,9999.000,9999.000,9999.000,9999.000,9999.000
202606140418,   4.355,   5.618,9999.000,9999.000,9999.000,9999.000,9999.000,9999.000,9999.000
202606140424,   4.225,   5.516,9999.000,9999.000,9999.000,9999.000,9999.000,9999.000,9999.000
202606140430,   4.096,   5.398,9999.000,9999.000,9999.000,9999.000,9999.000,9999.000,9999.000
202606140436,   3.967,   5.297,9999.000,9999.000,9999.000,9999.000,9999.000,9999.000,9999.000
202606140442,   3.839,   5.198,9999.000,9999.000,9999.000,9999.000,9999.000,9999.000,9999.000
202606140448,   3.712,   5.077,9999.000,9999.000,9999.000,9999.000,9999.000,9999.000,9999.000
202606140454,   3.587,   4.949,9999.000,9999.000,9999.000,9999.000,9999.000,9999.000,9999.000
202606140500,   3.463,   4.828,   0.600,   0.765,   4.828,   0.600,   4.828,   0.600,   4.828
202606140506,   3.342,   4.700,9999.000,9999.000,9999.000,9999.000,9999.000,9999.000,9999.000
202606140512,   3.222,   4.588,9999.000,9999.000,9999.000,9999.000,9999.000,9999.000,9999.000
202606140518,   3.105,   4.447,9999.000,9999.000,9999.000,9999.000,9999.000,9999.000,9999.000
202606140524,   2.991,   4.339,9999.000,9999.000,9999.000,9999.000,9999.000,9999.000,9999.000
202606140530,   2.878,   4.208,9999.000,9999.000,9999.000,9999.000,9999.000,9999.000,9999.000
202606140536,   2.768,   4.080,9999.000,9999.000,9999.000,9999.000,9999.000,9999.000,9999.000
202606140542,   2.661,   3.949,9999.000,9999.000,9999.000,9999.000,9999.000,9999.000,9999.000
202606140548,   2.556,   3.817,9999.000,9999.000,9999.000,9999.000,9999.000,9999.000,9999.000
202606140554,   2.453,   3.689,9999.000,9999.000,9999.000,9999.000,9999.000,9999.000,9999.000
202606140600,   2.351,   3.568,   0.600,   0.617,   3.568,   0.500,   3.468,   0.600,   3.568
202606140606,   2.252,   3.427,9999.000,9999.000,9999.000,9999.000,9999.000,9999.000,9999.000
202606140612,   2.155,   3.299,9999.000,9999.000,9999.000,9999.000,9999.000,9999.000,9999.000
202606140618,   2.059,   3.168,9999.000,9999.000,9999.000,9999.000,9999.000,9999.000,9999.000
202606140624,   1.964,   3.040,9999.000,9999.000,9999.000,9999.000,9999.000,9999.000,9999.000
202606140630,   1.871,   2.909,9999.000,9999.000,9999.000,9999.000,9999.000,9999.000,9999.000
202606140636,   1.779,   2.787,9999.000,9999.000,9999.000,9999.000,9999.000,9999.000,9999.000
202606140642,   1.687,   2.650,9999.000,9999.000,9999.000,9999.000,9999.000,9999.000,9999.000
202606140648,   1.596,   2.538,9999.000,9999.000,9999.000,9999.000,9999.000,9999.000,9999.000
202606140654,   1.506,   2.400,9999.000,9999.000,9999.000,9999.000,9999.000,9999.000,9999.000
202606140700,   1.417,   2.299,   0.500,   0.382,   2.299,   0.500,   2.299,   0.600,   2.399
202606140706,   1.329,   2.168,9999.000,9999.000,9999.000,9999.000,9999.000,9999.000,9999.000
202606140712,   1.241,   2.059,9999.000,9999.000,9999.000,9999.000,9999.000,9999.000,9999.000
202606140718,   1.154,   1.948,9999.000,9999.000,9999.000,9999.000,9999.000,9999.000,9999.000
202606140724,   1.069,   1.849,9999.000,9999.000,9999.000,9999.000,9999.000,9999.000,9999.000
202606140730,   0.986,   1.738,9999.000,9999.000,9999.000,9999.000,9999.000,9999.000,9999.000
202606140736,   0.905,   1.620,9999.000,9999.000,9999.000,9999.000,9999.000,9999.000,9999.000
202606140742,   0.827,   1.528,9999.000,9999.000,9999.000,9999.000,9999.000,9999.000,9999.000
202606140748,   0.751,   1.430,9999.000,9999.000,9999.000,9999.000,9999.000,9999.000,9999.000
202606140754,   0.680,   1.338,9999.000,9999.000,9999.000,9999.000,9999.000,9999.000,9999.000
202606140800,   0.614,   1.239,   0.500,   0.125,   1.239,   0.500,   1.239,   0.600,   1.339
202606140806,   0.553,   1.151,9999.000,9999.000,9999.000,9999.000,9999.000,9999.000,9999.000
202606140812,   0.498,   1.069,9999.000,9999.000,9999.000,9999.000,9999.000,9999.000,9999.000
202606140818,   0.449,   0.990,9999.000,9999.000,9999.000,9999.000,9999.000,9999.000,9999.000
202606140824,   0.408,   0.908,9999.000,9999.000,9999.000,9999.000,9999.000,9999.000,9999.000
202606140830,   0.375,   0.849,9999.000,9999.000,9999.000,9999.000,9999.000,9999.000,9999.000
202606140836,   0.351,   0.800,9999.000,9999.000,9999.000,9999.000,9999.000,9999.000,9999.000
202606140842,   0.336,   0.751,9999.000,9999.000,9999.000,9999.000,9999.000,9999.000,9999.000
202606140848,   0.330,   0.718,9999.000,9999.000,9999.000,9999.000,9999.000,9999.000,9999.000
202606140854,   0.334,   0.698,9999.000,9999.000,9999.000,9999.000,9999.000,9999.000,9999.000
202606140900,   0.349,   0.698,   0.500,  -0.151,   0.698,   0.500,   0.698,   0.600,   0.798
202606140906,   0.373,   0.688,9999.000,9999.000,9999.000,9999.000,9999.000,9999.000,9999.000
202606140912,   0.408,   0.741,9999.000,9999.000,9999.000,9999.000,9999.000,9999.000,9999.000
202606140918,   0.453,   0.819,9999.000,9999.000,9999.000,9999.000,9999.000,9999.000,9999.000
202606140924,   0.508,   0.898,9999.000,9999.000,9999.000,9999.000,9999.000,9999.000,9999.000
202606140930,   0.572,   1.010,9999.000,9999.000,9999.000,9999.000,9999.000,9999.000,9999.000
202606140936,   0.646,   1.128,9999.000,9999.000,9999.000,9999.000,9999.000,9999.000,9999.000
202606140942,   0.728,   1.249,9999.000,9999.000,9999.000,9999.000,9999.000,9999.000,9999.000
202606140948,   0.819,   1.380,9999.000,9999.000,9999.000,9999.000,9999.000,9999.000,9999.000
202606140954,   0.917,   1.528,9999.000,9999.000,9999.000,9999.000,9999.000,9999.000,9999.000
202606141000,   1.023,   1.659,   0.500,   0.136,   1.659,   0.500,   1.659,   0.500,   1.659
202606141006,   1.134,   1.790,9999.000,9999.000,9999.000,9999.000,9999.000,9999.000,9999.000
202606141012,   1.252,   1.928,9999.000,9999.000,9999.000,9999.000,9999.000,9999.000,9999.000
202606141018,   1.374,   2.069,9999.000,9999.000,9999.000,9999.000,9999.000,9999.000,9999.000
202606141024,   1.501,   2.220,9999.000,9999.000,9999.000,9999.000,9999.000,9999.000,9999.000
202606141030,   1.631,   2.368,9999.000,9999.000,9999.000,9999.000,9999.000,9999.000,9999.000
202606141036,   1.764,   2.519,9999.000,9999.000,9999.000,9999.000,9999.000,9999.000,9999.000
202606141042,   1.899,   2.679,9999.000,9999.000,9999.000,9999.000,9999.000,9999.000,9999.000
202606141048,   2.036,   2.840,9999.000,9999.000,9999.000,9999.000,9999.000,9999.000,9999.000
202606141054,   2.174,   2.997,9999.000,9999.000,9999.000,9999.000,9999.000,9999.000,9999.000
202606141100,   2.312,   3.148,   0.500,   0.336,   3.148,   0.500,   3.148,   0.500,   3.148
202606141106,   2.451,   3.309,9999.000,9999.000,9999.000,9999.000,9999.000,9999.000,9999.000
202606141112,   2.588,   3.480,9999.000,9999.000,9999.000,9999.000,9999.000,9999.000,9999.000
202606141118,   2.725,   3.650,9999.000,9999.000,9999.000,9999.000,9999.000,9999.000,9999.000
202606141124,   2.860,   3.808,9999.000,9999.000,9999.000,9999.000,9999.000,9999.000,9999.000
202606141130,   2.993,   3.958,9999.000,9999.000,9999.000,9999.000,9999.000,9999.000,9999.000
202606141136,   3.124,   4.119,9999.000,9999.000,9999.000,9999.000,9999.000,9999.000,9999.000
202606141142,   3.253,   4.280,9999.000,9999.000,9999.000,9999.000,9999.000,9999.000,9999.000
202606141148,   3.379,   4.418,9999.000,9999.000,9999.000,9999.000,9999.000,9999.000,9999.000
202606141154,   3.502,   4.549,9999.000,9999.000,9999.000,9999.000,9999.000,9999.000,9999.000
202606141200,   3.622,   4.690,   0.600,   0.468,   4.690,   0.500,   4.590,   0.600,   4.690
202606141206,   3.739,   4.808,9999.000,9999.000,9999.000,9999.000,9999.000,9999.000,9999.000
202606141212,   3.853,   4.919,9999.000,9999.000,9999.000,9999.000,9999.000,9999.000,9999.000
202606141218,   3.964,   5.038,9999.000,9999.000,9999.000,9999.000,9999.000,9999.000,9999.000
202606141224,   4.071,   5.149,9999.000,9999.000,9999.000,9999.000,9999.000,9999.000,9999.000
202606141230,   4.175,   5.247,9999.000,9999.000,9999.000,9999.000,9999.000,9999.000,9999.000
202606141236,   4.275,   5.339,9999.000,9999.000,9999.000,9999.000,9999.000,9999.000,9999.000
202606141242,   4.371,   5.428,9999.000,9999.000,9999.000,9999.000,9999.000,9999.000,9999.000
202606141248,   4.463,   5.507,9999.000,9999.000,9999.000,9999.000,9999.000,9999.000,9999.000
202606141254,   4.551,   5.598,9999.000,9999.000,9999.000,9999.000,9999.000,9999.000,9999.000
202606141300,   4.635,   5.667,   0.600,   0.432,   5.667,   0.500,   5.567,   0.600,   5.667
202606141306,   4.714,   5.730,9999.000,9999.000,9999.000,9999.000,9999.000,9999.000,9999.000
202606141312,   4.789,   5.789,9999.000,9999.000,9999.000,9999.000,9999.000,9999.000,9999.000
202606141318,   4.859,   5.848,9999.000,9999.000,9999.000,9999.000,9999.000,9999.000,9999.000
202606141324,   4.924,   5.907,9999.000,9999.000,9999.000,9999.000,9999.000,9999.000,9999.000
202606141330,   4.983,   5.959,9999.000,9999.000,9999.000,9999.000,9999.000,9999.000,9999.000
202606141336,   5.037,   5.999,9999.000,9999.000,9999.000,9999.000,9999.000,9999.000,9999.000
202606141342,   5.084,   6.028,9999.000,9999.000,9999.000,9999.000,9999.000,9999.000,9999.000
202606141348,   5.126,   6.048,9999.000,9999.000,9999.000,9999.000,9999.000,9999.000,9999.000
202606141354,   5.161,   6.087,9999.000,9999.000,9999.000,9999.000,9999.000,9999.000,9999.000
202606141400,   5.189,   6.107,   0.600,   0.318,   6.107,   0.500,   6.007,   0.600,   6.107
202606141406,   5.210,   6.117,9999.000,9999.000,9999.000,9999.000,9999.000,9999.000,9999.000
202606141412,   5.224,   6.127,9999.000,9999.000,9999.000,9999.000,9999.000,9999.000,9999.000
202606141418,   5.230,   6.136,9999.000,9999.000,9999.000,9999.000,9999.000,9999.000,9999.000
202606141424,   5.229,   6.149,9999.000,9999.000,9999.000,9999.000,9999.000,9999.000,9999.000
202606141430,   5.219,   6.136,9999.000,9999.000,9999.000,9999.000,9999.000,9999.000,9999.000
202606141436,   5.202,   6.136,9999.000,9999.000,9999.000,9999.000,9999.000,9999.000,9999.000
202606141442,   5.177,   6.117,9999.000,9999.000,9999.000,9999.000,9999.000,9999.000,9999.000
202606141448,   5.144,   6.097,9999.000,9999.000,9999.000,9999.000,9999.000,9999.000,9999.000
202606141454,   5.103,   6.058,9999.000,9999.000,9999.000,9999.000,9999.000,9999.000,9999.000
202606141500,   5.055,   6.018,   0.600,   0.363,   6.018,   0.500,   5.918,   0.600,   6.018
202606141506,   4.999,   5.959,9999.000,9999.000,9999.000,9999.000,9999.000,9999.000,9999.000
202606141512,   4.935,   5.907,9999.000,9999.000,9999.000,9999.000,9999.000,9999.000,9999.000
202606141518,   4.864,   5.828,9999.000,9999.000,9999.000,9999.000,9999.000,9999.000,9999.000
202606141524,   4.787,   5.759,9999.000,9999.000,9999.000,9999.000,9999.000,9999.000,9999.000
202606141530,   4.703,   5.657,9999.000,9999.000,9999.000,9999.000,9999.000,9999.000,9999.000
202606141536,   4.613,   5.559,9999.000,9999.000,9999.000,9999.000,9999.000,9999.000,9999.000
202606141542,   4.518,   5.467,9999.000,9999.000,9999.000,9999.000,9999.000,9999.000,9999.000
202606141548,   4.417,   5.379,9999.000,9999.000,9999.000,9999.000,9999.000,9999.000,9999.000
202606141554,   4.312,   5.277,9999.000,9999.000,9999.000,9999.000,9999.000,9999.000,9999.000
202606141600,   4.202,   5.169,   0.600,   0.367,   5.169,   0.500,   5.069,   0.600,   5.169
202606141606,   4.089,   5.057,9999.000,9999.000,9999.000,9999.000,9999.000,9999.000,9999.000
202606141612,   3.973,   4.949,9999.000,9999.000,9999.000,9999.000,9999.000,9999.000,9999.000
202606141618,   3.854,   4.837,9999.000,9999.000,9999.000,9999.000,9999.000,9999.000,9999.000
202606141624,   3.734,   4.729,9999.000,9999.000,9999.000,9999.000,9999.000,9999.000,9999.000
202606141630,   3.611,   4.628,9999.000,9999.000,9999.000,9999.000,9999.000,9999.000,9999.000
202606141636,   3.488,   4.509,9999.000,9999.000,9999.000,9999.000,9999.000,9999.000,9999.000
202606141642,   3.364,   4.408,9999.000,9999.000,9999.000,9999.000,9999.000,9999.000,9999.000
202606141648,   3.239,   4.300,9999.000,9999.000,9999.000,9999.000,9999.000,9999.000,9999.000
202606141654,   3.116,   4.198,9999.000,9999.000,9999.000,9999.000,9999.000,9999.000,9999.000
202606141700,   2.993,   4.099,   0.600,   0.506,   4.099,   0.600,   4.099,   0.700,   4.199
202606141706,   2.871,   3.988,9999.000,9999.000,9999.000,9999.000,9999.000,9999.000,9999.000
202606141712,   2.751,   3.880,9999.000,9999.000,9999.000,9999.000,9999.000,9999.000,9999.000
202606141718,   2.633,   3.768,9999.000,9999.000,9999.000,9999.000,9999.000,9999.000,9999.000
202606141724,   2.517,   3.650,9999.000,9999.000,9999.000,9999.000,9999.000,9999.000,9999.000
202606141730,   2.404,   3.539,9999.000,9999.000,9999.000,9999.000,9999.000,9999.000,9999.000
202606141736,   2.293,   3.417,9999.000,9999.000,9999.000,9999.000,9999.000,9999.000,9999.000
202606141742,   2.186,   3.289,9999.000,9999.000,9999.000,9999.000,9999.000,9999.000,9999.000
202606141748,   2.082,   3.158,9999.000,9999.000,9999.000,9999.000,9999.000,9999.000,9999.000
202606141754,   1.981,   3.040,9999.000,9999.000,9999.000,9999.000,9999.000,9999.000,9999.000
202606141800,   1.884,   2.909,   0.700,   0.325,   2.909,   0.600,   2.809,   0.800,   3.009
202606141806,   1.790,   2.797,9999.000,9999.000,9999.000,9999.000,9999.000,9999.000,9999.000
202606141812,   1.700,   2.669,9999.000,9999.000,9999.000,9999.000,9999.000,9999.000,9999.000
202606141818,   1.613,   2.538,9999.000,9999.000,9999.000,9999.000,9999.000,9999.000,9999.000
202606141824,   1.530,   2.420,9999.000,9999.000,9999.000,9999.000,9999.000,9999.000,9999.000
202606141830,   1.450,   2.289,9999.000,9999.000,9999.000,9999.000,9999.000,9999.000,9999.000
202606141836,   1.372,   2.168,9999.000,9999.000,9999.000,9999.000,9999.000,9999.000,9999.000
202606141842,   1.298,   2.069,9999.000,9999.000,9999.000,9999.000,9999.000,9999.000,9999.000
202606141848,   1.227,   1.958,9999.000,9999.000,9999.000,9999.000,9999.000,9999.000,9999.000
202606141854,   1.158,   1.840,9999.000,9999.000,9999.000,9999.000,9999.000,9999.000,9999.000
202606141900,   1.092,   1.738,   0.800,  -0.154,   1.738,   0.700,   1.638,   0.900,   1.838
202606141906,   1.029,   1.639,9999.000,9999.000,9999.000,9999.000,9999.000,9999.000,9999.000
202606141912,   0.967,   1.538,9999.000,9999.000,9999.000,9999.000,9999.000,9999.000,9999.000
202606141918,   0.908,   1.449,9999.000,9999.000,9999.000,9999.000,9999.000,9999.000,9999.000
202606141924,   0.851,   1.338,9999.000,9999.000,9999.000,9999.000,9999.000,9999.000,9999.000
202606141930,   0.797,   1.249,9999.000,9999.000,9999.000,9999.000,9999.000,9999.000,9999.000
202606141936,   0.745,   1.151,9999.000,9999.000,9999.000,9999.000,9999.000,9999.000,9999.000
202606141942,   0.695,   1.069,9999.000,9999.000,9999.000,9999.000,9999.000,9999.000,9999.000
202606141948,   0.649,   0.980,9999.000,9999.000,9999.000,9999.000,9999.000,9999.000,9999.000
202606141954,   0.605,   0.908,9999.000,9999.000,9999.000,9999.000,9999.000,9999.000,9999.000
202606142000,   0.565,   0.849,   0.800,  -0.516,   0.849,   0.700,   0.749,   0.900,   0.949
202606142006,   0.529,   0.790,9999.000,9999.000,9999.000,9999.000,9999.000,9999.000,9999.000
202606142012,   0.498,   0.741,9999.000,9999.000,9999.000,9999.000,9999.000,9999.000,9999.000
202606142018,   0.471,   0.698,9999.000,9999.000,9999.000,9999.000,9999.000,9999.000,9999.000
202606142024,   0.450,   0.659,9999.000,9999.000,9999.000,9999.000,9999.000,9999.000,9999.000
202606142030,   0.435,   0.649,9999.000,9999.000,9999.000,9999.000,9999.000,9999.000,9999.000
202606142036,   0.426,   0.639,9999.000,9999.000,9999.000,9999.000,9999.000,9999.000,9999.000
202606142042,   0.425,   0.669,9999.000,9999.000,9999.000,9999.000,9999.000,9999.000,9999.000
202606142048,   0.432,   0.708,9999.000,9999.000,9999.000,9999.000,9999.000,9999.000,9999.000
202606142054,   0.446,   0.790,9999.000,9999.000,9999.000,9999.000,9999.000,9999.000,9999.000
202606142100,   0.470,   0.898,   0.900,  -0.472,   0.898,   0.700,   0.698,   0.900,   0.898
202606142106,   0.503,   1.059,9999.000,9999.000,9999.000,9999.000,9999.000,9999.000,9999.000
202606142112,   0.544,   1.200,9999.000,9999.000,9999.000,9999.000,9999.000,9999.000,9999.000
202606142118,   0.596,   1.380,9999.000,9999.000,9999.000,9999.000,9999.000,9999.000,9999.000
202606142124,   0.657,   1.557,9999.000,9999.000,9999.000,9999.000,9999.000,9999.000,9999.000
202606142130,   0.729,   1.689,9999.000,9999.000,9999.000,9999.000,9999.000,9999.000,9999.000
202606142136,   0.810,   1.840,9999.000,9999.000,9999.000,9999.000,9999.000,9999.000,9999.000
202606142142,   0.900,   1.990,9999.000,9999.000,9999.000,9999.000,9999.000,9999.000,9999.000
202606142148,   1.000,   2.158,9999.000,9999.000,9999.000,9999.000,9999.000,9999.000,9999.000
202606142154,   1.109,   2.309,9999.000,9999.000,9999.000,9999.000,9999.000,9999.000,9999.000
202606142200,   1.226,   2.459,   0.900,   0.333,   2.459,   0.800,   2.359,   1.000,   2.559
202606142206,   1.352,   2.620,9999.000,9999.000,9999.000,9999.000,9999.000,9999.000,9999.000
202606142212,   1.486,   2.778,9999.000,9999.000,9999.000,9999.000,9999.000,9999.000,9999.000
202606142218,   1.626,   2.978,9999.000,9999.000,9999.000,9999.000,9999.000,9999.000,9999.000
202606142224,   1.772,   3.158,9999.000,9999.000,9999.000,9999.000,9999.000,9999.000,9999.000
202606142230,   1.925,   3.358,9999.000,9999.000,9999.000,9999.000,9999.000,9999.000,9999.000
202606142236,   2.082,   3.558,9999.000,9999.000,9999.000,9999.000,9999.000,9999.000,9999.000
202606142242,   2.243,   3.719,9999.000,9999.000,9999.000,9999.000,9999.000,9999.000,9999.000
202606142248,   2.408,   3.929,9999.000,9999.000,9999.000,9999.000,9999.000,9999.000,9999.000
202606142254,   2.575,   4.070,9999.000,9999.000,9999.000,9999.000,9999.000,9999.000,9999.000
202606142300,   2.744,   4.257,   0.900,   0.613,   4.257,   0.800,   4.157,   1.000,   4.357
202606142306,   2.915,   4.447,9999.000,9999.000,9999.000,9999.000,9999.000,9999.000,9999.000
202606142312,   3.086,   4.618,9999.000,9999.000,9999.000,9999.000,9999.000,9999.000,9999.000
202606142318,   3.256,   4.788,9999.000,9999.000,9999.000,9999.000,9999.000,9999.000,9999.000
202606142324,   3.426,   4.959,9999.000,9999.000,9999.000,9999.000,9999.000,9999.000,9999.000
202606142330,   3.595,   5.120,9999.000,9999.000,9999.000,9999.000,9999.000,9999.000,9999.000
202606142336,   3.761,   5.287,9999.000,9999.000,9999.000,9999.000,9999.000,9999.000,9999.000
202606142342,   3.925,   5.408,9999.000,9999.000,9999.000,9999.000,9999.000,9999.000,9999.000
202606142348,   4.086,   5.530,9999.000,9999.000,9999.000,9999.000,9999.000,9999.000,9999.000
202606142354,   4.243,   5.667,9999.000,9999.000,9999.000,9999.000,9999.000,9999.000,9999.000
202606150000,   4.397,   5.779,   1.000,   0.382,   5.779,   0.900,   5.679,   1.100,   5.879
202606150006,   4.547,   5.887,9999.000,9999.000,9999.000,9999.000,9999.000,9999.000,9999.000
202606150012,   4.693,   5.989,9999.000,9999.000,9999.000,9999.000,9999.000,9999.000,9999.000
202606150018,   4.834,   6.087,9999.000,9999.000,9999.000,9999.000,9999.000,9999.000,9999.000
202606150024,   4.971,   6.199,9999.000,9999.000,9999.000,9999.000,9999.000,9999.000,9999.000
202606150030,   5.102,   6.287,9999.000,9999.000,9999.000,9999.000,9999.000,9999.000,9999.000
202606150036,   5.229,   6.389,9999.000,9999.000,9999.000,9999.000,9999.000,9999.000,9999.000
202606150042,   5.351,   6.477,9999.000,9999.000,9999.000,9999.000,9999.000,9999.000,9999.000
202606150048,   5.468,   6.569,9999.000,9999.000,9999.000,9999.000,9999.000,9999.000,9999.000
202606150054,   5.579,   6.668,9999.000,9999.000,9999.000,9999.000,9999.000,9999.000,9999.000
202606150100,   5.686,   6.756,   1.000,   0.070,   6.756,   0.900,   6.656,   1.100,   6.856
202606150106,   5.787,   6.838,9999.000,9999.000,9999.000,9999.000,9999.000,9999.000,9999.000
202606150112,   5.882,   6.917,9999.000,9999.000,9999.000,9999.000,9999.000,9999.000,9999.000
202606150118,   5.973,   6.999,9999.000,9999.000,9999.000,9999.000,9999.000,9999.000,9999.000
202606150124,   6.057,   7.068,9999.000,9999.000,9999.000,9999.000,9999.000,9999.000,9999.000
202606150130,   6.136,   7.137,9999.000,9999.000,9999.000,9999.000,9999.000,9999.000,9999.000
202606150136,   6.210,   7.219,9999.000,9999.000,9999.000,9999.000,9999.000,9999.000,9999.000
202606150142,   6.277,   7.288,9999.000,9999.000,9999.000,9999.000,9999.000,9999.000,9999.000
202606150148,   6.338,   7.347,9999.000,9999.000,9999.000,9999.000,9999.000,9999.000,9999.000
202606150154,   6.392,   7.409,9999.000,9999.000,9999.000,9999.000,9999.000,9999.000,9999.000
202606150200,   6.441,   7.478,   1.000,   0.037,   7.478,   0.900,   7.378,   1.100,   7.578
202606150206,   6.482,   7.527,9999.000,9999.000,9999.000,9999.000,9999.000,9999.000,9999.000
202606150212,   6.516,   7.576,9999.000,9999.000,9999.000,9999.000,9999.000,9999.000,9999.000
202606150218,   6.544,   7.629,9999.000,9999.000,9999.000,9999.000,9999.000,9999.000,9999.000
202606150224,   6.564,   7.668,9999.000,9999.000,9999.000,9999.000,9999.000,9999.000,9999.000
202606150230,   6.577,   7.698,9999.000,9999.000,9999.000,9999.000,9999.000,9999.000,9999.000
202606150236,   6.582,   7.737,9999.000,9999.000,9999.000,9999.000,9999.000,9999.000,9999.000
202606150242,   6.579,   7.776,9999.000,9999.000,9999.000,9999.000,9999.000,9999.000,9999.000
202606150248,   6.568,   7.786,9999.000,9999.000,9999.000,9999.000,9999.000,9999.000,9999.000
202606150254,   6.550,   7.806,9999.000,9999.000,9999.000,9999.000,9999.000,9999.000,9999.000
202606150300,   6.524,   7.806,   1.000,   0.282,   7.806,   0.900,   7.706,   1.100,   7.906
202606150306,   6.490,   7.806,9999.000,9999.000,9999.000,9999.000,9999.000,9999.000,9999.000
202606150312,   6.448,   7.806,9999.000,9999.000,9999.000,9999.000,9999.000,9999.000,9999.000
202606150318,   6.399,   7.806,9999.000,9999.000,9999.000,9999.000,9999.000,9999.000,9999.000
202606150324,   6.342,   7.786,9999.000,9999.000,9999.000,9999.000,9999.000,9999.000,9999.000
202606150330,   6.278,   7.757,9999.000,9999.000,9999.000,9999.000,9999.000,9999.000,9999.000
202606150336,   6.208,   7.707,9999.000,9999.000,9999.000,9999.000,9999.000,9999.000,9999.000
202606150342,   6.130,   7.648,9999.000,9999.000,9999.000,9999.000,9999.000,9999.000,9999.000
202606150348,   6.047,   7.586,9999.000,9999.000,9999.000,9999.000,9999.000,9999.000,9999.000
202606150354,   5.957,   7.498,9999.000,9999.000,9999.000,9999.000,9999.000,9999.000,9999.000
202606150400,   5.863,   7.399,   1.000,   0.536,   7.399,   0.900,   7.299,   1.100,   7.499
202606150406,   5.763,   7.278,9999.000,9999.000,9999.000,9999.000,9999.000,9999.000,9999.000
202606150412,   5.658,   7.156,9999.000,9999.000,9999.000,9999.000,9999.000,9999.000,9999.000
202606150418,   5.550,   7.019,9999.000,9999.000,9999.000,9999.000,9999.000,9999.000,9999.000
202606150424,   5.437,   6.887,9999.000,9999.000,9999.000,9999.000,9999.000,9999.000,9999.000
202606150430,   5.322,   6.746,9999.000,9999.000,9999.000,9999.000,9999.000,9999.000,9999.000
202606150436,   5.203,   6.658,9999.000,9999.000,9999.000,9999.000,9999.000,9999.000,9999.000
202606150442,   5.083,   6.569,9999.000,9999.000,9999.000,9999.000,9999.000,9999.000,9999.000
202606150448,   4.960,   6.458,9999.000,9999.000,9999.000,9999.000,9999.000,9999.000,9999.000
202606150454,   4.836,   6.369,9999.000,9999.000,9999.000,9999.000,9999.000,9999.000,9999.000
202606150500,   4.710,   6.287,   1.000,   0.577,   6.287,   0.900,   6.187,   1.100,   6.387
202606150506,   4.584,   6.199,9999.000,9999.000,9999.000,9999.000,9999.000,9999.000,9999.000
202606150512,   4.457,   6.097,9999.000,9999.000,9999.000,9999.000,9999.000,9999.000,9999.000
202606150518,   4.331,   6.018,9999.000,9999.000,9999.000,9999.000,9999.000,9999.000,9999.000
202606150524,   4.204,   5.940,9999.000,9999.000,9999.000,9999.000,9999.000,9999.000,9999.000
202606150530,   4.079,   5.838,9999.000,9999.000,9999.000,9999.000,9999.000,9999.000,9999.000
202606150536,   3.954,   5.739,9999.000,9999.000,9999.000,9999.000,9999.000,9999.000,9999.000
202606150542,   3.830,   5.618,9999.000,9999.000,9999.000,9999.000,9999.000,9999.000,9999.000
202606150548,   3.707,   5.516,9999.000,9999.000,9999.000,9999.000,9999.000,9999.000,9999.000
202606150554,   3.586,   5.418,9999.000,9999.000,9999.000,9999.000,9999.000,9999.000,9999.000
202606150600,   3.466,   5.297,   0.900,   0.931,   5.297,   0.800,   5.197,   1.000,   5.397
202606150606,   3.348,   5.159,9999.000,9999.000,9999.000,9999.000,9999.000,9999.000,9999.000
202606150612,   3.232,   5.028,9999.000,9999.000,9999.000,9999.000,9999.000,9999.000,9999.000
202606150618,   3.117,   4.919,9999.000,9999.000,9999.000,9999.000,9999.000,9999.000,9999.000
202606150624,   3.005,   4.788,9999.000,9999.000,9999.000,9999.000,9999.000,9999.000,9999.000
202606150630,   2.894,   4.657,9999.000,9999.000,9999.000,9999.000,9999.000,9999.000,9999.000
202606150636,   2.785,   4.519,9999.000,9999.000,9999.000,9999.000,9999.000,9999.000,9999.000
202606150642,   2.677,   4.398,9999.000,9999.000,9999.000,9999.000,9999.000,9999.000,9999.000
202606150648,   2.571,   4.257,9999.000,9999.000,9999.000,9999.000,9999.000,9999.000,9999.000
202606150654,   2.467,   4.139,9999.000,9999.000,9999.000,9999.000,9999.000,9999.000,9999.000
202606150700,   2.363,   3.988,   0.900,   0.725,   3.988,   0.800,   3.888,   0.900,   3.988
202606150706,   2.261,   3.870,9999.000,9999.000,9999.000,9999.000,9999.000,9999.000,9999.000
202606150712,   2.159,   3.729,9999.000,9999.000,9999.000,9999.000,9999.000,9999.000,9999.000
202606150718,   2.058,   3.588,9999.000,9999.000,9999.000,9999.000,9999.000,9999.000,9999.000
202606150724,   1.957,   3.440,9999.000,9999.000,9999.000,9999.000,9999.000,9999.000,9999.000
202606150730,   1.857,   3.309,9999.000,9999.000,9999.000,9999.000,9999.000,9999.000,9999.000
202606150736,   1.756,   3.168,9999.000,9999.000,9999.000,9999.000,9999.000,9999.000,9999.000
202606150742,   1.656,   3.040,9999.000,9999.000,9999.000,9999.000,9999.000,9999.000,9999.000
202606150748,   1.557,   2.899,9999.000,9999.000,9999.000,9999.000,9999.000,9999.000,9999.000
202606150754,   1.457,   2.768,9999.000,9999.000,9999.000,9999.000,9999.000,9999.000,9999.000
202606150800,   1.358,   2.640,   0.800,   0.482,   2.640,   0.700,   2.540,   0.900,   2.740
202606150806,   1.260,   2.519,9999.000,9999.000,9999.000,9999.000,9999.000,9999.000,9999.000
202606150812,   1.162,   2.400,9999.000,9999.000,9999.000,9999.000,9999.000,9999.000,9999.000
202606150818,   1.066,   2.269,9999.000,9999.000,9999.000,9999.000,9999.000,9999.000,9999.000
202606150824,   0.971,   2.158,9999.000,9999.000,9999.000,9999.000,9999.000,9999.000,9999.000
202606150830,   0.879,   2.049,9999.000,9999.000,9999.000,9999.000,9999.000,9999.000,9999.000
202606150836,   0.790,   1.908,9999.000,9999.000,9999.000,9999.000,9999.000,9999.000,9999.000
202606150842,   0.704,   1.800,9999.000,9999.000,9999.000,9999.000,9999.000,9999.000,9999.000
202606150848,   0.623,   1.679,9999.000,9999.000,9999.000,9999.000,9999.000,9999.000,9999.000
202606150854,   0.547,   1.571,9999.000,9999.000,9999.000,9999.000,9999.000,9999.000,9999.000
202606150900,   0.476,   1.459,   0.700,   0.283,   1.459,   0.600,   1.359,   0.800,   1.559
202606150906,   0.413,   1.361,9999.000,9999.000,9999.000,9999.000,9999.000,9999.000,9999.000
202606150912,   0.356,   1.279,9999.000,9999.000,9999.000,9999.000,9999.000,9999.000,9999.000
202606150918,   0.308,   1.170,9999.000,9999.000,9999.000,9999.000,9999.000,9999.000,9999.000
202606150924,   0.268,   1.079,9999.000,9999.000,9999.000,9999.000,9999.000,9999.000,9999.000
202606150930,   0.238,   1.000,9999.000,9999.000,9999.000,9999.000,9999.000,9999.000,9999.000
202606150936,   0.218,   0.908,9999.000,9999.000,9999.000,9999.000,9999.000,9999.000,9999.000
202606150942,   0.208,   0.829,9999.000,9999.000,9999.000,9999.000,9999.000,9999.000,9999.000
202606150948,   0.209,   0.760,9999.000,9999.000,9999.000,9999.000,9999.000,9999.000,9999.000
202606150954,   0.220,   0.698,9999.000,9999.000,9999.000,9999.000,9999.000,9999.000,9999.000
202606151000,   0.243,   0.649,   0.600,  -0.194,   0.649,   0.600,   0.649,   0.700,   0.749
202606151006,   0.276,   0.590,9999.000,9999.000,9999.000,9999.000,9999.000,9999.000,9999.000
202606151012,   0.320,   0.560,9999.000,9999.000,9999.000,9999.000,9999.000,9999.000,9999.000
202606151018,   0.374,   0.541,9999.000,9999.000,9999.000,9999.000,9999.000,9999.000,9999.000
202606151024,   0.438,   0.560,9999.000,9999.000,9999.000,9999.000,9999.000,9999.000,9999.000
202606151030,   0.512,   0.600,9999.000,9999.000,9999.000,9999.000,9999.000,9999.000,9999.000
202606151036,   0.595,   0.659,9999.000,9999.000,9999.000,9999.000,9999.000,9999.000,9999.000
202606151042,   0.687,   0.770,9999.000,9999.000,9999.000,9999.000,9999.000,9999.000,9999.000
202606151048,   0.786,   0.898,9999.000,9999.000,9999.000,9999.000,9999.000,9999.000,9999.000
202606151054,   0.893,   1.020,9999.000,9999.000,9999.000,9999.000,9999.000,9999.000,9999.000
202606151100,   1.007,   1.161,   0.600,  -0.446,   1.161,   0.500,   1.061,   0.700,   1.261
202606151106,   1.126,   1.318,9999.000,9999.000,9999.000,9999.000,9999.000,9999.000,9999.000
202606151112,   1.250,   1.439,9999.000,9999.000,9999.000,9999.000,9999.000,9999.000,9999.000
202606151118,   1.379,   1.557,9999.000,9999.000,9999.000,9999.000,9999.000,9999.000,9999.000
202606151124,   1.512,   1.679,9999.000,9999.000,9999.000,9999.000,9999.000,9999.000,9999.000
202606151130,   1.647,   1.810,9999.000,9999.000,9999.000,9999.000,9999.000,9999.000,9999.000
202606151136,   1.785,   1.928,9999.000,9999.000,9999.000,9999.000,9999.000,9999.000,9999.000
202606151142,   1.925,   2.069,9999.000,9999.000,9999.000,9999.000,9999.000,9999.000,9999.000
202606151148,   2.065,   2.210,9999.000,9999.000,9999.000,9999.000,9999.000,9999.000,9999.000
202606151154,   2.206,   2.328,9999.000,9999.000,9999.000,9999.000,9999.000,9999.000,9999.000
202606151200,   2.347,   2.459,   0.600,  -0.488,   2.459,   0.500,   2.359,   0.700,   2.559
202606151206,   2.488,   2.597,9999.000,9999.000,9999.000,9999.000,9999.000,9999.000,9999.000
202606151212,   2.628,   2.728,9999.000,9999.000,9999.000,9999.000,9999.000,9999.000,9999.000
202606151218,   2.766,   2.879,9999.000,9999.000,9999.000,9999.000,9999.000,9999.000,9999.000
202606151224,   2.903,   3.017,9999.000,9999.000,9999.000,9999.000,9999.000,9999.000,9999.000
202606151230,   3.037,   3.158,9999.000,9999.000,9999.000,9999.000,9999.000,9999.000,9999.000
202606151236,   3.170,   3.279,9999.000,9999.000,9999.000,9999.000,9999.000,9999.000,9999.000
202606151242,   3.300,   3.417,9999.000,9999.000,9999.000,9999.000,9999.000,9999.000,9999.000
202606151248,   3.427,   3.578,9999.000,9999.000,9999.000,9999.000,9999.000,9999.000,9999.000
202606151254,   3.551,   3.719,9999.000,9999.000,9999.000,9999.000,9999.000,9999.000,9999.000
202606151300,   3.673,   3.860,   0.500,  -0.313,   3.860,   0.400,   3.760,   0.600,   3.960
202606151306,   3.791,   4.017,9999.000,9999.000,9999.000,9999.000,9999.000,9999.000,9999.000
202606151312,   3.906,   4.139,9999.000,9999.000,9999.000,9999.000,9999.000,9999.000,9999.000
202606151318,   4.017,   4.257,9999.000,9999.000,9999.000,9999.000,9999.000,9999.000,9999.000
202606151324,   4.125,   4.368,9999.000,9999.000,9999.000,9999.000,9999.000,9999.000,9999.000
202606151330,   4.230,   4.457,9999.000,9999.000,9999.000,9999.000,9999.000,9999.000,9999.000
202606151336,   4.330,   4.549,9999.000,9999.000,9999.000,9999.000,9999.000,9999.000,9999.000
202606151342,   4.427,   4.618,9999.000,9999.000,9999.000,9999.000,9999.000,9999.000,9999.000
202606151348,   4.519,   4.700,9999.000,9999.000,9999.000,9999.000,9999.000,9999.000,9999.000
202606151354,   4.607,   4.788,9999.000,9999.000,9999.000,9999.000,9999.000,9999.000,9999.000
202606151400,   4.691,   4.877,   0.500,  -0.314,   4.877,   0.400,   4.777,   0.500,   4.877
202606151406,   4.770,   4.959,9999.000,9999.000,9999.000,9999.000,9999.000,9999.000,9999.000
202606151412,   4.844,   5.028,9999.000,9999.000,9999.000,9999.000,9999.000,9999.000,9999.000
202606151418,   4.912,   5.097,9999.000,9999.000,9999.000,9999.000,9999.000,9999.000,9999.000
202606151424,   4.975,   5.179,9999.000,9999.000,9999.000,9999.000,9999.000,9999.000,9999.000
202606151430,   5.032,   5.247,9999.000,9999.000,9999.000,9999.000,9999.000,9999.000,9999.000
202606151436,   5.083,   5.307,9999.000,9999.000,9999.000,9999.000,9999.000,9999.000,9999.000
202606151442,   5.127,   5.359,9999.000,9999.000,9999.000,9999.000,9999.000,9999.000,9999.000
202606151448,   5.165,   5.408,9999.000,9999.000,9999.000,9999.000,9999.000,9999.000,9999.000
202606151454,   5.196,   5.448,9999.000,9999.000,9999.000,9999.000,9999.000,9999.000,9999.000
202606151500,   5.219,   5.467,   0.400,  -0.152,   5.467,   0.300,   5.367,   0.500,   5.567
202606151506,   5.235,   5.487,9999.000,9999.000,9999.000,9999.000,9999.000,9999.000,9999.000
202606151512,   5.244,   5.497,9999.000,9999.000,9999.000,9999.000,9999.000,9999.000,9999.000
202606151518,   5.245,   5.497,9999.000,9999.000,9999.000,9999.000,9999.000,9999.000,9999.000
202606151524,   5.237,   5.497,9999.000,9999.000,9999.000,9999.000,9999.000,9999.000,9999.000
202606151530,   5.222,   5.507,9999.000,9999.000,9999.000,9999.000,9999.000,9999.000,9999.000
202606151536,   5.200,   5.497,9999.000,9999.000,9999.000,9999.000,9999.000,9999.000,9999.000
202606151542,   5.169,   5.477,9999.000,9999.000,9999.000,9999.000,9999.000,9999.000,9999.000
202606151548,   5.130,   5.448,9999.000,9999.000,9999.000,9999.000,9999.000,9999.000,9999.000
202606151554,   5.084,   5.408,9999.000,9999.000,9999.000,9999.000,9999.000,9999.000,9999.000
202606151600,   5.030,   5.359,   0.400,  -0.071,   5.359,   0.300,   5.259,   0.400,   5.359
202606151606,   4.969,   5.297,9999.000,9999.000,9999.000,9999.000,9999.000,9999.000,9999.000
202606151612,   4.901,   5.228,9999.000,9999.000,9999.000,9999.000,9999.000,9999.000,9999.000
202606151618,   4.827,   5.139,9999.000,9999.000,9999.000,9999.000,9999.000,9999.000,9999.000
202606151624,   4.746,   5.038,9999.000,9999.000,9999.000,9999.000,9999.000,9999.000,9999.000
202606151630,   4.659,   4.929,9999.000,9999.000,9999.000,9999.000,9999.000,9999.000,9999.000
202606151636,   4.567,   4.828,9999.000,9999.000,9999.000,9999.000,9999.000,9999.000,9999.000
202606151642,   4.470,   4.729,9999.000,9999.000,9999.000,9999.000,9999.000,9999.000,9999.000
202606151648,   4.369,   4.628,9999.000,9999.000,9999.000,9999.000,9999.000,9999.000,9999.000
202606151654,   4.264,   4.549,9999.000,9999.000,9999.000,9999.000,9999.000,9999.000,9999.000
202606151700,   4.155,   4.447,   0.300,  -0.008,   4.447,   0.200,   4.347,   0.400,   4.547
202606151706,   4.043,   4.349,9999.000,9999.000,9999.000,9999.000,9999.000,9999.000,9999.000
202606151712,   3.928,   4.247,9999.000,9999.000,9999.000,9999.000,9999.000,9999.000,9999.000
202606151718,   3.812,   4.139,9999.000,9999.000,9999.000,9999.000,9999.000,9999.000,9999.000
202606151724,   3.694,   4.027,9999.000,9999.000,9999.000,9999.000,9999.000,9999.000,9999.000
202606151730,   3.575,   3.909,9999.000,9999.000,9999.000,9999.000,9999.000,9999.000,9999.000
202606151736,   3.455,   3.778,9999.000,9999.000,9999.000,9999.000,9999.000,9999.000,9999.000
202606151742,   3.335,   3.660,9999.000,9999.000,9999.000,9999.000,9999.000,9999.000,9999.000
202606151748,   3.215,   3.548,9999.000,9999.000,9999.000,9999.000,9999.000,9999.000,9999.000
202606151754,   3.096,9999.000,9999.000,9999.000,9999.000,9999.000,9999.000,9999.000,9999.000
202606151800,   2.978,9999.000,   0.400,   0.007,   3.385,   0.300,   3.285,   0.400,   3.385
202606151806,   2.862,9999.000,9999.000,9999.000,9999.000,9999.000,9999.000,9999.000,9999.000
202606151812,   2.747,9999.000,9999.000,9999.000,9999.000,9999.000,9999.000,9999.000,9999.000
202606151818,   2.634,9999.000,9999.000,9999.000,9999.000,9999.000,9999.000,9999.000,9999.000
202606151824,   2.523,9999.000,9999.000,9999.000,9999.000,9999.000,9999.000,9999.000,9999.000
202606151830,   2.414,9999.000,9999.000,9999.000,9999.000,9999.000,9999.000,9999.000,9999.000
202606151836,   2.309,9999.000,9999.000,9999.000,9999.000,9999.000,9999.000,9999.000,9999.000
202606151842,   2.206,9999.000,9999.000,9999.000,9999.000,9999.000,9999.000,9999.000,9999.000
202606151848,   2.106,9999.000,9999.000,9999.000,9999.000,9999.000,9999.000,9999.000,9999.000
202606151854,   2.008,9999.000,9999.000,9999.000,9999.000,9999.000,9999.000,9999.000,9999.000
202606151900,   1.914,9999.000,   0.400,   0.022,   2.336,   0.300,   2.236,   0.500,   2.436
202606151906,   1.823,9999.000,9999.000,9999.000,9999.000,9999.000,9999.000,9999.000,9999.000
202606151912,   1.734,9999.000,9999.000,9999.000,9999.000,9999.000,9999.000,9999.000,9999.000
202606151918,   1.648,9999.000,9999.000,9999.000,9999.000,9999.000,9999.000,9999.000,9999.000
202606151924,   1.565,9999.000,9999.000,9999.000,9999.000,9999.000,9999.000,9999.000,9999.000
202606151930,   1.485,9999.000,9999.000,9999.000,9999.000,9999.000,9999.000,9999.000,9999.000
202606151936,   1.406,9999.000,9999.000,9999.000,9999.000,9999.000,9999.000,9999.000,9999.000
202606151942,   1.331,9999.000,9999.000,9999.000,9999.000,9999.000,9999.000,9999.000,9999.000
202606151948,   1.257,9999.000,9999.000,9999.000,9999.000,9999.000,9999.000,9999.000,9999.000
202606151954,   1.185,9999.000,9999.000,9999.000,9999.000,9999.000,9999.000,9999.000,9999.000
202606152000,   1.115,9999.000,   0.500,   0.037,   1.652,   0.400,   1.552,   0.500,   1.652
202606152006,   1.047,9999.000,9999.000,9999.000,9999.000,9999.000,9999.000,9999.000,9999.000
202606152012,   0.981,9999.000,9999.000,9999.000,9999.000,9999.000,9999.000,9999.000,9999.000
202606152018,   0.917,9999.000,9999.000,9999.000,9999.000,9999.000,9999.000,9999.000,9999.000
202606152024,   0.855,9999.000,9999.000,9999.000,9999.000,9999.000,9999.000,9999.000,9999.000
202606152030,   0.795,9999.000,9999.000,9999.000,9999.000,9999.000,9999.000,9999.000,9999.000
202606152036,   0.738,9999.000,9999.000,9999.000,9999.000,9999.000,9999.000,9999.000,9999.000
202606152042,   0.684,9999.000,9999.000,9999.000,9999.000,9999.000,9999.000,9999.000,9999.000
202606152048,   0.633,9999.000,9999.000,9999.000,9999.000,9999.000,9999.000,9999.000,9999.000
202606152054,   0.586,9999.000,9999.000,9999.000,9999.000,9999.000,9999.000,9999.000,9999.000
202606152100,   0.543,9999.000,   0.500,   0.052,   1.095,   0.500,   1.095,   0.600,   1.195
202606152106,   0.504,9999.000,9999.000,9999.000,9999.000,9999.000,9999.000,9999.000,9999.000
202606152112,   0.471,9999.000,9999.000,9999.000,9999.000,9999.000,9999.000,9999.000,9999.000
202606152118,   0.444,9999.000,9999.000,9999.000,9999.000,9999.000,9999.000,9999.000,9999.000
202606152124,   0.424,9999.000,9999.000,9999.000,9999.000,9999.000,9999.000,9999.000,9999.000
202606152130,   0.411,9999.000,9999.000,9999.000,9999.000,9999.000,9999.000,9999.000,9999.000
202606152136,   0.406,9999.000,9999.000,9999.000,9999.000,9999.000,9999.000,9999.000,9999.000
202606152142,   0.409,9999.000,9999.000,9999.000,9999.000,9999.000,9999.000,9999.000,9999.000
202606152148,   0.420,9999.000,9999.000,9999.000,9999.000,9999.000,9999.000,9999.000,9999.000
202606152154,   0.441,9999.000,9999.000,9999.000,9999.000,9999.000,9999.000,9999.000,9999.000
202606152200,   0.472,9999.000,   0.600,   0.067,   1.139,   0.500,   1.039,   0.700,   1.239
202606152206,   0.513,9999.000,9999.000,9999.000,9999.000,9999.000,9999.000,9999.000,9999.000
202606152212,   0.564,9999.000,9999.000,9999.000,9999.000,9999.000,9999.000,9999.000,9999.000
202606152218,   0.625,9999.000,9999.000,9999.000,9999.000,9999.000,9999.000,9999.000,9999.000
202606152224,   0.696,9999.000,9999.000,9999.000,9999.000,9999.000,9999.000,9999.000,9999.000
202606152230,   0.777,9999.000,9999.000,9999.000,9999.000,9999.000,9999.000,9999.000,9999.000
202606152236,   0.868,9999.000,9999.000,9999.000,9999.000,9999.000,9999.000,9999.000,9999.000
202606152242,   0.969,9999.000,9999.000,9999.000,9999.000,9999.000,9999.000,9999.000,9999.000
202606152248,   1.079,9999.000,9999.000,9999.000,9999.000,9999.000,9999.000,9999.000,9999.000
202606152254,   1.198,9999.000,9999.000,9999.000,9999.000,9999.000,9999.000,9999.000,9999.000
202606152300,   1.325,9999.000,   0.600,   0.082,   2.007,   0.600,   2.007,   0.700,   2.107
202606152306,   1.460,9999.000,9999.000,9999.000,9999.000,9999.000,9999.000,9999.000,9999.000
202606152312,   1.602,9999.000,9999.000,9999.000,9999.000,9999.000,9999.000,9999.000,9999.000
202606152318,   1.750,9999.000,9999.000,9999.000,9999.000,9999.000,9999.000,9999.000,9999.000
202606152324,   1.903,9999.000,9999.000,9999.000,9999.000,9999.000,9999.000,9999.000,9999.000
202606152330,   2.061,9999.000,9999.000,9999.000,9999.000,9999.000,9999.000,9999.000,9999.000
202606152336,   2.224,9999.000,9999.000,9999.000,9999.000,9999.000,9999.000,9999.000,9999.000
202606152342,   2.389,9999.000,9999.000,9999.000,9999.000,9999.000,9999.000,9999.000,9999.000
202606152348,   2.558,9999.000,9999.000,9999.000,9999.000,9999.000,9999.000,9999.000,9999.000
202606152354,   2.728,9999.000,9999.000,9999.000,9999.000,9999.000,9999.000,9999.000,9999.000
202606160000,   2.898,9999.000,   0.600,   0.097,   3.595,   0.600,   3.595,   0.700,   3.695
202606160006,   3.070,9999.000,9999.000,9999.000,9999.000,9999.000,9999.000,9999.000,9999.000
202606160012,   3.241,9999.000,9999.000,9999.000,9999.000,9999.000,9999.000,9999.000,9999.000
202606160018,   3.411,9999.000,9999.000,9999.000,9999.000,9999.000,9999.000,9999.000,9999.000
202606160024,   3.579,9999.000,9999.000,9999.000,9999.000,9999.000,9999.000,9999.000,9999.000
202606160030,   3.745,9999.000,9999.000,9999.000,9999.000,9999.000,9999.000,9999.000,9999.000
202606160036,   3.909,9999.000,9999.000,9999.000,9999.000,9999.000,9999.000,9999.000,9999.000
202606160042,   4.070,9999.000,9999.000,9999.000,9999.000,9999.000,9999.000,9999.000,9999.000
202606160048,   4.227,9999.000,9999.000,9999.000,9999.000,9999.000,9999.000,9999.000,9999.000
202606160054,   4.381,9999.000,9999.000,9999.000,9999.000,9999.000,9999.000,9999.000,9999.000
202606160100,   4.531,9999.000,   0.600,   0.112,   5.243,   0.500,   5.143,   0.700,   5.343
202606160106,   4.676,9999.000,9999.000,9999.000,9999.000,9999.000,9999.000,9999.000,9999.000
202606160112,   4.817,9999.000,9999.000,9999.000,9999.000,9999.000,9999.000,9999.000,9999.000
202606160118,   4.953,9999.000,9999.000,9999.000,9999.000,9999.000,9999.000,9999.000,9999.000
202606160124,   5.085,9999.000,9999.000,9999.000,9999.000,9999.000,9999.000,9999.000,9999.000
202606160130,   5.212,9999.000,9999.000,9999.000,9999.000,9999.000,9999.000,9999.000,9999.000
202606160136,   5.334,9999.000,9999.000,9999.000,9999.000,9999.000,9999.000,9999.000,9999.000
202606160142,   5.450,9999.000,9999.000,9999.000,9999.000,9999.000,9999.000,9999.000,9999.000
202606160148,   5.562,9999.000,9999.000,9999.000,9999.000,9999.000,9999.000,9999.000,9999.000
202606160154,   5.669,9999.000,9999.000,9999.000,9999.000,9999.000,9999.000,9999.000,9999.000
202606160200,   5.770,9999.000,   0.600,   0.127,   6.497,   0.500,   6.397,   0.700,   6.597
202606160206,   5.866,9999.000,9999.000,9999.000,9999.000,9999.000,9999.000,9999.000,9999.000
202606160212,   5.956,9999.000,9999.000,9999.000,9999.000,9999.000,9999.000,9999.000,9999.000
202606160218,   6.041,9999.000,9999.000,9999.000,9999.000,9999.000,9999.000,9999.000,9999.000
202606160224,   6.120,9999.000,9999.000,9999.000,9999.000,9999.000,9999.000,9999.000,9999.000
202606160230,   6.193,9999.000,9999.000,9999.000,9999.000,9999.000,9999.000,9999.000,9999.000
202606160236,   6.261,9999.000,9999.000,9999.000,9999.000,9999.000,9999.000,9999.000,9999.000
202606160242,   6.322,9999.000,9999.000,9999.000,9999.000,9999.000,9999.000,9999.000,9999.000
202606160248,   6.376,9999.000,9999.000,9999.000,9999.000,9999.000,9999.000,9999.000,9999.000
202606160254,   6.425,9999.000,9999.000,9999.000,9999.000,9999.000,9999.000,9999.000,9999.000
202606160300,   6.466,9999.000,   0.600,   0.142,   7.208,   0.500,   7.108,   0.700,   7.308
202606160306,   6.501,9999.000,9999.000,9999.000,9999.000,9999.000,9999.000,9999.000,9999.000
202606160312,   6.528,9999.000,9999.000,9999.000,9999.000,9999.000,9999.000,9999.000,9999.000
202606160318,   6.548,9999.000,9999.000,9999.000,9999.000,9999.000,9999.000,9999.000,9999.000
202606160324,   6.561,9999.000,9999.000,9999.000,9999.000,9999.000,9999.000,9999.000,9999.000
202606160330,   6.566,9999.000,9999.000,9999.000,9999.000,9999.000,9999.000,9999.000,9999.000
202606160336,   6.564,9999.000,9999.000,9999.000,9999.000,9999.000,9999.000,9999.000,9999.000
202606160342,   6.553,9999.000,9999.000,9999.000,9999.000,9999.000,9999.000,9999.000,9999.000
202606160348,   6.535,9999.000,9999.000,9999.000,9999.000,9999.000,9999.000,9999.000,9999.000
202606160354,   6.510,9999.000,9999.000,9999.000,9999.000,9999.000,9999.000,9999.000,9999.000
202606160400,   6.477,9999.000,   0.600,   0.157,   7.234,   0.500,   7.134,   0.700,   7.334
202606160406,   6.436,9999.000,9999.000,9999.000,9999.000,9999.000,9999.000,9999.000,9999.000
202606160412,   6.388,9999.000,9999.000,9999.000,9999.000,9999.000,9999.000,9999.000,9999.000
202606160418,   6.333,9999.000,9999.000,9999.000,9999.000,9999.000,9999.000,9999.000,9999.000
202606160424,   6.271,9999.000,9999.000,9999.000,9999.000,9999.000,9999.000,9999.000,9999.000
202606160430,   6.202,9999.000,9999.000,9999.000,9999.000,9999.000,9999.000,9999.000,9999.000
202606160436,   6.127,9999.000,9999.000,9999.000,9999.000,9999.000,9999.000,9999.000,9999.000
202606160442,   6.047,9999.000,9999.000,9999.000,9999.000,9999.000,9999.000,9999.000,9999.000
202606160448,   5.960,9999.000,9999.000,9999.000,9999.000,9999.000,9999.000,9999.000,9999.000
202606160454,   5.869,9999.000,9999.000,9999.000,9999.000,9999.000,9999.000,9999.000,9999.000
202606160500,   5.772,9999.000,   0.600,   0.172,   6.544,   0.500,   6.444,   0.700,   6.644
202606160506,   5.672,9999.000,9999.000,9999.000,9999.000,9999.000,9999.000,9999.000,9999.000
202606160512,   5.567,9999.000,9999.000,9999.000,9999.000,9999.000,9999.000,9999.000,9999.000
202606160518,   5.459,9999.000,9999.000,9999.000,9999.000,9999.000,9999.000,9999.000,9999.000
202606160524,   5.348,9999.000,9999.000,9999.000,9999.000,9999.000,9999.000,9999.000,9999.000
202606160530,   5.234,9999.000,9999.000,9999.000,9999.000,9999.000,9999.000,9999.000,9999.000
202606160536,   5.118,9999.000,9999.000,9999.000,9999.000,9999.000,9999.000,9999.000,9999.000
202606160542,   5.000,9999.000,9999.000,9999.000,9999.000,9999.000,9999.000,9999.000,9999.000
202606160548,   4.880,9999.000,9999.000,9999.000,9999.000,9999.000,9999.000,9999.000,9999.000
202606160554,   4.760,9999.000,9999.000,9999.000,9999.000,9999.000,9999.000,9999.000,9999.000
202606160600,   4.638,9999.000,   0.600,   0.172,   5.410,   0.500,   5.310,   0.600,   5.410
202606160606,   4.516,9999.000,9999.000,9999.000,9999.000,9999.000,9999.000,9999.000,9999.000
202606160612,   4.394,9999.000,9999.000,9999.000,9999.000,9999.000,9999.000,9999.000,9999.000
202606160618,   4.271,9999.000,9999.000,9999.000,9999.000,9999.000,9999.000,9999.000,9999.000
202606160624,   4.149,9999.000,9999.000,9999.000,9999.000,9999.000,9999.000,9999.000,9999.000
202606160630,   4.028,9999.000,9999.000,9999.000,9999.000,9999.000,9999.000,9999.000,9999.000
202606160636,   3.907,9999.000,9999.000,9999.000,9999.000,9999.000,9999.000,9999.000,9999.000
202606160642,   3.787,9999.000,9999.000,9999.000,9999.000,9999.000,9999.000,9999.000,9999.000
202606160648,   3.669,9999.000,9999.000,9999.000,9999.000,9999.000,9999.000,9999.000,9999.000
202606160654,   3.551,9999.000,9999.000,9999.000,9999.000,9999.000,9999.000,9999.000,9999.000
202606160700,   3.435,9999.000,   0.600,   0.172,   4.207,   0.500,   4.107,   0.600,   4.207
202606160706,   3.319,9999.000,9999.000,9999.000,9999.000,9999.000,9999.000,9999.000,9999.000
202606160712,   3.206,9999.000,9999.000,9999.000,9999.000,9999.000,9999.000,9999.000,9999.000
202606160718,   3.093,9999.000,9999.000,9999.000,9999.000,9999.000,9999.000,9999.000,9999.000
202606160724,   2.982,9999.000,9999.000,9999.000,9999.000,9999.000,9999.000,9999.000,9999.000
202606160730,   2.871,9999.000,9999.000,9999.000,9999.000,9999.000,9999.000,9999.000,9999.000
202606160736,   2.762,9999.000,9999.000,9999.000,9999.000,9999.000,9999.000,9999.000,9999.000
202606160742,   2.653,9999.000,9999.000,9999.000,9999.000,9999.000,9999.000,9999.000,9999.000
202606160748,   2.546,9999.000,9999.000,9999.000,9999.000,9999.000,9999.000,9999.000,9999.000
202606160754,   2.438,9999.000,9999.000,9999.000,9999.000,9999.000,9999.000,9999.000,9999.000
202606160800,   2.332,9999.000,   0.500,   0.172,   3.004,   0.500,   3.004,   0.600,   3.104
202606160806,   2.225,9999.000,9999.000,9999.000,9999.000,9999.000,9999.000,9999.000,9999.000
202606160812,   2.118,9999.000,9999.000,9999.000,9999.000,9999.000,9999.000,9999.000,9999.000
202606160818,   2.012,9999.000,9999.000,9999.000,9999.000,9999.000,9999.000,9999.000,9999.000
202606160824,   1.905,9999.000,9999.000,9999.000,9999.000,9999.000,9999.000,9999.000,9999.000
202606160830,   1.798,9999.000,9999.000,9999.000,9999.000,9999.000,9999.000,9999.000,9999.000
202606160836,   1.691,9999.000,9999.000,9999.000,9999.000,9999.000,9999.000,9999.000,9999.000
202606160842,   1.584,9999.000,9999.000,9999.000,9999.000,9999.000,9999.000,9999.000,9999.000
202606160848,   1.477,9999.000,9999.000,9999.000,9999.000,9999.000,9999.000,9999.000,9999.000
202606160854,   1.370,9999.000,9999.000,9999.000,9999.000,9999.000,9999.000,9999.000,9999.000
202606160900,   1.263,9999.000,   0.500,   0.172,   1.935,   0.500,   1.935,   0.600,   2.035
202606160906,   1.158,9999.000,9999.000,9999.000,9999.000,9999.000,9999.000,9999.000,9999.000
202606160912,   1.054,9999.000,9999.000,9999.000,9999.000,9999.000,9999.000,9999.000,9999.000
202606160918,   0.952,9999.000,9999.000,9999.000,9999.000,9999.000,9999.000,9999.000,9999.000
202606160924,   0.853,9999.000,9999.000,9999.000,9999.000,9999.000,9999.000,9999.000,9999.000
202606160930,   0.757,9999.000,9999.000,9999.000,9999.000,9999.000,9999.000,9999.000,9999.000
202606160936,   0.665,9999.000,9999.000,9999.000,9999.000,9999.000,9999.000,9999.000,9999.000
202606160942,   0.577,9999.000,9999.000,9999.000,9999.000,9999.000,9999.000,9999.000,9999.000
202606160948,   0.496,9999.000,9999.000,9999.000,9999.000,9999.000,9999.000,9999.000,9999.000
202606160954,   0.421,9999.000,9999.000,9999.000,9999.000,9999.000,9999.000,9999.000,9999.000
202606161000,   0.353,9999.000,   0.500,   0.172,   1.025,   0.500,   1.025,   0.600,   1.125
202606161006,   0.293,9999.000,9999.000,9999.000,9999.000,9999.000,9999.000,9999.000,9999.000
202606161012,   0.243,9999.000,9999.000,9999.000,9999.000,9999.000,9999.000,9999.000,9999.000
202606161018,   0.201,9999.000,9999.000,9999.000,9999.000,9999.000,9999.000,9999.000,9999.000
202606161024,   0.169,9999.000,9999.000,9999.000,9999.000,9999.000,9999.000,9999.000,9999.000
202606161030,   0.148,9999.000,9999.000,9999.000,9999.000,9999.000,9999.000,9999.000,9999.000
202606161036,   0.138,9999.000,9999.000,9999.000,9999.000,9999.000,9999.000,9999.000,9999.000
202606161042,   0.139,9999.000,9999.000,9999.000,9999.000,9999.000,9999.000,9999.000,9999.000
202606161048,   0.151,9999.000,9999.000,9999.000,9999.000,9999.000,9999.000,9999.000,9999.000
202606161054,   0.175,9999.000,9999.000,9999.000,9999.000,9999.000,9999.000,9999.000,9999.000
202606161100,   0.210,9999.000,   0.500,   0.172,   0.882,   0.500,   0.882,   0.600,   0.982
202606161106,   0.255,9999.000,9999.000,9999.000,9999.000,9999.000,9999.000,9999.000,9999.000
202606161112,   0.311,9999.000,9999.000,9999.000,9999.000,9999.000,9999.000,9999.000,9999.000
202606161118,   0.378,9999.000,9999.000,9999.000,9999.000,9999.000,9999.000,9999.000,9999.000
202606161124,   0.454,9999.000,9999.000,9999.000,9999.000,9999.000,9999.000,9999.000,9999.000
202606161130,   0.539,9999.000,9999.000,9999.000,9999.000,9999.000,9999.000,9999.000,9999.000
202606161136,   0.633,9999.000,9999.000,9999.000,9999.000,9999.000,9999.000,9999.000,9999.000
202606161142,   0.735,9999.000,9999.000,9999.000,9999.000,9999.000,9999.000,9999.000,9999.000
202606161148,   0.844,9999.000,9999.000,9999.000,9999.000,9999.000,9999.000,9999.000,9999.000
202606161154,   0.959,9999.000,9999.000,9999.000,9999.000,9999.000,9999.000,9999.000,9999.000
202606161200,   1.081,9999.000,   0.500,   0.172,   1.753,   0.500,   1.753,   0.600,   1.853
202606161206,   1.207,9999.000,9999.000,9999.000,9999.000,9999.000,9999.000,9999.000,9999.000
202606161212,   1.337,9999.000,9999.000,9999.000,9999.000,9999.000,9999.000,9999.000,9999.000
202606161218,   1.472,9999.000,9999.000,9999.000,9999.000,9999.000,9999.000,9999.000,9999.000
202606161224,   1.609,9999.000,9999.000,9999.000,9999.000,9999.000,9999.000,9999.000,9999.000
202606161230,   1.748,9999.000,9999.000,9999.000,9999.000,9999.000,9999.000,9999.000,9999.000
202606161236,   1.889,9999.000,9999.000,9999.000,9999.000,9999.000,9999.000,9999.000,9999.000
202606161242,   2.030,9999.000,9999.000,9999.000,9999.000,9999.000,9999.000,9999.000,9999.000
202606161248,   2.172,9999.000,9999.000,9999.000,9999.000,9999.000,9999.000,9999.000,9999.000
202606161254,   2.315,9999.000,9999.000,9999.000,9999.000,9999.000,9999.000,9999.000,9999.000
202606161300,   2.456,9999.000,   0.600,   0.172,   3.228,   0.500,   3.128,   0.600,   3.228
202606161306,   2.597,9999.000,9999.000,9999.000,9999.000,9999.000,9999.000,9999.000,9999.000
202606161312,   2.736,9999.000,9999.000,9999.000,9999.000,9999.000,9999.000,9999.000,9999.000
202606161318,   2.873,9999.000,9999.000,9999.000,9999.000,9999.000,9999.000,9999.000,9999.000
202606161324,   3.009,9999.000,9999.000,9999.000,9999.000,9999.000,9999.000,9999.000,9999.000
202606161330,   3.142,9999.000,9999.000,9999.000,9999.000,9999.000,9999.000,9999.000,9999.000
202606161336,   3.273,9999.000,9999.000,9999.000,9999.000,9999.000,9999.000,9999.000,9999.000
202606161342,   3.401,9999.000,9999.000,9999.000,9999.000,9999.000,9999.000,9999.000,9999.000
202606161348,   3.527,9999.000,9999.000,9999.000,9999.000,9999.000,9999.000,9999.000,9999.000
202606161354,   3.649,9999.000,9999.000,9999.000,9999.000,9999.000,9999.000,9999.000,9999.000
202606161400,   3.769,9999.000,   0.600,   0.172,   4.541,   0.500,   4.441,   0.600,   4.541
202606161406,   3.885,9999.000,9999.000,9999.000,9999.000,9999.000,9999.000,9999.000,9999.000
202606161412,   3.998,9999.000,9999.000,9999.000,9999.000,9999.000,9999.000,9999.000,9999.000
202606161418,   4.108,9999.000,9999.000,9999.000,9999.000,9999.000,9999.000,9999.000,9999.000
202606161424,   4.214,9999.000,9999.000,9999.000,9999.000,9999.000,9999.000,9999.000,9999.000
202606161430,   4.316,9999.000,9999.000,9999.000,9999.000,9999.000,9999.000,9999.000,9999.000
202606161436,   4.414,9999.000,9999.000,9999.000,9999.000,9999.000,9999.000,9999.000,9999.000
202606161442,   4.509,9999.000,9999.000,9999.000,9999.000,9999.000,9999.000,9999.000,9999.000
202606161448,   4.599,9999.000,9999.000,9999.000,9999.000,9999.000,9999.000,9999.000,9999.000
202606161454,   4.684,9999.000,9999.000,9999.000,9999.000,9999.000,9999.000,9999.000,9999.000
202606161500,   4.765,9999.000,   0.600,   0.172,   5.537,   0.500,   5.437,   0.600,   5.537
202606161506,   4.840,9999.000,9999.000,9999.000,9999.000,9999.000,9999.000,9999.000,9999.000
202606161512,   4.911,9999.000,9999.000,9999.000,9999.000,9999.000,9999.000,9999.000,9999.000
202606161518,   4.976,9999.000,9999.000,9999.000,9999.000,9999.000,9999.000,9999.000,9999.000
202606161524,   5.034,9999.000,9999.000,9999.000,9999.000,9999.000,9999.000,9999.000,9999.000
202606161530,   5.087,9999.000,9999.000,9999.000,9999.000,9999.000,9999.000,9999.000,9999.000
202606161536,   5.134,9999.000,9999.000,9999.000,9999.000,9999.000,9999.000,9999.000,9999.000
202606161542,   5.173,9999.000,9999.000,9999.000,9999.000,9999.000,9999.000,9999.000,9999.000
202606161548,   5.206,9999.000,9999.000,9999.000,9999.000,9999.000,9999.000,9999.000,9999.000
202606161554,   5.231,9999.000,9999.000,9999.000,9999.000,9999.000,9999.000,9999.000,9999.000
202606161600,   5.250,9999.000,   0.600,   0.172,   6.022,   0.500,   5.922,   0.700,   6.122
202606161606,   5.260,9999.000,9999.000,9999.000,9999.000,9999.000,9999.000,9999.000,9999.000
202606161612,   5.263,9999.000,9999.000,9999.000,9999.000,9999.000,9999.000,9999.000,9999.000
202606161618,   5.258,9999.000,9999.000,9999.000,9999.000,9999.000,9999.000,9999.000,9999.000
202606161624,   5.246,9999.000,9999.000,9999.000,9999.000,9999.000,9999.000,9999.000,9999.000
202606161630,   5.225,9999.000,9999.000,9999.000,9999.000,9999.000,9999.000,9999.000,9999.000
202606161636,   5.197,9999.000,9999.000,9999.000,9999.000,9999.000,9999.000,9999.000,9999.000
202606161642,   5.162,9999.000,9999.000,9999.000,9999.000,9999.000,9999.000,9999.000,9999.000
202606161648,   5.119,9999.000,9999.000,9999.000,9999.000,9999.000,9999.000,9999.000,9999.000
202606161654,   5.068,9999.000,9999.000,9999.000,9999.000,9999.000,9999.000,9999.000,9999.000
202606161700,   5.011,9999.000,   0.600,   0.172,   5.783,   0.600,   5.783,   0.700,   5.883
202606161706,   4.947,9999.000,9999.000,9999.000,9999.000,9999.000,9999.000,9999.000,9999.000
202606161712,   4.876,9999.000,9999.000,9999.000,9999.000,9999.000,9999.000,9999.000,9999.000
202606161718,   4.800,9999.000,9999.000,9999.000,9999.000,9999.000,9999.000,9999.000,9999.000
202606161724,   4.718,9999.000,9999.000,9999.000,9999.000,9999.000,9999.000,9999.000,9999.000
202606161730,   4.630,9999.000,9999.000,9999.000,9999.000,9999.000,9999.000,9999.000,9999.000
202606161736,   4.538,9999.000,9999.000,9999.000,9999.000,9999.000,9999.000,9999.000,9999.000
202606161742,   4.441,9999.000,9999.000,9999.000,9999.000,9999.000,9999.000,9999.000,9999.000
202606161748,   4.341,9999.000,9999.000,9999.000,9999.000,9999.000,9999.000,9999.000,9999.000
202606161754,   4.236,9999.000,9999.000,9999.000,9999.000,9999.000,9999.000,9999.000,9999.000
202606161800,   4.129,9999.000,   0.600,   0.172,   4.901,   0.600,   4.901,   0.700,   5.001
202606161806,   4.020,9999.000,9999.000,9999.000,9999.000,9999.000,9999.000,9999.000,9999.000
202606161812,   3.908,9999.000,9999.000,9999.000,9999.000,9999.000,9999.000,9999.000,9999.000
202606161818,   3.795,9999.000,9999.000,9999.000,9999.000,9999.000,9999.000,9999.000,9999.000
202606161824,   3.680,9999.000,9999.000,9999.000,9999.000,9999.000,9999.000,9999.000,9999.000
202606161830,   3.564,9999.000,9999.000,9999.000,9999.000,9999.000,9999.000,9999.000,9999.000
202606161836,   3.448,9999.000,9999.000,9999.000,9999.000,9999.000,9999.000,9999.000,9999.000
202606161842,   3.333,9999.000,9999.000,9999.000,9999.000,9999.000,9999.000,9999.000,9999.000
202606161848,   3.217,9999.000,9999.000,9999.000,9999.000,9999.000,9999.000,9999.000,9999.000
202606161854,   3.102,9999.000,9999.000,9999.000,9999.000,9999.000,9999.000,9999.000,9999.000
202606161900,   2.988,9999.000,   0.700,   0.172,   3.860,   0.600,   3.760,   0.700,   3.860
202606161906,   2.876,9999.000,9999.000,9999.000,9999.000,9999.000,9999.000,9999.000,9999.000
202606161912,   2.765,9999.000,9999.000,9999.000,9999.000,9999.000,9999.000,9999.000,9999.000
202606161918,   2.655,9999.000,9999.000,9999.000,9999.000,9999.000,9999.000,9999.000,9999.000
202606161924,   2.548,9999.000,9999.000,9999.000,9999.000,9999.000,9999.000,9999.000,9999.000
202606161930,   2.443,9999.000,9999.000,9999.000,9999.000,9999.000,9999.000,9999.000,9999.000
202606161936,   2.340,9999.000,9999.000,9999.000,9999.000,9999.000,9999.000,9999.000,9999.000
202606161942,   2.240,9999.000,9999.000,9999.000,9999.000,9999.000,9999.000,9999.000,9999.000
202606161948,   2.142,9999.000,9999.000,9999.000,9999.000,9999.000,9999.000,9999.000,9999.000
202606161954,   2.046,9999.000,9999.000,9999.000,9999.000,9999.000,9999.000,9999.000,9999.000
202606162000,   1.953,9999.000,   0.700,   0.172,   2.825,   0.600,   2.725,   0.700,   2.825
202606162006,   1.862,9999.000,9999.000,9999.000,9999.000,9999.000,9999.000,9999.000,9999.000
202606162012,   1.773,9999.000,9999.000,9999.000,9999.000,9999.000,9999.000,9999.000,9999.000
202606162018,   1.687,9999.000,9999.000,9999.000,9999.000,9999.000,9999.000,9999.000,9999.000
202606162024,   1.602,9999.000,9999.000,9999.000,9999.000,9999.000,9999.000,9999.000,9999.000
202606162030,   1.519,9999.000,9999.000,9999.000,9999.000,9999.000,9999.000,9999.000,9999.000
202606162036,   1.439,9999.000,9999.000,9999.000,9999.000,9999.000,9999.000,9999.000,9999.000
202606162042,   1.359,9999.000,9999.000,9999.000,9999.000,9999.000,9999.000,9999.000,9999.000
202606162048,   1.282,9999.000,9999.000,9999.000,9999.000,9999.000,9999.000,9999.000,9999.000
202606162054,   1.206,9999.000,9999.000,9999.000,9999.000,9999.000,9999.000,9999.000,9999.000
202606162100,   1.132,9999.000,   0.700,   0.172,   2.004,   0.600,   1.904,   0.800,   2.104
202606162106,   1.060,9999.000,9999.000,9999.000,9999.000,9999.000,9999.000,9999.000,9999.000
202606162112,   0.989,9999.000,9999.000,9999.000,9999.000,9999.000,9999.000,9999.000,9999.000
202606162118,   0.920,9999.000,9999.000,9999.000,9999.000,9999.000,9999.000,9999.000,9999.000
202606162124,   0.854,9999.000,9999.000,9999.000,9999.000,9999.000,9999.000,9999.000,9999.000
202606162130,   0.790,9999.000,9999.000,9999.000,9999.000,9999.000,9999.000,9999.000,9999.000
202606162136,   0.730,9999.000,9999.000,9999.000,9999.000,9999.000,9999.000,9999.000,9999.000
202606162142,   0.673,9999.000,9999.000,9999.000,9999.000,9999.000,9999.000,9999.000,9999.000
202606162148,   0.619,9999.000,9999.000,9999.000,9999.000,9999.000,9999.000,9999.000,9999.000
202606162154,   0.571,9999.000,9999.000,9999.000,9999.000,9999.000,9999.000,9999.000,9999.000
202606162200,   0.527,9999.000,   0.700,   0.172,   1.399,   0.600,   1.299,   0.800,   1.499
202606162206,   0.489,9999.000,9999.000,9999.000,9999.000,9999.000,9999.000,9999.000,9999.000
202606162212,   0.458,9999.000,9999.000,9999.000,9999.000,9999.000,9999.000,9999.000,9999.000
202606162218,   0.434,9999.000,9999.000,9999.000,9999.000,9999.000,9999.000,9999.000,9999.000
202606162224,   0.417,9999.000,9999.000,9999.000,9999.000,9999.000,9999.000,9999.000,9999.000
202606162230,   0.409,9999.000,9999.000,9999.000,9999.000,9999.000,9999.000,9999.000,9999.000
202606162236,   0.410,9999.000,9999.000,9999.000,9999.000,9999.000,9999.000,9999.000,9999.000
202606162242,   0.420,9999.000,9999.000,9999.000,9999.000,9999.000,9999.000,9999.000,9999.000
202606162248,   0.439,9999.000,9999.000,9999.000,9999.000,9999.000,9999.000,9999.000,9999.000
202606162254,   0.469,9999.000,9999.000,9999.000,9999.000,9999.000,9999.000,9999.000,9999.000
202606162300,   0.509,9999.000,   0.800,   0.172,   1.481,   0.700,   1.381,   0.900,   1.581
202606162306,   0.559,9999.000,9999.000,9999.000,9999.000,9999.000,9999.000,9999.000,9999.000
202606162312,   0.620,9999.000,9999.000,9999.000,9999.000,9999.000,9999.000,9999.000,9999.000
202606162318,   0.691,9999.000,9999.000,9999.000,9999.000,9999.000,9999.000,9999.000,9999.000
202606162324,   0.773,9999.000,9999.000,9999.000,9999.000,9999.000,9999.000,9999.000,9999.000
202606162330,   0.864,9999.000,9999.000,9999.000,9999.000,9999.000,9999.000,9999.000,9999.000
202606162336,   0.965,9999.000,9999.000,9999.000,9999.000,9999.000,9999.000,9999.000,9999.000
202606162342,   1.075,9999.000,9999.000,9999.000,9999.000,9999.000,9999.000,9999.000,9999.000
202606162348,   1.194,9999.000,9999.000,9999.000,9999.000,9999.000,9999.000,9999.000,9999.000
202606162354,   1.321,9999.000,9999.000,9999.000,9999.000,9999.000,9999.000,9999.000,9999.000
202606170000,   1.455,9999.000,   0.800,   0.172,   2.427,   0.700,   2.327,   0.900,   2.527
202606170006,   1.596,9999.000,9999.000,9999.000,9999.000,9999.000,9999.000,9999.000,9999.000
202606170012,   1.744,9999.000,9999.000,9999.000,9999.000,9999.000,9999.000,9999.000,9999.000
202606170018,   1.896,9999.000,9999.000,9999.000,9999.000,9999.000,9999.000,9999.000,9999.000
202606170024,   2.053,9999.000,9999.000,9999.000,9999.000,9999.000,9999.000,9999.000,9999.000
202606170030,   2.214,9999.000,9999.000,9999.000,9999.000,9999.000,9999.000,9999.000,9999.000
202606170036,   2.377,9999.000,9999.000,9999.000,9999.000,9999.000,9999.000,9999.000,9999.000
202606170042,   2.543,9999.000,9999.000,9999.000,9999.000,9999.000,9999.000,9999.000,9999.000
202606170048,   2.711,9999.000,9999.000,9999.000,9999.000,9999.000,9999.000,9999.000,9999.000
202606170054,   2.879,9999.000,9999.000,9999.000,9999.000,9999.000,9999.000,9999.000,9999.000
202606170100,   3.047,9999.000,   0.800,   0.172,   4.019,   0.700,   3.919,   0.900,   4.119
202606170106,   3.215,9999.000,9999.000,9999.000,9999.000,9999.000,9999.000,9999.000,9999.000
202606170112,   3.381,9999.000,9999.000,9999.000,9999.000,9999.000,9999.000,9999.000,9999.000
202606170118,   3.546,9999.000,9999.000,9999.000,9999.000,9999.000,9999.000,9999.000,9999.000
202606170124,   3.709,9999.000,9999.000,9999.000,9999.000,9999.000,9999.000,9999.000,9999.000
202606170130,   3.869,9999.000,9999.000,9999.000,9999.000,9999.000,9999.000,9999.000,9999.000
202606170136,   4.026,9999.000,9999.000,9999.000,9999.000,9999.000,9999.000,9999.000,9999.000
202606170142,   4.179,9999.000,9999.000,9999.000,9999.000,9999.000,9999.000,9999.000,9999.000
202606170148,   4.329,9999.000,9999.000,9999.000,9999.000,9999.000,9999.000,9999.000,9999.000
202606170154,   4.475,9999.000,9999.000,9999.000,9999.000,9999.000,9999.000,9999.000,9999.000
202606170200,   4.616,9999.000,   0.800,   0.172,   5.588,   0.700,   5.488,   0.900,   5.688
202606170206,   4.754,9999.000,9999.000,9999.000,9999.000,9999.000,9999.000,9999.000,9999.000
202606170212,   4.887,9999.000,9999.000,9999.000,9999.000,9999.000,9999.000,9999.000,9999.000
202606170218,   5.015,9999.000,9999.000,9999.000,9999.000,9999.000,9999.000,9999.000,9999.000
202606170224,   5.138,9999.000,9999.000,9999.000,9999.000,9999.000,9999.000,9999.000,9999.000
202606170230,   5.257,9999.000,9999.000,9999.000,9999.000,9999.000,9999.000,9999.000,9999.000
202606170236,   5.371,9999.000,9999.000,9999.000,9999.000,9999.000,9999.000,9999.000,9999.000
202606170242,   5.480,9999.000,9999.000,9999.000,9999.000,9999.000,9999.000,9999.000,9999.000
202606170248,   5.585,9999.000,9999.000,9999.000,9999.000,9999.000,9999.000,9999.000,9999.000
202606170254,   5.684,9999.000,9999.000,9999.000,9999.000,9999.000,9999.000,9999.000,9999.000
202606170300,   5.778,9999.000,   0.800,   0.172,   6.750,   0.700,   6.650,   0.900,   6.850
202606170306,   5.867,9999.000,9999.000,9999.000,9999.000,9999.000,9999.000,9999.000,9999.000
202606170312,   5.950,9999.000,9999.000,9999.000,9999.000,9999.000,9999.000,9999.000,9999.000
202606170318,   6.028,9999.000,9999.000,9999.000,9999.000,9999.000,9999.000,9999.000,9999.000
202606170324,   6.100,9999.000,9999.000,9999.000,9999.000,9999.000,9999.000,9999.000,9999.000
202606170330,   6.167,9999.000,9999.000,9999.000,9999.000,9999.000,9999.000,9999.000,9999.000
202606170336,   6.227,9999.000,9999.000,9999.000,9999.000,9999.000,9999.000,9999.000,9999.000
202606170342,   6.282,9999.000,9999.000,9999.000,9999.000,9999.000,9999.000,9999.000,9999.000
202606170348,   6.330,9999.000,9999.000,9999.000,9999.000,9999.000,9999.000,9999.000,9999.000
202606170354,   6.371,9999.000,9999.000,9999.000,9999.000,9999.000,9999.000,9999.000,9999.000
202606170400,   6.406,9999.000,   0.800,   0.172,   7.378,   0.700,   7.278,   0.900,   7.478
202606170406,   6.434,9999.000,9999.000,9999.000,9999.000,9999.000,9999.000,9999.000,9999.000
202606170412,   6.454,9999.000,9999.000,9999.000,9999.000,9999.000,9999.000,9999.000,9999.000
202606170418,   6.468,9999.000,9999.000,9999.000,9999.000,9999.000,9999.000,9999.000,9999.000
202606170424,   6.474,9999.000,9999.000,9999.000,9999.000,9999.000,9999.000,9999.000,9999.000
202606170430,   6.473,9999.000,9999.000,9999.000,9999.000,9999.000,9999.000,9999.000,9999.000
202606170436,   6.464,9999.000,9999.000,9999.000,9999.000,9999.000,9999.000,9999.000,9999.000
202606170442,   6.448,9999.000,9999.000,9999.000,9999.000,9999.000,9999.000,9999.000,9999.000
202606170448,   6.425,9999.000,9999.000,9999.000,9999.000,9999.000,9999.000,9999.000,9999.000
202606170454,   6.394,9999.000,9999.000,9999.000,9999.000,9999.000,9999.000,9999.000,9999.000
202606170500,   6.356,9999.000,   0.800,   0.172,   7.328,   0.700,   7.228,   0.900,   7.428
202606170506,   6.311,9999.000,9999.000,9999.000,9999.000,9999.000,9999.000,9999.000,9999.000
202606170512,   6.259,9999.000,9999.000,9999.000,9999.000,9999.000,9999.000,9999.000,9999.000
202606170518,   6.201,9999.000,9999.000,9999.000,9999.000,9999.000,9999.000,9999.000,9999.000
202606170524,   6.136,9999.000,9999.000,9999.000,9999.000,9999.000,9999.000,9999.000,9999.000
202606170530,   6.065,9999.000,9999.000,9999.000,9999.000,9999.000,9999.000,9999.000,9999.000
202606170536,   5.989,9999.000,9999.000,9999.000,9999.000,9999.000,9999.000,9999.000,9999.000
202606170542,   5.907,9999.000,9999.000,9999.000,9999.000,9999.000,9999.000,9999.000,9999.000
202606170548,   5.820,9999.000,9999.000,9999.000,9999.000,9999.000,9999.000,9999.000,9999.000
202606170554,   5.729,9999.000,9999.000,9999.000,9999.000,9999.000,9999.000,9999.000,9999.000
202606170600,   5.633,9999.000,   0.700,   0.172,   6.505,   0.700,   6.505,   0.800,   6.605
202606170606,   5.533,9999.000,9999.000,9999.000,9999.000,9999.000,9999.000,9999.000,9999.000
202606170612,   5.430,9999.000,9999.000,9999.000,9999.000,9999.000,9999.000,9999.000,9999.000
202606170618,   5.324,9999.000,9999.000,9999.000,9999.000,9999.000,9999.000,9999.000,9999.000
202606170624,   5.216,9999.000,9999.000,9999.000,9999.000,9999.000,9999.000,9999.000,9999.000
202606170630,   5.105,9999.000,9999.000,9999.000,9999.000,9999.000,9999.000,9999.000,9999.000
202606170636,   4.992,9999.000,9999.000,9999.000,9999.000,9999.000,9999.000,9999.000,9999.000
202606170642,   4.877,9999.000,9999.000,9999.000,9999.000,9999.000,9999.000,9999.000,9999.000
202606170648,   4.761,9999.000,9999.000,9999.000,9999.000,9999.000,9999.000,9999.000,9999.000
202606170654,   4.644,9999.000,9999.000,9999.000,9999.000,9999.000,9999.000,9999.000,9999.000
202606170700,   4.526,9999.000,   0.700,   0.172,   5.398,   0.600,   5.298,   0.800,   5.498
202606170706,   4.408,9999.000,9999.000,9999.000,9999.000,9999.000,9999.000,9999.000,9999.000
202606170712,   4.290,9999.000,9999.000,9999.000,9999.000,9999.000,9999.000,9999.000,9999.000
202606170718,   4.171,9999.000,9999.000,9999.000,9999.000,9999.000,9999.000,9999.000,9999.000
202606170724,   4.053,9999.000,9999.000,9999.000,9999.000,9999.000,9999.000,9999.000,9999.000
202606170730,   3.935,9999.000,9999.000,9999.000,9999.000,9999.000,9999.000,9999.000,9999.000
202606170736,   3.818,9999.000,9999.000,9999.000,9999.000,9999.000,9999.000,9999.000,9999.000
202606170742,   3.701,9999.000,9999.000,9999.000,9999.000,9999.000,9999.000,9999.000,9999.000
202606170748,   3.585,9999.000,9999.000,9999.000,9999.000,9999.000,9999.000,9999.000,9999.000
202606170754,   3.470,9999.000,9999.000,9999.000,9999.000,9999.000,9999.000,9999.000,9999.000
202606170800,   3.356,9999.000,   0.700,   0.172,   4.228,   0.600,   4.128,   0.800,   4.328
202606170806,   3.242,9999.000,9999.000,9999.000,9999.000,9999.000,9999.000,9999.000,9999.000
202606170812,   3.130,9999.000,9999.000,9999.000,9999.000,9999.000,9999.000,9999.000,9999.000
202606170818,   3.018,9999.000,9999.000,9999.000,9999.000,9999.000,9999.000,9999.000,9999.000
202606170824,   2.907,9999.000,9999.000,9999.000,9999.000,9999.000,9999.000,9999.000,9999.000
202606170830,   2.796,9999.000,9999.000,9999.000,9999.000,9999.000,9999.000,9999.000,9999.000
202606170836,   2.686,9999.000,9999.000,9999.000,9999.000,9999.000,9999.000,9999.000,9999.000
202606170842,   2.576,9999.000,9999.000,9999.000,9999.000,9999.000,9999.000,9999.000,9999.000
202606170848,   2.467,9999.000,9999.000,9999.000,9999.000,9999.000,9999.000,9999.000,9999.000
202606170854,   2.357,9999.000,9999.000,9999.000,9999.000,9999.000,9999.000,9999.000,9999.000
202606170900,   2.247,9999.000,   0.700,   0.172,   3.119,   0.600,   3.019,   0.800,   3.219
202606170906,   2.137,9999.000,9999.000,9999.000,9999.000,9999.000,9999.000,9999.000,9999.000
202606170912,   2.027,9999.000,9999.000,9999.000,9999.000,9999.000,9999.000,9999.000,9999.000
202606170918,   1.917,9999.000,9999.000,9999.000,9999.000,9999.000,9999.000,9999.000,9999.000
202606170924,   1.806,9999.000,9999.000,9999.000,9999.000,9999.000,9999.000,9999.000,9999.000
202606170930,   1.694,9999.000,9999.000,9999.000,9999.000,9999.000,9999.000,9999.000,9999.000
202606170936,   1.583,9999.000,9999.000,9999.000,9999.000,9999.000,9999.000,9999.000,9999.000
202606170942,   1.471,9999.000,9999.000,9999.000,9999.000,9999.000,9999.000,9999.000,9999.000
202606170948,   1.360,9999.000,9999.000,9999.000,9999.000,9999.000,9999.000,9999.000,9999.000
202606170954,   1.250,9999.000,9999.000,9999.000,9999.000,9999.000,9999.000,9999.000,9999.000
202606171000,   1.141,9999.000,   0.700,   0.172,   2.013,   0.600,   1.913,   0.800,   2.113
202606171006,   1.034,9999.000,9999.000,9999.000,9999.000,9999.000,9999.000,9999.000,9999.000
202606171012,   0.929,9999.000,9999.000,9999.000,9999.000,9999.000,9999.000,9999.000,9999.000
202606171018,   0.827,9999.000,9999.000,9999.000,9999.000,9999.000,9999.000,9999.000,9999.000
202606171024,   0.728,9999.000,9999.000,9999.000,9999.000,9999.000,9999.000,9999.000,9999.000
202606171030,   0.635,9999.000,9999.000,9999.000,9999.000,9999.000,9999.000,9999.000,9999.000
202606171036,   0.547,9999.000,9999.000,9999.000,9999.000,9999.000,9999.000,9999.000,9999.000
202606171042,   0.465,9999.000,9999.000,9999.000,9999.000,9999.000,9999.000,9999.000,9999.000
202606171048,   0.390,9999.000,9999.000,9999.000,9999.000,9999.000,9999.000,9999.000,9999.000
202606171054,   0.322,9999.000,9999.000,9999.000,9999.000,9999.000,9999.000,9999.000,9999.000
202606171100,   0.264,9999.000,   0.700,   0.172,   1.136,   0.600,   1.036,   0.800,   1.236
202606171106,   0.215,9999.000,9999.000,9999.000,9999.000,9999.000,9999.000,9999.000,9999.000
202606171112,   0.175,9999.000,9999.000,9999.000,9999.000,9999.000,9999.000,9999.000,9999.000
202606171118,   0.146,9999.000,9999.000,9999.000,9999.000,9999.000,9999.000,9999.000,9999.000
202606171124,   0.128,9999.000,9999.000,9999.000,9999.000,9999.000,9999.000,9999.000,9999.000
202606171130,   0.121,9999.000,9999.000,9999.000,9999.000,9999.000,9999.000,9999.000,9999.000
202606171136,   0.125,9999.000,9999.000,9999.000,9999.000,9999.000,9999.000,9999.000,9999.000
202606171142,   0.141,9999.000,9999.000,9999.000,9999.000,9999.000,9999.000,9999.000,9999.000
202606171148,   0.168,9999.000,9999.000,9999.000,9999.000,9999.000,9999.000,9999.000,9999.000
202606171154,   0.206,9999.000,9999.000,9999.000,9999.000,9999.000,9999.000,9999.000,9999.000
202606171200,   0.256,9999.000,   0.700,   0.172,   1.128,   0.600,   1.028,   0.800,   1.228
202606171206,   0.315,9999.000,9999.000,9999.000,9999.000,9999.000,9999.000,9999.000,9999.000
202606171212,   0.385,9999.000,9999.000,9999.000,9999.000,9999.000,9999.000,9999.000,9999.000
202606171218,   0.464,9999.000,9999.000,9999.000,9999.000,9999.000,9999.000,9999.000,9999.000
202606171224,   0.552,9999.000,9999.000,9999.000,9999.000,9999.000,9999.000,9999.000,9999.000
202606171230,   0.649,9999.000,9999.000,9999.000,9999.000,9999.000,9999.000,9999.000,9999.000
202606171236,   0.753,9999.000,9999.000,9999.000,9999.000,9999.000,9999.000,9999.000,9999.000
202606171242,   0.864,9999.000,9999.000,9999.000,9999.000,9999.000,9999.000,9999.000,9999.000
202606171248,   0.981,9999.000,9999.000,9999.000,9999.000,9999.000,9999.000,9999.000,9999.000
202606171254,   1.103,9999.000,9999.000,9999.000,9999.000,9999.000,9999.000,9999.000,9999.000
202606171300,   1.230,9999.000,   0.700,   0.172,   2.102,   0.600,   2.002,   0.800,   2.202
202606171306,   1.361,9999.000,9999.000,9999.000,9999.000,9999.000,9999.000,9999.000,9999.000
202606171312,   1.495,9999.000,9999.000,9999.000,9999.000,9999.000,9999.000,9999.000,9999.000
202606171318,   1.632,9999.000,9999.000,9999.000,9999.000,9999.000,9999.000,9999.000,9999.000
202606171324,   1.771,9999.000,9999.000,9999.000,9999.000,9999.000,9999.000,9999.000,9999.000
202606171330,   1.911,9999.000,9999.000,9999.000,9999.000,9999.000,9999.000,9999.000,9999.000
202606171336,   2.052,9999.000,9999.000,9999.000,9999.000,9999.000,9999.000,9999.000,9999.000
202606171342,   2.193,9999.000,9999.000,9999.000,9999.000,9999.000,9999.000,9999.000,9999.000
202606171348,   2.334,9999.000,9999.000,9999.000,9999.000,9999.000,9999.000,9999.000,9999.000
202606171354,   2.474,9999.000,9999.000,9999.000,9999.000,9999.000,9999.000,9999.000,9999.000
202606171400,   2.613,9999.000,   0.700,   0.172,   3.485,   0.600,   3.385,   0.800,   3.585
202606171406,   2.750,9999.000,9999.000,9999.000,9999.000,9999.000,9999.000,9999.000,9999.000
202606171412,   2.886,9999.000,9999.000,9999.000,9999.000,9999.000,9999.000,9999.000,9999.000
202606171418,   3.020,9999.000,9999.000,9999.000,9999.000,9999.000,9999.000,9999.000,9999.000
202606171424,   3.152,9999.000,9999.000,9999.000,9999.000,9999.000,9999.000,9999.000,9999.000
202606171430,   3.281,9999.000,9999.000,9999.000,9999.000,9999.000,9999.000,9999.000,9999.000
202606171436,   3.408,9999.000,9999.000,9999.000,9999.000,9999.000,9999.000,9999.000,9999.000
202606171442,   3.533,9999.000,9999.000,9999.000,9999.000,9999.000,9999.000,9999.000,9999.000
202606171448,   3.654,9999.000,9999.000,9999.000,9999.000,9999.000,9999.000,9999.000,9999.000
202606171454,   3.773,9999.000,9999.000,9999.000,9999.000,9999.000,9999.000,9999.000,9999.000
202606171500,   3.888,9999.000,   0.700,   0.172,   4.760,   0.600,   4.660,   0.800,   4.860
202606171506,   4.001,9999.000,9999.000,9999.000,9999.000,9999.000,9999.000,9999.000,9999.000
202606171512,   4.110,9999.000,9999.000,9999.000,9999.000,9999.000,9999.000,9999.000,9999.000
202606171518,   4.216,9999.000,9999.000,9999.000,9999.000,9999.000,9999.000,9999.000,9999.000
202606171524,   4.318,9999.000,9999.000,9999.000,9999.000,9999.000,9999.000,9999.000,9999.000
202606171530,   4.417,9999.000,9999.000,9999.000,9999.000,9999.000,9999.000,9999.000,9999.000
202606171536,   4.511,9999.000,9999.000,9999.000,9999.000,9999.000,9999.000,9999.000,9999.000
202606171542,   4.602,9999.000,9999.000,9999.000,9999.000,9999.000,9999.000,9999.000,9999.000
202606171548,   4.688,9999.000,9999.000,9999.000,9999.000,9999.000,9999.000,9999.000,9999.000
202606171554,   4.770,9999.000,9999.000,9999.000,9999.000,9999.000,9999.000,9999.000,9999.000
202606171600,   4.846,9999.000,   0.700,   0.172,   5.718,   0.600,   5.618,   0.800,   5.818
202606171606,   4.918,9999.000,9999.000,9999.000,9999.000,9999.000,9999.000,9999.000,9999.000
202606171612,   4.984,9999.000,9999.000,9999.000,9999.000,9999.000,9999.000,9999.000,9999.000
202606171618,   5.044,9999.000,9999.000,9999.000,9999.000,9999.000,9999.000,9999.000,9999.000
202606171624,   5.099,9999.000,9999.000,9999.000,9999.000,9999.000,9999.000,9999.000,9999.000
202606171630,   5.147,9999.000,9999.000,9999.000,9999.000,9999.000,9999.000,9999.000,9999.000
202606171636,   5.188,9999.000,9999.000,9999.000,9999.000,9999.000,9999.000,9999.000,9999.000
202606171642,   5.223,9999.000,9999.000,9999.000,9999.000,9999.000,9999.000,9999.000,9999.000
202606171648,   5.251,9999.000,9999.000,9999.000,9999.000,9999.000,9999.000,9999.000,9999.000
202606171654,   5.271,9999.000,9999.000,9999.000,9999.000,9999.000,9999.000,9999.000,9999.000
202606171700,   5.285,9999.000,   0.700,   0.172,   6.157,   0.600,   6.057,   0.800,   6.257
202606171706,   5.290,9999.000,9999.000,9999.000,9999.000,9999.000,9999.000,9999.000,9999.000
202606171712,   5.289,9999.000,9999.000,9999.000,9999.000,9999.000,9999.000,9999.000,9999.000
202606171718,   5.279,9999.000,9999.000,9999.000,9999.000,9999.000,9999.000,9999.000,9999.000
202606171724,   5.262,9999.000,9999.000,9999.000,9999.000,9999.000,9999.000,9999.000,9999.000
202606171730,   5.238,9999.000,9999.000,9999.000,9999.000,9999.000,9999.000,9999.000,9999.000
202606171736,   5.206,9999.000,9999.000,9999.000,9999.000,9999.000,9999.000,9999.000,9999.000
202606171742,   5.167,9999.000,9999.000,9999.000,9999.000,9999.000,9999.000,9999.000,9999.000
202606171748,   5.120,9999.000,9999.000,9999.000,9999.000,9999.000,9999.000,9999.000,9999.000
202606171754,   5.067,9999.000,9999.000,9999.000,9999.000,9999.000,9999.000,9999.000,9999.000
202606171800,   5.008,9999.000,   0.700,   0.172,   5.880,   0.600,   5.780,   0.800,   5.980
202606171806,   4.942,9999.000,9999.000,9999.000,9999.000,9999.000,9999.000,9999.000,9999.000
202606171812,   4.870,9999.000,9999.000,9999.000,9999.000,9999.000,9999.000,9999.000,9999.000
202606171818,   4.792,9999.000,9999.000,9999.000,9999.000,9999.000,9999.000,9999.000,9999.000
202606171824,   4.709,9999.000,9999.000,9999.000,9999.000,9999.000,9999.000,9999.000,9999.000
202606171830,   4.622,9999.000,9999.000,9999.000,9999.000,9999.000,9999.000,9999.000,9999.000
202606171836,   4.530,9999.000,9999.000,9999.000,9999.000,9999.000,9999.000,9999.000,9999.000
202606171842,   4.434,9999.000,9999.000,9999.000,9999.000,9999.000,9999.000,9999.000,9999.000
202606171848,   4.335,9999.000,9999.000,9999.000,9999.000,9999.000,9999.000,9999.000,9999.000
202606171854,   4.232,9999.000,9999.000,9999.000,9999.000,9999.000,9999.000,9999.000,9999.000
202606171900,   4.127,9999.000,   0.700,   0.172,   4.999,   0.600,   4.899,   0.800,   5.099
202606171906,   4.019,9999.000,9999.000,9999.000,9999.000,9999.000,9999.000,9999.000,9999.000
202606171912,   3.910,9999.000,9999.000,9999.000,9999.000,9999.000,9999.000,9999.000,9999.000
202606171918,   3.799,9999.000,9999.000,9999.000,9999.000,9999.000,9999.000,9999.000,9999.000
202606171924,   3.687,9999.000,9999.000,9999.000,9999.000,9999.000,9999.000,9999.000,9999.000
202606171930,   3.574,9999.000,9999.000,9999.000,9999.000,9999.000,9999.000,9999.000,9999.000
202606171936,   3.461,9999.000,9999.000,9999.000,9999.000,9999.000,9999.000,9999.000,9999.000
202606171942,   3.348,9999.000,9999.000,9999.000,9999.000,9999.000,9999.000,9999.000,9999.000
202606171948,   3.236,9999.000,9999.000,9999.000,9999.000,9999.000,9999.000,9999.000,9999.000
202606171954,   3.124,9999.000,9999.000,9999.000,9999.000,9999.000,9999.000,9999.000,9999.000
202606172000,   3.013,9999.000,   0.700,   0.172,   3.885,   0.600,   3.785,   0.800,   3.985
202606172006,   2.903,9999.000,9999.000,9999.000,9999.000,9999.000,9999.000,9999.000,9999.000
202606172012,   2.795,9999.000,9999.000,9999.000,9999.000,9999.000,9999.000,9999.000,9999.000
202606172018,   2.688,9999.000,9999.000,9999.000,9999.000,9999.000,9999.000,9999.000,9999.000
202606172024,   2.583,9999.000,9999.000,9999.000,9999.000,9999.000,9999.000,9999.000,9999.000
202606172030,   2.480,9999.000,9999.000,9999.000,9999.000,9999.000,9999.000,9999.000,9999.000
202606172036,   2.379,9999.000,9999.000,9999.000,9999.000,9999.000,9999.000,9999.000,9999.000
202606172042,   2.279,9999.000,9999.000,9999.000,9999.000,9999.000,9999.000,9999.000,9999.000
202606172048,   2.182,9999.000,9999.000,9999.000,9999.000,9999.000,9999.000,9999.000,9999.000
202606172054,   2.087,9999.000,9999.000,9999.000,9999.000,9999.000,9999.000,9999.000,9999.000
202606172100,   1.994,9999.000,   0.700,   0.172,   2.866,   0.600,   2.766,   0.800,   2.966
202606172106,   1.902,9999.000,9999.000,9999.000,9999.000,9999.000,9999.000,9999.000,9999.000
202606172112,   1.812,9999.000,9999.000,9999.000,9999.000,9999.000,9999.000,9999.000,9999.000
202606172118,   1.725,9999.000,9999.000,9999.000,9999.000,9999.000,9999.000,9999.000,9999.000
202606172124,   1.638,9999.000,9999.000,9999.000,9999.000,9999.000,9999.000,9999.000,9999.000
202606172130,   1.553,9999.000,9999.000,9999.000,9999.000,9999.000,9999.000,9999.000,9999.000
202606172136,   1.470,9999.000,9999.000,9999.000,9999.000,9999.000,9999.000,9999.000,9999.000
202606172142,   1.388,9999.000,9999.000,9999.000,9999.000,9999.000,9999.000,9999.000,9999.000
202606172148,   1.307,9999.000,9999.000,9999.000,9999.000,9999.000,9999.000,9999.000,9999.000
202606172154,   1.228,9999.000,9999.000,9999.000,9999.000,9999.000,9999.000,9999.000,9999.000
202606172200,   1.151,9999.000,   0.700,   0.172,   2.023,   0.600,   1.923,   0.800,   2.123
202606172206,   1.075,9999.000,9999.000,9999.000,9999.000,9999.000,9999.000,9999.000,9999.000
202606172212,   1.002,9999.000,9999.000,9999.000,9999.000,9999.000,9999.000,9999.000,9999.000
202606172218,   0.930,9999.000,9999.000,9999.000,9999.000,9999.000,9999.000,9999.000,9999.000
202606172224,   0.862,9999.000,9999.000,9999.000,9999.000,9999.000,9999.000,9999.000,9999.000
202606172230,   0.796,9999.000,9999.000,9999.000,9999.000,9999.000,9999.000,9999.000,9999.000
202606172236,   0.735,9999.000,9999.000,9999.000,9999.000,9999.000,9999.000,9999.000,9999.000
202606172242,   0.677,9999.000,9999.000,9999.000,9999.000,9999.000,9999.000,9999.000,9999.000
202606172248,   0.625,9999.000,9999.000,9999.000,9999.000,9999.000,9999.000,9999.000,9999.000
202606172254,   0.577,9999.000,9999.000,9999.000,9999.000,9999.000,9999.000,9999.000,9999.000
202606172300,   0.536,9999.000,   0.700,   0.172,   1.408,   0.600,   1.308,   0.800,   1.508
202606172306,   0.502,9999.000,9999.000,9999.000,9999.000,9999.000,9999.000,9999.000,9999.000
202606172312,   0.476,9999.000,9999.000,9999.000,9999.000,9999.000,9999.000,9999.000,9999.000
202606172318,   0.457,9999.000,9999.000,9999.000,9999.000,9999.000,9999.000,9999.000,9999.000
202606172324,   0.447,9999.000,9999.000,9999.000,9999.000,9999.000,9999.000,9999.000,9999.000
202606172330,   0.446,9999.000,9999.000,9999.000,9999.000,9999.000,9999.000,9999.000,9999.000
202606172336,   0.454,9999.000,9999.000,9999.000,9999.000,9999.000,9999.000,9999.000,9999.000
202606172342,   0.473,9999.000,9999.000,9999.000,9999.000,9999.000,9999.000,9999.000,9999.000
202606172348,   0.502,9999.000,9999.000,9999.000,9999.000,9999.000,9999.000,9999.000,9999.000
202606172354,   0.541,9999.000,9999.000,9999.000,9999.000,9999.000,9999.000,9999.000,9999.000
202606180000,   0.590,9999.000,   0.700,   0.172,   1.462,   0.600,   1.362,   0.800,   1.562
202606180006,   0.650,9999.000,9999.000,9999.000,9999.000,9999.000,9999.000,9999.000,9999.000
202606180012,   0.721,9999.000,9999.000,9999.000,9999.000,9999.000,9999.000,9999.000,9999.000
202606180018,   0.801,9999.000,9999.000,9999.000,9999.000,9999.000,9999.000,9999.000,9999.000
202606180024,   0.891,9999.000,9999.000,9999.000,9999.000,9999.000,9999.000,9999.000,9999.000
202606180030,   0.991,9999.000,9999.000,9999.000,9999.000,9999.000,9999.000,9999.000,9999.000
202606180036,   1.099,9999.000,9999.000,9999.000,9999.000,9999.000,9999.000,9999.000,9999.000
202606180042,   1.216,9999.000,9999.000,9999.000,9999.000,9999.000,9999.000,9999.000,9999.000
202606180048,   1.341,9999.000,9999.000,9999.000,9999.000,9999.000,9999.000,9999.000,9999.000
202606180054,   1.472,9999.000,9999.000,9999.000,9999.000,9999.000,9999.000,9999.000,9999.000
202606180100,   1.610,9999.000,   0.700,   0.172,   2.482,   0.600,   2.382,   0.800,   2.582
202606180106,   1.753,9999.000,9999.000,9999.000,9999.000,9999.000,9999.000,9999.000,9999.000
202606180112,   1.902,9999.000,9999.000,9999.000,9999.000,9999.000,9999.000,9999.000,9999.000
202606180118,   2.054,9999.000,9999.000,9999.000,9999.000,9999.000,9999.000,9999.000,9999.000
202606180124,   2.210,9999.000,9999.000,9999.000,9999.000,9999.000,9999.000,9999.000,9999.000
202606180130,   2.369,9999.000,9999.000,9999.000,9999.000,9999.000,9999.000,9999.000,9999.000
202606180136,   2.529,9999.000,9999.000,9999.000,9999.000,9999.000,9999.000,9999.000,9999.000
202606180142,   2.690,9999.000,9999.000,9999.000,9999.000,9999.000,9999.000,9999.000,9999.000
202606180148,   2.852,9999.000,9999.000,9999.000,9999.000,9999.000,9999.000,9999.000,9999.000
202606180154,   3.014,9999.000,9999.000,9999.000,9999.000,9999.000,9999.000,9999.000,9999.000
202606180200,   3.175,9999.000,   0.700,   0.172,   4.047,   0.700,   4.047,   0.900,   4.247
202606180206,   3.334,9999.000,9999.000,9999.000,9999.000,9999.000,9999.000,9999.000,9999.000
202606180212,   3.492,9999.000,9999.000,9999.000,9999.000,9999.000,9999.000,9999.000,9999.000
202606180218,   3.647,9999.000,9999.000,9999.000,9999.000,9999.000,9999.000,9999.000,9999.000
202606180224,   3.800,9999.000,9999.000,9999.000,9999.000,9999.000,9999.000,9999.000,9999.000
202606180230,   3.950,9999.000,9999.000,9999.000,9999.000,9999.000,9999.000,9999.000,9999.000
202606180236,   4.097,9999.000,9999.000,9999.000,9999.000,9999.000,9999.000,9999.000,9999.000
202606180242,   4.239,9999.000,9999.000,9999.000,9999.000,9999.000,9999.000,9999.000,9999.000
202606180248,   4.379,9999.000,9999.000,9999.000,9999.000,9999.000,9999.000,9999.000,9999.000
202606180254,   4.514,9999.000,9999.000,9999.000,9999.000,9999.000,9999.000,9999.000,9999.000
202606180300,   4.645,9999.000,   0.700,   0.172,   5.517,   0.700,   5.517,   0.900,   5.717
202606180306,   4.772,9999.000,9999.000,9999.000,9999.000,9999.000,9999.000,9999.000,9999.000
202606180312,   4.895,9999.000,9999.000,9999.000,9999.000,9999.000,9999.000,9999.000,9999.000
202606180318,   5.013,9999.000,9999.000,9999.000,9999.000,9999.000,9999.000,9999.000,9999.000
202606180324,   5.127,9999.000,9999.000,9999.000,9999.000,9999.000,9999.000,9999.000,9999.000
202606180330,   5.237,9999.000,9999.000,9999.000,9999.000,9999.000,9999.000,9999.000,9999.000
202606180336,   5.342,9999.000,9999.000,9999.000,9999.000,9999.000,9999.000,9999.000,9999.000
202606180342,   5.442,9999.000,9999.000,9999.000,9999.000,9999.000,9999.000,9999.000,9999.000
202606180348,   5.538,9999.000,9999.000,9999.000,9999.000,9999.000,9999.000,9999.000,9999.000
202606180354,   5.629,9999.000,9999.000,9999.000,9999.000,9999.000,9999.000,9999.000,9999.000
202606180400,   5.716,9999.000,   0.700,   0.172,   6.588,   0.700,   6.588,   0.800,   6.688
202606180406,   5.797,9999.000,9999.000,9999.000,9999.000,9999.000,9999.000,9999.000,9999.000
202606180412,   5.874,9999.000,9999.000,9999.000,9999.000,9999.000,9999.000,9999.000,9999.000
202606180418,   5.945,9999.000,9999.000,9999.000,9999.000,9999.000,9999.000,9999.000,9999.000
202606180424,   6.010,9999.000,9999.000,9999.000,9999.000,9999.000,9999.000,9999.000,9999.000
202606180430,   6.070,9999.000,9999.000,9999.000,9999.000,9999.000,9999.000,9999.000,9999.000
202606180436,   6.125,9999.000,9999.000,9999.000,9999.000,9999.000,9999.000,9999.000,9999.000
202606180442,   6.173,9999.000,9999.000,9999.000,9999.000,9999.000,9999.000,9999.000,9999.000
202606180448,   6.215,9999.000,9999.000,9999.000,9999.000,9999.000,9999.000,9999.000,9999.000
202606180454,   6.251,9999.000,9999.000,9999.000,9999.000,9999.000,9999.000,9999.000,9999.000
202606180500,   6.280,9999.000,   0.700,   0.172,   7.152,   0.600,   7.052,   0.800,   7.252
202606180506,   6.302,9999.000,9999.000,9999.000,9999.000,9999.000,9999.000,9999.000,9999.000
202606180512,   6.317,9999.000,9999.000,9999.000,9999.000,9999.000,9999.000,9999.000,9999.000
202606180518,   6.326,9999.000,9999.000,9999.000,9999.000,9999.000,9999.000,9999.000,9999.000
202606180524,   6.327,9999.000,9999.000,9999.000,9999.000,9999.000,9999.000,9999.000,9999.000
202606180530,   6.321,9999.000,9999.000,9999.000,9999.000,9999.000,9999.000,9999.000,9999.000
202606180536,   6.308,9999.000,9999.000,9999.000,9999.000,9999.000,9999.000,9999.000,9999.000
202606180542,   6.288,9999.000,9999.000,9999.000,9999.000,9999.000,9999.000,9999.000,9999.000
202606180548,   6.261,9999.000,9999.000,9999.000,9999.000,9999.000,9999.000,9999.000,9999.000
202606180554,   6.226,9999.000,9999.000,9999.000,9999.000,9999.000,9999.000,9999.000,9999.000
202606180600,   6.185,9999.000,   0.700,   0.172,   7.057,   0.600,   6.957,   0.800,   7.157
202606180606,   6.137,9999.000,9999.000,9999.000,9999.000,9999.000,9999.000,9999.000,9999.000
202606180612,   6.083,9999.000,9999.000,9999.000,9999.000,9999.000,9999.000,9999.000,9999.000
202606180618,   6.023,9999.000,9999.000,9999.000,9999.000,9999.000,9999.000,9999.000,9999.000
202606180624,   5.957,9999.000,9999.000,9999.000,9999.000,9999.000,9999.000,9999.000,9999.000
202606180630,   5.885,9999.000,9999.000,9999.000,9999.000,9999.000,9999.000,9999.000,9999.000
202606180636,   5.808,9999.000,9999.000,9999.000,9999.000,9999.000,9999.000,9999.000,9999.000
202606180642,   5.726,9999.000,9999.000,9999.000,9999.000,9999.000,9999.000,9999.000,9999.000
202606180648,   5.639,9999.000,9999.000,9999.000,9999.000,9999.000,9999.000,9999.000,9999.000
202606180654,   5.548,9999.000,9999.000,9999.000,9999.000,9999.000,9999.000,9999.000,9999.000
202606180700,   5.454,9999.000,   0.700,   0.172,   6.326,   0.600,   6.226,   0.800,   6.426
202606180706,   5.355,9999.000,9999.000,9999.000,9999.000,9999.000,9999.000,9999.000,9999.000
202606180712,   5.254,9999.000,9999.000,9999.000,9999.000,9999.000,9999.000,9999.000,9999.000
202606180718,   5.150,9999.000,9999.000,9999.000,9999.000,9999.000,9999.000,9999.000,9999.000
202606180724,   5.043,9999.000,9999.000,9999.000,9999.000,9999.000,9999.000,9999.000,9999.000
202606180730,   4.934,9999.000,9999.000,9999.000,9999.000,9999.000,9999.000,9999.000,9999.000
202606180736,   4.824,9999.000,9999.000,9999.000,9999.000,9999.000,9999.000,9999.000,9999.000
202606180742,   4.711,9999.000,9999.000,9999.000,9999.000,9999.000,9999.000,9999.000,9999.000
202606180748,   4.598,9999.000,9999.000,9999.000,9999.000,9999.000,9999.000,9999.000,9999.000
202606180754,   4.484,9999.000,9999.000,9999.000,9999.000,9999.000,9999.000,9999.000,9999.000
202606180800,   4.368,9999.000,   0.700,   0.172,   5.240,   0.600,   5.140,   0.800,   5.340
202606180806,   4.253,9999.000,9999.000,9999.000,9999.000,9999.000,9999.000,9999.000,9999.000
202606180812,   4.137,9999.000,9999.000,9999.000,9999.000,9999.000,9999.000,9999.000,9999.000
202606180818,   4.021,9999.000,9999.000,9999.000,9999.000,9999.000,9999.000,9999.000,9999.000
202606180824,   3.905,9999.000,9999.000,9999.000,9999.000,9999.000,9999.000,9999.000,9999.000
202606180830,   3.790,9999.000,9999.000,9999.000,9999.000,9999.000,9999.000,9999.000,9999.000
202606180836,   3.675,9999.000,9999.000,9999.000,9999.000,9999.000,9999.000,9999.000,9999.000
202606180842,   3.560,9999.000,9999.000,9999.000,9999.000,9999.000,9999.000,9999.000,9999.000
202606180848,   3.446,9999.000,9999.000,9999.000,9999.000,9999.000,9999.000,9999.000,9999.000
202606180854,   3.333,9999.000,9999.000,9999.000,9999.000,9999.000,9999.000,9999.000,9999.000
202606180900,   3.220,9999.000,   0.700,   0.172,   4.092,   0.600,   3.992,   0.900,   4.292
202606180906,   3.108,9999.000,9999.000,9999.000,9999.000,9999.000,9999.000,9999.000,9999.000
202606180912,   2.997,9999.000,9999.000,9999.000,9999.000,9999.000,9999.000,9999.000,9999.000
202606180918,   2.886,9999.000,9999.000,9999.000,9999.000,9999.000,9999.000,9999.000,9999.000
202606180924,   2.775,9999.000,9999.000,9999.000,9999.000,9999.000,9999.000,9999.000,9999.000
202606180930,   2.665,9999.000,9999.000,9999.000,9999.000,9999.000,9999.000,9999.000,9999.000
202606180936,   2.554,9999.000,9999.000,9999.000,9999.000,9999.000,9999.000,9999.000,9999.000
202606180942,   2.444,9999.000,9999.000,9999.000,9999.000,9999.000,9999.000,9999.000,9999.000
202606180948,   2.334,9999.000,9999.000,9999.000,9999.000,9999.000,9999.000,9999.000,9999.000
202606180954,   2.223,9999.000,9999.000,9999.000,9999.000,9999.000,9999.000,9999.000,9999.000
202606181000,   2.112,9999.000,   0.700,   0.172,   2.984,   0.600,   2.884,   0.900,   3.184
202606181006,   2.001,9999.000,9999.000,9999.000,9999.000,9999.000,9999.000,9999.000,9999.000
202606181012,   1.890,9999.000,9999.000,9999.000,9999.000,9999.000,9999.000,9999.000,9999.000
202606181018,   1.778,9999.000,9999.000,9999.000,9999.000,9999.000,9999.000,9999.000,9999.000
202606181024,   1.666,9999.000,9999.000,9999.000,9999.000,9999.000,9999.000,9999.000,9999.000
202606181030,   1.554,9999.000,9999.000,9999.000,9999.000,9999.000,9999.000,9999.000,9999.000
202606181036,   1.442,9999.000,9999.000,9999.000,9999.000,9999.000,9999.000,9999.000,9999.000
202606181042,   1.331,9999.000,9999.000,9999.000,9999.000,9999.000,9999.000,9999.000,9999.000
202606181048,   1.221,9999.000,9999.000,9999.000,9999.000,9999.000,9999.000,9999.000,9999.000
202606181054,   1.112,9999.000,9999.000,9999.000,9999.000,9999.000,9999.000,9999.000,9999.000
202606181100,   1.005,9999.000,   0.700,   0.172,   1.877,   0.600,   1.777,   0.900,   2.077
202606181106,   0.902,9999.000,9999.000,9999.000,9999.000,9999.000,9999.000,9999.000,9999.000
202606181112,   0.801,9999.000,9999.000,9999.000,9999.000,9999.000,9999.000,9999.000,9999.000
202606181118,   0.705,9999.000,9999.000,9999.000,9999.000,9999.000,9999.000,9999.000,9999.000
202606181124,   0.614,9999.000,9999.000,9999.000,9999.000,9999.000,9999.000,9999.000,9999.000
202606181130,   0.529,9999.000,9999.000,9999.000,9999.000,9999.000,9999.000,9999.000,9999.000
202606181136,   0.450,9999.000,9999.000,9999.000,9999.000,9999.000,9999.000,9999.000,9999.000
202606181142,   0.379,9999.000,9999.000,9999.000,9999.000,9999.000,9999.000,9999.000,9999.000
202606181148,   0.316,9999.000,9999.000,9999.000,9999.000,9999.000,9999.000,9999.000,9999.000
202606181154,   0.263,9999.000,9999.000,9999.000,9999.000,9999.000,9999.000,9999.000,9999.000
202606181200,   0.218,9999.000,   0.700,   0.172,   1.090,   0.600,   0.990,   0.900,   1.290
202606181206,   0.184,9999.000,9999.000,9999.000,9999.000,9999.000,9999.000,9999.000,9999.000
202606181212,   0.160,9999.000,9999.000,9999.000,9999.000,9999.000,9999.000,9999.000,9999.000
202606181218,   0.148,9999.000,9999.000,9999.000,9999.000,9999.000,9999.000,9999.000,9999.000
202606181224,   0.146,9999.000,9999.000,9999.000,9999.000,9999.000,9999.000,9999.000,9999.000
202606181230,   0.156,9999.000,9999.000,9999.000,9999.000,9999.000,9999.000,9999.000,9999.000
202606181236,   0.177,9999.000,9999.000,9999.000,9999.000,9999.000,9999.000,9999.000,9999.000
202606181242,   0.209,9999.000,9999.000,9999.000,9999.000,9999.000,9999.000,9999.000,9999.000
202606181248,   0.252,9999.000,9999.000,9999.000,9999.000,9999.000,9999.000,9999.000,9999.000
202606181254,   0.305,9999.000,9999.000,9999.000,9999.000,9999.000,9999.000,9999.000,9999.000
202606181300,   0.369,9999.000,   0.700,   0.172,   1.241,   0.600,   1.141,   0.900,   1.441
202606181306,   0.442,9999.000,9999.000,9999.000,9999.000,9999.000,9999.000,9999.000,9999.000
202606181312,   0.524,9999.000,9999.000,9999.000,9999.000,9999.000,9999.000,9999.000,9999.000
202606181318,   0.615,9999.000,9999.000,9999.000,9999.000,9999.000,9999.000,9999.000,9999.000
202606181324,   0.714,9999.000,9999.000,9999.000,9999.000,9999.000,9999.000,9999.000,9999.000
202606181330,   0.819,9999.000,9999.000,9999.000,9999.000,9999.000,9999.000,9999.000,9999.000
202606181336,   0.931,9999.000,9999.000,9999.000,9999.000,9999.000,9999.000,9999.000,9999.000
202606181342,   1.049,9999.000,9999.000,9999.000,9999.000,9999.000,9999.000,9999.000,9999.000
202606181348,   1.171,9999.000,9999.000,9999.000,9999.000,9999.000,9999.000,9999.000,9999.000
202606181354,   1.298,9999.000,9999.000,9999.000,9999.000,9999.000,9999.000,9999.000,9999.000
202606181400,   1.428,9999.000,   0.700,   0.172,   2.300,   0.600,   2.200,   0.900,   2.500
202606181406,   1.561,9999.000,9999.000,9999.000,9999.000,9999.000,9999.000,9999.000,9999.000
202606181412,   1.696,9999.000,9999.000,9999.000,9999.000,9999.000,9999.000,9999.000,9999.000
202606181418,   1.833,9999.000,9999.000,9999.000,9999.000,9999.000,9999.000,9999.000,9999.000
202606181424,   1.971,9999.000,9999.000,9999.000,9999.000,9999.000,9999.000,9999.000,9999.000
202606181430,   2.109,9999.000,9999.000,9999.000,9999.000,9999.000,9999.000,9999.000,9999.000
202606181436,   2.247,9999.000,9999.000,9999.000,9999.000,9999.000,9999.000,9999.000,9999.000
202606181442,   2.385,9999.000,9999.000,9999.000,9999.000,9999.000,9999.000,9999.000,9999.000
202606181448,   2.522,9999.000,9999.000,9999.000,9999.000,9999.000,9999.000,9999.000,9999.000
202606181454,   2.657,9999.000,9999.000,9999.000,9999.000,9999.000,9999.000,9999.000,9999.000
202606181500,   2.792,9999.000,   0.700,   0.172,   3.664,   0.600,   3.564,   0.900,   3.864
202606181506,   2.925,9999.000,9999.000,9999.000,9999.000,9999.000,9999.000,9999.000,9999.000
202606181512,   3.055,9999.000,9999.000,9999.000,9999.000,9999.000,9999.000,9999.000,9999.000
202606181518,   3.184,9999.000,9999.000,9999.000,9999.000,9999.000,9999.000,9999.000,9999.000
202606181524,   3.311,9999.000,9999.000,9999.000,9999.000,9999.000,9999.000,9999.000,9999.000
202606181530,   3.435,9999.000,9999.000,9999.000,9999.000,9999.000,9999.000,9999.000,9999.000
202606181536,   3.557,9999.000,9999.000,9999.000,9999.000,9999.000,9999.000,9999.000,9999.000
202606181542,   3.676,9999.000,9999.000,9999.000,9999.000,9999.000,9999.000,9999.000,9999.000
202606181548,   3.793,9999.000,9999.000,9999.000,9999.000,9999.000,9999.000,9999.000,9999.000
202606181554,   3.907,9999.000,9999.000,9999.000,9999.000,9999.000,9999.000,9999.000,9999.000
202606181600,   4.018,9999.000,   0.700,   0.172,   4.890,   0.600,   4.790,   0.900,   5.090
202606181606,   4.126,9999.000,9999.000,9999.000,9999.000,9999.000,9999.000,9999.000,9999.000
202606181612,   4.231,9999.000,9999.000,9999.000,9999.000,9999.000,9999.000,9999.000,9999.000
202606181618,   4.333,9999.000,9999.000,9999.000,9999.000,9999.000,9999.000,9999.000,9999.000
202606181624,   4.431,9999.000,9999.000,9999.000,9999.000,9999.000,9999.000,9999.000,9999.000
202606181630,   4.526,9999.000,9999.000,9999.000,9999.000,9999.000,9999.000,9999.000,9999.000
202606181636,   4.617,9999.000,9999.000,9999.000,9999.000,9999.000,9999.000,9999.000,9999.000
202606181642,   4.704,9999.000,9999.000,9999.000,9999.000,9999.000,9999.000,9999.000,9999.000
202606181648,   4.786,9999.000,9999.000,9999.000,9999.000,9999.000,9999.000,9999.000,9999.000
202606181654,   4.864,9999.000,9999.000,9999.000,9999.000,9999.000,9999.000,9999.000,9999.000
202606181700,   4.937,9999.000,   0.700,   0.172,   5.809,   0.500,   5.609,   0.900,   6.009
202606181706,   5.004,9999.000,9999.000,9999.000,9999.000,9999.000,9999.000,9999.000,9999.000
202606181712,   5.066,9999.000,9999.000,9999.000,9999.000,9999.000,9999.000,9999.000,9999.000
202606181718,   5.123,9999.000,9999.000,9999.000,9999.000,9999.000,9999.000,9999.000,9999.000
202606181724,   5.173,9999.000,9999.000,9999.000,9999.000,9999.000,9999.000,9999.000,9999.000
202606181730,   5.217,9999.000,9999.000,9999.000,9999.000,9999.000,9999.000,9999.000,9999.000
202606181736,   5.254,9999.000,9999.000,9999.000,9999.000,9999.000,9999.000,9999.000,9999.000
202606181742,   5.285,9999.000,9999.000,9999.000,9999.000,9999.000,9999.000,9999.000,9999.000
202606181748,   5.308,9999.000,9999.000,9999.000,9999.000,9999.000,9999.000,9999.000,9999.000
202606181754,   5.324,9999.000,9999.000,9999.000,9999.000,9999.000,9999.000,9999.000,9999.000
202606181800,   5.333,9999.000,   0.700,   0.172,   6.205,   0.500,   6.005,   0.900,   6.405
202606181806,   5.335,9999.000,9999.000,9999.000,9999.000,9999.000,9999.000,9999.000,9999.000
202606181812,   5.329,9999.000,9999.000,9999.000,9999.000,9999.000,9999.000,9999.000,9999.000
202606181818,   5.316,9999.000,9999.000,9999.000,9999.000,9999.000,9999.000,9999.000,9999.000
202606181824,   5.295,9999.000,9999.000,9999.000,9999.000,9999.000,9999.000,9999.000,9999.000
202606181830,   5.267,9999.000,9999.000,9999.000,9999.000,9999.000,9999.000,9999.000,9999.000
202606181836,   5.232,9999.000,9999.000,9999.000,9999.000,9999.000,9999.000,9999.000,9999.000
202606181842,   5.190,9999.000,9999.000,9999.000,9999.000,9999.000,9999.000,9999.000,9999.000
202606181848,   5.141,9999.000,9999.000,9999.000,9999.000,9999.000,9999.000,9999.000,9999.000
202606181854,   5.086,9999.000,9999.000,9999.000,9999.000,9999.000,9999.000,9999.000,9999.000
202606181900,   5.024,9999.000,   0.700,   0.172,   5.896,   0.400,   5.596,   0.900,   6.096
202606181906,   4.957,9999.000,9999.000,9999.000,9999.000,9999.000,9999.000,9999.000,9999.000
202606181912,   4.884,9999.000,9999.000,9999.000,9999.000,9999.000,9999.000,9999.000,9999.000
202606181918,   4.805,9999.000,9999.000,9999.000,9999.000,9999.000,9999.000,9999.000,9999.000
202606181924,   4.722,9999.000,9999.000,9999.000,9999.000,9999.000,9999.000,9999.000,9999.000
202606181930,   4.634,9999.000,9999.000,9999.000,9999.000,9999.000,9999.000,9999.000,9999.000
202606181936,   4.543,9999.000,9999.000,9999.000,9999.000,9999.000,9999.000,9999.000,9999.000
202606181942,   4.447,9999.000,9999.000,9999.000,9999.000,9999.000,9999.000,9999.000,9999.000
202606181948,   4.348,9999.000,9999.000,9999.000,9999.000,9999.000,9999.000,9999.000,9999.000
202606181954,   4.247,9999.000,9999.000,9999.000,9999.000,9999.000,9999.000,9999.000,9999.000
202606182000,   4.142,9999.000,   0.600,   0.172,   4.914,   0.400,   4.714,   0.900,   5.214
202606182006,   4.036,9999.000,9999.000,9999.000,9999.000,9999.000,9999.000,9999.000,9999.000
202606182012,   3.928,9999.000,9999.000,9999.000,9999.000,9999.000,9999.000,9999.000,9999.000
202606182018,   3.819,9999.000,9999.000,9999.000,9999.000,9999.000,9999.000,9999.000,9999.000
202606182024,   3.709,9999.000,9999.000,9999.000,9999.000,9999.000,9999.000,9999.000,9999.000
202606182030,   3.598,9999.000,9999.000,9999.000,9999.000,9999.000,9999.000,9999.000,9999.000
202606182036,   3.487,9999.000,9999.000,9999.000,9999.000,9999.000,9999.000,9999.000,9999.000
202606182042,   3.376,9999.000,9999.000,9999.000,9999.000,9999.000,9999.000,9999.000,9999.000
202606182048,   3.265,9999.000,9999.000,9999.000,9999.000,9999.000,9999.000,9999.000,9999.000
202606182054,   3.156,9999.000,9999.000,9999.000,9999.000,9999.000,9999.000,9999.000,9999.000
202606182100,   3.047,9999.000,   0.600,   0.172,   3.819,   0.400,   3.619,   0.800,   4.019
202606182106,   2.939,9999.000,9999.000,9999.000,9999.000,9999.000,9999.000,9999.000,9999.000
202606182112,   2.832,9999.000,9999.000,9999.000,9999.000,9999.000,9999.000,9999.000,9999.000
202606182118,   2.728,9999.000,9999.000,9999.000,9999.000,9999.000,9999.000,9999.000,9999.000
202606182124,   2.624,9999.000,9999.000,9999.000,9999.000,9999.000,9999.000,9999.000,9999.000
202606182130,   2.523,9999.000,9999.000,9999.000,9999.000,9999.000,9999.000,9999.000,9999.000
202606182136,   2.423,9999.000,9999.000,9999.000,9999.000,9999.000,9999.000,9999.000,9999.000
202606182142,   2.324,9999.000,9999.000,9999.000,9999.000,9999.000,9999.000,9999.000,9999.000
202606182148,   2.228,9999.000,9999.000,9999.000,9999.000,9999.000,9999.000,9999.000,9999.000
202606182154,   2.133,9999.000,9999.000,9999.000,9999.000,9999.000,9999.000,9999.000,9999.000
202606182200,   2.040,9999.000,   0.600,   0.172,   2.812,   0.300,   2.512,   0.800,   3.012
202606182206,   1.948,9999.000,9999.000,9999.000,9999.000,9999.000,9999.000,9999.000,9999.000
202606182212,   1.858,9999.000,9999.000,9999.000,9999.000,9999.000,9999.000,9999.000,9999.000
202606182218,   1.769,9999.000,9999.000,9999.000,9999.000,9999.000,9999.000,9999.000,9999.000
202606182224,   1.681,9999.000,9999.000,9999.000,9999.000,9999.000,9999.000,9999.000,9999.000
202606182230,   1.595,9999.000,9999.000,9999.000,9999.000,9999.000,9999.000,9999.000,9999.000
202606182236,   1.510,9999.000,9999.000,9999.000,9999.000,9999.000,9999.000,9999.000,9999.000
202606182242,   1.426,9999.000,9999.000,9999.000,9999.000,9999.000,9999.000,9999.000,9999.000
202606182248,   1.344,9999.000,9999.000,9999.000,9999.000,9999.000,9999.000,9999.000,9999.000
202606182254,   1.263,9999.000,9999.000,9999.000,9999.000,9999.000,9999.000,9999.000,9999.000
202606182300,   1.184,9999.000,   0.500,   0.172,   1.856,   0.200,   1.556,   0.800,   2.156
202606182306,   1.107,9999.000,9999.000,9999.000,9999.000,9999.000,9999.000,9999.000,9999.000
202606182312,   1.032,9999.000,9999.000,9999.000,9999.000,9999.000,9999.000,9999.000,9999.000
202606182318,   0.960,9999.000,9999.000,9999.000,9999.000,9999.000,9999.000,9999.000,9999.000
202606182324,   0.892,9999.000,9999.000,9999.000,9999.000,9999.000,9999.000,9999.000,9999.000
202606182330,   0.827,9999.000,9999.000,9999.000,9999.000,9999.000,9999.000,9999.000,9999.000
202606182336,   0.766,9999.000,9999.000,9999.000,9999.000,9999.000,9999.000,9999.000,9999.000
202606182342,   0.711,9999.000,9999.000,9999.000,9999.000,9999.000,9999.000,9999.000,9999.000
202606182348,   0.661,9999.000,9999.000,9999.000,9999.000,9999.000,9999.000,9999.000,9999.000
202606182354,   0.618,9999.000,9999.000,9999.000,9999.000,9999.000,9999.000,9999.000,9999.000
202606190000,   0.581,9999.000,   0.500,   0.172,   1.253,   0.200,   0.953,   0.700,   1.453
202606190006,   0.553,9999.000,9999.000,9999.000,9999.000,9999.000,9999.000,9999.000,9999.000
202606190012,   0.532,9999.000,9999.000,9999.000,9999.000,9999.000,9999.000,9999.000,9999.000
202606190018,   0.520,9999.000,9999.000,9999.000,9999.000,9999.000,9999.000,9999.000,9999.000
202606190024,   0.518,9999.000,9999.000,9999.000,9999.000,9999.000,9999.000,9999.000,9999.000
202606190030,   0.524,9999.000,9999.000,9999.000,9999.000,9999.000,9999.000,9999.000,9999.000
202606190036,   0.541,9999.000,9999.000,9999.000,9999.000,9999.000,9999.000,9999.000,9999.000
202606190042,   0.568,9999.000,9999.000,9999.000,9999.000,9999.000,9999.000,9999.000,9999.000
202606190048,   0.606,9999.000,9999.000,9999.000,9999.000,9999.000,9999.000,9999.000,9999.000
202606190054,   0.653,9999.000,9999.000,9999.000,9999.000,9999.000,9999.000,9999.000,9999.000
202606190100,   0.711,9999.000,   0.500,   0.172,   1.383,   0.100,   0.983,   0.700,   1.583
202606190106,   0.779,9999.000,9999.000,9999.000,9999.000,9999.000,9999.000,9999.000,9999.000
202606190112,   0.856,9999.000,9999.000,9999.000,9999.000,9999.000,9999.000,9999.000,9999.000
202606190118,   0.943,9999.000,9999.000,9999.000,9999.000,9999.000,9999.000,9999.000,9999.000
202606190124,   1.039,9999.000,9999.000,9999.000,9999.000,9999.000,9999.000,9999.000,9999.000
202606190130,   1.144,9999.000,9999.000,9999.000,9999.000,9999.000,9999.000,9999.000,9999.000
202606190136,   1.256,9999.000,9999.000,9999.000,9999.000,9999.000,9999.000,9999.000,9999.000
202606190142,   1.375,9999.000,9999.000,9999.000,9999.000,9999.000,9999.000,9999.000,9999.000
202606190148,   1.501,9999.000,9999.000,9999.000,9999.000,9999.000,9999.000,9999.000,9999.000
202606190154,   1.633,9999.000,9999.000,9999.000,9999.000,9999.000,9999.000,9999.000,9999.000
202606190200,   1.770,9999.000,   0.400,   0.172,   2.342,   0.100,   2.042,   0.700,   2.642
202606190206,   1.912,9999.000,9999.000,9999.000,9999.000,9999.000,9999.000,9999.000,9999.000
202606190212,   2.057,9999.000,9999.000,9999.000,9999.000,9999.000,9999.000,9999.000,9999.000
202606190218,   2.205,9999.000,9999.000,9999.000,9999.000,9999.000,9999.000,9999.000,9999.000
202606190224,   2.355,9999.000,9999.000,9999.000,9999.000,9999.000,9999.000,9999.000,9999.000
202606190230,   2.506,9999.000,9999.000,9999.000,9999.000,9999.000,9999.000,9999.000,9999.000
202606190236,   2.659,9999.000,9999.000,9999.000,9999.000,9999.000,9999.000,9999.000,9999.000
202606190242,   2.812,9999.000,9999.000,9999.000,9999.000,9999.000,9999.000,9999.000,9999.000
202606190248,   2.964,9999.000,9999.000,9999.000,9999.000,9999.000,9999.000,9999.000,9999.000
202606190254,   3.115,9999.000,9999.000,9999.000,9999.000,9999.000,9999.000,9999.000,9999.000
202606190300,   3.265,9999.000,   0.400,   0.172,   3.837,   0.100,   3.537,   0.600,   4.037
202606190306,   3.414,9999.000,9999.000,9999.000,9999.000,9999.000,9999.000,9999.000,9999.000
202606190312,   3.559,9999.000,9999.000,9999.000,9999.000,9999.000,9999.000,9999.000,9999.000
202606190318,   3.703,9999.000,9999.000,9999.000,9999.000,9999.000,9999.000,9999.000,9999.000
202606190324,   3.843,9999.000,9999.000,9999.000,9999.000,9999.000,9999.000,9999.000,9999.000
202606190330,   3.981,9999.000,9999.000,9999.000,9999.000,9999.000,9999.000,9999.000,9999.000
202606190336,   4.115,9999.000,9999.000,9999.000,9999.000,9999.000,9999.000,9999.000,9999.000
202606190342,   4.246,9999.000,9999.000,9999.000,9999.000,9999.000,9999.000,9999.000,9999.000
202606190348,   4.373,9999.000,9999.000,9999.000,9999.000,9999.000,9999.000,9999.000,9999.000
202606190354,   4.497,9999.000,9999.000,9999.000,9999.000,9999.000,9999.000,9999.000,9999.000
202606190400,   4.616,9999.000,   0.400,   0.172,   5.188,   0.100,   4.888,   0.600,   5.388
202606190406,   4.733,9999.000,9999.000,9999.000,9999.000,9999.000,9999.000,9999.000,9999.000
202606190412,   4.845,9999.000,9999.000,9999.000,9999.000,9999.000,9999.000,9999.000,9999.000
202606190418,   4.953,9999.000,9999.000,9999.000,9999.000,9999.000,9999.000,9999.000,9999.000
202606190424,   5.058,9999.000,9999.000,9999.000,9999.000,9999.000,9999.000,9999.000,9999.000
202606190430,   5.159,9999.000,9999.000,9999.000,9999.000,9999.000,9999.000,9999.000,9999.000
202606190436,   5.255,9999.000,9999.000,9999.000,9999.000,9999.000,9999.000,9999.000,9999.000
202606190442,   5.348,9999.000,9999.000,9999.000,9999.000,9999.000,9999.000,9999.000,9999.000
202606190448,   5.436,9999.000,9999.000,9999.000,9999.000,9999.000,9999.000,9999.000,9999.000
202606190454,   5.520,9999.000,9999.000,9999.000,9999.000,9999.000,9999.000,9999.000,9999.000
202606190500,   5.600,9999.000,   0.300,   0.172,   6.072,   0.100,   5.872,   0.600,   6.372
202606190506,   5.675,9999.000,9999.000,9999.000,9999.000,9999.000,9999.000,9999.000,9999.000
202606190512,   5.745,9999.000,9999.000,9999.000,9999.000,9999.000,9999.000,9999.000,9999.000
202606190518,   5.811,9999.000,9999.000,9999.000,9999.000,9999.000,9999.000,9999.000,9999.000
202606190524,   5.871,9999.000,9999.000,9999.000,9999.000,9999.000,9999.000,9999.000,9999.000
202606190530,   5.926,9999.000,9999.000,9999.000,9999.000,9999.000,9999.000,9999.000,9999.000
202606190536,   5.975,9999.000,9999.000,9999.000,9999.000,9999.000,9999.000,9999.000,9999.000
202606190542,   6.018,9999.000,9999.000,9999.000,9999.000,9999.000,9999.000,9999.000,9999.000
202606190548,   6.055,9999.000,9999.000,9999.000,9999.000,9999.000,9999.000,9999.000,9999.000
202606190554,   6.086,9999.000,9999.000,9999.000,9999.000,9999.000,9999.000,9999.000,9999.000
202606190600,   6.111,9999.000,   0.300,   0.172,   6.583,   0.100,   6.383,   0.500,   6.783
202606190606,   6.129,9999.000,9999.000,9999.000,9999.000,9999.000,9999.000,9999.000,9999.000
202606190612,   6.140,9999.000,9999.000,9999.000,9999.000,9999.000,9999.000,9999.000,9999.000
202606190618,   6.144,9999.000,9999.000,9999.000,9999.000,9999.000,9999.000,9999.000,9999.000
202606190624,   6.141,9999.000,9999.000,9999.000,9999.000,9999.000,9999.000,9999.000,9999.000
202606190630,   6.132,9999.000,9999.000,9999.000,9999.000,9999.000,9999.000,9999.000,9999.000
202606190636,   6.115,9999.000,9999.000,9999.000,9999.000,9999.000,9999.000,9999.000,9999.000
202606190642,   6.091,9999.000,9999.000,9999.000,9999.000,9999.000,9999.000,9999.000,9999.000
202606190648,   6.061,9999.000,9999.000,9999.000,9999.000,9999.000,9999.000,9999.000,9999.000
202606190654,   6.024,9999.000,9999.000,9999.000,9999.000,9999.000,9999.000,9999.000,9999.000
202606190700,   5.980,9999.000,   0.300,   0.172,   6.452,   0.100,   6.252,   0.500,   6.652
202606190706,   5.930,9999.000,9999.000,9999.000,9999.000,9999.000,9999.000,9999.000,9999.000
202606190712,   5.874,9999.000,9999.000,9999.000,9999.000,9999.000,9999.000,9999.000,9999.000
202606190718,   5.812,9999.000,9999.000,9999.000,9999.000,9999.000,9999.000,9999.000,9999.000
202606190724,   5.744,9999.000,9999.000,9999.000,9999.000,9999.000,9999.000,9999.000,9999.000
202606190730,   5.671,9999.000,9999.000,9999.000,9999.000,9999.000,9999.000,9999.000,9999.000
202606190736,   5.593,9999.000,9999.000,9999.000,9999.000,9999.000,9999.000,9999.000,9999.000
202606190742,   5.510,9999.000,9999.000,9999.000,9999.000,9999.000,9999.000,9999.000,9999.000
202606190748,   5.423,9999.000,9999.000,9999.000,9999.000,9999.000,9999.000,9999.000,9999.000
202606190754,   5.332,9999.000,9999.000,9999.000,9999.000,9999.000,9999.000,9999.000,9999.000
202606190800,   5.238,9999.000,   0.300,   0.172,   5.710,   0.100,   5.510,   0.600,   6.010
202606190806,   5.140,9999.000,9999.000,9999.000,9999.000,9999.000,9999.000,9999.000,9999.000
202606190812,   5.039,9999.000,9999.000,9999.000,9999.000,9999.000,9999.000,9999.000,9999.000
202606190818,   4.935,9999.000,9999.000,9999.000,9999.000,9999.000,9999.000,9999.000,9999.000
202606190824,   4.829,9999.000,9999.000,9999.000,9999.000,9999.000,9999.000,9999.000,9999.000
202606190830,   4.721,9999.000,9999.000,9999.000,9999.000,9999.000,9999.000,9999.000,9999.000
202606190836,   4.612,9999.000,9999.000,9999.000,9999.000,9999.000,9999.000,9999.000,9999.000
202606190842,   4.500,9999.000,9999.000,9999.000,9999.000,9999.000,9999.000,9999.000,9999.000
202606190848,   4.388,9999.000,9999.000,9999.000,9999.000,9999.000,9999.000,9999.000,9999.000
202606190854,   4.275,9999.000,9999.000,9999.000,9999.000,9999.000,9999.000,9999.000,9999.000
202606190900,   4.162,9999.000,   0.300,   0.172,   4.634,   0.100,   4.434,   0.600,   4.934
202606190906,   4.048,9999.000,9999.000,9999.000,9999.000,9999.000,9999.000,9999.000,9999.000
202606190912,   3.933,9999.000,9999.000,9999.000,9999.000,9999.000,9999.000,9999.000,9999.000
202606190918,   3.819,9999.000,9999.000,9999.000,9999.000,9999.000,9999.000,9999.000,9999.000
202606190924,   3.705,9999.000,9999.000,9999.000,9999.000,9999.000,9999.000,9999.000,9999.000
202606190930,   3.592,9999.000,9999.000,9999.000,9999.000,9999.000,9999.000,9999.000,9999.000
202606190936,   3.479,9999.000,9999.000,9999.000,9999.000,9999.000,9999.000,9999.000,9999.000
202606190942,   3.366,9999.000,9999.000,9999.000,9999.000,9999.000,9999.000,9999.000,9999.000
202606190948,   3.254,9999.000,9999.000,9999.000,9999.000,9999.000,9999.000,9999.000,9999.000
202606190954,   3.143,9999.000,9999.000,9999.000,9999.000,9999.000,9999.000,9999.000,9999.000
202606191000,   3.032,9999.000,   0.300,   0.172,   3.504,   0.100,   3.304,   0.600,   3.804
202606191006,   2.922,9999.000,9999.000,9999.000,9999.000,9999.000,9999.000,9999.000,9999.000
202606191012,   2.812,9999.000,9999.000,9999.000,9999.000,9999.000,9999.000,9999.000,9999.000
202606191018,   2.703,9999.000,9999.000,9999.000,9999.000,9999.000,9999.000,9999.000,9999.000
202606191024,   2.594,9999.000,9999.000,9999.000,9999.000,9999.000,9999.000,9999.000,9999.000
202606191030,   2.485,9999.000,9999.000,9999.000,9999.000,9999.000,9999.000,9999.000,9999.000
202606191036,   2.376,9999.000,9999.000,9999.000,9999.000,9999.000,9999.000,9999.000,9999.000
202606191042,   2.267,9999.000,9999.000,9999.000,9999.000,9999.000,9999.000,9999.000,9999.000
202606191048,   2.158,9999.000,9999.000,9999.000,9999.000,9999.000,9999.000,9999.000,9999.000
202606191054,   2.049,9999.000,9999.000,9999.000,9999.000,9999.000,9999.000,9999.000,9999.000
202606191100,   1.940,9999.000,   0.300,   0.172,   2.412,   0.100,   2.212,   0.600,   2.712
202606191106,   1.830,9999.000,9999.000,9999.000,9999.000,9999.000,9999.000,9999.000,9999.000
202606191112,   1.720,9999.000,9999.000,9999.000,9999.000,9999.000,9999.000,9999.000,9999.000
202606191118,   1.611,9999.000,9999.000,9999.000,9999.000,9999.000,9999.000,9999.000,9999.000
202606191124,   1.501,9999.000,9999.000,9999.000,9999.000,9999.000,9999.000,9999.000,9999.000
202606191130,   1.392,9999.000,9999.000,9999.000,9999.000,9999.000,9999.000,9999.000,9999.000
202606191136,   1.284,9999.000,9999.000,9999.000,9999.000,9999.000,9999.000,9999.000,9999.000
202606191142,   1.177,9999.000,9999.000,9999.000,9999.000,9999.000,9999.000,9999.000,9999.000
202606191148,   1.072,9999.000,9999.000,9999.000,9999.000,9999.000,9999.000,9999.000,9999.000
202606191154,   0.970,9999.000,9999.000,9999.000,9999.000,9999.000,9999.000,9999.000,9999.000
202606191200,   0.871,9999.000,   0.300,   0.172,   1.343,   0.100,   1.143,   0.600,   1.643
202606191206,   0.775,9999.000,9999.000,9999.000,9999.000,9999.000,9999.000,9999.000,9999.000
202606191212,   0.684,9999.000,9999.000,9999.000,9999.000,9999.000,9999.000,9999.000,9999.000
202606191218,   0.599,9999.000,9999.000,9999.000,9999.000,9999.000,9999.000,9999.000,9999.000
202606191224,   0.520,9999.000,9999.000,9999.000,9999.000,9999.000,9999.000,9999.000,9999.000
202606191230,   0.447,9999.000,9999.000,9999.000,9999.000,9999.000,9999.000,9999.000,9999.000
202606191236,   0.383,9999.000,9999.000,9999.000,9999.000,9999.000,9999.000,9999.000,9999.000
202606191242,   0.327,9999.000,9999.000,9999.000,9999.000,9999.000,9999.000,9999.000,9999.000
202606191248,   0.280,9999.000,9999.000,9999.000,9999.000,9999.000,9999.000,9999.000,9999.000
202606191254,   0.242,9999.000,9999.000,9999.000,9999.000,9999.000,9999.000,9999.000,9999.000
202606191300,   0.215,9999.000,   0.300,   0.172,   0.687,   0.100,   0.487,   0.600,   0.987
202606191306,   0.199,9999.000,9999.000,9999.000,9999.000,9999.000,9999.000,9999.000,9999.000
202606191312,   0.193,9999.000,9999.000,9999.000,9999.000,9999.000,9999.000,9999.000,9999.000
202606191318,   0.198,9999.000,9999.000,9999.000,9999.000,9999.000,9999.000,9999.000,9999.000
202606191324,   0.213,9999.000,9999.000,9999.000,9999.000,9999.000,9999.000,9999.000,9999.000
202606191330,   0.240,9999.000,9999.000,9999.000,9999.000,9999.000,9999.000,9999.000,9999.000
202606191336,   0.278,9999.000,9999.000,9999.000,9999.000,9999.000,9999.000,9999.000,9999.000
202606191342,   0.326,9999.000,9999.000,9999.000,9999.000,9999.000,9999.000,9999.000,9999.000
202606191348,   0.384,9999.000,9999.000,9999.000,9999.000,9999.000,9999.000,9999.000,9999.000
202606191354,   0.451,9999.000,9999.000,9999.000,9999.000,9999.000,9999.000,9999.000,9999.000
202606191400,   0.528,9999.000,   0.300,   0.172,   1.000,   0.100,   0.800,   0.500,   1.200
202606191406,   0.613,9999.000,9999.000,9999.000,9999.000,9999.000,9999.000,9999.000,9999.000
202606191412,   0.706,9999.000,9999.000,9999.000,9999.000,9999.000,9999.000,9999.000,9999.000
202606191418,   0.806,9999.000,9999.000,9999.000,9999.000,9999.000,9999.000,9999.000,9999.000
202606191424,   0.912,9999.000,9999.000,9999.000,9999.000,9999.000,9999.000,9999.000,9999.000
202606191430,   1.025,9999.000,9999.000,9999.000,9999.000,9999.000,9999.000,9999.000,9999.000
202606191436,   1.142,9999.000,9999.000,9999.000,9999.000,9999.000,9999.000,9999.000,9999.000
202606191442,   1.264,9999.000,9999.000,9999.000,9999.000,9999.000,9999.000,9999.000,9999.000
202606191448,   1.389,9999.000,9999.000,9999.000,9999.000,9999.000,9999.000,9999.000,9999.000
202606191454,   1.517,9999.000,9999.000,9999.000,9999.000,9999.000,9999.000,9999.000,9999.000
202606191500,   1.648,9999.000,   0.300,   0.172,   2.120,   0.100,   1.920,   0.500,   2.320
202606191506,   1.781,9999.000,9999.000,9999.000,9999.000,9999.000,9999.000,9999.000,9999.000
202606191512,   1.915,9999.000,9999.000,9999.000,9999.000,9999.000,9999.000,9999.000,9999.000
202606191518,   2.049,9999.000,9999.000,9999.000,9999.000,9999.000,9999.000,9999.000,9999.000
202606191524,   2.184,9999.000,9999.000,9999.000,9999.000,9999.000,9999.000,9999.000,9999.000
202606191530,   2.318,9999.000,9999.000,9999.000,9999.000,9999.000,9999.000,9999.000,9999.000
202606191536,   2.452,9999.000,9999.000,9999.000,9999.000,9999.000,9999.000,9999.000,9999.000
202606191542,   2.585,9999.000,9999.000,9999.000,9999.000,9999.000,9999.000,9999.000,9999.000
202606191548,   2.717,9999.000,9999.000,9999.000,9999.000,9999.000,9999.000,9999.000,9999.000
202606191554,   2.848,9999.000,9999.000,9999.000,9999.000,9999.000,9999.000,9999.000,9999.000
202606191600,   2.977,9999.000,   0.300,   0.172,   3.449,   0.100,   3.249,   0.500,   3.649
202606191606,   3.104,9999.000,9999.000,9999.000,9999.000,9999.000,9999.000,9999.000,9999.000
202606191612,   3.230,9999.000,9999.000,9999.000,9999.000,9999.000,9999.000,9999.000,9999.000
202606191618,   3.353,9999.000,9999.000,9999.000,9999.000,9999.000,9999.000,9999.000,9999.000
202606191624,   3.475,9999.000,9999.000,9999.000,9999.000,9999.000,9999.000,9999.000,9999.000
202606191630,   3.594,9999.000,9999.000,9999.000,9999.000,9999.000,9999.000,9999.000,9999.000
202606191636,   3.711,9999.000,9999.000,9999.000,9999.000,9999.000,9999.000,9999.000,9999.000
202606191642,   3.826,9999.000,9999.000,9999.000,9999.000,9999.000,9999.000,9999.000,9999.000
202606191648,   3.938,9999.000,9999.000,9999.000,9999.000,9999.000,9999.000,9999.000,9999.000
202606191654,   4.048,9999.000,9999.000,9999.000,9999.000,9999.000,9999.000,9999.000,9999.000
202606191700,   4.156,9999.000,   0.300,   0.172,   4.628,   0.100,   4.428,   0.500,   4.828
202606191706,   4.260,9999.000,9999.000,9999.000,9999.000,9999.000,9999.000,9999.000,9999.000
202606191712,   4.362,9999.000,9999.000,9999.000,9999.000,9999.000,9999.000,9999.000,9999.000
202606191718,   4.460,9999.000,9999.000,9999.000,9999.000,9999.000,9999.000,9999.000,9999.000
202606191724,   4.555,9999.000,9999.000,9999.000,9999.000,9999.000,9999.000,9999.000,9999.000
202606191730,   4.647,9999.000,9999.000,9999.000,9999.000,9999.000,9999.000,9999.000,9999.000
202606191736,   4.735,9999.000,9999.000,9999.000,9999.000,9999.000,9999.000,9999.000,9999.000
202606191742,   4.818,9999.000,9999.000,9999.000,9999.000,9999.000,9999.000,9999.000,9999.000
202606191748,   4.898,9999.000,9999.000,9999.000,9999.000,9999.000,9999.000,9999.000,9999.000
202606191754,   4.972,9999.000,9999.000,9999.000,9999.000,9999.000,9999.000,9999.000,9999.000
202606191800,   5.042,9999.000,   0.300,   0.172,   5.514,   0.100,   5.314,   0.500,   5.714
