        TIME,    TIDE,      OB,   SURGE,    BIAS,     TWL,SURGE90p,  TWL90p,SURGE10p,   TWL10p
202603300600,   0.238,   0.131,  -0.100,  -0.007,   0.131,  -0.200,   0.031,   0.000,   0.231
202603300606,   0.192,9999.000,9999.000,9999.000,9999.000,9999.000,9999.000,9999.000,9999.000
202603300612,   0.150,   0.009,9999.000,9999.000,9999.000,9999.000,9999.000,9999.000,9999.000
202603300618,   0.113,  -0.049,9999.000,9999.000,9999.000,9999.000,9999.000,9999.000,9999.000
202603300624,   0.080,  -0.098,9999.000,9999.000,9999.000,9999.000,9999.000,9999.000,9999.000
202603300630,   0.053,  -0.170,9999.000,9999.000,9999.000,9999.000,9999.000,9999.000,9999.000
202603300636,   0.031,  -0.229,9999.000,9999.000,9999.000,9999.000,9999.000,9999.000,9999.000
202603300642,   0.015,  -0.288,9999.000,9999.000,9999.000,9999.000,9999.000,9999.000,9999.000
202603300648,   0.004,  -0.341,9999.000,9999.000,9999.000,9999.000,9999.000,9999.000,9999.000
202603300654,  -0.001,  -0.390,9999.000,9999.000,9999.000,9999.000,9999.000,9999.000,9999.000
202603300700,  -0.001,  -0.419,  -0.100,  -0.318,  -0.419,  -0.200,  -0.519,   0.000,  -0.319
202603300706,   0.003,  -0.449,9999.000,9999.000,9999.000,9999.000,9999.000,9999.000,9999.000
202603300712,   0.014,  -0.469,9999.000,9999.000,9999.000,9999.000,9999.000,9999.000,9999.000
202603300718,   0.031,  -0.469,9999.000,9999.000,9999.000,9999.000,9999.000,9999.000,9999.000
202603300724,   0.053,  -0.469,9999.000,9999.000,9999.000,9999.000,9999.000,9999.000,9999.000
202603300730,   0.080,  -0.459,9999.000,9999.000,9999.000,9999.000,9999.000,9999.000,9999.000
202603300736,   0.112,  -0.439,9999.000,9999.000,9999.000,9999.000,9999.000,9999.000,9999.000
202603300742,   0.150,  -0.409,9999.000,9999.000,9999.000,9999.000,9999.000,9999.000,9999.000
202603300748,   0.192,  -0.390,9999.000,9999.000,9999.000,9999.000,9999.000,9999.000,9999.000
202603300754,   0.239,  -0.350,9999.000,9999.000,9999.000,9999.000,9999.000,9999.000,9999.000
202603300800,   0.291,  -0.308,  -0.100,  -0.499,  -0.308,  -0.200,  -0.408,  -0.100,  -0.308
202603300806,   0.347,  -0.259,9999.000,9999.000,9999.000,9999.000,9999.000,9999.000,9999.000
202603300812,   0.407,  -0.200,9999.000,9999.000,9999.000,9999.000,9999.000,9999.000,9999.000
202603300818,   0.470,  -0.131,9999.000,9999.000,9999.000,9999.000,9999.000,9999.000,9999.000
202603300824,   0.537,  -0.049,9999.000,9999.000,9999.000,9999.000,9999.000,9999.000,9999.000
202603300830,   0.608,   0.059,9999.000,9999.000,9999.000,9999.000,9999.000,9999.000,9999.000
202603300836,   0.681,   0.180,9999.000,9999.000,9999.000,9999.000,9999.000,9999.000,9999.000
202603300842,   0.758,   0.321,9999.000,9999.000,9999.000,9999.000,9999.000,9999.000,9999.000
202603300848,   0.836,   0.449,9999.000,9999.000,9999.000,9999.000,9999.000,9999.000,9999.000
202603300854,   0.917,   0.580,9999.000,9999.000,9999.000,9999.000,9999.000,9999.000,9999.000
202603300900,   1.000,   0.698,  -0.200,  -0.102,   0.698,  -0.200,   0.698,  -0.100,   0.798
202603300906,   1.084,   0.800,9999.000,9999.000,9999.000,9999.000,9999.000,9999.000,9999.000
202603300912,   1.169,   0.879,9999.000,9999.000,9999.000,9999.000,9999.000,9999.000,9999.000
202603300918,   1.255,   0.961,9999.000,9999.000,9999.000,9999.000,9999.000,9999.000,9999.000
202603300924,   1.342,   1.029,9999.000,9999.000,9999.000,9999.000,9999.000,9999.000,9999.000
202603300930,   1.429,   1.098,9999.000,9999.000,9999.000,9999.000,9999.000,9999.000,9999.000
202603300936,   1.516,   1.170,9999.000,9999.000,9999.000,9999.000,9999.000,9999.000,9999.000
202603300942,   1.603,   1.229,9999.000,9999.000,9999.000,9999.000,9999.000,9999.000,9999.000
202603300948,   1.689,   1.289,9999.000,9999.000,9999.000,9999.000,9999.000,9999.000,9999.000
202603300954,   1.774,   1.348,9999.000,9999.000,9999.000,9999.000,9999.000,9999.000,9999.000
202603301000,   1.858,   1.410,  -0.200,  -0.248,   1.410,  -0.200,   1.410,  -0.100,   1.510
202603301006,   1.940,   1.469,9999.000,9999.000,9999.000,9999.000,9999.000,9999.000,9999.000
202603301012,   2.021,   1.538,9999.000,9999.000,9999.000,9999.000,9999.000,9999.000,9999.000
202603301018,   2.099,   1.610,9999.000,9999.000,9999.000,9999.000,9999.000,9999.000,9999.000
202603301024,   2.176,   1.689,9999.000,9999.000,9999.000,9999.000,9999.000,9999.000,9999.000
202603301030,   2.250,   1.781,9999.000,9999.000,9999.000,9999.000,9999.000,9999.000,9999.000
202603301036,   2.321,   1.869,9999.000,9999.000,9999.000,9999.000,9999.000,9999.000,9999.000
202603301042,   2.390,   1.958,9999.000,9999.000,9999.000,9999.000,9999.000,9999.000,9999.000
202603301048,   2.455,   2.049,9999.000,9999.000,9999.000,9999.000,9999.000,9999.000,9999.000
202603301054,   2.518,   2.138,9999.000,9999.000,9999.000,9999.000,9999.000,9999.000,9999.000
202603301100,   2.578,   2.220,  -0.200,  -0.158,   2.220,  -0.300,   2.120,  -0.100,   2.320
202603301106,   2.634,   2.289,9999.000,9999.000,9999.000,9999.000,9999.000,9999.000,9999.000
202603301112,   2.687,   2.368,9999.000,9999.000,9999.000,9999.000,9999.000,9999.000,9999.000
202603301118,   2.738,   2.450,9999.000,9999.000,9999.000,9999.000,9999.000,9999.000,9999.000
202603301124,   2.785,   2.519,9999.000,9999.000,9999.000,9999.000,9999.000,9999.000,9999.000
202603301130,   2.829,   2.597,9999.000,9999.000,9999.000,9999.000,9999.000,9999.000,9999.000
202603301136,   2.870,   2.669,9999.000,9999.000,9999.000,9999.000,9999.000,9999.000,9999.000
202603301142,   2.908,   2.738,9999.000,9999.000,9999.000,9999.000,9999.000,9999.000,9999.000
202603301148,   2.943,   2.807,9999.000,9999.000,9999.000,9999.000,9999.000,9999.000,9999.000
202603301154,   2.975,   2.869,9999.000,9999.000,9999.000,9999.000,9999.000,9999.000,9999.000
202603301200,   3.004,   2.929,  -0.200,   0.125,   2.929,  -0.300,   2.829,  -0.200,   2.929
202603301206,   3.031,   2.988,9999.000,9999.000,9999.000,9999.000,9999.000,9999.000,9999.000
202603301212,   3.054,   3.040,9999.000,9999.000,9999.000,9999.000,9999.000,9999.000,9999.000
202603301218,   3.076,   3.079,9999.000,9999.000,9999.000,9999.000,9999.000,9999.000,9999.000
202603301224,   3.094,   3.119,9999.000,9999.000,9999.000,9999.000,9999.000,9999.000,9999.000
202603301230,   3.110,   3.158,9999.000,9999.000,9999.000,9999.000,9999.000,9999.000,9999.000
202603301236,   3.124,   3.188,9999.000,9999.000,9999.000,9999.000,9999.000,9999.000,9999.000
202603301242,   3.136,   3.230,9999.000,9999.000,9999.000,9999.000,9999.000,9999.000,9999.000
202603301248,   3.144,   3.260,9999.000,9999.000,9999.000,9999.000,9999.000,9999.000,9999.000
202603301254,   3.151,   3.279,9999.000,9999.000,9999.000,9999.000,9999.000,9999.000,9999.000
202603301300,   3.155,   3.309,  -0.300,   0.454,   3.309,  -0.300,   3.309,  -0.200,   3.409
202603301306,   3.158,   3.339,9999.000,9999.000,9999.000,9999.000,9999.000,9999.000,9999.000
202603301312,   3.157,   3.339,9999.000,9999.000,9999.000,9999.000,9999.000,9999.000,9999.000
202603301318,   3.155,   3.358,9999.000,9999.000,9999.000,9999.000,9999.000,9999.000,9999.000
202603301324,   3.150,   3.378,9999.000,9999.000,9999.000,9999.000,9999.000,9999.000,9999.000
202603301330,   3.143,   3.378,9999.000,9999.000,9999.000,9999.000,9999.000,9999.000,9999.000
202603301336,   3.133,   3.368,9999.000,9999.000,9999.000,9999.000,9999.000,9999.000,9999.000
202603301342,   3.122,   3.358,9999.000,9999.000,9999.000,9999.000,9999.000,9999.000,9999.000
202603301348,   3.107,   3.339,9999.000,9999.000,9999.000,9999.000,9999.000,9999.000,9999.000
202603301354,   3.091,   3.319,9999.000,9999.000,9999.000,9999.000,9999.000,9999.000,9999.000
202603301400,   3.071,   3.279,  -0.300,   0.508,   3.279,  -0.300,   3.279,  -0.200,   3.379
202603301406,   3.050,   3.230,9999.000,9999.000,9999.000,9999.000,9999.000,9999.000,9999.000
202603301412,   3.026,   3.188,9999.000,9999.000,9999.000,9999.000,9999.000,9999.000,9999.000
202603301418,   2.999,   3.138,9999.000,9999.000,9999.000,9999.000,9999.000,9999.000,9999.000
202603301424,   2.969,   3.089,9999.000,9999.000,9999.000,9999.000,9999.000,9999.000,9999.000
202603301430,   2.937,   3.017,9999.000,9999.000,9999.000,9999.000,9999.000,9999.000,9999.000
202603301436,   2.902,   2.958,9999.000,9999.000,9999.000,9999.000,9999.000,9999.000,9999.000
202603301442,   2.864,   2.860,9999.000,9999.000,9999.000,9999.000,9999.000,9999.000,9999.000
202603301448,   2.824,   2.797,9999.000,9999.000,9999.000,9999.000,9999.000,9999.000,9999.000
202603301454,   2.780,   2.709,9999.000,9999.000,9999.000,9999.000,9999.000,9999.000,9999.000
202603301500,   2.734,   2.640,  -0.300,   0.206,   2.640,  -0.300,   2.640,  -0.200,   2.740
202603301506,   2.685,   2.548,9999.000,9999.000,9999.000,9999.000,9999.000,9999.000,9999.000
202603301512,   2.634,   2.469,9999.000,9999.000,9999.000,9999.000,9999.000,9999.000,9999.000
202603301518,   2.580,   2.387,9999.000,9999.000,9999.000,9999.000,9999.000,9999.000,9999.000
202603301524,   2.523,   2.279,9999.000,9999.000,9999.000,9999.000,9999.000,9999.000,9999.000
202603301530,   2.464,   2.191,9999.000,9999.000,9999.000,9999.000,9999.000,9999.000,9999.000
202603301536,   2.402,   2.099,9999.000,9999.000,9999.000,9999.000,9999.000,9999.000,9999.000
202603301542,   2.338,   2.020,9999.000,9999.000,9999.000,9999.000,9999.000,9999.000,9999.000
202603301548,   2.271,   1.908,9999.000,9999.000,9999.000,9999.000,9999.000,9999.000,9999.000
202603301554,   2.203,   1.810,9999.000,9999.000,9999.000,9999.000,9999.000,9999.000,9999.000
202603301600,   2.132,   1.699,  -0.300,  -0.133,   1.699,  -0.400,   1.599,  -0.300,   1.699
202603301606,   2.060,   1.620,9999.000,9999.000,9999.000,9999.000,9999.000,9999.000,9999.000
202603301612,   1.986,   1.548,9999.000,9999.000,9999.000,9999.000,9999.000,9999.000,9999.000
202603301618,   1.910,   1.479,9999.000,9999.000,9999.000,9999.000,9999.000,9999.000,9999.000
202603301624,   1.833,   1.380,9999.000,9999.000,9999.000,9999.000,9999.000,9999.000,9999.000
202603301630,   1.755,   1.289,9999.000,9999.000,9999.000,9999.000,9999.000,9999.000,9999.000
202603301636,   1.676,   1.220,9999.000,9999.000,9999.000,9999.000,9999.000,9999.000,9999.000
202603301642,   1.597,   1.151,9999.000,9999.000,9999.000,9999.000,9999.000,9999.000,9999.000
202603301648,   1.517,   1.039,9999.000,9999.000,9999.000,9999.000,9999.000,9999.000,9999.000
202603301654,   1.436,   0.990,9999.000,9999.000,9999.000,9999.000,9999.000,9999.000,9999.000
202603301700,   1.356,   0.928,  -0.400,  -0.028,   0.928,  -0.400,   0.928,  -0.300,   1.028
202603301706,   1.275,   0.839,9999.000,9999.000,9999.000,9999.000,9999.000,9999.000,9999.000
202603301712,   1.195,   0.770,9999.000,9999.000,9999.000,9999.000,9999.000,9999.000,9999.000
202603301718,   1.116,   0.708,9999.000,9999.000,9999.000,9999.000,9999.000,9999.000,9999.000
202603301724,   1.038,   0.610,9999.000,9999.000,9999.000,9999.000,9999.000,9999.000,9999.000
202603301730,   0.961,   0.541,9999.000,9999.000,9999.000,9999.000,9999.000,9999.000,9999.000
202603301736,   0.886,   0.488,9999.000,9999.000,9999.000,9999.000,9999.000,9999.000,9999.000
202603301742,   0.812,   0.419,9999.000,9999.000,9999.000,9999.000,9999.000,9999.000,9999.000
202603301748,   0.741,   0.350,9999.000,9999.000,9999.000,9999.000,9999.000,9999.000,9999.000
202603301754,   0.671,   0.278,9999.000,9999.000,9999.000,9999.000,9999.000,9999.000,9999.000
202603301800,   0.605,   0.229,  -0.400,   0.024,   0.229,  -0.400,   0.229,  -0.300,   0.329
202603301806,   0.541,   0.141,9999.000,9999.000,9999.000,9999.000,9999.000,9999.000,9999.000
202603301812,   0.481,   0.088,9999.000,9999.000,9999.000,9999.000,9999.000,9999.000,9999.000
202603301818,   0.424,   0.039,9999.000,9999.000,9999.000,9999.000,9999.000,9999.000,9999.000
202603301824,   0.371,  -0.019,9999.000,9999.000,9999.000,9999.000,9999.000,9999.000,9999.000
202603301830,   0.321,  -0.078,9999.000,9999.000,9999.000,9999.000,9999.000,9999.000,9999.000
202603301836,   0.276,  -0.160,9999.000,9999.000,9999.000,9999.000,9999.000,9999.000,9999.000
202603301842,   0.236,  -0.180,9999.000,9999.000,9999.000,9999.000,9999.000,9999.000,9999.000
202603301848,   0.200,  -0.239,9999.000,9999.000,9999.000,9999.000,9999.000,9999.000,9999.000
202603301854,   0.169,  -0.298,9999.000,9999.000,9999.000,9999.000,9999.000,9999.000,9999.000
202603301900,   0.143,  -0.298,  -0.400,  -0.041,  -0.298,  -0.400,  -0.298,  -0.300,  -0.198
202603301906,   0.122,  -0.419,9999.000,9999.000,9999.000,9999.000,9999.000,9999.000,9999.000
202603301912,   0.107,  -0.429,9999.000,9999.000,9999.000,9999.000,9999.000,9999.000,9999.000
202603301918,   0.097,  -0.469,9999.000,9999.000,9999.000,9999.000,9999.000,9999.000,9999.000
202603301924,   0.092,  -0.498,9999.000,9999.000,9999.000,9999.000,9999.000,9999.000,9999.000
202603301930,   0.093,  -0.531,9999.000,9999.000,9999.000,9999.000,9999.000,9999.000,9999.000
202603301936,   0.100,  -0.508,9999.000,9999.000,9999.000,9999.000,9999.000,9999.000,9999.000
202603301942,   0.112,  -0.498,9999.000,9999.000,9999.000,9999.000,9999.000,9999.000,9999.000
202603301948,   0.130,  -0.518,9999.000,9999.000,9999.000,9999.000,9999.000,9999.000,9999.000
202603301954,   0.154,  -0.498,9999.000,9999.000,9999.000,9999.000,9999.000,9999.000,9999.000
202603302000,   0.182,  -0.469,  -0.400,  -0.251,  -0.469,  -0.500,  -0.569,  -0.300,  -0.369
202603302006,   0.216,  -0.469,9999.000,9999.000,9999.000,9999.000,9999.000,9999.000,9999.000
202603302012,   0.256,  -0.459,9999.000,9999.000,9999.000,9999.000,9999.000,9999.000,9999.000
202603302018,   0.300,  -0.400,9999.000,9999.000,9999.000,9999.000,9999.000,9999.000,9999.000
202603302024,   0.349,  -0.380,9999.000,9999.000,9999.000,9999.000,9999.000,9999.000,9999.000
202603302030,   0.403,  -0.350,9999.000,9999.000,9999.000,9999.000,9999.000,9999.000,9999.000
202603302036,   0.461,  -0.321,9999.000,9999.000,9999.000,9999.000,9999.000,9999.000,9999.000
202603302042,   0.524,  -0.268,9999.000,9999.000,9999.000,9999.000,9999.000,9999.000,9999.000
202603302048,   0.590,  -0.229,9999.000,9999.000,9999.000,9999.000,9999.000,9999.000,9999.000
202603302054,   0.660,  -0.150,9999.000,9999.000,9999.000,9999.000,9999.000,9999.000,9999.000
202603302100,   0.734,  -0.059,  -0.400,  -0.393,  -0.059,  -0.500,  -0.159,  -0.400,  -0.059
202603302106,   0.811,   0.000,9999.000,9999.000,9999.000,9999.000,9999.000,9999.000,9999.000
202603302112,   0.891,   0.098,9999.000,9999.000,9999.000,9999.000,9999.000,9999.000,9999.000
202603302118,   0.973,   0.190,9999.000,9999.000,9999.000,9999.000,9999.000,9999.000,9999.000
202603302124,   1.058,   0.288,9999.000,9999.000,9999.000,9999.000,9999.000,9999.000,9999.000
202603302130,   1.144,   0.380,9999.000,9999.000,9999.000,9999.000,9999.000,9999.000,9999.000
202603302136,   1.232,   0.459,9999.000,9999.000,9999.000,9999.000,9999.000,9999.000,9999.000
202603302142,   1.321,   0.541,9999.000,9999.000,9999.000,9999.000,9999.000,9999.000,9999.000
202603302148,   1.412,   0.629,9999.000,9999.000,9999.000,9999.000,9999.000,9999.000,9999.000
202603302154,   1.502,   0.718,9999.000,9999.000,9999.000,9999.000,9999.000,9999.000,9999.000
202603302200,   1.593,   0.790,  -0.400,  -0.403,   0.790,  -0.500,   0.690,  -0.400,   0.790
202603302206,   1.684,   0.829,9999.000,9999.000,9999.000,9999.000,9999.000,9999.000,9999.000
202603302212,   1.774,   0.879,9999.000,9999.000,9999.000,9999.000,9999.000,9999.000,9999.000
202603302218,   1.864,   0.928,9999.000,9999.000,9999.000,9999.000,9999.000,9999.000,9999.000
202603302224,   1.952,   0.990,9999.000,9999.000,9999.000,9999.000,9999.000,9999.000,9999.000
202603302230,   2.038,   1.059,9999.000,9999.000,9999.000,9999.000,9999.000,9999.000,9999.000
202603302236,   2.123,   1.138,9999.000,9999.000,9999.000,9999.000,9999.000,9999.000,9999.000
202603302242,   2.206,   1.220,9999.000,9999.000,9999.000,9999.000,9999.000,9999.000,9999.000
202603302248,   2.286,   1.328,9999.000,9999.000,9999.000,9999.000,9999.000,9999.000,9999.000
202603302254,   2.364,   1.410,9999.000,9999.000,9999.000,9999.000,9999.000,9999.000,9999.000
202603302300,   2.439,   1.489,  -0.500,  -0.450,   1.489,  -0.500,   1.489,  -0.400,   1.589
202603302306,   2.511,   1.571,9999.000,9999.000,9999.000,9999.000,9999.000,9999.000,9999.000
202603302312,   2.581,   1.639,9999.000,9999.000,9999.000,9999.000,9999.000,9999.000,9999.000
202603302318,   2.647,   1.708,9999.000,9999.000,9999.000,9999.000,9999.000,9999.000,9999.000
202603302324,   2.709,   1.790,9999.000,9999.000,9999.000,9999.000,9999.000,9999.000,9999.000
202603302330,   2.769,   1.879,9999.000,9999.000,9999.000,9999.000,9999.000,9999.000,9999.000
202603302336,   2.825,   1.981,9999.000,9999.000,9999.000,9999.000,9999.000,9999.000,9999.000
202603302342,   2.877,   2.069,9999.000,9999.000,9999.000,9999.000,9999.000,9999.000,9999.000
202603302348,   2.926,   2.168,9999.000,9999.000,9999.000,9999.000,9999.000,9999.000,9999.000
202603302354,   2.972,   2.259,9999.000,9999.000,9999.000,9999.000,9999.000,9999.000,9999.000
202603310000,   3.015,   2.358,  -0.400,  -0.257,   2.358,  -0.500,   2.258,  -0.300,   2.458
202603310006,   3.054,   2.450,9999.000,9999.000,9999.000,9999.000,9999.000,9999.000,9999.000
202603310012,   3.091,   2.528,9999.000,9999.000,9999.000,9999.000,9999.000,9999.000,9999.000
202603310018,   3.124,   2.610,9999.000,9999.000,9999.000,9999.000,9999.000,9999.000,9999.000
202603310024,   3.154,   2.679,9999.000,9999.000,9999.000,9999.000,9999.000,9999.000,9999.000
202603310030,   3.181,   2.768,9999.000,9999.000,9999.000,9999.000,9999.000,9999.000,9999.000
202603310036,   3.205,   2.830,9999.000,9999.000,9999.000,9999.000,9999.000,9999.000,9999.000
202603310042,   3.227,   2.899,9999.000,9999.000,9999.000,9999.000,9999.000,9999.000,9999.000
202603310048,   3.245,   2.948,9999.000,9999.000,9999.000,9999.000,9999.000,9999.000,9999.000
202603310054,   3.261,   3.017,9999.000,9999.000,9999.000,9999.000,9999.000,9999.000,9999.000
202603310100,   3.275,   3.079,  -0.400,   0.204,   3.079,  -0.500,   2.979,  -0.300,   3.179
202603310106,   3.286,   3.129,9999.000,9999.000,9999.000,9999.000,9999.000,9999.000,9999.000
202603310112,   3.294,   3.178,9999.000,9999.000,9999.000,9999.000,9999.000,9999.000,9999.000
202603310118,   3.300,   3.217,9999.000,9999.000,9999.000,9999.000,9999.000,9999.000,9999.000
202603310124,   3.303,   3.260,9999.000,9999.000,9999.000,9999.000,9999.000,9999.000,9999.000
202603310130,   3.304,   3.289,9999.000,9999.000,9999.000,9999.000,9999.000,9999.000,9999.000
202603310136,   3.302,   3.319,9999.000,9999.000,9999.000,9999.000,9999.000,9999.000,9999.000
202603310142,   3.298,   3.348,9999.000,9999.000,9999.000,9999.000,9999.000,9999.000,9999.000
202603310148,   3.292,   3.368,9999.000,9999.000,9999.000,9999.000,9999.000,9999.000,9999.000
202603310154,   3.282,   3.388,9999.000,9999.000,9999.000,9999.000,9999.000,9999.000,9999.000
202603310200,   3.270,   3.398,  -0.400,   0.528,   3.398,  -0.500,   3.298,  -0.300,   3.498
202603310206,   3.256,   3.417,9999.000,9999.000,9999.000,9999.000,9999.000,9999.000,9999.000
202603310212,   3.238,   3.417,9999.000,9999.000,9999.000,9999.000,9999.000,9999.000,9999.000
202603310218,   3.218,   3.417,9999.000,9999.000,9999.000,9999.000,9999.000,9999.000,9999.000
202603310224,   3.196,   3.417,9999.000,9999.000,9999.000,9999.000,9999.000,9999.000,9999.000
202603310230,   3.170,   3.398,9999.000,9999.000,9999.000,9999.000,9999.000,9999.000,9999.000
202603310236,   3.141,   3.378,9999.000,9999.000,9999.000,9999.000,9999.000,9999.000,9999.000
202603310242,   3.110,   3.339,9999.000,9999.000,9999.000,9999.000,9999.000,9999.000,9999.000
202603310248,   3.075,   3.309,9999.000,9999.000,9999.000,9999.000,9999.000,9999.000,9999.000
202603310254,   3.038,   3.250,9999.000,9999.000,9999.000,9999.000,9999.000,9999.000,9999.000
202603310300,   2.997,   3.188,  -0.400,   0.591,   3.188,  -0.500,   3.088,  -0.400,   3.188
202603310306,   2.954,   3.109,9999.000,9999.000,9999.000,9999.000,9999.000,9999.000,9999.000
202603310312,   2.907,   3.040,9999.000,9999.000,9999.000,9999.000,9999.000,9999.000,9999.000
202603310318,   2.857,   2.948,9999.000,9999.000,9999.000,9999.000,9999.000,9999.000,9999.000
202603310324,   2.804,   2.860,9999.000,9999.000,9999.000,9999.000,9999.000,9999.000,9999.000
202603310330,   2.749,   2.768,9999.000,9999.000,9999.000,9999.000,9999.000,9999.000,9999.000
202603310336,   2.690,   2.669,9999.000,9999.000,9999.000,9999.000,9999.000,9999.000,9999.000
202603310342,   2.628,   2.568,9999.000,9999.000,9999.000,9999.000,9999.000,9999.000,9999.000
202603310348,   2.564,   2.469,9999.000,9999.000,9999.000,9999.000,9999.000,9999.000,9999.000
202603310354,   2.496,   2.368,9999.000,9999.000,9999.000,9999.000,9999.000,9999.000,9999.000
202603310400,   2.426,   2.269,  -0.500,   0.343,   2.269,  -0.500,   2.269,  -0.400,   2.369
202603310406,   2.354,   2.168,9999.000,9999.000,9999.000,9999.000,9999.000,9999.000,9999.000
202603310412,   2.279,   2.059,9999.000,9999.000,9999.000,9999.000,9999.000,9999.000,9999.000
202603310418,   2.202,   1.958,9999.000,9999.000,9999.000,9999.000,9999.000,9999.000,9999.000
202603310424,   2.123,   1.859,9999.000,9999.000,9999.000,9999.000,9999.000,9999.000,9999.000
202603310430,   2.042,   1.748,9999.000,9999.000,9999.000,9999.000,9999.000,9999.000,9999.000
202603310436,   1.959,   1.659,9999.000,9999.000,9999.000,9999.000,9999.000,9999.000,9999.000
202603310442,   1.875,   1.571,9999.000,9999.000,9999.000,9999.000,9999.000,9999.000,9999.000
202603310448,   1.789,   1.469,9999.000,9999.000,9999.000,9999.000,9999.000,9999.000,9999.000
202603310454,   1.703,   1.371,9999.000,9999.000,9999.000,9999.000,9999.000,9999.000,9999.000
202603310500,   1.615,   1.279,  -0.500,   0.164,   1.279,  -0.600,   1.179,  -0.400,   1.379
202603310506,   1.527,   1.200,9999.000,9999.000,9999.000,9999.000,9999.000,9999.000,9999.000
202603310512,   1.439,   1.098,9999.000,9999.000,9999.000,9999.000,9999.000,9999.000,9999.000
202603310518,   1.351,   1.000,9999.000,9999.000,9999.000,9999.000,9999.000,9999.000,9999.000
202603310524,   1.262,   0.908,9999.000,9999.000,9999.000,9999.000,9999.000,9999.000,9999.000
202603310530,   1.175,   0.810,9999.000,9999.000,9999.000,9999.000,9999.000,9999.000,9999.000
202603310536,   1.088,   0.718,9999.000,9999.000,9999.000,9999.000,9999.000,9999.000,9999.000
202603310542,   1.001,   0.629,9999.000,9999.000,9999.000,9999.000,9999.000,9999.000,9999.000
202603310548,   0.917,   0.541,9999.000,9999.000,9999.000,9999.000,9999.000,9999.000,9999.000
202603310554,   0.833,   0.449,9999.000,9999.000,9999.000,9999.000,9999.000,9999.000,9999.000
202603310600,   0.752,   0.360,  -0.500,   0.108,   0.360,  -0.600,   0.260,  -0.400,   0.460
202603310606,   0.672,   0.268,9999.000,9999.000,9999.000,9999.000,9999.000,9999.000,9999.000
202603310612,   0.596,   0.180,9999.000,9999.000,9999.000,9999.000,9999.000,9999.000,9999.000
202603310618,   0.521,   0.098,9999.000,9999.000,9999.000,9999.000,9999.000,9999.000,9999.000
202603310624,   0.450,   0.009,9999.000,9999.000,9999.000,9999.000,9999.000,9999.000,9999.000
202603310630,   0.382,  -0.059,9999.000,9999.000,9999.000,9999.000,9999.000,9999.000,9999.000
202603310636,   0.317,  -0.131,9999.000,9999.000,9999.000,9999.000,9999.000,9999.000,9999.000
202603310642,   0.256,  -0.209,9999.000,9999.000,9999.000,9999.000,9999.000,9999.000,9999.000
202603310648,   0.200,  -0.288,9999.000,9999.000,9999.000,9999.000,9999.000,9999.000,9999.000
202603310654,   0.147,  -0.360,9999.000,9999.000,9999.000,9999.000,9999.000,9999.000,9999.000
202603310700,   0.099,  -0.439,  -0.500,  -0.038,  -0.439,  -0.600,  -0.539,  -0.500,  -0.439
202603310706,   0.056,  -0.508,9999.000,9999.000,9999.000,9999.000,9999.000,9999.000,9999.000
202603310712,   0.018,  -0.580,9999.000,9999.000,9999.000,9999.000,9999.000,9999.000,9999.000
202603310718,  -0.014,  -0.649,9999.000,9999.000,9999.000,9999.000,9999.000,9999.000,9999.000
202603310724,  -0.042,  -0.718,9999.000,9999.000,9999.000,9999.000,9999.000,9999.000,9999.000
202603310730,  -0.064,  -0.790,9999.000,9999.000,9999.000,9999.000,9999.000,9999.000,9999.000
202603310736,  -0.081,  -0.859,9999.000,9999.000,9999.000,9999.000,9999.000,9999.000,9999.000
202603310742,  -0.092,  -0.918,9999.000,9999.000,9999.000,9999.000,9999.000,9999.000,9999.000
202603310748,  -0.097,  -0.980,9999.000,9999.000,9999.000,9999.000,9999.000,9999.000,9999.000
202603310754,  -0.096,  -1.029,9999.000,9999.000,9999.000,9999.000,9999.000,9999.000,9999.000
202603310800,  -0.090,  -1.079,  -0.600,  -0.389,  -1.079,  -0.700,  -1.179,  -0.500,  -0.979
202603310806,  -0.077,  -1.118,9999.000,9999.000,9999.000,9999.000,9999.000,9999.000,9999.000
202603310812,  -0.059,  -1.138,9999.000,9999.000,9999.000,9999.000,9999.000,9999.000,9999.000
202603310818,  -0.035,  -1.161,9999.000,9999.000,9999.000,9999.000,9999.000,9999.000,9999.000
202603310824,  -0.005,  -1.180,9999.000,9999.000,9999.000,9999.000,9999.000,9999.000,9999.000
202603310830,   0.029,  -1.161,9999.000,9999.000,9999.000,9999.000,9999.000,9999.000,9999.000
202603310836,   0.070,  -1.108,9999.000,9999.000,9999.000,9999.000,9999.000,9999.000,9999.000
202603310842,   0.116,  -1.079,9999.000,9999.000,9999.000,9999.000,9999.000,9999.000,9999.000
202603310848,   0.167,  -1.029,9999.000,9999.000,9999.000,9999.000,9999.000,9999.000,9999.000
202603310854,   0.223,  -0.990,9999.000,9999.000,9999.000,9999.000,9999.000,9999.000,9999.000
202603310900,   0.283,  -0.908,  -0.600,  -0.591,  -0.908,  -0.700,  -1.008,  -0.500,  -0.808
202603310906,   0.348,  -0.829,9999.000,9999.000,9999.000,9999.000,9999.000,9999.000,9999.000
202603310912,   0.418,  -0.751,9999.000,9999.000,9999.000,9999.000,9999.000,9999.000,9999.000
202603310918,   0.491,  -0.639,9999.000,9999.000,9999.000,9999.000,9999.000,9999.000,9999.000
202603310924,   0.567,  -0.518,9999.000,9999.000,9999.000,9999.000,9999.000,9999.000,9999.000
202603310930,   0.647,  -0.409,9999.000,9999.000,9999.000,9999.000,9999.000,9999.000,9999.000
202603310936,   0.730,  -0.278,9999.000,9999.000,9999.000,9999.000,9999.000,9999.000,9999.000
202603310942,   0.815,  -0.160,9999.000,9999.000,9999.000,9999.000,9999.000,9999.000,9999.000
202603310948,   0.903,  -0.049,9999.000,9999.000,9999.000,9999.000,9999.000,9999.000,9999.000
202603310954,   0.992,   0.059,9999.000,9999.000,9999.000,9999.000,9999.000,9999.000,9999.000
202603311000,   1.083,   0.150,  -0.700,  -0.233,   0.150,  -0.800,   0.050,  -0.600,   0.250
202603311006,   1.175,   0.229,9999.000,9999.000,9999.000,9999.000,9999.000,9999.000,9999.000
202603311012,   1.268,   0.288,9999.000,9999.000,9999.000,9999.000,9999.000,9999.000,9999.000
202603311018,   1.362,   0.360,9999.000,9999.000,9999.000,9999.000,9999.000,9999.000,9999.000
202603311024,   1.455,   0.429,9999.000,9999.000,9999.000,9999.000,9999.000,9999.000,9999.000
202603311030,   1.548,   0.488,9999.000,9999.000,9999.000,9999.000,9999.000,9999.000,9999.000
202603311036,   1.640,   0.560,9999.000,9999.000,9999.000,9999.000,9999.000,9999.000,9999.000
202603311042,   1.731,   0.619,9999.000,9999.000,9999.000,9999.000,9999.000,9999.000,9999.000
202603311048,   1.821,   0.698,9999.000,9999.000,9999.000,9999.000,9999.000,9999.000,9999.000
202603311054,   1.909,   0.780,9999.000,9999.000,9999.000,9999.000,9999.000,9999.000,9999.000
202603311100,   1.995,   0.849,  -0.700,  -0.446,   0.849,  -0.800,   0.749,  -0.600,   0.949
202603311106,   2.078,   0.908,9999.000,9999.000,9999.000,9999.000,9999.000,9999.000,9999.000
202603311112,   2.160,   0.980,9999.000,9999.000,9999.000,9999.000,9999.000,9999.000,9999.000
202603311118,   2.238,   1.039,9999.000,9999.000,9999.000,9999.000,9999.000,9999.000,9999.000
202603311124,   2.314,   1.108,9999.000,9999.000,9999.000,9999.000,9999.000,9999.000,9999.000
202603311130,   2.386,   1.180,9999.000,9999.000,9999.000,9999.000,9999.000,9999.000,9999.000
202603311136,   2.455,   1.249,9999.000,9999.000,9999.000,9999.000,9999.000,9999.000,9999.000
202603311142,   2.521,   1.338,9999.000,9999.000,9999.000,9999.000,9999.000,9999.000,9999.000
202603311148,   2.584,   1.420,9999.000,9999.000,9999.000,9999.000,9999.000,9999.000,9999.000
202603311154,   2.643,   1.508,9999.000,9999.000,9999.000,9999.000,9999.000,9999.000,9999.000
202603311200,   2.699,   1.590,  -0.700,  -0.409,   1.590,  -0.800,   1.490,  -0.600,   1.690
202603311206,   2.751,   1.679,9999.000,9999.000,9999.000,9999.000,9999.000,9999.000,9999.000
202603311212,   2.800,   1.767,9999.000,9999.000,9999.000,9999.000,9999.000,9999.000,9999.000
202603311218,   2.846,   1.849,9999.000,9999.000,9999.000,9999.000,9999.000,9999.000,9999.000
202603311224,   2.888,   1.928,9999.000,9999.000,9999.000,9999.000,9999.000,9999.000,9999.000
202603311230,   2.927,   2.010,9999.000,9999.000,9999.000,9999.000,9999.000,9999.000,9999.000
202603311236,   2.963,   2.079,9999.000,9999.000,9999.000,9999.000,9999.000,9999.000,9999.000
202603311242,   2.995,   2.148,9999.000,9999.000,9999.000,9999.000,9999.000,9999.000,9999.000
202603311248,   3.025,   2.200,9999.000,9999.000,9999.000,9999.000,9999.000,9999.000,9999.000
202603311254,   3.052,   2.250,9999.000,9999.000,9999.000,9999.000,9999.000,9999.000,9999.000
202603311300,   3.075,   2.309,  -0.700,  -0.066,   2.309,  -0.800,   2.209,  -0.700,   2.309
202603311306,   3.096,   2.358,9999.000,9999.000,9999.000,9999.000,9999.000,9999.000,9999.000
202603311312,   3.115,   2.400,9999.000,9999.000,9999.000,9999.000,9999.000,9999.000,9999.000
202603311318,   3.130,   2.469,9999.000,9999.000,9999.000,9999.000,9999.000,9999.000,9999.000
202603311324,   3.144,   2.499,9999.000,9999.000,9999.000,9999.000,9999.000,9999.000,9999.000
202603311330,   3.154,   2.528,9999.000,9999.000,9999.000,9999.000,9999.000,9999.000,9999.000
202603311336,   3.162,   2.558,9999.000,9999.000,9999.000,9999.000,9999.000,9999.000,9999.000
202603311342,   3.168,   2.548,9999.000,9999.000,9999.000,9999.000,9999.000,9999.000,9999.000
202603311348,   3.171,   2.578,9999.000,9999.000,9999.000,9999.000,9999.000,9999.000,9999.000
202603311354,   3.172,   2.578,9999.000,9999.000,9999.000,9999.000,9999.000,9999.000,9999.000
202603311400,   3.170,   2.578,  -0.700,   0.108,   2.578,  -0.800,   2.478,  -0.700,   2.578
202603311406,   3.166,   2.568,9999.000,9999.000,9999.000,9999.000,9999.000,9999.000,9999.000
202603311412,   3.159,   2.568,9999.000,9999.000,9999.000,9999.000,9999.000,9999.000,9999.000
202603311418,   3.150,   2.578,9999.000,9999.000,9999.000,9999.000,9999.000,9999.000,9999.000
202603311424,   3.138,   2.558,9999.000,9999.000,9999.000,9999.000,9999.000,9999.000,9999.000
202603311430,   3.124,   2.548,9999.000,9999.000,9999.000,9999.000,9999.000,9999.000,9999.000
202603311436,   3.107,   2.568,9999.000,9999.000,9999.000,9999.000,9999.000,9999.000,9999.000
202603311442,   3.088,   2.548,9999.000,9999.000,9999.000,9999.000,9999.000,9999.000,9999.000
202603311448,   3.066,   2.538,9999.000,9999.000,9999.000,9999.000,9999.000,9999.000,9999.000
202603311454,   3.041,   2.519,9999.000,9999.000,9999.000,9999.000,9999.000,9999.000,9999.000
202603311500,   3.013,   2.499,  -0.800,   0.286,   2.499,  -0.900,   2.399,  -0.700,   2.599
202603311506,   2.983,   2.450,9999.000,9999.000,9999.000,9999.000,9999.000,9999.000,9999.000
202603311512,   2.950,   2.400,9999.000,9999.000,9999.000,9999.000,9999.000,9999.000,9999.000
202603311518,   2.913,   2.358,9999.000,9999.000,9999.000,9999.000,9999.000,9999.000,9999.000
202603311524,   2.874,   2.299,9999.000,9999.000,9999.000,9999.000,9999.000,9999.000,9999.000
202603311530,   2.832,   2.230,9999.000,9999.000,9999.000,9999.000,9999.000,9999.000,9999.000
202603311536,   2.787,   2.168,9999.000,9999.000,9999.000,9999.000,9999.000,9999.000,9999.000
202603311542,   2.739,   2.079,9999.000,9999.000,9999.000,9999.000,9999.000,9999.000,9999.000
202603311548,   2.688,   2.000,9999.000,9999.000,9999.000,9999.000,9999.000,9999.000,9999.000
202603311554,   2.634,   1.918,9999.000,9999.000,9999.000,9999.000,9999.000,9999.000,9999.000
202603311600,   2.577,   1.849,  -0.800,   0.072,   1.849,  -0.900,   1.749,  -0.700,   1.949
202603311606,   2.518,   1.767,9999.000,9999.000,9999.000,9999.000,9999.000,9999.000,9999.000
202603311612,   2.455,   1.679,9999.000,9999.000,9999.000,9999.000,9999.000,9999.000,9999.000
202603311618,   2.391,   1.580,9999.000,9999.000,9999.000,9999.000,9999.000,9999.000,9999.000
202603311624,   2.323,   1.498,9999.000,9999.000,9999.000,9999.000,9999.000,9999.000,9999.000
202603311630,   2.253,   1.420,9999.000,9999.000,9999.000,9999.000,9999.000,9999.000,9999.000
202603311636,   2.181,   1.318,9999.000,9999.000,9999.000,9999.000,9999.000,9999.000,9999.000
202603311642,   2.107,   1.239,9999.000,9999.000,9999.000,9999.000,9999.000,9999.000,9999.000
202603311648,   2.031,   1.170,9999.000,9999.000,9999.000,9999.000,9999.000,9999.000,9999.000
202603311654,   1.954,   1.088,9999.000,9999.000,9999.000,9999.000,9999.000,9999.000,9999.000
202603311700,   1.874,   1.010,  -0.800,  -0.064,   1.010,  -0.900,   0.910,  -0.800,   1.010
202603311706,   1.794,   0.951,9999.000,9999.000,9999.000,9999.000,9999.000,9999.000,9999.000
202603311712,   1.712,   0.849,9999.000,9999.000,9999.000,9999.000,9999.000,9999.000,9999.000
202603311718,   1.630,   0.790,9999.000,9999.000,9999.000,9999.000,9999.000,9999.000,9999.000
202603311724,   1.546,   0.688,9999.000,9999.000,9999.000,9999.000,9999.000,9999.000,9999.000
202603311730,   1.463,   0.649,9999.000,9999.000,9999.000,9999.000,9999.000,9999.000,9999.000
202603311736,   1.379,   0.551,9999.000,9999.000,9999.000,9999.000,9999.000,9999.000,9999.000
202603311742,   1.295,   0.449,9999.000,9999.000,9999.000,9999.000,9999.000,9999.000,9999.000
202603311748,   1.212,   0.370,9999.000,9999.000,9999.000,9999.000,9999.000,9999.000,9999.000
202603311754,   1.129,   0.288,9999.000,9999.000,9999.000,9999.000,9999.000,9999.000,9999.000
202603311800,   1.047,   0.180,  -0.800,  -0.067,   0.180,  -1.000,  -0.020,  -0.700,   0.280
202603311806,   0.966,   0.078,9999.000,9999.000,9999.000,9999.000,9999.000,9999.000,9999.000
202603311812,   0.886,   0.019,9999.000,9999.000,9999.000,9999.000,9999.000,9999.000,9999.000
202603311818,   0.808,  -0.098,9999.000,9999.000,9999.000,9999.000,9999.000,9999.000,9999.000
202603311824,   0.732,  -0.150,9999.000,9999.000,9999.000,9999.000,9999.000,9999.000,9999.000
202603311830,   0.658,  -0.219,9999.000,9999.000,9999.000,9999.000,9999.000,9999.000,9999.000
202603311836,   0.587,  -0.298,9999.000,9999.000,9999.000,9999.000,9999.000,9999.000,9999.000
202603311842,   0.518,  -0.390,9999.000,9999.000,9999.000,9999.000,9999.000,9999.000,9999.000
202603311848,   0.452,  -0.459,9999.000,9999.000,9999.000,9999.000,9999.000,9999.000,9999.000
202603311854,   0.389,  -0.551,9999.000,9999.000,9999.000,9999.000,9999.000,9999.000,9999.000
202603311900,   0.330,  -0.590,  -0.800,  -0.120,  -0.590,  -1.000,  -0.790,  -0.700,  -0.490
202603311906,   0.275,  -0.659,9999.000,9999.000,9999.000,9999.000,9999.000,9999.000,9999.000
202603311912,   0.224,  -0.770,9999.000,9999.000,9999.000,9999.000,9999.000,9999.000,9999.000
202603311918,   0.177,  -0.810,9999.000,9999.000,9999.000,9999.000,9999.000,9999.000,9999.000
202603311924,   0.134,  -0.829,9999.000,9999.000,9999.000,9999.000,9999.000,9999.000,9999.000
202603311930,   0.096,  -0.888,9999.000,9999.000,9999.000,9999.000,9999.000,9999.000,9999.000
202603311936,   0.064,  -0.918,9999.000,9999.000,9999.000,9999.000,9999.000,9999.000,9999.000
202603311942,   0.036,  -0.970,9999.000,9999.000,9999.000,9999.000,9999.000,9999.000,9999.000
202603311948,   0.014,  -1.020,9999.000,9999.000,9999.000,9999.000,9999.000,9999.000,9999.000
202603311954,  -0.002,  -1.079,9999.000,9999.000,9999.000,9999.000,9999.000,9999.000,9999.000
202603312000,  -0.013,  -1.118,  -0.900,  -0.205,  -1.118,  -1.000,  -1.218,  -0.800,  -1.018
202603312006,  -0.019,  -1.128,9999.000,9999.000,9999.000,9999.000,9999.000,9999.000,9999.000
202603312012,  -0.018,  -1.170,9999.000,9999.000,9999.000,9999.000,9999.000,9999.000,9999.000
202603312018,  -0.012,  -1.229,9999.000,9999.000,9999.000,9999.000,9999.000,9999.000,9999.000
202603312024,   0.000,  -1.269,9999.000,9999.000,9999.000,9999.000,9999.000,9999.000,9999.000
202603312030,   0.018,  -1.289,9999.000,9999.000,9999.000,9999.000,9999.000,9999.000,9999.000
202603312036,   0.042,  -1.289,9999.000,9999.000,9999.000,9999.000,9999.000,9999.000,9999.000
202603312042,   0.072,  -1.269,9999.000,9999.000,9999.000,9999.000,9999.000,9999.000,9999.000
202603312048,   0.108,  -1.259,9999.000,9999.000,9999.000,9999.000,9999.000,9999.000,9999.000
202603312054,   0.149,  -1.190,9999.000,9999.000,9999.000,9999.000,9999.000,9999.000,9999.000
202603312100,   0.196,  -1.190,  -0.900,  -0.486,  -1.190,  -1.000,  -1.290,  -0.800,  -1.090
202603312106,   0.248,  -1.098,9999.000,9999.000,9999.000,9999.000,9999.000,9999.000,9999.000
202603312112,   0.306,  -1.020,9999.000,9999.000,9999.000,9999.000,9999.000,9999.000,9999.000
202603312118,   0.368,  -0.980,9999.000,9999.000,9999.000,9999.000,9999.000,9999.000,9999.000
202603312124,   0.435,  -0.859,9999.000,9999.000,9999.000,9999.000,9999.000,9999.000,9999.000
202603312130,   0.506,  -0.780,9999.000,9999.000,9999.000,9999.000,9999.000,9999.000,9999.000
202603312136,   0.582,  -0.659,9999.000,9999.000,9999.000,9999.000,9999.000,9999.000,9999.000
202603312142,   0.661,  -0.541,9999.000,9999.000,9999.000,9999.000,9999.000,9999.000,9999.000
202603312148,   0.744,  -0.429,9999.000,9999.000,9999.000,9999.000,9999.000,9999.000,9999.000
202603312154,   0.830,  -0.331,9999.000,9999.000,9999.000,9999.000,9999.000,9999.000,9999.000
202603312200,   0.919,  -0.239,  -0.900,  -0.258,  -0.239,  -1.000,  -0.339,  -0.800,  -0.139
202603312206,   1.011,  -0.121,9999.000,9999.000,9999.000,9999.000,9999.000,9999.000,9999.000
202603312212,   1.104,  -0.029,9999.000,9999.000,9999.000,9999.000,9999.000,9999.000,9999.000
202603312218,   1.199,   0.068,9999.000,9999.000,9999.000,9999.000,9999.000,9999.000,9999.000
202603312224,   1.296,   0.170,9999.000,9999.000,9999.000,9999.000,9999.000,9999.000,9999.000
202603312230,   1.393,   0.259,9999.000,9999.000,9999.000,9999.000,9999.000,9999.000,9999.000
202603312236,   1.491,   0.331,9999.000,9999.000,9999.000,9999.000,9999.000,9999.000,9999.000
202603312242,   1.590,   0.400,9999.000,9999.000,9999.000,9999.000,9999.000,9999.000,9999.000
202603312248,   1.688,   0.449,9999.000,9999.000,9999.000,9999.000,9999.000,9999.000,9999.000
202603312254,   1.785,   0.518,9999.000,9999.000,9999.000,9999.000,9999.000,9999.000,9999.000
202603312300,   1.881,   0.580,  -0.900,  -0.401,   0.580,  -1.000,   0.480,  -0.800,   0.680
202603312306,   1.977,   0.649,9999.000,9999.000,9999.000,9999.000,9999.000,9999.000,9999.000
202603312312,   2.070,   0.718,9999.000,9999.000,9999.000,9999.000,9999.000,9999.000,9999.000
202603312318,   2.162,   0.780,9999.000,9999.000,9999.000,9999.000,9999.000,9999.000,9999.000
202603312324,   2.251,   0.849,9999.000,9999.000,9999.000,9999.000,9999.000,9999.000,9999.000
202603312330,   2.338,   0.918,9999.000,9999.000,9999.000,9999.000,9999.000,9999.000,9999.000
202603312336,   2.422,   0.990,9999.000,9999.000,9999.000,9999.000,9999.000,9999.000,9999.000
202603312342,   2.503,   1.079,9999.000,9999.000,9999.000,9999.000,9999.000,9999.000,9999.000
202603312348,   2.581,   1.170,9999.000,9999.000,9999.000,9999.000,9999.000,9999.000,9999.000
202603312354,   2.656,   1.249,9999.000,9999.000,9999.000,9999.000,9999.000,9999.000,9999.000
202604010000,   2.728,   1.348,  -0.800,  -0.580,   1.348,  -1.000,   1.148,  -0.700,   1.448
202604010006,   2.796,   1.439,9999.000,9999.000,9999.000,9999.000,9999.000,9999.000,9999.000
202604010012,   2.860,   1.528,9999.000,9999.000,9999.000,9999.000,9999.000,9999.000,9999.000
202604010018,   2.921,   1.620,9999.000,9999.000,9999.000,9999.000,9999.000,9999.000,9999.000
202604010024,   2.978,   1.699,9999.000,9999.000,9999.000,9999.000,9999.000,9999.000,9999.000
202604010030,   3.032,   1.790,9999.000,9999.000,9999.000,9999.000,9999.000,9999.000,9999.000
202604010036,   3.082,   1.859,9999.000,9999.000,9999.000,9999.000,9999.000,9999.000,9999.000
202604010042,   3.129,   1.948,9999.000,9999.000,9999.000,9999.000,9999.000,9999.000,9999.000
202604010048,   3.172,   2.030,9999.000,9999.000,9999.000,9999.000,9999.000,9999.000,9999.000
202604010054,   3.212,   2.118,9999.000,9999.000,9999.000,9999.000,9999.000,9999.000,9999.000
202604010100,   3.248,   2.200,  -0.800,  -0.248,   2.200,  -1.000,   2.000,  -0.700,   2.300
202604010106,   3.281,   2.269,9999.000,9999.000,9999.000,9999.000,9999.000,9999.000,9999.000
202604010112,   3.312,   2.328,9999.000,9999.000,9999.000,9999.000,9999.000,9999.000,9999.000
202604010118,   3.338,   2.387,9999.000,9999.000,9999.000,9999.000,9999.000,9999.000,9999.000
202604010124,   3.362,   2.430,9999.000,9999.000,9999.000,9999.000,9999.000,9999.000,9999.000
202604010130,   3.383,   2.469,9999.000,9999.000,9999.000,9999.000,9999.000,9999.000,9999.000
202604010136,   3.402,   2.509,9999.000,9999.000,9999.000,9999.000,9999.000,9999.000,9999.000
202604010142,   3.417,   2.548,9999.000,9999.000,9999.000,9999.000,9999.000,9999.000,9999.000
202604010148,   3.429,   2.578,9999.000,9999.000,9999.000,9999.000,9999.000,9999.000,9999.000
202604010154,   3.439,   2.620,9999.000,9999.000,9999.000,9999.000,9999.000,9999.000,9999.000
202604010200,   3.447,   2.640,  -0.800,  -0.007,   2.640,  -1.000,   2.440,  -0.700,   2.740
202604010206,   3.451,   2.660,9999.000,9999.000,9999.000,9999.000,9999.000,9999.000,9999.000
202604010212,   3.453,   2.679,9999.000,9999.000,9999.000,9999.000,9999.000,9999.000,9999.000
202604010218,   3.452,   2.719,9999.000,9999.000,9999.000,9999.000,9999.000,9999.000,9999.000
202604010224,   3.449,   2.738,9999.000,9999.000,9999.000,9999.000,9999.000,9999.000,9999.000
202604010230,   3.443,   2.758,9999.000,9999.000,9999.000,9999.000,9999.000,9999.000,9999.000
202604010236,   3.434,   2.778,9999.000,9999.000,9999.000,9999.000,9999.000,9999.000,9999.000
202604010242,   3.422,   2.768,9999.000,9999.000,9999.000,9999.000,9999.000,9999.000,9999.000
202604010248,   3.408,   2.778,9999.000,9999.000,9999.000,9999.000,9999.000,9999.000,9999.000
202604010254,   3.391,   2.768,9999.000,9999.000,9999.000,9999.000,9999.000,9999.000,9999.000
202604010300,   3.370,   2.758,  -0.900,   0.288,   2.758,  -1.000,   2.658,  -0.700,   2.958
202604010306,   3.347,   2.738,9999.000,9999.000,9999.000,9999.000,9999.000,9999.000,9999.000
202604010312,   3.321,   2.709,9999.000,9999.000,9999.000,9999.000,9999.000,9999.000,9999.000
202604010318,   3.292,   2.660,9999.000,9999.000,9999.000,9999.000,9999.000,9999.000,9999.000
202604010324,   3.260,   2.630,9999.000,9999.000,9999.000,9999.000,9999.000,9999.000,9999.000
202604010330,   3.225,   2.578,9999.000,9999.000,9999.000,9999.000,9999.000,9999.000,9999.000
202604010336,   3.186,   2.499,9999.000,9999.000,9999.000,9999.000,9999.000,9999.000,9999.000
202604010342,   3.145,   2.440,9999.000,9999.000,9999.000,9999.000,9999.000,9999.000,9999.000
202604010348,   3.100,   2.377,9999.000,9999.000,9999.000,9999.000,9999.000,9999.000,9999.000
202604010354,   3.052,   2.299,9999.000,9999.000,9999.000,9999.000,9999.000,9999.000,9999.000
202604010400,   3.001,   2.230,  -0.900,   0.129,   2.230,  -1.000,   2.130,  -0.800,   2.330
202604010406,   2.946,   2.128,9999.000,9999.000,9999.000,9999.000,9999.000,9999.000,9999.000
202604010412,   2.888,   2.040,9999.000,9999.000,9999.000,9999.000,9999.000,9999.000,9999.000
202604010418,   2.828,   1.958,9999.000,9999.000,9999.000,9999.000,9999.000,9999.000,9999.000
202604010424,   2.764,   1.869,9999.000,9999.000,9999.000,9999.000,9999.000,9999.000,9999.000
202604010430,   2.697,   1.790,9999.000,9999.000,9999.000,9999.000,9999.000,9999.000,9999.000
202604010436,   2.627,   1.699,9999.000,9999.000,9999.000,9999.000,9999.000,9999.000,9999.000
202604010442,   2.555,   1.610,9999.000,9999.000,9999.000,9999.000,9999.000,9999.000,9999.000
202604010448,   2.480,   1.538,9999.000,9999.000,9999.000,9999.000,9999.000,9999.000,9999.000
202604010454,   2.402,   1.430,9999.000,9999.000,9999.000,9999.000,9999.000,9999.000,9999.000
202604010500,   2.322,   1.348,  -0.900,  -0.074,   1.348,  -1.000,   1.248,  -0.800,   1.448
202604010506,   2.240,   1.259,9999.000,9999.000,9999.000,9999.000,9999.000,9999.000,9999.000
202604010512,   2.156,   1.190,9999.000,9999.000,9999.000,9999.000,9999.000,9999.000,9999.000
202604010518,   2.070,   1.088,9999.000,9999.000,9999.000,9999.000,9999.000,9999.000,9999.000
202604010524,   1.982,   1.000,9999.000,9999.000,9999.000,9999.000,9999.000,9999.000,9999.000
202604010530,   1.893,   0.918,9999.000,9999.000,9999.000,9999.000,9999.000,9999.000,9999.000
202604010536,   1.803,   0.829,9999.000,9999.000,9999.000,9999.000,9999.000,9999.000,9999.000
202604010542,   1.712,   0.751,9999.000,9999.000,9999.000,9999.000,9999.000,9999.000,9999.000
202604010548,   1.620,   0.669,9999.000,9999.000,9999.000,9999.000,9999.000,9999.000,9999.000
202604010554,   1.528,   0.619,9999.000,9999.000,9999.000,9999.000,9999.000,9999.000,9999.000
202604010600,   1.436,   0.541,  -0.900,   0.005,   0.541,  -1.100,   0.341,  -0.800,   0.641
202604010606,   1.344,   0.488,9999.000,9999.000,9999.000,9999.000,9999.000,9999.000,9999.000
202604010612,   1.252,   0.419,9999.000,9999.000,9999.000,9999.000,9999.000,9999.000,9999.000
202604010618,   1.161,   0.331,9999.000,9999.000,9999.000,9999.000,9999.000,9999.000,9999.000
202604010624,   1.071,   0.249,9999.000,9999.000,9999.000,9999.000,9999.000,9999.000,9999.000
202604010630,   0.982,   0.180,9999.000,9999.000,9999.000,9999.000,9999.000,9999.000,9999.000
202604010636,   0.894,   0.088,9999.000,9999.000,9999.000,9999.000,9999.000,9999.000,9999.000
202604010642,   0.808,   0.029,9999.000,9999.000,9999.000,9999.000,9999.000,9999.000,9999.000
202604010648,   0.724,  -0.049,9999.000,9999.000,9999.000,9999.000,9999.000,9999.000,9999.000
202604010654,   0.643,  -0.150,9999.000,9999.000,9999.000,9999.000,9999.000,9999.000,9999.000
202604010700,   0.563,  -0.200,  -0.900,   0.137,  -0.200,  -1.100,  -0.400,  -0.800,  -0.100
202604010706,   0.487,  -0.268,9999.000,9999.000,9999.000,9999.000,9999.000,9999.000,9999.000
202604010712,   0.414,  -0.360,9999.000,9999.000,9999.000,9999.000,9999.000,9999.000,9999.000
202604010718,   0.344,  -0.459,9999.000,9999.000,9999.000,9999.000,9999.000,9999.000,9999.000
202604010724,   0.277,  -0.531,9999.000,9999.000,9999.000,9999.000,9999.000,9999.000,9999.000
202604010730,   0.215,  -0.619,9999.000,9999.000,9999.000,9999.000,9999.000,9999.000,9999.000
202604010736,   0.156,  -0.698,9999.000,9999.000,9999.000,9999.000,9999.000,9999.000,9999.000
202604010742,   0.102,  -0.780,9999.000,9999.000,9999.000,9999.000,9999.000,9999.000,9999.000
202604010748,   0.053,  -0.849,9999.000,9999.000,9999.000,9999.000,9999.000,9999.000,9999.000
202604010754,   0.009,  -0.928,9999.000,9999.000,9999.000,9999.000,9999.000,9999.000,9999.000
202604010800,  -0.029,  -1.010,  -1.000,   0.019,  -1.010,  -1.100,  -1.110,  -0.900,  -0.910
202604010806,  -0.063,  -1.088,9999.000,9999.000,9999.000,9999.000,9999.000,9999.000,9999.000
202604010812,  -0.091,  -1.151,9999.000,9999.000,9999.000,9999.000,9999.000,9999.000,9999.000
202604010818,  -0.114,  -1.200,9999.000,9999.000,9999.000,9999.000,9999.000,9999.000,9999.000
202604010824,  -0.130,  -1.259,9999.000,9999.000,9999.000,9999.000,9999.000,9999.000,9999.000
202604010830,  -0.141,  -1.298,9999.000,9999.000,9999.000,9999.000,9999.000,9999.000,9999.000
202604010836,  -0.145,  -1.318,9999.000,9999.000,9999.000,9999.000,9999.000,9999.000,9999.000
202604010842,  -0.144,  -1.380,9999.000,9999.000,9999.000,9999.000,9999.000,9999.000,9999.000
202604010848,  -0.136,  -1.400,9999.000,9999.000,9999.000,9999.000,9999.000,9999.000,9999.000
202604010854,  -0.122,  -1.400,9999.000,9999.000,9999.000,9999.000,9999.000,9999.000,9999.000
202604010900,  -0.101,  -1.420,  -1.000,  -0.319,  -1.420,  -1.200,  -1.620,  -0.900,  -1.320
202604010906,  -0.075,  -1.420,9999.000,9999.000,9999.000,9999.000,9999.000,9999.000,9999.000
202604010912,  -0.043,  -1.449,9999.000,9999.000,9999.000,9999.000,9999.000,9999.000,9999.000
202604010918,  -0.004,  -1.430,9999.000,9999.000,9999.000,9999.000,9999.000,9999.000,9999.000
202604010924,   0.039,  -1.400,9999.000,9999.000,9999.000,9999.000,9999.000,9999.000,9999.000
202604010930,   0.089,  -1.380,9999.000,9999.000,9999.000,9999.000,9999.000,9999.000,9999.000
202604010936,   0.144,  -1.361,9999.000,9999.000,9999.000,9999.000,9999.000,9999.000,9999.000
202604010942,   0.204,  -1.328,9999.000,9999.000,9999.000,9999.000,9999.000,9999.000,9999.000
202604010948,   0.269,  -1.259,9999.000,9999.000,9999.000,9999.000,9999.000,9999.000,9999.000
202604010954,   0.338,  -1.190,9999.000,9999.000,9999.000,9999.000,9999.000,9999.000,9999.000
202604011000,   0.412,  -1.098,  -1.000,  -0.510,  -1.098,  -1.200,  -1.298,  -0.900,  -0.998
202604011006,   0.490,  -1.000,9999.000,9999.000,9999.000,9999.000,9999.000,9999.000,9999.000
202604011012,   0.571,  -0.879,9999.000,9999.000,9999.000,9999.000,9999.000,9999.000,9999.000
202604011018,   0.655,  -0.760,9999.000,9999.000,9999.000,9999.000,9999.000,9999.000,9999.000
202604011024,   0.742,  -0.610,9999.000,9999.000,9999.000,9999.000,9999.000,9999.000,9999.000
202604011030,   0.832,  -0.469,9999.000,9999.000,9999.000,9999.000,9999.000,9999.000,9999.000
202604011036,   0.924,  -0.331,9999.000,9999.000,9999.000,9999.000,9999.000,9999.000,9999.000
202604011042,   1.017,  -0.209,9999.000,9999.000,9999.000,9999.000,9999.000,9999.000,9999.000
202604011048,   1.111,  -0.088,9999.000,9999.000,9999.000,9999.000,9999.000,9999.000,9999.000
202604011054,   1.206,   0.009,9999.000,9999.000,9999.000,9999.000,9999.000,9999.000,9999.000
202604011100,   1.302,   0.098,  -1.100,  -0.104,   0.098,  -1.200,  -0.002,  -0.900,   0.298
202604011106,   1.398,   0.190,9999.000,9999.000,9999.000,9999.000,9999.000,9999.000,9999.000
202604011112,   1.493,   0.259,9999.000,9999.000,9999.000,9999.000,9999.000,9999.000,9999.000
202604011118,   1.588,   0.331,9999.000,9999.000,9999.000,9999.000,9999.000,9999.000,9999.000
202604011124,   1.681,   0.390,9999.000,9999.000,9999.000,9999.000,9999.000,9999.000,9999.000
202604011130,   1.773,   0.449,9999.000,9999.000,9999.000,9999.000,9999.000,9999.000,9999.000
202604011136,   1.863,   0.498,9999.000,9999.000,9999.000,9999.000,9999.000,9999.000,9999.000
202604011142,   1.951,   0.560,9999.000,9999.000,9999.000,9999.000,9999.000,9999.000,9999.000
202604011148,   2.037,   0.610,9999.000,9999.000,9999.000,9999.000,9999.000,9999.000,9999.000
202604011154,   2.121,   0.669,9999.000,9999.000,9999.000,9999.000,9999.000,9999.000,9999.000
202604011200,   2.201,   0.731,  -0.900,  -0.570,   0.731,  -1.000,   0.631,  -0.800,   0.831
202604011206,   2.279,   0.800,9999.000,9999.000,9999.000,9999.000,9999.000,9999.000,9999.000
202604011212,   2.353,   0.869,9999.000,9999.000,9999.000,9999.000,9999.000,9999.000,9999.000
202604011218,   2.424,   0.941,9999.000,9999.000,9999.000,9999.000,9999.000,9999.000,9999.000
202604011224,   2.492,   1.029,9999.000,9999.000,9999.000,9999.000,9999.000,9999.000,9999.000
202604011230,   2.557,   1.118,9999.000,9999.000,9999.000,9999.000,9999.000,9999.000,9999.000
202604011236,   2.617,   1.220,9999.000,9999.000,9999.000,9999.000,9999.000,9999.000,9999.000
202604011242,   2.675,   1.308,9999.000,9999.000,9999.000,9999.000,9999.000,9999.000,9999.000
202604011248,   2.729,   1.400,9999.000,9999.000,9999.000,9999.000,9999.000,9999.000,9999.000
202604011254,   2.779,   1.479,9999.000,9999.000,9999.000,9999.000,9999.000,9999.000,9999.000
202604011300,   2.826,   1.557,  -0.900,  -0.369,   1.557,  -1.100,   1.357,  -0.800,   1.657
202604011306,   2.869,   1.630,9999.000,9999.000,9999.000,9999.000,9999.000,9999.000,9999.000
202604011312,   2.909,   1.699,9999.000,9999.000,9999.000,9999.000,9999.000,9999.000,9999.000
202604011318,   2.946,   1.758,9999.000,9999.000,9999.000,9999.000,9999.000,9999.000,9999.000
202604011324,   2.979,   1.820,9999.000,9999.000,9999.000,9999.000,9999.000,9999.000,9999.000
202604011330,   3.010,   1.879,9999.000,9999.000,9999.000,9999.000,9999.000,9999.000,9999.000
202604011336,   3.037,   1.948,9999.000,9999.000,9999.000,9999.000,9999.000,9999.000,9999.000
202604011342,   3.061,   2.010,9999.000,9999.000,9999.000,9999.000,9999.000,9999.000,9999.000
202604011348,   3.083,   2.069,9999.000,9999.000,9999.000,9999.000,9999.000,9999.000,9999.000
202604011354,   3.101,   2.109,9999.000,9999.000,9999.000,9999.000,9999.000,9999.000,9999.000
202604011400,   3.117,   2.148,  -1.000,   0.031,   2.148,  -1.100,   2.048,  -0.900,   2.248
202604011406,   3.130,   2.191,9999.000,9999.000,9999.000,9999.000,9999.000,9999.000,9999.000
202604011412,   3.141,   2.210,9999.000,9999.000,9999.000,9999.000,9999.000,9999.000,9999.000
202604011418,   3.148,   2.240,9999.000,9999.000,9999.000,9999.000,9999.000,9999.000,9999.000
202604011424,   3.153,   2.289,9999.000,9999.000,9999.000,9999.000,9999.000,9999.000,9999.000
202604011430,   3.156,   2.318,9999.000,9999.000,9999.000,9999.000,9999.000,9999.000,9999.000
202604011436,   3.156,   2.358,9999.000,9999.000,9999.000,9999.000,9999.000,9999.000,9999.000
202604011442,   3.153,   2.377,9999.000,9999.000,9999.000,9999.000,9999.000,9999.000,9999.000
202604011448,   3.148,   2.410,9999.000,9999.000,9999.000,9999.000,9999.000,9999.000,9999.000
202604011454,   3.141,   2.430,9999.000,9999.000,9999.000,9999.000,9999.000,9999.000,9999.000
202604011500,   3.131,   2.440,  -1.000,   0.309,   2.440,  -1.100,   2.340,  -0.900,   2.540
202604011506,   3.118,   2.459,9999.000,9999.000,9999.000,9999.000,9999.000,9999.000,9999.000
202604011512,   3.102,   2.479,9999.000,9999.000,9999.000,9999.000,9999.000,9999.000,9999.000
202604011518,   3.084,   2.479,9999.000,9999.000,9999.000,9999.000,9999.000,9999.000,9999.000
202604011524,   3.064,   2.469,9999.000,9999.000,9999.000,9999.000,9999.000,9999.000,9999.000
202604011530,   3.040,   2.479,9999.000,9999.000,9999.000,9999.000,9999.000,9999.000,9999.000
202604011536,   3.014,   2.469,9999.000,9999.000,9999.000,9999.000,9999.000,9999.000,9999.000
202604011542,   2.984,   2.440,9999.000,9999.000,9999.000,9999.000,9999.000,9999.000,9999.000
202604011548,   2.952,   2.430,9999.000,9999.000,9999.000,9999.000,9999.000,9999.000,9999.000
202604011554,   2.917,   2.400,9999.000,9999.000,9999.000,9999.000,9999.000,9999.000,9999.000
202604011600,   2.879,   2.348,  -1.000,   0.469,   2.348,  -1.100,   2.248,  -0.900,   2.448
202604011606,   2.838,   2.299,9999.000,9999.000,9999.000,9999.000,9999.000,9999.000,9999.000
202604011612,   2.794,   2.259,9999.000,9999.000,9999.000,9999.000,9999.000,9999.000,9999.000
202604011618,   2.747,   2.210,9999.000,9999.000,9999.000,9999.000,9999.000,9999.000,9999.000
202604011624,   2.697,   2.118,9999.000,9999.000,9999.000,9999.000,9999.000,9999.000,9999.000
202604011630,   2.644,   2.059,9999.000,9999.000,9999.000,9999.000,9999.000,9999.000,9999.000
202604011636,   2.588,   1.990,9999.000,9999.000,9999.000,9999.000,9999.000,9999.000,9999.000
202604011642,   2.529,   1.899,9999.000,9999.000,9999.000,9999.000,9999.000,9999.000,9999.000
202604011648,   2.467,   1.830,9999.000,9999.000,9999.000,9999.000,9999.000,9999.000,9999.000
202604011654,   2.403,   1.758,9999.000,9999.000,9999.000,9999.000,9999.000,9999.000,9999.000
202604011700,   2.336,   1.669,  -1.000,   0.333,   1.669,  -1.100,   1.569,  -0.900,   1.769
202604011706,   2.267,   1.590,9999.000,9999.000,9999.000,9999.000,9999.000,9999.000,9999.000
202604011712,   2.195,   1.498,9999.000,9999.000,9999.000,9999.000,9999.000,9999.000,9999.000
202604011718,   2.121,   1.430,9999.000,9999.000,9999.000,9999.000,9999.000,9999.000,9999.000
202604011724,   2.045,   1.338,9999.000,9999.000,9999.000,9999.000,9999.000,9999.000,9999.000
202604011730,   1.967,   1.269,9999.000,9999.000,9999.000,9999.000,9999.000,9999.000,9999.000
202604011736,   1.888,   1.190,9999.000,9999.000,9999.000,9999.000,9999.000,9999.000,9999.000
202604011742,   1.807,   1.098,9999.000,9999.000,9999.000,9999.000,9999.000,9999.000,9999.000
202604011748,   1.725,   1.020,9999.000,9999.000,9999.000,9999.000,9999.000,9999.000,9999.000
202604011754,   1.642,   0.951,9999.000,9999.000,9999.000,9999.000,9999.000,9999.000,9999.000
202604011800,   1.558,   0.869,  -0.900,   0.211,   0.869,  -1.100,   0.669,  -0.800,   0.969
202604011806,   1.474,   0.780,9999.000,9999.000,9999.000,9999.000,9999.000,9999.000,9999.000
202604011812,   1.389,   0.708,9999.000,9999.000,9999.000,9999.000,9999.000,9999.000,9999.000
202604011818,   1.305,   0.600,9999.000,9999.000,9999.000,9999.000,9999.000,9999.000,9999.000
202604011824,   1.221,   0.518,9999.000,9999.000,9999.000,9999.000,9999.000,9999.000,9999.000
202604011830,   1.137,   0.449,9999.000,9999.000,9999.000,9999.000,9999.000,9999.000,9999.000
202604011836,   1.054,   0.360,9999.000,9999.000,9999.000,9999.000,9999.000,9999.000,9999.000
202604011842,   0.972,   0.268,9999.000,9999.000,9999.000,9999.000,9999.000,9999.000,9999.000
202604011848,   0.891,   0.209,9999.000,9999.000,9999.000,9999.000,9999.000,9999.000,9999.000
202604011854,   0.811,   0.131,9999.000,9999.000,9999.000,9999.000,9999.000,9999.000,9999.000
202604011900,   0.734,   0.029,  -0.900,   0.195,   0.029,  -1.100,  -0.171,  -0.800,   0.129
202604011906,   0.658,  -0.029,9999.000,9999.000,9999.000,9999.000,9999.000,9999.000,9999.000
202604011912,   0.585,  -0.088,9999.000,9999.000,9999.000,9999.000,9999.000,9999.000,9999.000
202604011918,   0.514,  -0.150,9999.000,9999.000,9999.000,9999.000,9999.000,9999.000,9999.000
202604011924,   0.446,  -0.190,9999.000,9999.000,9999.000,9999.000,9999.000,9999.000,9999.000
202604011930,   0.382,  -0.259,9999.000,9999.000,9999.000,9999.000,9999.000,9999.000,9999.000
202604011936,   0.320,  -0.308,9999.000,9999.000,9999.000,9999.000,9999.000,9999.000,9999.000
202604011942,   0.263,  -0.360,9999.000,9999.000,9999.000,9999.000,9999.000,9999.000,9999.000
202604011948,   0.209,  -0.409,9999.000,9999.000,9999.000,9999.000,9999.000,9999.000,9999.000
202604011954,   0.159,  -0.459,9999.000,9999.000,9999.000,9999.000,9999.000,9999.000,9999.000
202604012000,   0.114,  -0.531,  -0.900,   0.255,  -0.531,  -1.100,  -0.731,  -0.800,  -0.431
202604012006,   0.073,  -0.560,9999.000,9999.000,9999.000,9999.000,9999.000,9999.000,9999.000
202604012012,   0.038,  -0.580,9999.000,9999.000,9999.000,9999.000,9999.000,9999.000,9999.000
202604012018,   0.007,  -0.659,9999.000,9999.000,9999.000,9999.000,9999.000,9999.000,9999.000
202604012024,  -0.017,  -0.688,9999.000,9999.000,9999.000,9999.000,9999.000,9999.000,9999.000
202604012030,  -0.036,  -0.718,9999.000,9999.000,9999.000,9999.000,9999.000,9999.000,9999.000
202604012036,  -0.050,  -0.770,9999.000,9999.000,9999.000,9999.000,9999.000,9999.000,9999.000
202604012042,  -0.058,  -0.780,9999.000,9999.000,9999.000,9999.000,9999.000,9999.000,9999.000
202604012048,  -0.060,  -0.829,9999.000,9999.000,9999.000,9999.000,9999.000,9999.000,9999.000
202604012054,  -0.056,  -0.819,9999.000,9999.000,9999.000,9999.000,9999.000,9999.000,9999.000
202604012100,  -0.046,  -0.849,  -0.900,   0.097,  -0.849,  -1.000,  -0.949,  -0.700,  -0.649
202604012106,  -0.030,  -0.849,9999.000,9999.000,9999.000,9999.000,9999.000,9999.000,9999.000
202604012112,  -0.007,  -0.859,9999.000,9999.000,9999.000,9999.000,9999.000,9999.000,9999.000
202604012118,   0.021,  -0.849,9999.000,9999.000,9999.000,9999.000,9999.000,9999.000,9999.000
202604012124,   0.055,  -0.869,9999.000,9999.000,9999.000,9999.000,9999.000,9999.000,9999.000
202604012130,   0.096,  -0.810,9999.000,9999.000,9999.000,9999.000,9999.000,9999.000,9999.000
202604012136,   0.142,  -0.770,9999.000,9999.000,9999.000,9999.000,9999.000,9999.000,9999.000
202604012142,   0.194,  -0.751,9999.000,9999.000,9999.000,9999.000,9999.000,9999.000,9999.000
202604012148,   0.252,  -0.698,9999.000,9999.000,9999.000,9999.000,9999.000,9999.000,9999.000
202604012154,   0.314,  -0.659,9999.000,9999.000,9999.000,9999.000,9999.000,9999.000,9999.000
202604012200,   0.382,  -0.560,  -0.900,  -0.042,  -0.560,  -1.000,  -0.660,  -0.700,  -0.360
202604012206,   0.454,  -0.478,9999.000,9999.000,9999.000,9999.000,9999.000,9999.000,9999.000
202604012212,   0.530,  -0.380,9999.000,9999.000,9999.000,9999.000,9999.000,9999.000,9999.000
202604012218,   0.611,  -0.268,9999.000,9999.000,9999.000,9999.000,9999.000,9999.000,9999.000
202604012224,   0.695,  -0.180,9999.000,9999.000,9999.000,9999.000,9999.000,9999.000,9999.000
202604012230,   0.782,  -0.059,9999.000,9999.000,9999.000,9999.000,9999.000,9999.000,9999.000
202604012236,   0.873,   0.019,9999.000,9999.000,9999.000,9999.000,9999.000,9999.000,9999.000
202604012242,   0.966,   0.121,9999.000,9999.000,9999.000,9999.000,9999.000,9999.000,9999.000
202604012248,   1.061,   0.200,9999.000,9999.000,9999.000,9999.000,9999.000,9999.000,9999.000
202604012254,   1.158,   0.288,9999.000,9999.000,9999.000,9999.000,9999.000,9999.000,9999.000
202604012300,   1.256,   0.380,  -0.800,  -0.076,   0.380,  -1.000,   0.180,  -0.700,   0.480
202604012306,   1.355,   0.469,9999.000,9999.000,9999.000,9999.000,9999.000,9999.000,9999.000
202604012312,   1.455,   0.551,9999.000,9999.000,9999.000,9999.000,9999.000,9999.000,9999.000
202604012318,   1.556,   0.639,9999.000,9999.000,9999.000,9999.000,9999.000,9999.000,9999.000
202604012324,   1.656,   0.718,9999.000,9999.000,9999.000,9999.000,9999.000,9999.000,9999.000
202604012330,   1.755,   0.800,9999.000,9999.000,9999.000,9999.000,9999.000,9999.000,9999.000
202604012336,   1.854,   0.869,9999.000,9999.000,9999.000,9999.000,9999.000,9999.000,9999.000
202604012342,   1.952,   0.941,9999.000,9999.000,9999.000,9999.000,9999.000,9999.000,9999.000
202604012348,   2.048,   1.010,9999.000,9999.000,9999.000,9999.000,9999.000,9999.000,9999.000
202604012354,   2.143,   1.079,9999.000,9999.000,9999.000,9999.000,9999.000,9999.000,9999.000
202604020000,   2.235,   1.151,  -0.600,  -0.484,   1.151,  -0.700,   1.051,  -0.600,   1.151
202604020006,   2.325,   1.229,9999.000,9999.000,9999.000,9999.000,9999.000,9999.000,9999.000
202604020012,   2.412,   1.318,9999.000,9999.000,9999.000,9999.000,9999.000,9999.000,9999.000
202604020018,   2.497,   1.400,9999.000,9999.000,9999.000,9999.000,9999.000,9999.000,9999.000
202604020024,   2.579,   1.498,9999.000,9999.000,9999.000,9999.000,9999.000,9999.000,9999.000
202604020030,   2.657,   1.590,9999.000,9999.000,9999.000,9999.000,9999.000,9999.000,9999.000
202604020036,   2.733,   1.689,9999.000,9999.000,9999.000,9999.000,9999.000,9999.000,9999.000
202604020042,   2.804,   1.790,9999.000,9999.000,9999.000,9999.000,9999.000,9999.000,9999.000
202604020048,   2.873,   1.889,9999.000,9999.000,9999.000,9999.000,9999.000,9999.000,9999.000
202604020054,   2.938,   2.000,9999.000,9999.000,9999.000,9999.000,9999.000,9999.000,9999.000
202604020100,   2.999,   2.089,  -0.600,  -0.310,   2.089,  -0.700,   1.989,  -0.600,   2.089
202604020106,   3.057,   2.191,9999.000,9999.000,9999.000,9999.000,9999.000,9999.000,9999.000
202604020112,   3.111,   2.279,9999.000,9999.000,9999.000,9999.000,9999.000,9999.000,9999.000
202604020118,   3.161,   2.348,9999.000,9999.000,9999.000,9999.000,9999.000,9999.000,9999.000
202604020124,   3.208,   2.430,9999.000,9999.000,9999.000,9999.000,9999.000,9999.000,9999.000
202604020130,   3.252,   2.489,9999.000,9999.000,9999.000,9999.000,9999.000,9999.000,9999.000
202604020136,   3.292,   2.558,9999.000,9999.000,9999.000,9999.000,9999.000,9999.000,9999.000
202604020142,   3.329,   2.620,9999.000,9999.000,9999.000,9999.000,9999.000,9999.000,9999.000
202604020148,   3.362,   2.679,9999.000,9999.000,9999.000,9999.000,9999.000,9999.000,9999.000
202604020154,   3.392,   2.738,9999.000,9999.000,9999.000,9999.000,9999.000,9999.000,9999.000
202604020200,   3.419,   2.787,  -0.600,  -0.032,   2.787,  -0.700,   2.687,  -0.500,   2.887
202604020206,   3.443,   2.840,9999.000,9999.000,9999.000,9999.000,9999.000,9999.000,9999.000
202604020212,   3.463,   2.889,9999.000,9999.000,9999.000,9999.000,9999.000,9999.000,9999.000
202604020218,   3.481,   2.938,9999.000,9999.000,9999.000,9999.000,9999.000,9999.000,9999.000
202604020224,   3.496,   2.968,9999.000,9999.000,9999.000,9999.000,9999.000,9999.000,9999.000
202604020230,   3.508,   3.017,9999.000,9999.000,9999.000,9999.000,9999.000,9999.000,9999.000
202604020236,   3.517,   3.040,9999.000,9999.000,9999.000,9999.000,9999.000,9999.000,9999.000
202604020242,   3.524,   3.070,9999.000,9999.000,9999.000,9999.000,9999.000,9999.000,9999.000
202604020248,   3.527,   3.089,9999.000,9999.000,9999.000,9999.000,9999.000,9999.000,9999.000
202604020254,   3.528,   3.099,9999.000,9999.000,9999.000,9999.000,9999.000,9999.000,9999.000
202604020300,   3.527,   3.119,  -0.600,   0.192,   3.119,  -0.700,   3.019,  -0.500,   3.219
202604020306,   3.522,   3.129,9999.000,9999.000,9999.000,9999.000,9999.000,9999.000,9999.000
202604020312,   3.515,   3.129,9999.000,9999.000,9999.000,9999.000,9999.000,9999.000,9999.000
202604020318,   3.505,   3.138,9999.000,9999.000,9999.000,9999.000,9999.000,9999.000,9999.000
202604020324,   3.492,   3.129,9999.000,9999.000,9999.000,9999.000,9999.000,9999.000,9999.000
202604020330,   3.476,   3.129,9999.000,9999.000,9999.000,9999.000,9999.000,9999.000,9999.000
202604020336,   3.458,   3.119,9999.000,9999.000,9999.000,9999.000,9999.000,9999.000,9999.000
202604020342,   3.436,   3.109,9999.000,9999.000,9999.000,9999.000,9999.000,9999.000,9999.000
202604020348,   3.412,   3.089,9999.000,9999.000,9999.000,9999.000,9999.000,9999.000,9999.000
202604020354,   3.384,   3.070,9999.000,9999.000,9999.000,9999.000,9999.000,9999.000,9999.000
202604020400,   3.354,   3.040,  -0.600,   0.286,   3.040,  -0.700,   2.940,  -0.600,   3.040
202604020406,   3.320,   3.007,9999.000,9999.000,9999.000,9999.000,9999.000,9999.000,9999.000
202604020412,   3.284,   2.968,9999.000,9999.000,9999.000,9999.000,9999.000,9999.000,9999.000
202604020418,   3.244,   2.919,9999.000,9999.000,9999.000,9999.000,9999.000,9999.000,9999.000
202604020424,   3.201,   2.879,9999.000,9999.000,9999.000,9999.000,9999.000,9999.000,9999.000
202604020430,   3.155,   2.830,9999.000,9999.000,9999.000,9999.000,9999.000,9999.000,9999.000
202604020436,   3.106,   2.768,9999.000,9999.000,9999.000,9999.000,9999.000,9999.000,9999.000
202604020442,   3.053,   2.709,9999.000,9999.000,9999.000,9999.000,9999.000,9999.000,9999.000
202604020448,   2.997,   2.640,9999.000,9999.000,9999.000,9999.000,9999.000,9999.000,9999.000
202604020454,   2.939,   2.558,9999.000,9999.000,9999.000,9999.000,9999.000,9999.000,9999.000
202604020500,   2.877,   2.479,  -0.600,   0.202,   2.479,  -0.700,   2.379,  -0.600,   2.479
202604020506,   2.812,   2.400,9999.000,9999.000,9999.000,9999.000,9999.000,9999.000,9999.000
202604020512,   2.744,   2.318,9999.000,9999.000,9999.000,9999.000,9999.000,9999.000,9999.000
202604020518,   2.673,   2.220,9999.000,9999.000,9999.000,9999.000,9999.000,9999.000,9999.000
202604020524,   2.599,   2.138,9999.000,9999.000,9999.000,9999.000,9999.000,9999.000,9999.000
202604020530,   2.523,   2.049,9999.000,9999.000,9999.000,9999.000,9999.000,9999.000,9999.000
202604020536,   2.445,   1.958,9999.000,9999.000,9999.000,9999.000,9999.000,9999.000,9999.000
202604020542,   2.364,   1.869,9999.000,9999.000,9999.000,9999.000,9999.000,9999.000,9999.000
202604020548,   2.281,   1.781,9999.000,9999.000,9999.000,9999.000,9999.000,9999.000,9999.000
202604020554,   2.196,   1.689,9999.000,9999.000,9999.000,9999.000,9999.000,9999.000,9999.000
202604020600,   2.109,   1.610,  -0.600,   0.101,   1.610,  -0.700,   1.510,  -0.500,   1.710
202604020606,   2.021,   1.528,9999.000,9999.000,9999.000,9999.000,9999.000,9999.000,9999.000
202604020612,   1.931,   1.459,9999.000,9999.000,9999.000,9999.000,9999.000,9999.000,9999.000
202604020618,   1.840,   1.380,9999.000,9999.000,9999.000,9999.000,9999.000,9999.000,9999.000
202604020624,   1.748,   1.298,9999.000,9999.000,9999.000,9999.000,9999.000,9999.000,9999.000
202604020630,   1.656,   1.229,9999.000,9999.000,9999.000,9999.000,9999.000,9999.000,9999.000
202604020636,   1.563,   1.151,9999.000,9999.000,9999.000,9999.000,9999.000,9999.000,9999.000
202604020642,   1.470,   1.088,9999.000,9999.000,9999.000,9999.000,9999.000,9999.000,9999.000
202604020648,   1.377,   1.020,9999.000,9999.000,9999.000,9999.000,9999.000,9999.000,9999.000
202604020654,   1.285,   0.951,9999.000,9999.000,9999.000,9999.000,9999.000,9999.000,9999.000
202604020700,   1.193,   0.888,  -0.600,   0.295,   0.888,  -0.700,   0.788,  -0.400,   1.088
202604020706,   1.102,   0.829,9999.000,9999.000,9999.000,9999.000,9999.000,9999.000,9999.000
202604020712,   1.012,   0.780,9999.000,9999.000,9999.000,9999.000,9999.000,9999.000,9999.000
202604020718,   0.924,   0.731,9999.000,9999.000,9999.000,9999.000,9999.000,9999.000,9999.000
202604020724,   0.837,   0.678,9999.000,9999.000,9999.000,9999.000,9999.000,9999.000,9999.000
202604020730,   0.752,   0.619,9999.000,9999.000,9999.000,9999.000,9999.000,9999.000,9999.000
202604020736,   0.669,   0.560,9999.000,9999.000,9999.000,9999.000,9999.000,9999.000,9999.000
202604020742,   0.589,   0.478,9999.000,9999.000,9999.000,9999.000,9999.000,9999.000,9999.000
202604020748,   0.512,   0.409,9999.000,9999.000,9999.000,9999.000,9999.000,9999.000,9999.000
202604020754,   0.438,   0.341,9999.000,9999.000,9999.000,9999.000,9999.000,9999.000,9999.000
202604020800,   0.367,   0.268,  -0.600,   0.501,   0.268,  -0.800,   0.068,  -0.500,   0.368
202604020806,   0.300,   0.209,9999.000,9999.000,9999.000,9999.000,9999.000,9999.000,9999.000
202604020812,   0.236,   0.150,9999.000,9999.000,9999.000,9999.000,9999.000,9999.000,9999.000
202604020818,   0.177,   0.078,9999.000,9999.000,9999.000,9999.000,9999.000,9999.000,9999.000
202604020824,   0.123,   0.019,9999.000,9999.000,9999.000,9999.000,9999.000,9999.000,9999.000
202604020830,   0.073,  -0.049,9999.000,9999.000,9999.000,9999.000,9999.000,9999.000,9999.000
202604020836,   0.028,  -0.121,9999.000,9999.000,9999.000,9999.000,9999.000,9999.000,9999.000
202604020842,  -0.011,  -0.200,9999.000,9999.000,9999.000,9999.000,9999.000,9999.000,9999.000
202604020848,  -0.045,  -0.259,9999.000,9999.000,9999.000,9999.000,9999.000,9999.000,9999.000
202604020854,  -0.073,  -0.321,9999.000,9999.000,9999.000,9999.000,9999.000,9999.000,9999.000
202604020900,  -0.096,  -0.370,  -0.600,   0.326,  -0.370,  -0.800,  -0.570,  -0.500,  -0.270
202604020906,  -0.113,  -0.419,9999.000,9999.000,9999.000,9999.000,9999.000,9999.000,9999.000
202604020912,  -0.123,  -0.469,9999.000,9999.000,9999.000,9999.000,9999.000,9999.000,9999.000
202604020918,  -0.127,  -0.508,9999.000,9999.000,9999.000,9999.000,9999.000,9999.000,9999.000
202604020924,  -0.125,  -0.551,9999.000,9999.000,9999.000,9999.000,9999.000,9999.000,9999.000
202604020930,  -0.117,  -0.600,9999.000,9999.000,9999.000,9999.000,9999.000,9999.000,9999.000
202604020936,  -0.102,  -0.629,9999.000,9999.000,9999.000,9999.000,9999.000,9999.000,9999.000
202604020942,  -0.081,  -0.669,9999.000,9999.000,9999.000,9999.000,9999.000,9999.000,9999.000
202604020948,  -0.054,  -0.698,9999.000,9999.000,9999.000,9999.000,9999.000,9999.000,9999.000
202604020954,  -0.021,  -0.698,9999.000,9999.000,9999.000,9999.000,9999.000,9999.000,9999.000
202604021000,   0.017,  -0.708,  -0.600,  -0.125,  -0.708,  -0.800,  -0.908,  -0.500,  -0.608
202604021006,   0.062,  -0.698,9999.000,9999.000,9999.000,9999.000,9999.000,9999.000,9999.000
202604021012,   0.113,  -0.669,9999.000,9999.000,9999.000,9999.000,9999.000,9999.000,9999.000
202604021018,   0.169,  -0.629,9999.000,9999.000,9999.000,9999.000,9999.000,9999.000,9999.000
202604021024,   0.230,  -0.580,9999.000,9999.000,9999.000,9999.000,9999.000,9999.000,9999.000
202604021030,   0.295,  -0.518,9999.000,9999.000,9999.000,9999.000,9999.000,9999.000,9999.000
202604021036,   0.365,  -0.449,9999.000,9999.000,9999.000,9999.000,9999.000,9999.000,9999.000
202604021042,   0.439,  -0.360,9999.000,9999.000,9999.000,9999.000,9999.000,9999.000,9999.000
202604021048,   0.517,  -0.259,9999.000,9999.000,9999.000,9999.000,9999.000,9999.000,9999.000
202604021054,   0.598,  -0.141,9999.000,9999.000,9999.000,9999.000,9999.000,9999.000,9999.000
202604021100,   0.682,  -0.019,  -0.600,  -0.101,  -0.019,  -0.700,  -0.119,  -0.500,   0.081
202604021106,   0.768,   0.098,9999.000,9999.000,9999.000,9999.000,9999.000,9999.000,9999.000
202604021112,   0.857,   0.239,9999.000,9999.000,9999.000,9999.000,9999.000,9999.000,9999.000
202604021118,   0.947,   0.360,9999.000,9999.000,9999.000,9999.000,9999.000,9999.000,9999.000
202604021124,   1.039,   0.498,9999.000,9999.000,9999.000,9999.000,9999.000,9999.000,9999.000
202604021130,   1.132,   0.619,9999.000,9999.000,9999.000,9999.000,9999.000,9999.000,9999.000
202604021136,   1.225,   0.751,9999.000,9999.000,9999.000,9999.000,9999.000,9999.000,9999.000
202604021142,   1.319,   0.859,9999.000,9999.000,9999.000,9999.000,9999.000,9999.000,9999.000
202604021148,   1.412,   0.951,9999.000,9999.000,9999.000,9999.000,9999.000,9999.000,9999.000
202604021154,   1.505,   1.049,9999.000,9999.000,9999.000,9999.000,9999.000,9999.000,9999.000
202604021200,   1.597,   1.151,  -0.500,   0.054,   1.151,  -0.600,   1.051,  -0.400,   1.251
202604021206,   1.689,   1.229,9999.000,9999.000,9999.000,9999.000,9999.000,9999.000,9999.000
202604021212,   1.778,   1.308,9999.000,9999.000,9999.000,9999.000,9999.000,9999.000,9999.000
202604021218,   1.866,   1.380,9999.000,9999.000,9999.000,9999.000,9999.000,9999.000,9999.000
202604021224,   1.951,   1.459,9999.000,9999.000,9999.000,9999.000,9999.000,9999.000,9999.000
202604021230,   2.035,   1.528,9999.000,9999.000,9999.000,9999.000,9999.000,9999.000,9999.000
202604021236,   2.116,   1.600,9999.000,9999.000,9999.000,9999.000,9999.000,9999.000,9999.000
202604021242,   2.195,   1.659,9999.000,9999.000,9999.000,9999.000,9999.000,9999.000,9999.000
202604021248,   2.270,   1.728,9999.000,9999.000,9999.000,9999.000,9999.000,9999.000,9999.000
202604021254,   2.343,   1.790,9999.000,9999.000,9999.000,9999.000,9999.000,9999.000,9999.000
202604021300,   2.412,   1.840,  -0.500,  -0.072,   1.840,  -0.600,   1.740,  -0.400,   1.940
202604021306,   2.478,   1.908,9999.000,9999.000,9999.000,9999.000,9999.000,9999.000,9999.000
202604021312,   2.541,   1.967,9999.000,9999.000,9999.000,9999.000,9999.000,9999.000,9999.000
202604021318,   2.601,   2.030,9999.000,9999.000,9999.000,9999.000,9999.000,9999.000,9999.000
202604021324,   2.656,   2.099,9999.000,9999.000,9999.000,9999.000,9999.000,9999.000,9999.000
202604021330,   2.709,9999.000,9999.000,9999.000,9999.000,9999.000,9999.000,9999.000,9999.000
202604021336,   2.758,9999.000,9999.000,9999.000,9999.000,9999.000,9999.000,9999.000,9999.000
202604021342,   2.804,9999.000,9999.000,9999.000,9999.000,9999.000,9999.000,9999.000,9999.000
202604021348,   2.846,9999.000,9999.000,9999.000,9999.000,9999.000,9999.000,9999.000,9999.000
202604021354,   2.885,9999.000,9999.000,9999.000,9999.000,9999.000,9999.000,9999.000,9999.000
202604021400,   2.920,9999.000,  -0.400,9999.000,   2.520,  -0.500,   2.420,  -0.400,   2.520
202604021406,   2.952,9999.000,9999.000,9999.000,9999.000,9999.000,9999.000,9999.000,9999.000
202604021412,   2.981,9999.000,9999.000,9999.000,9999.000,9999.000,9999.000,9999.000,9999.000
202604021418,   3.007,9999.000,9999.000,9999.000,9999.000,9999.000,9999.000,9999.000,9999.000
202604021424,   3.030,9999.000,9999.000,9999.000,9999.000,9999.000,9999.000,9999.000,9999.000
202604021430,   3.050,9999.000,9999.000,9999.000,9999.000,9999.000,9999.000,9999.000,9999.000
202604021436,   3.067,9999.000,9999.000,9999.000,9999.000,9999.000,9999.000,9999.000,9999.000
202604021442,   3.082,   2.630,9999.000,9999.000,9999.000,9999.000,9999.000,9999.000,9999.000
202604021448,   3.093,   2.669,9999.000,9999.000,9999.000,9999.000,9999.000,9999.000,9999.000
202604021454,   3.102,   2.728,9999.000,9999.000,9999.000,9999.000,9999.000,9999.000,9999.000
202604021500,   3.108,   2.787,  -0.400,   0.079,   2.787,  -0.500,   2.687,  -0.400,   2.787
202604021506,   3.111,   2.850,9999.000,9999.000,9999.000,9999.000,9999.000,9999.000,9999.000
202604021512,   3.112,   2.889,9999.000,9999.000,9999.000,9999.000,9999.000,9999.000,9999.000
202604021518,   3.110,   2.938,9999.000,9999.000,9999.000,9999.000,9999.000,9999.000,9999.000
202604021524,   3.105,   2.958,9999.000,9999.000,9999.000,9999.000,9999.000,9999.000,9999.000
202604021530,   3.098,   2.988,9999.000,9999.000,9999.000,9999.000,9999.000,9999.000,9999.000
202604021536,   3.089,   3.017,9999.000,9999.000,9999.000,9999.000,9999.000,9999.000,9999.000
202604021542,   3.077,   3.007,9999.000,9999.000,9999.000,9999.000,9999.000,9999.000,9999.000
202604021548,   3.062,   3.030,9999.000,9999.000,9999.000,9999.000,9999.000,9999.000,9999.000
202604021554,   3.045,   3.017,9999.000,9999.000,9999.000,9999.000,9999.000,9999.000,9999.000
202604021600,   3.025,   3.050,  -0.400,   0.425,   3.050,  -0.500,   2.950,  -0.300,   3.150
202604021606,   3.002,   3.040,9999.000,9999.000,9999.000,9999.000,9999.000,9999.000,9999.000
202604021612,   2.977,   3.040,9999.000,9999.000,9999.000,9999.000,9999.000,9999.000,9999.000
202604021618,   2.949,   3.040,9999.000,9999.000,9999.000,9999.000,9999.000,9999.000,9999.000
202604021624,   2.918,   3.050,9999.000,9999.000,9999.000,9999.000,9999.000,9999.000,9999.000
202604021630,   2.884,   3.030,9999.000,9999.000,9999.000,9999.000,9999.000,9999.000,9999.000
202604021636,   2.847,   3.007,9999.000,9999.000,9999.000,9999.000,9999.000,9999.000,9999.000
202604021642,   2.808,   3.007,9999.000,9999.000,9999.000,9999.000,9999.000,9999.000,9999.000
202604021648,   2.765,   2.968,9999.000,9999.000,9999.000,9999.000,9999.000,9999.000,9999.000
202604021654,   2.720,   2.938,9999.000,9999.000,9999.000,9999.000,9999.000,9999.000,9999.000
202604021700,   2.672,   2.899,  -0.400,   0.627,   2.899,  -0.500,   2.799,  -0.300,   2.999
202604021706,   2.621,   2.860,9999.000,9999.000,9999.000,9999.000,9999.000,9999.000,9999.000
202604021712,   2.567,   2.797,9999.000,9999.000,9999.000,9999.000,9999.000,9999.000,9999.000
202604021718,   2.510,   2.719,9999.000,9999.000,9999.000,9999.000,9999.000,9999.000,9999.000
202604021724,   2.451,   2.650,9999.000,9999.000,9999.000,9999.000,9999.000,9999.000,9999.000
202604021730,   2.389,   2.558,9999.000,9999.000,9999.000,9999.000,9999.000,9999.000,9999.000
202604021736,   2.324,   2.479,9999.000,9999.000,9999.000,9999.000,9999.000,9999.000,9999.000
202604021742,   2.257,   2.377,9999.000,9999.000,9999.000,9999.000,9999.000,9999.000,9999.000
202604021748,   2.187,   2.279,9999.000,9999.000,9999.000,9999.000,9999.000,9999.000,9999.000
202604021754,   2.116,   2.177,9999.000,9999.000,9999.000,9999.000,9999.000,9999.000,9999.000
202604021800,   2.042,   2.069,  -0.300,   0.327,   2.069,  -0.500,   1.869,  -0.200,   2.169
202604021806,   1.966,   1.981,9999.000,9999.000,9999.000,9999.000,9999.000,9999.000,9999.000
202604021812,   1.889,   1.899,9999.000,9999.000,9999.000,9999.000,9999.000,9999.000,9999.000
202604021818,   1.810,   1.800,9999.000,9999.000,9999.000,9999.000,9999.000,9999.000,9999.000
202604021824,   1.730,   1.728,9999.000,9999.000,9999.000,9999.000,9999.000,9999.000,9999.000
202604021830,   1.648,   1.649,9999.000,9999.000,9999.000,9999.000,9999.000,9999.000,9999.000
202604021836,   1.566,   1.571,9999.000,9999.000,9999.000,9999.000,9999.000,9999.000,9999.000
202604021842,   1.484,   1.489,9999.000,9999.000,9999.000,9999.000,9999.000,9999.000,9999.000
202604021848,   1.401,   1.420,9999.000,9999.000,9999.000,9999.000,9999.000,9999.000,9999.000
202604021854,   1.317,   1.348,9999.000,9999.000,9999.000,9999.000,9999.000,9999.000,9999.000
202604021900,   1.235,   1.279,  -0.300,   0.344,   1.279,  -0.500,   1.079,  -0.200,   1.379
202604021906,   1.152,   1.220,9999.000,9999.000,9999.000,9999.000,9999.000,9999.000,9999.000
202604021912,   1.070,   1.151,9999.000,9999.000,9999.000,9999.000,9999.000,9999.000,9999.000
202604021918,   0.989,   1.088,9999.000,9999.000,9999.000,9999.000,9999.000,9999.000,9999.000
202604021924,   0.910,   0.990,9999.000,9999.000,9999.000,9999.000,9999.000,9999.000,9999.000
202604021930,   0.831,   0.941,9999.000,9999.000,9999.000,9999.000,9999.000,9999.000,9999.000
202604021936,   0.755,   0.869,9999.000,9999.000,9999.000,9999.000,9999.000,9999.000,9999.000
202604021942,   0.680,   0.819,9999.000,9999.000,9999.000,9999.000,9999.000,9999.000,9999.000
202604021948,   0.608,   0.741,9999.000,9999.000,9999.000,9999.000,9999.000,9999.000,9999.000
202604021954,   0.539,   0.659,9999.000,9999.000,9999.000,9999.000,9999.000,9999.000,9999.000
202604022000,   0.472,   0.600,  -0.300,   0.428,   0.600,  -0.500,   0.400,  -0.100,   0.800
202604022006,   0.408,   0.541,9999.000,9999.000,9999.000,9999.000,9999.000,9999.000,9999.000
202604022012,   0.348,   0.478,9999.000,9999.000,9999.000,9999.000,9999.000,9999.000,9999.000
202604022018,   0.291,   0.429,9999.000,9999.000,9999.000,9999.000,9999.000,9999.000,9999.000
202604022024,   0.238,   0.370,9999.000,9999.000,9999.000,9999.000,9999.000,9999.000,9999.000
202604022030,   0.190,   0.308,9999.000,9999.000,9999.000,9999.000,9999.000,9999.000,9999.000
202604022036,   0.146,   0.259,9999.000,9999.000,9999.000,9999.000,9999.000,9999.000,9999.000
202604022042,   0.106,   0.209,9999.000,9999.000,9999.000,9999.000,9999.000,9999.000,9999.000
202604022048,   0.072,   0.160,9999.000,9999.000,9999.000,9999.000,9999.000,9999.000,9999.000
202604022054,   0.042,   0.131,9999.000,9999.000,9999.000,9999.000,9999.000,9999.000,9999.000
202604022100,   0.018,   0.088,  -0.200,   0.270,   0.088,  -0.400,  -0.112,  -0.100,   0.188
202604022106,   0.000,   0.049,9999.000,9999.000,9999.000,9999.000,9999.000,9999.000,9999.000
202604022112,  -0.012,   0.019,9999.000,9999.000,9999.000,9999.000,9999.000,9999.000,9999.000
202604022118,  -0.019,   0.000,9999.000,9999.000,9999.000,9999.000,9999.000,9999.000,9999.000
202604022124,  -0.020,   0.029,9999.000,9999.000,9999.000,9999.000,9999.000,9999.000,9999.000
202604022130,  -0.015,   0.029,9999.000,9999.000,9999.000,9999.000,9999.000,9999.000,9999.000
202604022136,  -0.004,   0.059,9999.000,9999.000,9999.000,9999.000,9999.000,9999.000,9999.000
202604022142,   0.012,   0.098,9999.000,9999.000,9999.000,9999.000,9999.000,9999.000,9999.000
202604022148,   0.035,   0.150,9999.000,9999.000,9999.000,9999.000,9999.000,9999.000,9999.000
202604022154,   0.064,   0.209,9999.000,9999.000,9999.000,9999.000,9999.000,9999.000,9999.000
202604022200,   0.099,   0.278,  -0.200,   0.379,   0.278,  -0.400,   0.078,  -0.100,   0.378
202604022206,   0.140,   0.341,9999.000,9999.000,9999.000,9999.000,9999.000,9999.000,9999.000
202604022212,   0.187,   0.409,9999.000,9999.000,9999.000,9999.000,9999.000,9999.000,9999.000
202604022218,   0.239,   0.469,9999.000,9999.000,9999.000,9999.000,9999.000,9999.000,9999.000
202604022224,   0.296,   0.508,9999.000,9999.000,9999.000,9999.000,9999.000,9999.000,9999.000
202604022230,   0.358,   0.551,9999.000,9999.000,9999.000,9999.000,9999.000,9999.000,9999.000
202604022236,   0.425,   0.580,9999.000,9999.000,9999.000,9999.000,9999.000,9999.000,9999.000
202604022242,   0.497,   0.629,9999.000,9999.000,9999.000,9999.000,9999.000,9999.000,9999.000
202604022248,   0.572,   0.688,9999.000,9999.000,9999.000,9999.000,9999.000,9999.000,9999.000
202604022254,   0.651,   0.760,9999.000,9999.000,9999.000,9999.000,9999.000,9999.000,9999.000
202604022300,   0.734,   0.829,  -0.200,   0.295,   0.829,  -0.300,   0.729,   0.000,   1.029
202604022306,   0.820,   0.918,9999.000,9999.000,9999.000,9999.000,9999.000,9999.000,9999.000
202604022312,   0.908,   1.010,9999.000,9999.000,9999.000,9999.000,9999.000,9999.000,9999.000
202604022318,   0.999,   1.108,9999.000,9999.000,9999.000,9999.000,9999.000,9999.000,9999.000
202604022324,   1.092,   1.210,9999.000,9999.000,9999.000,9999.000,9999.000,9999.000,9999.000
202604022330,   1.186,   1.308,9999.000,9999.000,9999.000,9999.000,9999.000,9999.000,9999.000
202604022336,   1.282,   1.410,9999.000,9999.000,9999.000,9999.000,9999.000,9999.000,9999.000
202604022342,   1.378,   1.498,9999.000,9999.000,9999.000,9999.000,9999.000,9999.000,9999.000
202604022348,   1.475,   1.580,9999.000,9999.000,9999.000,9999.000,9999.000,9999.000,9999.000
202604022354,   1.573,   1.669,9999.000,9999.000,9999.000,9999.000,9999.000,9999.000,9999.000
202604030000,   1.670,   1.748,   0.000,   0.078,   1.748,  -0.100,   1.648,   0.000,   1.748
202604030006,   1.767,   1.840,9999.000,9999.000,9999.000,9999.000,9999.000,9999.000,9999.000
202604030012,   1.863,   1.928,9999.000,9999.000,9999.000,9999.000,9999.000,9999.000,9999.000
202604030018,   1.958,   2.020,9999.000,9999.000,9999.000,9999.000,9999.000,9999.000,9999.000
202604030024,   2.051,   2.128,9999.000,9999.000,9999.000,9999.000,9999.000,9999.000,9999.000
202604030030,   2.143,   2.230,9999.000,9999.000,9999.000,9999.000,9999.000,9999.000,9999.000
202604030036,   2.233,   2.318,9999.000,9999.000,9999.000,9999.000,9999.000,9999.000,9999.000
202604030042,   2.322,   2.420,9999.000,9999.000,9999.000,9999.000,9999.000,9999.000,9999.000
202604030048,   2.407,   2.499,9999.000,9999.000,9999.000,9999.000,9999.000,9999.000,9999.000
202604030054,   2.491,   2.587,9999.000,9999.000,9999.000,9999.000,9999.000,9999.000,9999.000
202604030100,   2.571,   2.660,   0.000,   0.089,   2.660,  -0.100,   2.560,   0.000,   2.660
202604030106,   2.649,   2.738,9999.000,9999.000,9999.000,9999.000,9999.000,9999.000,9999.000
202604030112,   2.724,   2.807,9999.000,9999.000,9999.000,9999.000,9999.000,9999.000,9999.000
202604030118,   2.795,   2.879,9999.000,9999.000,9999.000,9999.000,9999.000,9999.000,9999.000
202604030124,   2.863,   2.948,9999.000,9999.000,9999.000,9999.000,9999.000,9999.000,9999.000
202604030130,   2.928,   3.017,9999.000,9999.000,9999.000,9999.000,9999.000,9999.000,9999.000
202604030136,   2.990,   3.079,9999.000,9999.000,9999.000,9999.000,9999.000,9999.000,9999.000
202604030142,   3.048,   3.138,9999.000,9999.000,9999.000,9999.000,9999.000,9999.000,9999.000
202604030148,   3.103,   3.197,9999.000,9999.000,9999.000,9999.000,9999.000,9999.000,9999.000
202604030154,   3.154,   3.250,9999.000,9999.000,9999.000,9999.000,9999.000,9999.000,9999.000
202604030200,   3.202,   3.309,   0.000,   0.107,   3.309,   0.000,   3.309,   0.000,   3.309
202604030206,   3.246,   3.358,9999.000,9999.000,9999.000,9999.000,9999.000,9999.000,9999.000
202604030212,   3.287,   3.407,9999.000,9999.000,9999.000,9999.000,9999.000,9999.000,9999.000
202604030218,   3.324,   3.460,9999.000,9999.000,9999.000,9999.000,9999.000,9999.000,9999.000
202604030224,   3.359,   3.509,9999.000,9999.000,9999.000,9999.000,9999.000,9999.000,9999.000
202604030230,   3.389,   3.548,9999.000,9999.000,9999.000,9999.000,9999.000,9999.000,9999.000
202604030236,   3.417,   3.588,9999.000,9999.000,9999.000,9999.000,9999.000,9999.000,9999.000
202604030242,   3.441,   3.607,9999.000,9999.000,9999.000,9999.000,9999.000,9999.000,9999.000
202604030248,   3.463,   3.650,9999.000,9999.000,9999.000,9999.000,9999.000,9999.000,9999.000
202604030254,   3.481,   3.689,9999.000,9999.000,9999.000,9999.000,9999.000,9999.000,9999.000
202604030300,   3.496,   3.719,   0.000,   0.223,   3.719,   0.000,   3.719,   0.100,   3.819
202604030306,   3.509,   3.749,9999.000,9999.000,9999.000,9999.000,9999.000,9999.000,9999.000
202604030312,   3.518,   3.788,9999.000,9999.000,9999.000,9999.000,9999.000,9999.000,9999.000
202604030318,   3.525,   3.817,9999.000,9999.000,9999.000,9999.000,9999.000,9999.000,9999.000
202604030324,   3.529,   3.847,9999.000,9999.000,9999.000,9999.000,9999.000,9999.000,9999.000
202604030330,   3.530,   3.870,9999.000,9999.000,9999.000,9999.000,9999.000,9999.000,9999.000
202604030336,   3.529,   3.909,9999.000,9999.000,9999.000,9999.000,9999.000,9999.000,9999.000
202604030342,   3.524,   3.929,9999.000,9999.000,9999.000,9999.000,9999.000,9999.000,9999.000
202604030348,   3.517,   3.949,9999.000,9999.000,9999.000,9999.000,9999.000,9999.000,9999.000
202604030354,   3.508,   3.978,9999.000,9999.000,9999.000,9999.000,9999.000,9999.000,9999.000
202604030400,   3.496,   3.998,   0.000,   0.502,   3.998,   0.000,   3.998,   0.100,   4.098
202604030406,   3.481,   4.008,9999.000,9999.000,9999.000,9999.000,9999.000,9999.000,9999.000
202604030412,   3.463,   4.027,9999.000,9999.000,9999.000,9999.000,9999.000,9999.000,9999.000
202604030418,   3.442,   4.037,9999.000,9999.000,9999.000,9999.000,9999.000,9999.000,9999.000
202604030424,   3.419,   4.037,9999.000,9999.000,9999.000,9999.000,9999.000,9999.000,9999.000
202604030430,   3.393,   4.047,9999.000,9999.000,9999.000,9999.000,9999.000,9999.000,9999.000
202604030436,   3.364,   4.057,9999.000,9999.000,9999.000,9999.000,9999.000,9999.000,9999.000
202604030442,   3.332,   4.047,9999.000,9999.000,9999.000,9999.000,9999.000,9999.000,9999.000
202604030448,   3.298,   4.047,9999.000,9999.000,9999.000,9999.000,9999.000,9999.000,9999.000
202604030454,   3.260,   4.037,9999.000,9999.000,9999.000,9999.000,9999.000,9999.000,9999.000
202604030500,   3.220,   4.017,   0.000,   0.797,   4.017,   0.000,   4.017,   0.100,   4.117
202604030506,   3.176,   3.998,9999.000,9999.000,9999.000,9999.000,9999.000,9999.000,9999.000
202604030512,   3.129,   3.968,9999.000,9999.000,9999.000,9999.000,9999.000,9999.000,9999.000
202604030518,   3.080,   3.929,9999.000,9999.000,9999.000,9999.000,9999.000,9999.000,9999.000
202604030524,   3.027,   3.890,9999.000,9999.000,9999.000,9999.000,9999.000,9999.000,9999.000
202604030530,   2.971,   3.837,9999.000,9999.000,9999.000,9999.000,9999.000,9999.000,9999.000
202604030536,   2.913,   3.788,9999.000,9999.000,9999.000,9999.000,9999.000,9999.000,9999.000
202604030542,   2.851,   3.729,9999.000,9999.000,9999.000,9999.000,9999.000,9999.000,9999.000
202604030548,   2.787,   3.670,9999.000,9999.000,9999.000,9999.000,9999.000,9999.000,9999.000
202604030554,   2.719,   3.607,9999.000,9999.000,9999.000,9999.000,9999.000,9999.000,9999.000
202604030600,   2.649,   3.539,   0.100,   0.790,   3.539,   0.000,   3.439,   0.200,   3.639
202604030606,   2.577,   3.470,9999.000,9999.000,9999.000,9999.000,9999.000,9999.000,9999.000
202604030612,   2.501,   3.398,9999.000,9999.000,9999.000,9999.000,9999.000,9999.000,9999.000
202604030618,   2.424,   3.329,9999.000,9999.000,9999.000,9999.000,9999.000,9999.000,9999.000
202604030624,   2.344,9999.000,9999.000,9999.000,9999.000,9999.000,9999.000,9999.000,9999.000
202604030630,   2.262,   3.188,9999.000,9999.000,9999.000,9999.000,9999.000,9999.000,9999.000
202604030636,   2.179,   3.109,9999.000,9999.000,9999.000,9999.000,9999.000,9999.000,9999.000
202604030642,   2.093,   3.030,9999.000,9999.000,9999.000,9999.000,9999.000,9999.000,9999.000
202604030648,   2.006,   2.948,9999.000,9999.000,9999.000,9999.000,9999.000,9999.000,9999.000
202604030654,   1.918,   2.860,9999.000,9999.000,9999.000,9999.000,9999.000,9999.000,9999.000
202604030700,   1.829,   2.778,   0.100,   0.849,   2.778,   0.000,   2.678,   0.200,   2.878
202604030706,   1.739,   2.689,9999.000,9999.000,9999.000,9999.000,9999.000,9999.000,9999.000
202604030712,   1.648,   2.587,9999.000,9999.000,9999.000,9999.000,9999.000,9999.000,9999.000
202604030718,   1.557,   2.489,9999.000,9999.000,9999.000,9999.000,9999.000,9999.000,9999.000
202604030724,   1.466,   2.400,9999.000,9999.000,9999.000,9999.000,9999.000,9999.000,9999.000
202604030730,   1.375,   2.289,9999.000,9999.000,9999.000,9999.000,9999.000,9999.000,9999.000
202604030736,   1.285,   2.191,9999.000,9999.000,9999.000,9999.000,9999.000,9999.000,9999.000
202604030742,   1.195,   2.089,9999.000,9999.000,9999.000,9999.000,9999.000,9999.000,9999.000
202604030748,   1.106,   1.990,9999.000,9999.000,9999.000,9999.000,9999.000,9999.000,9999.000
202604030754,   1.019,   1.889,9999.000,9999.000,9999.000,9999.000,9999.000,9999.000,9999.000
202604030800,   0.933,   1.790,   0.100,   0.757,   1.790,   0.000,   1.690,   0.200,   1.890
202604030806,   0.849,   1.699,9999.000,9999.000,9999.000,9999.000,9999.000,9999.000,9999.000
202604030812,   0.767,   1.610,9999.000,9999.000,9999.000,9999.000,9999.000,9999.000,9999.000
202604030818,   0.688,   1.518,9999.000,9999.000,9999.000,9999.000,9999.000,9999.000,9999.000
202604030824,   0.611,   1.439,9999.000,9999.000,9999.000,9999.000,9999.000,9999.000,9999.000
202604030830,   0.537,   1.371,9999.000,9999.000,9999.000,9999.000,9999.000,9999.000,9999.000
202604030836,   0.467,   1.289,9999.000,9999.000,9999.000,9999.000,9999.000,9999.000,9999.000
202604030842,   0.400,   1.220,9999.000,9999.000,9999.000,9999.000,9999.000,9999.000,9999.000
202604030848,   0.337,   1.151,9999.000,9999.000,9999.000,9999.000,9999.000,9999.000,9999.000
202604030854,   0.278,   1.079,9999.000,9999.000,9999.000,9999.000,9999.000,9999.000,9999.000
202604030900,   0.223,   1.020,   0.100,   0.697,   1.020,   0.000,   0.920,   0.200,   1.120
202604030906,   0.173,   0.951,9999.000,9999.000,9999.000,9999.000,9999.000,9999.000,9999.000
202604030912,   0.127,   0.888,9999.000,9999.000,9999.000,9999.000,9999.000,9999.000,9999.000
202604030918,   0.087,   0.829,9999.000,9999.000,9999.000,9999.000,9999.000,9999.000,9999.000
202604030924,   0.052,   0.780,9999.000,9999.000,9999.000,9999.000,9999.000,9999.000,9999.000
202604030930,   0.023,   0.731,9999.000,9999.000,9999.000,9999.000,9999.000,9999.000,9999.000
202604030936,   0.000,   0.688,9999.000,9999.000,9999.000,9999.000,9999.000,9999.000,9999.000
202604030942,  -0.018,   0.649,9999.000,9999.000,9999.000,9999.000,9999.000,9999.000,9999.000
202604030948,  -0.031,   0.619,9999.000,9999.000,9999.000,9999.000,9999.000,9999.000,9999.000
202604030954,  -0.037,   0.580,9999.000,9999.000,9999.000,9999.000,9999.000,9999.000,9999.000
202604031000,  -0.037,   0.551,   0.100,   0.488,   0.551,   0.000,   0.451,   0.200,   0.651
202604031006,  -0.031,   0.531,9999.000,9999.000,9999.000,9999.000,9999.000,9999.000,9999.000
202604031012,  -0.019,   0.508,9999.000,9999.000,9999.000,9999.000,9999.000,9999.000,9999.000
202604031018,  -0.001,   0.488,9999.000,9999.000,9999.000,9999.000,9999.000,9999.000,9999.000
202604031024,   0.022,   0.488,9999.000,9999.000,9999.000,9999.000,9999.000,9999.000,9999.000
202604031030,   0.052,   0.488,9999.000,9999.000,9999.000,9999.000,9999.000,9999.000,9999.000
202604031036,   0.087,   0.498,9999.000,9999.000,9999.000,9999.000,9999.000,9999.000,9999.000
202604031042,   0.128,   0.531,9999.000,9999.000,9999.000,9999.000,9999.000,9999.000,9999.000
202604031048,   0.174,   0.560,9999.000,9999.000,9999.000,9999.000,9999.000,9999.000,9999.000
202604031054,   0.225,   0.610,9999.000,9999.000,9999.000,9999.000,9999.000,9999.000,9999.000
202604031100,   0.281,   0.669,   0.100,   0.288,   0.669,   0.000,   0.569,   0.200,   0.769
202604031106,   0.342,   0.741,9999.000,9999.000,9999.000,9999.000,9999.000,9999.000,9999.000
202604031112,   0.407,   0.810,9999.000,9999.000,9999.000,9999.000,9999.000,9999.000,9999.000
202604031118,   0.475,   0.888,9999.000,9999.000,9999.000,9999.000,9999.000,9999.000,9999.000
202604031124,   0.547,   0.980,9999.000,9999.000,9999.000,9999.000,9999.000,9999.000,9999.000
202604031130,   0.622,   1.069,9999.000,9999.000,9999.000,9999.000,9999.000,9999.000,9999.000
202604031136,   0.700,   1.161,9999.000,9999.000,9999.000,9999.000,9999.000,9999.000,9999.000
202604031142,   0.781,   1.259,9999.000,9999.000,9999.000,9999.000,9999.000,9999.000,9999.000
202604031148,   0.863,   1.361,9999.000,9999.000,9999.000,9999.000,9999.000,9999.000,9999.000
202604031154,   0.947,   1.449,9999.000,9999.000,9999.000,9999.000,9999.000,9999.000,9999.000
202604031200,   1.033,   1.528,   0.300,   0.195,   1.528,   0.300,   1.528,   0.300,   1.528
202604031206,   1.120,   1.610,9999.000,9999.000,9999.000,9999.000,9999.000,9999.000,9999.000
202604031212,   1.207,   1.699,9999.000,9999.000,9999.000,9999.000,9999.000,9999.000,9999.000
202604031218,   1.295,   1.781,9999.000,9999.000,9999.000,9999.000,9999.000,9999.000,9999.000
202604031224,   1.383,   1.859,9999.000,9999.000,9999.000,9999.000,9999.000,9999.000,9999.000
202604031230,   1.471,   1.938,9999.000,9999.000,9999.000,9999.000,9999.000,9999.000,9999.000
202604031236,   1.558,   2.020,9999.000,9999.000,9999.000,9999.000,9999.000,9999.000,9999.000
202604031242,   1.644,   2.099,9999.000,9999.000,9999.000,9999.000,9999.000,9999.000,9999.000
202604031248,   1.729,   2.168,9999.000,9999.000,9999.000,9999.000,9999.000,9999.000,9999.000
202604031254,   1.813,   2.240,9999.000,9999.000,9999.000,9999.000,9999.000,9999.000,9999.000
202604031300,   1.895,   2.299,   0.300,   0.104,   2.299,   0.300,   2.299,   0.300,   2.299
202604031306,   1.975,   2.358,9999.000,9999.000,9999.000,9999.000,9999.000,9999.000,9999.000
202604031312,   2.053,   2.420,9999.000,9999.000,9999.000,9999.000,9999.000,9999.000,9999.000
202604031318,   2.129,   2.479,9999.000,9999.000,9999.000,9999.000,9999.000,9999.000,9999.000
202604031324,   2.203,   2.538,9999.000,9999.000,9999.000,9999.000,9999.000,9999.000,9999.000
202604031330,   2.273,   2.587,9999.000,9999.000,9999.000,9999.000,9999.000,9999.000,9999.000
202604031336,   2.341,   2.650,9999.000,9999.000,9999.000,9999.000,9999.000,9999.000,9999.000
202604031342,   2.406,   2.699,9999.000,9999.000,9999.000,9999.000,9999.000,9999.000,9999.000
202604031348,   2.468,   2.748,9999.000,9999.000,9999.000,9999.000,9999.000,9999.000,9999.000
202604031354,   2.527,   2.797,9999.000,9999.000,9999.000,9999.000,9999.000,9999.000,9999.000
202604031400,   2.582,   2.860,   0.300,  -0.022,   2.860,   0.300,   2.860,   0.300,   2.860
202604031406,   2.634,   2.909,9999.000,9999.000,9999.000,9999.000,9999.000,9999.000,9999.000
202604031412,   2.683,   2.958,9999.000,9999.000,9999.000,9999.000,9999.000,9999.000,9999.000
202604031418,   2.729,   3.017,9999.000,9999.000,9999.000,9999.000,9999.000,9999.000,9999.000
202604031424,   2.771,   3.060,9999.000,9999.000,9999.000,9999.000,9999.000,9999.000,9999.000
202604031430,   2.810,   3.109,9999.000,9999.000,9999.000,9999.000,9999.000,9999.000,9999.000
202604031436,   2.846,   3.158,9999.000,9999.000,9999.000,9999.000,9999.000,9999.000,9999.000
202604031442,   2.878,   3.207,9999.000,9999.000,9999.000,9999.000,9999.000,9999.000,9999.000
202604031448,   2.907,   3.250,9999.000,9999.000,9999.000,9999.000,9999.000,9999.000,9999.000
202604031454,   2.933,   3.289,9999.000,9999.000,9999.000,9999.000,9999.000,9999.000,9999.000
202604031500,   2.956,   3.329,   0.300,   0.073,   3.329,   0.300,   3.329,   0.300,   3.329
202604031506,   2.977,   3.368,9999.000,9999.000,9999.000,9999.000,9999.000,9999.000,9999.000
202604031512,   2.994,   3.417,9999.000,9999.000,9999.000,9999.000,9999.000,9999.000,9999.000
202604031518,   3.008,   3.470,9999.000,9999.000,9999.000,9999.000,9999.000,9999.000,9999.000
202604031524,   3.019,   3.480,9999.000,9999.000,9999.000,9999.000,9999.000,9999.000,9999.000
202604031530,   3.028,   3.539,9999.000,9999.000,9999.000,9999.000,9999.000,9999.000,9999.000
202604031536,   3.034,   3.548,9999.000,9999.000,9999.000,9999.000,9999.000,9999.000,9999.000
202604031542,   3.037,   3.588,9999.000,9999.000,9999.000,9999.000,9999.000,9999.000,9999.000
202604031548,   3.038,   3.607,9999.000,9999.000,9999.000,9999.000,9999.000,9999.000,9999.000
202604031554,   3.036,   3.637,9999.000,9999.000,9999.000,9999.000,9999.000,9999.000,9999.000
202604031600,   3.032,   3.689,   0.300,   0.357,   3.689,   0.200,   3.589,   0.300,   3.689
202604031606,   3.025,   3.689,9999.000,9999.000,9999.000,9999.000,9999.000,9999.000,9999.000
202604031612,   3.016,   3.719,9999.000,9999.000,9999.000,9999.000,9999.000,9999.000,9999.000
202604031618,   3.005,   3.729,9999.000,9999.000,9999.000,9999.000,9999.000,9999.000,9999.000
202604031624,   2.991,   3.739,9999.000,9999.000,9999.000,9999.000,9999.000,9999.000,9999.000
202604031630,   2.974,   3.749,9999.000,9999.000,9999.000,9999.000,9999.000,9999.000,9999.000
202604031636,   2.955,   3.749,9999.000,9999.000,9999.000,9999.000,9999.000,9999.000,9999.000
202604031642,   2.934,   3.758,9999.000,9999.000,9999.000,9999.000,9999.000,9999.000,9999.000
202604031648,   2.910,   3.739,9999.000,9999.000,9999.000,9999.000,9999.000,9999.000,9999.000
202604031654,   2.883,   3.749,9999.000,9999.000,9999.000,9999.000,9999.000,9999.000,9999.000
202604031700,   2.854,   3.719,   0.300,   0.565,   3.719,   0.200,   3.619,   0.300,   3.719
202604031706,   2.822,   3.709,9999.000,9999.000,9999.000,9999.000,9999.000,9999.000,9999.000
202604031712,   2.788,   3.689,9999.000,9999.000,9999.000,9999.000,9999.000,9999.000,9999.000
202604031718,   2.751,   3.627,9999.000,9999.000,9999.000,9999.000,9999.000,9999.000,9999.000
202604031724,   2.711,   3.617,9999.000,9999.000,9999.000,9999.000,9999.000,9999.000,9999.000
202604031730,   2.669,   3.568,9999.000,9999.000,9999.000,9999.000,9999.000,9999.000,9999.000
202604031736,   2.624,   3.519,9999.000,9999.000,9999.000,9999.000,9999.000,9999.000,9999.000
202604031742,   2.576,   3.489,9999.000,9999.000,9999.000,9999.000,9999.000,9999.000,9999.000
202604031748,   2.526,   3.417,9999.000,9999.000,9999.000,9999.000,9999.000,9999.000,9999.000
202604031754,   2.473,   3.358,9999.000,9999.000,9999.000,9999.000,9999.000,9999.000,9999.000
202604031800,   2.417,   3.289,   0.300,   0.572,   3.289,   0.200,   3.189,   0.300,   3.289
202604031806,   2.359,   3.197,9999.000,9999.000,9999.000,9999.000,9999.000,9999.000,9999.000
202604031812,   2.298,   3.099,9999.000,9999.000,9999.000,9999.000,9999.000,9999.000,9999.000
202604031818,   2.235,   3.030,9999.000,9999.000,9999.000,9999.000,9999.000,9999.000,9999.000
202604031824,   2.169,   2.938,9999.000,9999.000,9999.000,9999.000,9999.000,9999.000,9999.000
202604031830,   2.101,   2.840,9999.000,9999.000,9999.000,9999.000,9999.000,9999.000,9999.000
202604031836,   2.031,   2.738,9999.000,9999.000,9999.000,9999.000,9999.000,9999.000,9999.000
202604031842,   1.959,   2.630,9999.000,9999.000,9999.000,9999.000,9999.000,9999.000,9999.000
202604031848,   1.886,   2.578,9999.000,9999.000,9999.000,9999.000,9999.000,9999.000,9999.000
202604031854,   1.811,   2.469,9999.000,9999.000,9999.000,9999.000,9999.000,9999.000,9999.000
202604031900,   1.734,   2.368,   0.300,   0.334,   2.368,   0.200,   2.268,   0.300,   2.368
202604031906,   1.657,   2.269,9999.000,9999.000,9999.000,9999.000,9999.000,9999.000,9999.000
202604031912,   1.578,   2.158,9999.000,9999.000,9999.000,9999.000,9999.000,9999.000,9999.000
202604031918,   1.499,   2.049,9999.000,9999.000,9999.000,9999.000,9999.000,9999.000,9999.000
202604031924,   1.419,   1.981,9999.000,9999.000,9999.000,9999.000,9999.000,9999.000,9999.000
202604031930,   1.340,   1.889,9999.000,9999.000,9999.000,9999.000,9999.000,9999.000,9999.000
202604031936,   1.260,   1.781,9999.000,9999.000,9999.000,9999.000,9999.000,9999.000,9999.000
202604031942,   1.181,   1.699,9999.000,9999.000,9999.000,9999.000,9999.000,9999.000,9999.000
202604031948,   1.102,   1.610,9999.000,9999.000,9999.000,9999.000,9999.000,9999.000,9999.000
202604031954,   1.024,   1.508,9999.000,9999.000,9999.000,9999.000,9999.000,9999.000,9999.000
202604032000,   0.948,   1.439,   0.300,   0.191,   1.439,   0.200,   1.339,   0.300,   1.439
202604032006,   0.873,   1.361,9999.000,9999.000,9999.000,9999.000,9999.000,9999.000,9999.000
202604032012,   0.800,   1.249,9999.000,9999.000,9999.000,9999.000,9999.000,9999.000,9999.000
202604032018,   0.729,   1.180,9999.000,9999.000,9999.000,9999.000,9999.000,9999.000,9999.000
202604032024,   0.660,   1.098,9999.000,9999.000,9999.000,9999.000,9999.000,9999.000,9999.000
202604032030,   0.595,   1.039,9999.000,9999.000,9999.000,9999.000,9999.000,9999.000,9999.000
202604032036,   0.532,   0.970,9999.000,9999.000,9999.000,9999.000,9999.000,9999.000,9999.000
202604032042,   0.472,   0.879,9999.000,9999.000,9999.000,9999.000,9999.000,9999.000,9999.000
202604032048,   0.416,   0.829,9999.000,9999.000,9999.000,9999.000,9999.000,9999.000,9999.000
202604032054,   0.363,   0.770,9999.000,9999.000,9999.000,9999.000,9999.000,9999.000,9999.000
202604032100,   0.314,   0.708,   0.200,   0.194,   0.708,   0.200,   0.708,   0.300,   0.808
202604032106,   0.270,   0.639,9999.000,9999.000,9999.000,9999.000,9999.000,9999.000,9999.000
202604032112,   0.230,   0.619,9999.000,9999.000,9999.000,9999.000,9999.000,9999.000,9999.000
202604032118,   0.195,   0.541,9999.000,9999.000,9999.000,9999.000,9999.000,9999.000,9999.000
202604032124,   0.164,   0.518,9999.000,9999.000,9999.000,9999.000,9999.000,9999.000,9999.000
202604032130,   0.139,   0.488,9999.000,9999.000,9999.000,9999.000,9999.000,9999.000,9999.000
202604032136,   0.119,   0.469,9999.000,9999.000,9999.000,9999.000,9999.000,9999.000,9999.000
202604032142,   0.104,   0.409,9999.000,9999.000,9999.000,9999.000,9999.000,9999.000,9999.000
202604032148,   0.095,   0.400,9999.000,9999.000,9999.000,9999.000,9999.000,9999.000,9999.000
202604032154,   0.091,   0.360,9999.000,9999.000,9999.000,9999.000,9999.000,9999.000,9999.000
202604032200,   0.093,   0.331,   0.200,   0.038,   0.331,   0.200,   0.331,   0.300,   0.431
202604032206,   0.101,   0.321,9999.000,9999.000,9999.000,9999.000,9999.000,9999.000,9999.000
202604032212,   0.114,   0.321,9999.000,9999.000,9999.000,9999.000,9999.000,9999.000,9999.000
202604032218,   0.133,   0.321,9999.000,9999.000,9999.000,9999.000,9999.000,9999.000,9999.000
202604032224,   0.158,   0.298,9999.000,9999.000,9999.000,9999.000,9999.000,9999.000,9999.000
202604032230,   0.188,   0.308,9999.000,9999.000,9999.000,9999.000,9999.000,9999.000,9999.000
202604032236,   0.223,   0.341,9999.000,9999.000,9999.000,9999.000,9999.000,9999.000,9999.000
202604032242,   0.264,   0.409,9999.000,9999.000,9999.000,9999.000,9999.000,9999.000,9999.000
202604032248,   0.311,   0.469,9999.000,9999.000,9999.000,9999.000,9999.000,9999.000,9999.000
202604032254,   0.362,   0.541,9999.000,9999.000,9999.000,9999.000,9999.000,9999.000,9999.000
202604032300,   0.417,   0.610,   0.200,  -0.007,   0.610,   0.200,   0.610,   0.300,   0.710
202604032306,   0.478,   0.698,9999.000,9999.000,9999.000,9999.000,9999.000,9999.000,9999.000
202604032312,   0.542,   0.770,9999.000,9999.000,9999.000,9999.000,9999.000,9999.000,9999.000
202604032318,   0.610,   0.859,9999.000,9999.000,9999.000,9999.000,9999.000,9999.000,9999.000
202604032324,   0.682,   0.928,9999.000,9999.000,9999.000,9999.000,9999.000,9999.000,9999.000
202604032330,   0.758,   1.010,9999.000,9999.000,9999.000,9999.000,9999.000,9999.000,9999.000
202604032336,   0.836,   1.079,9999.000,9999.000,9999.000,9999.000,9999.000,9999.000,9999.000
202604032342,   0.917,   1.170,9999.000,9999.000,9999.000,9999.000,9999.000,9999.000,9999.000
202604032348,   1.000,   1.249,9999.000,9999.000,9999.000,9999.000,9999.000,9999.000,9999.000
202604032354,   1.085,   1.338,9999.000,9999.000,9999.000,9999.000,9999.000,9999.000,9999.000
202604040000,   1.172,   1.420,   0.200,   0.048,   1.420,   0.200,   1.420,   0.300,   1.520
202604040006,   1.260,   1.498,9999.000,9999.000,9999.000,9999.000,9999.000,9999.000,9999.000
202604040012,   1.350,   1.580,9999.000,9999.000,9999.000,9999.000,9999.000,9999.000,9999.000
202604040018,   1.440,   1.659,9999.000,9999.000,9999.000,9999.000,9999.000,9999.000,9999.000
202604040024,   1.530,   1.748,9999.000,9999.000,9999.000,9999.000,9999.000,9999.000,9999.000
202604040030,   1.621,   1.820,9999.000,9999.000,9999.000,9999.000,9999.000,9999.000,9999.000
202604040036,   1.712,   1.908,9999.000,9999.000,9999.000,9999.000,9999.000,9999.000,9999.000
202604040042,   1.802,   1.990,9999.000,9999.000,9999.000,9999.000,9999.000,9999.000,9999.000
202604040048,   1.891,   2.079,9999.000,9999.000,9999.000,9999.000,9999.000,9999.000,9999.000
202604040054,   1.980,   2.148,9999.000,9999.000,9999.000,9999.000,9999.000,9999.000,9999.000
202604040100,   2.067,   2.230,   0.200,  -0.037,   2.230,   0.200,   2.230,   0.300,   2.330
202604040106,   2.153,   2.299,9999.000,9999.000,9999.000,9999.000,9999.000,9999.000,9999.000
202604040112,   2.238,   2.377,9999.000,9999.000,9999.000,9999.000,9999.000,9999.000,9999.000
202604040118,   2.320,   2.459,9999.000,9999.000,9999.000,9999.000,9999.000,9999.000,9999.000
202604040124,   2.401,   2.538,9999.000,9999.000,9999.000,9999.000,9999.000,9999.000,9999.000
202604040130,   2.480,   2.620,9999.000,9999.000,9999.000,9999.000,9999.000,9999.000,9999.000
202604040136,   2.556,   2.699,9999.000,9999.000,9999.000,9999.000,9999.000,9999.000,9999.000
202604040142,   2.629,   2.778,9999.000,9999.000,9999.000,9999.000,9999.000,9999.000,9999.000
202604040148,   2.700,   2.860,9999.000,9999.000,9999.000,9999.000,9999.000,9999.000,9999.000
202604040154,   2.768,   2.929,9999.000,9999.000,9999.000,9999.000,9999.000,9999.000,9999.000
202604040200,   2.833,   2.988,   0.200,  -0.045,   2.988,   0.200,   2.988,   0.300,   3.088
202604040206,   2.895,   3.050,9999.000,9999.000,9999.000,9999.000,9999.000,9999.000,9999.000
202604040212,   2.954,   3.119,9999.000,9999.000,9999.000,9999.000,9999.000,9999.000,9999.000
202604040218,   3.010,   3.178,9999.000,9999.000,9999.000,9999.000,9999.000,9999.000,9999.000
202604040224,   3.062,   3.240,9999.000,9999.000,9999.000,9999.000,9999.000,9999.000,9999.000
202604040230,   3.111,   3.289,9999.000,9999.000,9999.000,9999.000,9999.000,9999.000,9999.000
202604040236,   3.157,   3.348,9999.000,9999.000,9999.000,9999.000,9999.000,9999.000,9999.000
202604040242,   3.200,   3.398,9999.000,9999.000,9999.000,9999.000,9999.000,9999.000,9999.000
202604040248,   3.239,   3.440,9999.000,9999.000,9999.000,9999.000,9999.000,9999.000,9999.000
202604040254,   3.275,   3.489,9999.000,9999.000,9999.000,9999.000,9999.000,9999.000,9999.000
202604040300,   3.308,   3.529,   0.200,   0.021,   3.529,   0.100,   3.429,   0.200,   3.529
202604040306,   3.337,   3.568,9999.000,9999.000,9999.000,9999.000,9999.000,9999.000,9999.000
202604040312,   3.364,   3.607,9999.000,9999.000,9999.000,9999.000,9999.000,9999.000,9999.000
202604040318,   3.387,   3.627,9999.000,9999.000,9999.000,9999.000,9999.000,9999.000,9999.000
202604040324,   3.408,   3.650,9999.000,9999.000,9999.000,9999.000,9999.000,9999.000,9999.000
202604040330,   3.425,   3.680,9999.000,9999.000,9999.000,9999.000,9999.000,9999.000,9999.000
202604040336,   3.439,   3.699,9999.000,9999.000,9999.000,9999.000,9999.000,9999.000,9999.000
202604040342,   3.451,   3.729,9999.000,9999.000,9999.000,9999.000,9999.000,9999.000,9999.000
202604040348,   3.460,   3.749,9999.000,9999.000,9999.000,9999.000,9999.000,9999.000,9999.000
202604040354,   3.466,   3.768,9999.000,9999.000,9999.000,9999.000,9999.000,9999.000,9999.000
202604040400,   3.469,   3.788,   0.100,   0.219,   3.788,   0.100,   3.788,   0.200,   3.888
202604040406,   3.470,   3.798,9999.000,9999.000,9999.000,9999.000,9999.000,9999.000,9999.000
202604040412,   3.468,   3.817,9999.000,9999.000,9999.000,9999.000,9999.000,9999.000,9999.000
202604040418,   3.463,   3.827,9999.000,9999.000,9999.000,9999.000,9999.000,9999.000,9999.000
202604040424,   3.456,   3.827,9999.000,9999.000,9999.000,9999.000,9999.000,9999.000,9999.000
202604040430,   3.447,   3.837,9999.000,9999.000,9999.000,9999.000,9999.000,9999.000,9999.000
202604040436,   3.435,   3.847,9999.000,9999.000,9999.000,9999.000,9999.000,9999.000,9999.000
202604040442,   3.421,   3.837,9999.000,9999.000,9999.000,9999.000,9999.000,9999.000,9999.000
202604040448,   3.404,   3.847,9999.000,9999.000,9999.000,9999.000,9999.000,9999.000,9999.000
202604040454,   3.384,   3.847,9999.000,9999.000,9999.000,9999.000,9999.000,9999.000,9999.000
202604040500,   3.362,   3.837,   0.100,   0.375,   3.837,   0.100,   3.837,   0.200,   3.937
202604040506,   3.338,   3.827,9999.000,9999.000,9999.000,9999.000,9999.000,9999.000,9999.000
202604040512,   3.311,   3.808,9999.000,9999.000,9999.000,9999.000,9999.000,9999.000,9999.000
202604040518,   3.281,   3.798,9999.000,9999.000,9999.000,9999.000,9999.000,9999.000,9999.000
202604040524,   3.249,   3.778,9999.000,9999.000,9999.000,9999.000,9999.000,9999.000,9999.000
202604040530,   3.214,   3.758,9999.000,9999.000,9999.000,9999.000,9999.000,9999.000,9999.000
202604040536,   3.176,   3.729,9999.000,9999.000,9999.000,9999.000,9999.000,9999.000,9999.000
202604040542,   3.136,   3.699,9999.000,9999.000,9999.000,9999.000,9999.000,9999.000,9999.000
202604040548,   3.093,   3.660,9999.000,9999.000,9999.000,9999.000,9999.000,9999.000,9999.000
202604040554,   3.047,   3.627,9999.000,9999.000,9999.000,9999.000,9999.000,9999.000,9999.000
202604040600,   2.998,   3.578,   0.100,   0.480,   3.578,   0.000,   3.478,   0.200,   3.678
202604040606,   2.947,   3.529,9999.000,9999.000,9999.000,9999.000,9999.000,9999.000,9999.000
202604040612,   2.893,   3.470,9999.000,9999.000,9999.000,9999.000,9999.000,9999.000,9999.000
202604040618,   2.836,   3.398,9999.000,9999.000,9999.000,9999.000,9999.000,9999.000,9999.000
202604040624,   2.776,   3.329,9999.000,9999.000,9999.000,9999.000,9999.000,9999.000,9999.000
202604040630,   2.714,   3.260,9999.000,9999.000,9999.000,9999.000,9999.000,9999.000,9999.000
202604040636,   2.649,   3.188,9999.000,9999.000,9999.000,9999.000,9999.000,9999.000,9999.000
202604040642,   2.581,   3.109,9999.000,9999.000,9999.000,9999.000,9999.000,9999.000,9999.000
202604040648,   2.511,   3.017,9999.000,9999.000,9999.000,9999.000,9999.000,9999.000,9999.000
202604040654,   2.438,   2.938,9999.000,9999.000,9999.000,9999.000,9999.000,9999.000,9999.000
202604040700,   2.363,   2.850,   0.100,   0.387,   2.850,   0.000,   2.750,   0.100,   2.850
202604040706,   2.287,   2.758,9999.000,9999.000,9999.000,9999.000,9999.000,9999.000,9999.000
202604040712,   2.208,   2.660,9999.000,9999.000,9999.000,9999.000,9999.000,9999.000,9999.000
202604040718,   2.127,   2.568,9999.000,9999.000,9999.000,9999.000,9999.000,9999.000,9999.000
202604040724,   2.045,   2.469,9999.000,9999.000,9999.000,9999.000,9999.000,9999.000,9999.000
202604040730,   1.962,   2.368,9999.000,9999.000,9999.000,9999.000,9999.000,9999.000,9999.000
202604040736,   1.877,   2.279,9999.000,9999.000,9999.000,9999.000,9999.000,9999.000,9999.000
202604040742,   1.791,   2.177,9999.000,9999.000,9999.000,9999.000,9999.000,9999.000,9999.000
202604040748,   1.705,   2.079,9999.000,9999.000,9999.000,9999.000,9999.000,9999.000,9999.000
202604040754,   1.619,   1.990,9999.000,9999.000,9999.000,9999.000,9999.000,9999.000,9999.000
202604040800,   1.532,   1.889,   0.000,   0.357,   1.889,   0.000,   1.889,   0.100,   1.989
202604040806,   1.446,   1.800,9999.000,9999.000,9999.000,9999.000,9999.000,9999.000,9999.000
202604040812,   1.360,   1.708,9999.000,9999.000,9999.000,9999.000,9999.000,9999.000,9999.000
202604040818,   1.274,   1.620,9999.000,9999.000,9999.000,9999.000,9999.000,9999.000,9999.000
202604040824,   1.190,   1.538,9999.000,9999.000,9999.000,9999.000,9999.000,9999.000,9999.000
202604040830,   1.107,   1.449,9999.000,9999.000,9999.000,9999.000,9999.000,9999.000,9999.000
202604040836,   1.025,   1.380,9999.000,9999.000,9999.000,9999.000,9999.000,9999.000,9999.000
202604040842,   0.946,   1.289,9999.000,9999.000,9999.000,9999.000,9999.000,9999.000,9999.000
202604040848,   0.868,   1.210,9999.000,9999.000,9999.000,9999.000,9999.000,9999.000,9999.000
202604040854,   0.793,   1.128,9999.000,9999.000,9999.000,9999.000,9999.000,9999.000,9999.000
202604040900,   0.721,   1.049,   0.000,   0.328,   1.049,   0.000,   1.049,   0.000,   1.049
202604040906,   0.652,   0.980,9999.000,9999.000,9999.000,9999.000,9999.000,9999.000,9999.000
202604040912,   0.585,   0.908,9999.000,9999.000,9999.000,9999.000,9999.000,9999.000,9999.000
202604040918,   0.523,   0.839,9999.000,9999.000,9999.000,9999.000,9999.000,9999.000,9999.000
202604040924,   0.464,   0.780,9999.000,9999.000,9999.000,9999.000,9999.000,9999.000,9999.000
202604040930,   0.409,   0.708,9999.000,9999.000,9999.000,9999.000,9999.000,9999.000,9999.000
202604040936,   0.358,   0.649,9999.000,9999.000,9999.000,9999.000,9999.000,9999.000,9999.000
202604040942,   0.311,   0.590,9999.000,9999.000,9999.000,9999.000,9999.000,9999.000,9999.000
202604040948,   0.269,   0.541,9999.000,9999.000,9999.000,9999.000,9999.000,9999.000,9999.000
202604040954,   0.232,   0.478,9999.000,9999.000,9999.000,9999.000,9999.000,9999.000,9999.000
202604041000,   0.200,   0.429,   0.000,   0.229,   0.429,   0.000,   0.429,   0.000,   0.429
202604041006,   0.173,   0.390,9999.000,9999.000,9999.000,9999.000,9999.000,9999.000,9999.000
202604041012,   0.151,   0.341,9999.000,9999.000,9999.000,9999.000,9999.000,9999.000,9999.000
202604041018,   0.134,   0.288,9999.000,9999.000,9999.000,9999.000,9999.000,9999.000,9999.000
202604041024,   0.122,   0.229,9999.000,9999.000,9999.000,9999.000,9999.000,9999.000,9999.000
202604041030,   0.117,   0.190,9999.000,9999.000,9999.000,9999.000,9999.000,9999.000,9999.000
202604041036,   0.116,   0.141,9999.000,9999.000,9999.000,9999.000,9999.000,9999.000,9999.000
202604041042,   0.121,   0.098,9999.000,9999.000,9999.000,9999.000,9999.000,9999.000,9999.000
202604041048,   0.132,   0.068,9999.000,9999.000,9999.000,9999.000,9999.000,9999.000,9999.000
202604041054,   0.147,   0.039,9999.000,9999.000,9999.000,9999.000,9999.000,9999.000,9999.000
202604041100,   0.169,   0.019,   0.000,  -0.150,   0.019,   0.000,   0.019,   0.000,   0.019
202604041106,   0.195,   0.000,9999.000,9999.000,9999.000,9999.000,9999.000,9999.000,9999.000
202604041112,   0.226,   0.000,9999.000,9999.000,9999.000,9999.000,9999.000,9999.000,9999.000
202604041118,   0.263,   0.019,9999.000,9999.000,9999.000,9999.000,9999.000,9999.000,9999.000
202604041124,   0.304,   0.029,9999.000,9999.000,9999.000,9999.000,9999.000,9999.000,9999.000
202604041130,   0.349,   0.059,9999.000,9999.000,9999.000,9999.000,9999.000,9999.000,9999.000
202604041136,   0.399,   0.098,9999.000,9999.000,9999.000,9999.000,9999.000,9999.000,9999.000
202604041142,   0.453,   0.150,9999.000,9999.000,9999.000,9999.000,9999.000,9999.000,9999.000
202604041148,   0.511,   0.219,9999.000,9999.000,9999.000,9999.000,9999.000,9999.000,9999.000
202604041154,   0.572,9999.000,9999.000,9999.000,9999.000,9999.000,9999.000,9999.000,9999.000
202604041200,   0.636,9999.000,   0.000,  -0.130,   0.506,  -0.100,   0.406,   0.000,   0.506
202604041206,   0.703,9999.000,9999.000,9999.000,9999.000,9999.000,9999.000,9999.000,9999.000
202604041212,   0.773,9999.000,9999.000,9999.000,9999.000,9999.000,9999.000,9999.000,9999.000
202604041218,   0.845,9999.000,9999.000,9999.000,9999.000,9999.000,9999.000,9999.000,9999.000
202604041224,   0.919,9999.000,9999.000,9999.000,9999.000,9999.000,9999.000,9999.000,9999.000
202604041230,   0.995,9999.000,9999.000,9999.000,9999.000,9999.000,9999.000,9999.000,9999.000
202604041236,   1.072,9999.000,9999.000,9999.000,9999.000,9999.000,9999.000,9999.000,9999.000
202604041242,   1.151,9999.000,9999.000,9999.000,9999.000,9999.000,9999.000,9999.000,9999.000
202604041248,   1.230,9999.000,9999.000,9999.000,9999.000,9999.000,9999.000,9999.000,9999.000
202604041254,   1.309,9999.000,9999.000,9999.000,9999.000,9999.000,9999.000,9999.000,9999.000
202604041300,   1.389,9999.000,   0.000,  -0.111,   1.278,  -0.100,   1.178,   0.000,   1.278
202604041306,   1.469,9999.000,9999.000,9999.000,9999.000,9999.000,9999.000,9999.000,9999.000
202604041312,   1.549,9999.000,9999.000,9999.000,9999.000,9999.000,9999.000,9999.000,9999.000
202604041318,   1.628,9999.000,9999.000,9999.000,9999.000,9999.000,9999.000,9999.000,9999.000
202604041324,   1.706,9999.000,9999.000,9999.000,9999.000,9999.000,9999.000,9999.000,9999.000
202604041330,   1.783,9999.000,9999.000,9999.000,9999.000,9999.000,9999.000,9999.000,9999.000
202604041336,   1.859,9999.000,9999.000,9999.000,9999.000,9999.000,9999.000,9999.000,9999.000
202604041342,   1.933,9999.000,9999.000,9999.000,9999.000,9999.000,9999.000,9999.000,9999.000
202604041348,   2.006,9999.000,9999.000,9999.000,9999.000,9999.000,9999.000,9999.000,9999.000
202604041354,   2.076,9999.000,9999.000,9999.000,9999.000,9999.000,9999.000,9999.000,9999.000
202604041400,   2.145,9999.000,  -0.100,  -0.091,   1.954,  -0.100,   1.954,   0.000,   2.054
202604041406,   2.211,9999.000,9999.000,9999.000,9999.000,9999.000,9999.000,9999.000,9999.000
202604041412,   2.275,9999.000,9999.000,9999.000,9999.000,9999.000,9999.000,9999.000,9999.000
202604041418,   2.336,9999.000,9999.000,9999.000,9999.000,9999.000,9999.000,9999.000,9999.000
202604041424,   2.394,9999.000,9999.000,9999.000,9999.000,9999.000,9999.000,9999.000,9999.000
202604041430,   2.450,9999.000,9999.000,9999.000,9999.000,9999.000,9999.000,9999.000,9999.000
202604041436,   2.503,9999.000,9999.000,9999.000,9999.000,9999.000,9999.000,9999.000,9999.000
202604041442,   2.552,9999.000,9999.000,9999.000,9999.000,9999.000,9999.000,9999.000,9999.000
202604041448,   2.599,9999.000,9999.000,9999.000,9999.000,9999.000,9999.000,9999.000,9999.000
202604041454,   2.643,9999.000,9999.000,9999.000,9999.000,9999.000,9999.000,9999.000,9999.000
202604041500,   2.683,9999.000,  -0.100,  -0.072,   2.511,  -0.100,   2.511,   0.000,   2.611
202604041506,   2.720,9999.000,9999.000,9999.000,9999.000,9999.000,9999.000,9999.000,9999.000
202604041512,   2.754,9999.000,9999.000,9999.000,9999.000,9999.000,9999.000,9999.000,9999.000
202604041518,   2.786,9999.000,9999.000,9999.000,9999.000,9999.000,9999.000,9999.000,9999.000
202604041524,   2.814,9999.000,9999.000,9999.000,9999.000,9999.000,9999.000,9999.000,9999.000
202604041530,   2.839,9999.000,9999.000,9999.000,9999.000,9999.000,9999.000,9999.000,9999.000
202604041536,   2.861,9999.000,9999.000,9999.000,9999.000,9999.000,9999.000,9999.000,9999.000
202604041542,   2.880,9999.000,9999.000,9999.000,9999.000,9999.000,9999.000,9999.000,9999.000
202604041548,   2.896,9999.000,9999.000,9999.000,9999.000,9999.000,9999.000,9999.000,9999.000
202604041554,   2.910,9999.000,9999.000,9999.000,9999.000,9999.000,9999.000,9999.000,9999.000
202604041600,   2.921,9999.000,  -0.100,  -0.052,   2.769,  -0.200,   2.669,   0.000,   2.869
202604041606,   2.929,9999.000,9999.000,9999.000,9999.000,9999.000,9999.000,9999.000,9999.000
202604041612,   2.935,9999.000,9999.000,9999.000,9999.000,9999.000,9999.000,9999.000,9999.000
202604041618,   2.938,9999.000,9999.000,9999.000,9999.000,9999.000,9999.000,9999.000,9999.000
202604041624,   2.939,9999.000,9999.000,9999.000,9999.000,9999.000,9999.000,9999.000,9999.000
202604041630,   2.937,9999.000,9999.000,9999.000,9999.000,9999.000,9999.000,9999.000,9999.000
202604041636,   2.933,9999.000,9999.000,9999.000,9999.000,9999.000,9999.000,9999.000,9999.000
202604041642,   2.927,9999.000,9999.000,9999.000,9999.000,9999.000,9999.000,9999.000,9999.000
202604041648,   2.919,9999.000,9999.000,9999.000,9999.000,9999.000,9999.000,9999.000,9999.000
202604041654,   2.908,9999.000,9999.000,9999.000,9999.000,9999.000,9999.000,9999.000,9999.000
202604041700,   2.895,9999.000,  -0.100,  -0.032,   2.763,  -0.200,   2.663,   0.000,   2.863
202604041706,   2.880,9999.000,9999.000,9999.000,9999.000,9999.000,9999.000,9999.000,9999.000
202604041712,   2.862,9999.000,9999.000,9999.000,9999.000,9999.000,9999.000,9999.000,9999.000
202604041718,   2.842,9999.000,9999.000,9999.000,9999.000,9999.000,9999.000,9999.000,9999.000
202604041724,   2.821,9999.000,9999.000,9999.000,9999.000,9999.000,9999.000,9999.000,9999.000
202604041730,   2.796,9999.000,9999.000,9999.000,9999.000,9999.000,9999.000,9999.000,9999.000
202604041736,   2.770,9999.000,9999.000,9999.000,9999.000,9999.000,9999.000,9999.000,9999.000
202604041742,   2.741,9999.000,9999.000,9999.000,9999.000,9999.000,9999.000,9999.000,9999.000
202604041748,   2.710,9999.000,9999.000,9999.000,9999.000,9999.000,9999.000,9999.000,9999.000
202604041754,   2.676,9999.000,9999.000,9999.000,9999.000,9999.000,9999.000,9999.000,9999.000
202604041800,   2.640,9999.000,  -0.100,  -0.013,   2.527,  -0.200,   2.427,   0.000,   2.627
202604041806,   2.602,9999.000,9999.000,9999.000,9999.000,9999.000,9999.000,9999.000,9999.000
202604041812,   2.561,9999.000,9999.000,9999.000,9999.000,9999.000,9999.000,9999.000,9999.000
202604041818,   2.517,9999.000,9999.000,9999.000,9999.000,9999.000,9999.000,9999.000,9999.000
202604041824,   2.472,9999.000,9999.000,9999.000,9999.000,9999.000,9999.000,9999.000,9999.000
202604041830,   2.423,9999.000,9999.000,9999.000,9999.000,9999.000,9999.000,9999.000,9999.000
202604041836,   2.372,9999.000,9999.000,9999.000,9999.000,9999.000,9999.000,9999.000,9999.000
202604041842,   2.319,9999.000,9999.000,9999.000,9999.000,9999.000,9999.000,9999.000,9999.000
202604041848,   2.263,9999.000,9999.000,9999.000,9999.000,9999.000,9999.000,9999.000,9999.000
202604041854,   2.205,9999.000,9999.000,9999.000,9999.000,9999.000,9999.000,9999.000,9999.000
202604041900,   2.145,9999.000,  -0.100,   0.007,   2.052,  -0.200,   1.952,   0.000,   2.152
202604041906,   2.083,9999.000,9999.000,9999.000,9999.000,9999.000,9999.000,9999.000,9999.000
202604041912,   2.018,9999.000,9999.000,9999.000,9999.000,9999.000,9999.000,9999.000,9999.000
202604041918,   1.952,9999.000,9999.000,9999.000,9999.000,9999.000,9999.000,9999.000,9999.000
202604041924,   1.884,9999.000,9999.000,9999.000,9999.000,9999.000,9999.000,9999.000,9999.000
202604041930,   1.814,9999.000,9999.000,9999.000,9999.000,9999.000,9999.000,9999.000,9999.000
202604041936,   1.743,9999.000,9999.000,9999.000,9999.000,9999.000,9999.000,9999.000,9999.000
202604041942,   1.670,9999.000,9999.000,9999.000,9999.000,9999.000,9999.000,9999.000,9999.000
202604041948,   1.597,9999.000,9999.000,9999.000,9999.000,9999.000,9999.000,9999.000,9999.000
202604041954,   1.523,9999.000,9999.000,9999.000,9999.000,9999.000,9999.000,9999.000,9999.000
202604042000,   1.448,9999.000,  -0.100,   0.026,   1.374,  -0.200,   1.274,   0.000,   1.474
202604042006,   1.374,9999.000,9999.000,9999.000,9999.000,9999.000,9999.000,9999.000,9999.000
202604042012,   1.299,9999.000,9999.000,9999.000,9999.000,9999.000,9999.000,9999.000,9999.000
202604042018,   1.225,9999.000,9999.000,9999.000,9999.000,9999.000,9999.000,9999.000,9999.000
202604042024,   1.152,9999.000,9999.000,9999.000,9999.000,9999.000,9999.000,9999.000,9999.000
202604042030,   1.079,9999.000,9999.000,9999.000,9999.000,9999.000,9999.000,9999.000,9999.000
202604042036,   1.008,9999.000,9999.000,9999.000,9999.000,9999.000,9999.000,9999.000,9999.000
202604042042,   0.939,9999.000,9999.000,9999.000,9999.000,9999.000,9999.000,9999.000,9999.000
202604042048,   0.871,9999.000,9999.000,9999.000,9999.000,9999.000,9999.000,9999.000,9999.000
202604042054,   0.806,9999.000,9999.000,9999.000,9999.000,9999.000,9999.000,9999.000,9999.000
202604042100,   0.743,9999.000,  -0.100,   0.046,   0.689,  -0.200,   0.589,   0.000,   0.789
202604042106,   0.683,9999.000,9999.000,9999.000,9999.000,9999.000,9999.000,9999.000,9999.000
202604042112,   0.626,9999.000,9999.000,9999.000,9999.000,9999.000,9999.000,9999.000,9999.000
202604042118,   0.572,9999.000,9999.000,9999.000,9999.000,9999.000,9999.000,9999.000,9999.000
202604042124,   0.522,9999.000,9999.000,9999.000,9999.000,9999.000,9999.000,9999.000,9999.000
202604042130,   0.476,9999.000,9999.000,9999.000,9999.000,9999.000,9999.000,9999.000,9999.000
202604042136,   0.433,9999.000,9999.000,9999.000,9999.000,9999.000,9999.000,9999.000,9999.000
202604042142,   0.395,9999.000,9999.000,9999.000,9999.000,9999.000,9999.000,9999.000,9999.000
202604042148,   0.361,9999.000,9999.000,9999.000,9999.000,9999.000,9999.000,9999.000,9999.000
202604042154,   0.331,9999.000,9999.000,9999.000,9999.000,9999.000,9999.000,9999.000,9999.000
202604042200,   0.307,9999.000,  -0.100,   0.065,   0.272,  -0.200,   0.172,   0.000,   0.372
202604042206,   0.287,9999.000,9999.000,9999.000,9999.000,9999.000,9999.000,9999.000,9999.000
202604042212,   0.271,9999.000,9999.000,9999.000,9999.000,9999.000,9999.000,9999.000,9999.000
202604042218,   0.261,9999.000,9999.000,9999.000,9999.000,9999.000,9999.000,9999.000,9999.000
202604042224,   0.256,9999.000,9999.000,9999.000,9999.000,9999.000,9999.000,9999.000,9999.000
202604042230,   0.256,9999.000,9999.000,9999.000,9999.000,9999.000,9999.000,9999.000,9999.000
202604042236,   0.261,9999.000,9999.000,9999.000,9999.000,9999.000,9999.000,9999.000,9999.000
202604042242,   0.271,9999.000,9999.000,9999.000,9999.000,9999.000,9999.000,9999.000,9999.000
202604042248,   0.286,9999.000,9999.000,9999.000,9999.000,9999.000,9999.000,9999.000,9999.000
202604042254,   0.307,9999.000,9999.000,9999.000,9999.000,9999.000,9999.000,9999.000,9999.000
202604042300,   0.332,9999.000,  -0.100,   0.085,   0.317,  -0.200,   0.217,   0.000,   0.417
202604042306,   0.362,9999.000,9999.000,9999.000,9999.000,9999.000,9999.000,9999.000,9999.000
202604042312,   0.397,9999.000,9999.000,9999.000,9999.000,9999.000,9999.000,9999.000,9999.000
202604042318,   0.436,9999.000,9999.000,9999.000,9999.000,9999.000,9999.000,9999.000,9999.000
202604042324,   0.480,9999.000,9999.000,9999.000,9999.000,9999.000,9999.000,9999.000,9999.000
202604042330,   0.528,9999.000,9999.000,9999.000,9999.000,9999.000,9999.000,9999.000,9999.000
202604042336,   0.580,9999.000,9999.000,9999.000,9999.000,9999.000,9999.000,9999.000,9999.000
202604042342,   0.636,9999.000,9999.000,9999.000,9999.000,9999.000,9999.000,9999.000,9999.000
202604042348,   0.696,9999.000,9999.000,9999.000,9999.000,9999.000,9999.000,9999.000,9999.000
202604042354,   0.759,9999.000,9999.000,9999.000,9999.000,9999.000,9999.000,9999.000,9999.000
202604050000,   0.825,9999.000,  -0.100,   0.085,   0.810,  -0.200,   0.710,   0.000,   0.910
202604050006,   0.894,9999.000,9999.000,9999.000,9999.000,9999.000,9999.000,9999.000,9999.000
202604050012,   0.965,9999.000,9999.000,9999.000,9999.000,9999.000,9999.000,9999.000,9999.000
202604050018,   1.039,9999.000,9999.000,9999.000,9999.000,9999.000,9999.000,9999.000,9999.000
202604050024,   1.115,9999.000,9999.000,9999.000,9999.000,9999.000,9999.000,9999.000,9999.000
202604050030,   1.192,9999.000,9999.000,9999.000,9999.000,9999.000,9999.000,9999.000,9999.000
202604050036,   1.271,9999.000,9999.000,9999.000,9999.000,9999.000,9999.000,9999.000,9999.000
202604050042,   1.351,9999.000,9999.000,9999.000,9999.000,9999.000,9999.000,9999.000,9999.000
202604050048,   1.432,9999.000,9999.000,9999.000,9999.000,9999.000,9999.000,9999.000,9999.000
202604050054,   1.514,9999.000,9999.000,9999.000,9999.000,9999.000,9999.000,9999.000,9999.000
202604050100,   1.596,9999.000,  -0.100,   0.085,   1.581,  -0.200,   1.481,   0.000,   1.681
202604050106,   1.678,9999.000,9999.000,9999.000,9999.000,9999.000,9999.000,9999.000,9999.000
202604050112,   1.760,9999.000,9999.000,9999.000,9999.000,9999.000,9999.000,9999.000,9999.000
202604050118,   1.841,9999.000,9999.000,9999.000,9999.000,9999.000,9999.000,9999.000,9999.000
202604050124,   1.923,9999.000,9999.000,9999.000,9999.000,9999.000,9999.000,9999.000,9999.000
202604050130,   2.003,9999.000,9999.000,9999.000,9999.000,9999.000,9999.000,9999.000,9999.000
202604050136,   2.082,9999.000,9999.000,9999.000,9999.000,9999.000,9999.000,9999.000,9999.000
202604050142,   2.160,9999.000,9999.000,9999.000,9999.000,9999.000,9999.000,9999.000,9999.000
202604050148,   2.237,9999.000,9999.000,9999.000,9999.000,9999.000,9999.000,9999.000,9999.000
202604050154,   2.312,9999.000,9999.000,9999.000,9999.000,9999.000,9999.000,9999.000,9999.000
202604050200,   2.386,9999.000,  -0.100,   0.085,   2.371,  -0.200,   2.271,   0.000,   2.471
202604050206,   2.457,9999.000,9999.000,9999.000,9999.000,9999.000,9999.000,9999.000,9999.000
202604050212,   2.527,9999.000,9999.000,9999.000,9999.000,9999.000,9999.000,9999.000,9999.000
202604050218,   2.594,9999.000,9999.000,9999.000,9999.000,9999.000,9999.000,9999.000,9999.000
202604050224,   2.659,9999.000,9999.000,9999.000,9999.000,9999.000,9999.000,9999.000,9999.000
202604050230,   2.721,9999.000,9999.000,9999.000,9999.000,9999.000,9999.000,9999.000,9999.000
202604050236,   2.781,9999.000,9999.000,9999.000,9999.000,9999.000,9999.000,9999.000,9999.000
202604050242,   2.838,9999.000,9999.000,9999.000,9999.000,9999.000,9999.000,9999.000,9999.000
202604050248,   2.892,9999.000,9999.000,9999.000,9999.000,9999.000,9999.000,9999.000,9999.000
202604050254,   2.943,9999.000,9999.000,9999.000,9999.000,9999.000,9999.000,9999.000,9999.000
202604050300,   2.991,9999.000,  -0.100,   0.085,   2.976,  -0.200,   2.876,   0.000,   3.076
202604050306,   3.037,9999.000,9999.000,9999.000,9999.000,9999.000,9999.000,9999.000,9999.000
202604050312,   3.079,9999.000,9999.000,9999.000,9999.000,9999.000,9999.000,9999.000,9999.000
202604050318,   3.118,9999.000,9999.000,9999.000,9999.000,9999.000,9999.000,9999.000,9999.000
202604050324,   3.155,9999.000,9999.000,9999.000,9999.000,9999.000,9999.000,9999.000,9999.000
202604050330,   3.188,9999.000,9999.000,9999.000,9999.000,9999.000,9999.000,9999.000,9999.000
202604050336,   3.218,9999.000,9999.000,9999.000,9999.000,9999.000,9999.000,9999.000,9999.000
202604050342,   3.245,9999.000,9999.000,9999.000,9999.000,9999.000,9999.000,9999.000,9999.000
202604050348,   3.270,9999.000,9999.000,9999.000,9999.000,9999.000,9999.000,9999.000,9999.000
202604050354,   3.291,9999.000,9999.000,9999.000,9999.000,9999.000,9999.000,9999.000,9999.000
202604050400,   3.310,9999.000,  -0.100,   0.085,   3.295,  -0.200,   3.195,  -0.100,   3.295
202604050406,   3.326,9999.000,9999.000,9999.000,9999.000,9999.000,9999.000,9999.000,9999.000
202604050412,   3.339,9999.000,9999.000,9999.000,9999.000,9999.000,9999.000,9999.000,9999.000
202604050418,   3.349,9999.000,9999.000,9999.000,9999.000,9999.000,9999.000,9999.000,9999.000
202604050424,   3.357,9999.000,9999.000,9999.000,9999.000,9999.000,9999.000,9999.000,9999.000
202604050430,   3.362,9999.000,9999.000,9999.000,9999.000,9999.000,9999.000,9999.000,9999.000
202604050436,   3.365,9999.000,9999.000,9999.000,9999.000,9999.000,9999.000,9999.000,9999.000
202604050442,   3.365,9999.000,9999.000,9999.000,9999.000,9999.000,9999.000,9999.000,9999.000
202604050448,   3.363,9999.000,9999.000,9999.000,9999.000,9999.000,9999.000,9999.000,9999.000
202604050454,   3.359,9999.000,9999.000,9999.000,9999.000,9999.000,9999.000,9999.000,9999.000
202604050500,   3.352,9999.000,  -0.200,   0.085,   3.237,  -0.300,   3.137,  -0.100,   3.337
202604050506,   3.343,9999.000,9999.000,9999.000,9999.000,9999.000,9999.000,9999.000,9999.000
202604050512,   3.332,9999.000,9999.000,9999.000,9999.000,9999.000,9999.000,9999.000,9999.000
202604050518,   3.318,9999.000,9999.000,9999.000,9999.000,9999.000,9999.000,9999.000,9999.000
202604050524,   3.303,9999.000,9999.000,9999.000,9999.000,9999.000,9999.000,9999.000,9999.000
202604050530,   3.285,9999.000,9999.000,9999.000,9999.000,9999.000,9999.000,9999.000,9999.000
202604050536,   3.265,9999.000,9999.000,9999.000,9999.000,9999.000,9999.000,9999.000,9999.000
202604050542,   3.242,9999.000,9999.000,9999.000,9999.000,9999.000,9999.000,9999.000,9999.000
202604050548,   3.218,9999.000,9999.000,9999.000,9999.000,9999.000,9999.000,9999.000,9999.000
202604050554,   3.191,9999.000,9999.000,9999.000,9999.000,9999.000,9999.000,9999.000,9999.000
202604050600,   3.161,9999.000,  -0.200,   0.085,   3.046,  -0.300,   2.946,  -0.100,   3.146
202604050606,   3.130,9999.000,9999.000,9999.000,9999.000,9999.000,9999.000,9999.000,9999.000
202604050612,   3.096,9999.000,9999.000,9999.000,9999.000,9999.000,9999.000,9999.000,9999.000
202604050618,   3.060,9999.000,9999.000,9999.000,9999.000,9999.000,9999.000,9999.000,9999.000
202604050624,   3.021,9999.000,9999.000,9999.000,9999.000,9999.000,9999.000,9999.000,9999.000
202604050630,   2.979,9999.000,9999.000,9999.000,9999.000,9999.000,9999.000,9999.000,9999.000
202604050636,   2.936,9999.000,9999.000,9999.000,9999.000,9999.000,9999.000,9999.000,9999.000
202604050642,   2.889,9999.000,9999.000,9999.000,9999.000,9999.000,9999.000,9999.000,9999.000
202604050648,   2.840,9999.000,9999.000,9999.000,9999.000,9999.000,9999.000,9999.000,9999.000
202604050654,   2.789,9999.000,9999.000,9999.000,9999.000,9999.000,9999.000,9999.000,9999.000
202604050700,   2.735,9999.000,  -0.300,   0.085,   2.520,  -0.400,   2.420,  -0.100,   2.720
202604050706,   2.679,9999.000,9999.000,9999.000,9999.000,9999.000,9999.000,9999.000,9999.000
202604050712,   2.620,9999.000,9999.000,9999.000,9999.000,9999.000,9999.000,9999.000,9999.000
202604050718,   2.558,9999.000,9999.000,9999.000,9999.000,9999.000,9999.000,9999.000,9999.000
202604050724,   2.494,9999.000,9999.000,9999.000,9999.000,9999.000,9999.000,9999.000,9999.000
202604050730,   2.428,9999.000,9999.000,9999.000,9999.000,9999.000,9999.000,9999.000,9999.000
202604050736,   2.360,9999.000,9999.000,9999.000,9999.000,9999.000,9999.000,9999.000,9999.000
202604050742,   2.290,9999.000,9999.000,9999.000,9999.000,9999.000,9999.000,9999.000,9999.000
202604050748,   2.218,9999.000,9999.000,9999.000,9999.000,9999.000,9999.000,9999.000,9999.000
202604050754,   2.144,9999.000,9999.000,9999.000,9999.000,9999.000,9999.000,9999.000,9999.000
202604050800,   2.069,9999.000,  -0.300,   0.085,   1.854,  -0.400,   1.754,  -0.200,   1.954
202604050806,   1.992,9999.000,9999.000,9999.000,9999.000,9999.000,9999.000,9999.000,9999.000
202604050812,   1.914,9999.000,9999.000,9999.000,9999.000,9999.000,9999.000,9999.000,9999.000
202604050818,   1.835,9999.000,9999.000,9999.000,9999.000,9999.000,9999.000,9999.000,9999.000
202604050824,   1.756,9999.000,9999.000,9999.000,9999.000,9999.000,9999.000,9999.000,9999.000
202604050830,   1.676,9999.000,9999.000,9999.000,9999.000,9999.000,9999.000,9999.000,9999.000
202604050836,   1.596,9999.000,9999.000,9999.000,9999.000,9999.000,9999.000,9999.000,9999.000
202604050842,   1.517,9999.000,9999.000,9999.000,9999.000,9999.000,9999.000,9999.000,9999.000
202604050848,   1.438,9999.000,9999.000,9999.000,9999.000,9999.000,9999.000,9999.000,9999.000
202604050854,   1.359,9999.000,9999.000,9999.000,9999.000,9999.000,9999.000,9999.000,9999.000
202604050900,   1.282,9999.000,  -0.300,   0.085,   1.067,  -0.400,   0.967,  -0.200,   1.167
202604050906,   1.206,9999.000,9999.000,9999.000,9999.000,9999.000,9999.000,9999.000,9999.000
202604050912,   1.132,9999.000,9999.000,9999.000,9999.000,9999.000,9999.000,9999.000,9999.000
202604050918,   1.059,9999.000,9999.000,9999.000,9999.000,9999.000,9999.000,9999.000,9999.000
202604050924,   0.989,9999.000,9999.000,9999.000,9999.000,9999.000,9999.000,9999.000,9999.000
202604050930,   0.921,9999.000,9999.000,9999.000,9999.000,9999.000,9999.000,9999.000,9999.000
202604050936,   0.856,9999.000,9999.000,9999.000,9999.000,9999.000,9999.000,9999.000,9999.000
202604050942,   0.793,9999.000,9999.000,9999.000,9999.000,9999.000,9999.000,9999.000,9999.000
202604050948,   0.734,9999.000,9999.000,9999.000,9999.000,9999.000,9999.000,9999.000,9999.000
202604050954,   0.678,9999.000,9999.000,9999.000,9999.000,9999.000,9999.000,9999.000,9999.000
202604051000,   0.625,9999.000,  -0.300,   0.085,   0.410,  -0.500,   0.210,  -0.200,   0.510
202604051006,   0.577,9999.000,9999.000,9999.000,9999.000,9999.000,9999.000,9999.000,9999.000
202604051012,   0.532,9999.000,9999.000,9999.000,9999.000,9999.000,9999.000,9999.000,9999.000
202604051018,   0.491,9999.000,9999.000,9999.000,9999.000,9999.000,9999.000,9999.000,9999.000
202604051024,   0.454,9999.000,9999.000,9999.000,9999.000,9999.000,9999.000,9999.000,9999.000
202604051030,   0.421,9999.000,9999.000,9999.000,9999.000,9999.000,9999.000,9999.000,9999.000
202604051036,   0.393,9999.000,9999.000,9999.000,9999.000,9999.000,9999.000,9999.000,9999.000
202604051042,   0.369,9999.000,9999.000,9999.000,9999.000,9999.000,9999.000,9999.000,9999.000
202604051048,   0.350,9999.000,9999.000,9999.000,9999.000,9999.000,9999.000,9999.000,9999.000
202604051054,   0.335,9999.000,9999.000,9999.000,9999.000,9999.000,9999.000,9999.000,9999.000
202604051100,   0.325,9999.000,  -0.400,   0.085,   0.010,  -0.500,  -0.090,  -0.300,   0.110
202604051106,   0.319,9999.000,9999.000,9999.000,9999.000,9999.000,9999.000,9999.000,9999.000
202604051112,   0.319,9999.000,9999.000,9999.000,9999.000,9999.000,9999.000,9999.000,9999.000
202604051118,   0.322,9999.000,9999.000,9999.000,9999.000,9999.000,9999.000,9999.000,9999.000
202604051124,   0.331,9999.000,9999.000,9999.000,9999.000,9999.000,9999.000,9999.000,9999.000
202604051130,   0.344,9999.000,9999.000,9999.000,9999.000,9999.000,9999.000,9999.000,9999.000
202604051136,   0.362,9999.000,9999.000,9999.000,9999.000,9999.000,9999.000,9999.000,9999.000
202604051142,   0.384,9999.000,9999.000,9999.000,9999.000,9999.000,9999.000,9999.000,9999.000
202604051148,   0.410,9999.000,9999.000,9999.000,9999.000,9999.000,9999.000,9999.000,9999.000
202604051154,   0.441,9999.000,9999.000,9999.000,9999.000,9999.000,9999.000,9999.000,9999.000
202604051200,   0.476,9999.000,  -0.400,   0.085,   0.161,  -0.600,  -0.039,  -0.300,   0.261
202604051206,   0.514,9999.000,9999.000,9999.000,9999.000,9999.000,9999.000,9999.000,9999.000
202604051212,   0.557,9999.000,9999.000,9999.000,9999.000,9999.000,9999.000,9999.000,9999.000
202604051218,   0.603,9999.000,9999.000,9999.000,9999.000,9999.000,9999.000,9999.000,9999.000
202604051224,   0.652,9999.000,9999.000,9999.000,9999.000,9999.000,9999.000,9999.000,9999.000
202604051230,   0.704,9999.000,9999.000,9999.000,9999.000,9999.000,9999.000,9999.000,9999.000
202604051236,   0.760,9999.000,9999.000,9999.000,9999.000,9999.000,9999.000,9999.000,9999.000
202604051242,   0.818,9999.000,9999.000,9999.000,9999.000,9999.000,9999.000,9999.000,9999.000
202604051248,   0.878,9999.000,9999.000,9999.000,9999.000,9999.000,9999.000,9999.000,9999.000
202604051254,   0.941,9999.000,9999.000,9999.000,9999.000,9999.000,9999.000,9999.000,9999.000
202604051300,   1.005,9999.000,  -0.400,   0.085,   0.690,  -0.600,   0.490,  -0.300,   0.790
202604051306,   1.071,9999.000,9999.000,9999.000,9999.000,9999.000,9999.000,9999.000,9999.000
202604051312,   1.139,9999.000,9999.000,9999.000,9999.000,9999.000,9999.000,9999.000,9999.000
202604051318,   1.207,9999.000,9999.000,9999.000,9999.000,9999.000,9999.000,9999.000,9999.000
202604051324,   1.277,9999.000,9999.000,9999.000,9999.000,9999.000,9999.000,9999.000,9999.000
202604051330,   1.347,9999.000,9999.000,9999.000,9999.000,9999.000,9999.000,9999.000,9999.000
202604051336,   1.418,9999.000,9999.000,9999.000,9999.000,9999.000,9999.000,9999.000,9999.000
202604051342,   1.488,9999.000,9999.000,9999.000,9999.000,9999.000,9999.000,9999.000,9999.000
202604051348,   1.559,9999.000,9999.000,9999.000,9999.000,9999.000,9999.000,9999.000,9999.000
202604051354,   1.629,9999.000,9999.000,9999.000,9999.000,9999.000,9999.000,9999.000,9999.000
202604051400,   1.699,9999.000,  -0.400,   0.085,   1.384,  -0.600,   1.184,  -0.300,   1.484
202604051406,   1.767,9999.000,9999.000,9999.000,9999.000,9999.000,9999.000,9999.000,9999.000
202604051412,   1.835,9999.000,9999.000,9999.000,9999.000,9999.000,9999.000,9999.000,9999.000
202604051418,   1.902,9999.000,9999.000,9999.000,9999.000,9999.000,9999.000,9999.000,9999.000
202604051424,   1.967,9999.000,9999.000,9999.000,9999.000,9999.000,9999.000,9999.000,9999.000
202604051430,   2.030,9999.000,9999.000,9999.000,9999.000,9999.000,9999.000,9999.000,9999.000
202604051436,   2.092,9999.000,9999.000,9999.000,9999.000,9999.000,9999.000,9999.000,9999.000
202604051442,   2.152,9999.000,9999.000,9999.000,9999.000,9999.000,9999.000,9999.000,9999.000
202604051448,   2.210,9999.000,9999.000,9999.000,9999.000,9999.000,9999.000,9999.000,9999.000
202604051454,   2.265,9999.000,9999.000,9999.000,9999.000,9999.000,9999.000,9999.000,9999.000
202604051500,   2.318,9999.000,  -0.500,   0.085,   1.903,  -0.600,   1.803,  -0.300,   2.103
202604051506,   2.369,9999.000,9999.000,9999.000,9999.000,9999.000,9999.000,9999.000,9999.000
202604051512,   2.417,9999.000,9999.000,9999.000,9999.000,9999.000,9999.000,9999.000,9999.000
202604051518,   2.463,9999.000,9999.000,9999.000,9999.000,9999.000,9999.000,9999.000,9999.000
202604051524,   2.505,9999.000,9999.000,9999.000,9999.000,9999.000,9999.000,9999.000,9999.000
202604051530,   2.545,9999.000,9999.000,9999.000,9999.000,9999.000,9999.000,9999.000,9999.000
202604051536,   2.582,9999.000,9999.000,9999.000,9999.000,9999.000,9999.000,9999.000,9999.000
202604051542,   2.617,9999.000,9999.000,9999.000,9999.000,9999.000,9999.000,9999.000,9999.000
202604051548,   2.648,9999.000,9999.000,9999.000,9999.000,9999.000,9999.000,9999.000,9999.000
202604051554,   2.677,9999.000,9999.000,9999.000,9999.000,9999.000,9999.000,9999.000,9999.000
202604051600,   2.703,9999.000,  -0.500,   0.085,   2.288,  -0.700,   2.088,  -0.400,   2.388
202604051606,   2.726,9999.000,9999.000,9999.000,9999.000,9999.000,9999.000,9999.000,9999.000
202604051612,   2.747,9999.000,9999.000,9999.000,9999.000,9999.000,9999.000,9999.000,9999.000
202604051618,   2.765,9999.000,9999.000,9999.000,9999.000,9999.000,9999.000,9999.000,9999.000
202604051624,   2.780,9999.000,9999.000,9999.000,9999.000,9999.000,9999.000,9999.000,9999.000
202604051630,   2.793,9999.000,9999.000,9999.000,9999.000,9999.000,9999.000,9999.000,9999.000
202604051636,   2.804,9999.000,9999.000,9999.000,9999.000,9999.000,9999.000,9999.000,9999.000
202604051642,   2.812,9999.000,9999.000,9999.000,9999.000,9999.000,9999.000,9999.000,9999.000
202604051648,   2.817,9999.000,9999.000,9999.000,9999.000,9999.000,9999.000,9999.000,9999.000
202604051654,   2.821,9999.000,9999.000,9999.000,9999.000,9999.000,9999.000,9999.000,9999.000
202604051700,   2.822,9999.000,  -0.500,   0.085,   2.407,  -0.700,   2.207,  -0.400,   2.507
202604051706,   2.821,9999.000,9999.000,9999.000,9999.000,9999.000,9999.000,9999.000,9999.000
202604051712,   2.817,9999.000,9999.000,9999.000,9999.000,9999.000,9999.000,9999.000,9999.000
202604051718,   2.812,9999.000,9999.000,9999.000,9999.000,9999.000,9999.000,9999.000,9999.000
202604051724,   2.805,9999.000,9999.000,9999.000,9999.000,9999.000,9999.000,9999.000,9999.000
202604051730,   2.796,9999.000,9999.000,9999.000,9999.000,9999.000,9999.000,9999.000,9999.000
202604051736,   2.784,9999.000,9999.000,9999.000,9999.000,9999.000,9999.000,9999.000,9999.000
202604051742,   2.771,9999.000,9999.000,9999.000,9999.000,9999.000,9999.000,9999.000,9999.000
202604051748,   2.756,9999.000,9999.000,9999.000,9999.000,9999.000,9999.000,9999.000,9999.000
202604051754,   2.738,9999.000,9999.000,9999.000,9999.000,9999.000,9999.000,9999.000,9999.000
202604051800,   2.719,9999.000,  -0.600,   0.085,   2.204,  -0.800,   2.004,  -0.400,   2.404
202604051806,   2.698,9999.000,9999.000,9999.000,9999.000,9999.000,9999.000,9999.000,9999.000
202604051812,   2.674,9999.000,9999.000,9999.000,9999.000,9999.000,9999.000,9999.000,9999.000
202604051818,   2.649,9999.000,9999.000,9999.000,9999.000,9999.000,9999.000,9999.000,9999.000
202604051824,   2.621,9999.000,9999.000,9999.000,9999.000,9999.000,9999.000,9999.000,9999.000
202604051830,   2.592,9999.000,9999.000,9999.000,9999.000,9999.000,9999.000,9999.000,9999.000
202604051836,   2.560,9999.000,9999.000,9999.000,9999.000,9999.000,9999.000,9999.000,9999.000
202604051842,   2.526,9999.000,9999.000,9999.000,9999.000,9999.000,9999.000,9999.000,9999.000
202604051848,   2.490,9999.000,9999.000,9999.000,9999.000,9999.000,9999.000,9999.000,9999.000
202604051854,   2.451,9999.000,9999.000,9999.000,9999.000,9999.000,9999.000,9999.000,9999.000
202604051900,   2.411,9999.000,  -0.600,   0.085,   1.896,  -0.800,   1.696,  -0.400,   2.096
202604051906,   2.368,9999.000,9999.000,9999.000,9999.000,9999.000,9999.000,9999.000,9999.000
202604051912,   2.322,9999.000,9999.000,9999.000,9999.000,9999.000,9999.000,9999.000,9999.000
202604051918,   2.275,9999.000,9999.000,9999.000,9999.000,9999.000,9999.000,9999.000,9999.000
202604051924,   2.225,9999.000,9999.000,9999.000,9999.000,9999.000,9999.000,9999.000,9999.000
202604051930,   2.173,9999.000,9999.000,9999.000,9999.000,9999.000,9999.000,9999.000,9999.000
202604051936,   2.120,9999.000,9999.000,9999.000,9999.000,9999.000,9999.000,9999.000,9999.000
202604051942,   2.064,9999.000,9999.000,9999.000,9999.000,9999.000,9999.000,9999.000,9999.000
202604051948,   2.006,9999.000,9999.000,9999.000,9999.000,9999.000,9999.000,9999.000,9999.000
202604051954,   1.946,9999.000,9999.000,9999.000,9999.000,9999.000,9999.000,9999.000,9999.000
202604052000,   1.884,9999.000,  -0.600,   0.085,   1.369,  -0.800,   1.169,  -0.400,   1.569
202604052006,   1.821,9999.000,9999.000,9999.000,9999.000,9999.000,9999.000,9999.000,9999.000
202604052012,   1.757,9999.000,9999.000,9999.000,9999.000,9999.000,9999.000,9999.000,9999.000
202604052018,   1.692,9999.000,9999.000,9999.000,9999.000,9999.000,9999.000,9999.000,9999.000
202604052024,   1.625,9999.000,9999.000,9999.000,9999.000,9999.000,9999.000,9999.000,9999.000
202604052030,   1.558,9999.000,9999.000,9999.000,9999.000,9999.000,9999.000,9999.000,9999.000
202604052036,   1.491,9999.000,9999.000,9999.000,9999.000,9999.000,9999.000,9999.000,9999.000
202604052042,   1.423,9999.000,9999.000,9999.000,9999.000,9999.000,9999.000,9999.000,9999.000
202604052048,   1.355,9999.000,9999.000,9999.000,9999.000,9999.000,9999.000,9999.000,9999.000
202604052054,   1.288,9999.000,9999.000,9999.000,9999.000,9999.000,9999.000,9999.000,9999.000
202604052100,   1.222,9999.000,  -0.600,   0.085,   0.707,  -0.800,   0.507,  -0.400,   0.907
202604052106,   1.157,9999.000,9999.000,9999.000,9999.000,9999.000,9999.000,9999.000,9999.000
202604052112,   1.093,9999.000,9999.000,9999.000,9999.000,9999.000,9999.000,9999.000,9999.000
202604052118,   1.030,9999.000,9999.000,9999.000,9999.000,9999.000,9999.000,9999.000,9999.000
202604052124,   0.970,9999.000,9999.000,9999.000,9999.000,9999.000,9999.000,9999.000,9999.000
202604052130,   0.911,9999.000,9999.000,9999.000,9999.000,9999.000,9999.000,9999.000,9999.000
202604052136,   0.856,9999.000,9999.000,9999.000,9999.000,9999.000,9999.000,9999.000,9999.000
202604052142,   0.802,9999.000,9999.000,9999.000,9999.000,9999.000,9999.000,9999.000,9999.000
202604052148,   0.752,9999.000,9999.000,9999.000,9999.000,9999.000,9999.000,9999.000,9999.000
202604052154,   0.705,9999.000,9999.000,9999.000,9999.000,9999.000,9999.000,9999.000,9999.000
202604052200,   0.662,9999.000,  -0.500,   0.085,   0.247,  -0.800,  -0.053,  -0.300,   0.447
202604052206,   0.622,9999.000,9999.000,9999.000,9999.000,9999.000,9999.000,9999.000,9999.000
202604052212,   0.586,9999.000,9999.000,9999.000,9999.000,9999.000,9999.000,9999.000,9999.000
202604052218,   0.553,9999.000,9999.000,9999.000,9999.000,9999.000,9999.000,9999.000,9999.000
202604052224,   0.525,9999.000,9999.000,9999.000,9999.000,9999.000,9999.000,9999.000,9999.000
202604052230,   0.501,9999.000,9999.000,9999.000,9999.000,9999.000,9999.000,9999.000,9999.000
202604052236,   0.481,9999.000,9999.000,9999.000,9999.000,9999.000,9999.000,9999.000,9999.000
202604052242,   0.466,9999.000,9999.000,9999.000,9999.000,9999.000,9999.000,9999.000,9999.000
202604052248,   0.455,9999.000,9999.000,9999.000,9999.000,9999.000,9999.000,9999.000,9999.000
202604052254,   0.448,9999.000,9999.000,9999.000,9999.000,9999.000,9999.000,9999.000,9999.000
202604052300,   0.445,9999.000,  -0.500,   0.085,   0.030,  -0.800,  -0.270,  -0.300,   0.230
202604052306,   0.447,9999.000,9999.000,9999.000,9999.000,9999.000,9999.000,9999.000,9999.000
202604052312,   0.454,9999.000,9999.000,9999.000,9999.000,9999.000,9999.000,9999.000,9999.000
202604052318,   0.465,9999.000,9999.000,9999.000,9999.000,9999.000,9999.000,9999.000,9999.000
202604052324,   0.480,9999.000,9999.000,9999.000,9999.000,9999.000,9999.000,9999.000,9999.000
202604052330,   0.499,9999.000,9999.000,9999.000,9999.000,9999.000,9999.000,9999.000,9999.000
202604052336,   0.523,9999.000,9999.000,9999.000,9999.000,9999.000,9999.000,9999.000,9999.000
202604052342,   0.551,9999.000,9999.000,9999.000,9999.000,9999.000,9999.000,9999.000,9999.000
202604052348,   0.583,9999.000,9999.000,9999.000,9999.000,9999.000,9999.000,9999.000,9999.000
202604052354,   0.618,9999.000,9999.000,9999.000,9999.000,9999.000,9999.000,9999.000,9999.000
202604060000,   0.658,9999.000,  -0.400,   0.085,   0.343,  -0.700,   0.043,  -0.200,   0.543
202604060006,   0.701,9999.000,9999.000,9999.000,9999.000,9999.000,9999.000,9999.000,9999.000
202604060012,   0.747,9999.000,9999.000,9999.000,9999.000,9999.000,9999.000,9999.000,9999.000
202604060018,   0.797,9999.000,9999.000,9999.000,9999.000,9999.000,9999.000,9999.000,9999.000
202604060024,   0.850,9999.000,9999.000,9999.000,9999.000,9999.000,9999.000,9999.000,9999.000
202604060030,   0.906,9999.000,9999.000,9999.000,9999.000,9999.000,9999.000,9999.000,9999.000
202604060036,   0.965,9999.000,9999.000,9999.000,9999.000,9999.000,9999.000,9999.000,9999.000
202604060042,   1.026,9999.000,9999.000,9999.000,9999.000,9999.000,9999.000,9999.000,9999.000
202604060048,   1.089,9999.000,9999.000,9999.000,9999.000,9999.000,9999.000,9999.000,9999.000
202604060054,   1.154,9999.000,9999.000,9999.000,9999.000,9999.000,9999.000,9999.000,9999.000
202604060100,   1.221,9999.000,  -0.400,   0.085,   0.906,  -0.700,   0.606,  -0.200,   1.106
202604060106,   1.290,9999.000,9999.000,9999.000,9999.000,9999.000,9999.000,9999.000,9999.000
202604060112,   1.360,9999.000,9999.000,9999.000,9999.000,9999.000,9999.000,9999.000,9999.000
202604060118,   1.431,9999.000,9999.000,9999.000,9999.000,9999.000,9999.000,9999.000,9999.000
202604060124,   1.503,9999.000,9999.000,9999.000,9999.000,9999.000,9999.000,9999.000,9999.000
202604060130,   1.576,9999.000,9999.000,9999.000,9999.000,9999.000,9999.000,9999.000,9999.000
202604060136,   1.649,9999.000,9999.000,9999.000,9999.000,9999.000,9999.000,9999.000,9999.000
202604060142,   1.722,9999.000,9999.000,9999.000,9999.000,9999.000,9999.000,9999.000,9999.000
202604060148,   1.795,9999.000,9999.000,9999.000,9999.000,9999.000,9999.000,9999.000,9999.000
202604060154,   1.868,9999.000,9999.000,9999.000,9999.000,9999.000,9999.000,9999.000,9999.000
202604060200,   1.940,9999.000,  -0.400,   0.085,   1.625,  -0.600,   1.425,  -0.200,   1.825
202604060206,   2.012,9999.000,9999.000,9999.000,9999.000,9999.000,9999.000,9999.000,9999.000
202604060212,   2.082,9999.000,9999.000,9999.000,9999.000,9999.000,9999.000,9999.000,9999.000
202604060218,   2.152,9999.000,9999.000,9999.000,9999.000,9999.000,9999.000,9999.000,9999.000
202604060224,   2.221,9999.000,9999.000,9999.000,9999.000,9999.000,9999.000,9999.000,9999.000
202604060230,   2.288,9999.000,9999.000,9999.000,9999.000,9999.000,9999.000,9999.000,9999.000
202604060236,   2.353,9999.000,9999.000,9999.000,9999.000,9999.000,9999.000,9999.000,9999.000
202604060242,   2.417,9999.000,9999.000,9999.000,9999.000,9999.000,9999.000,9999.000,9999.000
202604060248,   2.479,9999.000,9999.000,9999.000,9999.000,9999.000,9999.000,9999.000,9999.000
202604060254,   2.539,9999.000,9999.000,9999.000,9999.000,9999.000,9999.000,9999.000,9999.000
202604060300,   2.597,9999.000,  -0.300,   0.085,   2.382,  -0.500,   2.182,  -0.100,   2.582
202604060306,   2.652,9999.000,9999.000,9999.000,9999.000,9999.000,9999.000,9999.000,9999.000
202604060312,   2.706,9999.000,9999.000,9999.000,9999.000,9999.000,9999.000,9999.000,9999.000
202604060318,   2.757,9999.000,9999.000,9999.000,9999.000,9999.000,9999.000,9999.000,9999.000
202604060324,   2.805,9999.000,9999.000,9999.000,9999.000,9999.000,9999.000,9999.000,9999.000
202604060330,   2.851,9999.000,9999.000,9999.000,9999.000,9999.000,9999.000,9999.000,9999.000
202604060336,   2.895,9999.000,9999.000,9999.000,9999.000,9999.000,9999.000,9999.000,9999.000
202604060342,   2.936,9999.000,9999.000,9999.000,9999.000,9999.000,9999.000,9999.000,9999.000
202604060348,   2.974,9999.000,9999.000,9999.000,9999.000,9999.000,9999.000,9999.000,9999.000
202604060354,   3.009,9999.000,9999.000,9999.000,9999.000,9999.000,9999.000,9999.000,9999.000
202604060400,   3.042,9999.000,  -0.300,   0.085,   2.827,  -0.400,   2.727,   0.000,   3.127
202604060406,   3.072,9999.000,9999.000,9999.000,9999.000,9999.000,9999.000,9999.000,9999.000
202604060412,   3.100,9999.000,9999.000,9999.000,9999.000,9999.000,9999.000,9999.000,9999.000
202604060418,   3.125,9999.000,9999.000,9999.000,9999.000,9999.000,9999.000,9999.000,9999.000
202604060424,   3.147,9999.000,9999.000,9999.000,9999.000,9999.000,9999.000,9999.000,9999.000
202604060430,   3.166,9999.000,9999.000,9999.000,9999.000,9999.000,9999.000,9999.000,9999.000
202604060436,   3.184,9999.000,9999.000,9999.000,9999.000,9999.000,9999.000,9999.000,9999.000
202604060442,   3.198,9999.000,9999.000,9999.000,9999.000,9999.000,9999.000,9999.000,9999.000
202604060448,   3.210,9999.000,9999.000,9999.000,9999.000,9999.000,9999.000,9999.000,9999.000
202604060454,   3.220,9999.000,9999.000,9999.000,9999.000,9999.000,9999.000,9999.000,9999.000
202604060500,   3.227,9999.000,  -0.200,   0.085,   3.112,  -0.300,   3.012,   0.000,   3.312
202604060506,   3.233,9999.000,9999.000,9999.000,9999.000,9999.000,9999.000,9999.000,9999.000
202604060512,   3.235,9999.000,9999.000,9999.000,9999.000,9999.000,9999.000,9999.000,9999.000
202604060518,   3.236,9999.000,9999.000,9999.000,9999.000,9999.000,9999.000,9999.000,9999.000
202604060524,   3.235,9999.000,9999.000,9999.000,9999.000,9999.000,9999.000,9999.000,9999.000
202604060530,   3.231,9999.000,9999.000,9999.000,9999.000,9999.000,9999.000,9999.000,9999.000
202604060536,   3.225,9999.000,9999.000,9999.000,9999.000,9999.000,9999.000,9999.000,9999.000
202604060542,   3.218,9999.000,9999.000,9999.000,9999.000,9999.000,9999.000,9999.000,9999.000
202604060548,   3.208,9999.000,9999.000,9999.000,9999.000,9999.000,9999.000,9999.000,9999.000
202604060554,   3.196,9999.000,9999.000,9999.000,9999.000,9999.000,9999.000,9999.000,9999.000
202604060600,   3.183,9999.000,  -0.100,   0.085,   3.168,  -0.300,   2.968,   0.000,   3.268
202604060606,   3.167,9999.000,9999.000,9999.000,9999.000,9999.000,9999.000,9999.000,9999.000
202604060612,   3.149,9999.000,9999.000,9999.000,9999.000,9999.000,9999.000,9999.000,9999.000
202604060618,   3.130,9999.000,9999.000,9999.000,9999.000,9999.000,9999.000,9999.000,9999.000
202604060624,   3.108,9999.000,9999.000,9999.000,9999.000,9999.000,9999.000,9999.000,9999.000
202604060630,   3.084,9999.000,9999.000,9999.000,9999.000,9999.000,9999.000,9999.000,9999.000
202604060636,   3.059,9999.000,9999.000,9999.000,9999.000,9999.000,9999.000,9999.000,9999.000
202604060642,   3.031,9999.000,9999.000,9999.000,9999.000,9999.000,9999.000,9999.000,9999.000
202604060648,   3.001,9999.000,9999.000,9999.000,9999.000,9999.000,9999.000,9999.000,9999.000
202604060654,   2.969,9999.000,9999.000,9999.000,9999.000,9999.000,9999.000,9999.000,9999.000
202604060700,   2.935,9999.000,  -0.100,   0.085,   2.920,  -0.200,   2.820,   0.000,   3.020
202604060706,   2.899,9999.000,9999.000,9999.000,9999.000,9999.000,9999.000,9999.000,9999.000
202604060712,   2.861,9999.000,9999.000,9999.000,9999.000,9999.000,9999.000,9999.000,9999.000
202604060718,   2.820,9999.000,9999.000,9999.000,9999.000,9999.000,9999.000,9999.000,9999.000
202604060724,   2.777,9999.000,9999.000,9999.000,9999.000,9999.000,9999.000,9999.000,9999.000
202604060730,   2.732,9999.000,9999.000,9999.000,9999.000,9999.000,9999.000,9999.000,9999.000
202604060736,   2.684,9999.000,9999.000,9999.000,9999.000,9999.000,9999.000,9999.000,9999.000
202604060742,   2.635,9999.000,9999.000,9999.000,9999.000,9999.000,9999.000,9999.000,9999.000
202604060748,   2.583,9999.000,9999.000,9999.000,9999.000,9999.000,9999.000,9999.000,9999.000
202604060754,   2.529,9999.000,9999.000,9999.000,9999.000,9999.000,9999.000,9999.000,9999.000
202604060800,   2.473,9999.000,   0.000,   0.085,   2.558,  -0.200,   2.358,   0.100,   2.658
202604060806,   2.414,9999.000,9999.000,9999.000,9999.000,9999.000,9999.000,9999.000,9999.000
202604060812,   2.354,9999.000,9999.000,9999.000,9999.000,9999.000,9999.000,9999.000,9999.000
202604060818,   2.292,9999.000,9999.000,9999.000,9999.000,9999.000,9999.000,9999.000,9999.000
202604060824,   2.228,9999.000,9999.000,9999.000,9999.000,9999.000,9999.000,9999.000,9999.000
202604060830,   2.163,9999.000,9999.000,9999.000,9999.000,9999.000,9999.000,9999.000,9999.000
202604060836,   2.096,9999.000,9999.000,9999.000,9999.000,9999.000,9999.000,9999.000,9999.000
202604060842,   2.028,9999.000,9999.000,9999.000,9999.000,9999.000,9999.000,9999.000,9999.000
202604060848,   1.960,9999.000,9999.000,9999.000,9999.000,9999.000,9999.000,9999.000,9999.000
202604060854,   1.890,9999.000,9999.000,9999.000,9999.000,9999.000,9999.000,9999.000,9999.000
202604060900,   1.819,9999.000,   0.000,   0.085,   1.904,  -0.100,   1.804,   0.100,   2.004
202604060906,   1.749,9999.000,9999.000,9999.000,9999.000,9999.000,9999.000,9999.000,9999.000
202604060912,   1.678,9999.000,9999.000,9999.000,9999.000,9999.000,9999.000,9999.000,9999.000
202604060918,   1.608,9999.000,9999.000,9999.000,9999.000,9999.000,9999.000,9999.000,9999.000
202604060924,   1.538,9999.000,9999.000,9999.000,9999.000,9999.000,9999.000,9999.000,9999.000
202604060930,   1.468,9999.000,9999.000,9999.000,9999.000,9999.000,9999.000,9999.000,9999.000
202604060936,   1.400,9999.000,9999.000,9999.000,9999.000,9999.000,9999.000,9999.000,9999.000
202604060942,   1.333,9999.000,9999.000,9999.000,9999.000,9999.000,9999.000,9999.000,9999.000
202604060948,   1.267,9999.000,9999.000,9999.000,9999.000,9999.000,9999.000,9999.000,9999.000
202604060954,   1.203,9999.000,9999.000,9999.000,9999.000,9999.000,9999.000,9999.000,9999.000
202604061000,   1.141,9999.000,   0.000,   0.085,   1.226,   0.000,   1.226,   0.100,   1.326
202604061006,   1.082,9999.000,9999.000,9999.000,9999.000,9999.000,9999.000,9999.000,9999.000
202604061012,   1.024,9999.000,9999.000,9999.000,9999.000,9999.000,9999.000,9999.000,9999.000
202604061018,   0.970,9999.000,9999.000,9999.000,9999.000,9999.000,9999.000,9999.000,9999.000
202604061024,   0.918,9999.000,9999.000,9999.000,9999.000,9999.000,9999.000,9999.000,9999.000
202604061030,   0.869,9999.000,9999.000,9999.000,9999.000,9999.000,9999.000,9999.000,9999.000
202604061036,   0.823,9999.000,9999.000,9999.000,9999.000,9999.000,9999.000,9999.000,9999.000
202604061042,   0.780,9999.000,9999.000,9999.000,9999.000,9999.000,9999.000,9999.000,9999.000
202604061048,   0.741,9999.000,9999.000,9999.000,9999.000,9999.000,9999.000,9999.000,9999.000
202604061054,   0.705,9999.000,9999.000,9999.000,9999.000,9999.000,9999.000,9999.000,9999.000
202604061100,   0.672,9999.000,   0.100,   0.085,   0.857,   0.000,   0.757,   0.200,   0.957
202604061106,   0.643,9999.000,9999.000,9999.000,9999.000,9999.000,9999.000,9999.000,9999.000
202604061112,   0.618,9999.000,9999.000,9999.000,9999.000,9999.000,9999.000,9999.000,9999.000
202604061118,   0.597,9999.000,9999.000,9999.000,9999.000,9999.000,9999.000,9999.000,9999.000
202604061124,   0.579,9999.000,9999.000,9999.000,9999.000,9999.000,9999.000,9999.000,9999.000
202604061130,   0.565,9999.000,9999.000,9999.000,9999.000,9999.000,9999.000,9999.000,9999.000
202604061136,   0.555,9999.000,9999.000,9999.000,9999.000,9999.000,9999.000,9999.000,9999.000
202604061142,   0.549,9999.000,9999.000,9999.000,9999.000,9999.000,9999.000,9999.000,9999.000
202604061148,   0.547,9999.000,9999.000,9999.000,9999.000,9999.000,9999.000,9999.000,9999.000
202604061154,   0.548,9999.000,9999.000,9999.000,9999.000,9999.000,9999.000,9999.000,9999.000
202604061200,   0.554,9999.000,   0.100,   0.085,   0.739,   0.000,   0.639,   0.200,   0.839
202604061206,   0.563,9999.000,9999.000,9999.000,9999.000,9999.000,9999.000,9999.000,9999.000
202604061212,   0.576,9999.000,9999.000,9999.000,9999.000,9999.000,9999.000,9999.000,9999.000
202604061218,   0.593,9999.000,9999.000,9999.000,9999.000,9999.000,9999.000,9999.000,9999.000
202604061224,   0.613,9999.000,9999.000,9999.000,9999.000,9999.000,9999.000,9999.000,9999.000
202604061230,   0.637,9999.000,9999.000,9999.000,9999.000,9999.000,9999.000,9999.000,9999.000
202604061236,   0.664,9999.000,9999.000,9999.000,9999.000,9999.000,9999.000,9999.000,9999.000
202604061242,   0.695,9999.000,9999.000,9999.000,9999.000,9999.000,9999.000,9999.000,9999.000
202604061248,   0.730,9999.000,9999.000,9999.000,9999.000,9999.000,9999.000,9999.000,9999.000
202604061254,   0.767,9999.000,9999.000,9999.000,9999.000,9999.000,9999.000,9999.000,9999.000
202604061300,   0.807,9999.000,   0.100,   0.085,   0.992,   0.000,   0.892,   0.200,   1.092
202604061306,   0.851,9999.000,9999.000,9999.000,9999.000,9999.000,9999.000,9999.000,9999.000
202604061312,   0.896,9999.000,9999.000,9999.000,9999.000,9999.000,9999.000,9999.000,9999.000
202604061318,   0.945,9999.000,9999.000,9999.000,9999.000,9999.000,9999.000,9999.000,9999.000
202604061324,   0.995,9999.000,9999.000,9999.000,9999.000,9999.000,9999.000,9999.000,9999.000
202604061330,   1.048,9999.000,9999.000,9999.000,9999.000,9999.000,9999.000,9999.000,9999.000
202604061336,   1.103,9999.000,9999.000,9999.000,9999.000,9999.000,9999.000,9999.000,9999.000
202604061342,   1.159,9999.000,9999.000,9999.000,9999.000,9999.000,9999.000,9999.000,9999.000
202604061348,   1.216,9999.000,9999.000,9999.000,9999.000,9999.000,9999.000,9999.000,9999.000
202604061354,   1.275,9999.000,9999.000,9999.000,9999.000,9999.000,9999.000,9999.000,9999.000
202604061400,   1.334,9999.000,   0.100,   0.085,   1.519,   0.000,   1.419,   0.300,   1.719
202604061406,   1.395,9999.000,9999.000,9999.000,9999.000,9999.000,9999.000,9999.000,9999.000
202604061412,   1.455,9999.000,9999.000,9999.000,9999.000,9999.000,9999.000,9999.000,9999.000
202604061418,   1.516,9999.000,9999.000,9999.000,9999.000,9999.000,9999.000,9999.000,9999.000
202604061424,   1.577,9999.000,9999.000,9999.000,9999.000,9999.000,9999.000,9999.000,9999.000
202604061430,   1.638,9999.000,9999.000,9999.000,9999.000,9999.000,9999.000,9999.000,9999.000
202604061436,   1.698,9999.000,9999.000,9999.000,9999.000,9999.000,9999.000,9999.000,9999.000
202604061442,   1.758,9999.000,9999.000,9999.000,9999.000,9999.000,9999.000,9999.000,9999.000
202604061448,   1.817,9999.000,9999.000,9999.000,9999.000,9999.000,9999.000,9999.000,9999.000
202604061454,   1.875,9999.000,9999.000,9999.000,9999.000,9999.000,9999.000,9999.000,9999.000
202604061500,   1.932,9999.000,   0.100,   0.085,   2.117,   0.000,   2.017,   0.300,   2.317
202604061506,   1.987,9999.000,9999.000,9999.000,9999.000,9999.000,9999.000,9999.000,9999.000
202604061512,   2.041,9999.000,9999.000,9999.000,9999.000,9999.000,9999.000,9999.000,9999.000
202604061518,   2.094,9999.000,9999.000,9999.000,9999.000,9999.000,9999.000,9999.000,9999.000
202604061524,   2.144,9999.000,9999.000,9999.000,9999.000,9999.000,9999.000,9999.000,9999.000
202604061530,   2.193,9999.000,9999.000,9999.000,9999.000,9999.000,9999.000,9999.000,9999.000
202604061536,   2.240,9999.000,9999.000,9999.000,9999.000,9999.000,9999.000,9999.000,9999.000
202604061542,   2.284,9999.000,9999.000,9999.000,9999.000,9999.000,9999.000,9999.000,9999.000
202604061548,   2.327,9999.000,9999.000,9999.000,9999.000,9999.000,9999.000,9999.000,9999.000
202604061554,   2.367,9999.000,9999.000,9999.000,9999.000,9999.000,9999.000,9999.000,9999.000
202604061600,   2.405,9999.000,   0.200,   0.085,   2.690,   0.000,   2.490,   0.300,   2.790
202604061606,   2.441,9999.000,9999.000,9999.000,9999.000,9999.000,9999.000,9999.000,9999.000
202604061612,   2.474,9999.000,9999.000,9999.000,9999.000,9999.000,9999.000,9999.000,9999.000
202604061618,   2.505,9999.000,9999.000,9999.000,9999.000,9999.000,9999.000,9999.000,9999.000
202604061624,   2.533,9999.000,9999.000,9999.000,9999.000,9999.000,9999.000,9999.000,9999.000
202604061630,   2.560,9999.000,9999.000,9999.000,9999.000,9999.000,9999.000,9999.000,9999.000
202604061636,   2.583,9999.000,9999.000,9999.000,9999.000,9999.000,9999.000,9999.000,9999.000
202604061642,   2.605,9999.000,9999.000,9999.000,9999.000,9999.000,9999.000,9999.000,9999.000
202604061648,   2.624,9999.000,9999.000,9999.000,9999.000,9999.000,9999.000,9999.000,9999.000
202604061654,   2.641,9999.000,9999.000,9999.000,9999.000,9999.000,9999.000,9999.000,9999.000
202604061700,   2.655,9999.000,   0.200,   0.085,   2.940,   0.000,   2.740,   0.300,   3.040
202604061706,   2.668,9999.000,9999.000,9999.000,9999.000,9999.000,9999.000,9999.000,9999.000
202604061712,   2.678,9999.000,9999.000,9999.000,9999.000,9999.000,9999.000,9999.000,9999.000
202604061718,   2.686,9999.000,9999.000,9999.000,9999.000,9999.000,9999.000,9999.000,9999.000
202604061724,   2.692,9999.000,9999.000,9999.000,9999.000,9999.000,9999.000,9999.000,9999.000
202604061730,   2.696,9999.000,9999.000,9999.000,9999.000,9999.000,9999.000,9999.000,9999.000
202604061736,   2.698,9999.000,9999.000,9999.000,9999.000,9999.000,9999.000,9999.000,9999.000
202604061742,   2.698,9999.000,9999.000,9999.000,9999.000,9999.000,9999.000,9999.000,9999.000
202604061748,   2.696,9999.000,9999.000,9999.000,9999.000,9999.000,9999.000,9999.000,9999.000
202604061754,   2.692,9999.000,9999.000,9999.000,9999.000,9999.000,9999.000,9999.000,9999.000
202604061800,   2.686,9999.000,   0.200,   0.085,   2.971,   0.100,   2.871,   0.300,   3.071
202604061806,   2.679,9999.000,9999.000,9999.000,9999.000,9999.000,9999.000,9999.000,9999.000
202604061812,   2.670,9999.000,9999.000,9999.000,9999.000,9999.000,9999.000,9999.000,9999.000
202604061818,   2.659,9999.000,9999.000,9999.000,9999.000,9999.000,9999.000,9999.000,9999.000
202604061824,   2.646,9999.000,9999.000,9999.000,9999.000,9999.000,9999.000,9999.000,9999.000
202604061830,   2.631,9999.000,9999.000,9999.000,9999.000,9999.000,9999.000,9999.000,9999.000
202604061836,   2.615,9999.000,9999.000,9999.000,9999.000,9999.000,9999.000,9999.000,9999.000
202604061842,   2.597,9999.000,9999.000,9999.000,9999.000,9999.000,9999.000,9999.000,9999.000
202604061848,   2.577,9999.000,9999.000,9999.000,9999.000,9999.000,9999.000,9999.000,9999.000
202604061854,   2.555,9999.000,9999.000,9999.000,9999.000,9999.000,9999.000,9999.000,9999.000
202604061900,   2.532,9999.000,   0.100,   0.085,   2.717,   0.000,   2.617,   0.200,   2.817
202604061906,   2.506,9999.000,9999.000,9999.000,9999.000,9999.000,9999.000,9999.000,9999.000
202604061912,   2.479,9999.000,9999.000,9999.000,9999.000,9999.000,9999.000,9999.000,9999.000
202604061918,   2.449,9999.000,9999.000,9999.000,9999.000,9999.000,9999.000,9999.000,9999.000
202604061924,   2.418,9999.000,9999.000,9999.000,9999.000,9999.000,9999.000,9999.000,9999.000
202604061930,   2.385,9999.000,9999.000,9999.000,9999.000,9999.000,9999.000,9999.000,9999.000
202604061936,   2.350,9999.000,9999.000,9999.000,9999.000,9999.000,9999.000,9999.000,9999.000
202604061942,   2.313,9999.000,9999.000,9999.000,9999.000,9999.000,9999.000,9999.000,9999.000
202604061948,   2.274,9999.000,9999.000,9999.000,9999.000,9999.000,9999.000,9999.000,9999.000
202604061954,   2.233,9999.000,9999.000,9999.000,9999.000,9999.000,9999.000,9999.000,9999.000
202604062000,   2.190,9999.000,   0.100,   0.085,   2.375,   0.000,   2.275,   0.200,   2.475
202604062006,   2.145,9999.000,9999.000,9999.000,9999.000,9999.000,9999.000,9999.000,9999.000
202604062012,   2.098,9999.000,9999.000,9999.000,9999.000,9999.000,9999.000,9999.000,9999.000
202604062018,   2.050,9999.000,9999.000,9999.000,9999.000,9999.000,9999.000,9999.000,9999.000
202604062024,   1.999,9999.000,9999.000,9999.000,9999.000,9999.000,9999.000,9999.000,9999.000
202604062030,   1.947,9999.000,9999.000,9999.000,9999.000,9999.000,9999.000,9999.000,9999.000
202604062036,   1.894,9999.000,9999.000,9999.000,9999.000,9999.000,9999.000,9999.000,9999.000
202604062042,   1.839,9999.000,9999.000,9999.000,9999.000,9999.000,9999.000,9999.000,9999.000
202604062048,   1.783,9999.000,9999.000,9999.000,9999.000,9999.000,9999.000,9999.000,9999.000
202604062054,   1.726,9999.000,9999.000,9999.000,9999.000,9999.000,9999.000,9999.000,9999.000
202604062100,   1.668,9999.000,   0.100,   0.085,   1.853,   0.000,   1.753,   0.200,   1.953
202604062106,   1.610,9999.000,9999.000,9999.000,9999.000,9999.000,9999.000,9999.000,9999.000
202604062112,   1.551,9999.000,9999.000,9999.000,9999.000,9999.000,9999.000,9999.000,9999.000
202604062118,   1.492,9999.000,9999.000,9999.000,9999.000,9999.000,9999.000,9999.000,9999.000
202604062124,   1.432,9999.000,9999.000,9999.000,9999.000,9999.000,9999.000,9999.000,9999.000
202604062130,   1.374,9999.000,9999.000,9999.000,9999.000,9999.000,9999.000,9999.000,9999.000
202604062136,   1.316,9999.000,9999.000,9999.000,9999.000,9999.000,9999.000,9999.000,9999.000
202604062142,   1.258,9999.000,9999.000,9999.000,9999.000,9999.000,9999.000,9999.000,9999.000
202604062148,   1.202,9999.000,9999.000,9999.000,9999.000,9999.000,9999.000,9999.000,9999.000
202604062154,   1.148,9999.000,9999.000,9999.000,9999.000,9999.000,9999.000,9999.000,9999.000
202604062200,   1.095,9999.000,   0.100,   0.085,   1.280,   0.000,   1.180,   0.200,   1.380
202604062206,   1.044,9999.000,9999.000,9999.000,9999.000,9999.000,9999.000,9999.000,9999.000
202604062212,   0.995,9999.000,9999.000,9999.000,9999.000,9999.000,9999.000,9999.000,9999.000
202604062218,   0.949,9999.000,9999.000,9999.000,9999.000,9999.000,9999.000,9999.000,9999.000
202604062224,   0.905,9999.000,9999.000,9999.000,9999.000,9999.000,9999.000,9999.000,9999.000
202604062230,   0.864,9999.000,9999.000,9999.000,9999.000,9999.000,9999.000,9999.000,9999.000
202604062236,   0.826,9999.000,9999.000,9999.000,9999.000,9999.000,9999.000,9999.000,9999.000
202604062242,   0.791,9999.000,9999.000,9999.000,9999.000,9999.000,9999.000,9999.000,9999.000
202604062248,   0.760,9999.000,9999.000,9999.000,9999.000,9999.000,9999.000,9999.000,9999.000
202604062254,   0.732,9999.000,9999.000,9999.000,9999.000,9999.000,9999.000,9999.000,9999.000
202604062300,   0.707,9999.000,   0.100,   0.085,   0.892,   0.000,   0.792,   0.200,   0.992
202604062306,   0.686,9999.000,9999.000,9999.000,9999.000,9999.000,9999.000,9999.000,9999.000
202604062312,   0.669,9999.000,9999.000,9999.000,9999.000,9999.000,9999.000,9999.000,9999.000
202604062318,   0.656,9999.000,9999.000,9999.000,9999.000,9999.000,9999.000,9999.000,9999.000
202604062324,   0.646,9999.000,9999.000,9999.000,9999.000,9999.000,9999.000,9999.000,9999.000
202604062330,   0.640,9999.000,9999.000,9999.000,9999.000,9999.000,9999.000,9999.000,9999.000
202604062336,   0.637,9999.000,9999.000,9999.000,9999.000,9999.000,9999.000,9999.000,9999.000
202604062342,   0.639,9999.000,9999.000,9999.000,9999.000,9999.000,9999.000,9999.000,9999.000
202604062348,   0.644,9999.000,9999.000,9999.000,9999.000,9999.000,9999.000,9999.000,9999.000
202604062354,   0.653,9999.000,9999.000,9999.000,9999.000,9999.000,9999.000,9999.000,9999.000
202604070000,   0.665,9999.000,   0.100,   0.085,   0.850,   0.000,   0.750,   0.200,   0.950
202604070006,   0.681,9999.000,9999.000,9999.000,9999.000,9999.000,9999.000,9999.000,9999.000
202604070012,   0.701,9999.000,9999.000,9999.000,9999.000,9999.000,9999.000,9999.000,9999.000
202604070018,   0.724,9999.000,9999.000,9999.000,9999.000,9999.000,9999.000,9999.000,9999.000
202604070024,   0.751,9999.000,9999.000,9999.000,9999.000,9999.000,9999.000,9999.000,9999.000
202604070030,   0.781,9999.000,9999.000,9999.000,9999.000,9999.000,9999.000,9999.000,9999.000
202604070036,   0.814,9999.000,9999.000,9999.000,9999.000,9999.000,9999.000,9999.000,9999.000
202604070042,   0.851,9999.000,9999.000,9999.000,9999.000,9999.000,9999.000,9999.000,9999.000
202604070048,   0.890,9999.000,9999.000,9999.000,9999.000,9999.000,9999.000,9999.000,9999.000
202604070054,   0.933,9999.000,9999.000,9999.000,9999.000,9999.000,9999.000,9999.000,9999.000
202604070100,   0.978,9999.000,   0.100,   0.085,   1.163,   0.000,   1.063,   0.200,   1.263
202604070106,   1.026,9999.000,9999.000,9999.000,9999.000,9999.000,9999.000,9999.000,9999.000
202604070112,   1.076,9999.000,9999.000,9999.000,9999.000,9999.000,9999.000,9999.000,9999.000
202604070118,   1.129,9999.000,9999.000,9999.000,9999.000,9999.000,9999.000,9999.000,9999.000
202604070124,   1.184,9999.000,9999.000,9999.000,9999.000,9999.000,9999.000,9999.000,9999.000
202604070130,   1.240,9999.000,9999.000,9999.000,9999.000,9999.000,9999.000,9999.000,9999.000
202604070136,   1.299,9999.000,9999.000,9999.000,9999.000,9999.000,9999.000,9999.000,9999.000
202604070142,   1.359,9999.000,9999.000,9999.000,9999.000,9999.000,9999.000,9999.000,9999.000
202604070148,   1.420,9999.000,9999.000,9999.000,9999.000,9999.000,9999.000,9999.000,9999.000
202604070154,   1.482,9999.000,9999.000,9999.000,9999.000,9999.000,9999.000,9999.000,9999.000
202604070200,   1.546,9999.000,   0.100,   0.085,   1.731,   0.000,   1.631,   0.200,   1.831
202604070206,   1.609,9999.000,9999.000,9999.000,9999.000,9999.000,9999.000,9999.000,9999.000
202604070212,   1.674,9999.000,9999.000,9999.000,9999.000,9999.000,9999.000,9999.000,9999.000
202604070218,   1.738,9999.000,9999.000,9999.000,9999.000,9999.000,9999.000,9999.000,9999.000
202604070224,   1.803,9999.000,9999.000,9999.000,9999.000,9999.000,9999.000,9999.000,9999.000
202604070230,   1.867,9999.000,9999.000,9999.000,9999.000,9999.000,9999.000,9999.000,9999.000
202604070236,   1.931,9999.000,9999.000,9999.000,9999.000,9999.000,9999.000,9999.000,9999.000
202604070242,   1.994,9999.000,9999.000,9999.000,9999.000,9999.000,9999.000,9999.000,9999.000
202604070248,   2.056,9999.000,9999.000,9999.000,9999.000,9999.000,9999.000,9999.000,9999.000
202604070254,   2.118,9999.000,9999.000,9999.000,9999.000,9999.000,9999.000,9999.000,9999.000
202604070300,   2.179,9999.000,   0.100,   0.085,   2.364,   0.000,   2.264,   0.200,   2.464
202604070306,   2.238,9999.000,9999.000,9999.000,9999.000,9999.000,9999.000,9999.000,9999.000
202604070312,   2.296,9999.000,9999.000,9999.000,9999.000,9999.000,9999.000,9999.000,9999.000
202604070318,   2.352,9999.000,9999.000,9999.000,9999.000,9999.000,9999.000,9999.000,9999.000
202604070324,   2.407,9999.000,9999.000,9999.000,9999.000,9999.000,9999.000,9999.000,9999.000
202604070330,   2.460,9999.000,9999.000,9999.000,9999.000,9999.000,9999.000,9999.000,9999.000
202604070336,   2.512,9999.000,9999.000,9999.000,9999.000,9999.000,9999.000,9999.000,9999.000
202604070342,   2.561,9999.000,9999.000,9999.000,9999.000,9999.000,9999.000,9999.000,9999.000
202604070348,   2.608,9999.000,9999.000,9999.000,9999.000,9999.000,9999.000,9999.000,9999.000
202604070354,   2.654,9999.000,9999.000,9999.000,9999.000,9999.000,9999.000,9999.000,9999.000
202604070400,   2.697,9999.000,   0.100,   0.085,   2.882,   0.000,   2.782,   0.200,   2.982
202604070406,   2.738,9999.000,9999.000,9999.000,9999.000,9999.000,9999.000,9999.000,9999.000
202604070412,   2.778,9999.000,9999.000,9999.000,9999.000,9999.000,9999.000,9999.000,9999.000
202604070418,   2.814,9999.000,9999.000,9999.000,9999.000,9999.000,9999.000,9999.000,9999.000
202604070424,   2.849,9999.000,9999.000,9999.000,9999.000,9999.000,9999.000,9999.000,9999.000
202604070430,   2.881,9999.000,9999.000,9999.000,9999.000,9999.000,9999.000,9999.000,9999.000
202604070436,   2.911,9999.000,9999.000,9999.000,9999.000,9999.000,9999.000,9999.000,9999.000
202604070442,   2.939,9999.000,9999.000,9999.000,9999.000,9999.000,9999.000,9999.000,9999.000
202604070448,   2.964,9999.000,9999.000,9999.000,9999.000,9999.000,9999.000,9999.000,9999.000
202604070454,   2.988,9999.000,9999.000,9999.000,9999.000,9999.000,9999.000,9999.000,9999.000
202604070500,   3.009,9999.000,   0.100,   0.085,   3.194,   0.000,   3.094,   0.200,   3.294
202604070506,   3.027,9999.000,9999.000,9999.000,9999.000,9999.000,9999.000,9999.000,9999.000
202604070512,   3.044,9999.000,9999.000,9999.000,9999.000,9999.000,9999.000,9999.000,9999.000
202604070518,   3.058,9999.000,9999.000,9999.000,9999.000,9999.000,9999.000,9999.000,9999.000
202604070524,   3.070,9999.000,9999.000,9999.000,9999.000,9999.000,9999.000,9999.000,9999.000
202604070530,   3.080,9999.000,9999.000,9999.000,9999.000,9999.000,9999.000,9999.000,9999.000
202604070536,   3.088,9999.000,9999.000,9999.000,9999.000,9999.000,9999.000,9999.000,9999.000
202604070542,   3.094,9999.000,9999.000,9999.000,9999.000,9999.000,9999.000,9999.000,9999.000
202604070548,   3.098,9999.000,9999.000,9999.000,9999.000,9999.000,9999.000,9999.000,9999.000
202604070554,   3.100,9999.000,9999.000,9999.000,9999.000,9999.000,9999.000,9999.000,9999.000
202604070600,   3.100,9999.000,   0.000,   0.085,   3.185,   0.000,   3.185,   0.100,   3.285
202604070606,   3.098,9999.000,9999.000,9999.000,9999.000,9999.000,9999.000,9999.000,9999.000
202604070612,   3.094,9999.000,9999.000,9999.000,9999.000,9999.000,9999.000,9999.000,9999.000
202604070618,   3.088,9999.000,9999.000,9999.000,9999.000,9999.000,9999.000,9999.000,9999.000
202604070624,   3.081,9999.000,9999.000,9999.000,9999.000,9999.000,9999.000,9999.000,9999.000
202604070630,   3.071,9999.000,9999.000,9999.000,9999.000,9999.000,9999.000,9999.000,9999.000
202604070636,   3.060,9999.000,9999.000,9999.000,9999.000,9999.000,9999.000,9999.000,9999.000
202604070642,   3.048,9999.000,9999.000,9999.000,9999.000,9999.000,9999.000,9999.000,9999.000
202604070648,   3.033,9999.000,9999.000,9999.000,9999.000,9999.000,9999.000,9999.000,9999.000
202604070654,   3.017,9999.000,9999.000,9999.000,9999.000,9999.000,9999.000,9999.000,9999.000
202604070700,   2.999,9999.000,   0.000,   0.085,   3.084,   0.000,   3.084,   0.100,   3.184
202604070706,   2.979,9999.000,9999.000,9999.000,9999.000,9999.000,9999.000,9999.000,9999.000
202604070712,   2.957,9999.000,9999.000,9999.000,9999.000,9999.000,9999.000,9999.000,9999.000
202604070718,   2.934,9999.000,9999.000,9999.000,9999.000,9999.000,9999.000,9999.000,9999.000
202604070724,   2.909,9999.000,9999.000,9999.000,9999.000,9999.000,9999.000,9999.000,9999.000
202604070730,   2.882,9999.000,9999.000,9999.000,9999.000,9999.000,9999.000,9999.000,9999.000
202604070736,   2.853,9999.000,9999.000,9999.000,9999.000,9999.000,9999.000,9999.000,9999.000
202604070742,   2.822,9999.000,9999.000,9999.000,9999.000,9999.000,9999.000,9999.000,9999.000
202604070748,   2.789,9999.000,9999.000,9999.000,9999.000,9999.000,9999.000,9999.000,9999.000
202604070754,   2.755,9999.000,9999.000,9999.000,9999.000,9999.000,9999.000,9999.000,9999.000
202604070800,   2.719,9999.000,   0.000,   0.085,   2.804,   0.000,   2.804,   0.100,   2.904
202604070806,   2.680,9999.000,9999.000,9999.000,9999.000,9999.000,9999.000,9999.000,9999.000
202604070812,   2.640,9999.000,9999.000,9999.000,9999.000,9999.000,9999.000,9999.000,9999.000
202604070818,   2.598,9999.000,9999.000,9999.000,9999.000,9999.000,9999.000,9999.000,9999.000
202604070824,   2.555,9999.000,9999.000,9999.000,9999.000,9999.000,9999.000,9999.000,9999.000
202604070830,   2.509,9999.000,9999.000,9999.000,9999.000,9999.000,9999.000,9999.000,9999.000
202604070836,   2.461,9999.000,9999.000,9999.000,9999.000,9999.000,9999.000,9999.000,9999.000
202604070842,   2.412,9999.000,9999.000,9999.000,9999.000,9999.000,9999.000,9999.000,9999.000
202604070848,   2.361,9999.000,9999.000,9999.000,9999.000,9999.000,9999.000,9999.000,9999.000
202604070854,   2.309,9999.000,9999.000,9999.000,9999.000,9999.000,9999.000,9999.000,9999.000
202604070900,   2.255,9999.000,   0.000,   0.085,   2.340,   0.000,   2.340,   0.100,   2.440
202604070906,   2.200,9999.000,9999.000,9999.000,9999.000,9999.000,9999.000,9999.000,9999.000
202604070912,   2.143,9999.000,9999.000,9999.000,9999.000,9999.000,9999.000,9999.000,9999.000
202604070918,   2.086,9999.000,9999.000,9999.000,9999.000,9999.000,9999.000,9999.000,9999.000
202604070924,   2.027,9999.000,9999.000,9999.000,9999.000,9999.000,9999.000,9999.000,9999.000
202604070930,   1.968,9999.000,9999.000,9999.000,9999.000,9999.000,9999.000,9999.000,9999.000
202604070936,   1.908,9999.000,9999.000,9999.000,9999.000,9999.000,9999.000,9999.000,9999.000
202604070942,   1.848,9999.000,9999.000,9999.000,9999.000,9999.000,9999.000,9999.000,9999.000
202604070948,   1.787,9999.000,9999.000,9999.000,9999.000,9999.000,9999.000,9999.000,9999.000
202604070954,   1.727,9999.000,9999.000,9999.000,9999.000,9999.000,9999.000,9999.000,9999.000
202604071000,   1.667,9999.000,   0.000,   0.085,   1.752,   0.000,   1.752,   0.100,   1.852
202604071006,   1.607,9999.000,9999.000,9999.000,9999.000,9999.000,9999.000,9999.000,9999.000
202604071012,   1.549,9999.000,9999.000,9999.000,9999.000,9999.000,9999.000,9999.000,9999.000
202604071018,   1.491,9999.000,9999.000,9999.000,9999.000,9999.000,9999.000,9999.000,9999.000
202604071024,   1.434,9999.000,9999.000,9999.000,9999.000,9999.000,9999.000,9999.000,9999.000
202604071030,   1.379,9999.000,9999.000,9999.000,9999.000,9999.000,9999.000,9999.000,9999.000
202604071036,   1.325,9999.000,9999.000,9999.000,9999.000,9999.000,9999.000,9999.000,9999.000
202604071042,   1.273,9999.000,9999.000,9999.000,9999.000,9999.000,9999.000,9999.000,9999.000
202604071048,   1.223,9999.000,9999.000,9999.000,9999.000,9999.000,9999.000,9999.000,9999.000
202604071054,   1.175,9999.000,9999.000,9999.000,9999.000,9999.000,9999.000,9999.000,9999.000
202604071100,   1.129,9999.000,   0.000,   0.085,   1.214,   0.000,   1.214,   0.100,   1.314
202604071106,   1.085,9999.000,9999.000,9999.000,9999.000,9999.000,9999.000,9999.000,9999.000
202604071112,   1.044,9999.000,9999.000,9999.000,9999.000,9999.000,9999.000,9999.000,9999.000
202604071118,   1.006,9999.000,9999.000,9999.000,9999.000,9999.000,9999.000,9999.000,9999.000
202604071124,   0.970,9999.000,9999.000,9999.000,9999.000,9999.000,9999.000,9999.000,9999.000
202604071130,   0.937,9999.000,9999.000,9999.000,9999.000,9999.000,9999.000,9999.000,9999.000
202604071136,   0.907,9999.000,9999.000,9999.000,9999.000,9999.000,9999.000,9999.000,9999.000
202604071142,   0.880,9999.000,9999.000,9999.000,9999.000,9999.000,9999.000,9999.000,9999.000
202604071148,   0.855,9999.000,9999.000,9999.000,9999.000,9999.000,9999.000,9999.000,9999.000
202604071154,   0.834,9999.000,9999.000,9999.000,9999.000,9999.000,9999.000,9999.000,9999.000
202604071200,   0.816,9999.000,   0.000,   0.085,   0.901,   0.000,   0.901,   0.100,   1.001
202604071206,   0.801,9999.000,9999.000,9999.000,9999.000,9999.000,9999.000,9999.000,9999.000
202604071212,   0.789,9999.000,9999.000,9999.000,9999.000,9999.000,9999.000,9999.000,9999.000
202604071218,   0.781,9999.000,9999.000,9999.000,9999.000,9999.000,9999.000,9999.000,9999.000
202604071224,   0.775,9999.000,9999.000,9999.000,9999.000,9999.000,9999.000,9999.000,9999.000
202604071230,   0.773,9999.000,9999.000,9999.000,9999.000,9999.000,9999.000,9999.000,9999.000
202604071236,   0.774,9999.000,9999.000,9999.000,9999.000,9999.000,9999.000,9999.000,9999.000
202604071242,   0.778,9999.000,9999.000,9999.000,9999.000,9999.000,9999.000,9999.000,9999.000
202604071248,   0.785,9999.000,9999.000,9999.000,9999.000,9999.000,9999.000,9999.000,9999.000
202604071254,   0.796,9999.000,9999.000,9999.000,9999.000,9999.000,9999.000,9999.000,9999.000
202604071300,   0.810,9999.000,   0.000,   0.085,   0.895,   0.000,   0.895,   0.100,   0.995
202604071306,   0.827,9999.000,9999.000,9999.000,9999.000,9999.000,9999.000,9999.000,9999.000
202604071312,   0.846,9999.000,9999.000,9999.000,9999.000,9999.000,9999.000,9999.000,9999.000
202604071318,   0.869,9999.000,9999.000,9999.000,9999.000,9999.000,9999.000,9999.000,9999.000
202604071324,   0.895,9999.000,9999.000,9999.000,9999.000,9999.000,9999.000,9999.000,9999.000
202604071330,   0.924,9999.000,9999.000,9999.000,9999.000,9999.000,9999.000,9999.000,9999.000
202604071336,   0.956,9999.000,9999.000,9999.000,9999.000,9999.000,9999.000,9999.000,9999.000
202604071342,   0.990,9999.000,9999.000,9999.000,9999.000,9999.000,9999.000,9999.000,9999.000
202604071348,   1.026,9999.000,9999.000,9999.000,9999.000,9999.000,9999.000,9999.000,9999.000
202604071354,   1.065,9999.000,9999.000,9999.000,9999.000,9999.000,9999.000,9999.000,9999.000
202604071400,   1.106,9999.000,   0.000,   0.085,   1.191,   0.000,   1.191,   0.100,   1.291
202604071406,   1.149,9999.000,9999.000,9999.000,9999.000,9999.000,9999.000,9999.000,9999.000
202604071412,   1.194,9999.000,9999.000,9999.000,9999.000,9999.000,9999.000,9999.000,9999.000
202604071418,   1.241,9999.000,9999.000,9999.000,9999.000,9999.000,9999.000,9999.000,9999.000
202604071424,   1.288,9999.000,9999.000,9999.000,9999.000,9999.000,9999.000,9999.000,9999.000
202604071430,   1.337,9999.000,9999.000,9999.000,9999.000,9999.000,9999.000,9999.000,9999.000
202604071436,   1.387,9999.000,9999.000,9999.000,9999.000,9999.000,9999.000,9999.000,9999.000
202604071442,   1.438,9999.000,9999.000,9999.000,9999.000,9999.000,9999.000,9999.000,9999.000
202604071448,   1.489,9999.000,9999.000,9999.000,9999.000,9999.000,9999.000,9999.000,9999.000
202604071454,   1.540,9999.000,9999.000,9999.000,9999.000,9999.000,9999.000,9999.000,9999.000
202604071500,   1.592,9999.000,   0.000,   0.085,   1.677,   0.000,   1.677,   0.100,   1.777
202604071506,   1.643,9999.000,9999.000,9999.000,9999.000,9999.000,9999.000,9999.000,9999.000
202604071512,   1.695,9999.000,9999.000,9999.000,9999.000,9999.000,9999.000,9999.000,9999.000
202604071518,   1.745,9999.000,9999.000,9999.000,9999.000,9999.000,9999.000,9999.000,9999.000
202604071524,   1.796,9999.000,9999.000,9999.000,9999.000,9999.000,9999.000,9999.000,9999.000
202604071530,   1.845,9999.000,9999.000,9999.000,9999.000,9999.000,9999.000,9999.000,9999.000
202604071536,   1.894,9999.000,9999.000,9999.000,9999.000,9999.000,9999.000,9999.000,9999.000
202604071542,   1.941,9999.000,9999.000,9999.000,9999.000,9999.000,9999.000,9999.000,9999.000
202604071548,   1.987,9999.000,9999.000,9999.000,9999.000,9999.000,9999.000,9999.000,9999.000
202604071554,   2.033,9999.000,9999.000,9999.000,9999.000,9999.000,9999.000,9999.000,9999.000
202604071600,   2.076,9999.000,   0.000,   0.085,   2.161,   0.000,   2.161,   0.100,   2.261
202604071606,   2.118,9999.000,9999.000,9999.000,9999.000,9999.000,9999.000,9999.000,9999.000
202604071612,   2.159,9999.000,9999.000,9999.000,9999.000,9999.000,9999.000,9999.000,9999.000
202604071618,   2.198,9999.000,9999.000,9999.000,9999.000,9999.000,9999.000,9999.000,9999.000
202604071624,   2.235,9999.000,9999.000,9999.000,9999.000,9999.000,9999.000,9999.000,9999.000
202604071630,   2.271,9999.000,9999.000,9999.000,9999.000,9999.000,9999.000,9999.000,9999.000
202604071636,   2.304,9999.000,9999.000,9999.000,9999.000,9999.000,9999.000,9999.000,9999.000
202604071642,   2.336,9999.000,9999.000,9999.000,9999.000,9999.000,9999.000,9999.000,9999.000
202604071648,   2.366,9999.000,9999.000,9999.000,9999.000,9999.000,9999.000,9999.000,9999.000
202604071654,   2.394,9999.000,9999.000,9999.000,9999.000,9999.000,9999.000,9999.000,9999.000
202604071700,   2.420,9999.000,   0.100,   0.085,   2.605,   0.000,   2.505,   0.200,   2.705
202604071706,   2.444,9999.000,9999.000,9999.000,9999.000,9999.000,9999.000,9999.000,9999.000
202604071712,   2.466,9999.000,9999.000,9999.000,9999.000,9999.000,9999.000,9999.000,9999.000
202604071718,   2.486,9999.000,9999.000,9999.000,9999.000,9999.000,9999.000,9999.000,9999.000
202604071724,   2.504,9999.000,9999.000,9999.000,9999.000,9999.000,9999.000,9999.000,9999.000
202604071730,   2.520,9999.000,9999.000,9999.000,9999.000,9999.000,9999.000,9999.000,9999.000
202604071736,   2.534,9999.000,9999.000,9999.000,9999.000,9999.000,9999.000,9999.000,9999.000
202604071742,   2.546,9999.000,9999.000,9999.000,9999.000,9999.000,9999.000,9999.000,9999.000
202604071748,   2.557,9999.000,9999.000,9999.000,9999.000,9999.000,9999.000,9999.000,9999.000
202604071754,   2.565,9999.000,9999.000,9999.000,9999.000,9999.000,9999.000,9999.000,9999.000
202604071800,   2.572,9999.000,   0.100,   0.085,   2.757,   0.000,   2.657,   0.200,   2.857
202604071806,   2.577,9999.000,9999.000,9999.000,9999.000,9999.000,9999.000,9999.000,9999.000
202604071812,   2.580,9999.000,9999.000,9999.000,9999.000,9999.000,9999.000,9999.000,9999.000
202604071818,   2.581,9999.000,9999.000,9999.000,9999.000,9999.000,9999.000,9999.000,9999.000
202604071824,   2.581,9999.000,9999.000,9999.000,9999.000,9999.000,9999.000,9999.000,9999.000
202604071830,   2.579,9999.000,9999.000,9999.000,9999.000,9999.000,9999.000,9999.000,9999.000
202604071836,   2.576,9999.000,9999.000,9999.000,9999.000,9999.000,9999.000,9999.000,9999.000
202604071842,   2.571,9999.000,9999.000,9999.000,9999.000,9999.000,9999.000,9999.000,9999.000
202604071848,   2.564,9999.000,9999.000,9999.000,9999.000,9999.000,9999.000,9999.000,9999.000
202604071854,   2.555,9999.000,9999.000,9999.000,9999.000,9999.000,9999.000,9999.000,9999.000
202604071900,   2.545,9999.000,   0.100,   0.085,   2.730,   0.000,   2.630,   0.200,   2.830
202604071906,   2.534,9999.000,9999.000,9999.000,9999.000,9999.000,9999.000,9999.000,9999.000
202604071912,   2.521,9999.000,9999.000,9999.000,9999.000,9999.000,9999.000,9999.000,9999.000
202604071918,   2.506,9999.000,9999.000,9999.000,9999.000,9999.000,9999.000,9999.000,9999.000
202604071924,   2.489,9999.000,9999.000,9999.000,9999.000,9999.000,9999.000,9999.000,9999.000
202604071930,   2.471,9999.000,9999.000,9999.000,9999.000,9999.000,9999.000,9999.000,9999.000
202604071936,   2.452,9999.000,9999.000,9999.000,9999.000,9999.000,9999.000,9999.000,9999.000
202604071942,   2.431,9999.000,9999.000,9999.000,9999.000,9999.000,9999.000,9999.000,9999.000
202604071948,   2.408,9999.000,9999.000,9999.000,9999.000,9999.000,9999.000,9999.000,9999.000
202604071954,   2.384,9999.000,9999.000,9999.000,9999.000,9999.000,9999.000,9999.000,9999.000
202604072000,   2.358,9999.000,   0.100,   0.085,   2.543,   0.000,   2.443,   0.200,   2.643
202604072006,   2.330,9999.000,9999.000,9999.000,9999.000,9999.000,9999.000,9999.000,9999.000
202604072012,   2.301,9999.000,9999.000,9999.000,9999.000,9999.000,9999.000,9999.000,9999.000
202604072018,   2.270,9999.000,9999.000,9999.000,9999.000,9999.000,9999.000,9999.000,9999.000
202604072024,   2.237,9999.000,9999.000,9999.000,9999.000,9999.000,9999.000,9999.000,9999.000
202604072030,   2.203,9999.000,9999.000,9999.000,9999.000,9999.000,9999.000,9999.000,9999.000
202604072036,   2.168,9999.000,9999.000,9999.000,9999.000,9999.000,9999.000,9999.000,9999.000
202604072042,   2.130,9999.000,9999.000,9999.000,9999.000,9999.000,9999.000,9999.000,9999.000
202604072048,   2.091,9999.000,9999.000,9999.000,9999.000,9999.000,9999.000,9999.000,9999.000
202604072054,   2.051,9999.000,9999.000,9999.000,9999.000,9999.000,9999.000,9999.000,9999.000
202604072100,   2.009,9999.000,   0.100,   0.085,   2.194,   0.000,   2.094,   0.200,   2.294
202604072106,   1.966,9999.000,9999.000,9999.000,9999.000,9999.000,9999.000,9999.000,9999.000
202604072112,   1.922,9999.000,9999.000,9999.000,9999.000,9999.000,9999.000,9999.000,9999.000
202604072118,   1.876,9999.000,9999.000,9999.000,9999.000,9999.000,9999.000,9999.000,9999.000
202604072124,   1.829,9999.000,9999.000,9999.000,9999.000,9999.000,9999.000,9999.000,9999.000
202604072130,   1.782,9999.000,9999.000,9999.000,9999.000,9999.000,9999.000,9999.000,9999.000
202604072136,   1.733,9999.000,9999.000,9999.000,9999.000,9999.000,9999.000,9999.000,9999.000
202604072142,   1.684,9999.000,9999.000,9999.000,9999.000,9999.000,9999.000,9999.000,9999.000
202604072148,   1.635,9999.000,9999.000,9999.000,9999.000,9999.000,9999.000,9999.000,9999.000
202604072154,   1.585,9999.000,9999.000,9999.000,9999.000,9999.000,9999.000,9999.000,9999.000
202604072200,   1.535,9999.000,   0.100,   0.085,   1.720,   0.000,   1.620,   0.300,   1.920
202604072206,   1.485,9999.000,9999.000,9999.000,9999.000,9999.000,9999.000,9999.000,9999.000
202604072212,   1.435,9999.000,9999.000,9999.000,9999.000,9999.000,9999.000,9999.000,9999.000
202604072218,   1.386,9999.000,9999.000,9999.000,9999.000,9999.000,9999.000,9999.000,9999.000
202604072224,   1.338,9999.000,9999.000,9999.000,9999.000,9999.000,9999.000,9999.000,9999.000
202604072230,   1.291,9999.000,9999.000,9999.000,9999.000,9999.000,9999.000,9999.000,9999.000
202604072236,   1.245,9999.000,9999.000,9999.000,9999.000,9999.000,9999.000,9999.000,9999.000
202604072242,   1.200,9999.000,9999.000,9999.000,9999.000,9999.000,9999.000,9999.000,9999.000
202604072248,   1.157,9999.000,9999.000,9999.000,9999.000,9999.000,9999.000,9999.000,9999.000
202604072254,   1.116,9999.000,9999.000,9999.000,9999.000,9999.000,9999.000,9999.000,9999.000
202604072300,   1.077,9999.000,   0.200,   0.085,   1.362,   0.100,   1.262,   0.300,   1.462
202604072306,   1.040,9999.000,9999.000,9999.000,9999.000,9999.000,9999.000,9999.000,9999.000
202604072312,   1.005,9999.000,9999.000,9999.000,9999.000,9999.000,9999.000,9999.000,9999.000
202604072318,   0.973,9999.000,9999.000,9999.000,9999.000,9999.000,9999.000,9999.000,9999.000
202604072324,   0.943,9999.000,9999.000,9999.000,9999.000,9999.000,9999.000,9999.000,9999.000
202604072330,   0.917,9999.000,9999.000,9999.000,9999.000,9999.000,9999.000,9999.000,9999.000
202604072336,   0.893,9999.000,9999.000,9999.000,9999.000,9999.000,9999.000,9999.000,9999.000
202604072342,   0.872,9999.000,9999.000,9999.000,9999.000,9999.000,9999.000,9999.000,9999.000
202604072348,   0.854,9999.000,9999.000,9999.000,9999.000,9999.000,9999.000,9999.000,9999.000
202604072354,   0.839,9999.000,9999.000,9999.000,9999.000,9999.000,9999.000,9999.000,9999.000
202604080000,   0.827,9999.000,   0.200,   0.085,   1.112,   0.100,   1.012,   0.300,   1.212
202604080006,   0.818,9999.000,9999.000,9999.000,9999.000,9999.000,9999.000,9999.000,9999.000
202604080012,   0.813,9999.000,9999.000,9999.000,9999.000,9999.000,9999.000,9999.000,9999.000
202604080018,   0.811,9999.000,9999.000,9999.000,9999.000,9999.000,9999.000,9999.000,9999.000
202604080024,   0.811,9999.000,9999.000,9999.000,9999.000,9999.000,9999.000,9999.000,9999.000
202604080030,   0.816,9999.000,9999.000,9999.000,9999.000,9999.000,9999.000,9999.000,9999.000
202604080036,   0.823,9999.000,9999.000,9999.000,9999.000,9999.000,9999.000,9999.000,9999.000
202604080042,   0.833,9999.000,9999.000,9999.000,9999.000,9999.000,9999.000,9999.000,9999.000
202604080048,   0.847,9999.000,9999.000,9999.000,9999.000,9999.000,9999.000,9999.000,9999.000
202604080054,   0.864,9999.000,9999.000,9999.000,9999.000,9999.000,9999.000,9999.000,9999.000
202604080100,   0.884,9999.000,   0.300,   0.085,   1.269,   0.100,   1.069,   0.400,   1.369
202604080106,   0.907,9999.000,9999.000,9999.000,9999.000,9999.000,9999.000,9999.000,9999.000
202604080112,   0.933,9999.000,9999.000,9999.000,9999.000,9999.000,9999.000,9999.000,9999.000
202604080118,   0.961,9999.000,9999.000,9999.000,9999.000,9999.000,9999.000,9999.000,9999.000
202604080124,   0.993,9999.000,9999.000,9999.000,9999.000,9999.000,9999.000,9999.000,9999.000
202604080130,   1.027,9999.000,9999.000,9999.000,9999.000,9999.000,9999.000,9999.000,9999.000
202604080136,   1.064,9999.000,9999.000,9999.000,9999.000,9999.000,9999.000,9999.000,9999.000
202604080142,   1.104,9999.000,9999.000,9999.000,9999.000,9999.000,9999.000,9999.000,9999.000
202604080148,   1.146,9999.000,9999.000,9999.000,9999.000,9999.000,9999.000,9999.000,9999.000
202604080154,   1.190,9999.000,9999.000,9999.000,9999.000,9999.000,9999.000,9999.000,9999.000
202604080200,   1.236,9999.000,   0.300,   0.085,   1.621,   0.200,   1.521,   0.400,   1.721
202604080206,   1.284,9999.000,9999.000,9999.000,9999.000,9999.000,9999.000,9999.000,9999.000
202604080212,   1.334,9999.000,9999.000,9999.000,9999.000,9999.000,9999.000,9999.000,9999.000
202604080218,   1.385,9999.000,9999.000,9999.000,9999.000,9999.000,9999.000,9999.000,9999.000
202604080224,   1.438,9999.000,9999.000,9999.000,9999.000,9999.000,9999.000,9999.000,9999.000
202604080230,   1.492,9999.000,9999.000,9999.000,9999.000,9999.000,9999.000,9999.000,9999.000
202604080236,   1.547,9999.000,9999.000,9999.000,9999.000,9999.000,9999.000,9999.000,9999.000
202604080242,   1.603,9999.000,9999.000,9999.000,9999.000,9999.000,9999.000,9999.000,9999.000
202604080248,   1.659,9999.000,9999.000,9999.000,9999.000,9999.000,9999.000,9999.000,9999.000
202604080254,   1.715,9999.000,9999.000,9999.000,9999.000,9999.000,9999.000,9999.000,9999.000
202604080300,   1.772,9999.000,   0.300,   0.085,   2.157,   0.200,   2.057,   0.500,   2.357
202604080306,   1.829,9999.000,9999.000,9999.000,9999.000,9999.000,9999.000,9999.000,9999.000
202604080312,   1.885,9999.000,9999.000,9999.000,9999.000,9999.000,9999.000,9999.000,9999.000
202604080318,   1.941,9999.000,9999.000,9999.000,9999.000,9999.000,9999.000,9999.000,9999.000
202604080324,   1.996,9999.000,9999.000,9999.000,9999.000,9999.000,9999.000,9999.000,9999.000
202604080330,   2.051,9999.000,9999.000,9999.000,9999.000,9999.000,9999.000,9999.000,9999.000
202604080336,   2.105,9999.000,9999.000,9999.000,9999.000,9999.000,9999.000,9999.000,9999.000
202604080342,   2.158,9999.000,9999.000,9999.000,9999.000,9999.000,9999.000,9999.000,9999.000
202604080348,   2.209,9999.000,9999.000,9999.000,9999.000,9999.000,9999.000,9999.000,9999.000
202604080354,   2.260,9999.000,9999.000,9999.000,9999.000,9999.000,9999.000,9999.000,9999.000
202604080400,   2.309,9999.000,   0.300,   0.085,   2.694,   0.200,   2.594,   0.500,   2.894
202604080406,   2.357,9999.000,9999.000,9999.000,9999.000,9999.000,9999.000,9999.000,9999.000
202604080412,   2.403,9999.000,9999.000,9999.000,9999.000,9999.000,9999.000,9999.000,9999.000
202604080418,   2.448,9999.000,9999.000,9999.000,9999.000,9999.000,9999.000,9999.000,9999.000
202604080424,   2.491,9999.000,9999.000,9999.000,9999.000,9999.000,9999.000,9999.000,9999.000
202604080430,   2.532,9999.000,9999.000,9999.000,9999.000,9999.000,9999.000,9999.000,9999.000
202604080436,   2.572,9999.000,9999.000,9999.000,9999.000,9999.000,9999.000,9999.000,9999.000
202604080442,   2.610,9999.000,9999.000,9999.000,9999.000,9999.000,9999.000,9999.000,9999.000
202604080448,   2.646,9999.000,9999.000,9999.000,9999.000,9999.000,9999.000,9999.000,9999.000
202604080454,   2.681,9999.000,9999.000,9999.000,9999.000,9999.000,9999.000,9999.000,9999.000
202604080500,   2.713,9999.000,   0.400,   0.085,   3.198,   0.200,   2.998,   0.500,   3.298
202604080506,   2.744,9999.000,9999.000,9999.000,9999.000,9999.000,9999.000,9999.000,9999.000
202604080512,   2.772,9999.000,9999.000,9999.000,9999.000,9999.000,9999.000,9999.000,9999.000
202604080518,   2.799,9999.000,9999.000,9999.000,9999.000,9999.000,9999.000,9999.000,9999.000
202604080524,   2.824,9999.000,9999.000,9999.000,9999.000,9999.000,9999.000,9999.000,9999.000
202604080530,   2.847,9999.000,9999.000,9999.000,9999.000,9999.000,9999.000,9999.000,9999.000
202604080536,   2.868,9999.000,9999.000,9999.000,9999.000,9999.000,9999.000,9999.000,9999.000
202604080542,   2.887,9999.000,9999.000,9999.000,9999.000,9999.000,9999.000,9999.000,9999.000
202604080548,   2.904,9999.000,9999.000,9999.000,9999.000,9999.000,9999.000,9999.000,9999.000
202604080554,   2.919,9999.000,9999.000,9999.000,9999.000,9999.000,9999.000,9999.000,9999.000
202604080600,   2.932,9999.000,   0.400,   0.085,   3.417,   0.200,   3.217,   0.600,   3.617
202604080606,   2.943,9999.000,9999.000,9999.000,9999.000,9999.000,9999.000,9999.000,9999.000
202604080612,   2.952,9999.000,9999.000,9999.000,9999.000,9999.000,9999.000,9999.000,9999.000
202604080618,   2.960,9999.000,9999.000,9999.000,9999.000,9999.000,9999.000,9999.000,9999.000
202604080624,   2.966,9999.000,9999.000,9999.000,9999.000,9999.000,9999.000,9999.000,9999.000
202604080630,   2.969,9999.000,9999.000,9999.000,9999.000,9999.000,9999.000,9999.000,9999.000
202604080636,   2.971,9999.000,9999.000,9999.000,9999.000,9999.000,9999.000,9999.000,9999.000
202604080642,   2.972,9999.000,9999.000,9999.000,9999.000,9999.000,9999.000,9999.000,9999.000
202604080648,   2.970,9999.000,9999.000,9999.000,9999.000,9999.000,9999.000,9999.000,9999.000
202604080654,   2.967,9999.000,9999.000,9999.000,9999.000,9999.000,9999.000,9999.000,9999.000
202604080700,   2.963,9999.000,   0.400,   0.085,   3.448,   0.200,   3.248,   0.600,   3.648
202604080706,   2.956,9999.000,9999.000,9999.000,9999.000,9999.000,9999.000,9999.000,9999.000
202604080712,   2.948,9999.000,9999.000,9999.000,9999.000,9999.000,9999.000,9999.000,9999.000
202604080718,   2.939,9999.000,9999.000,9999.000,9999.000,9999.000,9999.000,9999.000,9999.000
202604080724,   2.928,9999.000,9999.000,9999.000,9999.000,9999.000,9999.000,9999.000,9999.000
202604080730,   2.915,9999.000,9999.000,9999.000,9999.000,9999.000,9999.000,9999.000,9999.000
202604080736,   2.901,9999.000,9999.000,9999.000,9999.000,9999.000,9999.000,9999.000,9999.000
202604080742,   2.885,9999.000,9999.000,9999.000,9999.000,9999.000,9999.000,9999.000,9999.000
202604080748,   2.868,9999.000,9999.000,9999.000,9999.000,9999.000,9999.000,9999.000,9999.000
202604080754,   2.850,9999.000,9999.000,9999.000,9999.000,9999.000,9999.000,9999.000,9999.000
202604080800,   2.829,9999.000,   0.400,   0.085,   3.314,   0.300,   3.214,   0.600,   3.514
202604080806,   2.808,9999.000,9999.000,9999.000,9999.000,9999.000,9999.000,9999.000,9999.000
202604080812,   2.784,9999.000,9999.000,9999.000,9999.000,9999.000,9999.000,9999.000,9999.000
202604080818,   2.760,9999.000,9999.000,9999.000,9999.000,9999.000,9999.000,9999.000,9999.000
202604080824,   2.733,9999.000,9999.000,9999.000,9999.000,9999.000,9999.000,9999.000,9999.000
202604080830,   2.706,9999.000,9999.000,9999.000,9999.000,9999.000,9999.000,9999.000,9999.000
202604080836,   2.676,9999.000,9999.000,9999.000,9999.000,9999.000,9999.000,9999.000,9999.000
202604080842,   2.645,9999.000,9999.000,9999.000,9999.000,9999.000,9999.000,9999.000,9999.000
202604080848,   2.613,9999.000,9999.000,9999.000,9999.000,9999.000,9999.000,9999.000,9999.000
202604080854,   2.579,9999.000,9999.000,9999.000,9999.000,9999.000,9999.000,9999.000,9999.000
202604080900,   2.544,9999.000,   0.500,   0.085,   3.129,   0.300,   2.929,   0.700,   3.329
202604080906,   2.508,9999.000,9999.000,9999.000,9999.000,9999.000,9999.000,9999.000,9999.000
202604080912,   2.469,9999.000,9999.000,9999.000,9999.000,9999.000,9999.000,9999.000,9999.000
202604080918,   2.430,9999.000,9999.000,9999.000,9999.000,9999.000,9999.000,9999.000,9999.000
202604080924,   2.389,9999.000,9999.000,9999.000,9999.000,9999.000,9999.000,9999.000,9999.000
202604080930,   2.347,9999.000,9999.000,9999.000,9999.000,9999.000,9999.000,9999.000,9999.000
202604080936,   2.303,9999.000,9999.000,9999.000,9999.000,9999.000,9999.000,9999.000,9999.000
202604080942,   2.259,9999.000,9999.000,9999.000,9999.000,9999.000,9999.000,9999.000,9999.000
202604080948,   2.213,9999.000,9999.000,9999.000,9999.000,9999.000,9999.000,9999.000,9999.000
202604080954,   2.166,9999.000,9999.000,9999.000,9999.000,9999.000,9999.000,9999.000,9999.000
202604081000,   2.119,9999.000,   0.500,   0.085,   2.704,   0.300,   2.504,   0.700,   2.904
202604081006,   2.070,9999.000,9999.000,9999.000,9999.000,9999.000,9999.000,9999.000,9999.000
202604081012,   2.021,9999.000,9999.000,9999.000,9999.000,9999.000,9999.000,9999.000,9999.000
202604081018,   1.971,9999.000,9999.000,9999.000,9999.000,9999.000,9999.000,9999.000,9999.000
202604081024,   1.921,9999.000,9999.000,9999.000,9999.000,9999.000,9999.000,9999.000,9999.000
202604081030,   1.871,9999.000,9999.000,9999.000,9999.000,9999.000,9999.000,9999.000,9999.000
202604081036,   1.820,9999.000,9999.000,9999.000,9999.000,9999.000,9999.000,9999.000,9999.000
202604081042,   1.770,9999.000,9999.000,9999.000,9999.000,9999.000,9999.000,9999.000,9999.000
202604081048,   1.719,9999.000,9999.000,9999.000,9999.000,9999.000,9999.000,9999.000,9999.000
202604081054,   1.670,9999.000,9999.000,9999.000,9999.000,9999.000,9999.000,9999.000,9999.000
202604081100,   1.620,9999.000,   0.600,   0.085,   2.305,   0.300,   2.005,   0.800,   2.505
202604081106,   1.572,9999.000,9999.000,9999.000,9999.000,9999.000,9999.000,9999.000,9999.000
202604081112,   1.525,9999.000,9999.000,9999.000,9999.000,9999.000,9999.000,9999.000,9999.000
202604081118,   1.478,9999.000,9999.000,9999.000,9999.000,9999.000,9999.000,9999.000,9999.000
202604081124,   1.433,9999.000,9999.000,9999.000,9999.000,9999.000,9999.000,9999.000,9999.000
202604081130,   1.389,9999.000,9999.000,9999.000,9999.000,9999.000,9999.000,9999.000,9999.000
202604081136,   1.347,9999.000,9999.000,9999.000,9999.000,9999.000,9999.000,9999.000,9999.000
202604081142,   1.306,9999.000,9999.000,9999.000,9999.000,9999.000,9999.000,9999.000,9999.000
202604081148,   1.268,9999.000,9999.000,9999.000,9999.000,9999.000,9999.000,9999.000,9999.000
202604081154,   1.231,9999.000,9999.000,9999.000,9999.000,9999.000,9999.000,9999.000,9999.000
202604081200,   1.196,9999.000,   0.600,   0.085,   1.881,   0.300,   1.581,   0.800,   2.081
