        TIME,    TIDE,      OB,   SURGE,    BIAS,     TWL,SURGE90p,  TWL90p,SURGE10p,   TWL10p
202603061800,   1.551,   2.269,   0.500,   0.218,   2.269,   0.500,   2.269,   0.500,   2.269
202603061806,   1.502,9999.000,9999.000,9999.000,9999.000,9999.000,9999.000,9999.000,9999.000
202603061812,   1.453,   2.177,9999.000,9999.000,9999.000,9999.000,9999.000,9999.000,9999.000
202603061818,   1.402,9999.000,9999.000,9999.000,9999.000,9999.000,9999.000,9999.000,9999.000
202603061824,   1.349,   2.079,9999.000,9999.000,9999.000,9999.000,9999.000,9999.000,9999.000
202603061830,   1.296,9999.000,9999.000,9999.000,9999.000,9999.000,9999.000,9999.000,9999.000
202603061836,   1.241,   1.958,9999.000,9999.000,9999.000,9999.000,9999.000,9999.000,9999.000
202603061842,   1.186,9999.000,9999.000,9999.000,9999.000,9999.000,9999.000,9999.000,9999.000
202603061848,   1.130,   1.859,9999.000,9999.000,9999.000,9999.000,9999.000,9999.000,9999.000
202603061854,   1.073,9999.000,9999.000,9999.000,9999.000,9999.000,9999.000,9999.000,9999.000
202603061900,   1.016,   1.758,   0.500,   0.242,   1.758,   0.500,   1.758,   0.600,   1.858
202603061906,   0.959,   1.708,9999.000,9999.000,9999.000,9999.000,9999.000,9999.000,9999.000
202603061912,   0.901,   1.649,9999.000,9999.000,9999.000,9999.000,9999.000,9999.000,9999.000
202603061918,   0.843,   1.600,9999.000,9999.000,9999.000,9999.000,9999.000,9999.000,9999.000
202603061924,   0.786,   1.538,9999.000,9999.000,9999.000,9999.000,9999.000,9999.000,9999.000
202603061930,   0.728,   1.508,9999.000,9999.000,9999.000,9999.000,9999.000,9999.000,9999.000
202603061936,   0.671,   1.449,9999.000,9999.000,9999.000,9999.000,9999.000,9999.000,9999.000
202603061942,   0.615,   1.400,9999.000,9999.000,9999.000,9999.000,9999.000,9999.000,9999.000
202603061948,   0.559,   1.348,9999.000,9999.000,9999.000,9999.000,9999.000,9999.000,9999.000
202603061954,   0.504,   1.279,9999.000,9999.000,9999.000,9999.000,9999.000,9999.000,9999.000
202603062000,   0.450,   1.220,   0.600,   0.170,   1.220,   0.500,   1.120,   0.600,   1.220
202603062006,   0.397,   1.180,9999.000,9999.000,9999.000,9999.000,9999.000,9999.000,9999.000
202603062012,   0.346,   1.138,9999.000,9999.000,9999.000,9999.000,9999.000,9999.000,9999.000
202603062018,   0.296,   1.098,9999.000,9999.000,9999.000,9999.000,9999.000,9999.000,9999.000
202603062024,   0.247,   1.059,9999.000,9999.000,9999.000,9999.000,9999.000,9999.000,9999.000
202603062030,   0.201,   1.029,9999.000,9999.000,9999.000,9999.000,9999.000,9999.000,9999.000
202603062036,   0.156,   0.990,9999.000,9999.000,9999.000,9999.000,9999.000,9999.000,9999.000
202603062042,   0.114,   0.951,9999.000,9999.000,9999.000,9999.000,9999.000,9999.000,9999.000
202603062048,   0.073,   0.908,9999.000,9999.000,9999.000,9999.000,9999.000,9999.000,9999.000
202603062054,   0.035,   0.888,9999.000,9999.000,9999.000,9999.000,9999.000,9999.000,9999.000
202603062100,   0.000,   0.849,   0.600,   0.249,   0.849,   0.500,   0.749,   0.600,   0.849
202603062106,  -0.032,   0.800,9999.000,9999.000,9999.000,9999.000,9999.000,9999.000,9999.000
202603062112,  -0.062,   0.770,9999.000,9999.000,9999.000,9999.000,9999.000,9999.000,9999.000
202603062118,  -0.090,   0.751,9999.000,9999.000,9999.000,9999.000,9999.000,9999.000,9999.000
202603062124,  -0.114,   0.718,9999.000,9999.000,9999.000,9999.000,9999.000,9999.000,9999.000
202603062130,  -0.136,   0.688,9999.000,9999.000,9999.000,9999.000,9999.000,9999.000,9999.000
202603062136,  -0.155,   0.669,9999.000,9999.000,9999.000,9999.000,9999.000,9999.000,9999.000
202603062142,  -0.171,   0.659,9999.000,9999.000,9999.000,9999.000,9999.000,9999.000,9999.000
202603062148,  -0.183,   0.649,9999.000,9999.000,9999.000,9999.000,9999.000,9999.000,9999.000
202603062154,  -0.193,   0.649,9999.000,9999.000,9999.000,9999.000,9999.000,9999.000,9999.000
202603062200,  -0.200,   0.649,   0.700,   0.149,   0.649,   0.600,   0.549,   0.700,   0.649
202603062206,  -0.203,   0.649,9999.000,9999.000,9999.000,9999.000,9999.000,9999.000,9999.000
202603062212,  -0.204,   0.649,9999.000,9999.000,9999.000,9999.000,9999.000,9999.000,9999.000
202603062218,  -0.201,   0.678,9999.000,9999.000,9999.000,9999.000,9999.000,9999.000,9999.000
202603062224,  -0.196,   0.698,9999.000,9999.000,9999.000,9999.000,9999.000,9999.000,9999.000
202603062230,  -0.188,   0.718,9999.000,9999.000,9999.000,9999.000,9999.000,9999.000,9999.000
202603062236,  -0.177,   0.731,9999.000,9999.000,9999.000,9999.000,9999.000,9999.000,9999.000
202603062242,  -0.163,   0.741,9999.000,9999.000,9999.000,9999.000,9999.000,9999.000,9999.000
202603062248,  -0.146,   0.770,9999.000,9999.000,9999.000,9999.000,9999.000,9999.000,9999.000
202603062254,  -0.127,   0.790,9999.000,9999.000,9999.000,9999.000,9999.000,9999.000,9999.000
202603062300,  -0.105,   0.810,   0.700,   0.215,   0.810,   0.600,   0.710,   0.800,   0.910
202603062306,  -0.080,   0.839,9999.000,9999.000,9999.000,9999.000,9999.000,9999.000,9999.000
202603062312,  -0.054,   0.879,9999.000,9999.000,9999.000,9999.000,9999.000,9999.000,9999.000
202603062318,  -0.024,   0.918,9999.000,9999.000,9999.000,9999.000,9999.000,9999.000,9999.000
202603062324,   0.006,   0.951,9999.000,9999.000,9999.000,9999.000,9999.000,9999.000,9999.000
202603062330,   0.040,   0.980,9999.000,9999.000,9999.000,9999.000,9999.000,9999.000,9999.000
202603062336,   0.076,   1.039,9999.000,9999.000,9999.000,9999.000,9999.000,9999.000,9999.000
202603062342,   0.114,   1.079,9999.000,9999.000,9999.000,9999.000,9999.000,9999.000,9999.000
202603062348,   0.154,   1.128,9999.000,9999.000,9999.000,9999.000,9999.000,9999.000,9999.000
202603062354,   0.196,9999.000,9999.000,9999.000,9999.000,9999.000,9999.000,9999.000,9999.000
202603070000,   0.240,   1.279,   0.700,   0.339,   1.279,   0.600,   1.179,   0.700,   1.279
202603070006,   0.285,   1.279,9999.000,9999.000,9999.000,9999.000,9999.000,9999.000,9999.000
202603070012,   0.333,   1.338,9999.000,9999.000,9999.000,9999.000,9999.000,9999.000,9999.000
202603070018,   0.381,   1.390,9999.000,9999.000,9999.000,9999.000,9999.000,9999.000,9999.000
202603070024,   0.432,   1.449,9999.000,9999.000,9999.000,9999.000,9999.000,9999.000,9999.000
202603070030,   0.484,   1.498,9999.000,9999.000,9999.000,9999.000,9999.000,9999.000,9999.000
202603070036,   0.537,   1.557,9999.000,9999.000,9999.000,9999.000,9999.000,9999.000,9999.000
202603070042,   0.592,   1.610,9999.000,9999.000,9999.000,9999.000,9999.000,9999.000,9999.000
202603070048,   0.647,   1.669,9999.000,9999.000,9999.000,9999.000,9999.000,9999.000,9999.000
202603070054,   0.704,   1.738,9999.000,9999.000,9999.000,9999.000,9999.000,9999.000,9999.000
202603070100,   0.762,   1.810,   0.700,   0.348,   1.810,   0.600,   1.710,   0.700,   1.810
202603070106,   0.821,   1.849,9999.000,9999.000,9999.000,9999.000,9999.000,9999.000,9999.000
202603070112,   0.881,   1.938,9999.000,9999.000,9999.000,9999.000,9999.000,9999.000,9999.000
202603070118,   0.941,   2.000,9999.000,9999.000,9999.000,9999.000,9999.000,9999.000,9999.000
202603070124,   1.002,   2.059,9999.000,9999.000,9999.000,9999.000,9999.000,9999.000,9999.000
202603070130,   1.064,   2.109,9999.000,9999.000,9999.000,9999.000,9999.000,9999.000,9999.000
202603070136,   1.125,   2.158,9999.000,9999.000,9999.000,9999.000,9999.000,9999.000,9999.000
202603070142,   1.187,   2.230,9999.000,9999.000,9999.000,9999.000,9999.000,9999.000,9999.000
202603070148,   1.248,   2.279,9999.000,9999.000,9999.000,9999.000,9999.000,9999.000,9999.000
202603070154,   1.310,   2.348,9999.000,9999.000,9999.000,9999.000,9999.000,9999.000,9999.000
202603070200,   1.371,   2.387,   0.700,   0.316,   2.387,   0.600,   2.287,   0.800,   2.487
202603070206,   1.431,   2.430,9999.000,9999.000,9999.000,9999.000,9999.000,9999.000,9999.000
202603070212,   1.491,   2.489,9999.000,9999.000,9999.000,9999.000,9999.000,9999.000,9999.000
202603070218,   1.550,   2.558,9999.000,9999.000,9999.000,9999.000,9999.000,9999.000,9999.000
202603070224,   1.608,   2.597,9999.000,9999.000,9999.000,9999.000,9999.000,9999.000,9999.000
202603070230,   1.664,   2.640,9999.000,9999.000,9999.000,9999.000,9999.000,9999.000,9999.000
202603070236,   1.719,   2.689,9999.000,9999.000,9999.000,9999.000,9999.000,9999.000,9999.000
202603070242,   1.772,   2.748,9999.000,9999.000,9999.000,9999.000,9999.000,9999.000,9999.000
202603070248,   1.823,   2.778,9999.000,9999.000,9999.000,9999.000,9999.000,9999.000,9999.000
202603070254,   1.873,   2.807,9999.000,9999.000,9999.000,9999.000,9999.000,9999.000,9999.000
202603070300,   1.920,   2.860,   0.700,   0.240,   2.860,   0.600,   2.760,   0.800,   2.960
202603070306,   1.964,   2.889,9999.000,9999.000,9999.000,9999.000,9999.000,9999.000,9999.000
202603070312,   2.006,   2.919,9999.000,9999.000,9999.000,9999.000,9999.000,9999.000,9999.000
202603070318,   2.046,   2.958,9999.000,9999.000,9999.000,9999.000,9999.000,9999.000,9999.000
202603070324,   2.082,   2.988,9999.000,9999.000,9999.000,9999.000,9999.000,9999.000,9999.000
202603070330,   2.116,   3.017,9999.000,9999.000,9999.000,9999.000,9999.000,9999.000,9999.000
202603070336,   2.146,   3.030,9999.000,9999.000,9999.000,9999.000,9999.000,9999.000,9999.000
202603070342,   2.173,   3.050,9999.000,9999.000,9999.000,9999.000,9999.000,9999.000,9999.000
202603070348,   2.198,   3.060,9999.000,9999.000,9999.000,9999.000,9999.000,9999.000,9999.000
202603070354,   2.218,   3.070,9999.000,9999.000,9999.000,9999.000,9999.000,9999.000,9999.000
202603070400,   2.236,   3.079,   0.700,   0.143,   3.079,   0.600,   2.979,   0.800,   3.179
202603070406,   2.250,   3.099,9999.000,9999.000,9999.000,9999.000,9999.000,9999.000,9999.000
202603070412,   2.261,   3.089,9999.000,9999.000,9999.000,9999.000,9999.000,9999.000,9999.000
202603070418,   2.268,   3.079,9999.000,9999.000,9999.000,9999.000,9999.000,9999.000,9999.000
202603070424,   2.272,   3.070,9999.000,9999.000,9999.000,9999.000,9999.000,9999.000,9999.000
202603070430,   2.272,   3.070,9999.000,9999.000,9999.000,9999.000,9999.000,9999.000,9999.000
202603070436,   2.270,   3.060,9999.000,9999.000,9999.000,9999.000,9999.000,9999.000,9999.000
202603070442,   2.264,   3.050,9999.000,9999.000,9999.000,9999.000,9999.000,9999.000,9999.000
202603070448,   2.254,   3.040,9999.000,9999.000,9999.000,9999.000,9999.000,9999.000,9999.000
202603070454,   2.242,   3.030,9999.000,9999.000,9999.000,9999.000,9999.000,9999.000,9999.000
202603070500,   2.226,   3.017,   0.700,   0.091,   3.017,   0.600,   2.917,   0.800,   3.117
202603070506,   2.208,   2.997,9999.000,9999.000,9999.000,9999.000,9999.000,9999.000,9999.000
202603070512,   2.187,   2.988,9999.000,9999.000,9999.000,9999.000,9999.000,9999.000,9999.000
202603070518,   2.162,   2.958,9999.000,9999.000,9999.000,9999.000,9999.000,9999.000,9999.000
202603070524,   2.136,   2.919,9999.000,9999.000,9999.000,9999.000,9999.000,9999.000,9999.000
202603070530,   2.106,   2.889,9999.000,9999.000,9999.000,9999.000,9999.000,9999.000,9999.000
202603070536,   2.074,   2.860,9999.000,9999.000,9999.000,9999.000,9999.000,9999.000,9999.000
202603070542,   2.040,   2.807,9999.000,9999.000,9999.000,9999.000,9999.000,9999.000,9999.000
202603070548,   2.003,   2.778,9999.000,9999.000,9999.000,9999.000,9999.000,9999.000,9999.000
202603070554,   1.964,   2.748,9999.000,9999.000,9999.000,9999.000,9999.000,9999.000,9999.000
202603070600,   1.923,   2.709,   0.700,   0.086,   2.709,   0.600,   2.609,   0.700,   2.709
202603070606,   1.880,   2.660,9999.000,9999.000,9999.000,9999.000,9999.000,9999.000,9999.000
202603070612,   1.836,   2.610,9999.000,9999.000,9999.000,9999.000,9999.000,9999.000,9999.000
202603070618,   1.789,   2.597,9999.000,9999.000,9999.000,9999.000,9999.000,9999.000,9999.000
202603070624,   1.741,   2.558,9999.000,9999.000,9999.000,9999.000,9999.000,9999.000,9999.000
202603070630,   1.692,   2.509,9999.000,9999.000,9999.000,9999.000,9999.000,9999.000,9999.000
202603070636,   1.641,   2.469,9999.000,9999.000,9999.000,9999.000,9999.000,9999.000,9999.000
202603070642,   1.588,   2.430,9999.000,9999.000,9999.000,9999.000,9999.000,9999.000,9999.000
202603070648,   1.535,   2.387,9999.000,9999.000,9999.000,9999.000,9999.000,9999.000,9999.000
202603070654,   1.480,   2.338,9999.000,9999.000,9999.000,9999.000,9999.000,9999.000,9999.000
202603070700,   1.425,   2.279,   0.700,   0.154,   2.279,   0.600,   2.179,   0.700,   2.279
202603070706,   1.368,   2.230,9999.000,9999.000,9999.000,9999.000,9999.000,9999.000,9999.000
202603070712,   1.311,   2.191,9999.000,9999.000,9999.000,9999.000,9999.000,9999.000,9999.000
202603070718,   1.254,   2.138,9999.000,9999.000,9999.000,9999.000,9999.000,9999.000,9999.000
202603070724,   1.196,   2.079,9999.000,9999.000,9999.000,9999.000,9999.000,9999.000,9999.000
202603070730,   1.137,   2.020,9999.000,9999.000,9999.000,9999.000,9999.000,9999.000,9999.000
202603070736,   1.078,   1.967,9999.000,9999.000,9999.000,9999.000,9999.000,9999.000,9999.000
202603070742,   1.019,   1.918,9999.000,9999.000,9999.000,9999.000,9999.000,9999.000,9999.000
202603070748,   0.961,   1.859,9999.000,9999.000,9999.000,9999.000,9999.000,9999.000,9999.000
202603070754,   0.902,   1.790,9999.000,9999.000,9999.000,9999.000,9999.000,9999.000,9999.000
202603070800,   0.844,   1.738,   0.700,   0.194,   1.738,   0.600,   1.638,   0.700,   1.738
202603070806,   0.786,   1.689,9999.000,9999.000,9999.000,9999.000,9999.000,9999.000,9999.000
202603070812,   0.729,   1.639,9999.000,9999.000,9999.000,9999.000,9999.000,9999.000,9999.000
202603070818,   0.673,   1.580,9999.000,9999.000,9999.000,9999.000,9999.000,9999.000,9999.000
202603070824,   0.618,   1.538,9999.000,9999.000,9999.000,9999.000,9999.000,9999.000,9999.000
202603070830,   0.564,   1.469,9999.000,9999.000,9999.000,9999.000,9999.000,9999.000,9999.000
202603070836,   0.511,   1.420,9999.000,9999.000,9999.000,9999.000,9999.000,9999.000,9999.000
202603070842,   0.460,   1.371,9999.000,9999.000,9999.000,9999.000,9999.000,9999.000,9999.000
202603070848,   0.410,   1.328,9999.000,9999.000,9999.000,9999.000,9999.000,9999.000,9999.000
202603070854,   0.362,   1.279,9999.000,9999.000,9999.000,9999.000,9999.000,9999.000,9999.000
202603070900,   0.315,   1.239,   0.700,   0.224,   1.239,   0.600,   1.139,   0.700,   1.239
202603070906,   0.271,   1.200,9999.000,9999.000,9999.000,9999.000,9999.000,9999.000,9999.000
202603070912,   0.229,   1.170,9999.000,9999.000,9999.000,9999.000,9999.000,9999.000,9999.000
202603070918,   0.189,   1.151,9999.000,9999.000,9999.000,9999.000,9999.000,9999.000,9999.000
202603070924,   0.151,   1.098,9999.000,9999.000,9999.000,9999.000,9999.000,9999.000,9999.000
202603070930,   0.116,   1.069,9999.000,9999.000,9999.000,9999.000,9999.000,9999.000,9999.000
202603070936,   0.083,   1.029,9999.000,9999.000,9999.000,9999.000,9999.000,9999.000,9999.000
202603070942,   0.053,   1.010,9999.000,9999.000,9999.000,9999.000,9999.000,9999.000,9999.000
202603070948,   0.025,   0.990,9999.000,9999.000,9999.000,9999.000,9999.000,9999.000,9999.000
202603070954,   0.000,   0.970,9999.000,9999.000,9999.000,9999.000,9999.000,9999.000,9999.000
202603071000,  -0.021,   0.941,   0.700,   0.262,   0.941,   0.600,   0.841,   0.700,   0.941
202603071006,  -0.040,   0.918,9999.000,9999.000,9999.000,9999.000,9999.000,9999.000,9999.000
202603071012,  -0.057,   0.908,9999.000,9999.000,9999.000,9999.000,9999.000,9999.000,9999.000
202603071018,  -0.071,   0.888,9999.000,9999.000,9999.000,9999.000,9999.000,9999.000,9999.000
202603071024,  -0.082,   0.888,9999.000,9999.000,9999.000,9999.000,9999.000,9999.000,9999.000
202603071030,  -0.091,   0.869,9999.000,9999.000,9999.000,9999.000,9999.000,9999.000,9999.000
202603071036,  -0.097,   0.859,9999.000,9999.000,9999.000,9999.000,9999.000,9999.000,9999.000
202603071042,  -0.100,   0.869,9999.000,9999.000,9999.000,9999.000,9999.000,9999.000,9999.000
202603071048,  -0.100,   0.869,9999.000,9999.000,9999.000,9999.000,9999.000,9999.000,9999.000
202603071054,  -0.098,   0.879,9999.000,9999.000,9999.000,9999.000,9999.000,9999.000,9999.000
202603071100,  -0.094,   0.898,   0.700,   0.292,   0.898,   0.600,   0.798,   0.700,   0.898
202603071106,  -0.087,   0.908,9999.000,9999.000,9999.000,9999.000,9999.000,9999.000,9999.000
202603071112,  -0.077,   0.928,9999.000,9999.000,9999.000,9999.000,9999.000,9999.000,9999.000
202603071118,  -0.065,   0.941,9999.000,9999.000,9999.000,9999.000,9999.000,9999.000,9999.000
202603071124,  -0.051,   0.961,9999.000,9999.000,9999.000,9999.000,9999.000,9999.000,9999.000
202603071130,  -0.035,   0.970,9999.000,9999.000,9999.000,9999.000,9999.000,9999.000,9999.000
202603071136,  -0.017,   0.990,9999.000,9999.000,9999.000,9999.000,9999.000,9999.000,9999.000
202603071142,   0.003,   1.020,9999.000,9999.000,9999.000,9999.000,9999.000,9999.000,9999.000
202603071148,   0.026,   1.049,9999.000,9999.000,9999.000,9999.000,9999.000,9999.000,9999.000
202603071154,   0.050,   1.069,9999.000,9999.000,9999.000,9999.000,9999.000,9999.000,9999.000
202603071200,   0.077,   1.098,   0.600,   0.421,   1.098,   0.600,   1.098,   0.700,   1.198
202603071206,   0.105,   1.128,9999.000,9999.000,9999.000,9999.000,9999.000,9999.000,9999.000
202603071212,   0.135,   1.161,9999.000,9999.000,9999.000,9999.000,9999.000,9999.000,9999.000
202603071218,   0.167,   1.190,9999.000,9999.000,9999.000,9999.000,9999.000,9999.000,9999.000
202603071224,   0.201,   1.220,9999.000,9999.000,9999.000,9999.000,9999.000,9999.000,9999.000
202603071230,   0.236,   1.249,9999.000,9999.000,9999.000,9999.000,9999.000,9999.000,9999.000
202603071236,   0.273,   1.279,9999.000,9999.000,9999.000,9999.000,9999.000,9999.000,9999.000
202603071242,   0.312,   1.308,9999.000,9999.000,9999.000,9999.000,9999.000,9999.000,9999.000
202603071248,   0.352,   1.348,9999.000,9999.000,9999.000,9999.000,9999.000,9999.000,9999.000
202603071254,   0.393,   1.380,9999.000,9999.000,9999.000,9999.000,9999.000,9999.000,9999.000
202603071300,   0.436,   1.420,   0.600,   0.384,   1.420,   0.600,   1.420,   0.700,   1.520
202603071306,   0.480,   1.469,9999.000,9999.000,9999.000,9999.000,9999.000,9999.000,9999.000
202603071312,   0.526,   1.518,9999.000,9999.000,9999.000,9999.000,9999.000,9999.000,9999.000
202603071318,   0.573,   1.580,9999.000,9999.000,9999.000,9999.000,9999.000,9999.000,9999.000
202603071324,   0.621,   1.630,9999.000,9999.000,9999.000,9999.000,9999.000,9999.000,9999.000
202603071330,   0.669,   1.679,9999.000,9999.000,9999.000,9999.000,9999.000,9999.000,9999.000
202603071336,   0.719,   1.728,9999.000,9999.000,9999.000,9999.000,9999.000,9999.000,9999.000
202603071342,   0.770,   1.781,9999.000,9999.000,9999.000,9999.000,9999.000,9999.000,9999.000
202603071348,   0.821,   1.840,9999.000,9999.000,9999.000,9999.000,9999.000,9999.000,9999.000
202603071354,   0.873,   1.879,9999.000,9999.000,9999.000,9999.000,9999.000,9999.000,9999.000
202603071400,   0.926,   1.928,   0.600,   0.402,   1.928,   0.600,   1.928,   0.700,   2.028
202603071406,   0.978,   1.981,9999.000,9999.000,9999.000,9999.000,9999.000,9999.000,9999.000
202603071412,   1.031,   2.040,9999.000,9999.000,9999.000,9999.000,9999.000,9999.000,9999.000
202603071418,   1.084,   2.089,9999.000,9999.000,9999.000,9999.000,9999.000,9999.000,9999.000
202603071424,   1.136,   2.138,9999.000,9999.000,9999.000,9999.000,9999.000,9999.000,9999.000
202603071430,   1.188,   2.200,9999.000,9999.000,9999.000,9999.000,9999.000,9999.000,9999.000
202603071436,   1.240,   2.259,9999.000,9999.000,9999.000,9999.000,9999.000,9999.000,9999.000
202603071442,   1.291,   2.318,9999.000,9999.000,9999.000,9999.000,9999.000,9999.000,9999.000
202603071448,   1.341,   2.358,9999.000,9999.000,9999.000,9999.000,9999.000,9999.000,9999.000
202603071454,   1.390,   2.400,9999.000,9999.000,9999.000,9999.000,9999.000,9999.000,9999.000
202603071500,   1.437,   2.440,   0.600,   0.403,   2.440,   0.600,   2.440,   0.700,   2.540
202603071506,   1.484,   2.479,9999.000,9999.000,9999.000,9999.000,9999.000,9999.000,9999.000
202603071512,   1.528,   2.519,9999.000,9999.000,9999.000,9999.000,9999.000,9999.000,9999.000
202603071518,   1.571,   2.558,9999.000,9999.000,9999.000,9999.000,9999.000,9999.000,9999.000
202603071524,   1.611,   2.597,9999.000,9999.000,9999.000,9999.000,9999.000,9999.000,9999.000
202603071530,   1.650,   2.640,9999.000,9999.000,9999.000,9999.000,9999.000,9999.000,9999.000
202603071536,   1.686,   2.679,9999.000,9999.000,9999.000,9999.000,9999.000,9999.000,9999.000
202603071542,   1.720,   2.719,9999.000,9999.000,9999.000,9999.000,9999.000,9999.000,9999.000
202603071548,   1.751,   2.758,9999.000,9999.000,9999.000,9999.000,9999.000,9999.000,9999.000
202603071554,   1.779,   2.797,9999.000,9999.000,9999.000,9999.000,9999.000,9999.000,9999.000
202603071600,   1.805,   2.820,   0.600,   0.415,   2.820,   0.600,   2.820,   0.600,   2.820
202603071606,   1.828,   2.850,9999.000,9999.000,9999.000,9999.000,9999.000,9999.000,9999.000
202603071612,   1.847,   2.860,9999.000,9999.000,9999.000,9999.000,9999.000,9999.000,9999.000
202603071618,   1.864,   2.879,9999.000,9999.000,9999.000,9999.000,9999.000,9999.000,9999.000
202603071624,   1.878,   2.889,9999.000,9999.000,9999.000,9999.000,9999.000,9999.000,9999.000
202603071630,   1.889,   2.899,9999.000,9999.000,9999.000,9999.000,9999.000,9999.000,9999.000
202603071636,   1.896,   2.899,9999.000,9999.000,9999.000,9999.000,9999.000,9999.000,9999.000
202603071642,   1.901,   2.899,9999.000,9999.000,9999.000,9999.000,9999.000,9999.000,9999.000
202603071648,   1.902,   2.879,9999.000,9999.000,9999.000,9999.000,9999.000,9999.000,9999.000
202603071654,   1.900,   2.879,9999.000,9999.000,9999.000,9999.000,9999.000,9999.000,9999.000
202603071700,   1.895,   2.879,   0.600,   0.384,   2.879,   0.600,   2.879,   0.600,   2.879
202603071706,   1.888,   2.869,9999.000,9999.000,9999.000,9999.000,9999.000,9999.000,9999.000
202603071712,   1.877,   2.850,9999.000,9999.000,9999.000,9999.000,9999.000,9999.000,9999.000
202603071718,   1.863,   2.830,9999.000,9999.000,9999.000,9999.000,9999.000,9999.000,9999.000
202603071724,   1.847,   2.807,9999.000,9999.000,9999.000,9999.000,9999.000,9999.000,9999.000
202603071730,   1.828,   2.787,9999.000,9999.000,9999.000,9999.000,9999.000,9999.000,9999.000
202603071736,   1.807,   2.778,9999.000,9999.000,9999.000,9999.000,9999.000,9999.000,9999.000
202603071742,   1.782,   2.758,9999.000,9999.000,9999.000,9999.000,9999.000,9999.000,9999.000
202603071748,   1.756,   2.738,9999.000,9999.000,9999.000,9999.000,9999.000,9999.000,9999.000
202603071754,   1.727,   2.699,9999.000,9999.000,9999.000,9999.000,9999.000,9999.000,9999.000
202603071800,   1.696,   2.679,   0.600,   0.383,   2.679,   0.600,   2.679,   0.600,   2.679
202603071806,   1.663,   2.640,9999.000,9999.000,9999.000,9999.000,9999.000,9999.000,9999.000
202603071812,   1.628,   2.597,9999.000,9999.000,9999.000,9999.000,9999.000,9999.000,9999.000
202603071818,   1.591,   2.568,9999.000,9999.000,9999.000,9999.000,9999.000,9999.000,9999.000
202603071824,   1.552,   2.519,9999.000,9999.000,9999.000,9999.000,9999.000,9999.000,9999.000
202603071830,   1.511,   2.489,9999.000,9999.000,9999.000,9999.000,9999.000,9999.000,9999.000
202603071836,   1.469,   2.450,9999.000,9999.000,9999.000,9999.000,9999.000,9999.000,9999.000
202603071842,   1.426,   2.400,9999.000,9999.000,9999.000,9999.000,9999.000,9999.000,9999.000
202603071848,   1.381,   2.348,9999.000,9999.000,9999.000,9999.000,9999.000,9999.000,9999.000
202603071854,   1.335,   2.309,9999.000,9999.000,9999.000,9999.000,9999.000,9999.000,9999.000
202603071900,   1.287,   2.259,   0.600,   0.372,   2.259,   0.600,   2.259,   0.600,   2.259
202603071906,   1.240,   2.200,9999.000,9999.000,9999.000,9999.000,9999.000,9999.000,9999.000
202603071912,   1.190,   2.128,9999.000,9999.000,9999.000,9999.000,9999.000,9999.000,9999.000
202603071918,   1.140,   2.079,9999.000,9999.000,9999.000,9999.000,9999.000,9999.000,9999.000
202603071924,   1.089,   2.010,9999.000,9999.000,9999.000,9999.000,9999.000,9999.000,9999.000
202603071930,   1.038,   1.958,9999.000,9999.000,9999.000,9999.000,9999.000,9999.000,9999.000
202603071936,   0.986,   1.908,9999.000,9999.000,9999.000,9999.000,9999.000,9999.000,9999.000
202603071942,   0.934,   1.849,9999.000,9999.000,9999.000,9999.000,9999.000,9999.000,9999.000
202603071948,   0.882,   1.790,9999.000,9999.000,9999.000,9999.000,9999.000,9999.000,9999.000
202603071954,   0.830,   1.728,9999.000,9999.000,9999.000,9999.000,9999.000,9999.000,9999.000
202603072000,   0.778,   1.659,   0.600,   0.281,   1.659,   0.500,   1.559,   0.600,   1.659
202603072006,   0.726,   1.610,9999.000,9999.000,9999.000,9999.000,9999.000,9999.000,9999.000
202603072012,   0.675,   1.557,9999.000,9999.000,9999.000,9999.000,9999.000,9999.000,9999.000
202603072018,   0.624,   1.498,9999.000,9999.000,9999.000,9999.000,9999.000,9999.000,9999.000
202603072024,   0.573,   1.449,9999.000,9999.000,9999.000,9999.000,9999.000,9999.000,9999.000
202603072030,   0.524,   1.380,9999.000,9999.000,9999.000,9999.000,9999.000,9999.000,9999.000
202603072036,   0.475,   1.328,9999.000,9999.000,9999.000,9999.000,9999.000,9999.000,9999.000
202603072042,   0.428,   1.289,9999.000,9999.000,9999.000,9999.000,9999.000,9999.000,9999.000
202603072048,   0.382,   1.239,9999.000,9999.000,9999.000,9999.000,9999.000,9999.000,9999.000
202603072054,   0.337,   1.210,9999.000,9999.000,9999.000,9999.000,9999.000,9999.000,9999.000
202603072100,   0.294,   1.170,   0.600,   0.276,   1.170,   0.600,   1.170,   0.600,   1.170
202603072106,   0.253,   1.151,9999.000,9999.000,9999.000,9999.000,9999.000,9999.000,9999.000
202603072112,   0.213,   1.108,9999.000,9999.000,9999.000,9999.000,9999.000,9999.000,9999.000
202603072118,   0.175,   1.079,9999.000,9999.000,9999.000,9999.000,9999.000,9999.000,9999.000
202603072124,   0.140,   1.039,9999.000,9999.000,9999.000,9999.000,9999.000,9999.000,9999.000
202603072130,   0.106,   1.000,9999.000,9999.000,9999.000,9999.000,9999.000,9999.000,9999.000
202603072136,   0.075,   0.961,9999.000,9999.000,9999.000,9999.000,9999.000,9999.000,9999.000
202603072142,   0.047,   0.928,9999.000,9999.000,9999.000,9999.000,9999.000,9999.000,9999.000
202603072148,   0.020,   0.888,9999.000,9999.000,9999.000,9999.000,9999.000,9999.000,9999.000
202603072154,  -0.002,   0.888,9999.000,9999.000,9999.000,9999.000,9999.000,9999.000,9999.000
202603072200,  -0.023,   0.859,   0.600,   0.282,   0.859,   0.600,   0.859,   0.600,   0.859
202603072206,  -0.042,   0.849,9999.000,9999.000,9999.000,9999.000,9999.000,9999.000,9999.000
202603072212,  -0.058,   0.829,9999.000,9999.000,9999.000,9999.000,9999.000,9999.000,9999.000
202603072218,  -0.071,   0.810,9999.000,9999.000,9999.000,9999.000,9999.000,9999.000,9999.000
202603072224,  -0.081,   0.810,9999.000,9999.000,9999.000,9999.000,9999.000,9999.000,9999.000
202603072230,  -0.088,   0.800,9999.000,9999.000,9999.000,9999.000,9999.000,9999.000,9999.000
202603072236,  -0.093,   0.780,9999.000,9999.000,9999.000,9999.000,9999.000,9999.000,9999.000
202603072242,  -0.095,   0.780,9999.000,9999.000,9999.000,9999.000,9999.000,9999.000,9999.000
202603072248,  -0.095,   0.780,9999.000,9999.000,9999.000,9999.000,9999.000,9999.000,9999.000
202603072254,  -0.092,   0.790,9999.000,9999.000,9999.000,9999.000,9999.000,9999.000,9999.000
202603072300,  -0.086,   0.790,   0.600,   0.276,   0.790,   0.600,   0.790,   0.600,   0.790
202603072306,  -0.078,   0.790,9999.000,9999.000,9999.000,9999.000,9999.000,9999.000,9999.000
202603072312,  -0.067,9999.000,9999.000,9999.000,9999.000,9999.000,9999.000,9999.000,9999.000
202603072318,  -0.054,9999.000,9999.000,9999.000,9999.000,9999.000,9999.000,9999.000,9999.000
202603072324,  -0.039,   0.829,9999.000,9999.000,9999.000,9999.000,9999.000,9999.000,9999.000
202603072330,  -0.021,   0.849,9999.000,9999.000,9999.000,9999.000,9999.000,9999.000,9999.000
202603072336,  -0.001,   0.869,9999.000,9999.000,9999.000,9999.000,9999.000,9999.000,9999.000
202603072342,   0.020,   0.898,9999.000,9999.000,9999.000,9999.000,9999.000,9999.000,9999.000
202603072348,   0.044,   0.918,9999.000,9999.000,9999.000,9999.000,9999.000,9999.000,9999.000
202603072354,   0.071,9999.000,9999.000,9999.000,9999.000,9999.000,9999.000,9999.000,9999.000
202603080000,   0.099,   1.000,   0.500,   0.401,   1.000,   0.500,   1.000,   0.600,   1.100
202603080006,   0.129,   1.000,9999.000,9999.000,9999.000,9999.000,9999.000,9999.000,9999.000
202603080012,   0.160,   1.039,9999.000,9999.000,9999.000,9999.000,9999.000,9999.000,9999.000
202603080018,   0.194,   1.069,9999.000,9999.000,9999.000,9999.000,9999.000,9999.000,9999.000
202603080024,   0.229,   1.108,9999.000,9999.000,9999.000,9999.000,9999.000,9999.000,9999.000
202603080030,   0.266,   1.138,9999.000,9999.000,9999.000,9999.000,9999.000,9999.000,9999.000
202603080036,   0.304,   1.170,9999.000,9999.000,9999.000,9999.000,9999.000,9999.000,9999.000
202603080042,   0.344,   1.200,9999.000,9999.000,9999.000,9999.000,9999.000,9999.000,9999.000
202603080048,   0.386,   1.239,9999.000,9999.000,9999.000,9999.000,9999.000,9999.000,9999.000
202603080054,   0.429,   1.289,9999.000,9999.000,9999.000,9999.000,9999.000,9999.000,9999.000
202603080100,   0.473,   1.328,   0.500,   0.355,   1.328,   0.500,   1.328,   0.500,   1.328
202603080106,   0.518,   1.380,9999.000,9999.000,9999.000,9999.000,9999.000,9999.000,9999.000
202603080112,   0.565,   1.430,9999.000,9999.000,9999.000,9999.000,9999.000,9999.000,9999.000
202603080118,   0.613,   1.479,9999.000,9999.000,9999.000,9999.000,9999.000,9999.000,9999.000
202603080124,   0.662,   1.518,9999.000,9999.000,9999.000,9999.000,9999.000,9999.000,9999.000
202603080130,   0.712,   1.571,9999.000,9999.000,9999.000,9999.000,9999.000,9999.000,9999.000
202603080136,   0.763,   1.620,9999.000,9999.000,9999.000,9999.000,9999.000,9999.000,9999.000
202603080142,   0.815,   1.689,9999.000,9999.000,9999.000,9999.000,9999.000,9999.000,9999.000
202603080148,   0.868,   1.738,9999.000,9999.000,9999.000,9999.000,9999.000,9999.000,9999.000
202603080154,   0.922,   1.790,9999.000,9999.000,9999.000,9999.000,9999.000,9999.000,9999.000
202603080200,   0.976,   1.849,   0.500,   0.373,   1.849,   0.500,   1.849,   0.500,   1.849
202603080206,   1.031,   1.899,9999.000,9999.000,9999.000,9999.000,9999.000,9999.000,9999.000
202603080212,   1.086,   1.958,9999.000,9999.000,9999.000,9999.000,9999.000,9999.000,9999.000
202603080218,   1.142,   2.020,9999.000,9999.000,9999.000,9999.000,9999.000,9999.000,9999.000
202603080224,   1.197,   2.059,9999.000,9999.000,9999.000,9999.000,9999.000,9999.000,9999.000
202603080230,   1.253,   2.109,9999.000,9999.000,9999.000,9999.000,9999.000,9999.000,9999.000
202603080236,   1.308,   2.148,9999.000,9999.000,9999.000,9999.000,9999.000,9999.000,9999.000
202603080242,   1.363,   2.191,9999.000,9999.000,9999.000,9999.000,9999.000,9999.000,9999.000
202603080248,   1.417,   2.230,9999.000,9999.000,9999.000,9999.000,9999.000,9999.000,9999.000
202603080254,   1.471,   2.259,9999.000,9999.000,9999.000,9999.000,9999.000,9999.000,9999.000
202603080300,   1.524,   2.289,   0.400,   0.365,   2.289,   0.400,   2.289,   0.500,   2.389
202603080306,   1.576,   2.328,9999.000,9999.000,9999.000,9999.000,9999.000,9999.000,9999.000
202603080312,   1.627,   2.377,9999.000,9999.000,9999.000,9999.000,9999.000,9999.000,9999.000
202603080318,   1.676,   2.420,9999.000,9999.000,9999.000,9999.000,9999.000,9999.000,9999.000
202603080324,   1.724,   2.469,9999.000,9999.000,9999.000,9999.000,9999.000,9999.000,9999.000
202603080330,   1.770,   2.519,9999.000,9999.000,9999.000,9999.000,9999.000,9999.000,9999.000
202603080336,   1.814,   2.558,9999.000,9999.000,9999.000,9999.000,9999.000,9999.000,9999.000
202603080342,   1.856,   2.587,9999.000,9999.000,9999.000,9999.000,9999.000,9999.000,9999.000
202603080348,   1.896,   2.630,9999.000,9999.000,9999.000,9999.000,9999.000,9999.000,9999.000
202603080354,   1.933,   2.660,9999.000,9999.000,9999.000,9999.000,9999.000,9999.000,9999.000
202603080400,   1.968,   2.679,   0.400,   0.311,   2.679,   0.300,   2.579,   0.500,   2.779
202603080406,   2.001,   2.699,9999.000,9999.000,9999.000,9999.000,9999.000,9999.000,9999.000
202603080412,   2.030,   2.719,9999.000,9999.000,9999.000,9999.000,9999.000,9999.000,9999.000
202603080418,   2.057,   2.738,9999.000,9999.000,9999.000,9999.000,9999.000,9999.000,9999.000
202603080424,   2.081,   2.738,9999.000,9999.000,9999.000,9999.000,9999.000,9999.000,9999.000
202603080430,   2.102,   2.748,9999.000,9999.000,9999.000,9999.000,9999.000,9999.000,9999.000
202603080436,   2.120,   2.738,9999.000,9999.000,9999.000,9999.000,9999.000,9999.000,9999.000
202603080442,   2.134,   2.738,9999.000,9999.000,9999.000,9999.000,9999.000,9999.000,9999.000
202603080448,   2.146,   2.738,9999.000,9999.000,9999.000,9999.000,9999.000,9999.000,9999.000
202603080454,   2.155,   2.748,9999.000,9999.000,9999.000,9999.000,9999.000,9999.000,9999.000
202603080500,   2.160,   2.738,   0.300,   0.278,   2.738,   0.300,   2.738,   0.400,   2.838
202603080506,   2.162,   2.738,9999.000,9999.000,9999.000,9999.000,9999.000,9999.000,9999.000
202603080512,   2.162,   2.738,9999.000,9999.000,9999.000,9999.000,9999.000,9999.000,9999.000
202603080518,   2.158,   2.728,9999.000,9999.000,9999.000,9999.000,9999.000,9999.000,9999.000
202603080524,   2.151,   2.719,9999.000,9999.000,9999.000,9999.000,9999.000,9999.000,9999.000
202603080530,   2.141,   2.709,9999.000,9999.000,9999.000,9999.000,9999.000,9999.000,9999.000
202603080536,   2.129,   2.699,9999.000,9999.000,9999.000,9999.000,9999.000,9999.000,9999.000
202603080542,   2.113,   2.679,9999.000,9999.000,9999.000,9999.000,9999.000,9999.000,9999.000
202603080548,   2.095,   2.650,9999.000,9999.000,9999.000,9999.000,9999.000,9999.000,9999.000
202603080554,   2.074,   2.620,9999.000,9999.000,9999.000,9999.000,9999.000,9999.000,9999.000
202603080600,   2.051,   2.587,   0.300,   0.236,   2.587,   0.300,   2.587,   0.400,   2.687
202603080606,   2.025,   2.568,9999.000,9999.000,9999.000,9999.000,9999.000,9999.000,9999.000
202603080612,   1.997,   2.548,9999.000,9999.000,9999.000,9999.000,9999.000,9999.000,9999.000
202603080618,   1.967,   2.519,9999.000,9999.000,9999.000,9999.000,9999.000,9999.000,9999.000
202603080624,   1.935,   2.489,9999.000,9999.000,9999.000,9999.000,9999.000,9999.000,9999.000
202603080630,   1.900,   2.450,9999.000,9999.000,9999.000,9999.000,9999.000,9999.000,9999.000
202603080636,   1.864,   2.420,9999.000,9999.000,9999.000,9999.000,9999.000,9999.000,9999.000
202603080642,   1.826,   2.387,9999.000,9999.000,9999.000,9999.000,9999.000,9999.000,9999.000
202603080648,   1.786,   2.358,9999.000,9999.000,9999.000,9999.000,9999.000,9999.000,9999.000
202603080654,   1.744,   2.318,9999.000,9999.000,9999.000,9999.000,9999.000,9999.000,9999.000
202603080700,   1.701,   2.269,   0.300,   0.268,   2.269,   0.200,   2.169,   0.300,   2.269
202603080706,   1.657,   2.230,9999.000,9999.000,9999.000,9999.000,9999.000,9999.000,9999.000
202603080712,   1.611,   2.177,9999.000,9999.000,9999.000,9999.000,9999.000,9999.000,9999.000
202603080718,   1.564,   2.128,9999.000,9999.000,9999.000,9999.000,9999.000,9999.000,9999.000
202603080724,   1.516,   2.099,9999.000,9999.000,9999.000,9999.000,9999.000,9999.000,9999.000
202603080730,   1.468,   2.059,9999.000,9999.000,9999.000,9999.000,9999.000,9999.000,9999.000
202603080736,   1.418,   2.020,9999.000,9999.000,9999.000,9999.000,9999.000,9999.000,9999.000
202603080742,   1.367,   1.981,9999.000,9999.000,9999.000,9999.000,9999.000,9999.000,9999.000
202603080748,   1.316,   1.918,9999.000,9999.000,9999.000,9999.000,9999.000,9999.000,9999.000
202603080754,   1.264,   1.879,9999.000,9999.000,9999.000,9999.000,9999.000,9999.000,9999.000
202603080800,   1.212,   1.840,   0.300,   0.328,   1.840,   0.200,   1.740,   0.300,   1.840
202603080806,   1.160,   1.781,9999.000,9999.000,9999.000,9999.000,9999.000,9999.000,9999.000
202603080812,   1.108,   1.728,9999.000,9999.000,9999.000,9999.000,9999.000,9999.000,9999.000
202603080818,   1.055,   1.669,9999.000,9999.000,9999.000,9999.000,9999.000,9999.000,9999.000
202603080824,   1.003,   1.620,9999.000,9999.000,9999.000,9999.000,9999.000,9999.000,9999.000
202603080830,   0.950,   1.557,9999.000,9999.000,9999.000,9999.000,9999.000,9999.000,9999.000
202603080836,   0.898,   1.518,9999.000,9999.000,9999.000,9999.000,9999.000,9999.000,9999.000
202603080842,   0.847,   1.449,9999.000,9999.000,9999.000,9999.000,9999.000,9999.000,9999.000
202603080848,   0.796,   1.410,9999.000,9999.000,9999.000,9999.000,9999.000,9999.000,9999.000
202603080854,   0.746,   1.361,9999.000,9999.000,9999.000,9999.000,9999.000,9999.000,9999.000
202603080900,   0.697,   1.308,   0.200,   0.411,   1.308,   0.100,   1.208,   0.300,   1.408
202603080906,   0.649,   1.259,9999.000,9999.000,9999.000,9999.000,9999.000,9999.000,9999.000
202603080912,   0.602,   1.220,9999.000,9999.000,9999.000,9999.000,9999.000,9999.000,9999.000
202603080918,   0.556,   1.180,9999.000,9999.000,9999.000,9999.000,9999.000,9999.000,9999.000
202603080924,   0.511,   1.151,9999.000,9999.000,9999.000,9999.000,9999.000,9999.000,9999.000
202603080930,   0.468,   1.118,9999.000,9999.000,9999.000,9999.000,9999.000,9999.000,9999.000
202603080936,   0.427,   1.069,9999.000,9999.000,9999.000,9999.000,9999.000,9999.000,9999.000
202603080942,   0.387,   1.029,9999.000,9999.000,9999.000,9999.000,9999.000,9999.000,9999.000
202603080948,   0.350,   1.000,9999.000,9999.000,9999.000,9999.000,9999.000,9999.000,9999.000
202603080954,   0.314,   0.951,9999.000,9999.000,9999.000,9999.000,9999.000,9999.000,9999.000
202603081000,   0.280,   0.908,   0.200,   0.428,   0.908,   0.100,   0.808,   0.200,   0.908
202603081006,   0.248,   0.879,9999.000,9999.000,9999.000,9999.000,9999.000,9999.000,9999.000
202603081012,   0.218,   0.859,9999.000,9999.000,9999.000,9999.000,9999.000,9999.000,9999.000
202603081018,   0.191,   0.839,9999.000,9999.000,9999.000,9999.000,9999.000,9999.000,9999.000
202603081024,   0.166,   0.800,9999.000,9999.000,9999.000,9999.000,9999.000,9999.000,9999.000
202603081030,   0.143,   0.770,9999.000,9999.000,9999.000,9999.000,9999.000,9999.000,9999.000
202603081036,   0.122,   0.751,9999.000,9999.000,9999.000,9999.000,9999.000,9999.000,9999.000
202603081042,   0.103,   0.731,9999.000,9999.000,9999.000,9999.000,9999.000,9999.000,9999.000
202603081048,   0.087,   0.698,9999.000,9999.000,9999.000,9999.000,9999.000,9999.000,9999.000
202603081054,   0.073,   0.678,9999.000,9999.000,9999.000,9999.000,9999.000,9999.000,9999.000
202603081100,   0.062,   0.649,   0.100,   0.487,   0.649,   0.100,   0.649,   0.200,   0.749
202603081106,   0.052,   0.629,9999.000,9999.000,9999.000,9999.000,9999.000,9999.000,9999.000
202603081112,   0.045,   0.600,9999.000,9999.000,9999.000,9999.000,9999.000,9999.000,9999.000
202603081118,   0.041,   0.610,9999.000,9999.000,9999.000,9999.000,9999.000,9999.000,9999.000
202603081124,   0.038,   0.610,9999.000,9999.000,9999.000,9999.000,9999.000,9999.000,9999.000
202603081130,   0.037,   0.600,9999.000,9999.000,9999.000,9999.000,9999.000,9999.000,9999.000
202603081136,   0.039,   0.590,9999.000,9999.000,9999.000,9999.000,9999.000,9999.000,9999.000
202603081142,   0.043,   0.580,9999.000,9999.000,9999.000,9999.000,9999.000,9999.000,9999.000
202603081148,   0.048,   0.580,9999.000,9999.000,9999.000,9999.000,9999.000,9999.000,9999.000
202603081154,   0.056,   0.580,9999.000,9999.000,9999.000,9999.000,9999.000,9999.000,9999.000
202603081200,   0.065,   0.580,   0.200,   0.315,   0.580,   0.200,   0.580,   0.300,   0.680
202603081206,   0.077,   0.570,9999.000,9999.000,9999.000,9999.000,9999.000,9999.000,9999.000
202603081212,   0.090,   0.580,9999.000,9999.000,9999.000,9999.000,9999.000,9999.000,9999.000
202603081218,   0.105,   0.600,9999.000,9999.000,9999.000,9999.000,9999.000,9999.000,9999.000
202603081224,   0.121,   0.619,9999.000,9999.000,9999.000,9999.000,9999.000,9999.000,9999.000
202603081230,   0.140,   0.649,9999.000,9999.000,9999.000,9999.000,9999.000,9999.000,9999.000
202603081236,   0.160,   0.659,9999.000,9999.000,9999.000,9999.000,9999.000,9999.000,9999.000
202603081242,   0.181,   0.688,9999.000,9999.000,9999.000,9999.000,9999.000,9999.000,9999.000
202603081248,   0.204,   0.708,9999.000,9999.000,9999.000,9999.000,9999.000,9999.000,9999.000
202603081254,   0.229,   0.731,9999.000,9999.000,9999.000,9999.000,9999.000,9999.000,9999.000
202603081300,   0.256,   0.751,   0.200,   0.295,   0.751,   0.200,   0.751,   0.300,   0.851
202603081306,   0.283,   0.780,9999.000,9999.000,9999.000,9999.000,9999.000,9999.000,9999.000
202603081312,   0.313,   0.810,9999.000,9999.000,9999.000,9999.000,9999.000,9999.000,9999.000
202603081318,   0.343,   0.829,9999.000,9999.000,9999.000,9999.000,9999.000,9999.000,9999.000
202603081324,   0.376,   0.859,9999.000,9999.000,9999.000,9999.000,9999.000,9999.000,9999.000
202603081330,   0.409,   0.888,9999.000,9999.000,9999.000,9999.000,9999.000,9999.000,9999.000
202603081336,   0.444,   0.918,9999.000,9999.000,9999.000,9999.000,9999.000,9999.000,9999.000
202603081342,   0.480,   0.951,9999.000,9999.000,9999.000,9999.000,9999.000,9999.000,9999.000
202603081348,   0.518,   1.010,9999.000,9999.000,9999.000,9999.000,9999.000,9999.000,9999.000
202603081354,   0.556,   1.049,9999.000,9999.000,9999.000,9999.000,9999.000,9999.000,9999.000
202603081400,   0.596,   1.088,   0.200,   0.292,   1.088,   0.100,   0.988,   0.200,   1.088
202603081406,   0.637,   1.128,9999.000,9999.000,9999.000,9999.000,9999.000,9999.000,9999.000
202603081412,   0.679,   1.170,9999.000,9999.000,9999.000,9999.000,9999.000,9999.000,9999.000
202603081418,   0.721,   1.210,9999.000,9999.000,9999.000,9999.000,9999.000,9999.000,9999.000
202603081424,   0.765,   1.239,9999.000,9999.000,9999.000,9999.000,9999.000,9999.000,9999.000
202603081430,   0.809,   1.279,9999.000,9999.000,9999.000,9999.000,9999.000,9999.000,9999.000
202603081436,   0.854,   1.308,9999.000,9999.000,9999.000,9999.000,9999.000,9999.000,9999.000
202603081442,   0.899,   1.361,9999.000,9999.000,9999.000,9999.000,9999.000,9999.000,9999.000
202603081448,   0.945,   1.390,9999.000,9999.000,9999.000,9999.000,9999.000,9999.000,9999.000
202603081454,   0.991,   1.449,9999.000,9999.000,9999.000,9999.000,9999.000,9999.000,9999.000
202603081500,   1.037,   1.498,   0.200,   0.261,   1.498,   0.100,   1.398,   0.200,   1.498
202603081506,   1.082,   1.548,9999.000,9999.000,9999.000,9999.000,9999.000,9999.000,9999.000
202603081512,   1.128,   1.600,9999.000,9999.000,9999.000,9999.000,9999.000,9999.000,9999.000
202603081518,   1.173,   1.639,9999.000,9999.000,9999.000,9999.000,9999.000,9999.000,9999.000
202603081524,   1.218,   1.679,9999.000,9999.000,9999.000,9999.000,9999.000,9999.000,9999.000
202603081530,   1.261,   1.728,9999.000,9999.000,9999.000,9999.000,9999.000,9999.000,9999.000
202603081536,   1.304,   1.767,9999.000,9999.000,9999.000,9999.000,9999.000,9999.000,9999.000
202603081542,   1.346,   1.810,9999.000,9999.000,9999.000,9999.000,9999.000,9999.000,9999.000
202603081548,   1.386,   1.859,9999.000,9999.000,9999.000,9999.000,9999.000,9999.000,9999.000
202603081554,   1.425,   1.889,9999.000,9999.000,9999.000,9999.000,9999.000,9999.000,9999.000
202603081600,   1.463,   1.948,   0.100,   0.385,   1.948,   0.100,   1.948,   0.200,   2.048
202603081606,   1.498,   1.990,9999.000,9999.000,9999.000,9999.000,9999.000,9999.000,9999.000
202603081612,   1.532,   2.020,9999.000,9999.000,9999.000,9999.000,9999.000,9999.000,9999.000
202603081618,   1.564,   2.049,9999.000,9999.000,9999.000,9999.000,9999.000,9999.000,9999.000
202603081624,   1.593,   2.089,9999.000,9999.000,9999.000,9999.000,9999.000,9999.000,9999.000
202603081630,   1.621,   2.109,9999.000,9999.000,9999.000,9999.000,9999.000,9999.000,9999.000
202603081636,   1.645,   2.138,9999.000,9999.000,9999.000,9999.000,9999.000,9999.000,9999.000
202603081642,   1.668,   2.148,9999.000,9999.000,9999.000,9999.000,9999.000,9999.000,9999.000
202603081648,   1.688,   2.168,9999.000,9999.000,9999.000,9999.000,9999.000,9999.000,9999.000
202603081654,   1.705,   2.200,9999.000,9999.000,9999.000,9999.000,9999.000,9999.000,9999.000
202603081700,   1.719,   2.210,   0.100,   0.391,   2.210,   0.000,   2.110,   0.200,   2.310
202603081706,   1.731,   2.220,9999.000,9999.000,9999.000,9999.000,9999.000,9999.000,9999.000
202603081712,   1.740,   2.230,9999.000,9999.000,9999.000,9999.000,9999.000,9999.000,9999.000
202603081718,   1.746,   2.210,9999.000,9999.000,9999.000,9999.000,9999.000,9999.000,9999.000
202603081724,   1.749,   2.220,9999.000,9999.000,9999.000,9999.000,9999.000,9999.000,9999.000
202603081730,   1.750,   2.220,9999.000,9999.000,9999.000,9999.000,9999.000,9999.000,9999.000
202603081736,   1.748,   2.210,9999.000,9999.000,9999.000,9999.000,9999.000,9999.000,9999.000
202603081742,   1.743,   2.200,9999.000,9999.000,9999.000,9999.000,9999.000,9999.000,9999.000
202603081748,   1.735,   2.191,9999.000,9999.000,9999.000,9999.000,9999.000,9999.000,9999.000
202603081754,   1.725,   2.191,9999.000,9999.000,9999.000,9999.000,9999.000,9999.000,9999.000
202603081800,   1.712,   2.168,   0.100,   0.356,   2.168,   0.100,   2.168,   0.200,   2.268
202603081806,   1.697,   2.148,9999.000,9999.000,9999.000,9999.000,9999.000,9999.000,9999.000
202603081812,   1.680,   2.118,9999.000,9999.000,9999.000,9999.000,9999.000,9999.000,9999.000
202603081818,   1.659,   2.109,9999.000,9999.000,9999.000,9999.000,9999.000,9999.000,9999.000
202603081824,   1.637,   2.089,9999.000,9999.000,9999.000,9999.000,9999.000,9999.000,9999.000
202603081830,   1.613,   2.049,9999.000,9999.000,9999.000,9999.000,9999.000,9999.000,9999.000
202603081836,   1.586,   2.020,9999.000,9999.000,9999.000,9999.000,9999.000,9999.000,9999.000
202603081842,   1.558,   1.990,9999.000,9999.000,9999.000,9999.000,9999.000,9999.000,9999.000
202603081848,   1.527,   1.948,9999.000,9999.000,9999.000,9999.000,9999.000,9999.000,9999.000
202603081854,   1.495,   1.918,9999.000,9999.000,9999.000,9999.000,9999.000,9999.000,9999.000
202603081900,   1.461,   1.869,   0.100,   0.308,   1.869,   0.100,   1.869,   0.200,   1.969
202603081906,   1.426,   1.820,9999.000,9999.000,9999.000,9999.000,9999.000,9999.000,9999.000
202603081912,   1.389,   1.781,9999.000,9999.000,9999.000,9999.000,9999.000,9999.000,9999.000
202603081918,   1.351,   1.738,9999.000,9999.000,9999.000,9999.000,9999.000,9999.000,9999.000
202603081924,   1.311,   1.679,9999.000,9999.000,9999.000,9999.000,9999.000,9999.000,9999.000
202603081930,   1.271,   1.620,9999.000,9999.000,9999.000,9999.000,9999.000,9999.000,9999.000
202603081936,   1.229,   1.571,9999.000,9999.000,9999.000,9999.000,9999.000,9999.000,9999.000
202603081942,   1.187,   1.518,9999.000,9999.000,9999.000,9999.000,9999.000,9999.000,9999.000
202603081948,   1.143,   1.469,9999.000,9999.000,9999.000,9999.000,9999.000,9999.000,9999.000
202603081954,   1.099,   1.420,9999.000,9999.000,9999.000,9999.000,9999.000,9999.000,9999.000
202603082000,   1.055,   1.371,   0.100,   0.216,   1.371,   0.100,   1.371,   0.200,   1.471
202603082006,   1.010,   1.328,9999.000,9999.000,9999.000,9999.000,9999.000,9999.000,9999.000
202603082012,   0.964,   1.279,9999.000,9999.000,9999.000,9999.000,9999.000,9999.000,9999.000
202603082018,   0.919,   1.229,9999.000,9999.000,9999.000,9999.000,9999.000,9999.000,9999.000
202603082024,   0.873,   1.190,9999.000,9999.000,9999.000,9999.000,9999.000,9999.000,9999.000
202603082030,   0.827,   1.151,9999.000,9999.000,9999.000,9999.000,9999.000,9999.000,9999.000
202603082036,   0.782,   1.098,9999.000,9999.000,9999.000,9999.000,9999.000,9999.000,9999.000
202603082042,   0.737,   1.049,9999.000,9999.000,9999.000,9999.000,9999.000,9999.000,9999.000
202603082048,   0.692,   1.000,9999.000,9999.000,9999.000,9999.000,9999.000,9999.000,9999.000
202603082054,   0.647,   0.961,9999.000,9999.000,9999.000,9999.000,9999.000,9999.000,9999.000
202603082100,   0.604,   0.918,   0.100,   0.214,   0.918,   0.100,   0.918,   0.200,   1.018
202603082106,   0.561,   0.869,9999.000,9999.000,9999.000,9999.000,9999.000,9999.000,9999.000
202603082112,   0.519,   0.829,9999.000,9999.000,9999.000,9999.000,9999.000,9999.000,9999.000
202603082118,   0.478,   0.790,9999.000,9999.000,9999.000,9999.000,9999.000,9999.000,9999.000
202603082124,   0.438,   0.760,9999.000,9999.000,9999.000,9999.000,9999.000,9999.000,9999.000
202603082130,   0.399,   0.731,9999.000,9999.000,9999.000,9999.000,9999.000,9999.000,9999.000
202603082136,   0.362,   0.708,9999.000,9999.000,9999.000,9999.000,9999.000,9999.000,9999.000
202603082142,   0.326,   0.688,9999.000,9999.000,9999.000,9999.000,9999.000,9999.000,9999.000
202603082148,   0.292,   0.649,9999.000,9999.000,9999.000,9999.000,9999.000,9999.000,9999.000
202603082154,   0.259,   0.610,9999.000,9999.000,9999.000,9999.000,9999.000,9999.000,9999.000
202603082200,   0.229,   0.580,   0.100,   0.251,   0.580,   0.100,   0.580,   0.200,   0.680
202603082206,   0.200,   0.551,9999.000,9999.000,9999.000,9999.000,9999.000,9999.000,9999.000
202603082212,   0.173,   0.531,9999.000,9999.000,9999.000,9999.000,9999.000,9999.000,9999.000
202603082218,   0.148,   0.508,9999.000,9999.000,9999.000,9999.000,9999.000,9999.000,9999.000
202603082224,   0.125,   0.488,9999.000,9999.000,9999.000,9999.000,9999.000,9999.000,9999.000
202603082230,   0.105,   0.459,9999.000,9999.000,9999.000,9999.000,9999.000,9999.000,9999.000
202603082236,   0.086,   0.429,9999.000,9999.000,9999.000,9999.000,9999.000,9999.000,9999.000
202603082242,   0.070,   0.419,9999.000,9999.000,9999.000,9999.000,9999.000,9999.000,9999.000
202603082248,   0.056,   0.380,9999.000,9999.000,9999.000,9999.000,9999.000,9999.000,9999.000
202603082254,   0.044,   0.380,9999.000,9999.000,9999.000,9999.000,9999.000,9999.000,9999.000
202603082300,   0.035,   0.390,   0.100,   0.255,   0.390,   0.100,   0.390,   0.200,   0.490
202603082306,   0.028,   0.390,9999.000,9999.000,9999.000,9999.000,9999.000,9999.000,9999.000
202603082312,   0.023,   0.400,9999.000,9999.000,9999.000,9999.000,9999.000,9999.000,9999.000
202603082318,   0.021,   0.400,9999.000,9999.000,9999.000,9999.000,9999.000,9999.000,9999.000
202603082324,   0.021,   0.419,9999.000,9999.000,9999.000,9999.000,9999.000,9999.000,9999.000
202603082330,   0.023,   0.439,9999.000,9999.000,9999.000,9999.000,9999.000,9999.000,9999.000
202603082336,   0.027,   0.449,9999.000,9999.000,9999.000,9999.000,9999.000,9999.000,9999.000
202603082342,   0.033,   0.459,9999.000,9999.000,9999.000,9999.000,9999.000,9999.000,9999.000
202603082348,   0.042,   0.459,9999.000,9999.000,9999.000,9999.000,9999.000,9999.000,9999.000
202603082354,   0.052,9999.000,9999.000,9999.000,9999.000,9999.000,9999.000,9999.000,9999.000
202603090000,   0.065,   0.478,   0.100,   0.313,   0.478,   0.100,   0.478,   0.200,   0.578
202603090006,   0.080,   0.478,9999.000,9999.000,9999.000,9999.000,9999.000,9999.000,9999.000
202603090012,   0.096,   0.488,9999.000,9999.000,9999.000,9999.000,9999.000,9999.000,9999.000
202603090018,   0.115,   0.498,9999.000,9999.000,9999.000,9999.000,9999.000,9999.000,9999.000
202603090024,   0.135,   0.531,9999.000,9999.000,9999.000,9999.000,9999.000,9999.000,9999.000
202603090030,   0.157,   0.551,9999.000,9999.000,9999.000,9999.000,9999.000,9999.000,9999.000
202603090036,   0.181,   0.560,9999.000,9999.000,9999.000,9999.000,9999.000,9999.000,9999.000
202603090042,   0.206,   0.580,9999.000,9999.000,9999.000,9999.000,9999.000,9999.000,9999.000
202603090048,   0.233,   0.610,9999.000,9999.000,9999.000,9999.000,9999.000,9999.000,9999.000
202603090054,   0.262,   0.629,9999.000,9999.000,9999.000,9999.000,9999.000,9999.000,9999.000
202603090100,   0.292,   0.649,   0.100,   0.257,   0.649,   0.100,   0.649,   0.200,   0.749
202603090106,   0.323,   0.678,9999.000,9999.000,9999.000,9999.000,9999.000,9999.000,9999.000
202603090112,   0.356,   0.708,9999.000,9999.000,9999.000,9999.000,9999.000,9999.000,9999.000
202603090118,   0.391,   0.741,9999.000,9999.000,9999.000,9999.000,9999.000,9999.000,9999.000
202603090124,   0.427,   0.770,9999.000,9999.000,9999.000,9999.000,9999.000,9999.000,9999.000
202603090130,   0.464,   0.810,9999.000,9999.000,9999.000,9999.000,9999.000,9999.000,9999.000
202603090136,   0.502,   0.839,9999.000,9999.000,9999.000,9999.000,9999.000,9999.000,9999.000
202603090142,   0.542,   0.888,9999.000,9999.000,9999.000,9999.000,9999.000,9999.000,9999.000
202603090148,   0.582,   0.918,9999.000,9999.000,9999.000,9999.000,9999.000,9999.000,9999.000
202603090154,   0.624,   0.970,9999.000,9999.000,9999.000,9999.000,9999.000,9999.000,9999.000
202603090200,   0.667,   1.020,   0.100,   0.253,   1.020,   0.100,   1.020,   0.200,   1.120
202603090206,   0.711,   1.049,9999.000,9999.000,9999.000,9999.000,9999.000,9999.000,9999.000
202603090212,   0.756,   1.098,9999.000,9999.000,9999.000,9999.000,9999.000,9999.000,9999.000
202603090218,   0.802,   1.138,9999.000,9999.000,9999.000,9999.000,9999.000,9999.000,9999.000
202603090224,   0.848,   1.180,9999.000,9999.000,9999.000,9999.000,9999.000,9999.000,9999.000
202603090230,   0.896,   1.220,9999.000,9999.000,9999.000,9999.000,9999.000,9999.000,9999.000
202603090236,   0.944,   1.259,9999.000,9999.000,9999.000,9999.000,9999.000,9999.000,9999.000
202603090242,   0.992,   1.298,9999.000,9999.000,9999.000,9999.000,9999.000,9999.000,9999.000
202603090248,   1.041,   1.338,9999.000,9999.000,9999.000,9999.000,9999.000,9999.000,9999.000
202603090254,   1.090,   1.371,9999.000,9999.000,9999.000,9999.000,9999.000,9999.000,9999.000
202603090300,   1.139,   1.410,   0.100,   0.171,   1.410,   0.100,   1.410,   0.200,   1.510
202603090306,   1.189,   1.459,9999.000,9999.000,9999.000,9999.000,9999.000,9999.000,9999.000
202603090312,   1.238,   1.518,9999.000,9999.000,9999.000,9999.000,9999.000,9999.000,9999.000
202603090318,   1.288,   1.557,9999.000,9999.000,9999.000,9999.000,9999.000,9999.000,9999.000
202603090324,   1.336,   1.600,9999.000,9999.000,9999.000,9999.000,9999.000,9999.000,9999.000
202603090330,   1.385,   1.649,9999.000,9999.000,9999.000,9999.000,9999.000,9999.000,9999.000
202603090336,   1.433,   1.708,9999.000,9999.000,9999.000,9999.000,9999.000,9999.000,9999.000
202603090342,   1.479,   1.767,9999.000,9999.000,9999.000,9999.000,9999.000,9999.000,9999.000
202603090348,   1.526,   1.810,9999.000,9999.000,9999.000,9999.000,9999.000,9999.000,9999.000
202603090354,   1.570,   1.859,9999.000,9999.000,9999.000,9999.000,9999.000,9999.000,9999.000
202603090400,   1.614,   1.908,   0.100,   0.194,   1.908,   0.100,   1.908,   0.200,   2.008
202603090406,   1.656,   1.967,9999.000,9999.000,9999.000,9999.000,9999.000,9999.000,9999.000
202603090412,   1.697,   2.010,9999.000,9999.000,9999.000,9999.000,9999.000,9999.000,9999.000
202603090418,   1.736,   2.049,9999.000,9999.000,9999.000,9999.000,9999.000,9999.000,9999.000
202603090424,   1.773,   2.099,9999.000,9999.000,9999.000,9999.000,9999.000,9999.000,9999.000
202603090430,   1.808,   2.128,9999.000,9999.000,9999.000,9999.000,9999.000,9999.000,9999.000
202603090436,   1.841,   2.168,9999.000,9999.000,9999.000,9999.000,9999.000,9999.000,9999.000
202603090442,   1.872,   2.191,9999.000,9999.000,9999.000,9999.000,9999.000,9999.000,9999.000
202603090448,   1.900,   2.230,9999.000,9999.000,9999.000,9999.000,9999.000,9999.000,9999.000
202603090454,   1.926,   2.250,9999.000,9999.000,9999.000,9999.000,9999.000,9999.000,9999.000
202603090500,   1.950,   2.269,   0.100,   0.219,   2.269,   0.000,   2.169,   0.200,   2.369
202603090506,   1.971,   2.299,9999.000,9999.000,9999.000,9999.000,9999.000,9999.000,9999.000
202603090512,   1.989,9999.000,9999.000,9999.000,9999.000,9999.000,9999.000,9999.000,9999.000
202603090518,   2.004,9999.000,9999.000,9999.000,9999.000,9999.000,9999.000,9999.000,9999.000
202603090524,   2.017,   2.358,9999.000,9999.000,9999.000,9999.000,9999.000,9999.000,9999.000
202603090530,   2.027,   2.368,9999.000,9999.000,9999.000,9999.000,9999.000,9999.000,9999.000
202603090536,   2.034,   2.377,9999.000,9999.000,9999.000,9999.000,9999.000,9999.000,9999.000
202603090542,   2.038,   2.400,9999.000,9999.000,9999.000,9999.000,9999.000,9999.000,9999.000
202603090548,   2.040,   2.410,9999.000,9999.000,9999.000,9999.000,9999.000,9999.000,9999.000
202603090554,   2.039,   2.410,9999.000,9999.000,9999.000,9999.000,9999.000,9999.000,9999.000
202603090600,   2.035,   2.400,   0.100,   0.265,   2.400,   0.000,   2.300,   0.200,   2.500
202603090606,   2.028,   2.410,9999.000,9999.000,9999.000,9999.000,9999.000,9999.000,9999.000
202603090612,   2.019,   2.410,9999.000,9999.000,9999.000,9999.000,9999.000,9999.000,9999.000
202603090618,   2.007,   2.400,9999.000,9999.000,9999.000,9999.000,9999.000,9999.000,9999.000
202603090624,   1.992,   2.377,9999.000,9999.000,9999.000,9999.000,9999.000,9999.000,9999.000
202603090630,   1.975,   2.338,9999.000,9999.000,9999.000,9999.000,9999.000,9999.000,9999.000
202603090636,   1.956,   2.328,9999.000,9999.000,9999.000,9999.000,9999.000,9999.000,9999.000
202603090642,   1.934,   2.299,9999.000,9999.000,9999.000,9999.000,9999.000,9999.000,9999.000
202603090648,   1.911,   2.269,9999.000,9999.000,9999.000,9999.000,9999.000,9999.000,9999.000
202603090654,   1.885,   2.240,9999.000,9999.000,9999.000,9999.000,9999.000,9999.000,9999.000
202603090700,   1.857,   2.210,   0.100,   0.253,   2.210,   0.000,   2.110,   0.200,   2.310
202603090706,   1.827,   2.191,9999.000,9999.000,9999.000,9999.000,9999.000,9999.000,9999.000
202603090712,   1.796,   2.148,9999.000,9999.000,9999.000,9999.000,9999.000,9999.000,9999.000
202603090718,   1.763,   2.128,9999.000,9999.000,9999.000,9999.000,9999.000,9999.000,9999.000
202603090724,   1.728,   2.089,9999.000,9999.000,9999.000,9999.000,9999.000,9999.000,9999.000
202603090730,   1.692,   2.049,9999.000,9999.000,9999.000,9999.000,9999.000,9999.000,9999.000
202603090736,   1.655,   2.000,9999.000,9999.000,9999.000,9999.000,9999.000,9999.000,9999.000
202603090742,   1.616,   1.948,9999.000,9999.000,9999.000,9999.000,9999.000,9999.000,9999.000
202603090748,   1.576,   1.899,9999.000,9999.000,9999.000,9999.000,9999.000,9999.000,9999.000
202603090754,   1.535,   1.849,9999.000,9999.000,9999.000,9999.000,9999.000,9999.000,9999.000
202603090800,   1.493,   1.790,   0.100,   0.197,   1.790,   0.000,   1.690,   0.200,   1.890
202603090806,   1.451,   1.758,9999.000,9999.000,9999.000,9999.000,9999.000,9999.000,9999.000
202603090812,   1.407,   1.718,9999.000,9999.000,9999.000,9999.000,9999.000,9999.000,9999.000
202603090818,   1.363,   1.679,9999.000,9999.000,9999.000,9999.000,9999.000,9999.000,9999.000
202603090824,   1.319,   1.639,9999.000,9999.000,9999.000,9999.000,9999.000,9999.000,9999.000
202603090830,   1.274,   1.590,9999.000,9999.000,9999.000,9999.000,9999.000,9999.000,9999.000
202603090836,   1.229,   1.557,9999.000,9999.000,9999.000,9999.000,9999.000,9999.000,9999.000
202603090842,   1.184,   1.518,9999.000,9999.000,9999.000,9999.000,9999.000,9999.000,9999.000
202603090848,   1.138,   1.469,9999.000,9999.000,9999.000,9999.000,9999.000,9999.000,9999.000
202603090854,   1.093,   1.430,9999.000,9999.000,9999.000,9999.000,9999.000,9999.000,9999.000
202603090900,   1.048,   1.400,   0.100,   0.252,   1.400,   0.100,   1.400,   0.200,   1.500
202603090906,   1.003,   1.371,9999.000,9999.000,9999.000,9999.000,9999.000,9999.000,9999.000
202603090912,   0.958,   1.338,9999.000,9999.000,9999.000,9999.000,9999.000,9999.000,9999.000
202603090918,   0.914,   1.289,9999.000,9999.000,9999.000,9999.000,9999.000,9999.000,9999.000
202603090924,   0.870,   1.249,9999.000,9999.000,9999.000,9999.000,9999.000,9999.000,9999.000
202603090930,   0.827,   1.220,9999.000,9999.000,9999.000,9999.000,9999.000,9999.000,9999.000
202603090936,   0.784,   1.180,9999.000,9999.000,9999.000,9999.000,9999.000,9999.000,9999.000
202603090942,   0.743,   1.128,9999.000,9999.000,9999.000,9999.000,9999.000,9999.000,9999.000
202603090948,   0.702,   1.079,9999.000,9999.000,9999.000,9999.000,9999.000,9999.000,9999.000
202603090954,   0.662,   1.020,9999.000,9999.000,9999.000,9999.000,9999.000,9999.000,9999.000
202603091000,   0.624,   0.961,   0.100,   0.237,   0.961,   0.100,   0.961,   0.200,   1.061
202603091006,   0.586,   0.918,9999.000,9999.000,9999.000,9999.000,9999.000,9999.000,9999.000
202603091012,   0.550,   0.879,9999.000,9999.000,9999.000,9999.000,9999.000,9999.000,9999.000
202603091018,   0.515,   0.829,9999.000,9999.000,9999.000,9999.000,9999.000,9999.000,9999.000
202603091024,   0.482,   0.790,9999.000,9999.000,9999.000,9999.000,9999.000,9999.000,9999.000
202603091030,   0.449,   0.751,9999.000,9999.000,9999.000,9999.000,9999.000,9999.000,9999.000
202603091036,   0.419,   0.698,9999.000,9999.000,9999.000,9999.000,9999.000,9999.000,9999.000
202603091042,   0.390,   0.669,9999.000,9999.000,9999.000,9999.000,9999.000,9999.000,9999.000
202603091048,   0.362,   0.649,9999.000,9999.000,9999.000,9999.000,9999.000,9999.000,9999.000
202603091054,   0.337,   0.619,9999.000,9999.000,9999.000,9999.000,9999.000,9999.000,9999.000
202603091100,   0.313,   0.600,   0.100,   0.187,   0.600,   0.100,   0.600,   0.200,   0.700
202603091106,   0.291,   0.580,9999.000,9999.000,9999.000,9999.000,9999.000,9999.000,9999.000
202603091112,   0.270,   0.551,9999.000,9999.000,9999.000,9999.000,9999.000,9999.000,9999.000
202603091118,   0.251,   0.518,9999.000,9999.000,9999.000,9999.000,9999.000,9999.000,9999.000
202603091124,   0.234,   0.518,9999.000,9999.000,9999.000,9999.000,9999.000,9999.000,9999.000
202603091130,   0.219,   0.498,9999.000,9999.000,9999.000,9999.000,9999.000,9999.000,9999.000
202603091136,   0.206,   0.478,9999.000,9999.000,9999.000,9999.000,9999.000,9999.000,9999.000
202603091142,   0.195,   0.459,9999.000,9999.000,9999.000,9999.000,9999.000,9999.000,9999.000
202603091148,   0.185,   0.439,9999.000,9999.000,9999.000,9999.000,9999.000,9999.000,9999.000
202603091154,   0.177,   0.439,9999.000,9999.000,9999.000,9999.000,9999.000,9999.000,9999.000
202603091200,   0.171,   0.419,   0.200,   0.048,   0.419,   0.100,   0.319,   0.200,   0.419
202603091206,   0.167,   0.419,9999.000,9999.000,9999.000,9999.000,9999.000,9999.000,9999.000
202603091212,   0.165,   0.409,9999.000,9999.000,9999.000,9999.000,9999.000,9999.000,9999.000
202603091218,   0.164,   0.419,9999.000,9999.000,9999.000,9999.000,9999.000,9999.000,9999.000
202603091224,   0.165,   0.419,9999.000,9999.000,9999.000,9999.000,9999.000,9999.000,9999.000
202603091230,   0.168,   0.419,9999.000,9999.000,9999.000,9999.000,9999.000,9999.000,9999.000
202603091236,   0.172,   0.419,9999.000,9999.000,9999.000,9999.000,9999.000,9999.000,9999.000
202603091242,   0.178,   0.429,9999.000,9999.000,9999.000,9999.000,9999.000,9999.000,9999.000
202603091248,   0.186,   0.429,9999.000,9999.000,9999.000,9999.000,9999.000,9999.000,9999.000
202603091254,   0.195,   0.439,9999.000,9999.000,9999.000,9999.000,9999.000,9999.000,9999.000
202603091300,   0.206,   0.469,   0.200,   0.063,   0.469,   0.100,   0.369,   0.200,   0.469
202603091306,   0.219,   0.488,9999.000,9999.000,9999.000,9999.000,9999.000,9999.000,9999.000
202603091312,   0.233,   0.498,9999.000,9999.000,9999.000,9999.000,9999.000,9999.000,9999.000
202603091318,   0.248,   0.518,9999.000,9999.000,9999.000,9999.000,9999.000,9999.000,9999.000
202603091324,   0.265,   0.551,9999.000,9999.000,9999.000,9999.000,9999.000,9999.000,9999.000
202603091330,   0.283,   0.590,9999.000,9999.000,9999.000,9999.000,9999.000,9999.000,9999.000
202603091336,   0.303,   0.610,9999.000,9999.000,9999.000,9999.000,9999.000,9999.000,9999.000
202603091342,   0.325,   0.639,9999.000,9999.000,9999.000,9999.000,9999.000,9999.000,9999.000
202603091348,   0.347,   0.639,9999.000,9999.000,9999.000,9999.000,9999.000,9999.000,9999.000
202603091354,   0.371,   0.659,9999.000,9999.000,9999.000,9999.000,9999.000,9999.000,9999.000
202603091400,   0.397,   0.698,   0.200,   0.101,   0.698,   0.100,   0.598,   0.200,   0.698
202603091406,   0.423,   0.731,9999.000,9999.000,9999.000,9999.000,9999.000,9999.000,9999.000
202603091412,   0.451,   0.760,9999.000,9999.000,9999.000,9999.000,9999.000,9999.000,9999.000
202603091418,   0.480,   0.790,9999.000,9999.000,9999.000,9999.000,9999.000,9999.000,9999.000
202603091424,   0.511,   0.819,9999.000,9999.000,9999.000,9999.000,9999.000,9999.000,9999.000
202603091430,   0.542,   0.849,9999.000,9999.000,9999.000,9999.000,9999.000,9999.000,9999.000
202603091436,   0.575,   0.879,9999.000,9999.000,9999.000,9999.000,9999.000,9999.000,9999.000
202603091442,   0.608,   0.908,9999.000,9999.000,9999.000,9999.000,9999.000,9999.000,9999.000
202603091448,   0.643,   0.928,9999.000,9999.000,9999.000,9999.000,9999.000,9999.000,9999.000
202603091454,   0.678,   0.951,9999.000,9999.000,9999.000,9999.000,9999.000,9999.000,9999.000
202603091500,   0.714,   0.961,   0.200,   0.047,   0.961,   0.100,   0.861,   0.200,   0.961
202603091506,   0.752,   0.980,9999.000,9999.000,9999.000,9999.000,9999.000,9999.000,9999.000
202603091512,   0.789,   1.020,9999.000,9999.000,9999.000,9999.000,9999.000,9999.000,9999.000
202603091518,   0.827,   1.049,9999.000,9999.000,9999.000,9999.000,9999.000,9999.000,9999.000
202603091524,   0.866,   1.108,9999.000,9999.000,9999.000,9999.000,9999.000,9999.000,9999.000
202603091530,   0.905,   1.170,9999.000,9999.000,9999.000,9999.000,9999.000,9999.000,9999.000
202603091536,   0.944,   1.229,9999.000,9999.000,9999.000,9999.000,9999.000,9999.000,9999.000
202603091542,   0.984,   1.279,9999.000,9999.000,9999.000,9999.000,9999.000,9999.000,9999.000
202603091548,   1.023,   1.318,9999.000,9999.000,9999.000,9999.000,9999.000,9999.000,9999.000
202603091554,   1.062,   1.348,9999.000,9999.000,9999.000,9999.000,9999.000,9999.000,9999.000
202603091600,   1.101,   1.390,   0.200,   0.089,   1.390,   0.100,   1.290,   0.200,   1.390
202603091606,   1.139,   1.420,9999.000,9999.000,9999.000,9999.000,9999.000,9999.000,9999.000
202603091612,   1.177,   1.459,9999.000,9999.000,9999.000,9999.000,9999.000,9999.000,9999.000
202603091618,   1.214,   1.489,9999.000,9999.000,9999.000,9999.000,9999.000,9999.000,9999.000
202603091624,   1.250,   1.528,9999.000,9999.000,9999.000,9999.000,9999.000,9999.000,9999.000
202603091630,   1.285,   1.557,9999.000,9999.000,9999.000,9999.000,9999.000,9999.000,9999.000
202603091636,   1.319,   1.600,9999.000,9999.000,9999.000,9999.000,9999.000,9999.000,9999.000
202603091642,   1.352,   1.639,9999.000,9999.000,9999.000,9999.000,9999.000,9999.000,9999.000
202603091648,   1.383,   1.679,9999.000,9999.000,9999.000,9999.000,9999.000,9999.000,9999.000
202603091654,   1.413,   1.718,9999.000,9999.000,9999.000,9999.000,9999.000,9999.000,9999.000
202603091700,   1.440,   1.748,   0.200,   0.108,   1.748,   0.100,   1.648,   0.200,   1.748
202603091706,   1.466,   1.767,9999.000,9999.000,9999.000,9999.000,9999.000,9999.000,9999.000
202603091712,   1.490,   1.800,9999.000,9999.000,9999.000,9999.000,9999.000,9999.000,9999.000
202603091718,   1.513,   1.830,9999.000,9999.000,9999.000,9999.000,9999.000,9999.000,9999.000
202603091724,   1.532,   1.849,9999.000,9999.000,9999.000,9999.000,9999.000,9999.000,9999.000
202603091730,   1.550,   1.859,9999.000,9999.000,9999.000,9999.000,9999.000,9999.000,9999.000
202603091736,   1.565,   1.869,9999.000,9999.000,9999.000,9999.000,9999.000,9999.000,9999.000
202603091742,   1.579,   1.889,9999.000,9999.000,9999.000,9999.000,9999.000,9999.000,9999.000
202603091748,   1.589,   1.899,9999.000,9999.000,9999.000,9999.000,9999.000,9999.000,9999.000
202603091754,   1.597,   1.908,9999.000,9999.000,9999.000,9999.000,9999.000,9999.000,9999.000
202603091800,   1.603,   1.918,   0.200,   0.115,   1.918,   0.100,   1.818,   0.200,   1.918
202603091806,   1.606,   1.928,9999.000,9999.000,9999.000,9999.000,9999.000,9999.000,9999.000
202603091812,   1.607,   1.938,9999.000,9999.000,9999.000,9999.000,9999.000,9999.000,9999.000
202603091818,   1.606,   1.948,9999.000,9999.000,9999.000,9999.000,9999.000,9999.000,9999.000
202603091824,   1.602,   1.938,9999.000,9999.000,9999.000,9999.000,9999.000,9999.000,9999.000
202603091830,   1.595,   1.928,9999.000,9999.000,9999.000,9999.000,9999.000,9999.000,9999.000
202603091836,   1.586,   1.918,9999.000,9999.000,9999.000,9999.000,9999.000,9999.000,9999.000
202603091842,   1.575,   1.908,9999.000,9999.000,9999.000,9999.000,9999.000,9999.000,9999.000
202603091848,   1.562,   1.889,9999.000,9999.000,9999.000,9999.000,9999.000,9999.000,9999.000
202603091854,   1.546,   1.869,9999.000,9999.000,9999.000,9999.000,9999.000,9999.000,9999.000
202603091900,   1.528,   1.849,   0.200,   0.121,   1.849,   0.100,   1.749,   0.200,   1.849
202603091906,   1.509,   1.830,9999.000,9999.000,9999.000,9999.000,9999.000,9999.000,9999.000
202603091912,   1.487,   1.800,9999.000,9999.000,9999.000,9999.000,9999.000,9999.000,9999.000
202603091918,   1.463,   1.758,9999.000,9999.000,9999.000,9999.000,9999.000,9999.000,9999.000
202603091924,   1.438,   1.718,9999.000,9999.000,9999.000,9999.000,9999.000,9999.000,9999.000
202603091930,   1.411,   1.679,9999.000,9999.000,9999.000,9999.000,9999.000,9999.000,9999.000
202603091936,   1.383,   1.649,9999.000,9999.000,9999.000,9999.000,9999.000,9999.000,9999.000
202603091942,   1.353,   1.610,9999.000,9999.000,9999.000,9999.000,9999.000,9999.000,9999.000
202603091948,   1.322,   1.557,9999.000,9999.000,9999.000,9999.000,9999.000,9999.000,9999.000
202603091954,   1.289,   1.518,9999.000,9999.000,9999.000,9999.000,9999.000,9999.000,9999.000
202603092000,   1.256,   1.479,   0.200,   0.023,   1.479,   0.100,   1.379,   0.200,   1.479
202603092006,   1.221,   1.449,9999.000,9999.000,9999.000,9999.000,9999.000,9999.000,9999.000
202603092012,   1.186,   1.420,9999.000,9999.000,9999.000,9999.000,9999.000,9999.000,9999.000
202603092018,   1.150,   1.390,9999.000,9999.000,9999.000,9999.000,9999.000,9999.000,9999.000
202603092024,   1.113,   1.348,9999.000,9999.000,9999.000,9999.000,9999.000,9999.000,9999.000
202603092030,   1.076,   1.308,9999.000,9999.000,9999.000,9999.000,9999.000,9999.000,9999.000
202603092036,   1.038,   1.269,9999.000,9999.000,9999.000,9999.000,9999.000,9999.000,9999.000
202603092042,   1.000,   1.239,9999.000,9999.000,9999.000,9999.000,9999.000,9999.000,9999.000
202603092048,   0.961,   1.180,9999.000,9999.000,9999.000,9999.000,9999.000,9999.000,9999.000
202603092054,   0.923,   1.128,9999.000,9999.000,9999.000,9999.000,9999.000,9999.000,9999.000
202603092100,   0.884,   1.088,   0.200,   0.004,   1.088,   0.100,   0.988,   0.200,   1.088
202603092106,   0.846,   1.029,9999.000,9999.000,9999.000,9999.000,9999.000,9999.000,9999.000
202603092112,   0.807,   1.000,9999.000,9999.000,9999.000,9999.000,9999.000,9999.000,9999.000
202603092118,   0.769,   0.941,9999.000,9999.000,9999.000,9999.000,9999.000,9999.000,9999.000
202603092124,   0.732,   0.898,9999.000,9999.000,9999.000,9999.000,9999.000,9999.000,9999.000
202603092130,   0.694,   0.859,9999.000,9999.000,9999.000,9999.000,9999.000,9999.000,9999.000
202603092136,   0.657,   0.819,9999.000,9999.000,9999.000,9999.000,9999.000,9999.000,9999.000
202603092142,   0.621,   0.770,9999.000,9999.000,9999.000,9999.000,9999.000,9999.000,9999.000
202603092148,   0.586,   0.751,9999.000,9999.000,9999.000,9999.000,9999.000,9999.000,9999.000
202603092154,   0.551,   0.731,9999.000,9999.000,9999.000,9999.000,9999.000,9999.000,9999.000
202603092200,   0.517,   0.698,   0.200,  -0.019,   0.698,   0.200,   0.698,   0.200,   0.698
202603092206,   0.484,   0.669,9999.000,9999.000,9999.000,9999.000,9999.000,9999.000,9999.000
202603092212,   0.452,   0.659,9999.000,9999.000,9999.000,9999.000,9999.000,9999.000,9999.000
202603092218,   0.421,   0.629,9999.000,9999.000,9999.000,9999.000,9999.000,9999.000,9999.000
202603092224,   0.392,   0.600,9999.000,9999.000,9999.000,9999.000,9999.000,9999.000,9999.000
202603092230,   0.364,   0.570,9999.000,9999.000,9999.000,9999.000,9999.000,9999.000,9999.000
202603092236,   0.337,   0.531,9999.000,9999.000,9999.000,9999.000,9999.000,9999.000,9999.000
202603092242,   0.311,   0.508,9999.000,9999.000,9999.000,9999.000,9999.000,9999.000,9999.000
202603092248,   0.287,   0.488,9999.000,9999.000,9999.000,9999.000,9999.000,9999.000,9999.000
202603092254,   0.264,   0.449,9999.000,9999.000,9999.000,9999.000,9999.000,9999.000,9999.000
202603092300,   0.243,   0.419,   0.200,  -0.024,   0.419,   0.200,   0.419,   0.200,   0.419
202603092306,   0.224,   0.409,9999.000,9999.000,9999.000,9999.000,9999.000,9999.000,9999.000
202603092312,   0.206,   0.400,9999.000,9999.000,9999.000,9999.000,9999.000,9999.000,9999.000
202603092318,   0.190,   0.390,9999.000,9999.000,9999.000,9999.000,9999.000,9999.000,9999.000
202603092324,   0.176,   0.380,9999.000,9999.000,9999.000,9999.000,9999.000,9999.000,9999.000
202603092330,   0.163,   0.370,9999.000,9999.000,9999.000,9999.000,9999.000,9999.000,9999.000
202603092336,   0.153,   0.370,9999.000,9999.000,9999.000,9999.000,9999.000,9999.000,9999.000
202603092342,   0.144,   0.370,9999.000,9999.000,9999.000,9999.000,9999.000,9999.000,9999.000
202603092348,   0.137,   0.370,9999.000,9999.000,9999.000,9999.000,9999.000,9999.000,9999.000
202603092354,   0.132,9999.000,9999.000,9999.000,9999.000,9999.000,9999.000,9999.000,9999.000
202603100000,   0.129,   0.350,   0.300,  -0.079,   0.350,   0.200,   0.250,   0.300,   0.350
202603100006,   0.128,   0.350,9999.000,9999.000,9999.000,9999.000,9999.000,9999.000,9999.000
202603100012,   0.129,   0.360,9999.000,9999.000,9999.000,9999.000,9999.000,9999.000,9999.000
202603100018,   0.131,   0.370,9999.000,9999.000,9999.000,9999.000,9999.000,9999.000,9999.000
202603100024,   0.136,   0.380,9999.000,9999.000,9999.000,9999.000,9999.000,9999.000,9999.000
202603100030,   0.142,   0.409,9999.000,9999.000,9999.000,9999.000,9999.000,9999.000,9999.000
202603100036,   0.150,   0.419,9999.000,9999.000,9999.000,9999.000,9999.000,9999.000,9999.000
202603100042,   0.160,   0.439,9999.000,9999.000,9999.000,9999.000,9999.000,9999.000,9999.000
202603100048,   0.172,   0.449,9999.000,9999.000,9999.000,9999.000,9999.000,9999.000,9999.000
202603100054,   0.186,   0.478,9999.000,9999.000,9999.000,9999.000,9999.000,9999.000,9999.000
202603100100,   0.201,   0.518,   0.300,   0.017,   0.518,   0.200,   0.418,   0.300,   0.518
202603100106,   0.218,   0.531,9999.000,9999.000,9999.000,9999.000,9999.000,9999.000,9999.000
202603100112,   0.237,   0.560,9999.000,9999.000,9999.000,9999.000,9999.000,9999.000,9999.000
202603100118,   0.257,   0.580,9999.000,9999.000,9999.000,9999.000,9999.000,9999.000,9999.000
202603100124,   0.279,   0.619,9999.000,9999.000,9999.000,9999.000,9999.000,9999.000,9999.000
202603100130,   0.303,   0.649,9999.000,9999.000,9999.000,9999.000,9999.000,9999.000,9999.000
202603100136,   0.328,   0.688,9999.000,9999.000,9999.000,9999.000,9999.000,9999.000,9999.000
202603100142,   0.354,   0.731,9999.000,9999.000,9999.000,9999.000,9999.000,9999.000,9999.000
202603100148,   0.382,   0.790,9999.000,9999.000,9999.000,9999.000,9999.000,9999.000,9999.000
202603100154,   0.412,   0.839,9999.000,9999.000,9999.000,9999.000,9999.000,9999.000,9999.000
202603100200,   0.442,   0.888,   0.300,   0.146,   0.888,   0.200,   0.788,   0.300,   0.888
202603100206,   0.474,   0.928,9999.000,9999.000,9999.000,9999.000,9999.000,9999.000,9999.000
202603100212,   0.507,   0.951,9999.000,9999.000,9999.000,9999.000,9999.000,9999.000,9999.000
202603100218,   0.542,   0.990,9999.000,9999.000,9999.000,9999.000,9999.000,9999.000,9999.000
202603100224,   0.577,   1.020,9999.000,9999.000,9999.000,9999.000,9999.000,9999.000,9999.000
202603100230,   0.613,   1.059,9999.000,9999.000,9999.000,9999.000,9999.000,9999.000,9999.000
202603100236,   0.651,   1.088,9999.000,9999.000,9999.000,9999.000,9999.000,9999.000,9999.000
202603100242,   0.689,   1.108,9999.000,9999.000,9999.000,9999.000,9999.000,9999.000,9999.000
202603100248,   0.729,   1.151,9999.000,9999.000,9999.000,9999.000,9999.000,9999.000,9999.000
202603100254,   0.769,   1.180,9999.000,9999.000,9999.000,9999.000,9999.000,9999.000,9999.000
202603100300,   0.810,   1.220,   0.300,   0.110,   1.220,   0.200,   1.120,   0.300,   1.220
202603100306,   0.851,   1.259,9999.000,9999.000,9999.000,9999.000,9999.000,9999.000,9999.000
202603100312,   0.893,   1.298,9999.000,9999.000,9999.000,9999.000,9999.000,9999.000,9999.000
202603100318,   0.936,   1.338,9999.000,9999.000,9999.000,9999.000,9999.000,9999.000,9999.000
202603100324,   0.979,   1.380,9999.000,9999.000,9999.000,9999.000,9999.000,9999.000,9999.000
202603100330,   1.022,   1.420,9999.000,9999.000,9999.000,9999.000,9999.000,9999.000,9999.000
202603100336,   1.066,   1.449,9999.000,9999.000,9999.000,9999.000,9999.000,9999.000,9999.000
202603100342,   1.110,   1.479,9999.000,9999.000,9999.000,9999.000,9999.000,9999.000,9999.000
202603100348,   1.154,   1.508,9999.000,9999.000,9999.000,9999.000,9999.000,9999.000,9999.000
202603100354,   1.198,   1.538,9999.000,9999.000,9999.000,9999.000,9999.000,9999.000,9999.000
202603100400,   1.241,   1.571,   0.300,   0.030,   1.571,   0.200,   1.471,   0.300,   1.571
202603100406,   1.285,   1.600,9999.000,9999.000,9999.000,9999.000,9999.000,9999.000,9999.000
202603100412,   1.327,   1.639,9999.000,9999.000,9999.000,9999.000,9999.000,9999.000,9999.000
202603100418,   1.370,   1.669,9999.000,9999.000,9999.000,9999.000,9999.000,9999.000,9999.000
202603100424,   1.411,   1.718,9999.000,9999.000,9999.000,9999.000,9999.000,9999.000,9999.000
202603100430,   1.452,   1.758,9999.000,9999.000,9999.000,9999.000,9999.000,9999.000,9999.000
202603100436,   1.492,   1.790,9999.000,9999.000,9999.000,9999.000,9999.000,9999.000,9999.000
202603100442,   1.531,   1.830,9999.000,9999.000,9999.000,9999.000,9999.000,9999.000,9999.000
202603100448,   1.569,   1.869,9999.000,9999.000,9999.000,9999.000,9999.000,9999.000,9999.000
202603100454,   1.605,   1.908,9999.000,9999.000,9999.000,9999.000,9999.000,9999.000,9999.000
202603100500,   1.640,   1.948,   0.200,   0.108,   1.948,   0.200,   1.948,   0.300,   2.048
202603100506,   1.673,   1.990,9999.000,9999.000,9999.000,9999.000,9999.000,9999.000,9999.000
202603100512,   1.705,   2.020,9999.000,9999.000,9999.000,9999.000,9999.000,9999.000,9999.000
202603100518,   1.735,   2.059,9999.000,9999.000,9999.000,9999.000,9999.000,9999.000,9999.000
202603100524,   1.763,   2.089,9999.000,9999.000,9999.000,9999.000,9999.000,9999.000,9999.000
202603100530,   1.788,   2.118,9999.000,9999.000,9999.000,9999.000,9999.000,9999.000,9999.000
202603100536,   1.812,   2.148,9999.000,9999.000,9999.000,9999.000,9999.000,9999.000,9999.000
202603100542,   1.834,   2.168,9999.000,9999.000,9999.000,9999.000,9999.000,9999.000,9999.000
202603100548,   1.853,   2.191,9999.000,9999.000,9999.000,9999.000,9999.000,9999.000,9999.000
202603100554,   1.870,   2.210,9999.000,9999.000,9999.000,9999.000,9999.000,9999.000,9999.000
202603100600,   1.884,   2.230,   0.300,   0.046,   2.230,   0.200,   2.130,   0.300,   2.230
202603100606,   1.896,   2.250,9999.000,9999.000,9999.000,9999.000,9999.000,9999.000,9999.000
202603100612,   1.906,   2.259,9999.000,9999.000,9999.000,9999.000,9999.000,9999.000,9999.000
202603100618,   1.913,   2.259,9999.000,9999.000,9999.000,9999.000,9999.000,9999.000,9999.000
202603100624,   1.918,   2.259,9999.000,9999.000,9999.000,9999.000,9999.000,9999.000,9999.000
202603100630,   1.920,   2.259,9999.000,9999.000,9999.000,9999.000,9999.000,9999.000,9999.000
202603100636,   1.919,   2.259,9999.000,9999.000,9999.000,9999.000,9999.000,9999.000,9999.000
202603100642,   1.916,   2.259,9999.000,9999.000,9999.000,9999.000,9999.000,9999.000,9999.000
202603100648,   1.911,   2.250,9999.000,9999.000,9999.000,9999.000,9999.000,9999.000,9999.000
202603100654,   1.903,   2.230,9999.000,9999.000,9999.000,9999.000,9999.000,9999.000,9999.000
202603100700,   1.893,   2.220,   0.300,   0.027,   2.220,   0.200,   2.120,   0.300,   2.220
202603100706,   1.881,   2.210,9999.000,9999.000,9999.000,9999.000,9999.000,9999.000,9999.000
202603100712,   1.866,   2.191,9999.000,9999.000,9999.000,9999.000,9999.000,9999.000,9999.000
202603100718,   1.849,   2.177,9999.000,9999.000,9999.000,9999.000,9999.000,9999.000,9999.000
202603100724,   1.830,   2.168,9999.000,9999.000,9999.000,9999.000,9999.000,9999.000,9999.000
202603100730,   1.810,   2.148,9999.000,9999.000,9999.000,9999.000,9999.000,9999.000,9999.000
202603100736,   1.787,   2.138,9999.000,9999.000,9999.000,9999.000,9999.000,9999.000,9999.000
202603100742,   1.763,   2.118,9999.000,9999.000,9999.000,9999.000,9999.000,9999.000,9999.000
202603100748,   1.737,   2.099,9999.000,9999.000,9999.000,9999.000,9999.000,9999.000,9999.000
202603100754,   1.710,   2.079,9999.000,9999.000,9999.000,9999.000,9999.000,9999.000,9999.000
202603100800,   1.681,   2.059,   0.300,   0.078,   2.059,   0.200,   1.959,   0.300,   2.059
202603100806,   1.651,   2.030,9999.000,9999.000,9999.000,9999.000,9999.000,9999.000,9999.000
202603100812,   1.619,   2.000,9999.000,9999.000,9999.000,9999.000,9999.000,9999.000,9999.000
202603100818,   1.587,   1.967,9999.000,9999.000,9999.000,9999.000,9999.000,9999.000,9999.000
202603100824,   1.553,   1.928,9999.000,9999.000,9999.000,9999.000,9999.000,9999.000,9999.000
202603100830,   1.519,9999.000,9999.000,9999.000,9999.000,9999.000,9999.000,9999.000,9999.000
202603100836,   1.484,9999.000,9999.000,9999.000,9999.000,9999.000,9999.000,9999.000,9999.000
202603100842,   1.448,9999.000,9999.000,9999.000,9999.000,9999.000,9999.000,9999.000,9999.000
202603100848,   1.412,9999.000,9999.000,9999.000,9999.000,9999.000,9999.000,9999.000,9999.000
202603100854,   1.376,9999.000,9999.000,9999.000,9999.000,9999.000,9999.000,9999.000,9999.000
202603100900,   1.338,9999.000,   0.300,9999.000,   1.638,   0.200,   1.538,   0.300,   1.638
202603100906,   1.301,9999.000,9999.000,9999.000,9999.000,9999.000,9999.000,9999.000,9999.000
202603100912,   1.263,   1.679,9999.000,9999.000,9999.000,9999.000,9999.000,9999.000,9999.000
202603100918,   1.226,9999.000,9999.000,9999.000,9999.000,9999.000,9999.000,9999.000,9999.000
202603100924,   1.188,9999.000,9999.000,9999.000,9999.000,9999.000,9999.000,9999.000,9999.000
202603100930,   1.150,9999.000,9999.000,9999.000,9999.000,9999.000,9999.000,9999.000,9999.000
202603100936,   1.112,9999.000,9999.000,9999.000,9999.000,9999.000,9999.000,9999.000,9999.000
202603100942,   1.075,   1.498,9999.000,9999.000,9999.000,9999.000,9999.000,9999.000,9999.000
202603100948,   1.037,   1.449,9999.000,9999.000,9999.000,9999.000,9999.000,9999.000,9999.000
202603100954,   1.000,   1.410,9999.000,9999.000,9999.000,9999.000,9999.000,9999.000,9999.000
202603101000,   0.963,   1.361,   0.300,   0.098,   1.361,   0.200,   1.261,   0.300,   1.361
202603101006,   0.927,   1.328,9999.000,9999.000,9999.000,9999.000,9999.000,9999.000,9999.000
202603101012,   0.890,   1.289,9999.000,9999.000,9999.000,9999.000,9999.000,9999.000,9999.000
202603101018,   0.855,   1.249,9999.000,9999.000,9999.000,9999.000,9999.000,9999.000,9999.000
202603101024,   0.820,   1.220,9999.000,9999.000,9999.000,9999.000,9999.000,9999.000,9999.000
202603101030,   0.785,   1.180,9999.000,9999.000,9999.000,9999.000,9999.000,9999.000,9999.000
202603101036,   0.751,   1.151,9999.000,9999.000,9999.000,9999.000,9999.000,9999.000,9999.000
202603101042,   0.718,   1.108,9999.000,9999.000,9999.000,9999.000,9999.000,9999.000,9999.000
202603101048,   0.686,   1.069,9999.000,9999.000,9999.000,9999.000,9999.000,9999.000,9999.000
202603101054,   0.654,   1.029,9999.000,9999.000,9999.000,9999.000,9999.000,9999.000,9999.000
202603101100,   0.623,   0.990,   0.300,   0.067,   0.990,   0.200,   0.890,   0.300,   0.990
202603101106,   0.594,   0.951,9999.000,9999.000,9999.000,9999.000,9999.000,9999.000,9999.000
202603101112,   0.565,9999.000,9999.000,9999.000,9999.000,9999.000,9999.000,9999.000,9999.000
202603101118,   0.537,   0.879,9999.000,9999.000,9999.000,9999.000,9999.000,9999.000,9999.000
202603101124,   0.510,   0.859,9999.000,9999.000,9999.000,9999.000,9999.000,9999.000,9999.000
202603101130,   0.484,   0.839,9999.000,9999.000,9999.000,9999.000,9999.000,9999.000,9999.000
202603101136,   0.460,   0.819,9999.000,9999.000,9999.000,9999.000,9999.000,9999.000,9999.000
202603101142,   0.437,   0.810,9999.000,9999.000,9999.000,9999.000,9999.000,9999.000,9999.000
202603101148,   0.415,   0.770,9999.000,9999.000,9999.000,9999.000,9999.000,9999.000,9999.000
202603101154,   0.394,   0.760,9999.000,9999.000,9999.000,9999.000,9999.000,9999.000,9999.000
202603101200,   0.374,   0.751,   0.300,   0.077,   0.751,   0.300,   0.751,   0.400,   0.851
202603101206,   0.357,   0.741,9999.000,9999.000,9999.000,9999.000,9999.000,9999.000,9999.000
202603101212,   0.340,   0.731,9999.000,9999.000,9999.000,9999.000,9999.000,9999.000,9999.000
202603101218,   0.325,   0.708,9999.000,9999.000,9999.000,9999.000,9999.000,9999.000,9999.000
202603101224,   0.311,   0.698,9999.000,9999.000,9999.000,9999.000,9999.000,9999.000,9999.000
202603101230,   0.299,   0.678,9999.000,9999.000,9999.000,9999.000,9999.000,9999.000,9999.000
202603101236,   0.289,   0.678,9999.000,9999.000,9999.000,9999.000,9999.000,9999.000,9999.000
202603101242,   0.280,   0.678,9999.000,9999.000,9999.000,9999.000,9999.000,9999.000,9999.000
202603101248,   0.273,   0.659,9999.000,9999.000,9999.000,9999.000,9999.000,9999.000,9999.000
202603101254,   0.267,   0.659,9999.000,9999.000,9999.000,9999.000,9999.000,9999.000,9999.000
202603101300,   0.263,   0.688,   0.300,   0.125,   0.688,   0.300,   0.688,   0.400,   0.788
202603101306,   0.260,   0.698,9999.000,9999.000,9999.000,9999.000,9999.000,9999.000,9999.000
202603101312,   0.260,   0.688,9999.000,9999.000,9999.000,9999.000,9999.000,9999.000,9999.000
202603101318,   0.260,   0.688,9999.000,9999.000,9999.000,9999.000,9999.000,9999.000,9999.000
202603101324,   0.262,   0.698,9999.000,9999.000,9999.000,9999.000,9999.000,9999.000,9999.000
202603101330,   0.266,   0.718,9999.000,9999.000,9999.000,9999.000,9999.000,9999.000,9999.000
202603101336,   0.272,   0.741,9999.000,9999.000,9999.000,9999.000,9999.000,9999.000,9999.000
202603101342,   0.279,   0.741,9999.000,9999.000,9999.000,9999.000,9999.000,9999.000,9999.000
202603101348,   0.287,   0.741,9999.000,9999.000,9999.000,9999.000,9999.000,9999.000,9999.000
202603101354,   0.297,   0.770,9999.000,9999.000,9999.000,9999.000,9999.000,9999.000,9999.000
202603101400,   0.308,   0.780,   0.300,   0.172,   0.780,   0.300,   0.780,   0.400,   0.880
202603101406,   0.321,   0.800,9999.000,9999.000,9999.000,9999.000,9999.000,9999.000,9999.000
202603101412,   0.335,   0.839,9999.000,9999.000,9999.000,9999.000,9999.000,9999.000,9999.000
202603101418,   0.351,   0.849,9999.000,9999.000,9999.000,9999.000,9999.000,9999.000,9999.000
202603101424,   0.368,   0.879,9999.000,9999.000,9999.000,9999.000,9999.000,9999.000,9999.000
202603101430,   0.386,   0.898,9999.000,9999.000,9999.000,9999.000,9999.000,9999.000,9999.000
202603101436,   0.406,   0.928,9999.000,9999.000,9999.000,9999.000,9999.000,9999.000,9999.000
202603101442,   0.426,   0.951,9999.000,9999.000,9999.000,9999.000,9999.000,9999.000,9999.000
202603101448,   0.448,   0.970,9999.000,9999.000,9999.000,9999.000,9999.000,9999.000,9999.000
202603101454,   0.471,   1.000,9999.000,9999.000,9999.000,9999.000,9999.000,9999.000,9999.000
202603101500,   0.496,   1.020,   0.300,   0.224,   1.020,   0.300,   1.020,   0.300,   1.020
202603101506,   0.521,   1.069,9999.000,9999.000,9999.000,9999.000,9999.000,9999.000,9999.000
202603101512,   0.547,   1.098,9999.000,9999.000,9999.000,9999.000,9999.000,9999.000,9999.000
202603101518,   0.574,   1.128,9999.000,9999.000,9999.000,9999.000,9999.000,9999.000,9999.000
202603101524,   0.603,   1.161,9999.000,9999.000,9999.000,9999.000,9999.000,9999.000,9999.000
202603101530,   0.632,   1.190,9999.000,9999.000,9999.000,9999.000,9999.000,9999.000,9999.000
202603101536,   0.662,   1.220,9999.000,9999.000,9999.000,9999.000,9999.000,9999.000,9999.000
202603101542,   0.692,   1.249,9999.000,9999.000,9999.000,9999.000,9999.000,9999.000,9999.000
202603101548,   0.724,   1.279,9999.000,9999.000,9999.000,9999.000,9999.000,9999.000,9999.000
202603101554,   0.756,   1.308,9999.000,9999.000,9999.000,9999.000,9999.000,9999.000,9999.000
202603101600,   0.788,   1.338,   0.300,   0.250,   1.338,   0.300,   1.338,   0.300,   1.338
202603101606,   0.821,   1.361,9999.000,9999.000,9999.000,9999.000,9999.000,9999.000,9999.000
202603101612,   0.854,   1.390,9999.000,9999.000,9999.000,9999.000,9999.000,9999.000,9999.000
202603101618,   0.888,   1.420,9999.000,9999.000,9999.000,9999.000,9999.000,9999.000,9999.000
202603101624,   0.922,   1.449,9999.000,9999.000,9999.000,9999.000,9999.000,9999.000,9999.000
202603101630,   0.955,   1.489,9999.000,9999.000,9999.000,9999.000,9999.000,9999.000,9999.000
202603101636,   0.989,   1.518,9999.000,9999.000,9999.000,9999.000,9999.000,9999.000,9999.000
202603101642,   1.023,   1.548,9999.000,9999.000,9999.000,9999.000,9999.000,9999.000,9999.000
202603101648,   1.056,   1.580,9999.000,9999.000,9999.000,9999.000,9999.000,9999.000,9999.000
202603101654,   1.089,   1.610,9999.000,9999.000,9999.000,9999.000,9999.000,9999.000,9999.000
202603101700,   1.122,   1.649,   0.300,   0.227,   1.649,   0.300,   1.649,   0.300,   1.649
202603101706,   1.153,   1.679,9999.000,9999.000,9999.000,9999.000,9999.000,9999.000,9999.000
202603101712,   1.185,   1.699,9999.000,9999.000,9999.000,9999.000,9999.000,9999.000,9999.000
202603101718,   1.215,   1.728,9999.000,9999.000,9999.000,9999.000,9999.000,9999.000,9999.000
202603101724,   1.244,   1.767,9999.000,9999.000,9999.000,9999.000,9999.000,9999.000,9999.000
202603101730,   1.272,   1.790,9999.000,9999.000,9999.000,9999.000,9999.000,9999.000,9999.000
202603101736,   1.299,   1.840,9999.000,9999.000,9999.000,9999.000,9999.000,9999.000,9999.000
202603101742,   1.324,   1.869,9999.000,9999.000,9999.000,9999.000,9999.000,9999.000,9999.000
202603101748,   1.348,   1.899,9999.000,9999.000,9999.000,9999.000,9999.000,9999.000,9999.000
202603101754,   1.370,   1.918,9999.000,9999.000,9999.000,9999.000,9999.000,9999.000,9999.000
202603101800,   1.391,   1.948,   0.400,   0.157,   1.948,   0.300,   1.848,   0.400,   1.948
202603101806,   1.410,   1.967,9999.000,9999.000,9999.000,9999.000,9999.000,9999.000,9999.000
202603101812,   1.427,   1.990,9999.000,9999.000,9999.000,9999.000,9999.000,9999.000,9999.000
202603101818,   1.442,   2.010,9999.000,9999.000,9999.000,9999.000,9999.000,9999.000,9999.000
202603101824,   1.454,   2.040,9999.000,9999.000,9999.000,9999.000,9999.000,9999.000,9999.000
202603101830,   1.465,   2.049,9999.000,9999.000,9999.000,9999.000,9999.000,9999.000,9999.000
202603101836,   1.474,   2.069,9999.000,9999.000,9999.000,9999.000,9999.000,9999.000,9999.000
202603101842,   1.481,   2.069,9999.000,9999.000,9999.000,9999.000,9999.000,9999.000,9999.000
202603101848,   1.485,   2.049,9999.000,9999.000,9999.000,9999.000,9999.000,9999.000,9999.000
202603101854,   1.487,   2.059,9999.000,9999.000,9999.000,9999.000,9999.000,9999.000,9999.000
202603101900,   1.487,   2.069,   0.400,   0.182,   2.069,   0.300,   1.969,   0.400,   2.069
202603101906,   1.485,   2.049,9999.000,9999.000,9999.000,9999.000,9999.000,9999.000,9999.000
202603101912,   1.480,   2.059,9999.000,9999.000,9999.000,9999.000,9999.000,9999.000,9999.000
202603101918,   1.474,   2.069,9999.000,9999.000,9999.000,9999.000,9999.000,9999.000,9999.000
202603101924,   1.465,   2.059,9999.000,9999.000,9999.000,9999.000,9999.000,9999.000,9999.000
202603101930,   1.455,   2.040,9999.000,9999.000,9999.000,9999.000,9999.000,9999.000,9999.000
202603101936,   1.442,   2.030,9999.000,9999.000,9999.000,9999.000,9999.000,9999.000,9999.000
202603101942,   1.428,   2.020,9999.000,9999.000,9999.000,9999.000,9999.000,9999.000,9999.000
202603101948,   1.411,   1.990,9999.000,9999.000,9999.000,9999.000,9999.000,9999.000,9999.000
202603101954,   1.394,   1.958,9999.000,9999.000,9999.000,9999.000,9999.000,9999.000,9999.000
202603102000,   1.374,   1.928,   0.300,   0.254,   1.928,   0.300,   1.928,   0.400,   2.028
202603102006,   1.353,   1.899,9999.000,9999.000,9999.000,9999.000,9999.000,9999.000,9999.000
202603102012,   1.331,   1.869,9999.000,9999.000,9999.000,9999.000,9999.000,9999.000,9999.000
202603102018,   1.307,   1.849,9999.000,9999.000,9999.000,9999.000,9999.000,9999.000,9999.000
202603102024,   1.282,   1.849,9999.000,9999.000,9999.000,9999.000,9999.000,9999.000,9999.000
202603102030,   1.256,   1.820,9999.000,9999.000,9999.000,9999.000,9999.000,9999.000,9999.000
202603102036,   1.229,   1.800,9999.000,9999.000,9999.000,9999.000,9999.000,9999.000,9999.000
202603102042,   1.202,   1.758,9999.000,9999.000,9999.000,9999.000,9999.000,9999.000,9999.000
202603102048,   1.173,   1.738,9999.000,9999.000,9999.000,9999.000,9999.000,9999.000,9999.000
202603102054,   1.144,   1.718,9999.000,9999.000,9999.000,9999.000,9999.000,9999.000,9999.000
202603102100,   1.114,   1.679,   0.300,   0.265,   1.679,   0.300,   1.679,   0.400,   1.779
202603102106,   1.084,   1.630,9999.000,9999.000,9999.000,9999.000,9999.000,9999.000,9999.000
202603102112,   1.053,   1.590,9999.000,9999.000,9999.000,9999.000,9999.000,9999.000,9999.000
202603102118,   1.022,   1.548,9999.000,9999.000,9999.000,9999.000,9999.000,9999.000,9999.000
202603102124,   0.991,   1.508,9999.000,9999.000,9999.000,9999.000,9999.000,9999.000,9999.000
202603102130,   0.960,   1.449,9999.000,9999.000,9999.000,9999.000,9999.000,9999.000,9999.000
202603102136,   0.928,   1.420,9999.000,9999.000,9999.000,9999.000,9999.000,9999.000,9999.000
202603102142,   0.897,   1.380,9999.000,9999.000,9999.000,9999.000,9999.000,9999.000,9999.000
202603102148,   0.865,   1.348,9999.000,9999.000,9999.000,9999.000,9999.000,9999.000,9999.000
202603102154,   0.834,   1.308,9999.000,9999.000,9999.000,9999.000,9999.000,9999.000,9999.000
202603102200,   0.803,   1.279,   0.300,   0.176,   1.279,   0.300,   1.279,   0.300,   1.279
202603102206,   0.772,   1.259,9999.000,9999.000,9999.000,9999.000,9999.000,9999.000,9999.000
202603102212,   0.741,   1.220,9999.000,9999.000,9999.000,9999.000,9999.000,9999.000,9999.000
202603102218,   0.711,   1.190,9999.000,9999.000,9999.000,9999.000,9999.000,9999.000,9999.000
202603102224,   0.680,   1.161,9999.000,9999.000,9999.000,9999.000,9999.000,9999.000,9999.000
202603102230,   0.651,   1.151,9999.000,9999.000,9999.000,9999.000,9999.000,9999.000,9999.000
202603102236,   0.622,   1.118,9999.000,9999.000,9999.000,9999.000,9999.000,9999.000,9999.000
202603102242,   0.593,   1.098,9999.000,9999.000,9999.000,9999.000,9999.000,9999.000,9999.000
202603102248,   0.565,   1.069,9999.000,9999.000,9999.000,9999.000,9999.000,9999.000,9999.000
202603102254,   0.537,   1.049,9999.000,9999.000,9999.000,9999.000,9999.000,9999.000,9999.000
202603102300,   0.510,   1.029,   0.300,   0.219,   1.029,   0.300,   1.029,   0.300,   1.029
202603102306,   0.484,   1.000,9999.000,9999.000,9999.000,9999.000,9999.000,9999.000,9999.000
202603102312,   0.459,   0.990,9999.000,9999.000,9999.000,9999.000,9999.000,9999.000,9999.000
202603102318,   0.434,   0.961,9999.000,9999.000,9999.000,9999.000,9999.000,9999.000,9999.000
202603102324,   0.410,   0.941,9999.000,9999.000,9999.000,9999.000,9999.000,9999.000,9999.000
202603102330,   0.388,   0.918,9999.000,9999.000,9999.000,9999.000,9999.000,9999.000,9999.000
202603102336,   0.366,   0.908,9999.000,9999.000,9999.000,9999.000,9999.000,9999.000,9999.000
202603102342,   0.345,   0.898,9999.000,9999.000,9999.000,9999.000,9999.000,9999.000,9999.000
202603102348,   0.326,   0.888,9999.000,9999.000,9999.000,9999.000,9999.000,9999.000,9999.000
202603102354,   0.308,9999.000,9999.000,9999.000,9999.000,9999.000,9999.000,9999.000,9999.000
202603110000,   0.291,   0.859,   0.400,   0.168,   0.859,   0.300,   0.759,   0.400,   0.859
202603110006,   0.275,   0.859,9999.000,9999.000,9999.000,9999.000,9999.000,9999.000,9999.000
202603110012,   0.261,   0.849,9999.000,9999.000,9999.000,9999.000,9999.000,9999.000,9999.000
202603110018,   0.248,   0.829,9999.000,9999.000,9999.000,9999.000,9999.000,9999.000,9999.000
202603110024,   0.237,   0.829,9999.000,9999.000,9999.000,9999.000,9999.000,9999.000,9999.000
202603110030,   0.227,   0.829,9999.000,9999.000,9999.000,9999.000,9999.000,9999.000,9999.000
202603110036,   0.220,   0.829,9999.000,9999.000,9999.000,9999.000,9999.000,9999.000,9999.000
202603110042,   0.213,   0.829,9999.000,9999.000,9999.000,9999.000,9999.000,9999.000,9999.000
202603110048,   0.209,   0.819,9999.000,9999.000,9999.000,9999.000,9999.000,9999.000,9999.000
202603110054,   0.206,   0.810,9999.000,9999.000,9999.000,9999.000,9999.000,9999.000,9999.000
202603110100,   0.205,   0.810,   0.400,   0.205,   0.810,   0.300,   0.710,   0.400,   0.810
202603110106,   0.206,   0.810,9999.000,9999.000,9999.000,9999.000,9999.000,9999.000,9999.000
202603110112,   0.208,   0.829,9999.000,9999.000,9999.000,9999.000,9999.000,9999.000,9999.000
202603110118,   0.212,   0.849,9999.000,9999.000,9999.000,9999.000,9999.000,9999.000,9999.000
202603110124,   0.219,   0.869,9999.000,9999.000,9999.000,9999.000,9999.000,9999.000,9999.000
202603110130,   0.227,   0.908,9999.000,9999.000,9999.000,9999.000,9999.000,9999.000,9999.000
202603110136,   0.236,   0.941,9999.000,9999.000,9999.000,9999.000,9999.000,9999.000,9999.000
202603110142,   0.248,   0.961,9999.000,9999.000,9999.000,9999.000,9999.000,9999.000,9999.000
202603110148,   0.261,   0.980,9999.000,9999.000,9999.000,9999.000,9999.000,9999.000,9999.000
202603110154,   0.276,   1.010,9999.000,9999.000,9999.000,9999.000,9999.000,9999.000,9999.000
202603110200,   0.292,   1.029,   0.300,   0.437,   1.029,   0.300,   1.029,   0.400,   1.129
202603110206,   0.311,   1.049,9999.000,9999.000,9999.000,9999.000,9999.000,9999.000,9999.000
202603110212,   0.330,   1.069,9999.000,9999.000,9999.000,9999.000,9999.000,9999.000,9999.000
202603110218,   0.352,   1.088,9999.000,9999.000,9999.000,9999.000,9999.000,9999.000,9999.000
202603110224,   0.374,   1.108,9999.000,9999.000,9999.000,9999.000,9999.000,9999.000,9999.000
202603110230,   0.399,   1.128,9999.000,9999.000,9999.000,9999.000,9999.000,9999.000,9999.000
202603110236,   0.424,   1.151,9999.000,9999.000,9999.000,9999.000,9999.000,9999.000,9999.000
202603110242,   0.451,   1.180,9999.000,9999.000,9999.000,9999.000,9999.000,9999.000,9999.000
202603110248,   0.479,   1.210,9999.000,9999.000,9999.000,9999.000,9999.000,9999.000,9999.000
202603110254,   0.508,   1.229,9999.000,9999.000,9999.000,9999.000,9999.000,9999.000,9999.000
202603110300,   0.539,   1.259,   0.300,   0.420,   1.259,   0.300,   1.259,   0.400,   1.359
202603110306,   0.570,   1.289,9999.000,9999.000,9999.000,9999.000,9999.000,9999.000,9999.000
202603110312,   0.602,   1.318,9999.000,9999.000,9999.000,9999.000,9999.000,9999.000,9999.000
202603110318,   0.636,   1.361,9999.000,9999.000,9999.000,9999.000,9999.000,9999.000,9999.000
202603110324,   0.670,   1.400,9999.000,9999.000,9999.000,9999.000,9999.000,9999.000,9999.000
202603110330,   0.705,   1.439,9999.000,9999.000,9999.000,9999.000,9999.000,9999.000,9999.000
202603110336,   0.741,   1.469,9999.000,9999.000,9999.000,9999.000,9999.000,9999.000,9999.000
202603110342,   0.777,   1.498,9999.000,9999.000,9999.000,9999.000,9999.000,9999.000,9999.000
202603110348,   0.814,   1.538,9999.000,9999.000,9999.000,9999.000,9999.000,9999.000,9999.000
202603110354,   0.852,   1.580,9999.000,9999.000,9999.000,9999.000,9999.000,9999.000,9999.000
202603110400,   0.890,   1.610,   0.300,   0.420,   1.610,   0.300,   1.610,   0.400,   1.710
202603110406,   0.929,   1.630,9999.000,9999.000,9999.000,9999.000,9999.000,9999.000,9999.000
202603110412,   0.968,   1.649,9999.000,9999.000,9999.000,9999.000,9999.000,9999.000,9999.000
202603110418,   1.007,   1.669,9999.000,9999.000,9999.000,9999.000,9999.000,9999.000,9999.000
202603110424,   1.046,   1.699,9999.000,9999.000,9999.000,9999.000,9999.000,9999.000,9999.000
202603110430,   1.085,   1.728,9999.000,9999.000,9999.000,9999.000,9999.000,9999.000,9999.000
202603110436,   1.125,   1.767,9999.000,9999.000,9999.000,9999.000,9999.000,9999.000,9999.000
202603110442,   1.164,   1.800,9999.000,9999.000,9999.000,9999.000,9999.000,9999.000,9999.000
202603110448,   1.203,   1.840,9999.000,9999.000,9999.000,9999.000,9999.000,9999.000,9999.000
202603110454,   1.242,   1.879,9999.000,9999.000,9999.000,9999.000,9999.000,9999.000,9999.000
202603110500,   1.281,   1.918,   0.300,   0.337,   1.918,   0.200,   1.818,   0.300,   1.918
202603110506,   1.319,   1.967,9999.000,9999.000,9999.000,9999.000,9999.000,9999.000,9999.000
202603110512,   1.356,   2.010,9999.000,9999.000,9999.000,9999.000,9999.000,9999.000,9999.000
202603110518,   1.393,   2.049,9999.000,9999.000,9999.000,9999.000,9999.000,9999.000,9999.000
202603110524,   1.429,   2.099,9999.000,9999.000,9999.000,9999.000,9999.000,9999.000,9999.000
202603110530,   1.464,   2.128,9999.000,9999.000,9999.000,9999.000,9999.000,9999.000,9999.000
202603110536,   1.498,   2.168,9999.000,9999.000,9999.000,9999.000,9999.000,9999.000,9999.000
202603110542,   1.531,   2.200,9999.000,9999.000,9999.000,9999.000,9999.000,9999.000,9999.000
202603110548,   1.562,   2.240,9999.000,9999.000,9999.000,9999.000,9999.000,9999.000,9999.000
202603110554,   1.592,   2.279,9999.000,9999.000,9999.000,9999.000,9999.000,9999.000,9999.000
202603110600,   1.621,   2.309,   0.300,   0.388,   2.309,   0.300,   2.309,   0.300,   2.309
202603110606,   1.648,   2.328,9999.000,9999.000,9999.000,9999.000,9999.000,9999.000,9999.000
202603110612,   1.673,   2.358,9999.000,9999.000,9999.000,9999.000,9999.000,9999.000,9999.000
202603110618,   1.696,   2.387,9999.000,9999.000,9999.000,9999.000,9999.000,9999.000,9999.000
202603110624,   1.718,   2.410,9999.000,9999.000,9999.000,9999.000,9999.000,9999.000,9999.000
202603110630,   1.737,   2.420,9999.000,9999.000,9999.000,9999.000,9999.000,9999.000,9999.000
202603110636,   1.755,   2.430,9999.000,9999.000,9999.000,9999.000,9999.000,9999.000,9999.000
202603110642,   1.770,   2.440,9999.000,9999.000,9999.000,9999.000,9999.000,9999.000,9999.000
202603110648,   1.783,   2.440,9999.000,9999.000,9999.000,9999.000,9999.000,9999.000,9999.000
202603110654,   1.794,   2.450,9999.000,9999.000,9999.000,9999.000,9999.000,9999.000,9999.000
202603110700,   1.803,   2.459,   0.300,   0.356,   2.459,   0.200,   2.359,   0.300,   2.459
202603110706,   1.809,   2.450,9999.000,9999.000,9999.000,9999.000,9999.000,9999.000,9999.000
202603110712,   1.813,   2.459,9999.000,9999.000,9999.000,9999.000,9999.000,9999.000,9999.000
202603110718,   1.815,   2.469,9999.000,9999.000,9999.000,9999.000,9999.000,9999.000,9999.000
202603110724,   1.815,   2.469,9999.000,9999.000,9999.000,9999.000,9999.000,9999.000,9999.000
202603110730,   1.812,   2.469,9999.000,9999.000,9999.000,9999.000,9999.000,9999.000,9999.000
202603110736,   1.808,   2.459,9999.000,9999.000,9999.000,9999.000,9999.000,9999.000,9999.000
202603110742,   1.801,   2.450,9999.000,9999.000,9999.000,9999.000,9999.000,9999.000,9999.000
202603110748,   1.792,   2.430,9999.000,9999.000,9999.000,9999.000,9999.000,9999.000,9999.000
202603110754,   1.781,   2.410,9999.000,9999.000,9999.000,9999.000,9999.000,9999.000,9999.000
202603110800,   1.769,   2.400,   0.300,   0.331,   2.400,   0.200,   2.300,   0.300,   2.400
202603110806,   1.754,   2.377,9999.000,9999.000,9999.000,9999.000,9999.000,9999.000,9999.000
202603110812,   1.738,   2.348,9999.000,9999.000,9999.000,9999.000,9999.000,9999.000,9999.000
202603110818,   1.720,   2.328,9999.000,9999.000,9999.000,9999.000,9999.000,9999.000,9999.000
202603110824,   1.701,   2.309,9999.000,9999.000,9999.000,9999.000,9999.000,9999.000,9999.000
202603110830,   1.680,   2.289,9999.000,9999.000,9999.000,9999.000,9999.000,9999.000,9999.000
202603110836,   1.658,   2.259,9999.000,9999.000,9999.000,9999.000,9999.000,9999.000,9999.000
202603110842,   1.635,   2.240,9999.000,9999.000,9999.000,9999.000,9999.000,9999.000,9999.000
202603110848,   1.611,   2.210,9999.000,9999.000,9999.000,9999.000,9999.000,9999.000,9999.000
202603110854,   1.586,   2.191,9999.000,9999.000,9999.000,9999.000,9999.000,9999.000,9999.000
202603110900,   1.560,   2.168,   0.300,   0.308,   2.168,   0.200,   2.068,   0.300,   2.168
202603110906,   1.533,   2.138,9999.000,9999.000,9999.000,9999.000,9999.000,9999.000,9999.000
202603110912,   1.505,   2.099,9999.000,9999.000,9999.000,9999.000,9999.000,9999.000,9999.000
202603110918,   1.477,   2.079,9999.000,9999.000,9999.000,9999.000,9999.000,9999.000,9999.000
202603110924,   1.448,   2.049,9999.000,9999.000,9999.000,9999.000,9999.000,9999.000,9999.000
202603110930,   1.419,   2.030,9999.000,9999.000,9999.000,9999.000,9999.000,9999.000,9999.000
202603110936,   1.389,   2.000,9999.000,9999.000,9999.000,9999.000,9999.000,9999.000,9999.000
202603110942,   1.359,   1.958,9999.000,9999.000,9999.000,9999.000,9999.000,9999.000,9999.000
202603110948,   1.329,   1.918,9999.000,9999.000,9999.000,9999.000,9999.000,9999.000,9999.000
202603110954,   1.298,   1.899,9999.000,9999.000,9999.000,9999.000,9999.000,9999.000,9999.000
202603111000,   1.268,   1.869,   0.300,   0.301,   1.869,   0.200,   1.769,   0.300,   1.869
202603111006,   1.237,   1.840,9999.000,9999.000,9999.000,9999.000,9999.000,9999.000,9999.000
202603111012,   1.206,   1.820,9999.000,9999.000,9999.000,9999.000,9999.000,9999.000,9999.000
202603111018,   1.174,   1.790,9999.000,9999.000,9999.000,9999.000,9999.000,9999.000,9999.000
202603111024,   1.143,   1.758,9999.000,9999.000,9999.000,9999.000,9999.000,9999.000,9999.000
202603111030,   1.112,   1.718,9999.000,9999.000,9999.000,9999.000,9999.000,9999.000,9999.000
202603111036,   1.080,   1.689,9999.000,9999.000,9999.000,9999.000,9999.000,9999.000,9999.000
202603111042,   1.049,   1.649,9999.000,9999.000,9999.000,9999.000,9999.000,9999.000,9999.000
202603111048,   1.018,   1.610,9999.000,9999.000,9999.000,9999.000,9999.000,9999.000,9999.000
202603111054,   0.986,   1.571,9999.000,9999.000,9999.000,9999.000,9999.000,9999.000,9999.000
202603111100,   0.955,   1.538,   0.300,   0.283,   1.538,   0.200,   1.438,   0.300,   1.538
202603111106,   0.924,   1.489,9999.000,9999.000,9999.000,9999.000,9999.000,9999.000,9999.000
202603111112,   0.892,   1.449,9999.000,9999.000,9999.000,9999.000,9999.000,9999.000,9999.000
202603111118,   0.862,   1.420,9999.000,9999.000,9999.000,9999.000,9999.000,9999.000,9999.000
202603111124,   0.831,   1.390,9999.000,9999.000,9999.000,9999.000,9999.000,9999.000,9999.000
202603111130,   0.800,   1.348,9999.000,9999.000,9999.000,9999.000,9999.000,9999.000,9999.000
202603111136,   0.770,   1.308,9999.000,9999.000,9999.000,9999.000,9999.000,9999.000,9999.000
202603111142,   0.740,   1.279,9999.000,9999.000,9999.000,9999.000,9999.000,9999.000,9999.000
202603111148,   0.711,   1.249,9999.000,9999.000,9999.000,9999.000,9999.000,9999.000,9999.000
202603111154,   0.682,   1.220,9999.000,9999.000,9999.000,9999.000,9999.000,9999.000,9999.000
202603111200,   0.654,   1.190,   0.300,   0.236,   1.190,   0.300,   1.190,   0.300,   1.190
202603111206,   0.626,   1.161,9999.000,9999.000,9999.000,9999.000,9999.000,9999.000,9999.000
202603111212,   0.599,   1.128,9999.000,9999.000,9999.000,9999.000,9999.000,9999.000,9999.000
202603111218,   0.573,   1.098,9999.000,9999.000,9999.000,9999.000,9999.000,9999.000,9999.000
202603111224,   0.548,   1.069,9999.000,9999.000,9999.000,9999.000,9999.000,9999.000,9999.000
202603111230,   0.523,   1.049,9999.000,9999.000,9999.000,9999.000,9999.000,9999.000,9999.000
202603111236,   0.500,   1.020,9999.000,9999.000,9999.000,9999.000,9999.000,9999.000,9999.000
202603111242,   0.478,   1.000,9999.000,9999.000,9999.000,9999.000,9999.000,9999.000,9999.000
202603111248,   0.456,   0.990,9999.000,9999.000,9999.000,9999.000,9999.000,9999.000,9999.000
202603111254,   0.437,   0.970,9999.000,9999.000,9999.000,9999.000,9999.000,9999.000,9999.000
202603111300,   0.418,   0.961,   0.300,   0.243,   0.961,   0.300,   0.961,   0.300,   0.961
202603111306,   0.401,   0.961,9999.000,9999.000,9999.000,9999.000,9999.000,9999.000,9999.000
202603111312,   0.385,   0.951,9999.000,9999.000,9999.000,9999.000,9999.000,9999.000,9999.000
202603111318,   0.371,   0.941,9999.000,9999.000,9999.000,9999.000,9999.000,9999.000,9999.000
202603111324,   0.358,   0.918,9999.000,9999.000,9999.000,9999.000,9999.000,9999.000,9999.000
202603111330,   0.347,   0.918,9999.000,9999.000,9999.000,9999.000,9999.000,9999.000,9999.000
202603111336,   0.337,   0.918,9999.000,9999.000,9999.000,9999.000,9999.000,9999.000,9999.000
202603111342,   0.329,   0.908,9999.000,9999.000,9999.000,9999.000,9999.000,9999.000,9999.000
202603111348,   0.322,   0.908,9999.000,9999.000,9999.000,9999.000,9999.000,9999.000,9999.000
202603111354,   0.317,   0.918,9999.000,9999.000,9999.000,9999.000,9999.000,9999.000,9999.000
202603111400,   0.314,   0.918,   0.300,   0.304,   0.918,   0.300,   0.918,   0.300,   0.918
202603111406,   0.313,   0.928,9999.000,9999.000,9999.000,9999.000,9999.000,9999.000,9999.000
202603111412,   0.312,   0.928,9999.000,9999.000,9999.000,9999.000,9999.000,9999.000,9999.000
202603111418,   0.314,   0.941,9999.000,9999.000,9999.000,9999.000,9999.000,9999.000,9999.000
202603111424,   0.317,   0.941,9999.000,9999.000,9999.000,9999.000,9999.000,9999.000,9999.000
202603111430,   0.322,   0.951,9999.000,9999.000,9999.000,9999.000,9999.000,9999.000,9999.000
202603111436,   0.328,   0.961,9999.000,9999.000,9999.000,9999.000,9999.000,9999.000,9999.000
202603111442,   0.335,   0.951,9999.000,9999.000,9999.000,9999.000,9999.000,9999.000,9999.000
202603111448,   0.344,   0.970,9999.000,9999.000,9999.000,9999.000,9999.000,9999.000,9999.000
202603111454,   0.355,   0.980,9999.000,9999.000,9999.000,9999.000,9999.000,9999.000,9999.000
202603111500,   0.366,   1.000,   0.300,   0.334,   1.000,   0.300,   1.000,   0.300,   1.000
202603111506,   0.379,   1.010,9999.000,9999.000,9999.000,9999.000,9999.000,9999.000,9999.000
202603111512,   0.394,   1.000,9999.000,9999.000,9999.000,9999.000,9999.000,9999.000,9999.000
202603111518,   0.409,   1.010,9999.000,9999.000,9999.000,9999.000,9999.000,9999.000,9999.000
202603111524,   0.426,   1.039,9999.000,9999.000,9999.000,9999.000,9999.000,9999.000,9999.000
202603111530,   0.444,   1.049,9999.000,9999.000,9999.000,9999.000,9999.000,9999.000,9999.000
202603111536,   0.463,   1.059,9999.000,9999.000,9999.000,9999.000,9999.000,9999.000,9999.000
202603111542,   0.483,   1.079,9999.000,9999.000,9999.000,9999.000,9999.000,9999.000,9999.000
202603111548,   0.504,   1.088,9999.000,9999.000,9999.000,9999.000,9999.000,9999.000,9999.000
202603111554,   0.526,   1.108,9999.000,9999.000,9999.000,9999.000,9999.000,9999.000,9999.000
202603111600,   0.549,   1.138,   0.300,   0.289,   1.138,   0.300,   1.138,   0.300,   1.138
202603111606,   0.573,   1.161,9999.000,9999.000,9999.000,9999.000,9999.000,9999.000,9999.000
202603111612,   0.597,   1.190,9999.000,9999.000,9999.000,9999.000,9999.000,9999.000,9999.000
202603111618,   0.623,   1.210,9999.000,9999.000,9999.000,9999.000,9999.000,9999.000,9999.000
202603111624,   0.649,   1.239,9999.000,9999.000,9999.000,9999.000,9999.000,9999.000,9999.000
202603111630,   0.676,   1.259,9999.000,9999.000,9999.000,9999.000,9999.000,9999.000,9999.000
202603111636,   0.704,   1.289,9999.000,9999.000,9999.000,9999.000,9999.000,9999.000,9999.000
202603111642,   0.732,   1.318,9999.000,9999.000,9999.000,9999.000,9999.000,9999.000,9999.000
202603111648,   0.761,   1.338,9999.000,9999.000,9999.000,9999.000,9999.000,9999.000,9999.000
202603111654,   0.790,   1.371,9999.000,9999.000,9999.000,9999.000,9999.000,9999.000,9999.000
202603111700,   0.820,   1.410,   0.300,   0.290,   1.410,   0.200,   1.310,   0.300,   1.410
202603111706,   0.850,   1.430,9999.000,9999.000,9999.000,9999.000,9999.000,9999.000,9999.000
202603111712,   0.880,9999.000,9999.000,9999.000,9999.000,9999.000,9999.000,9999.000,9999.000
202603111718,   0.910,   1.479,9999.000,9999.000,9999.000,9999.000,9999.000,9999.000,9999.000
202603111724,   0.941,   1.508,9999.000,9999.000,9999.000,9999.000,9999.000,9999.000,9999.000
202603111730,   0.971,   1.538,9999.000,9999.000,9999.000,9999.000,9999.000,9999.000,9999.000
202603111736,   1.001,   1.557,9999.000,9999.000,9999.000,9999.000,9999.000,9999.000,9999.000
202603111742,   1.031,   1.600,9999.000,9999.000,9999.000,9999.000,9999.000,9999.000,9999.000
202603111748,   1.061,   1.639,9999.000,9999.000,9999.000,9999.000,9999.000,9999.000,9999.000
202603111754,   1.090,   1.669,9999.000,9999.000,9999.000,9999.000,9999.000,9999.000,9999.000
202603111800,   1.119,   1.699,   0.300,   0.280,   1.699,   0.200,   1.599,   0.300,   1.699
202603111806,   1.146,   1.718,9999.000,9999.000,9999.000,9999.000,9999.000,9999.000,9999.000
202603111812,   1.173,   1.748,9999.000,9999.000,9999.000,9999.000,9999.000,9999.000,9999.000
202603111818,   1.199,   1.758,9999.000,9999.000,9999.000,9999.000,9999.000,9999.000,9999.000
202603111824,   1.224,   1.800,9999.000,9999.000,9999.000,9999.000,9999.000,9999.000,9999.000
202603111830,   1.248,   1.820,9999.000,9999.000,9999.000,9999.000,9999.000,9999.000,9999.000
202603111836,   1.270,   1.820,9999.000,9999.000,9999.000,9999.000,9999.000,9999.000,9999.000
202603111842,   1.291,   1.840,9999.000,9999.000,9999.000,9999.000,9999.000,9999.000,9999.000
202603111848,   1.310,   1.859,9999.000,9999.000,9999.000,9999.000,9999.000,9999.000,9999.000
202603111854,   1.328,   1.879,9999.000,9999.000,9999.000,9999.000,9999.000,9999.000,9999.000
202603111900,   1.344,   1.899,   0.300,   0.255,   1.899,   0.200,   1.799,   0.300,   1.899
202603111906,   1.358,   1.918,9999.000,9999.000,9999.000,9999.000,9999.000,9999.000,9999.000
202603111912,   1.371,   1.908,9999.000,9999.000,9999.000,9999.000,9999.000,9999.000,9999.000
202603111918,   1.381,   1.918,9999.000,9999.000,9999.000,9999.000,9999.000,9999.000,9999.000
202603111924,   1.390,   1.928,9999.000,9999.000,9999.000,9999.000,9999.000,9999.000,9999.000
202603111930,   1.397,   1.928,9999.000,9999.000,9999.000,9999.000,9999.000,9999.000,9999.000
202603111936,   1.402,   1.928,9999.000,9999.000,9999.000,9999.000,9999.000,9999.000,9999.000
202603111942,   1.405,   1.928,9999.000,9999.000,9999.000,9999.000,9999.000,9999.000,9999.000
202603111948,   1.406,   1.938,9999.000,9999.000,9999.000,9999.000,9999.000,9999.000,9999.000
202603111954,   1.405,   1.928,9999.000,9999.000,9999.000,9999.000,9999.000,9999.000,9999.000
202603112000,   1.402,   1.938,   0.300,   0.236,   1.938,   0.200,   1.838,   0.300,   1.938
202603112006,   1.397,   1.938,9999.000,9999.000,9999.000,9999.000,9999.000,9999.000,9999.000
202603112012,   1.391,   1.928,9999.000,9999.000,9999.000,9999.000,9999.000,9999.000,9999.000
202603112018,   1.383,   1.899,9999.000,9999.000,9999.000,9999.000,9999.000,9999.000,9999.000
202603112024,   1.373,   1.879,9999.000,9999.000,9999.000,9999.000,9999.000,9999.000,9999.000
202603112030,   1.362,   1.859,9999.000,9999.000,9999.000,9999.000,9999.000,9999.000,9999.000
202603112036,   1.349,   1.830,9999.000,9999.000,9999.000,9999.000,9999.000,9999.000,9999.000
202603112042,   1.335,   1.800,9999.000,9999.000,9999.000,9999.000,9999.000,9999.000,9999.000
202603112048,   1.320,   1.767,9999.000,9999.000,9999.000,9999.000,9999.000,9999.000,9999.000
202603112054,   1.303,   1.758,9999.000,9999.000,9999.000,9999.000,9999.000,9999.000,9999.000
202603112100,   1.285,   1.728,   0.200,   0.243,   1.728,   0.200,   1.728,   0.300,   1.828
202603112106,   1.266,   1.708,9999.000,9999.000,9999.000,9999.000,9999.000,9999.000,9999.000
202603112112,   1.247,   1.689,9999.000,9999.000,9999.000,9999.000,9999.000,9999.000,9999.000
202603112118,   1.226,   1.649,9999.000,9999.000,9999.000,9999.000,9999.000,9999.000,9999.000
202603112124,   1.205,   1.630,9999.000,9999.000,9999.000,9999.000,9999.000,9999.000,9999.000
202603112130,   1.183,   1.600,9999.000,9999.000,9999.000,9999.000,9999.000,9999.000,9999.000
202603112136,   1.160,   1.557,9999.000,9999.000,9999.000,9999.000,9999.000,9999.000,9999.000
202603112142,   1.137,   1.528,9999.000,9999.000,9999.000,9999.000,9999.000,9999.000,9999.000
202603112148,   1.113,   1.508,9999.000,9999.000,9999.000,9999.000,9999.000,9999.000,9999.000
202603112154,   1.089,   1.479,9999.000,9999.000,9999.000,9999.000,9999.000,9999.000,9999.000
202603112200,   1.064,   1.449,   0.200,   0.185,   1.449,   0.200,   1.449,   0.300,   1.549
202603112206,   1.039,   1.400,9999.000,9999.000,9999.000,9999.000,9999.000,9999.000,9999.000
202603112212,   1.014,   1.380,9999.000,9999.000,9999.000,9999.000,9999.000,9999.000,9999.000
202603112218,   0.989,   1.348,9999.000,9999.000,9999.000,9999.000,9999.000,9999.000,9999.000
202603112224,   0.963,   1.338,9999.000,9999.000,9999.000,9999.000,9999.000,9999.000,9999.000
202603112230,   0.937,   1.298,9999.000,9999.000,9999.000,9999.000,9999.000,9999.000,9999.000
202603112236,   0.911,   1.259,9999.000,9999.000,9999.000,9999.000,9999.000,9999.000,9999.000
202603112242,   0.884,   1.249,9999.000,9999.000,9999.000,9999.000,9999.000,9999.000,9999.000
202603112248,   0.858,   1.229,9999.000,9999.000,9999.000,9999.000,9999.000,9999.000,9999.000
202603112254,   0.831,   1.210,9999.000,9999.000,9999.000,9999.000,9999.000,9999.000,9999.000
202603112300,   0.804,   1.210,   0.200,   0.206,   1.210,   0.100,   1.110,   0.300,   1.310
202603112306,   0.777,   1.210,9999.000,9999.000,9999.000,9999.000,9999.000,9999.000,9999.000
202603112312,   0.750,   1.210,9999.000,9999.000,9999.000,9999.000,9999.000,9999.000,9999.000
202603112318,   0.723,   1.190,9999.000,9999.000,9999.000,9999.000,9999.000,9999.000,9999.000
202603112324,   0.696,   1.170,9999.000,9999.000,9999.000,9999.000,9999.000,9999.000,9999.000
202603112330,   0.669,   1.151,9999.000,9999.000,9999.000,9999.000,9999.000,9999.000,9999.000
202603112336,   0.643,   1.128,9999.000,9999.000,9999.000,9999.000,9999.000,9999.000,9999.000
202603112342,   0.616,   1.108,9999.000,9999.000,9999.000,9999.000,9999.000,9999.000,9999.000
202603112348,   0.590,   1.088,9999.000,9999.000,9999.000,9999.000,9999.000,9999.000,9999.000
202603112354,   0.564,9999.000,9999.000,9999.000,9999.000,9999.000,9999.000,9999.000,9999.000
202603120000,   0.538,9999.000,   0.200,   0.208,   0.946,   0.100,   0.846,   0.300,   1.046
202603120006,   0.513,9999.000,9999.000,9999.000,9999.000,9999.000,9999.000,9999.000,9999.000
202603120012,   0.488,9999.000,9999.000,9999.000,9999.000,9999.000,9999.000,9999.000,9999.000
202603120018,   0.464,9999.000,9999.000,9999.000,9999.000,9999.000,9999.000,9999.000,9999.000
202603120024,   0.441,9999.000,9999.000,9999.000,9999.000,9999.000,9999.000,9999.000,9999.000
202603120030,   0.418,9999.000,9999.000,9999.000,9999.000,9999.000,9999.000,9999.000,9999.000
202603120036,   0.396,9999.000,9999.000,9999.000,9999.000,9999.000,9999.000,9999.000,9999.000
202603120042,   0.376,9999.000,9999.000,9999.000,9999.000,9999.000,9999.000,9999.000,9999.000
202603120048,   0.356,9999.000,9999.000,9999.000,9999.000,9999.000,9999.000,9999.000,9999.000
202603120054,   0.338,9999.000,9999.000,9999.000,9999.000,9999.000,9999.000,9999.000,9999.000
202603120100,   0.321,9999.000,   0.200,   0.211,   0.732,   0.100,   0.632,   0.200,   0.732
202603120106,   0.305,9999.000,9999.000,9999.000,9999.000,9999.000,9999.000,9999.000,9999.000
202603120112,   0.291,9999.000,9999.000,9999.000,9999.000,9999.000,9999.000,9999.000,9999.000
202603120118,   0.278,9999.000,9999.000,9999.000,9999.000,9999.000,9999.000,9999.000,9999.000
202603120124,   0.267,9999.000,9999.000,9999.000,9999.000,9999.000,9999.000,9999.000,9999.000
202603120130,   0.257,9999.000,9999.000,9999.000,9999.000,9999.000,9999.000,9999.000,9999.000
202603120136,   0.250,9999.000,9999.000,9999.000,9999.000,9999.000,9999.000,9999.000,9999.000
202603120142,   0.244,9999.000,9999.000,9999.000,9999.000,9999.000,9999.000,9999.000,9999.000
202603120148,   0.240,9999.000,9999.000,9999.000,9999.000,9999.000,9999.000,9999.000,9999.000
202603120154,   0.237,9999.000,9999.000,9999.000,9999.000,9999.000,9999.000,9999.000,9999.000
202603120200,   0.237,9999.000,   0.100,   0.213,   0.550,   0.100,   0.550,   0.200,   0.650
202603120206,   0.238,9999.000,9999.000,9999.000,9999.000,9999.000,9999.000,9999.000,9999.000
202603120212,   0.241,9999.000,9999.000,9999.000,9999.000,9999.000,9999.000,9999.000,9999.000
202603120218,   0.246,9999.000,9999.000,9999.000,9999.000,9999.000,9999.000,9999.000,9999.000
202603120224,   0.253,9999.000,9999.000,9999.000,9999.000,9999.000,9999.000,9999.000,9999.000
202603120230,   0.261,9999.000,9999.000,9999.000,9999.000,9999.000,9999.000,9999.000,9999.000
202603120236,   0.272,9999.000,9999.000,9999.000,9999.000,9999.000,9999.000,9999.000,9999.000
202603120242,   0.284,9999.000,9999.000,9999.000,9999.000,9999.000,9999.000,9999.000,9999.000
202603120248,   0.298,9999.000,9999.000,9999.000,9999.000,9999.000,9999.000,9999.000,9999.000
202603120254,   0.313,9999.000,9999.000,9999.000,9999.000,9999.000,9999.000,9999.000,9999.000
202603120300,   0.330,9999.000,   0.100,   0.215,   0.645,   0.000,   0.545,   0.200,   0.745
202603120306,   0.349,9999.000,9999.000,9999.000,9999.000,9999.000,9999.000,9999.000,9999.000
202603120312,   0.369,9999.000,9999.000,9999.000,9999.000,9999.000,9999.000,9999.000,9999.000
202603120318,   0.390,9999.000,9999.000,9999.000,9999.000,9999.000,9999.000,9999.000,9999.000
202603120324,   0.413,9999.000,9999.000,9999.000,9999.000,9999.000,9999.000,9999.000,9999.000
202603120330,   0.437,9999.000,9999.000,9999.000,9999.000,9999.000,9999.000,9999.000,9999.000
202603120336,   0.462,9999.000,9999.000,9999.000,9999.000,9999.000,9999.000,9999.000,9999.000
202603120342,   0.489,9999.000,9999.000,9999.000,9999.000,9999.000,9999.000,9999.000,9999.000
202603120348,   0.516,9999.000,9999.000,9999.000,9999.000,9999.000,9999.000,9999.000,9999.000
202603120354,   0.545,9999.000,9999.000,9999.000,9999.000,9999.000,9999.000,9999.000,9999.000
202603120400,   0.574,9999.000,   0.000,   0.218,   0.792,   0.000,   0.792,   0.100,   0.892
202603120406,   0.605,9999.000,9999.000,9999.000,9999.000,9999.000,9999.000,9999.000,9999.000
202603120412,   0.636,9999.000,9999.000,9999.000,9999.000,9999.000,9999.000,9999.000,9999.000
202603120418,   0.668,9999.000,9999.000,9999.000,9999.000,9999.000,9999.000,9999.000,9999.000
202603120424,   0.701,9999.000,9999.000,9999.000,9999.000,9999.000,9999.000,9999.000,9999.000
202603120430,   0.734,9999.000,9999.000,9999.000,9999.000,9999.000,9999.000,9999.000,9999.000
202603120436,   0.768,9999.000,9999.000,9999.000,9999.000,9999.000,9999.000,9999.000,9999.000
202603120442,   0.803,9999.000,9999.000,9999.000,9999.000,9999.000,9999.000,9999.000,9999.000
202603120448,   0.838,9999.000,9999.000,9999.000,9999.000,9999.000,9999.000,9999.000,9999.000
202603120454,   0.874,9999.000,9999.000,9999.000,9999.000,9999.000,9999.000,9999.000,9999.000
202603120500,   0.910,9999.000,   0.000,   0.220,   1.130,  -0.100,   1.030,   0.000,   1.130
202603120506,   0.947,9999.000,9999.000,9999.000,9999.000,9999.000,9999.000,9999.000,9999.000
202603120512,   0.984,9999.000,9999.000,9999.000,9999.000,9999.000,9999.000,9999.000,9999.000
202603120518,   1.020,9999.000,9999.000,9999.000,9999.000,9999.000,9999.000,9999.000,9999.000
202603120524,   1.058,9999.000,9999.000,9999.000,9999.000,9999.000,9999.000,9999.000,9999.000
202603120530,   1.095,9999.000,9999.000,9999.000,9999.000,9999.000,9999.000,9999.000,9999.000
202603120536,   1.132,9999.000,9999.000,9999.000,9999.000,9999.000,9999.000,9999.000,9999.000
202603120542,   1.169,9999.000,9999.000,9999.000,9999.000,9999.000,9999.000,9999.000,9999.000
202603120548,   1.205,9999.000,9999.000,9999.000,9999.000,9999.000,9999.000,9999.000,9999.000
202603120554,   1.241,9999.000,9999.000,9999.000,9999.000,9999.000,9999.000,9999.000,9999.000
202603120600,   1.277,9999.000,   0.000,   0.222,   1.499,  -0.100,   1.399,   0.000,   1.499
202603120606,   1.313,9999.000,9999.000,9999.000,9999.000,9999.000,9999.000,9999.000,9999.000
202603120612,   1.347,9999.000,9999.000,9999.000,9999.000,9999.000,9999.000,9999.000,9999.000
202603120618,   1.381,9999.000,9999.000,9999.000,9999.000,9999.000,9999.000,9999.000,9999.000
202603120624,   1.414,9999.000,9999.000,9999.000,9999.000,9999.000,9999.000,9999.000,9999.000
202603120630,   1.446,9999.000,9999.000,9999.000,9999.000,9999.000,9999.000,9999.000,9999.000
202603120636,   1.476,9999.000,9999.000,9999.000,9999.000,9999.000,9999.000,9999.000,9999.000
202603120642,   1.506,9999.000,9999.000,9999.000,9999.000,9999.000,9999.000,9999.000,9999.000
202603120648,   1.534,9999.000,9999.000,9999.000,9999.000,9999.000,9999.000,9999.000,9999.000
202603120654,   1.561,9999.000,9999.000,9999.000,9999.000,9999.000,9999.000,9999.000,9999.000
202603120700,   1.586,9999.000,   0.000,   0.225,   1.811,  -0.100,   1.711,   0.000,   1.811
202603120706,   1.609,9999.000,9999.000,9999.000,9999.000,9999.000,9999.000,9999.000,9999.000
202603120712,   1.631,9999.000,9999.000,9999.000,9999.000,9999.000,9999.000,9999.000,9999.000
202603120718,   1.651,9999.000,9999.000,9999.000,9999.000,9999.000,9999.000,9999.000,9999.000
202603120724,   1.669,9999.000,9999.000,9999.000,9999.000,9999.000,9999.000,9999.000,9999.000
202603120730,   1.686,9999.000,9999.000,9999.000,9999.000,9999.000,9999.000,9999.000,9999.000
202603120736,   1.700,9999.000,9999.000,9999.000,9999.000,9999.000,9999.000,9999.000,9999.000
202603120742,   1.712,9999.000,9999.000,9999.000,9999.000,9999.000,9999.000,9999.000,9999.000
202603120748,   1.723,9999.000,9999.000,9999.000,9999.000,9999.000,9999.000,9999.000,9999.000
202603120754,   1.731,9999.000,9999.000,9999.000,9999.000,9999.000,9999.000,9999.000,9999.000
202603120800,   1.737,9999.000,  -0.100,   0.227,   1.864,  -0.200,   1.764,   0.000,   1.964
202603120806,   1.741,9999.000,9999.000,9999.000,9999.000,9999.000,9999.000,9999.000,9999.000
202603120812,   1.744,9999.000,9999.000,9999.000,9999.000,9999.000,9999.000,9999.000,9999.000
202603120818,   1.744,9999.000,9999.000,9999.000,9999.000,9999.000,9999.000,9999.000,9999.000
202603120824,   1.743,9999.000,9999.000,9999.000,9999.000,9999.000,9999.000,9999.000,9999.000
202603120830,   1.739,9999.000,9999.000,9999.000,9999.000,9999.000,9999.000,9999.000,9999.000
202603120836,   1.734,9999.000,9999.000,9999.000,9999.000,9999.000,9999.000,9999.000,9999.000
202603120842,   1.728,9999.000,9999.000,9999.000,9999.000,9999.000,9999.000,9999.000,9999.000
202603120848,   1.719,9999.000,9999.000,9999.000,9999.000,9999.000,9999.000,9999.000,9999.000
202603120854,   1.709,9999.000,9999.000,9999.000,9999.000,9999.000,9999.000,9999.000,9999.000
202603120900,   1.698,9999.000,  -0.100,   0.229,   1.827,  -0.200,   1.727,   0.000,   1.927
202603120906,   1.685,9999.000,9999.000,9999.000,9999.000,9999.000,9999.000,9999.000,9999.000
202603120912,   1.671,9999.000,9999.000,9999.000,9999.000,9999.000,9999.000,9999.000,9999.000
202603120918,   1.656,9999.000,9999.000,9999.000,9999.000,9999.000,9999.000,9999.000,9999.000
202603120924,   1.640,9999.000,9999.000,9999.000,9999.000,9999.000,9999.000,9999.000,9999.000
202603120930,   1.623,9999.000,9999.000,9999.000,9999.000,9999.000,9999.000,9999.000,9999.000
202603120936,   1.604,9999.000,9999.000,9999.000,9999.000,9999.000,9999.000,9999.000,9999.000
202603120942,   1.585,9999.000,9999.000,9999.000,9999.000,9999.000,9999.000,9999.000,9999.000
202603120948,   1.565,9999.000,9999.000,9999.000,9999.000,9999.000,9999.000,9999.000,9999.000
202603120954,   1.544,9999.000,9999.000,9999.000,9999.000,9999.000,9999.000,9999.000,9999.000
202603121000,   1.523,9999.000,  -0.100,   0.232,   1.655,  -0.200,   1.555,   0.000,   1.755
202603121006,   1.501,9999.000,9999.000,9999.000,9999.000,9999.000,9999.000,9999.000,9999.000
202603121012,   1.478,9999.000,9999.000,9999.000,9999.000,9999.000,9999.000,9999.000,9999.000
202603121018,   1.454,9999.000,9999.000,9999.000,9999.000,9999.000,9999.000,9999.000,9999.000
202603121024,   1.430,9999.000,9999.000,9999.000,9999.000,9999.000,9999.000,9999.000,9999.000
202603121030,   1.406,9999.000,9999.000,9999.000,9999.000,9999.000,9999.000,9999.000,9999.000
202603121036,   1.380,9999.000,9999.000,9999.000,9999.000,9999.000,9999.000,9999.000,9999.000
202603121042,   1.355,9999.000,9999.000,9999.000,9999.000,9999.000,9999.000,9999.000,9999.000
202603121048,   1.329,9999.000,9999.000,9999.000,9999.000,9999.000,9999.000,9999.000,9999.000
202603121054,   1.302,9999.000,9999.000,9999.000,9999.000,9999.000,9999.000,9999.000,9999.000
202603121100,   1.275,9999.000,   0.000,   0.234,   1.509,  -0.200,   1.309,   0.000,   1.509
202603121106,   1.247,9999.000,9999.000,9999.000,9999.000,9999.000,9999.000,9999.000,9999.000
202603121112,   1.219,9999.000,9999.000,9999.000,9999.000,9999.000,9999.000,9999.000,9999.000
202603121118,   1.190,9999.000,9999.000,9999.000,9999.000,9999.000,9999.000,9999.000,9999.000
202603121124,   1.161,9999.000,9999.000,9999.000,9999.000,9999.000,9999.000,9999.000,9999.000
202603121130,   1.131,9999.000,9999.000,9999.000,9999.000,9999.000,9999.000,9999.000,9999.000
202603121136,   1.101,9999.000,9999.000,9999.000,9999.000,9999.000,9999.000,9999.000,9999.000
202603121142,   1.070,9999.000,9999.000,9999.000,9999.000,9999.000,9999.000,9999.000,9999.000
202603121148,   1.040,9999.000,9999.000,9999.000,9999.000,9999.000,9999.000,9999.000,9999.000
202603121154,   1.008,9999.000,9999.000,9999.000,9999.000,9999.000,9999.000,9999.000,9999.000
202603121200,   0.977,9999.000,   0.000,   0.234,   1.211,  -0.100,   1.111,   0.000,   1.211
202603121206,   0.945,9999.000,9999.000,9999.000,9999.000,9999.000,9999.000,9999.000,9999.000
202603121212,   0.913,9999.000,9999.000,9999.000,9999.000,9999.000,9999.000,9999.000,9999.000
202603121218,   0.882,9999.000,9999.000,9999.000,9999.000,9999.000,9999.000,9999.000,9999.000
202603121224,   0.850,9999.000,9999.000,9999.000,9999.000,9999.000,9999.000,9999.000,9999.000
202603121230,   0.818,9999.000,9999.000,9999.000,9999.000,9999.000,9999.000,9999.000,9999.000
202603121236,   0.786,9999.000,9999.000,9999.000,9999.000,9999.000,9999.000,9999.000,9999.000
202603121242,   0.755,9999.000,9999.000,9999.000,9999.000,9999.000,9999.000,9999.000,9999.000
202603121248,   0.724,9999.000,9999.000,9999.000,9999.000,9999.000,9999.000,9999.000,9999.000
202603121254,   0.693,9999.000,9999.000,9999.000,9999.000,9999.000,9999.000,9999.000,9999.000
202603121300,   0.663,9999.000,   0.000,   0.234,   0.897,  -0.100,   0.797,   0.200,   1.097
202603121306,   0.634,9999.000,9999.000,9999.000,9999.000,9999.000,9999.000,9999.000,9999.000
202603121312,   0.606,9999.000,9999.000,9999.000,9999.000,9999.000,9999.000,9999.000,9999.000
202603121318,   0.578,9999.000,9999.000,9999.000,9999.000,9999.000,9999.000,9999.000,9999.000
202603121324,   0.551,9999.000,9999.000,9999.000,9999.000,9999.000,9999.000,9999.000,9999.000
202603121330,   0.526,9999.000,9999.000,9999.000,9999.000,9999.000,9999.000,9999.000,9999.000
202603121336,   0.502,9999.000,9999.000,9999.000,9999.000,9999.000,9999.000,9999.000,9999.000
202603121342,   0.479,9999.000,9999.000,9999.000,9999.000,9999.000,9999.000,9999.000,9999.000
202603121348,   0.457,9999.000,9999.000,9999.000,9999.000,9999.000,9999.000,9999.000,9999.000
202603121354,   0.436,9999.000,9999.000,9999.000,9999.000,9999.000,9999.000,9999.000,9999.000
202603121400,   0.418,9999.000,   0.100,   0.234,   0.752,  -0.100,   0.552,   0.300,   0.952
202603121406,   0.400,9999.000,9999.000,9999.000,9999.000,9999.000,9999.000,9999.000,9999.000
202603121412,   0.384,9999.000,9999.000,9999.000,9999.000,9999.000,9999.000,9999.000,9999.000
202603121418,   0.370,9999.000,9999.000,9999.000,9999.000,9999.000,9999.000,9999.000,9999.000
202603121424,   0.358,9999.000,9999.000,9999.000,9999.000,9999.000,9999.000,9999.000,9999.000
202603121430,   0.347,9999.000,9999.000,9999.000,9999.000,9999.000,9999.000,9999.000,9999.000
202603121436,   0.338,9999.000,9999.000,9999.000,9999.000,9999.000,9999.000,9999.000,9999.000
202603121442,   0.330,9999.000,9999.000,9999.000,9999.000,9999.000,9999.000,9999.000,9999.000
202603121448,   0.324,9999.000,9999.000,9999.000,9999.000,9999.000,9999.000,9999.000,9999.000
202603121454,   0.320,9999.000,9999.000,9999.000,9999.000,9999.000,9999.000,9999.000,9999.000
202603121500,   0.318,9999.000,   0.200,   0.234,   0.752,   0.000,   0.552,   0.500,   1.052
202603121506,   0.317,9999.000,9999.000,9999.000,9999.000,9999.000,9999.000,9999.000,9999.000
202603121512,   0.317,9999.000,9999.000,9999.000,9999.000,9999.000,9999.000,9999.000,9999.000
202603121518,   0.320,9999.000,9999.000,9999.000,9999.000,9999.000,9999.000,9999.000,9999.000
202603121524,   0.323,9999.000,9999.000,9999.000,9999.000,9999.000,9999.000,9999.000,9999.000
202603121530,   0.329,9999.000,9999.000,9999.000,9999.000,9999.000,9999.000,9999.000,9999.000
202603121536,   0.335,9999.000,9999.000,9999.000,9999.000,9999.000,9999.000,9999.000,9999.000
202603121542,   0.343,9999.000,9999.000,9999.000,9999.000,9999.000,9999.000,9999.000,9999.000
202603121548,   0.353,9999.000,9999.000,9999.000,9999.000,9999.000,9999.000,9999.000,9999.000
202603121554,   0.364,9999.000,9999.000,9999.000,9999.000,9999.000,9999.000,9999.000,9999.000
202603121600,   0.376,9999.000,   0.200,   0.234,   0.810,   0.000,   0.610,   0.600,   1.210
202603121606,   0.389,9999.000,9999.000,9999.000,9999.000,9999.000,9999.000,9999.000,9999.000
202603121612,   0.403,9999.000,9999.000,9999.000,9999.000,9999.000,9999.000,9999.000,9999.000
202603121618,   0.419,9999.000,9999.000,9999.000,9999.000,9999.000,9999.000,9999.000,9999.000
202603121624,   0.436,9999.000,9999.000,9999.000,9999.000,9999.000,9999.000,9999.000,9999.000
202603121630,   0.454,9999.000,9999.000,9999.000,9999.000,9999.000,9999.000,9999.000,9999.000
202603121636,   0.473,9999.000,9999.000,9999.000,9999.000,9999.000,9999.000,9999.000,9999.000
202603121642,   0.493,9999.000,9999.000,9999.000,9999.000,9999.000,9999.000,9999.000,9999.000
202603121648,   0.514,9999.000,9999.000,9999.000,9999.000,9999.000,9999.000,9999.000,9999.000
202603121654,   0.536,9999.000,9999.000,9999.000,9999.000,9999.000,9999.000,9999.000,9999.000
202603121700,   0.559,9999.000,   0.300,   0.234,   1.093,   0.000,   0.793,   0.500,   1.293
202603121706,   0.583,9999.000,9999.000,9999.000,9999.000,9999.000,9999.000,9999.000,9999.000
202603121712,   0.608,9999.000,9999.000,9999.000,9999.000,9999.000,9999.000,9999.000,9999.000
202603121718,   0.633,9999.000,9999.000,9999.000,9999.000,9999.000,9999.000,9999.000,9999.000
202603121724,   0.660,9999.000,9999.000,9999.000,9999.000,9999.000,9999.000,9999.000,9999.000
202603121730,   0.687,9999.000,9999.000,9999.000,9999.000,9999.000,9999.000,9999.000,9999.000
202603121736,   0.714,9999.000,9999.000,9999.000,9999.000,9999.000,9999.000,9999.000,9999.000
202603121742,   0.742,9999.000,9999.000,9999.000,9999.000,9999.000,9999.000,9999.000,9999.000
202603121748,   0.771,9999.000,9999.000,9999.000,9999.000,9999.000,9999.000,9999.000,9999.000
202603121754,   0.800,9999.000,9999.000,9999.000,9999.000,9999.000,9999.000,9999.000,9999.000
202603121800,   0.830,9999.000,   0.300,   0.234,   1.364,   0.100,   1.164,   0.600,   1.664
202603121806,   0.859,9999.000,9999.000,9999.000,9999.000,9999.000,9999.000,9999.000,9999.000
202603121812,   0.889,9999.000,9999.000,9999.000,9999.000,9999.000,9999.000,9999.000,9999.000
202603121818,   0.919,9999.000,9999.000,9999.000,9999.000,9999.000,9999.000,9999.000,9999.000
202603121824,   0.949,9999.000,9999.000,9999.000,9999.000,9999.000,9999.000,9999.000,9999.000
202603121830,   0.979,9999.000,9999.000,9999.000,9999.000,9999.000,9999.000,9999.000,9999.000
202603121836,   1.008,9999.000,9999.000,9999.000,9999.000,9999.000,9999.000,9999.000,9999.000
202603121842,   1.037,9999.000,9999.000,9999.000,9999.000,9999.000,9999.000,9999.000,9999.000
202603121848,   1.066,9999.000,9999.000,9999.000,9999.000,9999.000,9999.000,9999.000,9999.000
202603121854,   1.094,9999.000,9999.000,9999.000,9999.000,9999.000,9999.000,9999.000,9999.000
202603121900,   1.121,9999.000,   0.300,   0.234,   1.655,   0.000,   1.355,   0.500,   1.855
202603121906,   1.147,9999.000,9999.000,9999.000,9999.000,9999.000,9999.000,9999.000,9999.000
202603121912,   1.173,9999.000,9999.000,9999.000,9999.000,9999.000,9999.000,9999.000,9999.000
202603121918,   1.197,9999.000,9999.000,9999.000,9999.000,9999.000,9999.000,9999.000,9999.000
202603121924,   1.220,9999.000,9999.000,9999.000,9999.000,9999.000,9999.000,9999.000,9999.000
202603121930,   1.242,9999.000,9999.000,9999.000,9999.000,9999.000,9999.000,9999.000,9999.000
202603121936,   1.263,9999.000,9999.000,9999.000,9999.000,9999.000,9999.000,9999.000,9999.000
202603121942,   1.282,9999.000,9999.000,9999.000,9999.000,9999.000,9999.000,9999.000,9999.000
202603121948,   1.300,9999.000,9999.000,9999.000,9999.000,9999.000,9999.000,9999.000,9999.000
202603121954,   1.316,9999.000,9999.000,9999.000,9999.000,9999.000,9999.000,9999.000,9999.000
202603122000,   1.330,9999.000,   0.200,   0.234,   1.764,   0.000,   1.564,   0.400,   1.964
202603122006,   1.343,9999.000,9999.000,9999.000,9999.000,9999.000,9999.000,9999.000,9999.000
202603122012,   1.354,9999.000,9999.000,9999.000,9999.000,9999.000,9999.000,9999.000,9999.000
202603122018,   1.364,9999.000,9999.000,9999.000,9999.000,9999.000,9999.000,9999.000,9999.000
202603122024,   1.372,9999.000,9999.000,9999.000,9999.000,9999.000,9999.000,9999.000,9999.000
202603122030,   1.378,9999.000,9999.000,9999.000,9999.000,9999.000,9999.000,9999.000,9999.000
202603122036,   1.382,9999.000,9999.000,9999.000,9999.000,9999.000,9999.000,9999.000,9999.000
202603122042,   1.385,9999.000,9999.000,9999.000,9999.000,9999.000,9999.000,9999.000,9999.000
202603122048,   1.386,9999.000,9999.000,9999.000,9999.000,9999.000,9999.000,9999.000,9999.000
202603122054,   1.386,9999.000,9999.000,9999.000,9999.000,9999.000,9999.000,9999.000,9999.000
202603122100,   1.384,9999.000,   0.200,   0.234,   1.818,   0.000,   1.618,   0.400,   2.018
202603122106,   1.380,9999.000,9999.000,9999.000,9999.000,9999.000,9999.000,9999.000,9999.000
202603122112,   1.375,9999.000,9999.000,9999.000,9999.000,9999.000,9999.000,9999.000,9999.000
202603122118,   1.369,9999.000,9999.000,9999.000,9999.000,9999.000,9999.000,9999.000,9999.000
202603122124,   1.361,9999.000,9999.000,9999.000,9999.000,9999.000,9999.000,9999.000,9999.000
202603122130,   1.352,9999.000,9999.000,9999.000,9999.000,9999.000,9999.000,9999.000,9999.000
202603122136,   1.342,9999.000,9999.000,9999.000,9999.000,9999.000,9999.000,9999.000,9999.000
202603122142,   1.331,9999.000,9999.000,9999.000,9999.000,9999.000,9999.000,9999.000,9999.000
202603122148,   1.318,9999.000,9999.000,9999.000,9999.000,9999.000,9999.000,9999.000,9999.000
202603122154,   1.305,9999.000,9999.000,9999.000,9999.000,9999.000,9999.000,9999.000,9999.000
202603122200,   1.291,9999.000,   0.100,   0.234,   1.625,   0.000,   1.525,   0.300,   1.825
202603122206,   1.275,9999.000,9999.000,9999.000,9999.000,9999.000,9999.000,9999.000,9999.000
202603122212,   1.259,9999.000,9999.000,9999.000,9999.000,9999.000,9999.000,9999.000,9999.000
202603122218,   1.242,9999.000,9999.000,9999.000,9999.000,9999.000,9999.000,9999.000,9999.000
202603122224,   1.224,9999.000,9999.000,9999.000,9999.000,9999.000,9999.000,9999.000,9999.000
202603122230,   1.206,9999.000,9999.000,9999.000,9999.000,9999.000,9999.000,9999.000,9999.000
202603122236,   1.186,9999.000,9999.000,9999.000,9999.000,9999.000,9999.000,9999.000,9999.000
202603122242,   1.166,9999.000,9999.000,9999.000,9999.000,9999.000,9999.000,9999.000,9999.000
202603122248,   1.145,9999.000,9999.000,9999.000,9999.000,9999.000,9999.000,9999.000,9999.000
202603122254,   1.123,9999.000,9999.000,9999.000,9999.000,9999.000,9999.000,9999.000,9999.000
202603122300,   1.101,9999.000,   0.000,   0.234,   1.335,   0.000,   1.335,   0.100,   1.435
202603122306,   1.078,9999.000,9999.000,9999.000,9999.000,9999.000,9999.000,9999.000,9999.000
202603122312,   1.055,9999.000,9999.000,9999.000,9999.000,9999.000,9999.000,9999.000,9999.000
202603122318,   1.030,9999.000,9999.000,9999.000,9999.000,9999.000,9999.000,9999.000,9999.000
202603122324,   1.005,9999.000,9999.000,9999.000,9999.000,9999.000,9999.000,9999.000,9999.000
202603122330,   0.980,9999.000,9999.000,9999.000,9999.000,9999.000,9999.000,9999.000,9999.000
202603122336,   0.954,9999.000,9999.000,9999.000,9999.000,9999.000,9999.000,9999.000,9999.000
202603122342,   0.927,9999.000,9999.000,9999.000,9999.000,9999.000,9999.000,9999.000,9999.000
202603122348,   0.900,9999.000,9999.000,9999.000,9999.000,9999.000,9999.000,9999.000,9999.000
202603122354,   0.872,9999.000,9999.000,9999.000,9999.000,9999.000,9999.000,9999.000,9999.000
202603130000,   0.844,9999.000,   0.000,   0.234,   1.078,  -0.100,   0.978,   0.100,   1.178
202603130006,   0.815,9999.000,9999.000,9999.000,9999.000,9999.000,9999.000,9999.000,9999.000
202603130012,   0.786,9999.000,9999.000,9999.000,9999.000,9999.000,9999.000,9999.000,9999.000
202603130018,   0.757,9999.000,9999.000,9999.000,9999.000,9999.000,9999.000,9999.000,9999.000
202603130024,   0.727,9999.000,9999.000,9999.000,9999.000,9999.000,9999.000,9999.000,9999.000
202603130030,   0.698,9999.000,9999.000,9999.000,9999.000,9999.000,9999.000,9999.000,9999.000
202603130036,   0.668,9999.000,9999.000,9999.000,9999.000,9999.000,9999.000,9999.000,9999.000
202603130042,   0.638,9999.000,9999.000,9999.000,9999.000,9999.000,9999.000,9999.000,9999.000
202603130048,   0.609,9999.000,9999.000,9999.000,9999.000,9999.000,9999.000,9999.000,9999.000
202603130054,   0.580,9999.000,9999.000,9999.000,9999.000,9999.000,9999.000,9999.000,9999.000
202603130100,   0.551,9999.000,   0.000,   0.234,   0.785,  -0.200,   0.585,   0.000,   0.785
202603130106,   0.523,9999.000,9999.000,9999.000,9999.000,9999.000,9999.000,9999.000,9999.000
202603130112,   0.495,9999.000,9999.000,9999.000,9999.000,9999.000,9999.000,9999.000,9999.000
202603130118,   0.468,9999.000,9999.000,9999.000,9999.000,9999.000,9999.000,9999.000,9999.000
202603130124,   0.442,9999.000,9999.000,9999.000,9999.000,9999.000,9999.000,9999.000,9999.000
202603130130,   0.417,9999.000,9999.000,9999.000,9999.000,9999.000,9999.000,9999.000,9999.000
202603130136,   0.393,9999.000,9999.000,9999.000,9999.000,9999.000,9999.000,9999.000,9999.000
202603130142,   0.370,9999.000,9999.000,9999.000,9999.000,9999.000,9999.000,9999.000,9999.000
202603130148,   0.348,9999.000,9999.000,9999.000,9999.000,9999.000,9999.000,9999.000,9999.000
202603130154,   0.328,9999.000,9999.000,9999.000,9999.000,9999.000,9999.000,9999.000,9999.000
202603130200,   0.310,9999.000,   0.000,   0.234,   0.544,  -0.100,   0.444,   0.100,   0.644
202603130206,   0.292,9999.000,9999.000,9999.000,9999.000,9999.000,9999.000,9999.000,9999.000
202603130212,   0.277,9999.000,9999.000,9999.000,9999.000,9999.000,9999.000,9999.000,9999.000
202603130218,   0.263,9999.000,9999.000,9999.000,9999.000,9999.000,9999.000,9999.000,9999.000
202603130224,   0.251,9999.000,9999.000,9999.000,9999.000,9999.000,9999.000,9999.000,9999.000
202603130230,   0.241,9999.000,9999.000,9999.000,9999.000,9999.000,9999.000,9999.000,9999.000
202603130236,   0.233,9999.000,9999.000,9999.000,9999.000,9999.000,9999.000,9999.000,9999.000
202603130242,   0.226,9999.000,9999.000,9999.000,9999.000,9999.000,9999.000,9999.000,9999.000
202603130248,   0.222,9999.000,9999.000,9999.000,9999.000,9999.000,9999.000,9999.000,9999.000
202603130254,   0.219,9999.000,9999.000,9999.000,9999.000,9999.000,9999.000,9999.000,9999.000
202603130300,   0.219,9999.000,   0.100,   0.234,   0.553,   0.000,   0.453,   0.200,   0.653
202603130306,   0.220,9999.000,9999.000,9999.000,9999.000,9999.000,9999.000,9999.000,9999.000
202603130312,   0.223,9999.000,9999.000,9999.000,9999.000,9999.000,9999.000,9999.000,9999.000
202603130318,   0.228,9999.000,9999.000,9999.000,9999.000,9999.000,9999.000,9999.000,9999.000
202603130324,   0.235,9999.000,9999.000,9999.000,9999.000,9999.000,9999.000,9999.000,9999.000
202603130330,   0.243,9999.000,9999.000,9999.000,9999.000,9999.000,9999.000,9999.000,9999.000
202603130336,   0.254,9999.000,9999.000,9999.000,9999.000,9999.000,9999.000,9999.000,9999.000
202603130342,   0.266,9999.000,9999.000,9999.000,9999.000,9999.000,9999.000,9999.000,9999.000
202603130348,   0.279,9999.000,9999.000,9999.000,9999.000,9999.000,9999.000,9999.000,9999.000
202603130354,   0.295,9999.000,9999.000,9999.000,9999.000,9999.000,9999.000,9999.000,9999.000
202603130400,   0.312,9999.000,   0.100,   0.234,   0.646,   0.000,   0.546,   0.300,   0.846
202603130406,   0.330,9999.000,9999.000,9999.000,9999.000,9999.000,9999.000,9999.000,9999.000
202603130412,   0.350,9999.000,9999.000,9999.000,9999.000,9999.000,9999.000,9999.000,9999.000
202603130418,   0.371,9999.000,9999.000,9999.000,9999.000,9999.000,9999.000,9999.000,9999.000
202603130424,   0.393,9999.000,9999.000,9999.000,9999.000,9999.000,9999.000,9999.000,9999.000
202603130430,   0.417,9999.000,9999.000,9999.000,9999.000,9999.000,9999.000,9999.000,9999.000
202603130436,   0.442,9999.000,9999.000,9999.000,9999.000,9999.000,9999.000,9999.000,9999.000
202603130442,   0.469,9999.000,9999.000,9999.000,9999.000,9999.000,9999.000,9999.000,9999.000
202603130448,   0.496,9999.000,9999.000,9999.000,9999.000,9999.000,9999.000,9999.000,9999.000
202603130454,   0.524,9999.000,9999.000,9999.000,9999.000,9999.000,9999.000,9999.000,9999.000
202603130500,   0.554,9999.000,   0.100,   0.234,   0.888,   0.000,   0.788,   0.200,   0.988
202603130506,   0.584,9999.000,9999.000,9999.000,9999.000,9999.000,9999.000,9999.000,9999.000
202603130512,   0.615,9999.000,9999.000,9999.000,9999.000,9999.000,9999.000,9999.000,9999.000
202603130518,   0.648,9999.000,9999.000,9999.000,9999.000,9999.000,9999.000,9999.000,9999.000
202603130524,   0.681,9999.000,9999.000,9999.000,9999.000,9999.000,9999.000,9999.000,9999.000
202603130530,   0.714,9999.000,9999.000,9999.000,9999.000,9999.000,9999.000,9999.000,9999.000
202603130536,   0.749,9999.000,9999.000,9999.000,9999.000,9999.000,9999.000,9999.000,9999.000
202603130542,   0.784,9999.000,9999.000,9999.000,9999.000,9999.000,9999.000,9999.000,9999.000
202603130548,   0.819,9999.000,9999.000,9999.000,9999.000,9999.000,9999.000,9999.000,9999.000
202603130554,   0.856,9999.000,9999.000,9999.000,9999.000,9999.000,9999.000,9999.000,9999.000
202603130600,   0.892,9999.000,   0.100,   0.234,   1.226,   0.000,   1.126,   0.200,   1.326
202603130606,   0.929,9999.000,9999.000,9999.000,9999.000,9999.000,9999.000,9999.000,9999.000
202603130612,   0.966,9999.000,9999.000,9999.000,9999.000,9999.000,9999.000,9999.000,9999.000
202603130618,   1.004,9999.000,9999.000,9999.000,9999.000,9999.000,9999.000,9999.000,9999.000
202603130624,   1.041,9999.000,9999.000,9999.000,9999.000,9999.000,9999.000,9999.000,9999.000
202603130630,   1.078,9999.000,9999.000,9999.000,9999.000,9999.000,9999.000,9999.000,9999.000
202603130636,   1.116,9999.000,9999.000,9999.000,9999.000,9999.000,9999.000,9999.000,9999.000
202603130642,   1.153,9999.000,9999.000,9999.000,9999.000,9999.000,9999.000,9999.000,9999.000
202603130648,   1.190,9999.000,9999.000,9999.000,9999.000,9999.000,9999.000,9999.000,9999.000
202603130654,   1.226,9999.000,9999.000,9999.000,9999.000,9999.000,9999.000,9999.000,9999.000
202603130700,   1.262,9999.000,   0.100,   0.234,   1.596,   0.000,   1.496,   0.200,   1.696
202603130706,   1.297,9999.000,9999.000,9999.000,9999.000,9999.000,9999.000,9999.000,9999.000
202603130712,   1.332,9999.000,9999.000,9999.000,9999.000,9999.000,9999.000,9999.000,9999.000
202603130718,   1.365,9999.000,9999.000,9999.000,9999.000,9999.000,9999.000,9999.000,9999.000
202603130724,   1.398,9999.000,9999.000,9999.000,9999.000,9999.000,9999.000,9999.000,9999.000
202603130730,   1.429,9999.000,9999.000,9999.000,9999.000,9999.000,9999.000,9999.000,9999.000
202603130736,   1.460,9999.000,9999.000,9999.000,9999.000,9999.000,9999.000,9999.000,9999.000
202603130742,   1.489,9999.000,9999.000,9999.000,9999.000,9999.000,9999.000,9999.000,9999.000
202603130748,   1.517,9999.000,9999.000,9999.000,9999.000,9999.000,9999.000,9999.000,9999.000
202603130754,   1.543,9999.000,9999.000,9999.000,9999.000,9999.000,9999.000,9999.000,9999.000
202603130800,   1.568,9999.000,   0.100,   0.234,   1.902,   0.000,   1.802,   0.200,   2.002
202603130806,   1.591,9999.000,9999.000,9999.000,9999.000,9999.000,9999.000,9999.000,9999.000
202603130812,   1.613,9999.000,9999.000,9999.000,9999.000,9999.000,9999.000,9999.000,9999.000
202603130818,   1.633,9999.000,9999.000,9999.000,9999.000,9999.000,9999.000,9999.000,9999.000
202603130824,   1.651,9999.000,9999.000,9999.000,9999.000,9999.000,9999.000,9999.000,9999.000
202603130830,   1.667,9999.000,9999.000,9999.000,9999.000,9999.000,9999.000,9999.000,9999.000
202603130836,   1.682,9999.000,9999.000,9999.000,9999.000,9999.000,9999.000,9999.000,9999.000
202603130842,   1.695,9999.000,9999.000,9999.000,9999.000,9999.000,9999.000,9999.000,9999.000
202603130848,   1.706,9999.000,9999.000,9999.000,9999.000,9999.000,9999.000,9999.000,9999.000
202603130854,   1.715,9999.000,9999.000,9999.000,9999.000,9999.000,9999.000,9999.000,9999.000
202603130900,   1.723,9999.000,   0.100,   0.234,   2.057,   0.000,   1.957,   0.200,   2.157
202603130906,   1.729,9999.000,9999.000,9999.000,9999.000,9999.000,9999.000,9999.000,9999.000
202603130912,   1.733,9999.000,9999.000,9999.000,9999.000,9999.000,9999.000,9999.000,9999.000
202603130918,   1.735,9999.000,9999.000,9999.000,9999.000,9999.000,9999.000,9999.000,9999.000
202603130924,   1.736,9999.000,9999.000,9999.000,9999.000,9999.000,9999.000,9999.000,9999.000
202603130930,   1.735,9999.000,9999.000,9999.000,9999.000,9999.000,9999.000,9999.000,9999.000
202603130936,   1.733,9999.000,9999.000,9999.000,9999.000,9999.000,9999.000,9999.000,9999.000
202603130942,   1.729,9999.000,9999.000,9999.000,9999.000,9999.000,9999.000,9999.000,9999.000
202603130948,   1.724,9999.000,9999.000,9999.000,9999.000,9999.000,9999.000,9999.000,9999.000
202603130954,   1.717,9999.000,9999.000,9999.000,9999.000,9999.000,9999.000,9999.000,9999.000
202603131000,   1.709,9999.000,   0.200,   0.234,   2.143,   0.000,   1.943,   0.300,   2.243
202603131006,   1.699,9999.000,9999.000,9999.000,9999.000,9999.000,9999.000,9999.000,9999.000
202603131012,   1.689,9999.000,9999.000,9999.000,9999.000,9999.000,9999.000,9999.000,9999.000
202603131018,   1.677,9999.000,9999.000,9999.000,9999.000,9999.000,9999.000,9999.000,9999.000
202603131024,   1.664,9999.000,9999.000,9999.000,9999.000,9999.000,9999.000,9999.000,9999.000
202603131030,   1.650,9999.000,9999.000,9999.000,9999.000,9999.000,9999.000,9999.000,9999.000
202603131036,   1.634,9999.000,9999.000,9999.000,9999.000,9999.000,9999.000,9999.000,9999.000
202603131042,   1.618,9999.000,9999.000,9999.000,9999.000,9999.000,9999.000,9999.000,9999.000
202603131048,   1.600,9999.000,9999.000,9999.000,9999.000,9999.000,9999.000,9999.000,9999.000
202603131054,   1.581,9999.000,9999.000,9999.000,9999.000,9999.000,9999.000,9999.000,9999.000
202603131100,   1.562,9999.000,   0.100,   0.234,   1.896,   0.000,   1.796,   0.200,   1.996
202603131106,   1.541,9999.000,9999.000,9999.000,9999.000,9999.000,9999.000,9999.000,9999.000
202603131112,   1.519,9999.000,9999.000,9999.000,9999.000,9999.000,9999.000,9999.000,9999.000
202603131118,   1.497,9999.000,9999.000,9999.000,9999.000,9999.000,9999.000,9999.000,9999.000
202603131124,   1.473,9999.000,9999.000,9999.000,9999.000,9999.000,9999.000,9999.000,9999.000
202603131130,   1.448,9999.000,9999.000,9999.000,9999.000,9999.000,9999.000,9999.000,9999.000
202603131136,   1.422,9999.000,9999.000,9999.000,9999.000,9999.000,9999.000,9999.000,9999.000
202603131142,   1.396,9999.000,9999.000,9999.000,9999.000,9999.000,9999.000,9999.000,9999.000
202603131148,   1.368,9999.000,9999.000,9999.000,9999.000,9999.000,9999.000,9999.000,9999.000
202603131154,   1.339,9999.000,9999.000,9999.000,9999.000,9999.000,9999.000,9999.000,9999.000
202603131200,   1.310,9999.000,   0.100,   0.234,   1.644,   0.000,   1.544,   0.200,   1.744
202603131206,   1.280,9999.000,9999.000,9999.000,9999.000,9999.000,9999.000,9999.000,9999.000
202603131212,   1.248,9999.000,9999.000,9999.000,9999.000,9999.000,9999.000,9999.000,9999.000
202603131218,   1.216,9999.000,9999.000,9999.000,9999.000,9999.000,9999.000,9999.000,9999.000
202603131224,   1.184,9999.000,9999.000,9999.000,9999.000,9999.000,9999.000,9999.000,9999.000
202603131230,   1.150,9999.000,9999.000,9999.000,9999.000,9999.000,9999.000,9999.000,9999.000
202603131236,   1.116,9999.000,9999.000,9999.000,9999.000,9999.000,9999.000,9999.000,9999.000
202603131242,   1.081,9999.000,9999.000,9999.000,9999.000,9999.000,9999.000,9999.000,9999.000
202603131248,   1.046,9999.000,9999.000,9999.000,9999.000,9999.000,9999.000,9999.000,9999.000
202603131254,   1.011,9999.000,9999.000,9999.000,9999.000,9999.000,9999.000,9999.000,9999.000
202603131300,   0.975,9999.000,   0.100,   0.234,   1.309,   0.000,   1.209,   0.200,   1.409
202603131306,   0.939,9999.000,9999.000,9999.000,9999.000,9999.000,9999.000,9999.000,9999.000
202603131312,   0.903,9999.000,9999.000,9999.000,9999.000,9999.000,9999.000,9999.000,9999.000
202603131318,   0.867,9999.000,9999.000,9999.000,9999.000,9999.000,9999.000,9999.000,9999.000
202603131324,   0.831,9999.000,9999.000,9999.000,9999.000,9999.000,9999.000,9999.000,9999.000
202603131330,   0.795,9999.000,9999.000,9999.000,9999.000,9999.000,9999.000,9999.000,9999.000
202603131336,   0.759,9999.000,9999.000,9999.000,9999.000,9999.000,9999.000,9999.000,9999.000
202603131342,   0.725,9999.000,9999.000,9999.000,9999.000,9999.000,9999.000,9999.000,9999.000
202603131348,   0.690,9999.000,9999.000,9999.000,9999.000,9999.000,9999.000,9999.000,9999.000
202603131354,   0.657,9999.000,9999.000,9999.000,9999.000,9999.000,9999.000,9999.000,9999.000
202603131400,   0.624,9999.000,   0.100,   0.234,   0.958,   0.000,   0.858,   0.200,   1.058
202603131406,   0.592,9999.000,9999.000,9999.000,9999.000,9999.000,9999.000,9999.000,9999.000
202603131412,   0.561,9999.000,9999.000,9999.000,9999.000,9999.000,9999.000,9999.000,9999.000
202603131418,   0.532,9999.000,9999.000,9999.000,9999.000,9999.000,9999.000,9999.000,9999.000
202603131424,   0.504,9999.000,9999.000,9999.000,9999.000,9999.000,9999.000,9999.000,9999.000
202603131430,   0.477,9999.000,9999.000,9999.000,9999.000,9999.000,9999.000,9999.000,9999.000
202603131436,   0.451,9999.000,9999.000,9999.000,9999.000,9999.000,9999.000,9999.000,9999.000
202603131442,   0.427,9999.000,9999.000,9999.000,9999.000,9999.000,9999.000,9999.000,9999.000
202603131448,   0.405,9999.000,9999.000,9999.000,9999.000,9999.000,9999.000,9999.000,9999.000
202603131454,   0.384,9999.000,9999.000,9999.000,9999.000,9999.000,9999.000,9999.000,9999.000
202603131500,   0.364,9999.000,   0.100,   0.234,   0.698,   0.000,   0.598,   0.200,   0.798
202603131506,   0.347,9999.000,9999.000,9999.000,9999.000,9999.000,9999.000,9999.000,9999.000
202603131512,   0.331,9999.000,9999.000,9999.000,9999.000,9999.000,9999.000,9999.000,9999.000
202603131518,   0.317,9999.000,9999.000,9999.000,9999.000,9999.000,9999.000,9999.000,9999.000
202603131524,   0.305,9999.000,9999.000,9999.000,9999.000,9999.000,9999.000,9999.000,9999.000
202603131530,   0.294,9999.000,9999.000,9999.000,9999.000,9999.000,9999.000,9999.000,9999.000
202603131536,   0.286,9999.000,9999.000,9999.000,9999.000,9999.000,9999.000,9999.000,9999.000
202603131542,   0.279,9999.000,9999.000,9999.000,9999.000,9999.000,9999.000,9999.000,9999.000
202603131548,   0.274,9999.000,9999.000,9999.000,9999.000,9999.000,9999.000,9999.000,9999.000
202603131554,   0.270,9999.000,9999.000,9999.000,9999.000,9999.000,9999.000,9999.000,9999.000
202603131600,   0.269,9999.000,   0.100,   0.234,   0.603,   0.000,   0.503,   0.200,   0.703
202603131606,   0.269,9999.000,9999.000,9999.000,9999.000,9999.000,9999.000,9999.000,9999.000
202603131612,   0.270,9999.000,9999.000,9999.000,9999.000,9999.000,9999.000,9999.000,9999.000
202603131618,   0.274,9999.000,9999.000,9999.000,9999.000,9999.000,9999.000,9999.000,9999.000
202603131624,   0.279,9999.000,9999.000,9999.000,9999.000,9999.000,9999.000,9999.000,9999.000
202603131630,   0.285,9999.000,9999.000,9999.000,9999.000,9999.000,9999.000,9999.000,9999.000
202603131636,   0.293,9999.000,9999.000,9999.000,9999.000,9999.000,9999.000,9999.000,9999.000
202603131642,   0.303,9999.000,9999.000,9999.000,9999.000,9999.000,9999.000,9999.000,9999.000
202603131648,   0.314,9999.000,9999.000,9999.000,9999.000,9999.000,9999.000,9999.000,9999.000
202603131654,   0.326,9999.000,9999.000,9999.000,9999.000,9999.000,9999.000,9999.000,9999.000
202603131700,   0.340,9999.000,   0.000,   0.234,   0.574,   0.000,   0.574,   0.100,   0.674
202603131706,   0.355,9999.000,9999.000,9999.000,9999.000,9999.000,9999.000,9999.000,9999.000
202603131712,   0.372,9999.000,9999.000,9999.000,9999.000,9999.000,9999.000,9999.000,9999.000
202603131718,   0.390,9999.000,9999.000,9999.000,9999.000,9999.000,9999.000,9999.000,9999.000
202603131724,   0.409,9999.000,9999.000,9999.000,9999.000,9999.000,9999.000,9999.000,9999.000
202603131730,   0.429,9999.000,9999.000,9999.000,9999.000,9999.000,9999.000,9999.000,9999.000
202603131736,   0.451,9999.000,9999.000,9999.000,9999.000,9999.000,9999.000,9999.000,9999.000
202603131742,   0.473,9999.000,9999.000,9999.000,9999.000,9999.000,9999.000,9999.000,9999.000
202603131748,   0.497,9999.000,9999.000,9999.000,9999.000,9999.000,9999.000,9999.000,9999.000
202603131754,   0.522,9999.000,9999.000,9999.000,9999.000,9999.000,9999.000,9999.000,9999.000
202603131800,   0.548,9999.000,   0.000,   0.234,   0.782,   0.000,   0.782,   0.100,   0.882
202603131806,   0.575,9999.000,9999.000,9999.000,9999.000,9999.000,9999.000,9999.000,9999.000
202603131812,   0.602,9999.000,9999.000,9999.000,9999.000,9999.000,9999.000,9999.000,9999.000
202603131818,   0.631,9999.000,9999.000,9999.000,9999.000,9999.000,9999.000,9999.000,9999.000
202603131824,   0.660,9999.000,9999.000,9999.000,9999.000,9999.000,9999.000,9999.000,9999.000
202603131830,   0.690,9999.000,9999.000,9999.000,9999.000,9999.000,9999.000,9999.000,9999.000
202603131836,   0.720,9999.000,9999.000,9999.000,9999.000,9999.000,9999.000,9999.000,9999.000
202603131842,   0.751,9999.000,9999.000,9999.000,9999.000,9999.000,9999.000,9999.000,9999.000
202603131848,   0.783,9999.000,9999.000,9999.000,9999.000,9999.000,9999.000,9999.000,9999.000
202603131854,   0.815,9999.000,9999.000,9999.000,9999.000,9999.000,9999.000,9999.000,9999.000
202603131900,   0.847,9999.000,   0.000,   0.234,   1.081,  -0.100,   0.981,   0.100,   1.181
202603131906,   0.879,9999.000,9999.000,9999.000,9999.000,9999.000,9999.000,9999.000,9999.000
202603131912,   0.911,9999.000,9999.000,9999.000,9999.000,9999.000,9999.000,9999.000,9999.000
202603131918,   0.944,9999.000,9999.000,9999.000,9999.000,9999.000,9999.000,9999.000,9999.000
202603131924,   0.976,9999.000,9999.000,9999.000,9999.000,9999.000,9999.000,9999.000,9999.000
202603131930,   1.007,9999.000,9999.000,9999.000,9999.000,9999.000,9999.000,9999.000,9999.000
202603131936,   1.039,9999.000,9999.000,9999.000,9999.000,9999.000,9999.000,9999.000,9999.000
202603131942,   1.070,9999.000,9999.000,9999.000,9999.000,9999.000,9999.000,9999.000,9999.000
202603131948,   1.100,9999.000,9999.000,9999.000,9999.000,9999.000,9999.000,9999.000,9999.000
202603131954,   1.130,9999.000,9999.000,9999.000,9999.000,9999.000,9999.000,9999.000,9999.000
202603132000,   1.159,9999.000,  -0.100,   0.234,   1.293,  -0.300,   1.093,   0.100,   1.493
202603132006,   1.187,9999.000,9999.000,9999.000,9999.000,9999.000,9999.000,9999.000,9999.000
202603132012,   1.213,9999.000,9999.000,9999.000,9999.000,9999.000,9999.000,9999.000,9999.000
202603132018,   1.240,9999.000,9999.000,9999.000,9999.000,9999.000,9999.000,9999.000,9999.000
202603132024,   1.264,9999.000,9999.000,9999.000,9999.000,9999.000,9999.000,9999.000,9999.000
202603132030,   1.287,9999.000,9999.000,9999.000,9999.000,9999.000,9999.000,9999.000,9999.000
202603132036,   1.309,9999.000,9999.000,9999.000,9999.000,9999.000,9999.000,9999.000,9999.000
202603132042,   1.330,9999.000,9999.000,9999.000,9999.000,9999.000,9999.000,9999.000,9999.000
202603132048,   1.349,9999.000,9999.000,9999.000,9999.000,9999.000,9999.000,9999.000,9999.000
202603132054,   1.367,9999.000,9999.000,9999.000,9999.000,9999.000,9999.000,9999.000,9999.000
202603132100,   1.384,9999.000,  -0.200,   0.234,   1.418,  -0.400,   1.218,   0.100,   1.718
202603132106,   1.398,9999.000,9999.000,9999.000,9999.000,9999.000,9999.000,9999.000,9999.000
202603132112,   1.411,9999.000,9999.000,9999.000,9999.000,9999.000,9999.000,9999.000,9999.000
202603132118,   1.423,9999.000,9999.000,9999.000,9999.000,9999.000,9999.000,9999.000,9999.000
202603132124,   1.433,9999.000,9999.000,9999.000,9999.000,9999.000,9999.000,9999.000,9999.000
202603132130,   1.441,9999.000,9999.000,9999.000,9999.000,9999.000,9999.000,9999.000,9999.000
202603132136,   1.448,9999.000,9999.000,9999.000,9999.000,9999.000,9999.000,9999.000,9999.000
202603132142,   1.453,9999.000,9999.000,9999.000,9999.000,9999.000,9999.000,9999.000,9999.000
202603132148,   1.457,9999.000,9999.000,9999.000,9999.000,9999.000,9999.000,9999.000,9999.000
202603132154,   1.459,9999.000,9999.000,9999.000,9999.000,9999.000,9999.000,9999.000,9999.000
202603132200,   1.459,9999.000,  -0.200,   0.234,   1.493,  -0.600,   1.093,   0.100,   1.793
202603132206,   1.458,9999.000,9999.000,9999.000,9999.000,9999.000,9999.000,9999.000,9999.000
202603132212,   1.456,9999.000,9999.000,9999.000,9999.000,9999.000,9999.000,9999.000,9999.000
202603132218,   1.452,9999.000,9999.000,9999.000,9999.000,9999.000,9999.000,9999.000,9999.000
202603132224,   1.446,9999.000,9999.000,9999.000,9999.000,9999.000,9999.000,9999.000,9999.000
202603132230,   1.439,9999.000,9999.000,9999.000,9999.000,9999.000,9999.000,9999.000,9999.000
202603132236,   1.431,9999.000,9999.000,9999.000,9999.000,9999.000,9999.000,9999.000,9999.000
202603132242,   1.421,9999.000,9999.000,9999.000,9999.000,9999.000,9999.000,9999.000,9999.000
202603132248,   1.410,9999.000,9999.000,9999.000,9999.000,9999.000,9999.000,9999.000,9999.000
202603132254,   1.398,9999.000,9999.000,9999.000,9999.000,9999.000,9999.000,9999.000,9999.000
202603132300,   1.384,9999.000,  -0.300,   0.234,   1.318,  -0.600,   1.018,   0.100,   1.718
202603132306,   1.369,9999.000,9999.000,9999.000,9999.000,9999.000,9999.000,9999.000,9999.000
202603132312,   1.353,9999.000,9999.000,9999.000,9999.000,9999.000,9999.000,9999.000,9999.000
202603132318,   1.335,9999.000,9999.000,9999.000,9999.000,9999.000,9999.000,9999.000,9999.000
202603132324,   1.316,9999.000,9999.000,9999.000,9999.000,9999.000,9999.000,9999.000,9999.000
202603132330,   1.296,9999.000,9999.000,9999.000,9999.000,9999.000,9999.000,9999.000,9999.000
202603132336,   1.275,9999.000,9999.000,9999.000,9999.000,9999.000,9999.000,9999.000,9999.000
202603132342,   1.253,9999.000,9999.000,9999.000,9999.000,9999.000,9999.000,9999.000,9999.000
202603132348,   1.229,9999.000,9999.000,9999.000,9999.000,9999.000,9999.000,9999.000,9999.000
202603132354,   1.205,9999.000,9999.000,9999.000,9999.000,9999.000,9999.000,9999.000,9999.000
202603140000,   1.179,9999.000,  -0.300,   0.234,   1.113,  -0.600,   0.813,   0.000,   1.413
202603140006,   1.152,9999.000,9999.000,9999.000,9999.000,9999.000,9999.000,9999.000,9999.000
202603140012,   1.124,9999.000,9999.000,9999.000,9999.000,9999.000,9999.000,9999.000,9999.000
202603140018,   1.096,9999.000,9999.000,9999.000,9999.000,9999.000,9999.000,9999.000,9999.000
202603140024,   1.066,9999.000,9999.000,9999.000,9999.000,9999.000,9999.000,9999.000,9999.000
202603140030,   1.035,9999.000,9999.000,9999.000,9999.000,9999.000,9999.000,9999.000,9999.000
202603140036,   1.004,9999.000,9999.000,9999.000,9999.000,9999.000,9999.000,9999.000,9999.000
202603140042,   0.972,9999.000,9999.000,9999.000,9999.000,9999.000,9999.000,9999.000,9999.000
202603140048,   0.939,9999.000,9999.000,9999.000,9999.000,9999.000,9999.000,9999.000,9999.000
202603140054,   0.905,9999.000,9999.000,9999.000,9999.000,9999.000,9999.000,9999.000,9999.000
202603140100,   0.871,9999.000,  -0.300,   0.234,   0.805,  -0.600,   0.505,   0.000,   1.105
202603140106,   0.837,9999.000,9999.000,9999.000,9999.000,9999.000,9999.000,9999.000,9999.000
202603140112,   0.802,9999.000,9999.000,9999.000,9999.000,9999.000,9999.000,9999.000,9999.000
202603140118,   0.767,9999.000,9999.000,9999.000,9999.000,9999.000,9999.000,9999.000,9999.000
202603140124,   0.732,9999.000,9999.000,9999.000,9999.000,9999.000,9999.000,9999.000,9999.000
202603140130,   0.697,9999.000,9999.000,9999.000,9999.000,9999.000,9999.000,9999.000,9999.000
202603140136,   0.662,9999.000,9999.000,9999.000,9999.000,9999.000,9999.000,9999.000,9999.000
202603140142,   0.627,9999.000,9999.000,9999.000,9999.000,9999.000,9999.000,9999.000,9999.000
202603140148,   0.593,9999.000,9999.000,9999.000,9999.000,9999.000,9999.000,9999.000,9999.000
202603140154,   0.559,9999.000,9999.000,9999.000,9999.000,9999.000,9999.000,9999.000,9999.000
202603140200,   0.526,9999.000,  -0.300,   0.234,   0.460,  -0.600,   0.160,   0.000,   0.760
202603140206,   0.493,9999.000,9999.000,9999.000,9999.000,9999.000,9999.000,9999.000,9999.000
202603140212,   0.461,9999.000,9999.000,9999.000,9999.000,9999.000,9999.000,9999.000,9999.000
202603140218,   0.431,9999.000,9999.000,9999.000,9999.000,9999.000,9999.000,9999.000,9999.000
202603140224,   0.401,9999.000,9999.000,9999.000,9999.000,9999.000,9999.000,9999.000,9999.000
202603140230,   0.373,9999.000,9999.000,9999.000,9999.000,9999.000,9999.000,9999.000,9999.000
202603140236,   0.346,9999.000,9999.000,9999.000,9999.000,9999.000,9999.000,9999.000,9999.000
202603140242,   0.320,9999.000,9999.000,9999.000,9999.000,9999.000,9999.000,9999.000,9999.000
202603140248,   0.296,9999.000,9999.000,9999.000,9999.000,9999.000,9999.000,9999.000,9999.000
202603140254,   0.273,9999.000,9999.000,9999.000,9999.000,9999.000,9999.000,9999.000,9999.000
202603140300,   0.253,9999.000,  -0.300,   0.234,   0.187,  -0.700,  -0.213,   0.000,   0.487
202603140306,   0.234,9999.000,9999.000,9999.000,9999.000,9999.000,9999.000,9999.000,9999.000
202603140312,   0.217,9999.000,9999.000,9999.000,9999.000,9999.000,9999.000,9999.000,9999.000
202603140318,   0.201,9999.000,9999.000,9999.000,9999.000,9999.000,9999.000,9999.000,9999.000
202603140324,   0.188,9999.000,9999.000,9999.000,9999.000,9999.000,9999.000,9999.000,9999.000
202603140330,   0.177,9999.000,9999.000,9999.000,9999.000,9999.000,9999.000,9999.000,9999.000
202603140336,   0.167,9999.000,9999.000,9999.000,9999.000,9999.000,9999.000,9999.000,9999.000
202603140342,   0.160,9999.000,9999.000,9999.000,9999.000,9999.000,9999.000,9999.000,9999.000
202603140348,   0.155,9999.000,9999.000,9999.000,9999.000,9999.000,9999.000,9999.000,9999.000
202603140354,   0.151,9999.000,9999.000,9999.000,9999.000,9999.000,9999.000,9999.000,9999.000
202603140400,   0.150,9999.000,  -0.400,   0.234,  -0.016,  -0.700,  -0.316,   0.000,   0.384
202603140406,   0.151,9999.000,9999.000,9999.000,9999.000,9999.000,9999.000,9999.000,9999.000
202603140412,   0.154,9999.000,9999.000,9999.000,9999.000,9999.000,9999.000,9999.000,9999.000
202603140418,   0.158,9999.000,9999.000,9999.000,9999.000,9999.000,9999.000,9999.000,9999.000
202603140424,   0.165,9999.000,9999.000,9999.000,9999.000,9999.000,9999.000,9999.000,9999.000
202603140430,   0.174,9999.000,9999.000,9999.000,9999.000,9999.000,9999.000,9999.000,9999.000
202603140436,   0.184,9999.000,9999.000,9999.000,9999.000,9999.000,9999.000,9999.000,9999.000
202603140442,   0.197,9999.000,9999.000,9999.000,9999.000,9999.000,9999.000,9999.000,9999.000
202603140448,   0.211,9999.000,9999.000,9999.000,9999.000,9999.000,9999.000,9999.000,9999.000
202603140454,   0.227,9999.000,9999.000,9999.000,9999.000,9999.000,9999.000,9999.000,9999.000
202603140500,   0.244,9999.000,  -0.400,   0.234,   0.078,  -0.800,  -0.322,   0.000,   0.478
202603140506,   0.263,9999.000,9999.000,9999.000,9999.000,9999.000,9999.000,9999.000,9999.000
202603140512,   0.284,9999.000,9999.000,9999.000,9999.000,9999.000,9999.000,9999.000,9999.000
202603140518,   0.307,9999.000,9999.000,9999.000,9999.000,9999.000,9999.000,9999.000,9999.000
202603140524,   0.330,9999.000,9999.000,9999.000,9999.000,9999.000,9999.000,9999.000,9999.000
202603140530,   0.356,9999.000,9999.000,9999.000,9999.000,9999.000,9999.000,9999.000,9999.000
202603140536,   0.382,9999.000,9999.000,9999.000,9999.000,9999.000,9999.000,9999.000,9999.000
202603140542,   0.410,9999.000,9999.000,9999.000,9999.000,9999.000,9999.000,9999.000,9999.000
202603140548,   0.440,9999.000,9999.000,9999.000,9999.000,9999.000,9999.000,9999.000,9999.000
202603140554,   0.470,9999.000,9999.000,9999.000,9999.000,9999.000,9999.000,9999.000,9999.000
202603140600,   0.502,9999.000,  -0.400,   0.234,   0.336,  -0.700,   0.036,  -0.100,   0.636
202603140606,   0.535,9999.000,9999.000,9999.000,9999.000,9999.000,9999.000,9999.000,9999.000
202603140612,   0.568,9999.000,9999.000,9999.000,9999.000,9999.000,9999.000,9999.000,9999.000
202603140618,   0.603,9999.000,9999.000,9999.000,9999.000,9999.000,9999.000,9999.000,9999.000
202603140624,   0.639,9999.000,9999.000,9999.000,9999.000,9999.000,9999.000,9999.000,9999.000
202603140630,   0.675,9999.000,9999.000,9999.000,9999.000,9999.000,9999.000,9999.000,9999.000
202603140636,   0.713,9999.000,9999.000,9999.000,9999.000,9999.000,9999.000,9999.000,9999.000
202603140642,   0.751,9999.000,9999.000,9999.000,9999.000,9999.000,9999.000,9999.000,9999.000
202603140648,   0.789,9999.000,9999.000,9999.000,9999.000,9999.000,9999.000,9999.000,9999.000
202603140654,   0.828,9999.000,9999.000,9999.000,9999.000,9999.000,9999.000,9999.000,9999.000
202603140700,   0.868,9999.000,  -0.400,   0.234,   0.702,  -0.700,   0.402,  -0.100,   1.002
202603140706,   0.908,9999.000,9999.000,9999.000,9999.000,9999.000,9999.000,9999.000,9999.000
202603140712,   0.948,9999.000,9999.000,9999.000,9999.000,9999.000,9999.000,9999.000,9999.000
202603140718,   0.988,9999.000,9999.000,9999.000,9999.000,9999.000,9999.000,9999.000,9999.000
202603140724,   1.028,9999.000,9999.000,9999.000,9999.000,9999.000,9999.000,9999.000,9999.000
202603140730,   1.069,9999.000,9999.000,9999.000,9999.000,9999.000,9999.000,9999.000,9999.000
202603140736,   1.109,9999.000,9999.000,9999.000,9999.000,9999.000,9999.000,9999.000,9999.000
202603140742,   1.149,9999.000,9999.000,9999.000,9999.000,9999.000,9999.000,9999.000,9999.000
202603140748,   1.189,9999.000,9999.000,9999.000,9999.000,9999.000,9999.000,9999.000,9999.000
202603140754,   1.228,9999.000,9999.000,9999.000,9999.000,9999.000,9999.000,9999.000,9999.000
202603140800,   1.266,9999.000,  -0.400,   0.234,   1.100,  -0.600,   0.900,  -0.100,   1.400
202603140806,   1.304,9999.000,9999.000,9999.000,9999.000,9999.000,9999.000,9999.000,9999.000
202603140812,   1.342,9999.000,9999.000,9999.000,9999.000,9999.000,9999.000,9999.000,9999.000
202603140818,   1.378,9999.000,9999.000,9999.000,9999.000,9999.000,9999.000,9999.000,9999.000
202603140824,   1.413,9999.000,9999.000,9999.000,9999.000,9999.000,9999.000,9999.000,9999.000
202603140830,   1.448,9999.000,9999.000,9999.000,9999.000,9999.000,9999.000,9999.000,9999.000
202603140836,   1.481,9999.000,9999.000,9999.000,9999.000,9999.000,9999.000,9999.000,9999.000
202603140842,   1.513,9999.000,9999.000,9999.000,9999.000,9999.000,9999.000,9999.000,9999.000
202603140848,   1.543,9999.000,9999.000,9999.000,9999.000,9999.000,9999.000,9999.000,9999.000
202603140854,   1.573,9999.000,9999.000,9999.000,9999.000,9999.000,9999.000,9999.000,9999.000
202603140900,   1.601,9999.000,  -0.400,   0.234,   1.435,  -0.600,   1.235,  -0.100,   1.735
202603140906,   1.627,9999.000,9999.000,9999.000,9999.000,9999.000,9999.000,9999.000,9999.000
202603140912,   1.651,9999.000,9999.000,9999.000,9999.000,9999.000,9999.000,9999.000,9999.000
202603140918,   1.675,9999.000,9999.000,9999.000,9999.000,9999.000,9999.000,9999.000,9999.000
202603140924,   1.696,9999.000,9999.000,9999.000,9999.000,9999.000,9999.000,9999.000,9999.000
202603140930,   1.715,9999.000,9999.000,9999.000,9999.000,9999.000,9999.000,9999.000,9999.000
202603140936,   1.733,9999.000,9999.000,9999.000,9999.000,9999.000,9999.000,9999.000,9999.000
202603140942,   1.749,9999.000,9999.000,9999.000,9999.000,9999.000,9999.000,9999.000,9999.000
202603140948,   1.764,9999.000,9999.000,9999.000,9999.000,9999.000,9999.000,9999.000,9999.000
202603140954,   1.776,9999.000,9999.000,9999.000,9999.000,9999.000,9999.000,9999.000,9999.000
202603141000,   1.787,9999.000,  -0.300,   0.234,   1.721,  -0.500,   1.521,  -0.100,   1.921
202603141006,   1.795,9999.000,9999.000,9999.000,9999.000,9999.000,9999.000,9999.000,9999.000
202603141012,   1.802,9999.000,9999.000,9999.000,9999.000,9999.000,9999.000,9999.000,9999.000
202603141018,   1.807,9999.000,9999.000,9999.000,9999.000,9999.000,9999.000,9999.000,9999.000
202603141024,   1.810,9999.000,9999.000,9999.000,9999.000,9999.000,9999.000,9999.000,9999.000
202603141030,   1.812,9999.000,9999.000,9999.000,9999.000,9999.000,9999.000,9999.000,9999.000
202603141036,   1.811,9999.000,9999.000,9999.000,9999.000,9999.000,9999.000,9999.000,9999.000
202603141042,   1.809,9999.000,9999.000,9999.000,9999.000,9999.000,9999.000,9999.000,9999.000
202603141048,   1.805,9999.000,9999.000,9999.000,9999.000,9999.000,9999.000,9999.000,9999.000
202603141054,   1.799,9999.000,9999.000,9999.000,9999.000,9999.000,9999.000,9999.000,9999.000
202603141100,   1.792,9999.000,  -0.300,   0.234,   1.726,  -0.500,   1.526,  -0.100,   1.926
202603141106,   1.783,9999.000,9999.000,9999.000,9999.000,9999.000,9999.000,9999.000,9999.000
202603141112,   1.772,9999.000,9999.000,9999.000,9999.000,9999.000,9999.000,9999.000,9999.000
202603141118,   1.759,9999.000,9999.000,9999.000,9999.000,9999.000,9999.000,9999.000,9999.000
202603141124,   1.745,9999.000,9999.000,9999.000,9999.000,9999.000,9999.000,9999.000,9999.000
202603141130,   1.729,9999.000,9999.000,9999.000,9999.000,9999.000,9999.000,9999.000,9999.000
202603141136,   1.712,9999.000,9999.000,9999.000,9999.000,9999.000,9999.000,9999.000,9999.000
202603141142,   1.693,9999.000,9999.000,9999.000,9999.000,9999.000,9999.000,9999.000,9999.000
202603141148,   1.672,9999.000,9999.000,9999.000,9999.000,9999.000,9999.000,9999.000,9999.000
202603141154,   1.650,9999.000,9999.000,9999.000,9999.000,9999.000,9999.000,9999.000,9999.000
202603141200,   1.626,9999.000,  -0.200,   0.234,   1.660,  -0.400,   1.460,   0.000,   1.860
202603141206,   1.601,9999.000,9999.000,9999.000,9999.000,9999.000,9999.000,9999.000,9999.000
202603141212,   1.575,9999.000,9999.000,9999.000,9999.000,9999.000,9999.000,9999.000,9999.000
202603141218,   1.547,9999.000,9999.000,9999.000,9999.000,9999.000,9999.000,9999.000,9999.000
202603141224,   1.518,9999.000,9999.000,9999.000,9999.000,9999.000,9999.000,9999.000,9999.000
202603141230,   1.488,9999.000,9999.000,9999.000,9999.000,9999.000,9999.000,9999.000,9999.000
202603141236,   1.456,9999.000,9999.000,9999.000,9999.000,9999.000,9999.000,9999.000,9999.000
202603141242,   1.423,9999.000,9999.000,9999.000,9999.000,9999.000,9999.000,9999.000,9999.000
202603141248,   1.389,9999.000,9999.000,9999.000,9999.000,9999.000,9999.000,9999.000,9999.000
202603141254,   1.354,9999.000,9999.000,9999.000,9999.000,9999.000,9999.000,9999.000,9999.000
202603141300,   1.318,9999.000,  -0.200,   0.234,   1.352,  -0.400,   1.152,   0.000,   1.552
202603141306,   1.281,9999.000,9999.000,9999.000,9999.000,9999.000,9999.000,9999.000,9999.000
202603141312,   1.243,9999.000,9999.000,9999.000,9999.000,9999.000,9999.000,9999.000,9999.000
202603141318,   1.204,9999.000,9999.000,9999.000,9999.000,9999.000,9999.000,9999.000,9999.000
202603141324,   1.164,9999.000,9999.000,9999.000,9999.000,9999.000,9999.000,9999.000,9999.000
202603141330,   1.124,9999.000,9999.000,9999.000,9999.000,9999.000,9999.000,9999.000,9999.000
202603141336,   1.084,9999.000,9999.000,9999.000,9999.000,9999.000,9999.000,9999.000,9999.000
202603141342,   1.043,9999.000,9999.000,9999.000,9999.000,9999.000,9999.000,9999.000,9999.000
202603141348,   1.002,9999.000,9999.000,9999.000,9999.000,9999.000,9999.000,9999.000,9999.000
202603141354,   0.960,9999.000,9999.000,9999.000,9999.000,9999.000,9999.000,9999.000,9999.000
202603141400,   0.919,9999.000,  -0.200,   0.234,   0.953,  -0.300,   0.853,   0.000,   1.153
202603141406,   0.877,9999.000,9999.000,9999.000,9999.000,9999.000,9999.000,9999.000,9999.000
202603141412,   0.836,9999.000,9999.000,9999.000,9999.000,9999.000,9999.000,9999.000,9999.000
202603141418,   0.795,9999.000,9999.000,9999.000,9999.000,9999.000,9999.000,9999.000,9999.000
202603141424,   0.754,9999.000,9999.000,9999.000,9999.000,9999.000,9999.000,9999.000,9999.000
202603141430,   0.714,9999.000,9999.000,9999.000,9999.000,9999.000,9999.000,9999.000,9999.000
202603141436,   0.675,9999.000,9999.000,9999.000,9999.000,9999.000,9999.000,9999.000,9999.000
202603141442,   0.636,9999.000,9999.000,9999.000,9999.000,9999.000,9999.000,9999.000,9999.000
202603141448,   0.599,9999.000,9999.000,9999.000,9999.000,9999.000,9999.000,9999.000,9999.000
202603141454,   0.562,9999.000,9999.000,9999.000,9999.000,9999.000,9999.000,9999.000,9999.000
202603141500,   0.527,9999.000,  -0.200,   0.234,   0.561,  -0.300,   0.461,   0.000,   0.761
202603141506,   0.493,9999.000,9999.000,9999.000,9999.000,9999.000,9999.000,9999.000,9999.000
202603141512,   0.460,9999.000,9999.000,9999.000,9999.000,9999.000,9999.000,9999.000,9999.000
202603141518,   0.428,9999.000,9999.000,9999.000,9999.000,9999.000,9999.000,9999.000,9999.000
202603141524,   0.398,9999.000,9999.000,9999.000,9999.000,9999.000,9999.000,9999.000,9999.000
202603141530,   0.370,9999.000,9999.000,9999.000,9999.000,9999.000,9999.000,9999.000,9999.000
202603141536,   0.343,9999.000,9999.000,9999.000,9999.000,9999.000,9999.000,9999.000,9999.000
202603141542,   0.319,9999.000,9999.000,9999.000,9999.000,9999.000,9999.000,9999.000,9999.000
202603141548,   0.296,9999.000,9999.000,9999.000,9999.000,9999.000,9999.000,9999.000,9999.000
202603141554,   0.275,9999.000,9999.000,9999.000,9999.000,9999.000,9999.000,9999.000,9999.000
202603141600,   0.255,9999.000,  -0.100,   0.234,   0.389,  -0.300,   0.189,   0.000,   0.489
202603141606,   0.238,9999.000,9999.000,9999.000,9999.000,9999.000,9999.000,9999.000,9999.000
202603141612,   0.223,9999.000,9999.000,9999.000,9999.000,9999.000,9999.000,9999.000,9999.000
202603141618,   0.210,9999.000,9999.000,9999.000,9999.000,9999.000,9999.000,9999.000,9999.000
202603141624,   0.198,9999.000,9999.000,9999.000,9999.000,9999.000,9999.000,9999.000,9999.000
202603141630,   0.189,9999.000,9999.000,9999.000,9999.000,9999.000,9999.000,9999.000,9999.000
202603141636,   0.182,9999.000,9999.000,9999.000,9999.000,9999.000,9999.000,9999.000,9999.000
202603141642,   0.177,9999.000,9999.000,9999.000,9999.000,9999.000,9999.000,9999.000,9999.000
202603141648,   0.174,9999.000,9999.000,9999.000,9999.000,9999.000,9999.000,9999.000,9999.000
202603141654,   0.172,9999.000,9999.000,9999.000,9999.000,9999.000,9999.000,9999.000,9999.000
202603141700,   0.173,9999.000,  -0.100,   0.234,   0.307,  -0.300,   0.107,   0.000,   0.407
202603141706,   0.176,9999.000,9999.000,9999.000,9999.000,9999.000,9999.000,9999.000,9999.000
202603141712,   0.181,9999.000,9999.000,9999.000,9999.000,9999.000,9999.000,9999.000,9999.000
202603141718,   0.187,9999.000,9999.000,9999.000,9999.000,9999.000,9999.000,9999.000,9999.000
202603141724,   0.196,9999.000,9999.000,9999.000,9999.000,9999.000,9999.000,9999.000,9999.000
202603141730,   0.206,9999.000,9999.000,9999.000,9999.000,9999.000,9999.000,9999.000,9999.000
202603141736,   0.218,9999.000,9999.000,9999.000,9999.000,9999.000,9999.000,9999.000,9999.000
202603141742,   0.232,9999.000,9999.000,9999.000,9999.000,9999.000,9999.000,9999.000,9999.000
202603141748,   0.247,9999.000,9999.000,9999.000,9999.000,9999.000,9999.000,9999.000,9999.000
202603141754,   0.264,9999.000,9999.000,9999.000,9999.000,9999.000,9999.000,9999.000,9999.000
202603141800,   0.283,9999.000,  -0.100,   0.234,   0.417,  -0.300,   0.217,   0.000,   0.517
202603141806,   0.303,9999.000,9999.000,9999.000,9999.000,9999.000,9999.000,9999.000,9999.000
202603141812,   0.325,9999.000,9999.000,9999.000,9999.000,9999.000,9999.000,9999.000,9999.000
202603141818,   0.348,9999.000,9999.000,9999.000,9999.000,9999.000,9999.000,9999.000,9999.000
202603141824,   0.372,9999.000,9999.000,9999.000,9999.000,9999.000,9999.000,9999.000,9999.000
202603141830,   0.398,9999.000,9999.000,9999.000,9999.000,9999.000,9999.000,9999.000,9999.000
202603141836,   0.425,9999.000,9999.000,9999.000,9999.000,9999.000,9999.000,9999.000,9999.000
202603141842,   0.453,9999.000,9999.000,9999.000,9999.000,9999.000,9999.000,9999.000,9999.000
202603141848,   0.483,9999.000,9999.000,9999.000,9999.000,9999.000,9999.000,9999.000,9999.000
202603141854,   0.514,9999.000,9999.000,9999.000,9999.000,9999.000,9999.000,9999.000,9999.000
202603141900,   0.545,9999.000,  -0.100,   0.234,   0.679,  -0.200,   0.579,   0.000,   0.779
202603141906,   0.578,9999.000,9999.000,9999.000,9999.000,9999.000,9999.000,9999.000,9999.000
202603141912,   0.611,9999.000,9999.000,9999.000,9999.000,9999.000,9999.000,9999.000,9999.000
202603141918,   0.645,9999.000,9999.000,9999.000,9999.000,9999.000,9999.000,9999.000,9999.000
202603141924,   0.680,9999.000,9999.000,9999.000,9999.000,9999.000,9999.000,9999.000,9999.000
202603141930,   0.716,9999.000,9999.000,9999.000,9999.000,9999.000,9999.000,9999.000,9999.000
202603141936,   0.752,9999.000,9999.000,9999.000,9999.000,9999.000,9999.000,9999.000,9999.000
202603141942,   0.789,9999.000,9999.000,9999.000,9999.000,9999.000,9999.000,9999.000,9999.000
202603141948,   0.826,9999.000,9999.000,9999.000,9999.000,9999.000,9999.000,9999.000,9999.000
202603141954,   0.863,9999.000,9999.000,9999.000,9999.000,9999.000,9999.000,9999.000,9999.000
202603142000,   0.901,9999.000,  -0.100,   0.234,   1.035,  -0.200,   0.935,   0.000,   1.135
202603142006,   0.939,9999.000,9999.000,9999.000,9999.000,9999.000,9999.000,9999.000,9999.000
202603142012,   0.976,9999.000,9999.000,9999.000,9999.000,9999.000,9999.000,9999.000,9999.000
202603142018,   1.014,9999.000,9999.000,9999.000,9999.000,9999.000,9999.000,9999.000,9999.000
202603142024,   1.051,9999.000,9999.000,9999.000,9999.000,9999.000,9999.000,9999.000,9999.000
202603142030,   1.088,9999.000,9999.000,9999.000,9999.000,9999.000,9999.000,9999.000,9999.000
202603142036,   1.124,9999.000,9999.000,9999.000,9999.000,9999.000,9999.000,9999.000,9999.000
202603142042,   1.160,9999.000,9999.000,9999.000,9999.000,9999.000,9999.000,9999.000,9999.000
202603142048,   1.195,9999.000,9999.000,9999.000,9999.000,9999.000,9999.000,9999.000,9999.000
202603142054,   1.230,9999.000,9999.000,9999.000,9999.000,9999.000,9999.000,9999.000,9999.000
202603142100,   1.263,9999.000,  -0.100,   0.234,   1.397,  -0.200,   1.297,   0.000,   1.497
202603142106,   1.296,9999.000,9999.000,9999.000,9999.000,9999.000,9999.000,9999.000,9999.000
202603142112,   1.327,9999.000,9999.000,9999.000,9999.000,9999.000,9999.000,9999.000,9999.000
202603142118,   1.358,9999.000,9999.000,9999.000,9999.000,9999.000,9999.000,9999.000,9999.000
202603142124,   1.387,9999.000,9999.000,9999.000,9999.000,9999.000,9999.000,9999.000,9999.000
202603142130,   1.414,9999.000,9999.000,9999.000,9999.000,9999.000,9999.000,9999.000,9999.000
202603142136,   1.441,9999.000,9999.000,9999.000,9999.000,9999.000,9999.000,9999.000,9999.000
202603142142,   1.465,9999.000,9999.000,9999.000,9999.000,9999.000,9999.000,9999.000,9999.000
202603142148,   1.488,9999.000,9999.000,9999.000,9999.000,9999.000,9999.000,9999.000,9999.000
202603142154,   1.509,9999.000,9999.000,9999.000,9999.000,9999.000,9999.000,9999.000,9999.000
202603142200,   1.529,9999.000,  -0.100,   0.234,   1.663,  -0.200,   1.563,   0.000,   1.763
202603142206,   1.547,9999.000,9999.000,9999.000,9999.000,9999.000,9999.000,9999.000,9999.000
202603142212,   1.563,9999.000,9999.000,9999.000,9999.000,9999.000,9999.000,9999.000,9999.000
202603142218,   1.577,9999.000,9999.000,9999.000,9999.000,9999.000,9999.000,9999.000,9999.000
202603142224,   1.589,9999.000,9999.000,9999.000,9999.000,9999.000,9999.000,9999.000,9999.000
202603142230,   1.599,9999.000,9999.000,9999.000,9999.000,9999.000,9999.000,9999.000,9999.000
202603142236,   1.608,9999.000,9999.000,9999.000,9999.000,9999.000,9999.000,9999.000,9999.000
202603142242,   1.614,9999.000,9999.000,9999.000,9999.000,9999.000,9999.000,9999.000,9999.000
202603142248,   1.618,9999.000,9999.000,9999.000,9999.000,9999.000,9999.000,9999.000,9999.000
202603142254,   1.620,9999.000,9999.000,9999.000,9999.000,9999.000,9999.000,9999.000,9999.000
202603142300,   1.621,9999.000,  -0.100,   0.234,   1.755,  -0.200,   1.655,   0.000,   1.855
202603142306,   1.619,9999.000,9999.000,9999.000,9999.000,9999.000,9999.000,9999.000,9999.000
202603142312,   1.615,9999.000,9999.000,9999.000,9999.000,9999.000,9999.000,9999.000,9999.000
202603142318,   1.610,9999.000,9999.000,9999.000,9999.000,9999.000,9999.000,9999.000,9999.000
202603142324,   1.602,9999.000,9999.000,9999.000,9999.000,9999.000,9999.000,9999.000,9999.000
202603142330,   1.593,9999.000,9999.000,9999.000,9999.000,9999.000,9999.000,9999.000,9999.000
202603142336,   1.581,9999.000,9999.000,9999.000,9999.000,9999.000,9999.000,9999.000,9999.000
202603142342,   1.568,9999.000,9999.000,9999.000,9999.000,9999.000,9999.000,9999.000,9999.000
202603142348,   1.553,9999.000,9999.000,9999.000,9999.000,9999.000,9999.000,9999.000,9999.000
202603142354,   1.536,9999.000,9999.000,9999.000,9999.000,9999.000,9999.000,9999.000,9999.000
202603150000,   1.517,9999.000,  -0.100,   0.234,   1.651,  -0.200,   1.551,   0.100,   1.851
202603150006,   1.497,9999.000,9999.000,9999.000,9999.000,9999.000,9999.000,9999.000,9999.000
202603150012,   1.475,9999.000,9999.000,9999.000,9999.000,9999.000,9999.000,9999.000,9999.000
202603150018,   1.452,9999.000,9999.000,9999.000,9999.000,9999.000,9999.000,9999.000,9999.000
202603150024,   1.426,9999.000,9999.000,9999.000,9999.000,9999.000,9999.000,9999.000,9999.000
202603150030,   1.400,9999.000,9999.000,9999.000,9999.000,9999.000,9999.000,9999.000,9999.000
202603150036,   1.371,9999.000,9999.000,9999.000,9999.000,9999.000,9999.000,9999.000,9999.000
202603150042,   1.342,9999.000,9999.000,9999.000,9999.000,9999.000,9999.000,9999.000,9999.000
202603150048,   1.311,9999.000,9999.000,9999.000,9999.000,9999.000,9999.000,9999.000,9999.000
202603150054,   1.279,9999.000,9999.000,9999.000,9999.000,9999.000,9999.000,9999.000,9999.000
202603150100,   1.245,9999.000,   0.000,   0.234,   1.479,  -0.200,   1.279,   0.100,   1.579
202603150106,   1.211,9999.000,9999.000,9999.000,9999.000,9999.000,9999.000,9999.000,9999.000
202603150112,   1.175,9999.000,9999.000,9999.000,9999.000,9999.000,9999.000,9999.000,9999.000
202603150118,   1.138,9999.000,9999.000,9999.000,9999.000,9999.000,9999.000,9999.000,9999.000
202603150124,   1.101,9999.000,9999.000,9999.000,9999.000,9999.000,9999.000,9999.000,9999.000
202603150130,   1.062,9999.000,9999.000,9999.000,9999.000,9999.000,9999.000,9999.000,9999.000
202603150136,   1.023,9999.000,9999.000,9999.000,9999.000,9999.000,9999.000,9999.000,9999.000
202603150142,   0.983,9999.000,9999.000,9999.000,9999.000,9999.000,9999.000,9999.000,9999.000
202603150148,   0.943,9999.000,9999.000,9999.000,9999.000,9999.000,9999.000,9999.000,9999.000
202603150154,   0.902,9999.000,9999.000,9999.000,9999.000,9999.000,9999.000,9999.000,9999.000
202603150200,   0.861,9999.000,   0.000,   0.234,   1.095,  -0.200,   0.895,   0.100,   1.195
202603150206,   0.820,9999.000,9999.000,9999.000,9999.000,9999.000,9999.000,9999.000,9999.000
202603150212,   0.778,9999.000,9999.000,9999.000,9999.000,9999.000,9999.000,9999.000,9999.000
202603150218,   0.737,9999.000,9999.000,9999.000,9999.000,9999.000,9999.000,9999.000,9999.000
202603150224,   0.695,9999.000,9999.000,9999.000,9999.000,9999.000,9999.000,9999.000,9999.000
202603150230,   0.654,9999.000,9999.000,9999.000,9999.000,9999.000,9999.000,9999.000,9999.000
202603150236,   0.613,9999.000,9999.000,9999.000,9999.000,9999.000,9999.000,9999.000,9999.000
202603150242,   0.573,9999.000,9999.000,9999.000,9999.000,9999.000,9999.000,9999.000,9999.000
202603150248,   0.533,9999.000,9999.000,9999.000,9999.000,9999.000,9999.000,9999.000,9999.000
202603150254,   0.494,9999.000,9999.000,9999.000,9999.000,9999.000,9999.000,9999.000,9999.000
202603150300,   0.456,9999.000,   0.000,   0.234,   0.690,  -0.200,   0.490,   0.100,   0.790
202603150306,   0.419,9999.000,9999.000,9999.000,9999.000,9999.000,9999.000,9999.000,9999.000
202603150312,   0.383,9999.000,9999.000,9999.000,9999.000,9999.000,9999.000,9999.000,9999.000
202603150318,   0.349,9999.000,9999.000,9999.000,9999.000,9999.000,9999.000,9999.000,9999.000
202603150324,   0.316,9999.000,9999.000,9999.000,9999.000,9999.000,9999.000,9999.000,9999.000
202603150330,   0.284,9999.000,9999.000,9999.000,9999.000,9999.000,9999.000,9999.000,9999.000
202603150336,   0.254,9999.000,9999.000,9999.000,9999.000,9999.000,9999.000,9999.000,9999.000
202603150342,   0.225,9999.000,9999.000,9999.000,9999.000,9999.000,9999.000,9999.000,9999.000
202603150348,   0.198,9999.000,9999.000,9999.000,9999.000,9999.000,9999.000,9999.000,9999.000
202603150354,   0.173,9999.000,9999.000,9999.000,9999.000,9999.000,9999.000,9999.000,9999.000
202603150400,   0.151,9999.000,  -0.100,   0.234,   0.285,  -0.200,   0.185,   0.100,   0.485
202603150406,   0.130,9999.000,9999.000,9999.000,9999.000,9999.000,9999.000,9999.000,9999.000
202603150412,   0.111,9999.000,9999.000,9999.000,9999.000,9999.000,9999.000,9999.000,9999.000
202603150418,   0.094,9999.000,9999.000,9999.000,9999.000,9999.000,9999.000,9999.000,9999.000
202603150424,   0.080,9999.000,9999.000,9999.000,9999.000,9999.000,9999.000,9999.000,9999.000
202603150430,   0.068,9999.000,9999.000,9999.000,9999.000,9999.000,9999.000,9999.000,9999.000
202603150436,   0.058,9999.000,9999.000,9999.000,9999.000,9999.000,9999.000,9999.000,9999.000
202603150442,   0.050,9999.000,9999.000,9999.000,9999.000,9999.000,9999.000,9999.000,9999.000
202603150448,   0.045,9999.000,9999.000,9999.000,9999.000,9999.000,9999.000,9999.000,9999.000
202603150454,   0.042,9999.000,9999.000,9999.000,9999.000,9999.000,9999.000,9999.000,9999.000
202603150500,   0.041,9999.000,   0.000,   0.234,   0.275,  -0.200,   0.075,   0.100,   0.375
202603150506,   0.042,9999.000,9999.000,9999.000,9999.000,9999.000,9999.000,9999.000,9999.000
202603150512,   0.046,9999.000,9999.000,9999.000,9999.000,9999.000,9999.000,9999.000,9999.000
202603150518,   0.052,9999.000,9999.000,9999.000,9999.000,9999.000,9999.000,9999.000,9999.000
202603150524,   0.060,9999.000,9999.000,9999.000,9999.000,9999.000,9999.000,9999.000,9999.000
202603150530,   0.071,9999.000,9999.000,9999.000,9999.000,9999.000,9999.000,9999.000,9999.000
202603150536,   0.083,9999.000,9999.000,9999.000,9999.000,9999.000,9999.000,9999.000,9999.000
202603150542,   0.098,9999.000,9999.000,9999.000,9999.000,9999.000,9999.000,9999.000,9999.000
202603150548,   0.114,9999.000,9999.000,9999.000,9999.000,9999.000,9999.000,9999.000,9999.000
202603150554,   0.133,9999.000,9999.000,9999.000,9999.000,9999.000,9999.000,9999.000,9999.000
202603150600,   0.154,9999.000,   0.000,   0.234,   0.388,  -0.200,   0.188,   0.100,   0.488
202603150606,   0.176,9999.000,9999.000,9999.000,9999.000,9999.000,9999.000,9999.000,9999.000
202603150612,   0.200,9999.000,9999.000,9999.000,9999.000,9999.000,9999.000,9999.000,9999.000
202603150618,   0.226,9999.000,9999.000,9999.000,9999.000,9999.000,9999.000,9999.000,9999.000
202603150624,   0.254,9999.000,9999.000,9999.000,9999.000,9999.000,9999.000,9999.000,9999.000
202603150630,   0.283,9999.000,9999.000,9999.000,9999.000,9999.000,9999.000,9999.000,9999.000
202603150636,   0.314,9999.000,9999.000,9999.000,9999.000,9999.000,9999.000,9999.000,9999.000
202603150642,   0.346,9999.000,9999.000,9999.000,9999.000,9999.000,9999.000,9999.000,9999.000
202603150648,   0.380,9999.000,9999.000,9999.000,9999.000,9999.000,9999.000,9999.000,9999.000
202603150654,   0.415,9999.000,9999.000,9999.000,9999.000,9999.000,9999.000,9999.000,9999.000
202603150700,   0.451,9999.000,   0.000,   0.234,   0.685,  -0.200,   0.485,   0.100,   0.785
202603150706,   0.488,9999.000,9999.000,9999.000,9999.000,9999.000,9999.000,9999.000,9999.000
202603150712,   0.527,9999.000,9999.000,9999.000,9999.000,9999.000,9999.000,9999.000,9999.000
202603150718,   0.567,9999.000,9999.000,9999.000,9999.000,9999.000,9999.000,9999.000,9999.000
202603150724,   0.607,9999.000,9999.000,9999.000,9999.000,9999.000,9999.000,9999.000,9999.000
202603150730,   0.649,9999.000,9999.000,9999.000,9999.000,9999.000,9999.000,9999.000,9999.000
202603150736,   0.691,9999.000,9999.000,9999.000,9999.000,9999.000,9999.000,9999.000,9999.000
202603150742,   0.735,9999.000,9999.000,9999.000,9999.000,9999.000,9999.000,9999.000,9999.000
202603150748,   0.779,9999.000,9999.000,9999.000,9999.000,9999.000,9999.000,9999.000,9999.000
202603150754,   0.823,9999.000,9999.000,9999.000,9999.000,9999.000,9999.000,9999.000,9999.000
202603150800,   0.868,9999.000,   0.000,   0.234,   1.102,  -0.200,   0.902,   0.100,   1.202
202603150806,   0.913,9999.000,9999.000,9999.000,9999.000,9999.000,9999.000,9999.000,9999.000
202603150812,   0.959,9999.000,9999.000,9999.000,9999.000,9999.000,9999.000,9999.000,9999.000
202603150818,   1.005,9999.000,9999.000,9999.000,9999.000,9999.000,9999.000,9999.000,9999.000
202603150824,   1.051,9999.000,9999.000,9999.000,9999.000,9999.000,9999.000,9999.000,9999.000
202603150830,   1.097,9999.000,9999.000,9999.000,9999.000,9999.000,9999.000,9999.000,9999.000
202603150836,   1.143,9999.000,9999.000,9999.000,9999.000,9999.000,9999.000,9999.000,9999.000
202603150842,   1.189,9999.000,9999.000,9999.000,9999.000,9999.000,9999.000,9999.000,9999.000
202603150848,   1.234,9999.000,9999.000,9999.000,9999.000,9999.000,9999.000,9999.000,9999.000
202603150854,   1.279,9999.000,9999.000,9999.000,9999.000,9999.000,9999.000,9999.000,9999.000
202603150900,   1.323,9999.000,   0.000,   0.234,   1.557,  -0.200,   1.357,   0.100,   1.657
202603150906,   1.367,9999.000,9999.000,9999.000,9999.000,9999.000,9999.000,9999.000,9999.000
202603150912,   1.410,9999.000,9999.000,9999.000,9999.000,9999.000,9999.000,9999.000,9999.000
202603150918,   1.452,9999.000,9999.000,9999.000,9999.000,9999.000,9999.000,9999.000,9999.000
202603150924,   1.492,9999.000,9999.000,9999.000,9999.000,9999.000,9999.000,9999.000,9999.000
202603150930,   1.532,9999.000,9999.000,9999.000,9999.000,9999.000,9999.000,9999.000,9999.000
202603150936,   1.570,9999.000,9999.000,9999.000,9999.000,9999.000,9999.000,9999.000,9999.000
202603150942,   1.607,9999.000,9999.000,9999.000,9999.000,9999.000,9999.000,9999.000,9999.000
202603150948,   1.643,9999.000,9999.000,9999.000,9999.000,9999.000,9999.000,9999.000,9999.000
202603150954,   1.677,9999.000,9999.000,9999.000,9999.000,9999.000,9999.000,9999.000,9999.000
202603151000,   1.709,9999.000,   0.000,   0.234,   1.943,  -0.100,   1.843,   0.100,   2.043
202603151006,   1.739,9999.000,9999.000,9999.000,9999.000,9999.000,9999.000,9999.000,9999.000
202603151012,   1.768,9999.000,9999.000,9999.000,9999.000,9999.000,9999.000,9999.000,9999.000
202603151018,   1.794,9999.000,9999.000,9999.000,9999.000,9999.000,9999.000,9999.000,9999.000
202603151024,   1.818,9999.000,9999.000,9999.000,9999.000,9999.000,9999.000,9999.000,9999.000
202603151030,   1.841,9999.000,9999.000,9999.000,9999.000,9999.000,9999.000,9999.000,9999.000
202603151036,   1.861,9999.000,9999.000,9999.000,9999.000,9999.000,9999.000,9999.000,9999.000
202603151042,   1.878,9999.000,9999.000,9999.000,9999.000,9999.000,9999.000,9999.000,9999.000
202603151048,   1.894,9999.000,9999.000,9999.000,9999.000,9999.000,9999.000,9999.000,9999.000
202603151054,   1.907,9999.000,9999.000,9999.000,9999.000,9999.000,9999.000,9999.000,9999.000
202603151100,   1.918,9999.000,   0.000,   0.234,   2.152,  -0.100,   2.052,   0.100,   2.252
202603151106,   1.926,9999.000,9999.000,9999.000,9999.000,9999.000,9999.000,9999.000,9999.000
202603151112,   1.932,9999.000,9999.000,9999.000,9999.000,9999.000,9999.000,9999.000,9999.000
202603151118,   1.936,9999.000,9999.000,9999.000,9999.000,9999.000,9999.000,9999.000,9999.000
202603151124,   1.937,9999.000,9999.000,9999.000,9999.000,9999.000,9999.000,9999.000,9999.000
202603151130,   1.936,9999.000,9999.000,9999.000,9999.000,9999.000,9999.000,9999.000,9999.000
202603151136,   1.933,9999.000,9999.000,9999.000,9999.000,9999.000,9999.000,9999.000,9999.000
202603151142,   1.927,9999.000,9999.000,9999.000,9999.000,9999.000,9999.000,9999.000,9999.000
202603151148,   1.919,9999.000,9999.000,9999.000,9999.000,9999.000,9999.000,9999.000,9999.000
202603151154,   1.909,9999.000,9999.000,9999.000,9999.000,9999.000,9999.000,9999.000,9999.000
202603151200,   1.896,9999.000,   0.000,   0.234,   2.130,  -0.100,   2.030,   0.200,   2.330
202603151206,   1.881,9999.000,9999.000,9999.000,9999.000,9999.000,9999.000,9999.000,9999.000
202603151212,   1.865,9999.000,9999.000,9999.000,9999.000,9999.000,9999.000,9999.000,9999.000
202603151218,   1.846,9999.000,9999.000,9999.000,9999.000,9999.000,9999.000,9999.000,9999.000
202603151224,   1.825,9999.000,9999.000,9999.000,9999.000,9999.000,9999.000,9999.000,9999.000
202603151230,   1.802,9999.000,9999.000,9999.000,9999.000,9999.000,9999.000,9999.000,9999.000
202603151236,   1.777,9999.000,9999.000,9999.000,9999.000,9999.000,9999.000,9999.000,9999.000
202603151242,   1.751,9999.000,9999.000,9999.000,9999.000,9999.000,9999.000,9999.000,9999.000
202603151248,   1.722,9999.000,9999.000,9999.000,9999.000,9999.000,9999.000,9999.000,9999.000
202603151254,   1.692,9999.000,9999.000,9999.000,9999.000,9999.000,9999.000,9999.000,9999.000
202603151300,   1.660,9999.000,   0.100,   0.234,   1.994,  -0.100,   1.794,   0.200,   2.094
202603151306,   1.627,9999.000,9999.000,9999.000,9999.000,9999.000,9999.000,9999.000,9999.000
202603151312,   1.592,9999.000,9999.000,9999.000,9999.000,9999.000,9999.000,9999.000,9999.000
202603151318,   1.556,9999.000,9999.000,9999.000,9999.000,9999.000,9999.000,9999.000,9999.000
202603151324,   1.518,9999.000,9999.000,9999.000,9999.000,9999.000,9999.000,9999.000,9999.000
202603151330,   1.479,9999.000,9999.000,9999.000,9999.000,9999.000,9999.000,9999.000,9999.000
202603151336,   1.439,9999.000,9999.000,9999.000,9999.000,9999.000,9999.000,9999.000,9999.000
202603151342,   1.398,9999.000,9999.000,9999.000,9999.000,9999.000,9999.000,9999.000,9999.000
202603151348,   1.356,9999.000,9999.000,9999.000,9999.000,9999.000,9999.000,9999.000,9999.000
202603151354,   1.312,9999.000,9999.000,9999.000,9999.000,9999.000,9999.000,9999.000,9999.000
202603151400,   1.268,9999.000,   0.100,   0.234,   1.602,   0.000,   1.502,   0.300,   1.802
202603151406,   1.223,9999.000,9999.000,9999.000,9999.000,9999.000,9999.000,9999.000,9999.000
202603151412,   1.178,9999.000,9999.000,9999.000,9999.000,9999.000,9999.000,9999.000,9999.000
202603151418,   1.132,9999.000,9999.000,9999.000,9999.000,9999.000,9999.000,9999.000,9999.000
202603151424,   1.085,9999.000,9999.000,9999.000,9999.000,9999.000,9999.000,9999.000,9999.000
202603151430,   1.038,9999.000,9999.000,9999.000,9999.000,9999.000,9999.000,9999.000,9999.000
202603151436,   0.991,9999.000,9999.000,9999.000,9999.000,9999.000,9999.000,9999.000,9999.000
202603151442,   0.943,9999.000,9999.000,9999.000,9999.000,9999.000,9999.000,9999.000,9999.000
202603151448,   0.896,9999.000,9999.000,9999.000,9999.000,9999.000,9999.000,9999.000,9999.000
202603151454,   0.848,9999.000,9999.000,9999.000,9999.000,9999.000,9999.000,9999.000,9999.000
202603151500,   0.801,9999.000,   0.100,   0.234,   1.135,   0.000,   1.035,   0.300,   1.335
202603151506,   0.754,9999.000,9999.000,9999.000,9999.000,9999.000,9999.000,9999.000,9999.000
202603151512,   0.708,9999.000,9999.000,9999.000,9999.000,9999.000,9999.000,9999.000,9999.000
202603151518,   0.663,9999.000,9999.000,9999.000,9999.000,9999.000,9999.000,9999.000,9999.000
202603151524,   0.618,9999.000,9999.000,9999.000,9999.000,9999.000,9999.000,9999.000,9999.000
202603151530,   0.574,9999.000,9999.000,9999.000,9999.000,9999.000,9999.000,9999.000,9999.000
202603151536,   0.531,9999.000,9999.000,9999.000,9999.000,9999.000,9999.000,9999.000,9999.000
202603151542,   0.489,9999.000,9999.000,9999.000,9999.000,9999.000,9999.000,9999.000,9999.000
202603151548,   0.448,9999.000,9999.000,9999.000,9999.000,9999.000,9999.000,9999.000,9999.000
202603151554,   0.409,9999.000,9999.000,9999.000,9999.000,9999.000,9999.000,9999.000,9999.000
202603151600,   0.372,9999.000,   0.100,   0.234,   0.706,   0.000,   0.606,   0.300,   0.906
202603151606,   0.336,9999.000,9999.000,9999.000,9999.000,9999.000,9999.000,9999.000,9999.000
202603151612,   0.301,9999.000,9999.000,9999.000,9999.000,9999.000,9999.000,9999.000,9999.000
202603151618,   0.269,9999.000,9999.000,9999.000,9999.000,9999.000,9999.000,9999.000,9999.000
202603151624,   0.238,9999.000,9999.000,9999.000,9999.000,9999.000,9999.000,9999.000,9999.000
202603151630,   0.210,9999.000,9999.000,9999.000,9999.000,9999.000,9999.000,9999.000,9999.000
202603151636,   0.184,9999.000,9999.000,9999.000,9999.000,9999.000,9999.000,9999.000,9999.000
202603151642,   0.160,9999.000,9999.000,9999.000,9999.000,9999.000,9999.000,9999.000,9999.000
202603151648,   0.138,9999.000,9999.000,9999.000,9999.000,9999.000,9999.000,9999.000,9999.000
202603151654,   0.118,9999.000,9999.000,9999.000,9999.000,9999.000,9999.000,9999.000,9999.000
202603151700,   0.101,9999.000,   0.200,   0.234,   0.535,   0.000,   0.335,   0.300,   0.635
202603151706,   0.086,9999.000,9999.000,9999.000,9999.000,9999.000,9999.000,9999.000,9999.000
202603151712,   0.073,9999.000,9999.000,9999.000,9999.000,9999.000,9999.000,9999.000,9999.000
202603151718,   0.063,9999.000,9999.000,9999.000,9999.000,9999.000,9999.000,9999.000,9999.000
202603151724,   0.055,9999.000,9999.000,9999.000,9999.000,9999.000,9999.000,9999.000,9999.000
202603151730,   0.050,9999.000,9999.000,9999.000,9999.000,9999.000,9999.000,9999.000,9999.000
202603151736,   0.047,9999.000,9999.000,9999.000,9999.000,9999.000,9999.000,9999.000,9999.000
202603151742,   0.046,9999.000,9999.000,9999.000,9999.000,9999.000,9999.000,9999.000,9999.000
202603151748,   0.048,9999.000,9999.000,9999.000,9999.000,9999.000,9999.000,9999.000,9999.000
202603151754,   0.052,9999.000,9999.000,9999.000,9999.000,9999.000,9999.000,9999.000,9999.000
202603151800,   0.059,9999.000,   0.200,   0.234,   0.493,   0.000,   0.293,   0.300,   0.593
202603151806,   0.067,9999.000,9999.000,9999.000,9999.000,9999.000,9999.000,9999.000,9999.000
202603151812,   0.078,9999.000,9999.000,9999.000,9999.000,9999.000,9999.000,9999.000,9999.000
202603151818,   0.091,9999.000,9999.000,9999.000,9999.000,9999.000,9999.000,9999.000,9999.000
202603151824,   0.106,9999.000,9999.000,9999.000,9999.000,9999.000,9999.000,9999.000,9999.000
202603151830,   0.123,9999.000,9999.000,9999.000,9999.000,9999.000,9999.000,9999.000,9999.000
202603151836,   0.142,9999.000,9999.000,9999.000,9999.000,9999.000,9999.000,9999.000,9999.000
202603151842,   0.163,9999.000,9999.000,9999.000,9999.000,9999.000,9999.000,9999.000,9999.000
202603151848,   0.186,9999.000,9999.000,9999.000,9999.000,9999.000,9999.000,9999.000,9999.000
202603151854,   0.210,9999.000,9999.000,9999.000,9999.000,9999.000,9999.000,9999.000,9999.000
202603151900,   0.237,9999.000,   0.200,   0.234,   0.671,   0.000,   0.471,   0.400,   0.871
202603151906,   0.265,9999.000,9999.000,9999.000,9999.000,9999.000,9999.000,9999.000,9999.000
202603151912,   0.294,9999.000,9999.000,9999.000,9999.000,9999.000,9999.000,9999.000,9999.000
202603151918,   0.325,9999.000,9999.000,9999.000,9999.000,9999.000,9999.000,9999.000,9999.000
202603151924,   0.358,9999.000,9999.000,9999.000,9999.000,9999.000,9999.000,9999.000,9999.000
202603151930,   0.392,9999.000,9999.000,9999.000,9999.000,9999.000,9999.000,9999.000,9999.000
202603151936,   0.428,9999.000,9999.000,9999.000,9999.000,9999.000,9999.000,9999.000,9999.000
202603151942,   0.464,9999.000,9999.000,9999.000,9999.000,9999.000,9999.000,9999.000,9999.000
202603151948,   0.502,9999.000,9999.000,9999.000,9999.000,9999.000,9999.000,9999.000,9999.000
202603151954,   0.541,9999.000,9999.000,9999.000,9999.000,9999.000,9999.000,9999.000,9999.000
202603152000,   0.581,9999.000,   0.200,   0.234,   1.015,   0.000,   0.815,   0.400,   1.215
202603152006,   0.623,9999.000,9999.000,9999.000,9999.000,9999.000,9999.000,9999.000,9999.000
202603152012,   0.665,9999.000,9999.000,9999.000,9999.000,9999.000,9999.000,9999.000,9999.000
202603152018,   0.708,9999.000,9999.000,9999.000,9999.000,9999.000,9999.000,9999.000,9999.000
202603152024,   0.751,9999.000,9999.000,9999.000,9999.000,9999.000,9999.000,9999.000,9999.000
202603152030,   0.795,9999.000,9999.000,9999.000,9999.000,9999.000,9999.000,9999.000,9999.000
202603152036,   0.840,9999.000,9999.000,9999.000,9999.000,9999.000,9999.000,9999.000,9999.000
202603152042,   0.886,9999.000,9999.000,9999.000,9999.000,9999.000,9999.000,9999.000,9999.000
202603152048,   0.931,9999.000,9999.000,9999.000,9999.000,9999.000,9999.000,9999.000,9999.000
202603152054,   0.977,9999.000,9999.000,9999.000,9999.000,9999.000,9999.000,9999.000,9999.000
202603152100,   1.023,9999.000,   0.200,   0.234,   1.457,   0.000,   1.257,   0.400,   1.657
202603152106,   1.069,9999.000,9999.000,9999.000,9999.000,9999.000,9999.000,9999.000,9999.000
202603152112,   1.115,9999.000,9999.000,9999.000,9999.000,9999.000,9999.000,9999.000,9999.000
202603152118,   1.160,9999.000,9999.000,9999.000,9999.000,9999.000,9999.000,9999.000,9999.000
202603152124,   1.205,9999.000,9999.000,9999.000,9999.000,9999.000,9999.000,9999.000,9999.000
202603152130,   1.250,9999.000,9999.000,9999.000,9999.000,9999.000,9999.000,9999.000,9999.000
202603152136,   1.293,9999.000,9999.000,9999.000,9999.000,9999.000,9999.000,9999.000,9999.000
202603152142,   1.336,9999.000,9999.000,9999.000,9999.000,9999.000,9999.000,9999.000,9999.000
202603152148,   1.378,9999.000,9999.000,9999.000,9999.000,9999.000,9999.000,9999.000,9999.000
202603152154,   1.419,9999.000,9999.000,9999.000,9999.000,9999.000,9999.000,9999.000,9999.000
202603152200,   1.458,9999.000,   0.200,   0.234,   1.892,   0.000,   1.692,   0.400,   2.092
202603152206,   1.497,9999.000,9999.000,9999.000,9999.000,9999.000,9999.000,9999.000,9999.000
202603152212,   1.533,9999.000,9999.000,9999.000,9999.000,9999.000,9999.000,9999.000,9999.000
202603152218,   1.568,9999.000,9999.000,9999.000,9999.000,9999.000,9999.000,9999.000,9999.000
202603152224,   1.601,9999.000,9999.000,9999.000,9999.000,9999.000,9999.000,9999.000,9999.000
202603152230,   1.632,9999.000,9999.000,9999.000,9999.000,9999.000,9999.000,9999.000,9999.000
202603152236,   1.661,9999.000,9999.000,9999.000,9999.000,9999.000,9999.000,9999.000,9999.000
202603152242,   1.688,9999.000,9999.000,9999.000,9999.000,9999.000,9999.000,9999.000,9999.000
202603152248,   1.713,9999.000,9999.000,9999.000,9999.000,9999.000,9999.000,9999.000,9999.000
202603152254,   1.735,9999.000,9999.000,9999.000,9999.000,9999.000,9999.000,9999.000,9999.000
202603152300,   1.755,9999.000,   0.200,   0.234,   2.189,   0.000,   1.989,   0.500,   2.489
202603152306,   1.773,9999.000,9999.000,9999.000,9999.000,9999.000,9999.000,9999.000,9999.000
202603152312,   1.788,9999.000,9999.000,9999.000,9999.000,9999.000,9999.000,9999.000,9999.000
202603152318,   1.801,9999.000,9999.000,9999.000,9999.000,9999.000,9999.000,9999.000,9999.000
202603152324,   1.811,9999.000,9999.000,9999.000,9999.000,9999.000,9999.000,9999.000,9999.000
202603152330,   1.818,9999.000,9999.000,9999.000,9999.000,9999.000,9999.000,9999.000,9999.000
202603152336,   1.823,9999.000,9999.000,9999.000,9999.000,9999.000,9999.000,9999.000,9999.000
202603152342,   1.825,9999.000,9999.000,9999.000,9999.000,9999.000,9999.000,9999.000,9999.000
202603152348,   1.825,9999.000,9999.000,9999.000,9999.000,9999.000,9999.000,9999.000,9999.000
202603152354,   1.822,9999.000,9999.000,9999.000,9999.000,9999.000,9999.000,9999.000,9999.000
202603160000,   1.817,9999.000,   0.200,   0.234,   2.251,   0.000,   2.051,   0.500,   2.551
