        TIME,    TIDE,      OB,   SURGE,    BIAS,     TWL,SURGE90p,  TWL90p,SURGE10p,   TWL10p
202604050600,   1.241,   1.479,   0.200,   0.038,   1.479,   0.100,   1.379,   0.200,   1.479
202604050606,   1.261,9999.000,9999.000,9999.000,9999.000,9999.000,9999.000,9999.000,9999.000
202604050612,   1.280,   1.557,9999.000,9999.000,9999.000,9999.000,9999.000,9999.000,9999.000
202604050618,   1.298,9999.000,9999.000,9999.000,9999.000,9999.000,9999.000,9999.000,9999.000
202604050624,   1.315,   1.600,9999.000,9999.000,9999.000,9999.000,9999.000,9999.000,9999.000
202604050630,   1.332,9999.000,9999.000,9999.000,9999.000,9999.000,9999.000,9999.000,9999.000
202604050636,   1.347,   1.679,9999.000,9999.000,9999.000,9999.000,9999.000,9999.000,9999.000
202604050642,   1.362,9999.000,9999.000,9999.000,9999.000,9999.000,9999.000,9999.000,9999.000
202604050648,   1.376,   1.718,9999.000,9999.000,9999.000,9999.000,9999.000,9999.000,9999.000
202604050654,   1.389,9999.000,9999.000,9999.000,9999.000,9999.000,9999.000,9999.000,9999.000
202604050700,   1.401,   1.728,   0.200,   0.127,   1.728,   0.100,   1.628,   0.300,   1.828
202604050706,   1.412,   1.767,9999.000,9999.000,9999.000,9999.000,9999.000,9999.000,9999.000
202604050712,   1.423,   1.800,9999.000,9999.000,9999.000,9999.000,9999.000,9999.000,9999.000
202604050718,   1.433,   1.840,9999.000,9999.000,9999.000,9999.000,9999.000,9999.000,9999.000
202604050724,   1.442,   1.908,9999.000,9999.000,9999.000,9999.000,9999.000,9999.000,9999.000
202604050730,   1.450,   1.830,9999.000,9999.000,9999.000,9999.000,9999.000,9999.000,9999.000
202604050736,   1.458,   1.840,9999.000,9999.000,9999.000,9999.000,9999.000,9999.000,9999.000
202604050742,   1.464,   1.889,9999.000,9999.000,9999.000,9999.000,9999.000,9999.000,9999.000
202604050748,   1.469,   1.879,9999.000,9999.000,9999.000,9999.000,9999.000,9999.000,9999.000
202604050754,   1.474,   1.879,9999.000,9999.000,9999.000,9999.000,9999.000,9999.000,9999.000
202604050800,   1.477,   1.859,   0.200,   0.182,   1.859,   0.100,   1.759,   0.300,   1.959
202604050806,   1.479,   1.918,9999.000,9999.000,9999.000,9999.000,9999.000,9999.000,9999.000
202604050812,   1.480,   1.820,9999.000,9999.000,9999.000,9999.000,9999.000,9999.000,9999.000
202604050818,   1.479,   1.938,9999.000,9999.000,9999.000,9999.000,9999.000,9999.000,9999.000
202604050824,   1.476,   1.849,9999.000,9999.000,9999.000,9999.000,9999.000,9999.000,9999.000
202604050830,   1.473,   1.869,9999.000,9999.000,9999.000,9999.000,9999.000,9999.000,9999.000
202604050836,   1.467,   1.938,9999.000,9999.000,9999.000,9999.000,9999.000,9999.000,9999.000
202604050842,   1.460,   1.869,9999.000,9999.000,9999.000,9999.000,9999.000,9999.000,9999.000
202604050848,   1.451,   1.928,9999.000,9999.000,9999.000,9999.000,9999.000,9999.000,9999.000
202604050854,   1.441,   1.849,9999.000,9999.000,9999.000,9999.000,9999.000,9999.000,9999.000
202604050900,   1.428,   1.840,   0.200,   0.212,   1.840,   0.100,   1.740,   0.300,   1.940
202604050906,   1.414,   1.948,9999.000,9999.000,9999.000,9999.000,9999.000,9999.000,9999.000
202604050912,   1.398,   1.869,9999.000,9999.000,9999.000,9999.000,9999.000,9999.000,9999.000
202604050918,   1.380,   1.820,9999.000,9999.000,9999.000,9999.000,9999.000,9999.000,9999.000
202604050924,   1.361,   1.820,9999.000,9999.000,9999.000,9999.000,9999.000,9999.000,9999.000
202604050930,   1.340,   1.810,9999.000,9999.000,9999.000,9999.000,9999.000,9999.000,9999.000
202604050936,   1.317,   1.840,9999.000,9999.000,9999.000,9999.000,9999.000,9999.000,9999.000
202604050942,   1.293,   1.699,9999.000,9999.000,9999.000,9999.000,9999.000,9999.000,9999.000
202604050948,   1.268,   1.699,9999.000,9999.000,9999.000,9999.000,9999.000,9999.000,9999.000
202604050954,   1.241,   1.649,9999.000,9999.000,9999.000,9999.000,9999.000,9999.000,9999.000
202604051000,   1.214,   1.659,   0.200,   0.245,   1.659,   0.100,   1.559,   0.300,   1.759
202604051006,   1.185,   1.620,9999.000,9999.000,9999.000,9999.000,9999.000,9999.000,9999.000
202604051012,   1.155,   1.630,9999.000,9999.000,9999.000,9999.000,9999.000,9999.000,9999.000
202604051018,   1.125,   1.489,9999.000,9999.000,9999.000,9999.000,9999.000,9999.000,9999.000
202604051024,   1.094,   1.538,9999.000,9999.000,9999.000,9999.000,9999.000,9999.000,9999.000
202604051030,   1.063,   1.430,9999.000,9999.000,9999.000,9999.000,9999.000,9999.000,9999.000
202604051036,   1.032,   1.489,9999.000,9999.000,9999.000,9999.000,9999.000,9999.000,9999.000
202604051042,   1.001,   1.439,9999.000,9999.000,9999.000,9999.000,9999.000,9999.000,9999.000
202604051048,   0.969,   1.348,9999.000,9999.000,9999.000,9999.000,9999.000,9999.000,9999.000
202604051054,   0.938,   1.380,9999.000,9999.000,9999.000,9999.000,9999.000,9999.000,9999.000
202604051100,   0.908,   1.338,   0.200,   0.230,   1.338,   0.100,   1.238,   0.300,   1.438
202604051106,   0.878,   1.289,9999.000,9999.000,9999.000,9999.000,9999.000,9999.000,9999.000
202604051112,   0.848,   1.220,9999.000,9999.000,9999.000,9999.000,9999.000,9999.000,9999.000
202604051118,   0.819,   1.180,9999.000,9999.000,9999.000,9999.000,9999.000,9999.000,9999.000
202604051124,   0.791,   1.151,9999.000,9999.000,9999.000,9999.000,9999.000,9999.000,9999.000
202604051130,   0.764,   1.088,9999.000,9999.000,9999.000,9999.000,9999.000,9999.000,9999.000
202604051136,   0.737,   1.118,9999.000,9999.000,9999.000,9999.000,9999.000,9999.000,9999.000
202604051142,   0.712,   1.000,9999.000,9999.000,9999.000,9999.000,9999.000,9999.000,9999.000
202604051148,   0.687,   1.039,9999.000,9999.000,9999.000,9999.000,9999.000,9999.000,9999.000
202604051154,   0.663,   0.961,9999.000,9999.000,9999.000,9999.000,9999.000,9999.000,9999.000
202604051200,   0.640,   0.980,   0.200,   0.140,   0.980,   0.100,   0.880,   0.300,   1.080
202604051206,   0.618,   0.918,9999.000,9999.000,9999.000,9999.000,9999.000,9999.000,9999.000
202604051212,   0.597,   0.819,9999.000,9999.000,9999.000,9999.000,9999.000,9999.000,9999.000
202604051218,   0.577,   0.859,9999.000,9999.000,9999.000,9999.000,9999.000,9999.000,9999.000
202604051224,   0.558,   0.849,9999.000,9999.000,9999.000,9999.000,9999.000,9999.000,9999.000
202604051230,   0.539,   0.869,9999.000,9999.000,9999.000,9999.000,9999.000,9999.000,9999.000
202604051236,   0.521,   0.829,9999.000,9999.000,9999.000,9999.000,9999.000,9999.000,9999.000
202604051242,   0.504,   0.819,9999.000,9999.000,9999.000,9999.000,9999.000,9999.000,9999.000
202604051248,   0.487,   0.731,9999.000,9999.000,9999.000,9999.000,9999.000,9999.000,9999.000
202604051254,   0.471,   0.678,9999.000,9999.000,9999.000,9999.000,9999.000,9999.000,9999.000
202604051300,   0.455,   0.708,   0.200,   0.053,   0.708,   0.100,   0.608,   0.300,   0.808
202604051306,   0.440,   0.669,9999.000,9999.000,9999.000,9999.000,9999.000,9999.000,9999.000
202604051312,   0.426,   0.619,9999.000,9999.000,9999.000,9999.000,9999.000,9999.000,9999.000
202604051318,   0.412,   0.629,9999.000,9999.000,9999.000,9999.000,9999.000,9999.000,9999.000
202604051324,   0.399,   0.649,9999.000,9999.000,9999.000,9999.000,9999.000,9999.000,9999.000
202604051330,   0.386,   0.498,9999.000,9999.000,9999.000,9999.000,9999.000,9999.000,9999.000
202604051336,   0.374,   0.580,9999.000,9999.000,9999.000,9999.000,9999.000,9999.000,9999.000
202604051342,   0.363,   0.551,9999.000,9999.000,9999.000,9999.000,9999.000,9999.000,9999.000
202604051348,   0.352,   0.610,9999.000,9999.000,9999.000,9999.000,9999.000,9999.000,9999.000
202604051354,   0.343,   0.580,9999.000,9999.000,9999.000,9999.000,9999.000,9999.000,9999.000
202604051400,   0.334,   0.508,   0.200,  -0.026,   0.508,   0.100,   0.408,   0.300,   0.608
202604051406,   0.326,   0.518,9999.000,9999.000,9999.000,9999.000,9999.000,9999.000,9999.000
202604051412,   0.319,   0.541,9999.000,9999.000,9999.000,9999.000,9999.000,9999.000,9999.000
202604051418,   0.313,   0.531,9999.000,9999.000,9999.000,9999.000,9999.000,9999.000,9999.000
202604051424,   0.309,   0.531,9999.000,9999.000,9999.000,9999.000,9999.000,9999.000,9999.000
202604051430,   0.306,   0.541,9999.000,9999.000,9999.000,9999.000,9999.000,9999.000,9999.000
202604051436,   0.304,   0.478,9999.000,9999.000,9999.000,9999.000,9999.000,9999.000,9999.000
202604051442,   0.304,   0.478,9999.000,9999.000,9999.000,9999.000,9999.000,9999.000,9999.000
202604051448,   0.305,   0.531,9999.000,9999.000,9999.000,9999.000,9999.000,9999.000,9999.000
202604051454,   0.308,   0.551,9999.000,9999.000,9999.000,9999.000,9999.000,9999.000,9999.000
202604051500,   0.313,   0.478,   0.300,  -0.135,   0.478,   0.200,   0.378,   0.300,   0.478
202604051506,   0.319,   0.551,9999.000,9999.000,9999.000,9999.000,9999.000,9999.000,9999.000
202604051512,   0.327,   0.541,9999.000,9999.000,9999.000,9999.000,9999.000,9999.000,9999.000
202604051518,   0.337,   0.560,9999.000,9999.000,9999.000,9999.000,9999.000,9999.000,9999.000
202604051524,   0.348,   0.580,9999.000,9999.000,9999.000,9999.000,9999.000,9999.000,9999.000
202604051530,   0.362,   0.659,9999.000,9999.000,9999.000,9999.000,9999.000,9999.000,9999.000
202604051536,   0.376,   0.590,9999.000,9999.000,9999.000,9999.000,9999.000,9999.000,9999.000
202604051542,   0.393,   0.678,9999.000,9999.000,9999.000,9999.000,9999.000,9999.000,9999.000
202604051548,   0.411,   0.678,9999.000,9999.000,9999.000,9999.000,9999.000,9999.000,9999.000
202604051554,   0.431,   0.678,9999.000,9999.000,9999.000,9999.000,9999.000,9999.000,9999.000
202604051600,   0.452,   0.698,   0.300,  -0.054,   0.698,   0.200,   0.598,   0.300,   0.698
202604051606,   0.474,   0.741,9999.000,9999.000,9999.000,9999.000,9999.000,9999.000,9999.000
202604051612,   0.497,   0.790,9999.000,9999.000,9999.000,9999.000,9999.000,9999.000,9999.000
202604051618,   0.521,   0.760,9999.000,9999.000,9999.000,9999.000,9999.000,9999.000,9999.000
202604051624,   0.546,   0.829,9999.000,9999.000,9999.000,9999.000,9999.000,9999.000,9999.000
202604051630,   0.572,   0.859,9999.000,9999.000,9999.000,9999.000,9999.000,9999.000,9999.000
202604051636,   0.598,   0.908,9999.000,9999.000,9999.000,9999.000,9999.000,9999.000,9999.000
202604051642,   0.625,   0.951,9999.000,9999.000,9999.000,9999.000,9999.000,9999.000,9999.000
202604051648,   0.651,   0.990,9999.000,9999.000,9999.000,9999.000,9999.000,9999.000,9999.000
202604051654,   0.678,   1.020,9999.000,9999.000,9999.000,9999.000,9999.000,9999.000,9999.000
202604051700,   0.705,   1.029,   0.200,   0.124,   1.029,   0.200,   1.029,   0.300,   1.129
202604051706,   0.731,   1.039,9999.000,9999.000,9999.000,9999.000,9999.000,9999.000,9999.000
202604051712,   0.757,   1.108,9999.000,9999.000,9999.000,9999.000,9999.000,9999.000,9999.000
202604051718,   0.783,   1.108,9999.000,9999.000,9999.000,9999.000,9999.000,9999.000,9999.000
202604051724,   0.808,   1.170,9999.000,9999.000,9999.000,9999.000,9999.000,9999.000,9999.000
202604051730,   0.832,   1.190,9999.000,9999.000,9999.000,9999.000,9999.000,9999.000,9999.000
202604051736,   0.856,   1.200,9999.000,9999.000,9999.000,9999.000,9999.000,9999.000,9999.000
202604051742,   0.878,   1.229,9999.000,9999.000,9999.000,9999.000,9999.000,9999.000,9999.000
202604051748,   0.900,   1.269,9999.000,9999.000,9999.000,9999.000,9999.000,9999.000,9999.000
202604051754,   0.921,   1.390,9999.000,9999.000,9999.000,9999.000,9999.000,9999.000,9999.000
202604051800,   0.941,   1.380,   0.300,   0.139,   1.380,   0.100,   1.180,   0.400,   1.480
202604051806,   0.960,   1.469,9999.000,9999.000,9999.000,9999.000,9999.000,9999.000,9999.000
202604051812,   0.978,   1.439,9999.000,9999.000,9999.000,9999.000,9999.000,9999.000,9999.000
202604051818,   0.995,   1.390,9999.000,9999.000,9999.000,9999.000,9999.000,9999.000,9999.000
202604051824,   1.012,   1.380,9999.000,9999.000,9999.000,9999.000,9999.000,9999.000,9999.000
202604051830,   1.027,   1.489,9999.000,9999.000,9999.000,9999.000,9999.000,9999.000,9999.000
202604051836,   1.042,   1.489,9999.000,9999.000,9999.000,9999.000,9999.000,9999.000,9999.000
202604051842,   1.056,   1.590,9999.000,9999.000,9999.000,9999.000,9999.000,9999.000,9999.000
202604051848,   1.069,   1.669,9999.000,9999.000,9999.000,9999.000,9999.000,9999.000,9999.000
202604051854,   1.081,   1.630,9999.000,9999.000,9999.000,9999.000,9999.000,9999.000,9999.000
202604051900,   1.093,   1.639,   0.300,   0.246,   1.639,   0.100,   1.439,   0.400,   1.739
202604051906,   1.104,   1.639,9999.000,9999.000,9999.000,9999.000,9999.000,9999.000,9999.000
202604051912,   1.115,   1.738,9999.000,9999.000,9999.000,9999.000,9999.000,9999.000,9999.000
202604051918,   1.125,   1.820,9999.000,9999.000,9999.000,9999.000,9999.000,9999.000,9999.000
202604051924,   1.134,   1.830,9999.000,9999.000,9999.000,9999.000,9999.000,9999.000,9999.000
202604051930,   1.143,   1.738,9999.000,9999.000,9999.000,9999.000,9999.000,9999.000,9999.000
202604051936,   1.151,   1.758,9999.000,9999.000,9999.000,9999.000,9999.000,9999.000,9999.000
202604051942,   1.158,   1.728,9999.000,9999.000,9999.000,9999.000,9999.000,9999.000,9999.000
202604051948,   1.165,   1.728,9999.000,9999.000,9999.000,9999.000,9999.000,9999.000,9999.000
202604051954,   1.172,   1.849,9999.000,9999.000,9999.000,9999.000,9999.000,9999.000,9999.000
202604052000,   1.177,   1.849,   0.300,   0.372,   1.849,   0.100,   1.649,   0.400,   1.949
202604052006,   1.182,   1.849,9999.000,9999.000,9999.000,9999.000,9999.000,9999.000,9999.000
202604052012,   1.186,   1.869,9999.000,9999.000,9999.000,9999.000,9999.000,9999.000,9999.000
202604052018,   1.189,   1.889,9999.000,9999.000,9999.000,9999.000,9999.000,9999.000,9999.000
202604052024,   1.190,   1.928,9999.000,9999.000,9999.000,9999.000,9999.000,9999.000,9999.000
202604052030,   1.191,   1.958,9999.000,9999.000,9999.000,9999.000,9999.000,9999.000,9999.000
202604052036,   1.190,   1.958,9999.000,9999.000,9999.000,9999.000,9999.000,9999.000,9999.000
202604052042,   1.188,   1.938,9999.000,9999.000,9999.000,9999.000,9999.000,9999.000,9999.000
202604052048,   1.185,   1.908,9999.000,9999.000,9999.000,9999.000,9999.000,9999.000,9999.000
202604052054,   1.180,   1.879,9999.000,9999.000,9999.000,9999.000,9999.000,9999.000,9999.000
202604052100,   1.174,   1.879,   0.300,   0.405,   1.879,   0.200,   1.779,   0.400,   1.979
202604052106,   1.166,   1.849,9999.000,9999.000,9999.000,9999.000,9999.000,9999.000,9999.000
202604052112,   1.157,   1.849,9999.000,9999.000,9999.000,9999.000,9999.000,9999.000,9999.000
202604052118,   1.145,   1.859,9999.000,9999.000,9999.000,9999.000,9999.000,9999.000,9999.000
202604052124,   1.132,   1.879,9999.000,9999.000,9999.000,9999.000,9999.000,9999.000,9999.000
202604052130,   1.117,   1.908,9999.000,9999.000,9999.000,9999.000,9999.000,9999.000,9999.000
202604052136,   1.101,   1.990,9999.000,9999.000,9999.000,9999.000,9999.000,9999.000,9999.000
202604052142,   1.083,   2.020,9999.000,9999.000,9999.000,9999.000,9999.000,9999.000,9999.000
202604052148,   1.063,   2.010,9999.000,9999.000,9999.000,9999.000,9999.000,9999.000,9999.000
202604052154,   1.041,   2.020,9999.000,9999.000,9999.000,9999.000,9999.000,9999.000,9999.000
202604052200,   1.018,   2.040,   0.300,   0.722,   2.040,   0.200,   1.940,   0.400,   2.140
202604052206,   0.994,   2.030,9999.000,9999.000,9999.000,9999.000,9999.000,9999.000,9999.000
202604052212,   0.968,   2.010,9999.000,9999.000,9999.000,9999.000,9999.000,9999.000,9999.000
202604052218,   0.941,   1.958,9999.000,9999.000,9999.000,9999.000,9999.000,9999.000,9999.000
202604052224,   0.913,   1.889,9999.000,9999.000,9999.000,9999.000,9999.000,9999.000,9999.000
202604052230,   0.884,   1.879,9999.000,9999.000,9999.000,9999.000,9999.000,9999.000,9999.000
202604052236,   0.855,   1.859,9999.000,9999.000,9999.000,9999.000,9999.000,9999.000,9999.000
202604052242,   0.825,   1.840,9999.000,9999.000,9999.000,9999.000,9999.000,9999.000,9999.000
202604052248,   0.794,   1.840,9999.000,9999.000,9999.000,9999.000,9999.000,9999.000,9999.000
202604052254,   0.763,   1.800,9999.000,9999.000,9999.000,9999.000,9999.000,9999.000,9999.000
202604052300,   0.732,   1.767,   0.300,   0.735,   1.767,   0.200,   1.667,   0.400,   1.867
202604052306,   0.702,   1.748,9999.000,9999.000,9999.000,9999.000,9999.000,9999.000,9999.000
202604052312,   0.671,   1.708,9999.000,9999.000,9999.000,9999.000,9999.000,9999.000,9999.000
202604052318,   0.641,   1.679,9999.000,9999.000,9999.000,9999.000,9999.000,9999.000,9999.000
202604052324,   0.611,   1.639,9999.000,9999.000,9999.000,9999.000,9999.000,9999.000,9999.000
202604052330,   0.583,   1.600,9999.000,9999.000,9999.000,9999.000,9999.000,9999.000,9999.000
202604052336,   0.554,   1.518,9999.000,9999.000,9999.000,9999.000,9999.000,9999.000,9999.000
202604052342,   0.527,   1.459,9999.000,9999.000,9999.000,9999.000,9999.000,9999.000,9999.000
202604052348,   0.501,   1.420,9999.000,9999.000,9999.000,9999.000,9999.000,9999.000,9999.000
202604052354,   0.476,   1.348,9999.000,9999.000,9999.000,9999.000,9999.000,9999.000,9999.000
202604060000,   0.452,   1.338,   0.400,   0.486,   1.338,   0.300,   1.238,   0.500,   1.438
202604060006,   0.429,   1.318,9999.000,9999.000,9999.000,9999.000,9999.000,9999.000,9999.000
202604060012,   0.408,   1.279,9999.000,9999.000,9999.000,9999.000,9999.000,9999.000,9999.000
202604060018,   0.388,   1.259,9999.000,9999.000,9999.000,9999.000,9999.000,9999.000,9999.000
202604060024,   0.368,   1.229,9999.000,9999.000,9999.000,9999.000,9999.000,9999.000,9999.000
202604060030,   0.351,   1.190,9999.000,9999.000,9999.000,9999.000,9999.000,9999.000,9999.000
202604060036,   0.334,   1.180,9999.000,9999.000,9999.000,9999.000,9999.000,9999.000,9999.000
202604060042,   0.319,   1.161,9999.000,9999.000,9999.000,9999.000,9999.000,9999.000,9999.000
202604060048,   0.305,   1.151,9999.000,9999.000,9999.000,9999.000,9999.000,9999.000,9999.000
202604060054,   0.292,   1.151,9999.000,9999.000,9999.000,9999.000,9999.000,9999.000,9999.000
202604060100,   0.280,   1.088,   0.400,   0.408,   1.088,   0.300,   0.988,   0.500,   1.188
202604060106,   0.269,   1.069,9999.000,9999.000,9999.000,9999.000,9999.000,9999.000,9999.000
202604060112,   0.259,   1.059,9999.000,9999.000,9999.000,9999.000,9999.000,9999.000,9999.000
202604060118,   0.250,   1.000,9999.000,9999.000,9999.000,9999.000,9999.000,9999.000,9999.000
202604060124,   0.242,   1.000,9999.000,9999.000,9999.000,9999.000,9999.000,9999.000,9999.000
202604060130,   0.235,   0.990,9999.000,9999.000,9999.000,9999.000,9999.000,9999.000,9999.000
202604060136,   0.229,   0.951,9999.000,9999.000,9999.000,9999.000,9999.000,9999.000,9999.000
202604060142,   0.224,   0.928,9999.000,9999.000,9999.000,9999.000,9999.000,9999.000,9999.000
202604060148,   0.220,   0.928,9999.000,9999.000,9999.000,9999.000,9999.000,9999.000,9999.000
202604060154,   0.217,   0.859,9999.000,9999.000,9999.000,9999.000,9999.000,9999.000,9999.000
202604060200,   0.214,   0.888,   0.400,   0.274,   0.888,   0.300,   0.788,   0.500,   0.988
202604060206,   0.213,   0.869,9999.000,9999.000,9999.000,9999.000,9999.000,9999.000,9999.000
202604060212,   0.213,   0.859,9999.000,9999.000,9999.000,9999.000,9999.000,9999.000,9999.000
202604060218,   0.213,   0.829,9999.000,9999.000,9999.000,9999.000,9999.000,9999.000,9999.000
202604060224,   0.215,   0.849,9999.000,9999.000,9999.000,9999.000,9999.000,9999.000,9999.000
202604060230,   0.218,   0.819,9999.000,9999.000,9999.000,9999.000,9999.000,9999.000,9999.000
202604060236,   0.223,   0.800,9999.000,9999.000,9999.000,9999.000,9999.000,9999.000,9999.000
202604060242,   0.228,   0.859,9999.000,9999.000,9999.000,9999.000,9999.000,9999.000,9999.000
202604060248,   0.235,   0.839,9999.000,9999.000,9999.000,9999.000,9999.000,9999.000,9999.000
202604060254,   0.244,   0.780,9999.000,9999.000,9999.000,9999.000,9999.000,9999.000,9999.000
202604060300,   0.254,   0.790,   0.400,   0.136,   0.790,   0.300,   0.690,   0.400,   0.790
202604060306,   0.265,   0.770,9999.000,9999.000,9999.000,9999.000,9999.000,9999.000,9999.000
202604060312,   0.279,   0.760,9999.000,9999.000,9999.000,9999.000,9999.000,9999.000,9999.000
202604060318,   0.293,   0.760,9999.000,9999.000,9999.000,9999.000,9999.000,9999.000,9999.000
202604060324,   0.310,   0.718,9999.000,9999.000,9999.000,9999.000,9999.000,9999.000,9999.000
202604060330,   0.328,   0.708,9999.000,9999.000,9999.000,9999.000,9999.000,9999.000,9999.000
202604060336,   0.348,   0.678,9999.000,9999.000,9999.000,9999.000,9999.000,9999.000,9999.000
202604060342,   0.370,   0.659,9999.000,9999.000,9999.000,9999.000,9999.000,9999.000,9999.000
202604060348,   0.393,   0.698,9999.000,9999.000,9999.000,9999.000,9999.000,9999.000,9999.000
202604060354,   0.418,   0.678,9999.000,9999.000,9999.000,9999.000,9999.000,9999.000,9999.000
202604060400,   0.444,   0.698,   0.300,  -0.046,   0.698,   0.300,   0.698,   0.400,   0.798
202604060406,   0.472,   0.688,9999.000,9999.000,9999.000,9999.000,9999.000,9999.000,9999.000
202604060412,   0.501,   0.760,9999.000,9999.000,9999.000,9999.000,9999.000,9999.000,9999.000
202604060418,   0.531,   0.780,9999.000,9999.000,9999.000,9999.000,9999.000,9999.000,9999.000
202604060424,   0.563,   0.780,9999.000,9999.000,9999.000,9999.000,9999.000,9999.000,9999.000
202604060430,   0.595,   0.790,9999.000,9999.000,9999.000,9999.000,9999.000,9999.000,9999.000
202604060436,   0.628,   0.790,9999.000,9999.000,9999.000,9999.000,9999.000,9999.000,9999.000
202604060442,   0.662,   0.819,9999.000,9999.000,9999.000,9999.000,9999.000,9999.000,9999.000
202604060448,   0.697,   0.869,9999.000,9999.000,9999.000,9999.000,9999.000,9999.000,9999.000
202604060454,   0.732,   0.928,9999.000,9999.000,9999.000,9999.000,9999.000,9999.000,9999.000
202604060500,   0.767,   0.928,   0.300,  -0.139,   0.928,   0.200,   0.828,   0.400,   1.028
202604060506,   0.802,   0.970,9999.000,9999.000,9999.000,9999.000,9999.000,9999.000,9999.000
202604060512,   0.836,   1.059,9999.000,9999.000,9999.000,9999.000,9999.000,9999.000,9999.000
202604060518,   0.871,   1.098,9999.000,9999.000,9999.000,9999.000,9999.000,9999.000,9999.000
202604060524,   0.904,   1.151,9999.000,9999.000,9999.000,9999.000,9999.000,9999.000,9999.000
202604060530,   0.938,   1.210,9999.000,9999.000,9999.000,9999.000,9999.000,9999.000,9999.000
202604060536,   0.970,   1.200,9999.000,9999.000,9999.000,9999.000,9999.000,9999.000,9999.000
202604060542,   1.002,   1.289,9999.000,9999.000,9999.000,9999.000,9999.000,9999.000,9999.000
202604060548,   1.032,   1.318,9999.000,9999.000,9999.000,9999.000,9999.000,9999.000,9999.000
202604060554,   1.061,   1.318,9999.000,9999.000,9999.000,9999.000,9999.000,9999.000,9999.000
202604060600,   1.089,   1.318,   0.300,  -0.071,   1.318,   0.200,   1.218,   0.400,   1.418
202604060606,   1.116,   1.328,9999.000,9999.000,9999.000,9999.000,9999.000,9999.000,9999.000
202604060612,   1.142,   1.380,9999.000,9999.000,9999.000,9999.000,9999.000,9999.000,9999.000
202604060618,   1.166,   1.410,9999.000,9999.000,9999.000,9999.000,9999.000,9999.000,9999.000
202604060624,   1.189,   1.430,9999.000,9999.000,9999.000,9999.000,9999.000,9999.000,9999.000
202604060630,   1.210,   1.469,9999.000,9999.000,9999.000,9999.000,9999.000,9999.000,9999.000
202604060636,   1.230,   1.459,9999.000,9999.000,9999.000,9999.000,9999.000,9999.000,9999.000
202604060642,   1.249,   1.489,9999.000,9999.000,9999.000,9999.000,9999.000,9999.000,9999.000
202604060648,   1.266,   1.548,9999.000,9999.000,9999.000,9999.000,9999.000,9999.000,9999.000
202604060654,   1.283,   1.538,9999.000,9999.000,9999.000,9999.000,9999.000,9999.000,9999.000
202604060700,   1.298,   1.548,   0.300,  -0.050,   1.548,   0.200,   1.448,   0.400,   1.648
202604060706,   1.312,   1.590,9999.000,9999.000,9999.000,9999.000,9999.000,9999.000,9999.000
202604060712,   1.325,   1.590,9999.000,9999.000,9999.000,9999.000,9999.000,9999.000,9999.000
202604060718,   1.336,   1.600,9999.000,9999.000,9999.000,9999.000,9999.000,9999.000,9999.000
202604060724,   1.347,   1.620,9999.000,9999.000,9999.000,9999.000,9999.000,9999.000,9999.000
202604060730,   1.357,   1.620,9999.000,9999.000,9999.000,9999.000,9999.000,9999.000,9999.000
202604060736,   1.367,   1.620,9999.000,9999.000,9999.000,9999.000,9999.000,9999.000,9999.000
202604060742,   1.375,   1.669,9999.000,9999.000,9999.000,9999.000,9999.000,9999.000,9999.000
202604060748,   1.383,   1.600,9999.000,9999.000,9999.000,9999.000,9999.000,9999.000,9999.000
202604060754,   1.390,   1.600,9999.000,9999.000,9999.000,9999.000,9999.000,9999.000,9999.000
202604060800,   1.396,   1.557,   0.300,  -0.139,   1.557,   0.200,   1.457,   0.400,   1.657
202604060806,   1.401,   1.620,9999.000,9999.000,9999.000,9999.000,9999.000,9999.000,9999.000
202604060812,   1.406,   1.538,9999.000,9999.000,9999.000,9999.000,9999.000,9999.000,9999.000
202604060818,   1.410,   1.548,9999.000,9999.000,9999.000,9999.000,9999.000,9999.000,9999.000
202604060824,   1.414,   1.538,9999.000,9999.000,9999.000,9999.000,9999.000,9999.000,9999.000
202604060830,   1.416,   1.571,9999.000,9999.000,9999.000,9999.000,9999.000,9999.000,9999.000
202604060836,   1.418,   1.479,9999.000,9999.000,9999.000,9999.000,9999.000,9999.000,9999.000
202604060842,   1.418,   1.498,9999.000,9999.000,9999.000,9999.000,9999.000,9999.000,9999.000
202604060848,   1.418,   1.508,9999.000,9999.000,9999.000,9999.000,9999.000,9999.000,9999.000
202604060854,   1.416,   1.538,9999.000,9999.000,9999.000,9999.000,9999.000,9999.000,9999.000
202604060900,   1.414,   1.498,   0.200,  -0.116,   1.498,   0.100,   1.398,   0.300,   1.598
202604060906,   1.410,   1.518,9999.000,9999.000,9999.000,9999.000,9999.000,9999.000,9999.000
202604060912,   1.405,   1.548,9999.000,9999.000,9999.000,9999.000,9999.000,9999.000,9999.000
202604060918,   1.399,   1.538,9999.000,9999.000,9999.000,9999.000,9999.000,9999.000,9999.000
202604060924,   1.391,   1.557,9999.000,9999.000,9999.000,9999.000,9999.000,9999.000,9999.000
202604060930,   1.382,   1.620,9999.000,9999.000,9999.000,9999.000,9999.000,9999.000,9999.000
202604060936,   1.371,   1.571,9999.000,9999.000,9999.000,9999.000,9999.000,9999.000,9999.000
202604060942,   1.359,   1.600,9999.000,9999.000,9999.000,9999.000,9999.000,9999.000,9999.000
202604060948,   1.345,   1.571,9999.000,9999.000,9999.000,9999.000,9999.000,9999.000,9999.000
202604060954,   1.330,   1.630,9999.000,9999.000,9999.000,9999.000,9999.000,9999.000,9999.000
202604061000,   1.313,   1.548,   0.200,   0.035,   1.548,   0.100,   1.448,   0.300,   1.648
202604061006,   1.294,   1.548,9999.000,9999.000,9999.000,9999.000,9999.000,9999.000,9999.000
202604061012,   1.274,   1.528,9999.000,9999.000,9999.000,9999.000,9999.000,9999.000,9999.000
202604061018,   1.253,   1.489,9999.000,9999.000,9999.000,9999.000,9999.000,9999.000,9999.000
202604061024,   1.230,   1.469,9999.000,9999.000,9999.000,9999.000,9999.000,9999.000,9999.000
202604061030,   1.206,   1.410,9999.000,9999.000,9999.000,9999.000,9999.000,9999.000,9999.000
202604061036,   1.181,   1.308,9999.000,9999.000,9999.000,9999.000,9999.000,9999.000,9999.000
202604061042,   1.155,   1.289,9999.000,9999.000,9999.000,9999.000,9999.000,9999.000,9999.000
202604061048,   1.128,   1.249,9999.000,9999.000,9999.000,9999.000,9999.000,9999.000,9999.000
202604061054,   1.100,   1.220,9999.000,9999.000,9999.000,9999.000,9999.000,9999.000,9999.000
202604061100,   1.071,   1.161,   0.200,  -0.110,   1.161,   0.100,   1.061,   0.200,   1.161
202604061106,   1.042,   1.151,9999.000,9999.000,9999.000,9999.000,9999.000,9999.000,9999.000
202604061112,   1.012,   1.098,9999.000,9999.000,9999.000,9999.000,9999.000,9999.000,9999.000
202604061118,   0.982,   1.029,9999.000,9999.000,9999.000,9999.000,9999.000,9999.000,9999.000
202604061124,   0.953,   0.961,9999.000,9999.000,9999.000,9999.000,9999.000,9999.000,9999.000
202604061130,   0.923,   0.928,9999.000,9999.000,9999.000,9999.000,9999.000,9999.000,9999.000
202604061136,   0.893,   0.898,9999.000,9999.000,9999.000,9999.000,9999.000,9999.000,9999.000
202604061142,   0.864,   0.859,9999.000,9999.000,9999.000,9999.000,9999.000,9999.000,9999.000
202604061148,   0.835,   0.819,9999.000,9999.000,9999.000,9999.000,9999.000,9999.000,9999.000
202604061154,   0.807,   0.810,9999.000,9999.000,9999.000,9999.000,9999.000,9999.000,9999.000
202604061200,   0.780,   0.790,   0.300,  -0.290,   0.790,   0.200,   0.690,   0.300,   0.790
202604061206,   0.754,   0.741,9999.000,9999.000,9999.000,9999.000,9999.000,9999.000,9999.000
202604061212,   0.728,   0.751,9999.000,9999.000,9999.000,9999.000,9999.000,9999.000,9999.000
202604061218,   0.703,   0.751,9999.000,9999.000,9999.000,9999.000,9999.000,9999.000,9999.000
202604061224,   0.679,   0.741,9999.000,9999.000,9999.000,9999.000,9999.000,9999.000,9999.000
202604061230,   0.657,   0.708,9999.000,9999.000,9999.000,9999.000,9999.000,9999.000,9999.000
202604061236,   0.635,   0.718,9999.000,9999.000,9999.000,9999.000,9999.000,9999.000,9999.000
202604061242,   0.614,   0.708,9999.000,9999.000,9999.000,9999.000,9999.000,9999.000,9999.000
202604061248,   0.594,   0.698,9999.000,9999.000,9999.000,9999.000,9999.000,9999.000,9999.000
202604061254,   0.576,   0.678,9999.000,9999.000,9999.000,9999.000,9999.000,9999.000,9999.000
202604061300,   0.558,   0.649,   0.300,  -0.209,   0.649,   0.200,   0.549,   0.300,   0.649
202604061306,   0.541,   0.649,9999.000,9999.000,9999.000,9999.000,9999.000,9999.000,9999.000
202604061312,   0.525,   0.619,9999.000,9999.000,9999.000,9999.000,9999.000,9999.000,9999.000
202604061318,   0.510,   0.619,9999.000,9999.000,9999.000,9999.000,9999.000,9999.000,9999.000
202604061324,   0.496,   0.580,9999.000,9999.000,9999.000,9999.000,9999.000,9999.000,9999.000
202604061330,   0.482,   0.541,9999.000,9999.000,9999.000,9999.000,9999.000,9999.000,9999.000
202604061336,   0.469,   0.531,9999.000,9999.000,9999.000,9999.000,9999.000,9999.000,9999.000
202604061342,   0.457,   0.508,9999.000,9999.000,9999.000,9999.000,9999.000,9999.000,9999.000
202604061348,   0.446,   0.469,9999.000,9999.000,9999.000,9999.000,9999.000,9999.000,9999.000
202604061354,   0.435,   0.518,9999.000,9999.000,9999.000,9999.000,9999.000,9999.000,9999.000
202604061400,   0.424,   0.429,   0.300,  -0.295,   0.429,   0.200,   0.329,   0.300,   0.429
202604061406,   0.414,   0.459,9999.000,9999.000,9999.000,9999.000,9999.000,9999.000,9999.000
202604061412,   0.405,   0.390,9999.000,9999.000,9999.000,9999.000,9999.000,9999.000,9999.000
202604061418,   0.396,   0.400,9999.000,9999.000,9999.000,9999.000,9999.000,9999.000,9999.000
202604061424,   0.388,   0.390,9999.000,9999.000,9999.000,9999.000,9999.000,9999.000,9999.000
202604061430,   0.380,   0.360,9999.000,9999.000,9999.000,9999.000,9999.000,9999.000,9999.000
202604061436,   0.373,   0.370,9999.000,9999.000,9999.000,9999.000,9999.000,9999.000,9999.000
202604061442,   0.367,   0.341,9999.000,9999.000,9999.000,9999.000,9999.000,9999.000,9999.000
202604061448,   0.362,   0.350,9999.000,9999.000,9999.000,9999.000,9999.000,9999.000,9999.000
202604061454,   0.357,   0.341,9999.000,9999.000,9999.000,9999.000,9999.000,9999.000,9999.000
202604061500,   0.353,   0.321,   0.300,  -0.332,   0.321,   0.200,   0.221,   0.300,   0.321
202604061506,   0.351,   0.331,9999.000,9999.000,9999.000,9999.000,9999.000,9999.000,9999.000
202604061512,   0.349,   0.321,9999.000,9999.000,9999.000,9999.000,9999.000,9999.000,9999.000
202604061518,   0.349,   0.321,9999.000,9999.000,9999.000,9999.000,9999.000,9999.000,9999.000
202604061524,   0.349,   0.298,9999.000,9999.000,9999.000,9999.000,9999.000,9999.000,9999.000
202604061530,   0.351,   0.298,9999.000,9999.000,9999.000,9999.000,9999.000,9999.000,9999.000
202604061536,   0.355,   0.308,9999.000,9999.000,9999.000,9999.000,9999.000,9999.000,9999.000
202604061542,   0.360,   0.298,9999.000,9999.000,9999.000,9999.000,9999.000,9999.000,9999.000
202604061548,   0.366,   0.321,9999.000,9999.000,9999.000,9999.000,9999.000,9999.000,9999.000
202604061554,   0.374,   0.331,9999.000,9999.000,9999.000,9999.000,9999.000,9999.000,9999.000
202604061600,   0.384,   0.341,   0.300,  -0.343,   0.341,   0.200,   0.241,   0.300,   0.341
202604061606,   0.395,   0.341,9999.000,9999.000,9999.000,9999.000,9999.000,9999.000,9999.000
202604061612,   0.407,   0.350,9999.000,9999.000,9999.000,9999.000,9999.000,9999.000,9999.000
202604061618,   0.422,   0.360,9999.000,9999.000,9999.000,9999.000,9999.000,9999.000,9999.000
202604061624,   0.437,   0.380,9999.000,9999.000,9999.000,9999.000,9999.000,9999.000,9999.000
202604061630,   0.454,   0.370,9999.000,9999.000,9999.000,9999.000,9999.000,9999.000,9999.000
202604061636,   0.473,   0.409,9999.000,9999.000,9999.000,9999.000,9999.000,9999.000,9999.000
202604061642,   0.492,   0.419,9999.000,9999.000,9999.000,9999.000,9999.000,9999.000,9999.000
202604061648,   0.513,   0.409,9999.000,9999.000,9999.000,9999.000,9999.000,9999.000,9999.000
202604061654,   0.535,   0.419,9999.000,9999.000,9999.000,9999.000,9999.000,9999.000,9999.000
202604061700,   0.558,   0.459,   0.300,  -0.399,   0.459,   0.200,   0.359,   0.300,   0.459
202604061706,   0.582,   0.498,9999.000,9999.000,9999.000,9999.000,9999.000,9999.000,9999.000
202604061712,   0.606,   0.469,9999.000,9999.000,9999.000,9999.000,9999.000,9999.000,9999.000
202604061718,   0.631,   0.498,9999.000,9999.000,9999.000,9999.000,9999.000,9999.000,9999.000
202604061724,   0.656,   0.541,9999.000,9999.000,9999.000,9999.000,9999.000,9999.000,9999.000
202604061730,   0.682,   0.560,9999.000,9999.000,9999.000,9999.000,9999.000,9999.000,9999.000
202604061736,   0.707,   0.610,9999.000,9999.000,9999.000,9999.000,9999.000,9999.000,9999.000
202604061742,   0.732,   0.619,9999.000,9999.000,9999.000,9999.000,9999.000,9999.000,9999.000
202604061748,   0.758,   0.619,9999.000,9999.000,9999.000,9999.000,9999.000,9999.000,9999.000
202604061754,   0.782,   0.688,9999.000,9999.000,9999.000,9999.000,9999.000,9999.000,9999.000
202604061800,   0.806,   0.718,   0.200,  -0.288,   0.718,   0.200,   0.718,   0.200,   0.718
202604061806,   0.830,   0.770,9999.000,9999.000,9999.000,9999.000,9999.000,9999.000,9999.000
202604061812,   0.853,   0.790,9999.000,9999.000,9999.000,9999.000,9999.000,9999.000,9999.000
202604061818,   0.875,   0.908,9999.000,9999.000,9999.000,9999.000,9999.000,9999.000,9999.000
202604061824,   0.896,   0.849,9999.000,9999.000,9999.000,9999.000,9999.000,9999.000,9999.000
202604061830,   0.916,   0.879,9999.000,9999.000,9999.000,9999.000,9999.000,9999.000,9999.000
202604061836,   0.935,   0.961,9999.000,9999.000,9999.000,9999.000,9999.000,9999.000,9999.000
202604061842,   0.953,   0.928,9999.000,9999.000,9999.000,9999.000,9999.000,9999.000,9999.000
202604061848,   0.970,   0.970,9999.000,9999.000,9999.000,9999.000,9999.000,9999.000,9999.000
202604061854,   0.986,   0.990,9999.000,9999.000,9999.000,9999.000,9999.000,9999.000,9999.000
202604061900,   1.000,   0.990,   0.200,  -0.210,   0.990,   0.200,   0.990,   0.300,   1.090
202604061906,   1.014,   1.020,9999.000,9999.000,9999.000,9999.000,9999.000,9999.000,9999.000
202604061912,   1.027,   1.049,9999.000,9999.000,9999.000,9999.000,9999.000,9999.000,9999.000
202604061918,   1.039,   1.059,9999.000,9999.000,9999.000,9999.000,9999.000,9999.000,9999.000
202604061924,   1.050,   1.069,9999.000,9999.000,9999.000,9999.000,9999.000,9999.000,9999.000
202604061930,   1.060,   1.069,9999.000,9999.000,9999.000,9999.000,9999.000,9999.000,9999.000
202604061936,   1.069,   1.108,9999.000,9999.000,9999.000,9999.000,9999.000,9999.000,9999.000
202604061942,   1.078,   1.118,9999.000,9999.000,9999.000,9999.000,9999.000,9999.000,9999.000
202604061948,   1.086,   1.180,9999.000,9999.000,9999.000,9999.000,9999.000,9999.000,9999.000
202604061954,   1.093,   1.161,9999.000,9999.000,9999.000,9999.000,9999.000,9999.000,9999.000
202604062000,   1.100,   1.161,   0.200,  -0.139,   1.161,   0.200,   1.161,   0.300,   1.261
202604062006,   1.106,   1.180,9999.000,9999.000,9999.000,9999.000,9999.000,9999.000,9999.000
202604062012,   1.111,   1.190,9999.000,9999.000,9999.000,9999.000,9999.000,9999.000,9999.000
202604062018,   1.116,   1.190,9999.000,9999.000,9999.000,9999.000,9999.000,9999.000,9999.000
202604062024,   1.121,   1.249,9999.000,9999.000,9999.000,9999.000,9999.000,9999.000,9999.000
202604062030,   1.125,   1.249,9999.000,9999.000,9999.000,9999.000,9999.000,9999.000,9999.000
202604062036,   1.128,   1.279,9999.000,9999.000,9999.000,9999.000,9999.000,9999.000,9999.000
202604062042,   1.131,   1.298,9999.000,9999.000,9999.000,9999.000,9999.000,9999.000,9999.000
202604062048,   1.133,   1.328,9999.000,9999.000,9999.000,9999.000,9999.000,9999.000,9999.000
202604062054,   1.134,   1.338,9999.000,9999.000,9999.000,9999.000,9999.000,9999.000,9999.000
202604062100,   1.135,   1.348,   0.200,   0.013,   1.348,   0.200,   1.348,   0.300,   1.448
202604062106,   1.135,   1.371,9999.000,9999.000,9999.000,9999.000,9999.000,9999.000,9999.000
202604062112,   1.134,   1.380,9999.000,9999.000,9999.000,9999.000,9999.000,9999.000,9999.000
202604062118,   1.132,   1.380,9999.000,9999.000,9999.000,9999.000,9999.000,9999.000,9999.000
202604062124,   1.130,   1.390,9999.000,9999.000,9999.000,9999.000,9999.000,9999.000,9999.000
202604062130,   1.126,   1.400,9999.000,9999.000,9999.000,9999.000,9999.000,9999.000,9999.000
202604062136,   1.120,   1.390,9999.000,9999.000,9999.000,9999.000,9999.000,9999.000,9999.000
202604062142,   1.114,   1.400,9999.000,9999.000,9999.000,9999.000,9999.000,9999.000,9999.000
202604062148,   1.106,   1.400,9999.000,9999.000,9999.000,9999.000,9999.000,9999.000,9999.000
202604062154,   1.097,   1.400,9999.000,9999.000,9999.000,9999.000,9999.000,9999.000,9999.000
202604062200,   1.086,   1.400,   0.200,   0.114,   1.400,   0.200,   1.400,   0.300,   1.500
202604062206,   1.074,   1.400,9999.000,9999.000,9999.000,9999.000,9999.000,9999.000,9999.000
202604062212,   1.060,   1.390,9999.000,9999.000,9999.000,9999.000,9999.000,9999.000,9999.000
202604062218,   1.045,   1.380,9999.000,9999.000,9999.000,9999.000,9999.000,9999.000,9999.000
202604062224,   1.028,   1.380,9999.000,9999.000,9999.000,9999.000,9999.000,9999.000,9999.000
202604062230,   1.010,   1.361,9999.000,9999.000,9999.000,9999.000,9999.000,9999.000,9999.000
202604062236,   0.990,   1.361,9999.000,9999.000,9999.000,9999.000,9999.000,9999.000,9999.000
202604062242,   0.969,   1.348,9999.000,9999.000,9999.000,9999.000,9999.000,9999.000,9999.000
202604062248,   0.946,   1.338,9999.000,9999.000,9999.000,9999.000,9999.000,9999.000,9999.000
202604062254,   0.923,   1.328,9999.000,9999.000,9999.000,9999.000,9999.000,9999.000,9999.000
202604062300,   0.898,   1.279,   0.300,   0.081,   1.279,   0.200,   1.179,   0.300,   1.279
202604062306,   0.872,   1.269,9999.000,9999.000,9999.000,9999.000,9999.000,9999.000,9999.000
202604062312,   0.845,   1.269,9999.000,9999.000,9999.000,9999.000,9999.000,9999.000,9999.000
202604062318,   0.817,   1.259,9999.000,9999.000,9999.000,9999.000,9999.000,9999.000,9999.000
202604062324,   0.789,   1.200,9999.000,9999.000,9999.000,9999.000,9999.000,9999.000,9999.000
202604062330,   0.760,   1.180,9999.000,9999.000,9999.000,9999.000,9999.000,9999.000,9999.000
202604062336,   0.731,   1.118,9999.000,9999.000,9999.000,9999.000,9999.000,9999.000,9999.000
202604062342,   0.702,   1.069,9999.000,9999.000,9999.000,9999.000,9999.000,9999.000,9999.000
202604062348,   0.673,   1.010,9999.000,9999.000,9999.000,9999.000,9999.000,9999.000,9999.000
202604062354,   0.644,   1.020,9999.000,9999.000,9999.000,9999.000,9999.000,9999.000,9999.000
202604070000,   0.615,   0.941,   0.200,   0.126,   0.941,   0.100,   0.841,   0.200,   0.941
202604070006,   0.587,   0.970,9999.000,9999.000,9999.000,9999.000,9999.000,9999.000,9999.000
202604070012,   0.559,   0.970,9999.000,9999.000,9999.000,9999.000,9999.000,9999.000,9999.000
202604070018,   0.533,   0.908,9999.000,9999.000,9999.000,9999.000,9999.000,9999.000,9999.000
202604070024,   0.507,   0.908,9999.000,9999.000,9999.000,9999.000,9999.000,9999.000,9999.000
202604070030,   0.482,   0.849,9999.000,9999.000,9999.000,9999.000,9999.000,9999.000,9999.000
202604070036,   0.458,   0.869,9999.000,9999.000,9999.000,9999.000,9999.000,9999.000,9999.000
202604070042,   0.435,   0.741,9999.000,9999.000,9999.000,9999.000,9999.000,9999.000,9999.000
202604070048,   0.414,   0.819,9999.000,9999.000,9999.000,9999.000,9999.000,9999.000,9999.000
202604070054,   0.394,   0.760,9999.000,9999.000,9999.000,9999.000,9999.000,9999.000,9999.000
202604070100,   0.375,   0.751,   0.200,   0.176,   0.751,   0.200,   0.751,   0.200,   0.751
202604070106,   0.358,   0.718,9999.000,9999.000,9999.000,9999.000,9999.000,9999.000,9999.000
202604070112,   0.341,   0.708,9999.000,9999.000,9999.000,9999.000,9999.000,9999.000,9999.000
202604070118,   0.326,   0.708,9999.000,9999.000,9999.000,9999.000,9999.000,9999.000,9999.000
202604070124,   0.313,   0.659,9999.000,9999.000,9999.000,9999.000,9999.000,9999.000,9999.000
202604070130,   0.301,   0.649,9999.000,9999.000,9999.000,9999.000,9999.000,9999.000,9999.000
202604070136,   0.289,   0.649,9999.000,9999.000,9999.000,9999.000,9999.000,9999.000,9999.000
202604070142,   0.279,   0.659,9999.000,9999.000,9999.000,9999.000,9999.000,9999.000,9999.000
202604070148,   0.271,   0.610,9999.000,9999.000,9999.000,9999.000,9999.000,9999.000,9999.000
202604070154,   0.263,   0.669,9999.000,9999.000,9999.000,9999.000,9999.000,9999.000,9999.000
202604070200,   0.256,   0.678,   0.200,   0.222,   0.678,   0.200,   0.678,   0.200,   0.678
202604070206,   0.251,   0.590,9999.000,9999.000,9999.000,9999.000,9999.000,9999.000,9999.000
202604070212,   0.246,   0.541,9999.000,9999.000,9999.000,9999.000,9999.000,9999.000,9999.000
202604070218,   0.242,   0.560,9999.000,9999.000,9999.000,9999.000,9999.000,9999.000,9999.000
202604070224,   0.240,   0.570,9999.000,9999.000,9999.000,9999.000,9999.000,9999.000,9999.000
202604070230,   0.238,   0.600,9999.000,9999.000,9999.000,9999.000,9999.000,9999.000,9999.000
202604070236,   0.236,   0.518,9999.000,9999.000,9999.000,9999.000,9999.000,9999.000,9999.000
202604070242,   0.236,   0.570,9999.000,9999.000,9999.000,9999.000,9999.000,9999.000,9999.000
202604070248,   0.237,   0.541,9999.000,9999.000,9999.000,9999.000,9999.000,9999.000,9999.000
202604070254,   0.239,   0.560,9999.000,9999.000,9999.000,9999.000,9999.000,9999.000,9999.000
202604070300,   0.241,   0.570,   0.200,   0.129,   0.570,   0.200,   0.570,   0.200,   0.570
202604070306,   0.245,   0.560,9999.000,9999.000,9999.000,9999.000,9999.000,9999.000,9999.000
202604070312,   0.249,   0.570,9999.000,9999.000,9999.000,9999.000,9999.000,9999.000,9999.000
202604070318,   0.255,   0.600,9999.000,9999.000,9999.000,9999.000,9999.000,9999.000,9999.000
202604070324,   0.261,   0.580,9999.000,9999.000,9999.000,9999.000,9999.000,9999.000,9999.000
202604070330,   0.269,   0.590,9999.000,9999.000,9999.000,9999.000,9999.000,9999.000,9999.000
202604070336,   0.278,   0.541,9999.000,9999.000,9999.000,9999.000,9999.000,9999.000,9999.000
202604070342,   0.289,   0.600,9999.000,9999.000,9999.000,9999.000,9999.000,9999.000,9999.000
202604070348,   0.300,   0.610,9999.000,9999.000,9999.000,9999.000,9999.000,9999.000,9999.000
202604070354,   0.313,   0.629,9999.000,9999.000,9999.000,9999.000,9999.000,9999.000,9999.000
202604070400,   0.328,   0.669,   0.200,   0.141,   0.669,   0.200,   0.669,   0.200,   0.669
202604070406,   0.344,   0.669,9999.000,9999.000,9999.000,9999.000,9999.000,9999.000,9999.000
202604070412,   0.361,   0.678,9999.000,9999.000,9999.000,9999.000,9999.000,9999.000,9999.000
202604070418,   0.380,   0.698,9999.000,9999.000,9999.000,9999.000,9999.000,9999.000,9999.000
202604070424,   0.401,   0.731,9999.000,9999.000,9999.000,9999.000,9999.000,9999.000,9999.000
202604070430,   0.423,   0.810,9999.000,9999.000,9999.000,9999.000,9999.000,9999.000,9999.000
202604070436,   0.447,   0.760,9999.000,9999.000,9999.000,9999.000,9999.000,9999.000,9999.000
202604070442,   0.472,   0.780,9999.000,9999.000,9999.000,9999.000,9999.000,9999.000,9999.000
202604070448,   0.498,   0.849,9999.000,9999.000,9999.000,9999.000,9999.000,9999.000,9999.000
202604070454,   0.525,   0.829,9999.000,9999.000,9999.000,9999.000,9999.000,9999.000,9999.000
202604070500,   0.554,   0.849,   0.200,   0.095,   0.849,   0.200,   0.849,   0.300,   0.949
202604070506,   0.584,   0.898,9999.000,9999.000,9999.000,9999.000,9999.000,9999.000,9999.000
202604070512,   0.615,   0.928,9999.000,9999.000,9999.000,9999.000,9999.000,9999.000,9999.000
202604070518,   0.647,   0.951,9999.000,9999.000,9999.000,9999.000,9999.000,9999.000,9999.000
202604070524,   0.679,   1.029,9999.000,9999.000,9999.000,9999.000,9999.000,9999.000,9999.000
202604070530,   0.712,   1.000,9999.000,9999.000,9999.000,9999.000,9999.000,9999.000,9999.000
202604070536,   0.745,   1.069,9999.000,9999.000,9999.000,9999.000,9999.000,9999.000,9999.000
202604070542,   0.779,   1.128,9999.000,9999.000,9999.000,9999.000,9999.000,9999.000,9999.000
202604070548,   0.812,   1.151,9999.000,9999.000,9999.000,9999.000,9999.000,9999.000,9999.000
202604070554,   0.846,   1.220,9999.000,9999.000,9999.000,9999.000,9999.000,9999.000,9999.000
202604070600,   0.879,   1.239,   0.200,   0.160,   1.239,   0.200,   1.239,   0.300,   1.339
202604070606,   0.911,   1.289,9999.000,9999.000,9999.000,9999.000,9999.000,9999.000,9999.000
202604070612,   0.943,   1.239,9999.000,9999.000,9999.000,9999.000,9999.000,9999.000,9999.000
202604070618,   0.974,   1.348,9999.000,9999.000,9999.000,9999.000,9999.000,9999.000,9999.000
202604070624,   1.005,   1.338,9999.000,9999.000,9999.000,9999.000,9999.000,9999.000,9999.000
202604070630,   1.034,   1.318,9999.000,9999.000,9999.000,9999.000,9999.000,9999.000,9999.000
202604070636,   1.062,   1.390,9999.000,9999.000,9999.000,9999.000,9999.000,9999.000,9999.000
202604070642,   1.089,   1.410,9999.000,9999.000,9999.000,9999.000,9999.000,9999.000,9999.000
202604070648,   1.114,   1.479,9999.000,9999.000,9999.000,9999.000,9999.000,9999.000,9999.000
202604070654,   1.138,   1.449,9999.000,9999.000,9999.000,9999.000,9999.000,9999.000,9999.000
202604070700,   1.161,   1.557,   0.200,   0.196,   1.557,   0.200,   1.557,   0.300,   1.657
202604070706,   1.182,   1.557,9999.000,9999.000,9999.000,9999.000,9999.000,9999.000,9999.000
202604070712,   1.202,   1.557,9999.000,9999.000,9999.000,9999.000,9999.000,9999.000,9999.000
202604070718,   1.220,   1.571,9999.000,9999.000,9999.000,9999.000,9999.000,9999.000,9999.000
202604070724,   1.237,   1.699,9999.000,9999.000,9999.000,9999.000,9999.000,9999.000,9999.000
202604070730,   1.253,   1.649,9999.000,9999.000,9999.000,9999.000,9999.000,9999.000,9999.000
202604070736,   1.267,   1.708,9999.000,9999.000,9999.000,9999.000,9999.000,9999.000,9999.000
202604070742,   1.279,   1.689,9999.000,9999.000,9999.000,9999.000,9999.000,9999.000,9999.000
202604070748,   1.291,   1.728,9999.000,9999.000,9999.000,9999.000,9999.000,9999.000,9999.000
202604070754,   1.301,   1.728,9999.000,9999.000,9999.000,9999.000,9999.000,9999.000,9999.000
202604070800,   1.311,   1.790,   0.200,   0.279,   1.790,   0.200,   1.790,   0.300,   1.890
202604070806,   1.319,   1.849,9999.000,9999.000,9999.000,9999.000,9999.000,9999.000,9999.000
202604070812,   1.326,   1.790,9999.000,9999.000,9999.000,9999.000,9999.000,9999.000,9999.000
202604070818,   1.333,   1.869,9999.000,9999.000,9999.000,9999.000,9999.000,9999.000,9999.000
202604070824,   1.338,   1.869,9999.000,9999.000,9999.000,9999.000,9999.000,9999.000,9999.000
202604070830,   1.343,   1.879,9999.000,9999.000,9999.000,9999.000,9999.000,9999.000,9999.000
202604070836,   1.347,   1.889,9999.000,9999.000,9999.000,9999.000,9999.000,9999.000,9999.000
202604070842,   1.351,   1.889,9999.000,9999.000,9999.000,9999.000,9999.000,9999.000,9999.000
202604070848,   1.354,   1.918,9999.000,9999.000,9999.000,9999.000,9999.000,9999.000,9999.000
202604070854,   1.356,   1.899,9999.000,9999.000,9999.000,9999.000,9999.000,9999.000,9999.000
202604070900,   1.358,   1.889,   0.200,   0.331,   1.889,   0.200,   1.889,   0.200,   1.889
202604070906,   1.359,   1.928,9999.000,9999.000,9999.000,9999.000,9999.000,9999.000,9999.000
202604070912,   1.359,   1.948,9999.000,9999.000,9999.000,9999.000,9999.000,9999.000,9999.000
202604070918,   1.359,   1.958,9999.000,9999.000,9999.000,9999.000,9999.000,9999.000,9999.000
202604070924,   1.358,   1.938,9999.000,9999.000,9999.000,9999.000,9999.000,9999.000,9999.000
202604070930,   1.356,   1.918,9999.000,9999.000,9999.000,9999.000,9999.000,9999.000,9999.000
202604070936,   1.353,   1.948,9999.000,9999.000,9999.000,9999.000,9999.000,9999.000,9999.000
202604070942,   1.350,   1.928,9999.000,9999.000,9999.000,9999.000,9999.000,9999.000,9999.000
202604070948,   1.345,   1.918,9999.000,9999.000,9999.000,9999.000,9999.000,9999.000,9999.000
202604070954,   1.340,   1.928,9999.000,9999.000,9999.000,9999.000,9999.000,9999.000,9999.000
202604071000,   1.334,   1.918,   0.200,   0.384,   1.918,   0.200,   1.918,   0.200,   1.918
202604071006,   1.326,   1.918,9999.000,9999.000,9999.000,9999.000,9999.000,9999.000,9999.000
202604071012,   1.317,   1.899,9999.000,9999.000,9999.000,9999.000,9999.000,9999.000,9999.000
202604071018,   1.307,   1.899,9999.000,9999.000,9999.000,9999.000,9999.000,9999.000,9999.000
202604071024,   1.296,   1.879,9999.000,9999.000,9999.000,9999.000,9999.000,9999.000,9999.000
202604071030,   1.283,   1.918,9999.000,9999.000,9999.000,9999.000,9999.000,9999.000,9999.000
202604071036,   1.269,   1.859,9999.000,9999.000,9999.000,9999.000,9999.000,9999.000,9999.000
202604071042,   1.254,   1.840,9999.000,9999.000,9999.000,9999.000,9999.000,9999.000,9999.000
202604071048,   1.237,   1.840,9999.000,9999.000,9999.000,9999.000,9999.000,9999.000,9999.000
202604071054,   1.219,   1.758,9999.000,9999.000,9999.000,9999.000,9999.000,9999.000,9999.000
202604071100,   1.200,   1.758,   0.200,   0.358,   1.758,   0.200,   1.758,   0.200,   1.758
202604071106,   1.179,   1.738,9999.000,9999.000,9999.000,9999.000,9999.000,9999.000,9999.000
202604071112,   1.157,   1.728,9999.000,9999.000,9999.000,9999.000,9999.000,9999.000,9999.000
202604071118,   1.134,   1.689,9999.000,9999.000,9999.000,9999.000,9999.000,9999.000,9999.000
202604071124,   1.110,   1.669,9999.000,9999.000,9999.000,9999.000,9999.000,9999.000,9999.000
202604071130,   1.085,   1.669,9999.000,9999.000,9999.000,9999.000,9999.000,9999.000,9999.000
202604071136,   1.060,   1.639,9999.000,9999.000,9999.000,9999.000,9999.000,9999.000,9999.000
202604071142,   1.033,   1.649,9999.000,9999.000,9999.000,9999.000,9999.000,9999.000,9999.000
202604071148,   1.006,   1.600,9999.000,9999.000,9999.000,9999.000,9999.000,9999.000,9999.000
202604071154,   0.979,   1.590,9999.000,9999.000,9999.000,9999.000,9999.000,9999.000,9999.000
202604071200,   0.951,   1.590,   0.300,   0.339,   1.590,   0.300,   1.590,   0.300,   1.590
202604071206,   0.923,   1.580,9999.000,9999.000,9999.000,9999.000,9999.000,9999.000,9999.000
202604071212,   0.895,   1.557,9999.000,9999.000,9999.000,9999.000,9999.000,9999.000,9999.000
202604071218,   0.868,   1.548,9999.000,9999.000,9999.000,9999.000,9999.000,9999.000,9999.000
202604071224,   0.840,   1.548,9999.000,9999.000,9999.000,9999.000,9999.000,9999.000,9999.000
202604071230,   0.813,   1.508,9999.000,9999.000,9999.000,9999.000,9999.000,9999.000,9999.000
202604071236,   0.787,   1.459,9999.000,9999.000,9999.000,9999.000,9999.000,9999.000,9999.000
202604071242,   0.761,   1.449,9999.000,9999.000,9999.000,9999.000,9999.000,9999.000,9999.000
202604071248,   0.736,   1.371,9999.000,9999.000,9999.000,9999.000,9999.000,9999.000,9999.000
202604071254,   0.712,   1.400,9999.000,9999.000,9999.000,9999.000,9999.000,9999.000,9999.000
202604071300,   0.689,   1.328,   0.300,   0.339,   1.328,   0.200,   1.228,   0.300,   1.328
202604071306,   0.666,   1.371,9999.000,9999.000,9999.000,9999.000,9999.000,9999.000,9999.000
202604071312,   0.645,   1.289,9999.000,9999.000,9999.000,9999.000,9999.000,9999.000,9999.000
202604071318,   0.625,   1.239,9999.000,9999.000,9999.000,9999.000,9999.000,9999.000,9999.000
202604071324,   0.606,   1.190,9999.000,9999.000,9999.000,9999.000,9999.000,9999.000,9999.000
202604071330,   0.588,   1.151,9999.000,9999.000,9999.000,9999.000,9999.000,9999.000,9999.000
202604071336,   0.571,   1.161,9999.000,9999.000,9999.000,9999.000,9999.000,9999.000,9999.000
202604071342,   0.555,   1.108,9999.000,9999.000,9999.000,9999.000,9999.000,9999.000,9999.000
202604071348,   0.540,   1.059,9999.000,9999.000,9999.000,9999.000,9999.000,9999.000,9999.000
202604071354,   0.526,   1.049,9999.000,9999.000,9999.000,9999.000,9999.000,9999.000,9999.000
202604071400,   0.513,   1.020,   0.200,   0.307,   1.020,   0.200,   1.020,   0.300,   1.120
202604071406,   0.501,   0.961,9999.000,9999.000,9999.000,9999.000,9999.000,9999.000,9999.000
202604071412,   0.489,   0.980,9999.000,9999.000,9999.000,9999.000,9999.000,9999.000,9999.000
202604071418,   0.479,   0.918,9999.000,9999.000,9999.000,9999.000,9999.000,9999.000,9999.000
202604071424,   0.469,   0.908,9999.000,9999.000,9999.000,9999.000,9999.000,9999.000,9999.000
202604071430,   0.459,   0.888,9999.000,9999.000,9999.000,9999.000,9999.000,9999.000,9999.000
202604071436,   0.450,   0.898,9999.000,9999.000,9999.000,9999.000,9999.000,9999.000,9999.000
202604071442,   0.442,   0.918,9999.000,9999.000,9999.000,9999.000,9999.000,9999.000,9999.000
202604071448,   0.435,   0.849,9999.000,9999.000,9999.000,9999.000,9999.000,9999.000,9999.000
202604071454,   0.427,   0.898,9999.000,9999.000,9999.000,9999.000,9999.000,9999.000,9999.000
202604071500,   0.421,   0.908,   0.200,   0.287,   0.908,   0.200,   0.908,   0.200,   0.908
202604071506,   0.415,   0.859,9999.000,9999.000,9999.000,9999.000,9999.000,9999.000,9999.000
202604071512,   0.409,   0.888,9999.000,9999.000,9999.000,9999.000,9999.000,9999.000,9999.000
202604071518,   0.404,   0.869,9999.000,9999.000,9999.000,9999.000,9999.000,9999.000,9999.000
202604071524,   0.399,   0.829,9999.000,9999.000,9999.000,9999.000,9999.000,9999.000,9999.000
202604071530,   0.395,   0.810,9999.000,9999.000,9999.000,9999.000,9999.000,9999.000,9999.000
202604071536,   0.392,   0.770,9999.000,9999.000,9999.000,9999.000,9999.000,9999.000,9999.000
202604071542,   0.389,   0.751,9999.000,9999.000,9999.000,9999.000,9999.000,9999.000,9999.000
202604071548,   0.387,   0.698,9999.000,9999.000,9999.000,9999.000,9999.000,9999.000,9999.000
202604071554,   0.386,   0.731,9999.000,9999.000,9999.000,9999.000,9999.000,9999.000,9999.000
202604071600,   0.386,   0.678,   0.200,   0.092,   0.678,   0.100,   0.578,   0.200,   0.678
202604071606,   0.387,   0.629,9999.000,9999.000,9999.000,9999.000,9999.000,9999.000,9999.000
202604071612,   0.389,   0.610,9999.000,9999.000,9999.000,9999.000,9999.000,9999.000,9999.000
202604071618,   0.393,   0.619,9999.000,9999.000,9999.000,9999.000,9999.000,9999.000,9999.000
202604071624,   0.397,   0.541,9999.000,9999.000,9999.000,9999.000,9999.000,9999.000,9999.000
202604071630,   0.403,   0.508,9999.000,9999.000,9999.000,9999.000,9999.000,9999.000,9999.000
202604071636,   0.410,   0.531,9999.000,9999.000,9999.000,9999.000,9999.000,9999.000,9999.000
202604071642,   0.418,   0.488,9999.000,9999.000,9999.000,9999.000,9999.000,9999.000,9999.000
202604071648,   0.428,   0.469,9999.000,9999.000,9999.000,9999.000,9999.000,9999.000,9999.000
202604071654,   0.439,   0.498,9999.000,9999.000,9999.000,9999.000,9999.000,9999.000,9999.000
202604071700,   0.452,   0.449,   0.100,  -0.103,   0.449,   0.100,   0.449,   0.200,   0.549
202604071706,   0.466,   0.478,9999.000,9999.000,9999.000,9999.000,9999.000,9999.000,9999.000
202604071712,   0.481,   0.469,9999.000,9999.000,9999.000,9999.000,9999.000,9999.000,9999.000
202604071718,   0.498,   0.449,9999.000,9999.000,9999.000,9999.000,9999.000,9999.000,9999.000
202604071724,   0.516,   0.390,9999.000,9999.000,9999.000,9999.000,9999.000,9999.000,9999.000
202604071730,   0.535,   0.409,9999.000,9999.000,9999.000,9999.000,9999.000,9999.000,9999.000
202604071736,   0.555,   0.439,9999.000,9999.000,9999.000,9999.000,9999.000,9999.000,9999.000
202604071742,   0.576,   0.429,9999.000,9999.000,9999.000,9999.000,9999.000,9999.000,9999.000
202604071748,   0.598,   0.469,9999.000,9999.000,9999.000,9999.000,9999.000,9999.000,9999.000
202604071754,   0.621,   0.498,9999.000,9999.000,9999.000,9999.000,9999.000,9999.000,9999.000
202604071800,   0.644,   0.478,   0.200,  -0.366,   0.478,   0.100,   0.378,   0.300,   0.578
202604071806,   0.668,   0.488,9999.000,9999.000,9999.000,9999.000,9999.000,9999.000,9999.000
202604071812,   0.692,   0.541,9999.000,9999.000,9999.000,9999.000,9999.000,9999.000,9999.000
202604071818,   0.716,   0.590,9999.000,9999.000,9999.000,9999.000,9999.000,9999.000,9999.000
202604071824,   0.740,   0.610,9999.000,9999.000,9999.000,9999.000,9999.000,9999.000,9999.000
202604071830,   0.763,   0.610,9999.000,9999.000,9999.000,9999.000,9999.000,9999.000,9999.000
202604071836,   0.787,   0.610,9999.000,9999.000,9999.000,9999.000,9999.000,9999.000,9999.000
202604071842,   0.810,   0.619,9999.000,9999.000,9999.000,9999.000,9999.000,9999.000,9999.000
202604071848,   0.832,   0.649,9999.000,9999.000,9999.000,9999.000,9999.000,9999.000,9999.000
202604071854,   0.854,   0.741,9999.000,9999.000,9999.000,9999.000,9999.000,9999.000,9999.000
202604071900,   0.875,   0.698,   0.200,  -0.377,   0.698,   0.100,   0.598,   0.200,   0.698
202604071906,   0.894,   0.678,9999.000,9999.000,9999.000,9999.000,9999.000,9999.000,9999.000
202604071912,   0.913,   0.678,9999.000,9999.000,9999.000,9999.000,9999.000,9999.000,9999.000
202604071918,   0.931,   0.698,9999.000,9999.000,9999.000,9999.000,9999.000,9999.000,9999.000
202604071924,   0.948,   0.731,9999.000,9999.000,9999.000,9999.000,9999.000,9999.000,9999.000
202604071930,   0.964,   0.718,9999.000,9999.000,9999.000,9999.000,9999.000,9999.000,9999.000
202604071936,   0.978,   0.790,9999.000,9999.000,9999.000,9999.000,9999.000,9999.000,9999.000
202604071942,   0.992,   0.770,9999.000,9999.000,9999.000,9999.000,9999.000,9999.000,9999.000
202604071948,   1.004,   0.810,9999.000,9999.000,9999.000,9999.000,9999.000,9999.000,9999.000
202604071954,   1.016,   0.819,9999.000,9999.000,9999.000,9999.000,9999.000,9999.000,9999.000
202604072000,   1.026,   0.839,   0.200,  -0.387,   0.839,   0.100,   0.739,   0.200,   0.839
202604072006,   1.035,   0.839,9999.000,9999.000,9999.000,9999.000,9999.000,9999.000,9999.000
202604072012,   1.043,   0.849,9999.000,9999.000,9999.000,9999.000,9999.000,9999.000,9999.000
202604072018,   1.051,   0.879,9999.000,9999.000,9999.000,9999.000,9999.000,9999.000,9999.000
202604072024,   1.058,   0.898,9999.000,9999.000,9999.000,9999.000,9999.000,9999.000,9999.000
202604072030,   1.063,   0.879,9999.000,9999.000,9999.000,9999.000,9999.000,9999.000,9999.000
202604072036,   1.069,   0.928,9999.000,9999.000,9999.000,9999.000,9999.000,9999.000,9999.000
202604072042,   1.073,   0.928,9999.000,9999.000,9999.000,9999.000,9999.000,9999.000,9999.000
202604072048,   1.077,   0.928,9999.000,9999.000,9999.000,9999.000,9999.000,9999.000,9999.000
202604072054,   1.081,   0.928,9999.000,9999.000,9999.000,9999.000,9999.000,9999.000,9999.000
202604072100,   1.084,   0.961,   0.100,  -0.223,   0.961,   0.100,   0.961,   0.200,   1.061
202604072106,   1.087,   0.928,9999.000,9999.000,9999.000,9999.000,9999.000,9999.000,9999.000
202604072112,   1.089,   0.941,9999.000,9999.000,9999.000,9999.000,9999.000,9999.000,9999.000
202604072118,   1.090,   0.941,9999.000,9999.000,9999.000,9999.000,9999.000,9999.000,9999.000
202604072124,   1.092,   0.908,9999.000,9999.000,9999.000,9999.000,9999.000,9999.000,9999.000
202604072130,   1.093,   0.928,9999.000,9999.000,9999.000,9999.000,9999.000,9999.000,9999.000
202604072136,   1.093,   0.928,9999.000,9999.000,9999.000,9999.000,9999.000,9999.000,9999.000
202604072142,   1.093,   0.941,9999.000,9999.000,9999.000,9999.000,9999.000,9999.000,9999.000
202604072148,   1.092,   0.970,9999.000,9999.000,9999.000,9999.000,9999.000,9999.000,9999.000
202604072154,   1.091,   0.961,9999.000,9999.000,9999.000,9999.000,9999.000,9999.000,9999.000
202604072200,   1.089,   0.961,   0.100,  -0.228,   0.961,   0.100,   0.961,   0.200,   1.061
202604072206,   1.086,   0.961,9999.000,9999.000,9999.000,9999.000,9999.000,9999.000,9999.000
202604072212,   1.082,   0.941,9999.000,9999.000,9999.000,9999.000,9999.000,9999.000,9999.000
202604072218,   1.078,   0.928,9999.000,9999.000,9999.000,9999.000,9999.000,9999.000,9999.000
202604072224,   1.072,   0.961,9999.000,9999.000,9999.000,9999.000,9999.000,9999.000,9999.000
202604072230,   1.065,   0.961,9999.000,9999.000,9999.000,9999.000,9999.000,9999.000,9999.000
202604072236,   1.058,   0.908,9999.000,9999.000,9999.000,9999.000,9999.000,9999.000,9999.000
202604072242,   1.049,   0.941,9999.000,9999.000,9999.000,9999.000,9999.000,9999.000,9999.000
202604072248,   1.038,   0.951,9999.000,9999.000,9999.000,9999.000,9999.000,9999.000,9999.000
202604072254,   1.027,   0.951,9999.000,9999.000,9999.000,9999.000,9999.000,9999.000,9999.000
202604072300,   1.014,   0.970,   0.100,  -0.144,   0.970,   0.000,   0.870,   0.100,   0.970
202604072306,   0.999,   0.888,9999.000,9999.000,9999.000,9999.000,9999.000,9999.000,9999.000
202604072312,   0.984,   0.888,9999.000,9999.000,9999.000,9999.000,9999.000,9999.000,9999.000
202604072318,   0.966,   0.869,9999.000,9999.000,9999.000,9999.000,9999.000,9999.000,9999.000
202604072324,   0.948,   0.879,9999.000,9999.000,9999.000,9999.000,9999.000,9999.000,9999.000
202604072330,   0.928,   0.859,9999.000,9999.000,9999.000,9999.000,9999.000,9999.000,9999.000
202604072336,   0.907,   0.810,9999.000,9999.000,9999.000,9999.000,9999.000,9999.000,9999.000
202604072342,   0.885,   0.790,9999.000,9999.000,9999.000,9999.000,9999.000,9999.000,9999.000
202604072348,   0.862,   0.770,9999.000,9999.000,9999.000,9999.000,9999.000,9999.000,9999.000
202604072354,   0.838,   0.790,9999.000,9999.000,9999.000,9999.000,9999.000,9999.000,9999.000
202604080000,   0.813,   0.698,   0.100,  -0.215,   0.698,   0.100,   0.698,   0.100,   0.698
202604080006,   0.787,   0.708,9999.000,9999.000,9999.000,9999.000,9999.000,9999.000,9999.000
202604080012,   0.761,   0.659,9999.000,9999.000,9999.000,9999.000,9999.000,9999.000,9999.000
202604080018,   0.734,   0.639,9999.000,9999.000,9999.000,9999.000,9999.000,9999.000,9999.000
202604080024,   0.707,   0.610,9999.000,9999.000,9999.000,9999.000,9999.000,9999.000,9999.000
202604080030,   0.680,   0.551,9999.000,9999.000,9999.000,9999.000,9999.000,9999.000,9999.000
202604080036,   0.653,   0.518,9999.000,9999.000,9999.000,9999.000,9999.000,9999.000,9999.000
202604080042,   0.627,   0.498,9999.000,9999.000,9999.000,9999.000,9999.000,9999.000,9999.000
202604080048,   0.600,   0.469,9999.000,9999.000,9999.000,9999.000,9999.000,9999.000,9999.000
202604080054,   0.574,   0.449,9999.000,9999.000,9999.000,9999.000,9999.000,9999.000,9999.000
202604080100,   0.549,   0.429,   0.100,  -0.220,   0.429,   0.000,   0.329,   0.100,   0.429
202604080106,   0.524,   0.400,9999.000,9999.000,9999.000,9999.000,9999.000,9999.000,9999.000
202604080112,   0.501,   0.380,9999.000,9999.000,9999.000,9999.000,9999.000,9999.000,9999.000
202604080118,   0.478,   0.331,9999.000,9999.000,9999.000,9999.000,9999.000,9999.000,9999.000
202604080124,   0.456,   0.298,9999.000,9999.000,9999.000,9999.000,9999.000,9999.000,9999.000
202604080130,   0.436,   0.278,9999.000,9999.000,9999.000,9999.000,9999.000,9999.000,9999.000
202604080136,   0.417,   0.288,9999.000,9999.000,9999.000,9999.000,9999.000,9999.000,9999.000
202604080142,   0.399,   0.288,9999.000,9999.000,9999.000,9999.000,9999.000,9999.000,9999.000
202604080148,   0.382,   0.249,9999.000,9999.000,9999.000,9999.000,9999.000,9999.000,9999.000
202604080154,   0.366,   0.321,9999.000,9999.000,9999.000,9999.000,9999.000,9999.000,9999.000
202604080200,   0.352,   0.239,   0.100,  -0.213,   0.239,   0.000,   0.139,   0.100,   0.239
202604080206,   0.339,   0.219,9999.000,9999.000,9999.000,9999.000,9999.000,9999.000,9999.000
202604080212,   0.328,   0.209,9999.000,9999.000,9999.000,9999.000,9999.000,9999.000,9999.000
202604080218,   0.317,   0.288,9999.000,9999.000,9999.000,9999.000,9999.000,9999.000,9999.000
202604080224,   0.308,   0.209,9999.000,9999.000,9999.000,9999.000,9999.000,9999.000,9999.000
202604080230,   0.300,   0.200,9999.000,9999.000,9999.000,9999.000,9999.000,9999.000,9999.000
202604080236,   0.293,   0.141,9999.000,9999.000,9999.000,9999.000,9999.000,9999.000,9999.000
202604080242,   0.288,   0.160,9999.000,9999.000,9999.000,9999.000,9999.000,9999.000,9999.000
202604080248,   0.283,   0.190,9999.000,9999.000,9999.000,9999.000,9999.000,9999.000,9999.000
202604080254,   0.279,   0.190,9999.000,9999.000,9999.000,9999.000,9999.000,9999.000,9999.000
202604080300,   0.276,   0.160,   0.000,  -0.116,   0.160,   0.000,   0.160,   0.100,   0.260
202604080306,   0.274,   0.190,9999.000,9999.000,9999.000,9999.000,9999.000,9999.000,9999.000
202604080312,   0.272,   0.190,9999.000,9999.000,9999.000,9999.000,9999.000,9999.000,9999.000
202604080318,   0.272,   0.190,9999.000,9999.000,9999.000,9999.000,9999.000,9999.000,9999.000
202604080324,   0.272,   0.190,9999.000,9999.000,9999.000,9999.000,9999.000,9999.000,9999.000
202604080330,   0.273,   0.180,9999.000,9999.000,9999.000,9999.000,9999.000,9999.000,9999.000
202604080336,   0.275,   0.180,9999.000,9999.000,9999.000,9999.000,9999.000,9999.000,9999.000
202604080342,   0.278,   0.141,9999.000,9999.000,9999.000,9999.000,9999.000,9999.000,9999.000
202604080348,   0.281,   0.141,9999.000,9999.000,9999.000,9999.000,9999.000,9999.000,9999.000
202604080354,   0.286,   0.141,9999.000,9999.000,9999.000,9999.000,9999.000,9999.000,9999.000
202604080400,   0.291,   0.131,   0.000,  -0.160,   0.131,   0.000,   0.131,   0.100,   0.231
202604080406,   0.297,   0.098,9999.000,9999.000,9999.000,9999.000,9999.000,9999.000,9999.000
202604080412,   0.304,   0.098,9999.000,9999.000,9999.000,9999.000,9999.000,9999.000,9999.000
202604080418,   0.312,   0.098,9999.000,9999.000,9999.000,9999.000,9999.000,9999.000,9999.000
202604080424,   0.321,   0.068,9999.000,9999.000,9999.000,9999.000,9999.000,9999.000,9999.000
202604080430,   0.332,   0.088,9999.000,9999.000,9999.000,9999.000,9999.000,9999.000,9999.000
202604080436,   0.343,   0.059,9999.000,9999.000,9999.000,9999.000,9999.000,9999.000,9999.000
202604080442,   0.356,   0.088,9999.000,9999.000,9999.000,9999.000,9999.000,9999.000,9999.000
202604080448,   0.370,   0.111,9999.000,9999.000,9999.000,9999.000,9999.000,9999.000,9999.000
202604080454,   0.386,   0.131,9999.000,9999.000,9999.000,9999.000,9999.000,9999.000,9999.000
202604080500,   0.403,   0.131,   0.000,  -0.272,   0.131,   0.000,   0.131,   0.100,   0.231
202604080506,   0.421,   0.150,9999.000,9999.000,9999.000,9999.000,9999.000,9999.000,9999.000
202604080512,   0.440,   0.160,9999.000,9999.000,9999.000,9999.000,9999.000,9999.000,9999.000
202604080518,   0.461,   0.160,9999.000,9999.000,9999.000,9999.000,9999.000,9999.000,9999.000
202604080524,   0.484,   0.141,9999.000,9999.000,9999.000,9999.000,9999.000,9999.000,9999.000
202604080530,   0.507,   0.190,9999.000,9999.000,9999.000,9999.000,9999.000,9999.000,9999.000
202604080536,   0.532,   0.229,9999.000,9999.000,9999.000,9999.000,9999.000,9999.000,9999.000
202604080542,   0.558,   0.229,9999.000,9999.000,9999.000,9999.000,9999.000,9999.000,9999.000
202604080548,   0.586,   0.170,9999.000,9999.000,9999.000,9999.000,9999.000,9999.000,9999.000
202604080554,   0.614,   0.278,9999.000,9999.000,9999.000,9999.000,9999.000,9999.000,9999.000
202604080600,   0.643,   0.298,   0.000,  -0.345,   0.298,   0.000,   0.298,   0.000,   0.298
202604080606,   0.673,   0.288,9999.000,9999.000,9999.000,9999.000,9999.000,9999.000,9999.000
202604080612,   0.704,   0.321,9999.000,9999.000,9999.000,9999.000,9999.000,9999.000,9999.000
202604080618,   0.735,   0.400,9999.000,9999.000,9999.000,9999.000,9999.000,9999.000,9999.000
202604080624,   0.766,   0.419,9999.000,9999.000,9999.000,9999.000,9999.000,9999.000,9999.000
202604080630,   0.798,   0.439,9999.000,9999.000,9999.000,9999.000,9999.000,9999.000,9999.000
202604080636,   0.829,   0.488,9999.000,9999.000,9999.000,9999.000,9999.000,9999.000,9999.000
202604080642,   0.860,   0.498,9999.000,9999.000,9999.000,9999.000,9999.000,9999.000,9999.000
202604080648,   0.891,   0.560,9999.000,9999.000,9999.000,9999.000,9999.000,9999.000,9999.000
202604080654,   0.922,   0.580,9999.000,9999.000,9999.000,9999.000,9999.000,9999.000,9999.000
202604080700,   0.952,   0.610,   0.000,  -0.342,   0.610,   0.000,   0.610,   0.000,   0.610
202604080706,   0.981,   0.639,9999.000,9999.000,9999.000,9999.000,9999.000,9999.000,9999.000
202604080712,   1.009,   0.678,9999.000,9999.000,9999.000,9999.000,9999.000,9999.000,9999.000
202604080718,   1.036,   0.718,9999.000,9999.000,9999.000,9999.000,9999.000,9999.000,9999.000
202604080724,   1.062,   0.731,9999.000,9999.000,9999.000,9999.000,9999.000,9999.000,9999.000
202604080730,   1.086,   0.741,9999.000,9999.000,9999.000,9999.000,9999.000,9999.000,9999.000
202604080736,   1.110,   0.741,9999.000,9999.000,9999.000,9999.000,9999.000,9999.000,9999.000
202604080742,   1.132,   0.790,9999.000,9999.000,9999.000,9999.000,9999.000,9999.000,9999.000
202604080748,   1.152,   0.918,9999.000,9999.000,9999.000,9999.000,9999.000,9999.000,9999.000
202604080754,   1.171,   0.898,9999.000,9999.000,9999.000,9999.000,9999.000,9999.000,9999.000
202604080800,   1.188,   0.898,   0.000,  -0.290,   0.898,   0.000,   0.898,   0.000,   0.898
202604080806,   1.204,   0.879,9999.000,9999.000,9999.000,9999.000,9999.000,9999.000,9999.000
202604080812,   1.219,   0.918,9999.000,9999.000,9999.000,9999.000,9999.000,9999.000,9999.000
202604080818,   1.232,   0.970,9999.000,9999.000,9999.000,9999.000,9999.000,9999.000,9999.000
202604080824,   1.244,   0.951,9999.000,9999.000,9999.000,9999.000,9999.000,9999.000,9999.000
202604080830,   1.254,   1.000,9999.000,9999.000,9999.000,9999.000,9999.000,9999.000,9999.000
202604080836,   1.264,   0.951,9999.000,9999.000,9999.000,9999.000,9999.000,9999.000,9999.000
202604080842,   1.272,   1.000,9999.000,9999.000,9999.000,9999.000,9999.000,9999.000,9999.000
202604080848,   1.279,   1.039,9999.000,9999.000,9999.000,9999.000,9999.000,9999.000,9999.000
202604080854,   1.285,   1.039,9999.000,9999.000,9999.000,9999.000,9999.000,9999.000,9999.000
202604080900,   1.290,   1.138,   0.000,  -0.152,   1.138,   0.000,   1.138,   0.000,   1.138
202604080906,   1.294,   1.079,9999.000,9999.000,9999.000,9999.000,9999.000,9999.000,9999.000
202604080912,   1.297,   1.118,9999.000,9999.000,9999.000,9999.000,9999.000,9999.000,9999.000
202604080918,   1.300,   1.151,9999.000,9999.000,9999.000,9999.000,9999.000,9999.000,9999.000
202604080924,   1.302,   1.190,9999.000,9999.000,9999.000,9999.000,9999.000,9999.000,9999.000
202604080930,   1.304,   1.161,9999.000,9999.000,9999.000,9999.000,9999.000,9999.000,9999.000
202604080936,   1.305,   1.161,9999.000,9999.000,9999.000,9999.000,9999.000,9999.000,9999.000
202604080942,   1.305,   1.161,9999.000,9999.000,9999.000,9999.000,9999.000,9999.000,9999.000
202604080948,   1.305,   1.190,9999.000,9999.000,9999.000,9999.000,9999.000,9999.000,9999.000
202604080954,   1.305,   1.190,9999.000,9999.000,9999.000,9999.000,9999.000,9999.000,9999.000
202604081000,   1.304,   1.200,   0.000,  -0.104,   1.200,   0.000,   1.200,   0.000,   1.200
202604081006,   1.302,   1.229,9999.000,9999.000,9999.000,9999.000,9999.000,9999.000,9999.000
202604081012,   1.300,   1.229,9999.000,9999.000,9999.000,9999.000,9999.000,9999.000,9999.000
202604081018,   1.298,   1.220,9999.000,9999.000,9999.000,9999.000,9999.000,9999.000,9999.000
202604081024,   1.294,   1.220,9999.000,9999.000,9999.000,9999.000,9999.000,9999.000,9999.000
202604081030,   1.290,   1.210,9999.000,9999.000,9999.000,9999.000,9999.000,9999.000,9999.000
202604081036,   1.286,   1.229,9999.000,9999.000,9999.000,9999.000,9999.000,9999.000,9999.000
202604081042,   1.280,   1.229,9999.000,9999.000,9999.000,9999.000,9999.000,9999.000,9999.000
202604081048,   1.274,   1.210,9999.000,9999.000,9999.000,9999.000,9999.000,9999.000,9999.000
202604081054,   1.266,   1.200,9999.000,9999.000,9999.000,9999.000,9999.000,9999.000,9999.000
202604081100,   1.258,   1.200,   0.000,  -0.058,   1.200,   0.000,   1.200,   0.000,   1.200
202604081106,   1.249,   1.210,9999.000,9999.000,9999.000,9999.000,9999.000,9999.000,9999.000
202604081112,   1.238,   1.200,9999.000,9999.000,9999.000,9999.000,9999.000,9999.000,9999.000
202604081118,   1.226,   1.200,9999.000,9999.000,9999.000,9999.000,9999.000,9999.000,9999.000
202604081124,   1.213,   1.249,9999.000,9999.000,9999.000,9999.000,9999.000,9999.000,9999.000
202604081130,   1.199,   1.161,9999.000,9999.000,9999.000,9999.000,9999.000,9999.000,9999.000
202604081136,   1.184,   1.200,9999.000,9999.000,9999.000,9999.000,9999.000,9999.000,9999.000
202604081142,   1.167,   1.200,9999.000,9999.000,9999.000,9999.000,9999.000,9999.000,9999.000
202604081148,   1.149,   1.190,9999.000,9999.000,9999.000,9999.000,9999.000,9999.000,9999.000
202604081154,   1.130,   1.200,9999.000,9999.000,9999.000,9999.000,9999.000,9999.000,9999.000
202604081200,   1.110,   1.151,   0.000,   0.041,   1.151,  -0.100,   1.051,   0.000,   1.151
202604081206,   1.089,   1.170,9999.000,9999.000,9999.000,9999.000,9999.000,9999.000,9999.000
202604081212,   1.067,   1.098,9999.000,9999.000,9999.000,9999.000,9999.000,9999.000,9999.000
202604081218,   1.044,   1.128,9999.000,9999.000,9999.000,9999.000,9999.000,9999.000,9999.000
202604081224,   1.020,   1.108,9999.000,9999.000,9999.000,9999.000,9999.000,9999.000,9999.000
202604081230,   0.996,   1.108,9999.000,9999.000,9999.000,9999.000,9999.000,9999.000,9999.000
202604081236,   0.971,   1.059,9999.000,9999.000,9999.000,9999.000,9999.000,9999.000,9999.000
202604081242,   0.945,   1.088,9999.000,9999.000,9999.000,9999.000,9999.000,9999.000,9999.000
202604081248,   0.920,   1.108,9999.000,9999.000,9999.000,9999.000,9999.000,9999.000,9999.000
202604081254,   0.894,   1.059,9999.000,9999.000,9999.000,9999.000,9999.000,9999.000,9999.000
202604081300,   0.868,   1.079,   0.000,   0.211,   1.079,  -0.100,   0.979,   0.000,   1.079
202604081306,   0.843,   1.010,9999.000,9999.000,9999.000,9999.000,9999.000,9999.000,9999.000
202604081312,   0.817,   1.000,9999.000,9999.000,9999.000,9999.000,9999.000,9999.000,9999.000
202604081318,   0.792,   0.990,9999.000,9999.000,9999.000,9999.000,9999.000,9999.000,9999.000
202604081324,   0.768,   0.961,9999.000,9999.000,9999.000,9999.000,9999.000,9999.000,9999.000
202604081330,   0.744,   0.961,9999.000,9999.000,9999.000,9999.000,9999.000,9999.000,9999.000
202604081336,   0.721,   0.961,9999.000,9999.000,9999.000,9999.000,9999.000,9999.000,9999.000
202604081342,   0.699,   0.961,9999.000,9999.000,9999.000,9999.000,9999.000,9999.000,9999.000
202604081348,   0.678,   0.918,9999.000,9999.000,9999.000,9999.000,9999.000,9999.000,9999.000
202604081354,   0.658,   0.879,9999.000,9999.000,9999.000,9999.000,9999.000,9999.000,9999.000
202604081400,   0.638,   0.869,   0.000,   0.231,   0.869,  -0.100,   0.769,   0.000,   0.869
202604081406,   0.620,   0.879,9999.000,9999.000,9999.000,9999.000,9999.000,9999.000,9999.000
202604081412,   0.603,   0.839,9999.000,9999.000,9999.000,9999.000,9999.000,9999.000,9999.000
202604081418,   0.586,   0.810,9999.000,9999.000,9999.000,9999.000,9999.000,9999.000,9999.000
202604081424,   0.571,   0.810,9999.000,9999.000,9999.000,9999.000,9999.000,9999.000,9999.000
202604081430,   0.557,   0.741,9999.000,9999.000,9999.000,9999.000,9999.000,9999.000,9999.000
202604081436,   0.544,   0.751,9999.000,9999.000,9999.000,9999.000,9999.000,9999.000,9999.000
202604081442,   0.532,   0.780,9999.000,9999.000,9999.000,9999.000,9999.000,9999.000,9999.000
202604081448,   0.520,   0.731,9999.000,9999.000,9999.000,9999.000,9999.000,9999.000,9999.000
202604081454,   0.510,   0.718,9999.000,9999.000,9999.000,9999.000,9999.000,9999.000,9999.000
202604081500,   0.500,   0.731,   0.000,   0.231,   0.731,  -0.100,   0.631,   0.000,   0.731
202604081506,   0.491,   0.741,9999.000,9999.000,9999.000,9999.000,9999.000,9999.000,9999.000
202604081512,   0.482,   0.659,9999.000,9999.000,9999.000,9999.000,9999.000,9999.000,9999.000
202604081518,   0.474,   0.659,9999.000,9999.000,9999.000,9999.000,9999.000,9999.000,9999.000
202604081524,   0.467,   0.629,9999.000,9999.000,9999.000,9999.000,9999.000,9999.000,9999.000
202604081530,   0.460,   0.639,9999.000,9999.000,9999.000,9999.000,9999.000,9999.000,9999.000
202604081536,   0.454,   0.629,9999.000,9999.000,9999.000,9999.000,9999.000,9999.000,9999.000
202604081542,   0.448,   0.619,9999.000,9999.000,9999.000,9999.000,9999.000,9999.000,9999.000
202604081548,   0.442,   0.610,9999.000,9999.000,9999.000,9999.000,9999.000,9999.000,9999.000
202604081554,   0.437,   0.619,9999.000,9999.000,9999.000,9999.000,9999.000,9999.000,9999.000
202604081600,   0.433,   0.619,   0.000,   0.186,   0.619,   0.000,   0.619,   0.000,   0.619
202604081606,   0.428,   0.619,9999.000,9999.000,9999.000,9999.000,9999.000,9999.000,9999.000
202604081612,   0.425,   0.629,9999.000,9999.000,9999.000,9999.000,9999.000,9999.000,9999.000
202604081618,   0.421,   0.629,9999.000,9999.000,9999.000,9999.000,9999.000,9999.000,9999.000
202604081624,   0.419,   0.610,9999.000,9999.000,9999.000,9999.000,9999.000,9999.000,9999.000
202604081630,   0.417,   0.619,9999.000,9999.000,9999.000,9999.000,9999.000,9999.000,9999.000
202604081636,   0.415,   0.619,9999.000,9999.000,9999.000,9999.000,9999.000,9999.000,9999.000
202604081642,   0.414,   0.619,9999.000,9999.000,9999.000,9999.000,9999.000,9999.000,9999.000
202604081648,   0.415,   0.629,9999.000,9999.000,9999.000,9999.000,9999.000,9999.000,9999.000
202604081654,   0.416,   0.639,9999.000,9999.000,9999.000,9999.000,9999.000,9999.000,9999.000
202604081700,   0.418,   0.688,   0.000,   0.270,   0.688,   0.000,   0.688,   0.000,   0.688
202604081706,   0.421,   0.639,9999.000,9999.000,9999.000,9999.000,9999.000,9999.000,9999.000
202604081712,   0.425,   0.659,9999.000,9999.000,9999.000,9999.000,9999.000,9999.000,9999.000
202604081718,   0.430,   0.649,9999.000,9999.000,9999.000,9999.000,9999.000,9999.000,9999.000
202604081724,   0.436,   0.698,9999.000,9999.000,9999.000,9999.000,9999.000,9999.000,9999.000
202604081730,   0.444,   0.751,9999.000,9999.000,9999.000,9999.000,9999.000,9999.000,9999.000
202604081736,   0.453,   0.708,9999.000,9999.000,9999.000,9999.000,9999.000,9999.000,9999.000
202604081742,   0.464,   0.718,9999.000,9999.000,9999.000,9999.000,9999.000,9999.000,9999.000
202604081748,   0.476,   0.751,9999.000,9999.000,9999.000,9999.000,9999.000,9999.000,9999.000
202604081754,   0.489,   0.760,9999.000,9999.000,9999.000,9999.000,9999.000,9999.000,9999.000
202604081800,   0.503,   0.790,   0.100,   0.187,   0.790,   0.000,   0.690,   0.100,   0.790
202604081806,   0.519,   0.810,9999.000,9999.000,9999.000,9999.000,9999.000,9999.000,9999.000
202604081812,   0.535,   0.849,9999.000,9999.000,9999.000,9999.000,9999.000,9999.000,9999.000
202604081818,   0.553,   0.849,9999.000,9999.000,9999.000,9999.000,9999.000,9999.000,9999.000
202604081824,   0.572,   0.888,9999.000,9999.000,9999.000,9999.000,9999.000,9999.000,9999.000
202604081830,   0.592,   0.908,9999.000,9999.000,9999.000,9999.000,9999.000,9999.000,9999.000
202604081836,   0.613,   0.941,9999.000,9999.000,9999.000,9999.000,9999.000,9999.000,9999.000
202604081842,   0.634,   0.970,9999.000,9999.000,9999.000,9999.000,9999.000,9999.000,9999.000
202604081848,   0.656,   0.990,9999.000,9999.000,9999.000,9999.000,9999.000,9999.000,9999.000
202604081854,   0.678,   1.010,9999.000,9999.000,9999.000,9999.000,9999.000,9999.000,9999.000
202604081900,   0.701,   0.970,   0.100,   0.169,   0.970,   0.000,   0.870,   0.200,   1.070
202604081906,   0.724,   1.098,9999.000,9999.000,9999.000,9999.000,9999.000,9999.000,9999.000
202604081912,   0.746,   1.088,9999.000,9999.000,9999.000,9999.000,9999.000,9999.000,9999.000
202604081918,   0.769,   1.079,9999.000,9999.000,9999.000,9999.000,9999.000,9999.000,9999.000
202604081924,   0.791,   1.180,9999.000,9999.000,9999.000,9999.000,9999.000,9999.000,9999.000
202604081930,   0.813,   1.118,9999.000,9999.000,9999.000,9999.000,9999.000,9999.000,9999.000
202604081936,   0.834,   1.180,9999.000,9999.000,9999.000,9999.000,9999.000,9999.000,9999.000
202604081942,   0.854,   1.200,9999.000,9999.000,9999.000,9999.000,9999.000,9999.000,9999.000
202604081948,   0.874,   1.229,9999.000,9999.000,9999.000,9999.000,9999.000,9999.000,9999.000
202604081954,   0.892,   1.249,9999.000,9999.000,9999.000,9999.000,9999.000,9999.000,9999.000
202604082000,   0.910,   1.259,   0.100,   0.249,   1.259,   0.100,   1.259,   0.200,   1.359
202604082006,   0.927,   1.298,9999.000,9999.000,9999.000,9999.000,9999.000,9999.000,9999.000
202604082012,   0.942,   1.318,9999.000,9999.000,9999.000,9999.000,9999.000,9999.000,9999.000
202604082018,   0.957,   1.338,9999.000,9999.000,9999.000,9999.000,9999.000,9999.000,9999.000
202604082024,   0.970,   1.371,9999.000,9999.000,9999.000,9999.000,9999.000,9999.000,9999.000
202604082030,   0.982,   1.400,9999.000,9999.000,9999.000,9999.000,9999.000,9999.000,9999.000
202604082036,   0.994,   1.400,9999.000,9999.000,9999.000,9999.000,9999.000,9999.000,9999.000
202604082042,   1.004,   1.439,9999.000,9999.000,9999.000,9999.000,9999.000,9999.000,9999.000
202604082048,   1.013,   1.459,9999.000,9999.000,9999.000,9999.000,9999.000,9999.000,9999.000
202604082054,   1.021,   1.479,9999.000,9999.000,9999.000,9999.000,9999.000,9999.000,9999.000
202604082100,   1.028,   1.508,   0.100,   0.380,   1.508,   0.100,   1.508,   0.200,   1.608
202604082106,   1.034,   1.430,9999.000,9999.000,9999.000,9999.000,9999.000,9999.000,9999.000
202604082112,   1.040,   1.548,9999.000,9999.000,9999.000,9999.000,9999.000,9999.000,9999.000
202604082118,   1.045,   1.557,9999.000,9999.000,9999.000,9999.000,9999.000,9999.000,9999.000
202604082124,   1.049,   1.571,9999.000,9999.000,9999.000,9999.000,9999.000,9999.000,9999.000
202604082130,   1.053,   1.580,9999.000,9999.000,9999.000,9999.000,9999.000,9999.000,9999.000
202604082136,   1.056,   1.610,9999.000,9999.000,9999.000,9999.000,9999.000,9999.000,9999.000
202604082142,   1.058,   1.610,9999.000,9999.000,9999.000,9999.000,9999.000,9999.000,9999.000
202604082148,   1.061,   1.620,9999.000,9999.000,9999.000,9999.000,9999.000,9999.000,9999.000
202604082154,   1.062,   1.649,9999.000,9999.000,9999.000,9999.000,9999.000,9999.000,9999.000
202604082200,   1.064,   1.659,   0.100,   0.495,   1.659,   0.100,   1.659,   0.200,   1.759
202604082206,   1.065,   1.669,9999.000,9999.000,9999.000,9999.000,9999.000,9999.000,9999.000
202604082212,   1.066,   1.679,9999.000,9999.000,9999.000,9999.000,9999.000,9999.000,9999.000
202604082218,   1.067,   1.689,9999.000,9999.000,9999.000,9999.000,9999.000,9999.000,9999.000
202604082224,   1.067,   1.708,9999.000,9999.000,9999.000,9999.000,9999.000,9999.000,9999.000
202604082230,   1.067,   1.689,9999.000,9999.000,9999.000,9999.000,9999.000,9999.000,9999.000
202604082236,   1.066,   1.708,9999.000,9999.000,9999.000,9999.000,9999.000,9999.000,9999.000
202604082242,   1.065,   1.748,9999.000,9999.000,9999.000,9999.000,9999.000,9999.000,9999.000
202604082248,   1.063,   1.718,9999.000,9999.000,9999.000,9999.000,9999.000,9999.000,9999.000
202604082254,   1.061,   1.767,9999.000,9999.000,9999.000,9999.000,9999.000,9999.000,9999.000
202604082300,   1.058,   1.728,   0.200,   0.470,   1.728,   0.100,   1.628,   0.200,   1.728
202604082306,   1.054,   1.718,9999.000,9999.000,9999.000,9999.000,9999.000,9999.000,9999.000
202604082312,   1.050,   1.728,9999.000,9999.000,9999.000,9999.000,9999.000,9999.000,9999.000
202604082318,   1.044,   1.728,9999.000,9999.000,9999.000,9999.000,9999.000,9999.000,9999.000
202604082324,   1.038,   1.718,9999.000,9999.000,9999.000,9999.000,9999.000,9999.000,9999.000
202604082330,   1.030,   1.728,9999.000,9999.000,9999.000,9999.000,9999.000,9999.000,9999.000
202604082336,   1.022,   1.718,9999.000,9999.000,9999.000,9999.000,9999.000,9999.000,9999.000
202604082342,   1.012,   1.718,9999.000,9999.000,9999.000,9999.000,9999.000,9999.000,9999.000
202604082348,   1.001,   1.699,9999.000,9999.000,9999.000,9999.000,9999.000,9999.000,9999.000
202604082354,   0.988,   1.718,9999.000,9999.000,9999.000,9999.000,9999.000,9999.000,9999.000
202604090000,   0.975,   1.708,   0.400,   0.333,   1.708,   0.300,   1.608,   0.400,   1.708
202604090006,   0.960,   1.689,9999.000,9999.000,9999.000,9999.000,9999.000,9999.000,9999.000
202604090012,   0.944,   1.679,9999.000,9999.000,9999.000,9999.000,9999.000,9999.000,9999.000
202604090018,   0.926,   1.708,9999.000,9999.000,9999.000,9999.000,9999.000,9999.000,9999.000
202604090024,   0.908,   1.718,9999.000,9999.000,9999.000,9999.000,9999.000,9999.000,9999.000
202604090030,   0.888,   1.699,9999.000,9999.000,9999.000,9999.000,9999.000,9999.000,9999.000
202604090036,   0.867,   1.718,9999.000,9999.000,9999.000,9999.000,9999.000,9999.000,9999.000
202604090042,   0.846,   1.699,9999.000,9999.000,9999.000,9999.000,9999.000,9999.000,9999.000
202604090048,   0.823,   1.659,9999.000,9999.000,9999.000,9999.000,9999.000,9999.000,9999.000
202604090054,   0.800,   1.508,9999.000,9999.000,9999.000,9999.000,9999.000,9999.000,9999.000
202604090100,   0.776,   1.630,   0.400,   0.454,   1.630,   0.400,   1.630,   0.400,   1.630
202604090106,   0.752,   1.528,9999.000,9999.000,9999.000,9999.000,9999.000,9999.000,9999.000
202604090112,   0.727,   1.571,9999.000,9999.000,9999.000,9999.000,9999.000,9999.000,9999.000
202604090118,   0.702,   1.538,9999.000,9999.000,9999.000,9999.000,9999.000,9999.000,9999.000
202604090124,   0.677,   1.508,9999.000,9999.000,9999.000,9999.000,9999.000,9999.000,9999.000
202604090130,   0.653,   1.449,9999.000,9999.000,9999.000,9999.000,9999.000,9999.000,9999.000
202604090136,   0.628,   1.508,9999.000,9999.000,9999.000,9999.000,9999.000,9999.000,9999.000
202604090142,   0.604,   1.469,9999.000,9999.000,9999.000,9999.000,9999.000,9999.000,9999.000
202604090148,   0.581,   1.489,9999.000,9999.000,9999.000,9999.000,9999.000,9999.000,9999.000
202604090154,   0.558,   1.489,9999.000,9999.000,9999.000,9999.000,9999.000,9999.000,9999.000
202604090200,   0.536,   1.459,   0.400,   0.523,   1.459,   0.400,   1.459,   0.500,   1.559
202604090206,   0.515,   1.489,9999.000,9999.000,9999.000,9999.000,9999.000,9999.000,9999.000
202604090212,   0.495,   1.439,9999.000,9999.000,9999.000,9999.000,9999.000,9999.000,9999.000
202604090218,   0.475,   1.338,9999.000,9999.000,9999.000,9999.000,9999.000,9999.000,9999.000
202604090224,   0.457,   1.439,9999.000,9999.000,9999.000,9999.000,9999.000,9999.000,9999.000
202604090230,   0.440,   1.338,9999.000,9999.000,9999.000,9999.000,9999.000,9999.000,9999.000
202604090236,   0.425,   1.380,9999.000,9999.000,9999.000,9999.000,9999.000,9999.000,9999.000
202604090242,   0.410,   1.318,9999.000,9999.000,9999.000,9999.000,9999.000,9999.000,9999.000
202604090248,   0.397,   1.318,9999.000,9999.000,9999.000,9999.000,9999.000,9999.000,9999.000
202604090254,   0.385,   1.298,9999.000,9999.000,9999.000,9999.000,9999.000,9999.000,9999.000
202604090300,   0.374,   1.338,   0.400,   0.564,   1.338,   0.400,   1.338,   0.500,   1.438
202604090306,   0.364,   1.308,9999.000,9999.000,9999.000,9999.000,9999.000,9999.000,9999.000
202604090312,   0.356,   1.298,9999.000,9999.000,9999.000,9999.000,9999.000,9999.000,9999.000
202604090318,   0.348,   1.259,9999.000,9999.000,9999.000,9999.000,9999.000,9999.000,9999.000
202604090324,   0.341,   1.259,9999.000,9999.000,9999.000,9999.000,9999.000,9999.000,9999.000
202604090330,   0.336,   1.210,9999.000,9999.000,9999.000,9999.000,9999.000,9999.000,9999.000
202604090336,   0.331,   1.210,9999.000,9999.000,9999.000,9999.000,9999.000,9999.000,9999.000
202604090342,   0.327,   1.190,9999.000,9999.000,9999.000,9999.000,9999.000,9999.000,9999.000
202604090348,   0.324,   1.161,9999.000,9999.000,9999.000,9999.000,9999.000,9999.000,9999.000
202604090354,   0.322,   1.118,9999.000,9999.000,9999.000,9999.000,9999.000,9999.000,9999.000
202604090400,   0.320,   1.200,   0.400,   0.480,   1.200,   0.400,   1.200,   0.500,   1.300
202604090406,   0.319,   1.180,9999.000,9999.000,9999.000,9999.000,9999.000,9999.000,9999.000
202604090412,   0.319,   1.161,9999.000,9999.000,9999.000,9999.000,9999.000,9999.000,9999.000
202604090418,   0.320,   1.138,9999.000,9999.000,9999.000,9999.000,9999.000,9999.000,9999.000
202604090424,   0.321,   1.200,9999.000,9999.000,9999.000,9999.000,9999.000,9999.000,9999.000
202604090430,   0.322,   1.161,9999.000,9999.000,9999.000,9999.000,9999.000,9999.000,9999.000
202604090436,   0.325,   1.161,9999.000,9999.000,9999.000,9999.000,9999.000,9999.000,9999.000
202604090442,   0.328,   1.180,9999.000,9999.000,9999.000,9999.000,9999.000,9999.000,9999.000
202604090448,   0.332,   1.210,9999.000,9999.000,9999.000,9999.000,9999.000,9999.000,9999.000
202604090454,   0.337,   1.190,9999.000,9999.000,9999.000,9999.000,9999.000,9999.000,9999.000
202604090500,   0.343,   1.220,   0.400,   0.477,   1.220,   0.400,   1.220,   0.500,   1.320
202604090506,   0.349,   1.210,9999.000,9999.000,9999.000,9999.000,9999.000,9999.000,9999.000
202604090512,   0.357,   1.220,9999.000,9999.000,9999.000,9999.000,9999.000,9999.000,9999.000
202604090518,   0.365,   1.220,9999.000,9999.000,9999.000,9999.000,9999.000,9999.000,9999.000
202604090524,   0.375,   1.259,9999.000,9999.000,9999.000,9999.000,9999.000,9999.000,9999.000
202604090530,   0.386,   1.289,9999.000,9999.000,9999.000,9999.000,9999.000,9999.000,9999.000
202604090536,   0.398,   1.249,9999.000,9999.000,9999.000,9999.000,9999.000,9999.000,9999.000
202604090542,   0.411,   1.220,9999.000,9999.000,9999.000,9999.000,9999.000,9999.000,9999.000
202604090548,   0.426,   1.308,9999.000,9999.000,9999.000,9999.000,9999.000,9999.000,9999.000
202604090554,   0.442,   1.279,9999.000,9999.000,9999.000,9999.000,9999.000,9999.000,9999.000
202604090600,   0.459,   1.348,   0.500,   0.389,   1.348,   0.500,   1.348,   0.600,   1.448
202604090606,   0.478,   1.328,9999.000,9999.000,9999.000,9999.000,9999.000,9999.000,9999.000
202604090612,   0.498,   1.380,9999.000,9999.000,9999.000,9999.000,9999.000,9999.000,9999.000
202604090618,   0.519,   1.410,9999.000,9999.000,9999.000,9999.000,9999.000,9999.000,9999.000
202604090624,   0.541,   1.420,9999.000,9999.000,9999.000,9999.000,9999.000,9999.000,9999.000
202604090630,   0.565,   1.489,9999.000,9999.000,9999.000,9999.000,9999.000,9999.000,9999.000
202604090636,   0.590,   1.449,9999.000,9999.000,9999.000,9999.000,9999.000,9999.000,9999.000
202604090642,   0.616,   1.528,9999.000,9999.000,9999.000,9999.000,9999.000,9999.000,9999.000
202604090648,   0.642,   1.538,9999.000,9999.000,9999.000,9999.000,9999.000,9999.000,9999.000
202604090654,   0.670,   1.548,9999.000,9999.000,9999.000,9999.000,9999.000,9999.000,9999.000
202604090700,   0.698,   1.620,   0.500,   0.422,   1.620,   0.500,   1.620,   0.600,   1.720
202604090706,   0.727,   1.630,9999.000,9999.000,9999.000,9999.000,9999.000,9999.000,9999.000
202604090712,   0.756,   1.620,9999.000,9999.000,9999.000,9999.000,9999.000,9999.000,9999.000
202604090718,   0.785,   1.679,9999.000,9999.000,9999.000,9999.000,9999.000,9999.000,9999.000
202604090724,   0.815,   1.679,9999.000,9999.000,9999.000,9999.000,9999.000,9999.000,9999.000
202604090730,   0.844,   1.699,9999.000,9999.000,9999.000,9999.000,9999.000,9999.000,9999.000
202604090736,   0.873,   1.767,9999.000,9999.000,9999.000,9999.000,9999.000,9999.000,9999.000
202604090742,   0.902,   1.840,9999.000,9999.000,9999.000,9999.000,9999.000,9999.000,9999.000
202604090748,   0.930,   1.810,9999.000,9999.000,9999.000,9999.000,9999.000,9999.000,9999.000
202604090754,   0.957,   1.849,9999.000,9999.000,9999.000,9999.000,9999.000,9999.000,9999.000
202604090800,   0.984,   1.830,   0.500,   0.346,   1.830,   0.500,   1.830,   0.600,   1.930
202604090806,   1.009,   1.859,9999.000,9999.000,9999.000,9999.000,9999.000,9999.000,9999.000
202604090812,   1.034,   1.899,9999.000,9999.000,9999.000,9999.000,9999.000,9999.000,9999.000
202604090818,   1.057,   1.908,9999.000,9999.000,9999.000,9999.000,9999.000,9999.000,9999.000
202604090824,   1.079,   1.928,9999.000,9999.000,9999.000,9999.000,9999.000,9999.000,9999.000
202604090830,   1.099,   1.981,9999.000,9999.000,9999.000,9999.000,9999.000,9999.000,9999.000
202604090836,   1.119,   1.981,9999.000,9999.000,9999.000,9999.000,9999.000,9999.000,9999.000
202604090842,   1.136,   2.079,9999.000,9999.000,9999.000,9999.000,9999.000,9999.000,9999.000
202604090848,   1.153,   1.990,9999.000,9999.000,9999.000,9999.000,9999.000,9999.000,9999.000
202604090854,   1.168,   2.010,9999.000,9999.000,9999.000,9999.000,9999.000,9999.000,9999.000
202604090900,   1.181,   2.040,   0.500,   0.359,   2.040,   0.500,   2.040,   0.600,   2.140
202604090906,   1.193,   2.069,9999.000,9999.000,9999.000,9999.000,9999.000,9999.000,9999.000
202604090912,   1.204,   2.109,9999.000,9999.000,9999.000,9999.000,9999.000,9999.000,9999.000
202604090918,   1.214,   2.089,9999.000,9999.000,9999.000,9999.000,9999.000,9999.000,9999.000
202604090924,   1.222,   2.128,9999.000,9999.000,9999.000,9999.000,9999.000,9999.000,9999.000
202604090930,   1.230,   2.158,9999.000,9999.000,9999.000,9999.000,9999.000,9999.000,9999.000
202604090936,   1.236,   2.168,9999.000,9999.000,9999.000,9999.000,9999.000,9999.000,9999.000
202604090942,   1.241,   2.177,9999.000,9999.000,9999.000,9999.000,9999.000,9999.000,9999.000
202604090948,   1.246,   2.168,9999.000,9999.000,9999.000,9999.000,9999.000,9999.000,9999.000
202604090954,   1.250,   2.279,9999.000,9999.000,9999.000,9999.000,9999.000,9999.000,9999.000
202604091000,   1.253,   2.230,   0.500,   0.477,   2.230,   0.500,   2.230,   0.600,   2.330
202604091006,   1.255,   2.230,9999.000,9999.000,9999.000,9999.000,9999.000,9999.000,9999.000
202604091012,   1.257,   2.240,9999.000,9999.000,9999.000,9999.000,9999.000,9999.000,9999.000
202604091018,   1.258,   2.240,9999.000,9999.000,9999.000,9999.000,9999.000,9999.000,9999.000
202604091024,   1.259,   2.279,9999.000,9999.000,9999.000,9999.000,9999.000,9999.000,9999.000
202604091030,   1.260,   2.259,9999.000,9999.000,9999.000,9999.000,9999.000,9999.000,9999.000
202604091036,   1.260,   2.279,9999.000,9999.000,9999.000,9999.000,9999.000,9999.000,9999.000
202604091042,   1.259,   2.269,9999.000,9999.000,9999.000,9999.000,9999.000,9999.000,9999.000
202604091048,   1.259,   2.269,9999.000,9999.000,9999.000,9999.000,9999.000,9999.000,9999.000
202604091054,   1.258,   2.259,9999.000,9999.000,9999.000,9999.000,9999.000,9999.000,9999.000
202604091100,   1.256,   2.230,   0.500,   0.474,   2.230,   0.500,   2.230,   0.600,   2.330
202604091106,   1.254,   2.240,9999.000,9999.000,9999.000,9999.000,9999.000,9999.000,9999.000
202604091112,   1.252,   2.259,9999.000,9999.000,9999.000,9999.000,9999.000,9999.000,9999.000
202604091118,   1.249,   2.250,9999.000,9999.000,9999.000,9999.000,9999.000,9999.000,9999.000
202604091124,   1.245,   2.259,9999.000,9999.000,9999.000,9999.000,9999.000,9999.000,9999.000
202604091130,   1.240,   2.240,9999.000,9999.000,9999.000,9999.000,9999.000,9999.000,9999.000
202604091136,   1.235,   2.240,9999.000,9999.000,9999.000,9999.000,9999.000,9999.000,9999.000
202604091142,   1.229,   2.230,9999.000,9999.000,9999.000,9999.000,9999.000,9999.000,9999.000
202604091148,   1.223,   2.210,9999.000,9999.000,9999.000,9999.000,9999.000,9999.000,9999.000
202604091154,   1.215,   2.200,9999.000,9999.000,9999.000,9999.000,9999.000,9999.000,9999.000
202604091200,   1.206,   2.191,   0.500,   0.485,   2.191,   0.500,   2.191,   0.600,   2.291
202604091206,   1.196,   2.191,9999.000,9999.000,9999.000,9999.000,9999.000,9999.000,9999.000
202604091212,   1.185,   2.158,9999.000,9999.000,9999.000,9999.000,9999.000,9999.000,9999.000
202604091218,   1.173,   2.158,9999.000,9999.000,9999.000,9999.000,9999.000,9999.000,9999.000
202604091224,   1.160,   2.148,9999.000,9999.000,9999.000,9999.000,9999.000,9999.000,9999.000
202604091230,   1.145,   2.128,9999.000,9999.000,9999.000,9999.000,9999.000,9999.000,9999.000
202604091236,   1.129,   2.099,9999.000,9999.000,9999.000,9999.000,9999.000,9999.000,9999.000
202604091242,   1.113,   2.109,9999.000,9999.000,9999.000,9999.000,9999.000,9999.000,9999.000
202604091248,   1.095,   2.089,9999.000,9999.000,9999.000,9999.000,9999.000,9999.000,9999.000
202604091254,   1.076,   2.069,9999.000,9999.000,9999.000,9999.000,9999.000,9999.000,9999.000
202604091300,   1.056,   2.040,   0.500,   0.484,   2.040,   0.500,   2.040,   0.600,   2.140
202604091306,   1.035,   1.938,9999.000,9999.000,9999.000,9999.000,9999.000,9999.000,9999.000
202604091312,   1.013,   2.020,9999.000,9999.000,9999.000,9999.000,9999.000,9999.000,9999.000
202604091318,   0.991,   1.990,9999.000,9999.000,9999.000,9999.000,9999.000,9999.000,9999.000
202604091324,   0.968,   1.958,9999.000,9999.000,9999.000,9999.000,9999.000,9999.000,9999.000
202604091330,   0.945,   1.928,9999.000,9999.000,9999.000,9999.000,9999.000,9999.000,9999.000
202604091336,   0.921,   1.918,9999.000,9999.000,9999.000,9999.000,9999.000,9999.000,9999.000
202604091342,   0.897,   1.879,9999.000,9999.000,9999.000,9999.000,9999.000,9999.000,9999.000
202604091348,   0.873,   1.859,9999.000,9999.000,9999.000,9999.000,9999.000,9999.000,9999.000
202604091354,   0.850,   1.849,9999.000,9999.000,9999.000,9999.000,9999.000,9999.000,9999.000
202604091400,   0.826,   1.810,   0.500,   0.484,   1.810,   0.500,   1.810,   0.600,   1.910
202604091406,   0.802,   1.790,9999.000,9999.000,9999.000,9999.000,9999.000,9999.000,9999.000
202604091412,   0.780,   1.748,9999.000,9999.000,9999.000,9999.000,9999.000,9999.000,9999.000
202604091418,   0.757,   1.748,9999.000,9999.000,9999.000,9999.000,9999.000,9999.000,9999.000
202604091424,   0.735,   1.718,9999.000,9999.000,9999.000,9999.000,9999.000,9999.000,9999.000
202604091430,   0.714,   1.659,9999.000,9999.000,9999.000,9999.000,9999.000,9999.000,9999.000
202604091436,   0.694,   1.669,9999.000,9999.000,9999.000,9999.000,9999.000,9999.000,9999.000
202604091442,   0.675,   1.620,9999.000,9999.000,9999.000,9999.000,9999.000,9999.000,9999.000
202604091448,   0.656,   1.620,9999.000,9999.000,9999.000,9999.000,9999.000,9999.000,9999.000
202604091454,   0.639,   1.557,9999.000,9999.000,9999.000,9999.000,9999.000,9999.000,9999.000
202604091500,   0.622,   1.548,   0.500,   0.426,   1.548,   0.500,   1.548,   0.600,   1.648
202604091506,   0.606,   1.528,9999.000,9999.000,9999.000,9999.000,9999.000,9999.000,9999.000
202604091512,   0.592,   1.498,9999.000,9999.000,9999.000,9999.000,9999.000,9999.000,9999.000
202604091518,   0.578,   1.489,9999.000,9999.000,9999.000,9999.000,9999.000,9999.000,9999.000
202604091524,   0.565,   1.489,9999.000,9999.000,9999.000,9999.000,9999.000,9999.000,9999.000
202604091530,   0.553,   1.469,9999.000,9999.000,9999.000,9999.000,9999.000,9999.000,9999.000
202604091536,   0.542,   1.439,9999.000,9999.000,9999.000,9999.000,9999.000,9999.000,9999.000
202604091542,   0.532,   1.420,9999.000,9999.000,9999.000,9999.000,9999.000,9999.000,9999.000
202604091548,   0.522,   1.410,9999.000,9999.000,9999.000,9999.000,9999.000,9999.000,9999.000
202604091554,   0.513,   1.390,9999.000,9999.000,9999.000,9999.000,9999.000,9999.000,9999.000
202604091600,   0.504,   1.390,   0.500,   0.386,   1.390,   0.500,   1.390,   0.600,   1.490
202604091606,   0.497,   1.361,9999.000,9999.000,9999.000,9999.000,9999.000,9999.000,9999.000
202604091612,   0.489,   1.348,9999.000,9999.000,9999.000,9999.000,9999.000,9999.000,9999.000
202604091618,   0.482,   1.380,9999.000,9999.000,9999.000,9999.000,9999.000,9999.000,9999.000
202604091624,   0.475,   1.328,9999.000,9999.000,9999.000,9999.000,9999.000,9999.000,9999.000
202604091630,   0.469,   1.338,9999.000,9999.000,9999.000,9999.000,9999.000,9999.000,9999.000
202604091636,   0.463,   1.289,9999.000,9999.000,9999.000,9999.000,9999.000,9999.000,9999.000
202604091642,   0.458,   1.259,9999.000,9999.000,9999.000,9999.000,9999.000,9999.000,9999.000
202604091648,   0.453,   1.289,9999.000,9999.000,9999.000,9999.000,9999.000,9999.000,9999.000
202604091654,   0.448,   1.239,9999.000,9999.000,9999.000,9999.000,9999.000,9999.000,9999.000
202604091700,   0.443,   1.229,   0.500,   0.286,   1.229,   0.500,   1.229,   0.600,   1.329
202604091706,   0.439,   1.200,9999.000,9999.000,9999.000,9999.000,9999.000,9999.000,9999.000
202604091712,   0.436,   1.220,9999.000,9999.000,9999.000,9999.000,9999.000,9999.000,9999.000
202604091718,   0.433,   1.180,9999.000,9999.000,9999.000,9999.000,9999.000,9999.000,9999.000
202604091724,   0.430,   1.200,9999.000,9999.000,9999.000,9999.000,9999.000,9999.000,9999.000
202604091730,   0.429,   1.170,9999.000,9999.000,9999.000,9999.000,9999.000,9999.000,9999.000
202604091736,   0.428,   1.170,9999.000,9999.000,9999.000,9999.000,9999.000,9999.000,9999.000
202604091742,   0.428,   1.180,9999.000,9999.000,9999.000,9999.000,9999.000,9999.000,9999.000
202604091748,   0.428,   1.170,9999.000,9999.000,9999.000,9999.000,9999.000,9999.000,9999.000
202604091754,   0.430,   1.239,9999.000,9999.000,9999.000,9999.000,9999.000,9999.000,9999.000
202604091800,   0.433,   1.170,   0.500,   0.237,   1.170,   0.500,   1.170,   0.600,   1.270
202604091806,   0.437,   1.249,9999.000,9999.000,9999.000,9999.000,9999.000,9999.000,9999.000
202604091812,   0.442,   1.180,9999.000,9999.000,9999.000,9999.000,9999.000,9999.000,9999.000
202604091818,   0.448,   1.170,9999.000,9999.000,9999.000,9999.000,9999.000,9999.000,9999.000
202604091824,   0.456,   1.190,9999.000,9999.000,9999.000,9999.000,9999.000,9999.000,9999.000
202604091830,   0.465,   1.180,9999.000,9999.000,9999.000,9999.000,9999.000,9999.000,9999.000
202604091836,   0.475,   1.200,9999.000,9999.000,9999.000,9999.000,9999.000,9999.000,9999.000
202604091842,   0.487,   1.239,9999.000,9999.000,9999.000,9999.000,9999.000,9999.000,9999.000
202604091848,   0.500,   1.210,9999.000,9999.000,9999.000,9999.000,9999.000,9999.000,9999.000
202604091854,   0.514,   1.190,9999.000,9999.000,9999.000,9999.000,9999.000,9999.000,9999.000
202604091900,   0.529,   1.210,   0.500,   0.181,   1.210,   0.500,   1.210,   0.600,   1.310
202604091906,   0.546,   1.229,9999.000,9999.000,9999.000,9999.000,9999.000,9999.000,9999.000
202604091912,   0.564,   1.210,9999.000,9999.000,9999.000,9999.000,9999.000,9999.000,9999.000
202604091918,   0.582,   1.239,9999.000,9999.000,9999.000,9999.000,9999.000,9999.000,9999.000
202604091924,   0.602,   1.249,9999.000,9999.000,9999.000,9999.000,9999.000,9999.000,9999.000
202604091930,   0.622,   1.259,9999.000,9999.000,9999.000,9999.000,9999.000,9999.000,9999.000
202604091936,   0.643,   1.289,9999.000,9999.000,9999.000,9999.000,9999.000,9999.000,9999.000
202604091942,   0.664,   1.279,9999.000,9999.000,9999.000,9999.000,9999.000,9999.000,9999.000
202604091948,   0.686,   1.318,9999.000,9999.000,9999.000,9999.000,9999.000,9999.000,9999.000
202604091954,   0.708,   1.338,9999.000,9999.000,9999.000,9999.000,9999.000,9999.000,9999.000
202604092000,   0.730,   1.390,   0.500,   0.160,   1.390,   0.500,   1.390,   0.600,   1.490
202604092006,   0.752,   1.400,9999.000,9999.000,9999.000,9999.000,9999.000,9999.000,9999.000
202604092012,   0.773,   1.400,9999.000,9999.000,9999.000,9999.000,9999.000,9999.000,9999.000
202604092018,   0.795,   1.420,9999.000,9999.000,9999.000,9999.000,9999.000,9999.000,9999.000
202604092024,   0.815,   1.449,9999.000,9999.000,9999.000,9999.000,9999.000,9999.000,9999.000
202604092030,   0.836,   1.479,9999.000,9999.000,9999.000,9999.000,9999.000,9999.000,9999.000
202604092036,   0.855,   1.508,9999.000,9999.000,9999.000,9999.000,9999.000,9999.000,9999.000
202604092042,   0.873,   1.479,9999.000,9999.000,9999.000,9999.000,9999.000,9999.000,9999.000
202604092048,   0.891,   1.528,9999.000,9999.000,9999.000,9999.000,9999.000,9999.000,9999.000
202604092054,   0.908,   1.590,9999.000,9999.000,9999.000,9999.000,9999.000,9999.000,9999.000
202604092100,   0.924,   1.571,   0.500,   0.147,   1.571,   0.500,   1.571,   0.600,   1.671
202604092106,   0.938,   1.600,9999.000,9999.000,9999.000,9999.000,9999.000,9999.000,9999.000
202604092112,   0.952,   1.639,9999.000,9999.000,9999.000,9999.000,9999.000,9999.000,9999.000
202604092118,   0.964,   1.639,9999.000,9999.000,9999.000,9999.000,9999.000,9999.000,9999.000
202604092124,   0.976,   1.718,9999.000,9999.000,9999.000,9999.000,9999.000,9999.000,9999.000
202604092130,   0.986,   1.689,9999.000,9999.000,9999.000,9999.000,9999.000,9999.000,9999.000
202604092136,   0.996,   1.669,9999.000,9999.000,9999.000,9999.000,9999.000,9999.000,9999.000
202604092142,   1.004,   1.679,9999.000,9999.000,9999.000,9999.000,9999.000,9999.000,9999.000
202604092148,   1.012,   1.708,9999.000,9999.000,9999.000,9999.000,9999.000,9999.000,9999.000
202604092154,   1.019,   1.728,9999.000,9999.000,9999.000,9999.000,9999.000,9999.000,9999.000
202604092200,   1.025,   1.738,   0.500,   0.213,   1.738,   0.500,   1.738,   0.600,   1.838
202604092206,   1.030,   1.669,9999.000,9999.000,9999.000,9999.000,9999.000,9999.000,9999.000
202604092212,   1.035,   1.699,9999.000,9999.000,9999.000,9999.000,9999.000,9999.000,9999.000
202604092218,   1.040,   1.738,9999.000,9999.000,9999.000,9999.000,9999.000,9999.000,9999.000
202604092224,   1.043,   1.738,9999.000,9999.000,9999.000,9999.000,9999.000,9999.000,9999.000
202604092230,   1.047,   1.758,9999.000,9999.000,9999.000,9999.000,9999.000,9999.000,9999.000
202604092236,   1.050,   1.708,9999.000,9999.000,9999.000,9999.000,9999.000,9999.000,9999.000
202604092242,   1.053,   1.738,9999.000,9999.000,9999.000,9999.000,9999.000,9999.000,9999.000
202604092248,   1.055,   1.718,9999.000,9999.000,9999.000,9999.000,9999.000,9999.000,9999.000
202604092254,   1.058,   1.748,9999.000,9999.000,9999.000,9999.000,9999.000,9999.000,9999.000
202604092300,   1.060,   1.767,   0.500,   0.207,   1.767,   0.500,   1.767,   0.600,   1.867
202604092306,   1.061,   1.708,9999.000,9999.000,9999.000,9999.000,9999.000,9999.000,9999.000
202604092312,   1.063,   1.758,9999.000,9999.000,9999.000,9999.000,9999.000,9999.000,9999.000
202604092318,   1.064,   1.738,9999.000,9999.000,9999.000,9999.000,9999.000,9999.000,9999.000
202604092324,   1.065,   1.728,9999.000,9999.000,9999.000,9999.000,9999.000,9999.000,9999.000
202604092330,   1.066,   1.708,9999.000,9999.000,9999.000,9999.000,9999.000,9999.000,9999.000
202604092336,   1.066,   1.699,9999.000,9999.000,9999.000,9999.000,9999.000,9999.000,9999.000
202604092342,   1.065,   1.699,9999.000,9999.000,9999.000,9999.000,9999.000,9999.000,9999.000
202604092348,   1.064,   1.679,9999.000,9999.000,9999.000,9999.000,9999.000,9999.000,9999.000
202604092354,   1.063,   1.738,9999.000,9999.000,9999.000,9999.000,9999.000,9999.000,9999.000
202604100000,   1.060,   1.718,   0.500,   0.158,   1.718,   0.500,   1.718,   0.500,   1.718
202604100006,   1.057,   1.659,9999.000,9999.000,9999.000,9999.000,9999.000,9999.000,9999.000
202604100012,   1.053,   1.630,9999.000,9999.000,9999.000,9999.000,9999.000,9999.000,9999.000
202604100018,   1.048,   1.669,9999.000,9999.000,9999.000,9999.000,9999.000,9999.000,9999.000
202604100024,   1.042,   1.679,9999.000,9999.000,9999.000,9999.000,9999.000,9999.000,9999.000
202604100030,   1.034,   1.659,9999.000,9999.000,9999.000,9999.000,9999.000,9999.000,9999.000
202604100036,   1.026,   1.659,9999.000,9999.000,9999.000,9999.000,9999.000,9999.000,9999.000
202604100042,   1.016,   1.620,9999.000,9999.000,9999.000,9999.000,9999.000,9999.000,9999.000
202604100048,   1.005,   1.620,9999.000,9999.000,9999.000,9999.000,9999.000,9999.000,9999.000
202604100054,   0.993,   1.590,9999.000,9999.000,9999.000,9999.000,9999.000,9999.000,9999.000
202604100100,   0.980,   1.610,   0.500,   0.130,   1.610,   0.500,   1.610,   0.500,   1.610
202604100106,   0.965,   1.590,9999.000,9999.000,9999.000,9999.000,9999.000,9999.000,9999.000
202604100112,   0.949,   1.610,9999.000,9999.000,9999.000,9999.000,9999.000,9999.000,9999.000
202604100118,   0.932,   1.571,9999.000,9999.000,9999.000,9999.000,9999.000,9999.000,9999.000
202604100124,   0.914,   1.518,9999.000,9999.000,9999.000,9999.000,9999.000,9999.000,9999.000
202604100130,   0.894,   1.518,9999.000,9999.000,9999.000,9999.000,9999.000,9999.000,9999.000
202604100136,   0.874,   1.469,9999.000,9999.000,9999.000,9999.000,9999.000,9999.000,9999.000
202604100142,   0.853,   1.469,9999.000,9999.000,9999.000,9999.000,9999.000,9999.000,9999.000
202604100148,   0.832,   1.489,9999.000,9999.000,9999.000,9999.000,9999.000,9999.000,9999.000
202604100154,   0.810,   1.459,9999.000,9999.000,9999.000,9999.000,9999.000,9999.000,9999.000
202604100200,   0.787,   1.298,   0.500,   0.011,   1.298,   0.500,   1.298,   0.500,   1.298
202604100206,   0.764,   1.390,9999.000,9999.000,9999.000,9999.000,9999.000,9999.000,9999.000
202604100212,   0.741,   1.380,9999.000,9999.000,9999.000,9999.000,9999.000,9999.000,9999.000
202604100218,   0.717,   1.371,9999.000,9999.000,9999.000,9999.000,9999.000,9999.000,9999.000
202604100224,   0.694,   1.380,9999.000,9999.000,9999.000,9999.000,9999.000,9999.000,9999.000
202604100230,   0.671,   1.298,9999.000,9999.000,9999.000,9999.000,9999.000,9999.000,9999.000
202604100236,   0.649,   1.269,9999.000,9999.000,9999.000,9999.000,9999.000,9999.000,9999.000
202604100242,   0.627,   1.259,9999.000,9999.000,9999.000,9999.000,9999.000,9999.000,9999.000
202604100248,   0.606,   1.239,9999.000,9999.000,9999.000,9999.000,9999.000,9999.000,9999.000
202604100254,   0.585,   1.098,9999.000,9999.000,9999.000,9999.000,9999.000,9999.000,9999.000
202604100300,   0.565,   1.128,   0.500,   0.063,   1.128,   0.500,   1.128,   0.500,   1.128
202604100306,   0.546,   1.128,9999.000,9999.000,9999.000,9999.000,9999.000,9999.000,9999.000
202604100312,   0.528,   1.151,9999.000,9999.000,9999.000,9999.000,9999.000,9999.000,9999.000
202604100318,   0.511,   1.128,9999.000,9999.000,9999.000,9999.000,9999.000,9999.000,9999.000
202604100324,   0.495,   1.079,9999.000,9999.000,9999.000,9999.000,9999.000,9999.000,9999.000
202604100330,   0.481,   1.118,9999.000,9999.000,9999.000,9999.000,9999.000,9999.000,9999.000
202604100336,   0.467,   1.059,9999.000,9999.000,9999.000,9999.000,9999.000,9999.000,9999.000
202604100342,   0.454,   1.020,9999.000,9999.000,9999.000,9999.000,9999.000,9999.000,9999.000
202604100348,   0.442,   1.010,9999.000,9999.000,9999.000,9999.000,9999.000,9999.000,9999.000
202604100354,   0.431,   0.970,9999.000,9999.000,9999.000,9999.000,9999.000,9999.000,9999.000
202604100400,   0.422,   0.951,   0.500,   0.029,   0.951,   0.500,   0.951,   0.500,   0.951
202604100406,   0.413,   0.970,9999.000,9999.000,9999.000,9999.000,9999.000,9999.000,9999.000
202604100412,   0.405,   0.941,9999.000,9999.000,9999.000,9999.000,9999.000,9999.000,9999.000
202604100418,   0.398,   0.898,9999.000,9999.000,9999.000,9999.000,9999.000,9999.000,9999.000
202604100424,   0.391,   0.898,9999.000,9999.000,9999.000,9999.000,9999.000,9999.000,9999.000
202604100430,   0.386,   0.888,9999.000,9999.000,9999.000,9999.000,9999.000,9999.000,9999.000
202604100436,   0.381,   0.849,9999.000,9999.000,9999.000,9999.000,9999.000,9999.000,9999.000
202604100442,   0.376,   0.879,9999.000,9999.000,9999.000,9999.000,9999.000,9999.000,9999.000
202604100448,   0.373,   0.859,9999.000,9999.000,9999.000,9999.000,9999.000,9999.000,9999.000
202604100454,   0.370,   0.859,9999.000,9999.000,9999.000,9999.000,9999.000,9999.000,9999.000
202604100500,   0.367,   0.800,   0.500,  -0.067,   0.800,   0.500,   0.800,   0.500,   0.800
202604100506,   0.365,   0.790,9999.000,9999.000,9999.000,9999.000,9999.000,9999.000,9999.000
202604100512,   0.364,   0.780,9999.000,9999.000,9999.000,9999.000,9999.000,9999.000,9999.000
202604100518,   0.363,   0.819,9999.000,9999.000,9999.000,9999.000,9999.000,9999.000,9999.000
202604100524,   0.363,   0.810,9999.000,9999.000,9999.000,9999.000,9999.000,9999.000,9999.000
202604100530,   0.364,   0.780,9999.000,9999.000,9999.000,9999.000,9999.000,9999.000,9999.000
202604100536,   0.365,   0.741,9999.000,9999.000,9999.000,9999.000,9999.000,9999.000,9999.000
202604100542,   0.367,   0.780,9999.000,9999.000,9999.000,9999.000,9999.000,9999.000,9999.000
202604100548,   0.369,   0.780,9999.000,9999.000,9999.000,9999.000,9999.000,9999.000,9999.000
202604100554,   0.373,   0.751,9999.000,9999.000,9999.000,9999.000,9999.000,9999.000,9999.000
202604100600,   0.377,   0.741,   0.400,  -0.036,   0.741,   0.400,   0.741,   0.500,   0.841
202604100606,   0.383,   0.731,9999.000,9999.000,9999.000,9999.000,9999.000,9999.000,9999.000
202604100612,   0.389,   0.751,9999.000,9999.000,9999.000,9999.000,9999.000,9999.000,9999.000
202604100618,   0.397,   0.760,9999.000,9999.000,9999.000,9999.000,9999.000,9999.000,9999.000
202604100624,   0.406,   0.790,9999.000,9999.000,9999.000,9999.000,9999.000,9999.000,9999.000
202604100630,   0.416,   0.819,9999.000,9999.000,9999.000,9999.000,9999.000,9999.000,9999.000
202604100636,   0.427,   0.770,9999.000,9999.000,9999.000,9999.000,9999.000,9999.000,9999.000
202604100642,   0.440,   0.810,9999.000,9999.000,9999.000,9999.000,9999.000,9999.000,9999.000
202604100648,   0.454,   0.790,9999.000,9999.000,9999.000,9999.000,9999.000,9999.000,9999.000
202604100654,   0.469,   0.810,9999.000,9999.000,9999.000,9999.000,9999.000,9999.000,9999.000
202604100700,   0.486,   0.829,   0.400,  -0.057,   0.829,   0.400,   0.829,   0.500,   0.929
202604100706,   0.504,   0.859,9999.000,9999.000,9999.000,9999.000,9999.000,9999.000,9999.000
202604100712,   0.523,   0.859,9999.000,9999.000,9999.000,9999.000,9999.000,9999.000,9999.000
202604100718,   0.544,   0.898,9999.000,9999.000,9999.000,9999.000,9999.000,9999.000,9999.000
202604100724,   0.566,   0.908,9999.000,9999.000,9999.000,9999.000,9999.000,9999.000,9999.000
202604100730,   0.589,   0.951,9999.000,9999.000,9999.000,9999.000,9999.000,9999.000,9999.000
202604100736,   0.613,   0.961,9999.000,9999.000,9999.000,9999.000,9999.000,9999.000,9999.000
202604100742,   0.638,   0.980,9999.000,9999.000,9999.000,9999.000,9999.000,9999.000,9999.000
202604100748,   0.664,   1.029,9999.000,9999.000,9999.000,9999.000,9999.000,9999.000,9999.000
202604100754,   0.691,   1.049,9999.000,9999.000,9999.000,9999.000,9999.000,9999.000,9999.000
202604100800,   0.718,   1.088,   0.400,  -0.030,   1.088,   0.400,   1.088,   0.500,   1.188
202604100806,   0.745,   1.108,9999.000,9999.000,9999.000,9999.000,9999.000,9999.000,9999.000
202604100812,   0.773,   1.128,9999.000,9999.000,9999.000,9999.000,9999.000,9999.000,9999.000
202604100818,   0.800,   1.161,9999.000,9999.000,9999.000,9999.000,9999.000,9999.000,9999.000
202604100824,   0.828,   1.190,9999.000,9999.000,9999.000,9999.000,9999.000,9999.000,9999.000
202604100830,   0.855,   1.210,9999.000,9999.000,9999.000,9999.000,9999.000,9999.000,9999.000
202604100836,   0.882,   1.229,9999.000,9999.000,9999.000,9999.000,9999.000,9999.000,9999.000
202604100842,   0.909,   1.269,9999.000,9999.000,9999.000,9999.000,9999.000,9999.000,9999.000
202604100848,   0.935,   1.289,9999.000,9999.000,9999.000,9999.000,9999.000,9999.000,9999.000
202604100854,   0.959,   1.318,9999.000,9999.000,9999.000,9999.000,9999.000,9999.000,9999.000
202604100900,   0.983,   1.348,   0.400,  -0.035,   1.348,   0.400,   1.348,   0.500,   1.448
202604100906,   1.006,   1.371,9999.000,9999.000,9999.000,9999.000,9999.000,9999.000,9999.000
202604100912,   1.028,   1.400,9999.000,9999.000,9999.000,9999.000,9999.000,9999.000,9999.000
202604100918,   1.049,   1.430,9999.000,9999.000,9999.000,9999.000,9999.000,9999.000,9999.000
202604100924,   1.068,   1.439,9999.000,9999.000,9999.000,9999.000,9999.000,9999.000,9999.000
202604100930,   1.086,   1.469,9999.000,9999.000,9999.000,9999.000,9999.000,9999.000,9999.000
202604100936,   1.103,   1.489,9999.000,9999.000,9999.000,9999.000,9999.000,9999.000,9999.000
202604100942,   1.118,   1.508,9999.000,9999.000,9999.000,9999.000,9999.000,9999.000,9999.000
202604100948,   1.132,   1.538,9999.000,9999.000,9999.000,9999.000,9999.000,9999.000,9999.000
202604100954,   1.145,   1.557,9999.000,9999.000,9999.000,9999.000,9999.000,9999.000,9999.000
202604101000,   1.157,   1.590,   0.400,   0.033,   1.590,   0.400,   1.590,   0.500,   1.690
202604101006,   1.167,   1.610,9999.000,9999.000,9999.000,9999.000,9999.000,9999.000,9999.000
202604101012,   1.176,   1.620,9999.000,9999.000,9999.000,9999.000,9999.000,9999.000,9999.000
202604101018,   1.185,   1.630,9999.000,9999.000,9999.000,9999.000,9999.000,9999.000,9999.000
202604101024,   1.192,   1.630,9999.000,9999.000,9999.000,9999.000,9999.000,9999.000,9999.000
202604101030,   1.198,   1.728,9999.000,9999.000,9999.000,9999.000,9999.000,9999.000,9999.000
202604101036,   1.204,   1.699,9999.000,9999.000,9999.000,9999.000,9999.000,9999.000,9999.000
202604101042,   1.209,   1.708,9999.000,9999.000,9999.000,9999.000,9999.000,9999.000,9999.000
202604101048,   1.213,   1.718,9999.000,9999.000,9999.000,9999.000,9999.000,9999.000,9999.000
202604101054,   1.217,   1.728,9999.000,9999.000,9999.000,9999.000,9999.000,9999.000,9999.000
202604101100,   1.220,   1.748,   0.400,   0.128,   1.748,   0.400,   1.748,   0.500,   1.848
202604101106,   1.223,   1.748,9999.000,9999.000,9999.000,9999.000,9999.000,9999.000,9999.000
202604101112,   1.225,   1.767,9999.000,9999.000,9999.000,9999.000,9999.000,9999.000,9999.000
202604101118,   1.227,   1.790,9999.000,9999.000,9999.000,9999.000,9999.000,9999.000,9999.000
202604101124,   1.229,   1.800,9999.000,9999.000,9999.000,9999.000,9999.000,9999.000,9999.000
202604101130,   1.230,9999.000,9999.000,9999.000,9999.000,9999.000,9999.000,9999.000,9999.000
202604101136,   1.231,9999.000,9999.000,9999.000,9999.000,9999.000,9999.000,9999.000,9999.000
202604101142,   1.232,9999.000,9999.000,9999.000,9999.000,9999.000,9999.000,9999.000,9999.000
202604101148,   1.232,9999.000,9999.000,9999.000,9999.000,9999.000,9999.000,9999.000,9999.000
202604101154,   1.232,9999.000,9999.000,9999.000,9999.000,9999.000,9999.000,9999.000,9999.000
202604101200,   1.231,9999.000,   0.400,   0.127,   1.758,   0.400,   1.758,   0.500,   1.858
202604101206,   1.230,9999.000,9999.000,9999.000,9999.000,9999.000,9999.000,9999.000,9999.000
202604101212,   1.229,9999.000,9999.000,9999.000,9999.000,9999.000,9999.000,9999.000,9999.000
202604101218,   1.226,9999.000,9999.000,9999.000,9999.000,9999.000,9999.000,9999.000,9999.000
202604101224,   1.224,9999.000,9999.000,9999.000,9999.000,9999.000,9999.000,9999.000,9999.000
202604101230,   1.220,9999.000,9999.000,9999.000,9999.000,9999.000,9999.000,9999.000,9999.000
202604101236,   1.215,9999.000,9999.000,9999.000,9999.000,9999.000,9999.000,9999.000,9999.000
202604101242,   1.210,9999.000,9999.000,9999.000,9999.000,9999.000,9999.000,9999.000,9999.000
202604101248,   1.203,9999.000,9999.000,9999.000,9999.000,9999.000,9999.000,9999.000,9999.000
202604101254,   1.196,9999.000,9999.000,9999.000,9999.000,9999.000,9999.000,9999.000,9999.000
202604101300,   1.187,9999.000,   0.400,   0.125,   1.712,   0.400,   1.712,   0.500,   1.812
202604101306,   1.177,9999.000,9999.000,9999.000,9999.000,9999.000,9999.000,9999.000,9999.000
202604101312,   1.166,9999.000,9999.000,9999.000,9999.000,9999.000,9999.000,9999.000,9999.000
202604101318,   1.154,9999.000,9999.000,9999.000,9999.000,9999.000,9999.000,9999.000,9999.000
202604101324,   1.141,9999.000,9999.000,9999.000,9999.000,9999.000,9999.000,9999.000,9999.000
202604101330,   1.126,9999.000,9999.000,9999.000,9999.000,9999.000,9999.000,9999.000,9999.000
202604101336,   1.111,9999.000,9999.000,9999.000,9999.000,9999.000,9999.000,9999.000,9999.000
202604101342,   1.094,9999.000,9999.000,9999.000,9999.000,9999.000,9999.000,9999.000,9999.000
202604101348,   1.076,9999.000,9999.000,9999.000,9999.000,9999.000,9999.000,9999.000,9999.000
202604101354,   1.057,9999.000,9999.000,9999.000,9999.000,9999.000,9999.000,9999.000,9999.000
202604101400,   1.038,9999.000,   0.400,   0.124,   1.562,   0.400,   1.562,   0.500,   1.662
202604101406,   1.017,9999.000,9999.000,9999.000,9999.000,9999.000,9999.000,9999.000,9999.000
202604101412,   0.996,9999.000,9999.000,9999.000,9999.000,9999.000,9999.000,9999.000,9999.000
202604101418,   0.974,9999.000,9999.000,9999.000,9999.000,9999.000,9999.000,9999.000,9999.000
202604101424,   0.952,9999.000,9999.000,9999.000,9999.000,9999.000,9999.000,9999.000,9999.000
202604101430,   0.929,9999.000,9999.000,9999.000,9999.000,9999.000,9999.000,9999.000,9999.000
202604101436,   0.906,9999.000,9999.000,9999.000,9999.000,9999.000,9999.000,9999.000,9999.000
202604101442,   0.883,9999.000,9999.000,9999.000,9999.000,9999.000,9999.000,9999.000,9999.000
202604101448,   0.860,9999.000,9999.000,9999.000,9999.000,9999.000,9999.000,9999.000,9999.000
202604101454,   0.837,9999.000,9999.000,9999.000,9999.000,9999.000,9999.000,9999.000,9999.000
202604101500,   0.815,9999.000,   0.400,   0.123,   1.338,   0.400,   1.338,   0.500,   1.438
202604101506,   0.793,9999.000,9999.000,9999.000,9999.000,9999.000,9999.000,9999.000,9999.000
202604101512,   0.771,9999.000,9999.000,9999.000,9999.000,9999.000,9999.000,9999.000,9999.000
202604101518,   0.750,9999.000,9999.000,9999.000,9999.000,9999.000,9999.000,9999.000,9999.000
202604101524,   0.730,9999.000,9999.000,9999.000,9999.000,9999.000,9999.000,9999.000,9999.000
202604101530,   0.710,9999.000,9999.000,9999.000,9999.000,9999.000,9999.000,9999.000,9999.000
202604101536,   0.691,9999.000,9999.000,9999.000,9999.000,9999.000,9999.000,9999.000,9999.000
202604101542,   0.673,9999.000,9999.000,9999.000,9999.000,9999.000,9999.000,9999.000,9999.000
202604101548,   0.656,9999.000,9999.000,9999.000,9999.000,9999.000,9999.000,9999.000,9999.000
202604101554,   0.639,9999.000,9999.000,9999.000,9999.000,9999.000,9999.000,9999.000,9999.000
202604101600,   0.624,9999.000,   0.400,   0.122,   1.146,   0.400,   1.146,   0.400,   1.146
202604101606,   0.609,9999.000,9999.000,9999.000,9999.000,9999.000,9999.000,9999.000,9999.000
202604101612,   0.595,9999.000,9999.000,9999.000,9999.000,9999.000,9999.000,9999.000,9999.000
202604101618,   0.582,9999.000,9999.000,9999.000,9999.000,9999.000,9999.000,9999.000,9999.000
202604101624,   0.570,9999.000,9999.000,9999.000,9999.000,9999.000,9999.000,9999.000,9999.000
202604101630,   0.558,9999.000,9999.000,9999.000,9999.000,9999.000,9999.000,9999.000,9999.000
202604101636,   0.547,9999.000,9999.000,9999.000,9999.000,9999.000,9999.000,9999.000,9999.000
202604101642,   0.537,9999.000,9999.000,9999.000,9999.000,9999.000,9999.000,9999.000,9999.000
202604101648,   0.527,9999.000,9999.000,9999.000,9999.000,9999.000,9999.000,9999.000,9999.000
202604101654,   0.517,9999.000,9999.000,9999.000,9999.000,9999.000,9999.000,9999.000,9999.000
202604101700,   0.508,9999.000,   0.400,   0.120,   1.028,   0.400,   1.028,   0.400,   1.028
202604101706,   0.500,9999.000,9999.000,9999.000,9999.000,9999.000,9999.000,9999.000,9999.000
202604101712,   0.492,9999.000,9999.000,9999.000,9999.000,9999.000,9999.000,9999.000,9999.000
202604101718,   0.484,9999.000,9999.000,9999.000,9999.000,9999.000,9999.000,9999.000,9999.000
202604101724,   0.476,9999.000,9999.000,9999.000,9999.000,9999.000,9999.000,9999.000,9999.000
202604101730,   0.469,9999.000,9999.000,9999.000,9999.000,9999.000,9999.000,9999.000,9999.000
202604101736,   0.462,9999.000,9999.000,9999.000,9999.000,9999.000,9999.000,9999.000,9999.000
202604101742,   0.455,9999.000,9999.000,9999.000,9999.000,9999.000,9999.000,9999.000,9999.000
202604101748,   0.449,9999.000,9999.000,9999.000,9999.000,9999.000,9999.000,9999.000,9999.000
202604101754,   0.443,9999.000,9999.000,9999.000,9999.000,9999.000,9999.000,9999.000,9999.000
202604101800,   0.438,9999.000,   0.400,   0.119,   0.957,   0.400,   0.957,   0.400,   0.957
202604101806,   0.433,9999.000,9999.000,9999.000,9999.000,9999.000,9999.000,9999.000,9999.000
202604101812,   0.429,9999.000,9999.000,9999.000,9999.000,9999.000,9999.000,9999.000,9999.000
202604101818,   0.425,9999.000,9999.000,9999.000,9999.000,9999.000,9999.000,9999.000,9999.000
202604101824,   0.422,9999.000,9999.000,9999.000,9999.000,9999.000,9999.000,9999.000,9999.000
202604101830,   0.420,9999.000,9999.000,9999.000,9999.000,9999.000,9999.000,9999.000,9999.000
202604101836,   0.419,9999.000,9999.000,9999.000,9999.000,9999.000,9999.000,9999.000,9999.000
202604101842,   0.419,9999.000,9999.000,9999.000,9999.000,9999.000,9999.000,9999.000,9999.000
202604101848,   0.420,9999.000,9999.000,9999.000,9999.000,9999.000,9999.000,9999.000,9999.000
202604101854,   0.422,9999.000,9999.000,9999.000,9999.000,9999.000,9999.000,9999.000,9999.000
202604101900,   0.425,9999.000,   0.400,   0.118,   0.943,   0.400,   0.943,   0.400,   0.943
202604101906,   0.430,9999.000,9999.000,9999.000,9999.000,9999.000,9999.000,9999.000,9999.000
202604101912,   0.436,9999.000,9999.000,9999.000,9999.000,9999.000,9999.000,9999.000,9999.000
202604101918,   0.443,9999.000,9999.000,9999.000,9999.000,9999.000,9999.000,9999.000,9999.000
202604101924,   0.452,9999.000,9999.000,9999.000,9999.000,9999.000,9999.000,9999.000,9999.000
202604101930,   0.462,9999.000,9999.000,9999.000,9999.000,9999.000,9999.000,9999.000,9999.000
202604101936,   0.473,9999.000,9999.000,9999.000,9999.000,9999.000,9999.000,9999.000,9999.000
202604101942,   0.486,9999.000,9999.000,9999.000,9999.000,9999.000,9999.000,9999.000,9999.000
202604101948,   0.500,9999.000,9999.000,9999.000,9999.000,9999.000,9999.000,9999.000,9999.000
202604101954,   0.516,9999.000,9999.000,9999.000,9999.000,9999.000,9999.000,9999.000,9999.000
202604102000,   0.533,9999.000,   0.400,   0.117,   1.050,   0.400,   1.050,   0.400,   1.050
202604102006,   0.551,9999.000,9999.000,9999.000,9999.000,9999.000,9999.000,9999.000,9999.000
202604102012,   0.569,9999.000,9999.000,9999.000,9999.000,9999.000,9999.000,9999.000,9999.000
202604102018,   0.589,9999.000,9999.000,9999.000,9999.000,9999.000,9999.000,9999.000,9999.000
202604102024,   0.610,9999.000,9999.000,9999.000,9999.000,9999.000,9999.000,9999.000,9999.000
202604102030,   0.631,9999.000,9999.000,9999.000,9999.000,9999.000,9999.000,9999.000,9999.000
202604102036,   0.653,9999.000,9999.000,9999.000,9999.000,9999.000,9999.000,9999.000,9999.000
202604102042,   0.675,9999.000,9999.000,9999.000,9999.000,9999.000,9999.000,9999.000,9999.000
202604102048,   0.697,9999.000,9999.000,9999.000,9999.000,9999.000,9999.000,9999.000,9999.000
202604102054,   0.719,9999.000,9999.000,9999.000,9999.000,9999.000,9999.000,9999.000,9999.000
202604102100,   0.741,9999.000,   0.400,   0.115,   1.256,   0.400,   1.256,   0.400,   1.256
202604102106,   0.763,9999.000,9999.000,9999.000,9999.000,9999.000,9999.000,9999.000,9999.000
202604102112,   0.785,9999.000,9999.000,9999.000,9999.000,9999.000,9999.000,9999.000,9999.000
202604102118,   0.806,9999.000,9999.000,9999.000,9999.000,9999.000,9999.000,9999.000,9999.000
202604102124,   0.827,9999.000,9999.000,9999.000,9999.000,9999.000,9999.000,9999.000,9999.000
202604102130,   0.846,9999.000,9999.000,9999.000,9999.000,9999.000,9999.000,9999.000,9999.000
202604102136,   0.866,9999.000,9999.000,9999.000,9999.000,9999.000,9999.000,9999.000,9999.000
202604102142,   0.884,9999.000,9999.000,9999.000,9999.000,9999.000,9999.000,9999.000,9999.000
202604102148,   0.901,9999.000,9999.000,9999.000,9999.000,9999.000,9999.000,9999.000,9999.000
202604102154,   0.917,9999.000,9999.000,9999.000,9999.000,9999.000,9999.000,9999.000,9999.000
202604102200,   0.933,9999.000,   0.400,   0.114,   1.447,   0.400,   1.447,   0.500,   1.547
202604102206,   0.947,9999.000,9999.000,9999.000,9999.000,9999.000,9999.000,9999.000,9999.000
202604102212,   0.960,9999.000,9999.000,9999.000,9999.000,9999.000,9999.000,9999.000,9999.000
202604102218,   0.973,9999.000,9999.000,9999.000,9999.000,9999.000,9999.000,9999.000,9999.000
202604102224,   0.984,9999.000,9999.000,9999.000,9999.000,9999.000,9999.000,9999.000,9999.000
202604102230,   0.995,9999.000,9999.000,9999.000,9999.000,9999.000,9999.000,9999.000,9999.000
202604102236,   1.005,9999.000,9999.000,9999.000,9999.000,9999.000,9999.000,9999.000,9999.000
202604102242,   1.014,9999.000,9999.000,9999.000,9999.000,9999.000,9999.000,9999.000,9999.000
202604102248,   1.022,9999.000,9999.000,9999.000,9999.000,9999.000,9999.000,9999.000,9999.000
202604102254,   1.029,9999.000,9999.000,9999.000,9999.000,9999.000,9999.000,9999.000,9999.000
202604102300,   1.036,9999.000,   0.400,   0.113,   1.549,   0.400,   1.549,   0.500,   1.649
202604102306,   1.043,9999.000,9999.000,9999.000,9999.000,9999.000,9999.000,9999.000,9999.000
202604102312,   1.049,9999.000,9999.000,9999.000,9999.000,9999.000,9999.000,9999.000,9999.000
202604102318,   1.055,9999.000,9999.000,9999.000,9999.000,9999.000,9999.000,9999.000,9999.000
202604102324,   1.060,9999.000,9999.000,9999.000,9999.000,9999.000,9999.000,9999.000,9999.000
202604102330,   1.065,9999.000,9999.000,9999.000,9999.000,9999.000,9999.000,9999.000,9999.000
202604102336,   1.070,9999.000,9999.000,9999.000,9999.000,9999.000,9999.000,9999.000,9999.000
202604102342,   1.075,9999.000,9999.000,9999.000,9999.000,9999.000,9999.000,9999.000,9999.000
202604102348,   1.079,9999.000,9999.000,9999.000,9999.000,9999.000,9999.000,9999.000,9999.000
202604102354,   1.083,9999.000,9999.000,9999.000,9999.000,9999.000,9999.000,9999.000,9999.000
202604110000,   1.087,9999.000,   0.400,   0.113,   1.600,   0.400,   1.600,   0.500,   1.700
202604110006,   1.091,9999.000,9999.000,9999.000,9999.000,9999.000,9999.000,9999.000,9999.000
202604110012,   1.095,9999.000,9999.000,9999.000,9999.000,9999.000,9999.000,9999.000,9999.000
202604110018,   1.098,9999.000,9999.000,9999.000,9999.000,9999.000,9999.000,9999.000,9999.000
202604110024,   1.100,9999.000,9999.000,9999.000,9999.000,9999.000,9999.000,9999.000,9999.000
202604110030,   1.103,9999.000,9999.000,9999.000,9999.000,9999.000,9999.000,9999.000,9999.000
202604110036,   1.104,9999.000,9999.000,9999.000,9999.000,9999.000,9999.000,9999.000,9999.000
202604110042,   1.105,9999.000,9999.000,9999.000,9999.000,9999.000,9999.000,9999.000,9999.000
202604110048,   1.106,9999.000,9999.000,9999.000,9999.000,9999.000,9999.000,9999.000,9999.000
202604110054,   1.105,9999.000,9999.000,9999.000,9999.000,9999.000,9999.000,9999.000,9999.000
202604110100,   1.104,9999.000,   0.400,   0.113,   1.617,   0.400,   1.617,   0.500,   1.717
202604110106,   1.101,9999.000,9999.000,9999.000,9999.000,9999.000,9999.000,9999.000,9999.000
202604110112,   1.098,9999.000,9999.000,9999.000,9999.000,9999.000,9999.000,9999.000,9999.000
202604110118,   1.093,9999.000,9999.000,9999.000,9999.000,9999.000,9999.000,9999.000,9999.000
202604110124,   1.088,9999.000,9999.000,9999.000,9999.000,9999.000,9999.000,9999.000,9999.000
202604110130,   1.081,9999.000,9999.000,9999.000,9999.000,9999.000,9999.000,9999.000,9999.000
202604110136,   1.072,9999.000,9999.000,9999.000,9999.000,9999.000,9999.000,9999.000,9999.000
202604110142,   1.063,9999.000,9999.000,9999.000,9999.000,9999.000,9999.000,9999.000,9999.000
202604110148,   1.052,9999.000,9999.000,9999.000,9999.000,9999.000,9999.000,9999.000,9999.000
202604110154,   1.040,9999.000,9999.000,9999.000,9999.000,9999.000,9999.000,9999.000,9999.000
202604110200,   1.026,9999.000,   0.500,   0.113,   1.639,   0.400,   1.539,   0.500,   1.639
202604110206,   1.011,9999.000,9999.000,9999.000,9999.000,9999.000,9999.000,9999.000,9999.000
202604110212,   0.995,9999.000,9999.000,9999.000,9999.000,9999.000,9999.000,9999.000,9999.000
202604110218,   0.978,9999.000,9999.000,9999.000,9999.000,9999.000,9999.000,9999.000,9999.000
202604110224,   0.960,9999.000,9999.000,9999.000,9999.000,9999.000,9999.000,9999.000,9999.000
202604110230,   0.940,9999.000,9999.000,9999.000,9999.000,9999.000,9999.000,9999.000,9999.000
202604110236,   0.920,9999.000,9999.000,9999.000,9999.000,9999.000,9999.000,9999.000,9999.000
202604110242,   0.899,9999.000,9999.000,9999.000,9999.000,9999.000,9999.000,9999.000,9999.000
202604110248,   0.878,9999.000,9999.000,9999.000,9999.000,9999.000,9999.000,9999.000,9999.000
202604110254,   0.856,9999.000,9999.000,9999.000,9999.000,9999.000,9999.000,9999.000,9999.000
202604110300,   0.833,9999.000,   0.500,   0.113,   1.446,   0.400,   1.346,   0.500,   1.446
202604110306,   0.811,9999.000,9999.000,9999.000,9999.000,9999.000,9999.000,9999.000,9999.000
202604110312,   0.788,9999.000,9999.000,9999.000,9999.000,9999.000,9999.000,9999.000,9999.000
202604110318,   0.765,9999.000,9999.000,9999.000,9999.000,9999.000,9999.000,9999.000,9999.000
202604110324,   0.743,9999.000,9999.000,9999.000,9999.000,9999.000,9999.000,9999.000,9999.000
202604110330,   0.721,9999.000,9999.000,9999.000,9999.000,9999.000,9999.000,9999.000,9999.000
202604110336,   0.699,9999.000,9999.000,9999.000,9999.000,9999.000,9999.000,9999.000,9999.000
202604110342,   0.677,9999.000,9999.000,9999.000,9999.000,9999.000,9999.000,9999.000,9999.000
202604110348,   0.657,9999.000,9999.000,9999.000,9999.000,9999.000,9999.000,9999.000,9999.000
202604110354,   0.637,9999.000,9999.000,9999.000,9999.000,9999.000,9999.000,9999.000,9999.000
202604110400,   0.617,9999.000,   0.500,   0.113,   1.230,   0.400,   1.130,   0.500,   1.230
202604110406,   0.599,9999.000,9999.000,9999.000,9999.000,9999.000,9999.000,9999.000,9999.000
202604110412,   0.581,9999.000,9999.000,9999.000,9999.000,9999.000,9999.000,9999.000,9999.000
202604110418,   0.565,9999.000,9999.000,9999.000,9999.000,9999.000,9999.000,9999.000,9999.000
202604110424,   0.549,9999.000,9999.000,9999.000,9999.000,9999.000,9999.000,9999.000,9999.000
202604110430,   0.534,9999.000,9999.000,9999.000,9999.000,9999.000,9999.000,9999.000,9999.000
202604110436,   0.520,9999.000,9999.000,9999.000,9999.000,9999.000,9999.000,9999.000,9999.000
202604110442,   0.506,9999.000,9999.000,9999.000,9999.000,9999.000,9999.000,9999.000,9999.000
202604110448,   0.494,9999.000,9999.000,9999.000,9999.000,9999.000,9999.000,9999.000,9999.000
202604110454,   0.482,9999.000,9999.000,9999.000,9999.000,9999.000,9999.000,9999.000,9999.000
202604110500,   0.471,9999.000,   0.500,   0.113,   1.084,   0.400,   0.984,   0.500,   1.084
202604110506,   0.461,9999.000,9999.000,9999.000,9999.000,9999.000,9999.000,9999.000,9999.000
202604110512,   0.452,9999.000,9999.000,9999.000,9999.000,9999.000,9999.000,9999.000,9999.000
202604110518,   0.443,9999.000,9999.000,9999.000,9999.000,9999.000,9999.000,9999.000,9999.000
202604110524,   0.435,9999.000,9999.000,9999.000,9999.000,9999.000,9999.000,9999.000,9999.000
202604110530,   0.427,9999.000,9999.000,9999.000,9999.000,9999.000,9999.000,9999.000,9999.000
202604110536,   0.420,9999.000,9999.000,9999.000,9999.000,9999.000,9999.000,9999.000,9999.000
202604110542,   0.413,9999.000,9999.000,9999.000,9999.000,9999.000,9999.000,9999.000,9999.000
202604110548,   0.407,9999.000,9999.000,9999.000,9999.000,9999.000,9999.000,9999.000,9999.000
202604110554,   0.401,9999.000,9999.000,9999.000,9999.000,9999.000,9999.000,9999.000,9999.000
202604110600,   0.396,9999.000,   0.500,   0.113,   1.009,   0.400,   0.909,   0.500,   1.009
202604110606,   0.392,9999.000,9999.000,9999.000,9999.000,9999.000,9999.000,9999.000,9999.000
202604110612,   0.388,9999.000,9999.000,9999.000,9999.000,9999.000,9999.000,9999.000,9999.000
202604110618,   0.384,9999.000,9999.000,9999.000,9999.000,9999.000,9999.000,9999.000,9999.000
202604110624,   0.382,9999.000,9999.000,9999.000,9999.000,9999.000,9999.000,9999.000,9999.000
202604110630,   0.379,9999.000,9999.000,9999.000,9999.000,9999.000,9999.000,9999.000,9999.000
202604110636,   0.378,9999.000,9999.000,9999.000,9999.000,9999.000,9999.000,9999.000,9999.000
202604110642,   0.378,9999.000,9999.000,9999.000,9999.000,9999.000,9999.000,9999.000,9999.000
202604110648,   0.378,9999.000,9999.000,9999.000,9999.000,9999.000,9999.000,9999.000,9999.000
202604110654,   0.379,9999.000,9999.000,9999.000,9999.000,9999.000,9999.000,9999.000,9999.000
202604110700,   0.382,9999.000,   0.500,   0.113,   0.995,   0.400,   0.895,   0.500,   0.995
202604110706,   0.386,9999.000,9999.000,9999.000,9999.000,9999.000,9999.000,9999.000,9999.000
202604110712,   0.390,9999.000,9999.000,9999.000,9999.000,9999.000,9999.000,9999.000,9999.000
202604110718,   0.397,9999.000,9999.000,9999.000,9999.000,9999.000,9999.000,9999.000,9999.000
202604110724,   0.404,9999.000,9999.000,9999.000,9999.000,9999.000,9999.000,9999.000,9999.000
202604110730,   0.413,9999.000,9999.000,9999.000,9999.000,9999.000,9999.000,9999.000,9999.000
202604110736,   0.423,9999.000,9999.000,9999.000,9999.000,9999.000,9999.000,9999.000,9999.000
202604110742,   0.435,9999.000,9999.000,9999.000,9999.000,9999.000,9999.000,9999.000,9999.000
202604110748,   0.449,9999.000,9999.000,9999.000,9999.000,9999.000,9999.000,9999.000,9999.000
202604110754,   0.464,9999.000,9999.000,9999.000,9999.000,9999.000,9999.000,9999.000,9999.000
202604110800,   0.480,9999.000,   0.500,   0.113,   1.093,   0.400,   0.993,   0.500,   1.093
202604110806,   0.498,9999.000,9999.000,9999.000,9999.000,9999.000,9999.000,9999.000,9999.000
202604110812,   0.517,9999.000,9999.000,9999.000,9999.000,9999.000,9999.000,9999.000,9999.000
202604110818,   0.537,9999.000,9999.000,9999.000,9999.000,9999.000,9999.000,9999.000,9999.000
202604110824,   0.559,9999.000,9999.000,9999.000,9999.000,9999.000,9999.000,9999.000,9999.000
202604110830,   0.582,9999.000,9999.000,9999.000,9999.000,9999.000,9999.000,9999.000,9999.000
202604110836,   0.606,9999.000,9999.000,9999.000,9999.000,9999.000,9999.000,9999.000,9999.000
202604110842,   0.631,9999.000,9999.000,9999.000,9999.000,9999.000,9999.000,9999.000,9999.000
202604110848,   0.656,9999.000,9999.000,9999.000,9999.000,9999.000,9999.000,9999.000,9999.000
202604110854,   0.682,9999.000,9999.000,9999.000,9999.000,9999.000,9999.000,9999.000,9999.000
202604110900,   0.709,9999.000,   0.400,   0.113,   1.222,   0.400,   1.222,   0.500,   1.322
202604110906,   0.736,9999.000,9999.000,9999.000,9999.000,9999.000,9999.000,9999.000,9999.000
202604110912,   0.763,9999.000,9999.000,9999.000,9999.000,9999.000,9999.000,9999.000,9999.000
202604110918,   0.790,9999.000,9999.000,9999.000,9999.000,9999.000,9999.000,9999.000,9999.000
202604110924,   0.817,9999.000,9999.000,9999.000,9999.000,9999.000,9999.000,9999.000,9999.000
202604110930,   0.844,9999.000,9999.000,9999.000,9999.000,9999.000,9999.000,9999.000,9999.000
202604110936,   0.870,9999.000,9999.000,9999.000,9999.000,9999.000,9999.000,9999.000,9999.000
202604110942,   0.895,9999.000,9999.000,9999.000,9999.000,9999.000,9999.000,9999.000,9999.000
202604110948,   0.920,9999.000,9999.000,9999.000,9999.000,9999.000,9999.000,9999.000,9999.000
202604110954,   0.944,9999.000,9999.000,9999.000,9999.000,9999.000,9999.000,9999.000,9999.000
202604111000,   0.967,9999.000,   0.400,   0.113,   1.480,   0.400,   1.480,   0.500,   1.580
202604111006,   0.989,9999.000,9999.000,9999.000,9999.000,9999.000,9999.000,9999.000,9999.000
202604111012,   1.009,9999.000,9999.000,9999.000,9999.000,9999.000,9999.000,9999.000,9999.000
202604111018,   1.029,9999.000,9999.000,9999.000,9999.000,9999.000,9999.000,9999.000,9999.000
202604111024,   1.048,9999.000,9999.000,9999.000,9999.000,9999.000,9999.000,9999.000,9999.000
202604111030,   1.065,9999.000,9999.000,9999.000,9999.000,9999.000,9999.000,9999.000,9999.000
202604111036,   1.081,9999.000,9999.000,9999.000,9999.000,9999.000,9999.000,9999.000,9999.000
202604111042,   1.096,9999.000,9999.000,9999.000,9999.000,9999.000,9999.000,9999.000,9999.000
202604111048,   1.110,9999.000,9999.000,9999.000,9999.000,9999.000,9999.000,9999.000,9999.000
202604111054,   1.122,9999.000,9999.000,9999.000,9999.000,9999.000,9999.000,9999.000,9999.000
202604111100,   1.134,9999.000,   0.400,   0.113,   1.647,   0.400,   1.647,   0.500,   1.747
202604111106,   1.145,9999.000,9999.000,9999.000,9999.000,9999.000,9999.000,9999.000,9999.000
202604111112,   1.155,9999.000,9999.000,9999.000,9999.000,9999.000,9999.000,9999.000,9999.000
202604111118,   1.163,9999.000,9999.000,9999.000,9999.000,9999.000,9999.000,9999.000,9999.000
202604111124,   1.172,9999.000,9999.000,9999.000,9999.000,9999.000,9999.000,9999.000,9999.000
202604111130,   1.179,9999.000,9999.000,9999.000,9999.000,9999.000,9999.000,9999.000,9999.000
202604111136,   1.186,9999.000,9999.000,9999.000,9999.000,9999.000,9999.000,9999.000,9999.000
202604111142,   1.192,9999.000,9999.000,9999.000,9999.000,9999.000,9999.000,9999.000,9999.000
202604111148,   1.198,9999.000,9999.000,9999.000,9999.000,9999.000,9999.000,9999.000,9999.000
202604111154,   1.203,9999.000,9999.000,9999.000,9999.000,9999.000,9999.000,9999.000,9999.000
202604111200,   1.208,9999.000,   0.400,   0.113,   1.721,   0.400,   1.721,   0.500,   1.821
202604111206,   1.213,9999.000,9999.000,9999.000,9999.000,9999.000,9999.000,9999.000,9999.000
202604111212,   1.217,9999.000,9999.000,9999.000,9999.000,9999.000,9999.000,9999.000,9999.000
202604111218,   1.221,9999.000,9999.000,9999.000,9999.000,9999.000,9999.000,9999.000,9999.000
202604111224,   1.225,9999.000,9999.000,9999.000,9999.000,9999.000,9999.000,9999.000,9999.000
202604111230,   1.228,9999.000,9999.000,9999.000,9999.000,9999.000,9999.000,9999.000,9999.000
202604111236,   1.231,9999.000,9999.000,9999.000,9999.000,9999.000,9999.000,9999.000,9999.000
202604111242,   1.234,9999.000,9999.000,9999.000,9999.000,9999.000,9999.000,9999.000,9999.000
202604111248,   1.236,9999.000,9999.000,9999.000,9999.000,9999.000,9999.000,9999.000,9999.000
202604111254,   1.237,9999.000,9999.000,9999.000,9999.000,9999.000,9999.000,9999.000,9999.000
202604111300,   1.238,9999.000,   0.400,   0.113,   1.751,   0.400,   1.751,   0.400,   1.751
202604111306,   1.239,9999.000,9999.000,9999.000,9999.000,9999.000,9999.000,9999.000,9999.000
202604111312,   1.238,9999.000,9999.000,9999.000,9999.000,9999.000,9999.000,9999.000,9999.000
202604111318,   1.237,9999.000,9999.000,9999.000,9999.000,9999.000,9999.000,9999.000,9999.000
202604111324,   1.235,9999.000,9999.000,9999.000,9999.000,9999.000,9999.000,9999.000,9999.000
202604111330,   1.232,9999.000,9999.000,9999.000,9999.000,9999.000,9999.000,9999.000,9999.000
202604111336,   1.228,9999.000,9999.000,9999.000,9999.000,9999.000,9999.000,9999.000,9999.000
202604111342,   1.223,9999.000,9999.000,9999.000,9999.000,9999.000,9999.000,9999.000,9999.000
202604111348,   1.217,9999.000,9999.000,9999.000,9999.000,9999.000,9999.000,9999.000,9999.000
202604111354,   1.209,9999.000,9999.000,9999.000,9999.000,9999.000,9999.000,9999.000,9999.000
202604111400,   1.200,9999.000,   0.400,   0.113,   1.713,   0.300,   1.613,   0.400,   1.713
202604111406,   1.190,9999.000,9999.000,9999.000,9999.000,9999.000,9999.000,9999.000,9999.000
202604111412,   1.179,9999.000,9999.000,9999.000,9999.000,9999.000,9999.000,9999.000,9999.000
202604111418,   1.166,9999.000,9999.000,9999.000,9999.000,9999.000,9999.000,9999.000,9999.000
202604111424,   1.152,9999.000,9999.000,9999.000,9999.000,9999.000,9999.000,9999.000,9999.000
202604111430,   1.137,9999.000,9999.000,9999.000,9999.000,9999.000,9999.000,9999.000,9999.000
202604111436,   1.121,9999.000,9999.000,9999.000,9999.000,9999.000,9999.000,9999.000,9999.000
202604111442,   1.103,9999.000,9999.000,9999.000,9999.000,9999.000,9999.000,9999.000,9999.000
202604111448,   1.085,9999.000,9999.000,9999.000,9999.000,9999.000,9999.000,9999.000,9999.000
202604111454,   1.065,9999.000,9999.000,9999.000,9999.000,9999.000,9999.000,9999.000,9999.000
202604111500,   1.044,9999.000,   0.400,   0.113,   1.557,   0.300,   1.457,   0.400,   1.557
202604111506,   1.023,9999.000,9999.000,9999.000,9999.000,9999.000,9999.000,9999.000,9999.000
202604111512,   1.001,9999.000,9999.000,9999.000,9999.000,9999.000,9999.000,9999.000,9999.000
202604111518,   0.979,9999.000,9999.000,9999.000,9999.000,9999.000,9999.000,9999.000,9999.000
202604111524,   0.956,9999.000,9999.000,9999.000,9999.000,9999.000,9999.000,9999.000,9999.000
202604111530,   0.933,9999.000,9999.000,9999.000,9999.000,9999.000,9999.000,9999.000,9999.000
202604111536,   0.910,9999.000,9999.000,9999.000,9999.000,9999.000,9999.000,9999.000,9999.000
202604111542,   0.886,9999.000,9999.000,9999.000,9999.000,9999.000,9999.000,9999.000,9999.000
202604111548,   0.863,9999.000,9999.000,9999.000,9999.000,9999.000,9999.000,9999.000,9999.000
202604111554,   0.840,9999.000,9999.000,9999.000,9999.000,9999.000,9999.000,9999.000,9999.000
202604111600,   0.817,9999.000,   0.300,   0.113,   1.230,   0.300,   1.230,   0.400,   1.330
202604111606,   0.795,9999.000,9999.000,9999.000,9999.000,9999.000,9999.000,9999.000,9999.000
202604111612,   0.773,9999.000,9999.000,9999.000,9999.000,9999.000,9999.000,9999.000,9999.000
202604111618,   0.752,9999.000,9999.000,9999.000,9999.000,9999.000,9999.000,9999.000,9999.000
202604111624,   0.732,9999.000,9999.000,9999.000,9999.000,9999.000,9999.000,9999.000,9999.000
202604111630,   0.712,9999.000,9999.000,9999.000,9999.000,9999.000,9999.000,9999.000,9999.000
202604111636,   0.693,9999.000,9999.000,9999.000,9999.000,9999.000,9999.000,9999.000,9999.000
202604111642,   0.674,9999.000,9999.000,9999.000,9999.000,9999.000,9999.000,9999.000,9999.000
202604111648,   0.657,9999.000,9999.000,9999.000,9999.000,9999.000,9999.000,9999.000,9999.000
202604111654,   0.640,9999.000,9999.000,9999.000,9999.000,9999.000,9999.000,9999.000,9999.000
202604111700,   0.624,9999.000,   0.300,   0.113,   1.037,   0.200,   0.937,   0.400,   1.137
202604111706,   0.608,9999.000,9999.000,9999.000,9999.000,9999.000,9999.000,9999.000,9999.000
202604111712,   0.593,9999.000,9999.000,9999.000,9999.000,9999.000,9999.000,9999.000,9999.000
202604111718,   0.579,9999.000,9999.000,9999.000,9999.000,9999.000,9999.000,9999.000,9999.000
202604111724,   0.566,9999.000,9999.000,9999.000,9999.000,9999.000,9999.000,9999.000,9999.000
202604111730,   0.553,9999.000,9999.000,9999.000,9999.000,9999.000,9999.000,9999.000,9999.000
202604111736,   0.540,9999.000,9999.000,9999.000,9999.000,9999.000,9999.000,9999.000,9999.000
202604111742,   0.528,9999.000,9999.000,9999.000,9999.000,9999.000,9999.000,9999.000,9999.000
202604111748,   0.517,9999.000,9999.000,9999.000,9999.000,9999.000,9999.000,9999.000,9999.000
202604111754,   0.505,9999.000,9999.000,9999.000,9999.000,9999.000,9999.000,9999.000,9999.000
202604111800,   0.495,9999.000,   0.300,   0.113,   0.908,   0.200,   0.808,   0.300,   0.908
202604111806,   0.484,9999.000,9999.000,9999.000,9999.000,9999.000,9999.000,9999.000,9999.000
202604111812,   0.474,9999.000,9999.000,9999.000,9999.000,9999.000,9999.000,9999.000,9999.000
202604111818,   0.464,9999.000,9999.000,9999.000,9999.000,9999.000,9999.000,9999.000,9999.000
202604111824,   0.455,9999.000,9999.000,9999.000,9999.000,9999.000,9999.000,9999.000,9999.000
202604111830,   0.446,9999.000,9999.000,9999.000,9999.000,9999.000,9999.000,9999.000,9999.000
202604111836,   0.437,9999.000,9999.000,9999.000,9999.000,9999.000,9999.000,9999.000,9999.000
202604111842,   0.429,9999.000,9999.000,9999.000,9999.000,9999.000,9999.000,9999.000,9999.000
202604111848,   0.421,9999.000,9999.000,9999.000,9999.000,9999.000,9999.000,9999.000,9999.000
202604111854,   0.414,9999.000,9999.000,9999.000,9999.000,9999.000,9999.000,9999.000,9999.000
202604111900,   0.407,9999.000,   0.200,   0.113,   0.720,   0.200,   0.720,   0.300,   0.820
202604111906,   0.401,9999.000,9999.000,9999.000,9999.000,9999.000,9999.000,9999.000,9999.000
202604111912,   0.396,9999.000,9999.000,9999.000,9999.000,9999.000,9999.000,9999.000,9999.000
202604111918,   0.392,9999.000,9999.000,9999.000,9999.000,9999.000,9999.000,9999.000,9999.000
202604111924,   0.389,9999.000,9999.000,9999.000,9999.000,9999.000,9999.000,9999.000,9999.000
202604111930,   0.387,9999.000,9999.000,9999.000,9999.000,9999.000,9999.000,9999.000,9999.000
202604111936,   0.386,9999.000,9999.000,9999.000,9999.000,9999.000,9999.000,9999.000,9999.000
202604111942,   0.386,9999.000,9999.000,9999.000,9999.000,9999.000,9999.000,9999.000,9999.000
202604111948,   0.388,9999.000,9999.000,9999.000,9999.000,9999.000,9999.000,9999.000,9999.000
202604111954,   0.391,9999.000,9999.000,9999.000,9999.000,9999.000,9999.000,9999.000,9999.000
202604112000,   0.395,9999.000,   0.200,   0.113,   0.708,   0.200,   0.708,   0.300,   0.808
202604112006,   0.401,9999.000,9999.000,9999.000,9999.000,9999.000,9999.000,9999.000,9999.000
202604112012,   0.409,9999.000,9999.000,9999.000,9999.000,9999.000,9999.000,9999.000,9999.000
202604112018,   0.418,9999.000,9999.000,9999.000,9999.000,9999.000,9999.000,9999.000,9999.000
202604112024,   0.428,9999.000,9999.000,9999.000,9999.000,9999.000,9999.000,9999.000,9999.000
202604112030,   0.441,9999.000,9999.000,9999.000,9999.000,9999.000,9999.000,9999.000,9999.000
202604112036,   0.454,9999.000,9999.000,9999.000,9999.000,9999.000,9999.000,9999.000,9999.000
202604112042,   0.470,9999.000,9999.000,9999.000,9999.000,9999.000,9999.000,9999.000,9999.000
202604112048,   0.486,9999.000,9999.000,9999.000,9999.000,9999.000,9999.000,9999.000,9999.000
202604112054,   0.504,9999.000,9999.000,9999.000,9999.000,9999.000,9999.000,9999.000,9999.000
202604112100,   0.523,9999.000,   0.200,   0.113,   0.836,   0.100,   0.736,   0.300,   0.936
202604112106,   0.543,9999.000,9999.000,9999.000,9999.000,9999.000,9999.000,9999.000,9999.000
202604112112,   0.564,9999.000,9999.000,9999.000,9999.000,9999.000,9999.000,9999.000,9999.000
202604112118,   0.586,9999.000,9999.000,9999.000,9999.000,9999.000,9999.000,9999.000,9999.000
202604112124,   0.609,9999.000,9999.000,9999.000,9999.000,9999.000,9999.000,9999.000,9999.000
202604112130,   0.632,9999.000,9999.000,9999.000,9999.000,9999.000,9999.000,9999.000,9999.000
202604112136,   0.656,9999.000,9999.000,9999.000,9999.000,9999.000,9999.000,9999.000,9999.000
202604112142,   0.680,9999.000,9999.000,9999.000,9999.000,9999.000,9999.000,9999.000,9999.000
202604112148,   0.704,9999.000,9999.000,9999.000,9999.000,9999.000,9999.000,9999.000,9999.000
202604112154,   0.728,9999.000,9999.000,9999.000,9999.000,9999.000,9999.000,9999.000,9999.000
202604112200,   0.752,9999.000,   0.200,   0.113,   1.065,   0.100,   0.965,   0.300,   1.165
202604112206,   0.775,9999.000,9999.000,9999.000,9999.000,9999.000,9999.000,9999.000,9999.000
202604112212,   0.798,9999.000,9999.000,9999.000,9999.000,9999.000,9999.000,9999.000,9999.000
202604112218,   0.821,9999.000,9999.000,9999.000,9999.000,9999.000,9999.000,9999.000,9999.000
202604112224,   0.843,9999.000,9999.000,9999.000,9999.000,9999.000,9999.000,9999.000,9999.000
202604112230,   0.864,9999.000,9999.000,9999.000,9999.000,9999.000,9999.000,9999.000,9999.000
202604112236,   0.884,9999.000,9999.000,9999.000,9999.000,9999.000,9999.000,9999.000,9999.000
202604112242,   0.903,9999.000,9999.000,9999.000,9999.000,9999.000,9999.000,9999.000,9999.000
202604112248,   0.922,9999.000,9999.000,9999.000,9999.000,9999.000,9999.000,9999.000,9999.000
202604112254,   0.939,9999.000,9999.000,9999.000,9999.000,9999.000,9999.000,9999.000,9999.000
202604112300,   0.956,9999.000,   0.200,   0.113,   1.269,   0.100,   1.169,   0.300,   1.369
202604112306,   0.972,9999.000,9999.000,9999.000,9999.000,9999.000,9999.000,9999.000,9999.000
202604112312,   0.987,9999.000,9999.000,9999.000,9999.000,9999.000,9999.000,9999.000,9999.000
202604112318,   1.001,9999.000,9999.000,9999.000,9999.000,9999.000,9999.000,9999.000,9999.000
202604112324,   1.014,9999.000,9999.000,9999.000,9999.000,9999.000,9999.000,9999.000,9999.000
202604112330,   1.026,9999.000,9999.000,9999.000,9999.000,9999.000,9999.000,9999.000,9999.000
202604112336,   1.038,9999.000,9999.000,9999.000,9999.000,9999.000,9999.000,9999.000,9999.000
202604112342,   1.049,9999.000,9999.000,9999.000,9999.000,9999.000,9999.000,9999.000,9999.000
202604112348,   1.059,9999.000,9999.000,9999.000,9999.000,9999.000,9999.000,9999.000,9999.000
202604112354,   1.069,9999.000,9999.000,9999.000,9999.000,9999.000,9999.000,9999.000,9999.000
202604120000,   1.078,9999.000,   0.200,   0.113,   1.391,   0.100,   1.291,   0.300,   1.491
202604120006,   1.087,9999.000,9999.000,9999.000,9999.000,9999.000,9999.000,9999.000,9999.000
202604120012,   1.096,9999.000,9999.000,9999.000,9999.000,9999.000,9999.000,9999.000,9999.000
202604120018,   1.104,9999.000,9999.000,9999.000,9999.000,9999.000,9999.000,9999.000,9999.000
202604120024,   1.112,9999.000,9999.000,9999.000,9999.000,9999.000,9999.000,9999.000,9999.000
202604120030,   1.120,9999.000,9999.000,9999.000,9999.000,9999.000,9999.000,9999.000,9999.000
202604120036,   1.127,9999.000,9999.000,9999.000,9999.000,9999.000,9999.000,9999.000,9999.000
202604120042,   1.135,9999.000,9999.000,9999.000,9999.000,9999.000,9999.000,9999.000,9999.000
202604120048,   1.142,9999.000,9999.000,9999.000,9999.000,9999.000,9999.000,9999.000,9999.000
202604120054,   1.148,9999.000,9999.000,9999.000,9999.000,9999.000,9999.000,9999.000,9999.000
202604120100,   1.155,9999.000,   0.200,   0.113,   1.468,   0.100,   1.368,   0.300,   1.568
202604120106,   1.161,9999.000,9999.000,9999.000,9999.000,9999.000,9999.000,9999.000,9999.000
202604120112,   1.166,9999.000,9999.000,9999.000,9999.000,9999.000,9999.000,9999.000,9999.000
202604120118,   1.171,9999.000,9999.000,9999.000,9999.000,9999.000,9999.000,9999.000,9999.000
202604120124,   1.176,9999.000,9999.000,9999.000,9999.000,9999.000,9999.000,9999.000,9999.000
202604120130,   1.180,9999.000,9999.000,9999.000,9999.000,9999.000,9999.000,9999.000,9999.000
202604120136,   1.183,9999.000,9999.000,9999.000,9999.000,9999.000,9999.000,9999.000,9999.000
202604120142,   1.185,9999.000,9999.000,9999.000,9999.000,9999.000,9999.000,9999.000,9999.000
202604120148,   1.186,9999.000,9999.000,9999.000,9999.000,9999.000,9999.000,9999.000,9999.000
202604120154,   1.186,9999.000,9999.000,9999.000,9999.000,9999.000,9999.000,9999.000,9999.000
202604120200,   1.185,9999.000,   0.200,   0.113,   1.498,   0.100,   1.398,   0.300,   1.598
202604120206,   1.183,9999.000,9999.000,9999.000,9999.000,9999.000,9999.000,9999.000,9999.000
202604120212,   1.180,9999.000,9999.000,9999.000,9999.000,9999.000,9999.000,9999.000,9999.000
202604120218,   1.175,9999.000,9999.000,9999.000,9999.000,9999.000,9999.000,9999.000,9999.000
202604120224,   1.169,9999.000,9999.000,9999.000,9999.000,9999.000,9999.000,9999.000,9999.000
202604120230,   1.161,9999.000,9999.000,9999.000,9999.000,9999.000,9999.000,9999.000,9999.000
202604120236,   1.152,9999.000,9999.000,9999.000,9999.000,9999.000,9999.000,9999.000,9999.000
202604120242,   1.141,9999.000,9999.000,9999.000,9999.000,9999.000,9999.000,9999.000,9999.000
202604120248,   1.129,9999.000,9999.000,9999.000,9999.000,9999.000,9999.000,9999.000,9999.000
202604120254,   1.116,9999.000,9999.000,9999.000,9999.000,9999.000,9999.000,9999.000,9999.000
202604120300,   1.101,9999.000,   0.200,   0.113,   1.414,   0.100,   1.314,   0.300,   1.514
202604120306,   1.085,9999.000,9999.000,9999.000,9999.000,9999.000,9999.000,9999.000,9999.000
202604120312,   1.068,9999.000,9999.000,9999.000,9999.000,9999.000,9999.000,9999.000,9999.000
202604120318,   1.049,9999.000,9999.000,9999.000,9999.000,9999.000,9999.000,9999.000,9999.000
202604120324,   1.029,9999.000,9999.000,9999.000,9999.000,9999.000,9999.000,9999.000,9999.000
202604120330,   1.009,9999.000,9999.000,9999.000,9999.000,9999.000,9999.000,9999.000,9999.000
202604120336,   0.987,9999.000,9999.000,9999.000,9999.000,9999.000,9999.000,9999.000,9999.000
202604120342,   0.965,9999.000,9999.000,9999.000,9999.000,9999.000,9999.000,9999.000,9999.000
202604120348,   0.942,9999.000,9999.000,9999.000,9999.000,9999.000,9999.000,9999.000,9999.000
202604120354,   0.919,9999.000,9999.000,9999.000,9999.000,9999.000,9999.000,9999.000,9999.000
202604120400,   0.896,9999.000,   0.200,   0.113,   1.209,   0.100,   1.109,   0.300,   1.309
202604120406,   0.872,9999.000,9999.000,9999.000,9999.000,9999.000,9999.000,9999.000,9999.000
202604120412,   0.848,9999.000,9999.000,9999.000,9999.000,9999.000,9999.000,9999.000,9999.000
202604120418,   0.824,9999.000,9999.000,9999.000,9999.000,9999.000,9999.000,9999.000,9999.000
202604120424,   0.801,9999.000,9999.000,9999.000,9999.000,9999.000,9999.000,9999.000,9999.000
202604120430,   0.777,9999.000,9999.000,9999.000,9999.000,9999.000,9999.000,9999.000,9999.000
202604120436,   0.755,9999.000,9999.000,9999.000,9999.000,9999.000,9999.000,9999.000,9999.000
202604120442,   0.732,9999.000,9999.000,9999.000,9999.000,9999.000,9999.000,9999.000,9999.000
202604120448,   0.710,9999.000,9999.000,9999.000,9999.000,9999.000,9999.000,9999.000,9999.000
202604120454,   0.689,9999.000,9999.000,9999.000,9999.000,9999.000,9999.000,9999.000,9999.000
202604120500,   0.669,9999.000,   0.300,   0.113,   1.082,   0.100,   0.882,   0.300,   1.082
202604120506,   0.649,9999.000,9999.000,9999.000,9999.000,9999.000,9999.000,9999.000,9999.000
202604120512,   0.630,9999.000,9999.000,9999.000,9999.000,9999.000,9999.000,9999.000,9999.000
202604120518,   0.611,9999.000,9999.000,9999.000,9999.000,9999.000,9999.000,9999.000,9999.000
202604120524,   0.594,9999.000,9999.000,9999.000,9999.000,9999.000,9999.000,9999.000,9999.000
202604120530,   0.577,9999.000,9999.000,9999.000,9999.000,9999.000,9999.000,9999.000,9999.000
202604120536,   0.560,9999.000,9999.000,9999.000,9999.000,9999.000,9999.000,9999.000,9999.000
202604120542,   0.545,9999.000,9999.000,9999.000,9999.000,9999.000,9999.000,9999.000,9999.000
202604120548,   0.530,9999.000,9999.000,9999.000,9999.000,9999.000,9999.000,9999.000,9999.000
202604120554,   0.516,9999.000,9999.000,9999.000,9999.000,9999.000,9999.000,9999.000,9999.000
202604120600,   0.502,9999.000,   0.300,   0.113,   0.915,   0.100,   0.715,   0.300,   0.915
202604120606,   0.489,9999.000,9999.000,9999.000,9999.000,9999.000,9999.000,9999.000,9999.000
202604120612,   0.477,9999.000,9999.000,9999.000,9999.000,9999.000,9999.000,9999.000,9999.000
202604120618,   0.465,9999.000,9999.000,9999.000,9999.000,9999.000,9999.000,9999.000,9999.000
202604120624,   0.453,9999.000,9999.000,9999.000,9999.000,9999.000,9999.000,9999.000,9999.000
202604120630,   0.442,9999.000,9999.000,9999.000,9999.000,9999.000,9999.000,9999.000,9999.000
202604120636,   0.432,9999.000,9999.000,9999.000,9999.000,9999.000,9999.000,9999.000,9999.000
202604120642,   0.421,9999.000,9999.000,9999.000,9999.000,9999.000,9999.000,9999.000,9999.000
202604120648,   0.412,9999.000,9999.000,9999.000,9999.000,9999.000,9999.000,9999.000,9999.000
202604120654,   0.403,9999.000,9999.000,9999.000,9999.000,9999.000,9999.000,9999.000,9999.000
202604120700,   0.394,9999.000,   0.200,   0.113,   0.707,   0.100,   0.607,   0.300,   0.807
202604120706,   0.386,9999.000,9999.000,9999.000,9999.000,9999.000,9999.000,9999.000,9999.000
202604120712,   0.379,9999.000,9999.000,9999.000,9999.000,9999.000,9999.000,9999.000,9999.000
202604120718,   0.373,9999.000,9999.000,9999.000,9999.000,9999.000,9999.000,9999.000,9999.000
202604120724,   0.367,9999.000,9999.000,9999.000,9999.000,9999.000,9999.000,9999.000,9999.000
202604120730,   0.362,9999.000,9999.000,9999.000,9999.000,9999.000,9999.000,9999.000,9999.000
202604120736,   0.358,9999.000,9999.000,9999.000,9999.000,9999.000,9999.000,9999.000,9999.000
202604120742,   0.355,9999.000,9999.000,9999.000,9999.000,9999.000,9999.000,9999.000,9999.000
202604120748,   0.354,9999.000,9999.000,9999.000,9999.000,9999.000,9999.000,9999.000,9999.000
202604120754,   0.353,9999.000,9999.000,9999.000,9999.000,9999.000,9999.000,9999.000,9999.000
202604120800,   0.354,9999.000,   0.200,   0.113,   0.667,   0.100,   0.567,   0.300,   0.767
202604120806,   0.357,9999.000,9999.000,9999.000,9999.000,9999.000,9999.000,9999.000,9999.000
202604120812,   0.360,9999.000,9999.000,9999.000,9999.000,9999.000,9999.000,9999.000,9999.000
202604120818,   0.366,9999.000,9999.000,9999.000,9999.000,9999.000,9999.000,9999.000,9999.000
202604120824,   0.373,9999.000,9999.000,9999.000,9999.000,9999.000,9999.000,9999.000,9999.000
202604120830,   0.381,9999.000,9999.000,9999.000,9999.000,9999.000,9999.000,9999.000,9999.000
202604120836,   0.392,9999.000,9999.000,9999.000,9999.000,9999.000,9999.000,9999.000,9999.000
202604120842,   0.404,9999.000,9999.000,9999.000,9999.000,9999.000,9999.000,9999.000,9999.000
202604120848,   0.417,9999.000,9999.000,9999.000,9999.000,9999.000,9999.000,9999.000,9999.000
202604120854,   0.433,9999.000,9999.000,9999.000,9999.000,9999.000,9999.000,9999.000,9999.000
202604120900,   0.450,9999.000,   0.200,   0.113,   0.763,   0.100,   0.663,   0.300,   0.863
202604120906,   0.468,9999.000,9999.000,9999.000,9999.000,9999.000,9999.000,9999.000,9999.000
202604120912,   0.488,9999.000,9999.000,9999.000,9999.000,9999.000,9999.000,9999.000,9999.000
202604120918,   0.509,9999.000,9999.000,9999.000,9999.000,9999.000,9999.000,9999.000,9999.000
202604120924,   0.532,9999.000,9999.000,9999.000,9999.000,9999.000,9999.000,9999.000,9999.000
202604120930,   0.556,9999.000,9999.000,9999.000,9999.000,9999.000,9999.000,9999.000,9999.000
202604120936,   0.581,9999.000,9999.000,9999.000,9999.000,9999.000,9999.000,9999.000,9999.000
202604120942,   0.607,9999.000,9999.000,9999.000,9999.000,9999.000,9999.000,9999.000,9999.000
202604120948,   0.633,9999.000,9999.000,9999.000,9999.000,9999.000,9999.000,9999.000,9999.000
202604120954,   0.660,9999.000,9999.000,9999.000,9999.000,9999.000,9999.000,9999.000,9999.000
202604121000,   0.688,9999.000,   0.200,   0.113,   1.001,   0.200,   1.001,   0.300,   1.101
202604121006,   0.716,9999.000,9999.000,9999.000,9999.000,9999.000,9999.000,9999.000,9999.000
202604121012,   0.743,9999.000,9999.000,9999.000,9999.000,9999.000,9999.000,9999.000,9999.000
202604121018,   0.771,9999.000,9999.000,9999.000,9999.000,9999.000,9999.000,9999.000,9999.000
202604121024,   0.799,9999.000,9999.000,9999.000,9999.000,9999.000,9999.000,9999.000,9999.000
202604121030,   0.826,9999.000,9999.000,9999.000,9999.000,9999.000,9999.000,9999.000,9999.000
202604121036,   0.853,9999.000,9999.000,9999.000,9999.000,9999.000,9999.000,9999.000,9999.000
202604121042,   0.879,9999.000,9999.000,9999.000,9999.000,9999.000,9999.000,9999.000,9999.000
202604121048,   0.904,9999.000,9999.000,9999.000,9999.000,9999.000,9999.000,9999.000,9999.000
202604121054,   0.928,9999.000,9999.000,9999.000,9999.000,9999.000,9999.000,9999.000,9999.000
202604121100,   0.952,9999.000,   0.300,   0.113,   1.365,   0.200,   1.265,   0.300,   1.365
202604121106,   0.974,9999.000,9999.000,9999.000,9999.000,9999.000,9999.000,9999.000,9999.000
202604121112,   0.996,9999.000,9999.000,9999.000,9999.000,9999.000,9999.000,9999.000,9999.000
202604121118,   1.016,9999.000,9999.000,9999.000,9999.000,9999.000,9999.000,9999.000,9999.000
202604121124,   1.036,9999.000,9999.000,9999.000,9999.000,9999.000,9999.000,9999.000,9999.000
202604121130,   1.054,9999.000,9999.000,9999.000,9999.000,9999.000,9999.000,9999.000,9999.000
202604121136,   1.071,9999.000,9999.000,9999.000,9999.000,9999.000,9999.000,9999.000,9999.000
202604121142,   1.087,9999.000,9999.000,9999.000,9999.000,9999.000,9999.000,9999.000,9999.000
202604121148,   1.102,9999.000,9999.000,9999.000,9999.000,9999.000,9999.000,9999.000,9999.000
202604121154,   1.117,9999.000,9999.000,9999.000,9999.000,9999.000,9999.000,9999.000,9999.000
202604121200,   1.130,9999.000,   0.300,   0.113,   1.543,   0.200,   1.443,   0.300,   1.543
202604121206,   1.142,9999.000,9999.000,9999.000,9999.000,9999.000,9999.000,9999.000,9999.000
202604121212,   1.154,9999.000,9999.000,9999.000,9999.000,9999.000,9999.000,9999.000,9999.000
202604121218,   1.165,9999.000,9999.000,9999.000,9999.000,9999.000,9999.000,9999.000,9999.000
202604121224,   1.175,9999.000,9999.000,9999.000,9999.000,9999.000,9999.000,9999.000,9999.000
202604121230,   1.185,9999.000,9999.000,9999.000,9999.000,9999.000,9999.000,9999.000,9999.000
202604121236,   1.194,9999.000,9999.000,9999.000,9999.000,9999.000,9999.000,9999.000,9999.000
202604121242,   1.203,9999.000,9999.000,9999.000,9999.000,9999.000,9999.000,9999.000,9999.000
202604121248,   1.211,9999.000,9999.000,9999.000,9999.000,9999.000,9999.000,9999.000,9999.000
202604121254,   1.219,9999.000,9999.000,9999.000,9999.000,9999.000,9999.000,9999.000,9999.000
202604121300,   1.226,9999.000,   0.300,   0.113,   1.639,   0.200,   1.539,   0.300,   1.639
202604121306,   1.233,9999.000,9999.000,9999.000,9999.000,9999.000,9999.000,9999.000,9999.000
202604121312,   1.240,9999.000,9999.000,9999.000,9999.000,9999.000,9999.000,9999.000,9999.000
202604121318,   1.246,9999.000,9999.000,9999.000,9999.000,9999.000,9999.000,9999.000,9999.000
202604121324,   1.252,9999.000,9999.000,9999.000,9999.000,9999.000,9999.000,9999.000,9999.000
202604121330,   1.258,9999.000,9999.000,9999.000,9999.000,9999.000,9999.000,9999.000,9999.000
202604121336,   1.263,9999.000,9999.000,9999.000,9999.000,9999.000,9999.000,9999.000,9999.000
202604121342,   1.267,9999.000,9999.000,9999.000,9999.000,9999.000,9999.000,9999.000,9999.000
202604121348,   1.270,9999.000,9999.000,9999.000,9999.000,9999.000,9999.000,9999.000,9999.000
202604121354,   1.273,9999.000,9999.000,9999.000,9999.000,9999.000,9999.000,9999.000,9999.000
202604121400,   1.275,9999.000,   0.300,   0.113,   1.688,   0.200,   1.588,   0.300,   1.688
202604121406,   1.276,9999.000,9999.000,9999.000,9999.000,9999.000,9999.000,9999.000,9999.000
202604121412,   1.277,9999.000,9999.000,9999.000,9999.000,9999.000,9999.000,9999.000,9999.000
202604121418,   1.276,9999.000,9999.000,9999.000,9999.000,9999.000,9999.000,9999.000,9999.000
202604121424,   1.274,9999.000,9999.000,9999.000,9999.000,9999.000,9999.000,9999.000,9999.000
202604121430,   1.270,9999.000,9999.000,9999.000,9999.000,9999.000,9999.000,9999.000,9999.000
202604121436,   1.266,9999.000,9999.000,9999.000,9999.000,9999.000,9999.000,9999.000,9999.000
202604121442,   1.260,9999.000,9999.000,9999.000,9999.000,9999.000,9999.000,9999.000,9999.000
202604121448,   1.253,9999.000,9999.000,9999.000,9999.000,9999.000,9999.000,9999.000,9999.000
202604121454,   1.244,9999.000,9999.000,9999.000,9999.000,9999.000,9999.000,9999.000,9999.000
202604121500,   1.234,9999.000,   0.300,   0.113,   1.647,   0.200,   1.547,   0.300,   1.647
202604121506,   1.222,9999.000,9999.000,9999.000,9999.000,9999.000,9999.000,9999.000,9999.000
202604121512,   1.209,9999.000,9999.000,9999.000,9999.000,9999.000,9999.000,9999.000,9999.000
202604121518,   1.194,9999.000,9999.000,9999.000,9999.000,9999.000,9999.000,9999.000,9999.000
202604121524,   1.178,9999.000,9999.000,9999.000,9999.000,9999.000,9999.000,9999.000,9999.000
202604121530,   1.161,9999.000,9999.000,9999.000,9999.000,9999.000,9999.000,9999.000,9999.000
202604121536,   1.143,9999.000,9999.000,9999.000,9999.000,9999.000,9999.000,9999.000,9999.000
202604121542,   1.123,9999.000,9999.000,9999.000,9999.000,9999.000,9999.000,9999.000,9999.000
202604121548,   1.102,9999.000,9999.000,9999.000,9999.000,9999.000,9999.000,9999.000,9999.000
202604121554,   1.081,9999.000,9999.000,9999.000,9999.000,9999.000,9999.000,9999.000,9999.000
202604121600,   1.058,9999.000,   0.300,   0.113,   1.471,   0.200,   1.371,   0.300,   1.471
202604121606,   1.035,9999.000,9999.000,9999.000,9999.000,9999.000,9999.000,9999.000,9999.000
202604121612,   1.011,9999.000,9999.000,9999.000,9999.000,9999.000,9999.000,9999.000,9999.000
202604121618,   0.986,9999.000,9999.000,9999.000,9999.000,9999.000,9999.000,9999.000,9999.000
202604121624,   0.962,9999.000,9999.000,9999.000,9999.000,9999.000,9999.000,9999.000,9999.000
202604121630,   0.937,9999.000,9999.000,9999.000,9999.000,9999.000,9999.000,9999.000,9999.000
202604121636,   0.912,9999.000,9999.000,9999.000,9999.000,9999.000,9999.000,9999.000,9999.000
202604121642,   0.887,9999.000,9999.000,9999.000,9999.000,9999.000,9999.000,9999.000,9999.000
202604121648,   0.862,9999.000,9999.000,9999.000,9999.000,9999.000,9999.000,9999.000,9999.000
202604121654,   0.837,9999.000,9999.000,9999.000,9999.000,9999.000,9999.000,9999.000,9999.000
202604121700,   0.813,9999.000,   0.300,   0.113,   1.226,   0.200,   1.126,   0.400,   1.326
202604121706,   0.789,9999.000,9999.000,9999.000,9999.000,9999.000,9999.000,9999.000,9999.000
202604121712,   0.766,9999.000,9999.000,9999.000,9999.000,9999.000,9999.000,9999.000,9999.000
202604121718,   0.743,9999.000,9999.000,9999.000,9999.000,9999.000,9999.000,9999.000,9999.000
202604121724,   0.721,9999.000,9999.000,9999.000,9999.000,9999.000,9999.000,9999.000,9999.000
202604121730,   0.700,9999.000,9999.000,9999.000,9999.000,9999.000,9999.000,9999.000,9999.000
202604121736,   0.679,9999.000,9999.000,9999.000,9999.000,9999.000,9999.000,9999.000,9999.000
202604121742,   0.659,9999.000,9999.000,9999.000,9999.000,9999.000,9999.000,9999.000,9999.000
202604121748,   0.640,9999.000,9999.000,9999.000,9999.000,9999.000,9999.000,9999.000,9999.000
202604121754,   0.621,9999.000,9999.000,9999.000,9999.000,9999.000,9999.000,9999.000,9999.000
202604121800,   0.603,9999.000,   0.300,   0.113,   1.016,   0.200,   0.916,   0.400,   1.116
202604121806,   0.586,9999.000,9999.000,9999.000,9999.000,9999.000,9999.000,9999.000,9999.000
202604121812,   0.569,9999.000,9999.000,9999.000,9999.000,9999.000,9999.000,9999.000,9999.000
202604121818,   0.553,9999.000,9999.000,9999.000,9999.000,9999.000,9999.000,9999.000,9999.000
202604121824,   0.537,9999.000,9999.000,9999.000,9999.000,9999.000,9999.000,9999.000,9999.000
202604121830,   0.522,9999.000,9999.000,9999.000,9999.000,9999.000,9999.000,9999.000,9999.000
202604121836,   0.507,9999.000,9999.000,9999.000,9999.000,9999.000,9999.000,9999.000,9999.000
202604121842,   0.493,9999.000,9999.000,9999.000,9999.000,9999.000,9999.000,9999.000,9999.000
202604121848,   0.479,9999.000,9999.000,9999.000,9999.000,9999.000,9999.000,9999.000,9999.000
202604121854,   0.466,9999.000,9999.000,9999.000,9999.000,9999.000,9999.000,9999.000,9999.000
202604121900,   0.453,9999.000,   0.300,   0.113,   0.866,   0.200,   0.766,   0.400,   0.966
202604121906,   0.440,9999.000,9999.000,9999.000,9999.000,9999.000,9999.000,9999.000,9999.000
202604121912,   0.428,9999.000,9999.000,9999.000,9999.000,9999.000,9999.000,9999.000,9999.000
202604121918,   0.416,9999.000,9999.000,9999.000,9999.000,9999.000,9999.000,9999.000,9999.000
202604121924,   0.405,9999.000,9999.000,9999.000,9999.000,9999.000,9999.000,9999.000,9999.000
202604121930,   0.395,9999.000,9999.000,9999.000,9999.000,9999.000,9999.000,9999.000,9999.000
202604121936,   0.384,9999.000,9999.000,9999.000,9999.000,9999.000,9999.000,9999.000,9999.000
202604121942,   0.375,9999.000,9999.000,9999.000,9999.000,9999.000,9999.000,9999.000,9999.000
202604121948,   0.366,9999.000,9999.000,9999.000,9999.000,9999.000,9999.000,9999.000,9999.000
202604121954,   0.358,9999.000,9999.000,9999.000,9999.000,9999.000,9999.000,9999.000,9999.000
202604122000,   0.351,9999.000,   0.300,   0.113,   0.764,   0.200,   0.664,   0.400,   0.864
202604122006,   0.346,9999.000,9999.000,9999.000,9999.000,9999.000,9999.000,9999.000,9999.000
202604122012,   0.341,9999.000,9999.000,9999.000,9999.000,9999.000,9999.000,9999.000,9999.000
202604122018,   0.337,9999.000,9999.000,9999.000,9999.000,9999.000,9999.000,9999.000,9999.000
202604122024,   0.335,9999.000,9999.000,9999.000,9999.000,9999.000,9999.000,9999.000,9999.000
202604122030,   0.334,9999.000,9999.000,9999.000,9999.000,9999.000,9999.000,9999.000,9999.000
202604122036,   0.334,9999.000,9999.000,9999.000,9999.000,9999.000,9999.000,9999.000,9999.000
202604122042,   0.337,9999.000,9999.000,9999.000,9999.000,9999.000,9999.000,9999.000,9999.000
202604122048,   0.340,9999.000,9999.000,9999.000,9999.000,9999.000,9999.000,9999.000,9999.000
202604122054,   0.346,9999.000,9999.000,9999.000,9999.000,9999.000,9999.000,9999.000,9999.000
202604122100,   0.353,9999.000,   0.300,   0.113,   0.766,   0.200,   0.666,   0.400,   0.866
202604122106,   0.362,9999.000,9999.000,9999.000,9999.000,9999.000,9999.000,9999.000,9999.000
202604122112,   0.373,9999.000,9999.000,9999.000,9999.000,9999.000,9999.000,9999.000,9999.000
202604122118,   0.385,9999.000,9999.000,9999.000,9999.000,9999.000,9999.000,9999.000,9999.000
202604122124,   0.399,9999.000,9999.000,9999.000,9999.000,9999.000,9999.000,9999.000,9999.000
202604122130,   0.415,9999.000,9999.000,9999.000,9999.000,9999.000,9999.000,9999.000,9999.000
202604122136,   0.432,9999.000,9999.000,9999.000,9999.000,9999.000,9999.000,9999.000,9999.000
202604122142,   0.451,9999.000,9999.000,9999.000,9999.000,9999.000,9999.000,9999.000,9999.000
202604122148,   0.472,9999.000,9999.000,9999.000,9999.000,9999.000,9999.000,9999.000,9999.000
202604122154,   0.493,9999.000,9999.000,9999.000,9999.000,9999.000,9999.000,9999.000,9999.000
202604122200,   0.516,9999.000,   0.300,   0.113,   0.929,   0.300,   0.929,   0.400,   1.029
202604122206,   0.540,9999.000,9999.000,9999.000,9999.000,9999.000,9999.000,9999.000,9999.000
202604122212,   0.565,9999.000,9999.000,9999.000,9999.000,9999.000,9999.000,9999.000,9999.000
202604122218,   0.591,9999.000,9999.000,9999.000,9999.000,9999.000,9999.000,9999.000,9999.000
202604122224,   0.617,9999.000,9999.000,9999.000,9999.000,9999.000,9999.000,9999.000,9999.000
202604122230,   0.644,9999.000,9999.000,9999.000,9999.000,9999.000,9999.000,9999.000,9999.000
202604122236,   0.671,9999.000,9999.000,9999.000,9999.000,9999.000,9999.000,9999.000,9999.000
202604122242,   0.698,9999.000,9999.000,9999.000,9999.000,9999.000,9999.000,9999.000,9999.000
202604122248,   0.725,9999.000,9999.000,9999.000,9999.000,9999.000,9999.000,9999.000,9999.000
202604122254,   0.752,9999.000,9999.000,9999.000,9999.000,9999.000,9999.000,9999.000,9999.000
202604122300,   0.779,9999.000,   0.300,   0.113,   1.192,   0.300,   1.192,   0.400,   1.292
202604122306,   0.805,9999.000,9999.000,9999.000,9999.000,9999.000,9999.000,9999.000,9999.000
202604122312,   0.831,9999.000,9999.000,9999.000,9999.000,9999.000,9999.000,9999.000,9999.000
202604122318,   0.856,9999.000,9999.000,9999.000,9999.000,9999.000,9999.000,9999.000,9999.000
202604122324,   0.880,9999.000,9999.000,9999.000,9999.000,9999.000,9999.000,9999.000,9999.000
202604122330,   0.904,9999.000,9999.000,9999.000,9999.000,9999.000,9999.000,9999.000,9999.000
202604122336,   0.926,9999.000,9999.000,9999.000,9999.000,9999.000,9999.000,9999.000,9999.000
202604122342,   0.948,9999.000,9999.000,9999.000,9999.000,9999.000,9999.000,9999.000,9999.000
202604122348,   0.969,9999.000,9999.000,9999.000,9999.000,9999.000,9999.000,9999.000,9999.000
202604122354,   0.989,9999.000,9999.000,9999.000,9999.000,9999.000,9999.000,9999.000,9999.000
202604130000,   1.008,9999.000,   0.300,   0.113,   1.421,   0.300,   1.421,   0.400,   1.521
202604130006,   1.027,9999.000,9999.000,9999.000,9999.000,9999.000,9999.000,9999.000,9999.000
202604130012,   1.044,9999.000,9999.000,9999.000,9999.000,9999.000,9999.000,9999.000,9999.000
202604130018,   1.060,9999.000,9999.000,9999.000,9999.000,9999.000,9999.000,9999.000,9999.000
202604130024,   1.076,9999.000,9999.000,9999.000,9999.000,9999.000,9999.000,9999.000,9999.000
202604130030,   1.091,9999.000,9999.000,9999.000,9999.000,9999.000,9999.000,9999.000,9999.000
202604130036,   1.106,9999.000,9999.000,9999.000,9999.000,9999.000,9999.000,9999.000,9999.000
202604130042,   1.119,9999.000,9999.000,9999.000,9999.000,9999.000,9999.000,9999.000,9999.000
202604130048,   1.133,9999.000,9999.000,9999.000,9999.000,9999.000,9999.000,9999.000,9999.000
202604130054,   1.145,9999.000,9999.000,9999.000,9999.000,9999.000,9999.000,9999.000,9999.000
202604130100,   1.157,9999.000,   0.400,   0.113,   1.670,   0.300,   1.570,   0.500,   1.770
202604130106,   1.169,9999.000,9999.000,9999.000,9999.000,9999.000,9999.000,9999.000,9999.000
202604130112,   1.181,9999.000,9999.000,9999.000,9999.000,9999.000,9999.000,9999.000,9999.000
202604130118,   1.192,9999.000,9999.000,9999.000,9999.000,9999.000,9999.000,9999.000,9999.000
202604130124,   1.202,9999.000,9999.000,9999.000,9999.000,9999.000,9999.000,9999.000,9999.000
202604130130,   1.213,9999.000,9999.000,9999.000,9999.000,9999.000,9999.000,9999.000,9999.000
202604130136,   1.223,9999.000,9999.000,9999.000,9999.000,9999.000,9999.000,9999.000,9999.000
202604130142,   1.232,9999.000,9999.000,9999.000,9999.000,9999.000,9999.000,9999.000,9999.000
202604130148,   1.242,9999.000,9999.000,9999.000,9999.000,9999.000,9999.000,9999.000,9999.000
202604130154,   1.250,9999.000,9999.000,9999.000,9999.000,9999.000,9999.000,9999.000,9999.000
202604130200,   1.258,9999.000,   0.400,   0.113,   1.771,   0.300,   1.671,   0.500,   1.871
202604130206,   1.266,9999.000,9999.000,9999.000,9999.000,9999.000,9999.000,9999.000,9999.000
202604130212,   1.273,9999.000,9999.000,9999.000,9999.000,9999.000,9999.000,9999.000,9999.000
202604130218,   1.279,9999.000,9999.000,9999.000,9999.000,9999.000,9999.000,9999.000,9999.000
202604130224,   1.284,9999.000,9999.000,9999.000,9999.000,9999.000,9999.000,9999.000,9999.000
202604130230,   1.288,9999.000,9999.000,9999.000,9999.000,9999.000,9999.000,9999.000,9999.000
202604130236,   1.291,9999.000,9999.000,9999.000,9999.000,9999.000,9999.000,9999.000,9999.000
202604130242,   1.293,9999.000,9999.000,9999.000,9999.000,9999.000,9999.000,9999.000,9999.000
202604130248,   1.294,9999.000,9999.000,9999.000,9999.000,9999.000,9999.000,9999.000,9999.000
202604130254,   1.293,9999.000,9999.000,9999.000,9999.000,9999.000,9999.000,9999.000,9999.000
202604130300,   1.291,9999.000,   0.400,   0.113,   1.804,   0.300,   1.704,   0.500,   1.904
202604130306,   1.288,9999.000,9999.000,9999.000,9999.000,9999.000,9999.000,9999.000,9999.000
202604130312,   1.282,9999.000,9999.000,9999.000,9999.000,9999.000,9999.000,9999.000,9999.000
202604130318,   1.276,9999.000,9999.000,9999.000,9999.000,9999.000,9999.000,9999.000,9999.000
202604130324,   1.268,9999.000,9999.000,9999.000,9999.000,9999.000,9999.000,9999.000,9999.000
202604130330,   1.258,9999.000,9999.000,9999.000,9999.000,9999.000,9999.000,9999.000,9999.000
202604130336,   1.246,9999.000,9999.000,9999.000,9999.000,9999.000,9999.000,9999.000,9999.000
202604130342,   1.233,9999.000,9999.000,9999.000,9999.000,9999.000,9999.000,9999.000,9999.000
202604130348,   1.218,9999.000,9999.000,9999.000,9999.000,9999.000,9999.000,9999.000,9999.000
202604130354,   1.202,9999.000,9999.000,9999.000,9999.000,9999.000,9999.000,9999.000,9999.000
202604130400,   1.185,9999.000,   0.400,   0.113,   1.698,   0.300,   1.598,   0.500,   1.798
202604130406,   1.166,9999.000,9999.000,9999.000,9999.000,9999.000,9999.000,9999.000,9999.000
202604130412,   1.145,9999.000,9999.000,9999.000,9999.000,9999.000,9999.000,9999.000,9999.000
202604130418,   1.124,9999.000,9999.000,9999.000,9999.000,9999.000,9999.000,9999.000,9999.000
202604130424,   1.101,9999.000,9999.000,9999.000,9999.000,9999.000,9999.000,9999.000,9999.000
202604130430,   1.078,9999.000,9999.000,9999.000,9999.000,9999.000,9999.000,9999.000,9999.000
202604130436,   1.053,9999.000,9999.000,9999.000,9999.000,9999.000,9999.000,9999.000,9999.000
202604130442,   1.028,9999.000,9999.000,9999.000,9999.000,9999.000,9999.000,9999.000,9999.000
202604130448,   1.003,9999.000,9999.000,9999.000,9999.000,9999.000,9999.000,9999.000,9999.000
202604130454,   0.977,9999.000,9999.000,9999.000,9999.000,9999.000,9999.000,9999.000,9999.000
202604130500,   0.951,9999.000,   0.400,   0.113,   1.464,   0.400,   1.464,   0.600,   1.664
202604130506,   0.924,9999.000,9999.000,9999.000,9999.000,9999.000,9999.000,9999.000,9999.000
202604130512,   0.898,9999.000,9999.000,9999.000,9999.000,9999.000,9999.000,9999.000,9999.000
202604130518,   0.872,9999.000,9999.000,9999.000,9999.000,9999.000,9999.000,9999.000,9999.000
202604130524,   0.846,9999.000,9999.000,9999.000,9999.000,9999.000,9999.000,9999.000,9999.000
202604130530,   0.820,9999.000,9999.000,9999.000,9999.000,9999.000,9999.000,9999.000,9999.000
202604130536,   0.794,9999.000,9999.000,9999.000,9999.000,9999.000,9999.000,9999.000,9999.000
202604130542,   0.770,9999.000,9999.000,9999.000,9999.000,9999.000,9999.000,9999.000,9999.000
202604130548,   0.745,9999.000,9999.000,9999.000,9999.000,9999.000,9999.000,9999.000,9999.000
202604130554,   0.721,9999.000,9999.000,9999.000,9999.000,9999.000,9999.000,9999.000,9999.000
202604130600,   0.698,9999.000,   0.500,   0.113,   1.311,   0.400,   1.211,   0.600,   1.411
202604130606,   0.676,9999.000,9999.000,9999.000,9999.000,9999.000,9999.000,9999.000,9999.000
202604130612,   0.654,9999.000,9999.000,9999.000,9999.000,9999.000,9999.000,9999.000,9999.000
202604130618,   0.632,9999.000,9999.000,9999.000,9999.000,9999.000,9999.000,9999.000,9999.000
202604130624,   0.612,9999.000,9999.000,9999.000,9999.000,9999.000,9999.000,9999.000,9999.000
202604130630,   0.592,9999.000,9999.000,9999.000,9999.000,9999.000,9999.000,9999.000,9999.000
202604130636,   0.572,9999.000,9999.000,9999.000,9999.000,9999.000,9999.000,9999.000,9999.000
202604130642,   0.554,9999.000,9999.000,9999.000,9999.000,9999.000,9999.000,9999.000,9999.000
202604130648,   0.535,9999.000,9999.000,9999.000,9999.000,9999.000,9999.000,9999.000,9999.000
202604130654,   0.518,9999.000,9999.000,9999.000,9999.000,9999.000,9999.000,9999.000,9999.000
202604130700,   0.501,9999.000,   0.500,   0.113,   1.114,   0.400,   1.014,   0.500,   1.114
202604130706,   0.484,9999.000,9999.000,9999.000,9999.000,9999.000,9999.000,9999.000,9999.000
202604130712,   0.468,9999.000,9999.000,9999.000,9999.000,9999.000,9999.000,9999.000,9999.000
202604130718,   0.452,9999.000,9999.000,9999.000,9999.000,9999.000,9999.000,9999.000,9999.000
202604130724,   0.437,9999.000,9999.000,9999.000,9999.000,9999.000,9999.000,9999.000,9999.000
202604130730,   0.422,9999.000,9999.000,9999.000,9999.000,9999.000,9999.000,9999.000,9999.000
202604130736,   0.408,9999.000,9999.000,9999.000,9999.000,9999.000,9999.000,9999.000,9999.000
202604130742,   0.395,9999.000,9999.000,9999.000,9999.000,9999.000,9999.000,9999.000,9999.000
202604130748,   0.382,9999.000,9999.000,9999.000,9999.000,9999.000,9999.000,9999.000,9999.000
202604130754,   0.370,9999.000,9999.000,9999.000,9999.000,9999.000,9999.000,9999.000,9999.000
202604130800,   0.358,9999.000,   0.500,   0.113,   0.971,   0.400,   0.871,   0.500,   0.971
202604130806,   0.347,9999.000,9999.000,9999.000,9999.000,9999.000,9999.000,9999.000,9999.000
202604130812,   0.337,9999.000,9999.000,9999.000,9999.000,9999.000,9999.000,9999.000,9999.000
202604130818,   0.329,9999.000,9999.000,9999.000,9999.000,9999.000,9999.000,9999.000,9999.000
202604130824,   0.321,9999.000,9999.000,9999.000,9999.000,9999.000,9999.000,9999.000,9999.000
202604130830,   0.314,9999.000,9999.000,9999.000,9999.000,9999.000,9999.000,9999.000,9999.000
202604130836,   0.309,9999.000,9999.000,9999.000,9999.000,9999.000,9999.000,9999.000,9999.000
202604130842,   0.305,9999.000,9999.000,9999.000,9999.000,9999.000,9999.000,9999.000,9999.000
202604130848,   0.302,9999.000,9999.000,9999.000,9999.000,9999.000,9999.000,9999.000,9999.000
202604130854,   0.301,9999.000,9999.000,9999.000,9999.000,9999.000,9999.000,9999.000,9999.000
202604130900,   0.302,9999.000,   0.500,   0.113,   0.915,   0.400,   0.815,   0.500,   0.915
202604130906,   0.304,9999.000,9999.000,9999.000,9999.000,9999.000,9999.000,9999.000,9999.000
202604130912,   0.309,9999.000,9999.000,9999.000,9999.000,9999.000,9999.000,9999.000,9999.000
202604130918,   0.315,9999.000,9999.000,9999.000,9999.000,9999.000,9999.000,9999.000,9999.000
202604130924,   0.323,9999.000,9999.000,9999.000,9999.000,9999.000,9999.000,9999.000,9999.000
202604130930,   0.332,9999.000,9999.000,9999.000,9999.000,9999.000,9999.000,9999.000,9999.000
202604130936,   0.344,9999.000,9999.000,9999.000,9999.000,9999.000,9999.000,9999.000,9999.000
202604130942,   0.358,9999.000,9999.000,9999.000,9999.000,9999.000,9999.000,9999.000,9999.000
202604130948,   0.373,9999.000,9999.000,9999.000,9999.000,9999.000,9999.000,9999.000,9999.000
202604130954,   0.391,9999.000,9999.000,9999.000,9999.000,9999.000,9999.000,9999.000,9999.000
202604131000,   0.410,9999.000,   0.500,   0.113,   1.023,   0.400,   0.923,   0.500,   1.023
202604131006,   0.431,9999.000,9999.000,9999.000,9999.000,9999.000,9999.000,9999.000,9999.000
202604131012,   0.453,9999.000,9999.000,9999.000,9999.000,9999.000,9999.000,9999.000,9999.000
202604131018,   0.477,9999.000,9999.000,9999.000,9999.000,9999.000,9999.000,9999.000,9999.000
202604131024,   0.502,9999.000,9999.000,9999.000,9999.000,9999.000,9999.000,9999.000,9999.000
202604131030,   0.528,9999.000,9999.000,9999.000,9999.000,9999.000,9999.000,9999.000,9999.000
202604131036,   0.556,9999.000,9999.000,9999.000,9999.000,9999.000,9999.000,9999.000,9999.000
202604131042,   0.584,9999.000,9999.000,9999.000,9999.000,9999.000,9999.000,9999.000,9999.000
202604131048,   0.613,9999.000,9999.000,9999.000,9999.000,9999.000,9999.000,9999.000,9999.000
202604131054,   0.642,9999.000,9999.000,9999.000,9999.000,9999.000,9999.000,9999.000,9999.000
202604131100,   0.672,9999.000,   0.400,   0.113,   1.185,   0.400,   1.185,   0.500,   1.285
202604131106,   0.702,9999.000,9999.000,9999.000,9999.000,9999.000,9999.000,9999.000,9999.000
202604131112,   0.732,9999.000,9999.000,9999.000,9999.000,9999.000,9999.000,9999.000,9999.000
202604131118,   0.762,9999.000,9999.000,9999.000,9999.000,9999.000,9999.000,9999.000,9999.000
202604131124,   0.791,9999.000,9999.000,9999.000,9999.000,9999.000,9999.000,9999.000,9999.000
202604131130,   0.820,9999.000,9999.000,9999.000,9999.000,9999.000,9999.000,9999.000,9999.000
202604131136,   0.849,9999.000,9999.000,9999.000,9999.000,9999.000,9999.000,9999.000,9999.000
202604131142,   0.876,9999.000,9999.000,9999.000,9999.000,9999.000,9999.000,9999.000,9999.000
202604131148,   0.904,9999.000,9999.000,9999.000,9999.000,9999.000,9999.000,9999.000,9999.000
202604131154,   0.930,9999.000,9999.000,9999.000,9999.000,9999.000,9999.000,9999.000,9999.000
202604131200,   0.955,9999.000,   0.400,   0.113,   1.468,   0.400,   1.468,   0.500,   1.568
202604131206,   0.979,9999.000,9999.000,9999.000,9999.000,9999.000,9999.000,9999.000,9999.000
202604131212,   1.003,9999.000,9999.000,9999.000,9999.000,9999.000,9999.000,9999.000,9999.000
202604131218,   1.025,9999.000,9999.000,9999.000,9999.000,9999.000,9999.000,9999.000,9999.000
202604131224,   1.046,9999.000,9999.000,9999.000,9999.000,9999.000,9999.000,9999.000,9999.000
202604131230,   1.066,9999.000,9999.000,9999.000,9999.000,9999.000,9999.000,9999.000,9999.000
202604131236,   1.085,9999.000,9999.000,9999.000,9999.000,9999.000,9999.000,9999.000,9999.000
202604131242,   1.104,9999.000,9999.000,9999.000,9999.000,9999.000,9999.000,9999.000,9999.000
202604131248,   1.121,9999.000,9999.000,9999.000,9999.000,9999.000,9999.000,9999.000,9999.000
202604131254,   1.137,9999.000,9999.000,9999.000,9999.000,9999.000,9999.000,9999.000,9999.000
202604131300,   1.153,9999.000,   0.400,   0.113,   1.666,   0.400,   1.666,   0.500,   1.766
202604131306,   1.168,9999.000,9999.000,9999.000,9999.000,9999.000,9999.000,9999.000,9999.000
202604131312,   1.182,9999.000,9999.000,9999.000,9999.000,9999.000,9999.000,9999.000,9999.000
202604131318,   1.195,9999.000,9999.000,9999.000,9999.000,9999.000,9999.000,9999.000,9999.000
202604131324,   1.208,9999.000,9999.000,9999.000,9999.000,9999.000,9999.000,9999.000,9999.000
202604131330,   1.220,9999.000,9999.000,9999.000,9999.000,9999.000,9999.000,9999.000,9999.000
202604131336,   1.231,9999.000,9999.000,9999.000,9999.000,9999.000,9999.000,9999.000,9999.000
202604131342,   1.242,9999.000,9999.000,9999.000,9999.000,9999.000,9999.000,9999.000,9999.000
202604131348,   1.253,9999.000,9999.000,9999.000,9999.000,9999.000,9999.000,9999.000,9999.000
202604131354,   1.263,9999.000,9999.000,9999.000,9999.000,9999.000,9999.000,9999.000,9999.000
202604131400,   1.273,9999.000,   0.400,   0.113,   1.786,   0.400,   1.786,   0.500,   1.886
202604131406,   1.282,9999.000,9999.000,9999.000,9999.000,9999.000,9999.000,9999.000,9999.000
202604131412,   1.290,9999.000,9999.000,9999.000,9999.000,9999.000,9999.000,9999.000,9999.000
202604131418,   1.298,9999.000,9999.000,9999.000,9999.000,9999.000,9999.000,9999.000,9999.000
202604131424,   1.305,9999.000,9999.000,9999.000,9999.000,9999.000,9999.000,9999.000,9999.000
202604131430,   1.311,9999.000,9999.000,9999.000,9999.000,9999.000,9999.000,9999.000,9999.000
202604131436,   1.317,9999.000,9999.000,9999.000,9999.000,9999.000,9999.000,9999.000,9999.000
202604131442,   1.322,9999.000,9999.000,9999.000,9999.000,9999.000,9999.000,9999.000,9999.000
202604131448,   1.325,9999.000,9999.000,9999.000,9999.000,9999.000,9999.000,9999.000,9999.000
202604131454,   1.328,9999.000,9999.000,9999.000,9999.000,9999.000,9999.000,9999.000,9999.000
202604131500,   1.330,9999.000,   0.400,   0.113,   1.843,   0.300,   1.743,   0.500,   1.943
202604131506,   1.330,9999.000,9999.000,9999.000,9999.000,9999.000,9999.000,9999.000,9999.000
202604131512,   1.329,9999.000,9999.000,9999.000,9999.000,9999.000,9999.000,9999.000,9999.000
202604131518,   1.327,9999.000,9999.000,9999.000,9999.000,9999.000,9999.000,9999.000,9999.000
202604131524,   1.323,9999.000,9999.000,9999.000,9999.000,9999.000,9999.000,9999.000,9999.000
202604131530,   1.318,9999.000,9999.000,9999.000,9999.000,9999.000,9999.000,9999.000,9999.000
202604131536,   1.311,9999.000,9999.000,9999.000,9999.000,9999.000,9999.000,9999.000,9999.000
202604131542,   1.303,9999.000,9999.000,9999.000,9999.000,9999.000,9999.000,9999.000,9999.000
202604131548,   1.293,9999.000,9999.000,9999.000,9999.000,9999.000,9999.000,9999.000,9999.000
202604131554,   1.281,9999.000,9999.000,9999.000,9999.000,9999.000,9999.000,9999.000,9999.000
202604131600,   1.268,9999.000,   0.400,   0.113,   1.781,   0.300,   1.681,   0.400,   1.781
202604131606,   1.253,9999.000,9999.000,9999.000,9999.000,9999.000,9999.000,9999.000,9999.000
202604131612,   1.236,9999.000,9999.000,9999.000,9999.000,9999.000,9999.000,9999.000,9999.000
202604131618,   1.218,9999.000,9999.000,9999.000,9999.000,9999.000,9999.000,9999.000,9999.000
202604131624,   1.199,9999.000,9999.000,9999.000,9999.000,9999.000,9999.000,9999.000,9999.000
202604131630,   1.178,9999.000,9999.000,9999.000,9999.000,9999.000,9999.000,9999.000,9999.000
202604131636,   1.156,9999.000,9999.000,9999.000,9999.000,9999.000,9999.000,9999.000,9999.000
202604131642,   1.133,9999.000,9999.000,9999.000,9999.000,9999.000,9999.000,9999.000,9999.000
202604131648,   1.108,9999.000,9999.000,9999.000,9999.000,9999.000,9999.000,9999.000,9999.000
202604131654,   1.083,9999.000,9999.000,9999.000,9999.000,9999.000,9999.000,9999.000,9999.000
202604131700,   1.057,9999.000,   0.400,   0.113,   1.570,   0.300,   1.470,   0.400,   1.570
202604131706,   1.031,9999.000,9999.000,9999.000,9999.000,9999.000,9999.000,9999.000,9999.000
202604131712,   1.003,9999.000,9999.000,9999.000,9999.000,9999.000,9999.000,9999.000,9999.000
202604131718,   0.976,9999.000,9999.000,9999.000,9999.000,9999.000,9999.000,9999.000,9999.000
202604131724,   0.948,9999.000,9999.000,9999.000,9999.000,9999.000,9999.000,9999.000,9999.000
202604131730,   0.920,9999.000,9999.000,9999.000,9999.000,9999.000,9999.000,9999.000,9999.000
202604131736,   0.893,9999.000,9999.000,9999.000,9999.000,9999.000,9999.000,9999.000,9999.000
202604131742,   0.865,9999.000,9999.000,9999.000,9999.000,9999.000,9999.000,9999.000,9999.000
202604131748,   0.837,9999.000,9999.000,9999.000,9999.000,9999.000,9999.000,9999.000,9999.000
202604131754,   0.810,9999.000,9999.000,9999.000,9999.000,9999.000,9999.000,9999.000,9999.000
202604131800,   0.784,9999.000,   0.400,   0.113,   1.297,   0.300,   1.197,   0.400,   1.297
202604131806,   0.758,9999.000,9999.000,9999.000,9999.000,9999.000,9999.000,9999.000,9999.000
202604131812,   0.732,9999.000,9999.000,9999.000,9999.000,9999.000,9999.000,9999.000,9999.000
202604131818,   0.707,9999.000,9999.000,9999.000,9999.000,9999.000,9999.000,9999.000,9999.000
202604131824,   0.683,9999.000,9999.000,9999.000,9999.000,9999.000,9999.000,9999.000,9999.000
202604131830,   0.659,9999.000,9999.000,9999.000,9999.000,9999.000,9999.000,9999.000,9999.000
202604131836,   0.636,9999.000,9999.000,9999.000,9999.000,9999.000,9999.000,9999.000,9999.000
202604131842,   0.614,9999.000,9999.000,9999.000,9999.000,9999.000,9999.000,9999.000,9999.000
202604131848,   0.593,9999.000,9999.000,9999.000,9999.000,9999.000,9999.000,9999.000,9999.000
202604131854,   0.572,9999.000,9999.000,9999.000,9999.000,9999.000,9999.000,9999.000,9999.000
202604131900,   0.552,9999.000,   0.300,   0.113,   0.965,   0.300,   0.965,   0.400,   1.065
202604131906,   0.533,9999.000,9999.000,9999.000,9999.000,9999.000,9999.000,9999.000,9999.000
202604131912,   0.514,9999.000,9999.000,9999.000,9999.000,9999.000,9999.000,9999.000,9999.000
202604131918,   0.495,9999.000,9999.000,9999.000,9999.000,9999.000,9999.000,9999.000,9999.000
202604131924,   0.478,9999.000,9999.000,9999.000,9999.000,9999.000,9999.000,9999.000,9999.000
202604131930,   0.461,9999.000,9999.000,9999.000,9999.000,9999.000,9999.000,9999.000,9999.000
202604131936,   0.444,9999.000,9999.000,9999.000,9999.000,9999.000,9999.000,9999.000,9999.000
202604131942,   0.428,9999.000,9999.000,9999.000,9999.000,9999.000,9999.000,9999.000,9999.000
202604131948,   0.412,9999.000,9999.000,9999.000,9999.000,9999.000,9999.000,9999.000,9999.000
202604131954,   0.397,9999.000,9999.000,9999.000,9999.000,9999.000,9999.000,9999.000,9999.000
202604132000,   0.383,9999.000,   0.300,   0.113,   0.796,   0.300,   0.796,   0.400,   0.896
202604132006,   0.369,9999.000,9999.000,9999.000,9999.000,9999.000,9999.000,9999.000,9999.000
202604132012,   0.356,9999.000,9999.000,9999.000,9999.000,9999.000,9999.000,9999.000,9999.000
202604132018,   0.343,9999.000,9999.000,9999.000,9999.000,9999.000,9999.000,9999.000,9999.000
202604132024,   0.331,9999.000,9999.000,9999.000,9999.000,9999.000,9999.000,9999.000,9999.000
202604132030,   0.320,9999.000,9999.000,9999.000,9999.000,9999.000,9999.000,9999.000,9999.000
202604132036,   0.310,9999.000,9999.000,9999.000,9999.000,9999.000,9999.000,9999.000,9999.000
202604132042,   0.301,9999.000,9999.000,9999.000,9999.000,9999.000,9999.000,9999.000,9999.000
202604132048,   0.293,9999.000,9999.000,9999.000,9999.000,9999.000,9999.000,9999.000,9999.000
202604132054,   0.286,9999.000,9999.000,9999.000,9999.000,9999.000,9999.000,9999.000,9999.000
202604132100,   0.281,9999.000,   0.300,   0.113,   0.694,   0.300,   0.694,   0.400,   0.794
202604132106,   0.276,9999.000,9999.000,9999.000,9999.000,9999.000,9999.000,9999.000,9999.000
202604132112,   0.274,9999.000,9999.000,9999.000,9999.000,9999.000,9999.000,9999.000,9999.000
202604132118,   0.272,9999.000,9999.000,9999.000,9999.000,9999.000,9999.000,9999.000,9999.000
202604132124,   0.273,9999.000,9999.000,9999.000,9999.000,9999.000,9999.000,9999.000,9999.000
202604132130,   0.275,9999.000,9999.000,9999.000,9999.000,9999.000,9999.000,9999.000,9999.000
202604132136,   0.279,9999.000,9999.000,9999.000,9999.000,9999.000,9999.000,9999.000,9999.000
202604132142,   0.285,9999.000,9999.000,9999.000,9999.000,9999.000,9999.000,9999.000,9999.000
202604132148,   0.293,9999.000,9999.000,9999.000,9999.000,9999.000,9999.000,9999.000,9999.000
202604132154,   0.302,9999.000,9999.000,9999.000,9999.000,9999.000,9999.000,9999.000,9999.000
202604132200,   0.314,9999.000,   0.300,   0.113,   0.727,   0.200,   0.627,   0.400,   0.827
202604132206,   0.328,9999.000,9999.000,9999.000,9999.000,9999.000,9999.000,9999.000,9999.000
202604132212,   0.343,9999.000,9999.000,9999.000,9999.000,9999.000,9999.000,9999.000,9999.000
202604132218,   0.361,9999.000,9999.000,9999.000,9999.000,9999.000,9999.000,9999.000,9999.000
202604132224,   0.380,9999.000,9999.000,9999.000,9999.000,9999.000,9999.000,9999.000,9999.000
202604132230,   0.401,9999.000,9999.000,9999.000,9999.000,9999.000,9999.000,9999.000,9999.000
202604132236,   0.424,9999.000,9999.000,9999.000,9999.000,9999.000,9999.000,9999.000,9999.000
202604132242,   0.448,9999.000,9999.000,9999.000,9999.000,9999.000,9999.000,9999.000,9999.000
202604132248,   0.474,9999.000,9999.000,9999.000,9999.000,9999.000,9999.000,9999.000,9999.000
202604132254,   0.501,9999.000,9999.000,9999.000,9999.000,9999.000,9999.000,9999.000,9999.000
202604132300,   0.529,9999.000,   0.300,   0.113,   0.942,   0.200,   0.842,   0.400,   1.042
202604132306,   0.558,9999.000,9999.000,9999.000,9999.000,9999.000,9999.000,9999.000,9999.000
202604132312,   0.588,9999.000,9999.000,9999.000,9999.000,9999.000,9999.000,9999.000,9999.000
202604132318,   0.618,9999.000,9999.000,9999.000,9999.000,9999.000,9999.000,9999.000,9999.000
202604132324,   0.649,9999.000,9999.000,9999.000,9999.000,9999.000,9999.000,9999.000,9999.000
202604132330,   0.680,9999.000,9999.000,9999.000,9999.000,9999.000,9999.000,9999.000,9999.000
202604132336,   0.711,9999.000,9999.000,9999.000,9999.000,9999.000,9999.000,9999.000,9999.000
202604132342,   0.743,9999.000,9999.000,9999.000,9999.000,9999.000,9999.000,9999.000,9999.000
202604132348,   0.774,9999.000,9999.000,9999.000,9999.000,9999.000,9999.000,9999.000,9999.000
202604132354,   0.805,9999.000,9999.000,9999.000,9999.000,9999.000,9999.000,9999.000,9999.000
202604140000,   0.835,9999.000,   0.300,   0.113,   1.248,   0.200,   1.148,   0.400,   1.348
202604140006,   0.865,9999.000,9999.000,9999.000,9999.000,9999.000,9999.000,9999.000,9999.000
202604140012,   0.894,9999.000,9999.000,9999.000,9999.000,9999.000,9999.000,9999.000,9999.000
202604140018,   0.922,9999.000,9999.000,9999.000,9999.000,9999.000,9999.000,9999.000,9999.000
202604140024,   0.950,9999.000,9999.000,9999.000,9999.000,9999.000,9999.000,9999.000,9999.000
202604140030,   0.976,9999.000,9999.000,9999.000,9999.000,9999.000,9999.000,9999.000,9999.000
202604140036,   1.002,9999.000,9999.000,9999.000,9999.000,9999.000,9999.000,9999.000,9999.000
202604140042,   1.027,9999.000,9999.000,9999.000,9999.000,9999.000,9999.000,9999.000,9999.000
202604140048,   1.050,9999.000,9999.000,9999.000,9999.000,9999.000,9999.000,9999.000,9999.000
202604140054,   1.073,9999.000,9999.000,9999.000,9999.000,9999.000,9999.000,9999.000,9999.000
202604140100,   1.095,9999.000,   0.300,   0.113,   1.508,   0.200,   1.408,   0.300,   1.508
202604140106,   1.116,9999.000,9999.000,9999.000,9999.000,9999.000,9999.000,9999.000,9999.000
202604140112,   1.136,9999.000,9999.000,9999.000,9999.000,9999.000,9999.000,9999.000,9999.000
202604140118,   1.155,9999.000,9999.000,9999.000,9999.000,9999.000,9999.000,9999.000,9999.000
202604140124,   1.174,9999.000,9999.000,9999.000,9999.000,9999.000,9999.000,9999.000,9999.000
202604140130,   1.191,9999.000,9999.000,9999.000,9999.000,9999.000,9999.000,9999.000,9999.000
202604140136,   1.208,9999.000,9999.000,9999.000,9999.000,9999.000,9999.000,9999.000,9999.000
202604140142,   1.224,9999.000,9999.000,9999.000,9999.000,9999.000,9999.000,9999.000,9999.000
202604140148,   1.240,9999.000,9999.000,9999.000,9999.000,9999.000,9999.000,9999.000,9999.000
202604140154,   1.255,9999.000,9999.000,9999.000,9999.000,9999.000,9999.000,9999.000,9999.000
202604140200,   1.270,9999.000,   0.300,   0.113,   1.683,   0.200,   1.583,   0.300,   1.683
202604140206,   1.284,9999.000,9999.000,9999.000,9999.000,9999.000,9999.000,9999.000,9999.000
202604140212,   1.297,9999.000,9999.000,9999.000,9999.000,9999.000,9999.000,9999.000,9999.000
202604140218,   1.310,9999.000,9999.000,9999.000,9999.000,9999.000,9999.000,9999.000,9999.000
202604140224,   1.322,9999.000,9999.000,9999.000,9999.000,9999.000,9999.000,9999.000,9999.000
202604140230,   1.334,9999.000,9999.000,9999.000,9999.000,9999.000,9999.000,9999.000,9999.000
202604140236,   1.346,9999.000,9999.000,9999.000,9999.000,9999.000,9999.000,9999.000,9999.000
202604140242,   1.356,9999.000,9999.000,9999.000,9999.000,9999.000,9999.000,9999.000,9999.000
202604140248,   1.366,9999.000,9999.000,9999.000,9999.000,9999.000,9999.000,9999.000,9999.000
202604140254,   1.375,9999.000,9999.000,9999.000,9999.000,9999.000,9999.000,9999.000,9999.000
202604140300,   1.383,9999.000,   0.200,   0.113,   1.696,   0.200,   1.696,   0.300,   1.796
202604140306,   1.391,9999.000,9999.000,9999.000,9999.000,9999.000,9999.000,9999.000,9999.000
202604140312,   1.397,9999.000,9999.000,9999.000,9999.000,9999.000,9999.000,9999.000,9999.000
202604140318,   1.402,9999.000,9999.000,9999.000,9999.000,9999.000,9999.000,9999.000,9999.000
202604140324,   1.406,9999.000,9999.000,9999.000,9999.000,9999.000,9999.000,9999.000,9999.000
202604140330,   1.409,9999.000,9999.000,9999.000,9999.000,9999.000,9999.000,9999.000,9999.000
202604140336,   1.410,9999.000,9999.000,9999.000,9999.000,9999.000,9999.000,9999.000,9999.000
202604140342,   1.410,9999.000,9999.000,9999.000,9999.000,9999.000,9999.000,9999.000,9999.000
202604140348,   1.408,9999.000,9999.000,9999.000,9999.000,9999.000,9999.000,9999.000,9999.000
202604140354,   1.405,9999.000,9999.000,9999.000,9999.000,9999.000,9999.000,9999.000,9999.000
202604140400,   1.400,9999.000,   0.200,   0.113,   1.713,   0.100,   1.613,   0.300,   1.813
202604140406,   1.393,9999.000,9999.000,9999.000,9999.000,9999.000,9999.000,9999.000,9999.000
202604140412,   1.385,9999.000,9999.000,9999.000,9999.000,9999.000,9999.000,9999.000,9999.000
202604140418,   1.374,9999.000,9999.000,9999.000,9999.000,9999.000,9999.000,9999.000,9999.000
202604140424,   1.362,9999.000,9999.000,9999.000,9999.000,9999.000,9999.000,9999.000,9999.000
202604140430,   1.348,9999.000,9999.000,9999.000,9999.000,9999.000,9999.000,9999.000,9999.000
202604140436,   1.332,9999.000,9999.000,9999.000,9999.000,9999.000,9999.000,9999.000,9999.000
202604140442,   1.315,9999.000,9999.000,9999.000,9999.000,9999.000,9999.000,9999.000,9999.000
202604140448,   1.296,9999.000,9999.000,9999.000,9999.000,9999.000,9999.000,9999.000,9999.000
202604140454,   1.275,9999.000,9999.000,9999.000,9999.000,9999.000,9999.000,9999.000,9999.000
202604140500,   1.253,9999.000,   0.200,   0.113,   1.566,   0.100,   1.466,   0.300,   1.666
202604140506,   1.230,9999.000,9999.000,9999.000,9999.000,9999.000,9999.000,9999.000,9999.000
202604140512,   1.205,9999.000,9999.000,9999.000,9999.000,9999.000,9999.000,9999.000,9999.000
202604140518,   1.179,9999.000,9999.000,9999.000,9999.000,9999.000,9999.000,9999.000,9999.000
202604140524,   1.153,9999.000,9999.000,9999.000,9999.000,9999.000,9999.000,9999.000,9999.000
202604140530,   1.125,9999.000,9999.000,9999.000,9999.000,9999.000,9999.000,9999.000,9999.000
202604140536,   1.097,9999.000,9999.000,9999.000,9999.000,9999.000,9999.000,9999.000,9999.000
202604140542,   1.068,9999.000,9999.000,9999.000,9999.000,9999.000,9999.000,9999.000,9999.000
202604140548,   1.038,9999.000,9999.000,9999.000,9999.000,9999.000,9999.000,9999.000,9999.000
202604140554,   1.008,9999.000,9999.000,9999.000,9999.000,9999.000,9999.000,9999.000,9999.000
202604140600,   0.979,9999.000,   0.200,   0.113,   1.292,   0.100,   1.192,   0.300,   1.392
202604140606,   0.949,9999.000,9999.000,9999.000,9999.000,9999.000,9999.000,9999.000,9999.000
202604140612,   0.919,9999.000,9999.000,9999.000,9999.000,9999.000,9999.000,9999.000,9999.000
202604140618,   0.889,9999.000,9999.000,9999.000,9999.000,9999.000,9999.000,9999.000,9999.000
202604140624,   0.860,9999.000,9999.000,9999.000,9999.000,9999.000,9999.000,9999.000,9999.000
202604140630,   0.831,9999.000,9999.000,9999.000,9999.000,9999.000,9999.000,9999.000,9999.000
202604140636,   0.802,9999.000,9999.000,9999.000,9999.000,9999.000,9999.000,9999.000,9999.000
202604140642,   0.774,9999.000,9999.000,9999.000,9999.000,9999.000,9999.000,9999.000,9999.000
202604140648,   0.747,9999.000,9999.000,9999.000,9999.000,9999.000,9999.000,9999.000,9999.000
202604140654,   0.720,9999.000,9999.000,9999.000,9999.000,9999.000,9999.000,9999.000,9999.000
202604140700,   0.693,9999.000,   0.200,   0.113,   1.006,   0.100,   0.906,   0.300,   1.106
202604140706,   0.668,9999.000,9999.000,9999.000,9999.000,9999.000,9999.000,9999.000,9999.000
202604140712,   0.643,9999.000,9999.000,9999.000,9999.000,9999.000,9999.000,9999.000,9999.000
202604140718,   0.618,9999.000,9999.000,9999.000,9999.000,9999.000,9999.000,9999.000,9999.000
202604140724,   0.594,9999.000,9999.000,9999.000,9999.000,9999.000,9999.000,9999.000,9999.000
202604140730,   0.571,9999.000,9999.000,9999.000,9999.000,9999.000,9999.000,9999.000,9999.000
202604140736,   0.548,9999.000,9999.000,9999.000,9999.000,9999.000,9999.000,9999.000,9999.000
202604140742,   0.526,9999.000,9999.000,9999.000,9999.000,9999.000,9999.000,9999.000,9999.000
202604140748,   0.505,9999.000,9999.000,9999.000,9999.000,9999.000,9999.000,9999.000,9999.000
202604140754,   0.484,9999.000,9999.000,9999.000,9999.000,9999.000,9999.000,9999.000,9999.000
202604140800,   0.464,9999.000,   0.100,   0.113,   0.677,   0.000,   0.577,   0.200,   0.777
202604140806,   0.444,9999.000,9999.000,9999.000,9999.000,9999.000,9999.000,9999.000,9999.000
202604140812,   0.424,9999.000,9999.000,9999.000,9999.000,9999.000,9999.000,9999.000,9999.000
202604140818,   0.406,9999.000,9999.000,9999.000,9999.000,9999.000,9999.000,9999.000,9999.000
202604140824,   0.388,9999.000,9999.000,9999.000,9999.000,9999.000,9999.000,9999.000,9999.000
202604140830,   0.370,9999.000,9999.000,9999.000,9999.000,9999.000,9999.000,9999.000,9999.000
202604140836,   0.354,9999.000,9999.000,9999.000,9999.000,9999.000,9999.000,9999.000,9999.000
202604140842,   0.338,9999.000,9999.000,9999.000,9999.000,9999.000,9999.000,9999.000,9999.000
202604140848,   0.323,9999.000,9999.000,9999.000,9999.000,9999.000,9999.000,9999.000,9999.000
202604140854,   0.308,9999.000,9999.000,9999.000,9999.000,9999.000,9999.000,9999.000,9999.000
202604140900,   0.295,9999.000,   0.100,   0.113,   0.508,   0.000,   0.408,   0.200,   0.608
202604140906,   0.283,9999.000,9999.000,9999.000,9999.000,9999.000,9999.000,9999.000,9999.000
202604140912,   0.272,9999.000,9999.000,9999.000,9999.000,9999.000,9999.000,9999.000,9999.000
202604140918,   0.263,9999.000,9999.000,9999.000,9999.000,9999.000,9999.000,9999.000,9999.000
202604140924,   0.254,9999.000,9999.000,9999.000,9999.000,9999.000,9999.000,9999.000,9999.000
202604140930,   0.248,9999.000,9999.000,9999.000,9999.000,9999.000,9999.000,9999.000,9999.000
202604140936,   0.243,9999.000,9999.000,9999.000,9999.000,9999.000,9999.000,9999.000,9999.000
202604140942,   0.239,9999.000,9999.000,9999.000,9999.000,9999.000,9999.000,9999.000,9999.000
202604140948,   0.238,9999.000,9999.000,9999.000,9999.000,9999.000,9999.000,9999.000,9999.000
202604140954,   0.238,9999.000,9999.000,9999.000,9999.000,9999.000,9999.000,9999.000,9999.000
202604141000,   0.240,9999.000,   0.100,   0.113,   0.453,   0.000,   0.353,   0.200,   0.553
202604141006,   0.245,9999.000,9999.000,9999.000,9999.000,9999.000,9999.000,9999.000,9999.000
202604141012,   0.251,9999.000,9999.000,9999.000,9999.000,9999.000,9999.000,9999.000,9999.000
202604141018,   0.260,9999.000,9999.000,9999.000,9999.000,9999.000,9999.000,9999.000,9999.000
202604141024,   0.271,9999.000,9999.000,9999.000,9999.000,9999.000,9999.000,9999.000,9999.000
202604141030,   0.284,9999.000,9999.000,9999.000,9999.000,9999.000,9999.000,9999.000,9999.000
202604141036,   0.299,9999.000,9999.000,9999.000,9999.000,9999.000,9999.000,9999.000,9999.000
202604141042,   0.316,9999.000,9999.000,9999.000,9999.000,9999.000,9999.000,9999.000,9999.000
202604141048,   0.335,9999.000,9999.000,9999.000,9999.000,9999.000,9999.000,9999.000,9999.000
202604141054,   0.356,9999.000,9999.000,9999.000,9999.000,9999.000,9999.000,9999.000,9999.000
202604141100,   0.379,9999.000,   0.100,   0.113,   0.592,   0.000,   0.492,   0.100,   0.592
202604141106,   0.403,9999.000,9999.000,9999.000,9999.000,9999.000,9999.000,9999.000,9999.000
202604141112,   0.429,9999.000,9999.000,9999.000,9999.000,9999.000,9999.000,9999.000,9999.000
202604141118,   0.457,9999.000,9999.000,9999.000,9999.000,9999.000,9999.000,9999.000,9999.000
202604141124,   0.486,9999.000,9999.000,9999.000,9999.000,9999.000,9999.000,9999.000,9999.000
202604141130,   0.516,9999.000,9999.000,9999.000,9999.000,9999.000,9999.000,9999.000,9999.000
202604141136,   0.547,9999.000,9999.000,9999.000,9999.000,9999.000,9999.000,9999.000,9999.000
202604141142,   0.578,9999.000,9999.000,9999.000,9999.000,9999.000,9999.000,9999.000,9999.000
202604141148,   0.610,9999.000,9999.000,9999.000,9999.000,9999.000,9999.000,9999.000,9999.000
202604141154,   0.643,9999.000,9999.000,9999.000,9999.000,9999.000,9999.000,9999.000,9999.000
202604141200,   0.676,9999.000,   0.000,   0.113,   0.789,   0.000,   0.789,   0.100,   0.889
