        TIME,    TIDE,      OB,   SURGE,    BIAS,     TWL,SURGE90p,  TWL90p,SURGE10p,   TWL10p
202604280000,   1.543,   1.170,   0.200,  -0.573,   1.170,   0.200,   1.170,   0.300,   1.270
202604280006,   1.550,9999.000,9999.000,9999.000,9999.000,9999.000,9999.000,9999.000,9999.000
202604280012,   1.563,   1.161,9999.000,9999.000,9999.000,9999.000,9999.000,9999.000,9999.000
202604280018,   1.584,9999.000,9999.000,9999.000,9999.000,9999.000,9999.000,9999.000,9999.000
202604280024,   1.612,   1.229,9999.000,9999.000,9999.000,9999.000,9999.000,9999.000,9999.000
202604280030,   1.647,9999.000,9999.000,9999.000,9999.000,9999.000,9999.000,9999.000,9999.000
202604280036,   1.690,   1.318,9999.000,9999.000,9999.000,9999.000,9999.000,9999.000,9999.000
202604280042,   1.739,9999.000,9999.000,9999.000,9999.000,9999.000,9999.000,9999.000,9999.000
202604280048,   1.796,   1.390,9999.000,9999.000,9999.000,9999.000,9999.000,9999.000,9999.000
202604280054,   1.860,9999.000,9999.000,9999.000,9999.000,9999.000,9999.000,9999.000,9999.000
202604280100,   1.930,   1.528,   0.200,  -0.602,   1.528,   0.200,   1.528,   0.300,   1.628
202604280106,   2.008,   1.600,9999.000,9999.000,9999.000,9999.000,9999.000,9999.000,9999.000
202604280112,   2.092,   1.659,9999.000,9999.000,9999.000,9999.000,9999.000,9999.000,9999.000
202604280118,   2.182,   1.728,9999.000,9999.000,9999.000,9999.000,9999.000,9999.000,9999.000
202604280124,   2.279,   1.810,9999.000,9999.000,9999.000,9999.000,9999.000,9999.000,9999.000
202604280130,   2.382,   1.938,9999.000,9999.000,9999.000,9999.000,9999.000,9999.000,9999.000
202604280136,   2.490,   2.059,9999.000,9999.000,9999.000,9999.000,9999.000,9999.000,9999.000
202604280142,   2.604,   2.177,9999.000,9999.000,9999.000,9999.000,9999.000,9999.000,9999.000
202604280148,   2.723,   2.269,9999.000,9999.000,9999.000,9999.000,9999.000,9999.000,9999.000
202604280154,   2.847,   2.387,9999.000,9999.000,9999.000,9999.000,9999.000,9999.000,9999.000
202604280200,   2.975,   2.528,   0.200,  -0.647,   2.528,   0.200,   2.528,   0.300,   2.628
202604280206,   3.108,   2.660,9999.000,9999.000,9999.000,9999.000,9999.000,9999.000,9999.000
202604280212,   3.244,   2.797,9999.000,9999.000,9999.000,9999.000,9999.000,9999.000,9999.000
202604280218,   3.384,   2.929,9999.000,9999.000,9999.000,9999.000,9999.000,9999.000,9999.000
202604280224,   3.527,   3.060,9999.000,9999.000,9999.000,9999.000,9999.000,9999.000,9999.000
202604280230,   3.672,   3.188,9999.000,9999.000,9999.000,9999.000,9999.000,9999.000,9999.000
202604280236,   3.820,   3.319,9999.000,9999.000,9999.000,9999.000,9999.000,9999.000,9999.000
202604280242,   3.970,   3.470,9999.000,9999.000,9999.000,9999.000,9999.000,9999.000,9999.000
202604280248,   4.121,   3.637,9999.000,9999.000,9999.000,9999.000,9999.000,9999.000,9999.000
202604280254,   4.273,   3.817,9999.000,9999.000,9999.000,9999.000,9999.000,9999.000,9999.000
202604280300,   4.427,   3.988,   0.200,  -0.639,   3.988,   0.200,   3.988,   0.300,   4.088
202604280306,   4.580,   4.129,9999.000,9999.000,9999.000,9999.000,9999.000,9999.000,9999.000
202604280312,   4.733,   4.257,9999.000,9999.000,9999.000,9999.000,9999.000,9999.000,9999.000
202604280318,   4.886,   4.408,9999.000,9999.000,9999.000,9999.000,9999.000,9999.000,9999.000
202604280324,   5.038,   4.578,9999.000,9999.000,9999.000,9999.000,9999.000,9999.000,9999.000
202604280330,   5.189,   4.749,9999.000,9999.000,9999.000,9999.000,9999.000,9999.000,9999.000
202604280336,   5.338,   4.877,9999.000,9999.000,9999.000,9999.000,9999.000,9999.000,9999.000
202604280342,   5.485,   5.008,9999.000,9999.000,9999.000,9999.000,9999.000,9999.000,9999.000
202604280348,   5.629,   5.159,9999.000,9999.000,9999.000,9999.000,9999.000,9999.000,9999.000
202604280354,   5.771,   5.320,9999.000,9999.000,9999.000,9999.000,9999.000,9999.000,9999.000
202604280400,   5.910,   5.477,   0.200,  -0.633,   5.477,   0.200,   5.477,   0.200,   5.477
202604280406,   6.046,   5.598,9999.000,9999.000,9999.000,9999.000,9999.000,9999.000,9999.000
202604280412,   6.177,   5.717,9999.000,9999.000,9999.000,9999.000,9999.000,9999.000,9999.000
202604280418,   6.305,   5.828,9999.000,9999.000,9999.000,9999.000,9999.000,9999.000,9999.000
202604280424,   6.429,   5.949,9999.000,9999.000,9999.000,9999.000,9999.000,9999.000,9999.000
202604280430,   6.548,   6.077,9999.000,9999.000,9999.000,9999.000,9999.000,9999.000,9999.000
202604280436,   6.662,   6.199,9999.000,9999.000,9999.000,9999.000,9999.000,9999.000,9999.000
202604280442,   6.772,   6.287,9999.000,9999.000,9999.000,9999.000,9999.000,9999.000,9999.000
202604280448,   6.876,   6.379,9999.000,9999.000,9999.000,9999.000,9999.000,9999.000,9999.000
202604280454,   6.974,   6.487,9999.000,9999.000,9999.000,9999.000,9999.000,9999.000,9999.000
202604280500,   7.067,   6.609,   0.200,  -0.658,   6.609,   0.200,   6.609,   0.200,   6.609
202604280506,   7.155,   6.717,9999.000,9999.000,9999.000,9999.000,9999.000,9999.000,9999.000
202604280512,   7.236,   6.809,9999.000,9999.000,9999.000,9999.000,9999.000,9999.000,9999.000
202604280518,   7.311,   6.878,9999.000,9999.000,9999.000,9999.000,9999.000,9999.000,9999.000
202604280524,   7.380,   6.947,9999.000,9999.000,9999.000,9999.000,9999.000,9999.000,9999.000
202604280530,   7.442,   7.029,9999.000,9999.000,9999.000,9999.000,9999.000,9999.000,9999.000
202604280536,   7.498,   7.107,9999.000,9999.000,9999.000,9999.000,9999.000,9999.000,9999.000
202604280542,   7.547,   7.147,9999.000,9999.000,9999.000,9999.000,9999.000,9999.000,9999.000
202604280548,   7.589,   7.147,9999.000,9999.000,9999.000,9999.000,9999.000,9999.000,9999.000
202604280554,   7.625,   7.166,9999.000,9999.000,9999.000,9999.000,9999.000,9999.000,9999.000
202604280600,   7.653,   7.219,   0.100,  -0.534,   7.219,   0.100,   7.219,   0.200,   7.319
202604280606,   7.674,   7.278,9999.000,9999.000,9999.000,9999.000,9999.000,9999.000,9999.000
202604280612,   7.688,   7.288,9999.000,9999.000,9999.000,9999.000,9999.000,9999.000,9999.000
202604280618,   7.695,   7.258,9999.000,9999.000,9999.000,9999.000,9999.000,9999.000,9999.000
202604280624,   7.695,   7.219,9999.000,9999.000,9999.000,9999.000,9999.000,9999.000,9999.000
202604280630,   7.687,   7.199,9999.000,9999.000,9999.000,9999.000,9999.000,9999.000,9999.000
202604280636,   7.672,   7.189,9999.000,9999.000,9999.000,9999.000,9999.000,9999.000,9999.000
202604280642,   7.650,   7.176,9999.000,9999.000,9999.000,9999.000,9999.000,9999.000,9999.000
202604280648,   7.620,   7.127,9999.000,9999.000,9999.000,9999.000,9999.000,9999.000,9999.000
202604280654,   7.583,   7.088,9999.000,9999.000,9999.000,9999.000,9999.000,9999.000,9999.000
202604280700,   7.539,   7.048,   0.200,  -0.691,   7.048,   0.100,   6.948,   0.200,   7.048
202604280706,   7.488,   7.019,9999.000,9999.000,9999.000,9999.000,9999.000,9999.000,9999.000
202604280712,   7.431,   6.966,9999.000,9999.000,9999.000,9999.000,9999.000,9999.000,9999.000
202604280718,   7.366,   6.907,9999.000,9999.000,9999.000,9999.000,9999.000,9999.000,9999.000
202604280724,   7.295,   6.828,9999.000,9999.000,9999.000,9999.000,9999.000,9999.000,9999.000
202604280730,   7.217,   6.756,9999.000,9999.000,9999.000,9999.000,9999.000,9999.000,9999.000
202604280736,   7.133,   6.697,9999.000,9999.000,9999.000,9999.000,9999.000,9999.000,9999.000
202604280742,   7.043,   6.628,9999.000,9999.000,9999.000,9999.000,9999.000,9999.000,9999.000
202604280748,   6.947,   6.546,9999.000,9999.000,9999.000,9999.000,9999.000,9999.000,9999.000
202604280754,   6.846,   6.438,9999.000,9999.000,9999.000,9999.000,9999.000,9999.000,9999.000
202604280800,   6.740,   6.317,   0.100,  -0.523,   6.317,   0.100,   6.317,   0.200,   6.417
202604280806,   6.629,   6.218,9999.000,9999.000,9999.000,9999.000,9999.000,9999.000,9999.000
202604280812,   6.514,   6.107,9999.000,9999.000,9999.000,9999.000,9999.000,9999.000,9999.000
202604280818,   6.394,   5.979,9999.000,9999.000,9999.000,9999.000,9999.000,9999.000,9999.000
202604280824,   6.270,   5.828,9999.000,9999.000,9999.000,9999.000,9999.000,9999.000,9999.000
202604280830,   6.144,   5.677,9999.000,9999.000,9999.000,9999.000,9999.000,9999.000,9999.000
202604280836,   6.014,   5.539,9999.000,9999.000,9999.000,9999.000,9999.000,9999.000,9999.000
202604280842,   5.881,   5.408,9999.000,9999.000,9999.000,9999.000,9999.000,9999.000,9999.000
202604280848,   5.746,   5.277,9999.000,9999.000,9999.000,9999.000,9999.000,9999.000,9999.000
202604280854,   5.609,   5.129,9999.000,9999.000,9999.000,9999.000,9999.000,9999.000,9999.000
202604280900,   5.470,   4.939,   0.100,  -0.631,   4.939,   0.100,   4.939,   0.200,   5.039
202604280906,   5.330,   4.759,9999.000,9999.000,9999.000,9999.000,9999.000,9999.000,9999.000
202604280912,   5.188,   4.598,9999.000,9999.000,9999.000,9999.000,9999.000,9999.000,9999.000
202604280918,   5.046,   4.480,9999.000,9999.000,9999.000,9999.000,9999.000,9999.000,9999.000
202604280924,   4.904,   4.339,9999.000,9999.000,9999.000,9999.000,9999.000,9999.000,9999.000
202604280930,   4.761,   4.159,9999.000,9999.000,9999.000,9999.000,9999.000,9999.000,9999.000
202604280936,   4.619,   3.968,9999.000,9999.000,9999.000,9999.000,9999.000,9999.000,9999.000
202604280942,   4.477,   3.808,9999.000,9999.000,9999.000,9999.000,9999.000,9999.000,9999.000
202604280948,   4.336,   3.689,9999.000,9999.000,9999.000,9999.000,9999.000,9999.000,9999.000
202604280954,   4.195,   3.598,9999.000,9999.000,9999.000,9999.000,9999.000,9999.000,9999.000
202604281000,   4.056,   3.470,   0.100,  -0.686,   3.470,   0.100,   3.470,   0.200,   3.570
202604281006,   3.918,   3.319,9999.000,9999.000,9999.000,9999.000,9999.000,9999.000,9999.000
202604281012,   3.782,   3.168,9999.000,9999.000,9999.000,9999.000,9999.000,9999.000,9999.000
202604281018,   3.647,   3.050,9999.000,9999.000,9999.000,9999.000,9999.000,9999.000,9999.000
202604281024,   3.515,   2.968,9999.000,9999.000,9999.000,9999.000,9999.000,9999.000,9999.000
202604281030,   3.385,   2.850,9999.000,9999.000,9999.000,9999.000,9999.000,9999.000,9999.000
202604281036,   3.257,   2.689,9999.000,9999.000,9999.000,9999.000,9999.000,9999.000,9999.000
202604281042,   3.132,   2.509,9999.000,9999.000,9999.000,9999.000,9999.000,9999.000,9999.000
202604281048,   3.010,   2.387,9999.000,9999.000,9999.000,9999.000,9999.000,9999.000,9999.000
202604281054,   2.891,   2.318,9999.000,9999.000,9999.000,9999.000,9999.000,9999.000,9999.000
202604281100,   2.776,   2.250,   0.100,  -0.626,   2.250,   0.100,   2.250,   0.200,   2.350
202604281106,   2.664,   2.148,9999.000,9999.000,9999.000,9999.000,9999.000,9999.000,9999.000
202604281112,   2.556,   2.010,9999.000,9999.000,9999.000,9999.000,9999.000,9999.000,9999.000
202604281118,   2.452,   1.869,9999.000,9999.000,9999.000,9999.000,9999.000,9999.000,9999.000
202604281124,   2.352,   1.790,9999.000,9999.000,9999.000,9999.000,9999.000,9999.000,9999.000
202604281130,   2.258,   1.758,9999.000,9999.000,9999.000,9999.000,9999.000,9999.000,9999.000
202604281136,   2.168,   1.718,9999.000,9999.000,9999.000,9999.000,9999.000,9999.000,9999.000
202604281142,   2.083,   1.630,9999.000,9999.000,9999.000,9999.000,9999.000,9999.000,9999.000
202604281148,   2.004,   1.508,9999.000,9999.000,9999.000,9999.000,9999.000,9999.000,9999.000
202604281154,   1.930,   1.410,9999.000,9999.000,9999.000,9999.000,9999.000,9999.000,9999.000
202604281200,   1.863,   1.380,   0.200,  -0.683,   1.380,   0.200,   1.380,   0.200,   1.380
202604281206,   1.801,   1.371,9999.000,9999.000,9999.000,9999.000,9999.000,9999.000,9999.000
202604281212,   1.746,   1.338,9999.000,9999.000,9999.000,9999.000,9999.000,9999.000,9999.000
202604281218,   1.698,   1.269,9999.000,9999.000,9999.000,9999.000,9999.000,9999.000,9999.000
202604281224,   1.656,   1.200,9999.000,9999.000,9999.000,9999.000,9999.000,9999.000,9999.000
202604281230,   1.621,   1.170,9999.000,9999.000,9999.000,9999.000,9999.000,9999.000,9999.000
202604281236,   1.594,   1.180,9999.000,9999.000,9999.000,9999.000,9999.000,9999.000,9999.000
202604281242,   1.573,   1.190,9999.000,9999.000,9999.000,9999.000,9999.000,9999.000,9999.000
202604281248,   1.560,   1.151,9999.000,9999.000,9999.000,9999.000,9999.000,9999.000,9999.000
202604281254,   1.554,   1.079,9999.000,9999.000,9999.000,9999.000,9999.000,9999.000,9999.000
202604281300,   1.556,   1.039,   0.200,  -0.717,   1.039,   0.200,   1.039,   0.200,   1.039
202604281306,   1.565,   1.039,9999.000,9999.000,9999.000,9999.000,9999.000,9999.000,9999.000
202604281312,   1.582,   1.088,9999.000,9999.000,9999.000,9999.000,9999.000,9999.000,9999.000
202604281318,   1.606,   1.138,9999.000,9999.000,9999.000,9999.000,9999.000,9999.000,9999.000
202604281324,   1.637,   1.138,9999.000,9999.000,9999.000,9999.000,9999.000,9999.000,9999.000
202604281330,   1.676,   1.128,9999.000,9999.000,9999.000,9999.000,9999.000,9999.000,9999.000
202604281336,   1.722,   1.138,9999.000,9999.000,9999.000,9999.000,9999.000,9999.000,9999.000
202604281342,   1.775,   1.190,9999.000,9999.000,9999.000,9999.000,9999.000,9999.000,9999.000
202604281348,   1.835,   1.269,9999.000,9999.000,9999.000,9999.000,9999.000,9999.000,9999.000
202604281354,   1.902,   1.328,9999.000,9999.000,9999.000,9999.000,9999.000,9999.000,9999.000
202604281400,   1.975,   1.390,   0.200,  -0.785,   1.390,   0.200,   1.390,   0.200,   1.390
202604281406,   2.054,   1.469,9999.000,9999.000,9999.000,9999.000,9999.000,9999.000,9999.000
202604281412,   2.139,   1.557,9999.000,9999.000,9999.000,9999.000,9999.000,9999.000,9999.000
202604281418,   2.230,   1.659,9999.000,9999.000,9999.000,9999.000,9999.000,9999.000,9999.000
202604281424,   2.327,   1.748,9999.000,9999.000,9999.000,9999.000,9999.000,9999.000,9999.000
202604281430,   2.428,   1.869,9999.000,9999.000,9999.000,9999.000,9999.000,9999.000,9999.000
202604281436,   2.534,   1.981,9999.000,9999.000,9999.000,9999.000,9999.000,9999.000,9999.000
202604281442,   2.645,   2.099,9999.000,9999.000,9999.000,9999.000,9999.000,9999.000,9999.000
202604281448,   2.760,   2.230,9999.000,9999.000,9999.000,9999.000,9999.000,9999.000,9999.000
202604281454,   2.878,   2.368,9999.000,9999.000,9999.000,9999.000,9999.000,9999.000,9999.000
202604281500,   2.999,   2.499,   0.200,  -0.700,   2.499,   0.200,   2.499,   0.200,   2.499
202604281506,   3.124,   2.597,9999.000,9999.000,9999.000,9999.000,9999.000,9999.000,9999.000
202604281512,   3.250,   2.719,9999.000,9999.000,9999.000,9999.000,9999.000,9999.000,9999.000
202604281518,   3.379,   2.840,9999.000,9999.000,9999.000,9999.000,9999.000,9999.000,9999.000
202604281524,   3.509,   2.988,9999.000,9999.000,9999.000,9999.000,9999.000,9999.000,9999.000
202604281530,   3.641,   3.138,9999.000,9999.000,9999.000,9999.000,9999.000,9999.000,9999.000
202604281536,   3.773,   3.279,9999.000,9999.000,9999.000,9999.000,9999.000,9999.000,9999.000
202604281542,   3.906,   3.388,9999.000,9999.000,9999.000,9999.000,9999.000,9999.000,9999.000
202604281548,   4.039,   3.509,9999.000,9999.000,9999.000,9999.000,9999.000,9999.000,9999.000
202604281554,   4.171,   3.637,9999.000,9999.000,9999.000,9999.000,9999.000,9999.000,9999.000
202604281600,   4.303,   3.768,   0.200,  -0.735,   3.768,   0.100,   3.668,   0.200,   3.768
202604281606,   4.433,   3.919,9999.000,9999.000,9999.000,9999.000,9999.000,9999.000,9999.000
202604281612,   4.561,   4.057,9999.000,9999.000,9999.000,9999.000,9999.000,9999.000,9999.000
202604281618,   4.688,   4.188,9999.000,9999.000,9999.000,9999.000,9999.000,9999.000,9999.000
202604281624,   4.812,   4.309,9999.000,9999.000,9999.000,9999.000,9999.000,9999.000,9999.000
202604281630,   4.934,   4.408,9999.000,9999.000,9999.000,9999.000,9999.000,9999.000,9999.000
202604281636,   5.053,   4.519,9999.000,9999.000,9999.000,9999.000,9999.000,9999.000,9999.000
202604281642,   5.168,   4.657,9999.000,9999.000,9999.000,9999.000,9999.000,9999.000,9999.000
202604281648,   5.280,   4.798,9999.000,9999.000,9999.000,9999.000,9999.000,9999.000,9999.000
202604281654,   5.388,   4.919,9999.000,9999.000,9999.000,9999.000,9999.000,9999.000,9999.000
202604281700,   5.492,   5.028,   0.100,  -0.564,   5.028,   0.100,   5.028,   0.200,   5.128
202604281706,   5.591,   5.139,9999.000,9999.000,9999.000,9999.000,9999.000,9999.000,9999.000
202604281712,   5.686,   5.277,9999.000,9999.000,9999.000,9999.000,9999.000,9999.000,9999.000
202604281718,   5.776,   5.408,9999.000,9999.000,9999.000,9999.000,9999.000,9999.000,9999.000
202604281724,   5.861,   5.507,9999.000,9999.000,9999.000,9999.000,9999.000,9999.000,9999.000
202604281730,   5.941,   5.559,9999.000,9999.000,9999.000,9999.000,9999.000,9999.000,9999.000
202604281736,   6.016,   5.608,9999.000,9999.000,9999.000,9999.000,9999.000,9999.000,9999.000
202604281742,   6.084,   5.667,9999.000,9999.000,9999.000,9999.000,9999.000,9999.000,9999.000
202604281748,   6.148,   5.749,9999.000,9999.000,9999.000,9999.000,9999.000,9999.000,9999.000
202604281754,   6.205,   5.828,9999.000,9999.000,9999.000,9999.000,9999.000,9999.000,9999.000
202604281800,   6.257,   5.887,   0.100,  -0.470,   5.887,   0.100,   5.887,   0.200,   5.987
202604281806,   6.302,   5.907,9999.000,9999.000,9999.000,9999.000,9999.000,9999.000,9999.000
202604281812,   6.341,   5.926,9999.000,9999.000,9999.000,9999.000,9999.000,9999.000,9999.000
202604281818,   6.374,   5.959,9999.000,9999.000,9999.000,9999.000,9999.000,9999.000,9999.000
202604281824,   6.401,   5.999,9999.000,9999.000,9999.000,9999.000,9999.000,9999.000,9999.000
202604281830,   6.421,   6.028,9999.000,9999.000,9999.000,9999.000,9999.000,9999.000,9999.000
202604281836,   6.434,   6.038,9999.000,9999.000,9999.000,9999.000,9999.000,9999.000,9999.000
202604281842,   6.441,   6.028,9999.000,9999.000,9999.000,9999.000,9999.000,9999.000,9999.000
202604281848,   6.442,   6.028,9999.000,9999.000,9999.000,9999.000,9999.000,9999.000,9999.000
202604281854,   6.435,   6.028,9999.000,9999.000,9999.000,9999.000,9999.000,9999.000,9999.000
202604281900,   6.422,   6.018,   0.200,  -0.604,   6.018,   0.200,   6.018,   0.200,   6.018
202604281906,   6.403,   5.989,9999.000,9999.000,9999.000,9999.000,9999.000,9999.000,9999.000
202604281912,   6.377,   5.959,9999.000,9999.000,9999.000,9999.000,9999.000,9999.000,9999.000
202604281918,   6.344,   5.917,9999.000,9999.000,9999.000,9999.000,9999.000,9999.000,9999.000
202604281924,   6.305,   5.877,9999.000,9999.000,9999.000,9999.000,9999.000,9999.000,9999.000
202604281930,   6.260,   5.828,9999.000,9999.000,9999.000,9999.000,9999.000,9999.000,9999.000
202604281936,   6.208,   5.779,9999.000,9999.000,9999.000,9999.000,9999.000,9999.000,9999.000
202604281942,   6.150,   5.707,9999.000,9999.000,9999.000,9999.000,9999.000,9999.000,9999.000
202604281948,   6.087,   5.618,9999.000,9999.000,9999.000,9999.000,9999.000,9999.000,9999.000
202604281954,   6.018,   5.559,9999.000,9999.000,9999.000,9999.000,9999.000,9999.000,9999.000
202604282000,   5.943,   5.497,   0.100,  -0.546,   5.497,   0.100,   5.497,   0.200,   5.597
202604282006,   5.863,   5.418,9999.000,9999.000,9999.000,9999.000,9999.000,9999.000,9999.000
202604282012,   5.779,   5.339,9999.000,9999.000,9999.000,9999.000,9999.000,9999.000,9999.000
202604282018,   5.689,   5.257,9999.000,9999.000,9999.000,9999.000,9999.000,9999.000,9999.000
202604282024,   5.596,   5.149,9999.000,9999.000,9999.000,9999.000,9999.000,9999.000,9999.000
202604282030,   5.499,   5.047,9999.000,9999.000,9999.000,9999.000,9999.000,9999.000,9999.000
202604282036,   5.397,   4.959,9999.000,9999.000,9999.000,9999.000,9999.000,9999.000,9999.000
202604282042,   5.293,   4.857,9999.000,9999.000,9999.000,9999.000,9999.000,9999.000,9999.000
202604282048,   5.186,   4.759,9999.000,9999.000,9999.000,9999.000,9999.000,9999.000,9999.000
202604282054,   5.077,   4.647,9999.000,9999.000,9999.000,9999.000,9999.000,9999.000,9999.000
202604282100,   4.965,   4.519,   0.100,  -0.546,   4.519,   0.100,   4.519,   0.100,   4.519
202604282106,   4.852,   4.398,9999.000,9999.000,9999.000,9999.000,9999.000,9999.000,9999.000
202604282112,   4.737,   4.267,9999.000,9999.000,9999.000,9999.000,9999.000,9999.000,9999.000
202604282118,   4.621,   4.119,9999.000,9999.000,9999.000,9999.000,9999.000,9999.000,9999.000
202604282124,   4.505,   3.978,9999.000,9999.000,9999.000,9999.000,9999.000,9999.000,9999.000
202604282130,   4.388,   3.837,9999.000,9999.000,9999.000,9999.000,9999.000,9999.000,9999.000
202604282136,   4.272,   3.719,9999.000,9999.000,9999.000,9999.000,9999.000,9999.000,9999.000
202604282142,   4.156,   3.598,9999.000,9999.000,9999.000,9999.000,9999.000,9999.000,9999.000
202604282148,   4.040,   3.470,9999.000,9999.000,9999.000,9999.000,9999.000,9999.000,9999.000
202604282154,   3.926,   3.339,9999.000,9999.000,9999.000,9999.000,9999.000,9999.000,9999.000
202604282200,   3.813,   3.217,   0.100,  -0.696,   3.217,   0.100,   3.217,   0.100,   3.217
202604282206,   3.702,   3.089,9999.000,9999.000,9999.000,9999.000,9999.000,9999.000,9999.000
202604282212,   3.592,   2.978,9999.000,9999.000,9999.000,9999.000,9999.000,9999.000,9999.000
202604282218,   3.484,   2.869,9999.000,9999.000,9999.000,9999.000,9999.000,9999.000,9999.000
202604282224,   3.379,   2.758,9999.000,9999.000,9999.000,9999.000,9999.000,9999.000,9999.000
202604282230,   3.276,   2.640,9999.000,9999.000,9999.000,9999.000,9999.000,9999.000,9999.000
202604282236,   3.176,   2.538,9999.000,9999.000,9999.000,9999.000,9999.000,9999.000,9999.000
202604282242,   3.078,   2.440,9999.000,9999.000,9999.000,9999.000,9999.000,9999.000,9999.000
202604282248,   2.984,   2.348,9999.000,9999.000,9999.000,9999.000,9999.000,9999.000,9999.000
202604282254,   2.893,   2.259,9999.000,9999.000,9999.000,9999.000,9999.000,9999.000,9999.000
202604282300,   2.806,   2.158,   0.200,  -0.848,   2.158,   0.100,   2.058,   0.200,   2.158
202604282306,   2.722,   2.049,9999.000,9999.000,9999.000,9999.000,9999.000,9999.000,9999.000
202604282312,   2.641,   1.967,9999.000,9999.000,9999.000,9999.000,9999.000,9999.000,9999.000
202604282318,   2.565,   1.899,9999.000,9999.000,9999.000,9999.000,9999.000,9999.000,9999.000
202604282324,   2.493,   1.820,9999.000,9999.000,9999.000,9999.000,9999.000,9999.000,9999.000
202604282330,   2.426,   1.738,9999.000,9999.000,9999.000,9999.000,9999.000,9999.000,9999.000
202604282336,   2.363,   1.659,9999.000,9999.000,9999.000,9999.000,9999.000,9999.000,9999.000
202604282342,   2.305,   1.610,9999.000,9999.000,9999.000,9999.000,9999.000,9999.000,9999.000
202604282348,   2.251,   1.571,9999.000,9999.000,9999.000,9999.000,9999.000,9999.000,9999.000
202604282354,   2.203,   1.548,9999.000,9999.000,9999.000,9999.000,9999.000,9999.000,9999.000
202604290000,   2.161,   1.489,   0.000,  -0.672,   1.489,   0.000,   1.489,   0.000,   1.489
202604290006,   2.124,   1.430,9999.000,9999.000,9999.000,9999.000,9999.000,9999.000,9999.000
202604290012,   2.092,   1.430,9999.000,9999.000,9999.000,9999.000,9999.000,9999.000,9999.000
202604290018,   2.067,   1.439,9999.000,9999.000,9999.000,9999.000,9999.000,9999.000,9999.000
202604290024,   2.048,   1.449,9999.000,9999.000,9999.000,9999.000,9999.000,9999.000,9999.000
202604290030,   2.035,   1.449,9999.000,9999.000,9999.000,9999.000,9999.000,9999.000,9999.000
202604290036,   2.029,   1.430,9999.000,9999.000,9999.000,9999.000,9999.000,9999.000,9999.000
202604290042,   2.029,   1.439,9999.000,9999.000,9999.000,9999.000,9999.000,9999.000,9999.000
202604290048,   2.036,   1.479,9999.000,9999.000,9999.000,9999.000,9999.000,9999.000,9999.000
202604290054,   2.051,   1.518,9999.000,9999.000,9999.000,9999.000,9999.000,9999.000,9999.000
202604290100,   2.072,   1.528,   0.000,  -0.544,   1.528,   0.000,   1.528,   0.000,   1.528
202604290106,   2.100,   1.548,9999.000,9999.000,9999.000,9999.000,9999.000,9999.000,9999.000
202604290112,   2.135,   1.571,9999.000,9999.000,9999.000,9999.000,9999.000,9999.000,9999.000
202604290118,   2.178,   1.630,9999.000,9999.000,9999.000,9999.000,9999.000,9999.000,9999.000
202604290124,   2.228,   1.708,9999.000,9999.000,9999.000,9999.000,9999.000,9999.000,9999.000
202604290130,   2.284,   1.767,9999.000,9999.000,9999.000,9999.000,9999.000,9999.000,9999.000
202604290136,   2.348,   1.790,9999.000,9999.000,9999.000,9999.000,9999.000,9999.000,9999.000
202604290142,   2.419,   1.820,9999.000,9999.000,9999.000,9999.000,9999.000,9999.000,9999.000
202604290148,   2.497,   1.889,9999.000,9999.000,9999.000,9999.000,9999.000,9999.000,9999.000
202604290154,   2.581,   2.020,9999.000,9999.000,9999.000,9999.000,9999.000,9999.000,9999.000
202604290200,   2.673,   2.128,   0.000,  -0.545,   2.128,   0.000,   2.128,   0.000,   2.128
202604290206,   2.770,   2.191,9999.000,9999.000,9999.000,9999.000,9999.000,9999.000,9999.000
202604290212,   2.874,   2.230,9999.000,9999.000,9999.000,9999.000,9999.000,9999.000,9999.000
202604290218,   2.983,   2.309,9999.000,9999.000,9999.000,9999.000,9999.000,9999.000,9999.000
202604290224,   3.099,   2.450,9999.000,9999.000,9999.000,9999.000,9999.000,9999.000,9999.000
202604290230,   3.219,   2.630,9999.000,9999.000,9999.000,9999.000,9999.000,9999.000,9999.000
202604290236,   3.345,   2.768,9999.000,9999.000,9999.000,9999.000,9999.000,9999.000,9999.000
202604290242,   3.475,   2.860,9999.000,9999.000,9999.000,9999.000,9999.000,9999.000,9999.000
202604290248,   3.610,   2.948,9999.000,9999.000,9999.000,9999.000,9999.000,9999.000,9999.000
202604290254,   3.749,   3.079,9999.000,9999.000,9999.000,9999.000,9999.000,9999.000,9999.000
202604290300,   3.891,   3.260,   0.000,  -0.631,   3.260,   0.000,   3.260,   0.000,   3.260
202604290306,   4.036,   3.440,9999.000,9999.000,9999.000,9999.000,9999.000,9999.000,9999.000
202604290312,   4.185,   3.548,9999.000,9999.000,9999.000,9999.000,9999.000,9999.000,9999.000
202604290318,   4.335,   3.637,9999.000,9999.000,9999.000,9999.000,9999.000,9999.000,9999.000
202604290324,   4.488,   3.778,9999.000,9999.000,9999.000,9999.000,9999.000,9999.000,9999.000
202604290330,   4.642,   4.017,9999.000,9999.000,9999.000,9999.000,9999.000,9999.000,9999.000
202604290336,   4.797,   4.247,9999.000,9999.000,9999.000,9999.000,9999.000,9999.000,9999.000
202604290342,   4.953,   4.388,9999.000,9999.000,9999.000,9999.000,9999.000,9999.000,9999.000
202604290348,   5.108,   4.457,9999.000,9999.000,9999.000,9999.000,9999.000,9999.000,9999.000
202604290354,   5.264,   4.569,9999.000,9999.000,9999.000,9999.000,9999.000,9999.000,9999.000
202604290400,   5.419,   4.759,   0.000,  -0.660,   4.759,   0.000,   4.759,   0.000,   4.759
202604290406,   5.572,   4.998,9999.000,9999.000,9999.000,9999.000,9999.000,9999.000,9999.000
202604290412,   5.724,   5.208,9999.000,9999.000,9999.000,9999.000,9999.000,9999.000,9999.000
202604290418,   5.874,   5.320,9999.000,9999.000,9999.000,9999.000,9999.000,9999.000,9999.000
202604290424,   6.022,   5.398,9999.000,9999.000,9999.000,9999.000,9999.000,9999.000,9999.000
202604290430,   6.166,   5.549,9999.000,9999.000,9999.000,9999.000,9999.000,9999.000,9999.000
202604290436,   6.308,   5.749,9999.000,9999.000,9999.000,9999.000,9999.000,9999.000,9999.000
202604290442,   6.446,   5.949,9999.000,9999.000,9999.000,9999.000,9999.000,9999.000,9999.000
202604290448,   6.580,   6.067,9999.000,9999.000,9999.000,9999.000,9999.000,9999.000,9999.000
202604290454,   6.709,   6.127,9999.000,9999.000,9999.000,9999.000,9999.000,9999.000,9999.000
202604290500,   6.834,   6.209,   0.000,  -0.625,   6.209,   0.000,   6.209,   0.000,   6.209
202604290506,   6.955,   6.379,9999.000,9999.000,9999.000,9999.000,9999.000,9999.000,9999.000
202604290512,   7.070,   6.569,9999.000,9999.000,9999.000,9999.000,9999.000,9999.000,9999.000
202604290518,   7.179,   6.687,9999.000,9999.000,9999.000,9999.000,9999.000,9999.000,9999.000
202604290524,   7.283,   6.717,9999.000,9999.000,9999.000,9999.000,9999.000,9999.000,9999.000
202604290530,   7.381,   6.746,9999.000,9999.000,9999.000,9999.000,9999.000,9999.000,9999.000
202604290536,   7.473,   6.828,9999.000,9999.000,9999.000,9999.000,9999.000,9999.000,9999.000
202604290542,   7.559,   6.956,9999.000,9999.000,9999.000,9999.000,9999.000,9999.000,9999.000
202604290548,   7.638,   7.078,9999.000,9999.000,9999.000,9999.000,9999.000,9999.000,9999.000
202604290554,   7.711,   7.127,9999.000,9999.000,9999.000,9999.000,9999.000,9999.000,9999.000
202604290600,   7.777,   7.137,   0.000,  -0.640,   7.137,   0.000,   7.137,   0.100,   7.237
202604290606,   7.835,   7.166,9999.000,9999.000,9999.000,9999.000,9999.000,9999.000,9999.000
202604290612,   7.887,   7.248,9999.000,9999.000,9999.000,9999.000,9999.000,9999.000,9999.000
202604290618,   7.932,   7.347,9999.000,9999.000,9999.000,9999.000,9999.000,9999.000,9999.000
202604290624,   7.969,   7.399,9999.000,9999.000,9999.000,9999.000,9999.000,9999.000,9999.000
202604290630,   7.999,   7.376,9999.000,9999.000,9999.000,9999.000,9999.000,9999.000,9999.000
202604290636,   8.021,   7.327,9999.000,9999.000,9999.000,9999.000,9999.000,9999.000,9999.000
202604290642,   8.036,   7.327,9999.000,9999.000,9999.000,9999.000,9999.000,9999.000,9999.000
202604290648,   8.044,   7.386,9999.000,9999.000,9999.000,9999.000,9999.000,9999.000,9999.000
202604290654,   8.043,   7.429,9999.000,9999.000,9999.000,9999.000,9999.000,9999.000,9999.000
202604290700,   8.035,   7.399,   0.000,  -0.636,   7.399,   0.000,   7.399,   0.000,   7.399
202604290706,   8.019,   7.327,9999.000,9999.000,9999.000,9999.000,9999.000,9999.000,9999.000
202604290712,   7.995,   7.297,9999.000,9999.000,9999.000,9999.000,9999.000,9999.000,9999.000
202604290718,   7.964,   7.317,9999.000,9999.000,9999.000,9999.000,9999.000,9999.000,9999.000
202604290724,   7.924,   7.347,9999.000,9999.000,9999.000,9999.000,9999.000,9999.000,9999.000
202604290730,   7.877,   7.307,9999.000,9999.000,9999.000,9999.000,9999.000,9999.000,9999.000
202604290736,   7.823,   7.199,9999.000,9999.000,9999.000,9999.000,9999.000,9999.000,9999.000
202604290742,   7.760,   7.097,9999.000,9999.000,9999.000,9999.000,9999.000,9999.000,9999.000
202604290748,   7.690,   7.058,9999.000,9999.000,9999.000,9999.000,9999.000,9999.000,9999.000
202604290754,   7.613,   7.058,9999.000,9999.000,9999.000,9999.000,9999.000,9999.000,9999.000
202604290800,   7.528,   7.009,   0.000,  -0.519,   7.009,   0.000,   7.009,   0.000,   7.009
202604290806,   7.436,   6.878,9999.000,9999.000,9999.000,9999.000,9999.000,9999.000,9999.000
202604290812,   7.338,   6.727,9999.000,9999.000,9999.000,9999.000,9999.000,9999.000,9999.000
202604290818,   7.232,   6.609,9999.000,9999.000,9999.000,9999.000,9999.000,9999.000,9999.000
202604290824,   7.120,   6.527,9999.000,9999.000,9999.000,9999.000,9999.000,9999.000,9999.000
202604290830,   7.002,   6.448,9999.000,9999.000,9999.000,9999.000,9999.000,9999.000,9999.000
202604290836,   6.878,   6.307,9999.000,9999.000,9999.000,9999.000,9999.000,9999.000,9999.000
202604290842,   6.749,   6.149,9999.000,9999.000,9999.000,9999.000,9999.000,9999.000,9999.000
202604290848,   6.614,   5.999,9999.000,9999.000,9999.000,9999.000,9999.000,9999.000,9999.000
202604290854,   6.475,   5.877,9999.000,9999.000,9999.000,9999.000,9999.000,9999.000,9999.000
202604290900,   6.331,   5.759,   0.000,  -0.572,   5.759,   0.000,   5.759,   0.000,   5.759
202604290906,   6.182,   5.608,9999.000,9999.000,9999.000,9999.000,9999.000,9999.000,9999.000
202604290912,   6.031,   5.418,9999.000,9999.000,9999.000,9999.000,9999.000,9999.000,9999.000
202604290918,   5.875,   5.208,9999.000,9999.000,9999.000,9999.000,9999.000,9999.000,9999.000
202604290924,   5.717,   5.018,9999.000,9999.000,9999.000,9999.000,9999.000,9999.000,9999.000
202604290930,   5.557,   4.887,9999.000,9999.000,9999.000,9999.000,9999.000,9999.000,9999.000
202604290936,   5.394,   4.759,9999.000,9999.000,9999.000,9999.000,9999.000,9999.000,9999.000
202604290942,   5.230,   4.598,9999.000,9999.000,9999.000,9999.000,9999.000,9999.000,9999.000
202604290948,   5.064,   4.408,9999.000,9999.000,9999.000,9999.000,9999.000,9999.000,9999.000
202604290954,   4.898,   4.208,9999.000,9999.000,9999.000,9999.000,9999.000,9999.000,9999.000
202604291000,   4.731,   4.027,   0.000,  -0.704,   4.027,   0.000,   4.027,   0.000,   4.027
202604291006,   4.564,   3.880,9999.000,9999.000,9999.000,9999.000,9999.000,9999.000,9999.000
202604291012,   4.397,   3.729,9999.000,9999.000,9999.000,9999.000,9999.000,9999.000,9999.000
202604291018,   4.230,   3.548,9999.000,9999.000,9999.000,9999.000,9999.000,9999.000,9999.000
202604291024,   4.065,   3.358,9999.000,9999.000,9999.000,9999.000,9999.000,9999.000,9999.000
202604291030,   3.900,   3.197,9999.000,9999.000,9999.000,9999.000,9999.000,9999.000,9999.000
202604291036,   3.737,   3.060,9999.000,9999.000,9999.000,9999.000,9999.000,9999.000,9999.000
202604291042,   3.576,   2.919,9999.000,9999.000,9999.000,9999.000,9999.000,9999.000,9999.000
202604291048,   3.416,   2.768,9999.000,9999.000,9999.000,9999.000,9999.000,9999.000,9999.000
202604291054,   3.259,   2.587,9999.000,9999.000,9999.000,9999.000,9999.000,9999.000,9999.000
202604291100,   3.104,   2.410,   0.000,  -0.694,   2.410,   0.000,   2.410,   0.000,   2.410
202604291106,   2.952,   2.259,9999.000,9999.000,9999.000,9999.000,9999.000,9999.000,9999.000
202604291112,   2.803,   2.138,9999.000,9999.000,9999.000,9999.000,9999.000,9999.000,9999.000
202604291118,   2.657,   2.020,9999.000,9999.000,9999.000,9999.000,9999.000,9999.000,9999.000
202604291124,   2.515,   1.859,9999.000,9999.000,9999.000,9999.000,9999.000,9999.000,9999.000
202604291130,   2.376,   1.679,9999.000,9999.000,9999.000,9999.000,9999.000,9999.000,9999.000
202604291136,   2.241,   1.528,9999.000,9999.000,9999.000,9999.000,9999.000,9999.000,9999.000
202604291142,   2.110,   1.430,9999.000,9999.000,9999.000,9999.000,9999.000,9999.000,9999.000
202604291148,   1.983,   1.348,9999.000,9999.000,9999.000,9999.000,9999.000,9999.000,9999.000
202604291154,   1.861,   1.249,9999.000,9999.000,9999.000,9999.000,9999.000,9999.000,9999.000
202604291200,   1.744,   1.118,   0.100,  -0.726,   1.118,   0.100,   1.118,   0.100,   1.118
202604291206,   1.632,   0.980,9999.000,9999.000,9999.000,9999.000,9999.000,9999.000,9999.000
202604291212,   1.525,   0.888,9999.000,9999.000,9999.000,9999.000,9999.000,9999.000,9999.000
202604291218,   1.424,   0.829,9999.000,9999.000,9999.000,9999.000,9999.000,9999.000,9999.000
202604291224,   1.328,   0.770,9999.000,9999.000,9999.000,9999.000,9999.000,9999.000,9999.000
202604291230,   1.239,   0.669,9999.000,9999.000,9999.000,9999.000,9999.000,9999.000,9999.000
202604291236,   1.156,   0.541,9999.000,9999.000,9999.000,9999.000,9999.000,9999.000,9999.000
202604291242,   1.080,   0.449,9999.000,9999.000,9999.000,9999.000,9999.000,9999.000,9999.000
202604291248,   1.011,   0.419,9999.000,9999.000,9999.000,9999.000,9999.000,9999.000,9999.000
202604291254,   0.948,   0.419,9999.000,9999.000,9999.000,9999.000,9999.000,9999.000,9999.000
202604291300,   0.894,   0.380,   0.100,  -0.614,   0.380,   0.100,   0.380,   0.100,   0.380
202604291306,   0.846,   0.298,9999.000,9999.000,9999.000,9999.000,9999.000,9999.000,9999.000
202604291312,   0.807,   0.200,9999.000,9999.000,9999.000,9999.000,9999.000,9999.000,9999.000
202604291318,   0.775,   0.150,9999.000,9999.000,9999.000,9999.000,9999.000,9999.000,9999.000
202604291324,   0.752,   0.160,9999.000,9999.000,9999.000,9999.000,9999.000,9999.000,9999.000
202604291330,   0.737,   0.170,9999.000,9999.000,9999.000,9999.000,9999.000,9999.000,9999.000
202604291336,   0.730,   0.150,9999.000,9999.000,9999.000,9999.000,9999.000,9999.000,9999.000
202604291342,   0.731,   0.088,9999.000,9999.000,9999.000,9999.000,9999.000,9999.000,9999.000
202604291348,   0.741,   0.049,9999.000,9999.000,9999.000,9999.000,9999.000,9999.000,9999.000
202604291354,   0.760,   0.068,9999.000,9999.000,9999.000,9999.000,9999.000,9999.000,9999.000
202604291400,   0.787,   0.160,   0.100,  -0.727,   0.160,   0.100,   0.160,   0.100,   0.160
202604291406,   0.822,   0.239,9999.000,9999.000,9999.000,9999.000,9999.000,9999.000,9999.000
202604291412,   0.866,   0.259,9999.000,9999.000,9999.000,9999.000,9999.000,9999.000,9999.000
202604291418,   0.918,   0.249,9999.000,9999.000,9999.000,9999.000,9999.000,9999.000,9999.000
202604291424,   0.978,   0.268,9999.000,9999.000,9999.000,9999.000,9999.000,9999.000,9999.000
202604291430,   1.046,   0.341,9999.000,9999.000,9999.000,9999.000,9999.000,9999.000,9999.000
202604291436,   1.121,   0.459,9999.000,9999.000,9999.000,9999.000,9999.000,9999.000,9999.000
202604291442,   1.204,   0.560,9999.000,9999.000,9999.000,9999.000,9999.000,9999.000,9999.000
202604291448,   1.295,   0.610,9999.000,9999.000,9999.000,9999.000,9999.000,9999.000,9999.000
202604291454,   1.392,   0.659,9999.000,9999.000,9999.000,9999.000,9999.000,9999.000,9999.000
202604291500,   1.496,   0.751,   0.100,  -0.845,   0.751,   0.100,   0.751,   0.100,   0.751
202604291506,   1.606,   0.908,9999.000,9999.000,9999.000,9999.000,9999.000,9999.000,9999.000
202604291512,   1.722,   1.079,9999.000,9999.000,9999.000,9999.000,9999.000,9999.000,9999.000
202604291518,   1.843,   1.200,9999.000,9999.000,9999.000,9999.000,9999.000,9999.000,9999.000
202604291524,   1.969,   1.289,9999.000,9999.000,9999.000,9999.000,9999.000,9999.000,9999.000
202604291530,   2.101,   1.361,9999.000,9999.000,9999.000,9999.000,9999.000,9999.000,9999.000
202604291536,   2.236,   1.498,9999.000,9999.000,9999.000,9999.000,9999.000,9999.000,9999.000
202604291542,   2.375,   1.679,9999.000,9999.000,9999.000,9999.000,9999.000,9999.000,9999.000
202604291548,   2.518,   1.869,9999.000,9999.000,9999.000,9999.000,9999.000,9999.000,9999.000
202604291554,   2.663,   2.010,9999.000,9999.000,9999.000,9999.000,9999.000,9999.000,9999.000
202604291600,   2.811,   2.118,   0.100,  -0.793,   2.118,   0.000,   2.018,   0.100,   2.118
202604291606,   2.961,   2.240,9999.000,9999.000,9999.000,9999.000,9999.000,9999.000,9999.000
202604291612,   3.112,   2.400,9999.000,9999.000,9999.000,9999.000,9999.000,9999.000,9999.000
202604291618,   3.264,   2.597,9999.000,9999.000,9999.000,9999.000,9999.000,9999.000,9999.000
202604291624,   3.416,   2.807,9999.000,9999.000,9999.000,9999.000,9999.000,9999.000,9999.000
202604291630,   3.569,   2.958,9999.000,9999.000,9999.000,9999.000,9999.000,9999.000,9999.000
202604291636,   3.721,   3.079,9999.000,9999.000,9999.000,9999.000,9999.000,9999.000,9999.000
202604291642,   3.873,   3.230,9999.000,9999.000,9999.000,9999.000,9999.000,9999.000,9999.000
202604291648,   4.023,   3.417,9999.000,9999.000,9999.000,9999.000,9999.000,9999.000,9999.000
202604291654,   4.171,   3.627,9999.000,9999.000,9999.000,9999.000,9999.000,9999.000,9999.000
202604291700,   4.317,   3.778,   0.100,  -0.639,   3.778,   0.100,   3.778,   0.100,   3.778
202604291706,   4.461,   3.890,9999.000,9999.000,9999.000,9999.000,9999.000,9999.000,9999.000
202604291712,   4.602,   3.998,9999.000,9999.000,9999.000,9999.000,9999.000,9999.000,9999.000
202604291718,   4.739,   4.139,9999.000,9999.000,9999.000,9999.000,9999.000,9999.000,9999.000
202604291724,   4.873,   4.339,9999.000,9999.000,9999.000,9999.000,9999.000,9999.000,9999.000
202604291730,   5.003,   4.519,9999.000,9999.000,9999.000,9999.000,9999.000,9999.000,9999.000
202604291736,   5.129,   4.657,9999.000,9999.000,9999.000,9999.000,9999.000,9999.000,9999.000
202604291742,   5.251,   4.729,9999.000,9999.000,9999.000,9999.000,9999.000,9999.000,9999.000
202604291748,   5.368,   4.798,9999.000,9999.000,9999.000,9999.000,9999.000,9999.000,9999.000
202604291754,   5.479,   4.910,9999.000,9999.000,9999.000,9999.000,9999.000,9999.000,9999.000
202604291800,   5.586,   5.067,   0.100,  -0.619,   5.067,   0.100,   5.067,   0.100,   5.067
202604291806,   5.687,   5.208,9999.000,9999.000,9999.000,9999.000,9999.000,9999.000,9999.000
202604291812,   5.783,   5.267,9999.000,9999.000,9999.000,9999.000,9999.000,9999.000,9999.000
202604291818,   5.873,   5.320,9999.000,9999.000,9999.000,9999.000,9999.000,9999.000,9999.000
202604291824,   5.957,   5.369,9999.000,9999.000,9999.000,9999.000,9999.000,9999.000,9999.000
202604291830,   6.035,   5.507,9999.000,9999.000,9999.000,9999.000,9999.000,9999.000,9999.000
202604291836,   6.107,   5.638,9999.000,9999.000,9999.000,9999.000,9999.000,9999.000,9999.000
202604291842,   6.172,   5.697,9999.000,9999.000,9999.000,9999.000,9999.000,9999.000,9999.000
202604291848,   6.231,   5.697,9999.000,9999.000,9999.000,9999.000,9999.000,9999.000,9999.000
202604291854,   6.284,   5.717,9999.000,9999.000,9999.000,9999.000,9999.000,9999.000,9999.000
202604291900,   6.330,   5.808,   0.100,  -0.622,   5.808,   0.100,   5.808,   0.100,   5.808
202604291906,   6.369,   5.917,9999.000,9999.000,9999.000,9999.000,9999.000,9999.000,9999.000
202604291912,   6.402,   5.979,9999.000,9999.000,9999.000,9999.000,9999.000,9999.000,9999.000
202604291918,   6.428,   5.949,9999.000,9999.000,9999.000,9999.000,9999.000,9999.000,9999.000
202604291924,   6.447,   5.917,9999.000,9999.000,9999.000,9999.000,9999.000,9999.000,9999.000
202604291930,   6.459,   5.917,9999.000,9999.000,9999.000,9999.000,9999.000,9999.000,9999.000
202604291936,   6.464,   5.969,9999.000,9999.000,9999.000,9999.000,9999.000,9999.000,9999.000
202604291942,   6.462,   6.008,9999.000,9999.000,9999.000,9999.000,9999.000,9999.000,9999.000
202604291948,   6.454,   6.008,9999.000,9999.000,9999.000,9999.000,9999.000,9999.000,9999.000
202604291954,   6.438,   5.969,9999.000,9999.000,9999.000,9999.000,9999.000,9999.000,9999.000
202604292000,   6.416,   5.907,   0.100,  -0.609,   5.907,   0.100,   5.907,   0.100,   5.907
202604292006,   6.388,   5.907,9999.000,9999.000,9999.000,9999.000,9999.000,9999.000,9999.000
202604292012,   6.352,   5.917,9999.000,9999.000,9999.000,9999.000,9999.000,9999.000,9999.000
202604292018,   6.310,   5.907,9999.000,9999.000,9999.000,9999.000,9999.000,9999.000,9999.000
202604292024,   6.262,   5.808,9999.000,9999.000,9999.000,9999.000,9999.000,9999.000,9999.000
202604292030,   6.208,   5.707,9999.000,9999.000,9999.000,9999.000,9999.000,9999.000,9999.000
202604292036,   6.148,   5.628,9999.000,9999.000,9999.000,9999.000,9999.000,9999.000,9999.000
202604292042,   6.082,   5.608,9999.000,9999.000,9999.000,9999.000,9999.000,9999.000,9999.000
202604292048,   6.011,   5.579,9999.000,9999.000,9999.000,9999.000,9999.000,9999.000,9999.000
202604292054,   5.935,   5.477,9999.000,9999.000,9999.000,9999.000,9999.000,9999.000,9999.000
202604292100,   5.854,   5.369,   0.100,  -0.585,   5.369,   0.100,   5.369,   0.100,   5.369
202604292106,   5.768,   5.287,9999.000,9999.000,9999.000,9999.000,9999.000,9999.000,9999.000
202604292112,   5.679,   5.228,9999.000,9999.000,9999.000,9999.000,9999.000,9999.000,9999.000
202604292118,   5.585,   5.159,9999.000,9999.000,9999.000,9999.000,9999.000,9999.000,9999.000
202604292124,   5.488,   5.067,9999.000,9999.000,9999.000,9999.000,9999.000,9999.000,9999.000
202604292130,   5.388,   4.949,9999.000,9999.000,9999.000,9999.000,9999.000,9999.000,9999.000
202604292136,   5.286,   4.808,9999.000,9999.000,9999.000,9999.000,9999.000,9999.000,9999.000
202604292142,   5.181,   4.677,9999.000,9999.000,9999.000,9999.000,9999.000,9999.000,9999.000
202604292148,   5.075,   4.578,9999.000,9999.000,9999.000,9999.000,9999.000,9999.000,9999.000
202604292154,   4.967,   4.457,9999.000,9999.000,9999.000,9999.000,9999.000,9999.000,9999.000
202604292200,   4.858,   4.329,   0.100,  -0.629,   4.329,   0.100,   4.329,   0.200,   4.429
202604292206,   4.749,   4.188,9999.000,9999.000,9999.000,9999.000,9999.000,9999.000,9999.000
202604292212,   4.639,   4.070,9999.000,9999.000,9999.000,9999.000,9999.000,9999.000,9999.000
202604292218,   4.529,   3.958,9999.000,9999.000,9999.000,9999.000,9999.000,9999.000,9999.000
202604292224,   4.420,   3.847,9999.000,9999.000,9999.000,9999.000,9999.000,9999.000,9999.000
202604292230,   4.312,   3.739,9999.000,9999.000,9999.000,9999.000,9999.000,9999.000,9999.000
202604292236,   4.205,   3.617,9999.000,9999.000,9999.000,9999.000,9999.000,9999.000,9999.000
202604292242,   4.099,   3.480,9999.000,9999.000,9999.000,9999.000,9999.000,9999.000,9999.000
202604292248,   3.995,   3.358,9999.000,9999.000,9999.000,9999.000,9999.000,9999.000,9999.000
202604292254,   3.893,   3.250,9999.000,9999.000,9999.000,9999.000,9999.000,9999.000,9999.000
202604292300,   3.794,   3.158,   0.100,  -0.736,   3.158,   0.100,   3.158,   0.200,   3.258
202604292306,   3.696,   3.050,9999.000,9999.000,9999.000,9999.000,9999.000,9999.000,9999.000
202604292312,   3.601,   2.938,9999.000,9999.000,9999.000,9999.000,9999.000,9999.000,9999.000
202604292318,   3.509,   2.830,9999.000,9999.000,9999.000,9999.000,9999.000,9999.000,9999.000
202604292324,   3.420,   2.728,9999.000,9999.000,9999.000,9999.000,9999.000,9999.000,9999.000
202604292330,   3.335,   2.650,9999.000,9999.000,9999.000,9999.000,9999.000,9999.000,9999.000
202604292336,   3.252,   2.558,9999.000,9999.000,9999.000,9999.000,9999.000,9999.000,9999.000
202604292342,   3.173,   2.479,9999.000,9999.000,9999.000,9999.000,9999.000,9999.000,9999.000
202604292348,   3.098,   2.348,9999.000,9999.000,9999.000,9999.000,9999.000,9999.000,9999.000
202604292354,   3.027,   2.269,9999.000,9999.000,9999.000,9999.000,9999.000,9999.000,9999.000
202604300000,   2.959,   2.210,   0.200,  -0.949,   2.210,   0.100,   2.110,   0.200,   2.210
202604300006,   2.896,   2.168,9999.000,9999.000,9999.000,9999.000,9999.000,9999.000,9999.000
202604300012,   2.837,   2.118,9999.000,9999.000,9999.000,9999.000,9999.000,9999.000,9999.000
202604300018,   2.782,   2.049,9999.000,9999.000,9999.000,9999.000,9999.000,9999.000,9999.000
202604300024,   2.732,   1.990,9999.000,9999.000,9999.000,9999.000,9999.000,9999.000,9999.000
202604300030,   2.687,   1.928,9999.000,9999.000,9999.000,9999.000,9999.000,9999.000,9999.000
202604300036,   2.647,   1.918,9999.000,9999.000,9999.000,9999.000,9999.000,9999.000,9999.000
202604300042,   2.612,   1.928,9999.000,9999.000,9999.000,9999.000,9999.000,9999.000,9999.000
202604300048,   2.582,   1.938,9999.000,9999.000,9999.000,9999.000,9999.000,9999.000,9999.000
202604300054,   2.558,   1.918,9999.000,9999.000,9999.000,9999.000,9999.000,9999.000,9999.000
202604300100,   2.540,   1.889,   0.200,  -0.851,   1.889,   0.100,   1.789,   0.200,   1.889
202604300106,   2.527,   1.889,9999.000,9999.000,9999.000,9999.000,9999.000,9999.000,9999.000
202604300112,   2.521,   1.899,9999.000,9999.000,9999.000,9999.000,9999.000,9999.000,9999.000
202604300118,   2.521,   1.938,9999.000,9999.000,9999.000,9999.000,9999.000,9999.000,9999.000
202604300124,   2.527,   1.967,9999.000,9999.000,9999.000,9999.000,9999.000,9999.000,9999.000
202604300130,   2.540,   1.981,9999.000,9999.000,9999.000,9999.000,9999.000,9999.000,9999.000
202604300136,   2.560,   2.000,9999.000,9999.000,9999.000,9999.000,9999.000,9999.000,9999.000
202604300142,   2.586,   2.030,9999.000,9999.000,9999.000,9999.000,9999.000,9999.000,9999.000
202604300148,   2.619,   2.089,9999.000,9999.000,9999.000,9999.000,9999.000,9999.000,9999.000
202604300154,   2.659,   2.168,9999.000,9999.000,9999.000,9999.000,9999.000,9999.000,9999.000
202604300200,   2.706,   2.220,   0.200,  -0.686,   2.220,   0.200,   2.220,   0.200,   2.220
202604300206,   2.760,   2.250,9999.000,9999.000,9999.000,9999.000,9999.000,9999.000,9999.000
202604300212,   2.822,   2.299,9999.000,9999.000,9999.000,9999.000,9999.000,9999.000,9999.000
202604300218,   2.890,   2.368,9999.000,9999.000,9999.000,9999.000,9999.000,9999.000,9999.000
202604300224,   2.964,   2.430,9999.000,9999.000,9999.000,9999.000,9999.000,9999.000,9999.000
202604300230,   3.046,   2.519,9999.000,9999.000,9999.000,9999.000,9999.000,9999.000,9999.000
202604300236,   3.134,   2.597,9999.000,9999.000,9999.000,9999.000,9999.000,9999.000,9999.000
202604300242,   3.229,   2.689,9999.000,9999.000,9999.000,9999.000,9999.000,9999.000,9999.000
202604300248,   3.330,   2.787,9999.000,9999.000,9999.000,9999.000,9999.000,9999.000,9999.000
202604300254,   3.437,   2.889,9999.000,9999.000,9999.000,9999.000,9999.000,9999.000,9999.000
202604300300,   3.549,   3.007,   0.200,  -0.742,   3.007,   0.200,   3.007,   0.200,   3.007
202604300306,   3.667,   3.119,9999.000,9999.000,9999.000,9999.000,9999.000,9999.000,9999.000
202604300312,   3.790,   3.230,9999.000,9999.000,9999.000,9999.000,9999.000,9999.000,9999.000
202604300318,   3.919,   3.339,9999.000,9999.000,9999.000,9999.000,9999.000,9999.000,9999.000
202604300324,   4.051,   3.460,9999.000,9999.000,9999.000,9999.000,9999.000,9999.000,9999.000
202604300330,   4.188,   3.578,9999.000,9999.000,9999.000,9999.000,9999.000,9999.000,9999.000
202604300336,   4.328,   3.729,9999.000,9999.000,9999.000,9999.000,9999.000,9999.000,9999.000
202604300342,   4.471,   3.870,9999.000,9999.000,9999.000,9999.000,9999.000,9999.000,9999.000
202604300348,   4.618,   3.998,9999.000,9999.000,9999.000,9999.000,9999.000,9999.000,9999.000
202604300354,   4.767,   4.119,9999.000,9999.000,9999.000,9999.000,9999.000,9999.000,9999.000
202604300400,   4.917,   4.257,   0.200,  -0.860,   4.257,   0.200,   4.257,   0.200,   4.257
202604300406,   5.069,   4.408,9999.000,9999.000,9999.000,9999.000,9999.000,9999.000,9999.000
202604300412,   5.223,   4.578,9999.000,9999.000,9999.000,9999.000,9999.000,9999.000,9999.000
202604300418,   5.376,   4.729,9999.000,9999.000,9999.000,9999.000,9999.000,9999.000,9999.000
202604300424,   5.530,   4.877,9999.000,9999.000,9999.000,9999.000,9999.000,9999.000,9999.000
202604300430,   5.684,   5.018,9999.000,9999.000,9999.000,9999.000,9999.000,9999.000,9999.000
202604300436,   5.836,   5.159,9999.000,9999.000,9999.000,9999.000,9999.000,9999.000,9999.000
202604300442,   5.988,   5.307,9999.000,9999.000,9999.000,9999.000,9999.000,9999.000,9999.000
202604300448,   6.137,   5.467,9999.000,9999.000,9999.000,9999.000,9999.000,9999.000,9999.000
202604300454,   6.284,   5.618,9999.000,9999.000,9999.000,9999.000,9999.000,9999.000,9999.000
202604300500,   6.429,   5.749,   0.200,  -0.880,   5.749,   0.200,   5.749,   0.200,   5.749
202604300506,   6.571,   5.907,9999.000,9999.000,9999.000,9999.000,9999.000,9999.000,9999.000
202604300512,   6.709,   6.058,9999.000,9999.000,9999.000,9999.000,9999.000,9999.000,9999.000
202604300518,   6.843,   6.209,9999.000,9999.000,9999.000,9999.000,9999.000,9999.000,9999.000
202604300524,   6.973,   6.336,9999.000,9999.000,9999.000,9999.000,9999.000,9999.000,9999.000
202604300530,   7.098,   6.468,9999.000,9999.000,9999.000,9999.000,9999.000,9999.000,9999.000
202604300536,   7.219,   6.579,9999.000,9999.000,9999.000,9999.000,9999.000,9999.000,9999.000
202604300542,   7.334,   6.687,9999.000,9999.000,9999.000,9999.000,9999.000,9999.000,9999.000
202604300548,   7.444,   6.809,9999.000,9999.000,9999.000,9999.000,9999.000,9999.000,9999.000
202604300554,   7.548,   6.927,9999.000,9999.000,9999.000,9999.000,9999.000,9999.000,9999.000
202604300600,   7.646,   7.048,   0.300,  -0.898,   7.048,   0.200,   6.948,   0.300,   7.048
202604300606,   7.738,   7.137,9999.000,9999.000,9999.000,9999.000,9999.000,9999.000,9999.000
202604300612,   7.823,   7.209,9999.000,9999.000,9999.000,9999.000,9999.000,9999.000,9999.000
202604300618,   7.902,   7.268,9999.000,9999.000,9999.000,9999.000,9999.000,9999.000,9999.000
202604300624,   7.974,   7.347,9999.000,9999.000,9999.000,9999.000,9999.000,9999.000,9999.000
202604300630,   8.038,   7.429,9999.000,9999.000,9999.000,9999.000,9999.000,9999.000,9999.000
202604300636,   8.096,   7.507,9999.000,9999.000,9999.000,9999.000,9999.000,9999.000,9999.000
202604300642,   8.146,   7.537,9999.000,9999.000,9999.000,9999.000,9999.000,9999.000,9999.000
202604300648,   8.189,   7.576,9999.000,9999.000,9999.000,9999.000,9999.000,9999.000,9999.000
202604300654,   8.224,   7.629,9999.000,9999.000,9999.000,9999.000,9999.000,9999.000,9999.000
202604300700,   8.252,   7.678,   0.300,  -0.874,   7.678,   0.300,   7.678,   0.300,   7.678
202604300706,   8.272,   7.698,9999.000,9999.000,9999.000,9999.000,9999.000,9999.000,9999.000
202604300712,   8.284,   7.688,9999.000,9999.000,9999.000,9999.000,9999.000,9999.000,9999.000
202604300718,   8.288,   7.668,9999.000,9999.000,9999.000,9999.000,9999.000,9999.000,9999.000
202604300724,   8.284,   7.668,9999.000,9999.000,9999.000,9999.000,9999.000,9999.000,9999.000
202604300730,   8.273,   7.707,9999.000,9999.000,9999.000,9999.000,9999.000,9999.000,9999.000
202604300736,   8.253,   7.717,9999.000,9999.000,9999.000,9999.000,9999.000,9999.000,9999.000
202604300742,   8.226,   7.698,9999.000,9999.000,9999.000,9999.000,9999.000,9999.000,9999.000
202604300748,   8.190,   7.639,9999.000,9999.000,9999.000,9999.000,9999.000,9999.000,9999.000
202604300754,   8.146,   7.576,9999.000,9999.000,9999.000,9999.000,9999.000,9999.000,9999.000
202604300800,   8.095,   7.527,   0.300,  -0.868,   7.527,   0.300,   7.527,   0.300,   7.527
202604300806,   8.035,   7.488,9999.000,9999.000,9999.000,9999.000,9999.000,9999.000,9999.000
202604300812,   7.968,   7.439,9999.000,9999.000,9999.000,9999.000,9999.000,9999.000,9999.000
202604300818,   7.892,   7.357,9999.000,9999.000,9999.000,9999.000,9999.000,9999.000,9999.000
202604300824,   7.809,   7.258,9999.000,9999.000,9999.000,9999.000,9999.000,9999.000,9999.000
202604300830,   7.718,   7.166,9999.000,9999.000,9999.000,9999.000,9999.000,9999.000,9999.000
202604300836,   7.620,   7.097,9999.000,9999.000,9999.000,9999.000,9999.000,9999.000,9999.000
202604300842,   7.514,   7.009,9999.000,9999.000,9999.000,9999.000,9999.000,9999.000,9999.000
202604300848,   7.401,   6.907,9999.000,9999.000,9999.000,9999.000,9999.000,9999.000,9999.000
202604300854,   7.281,   6.756,9999.000,9999.000,9999.000,9999.000,9999.000,9999.000,9999.000
202604300900,   7.154,   6.628,   0.300,  -0.826,   6.628,   0.300,   6.628,   0.300,   6.628
202604300906,   7.021,   6.497,9999.000,9999.000,9999.000,9999.000,9999.000,9999.000,9999.000
202604300912,   6.881,   6.369,9999.000,9999.000,9999.000,9999.000,9999.000,9999.000,9999.000
202604300918,   6.736,   6.218,9999.000,9999.000,9999.000,9999.000,9999.000,9999.000,9999.000
202604300924,   6.585,   6.058,9999.000,9999.000,9999.000,9999.000,9999.000,9999.000,9999.000
202604300930,   6.429,   5.858,9999.000,9999.000,9999.000,9999.000,9999.000,9999.000,9999.000
202604300936,   6.268,   5.677,9999.000,9999.000,9999.000,9999.000,9999.000,9999.000,9999.000
202604300942,   6.103,   5.530,9999.000,9999.000,9999.000,9999.000,9999.000,9999.000,9999.000
202604300948,   5.934,   5.398,9999.000,9999.000,9999.000,9999.000,9999.000,9999.000,9999.000
202604300954,   5.761,   5.247,9999.000,9999.000,9999.000,9999.000,9999.000,9999.000,9999.000
202604301000,   5.585,   5.067,   0.300,  -0.818,   5.067,   0.300,   5.067,   0.300,   5.067
202604301006,   5.406,   4.857,9999.000,9999.000,9999.000,9999.000,9999.000,9999.000,9999.000
202604301012,   5.225,   4.657,9999.000,9999.000,9999.000,9999.000,9999.000,9999.000,9999.000
202604301018,   5.043,   4.490,9999.000,9999.000,9999.000,9999.000,9999.000,9999.000,9999.000
202604301024,   4.859,   4.319,9999.000,9999.000,9999.000,9999.000,9999.000,9999.000,9999.000
202604301030,   4.674,   4.139,9999.000,9999.000,9999.000,9999.000,9999.000,9999.000,9999.000
202604301036,   4.488,   3.949,9999.000,9999.000,9999.000,9999.000,9999.000,9999.000,9999.000
202604301042,   4.303,   3.758,9999.000,9999.000,9999.000,9999.000,9999.000,9999.000,9999.000
202604301048,   4.117,   3.578,9999.000,9999.000,9999.000,9999.000,9999.000,9999.000,9999.000
202604301054,   3.933,   3.398,9999.000,9999.000,9999.000,9999.000,9999.000,9999.000,9999.000
202604301100,   3.749,   3.230,   0.300,  -0.819,   3.230,   0.300,   3.230,   0.300,   3.230
202604301106,   3.567,   3.040,9999.000,9999.000,9999.000,9999.000,9999.000,9999.000,9999.000
202604301112,   3.387,   2.840,9999.000,9999.000,9999.000,9999.000,9999.000,9999.000,9999.000
202604301118,   3.209,   2.669,9999.000,9999.000,9999.000,9999.000,9999.000,9999.000,9999.000
202604301124,   3.033,   2.519,9999.000,9999.000,9999.000,9999.000,9999.000,9999.000,9999.000
202604301130,   2.859,   2.368,9999.000,9999.000,9999.000,9999.000,9999.000,9999.000,9999.000
202604301136,   2.689,   2.191,9999.000,9999.000,9999.000,9999.000,9999.000,9999.000,9999.000
202604301142,   2.522,   1.967,9999.000,9999.000,9999.000,9999.000,9999.000,9999.000,9999.000
202604301148,   2.358,   1.748,9999.000,9999.000,9999.000,9999.000,9999.000,9999.000,9999.000
202604301154,   2.198,   1.580,9999.000,9999.000,9999.000,9999.000,9999.000,9999.000,9999.000
202604301200,   2.042,   1.449,   0.300,  -0.893,   1.449,   0.300,   1.449,   0.300,   1.449
202604301206,   1.889,   1.338,9999.000,9999.000,9999.000,9999.000,9999.000,9999.000,9999.000
202604301212,   1.742,   1.200,9999.000,9999.000,9999.000,9999.000,9999.000,9999.000,9999.000
202604301218,   1.598,   1.039,9999.000,9999.000,9999.000,9999.000,9999.000,9999.000,9999.000
202604301224,   1.460,   0.908,9999.000,9999.000,9999.000,9999.000,9999.000,9999.000,9999.000
202604301230,   1.327,   0.790,9999.000,9999.000,9999.000,9999.000,9999.000,9999.000,9999.000
202604301236,   1.198,   0.669,9999.000,9999.000,9999.000,9999.000,9999.000,9999.000,9999.000
202604301242,   1.076,   0.541,9999.000,9999.000,9999.000,9999.000,9999.000,9999.000,9999.000
202604301248,   0.959,   0.400,9999.000,9999.000,9999.000,9999.000,9999.000,9999.000,9999.000
202604301254,   0.848,   0.278,9999.000,9999.000,9999.000,9999.000,9999.000,9999.000,9999.000
202604301300,   0.744,   0.190,   0.300,  -0.854,   0.190,   0.300,   0.190,   0.400,   0.290
202604301306,   0.646,   0.141,9999.000,9999.000,9999.000,9999.000,9999.000,9999.000,9999.000
202604301312,   0.555,   0.098,9999.000,9999.000,9999.000,9999.000,9999.000,9999.000,9999.000
202604301318,   0.471,   0.009,9999.000,9999.000,9999.000,9999.000,9999.000,9999.000,9999.000
202604301324,   0.395,  -0.078,9999.000,9999.000,9999.000,9999.000,9999.000,9999.000,9999.000
202604301330,   0.326,  -0.180,9999.000,9999.000,9999.000,9999.000,9999.000,9999.000,9999.000
202604301336,   0.264,  -0.249,9999.000,9999.000,9999.000,9999.000,9999.000,9999.000,9999.000
202604301342,   0.211,  -0.288,9999.000,9999.000,9999.000,9999.000,9999.000,9999.000,9999.000
202604301348,   0.166,  -0.321,9999.000,9999.000,9999.000,9999.000,9999.000,9999.000,9999.000
202604301354,   0.130,  -0.350,9999.000,9999.000,9999.000,9999.000,9999.000,9999.000,9999.000
202604301400,   0.102,  -0.419,   0.300,  -0.821,  -0.419,   0.300,  -0.419,   0.300,  -0.419
202604301406,   0.083,  -0.478,9999.000,9999.000,9999.000,9999.000,9999.000,9999.000,9999.000
202604301412,   0.073,  -0.508,9999.000,9999.000,9999.000,9999.000,9999.000,9999.000,9999.000
202604301418,   0.073,  -0.498,9999.000,9999.000,9999.000,9999.000,9999.000,9999.000,9999.000
202604301424,   0.081,  -0.478,9999.000,9999.000,9999.000,9999.000,9999.000,9999.000,9999.000
202604301430,   0.098,  -0.469,9999.000,9999.000,9999.000,9999.000,9999.000,9999.000,9999.000
202604301436,   0.125,  -0.459,9999.000,9999.000,9999.000,9999.000,9999.000,9999.000,9999.000
202604301442,   0.160,  -0.449,9999.000,9999.000,9999.000,9999.000,9999.000,9999.000,9999.000
202604301448,   0.205,  -0.409,9999.000,9999.000,9999.000,9999.000,9999.000,9999.000,9999.000
202604301454,   0.259,  -0.350,9999.000,9999.000,9999.000,9999.000,9999.000,9999.000,9999.000
202604301500,   0.321,  -0.278,   0.400,  -0.999,  -0.278,   0.300,  -0.378,   0.400,  -0.278
202604301506,   0.392,  -0.200,9999.000,9999.000,9999.000,9999.000,9999.000,9999.000,9999.000
202604301512,   0.472,  -0.141,9999.000,9999.000,9999.000,9999.000,9999.000,9999.000,9999.000
202604301518,   0.560,  -0.049,9999.000,9999.000,9999.000,9999.000,9999.000,9999.000,9999.000
202604301524,   0.656,   0.039,9999.000,9999.000,9999.000,9999.000,9999.000,9999.000,9999.000
202604301530,   0.759,   0.141,9999.000,9999.000,9999.000,9999.000,9999.000,9999.000,9999.000
202604301536,   0.870,   0.249,9999.000,9999.000,9999.000,9999.000,9999.000,9999.000,9999.000
202604301542,   0.988,   0.350,9999.000,9999.000,9999.000,9999.000,9999.000,9999.000,9999.000
202604301548,   1.112,   0.459,9999.000,9999.000,9999.000,9999.000,9999.000,9999.000,9999.000
202604301554,   1.243,   0.590,9999.000,9999.000,9999.000,9999.000,9999.000,9999.000,9999.000
202604301600,   1.379,   0.708,   0.300,  -0.971,   0.708,   0.300,   0.708,   0.400,   0.808
202604301606,   1.521,   0.859,9999.000,9999.000,9999.000,9999.000,9999.000,9999.000,9999.000
202604301612,   1.667,   1.020,9999.000,9999.000,9999.000,9999.000,9999.000,9999.000,9999.000
202604301618,   1.818,   1.170,9999.000,9999.000,9999.000,9999.000,9999.000,9999.000,9999.000
202604301624,   1.972,   1.318,9999.000,9999.000,9999.000,9999.000,9999.000,9999.000,9999.000
202604301630,   2.130,   1.469,9999.000,9999.000,9999.000,9999.000,9999.000,9999.000,9999.000
202604301636,   2.291,   1.639,9999.000,9999.000,9999.000,9999.000,9999.000,9999.000,9999.000
202604301642,   2.454,   1.820,9999.000,9999.000,9999.000,9999.000,9999.000,9999.000,9999.000
202604301648,   2.619,   2.000,9999.000,9999.000,9999.000,9999.000,9999.000,9999.000,9999.000
202604301654,   2.785,   2.191,9999.000,9999.000,9999.000,9999.000,9999.000,9999.000,9999.000
202604301700,   2.952,   2.368,   0.300,  -0.884,   2.368,   0.300,   2.368,   0.400,   2.468
202604301706,   3.120,   2.548,9999.000,9999.000,9999.000,9999.000,9999.000,9999.000,9999.000
202604301712,   3.287,   2.709,9999.000,9999.000,9999.000,9999.000,9999.000,9999.000,9999.000
202604301718,   3.453,   2.860,9999.000,9999.000,9999.000,9999.000,9999.000,9999.000,9999.000
202604301724,   3.619,   3.030,9999.000,9999.000,9999.000,9999.000,9999.000,9999.000,9999.000
202604301730,   3.783,   3.197,9999.000,9999.000,9999.000,9999.000,9999.000,9999.000,9999.000
202604301736,   3.944,   3.378,9999.000,9999.000,9999.000,9999.000,9999.000,9999.000,9999.000
202604301742,   4.104,   3.558,9999.000,9999.000,9999.000,9999.000,9999.000,9999.000,9999.000
202604301748,   4.260,   3.739,9999.000,9999.000,9999.000,9999.000,9999.000,9999.000,9999.000
202604301754,   4.413,   3.899,9999.000,9999.000,9999.000,9999.000,9999.000,9999.000,9999.000
202604301800,   4.563,   4.047,   0.200,  -0.716,   4.047,   0.200,   4.047,   0.200,   4.047
202604301806,   4.709,   4.198,9999.000,9999.000,9999.000,9999.000,9999.000,9999.000,9999.000
202604301812,   4.850,   4.329,9999.000,9999.000,9999.000,9999.000,9999.000,9999.000,9999.000
202604301818,   4.987,   4.467,9999.000,9999.000,9999.000,9999.000,9999.000,9999.000,9999.000
202604301824,   5.119,   4.618,9999.000,9999.000,9999.000,9999.000,9999.000,9999.000,9999.000
202604301830,   5.246,   4.749,9999.000,9999.000,9999.000,9999.000,9999.000,9999.000,9999.000
202604301836,   5.368,   4.887,9999.000,9999.000,9999.000,9999.000,9999.000,9999.000,9999.000
202604301842,   5.484,   5.018,9999.000,9999.000,9999.000,9999.000,9999.000,9999.000,9999.000
202604301848,   5.594,   5.139,9999.000,9999.000,9999.000,9999.000,9999.000,9999.000,9999.000
202604301854,   5.699,   5.247,9999.000,9999.000,9999.000,9999.000,9999.000,9999.000,9999.000
202604301900,   5.797,   5.349,   0.300,  -0.748,   5.349,   0.200,   5.249,   0.300,   5.349
202604301906,   5.889,   5.457,9999.000,9999.000,9999.000,9999.000,9999.000,9999.000,9999.000
202604301912,   5.975,   5.559,9999.000,9999.000,9999.000,9999.000,9999.000,9999.000,9999.000
202604301918,   6.054,   5.648,9999.000,9999.000,9999.000,9999.000,9999.000,9999.000,9999.000
202604301924,   6.127,   5.717,9999.000,9999.000,9999.000,9999.000,9999.000,9999.000,9999.000
202604301930,   6.193,   5.779,9999.000,9999.000,9999.000,9999.000,9999.000,9999.000,9999.000
202604301936,   6.252,   5.838,9999.000,9999.000,9999.000,9999.000,9999.000,9999.000,9999.000
202604301942,   6.304,   5.897,9999.000,9999.000,9999.000,9999.000,9999.000,9999.000,9999.000
202604301948,   6.350,   5.917,9999.000,9999.000,9999.000,9999.000,9999.000,9999.000,9999.000
202604301954,   6.388,   5.949,9999.000,9999.000,9999.000,9999.000,9999.000,9999.000,9999.000
202604302000,   6.420,   5.959,   0.200,  -0.661,   5.959,   0.200,   5.959,   0.300,   6.059
202604302006,   6.445,   5.999,9999.000,9999.000,9999.000,9999.000,9999.000,9999.000,9999.000
202604302012,   6.462,   6.028,9999.000,9999.000,9999.000,9999.000,9999.000,9999.000,9999.000
202604302018,   6.473,   6.067,9999.000,9999.000,9999.000,9999.000,9999.000,9999.000,9999.000
202604302024,   6.477,   6.077,9999.000,9999.000,9999.000,9999.000,9999.000,9999.000,9999.000
202604302030,   6.474,   6.058,9999.000,9999.000,9999.000,9999.000,9999.000,9999.000,9999.000
202604302036,   6.464,   6.028,9999.000,9999.000,9999.000,9999.000,9999.000,9999.000,9999.000
202604302042,   6.447,   6.008,9999.000,9999.000,9999.000,9999.000,9999.000,9999.000,9999.000
202604302048,   6.424,   5.979,9999.000,9999.000,9999.000,9999.000,9999.000,9999.000,9999.000
202604302054,   6.394,   5.940,9999.000,9999.000,9999.000,9999.000,9999.000,9999.000,9999.000
202604302100,   6.357,   5.887,   0.200,  -0.670,   5.887,   0.200,   5.887,   0.200,   5.887
202604302106,   6.315,   5.838,9999.000,9999.000,9999.000,9999.000,9999.000,9999.000,9999.000
202604302112,   6.266,   5.799,9999.000,9999.000,9999.000,9999.000,9999.000,9999.000,9999.000
202604302118,   6.212,   5.749,9999.000,9999.000,9999.000,9999.000,9999.000,9999.000,9999.000
202604302124,   6.152,   5.697,9999.000,9999.000,9999.000,9999.000,9999.000,9999.000,9999.000
202604302130,   6.087,   5.638,9999.000,9999.000,9999.000,9999.000,9999.000,9999.000,9999.000
202604302136,   6.016,   5.559,9999.000,9999.000,9999.000,9999.000,9999.000,9999.000,9999.000
202604302142,   5.941,   5.487,9999.000,9999.000,9999.000,9999.000,9999.000,9999.000,9999.000
202604302148,   5.862,   5.418,9999.000,9999.000,9999.000,9999.000,9999.000,9999.000,9999.000
202604302154,   5.779,   5.339,9999.000,9999.000,9999.000,9999.000,9999.000,9999.000,9999.000
202604302200,   5.692,   5.257,   0.300,  -0.735,   5.257,   0.200,   5.157,   0.300,   5.257
202604302206,   5.601,   5.159,9999.000,9999.000,9999.000,9999.000,9999.000,9999.000,9999.000
202604302212,   5.508,   5.057,9999.000,9999.000,9999.000,9999.000,9999.000,9999.000,9999.000
202604302218,   5.412,   4.979,9999.000,9999.000,9999.000,9999.000,9999.000,9999.000,9999.000
202604302224,   5.315,   4.887,9999.000,9999.000,9999.000,9999.000,9999.000,9999.000,9999.000
202604302230,   5.215,   4.788,9999.000,9999.000,9999.000,9999.000,9999.000,9999.000,9999.000
202604302236,   5.115,   4.700,9999.000,9999.000,9999.000,9999.000,9999.000,9999.000,9999.000
202604302242,   5.013,   4.588,9999.000,9999.000,9999.000,9999.000,9999.000,9999.000,9999.000
202604302248,   4.911,   4.467,9999.000,9999.000,9999.000,9999.000,9999.000,9999.000,9999.000
202604302254,   4.809,   4.359,9999.000,9999.000,9999.000,9999.000,9999.000,9999.000,9999.000
202604302300,   4.708,   4.247,   0.300,  -0.761,   4.247,   0.300,   4.247,   0.300,   4.247
202604302306,   4.607,   4.139,9999.000,9999.000,9999.000,9999.000,9999.000,9999.000,9999.000
202604302312,   4.507,   4.027,9999.000,9999.000,9999.000,9999.000,9999.000,9999.000,9999.000
202604302318,   4.408,   3.890,9999.000,9999.000,9999.000,9999.000,9999.000,9999.000,9999.000
202604302324,   4.311,   3.758,9999.000,9999.000,9999.000,9999.000,9999.000,9999.000,9999.000
202604302330,   4.216,   3.637,9999.000,9999.000,9999.000,9999.000,9999.000,9999.000,9999.000
202604302336,   4.123,   3.519,9999.000,9999.000,9999.000,9999.000,9999.000,9999.000,9999.000
202604302342,   4.033,   3.417,9999.000,9999.000,9999.000,9999.000,9999.000,9999.000,9999.000
202604302348,   3.945,   3.309,9999.000,9999.000,9999.000,9999.000,9999.000,9999.000,9999.000
202604302354,   3.860,   3.207,9999.000,9999.000,9999.000,9999.000,9999.000,9999.000,9999.000
202605010000,   3.778,   3.129,   0.200,  -0.849,   3.129,   0.200,   3.129,   0.300,   3.229
202605010006,   3.699,   3.040,9999.000,9999.000,9999.000,9999.000,9999.000,9999.000,9999.000
202605010012,   3.623,   2.958,9999.000,9999.000,9999.000,9999.000,9999.000,9999.000,9999.000
202605010018,   3.551,   2.860,9999.000,9999.000,9999.000,9999.000,9999.000,9999.000,9999.000
202605010024,   3.483,   2.758,9999.000,9999.000,9999.000,9999.000,9999.000,9999.000,9999.000
202605010030,   3.418,   2.660,9999.000,9999.000,9999.000,9999.000,9999.000,9999.000,9999.000
202605010036,   3.357,   2.620,9999.000,9999.000,9999.000,9999.000,9999.000,9999.000,9999.000
202605010042,   3.300,   2.597,9999.000,9999.000,9999.000,9999.000,9999.000,9999.000,9999.000
202605010048,   3.248,   2.578,9999.000,9999.000,9999.000,9999.000,9999.000,9999.000,9999.000
202605010054,   3.200,   2.558,9999.000,9999.000,9999.000,9999.000,9999.000,9999.000,9999.000
202605010100,   3.156,   2.509,   0.200,  -0.847,   2.509,   0.200,   2.509,   0.300,   2.609
202605010106,   3.117,   2.469,9999.000,9999.000,9999.000,9999.000,9999.000,9999.000,9999.000
202605010112,   3.082,   2.469,9999.000,9999.000,9999.000,9999.000,9999.000,9999.000,9999.000
202605010118,   3.053,   2.469,9999.000,9999.000,9999.000,9999.000,9999.000,9999.000,9999.000
202605010124,   3.029,   2.459,9999.000,9999.000,9999.000,9999.000,9999.000,9999.000,9999.000
202605010130,   3.009,   2.430,9999.000,9999.000,9999.000,9999.000,9999.000,9999.000,9999.000
202605010136,   2.996,   2.410,9999.000,9999.000,9999.000,9999.000,9999.000,9999.000,9999.000
202605010142,   2.987,   2.430,9999.000,9999.000,9999.000,9999.000,9999.000,9999.000,9999.000
202605010148,   2.985,   2.450,9999.000,9999.000,9999.000,9999.000,9999.000,9999.000,9999.000
202605010154,   2.988,   2.469,9999.000,9999.000,9999.000,9999.000,9999.000,9999.000,9999.000
202605010200,   2.998,   2.479,   0.300,  -0.819,   2.479,   0.200,   2.379,   0.300,   2.479
202605010206,   3.013,   2.509,9999.000,9999.000,9999.000,9999.000,9999.000,9999.000,9999.000
202605010212,   3.035,   2.548,9999.000,9999.000,9999.000,9999.000,9999.000,9999.000,9999.000
202605010218,   3.063,   2.578,9999.000,9999.000,9999.000,9999.000,9999.000,9999.000,9999.000
202605010224,   3.098,   2.620,9999.000,9999.000,9999.000,9999.000,9999.000,9999.000,9999.000
202605010230,   3.139,   2.640,9999.000,9999.000,9999.000,9999.000,9999.000,9999.000,9999.000
202605010236,   3.187,   2.669,9999.000,9999.000,9999.000,9999.000,9999.000,9999.000,9999.000
202605010242,   3.241,   2.719,9999.000,9999.000,9999.000,9999.000,9999.000,9999.000,9999.000
202605010248,   3.302,   2.787,9999.000,9999.000,9999.000,9999.000,9999.000,9999.000,9999.000
202605010254,   3.370,   2.869,9999.000,9999.000,9999.000,9999.000,9999.000,9999.000,9999.000
202605010300,   3.444,   2.948,   0.300,  -0.796,   2.948,   0.200,   2.848,   0.300,   2.948
202605010306,   3.524,   3.017,9999.000,9999.000,9999.000,9999.000,9999.000,9999.000,9999.000
202605010312,   3.611,   3.119,9999.000,9999.000,9999.000,9999.000,9999.000,9999.000,9999.000
202605010318,   3.704,   3.207,9999.000,9999.000,9999.000,9999.000,9999.000,9999.000,9999.000
202605010324,   3.803,   3.289,9999.000,9999.000,9999.000,9999.000,9999.000,9999.000,9999.000
202605010330,   3.907,   3.388,9999.000,9999.000,9999.000,9999.000,9999.000,9999.000,9999.000
202605010336,   4.017,   3.509,9999.000,9999.000,9999.000,9999.000,9999.000,9999.000,9999.000
202605010342,   4.133,   3.637,9999.000,9999.000,9999.000,9999.000,9999.000,9999.000,9999.000
202605010348,   4.253,   3.778,9999.000,9999.000,9999.000,9999.000,9999.000,9999.000,9999.000
202605010354,   4.377,   3.899,9999.000,9999.000,9999.000,9999.000,9999.000,9999.000,9999.000
202605010400,   4.506,   3.998,   0.300,  -0.808,   3.998,   0.200,   3.898,   0.300,   3.998
202605010406,   4.639,   4.109,9999.000,9999.000,9999.000,9999.000,9999.000,9999.000,9999.000
202605010412,   4.775,   4.257,9999.000,9999.000,9999.000,9999.000,9999.000,9999.000,9999.000
202605010418,   4.914,   4.408,9999.000,9999.000,9999.000,9999.000,9999.000,9999.000,9999.000
202605010424,   5.055,   4.549,9999.000,9999.000,9999.000,9999.000,9999.000,9999.000,9999.000
202605010430,   5.199,   4.677,9999.000,9999.000,9999.000,9999.000,9999.000,9999.000,9999.000
202605010436,   5.345,   4.788,9999.000,9999.000,9999.000,9999.000,9999.000,9999.000,9999.000
202605010442,   5.491,   4.939,9999.000,9999.000,9999.000,9999.000,9999.000,9999.000,9999.000
202605010448,   5.639,   5.120,9999.000,9999.000,9999.000,9999.000,9999.000,9999.000,9999.000
202605010454,   5.787,   5.277,9999.000,9999.000,9999.000,9999.000,9999.000,9999.000,9999.000
202605010500,   5.934,   5.408,   0.300,  -0.826,   5.408,   0.300,   5.408,   0.300,   5.408
202605010506,   6.081,   5.530,9999.000,9999.000,9999.000,9999.000,9999.000,9999.000,9999.000
202605010512,   6.227,   5.667,9999.000,9999.000,9999.000,9999.000,9999.000,9999.000,9999.000
202605010518,   6.372,   5.818,9999.000,9999.000,9999.000,9999.000,9999.000,9999.000,9999.000
202605010524,   6.514,   5.959,9999.000,9999.000,9999.000,9999.000,9999.000,9999.000,9999.000
202605010530,   6.654,   6.107,9999.000,9999.000,9999.000,9999.000,9999.000,9999.000,9999.000
202605010536,   6.791,   6.228,9999.000,9999.000,9999.000,9999.000,9999.000,9999.000,9999.000
202605010542,   6.925,   6.359,9999.000,9999.000,9999.000,9999.000,9999.000,9999.000,9999.000
202605010548,   7.055,   6.507,9999.000,9999.000,9999.000,9999.000,9999.000,9999.000,9999.000
202605010554,   7.181,   6.648,9999.000,9999.000,9999.000,9999.000,9999.000,9999.000,9999.000
202605010600,   7.302,   6.766,   0.200,  -0.736,   6.766,   0.200,   6.766,   0.300,   6.866
202605010606,   7.419,   6.858,9999.000,9999.000,9999.000,9999.000,9999.000,9999.000,9999.000
202605010612,   7.531,   6.956,9999.000,9999.000,9999.000,9999.000,9999.000,9999.000,9999.000
202605010618,   7.637,   7.078,9999.000,9999.000,9999.000,9999.000,9999.000,9999.000,9999.000
202605010624,   7.737,   7.209,9999.000,9999.000,9999.000,9999.000,9999.000,9999.000,9999.000
202605010630,   7.831,   7.307,9999.000,9999.000,9999.000,9999.000,9999.000,9999.000,9999.000
202605010636,   7.919,   7.376,9999.000,9999.000,9999.000,9999.000,9999.000,9999.000,9999.000
202605010642,   8.001,   7.448,9999.000,9999.000,9999.000,9999.000,9999.000,9999.000,9999.000
202605010648,   8.075,   7.557,9999.000,9999.000,9999.000,9999.000,9999.000,9999.000,9999.000
202605010654,   8.143,   7.619,9999.000,9999.000,9999.000,9999.000,9999.000,9999.000,9999.000
202605010700,   8.204,   7.668,   0.300,  -0.836,   7.668,   0.200,   7.568,   0.300,   7.668
202605010706,   8.257,   7.698,9999.000,9999.000,9999.000,9999.000,9999.000,9999.000,9999.000
202605010712,   8.303,   7.717,9999.000,9999.000,9999.000,9999.000,9999.000,9999.000,9999.000
202605010718,   8.341,   7.757,9999.000,9999.000,9999.000,9999.000,9999.000,9999.000,9999.000
202605010724,   8.372,   7.796,9999.000,9999.000,9999.000,9999.000,9999.000,9999.000,9999.000
202605010730,   8.395,   7.829,9999.000,9999.000,9999.000,9999.000,9999.000,9999.000,9999.000
202605010736,   8.410,   7.849,9999.000,9999.000,9999.000,9999.000,9999.000,9999.000,9999.000
202605010742,   8.418,   7.858,9999.000,9999.000,9999.000,9999.000,9999.000,9999.000,9999.000
202605010748,   8.417,   7.858,9999.000,9999.000,9999.000,9999.000,9999.000,9999.000,9999.000
202605010754,   8.408,   7.849,9999.000,9999.000,9999.000,9999.000,9999.000,9999.000,9999.000
202605010800,   8.392,   7.806,   0.200,  -0.786,   7.806,   0.200,   7.806,   0.300,   7.906
202605010806,   8.367,   7.767,9999.000,9999.000,9999.000,9999.000,9999.000,9999.000,9999.000
202605010812,   8.335,   7.717,9999.000,9999.000,9999.000,9999.000,9999.000,9999.000,9999.000
202605010818,   8.294,   7.688,9999.000,9999.000,9999.000,9999.000,9999.000,9999.000,9999.000
202605010824,   8.246,   7.648,9999.000,9999.000,9999.000,9999.000,9999.000,9999.000,9999.000
202605010830,   8.189,   7.576,9999.000,9999.000,9999.000,9999.000,9999.000,9999.000,9999.000
202605010836,   8.125,   7.517,9999.000,9999.000,9999.000,9999.000,9999.000,9999.000,9999.000
202605010842,   8.052,   7.458,9999.000,9999.000,9999.000,9999.000,9999.000,9999.000,9999.000
202605010848,   7.972,   7.386,9999.000,9999.000,9999.000,9999.000,9999.000,9999.000,9999.000
202605010854,   7.884,   7.327,9999.000,9999.000,9999.000,9999.000,9999.000,9999.000,9999.000
202605010900,   7.789,   7.219,   0.200,  -0.770,   7.219,   0.200,   7.219,   0.200,   7.219
202605010906,   7.686,   7.117,9999.000,9999.000,9999.000,9999.000,9999.000,9999.000,9999.000
202605010912,   7.575,   7.019,9999.000,9999.000,9999.000,9999.000,9999.000,9999.000,9999.000
202605010918,   7.458,   6.917,9999.000,9999.000,9999.000,9999.000,9999.000,9999.000,9999.000
202605010924,   7.333,   6.789,9999.000,9999.000,9999.000,9999.000,9999.000,9999.000,9999.000
202605010930,   7.201,   6.648,9999.000,9999.000,9999.000,9999.000,9999.000,9999.000,9999.000
202605010936,   7.063,   6.517,9999.000,9999.000,9999.000,9999.000,9999.000,9999.000,9999.000
202605010942,   6.918,   6.379,9999.000,9999.000,9999.000,9999.000,9999.000,9999.000,9999.000
202605010948,   6.768,   6.258,9999.000,9999.000,9999.000,9999.000,9999.000,9999.000,9999.000
202605010954,   6.611,   6.117,9999.000,9999.000,9999.000,9999.000,9999.000,9999.000,9999.000
202605011000,   6.449,   5.969,   0.300,  -0.780,   5.969,   0.200,   5.869,   0.300,   5.969
202605011006,   6.282,   5.818,9999.000,9999.000,9999.000,9999.000,9999.000,9999.000,9999.000
202605011012,   6.110,   5.648,9999.000,9999.000,9999.000,9999.000,9999.000,9999.000,9999.000
202605011018,   5.933,   5.487,9999.000,9999.000,9999.000,9999.000,9999.000,9999.000,9999.000
202605011024,   5.753,   5.320,9999.000,9999.000,9999.000,9999.000,9999.000,9999.000,9999.000
202605011030,   5.569,   5.120,9999.000,9999.000,9999.000,9999.000,9999.000,9999.000,9999.000
202605011036,   5.381,   4.929,9999.000,9999.000,9999.000,9999.000,9999.000,9999.000,9999.000
202605011042,   5.192,   4.719,9999.000,9999.000,9999.000,9999.000,9999.000,9999.000,9999.000
202605011048,   4.999,   4.519,9999.000,9999.000,9999.000,9999.000,9999.000,9999.000,9999.000
202605011054,   4.805,   4.309,9999.000,9999.000,9999.000,9999.000,9999.000,9999.000,9999.000
202605011100,   4.610,   4.119,   0.300,  -0.791,   4.119,   0.200,   4.019,   0.300,   4.119
202605011106,   4.414,   3.919,9999.000,9999.000,9999.000,9999.000,9999.000,9999.000,9999.000
202605011112,   4.217,   3.719,9999.000,9999.000,9999.000,9999.000,9999.000,9999.000,9999.000
202605011118,   4.020,   3.529,9999.000,9999.000,9999.000,9999.000,9999.000,9999.000,9999.000
202605011124,   3.824,   3.358,9999.000,9999.000,9999.000,9999.000,9999.000,9999.000,9999.000
202605011130,   3.628,   3.168,9999.000,9999.000,9999.000,9999.000,9999.000,9999.000,9999.000
202605011136,   3.434,   2.958,9999.000,9999.000,9999.000,9999.000,9999.000,9999.000,9999.000
202605011142,   3.241,   2.738,9999.000,9999.000,9999.000,9999.000,9999.000,9999.000,9999.000
202605011148,   3.050,   2.538,9999.000,9999.000,9999.000,9999.000,9999.000,9999.000,9999.000
202605011154,   2.862,   2.358,9999.000,9999.000,9999.000,9999.000,9999.000,9999.000,9999.000
202605011200,   2.676,   2.210,   0.200,  -0.666,   2.210,   0.200,   2.210,   0.200,   2.210
202605011206,   2.493,   2.040,9999.000,9999.000,9999.000,9999.000,9999.000,9999.000,9999.000
202605011212,   2.313,   1.849,9999.000,9999.000,9999.000,9999.000,9999.000,9999.000,9999.000
202605011218,   2.137,   1.659,9999.000,9999.000,9999.000,9999.000,9999.000,9999.000,9999.000
202605011224,   1.965,   1.498,9999.000,9999.000,9999.000,9999.000,9999.000,9999.000,9999.000
202605011230,   1.797,   1.348,9999.000,9999.000,9999.000,9999.000,9999.000,9999.000,9999.000
202605011236,   1.633,   1.200,9999.000,9999.000,9999.000,9999.000,9999.000,9999.000,9999.000
202605011242,   1.474,   1.029,9999.000,9999.000,9999.000,9999.000,9999.000,9999.000,9999.000
202605011248,   1.320,   0.849,9999.000,9999.000,9999.000,9999.000,9999.000,9999.000,9999.000
202605011254,   1.171,   0.669,9999.000,9999.000,9999.000,9999.000,9999.000,9999.000,9999.000
202605011300,   1.027,   0.541,   0.200,  -0.686,   0.541,   0.200,   0.541,   0.200,   0.541
202605011306,   0.889,   0.419,9999.000,9999.000,9999.000,9999.000,9999.000,9999.000,9999.000
202605011312,   0.756,   0.288,9999.000,9999.000,9999.000,9999.000,9999.000,9999.000,9999.000
202605011318,   0.630,   0.131,9999.000,9999.000,9999.000,9999.000,9999.000,9999.000,9999.000
202605011324,   0.509,  -0.009,9999.000,9999.000,9999.000,9999.000,9999.000,9999.000,9999.000
202605011330,   0.396,  -0.141,9999.000,9999.000,9999.000,9999.000,9999.000,9999.000,9999.000
202605011336,   0.288,  -0.229,9999.000,9999.000,9999.000,9999.000,9999.000,9999.000,9999.000
202605011342,   0.188,  -0.278,9999.000,9999.000,9999.000,9999.000,9999.000,9999.000,9999.000
202605011348,   0.095,  -0.341,9999.000,9999.000,9999.000,9999.000,9999.000,9999.000,9999.000
202605011354,   0.010,  -0.419,9999.000,9999.000,9999.000,9999.000,9999.000,9999.000,9999.000
202605011400,  -0.067,  -0.518,   0.200,  -0.651,  -0.518,   0.200,  -0.518,   0.200,  -0.518
202605011406,  -0.136,  -0.600,9999.000,9999.000,9999.000,9999.000,9999.000,9999.000,9999.000
202605011412,  -0.198,  -0.678,9999.000,9999.000,9999.000,9999.000,9999.000,9999.000,9999.000
202605011418,  -0.251,  -0.741,9999.000,9999.000,9999.000,9999.000,9999.000,9999.000,9999.000
202605011424,  -0.296,  -0.790,9999.000,9999.000,9999.000,9999.000,9999.000,9999.000,9999.000
202605011430,  -0.332,  -0.829,9999.000,9999.000,9999.000,9999.000,9999.000,9999.000,9999.000
202605011436,  -0.359,  -0.879,9999.000,9999.000,9999.000,9999.000,9999.000,9999.000,9999.000
202605011442,  -0.377,  -0.908,9999.000,9999.000,9999.000,9999.000,9999.000,9999.000,9999.000
202605011448,  -0.386,  -0.908,9999.000,9999.000,9999.000,9999.000,9999.000,9999.000,9999.000
202605011454,  -0.385,  -0.918,9999.000,9999.000,9999.000,9999.000,9999.000,9999.000,9999.000
202605011500,  -0.375,  -0.918,   0.200,  -0.743,  -0.918,   0.200,  -0.918,   0.200,  -0.918
202605011506,  -0.355,  -0.918,9999.000,9999.000,9999.000,9999.000,9999.000,9999.000,9999.000
202605011512,  -0.327,  -0.908,9999.000,9999.000,9999.000,9999.000,9999.000,9999.000,9999.000
202605011518,  -0.288,  -0.879,9999.000,9999.000,9999.000,9999.000,9999.000,9999.000,9999.000
202605011524,  -0.241,  -0.829,9999.000,9999.000,9999.000,9999.000,9999.000,9999.000,9999.000
202605011530,  -0.184,  -0.780,9999.000,9999.000,9999.000,9999.000,9999.000,9999.000,9999.000
202605011536,  -0.118,  -0.731,9999.000,9999.000,9999.000,9999.000,9999.000,9999.000,9999.000
202605011542,  -0.043,  -0.669,9999.000,9999.000,9999.000,9999.000,9999.000,9999.000,9999.000
202605011548,   0.040,  -0.590,9999.000,9999.000,9999.000,9999.000,9999.000,9999.000,9999.000
202605011554,   0.132,  -0.478,9999.000,9999.000,9999.000,9999.000,9999.000,9999.000,9999.000
202605011600,   0.233,  -0.370,   0.200,  -0.803,  -0.370,   0.200,  -0.370,   0.200,  -0.370
202605011606,   0.341,  -0.298,9999.000,9999.000,9999.000,9999.000,9999.000,9999.000,9999.000
202605011612,   0.457,  -0.219,9999.000,9999.000,9999.000,9999.000,9999.000,9999.000,9999.000
202605011618,   0.581,  -0.098,9999.000,9999.000,9999.000,9999.000,9999.000,9999.000,9999.000
202605011624,   0.711,   0.049,9999.000,9999.000,9999.000,9999.000,9999.000,9999.000,9999.000
202605011630,   0.847,   0.219,9999.000,9999.000,9999.000,9999.000,9999.000,9999.000,9999.000
202605011636,   0.990,   0.390,9999.000,9999.000,9999.000,9999.000,9999.000,9999.000,9999.000
202605011642,   1.138,   0.531,9999.000,9999.000,9999.000,9999.000,9999.000,9999.000,9999.000
202605011648,   1.291,   0.659,9999.000,9999.000,9999.000,9999.000,9999.000,9999.000,9999.000
202605011654,   1.449,   0.829,9999.000,9999.000,9999.000,9999.000,9999.000,9999.000,9999.000
202605011700,   1.611,   1.020,   0.200,  -0.791,   1.020,   0.100,   0.920,   0.200,   1.020
202605011706,   1.776,   1.190,9999.000,9999.000,9999.000,9999.000,9999.000,9999.000,9999.000
202605011712,   1.945,   1.338,9999.000,9999.000,9999.000,9999.000,9999.000,9999.000,9999.000
202605011718,   2.116,   1.498,9999.000,9999.000,9999.000,9999.000,9999.000,9999.000,9999.000
202605011724,   2.289,   1.679,9999.000,9999.000,9999.000,9999.000,9999.000,9999.000,9999.000
202605011730,   2.463,   1.879,9999.000,9999.000,9999.000,9999.000,9999.000,9999.000,9999.000
202605011736,   2.639,   2.079,9999.000,9999.000,9999.000,9999.000,9999.000,9999.000,9999.000
202605011742,   2.815,   2.250,9999.000,9999.000,9999.000,9999.000,9999.000,9999.000,9999.000
202605011748,   2.991,   2.420,9999.000,9999.000,9999.000,9999.000,9999.000,9999.000,9999.000
202605011754,   3.167,   2.568,9999.000,9999.000,9999.000,9999.000,9999.000,9999.000,9999.000
202605011800,   3.341,   2.728,   0.100,  -0.713,   2.728,   0.100,   2.728,   0.200,   2.828
202605011806,   3.514,   2.899,9999.000,9999.000,9999.000,9999.000,9999.000,9999.000,9999.000
202605011812,   3.685,   3.089,9999.000,9999.000,9999.000,9999.000,9999.000,9999.000,9999.000
202605011818,   3.854,   3.270,9999.000,9999.000,9999.000,9999.000,9999.000,9999.000,9999.000
202605011824,   4.020,   3.427,9999.000,9999.000,9999.000,9999.000,9999.000,9999.000,9999.000
202605011830,   4.183,   3.588,9999.000,9999.000,9999.000,9999.000,9999.000,9999.000,9999.000
202605011836,   4.342,   3.739,9999.000,9999.000,9999.000,9999.000,9999.000,9999.000,9999.000
202605011842,   4.497,   3.899,9999.000,9999.000,9999.000,9999.000,9999.000,9999.000,9999.000
202605011848,   4.648,   4.070,9999.000,9999.000,9999.000,9999.000,9999.000,9999.000,9999.000
202605011854,   4.794,   4.208,9999.000,9999.000,9999.000,9999.000,9999.000,9999.000,9999.000
202605011900,   4.935,   4.349,   0.200,  -0.786,   4.349,   0.100,   4.249,   0.200,   4.349
202605011906,   5.071,   4.490,9999.000,9999.000,9999.000,9999.000,9999.000,9999.000,9999.000
202605011912,   5.202,   4.618,9999.000,9999.000,9999.000,9999.000,9999.000,9999.000,9999.000
202605011918,   5.327,   4.778,9999.000,9999.000,9999.000,9999.000,9999.000,9999.000,9999.000
202605011924,   5.446,   4.929,9999.000,9999.000,9999.000,9999.000,9999.000,9999.000,9999.000
202605011930,   5.559,   5.067,9999.000,9999.000,9999.000,9999.000,9999.000,9999.000,9999.000
202605011936,   5.665,   5.179,9999.000,9999.000,9999.000,9999.000,9999.000,9999.000,9999.000
202605011942,   5.766,   5.257,9999.000,9999.000,9999.000,9999.000,9999.000,9999.000,9999.000
202605011948,   5.859,   5.349,9999.000,9999.000,9999.000,9999.000,9999.000,9999.000,9999.000
202605011954,   5.947,   5.428,9999.000,9999.000,9999.000,9999.000,9999.000,9999.000,9999.000
202605012000,   6.027,   5.497,   0.100,  -0.630,   5.497,   0.100,   5.497,   0.200,   5.597
202605012006,   6.101,   5.549,9999.000,9999.000,9999.000,9999.000,9999.000,9999.000,9999.000
202605012012,   6.167,   5.598,9999.000,9999.000,9999.000,9999.000,9999.000,9999.000,9999.000
202605012018,   6.227,   5.677,9999.000,9999.000,9999.000,9999.000,9999.000,9999.000,9999.000
202605012024,   6.280,   5.739,9999.000,9999.000,9999.000,9999.000,9999.000,9999.000,9999.000
202605012030,   6.326,   5.769,9999.000,9999.000,9999.000,9999.000,9999.000,9999.000,9999.000
202605012036,   6.366,   5.799,9999.000,9999.000,9999.000,9999.000,9999.000,9999.000,9999.000
202605012042,   6.398,   5.799,9999.000,9999.000,9999.000,9999.000,9999.000,9999.000,9999.000
202605012048,   6.423,   5.828,9999.000,9999.000,9999.000,9999.000,9999.000,9999.000,9999.000
202605012054,   6.442,   5.848,9999.000,9999.000,9999.000,9999.000,9999.000,9999.000,9999.000
202605012100,   6.453,   5.877,   0.100,  -0.676,   5.877,   0.100,   5.877,   0.100,   5.877
202605012106,   6.458,   5.907,9999.000,9999.000,9999.000,9999.000,9999.000,9999.000,9999.000
202605012112,   6.456,   5.887,9999.000,9999.000,9999.000,9999.000,9999.000,9999.000,9999.000
202605012118,   6.448,   5.897,9999.000,9999.000,9999.000,9999.000,9999.000,9999.000,9999.000
202605012124,   6.433,   5.887,9999.000,9999.000,9999.000,9999.000,9999.000,9999.000,9999.000
202605012130,   6.412,   5.887,9999.000,9999.000,9999.000,9999.000,9999.000,9999.000,9999.000
202605012136,   6.385,   5.877,9999.000,9999.000,9999.000,9999.000,9999.000,9999.000,9999.000
202605012142,   6.351,   5.848,9999.000,9999.000,9999.000,9999.000,9999.000,9999.000,9999.000
202605012148,   6.312,   5.808,9999.000,9999.000,9999.000,9999.000,9999.000,9999.000,9999.000
202605012154,   6.267,   5.749,9999.000,9999.000,9999.000,9999.000,9999.000,9999.000,9999.000
202605012200,   6.216,   5.697,   0.200,  -0.719,   5.697,   0.100,   5.597,   0.200,   5.697
202605012206,   6.161,   5.657,9999.000,9999.000,9999.000,9999.000,9999.000,9999.000,9999.000
202605012212,   6.100,   5.598,9999.000,9999.000,9999.000,9999.000,9999.000,9999.000,9999.000
202605012218,   6.035,   5.507,9999.000,9999.000,9999.000,9999.000,9999.000,9999.000,9999.000
202605012224,   5.965,   5.448,9999.000,9999.000,9999.000,9999.000,9999.000,9999.000,9999.000
202605012230,   5.892,   5.379,9999.000,9999.000,9999.000,9999.000,9999.000,9999.000,9999.000
202605012236,   5.814,   5.307,9999.000,9999.000,9999.000,9999.000,9999.000,9999.000,9999.000
202605012242,   5.733,   5.247,9999.000,9999.000,9999.000,9999.000,9999.000,9999.000,9999.000
202605012248,   5.650,   5.179,9999.000,9999.000,9999.000,9999.000,9999.000,9999.000,9999.000
202605012254,   5.563,   5.077,9999.000,9999.000,9999.000,9999.000,9999.000,9999.000,9999.000
202605012300,   5.475,   4.979,   0.200,  -0.696,   4.979,   0.100,   4.879,   0.200,   4.979
202605012306,   5.384,   4.867,9999.000,9999.000,9999.000,9999.000,9999.000,9999.000,9999.000
202605012312,   5.292,   4.759,9999.000,9999.000,9999.000,9999.000,9999.000,9999.000,9999.000
202605012318,   5.199,   4.647,9999.000,9999.000,9999.000,9999.000,9999.000,9999.000,9999.000
202605012324,   5.106,   4.549,9999.000,9999.000,9999.000,9999.000,9999.000,9999.000,9999.000
202605012330,   5.012,   4.447,9999.000,9999.000,9999.000,9999.000,9999.000,9999.000,9999.000
202605012336,   4.918,   4.359,9999.000,9999.000,9999.000,9999.000,9999.000,9999.000,9999.000
202605012342,   4.825,   4.247,9999.000,9999.000,9999.000,9999.000,9999.000,9999.000,9999.000
202605012348,   4.733,   4.139,9999.000,9999.000,9999.000,9999.000,9999.000,9999.000,9999.000
202605012354,   4.641,   4.057,9999.000,9999.000,9999.000,9999.000,9999.000,9999.000,9999.000
202605020000,   4.552,   3.968,   0.200,  -0.784,   3.968,   0.200,   3.968,   0.300,   4.068
202605020006,   4.464,   3.870,9999.000,9999.000,9999.000,9999.000,9999.000,9999.000,9999.000
202605020012,   4.378,   3.709,9999.000,9999.000,9999.000,9999.000,9999.000,9999.000,9999.000
202605020018,   4.295,   3.598,9999.000,9999.000,9999.000,9999.000,9999.000,9999.000,9999.000
202605020024,   4.214,   3.499,9999.000,9999.000,9999.000,9999.000,9999.000,9999.000,9999.000
202605020030,   4.136,   3.440,9999.000,9999.000,9999.000,9999.000,9999.000,9999.000,9999.000
202605020036,   4.061,   3.368,9999.000,9999.000,9999.000,9999.000,9999.000,9999.000,9999.000
202605020042,   3.989,   3.279,9999.000,9999.000,9999.000,9999.000,9999.000,9999.000,9999.000
202605020048,   3.921,   3.207,9999.000,9999.000,9999.000,9999.000,9999.000,9999.000,9999.000
202605020054,   3.856,   3.129,9999.000,9999.000,9999.000,9999.000,9999.000,9999.000,9999.000
202605020100,   3.795,   3.079,   0.200,  -0.916,   3.079,   0.200,   3.079,   0.200,   3.079
202605020106,   3.737,   3.050,9999.000,9999.000,9999.000,9999.000,9999.000,9999.000,9999.000
202605020112,   3.684,   3.007,9999.000,9999.000,9999.000,9999.000,9999.000,9999.000,9999.000
202605020118,   3.635,   2.929,9999.000,9999.000,9999.000,9999.000,9999.000,9999.000,9999.000
202605020124,   3.590,   2.860,9999.000,9999.000,9999.000,9999.000,9999.000,9999.000,9999.000
202605020130,   3.550,   2.820,9999.000,9999.000,9999.000,9999.000,9999.000,9999.000,9999.000
202605020136,   3.514,   2.807,9999.000,9999.000,9999.000,9999.000,9999.000,9999.000,9999.000
202605020142,   3.482,   2.797,9999.000,9999.000,9999.000,9999.000,9999.000,9999.000,9999.000
202605020148,   3.455,   2.768,9999.000,9999.000,9999.000,9999.000,9999.000,9999.000,9999.000
202605020154,   3.433,   2.748,9999.000,9999.000,9999.000,9999.000,9999.000,9999.000,9999.000
202605020200,   3.416,   2.738,   0.200,  -0.878,   2.738,   0.200,   2.738,   0.200,   2.738
202605020206,   3.404,   2.768,9999.000,9999.000,9999.000,9999.000,9999.000,9999.000,9999.000
202605020212,   3.397,   2.787,9999.000,9999.000,9999.000,9999.000,9999.000,9999.000,9999.000
202605020218,   3.395,   2.807,9999.000,9999.000,9999.000,9999.000,9999.000,9999.000,9999.000
202605020224,   3.399,   2.778,9999.000,9999.000,9999.000,9999.000,9999.000,9999.000,9999.000
202605020230,   3.408,   2.778,9999.000,9999.000,9999.000,9999.000,9999.000,9999.000,9999.000
202605020236,   3.423,   2.787,9999.000,9999.000,9999.000,9999.000,9999.000,9999.000,9999.000
202605020242,   3.444,   2.850,9999.000,9999.000,9999.000,9999.000,9999.000,9999.000,9999.000
202605020248,   3.470,   2.889,9999.000,9999.000,9999.000,9999.000,9999.000,9999.000,9999.000
202605020254,   3.502,   2.909,9999.000,9999.000,9999.000,9999.000,9999.000,9999.000,9999.000
202605020300,   3.540,   2.948,   0.300,  -0.892,   2.948,   0.200,   2.848,   0.300,   2.948
202605020306,   3.584,   3.017,9999.000,9999.000,9999.000,9999.000,9999.000,9999.000,9999.000
202605020312,   3.634,   3.109,9999.000,9999.000,9999.000,9999.000,9999.000,9999.000,9999.000
202605020318,   3.691,   3.188,9999.000,9999.000,9999.000,9999.000,9999.000,9999.000,9999.000
202605020324,   3.753,   3.250,9999.000,9999.000,9999.000,9999.000,9999.000,9999.000,9999.000
202605020330,   3.821,   3.319,9999.000,9999.000,9999.000,9999.000,9999.000,9999.000,9999.000
202605020336,   3.895,   3.388,9999.000,9999.000,9999.000,9999.000,9999.000,9999.000,9999.000
202605020342,   3.975,   3.509,9999.000,9999.000,9999.000,9999.000,9999.000,9999.000,9999.000
202605020348,   4.060,   3.598,9999.000,9999.000,9999.000,9999.000,9999.000,9999.000,9999.000
202605020354,   4.151,   3.670,9999.000,9999.000,9999.000,9999.000,9999.000,9999.000,9999.000
202605020400,   4.248,   3.719,   0.200,  -0.729,   3.719,   0.200,   3.719,   0.300,   3.819
202605020406,   4.349,   3.798,9999.000,9999.000,9999.000,9999.000,9999.000,9999.000,9999.000
202605020412,   4.455,   3.929,9999.000,9999.000,9999.000,9999.000,9999.000,9999.000,9999.000
202605020418,   4.566,   4.047,9999.000,9999.000,9999.000,9999.000,9999.000,9999.000,9999.000
202605020424,   4.682,   4.149,9999.000,9999.000,9999.000,9999.000,9999.000,9999.000,9999.000
202605020430,   4.801,   4.218,9999.000,9999.000,9999.000,9999.000,9999.000,9999.000,9999.000
202605020436,   4.924,   4.319,9999.000,9999.000,9999.000,9999.000,9999.000,9999.000,9999.000
202605020442,   5.050,   4.457,9999.000,9999.000,9999.000,9999.000,9999.000,9999.000,9999.000
202605020448,   5.180,   4.578,9999.000,9999.000,9999.000,9999.000,9999.000,9999.000,9999.000
202605020454,   5.312,   4.677,9999.000,9999.000,9999.000,9999.000,9999.000,9999.000,9999.000
202605020500,   5.446,   4.769,   0.200,  -0.877,   4.769,   0.200,   4.769,   0.300,   4.869
202605020506,   5.582,   4.857,9999.000,9999.000,9999.000,9999.000,9999.000,9999.000,9999.000
202605020512,   5.719,   5.008,9999.000,9999.000,9999.000,9999.000,9999.000,9999.000,9999.000
202605020518,   5.857,   5.179,9999.000,9999.000,9999.000,9999.000,9999.000,9999.000,9999.000
202605020524,   5.996,   5.329,9999.000,9999.000,9999.000,9999.000,9999.000,9999.000,9999.000
202605020530,   6.134,   5.457,9999.000,9999.000,9999.000,9999.000,9999.000,9999.000,9999.000
202605020536,   6.272,   5.579,9999.000,9999.000,9999.000,9999.000,9999.000,9999.000,9999.000
202605020542,   6.409,   5.730,9999.000,9999.000,9999.000,9999.000,9999.000,9999.000,9999.000
202605020548,   6.545,   5.887,9999.000,9999.000,9999.000,9999.000,9999.000,9999.000,9999.000
202605020554,   6.679,   6.058,9999.000,9999.000,9999.000,9999.000,9999.000,9999.000,9999.000
202605020600,   6.811,   6.189,   0.200,  -0.822,   6.189,   0.200,   6.189,   0.200,   6.189
202605020606,   6.940,   6.297,9999.000,9999.000,9999.000,9999.000,9999.000,9999.000,9999.000
202605020612,   7.066,   6.409,9999.000,9999.000,9999.000,9999.000,9999.000,9999.000,9999.000
202605020618,   7.189,   6.569,9999.000,9999.000,9999.000,9999.000,9999.000,9999.000,9999.000
202605020624,   7.308,   6.727,9999.000,9999.000,9999.000,9999.000,9999.000,9999.000,9999.000
202605020630,   7.423,   6.858,9999.000,9999.000,9999.000,9999.000,9999.000,9999.000,9999.000
202605020636,   7.533,   6.956,9999.000,9999.000,9999.000,9999.000,9999.000,9999.000,9999.000
202605020642,   7.638,   7.058,9999.000,9999.000,9999.000,9999.000,9999.000,9999.000,9999.000
202605020648,   7.737,   7.166,9999.000,9999.000,9999.000,9999.000,9999.000,9999.000,9999.000
202605020654,   7.831,   7.297,9999.000,9999.000,9999.000,9999.000,9999.000,9999.000,9999.000
202605020700,   7.920,   7.366,   0.200,  -0.754,   7.366,   0.200,   7.366,   0.300,   7.466
202605020706,   8.002,   7.429,9999.000,9999.000,9999.000,9999.000,9999.000,9999.000,9999.000
202605020712,   8.077,   7.498,9999.000,9999.000,9999.000,9999.000,9999.000,9999.000,9999.000
202605020718,   8.146,   7.576,9999.000,9999.000,9999.000,9999.000,9999.000,9999.000,9999.000
202605020724,   8.208,   7.678,9999.000,9999.000,9999.000,9999.000,9999.000,9999.000,9999.000
202605020730,   8.263,   7.727,9999.000,9999.000,9999.000,9999.000,9999.000,9999.000,9999.000
202605020736,   8.311,   7.737,9999.000,9999.000,9999.000,9999.000,9999.000,9999.000,9999.000
202605020742,   8.352,   7.747,9999.000,9999.000,9999.000,9999.000,9999.000,9999.000,9999.000
202605020748,   8.385,   7.786,9999.000,9999.000,9999.000,9999.000,9999.000,9999.000,9999.000
202605020754,   8.410,   7.849,9999.000,9999.000,9999.000,9999.000,9999.000,9999.000,9999.000
202605020800,   8.428,   7.888,   0.200,  -0.740,   7.888,   0.200,   7.888,   0.200,   7.888
202605020806,   8.437,   7.898,9999.000,9999.000,9999.000,9999.000,9999.000,9999.000,9999.000
202605020812,   8.440,   7.878,9999.000,9999.000,9999.000,9999.000,9999.000,9999.000,9999.000
202605020818,   8.434,   7.868,9999.000,9999.000,9999.000,9999.000,9999.000,9999.000,9999.000
202605020824,   8.420,   7.878,9999.000,9999.000,9999.000,9999.000,9999.000,9999.000,9999.000
202605020830,   8.399,   7.849,9999.000,9999.000,9999.000,9999.000,9999.000,9999.000,9999.000
202605020836,   8.370,   7.796,9999.000,9999.000,9999.000,9999.000,9999.000,9999.000,9999.000
202605020842,   8.333,   7.747,9999.000,9999.000,9999.000,9999.000,9999.000,9999.000,9999.000
202605020848,   8.288,   7.698,9999.000,9999.000,9999.000,9999.000,9999.000,9999.000,9999.000
202605020854,   8.235,   7.648,9999.000,9999.000,9999.000,9999.000,9999.000,9999.000,9999.000
202605020900,   8.175,   7.609,   0.200,  -0.766,   7.609,   0.200,   7.609,   0.200,   7.609
202605020906,   8.107,   7.537,9999.000,9999.000,9999.000,9999.000,9999.000,9999.000,9999.000
202605020912,   8.031,   7.468,9999.000,9999.000,9999.000,9999.000,9999.000,9999.000,9999.000
202605020918,   7.948,   7.376,9999.000,9999.000,9999.000,9999.000,9999.000,9999.000,9999.000
202605020924,   7.858,   7.307,9999.000,9999.000,9999.000,9999.000,9999.000,9999.000,9999.000
202605020930,   7.760,   7.209,9999.000,9999.000,9999.000,9999.000,9999.000,9999.000,9999.000
202605020936,   7.655,   7.097,9999.000,9999.000,9999.000,9999.000,9999.000,9999.000,9999.000
202605020942,   7.543,   6.999,9999.000,9999.000,9999.000,9999.000,9999.000,9999.000,9999.000
202605020948,   7.425,   6.897,9999.000,9999.000,9999.000,9999.000,9999.000,9999.000,9999.000
202605020954,   7.299,   6.789,9999.000,9999.000,9999.000,9999.000,9999.000,9999.000,9999.000
202605021000,   7.167,   6.648,   0.200,  -0.719,   6.648,   0.200,   6.648,   0.300,   6.748
202605021006,   7.029,   6.507,9999.000,9999.000,9999.000,9999.000,9999.000,9999.000,9999.000
202605021012,   6.884,   6.379,9999.000,9999.000,9999.000,9999.000,9999.000,9999.000,9999.000
202605021018,   6.733,   6.268,9999.000,9999.000,9999.000,9999.000,9999.000,9999.000,9999.000
202605021024,   6.577,   6.136,9999.000,9999.000,9999.000,9999.000,9999.000,9999.000,9999.000
202605021030,   6.415,   5.989,9999.000,9999.000,9999.000,9999.000,9999.000,9999.000,9999.000
202605021036,   6.248,   5.808,9999.000,9999.000,9999.000,9999.000,9999.000,9999.000,9999.000
202605021042,   6.076,   5.648,9999.000,9999.000,9999.000,9999.000,9999.000,9999.000,9999.000
202605021048,   5.900,   5.487,9999.000,9999.000,9999.000,9999.000,9999.000,9999.000,9999.000
202605021054,   5.719,   5.329,9999.000,9999.000,9999.000,9999.000,9999.000,9999.000,9999.000
202605021100,   5.535,   5.129,   0.200,  -0.606,   5.129,   0.200,   5.129,   0.200,   5.129
202605021106,   5.347,   4.939,9999.000,9999.000,9999.000,9999.000,9999.000,9999.000,9999.000
202605021112,   5.155,   4.729,9999.000,9999.000,9999.000,9999.000,9999.000,9999.000,9999.000
202605021118,   4.962,   4.539,9999.000,9999.000,9999.000,9999.000,9999.000,9999.000,9999.000
202605021124,   4.766,   4.349,9999.000,9999.000,9999.000,9999.000,9999.000,9999.000,9999.000
202605021130,   4.568,   4.159,9999.000,9999.000,9999.000,9999.000,9999.000,9999.000,9999.000
202605021136,   4.368,   3.968,9999.000,9999.000,9999.000,9999.000,9999.000,9999.000,9999.000
202605021142,   4.168,   3.768,9999.000,9999.000,9999.000,9999.000,9999.000,9999.000,9999.000
202605021148,   3.967,   3.588,9999.000,9999.000,9999.000,9999.000,9999.000,9999.000,9999.000
202605021154,   3.767,   3.407,9999.000,9999.000,9999.000,9999.000,9999.000,9999.000,9999.000
202605021200,   3.566,   3.230,   0.200,  -0.536,   3.230,   0.100,   3.130,   0.200,   3.230
202605021206,   3.367,   3.030,9999.000,9999.000,9999.000,9999.000,9999.000,9999.000,9999.000
202605021212,   3.168,   2.797,9999.000,9999.000,9999.000,9999.000,9999.000,9999.000,9999.000
202605021218,   2.971,   2.568,9999.000,9999.000,9999.000,9999.000,9999.000,9999.000,9999.000
202605021224,   2.777,   2.377,9999.000,9999.000,9999.000,9999.000,9999.000,9999.000,9999.000
202605021230,   2.584,   2.230,9999.000,9999.000,9999.000,9999.000,9999.000,9999.000,9999.000
202605021236,   2.395,   2.069,9999.000,9999.000,9999.000,9999.000,9999.000,9999.000,9999.000
202605021242,   2.209,   1.879,9999.000,9999.000,9999.000,9999.000,9999.000,9999.000,9999.000
202605021248,   2.026,   1.689,9999.000,9999.000,9999.000,9999.000,9999.000,9999.000,9999.000
202605021254,   1.847,   1.489,9999.000,9999.000,9999.000,9999.000,9999.000,9999.000,9999.000
202605021300,   1.672,   1.308,   0.100,  -0.464,   1.308,   0.100,   1.308,   0.100,   1.308
202605021306,   1.502,   1.161,9999.000,9999.000,9999.000,9999.000,9999.000,9999.000,9999.000
202605021312,   1.337,   0.980,9999.000,9999.000,9999.000,9999.000,9999.000,9999.000,9999.000
202605021318,   1.176,   0.790,9999.000,9999.000,9999.000,9999.000,9999.000,9999.000,9999.000
202605021324,   1.021,   0.600,9999.000,9999.000,9999.000,9999.000,9999.000,9999.000,9999.000
202605021330,   0.871,   0.419,9999.000,9999.000,9999.000,9999.000,9999.000,9999.000,9999.000
202605021336,   0.728,   0.278,9999.000,9999.000,9999.000,9999.000,9999.000,9999.000,9999.000
202605021342,   0.590,   0.160,9999.000,9999.000,9999.000,9999.000,9999.000,9999.000,9999.000
202605021348,   0.458,   0.039,9999.000,9999.000,9999.000,9999.000,9999.000,9999.000,9999.000
202605021354,   0.333,  -0.121,9999.000,9999.000,9999.000,9999.000,9999.000,9999.000,9999.000
202605021400,   0.214,  -0.268,   0.200,  -0.682,  -0.268,   0.100,  -0.368,   0.200,  -0.268
202605021406,   0.102,  -0.390,9999.000,9999.000,9999.000,9999.000,9999.000,9999.000,9999.000
202605021412,  -0.001,  -0.469,9999.000,9999.000,9999.000,9999.000,9999.000,9999.000,9999.000
202605021418,  -0.099,  -0.541,9999.000,9999.000,9999.000,9999.000,9999.000,9999.000,9999.000
202605021424,  -0.189,  -0.639,9999.000,9999.000,9999.000,9999.000,9999.000,9999.000,9999.000
202605021430,  -0.271,  -0.760,9999.000,9999.000,9999.000,9999.000,9999.000,9999.000,9999.000
202605021436,  -0.345,  -0.849,9999.000,9999.000,9999.000,9999.000,9999.000,9999.000,9999.000
202605021442,  -0.412,  -0.918,9999.000,9999.000,9999.000,9999.000,9999.000,9999.000,9999.000
202605021448,  -0.470,  -0.951,9999.000,9999.000,9999.000,9999.000,9999.000,9999.000,9999.000
202605021454,  -0.519,  -0.990,9999.000,9999.000,9999.000,9999.000,9999.000,9999.000,9999.000
202605021500,  -0.560,  -1.049,   0.200,  -0.689,  -1.049,   0.100,  -1.149,   0.200,  -1.049
202605021506,  -0.592,  -1.128,9999.000,9999.000,9999.000,9999.000,9999.000,9999.000,9999.000
202605021512,  -0.616,  -1.210,9999.000,9999.000,9999.000,9999.000,9999.000,9999.000,9999.000
202605021518,  -0.630,  -1.249,9999.000,9999.000,9999.000,9999.000,9999.000,9999.000,9999.000
202605021524,  -0.635,  -1.229,9999.000,9999.000,9999.000,9999.000,9999.000,9999.000,9999.000
202605021530,  -0.631,  -1.200,9999.000,9999.000,9999.000,9999.000,9999.000,9999.000,9999.000
202605021536,  -0.618,  -1.200,9999.000,9999.000,9999.000,9999.000,9999.000,9999.000,9999.000
202605021542,  -0.595,  -1.220,9999.000,9999.000,9999.000,9999.000,9999.000,9999.000,9999.000
202605021548,  -0.564,  -1.239,9999.000,9999.000,9999.000,9999.000,9999.000,9999.000,9999.000
202605021554,  -0.522,  -1.200,9999.000,9999.000,9999.000,9999.000,9999.000,9999.000,9999.000
202605021600,  -0.472,  -1.118,   0.200,  -0.846,  -1.118,   0.100,  -1.218,   0.200,  -1.118
202605021606,  -0.413,  -1.039,9999.000,9999.000,9999.000,9999.000,9999.000,9999.000,9999.000
202605021612,  -0.345,  -0.970,9999.000,9999.000,9999.000,9999.000,9999.000,9999.000,9999.000
202605021618,  -0.268,  -0.941,9999.000,9999.000,9999.000,9999.000,9999.000,9999.000,9999.000
202605021624,  -0.182,  -0.898,9999.000,9999.000,9999.000,9999.000,9999.000,9999.000,9999.000
202605021630,  -0.088,  -0.790,9999.000,9999.000,9999.000,9999.000,9999.000,9999.000,9999.000
202605021636,   0.013,  -0.639,9999.000,9999.000,9999.000,9999.000,9999.000,9999.000,9999.000
202605021642,   0.123,  -0.488,9999.000,9999.000,9999.000,9999.000,9999.000,9999.000,9999.000
202605021648,   0.241,  -0.380,9999.000,9999.000,9999.000,9999.000,9999.000,9999.000,9999.000
202605021654,   0.366,  -0.288,9999.000,9999.000,9999.000,9999.000,9999.000,9999.000,9999.000
202605021700,   0.497,  -0.170,   0.100,  -0.767,  -0.170,   0.100,  -0.170,   0.200,  -0.070
202605021706,   0.635,  -0.009,9999.000,9999.000,9999.000,9999.000,9999.000,9999.000,9999.000
202605021712,   0.779,   0.180,9999.000,9999.000,9999.000,9999.000,9999.000,9999.000,9999.000
202605021718,   0.929,   0.341,9999.000,9999.000,9999.000,9999.000,9999.000,9999.000,9999.000
202605021724,   1.084,   0.478,9999.000,9999.000,9999.000,9999.000,9999.000,9999.000,9999.000
202605021730,   1.243,   0.629,9999.000,9999.000,9999.000,9999.000,9999.000,9999.000,9999.000
202605021736,   1.407,   0.800,9999.000,9999.000,9999.000,9999.000,9999.000,9999.000,9999.000
202605021742,   1.574,   1.010,9999.000,9999.000,9999.000,9999.000,9999.000,9999.000,9999.000
202605021748,   1.744,   1.200,9999.000,9999.000,9999.000,9999.000,9999.000,9999.000,9999.000
202605021754,   1.917,   1.361,9999.000,9999.000,9999.000,9999.000,9999.000,9999.000,9999.000
202605021800,   2.093,   1.489,   0.100,  -0.704,   1.489,   0.100,   1.489,   0.100,   1.489
202605021806,   2.269,   1.620,9999.000,9999.000,9999.000,9999.000,9999.000,9999.000,9999.000
202605021812,   2.447,   1.800,9999.000,9999.000,9999.000,9999.000,9999.000,9999.000,9999.000
202605021818,   2.626,   2.000,9999.000,9999.000,9999.000,9999.000,9999.000,9999.000,9999.000
202605021824,   2.804,   2.220,9999.000,9999.000,9999.000,9999.000,9999.000,9999.000,9999.000
202605021830,   2.983,   2.410,9999.000,9999.000,9999.000,9999.000,9999.000,9999.000,9999.000
202605021836,   3.160,   2.568,9999.000,9999.000,9999.000,9999.000,9999.000,9999.000,9999.000
202605021842,   3.336,   2.738,9999.000,9999.000,9999.000,9999.000,9999.000,9999.000,9999.000
202605021848,   3.510,   2.909,9999.000,9999.000,9999.000,9999.000,9999.000,9999.000,9999.000
202605021854,   3.682,   3.079,9999.000,9999.000,9999.000,9999.000,9999.000,9999.000,9999.000
202605021900,   3.851,   3.250,   0.200,  -0.801,   3.250,   0.100,   3.150,   0.200,   3.250
202605021906,   4.017,   3.417,9999.000,9999.000,9999.000,9999.000,9999.000,9999.000,9999.000
202605021912,   4.179,   3.588,9999.000,9999.000,9999.000,9999.000,9999.000,9999.000,9999.000
202605021918,   4.338,   3.788,9999.000,9999.000,9999.000,9999.000,9999.000,9999.000,9999.000
202605021924,   4.492,   3.988,9999.000,9999.000,9999.000,9999.000,9999.000,9999.000,9999.000
202605021930,   4.641,   4.149,9999.000,9999.000,9999.000,9999.000,9999.000,9999.000,9999.000
202605021936,   4.786,   4.290,9999.000,9999.000,9999.000,9999.000,9999.000,9999.000,9999.000
202605021942,   4.925,   4.408,9999.000,9999.000,9999.000,9999.000,9999.000,9999.000,9999.000
202605021948,   5.059,   4.539,9999.000,9999.000,9999.000,9999.000,9999.000,9999.000,9999.000
202605021954,   5.187,   4.690,9999.000,9999.000,9999.000,9999.000,9999.000,9999.000,9999.000
202605022000,   5.309,   4.837,   0.100,  -0.572,   4.837,   0.100,   4.837,   0.200,   4.937
202605022006,   5.425,   4.959,9999.000,9999.000,9999.000,9999.000,9999.000,9999.000,9999.000
202605022012,   5.535,   5.057,9999.000,9999.000,9999.000,9999.000,9999.000,9999.000,9999.000
202605022018,   5.638,   5.159,9999.000,9999.000,9999.000,9999.000,9999.000,9999.000,9999.000
202605022024,   5.735,   5.247,9999.000,9999.000,9999.000,9999.000,9999.000,9999.000,9999.000
202605022030,   5.825,   5.339,9999.000,9999.000,9999.000,9999.000,9999.000,9999.000,9999.000
202605022036,   5.909,   5.418,9999.000,9999.000,9999.000,9999.000,9999.000,9999.000,9999.000
202605022042,   5.986,   5.467,9999.000,9999.000,9999.000,9999.000,9999.000,9999.000,9999.000
202605022048,   6.056,   5.507,9999.000,9999.000,9999.000,9999.000,9999.000,9999.000,9999.000
202605022054,   6.119,   5.569,9999.000,9999.000,9999.000,9999.000,9999.000,9999.000,9999.000
202605022100,   6.175,   5.648,   0.100,  -0.627,   5.648,   0.100,   5.648,   0.200,   5.748
202605022106,   6.225,   5.717,9999.000,9999.000,9999.000,9999.000,9999.000,9999.000,9999.000
202605022112,   6.268,   5.759,9999.000,9999.000,9999.000,9999.000,9999.000,9999.000,9999.000
202605022118,   6.304,   5.779,9999.000,9999.000,9999.000,9999.000,9999.000,9999.000,9999.000
202605022124,   6.334,   5.779,9999.000,9999.000,9999.000,9999.000,9999.000,9999.000,9999.000
202605022130,   6.357,   5.808,9999.000,9999.000,9999.000,9999.000,9999.000,9999.000,9999.000
202605022136,   6.374,   5.848,9999.000,9999.000,9999.000,9999.000,9999.000,9999.000,9999.000
202605022142,   6.384,   5.867,9999.000,9999.000,9999.000,9999.000,9999.000,9999.000,9999.000
202605022148,   6.388,   5.858,9999.000,9999.000,9999.000,9999.000,9999.000,9999.000,9999.000
202605022154,   6.386,   5.867,9999.000,9999.000,9999.000,9999.000,9999.000,9999.000,9999.000
202605022200,   6.377,   5.897,   0.200,  -0.680,   5.897,   0.100,   5.797,   0.200,   5.897
202605022206,   6.363,   5.926,9999.000,9999.000,9999.000,9999.000,9999.000,9999.000,9999.000
202605022212,   6.343,   5.926,9999.000,9999.000,9999.000,9999.000,9999.000,9999.000,9999.000
202605022218,   6.317,   5.897,9999.000,9999.000,9999.000,9999.000,9999.000,9999.000,9999.000
202605022224,   6.286,   5.838,9999.000,9999.000,9999.000,9999.000,9999.000,9999.000,9999.000
202605022230,   6.250,   5.799,9999.000,9999.000,9999.000,9999.000,9999.000,9999.000,9999.000
202605022236,   6.208,   5.789,9999.000,9999.000,9999.000,9999.000,9999.000,9999.000,9999.000
202605022242,   6.162,   5.779,9999.000,9999.000,9999.000,9999.000,9999.000,9999.000,9999.000
202605022248,   6.110,   5.739,9999.000,9999.000,9999.000,9999.000,9999.000,9999.000,9999.000
202605022254,   6.055,   5.648,9999.000,9999.000,9999.000,9999.000,9999.000,9999.000,9999.000
202605022300,   5.995,   5.569,   0.200,  -0.626,   5.569,   0.200,   5.569,   0.200,   5.569
202605022306,   5.931,   5.507,9999.000,9999.000,9999.000,9999.000,9999.000,9999.000,9999.000
202605022312,   5.863,   5.467,9999.000,9999.000,9999.000,9999.000,9999.000,9999.000,9999.000
202605022318,   5.792,   5.398,9999.000,9999.000,9999.000,9999.000,9999.000,9999.000,9999.000
202605022324,   5.719,   5.307,9999.000,9999.000,9999.000,9999.000,9999.000,9999.000,9999.000
202605022330,   5.642,   5.208,9999.000,9999.000,9999.000,9999.000,9999.000,9999.000,9999.000
202605022336,   5.563,   5.129,9999.000,9999.000,9999.000,9999.000,9999.000,9999.000,9999.000
202605022342,   5.482,   5.077,9999.000,9999.000,9999.000,9999.000,9999.000,9999.000,9999.000
202605022348,   5.400,   5.008,9999.000,9999.000,9999.000,9999.000,9999.000,9999.000,9999.000
202605022354,   5.316,   4.887,9999.000,9999.000,9999.000,9999.000,9999.000,9999.000,9999.000
202605030000,   5.231,   4.769,   0.300,  -0.762,   4.769,   0.200,   4.669,   0.300,   4.769
202605030006,   5.146,   4.667,9999.000,9999.000,9999.000,9999.000,9999.000,9999.000,9999.000
202605030012,   5.060,   4.588,9999.000,9999.000,9999.000,9999.000,9999.000,9999.000,9999.000
202605030018,   4.975,   4.529,9999.000,9999.000,9999.000,9999.000,9999.000,9999.000,9999.000
202605030024,   4.891,   4.457,9999.000,9999.000,9999.000,9999.000,9999.000,9999.000,9999.000
202605030030,   4.807,   4.339,9999.000,9999.000,9999.000,9999.000,9999.000,9999.000,9999.000
202605030036,   4.725,   4.218,9999.000,9999.000,9999.000,9999.000,9999.000,9999.000,9999.000
202605030042,   4.644,   4.129,9999.000,9999.000,9999.000,9999.000,9999.000,9999.000,9999.000
202605030048,   4.566,   4.080,9999.000,9999.000,9999.000,9999.000,9999.000,9999.000,9999.000
202605030054,   4.490,   3.998,9999.000,9999.000,9999.000,9999.000,9999.000,9999.000,9999.000
202605030100,   4.416,   3.909,   0.300,  -0.807,   3.909,   0.200,   3.809,   0.300,   3.909
202605030106,   4.345,   3.827,9999.000,9999.000,9999.000,9999.000,9999.000,9999.000,9999.000
202605030112,   4.277,   3.739,9999.000,9999.000,9999.000,9999.000,9999.000,9999.000,9999.000
202605030118,   4.212,   3.699,9999.000,9999.000,9999.000,9999.000,9999.000,9999.000,9999.000
202605030124,   4.151,   3.670,9999.000,9999.000,9999.000,9999.000,9999.000,9999.000,9999.000
202605030130,   4.094,   3.607,9999.000,9999.000,9999.000,9999.000,9999.000,9999.000,9999.000
202605030136,   4.040,   3.548,9999.000,9999.000,9999.000,9999.000,9999.000,9999.000,9999.000
202605030142,   3.990,   3.499,9999.000,9999.000,9999.000,9999.000,9999.000,9999.000,9999.000
202605030148,   3.945,   3.470,9999.000,9999.000,9999.000,9999.000,9999.000,9999.000,9999.000
202605030154,   3.904,   3.440,9999.000,9999.000,9999.000,9999.000,9999.000,9999.000,9999.000
202605030200,   3.867,   3.388,   0.300,  -0.779,   3.388,   0.300,   3.388,   0.300,   3.388
202605030206,   3.834,   3.339,9999.000,9999.000,9999.000,9999.000,9999.000,9999.000,9999.000
202605030212,   3.806,   3.289,9999.000,9999.000,9999.000,9999.000,9999.000,9999.000,9999.000
202605030218,   3.783,   3.250,9999.000,9999.000,9999.000,9999.000,9999.000,9999.000,9999.000
202605030224,   3.764,   3.230,9999.000,9999.000,9999.000,9999.000,9999.000,9999.000,9999.000
202605030230,   3.750,   3.217,9999.000,9999.000,9999.000,9999.000,9999.000,9999.000,9999.000
202605030236,   3.741,   3.207,9999.000,9999.000,9999.000,9999.000,9999.000,9999.000,9999.000
202605030242,   3.737,   3.217,9999.000,9999.000,9999.000,9999.000,9999.000,9999.000,9999.000
202605030248,   3.738,   3.230,9999.000,9999.000,9999.000,9999.000,9999.000,9999.000,9999.000
202605030254,   3.744,   3.250,9999.000,9999.000,9999.000,9999.000,9999.000,9999.000,9999.000
202605030300,   3.754,   3.260,   0.300,  -0.794,   3.260,   0.300,   3.260,   0.400,   3.360
202605030306,   3.770,   3.279,9999.000,9999.000,9999.000,9999.000,9999.000,9999.000,9999.000
202605030312,   3.791,   3.309,9999.000,9999.000,9999.000,9999.000,9999.000,9999.000,9999.000
202605030318,   3.818,   3.339,9999.000,9999.000,9999.000,9999.000,9999.000,9999.000,9999.000
202605030324,   3.849,   3.388,9999.000,9999.000,9999.000,9999.000,9999.000,9999.000,9999.000
202605030330,   3.886,   3.440,9999.000,9999.000,9999.000,9999.000,9999.000,9999.000,9999.000
202605030336,   3.928,   3.499,9999.000,9999.000,9999.000,9999.000,9999.000,9999.000,9999.000
202605030342,   3.975,   3.558,9999.000,9999.000,9999.000,9999.000,9999.000,9999.000,9999.000
202605030348,   4.028,   3.627,9999.000,9999.000,9999.000,9999.000,9999.000,9999.000,9999.000
202605030354,   4.086,   3.709,9999.000,9999.000,9999.000,9999.000,9999.000,9999.000,9999.000
202605030400,   4.149,   3.778,   0.300,  -0.671,   3.778,   0.300,   3.778,   0.300,   3.778
202605030406,   4.217,   3.837,9999.000,9999.000,9999.000,9999.000,9999.000,9999.000,9999.000
202605030412,   4.290,   3.909,9999.000,9999.000,9999.000,9999.000,9999.000,9999.000,9999.000
202605030418,   4.369,   4.008,9999.000,9999.000,9999.000,9999.000,9999.000,9999.000,9999.000
202605030424,   4.452,   4.099,9999.000,9999.000,9999.000,9999.000,9999.000,9999.000,9999.000
202605030430,   4.540,   4.188,9999.000,9999.000,9999.000,9999.000,9999.000,9999.000,9999.000
202605030436,   4.632,   4.247,9999.000,9999.000,9999.000,9999.000,9999.000,9999.000,9999.000
202605030442,   4.729,   4.290,9999.000,9999.000,9999.000,9999.000,9999.000,9999.000,9999.000
202605030448,   4.830,   4.368,9999.000,9999.000,9999.000,9999.000,9999.000,9999.000,9999.000
202605030454,   4.935,   4.490,9999.000,9999.000,9999.000,9999.000,9999.000,9999.000,9999.000
202605030500,   5.044,   4.608,   0.300,  -0.736,   4.608,   0.300,   4.608,   0.300,   4.608
202605030506,   5.156,   4.700,9999.000,9999.000,9999.000,9999.000,9999.000,9999.000,9999.000
202605030512,   5.271,   4.759,9999.000,9999.000,9999.000,9999.000,9999.000,9999.000,9999.000
202605030518,   5.389,   4.837,9999.000,9999.000,9999.000,9999.000,9999.000,9999.000,9999.000
202605030524,   5.509,   4.969,9999.000,9999.000,9999.000,9999.000,9999.000,9999.000,9999.000
202605030530,   5.632,   5.120,9999.000,9999.000,9999.000,9999.000,9999.000,9999.000,9999.000
202605030536,   5.756,   5.247,9999.000,9999.000,9999.000,9999.000,9999.000,9999.000,9999.000
202605030542,   5.881,   5.339,9999.000,9999.000,9999.000,9999.000,9999.000,9999.000,9999.000
202605030548,   6.008,   5.418,9999.000,9999.000,9999.000,9999.000,9999.000,9999.000,9999.000
202605030554,   6.135,   5.539,9999.000,9999.000,9999.000,9999.000,9999.000,9999.000,9999.000
202605030600,   6.262,   5.707,   0.300,  -0.855,   5.707,   0.200,   5.607,   0.300,   5.707
202605030606,   6.389,9999.000,9999.000,9999.000,9999.000,9999.000,9999.000,9999.000,9999.000
202605030612,   6.515,9999.000,9999.000,9999.000,9999.000,9999.000,9999.000,9999.000,9999.000
202605030618,   6.640,9999.000,9999.000,9999.000,9999.000,9999.000,9999.000,9999.000,9999.000
202605030624,   6.764,9999.000,9999.000,9999.000,9999.000,9999.000,9999.000,9999.000,9999.000
202605030630,   6.885,9999.000,9999.000,9999.000,9999.000,9999.000,9999.000,9999.000,9999.000
202605030636,   7.005,9999.000,9999.000,9999.000,9999.000,9999.000,9999.000,9999.000,9999.000
202605030642,   7.121,9999.000,9999.000,9999.000,9999.000,9999.000,9999.000,9999.000,9999.000
202605030648,   7.235,9999.000,9999.000,9999.000,9999.000,9999.000,9999.000,9999.000,9999.000
202605030654,   7.344,9999.000,9999.000,9999.000,9999.000,9999.000,9999.000,9999.000,9999.000
202605030700,   7.450,9999.000,   0.300,  -0.844,   6.906,   0.200,   6.806,   0.300,   6.906
202605030706,   7.552,9999.000,9999.000,9999.000,9999.000,9999.000,9999.000,9999.000,9999.000
202605030712,   7.649,9999.000,9999.000,9999.000,9999.000,9999.000,9999.000,9999.000,9999.000
202605030718,   7.741,9999.000,9999.000,9999.000,9999.000,9999.000,9999.000,9999.000,9999.000
202605030724,   7.827,9999.000,9999.000,9999.000,9999.000,9999.000,9999.000,9999.000,9999.000
202605030730,   7.909,9999.000,9999.000,9999.000,9999.000,9999.000,9999.000,9999.000,9999.000
202605030736,   7.984,9999.000,9999.000,9999.000,9999.000,9999.000,9999.000,9999.000,9999.000
202605030742,   8.053,9999.000,9999.000,9999.000,9999.000,9999.000,9999.000,9999.000,9999.000
202605030748,   8.115,9999.000,9999.000,9999.000,9999.000,9999.000,9999.000,9999.000,9999.000
202605030754,   8.171,9999.000,9999.000,9999.000,9999.000,9999.000,9999.000,9999.000,9999.000
202605030800,   8.220,9999.000,   0.300,  -0.833,   7.687,   0.300,   7.687,   0.300,   7.687
202605030806,   8.263,9999.000,9999.000,9999.000,9999.000,9999.000,9999.000,9999.000,9999.000
202605030812,   8.298,9999.000,9999.000,9999.000,9999.000,9999.000,9999.000,9999.000,9999.000
202605030818,   8.325,9999.000,9999.000,9999.000,9999.000,9999.000,9999.000,9999.000,9999.000
202605030824,   8.346,9999.000,9999.000,9999.000,9999.000,9999.000,9999.000,9999.000,9999.000
202605030830,   8.359,9999.000,9999.000,9999.000,9999.000,9999.000,9999.000,9999.000,9999.000
202605030836,   8.364,9999.000,9999.000,9999.000,9999.000,9999.000,9999.000,9999.000,9999.000
202605030842,   8.362,9999.000,9999.000,9999.000,9999.000,9999.000,9999.000,9999.000,9999.000
202605030848,   8.352,9999.000,9999.000,9999.000,9999.000,9999.000,9999.000,9999.000,9999.000
202605030854,   8.335,9999.000,9999.000,9999.000,9999.000,9999.000,9999.000,9999.000,9999.000
202605030900,   8.310,9999.000,   0.200,  -0.822,   7.688,   0.200,   7.688,   0.300,   7.788
202605030906,   8.278,9999.000,9999.000,9999.000,9999.000,9999.000,9999.000,9999.000,9999.000
202605030912,   8.238,9999.000,9999.000,9999.000,9999.000,9999.000,9999.000,9999.000,9999.000
202605030918,   8.191,9999.000,9999.000,9999.000,9999.000,9999.000,9999.000,9999.000,9999.000
202605030924,   8.137,9999.000,9999.000,9999.000,9999.000,9999.000,9999.000,9999.000,9999.000
202605030930,   8.075,9999.000,9999.000,9999.000,9999.000,9999.000,9999.000,9999.000,9999.000
202605030936,   8.006,9999.000,9999.000,9999.000,9999.000,9999.000,9999.000,9999.000,9999.000
202605030942,   7.930,9999.000,9999.000,9999.000,9999.000,9999.000,9999.000,9999.000,9999.000
202605030948,   7.847,9999.000,9999.000,9999.000,9999.000,9999.000,9999.000,9999.000,9999.000
202605030954,   7.757,9999.000,9999.000,9999.000,9999.000,9999.000,9999.000,9999.000,9999.000
202605031000,   7.661,9999.000,   0.300,  -0.811,   7.150,   0.300,   7.150,   0.300,   7.150
202605031006,   7.558,9999.000,9999.000,9999.000,9999.000,9999.000,9999.000,9999.000,9999.000
202605031012,   7.448,9999.000,9999.000,9999.000,9999.000,9999.000,9999.000,9999.000,9999.000
202605031018,   7.332,9999.000,9999.000,9999.000,9999.000,9999.000,9999.000,9999.000,9999.000
202605031024,   7.210,9999.000,9999.000,9999.000,9999.000,9999.000,9999.000,9999.000,9999.000
202605031030,   7.082,9999.000,9999.000,9999.000,9999.000,9999.000,9999.000,9999.000,9999.000
202605031036,   6.948,9999.000,9999.000,9999.000,9999.000,9999.000,9999.000,9999.000,9999.000
202605031042,   6.808,9999.000,9999.000,9999.000,9999.000,9999.000,9999.000,9999.000,9999.000
202605031048,   6.663,9999.000,9999.000,9999.000,9999.000,9999.000,9999.000,9999.000,9999.000
202605031054,   6.513,9999.000,9999.000,9999.000,9999.000,9999.000,9999.000,9999.000,9999.000
202605031100,   6.357,9999.000,   0.300,  -0.800,   5.857,   0.300,   5.857,   0.300,   5.857
202605031106,   6.196,9999.000,9999.000,9999.000,9999.000,9999.000,9999.000,9999.000,9999.000
202605031112,   6.031,9999.000,9999.000,9999.000,9999.000,9999.000,9999.000,9999.000,9999.000
202605031118,   5.861,9999.000,9999.000,9999.000,9999.000,9999.000,9999.000,9999.000,9999.000
202605031124,   5.686,9999.000,9999.000,9999.000,9999.000,9999.000,9999.000,9999.000,9999.000
202605031130,   5.508,9999.000,9999.000,9999.000,9999.000,9999.000,9999.000,9999.000,9999.000
202605031136,   5.327,9999.000,9999.000,9999.000,9999.000,9999.000,9999.000,9999.000,9999.000
202605031142,   5.142,9999.000,9999.000,9999.000,9999.000,9999.000,9999.000,9999.000,9999.000
202605031148,   4.954,9999.000,9999.000,9999.000,9999.000,9999.000,9999.000,9999.000,9999.000
202605031154,   4.763,9999.000,9999.000,9999.000,9999.000,9999.000,9999.000,9999.000,9999.000
202605031200,   4.570,9999.000,   0.300,  -0.789,   4.081,   0.300,   4.081,   0.300,   4.081
202605031206,   4.375,9999.000,9999.000,9999.000,9999.000,9999.000,9999.000,9999.000,9999.000
202605031212,   4.179,9999.000,9999.000,9999.000,9999.000,9999.000,9999.000,9999.000,9999.000
202605031218,   3.982,9999.000,9999.000,9999.000,9999.000,9999.000,9999.000,9999.000,9999.000
202605031224,   3.784,9999.000,9999.000,9999.000,9999.000,9999.000,9999.000,9999.000,9999.000
202605031230,   3.586,9999.000,9999.000,9999.000,9999.000,9999.000,9999.000,9999.000,9999.000
202605031236,   3.388,9999.000,9999.000,9999.000,9999.000,9999.000,9999.000,9999.000,9999.000
202605031242,   3.191,9999.000,9999.000,9999.000,9999.000,9999.000,9999.000,9999.000,9999.000
202605031248,   2.995,9999.000,9999.000,9999.000,9999.000,9999.000,9999.000,9999.000,9999.000
202605031254,   2.801,9999.000,9999.000,9999.000,9999.000,9999.000,9999.000,9999.000,9999.000
202605031300,   2.608,9999.000,   0.200,  -0.778,   2.030,   0.200,   2.030,   0.300,   2.130
202605031306,   2.418,9999.000,9999.000,9999.000,9999.000,9999.000,9999.000,9999.000,9999.000
202605031312,   2.231,9999.000,9999.000,9999.000,9999.000,9999.000,9999.000,9999.000,9999.000
202605031318,   2.047,9999.000,9999.000,9999.000,9999.000,9999.000,9999.000,9999.000,9999.000
202605031324,   1.867,9999.000,9999.000,9999.000,9999.000,9999.000,9999.000,9999.000,9999.000
202605031330,   1.691,9999.000,9999.000,9999.000,9999.000,9999.000,9999.000,9999.000,9999.000
202605031336,   1.519,9999.000,9999.000,9999.000,9999.000,9999.000,9999.000,9999.000,9999.000
202605031342,   1.351,9999.000,9999.000,9999.000,9999.000,9999.000,9999.000,9999.000,9999.000
202605031348,   1.189,9999.000,9999.000,9999.000,9999.000,9999.000,9999.000,9999.000,9999.000
202605031354,   1.032,9999.000,9999.000,9999.000,9999.000,9999.000,9999.000,9999.000,9999.000
202605031400,   0.880,9999.000,   0.300,  -0.767,   0.413,   0.300,   0.413,   0.300,   0.413
202605031406,   0.734,9999.000,9999.000,9999.000,9999.000,9999.000,9999.000,9999.000,9999.000
202605031412,   0.595,9999.000,9999.000,9999.000,9999.000,9999.000,9999.000,9999.000,9999.000
202605031418,   0.461,9999.000,9999.000,9999.000,9999.000,9999.000,9999.000,9999.000,9999.000
202605031424,   0.334,9999.000,9999.000,9999.000,9999.000,9999.000,9999.000,9999.000,9999.000
202605031430,   0.214,9999.000,9999.000,9999.000,9999.000,9999.000,9999.000,9999.000,9999.000
202605031436,   0.100,9999.000,9999.000,9999.000,9999.000,9999.000,9999.000,9999.000,9999.000
202605031442,  -0.005,9999.000,9999.000,9999.000,9999.000,9999.000,9999.000,9999.000,9999.000
202605031448,  -0.104,9999.000,9999.000,9999.000,9999.000,9999.000,9999.000,9999.000,9999.000
202605031454,  -0.196,9999.000,9999.000,9999.000,9999.000,9999.000,9999.000,9999.000,9999.000
202605031500,  -0.280,9999.000,   0.400,  -0.756,  -0.636,   0.300,  -0.736,   0.400,  -0.636
202605031506,  -0.357,9999.000,9999.000,9999.000,9999.000,9999.000,9999.000,9999.000,9999.000
202605031512,  -0.426,9999.000,9999.000,9999.000,9999.000,9999.000,9999.000,9999.000,9999.000
202605031518,  -0.486,9999.000,9999.000,9999.000,9999.000,9999.000,9999.000,9999.000,9999.000
202605031524,  -0.539,9999.000,9999.000,9999.000,9999.000,9999.000,9999.000,9999.000,9999.000
202605031530,  -0.584,9999.000,9999.000,9999.000,9999.000,9999.000,9999.000,9999.000,9999.000
202605031536,  -0.620,9999.000,9999.000,9999.000,9999.000,9999.000,9999.000,9999.000,9999.000
202605031542,  -0.648,9999.000,9999.000,9999.000,9999.000,9999.000,9999.000,9999.000,9999.000
202605031548,  -0.667,9999.000,9999.000,9999.000,9999.000,9999.000,9999.000,9999.000,9999.000
202605031554,  -0.678,9999.000,9999.000,9999.000,9999.000,9999.000,9999.000,9999.000,9999.000
202605031600,  -0.680,9999.000,   0.300,  -0.745,  -1.125,   0.300,  -1.125,   0.400,  -1.025
202605031606,  -0.673,9999.000,9999.000,9999.000,9999.000,9999.000,9999.000,9999.000,9999.000
202605031612,  -0.658,9999.000,9999.000,9999.000,9999.000,9999.000,9999.000,9999.000,9999.000
202605031618,  -0.634,9999.000,9999.000,9999.000,9999.000,9999.000,9999.000,9999.000,9999.000
202605031624,  -0.601,9999.000,9999.000,9999.000,9999.000,9999.000,9999.000,9999.000,9999.000
202605031630,  -0.559,9999.000,9999.000,9999.000,9999.000,9999.000,9999.000,9999.000,9999.000
202605031636,  -0.509,9999.000,9999.000,9999.000,9999.000,9999.000,9999.000,9999.000,9999.000
202605031642,  -0.450,9999.000,9999.000,9999.000,9999.000,9999.000,9999.000,9999.000,9999.000
202605031648,  -0.383,9999.000,9999.000,9999.000,9999.000,9999.000,9999.000,9999.000,9999.000
202605031654,  -0.307,9999.000,9999.000,9999.000,9999.000,9999.000,9999.000,9999.000,9999.000
202605031700,  -0.223,9999.000,   0.300,  -0.734,  -0.657,   0.200,  -0.757,   0.300,  -0.657
202605031706,  -0.131,9999.000,9999.000,9999.000,9999.000,9999.000,9999.000,9999.000,9999.000
202605031712,  -0.032,9999.000,9999.000,9999.000,9999.000,9999.000,9999.000,9999.000,9999.000
202605031718,   0.074,9999.000,9999.000,9999.000,9999.000,9999.000,9999.000,9999.000,9999.000
202605031724,   0.188,9999.000,9999.000,9999.000,9999.000,9999.000,9999.000,9999.000,9999.000
202605031730,   0.310,9999.000,9999.000,9999.000,9999.000,9999.000,9999.000,9999.000,9999.000
202605031736,   0.437,9999.000,9999.000,9999.000,9999.000,9999.000,9999.000,9999.000,9999.000
202605031742,   0.571,9999.000,9999.000,9999.000,9999.000,9999.000,9999.000,9999.000,9999.000
202605031748,   0.711,9999.000,9999.000,9999.000,9999.000,9999.000,9999.000,9999.000,9999.000
202605031754,   0.857,9999.000,9999.000,9999.000,9999.000,9999.000,9999.000,9999.000,9999.000
202605031800,   1.007,9999.000,   0.300,  -0.723,   0.584,   0.300,   0.584,   0.300,   0.584
202605031806,   1.162,9999.000,9999.000,9999.000,9999.000,9999.000,9999.000,9999.000,9999.000
202605031812,   1.321,9999.000,9999.000,9999.000,9999.000,9999.000,9999.000,9999.000,9999.000
202605031818,   1.484,9999.000,9999.000,9999.000,9999.000,9999.000,9999.000,9999.000,9999.000
202605031824,   1.650,9999.000,9999.000,9999.000,9999.000,9999.000,9999.000,9999.000,9999.000
202605031830,   1.819,9999.000,9999.000,9999.000,9999.000,9999.000,9999.000,9999.000,9999.000
202605031836,   1.990,9999.000,9999.000,9999.000,9999.000,9999.000,9999.000,9999.000,9999.000
202605031842,   2.163,9999.000,9999.000,9999.000,9999.000,9999.000,9999.000,9999.000,9999.000
202605031848,   2.336,9999.000,9999.000,9999.000,9999.000,9999.000,9999.000,9999.000,9999.000
202605031854,   2.511,9999.000,9999.000,9999.000,9999.000,9999.000,9999.000,9999.000,9999.000
202605031900,   2.686,9999.000,   0.400,  -0.723,   2.363,   0.300,   2.263,   0.400,   2.363
202605031906,   2.861,9999.000,9999.000,9999.000,9999.000,9999.000,9999.000,9999.000,9999.000
202605031912,   3.034,9999.000,9999.000,9999.000,9999.000,9999.000,9999.000,9999.000,9999.000
202605031918,   3.207,9999.000,9999.000,9999.000,9999.000,9999.000,9999.000,9999.000,9999.000
202605031924,   3.378,9999.000,9999.000,9999.000,9999.000,9999.000,9999.000,9999.000,9999.000
202605031930,   3.547,9999.000,9999.000,9999.000,9999.000,9999.000,9999.000,9999.000,9999.000
202605031936,   3.713,9999.000,9999.000,9999.000,9999.000,9999.000,9999.000,9999.000,9999.000
202605031942,   3.876,9999.000,9999.000,9999.000,9999.000,9999.000,9999.000,9999.000,9999.000
202605031948,   4.036,9999.000,9999.000,9999.000,9999.000,9999.000,9999.000,9999.000,9999.000
202605031954,   4.192,9999.000,9999.000,9999.000,9999.000,9999.000,9999.000,9999.000,9999.000
202605032000,   4.344,9999.000,   0.300,  -0.723,   3.921,   0.300,   3.921,   0.400,   4.021
202605032006,   4.491,9999.000,9999.000,9999.000,9999.000,9999.000,9999.000,9999.000,9999.000
202605032012,   4.633,9999.000,9999.000,9999.000,9999.000,9999.000,9999.000,9999.000,9999.000
202605032018,   4.771,9999.000,9999.000,9999.000,9999.000,9999.000,9999.000,9999.000,9999.000
202605032024,   4.903,9999.000,9999.000,9999.000,9999.000,9999.000,9999.000,9999.000,9999.000
202605032030,   5.029,9999.000,9999.000,9999.000,9999.000,9999.000,9999.000,9999.000,9999.000
202605032036,   5.150,9999.000,9999.000,9999.000,9999.000,9999.000,9999.000,9999.000,9999.000
202605032042,   5.265,9999.000,9999.000,9999.000,9999.000,9999.000,9999.000,9999.000,9999.000
202605032048,   5.374,9999.000,9999.000,9999.000,9999.000,9999.000,9999.000,9999.000,9999.000
202605032054,   5.476,9999.000,9999.000,9999.000,9999.000,9999.000,9999.000,9999.000,9999.000
202605032100,   5.572,9999.000,   0.300,  -0.723,   5.149,   0.300,   5.149,   0.400,   5.249
202605032106,   5.662,9999.000,9999.000,9999.000,9999.000,9999.000,9999.000,9999.000,9999.000
202605032112,   5.745,9999.000,9999.000,9999.000,9999.000,9999.000,9999.000,9999.000,9999.000
202605032118,   5.822,9999.000,9999.000,9999.000,9999.000,9999.000,9999.000,9999.000,9999.000
202605032124,   5.893,9999.000,9999.000,9999.000,9999.000,9999.000,9999.000,9999.000,9999.000
202605032130,   5.957,9999.000,9999.000,9999.000,9999.000,9999.000,9999.000,9999.000,9999.000
202605032136,   6.014,9999.000,9999.000,9999.000,9999.000,9999.000,9999.000,9999.000,9999.000
202605032142,   6.065,9999.000,9999.000,9999.000,9999.000,9999.000,9999.000,9999.000,9999.000
202605032148,   6.110,9999.000,9999.000,9999.000,9999.000,9999.000,9999.000,9999.000,9999.000
202605032154,   6.149,9999.000,9999.000,9999.000,9999.000,9999.000,9999.000,9999.000,9999.000
202605032200,   6.181,9999.000,   0.400,  -0.723,   5.858,   0.300,   5.758,   0.400,   5.858
202605032206,   6.207,9999.000,9999.000,9999.000,9999.000,9999.000,9999.000,9999.000,9999.000
202605032212,   6.228,9999.000,9999.000,9999.000,9999.000,9999.000,9999.000,9999.000,9999.000
202605032218,   6.242,9999.000,9999.000,9999.000,9999.000,9999.000,9999.000,9999.000,9999.000
202605032224,   6.251,9999.000,9999.000,9999.000,9999.000,9999.000,9999.000,9999.000,9999.000
202605032230,   6.254,9999.000,9999.000,9999.000,9999.000,9999.000,9999.000,9999.000,9999.000
202605032236,   6.252,9999.000,9999.000,9999.000,9999.000,9999.000,9999.000,9999.000,9999.000
202605032242,   6.244,9999.000,9999.000,9999.000,9999.000,9999.000,9999.000,9999.000,9999.000
202605032248,   6.231,9999.000,9999.000,9999.000,9999.000,9999.000,9999.000,9999.000,9999.000
202605032254,   6.213,9999.000,9999.000,9999.000,9999.000,9999.000,9999.000,9999.000,9999.000
202605032300,   6.189,9999.000,   0.400,  -0.723,   5.866,   0.400,   5.866,   0.400,   5.866
202605032306,   6.161,9999.000,9999.000,9999.000,9999.000,9999.000,9999.000,9999.000,9999.000
202605032312,   6.129,9999.000,9999.000,9999.000,9999.000,9999.000,9999.000,9999.000,9999.000
202605032318,   6.091,9999.000,9999.000,9999.000,9999.000,9999.000,9999.000,9999.000,9999.000
202605032324,   6.050,9999.000,9999.000,9999.000,9999.000,9999.000,9999.000,9999.000,9999.000
202605032330,   6.004,9999.000,9999.000,9999.000,9999.000,9999.000,9999.000,9999.000,9999.000
202605032336,   5.954,9999.000,9999.000,9999.000,9999.000,9999.000,9999.000,9999.000,9999.000
202605032342,   5.901,9999.000,9999.000,9999.000,9999.000,9999.000,9999.000,9999.000,9999.000
202605032348,   5.844,9999.000,9999.000,9999.000,9999.000,9999.000,9999.000,9999.000,9999.000
202605032354,   5.783,9999.000,9999.000,9999.000,9999.000,9999.000,9999.000,9999.000,9999.000
202605040000,   5.720,9999.000,   0.400,  -0.723,   5.397,   0.400,   5.397,   0.400,   5.397
202605040006,   5.654,9999.000,9999.000,9999.000,9999.000,9999.000,9999.000,9999.000,9999.000
202605040012,   5.585,9999.000,9999.000,9999.000,9999.000,9999.000,9999.000,9999.000,9999.000
202605040018,   5.515,9999.000,9999.000,9999.000,9999.000,9999.000,9999.000,9999.000,9999.000
202605040024,   5.443,9999.000,9999.000,9999.000,9999.000,9999.000,9999.000,9999.000,9999.000
202605040030,   5.369,9999.000,9999.000,9999.000,9999.000,9999.000,9999.000,9999.000,9999.000
202605040036,   5.294,9999.000,9999.000,9999.000,9999.000,9999.000,9999.000,9999.000,9999.000
202605040042,   5.218,9999.000,9999.000,9999.000,9999.000,9999.000,9999.000,9999.000,9999.000
202605040048,   5.142,9999.000,9999.000,9999.000,9999.000,9999.000,9999.000,9999.000,9999.000
202605040054,   5.066,9999.000,9999.000,9999.000,9999.000,9999.000,9999.000,9999.000,9999.000
202605040100,   4.990,9999.000,   0.400,  -0.723,   4.667,   0.400,   4.667,   0.400,   4.667
202605040106,   4.915,9999.000,9999.000,9999.000,9999.000,9999.000,9999.000,9999.000,9999.000
202605040112,   4.841,9999.000,9999.000,9999.000,9999.000,9999.000,9999.000,9999.000,9999.000
202605040118,   4.769,9999.000,9999.000,9999.000,9999.000,9999.000,9999.000,9999.000,9999.000
202605040124,   4.698,9999.000,9999.000,9999.000,9999.000,9999.000,9999.000,9999.000,9999.000
202605040130,   4.630,9999.000,9999.000,9999.000,9999.000,9999.000,9999.000,9999.000,9999.000
202605040136,   4.564,9999.000,9999.000,9999.000,9999.000,9999.000,9999.000,9999.000,9999.000
202605040142,   4.500,9999.000,9999.000,9999.000,9999.000,9999.000,9999.000,9999.000,9999.000
202605040148,   4.440,9999.000,9999.000,9999.000,9999.000,9999.000,9999.000,9999.000,9999.000
202605040154,   4.383,9999.000,9999.000,9999.000,9999.000,9999.000,9999.000,9999.000,9999.000
202605040200,   4.329,9999.000,   0.500,  -0.723,   4.106,   0.400,   4.006,   0.500,   4.106
202605040206,   4.279,9999.000,9999.000,9999.000,9999.000,9999.000,9999.000,9999.000,9999.000
202605040212,   4.233,9999.000,9999.000,9999.000,9999.000,9999.000,9999.000,9999.000,9999.000
202605040218,   4.191,9999.000,9999.000,9999.000,9999.000,9999.000,9999.000,9999.000,9999.000
202605040224,   4.154,9999.000,9999.000,9999.000,9999.000,9999.000,9999.000,9999.000,9999.000
202605040230,   4.120,9999.000,9999.000,9999.000,9999.000,9999.000,9999.000,9999.000,9999.000
202605040236,   4.091,9999.000,9999.000,9999.000,9999.000,9999.000,9999.000,9999.000,9999.000
202605040242,   4.066,9999.000,9999.000,9999.000,9999.000,9999.000,9999.000,9999.000,9999.000
202605040248,   4.046,9999.000,9999.000,9999.000,9999.000,9999.000,9999.000,9999.000,9999.000
202605040254,   4.031,9999.000,9999.000,9999.000,9999.000,9999.000,9999.000,9999.000,9999.000
202605040300,   4.020,9999.000,   0.500,  -0.723,   3.797,   0.400,   3.697,   0.500,   3.797
202605040306,   4.014,9999.000,9999.000,9999.000,9999.000,9999.000,9999.000,9999.000,9999.000
202605040312,   4.013,9999.000,9999.000,9999.000,9999.000,9999.000,9999.000,9999.000,9999.000
202605040318,   4.016,9999.000,9999.000,9999.000,9999.000,9999.000,9999.000,9999.000,9999.000
202605040324,   4.024,9999.000,9999.000,9999.000,9999.000,9999.000,9999.000,9999.000,9999.000
202605040330,   4.036,9999.000,9999.000,9999.000,9999.000,9999.000,9999.000,9999.000,9999.000
202605040336,   4.054,9999.000,9999.000,9999.000,9999.000,9999.000,9999.000,9999.000,9999.000
202605040342,   4.075,9999.000,9999.000,9999.000,9999.000,9999.000,9999.000,9999.000,9999.000
202605040348,   4.102,9999.000,9999.000,9999.000,9999.000,9999.000,9999.000,9999.000,9999.000
202605040354,   4.133,9999.000,9999.000,9999.000,9999.000,9999.000,9999.000,9999.000,9999.000
202605040400,   4.169,9999.000,   0.400,  -0.723,   3.846,   0.400,   3.846,   0.400,   3.846
202605040406,   4.209,9999.000,9999.000,9999.000,9999.000,9999.000,9999.000,9999.000,9999.000
202605040412,   4.254,9999.000,9999.000,9999.000,9999.000,9999.000,9999.000,9999.000,9999.000
202605040418,   4.303,9999.000,9999.000,9999.000,9999.000,9999.000,9999.000,9999.000,9999.000
202605040424,   4.357,9999.000,9999.000,9999.000,9999.000,9999.000,9999.000,9999.000,9999.000
202605040430,   4.415,9999.000,9999.000,9999.000,9999.000,9999.000,9999.000,9999.000,9999.000
202605040436,   4.478,9999.000,9999.000,9999.000,9999.000,9999.000,9999.000,9999.000,9999.000
202605040442,   4.545,9999.000,9999.000,9999.000,9999.000,9999.000,9999.000,9999.000,9999.000
202605040448,   4.616,9999.000,9999.000,9999.000,9999.000,9999.000,9999.000,9999.000,9999.000
202605040454,   4.691,9999.000,9999.000,9999.000,9999.000,9999.000,9999.000,9999.000,9999.000
202605040500,   4.770,9999.000,   0.400,  -0.723,   4.447,   0.400,   4.447,   0.500,   4.547
202605040506,   4.853,9999.000,9999.000,9999.000,9999.000,9999.000,9999.000,9999.000,9999.000
202605040512,   4.940,9999.000,9999.000,9999.000,9999.000,9999.000,9999.000,9999.000,9999.000
202605040518,   5.030,9999.000,9999.000,9999.000,9999.000,9999.000,9999.000,9999.000,9999.000
202605040524,   5.124,9999.000,9999.000,9999.000,9999.000,9999.000,9999.000,9999.000,9999.000
202605040530,   5.221,9999.000,9999.000,9999.000,9999.000,9999.000,9999.000,9999.000,9999.000
202605040536,   5.321,9999.000,9999.000,9999.000,9999.000,9999.000,9999.000,9999.000,9999.000
202605040542,   5.424,9999.000,9999.000,9999.000,9999.000,9999.000,9999.000,9999.000,9999.000
202605040548,   5.529,9999.000,9999.000,9999.000,9999.000,9999.000,9999.000,9999.000,9999.000
202605040554,   5.637,9999.000,9999.000,9999.000,9999.000,9999.000,9999.000,9999.000,9999.000
202605040600,   5.747,9999.000,   0.500,  -0.723,   5.524,   0.400,   5.424,   0.500,   5.524
202605040606,   5.858,9999.000,9999.000,9999.000,9999.000,9999.000,9999.000,9999.000,9999.000
202605040612,   5.970,9999.000,9999.000,9999.000,9999.000,9999.000,9999.000,9999.000,9999.000
202605040618,   6.084,9999.000,9999.000,9999.000,9999.000,9999.000,9999.000,9999.000,9999.000
202605040624,   6.198,9999.000,9999.000,9999.000,9999.000,9999.000,9999.000,9999.000,9999.000
202605040630,   6.312,9999.000,9999.000,9999.000,9999.000,9999.000,9999.000,9999.000,9999.000
202605040636,   6.426,9999.000,9999.000,9999.000,9999.000,9999.000,9999.000,9999.000,9999.000
202605040642,   6.540,9999.000,9999.000,9999.000,9999.000,9999.000,9999.000,9999.000,9999.000
202605040648,   6.653,9999.000,9999.000,9999.000,9999.000,9999.000,9999.000,9999.000,9999.000
202605040654,   6.765,9999.000,9999.000,9999.000,9999.000,9999.000,9999.000,9999.000,9999.000
202605040700,   6.875,9999.000,   0.500,  -0.723,   6.652,   0.400,   6.552,   0.500,   6.652
202605040706,   6.983,9999.000,9999.000,9999.000,9999.000,9999.000,9999.000,9999.000,9999.000
202605040712,   7.089,9999.000,9999.000,9999.000,9999.000,9999.000,9999.000,9999.000,9999.000
202605040718,   7.192,9999.000,9999.000,9999.000,9999.000,9999.000,9999.000,9999.000,9999.000
202605040724,   7.291,9999.000,9999.000,9999.000,9999.000,9999.000,9999.000,9999.000,9999.000
202605040730,   7.388,9999.000,9999.000,9999.000,9999.000,9999.000,9999.000,9999.000,9999.000
202605040736,   7.480,9999.000,9999.000,9999.000,9999.000,9999.000,9999.000,9999.000,9999.000
202605040742,   7.568,9999.000,9999.000,9999.000,9999.000,9999.000,9999.000,9999.000,9999.000
202605040748,   7.652,9999.000,9999.000,9999.000,9999.000,9999.000,9999.000,9999.000,9999.000
202605040754,   7.730,9999.000,9999.000,9999.000,9999.000,9999.000,9999.000,9999.000,9999.000
202605040800,   7.804,9999.000,   0.500,  -0.723,   7.581,   0.400,   7.481,   0.500,   7.581
202605040806,   7.872,9999.000,9999.000,9999.000,9999.000,9999.000,9999.000,9999.000,9999.000
202605040812,   7.935,9999.000,9999.000,9999.000,9999.000,9999.000,9999.000,9999.000,9999.000
202605040818,   7.991,9999.000,9999.000,9999.000,9999.000,9999.000,9999.000,9999.000,9999.000
202605040824,   8.041,9999.000,9999.000,9999.000,9999.000,9999.000,9999.000,9999.000,9999.000
202605040830,   8.085,9999.000,9999.000,9999.000,9999.000,9999.000,9999.000,9999.000,9999.000
202605040836,   8.123,9999.000,9999.000,9999.000,9999.000,9999.000,9999.000,9999.000,9999.000
202605040842,   8.153,9999.000,9999.000,9999.000,9999.000,9999.000,9999.000,9999.000,9999.000
202605040848,   8.177,9999.000,9999.000,9999.000,9999.000,9999.000,9999.000,9999.000,9999.000
202605040854,   8.194,9999.000,9999.000,9999.000,9999.000,9999.000,9999.000,9999.000,9999.000
202605040900,   8.204,9999.000,   0.400,  -0.723,   7.881,   0.400,   7.881,   0.400,   7.881
202605040906,   8.207,9999.000,9999.000,9999.000,9999.000,9999.000,9999.000,9999.000,9999.000
202605040912,   8.202,9999.000,9999.000,9999.000,9999.000,9999.000,9999.000,9999.000,9999.000
202605040918,   8.191,9999.000,9999.000,9999.000,9999.000,9999.000,9999.000,9999.000,9999.000
202605040924,   8.173,9999.000,9999.000,9999.000,9999.000,9999.000,9999.000,9999.000,9999.000
202605040930,   8.147,9999.000,9999.000,9999.000,9999.000,9999.000,9999.000,9999.000,9999.000
202605040936,   8.114,9999.000,9999.000,9999.000,9999.000,9999.000,9999.000,9999.000,9999.000
202605040942,   8.075,9999.000,9999.000,9999.000,9999.000,9999.000,9999.000,9999.000,9999.000
202605040948,   8.028,9999.000,9999.000,9999.000,9999.000,9999.000,9999.000,9999.000,9999.000
202605040954,   7.975,9999.000,9999.000,9999.000,9999.000,9999.000,9999.000,9999.000,9999.000
202605041000,   7.915,9999.000,   0.500,  -0.723,   7.692,   0.400,   7.592,   0.600,   7.792
202605041006,   7.849,9999.000,9999.000,9999.000,9999.000,9999.000,9999.000,9999.000,9999.000
202605041012,   7.776,9999.000,9999.000,9999.000,9999.000,9999.000,9999.000,9999.000,9999.000
202605041018,   7.697,9999.000,9999.000,9999.000,9999.000,9999.000,9999.000,9999.000,9999.000
202605041024,   7.611,9999.000,9999.000,9999.000,9999.000,9999.000,9999.000,9999.000,9999.000
202605041030,   7.519,9999.000,9999.000,9999.000,9999.000,9999.000,9999.000,9999.000,9999.000
202605041036,   7.422,9999.000,9999.000,9999.000,9999.000,9999.000,9999.000,9999.000,9999.000
202605041042,   7.318,9999.000,9999.000,9999.000,9999.000,9999.000,9999.000,9999.000,9999.000
202605041048,   7.209,9999.000,9999.000,9999.000,9999.000,9999.000,9999.000,9999.000,9999.000
202605041054,   7.095,9999.000,9999.000,9999.000,9999.000,9999.000,9999.000,9999.000,9999.000
202605041100,   6.975,9999.000,   0.500,  -0.723,   6.752,   0.500,   6.752,   0.600,   6.852
202605041106,   6.849,9999.000,9999.000,9999.000,9999.000,9999.000,9999.000,9999.000,9999.000
202605041112,   6.719,9999.000,9999.000,9999.000,9999.000,9999.000,9999.000,9999.000,9999.000
202605041118,   6.583,9999.000,9999.000,9999.000,9999.000,9999.000,9999.000,9999.000,9999.000
202605041124,   6.443,9999.000,9999.000,9999.000,9999.000,9999.000,9999.000,9999.000,9999.000
202605041130,   6.298,9999.000,9999.000,9999.000,9999.000,9999.000,9999.000,9999.000,9999.000
202605041136,   6.148,9999.000,9999.000,9999.000,9999.000,9999.000,9999.000,9999.000,9999.000
202605041142,   5.994,9999.000,9999.000,9999.000,9999.000,9999.000,9999.000,9999.000,9999.000
202605041148,   5.836,9999.000,9999.000,9999.000,9999.000,9999.000,9999.000,9999.000,9999.000
202605041154,   5.673,9999.000,9999.000,9999.000,9999.000,9999.000,9999.000,9999.000,9999.000
202605041200,   5.507,9999.000,   0.500,  -0.723,   5.284,   0.400,   5.184,   0.600,   5.384
202605041206,   5.338,9999.000,9999.000,9999.000,9999.000,9999.000,9999.000,9999.000,9999.000
202605041212,   5.164,9999.000,9999.000,9999.000,9999.000,9999.000,9999.000,9999.000,9999.000
202605041218,   4.988,9999.000,9999.000,9999.000,9999.000,9999.000,9999.000,9999.000,9999.000
202605041224,   4.809,9999.000,9999.000,9999.000,9999.000,9999.000,9999.000,9999.000,9999.000
202605041230,   4.628,9999.000,9999.000,9999.000,9999.000,9999.000,9999.000,9999.000,9999.000
202605041236,   4.444,9999.000,9999.000,9999.000,9999.000,9999.000,9999.000,9999.000,9999.000
202605041242,   4.258,9999.000,9999.000,9999.000,9999.000,9999.000,9999.000,9999.000,9999.000
202605041248,   4.071,9999.000,9999.000,9999.000,9999.000,9999.000,9999.000,9999.000,9999.000
202605041254,   3.883,9999.000,9999.000,9999.000,9999.000,9999.000,9999.000,9999.000,9999.000
202605041300,   3.694,9999.000,   0.400,  -0.723,   3.371,   0.400,   3.371,   0.500,   3.471
202605041306,   3.505,9999.000,9999.000,9999.000,9999.000,9999.000,9999.000,9999.000,9999.000
202605041312,   3.315,9999.000,9999.000,9999.000,9999.000,9999.000,9999.000,9999.000,9999.000
202605041318,   3.127,9999.000,9999.000,9999.000,9999.000,9999.000,9999.000,9999.000,9999.000
202605041324,   2.939,9999.000,9999.000,9999.000,9999.000,9999.000,9999.000,9999.000,9999.000
202605041330,   2.752,9999.000,9999.000,9999.000,9999.000,9999.000,9999.000,9999.000,9999.000
202605041336,   2.568,9999.000,9999.000,9999.000,9999.000,9999.000,9999.000,9999.000,9999.000
202605041342,   2.386,9999.000,9999.000,9999.000,9999.000,9999.000,9999.000,9999.000,9999.000
202605041348,   2.206,9999.000,9999.000,9999.000,9999.000,9999.000,9999.000,9999.000,9999.000
202605041354,   2.029,9999.000,9999.000,9999.000,9999.000,9999.000,9999.000,9999.000,9999.000
202605041400,   1.856,9999.000,   0.500,  -0.723,   1.633,   0.500,   1.633,   0.500,   1.633
202605041406,   1.687,9999.000,9999.000,9999.000,9999.000,9999.000,9999.000,9999.000,9999.000
202605041412,   1.522,9999.000,9999.000,9999.000,9999.000,9999.000,9999.000,9999.000,9999.000
202605041418,   1.362,9999.000,9999.000,9999.000,9999.000,9999.000,9999.000,9999.000,9999.000
202605041424,   1.206,9999.000,9999.000,9999.000,9999.000,9999.000,9999.000,9999.000,9999.000
202605041430,   1.056,9999.000,9999.000,9999.000,9999.000,9999.000,9999.000,9999.000,9999.000
202605041436,   0.911,9999.000,9999.000,9999.000,9999.000,9999.000,9999.000,9999.000,9999.000
202605041442,   0.772,9999.000,9999.000,9999.000,9999.000,9999.000,9999.000,9999.000,9999.000
202605041448,   0.639,9999.000,9999.000,9999.000,9999.000,9999.000,9999.000,9999.000,9999.000
202605041454,   0.513,9999.000,9999.000,9999.000,9999.000,9999.000,9999.000,9999.000,9999.000
202605041500,   0.393,9999.000,   0.600,  -0.723,   0.270,   0.500,   0.170,   0.600,   0.270
202605041506,   0.279,9999.000,9999.000,9999.000,9999.000,9999.000,9999.000,9999.000,9999.000
202605041512,   0.172,9999.000,9999.000,9999.000,9999.000,9999.000,9999.000,9999.000,9999.000
202605041518,   0.072,9999.000,9999.000,9999.000,9999.000,9999.000,9999.000,9999.000,9999.000
202605041524,  -0.019,9999.000,9999.000,9999.000,9999.000,9999.000,9999.000,9999.000,9999.000
202605041530,  -0.105,9999.000,9999.000,9999.000,9999.000,9999.000,9999.000,9999.000,9999.000
202605041536,  -0.183,9999.000,9999.000,9999.000,9999.000,9999.000,9999.000,9999.000,9999.000
202605041542,  -0.254,9999.000,9999.000,9999.000,9999.000,9999.000,9999.000,9999.000,9999.000
202605041548,  -0.318,9999.000,9999.000,9999.000,9999.000,9999.000,9999.000,9999.000,9999.000
202605041554,  -0.374,9999.000,9999.000,9999.000,9999.000,9999.000,9999.000,9999.000,9999.000
202605041600,  -0.422,9999.000,   0.500,  -0.723,  -0.645,   0.400,  -0.745,   0.500,  -0.645
202605041606,  -0.463,9999.000,9999.000,9999.000,9999.000,9999.000,9999.000,9999.000,9999.000
202605041612,  -0.495,9999.000,9999.000,9999.000,9999.000,9999.000,9999.000,9999.000,9999.000
202605041618,  -0.520,9999.000,9999.000,9999.000,9999.000,9999.000,9999.000,9999.000,9999.000
202605041624,  -0.538,9999.000,9999.000,9999.000,9999.000,9999.000,9999.000,9999.000,9999.000
202605041630,  -0.547,9999.000,9999.000,9999.000,9999.000,9999.000,9999.000,9999.000,9999.000
202605041636,  -0.548,9999.000,9999.000,9999.000,9999.000,9999.000,9999.000,9999.000,9999.000
202605041642,  -0.541,9999.000,9999.000,9999.000,9999.000,9999.000,9999.000,9999.000,9999.000
202605041648,  -0.527,9999.000,9999.000,9999.000,9999.000,9999.000,9999.000,9999.000,9999.000
202605041654,  -0.504,9999.000,9999.000,9999.000,9999.000,9999.000,9999.000,9999.000,9999.000
202605041700,  -0.473,9999.000,   0.500,  -0.723,  -0.696,   0.400,  -0.796,   0.500,  -0.696
202605041706,  -0.435,9999.000,9999.000,9999.000,9999.000,9999.000,9999.000,9999.000,9999.000
202605041712,  -0.388,9999.000,9999.000,9999.000,9999.000,9999.000,9999.000,9999.000,9999.000
202605041718,  -0.334,9999.000,9999.000,9999.000,9999.000,9999.000,9999.000,9999.000,9999.000
202605041724,  -0.272,9999.000,9999.000,9999.000,9999.000,9999.000,9999.000,9999.000,9999.000
202605041730,  -0.202,9999.000,9999.000,9999.000,9999.000,9999.000,9999.000,9999.000,9999.000
202605041736,  -0.124,9999.000,9999.000,9999.000,9999.000,9999.000,9999.000,9999.000,9999.000
202605041742,  -0.040,9999.000,9999.000,9999.000,9999.000,9999.000,9999.000,9999.000,9999.000
202605041748,   0.051,9999.000,9999.000,9999.000,9999.000,9999.000,9999.000,9999.000,9999.000
202605041754,   0.150,9999.000,9999.000,9999.000,9999.000,9999.000,9999.000,9999.000,9999.000
202605041800,   0.256,9999.000,   0.500,  -0.723,   0.033,   0.400,  -0.067,   0.500,   0.033
202605041806,   0.368,9999.000,9999.000,9999.000,9999.000,9999.000,9999.000,9999.000,9999.000
202605041812,   0.487,9999.000,9999.000,9999.000,9999.000,9999.000,9999.000,9999.000,9999.000
202605041818,   0.612,9999.000,9999.000,9999.000,9999.000,9999.000,9999.000,9999.000,9999.000
202605041824,   0.742,9999.000,9999.000,9999.000,9999.000,9999.000,9999.000,9999.000,9999.000
202605041830,   0.877,9999.000,9999.000,9999.000,9999.000,9999.000,9999.000,9999.000,9999.000
202605041836,   1.017,9999.000,9999.000,9999.000,9999.000,9999.000,9999.000,9999.000,9999.000
202605041842,   1.162,9999.000,9999.000,9999.000,9999.000,9999.000,9999.000,9999.000,9999.000
202605041848,   1.311,9999.000,9999.000,9999.000,9999.000,9999.000,9999.000,9999.000,9999.000
202605041854,   1.464,9999.000,9999.000,9999.000,9999.000,9999.000,9999.000,9999.000,9999.000
202605041900,   1.619,9999.000,   0.500,  -0.723,   1.396,   0.500,   1.396,   0.500,   1.396
202605041906,   1.778,9999.000,9999.000,9999.000,9999.000,9999.000,9999.000,9999.000,9999.000
202605041912,   1.938,9999.000,9999.000,9999.000,9999.000,9999.000,9999.000,9999.000,9999.000
202605041918,   2.101,9999.000,9999.000,9999.000,9999.000,9999.000,9999.000,9999.000,9999.000
202605041924,   2.265,9999.000,9999.000,9999.000,9999.000,9999.000,9999.000,9999.000,9999.000
202605041930,   2.430,9999.000,9999.000,9999.000,9999.000,9999.000,9999.000,9999.000,9999.000
202605041936,   2.595,9999.000,9999.000,9999.000,9999.000,9999.000,9999.000,9999.000,9999.000
202605041942,   2.760,9999.000,9999.000,9999.000,9999.000,9999.000,9999.000,9999.000,9999.000
202605041948,   2.925,9999.000,9999.000,9999.000,9999.000,9999.000,9999.000,9999.000,9999.000
202605041954,   3.088,9999.000,9999.000,9999.000,9999.000,9999.000,9999.000,9999.000,9999.000
202605042000,   3.250,9999.000,   0.500,  -0.723,   3.027,   0.400,   2.927,   0.500,   3.027
202605042006,   3.411,9999.000,9999.000,9999.000,9999.000,9999.000,9999.000,9999.000,9999.000
202605042012,   3.569,9999.000,9999.000,9999.000,9999.000,9999.000,9999.000,9999.000,9999.000
202605042018,   3.724,9999.000,9999.000,9999.000,9999.000,9999.000,9999.000,9999.000,9999.000
202605042024,   3.876,9999.000,9999.000,9999.000,9999.000,9999.000,9999.000,9999.000,9999.000
202605042030,   4.025,9999.000,9999.000,9999.000,9999.000,9999.000,9999.000,9999.000,9999.000
202605042036,   4.170,9999.000,9999.000,9999.000,9999.000,9999.000,9999.000,9999.000,9999.000
202605042042,   4.311,9999.000,9999.000,9999.000,9999.000,9999.000,9999.000,9999.000,9999.000
202605042048,   4.447,9999.000,9999.000,9999.000,9999.000,9999.000,9999.000,9999.000,9999.000
202605042054,   4.579,9999.000,9999.000,9999.000,9999.000,9999.000,9999.000,9999.000,9999.000
202605042100,   4.706,9999.000,   0.500,  -0.723,   4.483,   0.400,   4.383,   0.500,   4.483
202605042106,   4.827,9999.000,9999.000,9999.000,9999.000,9999.000,9999.000,9999.000,9999.000
202605042112,   4.944,9999.000,9999.000,9999.000,9999.000,9999.000,9999.000,9999.000,9999.000
202605042118,   5.054,9999.000,9999.000,9999.000,9999.000,9999.000,9999.000,9999.000,9999.000
202605042124,   5.160,9999.000,9999.000,9999.000,9999.000,9999.000,9999.000,9999.000,9999.000
202605042130,   5.259,9999.000,9999.000,9999.000,9999.000,9999.000,9999.000,9999.000,9999.000
202605042136,   5.352,9999.000,9999.000,9999.000,9999.000,9999.000,9999.000,9999.000,9999.000
202605042142,   5.440,9999.000,9999.000,9999.000,9999.000,9999.000,9999.000,9999.000,9999.000
202605042148,   5.522,9999.000,9999.000,9999.000,9999.000,9999.000,9999.000,9999.000,9999.000
202605042154,   5.598,9999.000,9999.000,9999.000,9999.000,9999.000,9999.000,9999.000,9999.000
202605042200,   5.667,9999.000,   0.500,  -0.723,   5.444,   0.500,   5.444,   0.500,   5.444
202605042206,   5.731,9999.000,9999.000,9999.000,9999.000,9999.000,9999.000,9999.000,9999.000
202605042212,   5.789,9999.000,9999.000,9999.000,9999.000,9999.000,9999.000,9999.000,9999.000
202605042218,   5.841,9999.000,9999.000,9999.000,9999.000,9999.000,9999.000,9999.000,9999.000
202605042224,   5.888,9999.000,9999.000,9999.000,9999.000,9999.000,9999.000,9999.000,9999.000
202605042230,   5.929,9999.000,9999.000,9999.000,9999.000,9999.000,9999.000,9999.000,9999.000
202605042236,   5.964,9999.000,9999.000,9999.000,9999.000,9999.000,9999.000,9999.000,9999.000
202605042242,   5.993,9999.000,9999.000,9999.000,9999.000,9999.000,9999.000,9999.000,9999.000
202605042248,   6.018,9999.000,9999.000,9999.000,9999.000,9999.000,9999.000,9999.000,9999.000
202605042254,   6.037,9999.000,9999.000,9999.000,9999.000,9999.000,9999.000,9999.000,9999.000
202605042300,   6.051,9999.000,   0.500,  -0.723,   5.828,   0.500,   5.828,   0.500,   5.828
202605042306,   6.059,9999.000,9999.000,9999.000,9999.000,9999.000,9999.000,9999.000,9999.000
202605042312,   6.063,9999.000,9999.000,9999.000,9999.000,9999.000,9999.000,9999.000,9999.000
202605042318,   6.062,9999.000,9999.000,9999.000,9999.000,9999.000,9999.000,9999.000,9999.000
202605042324,   6.056,9999.000,9999.000,9999.000,9999.000,9999.000,9999.000,9999.000,9999.000
202605042330,   6.046,9999.000,9999.000,9999.000,9999.000,9999.000,9999.000,9999.000,9999.000
202605042336,   6.031,9999.000,9999.000,9999.000,9999.000,9999.000,9999.000,9999.000,9999.000
202605042342,   6.012,9999.000,9999.000,9999.000,9999.000,9999.000,9999.000,9999.000,9999.000
202605042348,   5.989,9999.000,9999.000,9999.000,9999.000,9999.000,9999.000,9999.000,9999.000
202605042354,   5.961,9999.000,9999.000,9999.000,9999.000,9999.000,9999.000,9999.000,9999.000
202605050000,   5.930,9999.000,   0.500,  -0.723,   5.707,   0.500,   5.707,   0.500,   5.707
202605050006,   5.895,9999.000,9999.000,9999.000,9999.000,9999.000,9999.000,9999.000,9999.000
202605050012,   5.856,9999.000,9999.000,9999.000,9999.000,9999.000,9999.000,9999.000,9999.000
202605050018,   5.813,9999.000,9999.000,9999.000,9999.000,9999.000,9999.000,9999.000,9999.000
202605050024,   5.768,9999.000,9999.000,9999.000,9999.000,9999.000,9999.000,9999.000,9999.000
202605050030,   5.719,9999.000,9999.000,9999.000,9999.000,9999.000,9999.000,9999.000,9999.000
202605050036,   5.667,9999.000,9999.000,9999.000,9999.000,9999.000,9999.000,9999.000,9999.000
202605050042,   5.613,9999.000,9999.000,9999.000,9999.000,9999.000,9999.000,9999.000,9999.000
202605050048,   5.556,9999.000,9999.000,9999.000,9999.000,9999.000,9999.000,9999.000,9999.000
202605050054,   5.497,9999.000,9999.000,9999.000,9999.000,9999.000,9999.000,9999.000,9999.000
202605050100,   5.436,9999.000,   0.500,  -0.723,   5.213,   0.400,   5.113,   0.500,   5.213
202605050106,   5.374,9999.000,9999.000,9999.000,9999.000,9999.000,9999.000,9999.000,9999.000
202605050112,   5.310,9999.000,9999.000,9999.000,9999.000,9999.000,9999.000,9999.000,9999.000
202605050118,   5.246,9999.000,9999.000,9999.000,9999.000,9999.000,9999.000,9999.000,9999.000
202605050124,   5.180,9999.000,9999.000,9999.000,9999.000,9999.000,9999.000,9999.000,9999.000
202605050130,   5.115,9999.000,9999.000,9999.000,9999.000,9999.000,9999.000,9999.000,9999.000
202605050136,   5.050,9999.000,9999.000,9999.000,9999.000,9999.000,9999.000,9999.000,9999.000
202605050142,   4.985,9999.000,9999.000,9999.000,9999.000,9999.000,9999.000,9999.000,9999.000
202605050148,   4.921,9999.000,9999.000,9999.000,9999.000,9999.000,9999.000,9999.000,9999.000
202605050154,   4.858,9999.000,9999.000,9999.000,9999.000,9999.000,9999.000,9999.000,9999.000
202605050200,   4.796,9999.000,   0.500,  -0.723,   4.573,   0.500,   4.573,   0.500,   4.573
202605050206,   4.737,9999.000,9999.000,9999.000,9999.000,9999.000,9999.000,9999.000,9999.000
202605050212,   4.680,9999.000,9999.000,9999.000,9999.000,9999.000,9999.000,9999.000,9999.000
202605050218,   4.625,9999.000,9999.000,9999.000,9999.000,9999.000,9999.000,9999.000,9999.000
202605050224,   4.573,9999.000,9999.000,9999.000,9999.000,9999.000,9999.000,9999.000,9999.000
202605050230,   4.524,9999.000,9999.000,9999.000,9999.000,9999.000,9999.000,9999.000,9999.000
202605050236,   4.478,9999.000,9999.000,9999.000,9999.000,9999.000,9999.000,9999.000,9999.000
202605050242,   4.436,9999.000,9999.000,9999.000,9999.000,9999.000,9999.000,9999.000,9999.000
202605050248,   4.398,9999.000,9999.000,9999.000,9999.000,9999.000,9999.000,9999.000,9999.000
202605050254,   4.363,9999.000,9999.000,9999.000,9999.000,9999.000,9999.000,9999.000,9999.000
202605050300,   4.333,9999.000,   0.500,  -0.723,   4.110,   0.500,   4.110,   0.600,   4.210
202605050306,   4.306,9999.000,9999.000,9999.000,9999.000,9999.000,9999.000,9999.000,9999.000
202605050312,   4.284,9999.000,9999.000,9999.000,9999.000,9999.000,9999.000,9999.000,9999.000
202605050318,   4.267,9999.000,9999.000,9999.000,9999.000,9999.000,9999.000,9999.000,9999.000
202605050324,   4.253,9999.000,9999.000,9999.000,9999.000,9999.000,9999.000,9999.000,9999.000
202605050330,   4.245,9999.000,9999.000,9999.000,9999.000,9999.000,9999.000,9999.000,9999.000
202605050336,   4.240,9999.000,9999.000,9999.000,9999.000,9999.000,9999.000,9999.000,9999.000
202605050342,   4.240,9999.000,9999.000,9999.000,9999.000,9999.000,9999.000,9999.000,9999.000
202605050348,   4.244,9999.000,9999.000,9999.000,9999.000,9999.000,9999.000,9999.000,9999.000
202605050354,   4.253,9999.000,9999.000,9999.000,9999.000,9999.000,9999.000,9999.000,9999.000
202605050400,   4.266,9999.000,   0.500,  -0.723,   4.043,   0.400,   3.943,   0.500,   4.043
202605050406,   4.283,9999.000,9999.000,9999.000,9999.000,9999.000,9999.000,9999.000,9999.000
202605050412,   4.305,9999.000,9999.000,9999.000,9999.000,9999.000,9999.000,9999.000,9999.000
202605050418,   4.330,9999.000,9999.000,9999.000,9999.000,9999.000,9999.000,9999.000,9999.000
202605050424,   4.360,9999.000,9999.000,9999.000,9999.000,9999.000,9999.000,9999.000,9999.000
202605050430,   4.394,9999.000,9999.000,9999.000,9999.000,9999.000,9999.000,9999.000,9999.000
202605050436,   4.431,9999.000,9999.000,9999.000,9999.000,9999.000,9999.000,9999.000,9999.000
202605050442,   4.473,9999.000,9999.000,9999.000,9999.000,9999.000,9999.000,9999.000,9999.000
202605050448,   4.518,9999.000,9999.000,9999.000,9999.000,9999.000,9999.000,9999.000,9999.000
202605050454,   4.567,9999.000,9999.000,9999.000,9999.000,9999.000,9999.000,9999.000,9999.000
202605050500,   4.620,9999.000,   0.500,  -0.723,   4.397,   0.400,   4.297,   0.500,   4.397
202605050506,   4.676,9999.000,9999.000,9999.000,9999.000,9999.000,9999.000,9999.000,9999.000
202605050512,   4.736,9999.000,9999.000,9999.000,9999.000,9999.000,9999.000,9999.000,9999.000
202605050518,   4.799,9999.000,9999.000,9999.000,9999.000,9999.000,9999.000,9999.000,9999.000
202605050524,   4.866,9999.000,9999.000,9999.000,9999.000,9999.000,9999.000,9999.000,9999.000
202605050530,   4.935,9999.000,9999.000,9999.000,9999.000,9999.000,9999.000,9999.000,9999.000
202605050536,   5.009,9999.000,9999.000,9999.000,9999.000,9999.000,9999.000,9999.000,9999.000
202605050542,   5.085,9999.000,9999.000,9999.000,9999.000,9999.000,9999.000,9999.000,9999.000
202605050548,   5.164,9999.000,9999.000,9999.000,9999.000,9999.000,9999.000,9999.000,9999.000
202605050554,   5.246,9999.000,9999.000,9999.000,9999.000,9999.000,9999.000,9999.000,9999.000
202605050600,   5.331,9999.000,   0.500,  -0.723,   5.108,   0.400,   5.008,   0.500,   5.108
202605050606,   5.418,9999.000,9999.000,9999.000,9999.000,9999.000,9999.000,9999.000,9999.000
202605050612,   5.508,9999.000,9999.000,9999.000,9999.000,9999.000,9999.000,9999.000,9999.000
202605050618,   5.600,9999.000,9999.000,9999.000,9999.000,9999.000,9999.000,9999.000,9999.000
202605050624,   5.694,9999.000,9999.000,9999.000,9999.000,9999.000,9999.000,9999.000,9999.000
202605050630,   5.790,9999.000,9999.000,9999.000,9999.000,9999.000,9999.000,9999.000,9999.000
202605050636,   5.887,9999.000,9999.000,9999.000,9999.000,9999.000,9999.000,9999.000,9999.000
202605050642,   5.986,9999.000,9999.000,9999.000,9999.000,9999.000,9999.000,9999.000,9999.000
202605050648,   6.085,9999.000,9999.000,9999.000,9999.000,9999.000,9999.000,9999.000,9999.000
202605050654,   6.185,9999.000,9999.000,9999.000,9999.000,9999.000,9999.000,9999.000,9999.000
202605050700,   6.286,9999.000,   0.500,  -0.723,   6.063,   0.500,   6.063,   0.500,   6.063
202605050706,   6.386,9999.000,9999.000,9999.000,9999.000,9999.000,9999.000,9999.000,9999.000
202605050712,   6.487,9999.000,9999.000,9999.000,9999.000,9999.000,9999.000,9999.000,9999.000
202605050718,   6.587,9999.000,9999.000,9999.000,9999.000,9999.000,9999.000,9999.000,9999.000
202605050724,   6.686,9999.000,9999.000,9999.000,9999.000,9999.000,9999.000,9999.000,9999.000
202605050730,   6.783,9999.000,9999.000,9999.000,9999.000,9999.000,9999.000,9999.000,9999.000
202605050736,   6.879,9999.000,9999.000,9999.000,9999.000,9999.000,9999.000,9999.000,9999.000
202605050742,   6.973,9999.000,9999.000,9999.000,9999.000,9999.000,9999.000,9999.000,9999.000
202605050748,   7.065,9999.000,9999.000,9999.000,9999.000,9999.000,9999.000,9999.000,9999.000
202605050754,   7.154,9999.000,9999.000,9999.000,9999.000,9999.000,9999.000,9999.000,9999.000
202605050800,   7.240,9999.000,   0.400,  -0.723,   6.917,   0.400,   6.917,   0.500,   7.017
202605050806,   7.323,9999.000,9999.000,9999.000,9999.000,9999.000,9999.000,9999.000,9999.000
202605050812,   7.402,9999.000,9999.000,9999.000,9999.000,9999.000,9999.000,9999.000,9999.000
202605050818,   7.477,9999.000,9999.000,9999.000,9999.000,9999.000,9999.000,9999.000,9999.000
202605050824,   7.548,9999.000,9999.000,9999.000,9999.000,9999.000,9999.000,9999.000,9999.000
202605050830,   7.614,9999.000,9999.000,9999.000,9999.000,9999.000,9999.000,9999.000,9999.000
202605050836,   7.676,9999.000,9999.000,9999.000,9999.000,9999.000,9999.000,9999.000,9999.000
202605050842,   7.732,9999.000,9999.000,9999.000,9999.000,9999.000,9999.000,9999.000,9999.000
202605050848,   7.783,9999.000,9999.000,9999.000,9999.000,9999.000,9999.000,9999.000,9999.000
202605050854,   7.829,9999.000,9999.000,9999.000,9999.000,9999.000,9999.000,9999.000,9999.000
202605050900,   7.869,9999.000,   0.400,  -0.723,   7.546,   0.400,   7.546,   0.500,   7.646
202605050906,   7.903,9999.000,9999.000,9999.000,9999.000,9999.000,9999.000,9999.000,9999.000
202605050912,   7.930,9999.000,9999.000,9999.000,9999.000,9999.000,9999.000,9999.000,9999.000
202605050918,   7.952,9999.000,9999.000,9999.000,9999.000,9999.000,9999.000,9999.000,9999.000
202605050924,   7.968,9999.000,9999.000,9999.000,9999.000,9999.000,9999.000,9999.000,9999.000
202605050930,   7.977,9999.000,9999.000,9999.000,9999.000,9999.000,9999.000,9999.000,9999.000
202605050936,   7.980,9999.000,9999.000,9999.000,9999.000,9999.000,9999.000,9999.000,9999.000
202605050942,   7.976,9999.000,9999.000,9999.000,9999.000,9999.000,9999.000,9999.000,9999.000
202605050948,   7.966,9999.000,9999.000,9999.000,9999.000,9999.000,9999.000,9999.000,9999.000
202605050954,   7.949,9999.000,9999.000,9999.000,9999.000,9999.000,9999.000,9999.000,9999.000
202605051000,   7.926,9999.000,   0.500,  -0.723,   7.703,   0.500,   7.703,   0.500,   7.703
202605051006,   7.897,9999.000,9999.000,9999.000,9999.000,9999.000,9999.000,9999.000,9999.000
202605051012,   7.861,9999.000,9999.000,9999.000,9999.000,9999.000,9999.000,9999.000,9999.000
202605051018,   7.819,9999.000,9999.000,9999.000,9999.000,9999.000,9999.000,9999.000,9999.000
202605051024,   7.770,9999.000,9999.000,9999.000,9999.000,9999.000,9999.000,9999.000,9999.000
202605051030,   7.716,9999.000,9999.000,9999.000,9999.000,9999.000,9999.000,9999.000,9999.000
202605051036,   7.656,9999.000,9999.000,9999.000,9999.000,9999.000,9999.000,9999.000,9999.000
202605051042,   7.589,9999.000,9999.000,9999.000,9999.000,9999.000,9999.000,9999.000,9999.000
202605051048,   7.517,9999.000,9999.000,9999.000,9999.000,9999.000,9999.000,9999.000,9999.000
202605051054,   7.440,9999.000,9999.000,9999.000,9999.000,9999.000,9999.000,9999.000,9999.000
202605051100,   7.356,9999.000,   0.500,  -0.723,   7.133,   0.400,   7.033,   0.500,   7.133
202605051106,   7.268,9999.000,9999.000,9999.000,9999.000,9999.000,9999.000,9999.000,9999.000
202605051112,   7.174,9999.000,9999.000,9999.000,9999.000,9999.000,9999.000,9999.000,9999.000
202605051118,   7.075,9999.000,9999.000,9999.000,9999.000,9999.000,9999.000,9999.000,9999.000
202605051124,   6.971,9999.000,9999.000,9999.000,9999.000,9999.000,9999.000,9999.000,9999.000
202605051130,   6.863,9999.000,9999.000,9999.000,9999.000,9999.000,9999.000,9999.000,9999.000
202605051136,   6.749,9999.000,9999.000,9999.000,9999.000,9999.000,9999.000,9999.000,9999.000
202605051142,   6.631,9999.000,9999.000,9999.000,9999.000,9999.000,9999.000,9999.000,9999.000
202605051148,   6.509,9999.000,9999.000,9999.000,9999.000,9999.000,9999.000,9999.000,9999.000
202605051154,   6.382,9999.000,9999.000,9999.000,9999.000,9999.000,9999.000,9999.000,9999.000
202605051200,   6.251,9999.000,   0.500,  -0.723,   6.028,   0.400,   5.928,   0.500,   6.028
202605051206,   6.115,9999.000,9999.000,9999.000,9999.000,9999.000,9999.000,9999.000,9999.000
202605051212,   5.976,9999.000,9999.000,9999.000,9999.000,9999.000,9999.000,9999.000,9999.000
202605051218,   5.833,9999.000,9999.000,9999.000,9999.000,9999.000,9999.000,9999.000,9999.000
202605051224,   5.686,9999.000,9999.000,9999.000,9999.000,9999.000,9999.000,9999.000,9999.000
202605051230,   5.536,9999.000,9999.000,9999.000,9999.000,9999.000,9999.000,9999.000,9999.000
202605051236,   5.382,9999.000,9999.000,9999.000,9999.000,9999.000,9999.000,9999.000,9999.000
202605051242,   5.225,9999.000,9999.000,9999.000,9999.000,9999.000,9999.000,9999.000,9999.000
202605051248,   5.065,9999.000,9999.000,9999.000,9999.000,9999.000,9999.000,9999.000,9999.000
202605051254,   4.903,9999.000,9999.000,9999.000,9999.000,9999.000,9999.000,9999.000,9999.000
202605051300,   4.737,9999.000,   0.400,  -0.723,   4.414,   0.400,   4.414,   0.500,   4.514
202605051306,   4.569,9999.000,9999.000,9999.000,9999.000,9999.000,9999.000,9999.000,9999.000
202605051312,   4.399,9999.000,9999.000,9999.000,9999.000,9999.000,9999.000,9999.000,9999.000
202605051318,   4.228,9999.000,9999.000,9999.000,9999.000,9999.000,9999.000,9999.000,9999.000
202605051324,   4.054,9999.000,9999.000,9999.000,9999.000,9999.000,9999.000,9999.000,9999.000
202605051330,   3.880,9999.000,9999.000,9999.000,9999.000,9999.000,9999.000,9999.000,9999.000
202605051336,   3.705,9999.000,9999.000,9999.000,9999.000,9999.000,9999.000,9999.000,9999.000
202605051342,   3.529,9999.000,9999.000,9999.000,9999.000,9999.000,9999.000,9999.000,9999.000
202605051348,   3.353,9999.000,9999.000,9999.000,9999.000,9999.000,9999.000,9999.000,9999.000
202605051354,   3.177,9999.000,9999.000,9999.000,9999.000,9999.000,9999.000,9999.000,9999.000
202605051400,   3.002,9999.000,   0.500,  -0.723,   2.779,   0.400,   2.679,   0.500,   2.779
202605051406,   2.829,9999.000,9999.000,9999.000,9999.000,9999.000,9999.000,9999.000,9999.000
202605051412,   2.656,9999.000,9999.000,9999.000,9999.000,9999.000,9999.000,9999.000,9999.000
202605051418,   2.486,9999.000,9999.000,9999.000,9999.000,9999.000,9999.000,9999.000,9999.000
202605051424,   2.318,9999.000,9999.000,9999.000,9999.000,9999.000,9999.000,9999.000,9999.000
202605051430,   2.152,9999.000,9999.000,9999.000,9999.000,9999.000,9999.000,9999.000,9999.000
202605051436,   1.990,9999.000,9999.000,9999.000,9999.000,9999.000,9999.000,9999.000,9999.000
202605051442,   1.831,9999.000,9999.000,9999.000,9999.000,9999.000,9999.000,9999.000,9999.000
202605051448,   1.676,9999.000,9999.000,9999.000,9999.000,9999.000,9999.000,9999.000,9999.000
202605051454,   1.525,9999.000,9999.000,9999.000,9999.000,9999.000,9999.000,9999.000,9999.000
202605051500,   1.379,9999.000,   0.500,  -0.723,   1.156,   0.400,   1.056,   0.500,   1.156
202605051506,   1.238,9999.000,9999.000,9999.000,9999.000,9999.000,9999.000,9999.000,9999.000
202605051512,   1.102,9999.000,9999.000,9999.000,9999.000,9999.000,9999.000,9999.000,9999.000
202605051518,   0.971,9999.000,9999.000,9999.000,9999.000,9999.000,9999.000,9999.000,9999.000
202605051524,   0.846,9999.000,9999.000,9999.000,9999.000,9999.000,9999.000,9999.000,9999.000
202605051530,   0.726,9999.000,9999.000,9999.000,9999.000,9999.000,9999.000,9999.000,9999.000
202605051536,   0.613,9999.000,9999.000,9999.000,9999.000,9999.000,9999.000,9999.000,9999.000
202605051542,   0.506,9999.000,9999.000,9999.000,9999.000,9999.000,9999.000,9999.000,9999.000
202605051548,   0.406,9999.000,9999.000,9999.000,9999.000,9999.000,9999.000,9999.000,9999.000
202605051554,   0.311,9999.000,9999.000,9999.000,9999.000,9999.000,9999.000,9999.000,9999.000
202605051600,   0.224,9999.000,   0.400,  -0.723,  -0.099,   0.400,  -0.099,   0.400,  -0.099
202605051606,   0.143,9999.000,9999.000,9999.000,9999.000,9999.000,9999.000,9999.000,9999.000
202605051612,   0.069,9999.000,9999.000,9999.000,9999.000,9999.000,9999.000,9999.000,9999.000
202605051618,   0.002,9999.000,9999.000,9999.000,9999.000,9999.000,9999.000,9999.000,9999.000
202605051624,  -0.057,9999.000,9999.000,9999.000,9999.000,9999.000,9999.000,9999.000,9999.000
202605051630,  -0.111,9999.000,9999.000,9999.000,9999.000,9999.000,9999.000,9999.000,9999.000
202605051636,  -0.157,9999.000,9999.000,9999.000,9999.000,9999.000,9999.000,9999.000,9999.000
202605051642,  -0.197,9999.000,9999.000,9999.000,9999.000,9999.000,9999.000,9999.000,9999.000
202605051648,  -0.229,9999.000,9999.000,9999.000,9999.000,9999.000,9999.000,9999.000,9999.000
202605051654,  -0.254,9999.000,9999.000,9999.000,9999.000,9999.000,9999.000,9999.000,9999.000
202605051700,  -0.272,9999.000,   0.400,  -0.723,  -0.595,   0.300,  -0.695,   0.400,  -0.595
202605051706,  -0.283,9999.000,9999.000,9999.000,9999.000,9999.000,9999.000,9999.000,9999.000
202605051712,  -0.287,9999.000,9999.000,9999.000,9999.000,9999.000,9999.000,9999.000,9999.000
202605051718,  -0.284,9999.000,9999.000,9999.000,9999.000,9999.000,9999.000,9999.000,9999.000
202605051724,  -0.273,9999.000,9999.000,9999.000,9999.000,9999.000,9999.000,9999.000,9999.000
202605051730,  -0.256,9999.000,9999.000,9999.000,9999.000,9999.000,9999.000,9999.000,9999.000
202605051736,  -0.231,9999.000,9999.000,9999.000,9999.000,9999.000,9999.000,9999.000,9999.000
202605051742,  -0.199,9999.000,9999.000,9999.000,9999.000,9999.000,9999.000,9999.000,9999.000
202605051748,  -0.160,9999.000,9999.000,9999.000,9999.000,9999.000,9999.000,9999.000,9999.000
202605051754,  -0.114,9999.000,9999.000,9999.000,9999.000,9999.000,9999.000,9999.000,9999.000
202605051800,  -0.061,9999.000,   0.400,  -0.723,  -0.384,   0.300,  -0.484,   0.400,  -0.384
202605051806,  -0.001,9999.000,9999.000,9999.000,9999.000,9999.000,9999.000,9999.000,9999.000
202605051812,   0.064,9999.000,9999.000,9999.000,9999.000,9999.000,9999.000,9999.000,9999.000
202605051818,   0.138,9999.000,9999.000,9999.000,9999.000,9999.000,9999.000,9999.000,9999.000
202605051824,   0.218,9999.000,9999.000,9999.000,9999.000,9999.000,9999.000,9999.000,9999.000
202605051830,   0.305,9999.000,9999.000,9999.000,9999.000,9999.000,9999.000,9999.000,9999.000
202605051836,   0.397,9999.000,9999.000,9999.000,9999.000,9999.000,9999.000,9999.000,9999.000
202605051842,   0.496,9999.000,9999.000,9999.000,9999.000,9999.000,9999.000,9999.000,9999.000
202605051848,   0.601,9999.000,9999.000,9999.000,9999.000,9999.000,9999.000,9999.000,9999.000
202605051854,   0.711,9999.000,9999.000,9999.000,9999.000,9999.000,9999.000,9999.000,9999.000
202605051900,   0.827,9999.000,   0.400,  -0.723,   0.504,   0.400,   0.504,   0.500,   0.604
202605051906,   0.948,9999.000,9999.000,9999.000,9999.000,9999.000,9999.000,9999.000,9999.000
202605051912,   1.073,9999.000,9999.000,9999.000,9999.000,9999.000,9999.000,9999.000,9999.000
202605051918,   1.202,9999.000,9999.000,9999.000,9999.000,9999.000,9999.000,9999.000,9999.000
202605051924,   1.336,9999.000,9999.000,9999.000,9999.000,9999.000,9999.000,9999.000,9999.000
202605051930,   1.473,9999.000,9999.000,9999.000,9999.000,9999.000,9999.000,9999.000,9999.000
202605051936,   1.614,9999.000,9999.000,9999.000,9999.000,9999.000,9999.000,9999.000,9999.000
202605051942,   1.757,9999.000,9999.000,9999.000,9999.000,9999.000,9999.000,9999.000,9999.000
202605051948,   1.903,9999.000,9999.000,9999.000,9999.000,9999.000,9999.000,9999.000,9999.000
202605051954,   2.050,9999.000,9999.000,9999.000,9999.000,9999.000,9999.000,9999.000,9999.000
202605052000,   2.199,9999.000,   0.400,  -0.723,   1.876,   0.300,   1.776,   0.400,   1.876
202605052006,   2.350,9999.000,9999.000,9999.000,9999.000,9999.000,9999.000,9999.000,9999.000
202605052012,   2.501,9999.000,9999.000,9999.000,9999.000,9999.000,9999.000,9999.000,9999.000
202605052018,   2.652,9999.000,9999.000,9999.000,9999.000,9999.000,9999.000,9999.000,9999.000
202605052024,   2.803,9999.000,9999.000,9999.000,9999.000,9999.000,9999.000,9999.000,9999.000
202605052030,   2.953,9999.000,9999.000,9999.000,9999.000,9999.000,9999.000,9999.000,9999.000
202605052036,   3.103,9999.000,9999.000,9999.000,9999.000,9999.000,9999.000,9999.000,9999.000
202605052042,   3.251,9999.000,9999.000,9999.000,9999.000,9999.000,9999.000,9999.000,9999.000
202605052048,   3.397,9999.000,9999.000,9999.000,9999.000,9999.000,9999.000,9999.000,9999.000
202605052054,   3.541,9999.000,9999.000,9999.000,9999.000,9999.000,9999.000,9999.000,9999.000
202605052100,   3.683,9999.000,   0.300,  -0.723,   3.260,   0.300,   3.260,   0.400,   3.360
202605052106,   3.821,9999.000,9999.000,9999.000,9999.000,9999.000,9999.000,9999.000,9999.000
202605052112,   3.957,9999.000,9999.000,9999.000,9999.000,9999.000,9999.000,9999.000,9999.000
202605052118,   4.089,9999.000,9999.000,9999.000,9999.000,9999.000,9999.000,9999.000,9999.000
202605052124,   4.217,9999.000,9999.000,9999.000,9999.000,9999.000,9999.000,9999.000,9999.000
202605052130,   4.341,9999.000,9999.000,9999.000,9999.000,9999.000,9999.000,9999.000,9999.000
202605052136,   4.461,9999.000,9999.000,9999.000,9999.000,9999.000,9999.000,9999.000,9999.000
202605052142,   4.577,9999.000,9999.000,9999.000,9999.000,9999.000,9999.000,9999.000,9999.000
202605052148,   4.688,9999.000,9999.000,9999.000,9999.000,9999.000,9999.000,9999.000,9999.000
202605052154,   4.794,9999.000,9999.000,9999.000,9999.000,9999.000,9999.000,9999.000,9999.000
202605052200,   4.895,9999.000,   0.400,  -0.723,   4.572,   0.300,   4.472,   0.400,   4.572
202605052206,   4.991,9999.000,9999.000,9999.000,9999.000,9999.000,9999.000,9999.000,9999.000
202605052212,   5.082,9999.000,9999.000,9999.000,9999.000,9999.000,9999.000,9999.000,9999.000
202605052218,   5.168,9999.000,9999.000,9999.000,9999.000,9999.000,9999.000,9999.000,9999.000
202605052224,   5.248,9999.000,9999.000,9999.000,9999.000,9999.000,9999.000,9999.000,9999.000
202605052230,   5.324,9999.000,9999.000,9999.000,9999.000,9999.000,9999.000,9999.000,9999.000
202605052236,   5.394,9999.000,9999.000,9999.000,9999.000,9999.000,9999.000,9999.000,9999.000
202605052242,   5.458,9999.000,9999.000,9999.000,9999.000,9999.000,9999.000,9999.000,9999.000
202605052248,   5.518,9999.000,9999.000,9999.000,9999.000,9999.000,9999.000,9999.000,9999.000
202605052254,   5.572,9999.000,9999.000,9999.000,9999.000,9999.000,9999.000,9999.000,9999.000
202605052300,   5.621,9999.000,   0.400,  -0.723,   5.298,   0.300,   5.198,   0.400,   5.298
202605052306,   5.665,9999.000,9999.000,9999.000,9999.000,9999.000,9999.000,9999.000,9999.000
202605052312,   5.704,9999.000,9999.000,9999.000,9999.000,9999.000,9999.000,9999.000,9999.000
202605052318,   5.738,9999.000,9999.000,9999.000,9999.000,9999.000,9999.000,9999.000,9999.000
202605052324,   5.767,9999.000,9999.000,9999.000,9999.000,9999.000,9999.000,9999.000,9999.000
202605052330,   5.792,9999.000,9999.000,9999.000,9999.000,9999.000,9999.000,9999.000,9999.000
202605052336,   5.812,9999.000,9999.000,9999.000,9999.000,9999.000,9999.000,9999.000,9999.000
202605052342,   5.827,9999.000,9999.000,9999.000,9999.000,9999.000,9999.000,9999.000,9999.000
202605052348,   5.838,9999.000,9999.000,9999.000,9999.000,9999.000,9999.000,9999.000,9999.000
202605052354,   5.845,9999.000,9999.000,9999.000,9999.000,9999.000,9999.000,9999.000,9999.000
202605060000,   5.847,9999.000,   0.400,  -0.723,   5.524,   0.300,   5.424,   0.500,   5.624
202605060006,   5.845,9999.000,9999.000,9999.000,9999.000,9999.000,9999.000,9999.000,9999.000
202605060012,   5.840,9999.000,9999.000,9999.000,9999.000,9999.000,9999.000,9999.000,9999.000
202605060018,   5.830,9999.000,9999.000,9999.000,9999.000,9999.000,9999.000,9999.000,9999.000
202605060024,   5.817,9999.000,9999.000,9999.000,9999.000,9999.000,9999.000,9999.000,9999.000
202605060030,   5.800,9999.000,9999.000,9999.000,9999.000,9999.000,9999.000,9999.000,9999.000
202605060036,   5.779,9999.000,9999.000,9999.000,9999.000,9999.000,9999.000,9999.000,9999.000
202605060042,   5.756,9999.000,9999.000,9999.000,9999.000,9999.000,9999.000,9999.000,9999.000
202605060048,   5.728,9999.000,9999.000,9999.000,9999.000,9999.000,9999.000,9999.000,9999.000
202605060054,   5.698,9999.000,9999.000,9999.000,9999.000,9999.000,9999.000,9999.000,9999.000
202605060100,   5.664,9999.000,   0.400,  -0.723,   5.341,   0.300,   5.241,   0.400,   5.341
202605060106,   5.628,9999.000,9999.000,9999.000,9999.000,9999.000,9999.000,9999.000,9999.000
202605060112,   5.589,9999.000,9999.000,9999.000,9999.000,9999.000,9999.000,9999.000,9999.000
202605060118,   5.548,9999.000,9999.000,9999.000,9999.000,9999.000,9999.000,9999.000,9999.000
202605060124,   5.504,9999.000,9999.000,9999.000,9999.000,9999.000,9999.000,9999.000,9999.000
202605060130,   5.458,9999.000,9999.000,9999.000,9999.000,9999.000,9999.000,9999.000,9999.000
202605060136,   5.410,9999.000,9999.000,9999.000,9999.000,9999.000,9999.000,9999.000,9999.000
202605060142,   5.360,9999.000,9999.000,9999.000,9999.000,9999.000,9999.000,9999.000,9999.000
202605060148,   5.310,9999.000,9999.000,9999.000,9999.000,9999.000,9999.000,9999.000,9999.000
202605060154,   5.258,9999.000,9999.000,9999.000,9999.000,9999.000,9999.000,9999.000,9999.000
202605060200,   5.205,9999.000,   0.400,  -0.723,   4.882,   0.300,   4.782,   0.400,   4.882
202605060206,   5.152,9999.000,9999.000,9999.000,9999.000,9999.000,9999.000,9999.000,9999.000
202605060212,   5.099,9999.000,9999.000,9999.000,9999.000,9999.000,9999.000,9999.000,9999.000
202605060218,   5.045,9999.000,9999.000,9999.000,9999.000,9999.000,9999.000,9999.000,9999.000
202605060224,   4.993,9999.000,9999.000,9999.000,9999.000,9999.000,9999.000,9999.000,9999.000
202605060230,   4.941,9999.000,9999.000,9999.000,9999.000,9999.000,9999.000,9999.000,9999.000
202605060236,   4.890,9999.000,9999.000,9999.000,9999.000,9999.000,9999.000,9999.000,9999.000
202605060242,   4.840,9999.000,9999.000,9999.000,9999.000,9999.000,9999.000,9999.000,9999.000
202605060248,   4.793,9999.000,9999.000,9999.000,9999.000,9999.000,9999.000,9999.000,9999.000
202605060254,   4.747,9999.000,9999.000,9999.000,9999.000,9999.000,9999.000,9999.000,9999.000
202605060300,   4.704,9999.000,   0.400,  -0.723,   4.381,   0.300,   4.281,   0.500,   4.481
202605060306,   4.663,9999.000,9999.000,9999.000,9999.000,9999.000,9999.000,9999.000,9999.000
202605060312,   4.625,9999.000,9999.000,9999.000,9999.000,9999.000,9999.000,9999.000,9999.000
202605060318,   4.590,9999.000,9999.000,9999.000,9999.000,9999.000,9999.000,9999.000,9999.000
202605060324,   4.559,9999.000,9999.000,9999.000,9999.000,9999.000,9999.000,9999.000,9999.000
202605060330,   4.530,9999.000,9999.000,9999.000,9999.000,9999.000,9999.000,9999.000,9999.000
202605060336,   4.506,9999.000,9999.000,9999.000,9999.000,9999.000,9999.000,9999.000,9999.000
202605060342,   4.485,9999.000,9999.000,9999.000,9999.000,9999.000,9999.000,9999.000,9999.000
202605060348,   4.468,9999.000,9999.000,9999.000,9999.000,9999.000,9999.000,9999.000,9999.000
202605060354,   4.455,9999.000,9999.000,9999.000,9999.000,9999.000,9999.000,9999.000,9999.000
202605060400,   4.446,9999.000,   0.300,  -0.723,   4.023,   0.300,   4.023,   0.400,   4.123
202605060406,   4.441,9999.000,9999.000,9999.000,9999.000,9999.000,9999.000,9999.000,9999.000
202605060412,   4.440,9999.000,9999.000,9999.000,9999.000,9999.000,9999.000,9999.000,9999.000
202605060418,   4.443,9999.000,9999.000,9999.000,9999.000,9999.000,9999.000,9999.000,9999.000
202605060424,   4.450,9999.000,9999.000,9999.000,9999.000,9999.000,9999.000,9999.000,9999.000
202605060430,   4.461,9999.000,9999.000,9999.000,9999.000,9999.000,9999.000,9999.000,9999.000
202605060436,   4.475,9999.000,9999.000,9999.000,9999.000,9999.000,9999.000,9999.000,9999.000
202605060442,   4.494,9999.000,9999.000,9999.000,9999.000,9999.000,9999.000,9999.000,9999.000
202605060448,   4.516,9999.000,9999.000,9999.000,9999.000,9999.000,9999.000,9999.000,9999.000
202605060454,   4.541,9999.000,9999.000,9999.000,9999.000,9999.000,9999.000,9999.000,9999.000
202605060500,   4.570,9999.000,   0.400,  -0.723,   4.247,   0.300,   4.147,   0.400,   4.247
202605060506,   4.603,9999.000,9999.000,9999.000,9999.000,9999.000,9999.000,9999.000,9999.000
202605060512,   4.639,9999.000,9999.000,9999.000,9999.000,9999.000,9999.000,9999.000,9999.000
202605060518,   4.678,9999.000,9999.000,9999.000,9999.000,9999.000,9999.000,9999.000,9999.000
202605060524,   4.721,9999.000,9999.000,9999.000,9999.000,9999.000,9999.000,9999.000,9999.000
202605060530,   4.766,9999.000,9999.000,9999.000,9999.000,9999.000,9999.000,9999.000,9999.000
202605060536,   4.814,9999.000,9999.000,9999.000,9999.000,9999.000,9999.000,9999.000,9999.000
202605060542,   4.866,9999.000,9999.000,9999.000,9999.000,9999.000,9999.000,9999.000,9999.000
202605060548,   4.920,9999.000,9999.000,9999.000,9999.000,9999.000,9999.000,9999.000,9999.000
202605060554,   4.977,9999.000,9999.000,9999.000,9999.000,9999.000,9999.000,9999.000,9999.000
202605060600,   5.037,9999.000,   0.300,  -0.723,   4.614,   0.300,   4.614,   0.400,   4.714
202605060606,   5.099,9999.000,9999.000,9999.000,9999.000,9999.000,9999.000,9999.000,9999.000
202605060612,   5.164,9999.000,9999.000,9999.000,9999.000,9999.000,9999.000,9999.000,9999.000
202605060618,   5.231,9999.000,9999.000,9999.000,9999.000,9999.000,9999.000,9999.000,9999.000
202605060624,   5.300,9999.000,9999.000,9999.000,9999.000,9999.000,9999.000,9999.000,9999.000
202605060630,   5.372,9999.000,9999.000,9999.000,9999.000,9999.000,9999.000,9999.000,9999.000
202605060636,   5.446,9999.000,9999.000,9999.000,9999.000,9999.000,9999.000,9999.000,9999.000
202605060642,   5.522,9999.000,9999.000,9999.000,9999.000,9999.000,9999.000,9999.000,9999.000
202605060648,   5.600,9999.000,9999.000,9999.000,9999.000,9999.000,9999.000,9999.000,9999.000
202605060654,   5.679,9999.000,9999.000,9999.000,9999.000,9999.000,9999.000,9999.000,9999.000
202605060700,   5.760,9999.000,   0.300,  -0.723,   5.337,   0.300,   5.337,   0.400,   5.437
202605060706,   5.843,9999.000,9999.000,9999.000,9999.000,9999.000,9999.000,9999.000,9999.000
202605060712,   5.927,9999.000,9999.000,9999.000,9999.000,9999.000,9999.000,9999.000,9999.000
202605060718,   6.011,9999.000,9999.000,9999.000,9999.000,9999.000,9999.000,9999.000,9999.000
202605060724,   6.096,9999.000,9999.000,9999.000,9999.000,9999.000,9999.000,9999.000,9999.000
202605060730,   6.182,9999.000,9999.000,9999.000,9999.000,9999.000,9999.000,9999.000,9999.000
202605060736,   6.268,9999.000,9999.000,9999.000,9999.000,9999.000,9999.000,9999.000,9999.000
202605060742,   6.354,9999.000,9999.000,9999.000,9999.000,9999.000,9999.000,9999.000,9999.000
202605060748,   6.440,9999.000,9999.000,9999.000,9999.000,9999.000,9999.000,9999.000,9999.000
202605060754,   6.526,9999.000,9999.000,9999.000,9999.000,9999.000,9999.000,9999.000,9999.000
202605060800,   6.610,9999.000,   0.300,  -0.723,   6.187,   0.300,   6.187,   0.300,   6.187
202605060806,   6.693,9999.000,9999.000,9999.000,9999.000,9999.000,9999.000,9999.000,9999.000
202605060812,   6.775,9999.000,9999.000,9999.000,9999.000,9999.000,9999.000,9999.000,9999.000
202605060818,   6.855,9999.000,9999.000,9999.000,9999.000,9999.000,9999.000,9999.000,9999.000
202605060824,   6.933,9999.000,9999.000,9999.000,9999.000,9999.000,9999.000,9999.000,9999.000
202605060830,   7.009,9999.000,9999.000,9999.000,9999.000,9999.000,9999.000,9999.000,9999.000
202605060836,   7.082,9999.000,9999.000,9999.000,9999.000,9999.000,9999.000,9999.000,9999.000
202605060842,   7.152,9999.000,9999.000,9999.000,9999.000,9999.000,9999.000,9999.000,9999.000
202605060848,   7.219,9999.000,9999.000,9999.000,9999.000,9999.000,9999.000,9999.000,9999.000
202605060854,   7.282,9999.000,9999.000,9999.000,9999.000,9999.000,9999.000,9999.000,9999.000
202605060900,   7.342,9999.000,   0.300,  -0.723,   6.919,   0.200,   6.819,   0.300,   6.919
202605060906,   7.397,9999.000,9999.000,9999.000,9999.000,9999.000,9999.000,9999.000,9999.000
202605060912,   7.449,9999.000,9999.000,9999.000,9999.000,9999.000,9999.000,9999.000,9999.000
202605060918,   7.496,9999.000,9999.000,9999.000,9999.000,9999.000,9999.000,9999.000,9999.000
202605060924,   7.538,9999.000,9999.000,9999.000,9999.000,9999.000,9999.000,9999.000,9999.000
202605060930,   7.575,9999.000,9999.000,9999.000,9999.000,9999.000,9999.000,9999.000,9999.000
202605060936,   7.608,9999.000,9999.000,9999.000,9999.000,9999.000,9999.000,9999.000,9999.000
202605060942,   7.635,9999.000,9999.000,9999.000,9999.000,9999.000,9999.000,9999.000,9999.000
202605060948,   7.657,9999.000,9999.000,9999.000,9999.000,9999.000,9999.000,9999.000,9999.000
202605060954,   7.674,9999.000,9999.000,9999.000,9999.000,9999.000,9999.000,9999.000,9999.000
202605061000,   7.685,9999.000,   0.300,  -0.723,   7.262,   0.300,   7.262,   0.400,   7.362
202605061006,   7.691,9999.000,9999.000,9999.000,9999.000,9999.000,9999.000,9999.000,9999.000
202605061012,   7.691,9999.000,9999.000,9999.000,9999.000,9999.000,9999.000,9999.000,9999.000
202605061018,   7.685,9999.000,9999.000,9999.000,9999.000,9999.000,9999.000,9999.000,9999.000
202605061024,   7.673,9999.000,9999.000,9999.000,9999.000,9999.000,9999.000,9999.000,9999.000
202605061030,   7.656,9999.000,9999.000,9999.000,9999.000,9999.000,9999.000,9999.000,9999.000
202605061036,   7.633,9999.000,9999.000,9999.000,9999.000,9999.000,9999.000,9999.000,9999.000
202605061042,   7.605,9999.000,9999.000,9999.000,9999.000,9999.000,9999.000,9999.000,9999.000
202605061048,   7.571,9999.000,9999.000,9999.000,9999.000,9999.000,9999.000,9999.000,9999.000
202605061054,   7.531,9999.000,9999.000,9999.000,9999.000,9999.000,9999.000,9999.000,9999.000
202605061100,   7.486,9999.000,   0.300,  -0.723,   7.063,   0.300,   7.063,   0.400,   7.163
202605061106,   7.435,9999.000,9999.000,9999.000,9999.000,9999.000,9999.000,9999.000,9999.000
202605061112,   7.379,9999.000,9999.000,9999.000,9999.000,9999.000,9999.000,9999.000,9999.000
202605061118,   7.318,9999.000,9999.000,9999.000,9999.000,9999.000,9999.000,9999.000,9999.000
202605061124,   7.251,9999.000,9999.000,9999.000,9999.000,9999.000,9999.000,9999.000,9999.000
202605061130,   7.180,9999.000,9999.000,9999.000,9999.000,9999.000,9999.000,9999.000,9999.000
202605061136,   7.104,9999.000,9999.000,9999.000,9999.000,9999.000,9999.000,9999.000,9999.000
202605061142,   7.023,9999.000,9999.000,9999.000,9999.000,9999.000,9999.000,9999.000,9999.000
202605061148,   6.937,9999.000,9999.000,9999.000,9999.000,9999.000,9999.000,9999.000,9999.000
202605061154,   6.847,9999.000,9999.000,9999.000,9999.000,9999.000,9999.000,9999.000,9999.000
202605061200,   6.752,9999.000,   0.300,  -0.723,   6.329,   0.200,   6.229,   0.300,   6.329
202605061206,   6.653,9999.000,9999.000,9999.000,9999.000,9999.000,9999.000,9999.000,9999.000
202605061212,   6.550,9999.000,9999.000,9999.000,9999.000,9999.000,9999.000,9999.000,9999.000
202605061218,   6.443,9999.000,9999.000,9999.000,9999.000,9999.000,9999.000,9999.000,9999.000
202605061224,   6.332,9999.000,9999.000,9999.000,9999.000,9999.000,9999.000,9999.000,9999.000
202605061230,   6.217,9999.000,9999.000,9999.000,9999.000,9999.000,9999.000,9999.000,9999.000
202605061236,   6.099,9999.000,9999.000,9999.000,9999.000,9999.000,9999.000,9999.000,9999.000
202605061242,   5.976,9999.000,9999.000,9999.000,9999.000,9999.000,9999.000,9999.000,9999.000
202605061248,   5.851,9999.000,9999.000,9999.000,9999.000,9999.000,9999.000,9999.000,9999.000
202605061254,   5.722,9999.000,9999.000,9999.000,9999.000,9999.000,9999.000,9999.000,9999.000
202605061300,   5.590,9999.000,   0.300,  -0.723,   5.167,   0.200,   5.067,   0.300,   5.167
202605061306,   5.454,9999.000,9999.000,9999.000,9999.000,9999.000,9999.000,9999.000,9999.000
202605061312,   5.316,9999.000,9999.000,9999.000,9999.000,9999.000,9999.000,9999.000,9999.000
202605061318,   5.175,9999.000,9999.000,9999.000,9999.000,9999.000,9999.000,9999.000,9999.000
202605061324,   5.031,9999.000,9999.000,9999.000,9999.000,9999.000,9999.000,9999.000,9999.000
202605061330,   4.885,9999.000,9999.000,9999.000,9999.000,9999.000,9999.000,9999.000,9999.000
202605061336,   4.736,9999.000,9999.000,9999.000,9999.000,9999.000,9999.000,9999.000,9999.000
202605061342,   4.585,9999.000,9999.000,9999.000,9999.000,9999.000,9999.000,9999.000,9999.000
202605061348,   4.433,9999.000,9999.000,9999.000,9999.000,9999.000,9999.000,9999.000,9999.000
202605061354,   4.278,9999.000,9999.000,9999.000,9999.000,9999.000,9999.000,9999.000,9999.000
202605061400,   4.122,9999.000,   0.300,  -0.723,   3.699,   0.200,   3.599,   0.300,   3.699
202605061406,   3.965,9999.000,9999.000,9999.000,9999.000,9999.000,9999.000,9999.000,9999.000
202605061412,   3.807,9999.000,9999.000,9999.000,9999.000,9999.000,9999.000,9999.000,9999.000
202605061418,   3.648,9999.000,9999.000,9999.000,9999.000,9999.000,9999.000,9999.000,9999.000
202605061424,   3.489,9999.000,9999.000,9999.000,9999.000,9999.000,9999.000,9999.000,9999.000
202605061430,   3.329,9999.000,9999.000,9999.000,9999.000,9999.000,9999.000,9999.000,9999.000
202605061436,   3.170,9999.000,9999.000,9999.000,9999.000,9999.000,9999.000,9999.000,9999.000
202605061442,   3.012,9999.000,9999.000,9999.000,9999.000,9999.000,9999.000,9999.000,9999.000
202605061448,   2.855,9999.000,9999.000,9999.000,9999.000,9999.000,9999.000,9999.000,9999.000
202605061454,   2.699,9999.000,9999.000,9999.000,9999.000,9999.000,9999.000,9999.000,9999.000
202605061500,   2.545,9999.000,   0.300,  -0.723,   2.122,   0.200,   2.022,   0.300,   2.122
202605061506,   2.393,9999.000,9999.000,9999.000,9999.000,9999.000,9999.000,9999.000,9999.000
202605061512,   2.243,9999.000,9999.000,9999.000,9999.000,9999.000,9999.000,9999.000,9999.000
202605061518,   2.096,9999.000,9999.000,9999.000,9999.000,9999.000,9999.000,9999.000,9999.000
202605061524,   1.953,9999.000,9999.000,9999.000,9999.000,9999.000,9999.000,9999.000,9999.000
202605061530,   1.813,9999.000,9999.000,9999.000,9999.000,9999.000,9999.000,9999.000,9999.000
202605061536,   1.676,9999.000,9999.000,9999.000,9999.000,9999.000,9999.000,9999.000,9999.000
202605061542,   1.544,9999.000,9999.000,9999.000,9999.000,9999.000,9999.000,9999.000,9999.000
202605061548,   1.416,9999.000,9999.000,9999.000,9999.000,9999.000,9999.000,9999.000,9999.000
202605061554,   1.293,9999.000,9999.000,9999.000,9999.000,9999.000,9999.000,9999.000,9999.000
202605061600,   1.175,9999.000,   0.200,  -0.723,   0.652,   0.200,   0.652,   0.300,   0.752
202605061606,   1.062,9999.000,9999.000,9999.000,9999.000,9999.000,9999.000,9999.000,9999.000
202605061612,   0.955,9999.000,9999.000,9999.000,9999.000,9999.000,9999.000,9999.000,9999.000
202605061618,   0.853,9999.000,9999.000,9999.000,9999.000,9999.000,9999.000,9999.000,9999.000
202605061624,   0.756,9999.000,9999.000,9999.000,9999.000,9999.000,9999.000,9999.000,9999.000
202605061630,   0.666,9999.000,9999.000,9999.000,9999.000,9999.000,9999.000,9999.000,9999.000
202605061636,   0.581,9999.000,9999.000,9999.000,9999.000,9999.000,9999.000,9999.000,9999.000
202605061642,   0.502,9999.000,9999.000,9999.000,9999.000,9999.000,9999.000,9999.000,9999.000
202605061648,   0.430,9999.000,9999.000,9999.000,9999.000,9999.000,9999.000,9999.000,9999.000
202605061654,   0.363,9999.000,9999.000,9999.000,9999.000,9999.000,9999.000,9999.000,9999.000
202605061700,   0.303,9999.000,   0.200,  -0.723,  -0.220,   0.200,  -0.220,   0.200,  -0.220
202605061706,   0.249,9999.000,9999.000,9999.000,9999.000,9999.000,9999.000,9999.000,9999.000
202605061712,   0.202,9999.000,9999.000,9999.000,9999.000,9999.000,9999.000,9999.000,9999.000
202605061718,   0.160,9999.000,9999.000,9999.000,9999.000,9999.000,9999.000,9999.000,9999.000
202605061724,   0.125,9999.000,9999.000,9999.000,9999.000,9999.000,9999.000,9999.000,9999.000
202605061730,   0.096,9999.000,9999.000,9999.000,9999.000,9999.000,9999.000,9999.000,9999.000
202605061736,   0.074,9999.000,9999.000,9999.000,9999.000,9999.000,9999.000,9999.000,9999.000
202605061742,   0.058,9999.000,9999.000,9999.000,9999.000,9999.000,9999.000,9999.000,9999.000
202605061748,   0.048,9999.000,9999.000,9999.000,9999.000,9999.000,9999.000,9999.000,9999.000
202605061754,   0.045,9999.000,9999.000,9999.000,9999.000,9999.000,9999.000,9999.000,9999.000
202605061800,   0.048,9999.000,   0.200,  -0.723,  -0.475,   0.100,  -0.575,   0.200,  -0.475
202605061806,   0.057,9999.000,9999.000,9999.000,9999.000,9999.000,9999.000,9999.000,9999.000
202605061812,   0.073,9999.000,9999.000,9999.000,9999.000,9999.000,9999.000,9999.000,9999.000
202605061818,   0.095,9999.000,9999.000,9999.000,9999.000,9999.000,9999.000,9999.000,9999.000
202605061824,   0.123,9999.000,9999.000,9999.000,9999.000,9999.000,9999.000,9999.000,9999.000
202605061830,   0.158,9999.000,9999.000,9999.000,9999.000,9999.000,9999.000,9999.000,9999.000
202605061836,   0.199,9999.000,9999.000,9999.000,9999.000,9999.000,9999.000,9999.000,9999.000
202605061842,   0.246,9999.000,9999.000,9999.000,9999.000,9999.000,9999.000,9999.000,9999.000
202605061848,   0.299,9999.000,9999.000,9999.000,9999.000,9999.000,9999.000,9999.000,9999.000
202605061854,   0.358,9999.000,9999.000,9999.000,9999.000,9999.000,9999.000,9999.000,9999.000
202605061900,   0.423,9999.000,   0.200,  -0.723,  -0.100,   0.200,  -0.100,   0.300,   0.000
202605061906,   0.494,9999.000,9999.000,9999.000,9999.000,9999.000,9999.000,9999.000,9999.000
202605061912,   0.571,9999.000,9999.000,9999.000,9999.000,9999.000,9999.000,9999.000,9999.000
202605061918,   0.653,9999.000,9999.000,9999.000,9999.000,9999.000,9999.000,9999.000,9999.000
202605061924,   0.741,9999.000,9999.000,9999.000,9999.000,9999.000,9999.000,9999.000,9999.000
202605061930,   0.834,9999.000,9999.000,9999.000,9999.000,9999.000,9999.000,9999.000,9999.000
202605061936,   0.932,9999.000,9999.000,9999.000,9999.000,9999.000,9999.000,9999.000,9999.000
202605061942,   1.034,9999.000,9999.000,9999.000,9999.000,9999.000,9999.000,9999.000,9999.000
202605061948,   1.141,9999.000,9999.000,9999.000,9999.000,9999.000,9999.000,9999.000,9999.000
202605061954,   1.253,9999.000,9999.000,9999.000,9999.000,9999.000,9999.000,9999.000,9999.000
202605062000,   1.368,9999.000,   0.200,  -0.723,   0.845,   0.100,   0.745,   0.300,   0.945
202605062006,   1.487,9999.000,9999.000,9999.000,9999.000,9999.000,9999.000,9999.000,9999.000
202605062012,   1.609,9999.000,9999.000,9999.000,9999.000,9999.000,9999.000,9999.000,9999.000
202605062018,   1.734,9999.000,9999.000,9999.000,9999.000,9999.000,9999.000,9999.000,9999.000
202605062024,   1.861,9999.000,9999.000,9999.000,9999.000,9999.000,9999.000,9999.000,9999.000
202605062030,   1.991,9999.000,9999.000,9999.000,9999.000,9999.000,9999.000,9999.000,9999.000
202605062036,   2.123,9999.000,9999.000,9999.000,9999.000,9999.000,9999.000,9999.000,9999.000
202605062042,   2.256,9999.000,9999.000,9999.000,9999.000,9999.000,9999.000,9999.000,9999.000
202605062048,   2.391,9999.000,9999.000,9999.000,9999.000,9999.000,9999.000,9999.000,9999.000
202605062054,   2.526,9999.000,9999.000,9999.000,9999.000,9999.000,9999.000,9999.000,9999.000
202605062100,   2.662,9999.000,   0.200,  -0.723,   2.139,   0.100,   2.039,   0.200,   2.139
202605062106,   2.797,9999.000,9999.000,9999.000,9999.000,9999.000,9999.000,9999.000,9999.000
202605062112,   2.932,9999.000,9999.000,9999.000,9999.000,9999.000,9999.000,9999.000,9999.000
202605062118,   3.067,9999.000,9999.000,9999.000,9999.000,9999.000,9999.000,9999.000,9999.000
202605062124,   3.200,9999.000,9999.000,9999.000,9999.000,9999.000,9999.000,9999.000,9999.000
202605062130,   3.332,9999.000,9999.000,9999.000,9999.000,9999.000,9999.000,9999.000,9999.000
202605062136,   3.462,9999.000,9999.000,9999.000,9999.000,9999.000,9999.000,9999.000,9999.000
202605062142,   3.591,9999.000,9999.000,9999.000,9999.000,9999.000,9999.000,9999.000,9999.000
202605062148,   3.717,9999.000,9999.000,9999.000,9999.000,9999.000,9999.000,9999.000,9999.000
202605062154,   3.840,9999.000,9999.000,9999.000,9999.000,9999.000,9999.000,9999.000,9999.000
202605062200,   3.960,9999.000,   0.200,  -0.723,   3.437,   0.100,   3.337,   0.300,   3.537
202605062206,   4.078,9999.000,9999.000,9999.000,9999.000,9999.000,9999.000,9999.000,9999.000
202605062212,   4.191,9999.000,9999.000,9999.000,9999.000,9999.000,9999.000,9999.000,9999.000
202605062218,   4.302,9999.000,9999.000,9999.000,9999.000,9999.000,9999.000,9999.000,9999.000
202605062224,   4.408,9999.000,9999.000,9999.000,9999.000,9999.000,9999.000,9999.000,9999.000
202605062230,   4.511,9999.000,9999.000,9999.000,9999.000,9999.000,9999.000,9999.000,9999.000
202605062236,   4.610,9999.000,9999.000,9999.000,9999.000,9999.000,9999.000,9999.000,9999.000
202605062242,   4.704,9999.000,9999.000,9999.000,9999.000,9999.000,9999.000,9999.000,9999.000
202605062248,   4.794,9999.000,9999.000,9999.000,9999.000,9999.000,9999.000,9999.000,9999.000
202605062254,   4.879,9999.000,9999.000,9999.000,9999.000,9999.000,9999.000,9999.000,9999.000
202605062300,   4.960,9999.000,   0.200,  -0.723,   4.437,   0.100,   4.337,   0.300,   4.537
202605062306,   5.037,9999.000,9999.000,9999.000,9999.000,9999.000,9999.000,9999.000,9999.000
202605062312,   5.109,9999.000,9999.000,9999.000,9999.000,9999.000,9999.000,9999.000,9999.000
202605062318,   5.176,9999.000,9999.000,9999.000,9999.000,9999.000,9999.000,9999.000,9999.000
202605062324,   5.239,9999.000,9999.000,9999.000,9999.000,9999.000,9999.000,9999.000,9999.000
202605062330,   5.297,9999.000,9999.000,9999.000,9999.000,9999.000,9999.000,9999.000,9999.000
202605062336,   5.351,9999.000,9999.000,9999.000,9999.000,9999.000,9999.000,9999.000,9999.000
202605062342,   5.400,9999.000,9999.000,9999.000,9999.000,9999.000,9999.000,9999.000,9999.000
202605062348,   5.444,9999.000,9999.000,9999.000,9999.000,9999.000,9999.000,9999.000,9999.000
202605062354,   5.484,9999.000,9999.000,9999.000,9999.000,9999.000,9999.000,9999.000,9999.000
202605070000,   5.520,9999.000,   0.200,  -0.723,   4.997,   0.100,   4.897,   0.300,   5.097
202605070006,   5.552,9999.000,9999.000,9999.000,9999.000,9999.000,9999.000,9999.000,9999.000
202605070012,   5.579,9999.000,9999.000,9999.000,9999.000,9999.000,9999.000,9999.000,9999.000
202605070018,   5.602,9999.000,9999.000,9999.000,9999.000,9999.000,9999.000,9999.000,9999.000
202605070024,   5.621,9999.000,9999.000,9999.000,9999.000,9999.000,9999.000,9999.000,9999.000
202605070030,   5.637,9999.000,9999.000,9999.000,9999.000,9999.000,9999.000,9999.000,9999.000
202605070036,   5.649,9999.000,9999.000,9999.000,9999.000,9999.000,9999.000,9999.000,9999.000
202605070042,   5.656,9999.000,9999.000,9999.000,9999.000,9999.000,9999.000,9999.000,9999.000
202605070048,   5.661,9999.000,9999.000,9999.000,9999.000,9999.000,9999.000,9999.000,9999.000
202605070054,   5.662,9999.000,9999.000,9999.000,9999.000,9999.000,9999.000,9999.000,9999.000
202605070100,   5.659,9999.000,   0.200,  -0.723,   5.136,   0.100,   5.036,   0.300,   5.236
202605070106,   5.653,9999.000,9999.000,9999.000,9999.000,9999.000,9999.000,9999.000,9999.000
202605070112,   5.645,9999.000,9999.000,9999.000,9999.000,9999.000,9999.000,9999.000,9999.000
202605070118,   5.633,9999.000,9999.000,9999.000,9999.000,9999.000,9999.000,9999.000,9999.000
202605070124,   5.618,9999.000,9999.000,9999.000,9999.000,9999.000,9999.000,9999.000,9999.000
202605070130,   5.600,9999.000,9999.000,9999.000,9999.000,9999.000,9999.000,9999.000,9999.000
202605070136,   5.579,9999.000,9999.000,9999.000,9999.000,9999.000,9999.000,9999.000,9999.000
202605070142,   5.556,9999.000,9999.000,9999.000,9999.000,9999.000,9999.000,9999.000,9999.000
202605070148,   5.531,9999.000,9999.000,9999.000,9999.000,9999.000,9999.000,9999.000,9999.000
202605070154,   5.503,9999.000,9999.000,9999.000,9999.000,9999.000,9999.000,9999.000,9999.000
202605070200,   5.472,9999.000,   0.200,  -0.723,   4.949,   0.100,   4.849,   0.300,   5.049
202605070206,   5.440,9999.000,9999.000,9999.000,9999.000,9999.000,9999.000,9999.000,9999.000
202605070212,   5.406,9999.000,9999.000,9999.000,9999.000,9999.000,9999.000,9999.000,9999.000
202605070218,   5.371,9999.000,9999.000,9999.000,9999.000,9999.000,9999.000,9999.000,9999.000
202605070224,   5.333,9999.000,9999.000,9999.000,9999.000,9999.000,9999.000,9999.000,9999.000
202605070230,   5.295,9999.000,9999.000,9999.000,9999.000,9999.000,9999.000,9999.000,9999.000
202605070236,   5.256,9999.000,9999.000,9999.000,9999.000,9999.000,9999.000,9999.000,9999.000
202605070242,   5.215,9999.000,9999.000,9999.000,9999.000,9999.000,9999.000,9999.000,9999.000
202605070248,   5.174,9999.000,9999.000,9999.000,9999.000,9999.000,9999.000,9999.000,9999.000
202605070254,   5.133,9999.000,9999.000,9999.000,9999.000,9999.000,9999.000,9999.000,9999.000
202605070300,   5.092,9999.000,   0.200,  -0.723,   4.569,   0.200,   4.569,   0.300,   4.669
202605070306,   5.051,9999.000,9999.000,9999.000,9999.000,9999.000,9999.000,9999.000,9999.000
202605070312,   5.010,9999.000,9999.000,9999.000,9999.000,9999.000,9999.000,9999.000,9999.000
202605070318,   4.971,9999.000,9999.000,9999.000,9999.000,9999.000,9999.000,9999.000,9999.000
202605070324,   4.932,9999.000,9999.000,9999.000,9999.000,9999.000,9999.000,9999.000,9999.000
202605070330,   4.895,9999.000,9999.000,9999.000,9999.000,9999.000,9999.000,9999.000,9999.000
202605070336,   4.859,9999.000,9999.000,9999.000,9999.000,9999.000,9999.000,9999.000,9999.000
202605070342,   4.825,9999.000,9999.000,9999.000,9999.000,9999.000,9999.000,9999.000,9999.000
202605070348,   4.793,9999.000,9999.000,9999.000,9999.000,9999.000,9999.000,9999.000,9999.000
202605070354,   4.763,9999.000,9999.000,9999.000,9999.000,9999.000,9999.000,9999.000,9999.000
202605070400,   4.736,9999.000,   0.200,  -0.723,   4.213,   0.100,   4.113,   0.300,   4.313
202605070406,   4.712,9999.000,9999.000,9999.000,9999.000,9999.000,9999.000,9999.000,9999.000
202605070412,   4.690,9999.000,9999.000,9999.000,9999.000,9999.000,9999.000,9999.000,9999.000
202605070418,   4.672,9999.000,9999.000,9999.000,9999.000,9999.000,9999.000,9999.000,9999.000
202605070424,   4.656,9999.000,9999.000,9999.000,9999.000,9999.000,9999.000,9999.000,9999.000
202605070430,   4.644,9999.000,9999.000,9999.000,9999.000,9999.000,9999.000,9999.000,9999.000
202605070436,   4.635,9999.000,9999.000,9999.000,9999.000,9999.000,9999.000,9999.000,9999.000
202605070442,   4.630,9999.000,9999.000,9999.000,9999.000,9999.000,9999.000,9999.000,9999.000
202605070448,   4.628,9999.000,9999.000,9999.000,9999.000,9999.000,9999.000,9999.000,9999.000
202605070454,   4.629,9999.000,9999.000,9999.000,9999.000,9999.000,9999.000,9999.000,9999.000
202605070500,   4.634,9999.000,   0.200,  -0.723,   4.111,   0.100,   4.011,   0.300,   4.211
202605070506,   4.642,9999.000,9999.000,9999.000,9999.000,9999.000,9999.000,9999.000,9999.000
202605070512,   4.653,9999.000,9999.000,9999.000,9999.000,9999.000,9999.000,9999.000,9999.000
202605070518,   4.668,9999.000,9999.000,9999.000,9999.000,9999.000,9999.000,9999.000,9999.000
202605070524,   4.686,9999.000,9999.000,9999.000,9999.000,9999.000,9999.000,9999.000,9999.000
202605070530,   4.707,9999.000,9999.000,9999.000,9999.000,9999.000,9999.000,9999.000,9999.000
202605070536,   4.731,9999.000,9999.000,9999.000,9999.000,9999.000,9999.000,9999.000,9999.000
202605070542,   4.758,9999.000,9999.000,9999.000,9999.000,9999.000,9999.000,9999.000,9999.000
202605070548,   4.787,9999.000,9999.000,9999.000,9999.000,9999.000,9999.000,9999.000,9999.000
202605070554,   4.820,9999.000,9999.000,9999.000,9999.000,9999.000,9999.000,9999.000,9999.000
202605070600,   4.855,9999.000,   0.200,  -0.723,   4.332,   0.100,   4.232,   0.300,   4.432
