        TIME,    TIDE,      OB,   SURGE,    BIAS,     TWL,SURGE90p,  TWL90p,SURGE10p,   TWL10p
202602200600,   2.172,   3.739,   1.200,   0.367,   3.739,   1.100,   3.639,   1.300,   3.839
202602200606,   2.034,9999.000,9999.000,9999.000,9999.000,9999.000,9999.000,9999.000,9999.000
202602200612,   1.897,   3.548,9999.000,9999.000,9999.000,9999.000,9999.000,9999.000,9999.000
202602200618,   1.761,9999.000,9999.000,9999.000,9999.000,9999.000,9999.000,9999.000,9999.000
202602200624,   1.626,   3.138,9999.000,9999.000,9999.000,9999.000,9999.000,9999.000,9999.000
202602200630,   1.493,9999.000,9999.000,9999.000,9999.000,9999.000,9999.000,9999.000,9999.000
202602200636,   1.363,   2.938,9999.000,9999.000,9999.000,9999.000,9999.000,9999.000,9999.000
202602200642,   1.234,9999.000,9999.000,9999.000,9999.000,9999.000,9999.000,9999.000,9999.000
202602200648,   1.108,   2.630,9999.000,9999.000,9999.000,9999.000,9999.000,9999.000,9999.000
202602200654,   0.985,9999.000,9999.000,9999.000,9999.000,9999.000,9999.000,9999.000,9999.000
202602200700,   0.865,   2.328,   1.200,   0.263,   2.328,   1.000,   2.128,   1.300,   2.428
202602200706,   0.748,   2.230,9999.000,9999.000,9999.000,9999.000,9999.000,9999.000,9999.000
202602200712,   0.635,   2.040,9999.000,9999.000,9999.000,9999.000,9999.000,9999.000,9999.000
202602200718,   0.525,   1.879,9999.000,9999.000,9999.000,9999.000,9999.000,9999.000,9999.000
202602200724,   0.420,   1.748,9999.000,9999.000,9999.000,9999.000,9999.000,9999.000,9999.000
202602200730,   0.319,   1.699,9999.000,9999.000,9999.000,9999.000,9999.000,9999.000,9999.000
202602200736,   0.223,   1.571,9999.000,9999.000,9999.000,9999.000,9999.000,9999.000,9999.000
202602200742,   0.132,   1.410,9999.000,9999.000,9999.000,9999.000,9999.000,9999.000,9999.000
202602200748,   0.046,   1.371,9999.000,9999.000,9999.000,9999.000,9999.000,9999.000,9999.000
202602200754,  -0.033,   1.259,9999.000,9999.000,9999.000,9999.000,9999.000,9999.000,9999.000
202602200800,  -0.107,   1.180,   1.200,   0.087,   1.180,   1.000,   0.980,   1.300,   1.280
202602200806,  -0.175,   1.079,9999.000,9999.000,9999.000,9999.000,9999.000,9999.000,9999.000
202602200812,  -0.237,   1.108,9999.000,9999.000,9999.000,9999.000,9999.000,9999.000,9999.000
202602200818,  -0.291,   1.039,9999.000,9999.000,9999.000,9999.000,9999.000,9999.000,9999.000
202602200824,  -0.339,   1.000,9999.000,9999.000,9999.000,9999.000,9999.000,9999.000,9999.000
202602200830,  -0.380,   0.970,9999.000,9999.000,9999.000,9999.000,9999.000,9999.000,9999.000
202602200836,  -0.413,   0.898,9999.000,9999.000,9999.000,9999.000,9999.000,9999.000,9999.000
202602200842,  -0.439,   0.810,9999.000,9999.000,9999.000,9999.000,9999.000,9999.000,9999.000
202602200848,  -0.457,   0.888,9999.000,9999.000,9999.000,9999.000,9999.000,9999.000,9999.000
202602200854,  -0.467,   1.020,9999.000,9999.000,9999.000,9999.000,9999.000,9999.000,9999.000
202602200900,  -0.470,   1.049,   1.200,   0.319,   1.049,   1.100,   0.949,   1.300,   1.149
202602200906,  -0.465,   0.970,9999.000,9999.000,9999.000,9999.000,9999.000,9999.000,9999.000
202602200912,  -0.453,   0.839,9999.000,9999.000,9999.000,9999.000,9999.000,9999.000,9999.000
202602200918,  -0.433,   1.020,9999.000,9999.000,9999.000,9999.000,9999.000,9999.000,9999.000
202602200924,  -0.406,   1.161,9999.000,9999.000,9999.000,9999.000,9999.000,9999.000,9999.000
202602200930,  -0.372,   1.128,9999.000,9999.000,9999.000,9999.000,9999.000,9999.000,9999.000
202602200936,  -0.331,   1.138,9999.000,9999.000,9999.000,9999.000,9999.000,9999.000,9999.000
202602200942,  -0.283,   1.289,9999.000,9999.000,9999.000,9999.000,9999.000,9999.000,9999.000
202602200948,  -0.229,   1.249,9999.000,9999.000,9999.000,9999.000,9999.000,9999.000,9999.000
202602200954,  -0.169,   1.298,9999.000,9999.000,9999.000,9999.000,9999.000,9999.000,9999.000
202602201000,  -0.103,   1.439,   1.200,   0.342,   1.439,   1.100,   1.339,   1.300,   1.539
202602201006,  -0.032,   1.538,9999.000,9999.000,9999.000,9999.000,9999.000,9999.000,9999.000
202602201012,   0.043,   1.508,9999.000,9999.000,9999.000,9999.000,9999.000,9999.000,9999.000
202602201018,   0.125,   1.557,9999.000,9999.000,9999.000,9999.000,9999.000,9999.000,9999.000
202602201024,   0.211,   1.669,9999.000,9999.000,9999.000,9999.000,9999.000,9999.000,9999.000
202602201030,   0.301,   1.840,9999.000,9999.000,9999.000,9999.000,9999.000,9999.000,9999.000
202602201036,   0.395,   1.830,9999.000,9999.000,9999.000,9999.000,9999.000,9999.000,9999.000
202602201042,   0.493,   2.000,9999.000,9999.000,9999.000,9999.000,9999.000,9999.000,9999.000
202602201048,   0.594,   2.030,9999.000,9999.000,9999.000,9999.000,9999.000,9999.000,9999.000
202602201054,   0.698,   2.089,9999.000,9999.000,9999.000,9999.000,9999.000,9999.000,9999.000
202602201100,   0.806,   2.200,   1.200,   0.194,   2.200,   1.100,   2.100,   1.300,   2.300
202602201106,   0.916,   2.289,9999.000,9999.000,9999.000,9999.000,9999.000,9999.000,9999.000
202602201112,   1.029,   2.387,9999.000,9999.000,9999.000,9999.000,9999.000,9999.000,9999.000
202602201118,   1.145,   2.509,9999.000,9999.000,9999.000,9999.000,9999.000,9999.000,9999.000
202602201124,   1.262,   2.578,9999.000,9999.000,9999.000,9999.000,9999.000,9999.000,9999.000
202602201130,   1.382,   2.768,9999.000,9999.000,9999.000,9999.000,9999.000,9999.000,9999.000
202602201136,   1.504,   2.919,9999.000,9999.000,9999.000,9999.000,9999.000,9999.000,9999.000
202602201142,   1.628,   3.050,9999.000,9999.000,9999.000,9999.000,9999.000,9999.000,9999.000
202602201148,   1.753,   3.188,9999.000,9999.000,9999.000,9999.000,9999.000,9999.000,9999.000
202602201154,   1.880,   3.270,9999.000,9999.000,9999.000,9999.000,9999.000,9999.000,9999.000
202602201200,   2.008,   3.427,   1.200,   0.219,   3.427,   1.100,   3.327,   1.300,   3.527
202602201206,   2.137,   3.470,9999.000,9999.000,9999.000,9999.000,9999.000,9999.000,9999.000
202602201212,   2.267,   3.680,9999.000,9999.000,9999.000,9999.000,9999.000,9999.000,9999.000
202602201218,   2.397,   3.827,9999.000,9999.000,9999.000,9999.000,9999.000,9999.000,9999.000
202602201224,   2.528,   3.988,9999.000,9999.000,9999.000,9999.000,9999.000,9999.000,9999.000
202602201230,   2.659,   4.119,9999.000,9999.000,9999.000,9999.000,9999.000,9999.000,9999.000
202602201236,   2.790,   4.267,9999.000,9999.000,9999.000,9999.000,9999.000,9999.000,9999.000
202602201242,   2.921,   4.349,9999.000,9999.000,9999.000,9999.000,9999.000,9999.000,9999.000
202602201248,   3.050,   4.509,9999.000,9999.000,9999.000,9999.000,9999.000,9999.000,9999.000
202602201254,   3.179,   4.608,9999.000,9999.000,9999.000,9999.000,9999.000,9999.000,9999.000
202602201300,   3.306,   4.818,   1.200,   0.312,   4.818,   1.100,   4.718,   1.300,   4.918
202602201306,   3.431,   4.969,9999.000,9999.000,9999.000,9999.000,9999.000,9999.000,9999.000
202602201312,   3.553,   5.139,9999.000,9999.000,9999.000,9999.000,9999.000,9999.000,9999.000
202602201318,   3.674,   5.287,9999.000,9999.000,9999.000,9999.000,9999.000,9999.000,9999.000
202602201324,   3.791,   5.549,9999.000,9999.000,9999.000,9999.000,9999.000,9999.000,9999.000
202602201330,   3.905,   5.707,9999.000,9999.000,9999.000,9999.000,9999.000,9999.000,9999.000
202602201336,   4.015,   5.707,9999.000,9999.000,9999.000,9999.000,9999.000,9999.000,9999.000
202602201342,   4.121,   5.749,9999.000,9999.000,9999.000,9999.000,9999.000,9999.000,9999.000
202602201348,   4.222,   6.028,9999.000,9999.000,9999.000,9999.000,9999.000,9999.000,9999.000
202602201354,   4.319,   5.940,9999.000,9999.000,9999.000,9999.000,9999.000,9999.000,9999.000
202602201400,   4.411,   5.926,   1.300,   0.215,   5.926,   1.200,   5.826,   1.400,   6.026
202602201406,   4.498,   6.127,9999.000,9999.000,9999.000,9999.000,9999.000,9999.000,9999.000
202602201412,   4.579,   6.327,9999.000,9999.000,9999.000,9999.000,9999.000,9999.000,9999.000
202602201418,   4.654,   6.438,9999.000,9999.000,9999.000,9999.000,9999.000,9999.000,9999.000
202602201424,   4.723,   6.638,9999.000,9999.000,9999.000,9999.000,9999.000,9999.000,9999.000
202602201430,   4.785,   6.707,9999.000,9999.000,9999.000,9999.000,9999.000,9999.000,9999.000
202602201436,   4.841,   6.638,9999.000,9999.000,9999.000,9999.000,9999.000,9999.000,9999.000
202602201442,   4.890,   6.687,9999.000,9999.000,9999.000,9999.000,9999.000,9999.000,9999.000
202602201448,   4.933,   6.779,9999.000,9999.000,9999.000,9999.000,9999.000,9999.000,9999.000
202602201454,   4.968,   6.858,9999.000,9999.000,9999.000,9999.000,9999.000,9999.000,9999.000
202602201500,   4.996,   7.009,   1.300,   0.713,   7.009,   1.200,   6.909,   1.300,   7.009
202602201506,   5.016,   7.038,9999.000,9999.000,9999.000,9999.000,9999.000,9999.000,9999.000
202602201512,   5.030,   6.668,9999.000,9999.000,9999.000,9999.000,9999.000,9999.000,9999.000
202602201518,   5.035,   6.766,9999.000,9999.000,9999.000,9999.000,9999.000,9999.000,9999.000
202602201524,   5.033,   6.848,9999.000,9999.000,9999.000,9999.000,9999.000,9999.000,9999.000
202602201530,   5.023,   6.809,9999.000,9999.000,9999.000,9999.000,9999.000,9999.000,9999.000
202602201536,   5.006,   6.868,9999.000,9999.000,9999.000,9999.000,9999.000,9999.000,9999.000
202602201542,   4.981,   6.819,9999.000,9999.000,9999.000,9999.000,9999.000,9999.000,9999.000
202602201548,   4.948,   6.638,9999.000,9999.000,9999.000,9999.000,9999.000,9999.000,9999.000
202602201554,   4.907,   6.599,9999.000,9999.000,9999.000,9999.000,9999.000,9999.000,9999.000
202602201600,   4.859,   6.589,   1.300,   0.430,   6.589,   1.200,   6.489,   1.300,   6.589
202602201606,   4.804,   6.556,9999.000,9999.000,9999.000,9999.000,9999.000,9999.000,9999.000
202602201612,   4.741,   6.389,9999.000,9999.000,9999.000,9999.000,9999.000,9999.000,9999.000
202602201618,   4.671,   6.199,9999.000,9999.000,9999.000,9999.000,9999.000,9999.000,9999.000
202602201624,   4.594,   6.077,9999.000,9999.000,9999.000,9999.000,9999.000,9999.000,9999.000
202602201630,   4.510,   5.917,9999.000,9999.000,9999.000,9999.000,9999.000,9999.000,9999.000
202602201636,   4.420,   5.697,9999.000,9999.000,9999.000,9999.000,9999.000,9999.000,9999.000
202602201642,   4.324,   5.789,9999.000,9999.000,9999.000,9999.000,9999.000,9999.000,9999.000
202602201648,   4.221,   5.808,9999.000,9999.000,9999.000,9999.000,9999.000,9999.000,9999.000
202602201654,   4.114,   5.779,9999.000,9999.000,9999.000,9999.000,9999.000,9999.000,9999.000
202602201700,   4.001,   5.749,   1.200,   0.548,   5.749,   1.200,   5.749,   1.300,   5.849
202602201706,   3.883,   5.789,9999.000,9999.000,9999.000,9999.000,9999.000,9999.000,9999.000
202602201712,   3.761,   5.648,9999.000,9999.000,9999.000,9999.000,9999.000,9999.000,9999.000
202602201718,   3.635,   5.559,9999.000,9999.000,9999.000,9999.000,9999.000,9999.000,9999.000
202602201724,   3.506,   5.379,9999.000,9999.000,9999.000,9999.000,9999.000,9999.000,9999.000
202602201730,   3.373,   5.179,9999.000,9999.000,9999.000,9999.000,9999.000,9999.000,9999.000
202602201736,   3.238,   5.047,9999.000,9999.000,9999.000,9999.000,9999.000,9999.000,9999.000
202602201742,   3.100,   4.949,9999.000,9999.000,9999.000,9999.000,9999.000,9999.000,9999.000
202602201748,   2.961,   4.778,9999.000,9999.000,9999.000,9999.000,9999.000,9999.000,9999.000
202602201754,   2.821,   4.700,9999.000,9999.000,9999.000,9999.000,9999.000,9999.000,9999.000
202602201800,   2.679,   4.569,   1.200,   0.690,   4.569,   1.100,   4.469,   1.300,   4.669
202602201806,   2.537,   4.388,9999.000,9999.000,9999.000,9999.000,9999.000,9999.000,9999.000
202602201812,   2.395,   4.280,9999.000,9999.000,9999.000,9999.000,9999.000,9999.000,9999.000
202602201818,   2.253,   4.159,9999.000,9999.000,9999.000,9999.000,9999.000,9999.000,9999.000
202602201824,   2.112,   4.037,9999.000,9999.000,9999.000,9999.000,9999.000,9999.000,9999.000
202602201830,   1.972,   3.837,9999.000,9999.000,9999.000,9999.000,9999.000,9999.000,9999.000
202602201836,   1.832,   3.699,9999.000,9999.000,9999.000,9999.000,9999.000,9999.000,9999.000
202602201842,   1.694,   3.519,9999.000,9999.000,9999.000,9999.000,9999.000,9999.000,9999.000
202602201848,   1.558,   3.329,9999.000,9999.000,9999.000,9999.000,9999.000,9999.000,9999.000
202602201854,   1.424,   3.138,9999.000,9999.000,9999.000,9999.000,9999.000,9999.000,9999.000
202602201900,   1.292,   2.968,   1.200,   0.476,   2.968,   1.100,   2.868,   1.200,   2.968
202602201906,   1.163,   2.807,9999.000,9999.000,9999.000,9999.000,9999.000,9999.000,9999.000
202602201912,   1.037,   2.650,9999.000,9999.000,9999.000,9999.000,9999.000,9999.000,9999.000
202602201918,   0.913,   2.528,9999.000,9999.000,9999.000,9999.000,9999.000,9999.000,9999.000
202602201924,   0.793,   2.430,9999.000,9999.000,9999.000,9999.000,9999.000,9999.000,9999.000
202602201930,   0.676,   2.210,9999.000,9999.000,9999.000,9999.000,9999.000,9999.000,9999.000
202602201936,   0.563,   2.138,9999.000,9999.000,9999.000,9999.000,9999.000,9999.000,9999.000
202602201942,   0.455,   2.059,9999.000,9999.000,9999.000,9999.000,9999.000,9999.000,9999.000
202602201948,   0.350,   2.030,9999.000,9999.000,9999.000,9999.000,9999.000,9999.000,9999.000
202602201954,   0.251,   1.981,9999.000,9999.000,9999.000,9999.000,9999.000,9999.000,9999.000
202602202000,   0.156,   1.879,   1.200,   0.523,   1.879,   1.100,   1.779,   1.300,   1.979
202602202006,   0.067,   1.820,9999.000,9999.000,9999.000,9999.000,9999.000,9999.000,9999.000
202602202012,  -0.016,   1.679,9999.000,9999.000,9999.000,9999.000,9999.000,9999.000,9999.000
202602202018,  -0.094,   1.659,9999.000,9999.000,9999.000,9999.000,9999.000,9999.000,9999.000
202602202024,  -0.166,   1.669,9999.000,9999.000,9999.000,9999.000,9999.000,9999.000,9999.000
202602202030,  -0.232,   1.699,9999.000,9999.000,9999.000,9999.000,9999.000,9999.000,9999.000
202602202036,  -0.291,   1.758,9999.000,9999.000,9999.000,9999.000,9999.000,9999.000,9999.000
202602202042,  -0.343,   1.557,9999.000,9999.000,9999.000,9999.000,9999.000,9999.000,9999.000
202602202048,  -0.387,   1.430,9999.000,9999.000,9999.000,9999.000,9999.000,9999.000,9999.000
202602202054,  -0.425,   1.371,9999.000,9999.000,9999.000,9999.000,9999.000,9999.000,9999.000
202602202100,  -0.454,   1.548,   1.200,   0.802,   1.548,   1.100,   1.448,   1.300,   1.648
202602202106,  -0.477,   1.669,9999.000,9999.000,9999.000,9999.000,9999.000,9999.000,9999.000
202602202112,  -0.491,   1.518,9999.000,9999.000,9999.000,9999.000,9999.000,9999.000,9999.000
202602202118,  -0.498,   1.590,9999.000,9999.000,9999.000,9999.000,9999.000,9999.000,9999.000
202602202124,  -0.497,   1.439,9999.000,9999.000,9999.000,9999.000,9999.000,9999.000,9999.000
202602202130,  -0.488,   1.469,9999.000,9999.000,9999.000,9999.000,9999.000,9999.000,9999.000
202602202136,  -0.471,   1.489,9999.000,9999.000,9999.000,9999.000,9999.000,9999.000,9999.000
202602202142,  -0.447,   1.610,9999.000,9999.000,9999.000,9999.000,9999.000,9999.000,9999.000
202602202148,  -0.415,   1.649,9999.000,9999.000,9999.000,9999.000,9999.000,9999.000,9999.000
202602202154,  -0.376,   1.630,9999.000,9999.000,9999.000,9999.000,9999.000,9999.000,9999.000
202602202200,  -0.330,   1.610,   1.200,   0.740,   1.610,   1.100,   1.510,   1.200,   1.610
202602202206,  -0.278,   1.738,9999.000,9999.000,9999.000,9999.000,9999.000,9999.000,9999.000
202602202212,  -0.219,   1.767,9999.000,9999.000,9999.000,9999.000,9999.000,9999.000,9999.000
202602202218,  -0.154,   1.849,9999.000,9999.000,9999.000,9999.000,9999.000,9999.000,9999.000
202602202224,  -0.083,   1.849,9999.000,9999.000,9999.000,9999.000,9999.000,9999.000,9999.000
202602202230,  -0.006,   1.859,9999.000,9999.000,9999.000,9999.000,9999.000,9999.000,9999.000
202602202236,   0.074,   1.981,9999.000,9999.000,9999.000,9999.000,9999.000,9999.000,9999.000
202602202242,   0.161,   1.990,9999.000,9999.000,9999.000,9999.000,9999.000,9999.000,9999.000
202602202248,   0.252,   2.079,9999.000,9999.000,9999.000,9999.000,9999.000,9999.000,9999.000
202602202254,   0.347,   2.269,9999.000,9999.000,9999.000,9999.000,9999.000,9999.000,9999.000
202602202300,   0.446,   2.299,   1.100,   0.753,   2.299,   1.100,   2.299,   1.200,   2.399
202602202306,   0.549,   2.377,9999.000,9999.000,9999.000,9999.000,9999.000,9999.000,9999.000
202602202312,   0.655,   2.499,9999.000,9999.000,9999.000,9999.000,9999.000,9999.000,9999.000
202602202318,   0.765,   2.548,9999.000,9999.000,9999.000,9999.000,9999.000,9999.000,9999.000
202602202324,   0.877,   2.538,9999.000,9999.000,9999.000,9999.000,9999.000,9999.000,9999.000
202602202330,   0.992,   2.758,9999.000,9999.000,9999.000,9999.000,9999.000,9999.000,9999.000
202602202336,   1.109,   2.938,9999.000,9999.000,9999.000,9999.000,9999.000,9999.000,9999.000
202602202342,   1.229,   2.978,9999.000,9999.000,9999.000,9999.000,9999.000,9999.000,9999.000
202602202348,   1.350,   3.079,9999.000,9999.000,9999.000,9999.000,9999.000,9999.000,9999.000
202602202354,   1.474,   3.896,9999.000,9999.000,9999.000,9999.000,9999.000,9999.000,9999.000
202602210000,   1.599,   3.896,   1.100,   1.197,   3.896,   1.100,   3.896,   1.200,   3.996
202602210006,   1.726,   3.489,9999.000,9999.000,9999.000,9999.000,9999.000,9999.000,9999.000
202602210012,   1.854,   3.637,9999.000,9999.000,9999.000,9999.000,9999.000,9999.000,9999.000
202602210018,   1.983,   3.719,9999.000,9999.000,9999.000,9999.000,9999.000,9999.000,9999.000
202602210024,   2.114,   3.749,9999.000,9999.000,9999.000,9999.000,9999.000,9999.000,9999.000
202602210030,   2.245,   3.899,9999.000,9999.000,9999.000,9999.000,9999.000,9999.000,9999.000
202602210036,   2.377,   4.080,9999.000,9999.000,9999.000,9999.000,9999.000,9999.000,9999.000
202602210042,   2.509,   4.198,9999.000,9999.000,9999.000,9999.000,9999.000,9999.000,9999.000
202602210048,   2.641,   4.309,9999.000,9999.000,9999.000,9999.000,9999.000,9999.000,9999.000
202602210054,   2.773,   4.447,9999.000,9999.000,9999.000,9999.000,9999.000,9999.000,9999.000
202602210100,   2.905,   4.569,   1.100,   0.564,   4.569,   1.100,   4.569,   1.100,   4.569
202602210106,   3.036,   4.719,9999.000,9999.000,9999.000,9999.000,9999.000,9999.000,9999.000
202602210112,   3.166,   4.887,9999.000,9999.000,9999.000,9999.000,9999.000,9999.000,9999.000
202602210118,   3.294,   5.028,9999.000,9999.000,9999.000,9999.000,9999.000,9999.000,9999.000
202602210124,   3.420,   5.097,9999.000,9999.000,9999.000,9999.000,9999.000,9999.000,9999.000
202602210130,   3.545,   5.179,9999.000,9999.000,9999.000,9999.000,9999.000,9999.000,9999.000
202602210136,   3.667,   5.329,9999.000,9999.000,9999.000,9999.000,9999.000,9999.000,9999.000
202602210142,   3.786,   5.497,9999.000,9999.000,9999.000,9999.000,9999.000,9999.000,9999.000
202602210148,   3.901,   5.569,9999.000,9999.000,9999.000,9999.000,9999.000,9999.000,9999.000
202602210154,   4.014,   5.618,9999.000,9999.000,9999.000,9999.000,9999.000,9999.000,9999.000
202602210200,   4.122,   5.707,   1.100,   0.485,   5.707,   1.100,   5.707,   1.100,   5.707
202602210206,   4.226,   5.838,9999.000,9999.000,9999.000,9999.000,9999.000,9999.000,9999.000
202602210212,   4.326,   6.008,9999.000,9999.000,9999.000,9999.000,9999.000,9999.000,9999.000
202602210218,   4.420,   6.097,9999.000,9999.000,9999.000,9999.000,9999.000,9999.000,9999.000
202602210224,   4.510,   6.136,9999.000,9999.000,9999.000,9999.000,9999.000,9999.000,9999.000
202602210230,   4.594,   6.218,9999.000,9999.000,9999.000,9999.000,9999.000,9999.000,9999.000
202602210236,   4.672,   6.199,9999.000,9999.000,9999.000,9999.000,9999.000,9999.000,9999.000
202602210242,   4.744,   6.317,9999.000,9999.000,9999.000,9999.000,9999.000,9999.000,9999.000
202602210248,   4.810,   6.477,9999.000,9999.000,9999.000,9999.000,9999.000,9999.000,9999.000
202602210254,   4.869,   6.497,9999.000,9999.000,9999.000,9999.000,9999.000,9999.000,9999.000
202602210300,   4.922,   6.517,   1.100,   0.495,   6.517,   1.000,   6.417,   1.100,   6.517
202602210306,   4.969,   6.556,9999.000,9999.000,9999.000,9999.000,9999.000,9999.000,9999.000
202602210312,   5.008,   6.556,9999.000,9999.000,9999.000,9999.000,9999.000,9999.000,9999.000
202602210318,   5.040,   6.658,9999.000,9999.000,9999.000,9999.000,9999.000,9999.000,9999.000
202602210324,   5.065,   6.756,9999.000,9999.000,9999.000,9999.000,9999.000,9999.000,9999.000
202602210330,   5.083,   6.848,9999.000,9999.000,9999.000,9999.000,9999.000,9999.000,9999.000
202602210336,   5.093,   6.809,9999.000,9999.000,9999.000,9999.000,9999.000,9999.000,9999.000
202602210342,   5.096,   6.756,9999.000,9999.000,9999.000,9999.000,9999.000,9999.000,9999.000
202602210348,   5.091,   6.766,9999.000,9999.000,9999.000,9999.000,9999.000,9999.000,9999.000
202602210354,   5.079,   6.809,9999.000,9999.000,9999.000,9999.000,9999.000,9999.000,9999.000
202602210400,   5.059,   6.799,   1.000,   0.740,   6.799,   1.000,   6.799,   1.100,   6.899
202602210406,   5.032,   6.819,9999.000,9999.000,9999.000,9999.000,9999.000,9999.000,9999.000
202602210412,   4.997,   6.619,9999.000,9999.000,9999.000,9999.000,9999.000,9999.000,9999.000
202602210418,   4.955,   6.609,9999.000,9999.000,9999.000,9999.000,9999.000,9999.000,9999.000
202602210424,   4.905,   6.579,9999.000,9999.000,9999.000,9999.000,9999.000,9999.000,9999.000
202602210430,   4.848,   6.527,9999.000,9999.000,9999.000,9999.000,9999.000,9999.000,9999.000
202602210436,   4.784,   6.409,9999.000,9999.000,9999.000,9999.000,9999.000,9999.000,9999.000
202602210442,   4.714,   6.346,9999.000,9999.000,9999.000,9999.000,9999.000,9999.000,9999.000
202602210448,   4.636,   6.228,9999.000,9999.000,9999.000,9999.000,9999.000,9999.000,9999.000
202602210454,   4.552,   6.169,9999.000,9999.000,9999.000,9999.000,9999.000,9999.000,9999.000
202602210500,   4.462,   6.097,   1.000,   0.635,   6.097,   1.000,   6.097,   1.100,   6.197
202602210506,   4.366,   5.999,9999.000,9999.000,9999.000,9999.000,9999.000,9999.000,9999.000
202602210512,   4.265,   5.940,9999.000,9999.000,9999.000,9999.000,9999.000,9999.000,9999.000
202602210518,   4.158,   5.818,9999.000,9999.000,9999.000,9999.000,9999.000,9999.000,9999.000
202602210524,   4.046,   5.677,9999.000,9999.000,9999.000,9999.000,9999.000,9999.000,9999.000
202602210530,   3.930,   5.516,9999.000,9999.000,9999.000,9999.000,9999.000,9999.000,9999.000
202602210536,   3.809,   5.428,9999.000,9999.000,9999.000,9999.000,9999.000,9999.000,9999.000
202602210542,   3.685,   5.307,9999.000,9999.000,9999.000,9999.000,9999.000,9999.000,9999.000
202602210548,   3.558,   5.188,9999.000,9999.000,9999.000,9999.000,9999.000,9999.000,9999.000
202602210554,   3.428,   4.988,9999.000,9999.000,9999.000,9999.000,9999.000,9999.000,9999.000
202602210600,   3.296,   4.857,   1.100,   0.461,   4.857,   1.000,   4.757,   1.100,   4.857
202602210606,   3.161,   4.690,9999.000,9999.000,9999.000,9999.000,9999.000,9999.000,9999.000
202602210612,   3.025,   4.578,9999.000,9999.000,9999.000,9999.000,9999.000,9999.000,9999.000
202602210618,   2.888,   4.457,9999.000,9999.000,9999.000,9999.000,9999.000,9999.000,9999.000
202602210624,   2.750,   4.227,9999.000,9999.000,9999.000,9999.000,9999.000,9999.000,9999.000
202602210630,   2.612,   4.070,9999.000,9999.000,9999.000,9999.000,9999.000,9999.000,9999.000
202602210636,   2.474,   3.939,9999.000,9999.000,9999.000,9999.000,9999.000,9999.000,9999.000
202602210642,   2.336,   3.817,9999.000,9999.000,9999.000,9999.000,9999.000,9999.000,9999.000
202602210648,   2.199,   3.699,9999.000,9999.000,9999.000,9999.000,9999.000,9999.000,9999.000
202602210654,   2.063,   3.548,9999.000,9999.000,9999.000,9999.000,9999.000,9999.000,9999.000
202602210700,   1.928,   3.329,   1.000,   0.401,   3.329,   0.900,   3.229,   1.100,   3.429
202602210706,   1.794,   3.240,9999.000,9999.000,9999.000,9999.000,9999.000,9999.000,9999.000
202602210712,   1.663,   3.040,9999.000,9999.000,9999.000,9999.000,9999.000,9999.000,9999.000
202602210718,   1.533,   2.938,9999.000,9999.000,9999.000,9999.000,9999.000,9999.000,9999.000
202602210724,   1.405,   2.830,9999.000,9999.000,9999.000,9999.000,9999.000,9999.000,9999.000
202602210730,   1.281,   2.650,9999.000,9999.000,9999.000,9999.000,9999.000,9999.000,9999.000
202602210736,   1.158,   2.519,9999.000,9999.000,9999.000,9999.000,9999.000,9999.000,9999.000
202602210742,   1.039,   2.420,9999.000,9999.000,9999.000,9999.000,9999.000,9999.000,9999.000
202602210748,   0.923,   2.358,9999.000,9999.000,9999.000,9999.000,9999.000,9999.000,9999.000
202602210754,   0.810,   2.191,9999.000,9999.000,9999.000,9999.000,9999.000,9999.000,9999.000
202602210800,   0.701,   2.128,   1.000,   0.427,   2.128,   0.900,   2.028,   1.100,   2.228
202602210806,   0.596,   1.981,9999.000,9999.000,9999.000,9999.000,9999.000,9999.000,9999.000
202602210812,   0.495,   1.800,9999.000,9999.000,9999.000,9999.000,9999.000,9999.000,9999.000
202602210818,   0.398,   1.728,9999.000,9999.000,9999.000,9999.000,9999.000,9999.000,9999.000
202602210824,   0.306,   1.659,9999.000,9999.000,9999.000,9999.000,9999.000,9999.000,9999.000
202602210830,   0.219,   1.571,9999.000,9999.000,9999.000,9999.000,9999.000,9999.000,9999.000
202602210836,   0.137,   1.439,9999.000,9999.000,9999.000,9999.000,9999.000,9999.000,9999.000
202602210842,   0.060,   1.361,9999.000,9999.000,9999.000,9999.000,9999.000,9999.000,9999.000
202602210848,  -0.009,   1.289,9999.000,9999.000,9999.000,9999.000,9999.000,9999.000,9999.000
202602210854,  -0.074,   1.229,9999.000,9999.000,9999.000,9999.000,9999.000,9999.000,9999.000
202602210900,  -0.132,   1.220,   0.900,   0.452,   1.220,   0.900,   1.220,   1.000,   1.320
202602210906,  -0.184,   1.170,9999.000,9999.000,9999.000,9999.000,9999.000,9999.000,9999.000
202602210912,  -0.229,   1.180,9999.000,9999.000,9999.000,9999.000,9999.000,9999.000,9999.000
202602210918,  -0.268,   1.118,9999.000,9999.000,9999.000,9999.000,9999.000,9999.000,9999.000
202602210924,  -0.299,   1.039,9999.000,9999.000,9999.000,9999.000,9999.000,9999.000,9999.000
202602210930,  -0.323,   1.020,9999.000,9999.000,9999.000,9999.000,9999.000,9999.000,9999.000
202602210936,  -0.340,   1.029,9999.000,9999.000,9999.000,9999.000,9999.000,9999.000,9999.000
202602210942,  -0.349,   1.180,9999.000,9999.000,9999.000,9999.000,9999.000,9999.000,9999.000
202602210948,  -0.351,   1.079,9999.000,9999.000,9999.000,9999.000,9999.000,9999.000,9999.000
202602210954,  -0.346,   1.151,9999.000,9999.000,9999.000,9999.000,9999.000,9999.000,9999.000
202602211000,  -0.333,   1.098,   0.900,   0.531,   1.098,   0.800,   0.998,   1.000,   1.198
202602211006,  -0.313,   1.108,9999.000,9999.000,9999.000,9999.000,9999.000,9999.000,9999.000
202602211012,  -0.286,   1.161,9999.000,9999.000,9999.000,9999.000,9999.000,9999.000,9999.000
202602211018,  -0.253,   1.200,9999.000,9999.000,9999.000,9999.000,9999.000,9999.000,9999.000
202602211024,  -0.213,   1.289,9999.000,9999.000,9999.000,9999.000,9999.000,9999.000,9999.000
202602211030,  -0.166,   1.239,9999.000,9999.000,9999.000,9999.000,9999.000,9999.000,9999.000
202602211036,  -0.113,   1.308,9999.000,9999.000,9999.000,9999.000,9999.000,9999.000,9999.000
202602211042,  -0.055,   1.380,9999.000,9999.000,9999.000,9999.000,9999.000,9999.000,9999.000
202602211048,   0.008,   1.508,9999.000,9999.000,9999.000,9999.000,9999.000,9999.000,9999.000
202602211054,   0.077,   1.659,9999.000,9999.000,9999.000,9999.000,9999.000,9999.000,9999.000
202602211100,   0.151,   1.630,   0.900,   0.579,   1.630,   0.800,   1.530,   1.000,   1.730
202602211106,   0.229,   1.699,9999.000,9999.000,9999.000,9999.000,9999.000,9999.000,9999.000
202602211112,   0.312,   1.800,9999.000,9999.000,9999.000,9999.000,9999.000,9999.000,9999.000
202602211118,   0.399,   1.918,9999.000,9999.000,9999.000,9999.000,9999.000,9999.000,9999.000
202602211124,   0.489,   1.908,9999.000,9999.000,9999.000,9999.000,9999.000,9999.000,9999.000
202602211130,   0.583,   2.000,9999.000,9999.000,9999.000,9999.000,9999.000,9999.000,9999.000
202602211136,   0.680,   2.089,9999.000,9999.000,9999.000,9999.000,9999.000,9999.000,9999.000
202602211142,   0.780,   2.049,9999.000,9999.000,9999.000,9999.000,9999.000,9999.000,9999.000
202602211148,   0.882,   2.148,9999.000,9999.000,9999.000,9999.000,9999.000,9999.000,9999.000
202602211154,   0.987,   2.269,9999.000,9999.000,9999.000,9999.000,9999.000,9999.000,9999.000
202602211200,   1.095,   2.410,   0.900,   0.415,   2.410,   0.900,   2.410,   1.000,   2.510
202602211206,   1.204,   2.519,9999.000,9999.000,9999.000,9999.000,9999.000,9999.000,9999.000
202602211212,   1.315,   2.699,9999.000,9999.000,9999.000,9999.000,9999.000,9999.000,9999.000
202602211218,   1.428,   2.738,9999.000,9999.000,9999.000,9999.000,9999.000,9999.000,9999.000
202602211224,   1.543,   2.830,9999.000,9999.000,9999.000,9999.000,9999.000,9999.000,9999.000
202602211230,   1.660,   2.948,9999.000,9999.000,9999.000,9999.000,9999.000,9999.000,9999.000
202602211236,   1.777,   3.040,9999.000,9999.000,9999.000,9999.000,9999.000,9999.000,9999.000
202602211242,   1.896,   3.158,9999.000,9999.000,9999.000,9999.000,9999.000,9999.000,9999.000
202602211248,   2.016,   3.250,9999.000,9999.000,9999.000,9999.000,9999.000,9999.000,9999.000
202602211254,   2.136,   3.450,9999.000,9999.000,9999.000,9999.000,9999.000,9999.000,9999.000
202602211300,   2.258,   3.489,   0.900,   0.331,   3.489,   0.800,   3.389,   1.000,   3.589
202602211306,   2.379,   3.637,9999.000,9999.000,9999.000,9999.000,9999.000,9999.000,9999.000
202602211312,   2.501,   3.758,9999.000,9999.000,9999.000,9999.000,9999.000,9999.000,9999.000
202602211318,   2.623,   3.847,9999.000,9999.000,9999.000,9999.000,9999.000,9999.000,9999.000
202602211324,   2.744,   3.978,9999.000,9999.000,9999.000,9999.000,9999.000,9999.000,9999.000
202602211330,   2.865,   4.080,9999.000,9999.000,9999.000,9999.000,9999.000,9999.000,9999.000
202602211336,   2.985,   4.218,9999.000,9999.000,9999.000,9999.000,9999.000,9999.000,9999.000
202602211342,   3.104,   4.267,9999.000,9999.000,9999.000,9999.000,9999.000,9999.000,9999.000
202602211348,   3.221,   4.467,9999.000,9999.000,9999.000,9999.000,9999.000,9999.000,9999.000
202602211354,   3.336,   4.519,9999.000,9999.000,9999.000,9999.000,9999.000,9999.000,9999.000
202602211400,   3.448,   4.677,   0.900,   0.329,   4.677,   0.800,   4.577,   0.900,   4.677
202602211406,   3.559,   4.847,9999.000,9999.000,9999.000,9999.000,9999.000,9999.000,9999.000
202602211412,   3.666,   4.949,9999.000,9999.000,9999.000,9999.000,9999.000,9999.000,9999.000
202602211418,   3.770,   5.097,9999.000,9999.000,9999.000,9999.000,9999.000,9999.000,9999.000
202602211424,   3.870,   5.169,9999.000,9999.000,9999.000,9999.000,9999.000,9999.000,9999.000
202602211430,   3.967,   5.267,9999.000,9999.000,9999.000,9999.000,9999.000,9999.000,9999.000
202602211436,   4.059,   5.297,9999.000,9999.000,9999.000,9999.000,9999.000,9999.000,9999.000
202602211442,   4.146,   5.398,9999.000,9999.000,9999.000,9999.000,9999.000,9999.000,9999.000
202602211448,   4.229,   5.448,9999.000,9999.000,9999.000,9999.000,9999.000,9999.000,9999.000
202602211454,   4.306,   5.598,9999.000,9999.000,9999.000,9999.000,9999.000,9999.000,9999.000
202602211500,   4.378,   5.628,   0.800,   0.450,   5.628,   0.800,   5.628,   0.900,   5.728
202602211506,   4.445,   5.697,9999.000,9999.000,9999.000,9999.000,9999.000,9999.000,9999.000
202602211512,   4.505,   5.677,9999.000,9999.000,9999.000,9999.000,9999.000,9999.000,9999.000
202602211518,   4.559,   5.759,9999.000,9999.000,9999.000,9999.000,9999.000,9999.000,9999.000
202602211524,   4.608,   5.789,9999.000,9999.000,9999.000,9999.000,9999.000,9999.000,9999.000
202602211530,   4.649,   5.877,9999.000,9999.000,9999.000,9999.000,9999.000,9999.000,9999.000
202602211536,   4.684,   5.907,9999.000,9999.000,9999.000,9999.000,9999.000,9999.000,9999.000
202602211542,   4.713,   5.999,9999.000,9999.000,9999.000,9999.000,9999.000,9999.000,9999.000
202602211548,   4.734,   5.949,9999.000,9999.000,9999.000,9999.000,9999.000,9999.000,9999.000
202602211554,   4.748,   5.940,9999.000,9999.000,9999.000,9999.000,9999.000,9999.000,9999.000
202602211600,   4.756,   5.907,   0.800,   0.351,   5.907,   0.700,   5.807,   0.800,   5.907
202602211606,   4.756,   5.926,9999.000,9999.000,9999.000,9999.000,9999.000,9999.000,9999.000
202602211612,   4.749,   5.949,9999.000,9999.000,9999.000,9999.000,9999.000,9999.000,9999.000
202602211618,   4.735,   5.949,9999.000,9999.000,9999.000,9999.000,9999.000,9999.000,9999.000
202602211624,   4.714,   5.926,9999.000,9999.000,9999.000,9999.000,9999.000,9999.000,9999.000
202602211630,   4.685,   5.858,9999.000,9999.000,9999.000,9999.000,9999.000,9999.000,9999.000
202602211636,   4.650,   5.887,9999.000,9999.000,9999.000,9999.000,9999.000,9999.000,9999.000
202602211642,   4.607,   5.858,9999.000,9999.000,9999.000,9999.000,9999.000,9999.000,9999.000
202602211648,   4.557,   5.789,9999.000,9999.000,9999.000,9999.000,9999.000,9999.000,9999.000
202602211654,   4.500,   5.687,9999.000,9999.000,9999.000,9999.000,9999.000,9999.000,9999.000
202602211700,   4.437,   5.559,   0.700,   0.422,   5.559,   0.700,   5.559,   0.800,   5.659
202602211706,   4.367,   5.467,9999.000,9999.000,9999.000,9999.000,9999.000,9999.000,9999.000
202602211712,   4.290,   5.418,9999.000,9999.000,9999.000,9999.000,9999.000,9999.000,9999.000
202602211718,   4.207,   5.349,9999.000,9999.000,9999.000,9999.000,9999.000,9999.000,9999.000
202602211724,   4.118,   5.247,9999.000,9999.000,9999.000,9999.000,9999.000,9999.000,9999.000
202602211730,   4.024,   5.159,9999.000,9999.000,9999.000,9999.000,9999.000,9999.000,9999.000
202602211736,   3.924,   5.008,9999.000,9999.000,9999.000,9999.000,9999.000,9999.000,9999.000
202602211742,   3.820,   4.910,9999.000,9999.000,9999.000,9999.000,9999.000,9999.000,9999.000
202602211748,   3.710,   4.798,9999.000,9999.000,9999.000,9999.000,9999.000,9999.000,9999.000
202602211754,   3.596,   4.667,9999.000,9999.000,9999.000,9999.000,9999.000,9999.000,9999.000
202602211800,   3.479,   4.569,   0.800,   0.290,   4.569,   0.700,   4.469,   0.900,   4.669
202602211806,   3.358,   4.500,9999.000,9999.000,9999.000,9999.000,9999.000,9999.000,9999.000
202602211812,   3.234,   4.349,9999.000,9999.000,9999.000,9999.000,9999.000,9999.000,9999.000
202602211818,   3.107,   4.218,9999.000,9999.000,9999.000,9999.000,9999.000,9999.000,9999.000
202602211824,   2.978,   4.090,9999.000,9999.000,9999.000,9999.000,9999.000,9999.000,9999.000
202602211830,   2.847,   3.949,9999.000,9999.000,9999.000,9999.000,9999.000,9999.000,9999.000
202602211836,   2.715,   3.837,9999.000,9999.000,9999.000,9999.000,9999.000,9999.000,9999.000
202602211842,   2.582,   3.660,9999.000,9999.000,9999.000,9999.000,9999.000,9999.000,9999.000
202602211848,   2.449,   3.519,9999.000,9999.000,9999.000,9999.000,9999.000,9999.000,9999.000
202602211854,   2.315,   3.398,9999.000,9999.000,9999.000,9999.000,9999.000,9999.000,9999.000
202602211900,   2.181,   3.250,   0.900,   0.169,   3.250,   0.800,   3.150,   0.900,   3.250
202602211906,   2.048,   3.079,9999.000,9999.000,9999.000,9999.000,9999.000,9999.000,9999.000
202602211912,   1.916,   2.938,9999.000,9999.000,9999.000,9999.000,9999.000,9999.000,9999.000
202602211918,   1.785,   2.840,9999.000,9999.000,9999.000,9999.000,9999.000,9999.000,9999.000
202602211924,   1.655,   2.679,9999.000,9999.000,9999.000,9999.000,9999.000,9999.000,9999.000
202602211930,   1.527,   2.597,9999.000,9999.000,9999.000,9999.000,9999.000,9999.000,9999.000
202602211936,   1.401,   2.509,9999.000,9999.000,9999.000,9999.000,9999.000,9999.000,9999.000
202602211942,   1.277,   2.348,9999.000,9999.000,9999.000,9999.000,9999.000,9999.000,9999.000
202602211948,   1.156,   2.230,9999.000,9999.000,9999.000,9999.000,9999.000,9999.000,9999.000
202602211954,   1.037,   2.079,9999.000,9999.000,9999.000,9999.000,9999.000,9999.000,9999.000
202602212000,   0.921,   1.918,   0.900,   0.097,   1.918,   0.800,   1.818,   0.900,   1.918
202602212006,   0.808,   1.849,9999.000,9999.000,9999.000,9999.000,9999.000,9999.000,9999.000
202602212012,   0.699,   1.610,9999.000,9999.000,9999.000,9999.000,9999.000,9999.000,9999.000
202602212018,   0.593,   1.518,9999.000,9999.000,9999.000,9999.000,9999.000,9999.000,9999.000
202602212024,   0.491,   1.380,9999.000,9999.000,9999.000,9999.000,9999.000,9999.000,9999.000
202602212030,   0.393,   1.318,9999.000,9999.000,9999.000,9999.000,9999.000,9999.000,9999.000
202602212036,   0.299,   1.259,9999.000,9999.000,9999.000,9999.000,9999.000,9999.000,9999.000
202602212042,   0.210,   1.170,9999.000,9999.000,9999.000,9999.000,9999.000,9999.000,9999.000
202602212048,   0.125,   1.079,9999.000,9999.000,9999.000,9999.000,9999.000,9999.000,9999.000
202602212054,   0.046,   1.039,9999.000,9999.000,9999.000,9999.000,9999.000,9999.000,9999.000
202602212100,  -0.027,   0.980,   0.900,   0.107,   0.980,   0.800,   0.880,   0.900,   0.980
202602212106,  -0.096,   0.879,9999.000,9999.000,9999.000,9999.000,9999.000,9999.000,9999.000
202602212112,  -0.158,   0.770,9999.000,9999.000,9999.000,9999.000,9999.000,9999.000,9999.000
202602212118,  -0.214,   0.731,9999.000,9999.000,9999.000,9999.000,9999.000,9999.000,9999.000
202602212124,  -0.264,   0.649,9999.000,9999.000,9999.000,9999.000,9999.000,9999.000,9999.000
202602212130,  -0.308,   0.629,9999.000,9999.000,9999.000,9999.000,9999.000,9999.000,9999.000
202602212136,  -0.344,   0.600,9999.000,9999.000,9999.000,9999.000,9999.000,9999.000,9999.000
202602212142,  -0.373,   0.551,9999.000,9999.000,9999.000,9999.000,9999.000,9999.000,9999.000
202602212148,  -0.395,   0.541,9999.000,9999.000,9999.000,9999.000,9999.000,9999.000,9999.000
202602212154,  -0.410,   0.508,9999.000,9999.000,9999.000,9999.000,9999.000,9999.000,9999.000
202602212200,  -0.417,   0.560,   0.800,   0.177,   0.560,   0.800,   0.560,   0.900,   0.660
202602212206,  -0.417,   0.649,9999.000,9999.000,9999.000,9999.000,9999.000,9999.000,9999.000
202602212212,  -0.410,   0.600,9999.000,9999.000,9999.000,9999.000,9999.000,9999.000,9999.000
202602212218,  -0.394,   0.659,9999.000,9999.000,9999.000,9999.000,9999.000,9999.000,9999.000
202602212224,  -0.372,   0.708,9999.000,9999.000,9999.000,9999.000,9999.000,9999.000,9999.000
202602212230,  -0.342,   0.688,9999.000,9999.000,9999.000,9999.000,9999.000,9999.000,9999.000
202602212236,  -0.305,   0.741,9999.000,9999.000,9999.000,9999.000,9999.000,9999.000,9999.000
202602212242,  -0.261,   0.780,9999.000,9999.000,9999.000,9999.000,9999.000,9999.000,9999.000
202602212248,  -0.210,   0.859,9999.000,9999.000,9999.000,9999.000,9999.000,9999.000,9999.000
202602212254,  -0.153,   0.941,9999.000,9999.000,9999.000,9999.000,9999.000,9999.000,9999.000
202602212300,  -0.090,   1.029,   0.800,   0.319,   1.029,   0.800,   1.029,   0.900,   1.129
202602212306,  -0.020,   1.059,9999.000,9999.000,9999.000,9999.000,9999.000,9999.000,9999.000
202602212312,   0.054,   1.161,9999.000,9999.000,9999.000,9999.000,9999.000,9999.000,9999.000
202602212318,   0.134,   1.210,9999.000,9999.000,9999.000,9999.000,9999.000,9999.000,9999.000
202602212324,   0.219,   1.348,9999.000,9999.000,9999.000,9999.000,9999.000,9999.000,9999.000
202602212330,   0.309,   1.479,9999.000,9999.000,9999.000,9999.000,9999.000,9999.000,9999.000
202602212336,   0.403,   1.479,9999.000,9999.000,9999.000,9999.000,9999.000,9999.000,9999.000
202602212342,   0.501,   1.548,9999.000,9999.000,9999.000,9999.000,9999.000,9999.000,9999.000
202602212348,   0.602,   1.649,9999.000,9999.000,9999.000,9999.000,9999.000,9999.000,9999.000
202602212354,   0.707,   1.728,9999.000,9999.000,9999.000,9999.000,9999.000,9999.000,9999.000
202602220000,   0.815,   1.728,   0.800,   0.113,   1.728,   0.800,   1.728,   0.900,   1.828
202602220006,   0.926,   1.948,9999.000,9999.000,9999.000,9999.000,9999.000,9999.000,9999.000
202602220012,   1.039,   2.069,9999.000,9999.000,9999.000,9999.000,9999.000,9999.000,9999.000
202602220018,   1.155,   2.138,9999.000,9999.000,9999.000,9999.000,9999.000,9999.000,9999.000
202602220024,   1.273,   2.250,9999.000,9999.000,9999.000,9999.000,9999.000,9999.000,9999.000
202602220030,   1.393,   2.377,9999.000,9999.000,9999.000,9999.000,9999.000,9999.000,9999.000
202602220036,   1.514,   2.499,9999.000,9999.000,9999.000,9999.000,9999.000,9999.000,9999.000
202602220042,   1.637,   2.587,9999.000,9999.000,9999.000,9999.000,9999.000,9999.000,9999.000
202602220048,   1.762,   2.748,9999.000,9999.000,9999.000,9999.000,9999.000,9999.000,9999.000
202602220054,   1.888,   2.899,9999.000,9999.000,9999.000,9999.000,9999.000,9999.000,9999.000
202602220100,   2.015,   3.030,   0.800,   0.215,   3.030,   0.800,   3.030,   0.900,   3.130
202602220106,   2.142,   3.148,9999.000,9999.000,9999.000,9999.000,9999.000,9999.000,9999.000
202602220112,   2.271,   3.279,9999.000,9999.000,9999.000,9999.000,9999.000,9999.000,9999.000
202602220118,   2.400,   3.440,9999.000,9999.000,9999.000,9999.000,9999.000,9999.000,9999.000
202602220124,   2.529,   3.539,9999.000,9999.000,9999.000,9999.000,9999.000,9999.000,9999.000
202602220130,   2.659,   3.729,9999.000,9999.000,9999.000,9999.000,9999.000,9999.000,9999.000
202602220136,   2.788,   3.827,9999.000,9999.000,9999.000,9999.000,9999.000,9999.000,9999.000
202602220142,   2.917,   3.998,9999.000,9999.000,9999.000,9999.000,9999.000,9999.000,9999.000
202602220148,   3.045,   4.129,9999.000,9999.000,9999.000,9999.000,9999.000,9999.000,9999.000
202602220154,   3.172,   4.267,9999.000,9999.000,9999.000,9999.000,9999.000,9999.000,9999.000
202602220200,   3.298,   4.300,   0.800,   0.202,   4.300,   0.800,   4.300,   0.900,   4.400
202602220206,   3.422,   4.467,9999.000,9999.000,9999.000,9999.000,9999.000,9999.000,9999.000
202602220212,   3.545,   4.598,9999.000,9999.000,9999.000,9999.000,9999.000,9999.000,9999.000
202602220218,   3.665,   4.739,9999.000,9999.000,9999.000,9999.000,9999.000,9999.000,9999.000
202602220224,   3.782,   4.828,9999.000,9999.000,9999.000,9999.000,9999.000,9999.000,9999.000
202602220230,   3.897,   4.959,9999.000,9999.000,9999.000,9999.000,9999.000,9999.000,9999.000
202602220236,   4.008,   5.087,9999.000,9999.000,9999.000,9999.000,9999.000,9999.000,9999.000
202602220242,   4.116,   5.120,9999.000,9999.000,9999.000,9999.000,9999.000,9999.000,9999.000
202602220248,   4.220,   5.238,9999.000,9999.000,9999.000,9999.000,9999.000,9999.000,9999.000
202602220254,   4.319,   5.349,9999.000,9999.000,9999.000,9999.000,9999.000,9999.000,9999.000
202602220300,   4.414,   5.487,   0.900,   0.173,   5.487,   0.800,   5.387,   0.900,   5.487
202602220306,   4.504,   5.559,9999.000,9999.000,9999.000,9999.000,9999.000,9999.000,9999.000
202602220312,   4.589,   5.628,9999.000,9999.000,9999.000,9999.000,9999.000,9999.000,9999.000
202602220318,   4.669,   5.717,9999.000,9999.000,9999.000,9999.000,9999.000,9999.000,9999.000
202602220324,   4.743,   5.828,9999.000,9999.000,9999.000,9999.000,9999.000,9999.000,9999.000
202602220330,   4.811,   5.877,9999.000,9999.000,9999.000,9999.000,9999.000,9999.000,9999.000
202602220336,   4.873,   5.926,9999.000,9999.000,9999.000,9999.000,9999.000,9999.000,9999.000
202602220342,   4.929,   5.969,9999.000,9999.000,9999.000,9999.000,9999.000,9999.000,9999.000
202602220348,   4.978,   6.008,9999.000,9999.000,9999.000,9999.000,9999.000,9999.000,9999.000
202602220354,   5.020,   6.048,9999.000,9999.000,9999.000,9999.000,9999.000,9999.000,9999.000
202602220400,   5.056,   6.087,   0.900,   0.131,   6.087,   0.900,   6.087,   0.900,   6.087
202602220406,   5.085,   6.149,9999.000,9999.000,9999.000,9999.000,9999.000,9999.000,9999.000
202602220412,   5.108,   6.117,9999.000,9999.000,9999.000,9999.000,9999.000,9999.000,9999.000
202602220418,   5.123,   6.097,9999.000,9999.000,9999.000,9999.000,9999.000,9999.000,9999.000
202602220424,   5.131,   6.107,9999.000,9999.000,9999.000,9999.000,9999.000,9999.000,9999.000
202602220430,   5.131,   6.149,9999.000,9999.000,9999.000,9999.000,9999.000,9999.000,9999.000
202602220436,   5.125,   6.136,9999.000,9999.000,9999.000,9999.000,9999.000,9999.000,9999.000
202602220442,   5.112,   6.067,9999.000,9999.000,9999.000,9999.000,9999.000,9999.000,9999.000
202602220448,   5.091,   6.067,9999.000,9999.000,9999.000,9999.000,9999.000,9999.000,9999.000
202602220454,   5.063,   6.038,9999.000,9999.000,9999.000,9999.000,9999.000,9999.000,9999.000
202602220500,   5.028,   5.949,   0.900,   0.021,   5.949,   0.900,   5.949,   0.900,   5.949
202602220506,   4.986,   5.897,9999.000,9999.000,9999.000,9999.000,9999.000,9999.000,9999.000
202602220512,   4.937,   5.848,9999.000,9999.000,9999.000,9999.000,9999.000,9999.000,9999.000
202602220518,   4.881,   5.789,9999.000,9999.000,9999.000,9999.000,9999.000,9999.000,9999.000
202602220524,   4.818,   5.730,9999.000,9999.000,9999.000,9999.000,9999.000,9999.000,9999.000
202602220530,   4.749,   5.657,9999.000,9999.000,9999.000,9999.000,9999.000,9999.000,9999.000
202602220536,   4.673,   5.589,9999.000,9999.000,9999.000,9999.000,9999.000,9999.000,9999.000
202602220542,   4.592,   5.516,9999.000,9999.000,9999.000,9999.000,9999.000,9999.000,9999.000
202602220548,   4.504,   5.457,9999.000,9999.000,9999.000,9999.000,9999.000,9999.000,9999.000
202602220554,   4.411,   5.307,9999.000,9999.000,9999.000,9999.000,9999.000,9999.000,9999.000
202602220600,   4.313,   5.238,   0.900,   0.025,   5.238,   0.900,   5.238,   0.900,   5.238
202602220606,   4.209,   5.120,9999.000,9999.000,9999.000,9999.000,9999.000,9999.000,9999.000
202602220612,   4.102,   5.018,9999.000,9999.000,9999.000,9999.000,9999.000,9999.000,9999.000
202602220618,   3.989,   4.959,9999.000,9999.000,9999.000,9999.000,9999.000,9999.000,9999.000
202602220624,   3.873,   4.828,9999.000,9999.000,9999.000,9999.000,9999.000,9999.000,9999.000
202602220630,   3.754,   4.710,9999.000,9999.000,9999.000,9999.000,9999.000,9999.000,9999.000
202602220636,   3.632,   4.608,9999.000,9999.000,9999.000,9999.000,9999.000,9999.000,9999.000
202602220642,   3.507,   4.480,9999.000,9999.000,9999.000,9999.000,9999.000,9999.000,9999.000
202602220648,   3.379,   4.319,9999.000,9999.000,9999.000,9999.000,9999.000,9999.000,9999.000
202602220654,   3.250,   4.257,9999.000,9999.000,9999.000,9999.000,9999.000,9999.000,9999.000
202602220700,   3.120,   4.080,   0.900,   0.060,   4.080,   0.900,   4.080,   1.000,   4.180
202602220706,   2.988,   3.978,9999.000,9999.000,9999.000,9999.000,9999.000,9999.000,9999.000
202602220712,   2.856,   3.847,9999.000,9999.000,9999.000,9999.000,9999.000,9999.000,9999.000
202602220718,   2.724,   3.749,9999.000,9999.000,9999.000,9999.000,9999.000,9999.000,9999.000
202602220724,   2.591,   3.637,9999.000,9999.000,9999.000,9999.000,9999.000,9999.000,9999.000
202602220730,   2.459,   3.499,9999.000,9999.000,9999.000,9999.000,9999.000,9999.000,9999.000
202602220736,   2.328,   3.427,9999.000,9999.000,9999.000,9999.000,9999.000,9999.000,9999.000
202602220742,   2.198,   3.329,9999.000,9999.000,9999.000,9999.000,9999.000,9999.000,9999.000
202602220748,   2.069,   3.197,9999.000,9999.000,9999.000,9999.000,9999.000,9999.000,9999.000
202602220754,   1.941,   3.017,9999.000,9999.000,9999.000,9999.000,9999.000,9999.000,9999.000
202602220800,   1.815,   2.948,   1.000,   0.133,   2.948,   0.900,   2.848,   1.100,   3.048
202602220806,   1.691,   2.807,9999.000,9999.000,9999.000,9999.000,9999.000,9999.000,9999.000
202602220812,   1.569,   2.778,9999.000,9999.000,9999.000,9999.000,9999.000,9999.000,9999.000
202602220818,   1.449,   2.689,9999.000,9999.000,9999.000,9999.000,9999.000,9999.000,9999.000
202602220824,   1.332,   2.558,9999.000,9999.000,9999.000,9999.000,9999.000,9999.000,9999.000
202602220830,   1.218,   2.387,9999.000,9999.000,9999.000,9999.000,9999.000,9999.000,9999.000
202602220836,   1.106,   2.269,9999.000,9999.000,9999.000,9999.000,9999.000,9999.000,9999.000
202602220842,   0.998,   2.191,9999.000,9999.000,9999.000,9999.000,9999.000,9999.000,9999.000
202602220848,   0.893,   2.089,9999.000,9999.000,9999.000,9999.000,9999.000,9999.000,9999.000
202602220854,   0.792,   2.010,9999.000,9999.000,9999.000,9999.000,9999.000,9999.000,9999.000
202602220900,   0.694,   1.899,   1.000,   0.205,   1.899,   0.900,   1.799,   1.100,   1.999
202602220906,   0.600,   1.781,9999.000,9999.000,9999.000,9999.000,9999.000,9999.000,9999.000
202602220912,   0.511,   1.689,9999.000,9999.000,9999.000,9999.000,9999.000,9999.000,9999.000
202602220918,   0.426,   1.620,9999.000,9999.000,9999.000,9999.000,9999.000,9999.000,9999.000
202602220924,   0.346,   1.528,9999.000,9999.000,9999.000,9999.000,9999.000,9999.000,9999.000
202602220930,   0.270,   1.459,9999.000,9999.000,9999.000,9999.000,9999.000,9999.000,9999.000
202602220936,   0.200,   1.371,9999.000,9999.000,9999.000,9999.000,9999.000,9999.000,9999.000
202602220942,   0.136,   1.249,9999.000,9999.000,9999.000,9999.000,9999.000,9999.000,9999.000
202602220948,   0.077,   1.210,9999.000,9999.000,9999.000,9999.000,9999.000,9999.000,9999.000
202602220954,   0.025,   1.161,9999.000,9999.000,9999.000,9999.000,9999.000,9999.000,9999.000
202602221000,  -0.021,   1.118,   1.100,   0.039,   1.118,   1.000,   1.018,   1.200,   1.218
202602221006,  -0.061,   1.088,9999.000,9999.000,9999.000,9999.000,9999.000,9999.000,9999.000
202602221012,  -0.094,   1.020,9999.000,9999.000,9999.000,9999.000,9999.000,9999.000,9999.000
202602221018,  -0.121,   0.928,9999.000,9999.000,9999.000,9999.000,9999.000,9999.000,9999.000
202602221024,  -0.141,   0.980,9999.000,9999.000,9999.000,9999.000,9999.000,9999.000,9999.000
202602221030,  -0.154,   0.990,9999.000,9999.000,9999.000,9999.000,9999.000,9999.000,9999.000
202602221036,  -0.160,   0.980,9999.000,9999.000,9999.000,9999.000,9999.000,9999.000,9999.000
202602221042,  -0.160,   1.079,9999.000,9999.000,9999.000,9999.000,9999.000,9999.000,9999.000
202602221048,  -0.152,   1.108,9999.000,9999.000,9999.000,9999.000,9999.000,9999.000,9999.000
202602221054,  -0.138,   1.079,9999.000,9999.000,9999.000,9999.000,9999.000,9999.000,9999.000
202602221100,  -0.117,   1.029,   1.100,   0.046,   1.029,   1.000,   0.929,   1.200,   1.129
202602221106,  -0.090,   1.108,9999.000,9999.000,9999.000,9999.000,9999.000,9999.000,9999.000
202602221112,  -0.056,   1.259,9999.000,9999.000,9999.000,9999.000,9999.000,9999.000,9999.000
202602221118,  -0.017,   1.210,9999.000,9999.000,9999.000,9999.000,9999.000,9999.000,9999.000
202602221124,   0.028,   1.318,9999.000,9999.000,9999.000,9999.000,9999.000,9999.000,9999.000
202602221130,   0.078,   1.380,9999.000,9999.000,9999.000,9999.000,9999.000,9999.000,9999.000
202602221136,   0.134,   1.338,9999.000,9999.000,9999.000,9999.000,9999.000,9999.000,9999.000
202602221142,   0.195,   1.469,9999.000,9999.000,9999.000,9999.000,9999.000,9999.000,9999.000
202602221148,   0.261,   1.498,9999.000,9999.000,9999.000,9999.000,9999.000,9999.000,9999.000
202602221154,   0.331,   1.649,9999.000,9999.000,9999.000,9999.000,9999.000,9999.000,9999.000
202602221200,   0.404,   1.659,   1.100,   0.155,   1.659,   1.000,   1.559,   1.300,   1.859
202602221206,   0.482,   1.748,9999.000,9999.000,9999.000,9999.000,9999.000,9999.000,9999.000
202602221212,   0.563,   1.869,9999.000,9999.000,9999.000,9999.000,9999.000,9999.000,9999.000
202602221218,   0.647,   1.958,9999.000,9999.000,9999.000,9999.000,9999.000,9999.000,9999.000
202602221224,   0.734,   2.049,9999.000,9999.000,9999.000,9999.000,9999.000,9999.000,9999.000
202602221230,   0.823,   2.059,9999.000,9999.000,9999.000,9999.000,9999.000,9999.000,9999.000
202602221236,   0.915,   2.168,9999.000,9999.000,9999.000,9999.000,9999.000,9999.000,9999.000
202602221242,   1.010,   2.259,9999.000,9999.000,9999.000,9999.000,9999.000,9999.000,9999.000
202602221248,   1.106,   2.377,9999.000,9999.000,9999.000,9999.000,9999.000,9999.000,9999.000
202602221254,   1.204,   2.450,9999.000,9999.000,9999.000,9999.000,9999.000,9999.000,9999.000
202602221300,   1.305,   2.538,   1.200,   0.033,   2.538,   1.000,   2.338,   1.300,   2.638
202602221306,   1.406,   2.748,9999.000,9999.000,9999.000,9999.000,9999.000,9999.000,9999.000
202602221312,   1.509,   2.748,9999.000,9999.000,9999.000,9999.000,9999.000,9999.000,9999.000
202602221318,   1.614,   2.909,9999.000,9999.000,9999.000,9999.000,9999.000,9999.000,9999.000
202602221324,   1.720,   3.007,9999.000,9999.000,9999.000,9999.000,9999.000,9999.000,9999.000
202602221330,   1.827,   3.099,9999.000,9999.000,9999.000,9999.000,9999.000,9999.000,9999.000
202602221336,   1.934,   3.250,9999.000,9999.000,9999.000,9999.000,9999.000,9999.000,9999.000
202602221342,   2.043,   3.299,9999.000,9999.000,9999.000,9999.000,9999.000,9999.000,9999.000
202602221348,   2.152,   3.499,9999.000,9999.000,9999.000,9999.000,9999.000,9999.000,9999.000
202602221354,   2.262,   3.509,9999.000,9999.000,9999.000,9999.000,9999.000,9999.000,9999.000
202602221400,   2.371,   3.768,   1.200,   0.197,   3.768,   1.100,   3.668,   1.400,   3.968
202602221406,   2.481,   3.808,9999.000,9999.000,9999.000,9999.000,9999.000,9999.000,9999.000
202602221412,   2.591,   3.988,9999.000,9999.000,9999.000,9999.000,9999.000,9999.000,9999.000
202602221418,   2.700,   4.027,9999.000,9999.000,9999.000,9999.000,9999.000,9999.000,9999.000
202602221424,   2.808,   4.208,9999.000,9999.000,9999.000,9999.000,9999.000,9999.000,9999.000
202602221430,   2.915,   4.418,9999.000,9999.000,9999.000,9999.000,9999.000,9999.000,9999.000
202602221436,   3.021,   4.447,9999.000,9999.000,9999.000,9999.000,9999.000,9999.000,9999.000
202602221442,   3.125,   4.667,9999.000,9999.000,9999.000,9999.000,9999.000,9999.000,9999.000
202602221448,   3.227,   4.788,9999.000,9999.000,9999.000,9999.000,9999.000,9999.000,9999.000
202602221454,   3.327,   4.919,9999.000,9999.000,9999.000,9999.000,9999.000,9999.000,9999.000
202602221500,   3.424,   5.018,   1.300,   0.294,   5.018,   1.100,   4.818,   1.400,   5.118
202602221506,   3.519,   5.120,9999.000,9999.000,9999.000,9999.000,9999.000,9999.000,9999.000
202602221512,   3.610,   5.257,9999.000,9999.000,9999.000,9999.000,9999.000,9999.000,9999.000
202602221518,   3.697,   5.320,9999.000,9999.000,9999.000,9999.000,9999.000,9999.000,9999.000
202602221524,   3.781,   5.418,9999.000,9999.000,9999.000,9999.000,9999.000,9999.000,9999.000
202602221530,   3.861,   5.448,9999.000,9999.000,9999.000,9999.000,9999.000,9999.000,9999.000
202602221536,   3.936,   5.549,9999.000,9999.000,9999.000,9999.000,9999.000,9999.000,9999.000
202602221542,   4.006,   5.677,9999.000,9999.000,9999.000,9999.000,9999.000,9999.000,9999.000
202602221548,   4.072,   5.818,9999.000,9999.000,9999.000,9999.000,9999.000,9999.000,9999.000
202602221554,   4.132,   5.897,9999.000,9999.000,9999.000,9999.000,9999.000,9999.000,9999.000
202602221600,   4.187,   5.949,   1.400,   0.362,   5.949,   1.300,   5.849,   1.500,   6.049
202602221606,   4.237,   5.969,9999.000,9999.000,9999.000,9999.000,9999.000,9999.000,9999.000
202602221612,   4.281,   6.008,9999.000,9999.000,9999.000,9999.000,9999.000,9999.000,9999.000
202602221618,   4.319,   6.028,9999.000,9999.000,9999.000,9999.000,9999.000,9999.000,9999.000
202602221624,   4.351,   6.107,9999.000,9999.000,9999.000,9999.000,9999.000,9999.000,9999.000
202602221630,   4.377,   6.149,9999.000,9999.000,9999.000,9999.000,9999.000,9999.000,9999.000
202602221636,   4.397,   6.149,9999.000,9999.000,9999.000,9999.000,9999.000,9999.000,9999.000
202602221642,   4.410,   6.136,9999.000,9999.000,9999.000,9999.000,9999.000,9999.000,9999.000
202602221648,   4.417,   6.097,9999.000,9999.000,9999.000,9999.000,9999.000,9999.000,9999.000
202602221654,   4.418,   6.117,9999.000,9999.000,9999.000,9999.000,9999.000,9999.000,9999.000
202602221700,   4.412,   6.238,   1.500,   0.326,   6.238,   1.400,   6.138,   1.700,   6.438
202602221706,   4.400,   6.258,9999.000,9999.000,9999.000,9999.000,9999.000,9999.000,9999.000
202602221712,   4.381,   6.199,9999.000,9999.000,9999.000,9999.000,9999.000,9999.000,9999.000
202602221718,   4.356,   6.107,9999.000,9999.000,9999.000,9999.000,9999.000,9999.000,9999.000
202602221724,   4.324,   6.097,9999.000,9999.000,9999.000,9999.000,9999.000,9999.000,9999.000
202602221730,   4.285,   5.999,9999.000,9999.000,9999.000,9999.000,9999.000,9999.000,9999.000
202602221736,   4.241,   6.038,9999.000,9999.000,9999.000,9999.000,9999.000,9999.000,9999.000
202602221742,   4.190,   5.979,9999.000,9999.000,9999.000,9999.000,9999.000,9999.000,9999.000
202602221748,   4.132,   5.940,9999.000,9999.000,9999.000,9999.000,9999.000,9999.000,9999.000
202602221754,   4.069,   6.077,9999.000,9999.000,9999.000,9999.000,9999.000,9999.000,9999.000
202602221800,   4.000,   5.907,   1.600,   0.307,   5.907,   1.500,   5.807,   1.800,   6.107
202602221806,   3.925,   5.838,9999.000,9999.000,9999.000,9999.000,9999.000,9999.000,9999.000
202602221812,   3.845,   5.687,9999.000,9999.000,9999.000,9999.000,9999.000,9999.000,9999.000
202602221818,   3.760,   5.608,9999.000,9999.000,9999.000,9999.000,9999.000,9999.000,9999.000
202602221824,   3.670,   5.559,9999.000,9999.000,9999.000,9999.000,9999.000,9999.000,9999.000
202602221830,   3.575,   5.477,9999.000,9999.000,9999.000,9999.000,9999.000,9999.000,9999.000
202602221836,   3.476,   5.307,9999.000,9999.000,9999.000,9999.000,9999.000,9999.000,9999.000
202602221842,   3.373,   5.359,9999.000,9999.000,9999.000,9999.000,9999.000,9999.000,9999.000
202602221848,   3.266,   5.320,9999.000,9999.000,9999.000,9999.000,9999.000,9999.000,9999.000
202602221854,   3.157,   5.339,9999.000,9999.000,9999.000,9999.000,9999.000,9999.000,9999.000
202602221900,   3.044,   5.087,   1.800,   0.243,   5.087,   1.700,   4.987,   2.000,   5.287
202602221906,   2.929,   5.057,9999.000,9999.000,9999.000,9999.000,9999.000,9999.000,9999.000
202602221912,   2.812,   4.887,9999.000,9999.000,9999.000,9999.000,9999.000,9999.000,9999.000
202602221918,   2.694,   4.877,9999.000,9999.000,9999.000,9999.000,9999.000,9999.000,9999.000
202602221924,   2.574,   4.647,9999.000,9999.000,9999.000,9999.000,9999.000,9999.000,9999.000
202602221930,   2.453,   4.447,9999.000,9999.000,9999.000,9999.000,9999.000,9999.000,9999.000
202602221936,   2.332,   4.398,9999.000,9999.000,9999.000,9999.000,9999.000,9999.000,9999.000
202602221942,   2.210,   4.300,9999.000,9999.000,9999.000,9999.000,9999.000,9999.000,9999.000
202602221948,   2.089,   4.139,9999.000,9999.000,9999.000,9999.000,9999.000,9999.000,9999.000
202602221954,   1.969,   3.949,9999.000,9999.000,9999.000,9999.000,9999.000,9999.000,9999.000
202602222000,   1.849,   3.929,   1.900,   0.180,   3.929,   1.800,   3.829,   2.100,   4.129
202602222006,   1.730,   3.758,9999.000,9999.000,9999.000,9999.000,9999.000,9999.000,9999.000
202602222012,   1.612,   3.637,9999.000,9999.000,9999.000,9999.000,9999.000,9999.000,9999.000
202602222018,   1.496,   3.388,9999.000,9999.000,9999.000,9999.000,9999.000,9999.000,9999.000
202602222024,   1.382,   3.378,9999.000,9999.000,9999.000,9999.000,9999.000,9999.000,9999.000
202602222030,   1.270,   3.348,9999.000,9999.000,9999.000,9999.000,9999.000,9999.000,9999.000
202602222036,   1.160,   3.329,9999.000,9999.000,9999.000,9999.000,9999.000,9999.000,9999.000
202602222042,   1.052,   3.217,9999.000,9999.000,9999.000,9999.000,9999.000,9999.000,9999.000
202602222048,   0.947,   3.079,9999.000,9999.000,9999.000,9999.000,9999.000,9999.000,9999.000
202602222054,   0.845,   2.978,9999.000,9999.000,9999.000,9999.000,9999.000,9999.000,9999.000
202602222100,   0.745,   3.030,   2.100,   0.185,   3.030,   1.900,   2.830,   2.300,   3.230
202602222106,   0.649,   2.840,9999.000,9999.000,9999.000,9999.000,9999.000,9999.000,9999.000
202602222112,   0.556,   2.709,9999.000,9999.000,9999.000,9999.000,9999.000,9999.000,9999.000
202602222118,   0.467,   2.640,9999.000,9999.000,9999.000,9999.000,9999.000,9999.000,9999.000
202602222124,   0.382,   2.538,9999.000,9999.000,9999.000,9999.000,9999.000,9999.000,9999.000
202602222130,   0.301,   2.558,9999.000,9999.000,9999.000,9999.000,9999.000,9999.000,9999.000
202602222136,   0.224,   2.538,9999.000,9999.000,9999.000,9999.000,9999.000,9999.000,9999.000
202602222142,   0.151,   2.450,9999.000,9999.000,9999.000,9999.000,9999.000,9999.000,9999.000
202602222148,   0.084,   2.440,9999.000,9999.000,9999.000,9999.000,9999.000,9999.000,9999.000
202602222154,   0.021,   2.387,9999.000,9999.000,9999.000,9999.000,9999.000,9999.000,9999.000
202602222200,  -0.035,   2.440,   2.300,   0.175,   2.440,   2.100,   2.240,   2.500,   2.640
202602222206,  -0.086,   2.299,9999.000,9999.000,9999.000,9999.000,9999.000,9999.000,9999.000
202602222212,  -0.132,   2.410,9999.000,9999.000,9999.000,9999.000,9999.000,9999.000,9999.000
202602222218,  -0.171,   2.358,9999.000,9999.000,9999.000,9999.000,9999.000,9999.000,9999.000
202602222224,  -0.204,   2.318,9999.000,9999.000,9999.000,9999.000,9999.000,9999.000,9999.000
202602222230,  -0.231,   2.377,9999.000,9999.000,9999.000,9999.000,9999.000,9999.000,9999.000
202602222236,  -0.251,   2.230,9999.000,9999.000,9999.000,9999.000,9999.000,9999.000,9999.000
202602222242,  -0.264,   2.299,9999.000,9999.000,9999.000,9999.000,9999.000,9999.000,9999.000
202602222248,  -0.270,   2.318,9999.000,9999.000,9999.000,9999.000,9999.000,9999.000,9999.000
202602222254,  -0.269,   2.400,9999.000,9999.000,9999.000,9999.000,9999.000,9999.000,9999.000
202602222300,  -0.261,   2.489,   2.500,   0.250,   2.489,   2.300,   2.289,   2.700,   2.689
202602222306,  -0.246,   2.358,9999.000,9999.000,9999.000,9999.000,9999.000,9999.000,9999.000
202602222312,  -0.224,   2.387,9999.000,9999.000,9999.000,9999.000,9999.000,9999.000,9999.000
202602222318,  -0.195,   2.420,9999.000,9999.000,9999.000,9999.000,9999.000,9999.000,9999.000
202602222324,  -0.159,   2.430,9999.000,9999.000,9999.000,9999.000,9999.000,9999.000,9999.000
202602222330,  -0.117,   2.519,9999.000,9999.000,9999.000,9999.000,9999.000,9999.000,9999.000
202602222336,  -0.068,   2.620,9999.000,9999.000,9999.000,9999.000,9999.000,9999.000,9999.000
202602222342,  -0.013,   2.709,9999.000,9999.000,9999.000,9999.000,9999.000,9999.000,9999.000
202602222348,   0.047,   2.758,9999.000,9999.000,9999.000,9999.000,9999.000,9999.000,9999.000
202602222354,   0.113,   3.276,9999.000,9999.000,9999.000,9999.000,9999.000,9999.000,9999.000
202602230000,   0.185,   3.276,   2.300,   0.791,   3.276,   2.100,   3.076,   2.400,   3.376
202602230006,   0.262,   2.820,9999.000,9999.000,9999.000,9999.000,9999.000,9999.000,9999.000
202602230012,   0.344,   2.909,9999.000,9999.000,9999.000,9999.000,9999.000,9999.000,9999.000
202602230018,   0.430,   3.040,9999.000,9999.000,9999.000,9999.000,9999.000,9999.000,9999.000
202602230024,   0.520,   3.168,9999.000,9999.000,9999.000,9999.000,9999.000,9999.000,9999.000
202602230030,   0.614,   3.279,9999.000,9999.000,9999.000,9999.000,9999.000,9999.000,9999.000
202602230036,   0.711,   3.407,9999.000,9999.000,9999.000,9999.000,9999.000,9999.000,9999.000
202602230042,   0.812,   3.499,9999.000,9999.000,9999.000,9999.000,9999.000,9999.000,9999.000
202602230048,   0.916,   3.529,9999.000,9999.000,9999.000,9999.000,9999.000,9999.000,9999.000
202602230054,   1.022,   3.680,9999.000,9999.000,9999.000,9999.000,9999.000,9999.000,9999.000
202602230100,   1.130,   3.847,   2.400,   0.317,   3.847,   2.200,   3.647,   2.600,   4.047
202602230106,   1.241,   3.949,9999.000,9999.000,9999.000,9999.000,9999.000,9999.000,9999.000
202602230112,   1.354,   4.099,9999.000,9999.000,9999.000,9999.000,9999.000,9999.000,9999.000
202602230118,   1.468,   4.290,9999.000,9999.000,9999.000,9999.000,9999.000,9999.000,9999.000
202602230124,   1.584,   4.237,9999.000,9999.000,9999.000,9999.000,9999.000,9999.000,9999.000
202602230130,   1.702,   4.398,9999.000,9999.000,9999.000,9999.000,9999.000,9999.000,9999.000
202602230136,   1.821,   4.519,9999.000,9999.000,9999.000,9999.000,9999.000,9999.000,9999.000
202602230142,   1.941,   4.578,9999.000,9999.000,9999.000,9999.000,9999.000,9999.000,9999.000
202602230148,   2.062,   4.628,9999.000,9999.000,9999.000,9999.000,9999.000,9999.000,9999.000
202602230154,   2.184,   4.887,9999.000,9999.000,9999.000,9999.000,9999.000,9999.000,9999.000
202602230200,   2.306,   4.837,   2.500,   0.031,   4.837,   2.300,   4.637,   2.800,   5.137
202602230206,   2.429,   4.919,9999.000,9999.000,9999.000,9999.000,9999.000,9999.000,9999.000
202602230212,   2.553,   5.097,9999.000,9999.000,9999.000,9999.000,9999.000,9999.000,9999.000
202602230218,   2.676,   5.159,9999.000,9999.000,9999.000,9999.000,9999.000,9999.000,9999.000
202602230224,   2.799,   5.277,9999.000,9999.000,9999.000,9999.000,9999.000,9999.000,9999.000
202602230230,   2.922,   5.438,9999.000,9999.000,9999.000,9999.000,9999.000,9999.000,9999.000
202602230236,   3.045,   5.497,9999.000,9999.000,9999.000,9999.000,9999.000,9999.000,9999.000
202602230242,   3.166,   5.618,9999.000,9999.000,9999.000,9999.000,9999.000,9999.000,9999.000
202602230248,   3.286,   5.730,9999.000,9999.000,9999.000,9999.000,9999.000,9999.000,9999.000
202602230254,   3.405,   5.717,9999.000,9999.000,9999.000,9999.000,9999.000,9999.000,9999.000
202602230300,   3.522,   5.779,   2.600,  -0.343,   5.779,   2.300,   5.479,   2.900,   6.079
202602230306,   3.638,   5.867,9999.000,9999.000,9999.000,9999.000,9999.000,9999.000,9999.000
202602230312,   3.750,   5.959,9999.000,9999.000,9999.000,9999.000,9999.000,9999.000,9999.000
202602230318,   3.861,   5.999,9999.000,9999.000,9999.000,9999.000,9999.000,9999.000,9999.000
202602230324,   3.968,   6.169,9999.000,9999.000,9999.000,9999.000,9999.000,9999.000,9999.000
202602230330,   4.072,   6.238,9999.000,9999.000,9999.000,9999.000,9999.000,9999.000,9999.000
202602230336,   4.172,   6.317,9999.000,9999.000,9999.000,9999.000,9999.000,9999.000,9999.000
202602230342,   4.268,   6.277,9999.000,9999.000,9999.000,9999.000,9999.000,9999.000,9999.000
202602230348,   4.360,   6.379,9999.000,9999.000,9999.000,9999.000,9999.000,9999.000,9999.000
202602230354,   4.448,   6.359,9999.000,9999.000,9999.000,9999.000,9999.000,9999.000,9999.000
202602230400,   4.531,   6.399,   2.500,  -0.632,   6.399,   2.300,   6.199,   3.000,   6.899
202602230406,   4.609,   6.487,9999.000,9999.000,9999.000,9999.000,9999.000,9999.000,9999.000
202602230412,   4.681,   6.537,9999.000,9999.000,9999.000,9999.000,9999.000,9999.000,9999.000
202602230418,   4.749,   6.546,9999.000,9999.000,9999.000,9999.000,9999.000,9999.000,9999.000
202602230424,   4.810,   6.638,9999.000,9999.000,9999.000,9999.000,9999.000,9999.000,9999.000
202602230430,   4.866,   6.668,9999.000,9999.000,9999.000,9999.000,9999.000,9999.000,9999.000
202602230436,   4.916,   6.746,9999.000,9999.000,9999.000,9999.000,9999.000,9999.000,9999.000
202602230442,   4.960,   6.819,9999.000,9999.000,9999.000,9999.000,9999.000,9999.000,9999.000
202602230448,   4.997,   6.848,9999.000,9999.000,9999.000,9999.000,9999.000,9999.000,9999.000
202602230454,   5.029,   6.828,9999.000,9999.000,9999.000,9999.000,9999.000,9999.000,9999.000
202602230500,   5.053,   6.828,   2.500,  -0.725,   6.828,   2.200,   6.528,   2.900,   7.228
202602230506,   5.072,   6.819,9999.000,9999.000,9999.000,9999.000,9999.000,9999.000,9999.000
202602230512,   5.083,   6.858,9999.000,9999.000,9999.000,9999.000,9999.000,9999.000,9999.000
202602230518,   5.088,   6.858,9999.000,9999.000,9999.000,9999.000,9999.000,9999.000,9999.000
202602230524,   5.087,   6.868,9999.000,9999.000,9999.000,9999.000,9999.000,9999.000,9999.000
202602230530,   5.078,   6.799,9999.000,9999.000,9999.000,9999.000,9999.000,9999.000,9999.000
202602230536,   5.063,   6.789,9999.000,9999.000,9999.000,9999.000,9999.000,9999.000,9999.000
202602230542,   5.042,   6.878,9999.000,9999.000,9999.000,9999.000,9999.000,9999.000,9999.000
202602230548,   5.013,   6.917,9999.000,9999.000,9999.000,9999.000,9999.000,9999.000,9999.000
202602230554,   4.978,   6.848,9999.000,9999.000,9999.000,9999.000,9999.000,9999.000,9999.000
202602230600,   4.937,   6.828,   2.500,  -0.609,   6.828,   2.100,   6.428,   2.900,   7.228
202602230606,   4.889,   6.789,9999.000,9999.000,9999.000,9999.000,9999.000,9999.000,9999.000
202602230612,   4.835,   6.707,9999.000,9999.000,9999.000,9999.000,9999.000,9999.000,9999.000
202602230618,   4.775,   6.697,9999.000,9999.000,9999.000,9999.000,9999.000,9999.000,9999.000
202602230624,   4.709,   6.619,9999.000,9999.000,9999.000,9999.000,9999.000,9999.000,9999.000
202602230630,   4.637,   6.609,9999.000,9999.000,9999.000,9999.000,9999.000,9999.000,9999.000
202602230636,   4.559,   6.609,9999.000,9999.000,9999.000,9999.000,9999.000,9999.000,9999.000
202602230642,   4.476,   6.517,9999.000,9999.000,9999.000,9999.000,9999.000,9999.000,9999.000
202602230648,   4.388,   6.448,9999.000,9999.000,9999.000,9999.000,9999.000,9999.000,9999.000
202602230654,   4.295,   6.418,9999.000,9999.000,9999.000,9999.000,9999.000,9999.000,9999.000
202602230700,   4.198,   6.379,   2.500,  -0.319,   6.379,   2.200,   6.079,   3.000,   6.879
202602230706,   4.097,   6.287,9999.000,9999.000,9999.000,9999.000,9999.000,9999.000,9999.000
202602230712,   3.992,   6.228,9999.000,9999.000,9999.000,9999.000,9999.000,9999.000,9999.000
202602230718,   3.883,   6.218,9999.000,9999.000,9999.000,9999.000,9999.000,9999.000,9999.000
202602230724,   3.772,   6.117,9999.000,9999.000,9999.000,9999.000,9999.000,9999.000,9999.000
202602230730,   3.657,   5.999,9999.000,9999.000,9999.000,9999.000,9999.000,9999.000,9999.000
202602230736,   3.541,   5.907,9999.000,9999.000,9999.000,9999.000,9999.000,9999.000,9999.000
202602230742,   3.422,   5.838,9999.000,9999.000,9999.000,9999.000,9999.000,9999.000,9999.000
202602230748,   3.302,   5.707,9999.000,9999.000,9999.000,9999.000,9999.000,9999.000,9999.000
202602230754,   3.181,   5.569,9999.000,9999.000,9999.000,9999.000,9999.000,9999.000,9999.000
202602230800,   3.059,   5.487,   2.600,  -0.172,   5.487,   2.200,   5.087,   3.200,   6.087
202602230806,   2.937,   5.389,9999.000,9999.000,9999.000,9999.000,9999.000,9999.000,9999.000
202602230812,   2.814,   5.247,9999.000,9999.000,9999.000,9999.000,9999.000,9999.000,9999.000
202602230818,   2.691,   5.238,9999.000,9999.000,9999.000,9999.000,9999.000,9999.000,9999.000
202602230824,   2.570,   5.139,9999.000,9999.000,9999.000,9999.000,9999.000,9999.000,9999.000
202602230830,   2.447,   5.120,9999.000,9999.000,9999.000,9999.000,9999.000,9999.000,9999.000
202602230836,   2.326,   4.969,9999.000,9999.000,9999.000,9999.000,9999.000,9999.000,9999.000
202602230842,   2.206,   4.857,9999.000,9999.000,9999.000,9999.000,9999.000,9999.000,9999.000
202602230848,   2.087,   4.729,9999.000,9999.000,9999.000,9999.000,9999.000,9999.000,9999.000
202602230854,   1.970,   4.569,9999.000,9999.000,9999.000,9999.000,9999.000,9999.000,9999.000
202602230900,   1.855,   4.519,   2.800,  -0.136,   4.519,   2.400,   4.119,   3.500,   5.219
202602230906,   1.741,   4.408,9999.000,9999.000,9999.000,9999.000,9999.000,9999.000,9999.000
202602230912,   1.629,   4.280,9999.000,9999.000,9999.000,9999.000,9999.000,9999.000,9999.000
202602230918,   1.519,   4.159,9999.000,9999.000,9999.000,9999.000,9999.000,9999.000,9999.000
202602230924,   1.412,   4.090,9999.000,9999.000,9999.000,9999.000,9999.000,9999.000,9999.000
202602230930,   1.307,   3.988,9999.000,9999.000,9999.000,9999.000,9999.000,9999.000,9999.000
202602230936,   1.205,   3.909,9999.000,9999.000,9999.000,9999.000,9999.000,9999.000,9999.000
202602230942,   1.106,   3.880,9999.000,9999.000,9999.000,9999.000,9999.000,9999.000,9999.000
202602230948,   1.010,   3.788,9999.000,9999.000,9999.000,9999.000,9999.000,9999.000,9999.000
202602230954,   0.917,   3.729,9999.000,9999.000,9999.000,9999.000,9999.000,9999.000,9999.000
202602231000,   0.827,   3.617,   3.000,  -0.210,   3.617,   2.500,   3.117,   3.600,   4.217
202602231006,   0.742,   3.568,9999.000,9999.000,9999.000,9999.000,9999.000,9999.000,9999.000
202602231012,   0.660,   3.417,9999.000,9999.000,9999.000,9999.000,9999.000,9999.000,9999.000
202602231018,   0.583,   3.427,9999.000,9999.000,9999.000,9999.000,9999.000,9999.000,9999.000
202602231024,   0.510,   3.279,9999.000,9999.000,9999.000,9999.000,9999.000,9999.000,9999.000
202602231030,   0.442,   3.260,9999.000,9999.000,9999.000,9999.000,9999.000,9999.000,9999.000
202602231036,   0.379,   3.230,9999.000,9999.000,9999.000,9999.000,9999.000,9999.000,9999.000
202602231042,   0.321,   3.188,9999.000,9999.000,9999.000,9999.000,9999.000,9999.000,9999.000
202602231048,   0.269,   3.138,9999.000,9999.000,9999.000,9999.000,9999.000,9999.000,9999.000
202602231054,   0.223,   3.017,9999.000,9999.000,9999.000,9999.000,9999.000,9999.000,9999.000
202602231100,   0.182,   2.919,   3.100,  -0.363,   2.919,   2.600,   2.419,   3.700,   3.519
202602231106,   0.147,   2.929,9999.000,9999.000,9999.000,9999.000,9999.000,9999.000,9999.000
202602231112,   0.119,   2.899,9999.000,9999.000,9999.000,9999.000,9999.000,9999.000,9999.000
202602231118,   0.097,   2.869,9999.000,9999.000,9999.000,9999.000,9999.000,9999.000,9999.000
202602231124,   0.081,   2.840,9999.000,9999.000,9999.000,9999.000,9999.000,9999.000,9999.000
202602231130,   0.072,   2.830,9999.000,9999.000,9999.000,9999.000,9999.000,9999.000,9999.000
202602231136,   0.069,   2.719,9999.000,9999.000,9999.000,9999.000,9999.000,9999.000,9999.000
202602231142,   0.072,   2.748,9999.000,9999.000,9999.000,9999.000,9999.000,9999.000,9999.000
202602231148,   0.081,   2.748,9999.000,9999.000,9999.000,9999.000,9999.000,9999.000,9999.000
202602231154,   0.096,   2.689,9999.000,9999.000,9999.000,9999.000,9999.000,9999.000,9999.000
202602231200,   0.118,   2.679,   2.500,   0.061,   2.679,   2.000,   2.179,   3.000,   3.179
202602231206,   0.144,   2.568,9999.000,9999.000,9999.000,9999.000,9999.000,9999.000,9999.000
202602231212,   0.177,   2.578,9999.000,9999.000,9999.000,9999.000,9999.000,9999.000,9999.000
202602231218,   0.214,   2.587,9999.000,9999.000,9999.000,9999.000,9999.000,9999.000,9999.000
202602231224,   0.257,   2.669,9999.000,9999.000,9999.000,9999.000,9999.000,9999.000,9999.000
202602231230,   0.304,   2.719,9999.000,9999.000,9999.000,9999.000,9999.000,9999.000,9999.000
202602231236,   0.355,   2.699,9999.000,9999.000,9999.000,9999.000,9999.000,9999.000,9999.000
202602231242,   0.411,   2.748,9999.000,9999.000,9999.000,9999.000,9999.000,9999.000,9999.000
202602231248,   0.470,   2.728,9999.000,9999.000,9999.000,9999.000,9999.000,9999.000,9999.000
202602231254,   0.533,   2.797,9999.000,9999.000,9999.000,9999.000,9999.000,9999.000,9999.000
202602231300,   0.599,   2.797,   2.500,  -0.302,   2.797,   1.800,   2.097,   3.000,   3.297
202602231306,   0.669,   2.797,9999.000,9999.000,9999.000,9999.000,9999.000,9999.000,9999.000
202602231312,   0.741,   2.869,9999.000,9999.000,9999.000,9999.000,9999.000,9999.000,9999.000
202602231318,   0.815,   2.988,9999.000,9999.000,9999.000,9999.000,9999.000,9999.000,9999.000
202602231324,   0.892,   3.079,9999.000,9999.000,9999.000,9999.000,9999.000,9999.000,9999.000
202602231330,   0.972,   3.240,9999.000,9999.000,9999.000,9999.000,9999.000,9999.000,9999.000
202602231336,   1.053,   3.309,9999.000,9999.000,9999.000,9999.000,9999.000,9999.000,9999.000
202602231342,   1.136,   3.378,9999.000,9999.000,9999.000,9999.000,9999.000,9999.000,9999.000
202602231348,   1.221,   3.460,9999.000,9999.000,9999.000,9999.000,9999.000,9999.000,9999.000
202602231354,   1.308,   3.460,9999.000,9999.000,9999.000,9999.000,9999.000,9999.000,9999.000
202602231400,   1.396,   3.607,   2.400,  -0.189,   3.607,   1.700,   2.907,   2.800,   4.007
202602231406,   1.486,   3.719,9999.000,9999.000,9999.000,9999.000,9999.000,9999.000,9999.000
202602231412,   1.576,   3.739,9999.000,9999.000,9999.000,9999.000,9999.000,9999.000,9999.000
202602231418,   1.669,   3.798,9999.000,9999.000,9999.000,9999.000,9999.000,9999.000,9999.000
202602231424,   1.762,   3.880,9999.000,9999.000,9999.000,9999.000,9999.000,9999.000,9999.000
202602231430,   1.856,   4.057,9999.000,9999.000,9999.000,9999.000,9999.000,9999.000,9999.000
202602231436,   1.951,   4.227,9999.000,9999.000,9999.000,9999.000,9999.000,9999.000,9999.000
202602231442,   2.047,   4.280,9999.000,9999.000,9999.000,9999.000,9999.000,9999.000,9999.000
202602231448,   2.143,   4.300,9999.000,9999.000,9999.000,9999.000,9999.000,9999.000,9999.000
202602231454,   2.240,   4.398,9999.000,9999.000,9999.000,9999.000,9999.000,9999.000,9999.000
202602231500,   2.337,   4.480,   2.300,  -0.157,   4.480,   1.600,   3.780,   2.700,   4.880
202602231506,   2.433,   4.637,9999.000,9999.000,9999.000,9999.000,9999.000,9999.000,9999.000
202602231512,   2.529,   4.749,9999.000,9999.000,9999.000,9999.000,9999.000,9999.000,9999.000
202602231518,   2.625,   4.837,9999.000,9999.000,9999.000,9999.000,9999.000,9999.000,9999.000
202602231524,   2.720,   4.910,9999.000,9999.000,9999.000,9999.000,9999.000,9999.000,9999.000
202602231530,   2.814,   5.038,9999.000,9999.000,9999.000,9999.000,9999.000,9999.000,9999.000
202602231536,   2.906,   5.149,9999.000,9999.000,9999.000,9999.000,9999.000,9999.000,9999.000
202602231542,   2.997,   5.307,9999.000,9999.000,9999.000,9999.000,9999.000,9999.000,9999.000
202602231548,   3.086,   5.389,9999.000,9999.000,9999.000,9999.000,9999.000,9999.000,9999.000
202602231554,   3.173,   5.487,9999.000,9999.000,9999.000,9999.000,9999.000,9999.000,9999.000
202602231600,   3.256,   5.598,   2.300,   0.042,   5.598,   1.800,   5.098,   2.700,   5.998
202602231606,   3.338,   5.667,9999.000,9999.000,9999.000,9999.000,9999.000,9999.000,9999.000
202602231612,   3.416,   5.759,9999.000,9999.000,9999.000,9999.000,9999.000,9999.000,9999.000
202602231618,   3.490,   5.799,9999.000,9999.000,9999.000,9999.000,9999.000,9999.000,9999.000
202602231624,   3.561,   5.887,9999.000,9999.000,9999.000,9999.000,9999.000,9999.000,9999.000
202602231630,   3.629,   5.940,9999.000,9999.000,9999.000,9999.000,9999.000,9999.000,9999.000
202602231636,   3.692,   6.058,9999.000,9999.000,9999.000,9999.000,9999.000,9999.000,9999.000
202602231642,   3.750,   6.136,9999.000,9999.000,9999.000,9999.000,9999.000,9999.000,9999.000
202602231648,   3.805,   6.149,9999.000,9999.000,9999.000,9999.000,9999.000,9999.000,9999.000
202602231654,   3.854,   6.189,9999.000,9999.000,9999.000,9999.000,9999.000,9999.000,9999.000
202602231700,   3.899,   6.268,   2.400,  -0.031,   6.268,   1.900,   5.768,   2.700,   6.568
202602231706,   3.939,   6.307,9999.000,9999.000,9999.000,9999.000,9999.000,9999.000,9999.000
202602231712,   3.973,   6.359,9999.000,9999.000,9999.000,9999.000,9999.000,9999.000,9999.000
202602231718,   4.003,   6.409,9999.000,9999.000,9999.000,9999.000,9999.000,9999.000,9999.000
202602231724,   4.027,   6.389,9999.000,9999.000,9999.000,9999.000,9999.000,9999.000,9999.000
202602231730,   4.045,   6.448,9999.000,9999.000,9999.000,9999.000,9999.000,9999.000,9999.000
202602231736,   4.058,   6.507,9999.000,9999.000,9999.000,9999.000,9999.000,9999.000,9999.000
202602231742,   4.066,   6.537,9999.000,9999.000,9999.000,9999.000,9999.000,9999.000,9999.000
202602231748,   4.067,   6.619,9999.000,9999.000,9999.000,9999.000,9999.000,9999.000,9999.000
202602231754,   4.063,   6.556,9999.000,9999.000,9999.000,9999.000,9999.000,9999.000,9999.000
202602231800,   4.053,   6.537,   2.200,   0.284,   6.537,   1.700,   6.037,   2.500,   6.837
202602231806,   4.038,   6.556,9999.000,9999.000,9999.000,9999.000,9999.000,9999.000,9999.000
202602231812,   4.016,   6.537,9999.000,9999.000,9999.000,9999.000,9999.000,9999.000,9999.000
202602231818,   3.989,   6.527,9999.000,9999.000,9999.000,9999.000,9999.000,9999.000,9999.000
202602231824,   3.956,   6.537,9999.000,9999.000,9999.000,9999.000,9999.000,9999.000,9999.000
202602231830,   3.918,   6.487,9999.000,9999.000,9999.000,9999.000,9999.000,9999.000,9999.000
202602231836,   3.873,   6.428,9999.000,9999.000,9999.000,9999.000,9999.000,9999.000,9999.000
202602231842,   3.824,   6.409,9999.000,9999.000,9999.000,9999.000,9999.000,9999.000,9999.000
202602231848,   3.769,   6.359,9999.000,9999.000,9999.000,9999.000,9999.000,9999.000,9999.000
202602231854,   3.708,   6.277,9999.000,9999.000,9999.000,9999.000,9999.000,9999.000,9999.000
202602231900,   3.643,   6.199,   2.300,   0.256,   6.199,   1.900,   5.799,   2.600,   6.499
202602231906,   3.573,   6.169,9999.000,9999.000,9999.000,9999.000,9999.000,9999.000,9999.000
202602231912,   3.498,   6.058,9999.000,9999.000,9999.000,9999.000,9999.000,9999.000,9999.000
202602231918,   3.419,   5.989,9999.000,9999.000,9999.000,9999.000,9999.000,9999.000,9999.000
202602231924,   3.336,   5.887,9999.000,9999.000,9999.000,9999.000,9999.000,9999.000,9999.000
202602231930,   3.249,   5.818,9999.000,9999.000,9999.000,9999.000,9999.000,9999.000,9999.000
202602231936,   3.159,   5.707,9999.000,9999.000,9999.000,9999.000,9999.000,9999.000,9999.000
202602231942,   3.066,   5.589,9999.000,9999.000,9999.000,9999.000,9999.000,9999.000,9999.000
202602231948,   2.969,   5.507,9999.000,9999.000,9999.000,9999.000,9999.000,9999.000,9999.000
202602231954,   2.870,   5.408,9999.000,9999.000,9999.000,9999.000,9999.000,9999.000,9999.000
202602232000,   2.769,   5.339,   2.300,   0.270,   5.339,   2.000,   5.039,   2.500,   5.539
202602232006,   2.667,   5.188,9999.000,9999.000,9999.000,9999.000,9999.000,9999.000,9999.000
202602232012,   2.562,   5.139,9999.000,9999.000,9999.000,9999.000,9999.000,9999.000,9999.000
202602232018,   2.457,   4.959,9999.000,9999.000,9999.000,9999.000,9999.000,9999.000,9999.000
202602232024,   2.351,   4.857,9999.000,9999.000,9999.000,9999.000,9999.000,9999.000,9999.000
202602232030,   2.244,   4.759,9999.000,9999.000,9999.000,9999.000,9999.000,9999.000,9999.000
202602232036,   2.138,   4.628,9999.000,9999.000,9999.000,9999.000,9999.000,9999.000,9999.000
202602232042,   2.031,   4.529,9999.000,9999.000,9999.000,9999.000,9999.000,9999.000,9999.000
202602232048,   1.925,   4.418,9999.000,9999.000,9999.000,9999.000,9999.000,9999.000,9999.000
202602232054,   1.819,   4.290,9999.000,9999.000,9999.000,9999.000,9999.000,9999.000,9999.000
202602232100,   1.714,   4.198,   2.100,   0.384,   4.198,   1.900,   3.998,   2.400,   4.498
202602232106,   1.610,   4.080,9999.000,9999.000,9999.000,9999.000,9999.000,9999.000,9999.000
202602232112,   1.507,   3.958,9999.000,9999.000,9999.000,9999.000,9999.000,9999.000,9999.000
202602232118,   1.406,   3.899,9999.000,9999.000,9999.000,9999.000,9999.000,9999.000,9999.000
202602232124,   1.306,   3.768,9999.000,9999.000,9999.000,9999.000,9999.000,9999.000,9999.000
202602232130,   1.208,   3.689,9999.000,9999.000,9999.000,9999.000,9999.000,9999.000,9999.000
202602232136,   1.112,   3.578,9999.000,9999.000,9999.000,9999.000,9999.000,9999.000,9999.000
202602232142,   1.018,   3.470,9999.000,9999.000,9999.000,9999.000,9999.000,9999.000,9999.000
202602232148,   0.927,   3.398,9999.000,9999.000,9999.000,9999.000,9999.000,9999.000,9999.000
202602232154,   0.837,   3.339,9999.000,9999.000,9999.000,9999.000,9999.000,9999.000,9999.000
202602232200,   0.751,   3.250,   2.000,   0.499,   3.250,   1.700,   2.950,   2.200,   3.450
202602232206,   0.667,   3.138,9999.000,9999.000,9999.000,9999.000,9999.000,9999.000,9999.000
202602232212,   0.587,   3.079,9999.000,9999.000,9999.000,9999.000,9999.000,9999.000,9999.000
202602232218,   0.509,   3.007,9999.000,9999.000,9999.000,9999.000,9999.000,9999.000,9999.000
202602232224,   0.436,   2.899,9999.000,9999.000,9999.000,9999.000,9999.000,9999.000,9999.000
202602232230,   0.366,   2.869,9999.000,9999.000,9999.000,9999.000,9999.000,9999.000,9999.000
202602232236,   0.300,   2.778,9999.000,9999.000,9999.000,9999.000,9999.000,9999.000,9999.000
202602232242,   0.238,   2.719,9999.000,9999.000,9999.000,9999.000,9999.000,9999.000,9999.000
202602232248,   0.181,   2.679,9999.000,9999.000,9999.000,9999.000,9999.000,9999.000,9999.000
202602232254,   0.129,   2.610,9999.000,9999.000,9999.000,9999.000,9999.000,9999.000,9999.000
202602232300,   0.082,   2.538,   1.800,   0.656,   2.538,   1.500,   2.238,   2.200,   2.938
202602232306,   0.040,   2.469,9999.000,9999.000,9999.000,9999.000,9999.000,9999.000,9999.000
202602232312,   0.004,   2.459,9999.000,9999.000,9999.000,9999.000,9999.000,9999.000,9999.000
202602232318,  -0.025,   2.377,9999.000,9999.000,9999.000,9999.000,9999.000,9999.000,9999.000
202602232324,  -0.049,   2.377,9999.000,9999.000,9999.000,9999.000,9999.000,9999.000,9999.000
202602232330,  -0.067,   2.348,9999.000,9999.000,9999.000,9999.000,9999.000,9999.000,9999.000
202602232336,  -0.079,   2.358,9999.000,9999.000,9999.000,9999.000,9999.000,9999.000,9999.000
202602232342,  -0.084,   2.348,9999.000,9999.000,9999.000,9999.000,9999.000,9999.000,9999.000
202602232348,  -0.082,   2.358,9999.000,9999.000,9999.000,9999.000,9999.000,9999.000,9999.000
202602232354,  -0.074,   2.496,9999.000,9999.000,9999.000,9999.000,9999.000,9999.000,9999.000
202602240000,  -0.060,   2.496,   1.600,   0.956,   2.496,   1.400,   2.296,   1.900,   2.796
202602240006,  -0.039,   2.338,9999.000,9999.000,9999.000,9999.000,9999.000,9999.000,9999.000
202602240012,  -0.012,   2.348,9999.000,9999.000,9999.000,9999.000,9999.000,9999.000,9999.000
202602240018,   0.021,   2.459,9999.000,9999.000,9999.000,9999.000,9999.000,9999.000,9999.000
202602240024,   0.061,   2.450,9999.000,9999.000,9999.000,9999.000,9999.000,9999.000,9999.000
202602240030,   0.107,   2.499,9999.000,9999.000,9999.000,9999.000,9999.000,9999.000,9999.000
202602240036,   0.158,   2.568,9999.000,9999.000,9999.000,9999.000,9999.000,9999.000,9999.000
202602240042,   0.215,   2.568,9999.000,9999.000,9999.000,9999.000,9999.000,9999.000,9999.000
202602240048,   0.277,   2.620,9999.000,9999.000,9999.000,9999.000,9999.000,9999.000,9999.000
202602240054,   0.344,   2.728,9999.000,9999.000,9999.000,9999.000,9999.000,9999.000,9999.000
202602240100,   0.416,   2.778,   1.500,   0.862,   2.778,   1.300,   2.578,   1.800,   3.078
202602240106,   0.492,   2.820,9999.000,9999.000,9999.000,9999.000,9999.000,9999.000,9999.000
202602240112,   0.571,   2.879,9999.000,9999.000,9999.000,9999.000,9999.000,9999.000,9999.000
202602240118,   0.655,   2.919,9999.000,9999.000,9999.000,9999.000,9999.000,9999.000,9999.000
202602240124,   0.742,   2.988,9999.000,9999.000,9999.000,9999.000,9999.000,9999.000,9999.000
202602240130,   0.832,   3.017,9999.000,9999.000,9999.000,9999.000,9999.000,9999.000,9999.000
202602240136,   0.926,   3.099,9999.000,9999.000,9999.000,9999.000,9999.000,9999.000,9999.000
202602240142,   1.021,   3.168,9999.000,9999.000,9999.000,9999.000,9999.000,9999.000,9999.000
202602240148,   1.120,   3.260,9999.000,9999.000,9999.000,9999.000,9999.000,9999.000,9999.000
202602240154,   1.220,   3.299,9999.000,9999.000,9999.000,9999.000,9999.000,9999.000,9999.000
202602240200,   1.323,   3.358,   1.400,   0.635,   3.358,   1.200,   3.158,   1.700,   3.658
202602240206,   1.427,   3.440,9999.000,9999.000,9999.000,9999.000,9999.000,9999.000,9999.000
202602240212,   1.533,   3.529,9999.000,9999.000,9999.000,9999.000,9999.000,9999.000,9999.000
202602240218,   1.641,   3.607,9999.000,9999.000,9999.000,9999.000,9999.000,9999.000,9999.000
202602240224,   1.750,   3.699,9999.000,9999.000,9999.000,9999.000,9999.000,9999.000,9999.000
202602240230,   1.861,   3.808,9999.000,9999.000,9999.000,9999.000,9999.000,9999.000,9999.000
202602240236,   1.972,   3.880,9999.000,9999.000,9999.000,9999.000,9999.000,9999.000,9999.000
202602240242,   2.085,   4.008,9999.000,9999.000,9999.000,9999.000,9999.000,9999.000,9999.000
202602240248,   2.199,   4.129,9999.000,9999.000,9999.000,9999.000,9999.000,9999.000,9999.000
202602240254,   2.313,   4.247,9999.000,9999.000,9999.000,9999.000,9999.000,9999.000,9999.000
202602240300,   2.428,   4.339,   1.300,   0.611,   4.339,   1.000,   4.039,   1.400,   4.439
202602240306,   2.543,   4.437,9999.000,9999.000,9999.000,9999.000,9999.000,9999.000,9999.000
202602240312,   2.659,   4.549,9999.000,9999.000,9999.000,9999.000,9999.000,9999.000,9999.000
202602240318,   2.775,   4.657,9999.000,9999.000,9999.000,9999.000,9999.000,9999.000,9999.000
202602240324,   2.890,   4.788,9999.000,9999.000,9999.000,9999.000,9999.000,9999.000,9999.000
202602240330,   3.005,   4.887,9999.000,9999.000,9999.000,9999.000,9999.000,9999.000,9999.000
202602240336,   3.120,   5.008,9999.000,9999.000,9999.000,9999.000,9999.000,9999.000,9999.000
202602240342,   3.233,   5.097,9999.000,9999.000,9999.000,9999.000,9999.000,9999.000,9999.000
202602240348,   3.345,   5.208,9999.000,9999.000,9999.000,9999.000,9999.000,9999.000,9999.000
202602240354,   3.456,   5.320,9999.000,9999.000,9999.000,9999.000,9999.000,9999.000,9999.000
202602240400,   3.565,   5.448,   1.100,   0.783,   5.448,   0.900,   5.248,   1.200,   5.548
202602240406,   3.672,   5.598,9999.000,9999.000,9999.000,9999.000,9999.000,9999.000,9999.000
202602240412,   3.777,   5.667,9999.000,9999.000,9999.000,9999.000,9999.000,9999.000,9999.000
202602240418,   3.879,   5.759,9999.000,9999.000,9999.000,9999.000,9999.000,9999.000,9999.000
202602240424,   3.978,   5.838,9999.000,9999.000,9999.000,9999.000,9999.000,9999.000,9999.000
202602240430,   4.074,   5.969,9999.000,9999.000,9999.000,9999.000,9999.000,9999.000,9999.000
202602240436,   4.166,   6.067,9999.000,9999.000,9999.000,9999.000,9999.000,9999.000,9999.000
202602240442,   4.255,   6.199,9999.000,9999.000,9999.000,9999.000,9999.000,9999.000,9999.000
202602240448,   4.339,   6.258,9999.000,9999.000,9999.000,9999.000,9999.000,9999.000,9999.000
202602240454,   4.420,   6.327,9999.000,9999.000,9999.000,9999.000,9999.000,9999.000,9999.000
202602240500,   4.495,   6.399,   0.800,   1.104,   6.399,   0.600,   6.199,   1.100,   6.699
202602240506,   4.566,   6.477,9999.000,9999.000,9999.000,9999.000,9999.000,9999.000,9999.000
202602240512,   4.633,   6.546,9999.000,9999.000,9999.000,9999.000,9999.000,9999.000,9999.000
202602240518,   4.694,   6.628,9999.000,9999.000,9999.000,9999.000,9999.000,9999.000,9999.000
202602240524,   4.750,   6.707,9999.000,9999.000,9999.000,9999.000,9999.000,9999.000,9999.000
202602240530,   4.800,   6.756,9999.000,9999.000,9999.000,9999.000,9999.000,9999.000,9999.000
202602240536,   4.845,   6.799,9999.000,9999.000,9999.000,9999.000,9999.000,9999.000,9999.000
202602240542,   4.884,   6.838,9999.000,9999.000,9999.000,9999.000,9999.000,9999.000,9999.000
202602240548,   4.918,   6.848,9999.000,9999.000,9999.000,9999.000,9999.000,9999.000,9999.000
202602240554,   4.946,   6.848,9999.000,9999.000,9999.000,9999.000,9999.000,9999.000,9999.000
202602240600,   4.967,   6.858,   0.900,   0.991,   6.858,   0.700,   6.658,   1.100,   7.058
202602240606,   4.983,   6.887,9999.000,9999.000,9999.000,9999.000,9999.000,9999.000,9999.000
202602240612,   4.993,   6.907,9999.000,9999.000,9999.000,9999.000,9999.000,9999.000,9999.000
202602240618,   4.997,   6.887,9999.000,9999.000,9999.000,9999.000,9999.000,9999.000,9999.000
202602240624,   4.994,   6.868,9999.000,9999.000,9999.000,9999.000,9999.000,9999.000,9999.000
202602240630,   4.986,   6.819,9999.000,9999.000,9999.000,9999.000,9999.000,9999.000,9999.000
202602240636,   4.971,   6.799,9999.000,9999.000,9999.000,9999.000,9999.000,9999.000,9999.000
202602240642,   4.951,   6.756,9999.000,9999.000,9999.000,9999.000,9999.000,9999.000,9999.000
202602240648,   4.924,   6.756,9999.000,9999.000,9999.000,9999.000,9999.000,9999.000,9999.000
202602240654,   4.891,   6.619,9999.000,9999.000,9999.000,9999.000,9999.000,9999.000,9999.000
202602240700,   4.852,   6.579,   0.800,   0.927,   6.579,   0.500,   6.279,   1.000,   6.779
202602240706,   4.808,   6.497,9999.000,9999.000,9999.000,9999.000,9999.000,9999.000,9999.000
202602240712,   4.757,   6.418,9999.000,9999.000,9999.000,9999.000,9999.000,9999.000,9999.000
202602240718,   4.701,   6.336,9999.000,9999.000,9999.000,9999.000,9999.000,9999.000,9999.000
202602240724,   4.640,   6.277,9999.000,9999.000,9999.000,9999.000,9999.000,9999.000,9999.000
202602240730,   4.573,   6.169,9999.000,9999.000,9999.000,9999.000,9999.000,9999.000,9999.000
202602240736,   4.502,   6.097,9999.000,9999.000,9999.000,9999.000,9999.000,9999.000,9999.000
202602240742,   4.426,   6.018,9999.000,9999.000,9999.000,9999.000,9999.000,9999.000,9999.000
202602240748,   4.345,   5.917,9999.000,9999.000,9999.000,9999.000,9999.000,9999.000,9999.000
202602240754,   4.260,   5.799,9999.000,9999.000,9999.000,9999.000,9999.000,9999.000,9999.000
202602240800,   4.171,   5.697,   0.700,   0.826,   5.697,   0.400,   5.397,   0.900,   5.897
202602240806,   4.078,   5.589,9999.000,9999.000,9999.000,9999.000,9999.000,9999.000,9999.000
202602240812,   3.982,   5.549,9999.000,9999.000,9999.000,9999.000,9999.000,9999.000,9999.000
202602240818,   3.883,   5.438,9999.000,9999.000,9999.000,9999.000,9999.000,9999.000,9999.000
202602240824,   3.782,   5.297,9999.000,9999.000,9999.000,9999.000,9999.000,9999.000,9999.000
202602240830,   3.678,   5.188,9999.000,9999.000,9999.000,9999.000,9999.000,9999.000,9999.000
202602240836,   3.572,   5.047,9999.000,9999.000,9999.000,9999.000,9999.000,9999.000,9999.000
202602240842,   3.465,   4.929,9999.000,9999.000,9999.000,9999.000,9999.000,9999.000,9999.000
202602240848,   3.356,   4.837,9999.000,9999.000,9999.000,9999.000,9999.000,9999.000,9999.000
202602240854,   3.246,   4.700,9999.000,9999.000,9999.000,9999.000,9999.000,9999.000,9999.000
202602240900,   3.135,   4.588,   0.600,   0.853,   4.588,   0.500,   4.488,   0.800,   4.788
202602240906,   3.023,   4.500,9999.000,9999.000,9999.000,9999.000,9999.000,9999.000,9999.000
202602240912,   2.911,   4.329,9999.000,9999.000,9999.000,9999.000,9999.000,9999.000,9999.000
202602240918,   2.799,   4.159,9999.000,9999.000,9999.000,9999.000,9999.000,9999.000,9999.000
202602240924,   2.688,   4.027,9999.000,9999.000,9999.000,9999.000,9999.000,9999.000,9999.000
202602240930,   2.576,   3.890,9999.000,9999.000,9999.000,9999.000,9999.000,9999.000,9999.000
202602240936,   2.465,   3.768,9999.000,9999.000,9999.000,9999.000,9999.000,9999.000,9999.000
202602240942,   2.355,   3.627,9999.000,9999.000,9999.000,9999.000,9999.000,9999.000,9999.000
202602240948,   2.245,   3.509,9999.000,9999.000,9999.000,9999.000,9999.000,9999.000,9999.000
202602240954,   2.137,   3.388,9999.000,9999.000,9999.000,9999.000,9999.000,9999.000,9999.000
202602241000,   2.029,   3.260,   0.500,   0.731,   3.260,   0.400,   3.160,   0.700,   3.460
202602241006,   1.923,   3.158,9999.000,9999.000,9999.000,9999.000,9999.000,9999.000,9999.000
202602241012,   1.818,   3.050,9999.000,9999.000,9999.000,9999.000,9999.000,9999.000,9999.000
202602241018,   1.715,   2.919,9999.000,9999.000,9999.000,9999.000,9999.000,9999.000,9999.000
202602241024,   1.614,   2.787,9999.000,9999.000,9999.000,9999.000,9999.000,9999.000,9999.000
202602241030,   1.514,   2.640,9999.000,9999.000,9999.000,9999.000,9999.000,9999.000,9999.000
202602241036,   1.417,   2.568,9999.000,9999.000,9999.000,9999.000,9999.000,9999.000,9999.000
202602241042,   1.322,   2.440,9999.000,9999.000,9999.000,9999.000,9999.000,9999.000,9999.000
202602241048,   1.230,   2.338,9999.000,9999.000,9999.000,9999.000,9999.000,9999.000,9999.000
202602241054,   1.140,   2.259,9999.000,9999.000,9999.000,9999.000,9999.000,9999.000,9999.000
202602241100,   1.054,   2.191,   0.400,   0.737,   2.191,   0.200,   1.991,   0.600,   2.391
202602241106,   0.971,   2.069,9999.000,9999.000,9999.000,9999.000,9999.000,9999.000,9999.000
202602241112,   0.891,   1.958,9999.000,9999.000,9999.000,9999.000,9999.000,9999.000,9999.000
202602241118,   0.816,   1.879,9999.000,9999.000,9999.000,9999.000,9999.000,9999.000,9999.000
202602241124,   0.744,   1.800,9999.000,9999.000,9999.000,9999.000,9999.000,9999.000,9999.000
202602241130,   0.677,   1.748,9999.000,9999.000,9999.000,9999.000,9999.000,9999.000,9999.000
202602241136,   0.615,   1.689,9999.000,9999.000,9999.000,9999.000,9999.000,9999.000,9999.000
202602241142,   0.557,   1.610,9999.000,9999.000,9999.000,9999.000,9999.000,9999.000,9999.000
202602241148,   0.505,   1.538,9999.000,9999.000,9999.000,9999.000,9999.000,9999.000,9999.000
202602241154,   0.458,   1.489,9999.000,9999.000,9999.000,9999.000,9999.000,9999.000,9999.000
202602241200,   0.416,   1.400,   0.700,   0.284,   1.400,   0.500,   1.200,   0.900,   1.600
202602241206,   0.381,   1.390,9999.000,9999.000,9999.000,9999.000,9999.000,9999.000,9999.000
202602241212,   0.350,   1.380,9999.000,9999.000,9999.000,9999.000,9999.000,9999.000,9999.000
202602241218,   0.326,   1.348,9999.000,9999.000,9999.000,9999.000,9999.000,9999.000,9999.000
202602241224,   0.307,   1.328,9999.000,9999.000,9999.000,9999.000,9999.000,9999.000,9999.000
202602241230,   0.294,   1.338,9999.000,9999.000,9999.000,9999.000,9999.000,9999.000,9999.000
202602241236,   0.287,   1.371,9999.000,9999.000,9999.000,9999.000,9999.000,9999.000,9999.000
202602241242,   0.286,   1.338,9999.000,9999.000,9999.000,9999.000,9999.000,9999.000,9999.000
202602241248,   0.290,   1.371,9999.000,9999.000,9999.000,9999.000,9999.000,9999.000,9999.000
202602241254,   0.299,   1.430,9999.000,9999.000,9999.000,9999.000,9999.000,9999.000,9999.000
202602241300,   0.313,   1.430,   0.600,   0.517,   1.430,   0.500,   1.330,   0.800,   1.630
202602241306,   0.333,   1.479,9999.000,9999.000,9999.000,9999.000,9999.000,9999.000,9999.000
202602241312,   0.357,   1.508,9999.000,9999.000,9999.000,9999.000,9999.000,9999.000,9999.000
202602241318,   0.386,   1.571,9999.000,9999.000,9999.000,9999.000,9999.000,9999.000,9999.000
202602241324,   0.419,   1.557,9999.000,9999.000,9999.000,9999.000,9999.000,9999.000,9999.000
202602241330,   0.456,   1.571,9999.000,9999.000,9999.000,9999.000,9999.000,9999.000,9999.000
202602241336,   0.497,   1.600,9999.000,9999.000,9999.000,9999.000,9999.000,9999.000,9999.000
202602241342,   0.541,   1.649,9999.000,9999.000,9999.000,9999.000,9999.000,9999.000,9999.000
202602241348,   0.589,   1.708,9999.000,9999.000,9999.000,9999.000,9999.000,9999.000,9999.000
202602241354,   0.640,   1.748,9999.000,9999.000,9999.000,9999.000,9999.000,9999.000,9999.000
202602241400,   0.694,   1.859,   0.600,   0.565,   1.859,   0.400,   1.659,   0.700,   1.959
202602241406,   0.750,   1.889,9999.000,9999.000,9999.000,9999.000,9999.000,9999.000,9999.000
202602241412,   0.809,   1.958,9999.000,9999.000,9999.000,9999.000,9999.000,9999.000,9999.000
202602241418,   0.870,   1.990,9999.000,9999.000,9999.000,9999.000,9999.000,9999.000,9999.000
202602241424,   0.933,   2.040,9999.000,9999.000,9999.000,9999.000,9999.000,9999.000,9999.000
202602241430,   0.999,   2.118,9999.000,9999.000,9999.000,9999.000,9999.000,9999.000,9999.000
202602241436,   1.066,   2.168,9999.000,9999.000,9999.000,9999.000,9999.000,9999.000,9999.000
202602241442,   1.136,   2.269,9999.000,9999.000,9999.000,9999.000,9999.000,9999.000,9999.000
202602241448,   1.207,   2.328,9999.000,9999.000,9999.000,9999.000,9999.000,9999.000,9999.000
202602241454,   1.280,   2.459,9999.000,9999.000,9999.000,9999.000,9999.000,9999.000,9999.000
202602241500,   1.355,   2.499,   0.500,   0.644,   2.499,   0.400,   2.399,   0.600,   2.599
202602241506,   1.431,   2.620,9999.000,9999.000,9999.000,9999.000,9999.000,9999.000,9999.000
202602241512,   1.509,   2.699,9999.000,9999.000,9999.000,9999.000,9999.000,9999.000,9999.000
202602241518,   1.589,   2.787,9999.000,9999.000,9999.000,9999.000,9999.000,9999.000,9999.000
202602241524,   1.669,   2.869,9999.000,9999.000,9999.000,9999.000,9999.000,9999.000,9999.000
202602241530,   1.751,   2.988,9999.000,9999.000,9999.000,9999.000,9999.000,9999.000,9999.000
202602241536,   1.834,   3.089,9999.000,9999.000,9999.000,9999.000,9999.000,9999.000,9999.000
202602241542,   1.918,   3.129,9999.000,9999.000,9999.000,9999.000,9999.000,9999.000,9999.000
202602241548,   2.003,   3.230,9999.000,9999.000,9999.000,9999.000,9999.000,9999.000,9999.000
202602241554,   2.088,   3.289,9999.000,9999.000,9999.000,9999.000,9999.000,9999.000,9999.000
202602241600,   2.174,   3.398,   0.400,   0.824,   3.398,   0.300,   3.298,   0.500,   3.498
202602241606,   2.260,   3.450,9999.000,9999.000,9999.000,9999.000,9999.000,9999.000,9999.000
202602241612,   2.346,   3.539,9999.000,9999.000,9999.000,9999.000,9999.000,9999.000,9999.000
202602241618,   2.432,   3.650,9999.000,9999.000,9999.000,9999.000,9999.000,9999.000,9999.000
202602241624,   2.517,   3.729,9999.000,9999.000,9999.000,9999.000,9999.000,9999.000,9999.000
202602241630,   2.601,   3.860,9999.000,9999.000,9999.000,9999.000,9999.000,9999.000,9999.000
202602241636,   2.685,   3.949,9999.000,9999.000,9999.000,9999.000,9999.000,9999.000,9999.000
202602241642,   2.766,   4.047,9999.000,9999.000,9999.000,9999.000,9999.000,9999.000,9999.000
202602241648,   2.847,   4.119,9999.000,9999.000,9999.000,9999.000,9999.000,9999.000,9999.000
202602241654,   2.925,   4.178,9999.000,9999.000,9999.000,9999.000,9999.000,9999.000,9999.000
202602241700,   3.002,   4.257,   0.400,   0.855,   4.257,   0.300,   4.157,   0.400,   4.257
202602241706,   3.076,   4.290,9999.000,9999.000,9999.000,9999.000,9999.000,9999.000,9999.000
202602241712,   3.147,   4.368,9999.000,9999.000,9999.000,9999.000,9999.000,9999.000,9999.000
202602241718,   3.215,   4.480,9999.000,9999.000,9999.000,9999.000,9999.000,9999.000,9999.000
202602241724,   3.281,   4.519,9999.000,9999.000,9999.000,9999.000,9999.000,9999.000,9999.000
202602241730,   3.343,   4.509,9999.000,9999.000,9999.000,9999.000,9999.000,9999.000,9999.000
202602241736,   3.402,   4.618,9999.000,9999.000,9999.000,9999.000,9999.000,9999.000,9999.000
202602241742,   3.456,   4.637,9999.000,9999.000,9999.000,9999.000,9999.000,9999.000,9999.000
202602241748,   3.507,   4.647,9999.000,9999.000,9999.000,9999.000,9999.000,9999.000,9999.000
202602241754,   3.554,   4.749,9999.000,9999.000,9999.000,9999.000,9999.000,9999.000,9999.000
202602241800,   3.597,   4.769,   0.500,   0.672,   4.769,   0.400,   4.669,   0.600,   4.869
202602241806,   3.636,   4.719,9999.000,9999.000,9999.000,9999.000,9999.000,9999.000,9999.000
202602241812,   3.670,   4.778,9999.000,9999.000,9999.000,9999.000,9999.000,9999.000,9999.000
202602241818,   3.699,   4.837,9999.000,9999.000,9999.000,9999.000,9999.000,9999.000,9999.000
202602241824,   3.724,   4.837,9999.000,9999.000,9999.000,9999.000,9999.000,9999.000,9999.000
202602241830,   3.744,   4.837,9999.000,9999.000,9999.000,9999.000,9999.000,9999.000,9999.000
202602241836,   3.759,   4.818,9999.000,9999.000,9999.000,9999.000,9999.000,9999.000,9999.000
202602241842,   3.769,   4.759,9999.000,9999.000,9999.000,9999.000,9999.000,9999.000,9999.000
202602241848,   3.774,   4.690,9999.000,9999.000,9999.000,9999.000,9999.000,9999.000,9999.000
202602241854,   3.774,   4.729,9999.000,9999.000,9999.000,9999.000,9999.000,9999.000,9999.000
202602241900,   3.769,   4.657,   0.500,   0.388,   4.657,   0.400,   4.557,   0.600,   4.757
202602241906,   3.758,   4.618,9999.000,9999.000,9999.000,9999.000,9999.000,9999.000,9999.000
202602241912,   3.743,   4.598,9999.000,9999.000,9999.000,9999.000,9999.000,9999.000,9999.000
202602241918,   3.722,   4.559,9999.000,9999.000,9999.000,9999.000,9999.000,9999.000,9999.000
202602241924,   3.696,   4.467,9999.000,9999.000,9999.000,9999.000,9999.000,9999.000,9999.000
202602241930,   3.665,   4.408,9999.000,9999.000,9999.000,9999.000,9999.000,9999.000,9999.000
202602241936,   3.629,   4.388,9999.000,9999.000,9999.000,9999.000,9999.000,9999.000,9999.000
202602241942,   3.588,   4.329,9999.000,9999.000,9999.000,9999.000,9999.000,9999.000,9999.000
202602241948,   3.543,   4.290,9999.000,9999.000,9999.000,9999.000,9999.000,9999.000,9999.000
202602241954,   3.492,   4.218,9999.000,9999.000,9999.000,9999.000,9999.000,9999.000,9999.000
202602242000,   3.437,   4.119,   0.400,   0.282,   4.119,   0.400,   4.119,   0.500,   4.219
202602242006,   3.378,   4.057,9999.000,9999.000,9999.000,9999.000,9999.000,9999.000,9999.000
202602242012,   3.314,   3.949,9999.000,9999.000,9999.000,9999.000,9999.000,9999.000,9999.000
202602242018,   3.247,   3.860,9999.000,9999.000,9999.000,9999.000,9999.000,9999.000,9999.000
202602242024,   3.176,   3.749,9999.000,9999.000,9999.000,9999.000,9999.000,9999.000,9999.000
202602242030,   3.101,   3.627,9999.000,9999.000,9999.000,9999.000,9999.000,9999.000,9999.000
202602242036,   3.023,   3.578,9999.000,9999.000,9999.000,9999.000,9999.000,9999.000,9999.000
202602242042,   2.943,   3.489,9999.000,9999.000,9999.000,9999.000,9999.000,9999.000,9999.000
202602242048,   2.860,   3.368,9999.000,9999.000,9999.000,9999.000,9999.000,9999.000,9999.000
202602242054,   2.774,   3.299,9999.000,9999.000,9999.000,9999.000,9999.000,9999.000,9999.000
202602242100,   2.687,   3.178,   0.400,   0.091,   3.178,   0.300,   3.078,   0.500,   3.278
202602242106,   2.598,   3.070,9999.000,9999.000,9999.000,9999.000,9999.000,9999.000,9999.000
202602242112,   2.508,   3.030,9999.000,9999.000,9999.000,9999.000,9999.000,9999.000,9999.000
202602242118,   2.416,   2.919,9999.000,9999.000,9999.000,9999.000,9999.000,9999.000,9999.000
202602242124,   2.324,   2.807,9999.000,9999.000,9999.000,9999.000,9999.000,9999.000,9999.000
202602242130,   2.230,   2.738,9999.000,9999.000,9999.000,9999.000,9999.000,9999.000,9999.000
202602242136,   2.137,   2.620,9999.000,9999.000,9999.000,9999.000,9999.000,9999.000,9999.000
202602242142,   2.043,   2.568,9999.000,9999.000,9999.000,9999.000,9999.000,9999.000,9999.000
202602242148,   1.949,   2.420,9999.000,9999.000,9999.000,9999.000,9999.000,9999.000,9999.000
202602242154,   1.856,   2.368,9999.000,9999.000,9999.000,9999.000,9999.000,9999.000,9999.000
202602242200,   1.762,   2.240,   0.300,   0.178,   2.240,   0.200,   2.140,   0.500,   2.440
202602242206,   1.670,   2.177,9999.000,9999.000,9999.000,9999.000,9999.000,9999.000,9999.000
202602242212,   1.578,   2.138,9999.000,9999.000,9999.000,9999.000,9999.000,9999.000,9999.000
202602242218,   1.487,   2.010,9999.000,9999.000,9999.000,9999.000,9999.000,9999.000,9999.000
202602242224,   1.396,   1.948,9999.000,9999.000,9999.000,9999.000,9999.000,9999.000,9999.000
202602242230,   1.307,   1.879,9999.000,9999.000,9999.000,9999.000,9999.000,9999.000,9999.000
202602242236,   1.220,   1.748,9999.000,9999.000,9999.000,9999.000,9999.000,9999.000,9999.000
202602242242,   1.134,   1.659,9999.000,9999.000,9999.000,9999.000,9999.000,9999.000,9999.000
202602242248,   1.049,   1.600,9999.000,9999.000,9999.000,9999.000,9999.000,9999.000,9999.000
202602242254,   0.966,   1.498,9999.000,9999.000,9999.000,9999.000,9999.000,9999.000,9999.000
202602242300,   0.886,   1.430,   0.300,   0.244,   1.430,   0.200,   1.330,   0.400,   1.530
202602242306,   0.808,   1.348,9999.000,9999.000,9999.000,9999.000,9999.000,9999.000,9999.000
202602242312,   0.732,   1.361,9999.000,9999.000,9999.000,9999.000,9999.000,9999.000,9999.000
202602242318,   0.659,   1.239,9999.000,9999.000,9999.000,9999.000,9999.000,9999.000,9999.000
202602242324,   0.590,   1.180,9999.000,9999.000,9999.000,9999.000,9999.000,9999.000,9999.000
202602242330,   0.523,   1.079,9999.000,9999.000,9999.000,9999.000,9999.000,9999.000,9999.000
202602242336,   0.461,   1.049,9999.000,9999.000,9999.000,9999.000,9999.000,9999.000,9999.000
202602242342,   0.402,   1.000,9999.000,9999.000,9999.000,9999.000,9999.000,9999.000,9999.000
202602242348,   0.348,   0.970,9999.000,9999.000,9999.000,9999.000,9999.000,9999.000,9999.000
202602242354,   0.298,   0.928,9999.000,9999.000,9999.000,9999.000,9999.000,9999.000,9999.000
202602250000,   0.253,   0.928,   0.200,   0.475,   0.928,   0.200,   0.928,   0.300,   1.028
202602250006,   0.213,   0.879,9999.000,9999.000,9999.000,9999.000,9999.000,9999.000,9999.000
202602250012,   0.178,   0.859,9999.000,9999.000,9999.000,9999.000,9999.000,9999.000,9999.000
202602250018,   0.149,   0.839,9999.000,9999.000,9999.000,9999.000,9999.000,9999.000,9999.000
202602250024,   0.125,   0.839,9999.000,9999.000,9999.000,9999.000,9999.000,9999.000,9999.000
202602250030,   0.107,   0.819,9999.000,9999.000,9999.000,9999.000,9999.000,9999.000,9999.000
202602250036,   0.096,   0.859,9999.000,9999.000,9999.000,9999.000,9999.000,9999.000,9999.000
202602250042,   0.090,   0.879,9999.000,9999.000,9999.000,9999.000,9999.000,9999.000,9999.000
202602250048,   0.090,   0.869,9999.000,9999.000,9999.000,9999.000,9999.000,9999.000,9999.000
202602250054,   0.097,   0.888,9999.000,9999.000,9999.000,9999.000,9999.000,9999.000,9999.000
202602250100,   0.110,   0.951,   0.100,   0.741,   0.951,   0.100,   0.951,   0.200,   1.051
202602250106,   0.128,   0.941,9999.000,9999.000,9999.000,9999.000,9999.000,9999.000,9999.000
202602250112,   0.153,   0.951,9999.000,9999.000,9999.000,9999.000,9999.000,9999.000,9999.000
202602250118,   0.183,   1.010,9999.000,9999.000,9999.000,9999.000,9999.000,9999.000,9999.000
202602250124,   0.219,   1.088,9999.000,9999.000,9999.000,9999.000,9999.000,9999.000,9999.000
202602250130,   0.260,   1.128,9999.000,9999.000,9999.000,9999.000,9999.000,9999.000,9999.000
202602250136,   0.306,   1.138,9999.000,9999.000,9999.000,9999.000,9999.000,9999.000,9999.000
202602250142,   0.357,   1.161,9999.000,9999.000,9999.000,9999.000,9999.000,9999.000,9999.000
202602250148,   0.413,   1.210,9999.000,9999.000,9999.000,9999.000,9999.000,9999.000,9999.000
202602250154,   0.473,   1.348,9999.000,9999.000,9999.000,9999.000,9999.000,9999.000,9999.000
202602250200,   0.538,   1.328,   0.100,   0.690,   1.328,   0.000,   1.228,   0.100,   1.328
202602250206,   0.606,   1.469,9999.000,9999.000,9999.000,9999.000,9999.000,9999.000,9999.000
202602250212,   0.678,   1.479,9999.000,9999.000,9999.000,9999.000,9999.000,9999.000,9999.000
202602250218,   0.753,   1.590,9999.000,9999.000,9999.000,9999.000,9999.000,9999.000,9999.000
202602250224,   0.831,   1.610,9999.000,9999.000,9999.000,9999.000,9999.000,9999.000,9999.000
202602250230,   0.912,   1.689,9999.000,9999.000,9999.000,9999.000,9999.000,9999.000,9999.000
202602250236,   0.996,   1.790,9999.000,9999.000,9999.000,9999.000,9999.000,9999.000,9999.000
202602250242,   1.082,   1.908,9999.000,9999.000,9999.000,9999.000,9999.000,9999.000,9999.000
202602250248,   1.171,   1.938,9999.000,9999.000,9999.000,9999.000,9999.000,9999.000,9999.000
202602250254,   1.262,   2.069,9999.000,9999.000,9999.000,9999.000,9999.000,9999.000,9999.000
202602250300,   1.355,   2.168,   0.000,   0.813,   2.168,   0.000,   2.168,   0.100,   2.268
202602250306,   1.450,   2.240,9999.000,9999.000,9999.000,9999.000,9999.000,9999.000,9999.000
202602250312,   1.547,   2.338,9999.000,9999.000,9999.000,9999.000,9999.000,9999.000,9999.000
202602250318,   1.645,   2.469,9999.000,9999.000,9999.000,9999.000,9999.000,9999.000,9999.000
202602250324,   1.746,   2.548,9999.000,9999.000,9999.000,9999.000,9999.000,9999.000,9999.000
202602250330,   1.847,   2.640,9999.000,9999.000,9999.000,9999.000,9999.000,9999.000,9999.000
202602250336,   1.951,   2.768,9999.000,9999.000,9999.000,9999.000,9999.000,9999.000,9999.000
202602250342,   2.055,   2.929,9999.000,9999.000,9999.000,9999.000,9999.000,9999.000,9999.000
202602250348,   2.161,   3.007,9999.000,9999.000,9999.000,9999.000,9999.000,9999.000,9999.000
202602250354,   2.268,   3.138,9999.000,9999.000,9999.000,9999.000,9999.000,9999.000,9999.000
202602250400,   2.376,   3.250,   0.000,   0.874,   3.250,   0.000,   3.250,   0.100,   3.350
202602250406,   2.484,   3.368,9999.000,9999.000,9999.000,9999.000,9999.000,9999.000,9999.000
202602250412,   2.593,   3.480,9999.000,9999.000,9999.000,9999.000,9999.000,9999.000,9999.000
202602250418,   2.702,   3.650,9999.000,9999.000,9999.000,9999.000,9999.000,9999.000,9999.000
202602250424,   2.812,   3.808,9999.000,9999.000,9999.000,9999.000,9999.000,9999.000,9999.000
202602250430,   2.921,   3.870,9999.000,9999.000,9999.000,9999.000,9999.000,9999.000,9999.000
202602250436,   3.030,   3.988,9999.000,9999.000,9999.000,9999.000,9999.000,9999.000,9999.000
202602250442,   3.139,   4.129,9999.000,9999.000,9999.000,9999.000,9999.000,9999.000,9999.000
202602250448,   3.246,   4.290,9999.000,9999.000,9999.000,9999.000,9999.000,9999.000,9999.000
202602250454,   3.353,   4.378,9999.000,9999.000,9999.000,9999.000,9999.000,9999.000,9999.000
202602250500,   3.458,   4.529,   0.000,   1.071,   4.529,   0.000,   4.529,   0.000,   4.529
202602250506,   3.561,   4.608,9999.000,9999.000,9999.000,9999.000,9999.000,9999.000,9999.000
202602250512,   3.662,   4.719,9999.000,9999.000,9999.000,9999.000,9999.000,9999.000,9999.000
202602250518,   3.761,   4.837,9999.000,9999.000,9999.000,9999.000,9999.000,9999.000,9999.000
202602250524,   3.857,   4.949,9999.000,9999.000,9999.000,9999.000,9999.000,9999.000,9999.000
202602250530,   3.951,   5.018,9999.000,9999.000,9999.000,9999.000,9999.000,9999.000,9999.000
202602250536,   4.041,   5.067,9999.000,9999.000,9999.000,9999.000,9999.000,9999.000,9999.000
202602250542,   4.128,   5.120,9999.000,9999.000,9999.000,9999.000,9999.000,9999.000,9999.000
202602250548,   4.212,   5.208,9999.000,9999.000,9999.000,9999.000,9999.000,9999.000,9999.000
202602250554,   4.292,   5.339,9999.000,9999.000,9999.000,9999.000,9999.000,9999.000,9999.000
202602250600,   4.367,   5.418,  -0.100,   1.151,   5.418,  -0.100,   5.418,   0.000,   5.518
202602250606,   4.439,   5.467,9999.000,9999.000,9999.000,9999.000,9999.000,9999.000,9999.000
202602250612,   4.506,   5.507,9999.000,9999.000,9999.000,9999.000,9999.000,9999.000,9999.000
202602250618,   4.568,   5.516,9999.000,9999.000,9999.000,9999.000,9999.000,9999.000,9999.000
202602250624,   4.626,   5.608,9999.000,9999.000,9999.000,9999.000,9999.000,9999.000,9999.000
202602250630,   4.679,   5.687,9999.000,9999.000,9999.000,9999.000,9999.000,9999.000,9999.000
202602250636,   4.728,   5.707,9999.000,9999.000,9999.000,9999.000,9999.000,9999.000,9999.000
202602250642,   4.771,   5.730,9999.000,9999.000,9999.000,9999.000,9999.000,9999.000,9999.000
202602250648,   4.808,   5.730,9999.000,9999.000,9999.000,9999.000,9999.000,9999.000,9999.000
202602250654,   4.841,   5.739,9999.000,9999.000,9999.000,9999.000,9999.000,9999.000,9999.000
202602250700,   4.868,   5.749,  -0.100,   0.981,   5.749,  -0.100,   5.749,   0.000,   5.849
202602250706,   4.889,   5.769,9999.000,9999.000,9999.000,9999.000,9999.000,9999.000,9999.000
202602250712,   4.905,   5.769,9999.000,9999.000,9999.000,9999.000,9999.000,9999.000,9999.000
202602250718,   4.916,   5.717,9999.000,9999.000,9999.000,9999.000,9999.000,9999.000,9999.000
202602250724,   4.920,   5.687,9999.000,9999.000,9999.000,9999.000,9999.000,9999.000,9999.000
202602250730,   4.919,   5.648,9999.000,9999.000,9999.000,9999.000,9999.000,9999.000,9999.000
202602250736,   4.913,   5.598,9999.000,9999.000,9999.000,9999.000,9999.000,9999.000,9999.000
202602250742,   4.900,   5.579,9999.000,9999.000,9999.000,9999.000,9999.000,9999.000,9999.000
202602250748,   4.882,   5.530,9999.000,9999.000,9999.000,9999.000,9999.000,9999.000,9999.000
202602250754,   4.858,   5.467,9999.000,9999.000,9999.000,9999.000,9999.000,9999.000,9999.000
202602250800,   4.829,   5.438,  -0.100,   0.709,   5.438,  -0.200,   5.338,   0.000,   5.538
202602250806,   4.794,   5.349,9999.000,9999.000,9999.000,9999.000,9999.000,9999.000,9999.000
202602250812,   4.753,   5.277,9999.000,9999.000,9999.000,9999.000,9999.000,9999.000,9999.000
202602250818,   4.708,   5.218,9999.000,9999.000,9999.000,9999.000,9999.000,9999.000,9999.000
202602250824,   4.657,   5.139,9999.000,9999.000,9999.000,9999.000,9999.000,9999.000,9999.000
202602250830,   4.601,   5.057,9999.000,9999.000,9999.000,9999.000,9999.000,9999.000,9999.000
202602250836,   4.540,   5.028,9999.000,9999.000,9999.000,9999.000,9999.000,9999.000,9999.000
202602250842,   4.475,   4.959,9999.000,9999.000,9999.000,9999.000,9999.000,9999.000,9999.000
202602250848,   4.405,   4.877,9999.000,9999.000,9999.000,9999.000,9999.000,9999.000,9999.000
202602250854,   4.332,   4.788,9999.000,9999.000,9999.000,9999.000,9999.000,9999.000,9999.000
202602250900,   4.254,   4.677,  -0.100,   0.523,   4.677,  -0.200,   4.577,  -0.100,   4.677
202602250906,   4.173,   4.598,9999.000,9999.000,9999.000,9999.000,9999.000,9999.000,9999.000
202602250912,   4.089,   4.509,9999.000,9999.000,9999.000,9999.000,9999.000,9999.000,9999.000
202602250918,   4.001,   4.418,9999.000,9999.000,9999.000,9999.000,9999.000,9999.000,9999.000
202602250924,   3.911,   4.290,9999.000,9999.000,9999.000,9999.000,9999.000,9999.000,9999.000
202602250930,   3.819,   4.208,9999.000,9999.000,9999.000,9999.000,9999.000,9999.000,9999.000
202602250936,   3.724,   4.139,9999.000,9999.000,9999.000,9999.000,9999.000,9999.000,9999.000
202602250942,   3.627,   4.017,9999.000,9999.000,9999.000,9999.000,9999.000,9999.000,9999.000
202602250948,   3.529,   3.899,9999.000,9999.000,9999.000,9999.000,9999.000,9999.000,9999.000
202602250954,   3.429,   3.758,9999.000,9999.000,9999.000,9999.000,9999.000,9999.000,9999.000
202602251000,   3.328,   3.627,  -0.200,   0.499,   3.627,  -0.200,   3.627,  -0.100,   3.727
202602251006,   3.226,   3.470,9999.000,9999.000,9999.000,9999.000,9999.000,9999.000,9999.000
202602251012,   3.123,   3.358,9999.000,9999.000,9999.000,9999.000,9999.000,9999.000,9999.000
202602251018,   3.019,   3.270,9999.000,9999.000,9999.000,9999.000,9999.000,9999.000,9999.000
202602251024,   2.914,   3.178,9999.000,9999.000,9999.000,9999.000,9999.000,9999.000,9999.000
202602251030,   2.810,   3.079,9999.000,9999.000,9999.000,9999.000,9999.000,9999.000,9999.000
202602251036,   2.705,   2.958,9999.000,9999.000,9999.000,9999.000,9999.000,9999.000,9999.000
202602251042,   2.600,   2.840,9999.000,9999.000,9999.000,9999.000,9999.000,9999.000,9999.000
202602251048,   2.495,   2.728,9999.000,9999.000,9999.000,9999.000,9999.000,9999.000,9999.000
202602251054,   2.390,   2.597,9999.000,9999.000,9999.000,9999.000,9999.000,9999.000,9999.000
202602251100,   2.286,   2.528,  -0.200,   0.442,   2.528,  -0.300,   2.428,  -0.200,   2.528
202602251106,   2.182,   2.410,9999.000,9999.000,9999.000,9999.000,9999.000,9999.000,9999.000
202602251112,   2.079,   2.289,9999.000,9999.000,9999.000,9999.000,9999.000,9999.000,9999.000
202602251118,   1.977,   2.210,9999.000,9999.000,9999.000,9999.000,9999.000,9999.000,9999.000
202602251124,   1.875,   2.099,9999.000,9999.000,9999.000,9999.000,9999.000,9999.000,9999.000
202602251130,   1.776,   2.040,9999.000,9999.000,9999.000,9999.000,9999.000,9999.000,9999.000
202602251136,   1.677,   1.889,9999.000,9999.000,9999.000,9999.000,9999.000,9999.000,9999.000
202602251142,   1.581,   1.790,9999.000,9999.000,9999.000,9999.000,9999.000,9999.000,9999.000
202602251148,   1.486,   1.649,9999.000,9999.000,9999.000,9999.000,9999.000,9999.000,9999.000
202602251154,   1.394,9999.000,9999.000,9999.000,9999.000,9999.000,9999.000,9999.000,9999.000
202602251200,   1.304,9999.000,  -0.300,   0.436,   1.440,  -0.400,   1.340,  -0.300,   1.440
202602251206,   1.218,9999.000,9999.000,9999.000,9999.000,9999.000,9999.000,9999.000,9999.000
202602251212,   1.134,9999.000,9999.000,9999.000,9999.000,9999.000,9999.000,9999.000,9999.000
202602251218,   1.054,9999.000,9999.000,9999.000,9999.000,9999.000,9999.000,9999.000,9999.000
202602251224,   0.978,9999.000,9999.000,9999.000,9999.000,9999.000,9999.000,9999.000,9999.000
202602251230,   0.906,9999.000,9999.000,9999.000,9999.000,9999.000,9999.000,9999.000,9999.000
202602251236,   0.838,9999.000,9999.000,9999.000,9999.000,9999.000,9999.000,9999.000,9999.000
202602251242,   0.775,9999.000,9999.000,9999.000,9999.000,9999.000,9999.000,9999.000,9999.000
202602251248,   0.716,9999.000,9999.000,9999.000,9999.000,9999.000,9999.000,9999.000,9999.000
202602251254,   0.662,9999.000,9999.000,9999.000,9999.000,9999.000,9999.000,9999.000,9999.000
202602251300,   0.614,9999.000,  -0.500,   0.430,   0.544,  -0.600,   0.444,  -0.400,   0.644
202602251306,   0.571,9999.000,9999.000,9999.000,9999.000,9999.000,9999.000,9999.000,9999.000
202602251312,   0.533,9999.000,9999.000,9999.000,9999.000,9999.000,9999.000,9999.000,9999.000
202602251318,   0.500,9999.000,9999.000,9999.000,9999.000,9999.000,9999.000,9999.000,9999.000
202602251324,   0.473,9999.000,9999.000,9999.000,9999.000,9999.000,9999.000,9999.000,9999.000
202602251330,   0.451,9999.000,9999.000,9999.000,9999.000,9999.000,9999.000,9999.000,9999.000
202602251336,   0.435,9999.000,9999.000,9999.000,9999.000,9999.000,9999.000,9999.000,9999.000
202602251342,   0.423,9999.000,9999.000,9999.000,9999.000,9999.000,9999.000,9999.000,9999.000
202602251348,   0.417,9999.000,9999.000,9999.000,9999.000,9999.000,9999.000,9999.000,9999.000
202602251354,   0.415,9999.000,9999.000,9999.000,9999.000,9999.000,9999.000,9999.000,9999.000
202602251400,   0.419,9999.000,  -0.600,   0.424,   0.243,  -0.700,   0.143,  -0.500,   0.343
202602251406,   0.426,9999.000,9999.000,9999.000,9999.000,9999.000,9999.000,9999.000,9999.000
202602251412,   0.438,9999.000,9999.000,9999.000,9999.000,9999.000,9999.000,9999.000,9999.000
202602251418,   0.454,9999.000,9999.000,9999.000,9999.000,9999.000,9999.000,9999.000,9999.000
202602251424,   0.474,9999.000,9999.000,9999.000,9999.000,9999.000,9999.000,9999.000,9999.000
202602251430,   0.498,9999.000,9999.000,9999.000,9999.000,9999.000,9999.000,9999.000,9999.000
202602251436,   0.525,9999.000,9999.000,9999.000,9999.000,9999.000,9999.000,9999.000,9999.000
202602251442,   0.556,9999.000,9999.000,9999.000,9999.000,9999.000,9999.000,9999.000,9999.000
202602251448,   0.589,9999.000,9999.000,9999.000,9999.000,9999.000,9999.000,9999.000,9999.000
202602251454,   0.626,9999.000,9999.000,9999.000,9999.000,9999.000,9999.000,9999.000,9999.000
202602251500,   0.665,9999.000,  -0.700,   0.417,   0.382,  -0.800,   0.282,  -0.500,   0.582
202602251506,   0.708,9999.000,9999.000,9999.000,9999.000,9999.000,9999.000,9999.000,9999.000
202602251512,   0.753,9999.000,9999.000,9999.000,9999.000,9999.000,9999.000,9999.000,9999.000
202602251518,   0.800,9999.000,9999.000,9999.000,9999.000,9999.000,9999.000,9999.000,9999.000
202602251524,   0.850,9999.000,9999.000,9999.000,9999.000,9999.000,9999.000,9999.000,9999.000
202602251530,   0.902,9999.000,9999.000,9999.000,9999.000,9999.000,9999.000,9999.000,9999.000
202602251536,   0.957,9999.000,9999.000,9999.000,9999.000,9999.000,9999.000,9999.000,9999.000
202602251542,   1.014,9999.000,9999.000,9999.000,9999.000,9999.000,9999.000,9999.000,9999.000
202602251548,   1.073,9999.000,9999.000,9999.000,9999.000,9999.000,9999.000,9999.000,9999.000
202602251554,   1.134,9999.000,9999.000,9999.000,9999.000,9999.000,9999.000,9999.000,9999.000
202602251600,   1.198,9999.000,  -0.700,   0.411,   0.909,  -0.900,   0.709,  -0.500,   1.109
202602251606,   1.264,9999.000,9999.000,9999.000,9999.000,9999.000,9999.000,9999.000,9999.000
202602251612,   1.332,9999.000,9999.000,9999.000,9999.000,9999.000,9999.000,9999.000,9999.000
202602251618,   1.401,9999.000,9999.000,9999.000,9999.000,9999.000,9999.000,9999.000,9999.000
202602251624,   1.473,9999.000,9999.000,9999.000,9999.000,9999.000,9999.000,9999.000,9999.000
202602251630,   1.547,9999.000,9999.000,9999.000,9999.000,9999.000,9999.000,9999.000,9999.000
202602251636,   1.622,9999.000,9999.000,9999.000,9999.000,9999.000,9999.000,9999.000,9999.000
202602251642,   1.699,9999.000,9999.000,9999.000,9999.000,9999.000,9999.000,9999.000,9999.000
202602251648,   1.777,9999.000,9999.000,9999.000,9999.000,9999.000,9999.000,9999.000,9999.000
202602251654,   1.856,9999.000,9999.000,9999.000,9999.000,9999.000,9999.000,9999.000,9999.000
202602251700,   1.937,9999.000,  -0.700,   0.405,   1.642,  -1.000,   1.342,  -0.500,   1.842
202602251706,   2.018,9999.000,9999.000,9999.000,9999.000,9999.000,9999.000,9999.000,9999.000
202602251712,   2.099,9999.000,9999.000,9999.000,9999.000,9999.000,9999.000,9999.000,9999.000
202602251718,   2.181,9999.000,9999.000,9999.000,9999.000,9999.000,9999.000,9999.000,9999.000
202602251724,   2.263,9999.000,9999.000,9999.000,9999.000,9999.000,9999.000,9999.000,9999.000
202602251730,   2.344,9999.000,9999.000,9999.000,9999.000,9999.000,9999.000,9999.000,9999.000
202602251736,   2.425,9999.000,9999.000,9999.000,9999.000,9999.000,9999.000,9999.000,9999.000
202602251742,   2.506,9999.000,9999.000,9999.000,9999.000,9999.000,9999.000,9999.000,9999.000
202602251748,   2.585,9999.000,9999.000,9999.000,9999.000,9999.000,9999.000,9999.000,9999.000
202602251754,   2.663,9999.000,9999.000,9999.000,9999.000,9999.000,9999.000,9999.000,9999.000
202602251800,   2.739,9999.000,  -0.700,   0.399,   2.438,  -1.100,   2.038,  -0.500,   2.638
202602251806,   2.814,9999.000,9999.000,9999.000,9999.000,9999.000,9999.000,9999.000,9999.000
202602251812,   2.886,9999.000,9999.000,9999.000,9999.000,9999.000,9999.000,9999.000,9999.000
202602251818,   2.957,9999.000,9999.000,9999.000,9999.000,9999.000,9999.000,9999.000,9999.000
202602251824,   3.025,9999.000,9999.000,9999.000,9999.000,9999.000,9999.000,9999.000,9999.000
202602251830,   3.090,9999.000,9999.000,9999.000,9999.000,9999.000,9999.000,9999.000,9999.000
202602251836,   3.152,9999.000,9999.000,9999.000,9999.000,9999.000,9999.000,9999.000,9999.000
202602251842,   3.211,9999.000,9999.000,9999.000,9999.000,9999.000,9999.000,9999.000,9999.000
202602251848,   3.267,9999.000,9999.000,9999.000,9999.000,9999.000,9999.000,9999.000,9999.000
202602251854,   3.320,9999.000,9999.000,9999.000,9999.000,9999.000,9999.000,9999.000,9999.000
202602251900,   3.369,9999.000,  -0.700,   0.393,   3.062,  -1.000,   2.762,  -0.500,   3.262
202602251906,   3.414,9999.000,9999.000,9999.000,9999.000,9999.000,9999.000,9999.000,9999.000
202602251912,   3.455,9999.000,9999.000,9999.000,9999.000,9999.000,9999.000,9999.000,9999.000
202602251918,   3.492,9999.000,9999.000,9999.000,9999.000,9999.000,9999.000,9999.000,9999.000
202602251924,   3.525,9999.000,9999.000,9999.000,9999.000,9999.000,9999.000,9999.000,9999.000
202602251930,   3.554,9999.000,9999.000,9999.000,9999.000,9999.000,9999.000,9999.000,9999.000
202602251936,   3.578,9999.000,9999.000,9999.000,9999.000,9999.000,9999.000,9999.000,9999.000
202602251942,   3.598,9999.000,9999.000,9999.000,9999.000,9999.000,9999.000,9999.000,9999.000
202602251948,   3.613,9999.000,9999.000,9999.000,9999.000,9999.000,9999.000,9999.000,9999.000
202602251954,   3.623,9999.000,9999.000,9999.000,9999.000,9999.000,9999.000,9999.000,9999.000
202602252000,   3.629,9999.000,  -0.700,   0.387,   3.316,  -1.000,   3.016,  -0.400,   3.616
202602252006,   3.629,9999.000,9999.000,9999.000,9999.000,9999.000,9999.000,9999.000,9999.000
202602252012,   3.625,9999.000,9999.000,9999.000,9999.000,9999.000,9999.000,9999.000,9999.000
202602252018,   3.616,9999.000,9999.000,9999.000,9999.000,9999.000,9999.000,9999.000,9999.000
202602252024,   3.601,9999.000,9999.000,9999.000,9999.000,9999.000,9999.000,9999.000,9999.000
202602252030,   3.582,9999.000,9999.000,9999.000,9999.000,9999.000,9999.000,9999.000,9999.000
202602252036,   3.558,9999.000,9999.000,9999.000,9999.000,9999.000,9999.000,9999.000,9999.000
202602252042,   3.529,9999.000,9999.000,9999.000,9999.000,9999.000,9999.000,9999.000,9999.000
202602252048,   3.496,9999.000,9999.000,9999.000,9999.000,9999.000,9999.000,9999.000,9999.000
202602252054,   3.457,9999.000,9999.000,9999.000,9999.000,9999.000,9999.000,9999.000,9999.000
202602252100,   3.415,9999.000,  -0.700,   0.381,   3.096,  -0.900,   2.896,  -0.400,   3.396
202602252106,   3.368,9999.000,9999.000,9999.000,9999.000,9999.000,9999.000,9999.000,9999.000
202602252112,   3.316,9999.000,9999.000,9999.000,9999.000,9999.000,9999.000,9999.000,9999.000
202602252118,   3.261,9999.000,9999.000,9999.000,9999.000,9999.000,9999.000,9999.000,9999.000
202602252124,   3.203,9999.000,9999.000,9999.000,9999.000,9999.000,9999.000,9999.000,9999.000
202602252130,   3.140,9999.000,9999.000,9999.000,9999.000,9999.000,9999.000,9999.000,9999.000
202602252136,   3.075,9999.000,9999.000,9999.000,9999.000,9999.000,9999.000,9999.000,9999.000
202602252142,   3.006,9999.000,9999.000,9999.000,9999.000,9999.000,9999.000,9999.000,9999.000
202602252148,   2.935,9999.000,9999.000,9999.000,9999.000,9999.000,9999.000,9999.000,9999.000
202602252154,   2.861,9999.000,9999.000,9999.000,9999.000,9999.000,9999.000,9999.000,9999.000
202602252200,   2.785,9999.000,  -0.600,   0.375,   2.560,  -0.800,   2.360,  -0.400,   2.760
202602252206,   2.706,9999.000,9999.000,9999.000,9999.000,9999.000,9999.000,9999.000,9999.000
202602252212,   2.626,9999.000,9999.000,9999.000,9999.000,9999.000,9999.000,9999.000,9999.000
202602252218,   2.545,9999.000,9999.000,9999.000,9999.000,9999.000,9999.000,9999.000,9999.000
202602252224,   2.461,9999.000,9999.000,9999.000,9999.000,9999.000,9999.000,9999.000,9999.000
202602252230,   2.377,9999.000,9999.000,9999.000,9999.000,9999.000,9999.000,9999.000,9999.000
202602252236,   2.292,9999.000,9999.000,9999.000,9999.000,9999.000,9999.000,9999.000,9999.000
202602252242,   2.205,9999.000,9999.000,9999.000,9999.000,9999.000,9999.000,9999.000,9999.000
202602252248,   2.118,9999.000,9999.000,9999.000,9999.000,9999.000,9999.000,9999.000,9999.000
202602252254,   2.031,9999.000,9999.000,9999.000,9999.000,9999.000,9999.000,9999.000,9999.000
202602252300,   1.943,9999.000,  -0.500,   0.368,   1.811,  -0.700,   1.611,  -0.300,   2.011
202602252306,   1.855,9999.000,9999.000,9999.000,9999.000,9999.000,9999.000,9999.000,9999.000
202602252312,   1.766,9999.000,9999.000,9999.000,9999.000,9999.000,9999.000,9999.000,9999.000
202602252318,   1.678,9999.000,9999.000,9999.000,9999.000,9999.000,9999.000,9999.000,9999.000
202602252324,   1.590,9999.000,9999.000,9999.000,9999.000,9999.000,9999.000,9999.000,9999.000
202602252330,   1.502,9999.000,9999.000,9999.000,9999.000,9999.000,9999.000,9999.000,9999.000
202602252336,   1.415,9999.000,9999.000,9999.000,9999.000,9999.000,9999.000,9999.000,9999.000
202602252342,   1.329,9999.000,9999.000,9999.000,9999.000,9999.000,9999.000,9999.000,9999.000
202602252348,   1.244,9999.000,9999.000,9999.000,9999.000,9999.000,9999.000,9999.000,9999.000
202602252354,   1.160,9999.000,9999.000,9999.000,9999.000,9999.000,9999.000,9999.000,9999.000
202602260000,   1.077,9999.000,  -0.500,   0.368,   0.945,  -0.700,   0.745,  -0.300,   1.145
202602260006,   0.997,9999.000,9999.000,9999.000,9999.000,9999.000,9999.000,9999.000,9999.000
202602260012,   0.918,9999.000,9999.000,9999.000,9999.000,9999.000,9999.000,9999.000,9999.000
202602260018,   0.842,9999.000,9999.000,9999.000,9999.000,9999.000,9999.000,9999.000,9999.000
202602260024,   0.768,9999.000,9999.000,9999.000,9999.000,9999.000,9999.000,9999.000,9999.000
202602260030,   0.698,9999.000,9999.000,9999.000,9999.000,9999.000,9999.000,9999.000,9999.000
202602260036,   0.630,9999.000,9999.000,9999.000,9999.000,9999.000,9999.000,9999.000,9999.000
202602260042,   0.567,9999.000,9999.000,9999.000,9999.000,9999.000,9999.000,9999.000,9999.000
202602260048,   0.507,9999.000,9999.000,9999.000,9999.000,9999.000,9999.000,9999.000,9999.000
202602260054,   0.452,9999.000,9999.000,9999.000,9999.000,9999.000,9999.000,9999.000,9999.000
202602260100,   0.401,9999.000,  -0.400,   0.368,   0.369,  -0.600,   0.169,  -0.300,   0.469
202602260106,   0.355,9999.000,9999.000,9999.000,9999.000,9999.000,9999.000,9999.000,9999.000
202602260112,   0.315,9999.000,9999.000,9999.000,9999.000,9999.000,9999.000,9999.000,9999.000
202602260118,   0.279,9999.000,9999.000,9999.000,9999.000,9999.000,9999.000,9999.000,9999.000
202602260124,   0.249,9999.000,9999.000,9999.000,9999.000,9999.000,9999.000,9999.000,9999.000
202602260130,   0.225,9999.000,9999.000,9999.000,9999.000,9999.000,9999.000,9999.000,9999.000
202602260136,   0.206,9999.000,9999.000,9999.000,9999.000,9999.000,9999.000,9999.000,9999.000
202602260142,   0.193,9999.000,9999.000,9999.000,9999.000,9999.000,9999.000,9999.000,9999.000
202602260148,   0.186,9999.000,9999.000,9999.000,9999.000,9999.000,9999.000,9999.000,9999.000
202602260154,   0.185,9999.000,9999.000,9999.000,9999.000,9999.000,9999.000,9999.000,9999.000
202602260200,   0.190,9999.000,  -0.400,   0.368,   0.158,  -0.600,  -0.042,  -0.200,   0.358
202602260206,   0.200,9999.000,9999.000,9999.000,9999.000,9999.000,9999.000,9999.000,9999.000
202602260212,   0.215,9999.000,9999.000,9999.000,9999.000,9999.000,9999.000,9999.000,9999.000
202602260218,   0.237,9999.000,9999.000,9999.000,9999.000,9999.000,9999.000,9999.000,9999.000
202602260224,   0.263,9999.000,9999.000,9999.000,9999.000,9999.000,9999.000,9999.000,9999.000
202602260230,   0.294,9999.000,9999.000,9999.000,9999.000,9999.000,9999.000,9999.000,9999.000
202602260236,   0.330,9999.000,9999.000,9999.000,9999.000,9999.000,9999.000,9999.000,9999.000
202602260242,   0.371,9999.000,9999.000,9999.000,9999.000,9999.000,9999.000,9999.000,9999.000
202602260248,   0.416,9999.000,9999.000,9999.000,9999.000,9999.000,9999.000,9999.000,9999.000
202602260254,   0.466,9999.000,9999.000,9999.000,9999.000,9999.000,9999.000,9999.000,9999.000
202602260300,   0.519,9999.000,  -0.400,   0.368,   0.487,  -0.600,   0.287,  -0.200,   0.687
202602260306,   0.576,9999.000,9999.000,9999.000,9999.000,9999.000,9999.000,9999.000,9999.000
202602260312,   0.637,9999.000,9999.000,9999.000,9999.000,9999.000,9999.000,9999.000,9999.000
202602260318,   0.701,9999.000,9999.000,9999.000,9999.000,9999.000,9999.000,9999.000,9999.000
202602260324,   0.768,9999.000,9999.000,9999.000,9999.000,9999.000,9999.000,9999.000,9999.000
202602260330,   0.838,9999.000,9999.000,9999.000,9999.000,9999.000,9999.000,9999.000,9999.000
202602260336,   0.911,9999.000,9999.000,9999.000,9999.000,9999.000,9999.000,9999.000,9999.000
202602260342,   0.987,9999.000,9999.000,9999.000,9999.000,9999.000,9999.000,9999.000,9999.000
202602260348,   1.066,9999.000,9999.000,9999.000,9999.000,9999.000,9999.000,9999.000,9999.000
202602260354,   1.147,9999.000,9999.000,9999.000,9999.000,9999.000,9999.000,9999.000,9999.000
202602260400,   1.231,9999.000,  -0.400,   0.368,   1.199,  -0.600,   0.999,  -0.200,   1.399
202602260406,   1.318,9999.000,9999.000,9999.000,9999.000,9999.000,9999.000,9999.000,9999.000
202602260412,   1.406,9999.000,9999.000,9999.000,9999.000,9999.000,9999.000,9999.000,9999.000
202602260418,   1.497,9999.000,9999.000,9999.000,9999.000,9999.000,9999.000,9999.000,9999.000
202602260424,   1.590,9999.000,9999.000,9999.000,9999.000,9999.000,9999.000,9999.000,9999.000
202602260430,   1.686,9999.000,9999.000,9999.000,9999.000,9999.000,9999.000,9999.000,9999.000
202602260436,   1.783,9999.000,9999.000,9999.000,9999.000,9999.000,9999.000,9999.000,9999.000
202602260442,   1.882,9999.000,9999.000,9999.000,9999.000,9999.000,9999.000,9999.000,9999.000
202602260448,   1.983,9999.000,9999.000,9999.000,9999.000,9999.000,9999.000,9999.000,9999.000
202602260454,   2.086,9999.000,9999.000,9999.000,9999.000,9999.000,9999.000,9999.000,9999.000
202602260500,   2.190,9999.000,  -0.400,   0.368,   2.158,  -0.700,   1.858,  -0.200,   2.358
202602260506,   2.296,9999.000,9999.000,9999.000,9999.000,9999.000,9999.000,9999.000,9999.000
202602260512,   2.403,9999.000,9999.000,9999.000,9999.000,9999.000,9999.000,9999.000,9999.000
202602260518,   2.510,9999.000,9999.000,9999.000,9999.000,9999.000,9999.000,9999.000,9999.000
202602260524,   2.618,9999.000,9999.000,9999.000,9999.000,9999.000,9999.000,9999.000,9999.000
202602260530,   2.727,9999.000,9999.000,9999.000,9999.000,9999.000,9999.000,9999.000,9999.000
202602260536,   2.836,9999.000,9999.000,9999.000,9999.000,9999.000,9999.000,9999.000,9999.000
202602260542,   2.945,9999.000,9999.000,9999.000,9999.000,9999.000,9999.000,9999.000,9999.000
202602260548,   3.053,9999.000,9999.000,9999.000,9999.000,9999.000,9999.000,9999.000,9999.000
202602260554,   3.161,9999.000,9999.000,9999.000,9999.000,9999.000,9999.000,9999.000,9999.000
202602260600,   3.268,9999.000,  -0.500,   0.368,   3.136,  -0.700,   2.936,  -0.300,   3.336
202602260606,   3.374,9999.000,9999.000,9999.000,9999.000,9999.000,9999.000,9999.000,9999.000
202602260612,   3.478,9999.000,9999.000,9999.000,9999.000,9999.000,9999.000,9999.000,9999.000
202602260618,   3.580,9999.000,9999.000,9999.000,9999.000,9999.000,9999.000,9999.000,9999.000
202602260624,   3.680,9999.000,9999.000,9999.000,9999.000,9999.000,9999.000,9999.000,9999.000
202602260630,   3.778,9999.000,9999.000,9999.000,9999.000,9999.000,9999.000,9999.000,9999.000
202602260636,   3.874,9999.000,9999.000,9999.000,9999.000,9999.000,9999.000,9999.000,9999.000
202602260642,   3.966,9999.000,9999.000,9999.000,9999.000,9999.000,9999.000,9999.000,9999.000
202602260648,   4.055,9999.000,9999.000,9999.000,9999.000,9999.000,9999.000,9999.000,9999.000
202602260654,   4.142,9999.000,9999.000,9999.000,9999.000,9999.000,9999.000,9999.000,9999.000
202602260700,   4.224,9999.000,  -0.500,   0.368,   4.092,  -0.700,   3.892,  -0.300,   4.292
202602260706,   4.303,9999.000,9999.000,9999.000,9999.000,9999.000,9999.000,9999.000,9999.000
202602260712,   4.378,9999.000,9999.000,9999.000,9999.000,9999.000,9999.000,9999.000,9999.000
202602260718,   4.449,9999.000,9999.000,9999.000,9999.000,9999.000,9999.000,9999.000,9999.000
202602260724,   4.516,9999.000,9999.000,9999.000,9999.000,9999.000,9999.000,9999.000,9999.000
202602260730,   4.578,9999.000,9999.000,9999.000,9999.000,9999.000,9999.000,9999.000,9999.000
202602260736,   4.636,9999.000,9999.000,9999.000,9999.000,9999.000,9999.000,9999.000,9999.000
202602260742,   4.689,9999.000,9999.000,9999.000,9999.000,9999.000,9999.000,9999.000,9999.000
202602260748,   4.737,9999.000,9999.000,9999.000,9999.000,9999.000,9999.000,9999.000,9999.000
202602260754,   4.780,9999.000,9999.000,9999.000,9999.000,9999.000,9999.000,9999.000,9999.000
202602260800,   4.818,9999.000,  -0.400,   0.368,   4.786,  -0.700,   4.486,  -0.200,   4.986
202602260806,   4.851,9999.000,9999.000,9999.000,9999.000,9999.000,9999.000,9999.000,9999.000
202602260812,   4.878,9999.000,9999.000,9999.000,9999.000,9999.000,9999.000,9999.000,9999.000
202602260818,   4.900,9999.000,9999.000,9999.000,9999.000,9999.000,9999.000,9999.000,9999.000
202602260824,   4.916,9999.000,9999.000,9999.000,9999.000,9999.000,9999.000,9999.000,9999.000
202602260830,   4.927,9999.000,9999.000,9999.000,9999.000,9999.000,9999.000,9999.000,9999.000
202602260836,   4.932,9999.000,9999.000,9999.000,9999.000,9999.000,9999.000,9999.000,9999.000
202602260842,   4.932,9999.000,9999.000,9999.000,9999.000,9999.000,9999.000,9999.000,9999.000
202602260848,   4.925,9999.000,9999.000,9999.000,9999.000,9999.000,9999.000,9999.000,9999.000
202602260854,   4.913,9999.000,9999.000,9999.000,9999.000,9999.000,9999.000,9999.000,9999.000
202602260900,   4.896,9999.000,  -0.400,   0.368,   4.864,  -0.600,   4.664,  -0.200,   5.064
202602260906,   4.872,9999.000,9999.000,9999.000,9999.000,9999.000,9999.000,9999.000,9999.000
202602260912,   4.844,9999.000,9999.000,9999.000,9999.000,9999.000,9999.000,9999.000,9999.000
202602260918,   4.810,9999.000,9999.000,9999.000,9999.000,9999.000,9999.000,9999.000,9999.000
202602260924,   4.770,9999.000,9999.000,9999.000,9999.000,9999.000,9999.000,9999.000,9999.000
202602260930,   4.726,9999.000,9999.000,9999.000,9999.000,9999.000,9999.000,9999.000,9999.000
202602260936,   4.676,9999.000,9999.000,9999.000,9999.000,9999.000,9999.000,9999.000,9999.000
202602260942,   4.622,9999.000,9999.000,9999.000,9999.000,9999.000,9999.000,9999.000,9999.000
202602260948,   4.563,9999.000,9999.000,9999.000,9999.000,9999.000,9999.000,9999.000,9999.000
202602260954,   4.500,9999.000,9999.000,9999.000,9999.000,9999.000,9999.000,9999.000,9999.000
202602261000,   4.433,9999.000,  -0.400,   0.368,   4.401,  -0.600,   4.201,  -0.200,   4.601
202602261006,   4.362,9999.000,9999.000,9999.000,9999.000,9999.000,9999.000,9999.000,9999.000
202602261012,   4.287,9999.000,9999.000,9999.000,9999.000,9999.000,9999.000,9999.000,9999.000
202602261018,   4.209,9999.000,9999.000,9999.000,9999.000,9999.000,9999.000,9999.000,9999.000
202602261024,   4.128,9999.000,9999.000,9999.000,9999.000,9999.000,9999.000,9999.000,9999.000
202602261030,   4.043,9999.000,9999.000,9999.000,9999.000,9999.000,9999.000,9999.000,9999.000
202602261036,   3.956,9999.000,9999.000,9999.000,9999.000,9999.000,9999.000,9999.000,9999.000
202602261042,   3.867,9999.000,9999.000,9999.000,9999.000,9999.000,9999.000,9999.000,9999.000
202602261048,   3.775,9999.000,9999.000,9999.000,9999.000,9999.000,9999.000,9999.000,9999.000
202602261054,   3.681,9999.000,9999.000,9999.000,9999.000,9999.000,9999.000,9999.000,9999.000
202602261100,   3.585,9999.000,  -0.400,   0.368,   3.553,  -0.600,   3.353,  -0.200,   3.753
202602261106,   3.487,9999.000,9999.000,9999.000,9999.000,9999.000,9999.000,9999.000,9999.000
202602261112,   3.387,9999.000,9999.000,9999.000,9999.000,9999.000,9999.000,9999.000,9999.000
202602261118,   3.286,9999.000,9999.000,9999.000,9999.000,9999.000,9999.000,9999.000,9999.000
202602261124,   3.184,9999.000,9999.000,9999.000,9999.000,9999.000,9999.000,9999.000,9999.000
202602261130,   3.080,9999.000,9999.000,9999.000,9999.000,9999.000,9999.000,9999.000,9999.000
202602261136,   2.975,9999.000,9999.000,9999.000,9999.000,9999.000,9999.000,9999.000,9999.000
202602261142,   2.869,9999.000,9999.000,9999.000,9999.000,9999.000,9999.000,9999.000,9999.000
202602261148,   2.763,9999.000,9999.000,9999.000,9999.000,9999.000,9999.000,9999.000,9999.000
202602261154,   2.656,9999.000,9999.000,9999.000,9999.000,9999.000,9999.000,9999.000,9999.000
202602261200,   2.548,9999.000,  -0.300,   0.368,   2.616,  -0.500,   2.416,  -0.200,   2.716
202602261206,   2.440,9999.000,9999.000,9999.000,9999.000,9999.000,9999.000,9999.000,9999.000
202602261212,   2.333,9999.000,9999.000,9999.000,9999.000,9999.000,9999.000,9999.000,9999.000
202602261218,   2.225,9999.000,9999.000,9999.000,9999.000,9999.000,9999.000,9999.000,9999.000
202602261224,   2.118,9999.000,9999.000,9999.000,9999.000,9999.000,9999.000,9999.000,9999.000
202602261230,   2.011,9999.000,9999.000,9999.000,9999.000,9999.000,9999.000,9999.000,9999.000
202602261236,   1.906,9999.000,9999.000,9999.000,9999.000,9999.000,9999.000,9999.000,9999.000
202602261242,   1.802,9999.000,9999.000,9999.000,9999.000,9999.000,9999.000,9999.000,9999.000
202602261248,   1.699,9999.000,9999.000,9999.000,9999.000,9999.000,9999.000,9999.000,9999.000
202602261254,   1.599,9999.000,9999.000,9999.000,9999.000,9999.000,9999.000,9999.000,9999.000
202602261300,   1.500,9999.000,  -0.300,   0.368,   1.568,  -0.400,   1.468,  -0.200,   1.668
202602261306,   1.405,9999.000,9999.000,9999.000,9999.000,9999.000,9999.000,9999.000,9999.000
202602261312,   1.312,9999.000,9999.000,9999.000,9999.000,9999.000,9999.000,9999.000,9999.000
202602261318,   1.223,9999.000,9999.000,9999.000,9999.000,9999.000,9999.000,9999.000,9999.000
202602261324,   1.137,9999.000,9999.000,9999.000,9999.000,9999.000,9999.000,9999.000,9999.000
202602261330,   1.055,9999.000,9999.000,9999.000,9999.000,9999.000,9999.000,9999.000,9999.000
202602261336,   0.978,9999.000,9999.000,9999.000,9999.000,9999.000,9999.000,9999.000,9999.000
202602261342,   0.904,9999.000,9999.000,9999.000,9999.000,9999.000,9999.000,9999.000,9999.000
202602261348,   0.836,9999.000,9999.000,9999.000,9999.000,9999.000,9999.000,9999.000,9999.000
202602261354,   0.772,9999.000,9999.000,9999.000,9999.000,9999.000,9999.000,9999.000,9999.000
202602261400,   0.713,9999.000,  -0.300,   0.368,   0.781,  -0.400,   0.681,  -0.100,   0.981
202602261406,   0.659,9999.000,9999.000,9999.000,9999.000,9999.000,9999.000,9999.000,9999.000
202602261412,   0.610,9999.000,9999.000,9999.000,9999.000,9999.000,9999.000,9999.000,9999.000
202602261418,   0.567,9999.000,9999.000,9999.000,9999.000,9999.000,9999.000,9999.000,9999.000
202602261424,   0.528,9999.000,9999.000,9999.000,9999.000,9999.000,9999.000,9999.000,9999.000
202602261430,   0.495,9999.000,9999.000,9999.000,9999.000,9999.000,9999.000,9999.000,9999.000
202602261436,   0.466,9999.000,9999.000,9999.000,9999.000,9999.000,9999.000,9999.000,9999.000
202602261442,   0.443,9999.000,9999.000,9999.000,9999.000,9999.000,9999.000,9999.000,9999.000
202602261448,   0.424,9999.000,9999.000,9999.000,9999.000,9999.000,9999.000,9999.000,9999.000
202602261454,   0.410,9999.000,9999.000,9999.000,9999.000,9999.000,9999.000,9999.000,9999.000
202602261500,   0.401,9999.000,  -0.200,   0.368,   0.569,  -0.400,   0.369,  -0.100,   0.669
202602261506,   0.396,9999.000,9999.000,9999.000,9999.000,9999.000,9999.000,9999.000,9999.000
202602261512,   0.395,9999.000,9999.000,9999.000,9999.000,9999.000,9999.000,9999.000,9999.000
202602261518,   0.398,9999.000,9999.000,9999.000,9999.000,9999.000,9999.000,9999.000,9999.000
202602261524,   0.405,9999.000,9999.000,9999.000,9999.000,9999.000,9999.000,9999.000,9999.000
202602261530,   0.416,9999.000,9999.000,9999.000,9999.000,9999.000,9999.000,9999.000,9999.000
202602261536,   0.431,9999.000,9999.000,9999.000,9999.000,9999.000,9999.000,9999.000,9999.000
202602261542,   0.449,9999.000,9999.000,9999.000,9999.000,9999.000,9999.000,9999.000,9999.000
202602261548,   0.470,9999.000,9999.000,9999.000,9999.000,9999.000,9999.000,9999.000,9999.000
202602261554,   0.495,9999.000,9999.000,9999.000,9999.000,9999.000,9999.000,9999.000,9999.000
202602261600,   0.523,9999.000,  -0.200,   0.368,   0.691,  -0.300,   0.591,  -0.100,   0.791
202602261606,   0.554,9999.000,9999.000,9999.000,9999.000,9999.000,9999.000,9999.000,9999.000
202602261612,   0.588,9999.000,9999.000,9999.000,9999.000,9999.000,9999.000,9999.000,9999.000
202602261618,   0.625,9999.000,9999.000,9999.000,9999.000,9999.000,9999.000,9999.000,9999.000
202602261624,   0.665,9999.000,9999.000,9999.000,9999.000,9999.000,9999.000,9999.000,9999.000
202602261630,   0.709,9999.000,9999.000,9999.000,9999.000,9999.000,9999.000,9999.000,9999.000
202602261636,   0.755,9999.000,9999.000,9999.000,9999.000,9999.000,9999.000,9999.000,9999.000
202602261642,   0.805,9999.000,9999.000,9999.000,9999.000,9999.000,9999.000,9999.000,9999.000
202602261648,   0.857,9999.000,9999.000,9999.000,9999.000,9999.000,9999.000,9999.000,9999.000
202602261654,   0.913,9999.000,9999.000,9999.000,9999.000,9999.000,9999.000,9999.000,9999.000
202602261700,   0.971,9999.000,  -0.200,   0.368,   1.139,  -0.300,   1.039,  -0.100,   1.239
202602261706,   1.032,9999.000,9999.000,9999.000,9999.000,9999.000,9999.000,9999.000,9999.000
202602261712,   1.097,9999.000,9999.000,9999.000,9999.000,9999.000,9999.000,9999.000,9999.000
202602261718,   1.164,9999.000,9999.000,9999.000,9999.000,9999.000,9999.000,9999.000,9999.000
202602261724,   1.233,9999.000,9999.000,9999.000,9999.000,9999.000,9999.000,9999.000,9999.000
202602261730,   1.306,9999.000,9999.000,9999.000,9999.000,9999.000,9999.000,9999.000,9999.000
202602261736,   1.380,9999.000,9999.000,9999.000,9999.000,9999.000,9999.000,9999.000,9999.000
202602261742,   1.457,9999.000,9999.000,9999.000,9999.000,9999.000,9999.000,9999.000,9999.000
202602261748,   1.536,9999.000,9999.000,9999.000,9999.000,9999.000,9999.000,9999.000,9999.000
202602261754,   1.617,9999.000,9999.000,9999.000,9999.000,9999.000,9999.000,9999.000,9999.000
202602261800,   1.699,9999.000,  -0.200,   0.368,   1.867,  -0.300,   1.767,   0.000,   2.067
202602261806,   1.782,9999.000,9999.000,9999.000,9999.000,9999.000,9999.000,9999.000,9999.000
202602261812,   1.867,9999.000,9999.000,9999.000,9999.000,9999.000,9999.000,9999.000,9999.000
202602261818,   1.953,9999.000,9999.000,9999.000,9999.000,9999.000,9999.000,9999.000,9999.000
202602261824,   2.039,9999.000,9999.000,9999.000,9999.000,9999.000,9999.000,9999.000,9999.000
202602261830,   2.125,9999.000,9999.000,9999.000,9999.000,9999.000,9999.000,9999.000,9999.000
202602261836,   2.212,9999.000,9999.000,9999.000,9999.000,9999.000,9999.000,9999.000,9999.000
202602261842,   2.298,9999.000,9999.000,9999.000,9999.000,9999.000,9999.000,9999.000,9999.000
202602261848,   2.384,9999.000,9999.000,9999.000,9999.000,9999.000,9999.000,9999.000,9999.000
202602261854,   2.469,9999.000,9999.000,9999.000,9999.000,9999.000,9999.000,9999.000,9999.000
202602261900,   2.553,9999.000,  -0.100,   0.368,   2.821,  -0.200,   2.721,   0.000,   2.921
202602261906,   2.636,9999.000,9999.000,9999.000,9999.000,9999.000,9999.000,9999.000,9999.000
202602261912,   2.717,9999.000,9999.000,9999.000,9999.000,9999.000,9999.000,9999.000,9999.000
202602261918,   2.796,9999.000,9999.000,9999.000,9999.000,9999.000,9999.000,9999.000,9999.000
202602261924,   2.874,9999.000,9999.000,9999.000,9999.000,9999.000,9999.000,9999.000,9999.000
202602261930,   2.949,9999.000,9999.000,9999.000,9999.000,9999.000,9999.000,9999.000,9999.000
202602261936,   3.021,9999.000,9999.000,9999.000,9999.000,9999.000,9999.000,9999.000,9999.000
202602261942,   3.091,9999.000,9999.000,9999.000,9999.000,9999.000,9999.000,9999.000,9999.000
202602261948,   3.158,9999.000,9999.000,9999.000,9999.000,9999.000,9999.000,9999.000,9999.000
202602261954,   3.222,9999.000,9999.000,9999.000,9999.000,9999.000,9999.000,9999.000,9999.000
202602262000,   3.283,9999.000,   0.000,   0.368,   3.651,  -0.200,   3.451,   0.100,   3.751
202602262006,   3.340,9999.000,9999.000,9999.000,9999.000,9999.000,9999.000,9999.000,9999.000
202602262012,   3.393,9999.000,9999.000,9999.000,9999.000,9999.000,9999.000,9999.000,9999.000
202602262018,   3.443,9999.000,9999.000,9999.000,9999.000,9999.000,9999.000,9999.000,9999.000
202602262024,   3.488,9999.000,9999.000,9999.000,9999.000,9999.000,9999.000,9999.000,9999.000
202602262030,   3.530,9999.000,9999.000,9999.000,9999.000,9999.000,9999.000,9999.000,9999.000
202602262036,   3.566,9999.000,9999.000,9999.000,9999.000,9999.000,9999.000,9999.000,9999.000
202602262042,   3.599,9999.000,9999.000,9999.000,9999.000,9999.000,9999.000,9999.000,9999.000
202602262048,   3.626,9999.000,9999.000,9999.000,9999.000,9999.000,9999.000,9999.000,9999.000
202602262054,   3.649,9999.000,9999.000,9999.000,9999.000,9999.000,9999.000,9999.000,9999.000
202602262100,   3.667,9999.000,   0.000,   0.368,   4.035,  -0.100,   3.935,   0.200,   4.235
202602262106,   3.680,9999.000,9999.000,9999.000,9999.000,9999.000,9999.000,9999.000,9999.000
202602262112,   3.687,9999.000,9999.000,9999.000,9999.000,9999.000,9999.000,9999.000,9999.000
202602262118,   3.690,9999.000,9999.000,9999.000,9999.000,9999.000,9999.000,9999.000,9999.000
202602262124,   3.687,9999.000,9999.000,9999.000,9999.000,9999.000,9999.000,9999.000,9999.000
202602262130,   3.679,9999.000,9999.000,9999.000,9999.000,9999.000,9999.000,9999.000,9999.000
202602262136,   3.667,9999.000,9999.000,9999.000,9999.000,9999.000,9999.000,9999.000,9999.000
202602262142,   3.649,9999.000,9999.000,9999.000,9999.000,9999.000,9999.000,9999.000,9999.000
202602262148,   3.626,9999.000,9999.000,9999.000,9999.000,9999.000,9999.000,9999.000,9999.000
202602262154,   3.598,9999.000,9999.000,9999.000,9999.000,9999.000,9999.000,9999.000,9999.000
202602262200,   3.565,9999.000,   0.000,   0.368,   3.933,  -0.100,   3.833,   0.200,   4.133
202602262206,   3.527,9999.000,9999.000,9999.000,9999.000,9999.000,9999.000,9999.000,9999.000
202602262212,   3.486,9999.000,9999.000,9999.000,9999.000,9999.000,9999.000,9999.000,9999.000
202602262218,   3.439,9999.000,9999.000,9999.000,9999.000,9999.000,9999.000,9999.000,9999.000
202602262224,   3.389,9999.000,9999.000,9999.000,9999.000,9999.000,9999.000,9999.000,9999.000
202602262230,   3.335,9999.000,9999.000,9999.000,9999.000,9999.000,9999.000,9999.000,9999.000
202602262236,   3.277,9999.000,9999.000,9999.000,9999.000,9999.000,9999.000,9999.000,9999.000
202602262242,   3.215,9999.000,9999.000,9999.000,9999.000,9999.000,9999.000,9999.000,9999.000
202602262248,   3.150,9999.000,9999.000,9999.000,9999.000,9999.000,9999.000,9999.000,9999.000
202602262254,   3.082,9999.000,9999.000,9999.000,9999.000,9999.000,9999.000,9999.000,9999.000
202602262300,   3.011,9999.000,   0.000,   0.368,   3.379,  -0.100,   3.279,   0.200,   3.579
202602262306,   2.937,9999.000,9999.000,9999.000,9999.000,9999.000,9999.000,9999.000,9999.000
202602262312,   2.861,9999.000,9999.000,9999.000,9999.000,9999.000,9999.000,9999.000,9999.000
202602262318,   2.782,9999.000,9999.000,9999.000,9999.000,9999.000,9999.000,9999.000,9999.000
202602262324,   2.701,9999.000,9999.000,9999.000,9999.000,9999.000,9999.000,9999.000,9999.000
202602262330,   2.618,9999.000,9999.000,9999.000,9999.000,9999.000,9999.000,9999.000,9999.000
202602262336,   2.534,9999.000,9999.000,9999.000,9999.000,9999.000,9999.000,9999.000,9999.000
202602262342,   2.447,9999.000,9999.000,9999.000,9999.000,9999.000,9999.000,9999.000,9999.000
202602262348,   2.359,9999.000,9999.000,9999.000,9999.000,9999.000,9999.000,9999.000,9999.000
202602262354,   2.270,9999.000,9999.000,9999.000,9999.000,9999.000,9999.000,9999.000,9999.000
202602270000,   2.179,9999.000,   0.000,   0.368,   2.547,  -0.100,   2.447,   0.200,   2.747
202602270006,   2.087,9999.000,9999.000,9999.000,9999.000,9999.000,9999.000,9999.000,9999.000
202602270012,   1.995,9999.000,9999.000,9999.000,9999.000,9999.000,9999.000,9999.000,9999.000
202602270018,   1.901,9999.000,9999.000,9999.000,9999.000,9999.000,9999.000,9999.000,9999.000
202602270024,   1.807,9999.000,9999.000,9999.000,9999.000,9999.000,9999.000,9999.000,9999.000
202602270030,   1.713,9999.000,9999.000,9999.000,9999.000,9999.000,9999.000,9999.000,9999.000
202602270036,   1.619,9999.000,9999.000,9999.000,9999.000,9999.000,9999.000,9999.000,9999.000
202602270042,   1.525,9999.000,9999.000,9999.000,9999.000,9999.000,9999.000,9999.000,9999.000
202602270048,   1.431,9999.000,9999.000,9999.000,9999.000,9999.000,9999.000,9999.000,9999.000
202602270054,   1.338,9999.000,9999.000,9999.000,9999.000,9999.000,9999.000,9999.000,9999.000
202602270100,   1.246,9999.000,   0.000,   0.368,   1.614,  -0.100,   1.514,   0.100,   1.714
202602270106,   1.156,9999.000,9999.000,9999.000,9999.000,9999.000,9999.000,9999.000,9999.000
202602270112,   1.068,9999.000,9999.000,9999.000,9999.000,9999.000,9999.000,9999.000,9999.000
202602270118,   0.981,9999.000,9999.000,9999.000,9999.000,9999.000,9999.000,9999.000,9999.000
202602270124,   0.897,9999.000,9999.000,9999.000,9999.000,9999.000,9999.000,9999.000,9999.000
202602270130,   0.816,9999.000,9999.000,9999.000,9999.000,9999.000,9999.000,9999.000,9999.000
202602270136,   0.739,9999.000,9999.000,9999.000,9999.000,9999.000,9999.000,9999.000,9999.000
202602270142,   0.664,9999.000,9999.000,9999.000,9999.000,9999.000,9999.000,9999.000,9999.000
202602270148,   0.594,9999.000,9999.000,9999.000,9999.000,9999.000,9999.000,9999.000,9999.000
202602270154,   0.528,9999.000,9999.000,9999.000,9999.000,9999.000,9999.000,9999.000,9999.000
202602270200,   0.467,9999.000,   0.000,   0.368,   0.835,  -0.100,   0.735,   0.100,   0.935
202602270206,   0.411,9999.000,9999.000,9999.000,9999.000,9999.000,9999.000,9999.000,9999.000
202602270212,   0.359,9999.000,9999.000,9999.000,9999.000,9999.000,9999.000,9999.000,9999.000
202602270218,   0.313,9999.000,9999.000,9999.000,9999.000,9999.000,9999.000,9999.000,9999.000
202602270224,   0.272,9999.000,9999.000,9999.000,9999.000,9999.000,9999.000,9999.000,9999.000
202602270230,   0.237,9999.000,9999.000,9999.000,9999.000,9999.000,9999.000,9999.000,9999.000
202602270236,   0.208,9999.000,9999.000,9999.000,9999.000,9999.000,9999.000,9999.000,9999.000
202602270242,   0.185,9999.000,9999.000,9999.000,9999.000,9999.000,9999.000,9999.000,9999.000
202602270248,   0.167,9999.000,9999.000,9999.000,9999.000,9999.000,9999.000,9999.000,9999.000
202602270254,   0.155,9999.000,9999.000,9999.000,9999.000,9999.000,9999.000,9999.000,9999.000
202602270300,   0.149,9999.000,   0.000,   0.368,   0.517,  -0.100,   0.417,   0.000,   0.517
202602270306,   0.148,9999.000,9999.000,9999.000,9999.000,9999.000,9999.000,9999.000,9999.000
202602270312,   0.153,9999.000,9999.000,9999.000,9999.000,9999.000,9999.000,9999.000,9999.000
202602270318,   0.163,9999.000,9999.000,9999.000,9999.000,9999.000,9999.000,9999.000,9999.000
202602270324,   0.178,9999.000,9999.000,9999.000,9999.000,9999.000,9999.000,9999.000,9999.000
202602270330,   0.198,9999.000,9999.000,9999.000,9999.000,9999.000,9999.000,9999.000,9999.000
202602270336,   0.223,9999.000,9999.000,9999.000,9999.000,9999.000,9999.000,9999.000,9999.000
202602270342,   0.253,9999.000,9999.000,9999.000,9999.000,9999.000,9999.000,9999.000,9999.000
202602270348,   0.288,9999.000,9999.000,9999.000,9999.000,9999.000,9999.000,9999.000,9999.000
202602270354,   0.326,9999.000,9999.000,9999.000,9999.000,9999.000,9999.000,9999.000,9999.000
202602270400,   0.369,9999.000,   0.000,   0.368,   0.737,  -0.100,   0.637,   0.100,   0.837
202602270406,   0.416,9999.000,9999.000,9999.000,9999.000,9999.000,9999.000,9999.000,9999.000
202602270412,   0.467,9999.000,9999.000,9999.000,9999.000,9999.000,9999.000,9999.000,9999.000
202602270418,   0.521,9999.000,9999.000,9999.000,9999.000,9999.000,9999.000,9999.000,9999.000
202602270424,   0.580,9999.000,9999.000,9999.000,9999.000,9999.000,9999.000,9999.000,9999.000
202602270430,   0.641,9999.000,9999.000,9999.000,9999.000,9999.000,9999.000,9999.000,9999.000
202602270436,   0.707,9999.000,9999.000,9999.000,9999.000,9999.000,9999.000,9999.000,9999.000
202602270442,   0.775,9999.000,9999.000,9999.000,9999.000,9999.000,9999.000,9999.000,9999.000
202602270448,   0.847,9999.000,9999.000,9999.000,9999.000,9999.000,9999.000,9999.000,9999.000
202602270454,   0.923,9999.000,9999.000,9999.000,9999.000,9999.000,9999.000,9999.000,9999.000
202602270500,   1.001,9999.000,   0.000,   0.368,   1.369,  -0.100,   1.269,   0.100,   1.469
202602270506,   1.083,9999.000,9999.000,9999.000,9999.000,9999.000,9999.000,9999.000,9999.000
202602270512,   1.168,9999.000,9999.000,9999.000,9999.000,9999.000,9999.000,9999.000,9999.000
202602270518,   1.256,9999.000,9999.000,9999.000,9999.000,9999.000,9999.000,9999.000,9999.000
202602270524,   1.347,9999.000,9999.000,9999.000,9999.000,9999.000,9999.000,9999.000,9999.000
202602270530,   1.441,9999.000,9999.000,9999.000,9999.000,9999.000,9999.000,9999.000,9999.000
202602270536,   1.538,9999.000,9999.000,9999.000,9999.000,9999.000,9999.000,9999.000,9999.000
202602270542,   1.638,9999.000,9999.000,9999.000,9999.000,9999.000,9999.000,9999.000,9999.000
202602270548,   1.740,9999.000,9999.000,9999.000,9999.000,9999.000,9999.000,9999.000,9999.000
202602270554,   1.844,9999.000,9999.000,9999.000,9999.000,9999.000,9999.000,9999.000,9999.000
202602270600,   1.951,9999.000,   0.000,   0.368,   2.319,  -0.100,   2.219,   0.100,   2.419
202602270606,   2.059,9999.000,9999.000,9999.000,9999.000,9999.000,9999.000,9999.000,9999.000
202602270612,   2.170,9999.000,9999.000,9999.000,9999.000,9999.000,9999.000,9999.000,9999.000
202602270618,   2.281,9999.000,9999.000,9999.000,9999.000,9999.000,9999.000,9999.000,9999.000
202602270624,   2.395,9999.000,9999.000,9999.000,9999.000,9999.000,9999.000,9999.000,9999.000
202602270630,   2.509,9999.000,9999.000,9999.000,9999.000,9999.000,9999.000,9999.000,9999.000
202602270636,   2.624,9999.000,9999.000,9999.000,9999.000,9999.000,9999.000,9999.000,9999.000
202602270642,   2.739,9999.000,9999.000,9999.000,9999.000,9999.000,9999.000,9999.000,9999.000
202602270648,   2.854,9999.000,9999.000,9999.000,9999.000,9999.000,9999.000,9999.000,9999.000
202602270654,   2.969,9999.000,9999.000,9999.000,9999.000,9999.000,9999.000,9999.000,9999.000
202602270700,   3.084,9999.000,   0.000,   0.368,   3.452,  -0.100,   3.352,   0.100,   3.552
202602270706,   3.198,9999.000,9999.000,9999.000,9999.000,9999.000,9999.000,9999.000,9999.000
202602270712,   3.311,9999.000,9999.000,9999.000,9999.000,9999.000,9999.000,9999.000,9999.000
202602270718,   3.422,9999.000,9999.000,9999.000,9999.000,9999.000,9999.000,9999.000,9999.000
202602270724,   3.532,9999.000,9999.000,9999.000,9999.000,9999.000,9999.000,9999.000,9999.000
202602270730,   3.640,9999.000,9999.000,9999.000,9999.000,9999.000,9999.000,9999.000,9999.000
202602270736,   3.745,9999.000,9999.000,9999.000,9999.000,9999.000,9999.000,9999.000,9999.000
202602270742,   3.848,9999.000,9999.000,9999.000,9999.000,9999.000,9999.000,9999.000,9999.000
202602270748,   3.949,9999.000,9999.000,9999.000,9999.000,9999.000,9999.000,9999.000,9999.000
202602270754,   4.046,9999.000,9999.000,9999.000,9999.000,9999.000,9999.000,9999.000,9999.000
202602270800,   4.140,9999.000,   0.000,   0.368,   4.508,  -0.100,   4.408,   0.100,   4.608
202602270806,   4.231,9999.000,9999.000,9999.000,9999.000,9999.000,9999.000,9999.000,9999.000
202602270812,   4.318,9999.000,9999.000,9999.000,9999.000,9999.000,9999.000,9999.000,9999.000
202602270818,   4.401,9999.000,9999.000,9999.000,9999.000,9999.000,9999.000,9999.000,9999.000
202602270824,   4.480,9999.000,9999.000,9999.000,9999.000,9999.000,9999.000,9999.000,9999.000
202602270830,   4.555,9999.000,9999.000,9999.000,9999.000,9999.000,9999.000,9999.000,9999.000
202602270836,   4.625,9999.000,9999.000,9999.000,9999.000,9999.000,9999.000,9999.000,9999.000
202602270842,   4.690,9999.000,9999.000,9999.000,9999.000,9999.000,9999.000,9999.000,9999.000
202602270848,   4.751,9999.000,9999.000,9999.000,9999.000,9999.000,9999.000,9999.000,9999.000
202602270854,   4.806,9999.000,9999.000,9999.000,9999.000,9999.000,9999.000,9999.000,9999.000
202602270900,   4.857,9999.000,   0.000,   0.368,   5.225,  -0.100,   5.125,   0.100,   5.325
202602270906,   4.902,9999.000,9999.000,9999.000,9999.000,9999.000,9999.000,9999.000,9999.000
202602270912,   4.941,9999.000,9999.000,9999.000,9999.000,9999.000,9999.000,9999.000,9999.000
202602270918,   4.975,9999.000,9999.000,9999.000,9999.000,9999.000,9999.000,9999.000,9999.000
202602270924,   5.003,9999.000,9999.000,9999.000,9999.000,9999.000,9999.000,9999.000,9999.000
202602270930,   5.025,9999.000,9999.000,9999.000,9999.000,9999.000,9999.000,9999.000,9999.000
202602270936,   5.041,9999.000,9999.000,9999.000,9999.000,9999.000,9999.000,9999.000,9999.000
202602270942,   5.051,9999.000,9999.000,9999.000,9999.000,9999.000,9999.000,9999.000,9999.000
202602270948,   5.055,9999.000,9999.000,9999.000,9999.000,9999.000,9999.000,9999.000,9999.000
202602270954,   5.053,9999.000,9999.000,9999.000,9999.000,9999.000,9999.000,9999.000,9999.000
202602271000,   5.045,9999.000,   0.000,   0.368,   5.413,  -0.100,   5.313,   0.100,   5.513
202602271006,   5.031,9999.000,9999.000,9999.000,9999.000,9999.000,9999.000,9999.000,9999.000
202602271012,   5.012,9999.000,9999.000,9999.000,9999.000,9999.000,9999.000,9999.000,9999.000
202602271018,   4.986,9999.000,9999.000,9999.000,9999.000,9999.000,9999.000,9999.000,9999.000
202602271024,   4.955,9999.000,9999.000,9999.000,9999.000,9999.000,9999.000,9999.000,9999.000
202602271030,   4.918,9999.000,9999.000,9999.000,9999.000,9999.000,9999.000,9999.000,9999.000
202602271036,   4.876,9999.000,9999.000,9999.000,9999.000,9999.000,9999.000,9999.000,9999.000
202602271042,   4.828,9999.000,9999.000,9999.000,9999.000,9999.000,9999.000,9999.000,9999.000
202602271048,   4.776,9999.000,9999.000,9999.000,9999.000,9999.000,9999.000,9999.000,9999.000
202602271054,   4.719,9999.000,9999.000,9999.000,9999.000,9999.000,9999.000,9999.000,9999.000
202602271100,   4.657,9999.000,   0.000,   0.368,   5.025,  -0.100,   4.925,   0.100,   5.125
202602271106,   4.590,9999.000,9999.000,9999.000,9999.000,9999.000,9999.000,9999.000,9999.000
202602271112,   4.520,9999.000,9999.000,9999.000,9999.000,9999.000,9999.000,9999.000,9999.000
202602271118,   4.445,9999.000,9999.000,9999.000,9999.000,9999.000,9999.000,9999.000,9999.000
202602271124,   4.367,9999.000,9999.000,9999.000,9999.000,9999.000,9999.000,9999.000,9999.000
202602271130,   4.285,9999.000,9999.000,9999.000,9999.000,9999.000,9999.000,9999.000,9999.000
202602271136,   4.199,9999.000,9999.000,9999.000,9999.000,9999.000,9999.000,9999.000,9999.000
202602271142,   4.110,9999.000,9999.000,9999.000,9999.000,9999.000,9999.000,9999.000,9999.000
202602271148,   4.018,9999.000,9999.000,9999.000,9999.000,9999.000,9999.000,9999.000,9999.000
202602271154,   3.923,9999.000,9999.000,9999.000,9999.000,9999.000,9999.000,9999.000,9999.000
202602271200,   3.825,9999.000,   0.000,   0.368,   4.193,  -0.100,   4.093,   0.100,   4.293
202602271206,   3.725,9999.000,9999.000,9999.000,9999.000,9999.000,9999.000,9999.000,9999.000
202602271212,   3.622,9999.000,9999.000,9999.000,9999.000,9999.000,9999.000,9999.000,9999.000
202602271218,   3.517,9999.000,9999.000,9999.000,9999.000,9999.000,9999.000,9999.000,9999.000
202602271224,   3.410,9999.000,9999.000,9999.000,9999.000,9999.000,9999.000,9999.000,9999.000
202602271230,   3.300,9999.000,9999.000,9999.000,9999.000,9999.000,9999.000,9999.000,9999.000
202602271236,   3.189,9999.000,9999.000,9999.000,9999.000,9999.000,9999.000,9999.000,9999.000
202602271242,   3.076,9999.000,9999.000,9999.000,9999.000,9999.000,9999.000,9999.000,9999.000
202602271248,   2.962,9999.000,9999.000,9999.000,9999.000,9999.000,9999.000,9999.000,9999.000
202602271254,   2.846,9999.000,9999.000,9999.000,9999.000,9999.000,9999.000,9999.000,9999.000
202602271300,   2.729,9999.000,   0.000,   0.368,   3.097,  -0.100,   2.997,   0.100,   3.197
202602271306,   2.612,9999.000,9999.000,9999.000,9999.000,9999.000,9999.000,9999.000,9999.000
202602271312,   2.494,9999.000,9999.000,9999.000,9999.000,9999.000,9999.000,9999.000,9999.000
202602271318,   2.375,9999.000,9999.000,9999.000,9999.000,9999.000,9999.000,9999.000,9999.000
202602271324,   2.257,9999.000,9999.000,9999.000,9999.000,9999.000,9999.000,9999.000,9999.000
202602271330,   2.140,9999.000,9999.000,9999.000,9999.000,9999.000,9999.000,9999.000,9999.000
202602271336,   2.023,9999.000,9999.000,9999.000,9999.000,9999.000,9999.000,9999.000,9999.000
202602271342,   1.907,9999.000,9999.000,9999.000,9999.000,9999.000,9999.000,9999.000,9999.000
202602271348,   1.793,9999.000,9999.000,9999.000,9999.000,9999.000,9999.000,9999.000,9999.000
202602271354,   1.681,9999.000,9999.000,9999.000,9999.000,9999.000,9999.000,9999.000,9999.000
202602271400,   1.571,9999.000,   0.000,   0.368,   1.939,  -0.100,   1.839,   0.100,   2.039
202602271406,   1.464,9999.000,9999.000,9999.000,9999.000,9999.000,9999.000,9999.000,9999.000
202602271412,   1.359,9999.000,9999.000,9999.000,9999.000,9999.000,9999.000,9999.000,9999.000
202602271418,   1.259,9999.000,9999.000,9999.000,9999.000,9999.000,9999.000,9999.000,9999.000
202602271424,   1.161,9999.000,9999.000,9999.000,9999.000,9999.000,9999.000,9999.000,9999.000
202602271430,   1.068,9999.000,9999.000,9999.000,9999.000,9999.000,9999.000,9999.000,9999.000
202602271436,   0.980,9999.000,9999.000,9999.000,9999.000,9999.000,9999.000,9999.000,9999.000
202602271442,   0.895,9999.000,9999.000,9999.000,9999.000,9999.000,9999.000,9999.000,9999.000
202602271448,   0.816,9999.000,9999.000,9999.000,9999.000,9999.000,9999.000,9999.000,9999.000
202602271454,   0.741,9999.000,9999.000,9999.000,9999.000,9999.000,9999.000,9999.000,9999.000
202602271500,   0.672,9999.000,   0.000,   0.368,   1.040,  -0.100,   0.940,   0.000,   1.040
202602271506,   0.608,9999.000,9999.000,9999.000,9999.000,9999.000,9999.000,9999.000,9999.000
202602271512,   0.549,9999.000,9999.000,9999.000,9999.000,9999.000,9999.000,9999.000,9999.000
202602271518,   0.495,9999.000,9999.000,9999.000,9999.000,9999.000,9999.000,9999.000,9999.000
202602271524,   0.446,9999.000,9999.000,9999.000,9999.000,9999.000,9999.000,9999.000,9999.000
202602271530,   0.402,9999.000,9999.000,9999.000,9999.000,9999.000,9999.000,9999.000,9999.000
202602271536,   0.364,9999.000,9999.000,9999.000,9999.000,9999.000,9999.000,9999.000,9999.000
202602271542,   0.331,9999.000,9999.000,9999.000,9999.000,9999.000,9999.000,9999.000,9999.000
202602271548,   0.302,9999.000,9999.000,9999.000,9999.000,9999.000,9999.000,9999.000,9999.000
202602271554,   0.279,9999.000,9999.000,9999.000,9999.000,9999.000,9999.000,9999.000,9999.000
202602271600,   0.260,9999.000,   0.000,   0.368,   0.628,  -0.100,   0.528,   0.000,   0.628
202602271606,   0.246,9999.000,9999.000,9999.000,9999.000,9999.000,9999.000,9999.000,9999.000
202602271612,   0.236,9999.000,9999.000,9999.000,9999.000,9999.000,9999.000,9999.000,9999.000
202602271618,   0.230,9999.000,9999.000,9999.000,9999.000,9999.000,9999.000,9999.000,9999.000
202602271624,   0.229,9999.000,9999.000,9999.000,9999.000,9999.000,9999.000,9999.000,9999.000
202602271630,   0.232,9999.000,9999.000,9999.000,9999.000,9999.000,9999.000,9999.000,9999.000
202602271636,   0.239,9999.000,9999.000,9999.000,9999.000,9999.000,9999.000,9999.000,9999.000
202602271642,   0.250,9999.000,9999.000,9999.000,9999.000,9999.000,9999.000,9999.000,9999.000
202602271648,   0.264,9999.000,9999.000,9999.000,9999.000,9999.000,9999.000,9999.000,9999.000
202602271654,   0.283,9999.000,9999.000,9999.000,9999.000,9999.000,9999.000,9999.000,9999.000
202602271700,   0.306,9999.000,  -0.100,   0.368,   0.574,  -0.100,   0.574,   0.100,   0.774
202602271706,   0.332,9999.000,9999.000,9999.000,9999.000,9999.000,9999.000,9999.000,9999.000
202602271712,   0.363,9999.000,9999.000,9999.000,9999.000,9999.000,9999.000,9999.000,9999.000
202602271718,   0.397,9999.000,9999.000,9999.000,9999.000,9999.000,9999.000,9999.000,9999.000
202602271724,   0.435,9999.000,9999.000,9999.000,9999.000,9999.000,9999.000,9999.000,9999.000
202602271730,   0.477,9999.000,9999.000,9999.000,9999.000,9999.000,9999.000,9999.000,9999.000
202602271736,   0.524,9999.000,9999.000,9999.000,9999.000,9999.000,9999.000,9999.000,9999.000
202602271742,   0.573,9999.000,9999.000,9999.000,9999.000,9999.000,9999.000,9999.000,9999.000
202602271748,   0.627,9999.000,9999.000,9999.000,9999.000,9999.000,9999.000,9999.000,9999.000
202602271754,   0.685,9999.000,9999.000,9999.000,9999.000,9999.000,9999.000,9999.000,9999.000
202602271800,   0.746,9999.000,  -0.100,   0.368,   1.014,  -0.200,   0.914,   0.000,   1.114
202602271806,   0.812,9999.000,9999.000,9999.000,9999.000,9999.000,9999.000,9999.000,9999.000
202602271812,   0.880,9999.000,9999.000,9999.000,9999.000,9999.000,9999.000,9999.000,9999.000
202602271818,   0.953,9999.000,9999.000,9999.000,9999.000,9999.000,9999.000,9999.000,9999.000
202602271824,   1.028,9999.000,9999.000,9999.000,9999.000,9999.000,9999.000,9999.000,9999.000
202602271830,   1.107,9999.000,9999.000,9999.000,9999.000,9999.000,9999.000,9999.000,9999.000
202602271836,   1.189,9999.000,9999.000,9999.000,9999.000,9999.000,9999.000,9999.000,9999.000
202602271842,   1.274,9999.000,9999.000,9999.000,9999.000,9999.000,9999.000,9999.000,9999.000
202602271848,   1.362,9999.000,9999.000,9999.000,9999.000,9999.000,9999.000,9999.000,9999.000
202602271854,   1.451,9999.000,9999.000,9999.000,9999.000,9999.000,9999.000,9999.000,9999.000
202602271900,   1.543,9999.000,   0.000,   0.368,   1.911,  -0.100,   1.811,   0.000,   1.911
202602271906,   1.637,9999.000,9999.000,9999.000,9999.000,9999.000,9999.000,9999.000,9999.000
202602271912,   1.732,9999.000,9999.000,9999.000,9999.000,9999.000,9999.000,9999.000,9999.000
202602271918,   1.828,9999.000,9999.000,9999.000,9999.000,9999.000,9999.000,9999.000,9999.000
202602271924,   1.926,9999.000,9999.000,9999.000,9999.000,9999.000,9999.000,9999.000,9999.000
202602271930,   2.024,9999.000,9999.000,9999.000,9999.000,9999.000,9999.000,9999.000,9999.000
202602271936,   2.122,9999.000,9999.000,9999.000,9999.000,9999.000,9999.000,9999.000,9999.000
202602271942,   2.221,9999.000,9999.000,9999.000,9999.000,9999.000,9999.000,9999.000,9999.000
202602271948,   2.319,9999.000,9999.000,9999.000,9999.000,9999.000,9999.000,9999.000,9999.000
202602271954,   2.416,9999.000,9999.000,9999.000,9999.000,9999.000,9999.000,9999.000,9999.000
202602272000,   2.513,9999.000,   0.000,   0.368,   2.881,  -0.100,   2.781,   0.100,   2.981
202602272006,   2.609,9999.000,9999.000,9999.000,9999.000,9999.000,9999.000,9999.000,9999.000
202602272012,   2.703,9999.000,9999.000,9999.000,9999.000,9999.000,9999.000,9999.000,9999.000
202602272018,   2.796,9999.000,9999.000,9999.000,9999.000,9999.000,9999.000,9999.000,9999.000
202602272024,   2.887,9999.000,9999.000,9999.000,9999.000,9999.000,9999.000,9999.000,9999.000
202602272030,   2.975,9999.000,9999.000,9999.000,9999.000,9999.000,9999.000,9999.000,9999.000
202602272036,   3.061,9999.000,9999.000,9999.000,9999.000,9999.000,9999.000,9999.000,9999.000
202602272042,   3.145,9999.000,9999.000,9999.000,9999.000,9999.000,9999.000,9999.000,9999.000
202602272048,   3.225,9999.000,9999.000,9999.000,9999.000,9999.000,9999.000,9999.000,9999.000
202602272054,   3.302,9999.000,9999.000,9999.000,9999.000,9999.000,9999.000,9999.000,9999.000
202602272100,   3.376,9999.000,   0.000,   0.368,   3.744,  -0.100,   3.644,   0.100,   3.844
202602272106,   3.446,9999.000,9999.000,9999.000,9999.000,9999.000,9999.000,9999.000,9999.000
202602272112,   3.512,9999.000,9999.000,9999.000,9999.000,9999.000,9999.000,9999.000,9999.000
202602272118,   3.574,9999.000,9999.000,9999.000,9999.000,9999.000,9999.000,9999.000,9999.000
202602272124,   3.632,9999.000,9999.000,9999.000,9999.000,9999.000,9999.000,9999.000,9999.000
202602272130,   3.685,9999.000,9999.000,9999.000,9999.000,9999.000,9999.000,9999.000,9999.000
202602272136,   3.733,9999.000,9999.000,9999.000,9999.000,9999.000,9999.000,9999.000,9999.000
202602272142,   3.776,9999.000,9999.000,9999.000,9999.000,9999.000,9999.000,9999.000,9999.000
202602272148,   3.814,9999.000,9999.000,9999.000,9999.000,9999.000,9999.000,9999.000,9999.000
202602272154,   3.847,9999.000,9999.000,9999.000,9999.000,9999.000,9999.000,9999.000,9999.000
202602272200,   3.874,9999.000,   0.000,   0.368,   4.242,  -0.100,   4.142,   0.100,   4.342
202602272206,   3.896,9999.000,9999.000,9999.000,9999.000,9999.000,9999.000,9999.000,9999.000
202602272212,   3.912,9999.000,9999.000,9999.000,9999.000,9999.000,9999.000,9999.000,9999.000
202602272218,   3.923,9999.000,9999.000,9999.000,9999.000,9999.000,9999.000,9999.000,9999.000
202602272224,   3.927,9999.000,9999.000,9999.000,9999.000,9999.000,9999.000,9999.000,9999.000
202602272230,   3.927,9999.000,9999.000,9999.000,9999.000,9999.000,9999.000,9999.000,9999.000
202602272236,   3.920,9999.000,9999.000,9999.000,9999.000,9999.000,9999.000,9999.000,9999.000
202602272242,   3.908,9999.000,9999.000,9999.000,9999.000,9999.000,9999.000,9999.000,9999.000
202602272248,   3.890,9999.000,9999.000,9999.000,9999.000,9999.000,9999.000,9999.000,9999.000
202602272254,   3.866,9999.000,9999.000,9999.000,9999.000,9999.000,9999.000,9999.000,9999.000
202602272300,   3.837,9999.000,   0.000,   0.368,   4.205,   0.000,   4.205,   0.100,   4.305
202602272306,   3.803,9999.000,9999.000,9999.000,9999.000,9999.000,9999.000,9999.000,9999.000
202602272312,   3.764,9999.000,9999.000,9999.000,9999.000,9999.000,9999.000,9999.000,9999.000
202602272318,   3.720,9999.000,9999.000,9999.000,9999.000,9999.000,9999.000,9999.000,9999.000
202602272324,   3.671,9999.000,9999.000,9999.000,9999.000,9999.000,9999.000,9999.000,9999.000
202602272330,   3.617,9999.000,9999.000,9999.000,9999.000,9999.000,9999.000,9999.000,9999.000
202602272336,   3.560,9999.000,9999.000,9999.000,9999.000,9999.000,9999.000,9999.000,9999.000
202602272342,   3.497,9999.000,9999.000,9999.000,9999.000,9999.000,9999.000,9999.000,9999.000
202602272348,   3.431,9999.000,9999.000,9999.000,9999.000,9999.000,9999.000,9999.000,9999.000
202602272354,   3.361,9999.000,9999.000,9999.000,9999.000,9999.000,9999.000,9999.000,9999.000
202602280000,   3.288,9999.000,   0.000,   0.368,   3.656,   0.000,   3.656,   0.100,   3.756
202602280006,   3.210,9999.000,9999.000,9999.000,9999.000,9999.000,9999.000,9999.000,9999.000
202602280012,   3.130,9999.000,9999.000,9999.000,9999.000,9999.000,9999.000,9999.000,9999.000
202602280018,   3.046,9999.000,9999.000,9999.000,9999.000,9999.000,9999.000,9999.000,9999.000
202602280024,   2.960,9999.000,9999.000,9999.000,9999.000,9999.000,9999.000,9999.000,9999.000
202602280030,   2.870,9999.000,9999.000,9999.000,9999.000,9999.000,9999.000,9999.000,9999.000
202602280036,   2.778,9999.000,9999.000,9999.000,9999.000,9999.000,9999.000,9999.000,9999.000
202602280042,   2.684,9999.000,9999.000,9999.000,9999.000,9999.000,9999.000,9999.000,9999.000
202602280048,   2.587,9999.000,9999.000,9999.000,9999.000,9999.000,9999.000,9999.000,9999.000
202602280054,   2.488,9999.000,9999.000,9999.000,9999.000,9999.000,9999.000,9999.000,9999.000
202602280100,   2.387,9999.000,   0.000,   0.368,   2.755,   0.000,   2.755,   0.100,   2.855
202602280106,   2.284,9999.000,9999.000,9999.000,9999.000,9999.000,9999.000,9999.000,9999.000
202602280112,   2.180,9999.000,9999.000,9999.000,9999.000,9999.000,9999.000,9999.000,9999.000
202602280118,   2.075,9999.000,9999.000,9999.000,9999.000,9999.000,9999.000,9999.000,9999.000
202602280124,   1.968,9999.000,9999.000,9999.000,9999.000,9999.000,9999.000,9999.000,9999.000
202602280130,   1.861,9999.000,9999.000,9999.000,9999.000,9999.000,9999.000,9999.000,9999.000
202602280136,   1.754,9999.000,9999.000,9999.000,9999.000,9999.000,9999.000,9999.000,9999.000
202602280142,   1.646,9999.000,9999.000,9999.000,9999.000,9999.000,9999.000,9999.000,9999.000
202602280148,   1.539,9999.000,9999.000,9999.000,9999.000,9999.000,9999.000,9999.000,9999.000
202602280154,   1.432,9999.000,9999.000,9999.000,9999.000,9999.000,9999.000,9999.000,9999.000
202602280200,   1.327,9999.000,   0.000,   0.368,   1.695,   0.000,   1.695,   0.100,   1.795
202602280206,   1.222,9999.000,9999.000,9999.000,9999.000,9999.000,9999.000,9999.000,9999.000
202602280212,   1.120,9999.000,9999.000,9999.000,9999.000,9999.000,9999.000,9999.000,9999.000
202602280218,   1.020,9999.000,9999.000,9999.000,9999.000,9999.000,9999.000,9999.000,9999.000
202602280224,   0.923,9999.000,9999.000,9999.000,9999.000,9999.000,9999.000,9999.000,9999.000
202602280230,   0.828,9999.000,9999.000,9999.000,9999.000,9999.000,9999.000,9999.000,9999.000
202602280236,   0.738,9999.000,9999.000,9999.000,9999.000,9999.000,9999.000,9999.000,9999.000
202602280242,   0.651,9999.000,9999.000,9999.000,9999.000,9999.000,9999.000,9999.000,9999.000
202602280248,   0.568,9999.000,9999.000,9999.000,9999.000,9999.000,9999.000,9999.000,9999.000
202602280254,   0.490,9999.000,9999.000,9999.000,9999.000,9999.000,9999.000,9999.000,9999.000
202602280300,   0.417,9999.000,   0.000,   0.368,   0.785,  -0.100,   0.685,   0.100,   0.885
202602280306,   0.349,9999.000,9999.000,9999.000,9999.000,9999.000,9999.000,9999.000,9999.000
202602280312,   0.286,9999.000,9999.000,9999.000,9999.000,9999.000,9999.000,9999.000,9999.000
202602280318,   0.229,9999.000,9999.000,9999.000,9999.000,9999.000,9999.000,9999.000,9999.000
202602280324,   0.178,9999.000,9999.000,9999.000,9999.000,9999.000,9999.000,9999.000,9999.000
202602280330,   0.133,9999.000,9999.000,9999.000,9999.000,9999.000,9999.000,9999.000,9999.000
202602280336,   0.093,9999.000,9999.000,9999.000,9999.000,9999.000,9999.000,9999.000,9999.000
202602280342,   0.060,9999.000,9999.000,9999.000,9999.000,9999.000,9999.000,9999.000,9999.000
202602280348,   0.033,9999.000,9999.000,9999.000,9999.000,9999.000,9999.000,9999.000,9999.000
202602280354,   0.011,9999.000,9999.000,9999.000,9999.000,9999.000,9999.000,9999.000,9999.000
202602280400,  -0.003,9999.000,   0.000,   0.368,   0.365,  -0.100,   0.265,   0.200,   0.565
202602280406,  -0.013,9999.000,9999.000,9999.000,9999.000,9999.000,9999.000,9999.000,9999.000
202602280412,  -0.017,9999.000,9999.000,9999.000,9999.000,9999.000,9999.000,9999.000,9999.000
202602280418,  -0.016,9999.000,9999.000,9999.000,9999.000,9999.000,9999.000,9999.000,9999.000
202602280424,  -0.009,9999.000,9999.000,9999.000,9999.000,9999.000,9999.000,9999.000,9999.000
202602280430,   0.003,9999.000,9999.000,9999.000,9999.000,9999.000,9999.000,9999.000,9999.000
202602280436,   0.020,9999.000,9999.000,9999.000,9999.000,9999.000,9999.000,9999.000,9999.000
202602280442,   0.043,9999.000,9999.000,9999.000,9999.000,9999.000,9999.000,9999.000,9999.000
202602280448,   0.070,9999.000,9999.000,9999.000,9999.000,9999.000,9999.000,9999.000,9999.000
202602280454,   0.103,9999.000,9999.000,9999.000,9999.000,9999.000,9999.000,9999.000,9999.000
202602280500,   0.140,9999.000,   0.000,   0.368,   0.508,  -0.100,   0.408,   0.200,   0.708
202602280506,   0.181,9999.000,9999.000,9999.000,9999.000,9999.000,9999.000,9999.000,9999.000
202602280512,   0.227,9999.000,9999.000,9999.000,9999.000,9999.000,9999.000,9999.000,9999.000
202602280518,   0.277,9999.000,9999.000,9999.000,9999.000,9999.000,9999.000,9999.000,9999.000
202602280524,   0.332,9999.000,9999.000,9999.000,9999.000,9999.000,9999.000,9999.000,9999.000
202602280530,   0.391,9999.000,9999.000,9999.000,9999.000,9999.000,9999.000,9999.000,9999.000
202602280536,   0.454,9999.000,9999.000,9999.000,9999.000,9999.000,9999.000,9999.000,9999.000
202602280542,   0.522,9999.000,9999.000,9999.000,9999.000,9999.000,9999.000,9999.000,9999.000
202602280548,   0.593,9999.000,9999.000,9999.000,9999.000,9999.000,9999.000,9999.000,9999.000
202602280554,   0.669,9999.000,9999.000,9999.000,9999.000,9999.000,9999.000,9999.000,9999.000
202602280600,   0.749,9999.000,   0.000,   0.368,   1.117,   0.000,   1.117,   0.200,   1.317
202602280606,   0.832,9999.000,9999.000,9999.000,9999.000,9999.000,9999.000,9999.000,9999.000
202602280612,   0.920,9999.000,9999.000,9999.000,9999.000,9999.000,9999.000,9999.000,9999.000
202602280618,   1.012,9999.000,9999.000,9999.000,9999.000,9999.000,9999.000,9999.000,9999.000
202602280624,   1.107,9999.000,9999.000,9999.000,9999.000,9999.000,9999.000,9999.000,9999.000
202602280630,   1.206,9999.000,9999.000,9999.000,9999.000,9999.000,9999.000,9999.000,9999.000
202602280636,   1.309,9999.000,9999.000,9999.000,9999.000,9999.000,9999.000,9999.000,9999.000
202602280642,   1.415,9999.000,9999.000,9999.000,9999.000,9999.000,9999.000,9999.000,9999.000
202602280648,   1.524,9999.000,9999.000,9999.000,9999.000,9999.000,9999.000,9999.000,9999.000
202602280654,   1.636,9999.000,9999.000,9999.000,9999.000,9999.000,9999.000,9999.000,9999.000
202602280700,   1.751,9999.000,   0.000,   0.368,   2.119,   0.000,   2.119,   0.200,   2.319
202602280706,   1.868,9999.000,9999.000,9999.000,9999.000,9999.000,9999.000,9999.000,9999.000
202602280712,   1.987,9999.000,9999.000,9999.000,9999.000,9999.000,9999.000,9999.000,9999.000
202602280718,   2.109,9999.000,9999.000,9999.000,9999.000,9999.000,9999.000,9999.000,9999.000
202602280724,   2.232,9999.000,9999.000,9999.000,9999.000,9999.000,9999.000,9999.000,9999.000
202602280730,   2.356,9999.000,9999.000,9999.000,9999.000,9999.000,9999.000,9999.000,9999.000
202602280736,   2.482,9999.000,9999.000,9999.000,9999.000,9999.000,9999.000,9999.000,9999.000
202602280742,   2.608,9999.000,9999.000,9999.000,9999.000,9999.000,9999.000,9999.000,9999.000
202602280748,   2.734,9999.000,9999.000,9999.000,9999.000,9999.000,9999.000,9999.000,9999.000
202602280754,   2.861,9999.000,9999.000,9999.000,9999.000,9999.000,9999.000,9999.000,9999.000
202602280800,   2.987,9999.000,   0.000,   0.368,   3.355,   0.000,   3.355,   0.200,   3.555
202602280806,   3.113,9999.000,9999.000,9999.000,9999.000,9999.000,9999.000,9999.000,9999.000
202602280812,   3.237,9999.000,9999.000,9999.000,9999.000,9999.000,9999.000,9999.000,9999.000
202602280818,   3.360,9999.000,9999.000,9999.000,9999.000,9999.000,9999.000,9999.000,9999.000
202602280824,   3.482,9999.000,9999.000,9999.000,9999.000,9999.000,9999.000,9999.000,9999.000
202602280830,   3.602,9999.000,9999.000,9999.000,9999.000,9999.000,9999.000,9999.000,9999.000
202602280836,   3.719,9999.000,9999.000,9999.000,9999.000,9999.000,9999.000,9999.000,9999.000
202602280842,   3.835,9999.000,9999.000,9999.000,9999.000,9999.000,9999.000,9999.000,9999.000
202602280848,   3.947,9999.000,9999.000,9999.000,9999.000,9999.000,9999.000,9999.000,9999.000
202602280854,   4.056,9999.000,9999.000,9999.000,9999.000,9999.000,9999.000,9999.000,9999.000
202602280900,   4.162,9999.000,   0.000,   0.368,   4.530,   0.000,   4.530,   0.200,   4.730
202602280906,   4.265,9999.000,9999.000,9999.000,9999.000,9999.000,9999.000,9999.000,9999.000
202602280912,   4.363,9999.000,9999.000,9999.000,9999.000,9999.000,9999.000,9999.000,9999.000
202602280918,   4.458,9999.000,9999.000,9999.000,9999.000,9999.000,9999.000,9999.000,9999.000
202602280924,   4.548,9999.000,9999.000,9999.000,9999.000,9999.000,9999.000,9999.000,9999.000
202602280930,   4.633,9999.000,9999.000,9999.000,9999.000,9999.000,9999.000,9999.000,9999.000
202602280936,   4.714,9999.000,9999.000,9999.000,9999.000,9999.000,9999.000,9999.000,9999.000
202602280942,   4.790,9999.000,9999.000,9999.000,9999.000,9999.000,9999.000,9999.000,9999.000
202602280948,   4.860,9999.000,9999.000,9999.000,9999.000,9999.000,9999.000,9999.000,9999.000
202602280954,   4.925,9999.000,9999.000,9999.000,9999.000,9999.000,9999.000,9999.000,9999.000
202602281000,   4.984,9999.000,   0.000,   0.368,   5.352,   0.000,   5.352,   0.200,   5.552
202602281006,   5.037,9999.000,9999.000,9999.000,9999.000,9999.000,9999.000,9999.000,9999.000
202602281012,   5.085,9999.000,9999.000,9999.000,9999.000,9999.000,9999.000,9999.000,9999.000
202602281018,   5.126,9999.000,9999.000,9999.000,9999.000,9999.000,9999.000,9999.000,9999.000
202602281024,   5.161,9999.000,9999.000,9999.000,9999.000,9999.000,9999.000,9999.000,9999.000
202602281030,   5.189,9999.000,9999.000,9999.000,9999.000,9999.000,9999.000,9999.000,9999.000
202602281036,   5.211,9999.000,9999.000,9999.000,9999.000,9999.000,9999.000,9999.000,9999.000
202602281042,   5.226,9999.000,9999.000,9999.000,9999.000,9999.000,9999.000,9999.000,9999.000
202602281048,   5.235,9999.000,9999.000,9999.000,9999.000,9999.000,9999.000,9999.000,9999.000
202602281054,   5.237,9999.000,9999.000,9999.000,9999.000,9999.000,9999.000,9999.000,9999.000
202602281100,   5.233,9999.000,   0.000,   0.368,   5.601,   0.000,   5.601,   0.200,   5.801
202602281106,   5.222,9999.000,9999.000,9999.000,9999.000,9999.000,9999.000,9999.000,9999.000
202602281112,   5.204,9999.000,9999.000,9999.000,9999.000,9999.000,9999.000,9999.000,9999.000
202602281118,   5.180,9999.000,9999.000,9999.000,9999.000,9999.000,9999.000,9999.000,9999.000
202602281124,   5.150,9999.000,9999.000,9999.000,9999.000,9999.000,9999.000,9999.000,9999.000
202602281130,   5.114,9999.000,9999.000,9999.000,9999.000,9999.000,9999.000,9999.000,9999.000
202602281136,   5.072,9999.000,9999.000,9999.000,9999.000,9999.000,9999.000,9999.000,9999.000
202602281142,   5.024,9999.000,9999.000,9999.000,9999.000,9999.000,9999.000,9999.000,9999.000
202602281148,   4.971,9999.000,9999.000,9999.000,9999.000,9999.000,9999.000,9999.000,9999.000
202602281154,   4.912,9999.000,9999.000,9999.000,9999.000,9999.000,9999.000,9999.000,9999.000
202602281200,   4.848,9999.000,   0.000,   0.368,   5.216,   0.000,   5.216,   0.200,   5.416
202602281206,   4.779,9999.000,9999.000,9999.000,9999.000,9999.000,9999.000,9999.000,9999.000
202602281212,   4.705,9999.000,9999.000,9999.000,9999.000,9999.000,9999.000,9999.000,9999.000
202602281218,   4.626,9999.000,9999.000,9999.000,9999.000,9999.000,9999.000,9999.000,9999.000
202602281224,   4.543,9999.000,9999.000,9999.000,9999.000,9999.000,9999.000,9999.000,9999.000
202602281230,   4.456,9999.000,9999.000,9999.000,9999.000,9999.000,9999.000,9999.000,9999.000
202602281236,   4.365,9999.000,9999.000,9999.000,9999.000,9999.000,9999.000,9999.000,9999.000
202602281242,   4.269,9999.000,9999.000,9999.000,9999.000,9999.000,9999.000,9999.000,9999.000
202602281248,   4.170,9999.000,9999.000,9999.000,9999.000,9999.000,9999.000,9999.000,9999.000
202602281254,   4.067,9999.000,9999.000,9999.000,9999.000,9999.000,9999.000,9999.000,9999.000
202602281300,   3.961,9999.000,   0.000,   0.368,   4.329,   0.000,   4.329,   0.200,   4.529
202602281306,   3.852,9999.000,9999.000,9999.000,9999.000,9999.000,9999.000,9999.000,9999.000
202602281312,   3.739,9999.000,9999.000,9999.000,9999.000,9999.000,9999.000,9999.000,9999.000
202602281318,   3.624,9999.000,9999.000,9999.000,9999.000,9999.000,9999.000,9999.000,9999.000
202602281324,   3.506,9999.000,9999.000,9999.000,9999.000,9999.000,9999.000,9999.000,9999.000
202602281330,   3.385,9999.000,9999.000,9999.000,9999.000,9999.000,9999.000,9999.000,9999.000
202602281336,   3.262,9999.000,9999.000,9999.000,9999.000,9999.000,9999.000,9999.000,9999.000
202602281342,   3.137,9999.000,9999.000,9999.000,9999.000,9999.000,9999.000,9999.000,9999.000
202602281348,   3.010,9999.000,9999.000,9999.000,9999.000,9999.000,9999.000,9999.000,9999.000
202602281354,   2.882,9999.000,9999.000,9999.000,9999.000,9999.000,9999.000,9999.000,9999.000
202602281400,   2.752,9999.000,   0.000,   0.368,   3.120,  -0.100,   3.020,   0.200,   3.320
202602281406,   2.622,9999.000,9999.000,9999.000,9999.000,9999.000,9999.000,9999.000,9999.000
202602281412,   2.491,9999.000,9999.000,9999.000,9999.000,9999.000,9999.000,9999.000,9999.000
202602281418,   2.359,9999.000,9999.000,9999.000,9999.000,9999.000,9999.000,9999.000,9999.000
202602281424,   2.228,9999.000,9999.000,9999.000,9999.000,9999.000,9999.000,9999.000,9999.000
202602281430,   2.098,9999.000,9999.000,9999.000,9999.000,9999.000,9999.000,9999.000,9999.000
202602281436,   1.969,9999.000,9999.000,9999.000,9999.000,9999.000,9999.000,9999.000,9999.000
202602281442,   1.841,9999.000,9999.000,9999.000,9999.000,9999.000,9999.000,9999.000,9999.000
202602281448,   1.715,9999.000,9999.000,9999.000,9999.000,9999.000,9999.000,9999.000,9999.000
202602281454,   1.591,9999.000,9999.000,9999.000,9999.000,9999.000,9999.000,9999.000,9999.000
202602281500,   1.470,9999.000,   0.000,   0.368,   1.838,  -0.100,   1.738,   0.200,   2.038
202602281506,   1.353,9999.000,9999.000,9999.000,9999.000,9999.000,9999.000,9999.000,9999.000
202602281512,   1.238,9999.000,9999.000,9999.000,9999.000,9999.000,9999.000,9999.000,9999.000
202602281518,   1.128,9999.000,9999.000,9999.000,9999.000,9999.000,9999.000,9999.000,9999.000
202602281524,   1.022,9999.000,9999.000,9999.000,9999.000,9999.000,9999.000,9999.000,9999.000
202602281530,   0.920,9999.000,9999.000,9999.000,9999.000,9999.000,9999.000,9999.000,9999.000
202602281536,   0.823,9999.000,9999.000,9999.000,9999.000,9999.000,9999.000,9999.000,9999.000
202602281542,   0.732,9999.000,9999.000,9999.000,9999.000,9999.000,9999.000,9999.000,9999.000
202602281548,   0.645,9999.000,9999.000,9999.000,9999.000,9999.000,9999.000,9999.000,9999.000
202602281554,   0.564,9999.000,9999.000,9999.000,9999.000,9999.000,9999.000,9999.000,9999.000
202602281600,   0.488,9999.000,   0.000,   0.368,   0.856,  -0.100,   0.756,   0.200,   1.056
202602281606,   0.418,9999.000,9999.000,9999.000,9999.000,9999.000,9999.000,9999.000,9999.000
202602281612,   0.353,9999.000,9999.000,9999.000,9999.000,9999.000,9999.000,9999.000,9999.000
202602281618,   0.294,9999.000,9999.000,9999.000,9999.000,9999.000,9999.000,9999.000,9999.000
202602281624,   0.241,9999.000,9999.000,9999.000,9999.000,9999.000,9999.000,9999.000,9999.000
202602281630,   0.193,9999.000,9999.000,9999.000,9999.000,9999.000,9999.000,9999.000,9999.000
202602281636,   0.150,9999.000,9999.000,9999.000,9999.000,9999.000,9999.000,9999.000,9999.000
202602281642,   0.113,9999.000,9999.000,9999.000,9999.000,9999.000,9999.000,9999.000,9999.000
202602281648,   0.081,9999.000,9999.000,9999.000,9999.000,9999.000,9999.000,9999.000,9999.000
202602281654,   0.055,9999.000,9999.000,9999.000,9999.000,9999.000,9999.000,9999.000,9999.000
202602281700,   0.034,9999.000,   0.000,   0.368,   0.402,  -0.100,   0.302,   0.200,   0.602
202602281706,   0.017,9999.000,9999.000,9999.000,9999.000,9999.000,9999.000,9999.000,9999.000
202602281712,   0.006,9999.000,9999.000,9999.000,9999.000,9999.000,9999.000,9999.000,9999.000
202602281718,   0.000,9999.000,9999.000,9999.000,9999.000,9999.000,9999.000,9999.000,9999.000
202602281724,  -0.002,9999.000,9999.000,9999.000,9999.000,9999.000,9999.000,9999.000,9999.000
202602281730,   0.000,9999.000,9999.000,9999.000,9999.000,9999.000,9999.000,9999.000,9999.000
202602281736,   0.008,9999.000,9999.000,9999.000,9999.000,9999.000,9999.000,9999.000,9999.000
202602281742,   0.021,9999.000,9999.000,9999.000,9999.000,9999.000,9999.000,9999.000,9999.000
202602281748,   0.038,9999.000,9999.000,9999.000,9999.000,9999.000,9999.000,9999.000,9999.000
202602281754,   0.059,9999.000,9999.000,9999.000,9999.000,9999.000,9999.000,9999.000,9999.000
202602281800,   0.086,9999.000,   0.000,   0.368,   0.454,  -0.100,   0.354,   0.200,   0.654
202602281806,   0.117,9999.000,9999.000,9999.000,9999.000,9999.000,9999.000,9999.000,9999.000
202602281812,   0.152,9999.000,9999.000,9999.000,9999.000,9999.000,9999.000,9999.000,9999.000
202602281818,   0.193,9999.000,9999.000,9999.000,9999.000,9999.000,9999.000,9999.000,9999.000
202602281824,   0.238,9999.000,9999.000,9999.000,9999.000,9999.000,9999.000,9999.000,9999.000
202602281830,   0.288,9999.000,9999.000,9999.000,9999.000,9999.000,9999.000,9999.000,9999.000
202602281836,   0.342,9999.000,9999.000,9999.000,9999.000,9999.000,9999.000,9999.000,9999.000
202602281842,   0.402,9999.000,9999.000,9999.000,9999.000,9999.000,9999.000,9999.000,9999.000
202602281848,   0.465,9999.000,9999.000,9999.000,9999.000,9999.000,9999.000,9999.000,9999.000
202602281854,   0.534,9999.000,9999.000,9999.000,9999.000,9999.000,9999.000,9999.000,9999.000
202602281900,   0.606,9999.000,   0.000,   0.368,   0.974,  -0.100,   0.874,   0.300,   1.274
202602281906,   0.683,9999.000,9999.000,9999.000,9999.000,9999.000,9999.000,9999.000,9999.000
202602281912,   0.765,9999.000,9999.000,9999.000,9999.000,9999.000,9999.000,9999.000,9999.000
202602281918,   0.850,9999.000,9999.000,9999.000,9999.000,9999.000,9999.000,9999.000,9999.000
202602281924,   0.939,9999.000,9999.000,9999.000,9999.000,9999.000,9999.000,9999.000,9999.000
202602281930,   1.032,9999.000,9999.000,9999.000,9999.000,9999.000,9999.000,9999.000,9999.000
202602281936,   1.128,9999.000,9999.000,9999.000,9999.000,9999.000,9999.000,9999.000,9999.000
202602281942,   1.227,9999.000,9999.000,9999.000,9999.000,9999.000,9999.000,9999.000,9999.000
202602281948,   1.329,9999.000,9999.000,9999.000,9999.000,9999.000,9999.000,9999.000,9999.000
202602281954,   1.433,9999.000,9999.000,9999.000,9999.000,9999.000,9999.000,9999.000,9999.000
202602282000,   1.540,9999.000,   0.000,   0.368,   1.908,  -0.100,   1.808,   0.300,   2.208
202602282006,   1.648,9999.000,9999.000,9999.000,9999.000,9999.000,9999.000,9999.000,9999.000
202602282012,   1.758,9999.000,9999.000,9999.000,9999.000,9999.000,9999.000,9999.000,9999.000
202602282018,   1.870,9999.000,9999.000,9999.000,9999.000,9999.000,9999.000,9999.000,9999.000
202602282024,   1.982,9999.000,9999.000,9999.000,9999.000,9999.000,9999.000,9999.000,9999.000
202602282030,   2.095,9999.000,9999.000,9999.000,9999.000,9999.000,9999.000,9999.000,9999.000
202602282036,   2.208,9999.000,9999.000,9999.000,9999.000,9999.000,9999.000,9999.000,9999.000
202602282042,   2.321,9999.000,9999.000,9999.000,9999.000,9999.000,9999.000,9999.000,9999.000
202602282048,   2.434,9999.000,9999.000,9999.000,9999.000,9999.000,9999.000,9999.000,9999.000
202602282054,   2.546,9999.000,9999.000,9999.000,9999.000,9999.000,9999.000,9999.000,9999.000
202602282100,   2.657,9999.000,   0.100,   0.368,   3.125,  -0.100,   2.925,   0.300,   3.325
202602282106,   2.766,9999.000,9999.000,9999.000,9999.000,9999.000,9999.000,9999.000,9999.000
202602282112,   2.874,9999.000,9999.000,9999.000,9999.000,9999.000,9999.000,9999.000,9999.000
202602282118,   2.980,9999.000,9999.000,9999.000,9999.000,9999.000,9999.000,9999.000,9999.000
202602282124,   3.084,9999.000,9999.000,9999.000,9999.000,9999.000,9999.000,9999.000,9999.000
202602282130,   3.185,9999.000,9999.000,9999.000,9999.000,9999.000,9999.000,9999.000,9999.000
202602282136,   3.283,9999.000,9999.000,9999.000,9999.000,9999.000,9999.000,9999.000,9999.000
202602282142,   3.378,9999.000,9999.000,9999.000,9999.000,9999.000,9999.000,9999.000,9999.000
202602282148,   3.469,9999.000,9999.000,9999.000,9999.000,9999.000,9999.000,9999.000,9999.000
202602282154,   3.557,9999.000,9999.000,9999.000,9999.000,9999.000,9999.000,9999.000,9999.000
202602282200,   3.641,9999.000,   0.100,   0.368,   4.109,  -0.100,   3.909,   0.300,   4.309
202602282206,   3.720,9999.000,9999.000,9999.000,9999.000,9999.000,9999.000,9999.000,9999.000
202602282212,   3.795,9999.000,9999.000,9999.000,9999.000,9999.000,9999.000,9999.000,9999.000
202602282218,   3.865,9999.000,9999.000,9999.000,9999.000,9999.000,9999.000,9999.000,9999.000
202602282224,   3.930,9999.000,9999.000,9999.000,9999.000,9999.000,9999.000,9999.000,9999.000
202602282230,   3.989,9999.000,9999.000,9999.000,9999.000,9999.000,9999.000,9999.000,9999.000
202602282236,   4.043,9999.000,9999.000,9999.000,9999.000,9999.000,9999.000,9999.000,9999.000
202602282242,   4.092,9999.000,9999.000,9999.000,9999.000,9999.000,9999.000,9999.000,9999.000
202602282248,   4.134,9999.000,9999.000,9999.000,9999.000,9999.000,9999.000,9999.000,9999.000
202602282254,   4.171,9999.000,9999.000,9999.000,9999.000,9999.000,9999.000,9999.000,9999.000
202602282300,   4.201,9999.000,   0.100,   0.368,   4.669,  -0.100,   4.469,   0.300,   4.869
202602282306,   4.225,9999.000,9999.000,9999.000,9999.000,9999.000,9999.000,9999.000,9999.000
202602282312,   4.242,9999.000,9999.000,9999.000,9999.000,9999.000,9999.000,9999.000,9999.000
202602282318,   4.253,9999.000,9999.000,9999.000,9999.000,9999.000,9999.000,9999.000,9999.000
202602282324,   4.258,9999.000,9999.000,9999.000,9999.000,9999.000,9999.000,9999.000,9999.000
202602282330,   4.256,9999.000,9999.000,9999.000,9999.000,9999.000,9999.000,9999.000,9999.000
202602282336,   4.247,9999.000,9999.000,9999.000,9999.000,9999.000,9999.000,9999.000,9999.000
202602282342,   4.233,9999.000,9999.000,9999.000,9999.000,9999.000,9999.000,9999.000,9999.000
202602282348,   4.212,9999.000,9999.000,9999.000,9999.000,9999.000,9999.000,9999.000,9999.000
202602282354,   4.185,9999.000,9999.000,9999.000,9999.000,9999.000,9999.000,9999.000,9999.000
202603010000,   4.152,9999.000,   0.100,   0.368,   4.620,  -0.100,   4.420,   0.300,   4.820
202603010006,   4.113,9999.000,9999.000,9999.000,9999.000,9999.000,9999.000,9999.000,9999.000
202603010012,   4.068,9999.000,9999.000,9999.000,9999.000,9999.000,9999.000,9999.000,9999.000
202603010018,   4.018,9999.000,9999.000,9999.000,9999.000,9999.000,9999.000,9999.000,9999.000
202603010024,   3.962,9999.000,9999.000,9999.000,9999.000,9999.000,9999.000,9999.000,9999.000
202603010030,   3.901,9999.000,9999.000,9999.000,9999.000,9999.000,9999.000,9999.000,9999.000
202603010036,   3.835,9999.000,9999.000,9999.000,9999.000,9999.000,9999.000,9999.000,9999.000
202603010042,   3.764,9999.000,9999.000,9999.000,9999.000,9999.000,9999.000,9999.000,9999.000
202603010048,   3.689,9999.000,9999.000,9999.000,9999.000,9999.000,9999.000,9999.000,9999.000
202603010054,   3.609,9999.000,9999.000,9999.000,9999.000,9999.000,9999.000,9999.000,9999.000
202603010100,   3.525,9999.000,   0.000,   0.368,   3.893,  -0.100,   3.793,   0.200,   4.093
202603010106,   3.437,9999.000,9999.000,9999.000,9999.000,9999.000,9999.000,9999.000,9999.000
202603010112,   3.345,9999.000,9999.000,9999.000,9999.000,9999.000,9999.000,9999.000,9999.000
202603010118,   3.249,9999.000,9999.000,9999.000,9999.000,9999.000,9999.000,9999.000,9999.000
202603010124,   3.150,9999.000,9999.000,9999.000,9999.000,9999.000,9999.000,9999.000,9999.000
202603010130,   3.047,9999.000,9999.000,9999.000,9999.000,9999.000,9999.000,9999.000,9999.000
202603010136,   2.942,9999.000,9999.000,9999.000,9999.000,9999.000,9999.000,9999.000,9999.000
202603010142,   2.833,9999.000,9999.000,9999.000,9999.000,9999.000,9999.000,9999.000,9999.000
202603010148,   2.722,9999.000,9999.000,9999.000,9999.000,9999.000,9999.000,9999.000,9999.000
202603010154,   2.608,9999.000,9999.000,9999.000,9999.000,9999.000,9999.000,9999.000,9999.000
202603010200,   2.492,9999.000,   0.000,   0.368,   2.860,  -0.200,   2.660,   0.200,   3.060
202603010206,   2.374,9999.000,9999.000,9999.000,9999.000,9999.000,9999.000,9999.000,9999.000
202603010212,   2.254,9999.000,9999.000,9999.000,9999.000,9999.000,9999.000,9999.000,9999.000
202603010218,   2.133,9999.000,9999.000,9999.000,9999.000,9999.000,9999.000,9999.000,9999.000
202603010224,   2.011,9999.000,9999.000,9999.000,9999.000,9999.000,9999.000,9999.000,9999.000
202603010230,   1.888,9999.000,9999.000,9999.000,9999.000,9999.000,9999.000,9999.000,9999.000
202603010236,   1.765,9999.000,9999.000,9999.000,9999.000,9999.000,9999.000,9999.000,9999.000
202603010242,   1.642,9999.000,9999.000,9999.000,9999.000,9999.000,9999.000,9999.000,9999.000
202603010248,   1.519,9999.000,9999.000,9999.000,9999.000,9999.000,9999.000,9999.000,9999.000
202603010254,   1.398,9999.000,9999.000,9999.000,9999.000,9999.000,9999.000,9999.000,9999.000
202603010300,   1.278,9999.000,   0.000,   0.368,   1.646,  -0.300,   1.346,   0.100,   1.746
202603010306,   1.160,9999.000,9999.000,9999.000,9999.000,9999.000,9999.000,9999.000,9999.000
202603010312,   1.044,9999.000,9999.000,9999.000,9999.000,9999.000,9999.000,9999.000,9999.000
202603010318,   0.931,9999.000,9999.000,9999.000,9999.000,9999.000,9999.000,9999.000,9999.000
202603010324,   0.822,9999.000,9999.000,9999.000,9999.000,9999.000,9999.000,9999.000,9999.000
202603010330,   0.716,9999.000,9999.000,9999.000,9999.000,9999.000,9999.000,9999.000,9999.000
202603010336,   0.614,9999.000,9999.000,9999.000,9999.000,9999.000,9999.000,9999.000,9999.000
202603010342,   0.517,9999.000,9999.000,9999.000,9999.000,9999.000,9999.000,9999.000,9999.000
202603010348,   0.424,9999.000,9999.000,9999.000,9999.000,9999.000,9999.000,9999.000,9999.000
202603010354,   0.337,9999.000,9999.000,9999.000,9999.000,9999.000,9999.000,9999.000,9999.000
202603010400,   0.256,9999.000,   0.000,   0.368,   0.624,  -0.300,   0.324,   0.100,   0.724
202603010406,   0.180,9999.000,9999.000,9999.000,9999.000,9999.000,9999.000,9999.000,9999.000
202603010412,   0.110,9999.000,9999.000,9999.000,9999.000,9999.000,9999.000,9999.000,9999.000
202603010418,   0.046,9999.000,9999.000,9999.000,9999.000,9999.000,9999.000,9999.000,9999.000
202603010424,  -0.010,9999.000,9999.000,9999.000,9999.000,9999.000,9999.000,9999.000,9999.000
202603010430,  -0.061,9999.000,9999.000,9999.000,9999.000,9999.000,9999.000,9999.000,9999.000
202603010436,  -0.106,9999.000,9999.000,9999.000,9999.000,9999.000,9999.000,9999.000,9999.000
202603010442,  -0.144,9999.000,9999.000,9999.000,9999.000,9999.000,9999.000,9999.000,9999.000
202603010448,  -0.176,9999.000,9999.000,9999.000,9999.000,9999.000,9999.000,9999.000,9999.000
202603010454,  -0.201,9999.000,9999.000,9999.000,9999.000,9999.000,9999.000,9999.000,9999.000
202603010500,  -0.220,9999.000,   0.000,   0.368,   0.148,  -0.300,  -0.152,   0.100,   0.248
202603010506,  -0.233,9999.000,9999.000,9999.000,9999.000,9999.000,9999.000,9999.000,9999.000
202603010512,  -0.240,9999.000,9999.000,9999.000,9999.000,9999.000,9999.000,9999.000,9999.000
202603010518,  -0.241,9999.000,9999.000,9999.000,9999.000,9999.000,9999.000,9999.000,9999.000
202603010524,  -0.235,9999.000,9999.000,9999.000,9999.000,9999.000,9999.000,9999.000,9999.000
202603010530,  -0.225,9999.000,9999.000,9999.000,9999.000,9999.000,9999.000,9999.000,9999.000
202603010536,  -0.208,9999.000,9999.000,9999.000,9999.000,9999.000,9999.000,9999.000,9999.000
202603010542,  -0.186,9999.000,9999.000,9999.000,9999.000,9999.000,9999.000,9999.000,9999.000
202603010548,  -0.159,9999.000,9999.000,9999.000,9999.000,9999.000,9999.000,9999.000,9999.000
202603010554,  -0.126,9999.000,9999.000,9999.000,9999.000,9999.000,9999.000,9999.000,9999.000
202603010600,  -0.088,9999.000,   0.000,   0.368,   0.280,  -0.200,   0.080,   0.100,   0.380
202603010606,  -0.045,9999.000,9999.000,9999.000,9999.000,9999.000,9999.000,9999.000,9999.000
202603010612,   0.003,9999.000,9999.000,9999.000,9999.000,9999.000,9999.000,9999.000,9999.000
202603010618,   0.056,9999.000,9999.000,9999.000,9999.000,9999.000,9999.000,9999.000,9999.000
202603010624,   0.114,9999.000,9999.000,9999.000,9999.000,9999.000,9999.000,9999.000,9999.000
202603010630,   0.177,9999.000,9999.000,9999.000,9999.000,9999.000,9999.000,9999.000,9999.000
202603010636,   0.246,9999.000,9999.000,9999.000,9999.000,9999.000,9999.000,9999.000,9999.000
202603010642,   0.319,9999.000,9999.000,9999.000,9999.000,9999.000,9999.000,9999.000,9999.000
202603010648,   0.397,9999.000,9999.000,9999.000,9999.000,9999.000,9999.000,9999.000,9999.000
202603010654,   0.479,9999.000,9999.000,9999.000,9999.000,9999.000,9999.000,9999.000,9999.000
202603010700,   0.567,9999.000,   0.000,   0.368,   0.935,  -0.200,   0.735,   0.100,   1.035
202603010706,   0.659,9999.000,9999.000,9999.000,9999.000,9999.000,9999.000,9999.000,9999.000
202603010712,   0.755,9999.000,9999.000,9999.000,9999.000,9999.000,9999.000,9999.000,9999.000
202603010718,   0.856,9999.000,9999.000,9999.000,9999.000,9999.000,9999.000,9999.000,9999.000
202603010724,   0.962,9999.000,9999.000,9999.000,9999.000,9999.000,9999.000,9999.000,9999.000
202603010730,   1.071,9999.000,9999.000,9999.000,9999.000,9999.000,9999.000,9999.000,9999.000
202603010736,   1.184,9999.000,9999.000,9999.000,9999.000,9999.000,9999.000,9999.000,9999.000
202603010742,   1.301,9999.000,9999.000,9999.000,9999.000,9999.000,9999.000,9999.000,9999.000
202603010748,   1.422,9999.000,9999.000,9999.000,9999.000,9999.000,9999.000,9999.000,9999.000
202603010754,   1.545,9999.000,9999.000,9999.000,9999.000,9999.000,9999.000,9999.000,9999.000
202603010800,   1.672,9999.000,   0.000,   0.368,   2.040,  -0.200,   1.840,   0.100,   2.140
202603010806,   1.801,9999.000,9999.000,9999.000,9999.000,9999.000,9999.000,9999.000,9999.000
202603010812,   1.933,9999.000,9999.000,9999.000,9999.000,9999.000,9999.000,9999.000,9999.000
202603010818,   2.066,9999.000,9999.000,9999.000,9999.000,9999.000,9999.000,9999.000,9999.000
202603010824,   2.201,9999.000,9999.000,9999.000,9999.000,9999.000,9999.000,9999.000,9999.000
202603010830,   2.338,9999.000,9999.000,9999.000,9999.000,9999.000,9999.000,9999.000,9999.000
202603010836,   2.475,9999.000,9999.000,9999.000,9999.000,9999.000,9999.000,9999.000,9999.000
202603010842,   2.613,9999.000,9999.000,9999.000,9999.000,9999.000,9999.000,9999.000,9999.000
202603010848,   2.751,9999.000,9999.000,9999.000,9999.000,9999.000,9999.000,9999.000,9999.000
202603010854,   2.889,9999.000,9999.000,9999.000,9999.000,9999.000,9999.000,9999.000,9999.000
202603010900,   3.026,9999.000,   0.000,   0.368,   3.394,  -0.200,   3.194,   0.100,   3.494
202603010906,   3.162,9999.000,9999.000,9999.000,9999.000,9999.000,9999.000,9999.000,9999.000
202603010912,   3.298,9999.000,9999.000,9999.000,9999.000,9999.000,9999.000,9999.000,9999.000
202603010918,   3.431,9999.000,9999.000,9999.000,9999.000,9999.000,9999.000,9999.000,9999.000
202603010924,   3.563,9999.000,9999.000,9999.000,9999.000,9999.000,9999.000,9999.000,9999.000
202603010930,   3.692,9999.000,9999.000,9999.000,9999.000,9999.000,9999.000,9999.000,9999.000
202603010936,   3.819,9999.000,9999.000,9999.000,9999.000,9999.000,9999.000,9999.000,9999.000
202603010942,   3.943,9999.000,9999.000,9999.000,9999.000,9999.000,9999.000,9999.000,9999.000
202603010948,   4.064,9999.000,9999.000,9999.000,9999.000,9999.000,9999.000,9999.000,9999.000
202603010954,   4.182,9999.000,9999.000,9999.000,9999.000,9999.000,9999.000,9999.000,9999.000
202603011000,   4.295,9999.000,   0.000,   0.368,   4.663,  -0.200,   4.463,   0.100,   4.763
202603011006,   4.405,9999.000,9999.000,9999.000,9999.000,9999.000,9999.000,9999.000,9999.000
202603011012,   4.510,9999.000,9999.000,9999.000,9999.000,9999.000,9999.000,9999.000,9999.000
202603011018,   4.610,9999.000,9999.000,9999.000,9999.000,9999.000,9999.000,9999.000,9999.000
202603011024,   4.706,9999.000,9999.000,9999.000,9999.000,9999.000,9999.000,9999.000,9999.000
202603011030,   4.796,9999.000,9999.000,9999.000,9999.000,9999.000,9999.000,9999.000,9999.000
202603011036,   4.881,9999.000,9999.000,9999.000,9999.000,9999.000,9999.000,9999.000,9999.000
202603011042,   4.960,9999.000,9999.000,9999.000,9999.000,9999.000,9999.000,9999.000,9999.000
202603011048,   5.033,9999.000,9999.000,9999.000,9999.000,9999.000,9999.000,9999.000,9999.000
202603011054,   5.100,9999.000,9999.000,9999.000,9999.000,9999.000,9999.000,9999.000,9999.000
202603011100,   5.161,9999.000,   0.000,   0.368,   5.529,  -0.200,   5.329,   0.100,   5.629
202603011106,   5.215,9999.000,9999.000,9999.000,9999.000,9999.000,9999.000,9999.000,9999.000
202603011112,   5.262,9999.000,9999.000,9999.000,9999.000,9999.000,9999.000,9999.000,9999.000
202603011118,   5.302,9999.000,9999.000,9999.000,9999.000,9999.000,9999.000,9999.000,9999.000
202603011124,   5.336,9999.000,9999.000,9999.000,9999.000,9999.000,9999.000,9999.000,9999.000
202603011130,   5.362,9999.000,9999.000,9999.000,9999.000,9999.000,9999.000,9999.000,9999.000
202603011136,   5.381,9999.000,9999.000,9999.000,9999.000,9999.000,9999.000,9999.000,9999.000
202603011142,   5.393,9999.000,9999.000,9999.000,9999.000,9999.000,9999.000,9999.000,9999.000
202603011148,   5.398,9999.000,9999.000,9999.000,9999.000,9999.000,9999.000,9999.000,9999.000
202603011154,   5.395,9999.000,9999.000,9999.000,9999.000,9999.000,9999.000,9999.000,9999.000
202603011200,   5.386,9999.000,   0.000,   0.368,   5.754,  -0.200,   5.554,   0.100,   5.854
