        TIME,    TIDE,      OB,   SURGE,    BIAS,     TWL,SURGE90p,  TWL90p,SURGE10p,   TWL10p
202607201200,   0.464,9999.000,   0.300,9999.000,   0.764,   0.300,   0.764,   0.400,   0.864
202607201206,   0.506,9999.000,9999.000,9999.000,9999.000,9999.000,9999.000,9999.000,9999.000
202607201212,   0.554,9999.000,9999.000,9999.000,9999.000,9999.000,9999.000,9999.000,9999.000
202607201218,   0.607,9999.000,9999.000,9999.000,9999.000,9999.000,9999.000,9999.000,9999.000
202607201224,   0.664,9999.000,9999.000,9999.000,9999.000,9999.000,9999.000,9999.000,9999.000
202607201230,   0.726,9999.000,9999.000,9999.000,9999.000,9999.000,9999.000,9999.000,9999.000
202607201236,   0.792,9999.000,9999.000,9999.000,9999.000,9999.000,9999.000,9999.000,9999.000
202607201242,   0.861,9999.000,9999.000,9999.000,9999.000,9999.000,9999.000,9999.000,9999.000
202607201248,   0.934,9999.000,9999.000,9999.000,9999.000,9999.000,9999.000,9999.000,9999.000
202607201254,   1.011,9999.000,9999.000,9999.000,9999.000,9999.000,9999.000,9999.000,9999.000
202607201300,   1.090,   1.571,   0.300,   0.181,   1.571,   0.300,   1.571,   0.400,   1.671
202607201306,   1.172,   1.639,9999.000,9999.000,9999.000,9999.000,9999.000,9999.000,9999.000
202607201312,   1.256,   1.639,9999.000,9999.000,9999.000,9999.000,9999.000,9999.000,9999.000
202607201318,   1.342,   1.738,9999.000,9999.000,9999.000,9999.000,9999.000,9999.000,9999.000
202607201324,   1.429,   1.830,9999.000,9999.000,9999.000,9999.000,9999.000,9999.000,9999.000
202607201330,   1.518,   1.908,9999.000,9999.000,9999.000,9999.000,9999.000,9999.000,9999.000
202607201336,   1.608,   2.000,9999.000,9999.000,9999.000,9999.000,9999.000,9999.000,9999.000
202607201342,   1.698,   2.089,9999.000,9999.000,9999.000,9999.000,9999.000,9999.000,9999.000
202607201348,   1.789,   2.191,9999.000,9999.000,9999.000,9999.000,9999.000,9999.000,9999.000
202607201354,   1.880,   2.410,9999.000,9999.000,9999.000,9999.000,9999.000,9999.000,9999.000
202607201400,   1.972,   2.509,   0.300,   0.237,   2.509,   0.300,   2.509,   0.400,   2.609
202607201406,   2.063,   2.587,9999.000,9999.000,9999.000,9999.000,9999.000,9999.000,9999.000
202607201412,   2.153,   2.587,9999.000,9999.000,9999.000,9999.000,9999.000,9999.000,9999.000
202607201418,   2.243,   2.660,9999.000,9999.000,9999.000,9999.000,9999.000,9999.000,9999.000
202607201424,   2.332,   2.738,9999.000,9999.000,9999.000,9999.000,9999.000,9999.000,9999.000
202607201430,   2.419,   2.820,9999.000,9999.000,9999.000,9999.000,9999.000,9999.000,9999.000
202607201436,   2.506,   2.889,9999.000,9999.000,9999.000,9999.000,9999.000,9999.000,9999.000
202607201442,   2.592,   2.948,9999.000,9999.000,9999.000,9999.000,9999.000,9999.000,9999.000
202607201448,   2.676,   3.007,9999.000,9999.000,9999.000,9999.000,9999.000,9999.000,9999.000
202607201454,   2.758,   3.089,9999.000,9999.000,9999.000,9999.000,9999.000,9999.000,9999.000
202607201500,   2.839,   3.250,   0.300,   0.111,   3.250,   0.300,   3.250,   0.400,   3.350
202607201506,   2.918,   3.309,9999.000,9999.000,9999.000,9999.000,9999.000,9999.000,9999.000
202607201512,   2.995,   3.309,9999.000,9999.000,9999.000,9999.000,9999.000,9999.000,9999.000
202607201518,   3.070,   3.417,9999.000,9999.000,9999.000,9999.000,9999.000,9999.000,9999.000
202607201524,   3.143,   3.509,9999.000,9999.000,9999.000,9999.000,9999.000,9999.000,9999.000
202607201530,   3.214,   3.598,9999.000,9999.000,9999.000,9999.000,9999.000,9999.000,9999.000
202607201536,   3.282,   3.680,9999.000,9999.000,9999.000,9999.000,9999.000,9999.000,9999.000
202607201542,   3.349,   3.729,9999.000,9999.000,9999.000,9999.000,9999.000,9999.000,9999.000
202607201548,   3.413,   3.817,9999.000,9999.000,9999.000,9999.000,9999.000,9999.000,9999.000
202607201554,   3.475,   3.880,9999.000,9999.000,9999.000,9999.000,9999.000,9999.000,9999.000
202607201600,   3.534,   3.998,   0.300,   0.164,   3.998,   0.300,   3.998,   0.400,   4.098
202607201606,   3.591,   4.047,9999.000,9999.000,9999.000,9999.000,9999.000,9999.000,9999.000
202607201612,   3.645,   4.047,9999.000,9999.000,9999.000,9999.000,9999.000,9999.000,9999.000
202607201618,   3.696,   4.099,9999.000,9999.000,9999.000,9999.000,9999.000,9999.000,9999.000
202607201624,   3.745,   4.129,9999.000,9999.000,9999.000,9999.000,9999.000,9999.000,9999.000
202607201630,   3.791,   4.188,9999.000,9999.000,9999.000,9999.000,9999.000,9999.000,9999.000
202607201636,   3.834,   4.280,9999.000,9999.000,9999.000,9999.000,9999.000,9999.000,9999.000
202607201642,   3.874,   4.349,9999.000,9999.000,9999.000,9999.000,9999.000,9999.000,9999.000
202607201648,   3.911,   4.408,9999.000,9999.000,9999.000,9999.000,9999.000,9999.000,9999.000
202607201654,   3.944,   4.509,9999.000,9999.000,9999.000,9999.000,9999.000,9999.000,9999.000
202607201700,   3.975,   4.529,   0.300,   0.254,   4.529,   0.300,   4.529,   0.400,   4.629
202607201706,   4.002,   4.539,9999.000,9999.000,9999.000,9999.000,9999.000,9999.000,9999.000
202607201712,   4.026,   4.539,9999.000,9999.000,9999.000,9999.000,9999.000,9999.000,9999.000
202607201718,   4.047,   4.559,9999.000,9999.000,9999.000,9999.000,9999.000,9999.000,9999.000
202607201724,   4.064,   4.588,9999.000,9999.000,9999.000,9999.000,9999.000,9999.000,9999.000
202607201730,   4.077,   4.598,9999.000,9999.000,9999.000,9999.000,9999.000,9999.000,9999.000
202607201736,   4.087,   4.608,9999.000,9999.000,9999.000,9999.000,9999.000,9999.000,9999.000
202607201742,   4.094,   4.608,9999.000,9999.000,9999.000,9999.000,9999.000,9999.000,9999.000
202607201748,   4.096,   4.608,9999.000,9999.000,9999.000,9999.000,9999.000,9999.000,9999.000
202607201754,   4.095,   4.628,9999.000,9999.000,9999.000,9999.000,9999.000,9999.000,9999.000
202607201800,   4.090,   4.618,   0.400,   0.128,   4.618,   0.400,   4.618,   0.500,   4.718
202607201806,   4.081,   4.618,9999.000,9999.000,9999.000,9999.000,9999.000,9999.000,9999.000
202607201812,   4.069,   4.618,9999.000,9999.000,9999.000,9999.000,9999.000,9999.000,9999.000
202607201818,   4.053,   4.588,9999.000,9999.000,9999.000,9999.000,9999.000,9999.000,9999.000
202607201824,   4.033,   4.598,9999.000,9999.000,9999.000,9999.000,9999.000,9999.000,9999.000
202607201830,   4.009,   4.539,9999.000,9999.000,9999.000,9999.000,9999.000,9999.000,9999.000
202607201836,   3.982,   4.539,9999.000,9999.000,9999.000,9999.000,9999.000,9999.000,9999.000
202607201842,   3.951,   4.500,9999.000,9999.000,9999.000,9999.000,9999.000,9999.000,9999.000
202607201848,   3.916,   4.378,9999.000,9999.000,9999.000,9999.000,9999.000,9999.000,9999.000
202607201854,   3.878,   4.378,9999.000,9999.000,9999.000,9999.000,9999.000,9999.000,9999.000
202607201900,   3.836,   4.267,   0.400,   0.031,   4.267,   0.400,   4.267,   0.500,   4.367
202607201906,   3.790,   4.188,9999.000,9999.000,9999.000,9999.000,9999.000,9999.000,9999.000
202607201912,   3.742,   4.149,9999.000,9999.000,9999.000,9999.000,9999.000,9999.000,9999.000
202607201918,   3.690,   4.149,9999.000,9999.000,9999.000,9999.000,9999.000,9999.000,9999.000
202607201924,   3.635,   3.968,9999.000,9999.000,9999.000,9999.000,9999.000,9999.000,9999.000
202607201930,   3.577,   3.968,9999.000,9999.000,9999.000,9999.000,9999.000,9999.000,9999.000
202607201936,   3.516,   3.880,9999.000,9999.000,9999.000,9999.000,9999.000,9999.000,9999.000
202607201942,   3.452,   3.788,9999.000,9999.000,9999.000,9999.000,9999.000,9999.000,9999.000
202607201948,   3.386,   3.739,9999.000,9999.000,9999.000,9999.000,9999.000,9999.000,9999.000
202607201954,   3.317,   3.660,9999.000,9999.000,9999.000,9999.000,9999.000,9999.000,9999.000
202607202000,   3.247,   3.519,   0.400,  -0.128,   3.519,   0.400,   3.519,   0.500,   3.619
202607202006,   3.174,   3.450,9999.000,9999.000,9999.000,9999.000,9999.000,9999.000,9999.000
202607202012,   3.099,   3.450,9999.000,9999.000,9999.000,9999.000,9999.000,9999.000,9999.000
202607202018,   3.023,   3.378,9999.000,9999.000,9999.000,9999.000,9999.000,9999.000,9999.000
202607202024,   2.945,   3.329,9999.000,9999.000,9999.000,9999.000,9999.000,9999.000,9999.000
202607202030,   2.866,   3.230,9999.000,9999.000,9999.000,9999.000,9999.000,9999.000,9999.000
202607202036,   2.786,   3.060,9999.000,9999.000,9999.000,9999.000,9999.000,9999.000,9999.000
202607202042,   2.704,   3.060,9999.000,9999.000,9999.000,9999.000,9999.000,9999.000,9999.000
202607202048,   2.622,   2.850,9999.000,9999.000,9999.000,9999.000,9999.000,9999.000,9999.000
202607202054,   2.540,   2.850,9999.000,9999.000,9999.000,9999.000,9999.000,9999.000,9999.000
202607202100,   2.457,   2.689,   0.400,  -0.168,   2.689,   0.400,   2.689,   0.500,   2.789
202607202106,   2.374,   2.620,9999.000,9999.000,9999.000,9999.000,9999.000,9999.000,9999.000
202607202112,   2.291,   2.528,9999.000,9999.000,9999.000,9999.000,9999.000,9999.000,9999.000
202607202118,   2.208,   2.469,9999.000,9999.000,9999.000,9999.000,9999.000,9999.000,9999.000
202607202124,   2.126,   2.420,9999.000,9999.000,9999.000,9999.000,9999.000,9999.000,9999.000
202607202130,   2.044,   2.420,9999.000,9999.000,9999.000,9999.000,9999.000,9999.000,9999.000
202607202136,   1.963,   2.338,9999.000,9999.000,9999.000,9999.000,9999.000,9999.000,9999.000
202607202142,   1.883,   2.269,9999.000,9999.000,9999.000,9999.000,9999.000,9999.000,9999.000
202607202148,   1.804,   2.210,9999.000,9999.000,9999.000,9999.000,9999.000,9999.000,9999.000
202607202154,   1.727,   2.069,9999.000,9999.000,9999.000,9999.000,9999.000,9999.000,9999.000
202607202200,   1.652,   2.000,   0.400,  -0.052,   2.000,   0.400,   2.000,   0.500,   2.100
202607202206,   1.578,   1.908,9999.000,9999.000,9999.000,9999.000,9999.000,9999.000,9999.000
202607202212,   1.507,   1.908,9999.000,9999.000,9999.000,9999.000,9999.000,9999.000,9999.000
202607202218,   1.438,   1.859,9999.000,9999.000,9999.000,9999.000,9999.000,9999.000,9999.000
202607202224,   1.373,   1.800,9999.000,9999.000,9999.000,9999.000,9999.000,9999.000,9999.000
202607202230,   1.310,   1.748,9999.000,9999.000,9999.000,9999.000,9999.000,9999.000,9999.000
202607202236,   1.250,   1.689,9999.000,9999.000,9999.000,9999.000,9999.000,9999.000,9999.000
202607202242,   1.194,   1.659,9999.000,9999.000,9999.000,9999.000,9999.000,9999.000,9999.000
202607202248,   1.142,   1.620,9999.000,9999.000,9999.000,9999.000,9999.000,9999.000,9999.000
202607202254,   1.094,   1.590,9999.000,9999.000,9999.000,9999.000,9999.000,9999.000,9999.000
202607202300,   1.051,   1.498,   0.400,   0.047,   1.498,   0.400,   1.498,   0.500,   1.598
202607202306,   1.011,   1.489,9999.000,9999.000,9999.000,9999.000,9999.000,9999.000,9999.000
202607202312,   0.977,   1.489,9999.000,9999.000,9999.000,9999.000,9999.000,9999.000,9999.000
202607202318,   0.947,   1.469,9999.000,9999.000,9999.000,9999.000,9999.000,9999.000,9999.000
202607202324,   0.923,   1.449,9999.000,9999.000,9999.000,9999.000,9999.000,9999.000,9999.000
202607202330,   0.903,   1.439,9999.000,9999.000,9999.000,9999.000,9999.000,9999.000,9999.000
202607202336,   0.889,   1.410,9999.000,9999.000,9999.000,9999.000,9999.000,9999.000,9999.000
202607202342,   0.881,   1.420,9999.000,9999.000,9999.000,9999.000,9999.000,9999.000,9999.000
202607202348,   0.877,   1.449,9999.000,9999.000,9999.000,9999.000,9999.000,9999.000,9999.000
202607202354,   0.879,   1.420,9999.000,9999.000,9999.000,9999.000,9999.000,9999.000,9999.000
202607210000,   0.886,   1.400,   0.400,   0.114,   1.400,   0.400,   1.400,   0.500,   1.500
202607210006,   0.898,   1.410,9999.000,9999.000,9999.000,9999.000,9999.000,9999.000,9999.000
202607210012,   0.916,   1.410,9999.000,9999.000,9999.000,9999.000,9999.000,9999.000,9999.000
202607210018,   0.938,   1.430,9999.000,9999.000,9999.000,9999.000,9999.000,9999.000,9999.000
202607210024,   0.965,   1.430,9999.000,9999.000,9999.000,9999.000,9999.000,9999.000,9999.000
202607210030,   0.997,   1.469,9999.000,9999.000,9999.000,9999.000,9999.000,9999.000,9999.000
202607210036,   1.034,   1.479,9999.000,9999.000,9999.000,9999.000,9999.000,9999.000,9999.000
202607210042,   1.074,   1.479,9999.000,9999.000,9999.000,9999.000,9999.000,9999.000,9999.000
202607210048,   1.118,   1.508,9999.000,9999.000,9999.000,9999.000,9999.000,9999.000,9999.000
202607210054,   1.166,   1.630,9999.000,9999.000,9999.000,9999.000,9999.000,9999.000,9999.000
202607210100,   1.218,   1.669,   0.400,   0.051,   1.669,   0.400,   1.669,   0.500,   1.769
202607210106,   1.273,   1.718,9999.000,9999.000,9999.000,9999.000,9999.000,9999.000,9999.000
202607210112,   1.330,   1.718,9999.000,9999.000,9999.000,9999.000,9999.000,9999.000,9999.000
202607210118,   1.390,   1.781,9999.000,9999.000,9999.000,9999.000,9999.000,9999.000,9999.000
202607210124,   1.453,   1.800,9999.000,9999.000,9999.000,9999.000,9999.000,9999.000,9999.000
202607210130,   1.517,   1.810,9999.000,9999.000,9999.000,9999.000,9999.000,9999.000,9999.000
202607210136,   1.583,   1.908,9999.000,9999.000,9999.000,9999.000,9999.000,9999.000,9999.000
202607210142,   1.650,   2.000,9999.000,9999.000,9999.000,9999.000,9999.000,9999.000,9999.000
202607210148,   1.719,   2.040,9999.000,9999.000,9999.000,9999.000,9999.000,9999.000,9999.000
202607210154,   1.789,   2.158,9999.000,9999.000,9999.000,9999.000,9999.000,9999.000,9999.000
202607210200,   1.859,   2.309,   0.400,   0.050,   2.309,   0.400,   2.309,   0.500,   2.409
202607210206,   1.929,   2.299,9999.000,9999.000,9999.000,9999.000,9999.000,9999.000,9999.000
202607210212,   2.000,   2.299,9999.000,9999.000,9999.000,9999.000,9999.000,9999.000,9999.000
202607210218,   2.071,   2.368,9999.000,9999.000,9999.000,9999.000,9999.000,9999.000,9999.000
202607210224,   2.142,   2.450,9999.000,9999.000,9999.000,9999.000,9999.000,9999.000,9999.000
202607210230,   2.212,   2.499,9999.000,9999.000,9999.000,9999.000,9999.000,9999.000,9999.000
202607210236,   2.281,   2.538,9999.000,9999.000,9999.000,9999.000,9999.000,9999.000,9999.000
202607210242,   2.350,   2.630,9999.000,9999.000,9999.000,9999.000,9999.000,9999.000,9999.000
202607210248,   2.418,   2.738,9999.000,9999.000,9999.000,9999.000,9999.000,9999.000,9999.000
202607210254,   2.485,   2.820,9999.000,9999.000,9999.000,9999.000,9999.000,9999.000,9999.000
202607210300,   2.551,   2.958,   0.500,  -0.093,   2.958,   0.400,   2.858,   0.500,   2.958
202607210306,   2.616,   3.007,9999.000,9999.000,9999.000,9999.000,9999.000,9999.000,9999.000
202607210312,   2.679,   3.017,9999.000,9999.000,9999.000,9999.000,9999.000,9999.000,9999.000
202607210318,   2.741,   3.050,9999.000,9999.000,9999.000,9999.000,9999.000,9999.000,9999.000
202607210324,   2.801,   3.148,9999.000,9999.000,9999.000,9999.000,9999.000,9999.000,9999.000
202607210330,   2.860,   3.260,9999.000,9999.000,9999.000,9999.000,9999.000,9999.000,9999.000
202607210336,   2.917,   3.299,9999.000,9999.000,9999.000,9999.000,9999.000,9999.000,9999.000
202607210342,   2.972,   3.358,9999.000,9999.000,9999.000,9999.000,9999.000,9999.000,9999.000
202607210348,   3.026,   3.450,9999.000,9999.000,9999.000,9999.000,9999.000,9999.000,9999.000
202607210354,   3.077,   3.588,9999.000,9999.000,9999.000,9999.000,9999.000,9999.000,9999.000
202607210400,   3.127,   3.607,   0.500,  -0.020,   3.607,   0.500,   3.607,   0.500,   3.607
202607210406,   3.175,   3.689,9999.000,9999.000,9999.000,9999.000,9999.000,9999.000,9999.000
202607210412,   3.220,   3.689,9999.000,9999.000,9999.000,9999.000,9999.000,9999.000,9999.000
202607210418,   3.264,   3.729,9999.000,9999.000,9999.000,9999.000,9999.000,9999.000,9999.000
202607210424,   3.305,   3.709,9999.000,9999.000,9999.000,9999.000,9999.000,9999.000,9999.000
202607210430,   3.344,   3.768,9999.000,9999.000,9999.000,9999.000,9999.000,9999.000,9999.000
202607210436,   3.381,   3.880,9999.000,9999.000,9999.000,9999.000,9999.000,9999.000,9999.000
202607210442,   3.416,   3.919,9999.000,9999.000,9999.000,9999.000,9999.000,9999.000,9999.000
202607210448,   3.448,   3.958,9999.000,9999.000,9999.000,9999.000,9999.000,9999.000,9999.000
202607210454,   3.478,   4.057,9999.000,9999.000,9999.000,9999.000,9999.000,9999.000,9999.000
202607210500,   3.506,   4.090,   0.500,   0.084,   4.090,   0.500,   4.090,   0.500,   4.090
202607210506,   3.531,   4.139,9999.000,9999.000,9999.000,9999.000,9999.000,9999.000,9999.000
202607210512,   3.553,   4.139,9999.000,9999.000,9999.000,9999.000,9999.000,9999.000,9999.000
202607210518,   3.573,   4.139,9999.000,9999.000,9999.000,9999.000,9999.000,9999.000,9999.000
202607210524,   3.590,   4.109,9999.000,9999.000,9999.000,9999.000,9999.000,9999.000,9999.000
202607210530,   3.604,   4.159,9999.000,9999.000,9999.000,9999.000,9999.000,9999.000,9999.000
202607210536,   3.616,   4.198,9999.000,9999.000,9999.000,9999.000,9999.000,9999.000,9999.000
202607210542,   3.624,   4.218,9999.000,9999.000,9999.000,9999.000,9999.000,9999.000,9999.000
202607210548,   3.630,   4.208,9999.000,9999.000,9999.000,9999.000,9999.000,9999.000,9999.000
202607210554,   3.633,   4.208,9999.000,9999.000,9999.000,9999.000,9999.000,9999.000,9999.000
202607210600,   3.632,   4.198,   0.500,   0.066,   4.198,   0.400,   4.098,   0.500,   4.198
202607210606,   3.629,   4.198,9999.000,9999.000,9999.000,9999.000,9999.000,9999.000,9999.000
202607210612,   3.622,   4.198,9999.000,9999.000,9999.000,9999.000,9999.000,9999.000,9999.000
202607210618,   3.612,   4.198,9999.000,9999.000,9999.000,9999.000,9999.000,9999.000,9999.000
202607210624,   3.599,   4.168,9999.000,9999.000,9999.000,9999.000,9999.000,9999.000,9999.000
202607210630,   3.583,   4.099,9999.000,9999.000,9999.000,9999.000,9999.000,9999.000,9999.000
202607210636,   3.563,   4.080,9999.000,9999.000,9999.000,9999.000,9999.000,9999.000,9999.000
202607210642,   3.540,   4.090,9999.000,9999.000,9999.000,9999.000,9999.000,9999.000,9999.000
202607210648,   3.514,   4.027,9999.000,9999.000,9999.000,9999.000,9999.000,9999.000,9999.000
202607210654,   3.485,   3.880,9999.000,9999.000,9999.000,9999.000,9999.000,9999.000,9999.000
202607210700,   3.452,   3.870,   0.500,  -0.082,   3.870,   0.500,   3.870,   0.500,   3.870
202607210706,   3.417,   3.768,9999.000,9999.000,9999.000,9999.000,9999.000,9999.000,9999.000
202607210712,   3.378,   3.768,9999.000,9999.000,9999.000,9999.000,9999.000,9999.000,9999.000
202607210718,   3.336,   3.689,9999.000,9999.000,9999.000,9999.000,9999.000,9999.000,9999.000
202607210724,   3.291,   3.607,9999.000,9999.000,9999.000,9999.000,9999.000,9999.000,9999.000
202607210730,   3.243,   3.548,9999.000,9999.000,9999.000,9999.000,9999.000,9999.000,9999.000
202607210736,   3.193,   3.460,9999.000,9999.000,9999.000,9999.000,9999.000,9999.000,9999.000
202607210742,   3.140,   3.388,9999.000,9999.000,9999.000,9999.000,9999.000,9999.000,9999.000
202607210748,   3.084,   3.348,9999.000,9999.000,9999.000,9999.000,9999.000,9999.000,9999.000
202607210754,   3.025,   3.260,9999.000,9999.000,9999.000,9999.000,9999.000,9999.000,9999.000
202607210800,   2.965,   3.188,   0.500,  -0.277,   3.188,   0.500,   3.188,   0.500,   3.188
202607210806,   2.902,   3.099,9999.000,9999.000,9999.000,9999.000,9999.000,9999.000,9999.000
202607210812,   2.837,   3.099,9999.000,9999.000,9999.000,9999.000,9999.000,9999.000,9999.000
202607210818,   2.771,   3.050,9999.000,9999.000,9999.000,9999.000,9999.000,9999.000,9999.000
202607210824,   2.702,   2.938,9999.000,9999.000,9999.000,9999.000,9999.000,9999.000,9999.000
202607210830,   2.632,   2.860,9999.000,9999.000,9999.000,9999.000,9999.000,9999.000,9999.000
202607210836,   2.560,   2.797,9999.000,9999.000,9999.000,9999.000,9999.000,9999.000,9999.000
202607210842,   2.488,   2.768,9999.000,9999.000,9999.000,9999.000,9999.000,9999.000,9999.000
202607210848,   2.414,   2.709,9999.000,9999.000,9999.000,9999.000,9999.000,9999.000,9999.000
202607210854,   2.339,   2.548,9999.000,9999.000,9999.000,9999.000,9999.000,9999.000,9999.000
202607210900,   2.263,   2.499,   0.500,  -0.264,   2.499,   0.500,   2.499,   0.500,   2.499
202607210906,   2.187,   2.459,9999.000,9999.000,9999.000,9999.000,9999.000,9999.000,9999.000
202607210912,   2.110,   2.459,9999.000,9999.000,9999.000,9999.000,9999.000,9999.000,9999.000
202607210918,   2.033,   2.410,9999.000,9999.000,9999.000,9999.000,9999.000,9999.000,9999.000
202607210924,   1.956,   2.338,9999.000,9999.000,9999.000,9999.000,9999.000,9999.000,9999.000
202607210930,   1.879,   2.269,9999.000,9999.000,9999.000,9999.000,9999.000,9999.000,9999.000
202607210936,   1.802,   2.168,9999.000,9999.000,9999.000,9999.000,9999.000,9999.000,9999.000
202607210942,   1.725,   2.089,9999.000,9999.000,9999.000,9999.000,9999.000,9999.000,9999.000
202607210948,   1.649,   2.049,9999.000,9999.000,9999.000,9999.000,9999.000,9999.000,9999.000
202607210954,   1.574,   1.981,9999.000,9999.000,9999.000,9999.000,9999.000,9999.000,9999.000
202607211000,   1.500,   1.859,   0.500,  -0.141,   1.859,   0.500,   1.859,   0.500,   1.859
202607211006,   1.427,   1.830,9999.000,9999.000,9999.000,9999.000,9999.000,9999.000,9999.000
202607211012,   1.356,   1.830,9999.000,9999.000,9999.000,9999.000,9999.000,9999.000,9999.000
202607211018,   1.286,   1.758,9999.000,9999.000,9999.000,9999.000,9999.000,9999.000,9999.000
202607211024,   1.218,   1.679,9999.000,9999.000,9999.000,9999.000,9999.000,9999.000,9999.000
202607211030,   1.152,   1.600,9999.000,9999.000,9999.000,9999.000,9999.000,9999.000,9999.000
202607211036,   1.089,   1.508,9999.000,9999.000,9999.000,9999.000,9999.000,9999.000,9999.000
202607211042,   1.028,   1.439,9999.000,9999.000,9999.000,9999.000,9999.000,9999.000,9999.000
202607211048,   0.971,   1.338,9999.000,9999.000,9999.000,9999.000,9999.000,9999.000,9999.000
202607211054,   0.916,   1.318,9999.000,9999.000,9999.000,9999.000,9999.000,9999.000,9999.000
202607211100,   0.865,   1.338,   0.500,  -0.027,   1.338,   0.500,   1.338,   0.600,   1.438
202607211106,   0.818,   1.338,9999.000,9999.000,9999.000,9999.000,9999.000,9999.000,9999.000
202607211112,   0.774,   1.338,9999.000,9999.000,9999.000,9999.000,9999.000,9999.000,9999.000
202607211118,   0.735,   1.308,9999.000,9999.000,9999.000,9999.000,9999.000,9999.000,9999.000
202607211124,   0.699,   1.279,9999.000,9999.000,9999.000,9999.000,9999.000,9999.000,9999.000
202607211130,   0.669,   1.259,9999.000,9999.000,9999.000,9999.000,9999.000,9999.000,9999.000
202607211136,   0.643,   1.239,9999.000,9999.000,9999.000,9999.000,9999.000,9999.000,9999.000
202607211142,   0.622,   1.220,9999.000,9999.000,9999.000,9999.000,9999.000,9999.000,9999.000
202607211148,   0.606,   1.220,9999.000,9999.000,9999.000,9999.000,9999.000,9999.000,9999.000
202607211154,   0.595,   1.229,9999.000,9999.000,9999.000,9999.000,9999.000,9999.000,9999.000
202607211200,   0.589,   1.259,   0.500,   0.170,   1.259,   0.500,   1.259,   0.500,   1.259
202607211206,   0.588,   1.269,9999.000,9999.000,9999.000,9999.000,9999.000,9999.000,9999.000
202607211212,   0.593,   1.269,9999.000,9999.000,9999.000,9999.000,9999.000,9999.000,9999.000
202607211218,   0.602,   1.308,9999.000,9999.000,9999.000,9999.000,9999.000,9999.000,9999.000
202607211224,   0.617,   1.308,9999.000,9999.000,9999.000,9999.000,9999.000,9999.000,9999.000
202607211230,   0.637,   1.279,9999.000,9999.000,9999.000,9999.000,9999.000,9999.000,9999.000
202607211236,   0.662,   1.279,9999.000,9999.000,9999.000,9999.000,9999.000,9999.000,9999.000
202607211242,   0.692,   1.318,9999.000,9999.000,9999.000,9999.000,9999.000,9999.000,9999.000
202607211248,   0.727,   1.361,9999.000,9999.000,9999.000,9999.000,9999.000,9999.000,9999.000
202607211254,   0.766,   1.371,9999.000,9999.000,9999.000,9999.000,9999.000,9999.000,9999.000
202607211300,   0.810,   1.410,   0.500,   0.100,   1.410,   0.500,   1.410,   0.500,   1.410
202607211306,   0.858,   1.479,9999.000,9999.000,9999.000,9999.000,9999.000,9999.000,9999.000
202607211312,   0.909,   1.479,9999.000,9999.000,9999.000,9999.000,9999.000,9999.000,9999.000
202607211318,   0.965,   1.557,9999.000,9999.000,9999.000,9999.000,9999.000,9999.000,9999.000
202607211324,   1.024,   1.620,9999.000,9999.000,9999.000,9999.000,9999.000,9999.000,9999.000
202607211330,   1.087,   1.689,9999.000,9999.000,9999.000,9999.000,9999.000,9999.000,9999.000
202607211336,   1.152,   1.767,9999.000,9999.000,9999.000,9999.000,9999.000,9999.000,9999.000
202607211342,   1.220,   1.820,9999.000,9999.000,9999.000,9999.000,9999.000,9999.000,9999.000
202607211348,   1.291,   1.849,9999.000,9999.000,9999.000,9999.000,9999.000,9999.000,9999.000
202607211354,   1.364,   1.908,9999.000,9999.000,9999.000,9999.000,9999.000,9999.000,9999.000
202607211400,   1.439,   2.079,   0.500,   0.140,   2.079,   0.500,   2.079,   0.500,   2.079
202607211406,   1.516,   2.138,9999.000,9999.000,9999.000,9999.000,9999.000,9999.000,9999.000
202607211412,   1.594,   2.138,9999.000,9999.000,9999.000,9999.000,9999.000,9999.000,9999.000
202607211418,   1.673,   2.220,9999.000,9999.000,9999.000,9999.000,9999.000,9999.000,9999.000
202607211424,   1.753,   2.318,9999.000,9999.000,9999.000,9999.000,9999.000,9999.000,9999.000
202607211430,   1.834,   2.450,9999.000,9999.000,9999.000,9999.000,9999.000,9999.000,9999.000
202607211436,   1.916,   2.519,9999.000,9999.000,9999.000,9999.000,9999.000,9999.000,9999.000
202607211442,   1.998,   2.587,9999.000,9999.000,9999.000,9999.000,9999.000,9999.000,9999.000
202607211448,   2.080,   2.660,9999.000,9999.000,9999.000,9999.000,9999.000,9999.000,9999.000
202607211454,   2.161,   2.748,9999.000,9999.000,9999.000,9999.000,9999.000,9999.000,9999.000
202607211500,   2.243,   2.879,   0.500,   0.136,   2.879,   0.500,   2.879,   0.500,   2.879
202607211506,   2.324,   2.938,9999.000,9999.000,9999.000,9999.000,9999.000,9999.000,9999.000
202607211512,   2.404,   2.938,9999.000,9999.000,9999.000,9999.000,9999.000,9999.000,9999.000
202607211518,   2.484,   3.030,9999.000,9999.000,9999.000,9999.000,9999.000,9999.000,9999.000
202607211524,   2.563,   3.109,9999.000,9999.000,9999.000,9999.000,9999.000,9999.000,9999.000
202607211530,   2.640,   3.158,9999.000,9999.000,9999.000,9999.000,9999.000,9999.000,9999.000
202607211536,   2.717,   3.178,9999.000,9999.000,9999.000,9999.000,9999.000,9999.000,9999.000
202607211542,   2.792,   3.240,9999.000,9999.000,9999.000,9999.000,9999.000,9999.000,9999.000
202607211548,   2.866,   3.339,9999.000,9999.000,9999.000,9999.000,9999.000,9999.000,9999.000
202607211554,   2.938,   3.407,9999.000,9999.000,9999.000,9999.000,9999.000,9999.000,9999.000
202607211600,   3.009,   3.539,   0.500,   0.030,   3.539,   0.500,   3.539,   0.500,   3.539
202607211606,   3.077,   3.627,9999.000,9999.000,9999.000,9999.000,9999.000,9999.000,9999.000
202607211612,   3.144,   3.627,9999.000,9999.000,9999.000,9999.000,9999.000,9999.000,9999.000
202607211618,   3.210,   3.719,9999.000,9999.000,9999.000,9999.000,9999.000,9999.000,9999.000
202607211624,   3.273,   3.768,9999.000,9999.000,9999.000,9999.000,9999.000,9999.000,9999.000
202607211630,   3.334,   3.817,9999.000,9999.000,9999.000,9999.000,9999.000,9999.000,9999.000
202607211636,   3.393,   3.909,9999.000,9999.000,9999.000,9999.000,9999.000,9999.000,9999.000
202607211642,   3.450,   3.978,9999.000,9999.000,9999.000,9999.000,9999.000,9999.000,9999.000
202607211648,   3.505,   4.027,9999.000,9999.000,9999.000,9999.000,9999.000,9999.000,9999.000
202607211654,   3.557,   4.109,9999.000,9999.000,9999.000,9999.000,9999.000,9999.000,9999.000
202607211700,   3.607,   4.329,   0.500,   0.222,   4.329,   0.400,   4.229,   0.500,   4.329
202607211706,   3.654,   4.418,9999.000,9999.000,9999.000,9999.000,9999.000,9999.000,9999.000
202607211712,   3.699,   4.418,9999.000,9999.000,9999.000,9999.000,9999.000,9999.000,9999.000
202607211718,   3.741,   4.457,9999.000,9999.000,9999.000,9999.000,9999.000,9999.000,9999.000
202607211724,   3.780,   4.539,9999.000,9999.000,9999.000,9999.000,9999.000,9999.000,9999.000
202607211730,   3.817,   4.539,9999.000,9999.000,9999.000,9999.000,9999.000,9999.000,9999.000
202607211736,   3.851,   4.480,9999.000,9999.000,9999.000,9999.000,9999.000,9999.000,9999.000
202607211742,   3.882,   4.408,9999.000,9999.000,9999.000,9999.000,9999.000,9999.000,9999.000
202607211748,   3.911,   4.378,9999.000,9999.000,9999.000,9999.000,9999.000,9999.000,9999.000
202607211754,   3.936,   4.427,9999.000,9999.000,9999.000,9999.000,9999.000,9999.000,9999.000
202607211800,   3.958,   4.457,   0.500,  -0.001,   4.457,   0.400,   4.357,   0.500,   4.457
202607211806,   3.978,   4.490,9999.000,9999.000,9999.000,9999.000,9999.000,9999.000,9999.000
202607211812,   3.994,   4.490,9999.000,9999.000,9999.000,9999.000,9999.000,9999.000,9999.000
202607211818,   4.007,   4.490,9999.000,9999.000,9999.000,9999.000,9999.000,9999.000,9999.000
202607211824,   4.017,   4.529,9999.000,9999.000,9999.000,9999.000,9999.000,9999.000,9999.000
202607211830,   4.024,   4.529,9999.000,9999.000,9999.000,9999.000,9999.000,9999.000,9999.000
202607211836,   4.027,   4.539,9999.000,9999.000,9999.000,9999.000,9999.000,9999.000,9999.000
202607211842,   4.028,   4.549,9999.000,9999.000,9999.000,9999.000,9999.000,9999.000,9999.000
202607211848,   4.025,   4.539,9999.000,9999.000,9999.000,9999.000,9999.000,9999.000,9999.000
202607211854,   4.019,   4.539,9999.000,9999.000,9999.000,9999.000,9999.000,9999.000,9999.000
202607211900,   4.010,   4.509,   0.500,  -0.001,   4.509,   0.400,   4.409,   0.500,   4.509
202607211906,   3.998,   4.427,9999.000,9999.000,9999.000,9999.000,9999.000,9999.000,9999.000
202607211912,   3.982,   4.427,9999.000,9999.000,9999.000,9999.000,9999.000,9999.000,9999.000
202607211918,   3.963,   4.388,9999.000,9999.000,9999.000,9999.000,9999.000,9999.000,9999.000
202607211924,   3.942,   4.418,9999.000,9999.000,9999.000,9999.000,9999.000,9999.000,9999.000
202607211930,   3.917,   4.388,9999.000,9999.000,9999.000,9999.000,9999.000,9999.000,9999.000
202607211936,   3.889,   4.388,9999.000,9999.000,9999.000,9999.000,9999.000,9999.000,9999.000
202607211942,   3.858,   4.339,9999.000,9999.000,9999.000,9999.000,9999.000,9999.000,9999.000
202607211948,   3.824,   4.319,9999.000,9999.000,9999.000,9999.000,9999.000,9999.000,9999.000
202607211954,   3.787,   4.247,9999.000,9999.000,9999.000,9999.000,9999.000,9999.000,9999.000
202607212000,   3.748,   4.109,   0.400,  -0.039,   4.109,   0.400,   4.109,   0.500,   4.209
202607212006,   3.705,   4.109,9999.000,9999.000,9999.000,9999.000,9999.000,9999.000,9999.000
202607212012,   3.660,   4.109,9999.000,9999.000,9999.000,9999.000,9999.000,9999.000,9999.000
202607212018,   3.612,   4.027,9999.000,9999.000,9999.000,9999.000,9999.000,9999.000,9999.000
202607212024,   3.561,   3.939,9999.000,9999.000,9999.000,9999.000,9999.000,9999.000,9999.000
202607212030,   3.508,   3.847,9999.000,9999.000,9999.000,9999.000,9999.000,9999.000,9999.000
202607212036,   3.453,   3.768,9999.000,9999.000,9999.000,9999.000,9999.000,9999.000,9999.000
202607212042,   3.395,   3.758,9999.000,9999.000,9999.000,9999.000,9999.000,9999.000,9999.000
202607212048,   3.335,   3.660,9999.000,9999.000,9999.000,9999.000,9999.000,9999.000,9999.000
202607212054,   3.273,   3.558,9999.000,9999.000,9999.000,9999.000,9999.000,9999.000,9999.000
202607212100,   3.209,   3.407,   0.400,  -0.202,   3.407,   0.400,   3.407,   0.500,   3.507
202607212106,   3.143,   3.348,9999.000,9999.000,9999.000,9999.000,9999.000,9999.000,9999.000
202607212112,   3.076,   3.240,9999.000,9999.000,9999.000,9999.000,9999.000,9999.000,9999.000
202607212118,   3.007,   3.197,9999.000,9999.000,9999.000,9999.000,9999.000,9999.000,9999.000
202607212124,   2.937,   3.197,9999.000,9999.000,9999.000,9999.000,9999.000,9999.000,9999.000
202607212130,   2.865,   3.148,9999.000,9999.000,9999.000,9999.000,9999.000,9999.000,9999.000
202607212136,   2.793,   3.099,9999.000,9999.000,9999.000,9999.000,9999.000,9999.000,9999.000
202607212142,   2.719,   3.007,9999.000,9999.000,9999.000,9999.000,9999.000,9999.000,9999.000
202607212148,   2.645,   2.919,9999.000,9999.000,9999.000,9999.000,9999.000,9999.000,9999.000
202607212154,   2.570,   2.807,9999.000,9999.000,9999.000,9999.000,9999.000,9999.000,9999.000
202607212200,   2.494,   2.660,   0.400,  -0.234,   2.660,   0.300,   2.560,   0.500,   2.760
202607212206,   2.419,   2.597,9999.000,9999.000,9999.000,9999.000,9999.000,9999.000,9999.000
202607212212,   2.343,   2.597,9999.000,9999.000,9999.000,9999.000,9999.000,9999.000,9999.000
202607212218,   2.267,   2.558,9999.000,9999.000,9999.000,9999.000,9999.000,9999.000,9999.000
202607212224,   2.192,   2.499,9999.000,9999.000,9999.000,9999.000,9999.000,9999.000,9999.000
202607212230,   2.118,   2.328,9999.000,9999.000,9999.000,9999.000,9999.000,9999.000,9999.000
202607212236,   2.044,   2.158,9999.000,9999.000,9999.000,9999.000,9999.000,9999.000,9999.000
202607212242,   1.971,   2.099,9999.000,9999.000,9999.000,9999.000,9999.000,9999.000,9999.000
202607212248,   1.900,   2.020,9999.000,9999.000,9999.000,9999.000,9999.000,9999.000,9999.000
202607212254,   1.830,   1.879,9999.000,9999.000,9999.000,9999.000,9999.000,9999.000,9999.000
202607212300,   1.762,   1.738,   0.400,  -0.424,   1.738,   0.300,   1.638,   0.500,   1.838
202607212306,   1.696,   1.800,9999.000,9999.000,9999.000,9999.000,9999.000,9999.000,9999.000
202607212312,   1.632,   1.800,9999.000,9999.000,9999.000,9999.000,9999.000,9999.000,9999.000
202607212318,   1.571,   1.767,9999.000,9999.000,9999.000,9999.000,9999.000,9999.000,9999.000
202607212324,   1.513,   1.758,9999.000,9999.000,9999.000,9999.000,9999.000,9999.000,9999.000
202607212330,   1.457,   1.718,9999.000,9999.000,9999.000,9999.000,9999.000,9999.000,9999.000
202607212336,   1.405,   1.600,9999.000,9999.000,9999.000,9999.000,9999.000,9999.000,9999.000
202607212342,   1.356,   1.538,9999.000,9999.000,9999.000,9999.000,9999.000,9999.000,9999.000
202607212348,   1.311,   1.557,9999.000,9999.000,9999.000,9999.000,9999.000,9999.000,9999.000
202607212354,   1.270,   1.557,9999.000,9999.000,9999.000,9999.000,9999.000,9999.000,9999.000
202607220000,   1.233,   1.469,   0.400,  -0.164,   1.469,   0.300,   1.369,   0.400,   1.469
202607220006,   1.200,   1.371,9999.000,9999.000,9999.000,9999.000,9999.000,9999.000,9999.000
202607220012,   1.171,   1.371,9999.000,9999.000,9999.000,9999.000,9999.000,9999.000,9999.000
202607220018,   1.147,   1.338,9999.000,9999.000,9999.000,9999.000,9999.000,9999.000,9999.000
202607220024,   1.127,   1.410,9999.000,9999.000,9999.000,9999.000,9999.000,9999.000,9999.000
202607220030,   1.111,   1.380,9999.000,9999.000,9999.000,9999.000,9999.000,9999.000,9999.000
202607220036,   1.100,   1.249,9999.000,9999.000,9999.000,9999.000,9999.000,9999.000,9999.000
202607220042,   1.094,   1.200,9999.000,9999.000,9999.000,9999.000,9999.000,9999.000,9999.000
202607220048,   1.093,   1.239,9999.000,9999.000,9999.000,9999.000,9999.000,9999.000,9999.000
202607220054,   1.096,   1.229,9999.000,9999.000,9999.000,9999.000,9999.000,9999.000,9999.000
202607220100,   1.103,   1.361,   0.300,  -0.042,   1.361,   0.200,   1.261,   0.400,   1.461
202607220106,   1.114,   1.361,9999.000,9999.000,9999.000,9999.000,9999.000,9999.000,9999.000
202607220112,   1.130,   1.361,9999.000,9999.000,9999.000,9999.000,9999.000,9999.000,9999.000
202607220118,   1.150,   1.289,9999.000,9999.000,9999.000,9999.000,9999.000,9999.000,9999.000
202607220124,   1.174,   1.180,9999.000,9999.000,9999.000,9999.000,9999.000,9999.000,9999.000
202607220130,   1.201,   1.200,9999.000,9999.000,9999.000,9999.000,9999.000,9999.000,9999.000
202607220136,   1.232,   1.308,9999.000,9999.000,9999.000,9999.000,9999.000,9999.000,9999.000
202607220142,   1.267,   1.308,9999.000,9999.000,9999.000,9999.000,9999.000,9999.000,9999.000
202607220148,   1.304,   1.000,9999.000,9999.000,9999.000,9999.000,9999.000,9999.000,9999.000
202607220154,   1.344,   0.859,9999.000,9999.000,9999.000,9999.000,9999.000,9999.000,9999.000
202607220200,   1.387,   1.279,   0.300,  -0.408,   1.279,   0.200,   1.179,   0.400,   1.379
202607220206,   1.433,   1.348,9999.000,9999.000,9999.000,9999.000,9999.000,9999.000,9999.000
202607220212,   1.481,   1.348,9999.000,9999.000,9999.000,9999.000,9999.000,9999.000,9999.000
202607220218,   1.531,   1.469,9999.000,9999.000,9999.000,9999.000,9999.000,9999.000,9999.000
202607220224,   1.582,   1.590,9999.000,9999.000,9999.000,9999.000,9999.000,9999.000,9999.000
202607220230,   1.635,   1.689,9999.000,9999.000,9999.000,9999.000,9999.000,9999.000,9999.000
202607220236,   1.690,   1.590,9999.000,9999.000,9999.000,9999.000,9999.000,9999.000,9999.000
202607220242,   1.745,   1.400,9999.000,9999.000,9999.000,9999.000,9999.000,9999.000,9999.000
202607220248,   1.802,   1.528,9999.000,9999.000,9999.000,9999.000,9999.000,9999.000,9999.000
202607220254,   1.859,   1.899,9999.000,9999.000,9999.000,9999.000,9999.000,9999.000,9999.000
202607220300,   1.916,   1.859,   0.300,  -0.357,   1.859,   0.200,   1.759,   0.300,   1.859
202607220306,   1.974,   1.899,9999.000,9999.000,9999.000,9999.000,9999.000,9999.000,9999.000
202607220312,   2.033,   1.899,9999.000,9999.000,9999.000,9999.000,9999.000,9999.000,9999.000
202607220318,   2.091,   2.059,9999.000,9999.000,9999.000,9999.000,9999.000,9999.000,9999.000
202607220324,   2.149,   2.138,9999.000,9999.000,9999.000,9999.000,9999.000,9999.000,9999.000
202607220330,   2.206,   2.177,9999.000,9999.000,9999.000,9999.000,9999.000,9999.000,9999.000
202607220336,   2.263,   2.177,9999.000,9999.000,9999.000,9999.000,9999.000,9999.000,9999.000
202607220342,   2.319,   2.240,9999.000,9999.000,9999.000,9999.000,9999.000,9999.000,9999.000
202607220348,   2.375,   2.469,9999.000,9999.000,9999.000,9999.000,9999.000,9999.000,9999.000
202607220354,   2.430,   2.610,9999.000,9999.000,9999.000,9999.000,9999.000,9999.000,9999.000
202607220400,   2.484,   2.768,   0.200,   0.084,   2.768,   0.200,   2.768,   0.300,   2.868
202607220406,   2.536,   2.919,9999.000,9999.000,9999.000,9999.000,9999.000,9999.000,9999.000
202607220412,   2.588,   2.919,9999.000,9999.000,9999.000,9999.000,9999.000,9999.000,9999.000
202607220418,   2.638,   2.938,9999.000,9999.000,9999.000,9999.000,9999.000,9999.000,9999.000
202607220424,   2.687,   2.988,9999.000,9999.000,9999.000,9999.000,9999.000,9999.000,9999.000
202607220430,   2.734,   3.007,9999.000,9999.000,9999.000,9999.000,9999.000,9999.000,9999.000
202607220436,   2.780,   3.007,9999.000,9999.000,9999.000,9999.000,9999.000,9999.000,9999.000
202607220442,   2.824,   3.109,9999.000,9999.000,9999.000,9999.000,9999.000,9999.000,9999.000
202607220448,   2.867,   3.270,9999.000,9999.000,9999.000,9999.000,9999.000,9999.000,9999.000
202607220454,   2.908,   3.450,9999.000,9999.000,9999.000,9999.000,9999.000,9999.000,9999.000
202607220500,   2.947,   3.427,   0.200,   0.280,   3.427,   0.100,   3.327,   0.300,   3.527
202607220506,   2.985,   3.407,9999.000,9999.000,9999.000,9999.000,9999.000,9999.000,9999.000
202607220512,   3.021,   3.407,9999.000,9999.000,9999.000,9999.000,9999.000,9999.000,9999.000
202607220518,   3.054,   3.440,9999.000,9999.000,9999.000,9999.000,9999.000,9999.000,9999.000
202607220524,   3.086,   3.470,9999.000,9999.000,9999.000,9999.000,9999.000,9999.000,9999.000
202607220530,   3.116,   3.450,9999.000,9999.000,9999.000,9999.000,9999.000,9999.000,9999.000
202607220536,   3.144,   3.489,9999.000,9999.000,9999.000,9999.000,9999.000,9999.000,9999.000
202607220542,   3.170,   3.578,9999.000,9999.000,9999.000,9999.000,9999.000,9999.000,9999.000
202607220548,   3.194,   3.607,9999.000,9999.000,9999.000,9999.000,9999.000,9999.000,9999.000
202607220554,   3.215,   3.617,9999.000,9999.000,9999.000,9999.000,9999.000,9999.000,9999.000
202607220600,   3.235,   3.778,   0.200,   0.343,   3.778,   0.100,   3.678,   0.300,   3.878
202607220606,   3.252,   3.680,9999.000,9999.000,9999.000,9999.000,9999.000,9999.000,9999.000
202607220612,   3.268,   3.680,9999.000,9999.000,9999.000,9999.000,9999.000,9999.000,9999.000
202607220618,   3.281,   3.670,9999.000,9999.000,9999.000,9999.000,9999.000,9999.000,9999.000
202607220624,   3.291,   3.627,9999.000,9999.000,9999.000,9999.000,9999.000,9999.000,9999.000
202607220630,   3.300,   3.519,9999.000,9999.000,9999.000,9999.000,9999.000,9999.000,9999.000
202607220636,   3.306,   3.470,9999.000,9999.000,9999.000,9999.000,9999.000,9999.000,9999.000
202607220642,   3.309,   3.450,9999.000,9999.000,9999.000,9999.000,9999.000,9999.000,9999.000
202607220648,   3.311,   3.480,9999.000,9999.000,9999.000,9999.000,9999.000,9999.000,9999.000
202607220654,   3.310,   3.689,9999.000,9999.000,9999.000,9999.000,9999.000,9999.000,9999.000
202607220700,   3.306,   3.670,   0.200,   0.164,   3.670,   0.100,   3.570,   0.300,   3.770
202607220706,   3.300,   3.660,9999.000,9999.000,9999.000,9999.000,9999.000,9999.000,9999.000
202607220712,   3.291,   3.660,9999.000,9999.000,9999.000,9999.000,9999.000,9999.000,9999.000
202607220718,   3.280,   3.650,9999.000,9999.000,9999.000,9999.000,9999.000,9999.000,9999.000
202607220724,   3.266,   3.637,9999.000,9999.000,9999.000,9999.000,9999.000,9999.000,9999.000
202607220730,   3.249,   3.680,9999.000,9999.000,9999.000,9999.000,9999.000,9999.000,9999.000
202607220736,   3.230,   3.568,9999.000,9999.000,9999.000,9999.000,9999.000,9999.000,9999.000
202607220742,   3.209,   3.558,9999.000,9999.000,9999.000,9999.000,9999.000,9999.000,9999.000
202607220748,   3.184,   3.660,9999.000,9999.000,9999.000,9999.000,9999.000,9999.000,9999.000
202607220754,   3.158,   3.489,9999.000,9999.000,9999.000,9999.000,9999.000,9999.000,9999.000
202607220800,   3.128,   3.388,   0.100,   0.160,   3.388,   0.000,   3.288,   0.200,   3.488
202607220806,   3.097,   3.450,9999.000,9999.000,9999.000,9999.000,9999.000,9999.000,9999.000
202607220812,   3.062,   3.450,9999.000,9999.000,9999.000,9999.000,9999.000,9999.000,9999.000
202607220818,   3.025,   3.207,9999.000,9999.000,9999.000,9999.000,9999.000,9999.000,9999.000
202607220824,   2.986,   3.040,9999.000,9999.000,9999.000,9999.000,9999.000,9999.000,9999.000
202607220830,   2.945,   3.260,9999.000,9999.000,9999.000,9999.000,9999.000,9999.000,9999.000
202607220836,   2.901,   3.378,9999.000,9999.000,9999.000,9999.000,9999.000,9999.000,9999.000
202607220842,   2.855,   3.138,9999.000,9999.000,9999.000,9999.000,9999.000,9999.000,9999.000
202607220848,   2.807,   2.978,9999.000,9999.000,9999.000,9999.000,9999.000,9999.000,9999.000
202607220854,   2.757,   3.099,9999.000,9999.000,9999.000,9999.000,9999.000,9999.000,9999.000
202607220900,   2.704,   3.138,   0.100,   0.334,   3.138,   0.000,   3.038,   0.200,   3.238
202607220906,   2.650,   2.997,9999.000,9999.000,9999.000,9999.000,9999.000,9999.000,9999.000
202607220912,   2.595,   2.997,9999.000,9999.000,9999.000,9999.000,9999.000,9999.000,9999.000
202607220918,   2.537,   2.988,9999.000,9999.000,9999.000,9999.000,9999.000,9999.000,9999.000
202607220924,   2.478,   3.060,9999.000,9999.000,9999.000,9999.000,9999.000,9999.000,9999.000
202607220930,   2.418,   2.807,9999.000,9999.000,9999.000,9999.000,9999.000,9999.000,9999.000
202607220936,   2.357,   2.597,9999.000,9999.000,9999.000,9999.000,9999.000,9999.000,9999.000
202607220942,   2.294,   2.548,9999.000,9999.000,9999.000,9999.000,9999.000,9999.000,9999.000
202607220948,   2.231,   2.489,9999.000,9999.000,9999.000,9999.000,9999.000,9999.000,9999.000
202607220954,   2.166,   2.279,9999.000,9999.000,9999.000,9999.000,9999.000,9999.000,9999.000
202607221000,   2.101,   2.030,   0.100,  -0.171,   2.030,   0.000,   1.930,   0.200,   2.130
202607221006,   2.036,   1.908,9999.000,9999.000,9999.000,9999.000,9999.000,9999.000,9999.000
202607221012,   1.970,   1.948,9999.000,9999.000,9999.000,9999.000,9999.000,9999.000,9999.000
202607221018,   1.905,   2.000,9999.000,9999.000,9999.000,9999.000,9999.000,9999.000,9999.000
202607221024,   1.839,   1.879,9999.000,9999.000,9999.000,9999.000,9999.000,9999.000,9999.000
202607221030,   1.774,   1.708,9999.000,9999.000,9999.000,9999.000,9999.000,9999.000,9999.000
202607221036,   1.709,   1.620,9999.000,9999.000,9999.000,9999.000,9999.000,9999.000,9999.000
202607221042,   1.645,   1.580,9999.000,9999.000,9999.000,9999.000,9999.000,9999.000,9999.000
202607221048,   1.582,   1.518,9999.000,9999.000,9999.000,9999.000,9999.000,9999.000,9999.000
202607221054,   1.520,   1.400,9999.000,9999.000,9999.000,9999.000,9999.000,9999.000,9999.000
202607221100,   1.459,   1.380,   0.100,  -0.179,   1.380,   0.000,   1.280,   0.200,   1.480
202607221106,   1.400,   1.449,9999.000,9999.000,9999.000,9999.000,9999.000,9999.000,9999.000
202607221112,   1.342,   1.449,9999.000,9999.000,9999.000,9999.000,9999.000,9999.000,9999.000
202607221118,   1.287,   1.449,9999.000,9999.000,9999.000,9999.000,9999.000,9999.000,9999.000
202607221124,   1.233,   1.528,9999.000,9999.000,9999.000,9999.000,9999.000,9999.000,9999.000
202607221130,   1.182,   1.571,9999.000,9999.000,9999.000,9999.000,9999.000,9999.000,9999.000
202607221136,   1.134,   1.400,9999.000,9999.000,9999.000,9999.000,9999.000,9999.000,9999.000
202607221142,   1.088,   1.328,9999.000,9999.000,9999.000,9999.000,9999.000,9999.000,9999.000
202607221148,   1.046,   1.479,9999.000,9999.000,9999.000,9999.000,9999.000,9999.000,9999.000
202607221154,   1.007,   1.338,9999.000,9999.000,9999.000,9999.000,9999.000,9999.000,9999.000
202607221200,   0.971,   0.928,   0.200,  -0.243,   0.928,   0.100,   0.828,   0.300,   1.028
202607221206,   0.938,   0.970,9999.000,9999.000,9999.000,9999.000,9999.000,9999.000,9999.000
202607221212,   0.909,   0.980,9999.000,9999.000,9999.000,9999.000,9999.000,9999.000,9999.000
202607221218,   0.885,   0.961,9999.000,9999.000,9999.000,9999.000,9999.000,9999.000,9999.000
202607221224,   0.864,   0.879,9999.000,9999.000,9999.000,9999.000,9999.000,9999.000,9999.000
202607221230,   0.847,   0.908,9999.000,9999.000,9999.000,9999.000,9999.000,9999.000,9999.000
202607221236,   0.834,   1.039,9999.000,9999.000,9999.000,9999.000,9999.000,9999.000,9999.000
202607221242,   0.826,   1.108,9999.000,9999.000,9999.000,9999.000,9999.000,9999.000,9999.000
202607221248,   0.822,   1.079,9999.000,9999.000,9999.000,9999.000,9999.000,9999.000,9999.000
202607221254,   0.822,   1.108,9999.000,9999.000,9999.000,9999.000,9999.000,9999.000,9999.000
202607221300,   0.826,   1.239,   0.200,   0.213,   1.239,   0.000,   1.039,   0.300,   1.339
202607221306,   0.836,   1.249,9999.000,9999.000,9999.000,9999.000,9999.000,9999.000,9999.000
202607221312,   0.849,   1.249,9999.000,9999.000,9999.000,9999.000,9999.000,9999.000,9999.000
202607221318,   0.867,   1.348,9999.000,9999.000,9999.000,9999.000,9999.000,9999.000,9999.000
202607221324,   0.889,   1.430,9999.000,9999.000,9999.000,9999.000,9999.000,9999.000,9999.000
202607221330,   0.915,   1.410,9999.000,9999.000,9999.000,9999.000,9999.000,9999.000,9999.000
202607221336,   0.945,   1.371,9999.000,9999.000,9999.000,9999.000,9999.000,9999.000,9999.000
202607221342,   0.980,   1.410,9999.000,9999.000,9999.000,9999.000,9999.000,9999.000,9999.000
202607221348,   1.018,   1.289,9999.000,9999.000,9999.000,9999.000,9999.000,9999.000,9999.000
202607221354,   1.060,   1.190,9999.000,9999.000,9999.000,9999.000,9999.000,9999.000,9999.000
202607221400,   1.106,   1.190,   0.100,  -0.016,   1.190,   0.000,   1.090,   0.300,   1.390
202607221406,   1.155,   1.239,9999.000,9999.000,9999.000,9999.000,9999.000,9999.000,9999.000
202607221412,   1.207,   1.239,9999.000,9999.000,9999.000,9999.000,9999.000,9999.000,9999.000
202607221418,   1.263,   1.279,9999.000,9999.000,9999.000,9999.000,9999.000,9999.000,9999.000
202607221424,   1.321,   1.430,9999.000,9999.000,9999.000,9999.000,9999.000,9999.000,9999.000
202607221430,   1.382,   1.518,9999.000,9999.000,9999.000,9999.000,9999.000,9999.000,9999.000
202607221436,   1.445,   1.571,9999.000,9999.000,9999.000,9999.000,9999.000,9999.000,9999.000
202607221442,   1.510,   1.639,9999.000,9999.000,9999.000,9999.000,9999.000,9999.000,9999.000
202607221448,   1.578,   1.679,9999.000,9999.000,9999.000,9999.000,9999.000,9999.000,9999.000
202607221454,   1.647,   1.781,9999.000,9999.000,9999.000,9999.000,9999.000,9999.000,9999.000
202607221500,   1.717,   1.790,   0.100,  -0.027,   1.790,   0.000,   1.690,   0.200,   1.890
202607221506,   1.789,   1.830,9999.000,9999.000,9999.000,9999.000,9999.000,9999.000,9999.000
202607221512,   1.862,   1.830,9999.000,9999.000,9999.000,9999.000,9999.000,9999.000,9999.000
202607221518,   1.936,   1.938,9999.000,9999.000,9999.000,9999.000,9999.000,9999.000,9999.000
202607221524,   2.011,   2.020,9999.000,9999.000,9999.000,9999.000,9999.000,9999.000,9999.000
202607221530,   2.086,   2.069,9999.000,9999.000,9999.000,9999.000,9999.000,9999.000,9999.000
202607221536,   2.161,   2.158,9999.000,9999.000,9999.000,9999.000,9999.000,9999.000,9999.000
202607221542,   2.237,   2.309,9999.000,9999.000,9999.000,9999.000,9999.000,9999.000,9999.000
202607221548,   2.312,   2.440,9999.000,9999.000,9999.000,9999.000,9999.000,9999.000,9999.000
202607221554,   2.387,   2.610,9999.000,9999.000,9999.000,9999.000,9999.000,9999.000,9999.000
202607221600,   2.461,   2.640,   0.100,   0.079,   2.640,   0.000,   2.540,   0.200,   2.740
202607221606,   2.535,   2.640,9999.000,9999.000,9999.000,9999.000,9999.000,9999.000,9999.000
202607221612,   2.608,   2.640,9999.000,9999.000,9999.000,9999.000,9999.000,9999.000,9999.000
202607221618,   2.680,   2.679,9999.000,9999.000,9999.000,9999.000,9999.000,9999.000,9999.000
202607221624,   2.751,   2.689,9999.000,9999.000,9999.000,9999.000,9999.000,9999.000,9999.000
202607221630,   2.821,   2.807,9999.000,9999.000,9999.000,9999.000,9999.000,9999.000,9999.000
202607221636,   2.890,   2.889,9999.000,9999.000,9999.000,9999.000,9999.000,9999.000,9999.000
202607221642,   2.957,   3.030,9999.000,9999.000,9999.000,9999.000,9999.000,9999.000,9999.000
202607221648,   3.022,   3.217,9999.000,9999.000,9999.000,9999.000,9999.000,9999.000,9999.000
202607221654,   3.086,   3.368,9999.000,9999.000,9999.000,9999.000,9999.000,9999.000,9999.000
202607221700,   3.148,   3.440,   0.100,   0.192,   3.440,   0.000,   3.340,   0.200,   3.540
202607221706,   3.209,   3.509,9999.000,9999.000,9999.000,9999.000,9999.000,9999.000,9999.000
202607221712,   3.267,   3.519,9999.000,9999.000,9999.000,9999.000,9999.000,9999.000,9999.000
202607221718,   3.324,   3.598,9999.000,9999.000,9999.000,9999.000,9999.000,9999.000,9999.000
202607221724,   3.378,   3.660,9999.000,9999.000,9999.000,9999.000,9999.000,9999.000,9999.000
202607221730,   3.431,   3.817,9999.000,9999.000,9999.000,9999.000,9999.000,9999.000,9999.000
202607221736,   3.481,   3.817,9999.000,9999.000,9999.000,9999.000,9999.000,9999.000,9999.000
202607221742,   3.530,   3.860,9999.000,9999.000,9999.000,9999.000,9999.000,9999.000,9999.000
202607221748,   3.576,   3.919,9999.000,9999.000,9999.000,9999.000,9999.000,9999.000,9999.000
202607221754,   3.620,   3.968,9999.000,9999.000,9999.000,9999.000,9999.000,9999.000,9999.000
202607221800,   3.661,   4.027,   0.100,   0.266,   4.027,   0.000,   3.927,   0.200,   4.127
202607221806,   3.700,   4.080,9999.000,9999.000,9999.000,9999.000,9999.000,9999.000,9999.000
202607221812,   3.737,   4.080,9999.000,9999.000,9999.000,9999.000,9999.000,9999.000,9999.000
202607221818,   3.772,   4.149,9999.000,9999.000,9999.000,9999.000,9999.000,9999.000,9999.000
202607221824,   3.804,   4.178,9999.000,9999.000,9999.000,9999.000,9999.000,9999.000,9999.000
202607221830,   3.833,   4.208,9999.000,9999.000,9999.000,9999.000,9999.000,9999.000,9999.000
202607221836,   3.861,   4.290,9999.000,9999.000,9999.000,9999.000,9999.000,9999.000,9999.000
202607221842,   3.885,   4.329,9999.000,9999.000,9999.000,9999.000,9999.000,9999.000,9999.000
202607221848,   3.907,   4.388,9999.000,9999.000,9999.000,9999.000,9999.000,9999.000,9999.000
202607221854,   3.927,   4.437,9999.000,9999.000,9999.000,9999.000,9999.000,9999.000,9999.000
202607221900,   3.943,   4.437,   0.100,   0.394,   4.437,   0.000,   4.337,   0.200,   4.537
202607221906,   3.958,   4.437,9999.000,9999.000,9999.000,9999.000,9999.000,9999.000,9999.000
202607221912,   3.969,   4.437,9999.000,9999.000,9999.000,9999.000,9999.000,9999.000,9999.000
202607221918,   3.978,   4.378,9999.000,9999.000,9999.000,9999.000,9999.000,9999.000,9999.000
202607221924,   3.984,   4.427,9999.000,9999.000,9999.000,9999.000,9999.000,9999.000,9999.000
202607221930,   3.988,   4.437,9999.000,9999.000,9999.000,9999.000,9999.000,9999.000,9999.000
202607221936,   3.988,   4.457,9999.000,9999.000,9999.000,9999.000,9999.000,9999.000,9999.000
202607221942,   3.986,   4.490,9999.000,9999.000,9999.000,9999.000,9999.000,9999.000,9999.000
202607221948,   3.981,   4.529,9999.000,9999.000,9999.000,9999.000,9999.000,9999.000,9999.000
202607221954,   3.973,   4.490,9999.000,9999.000,9999.000,9999.000,9999.000,9999.000,9999.000
202607222000,   3.963,   4.408,   0.100,   0.345,   4.408,   0.000,   4.308,   0.200,   4.508
202607222006,   3.950,   4.368,9999.000,9999.000,9999.000,9999.000,9999.000,9999.000,9999.000
202607222012,   3.934,   4.368,9999.000,9999.000,9999.000,9999.000,9999.000,9999.000,9999.000
202607222018,   3.915,   4.329,9999.000,9999.000,9999.000,9999.000,9999.000,9999.000,9999.000
202607222024,   3.893,   4.247,9999.000,9999.000,9999.000,9999.000,9999.000,9999.000,9999.000
202607222030,   3.869,   4.247,9999.000,9999.000,9999.000,9999.000,9999.000,9999.000,9999.000
202607222036,   3.842,   4.198,9999.000,9999.000,9999.000,9999.000,9999.000,9999.000,9999.000
202607222042,   3.812,   4.188,9999.000,9999.000,9999.000,9999.000,9999.000,9999.000,9999.000
202607222048,   3.779,   4.257,9999.000,9999.000,9999.000,9999.000,9999.000,9999.000,9999.000
202607222054,   3.743,   4.149,9999.000,9999.000,9999.000,9999.000,9999.000,9999.000,9999.000
202607222100,   3.705,   4.139,   0.100,   0.334,   4.139,   0.000,   4.039,   0.200,   4.239
202607222106,   3.664,   4.129,9999.000,9999.000,9999.000,9999.000,9999.000,9999.000,9999.000
202607222112,   3.621,   4.119,9999.000,9999.000,9999.000,9999.000,9999.000,9999.000,9999.000
202607222118,   3.575,   4.057,9999.000,9999.000,9999.000,9999.000,9999.000,9999.000,9999.000
202607222124,   3.526,   3.909,9999.000,9999.000,9999.000,9999.000,9999.000,9999.000,9999.000
202607222130,   3.475,   3.778,9999.000,9999.000,9999.000,9999.000,9999.000,9999.000,9999.000
202607222136,   3.422,   3.699,9999.000,9999.000,9999.000,9999.000,9999.000,9999.000,9999.000
202607222142,   3.367,   3.617,9999.000,9999.000,9999.000,9999.000,9999.000,9999.000,9999.000
202607222148,   3.309,   3.519,9999.000,9999.000,9999.000,9999.000,9999.000,9999.000,9999.000
202607222154,   3.250,   3.450,9999.000,9999.000,9999.000,9999.000,9999.000,9999.000,9999.000
202607222200,   3.189,   3.388,   0.100,   0.099,   3.388,   0.000,   3.288,   0.200,   3.488
202607222206,   3.126,   3.329,9999.000,9999.000,9999.000,9999.000,9999.000,9999.000,9999.000
202607222212,   3.061,   3.329,9999.000,9999.000,9999.000,9999.000,9999.000,9999.000,9999.000
202607222218,   2.995,   3.217,9999.000,9999.000,9999.000,9999.000,9999.000,9999.000,9999.000
202607222224,   2.928,   3.138,9999.000,9999.000,9999.000,9999.000,9999.000,9999.000,9999.000
202607222230,   2.860,   3.050,9999.000,9999.000,9999.000,9999.000,9999.000,9999.000,9999.000
202607222236,   2.791,   2.968,9999.000,9999.000,9999.000,9999.000,9999.000,9999.000,9999.000
202607222242,   2.721,   2.869,9999.000,9999.000,9999.000,9999.000,9999.000,9999.000,9999.000
202607222248,   2.651,   2.778,9999.000,9999.000,9999.000,9999.000,9999.000,9999.000,9999.000
202607222254,   2.580,   2.660,9999.000,9999.000,9999.000,9999.000,9999.000,9999.000,9999.000
202607222300,   2.509,   2.440,   0.100,  -0.169,   2.440,   0.000,   2.340,   0.100,   2.440
202607222306,   2.438,   2.368,9999.000,9999.000,9999.000,9999.000,9999.000,9999.000,9999.000
202607222312,   2.368,   2.368,9999.000,9999.000,9999.000,9999.000,9999.000,9999.000,9999.000
202607222318,   2.298,   2.299,9999.000,9999.000,9999.000,9999.000,9999.000,9999.000,9999.000
202607222324,   2.228,   2.240,9999.000,9999.000,9999.000,9999.000,9999.000,9999.000,9999.000
202607222330,   2.159,   2.158,9999.000,9999.000,9999.000,9999.000,9999.000,9999.000,9999.000
202607222336,   2.091,   2.099,9999.000,9999.000,9999.000,9999.000,9999.000,9999.000,9999.000
202607222342,   2.024,   2.020,9999.000,9999.000,9999.000,9999.000,9999.000,9999.000,9999.000
202607222348,   1.959,   1.948,9999.000,9999.000,9999.000,9999.000,9999.000,9999.000,9999.000
202607222354,   1.895,   1.849,9999.000,9999.000,9999.000,9999.000,9999.000,9999.000,9999.000
202607230000,   1.833,   1.830,   0.100,  -0.103,   1.830,   0.000,   1.730,   0.100,   1.830
202607230006,   1.773,   1.781,9999.000,9999.000,9999.000,9999.000,9999.000,9999.000,9999.000
202607230012,   1.716,   1.781,9999.000,9999.000,9999.000,9999.000,9999.000,9999.000,9999.000
202607230018,   1.660,   1.718,9999.000,9999.000,9999.000,9999.000,9999.000,9999.000,9999.000
202607230024,   1.607,   1.679,9999.000,9999.000,9999.000,9999.000,9999.000,9999.000,9999.000
202607230030,   1.557,   1.630,9999.000,9999.000,9999.000,9999.000,9999.000,9999.000,9999.000
202607230036,   1.510,   1.548,9999.000,9999.000,9999.000,9999.000,9999.000,9999.000,9999.000
202607230042,   1.466,   1.469,9999.000,9999.000,9999.000,9999.000,9999.000,9999.000,9999.000
202607230048,   1.425,   1.548,9999.000,9999.000,9999.000,9999.000,9999.000,9999.000,9999.000
202607230054,   1.387,   1.571,9999.000,9999.000,9999.000,9999.000,9999.000,9999.000,9999.000
202607230100,   1.353,   1.459,   0.100,   0.006,   1.459,   0.000,   1.359,   0.100,   1.459
202607230106,   1.322,   1.459,9999.000,9999.000,9999.000,9999.000,9999.000,9999.000,9999.000
202607230112,   1.295,   1.459,9999.000,9999.000,9999.000,9999.000,9999.000,9999.000,9999.000
202607230118,   1.272,   1.459,9999.000,9999.000,9999.000,9999.000,9999.000,9999.000,9999.000
202607230124,   1.253,   1.420,9999.000,9999.000,9999.000,9999.000,9999.000,9999.000,9999.000
202607230130,   1.238,   1.430,9999.000,9999.000,9999.000,9999.000,9999.000,9999.000,9999.000
202607230136,   1.227,   1.420,9999.000,9999.000,9999.000,9999.000,9999.000,9999.000,9999.000
202607230142,   1.220,   1.361,9999.000,9999.000,9999.000,9999.000,9999.000,9999.000,9999.000
202607230148,   1.217,   1.308,9999.000,9999.000,9999.000,9999.000,9999.000,9999.000,9999.000
202607230154,   1.218,   1.289,9999.000,9999.000,9999.000,9999.000,9999.000,9999.000,9999.000
202607230200,   1.222,   1.318,   0.100,  -0.004,   1.318,   0.000,   1.218,   0.100,   1.318
202607230206,   1.231,   1.328,9999.000,9999.000,9999.000,9999.000,9999.000,9999.000,9999.000
202607230212,   1.243,   1.328,9999.000,9999.000,9999.000,9999.000,9999.000,9999.000,9999.000
202607230218,   1.259,   1.308,9999.000,9999.000,9999.000,9999.000,9999.000,9999.000,9999.000
202607230224,   1.278,   1.279,9999.000,9999.000,9999.000,9999.000,9999.000,9999.000,9999.000
202607230230,   1.301,   1.348,9999.000,9999.000,9999.000,9999.000,9999.000,9999.000,9999.000
202607230236,   1.327,   1.420,9999.000,9999.000,9999.000,9999.000,9999.000,9999.000,9999.000
202607230242,   1.356,   1.508,9999.000,9999.000,9999.000,9999.000,9999.000,9999.000,9999.000
202607230248,   1.388,   1.548,9999.000,9999.000,9999.000,9999.000,9999.000,9999.000,9999.000
202607230254,   1.422,   1.528,9999.000,9999.000,9999.000,9999.000,9999.000,9999.000,9999.000
202607230300,   1.459,   1.538,   0.100,  -0.021,   1.538,   0.000,   1.438,   0.100,   1.538
202607230306,   1.498,   1.580,9999.000,9999.000,9999.000,9999.000,9999.000,9999.000,9999.000
202607230312,   1.539,   1.580,9999.000,9999.000,9999.000,9999.000,9999.000,9999.000,9999.000
202607230318,   1.582,   1.610,9999.000,9999.000,9999.000,9999.000,9999.000,9999.000,9999.000
202607230324,   1.627,   1.649,9999.000,9999.000,9999.000,9999.000,9999.000,9999.000,9999.000
202607230330,   1.673,   1.699,9999.000,9999.000,9999.000,9999.000,9999.000,9999.000,9999.000
202607230336,   1.720,   1.820,9999.000,9999.000,9999.000,9999.000,9999.000,9999.000,9999.000
202607230342,   1.768,   1.889,9999.000,9999.000,9999.000,9999.000,9999.000,9999.000,9999.000
202607230348,   1.817,   1.889,9999.000,9999.000,9999.000,9999.000,9999.000,9999.000,9999.000
202607230354,   1.867,   1.967,9999.000,9999.000,9999.000,9999.000,9999.000,9999.000,9999.000
202607230400,   1.917,   2.099,   0.000,   0.182,   2.099,   0.000,   2.099,   0.100,   2.199
202607230406,   1.967,   2.099,9999.000,9999.000,9999.000,9999.000,9999.000,9999.000,9999.000
202607230412,   2.018,   2.118,9999.000,9999.000,9999.000,9999.000,9999.000,9999.000,9999.000
202607230418,   2.068,   2.148,9999.000,9999.000,9999.000,9999.000,9999.000,9999.000,9999.000
202607230424,   2.118,   2.177,9999.000,9999.000,9999.000,9999.000,9999.000,9999.000,9999.000
202607230430,   2.167,   2.279,9999.000,9999.000,9999.000,9999.000,9999.000,9999.000,9999.000
202607230436,   2.216,   2.450,9999.000,9999.000,9999.000,9999.000,9999.000,9999.000,9999.000
202607230442,   2.264,   2.568,9999.000,9999.000,9999.000,9999.000,9999.000,9999.000,9999.000
202607230448,   2.312,   2.568,9999.000,9999.000,9999.000,9999.000,9999.000,9999.000,9999.000
202607230454,   2.358,   2.640,9999.000,9999.000,9999.000,9999.000,9999.000,9999.000,9999.000
202607230500,   2.404,   2.748,   0.000,   0.344,   2.748,   0.000,   2.748,   0.100,   2.848
202607230506,   2.448,   2.820,9999.000,9999.000,9999.000,9999.000,9999.000,9999.000,9999.000
202607230512,   2.491,   2.820,9999.000,9999.000,9999.000,9999.000,9999.000,9999.000,9999.000
202607230518,   2.534,   2.778,9999.000,9999.000,9999.000,9999.000,9999.000,9999.000,9999.000
202607230524,   2.574,   2.758,9999.000,9999.000,9999.000,9999.000,9999.000,9999.000,9999.000
202607230530,   2.614,   2.807,9999.000,9999.000,9999.000,9999.000,9999.000,9999.000,9999.000
202607230536,   2.652,   2.909,9999.000,9999.000,9999.000,9999.000,9999.000,9999.000,9999.000
202607230542,   2.688,   2.879,9999.000,9999.000,9999.000,9999.000,9999.000,9999.000,9999.000
202607230548,   2.723,   2.938,9999.000,9999.000,9999.000,9999.000,9999.000,9999.000,9999.000
202607230554,   2.757,   3.060,9999.000,9999.000,9999.000,9999.000,9999.000,9999.000,9999.000
202607230600,   2.789,   3.240,   0.000,   0.451,   3.240,   0.000,   3.240,   0.100,   3.340
202607230606,   2.819,   3.279,9999.000,9999.000,9999.000,9999.000,9999.000,9999.000,9999.000
202607230612,   2.848,   3.279,9999.000,9999.000,9999.000,9999.000,9999.000,9999.000,9999.000
202607230618,   2.876,   3.309,9999.000,9999.000,9999.000,9999.000,9999.000,9999.000,9999.000
202607230624,   2.902,   3.309,9999.000,9999.000,9999.000,9999.000,9999.000,9999.000,9999.000
202607230630,   2.926,   3.368,9999.000,9999.000,9999.000,9999.000,9999.000,9999.000,9999.000
202607230636,   2.948,   3.378,9999.000,9999.000,9999.000,9999.000,9999.000,9999.000,9999.000
202607230642,   2.969,   3.358,9999.000,9999.000,9999.000,9999.000,9999.000,9999.000,9999.000
202607230648,   2.988,   3.240,9999.000,9999.000,9999.000,9999.000,9999.000,9999.000,9999.000
202607230654,   3.005,   3.230,9999.000,9999.000,9999.000,9999.000,9999.000,9999.000,9999.000
202607230700,   3.021,   3.250,   0.000,   0.229,   3.250,   0.000,   3.250,   0.100,   3.350
202607230706,   3.035,   3.148,9999.000,9999.000,9999.000,9999.000,9999.000,9999.000,9999.000
202607230712,   3.047,   3.158,9999.000,9999.000,9999.000,9999.000,9999.000,9999.000,9999.000
202607230718,   3.058,   3.329,9999.000,9999.000,9999.000,9999.000,9999.000,9999.000,9999.000
202607230724,   3.066,   3.368,9999.000,9999.000,9999.000,9999.000,9999.000,9999.000,9999.000
202607230730,   3.073,   3.289,9999.000,9999.000,9999.000,9999.000,9999.000,9999.000,9999.000
202607230736,   3.078,   3.319,9999.000,9999.000,9999.000,9999.000,9999.000,9999.000,9999.000
202607230742,   3.081,   3.348,9999.000,9999.000,9999.000,9999.000,9999.000,9999.000,9999.000
202607230748,   3.082,   3.270,9999.000,9999.000,9999.000,9999.000,9999.000,9999.000,9999.000
202607230754,   3.081,   3.250,9999.000,9999.000,9999.000,9999.000,9999.000,9999.000,9999.000
202607230800,   3.077,   3.168,   0.000,   0.091,   3.168,   0.000,   3.168,   0.100,   3.268
202607230806,   3.072,   3.240,9999.000,9999.000,9999.000,9999.000,9999.000,9999.000,9999.000
202607230812,   3.064,   3.240,9999.000,9999.000,9999.000,9999.000,9999.000,9999.000,9999.000
202607230818,   3.055,   3.279,9999.000,9999.000,9999.000,9999.000,9999.000,9999.000,9999.000
202607230824,   3.043,   3.207,9999.000,9999.000,9999.000,9999.000,9999.000,9999.000,9999.000
202607230830,   3.028,   3.207,9999.000,9999.000,9999.000,9999.000,9999.000,9999.000,9999.000
202607230836,   3.012,   3.138,9999.000,9999.000,9999.000,9999.000,9999.000,9999.000,9999.000
202607230842,   2.993,   3.017,9999.000,9999.000,9999.000,9999.000,9999.000,9999.000,9999.000
202607230848,   2.971,   3.079,9999.000,9999.000,9999.000,9999.000,9999.000,9999.000,9999.000
202607230854,   2.947,   3.007,9999.000,9999.000,9999.000,9999.000,9999.000,9999.000,9999.000
202607230900,   2.921,   2.948,   0.100,  -0.073,   2.948,   0.000,   2.848,   0.100,   2.948
202607230906,   2.893,   3.050,9999.000,9999.000,9999.000,9999.000,9999.000,9999.000,9999.000
202607230912,   2.862,   3.050,9999.000,9999.000,9999.000,9999.000,9999.000,9999.000,9999.000
202607230918,   2.829,   2.978,9999.000,9999.000,9999.000,9999.000,9999.000,9999.000,9999.000
202607230924,   2.794,   2.929,9999.000,9999.000,9999.000,9999.000,9999.000,9999.000,9999.000
202607230930,   2.756,   2.869,9999.000,9999.000,9999.000,9999.000,9999.000,9999.000,9999.000
202607230936,   2.716,   2.787,9999.000,9999.000,9999.000,9999.000,9999.000,9999.000,9999.000
202607230942,   2.675,   2.699,9999.000,9999.000,9999.000,9999.000,9999.000,9999.000,9999.000
202607230948,   2.631,   2.728,9999.000,9999.000,9999.000,9999.000,9999.000,9999.000,9999.000
202607230954,   2.585,   2.669,9999.000,9999.000,9999.000,9999.000,9999.000,9999.000,9999.000
202607231000,   2.537,   2.558,   0.100,  -0.079,   2.558,   0.000,   2.458,   0.100,   2.558
202607231006,   2.488,   2.568,9999.000,9999.000,9999.000,9999.000,9999.000,9999.000,9999.000
202607231012,   2.438,   2.568,9999.000,9999.000,9999.000,9999.000,9999.000,9999.000,9999.000
202607231018,   2.385,   2.459,9999.000,9999.000,9999.000,9999.000,9999.000,9999.000,9999.000
202607231024,   2.332,   2.440,9999.000,9999.000,9999.000,9999.000,9999.000,9999.000,9999.000
202607231030,   2.278,   2.377,9999.000,9999.000,9999.000,9999.000,9999.000,9999.000,9999.000
202607231036,   2.222,   2.358,9999.000,9999.000,9999.000,9999.000,9999.000,9999.000,9999.000
202607231042,   2.166,   2.430,9999.000,9999.000,9999.000,9999.000,9999.000,9999.000,9999.000
202607231048,   2.110,   2.387,9999.000,9999.000,9999.000,9999.000,9999.000,9999.000,9999.000
202607231054,   2.053,   2.210,9999.000,9999.000,9999.000,9999.000,9999.000,9999.000,9999.000
202607231100,   1.996,   2.089,   0.100,  -0.007,   2.089,   0.000,   1.989,   0.200,   2.189
202607231106,   1.939,   2.020,9999.000,9999.000,9999.000,9999.000,9999.000,9999.000,9999.000
202607231112,   1.882,   2.020,9999.000,9999.000,9999.000,9999.000,9999.000,9999.000,9999.000
202607231118,   1.825,   1.928,9999.000,9999.000,9999.000,9999.000,9999.000,9999.000,9999.000
202607231124,   1.769,   1.908,9999.000,9999.000,9999.000,9999.000,9999.000,9999.000,9999.000
202607231130,   1.713,   1.899,9999.000,9999.000,9999.000,9999.000,9999.000,9999.000,9999.000
202607231136,   1.658,   1.840,9999.000,9999.000,9999.000,9999.000,9999.000,9999.000,9999.000
202607231142,   1.605,   1.810,9999.000,9999.000,9999.000,9999.000,9999.000,9999.000,9999.000
202607231148,   1.552,   1.767,9999.000,9999.000,9999.000,9999.000,9999.000,9999.000,9999.000
202607231154,   1.501,   1.649,9999.000,9999.000,9999.000,9999.000,9999.000,9999.000,9999.000
202607231200,   1.452,   1.600,   0.100,   0.048,   1.600,   0.000,   1.500,   0.200,   1.700
202607231206,   1.404,   1.590,9999.000,9999.000,9999.000,9999.000,9999.000,9999.000,9999.000
202607231212,   1.358,   1.590,9999.000,9999.000,9999.000,9999.000,9999.000,9999.000,9999.000
202607231218,   1.314,   1.580,9999.000,9999.000,9999.000,9999.000,9999.000,9999.000,9999.000
202607231224,   1.272,   1.590,9999.000,9999.000,9999.000,9999.000,9999.000,9999.000,9999.000
202607231230,   1.232,   1.580,9999.000,9999.000,9999.000,9999.000,9999.000,9999.000,9999.000
202607231236,   1.195,   1.548,9999.000,9999.000,9999.000,9999.000,9999.000,9999.000,9999.000
202607231242,   1.160,   1.508,9999.000,9999.000,9999.000,9999.000,9999.000,9999.000,9999.000
202607231248,   1.128,   1.498,9999.000,9999.000,9999.000,9999.000,9999.000,9999.000,9999.000
202607231254,   1.099,   1.318,9999.000,9999.000,9999.000,9999.000,9999.000,9999.000,9999.000
202607231300,   1.073,   1.239,   0.100,   0.066,   1.239,   0.000,   1.139,   0.200,   1.339
202607231306,   1.050,   1.269,9999.000,9999.000,9999.000,9999.000,9999.000,9999.000,9999.000
202607231312,   1.030,   1.269,9999.000,9999.000,9999.000,9999.000,9999.000,9999.000,9999.000
202607231318,   1.014,   1.269,9999.000,9999.000,9999.000,9999.000,9999.000,9999.000,9999.000
202607231324,   1.001,   1.239,9999.000,9999.000,9999.000,9999.000,9999.000,9999.000,9999.000
202607231330,   0.992,   1.220,9999.000,9999.000,9999.000,9999.000,9999.000,9999.000,9999.000
202607231336,   0.987,   1.180,9999.000,9999.000,9999.000,9999.000,9999.000,9999.000,9999.000
202607231342,   0.985,   1.151,9999.000,9999.000,9999.000,9999.000,9999.000,9999.000,9999.000
202607231348,   0.987,   1.118,9999.000,9999.000,9999.000,9999.000,9999.000,9999.000,9999.000
202607231354,   0.993,   1.118,9999.000,9999.000,9999.000,9999.000,9999.000,9999.000,9999.000
202607231400,   1.003,   1.170,   0.100,   0.067,   1.170,   0.000,   1.070,   0.200,   1.270
202607231406,   1.017,   1.170,9999.000,9999.000,9999.000,9999.000,9999.000,9999.000,9999.000
202607231412,   1.035,   1.170,9999.000,9999.000,9999.000,9999.000,9999.000,9999.000,9999.000
202607231418,   1.057,   1.239,9999.000,9999.000,9999.000,9999.000,9999.000,9999.000,9999.000
202607231424,   1.083,   1.338,9999.000,9999.000,9999.000,9999.000,9999.000,9999.000,9999.000
202607231430,   1.113,   1.371,9999.000,9999.000,9999.000,9999.000,9999.000,9999.000,9999.000
202607231436,   1.146,   1.371,9999.000,9999.000,9999.000,9999.000,9999.000,9999.000,9999.000
202607231442,   1.184,   1.338,9999.000,9999.000,9999.000,9999.000,9999.000,9999.000,9999.000
202607231448,   1.224,   1.371,9999.000,9999.000,9999.000,9999.000,9999.000,9999.000,9999.000
202607231454,   1.268,   1.449,9999.000,9999.000,9999.000,9999.000,9999.000,9999.000,9999.000
202607231500,   1.316,   1.449,   0.100,   0.033,   1.449,   0.000,   1.349,   0.200,   1.549
202607231506,   1.366,   1.489,9999.000,9999.000,9999.000,9999.000,9999.000,9999.000,9999.000
202607231512,   1.420,   1.498,9999.000,9999.000,9999.000,9999.000,9999.000,9999.000,9999.000
202607231518,   1.476,   1.600,9999.000,9999.000,9999.000,9999.000,9999.000,9999.000,9999.000
202607231524,   1.535,   1.610,9999.000,9999.000,9999.000,9999.000,9999.000,9999.000,9999.000
202607231530,   1.596,   1.580,9999.000,9999.000,9999.000,9999.000,9999.000,9999.000,9999.000
202607231536,   1.659,   1.630,9999.000,9999.000,9999.000,9999.000,9999.000,9999.000,9999.000
202607231542,   1.724,   1.679,9999.000,9999.000,9999.000,9999.000,9999.000,9999.000,9999.000
202607231548,   1.791,   1.781,9999.000,9999.000,9999.000,9999.000,9999.000,9999.000,9999.000
202607231554,   1.859,   1.840,9999.000,9999.000,9999.000,9999.000,9999.000,9999.000,9999.000
202607231600,   1.928,   2.040,   0.100,   0.012,   2.040,   0.000,   1.940,   0.200,   2.140
202607231606,   1.998,   2.128,9999.000,9999.000,9999.000,9999.000,9999.000,9999.000,9999.000
202607231612,   2.069,   2.128,9999.000,9999.000,9999.000,9999.000,9999.000,9999.000,9999.000
202607231618,   2.141,   2.191,9999.000,9999.000,9999.000,9999.000,9999.000,9999.000,9999.000
202607231624,   2.212,   2.250,9999.000,9999.000,9999.000,9999.000,9999.000,9999.000,9999.000
202607231630,   2.284,   2.318,9999.000,9999.000,9999.000,9999.000,9999.000,9999.000,9999.000
202607231636,   2.356,   2.450,9999.000,9999.000,9999.000,9999.000,9999.000,9999.000,9999.000
202607231642,   2.428,   2.548,9999.000,9999.000,9999.000,9999.000,9999.000,9999.000,9999.000
202607231648,   2.499,   2.610,9999.000,9999.000,9999.000,9999.000,9999.000,9999.000,9999.000
202607231654,   2.569,   2.738,9999.000,9999.000,9999.000,9999.000,9999.000,9999.000,9999.000
202607231700,   2.639,   2.909,   0.100,   0.170,   2.909,   0.000,   2.809,   0.200,   3.009
202607231706,   2.707,   2.978,9999.000,9999.000,9999.000,9999.000,9999.000,9999.000,9999.000
202607231712,   2.775,   3.040,9999.000,9999.000,9999.000,9999.000,9999.000,9999.000,9999.000
202607231718,   2.842,   3.158,9999.000,9999.000,9999.000,9999.000,9999.000,9999.000,9999.000
202607231724,   2.907,   3.158,9999.000,9999.000,9999.000,9999.000,9999.000,9999.000,9999.000
202607231730,   2.971,   3.217,9999.000,9999.000,9999.000,9999.000,9999.000,9999.000,9999.000
202607231736,   3.033,   3.289,9999.000,9999.000,9999.000,9999.000,9999.000,9999.000,9999.000
202607231742,   3.094,   3.319,9999.000,9999.000,9999.000,9999.000,9999.000,9999.000,9999.000
202607231748,   3.153,   3.378,9999.000,9999.000,9999.000,9999.000,9999.000,9999.000,9999.000
202607231754,   3.211,   3.417,9999.000,9999.000,9999.000,9999.000,9999.000,9999.000,9999.000
202607231800,   3.267,   3.509,   0.100,   0.142,   3.509,   0.100,   3.509,   0.200,   3.609
202607231806,   3.321,   3.548,9999.000,9999.000,9999.000,9999.000,9999.000,9999.000,9999.000
202607231812,   3.373,   3.548,9999.000,9999.000,9999.000,9999.000,9999.000,9999.000,9999.000
202607231818,   3.424,   3.749,9999.000,9999.000,9999.000,9999.000,9999.000,9999.000,9999.000
202607231824,   3.473,   3.749,9999.000,9999.000,9999.000,9999.000,9999.000,9999.000,9999.000
202607231830,   3.519,   3.827,9999.000,9999.000,9999.000,9999.000,9999.000,9999.000,9999.000
202607231836,   3.564,   3.860,9999.000,9999.000,9999.000,9999.000,9999.000,9999.000,9999.000
202607231842,   3.607,   3.909,9999.000,9999.000,9999.000,9999.000,9999.000,9999.000,9999.000
202607231848,   3.648,   4.017,9999.000,9999.000,9999.000,9999.000,9999.000,9999.000,9999.000
202607231854,   3.687,   4.109,9999.000,9999.000,9999.000,9999.000,9999.000,9999.000,9999.000
202607231900,   3.724,   4.149,   0.100,   0.325,   4.149,   0.100,   4.149,   0.200,   4.249
202607231906,   3.759,   4.218,9999.000,9999.000,9999.000,9999.000,9999.000,9999.000,9999.000
202607231912,   3.792,   4.218,9999.000,9999.000,9999.000,9999.000,9999.000,9999.000,9999.000
202607231918,   3.822,   4.257,9999.000,9999.000,9999.000,9999.000,9999.000,9999.000,9999.000
202607231924,   3.851,   4.267,9999.000,9999.000,9999.000,9999.000,9999.000,9999.000,9999.000
202607231930,   3.877,   4.257,9999.000,9999.000,9999.000,9999.000,9999.000,9999.000,9999.000
202607231936,   3.901,   4.319,9999.000,9999.000,9999.000,9999.000,9999.000,9999.000,9999.000
202607231942,   3.923,   4.349,9999.000,9999.000,9999.000,9999.000,9999.000,9999.000,9999.000
202607231948,   3.943,   4.349,9999.000,9999.000,9999.000,9999.000,9999.000,9999.000,9999.000
202607231954,   3.960,   4.368,9999.000,9999.000,9999.000,9999.000,9999.000,9999.000,9999.000
202607232000,   3.974,   4.408,   0.100,   0.334,   4.408,   0.100,   4.408,   0.200,   4.508
202607232006,   3.987,   4.378,9999.000,9999.000,9999.000,9999.000,9999.000,9999.000,9999.000
202607232012,   3.996,   4.378,9999.000,9999.000,9999.000,9999.000,9999.000,9999.000,9999.000
202607232018,   4.003,   4.378,9999.000,9999.000,9999.000,9999.000,9999.000,9999.000,9999.000
202607232024,   4.008,   4.378,9999.000,9999.000,9999.000,9999.000,9999.000,9999.000,9999.000
202607232030,   4.010,   4.447,9999.000,9999.000,9999.000,9999.000,9999.000,9999.000,9999.000
202607232036,   4.009,   4.437,9999.000,9999.000,9999.000,9999.000,9999.000,9999.000,9999.000
202607232042,   4.005,   4.427,9999.000,9999.000,9999.000,9999.000,9999.000,9999.000,9999.000
202607232048,   3.999,   4.437,9999.000,9999.000,9999.000,9999.000,9999.000,9999.000,9999.000
202607232054,   3.989,   4.378,9999.000,9999.000,9999.000,9999.000,9999.000,9999.000,9999.000
202607232100,   3.977,   4.309,   0.100,   0.232,   4.309,   0.100,   4.309,   0.200,   4.409
202607232106,   3.962,   4.319,9999.000,9999.000,9999.000,9999.000,9999.000,9999.000,9999.000
202607232112,   3.945,   4.319,9999.000,9999.000,9999.000,9999.000,9999.000,9999.000,9999.000
202607232118,   3.924,   4.257,9999.000,9999.000,9999.000,9999.000,9999.000,9999.000,9999.000
202607232124,   3.900,   4.198,9999.000,9999.000,9999.000,9999.000,9999.000,9999.000,9999.000
202607232130,   3.874,   4.159,9999.000,9999.000,9999.000,9999.000,9999.000,9999.000,9999.000
202607232136,   3.844,   4.119,9999.000,9999.000,9999.000,9999.000,9999.000,9999.000,9999.000
202607232142,   3.812,   4.080,9999.000,9999.000,9999.000,9999.000,9999.000,9999.000,9999.000
202607232148,   3.777,   3.988,9999.000,9999.000,9999.000,9999.000,9999.000,9999.000,9999.000
202607232154,   3.739,   3.958,9999.000,9999.000,9999.000,9999.000,9999.000,9999.000,9999.000
202607232200,   3.698,   3.890,   0.200,  -0.008,   3.890,   0.100,   3.790,   0.200,   3.890
202607232206,   3.655,   3.798,9999.000,9999.000,9999.000,9999.000,9999.000,9999.000,9999.000
202607232212,   3.610,   3.798,9999.000,9999.000,9999.000,9999.000,9999.000,9999.000,9999.000
202607232218,   3.561,   3.719,9999.000,9999.000,9999.000,9999.000,9999.000,9999.000,9999.000
202607232224,   3.511,   3.637,9999.000,9999.000,9999.000,9999.000,9999.000,9999.000,9999.000
202607232230,   3.458,   3.568,9999.000,9999.000,9999.000,9999.000,9999.000,9999.000,9999.000
202607232236,   3.403,   3.499,9999.000,9999.000,9999.000,9999.000,9999.000,9999.000,9999.000
202607232242,   3.346,   3.460,9999.000,9999.000,9999.000,9999.000,9999.000,9999.000,9999.000
202607232248,   3.288,   3.339,9999.000,9999.000,9999.000,9999.000,9999.000,9999.000,9999.000
202607232254,   3.228,   3.217,9999.000,9999.000,9999.000,9999.000,9999.000,9999.000,9999.000
202607232300,   3.166,   3.070,   0.200,  -0.296,   3.070,   0.100,   2.970,   0.200,   3.070
202607232306,   3.103,   2.988,9999.000,9999.000,9999.000,9999.000,9999.000,9999.000,9999.000
202607232312,   3.038,   2.997,9999.000,9999.000,9999.000,9999.000,9999.000,9999.000,9999.000
202607232318,   2.973,   2.850,9999.000,9999.000,9999.000,9999.000,9999.000,9999.000,9999.000
202607232324,   2.907,   2.758,9999.000,9999.000,9999.000,9999.000,9999.000,9999.000,9999.000
202607232330,   2.840,   2.689,9999.000,9999.000,9999.000,9999.000,9999.000,9999.000,9999.000
202607232336,   2.772,   2.640,9999.000,9999.000,9999.000,9999.000,9999.000,9999.000,9999.000
202607232342,   2.704,   2.578,9999.000,9999.000,9999.000,9999.000,9999.000,9999.000,9999.000
202607232348,   2.636,   2.469,9999.000,9999.000,9999.000,9999.000,9999.000,9999.000,9999.000
202607232354,   2.567,   2.377,9999.000,9999.000,9999.000,9999.000,9999.000,9999.000,9999.000
202607240000,   2.499,   2.299,   0.200,  -0.400,   2.299,   0.100,   2.199,   0.200,   2.299
202607240006,   2.431,   2.220,9999.000,9999.000,9999.000,9999.000,9999.000,9999.000,9999.000
202607240012,   2.363,   2.220,9999.000,9999.000,9999.000,9999.000,9999.000,9999.000,9999.000
202607240018,   2.295,   2.128,9999.000,9999.000,9999.000,9999.000,9999.000,9999.000,9999.000
202607240024,   2.228,   2.079,9999.000,9999.000,9999.000,9999.000,9999.000,9999.000,9999.000
202607240030,   2.162,   2.030,9999.000,9999.000,9999.000,9999.000,9999.000,9999.000,9999.000
202607240036,   2.097,   1.948,9999.000,9999.000,9999.000,9999.000,9999.000,9999.000,9999.000
202607240042,   2.032,   1.859,9999.000,9999.000,9999.000,9999.000,9999.000,9999.000,9999.000
202607240048,   1.969,   1.781,9999.000,9999.000,9999.000,9999.000,9999.000,9999.000,9999.000
202607240054,   1.907,   1.659,9999.000,9999.000,9999.000,9999.000,9999.000,9999.000,9999.000
202607240100,   1.847,   1.580,   0.200,  -0.467,   1.580,   0.100,   1.480,   0.200,   1.580
202607240106,   1.789,   1.538,9999.000,9999.000,9999.000,9999.000,9999.000,9999.000,9999.000
202607240112,   1.732,   1.538,9999.000,9999.000,9999.000,9999.000,9999.000,9999.000,9999.000
202607240118,   1.677,   1.489,9999.000,9999.000,9999.000,9999.000,9999.000,9999.000,9999.000
202607240124,   1.625,   1.449,9999.000,9999.000,9999.000,9999.000,9999.000,9999.000,9999.000
202607240130,   1.575,   1.400,9999.000,9999.000,9999.000,9999.000,9999.000,9999.000,9999.000
202607240136,   1.528,   1.348,9999.000,9999.000,9999.000,9999.000,9999.000,9999.000,9999.000
202607240142,   1.483,   1.328,9999.000,9999.000,9999.000,9999.000,9999.000,9999.000,9999.000
202607240148,   1.442,   1.298,9999.000,9999.000,9999.000,9999.000,9999.000,9999.000,9999.000
202607240154,   1.404,   1.289,9999.000,9999.000,9999.000,9999.000,9999.000,9999.000,9999.000
202607240200,   1.369,   1.318,   0.200,  -0.251,   1.318,   0.100,   1.218,   0.200,   1.318
202607240206,   1.337,   1.308,9999.000,9999.000,9999.000,9999.000,9999.000,9999.000,9999.000
202607240212,   1.309,   1.308,9999.000,9999.000,9999.000,9999.000,9999.000,9999.000,9999.000
202607240218,   1.285,   1.279,9999.000,9999.000,9999.000,9999.000,9999.000,9999.000,9999.000
202607240224,   1.265,   1.259,9999.000,9999.000,9999.000,9999.000,9999.000,9999.000,9999.000
202607240230,   1.248,   1.180,9999.000,9999.000,9999.000,9999.000,9999.000,9999.000,9999.000
202607240236,   1.236,   1.180,9999.000,9999.000,9999.000,9999.000,9999.000,9999.000,9999.000
202607240242,   1.228,   1.259,9999.000,9999.000,9999.000,9999.000,9999.000,9999.000,9999.000
202607240248,   1.223,   1.279,9999.000,9999.000,9999.000,9999.000,9999.000,9999.000,9999.000
202607240254,   1.223,   1.279,9999.000,9999.000,9999.000,9999.000,9999.000,9999.000,9999.000
202607240300,   1.227,   1.298,   0.200,  -0.129,   1.298,   0.100,   1.198,   0.200,   1.298
202607240306,   1.234,   1.239,9999.000,9999.000,9999.000,9999.000,9999.000,9999.000,9999.000
202607240312,   1.246,   1.239,9999.000,9999.000,9999.000,9999.000,9999.000,9999.000,9999.000
202607240318,   1.261,   1.200,9999.000,9999.000,9999.000,9999.000,9999.000,9999.000,9999.000
202607240324,   1.279,   1.249,9999.000,9999.000,9999.000,9999.000,9999.000,9999.000,9999.000
202607240330,   1.301,   1.298,9999.000,9999.000,9999.000,9999.000,9999.000,9999.000,9999.000
202607240336,   1.326,   1.328,9999.000,9999.000,9999.000,9999.000,9999.000,9999.000,9999.000
202607240342,   1.354,   1.380,9999.000,9999.000,9999.000,9999.000,9999.000,9999.000,9999.000
202607240348,   1.384,   1.430,9999.000,9999.000,9999.000,9999.000,9999.000,9999.000,9999.000
202607240354,   1.417,   1.390,9999.000,9999.000,9999.000,9999.000,9999.000,9999.000,9999.000
202607240400,   1.453,   1.459,   0.200,  -0.194,   1.459,   0.100,   1.359,   0.200,   1.459
202607240406,   1.491,   1.449,9999.000,9999.000,9999.000,9999.000,9999.000,9999.000,9999.000
202607240412,   1.530,   1.449,9999.000,9999.000,9999.000,9999.000,9999.000,9999.000,9999.000
202607240418,   1.571,   1.489,9999.000,9999.000,9999.000,9999.000,9999.000,9999.000,9999.000
202607240424,   1.614,   1.590,9999.000,9999.000,9999.000,9999.000,9999.000,9999.000,9999.000
202607240430,   1.657,   1.610,9999.000,9999.000,9999.000,9999.000,9999.000,9999.000,9999.000
202607240436,   1.702,   1.630,9999.000,9999.000,9999.000,9999.000,9999.000,9999.000,9999.000
202607240442,   1.747,   1.767,9999.000,9999.000,9999.000,9999.000,9999.000,9999.000,9999.000
202607240448,   1.793,   1.830,9999.000,9999.000,9999.000,9999.000,9999.000,9999.000,9999.000
202607240454,   1.840,   1.810,9999.000,9999.000,9999.000,9999.000,9999.000,9999.000,9999.000
202607240500,   1.886,   1.889,   0.200,  -0.197,   1.889,   0.100,   1.789,   0.200,   1.889
202607240506,   1.933,   1.948,9999.000,9999.000,9999.000,9999.000,9999.000,9999.000,9999.000
202607240512,   1.979,   1.948,9999.000,9999.000,9999.000,9999.000,9999.000,9999.000,9999.000
202607240518,   2.026,   2.010,9999.000,9999.000,9999.000,9999.000,9999.000,9999.000,9999.000
202607240524,   2.072,   2.079,9999.000,9999.000,9999.000,9999.000,9999.000,9999.000,9999.000
202607240530,   2.117,   2.138,9999.000,9999.000,9999.000,9999.000,9999.000,9999.000,9999.000
202607240536,   2.162,   2.200,9999.000,9999.000,9999.000,9999.000,9999.000,9999.000,9999.000
202607240542,   2.206,   2.220,9999.000,9999.000,9999.000,9999.000,9999.000,9999.000,9999.000
202607240548,   2.249,   2.250,9999.000,9999.000,9999.000,9999.000,9999.000,9999.000,9999.000
202607240554,   2.291,   2.318,9999.000,9999.000,9999.000,9999.000,9999.000,9999.000,9999.000
202607240600,   2.332,   2.469,   0.200,  -0.063,   2.469,   0.100,   2.369,   0.200,   2.469
202607240606,   2.373,   2.528,9999.000,9999.000,9999.000,9999.000,9999.000,9999.000,9999.000
202607240612,   2.412,   2.528,9999.000,9999.000,9999.000,9999.000,9999.000,9999.000,9999.000
202607240618,   2.450,   2.528,9999.000,9999.000,9999.000,9999.000,9999.000,9999.000,9999.000
202607240624,   2.488,   2.568,9999.000,9999.000,9999.000,9999.000,9999.000,9999.000,9999.000
202607240630,   2.524,   2.650,9999.000,9999.000,9999.000,9999.000,9999.000,9999.000,9999.000
202607240636,   2.558,   2.669,9999.000,9999.000,9999.000,9999.000,9999.000,9999.000,9999.000
202607240642,   2.592,   2.669,9999.000,9999.000,9999.000,9999.000,9999.000,9999.000,9999.000
202607240648,   2.624,   2.748,9999.000,9999.000,9999.000,9999.000,9999.000,9999.000,9999.000
202607240654,   2.656,   2.797,9999.000,9999.000,9999.000,9999.000,9999.000,9999.000,9999.000
202607240700,   2.686,   2.850,   0.200,  -0.036,   2.850,   0.100,   2.750,   0.200,   2.850
202607240706,   2.714,   2.948,9999.000,9999.000,9999.000,9999.000,9999.000,9999.000,9999.000
202607240712,   2.742,   2.948,9999.000,9999.000,9999.000,9999.000,9999.000,9999.000,9999.000
202607240718,   2.768,   2.997,9999.000,9999.000,9999.000,9999.000,9999.000,9999.000,9999.000
202607240724,   2.793,   3.007,9999.000,9999.000,9999.000,9999.000,9999.000,9999.000,9999.000
202607240730,   2.816,   3.017,9999.000,9999.000,9999.000,9999.000,9999.000,9999.000,9999.000
202607240736,   2.838,   3.060,9999.000,9999.000,9999.000,9999.000,9999.000,9999.000,9999.000
202607240742,   2.859,   3.089,9999.000,9999.000,9999.000,9999.000,9999.000,9999.000,9999.000
202607240748,   2.878,   3.070,9999.000,9999.000,9999.000,9999.000,9999.000,9999.000,9999.000
202607240754,   2.895,   3.079,9999.000,9999.000,9999.000,9999.000,9999.000,9999.000,9999.000
202607240800,   2.911,   3.148,   0.200,   0.037,   3.148,   0.100,   3.048,   0.200,   3.148
202607240806,   2.926,   3.119,9999.000,9999.000,9999.000,9999.000,9999.000,9999.000,9999.000
202607240812,   2.939,   3.119,9999.000,9999.000,9999.000,9999.000,9999.000,9999.000,9999.000
202607240818,   2.950,   3.168,9999.000,9999.000,9999.000,9999.000,9999.000,9999.000,9999.000
202607240824,   2.959,   3.217,9999.000,9999.000,9999.000,9999.000,9999.000,9999.000,9999.000
202607240830,   2.966,   3.240,9999.000,9999.000,9999.000,9999.000,9999.000,9999.000,9999.000
202607240836,   2.972,   3.207,9999.000,9999.000,9999.000,9999.000,9999.000,9999.000,9999.000
202607240842,   2.975,   3.217,9999.000,9999.000,9999.000,9999.000,9999.000,9999.000,9999.000
202607240848,   2.977,   3.270,9999.000,9999.000,9999.000,9999.000,9999.000,9999.000,9999.000
202607240854,   2.976,   3.250,9999.000,9999.000,9999.000,9999.000,9999.000,9999.000,9999.000
202607240900,   2.974,   3.250,   0.200,   0.076,   3.250,   0.100,   3.150,   0.200,   3.250
202607240906,   2.969,   3.188,9999.000,9999.000,9999.000,9999.000,9999.000,9999.000,9999.000
202607240912,   2.961,   3.188,9999.000,9999.000,9999.000,9999.000,9999.000,9999.000,9999.000
202607240918,   2.952,   3.178,9999.000,9999.000,9999.000,9999.000,9999.000,9999.000,9999.000
202607240924,   2.940,   3.230,9999.000,9999.000,9999.000,9999.000,9999.000,9999.000,9999.000
202607240930,   2.925,   3.178,9999.000,9999.000,9999.000,9999.000,9999.000,9999.000,9999.000
202607240936,   2.909,   3.109,9999.000,9999.000,9999.000,9999.000,9999.000,9999.000,9999.000
202607240942,   2.889,   3.109,9999.000,9999.000,9999.000,9999.000,9999.000,9999.000,9999.000
202607240948,   2.868,   3.070,9999.000,9999.000,9999.000,9999.000,9999.000,9999.000,9999.000
202607240954,   2.844,   3.007,9999.000,9999.000,9999.000,9999.000,9999.000,9999.000,9999.000
202607241000,   2.817,   2.968,   0.200,  -0.049,   2.968,   0.100,   2.868,   0.200,   2.968
202607241006,   2.789,   2.869,9999.000,9999.000,9999.000,9999.000,9999.000,9999.000,9999.000
202607241012,   2.757,   2.768,9999.000,9999.000,9999.000,9999.000,9999.000,9999.000,9999.000
202607241018,   2.724,   2.728,9999.000,9999.000,9999.000,9999.000,9999.000,9999.000,9999.000
202607241024,   2.689,   2.709,9999.000,9999.000,9999.000,9999.000,9999.000,9999.000,9999.000
202607241030,   2.651,   2.650,9999.000,9999.000,9999.000,9999.000,9999.000,9999.000,9999.000
202607241036,   2.612,   2.587,9999.000,9999.000,9999.000,9999.000,9999.000,9999.000,9999.000
202607241042,   2.570,   2.538,9999.000,9999.000,9999.000,9999.000,9999.000,9999.000,9999.000
202607241048,   2.527,   2.489,9999.000,9999.000,9999.000,9999.000,9999.000,9999.000,9999.000
202607241054,   2.482,   2.430,9999.000,9999.000,9999.000,9999.000,9999.000,9999.000,9999.000
202607241100,   2.436,   2.377,   0.200,  -0.259,   2.377,   0.200,   2.377,   0.200,   2.377
202607241106,   2.389,   2.328,9999.000,9999.000,9999.000,9999.000,9999.000,9999.000,9999.000
202607241112,   2.340,   2.328,9999.000,9999.000,9999.000,9999.000,9999.000,9999.000,9999.000
202607241118,   2.291,   2.269,9999.000,9999.000,9999.000,9999.000,9999.000,9999.000,9999.000
202607241124,   2.241,   2.220,9999.000,9999.000,9999.000,9999.000,9999.000,9999.000,9999.000
202607241130,   2.190,   2.191,9999.000,9999.000,9999.000,9999.000,9999.000,9999.000,9999.000
202607241136,   2.138,   2.148,9999.000,9999.000,9999.000,9999.000,9999.000,9999.000,9999.000
202607241142,   2.086,   2.089,9999.000,9999.000,9999.000,9999.000,9999.000,9999.000,9999.000
202607241148,   2.034,   2.030,9999.000,9999.000,9999.000,9999.000,9999.000,9999.000,9999.000
202607241154,   1.982,   1.928,9999.000,9999.000,9999.000,9999.000,9999.000,9999.000,9999.000
202607241200,   1.930,   1.869,   0.200,  -0.261,   1.869,   0.200,   1.869,   0.200,   1.869
202607241206,   1.879,   1.830,9999.000,9999.000,9999.000,9999.000,9999.000,9999.000,9999.000
202607241212,   1.827,   1.830,9999.000,9999.000,9999.000,9999.000,9999.000,9999.000,9999.000
202607241218,   1.777,   1.800,9999.000,9999.000,9999.000,9999.000,9999.000,9999.000,9999.000
202607241224,   1.726,   1.748,9999.000,9999.000,9999.000,9999.000,9999.000,9999.000,9999.000
202607241230,   1.677,   1.699,9999.000,9999.000,9999.000,9999.000,9999.000,9999.000,9999.000
202607241236,   1.628,   1.630,9999.000,9999.000,9999.000,9999.000,9999.000,9999.000,9999.000
202607241242,   1.580,   1.580,9999.000,9999.000,9999.000,9999.000,9999.000,9999.000,9999.000
202607241248,   1.534,   1.528,9999.000,9999.000,9999.000,9999.000,9999.000,9999.000,9999.000
202607241254,   1.488,   1.498,9999.000,9999.000,9999.000,9999.000,9999.000,9999.000,9999.000
202607241300,   1.444,   1.400,   0.200,  -0.244,   1.400,   0.200,   1.400,   0.200,   1.400
202607241306,   1.402,   1.348,9999.000,9999.000,9999.000,9999.000,9999.000,9999.000,9999.000
202607241312,   1.361,   1.348,9999.000,9999.000,9999.000,9999.000,9999.000,9999.000,9999.000
202607241318,   1.322,   1.328,9999.000,9999.000,9999.000,9999.000,9999.000,9999.000,9999.000
202607241324,   1.285,   1.318,9999.000,9999.000,9999.000,9999.000,9999.000,9999.000,9999.000
202607241330,   1.250,   1.308,9999.000,9999.000,9999.000,9999.000,9999.000,9999.000,9999.000
202607241336,   1.217,   1.298,9999.000,9999.000,9999.000,9999.000,9999.000,9999.000,9999.000
202607241342,   1.187,   1.298,9999.000,9999.000,9999.000,9999.000,9999.000,9999.000,9999.000
202607241348,   1.159,   1.289,9999.000,9999.000,9999.000,9999.000,9999.000,9999.000,9999.000
202607241354,   1.134,   1.249,9999.000,9999.000,9999.000,9999.000,9999.000,9999.000,9999.000
202607241400,   1.112,   1.180,   0.200,  -0.132,   1.180,   0.200,   1.180,   0.300,   1.280
202607241406,   1.093,   1.190,9999.000,9999.000,9999.000,9999.000,9999.000,9999.000,9999.000
202607241412,   1.078,   1.190,9999.000,9999.000,9999.000,9999.000,9999.000,9999.000,9999.000
202607241418,   1.066,   1.180,9999.000,9999.000,9999.000,9999.000,9999.000,9999.000,9999.000
202607241424,   1.057,   1.151,9999.000,9999.000,9999.000,9999.000,9999.000,9999.000,9999.000
202607241430,   1.052,   1.138,9999.000,9999.000,9999.000,9999.000,9999.000,9999.000,9999.000
202607241436,   1.051,   1.190,9999.000,9999.000,9999.000,9999.000,9999.000,9999.000,9999.000
202607241442,   1.054,   1.190,9999.000,9999.000,9999.000,9999.000,9999.000,9999.000,9999.000
202607241448,   1.061,   1.190,9999.000,9999.000,9999.000,9999.000,9999.000,9999.000,9999.000
202607241454,   1.072,   1.210,9999.000,9999.000,9999.000,9999.000,9999.000,9999.000,9999.000
202607241500,   1.087,   1.249,   0.200,  -0.038,   1.249,   0.200,   1.249,   0.300,   1.349
202607241506,   1.106,   1.259,9999.000,9999.000,9999.000,9999.000,9999.000,9999.000,9999.000
202607241512,   1.129,   1.259,9999.000,9999.000,9999.000,9999.000,9999.000,9999.000,9999.000
202607241518,   1.156,   1.239,9999.000,9999.000,9999.000,9999.000,9999.000,9999.000,9999.000
202607241524,   1.187,   1.239,9999.000,9999.000,9999.000,9999.000,9999.000,9999.000,9999.000
202607241530,   1.222,   1.249,9999.000,9999.000,9999.000,9999.000,9999.000,9999.000,9999.000
202607241536,   1.260,   1.289,9999.000,9999.000,9999.000,9999.000,9999.000,9999.000,9999.000
202607241542,   1.302,   1.338,9999.000,9999.000,9999.000,9999.000,9999.000,9999.000,9999.000
202607241548,   1.348,   1.390,9999.000,9999.000,9999.000,9999.000,9999.000,9999.000,9999.000
202607241554,   1.397,   1.459,9999.000,9999.000,9999.000,9999.000,9999.000,9999.000,9999.000
202607241600,   1.449,   1.571,   0.300,  -0.178,   1.571,   0.200,   1.471,   0.300,   1.571
202607241606,   1.504,   1.620,9999.000,9999.000,9999.000,9999.000,9999.000,9999.000,9999.000
202607241612,   1.561,   1.620,9999.000,9999.000,9999.000,9999.000,9999.000,9999.000,9999.000
202607241618,   1.621,   1.679,9999.000,9999.000,9999.000,9999.000,9999.000,9999.000,9999.000
202607241624,   1.683,   1.767,9999.000,9999.000,9999.000,9999.000,9999.000,9999.000,9999.000
202607241630,   1.747,   1.849,9999.000,9999.000,9999.000,9999.000,9999.000,9999.000,9999.000
202607241636,   1.812,   1.899,9999.000,9999.000,9999.000,9999.000,9999.000,9999.000,9999.000
202607241642,   1.879,   1.948,9999.000,9999.000,9999.000,9999.000,9999.000,9999.000,9999.000
202607241648,   1.948,   2.040,9999.000,9999.000,9999.000,9999.000,9999.000,9999.000,9999.000
202607241654,   2.017,   2.200,9999.000,9999.000,9999.000,9999.000,9999.000,9999.000,9999.000
202607241700,   2.087,   2.269,   0.300,  -0.118,   2.269,   0.300,   2.269,   0.300,   2.269
202607241706,   2.157,   2.299,9999.000,9999.000,9999.000,9999.000,9999.000,9999.000,9999.000
202607241712,   2.228,   2.299,9999.000,9999.000,9999.000,9999.000,9999.000,9999.000,9999.000
202607241718,   2.299,   2.400,9999.000,9999.000,9999.000,9999.000,9999.000,9999.000,9999.000
202607241724,   2.370,   2.450,9999.000,9999.000,9999.000,9999.000,9999.000,9999.000,9999.000
202607241730,   2.440,   2.519,9999.000,9999.000,9999.000,9999.000,9999.000,9999.000,9999.000
202607241736,   2.511,   2.597,9999.000,9999.000,9999.000,9999.000,9999.000,9999.000,9999.000
202607241742,   2.580,   2.679,9999.000,9999.000,9999.000,9999.000,9999.000,9999.000,9999.000
202607241748,   2.649,   2.778,9999.000,9999.000,9999.000,9999.000,9999.000,9999.000,9999.000
202607241754,   2.717,   2.869,9999.000,9999.000,9999.000,9999.000,9999.000,9999.000,9999.000
202607241800,   2.785,   3.040,   0.300,  -0.045,   3.040,   0.300,   3.040,   0.300,   3.040
202607241806,   2.851,   3.119,9999.000,9999.000,9999.000,9999.000,9999.000,9999.000,9999.000
202607241812,   2.916,   3.119,9999.000,9999.000,9999.000,9999.000,9999.000,9999.000,9999.000
202607241818,   2.980,   3.178,9999.000,9999.000,9999.000,9999.000,9999.000,9999.000,9999.000
202607241824,   3.042,   3.260,9999.000,9999.000,9999.000,9999.000,9999.000,9999.000,9999.000
202607241830,   3.104,   3.299,9999.000,9999.000,9999.000,9999.000,9999.000,9999.000,9999.000
202607241836,   3.164,   3.398,9999.000,9999.000,9999.000,9999.000,9999.000,9999.000,9999.000
202607241842,   3.222,   3.480,9999.000,9999.000,9999.000,9999.000,9999.000,9999.000,9999.000
202607241848,   3.279,   3.588,9999.000,9999.000,9999.000,9999.000,9999.000,9999.000,9999.000
202607241854,   3.335,   3.627,9999.000,9999.000,9999.000,9999.000,9999.000,9999.000,9999.000
202607241900,   3.388,   3.808,   0.300,   0.120,   3.808,   0.300,   3.808,   0.300,   3.808
202607241906,   3.441,   3.880,9999.000,9999.000,9999.000,9999.000,9999.000,9999.000,9999.000
202607241912,   3.491,   3.880,9999.000,9999.000,9999.000,9999.000,9999.000,9999.000,9999.000
202607241918,   3.541,   3.909,9999.000,9999.000,9999.000,9999.000,9999.000,9999.000,9999.000
202607241924,   3.588,   3.929,9999.000,9999.000,9999.000,9999.000,9999.000,9999.000,9999.000
202607241930,   3.633,   3.968,9999.000,9999.000,9999.000,9999.000,9999.000,9999.000,9999.000
202607241936,   3.677,   4.027,9999.000,9999.000,9999.000,9999.000,9999.000,9999.000,9999.000
202607241942,   3.719,   4.057,9999.000,9999.000,9999.000,9999.000,9999.000,9999.000,9999.000
202607241948,   3.759,   4.149,9999.000,9999.000,9999.000,9999.000,9999.000,9999.000,9999.000
202607241954,   3.797,   4.237,9999.000,9999.000,9999.000,9999.000,9999.000,9999.000,9999.000
202607242000,   3.833,   4.267,   0.300,   0.134,   4.267,   0.300,   4.267,   0.400,   4.367
202607242006,   3.868,   4.280,9999.000,9999.000,9999.000,9999.000,9999.000,9999.000,9999.000
202607242012,   3.900,   4.280,9999.000,9999.000,9999.000,9999.000,9999.000,9999.000,9999.000
202607242018,   3.929,   4.329,9999.000,9999.000,9999.000,9999.000,9999.000,9999.000,9999.000
202607242024,   3.957,   4.349,9999.000,9999.000,9999.000,9999.000,9999.000,9999.000,9999.000
202607242030,   3.982,   4.359,9999.000,9999.000,9999.000,9999.000,9999.000,9999.000,9999.000
202607242036,   4.005,   4.408,9999.000,9999.000,9999.000,9999.000,9999.000,9999.000,9999.000
202607242042,   4.025,   4.427,9999.000,9999.000,9999.000,9999.000,9999.000,9999.000,9999.000
202607242048,   4.043,   4.480,9999.000,9999.000,9999.000,9999.000,9999.000,9999.000,9999.000
202607242054,   4.058,   4.500,9999.000,9999.000,9999.000,9999.000,9999.000,9999.000,9999.000
202607242100,   4.071,   4.509,   0.300,   0.138,   4.509,   0.300,   4.509,   0.400,   4.609
202607242106,   4.081,   4.467,9999.000,9999.000,9999.000,9999.000,9999.000,9999.000,9999.000
202607242112,   4.088,   4.467,9999.000,9999.000,9999.000,9999.000,9999.000,9999.000,9999.000
202607242118,   4.092,   4.490,9999.000,9999.000,9999.000,9999.000,9999.000,9999.000,9999.000
202607242124,   4.093,   4.480,9999.000,9999.000,9999.000,9999.000,9999.000,9999.000,9999.000
202607242130,   4.092,   4.490,9999.000,9999.000,9999.000,9999.000,9999.000,9999.000,9999.000
202607242136,   4.087,   4.509,9999.000,9999.000,9999.000,9999.000,9999.000,9999.000,9999.000
202607242142,   4.079,   4.480,9999.000,9999.000,9999.000,9999.000,9999.000,9999.000,9999.000
202607242148,   4.068,   4.509,9999.000,9999.000,9999.000,9999.000,9999.000,9999.000,9999.000
202607242154,   4.055,   4.480,9999.000,9999.000,9999.000,9999.000,9999.000,9999.000,9999.000
202607242200,   4.038,   4.398,   0.400,  -0.040,   4.398,   0.300,   4.298,   0.400,   4.398
202607242206,   4.018,   4.368,9999.000,9999.000,9999.000,9999.000,9999.000,9999.000,9999.000
202607242212,   3.994,   4.368,9999.000,9999.000,9999.000,9999.000,9999.000,9999.000,9999.000
202607242218,   3.968,   4.349,9999.000,9999.000,9999.000,9999.000,9999.000,9999.000,9999.000
202607242224,   3.939,   4.319,9999.000,9999.000,9999.000,9999.000,9999.000,9999.000,9999.000
202607242230,   3.907,   4.280,9999.000,9999.000,9999.000,9999.000,9999.000,9999.000,9999.000
202607242236,   3.872,   4.257,9999.000,9999.000,9999.000,9999.000,9999.000,9999.000,9999.000
202607242242,   3.834,   4.198,9999.000,9999.000,9999.000,9999.000,9999.000,9999.000,9999.000
202607242248,   3.793,   4.159,9999.000,9999.000,9999.000,9999.000,9999.000,9999.000,9999.000
202607242254,   3.750,   4.090,9999.000,9999.000,9999.000,9999.000,9999.000,9999.000,9999.000
202607242300,   3.704,   3.968,   0.400,  -0.136,   3.968,   0.300,   3.868,   0.400,   3.968
202607242306,   3.656,   3.899,9999.000,9999.000,9999.000,9999.000,9999.000,9999.000,9999.000
202607242312,   3.606,   3.899,9999.000,9999.000,9999.000,9999.000,9999.000,9999.000,9999.000
202607242318,   3.553,   3.860,9999.000,9999.000,9999.000,9999.000,9999.000,9999.000,9999.000
202607242324,   3.498,   3.768,9999.000,9999.000,9999.000,9999.000,9999.000,9999.000,9999.000
202607242330,   3.441,   3.709,9999.000,9999.000,9999.000,9999.000,9999.000,9999.000,9999.000
202607242336,   3.383,   3.568,9999.000,9999.000,9999.000,9999.000,9999.000,9999.000,9999.000
202607242342,   3.323,   3.509,9999.000,9999.000,9999.000,9999.000,9999.000,9999.000,9999.000
202607242348,   3.261,   3.427,9999.000,9999.000,9999.000,9999.000,9999.000,9999.000,9999.000
202607242354,   3.198,   3.279,9999.000,9999.000,9999.000,9999.000,9999.000,9999.000,9999.000
202607250000,   3.133,   3.197,   0.400,  -0.336,   3.197,   0.300,   3.097,   0.400,   3.197
202607250006,   3.068,   3.138,9999.000,9999.000,9999.000,9999.000,9999.000,9999.000,9999.000
202607250012,   3.001,   3.138,9999.000,9999.000,9999.000,9999.000,9999.000,9999.000,9999.000
202607250018,   2.933,   3.060,9999.000,9999.000,9999.000,9999.000,9999.000,9999.000,9999.000
202607250024,   2.865,   2.948,9999.000,9999.000,9999.000,9999.000,9999.000,9999.000,9999.000
202607250030,   2.796,   2.860,9999.000,9999.000,9999.000,9999.000,9999.000,9999.000,9999.000
202607250036,   2.726,   2.807,9999.000,9999.000,9999.000,9999.000,9999.000,9999.000,9999.000
202607250042,   2.656,   2.719,9999.000,9999.000,9999.000,9999.000,9999.000,9999.000,9999.000
202607250048,   2.586,   2.650,9999.000,9999.000,9999.000,9999.000,9999.000,9999.000,9999.000
202607250054,   2.515,   2.538,9999.000,9999.000,9999.000,9999.000,9999.000,9999.000,9999.000
202607250100,   2.444,   2.440,   0.400,  -0.404,   2.440,   0.300,   2.340,   0.400,   2.440
202607250106,   2.374,   2.338,9999.000,9999.000,9999.000,9999.000,9999.000,9999.000,9999.000
202607250112,   2.303,   2.338,9999.000,9999.000,9999.000,9999.000,9999.000,9999.000,9999.000
202607250118,   2.233,   2.269,9999.000,9999.000,9999.000,9999.000,9999.000,9999.000,9999.000
202607250124,   2.163,   2.168,9999.000,9999.000,9999.000,9999.000,9999.000,9999.000,9999.000
202607250130,   2.094,   2.109,9999.000,9999.000,9999.000,9999.000,9999.000,9999.000,9999.000
202607250136,   2.025,   2.040,9999.000,9999.000,9999.000,9999.000,9999.000,9999.000,9999.000
202607250142,   1.957,   2.000,9999.000,9999.000,9999.000,9999.000,9999.000,9999.000,9999.000
202607250148,   1.891,   1.938,9999.000,9999.000,9999.000,9999.000,9999.000,9999.000,9999.000
202607250154,   1.826,   1.830,9999.000,9999.000,9999.000,9999.000,9999.000,9999.000,9999.000
202607250200,   1.762,   1.810,   0.400,  -0.352,   1.810,   0.400,   1.810,   0.400,   1.810
202607250206,   1.701,   1.767,9999.000,9999.000,9999.000,9999.000,9999.000,9999.000,9999.000
202607250212,   1.641,   1.767,9999.000,9999.000,9999.000,9999.000,9999.000,9999.000,9999.000
202607250218,   1.584,   1.718,9999.000,9999.000,9999.000,9999.000,9999.000,9999.000,9999.000
202607250224,   1.529,   1.639,9999.000,9999.000,9999.000,9999.000,9999.000,9999.000,9999.000
202607250230,   1.477,   1.630,9999.000,9999.000,9999.000,9999.000,9999.000,9999.000,9999.000
202607250236,   1.428,   1.610,9999.000,9999.000,9999.000,9999.000,9999.000,9999.000,9999.000
202607250242,   1.382,   1.518,9999.000,9999.000,9999.000,9999.000,9999.000,9999.000,9999.000
202607250248,   1.339,   1.430,9999.000,9999.000,9999.000,9999.000,9999.000,9999.000,9999.000
202607250254,   1.301,   1.430,9999.000,9999.000,9999.000,9999.000,9999.000,9999.000,9999.000
202607250300,   1.266,   1.439,   0.400,  -0.227,   1.439,   0.400,   1.439,   0.400,   1.439
202607250306,   1.235,   1.400,9999.000,9999.000,9999.000,9999.000,9999.000,9999.000,9999.000
202607250312,   1.208,   1.400,9999.000,9999.000,9999.000,9999.000,9999.000,9999.000,9999.000
202607250318,   1.185,   1.410,9999.000,9999.000,9999.000,9999.000,9999.000,9999.000,9999.000
202607250324,   1.166,   1.410,9999.000,9999.000,9999.000,9999.000,9999.000,9999.000,9999.000
202607250330,   1.152,   1.449,9999.000,9999.000,9999.000,9999.000,9999.000,9999.000,9999.000
202607250336,   1.142,   1.459,9999.000,9999.000,9999.000,9999.000,9999.000,9999.000,9999.000
202607250342,   1.137,   1.449,9999.000,9999.000,9999.000,9999.000,9999.000,9999.000,9999.000
202607250348,   1.136,   1.390,9999.000,9999.000,9999.000,9999.000,9999.000,9999.000,9999.000
202607250354,   1.139,   1.348,9999.000,9999.000,9999.000,9999.000,9999.000,9999.000,9999.000
202607250400,   1.146,   1.469,   0.400,  -0.077,   1.469,   0.400,   1.469,   0.500,   1.569
202607250406,   1.157,   1.479,9999.000,9999.000,9999.000,9999.000,9999.000,9999.000,9999.000
202607250412,   1.172,   1.479,9999.000,9999.000,9999.000,9999.000,9999.000,9999.000,9999.000
202607250418,   1.191,   1.459,9999.000,9999.000,9999.000,9999.000,9999.000,9999.000,9999.000
202607250424,   1.213,   1.479,9999.000,9999.000,9999.000,9999.000,9999.000,9999.000,9999.000
202607250430,   1.238,   1.508,9999.000,9999.000,9999.000,9999.000,9999.000,9999.000,9999.000
202607250436,   1.266,   1.498,9999.000,9999.000,9999.000,9999.000,9999.000,9999.000,9999.000
202607250442,   1.297,   1.489,9999.000,9999.000,9999.000,9999.000,9999.000,9999.000,9999.000
202607250448,   1.330,   1.518,9999.000,9999.000,9999.000,9999.000,9999.000,9999.000,9999.000
202607250454,   1.366,   1.557,9999.000,9999.000,9999.000,9999.000,9999.000,9999.000,9999.000
202607250500,   1.403,   1.508,   0.400,  -0.295,   1.508,   0.400,   1.508,   0.500,   1.608
202607250506,   1.443,   1.590,9999.000,9999.000,9999.000,9999.000,9999.000,9999.000,9999.000
202607250512,   1.484,   1.590,9999.000,9999.000,9999.000,9999.000,9999.000,9999.000,9999.000
202607250518,   1.527,   1.708,9999.000,9999.000,9999.000,9999.000,9999.000,9999.000,9999.000
202607250524,   1.570,   1.781,9999.000,9999.000,9999.000,9999.000,9999.000,9999.000,9999.000
202607250530,   1.615,   1.810,9999.000,9999.000,9999.000,9999.000,9999.000,9999.000,9999.000
202607250536,   1.661,   1.879,9999.000,9999.000,9999.000,9999.000,9999.000,9999.000,9999.000
202607250542,   1.707,   1.918,9999.000,9999.000,9999.000,9999.000,9999.000,9999.000,9999.000
202607250548,   1.753,   2.000,9999.000,9999.000,9999.000,9999.000,9999.000,9999.000,9999.000
202607250554,   1.800,   2.030,9999.000,9999.000,9999.000,9999.000,9999.000,9999.000,9999.000
202607250600,   1.847,   2.079,   0.400,  -0.168,   2.079,   0.400,   2.079,   0.400,   2.079
202607250606,   1.894,   2.191,9999.000,9999.000,9999.000,9999.000,9999.000,9999.000,9999.000
202607250612,   1.941,   2.191,9999.000,9999.000,9999.000,9999.000,9999.000,9999.000,9999.000
202607250618,   1.987,   2.269,9999.000,9999.000,9999.000,9999.000,9999.000,9999.000,9999.000
202607250624,   2.034,   2.318,9999.000,9999.000,9999.000,9999.000,9999.000,9999.000,9999.000
202607250630,   2.079,   2.368,9999.000,9999.000,9999.000,9999.000,9999.000,9999.000,9999.000
202607250636,   2.125,   2.430,9999.000,9999.000,9999.000,9999.000,9999.000,9999.000,9999.000
202607250642,   2.169,   2.469,9999.000,9999.000,9999.000,9999.000,9999.000,9999.000,9999.000
202607250648,   2.214,   2.499,9999.000,9999.000,9999.000,9999.000,9999.000,9999.000,9999.000
202607250654,   2.257,   2.578,9999.000,9999.000,9999.000,9999.000,9999.000,9999.000,9999.000
202607250700,   2.300,   2.660,   0.400,  -0.040,   2.660,   0.400,   2.660,   0.500,   2.760
202607250706,   2.341,   2.748,9999.000,9999.000,9999.000,9999.000,9999.000,9999.000,9999.000
202607250712,   2.382,   2.748,9999.000,9999.000,9999.000,9999.000,9999.000,9999.000,9999.000
202607250718,   2.422,   2.840,9999.000,9999.000,9999.000,9999.000,9999.000,9999.000,9999.000
202607250724,   2.461,   2.889,9999.000,9999.000,9999.000,9999.000,9999.000,9999.000,9999.000
202607250730,   2.499,   2.958,9999.000,9999.000,9999.000,9999.000,9999.000,9999.000,9999.000
202607250736,   2.536,   3.007,9999.000,9999.000,9999.000,9999.000,9999.000,9999.000,9999.000
202607250742,   2.572,   3.017,9999.000,9999.000,9999.000,9999.000,9999.000,9999.000,9999.000
202607250748,   2.607,   2.997,9999.000,9999.000,9999.000,9999.000,9999.000,9999.000,9999.000
202607250754,   2.641,   3.030,9999.000,9999.000,9999.000,9999.000,9999.000,9999.000,9999.000
202607250800,   2.673,   3.197,   0.400,   0.124,   3.197,   0.400,   3.197,   0.500,   3.297
202607250806,   2.704,   3.217,9999.000,9999.000,9999.000,9999.000,9999.000,9999.000,9999.000
202607250812,   2.734,   3.217,9999.000,9999.000,9999.000,9999.000,9999.000,9999.000,9999.000
202607250818,   2.763,   3.260,9999.000,9999.000,9999.000,9999.000,9999.000,9999.000,9999.000
202607250824,   2.790,   3.319,9999.000,9999.000,9999.000,9999.000,9999.000,9999.000,9999.000
202607250830,   2.815,   3.339,9999.000,9999.000,9999.000,9999.000,9999.000,9999.000,9999.000
202607250836,   2.839,   3.378,9999.000,9999.000,9999.000,9999.000,9999.000,9999.000,9999.000
202607250842,   2.861,   3.470,9999.000,9999.000,9999.000,9999.000,9999.000,9999.000,9999.000
202607250848,   2.882,   3.460,9999.000,9999.000,9999.000,9999.000,9999.000,9999.000,9999.000
202607250854,   2.900,   3.470,9999.000,9999.000,9999.000,9999.000,9999.000,9999.000,9999.000
202607250900,   2.917,   3.539,   0.500,   0.122,   3.539,   0.400,   3.439,   0.500,   3.539
202607250906,   2.932,   3.539,9999.000,9999.000,9999.000,9999.000,9999.000,9999.000,9999.000
202607250912,   2.945,   3.539,9999.000,9999.000,9999.000,9999.000,9999.000,9999.000,9999.000
202607250918,   2.956,   3.529,9999.000,9999.000,9999.000,9999.000,9999.000,9999.000,9999.000
202607250924,   2.965,   3.598,9999.000,9999.000,9999.000,9999.000,9999.000,9999.000,9999.000
202607250930,   2.971,   3.627,9999.000,9999.000,9999.000,9999.000,9999.000,9999.000,9999.000
202607250936,   2.976,   3.558,9999.000,9999.000,9999.000,9999.000,9999.000,9999.000,9999.000
202607250942,   2.978,   3.568,9999.000,9999.000,9999.000,9999.000,9999.000,9999.000,9999.000
202607250948,   2.977,   3.637,9999.000,9999.000,9999.000,9999.000,9999.000,9999.000,9999.000
202607250954,   2.975,   3.670,9999.000,9999.000,9999.000,9999.000,9999.000,9999.000,9999.000
202607251000,   2.970,   3.480,   0.500,   0.010,   3.480,   0.400,   3.380,   0.500,   3.480
202607251006,   2.962,   3.499,9999.000,9999.000,9999.000,9999.000,9999.000,9999.000,9999.000
202607251012,   2.952,   3.499,9999.000,9999.000,9999.000,9999.000,9999.000,9999.000,9999.000
202607251018,   2.939,   3.568,9999.000,9999.000,9999.000,9999.000,9999.000,9999.000,9999.000
202607251024,   2.924,   3.529,9999.000,9999.000,9999.000,9999.000,9999.000,9999.000,9999.000
202607251030,   2.906,   3.450,9999.000,9999.000,9999.000,9999.000,9999.000,9999.000,9999.000
202607251036,   2.886,   3.440,9999.000,9999.000,9999.000,9999.000,9999.000,9999.000,9999.000
202607251042,   2.864,   3.440,9999.000,9999.000,9999.000,9999.000,9999.000,9999.000,9999.000
202607251048,   2.839,   3.339,9999.000,9999.000,9999.000,9999.000,9999.000,9999.000,9999.000
202607251054,   2.811,   3.188,9999.000,9999.000,9999.000,9999.000,9999.000,9999.000,9999.000
202607251100,   2.782,   3.207,   0.500,  -0.075,   3.207,   0.500,   3.207,   0.500,   3.207
202607251106,   2.750,   3.158,9999.000,9999.000,9999.000,9999.000,9999.000,9999.000,9999.000
202607251112,   2.716,   3.158,9999.000,9999.000,9999.000,9999.000,9999.000,9999.000,9999.000
202607251118,   2.680,   3.070,9999.000,9999.000,9999.000,9999.000,9999.000,9999.000,9999.000
202607251124,   2.642,   2.997,9999.000,9999.000,9999.000,9999.000,9999.000,9999.000,9999.000
202607251130,   2.602,   3.007,9999.000,9999.000,9999.000,9999.000,9999.000,9999.000,9999.000
202607251136,   2.561,   2.978,9999.000,9999.000,9999.000,9999.000,9999.000,9999.000,9999.000
202607251142,   2.517,   2.869,9999.000,9999.000,9999.000,9999.000,9999.000,9999.000,9999.000
202607251148,   2.473,   2.758,9999.000,9999.000,9999.000,9999.000,9999.000,9999.000,9999.000
202607251154,   2.427,   2.709,9999.000,9999.000,9999.000,9999.000,9999.000,9999.000,9999.000
202607251200,   2.380,   2.610,   0.500,  -0.270,   2.610,   0.500,   2.610,   0.500,   2.610
202607251206,   2.332,   2.587,9999.000,9999.000,9999.000,9999.000,9999.000,9999.000,9999.000
202607251212,   2.283,   2.587,9999.000,9999.000,9999.000,9999.000,9999.000,9999.000,9999.000
202607251218,   2.233,   2.610,9999.000,9999.000,9999.000,9999.000,9999.000,9999.000,9999.000
202607251224,   2.183,   2.578,9999.000,9999.000,9999.000,9999.000,9999.000,9999.000,9999.000
202607251230,   2.132,   2.489,9999.000,9999.000,9999.000,9999.000,9999.000,9999.000,9999.000
202607251236,   2.080,   2.377,9999.000,9999.000,9999.000,9999.000,9999.000,9999.000,9999.000
202607251242,   2.028,   2.309,9999.000,9999.000,9999.000,9999.000,9999.000,9999.000,9999.000
202607251248,   1.976,   2.240,9999.000,9999.000,9999.000,9999.000,9999.000,9999.000,9999.000
202607251254,   1.924,   2.177,9999.000,9999.000,9999.000,9999.000,9999.000,9999.000,9999.000
202607251300,   1.872,   2.168,   0.500,  -0.204,   2.168,   0.500,   2.168,   0.600,   2.268
202607251306,   1.820,   2.040,9999.000,9999.000,9999.000,9999.000,9999.000,9999.000,9999.000
202607251312,   1.768,   2.040,9999.000,9999.000,9999.000,9999.000,9999.000,9999.000,9999.000
202607251318,   1.717,   1.918,9999.000,9999.000,9999.000,9999.000,9999.000,9999.000,9999.000
202607251324,   1.666,   1.938,9999.000,9999.000,9999.000,9999.000,9999.000,9999.000,9999.000
202607251330,   1.616,   1.958,9999.000,9999.000,9999.000,9999.000,9999.000,9999.000,9999.000
202607251336,   1.566,   1.938,9999.000,9999.000,9999.000,9999.000,9999.000,9999.000,9999.000
202607251342,   1.518,   1.928,9999.000,9999.000,9999.000,9999.000,9999.000,9999.000,9999.000
202607251348,   1.470,   1.899,9999.000,9999.000,9999.000,9999.000,9999.000,9999.000,9999.000
202607251354,   1.424,   1.859,9999.000,9999.000,9999.000,9999.000,9999.000,9999.000,9999.000
202607251400,   1.380,   1.781,   0.500,  -0.099,   1.781,   0.500,   1.781,   0.600,   1.881
202607251406,   1.337,   1.728,9999.000,9999.000,9999.000,9999.000,9999.000,9999.000,9999.000
202607251412,   1.296,   1.728,9999.000,9999.000,9999.000,9999.000,9999.000,9999.000,9999.000
202607251418,   1.257,   1.679,9999.000,9999.000,9999.000,9999.000,9999.000,9999.000,9999.000
202607251424,   1.220,   1.659,9999.000,9999.000,9999.000,9999.000,9999.000,9999.000,9999.000
202607251430,   1.186,   1.669,9999.000,9999.000,9999.000,9999.000,9999.000,9999.000,9999.000
202607251436,   1.154,   1.669,9999.000,9999.000,9999.000,9999.000,9999.000,9999.000,9999.000
202607251442,   1.126,   1.649,9999.000,9999.000,9999.000,9999.000,9999.000,9999.000,9999.000
202607251448,   1.100,   1.659,9999.000,9999.000,9999.000,9999.000,9999.000,9999.000,9999.000
202607251454,   1.078,   1.610,9999.000,9999.000,9999.000,9999.000,9999.000,9999.000,9999.000
202607251500,   1.060,   1.590,   0.600,  -0.070,   1.590,   0.500,   1.490,   0.600,   1.590
202607251506,   1.045,   1.600,9999.000,9999.000,9999.000,9999.000,9999.000,9999.000,9999.000
202607251512,   1.034,   1.600,9999.000,9999.000,9999.000,9999.000,9999.000,9999.000,9999.000
202607251518,   1.027,   1.590,9999.000,9999.000,9999.000,9999.000,9999.000,9999.000,9999.000
202607251524,   1.024,   1.538,9999.000,9999.000,9999.000,9999.000,9999.000,9999.000,9999.000
202607251530,   1.025,   1.508,9999.000,9999.000,9999.000,9999.000,9999.000,9999.000,9999.000
202607251536,   1.031,   1.528,9999.000,9999.000,9999.000,9999.000,9999.000,9999.000,9999.000
202607251542,   1.041,   1.557,9999.000,9999.000,9999.000,9999.000,9999.000,9999.000,9999.000
202607251548,   1.055,   1.538,9999.000,9999.000,9999.000,9999.000,9999.000,9999.000,9999.000
202607251554,   1.073,   1.449,9999.000,9999.000,9999.000,9999.000,9999.000,9999.000,9999.000
202607251600,   1.096,   1.528,   0.600,  -0.168,   1.528,   0.600,   1.528,   0.600,   1.528
202607251606,   1.123,   1.518,9999.000,9999.000,9999.000,9999.000,9999.000,9999.000,9999.000
202607251612,   1.154,   1.518,9999.000,9999.000,9999.000,9999.000,9999.000,9999.000,9999.000
202607251618,   1.189,   1.508,9999.000,9999.000,9999.000,9999.000,9999.000,9999.000,9999.000
202607251624,   1.228,   1.639,9999.000,9999.000,9999.000,9999.000,9999.000,9999.000,9999.000
202607251630,   1.271,   1.748,9999.000,9999.000,9999.000,9999.000,9999.000,9999.000,9999.000
202607251636,   1.317,   1.728,9999.000,9999.000,9999.000,9999.000,9999.000,9999.000,9999.000
202607251642,   1.366,   1.699,9999.000,9999.000,9999.000,9999.000,9999.000,9999.000,9999.000
202607251648,   1.419,   1.767,9999.000,9999.000,9999.000,9999.000,9999.000,9999.000,9999.000
202607251654,   1.475,   1.889,9999.000,9999.000,9999.000,9999.000,9999.000,9999.000,9999.000
202607251700,   1.533,   2.069,   0.600,  -0.064,   2.069,   0.600,   2.069,   0.600,   2.069
202607251706,   1.594,   2.128,9999.000,9999.000,9999.000,9999.000,9999.000,9999.000,9999.000
202607251712,   1.657,   2.240,9999.000,9999.000,9999.000,9999.000,9999.000,9999.000,9999.000
202607251718,   1.722,   2.318,9999.000,9999.000,9999.000,9999.000,9999.000,9999.000,9999.000
202607251724,   1.789,   2.377,9999.000,9999.000,9999.000,9999.000,9999.000,9999.000,9999.000
202607251730,   1.857,   2.459,9999.000,9999.000,9999.000,9999.000,9999.000,9999.000,9999.000
202607251736,   1.926,   2.538,9999.000,9999.000,9999.000,9999.000,9999.000,9999.000,9999.000
202607251742,   1.997,   2.650,9999.000,9999.000,9999.000,9999.000,9999.000,9999.000,9999.000
202607251748,   2.069,   2.719,9999.000,9999.000,9999.000,9999.000,9999.000,9999.000,9999.000
202607251754,   2.141,   2.768,9999.000,9999.000,9999.000,9999.000,9999.000,9999.000,9999.000
202607251800,   2.214,   2.768,   0.600,  -0.046,   2.768,   0.600,   2.768,   0.700,   2.868
202607251806,   2.287,9999.000,9999.000,9999.000,9999.000,9999.000,9999.000,9999.000,9999.000
202607251812,   2.360,9999.000,9999.000,9999.000,9999.000,9999.000,9999.000,9999.000,9999.000
202607251818,   2.433,9999.000,9999.000,9999.000,9999.000,9999.000,9999.000,9999.000,9999.000
202607251824,   2.506,9999.000,9999.000,9999.000,9999.000,9999.000,9999.000,9999.000,9999.000
202607251830,   2.578,9999.000,9999.000,9999.000,9999.000,9999.000,9999.000,9999.000,9999.000
202607251836,   2.650,9999.000,9999.000,9999.000,9999.000,9999.000,9999.000,9999.000,9999.000
202607251842,   2.721,9999.000,9999.000,9999.000,9999.000,9999.000,9999.000,9999.000,9999.000
202607251848,   2.792,9999.000,9999.000,9999.000,9999.000,9999.000,9999.000,9999.000,9999.000
202607251854,   2.862,9999.000,9999.000,9999.000,9999.000,9999.000,9999.000,9999.000,9999.000
202607251900,   2.931,9999.000,   0.600,  -0.043,   3.488,   0.600,   3.488,   0.700,   3.588
202607251906,   2.999,9999.000,9999.000,9999.000,9999.000,9999.000,9999.000,9999.000,9999.000
202607251912,   3.066,9999.000,9999.000,9999.000,9999.000,9999.000,9999.000,9999.000,9999.000
202607251918,   3.131,9999.000,9999.000,9999.000,9999.000,9999.000,9999.000,9999.000,9999.000
202607251924,   3.196,9999.000,9999.000,9999.000,9999.000,9999.000,9999.000,9999.000,9999.000
202607251930,   3.259,9999.000,9999.000,9999.000,9999.000,9999.000,9999.000,9999.000,9999.000
202607251936,   3.321,9999.000,9999.000,9999.000,9999.000,9999.000,9999.000,9999.000,9999.000
202607251942,   3.381,9999.000,9999.000,9999.000,9999.000,9999.000,9999.000,9999.000,9999.000
202607251948,   3.440,9999.000,9999.000,9999.000,9999.000,9999.000,9999.000,9999.000,9999.000
202607251954,   3.497,9999.000,9999.000,9999.000,9999.000,9999.000,9999.000,9999.000,9999.000
202607252000,   3.553,9999.000,   0.700,  -0.040,   4.213,   0.600,   4.113,   0.700,   4.213
202607252006,   3.607,9999.000,9999.000,9999.000,9999.000,9999.000,9999.000,9999.000,9999.000
202607252012,   3.659,9999.000,9999.000,9999.000,9999.000,9999.000,9999.000,9999.000,9999.000
202607252018,   3.709,9999.000,9999.000,9999.000,9999.000,9999.000,9999.000,9999.000,9999.000
202607252024,   3.757,9999.000,9999.000,9999.000,9999.000,9999.000,9999.000,9999.000,9999.000
202607252030,   3.804,9999.000,9999.000,9999.000,9999.000,9999.000,9999.000,9999.000,9999.000
202607252036,   3.848,9999.000,9999.000,9999.000,9999.000,9999.000,9999.000,9999.000,9999.000
202607252042,   3.890,9999.000,9999.000,9999.000,9999.000,9999.000,9999.000,9999.000,9999.000
202607252048,   3.930,9999.000,9999.000,9999.000,9999.000,9999.000,9999.000,9999.000,9999.000
202607252054,   3.968,9999.000,9999.000,9999.000,9999.000,9999.000,9999.000,9999.000,9999.000
202607252100,   4.003,9999.000,   0.700,  -0.038,   4.665,   0.700,   4.665,   0.700,   4.665
202607252106,   4.036,9999.000,9999.000,9999.000,9999.000,9999.000,9999.000,9999.000,9999.000
202607252112,   4.066,9999.000,9999.000,9999.000,9999.000,9999.000,9999.000,9999.000,9999.000
202607252118,   4.094,9999.000,9999.000,9999.000,9999.000,9999.000,9999.000,9999.000,9999.000
202607252124,   4.119,9999.000,9999.000,9999.000,9999.000,9999.000,9999.000,9999.000,9999.000
202607252130,   4.141,9999.000,9999.000,9999.000,9999.000,9999.000,9999.000,9999.000,9999.000
202607252136,   4.160,9999.000,9999.000,9999.000,9999.000,9999.000,9999.000,9999.000,9999.000
202607252142,   4.177,9999.000,9999.000,9999.000,9999.000,9999.000,9999.000,9999.000,9999.000
202607252148,   4.191,9999.000,9999.000,9999.000,9999.000,9999.000,9999.000,9999.000,9999.000
202607252154,   4.201,9999.000,9999.000,9999.000,9999.000,9999.000,9999.000,9999.000,9999.000
202607252200,   4.209,9999.000,   0.700,  -0.035,   4.874,   0.700,   4.874,   0.800,   4.974
202607252206,   4.213,9999.000,9999.000,9999.000,9999.000,9999.000,9999.000,9999.000,9999.000
202607252212,   4.215,9999.000,9999.000,9999.000,9999.000,9999.000,9999.000,9999.000,9999.000
202607252218,   4.213,9999.000,9999.000,9999.000,9999.000,9999.000,9999.000,9999.000,9999.000
202607252224,   4.208,9999.000,9999.000,9999.000,9999.000,9999.000,9999.000,9999.000,9999.000
202607252230,   4.199,9999.000,9999.000,9999.000,9999.000,9999.000,9999.000,9999.000,9999.000
202607252236,   4.188,9999.000,9999.000,9999.000,9999.000,9999.000,9999.000,9999.000,9999.000
202607252242,   4.173,9999.000,9999.000,9999.000,9999.000,9999.000,9999.000,9999.000,9999.000
202607252248,   4.155,9999.000,9999.000,9999.000,9999.000,9999.000,9999.000,9999.000,9999.000
202607252254,   4.134,9999.000,9999.000,9999.000,9999.000,9999.000,9999.000,9999.000,9999.000
202607252300,   4.109,9999.000,   0.700,  -0.032,   4.777,   0.700,   4.777,   0.800,   4.877
202607252306,   4.082,9999.000,9999.000,9999.000,9999.000,9999.000,9999.000,9999.000,9999.000
202607252312,   4.051,9999.000,9999.000,9999.000,9999.000,9999.000,9999.000,9999.000,9999.000
202607252318,   4.018,9999.000,9999.000,9999.000,9999.000,9999.000,9999.000,9999.000,9999.000
202607252324,   3.981,9999.000,9999.000,9999.000,9999.000,9999.000,9999.000,9999.000,9999.000
202607252330,   3.942,9999.000,9999.000,9999.000,9999.000,9999.000,9999.000,9999.000,9999.000
202607252336,   3.899,9999.000,9999.000,9999.000,9999.000,9999.000,9999.000,9999.000,9999.000
202607252342,   3.854,9999.000,9999.000,9999.000,9999.000,9999.000,9999.000,9999.000,9999.000
202607252348,   3.806,9999.000,9999.000,9999.000,9999.000,9999.000,9999.000,9999.000,9999.000
202607252354,   3.756,9999.000,9999.000,9999.000,9999.000,9999.000,9999.000,9999.000,9999.000
202607260000,   3.703,9999.000,   0.700,  -0.029,   4.374,   0.700,   4.374,   0.800,   4.474
202607260006,   3.648,9999.000,9999.000,9999.000,9999.000,9999.000,9999.000,9999.000,9999.000
202607260012,   3.591,9999.000,9999.000,9999.000,9999.000,9999.000,9999.000,9999.000,9999.000
202607260018,   3.531,9999.000,9999.000,9999.000,9999.000,9999.000,9999.000,9999.000,9999.000
202607260024,   3.470,9999.000,9999.000,9999.000,9999.000,9999.000,9999.000,9999.000,9999.000
202607260030,   3.406,9999.000,9999.000,9999.000,9999.000,9999.000,9999.000,9999.000,9999.000
202607260036,   3.341,9999.000,9999.000,9999.000,9999.000,9999.000,9999.000,9999.000,9999.000
202607260042,   3.274,9999.000,9999.000,9999.000,9999.000,9999.000,9999.000,9999.000,9999.000
202607260048,   3.206,9999.000,9999.000,9999.000,9999.000,9999.000,9999.000,9999.000,9999.000
202607260054,   3.135,9999.000,9999.000,9999.000,9999.000,9999.000,9999.000,9999.000,9999.000
202607260100,   3.064,9999.000,   0.800,  -0.026,   3.838,   0.700,   3.738,   0.800,   3.838
202607260106,   2.991,9999.000,9999.000,9999.000,9999.000,9999.000,9999.000,9999.000,9999.000
202607260112,   2.917,9999.000,9999.000,9999.000,9999.000,9999.000,9999.000,9999.000,9999.000
202607260118,   2.842,9999.000,9999.000,9999.000,9999.000,9999.000,9999.000,9999.000,9999.000
202607260124,   2.766,9999.000,9999.000,9999.000,9999.000,9999.000,9999.000,9999.000,9999.000
202607260130,   2.690,9999.000,9999.000,9999.000,9999.000,9999.000,9999.000,9999.000,9999.000
202607260136,   2.612,9999.000,9999.000,9999.000,9999.000,9999.000,9999.000,9999.000,9999.000
202607260142,   2.534,9999.000,9999.000,9999.000,9999.000,9999.000,9999.000,9999.000,9999.000
202607260148,   2.456,9999.000,9999.000,9999.000,9999.000,9999.000,9999.000,9999.000,9999.000
202607260154,   2.377,9999.000,9999.000,9999.000,9999.000,9999.000,9999.000,9999.000,9999.000
202607260200,   2.299,9999.000,   0.800,  -0.024,   3.075,   0.700,   2.975,   0.800,   3.075
202607260206,   2.220,9999.000,9999.000,9999.000,9999.000,9999.000,9999.000,9999.000,9999.000
202607260212,   2.142,9999.000,9999.000,9999.000,9999.000,9999.000,9999.000,9999.000,9999.000
202607260218,   2.065,9999.000,9999.000,9999.000,9999.000,9999.000,9999.000,9999.000,9999.000
202607260224,   1.988,9999.000,9999.000,9999.000,9999.000,9999.000,9999.000,9999.000,9999.000
202607260230,   1.913,9999.000,9999.000,9999.000,9999.000,9999.000,9999.000,9999.000,9999.000
202607260236,   1.838,9999.000,9999.000,9999.000,9999.000,9999.000,9999.000,9999.000,9999.000
202607260242,   1.765,9999.000,9999.000,9999.000,9999.000,9999.000,9999.000,9999.000,9999.000
202607260248,   1.694,9999.000,9999.000,9999.000,9999.000,9999.000,9999.000,9999.000,9999.000
202607260254,   1.626,9999.000,9999.000,9999.000,9999.000,9999.000,9999.000,9999.000,9999.000
202607260300,   1.559,9999.000,   0.800,  -0.021,   2.338,   0.700,   2.238,   0.800,   2.338
202607260306,   1.495,9999.000,9999.000,9999.000,9999.000,9999.000,9999.000,9999.000,9999.000
202607260312,   1.434,9999.000,9999.000,9999.000,9999.000,9999.000,9999.000,9999.000,9999.000
202607260318,   1.376,9999.000,9999.000,9999.000,9999.000,9999.000,9999.000,9999.000,9999.000
202607260324,   1.321,9999.000,9999.000,9999.000,9999.000,9999.000,9999.000,9999.000,9999.000
202607260330,   1.270,9999.000,9999.000,9999.000,9999.000,9999.000,9999.000,9999.000,9999.000
202607260336,   1.223,9999.000,9999.000,9999.000,9999.000,9999.000,9999.000,9999.000,9999.000
202607260342,   1.180,9999.000,9999.000,9999.000,9999.000,9999.000,9999.000,9999.000,9999.000
202607260348,   1.141,9999.000,9999.000,9999.000,9999.000,9999.000,9999.000,9999.000,9999.000
202607260354,   1.106,9999.000,9999.000,9999.000,9999.000,9999.000,9999.000,9999.000,9999.000
202607260400,   1.076,9999.000,   0.800,  -0.018,   1.858,   0.700,   1.758,   0.800,   1.858
202607260406,   1.050,9999.000,9999.000,9999.000,9999.000,9999.000,9999.000,9999.000,9999.000
202607260412,   1.029,9999.000,9999.000,9999.000,9999.000,9999.000,9999.000,9999.000,9999.000
202607260418,   1.013,9999.000,9999.000,9999.000,9999.000,9999.000,9999.000,9999.000,9999.000
202607260424,   1.001,9999.000,9999.000,9999.000,9999.000,9999.000,9999.000,9999.000,9999.000
202607260430,   0.994,9999.000,9999.000,9999.000,9999.000,9999.000,9999.000,9999.000,9999.000
202607260436,   0.991,9999.000,9999.000,9999.000,9999.000,9999.000,9999.000,9999.000,9999.000
202607260442,   0.993,9999.000,9999.000,9999.000,9999.000,9999.000,9999.000,9999.000,9999.000
202607260448,   0.999,9999.000,9999.000,9999.000,9999.000,9999.000,9999.000,9999.000,9999.000
202607260454,   1.010,9999.000,9999.000,9999.000,9999.000,9999.000,9999.000,9999.000,9999.000
202607260500,   1.024,9999.000,   0.800,  -0.015,   1.809,   0.700,   1.709,   0.800,   1.809
202607260506,   1.042,9999.000,9999.000,9999.000,9999.000,9999.000,9999.000,9999.000,9999.000
202607260512,   1.064,9999.000,9999.000,9999.000,9999.000,9999.000,9999.000,9999.000,9999.000
202607260518,   1.089,9999.000,9999.000,9999.000,9999.000,9999.000,9999.000,9999.000,9999.000
202607260524,   1.118,9999.000,9999.000,9999.000,9999.000,9999.000,9999.000,9999.000,9999.000
202607260530,   1.149,9999.000,9999.000,9999.000,9999.000,9999.000,9999.000,9999.000,9999.000
202607260536,   1.184,9999.000,9999.000,9999.000,9999.000,9999.000,9999.000,9999.000,9999.000
202607260542,   1.221,9999.000,9999.000,9999.000,9999.000,9999.000,9999.000,9999.000,9999.000
202607260548,   1.260,9999.000,9999.000,9999.000,9999.000,9999.000,9999.000,9999.000,9999.000
202607260554,   1.302,9999.000,9999.000,9999.000,9999.000,9999.000,9999.000,9999.000,9999.000
202607260600,   1.345,9999.000,   0.800,  -0.012,   2.133,   0.700,   2.033,   0.800,   2.133
202607260606,   1.390,9999.000,9999.000,9999.000,9999.000,9999.000,9999.000,9999.000,9999.000
202607260612,   1.437,9999.000,9999.000,9999.000,9999.000,9999.000,9999.000,9999.000,9999.000
202607260618,   1.485,9999.000,9999.000,9999.000,9999.000,9999.000,9999.000,9999.000,9999.000
202607260624,   1.534,9999.000,9999.000,9999.000,9999.000,9999.000,9999.000,9999.000,9999.000
202607260630,   1.584,9999.000,9999.000,9999.000,9999.000,9999.000,9999.000,9999.000,9999.000
202607260636,   1.635,9999.000,9999.000,9999.000,9999.000,9999.000,9999.000,9999.000,9999.000
202607260642,   1.686,9999.000,9999.000,9999.000,9999.000,9999.000,9999.000,9999.000,9999.000
202607260648,   1.738,9999.000,9999.000,9999.000,9999.000,9999.000,9999.000,9999.000,9999.000
202607260654,   1.790,9999.000,9999.000,9999.000,9999.000,9999.000,9999.000,9999.000,9999.000
202607260700,   1.842,9999.000,   0.800,  -0.012,   2.630,   0.700,   2.530,   0.800,   2.630
202607260706,   1.895,9999.000,9999.000,9999.000,9999.000,9999.000,9999.000,9999.000,9999.000
202607260712,   1.947,9999.000,9999.000,9999.000,9999.000,9999.000,9999.000,9999.000,9999.000
202607260718,   1.999,9999.000,9999.000,9999.000,9999.000,9999.000,9999.000,9999.000,9999.000
202607260724,   2.051,9999.000,9999.000,9999.000,9999.000,9999.000,9999.000,9999.000,9999.000
202607260730,   2.102,9999.000,9999.000,9999.000,9999.000,9999.000,9999.000,9999.000,9999.000
202607260736,   2.153,9999.000,9999.000,9999.000,9999.000,9999.000,9999.000,9999.000,9999.000
202607260742,   2.203,9999.000,9999.000,9999.000,9999.000,9999.000,9999.000,9999.000,9999.000
202607260748,   2.252,9999.000,9999.000,9999.000,9999.000,9999.000,9999.000,9999.000,9999.000
202607260754,   2.301,9999.000,9999.000,9999.000,9999.000,9999.000,9999.000,9999.000,9999.000
202607260800,   2.349,9999.000,   0.800,  -0.012,   3.137,   0.700,   3.037,   0.800,   3.137
202607260806,   2.396,9999.000,9999.000,9999.000,9999.000,9999.000,9999.000,9999.000,9999.000
202607260812,   2.442,9999.000,9999.000,9999.000,9999.000,9999.000,9999.000,9999.000,9999.000
202607260818,   2.486,9999.000,9999.000,9999.000,9999.000,9999.000,9999.000,9999.000,9999.000
202607260824,   2.530,9999.000,9999.000,9999.000,9999.000,9999.000,9999.000,9999.000,9999.000
202607260830,   2.572,9999.000,9999.000,9999.000,9999.000,9999.000,9999.000,9999.000,9999.000
202607260836,   2.613,9999.000,9999.000,9999.000,9999.000,9999.000,9999.000,9999.000,9999.000
202607260842,   2.653,9999.000,9999.000,9999.000,9999.000,9999.000,9999.000,9999.000,9999.000
202607260848,   2.691,9999.000,9999.000,9999.000,9999.000,9999.000,9999.000,9999.000,9999.000
202607260854,   2.727,9999.000,9999.000,9999.000,9999.000,9999.000,9999.000,9999.000,9999.000
202607260900,   2.762,9999.000,   0.800,  -0.012,   3.550,   0.700,   3.450,   0.800,   3.550
202607260906,   2.796,9999.000,9999.000,9999.000,9999.000,9999.000,9999.000,9999.000,9999.000
202607260912,   2.827,9999.000,9999.000,9999.000,9999.000,9999.000,9999.000,9999.000,9999.000
202607260918,   2.857,9999.000,9999.000,9999.000,9999.000,9999.000,9999.000,9999.000,9999.000
202607260924,   2.884,9999.000,9999.000,9999.000,9999.000,9999.000,9999.000,9999.000,9999.000
202607260930,   2.910,9999.000,9999.000,9999.000,9999.000,9999.000,9999.000,9999.000,9999.000
202607260936,   2.934,9999.000,9999.000,9999.000,9999.000,9999.000,9999.000,9999.000,9999.000
202607260942,   2.955,9999.000,9999.000,9999.000,9999.000,9999.000,9999.000,9999.000,9999.000
202607260948,   2.975,9999.000,9999.000,9999.000,9999.000,9999.000,9999.000,9999.000,9999.000
202607260954,   2.992,9999.000,9999.000,9999.000,9999.000,9999.000,9999.000,9999.000,9999.000
202607261000,   3.007,9999.000,   0.800,  -0.012,   3.795,   0.700,   3.695,   0.900,   3.895
202607261006,   3.020,9999.000,9999.000,9999.000,9999.000,9999.000,9999.000,9999.000,9999.000
202607261012,   3.030,9999.000,9999.000,9999.000,9999.000,9999.000,9999.000,9999.000,9999.000
202607261018,   3.038,9999.000,9999.000,9999.000,9999.000,9999.000,9999.000,9999.000,9999.000
202607261024,   3.043,9999.000,9999.000,9999.000,9999.000,9999.000,9999.000,9999.000,9999.000
202607261030,   3.046,9999.000,9999.000,9999.000,9999.000,9999.000,9999.000,9999.000,9999.000
202607261036,   3.047,9999.000,9999.000,9999.000,9999.000,9999.000,9999.000,9999.000,9999.000
202607261042,   3.045,9999.000,9999.000,9999.000,9999.000,9999.000,9999.000,9999.000,9999.000
202607261048,   3.040,9999.000,9999.000,9999.000,9999.000,9999.000,9999.000,9999.000,9999.000
202607261054,   3.033,9999.000,9999.000,9999.000,9999.000,9999.000,9999.000,9999.000,9999.000
202607261100,   3.023,9999.000,   0.800,  -0.012,   3.811,   0.700,   3.711,   0.900,   3.911
202607261106,   3.011,9999.000,9999.000,9999.000,9999.000,9999.000,9999.000,9999.000,9999.000
202607261112,   2.996,9999.000,9999.000,9999.000,9999.000,9999.000,9999.000,9999.000,9999.000
202607261118,   2.978,9999.000,9999.000,9999.000,9999.000,9999.000,9999.000,9999.000,9999.000
202607261124,   2.958,9999.000,9999.000,9999.000,9999.000,9999.000,9999.000,9999.000,9999.000
202607261130,   2.935,9999.000,9999.000,9999.000,9999.000,9999.000,9999.000,9999.000,9999.000
202607261136,   2.910,9999.000,9999.000,9999.000,9999.000,9999.000,9999.000,9999.000,9999.000
202607261142,   2.882,9999.000,9999.000,9999.000,9999.000,9999.000,9999.000,9999.000,9999.000
202607261148,   2.852,9999.000,9999.000,9999.000,9999.000,9999.000,9999.000,9999.000,9999.000
202607261154,   2.820,9999.000,9999.000,9999.000,9999.000,9999.000,9999.000,9999.000,9999.000
202607261200,   2.785,9999.000,   0.800,  -0.012,   3.573,   0.700,   3.473,   0.900,   3.673
202607261206,   2.748,9999.000,9999.000,9999.000,9999.000,9999.000,9999.000,9999.000,9999.000
202607261212,   2.709,9999.000,9999.000,9999.000,9999.000,9999.000,9999.000,9999.000,9999.000
202607261218,   2.668,9999.000,9999.000,9999.000,9999.000,9999.000,9999.000,9999.000,9999.000
202607261224,   2.625,9999.000,9999.000,9999.000,9999.000,9999.000,9999.000,9999.000,9999.000
202607261230,   2.580,9999.000,9999.000,9999.000,9999.000,9999.000,9999.000,9999.000,9999.000
202607261236,   2.534,9999.000,9999.000,9999.000,9999.000,9999.000,9999.000,9999.000,9999.000
202607261242,   2.486,9999.000,9999.000,9999.000,9999.000,9999.000,9999.000,9999.000,9999.000
202607261248,   2.436,9999.000,9999.000,9999.000,9999.000,9999.000,9999.000,9999.000,9999.000
202607261254,   2.385,9999.000,9999.000,9999.000,9999.000,9999.000,9999.000,9999.000,9999.000
202607261300,   2.332,9999.000,   0.800,  -0.012,   3.120,   0.700,   3.020,   0.900,   3.220
202607261306,   2.279,9999.000,9999.000,9999.000,9999.000,9999.000,9999.000,9999.000,9999.000
202607261312,   2.224,9999.000,9999.000,9999.000,9999.000,9999.000,9999.000,9999.000,9999.000
202607261318,   2.168,9999.000,9999.000,9999.000,9999.000,9999.000,9999.000,9999.000,9999.000
202607261324,   2.112,9999.000,9999.000,9999.000,9999.000,9999.000,9999.000,9999.000,9999.000
202607261330,   2.055,9999.000,9999.000,9999.000,9999.000,9999.000,9999.000,9999.000,9999.000
202607261336,   1.997,9999.000,9999.000,9999.000,9999.000,9999.000,9999.000,9999.000,9999.000
202607261342,   1.939,9999.000,9999.000,9999.000,9999.000,9999.000,9999.000,9999.000,9999.000
202607261348,   1.880,9999.000,9999.000,9999.000,9999.000,9999.000,9999.000,9999.000,9999.000
202607261354,   1.822,9999.000,9999.000,9999.000,9999.000,9999.000,9999.000,9999.000,9999.000
202607261400,   1.764,9999.000,   0.800,  -0.012,   2.552,   0.800,   2.552,   0.900,   2.652
202607261406,   1.706,9999.000,9999.000,9999.000,9999.000,9999.000,9999.000,9999.000,9999.000
202607261412,   1.648,9999.000,9999.000,9999.000,9999.000,9999.000,9999.000,9999.000,9999.000
202607261418,   1.591,9999.000,9999.000,9999.000,9999.000,9999.000,9999.000,9999.000,9999.000
202607261424,   1.536,9999.000,9999.000,9999.000,9999.000,9999.000,9999.000,9999.000,9999.000
202607261430,   1.481,9999.000,9999.000,9999.000,9999.000,9999.000,9999.000,9999.000,9999.000
202607261436,   1.427,9999.000,9999.000,9999.000,9999.000,9999.000,9999.000,9999.000,9999.000
202607261442,   1.375,9999.000,9999.000,9999.000,9999.000,9999.000,9999.000,9999.000,9999.000
202607261448,   1.325,9999.000,9999.000,9999.000,9999.000,9999.000,9999.000,9999.000,9999.000
202607261454,   1.277,9999.000,9999.000,9999.000,9999.000,9999.000,9999.000,9999.000,9999.000
202607261500,   1.231,9999.000,   0.800,  -0.012,   2.019,   0.800,   2.019,   0.900,   2.119
202607261506,   1.187,9999.000,9999.000,9999.000,9999.000,9999.000,9999.000,9999.000,9999.000
202607261512,   1.146,9999.000,9999.000,9999.000,9999.000,9999.000,9999.000,9999.000,9999.000
202607261518,   1.109,9999.000,9999.000,9999.000,9999.000,9999.000,9999.000,9999.000,9999.000
202607261524,   1.074,9999.000,9999.000,9999.000,9999.000,9999.000,9999.000,9999.000,9999.000
202607261530,   1.043,9999.000,9999.000,9999.000,9999.000,9999.000,9999.000,9999.000,9999.000
202607261536,   1.015,9999.000,9999.000,9999.000,9999.000,9999.000,9999.000,9999.000,9999.000
202607261542,   0.991,9999.000,9999.000,9999.000,9999.000,9999.000,9999.000,9999.000,9999.000
202607261548,   0.972,9999.000,9999.000,9999.000,9999.000,9999.000,9999.000,9999.000,9999.000
202607261554,   0.956,9999.000,9999.000,9999.000,9999.000,9999.000,9999.000,9999.000,9999.000
202607261600,   0.944,9999.000,   0.800,  -0.012,   1.732,   0.800,   1.732,   0.900,   1.832
202607261606,   0.937,9999.000,9999.000,9999.000,9999.000,9999.000,9999.000,9999.000,9999.000
202607261612,   0.934,9999.000,9999.000,9999.000,9999.000,9999.000,9999.000,9999.000,9999.000
202607261618,   0.936,9999.000,9999.000,9999.000,9999.000,9999.000,9999.000,9999.000,9999.000
202607261624,   0.942,9999.000,9999.000,9999.000,9999.000,9999.000,9999.000,9999.000,9999.000
202607261630,   0.953,9999.000,9999.000,9999.000,9999.000,9999.000,9999.000,9999.000,9999.000
202607261636,   0.968,9999.000,9999.000,9999.000,9999.000,9999.000,9999.000,9999.000,9999.000
202607261642,   0.988,9999.000,9999.000,9999.000,9999.000,9999.000,9999.000,9999.000,9999.000
202607261648,   1.012,9999.000,9999.000,9999.000,9999.000,9999.000,9999.000,9999.000,9999.000
202607261654,   1.040,9999.000,9999.000,9999.000,9999.000,9999.000,9999.000,9999.000,9999.000
202607261700,   1.073,9999.000,   0.900,  -0.012,   1.961,   0.800,   1.861,   0.900,   1.961
202607261706,   1.110,9999.000,9999.000,9999.000,9999.000,9999.000,9999.000,9999.000,9999.000
202607261712,   1.151,9999.000,9999.000,9999.000,9999.000,9999.000,9999.000,9999.000,9999.000
202607261718,   1.196,9999.000,9999.000,9999.000,9999.000,9999.000,9999.000,9999.000,9999.000
202607261724,   1.245,9999.000,9999.000,9999.000,9999.000,9999.000,9999.000,9999.000,9999.000
202607261730,   1.297,9999.000,9999.000,9999.000,9999.000,9999.000,9999.000,9999.000,9999.000
202607261736,   1.352,9999.000,9999.000,9999.000,9999.000,9999.000,9999.000,9999.000,9999.000
202607261742,   1.411,9999.000,9999.000,9999.000,9999.000,9999.000,9999.000,9999.000,9999.000
202607261748,   1.472,9999.000,9999.000,9999.000,9999.000,9999.000,9999.000,9999.000,9999.000
202607261754,   1.536,9999.000,9999.000,9999.000,9999.000,9999.000,9999.000,9999.000,9999.000
202607261800,   1.603,9999.000,   0.900,  -0.012,   2.491,   0.800,   2.391,   1.000,   2.591
202607261806,   1.671,9999.000,9999.000,9999.000,9999.000,9999.000,9999.000,9999.000,9999.000
202607261812,   1.742,9999.000,9999.000,9999.000,9999.000,9999.000,9999.000,9999.000,9999.000
202607261818,   1.815,9999.000,9999.000,9999.000,9999.000,9999.000,9999.000,9999.000,9999.000
202607261824,   1.889,9999.000,9999.000,9999.000,9999.000,9999.000,9999.000,9999.000,9999.000
202607261830,   1.964,9999.000,9999.000,9999.000,9999.000,9999.000,9999.000,9999.000,9999.000
202607261836,   2.041,9999.000,9999.000,9999.000,9999.000,9999.000,9999.000,9999.000,9999.000
202607261842,   2.118,9999.000,9999.000,9999.000,9999.000,9999.000,9999.000,9999.000,9999.000
202607261848,   2.197,9999.000,9999.000,9999.000,9999.000,9999.000,9999.000,9999.000,9999.000
202607261854,   2.275,9999.000,9999.000,9999.000,9999.000,9999.000,9999.000,9999.000,9999.000
202607261900,   2.354,9999.000,   0.900,  -0.012,   3.242,   0.800,   3.142,   1.000,   3.342
202607261906,   2.433,9999.000,9999.000,9999.000,9999.000,9999.000,9999.000,9999.000,9999.000
202607261912,   2.513,9999.000,9999.000,9999.000,9999.000,9999.000,9999.000,9999.000,9999.000
202607261918,   2.592,9999.000,9999.000,9999.000,9999.000,9999.000,9999.000,9999.000,9999.000
202607261924,   2.670,9999.000,9999.000,9999.000,9999.000,9999.000,9999.000,9999.000,9999.000
202607261930,   2.748,9999.000,9999.000,9999.000,9999.000,9999.000,9999.000,9999.000,9999.000
202607261936,   2.826,9999.000,9999.000,9999.000,9999.000,9999.000,9999.000,9999.000,9999.000
202607261942,   2.902,9999.000,9999.000,9999.000,9999.000,9999.000,9999.000,9999.000,9999.000
202607261948,   2.978,9999.000,9999.000,9999.000,9999.000,9999.000,9999.000,9999.000,9999.000
202607261954,   3.053,9999.000,9999.000,9999.000,9999.000,9999.000,9999.000,9999.000,9999.000
202607262000,   3.126,9999.000,   0.900,  -0.012,   4.014,   0.800,   3.914,   1.000,   4.114
202607262006,   3.199,9999.000,9999.000,9999.000,9999.000,9999.000,9999.000,9999.000,9999.000
202607262012,   3.270,9999.000,9999.000,9999.000,9999.000,9999.000,9999.000,9999.000,9999.000
202607262018,   3.339,9999.000,9999.000,9999.000,9999.000,9999.000,9999.000,9999.000,9999.000
202607262024,   3.407,9999.000,9999.000,9999.000,9999.000,9999.000,9999.000,9999.000,9999.000
202607262030,   3.473,9999.000,9999.000,9999.000,9999.000,9999.000,9999.000,9999.000,9999.000
202607262036,   3.537,9999.000,9999.000,9999.000,9999.000,9999.000,9999.000,9999.000,9999.000
202607262042,   3.600,9999.000,9999.000,9999.000,9999.000,9999.000,9999.000,9999.000,9999.000
202607262048,   3.660,9999.000,9999.000,9999.000,9999.000,9999.000,9999.000,9999.000,9999.000
202607262054,   3.719,9999.000,9999.000,9999.000,9999.000,9999.000,9999.000,9999.000,9999.000
202607262100,   3.775,9999.000,   0.900,  -0.012,   4.663,   0.800,   4.563,   1.000,   4.763
202607262106,   3.829,9999.000,9999.000,9999.000,9999.000,9999.000,9999.000,9999.000,9999.000
202607262112,   3.881,9999.000,9999.000,9999.000,9999.000,9999.000,9999.000,9999.000,9999.000
202607262118,   3.930,9999.000,9999.000,9999.000,9999.000,9999.000,9999.000,9999.000,9999.000
202607262124,   3.977,9999.000,9999.000,9999.000,9999.000,9999.000,9999.000,9999.000,9999.000
202607262130,   4.022,9999.000,9999.000,9999.000,9999.000,9999.000,9999.000,9999.000,9999.000
202607262136,   4.064,9999.000,9999.000,9999.000,9999.000,9999.000,9999.000,9999.000,9999.000
202607262142,   4.103,9999.000,9999.000,9999.000,9999.000,9999.000,9999.000,9999.000,9999.000
202607262148,   4.140,9999.000,9999.000,9999.000,9999.000,9999.000,9999.000,9999.000,9999.000
202607262154,   4.174,9999.000,9999.000,9999.000,9999.000,9999.000,9999.000,9999.000,9999.000
202607262200,   4.205,9999.000,   0.900,  -0.012,   5.093,   0.800,   4.993,   1.000,   5.193
202607262206,   4.233,9999.000,9999.000,9999.000,9999.000,9999.000,9999.000,9999.000,9999.000
202607262212,   4.259,9999.000,9999.000,9999.000,9999.000,9999.000,9999.000,9999.000,9999.000
202607262218,   4.281,9999.000,9999.000,9999.000,9999.000,9999.000,9999.000,9999.000,9999.000
202607262224,   4.300,9999.000,9999.000,9999.000,9999.000,9999.000,9999.000,9999.000,9999.000
202607262230,   4.316,9999.000,9999.000,9999.000,9999.000,9999.000,9999.000,9999.000,9999.000
202607262236,   4.329,9999.000,9999.000,9999.000,9999.000,9999.000,9999.000,9999.000,9999.000
202607262242,   4.339,9999.000,9999.000,9999.000,9999.000,9999.000,9999.000,9999.000,9999.000
202607262248,   4.346,9999.000,9999.000,9999.000,9999.000,9999.000,9999.000,9999.000,9999.000
202607262254,   4.349,9999.000,9999.000,9999.000,9999.000,9999.000,9999.000,9999.000,9999.000
202607262300,   4.349,9999.000,   0.900,  -0.012,   5.237,   0.800,   5.137,   1.000,   5.337
202607262306,   4.346,9999.000,9999.000,9999.000,9999.000,9999.000,9999.000,9999.000,9999.000
202607262312,   4.339,9999.000,9999.000,9999.000,9999.000,9999.000,9999.000,9999.000,9999.000
202607262318,   4.329,9999.000,9999.000,9999.000,9999.000,9999.000,9999.000,9999.000,9999.000
202607262324,   4.316,9999.000,9999.000,9999.000,9999.000,9999.000,9999.000,9999.000,9999.000
202607262330,   4.299,9999.000,9999.000,9999.000,9999.000,9999.000,9999.000,9999.000,9999.000
202607262336,   4.279,9999.000,9999.000,9999.000,9999.000,9999.000,9999.000,9999.000,9999.000
202607262342,   4.256,9999.000,9999.000,9999.000,9999.000,9999.000,9999.000,9999.000,9999.000
202607262348,   4.229,9999.000,9999.000,9999.000,9999.000,9999.000,9999.000,9999.000,9999.000
202607262354,   4.199,9999.000,9999.000,9999.000,9999.000,9999.000,9999.000,9999.000,9999.000
202607270000,   4.165,9999.000,   0.900,  -0.012,   5.053,   0.800,   4.953,   1.000,   5.153
202607270006,   4.129,9999.000,9999.000,9999.000,9999.000,9999.000,9999.000,9999.000,9999.000
202607270012,   4.089,9999.000,9999.000,9999.000,9999.000,9999.000,9999.000,9999.000,9999.000
202607270018,   4.046,9999.000,9999.000,9999.000,9999.000,9999.000,9999.000,9999.000,9999.000
202607270024,   3.999,9999.000,9999.000,9999.000,9999.000,9999.000,9999.000,9999.000,9999.000
202607270030,   3.950,9999.000,9999.000,9999.000,9999.000,9999.000,9999.000,9999.000,9999.000
202607270036,   3.898,9999.000,9999.000,9999.000,9999.000,9999.000,9999.000,9999.000,9999.000
202607270042,   3.842,9999.000,9999.000,9999.000,9999.000,9999.000,9999.000,9999.000,9999.000
202607270048,   3.784,9999.000,9999.000,9999.000,9999.000,9999.000,9999.000,9999.000,9999.000
202607270054,   3.723,9999.000,9999.000,9999.000,9999.000,9999.000,9999.000,9999.000,9999.000
202607270100,   3.660,9999.000,   0.900,  -0.012,   4.548,   0.800,   4.448,   1.000,   4.648
202607270106,   3.594,9999.000,9999.000,9999.000,9999.000,9999.000,9999.000,9999.000,9999.000
202607270112,   3.525,9999.000,9999.000,9999.000,9999.000,9999.000,9999.000,9999.000,9999.000
202607270118,   3.454,9999.000,9999.000,9999.000,9999.000,9999.000,9999.000,9999.000,9999.000
202607270124,   3.381,9999.000,9999.000,9999.000,9999.000,9999.000,9999.000,9999.000,9999.000
202607270130,   3.305,9999.000,9999.000,9999.000,9999.000,9999.000,9999.000,9999.000,9999.000
202607270136,   3.228,9999.000,9999.000,9999.000,9999.000,9999.000,9999.000,9999.000,9999.000
202607270142,   3.149,9999.000,9999.000,9999.000,9999.000,9999.000,9999.000,9999.000,9999.000
202607270148,   3.068,9999.000,9999.000,9999.000,9999.000,9999.000,9999.000,9999.000,9999.000
202607270154,   2.986,9999.000,9999.000,9999.000,9999.000,9999.000,9999.000,9999.000,9999.000
202607270200,   2.902,9999.000,   0.900,  -0.012,   3.790,   0.800,   3.690,   1.000,   3.890
202607270206,   2.817,9999.000,9999.000,9999.000,9999.000,9999.000,9999.000,9999.000,9999.000
202607270212,   2.731,9999.000,9999.000,9999.000,9999.000,9999.000,9999.000,9999.000,9999.000
202607270218,   2.644,9999.000,9999.000,9999.000,9999.000,9999.000,9999.000,9999.000,9999.000
202607270224,   2.556,9999.000,9999.000,9999.000,9999.000,9999.000,9999.000,9999.000,9999.000
202607270230,   2.469,9999.000,9999.000,9999.000,9999.000,9999.000,9999.000,9999.000,9999.000
202607270236,   2.380,9999.000,9999.000,9999.000,9999.000,9999.000,9999.000,9999.000,9999.000
202607270242,   2.292,9999.000,9999.000,9999.000,9999.000,9999.000,9999.000,9999.000,9999.000
202607270248,   2.205,9999.000,9999.000,9999.000,9999.000,9999.000,9999.000,9999.000,9999.000
202607270254,   2.117,9999.000,9999.000,9999.000,9999.000,9999.000,9999.000,9999.000,9999.000
202607270300,   2.031,9999.000,   0.900,  -0.012,   2.919,   0.800,   2.819,   1.000,   3.019
202607270306,   1.945,9999.000,9999.000,9999.000,9999.000,9999.000,9999.000,9999.000,9999.000
202607270312,   1.861,9999.000,9999.000,9999.000,9999.000,9999.000,9999.000,9999.000,9999.000
202607270318,   1.778,9999.000,9999.000,9999.000,9999.000,9999.000,9999.000,9999.000,9999.000
202607270324,   1.697,9999.000,9999.000,9999.000,9999.000,9999.000,9999.000,9999.000,9999.000
202607270330,   1.618,9999.000,9999.000,9999.000,9999.000,9999.000,9999.000,9999.000,9999.000
202607270336,   1.542,9999.000,9999.000,9999.000,9999.000,9999.000,9999.000,9999.000,9999.000
202607270342,   1.468,9999.000,9999.000,9999.000,9999.000,9999.000,9999.000,9999.000,9999.000
202607270348,   1.397,9999.000,9999.000,9999.000,9999.000,9999.000,9999.000,9999.000,9999.000
202607270354,   1.329,9999.000,9999.000,9999.000,9999.000,9999.000,9999.000,9999.000,9999.000
202607270400,   1.265,9999.000,   0.900,  -0.012,   2.153,   0.800,   2.053,   1.000,   2.253
202607270406,   1.204,9999.000,9999.000,9999.000,9999.000,9999.000,9999.000,9999.000,9999.000
202607270412,   1.147,9999.000,9999.000,9999.000,9999.000,9999.000,9999.000,9999.000,9999.000
202607270418,   1.094,9999.000,9999.000,9999.000,9999.000,9999.000,9999.000,9999.000,9999.000
202607270424,   1.045,9999.000,9999.000,9999.000,9999.000,9999.000,9999.000,9999.000,9999.000
202607270430,   1.001,9999.000,9999.000,9999.000,9999.000,9999.000,9999.000,9999.000,9999.000
202607270436,   0.961,9999.000,9999.000,9999.000,9999.000,9999.000,9999.000,9999.000,9999.000
202607270442,   0.926,9999.000,9999.000,9999.000,9999.000,9999.000,9999.000,9999.000,9999.000
202607270448,   0.895,9999.000,9999.000,9999.000,9999.000,9999.000,9999.000,9999.000,9999.000
202607270454,   0.870,9999.000,9999.000,9999.000,9999.000,9999.000,9999.000,9999.000,9999.000
202607270500,   0.849,9999.000,   0.900,  -0.012,   1.737,   0.800,   1.637,   1.000,   1.837
202607270506,   0.833,9999.000,9999.000,9999.000,9999.000,9999.000,9999.000,9999.000,9999.000
202607270512,   0.822,9999.000,9999.000,9999.000,9999.000,9999.000,9999.000,9999.000,9999.000
202607270518,   0.816,9999.000,9999.000,9999.000,9999.000,9999.000,9999.000,9999.000,9999.000
202607270524,   0.815,9999.000,9999.000,9999.000,9999.000,9999.000,9999.000,9999.000,9999.000
202607270530,   0.819,9999.000,9999.000,9999.000,9999.000,9999.000,9999.000,9999.000,9999.000
202607270536,   0.827,9999.000,9999.000,9999.000,9999.000,9999.000,9999.000,9999.000,9999.000
202607270542,   0.840,9999.000,9999.000,9999.000,9999.000,9999.000,9999.000,9999.000,9999.000
202607270548,   0.857,9999.000,9999.000,9999.000,9999.000,9999.000,9999.000,9999.000,9999.000
202607270554,   0.879,9999.000,9999.000,9999.000,9999.000,9999.000,9999.000,9999.000,9999.000
202607270600,   0.904,9999.000,   0.900,  -0.012,   1.792,   0.800,   1.692,   1.000,   1.892
202607270606,   0.933,9999.000,9999.000,9999.000,9999.000,9999.000,9999.000,9999.000,9999.000
202607270612,   0.966,9999.000,9999.000,9999.000,9999.000,9999.000,9999.000,9999.000,9999.000
202607270618,   1.002,9999.000,9999.000,9999.000,9999.000,9999.000,9999.000,9999.000,9999.000
202607270624,   1.042,9999.000,9999.000,9999.000,9999.000,9999.000,9999.000,9999.000,9999.000
202607270630,   1.084,9999.000,9999.000,9999.000,9999.000,9999.000,9999.000,9999.000,9999.000
202607270636,   1.130,9999.000,9999.000,9999.000,9999.000,9999.000,9999.000,9999.000,9999.000
202607270642,   1.177,9999.000,9999.000,9999.000,9999.000,9999.000,9999.000,9999.000,9999.000
202607270648,   1.228,9999.000,9999.000,9999.000,9999.000,9999.000,9999.000,9999.000,9999.000
202607270654,   1.280,9999.000,9999.000,9999.000,9999.000,9999.000,9999.000,9999.000,9999.000
202607270700,   1.334,9999.000,   0.900,  -0.012,   2.222,   0.800,   2.122,   1.000,   2.322
202607270706,   1.389,9999.000,9999.000,9999.000,9999.000,9999.000,9999.000,9999.000,9999.000
202607270712,   1.446,9999.000,9999.000,9999.000,9999.000,9999.000,9999.000,9999.000,9999.000
202607270718,   1.505,9999.000,9999.000,9999.000,9999.000,9999.000,9999.000,9999.000,9999.000
202607270724,   1.564,9999.000,9999.000,9999.000,9999.000,9999.000,9999.000,9999.000,9999.000
202607270730,   1.624,9999.000,9999.000,9999.000,9999.000,9999.000,9999.000,9999.000,9999.000
202607270736,   1.684,9999.000,9999.000,9999.000,9999.000,9999.000,9999.000,9999.000,9999.000
202607270742,   1.745,9999.000,9999.000,9999.000,9999.000,9999.000,9999.000,9999.000,9999.000
202607270748,   1.806,9999.000,9999.000,9999.000,9999.000,9999.000,9999.000,9999.000,9999.000
202607270754,   1.867,9999.000,9999.000,9999.000,9999.000,9999.000,9999.000,9999.000,9999.000
202607270800,   1.928,9999.000,   0.900,  -0.012,   2.816,   0.800,   2.716,   1.000,   2.916
202607270806,   1.989,9999.000,9999.000,9999.000,9999.000,9999.000,9999.000,9999.000,9999.000
202607270812,   2.049,9999.000,9999.000,9999.000,9999.000,9999.000,9999.000,9999.000,9999.000
202607270818,   2.109,9999.000,9999.000,9999.000,9999.000,9999.000,9999.000,9999.000,9999.000
202607270824,   2.167,9999.000,9999.000,9999.000,9999.000,9999.000,9999.000,9999.000,9999.000
202607270830,   2.225,9999.000,9999.000,9999.000,9999.000,9999.000,9999.000,9999.000,9999.000
202607270836,   2.282,9999.000,9999.000,9999.000,9999.000,9999.000,9999.000,9999.000,9999.000
202607270842,   2.338,9999.000,9999.000,9999.000,9999.000,9999.000,9999.000,9999.000,9999.000
202607270848,   2.393,9999.000,9999.000,9999.000,9999.000,9999.000,9999.000,9999.000,9999.000
202607270854,   2.447,9999.000,9999.000,9999.000,9999.000,9999.000,9999.000,9999.000,9999.000
202607270900,   2.499,9999.000,   0.900,  -0.012,   3.387,   0.800,   3.287,   1.000,   3.487
202607270906,   2.549,9999.000,9999.000,9999.000,9999.000,9999.000,9999.000,9999.000,9999.000
202607270912,   2.598,9999.000,9999.000,9999.000,9999.000,9999.000,9999.000,9999.000,9999.000
202607270918,   2.646,9999.000,9999.000,9999.000,9999.000,9999.000,9999.000,9999.000,9999.000
202607270924,   2.691,9999.000,9999.000,9999.000,9999.000,9999.000,9999.000,9999.000,9999.000
202607270930,   2.735,9999.000,9999.000,9999.000,9999.000,9999.000,9999.000,9999.000,9999.000
202607270936,   2.777,9999.000,9999.000,9999.000,9999.000,9999.000,9999.000,9999.000,9999.000
202607270942,   2.818,9999.000,9999.000,9999.000,9999.000,9999.000,9999.000,9999.000,9999.000
202607270948,   2.856,9999.000,9999.000,9999.000,9999.000,9999.000,9999.000,9999.000,9999.000
202607270954,   2.892,9999.000,9999.000,9999.000,9999.000,9999.000,9999.000,9999.000,9999.000
202607271000,   2.926,9999.000,   0.900,  -0.012,   3.814,   0.800,   3.714,   1.000,   3.914
202607271006,   2.958,9999.000,9999.000,9999.000,9999.000,9999.000,9999.000,9999.000,9999.000
202607271012,   2.988,9999.000,9999.000,9999.000,9999.000,9999.000,9999.000,9999.000,9999.000
202607271018,   3.015,9999.000,9999.000,9999.000,9999.000,9999.000,9999.000,9999.000,9999.000
202607271024,   3.041,9999.000,9999.000,9999.000,9999.000,9999.000,9999.000,9999.000,9999.000
202607271030,   3.063,9999.000,9999.000,9999.000,9999.000,9999.000,9999.000,9999.000,9999.000
202607271036,   3.084,9999.000,9999.000,9999.000,9999.000,9999.000,9999.000,9999.000,9999.000
202607271042,   3.102,9999.000,9999.000,9999.000,9999.000,9999.000,9999.000,9999.000,9999.000
202607271048,   3.118,9999.000,9999.000,9999.000,9999.000,9999.000,9999.000,9999.000,9999.000
202607271054,   3.131,9999.000,9999.000,9999.000,9999.000,9999.000,9999.000,9999.000,9999.000
202607271100,   3.142,9999.000,   0.900,  -0.012,   4.030,   0.800,   3.930,   1.000,   4.130
202607271106,   3.150,9999.000,9999.000,9999.000,9999.000,9999.000,9999.000,9999.000,9999.000
202607271112,   3.156,9999.000,9999.000,9999.000,9999.000,9999.000,9999.000,9999.000,9999.000
202607271118,   3.159,9999.000,9999.000,9999.000,9999.000,9999.000,9999.000,9999.000,9999.000
202607271124,   3.159,9999.000,9999.000,9999.000,9999.000,9999.000,9999.000,9999.000,9999.000
202607271130,   3.157,9999.000,9999.000,9999.000,9999.000,9999.000,9999.000,9999.000,9999.000
202607271136,   3.152,9999.000,9999.000,9999.000,9999.000,9999.000,9999.000,9999.000,9999.000
202607271142,   3.144,9999.000,9999.000,9999.000,9999.000,9999.000,9999.000,9999.000,9999.000
202607271148,   3.133,9999.000,9999.000,9999.000,9999.000,9999.000,9999.000,9999.000,9999.000
202607271154,   3.120,9999.000,9999.000,9999.000,9999.000,9999.000,9999.000,9999.000,9999.000
202607271200,   3.104,9999.000,   0.900,  -0.012,   3.992,   0.800,   3.892,   1.000,   4.092
202607271206,   3.085,9999.000,9999.000,9999.000,9999.000,9999.000,9999.000,9999.000,9999.000
202607271212,   3.063,9999.000,9999.000,9999.000,9999.000,9999.000,9999.000,9999.000,9999.000
202607271218,   3.039,9999.000,9999.000,9999.000,9999.000,9999.000,9999.000,9999.000,9999.000
202607271224,   3.011,9999.000,9999.000,9999.000,9999.000,9999.000,9999.000,9999.000,9999.000
202607271230,   2.981,9999.000,9999.000,9999.000,9999.000,9999.000,9999.000,9999.000,9999.000
202607271236,   2.948,9999.000,9999.000,9999.000,9999.000,9999.000,9999.000,9999.000,9999.000
202607271242,   2.913,9999.000,9999.000,9999.000,9999.000,9999.000,9999.000,9999.000,9999.000
202607271248,   2.874,9999.000,9999.000,9999.000,9999.000,9999.000,9999.000,9999.000,9999.000
202607271254,   2.833,9999.000,9999.000,9999.000,9999.000,9999.000,9999.000,9999.000,9999.000
202607271300,   2.790,9999.000,   0.900,  -0.012,   3.678,   0.800,   3.578,   1.000,   3.778
202607271306,   2.744,9999.000,9999.000,9999.000,9999.000,9999.000,9999.000,9999.000,9999.000
202607271312,   2.696,9999.000,9999.000,9999.000,9999.000,9999.000,9999.000,9999.000,9999.000
202607271318,   2.645,9999.000,9999.000,9999.000,9999.000,9999.000,9999.000,9999.000,9999.000
202607271324,   2.592,9999.000,9999.000,9999.000,9999.000,9999.000,9999.000,9999.000,9999.000
202607271330,   2.537,9999.000,9999.000,9999.000,9999.000,9999.000,9999.000,9999.000,9999.000
202607271336,   2.480,9999.000,9999.000,9999.000,9999.000,9999.000,9999.000,9999.000,9999.000
202607271342,   2.421,9999.000,9999.000,9999.000,9999.000,9999.000,9999.000,9999.000,9999.000
202607271348,   2.361,9999.000,9999.000,9999.000,9999.000,9999.000,9999.000,9999.000,9999.000
202607271354,   2.299,9999.000,9999.000,9999.000,9999.000,9999.000,9999.000,9999.000,9999.000
202607271400,   2.235,9999.000,   0.900,  -0.012,   3.123,   0.800,   3.023,   1.000,   3.223
202607271406,   2.171,9999.000,9999.000,9999.000,9999.000,9999.000,9999.000,9999.000,9999.000
202607271412,   2.106,9999.000,9999.000,9999.000,9999.000,9999.000,9999.000,9999.000,9999.000
202607271418,   2.040,9999.000,9999.000,9999.000,9999.000,9999.000,9999.000,9999.000,9999.000
202607271424,   1.973,9999.000,9999.000,9999.000,9999.000,9999.000,9999.000,9999.000,9999.000
202607271430,   1.906,9999.000,9999.000,9999.000,9999.000,9999.000,9999.000,9999.000,9999.000
202607271436,   1.839,9999.000,9999.000,9999.000,9999.000,9999.000,9999.000,9999.000,9999.000
202607271442,   1.772,9999.000,9999.000,9999.000,9999.000,9999.000,9999.000,9999.000,9999.000
202607271448,   1.705,9999.000,9999.000,9999.000,9999.000,9999.000,9999.000,9999.000,9999.000
202607271454,   1.639,9999.000,9999.000,9999.000,9999.000,9999.000,9999.000,9999.000,9999.000
202607271500,   1.574,9999.000,   0.900,  -0.012,   2.462,   0.800,   2.362,   1.000,   2.562
202607271506,   1.510,9999.000,9999.000,9999.000,9999.000,9999.000,9999.000,9999.000,9999.000
202607271512,   1.448,9999.000,9999.000,9999.000,9999.000,9999.000,9999.000,9999.000,9999.000
202607271518,   1.387,9999.000,9999.000,9999.000,9999.000,9999.000,9999.000,9999.000,9999.000
202607271524,   1.328,9999.000,9999.000,9999.000,9999.000,9999.000,9999.000,9999.000,9999.000
202607271530,   1.270,9999.000,9999.000,9999.000,9999.000,9999.000,9999.000,9999.000,9999.000
202607271536,   1.216,9999.000,9999.000,9999.000,9999.000,9999.000,9999.000,9999.000,9999.000
202607271542,   1.164,9999.000,9999.000,9999.000,9999.000,9999.000,9999.000,9999.000,9999.000
202607271548,   1.114,9999.000,9999.000,9999.000,9999.000,9999.000,9999.000,9999.000,9999.000
202607271554,   1.068,9999.000,9999.000,9999.000,9999.000,9999.000,9999.000,9999.000,9999.000
202607271600,   1.025,9999.000,   0.900,  -0.012,   1.913,   0.800,   1.813,   1.000,   2.013
202607271606,   0.986,9999.000,9999.000,9999.000,9999.000,9999.000,9999.000,9999.000,9999.000
202607271612,   0.950,9999.000,9999.000,9999.000,9999.000,9999.000,9999.000,9999.000,9999.000
202607271618,   0.918,9999.000,9999.000,9999.000,9999.000,9999.000,9999.000,9999.000,9999.000
202607271624,   0.890,9999.000,9999.000,9999.000,9999.000,9999.000,9999.000,9999.000,9999.000
202607271630,   0.866,9999.000,9999.000,9999.000,9999.000,9999.000,9999.000,9999.000,9999.000
202607271636,   0.847,9999.000,9999.000,9999.000,9999.000,9999.000,9999.000,9999.000,9999.000
202607271642,   0.832,9999.000,9999.000,9999.000,9999.000,9999.000,9999.000,9999.000,9999.000
202607271648,   0.821,9999.000,9999.000,9999.000,9999.000,9999.000,9999.000,9999.000,9999.000
202607271654,   0.815,9999.000,9999.000,9999.000,9999.000,9999.000,9999.000,9999.000,9999.000
202607271700,   0.814,9999.000,   0.900,  -0.012,   1.702,   0.800,   1.602,   1.000,   1.802
202607271706,   0.817,9999.000,9999.000,9999.000,9999.000,9999.000,9999.000,9999.000,9999.000
202607271712,   0.826,9999.000,9999.000,9999.000,9999.000,9999.000,9999.000,9999.000,9999.000
202607271718,   0.839,9999.000,9999.000,9999.000,9999.000,9999.000,9999.000,9999.000,9999.000
202607271724,   0.857,9999.000,9999.000,9999.000,9999.000,9999.000,9999.000,9999.000,9999.000
202607271730,   0.879,9999.000,9999.000,9999.000,9999.000,9999.000,9999.000,9999.000,9999.000
202607271736,   0.907,9999.000,9999.000,9999.000,9999.000,9999.000,9999.000,9999.000,9999.000
202607271742,   0.939,9999.000,9999.000,9999.000,9999.000,9999.000,9999.000,9999.000,9999.000
202607271748,   0.976,9999.000,9999.000,9999.000,9999.000,9999.000,9999.000,9999.000,9999.000
202607271754,   1.017,9999.000,9999.000,9999.000,9999.000,9999.000,9999.000,9999.000,9999.000
202607271800,   1.062,9999.000,   0.900,  -0.012,   1.950,   0.800,   1.850,   1.000,   2.050
202607271806,   1.111,9999.000,9999.000,9999.000,9999.000,9999.000,9999.000,9999.000,9999.000
202607271812,   1.165,9999.000,9999.000,9999.000,9999.000,9999.000,9999.000,9999.000,9999.000
202607271818,   1.222,9999.000,9999.000,9999.000,9999.000,9999.000,9999.000,9999.000,9999.000
202607271824,   1.283,9999.000,9999.000,9999.000,9999.000,9999.000,9999.000,9999.000,9999.000
202607271830,   1.348,9999.000,9999.000,9999.000,9999.000,9999.000,9999.000,9999.000,9999.000
202607271836,   1.415,9999.000,9999.000,9999.000,9999.000,9999.000,9999.000,9999.000,9999.000
202607271842,   1.486,9999.000,9999.000,9999.000,9999.000,9999.000,9999.000,9999.000,9999.000
202607271848,   1.559,9999.000,9999.000,9999.000,9999.000,9999.000,9999.000,9999.000,9999.000
202607271854,   1.635,9999.000,9999.000,9999.000,9999.000,9999.000,9999.000,9999.000,9999.000
202607271900,   1.713,9999.000,   0.900,  -0.012,   2.601,   0.800,   2.501,   1.000,   2.701
202607271906,   1.793,9999.000,9999.000,9999.000,9999.000,9999.000,9999.000,9999.000,9999.000
202607271912,   1.875,9999.000,9999.000,9999.000,9999.000,9999.000,9999.000,9999.000,9999.000
202607271918,   1.959,9999.000,9999.000,9999.000,9999.000,9999.000,9999.000,9999.000,9999.000
202607271924,   2.043,9999.000,9999.000,9999.000,9999.000,9999.000,9999.000,9999.000,9999.000
202607271930,   2.129,9999.000,9999.000,9999.000,9999.000,9999.000,9999.000,9999.000,9999.000
202607271936,   2.215,9999.000,9999.000,9999.000,9999.000,9999.000,9999.000,9999.000,9999.000
202607271942,   2.302,9999.000,9999.000,9999.000,9999.000,9999.000,9999.000,9999.000,9999.000
202607271948,   2.390,9999.000,9999.000,9999.000,9999.000,9999.000,9999.000,9999.000,9999.000
202607271954,   2.477,9999.000,9999.000,9999.000,9999.000,9999.000,9999.000,9999.000,9999.000
202607272000,   2.564,9999.000,   0.900,  -0.012,   3.452,   0.800,   3.352,   1.000,   3.552
202607272006,   2.651,9999.000,9999.000,9999.000,9999.000,9999.000,9999.000,9999.000,9999.000
202607272012,   2.737,9999.000,9999.000,9999.000,9999.000,9999.000,9999.000,9999.000,9999.000
202607272018,   2.823,9999.000,9999.000,9999.000,9999.000,9999.000,9999.000,9999.000,9999.000
202607272024,   2.908,9999.000,9999.000,9999.000,9999.000,9999.000,9999.000,9999.000,9999.000
202607272030,   2.991,9999.000,9999.000,9999.000,9999.000,9999.000,9999.000,9999.000,9999.000
202607272036,   3.073,9999.000,9999.000,9999.000,9999.000,9999.000,9999.000,9999.000,9999.000
202607272042,   3.154,9999.000,9999.000,9999.000,9999.000,9999.000,9999.000,9999.000,9999.000
202607272048,   3.234,9999.000,9999.000,9999.000,9999.000,9999.000,9999.000,9999.000,9999.000
202607272054,   3.311,9999.000,9999.000,9999.000,9999.000,9999.000,9999.000,9999.000,9999.000
202607272100,   3.387,9999.000,   0.900,  -0.012,   4.275,   0.800,   4.175,   1.000,   4.375
202607272106,   3.461,9999.000,9999.000,9999.000,9999.000,9999.000,9999.000,9999.000,9999.000
202607272112,   3.533,9999.000,9999.000,9999.000,9999.000,9999.000,9999.000,9999.000,9999.000
202607272118,   3.603,9999.000,9999.000,9999.000,9999.000,9999.000,9999.000,9999.000,9999.000
202607272124,   3.670,9999.000,9999.000,9999.000,9999.000,9999.000,9999.000,9999.000,9999.000
202607272130,   3.736,9999.000,9999.000,9999.000,9999.000,9999.000,9999.000,9999.000,9999.000
202607272136,   3.799,9999.000,9999.000,9999.000,9999.000,9999.000,9999.000,9999.000,9999.000
202607272142,   3.859,9999.000,9999.000,9999.000,9999.000,9999.000,9999.000,9999.000,9999.000
202607272148,   3.917,9999.000,9999.000,9999.000,9999.000,9999.000,9999.000,9999.000,9999.000
202607272154,   3.973,9999.000,9999.000,9999.000,9999.000,9999.000,9999.000,9999.000,9999.000
202607272200,   4.025,9999.000,   0.900,  -0.012,   4.913,   0.800,   4.813,   1.000,   5.013
202607272206,   4.076,9999.000,9999.000,9999.000,9999.000,9999.000,9999.000,9999.000,9999.000
202607272212,   4.123,9999.000,9999.000,9999.000,9999.000,9999.000,9999.000,9999.000,9999.000
202607272218,   4.168,9999.000,9999.000,9999.000,9999.000,9999.000,9999.000,9999.000,9999.000
202607272224,   4.210,9999.000,9999.000,9999.000,9999.000,9999.000,9999.000,9999.000,9999.000
202607272230,   4.249,9999.000,9999.000,9999.000,9999.000,9999.000,9999.000,9999.000,9999.000
202607272236,   4.285,9999.000,9999.000,9999.000,9999.000,9999.000,9999.000,9999.000,9999.000
202607272242,   4.318,9999.000,9999.000,9999.000,9999.000,9999.000,9999.000,9999.000,9999.000
202607272248,   4.348,9999.000,9999.000,9999.000,9999.000,9999.000,9999.000,9999.000,9999.000
202607272254,   4.375,9999.000,9999.000,9999.000,9999.000,9999.000,9999.000,9999.000,9999.000
202607272300,   4.400,9999.000,   0.900,  -0.012,   5.288,   0.800,   5.188,   1.000,   5.388
202607272306,   4.421,9999.000,9999.000,9999.000,9999.000,9999.000,9999.000,9999.000,9999.000
202607272312,   4.438,9999.000,9999.000,9999.000,9999.000,9999.000,9999.000,9999.000,9999.000
202607272318,   4.453,9999.000,9999.000,9999.000,9999.000,9999.000,9999.000,9999.000,9999.000
202607272324,   4.464,9999.000,9999.000,9999.000,9999.000,9999.000,9999.000,9999.000,9999.000
202607272330,   4.472,9999.000,9999.000,9999.000,9999.000,9999.000,9999.000,9999.000,9999.000
202607272336,   4.477,9999.000,9999.000,9999.000,9999.000,9999.000,9999.000,9999.000,9999.000
202607272342,   4.478,9999.000,9999.000,9999.000,9999.000,9999.000,9999.000,9999.000,9999.000
202607272348,   4.476,9999.000,9999.000,9999.000,9999.000,9999.000,9999.000,9999.000,9999.000
202607272354,   4.471,9999.000,9999.000,9999.000,9999.000,9999.000,9999.000,9999.000,9999.000
202607280000,   4.461,9999.000,   0.900,  -0.012,   5.349,   0.800,   5.249,   1.000,   5.449
202607280006,   4.449,9999.000,9999.000,9999.000,9999.000,9999.000,9999.000,9999.000,9999.000
202607280012,   4.432,9999.000,9999.000,9999.000,9999.000,9999.000,9999.000,9999.000,9999.000
202607280018,   4.412,9999.000,9999.000,9999.000,9999.000,9999.000,9999.000,9999.000,9999.000
202607280024,   4.388,9999.000,9999.000,9999.000,9999.000,9999.000,9999.000,9999.000,9999.000
202607280030,   4.360,9999.000,9999.000,9999.000,9999.000,9999.000,9999.000,9999.000,9999.000
202607280036,   4.329,9999.000,9999.000,9999.000,9999.000,9999.000,9999.000,9999.000,9999.000
202607280042,   4.294,9999.000,9999.000,9999.000,9999.000,9999.000,9999.000,9999.000,9999.000
202607280048,   4.255,9999.000,9999.000,9999.000,9999.000,9999.000,9999.000,9999.000,9999.000
202607280054,   4.213,9999.000,9999.000,9999.000,9999.000,9999.000,9999.000,9999.000,9999.000
202607280100,   4.166,9999.000,   0.900,  -0.012,   5.054,   0.800,   4.954,   1.000,   5.154
202607280106,   4.117,9999.000,9999.000,9999.000,9999.000,9999.000,9999.000,9999.000,9999.000
202607280112,   4.063,9999.000,9999.000,9999.000,9999.000,9999.000,9999.000,9999.000,9999.000
202607280118,   4.006,9999.000,9999.000,9999.000,9999.000,9999.000,9999.000,9999.000,9999.000
202607280124,   3.945,9999.000,9999.000,9999.000,9999.000,9999.000,9999.000,9999.000,9999.000
202607280130,   3.881,9999.000,9999.000,9999.000,9999.000,9999.000,9999.000,9999.000,9999.000
202607280136,   3.814,9999.000,9999.000,9999.000,9999.000,9999.000,9999.000,9999.000,9999.000
202607280142,   3.743,9999.000,9999.000,9999.000,9999.000,9999.000,9999.000,9999.000,9999.000
202607280148,   3.670,9999.000,9999.000,9999.000,9999.000,9999.000,9999.000,9999.000,9999.000
202607280154,   3.593,9999.000,9999.000,9999.000,9999.000,9999.000,9999.000,9999.000,9999.000
202607280200,   3.514,9999.000,   0.900,  -0.012,   4.402,   0.800,   4.302,   1.000,   4.502
202607280206,   3.432,9999.000,9999.000,9999.000,9999.000,9999.000,9999.000,9999.000,9999.000
202607280212,   3.347,9999.000,9999.000,9999.000,9999.000,9999.000,9999.000,9999.000,9999.000
202607280218,   3.260,9999.000,9999.000,9999.000,9999.000,9999.000,9999.000,9999.000,9999.000
202607280224,   3.172,9999.000,9999.000,9999.000,9999.000,9999.000,9999.000,9999.000,9999.000
202607280230,   3.081,9999.000,9999.000,9999.000,9999.000,9999.000,9999.000,9999.000,9999.000
202607280236,   2.989,9999.000,9999.000,9999.000,9999.000,9999.000,9999.000,9999.000,9999.000
202607280242,   2.895,9999.000,9999.000,9999.000,9999.000,9999.000,9999.000,9999.000,9999.000
202607280248,   2.800,9999.000,9999.000,9999.000,9999.000,9999.000,9999.000,9999.000,9999.000
202607280254,   2.704,9999.000,9999.000,9999.000,9999.000,9999.000,9999.000,9999.000,9999.000
202607280300,   2.608,9999.000,   0.900,  -0.012,   3.496,   0.800,   3.396,   1.000,   3.596
202607280306,   2.511,9999.000,9999.000,9999.000,9999.000,9999.000,9999.000,9999.000,9999.000
202607280312,   2.414,9999.000,9999.000,9999.000,9999.000,9999.000,9999.000,9999.000,9999.000
202607280318,   2.317,9999.000,9999.000,9999.000,9999.000,9999.000,9999.000,9999.000,9999.000
202607280324,   2.220,9999.000,9999.000,9999.000,9999.000,9999.000,9999.000,9999.000,9999.000
202607280330,   2.124,9999.000,9999.000,9999.000,9999.000,9999.000,9999.000,9999.000,9999.000
202607280336,   2.029,9999.000,9999.000,9999.000,9999.000,9999.000,9999.000,9999.000,9999.000
202607280342,   1.935,9999.000,9999.000,9999.000,9999.000,9999.000,9999.000,9999.000,9999.000
202607280348,   1.842,9999.000,9999.000,9999.000,9999.000,9999.000,9999.000,9999.000,9999.000
202607280354,   1.751,9999.000,9999.000,9999.000,9999.000,9999.000,9999.000,9999.000,9999.000
202607280400,   1.662,9999.000,   0.900,  -0.012,   2.550,   0.800,   2.450,   0.900,   2.550
202607280406,   1.575,9999.000,9999.000,9999.000,9999.000,9999.000,9999.000,9999.000,9999.000
202607280412,   1.490,9999.000,9999.000,9999.000,9999.000,9999.000,9999.000,9999.000,9999.000
202607280418,   1.408,9999.000,9999.000,9999.000,9999.000,9999.000,9999.000,9999.000,9999.000
202607280424,   1.329,9999.000,9999.000,9999.000,9999.000,9999.000,9999.000,9999.000,9999.000
202607280430,   1.253,9999.000,9999.000,9999.000,9999.000,9999.000,9999.000,9999.000,9999.000
202607280436,   1.181,9999.000,9999.000,9999.000,9999.000,9999.000,9999.000,9999.000,9999.000
202607280442,   1.112,9999.000,9999.000,9999.000,9999.000,9999.000,9999.000,9999.000,9999.000
202607280448,   1.047,9999.000,9999.000,9999.000,9999.000,9999.000,9999.000,9999.000,9999.000
202607280454,   0.986,9999.000,9999.000,9999.000,9999.000,9999.000,9999.000,9999.000,9999.000
202607280500,   0.930,9999.000,   0.900,  -0.012,   1.818,   0.800,   1.718,   0.900,   1.818
202607280506,   0.878,9999.000,9999.000,9999.000,9999.000,9999.000,9999.000,9999.000,9999.000
202607280512,   0.831,9999.000,9999.000,9999.000,9999.000,9999.000,9999.000,9999.000,9999.000
202607280518,   0.788,9999.000,9999.000,9999.000,9999.000,9999.000,9999.000,9999.000,9999.000
202607280524,   0.750,9999.000,9999.000,9999.000,9999.000,9999.000,9999.000,9999.000,9999.000
202607280530,   0.718,9999.000,9999.000,9999.000,9999.000,9999.000,9999.000,9999.000,9999.000
202607280536,   0.691,9999.000,9999.000,9999.000,9999.000,9999.000,9999.000,9999.000,9999.000
202607280542,   0.669,9999.000,9999.000,9999.000,9999.000,9999.000,9999.000,9999.000,9999.000
202607280548,   0.652,9999.000,9999.000,9999.000,9999.000,9999.000,9999.000,9999.000,9999.000
202607280554,   0.640,9999.000,9999.000,9999.000,9999.000,9999.000,9999.000,9999.000,9999.000
202607280600,   0.634,9999.000,   0.900,  -0.012,   1.522,   0.700,   1.322,   0.900,   1.522
202607280606,   0.634,9999.000,9999.000,9999.000,9999.000,9999.000,9999.000,9999.000,9999.000
202607280612,   0.639,9999.000,9999.000,9999.000,9999.000,9999.000,9999.000,9999.000,9999.000
202607280618,   0.648,9999.000,9999.000,9999.000,9999.000,9999.000,9999.000,9999.000,9999.000
202607280624,   0.663,9999.000,9999.000,9999.000,9999.000,9999.000,9999.000,9999.000,9999.000
202607280630,   0.683,9999.000,9999.000,9999.000,9999.000,9999.000,9999.000,9999.000,9999.000
202607280636,   0.708,9999.000,9999.000,9999.000,9999.000,9999.000,9999.000,9999.000,9999.000
202607280642,   0.737,9999.000,9999.000,9999.000,9999.000,9999.000,9999.000,9999.000,9999.000
202607280648,   0.771,9999.000,9999.000,9999.000,9999.000,9999.000,9999.000,9999.000,9999.000
202607280654,   0.809,9999.000,9999.000,9999.000,9999.000,9999.000,9999.000,9999.000,9999.000
202607280700,   0.851,9999.000,   0.800,  -0.012,   1.639,   0.700,   1.539,   1.000,   1.839
202607280706,   0.897,9999.000,9999.000,9999.000,9999.000,9999.000,9999.000,9999.000,9999.000
202607280712,   0.946,9999.000,9999.000,9999.000,9999.000,9999.000,9999.000,9999.000,9999.000
202607280718,   0.999,9999.000,9999.000,9999.000,9999.000,9999.000,9999.000,9999.000,9999.000
202607280724,   1.054,9999.000,9999.000,9999.000,9999.000,9999.000,9999.000,9999.000,9999.000
202607280730,   1.112,9999.000,9999.000,9999.000,9999.000,9999.000,9999.000,9999.000,9999.000
202607280736,   1.173,9999.000,9999.000,9999.000,9999.000,9999.000,9999.000,9999.000,9999.000
202607280742,   1.236,9999.000,9999.000,9999.000,9999.000,9999.000,9999.000,9999.000,9999.000
202607280748,   1.300,9999.000,9999.000,9999.000,9999.000,9999.000,9999.000,9999.000,9999.000
202607280754,   1.366,9999.000,9999.000,9999.000,9999.000,9999.000,9999.000,9999.000,9999.000
202607280800,   1.433,9999.000,   0.800,  -0.012,   2.221,   0.700,   2.121,   1.000,   2.421
202607280806,   1.502,9999.000,9999.000,9999.000,9999.000,9999.000,9999.000,9999.000,9999.000
202607280812,   1.571,9999.000,9999.000,9999.000,9999.000,9999.000,9999.000,9999.000,9999.000
202607280818,   1.641,9999.000,9999.000,9999.000,9999.000,9999.000,9999.000,9999.000,9999.000
202607280824,   1.711,9999.000,9999.000,9999.000,9999.000,9999.000,9999.000,9999.000,9999.000
202607280830,   1.781,9999.000,9999.000,9999.000,9999.000,9999.000,9999.000,9999.000,9999.000
202607280836,   1.851,9999.000,9999.000,9999.000,9999.000,9999.000,9999.000,9999.000,9999.000
202607280842,   1.920,9999.000,9999.000,9999.000,9999.000,9999.000,9999.000,9999.000,9999.000
202607280848,   1.989,9999.000,9999.000,9999.000,9999.000,9999.000,9999.000,9999.000,9999.000
202607280854,   2.057,9999.000,9999.000,9999.000,9999.000,9999.000,9999.000,9999.000,9999.000
202607280900,   2.125,9999.000,   0.800,  -0.012,   2.913,   0.700,   2.813,   0.900,   3.013
202607280906,   2.191,9999.000,9999.000,9999.000,9999.000,9999.000,9999.000,9999.000,9999.000
202607280912,   2.256,9999.000,9999.000,9999.000,9999.000,9999.000,9999.000,9999.000,9999.000
202607280918,   2.320,9999.000,9999.000,9999.000,9999.000,9999.000,9999.000,9999.000,9999.000
202607280924,   2.383,9999.000,9999.000,9999.000,9999.000,9999.000,9999.000,9999.000,9999.000
202607280930,   2.443,9999.000,9999.000,9999.000,9999.000,9999.000,9999.000,9999.000,9999.000
202607280936,   2.503,9999.000,9999.000,9999.000,9999.000,9999.000,9999.000,9999.000,9999.000
202607280942,   2.560,9999.000,9999.000,9999.000,9999.000,9999.000,9999.000,9999.000,9999.000
202607280948,   2.616,9999.000,9999.000,9999.000,9999.000,9999.000,9999.000,9999.000,9999.000
202607280954,   2.670,9999.000,9999.000,9999.000,9999.000,9999.000,9999.000,9999.000,9999.000
202607281000,   2.722,9999.000,   0.800,  -0.012,   3.510,   0.700,   3.410,   0.900,   3.610
202607281006,   2.772,9999.000,9999.000,9999.000,9999.000,9999.000,9999.000,9999.000,9999.000
202607281012,   2.820,9999.000,9999.000,9999.000,9999.000,9999.000,9999.000,9999.000,9999.000
202607281018,   2.866,9999.000,9999.000,9999.000,9999.000,9999.000,9999.000,9999.000,9999.000
202607281024,   2.910,9999.000,9999.000,9999.000,9999.000,9999.000,9999.000,9999.000,9999.000
202607281030,   2.952,9999.000,9999.000,9999.000,9999.000,9999.000,9999.000,9999.000,9999.000
202607281036,   2.992,9999.000,9999.000,9999.000,9999.000,9999.000,9999.000,9999.000,9999.000
202607281042,   3.029,9999.000,9999.000,9999.000,9999.000,9999.000,9999.000,9999.000,9999.000
202607281048,   3.064,9999.000,9999.000,9999.000,9999.000,9999.000,9999.000,9999.000,9999.000
202607281054,   3.097,9999.000,9999.000,9999.000,9999.000,9999.000,9999.000,9999.000,9999.000
202607281100,   3.127,9999.000,   0.800,  -0.012,   3.915,   0.700,   3.815,   1.000,   4.115
202607281106,   3.155,9999.000,9999.000,9999.000,9999.000,9999.000,9999.000,9999.000,9999.000
202607281112,   3.181,9999.000,9999.000,9999.000,9999.000,9999.000,9999.000,9999.000,9999.000
202607281118,   3.204,9999.000,9999.000,9999.000,9999.000,9999.000,9999.000,9999.000,9999.000
202607281124,   3.225,9999.000,9999.000,9999.000,9999.000,9999.000,9999.000,9999.000,9999.000
202607281130,   3.243,9999.000,9999.000,9999.000,9999.000,9999.000,9999.000,9999.000,9999.000
202607281136,   3.259,9999.000,9999.000,9999.000,9999.000,9999.000,9999.000,9999.000,9999.000
202607281142,   3.272,9999.000,9999.000,9999.000,9999.000,9999.000,9999.000,9999.000,9999.000
202607281148,   3.282,9999.000,9999.000,9999.000,9999.000,9999.000,9999.000,9999.000,9999.000
202607281154,   3.290,9999.000,9999.000,9999.000,9999.000,9999.000,9999.000,9999.000,9999.000
202607281200,   3.295,9999.000,   0.800,  -0.012,   4.083,   0.700,   3.983,   1.000,   4.283
202607281206,   3.297,9999.000,9999.000,9999.000,9999.000,9999.000,9999.000,9999.000,9999.000
202607281212,   3.296,9999.000,9999.000,9999.000,9999.000,9999.000,9999.000,9999.000,9999.000
202607281218,   3.292,9999.000,9999.000,9999.000,9999.000,9999.000,9999.000,9999.000,9999.000
202607281224,   3.285,9999.000,9999.000,9999.000,9999.000,9999.000,9999.000,9999.000,9999.000
202607281230,   3.275,9999.000,9999.000,9999.000,9999.000,9999.000,9999.000,9999.000,9999.000
202607281236,   3.262,9999.000,9999.000,9999.000,9999.000,9999.000,9999.000,9999.000,9999.000
202607281242,   3.245,9999.000,9999.000,9999.000,9999.000,9999.000,9999.000,9999.000,9999.000
202607281248,   3.226,9999.000,9999.000,9999.000,9999.000,9999.000,9999.000,9999.000,9999.000
202607281254,   3.203,9999.000,9999.000,9999.000,9999.000,9999.000,9999.000,9999.000,9999.000
202607281300,   3.177,9999.000,   0.900,  -0.012,   4.065,   0.700,   3.865,   1.000,   4.165
202607281306,   3.148,9999.000,9999.000,9999.000,9999.000,9999.000,9999.000,9999.000,9999.000
202607281312,   3.115,9999.000,9999.000,9999.000,9999.000,9999.000,9999.000,9999.000,9999.000
202607281318,   3.079,9999.000,9999.000,9999.000,9999.000,9999.000,9999.000,9999.000,9999.000
202607281324,   3.040,9999.000,9999.000,9999.000,9999.000,9999.000,9999.000,9999.000,9999.000
202607281330,   2.998,9999.000,9999.000,9999.000,9999.000,9999.000,9999.000,9999.000,9999.000
202607281336,   2.952,9999.000,9999.000,9999.000,9999.000,9999.000,9999.000,9999.000,9999.000
202607281342,   2.904,9999.000,9999.000,9999.000,9999.000,9999.000,9999.000,9999.000,9999.000
202607281348,   2.852,9999.000,9999.000,9999.000,9999.000,9999.000,9999.000,9999.000,9999.000
202607281354,   2.798,9999.000,9999.000,9999.000,9999.000,9999.000,9999.000,9999.000,9999.000
202607281400,   2.741,9999.000,   0.800,  -0.012,   3.529,   0.700,   3.429,   1.000,   3.729
202607281406,   2.681,9999.000,9999.000,9999.000,9999.000,9999.000,9999.000,9999.000,9999.000
202607281412,   2.618,9999.000,9999.000,9999.000,9999.000,9999.000,9999.000,9999.000,9999.000
202607281418,   2.553,9999.000,9999.000,9999.000,9999.000,9999.000,9999.000,9999.000,9999.000
202607281424,   2.487,9999.000,9999.000,9999.000,9999.000,9999.000,9999.000,9999.000,9999.000
202607281430,   2.418,9999.000,9999.000,9999.000,9999.000,9999.000,9999.000,9999.000,9999.000
202607281436,   2.347,9999.000,9999.000,9999.000,9999.000,9999.000,9999.000,9999.000,9999.000
202607281442,   2.275,9999.000,9999.000,9999.000,9999.000,9999.000,9999.000,9999.000,9999.000
202607281448,   2.202,9999.000,9999.000,9999.000,9999.000,9999.000,9999.000,9999.000,9999.000
202607281454,   2.128,9999.000,9999.000,9999.000,9999.000,9999.000,9999.000,9999.000,9999.000
202607281500,   2.053,9999.000,   0.900,  -0.012,   2.941,   0.700,   2.741,   1.000,   3.041
202607281506,   1.978,9999.000,9999.000,9999.000,9999.000,9999.000,9999.000,9999.000,9999.000
202607281512,   1.903,9999.000,9999.000,9999.000,9999.000,9999.000,9999.000,9999.000,9999.000
202607281518,   1.827,9999.000,9999.000,9999.000,9999.000,9999.000,9999.000,9999.000,9999.000
202607281524,   1.752,9999.000,9999.000,9999.000,9999.000,9999.000,9999.000,9999.000,9999.000
202607281530,   1.678,9999.000,9999.000,9999.000,9999.000,9999.000,9999.000,9999.000,9999.000
202607281536,   1.605,9999.000,9999.000,9999.000,9999.000,9999.000,9999.000,9999.000,9999.000
202607281542,   1.532,9999.000,9999.000,9999.000,9999.000,9999.000,9999.000,9999.000,9999.000
202607281548,   1.462,9999.000,9999.000,9999.000,9999.000,9999.000,9999.000,9999.000,9999.000
202607281554,   1.393,9999.000,9999.000,9999.000,9999.000,9999.000,9999.000,9999.000,9999.000
202607281600,   1.326,9999.000,   0.900,  -0.012,   2.214,   0.700,   2.014,   1.000,   2.314
202607281606,   1.261,9999.000,9999.000,9999.000,9999.000,9999.000,9999.000,9999.000,9999.000
202607281612,   1.198,9999.000,9999.000,9999.000,9999.000,9999.000,9999.000,9999.000,9999.000
202607281618,   1.138,9999.000,9999.000,9999.000,9999.000,9999.000,9999.000,9999.000,9999.000
202607281624,   1.081,9999.000,9999.000,9999.000,9999.000,9999.000,9999.000,9999.000,9999.000
202607281630,   1.027,9999.000,9999.000,9999.000,9999.000,9999.000,9999.000,9999.000,9999.000
202607281636,   0.977,9999.000,9999.000,9999.000,9999.000,9999.000,9999.000,9999.000,9999.000
202607281642,   0.930,9999.000,9999.000,9999.000,9999.000,9999.000,9999.000,9999.000,9999.000
202607281648,   0.886,9999.000,9999.000,9999.000,9999.000,9999.000,9999.000,9999.000,9999.000
202607281654,   0.847,9999.000,9999.000,9999.000,9999.000,9999.000,9999.000,9999.000,9999.000
202607281700,   0.812,9999.000,   0.900,  -0.012,   1.700,   0.700,   1.500,   1.000,   1.800
202607281706,   0.781,9999.000,9999.000,9999.000,9999.000,9999.000,9999.000,9999.000,9999.000
202607281712,   0.754,9999.000,9999.000,9999.000,9999.000,9999.000,9999.000,9999.000,9999.000
202607281718,   0.732,9999.000,9999.000,9999.000,9999.000,9999.000,9999.000,9999.000,9999.000
202607281724,   0.715,9999.000,9999.000,9999.000,9999.000,9999.000,9999.000,9999.000,9999.000
202607281730,   0.702,9999.000,9999.000,9999.000,9999.000,9999.000,9999.000,9999.000,9999.000
202607281736,   0.695,9999.000,9999.000,9999.000,9999.000,9999.000,9999.000,9999.000,9999.000
202607281742,   0.692,9999.000,9999.000,9999.000,9999.000,9999.000,9999.000,9999.000,9999.000
202607281748,   0.694,9999.000,9999.000,9999.000,9999.000,9999.000,9999.000,9999.000,9999.000
202607281754,   0.702,9999.000,9999.000,9999.000,9999.000,9999.000,9999.000,9999.000,9999.000
202607281800,   0.715,9999.000,   0.900,  -0.012,   1.603,   0.700,   1.403,   1.000,   1.703
202607281806,   0.733,9999.000,9999.000,9999.000,9999.000,9999.000,9999.000,9999.000,9999.000
202607281812,   0.756,9999.000,9999.000,9999.000,9999.000,9999.000,9999.000,9999.000,9999.000
202607281818,   0.784,9999.000,9999.000,9999.000,9999.000,9999.000,9999.000,9999.000,9999.000
202607281824,   0.818,9999.000,9999.000,9999.000,9999.000,9999.000,9999.000,9999.000,9999.000
202607281830,   0.856,9999.000,9999.000,9999.000,9999.000,9999.000,9999.000,9999.000,9999.000
202607281836,   0.900,9999.000,9999.000,9999.000,9999.000,9999.000,9999.000,9999.000,9999.000
202607281842,   0.948,9999.000,9999.000,9999.000,9999.000,9999.000,9999.000,9999.000,9999.000
202607281848,   1.001,9999.000,9999.000,9999.000,9999.000,9999.000,9999.000,9999.000,9999.000
202607281854,   1.059,9999.000,9999.000,9999.000,9999.000,9999.000,9999.000,9999.000,9999.000
202607281900,   1.120,9999.000,   0.900,  -0.012,   2.008,   0.700,   1.808,   1.000,   2.108
202607281906,   1.186,9999.000,9999.000,9999.000,9999.000,9999.000,9999.000,9999.000,9999.000
202607281912,   1.256,9999.000,9999.000,9999.000,9999.000,9999.000,9999.000,9999.000,9999.000
202607281918,   1.329,9999.000,9999.000,9999.000,9999.000,9999.000,9999.000,9999.000,9999.000
202607281924,   1.406,9999.000,9999.000,9999.000,9999.000,9999.000,9999.000,9999.000,9999.000
202607281930,   1.485,9999.000,9999.000,9999.000,9999.000,9999.000,9999.000,9999.000,9999.000
202607281936,   1.568,9999.000,9999.000,9999.000,9999.000,9999.000,9999.000,9999.000,9999.000
202607281942,   1.653,9999.000,9999.000,9999.000,9999.000,9999.000,9999.000,9999.000,9999.000
202607281948,   1.740,9999.000,9999.000,9999.000,9999.000,9999.000,9999.000,9999.000,9999.000
202607281954,   1.829,9999.000,9999.000,9999.000,9999.000,9999.000,9999.000,9999.000,9999.000
202607282000,   1.920,9999.000,   0.900,  -0.012,   2.808,   0.700,   2.608,   1.000,   2.908
202607282006,   2.012,9999.000,9999.000,9999.000,9999.000,9999.000,9999.000,9999.000,9999.000
202607282012,   2.105,9999.000,9999.000,9999.000,9999.000,9999.000,9999.000,9999.000,9999.000
202607282018,   2.199,9999.000,9999.000,9999.000,9999.000,9999.000,9999.000,9999.000,9999.000
202607282024,   2.293,9999.000,9999.000,9999.000,9999.000,9999.000,9999.000,9999.000,9999.000
202607282030,   2.388,9999.000,9999.000,9999.000,9999.000,9999.000,9999.000,9999.000,9999.000
202607282036,   2.482,9999.000,9999.000,9999.000,9999.000,9999.000,9999.000,9999.000,9999.000
202607282042,   2.576,9999.000,9999.000,9999.000,9999.000,9999.000,9999.000,9999.000,9999.000
202607282048,   2.670,9999.000,9999.000,9999.000,9999.000,9999.000,9999.000,9999.000,9999.000
202607282054,   2.762,9999.000,9999.000,9999.000,9999.000,9999.000,9999.000,9999.000,9999.000
202607282100,   2.854,9999.000,   0.900,  -0.012,   3.742,   0.700,   3.542,   1.000,   3.842
202607282106,   2.944,9999.000,9999.000,9999.000,9999.000,9999.000,9999.000,9999.000,9999.000
202607282112,   3.033,9999.000,9999.000,9999.000,9999.000,9999.000,9999.000,9999.000,9999.000
202607282118,   3.120,9999.000,9999.000,9999.000,9999.000,9999.000,9999.000,9999.000,9999.000
202607282124,   3.206,9999.000,9999.000,9999.000,9999.000,9999.000,9999.000,9999.000,9999.000
202607282130,   3.290,9999.000,9999.000,9999.000,9999.000,9999.000,9999.000,9999.000,9999.000
202607282136,   3.372,9999.000,9999.000,9999.000,9999.000,9999.000,9999.000,9999.000,9999.000
202607282142,   3.451,9999.000,9999.000,9999.000,9999.000,9999.000,9999.000,9999.000,9999.000
202607282148,   3.529,9999.000,9999.000,9999.000,9999.000,9999.000,9999.000,9999.000,9999.000
202607282154,   3.604,9999.000,9999.000,9999.000,9999.000,9999.000,9999.000,9999.000,9999.000
202607282200,   3.676,9999.000,   0.900,  -0.012,   4.564,   0.700,   4.364,   1.000,   4.664
202607282206,   3.747,9999.000,9999.000,9999.000,9999.000,9999.000,9999.000,9999.000,9999.000
202607282212,   3.814,9999.000,9999.000,9999.000,9999.000,9999.000,9999.000,9999.000,9999.000
202607282218,   3.879,9999.000,9999.000,9999.000,9999.000,9999.000,9999.000,9999.000,9999.000
202607282224,   3.942,9999.000,9999.000,9999.000,9999.000,9999.000,9999.000,9999.000,9999.000
202607282230,   4.002,9999.000,9999.000,9999.000,9999.000,9999.000,9999.000,9999.000,9999.000
202607282236,   4.059,9999.000,9999.000,9999.000,9999.000,9999.000,9999.000,9999.000,9999.000
202607282242,   4.113,9999.000,9999.000,9999.000,9999.000,9999.000,9999.000,9999.000,9999.000
202607282248,   4.165,9999.000,9999.000,9999.000,9999.000,9999.000,9999.000,9999.000,9999.000
202607282254,   4.214,9999.000,9999.000,9999.000,9999.000,9999.000,9999.000,9999.000,9999.000
202607282300,   4.260,9999.000,   0.800,  -0.012,   5.048,   0.700,   4.948,   1.000,   5.248
202607282306,   4.303,9999.000,9999.000,9999.000,9999.000,9999.000,9999.000,9999.000,9999.000
202607282312,   4.343,9999.000,9999.000,9999.000,9999.000,9999.000,9999.000,9999.000,9999.000
202607282318,   4.380,9999.000,9999.000,9999.000,9999.000,9999.000,9999.000,9999.000,9999.000
202607282324,   4.414,9999.000,9999.000,9999.000,9999.000,9999.000,9999.000,9999.000,9999.000
202607282330,   4.446,9999.000,9999.000,9999.000,9999.000,9999.000,9999.000,9999.000,9999.000
202607282336,   4.474,9999.000,9999.000,9999.000,9999.000,9999.000,9999.000,9999.000,9999.000
202607282342,   4.499,9999.000,9999.000,9999.000,9999.000,9999.000,9999.000,9999.000,9999.000
202607282348,   4.520,9999.000,9999.000,9999.000,9999.000,9999.000,9999.000,9999.000,9999.000
202607282354,   4.539,9999.000,9999.000,9999.000,9999.000,9999.000,9999.000,9999.000,9999.000
202607290000,   4.554,9999.000,   0.800,  -0.012,   5.342,   0.600,   5.142,   1.000,   5.542
202607290006,   4.566,9999.000,9999.000,9999.000,9999.000,9999.000,9999.000,9999.000,9999.000
202607290012,   4.574,9999.000,9999.000,9999.000,9999.000,9999.000,9999.000,9999.000,9999.000
202607290018,   4.579,9999.000,9999.000,9999.000,9999.000,9999.000,9999.000,9999.000,9999.000
202607290024,   4.580,9999.000,9999.000,9999.000,9999.000,9999.000,9999.000,9999.000,9999.000
202607290030,   4.577,9999.000,9999.000,9999.000,9999.000,9999.000,9999.000,9999.000,9999.000
202607290036,   4.571,9999.000,9999.000,9999.000,9999.000,9999.000,9999.000,9999.000,9999.000
202607290042,   4.561,9999.000,9999.000,9999.000,9999.000,9999.000,9999.000,9999.000,9999.000
202607290048,   4.546,9999.000,9999.000,9999.000,9999.000,9999.000,9999.000,9999.000,9999.000
202607290054,   4.528,9999.000,9999.000,9999.000,9999.000,9999.000,9999.000,9999.000,9999.000
202607290100,   4.506,9999.000,   0.800,  -0.012,   5.294,   0.600,   5.094,   1.000,   5.494
202607290106,   4.479,9999.000,9999.000,9999.000,9999.000,9999.000,9999.000,9999.000,9999.000
202607290112,   4.449,9999.000,9999.000,9999.000,9999.000,9999.000,9999.000,9999.000,9999.000
202607290118,   4.414,9999.000,9999.000,9999.000,9999.000,9999.000,9999.000,9999.000,9999.000
202607290124,   4.375,9999.000,9999.000,9999.000,9999.000,9999.000,9999.000,9999.000,9999.000
202607290130,   4.332,9999.000,9999.000,9999.000,9999.000,9999.000,9999.000,9999.000,9999.000
202607290136,   4.285,9999.000,9999.000,9999.000,9999.000,9999.000,9999.000,9999.000,9999.000
202607290142,   4.233,9999.000,9999.000,9999.000,9999.000,9999.000,9999.000,9999.000,9999.000
202607290148,   4.177,9999.000,9999.000,9999.000,9999.000,9999.000,9999.000,9999.000,9999.000
202607290154,   4.117,9999.000,9999.000,9999.000,9999.000,9999.000,9999.000,9999.000,9999.000
202607290200,   4.053,9999.000,   0.800,  -0.012,   4.841,   0.600,   4.641,   1.100,   5.141
202607290206,   3.986,9999.000,9999.000,9999.000,9999.000,9999.000,9999.000,9999.000,9999.000
202607290212,   3.914,9999.000,9999.000,9999.000,9999.000,9999.000,9999.000,9999.000,9999.000
202607290218,   3.839,9999.000,9999.000,9999.000,9999.000,9999.000,9999.000,9999.000,9999.000
202607290224,   3.760,9999.000,9999.000,9999.000,9999.000,9999.000,9999.000,9999.000,9999.000
202607290230,   3.678,9999.000,9999.000,9999.000,9999.000,9999.000,9999.000,9999.000,9999.000
202607290236,   3.592,9999.000,9999.000,9999.000,9999.000,9999.000,9999.000,9999.000,9999.000
202607290242,   3.504,9999.000,9999.000,9999.000,9999.000,9999.000,9999.000,9999.000,9999.000
202607290248,   3.413,9999.000,9999.000,9999.000,9999.000,9999.000,9999.000,9999.000,9999.000
202607290254,   3.319,9999.000,9999.000,9999.000,9999.000,9999.000,9999.000,9999.000,9999.000
202607290300,   3.223,9999.000,   0.800,  -0.012,   4.011,   0.500,   3.711,   1.100,   4.311
202607290306,   3.126,9999.000,9999.000,9999.000,9999.000,9999.000,9999.000,9999.000,9999.000
202607290312,   3.026,9999.000,9999.000,9999.000,9999.000,9999.000,9999.000,9999.000,9999.000
202607290318,   2.925,9999.000,9999.000,9999.000,9999.000,9999.000,9999.000,9999.000,9999.000
202607290324,   2.822,9999.000,9999.000,9999.000,9999.000,9999.000,9999.000,9999.000,9999.000
202607290330,   2.719,9999.000,9999.000,9999.000,9999.000,9999.000,9999.000,9999.000,9999.000
202607290336,   2.615,9999.000,9999.000,9999.000,9999.000,9999.000,9999.000,9999.000,9999.000
202607290342,   2.511,9999.000,9999.000,9999.000,9999.000,9999.000,9999.000,9999.000,9999.000
202607290348,   2.406,9999.000,9999.000,9999.000,9999.000,9999.000,9999.000,9999.000,9999.000
202607290354,   2.302,9999.000,9999.000,9999.000,9999.000,9999.000,9999.000,9999.000,9999.000
202607290400,   2.198,9999.000,   0.800,  -0.012,   2.986,   0.500,   2.686,   1.100,   3.286
202607290406,   2.095,9999.000,9999.000,9999.000,9999.000,9999.000,9999.000,9999.000,9999.000
202607290412,   1.993,9999.000,9999.000,9999.000,9999.000,9999.000,9999.000,9999.000,9999.000
202607290418,   1.892,9999.000,9999.000,9999.000,9999.000,9999.000,9999.000,9999.000,9999.000
202607290424,   1.792,9999.000,9999.000,9999.000,9999.000,9999.000,9999.000,9999.000,9999.000
202607290430,   1.694,9999.000,9999.000,9999.000,9999.000,9999.000,9999.000,9999.000,9999.000
202607290436,   1.599,9999.000,9999.000,9999.000,9999.000,9999.000,9999.000,9999.000,9999.000
202607290442,   1.505,9999.000,9999.000,9999.000,9999.000,9999.000,9999.000,9999.000,9999.000
202607290448,   1.414,9999.000,9999.000,9999.000,9999.000,9999.000,9999.000,9999.000,9999.000
202607290454,   1.326,9999.000,9999.000,9999.000,9999.000,9999.000,9999.000,9999.000,9999.000
202607290500,   1.241,9999.000,   0.800,  -0.012,   2.029,   0.500,   1.729,   1.100,   2.329
202607290506,   1.159,9999.000,9999.000,9999.000,9999.000,9999.000,9999.000,9999.000,9999.000
202607290512,   1.081,9999.000,9999.000,9999.000,9999.000,9999.000,9999.000,9999.000,9999.000
202607290518,   1.006,9999.000,9999.000,9999.000,9999.000,9999.000,9999.000,9999.000,9999.000
202607290524,   0.936,9999.000,9999.000,9999.000,9999.000,9999.000,9999.000,9999.000,9999.000
202607290530,   0.869,9999.000,9999.000,9999.000,9999.000,9999.000,9999.000,9999.000,9999.000
202607290536,   0.808,9999.000,9999.000,9999.000,9999.000,9999.000,9999.000,9999.000,9999.000
202607290542,   0.750,9999.000,9999.000,9999.000,9999.000,9999.000,9999.000,9999.000,9999.000
202607290548,   0.698,9999.000,9999.000,9999.000,9999.000,9999.000,9999.000,9999.000,9999.000
202607290554,   0.651,9999.000,9999.000,9999.000,9999.000,9999.000,9999.000,9999.000,9999.000
202607290600,   0.609,9999.000,   0.800,  -0.012,   1.397,   0.500,   1.097,   1.100,   1.697
202607290606,   0.573,9999.000,9999.000,9999.000,9999.000,9999.000,9999.000,9999.000,9999.000
202607290612,   0.542,9999.000,9999.000,9999.000,9999.000,9999.000,9999.000,9999.000,9999.000
202607290618,   0.517,9999.000,9999.000,9999.000,9999.000,9999.000,9999.000,9999.000,9999.000
202607290624,   0.498,9999.000,9999.000,9999.000,9999.000,9999.000,9999.000,9999.000,9999.000
202607290630,   0.484,9999.000,9999.000,9999.000,9999.000,9999.000,9999.000,9999.000,9999.000
202607290636,   0.477,9999.000,9999.000,9999.000,9999.000,9999.000,9999.000,9999.000,9999.000
202607290642,   0.475,9999.000,9999.000,9999.000,9999.000,9999.000,9999.000,9999.000,9999.000
202607290648,   0.479,9999.000,9999.000,9999.000,9999.000,9999.000,9999.000,9999.000,9999.000
202607290654,   0.489,9999.000,9999.000,9999.000,9999.000,9999.000,9999.000,9999.000,9999.000
202607290700,   0.505,9999.000,   0.800,  -0.012,   1.293,   0.500,   0.993,   1.100,   1.593
202607290706,   0.526,9999.000,9999.000,9999.000,9999.000,9999.000,9999.000,9999.000,9999.000
202607290712,   0.553,9999.000,9999.000,9999.000,9999.000,9999.000,9999.000,9999.000,9999.000
202607290718,   0.585,9999.000,9999.000,9999.000,9999.000,9999.000,9999.000,9999.000,9999.000
202607290724,   0.622,9999.000,9999.000,9999.000,9999.000,9999.000,9999.000,9999.000,9999.000
202607290730,   0.664,9999.000,9999.000,9999.000,9999.000,9999.000,9999.000,9999.000,9999.000
202607290736,   0.710,9999.000,9999.000,9999.000,9999.000,9999.000,9999.000,9999.000,9999.000
202607290742,   0.760,9999.000,9999.000,9999.000,9999.000,9999.000,9999.000,9999.000,9999.000
202607290748,   0.815,9999.000,9999.000,9999.000,9999.000,9999.000,9999.000,9999.000,9999.000
202607290754,   0.873,9999.000,9999.000,9999.000,9999.000,9999.000,9999.000,9999.000,9999.000
202607290800,   0.934,9999.000,   0.800,  -0.012,   1.722,   0.500,   1.422,   1.100,   2.022
202607290806,   0.999,9999.000,9999.000,9999.000,9999.000,9999.000,9999.000,9999.000,9999.000
202607290812,   1.066,9999.000,9999.000,9999.000,9999.000,9999.000,9999.000,9999.000,9999.000
202607290818,   1.136,9999.000,9999.000,9999.000,9999.000,9999.000,9999.000,9999.000,9999.000
202607290824,   1.207,9999.000,9999.000,9999.000,9999.000,9999.000,9999.000,9999.000,9999.000
202607290830,   1.280,9999.000,9999.000,9999.000,9999.000,9999.000,9999.000,9999.000,9999.000
202607290836,   1.355,9999.000,9999.000,9999.000,9999.000,9999.000,9999.000,9999.000,9999.000
202607290842,   1.431,9999.000,9999.000,9999.000,9999.000,9999.000,9999.000,9999.000,9999.000
202607290848,   1.508,9999.000,9999.000,9999.000,9999.000,9999.000,9999.000,9999.000,9999.000
202607290854,   1.585,9999.000,9999.000,9999.000,9999.000,9999.000,9999.000,9999.000,9999.000
202607290900,   1.662,9999.000,   0.800,  -0.012,   2.450,   0.500,   2.150,   1.200,   2.850
202607290906,   1.740,9999.000,9999.000,9999.000,9999.000,9999.000,9999.000,9999.000,9999.000
202607290912,   1.817,9999.000,9999.000,9999.000,9999.000,9999.000,9999.000,9999.000,9999.000
202607290918,   1.893,9999.000,9999.000,9999.000,9999.000,9999.000,9999.000,9999.000,9999.000
202607290924,   1.969,9999.000,9999.000,9999.000,9999.000,9999.000,9999.000,9999.000,9999.000
202607290930,   2.045,9999.000,9999.000,9999.000,9999.000,9999.000,9999.000,9999.000,9999.000
202607290936,   2.119,9999.000,9999.000,9999.000,9999.000,9999.000,9999.000,9999.000,9999.000
202607290942,   2.192,9999.000,9999.000,9999.000,9999.000,9999.000,9999.000,9999.000,9999.000
202607290948,   2.263,9999.000,9999.000,9999.000,9999.000,9999.000,9999.000,9999.000,9999.000
202607290954,   2.333,9999.000,9999.000,9999.000,9999.000,9999.000,9999.000,9999.000,9999.000
202607291000,   2.402,9999.000,   0.800,  -0.012,   3.190,   0.500,   2.890,   1.200,   3.590
202607291006,   2.468,9999.000,9999.000,9999.000,9999.000,9999.000,9999.000,9999.000,9999.000
202607291012,   2.533,9999.000,9999.000,9999.000,9999.000,9999.000,9999.000,9999.000,9999.000
202607291018,   2.597,9999.000,9999.000,9999.000,9999.000,9999.000,9999.000,9999.000,9999.000
202607291024,   2.658,9999.000,9999.000,9999.000,9999.000,9999.000,9999.000,9999.000,9999.000
202607291030,   2.717,9999.000,9999.000,9999.000,9999.000,9999.000,9999.000,9999.000,9999.000
202607291036,   2.774,9999.000,9999.000,9999.000,9999.000,9999.000,9999.000,9999.000,9999.000
202607291042,   2.829,9999.000,9999.000,9999.000,9999.000,9999.000,9999.000,9999.000,9999.000
202607291048,   2.882,9999.000,9999.000,9999.000,9999.000,9999.000,9999.000,9999.000,9999.000
202607291054,   2.933,9999.000,9999.000,9999.000,9999.000,9999.000,9999.000,9999.000,9999.000
202607291100,   2.982,9999.000,   0.800,  -0.012,   3.770,   0.500,   3.470,   1.200,   4.170
202607291106,   3.029,9999.000,9999.000,9999.000,9999.000,9999.000,9999.000,9999.000,9999.000
202607291112,   3.073,9999.000,9999.000,9999.000,9999.000,9999.000,9999.000,9999.000,9999.000
202607291118,   3.115,9999.000,9999.000,9999.000,9999.000,9999.000,9999.000,9999.000,9999.000
202607291124,   3.154,9999.000,9999.000,9999.000,9999.000,9999.000,9999.000,9999.000,9999.000
202607291130,   3.192,9999.000,9999.000,9999.000,9999.000,9999.000,9999.000,9999.000,9999.000
202607291136,   3.227,9999.000,9999.000,9999.000,9999.000,9999.000,9999.000,9999.000,9999.000
202607291142,   3.259,9999.000,9999.000,9999.000,9999.000,9999.000,9999.000,9999.000,9999.000
202607291148,   3.289,9999.000,9999.000,9999.000,9999.000,9999.000,9999.000,9999.000,9999.000
202607291154,   3.317,9999.000,9999.000,9999.000,9999.000,9999.000,9999.000,9999.000,9999.000
202607291200,   3.342,9999.000,   0.800,  -0.012,   4.130,   0.500,   3.830,   1.300,   4.630
202607291206,   3.364,9999.000,9999.000,9999.000,9999.000,9999.000,9999.000,9999.000,9999.000
202607291212,   3.384,9999.000,9999.000,9999.000,9999.000,9999.000,9999.000,9999.000,9999.000
202607291218,   3.400,9999.000,9999.000,9999.000,9999.000,9999.000,9999.000,9999.000,9999.000
202607291224,   3.414,9999.000,9999.000,9999.000,9999.000,9999.000,9999.000,9999.000,9999.000
202607291230,   3.425,9999.000,9999.000,9999.000,9999.000,9999.000,9999.000,9999.000,9999.000
202607291236,   3.433,9999.000,9999.000,9999.000,9999.000,9999.000,9999.000,9999.000,9999.000
202607291242,   3.438,9999.000,9999.000,9999.000,9999.000,9999.000,9999.000,9999.000,9999.000
202607291248,   3.440,9999.000,9999.000,9999.000,9999.000,9999.000,9999.000,9999.000,9999.000
202607291254,   3.438,9999.000,9999.000,9999.000,9999.000,9999.000,9999.000,9999.000,9999.000
202607291300,   3.434,9999.000,   0.800,  -0.012,   4.222,   0.400,   3.822,   1.300,   4.722
202607291306,   3.425,9999.000,9999.000,9999.000,9999.000,9999.000,9999.000,9999.000,9999.000
202607291312,   3.414,9999.000,9999.000,9999.000,9999.000,9999.000,9999.000,9999.000,9999.000
202607291318,   3.399,9999.000,9999.000,9999.000,9999.000,9999.000,9999.000,9999.000,9999.000
202607291324,   3.380,9999.000,9999.000,9999.000,9999.000,9999.000,9999.000,9999.000,9999.000
202607291330,   3.358,9999.000,9999.000,9999.000,9999.000,9999.000,9999.000,9999.000,9999.000
202607291336,   3.332,9999.000,9999.000,9999.000,9999.000,9999.000,9999.000,9999.000,9999.000
202607291342,   3.303,9999.000,9999.000,9999.000,9999.000,9999.000,9999.000,9999.000,9999.000
202607291348,   3.269,9999.000,9999.000,9999.000,9999.000,9999.000,9999.000,9999.000,9999.000
202607291354,   3.232,9999.000,9999.000,9999.000,9999.000,9999.000,9999.000,9999.000,9999.000
202607291400,   3.192,9999.000,   0.900,  -0.012,   4.080,   0.400,   3.580,   1.300,   4.480
202607291406,   3.147,9999.000,9999.000,9999.000,9999.000,9999.000,9999.000,9999.000,9999.000
202607291412,   3.100,9999.000,9999.000,9999.000,9999.000,9999.000,9999.000,9999.000,9999.000
202607291418,   3.048,9999.000,9999.000,9999.000,9999.000,9999.000,9999.000,9999.000,9999.000
202607291424,   2.993,9999.000,9999.000,9999.000,9999.000,9999.000,9999.000,9999.000,9999.000
202607291430,   2.935,9999.000,9999.000,9999.000,9999.000,9999.000,9999.000,9999.000,9999.000
202607291436,   2.874,9999.000,9999.000,9999.000,9999.000,9999.000,9999.000,9999.000,9999.000
202607291442,   2.810,9999.000,9999.000,9999.000,9999.000,9999.000,9999.000,9999.000,9999.000
202607291448,   2.742,9999.000,9999.000,9999.000,9999.000,9999.000,9999.000,9999.000,9999.000
202607291454,   2.673,9999.000,9999.000,9999.000,9999.000,9999.000,9999.000,9999.000,9999.000
202607291500,   2.600,9999.000,   0.900,  -0.012,   3.488,   0.400,   2.988,   1.300,   3.888
202607291506,   2.526,9999.000,9999.000,9999.000,9999.000,9999.000,9999.000,9999.000,9999.000
202607291512,   2.450,9999.000,9999.000,9999.000,9999.000,9999.000,9999.000,9999.000,9999.000
202607291518,   2.372,9999.000,9999.000,9999.000,9999.000,9999.000,9999.000,9999.000,9999.000
202607291524,   2.292,9999.000,9999.000,9999.000,9999.000,9999.000,9999.000,9999.000,9999.000
202607291530,   2.212,9999.000,9999.000,9999.000,9999.000,9999.000,9999.000,9999.000,9999.000
202607291536,   2.131,9999.000,9999.000,9999.000,9999.000,9999.000,9999.000,9999.000,9999.000
202607291542,   2.049,9999.000,9999.000,9999.000,9999.000,9999.000,9999.000,9999.000,9999.000
202607291548,   1.967,9999.000,9999.000,9999.000,9999.000,9999.000,9999.000,9999.000,9999.000
202607291554,   1.884,9999.000,9999.000,9999.000,9999.000,9999.000,9999.000,9999.000,9999.000
202607291600,   1.803,9999.000,   0.900,  -0.012,   2.691,   0.300,   2.091,   1.300,   3.091
202607291606,   1.722,9999.000,9999.000,9999.000,9999.000,9999.000,9999.000,9999.000,9999.000
202607291612,   1.641,9999.000,9999.000,9999.000,9999.000,9999.000,9999.000,9999.000,9999.000
202607291618,   1.562,9999.000,9999.000,9999.000,9999.000,9999.000,9999.000,9999.000,9999.000
202607291624,   1.484,9999.000,9999.000,9999.000,9999.000,9999.000,9999.000,9999.000,9999.000
202607291630,   1.408,9999.000,9999.000,9999.000,9999.000,9999.000,9999.000,9999.000,9999.000
202607291636,   1.334,9999.000,9999.000,9999.000,9999.000,9999.000,9999.000,9999.000,9999.000
202607291642,   1.263,9999.000,9999.000,9999.000,9999.000,9999.000,9999.000,9999.000,9999.000
202607291648,   1.193,9999.000,9999.000,9999.000,9999.000,9999.000,9999.000,9999.000,9999.000
202607291654,   1.126,9999.000,9999.000,9999.000,9999.000,9999.000,9999.000,9999.000,9999.000
202607291700,   1.063,9999.000,   0.900,  -0.012,   1.951,   0.300,   1.351,   1.300,   2.351
202607291706,   1.002,9999.000,9999.000,9999.000,9999.000,9999.000,9999.000,9999.000,9999.000
202607291712,   0.945,9999.000,9999.000,9999.000,9999.000,9999.000,9999.000,9999.000,9999.000
202607291718,   0.891,9999.000,9999.000,9999.000,9999.000,9999.000,9999.000,9999.000,9999.000
202607291724,   0.841,9999.000,9999.000,9999.000,9999.000,9999.000,9999.000,9999.000,9999.000
202607291730,   0.796,9999.000,9999.000,9999.000,9999.000,9999.000,9999.000,9999.000,9999.000
202607291736,   0.754,9999.000,9999.000,9999.000,9999.000,9999.000,9999.000,9999.000,9999.000
202607291742,   0.717,9999.000,9999.000,9999.000,9999.000,9999.000,9999.000,9999.000,9999.000
202607291748,   0.684,9999.000,9999.000,9999.000,9999.000,9999.000,9999.000,9999.000,9999.000
202607291754,   0.657,9999.000,9999.000,9999.000,9999.000,9999.000,9999.000,9999.000,9999.000
202607291800,   0.634,9999.000,   0.900,  -0.012,   1.522,   0.300,   0.922,   1.300,   1.922
