        TIME,    TIDE,      OB,   SURGE,    BIAS,     TWL,SURGE90p,  TWL90p,SURGE10p,   TWL10p
202607201200,   0.171,9999.000,   0.700,9999.000,   0.871,   0.700,   0.871,   0.700,   0.871
202607201206,   0.177,9999.000,9999.000,9999.000,9999.000,9999.000,9999.000,9999.000,9999.000
202607201212,   0.184,9999.000,9999.000,9999.000,9999.000,9999.000,9999.000,9999.000,9999.000
202607201218,   0.192,9999.000,9999.000,9999.000,9999.000,9999.000,9999.000,9999.000,9999.000
202607201224,   0.201,9999.000,9999.000,9999.000,9999.000,9999.000,9999.000,9999.000,9999.000
202607201230,   0.212,9999.000,9999.000,9999.000,9999.000,9999.000,9999.000,9999.000,9999.000
202607201236,   0.223,9999.000,9999.000,9999.000,9999.000,9999.000,9999.000,9999.000,9999.000
202607201242,   0.237,9999.000,9999.000,9999.000,9999.000,9999.000,9999.000,9999.000,9999.000
202607201248,   0.251,9999.000,9999.000,9999.000,9999.000,9999.000,9999.000,9999.000,9999.000
202607201254,   0.266,9999.000,9999.000,9999.000,9999.000,9999.000,9999.000,9999.000,9999.000
202607201300,   0.283,   1.010,   0.700,   0.027,   1.010,   0.700,   1.010,   0.700,   1.010
202607201306,   0.301,   1.000,9999.000,9999.000,9999.000,9999.000,9999.000,9999.000,9999.000
202607201312,   0.320,   1.020,9999.000,9999.000,9999.000,9999.000,9999.000,9999.000,9999.000
202607201318,   0.340,   1.079,9999.000,9999.000,9999.000,9999.000,9999.000,9999.000,9999.000
202607201324,   0.360,   1.170,9999.000,9999.000,9999.000,9999.000,9999.000,9999.000,9999.000
202607201330,   0.382,   1.170,9999.000,9999.000,9999.000,9999.000,9999.000,9999.000,9999.000
202607201336,   0.405,   1.161,9999.000,9999.000,9999.000,9999.000,9999.000,9999.000,9999.000
202607201342,   0.428,   1.138,9999.000,9999.000,9999.000,9999.000,9999.000,9999.000,9999.000
202607201348,   0.452,   1.128,9999.000,9999.000,9999.000,9999.000,9999.000,9999.000,9999.000
202607201354,   0.477,   1.180,9999.000,9999.000,9999.000,9999.000,9999.000,9999.000,9999.000
202607201400,   0.503,   1.279,   0.700,   0.076,   1.279,   0.700,   1.279,   0.700,   1.279
202607201406,   0.528,   1.338,9999.000,9999.000,9999.000,9999.000,9999.000,9999.000,9999.000
202607201412,   0.555,   1.348,9999.000,9999.000,9999.000,9999.000,9999.000,9999.000,9999.000
202607201418,   0.581,   1.318,9999.000,9999.000,9999.000,9999.000,9999.000,9999.000,9999.000
202607201424,   0.608,   1.318,9999.000,9999.000,9999.000,9999.000,9999.000,9999.000,9999.000
202607201430,   0.636,   1.410,9999.000,9999.000,9999.000,9999.000,9999.000,9999.000,9999.000
202607201436,   0.663,   1.498,9999.000,9999.000,9999.000,9999.000,9999.000,9999.000,9999.000
202607201442,   0.690,   1.498,9999.000,9999.000,9999.000,9999.000,9999.000,9999.000,9999.000
202607201448,   0.718,   1.489,9999.000,9999.000,9999.000,9999.000,9999.000,9999.000,9999.000
202607201454,   0.745,   1.538,9999.000,9999.000,9999.000,9999.000,9999.000,9999.000,9999.000
202607201500,   0.772,   1.571,   0.700,   0.099,   1.571,   0.700,   1.571,   0.700,   1.571
202607201506,   0.799,   1.590,9999.000,9999.000,9999.000,9999.000,9999.000,9999.000,9999.000
202607201512,   0.826,   1.649,9999.000,9999.000,9999.000,9999.000,9999.000,9999.000,9999.000
202607201518,   0.852,   1.699,9999.000,9999.000,9999.000,9999.000,9999.000,9999.000,9999.000
202607201524,   0.878,9999.000,9999.000,9999.000,9999.000,9999.000,9999.000,9999.000,9999.000
202607201530,   0.904,9999.000,9999.000,9999.000,9999.000,9999.000,9999.000,9999.000,9999.000
202607201536,   0.929,   1.758,9999.000,9999.000,9999.000,9999.000,9999.000,9999.000,9999.000
202607201542,   0.953,   1.790,9999.000,9999.000,9999.000,9999.000,9999.000,9999.000,9999.000
202607201548,   0.977,   1.820,9999.000,9999.000,9999.000,9999.000,9999.000,9999.000,9999.000
202607201554,   1.001,   1.859,9999.000,9999.000,9999.000,9999.000,9999.000,9999.000,9999.000
202607201600,   1.023,   1.899,   0.700,   0.176,   1.899,   0.700,   1.899,   0.700,   1.899
202607201606,   1.045,   1.899,9999.000,9999.000,9999.000,9999.000,9999.000,9999.000,9999.000
202607201612,   1.066,   1.899,9999.000,9999.000,9999.000,9999.000,9999.000,9999.000,9999.000
202607201618,   1.086,   1.938,9999.000,9999.000,9999.000,9999.000,9999.000,9999.000,9999.000
202607201624,   1.105,   1.958,9999.000,9999.000,9999.000,9999.000,9999.000,9999.000,9999.000
202607201630,   1.124,   1.990,9999.000,9999.000,9999.000,9999.000,9999.000,9999.000,9999.000
202607201636,   1.141,   1.981,9999.000,9999.000,9999.000,9999.000,9999.000,9999.000,9999.000
202607201642,   1.158,   1.948,9999.000,9999.000,9999.000,9999.000,9999.000,9999.000,9999.000
202607201648,   1.173,   1.958,9999.000,9999.000,9999.000,9999.000,9999.000,9999.000,9999.000
202607201654,   1.188,   1.938,9999.000,9999.000,9999.000,9999.000,9999.000,9999.000,9999.000
202607201700,   1.201,   1.990,   0.700,   0.089,   1.990,   0.700,   1.990,   0.700,   1.990
202607201706,   1.214,   2.049,9999.000,9999.000,9999.000,9999.000,9999.000,9999.000,9999.000
202607201712,   1.225,   2.089,9999.000,9999.000,9999.000,9999.000,9999.000,9999.000,9999.000
202607201718,   1.235,   2.089,9999.000,9999.000,9999.000,9999.000,9999.000,9999.000,9999.000
202607201724,   1.244,   2.089,9999.000,9999.000,9999.000,9999.000,9999.000,9999.000,9999.000
202607201730,   1.252,   2.040,9999.000,9999.000,9999.000,9999.000,9999.000,9999.000,9999.000
202607201736,   1.259,   2.109,9999.000,9999.000,9999.000,9999.000,9999.000,9999.000,9999.000
202607201742,   1.264,   2.079,9999.000,9999.000,9999.000,9999.000,9999.000,9999.000,9999.000
202607201748,   1.269,   2.099,9999.000,9999.000,9999.000,9999.000,9999.000,9999.000,9999.000
202607201754,   1.272,   2.109,9999.000,9999.000,9999.000,9999.000,9999.000,9999.000,9999.000
202607201800,   1.274,   2.109,   0.700,   0.135,   2.109,   0.600,   2.009,   0.700,   2.109
202607201806,   1.274,   2.109,9999.000,9999.000,9999.000,9999.000,9999.000,9999.000,9999.000
202607201812,   1.274,   2.200,9999.000,9999.000,9999.000,9999.000,9999.000,9999.000,9999.000
202607201818,   1.272,   2.158,9999.000,9999.000,9999.000,9999.000,9999.000,9999.000,9999.000
202607201824,   1.269,   2.109,9999.000,9999.000,9999.000,9999.000,9999.000,9999.000,9999.000
202607201830,   1.265,   2.089,9999.000,9999.000,9999.000,9999.000,9999.000,9999.000,9999.000
202607201836,   1.260,   2.059,9999.000,9999.000,9999.000,9999.000,9999.000,9999.000,9999.000
202607201842,   1.253,   2.059,9999.000,9999.000,9999.000,9999.000,9999.000,9999.000,9999.000
202607201848,   1.246,   2.030,9999.000,9999.000,9999.000,9999.000,9999.000,9999.000,9999.000
202607201854,   1.237,   2.089,9999.000,9999.000,9999.000,9999.000,9999.000,9999.000,9999.000
202607201900,   1.227,   2.010,   0.700,   0.083,   2.010,   0.700,   2.010,   0.700,   2.010
202607201906,   1.217,   1.981,9999.000,9999.000,9999.000,9999.000,9999.000,9999.000,9999.000
202607201912,   1.205,   1.967,9999.000,9999.000,9999.000,9999.000,9999.000,9999.000,9999.000
202607201918,   1.192,   1.958,9999.000,9999.000,9999.000,9999.000,9999.000,9999.000,9999.000
202607201924,   1.178,   1.938,9999.000,9999.000,9999.000,9999.000,9999.000,9999.000,9999.000
202607201930,   1.163,   1.899,9999.000,9999.000,9999.000,9999.000,9999.000,9999.000,9999.000
202607201936,   1.147,   1.899,9999.000,9999.000,9999.000,9999.000,9999.000,9999.000,9999.000
202607201942,   1.131,   1.908,9999.000,9999.000,9999.000,9999.000,9999.000,9999.000,9999.000
202607201948,   1.114,   1.810,9999.000,9999.000,9999.000,9999.000,9999.000,9999.000,9999.000
202607201954,   1.096,   1.820,9999.000,9999.000,9999.000,9999.000,9999.000,9999.000,9999.000
202607202000,   1.077,   1.781,   0.700,   0.004,   1.781,   0.700,   1.781,   0.800,   1.881
202607202006,   1.058,   1.748,9999.000,9999.000,9999.000,9999.000,9999.000,9999.000,9999.000
202607202012,   1.039,   1.748,9999.000,9999.000,9999.000,9999.000,9999.000,9999.000,9999.000
202607202018,   1.018,   1.758,9999.000,9999.000,9999.000,9999.000,9999.000,9999.000,9999.000
202607202024,   0.998,   1.728,9999.000,9999.000,9999.000,9999.000,9999.000,9999.000,9999.000
202607202030,   0.977,   1.728,9999.000,9999.000,9999.000,9999.000,9999.000,9999.000,9999.000
202607202036,   0.956,   1.689,9999.000,9999.000,9999.000,9999.000,9999.000,9999.000,9999.000
202607202042,   0.934,   1.679,9999.000,9999.000,9999.000,9999.000,9999.000,9999.000,9999.000
202607202048,   0.912,   1.669,9999.000,9999.000,9999.000,9999.000,9999.000,9999.000,9999.000
202607202054,   0.891,   1.639,9999.000,9999.000,9999.000,9999.000,9999.000,9999.000,9999.000
202607202100,   0.869,   1.600,   0.700,   0.031,   1.600,   0.700,   1.600,   0.700,   1.600
202607202106,   0.847,   1.548,9999.000,9999.000,9999.000,9999.000,9999.000,9999.000,9999.000
202607202112,   0.825,   1.528,9999.000,9999.000,9999.000,9999.000,9999.000,9999.000,9999.000
202607202118,   0.803,   1.538,9999.000,9999.000,9999.000,9999.000,9999.000,9999.000,9999.000
202607202124,   0.782,   1.548,9999.000,9999.000,9999.000,9999.000,9999.000,9999.000,9999.000
202607202130,   0.760,   1.518,9999.000,9999.000,9999.000,9999.000,9999.000,9999.000,9999.000
202607202136,   0.739,   1.469,9999.000,9999.000,9999.000,9999.000,9999.000,9999.000,9999.000
202607202142,   0.718,   1.420,9999.000,9999.000,9999.000,9999.000,9999.000,9999.000,9999.000
202607202148,   0.698,   1.410,9999.000,9999.000,9999.000,9999.000,9999.000,9999.000,9999.000
202607202154,   0.678,   1.410,9999.000,9999.000,9999.000,9999.000,9999.000,9999.000,9999.000
202607202200,   0.658,   1.410,   0.700,   0.052,   1.410,   0.700,   1.410,   0.700,   1.410
202607202206,   0.639,   1.400,9999.000,9999.000,9999.000,9999.000,9999.000,9999.000,9999.000
202607202212,   0.620,   1.338,9999.000,9999.000,9999.000,9999.000,9999.000,9999.000,9999.000
202607202218,   0.602,   1.308,9999.000,9999.000,9999.000,9999.000,9999.000,9999.000,9999.000
202607202224,   0.584,   1.279,9999.000,9999.000,9999.000,9999.000,9999.000,9999.000,9999.000
202607202230,   0.567,   1.289,9999.000,9999.000,9999.000,9999.000,9999.000,9999.000,9999.000
202607202236,   0.551,   1.279,9999.000,9999.000,9999.000,9999.000,9999.000,9999.000,9999.000
202607202242,   0.535,   1.259,9999.000,9999.000,9999.000,9999.000,9999.000,9999.000,9999.000
202607202248,   0.520,   1.210,9999.000,9999.000,9999.000,9999.000,9999.000,9999.000,9999.000
202607202254,   0.506,   1.210,9999.000,9999.000,9999.000,9999.000,9999.000,9999.000,9999.000
202607202300,   0.493,   1.220,   0.700,   0.027,   1.220,   0.700,   1.220,   0.700,   1.220
202607202306,   0.481,   1.239,9999.000,9999.000,9999.000,9999.000,9999.000,9999.000,9999.000
202607202312,   0.469,   1.210,9999.000,9999.000,9999.000,9999.000,9999.000,9999.000,9999.000
202607202318,   0.458,   1.161,9999.000,9999.000,9999.000,9999.000,9999.000,9999.000,9999.000
202607202324,   0.449,   1.128,9999.000,9999.000,9999.000,9999.000,9999.000,9999.000,9999.000
202607202330,   0.440,   1.118,9999.000,9999.000,9999.000,9999.000,9999.000,9999.000,9999.000
202607202336,   0.432,   1.161,9999.000,9999.000,9999.000,9999.000,9999.000,9999.000,9999.000
202607202342,   0.425,   1.180,9999.000,9999.000,9999.000,9999.000,9999.000,9999.000,9999.000
202607202348,   0.419,   1.190,9999.000,9999.000,9999.000,9999.000,9999.000,9999.000,9999.000
202607202354,   0.415,   1.161,9999.000,9999.000,9999.000,9999.000,9999.000,9999.000,9999.000
202607210000,   0.411,   1.138,   0.600,   0.127,   1.138,   0.600,   1.138,   0.700,   1.238
202607210006,   0.409,   1.108,9999.000,9999.000,9999.000,9999.000,9999.000,9999.000,9999.000
202607210012,   0.407,   1.138,9999.000,9999.000,9999.000,9999.000,9999.000,9999.000,9999.000
202607210018,   0.407,   1.161,9999.000,9999.000,9999.000,9999.000,9999.000,9999.000,9999.000
202607210024,   0.408,   1.170,9999.000,9999.000,9999.000,9999.000,9999.000,9999.000,9999.000
202607210030,   0.410,   1.170,9999.000,9999.000,9999.000,9999.000,9999.000,9999.000,9999.000
202607210036,   0.413,   1.161,9999.000,9999.000,9999.000,9999.000,9999.000,9999.000,9999.000
202607210042,   0.417,   1.170,9999.000,9999.000,9999.000,9999.000,9999.000,9999.000,9999.000
202607210048,   0.422,   1.180,9999.000,9999.000,9999.000,9999.000,9999.000,9999.000,9999.000
202607210054,   0.429,   1.190,9999.000,9999.000,9999.000,9999.000,9999.000,9999.000,9999.000
202607210100,   0.436,   1.210,   0.700,   0.074,   1.210,   0.600,   1.110,   0.700,   1.210
202607210106,   0.445,   1.220,9999.000,9999.000,9999.000,9999.000,9999.000,9999.000,9999.000
202607210112,   0.455,   1.229,9999.000,9999.000,9999.000,9999.000,9999.000,9999.000,9999.000
202607210118,   0.465,   1.229,9999.000,9999.000,9999.000,9999.000,9999.000,9999.000,9999.000
202607210124,   0.477,   1.239,9999.000,9999.000,9999.000,9999.000,9999.000,9999.000,9999.000
202607210130,   0.490,   1.239,9999.000,9999.000,9999.000,9999.000,9999.000,9999.000,9999.000
202607210136,   0.503,   1.239,9999.000,9999.000,9999.000,9999.000,9999.000,9999.000,9999.000
202607210142,   0.518,   1.259,9999.000,9999.000,9999.000,9999.000,9999.000,9999.000,9999.000
202607210148,   0.533,   1.269,9999.000,9999.000,9999.000,9999.000,9999.000,9999.000,9999.000
202607210154,   0.549,   1.289,9999.000,9999.000,9999.000,9999.000,9999.000,9999.000,9999.000
202607210200,   0.565,   1.298,   0.700,   0.033,   1.298,   0.700,   1.298,   0.700,   1.298
202607210206,   0.583,   1.338,9999.000,9999.000,9999.000,9999.000,9999.000,9999.000,9999.000
202607210212,   0.600,   1.371,9999.000,9999.000,9999.000,9999.000,9999.000,9999.000,9999.000
202607210218,   0.619,   1.390,9999.000,9999.000,9999.000,9999.000,9999.000,9999.000,9999.000
202607210224,   0.637,   1.380,9999.000,9999.000,9999.000,9999.000,9999.000,9999.000,9999.000
202607210230,   0.656,   1.390,9999.000,9999.000,9999.000,9999.000,9999.000,9999.000,9999.000
202607210236,   0.676,   1.410,9999.000,9999.000,9999.000,9999.000,9999.000,9999.000,9999.000
202607210242,   0.695,   1.439,9999.000,9999.000,9999.000,9999.000,9999.000,9999.000,9999.000
202607210248,   0.715,   1.479,9999.000,9999.000,9999.000,9999.000,9999.000,9999.000,9999.000
202607210254,   0.735,   1.508,9999.000,9999.000,9999.000,9999.000,9999.000,9999.000,9999.000
202607210300,   0.755,   1.508,   0.700,   0.053,   1.508,   0.600,   1.408,   0.700,   1.508
202607210306,   0.775,   1.518,9999.000,9999.000,9999.000,9999.000,9999.000,9999.000,9999.000
202607210312,   0.794,   1.548,9999.000,9999.000,9999.000,9999.000,9999.000,9999.000,9999.000
202607210318,   0.814,   1.580,9999.000,9999.000,9999.000,9999.000,9999.000,9999.000,9999.000
202607210324,   0.833,   1.620,9999.000,9999.000,9999.000,9999.000,9999.000,9999.000,9999.000
202607210330,   0.852,   1.659,9999.000,9999.000,9999.000,9999.000,9999.000,9999.000,9999.000
202607210336,   0.871,   1.679,9999.000,9999.000,9999.000,9999.000,9999.000,9999.000,9999.000
202607210342,   0.889,   1.689,9999.000,9999.000,9999.000,9999.000,9999.000,9999.000,9999.000
202607210348,   0.906,   1.679,9999.000,9999.000,9999.000,9999.000,9999.000,9999.000,9999.000
202607210354,   0.923,   1.699,9999.000,9999.000,9999.000,9999.000,9999.000,9999.000,9999.000
202607210400,   0.940,   1.748,   0.600,   0.208,   1.748,   0.600,   1.748,   0.700,   1.848
202607210406,   0.956,   1.800,9999.000,9999.000,9999.000,9999.000,9999.000,9999.000,9999.000
202607210412,   0.971,   1.790,9999.000,9999.000,9999.000,9999.000,9999.000,9999.000,9999.000
202607210418,   0.985,   1.767,9999.000,9999.000,9999.000,9999.000,9999.000,9999.000,9999.000
202607210424,   0.999,   1.781,9999.000,9999.000,9999.000,9999.000,9999.000,9999.000,9999.000
202607210430,   1.012,   1.820,9999.000,9999.000,9999.000,9999.000,9999.000,9999.000,9999.000
202607210436,   1.024,   1.869,9999.000,9999.000,9999.000,9999.000,9999.000,9999.000,9999.000
202607210442,   1.036,   1.869,9999.000,9999.000,9999.000,9999.000,9999.000,9999.000,9999.000
202607210448,   1.046,   1.869,9999.000,9999.000,9999.000,9999.000,9999.000,9999.000,9999.000
202607210454,   1.055,   1.869,9999.000,9999.000,9999.000,9999.000,9999.000,9999.000,9999.000
202607210500,   1.064,   1.869,   0.600,   0.205,   1.869,   0.600,   1.869,   0.700,   1.969
202607210506,   1.072,   1.899,9999.000,9999.000,9999.000,9999.000,9999.000,9999.000,9999.000
202607210512,   1.078,   1.928,9999.000,9999.000,9999.000,9999.000,9999.000,9999.000,9999.000
202607210518,   1.084,   1.908,9999.000,9999.000,9999.000,9999.000,9999.000,9999.000,9999.000
202607210524,   1.088,   1.889,9999.000,9999.000,9999.000,9999.000,9999.000,9999.000,9999.000
202607210530,   1.092,   1.869,9999.000,9999.000,9999.000,9999.000,9999.000,9999.000,9999.000
202607210536,   1.095,   1.899,9999.000,9999.000,9999.000,9999.000,9999.000,9999.000,9999.000
202607210542,   1.096,   1.879,9999.000,9999.000,9999.000,9999.000,9999.000,9999.000,9999.000
202607210548,   1.096,   1.869,9999.000,9999.000,9999.000,9999.000,9999.000,9999.000,9999.000
202607210554,   1.096,   1.840,9999.000,9999.000,9999.000,9999.000,9999.000,9999.000,9999.000
202607210600,   1.094,   1.849,   0.700,   0.055,   1.849,   0.700,   1.849,   0.700,   1.849
202607210606,   1.091,   1.899,9999.000,9999.000,9999.000,9999.000,9999.000,9999.000,9999.000
202607210612,   1.087,   1.928,9999.000,9999.000,9999.000,9999.000,9999.000,9999.000,9999.000
202607210618,   1.082,   1.889,9999.000,9999.000,9999.000,9999.000,9999.000,9999.000,9999.000
202607210624,   1.076,   1.830,9999.000,9999.000,9999.000,9999.000,9999.000,9999.000,9999.000
202607210630,   1.069,   1.800,9999.000,9999.000,9999.000,9999.000,9999.000,9999.000,9999.000
202607210636,   1.061,   1.840,9999.000,9999.000,9999.000,9999.000,9999.000,9999.000,9999.000
202607210642,   1.052,   1.869,9999.000,9999.000,9999.000,9999.000,9999.000,9999.000,9999.000
202607210648,   1.042,   1.869,9999.000,9999.000,9999.000,9999.000,9999.000,9999.000,9999.000
202607210654,   1.030,   1.800,9999.000,9999.000,9999.000,9999.000,9999.000,9999.000,9999.000
202607210700,   1.018,   1.738,   0.700,   0.020,   1.738,   0.700,   1.738,   0.700,   1.738
202607210706,   1.005,   1.728,9999.000,9999.000,9999.000,9999.000,9999.000,9999.000,9999.000
202607210712,   0.991,   1.748,9999.000,9999.000,9999.000,9999.000,9999.000,9999.000,9999.000
202607210718,   0.976,   1.790,9999.000,9999.000,9999.000,9999.000,9999.000,9999.000,9999.000
202607210724,   0.960,   1.781,9999.000,9999.000,9999.000,9999.000,9999.000,9999.000,9999.000
202607210730,   0.943,   1.699,9999.000,9999.000,9999.000,9999.000,9999.000,9999.000,9999.000
202607210736,   0.925,   1.639,9999.000,9999.000,9999.000,9999.000,9999.000,9999.000,9999.000
202607210742,   0.907,   1.600,9999.000,9999.000,9999.000,9999.000,9999.000,9999.000,9999.000
202607210748,   0.888,   1.620,9999.000,9999.000,9999.000,9999.000,9999.000,9999.000,9999.000
202607210754,   0.868,   1.649,9999.000,9999.000,9999.000,9999.000,9999.000,9999.000,9999.000
202607210800,   0.848,   1.630,   0.700,   0.082,   1.630,   0.700,   1.630,   0.700,   1.630
202607210806,   0.827,   1.557,9999.000,9999.000,9999.000,9999.000,9999.000,9999.000,9999.000
202607210812,   0.805,   1.489,9999.000,9999.000,9999.000,9999.000,9999.000,9999.000,9999.000
202607210818,   0.784,   1.479,9999.000,9999.000,9999.000,9999.000,9999.000,9999.000,9999.000
202607210824,   0.761,   1.459,9999.000,9999.000,9999.000,9999.000,9999.000,9999.000,9999.000
202607210830,   0.739,   1.469,9999.000,9999.000,9999.000,9999.000,9999.000,9999.000,9999.000
202607210836,   0.716,   1.449,9999.000,9999.000,9999.000,9999.000,9999.000,9999.000,9999.000
202607210842,   0.693,   1.410,9999.000,9999.000,9999.000,9999.000,9999.000,9999.000,9999.000
202607210848,   0.670,   1.380,9999.000,9999.000,9999.000,9999.000,9999.000,9999.000,9999.000
202607210854,   0.647,   1.361,9999.000,9999.000,9999.000,9999.000,9999.000,9999.000,9999.000
202607210900,   0.624,   1.328,   0.700,   0.004,   1.328,   0.700,   1.328,   0.700,   1.328
202607210906,   0.601,   1.308,9999.000,9999.000,9999.000,9999.000,9999.000,9999.000,9999.000
202607210912,   0.577,   1.298,9999.000,9999.000,9999.000,9999.000,9999.000,9999.000,9999.000
202607210918,   0.555,   1.239,9999.000,9999.000,9999.000,9999.000,9999.000,9999.000,9999.000
202607210924,   0.532,   1.220,9999.000,9999.000,9999.000,9999.000,9999.000,9999.000,9999.000
202607210930,   0.509,   1.210,9999.000,9999.000,9999.000,9999.000,9999.000,9999.000,9999.000
202607210936,   0.487,   1.210,9999.000,9999.000,9999.000,9999.000,9999.000,9999.000,9999.000
202607210942,   0.466,   1.200,9999.000,9999.000,9999.000,9999.000,9999.000,9999.000,9999.000
202607210948,   0.444,   1.180,9999.000,9999.000,9999.000,9999.000,9999.000,9999.000,9999.000
202607210954,   0.423,   1.118,9999.000,9999.000,9999.000,9999.000,9999.000,9999.000,9999.000
202607211000,   0.403,   1.098,   0.700,  -0.005,   1.098,   0.700,   1.098,   0.700,   1.098
202607211006,   0.383,   1.098,9999.000,9999.000,9999.000,9999.000,9999.000,9999.000,9999.000
202607211012,   0.364,   1.098,9999.000,9999.000,9999.000,9999.000,9999.000,9999.000,9999.000
202607211018,   0.345,   1.088,9999.000,9999.000,9999.000,9999.000,9999.000,9999.000,9999.000
202607211024,   0.327,   1.049,9999.000,9999.000,9999.000,9999.000,9999.000,9999.000,9999.000
202607211030,   0.310,   1.010,9999.000,9999.000,9999.000,9999.000,9999.000,9999.000,9999.000
202607211036,   0.294,   0.990,9999.000,9999.000,9999.000,9999.000,9999.000,9999.000,9999.000
202607211042,   0.278,   0.990,9999.000,9999.000,9999.000,9999.000,9999.000,9999.000,9999.000
202607211048,   0.263,   0.990,9999.000,9999.000,9999.000,9999.000,9999.000,9999.000,9999.000
202607211054,   0.248,   0.941,9999.000,9999.000,9999.000,9999.000,9999.000,9999.000,9999.000
202607211100,   0.235,   0.898,   0.700,  -0.037,   0.898,   0.600,   0.798,   0.700,   0.898
202607211106,   0.223,   0.859,9999.000,9999.000,9999.000,9999.000,9999.000,9999.000,9999.000
202607211112,   0.211,   0.879,9999.000,9999.000,9999.000,9999.000,9999.000,9999.000,9999.000
202607211118,   0.200,   0.908,9999.000,9999.000,9999.000,9999.000,9999.000,9999.000,9999.000
202607211124,   0.190,   0.908,9999.000,9999.000,9999.000,9999.000,9999.000,9999.000,9999.000
202607211130,   0.182,   0.859,9999.000,9999.000,9999.000,9999.000,9999.000,9999.000,9999.000
202607211136,   0.174,   0.829,9999.000,9999.000,9999.000,9999.000,9999.000,9999.000,9999.000
202607211142,   0.167,   0.839,9999.000,9999.000,9999.000,9999.000,9999.000,9999.000,9999.000
202607211148,   0.161,   0.839,9999.000,9999.000,9999.000,9999.000,9999.000,9999.000,9999.000
202607211154,   0.156,   0.888,9999.000,9999.000,9999.000,9999.000,9999.000,9999.000,9999.000
202607211200,   0.152,   0.859,   0.600,   0.107,   0.859,   0.600,   0.859,   0.700,   0.959
202607211206,   0.150,   0.859,9999.000,9999.000,9999.000,9999.000,9999.000,9999.000,9999.000
202607211212,   0.148,   0.839,9999.000,9999.000,9999.000,9999.000,9999.000,9999.000,9999.000
202607211218,   0.148,   0.839,9999.000,9999.000,9999.000,9999.000,9999.000,9999.000,9999.000
202607211224,   0.149,   0.849,9999.000,9999.000,9999.000,9999.000,9999.000,9999.000,9999.000
202607211230,   0.150,   0.888,9999.000,9999.000,9999.000,9999.000,9999.000,9999.000,9999.000
202607211236,   0.153,   0.898,9999.000,9999.000,9999.000,9999.000,9999.000,9999.000,9999.000
202607211242,   0.157,   0.888,9999.000,9999.000,9999.000,9999.000,9999.000,9999.000,9999.000
202607211248,   0.163,   0.859,9999.000,9999.000,9999.000,9999.000,9999.000,9999.000,9999.000
202607211254,   0.169,   0.869,9999.000,9999.000,9999.000,9999.000,9999.000,9999.000,9999.000
202607211300,   0.177,   0.888,   0.700,   0.011,   0.888,   0.600,   0.788,   0.700,   0.888
202607211306,   0.186,   0.928,9999.000,9999.000,9999.000,9999.000,9999.000,9999.000,9999.000
202607211312,   0.196,   0.951,9999.000,9999.000,9999.000,9999.000,9999.000,9999.000,9999.000
202607211318,   0.207,   0.990,9999.000,9999.000,9999.000,9999.000,9999.000,9999.000,9999.000
202607211324,   0.219,   0.980,9999.000,9999.000,9999.000,9999.000,9999.000,9999.000,9999.000
202607211330,   0.232,   0.990,9999.000,9999.000,9999.000,9999.000,9999.000,9999.000,9999.000
202607211336,   0.247,   1.020,9999.000,9999.000,9999.000,9999.000,9999.000,9999.000,9999.000
202607211342,   0.262,   1.029,9999.000,9999.000,9999.000,9999.000,9999.000,9999.000,9999.000
202607211348,   0.279,   1.079,9999.000,9999.000,9999.000,9999.000,9999.000,9999.000,9999.000
202607211354,   0.296,   1.108,9999.000,9999.000,9999.000,9999.000,9999.000,9999.000,9999.000
202607211400,   0.315,   1.118,   0.700,   0.103,   1.118,   0.700,   1.118,   0.700,   1.118
202607211406,   0.334,   1.088,9999.000,9999.000,9999.000,9999.000,9999.000,9999.000,9999.000
202607211412,   0.354,   1.108,9999.000,9999.000,9999.000,9999.000,9999.000,9999.000,9999.000
202607211418,   0.375,   1.128,9999.000,9999.000,9999.000,9999.000,9999.000,9999.000,9999.000
202607211424,   0.397,   1.220,9999.000,9999.000,9999.000,9999.000,9999.000,9999.000,9999.000
202607211430,   0.420,   1.229,9999.000,9999.000,9999.000,9999.000,9999.000,9999.000,9999.000
202607211436,   0.443,   1.229,9999.000,9999.000,9999.000,9999.000,9999.000,9999.000,9999.000
202607211442,   0.467,   1.220,9999.000,9999.000,9999.000,9999.000,9999.000,9999.000,9999.000
202607211448,   0.491,   1.249,9999.000,9999.000,9999.000,9999.000,9999.000,9999.000,9999.000
202607211454,   0.516,   1.259,9999.000,9999.000,9999.000,9999.000,9999.000,9999.000,9999.000
202607211500,   0.541,   1.308,   0.700,   0.067,   1.308,   0.600,   1.208,   0.700,   1.308
202607211506,   0.567,   1.380,9999.000,9999.000,9999.000,9999.000,9999.000,9999.000,9999.000
202607211512,   0.593,   1.410,9999.000,9999.000,9999.000,9999.000,9999.000,9999.000,9999.000
202607211518,   0.619,   1.400,9999.000,9999.000,9999.000,9999.000,9999.000,9999.000,9999.000
202607211524,   0.646,   1.380,9999.000,9999.000,9999.000,9999.000,9999.000,9999.000,9999.000
202607211530,   0.672,   1.420,9999.000,9999.000,9999.000,9999.000,9999.000,9999.000,9999.000
202607211536,   0.699,   1.479,9999.000,9999.000,9999.000,9999.000,9999.000,9999.000,9999.000
202607211542,   0.725,   1.538,9999.000,9999.000,9999.000,9999.000,9999.000,9999.000,9999.000
202607211548,   0.752,   1.557,9999.000,9999.000,9999.000,9999.000,9999.000,9999.000,9999.000
202607211554,   0.778,   1.548,9999.000,9999.000,9999.000,9999.000,9999.000,9999.000,9999.000
202607211600,   0.804,   1.580,   0.600,   0.176,   1.580,   0.600,   1.580,   0.700,   1.680
202607211606,   0.830,   1.610,9999.000,9999.000,9999.000,9999.000,9999.000,9999.000,9999.000
202607211612,   0.855,   1.679,9999.000,9999.000,9999.000,9999.000,9999.000,9999.000,9999.000
202607211618,   0.881,   1.708,9999.000,9999.000,9999.000,9999.000,9999.000,9999.000,9999.000
202607211624,   0.906,   1.718,9999.000,9999.000,9999.000,9999.000,9999.000,9999.000,9999.000
202607211630,   0.930,   1.748,9999.000,9999.000,9999.000,9999.000,9999.000,9999.000,9999.000
202607211636,   0.954,   1.738,9999.000,9999.000,9999.000,9999.000,9999.000,9999.000,9999.000
202607211642,   0.977,   1.781,9999.000,9999.000,9999.000,9999.000,9999.000,9999.000,9999.000
202607211648,   1.000,   1.830,9999.000,9999.000,9999.000,9999.000,9999.000,9999.000,9999.000
202607211654,   1.023,   1.899,9999.000,9999.000,9999.000,9999.000,9999.000,9999.000,9999.000
202607211700,   1.044,   1.918,   0.600,   0.274,   1.918,   0.600,   1.918,   0.700,   2.018
202607211706,   1.065,   1.899,9999.000,9999.000,9999.000,9999.000,9999.000,9999.000,9999.000
202607211712,   1.085,   1.918,9999.000,9999.000,9999.000,9999.000,9999.000,9999.000,9999.000
202607211718,   1.105,   1.990,9999.000,9999.000,9999.000,9999.000,9999.000,9999.000,9999.000
202607211724,   1.123,   2.040,9999.000,9999.000,9999.000,9999.000,9999.000,9999.000,9999.000
202607211730,   1.141,   2.010,9999.000,9999.000,9999.000,9999.000,9999.000,9999.000,9999.000
202607211736,   1.158,   1.990,9999.000,9999.000,9999.000,9999.000,9999.000,9999.000,9999.000
202607211742,   1.174,   2.000,9999.000,9999.000,9999.000,9999.000,9999.000,9999.000,9999.000
202607211748,   1.189,   2.089,9999.000,9999.000,9999.000,9999.000,9999.000,9999.000,9999.000
202607211754,   1.203,   2.138,9999.000,9999.000,9999.000,9999.000,9999.000,9999.000,9999.000
202607211800,   1.216,   2.148,   0.600,   0.332,   2.148,   0.600,   2.148,   0.700,   2.248
202607211806,   1.229,   2.138,9999.000,9999.000,9999.000,9999.000,9999.000,9999.000,9999.000
202607211812,   1.240,   2.128,9999.000,9999.000,9999.000,9999.000,9999.000,9999.000,9999.000
202607211818,   1.250,   2.118,9999.000,9999.000,9999.000,9999.000,9999.000,9999.000,9999.000
202607211824,   1.259,   2.138,9999.000,9999.000,9999.000,9999.000,9999.000,9999.000,9999.000
202607211830,   1.267,   2.177,9999.000,9999.000,9999.000,9999.000,9999.000,9999.000,9999.000
202607211836,   1.273,   2.220,9999.000,9999.000,9999.000,9999.000,9999.000,9999.000,9999.000
202607211842,   1.279,   2.210,9999.000,9999.000,9999.000,9999.000,9999.000,9999.000,9999.000
202607211848,   1.284,   2.177,9999.000,9999.000,9999.000,9999.000,9999.000,9999.000,9999.000
202607211854,   1.287,   2.158,9999.000,9999.000,9999.000,9999.000,9999.000,9999.000,9999.000
202607211900,   1.289,   2.191,   0.700,   0.202,   2.191,   0.600,   2.091,   0.700,   2.191
202607211906,   1.290,   2.200,9999.000,9999.000,9999.000,9999.000,9999.000,9999.000,9999.000
202607211912,   1.290,   2.210,9999.000,9999.000,9999.000,9999.000,9999.000,9999.000,9999.000
202607211918,   1.288,   2.158,9999.000,9999.000,9999.000,9999.000,9999.000,9999.000,9999.000
202607211924,   1.286,   2.148,9999.000,9999.000,9999.000,9999.000,9999.000,9999.000,9999.000
202607211930,   1.282,   2.148,9999.000,9999.000,9999.000,9999.000,9999.000,9999.000,9999.000
202607211936,   1.277,   2.148,9999.000,9999.000,9999.000,9999.000,9999.000,9999.000,9999.000
202607211942,   1.271,   2.148,9999.000,9999.000,9999.000,9999.000,9999.000,9999.000,9999.000
202607211948,   1.264,   2.128,9999.000,9999.000,9999.000,9999.000,9999.000,9999.000,9999.000
202607211954,   1.256,   2.099,9999.000,9999.000,9999.000,9999.000,9999.000,9999.000,9999.000
202607212000,   1.246,   2.089,   0.700,   0.143,   2.089,   0.700,   2.089,   0.700,   2.089
202607212006,   1.236,   2.030,9999.000,9999.000,9999.000,9999.000,9999.000,9999.000,9999.000
202607212012,   1.224,   1.990,9999.000,9999.000,9999.000,9999.000,9999.000,9999.000,9999.000
202607212018,   1.212,   1.990,9999.000,9999.000,9999.000,9999.000,9999.000,9999.000,9999.000
202607212024,   1.199,   2.020,9999.000,9999.000,9999.000,9999.000,9999.000,9999.000,9999.000
202607212030,   1.185,   1.990,9999.000,9999.000,9999.000,9999.000,9999.000,9999.000,9999.000
202607212036,   1.169,   1.948,9999.000,9999.000,9999.000,9999.000,9999.000,9999.000,9999.000
202607212042,   1.154,   1.899,9999.000,9999.000,9999.000,9999.000,9999.000,9999.000,9999.000
202607212048,   1.137,   1.879,9999.000,9999.000,9999.000,9999.000,9999.000,9999.000,9999.000
202607212054,   1.120,   1.899,9999.000,9999.000,9999.000,9999.000,9999.000,9999.000,9999.000
202607212100,   1.102,   1.908,   0.700,   0.106,   1.908,   0.700,   1.908,   0.700,   1.908
202607212106,   1.084,   1.908,9999.000,9999.000,9999.000,9999.000,9999.000,9999.000,9999.000
202607212112,   1.065,   1.840,9999.000,9999.000,9999.000,9999.000,9999.000,9999.000,9999.000
202607212118,   1.045,   1.820,9999.000,9999.000,9999.000,9999.000,9999.000,9999.000,9999.000
202607212124,   1.025,   1.800,9999.000,9999.000,9999.000,9999.000,9999.000,9999.000,9999.000
202607212130,   1.005,   1.810,9999.000,9999.000,9999.000,9999.000,9999.000,9999.000,9999.000
202607212136,   0.985,   1.748,9999.000,9999.000,9999.000,9999.000,9999.000,9999.000,9999.000
202607212142,   0.964,   1.738,9999.000,9999.000,9999.000,9999.000,9999.000,9999.000,9999.000
202607212148,   0.943,   1.728,9999.000,9999.000,9999.000,9999.000,9999.000,9999.000,9999.000
202607212154,   0.922,   1.679,9999.000,9999.000,9999.000,9999.000,9999.000,9999.000,9999.000
202607212200,   0.901,   1.669,   0.700,   0.068,   1.669,   0.600,   1.569,   0.700,   1.669
202607212206,   0.880,   1.639,9999.000,9999.000,9999.000,9999.000,9999.000,9999.000,9999.000
202607212212,   0.859,   1.649,9999.000,9999.000,9999.000,9999.000,9999.000,9999.000,9999.000
202607212218,   0.838,   1.610,9999.000,9999.000,9999.000,9999.000,9999.000,9999.000,9999.000
202607212224,   0.818,   1.590,9999.000,9999.000,9999.000,9999.000,9999.000,9999.000,9999.000
202607212230,   0.797,   1.600,9999.000,9999.000,9999.000,9999.000,9999.000,9999.000,9999.000
202607212236,   0.777,   1.600,9999.000,9999.000,9999.000,9999.000,9999.000,9999.000,9999.000
202607212242,   0.757,   1.571,9999.000,9999.000,9999.000,9999.000,9999.000,9999.000,9999.000
202607212248,   0.737,   1.518,9999.000,9999.000,9999.000,9999.000,9999.000,9999.000,9999.000
202607212254,   0.718,   1.479,9999.000,9999.000,9999.000,9999.000,9999.000,9999.000,9999.000
202607212300,   0.699,   1.469,   0.700,   0.070,   1.469,   0.600,   1.369,   0.700,   1.469
202607212306,   0.681,   1.489,9999.000,9999.000,9999.000,9999.000,9999.000,9999.000,9999.000
202607212312,   0.663,   1.469,9999.000,9999.000,9999.000,9999.000,9999.000,9999.000,9999.000
202607212318,   0.645,   1.449,9999.000,9999.000,9999.000,9999.000,9999.000,9999.000,9999.000
202607212324,   0.628,   1.390,9999.000,9999.000,9999.000,9999.000,9999.000,9999.000,9999.000
202607212330,   0.612,   1.338,9999.000,9999.000,9999.000,9999.000,9999.000,9999.000,9999.000
202607212336,   0.596,   1.361,9999.000,9999.000,9999.000,9999.000,9999.000,9999.000,9999.000
202607212342,   0.581,   1.410,9999.000,9999.000,9999.000,9999.000,9999.000,9999.000,9999.000
202607212348,   0.567,   1.449,9999.000,9999.000,9999.000,9999.000,9999.000,9999.000,9999.000
202607212354,   0.553,   1.380,9999.000,9999.000,9999.000,9999.000,9999.000,9999.000,9999.000
202607220000,   0.540,   1.318,   0.700,   0.078,   1.318,   0.700,   1.318,   0.700,   1.318
202607220006,   0.528,   1.269,9999.000,9999.000,9999.000,9999.000,9999.000,9999.000,9999.000
202607220012,   0.517,   1.318,9999.000,9999.000,9999.000,9999.000,9999.000,9999.000,9999.000
202607220018,   0.506,   1.348,9999.000,9999.000,9999.000,9999.000,9999.000,9999.000,9999.000
202607220024,   0.496,   1.348,9999.000,9999.000,9999.000,9999.000,9999.000,9999.000,9999.000
202607220030,   0.488,   1.289,9999.000,9999.000,9999.000,9999.000,9999.000,9999.000,9999.000
202607220036,   0.480,   1.249,9999.000,9999.000,9999.000,9999.000,9999.000,9999.000,9999.000
202607220042,   0.473,   1.239,9999.000,9999.000,9999.000,9999.000,9999.000,9999.000,9999.000
202607220048,   0.467,   1.298,9999.000,9999.000,9999.000,9999.000,9999.000,9999.000,9999.000
202607220054,   0.462,   1.328,9999.000,9999.000,9999.000,9999.000,9999.000,9999.000,9999.000
202607220100,   0.457,   1.308,   0.700,   0.151,   1.308,   0.700,   1.308,   0.700,   1.308
202607220106,   0.454,   1.249,9999.000,9999.000,9999.000,9999.000,9999.000,9999.000,9999.000
202607220112,   0.452,   1.229,9999.000,9999.000,9999.000,9999.000,9999.000,9999.000,9999.000
202607220118,   0.451,   1.249,9999.000,9999.000,9999.000,9999.000,9999.000,9999.000,9999.000
202607220124,   0.451,   1.289,9999.000,9999.000,9999.000,9999.000,9999.000,9999.000,9999.000
202607220130,   0.452,   1.298,9999.000,9999.000,9999.000,9999.000,9999.000,9999.000,9999.000
202607220136,   0.453,   1.289,9999.000,9999.000,9999.000,9999.000,9999.000,9999.000,9999.000
202607220142,   0.456,   1.259,9999.000,9999.000,9999.000,9999.000,9999.000,9999.000,9999.000
202607220148,   0.460,   1.249,9999.000,9999.000,9999.000,9999.000,9999.000,9999.000,9999.000
202607220154,   0.465,   1.269,9999.000,9999.000,9999.000,9999.000,9999.000,9999.000,9999.000
202607220200,   0.470,   1.318,   0.700,   0.148,   1.318,   0.700,   1.318,   0.700,   1.318
202607220206,   0.477,   1.308,9999.000,9999.000,9999.000,9999.000,9999.000,9999.000,9999.000
202607220212,   0.485,   1.308,9999.000,9999.000,9999.000,9999.000,9999.000,9999.000,9999.000
202607220218,   0.493,   1.308,9999.000,9999.000,9999.000,9999.000,9999.000,9999.000,9999.000
202607220224,   0.502,   1.338,9999.000,9999.000,9999.000,9999.000,9999.000,9999.000,9999.000
202607220230,   0.512,   1.361,9999.000,9999.000,9999.000,9999.000,9999.000,9999.000,9999.000
202607220236,   0.523,   1.361,9999.000,9999.000,9999.000,9999.000,9999.000,9999.000,9999.000
202607220242,   0.534,   1.361,9999.000,9999.000,9999.000,9999.000,9999.000,9999.000,9999.000
202607220248,   0.546,   1.338,9999.000,9999.000,9999.000,9999.000,9999.000,9999.000,9999.000
202607220254,   0.559,   1.390,9999.000,9999.000,9999.000,9999.000,9999.000,9999.000,9999.000
202607220300,   0.572,   1.410,   0.700,   0.138,   1.410,   0.700,   1.410,   0.700,   1.410
202607220306,   0.586,   1.439,9999.000,9999.000,9999.000,9999.000,9999.000,9999.000,9999.000
202607220312,   0.600,   1.459,9999.000,9999.000,9999.000,9999.000,9999.000,9999.000,9999.000
202607220318,   0.614,   1.459,9999.000,9999.000,9999.000,9999.000,9999.000,9999.000,9999.000
202607220324,   0.630,   1.479,9999.000,9999.000,9999.000,9999.000,9999.000,9999.000,9999.000
202607220330,   0.644,   1.528,9999.000,9999.000,9999.000,9999.000,9999.000,9999.000,9999.000
202607220336,   0.659,   1.557,9999.000,9999.000,9999.000,9999.000,9999.000,9999.000,9999.000
202607220342,   0.675,   1.557,9999.000,9999.000,9999.000,9999.000,9999.000,9999.000,9999.000
202607220348,   0.690,   1.538,9999.000,9999.000,9999.000,9999.000,9999.000,9999.000,9999.000
202607220354,   0.705,   1.571,9999.000,9999.000,9999.000,9999.000,9999.000,9999.000,9999.000
202607220400,   0.721,   1.610,   0.700,   0.189,   1.610,   0.700,   1.610,   0.700,   1.610
202607220406,   0.736,   1.659,9999.000,9999.000,9999.000,9999.000,9999.000,9999.000,9999.000
202607220412,   0.751,   1.689,9999.000,9999.000,9999.000,9999.000,9999.000,9999.000,9999.000
202607220418,   0.766,   1.708,9999.000,9999.000,9999.000,9999.000,9999.000,9999.000,9999.000
202607220424,   0.781,   1.708,9999.000,9999.000,9999.000,9999.000,9999.000,9999.000,9999.000
202607220430,   0.795,   1.728,9999.000,9999.000,9999.000,9999.000,9999.000,9999.000,9999.000
202607220436,   0.809,   1.748,9999.000,9999.000,9999.000,9999.000,9999.000,9999.000,9999.000
202607220442,   0.823,   1.800,9999.000,9999.000,9999.000,9999.000,9999.000,9999.000,9999.000
202607220448,   0.836,   1.849,9999.000,9999.000,9999.000,9999.000,9999.000,9999.000,9999.000
202607220454,   0.849,   1.859,9999.000,9999.000,9999.000,9999.000,9999.000,9999.000,9999.000
202607220500,   0.861,   1.820,   0.700,   0.259,   1.820,   0.700,   1.820,   0.700,   1.820
202607220506,   0.873,   1.810,9999.000,9999.000,9999.000,9999.000,9999.000,9999.000,9999.000
202607220512,   0.884,   1.800,9999.000,9999.000,9999.000,9999.000,9999.000,9999.000,9999.000
202607220518,   0.894,   1.869,9999.000,9999.000,9999.000,9999.000,9999.000,9999.000,9999.000
202607220524,   0.904,   1.918,9999.000,9999.000,9999.000,9999.000,9999.000,9999.000,9999.000
202607220530,   0.913,   1.938,9999.000,9999.000,9999.000,9999.000,9999.000,9999.000,9999.000
202607220536,   0.921,   1.859,9999.000,9999.000,9999.000,9999.000,9999.000,9999.000,9999.000
202607220542,   0.929,   1.859,9999.000,9999.000,9999.000,9999.000,9999.000,9999.000,9999.000
202607220548,   0.936,   1.849,9999.000,9999.000,9999.000,9999.000,9999.000,9999.000,9999.000
202607220554,   0.942,   1.918,9999.000,9999.000,9999.000,9999.000,9999.000,9999.000,9999.000
202607220600,   0.947,   1.908,   0.700,   0.261,   1.908,   0.700,   1.908,   0.700,   1.908
202607220606,   0.951,   1.899,9999.000,9999.000,9999.000,9999.000,9999.000,9999.000,9999.000
202607220612,   0.955,   1.889,9999.000,9999.000,9999.000,9999.000,9999.000,9999.000,9999.000
202607220618,   0.958,   1.918,9999.000,9999.000,9999.000,9999.000,9999.000,9999.000,9999.000
202607220624,   0.959,   1.928,9999.000,9999.000,9999.000,9999.000,9999.000,9999.000,9999.000
202607220630,   0.960,   1.938,9999.000,9999.000,9999.000,9999.000,9999.000,9999.000,9999.000
202607220636,   0.960,   1.889,9999.000,9999.000,9999.000,9999.000,9999.000,9999.000,9999.000
202607220642,   0.960,   1.869,9999.000,9999.000,9999.000,9999.000,9999.000,9999.000,9999.000
202607220648,   0.958,   1.820,9999.000,9999.000,9999.000,9999.000,9999.000,9999.000,9999.000
202607220654,   0.955,   1.859,9999.000,9999.000,9999.000,9999.000,9999.000,9999.000,9999.000
202607220700,   0.951,   1.879,   0.700,   0.228,   1.879,   0.700,   1.879,   0.700,   1.879
202607220706,   0.947,   1.869,9999.000,9999.000,9999.000,9999.000,9999.000,9999.000,9999.000
202607220712,   0.941,   1.810,9999.000,9999.000,9999.000,9999.000,9999.000,9999.000,9999.000
202607220718,   0.935,   1.800,9999.000,9999.000,9999.000,9999.000,9999.000,9999.000,9999.000
202607220724,   0.927,   1.781,9999.000,9999.000,9999.000,9999.000,9999.000,9999.000,9999.000
202607220730,   0.919,   1.800,9999.000,9999.000,9999.000,9999.000,9999.000,9999.000,9999.000
202607220736,   0.909,   1.767,9999.000,9999.000,9999.000,9999.000,9999.000,9999.000,9999.000
202607220742,   0.899,   1.728,9999.000,9999.000,9999.000,9999.000,9999.000,9999.000,9999.000
202607220748,   0.888,   1.699,9999.000,9999.000,9999.000,9999.000,9999.000,9999.000,9999.000
202607220754,   0.876,   1.699,9999.000,9999.000,9999.000,9999.000,9999.000,9999.000,9999.000
202607220800,   0.863,   1.738,   0.700,   0.175,   1.738,   0.700,   1.738,   0.800,   1.838
202607220806,   0.850,   1.748,9999.000,9999.000,9999.000,9999.000,9999.000,9999.000,9999.000
202607220812,   0.835,   1.699,9999.000,9999.000,9999.000,9999.000,9999.000,9999.000,9999.000
202607220818,   0.820,   1.639,9999.000,9999.000,9999.000,9999.000,9999.000,9999.000,9999.000
202607220824,   0.804,   1.590,9999.000,9999.000,9999.000,9999.000,9999.000,9999.000,9999.000
202607220830,   0.787,   1.590,9999.000,9999.000,9999.000,9999.000,9999.000,9999.000,9999.000
202607220836,   0.770,   1.639,9999.000,9999.000,9999.000,9999.000,9999.000,9999.000,9999.000
202607220842,   0.752,   1.620,9999.000,9999.000,9999.000,9999.000,9999.000,9999.000,9999.000
202607220848,   0.734,   1.557,9999.000,9999.000,9999.000,9999.000,9999.000,9999.000,9999.000
202607220854,   0.715,   1.518,9999.000,9999.000,9999.000,9999.000,9999.000,9999.000,9999.000
202607220900,   0.695,   1.498,   0.700,   0.103,   1.498,   0.700,   1.498,   0.700,   1.498
202607220906,   0.676,   1.498,9999.000,9999.000,9999.000,9999.000,9999.000,9999.000,9999.000
202607220912,   0.656,   1.479,9999.000,9999.000,9999.000,9999.000,9999.000,9999.000,9999.000
202607220918,   0.635,   1.430,9999.000,9999.000,9999.000,9999.000,9999.000,9999.000,9999.000
202607220924,   0.615,   1.390,9999.000,9999.000,9999.000,9999.000,9999.000,9999.000,9999.000
202607220930,   0.594,   1.361,9999.000,9999.000,9999.000,9999.000,9999.000,9999.000,9999.000
202607220936,   0.573,   1.361,9999.000,9999.000,9999.000,9999.000,9999.000,9999.000,9999.000
202607220942,   0.552,   1.380,9999.000,9999.000,9999.000,9999.000,9999.000,9999.000,9999.000
202607220948,   0.531,   1.338,9999.000,9999.000,9999.000,9999.000,9999.000,9999.000,9999.000
202607220954,   0.511,   1.279,9999.000,9999.000,9999.000,9999.000,9999.000,9999.000,9999.000
202607221000,   0.490,   1.229,   0.700,   0.039,   1.229,   0.700,   1.229,   0.700,   1.229
202607221006,   0.470,   1.229,9999.000,9999.000,9999.000,9999.000,9999.000,9999.000,9999.000
202607221012,   0.449,   1.229,9999.000,9999.000,9999.000,9999.000,9999.000,9999.000,9999.000
202607221018,   0.429,   1.259,9999.000,9999.000,9999.000,9999.000,9999.000,9999.000,9999.000
202607221024,   0.410,   1.279,9999.000,9999.000,9999.000,9999.000,9999.000,9999.000,9999.000
202607221030,   0.391,   1.239,9999.000,9999.000,9999.000,9999.000,9999.000,9999.000,9999.000
202607221036,   0.372,   1.151,9999.000,9999.000,9999.000,9999.000,9999.000,9999.000,9999.000
202607221042,   0.354,   1.079,9999.000,9999.000,9999.000,9999.000,9999.000,9999.000,9999.000
202607221048,   0.336,   1.108,9999.000,9999.000,9999.000,9999.000,9999.000,9999.000,9999.000
202607221054,   0.319,   1.138,9999.000,9999.000,9999.000,9999.000,9999.000,9999.000,9999.000
202607221100,   0.302,   1.170,   0.700,   0.168,   1.170,   0.700,   1.170,   0.700,   1.170
202607221106,   0.286,   1.108,9999.000,9999.000,9999.000,9999.000,9999.000,9999.000,9999.000
202607221112,   0.271,   1.029,9999.000,9999.000,9999.000,9999.000,9999.000,9999.000,9999.000
202607221118,   0.256,   0.990,9999.000,9999.000,9999.000,9999.000,9999.000,9999.000,9999.000
202607221124,   0.242,   0.990,9999.000,9999.000,9999.000,9999.000,9999.000,9999.000,9999.000
202607221130,   0.229,   1.020,9999.000,9999.000,9999.000,9999.000,9999.000,9999.000,9999.000
202607221136,   0.216,   1.039,9999.000,9999.000,9999.000,9999.000,9999.000,9999.000,9999.000
202607221142,   0.205,   1.000,9999.000,9999.000,9999.000,9999.000,9999.000,9999.000,9999.000
202607221148,   0.194,   0.941,9999.000,9999.000,9999.000,9999.000,9999.000,9999.000,9999.000
202607221154,   0.184,   0.908,9999.000,9999.000,9999.000,9999.000,9999.000,9999.000,9999.000
202607221200,   0.174,   0.951,   0.700,   0.077,   0.951,   0.700,   0.951,   0.700,   0.951
202607221206,   0.166,   0.970,9999.000,9999.000,9999.000,9999.000,9999.000,9999.000,9999.000
202607221212,   0.158,   0.941,9999.000,9999.000,9999.000,9999.000,9999.000,9999.000,9999.000
202607221218,   0.152,   0.908,9999.000,9999.000,9999.000,9999.000,9999.000,9999.000,9999.000
202607221224,   0.146,   0.849,9999.000,9999.000,9999.000,9999.000,9999.000,9999.000,9999.000
202607221230,   0.141,   0.859,9999.000,9999.000,9999.000,9999.000,9999.000,9999.000,9999.000
202607221236,   0.137,   0.918,9999.000,9999.000,9999.000,9999.000,9999.000,9999.000,9999.000
202607221242,   0.134,   0.928,9999.000,9999.000,9999.000,9999.000,9999.000,9999.000,9999.000
202607221248,   0.132,   0.918,9999.000,9999.000,9999.000,9999.000,9999.000,9999.000,9999.000
202607221254,   0.131,   0.908,9999.000,9999.000,9999.000,9999.000,9999.000,9999.000,9999.000
202607221300,   0.131,   0.898,   0.700,   0.067,   0.898,   0.700,   0.898,   0.700,   0.898
202607221306,   0.132,   0.908,9999.000,9999.000,9999.000,9999.000,9999.000,9999.000,9999.000
202607221312,   0.134,   0.951,9999.000,9999.000,9999.000,9999.000,9999.000,9999.000,9999.000
202607221318,   0.137,   0.928,9999.000,9999.000,9999.000,9999.000,9999.000,9999.000,9999.000
202607221324,   0.141,   0.908,9999.000,9999.000,9999.000,9999.000,9999.000,9999.000,9999.000
202607221330,   0.146,   0.908,9999.000,9999.000,9999.000,9999.000,9999.000,9999.000,9999.000
202607221336,   0.152,   0.951,9999.000,9999.000,9999.000,9999.000,9999.000,9999.000,9999.000
202607221342,   0.159,   0.928,9999.000,9999.000,9999.000,9999.000,9999.000,9999.000,9999.000
202607221348,   0.168,   0.908,9999.000,9999.000,9999.000,9999.000,9999.000,9999.000,9999.000
202607221354,   0.177,   0.908,9999.000,9999.000,9999.000,9999.000,9999.000,9999.000,9999.000
202607221400,   0.187,   0.951,   0.700,   0.064,   0.951,   0.700,   0.951,   0.800,   1.051
202607221406,   0.198,   0.970,9999.000,9999.000,9999.000,9999.000,9999.000,9999.000,9999.000
202607221412,   0.210,   0.961,9999.000,9999.000,9999.000,9999.000,9999.000,9999.000,9999.000
202607221418,   0.223,   0.961,9999.000,9999.000,9999.000,9999.000,9999.000,9999.000,9999.000
202607221424,   0.238,   1.029,9999.000,9999.000,9999.000,9999.000,9999.000,9999.000,9999.000
202607221430,   0.253,   1.069,9999.000,9999.000,9999.000,9999.000,9999.000,9999.000,9999.000
202607221436,   0.269,   1.079,9999.000,9999.000,9999.000,9999.000,9999.000,9999.000,9999.000
202607221442,   0.286,   1.039,9999.000,9999.000,9999.000,9999.000,9999.000,9999.000,9999.000
202607221448,   0.304,   1.059,9999.000,9999.000,9999.000,9999.000,9999.000,9999.000,9999.000
202607221454,   0.322,   1.098,9999.000,9999.000,9999.000,9999.000,9999.000,9999.000,9999.000
202607221500,   0.342,   1.161,   0.700,   0.119,   1.161,   0.700,   1.161,   0.800,   1.261
202607221506,   0.362,   1.161,9999.000,9999.000,9999.000,9999.000,9999.000,9999.000,9999.000
202607221512,   0.383,   1.108,9999.000,9999.000,9999.000,9999.000,9999.000,9999.000,9999.000
202607221518,   0.404,   1.108,9999.000,9999.000,9999.000,9999.000,9999.000,9999.000,9999.000
202607221524,   0.427,   1.161,9999.000,9999.000,9999.000,9999.000,9999.000,9999.000,9999.000
202607221530,   0.449,   1.220,9999.000,9999.000,9999.000,9999.000,9999.000,9999.000,9999.000
202607221536,   0.473,   1.308,9999.000,9999.000,9999.000,9999.000,9999.000,9999.000,9999.000
202607221542,   0.496,   1.308,9999.000,9999.000,9999.000,9999.000,9999.000,9999.000,9999.000
202607221548,   0.521,   1.279,9999.000,9999.000,9999.000,9999.000,9999.000,9999.000,9999.000
202607221554,   0.545,   1.279,9999.000,9999.000,9999.000,9999.000,9999.000,9999.000,9999.000
202607221600,   0.570,   1.298,   0.700,   0.028,   1.298,   0.700,   1.298,   0.700,   1.298
202607221606,   0.595,   1.338,9999.000,9999.000,9999.000,9999.000,9999.000,9999.000,9999.000
202607221612,   0.621,   1.380,9999.000,9999.000,9999.000,9999.000,9999.000,9999.000,9999.000
202607221618,   0.646,   1.400,9999.000,9999.000,9999.000,9999.000,9999.000,9999.000,9999.000
202607221624,   0.672,   1.400,9999.000,9999.000,9999.000,9999.000,9999.000,9999.000,9999.000
202607221630,   0.697,   1.420,9999.000,9999.000,9999.000,9999.000,9999.000,9999.000,9999.000
202607221636,   0.723,   1.459,9999.000,9999.000,9999.000,9999.000,9999.000,9999.000,9999.000
202607221642,   0.749,   1.489,9999.000,9999.000,9999.000,9999.000,9999.000,9999.000,9999.000
202607221648,   0.774,   1.528,9999.000,9999.000,9999.000,9999.000,9999.000,9999.000,9999.000
202607221654,   0.800,   1.571,9999.000,9999.000,9999.000,9999.000,9999.000,9999.000,9999.000
202607221700,   0.825,   1.639,   0.700,   0.114,   1.639,   0.700,   1.639,   0.700,   1.639
202607221706,   0.850,   1.689,9999.000,9999.000,9999.000,9999.000,9999.000,9999.000,9999.000
202607221712,   0.874,   1.679,9999.000,9999.000,9999.000,9999.000,9999.000,9999.000,9999.000
202607221718,   0.899,   1.699,9999.000,9999.000,9999.000,9999.000,9999.000,9999.000,9999.000
202607221724,   0.923,   1.748,9999.000,9999.000,9999.000,9999.000,9999.000,9999.000,9999.000
202607221730,   0.946,   1.748,9999.000,9999.000,9999.000,9999.000,9999.000,9999.000,9999.000
202607221736,   0.969,   1.790,9999.000,9999.000,9999.000,9999.000,9999.000,9999.000,9999.000
202607221742,   0.992,   1.800,9999.000,9999.000,9999.000,9999.000,9999.000,9999.000,9999.000
202607221748,   1.014,   1.820,9999.000,9999.000,9999.000,9999.000,9999.000,9999.000,9999.000
202607221754,   1.035,   1.899,9999.000,9999.000,9999.000,9999.000,9999.000,9999.000,9999.000
202607221800,   1.056,   1.948,   0.700,   0.192,   1.948,   0.700,   1.948,   0.800,   2.048
202607221806,   1.076,   1.958,9999.000,9999.000,9999.000,9999.000,9999.000,9999.000,9999.000
202607221812,   1.096,   1.958,9999.000,9999.000,9999.000,9999.000,9999.000,9999.000,9999.000
202607221818,   1.114,   1.967,9999.000,9999.000,9999.000,9999.000,9999.000,9999.000,9999.000
202607221824,   1.132,   2.020,9999.000,9999.000,9999.000,9999.000,9999.000,9999.000,9999.000
202607221830,   1.150,   2.030,9999.000,9999.000,9999.000,9999.000,9999.000,9999.000,9999.000
202607221836,   1.166,   2.049,9999.000,9999.000,9999.000,9999.000,9999.000,9999.000,9999.000
202607221842,   1.182,   2.049,9999.000,9999.000,9999.000,9999.000,9999.000,9999.000,9999.000
202607221848,   1.196,   2.079,9999.000,9999.000,9999.000,9999.000,9999.000,9999.000,9999.000
202607221854,   1.210,   2.099,9999.000,9999.000,9999.000,9999.000,9999.000,9999.000,9999.000
202607221900,   1.223,   2.079,   0.800,   0.056,   2.079,   0.700,   1.979,   0.800,   2.079
202607221906,   1.235,   2.049,9999.000,9999.000,9999.000,9999.000,9999.000,9999.000,9999.000
202607221912,   1.246,   2.079,9999.000,9999.000,9999.000,9999.000,9999.000,9999.000,9999.000
202607221918,   1.255,   2.138,9999.000,9999.000,9999.000,9999.000,9999.000,9999.000,9999.000
202607221924,   1.264,   2.168,9999.000,9999.000,9999.000,9999.000,9999.000,9999.000,9999.000
202607221930,   1.272,   2.177,9999.000,9999.000,9999.000,9999.000,9999.000,9999.000,9999.000
202607221936,   1.278,   2.138,9999.000,9999.000,9999.000,9999.000,9999.000,9999.000,9999.000
202607221942,   1.283,   2.128,9999.000,9999.000,9999.000,9999.000,9999.000,9999.000,9999.000
202607221948,   1.288,   2.128,9999.000,9999.000,9999.000,9999.000,9999.000,9999.000,9999.000
202607221954,   1.291,   2.148,9999.000,9999.000,9999.000,9999.000,9999.000,9999.000,9999.000
202607222000,   1.293,   2.109,   0.800,   0.016,   2.109,   0.800,   2.109,   0.800,   2.109
202607222006,   1.293,   2.069,9999.000,9999.000,9999.000,9999.000,9999.000,9999.000,9999.000
202607222012,   1.293,   2.030,9999.000,9999.000,9999.000,9999.000,9999.000,9999.000,9999.000
202607222018,   1.291,   2.030,9999.000,9999.000,9999.000,9999.000,9999.000,9999.000,9999.000
202607222024,   1.288,   2.059,9999.000,9999.000,9999.000,9999.000,9999.000,9999.000,9999.000
202607222030,   1.284,   2.079,9999.000,9999.000,9999.000,9999.000,9999.000,9999.000,9999.000
202607222036,   1.279,   2.049,9999.000,9999.000,9999.000,9999.000,9999.000,9999.000,9999.000
202607222042,   1.273,   2.020,9999.000,9999.000,9999.000,9999.000,9999.000,9999.000,9999.000
202607222048,   1.266,   2.010,9999.000,9999.000,9999.000,9999.000,9999.000,9999.000,9999.000
202607222054,   1.257,   2.010,9999.000,9999.000,9999.000,9999.000,9999.000,9999.000,9999.000
202607222100,   1.248,   2.030,   0.800,  -0.018,   2.030,   0.800,   2.030,   0.800,   2.030
202607222106,   1.237,   1.990,9999.000,9999.000,9999.000,9999.000,9999.000,9999.000,9999.000
202607222112,   1.226,   1.938,9999.000,9999.000,9999.000,9999.000,9999.000,9999.000,9999.000
202607222118,   1.213,   1.918,9999.000,9999.000,9999.000,9999.000,9999.000,9999.000,9999.000
202607222124,   1.200,   1.928,9999.000,9999.000,9999.000,9999.000,9999.000,9999.000,9999.000
202607222130,   1.185,   1.908,9999.000,9999.000,9999.000,9999.000,9999.000,9999.000,9999.000
202607222136,   1.170,   1.879,9999.000,9999.000,9999.000,9999.000,9999.000,9999.000,9999.000
202607222142,   1.155,   1.869,9999.000,9999.000,9999.000,9999.000,9999.000,9999.000,9999.000
202607222148,   1.138,   1.840,9999.000,9999.000,9999.000,9999.000,9999.000,9999.000,9999.000
202607222154,   1.121,   1.840,9999.000,9999.000,9999.000,9999.000,9999.000,9999.000,9999.000
202607222200,   1.103,   1.830,   0.800,  -0.073,   1.830,   0.800,   1.830,   0.800,   1.830
202607222206,   1.085,   1.859,9999.000,9999.000,9999.000,9999.000,9999.000,9999.000,9999.000
202607222212,   1.066,   1.840,9999.000,9999.000,9999.000,9999.000,9999.000,9999.000,9999.000
202607222218,   1.047,   1.790,9999.000,9999.000,9999.000,9999.000,9999.000,9999.000,9999.000
202607222224,   1.028,   1.748,9999.000,9999.000,9999.000,9999.000,9999.000,9999.000,9999.000
202607222230,   1.008,   1.738,9999.000,9999.000,9999.000,9999.000,9999.000,9999.000,9999.000
202607222236,   0.988,   1.718,9999.000,9999.000,9999.000,9999.000,9999.000,9999.000,9999.000
202607222242,   0.967,   1.718,9999.000,9999.000,9999.000,9999.000,9999.000,9999.000,9999.000
202607222248,   0.947,   1.718,9999.000,9999.000,9999.000,9999.000,9999.000,9999.000,9999.000
202607222254,   0.927,   1.708,9999.000,9999.000,9999.000,9999.000,9999.000,9999.000,9999.000
202607222300,   0.906,   1.679,   0.800,  -0.027,   1.679,   0.800,   1.679,   0.800,   1.679
202607222306,   0.886,   1.649,9999.000,9999.000,9999.000,9999.000,9999.000,9999.000,9999.000
202607222312,   0.865,   1.630,9999.000,9999.000,9999.000,9999.000,9999.000,9999.000,9999.000
202607222318,   0.845,   1.639,9999.000,9999.000,9999.000,9999.000,9999.000,9999.000,9999.000
202607222324,   0.825,   1.630,9999.000,9999.000,9999.000,9999.000,9999.000,9999.000,9999.000
202607222330,   0.805,   1.620,9999.000,9999.000,9999.000,9999.000,9999.000,9999.000,9999.000
202607222336,   0.785,   1.590,9999.000,9999.000,9999.000,9999.000,9999.000,9999.000,9999.000
202607222342,   0.766,   1.548,9999.000,9999.000,9999.000,9999.000,9999.000,9999.000,9999.000
202607222348,   0.747,   1.548,9999.000,9999.000,9999.000,9999.000,9999.000,9999.000,9999.000
202607222354,   0.728,   1.557,9999.000,9999.000,9999.000,9999.000,9999.000,9999.000,9999.000
202607230000,   0.709,   1.557,   0.700,   0.148,   1.557,   0.700,   1.557,   0.800,   1.657
202607230006,   0.692,   1.508,9999.000,9999.000,9999.000,9999.000,9999.000,9999.000,9999.000
202607230012,   0.674,   1.459,9999.000,9999.000,9999.000,9999.000,9999.000,9999.000,9999.000
202607230018,   0.657,   1.410,9999.000,9999.000,9999.000,9999.000,9999.000,9999.000,9999.000
202607230024,   0.641,   1.410,9999.000,9999.000,9999.000,9999.000,9999.000,9999.000,9999.000
202607230030,   0.625,   1.449,9999.000,9999.000,9999.000,9999.000,9999.000,9999.000,9999.000
202607230036,   0.610,   1.479,9999.000,9999.000,9999.000,9999.000,9999.000,9999.000,9999.000
202607230042,   0.595,   1.459,9999.000,9999.000,9999.000,9999.000,9999.000,9999.000,9999.000
202607230048,   0.581,   1.430,9999.000,9999.000,9999.000,9999.000,9999.000,9999.000,9999.000
202607230054,   0.568,   1.400,9999.000,9999.000,9999.000,9999.000,9999.000,9999.000,9999.000
202607230100,   0.555,   1.361,   0.800,   0.006,   1.361,   0.700,   1.261,   0.800,   1.361
202607230106,   0.543,   1.348,9999.000,9999.000,9999.000,9999.000,9999.000,9999.000,9999.000
202607230112,   0.532,   1.361,9999.000,9999.000,9999.000,9999.000,9999.000,9999.000,9999.000
202607230118,   0.521,   1.371,9999.000,9999.000,9999.000,9999.000,9999.000,9999.000,9999.000
202607230124,   0.511,   1.348,9999.000,9999.000,9999.000,9999.000,9999.000,9999.000,9999.000
202607230130,   0.503,   1.348,9999.000,9999.000,9999.000,9999.000,9999.000,9999.000,9999.000
202607230136,   0.495,   1.338,9999.000,9999.000,9999.000,9999.000,9999.000,9999.000,9999.000
202607230142,   0.487,   1.328,9999.000,9999.000,9999.000,9999.000,9999.000,9999.000,9999.000
202607230148,   0.481,   1.308,9999.000,9999.000,9999.000,9999.000,9999.000,9999.000,9999.000
202607230154,   0.476,   1.279,9999.000,9999.000,9999.000,9999.000,9999.000,9999.000,9999.000
202607230200,   0.471,   1.289,   0.800,   0.018,   1.289,   0.700,   1.189,   0.800,   1.289
202607230206,   0.467,   1.289,9999.000,9999.000,9999.000,9999.000,9999.000,9999.000,9999.000
202607230212,   0.464,   1.289,9999.000,9999.000,9999.000,9999.000,9999.000,9999.000,9999.000
202607230218,   0.463,   1.318,9999.000,9999.000,9999.000,9999.000,9999.000,9999.000,9999.000
202607230224,   0.462,   1.308,9999.000,9999.000,9999.000,9999.000,9999.000,9999.000,9999.000
202607230230,   0.461,   1.289,9999.000,9999.000,9999.000,9999.000,9999.000,9999.000,9999.000
202607230236,   0.462,   1.249,9999.000,9999.000,9999.000,9999.000,9999.000,9999.000,9999.000
202607230242,   0.464,   1.249,9999.000,9999.000,9999.000,9999.000,9999.000,9999.000,9999.000
202607230248,   0.466,   1.279,9999.000,9999.000,9999.000,9999.000,9999.000,9999.000,9999.000
202607230254,   0.470,   1.298,9999.000,9999.000,9999.000,9999.000,9999.000,9999.000,9999.000
202607230300,   0.474,   1.298,   0.800,   0.024,   1.298,   0.700,   1.198,   0.800,   1.298
202607230306,   0.479,   1.279,9999.000,9999.000,9999.000,9999.000,9999.000,9999.000,9999.000
202607230312,   0.485,   1.259,9999.000,9999.000,9999.000,9999.000,9999.000,9999.000,9999.000
202607230318,   0.492,   1.269,9999.000,9999.000,9999.000,9999.000,9999.000,9999.000,9999.000
202607230324,   0.499,   1.298,9999.000,9999.000,9999.000,9999.000,9999.000,9999.000,9999.000
202607230330,   0.507,   1.289,9999.000,9999.000,9999.000,9999.000,9999.000,9999.000,9999.000
202607230336,   0.515,   1.298,9999.000,9999.000,9999.000,9999.000,9999.000,9999.000,9999.000
202607230342,   0.524,   1.308,9999.000,9999.000,9999.000,9999.000,9999.000,9999.000,9999.000
202607230348,   0.534,   1.328,9999.000,9999.000,9999.000,9999.000,9999.000,9999.000,9999.000
202607230354,   0.544,   1.361,9999.000,9999.000,9999.000,9999.000,9999.000,9999.000,9999.000
202607230400,   0.555,   1.371,   0.700,   0.116,   1.371,   0.700,   1.371,   0.800,   1.471
202607230406,   0.566,   1.380,9999.000,9999.000,9999.000,9999.000,9999.000,9999.000,9999.000
202607230412,   0.578,   1.390,9999.000,9999.000,9999.000,9999.000,9999.000,9999.000,9999.000
202607230418,   0.589,   1.439,9999.000,9999.000,9999.000,9999.000,9999.000,9999.000,9999.000
202607230424,   0.601,   1.489,9999.000,9999.000,9999.000,9999.000,9999.000,9999.000,9999.000
202607230430,   0.614,   1.489,9999.000,9999.000,9999.000,9999.000,9999.000,9999.000,9999.000
202607230436,   0.626,   1.498,9999.000,9999.000,9999.000,9999.000,9999.000,9999.000,9999.000
202607230442,   0.638,   1.489,9999.000,9999.000,9999.000,9999.000,9999.000,9999.000,9999.000
202607230448,   0.651,   1.538,9999.000,9999.000,9999.000,9999.000,9999.000,9999.000,9999.000
202607230454,   0.663,   1.571,9999.000,9999.000,9999.000,9999.000,9999.000,9999.000,9999.000
202607230500,   0.676,   1.610,   0.700,   0.234,   1.610,   0.700,   1.610,   0.700,   1.610
202607230506,   0.688,   1.600,9999.000,9999.000,9999.000,9999.000,9999.000,9999.000,9999.000
202607230512,   0.700,   1.600,9999.000,9999.000,9999.000,9999.000,9999.000,9999.000,9999.000
202607230518,   0.712,   1.630,9999.000,9999.000,9999.000,9999.000,9999.000,9999.000,9999.000
202607230524,   0.723,   1.649,9999.000,9999.000,9999.000,9999.000,9999.000,9999.000,9999.000
202607230530,   0.735,   1.708,9999.000,9999.000,9999.000,9999.000,9999.000,9999.000,9999.000
202607230536,   0.746,   1.708,9999.000,9999.000,9999.000,9999.000,9999.000,9999.000,9999.000
202607230542,   0.757,   1.738,9999.000,9999.000,9999.000,9999.000,9999.000,9999.000,9999.000
202607230548,   0.767,   1.718,9999.000,9999.000,9999.000,9999.000,9999.000,9999.000,9999.000
202607230554,   0.777,   1.738,9999.000,9999.000,9999.000,9999.000,9999.000,9999.000,9999.000
202607230600,   0.786,   1.748,   0.700,   0.262,   1.748,   0.700,   1.748,   0.700,   1.748
202607230606,   0.795,   1.781,9999.000,9999.000,9999.000,9999.000,9999.000,9999.000,9999.000
202607230612,   0.804,   1.790,9999.000,9999.000,9999.000,9999.000,9999.000,9999.000,9999.000
202607230618,   0.811,   1.781,9999.000,9999.000,9999.000,9999.000,9999.000,9999.000,9999.000
202607230624,   0.819,   1.767,9999.000,9999.000,9999.000,9999.000,9999.000,9999.000,9999.000
202607230630,   0.825,   1.790,9999.000,9999.000,9999.000,9999.000,9999.000,9999.000,9999.000
202607230636,   0.831,   1.820,9999.000,9999.000,9999.000,9999.000,9999.000,9999.000,9999.000
202607230642,   0.837,   1.830,9999.000,9999.000,9999.000,9999.000,9999.000,9999.000,9999.000
202607230648,   0.841,   1.849,9999.000,9999.000,9999.000,9999.000,9999.000,9999.000,9999.000
202607230654,   0.845,   1.849,9999.000,9999.000,9999.000,9999.000,9999.000,9999.000,9999.000
202607230700,   0.848,   1.830,   0.700,   0.282,   1.830,   0.700,   1.830,   0.800,   1.930
202607230706,   0.851,   1.790,9999.000,9999.000,9999.000,9999.000,9999.000,9999.000,9999.000
202607230712,   0.853,   1.800,9999.000,9999.000,9999.000,9999.000,9999.000,9999.000,9999.000
202607230718,   0.854,   1.820,9999.000,9999.000,9999.000,9999.000,9999.000,9999.000,9999.000
202607230724,   0.854,   1.840,9999.000,9999.000,9999.000,9999.000,9999.000,9999.000,9999.000
202607230730,   0.853,   1.830,9999.000,9999.000,9999.000,9999.000,9999.000,9999.000,9999.000
202607230736,   0.852,   1.800,9999.000,9999.000,9999.000,9999.000,9999.000,9999.000,9999.000
202607230742,   0.849,   1.767,9999.000,9999.000,9999.000,9999.000,9999.000,9999.000,9999.000
202607230748,   0.846,   1.738,9999.000,9999.000,9999.000,9999.000,9999.000,9999.000,9999.000
202607230754,   0.842,   1.748,9999.000,9999.000,9999.000,9999.000,9999.000,9999.000,9999.000
202607230800,   0.837,   1.758,   0.800,   0.121,   1.758,   0.700,   1.658,   0.800,   1.758
202607230806,   0.831,   1.748,9999.000,9999.000,9999.000,9999.000,9999.000,9999.000,9999.000
202607230812,   0.825,   1.718,9999.000,9999.000,9999.000,9999.000,9999.000,9999.000,9999.000
202607230818,   0.817,   1.679,9999.000,9999.000,9999.000,9999.000,9999.000,9999.000,9999.000
202607230824,   0.809,   1.679,9999.000,9999.000,9999.000,9999.000,9999.000,9999.000,9999.000
202607230830,   0.800,   1.669,9999.000,9999.000,9999.000,9999.000,9999.000,9999.000,9999.000
202607230836,   0.790,   1.649,9999.000,9999.000,9999.000,9999.000,9999.000,9999.000,9999.000
202607230842,   0.779,   1.630,9999.000,9999.000,9999.000,9999.000,9999.000,9999.000,9999.000
202607230848,   0.767,   1.610,9999.000,9999.000,9999.000,9999.000,9999.000,9999.000,9999.000
202607230854,   0.755,   1.590,9999.000,9999.000,9999.000,9999.000,9999.000,9999.000,9999.000
202607230900,   0.742,   1.600,   0.700,   0.158,   1.600,   0.700,   1.600,   0.800,   1.700
202607230906,   0.728,   1.600,9999.000,9999.000,9999.000,9999.000,9999.000,9999.000,9999.000
202607230912,   0.713,   1.528,9999.000,9999.000,9999.000,9999.000,9999.000,9999.000,9999.000
202607230918,   0.698,   1.518,9999.000,9999.000,9999.000,9999.000,9999.000,9999.000,9999.000
202607230924,   0.682,   1.469,9999.000,9999.000,9999.000,9999.000,9999.000,9999.000,9999.000
202607230930,   0.666,   1.469,9999.000,9999.000,9999.000,9999.000,9999.000,9999.000,9999.000
202607230936,   0.649,   1.469,9999.000,9999.000,9999.000,9999.000,9999.000,9999.000,9999.000
202607230942,   0.632,   1.439,9999.000,9999.000,9999.000,9999.000,9999.000,9999.000,9999.000
202607230948,   0.614,   1.390,9999.000,9999.000,9999.000,9999.000,9999.000,9999.000,9999.000
202607230954,   0.596,   1.338,9999.000,9999.000,9999.000,9999.000,9999.000,9999.000,9999.000
202607231000,   0.577,   1.338,   0.700,   0.061,   1.338,   0.700,   1.338,   0.800,   1.438
202607231006,   0.559,   1.380,9999.000,9999.000,9999.000,9999.000,9999.000,9999.000,9999.000
202607231012,   0.540,   1.371,9999.000,9999.000,9999.000,9999.000,9999.000,9999.000,9999.000
202607231018,   0.521,   1.298,9999.000,9999.000,9999.000,9999.000,9999.000,9999.000,9999.000
202607231024,   0.502,   1.249,9999.000,9999.000,9999.000,9999.000,9999.000,9999.000,9999.000
202607231030,   0.482,   1.239,9999.000,9999.000,9999.000,9999.000,9999.000,9999.000,9999.000
202607231036,   0.463,   1.259,9999.000,9999.000,9999.000,9999.000,9999.000,9999.000,9999.000
202607231042,   0.444,   1.279,9999.000,9999.000,9999.000,9999.000,9999.000,9999.000,9999.000
202607231048,   0.425,   1.239,9999.000,9999.000,9999.000,9999.000,9999.000,9999.000,9999.000
202607231054,   0.407,   1.170,9999.000,9999.000,9999.000,9999.000,9999.000,9999.000,9999.000
202607231100,   0.388,   1.151,   0.700,   0.063,   1.151,   0.700,   1.151,   0.800,   1.251
202607231106,   0.370,   1.138,9999.000,9999.000,9999.000,9999.000,9999.000,9999.000,9999.000
202607231112,   0.352,   1.170,9999.000,9999.000,9999.000,9999.000,9999.000,9999.000,9999.000
202607231118,   0.335,   1.151,9999.000,9999.000,9999.000,9999.000,9999.000,9999.000,9999.000
202607231124,   0.318,   1.079,9999.000,9999.000,9999.000,9999.000,9999.000,9999.000,9999.000
202607231130,   0.302,   1.010,9999.000,9999.000,9999.000,9999.000,9999.000,9999.000,9999.000
202607231136,   0.286,   1.010,9999.000,9999.000,9999.000,9999.000,9999.000,9999.000,9999.000
202607231142,   0.270,   1.029,9999.000,9999.000,9999.000,9999.000,9999.000,9999.000,9999.000
202607231148,   0.255,   1.049,9999.000,9999.000,9999.000,9999.000,9999.000,9999.000,9999.000
202607231154,   0.241,   1.029,9999.000,9999.000,9999.000,9999.000,9999.000,9999.000,9999.000
202607231200,   0.228,   0.970,   0.700,   0.042,   0.970,   0.700,   0.970,   0.700,   0.970
202607231206,   0.215,   0.918,9999.000,9999.000,9999.000,9999.000,9999.000,9999.000,9999.000
202607231212,   0.203,   0.918,9999.000,9999.000,9999.000,9999.000,9999.000,9999.000,9999.000
202607231218,   0.191,   0.941,9999.000,9999.000,9999.000,9999.000,9999.000,9999.000,9999.000
202607231224,   0.180,   0.908,9999.000,9999.000,9999.000,9999.000,9999.000,9999.000,9999.000
202607231230,   0.170,   0.941,9999.000,9999.000,9999.000,9999.000,9999.000,9999.000,9999.000
202607231236,   0.161,   0.918,9999.000,9999.000,9999.000,9999.000,9999.000,9999.000,9999.000
202607231242,   0.152,   0.888,9999.000,9999.000,9999.000,9999.000,9999.000,9999.000,9999.000
202607231248,   0.145,   0.859,9999.000,9999.000,9999.000,9999.000,9999.000,9999.000,9999.000
202607231254,   0.138,   0.859,9999.000,9999.000,9999.000,9999.000,9999.000,9999.000,9999.000
202607231300,   0.132,   0.879,   0.700,   0.047,   0.879,   0.700,   0.879,   0.700,   0.879
202607231306,   0.126,   0.869,9999.000,9999.000,9999.000,9999.000,9999.000,9999.000,9999.000
202607231312,   0.122,   0.908,9999.000,9999.000,9999.000,9999.000,9999.000,9999.000,9999.000
202607231318,   0.118,   0.869,9999.000,9999.000,9999.000,9999.000,9999.000,9999.000,9999.000
202607231324,   0.116,   0.869,9999.000,9999.000,9999.000,9999.000,9999.000,9999.000,9999.000
202607231330,   0.114,   0.859,9999.000,9999.000,9999.000,9999.000,9999.000,9999.000,9999.000
202607231336,   0.113,   0.849,9999.000,9999.000,9999.000,9999.000,9999.000,9999.000,9999.000
202607231342,   0.113,   0.888,9999.000,9999.000,9999.000,9999.000,9999.000,9999.000,9999.000
202607231348,   0.113,   0.888,9999.000,9999.000,9999.000,9999.000,9999.000,9999.000,9999.000
202607231354,   0.115,   0.879,9999.000,9999.000,9999.000,9999.000,9999.000,9999.000,9999.000
202607231400,   0.118,   0.829,   0.700,   0.011,   0.829,   0.700,   0.829,   0.700,   0.829
202607231406,   0.121,   0.819,9999.000,9999.000,9999.000,9999.000,9999.000,9999.000,9999.000
202607231412,   0.126,   0.859,9999.000,9999.000,9999.000,9999.000,9999.000,9999.000,9999.000
202607231418,   0.131,   0.898,9999.000,9999.000,9999.000,9999.000,9999.000,9999.000,9999.000
202607231424,   0.137,   0.928,9999.000,9999.000,9999.000,9999.000,9999.000,9999.000,9999.000
202607231430,   0.145,   0.918,9999.000,9999.000,9999.000,9999.000,9999.000,9999.000,9999.000
202607231436,   0.153,   0.898,9999.000,9999.000,9999.000,9999.000,9999.000,9999.000,9999.000
202607231442,   0.162,   0.869,9999.000,9999.000,9999.000,9999.000,9999.000,9999.000,9999.000
202607231448,   0.172,   0.898,9999.000,9999.000,9999.000,9999.000,9999.000,9999.000,9999.000
202607231454,   0.183,   0.961,9999.000,9999.000,9999.000,9999.000,9999.000,9999.000,9999.000
202607231500,   0.195,   1.010,   0.700,   0.115,   1.010,   0.700,   1.010,   0.800,   1.110
202607231506,   0.208,   1.020,9999.000,9999.000,9999.000,9999.000,9999.000,9999.000,9999.000
202607231512,   0.221,   0.970,9999.000,9999.000,9999.000,9999.000,9999.000,9999.000,9999.000
202607231518,   0.236,   0.951,9999.000,9999.000,9999.000,9999.000,9999.000,9999.000,9999.000
202607231524,   0.251,   0.980,9999.000,9999.000,9999.000,9999.000,9999.000,9999.000,9999.000
202607231530,   0.268,   1.049,9999.000,9999.000,9999.000,9999.000,9999.000,9999.000,9999.000
202607231536,   0.285,   1.128,9999.000,9999.000,9999.000,9999.000,9999.000,9999.000,9999.000
202607231542,   0.303,   1.118,9999.000,9999.000,9999.000,9999.000,9999.000,9999.000,9999.000
202607231548,   0.321,   1.069,9999.000,9999.000,9999.000,9999.000,9999.000,9999.000,9999.000
202607231554,   0.341,   1.069,9999.000,9999.000,9999.000,9999.000,9999.000,9999.000,9999.000
202607231600,   0.361,   1.079,   0.700,   0.018,   1.079,   0.700,   1.079,   0.800,   1.179
202607231606,   0.382,   1.161,9999.000,9999.000,9999.000,9999.000,9999.000,9999.000,9999.000
202607231612,   0.403,   1.210,9999.000,9999.000,9999.000,9999.000,9999.000,9999.000,9999.000
202607231618,   0.425,   1.259,9999.000,9999.000,9999.000,9999.000,9999.000,9999.000,9999.000
202607231624,   0.447,   1.220,9999.000,9999.000,9999.000,9999.000,9999.000,9999.000,9999.000
202607231630,   0.470,   1.229,9999.000,9999.000,9999.000,9999.000,9999.000,9999.000,9999.000
202607231636,   0.494,   1.239,9999.000,9999.000,9999.000,9999.000,9999.000,9999.000,9999.000
202607231642,   0.518,   1.298,9999.000,9999.000,9999.000,9999.000,9999.000,9999.000,9999.000
202607231648,   0.542,   1.361,9999.000,9999.000,9999.000,9999.000,9999.000,9999.000,9999.000
202607231654,   0.566,   1.371,9999.000,9999.000,9999.000,9999.000,9999.000,9999.000,9999.000
202607231700,   0.591,   1.400,   0.700,   0.109,   1.400,   0.700,   1.400,   0.700,   1.400
202607231706,   0.616,   1.410,9999.000,9999.000,9999.000,9999.000,9999.000,9999.000,9999.000
202607231712,   0.641,   1.469,9999.000,9999.000,9999.000,9999.000,9999.000,9999.000,9999.000
202607231718,   0.666,   1.498,9999.000,9999.000,9999.000,9999.000,9999.000,9999.000,9999.000
202607231724,   0.691,   1.538,9999.000,9999.000,9999.000,9999.000,9999.000,9999.000,9999.000
202607231730,   0.717,   1.580,9999.000,9999.000,9999.000,9999.000,9999.000,9999.000,9999.000
202607231736,   0.742,   1.600,9999.000,9999.000,9999.000,9999.000,9999.000,9999.000,9999.000
202607231742,   0.767,   1.620,9999.000,9999.000,9999.000,9999.000,9999.000,9999.000,9999.000
202607231748,   0.792,   1.630,9999.000,9999.000,9999.000,9999.000,9999.000,9999.000,9999.000
202607231754,   0.817,   1.679,9999.000,9999.000,9999.000,9999.000,9999.000,9999.000,9999.000
202607231800,   0.841,   1.728,   0.800,   0.087,   1.728,   0.800,   1.728,   0.800,   1.728
202607231806,   0.866,   1.800,9999.000,9999.000,9999.000,9999.000,9999.000,9999.000,9999.000
202607231812,   0.890,   1.800,9999.000,9999.000,9999.000,9999.000,9999.000,9999.000,9999.000
202607231818,   0.914,   1.758,9999.000,9999.000,9999.000,9999.000,9999.000,9999.000,9999.000
202607231824,   0.937,   1.758,9999.000,9999.000,9999.000,9999.000,9999.000,9999.000,9999.000
202607231830,   0.960,   1.849,9999.000,9999.000,9999.000,9999.000,9999.000,9999.000,9999.000
202607231836,   0.983,   1.958,9999.000,9999.000,9999.000,9999.000,9999.000,9999.000,9999.000
202607231842,   1.005,   1.958,9999.000,9999.000,9999.000,9999.000,9999.000,9999.000,9999.000
202607231848,   1.027,   1.948,9999.000,9999.000,9999.000,9999.000,9999.000,9999.000,9999.000
202607231854,   1.048,   1.948,9999.000,9999.000,9999.000,9999.000,9999.000,9999.000,9999.000
202607231900,   1.068,   1.990,   0.800,   0.122,   1.990,   0.800,   1.990,   0.800,   1.990
202607231906,   1.088,   2.059,9999.000,9999.000,9999.000,9999.000,9999.000,9999.000,9999.000
202607231912,   1.107,   2.069,9999.000,9999.000,9999.000,9999.000,9999.000,9999.000,9999.000
202607231918,   1.125,   2.049,9999.000,9999.000,9999.000,9999.000,9999.000,9999.000,9999.000
202607231924,   1.143,   2.099,9999.000,9999.000,9999.000,9999.000,9999.000,9999.000,9999.000
202607231930,   1.159,   2.128,9999.000,9999.000,9999.000,9999.000,9999.000,9999.000,9999.000
202607231936,   1.175,   2.148,9999.000,9999.000,9999.000,9999.000,9999.000,9999.000,9999.000
202607231942,   1.190,   2.158,9999.000,9999.000,9999.000,9999.000,9999.000,9999.000,9999.000
202607231948,   1.205,   2.138,9999.000,9999.000,9999.000,9999.000,9999.000,9999.000,9999.000
202607231954,   1.218,   2.118,9999.000,9999.000,9999.000,9999.000,9999.000,9999.000,9999.000
202607232000,   1.230,   2.109,   0.800,   0.079,   2.109,   0.800,   2.109,   0.800,   2.109
202607232006,   1.241,   2.138,9999.000,9999.000,9999.000,9999.000,9999.000,9999.000,9999.000
202607232012,   1.252,   2.191,9999.000,9999.000,9999.000,9999.000,9999.000,9999.000,9999.000
202607232018,   1.261,   2.210,9999.000,9999.000,9999.000,9999.000,9999.000,9999.000,9999.000
202607232024,   1.269,   2.168,9999.000,9999.000,9999.000,9999.000,9999.000,9999.000,9999.000
202607232030,   1.276,   2.138,9999.000,9999.000,9999.000,9999.000,9999.000,9999.000,9999.000
202607232036,   1.282,   2.118,9999.000,9999.000,9999.000,9999.000,9999.000,9999.000,9999.000
202607232042,   1.286,   2.158,9999.000,9999.000,9999.000,9999.000,9999.000,9999.000,9999.000
202607232048,   1.290,   2.158,9999.000,9999.000,9999.000,9999.000,9999.000,9999.000,9999.000
202607232054,   1.292,   2.138,9999.000,9999.000,9999.000,9999.000,9999.000,9999.000,9999.000
202607232100,   1.293,   2.099,   0.800,   0.006,   2.099,   0.800,   2.099,   0.800,   2.099
202607232106,   1.293,   2.079,9999.000,9999.000,9999.000,9999.000,9999.000,9999.000,9999.000
202607232112,   1.292,   2.099,9999.000,9999.000,9999.000,9999.000,9999.000,9999.000,9999.000
202607232118,   1.289,   2.109,9999.000,9999.000,9999.000,9999.000,9999.000,9999.000,9999.000
202607232124,   1.286,   2.089,9999.000,9999.000,9999.000,9999.000,9999.000,9999.000,9999.000
202607232130,   1.281,   2.040,9999.000,9999.000,9999.000,9999.000,9999.000,9999.000,9999.000
202607232136,   1.275,   2.010,9999.000,9999.000,9999.000,9999.000,9999.000,9999.000,9999.000
202607232142,   1.268,   2.000,9999.000,9999.000,9999.000,9999.000,9999.000,9999.000,9999.000
202607232148,   1.259,   2.020,9999.000,9999.000,9999.000,9999.000,9999.000,9999.000,9999.000
202607232154,   1.250,   2.020,9999.000,9999.000,9999.000,9999.000,9999.000,9999.000,9999.000
202607232200,   1.240,   2.000,   0.800,  -0.040,   2.000,   0.800,   2.000,   0.800,   2.000
202607232206,   1.229,   1.967,9999.000,9999.000,9999.000,9999.000,9999.000,9999.000,9999.000
202607232212,   1.216,   1.948,9999.000,9999.000,9999.000,9999.000,9999.000,9999.000,9999.000
202607232218,   1.203,   1.928,9999.000,9999.000,9999.000,9999.000,9999.000,9999.000,9999.000
202607232224,   1.189,   1.948,9999.000,9999.000,9999.000,9999.000,9999.000,9999.000,9999.000
202607232230,   1.174,   1.938,9999.000,9999.000,9999.000,9999.000,9999.000,9999.000,9999.000
202607232236,   1.159,   1.899,9999.000,9999.000,9999.000,9999.000,9999.000,9999.000,9999.000
202607232242,   1.142,   1.849,9999.000,9999.000,9999.000,9999.000,9999.000,9999.000,9999.000
202607232248,   1.125,   1.849,9999.000,9999.000,9999.000,9999.000,9999.000,9999.000,9999.000
202607232254,   1.108,   1.849,9999.000,9999.000,9999.000,9999.000,9999.000,9999.000,9999.000
202607232300,   1.090,   1.889,   0.800,  -0.001,   1.889,   0.800,   1.889,   0.800,   1.889
202607232306,   1.071,   1.889,9999.000,9999.000,9999.000,9999.000,9999.000,9999.000,9999.000
202607232312,   1.052,   1.840,9999.000,9999.000,9999.000,9999.000,9999.000,9999.000,9999.000
202607232318,   1.033,   1.781,9999.000,9999.000,9999.000,9999.000,9999.000,9999.000,9999.000
202607232324,   1.013,   1.748,9999.000,9999.000,9999.000,9999.000,9999.000,9999.000,9999.000
202607232330,   0.993,   1.767,9999.000,9999.000,9999.000,9999.000,9999.000,9999.000,9999.000
202607232336,   0.973,   1.790,9999.000,9999.000,9999.000,9999.000,9999.000,9999.000,9999.000
202607232342,   0.953,   1.781,9999.000,9999.000,9999.000,9999.000,9999.000,9999.000,9999.000
202607232348,   0.932,   1.718,9999.000,9999.000,9999.000,9999.000,9999.000,9999.000,9999.000
202607232354,   0.912,   1.649,9999.000,9999.000,9999.000,9999.000,9999.000,9999.000,9999.000
202607240000,   0.891,   1.630,   0.700,   0.039,   1.630,   0.700,   1.630,   0.800,   1.730
202607240006,   0.871,   1.659,9999.000,9999.000,9999.000,9999.000,9999.000,9999.000,9999.000
202607240012,   0.851,   1.639,9999.000,9999.000,9999.000,9999.000,9999.000,9999.000,9999.000
202607240018,   0.831,   1.610,9999.000,9999.000,9999.000,9999.000,9999.000,9999.000,9999.000
202607240024,   0.811,   1.528,9999.000,9999.000,9999.000,9999.000,9999.000,9999.000,9999.000
202607240030,   0.791,   1.508,9999.000,9999.000,9999.000,9999.000,9999.000,9999.000,9999.000
202607240036,   0.772,   1.538,9999.000,9999.000,9999.000,9999.000,9999.000,9999.000,9999.000
202607240042,   0.752,   1.580,9999.000,9999.000,9999.000,9999.000,9999.000,9999.000,9999.000
202607240048,   0.734,   1.538,9999.000,9999.000,9999.000,9999.000,9999.000,9999.000,9999.000
202607240054,   0.715,   1.449,9999.000,9999.000,9999.000,9999.000,9999.000,9999.000,9999.000
202607240100,   0.697,   1.420,   0.700,   0.023,   1.420,   0.700,   1.420,   0.800,   1.520
202607240106,   0.679,   1.410,9999.000,9999.000,9999.000,9999.000,9999.000,9999.000,9999.000
202607240112,   0.662,   1.430,9999.000,9999.000,9999.000,9999.000,9999.000,9999.000,9999.000
202607240118,   0.646,   1.439,9999.000,9999.000,9999.000,9999.000,9999.000,9999.000,9999.000
202607240124,   0.630,   1.400,9999.000,9999.000,9999.000,9999.000,9999.000,9999.000,9999.000
202607240130,   0.614,   1.371,9999.000,9999.000,9999.000,9999.000,9999.000,9999.000,9999.000
202607240136,   0.599,   1.308,9999.000,9999.000,9999.000,9999.000,9999.000,9999.000,9999.000
202607240142,   0.584,   1.318,9999.000,9999.000,9999.000,9999.000,9999.000,9999.000,9999.000
202607240148,   0.570,   1.308,9999.000,9999.000,9999.000,9999.000,9999.000,9999.000,9999.000
202607240154,   0.557,   1.328,9999.000,9999.000,9999.000,9999.000,9999.000,9999.000,9999.000
202607240200,   0.545,   1.279,   0.700,   0.034,   1.279,   0.700,   1.279,   0.800,   1.379
202607240206,   0.533,   1.279,9999.000,9999.000,9999.000,9999.000,9999.000,9999.000,9999.000
202607240212,   0.522,   1.269,9999.000,9999.000,9999.000,9999.000,9999.000,9999.000,9999.000
202607240218,   0.511,   1.249,9999.000,9999.000,9999.000,9999.000,9999.000,9999.000,9999.000
202607240224,   0.502,   1.259,9999.000,9999.000,9999.000,9999.000,9999.000,9999.000,9999.000
202607240230,   0.493,   1.239,9999.000,9999.000,9999.000,9999.000,9999.000,9999.000,9999.000
202607240236,   0.485,   1.210,9999.000,9999.000,9999.000,9999.000,9999.000,9999.000,9999.000
202607240242,   0.477,   1.210,9999.000,9999.000,9999.000,9999.000,9999.000,9999.000,9999.000
202607240248,   0.471,   1.190,9999.000,9999.000,9999.000,9999.000,9999.000,9999.000,9999.000
202607240254,   0.465,   1.161,9999.000,9999.000,9999.000,9999.000,9999.000,9999.000,9999.000
202607240300,   0.460,   1.170,   0.700,   0.010,   1.170,   0.700,   1.170,   0.700,   1.170
202607240306,   0.457,   1.200,9999.000,9999.000,9999.000,9999.000,9999.000,9999.000,9999.000
202607240312,   0.453,   1.190,9999.000,9999.000,9999.000,9999.000,9999.000,9999.000,9999.000
202607240318,   0.451,   1.180,9999.000,9999.000,9999.000,9999.000,9999.000,9999.000,9999.000
202607240324,   0.450,   1.151,9999.000,9999.000,9999.000,9999.000,9999.000,9999.000,9999.000
202607240330,   0.449,   1.170,9999.000,9999.000,9999.000,9999.000,9999.000,9999.000,9999.000
202607240336,   0.450,   1.180,9999.000,9999.000,9999.000,9999.000,9999.000,9999.000,9999.000
202607240342,   0.451,   1.220,9999.000,9999.000,9999.000,9999.000,9999.000,9999.000,9999.000
202607240348,   0.453,   1.200,9999.000,9999.000,9999.000,9999.000,9999.000,9999.000,9999.000
202607240354,   0.456,   1.190,9999.000,9999.000,9999.000,9999.000,9999.000,9999.000,9999.000
202607240400,   0.459,   1.180,   0.700,   0.021,   1.180,   0.700,   1.180,   0.700,   1.180
202607240406,   0.464,   1.190,9999.000,9999.000,9999.000,9999.000,9999.000,9999.000,9999.000
202607240412,   0.469,   1.249,9999.000,9999.000,9999.000,9999.000,9999.000,9999.000,9999.000
202607240418,   0.474,   1.269,9999.000,9999.000,9999.000,9999.000,9999.000,9999.000,9999.000
202607240424,   0.481,   1.259,9999.000,9999.000,9999.000,9999.000,9999.000,9999.000,9999.000
202607240430,   0.488,   1.220,9999.000,9999.000,9999.000,9999.000,9999.000,9999.000,9999.000
202607240436,   0.495,   1.239,9999.000,9999.000,9999.000,9999.000,9999.000,9999.000,9999.000
202607240442,   0.503,   1.308,9999.000,9999.000,9999.000,9999.000,9999.000,9999.000,9999.000
202607240448,   0.512,   1.361,9999.000,9999.000,9999.000,9999.000,9999.000,9999.000,9999.000
202607240454,   0.521,   1.371,9999.000,9999.000,9999.000,9999.000,9999.000,9999.000,9999.000
202607240500,   0.530,   1.298,   0.700,   0.068,   1.298,   0.700,   1.298,   0.700,   1.298
202607240506,   0.540,   1.308,9999.000,9999.000,9999.000,9999.000,9999.000,9999.000,9999.000
202607240512,   0.550,   1.361,9999.000,9999.000,9999.000,9999.000,9999.000,9999.000,9999.000
202607240518,   0.561,   1.439,9999.000,9999.000,9999.000,9999.000,9999.000,9999.000,9999.000
202607240524,   0.571,   1.459,9999.000,9999.000,9999.000,9999.000,9999.000,9999.000,9999.000
202607240530,   0.582,   1.410,9999.000,9999.000,9999.000,9999.000,9999.000,9999.000,9999.000
202607240536,   0.593,   1.380,9999.000,9999.000,9999.000,9999.000,9999.000,9999.000,9999.000
202607240542,   0.604,   1.380,9999.000,9999.000,9999.000,9999.000,9999.000,9999.000,9999.000
202607240548,   0.615,   1.439,9999.000,9999.000,9999.000,9999.000,9999.000,9999.000,9999.000
202607240554,   0.626,   1.528,9999.000,9999.000,9999.000,9999.000,9999.000,9999.000,9999.000
202607240600,   0.637,   1.548,   0.700,   0.211,   1.548,   0.700,   1.548,   0.700,   1.548
202607240606,   0.648,   1.528,9999.000,9999.000,9999.000,9999.000,9999.000,9999.000,9999.000
202607240612,   0.658,   1.508,9999.000,9999.000,9999.000,9999.000,9999.000,9999.000,9999.000
202607240618,   0.669,   1.528,9999.000,9999.000,9999.000,9999.000,9999.000,9999.000,9999.000
202607240624,   0.679,   1.571,9999.000,9999.000,9999.000,9999.000,9999.000,9999.000,9999.000
202607240630,   0.689,   1.630,9999.000,9999.000,9999.000,9999.000,9999.000,9999.000,9999.000
202607240636,   0.699,   1.639,9999.000,9999.000,9999.000,9999.000,9999.000,9999.000,9999.000
202607240642,   0.708,   1.600,9999.000,9999.000,9999.000,9999.000,9999.000,9999.000,9999.000
202607240648,   0.717,   1.580,9999.000,9999.000,9999.000,9999.000,9999.000,9999.000,9999.000
202607240654,   0.725,   1.610,9999.000,9999.000,9999.000,9999.000,9999.000,9999.000,9999.000
202607240700,   0.733,   1.649,   0.700,   0.216,   1.649,   0.700,   1.649,   0.700,   1.649
202607240706,   0.741,   1.679,9999.000,9999.000,9999.000,9999.000,9999.000,9999.000,9999.000
202607240712,   0.748,   1.659,9999.000,9999.000,9999.000,9999.000,9999.000,9999.000,9999.000
202607240718,   0.754,   1.679,9999.000,9999.000,9999.000,9999.000,9999.000,9999.000,9999.000
202607240724,   0.760,   1.669,9999.000,9999.000,9999.000,9999.000,9999.000,9999.000,9999.000
202607240730,   0.766,   1.659,9999.000,9999.000,9999.000,9999.000,9999.000,9999.000,9999.000
202607240736,   0.771,   1.689,9999.000,9999.000,9999.000,9999.000,9999.000,9999.000,9999.000
202607240742,   0.775,   1.708,9999.000,9999.000,9999.000,9999.000,9999.000,9999.000,9999.000
202607240748,   0.778,   1.699,9999.000,9999.000,9999.000,9999.000,9999.000,9999.000,9999.000
202607240754,   0.781,   1.669,9999.000,9999.000,9999.000,9999.000,9999.000,9999.000,9999.000
202607240800,   0.783,   1.649,   0.700,   0.166,   1.649,   0.700,   1.649,   0.700,   1.649
202607240806,   0.784,   1.679,9999.000,9999.000,9999.000,9999.000,9999.000,9999.000,9999.000
202607240812,   0.785,   1.689,9999.000,9999.000,9999.000,9999.000,9999.000,9999.000,9999.000
202607240818,   0.785,   1.679,9999.000,9999.000,9999.000,9999.000,9999.000,9999.000,9999.000
202607240824,   0.784,   1.620,9999.000,9999.000,9999.000,9999.000,9999.000,9999.000,9999.000
202607240830,   0.782,   1.620,9999.000,9999.000,9999.000,9999.000,9999.000,9999.000,9999.000
202607240836,   0.780,   1.610,9999.000,9999.000,9999.000,9999.000,9999.000,9999.000,9999.000
202607240842,   0.776,   1.639,9999.000,9999.000,9999.000,9999.000,9999.000,9999.000,9999.000
202607240848,   0.772,   1.649,9999.000,9999.000,9999.000,9999.000,9999.000,9999.000,9999.000
202607240854,   0.767,   1.610,9999.000,9999.000,9999.000,9999.000,9999.000,9999.000,9999.000
202607240900,   0.761,   1.548,   0.700,   0.087,   1.548,   0.700,   1.548,   0.700,   1.548
202607240906,   0.755,   1.518,9999.000,9999.000,9999.000,9999.000,9999.000,9999.000,9999.000
202607240912,   0.747,   1.528,9999.000,9999.000,9999.000,9999.000,9999.000,9999.000,9999.000
202607240918,   0.739,   1.538,9999.000,9999.000,9999.000,9999.000,9999.000,9999.000,9999.000
202607240924,   0.730,   1.557,9999.000,9999.000,9999.000,9999.000,9999.000,9999.000,9999.000
202607240930,   0.720,   1.518,9999.000,9999.000,9999.000,9999.000,9999.000,9999.000,9999.000
202607240936,   0.709,   1.459,9999.000,9999.000,9999.000,9999.000,9999.000,9999.000,9999.000
202607240942,   0.697,   1.410,9999.000,9999.000,9999.000,9999.000,9999.000,9999.000,9999.000
202607240948,   0.685,   1.390,9999.000,9999.000,9999.000,9999.000,9999.000,9999.000,9999.000
202607240954,   0.672,   1.439,9999.000,9999.000,9999.000,9999.000,9999.000,9999.000,9999.000
202607241000,   0.659,   1.449,   0.700,   0.090,   1.449,   0.700,   1.449,   0.700,   1.449
202607241006,   0.644,   1.400,9999.000,9999.000,9999.000,9999.000,9999.000,9999.000,9999.000
202607241012,   0.630,   1.328,9999.000,9999.000,9999.000,9999.000,9999.000,9999.000,9999.000
202607241018,   0.614,   1.298,9999.000,9999.000,9999.000,9999.000,9999.000,9999.000,9999.000
202607241024,   0.598,   1.298,9999.000,9999.000,9999.000,9999.000,9999.000,9999.000,9999.000
202607241030,   0.582,   1.289,9999.000,9999.000,9999.000,9999.000,9999.000,9999.000,9999.000
202607241036,   0.565,   1.279,9999.000,9999.000,9999.000,9999.000,9999.000,9999.000,9999.000
202607241042,   0.548,   1.229,9999.000,9999.000,9999.000,9999.000,9999.000,9999.000,9999.000
202607241048,   0.530,   1.210,9999.000,9999.000,9999.000,9999.000,9999.000,9999.000,9999.000
202607241054,   0.512,   1.180,9999.000,9999.000,9999.000,9999.000,9999.000,9999.000,9999.000
202607241100,   0.494,   1.170,   0.700,  -0.024,   1.170,   0.700,   1.170,   0.700,   1.170
202607241106,   0.476,   1.161,9999.000,9999.000,9999.000,9999.000,9999.000,9999.000,9999.000
202607241112,   0.458,   1.138,9999.000,9999.000,9999.000,9999.000,9999.000,9999.000,9999.000
202607241118,   0.440,   1.118,9999.000,9999.000,9999.000,9999.000,9999.000,9999.000,9999.000
202607241124,   0.421,   1.108,9999.000,9999.000,9999.000,9999.000,9999.000,9999.000,9999.000
202607241130,   0.403,   1.088,9999.000,9999.000,9999.000,9999.000,9999.000,9999.000,9999.000
202607241136,   0.385,   1.079,9999.000,9999.000,9999.000,9999.000,9999.000,9999.000,9999.000
202607241142,   0.368,   1.069,9999.000,9999.000,9999.000,9999.000,9999.000,9999.000,9999.000
202607241148,   0.350,   1.029,9999.000,9999.000,9999.000,9999.000,9999.000,9999.000,9999.000
202607241154,   0.333,   1.010,9999.000,9999.000,9999.000,9999.000,9999.000,9999.000,9999.000
202607241200,   0.316,   0.990,   0.600,   0.074,   0.990,   0.600,   0.990,   0.600,   0.990
202607241206,   0.299,   0.970,9999.000,9999.000,9999.000,9999.000,9999.000,9999.000,9999.000
202607241212,   0.283,   0.961,9999.000,9999.000,9999.000,9999.000,9999.000,9999.000,9999.000
202607241218,   0.268,   0.961,9999.000,9999.000,9999.000,9999.000,9999.000,9999.000,9999.000
202607241224,   0.253,   0.951,9999.000,9999.000,9999.000,9999.000,9999.000,9999.000,9999.000
202607241230,   0.238,   0.941,9999.000,9999.000,9999.000,9999.000,9999.000,9999.000,9999.000
202607241236,   0.224,   0.918,9999.000,9999.000,9999.000,9999.000,9999.000,9999.000,9999.000
202607241242,   0.211,   0.888,9999.000,9999.000,9999.000,9999.000,9999.000,9999.000,9999.000
202607241248,   0.198,   0.869,9999.000,9999.000,9999.000,9999.000,9999.000,9999.000,9999.000
202607241254,   0.186,   0.849,9999.000,9999.000,9999.000,9999.000,9999.000,9999.000,9999.000
202607241300,   0.174,   0.829,   0.600,   0.055,   0.829,   0.600,   0.829,   0.700,   0.929
202607241306,   0.163,   0.810,9999.000,9999.000,9999.000,9999.000,9999.000,9999.000,9999.000
202607241312,   0.153,   0.810,9999.000,9999.000,9999.000,9999.000,9999.000,9999.000,9999.000
202607241318,   0.144,   0.800,9999.000,9999.000,9999.000,9999.000,9999.000,9999.000,9999.000
202607241324,   0.135,   0.829,9999.000,9999.000,9999.000,9999.000,9999.000,9999.000,9999.000
202607241330,   0.127,   0.829,9999.000,9999.000,9999.000,9999.000,9999.000,9999.000,9999.000
202607241336,   0.120,   0.780,9999.000,9999.000,9999.000,9999.000,9999.000,9999.000,9999.000
202607241342,   0.114,   0.718,9999.000,9999.000,9999.000,9999.000,9999.000,9999.000,9999.000
202607241348,   0.108,   0.731,9999.000,9999.000,9999.000,9999.000,9999.000,9999.000,9999.000
202607241354,   0.104,   0.760,9999.000,9999.000,9999.000,9999.000,9999.000,9999.000,9999.000
202607241400,   0.100,   0.780,   0.600,   0.080,   0.780,   0.600,   0.780,   0.700,   0.880
202607241406,   0.096,   0.780,9999.000,9999.000,9999.000,9999.000,9999.000,9999.000,9999.000
202607241412,   0.094,   0.760,9999.000,9999.000,9999.000,9999.000,9999.000,9999.000,9999.000
202607241418,   0.092,   0.751,9999.000,9999.000,9999.000,9999.000,9999.000,9999.000,9999.000
202607241424,   0.092,   0.751,9999.000,9999.000,9999.000,9999.000,9999.000,9999.000,9999.000
202607241430,   0.092,   0.751,9999.000,9999.000,9999.000,9999.000,9999.000,9999.000,9999.000
202607241436,   0.093,   0.760,9999.000,9999.000,9999.000,9999.000,9999.000,9999.000,9999.000
202607241442,   0.095,   0.800,9999.000,9999.000,9999.000,9999.000,9999.000,9999.000,9999.000
202607241448,   0.097,   0.751,9999.000,9999.000,9999.000,9999.000,9999.000,9999.000,9999.000
202607241454,   0.101,   0.741,9999.000,9999.000,9999.000,9999.000,9999.000,9999.000,9999.000
202607241500,   0.105,   0.741,   0.600,   0.036,   0.741,   0.600,   0.741,   0.700,   0.841
202607241506,   0.111,   0.770,9999.000,9999.000,9999.000,9999.000,9999.000,9999.000,9999.000
202607241512,   0.117,   0.819,9999.000,9999.000,9999.000,9999.000,9999.000,9999.000,9999.000
202607241518,   0.124,   0.819,9999.000,9999.000,9999.000,9999.000,9999.000,9999.000,9999.000
202607241524,   0.132,   0.780,9999.000,9999.000,9999.000,9999.000,9999.000,9999.000,9999.000
202607241530,   0.141,   0.741,9999.000,9999.000,9999.000,9999.000,9999.000,9999.000,9999.000
202607241536,   0.151,   0.741,9999.000,9999.000,9999.000,9999.000,9999.000,9999.000,9999.000
202607241542,   0.161,   0.780,9999.000,9999.000,9999.000,9999.000,9999.000,9999.000,9999.000
202607241548,   0.173,   0.839,9999.000,9999.000,9999.000,9999.000,9999.000,9999.000,9999.000
202607241554,   0.185,   0.849,9999.000,9999.000,9999.000,9999.000,9999.000,9999.000,9999.000
202607241600,   0.199,   0.819,   0.600,   0.020,   0.819,   0.600,   0.819,   0.700,   0.919
202607241606,   0.213,   0.819,9999.000,9999.000,9999.000,9999.000,9999.000,9999.000,9999.000
202607241612,   0.228,   0.849,9999.000,9999.000,9999.000,9999.000,9999.000,9999.000,9999.000
202607241618,   0.244,   0.879,9999.000,9999.000,9999.000,9999.000,9999.000,9999.000,9999.000
202607241624,   0.261,   0.898,9999.000,9999.000,9999.000,9999.000,9999.000,9999.000,9999.000
202607241630,   0.278,   0.951,9999.000,9999.000,9999.000,9999.000,9999.000,9999.000,9999.000
202607241636,   0.296,   0.951,9999.000,9999.000,9999.000,9999.000,9999.000,9999.000,9999.000
202607241642,   0.315,   0.918,9999.000,9999.000,9999.000,9999.000,9999.000,9999.000,9999.000
202607241648,   0.335,   0.951,9999.000,9999.000,9999.000,9999.000,9999.000,9999.000,9999.000
202607241654,   0.356,   0.980,9999.000,9999.000,9999.000,9999.000,9999.000,9999.000,9999.000
202607241700,   0.377,   1.029,   0.600,   0.052,   1.029,   0.600,   1.029,   0.700,   1.129
202607241706,   0.398,   1.039,9999.000,9999.000,9999.000,9999.000,9999.000,9999.000,9999.000
202607241712,   0.420,   1.069,9999.000,9999.000,9999.000,9999.000,9999.000,9999.000,9999.000
202607241718,   0.443,   1.079,9999.000,9999.000,9999.000,9999.000,9999.000,9999.000,9999.000
202607241724,   0.466,   1.108,9999.000,9999.000,9999.000,9999.000,9999.000,9999.000,9999.000
202607241730,   0.490,   1.118,9999.000,9999.000,9999.000,9999.000,9999.000,9999.000,9999.000
202607241736,   0.514,   1.190,9999.000,9999.000,9999.000,9999.000,9999.000,9999.000,9999.000
202607241742,   0.539,   1.239,9999.000,9999.000,9999.000,9999.000,9999.000,9999.000,9999.000
202607241748,   0.563,   1.239,9999.000,9999.000,9999.000,9999.000,9999.000,9999.000,9999.000
202607241754,   0.588,   1.249,9999.000,9999.000,9999.000,9999.000,9999.000,9999.000,9999.000
202607241800,   0.613,   1.308,   0.700,  -0.005,   1.308,   0.600,   1.208,   0.700,   1.308
202607241806,   0.639,   1.380,9999.000,9999.000,9999.000,9999.000,9999.000,9999.000,9999.000
202607241812,   0.664,   1.459,9999.000,9999.000,9999.000,9999.000,9999.000,9999.000,9999.000
202607241818,   0.690,   1.459,9999.000,9999.000,9999.000,9999.000,9999.000,9999.000,9999.000
202607241824,   0.715,   1.449,9999.000,9999.000,9999.000,9999.000,9999.000,9999.000,9999.000
202607241830,   0.741,   1.459,9999.000,9999.000,9999.000,9999.000,9999.000,9999.000,9999.000
202607241836,   0.767,   1.498,9999.000,9999.000,9999.000,9999.000,9999.000,9999.000,9999.000
202607241842,   0.792,   1.590,9999.000,9999.000,9999.000,9999.000,9999.000,9999.000,9999.000
202607241848,   0.817,   1.639,9999.000,9999.000,9999.000,9999.000,9999.000,9999.000,9999.000
202607241854,   0.842,   1.669,9999.000,9999.000,9999.000,9999.000,9999.000,9999.000,9999.000
202607241900,   0.867,   1.610,   0.700,   0.043,   1.610,   0.600,   1.510,   0.700,   1.610
202607241906,   0.892,   1.669,9999.000,9999.000,9999.000,9999.000,9999.000,9999.000,9999.000
202607241912,   0.916,   1.748,9999.000,9999.000,9999.000,9999.000,9999.000,9999.000,9999.000
202607241918,   0.940,   1.800,9999.000,9999.000,9999.000,9999.000,9999.000,9999.000,9999.000
202607241924,   0.963,   1.810,9999.000,9999.000,9999.000,9999.000,9999.000,9999.000,9999.000
202607241930,   0.986,   1.830,9999.000,9999.000,9999.000,9999.000,9999.000,9999.000,9999.000
202607241936,   1.009,   1.859,9999.000,9999.000,9999.000,9999.000,9999.000,9999.000,9999.000
202607241942,   1.031,   1.918,9999.000,9999.000,9999.000,9999.000,9999.000,9999.000,9999.000
202607241948,   1.052,   1.990,9999.000,9999.000,9999.000,9999.000,9999.000,9999.000,9999.000
202607241954,   1.073,   2.000,9999.000,9999.000,9999.000,9999.000,9999.000,9999.000,9999.000
202607242000,   1.093,   2.010,   0.700,   0.217,   2.010,   0.700,   2.010,   0.700,   2.010
202607242006,   1.113,   1.967,9999.000,9999.000,9999.000,9999.000,9999.000,9999.000,9999.000
202607242012,   1.131,   2.040,9999.000,9999.000,9999.000,9999.000,9999.000,9999.000,9999.000
202607242018,   1.149,   2.118,9999.000,9999.000,9999.000,9999.000,9999.000,9999.000,9999.000
202607242024,   1.166,   2.158,9999.000,9999.000,9999.000,9999.000,9999.000,9999.000,9999.000
202607242030,   1.183,   2.099,9999.000,9999.000,9999.000,9999.000,9999.000,9999.000,9999.000
202607242036,   1.198,   2.040,9999.000,9999.000,9999.000,9999.000,9999.000,9999.000,9999.000
202607242042,   1.212,   2.069,9999.000,9999.000,9999.000,9999.000,9999.000,9999.000,9999.000
202607242048,   1.226,   2.168,9999.000,9999.000,9999.000,9999.000,9999.000,9999.000,9999.000
202607242054,   1.238,   2.168,9999.000,9999.000,9999.000,9999.000,9999.000,9999.000,9999.000
202607242100,   1.250,   2.138,   0.700,   0.188,   2.138,   0.700,   2.138,   0.700,   2.138
202607242106,   1.260,   2.089,9999.000,9999.000,9999.000,9999.000,9999.000,9999.000,9999.000
202607242112,   1.269,   2.089,9999.000,9999.000,9999.000,9999.000,9999.000,9999.000,9999.000
202607242118,   1.277,   2.138,9999.000,9999.000,9999.000,9999.000,9999.000,9999.000,9999.000
202607242124,   1.284,   2.191,9999.000,9999.000,9999.000,9999.000,9999.000,9999.000,9999.000
202607242130,   1.290,   2.148,9999.000,9999.000,9999.000,9999.000,9999.000,9999.000,9999.000
202607242136,   1.294,   2.118,9999.000,9999.000,9999.000,9999.000,9999.000,9999.000,9999.000
202607242142,   1.298,   2.079,9999.000,9999.000,9999.000,9999.000,9999.000,9999.000,9999.000
202607242148,   1.300,   2.099,9999.000,9999.000,9999.000,9999.000,9999.000,9999.000,9999.000
202607242154,   1.301,   2.118,9999.000,9999.000,9999.000,9999.000,9999.000,9999.000,9999.000
202607242200,   1.300,   2.128,   0.700,   0.128,   2.128,   0.700,   2.128,   0.700,   2.128
202607242206,   1.299,   2.099,9999.000,9999.000,9999.000,9999.000,9999.000,9999.000,9999.000
202607242212,   1.296,   2.089,9999.000,9999.000,9999.000,9999.000,9999.000,9999.000,9999.000
202607242218,   1.292,   2.040,9999.000,9999.000,9999.000,9999.000,9999.000,9999.000,9999.000
202607242224,   1.287,   2.040,9999.000,9999.000,9999.000,9999.000,9999.000,9999.000,9999.000
202607242230,   1.280,   2.069,9999.000,9999.000,9999.000,9999.000,9999.000,9999.000,9999.000
202607242236,   1.273,   2.089,9999.000,9999.000,9999.000,9999.000,9999.000,9999.000,9999.000
202607242242,   1.264,   2.069,9999.000,9999.000,9999.000,9999.000,9999.000,9999.000,9999.000
202607242248,   1.254,   2.010,9999.000,9999.000,9999.000,9999.000,9999.000,9999.000,9999.000
202607242254,   1.244,   1.967,9999.000,9999.000,9999.000,9999.000,9999.000,9999.000,9999.000
202607242300,   1.232,   1.967,   0.700,   0.035,   1.967,   0.700,   1.967,   0.700,   1.967
202607242306,   1.219,   2.000,9999.000,9999.000,9999.000,9999.000,9999.000,9999.000,9999.000
202607242312,   1.205,   2.010,9999.000,9999.000,9999.000,9999.000,9999.000,9999.000,9999.000
202607242318,   1.191,   1.981,9999.000,9999.000,9999.000,9999.000,9999.000,9999.000,9999.000
202607242324,   1.175,   1.938,9999.000,9999.000,9999.000,9999.000,9999.000,9999.000,9999.000
202607242330,   1.159,   1.908,9999.000,9999.000,9999.000,9999.000,9999.000,9999.000,9999.000
202607242336,   1.143,   1.918,9999.000,9999.000,9999.000,9999.000,9999.000,9999.000,9999.000
202607242342,   1.125,   1.918,9999.000,9999.000,9999.000,9999.000,9999.000,9999.000,9999.000
202607242348,   1.107,   1.918,9999.000,9999.000,9999.000,9999.000,9999.000,9999.000,9999.000
202607242354,   1.088,   1.879,9999.000,9999.000,9999.000,9999.000,9999.000,9999.000,9999.000
202607250000,   1.069,   1.859,   0.700,   0.090,   1.859,   0.700,   1.859,   0.700,   1.859
202607250006,   1.050,   1.849,9999.000,9999.000,9999.000,9999.000,9999.000,9999.000,9999.000
202607250012,   1.030,   1.849,9999.000,9999.000,9999.000,9999.000,9999.000,9999.000,9999.000
202607250018,   1.010,   1.840,9999.000,9999.000,9999.000,9999.000,9999.000,9999.000,9999.000
202607250024,   0.990,   1.800,9999.000,9999.000,9999.000,9999.000,9999.000,9999.000,9999.000
202607250030,   0.969,   1.758,9999.000,9999.000,9999.000,9999.000,9999.000,9999.000,9999.000
202607250036,   0.948,   1.738,9999.000,9999.000,9999.000,9999.000,9999.000,9999.000,9999.000
202607250042,   0.928,   1.738,9999.000,9999.000,9999.000,9999.000,9999.000,9999.000,9999.000
202607250048,   0.907,   1.748,9999.000,9999.000,9999.000,9999.000,9999.000,9999.000,9999.000
202607250054,   0.886,   1.748,9999.000,9999.000,9999.000,9999.000,9999.000,9999.000,9999.000
202607250100,   0.865,   1.718,   0.700,   0.153,   1.718,   0.700,   1.718,   0.700,   1.718
202607250106,   0.845,   1.669,9999.000,9999.000,9999.000,9999.000,9999.000,9999.000,9999.000
202607250112,   0.824,   1.639,9999.000,9999.000,9999.000,9999.000,9999.000,9999.000,9999.000
202607250118,   0.804,   1.610,9999.000,9999.000,9999.000,9999.000,9999.000,9999.000,9999.000
202607250124,   0.784,   1.580,9999.000,9999.000,9999.000,9999.000,9999.000,9999.000,9999.000
202607250130,   0.764,   1.557,9999.000,9999.000,9999.000,9999.000,9999.000,9999.000,9999.000
202607250136,   0.744,   1.538,9999.000,9999.000,9999.000,9999.000,9999.000,9999.000,9999.000
202607250142,   0.725,   1.528,9999.000,9999.000,9999.000,9999.000,9999.000,9999.000,9999.000
202607250148,   0.706,   1.518,9999.000,9999.000,9999.000,9999.000,9999.000,9999.000,9999.000
202607250154,   0.688,   1.508,9999.000,9999.000,9999.000,9999.000,9999.000,9999.000,9999.000
202607250200,   0.670,   1.469,   0.700,   0.099,   1.469,   0.700,   1.469,   0.700,   1.469
202607250206,   0.652,   1.439,9999.000,9999.000,9999.000,9999.000,9999.000,9999.000,9999.000
202607250212,   0.635,   1.430,9999.000,9999.000,9999.000,9999.000,9999.000,9999.000,9999.000
202607250218,   0.618,   1.430,9999.000,9999.000,9999.000,9999.000,9999.000,9999.000,9999.000
202607250224,   0.602,   1.449,9999.000,9999.000,9999.000,9999.000,9999.000,9999.000,9999.000
202607250230,   0.587,   1.420,9999.000,9999.000,9999.000,9999.000,9999.000,9999.000,9999.000
202607250236,   0.572,   1.400,9999.000,9999.000,9999.000,9999.000,9999.000,9999.000,9999.000
202607250242,   0.557,   1.380,9999.000,9999.000,9999.000,9999.000,9999.000,9999.000,9999.000
202607250248,   0.544,   1.348,9999.000,9999.000,9999.000,9999.000,9999.000,9999.000,9999.000
202607250254,   0.531,   1.338,9999.000,9999.000,9999.000,9999.000,9999.000,9999.000,9999.000
202607250300,   0.518,   1.308,   0.700,   0.090,   1.308,   0.700,   1.308,   0.700,   1.308
202607250306,   0.507,   1.308,9999.000,9999.000,9999.000,9999.000,9999.000,9999.000,9999.000
202607250312,   0.496,   1.298,9999.000,9999.000,9999.000,9999.000,9999.000,9999.000,9999.000
202607250318,   0.486,   1.318,9999.000,9999.000,9999.000,9999.000,9999.000,9999.000,9999.000
202607250324,   0.476,   1.318,9999.000,9999.000,9999.000,9999.000,9999.000,9999.000,9999.000
202607250330,   0.468,   1.298,9999.000,9999.000,9999.000,9999.000,9999.000,9999.000,9999.000
202607250336,   0.460,   1.259,9999.000,9999.000,9999.000,9999.000,9999.000,9999.000,9999.000
202607250342,   0.453,   1.239,9999.000,9999.000,9999.000,9999.000,9999.000,9999.000,9999.000
202607250348,   0.447,   1.249,9999.000,9999.000,9999.000,9999.000,9999.000,9999.000,9999.000
202607250354,   0.442,   1.269,9999.000,9999.000,9999.000,9999.000,9999.000,9999.000,9999.000
202607250400,   0.437,   1.259,   0.700,   0.122,   1.259,   0.600,   1.159,   0.700,   1.259
202607250406,   0.434,   1.239,9999.000,9999.000,9999.000,9999.000,9999.000,9999.000,9999.000
202607250412,   0.431,   1.220,9999.000,9999.000,9999.000,9999.000,9999.000,9999.000,9999.000
202607250418,   0.429,   1.229,9999.000,9999.000,9999.000,9999.000,9999.000,9999.000,9999.000
202607250424,   0.428,   1.259,9999.000,9999.000,9999.000,9999.000,9999.000,9999.000,9999.000
202607250430,   0.428,   1.269,9999.000,9999.000,9999.000,9999.000,9999.000,9999.000,9999.000
202607250436,   0.429,   1.229,9999.000,9999.000,9999.000,9999.000,9999.000,9999.000,9999.000
202607250442,   0.430,   1.210,9999.000,9999.000,9999.000,9999.000,9999.000,9999.000,9999.000
202607250448,   0.433,   1.239,9999.000,9999.000,9999.000,9999.000,9999.000,9999.000,9999.000
202607250454,   0.436,   1.269,9999.000,9999.000,9999.000,9999.000,9999.000,9999.000,9999.000
202607250500,   0.440,   1.289,   0.600,   0.249,   1.289,   0.600,   1.289,   0.700,   1.389
202607250506,   0.445,   1.289,9999.000,9999.000,9999.000,9999.000,9999.000,9999.000,9999.000
202607250512,   0.450,   1.269,9999.000,9999.000,9999.000,9999.000,9999.000,9999.000,9999.000
202607250518,   0.456,   1.249,9999.000,9999.000,9999.000,9999.000,9999.000,9999.000,9999.000
202607250524,   0.463,   1.249,9999.000,9999.000,9999.000,9999.000,9999.000,9999.000,9999.000
202607250530,   0.470,   1.269,9999.000,9999.000,9999.000,9999.000,9999.000,9999.000,9999.000
202607250536,   0.478,   1.328,9999.000,9999.000,9999.000,9999.000,9999.000,9999.000,9999.000
202607250542,   0.486,   1.380,9999.000,9999.000,9999.000,9999.000,9999.000,9999.000,9999.000
202607250548,   0.495,   1.338,9999.000,9999.000,9999.000,9999.000,9999.000,9999.000,9999.000
202607250554,   0.505,   1.318,9999.000,9999.000,9999.000,9999.000,9999.000,9999.000,9999.000
202607250600,   0.514,   1.318,   0.700,   0.104,   1.318,   0.700,   1.318,   0.700,   1.318
202607250606,   0.524,   1.361,9999.000,9999.000,9999.000,9999.000,9999.000,9999.000,9999.000
202607250612,   0.534,   1.410,9999.000,9999.000,9999.000,9999.000,9999.000,9999.000,9999.000
202607250618,   0.545,   1.459,9999.000,9999.000,9999.000,9999.000,9999.000,9999.000,9999.000
202607250624,   0.556,   1.479,9999.000,9999.000,9999.000,9999.000,9999.000,9999.000,9999.000
202607250630,   0.566,   1.469,9999.000,9999.000,9999.000,9999.000,9999.000,9999.000,9999.000
202607250636,   0.577,   1.469,9999.000,9999.000,9999.000,9999.000,9999.000,9999.000,9999.000
202607250642,   0.588,   1.469,9999.000,9999.000,9999.000,9999.000,9999.000,9999.000,9999.000
202607250648,   0.599,   1.508,9999.000,9999.000,9999.000,9999.000,9999.000,9999.000,9999.000
202607250654,   0.610,   1.528,9999.000,9999.000,9999.000,9999.000,9999.000,9999.000,9999.000
202607250700,   0.621,   1.538,   0.700,   0.217,   1.538,   0.700,   1.538,   0.700,   1.538
202607250706,   0.631,   1.498,9999.000,9999.000,9999.000,9999.000,9999.000,9999.000,9999.000
202607250712,   0.642,   1.518,9999.000,9999.000,9999.000,9999.000,9999.000,9999.000,9999.000
202607250718,   0.652,   1.571,9999.000,9999.000,9999.000,9999.000,9999.000,9999.000,9999.000
202607250724,   0.662,   1.649,9999.000,9999.000,9999.000,9999.000,9999.000,9999.000,9999.000
202607250730,   0.672,   1.620,9999.000,9999.000,9999.000,9999.000,9999.000,9999.000,9999.000
202607250736,   0.681,   1.590,9999.000,9999.000,9999.000,9999.000,9999.000,9999.000,9999.000
202607250742,   0.690,   1.548,9999.000,9999.000,9999.000,9999.000,9999.000,9999.000,9999.000
202607250748,   0.698,   1.548,9999.000,9999.000,9999.000,9999.000,9999.000,9999.000,9999.000
202607250754,   0.706,   1.610,9999.000,9999.000,9999.000,9999.000,9999.000,9999.000,9999.000
202607250800,   0.714,   1.659,   0.700,   0.245,   1.659,   0.700,   1.659,   0.700,   1.659
202607250806,   0.721,   1.679,9999.000,9999.000,9999.000,9999.000,9999.000,9999.000,9999.000
202607250812,   0.727,   1.649,9999.000,9999.000,9999.000,9999.000,9999.000,9999.000,9999.000
202607250818,   0.733,   1.630,9999.000,9999.000,9999.000,9999.000,9999.000,9999.000,9999.000
202607250824,   0.739,   1.600,9999.000,9999.000,9999.000,9999.000,9999.000,9999.000,9999.000
202607250830,   0.743,   1.610,9999.000,9999.000,9999.000,9999.000,9999.000,9999.000,9999.000
202607250836,   0.747,   1.639,9999.000,9999.000,9999.000,9999.000,9999.000,9999.000,9999.000
202607250842,   0.751,   1.620,9999.000,9999.000,9999.000,9999.000,9999.000,9999.000,9999.000
202607250848,   0.753,   1.639,9999.000,9999.000,9999.000,9999.000,9999.000,9999.000,9999.000
202607250854,   0.755,   1.649,9999.000,9999.000,9999.000,9999.000,9999.000,9999.000,9999.000
202607250900,   0.757,   1.659,   0.700,   0.202,   1.659,   0.700,   1.659,   0.700,   1.659
202607250906,   0.757,   1.649,9999.000,9999.000,9999.000,9999.000,9999.000,9999.000,9999.000
202607250912,   0.757,   1.630,9999.000,9999.000,9999.000,9999.000,9999.000,9999.000,9999.000
202607250918,   0.755,   1.620,9999.000,9999.000,9999.000,9999.000,9999.000,9999.000,9999.000
202607250924,   0.754,   1.600,9999.000,9999.000,9999.000,9999.000,9999.000,9999.000,9999.000
202607250930,   0.751,   1.590,9999.000,9999.000,9999.000,9999.000,9999.000,9999.000,9999.000
202607250936,   0.747,   1.571,9999.000,9999.000,9999.000,9999.000,9999.000,9999.000,9999.000
202607250942,   0.743,   1.571,9999.000,9999.000,9999.000,9999.000,9999.000,9999.000,9999.000
202607250948,   0.737,   1.580,9999.000,9999.000,9999.000,9999.000,9999.000,9999.000,9999.000
202607250954,   0.731,   1.580,9999.000,9999.000,9999.000,9999.000,9999.000,9999.000,9999.000
202607251000,   0.724,   1.590,   0.700,   0.166,   1.590,   0.700,   1.590,   0.700,   1.590
202607251006,   0.716,   1.538,9999.000,9999.000,9999.000,9999.000,9999.000,9999.000,9999.000
202607251012,   0.707,   1.489,9999.000,9999.000,9999.000,9999.000,9999.000,9999.000,9999.000
202607251018,   0.698,   1.469,9999.000,9999.000,9999.000,9999.000,9999.000,9999.000,9999.000
202607251024,   0.687,   1.498,9999.000,9999.000,9999.000,9999.000,9999.000,9999.000,9999.000
202607251030,   0.676,   1.528,9999.000,9999.000,9999.000,9999.000,9999.000,9999.000,9999.000
202607251036,   0.664,   1.518,9999.000,9999.000,9999.000,9999.000,9999.000,9999.000,9999.000
202607251042,   0.652,   1.469,9999.000,9999.000,9999.000,9999.000,9999.000,9999.000,9999.000
202607251048,   0.638,   1.449,9999.000,9999.000,9999.000,9999.000,9999.000,9999.000,9999.000
202607251054,   0.624,   1.420,9999.000,9999.000,9999.000,9999.000,9999.000,9999.000,9999.000
202607251100,   0.610,   1.410,   0.700,   0.100,   1.410,   0.700,   1.410,   0.700,   1.410
202607251106,   0.594,   1.390,9999.000,9999.000,9999.000,9999.000,9999.000,9999.000,9999.000
202607251112,   0.579,   1.361,9999.000,9999.000,9999.000,9999.000,9999.000,9999.000,9999.000
202607251118,   0.563,   1.338,9999.000,9999.000,9999.000,9999.000,9999.000,9999.000,9999.000
202607251124,   0.546,   1.318,9999.000,9999.000,9999.000,9999.000,9999.000,9999.000,9999.000
202607251130,   0.529,   1.328,9999.000,9999.000,9999.000,9999.000,9999.000,9999.000,9999.000
202607251136,   0.511,   1.318,9999.000,9999.000,9999.000,9999.000,9999.000,9999.000,9999.000
202607251142,   0.494,   1.269,9999.000,9999.000,9999.000,9999.000,9999.000,9999.000,9999.000
202607251148,   0.476,   1.220,9999.000,9999.000,9999.000,9999.000,9999.000,9999.000,9999.000
202607251154,   0.458,   1.200,9999.000,9999.000,9999.000,9999.000,9999.000,9999.000,9999.000
202607251200,   0.440,   1.190,   0.700,   0.050,   1.190,   0.700,   1.190,   0.700,   1.190
202607251206,   0.421,   1.210,9999.000,9999.000,9999.000,9999.000,9999.000,9999.000,9999.000
202607251212,   0.403,   1.210,9999.000,9999.000,9999.000,9999.000,9999.000,9999.000,9999.000
202607251218,   0.385,   1.161,9999.000,9999.000,9999.000,9999.000,9999.000,9999.000,9999.000
202607251224,   0.367,   1.138,9999.000,9999.000,9999.000,9999.000,9999.000,9999.000,9999.000
202607251230,   0.349,   1.098,9999.000,9999.000,9999.000,9999.000,9999.000,9999.000,9999.000
202607251236,   0.332,   1.079,9999.000,9999.000,9999.000,9999.000,9999.000,9999.000,9999.000
202607251242,   0.315,   1.079,9999.000,9999.000,9999.000,9999.000,9999.000,9999.000,9999.000
202607251248,   0.298,   1.059,9999.000,9999.000,9999.000,9999.000,9999.000,9999.000,9999.000
202607251254,   0.281,   1.029,9999.000,9999.000,9999.000,9999.000,9999.000,9999.000,9999.000
202607251300,   0.265,   1.010,   0.700,   0.045,   1.010,   0.700,   1.010,   0.700,   1.010
202607251306,   0.249,   1.000,9999.000,9999.000,9999.000,9999.000,9999.000,9999.000,9999.000
202607251312,   0.234,   0.990,9999.000,9999.000,9999.000,9999.000,9999.000,9999.000,9999.000
202607251318,   0.219,   1.000,9999.000,9999.000,9999.000,9999.000,9999.000,9999.000,9999.000
202607251324,   0.205,   0.980,9999.000,9999.000,9999.000,9999.000,9999.000,9999.000,9999.000
202607251330,   0.192,   0.928,9999.000,9999.000,9999.000,9999.000,9999.000,9999.000,9999.000
202607251336,   0.179,   0.869,9999.000,9999.000,9999.000,9999.000,9999.000,9999.000,9999.000
202607251342,   0.167,   0.869,9999.000,9999.000,9999.000,9999.000,9999.000,9999.000,9999.000
202607251348,   0.155,   0.908,9999.000,9999.000,9999.000,9999.000,9999.000,9999.000,9999.000
202607251354,   0.144,   0.898,9999.000,9999.000,9999.000,9999.000,9999.000,9999.000,9999.000
202607251400,   0.134,   0.869,   0.700,   0.035,   0.869,   0.700,   0.869,   0.700,   0.869
202607251406,   0.124,   0.790,9999.000,9999.000,9999.000,9999.000,9999.000,9999.000,9999.000
202607251412,   0.116,   0.760,9999.000,9999.000,9999.000,9999.000,9999.000,9999.000,9999.000
202607251418,   0.108,   0.800,9999.000,9999.000,9999.000,9999.000,9999.000,9999.000,9999.000
202607251424,   0.100,   0.839,9999.000,9999.000,9999.000,9999.000,9999.000,9999.000,9999.000
202607251430,   0.094,   0.819,9999.000,9999.000,9999.000,9999.000,9999.000,9999.000,9999.000
202607251436,   0.088,   0.780,9999.000,9999.000,9999.000,9999.000,9999.000,9999.000,9999.000
202607251442,   0.083,   0.760,9999.000,9999.000,9999.000,9999.000,9999.000,9999.000,9999.000
202607251448,   0.079,   0.731,9999.000,9999.000,9999.000,9999.000,9999.000,9999.000,9999.000
202607251454,   0.076,   0.751,9999.000,9999.000,9999.000,9999.000,9999.000,9999.000,9999.000
202607251500,   0.073,   0.790,   0.700,   0.017,   0.790,   0.700,   0.790,   0.700,   0.790
202607251506,   0.071,   0.770,9999.000,9999.000,9999.000,9999.000,9999.000,9999.000,9999.000
202607251512,   0.070,   0.741,9999.000,9999.000,9999.000,9999.000,9999.000,9999.000,9999.000
202607251518,   0.070,   0.708,9999.000,9999.000,9999.000,9999.000,9999.000,9999.000,9999.000
202607251524,   0.071,   0.688,9999.000,9999.000,9999.000,9999.000,9999.000,9999.000,9999.000
202607251530,   0.073,   0.741,9999.000,9999.000,9999.000,9999.000,9999.000,9999.000,9999.000
202607251536,   0.075,   0.800,9999.000,9999.000,9999.000,9999.000,9999.000,9999.000,9999.000
202607251542,   0.079,   0.790,9999.000,9999.000,9999.000,9999.000,9999.000,9999.000,9999.000
202607251548,   0.083,   0.760,9999.000,9999.000,9999.000,9999.000,9999.000,9999.000,9999.000
202607251554,   0.088,   0.718,9999.000,9999.000,9999.000,9999.000,9999.000,9999.000,9999.000
202607251600,   0.094,   0.751,   0.700,  -0.043,   0.751,   0.700,   0.751,   0.700,   0.751
202607251606,   0.101,   0.790,9999.000,9999.000,9999.000,9999.000,9999.000,9999.000,9999.000
202607251612,   0.109,   0.819,9999.000,9999.000,9999.000,9999.000,9999.000,9999.000,9999.000
202607251618,   0.118,   0.810,9999.000,9999.000,9999.000,9999.000,9999.000,9999.000,9999.000
202607251624,   0.128,   0.790,9999.000,9999.000,9999.000,9999.000,9999.000,9999.000,9999.000
202607251630,   0.138,   0.751,9999.000,9999.000,9999.000,9999.000,9999.000,9999.000,9999.000
202607251636,   0.150,   0.751,9999.000,9999.000,9999.000,9999.000,9999.000,9999.000,9999.000
202607251642,   0.162,   0.819,9999.000,9999.000,9999.000,9999.000,9999.000,9999.000,9999.000
202607251648,   0.176,   0.859,9999.000,9999.000,9999.000,9999.000,9999.000,9999.000,9999.000
202607251654,   0.190,   0.879,9999.000,9999.000,9999.000,9999.000,9999.000,9999.000,9999.000
202607251700,   0.205,   0.849,   0.700,  -0.056,   0.849,   0.700,   0.849,   0.700,   0.849
202607251706,   0.221,   0.829,9999.000,9999.000,9999.000,9999.000,9999.000,9999.000,9999.000
202607251712,   0.238,   0.869,9999.000,9999.000,9999.000,9999.000,9999.000,9999.000,9999.000
202607251718,   0.256,   0.908,9999.000,9999.000,9999.000,9999.000,9999.000,9999.000,9999.000
202607251724,   0.274,   0.980,9999.000,9999.000,9999.000,9999.000,9999.000,9999.000,9999.000
202607251730,   0.294,   0.990,9999.000,9999.000,9999.000,9999.000,9999.000,9999.000,9999.000
202607251736,   0.314,   0.990,9999.000,9999.000,9999.000,9999.000,9999.000,9999.000,9999.000
202607251742,   0.335,   0.990,9999.000,9999.000,9999.000,9999.000,9999.000,9999.000,9999.000
202607251748,   0.356,   1.049,9999.000,9999.000,9999.000,9999.000,9999.000,9999.000,9999.000
202607251754,   0.379,   1.088,9999.000,9999.000,9999.000,9999.000,9999.000,9999.000,9999.000
202607251800,   0.401,   1.088,   0.700,  -0.013,   1.088,   0.700,   1.088,   0.800,   1.188
202607251806,   0.425,9999.000,9999.000,9999.000,9999.000,9999.000,9999.000,9999.000,9999.000
202607251812,   0.449,9999.000,9999.000,9999.000,9999.000,9999.000,9999.000,9999.000,9999.000
202607251818,   0.473,9999.000,9999.000,9999.000,9999.000,9999.000,9999.000,9999.000,9999.000
202607251824,   0.498,9999.000,9999.000,9999.000,9999.000,9999.000,9999.000,9999.000,9999.000
202607251830,   0.523,9999.000,9999.000,9999.000,9999.000,9999.000,9999.000,9999.000,9999.000
202607251836,   0.549,9999.000,9999.000,9999.000,9999.000,9999.000,9999.000,9999.000,9999.000
202607251842,   0.575,9999.000,9999.000,9999.000,9999.000,9999.000,9999.000,9999.000,9999.000
202607251848,   0.601,9999.000,9999.000,9999.000,9999.000,9999.000,9999.000,9999.000,9999.000
202607251854,   0.627,9999.000,9999.000,9999.000,9999.000,9999.000,9999.000,9999.000,9999.000
202607251900,   0.654,9999.000,   0.700,  -0.004,   1.350,   0.700,   1.350,   0.800,   1.450
202607251906,   0.681,9999.000,9999.000,9999.000,9999.000,9999.000,9999.000,9999.000,9999.000
202607251912,   0.707,9999.000,9999.000,9999.000,9999.000,9999.000,9999.000,9999.000,9999.000
202607251918,   0.734,9999.000,9999.000,9999.000,9999.000,9999.000,9999.000,9999.000,9999.000
202607251924,   0.761,9999.000,9999.000,9999.000,9999.000,9999.000,9999.000,9999.000,9999.000
202607251930,   0.787,9999.000,9999.000,9999.000,9999.000,9999.000,9999.000,9999.000,9999.000
202607251936,   0.814,9999.000,9999.000,9999.000,9999.000,9999.000,9999.000,9999.000,9999.000
202607251942,   0.840,9999.000,9999.000,9999.000,9999.000,9999.000,9999.000,9999.000,9999.000
202607251948,   0.866,9999.000,9999.000,9999.000,9999.000,9999.000,9999.000,9999.000,9999.000
202607251954,   0.892,9999.000,9999.000,9999.000,9999.000,9999.000,9999.000,9999.000,9999.000
202607252000,   0.917,9999.000,   0.800,   0.004,   1.721,   0.700,   1.621,   0.800,   1.721
202607252006,   0.942,9999.000,9999.000,9999.000,9999.000,9999.000,9999.000,9999.000,9999.000
202607252012,   0.967,9999.000,9999.000,9999.000,9999.000,9999.000,9999.000,9999.000,9999.000
202607252018,   0.991,9999.000,9999.000,9999.000,9999.000,9999.000,9999.000,9999.000,9999.000
202607252024,   1.015,9999.000,9999.000,9999.000,9999.000,9999.000,9999.000,9999.000,9999.000
202607252030,   1.038,9999.000,9999.000,9999.000,9999.000,9999.000,9999.000,9999.000,9999.000
202607252036,   1.060,9999.000,9999.000,9999.000,9999.000,9999.000,9999.000,9999.000,9999.000
202607252042,   1.082,9999.000,9999.000,9999.000,9999.000,9999.000,9999.000,9999.000,9999.000
202607252048,   1.103,9999.000,9999.000,9999.000,9999.000,9999.000,9999.000,9999.000,9999.000
202607252054,   1.124,9999.000,9999.000,9999.000,9999.000,9999.000,9999.000,9999.000,9999.000
202607252100,   1.143,9999.000,   0.800,   0.013,   1.956,   0.700,   1.856,   0.800,   1.956
202607252106,   1.162,9999.000,9999.000,9999.000,9999.000,9999.000,9999.000,9999.000,9999.000
202607252112,   1.180,9999.000,9999.000,9999.000,9999.000,9999.000,9999.000,9999.000,9999.000
202607252118,   1.198,9999.000,9999.000,9999.000,9999.000,9999.000,9999.000,9999.000,9999.000
202607252124,   1.214,9999.000,9999.000,9999.000,9999.000,9999.000,9999.000,9999.000,9999.000
202607252130,   1.229,9999.000,9999.000,9999.000,9999.000,9999.000,9999.000,9999.000,9999.000
202607252136,   1.243,9999.000,9999.000,9999.000,9999.000,9999.000,9999.000,9999.000,9999.000
202607252142,   1.256,9999.000,9999.000,9999.000,9999.000,9999.000,9999.000,9999.000,9999.000
202607252148,   1.268,9999.000,9999.000,9999.000,9999.000,9999.000,9999.000,9999.000,9999.000
202607252154,   1.279,9999.000,9999.000,9999.000,9999.000,9999.000,9999.000,9999.000,9999.000
202607252200,   1.289,9999.000,   0.700,   0.022,   2.011,   0.700,   2.011,   0.800,   2.111
202607252206,   1.297,9999.000,9999.000,9999.000,9999.000,9999.000,9999.000,9999.000,9999.000
202607252212,   1.305,9999.000,9999.000,9999.000,9999.000,9999.000,9999.000,9999.000,9999.000
202607252218,   1.311,9999.000,9999.000,9999.000,9999.000,9999.000,9999.000,9999.000,9999.000
202607252224,   1.316,9999.000,9999.000,9999.000,9999.000,9999.000,9999.000,9999.000,9999.000
202607252230,   1.320,9999.000,9999.000,9999.000,9999.000,9999.000,9999.000,9999.000,9999.000
202607252236,   1.322,9999.000,9999.000,9999.000,9999.000,9999.000,9999.000,9999.000,9999.000
202607252242,   1.323,9999.000,9999.000,9999.000,9999.000,9999.000,9999.000,9999.000,9999.000
202607252248,   1.323,9999.000,9999.000,9999.000,9999.000,9999.000,9999.000,9999.000,9999.000
202607252254,   1.321,9999.000,9999.000,9999.000,9999.000,9999.000,9999.000,9999.000,9999.000
202607252300,   1.319,9999.000,   0.800,   0.031,   2.150,   0.800,   2.150,   0.800,   2.150
202607252306,   1.315,9999.000,9999.000,9999.000,9999.000,9999.000,9999.000,9999.000,9999.000
202607252312,   1.310,9999.000,9999.000,9999.000,9999.000,9999.000,9999.000,9999.000,9999.000
202607252318,   1.303,9999.000,9999.000,9999.000,9999.000,9999.000,9999.000,9999.000,9999.000
202607252324,   1.296,9999.000,9999.000,9999.000,9999.000,9999.000,9999.000,9999.000,9999.000
202607252330,   1.287,9999.000,9999.000,9999.000,9999.000,9999.000,9999.000,9999.000,9999.000
202607252336,   1.277,9999.000,9999.000,9999.000,9999.000,9999.000,9999.000,9999.000,9999.000
202607252342,   1.266,9999.000,9999.000,9999.000,9999.000,9999.000,9999.000,9999.000,9999.000
202607252348,   1.254,9999.000,9999.000,9999.000,9999.000,9999.000,9999.000,9999.000,9999.000
202607252354,   1.241,9999.000,9999.000,9999.000,9999.000,9999.000,9999.000,9999.000,9999.000
202607260000,   1.227,9999.000,   0.800,   0.039,   2.066,   0.700,   1.966,   0.800,   2.066
202607260006,   1.212,9999.000,9999.000,9999.000,9999.000,9999.000,9999.000,9999.000,9999.000
202607260012,   1.196,9999.000,9999.000,9999.000,9999.000,9999.000,9999.000,9999.000,9999.000
202607260018,   1.180,9999.000,9999.000,9999.000,9999.000,9999.000,9999.000,9999.000,9999.000
202607260024,   1.162,9999.000,9999.000,9999.000,9999.000,9999.000,9999.000,9999.000,9999.000
202607260030,   1.144,9999.000,9999.000,9999.000,9999.000,9999.000,9999.000,9999.000,9999.000
202607260036,   1.126,9999.000,9999.000,9999.000,9999.000,9999.000,9999.000,9999.000,9999.000
202607260042,   1.107,9999.000,9999.000,9999.000,9999.000,9999.000,9999.000,9999.000,9999.000
202607260048,   1.087,9999.000,9999.000,9999.000,9999.000,9999.000,9999.000,9999.000,9999.000
202607260054,   1.067,9999.000,9999.000,9999.000,9999.000,9999.000,9999.000,9999.000,9999.000
202607260100,   1.046,9999.000,   0.800,   0.048,   1.894,   0.800,   1.894,   0.800,   1.894
202607260106,   1.025,9999.000,9999.000,9999.000,9999.000,9999.000,9999.000,9999.000,9999.000
202607260112,   1.004,9999.000,9999.000,9999.000,9999.000,9999.000,9999.000,9999.000,9999.000
202607260118,   0.983,9999.000,9999.000,9999.000,9999.000,9999.000,9999.000,9999.000,9999.000
202607260124,   0.962,9999.000,9999.000,9999.000,9999.000,9999.000,9999.000,9999.000,9999.000
202607260130,   0.940,9999.000,9999.000,9999.000,9999.000,9999.000,9999.000,9999.000,9999.000
202607260136,   0.918,9999.000,9999.000,9999.000,9999.000,9999.000,9999.000,9999.000,9999.000
202607260142,   0.897,9999.000,9999.000,9999.000,9999.000,9999.000,9999.000,9999.000,9999.000
202607260148,   0.875,9999.000,9999.000,9999.000,9999.000,9999.000,9999.000,9999.000,9999.000
202607260154,   0.853,9999.000,9999.000,9999.000,9999.000,9999.000,9999.000,9999.000,9999.000
202607260200,   0.832,9999.000,   0.800,   0.057,   1.689,   0.700,   1.589,   0.800,   1.689
202607260206,   0.811,9999.000,9999.000,9999.000,9999.000,9999.000,9999.000,9999.000,9999.000
202607260212,   0.790,9999.000,9999.000,9999.000,9999.000,9999.000,9999.000,9999.000,9999.000
202607260218,   0.769,9999.000,9999.000,9999.000,9999.000,9999.000,9999.000,9999.000,9999.000
202607260224,   0.748,9999.000,9999.000,9999.000,9999.000,9999.000,9999.000,9999.000,9999.000
202607260230,   0.728,9999.000,9999.000,9999.000,9999.000,9999.000,9999.000,9999.000,9999.000
202607260236,   0.708,9999.000,9999.000,9999.000,9999.000,9999.000,9999.000,9999.000,9999.000
202607260242,   0.689,9999.000,9999.000,9999.000,9999.000,9999.000,9999.000,9999.000,9999.000
202607260248,   0.670,9999.000,9999.000,9999.000,9999.000,9999.000,9999.000,9999.000,9999.000
202607260254,   0.651,9999.000,9999.000,9999.000,9999.000,9999.000,9999.000,9999.000,9999.000
202607260300,   0.633,9999.000,   0.700,   0.066,   1.399,   0.700,   1.399,   0.800,   1.499
202607260306,   0.615,9999.000,9999.000,9999.000,9999.000,9999.000,9999.000,9999.000,9999.000
202607260312,   0.598,9999.000,9999.000,9999.000,9999.000,9999.000,9999.000,9999.000,9999.000
202607260318,   0.582,9999.000,9999.000,9999.000,9999.000,9999.000,9999.000,9999.000,9999.000
202607260324,   0.566,9999.000,9999.000,9999.000,9999.000,9999.000,9999.000,9999.000,9999.000
202607260330,   0.550,9999.000,9999.000,9999.000,9999.000,9999.000,9999.000,9999.000,9999.000
202607260336,   0.536,9999.000,9999.000,9999.000,9999.000,9999.000,9999.000,9999.000,9999.000
202607260342,   0.522,9999.000,9999.000,9999.000,9999.000,9999.000,9999.000,9999.000,9999.000
202607260348,   0.508,9999.000,9999.000,9999.000,9999.000,9999.000,9999.000,9999.000,9999.000
202607260354,   0.496,9999.000,9999.000,9999.000,9999.000,9999.000,9999.000,9999.000,9999.000
202607260400,   0.484,9999.000,   0.800,   0.074,   1.358,   0.700,   1.258,   0.800,   1.358
202607260406,   0.473,9999.000,9999.000,9999.000,9999.000,9999.000,9999.000,9999.000,9999.000
202607260412,   0.463,9999.000,9999.000,9999.000,9999.000,9999.000,9999.000,9999.000,9999.000
202607260418,   0.453,9999.000,9999.000,9999.000,9999.000,9999.000,9999.000,9999.000,9999.000
202607260424,   0.445,9999.000,9999.000,9999.000,9999.000,9999.000,9999.000,9999.000,9999.000
202607260430,   0.437,9999.000,9999.000,9999.000,9999.000,9999.000,9999.000,9999.000,9999.000
202607260436,   0.430,9999.000,9999.000,9999.000,9999.000,9999.000,9999.000,9999.000,9999.000
202607260442,   0.425,9999.000,9999.000,9999.000,9999.000,9999.000,9999.000,9999.000,9999.000
202607260448,   0.420,9999.000,9999.000,9999.000,9999.000,9999.000,9999.000,9999.000,9999.000
202607260454,   0.416,9999.000,9999.000,9999.000,9999.000,9999.000,9999.000,9999.000,9999.000
202607260500,   0.412,9999.000,   0.800,   0.083,   1.295,   0.700,   1.195,   0.800,   1.295
202607260506,   0.410,9999.000,9999.000,9999.000,9999.000,9999.000,9999.000,9999.000,9999.000
202607260512,   0.409,9999.000,9999.000,9999.000,9999.000,9999.000,9999.000,9999.000,9999.000
202607260518,   0.408,9999.000,9999.000,9999.000,9999.000,9999.000,9999.000,9999.000,9999.000
202607260524,   0.409,9999.000,9999.000,9999.000,9999.000,9999.000,9999.000,9999.000,9999.000
202607260530,   0.410,9999.000,9999.000,9999.000,9999.000,9999.000,9999.000,9999.000,9999.000
202607260536,   0.413,9999.000,9999.000,9999.000,9999.000,9999.000,9999.000,9999.000,9999.000
202607260542,   0.416,9999.000,9999.000,9999.000,9999.000,9999.000,9999.000,9999.000,9999.000
202607260548,   0.420,9999.000,9999.000,9999.000,9999.000,9999.000,9999.000,9999.000,9999.000
202607260554,   0.425,9999.000,9999.000,9999.000,9999.000,9999.000,9999.000,9999.000,9999.000
202607260600,   0.430,9999.000,   0.800,   0.092,   1.322,   0.800,   1.322,   0.800,   1.322
202607260606,   0.436,9999.000,9999.000,9999.000,9999.000,9999.000,9999.000,9999.000,9999.000
202607260612,   0.443,9999.000,9999.000,9999.000,9999.000,9999.000,9999.000,9999.000,9999.000
202607260618,   0.451,9999.000,9999.000,9999.000,9999.000,9999.000,9999.000,9999.000,9999.000
202607260624,   0.459,9999.000,9999.000,9999.000,9999.000,9999.000,9999.000,9999.000,9999.000
202607260630,   0.468,9999.000,9999.000,9999.000,9999.000,9999.000,9999.000,9999.000,9999.000
202607260636,   0.478,9999.000,9999.000,9999.000,9999.000,9999.000,9999.000,9999.000,9999.000
202607260642,   0.487,9999.000,9999.000,9999.000,9999.000,9999.000,9999.000,9999.000,9999.000
202607260648,   0.498,9999.000,9999.000,9999.000,9999.000,9999.000,9999.000,9999.000,9999.000
202607260654,   0.508,9999.000,9999.000,9999.000,9999.000,9999.000,9999.000,9999.000,9999.000
202607260700,   0.519,9999.000,   0.800,   0.092,   1.411,   0.700,   1.311,   0.800,   1.411
202607260706,   0.531,9999.000,9999.000,9999.000,9999.000,9999.000,9999.000,9999.000,9999.000
202607260712,   0.542,9999.000,9999.000,9999.000,9999.000,9999.000,9999.000,9999.000,9999.000
202607260718,   0.554,9999.000,9999.000,9999.000,9999.000,9999.000,9999.000,9999.000,9999.000
202607260724,   0.566,9999.000,9999.000,9999.000,9999.000,9999.000,9999.000,9999.000,9999.000
202607260730,   0.578,9999.000,9999.000,9999.000,9999.000,9999.000,9999.000,9999.000,9999.000
202607260736,   0.590,9999.000,9999.000,9999.000,9999.000,9999.000,9999.000,9999.000,9999.000
202607260742,   0.601,9999.000,9999.000,9999.000,9999.000,9999.000,9999.000,9999.000,9999.000
202607260748,   0.613,9999.000,9999.000,9999.000,9999.000,9999.000,9999.000,9999.000,9999.000
202607260754,   0.625,9999.000,9999.000,9999.000,9999.000,9999.000,9999.000,9999.000,9999.000
202607260800,   0.636,9999.000,   0.800,   0.092,   1.528,   0.800,   1.528,   0.800,   1.528
202607260806,   0.647,9999.000,9999.000,9999.000,9999.000,9999.000,9999.000,9999.000,9999.000
202607260812,   0.658,9999.000,9999.000,9999.000,9999.000,9999.000,9999.000,9999.000,9999.000
202607260818,   0.669,9999.000,9999.000,9999.000,9999.000,9999.000,9999.000,9999.000,9999.000
202607260824,   0.679,9999.000,9999.000,9999.000,9999.000,9999.000,9999.000,9999.000,9999.000
202607260830,   0.689,9999.000,9999.000,9999.000,9999.000,9999.000,9999.000,9999.000,9999.000
202607260836,   0.698,9999.000,9999.000,9999.000,9999.000,9999.000,9999.000,9999.000,9999.000
202607260842,   0.707,9999.000,9999.000,9999.000,9999.000,9999.000,9999.000,9999.000,9999.000
202607260848,   0.716,9999.000,9999.000,9999.000,9999.000,9999.000,9999.000,9999.000,9999.000
202607260854,   0.723,9999.000,9999.000,9999.000,9999.000,9999.000,9999.000,9999.000,9999.000
202607260900,   0.731,9999.000,   0.800,   0.092,   1.623,   0.800,   1.623,   0.800,   1.623
202607260906,   0.737,9999.000,9999.000,9999.000,9999.000,9999.000,9999.000,9999.000,9999.000
202607260912,   0.743,9999.000,9999.000,9999.000,9999.000,9999.000,9999.000,9999.000,9999.000
202607260918,   0.749,9999.000,9999.000,9999.000,9999.000,9999.000,9999.000,9999.000,9999.000
202607260924,   0.753,9999.000,9999.000,9999.000,9999.000,9999.000,9999.000,9999.000,9999.000
202607260930,   0.757,9999.000,9999.000,9999.000,9999.000,9999.000,9999.000,9999.000,9999.000
202607260936,   0.760,9999.000,9999.000,9999.000,9999.000,9999.000,9999.000,9999.000,9999.000
202607260942,   0.763,9999.000,9999.000,9999.000,9999.000,9999.000,9999.000,9999.000,9999.000
202607260948,   0.764,9999.000,9999.000,9999.000,9999.000,9999.000,9999.000,9999.000,9999.000
202607260954,   0.765,9999.000,9999.000,9999.000,9999.000,9999.000,9999.000,9999.000,9999.000
202607261000,   0.765,9999.000,   0.800,   0.092,   1.657,   0.800,   1.657,   0.800,   1.657
202607261006,   0.764,9999.000,9999.000,9999.000,9999.000,9999.000,9999.000,9999.000,9999.000
202607261012,   0.762,9999.000,9999.000,9999.000,9999.000,9999.000,9999.000,9999.000,9999.000
202607261018,   0.760,9999.000,9999.000,9999.000,9999.000,9999.000,9999.000,9999.000,9999.000
202607261024,   0.756,9999.000,9999.000,9999.000,9999.000,9999.000,9999.000,9999.000,9999.000
202607261030,   0.752,9999.000,9999.000,9999.000,9999.000,9999.000,9999.000,9999.000,9999.000
202607261036,   0.746,9999.000,9999.000,9999.000,9999.000,9999.000,9999.000,9999.000,9999.000
202607261042,   0.740,9999.000,9999.000,9999.000,9999.000,9999.000,9999.000,9999.000,9999.000
202607261048,   0.733,9999.000,9999.000,9999.000,9999.000,9999.000,9999.000,9999.000,9999.000
202607261054,   0.725,9999.000,9999.000,9999.000,9999.000,9999.000,9999.000,9999.000,9999.000
202607261100,   0.716,9999.000,   0.800,   0.092,   1.608,   0.800,   1.608,   0.800,   1.608
202607261106,   0.707,9999.000,9999.000,9999.000,9999.000,9999.000,9999.000,9999.000,9999.000
202607261112,   0.696,9999.000,9999.000,9999.000,9999.000,9999.000,9999.000,9999.000,9999.000
202607261118,   0.685,9999.000,9999.000,9999.000,9999.000,9999.000,9999.000,9999.000,9999.000
202607261124,   0.672,9999.000,9999.000,9999.000,9999.000,9999.000,9999.000,9999.000,9999.000
202607261130,   0.659,9999.000,9999.000,9999.000,9999.000,9999.000,9999.000,9999.000,9999.000
202607261136,   0.646,9999.000,9999.000,9999.000,9999.000,9999.000,9999.000,9999.000,9999.000
202607261142,   0.631,9999.000,9999.000,9999.000,9999.000,9999.000,9999.000,9999.000,9999.000
202607261148,   0.616,9999.000,9999.000,9999.000,9999.000,9999.000,9999.000,9999.000,9999.000
202607261154,   0.601,9999.000,9999.000,9999.000,9999.000,9999.000,9999.000,9999.000,9999.000
202607261200,   0.585,9999.000,   0.800,   0.092,   1.477,   0.800,   1.477,   0.800,   1.477
202607261206,   0.568,9999.000,9999.000,9999.000,9999.000,9999.000,9999.000,9999.000,9999.000
202607261212,   0.551,9999.000,9999.000,9999.000,9999.000,9999.000,9999.000,9999.000,9999.000
202607261218,   0.533,9999.000,9999.000,9999.000,9999.000,9999.000,9999.000,9999.000,9999.000
202607261224,   0.515,9999.000,9999.000,9999.000,9999.000,9999.000,9999.000,9999.000,9999.000
202607261230,   0.497,9999.000,9999.000,9999.000,9999.000,9999.000,9999.000,9999.000,9999.000
202607261236,   0.479,9999.000,9999.000,9999.000,9999.000,9999.000,9999.000,9999.000,9999.000
202607261242,   0.460,9999.000,9999.000,9999.000,9999.000,9999.000,9999.000,9999.000,9999.000
202607261248,   0.441,9999.000,9999.000,9999.000,9999.000,9999.000,9999.000,9999.000,9999.000
202607261254,   0.422,9999.000,9999.000,9999.000,9999.000,9999.000,9999.000,9999.000,9999.000
202607261300,   0.404,9999.000,   0.800,   0.092,   1.296,   0.800,   1.296,   0.800,   1.296
202607261306,   0.385,9999.000,9999.000,9999.000,9999.000,9999.000,9999.000,9999.000,9999.000
202607261312,   0.366,9999.000,9999.000,9999.000,9999.000,9999.000,9999.000,9999.000,9999.000
202607261318,   0.348,9999.000,9999.000,9999.000,9999.000,9999.000,9999.000,9999.000,9999.000
202607261324,   0.330,9999.000,9999.000,9999.000,9999.000,9999.000,9999.000,9999.000,9999.000
202607261330,   0.312,9999.000,9999.000,9999.000,9999.000,9999.000,9999.000,9999.000,9999.000
202607261336,   0.294,9999.000,9999.000,9999.000,9999.000,9999.000,9999.000,9999.000,9999.000
202607261342,   0.277,9999.000,9999.000,9999.000,9999.000,9999.000,9999.000,9999.000,9999.000
202607261348,   0.260,9999.000,9999.000,9999.000,9999.000,9999.000,9999.000,9999.000,9999.000
202607261354,   0.244,9999.000,9999.000,9999.000,9999.000,9999.000,9999.000,9999.000,9999.000
202607261400,   0.228,9999.000,   0.800,   0.092,   1.120,   0.800,   1.120,   0.800,   1.120
202607261406,   0.212,9999.000,9999.000,9999.000,9999.000,9999.000,9999.000,9999.000,9999.000
202607261412,   0.198,9999.000,9999.000,9999.000,9999.000,9999.000,9999.000,9999.000,9999.000
202607261418,   0.183,9999.000,9999.000,9999.000,9999.000,9999.000,9999.000,9999.000,9999.000
202607261424,   0.170,9999.000,9999.000,9999.000,9999.000,9999.000,9999.000,9999.000,9999.000
202607261430,   0.157,9999.000,9999.000,9999.000,9999.000,9999.000,9999.000,9999.000,9999.000
202607261436,   0.145,9999.000,9999.000,9999.000,9999.000,9999.000,9999.000,9999.000,9999.000
202607261442,   0.133,9999.000,9999.000,9999.000,9999.000,9999.000,9999.000,9999.000,9999.000
202607261448,   0.122,9999.000,9999.000,9999.000,9999.000,9999.000,9999.000,9999.000,9999.000
202607261454,   0.112,9999.000,9999.000,9999.000,9999.000,9999.000,9999.000,9999.000,9999.000
202607261500,   0.103,9999.000,   0.800,   0.092,   0.995,   0.800,   0.995,   0.800,   0.995
202607261506,   0.094,9999.000,9999.000,9999.000,9999.000,9999.000,9999.000,9999.000,9999.000
202607261512,   0.086,9999.000,9999.000,9999.000,9999.000,9999.000,9999.000,9999.000,9999.000
202607261518,   0.079,9999.000,9999.000,9999.000,9999.000,9999.000,9999.000,9999.000,9999.000
202607261524,   0.073,9999.000,9999.000,9999.000,9999.000,9999.000,9999.000,9999.000,9999.000
202607261530,   0.068,9999.000,9999.000,9999.000,9999.000,9999.000,9999.000,9999.000,9999.000
202607261536,   0.063,9999.000,9999.000,9999.000,9999.000,9999.000,9999.000,9999.000,9999.000
202607261542,   0.060,9999.000,9999.000,9999.000,9999.000,9999.000,9999.000,9999.000,9999.000
202607261548,   0.057,9999.000,9999.000,9999.000,9999.000,9999.000,9999.000,9999.000,9999.000
202607261554,   0.055,9999.000,9999.000,9999.000,9999.000,9999.000,9999.000,9999.000,9999.000
202607261600,   0.053,9999.000,   0.800,   0.092,   0.945,   0.800,   0.945,   0.800,   0.945
202607261606,   0.053,9999.000,9999.000,9999.000,9999.000,9999.000,9999.000,9999.000,9999.000
202607261612,   0.054,9999.000,9999.000,9999.000,9999.000,9999.000,9999.000,9999.000,9999.000
202607261618,   0.055,9999.000,9999.000,9999.000,9999.000,9999.000,9999.000,9999.000,9999.000
202607261624,   0.058,9999.000,9999.000,9999.000,9999.000,9999.000,9999.000,9999.000,9999.000
202607261630,   0.061,9999.000,9999.000,9999.000,9999.000,9999.000,9999.000,9999.000,9999.000
202607261636,   0.066,9999.000,9999.000,9999.000,9999.000,9999.000,9999.000,9999.000,9999.000
202607261642,   0.071,9999.000,9999.000,9999.000,9999.000,9999.000,9999.000,9999.000,9999.000
202607261648,   0.077,9999.000,9999.000,9999.000,9999.000,9999.000,9999.000,9999.000,9999.000
202607261654,   0.084,9999.000,9999.000,9999.000,9999.000,9999.000,9999.000,9999.000,9999.000
202607261700,   0.092,9999.000,   0.800,   0.092,   0.984,   0.800,   0.984,   0.800,   0.984
202607261706,   0.102,9999.000,9999.000,9999.000,9999.000,9999.000,9999.000,9999.000,9999.000
202607261712,   0.112,9999.000,9999.000,9999.000,9999.000,9999.000,9999.000,9999.000,9999.000
202607261718,   0.123,9999.000,9999.000,9999.000,9999.000,9999.000,9999.000,9999.000,9999.000
202607261724,   0.135,9999.000,9999.000,9999.000,9999.000,9999.000,9999.000,9999.000,9999.000
202607261730,   0.148,9999.000,9999.000,9999.000,9999.000,9999.000,9999.000,9999.000,9999.000
202607261736,   0.162,9999.000,9999.000,9999.000,9999.000,9999.000,9999.000,9999.000,9999.000
202607261742,   0.178,9999.000,9999.000,9999.000,9999.000,9999.000,9999.000,9999.000,9999.000
202607261748,   0.194,9999.000,9999.000,9999.000,9999.000,9999.000,9999.000,9999.000,9999.000
202607261754,   0.211,9999.000,9999.000,9999.000,9999.000,9999.000,9999.000,9999.000,9999.000
202607261800,   0.229,9999.000,   0.800,   0.092,   1.121,   0.800,   1.121,   0.900,   1.221
202607261806,   0.247,9999.000,9999.000,9999.000,9999.000,9999.000,9999.000,9999.000,9999.000
202607261812,   0.267,9999.000,9999.000,9999.000,9999.000,9999.000,9999.000,9999.000,9999.000
202607261818,   0.288,9999.000,9999.000,9999.000,9999.000,9999.000,9999.000,9999.000,9999.000
202607261824,   0.309,9999.000,9999.000,9999.000,9999.000,9999.000,9999.000,9999.000,9999.000
202607261830,   0.331,9999.000,9999.000,9999.000,9999.000,9999.000,9999.000,9999.000,9999.000
202607261836,   0.354,9999.000,9999.000,9999.000,9999.000,9999.000,9999.000,9999.000,9999.000
202607261842,   0.378,9999.000,9999.000,9999.000,9999.000,9999.000,9999.000,9999.000,9999.000
202607261848,   0.402,9999.000,9999.000,9999.000,9999.000,9999.000,9999.000,9999.000,9999.000
202607261854,   0.427,9999.000,9999.000,9999.000,9999.000,9999.000,9999.000,9999.000,9999.000
202607261900,   0.453,9999.000,   0.800,   0.092,   1.345,   0.800,   1.345,   0.900,   1.445
202607261906,   0.479,9999.000,9999.000,9999.000,9999.000,9999.000,9999.000,9999.000,9999.000
202607261912,   0.505,9999.000,9999.000,9999.000,9999.000,9999.000,9999.000,9999.000,9999.000
202607261918,   0.532,9999.000,9999.000,9999.000,9999.000,9999.000,9999.000,9999.000,9999.000
202607261924,   0.559,9999.000,9999.000,9999.000,9999.000,9999.000,9999.000,9999.000,9999.000
202607261930,   0.587,9999.000,9999.000,9999.000,9999.000,9999.000,9999.000,9999.000,9999.000
202607261936,   0.615,9999.000,9999.000,9999.000,9999.000,9999.000,9999.000,9999.000,9999.000
202607261942,   0.643,9999.000,9999.000,9999.000,9999.000,9999.000,9999.000,9999.000,9999.000
202607261948,   0.671,9999.000,9999.000,9999.000,9999.000,9999.000,9999.000,9999.000,9999.000
202607261954,   0.700,9999.000,9999.000,9999.000,9999.000,9999.000,9999.000,9999.000,9999.000
202607262000,   0.728,9999.000,   0.800,   0.092,   1.620,   0.800,   1.620,   0.800,   1.620
202607262006,   0.756,9999.000,9999.000,9999.000,9999.000,9999.000,9999.000,9999.000,9999.000
202607262012,   0.785,9999.000,9999.000,9999.000,9999.000,9999.000,9999.000,9999.000,9999.000
202607262018,   0.813,9999.000,9999.000,9999.000,9999.000,9999.000,9999.000,9999.000,9999.000
202607262024,   0.841,9999.000,9999.000,9999.000,9999.000,9999.000,9999.000,9999.000,9999.000
202607262030,   0.868,9999.000,9999.000,9999.000,9999.000,9999.000,9999.000,9999.000,9999.000
202607262036,   0.896,9999.000,9999.000,9999.000,9999.000,9999.000,9999.000,9999.000,9999.000
202607262042,   0.923,9999.000,9999.000,9999.000,9999.000,9999.000,9999.000,9999.000,9999.000
202607262048,   0.950,9999.000,9999.000,9999.000,9999.000,9999.000,9999.000,9999.000,9999.000
202607262054,   0.976,9999.000,9999.000,9999.000,9999.000,9999.000,9999.000,9999.000,9999.000
202607262100,   1.002,9999.000,   0.800,   0.092,   1.894,   0.800,   1.894,   0.800,   1.894
202607262106,   1.027,9999.000,9999.000,9999.000,9999.000,9999.000,9999.000,9999.000,9999.000
202607262112,   1.052,9999.000,9999.000,9999.000,9999.000,9999.000,9999.000,9999.000,9999.000
202607262118,   1.076,9999.000,9999.000,9999.000,9999.000,9999.000,9999.000,9999.000,9999.000
202607262124,   1.099,9999.000,9999.000,9999.000,9999.000,9999.000,9999.000,9999.000,9999.000
202607262130,   1.122,9999.000,9999.000,9999.000,9999.000,9999.000,9999.000,9999.000,9999.000
202607262136,   1.144,9999.000,9999.000,9999.000,9999.000,9999.000,9999.000,9999.000,9999.000
202607262142,   1.165,9999.000,9999.000,9999.000,9999.000,9999.000,9999.000,9999.000,9999.000
202607262148,   1.185,9999.000,9999.000,9999.000,9999.000,9999.000,9999.000,9999.000,9999.000
202607262154,   1.204,9999.000,9999.000,9999.000,9999.000,9999.000,9999.000,9999.000,9999.000
202607262200,   1.223,9999.000,   0.800,   0.092,   2.115,   0.800,   2.115,   0.800,   2.115
202607262206,   1.240,9999.000,9999.000,9999.000,9999.000,9999.000,9999.000,9999.000,9999.000
202607262212,   1.256,9999.000,9999.000,9999.000,9999.000,9999.000,9999.000,9999.000,9999.000
202607262218,   1.272,9999.000,9999.000,9999.000,9999.000,9999.000,9999.000,9999.000,9999.000
202607262224,   1.286,9999.000,9999.000,9999.000,9999.000,9999.000,9999.000,9999.000,9999.000
202607262230,   1.299,9999.000,9999.000,9999.000,9999.000,9999.000,9999.000,9999.000,9999.000
202607262236,   1.311,9999.000,9999.000,9999.000,9999.000,9999.000,9999.000,9999.000,9999.000
202607262242,   1.322,9999.000,9999.000,9999.000,9999.000,9999.000,9999.000,9999.000,9999.000
202607262248,   1.331,9999.000,9999.000,9999.000,9999.000,9999.000,9999.000,9999.000,9999.000
202607262254,   1.339,9999.000,9999.000,9999.000,9999.000,9999.000,9999.000,9999.000,9999.000
202607262300,   1.346,9999.000,   0.800,   0.092,   2.238,   0.800,   2.238,   0.800,   2.238
202607262306,   1.352,9999.000,9999.000,9999.000,9999.000,9999.000,9999.000,9999.000,9999.000
202607262312,   1.357,9999.000,9999.000,9999.000,9999.000,9999.000,9999.000,9999.000,9999.000
202607262318,   1.360,9999.000,9999.000,9999.000,9999.000,9999.000,9999.000,9999.000,9999.000
202607262324,   1.361,9999.000,9999.000,9999.000,9999.000,9999.000,9999.000,9999.000,9999.000
202607262330,   1.362,9999.000,9999.000,9999.000,9999.000,9999.000,9999.000,9999.000,9999.000
202607262336,   1.361,9999.000,9999.000,9999.000,9999.000,9999.000,9999.000,9999.000,9999.000
202607262342,   1.359,9999.000,9999.000,9999.000,9999.000,9999.000,9999.000,9999.000,9999.000
202607262348,   1.355,9999.000,9999.000,9999.000,9999.000,9999.000,9999.000,9999.000,9999.000
202607262354,   1.350,9999.000,9999.000,9999.000,9999.000,9999.000,9999.000,9999.000,9999.000
202607270000,   1.344,9999.000,   0.800,   0.092,   2.236,   0.800,   2.236,   0.800,   2.236
202607270006,   1.337,9999.000,9999.000,9999.000,9999.000,9999.000,9999.000,9999.000,9999.000
202607270012,   1.329,9999.000,9999.000,9999.000,9999.000,9999.000,9999.000,9999.000,9999.000
202607270018,   1.319,9999.000,9999.000,9999.000,9999.000,9999.000,9999.000,9999.000,9999.000
202607270024,   1.308,9999.000,9999.000,9999.000,9999.000,9999.000,9999.000,9999.000,9999.000
202607270030,   1.296,9999.000,9999.000,9999.000,9999.000,9999.000,9999.000,9999.000,9999.000
202607270036,   1.283,9999.000,9999.000,9999.000,9999.000,9999.000,9999.000,9999.000,9999.000
202607270042,   1.269,9999.000,9999.000,9999.000,9999.000,9999.000,9999.000,9999.000,9999.000
202607270048,   1.254,9999.000,9999.000,9999.000,9999.000,9999.000,9999.000,9999.000,9999.000
202607270054,   1.238,9999.000,9999.000,9999.000,9999.000,9999.000,9999.000,9999.000,9999.000
202607270100,   1.221,9999.000,   0.800,   0.092,   2.113,   0.800,   2.113,   0.800,   2.113
202607270106,   1.203,9999.000,9999.000,9999.000,9999.000,9999.000,9999.000,9999.000,9999.000
202607270112,   1.185,9999.000,9999.000,9999.000,9999.000,9999.000,9999.000,9999.000,9999.000
202607270118,   1.165,9999.000,9999.000,9999.000,9999.000,9999.000,9999.000,9999.000,9999.000
202607270124,   1.146,9999.000,9999.000,9999.000,9999.000,9999.000,9999.000,9999.000,9999.000
202607270130,   1.125,9999.000,9999.000,9999.000,9999.000,9999.000,9999.000,9999.000,9999.000
202607270136,   1.104,9999.000,9999.000,9999.000,9999.000,9999.000,9999.000,9999.000,9999.000
202607270142,   1.083,9999.000,9999.000,9999.000,9999.000,9999.000,9999.000,9999.000,9999.000
202607270148,   1.061,9999.000,9999.000,9999.000,9999.000,9999.000,9999.000,9999.000,9999.000
202607270154,   1.039,9999.000,9999.000,9999.000,9999.000,9999.000,9999.000,9999.000,9999.000
202607270200,   1.017,9999.000,   0.800,   0.092,   1.909,   0.700,   1.809,   0.800,   1.909
202607270206,   0.994,9999.000,9999.000,9999.000,9999.000,9999.000,9999.000,9999.000,9999.000
202607270212,   0.972,9999.000,9999.000,9999.000,9999.000,9999.000,9999.000,9999.000,9999.000
202607270218,   0.949,9999.000,9999.000,9999.000,9999.000,9999.000,9999.000,9999.000,9999.000
202607270224,   0.926,9999.000,9999.000,9999.000,9999.000,9999.000,9999.000,9999.000,9999.000
202607270230,   0.903,9999.000,9999.000,9999.000,9999.000,9999.000,9999.000,9999.000,9999.000
202607270236,   0.880,9999.000,9999.000,9999.000,9999.000,9999.000,9999.000,9999.000,9999.000
202607270242,   0.858,9999.000,9999.000,9999.000,9999.000,9999.000,9999.000,9999.000,9999.000
202607270248,   0.835,9999.000,9999.000,9999.000,9999.000,9999.000,9999.000,9999.000,9999.000
202607270254,   0.813,9999.000,9999.000,9999.000,9999.000,9999.000,9999.000,9999.000,9999.000
202607270300,   0.790,9999.000,   0.800,   0.092,   1.682,   0.700,   1.582,   0.800,   1.682
202607270306,   0.768,9999.000,9999.000,9999.000,9999.000,9999.000,9999.000,9999.000,9999.000
202607270312,   0.747,9999.000,9999.000,9999.000,9999.000,9999.000,9999.000,9999.000,9999.000
202607270318,   0.725,9999.000,9999.000,9999.000,9999.000,9999.000,9999.000,9999.000,9999.000
202607270324,   0.705,9999.000,9999.000,9999.000,9999.000,9999.000,9999.000,9999.000,9999.000
202607270330,   0.684,9999.000,9999.000,9999.000,9999.000,9999.000,9999.000,9999.000,9999.000
202607270336,   0.664,9999.000,9999.000,9999.000,9999.000,9999.000,9999.000,9999.000,9999.000
202607270342,   0.644,9999.000,9999.000,9999.000,9999.000,9999.000,9999.000,9999.000,9999.000
202607270348,   0.625,9999.000,9999.000,9999.000,9999.000,9999.000,9999.000,9999.000,9999.000
202607270354,   0.607,9999.000,9999.000,9999.000,9999.000,9999.000,9999.000,9999.000,9999.000
202607270400,   0.589,9999.000,   0.800,   0.092,   1.481,   0.700,   1.381,   0.800,   1.481
202607270406,   0.572,9999.000,9999.000,9999.000,9999.000,9999.000,9999.000,9999.000,9999.000
202607270412,   0.555,9999.000,9999.000,9999.000,9999.000,9999.000,9999.000,9999.000,9999.000
202607270418,   0.539,9999.000,9999.000,9999.000,9999.000,9999.000,9999.000,9999.000,9999.000
202607270424,   0.524,9999.000,9999.000,9999.000,9999.000,9999.000,9999.000,9999.000,9999.000
202607270430,   0.509,9999.000,9999.000,9999.000,9999.000,9999.000,9999.000,9999.000,9999.000
202607270436,   0.495,9999.000,9999.000,9999.000,9999.000,9999.000,9999.000,9999.000,9999.000
202607270442,   0.482,9999.000,9999.000,9999.000,9999.000,9999.000,9999.000,9999.000,9999.000
202607270448,   0.470,9999.000,9999.000,9999.000,9999.000,9999.000,9999.000,9999.000,9999.000
202607270454,   0.459,9999.000,9999.000,9999.000,9999.000,9999.000,9999.000,9999.000,9999.000
202607270500,   0.448,9999.000,   0.800,   0.092,   1.340,   0.700,   1.240,   0.800,   1.340
202607270506,   0.439,9999.000,9999.000,9999.000,9999.000,9999.000,9999.000,9999.000,9999.000
202607270512,   0.430,9999.000,9999.000,9999.000,9999.000,9999.000,9999.000,9999.000,9999.000
202607270518,   0.422,9999.000,9999.000,9999.000,9999.000,9999.000,9999.000,9999.000,9999.000
202607270524,   0.416,9999.000,9999.000,9999.000,9999.000,9999.000,9999.000,9999.000,9999.000
202607270530,   0.410,9999.000,9999.000,9999.000,9999.000,9999.000,9999.000,9999.000,9999.000
202607270536,   0.405,9999.000,9999.000,9999.000,9999.000,9999.000,9999.000,9999.000,9999.000
202607270542,   0.401,9999.000,9999.000,9999.000,9999.000,9999.000,9999.000,9999.000,9999.000
202607270548,   0.399,9999.000,9999.000,9999.000,9999.000,9999.000,9999.000,9999.000,9999.000
202607270554,   0.397,9999.000,9999.000,9999.000,9999.000,9999.000,9999.000,9999.000,9999.000
202607270600,   0.396,9999.000,   0.800,   0.092,   1.288,   0.700,   1.188,   0.800,   1.288
202607270606,   0.396,9999.000,9999.000,9999.000,9999.000,9999.000,9999.000,9999.000,9999.000
202607270612,   0.397,9999.000,9999.000,9999.000,9999.000,9999.000,9999.000,9999.000,9999.000
202607270618,   0.400,9999.000,9999.000,9999.000,9999.000,9999.000,9999.000,9999.000,9999.000
202607270624,   0.403,9999.000,9999.000,9999.000,9999.000,9999.000,9999.000,9999.000,9999.000
202607270630,   0.407,9999.000,9999.000,9999.000,9999.000,9999.000,9999.000,9999.000,9999.000
202607270636,   0.412,9999.000,9999.000,9999.000,9999.000,9999.000,9999.000,9999.000,9999.000
202607270642,   0.418,9999.000,9999.000,9999.000,9999.000,9999.000,9999.000,9999.000,9999.000
202607270648,   0.424,9999.000,9999.000,9999.000,9999.000,9999.000,9999.000,9999.000,9999.000
202607270654,   0.432,9999.000,9999.000,9999.000,9999.000,9999.000,9999.000,9999.000,9999.000
202607270700,   0.440,9999.000,   0.800,   0.092,   1.332,   0.700,   1.232,   0.800,   1.332
202607270706,   0.449,9999.000,9999.000,9999.000,9999.000,9999.000,9999.000,9999.000,9999.000
202607270712,   0.459,9999.000,9999.000,9999.000,9999.000,9999.000,9999.000,9999.000,9999.000
202607270718,   0.469,9999.000,9999.000,9999.000,9999.000,9999.000,9999.000,9999.000,9999.000
202607270724,   0.480,9999.000,9999.000,9999.000,9999.000,9999.000,9999.000,9999.000,9999.000
202607270730,   0.491,9999.000,9999.000,9999.000,9999.000,9999.000,9999.000,9999.000,9999.000
202607270736,   0.503,9999.000,9999.000,9999.000,9999.000,9999.000,9999.000,9999.000,9999.000
202607270742,   0.515,9999.000,9999.000,9999.000,9999.000,9999.000,9999.000,9999.000,9999.000
202607270748,   0.528,9999.000,9999.000,9999.000,9999.000,9999.000,9999.000,9999.000,9999.000
202607270754,   0.541,9999.000,9999.000,9999.000,9999.000,9999.000,9999.000,9999.000,9999.000
202607270800,   0.554,9999.000,   0.800,   0.092,   1.446,   0.700,   1.346,   0.800,   1.446
202607270806,   0.567,9999.000,9999.000,9999.000,9999.000,9999.000,9999.000,9999.000,9999.000
202607270812,   0.580,9999.000,9999.000,9999.000,9999.000,9999.000,9999.000,9999.000,9999.000
202607270818,   0.594,9999.000,9999.000,9999.000,9999.000,9999.000,9999.000,9999.000,9999.000
202607270824,   0.607,9999.000,9999.000,9999.000,9999.000,9999.000,9999.000,9999.000,9999.000
202607270830,   0.620,9999.000,9999.000,9999.000,9999.000,9999.000,9999.000,9999.000,9999.000
202607270836,   0.634,9999.000,9999.000,9999.000,9999.000,9999.000,9999.000,9999.000,9999.000
202607270842,   0.647,9999.000,9999.000,9999.000,9999.000,9999.000,9999.000,9999.000,9999.000
202607270848,   0.659,9999.000,9999.000,9999.000,9999.000,9999.000,9999.000,9999.000,9999.000
202607270854,   0.672,9999.000,9999.000,9999.000,9999.000,9999.000,9999.000,9999.000,9999.000
202607270900,   0.684,9999.000,   0.800,   0.092,   1.576,   0.700,   1.476,   0.800,   1.576
202607270906,   0.696,9999.000,9999.000,9999.000,9999.000,9999.000,9999.000,9999.000,9999.000
202607270912,   0.707,9999.000,9999.000,9999.000,9999.000,9999.000,9999.000,9999.000,9999.000
202607270918,   0.718,9999.000,9999.000,9999.000,9999.000,9999.000,9999.000,9999.000,9999.000
202607270924,   0.728,9999.000,9999.000,9999.000,9999.000,9999.000,9999.000,9999.000,9999.000
202607270930,   0.738,9999.000,9999.000,9999.000,9999.000,9999.000,9999.000,9999.000,9999.000
202607270936,   0.748,9999.000,9999.000,9999.000,9999.000,9999.000,9999.000,9999.000,9999.000
202607270942,   0.756,9999.000,9999.000,9999.000,9999.000,9999.000,9999.000,9999.000,9999.000
202607270948,   0.764,9999.000,9999.000,9999.000,9999.000,9999.000,9999.000,9999.000,9999.000
202607270954,   0.771,9999.000,9999.000,9999.000,9999.000,9999.000,9999.000,9999.000,9999.000
202607271000,   0.778,9999.000,   0.800,   0.092,   1.670,   0.700,   1.570,   0.800,   1.670
202607271006,   0.784,9999.000,9999.000,9999.000,9999.000,9999.000,9999.000,9999.000,9999.000
202607271012,   0.789,9999.000,9999.000,9999.000,9999.000,9999.000,9999.000,9999.000,9999.000
202607271018,   0.793,9999.000,9999.000,9999.000,9999.000,9999.000,9999.000,9999.000,9999.000
202607271024,   0.796,9999.000,9999.000,9999.000,9999.000,9999.000,9999.000,9999.000,9999.000
202607271030,   0.799,9999.000,9999.000,9999.000,9999.000,9999.000,9999.000,9999.000,9999.000
202607271036,   0.800,9999.000,9999.000,9999.000,9999.000,9999.000,9999.000,9999.000,9999.000
202607271042,   0.801,9999.000,9999.000,9999.000,9999.000,9999.000,9999.000,9999.000,9999.000
202607271048,   0.801,9999.000,9999.000,9999.000,9999.000,9999.000,9999.000,9999.000,9999.000
202607271054,   0.800,9999.000,9999.000,9999.000,9999.000,9999.000,9999.000,9999.000,9999.000
202607271100,   0.798,9999.000,   0.800,   0.092,   1.690,   0.700,   1.590,   0.800,   1.690
202607271106,   0.795,9999.000,9999.000,9999.000,9999.000,9999.000,9999.000,9999.000,9999.000
202607271112,   0.791,9999.000,9999.000,9999.000,9999.000,9999.000,9999.000,9999.000,9999.000
202607271118,   0.786,9999.000,9999.000,9999.000,9999.000,9999.000,9999.000,9999.000,9999.000
202607271124,   0.780,9999.000,9999.000,9999.000,9999.000,9999.000,9999.000,9999.000,9999.000
202607271130,   0.773,9999.000,9999.000,9999.000,9999.000,9999.000,9999.000,9999.000,9999.000
202607271136,   0.766,9999.000,9999.000,9999.000,9999.000,9999.000,9999.000,9999.000,9999.000
202607271142,   0.757,9999.000,9999.000,9999.000,9999.000,9999.000,9999.000,9999.000,9999.000
202607271148,   0.747,9999.000,9999.000,9999.000,9999.000,9999.000,9999.000,9999.000,9999.000
202607271154,   0.737,9999.000,9999.000,9999.000,9999.000,9999.000,9999.000,9999.000,9999.000
202607271200,   0.726,9999.000,   0.700,   0.092,   1.518,   0.700,   1.518,   0.800,   1.618
202607271206,   0.714,9999.000,9999.000,9999.000,9999.000,9999.000,9999.000,9999.000,9999.000
202607271212,   0.701,9999.000,9999.000,9999.000,9999.000,9999.000,9999.000,9999.000,9999.000
202607271218,   0.687,9999.000,9999.000,9999.000,9999.000,9999.000,9999.000,9999.000,9999.000
202607271224,   0.672,9999.000,9999.000,9999.000,9999.000,9999.000,9999.000,9999.000,9999.000
202607271230,   0.657,9999.000,9999.000,9999.000,9999.000,9999.000,9999.000,9999.000,9999.000
202607271236,   0.641,9999.000,9999.000,9999.000,9999.000,9999.000,9999.000,9999.000,9999.000
202607271242,   0.625,9999.000,9999.000,9999.000,9999.000,9999.000,9999.000,9999.000,9999.000
202607271248,   0.608,9999.000,9999.000,9999.000,9999.000,9999.000,9999.000,9999.000,9999.000
202607271254,   0.590,9999.000,9999.000,9999.000,9999.000,9999.000,9999.000,9999.000,9999.000
202607271300,   0.572,9999.000,   0.700,   0.092,   1.364,   0.700,   1.364,   0.800,   1.464
202607271306,   0.554,9999.000,9999.000,9999.000,9999.000,9999.000,9999.000,9999.000,9999.000
202607271312,   0.535,9999.000,9999.000,9999.000,9999.000,9999.000,9999.000,9999.000,9999.000
202607271318,   0.515,9999.000,9999.000,9999.000,9999.000,9999.000,9999.000,9999.000,9999.000
202607271324,   0.496,9999.000,9999.000,9999.000,9999.000,9999.000,9999.000,9999.000,9999.000
202607271330,   0.477,9999.000,9999.000,9999.000,9999.000,9999.000,9999.000,9999.000,9999.000
202607271336,   0.457,9999.000,9999.000,9999.000,9999.000,9999.000,9999.000,9999.000,9999.000
202607271342,   0.437,9999.000,9999.000,9999.000,9999.000,9999.000,9999.000,9999.000,9999.000
202607271348,   0.417,9999.000,9999.000,9999.000,9999.000,9999.000,9999.000,9999.000,9999.000
202607271354,   0.398,9999.000,9999.000,9999.000,9999.000,9999.000,9999.000,9999.000,9999.000
202607271400,   0.378,9999.000,   0.700,   0.092,   1.170,   0.700,   1.170,   0.800,   1.270
202607271406,   0.359,9999.000,9999.000,9999.000,9999.000,9999.000,9999.000,9999.000,9999.000
202607271412,   0.340,9999.000,9999.000,9999.000,9999.000,9999.000,9999.000,9999.000,9999.000
202607271418,   0.321,9999.000,9999.000,9999.000,9999.000,9999.000,9999.000,9999.000,9999.000
202607271424,   0.302,9999.000,9999.000,9999.000,9999.000,9999.000,9999.000,9999.000,9999.000
202607271430,   0.284,9999.000,9999.000,9999.000,9999.000,9999.000,9999.000,9999.000,9999.000
202607271436,   0.266,9999.000,9999.000,9999.000,9999.000,9999.000,9999.000,9999.000,9999.000
202607271442,   0.249,9999.000,9999.000,9999.000,9999.000,9999.000,9999.000,9999.000,9999.000
202607271448,   0.232,9999.000,9999.000,9999.000,9999.000,9999.000,9999.000,9999.000,9999.000
202607271454,   0.216,9999.000,9999.000,9999.000,9999.000,9999.000,9999.000,9999.000,9999.000
202607271500,   0.201,9999.000,   0.700,   0.092,   0.993,   0.700,   0.993,   0.800,   1.093
202607271506,   0.186,9999.000,9999.000,9999.000,9999.000,9999.000,9999.000,9999.000,9999.000
202607271512,   0.171,9999.000,9999.000,9999.000,9999.000,9999.000,9999.000,9999.000,9999.000
202607271518,   0.158,9999.000,9999.000,9999.000,9999.000,9999.000,9999.000,9999.000,9999.000
202607271524,   0.145,9999.000,9999.000,9999.000,9999.000,9999.000,9999.000,9999.000,9999.000
202607271530,   0.133,9999.000,9999.000,9999.000,9999.000,9999.000,9999.000,9999.000,9999.000
202607271536,   0.121,9999.000,9999.000,9999.000,9999.000,9999.000,9999.000,9999.000,9999.000
202607271542,   0.110,9999.000,9999.000,9999.000,9999.000,9999.000,9999.000,9999.000,9999.000
202607271548,   0.101,9999.000,9999.000,9999.000,9999.000,9999.000,9999.000,9999.000,9999.000
202607271554,   0.092,9999.000,9999.000,9999.000,9999.000,9999.000,9999.000,9999.000,9999.000
202607271600,   0.083,9999.000,   0.700,   0.092,   0.875,   0.700,   0.875,   0.800,   0.975
202607271606,   0.076,9999.000,9999.000,9999.000,9999.000,9999.000,9999.000,9999.000,9999.000
202607271612,   0.069,9999.000,9999.000,9999.000,9999.000,9999.000,9999.000,9999.000,9999.000
202607271618,   0.064,9999.000,9999.000,9999.000,9999.000,9999.000,9999.000,9999.000,9999.000
202607271624,   0.059,9999.000,9999.000,9999.000,9999.000,9999.000,9999.000,9999.000,9999.000
202607271630,   0.055,9999.000,9999.000,9999.000,9999.000,9999.000,9999.000,9999.000,9999.000
202607271636,   0.052,9999.000,9999.000,9999.000,9999.000,9999.000,9999.000,9999.000,9999.000
202607271642,   0.050,9999.000,9999.000,9999.000,9999.000,9999.000,9999.000,9999.000,9999.000
202607271648,   0.049,9999.000,9999.000,9999.000,9999.000,9999.000,9999.000,9999.000,9999.000
202607271654,   0.049,9999.000,9999.000,9999.000,9999.000,9999.000,9999.000,9999.000,9999.000
202607271700,   0.050,9999.000,   0.700,   0.092,   0.842,   0.700,   0.842,   0.800,   0.942
202607271706,   0.052,9999.000,9999.000,9999.000,9999.000,9999.000,9999.000,9999.000,9999.000
202607271712,   0.054,9999.000,9999.000,9999.000,9999.000,9999.000,9999.000,9999.000,9999.000
202607271718,   0.058,9999.000,9999.000,9999.000,9999.000,9999.000,9999.000,9999.000,9999.000
202607271724,   0.063,9999.000,9999.000,9999.000,9999.000,9999.000,9999.000,9999.000,9999.000
202607271730,   0.069,9999.000,9999.000,9999.000,9999.000,9999.000,9999.000,9999.000,9999.000
202607271736,   0.076,9999.000,9999.000,9999.000,9999.000,9999.000,9999.000,9999.000,9999.000
202607271742,   0.084,9999.000,9999.000,9999.000,9999.000,9999.000,9999.000,9999.000,9999.000
202607271748,   0.093,9999.000,9999.000,9999.000,9999.000,9999.000,9999.000,9999.000,9999.000
202607271754,   0.104,9999.000,9999.000,9999.000,9999.000,9999.000,9999.000,9999.000,9999.000
202607271800,   0.115,9999.000,   0.800,   0.092,   1.007,   0.700,   0.907,   0.800,   1.007
202607271806,   0.127,9999.000,9999.000,9999.000,9999.000,9999.000,9999.000,9999.000,9999.000
202607271812,   0.141,9999.000,9999.000,9999.000,9999.000,9999.000,9999.000,9999.000,9999.000
202607271818,   0.155,9999.000,9999.000,9999.000,9999.000,9999.000,9999.000,9999.000,9999.000
202607271824,   0.171,9999.000,9999.000,9999.000,9999.000,9999.000,9999.000,9999.000,9999.000
202607271830,   0.187,9999.000,9999.000,9999.000,9999.000,9999.000,9999.000,9999.000,9999.000
202607271836,   0.205,9999.000,9999.000,9999.000,9999.000,9999.000,9999.000,9999.000,9999.000
202607271842,   0.224,9999.000,9999.000,9999.000,9999.000,9999.000,9999.000,9999.000,9999.000
202607271848,   0.243,9999.000,9999.000,9999.000,9999.000,9999.000,9999.000,9999.000,9999.000
202607271854,   0.264,9999.000,9999.000,9999.000,9999.000,9999.000,9999.000,9999.000,9999.000
202607271900,   0.286,9999.000,   0.800,   0.092,   1.178,   0.700,   1.078,   0.800,   1.178
202607271906,   0.308,9999.000,9999.000,9999.000,9999.000,9999.000,9999.000,9999.000,9999.000
202607271912,   0.331,9999.000,9999.000,9999.000,9999.000,9999.000,9999.000,9999.000,9999.000
202607271918,   0.356,9999.000,9999.000,9999.000,9999.000,9999.000,9999.000,9999.000,9999.000
202607271924,   0.381,9999.000,9999.000,9999.000,9999.000,9999.000,9999.000,9999.000,9999.000
202607271930,   0.406,9999.000,9999.000,9999.000,9999.000,9999.000,9999.000,9999.000,9999.000
202607271936,   0.433,9999.000,9999.000,9999.000,9999.000,9999.000,9999.000,9999.000,9999.000
202607271942,   0.460,9999.000,9999.000,9999.000,9999.000,9999.000,9999.000,9999.000,9999.000
202607271948,   0.487,9999.000,9999.000,9999.000,9999.000,9999.000,9999.000,9999.000,9999.000
202607271954,   0.516,9999.000,9999.000,9999.000,9999.000,9999.000,9999.000,9999.000,9999.000
202607272000,   0.544,9999.000,   0.800,   0.092,   1.436,   0.700,   1.336,   0.800,   1.436
202607272006,   0.573,9999.000,9999.000,9999.000,9999.000,9999.000,9999.000,9999.000,9999.000
202607272012,   0.603,9999.000,9999.000,9999.000,9999.000,9999.000,9999.000,9999.000,9999.000
202607272018,   0.632,9999.000,9999.000,9999.000,9999.000,9999.000,9999.000,9999.000,9999.000
202607272024,   0.662,9999.000,9999.000,9999.000,9999.000,9999.000,9999.000,9999.000,9999.000
202607272030,   0.692,9999.000,9999.000,9999.000,9999.000,9999.000,9999.000,9999.000,9999.000
202607272036,   0.722,9999.000,9999.000,9999.000,9999.000,9999.000,9999.000,9999.000,9999.000
202607272042,   0.753,9999.000,9999.000,9999.000,9999.000,9999.000,9999.000,9999.000,9999.000
202607272048,   0.783,9999.000,9999.000,9999.000,9999.000,9999.000,9999.000,9999.000,9999.000
202607272054,   0.813,9999.000,9999.000,9999.000,9999.000,9999.000,9999.000,9999.000,9999.000
202607272100,   0.843,9999.000,   0.800,   0.092,   1.735,   0.700,   1.635,   0.800,   1.735
202607272106,   0.872,9999.000,9999.000,9999.000,9999.000,9999.000,9999.000,9999.000,9999.000
202607272112,   0.902,9999.000,9999.000,9999.000,9999.000,9999.000,9999.000,9999.000,9999.000
202607272118,   0.931,9999.000,9999.000,9999.000,9999.000,9999.000,9999.000,9999.000,9999.000
202607272124,   0.959,9999.000,9999.000,9999.000,9999.000,9999.000,9999.000,9999.000,9999.000
202607272130,   0.987,9999.000,9999.000,9999.000,9999.000,9999.000,9999.000,9999.000,9999.000
202607272136,   1.015,9999.000,9999.000,9999.000,9999.000,9999.000,9999.000,9999.000,9999.000
202607272142,   1.042,9999.000,9999.000,9999.000,9999.000,9999.000,9999.000,9999.000,9999.000
202607272148,   1.069,9999.000,9999.000,9999.000,9999.000,9999.000,9999.000,9999.000,9999.000
202607272154,   1.094,9999.000,9999.000,9999.000,9999.000,9999.000,9999.000,9999.000,9999.000
202607272200,   1.120,9999.000,   0.800,   0.092,   2.012,   0.700,   1.912,   0.800,   2.012
202607272206,   1.144,9999.000,9999.000,9999.000,9999.000,9999.000,9999.000,9999.000,9999.000
202607272212,   1.167,9999.000,9999.000,9999.000,9999.000,9999.000,9999.000,9999.000,9999.000
202607272218,   1.190,9999.000,9999.000,9999.000,9999.000,9999.000,9999.000,9999.000,9999.000
202607272224,   1.212,9999.000,9999.000,9999.000,9999.000,9999.000,9999.000,9999.000,9999.000
202607272230,   1.233,9999.000,9999.000,9999.000,9999.000,9999.000,9999.000,9999.000,9999.000
202607272236,   1.253,9999.000,9999.000,9999.000,9999.000,9999.000,9999.000,9999.000,9999.000
202607272242,   1.271,9999.000,9999.000,9999.000,9999.000,9999.000,9999.000,9999.000,9999.000
202607272248,   1.289,9999.000,9999.000,9999.000,9999.000,9999.000,9999.000,9999.000,9999.000
202607272254,   1.306,9999.000,9999.000,9999.000,9999.000,9999.000,9999.000,9999.000,9999.000
202607272300,   1.322,9999.000,   0.800,   0.092,   2.214,   0.700,   2.114,   0.800,   2.214
202607272306,   1.336,9999.000,9999.000,9999.000,9999.000,9999.000,9999.000,9999.000,9999.000
202607272312,   1.349,9999.000,9999.000,9999.000,9999.000,9999.000,9999.000,9999.000,9999.000
202607272318,   1.361,9999.000,9999.000,9999.000,9999.000,9999.000,9999.000,9999.000,9999.000
202607272324,   1.372,9999.000,9999.000,9999.000,9999.000,9999.000,9999.000,9999.000,9999.000
202607272330,   1.381,9999.000,9999.000,9999.000,9999.000,9999.000,9999.000,9999.000,9999.000
202607272336,   1.390,9999.000,9999.000,9999.000,9999.000,9999.000,9999.000,9999.000,9999.000
202607272342,   1.396,9999.000,9999.000,9999.000,9999.000,9999.000,9999.000,9999.000,9999.000
202607272348,   1.402,9999.000,9999.000,9999.000,9999.000,9999.000,9999.000,9999.000,9999.000
202607272354,   1.406,9999.000,9999.000,9999.000,9999.000,9999.000,9999.000,9999.000,9999.000
202607280000,   1.409,9999.000,   0.700,   0.092,   2.201,   0.700,   2.201,   0.800,   2.301
202607280006,   1.410,9999.000,9999.000,9999.000,9999.000,9999.000,9999.000,9999.000,9999.000
202607280012,   1.411,9999.000,9999.000,9999.000,9999.000,9999.000,9999.000,9999.000,9999.000
202607280018,   1.409,9999.000,9999.000,9999.000,9999.000,9999.000,9999.000,9999.000,9999.000
202607280024,   1.407,9999.000,9999.000,9999.000,9999.000,9999.000,9999.000,9999.000,9999.000
202607280030,   1.403,9999.000,9999.000,9999.000,9999.000,9999.000,9999.000,9999.000,9999.000
202607280036,   1.398,9999.000,9999.000,9999.000,9999.000,9999.000,9999.000,9999.000,9999.000
202607280042,   1.391,9999.000,9999.000,9999.000,9999.000,9999.000,9999.000,9999.000,9999.000
202607280048,   1.383,9999.000,9999.000,9999.000,9999.000,9999.000,9999.000,9999.000,9999.000
202607280054,   1.374,9999.000,9999.000,9999.000,9999.000,9999.000,9999.000,9999.000,9999.000
202607280100,   1.364,9999.000,   0.700,   0.092,   2.156,   0.700,   2.156,   0.800,   2.256
202607280106,   1.352,9999.000,9999.000,9999.000,9999.000,9999.000,9999.000,9999.000,9999.000
202607280112,   1.339,9999.000,9999.000,9999.000,9999.000,9999.000,9999.000,9999.000,9999.000
202607280118,   1.326,9999.000,9999.000,9999.000,9999.000,9999.000,9999.000,9999.000,9999.000
202607280124,   1.311,9999.000,9999.000,9999.000,9999.000,9999.000,9999.000,9999.000,9999.000
202607280130,   1.295,9999.000,9999.000,9999.000,9999.000,9999.000,9999.000,9999.000,9999.000
202607280136,   1.278,9999.000,9999.000,9999.000,9999.000,9999.000,9999.000,9999.000,9999.000
202607280142,   1.260,9999.000,9999.000,9999.000,9999.000,9999.000,9999.000,9999.000,9999.000
202607280148,   1.242,9999.000,9999.000,9999.000,9999.000,9999.000,9999.000,9999.000,9999.000
202607280154,   1.222,9999.000,9999.000,9999.000,9999.000,9999.000,9999.000,9999.000,9999.000
202607280200,   1.202,9999.000,   0.700,   0.092,   1.994,   0.700,   1.994,   0.800,   2.094
202607280206,   1.181,9999.000,9999.000,9999.000,9999.000,9999.000,9999.000,9999.000,9999.000
202607280212,   1.160,9999.000,9999.000,9999.000,9999.000,9999.000,9999.000,9999.000,9999.000
202607280218,   1.138,9999.000,9999.000,9999.000,9999.000,9999.000,9999.000,9999.000,9999.000
202607280224,   1.115,9999.000,9999.000,9999.000,9999.000,9999.000,9999.000,9999.000,9999.000
202607280230,   1.092,9999.000,9999.000,9999.000,9999.000,9999.000,9999.000,9999.000,9999.000
202607280236,   1.069,9999.000,9999.000,9999.000,9999.000,9999.000,9999.000,9999.000,9999.000
202607280242,   1.046,9999.000,9999.000,9999.000,9999.000,9999.000,9999.000,9999.000,9999.000
202607280248,   1.022,9999.000,9999.000,9999.000,9999.000,9999.000,9999.000,9999.000,9999.000
202607280254,   0.998,9999.000,9999.000,9999.000,9999.000,9999.000,9999.000,9999.000,9999.000
202607280300,   0.974,9999.000,   0.700,   0.092,   1.766,   0.700,   1.766,   0.700,   1.766
202607280306,   0.950,9999.000,9999.000,9999.000,9999.000,9999.000,9999.000,9999.000,9999.000
202607280312,   0.925,9999.000,9999.000,9999.000,9999.000,9999.000,9999.000,9999.000,9999.000
202607280318,   0.901,9999.000,9999.000,9999.000,9999.000,9999.000,9999.000,9999.000,9999.000
202607280324,   0.877,9999.000,9999.000,9999.000,9999.000,9999.000,9999.000,9999.000,9999.000
202607280330,   0.853,9999.000,9999.000,9999.000,9999.000,9999.000,9999.000,9999.000,9999.000
202607280336,   0.829,9999.000,9999.000,9999.000,9999.000,9999.000,9999.000,9999.000,9999.000
202607280342,   0.806,9999.000,9999.000,9999.000,9999.000,9999.000,9999.000,9999.000,9999.000
202607280348,   0.783,9999.000,9999.000,9999.000,9999.000,9999.000,9999.000,9999.000,9999.000
202607280354,   0.760,9999.000,9999.000,9999.000,9999.000,9999.000,9999.000,9999.000,9999.000
202607280400,   0.737,9999.000,   0.700,   0.092,   1.529,   0.700,   1.529,   0.700,   1.529
202607280406,   0.715,9999.000,9999.000,9999.000,9999.000,9999.000,9999.000,9999.000,9999.000
202607280412,   0.693,9999.000,9999.000,9999.000,9999.000,9999.000,9999.000,9999.000,9999.000
202607280418,   0.672,9999.000,9999.000,9999.000,9999.000,9999.000,9999.000,9999.000,9999.000
202607280424,   0.651,9999.000,9999.000,9999.000,9999.000,9999.000,9999.000,9999.000,9999.000
202607280430,   0.631,9999.000,9999.000,9999.000,9999.000,9999.000,9999.000,9999.000,9999.000
202607280436,   0.612,9999.000,9999.000,9999.000,9999.000,9999.000,9999.000,9999.000,9999.000
202607280442,   0.593,9999.000,9999.000,9999.000,9999.000,9999.000,9999.000,9999.000,9999.000
202607280448,   0.574,9999.000,9999.000,9999.000,9999.000,9999.000,9999.000,9999.000,9999.000
202607280454,   0.557,9999.000,9999.000,9999.000,9999.000,9999.000,9999.000,9999.000,9999.000
202607280500,   0.540,9999.000,   0.700,   0.092,   1.332,   0.700,   1.332,   0.700,   1.332
202607280506,   0.524,9999.000,9999.000,9999.000,9999.000,9999.000,9999.000,9999.000,9999.000
202607280512,   0.508,9999.000,9999.000,9999.000,9999.000,9999.000,9999.000,9999.000,9999.000
202607280518,   0.494,9999.000,9999.000,9999.000,9999.000,9999.000,9999.000,9999.000,9999.000
202607280524,   0.480,9999.000,9999.000,9999.000,9999.000,9999.000,9999.000,9999.000,9999.000
202607280530,   0.467,9999.000,9999.000,9999.000,9999.000,9999.000,9999.000,9999.000,9999.000
202607280536,   0.455,9999.000,9999.000,9999.000,9999.000,9999.000,9999.000,9999.000,9999.000
202607280542,   0.444,9999.000,9999.000,9999.000,9999.000,9999.000,9999.000,9999.000,9999.000
202607280548,   0.434,9999.000,9999.000,9999.000,9999.000,9999.000,9999.000,9999.000,9999.000
202607280554,   0.425,9999.000,9999.000,9999.000,9999.000,9999.000,9999.000,9999.000,9999.000
202607280600,   0.417,9999.000,   0.700,   0.092,   1.209,   0.700,   1.209,   0.800,   1.309
202607280606,   0.410,9999.000,9999.000,9999.000,9999.000,9999.000,9999.000,9999.000,9999.000
202607280612,   0.404,9999.000,9999.000,9999.000,9999.000,9999.000,9999.000,9999.000,9999.000
202607280618,   0.399,9999.000,9999.000,9999.000,9999.000,9999.000,9999.000,9999.000,9999.000
202607280624,   0.396,9999.000,9999.000,9999.000,9999.000,9999.000,9999.000,9999.000,9999.000
202607280630,   0.393,9999.000,9999.000,9999.000,9999.000,9999.000,9999.000,9999.000,9999.000
202607280636,   0.391,9999.000,9999.000,9999.000,9999.000,9999.000,9999.000,9999.000,9999.000
202607280642,   0.391,9999.000,9999.000,9999.000,9999.000,9999.000,9999.000,9999.000,9999.000
202607280648,   0.391,9999.000,9999.000,9999.000,9999.000,9999.000,9999.000,9999.000,9999.000
202607280654,   0.393,9999.000,9999.000,9999.000,9999.000,9999.000,9999.000,9999.000,9999.000
202607280700,   0.396,9999.000,   0.700,   0.092,   1.188,   0.700,   1.188,   0.800,   1.288
202607280706,   0.400,9999.000,9999.000,9999.000,9999.000,9999.000,9999.000,9999.000,9999.000
202607280712,   0.404,9999.000,9999.000,9999.000,9999.000,9999.000,9999.000,9999.000,9999.000
202607280718,   0.410,9999.000,9999.000,9999.000,9999.000,9999.000,9999.000,9999.000,9999.000
202607280724,   0.417,9999.000,9999.000,9999.000,9999.000,9999.000,9999.000,9999.000,9999.000
202607280730,   0.425,9999.000,9999.000,9999.000,9999.000,9999.000,9999.000,9999.000,9999.000
202607280736,   0.433,9999.000,9999.000,9999.000,9999.000,9999.000,9999.000,9999.000,9999.000
202607280742,   0.443,9999.000,9999.000,9999.000,9999.000,9999.000,9999.000,9999.000,9999.000
202607280748,   0.453,9999.000,9999.000,9999.000,9999.000,9999.000,9999.000,9999.000,9999.000
202607280754,   0.464,9999.000,9999.000,9999.000,9999.000,9999.000,9999.000,9999.000,9999.000
202607280800,   0.475,9999.000,   0.700,   0.092,   1.267,   0.700,   1.267,   0.800,   1.367
202607280806,   0.488,9999.000,9999.000,9999.000,9999.000,9999.000,9999.000,9999.000,9999.000
202607280812,   0.501,9999.000,9999.000,9999.000,9999.000,9999.000,9999.000,9999.000,9999.000
202607280818,   0.514,9999.000,9999.000,9999.000,9999.000,9999.000,9999.000,9999.000,9999.000
202607280824,   0.528,9999.000,9999.000,9999.000,9999.000,9999.000,9999.000,9999.000,9999.000
202607280830,   0.542,9999.000,9999.000,9999.000,9999.000,9999.000,9999.000,9999.000,9999.000
202607280836,   0.557,9999.000,9999.000,9999.000,9999.000,9999.000,9999.000,9999.000,9999.000
202607280842,   0.572,9999.000,9999.000,9999.000,9999.000,9999.000,9999.000,9999.000,9999.000
202607280848,   0.587,9999.000,9999.000,9999.000,9999.000,9999.000,9999.000,9999.000,9999.000
202607280854,   0.602,9999.000,9999.000,9999.000,9999.000,9999.000,9999.000,9999.000,9999.000
202607280900,   0.617,9999.000,   0.700,   0.092,   1.409,   0.700,   1.409,   0.800,   1.509
202607280906,   0.632,9999.000,9999.000,9999.000,9999.000,9999.000,9999.000,9999.000,9999.000
202607280912,   0.647,9999.000,9999.000,9999.000,9999.000,9999.000,9999.000,9999.000,9999.000
202607280918,   0.662,9999.000,9999.000,9999.000,9999.000,9999.000,9999.000,9999.000,9999.000
202607280924,   0.677,9999.000,9999.000,9999.000,9999.000,9999.000,9999.000,9999.000,9999.000
202607280930,   0.692,9999.000,9999.000,9999.000,9999.000,9999.000,9999.000,9999.000,9999.000
202607280936,   0.706,9999.000,9999.000,9999.000,9999.000,9999.000,9999.000,9999.000,9999.000
202607280942,   0.719,9999.000,9999.000,9999.000,9999.000,9999.000,9999.000,9999.000,9999.000
202607280948,   0.733,9999.000,9999.000,9999.000,9999.000,9999.000,9999.000,9999.000,9999.000
202607280954,   0.746,9999.000,9999.000,9999.000,9999.000,9999.000,9999.000,9999.000,9999.000
202607281000,   0.758,9999.000,   0.700,   0.092,   1.550,   0.700,   1.550,   0.800,   1.650
202607281006,   0.770,9999.000,9999.000,9999.000,9999.000,9999.000,9999.000,9999.000,9999.000
202607281012,   0.781,9999.000,9999.000,9999.000,9999.000,9999.000,9999.000,9999.000,9999.000
202607281018,   0.792,9999.000,9999.000,9999.000,9999.000,9999.000,9999.000,9999.000,9999.000
202607281024,   0.801,9999.000,9999.000,9999.000,9999.000,9999.000,9999.000,9999.000,9999.000
202607281030,   0.810,9999.000,9999.000,9999.000,9999.000,9999.000,9999.000,9999.000,9999.000
202607281036,   0.819,9999.000,9999.000,9999.000,9999.000,9999.000,9999.000,9999.000,9999.000
202607281042,   0.826,9999.000,9999.000,9999.000,9999.000,9999.000,9999.000,9999.000,9999.000
202607281048,   0.833,9999.000,9999.000,9999.000,9999.000,9999.000,9999.000,9999.000,9999.000
202607281054,   0.839,9999.000,9999.000,9999.000,9999.000,9999.000,9999.000,9999.000,9999.000
202607281100,   0.843,9999.000,   0.700,   0.092,   1.635,   0.700,   1.635,   0.800,   1.735
202607281106,   0.847,9999.000,9999.000,9999.000,9999.000,9999.000,9999.000,9999.000,9999.000
202607281112,   0.851,9999.000,9999.000,9999.000,9999.000,9999.000,9999.000,9999.000,9999.000
202607281118,   0.853,9999.000,9999.000,9999.000,9999.000,9999.000,9999.000,9999.000,9999.000
202607281124,   0.854,9999.000,9999.000,9999.000,9999.000,9999.000,9999.000,9999.000,9999.000
202607281130,   0.854,9999.000,9999.000,9999.000,9999.000,9999.000,9999.000,9999.000,9999.000
202607281136,   0.853,9999.000,9999.000,9999.000,9999.000,9999.000,9999.000,9999.000,9999.000
202607281142,   0.852,9999.000,9999.000,9999.000,9999.000,9999.000,9999.000,9999.000,9999.000
202607281148,   0.849,9999.000,9999.000,9999.000,9999.000,9999.000,9999.000,9999.000,9999.000
202607281154,   0.845,9999.000,9999.000,9999.000,9999.000,9999.000,9999.000,9999.000,9999.000
202607281200,   0.840,9999.000,   0.700,   0.092,   1.632,   0.700,   1.632,   0.800,   1.732
202607281206,   0.835,9999.000,9999.000,9999.000,9999.000,9999.000,9999.000,9999.000,9999.000
202607281212,   0.828,9999.000,9999.000,9999.000,9999.000,9999.000,9999.000,9999.000,9999.000
202607281218,   0.820,9999.000,9999.000,9999.000,9999.000,9999.000,9999.000,9999.000,9999.000
202607281224,   0.812,9999.000,9999.000,9999.000,9999.000,9999.000,9999.000,9999.000,9999.000
202607281230,   0.802,9999.000,9999.000,9999.000,9999.000,9999.000,9999.000,9999.000,9999.000
202607281236,   0.791,9999.000,9999.000,9999.000,9999.000,9999.000,9999.000,9999.000,9999.000
202607281242,   0.780,9999.000,9999.000,9999.000,9999.000,9999.000,9999.000,9999.000,9999.000
202607281248,   0.768,9999.000,9999.000,9999.000,9999.000,9999.000,9999.000,9999.000,9999.000
202607281254,   0.755,9999.000,9999.000,9999.000,9999.000,9999.000,9999.000,9999.000,9999.000
202607281300,   0.741,9999.000,   0.700,   0.092,   1.533,   0.700,   1.533,   0.800,   1.633
202607281306,   0.726,9999.000,9999.000,9999.000,9999.000,9999.000,9999.000,9999.000,9999.000
202607281312,   0.710,9999.000,9999.000,9999.000,9999.000,9999.000,9999.000,9999.000,9999.000
202607281318,   0.694,9999.000,9999.000,9999.000,9999.000,9999.000,9999.000,9999.000,9999.000
202607281324,   0.677,9999.000,9999.000,9999.000,9999.000,9999.000,9999.000,9999.000,9999.000
202607281330,   0.660,9999.000,9999.000,9999.000,9999.000,9999.000,9999.000,9999.000,9999.000
202607281336,   0.641,9999.000,9999.000,9999.000,9999.000,9999.000,9999.000,9999.000,9999.000
202607281342,   0.623,9999.000,9999.000,9999.000,9999.000,9999.000,9999.000,9999.000,9999.000
202607281348,   0.604,9999.000,9999.000,9999.000,9999.000,9999.000,9999.000,9999.000,9999.000
202607281354,   0.584,9999.000,9999.000,9999.000,9999.000,9999.000,9999.000,9999.000,9999.000
202607281400,   0.565,9999.000,   0.700,   0.092,   1.357,   0.700,   1.357,   0.800,   1.457
202607281406,   0.544,9999.000,9999.000,9999.000,9999.000,9999.000,9999.000,9999.000,9999.000
202607281412,   0.524,9999.000,9999.000,9999.000,9999.000,9999.000,9999.000,9999.000,9999.000
202607281418,   0.504,9999.000,9999.000,9999.000,9999.000,9999.000,9999.000,9999.000,9999.000
202607281424,   0.483,9999.000,9999.000,9999.000,9999.000,9999.000,9999.000,9999.000,9999.000
202607281430,   0.462,9999.000,9999.000,9999.000,9999.000,9999.000,9999.000,9999.000,9999.000
202607281436,   0.442,9999.000,9999.000,9999.000,9999.000,9999.000,9999.000,9999.000,9999.000
202607281442,   0.421,9999.000,9999.000,9999.000,9999.000,9999.000,9999.000,9999.000,9999.000
202607281448,   0.401,9999.000,9999.000,9999.000,9999.000,9999.000,9999.000,9999.000,9999.000
202607281454,   0.381,9999.000,9999.000,9999.000,9999.000,9999.000,9999.000,9999.000,9999.000
202607281500,   0.361,9999.000,   0.700,   0.092,   1.153,   0.700,   1.153,   0.800,   1.253
202607281506,   0.341,9999.000,9999.000,9999.000,9999.000,9999.000,9999.000,9999.000,9999.000
202607281512,   0.322,9999.000,9999.000,9999.000,9999.000,9999.000,9999.000,9999.000,9999.000
202607281518,   0.303,9999.000,9999.000,9999.000,9999.000,9999.000,9999.000,9999.000,9999.000
202607281524,   0.285,9999.000,9999.000,9999.000,9999.000,9999.000,9999.000,9999.000,9999.000
202607281530,   0.267,9999.000,9999.000,9999.000,9999.000,9999.000,9999.000,9999.000,9999.000
202607281536,   0.250,9999.000,9999.000,9999.000,9999.000,9999.000,9999.000,9999.000,9999.000
202607281542,   0.233,9999.000,9999.000,9999.000,9999.000,9999.000,9999.000,9999.000,9999.000
202607281548,   0.217,9999.000,9999.000,9999.000,9999.000,9999.000,9999.000,9999.000,9999.000
202607281554,   0.201,9999.000,9999.000,9999.000,9999.000,9999.000,9999.000,9999.000,9999.000
202607281600,   0.187,9999.000,   0.700,   0.092,   0.979,   0.700,   0.979,   0.800,   1.079
202607281606,   0.173,9999.000,9999.000,9999.000,9999.000,9999.000,9999.000,9999.000,9999.000
202607281612,   0.159,9999.000,9999.000,9999.000,9999.000,9999.000,9999.000,9999.000,9999.000
202607281618,   0.147,9999.000,9999.000,9999.000,9999.000,9999.000,9999.000,9999.000,9999.000
202607281624,   0.135,9999.000,9999.000,9999.000,9999.000,9999.000,9999.000,9999.000,9999.000
202607281630,   0.124,9999.000,9999.000,9999.000,9999.000,9999.000,9999.000,9999.000,9999.000
202607281636,   0.114,9999.000,9999.000,9999.000,9999.000,9999.000,9999.000,9999.000,9999.000
202607281642,   0.105,9999.000,9999.000,9999.000,9999.000,9999.000,9999.000,9999.000,9999.000
202607281648,   0.097,9999.000,9999.000,9999.000,9999.000,9999.000,9999.000,9999.000,9999.000
202607281654,   0.090,9999.000,9999.000,9999.000,9999.000,9999.000,9999.000,9999.000,9999.000
202607281700,   0.083,9999.000,   0.800,   0.092,   0.975,   0.700,   0.875,   0.800,   0.975
202607281706,   0.078,9999.000,9999.000,9999.000,9999.000,9999.000,9999.000,9999.000,9999.000
202607281712,   0.073,9999.000,9999.000,9999.000,9999.000,9999.000,9999.000,9999.000,9999.000
202607281718,   0.070,9999.000,9999.000,9999.000,9999.000,9999.000,9999.000,9999.000,9999.000
202607281724,   0.067,9999.000,9999.000,9999.000,9999.000,9999.000,9999.000,9999.000,9999.000
202607281730,   0.066,9999.000,9999.000,9999.000,9999.000,9999.000,9999.000,9999.000,9999.000
202607281736,   0.065,9999.000,9999.000,9999.000,9999.000,9999.000,9999.000,9999.000,9999.000
202607281742,   0.066,9999.000,9999.000,9999.000,9999.000,9999.000,9999.000,9999.000,9999.000
202607281748,   0.067,9999.000,9999.000,9999.000,9999.000,9999.000,9999.000,9999.000,9999.000
202607281754,   0.070,9999.000,9999.000,9999.000,9999.000,9999.000,9999.000,9999.000,9999.000
202607281800,   0.074,9999.000,   0.800,   0.092,   0.966,   0.800,   0.966,   0.800,   0.966
202607281806,   0.079,9999.000,9999.000,9999.000,9999.000,9999.000,9999.000,9999.000,9999.000
202607281812,   0.085,9999.000,9999.000,9999.000,9999.000,9999.000,9999.000,9999.000,9999.000
202607281818,   0.092,9999.000,9999.000,9999.000,9999.000,9999.000,9999.000,9999.000,9999.000
202607281824,   0.100,9999.000,9999.000,9999.000,9999.000,9999.000,9999.000,9999.000,9999.000
202607281830,   0.110,9999.000,9999.000,9999.000,9999.000,9999.000,9999.000,9999.000,9999.000
202607281836,   0.120,9999.000,9999.000,9999.000,9999.000,9999.000,9999.000,9999.000,9999.000
202607281842,   0.132,9999.000,9999.000,9999.000,9999.000,9999.000,9999.000,9999.000,9999.000
202607281848,   0.145,9999.000,9999.000,9999.000,9999.000,9999.000,9999.000,9999.000,9999.000
202607281854,   0.159,9999.000,9999.000,9999.000,9999.000,9999.000,9999.000,9999.000,9999.000
202607281900,   0.174,9999.000,   0.800,   0.092,   1.066,   0.800,   1.066,   0.800,   1.066
202607281906,   0.190,9999.000,9999.000,9999.000,9999.000,9999.000,9999.000,9999.000,9999.000
202607281912,   0.208,9999.000,9999.000,9999.000,9999.000,9999.000,9999.000,9999.000,9999.000
202607281918,   0.227,9999.000,9999.000,9999.000,9999.000,9999.000,9999.000,9999.000,9999.000
202607281924,   0.246,9999.000,9999.000,9999.000,9999.000,9999.000,9999.000,9999.000,9999.000
202607281930,   0.267,9999.000,9999.000,9999.000,9999.000,9999.000,9999.000,9999.000,9999.000
202607281936,   0.289,9999.000,9999.000,9999.000,9999.000,9999.000,9999.000,9999.000,9999.000
202607281942,   0.312,9999.000,9999.000,9999.000,9999.000,9999.000,9999.000,9999.000,9999.000
202607281948,   0.335,9999.000,9999.000,9999.000,9999.000,9999.000,9999.000,9999.000,9999.000
202607281954,   0.360,9999.000,9999.000,9999.000,9999.000,9999.000,9999.000,9999.000,9999.000
202607282000,   0.386,9999.000,   0.800,   0.092,   1.278,   0.800,   1.278,   0.800,   1.278
202607282006,   0.412,9999.000,9999.000,9999.000,9999.000,9999.000,9999.000,9999.000,9999.000
202607282012,   0.439,9999.000,9999.000,9999.000,9999.000,9999.000,9999.000,9999.000,9999.000
202607282018,   0.467,9999.000,9999.000,9999.000,9999.000,9999.000,9999.000,9999.000,9999.000
202607282024,   0.496,9999.000,9999.000,9999.000,9999.000,9999.000,9999.000,9999.000,9999.000
202607282030,   0.525,9999.000,9999.000,9999.000,9999.000,9999.000,9999.000,9999.000,9999.000
202607282036,   0.555,9999.000,9999.000,9999.000,9999.000,9999.000,9999.000,9999.000,9999.000
202607282042,   0.585,9999.000,9999.000,9999.000,9999.000,9999.000,9999.000,9999.000,9999.000
202607282048,   0.616,9999.000,9999.000,9999.000,9999.000,9999.000,9999.000,9999.000,9999.000
202607282054,   0.647,9999.000,9999.000,9999.000,9999.000,9999.000,9999.000,9999.000,9999.000
202607282100,   0.678,9999.000,   0.800,   0.092,   1.570,   0.800,   1.570,   0.800,   1.570
202607282106,   0.710,9999.000,9999.000,9999.000,9999.000,9999.000,9999.000,9999.000,9999.000
202607282112,   0.742,9999.000,9999.000,9999.000,9999.000,9999.000,9999.000,9999.000,9999.000
202607282118,   0.773,9999.000,9999.000,9999.000,9999.000,9999.000,9999.000,9999.000,9999.000
202607282124,   0.805,9999.000,9999.000,9999.000,9999.000,9999.000,9999.000,9999.000,9999.000
202607282130,   0.836,9999.000,9999.000,9999.000,9999.000,9999.000,9999.000,9999.000,9999.000
202607282136,   0.868,9999.000,9999.000,9999.000,9999.000,9999.000,9999.000,9999.000,9999.000
202607282142,   0.899,9999.000,9999.000,9999.000,9999.000,9999.000,9999.000,9999.000,9999.000
202607282148,   0.930,9999.000,9999.000,9999.000,9999.000,9999.000,9999.000,9999.000,9999.000
202607282154,   0.960,9999.000,9999.000,9999.000,9999.000,9999.000,9999.000,9999.000,9999.000
202607282200,   0.990,9999.000,   0.800,   0.092,   1.882,   0.800,   1.882,   0.800,   1.882
202607282206,   1.020,9999.000,9999.000,9999.000,9999.000,9999.000,9999.000,9999.000,9999.000
202607282212,   1.049,9999.000,9999.000,9999.000,9999.000,9999.000,9999.000,9999.000,9999.000
202607282218,   1.077,9999.000,9999.000,9999.000,9999.000,9999.000,9999.000,9999.000,9999.000
202607282224,   1.105,9999.000,9999.000,9999.000,9999.000,9999.000,9999.000,9999.000,9999.000
202607282230,   1.132,9999.000,9999.000,9999.000,9999.000,9999.000,9999.000,9999.000,9999.000
202607282236,   1.158,9999.000,9999.000,9999.000,9999.000,9999.000,9999.000,9999.000,9999.000
202607282242,   1.184,9999.000,9999.000,9999.000,9999.000,9999.000,9999.000,9999.000,9999.000
202607282248,   1.208,9999.000,9999.000,9999.000,9999.000,9999.000,9999.000,9999.000,9999.000
202607282254,   1.232,9999.000,9999.000,9999.000,9999.000,9999.000,9999.000,9999.000,9999.000
202607282300,   1.254,9999.000,   0.800,   0.092,   2.146,   0.800,   2.146,   0.800,   2.146
202607282306,   1.276,9999.000,9999.000,9999.000,9999.000,9999.000,9999.000,9999.000,9999.000
202607282312,   1.296,9999.000,9999.000,9999.000,9999.000,9999.000,9999.000,9999.000,9999.000
202607282318,   1.316,9999.000,9999.000,9999.000,9999.000,9999.000,9999.000,9999.000,9999.000
202607282324,   1.334,9999.000,9999.000,9999.000,9999.000,9999.000,9999.000,9999.000,9999.000
202607282330,   1.351,9999.000,9999.000,9999.000,9999.000,9999.000,9999.000,9999.000,9999.000
202607282336,   1.368,9999.000,9999.000,9999.000,9999.000,9999.000,9999.000,9999.000,9999.000
202607282342,   1.382,9999.000,9999.000,9999.000,9999.000,9999.000,9999.000,9999.000,9999.000
202607282348,   1.396,9999.000,9999.000,9999.000,9999.000,9999.000,9999.000,9999.000,9999.000
202607282354,   1.408,9999.000,9999.000,9999.000,9999.000,9999.000,9999.000,9999.000,9999.000
202607290000,   1.419,9999.000,   0.800,   0.092,   2.311,   0.700,   2.211,   0.800,   2.311
202607290006,   1.429,9999.000,9999.000,9999.000,9999.000,9999.000,9999.000,9999.000,9999.000
202607290012,   1.437,9999.000,9999.000,9999.000,9999.000,9999.000,9999.000,9999.000,9999.000
202607290018,   1.444,9999.000,9999.000,9999.000,9999.000,9999.000,9999.000,9999.000,9999.000
202607290024,   1.450,9999.000,9999.000,9999.000,9999.000,9999.000,9999.000,9999.000,9999.000
202607290030,   1.454,9999.000,9999.000,9999.000,9999.000,9999.000,9999.000,9999.000,9999.000
202607290036,   1.457,9999.000,9999.000,9999.000,9999.000,9999.000,9999.000,9999.000,9999.000
202607290042,   1.459,9999.000,9999.000,9999.000,9999.000,9999.000,9999.000,9999.000,9999.000
202607290048,   1.459,9999.000,9999.000,9999.000,9999.000,9999.000,9999.000,9999.000,9999.000
202607290054,   1.458,9999.000,9999.000,9999.000,9999.000,9999.000,9999.000,9999.000,9999.000
202607290100,   1.455,9999.000,   0.800,   0.092,   2.347,   0.700,   2.247,   0.800,   2.347
202607290106,   1.452,9999.000,9999.000,9999.000,9999.000,9999.000,9999.000,9999.000,9999.000
202607290112,   1.446,9999.000,9999.000,9999.000,9999.000,9999.000,9999.000,9999.000,9999.000
202607290118,   1.440,9999.000,9999.000,9999.000,9999.000,9999.000,9999.000,9999.000,9999.000
202607290124,   1.432,9999.000,9999.000,9999.000,9999.000,9999.000,9999.000,9999.000,9999.000
202607290130,   1.423,9999.000,9999.000,9999.000,9999.000,9999.000,9999.000,9999.000,9999.000
202607290136,   1.412,9999.000,9999.000,9999.000,9999.000,9999.000,9999.000,9999.000,9999.000
202607290142,   1.401,9999.000,9999.000,9999.000,9999.000,9999.000,9999.000,9999.000,9999.000
202607290148,   1.388,9999.000,9999.000,9999.000,9999.000,9999.000,9999.000,9999.000,9999.000
202607290154,   1.374,9999.000,9999.000,9999.000,9999.000,9999.000,9999.000,9999.000,9999.000
202607290200,   1.359,9999.000,   0.800,   0.092,   2.251,   0.700,   2.151,   0.800,   2.251
202607290206,   1.342,9999.000,9999.000,9999.000,9999.000,9999.000,9999.000,9999.000,9999.000
202607290212,   1.325,9999.000,9999.000,9999.000,9999.000,9999.000,9999.000,9999.000,9999.000
202607290218,   1.307,9999.000,9999.000,9999.000,9999.000,9999.000,9999.000,9999.000,9999.000
202607290224,   1.288,9999.000,9999.000,9999.000,9999.000,9999.000,9999.000,9999.000,9999.000
202607290230,   1.268,9999.000,9999.000,9999.000,9999.000,9999.000,9999.000,9999.000,9999.000
202607290236,   1.247,9999.000,9999.000,9999.000,9999.000,9999.000,9999.000,9999.000,9999.000
202607290242,   1.226,9999.000,9999.000,9999.000,9999.000,9999.000,9999.000,9999.000,9999.000
202607290248,   1.204,9999.000,9999.000,9999.000,9999.000,9999.000,9999.000,9999.000,9999.000
202607290254,   1.181,9999.000,9999.000,9999.000,9999.000,9999.000,9999.000,9999.000,9999.000
202607290300,   1.158,9999.000,   0.700,   0.092,   1.950,   0.700,   1.950,   0.800,   2.050
202607290306,   1.134,9999.000,9999.000,9999.000,9999.000,9999.000,9999.000,9999.000,9999.000
202607290312,   1.110,9999.000,9999.000,9999.000,9999.000,9999.000,9999.000,9999.000,9999.000
202607290318,   1.086,9999.000,9999.000,9999.000,9999.000,9999.000,9999.000,9999.000,9999.000
202607290324,   1.061,9999.000,9999.000,9999.000,9999.000,9999.000,9999.000,9999.000,9999.000
202607290330,   1.036,9999.000,9999.000,9999.000,9999.000,9999.000,9999.000,9999.000,9999.000
202607290336,   1.010,9999.000,9999.000,9999.000,9999.000,9999.000,9999.000,9999.000,9999.000
202607290342,   0.985,9999.000,9999.000,9999.000,9999.000,9999.000,9999.000,9999.000,9999.000
202607290348,   0.960,9999.000,9999.000,9999.000,9999.000,9999.000,9999.000,9999.000,9999.000
202607290354,   0.934,9999.000,9999.000,9999.000,9999.000,9999.000,9999.000,9999.000,9999.000
202607290400,   0.909,9999.000,   0.800,   0.092,   1.801,   0.700,   1.701,   0.800,   1.801
202607290406,   0.884,9999.000,9999.000,9999.000,9999.000,9999.000,9999.000,9999.000,9999.000
202607290412,   0.859,9999.000,9999.000,9999.000,9999.000,9999.000,9999.000,9999.000,9999.000
202607290418,   0.834,9999.000,9999.000,9999.000,9999.000,9999.000,9999.000,9999.000,9999.000
202607290424,   0.810,9999.000,9999.000,9999.000,9999.000,9999.000,9999.000,9999.000,9999.000
202607290430,   0.785,9999.000,9999.000,9999.000,9999.000,9999.000,9999.000,9999.000,9999.000
202607290436,   0.762,9999.000,9999.000,9999.000,9999.000,9999.000,9999.000,9999.000,9999.000
202607290442,   0.738,9999.000,9999.000,9999.000,9999.000,9999.000,9999.000,9999.000,9999.000
202607290448,   0.715,9999.000,9999.000,9999.000,9999.000,9999.000,9999.000,9999.000,9999.000
202607290454,   0.693,9999.000,9999.000,9999.000,9999.000,9999.000,9999.000,9999.000,9999.000
202607290500,   0.671,9999.000,   0.700,   0.092,   1.463,   0.700,   1.463,   0.800,   1.563
202607290506,   0.649,9999.000,9999.000,9999.000,9999.000,9999.000,9999.000,9999.000,9999.000
202607290512,   0.628,9999.000,9999.000,9999.000,9999.000,9999.000,9999.000,9999.000,9999.000
202607290518,   0.608,9999.000,9999.000,9999.000,9999.000,9999.000,9999.000,9999.000,9999.000
202607290524,   0.589,9999.000,9999.000,9999.000,9999.000,9999.000,9999.000,9999.000,9999.000
202607290530,   0.570,9999.000,9999.000,9999.000,9999.000,9999.000,9999.000,9999.000,9999.000
202607290536,   0.552,9999.000,9999.000,9999.000,9999.000,9999.000,9999.000,9999.000,9999.000
202607290542,   0.534,9999.000,9999.000,9999.000,9999.000,9999.000,9999.000,9999.000,9999.000
202607290548,   0.518,9999.000,9999.000,9999.000,9999.000,9999.000,9999.000,9999.000,9999.000
202607290554,   0.502,9999.000,9999.000,9999.000,9999.000,9999.000,9999.000,9999.000,9999.000
202607290600,   0.488,9999.000,   0.800,   0.092,   1.380,   0.700,   1.280,   0.800,   1.380
202607290606,   0.474,9999.000,9999.000,9999.000,9999.000,9999.000,9999.000,9999.000,9999.000
202607290612,   0.461,9999.000,9999.000,9999.000,9999.000,9999.000,9999.000,9999.000,9999.000
202607290618,   0.449,9999.000,9999.000,9999.000,9999.000,9999.000,9999.000,9999.000,9999.000
202607290624,   0.438,9999.000,9999.000,9999.000,9999.000,9999.000,9999.000,9999.000,9999.000
202607290630,   0.429,9999.000,9999.000,9999.000,9999.000,9999.000,9999.000,9999.000,9999.000
202607290636,   0.420,9999.000,9999.000,9999.000,9999.000,9999.000,9999.000,9999.000,9999.000
202607290642,   0.412,9999.000,9999.000,9999.000,9999.000,9999.000,9999.000,9999.000,9999.000
202607290648,   0.406,9999.000,9999.000,9999.000,9999.000,9999.000,9999.000,9999.000,9999.000
202607290654,   0.400,9999.000,9999.000,9999.000,9999.000,9999.000,9999.000,9999.000,9999.000
202607290700,   0.396,9999.000,   0.800,   0.092,   1.288,   0.700,   1.188,   0.800,   1.288
202607290706,   0.393,9999.000,9999.000,9999.000,9999.000,9999.000,9999.000,9999.000,9999.000
202607290712,   0.391,9999.000,9999.000,9999.000,9999.000,9999.000,9999.000,9999.000,9999.000
202607290718,   0.390,9999.000,9999.000,9999.000,9999.000,9999.000,9999.000,9999.000,9999.000
202607290724,   0.390,9999.000,9999.000,9999.000,9999.000,9999.000,9999.000,9999.000,9999.000
202607290730,   0.392,9999.000,9999.000,9999.000,9999.000,9999.000,9999.000,9999.000,9999.000
202607290736,   0.395,9999.000,9999.000,9999.000,9999.000,9999.000,9999.000,9999.000,9999.000
202607290742,   0.398,9999.000,9999.000,9999.000,9999.000,9999.000,9999.000,9999.000,9999.000
202607290748,   0.403,9999.000,9999.000,9999.000,9999.000,9999.000,9999.000,9999.000,9999.000
202607290754,   0.409,9999.000,9999.000,9999.000,9999.000,9999.000,9999.000,9999.000,9999.000
202607290800,   0.416,9999.000,   0.800,   0.092,   1.308,   0.700,   1.208,   0.800,   1.308
202607290806,   0.424,9999.000,9999.000,9999.000,9999.000,9999.000,9999.000,9999.000,9999.000
202607290812,   0.434,9999.000,9999.000,9999.000,9999.000,9999.000,9999.000,9999.000,9999.000
202607290818,   0.444,9999.000,9999.000,9999.000,9999.000,9999.000,9999.000,9999.000,9999.000
202607290824,   0.455,9999.000,9999.000,9999.000,9999.000,9999.000,9999.000,9999.000,9999.000
202607290830,   0.467,9999.000,9999.000,9999.000,9999.000,9999.000,9999.000,9999.000,9999.000
202607290836,   0.479,9999.000,9999.000,9999.000,9999.000,9999.000,9999.000,9999.000,9999.000
202607290842,   0.493,9999.000,9999.000,9999.000,9999.000,9999.000,9999.000,9999.000,9999.000
202607290848,   0.507,9999.000,9999.000,9999.000,9999.000,9999.000,9999.000,9999.000,9999.000
202607290854,   0.522,9999.000,9999.000,9999.000,9999.000,9999.000,9999.000,9999.000,9999.000
202607290900,   0.537,9999.000,   0.800,   0.092,   1.429,   0.700,   1.329,   0.800,   1.429
202607290906,   0.553,9999.000,9999.000,9999.000,9999.000,9999.000,9999.000,9999.000,9999.000
202607290912,   0.569,9999.000,9999.000,9999.000,9999.000,9999.000,9999.000,9999.000,9999.000
202607290918,   0.585,9999.000,9999.000,9999.000,9999.000,9999.000,9999.000,9999.000,9999.000
202607290924,   0.602,9999.000,9999.000,9999.000,9999.000,9999.000,9999.000,9999.000,9999.000
202607290930,   0.619,9999.000,9999.000,9999.000,9999.000,9999.000,9999.000,9999.000,9999.000
202607290936,   0.636,9999.000,9999.000,9999.000,9999.000,9999.000,9999.000,9999.000,9999.000
202607290942,   0.653,9999.000,9999.000,9999.000,9999.000,9999.000,9999.000,9999.000,9999.000
202607290948,   0.670,9999.000,9999.000,9999.000,9999.000,9999.000,9999.000,9999.000,9999.000
202607290954,   0.687,9999.000,9999.000,9999.000,9999.000,9999.000,9999.000,9999.000,9999.000
202607291000,   0.704,9999.000,   0.800,   0.092,   1.596,   0.700,   1.496,   0.800,   1.596
202607291006,   0.720,9999.000,9999.000,9999.000,9999.000,9999.000,9999.000,9999.000,9999.000
202607291012,   0.737,9999.000,9999.000,9999.000,9999.000,9999.000,9999.000,9999.000,9999.000
202607291018,   0.752,9999.000,9999.000,9999.000,9999.000,9999.000,9999.000,9999.000,9999.000
202607291024,   0.768,9999.000,9999.000,9999.000,9999.000,9999.000,9999.000,9999.000,9999.000
202607291030,   0.783,9999.000,9999.000,9999.000,9999.000,9999.000,9999.000,9999.000,9999.000
202607291036,   0.797,9999.000,9999.000,9999.000,9999.000,9999.000,9999.000,9999.000,9999.000
202607291042,   0.811,9999.000,9999.000,9999.000,9999.000,9999.000,9999.000,9999.000,9999.000
202607291048,   0.824,9999.000,9999.000,9999.000,9999.000,9999.000,9999.000,9999.000,9999.000
202607291054,   0.836,9999.000,9999.000,9999.000,9999.000,9999.000,9999.000,9999.000,9999.000
202607291100,   0.848,9999.000,   0.800,   0.092,   1.740,   0.700,   1.640,   0.800,   1.740
202607291106,   0.858,9999.000,9999.000,9999.000,9999.000,9999.000,9999.000,9999.000,9999.000
202607291112,   0.868,9999.000,9999.000,9999.000,9999.000,9999.000,9999.000,9999.000,9999.000
202607291118,   0.878,9999.000,9999.000,9999.000,9999.000,9999.000,9999.000,9999.000,9999.000
202607291124,   0.886,9999.000,9999.000,9999.000,9999.000,9999.000,9999.000,9999.000,9999.000
202607291130,   0.893,9999.000,9999.000,9999.000,9999.000,9999.000,9999.000,9999.000,9999.000
202607291136,   0.899,9999.000,9999.000,9999.000,9999.000,9999.000,9999.000,9999.000,9999.000
202607291142,   0.905,9999.000,9999.000,9999.000,9999.000,9999.000,9999.000,9999.000,9999.000
202607291148,   0.909,9999.000,9999.000,9999.000,9999.000,9999.000,9999.000,9999.000,9999.000
202607291154,   0.913,9999.000,9999.000,9999.000,9999.000,9999.000,9999.000,9999.000,9999.000
202607291200,   0.915,9999.000,   0.800,   0.092,   1.807,   0.700,   1.707,   0.800,   1.807
202607291206,   0.917,9999.000,9999.000,9999.000,9999.000,9999.000,9999.000,9999.000,9999.000
202607291212,   0.917,9999.000,9999.000,9999.000,9999.000,9999.000,9999.000,9999.000,9999.000
202607291218,   0.916,9999.000,9999.000,9999.000,9999.000,9999.000,9999.000,9999.000,9999.000
202607291224,   0.915,9999.000,9999.000,9999.000,9999.000,9999.000,9999.000,9999.000,9999.000
202607291230,   0.912,9999.000,9999.000,9999.000,9999.000,9999.000,9999.000,9999.000,9999.000
202607291236,   0.908,9999.000,9999.000,9999.000,9999.000,9999.000,9999.000,9999.000,9999.000
202607291242,   0.904,9999.000,9999.000,9999.000,9999.000,9999.000,9999.000,9999.000,9999.000
202607291248,   0.898,9999.000,9999.000,9999.000,9999.000,9999.000,9999.000,9999.000,9999.000
202607291254,   0.891,9999.000,9999.000,9999.000,9999.000,9999.000,9999.000,9999.000,9999.000
202607291300,   0.883,9999.000,   0.800,   0.092,   1.775,   0.700,   1.675,   0.800,   1.775
202607291306,   0.874,9999.000,9999.000,9999.000,9999.000,9999.000,9999.000,9999.000,9999.000
202607291312,   0.865,9999.000,9999.000,9999.000,9999.000,9999.000,9999.000,9999.000,9999.000
202607291318,   0.854,9999.000,9999.000,9999.000,9999.000,9999.000,9999.000,9999.000,9999.000
202607291324,   0.842,9999.000,9999.000,9999.000,9999.000,9999.000,9999.000,9999.000,9999.000
202607291330,   0.830,9999.000,9999.000,9999.000,9999.000,9999.000,9999.000,9999.000,9999.000
202607291336,   0.817,9999.000,9999.000,9999.000,9999.000,9999.000,9999.000,9999.000,9999.000
202607291342,   0.802,9999.000,9999.000,9999.000,9999.000,9999.000,9999.000,9999.000,9999.000
202607291348,   0.787,9999.000,9999.000,9999.000,9999.000,9999.000,9999.000,9999.000,9999.000
202607291354,   0.771,9999.000,9999.000,9999.000,9999.000,9999.000,9999.000,9999.000,9999.000
202607291400,   0.755,9999.000,   0.800,   0.092,   1.647,   0.700,   1.547,   0.800,   1.647
202607291406,   0.738,9999.000,9999.000,9999.000,9999.000,9999.000,9999.000,9999.000,9999.000
202607291412,   0.720,9999.000,9999.000,9999.000,9999.000,9999.000,9999.000,9999.000,9999.000
202607291418,   0.702,9999.000,9999.000,9999.000,9999.000,9999.000,9999.000,9999.000,9999.000
202607291424,   0.683,9999.000,9999.000,9999.000,9999.000,9999.000,9999.000,9999.000,9999.000
202607291430,   0.663,9999.000,9999.000,9999.000,9999.000,9999.000,9999.000,9999.000,9999.000
202607291436,   0.643,9999.000,9999.000,9999.000,9999.000,9999.000,9999.000,9999.000,9999.000
202607291442,   0.623,9999.000,9999.000,9999.000,9999.000,9999.000,9999.000,9999.000,9999.000
202607291448,   0.603,9999.000,9999.000,9999.000,9999.000,9999.000,9999.000,9999.000,9999.000
202607291454,   0.582,9999.000,9999.000,9999.000,9999.000,9999.000,9999.000,9999.000,9999.000
202607291500,   0.561,9999.000,   0.800,   0.092,   1.453,   0.700,   1.353,   0.800,   1.453
202607291506,   0.540,9999.000,9999.000,9999.000,9999.000,9999.000,9999.000,9999.000,9999.000
202607291512,   0.519,9999.000,9999.000,9999.000,9999.000,9999.000,9999.000,9999.000,9999.000
202607291518,   0.498,9999.000,9999.000,9999.000,9999.000,9999.000,9999.000,9999.000,9999.000
202607291524,   0.477,9999.000,9999.000,9999.000,9999.000,9999.000,9999.000,9999.000,9999.000
202607291530,   0.456,9999.000,9999.000,9999.000,9999.000,9999.000,9999.000,9999.000,9999.000
202607291536,   0.435,9999.000,9999.000,9999.000,9999.000,9999.000,9999.000,9999.000,9999.000
202607291542,   0.415,9999.000,9999.000,9999.000,9999.000,9999.000,9999.000,9999.000,9999.000
202607291548,   0.394,9999.000,9999.000,9999.000,9999.000,9999.000,9999.000,9999.000,9999.000
202607291554,   0.375,9999.000,9999.000,9999.000,9999.000,9999.000,9999.000,9999.000,9999.000
202607291600,   0.355,9999.000,   0.800,   0.092,   1.247,   0.800,   1.247,   0.800,   1.247
202607291606,   0.336,9999.000,9999.000,9999.000,9999.000,9999.000,9999.000,9999.000,9999.000
202607291612,   0.318,9999.000,9999.000,9999.000,9999.000,9999.000,9999.000,9999.000,9999.000
202607291618,   0.300,9999.000,9999.000,9999.000,9999.000,9999.000,9999.000,9999.000,9999.000
202607291624,   0.282,9999.000,9999.000,9999.000,9999.000,9999.000,9999.000,9999.000,9999.000
202607291630,   0.265,9999.000,9999.000,9999.000,9999.000,9999.000,9999.000,9999.000,9999.000
202607291636,   0.249,9999.000,9999.000,9999.000,9999.000,9999.000,9999.000,9999.000,9999.000
202607291642,   0.234,9999.000,9999.000,9999.000,9999.000,9999.000,9999.000,9999.000,9999.000
202607291648,   0.219,9999.000,9999.000,9999.000,9999.000,9999.000,9999.000,9999.000,9999.000
202607291654,   0.205,9999.000,9999.000,9999.000,9999.000,9999.000,9999.000,9999.000,9999.000
202607291700,   0.192,9999.000,   0.800,   0.092,   1.084,   0.800,   1.084,   0.800,   1.084
202607291706,   0.180,9999.000,9999.000,9999.000,9999.000,9999.000,9999.000,9999.000,9999.000
202607291712,   0.168,9999.000,9999.000,9999.000,9999.000,9999.000,9999.000,9999.000,9999.000
202607291718,   0.158,9999.000,9999.000,9999.000,9999.000,9999.000,9999.000,9999.000,9999.000
202607291724,   0.148,9999.000,9999.000,9999.000,9999.000,9999.000,9999.000,9999.000,9999.000
202607291730,   0.139,9999.000,9999.000,9999.000,9999.000,9999.000,9999.000,9999.000,9999.000
202607291736,   0.132,9999.000,9999.000,9999.000,9999.000,9999.000,9999.000,9999.000,9999.000
202607291742,   0.125,9999.000,9999.000,9999.000,9999.000,9999.000,9999.000,9999.000,9999.000
202607291748,   0.119,9999.000,9999.000,9999.000,9999.000,9999.000,9999.000,9999.000,9999.000
202607291754,   0.114,9999.000,9999.000,9999.000,9999.000,9999.000,9999.000,9999.000,9999.000
202607291800,   0.110,9999.000,   0.800,   0.092,   1.002,   0.800,   1.002,   0.900,   1.102
