        TIME,    TIDE,      OB,   SURGE,    BIAS,     TWL,SURGE90p,  TWL90p,SURGE10p,   TWL10p
202607020600,   5.508,   5.457,  -0.300,   0.249,   5.457,  -0.300,   5.457,  -0.200,   5.557
202607020606,   5.725,9999.000,9999.000,9999.000,9999.000,9999.000,9999.000,9999.000,9999.000
202607020612,   5.953,   5.926,9999.000,9999.000,9999.000,9999.000,9999.000,9999.000,9999.000
202607020618,   6.190,9999.000,9999.000,9999.000,9999.000,9999.000,9999.000,9999.000,9999.000
202607020624,   6.436,   6.399,9999.000,9999.000,9999.000,9999.000,9999.000,9999.000,9999.000
202607020630,   6.691,9999.000,9999.000,9999.000,9999.000,9999.000,9999.000,9999.000,9999.000
202607020636,   6.954,   6.927,9999.000,9999.000,9999.000,9999.000,9999.000,9999.000,9999.000
202607020642,   7.223,9999.000,9999.000,9999.000,9999.000,9999.000,9999.000,9999.000,9999.000
202607020648,   7.499,   7.527,9999.000,9999.000,9999.000,9999.000,9999.000,9999.000,9999.000
202607020654,   7.780,9999.000,9999.000,9999.000,9999.000,9999.000,9999.000,9999.000,9999.000
202607020700,   8.067,   8.117,  -0.300,   0.350,   8.117,  -0.300,   8.117,  -0.200,   8.217
202607020706,   8.357,   8.416,9999.000,9999.000,9999.000,9999.000,9999.000,9999.000,9999.000
202607020712,   8.650,   8.718,9999.000,9999.000,9999.000,9999.000,9999.000,9999.000,9999.000
202607020718,   8.946,   9.026,9999.000,9999.000,9999.000,9999.000,9999.000,9999.000,9999.000
202607020724,   9.244,   9.328,9999.000,9999.000,9999.000,9999.000,9999.000,9999.000,9999.000
202607020730,   9.543,   9.636,9999.000,9999.000,9999.000,9999.000,9999.000,9999.000,9999.000
202607020736,   9.842,   9.938,9999.000,9999.000,9999.000,9999.000,9999.000,9999.000,9999.000
202607020742,  10.140,  10.227,9999.000,9999.000,9999.000,9999.000,9999.000,9999.000,9999.000
202607020748,  10.437,  10.515,9999.000,9999.000,9999.000,9999.000,9999.000,9999.000,9999.000
202607020754,  10.732,  10.827,9999.000,9999.000,9999.000,9999.000,9999.000,9999.000,9999.000
202607020800,  11.024,  11.115,  -0.300,   0.391,  11.115,  -0.300,  11.115,  -0.200,  11.215
202607020806,  11.312,  11.407,9999.000,9999.000,9999.000,9999.000,9999.000,9999.000,9999.000
202607020812,  11.596,  11.676,9999.000,9999.000,9999.000,9999.000,9999.000,9999.000,9999.000
202607020818,  11.875,  11.965,9999.000,9999.000,9999.000,9999.000,9999.000,9999.000,9999.000
202607020824,  12.147,  12.247,9999.000,9999.000,9999.000,9999.000,9999.000,9999.000,9999.000
202607020830,  12.413,  12.526,9999.000,9999.000,9999.000,9999.000,9999.000,9999.000,9999.000
202607020836,  12.672,  12.775,9999.000,9999.000,9999.000,9999.000,9999.000,9999.000,9999.000
202607020842,  12.922,  13.028,9999.000,9999.000,9999.000,9999.000,9999.000,9999.000,9999.000
202607020848,  13.164,  13.267,9999.000,9999.000,9999.000,9999.000,9999.000,9999.000,9999.000
202607020854,  13.396,  13.497,9999.000,9999.000,9999.000,9999.000,9999.000,9999.000,9999.000
202607020900,  13.618,  13.697,  -0.200,   0.279,  13.697,  -0.300,  13.597,  -0.100,  13.797
202607020906,  13.830,  13.897,9999.000,9999.000,9999.000,9999.000,9999.000,9999.000,9999.000
202607020912,  14.030,  14.087,9999.000,9999.000,9999.000,9999.000,9999.000,9999.000,9999.000
202607020918,  14.218,  14.264,9999.000,9999.000,9999.000,9999.000,9999.000,9999.000,9999.000
202607020924,  14.393,  14.415,9999.000,9999.000,9999.000,9999.000,9999.000,9999.000,9999.000
202607020930,  14.556,  14.556,9999.000,9999.000,9999.000,9999.000,9999.000,9999.000,9999.000
202607020936,  14.704,  14.674,9999.000,9999.000,9999.000,9999.000,9999.000,9999.000,9999.000
202607020942,  14.839,  14.805,9999.000,9999.000,9999.000,9999.000,9999.000,9999.000,9999.000
202607020948,  14.959,  14.917,9999.000,9999.000,9999.000,9999.000,9999.000,9999.000,9999.000
202607020954,  15.064,  15.025,9999.000,9999.000,9999.000,9999.000,9999.000,9999.000,9999.000
202607021000,  15.154,  15.094,  -0.200,   0.140,  15.094,  -0.300,  14.994,  -0.100,  15.194
202607021006,  15.227,  15.166,9999.000,9999.000,9999.000,9999.000,9999.000,9999.000,9999.000
202607021012,  15.285,  15.206,9999.000,9999.000,9999.000,9999.000,9999.000,9999.000,9999.000
202607021018,  15.326,  15.255,9999.000,9999.000,9999.000,9999.000,9999.000,9999.000,9999.000
202607021024,  15.351,  15.274,9999.000,9999.000,9999.000,9999.000,9999.000,9999.000,9999.000
202607021030,  15.358,  15.274,9999.000,9999.000,9999.000,9999.000,9999.000,9999.000,9999.000
202607021036,  15.349,  15.235,9999.000,9999.000,9999.000,9999.000,9999.000,9999.000,9999.000
202607021042,  15.322,  15.196,9999.000,9999.000,9999.000,9999.000,9999.000,9999.000,9999.000
202607021048,  15.278,  15.127,9999.000,9999.000,9999.000,9999.000,9999.000,9999.000,9999.000
202607021054,  15.216,  15.045,9999.000,9999.000,9999.000,9999.000,9999.000,9999.000,9999.000
202607021100,  15.137,  14.966,  -0.200,   0.029,  14.966,  -0.200,  14.966,  -0.100,  15.066
202607021106,  15.040,  14.874,9999.000,9999.000,9999.000,9999.000,9999.000,9999.000,9999.000
202607021112,  14.926,  14.776,9999.000,9999.000,9999.000,9999.000,9999.000,9999.000,9999.000
202607021118,  14.794,  14.635,9999.000,9999.000,9999.000,9999.000,9999.000,9999.000,9999.000
202607021124,  14.646,  14.477,9999.000,9999.000,9999.000,9999.000,9999.000,9999.000,9999.000
202607021130,  14.480,  14.307,9999.000,9999.000,9999.000,9999.000,9999.000,9999.000,9999.000
202607021136,  14.297,  14.126,9999.000,9999.000,9999.000,9999.000,9999.000,9999.000,9999.000
202607021142,  14.099,  13.936,9999.000,9999.000,9999.000,9999.000,9999.000,9999.000,9999.000
202607021148,  13.884,  13.716,9999.000,9999.000,9999.000,9999.000,9999.000,9999.000,9999.000
202607021154,  13.653,  13.477,9999.000,9999.000,9999.000,9999.000,9999.000,9999.000,9999.000
202607021200,  13.407,  13.228,  -0.400,   0.221,  13.228,  -0.400,  13.228,  -0.300,  13.328
202607021206,  13.146,  12.955,9999.000,9999.000,9999.000,9999.000,9999.000,9999.000,9999.000
202607021212,  12.871,  12.687,9999.000,9999.000,9999.000,9999.000,9999.000,9999.000,9999.000
202607021218,  12.582,  12.408,9999.000,9999.000,9999.000,9999.000,9999.000,9999.000,9999.000
202607021224,  12.280,  12.116,9999.000,9999.000,9999.000,9999.000,9999.000,9999.000,9999.000
202607021230,  11.965,  11.798,9999.000,9999.000,9999.000,9999.000,9999.000,9999.000,9999.000
202607021236,  11.639,  11.476,9999.000,9999.000,9999.000,9999.000,9999.000,9999.000,9999.000
202607021242,  11.301,  11.158,9999.000,9999.000,9999.000,9999.000,9999.000,9999.000,9999.000
202607021248,  10.953,  10.817,9999.000,9999.000,9999.000,9999.000,9999.000,9999.000,9999.000
202607021254,  10.595,  10.466,9999.000,9999.000,9999.000,9999.000,9999.000,9999.000,9999.000
202607021300,  10.229,  10.118,  -0.400,   0.289,  10.118,  -0.400,  10.118,  -0.300,  10.218
202607021306,   9.854,   9.767,9999.000,9999.000,9999.000,9999.000,9999.000,9999.000,9999.000
202607021312,   9.473,   9.387,9999.000,9999.000,9999.000,9999.000,9999.000,9999.000,9999.000
202607021318,   9.085,   8.987,9999.000,9999.000,9999.000,9999.000,9999.000,9999.000,9999.000
202607021324,   8.692,   8.616,9999.000,9999.000,9999.000,9999.000,9999.000,9999.000,9999.000
202607021330,   8.295,   8.239,9999.000,9999.000,9999.000,9999.000,9999.000,9999.000,9999.000
202607021336,   7.895,   7.858,9999.000,9999.000,9999.000,9999.000,9999.000,9999.000,9999.000
202607021342,   7.492,   7.458,9999.000,9999.000,9999.000,9999.000,9999.000,9999.000,9999.000
202607021348,   7.088,   7.048,9999.000,9999.000,9999.000,9999.000,9999.000,9999.000,9999.000
202607021354,   6.683,   6.678,9999.000,9999.000,9999.000,9999.000,9999.000,9999.000,9999.000
202607021400,   6.279,   6.287,  -0.300,   0.308,   6.287,  -0.400,   6.187,  -0.300,   6.287
202607021406,   5.877,   5.907,9999.000,9999.000,9999.000,9999.000,9999.000,9999.000,9999.000
202607021412,   5.477,   5.487,9999.000,9999.000,9999.000,9999.000,9999.000,9999.000,9999.000
202607021418,   5.080,   5.120,9999.000,9999.000,9999.000,9999.000,9999.000,9999.000,9999.000
202607021424,   4.689,   4.729,9999.000,9999.000,9999.000,9999.000,9999.000,9999.000,9999.000
202607021430,   4.302,   4.388,9999.000,9999.000,9999.000,9999.000,9999.000,9999.000,9999.000
202607021436,   3.922,   4.037,9999.000,9999.000,9999.000,9999.000,9999.000,9999.000,9999.000
202607021442,   3.550,   3.680,9999.000,9999.000,9999.000,9999.000,9999.000,9999.000,9999.000
202607021448,   3.186,   3.319,9999.000,9999.000,9999.000,9999.000,9999.000,9999.000,9999.000
202607021454,   2.831,   2.958,9999.000,9999.000,9999.000,9999.000,9999.000,9999.000,9999.000
202607021500,   2.486,   2.630,  -0.300,   0.444,   2.630,  -0.400,   2.530,  -0.300,   2.630
202607021506,   2.152,   2.309,9999.000,9999.000,9999.000,9999.000,9999.000,9999.000,9999.000
202607021512,   1.829,   2.010,9999.000,9999.000,9999.000,9999.000,9999.000,9999.000,9999.000
202607021518,   1.519,   1.728,9999.000,9999.000,9999.000,9999.000,9999.000,9999.000,9999.000
202607021524,   1.222,   1.449,9999.000,9999.000,9999.000,9999.000,9999.000,9999.000,9999.000
202607021530,   0.939,   1.170,9999.000,9999.000,9999.000,9999.000,9999.000,9999.000,9999.000
202607021536,   0.671,   0.879,9999.000,9999.000,9999.000,9999.000,9999.000,9999.000,9999.000
202607021542,   0.418,   0.629,9999.000,9999.000,9999.000,9999.000,9999.000,9999.000,9999.000
202607021548,   0.180,   0.409,9999.000,9999.000,9999.000,9999.000,9999.000,9999.000,9999.000
202607021554,  -0.041,   0.209,9999.000,9999.000,9999.000,9999.000,9999.000,9999.000,9999.000
202607021600,  -0.246,   0.029,  -0.400,   0.675,   0.029,  -0.400,   0.029,  -0.300,   0.129
202607021606,  -0.433,  -0.170,9999.000,9999.000,9999.000,9999.000,9999.000,9999.000,9999.000
202607021612,  -0.604,  -0.331,9999.000,9999.000,9999.000,9999.000,9999.000,9999.000,9999.000
202607021618,  -0.756,  -0.488,9999.000,9999.000,9999.000,9999.000,9999.000,9999.000,9999.000
202607021624,  -0.891,  -0.600,9999.000,9999.000,9999.000,9999.000,9999.000,9999.000,9999.000
202607021630,  -1.007,  -0.708,9999.000,9999.000,9999.000,9999.000,9999.000,9999.000,9999.000
202607021636,  -1.104,  -0.790,9999.000,9999.000,9999.000,9999.000,9999.000,9999.000,9999.000
202607021642,  -1.184,  -0.879,9999.000,9999.000,9999.000,9999.000,9999.000,9999.000,9999.000
202607021648,  -1.244,  -0.970,9999.000,9999.000,9999.000,9999.000,9999.000,9999.000,9999.000
202607021654,  -1.286,  -1.029,9999.000,9999.000,9999.000,9999.000,9999.000,9999.000,9999.000
202607021700,  -1.309,  -1.069,  -0.400,   0.640,  -1.069,  -0.400,  -1.069,  -0.300,  -0.969
202607021706,  -1.313,  -1.049,9999.000,9999.000,9999.000,9999.000,9999.000,9999.000,9999.000
202607021712,  -1.299,  -1.020,9999.000,9999.000,9999.000,9999.000,9999.000,9999.000,9999.000
202607021718,  -1.266,  -0.980,9999.000,9999.000,9999.000,9999.000,9999.000,9999.000,9999.000
202607021724,  -1.216,  -0.970,9999.000,9999.000,9999.000,9999.000,9999.000,9999.000,9999.000
202607021730,  -1.147,  -0.928,9999.000,9999.000,9999.000,9999.000,9999.000,9999.000,9999.000
202607021736,  -1.060,  -0.849,9999.000,9999.000,9999.000,9999.000,9999.000,9999.000,9999.000
202607021742,  -0.957,  -0.718,9999.000,9999.000,9999.000,9999.000,9999.000,9999.000,9999.000
202607021748,  -0.836,  -0.580,9999.000,9999.000,9999.000,9999.000,9999.000,9999.000,9999.000
202607021754,  -0.699,  -0.459,9999.000,9999.000,9999.000,9999.000,9999.000,9999.000,9999.000
202607021800,  -0.545,  -0.350,  -0.300,   0.495,  -0.350,  -0.300,  -0.350,  -0.300,  -0.350
202607021806,  -0.376,  -0.209,9999.000,9999.000,9999.000,9999.000,9999.000,9999.000,9999.000
202607021812,  -0.192,  -0.039,9999.000,9999.000,9999.000,9999.000,9999.000,9999.000,9999.000
202607021818,   0.006,   0.141,9999.000,9999.000,9999.000,9999.000,9999.000,9999.000,9999.000
202607021824,   0.219,   0.321,9999.000,9999.000,9999.000,9999.000,9999.000,9999.000,9999.000
202607021830,   0.446,   0.551,9999.000,9999.000,9999.000,9999.000,9999.000,9999.000,9999.000
202607021836,   0.685,   0.790,9999.000,9999.000,9999.000,9999.000,9999.000,9999.000,9999.000
202607021842,   0.937,   1.029,9999.000,9999.000,9999.000,9999.000,9999.000,9999.000,9999.000
202607021848,   1.201,   1.269,9999.000,9999.000,9999.000,9999.000,9999.000,9999.000,9999.000
202607021854,   1.475,   1.548,9999.000,9999.000,9999.000,9999.000,9999.000,9999.000,9999.000
202607021900,   1.760,   1.849,  -0.300,   0.389,   1.849,  -0.300,   1.849,  -0.200,   1.949
202607021906,   2.055,   2.148,9999.000,9999.000,9999.000,9999.000,9999.000,9999.000,9999.000
202607021912,   2.358,   2.459,9999.000,9999.000,9999.000,9999.000,9999.000,9999.000,9999.000
202607021918,   2.670,   2.728,9999.000,9999.000,9999.000,9999.000,9999.000,9999.000,9999.000
202607021924,   2.989,   3.050,9999.000,9999.000,9999.000,9999.000,9999.000,9999.000,9999.000
202607021930,   3.315,   3.398,9999.000,9999.000,9999.000,9999.000,9999.000,9999.000,9999.000
202607021936,   3.646,   3.729,9999.000,9999.000,9999.000,9999.000,9999.000,9999.000,9999.000
202607021942,   3.983,   4.057,9999.000,9999.000,9999.000,9999.000,9999.000,9999.000,9999.000
202607021948,   4.324,   4.388,9999.000,9999.000,9999.000,9999.000,9999.000,9999.000,9999.000
202607021954,   4.669,   4.729,9999.000,9999.000,9999.000,9999.000,9999.000,9999.000,9999.000
202607022000,   5.017,   5.077,  -0.200,   0.260,   5.077,  -0.300,   4.977,  -0.200,   5.077
202607022006,   5.366,   5.457,9999.000,9999.000,9999.000,9999.000,9999.000,9999.000,9999.000
202607022012,   5.717,   5.808,9999.000,9999.000,9999.000,9999.000,9999.000,9999.000,9999.000
202607022018,   6.069,   6.169,9999.000,9999.000,9999.000,9999.000,9999.000,9999.000,9999.000
202607022024,   6.420,   6.517,9999.000,9999.000,9999.000,9999.000,9999.000,9999.000,9999.000
202607022030,   6.770,   6.878,9999.000,9999.000,9999.000,9999.000,9999.000,9999.000,9999.000
202607022036,   7.119,   7.219,9999.000,9999.000,9999.000,9999.000,9999.000,9999.000,9999.000
202607022042,   7.464,   7.576,9999.000,9999.000,9999.000,9999.000,9999.000,9999.000,9999.000
202607022048,   7.807,   7.917,9999.000,9999.000,9999.000,9999.000,9999.000,9999.000,9999.000
202607022054,   8.145,   8.239,9999.000,9999.000,9999.000,9999.000,9999.000,9999.000,9999.000
202607022100,   8.479,   8.567,  -0.200,   0.288,   8.567,  -0.200,   8.567,  -0.200,   8.567
202607022106,   8.807,   8.888,9999.000,9999.000,9999.000,9999.000,9999.000,9999.000,9999.000
202607022112,   9.129,   9.226,9999.000,9999.000,9999.000,9999.000,9999.000,9999.000,9999.000
202607022118,   9.443,   9.557,9999.000,9999.000,9999.000,9999.000,9999.000,9999.000,9999.000
202607022124,   9.750,   9.885,9999.000,9999.000,9999.000,9999.000,9999.000,9999.000,9999.000
202607022130,  10.049,  10.187,9999.000,9999.000,9999.000,9999.000,9999.000,9999.000,9999.000
202607022136,  10.339,  10.476,9999.000,9999.000,9999.000,9999.000,9999.000,9999.000,9999.000
202607022142,  10.619,  10.748,9999.000,9999.000,9999.000,9999.000,9999.000,9999.000,9999.000
202607022148,  10.889,  11.007,9999.000,9999.000,9999.000,9999.000,9999.000,9999.000,9999.000
202607022154,  11.148,  11.266,9999.000,9999.000,9999.000,9999.000,9999.000,9999.000,9999.000
202607022200,  11.396,  11.545,  -0.200,   0.349,  11.545,  -0.200,  11.545,  -0.100,  11.645
202607022206,  11.632,  11.807,9999.000,9999.000,9999.000,9999.000,9999.000,9999.000,9999.000
202607022212,  11.855,  12.037,9999.000,9999.000,9999.000,9999.000,9999.000,9999.000,9999.000
202607022218,  12.065,  12.208,9999.000,9999.000,9999.000,9999.000,9999.000,9999.000,9999.000
202607022224,  12.262,  12.385,9999.000,9999.000,9999.000,9999.000,9999.000,9999.000,9999.000
202607022230,  12.445,  12.555,9999.000,9999.000,9999.000,9999.000,9999.000,9999.000,9999.000
202607022236,  12.613,  12.765,9999.000,9999.000,9999.000,9999.000,9999.000,9999.000,9999.000
202607022242,  12.767,  12.916,9999.000,9999.000,9999.000,9999.000,9999.000,9999.000,9999.000
202607022248,  12.906,  13.057,9999.000,9999.000,9999.000,9999.000,9999.000,9999.000,9999.000
202607022254,  13.030,  13.156,9999.000,9999.000,9999.000,9999.000,9999.000,9999.000,9999.000
202607022300,  13.138,  13.277,  -0.100,   0.239,  13.277,  -0.200,  13.177,  -0.100,  13.277
202607022306,  13.230,  13.365,9999.000,9999.000,9999.000,9999.000,9999.000,9999.000,9999.000
202607022312,  13.306,  13.457,9999.000,9999.000,9999.000,9999.000,9999.000,9999.000,9999.000
202607022318,  13.366,  13.507,9999.000,9999.000,9999.000,9999.000,9999.000,9999.000,9999.000
202607022324,  13.409,  13.536,9999.000,9999.000,9999.000,9999.000,9999.000,9999.000,9999.000
202607022330,  13.437,  13.546,9999.000,9999.000,9999.000,9999.000,9999.000,9999.000,9999.000
202607022336,  13.448,  13.526,9999.000,9999.000,9999.000,9999.000,9999.000,9999.000,9999.000
202607022342,  13.443,  13.507,9999.000,9999.000,9999.000,9999.000,9999.000,9999.000,9999.000
202607022348,  13.421,  13.497,9999.000,9999.000,9999.000,9999.000,9999.000,9999.000,9999.000
202607022354,  13.383,  13.487,9999.000,9999.000,9999.000,9999.000,9999.000,9999.000,9999.000
202607030000,  13.330,  13.447,   0.000,   0.117,  13.447,   0.000,  13.447,   0.000,  13.447
202607030006,  13.260,  13.365,9999.000,9999.000,9999.000,9999.000,9999.000,9999.000,9999.000
202607030012,  13.175,  13.257,9999.000,9999.000,9999.000,9999.000,9999.000,9999.000,9999.000
202607030018,  13.075,  13.146,9999.000,9999.000,9999.000,9999.000,9999.000,9999.000,9999.000
202607030024,  12.960,  13.047,9999.000,9999.000,9999.000,9999.000,9999.000,9999.000,9999.000
202607030030,  12.831,  12.926,9999.000,9999.000,9999.000,9999.000,9999.000,9999.000,9999.000
202607030036,  12.687,  12.785,9999.000,9999.000,9999.000,9999.000,9999.000,9999.000,9999.000
202607030042,  12.530,  12.618,9999.000,9999.000,9999.000,9999.000,9999.000,9999.000,9999.000
202607030048,  12.360,  12.447,9999.000,9999.000,9999.000,9999.000,9999.000,9999.000,9999.000
202607030054,  12.177,  12.247,9999.000,9999.000,9999.000,9999.000,9999.000,9999.000,9999.000
202607030100,  11.983,  12.057,   0.000,   0.074,  12.057,   0.000,  12.057,   0.000,  12.057
202607030106,  11.777,  11.867,9999.000,9999.000,9999.000,9999.000,9999.000,9999.000,9999.000
202607030112,  11.561,  11.666,9999.000,9999.000,9999.000,9999.000,9999.000,9999.000,9999.000
202607030118,  11.335,  11.437,9999.000,9999.000,9999.000,9999.000,9999.000,9999.000,9999.000
202607030124,  11.099,  11.178,9999.000,9999.000,9999.000,9999.000,9999.000,9999.000,9999.000
202607030130,  10.856,  10.905,9999.000,9999.000,9999.000,9999.000,9999.000,9999.000,9999.000
202607030136,  10.605,  10.627,9999.000,9999.000,9999.000,9999.000,9999.000,9999.000,9999.000
202607030142,  10.347,  10.397,9999.000,9999.000,9999.000,9999.000,9999.000,9999.000,9999.000
202607030148,  10.083,  10.128,9999.000,9999.000,9999.000,9999.000,9999.000,9999.000,9999.000
202607030154,   9.815,   9.885,9999.000,9999.000,9999.000,9999.000,9999.000,9999.000,9999.000
202607030200,   9.542,   9.567,   0.000,   0.025,   9.567,   0.000,   9.567,   0.100,   9.667
202607030206,   9.266,   9.265,9999.000,9999.000,9999.000,9999.000,9999.000,9999.000,9999.000
202607030212,   8.987,   8.947,9999.000,9999.000,9999.000,9999.000,9999.000,9999.000,9999.000
202607030218,   8.708,   8.698,9999.000,9999.000,9999.000,9999.000,9999.000,9999.000,9999.000
202607030224,   8.428,   8.416,9999.000,9999.000,9999.000,9999.000,9999.000,9999.000,9999.000
202607030230,   8.148,   8.147,9999.000,9999.000,9999.000,9999.000,9999.000,9999.000,9999.000
202607030236,   7.870,   7.849,9999.000,9999.000,9999.000,9999.000,9999.000,9999.000,9999.000
202607030242,   7.594,   7.576,9999.000,9999.000,9999.000,9999.000,9999.000,9999.000,9999.000
202607030248,   7.321,   7.278,9999.000,9999.000,9999.000,9999.000,9999.000,9999.000,9999.000
202607030254,   7.052,   6.999,9999.000,9999.000,9999.000,9999.000,9999.000,9999.000,9999.000
202607030300,   6.788,   6.697,   0.000,  -0.091,   6.697,   0.000,   6.697,   0.100,   6.797
202607030306,   6.530,   6.477,9999.000,9999.000,9999.000,9999.000,9999.000,9999.000,9999.000
202607030312,   6.279,   6.209,9999.000,9999.000,9999.000,9999.000,9999.000,9999.000,9999.000
202607030318,   6.035,   5.989,9999.000,9999.000,9999.000,9999.000,9999.000,9999.000,9999.000
202607030324,   5.799,   5.697,9999.000,9999.000,9999.000,9999.000,9999.000,9999.000,9999.000
202607030330,   5.573,   5.477,9999.000,9999.000,9999.000,9999.000,9999.000,9999.000,9999.000
202607030336,   5.356,   5.218,9999.000,9999.000,9999.000,9999.000,9999.000,9999.000,9999.000
202607030342,   5.149,   5.028,9999.000,9999.000,9999.000,9999.000,9999.000,9999.000,9999.000
202607030348,   4.954,   4.818,9999.000,9999.000,9999.000,9999.000,9999.000,9999.000,9999.000
202607030354,   4.771,   4.657,9999.000,9999.000,9999.000,9999.000,9999.000,9999.000,9999.000
202607030400,   4.599,   4.457,   0.000,  -0.142,   4.457,   0.000,   4.457,   0.100,   4.557
202607030406,   4.441,   4.300,9999.000,9999.000,9999.000,9999.000,9999.000,9999.000,9999.000
202607030412,   4.296,   4.129,9999.000,9999.000,9999.000,9999.000,9999.000,9999.000,9999.000
202607030418,   4.164,   3.998,9999.000,9999.000,9999.000,9999.000,9999.000,9999.000,9999.000
202607030424,   4.047,   3.860,9999.000,9999.000,9999.000,9999.000,9999.000,9999.000,9999.000
202607030430,   3.945,   3.768,9999.000,9999.000,9999.000,9999.000,9999.000,9999.000,9999.000
202607030436,   3.857,   3.680,9999.000,9999.000,9999.000,9999.000,9999.000,9999.000,9999.000
202607030442,   3.784,   3.617,9999.000,9999.000,9999.000,9999.000,9999.000,9999.000,9999.000
202607030448,   3.727,   3.558,9999.000,9999.000,9999.000,9999.000,9999.000,9999.000,9999.000
202607030454,   3.685,   3.499,9999.000,9999.000,9999.000,9999.000,9999.000,9999.000,9999.000
202607030500,   3.659,   3.470,   0.000,  -0.189,   3.470,   0.000,   3.470,   0.000,   3.470
202607030506,   3.648,   3.480,9999.000,9999.000,9999.000,9999.000,9999.000,9999.000,9999.000
202607030512,   3.653,   3.499,9999.000,9999.000,9999.000,9999.000,9999.000,9999.000,9999.000
202607030518,   3.674,   3.519,9999.000,9999.000,9999.000,9999.000,9999.000,9999.000,9999.000
202607030524,   3.711,   3.568,9999.000,9999.000,9999.000,9999.000,9999.000,9999.000,9999.000
202607030530,   3.763,   3.637,9999.000,9999.000,9999.000,9999.000,9999.000,9999.000,9999.000
202607030536,   3.830,   3.739,9999.000,9999.000,9999.000,9999.000,9999.000,9999.000,9999.000
202607030542,   3.912,   3.827,9999.000,9999.000,9999.000,9999.000,9999.000,9999.000,9999.000
202607030548,   4.009,   3.929,9999.000,9999.000,9999.000,9999.000,9999.000,9999.000,9999.000
202607030554,   4.121,   4.047,9999.000,9999.000,9999.000,9999.000,9999.000,9999.000,9999.000
202607030600,   4.247,   4.198,   0.000,  -0.049,   4.198,   0.000,   4.198,   0.000,   4.198
202607030606,   4.387,   4.349,9999.000,9999.000,9999.000,9999.000,9999.000,9999.000,9999.000
202607030612,   4.540,   4.519,9999.000,9999.000,9999.000,9999.000,9999.000,9999.000,9999.000
202607030618,   4.706,   4.677,9999.000,9999.000,9999.000,9999.000,9999.000,9999.000,9999.000
202607030624,   4.885,   4.877,9999.000,9999.000,9999.000,9999.000,9999.000,9999.000,9999.000
202607030630,   5.076,   5.087,9999.000,9999.000,9999.000,9999.000,9999.000,9999.000,9999.000
202607030636,   5.278,   5.307,9999.000,9999.000,9999.000,9999.000,9999.000,9999.000,9999.000
202607030642,   5.492,   5.539,9999.000,9999.000,9999.000,9999.000,9999.000,9999.000,9999.000
202607030648,   5.715,   5.789,9999.000,9999.000,9999.000,9999.000,9999.000,9999.000,9999.000
202607030654,   5.949,   6.038,9999.000,9999.000,9999.000,9999.000,9999.000,9999.000,9999.000
202607030700,   6.191,   6.287,   0.000,   0.096,   6.287,   0.000,   6.287,   0.000,   6.287
202607030706,   6.442,   6.546,9999.000,9999.000,9999.000,9999.000,9999.000,9999.000,9999.000
202607030712,   6.701,   6.819,9999.000,9999.000,9999.000,9999.000,9999.000,9999.000,9999.000
202607030718,   6.966,   7.107,9999.000,9999.000,9999.000,9999.000,9999.000,9999.000,9999.000
202607030724,   7.238,   7.386,9999.000,9999.000,9999.000,9999.000,9999.000,9999.000,9999.000
202607030730,   7.516,   7.688,9999.000,9999.000,9999.000,9999.000,9999.000,9999.000,9999.000
202607030736,   7.798,   7.967,9999.000,9999.000,9999.000,9999.000,9999.000,9999.000,9999.000
202607030742,   8.085,   8.259,9999.000,9999.000,9999.000,9999.000,9999.000,9999.000,9999.000
202607030748,   8.375,   8.567,9999.000,9999.000,9999.000,9999.000,9999.000,9999.000,9999.000
202607030754,   8.667,   8.878,9999.000,9999.000,9999.000,9999.000,9999.000,9999.000,9999.000
202607030800,   8.962,   9.177,   0.000,   0.215,   9.177,   0.000,   9.177,   0.000,   9.177
202607030806,   9.257,   9.498,9999.000,9999.000,9999.000,9999.000,9999.000,9999.000,9999.000
202607030812,   9.553,   9.797,9999.000,9999.000,9999.000,9999.000,9999.000,9999.000,9999.000
202607030818,   9.848,  10.095,9999.000,9999.000,9999.000,9999.000,9999.000,9999.000,9999.000
202607030824,  10.142,  10.377,9999.000,9999.000,9999.000,9999.000,9999.000,9999.000,9999.000
202607030830,  10.434,  10.676,9999.000,9999.000,9999.000,9999.000,9999.000,9999.000,9999.000
202607030836,  10.724,  10.968,9999.000,9999.000,9999.000,9999.000,9999.000,9999.000,9999.000
202607030842,  11.009,  11.256,9999.000,9999.000,9999.000,9999.000,9999.000,9999.000,9999.000
202607030848,  11.290,  11.525,9999.000,9999.000,9999.000,9999.000,9999.000,9999.000,9999.000
202607030854,  11.567,  11.778,9999.000,9999.000,9999.000,9999.000,9999.000,9999.000,9999.000
202607030900,  11.837,  12.037,   0.000,   0.200,  12.037,   0.000,  12.037,   0.000,  12.037
202607030906,  12.101,  12.296,9999.000,9999.000,9999.000,9999.000,9999.000,9999.000,9999.000
202607030912,  12.358,  12.545,9999.000,9999.000,9999.000,9999.000,9999.000,9999.000,9999.000
202607030918,  12.606,  12.785,9999.000,9999.000,9999.000,9999.000,9999.000,9999.000,9999.000
202607030924,  12.846,  13.028,9999.000,9999.000,9999.000,9999.000,9999.000,9999.000,9999.000
202607030930,  13.077,  13.247,9999.000,9999.000,9999.000,9999.000,9999.000,9999.000,9999.000
202607030936,  13.298,  13.457,9999.000,9999.000,9999.000,9999.000,9999.000,9999.000,9999.000
202607030942,  13.508,  13.667,9999.000,9999.000,9999.000,9999.000,9999.000,9999.000,9999.000
202607030948,  13.707,  13.857,9999.000,9999.000,9999.000,9999.000,9999.000,9999.000,9999.000
202607030954,  13.894,  14.035,9999.000,9999.000,9999.000,9999.000,9999.000,9999.000,9999.000
202607031000,  14.068,  14.176,   0.000,   0.108,  14.176,   0.000,  14.176,   0.000,  14.176
202607031006,  14.230,  14.307,9999.000,9999.000,9999.000,9999.000,9999.000,9999.000,9999.000
202607031012,  14.378,  14.435,9999.000,9999.000,9999.000,9999.000,9999.000,9999.000,9999.000
202607031018,  14.512,  14.576,9999.000,9999.000,9999.000,9999.000,9999.000,9999.000,9999.000
202607031024,  14.632,  14.687,9999.000,9999.000,9999.000,9999.000,9999.000,9999.000,9999.000
202607031030,  14.736,  14.776,9999.000,9999.000,9999.000,9999.000,9999.000,9999.000,9999.000
202607031036,  14.826,  14.835,9999.000,9999.000,9999.000,9999.000,9999.000,9999.000,9999.000
202607031042,  14.900,  14.864,9999.000,9999.000,9999.000,9999.000,9999.000,9999.000,9999.000
202607031048,  14.957,  14.907,9999.000,9999.000,9999.000,9999.000,9999.000,9999.000,9999.000
202607031054,  14.999,  14.946,9999.000,9999.000,9999.000,9999.000,9999.000,9999.000,9999.000
202607031100,  15.024,  14.966,   0.000,  -0.058,  14.966,   0.000,  14.966,   0.000,  14.966
202607031106,  15.032,  14.956,9999.000,9999.000,9999.000,9999.000,9999.000,9999.000,9999.000
202607031112,  15.023,  14.927,9999.000,9999.000,9999.000,9999.000,9999.000,9999.000,9999.000
202607031118,  14.997,  14.897,9999.000,9999.000,9999.000,9999.000,9999.000,9999.000,9999.000
202607031124,  14.953,  14.845,9999.000,9999.000,9999.000,9999.000,9999.000,9999.000,9999.000
202607031130,  14.892,  14.766,9999.000,9999.000,9999.000,9999.000,9999.000,9999.000,9999.000
202607031136,  14.814,  14.687,9999.000,9999.000,9999.000,9999.000,9999.000,9999.000,9999.000
202607031142,  14.719,  14.586,9999.000,9999.000,9999.000,9999.000,9999.000,9999.000,9999.000
202607031148,  14.607,  14.477,9999.000,9999.000,9999.000,9999.000,9999.000,9999.000,9999.000
202607031154,  14.477,  14.336,9999.000,9999.000,9999.000,9999.000,9999.000,9999.000,9999.000
202607031200,  14.330,  14.185,  -0.100,  -0.045,  14.185,  -0.200,  14.085,  -0.100,  14.185
202607031206,  14.167,  14.005,9999.000,9999.000,9999.000,9999.000,9999.000,9999.000,9999.000
202607031212,  13.987,  13.835,9999.000,9999.000,9999.000,9999.000,9999.000,9999.000,9999.000
202607031218,  13.791,  13.648,9999.000,9999.000,9999.000,9999.000,9999.000,9999.000,9999.000
202607031224,  13.579,  13.438,9999.000,9999.000,9999.000,9999.000,9999.000,9999.000,9999.000
202607031230,  13.352,  13.205,9999.000,9999.000,9999.000,9999.000,9999.000,9999.000,9999.000
202607031236,  13.109,  12.965,9999.000,9999.000,9999.000,9999.000,9999.000,9999.000,9999.000
202607031242,  12.852,  12.716,9999.000,9999.000,9999.000,9999.000,9999.000,9999.000,9999.000
202607031248,  12.581,  12.447,9999.000,9999.000,9999.000,9999.000,9999.000,9999.000,9999.000
202607031254,  12.297,  12.198,9999.000,9999.000,9999.000,9999.000,9999.000,9999.000,9999.000
202607031300,  11.999,  11.886,  -0.100,  -0.013,  11.886,  -0.200,  11.786,  -0.100,  11.886
202607031306,  11.690,  11.588,9999.000,9999.000,9999.000,9999.000,9999.000,9999.000,9999.000
202607031312,  11.369,  11.256,9999.000,9999.000,9999.000,9999.000,9999.000,9999.000,9999.000
202607031318,  11.037,  10.958,9999.000,9999.000,9999.000,9999.000,9999.000,9999.000,9999.000
202607031324,  10.695,  10.627,9999.000,9999.000,9999.000,9999.000,9999.000,9999.000,9999.000
202607031330,  10.344,  10.295,9999.000,9999.000,9999.000,9999.000,9999.000,9999.000,9999.000
202607031336,   9.985,   9.958,9999.000,9999.000,9999.000,9999.000,9999.000,9999.000,9999.000
202607031342,   9.618,   9.616,9999.000,9999.000,9999.000,9999.000,9999.000,9999.000,9999.000
202607031348,   9.244,   9.246,9999.000,9999.000,9999.000,9999.000,9999.000,9999.000,9999.000
202607031354,   8.865,   8.878,9999.000,9999.000,9999.000,9999.000,9999.000,9999.000,9999.000
202607031400,   8.480,   8.508,  -0.100,   0.128,   8.508,  -0.200,   8.408,  -0.100,   8.508
202607031406,   8.092,   8.157,9999.000,9999.000,9999.000,9999.000,9999.000,9999.000,9999.000
202607031412,   7.701,   7.786,9999.000,9999.000,9999.000,9999.000,9999.000,9999.000,9999.000
202607031418,   7.308,   7.399,9999.000,9999.000,9999.000,9999.000,9999.000,9999.000,9999.000
202607031424,   6.914,   6.989,9999.000,9999.000,9999.000,9999.000,9999.000,9999.000,9999.000
202607031430,   6.519,   6.619,9999.000,9999.000,9999.000,9999.000,9999.000,9999.000,9999.000
202607031436,   6.126,   6.238,9999.000,9999.000,9999.000,9999.000,9999.000,9999.000,9999.000
202607031442,   5.735,   5.877,9999.000,9999.000,9999.000,9999.000,9999.000,9999.000,9999.000
202607031448,   5.346,   5.497,9999.000,9999.000,9999.000,9999.000,9999.000,9999.000,9999.000
202607031454,   4.962,   5.139,9999.000,9999.000,9999.000,9999.000,9999.000,9999.000,9999.000
202607031500,   4.582,   4.749,  -0.100,   0.267,   4.749,  -0.200,   4.649,  -0.100,   4.749
202607031506,   4.208,   4.388,9999.000,9999.000,9999.000,9999.000,9999.000,9999.000,9999.000
202607031512,   3.841,   4.017,9999.000,9999.000,9999.000,9999.000,9999.000,9999.000,9999.000
202607031518,   3.481,   3.699,9999.000,9999.000,9999.000,9999.000,9999.000,9999.000,9999.000
202607031524,   3.130,   3.378,9999.000,9999.000,9999.000,9999.000,9999.000,9999.000,9999.000
202607031530,   2.788,   3.050,9999.000,9999.000,9999.000,9999.000,9999.000,9999.000,9999.000
202607031536,   2.457,   2.709,9999.000,9999.000,9999.000,9999.000,9999.000,9999.000,9999.000
202607031542,   2.136,   2.377,9999.000,9999.000,9999.000,9999.000,9999.000,9999.000,9999.000
202607031548,   1.827,   2.059,9999.000,9999.000,9999.000,9999.000,9999.000,9999.000,9999.000
202607031554,   1.531,   1.767,9999.000,9999.000,9999.000,9999.000,9999.000,9999.000,9999.000
202607031600,   1.248,   1.518,  -0.100,   0.370,   1.518,  -0.200,   1.418,  -0.100,   1.518
202607031606,   0.979,   1.279,9999.000,9999.000,9999.000,9999.000,9999.000,9999.000,9999.000
202607031612,   0.725,   1.029,9999.000,9999.000,9999.000,9999.000,9999.000,9999.000,9999.000
202607031618,   0.485,   0.790,9999.000,9999.000,9999.000,9999.000,9999.000,9999.000,9999.000
202607031624,   0.261,   0.560,9999.000,9999.000,9999.000,9999.000,9999.000,9999.000,9999.000
202607031630,   0.053,   0.360,9999.000,9999.000,9999.000,9999.000,9999.000,9999.000,9999.000
202607031636,  -0.137,   0.160,9999.000,9999.000,9999.000,9999.000,9999.000,9999.000,9999.000
202607031642,  -0.311,  -0.009,9999.000,9999.000,9999.000,9999.000,9999.000,9999.000,9999.000
202607031648,  -0.468,  -0.131,9999.000,9999.000,9999.000,9999.000,9999.000,9999.000,9999.000
202607031654,  -0.607,  -0.268,9999.000,9999.000,9999.000,9999.000,9999.000,9999.000,9999.000
202607031700,  -0.729,  -0.390,  -0.100,   0.439,  -0.390,  -0.100,  -0.390,  -0.100,  -0.390
202607031706,  -0.832,  -0.551,9999.000,9999.000,9999.000,9999.000,9999.000,9999.000,9999.000
202607031712,  -0.918,  -0.639,9999.000,9999.000,9999.000,9999.000,9999.000,9999.000,9999.000
202607031718,  -0.985,  -0.718,9999.000,9999.000,9999.000,9999.000,9999.000,9999.000,9999.000
202607031724,  -1.033,  -0.751,9999.000,9999.000,9999.000,9999.000,9999.000,9999.000,9999.000
202607031730,  -1.064,  -0.810,9999.000,9999.000,9999.000,9999.000,9999.000,9999.000,9999.000
202607031736,  -1.075,  -0.829,9999.000,9999.000,9999.000,9999.000,9999.000,9999.000,9999.000
202607031742,  -1.069,  -0.839,9999.000,9999.000,9999.000,9999.000,9999.000,9999.000,9999.000
202607031748,  -1.044,  -0.810,9999.000,9999.000,9999.000,9999.000,9999.000,9999.000,9999.000
202607031754,  -1.002,  -0.800,9999.000,9999.000,9999.000,9999.000,9999.000,9999.000,9999.000
202607031800,  -0.942,  -0.770,  -0.100,   0.272,  -0.770,  -0.200,  -0.870,  -0.100,  -0.770
202607031806,  -0.864,  -0.708,9999.000,9999.000,9999.000,9999.000,9999.000,9999.000,9999.000
202607031812,  -0.769,  -0.619,9999.000,9999.000,9999.000,9999.000,9999.000,9999.000,9999.000
202607031818,  -0.657,  -0.498,9999.000,9999.000,9999.000,9999.000,9999.000,9999.000,9999.000
202607031824,  -0.529,  -0.400,9999.000,9999.000,9999.000,9999.000,9999.000,9999.000,9999.000
202607031830,  -0.384,  -0.278,9999.000,9999.000,9999.000,9999.000,9999.000,9999.000,9999.000
202607031836,  -0.224,  -0.121,9999.000,9999.000,9999.000,9999.000,9999.000,9999.000,9999.000
202607031842,  -0.049,   0.068,9999.000,9999.000,9999.000,9999.000,9999.000,9999.000,9999.000
202607031848,   0.140,   0.249,9999.000,9999.000,9999.000,9999.000,9999.000,9999.000,9999.000
202607031854,   0.344,   0.429,9999.000,9999.000,9999.000,9999.000,9999.000,9999.000,9999.000
202607031900,   0.562,   0.619,  -0.100,   0.157,   0.619,  -0.200,   0.519,   0.000,   0.719
202607031906,   0.793,   0.839,9999.000,9999.000,9999.000,9999.000,9999.000,9999.000,9999.000
202607031912,   1.036,   1.098,9999.000,9999.000,9999.000,9999.000,9999.000,9999.000,9999.000
202607031918,   1.291,   1.348,9999.000,9999.000,9999.000,9999.000,9999.000,9999.000,9999.000
202607031924,   1.557,   1.600,9999.000,9999.000,9999.000,9999.000,9999.000,9999.000,9999.000
202607031930,   1.834,   1.859,9999.000,9999.000,9999.000,9999.000,9999.000,9999.000,9999.000
202607031936,   2.120,   2.128,9999.000,9999.000,9999.000,9999.000,9999.000,9999.000,9999.000
202607031942,   2.416,   2.430,9999.000,9999.000,9999.000,9999.000,9999.000,9999.000,9999.000
202607031948,   2.720,   2.728,9999.000,9999.000,9999.000,9999.000,9999.000,9999.000,9999.000
202607031954,   3.032,   3.040,9999.000,9999.000,9999.000,9999.000,9999.000,9999.000,9999.000
202607032000,   3.350,   3.378,  -0.100,   0.128,   3.378,  -0.200,   3.278,   0.000,   3.478
202607032006,   3.675,   3.729,9999.000,9999.000,9999.000,9999.000,9999.000,9999.000,9999.000
202607032012,   4.005,   4.047,9999.000,9999.000,9999.000,9999.000,9999.000,9999.000,9999.000
202607032018,   4.340,   4.368,9999.000,9999.000,9999.000,9999.000,9999.000,9999.000,9999.000
202607032024,   4.679,   4.700,9999.000,9999.000,9999.000,9999.000,9999.000,9999.000,9999.000
202607032030,   5.021,   5.077,9999.000,9999.000,9999.000,9999.000,9999.000,9999.000,9999.000
202607032036,   5.365,   5.448,9999.000,9999.000,9999.000,9999.000,9999.000,9999.000,9999.000
202607032042,   5.711,   5.799,9999.000,9999.000,9999.000,9999.000,9999.000,9999.000,9999.000
202607032048,   6.058,   6.127,9999.000,9999.000,9999.000,9999.000,9999.000,9999.000,9999.000
202607032054,   6.405,   6.477,9999.000,9999.000,9999.000,9999.000,9999.000,9999.000,9999.000
202607032100,   6.752,   6.838,  -0.100,   0.186,   6.838,  -0.200,   6.738,   0.000,   6.938
202607032106,   7.097,   7.199,9999.000,9999.000,9999.000,9999.000,9999.000,9999.000,9999.000
202607032112,   7.440,   7.537,9999.000,9999.000,9999.000,9999.000,9999.000,9999.000,9999.000
202607032118,   7.780,   7.898,9999.000,9999.000,9999.000,9999.000,9999.000,9999.000,9999.000
202607032124,   8.116,   8.249,9999.000,9999.000,9999.000,9999.000,9999.000,9999.000,9999.000
202607032130,   8.448,   8.587,9999.000,9999.000,9999.000,9999.000,9999.000,9999.000,9999.000
202607032136,   8.774,   8.918,9999.000,9999.000,9999.000,9999.000,9999.000,9999.000,9999.000
202607032142,   9.095,   9.246,9999.000,9999.000,9999.000,9999.000,9999.000,9999.000,9999.000
202607032148,   9.410,   9.587,9999.000,9999.000,9999.000,9999.000,9999.000,9999.000,9999.000
202607032154,   9.717,   9.908,9999.000,9999.000,9999.000,9999.000,9999.000,9999.000,9999.000
202607032200,  10.016,  10.207,  -0.100,   0.291,  10.207,  -0.200,  10.107,  -0.100,  10.207
202607032206,  10.307,  10.495,9999.000,9999.000,9999.000,9999.000,9999.000,9999.000,9999.000
202607032212,  10.588,  10.778,9999.000,9999.000,9999.000,9999.000,9999.000,9999.000,9999.000
202607032218,  10.860,  11.066,9999.000,9999.000,9999.000,9999.000,9999.000,9999.000,9999.000
202607032224,  11.121,  11.296,9999.000,9999.000,9999.000,9999.000,9999.000,9999.000,9999.000
202607032230,  11.372,  11.568,9999.000,9999.000,9999.000,9999.000,9999.000,9999.000,9999.000
202607032236,  11.610,  11.798,9999.000,9999.000,9999.000,9999.000,9999.000,9999.000,9999.000
202607032242,  11.837,  12.047,9999.000,9999.000,9999.000,9999.000,9999.000,9999.000,9999.000
202607032248,  12.051,  12.257,9999.000,9999.000,9999.000,9999.000,9999.000,9999.000,9999.000
202607032254,  12.253,  12.477,9999.000,9999.000,9999.000,9999.000,9999.000,9999.000,9999.000
202607032300,  12.440,  12.647,  -0.100,   0.307,  12.647,  -0.200,  12.547,  -0.100,  12.647
202607032306,  12.614,  12.805,9999.000,9999.000,9999.000,9999.000,9999.000,9999.000,9999.000
202607032312,  12.774,  12.946,9999.000,9999.000,9999.000,9999.000,9999.000,9999.000,9999.000
202607032318,  12.918,  13.097,9999.000,9999.000,9999.000,9999.000,9999.000,9999.000,9999.000
202607032324,  13.048,  13.247,9999.000,9999.000,9999.000,9999.000,9999.000,9999.000,9999.000
202607032330,  13.163,  13.365,9999.000,9999.000,9999.000,9999.000,9999.000,9999.000,9999.000
202607032336,  13.262,  13.438,9999.000,9999.000,9999.000,9999.000,9999.000,9999.000,9999.000
202607032342,  13.346,  13.516,9999.000,9999.000,9999.000,9999.000,9999.000,9999.000,9999.000
202607032348,  13.413,  13.566,9999.000,9999.000,9999.000,9999.000,9999.000,9999.000,9999.000
202607032354,  13.465,  13.605,9999.000,9999.000,9999.000,9999.000,9999.000,9999.000,9999.000
202607040000,  13.500,  13.634,  -0.100,   0.234,  13.634,  -0.100,  13.634,  -0.100,  13.634
202607040006,  13.520,  13.648,9999.000,9999.000,9999.000,9999.000,9999.000,9999.000,9999.000
202607040012,  13.523,  13.648,9999.000,9999.000,9999.000,9999.000,9999.000,9999.000,9999.000
202607040018,  13.510,  13.625,9999.000,9999.000,9999.000,9999.000,9999.000,9999.000,9999.000
202607040024,  13.481,  13.595,9999.000,9999.000,9999.000,9999.000,9999.000,9999.000,9999.000
202607040030,  13.436,  13.546,9999.000,9999.000,9999.000,9999.000,9999.000,9999.000,9999.000
202607040036,  13.376,  13.467,9999.000,9999.000,9999.000,9999.000,9999.000,9999.000,9999.000
202607040042,  13.300,  13.395,9999.000,9999.000,9999.000,9999.000,9999.000,9999.000,9999.000
202607040048,  13.209,  13.277,9999.000,9999.000,9999.000,9999.000,9999.000,9999.000,9999.000
202607040054,  13.103,  13.156,9999.000,9999.000,9999.000,9999.000,9999.000,9999.000,9999.000
202607040100,  12.982,  13.028,  -0.100,   0.146,  13.028,  -0.100,  13.028,  -0.100,  13.028
202607040106,  12.847,  12.887,9999.000,9999.000,9999.000,9999.000,9999.000,9999.000,9999.000
202607040112,  12.699,  12.726,9999.000,9999.000,9999.000,9999.000,9999.000,9999.000,9999.000
202607040118,  12.537,  12.555,9999.000,9999.000,9999.000,9999.000,9999.000,9999.000,9999.000
202607040124,  12.362,  12.385,9999.000,9999.000,9999.000,9999.000,9999.000,9999.000,9999.000
202607040130,  12.176,  12.188,9999.000,9999.000,9999.000,9999.000,9999.000,9999.000,9999.000
202607040136,  11.977,  11.978,9999.000,9999.000,9999.000,9999.000,9999.000,9999.000,9999.000
202607040142,  11.768,  11.745,9999.000,9999.000,9999.000,9999.000,9999.000,9999.000,9999.000
202607040148,  11.549,  11.535,9999.000,9999.000,9999.000,9999.000,9999.000,9999.000,9999.000
202607040154,  11.320,  11.315,9999.000,9999.000,9999.000,9999.000,9999.000,9999.000,9999.000
202607040200,  11.082,  11.066,  -0.100,   0.084,  11.066,  -0.100,  11.066,   0.000,  11.166
202607040206,  10.836,  10.797,9999.000,9999.000,9999.000,9999.000,9999.000,9999.000,9999.000
202607040212,  10.583,  10.538,9999.000,9999.000,9999.000,9999.000,9999.000,9999.000,9999.000
202607040218,  10.323,  10.276,9999.000,9999.000,9999.000,9999.000,9999.000,9999.000,9999.000
202607040224,  10.057,  10.007,9999.000,9999.000,9999.000,9999.000,9999.000,9999.000,9999.000
202607040230,   9.787,   9.708,9999.000,9999.000,9999.000,9999.000,9999.000,9999.000,9999.000
202607040236,   9.513,   9.426,9999.000,9999.000,9999.000,9999.000,9999.000,9999.000,9999.000
202607040242,   9.236,   9.128,9999.000,9999.000,9999.000,9999.000,9999.000,9999.000,9999.000
202607040248,   8.956,   8.846,9999.000,9999.000,9999.000,9999.000,9999.000,9999.000,9999.000
202607040254,   8.676,   8.537,9999.000,9999.000,9999.000,9999.000,9999.000,9999.000,9999.000
202607040300,   8.394,   8.259,  -0.100,  -0.035,   8.259,  -0.100,   8.259,   0.000,   8.359
202607040306,   8.114,   7.976,9999.000,9999.000,9999.000,9999.000,9999.000,9999.000,9999.000
202607040312,   7.834,   7.717,9999.000,9999.000,9999.000,9999.000,9999.000,9999.000,9999.000
202607040318,   7.557,   7.419,9999.000,9999.000,9999.000,9999.000,9999.000,9999.000,9999.000
202607040324,   7.283,   7.156,9999.000,9999.000,9999.000,9999.000,9999.000,9999.000,9999.000
202607040330,   7.014,   6.868,9999.000,9999.000,9999.000,9999.000,9999.000,9999.000,9999.000
202607040336,   6.749,   6.609,9999.000,9999.000,9999.000,9999.000,9999.000,9999.000,9999.000
202607040342,   6.489,   6.346,9999.000,9999.000,9999.000,9999.000,9999.000,9999.000,9999.000
202607040348,   6.236,   6.107,9999.000,9999.000,9999.000,9999.000,9999.000,9999.000,9999.000
202607040354,   5.991,   5.818,9999.000,9999.000,9999.000,9999.000,9999.000,9999.000,9999.000
202607040400,   5.753,   5.589,   0.000,  -0.164,   5.589,  -0.100,   5.489,   0.000,   5.589
202607040406,   5.525,   5.359,9999.000,9999.000,9999.000,9999.000,9999.000,9999.000,9999.000
202607040412,   5.306,   5.179,9999.000,9999.000,9999.000,9999.000,9999.000,9999.000,9999.000
202607040418,   5.097,   4.969,9999.000,9999.000,9999.000,9999.000,9999.000,9999.000,9999.000
202607040424,   4.898,   4.778,9999.000,9999.000,9999.000,9999.000,9999.000,9999.000,9999.000
202607040430,   4.712,   4.588,9999.000,9999.000,9999.000,9999.000,9999.000,9999.000,9999.000
202607040436,   4.537,   4.427,9999.000,9999.000,9999.000,9999.000,9999.000,9999.000,9999.000
202607040442,   4.374,   4.267,9999.000,9999.000,9999.000,9999.000,9999.000,9999.000,9999.000
202607040448,   4.225,   4.109,9999.000,9999.000,9999.000,9999.000,9999.000,9999.000,9999.000
202607040454,   4.089,   3.968,9999.000,9999.000,9999.000,9999.000,9999.000,9999.000,9999.000
202607040500,   3.967,   3.847,  -0.100,  -0.020,   3.847,  -0.100,   3.847,   0.000,   3.947
202607040506,   3.859,   3.758,9999.000,9999.000,9999.000,9999.000,9999.000,9999.000,9999.000
202607040512,   3.766,   3.650,9999.000,9999.000,9999.000,9999.000,9999.000,9999.000,9999.000
202607040518,   3.687,   3.598,9999.000,9999.000,9999.000,9999.000,9999.000,9999.000,9999.000
202607040524,   3.623,   3.548,9999.000,9999.000,9999.000,9999.000,9999.000,9999.000,9999.000
202607040530,   3.574,   3.529,9999.000,9999.000,9999.000,9999.000,9999.000,9999.000,9999.000
202607040536,   3.541,   3.499,9999.000,9999.000,9999.000,9999.000,9999.000,9999.000,9999.000
202607040542,   3.523,   3.489,9999.000,9999.000,9999.000,9999.000,9999.000,9999.000,9999.000
202607040548,   3.520,   3.509,9999.000,9999.000,9999.000,9999.000,9999.000,9999.000,9999.000
202607040554,   3.532,   3.548,9999.000,9999.000,9999.000,9999.000,9999.000,9999.000,9999.000
202607040600,   3.560,   3.578,  -0.200,   0.218,   3.578,  -0.300,   3.478,  -0.100,   3.678
202607040606,   3.603,   3.650,9999.000,9999.000,9999.000,9999.000,9999.000,9999.000,9999.000
202607040612,   3.661,   3.709,9999.000,9999.000,9999.000,9999.000,9999.000,9999.000,9999.000
202607040618,   3.733,   3.827,9999.000,9999.000,9999.000,9999.000,9999.000,9999.000,9999.000
202607040624,   3.820,   3.899,9999.000,9999.000,9999.000,9999.000,9999.000,9999.000,9999.000
202607040630,   3.922,   4.017,9999.000,9999.000,9999.000,9999.000,9999.000,9999.000,9999.000
202607040636,   4.037,   4.119,9999.000,9999.000,9999.000,9999.000,9999.000,9999.000,9999.000
202607040642,   4.166,   4.290,9999.000,9999.000,9999.000,9999.000,9999.000,9999.000,9999.000
202607040648,   4.309,   4.418,9999.000,9999.000,9999.000,9999.000,9999.000,9999.000,9999.000
202607040654,   4.464,   4.598,9999.000,9999.000,9999.000,9999.000,9999.000,9999.000,9999.000
202607040700,   4.632,   4.769,  -0.200,   0.337,   4.769,  -0.300,   4.669,  -0.100,   4.869
202607040706,   4.811,   4.969,9999.000,9999.000,9999.000,9999.000,9999.000,9999.000,9999.000
202607040712,   5.002,   5.169,9999.000,9999.000,9999.000,9999.000,9999.000,9999.000,9999.000
202607040718,   5.203,   5.379,9999.000,9999.000,9999.000,9999.000,9999.000,9999.000,9999.000
202607040724,   5.415,   5.579,9999.000,9999.000,9999.000,9999.000,9999.000,9999.000,9999.000
202607040730,   5.637,   5.818,9999.000,9999.000,9999.000,9999.000,9999.000,9999.000,9999.000
202607040736,   5.868,   6.058,9999.000,9999.000,9999.000,9999.000,9999.000,9999.000,9999.000
202607040742,   6.107,   6.317,9999.000,9999.000,9999.000,9999.000,9999.000,9999.000,9999.000
202607040748,   6.354,   6.546,9999.000,9999.000,9999.000,9999.000,9999.000,9999.000,9999.000
202607040754,   6.608,   6.809,9999.000,9999.000,9999.000,9999.000,9999.000,9999.000,9999.000
202607040800,   6.869,   7.068,  -0.200,   0.399,   7.068,  -0.300,   6.968,  -0.100,   7.168
202607040806,   7.135,   7.347,9999.000,9999.000,9999.000,9999.000,9999.000,9999.000,9999.000
202607040812,   7.406,   7.619,9999.000,9999.000,9999.000,9999.000,9999.000,9999.000,9999.000
202607040818,   7.682,   7.898,9999.000,9999.000,9999.000,9999.000,9999.000,9999.000,9999.000
202607040824,   7.961,   8.186,9999.000,9999.000,9999.000,9999.000,9999.000,9999.000,9999.000
202607040830,   8.243,   8.468,9999.000,9999.000,9999.000,9999.000,9999.000,9999.000,9999.000
202607040836,   8.527,   8.757,9999.000,9999.000,9999.000,9999.000,9999.000,9999.000,9999.000
202607040842,   8.812,   9.026,9999.000,9999.000,9999.000,9999.000,9999.000,9999.000,9999.000
202607040848,   9.098,   9.308,9999.000,9999.000,9999.000,9999.000,9999.000,9999.000,9999.000
202607040854,   9.384,   9.587,9999.000,9999.000,9999.000,9999.000,9999.000,9999.000,9999.000
202607040900,   9.669,   9.856,  -0.200,   0.387,   9.856,  -0.300,   9.756,  -0.200,   9.856
202607040906,   9.952,  10.138,9999.000,9999.000,9999.000,9999.000,9999.000,9999.000,9999.000
202607040912,  10.233,  10.407,9999.000,9999.000,9999.000,9999.000,9999.000,9999.000,9999.000
202607040918,  10.510,  10.676,9999.000,9999.000,9999.000,9999.000,9999.000,9999.000,9999.000
202607040924,  10.784,  10.948,9999.000,9999.000,9999.000,9999.000,9999.000,9999.000,9999.000
202607040930,  11.053,  11.197,9999.000,9999.000,9999.000,9999.000,9999.000,9999.000,9999.000
202607040936,  11.316,  11.457,9999.000,9999.000,9999.000,9999.000,9999.000,9999.000,9999.000
202607040942,  11.574,  11.696,9999.000,9999.000,9999.000,9999.000,9999.000,9999.000,9999.000
202607040948,  11.824,  11.935,9999.000,9999.000,9999.000,9999.000,9999.000,9999.000,9999.000
202607040954,  12.067,  12.155,9999.000,9999.000,9999.000,9999.000,9999.000,9999.000,9999.000
202607041000,  12.302,  12.375,  -0.200,   0.273,  12.375,  -0.200,  12.375,  -0.200,  12.375
202607041006,  12.528,  12.595,9999.000,9999.000,9999.000,9999.000,9999.000,9999.000,9999.000
202607041012,  12.744,  12.818,9999.000,9999.000,9999.000,9999.000,9999.000,9999.000,9999.000
202607041018,  12.951,  13.015,9999.000,9999.000,9999.000,9999.000,9999.000,9999.000,9999.000
202607041024,  13.146,  13.205,9999.000,9999.000,9999.000,9999.000,9999.000,9999.000,9999.000
202607041030,  13.330,  13.365,9999.000,9999.000,9999.000,9999.000,9999.000,9999.000,9999.000
202607041036,  13.503,  13.507,9999.000,9999.000,9999.000,9999.000,9999.000,9999.000,9999.000
202607041042,  13.663,  13.657,9999.000,9999.000,9999.000,9999.000,9999.000,9999.000,9999.000
202607041048,  13.810,  13.815,9999.000,9999.000,9999.000,9999.000,9999.000,9999.000,9999.000
202607041054,  13.943,  13.936,9999.000,9999.000,9999.000,9999.000,9999.000,9999.000,9999.000
202607041100,  14.063,  14.044,  -0.200,   0.181,  14.044,  -0.200,  14.044,  -0.200,  14.044
202607041106,  14.168,  14.136,9999.000,9999.000,9999.000,9999.000,9999.000,9999.000,9999.000
202607041112,  14.259,  14.215,9999.000,9999.000,9999.000,9999.000,9999.000,9999.000,9999.000
202607041118,  14.334,  14.264,9999.000,9999.000,9999.000,9999.000,9999.000,9999.000,9999.000
202607041124,  14.394,  14.317,9999.000,9999.000,9999.000,9999.000,9999.000,9999.000,9999.000
202607041130,  14.438,  14.346,9999.000,9999.000,9999.000,9999.000,9999.000,9999.000,9999.000
202607041136,  14.467,  14.386,9999.000,9999.000,9999.000,9999.000,9999.000,9999.000,9999.000
202607041142,  14.479,  14.395,9999.000,9999.000,9999.000,9999.000,9999.000,9999.000,9999.000
202607041148,  14.475,  14.395,9999.000,9999.000,9999.000,9999.000,9999.000,9999.000,9999.000
202607041154,  14.454,  14.366,9999.000,9999.000,9999.000,9999.000,9999.000,9999.000,9999.000
202607041200,  14.417,  14.336,  -0.400,   0.319,  14.336,  -0.400,  14.336,  -0.400,  14.336
202607041206,  14.363,  14.287,9999.000,9999.000,9999.000,9999.000,9999.000,9999.000,9999.000
202607041212,  14.292,  14.215,9999.000,9999.000,9999.000,9999.000,9999.000,9999.000,9999.000
202607041218,  14.205,  14.126,9999.000,9999.000,9999.000,9999.000,9999.000,9999.000,9999.000
202607041224,  14.101,  14.025,9999.000,9999.000,9999.000,9999.000,9999.000,9999.000,9999.000
202607041230,  13.981,  13.926,9999.000,9999.000,9999.000,9999.000,9999.000,9999.000,9999.000
202607041236,  13.844,  13.785,9999.000,9999.000,9999.000,9999.000,9999.000,9999.000,9999.000
202607041242,  13.691,  13.634,9999.000,9999.000,9999.000,9999.000,9999.000,9999.000,9999.000
202607041248,  13.522,  13.487,9999.000,9999.000,9999.000,9999.000,9999.000,9999.000,9999.000
202607041254,  13.338,  13.326,9999.000,9999.000,9999.000,9999.000,9999.000,9999.000,9999.000
202607041300,  13.139,  13.126,  -0.400,   0.387,  13.126,  -0.400,  13.126,  -0.400,  13.126
202607041306,  12.925,  12.916,9999.000,9999.000,9999.000,9999.000,9999.000,9999.000,9999.000
202607041312,  12.696,  12.706,9999.000,9999.000,9999.000,9999.000,9999.000,9999.000,9999.000
202607041318,  12.453,  12.486,9999.000,9999.000,9999.000,9999.000,9999.000,9999.000,9999.000
202607041324,  12.197,  12.257,9999.000,9999.000,9999.000,9999.000,9999.000,9999.000,9999.000
202607041330,  11.928,  12.008,9999.000,9999.000,9999.000,9999.000,9999.000,9999.000,9999.000
202607041336,  11.647,  11.735,9999.000,9999.000,9999.000,9999.000,9999.000,9999.000,9999.000
202607041342,  11.354,  11.466,9999.000,9999.000,9999.000,9999.000,9999.000,9999.000,9999.000
202607041348,  11.050,  11.188,9999.000,9999.000,9999.000,9999.000,9999.000,9999.000,9999.000
202607041354,  10.736,  10.886,9999.000,9999.000,9999.000,9999.000,9999.000,9999.000,9999.000
202607041400,  10.413,  10.568,  -0.400,   0.555,  10.568,  -0.500,  10.468,  -0.400,  10.568
202607041406,  10.080,  10.256,9999.000,9999.000,9999.000,9999.000,9999.000,9999.000,9999.000
202607041412,   9.740,   9.938,9999.000,9999.000,9999.000,9999.000,9999.000,9999.000,9999.000
202607041418,   9.393,   9.607,9999.000,9999.000,9999.000,9999.000,9999.000,9999.000,9999.000
202607041424,   9.039,   9.265,9999.000,9999.000,9999.000,9999.000,9999.000,9999.000,9999.000
202607041430,   8.680,   8.928,9999.000,9999.000,9999.000,9999.000,9999.000,9999.000,9999.000
202607041436,   8.316,   8.587,9999.000,9999.000,9999.000,9999.000,9999.000,9999.000,9999.000
202607041442,   7.948,   8.229,9999.000,9999.000,9999.000,9999.000,9999.000,9999.000,9999.000
202607041448,   7.578,   7.868,9999.000,9999.000,9999.000,9999.000,9999.000,9999.000,9999.000
202607041454,   7.207,   7.498,9999.000,9999.000,9999.000,9999.000,9999.000,9999.000,9999.000
202607041500,   6.834,   7.127,  -0.400,   0.693,   7.127,  -0.500,   7.027,  -0.400,   7.127
202607041506,   6.461,   6.766,9999.000,9999.000,9999.000,9999.000,9999.000,9999.000,9999.000
202607041512,   6.090,   6.409,9999.000,9999.000,9999.000,9999.000,9999.000,9999.000,9999.000
202607041518,   5.720,   6.028,9999.000,9999.000,9999.000,9999.000,9999.000,9999.000,9999.000
202607041524,   5.353,   5.657,9999.000,9999.000,9999.000,9999.000,9999.000,9999.000,9999.000
202607041530,   4.991,   5.307,9999.000,9999.000,9999.000,9999.000,9999.000,9999.000,9999.000
202607041536,   4.633,   4.959,9999.000,9999.000,9999.000,9999.000,9999.000,9999.000,9999.000
202607041542,   4.280,   4.618,9999.000,9999.000,9999.000,9999.000,9999.000,9999.000,9999.000
202607041548,   3.934,   4.267,9999.000,9999.000,9999.000,9999.000,9999.000,9999.000,9999.000
202607041554,   3.596,   3.939,9999.000,9999.000,9999.000,9999.000,9999.000,9999.000,9999.000
202607041600,   3.266,   3.627,  -0.400,   0.761,   3.627,  -0.500,   3.527,  -0.400,   3.627
202607041606,   2.945,   3.299,9999.000,9999.000,9999.000,9999.000,9999.000,9999.000,9999.000
202607041612,   2.634,   2.978,9999.000,9999.000,9999.000,9999.000,9999.000,9999.000,9999.000
202607041618,   2.334,   2.679,9999.000,9999.000,9999.000,9999.000,9999.000,9999.000,9999.000
202607041624,   2.045,   2.387,9999.000,9999.000,9999.000,9999.000,9999.000,9999.000,9999.000
202607041630,   1.768,   2.118,9999.000,9999.000,9999.000,9999.000,9999.000,9999.000,9999.000
202607041636,   1.504,   1.849,9999.000,9999.000,9999.000,9999.000,9999.000,9999.000,9999.000
202607041642,   1.253,   1.600,9999.000,9999.000,9999.000,9999.000,9999.000,9999.000,9999.000
202607041648,   1.017,   1.348,9999.000,9999.000,9999.000,9999.000,9999.000,9999.000,9999.000
202607041654,   0.795,   1.118,9999.000,9999.000,9999.000,9999.000,9999.000,9999.000,9999.000
202607041700,   0.588,   0.908,  -0.400,   0.720,   0.908,  -0.500,   0.808,  -0.400,   0.908
202607041706,   0.397,   0.718,9999.000,9999.000,9999.000,9999.000,9999.000,9999.000,9999.000
202607041712,   0.221,   0.541,9999.000,9999.000,9999.000,9999.000,9999.000,9999.000,9999.000
202607041718,   0.062,   0.360,9999.000,9999.000,9999.000,9999.000,9999.000,9999.000,9999.000
202607041724,  -0.079,   0.219,9999.000,9999.000,9999.000,9999.000,9999.000,9999.000,9999.000
202607041730,  -0.205,   0.068,9999.000,9999.000,9999.000,9999.000,9999.000,9999.000,9999.000
202607041736,  -0.313,  -0.039,9999.000,9999.000,9999.000,9999.000,9999.000,9999.000,9999.000
202607041742,  -0.404,  -0.150,9999.000,9999.000,9999.000,9999.000,9999.000,9999.000,9999.000
202607041748,  -0.478,  -0.239,9999.000,9999.000,9999.000,9999.000,9999.000,9999.000,9999.000
202607041754,  -0.533,  -0.288,9999.000,9999.000,9999.000,9999.000,9999.000,9999.000,9999.000
202607041800,  -0.571,  -0.350,  -0.400,   0.621,  -0.350,  -0.400,  -0.350,  -0.300,  -0.250
202607041806,  -0.592,  -0.380,9999.000,9999.000,9999.000,9999.000,9999.000,9999.000,9999.000
202607041812,  -0.595,  -0.400,9999.000,9999.000,9999.000,9999.000,9999.000,9999.000,9999.000
202607041818,  -0.580,  -0.390,9999.000,9999.000,9999.000,9999.000,9999.000,9999.000,9999.000
202607041824,  -0.548,  -0.380,9999.000,9999.000,9999.000,9999.000,9999.000,9999.000,9999.000
202607041830,  -0.499,  -0.331,9999.000,9999.000,9999.000,9999.000,9999.000,9999.000,9999.000
202607041836,  -0.432,  -0.268,9999.000,9999.000,9999.000,9999.000,9999.000,9999.000,9999.000
202607041842,  -0.349,  -0.200,9999.000,9999.000,9999.000,9999.000,9999.000,9999.000,9999.000
202607041848,  -0.250,  -0.121,9999.000,9999.000,9999.000,9999.000,9999.000,9999.000,9999.000
202607041854,  -0.134,  -0.029,9999.000,9999.000,9999.000,9999.000,9999.000,9999.000,9999.000
202607041900,  -0.003,   0.078,  -0.400,   0.481,   0.078,  -0.400,   0.078,  -0.300,   0.178
202607041906,   0.143,   0.229,9999.000,9999.000,9999.000,9999.000,9999.000,9999.000,9999.000
202607041912,   0.305,   0.390,9999.000,9999.000,9999.000,9999.000,9999.000,9999.000,9999.000
202607041918,   0.482,   0.560,9999.000,9999.000,9999.000,9999.000,9999.000,9999.000,9999.000
202607041924,   0.672,   0.741,9999.000,9999.000,9999.000,9999.000,9999.000,9999.000,9999.000
202607041930,   0.876,   0.941,9999.000,9999.000,9999.000,9999.000,9999.000,9999.000,9999.000
202607041936,   1.093,   1.138,9999.000,9999.000,9999.000,9999.000,9999.000,9999.000,9999.000
202607041942,   1.322,   1.371,9999.000,9999.000,9999.000,9999.000,9999.000,9999.000,9999.000
202607041948,   1.563,   1.600,9999.000,9999.000,9999.000,9999.000,9999.000,9999.000,9999.000
202607041954,   1.816,   1.849,9999.000,9999.000,9999.000,9999.000,9999.000,9999.000,9999.000
202607042000,   2.079,   2.109,  -0.400,   0.430,   2.109,  -0.400,   2.109,  -0.300,   2.209
202607042006,   2.351,   2.387,9999.000,9999.000,9999.000,9999.000,9999.000,9999.000,9999.000
202607042012,   2.633,   2.669,9999.000,9999.000,9999.000,9999.000,9999.000,9999.000,9999.000
202607042018,   2.924,   2.968,9999.000,9999.000,9999.000,9999.000,9999.000,9999.000,9999.000
202607042024,   3.222,   3.279,9999.000,9999.000,9999.000,9999.000,9999.000,9999.000,9999.000
202607042030,   3.528,   3.598,9999.000,9999.000,9999.000,9999.000,9999.000,9999.000,9999.000
202607042036,   3.840,   3.919,9999.000,9999.000,9999.000,9999.000,9999.000,9999.000,9999.000
202607042042,   4.158,   4.237,9999.000,9999.000,9999.000,9999.000,9999.000,9999.000,9999.000
202607042048,   4.480,   4.549,9999.000,9999.000,9999.000,9999.000,9999.000,9999.000,9999.000
202607042054,   4.807,   4.877,9999.000,9999.000,9999.000,9999.000,9999.000,9999.000,9999.000
202607042100,   5.138,   5.218,  -0.400,   0.480,   5.218,  -0.400,   5.218,  -0.300,   5.318
202607042106,   5.471,   5.559,9999.000,9999.000,9999.000,9999.000,9999.000,9999.000,9999.000
202607042112,   5.807,   5.897,9999.000,9999.000,9999.000,9999.000,9999.000,9999.000,9999.000
202607042118,   6.143,   6.258,9999.000,9999.000,9999.000,9999.000,9999.000,9999.000,9999.000
202607042124,   6.480,   6.609,9999.000,9999.000,9999.000,9999.000,9999.000,9999.000,9999.000
202607042130,   6.817,   6.947,9999.000,9999.000,9999.000,9999.000,9999.000,9999.000,9999.000
202607042136,   7.153,   7.297,9999.000,9999.000,9999.000,9999.000,9999.000,9999.000,9999.000
202607042142,   7.487,   7.629,9999.000,9999.000,9999.000,9999.000,9999.000,9999.000,9999.000
202607042148,   7.819,   7.976,9999.000,9999.000,9999.000,9999.000,9999.000,9999.000,9999.000
202607042154,   8.148,   8.318,9999.000,9999.000,9999.000,9999.000,9999.000,9999.000,9999.000
202607042200,   8.473,   8.649,  -0.400,   0.576,   8.649,  -0.400,   8.649,  -0.400,   8.649
202607042206,   8.793,   8.967,9999.000,9999.000,9999.000,9999.000,9999.000,9999.000,9999.000
202607042212,   9.108,   9.279,9999.000,9999.000,9999.000,9999.000,9999.000,9999.000,9999.000
202607042218,   9.418,   9.587,9999.000,9999.000,9999.000,9999.000,9999.000,9999.000,9999.000
202607042224,   9.720,   9.885,9999.000,9999.000,9999.000,9999.000,9999.000,9999.000,9999.000
202607042230,  10.015,  10.177,9999.000,9999.000,9999.000,9999.000,9999.000,9999.000,9999.000
202607042236,  10.303,  10.466,9999.000,9999.000,9999.000,9999.000,9999.000,9999.000,9999.000
202607042242,  10.581,  10.758,9999.000,9999.000,9999.000,9999.000,9999.000,9999.000,9999.000
202607042248,  10.851,  11.027,9999.000,9999.000,9999.000,9999.000,9999.000,9999.000,9999.000
202607042254,  11.111,  11.286,9999.000,9999.000,9999.000,9999.000,9999.000,9999.000,9999.000
202607042300,  11.361,  11.516,  -0.400,   0.555,  11.516,  -0.400,  11.516,  -0.400,  11.516
202607042306,  11.599,  11.755,9999.000,9999.000,9999.000,9999.000,9999.000,9999.000,9999.000
202607042312,  11.827,  11.988,9999.000,9999.000,9999.000,9999.000,9999.000,9999.000,9999.000
202607042318,  12.042,  12.188,9999.000,9999.000,9999.000,9999.000,9999.000,9999.000,9999.000
202607042324,  12.245,  12.365,9999.000,9999.000,9999.000,9999.000,9999.000,9999.000,9999.000
202607042330,  12.436,  12.545,9999.000,9999.000,9999.000,9999.000,9999.000,9999.000,9999.000
202607042336,  12.613,  12.716,9999.000,9999.000,9999.000,9999.000,9999.000,9999.000,9999.000
202607042342,  12.776,  12.877,9999.000,9999.000,9999.000,9999.000,9999.000,9999.000,9999.000
202607042348,  12.926,  13.015,9999.000,9999.000,9999.000,9999.000,9999.000,9999.000,9999.000
202607042354,  13.061,  13.126,9999.000,9999.000,9999.000,9999.000,9999.000,9999.000,9999.000
202607050000,  13.182,  13.247,  -0.100,   0.165,  13.247,  -0.200,  13.147,  -0.100,  13.247
202607050006,  13.287,  13.336,9999.000,9999.000,9999.000,9999.000,9999.000,9999.000,9999.000
202607050012,  13.378,  13.425,9999.000,9999.000,9999.000,9999.000,9999.000,9999.000,9999.000
202607050018,  13.454,  13.497,9999.000,9999.000,9999.000,9999.000,9999.000,9999.000,9999.000
202607050024,  13.514,  13.556,9999.000,9999.000,9999.000,9999.000,9999.000,9999.000,9999.000
202607050030,  13.558,  13.566,9999.000,9999.000,9999.000,9999.000,9999.000,9999.000,9999.000
202607050036,  13.587,  13.575,9999.000,9999.000,9999.000,9999.000,9999.000,9999.000,9999.000
202607050042,  13.600,  13.575,9999.000,9999.000,9999.000,9999.000,9999.000,9999.000,9999.000
202607050048,  13.598,  13.575,9999.000,9999.000,9999.000,9999.000,9999.000,9999.000,9999.000
202607050054,  13.580,  13.556,9999.000,9999.000,9999.000,9999.000,9999.000,9999.000,9999.000
202607050100,  13.547,  13.516,  -0.100,   0.069,  13.516,  -0.200,  13.416,  -0.100,  13.516
202607050106,  13.498,  13.447,9999.000,9999.000,9999.000,9999.000,9999.000,9999.000,9999.000
202607050112,  13.434,  13.356,9999.000,9999.000,9999.000,9999.000,9999.000,9999.000,9999.000
202607050118,  13.355,  13.257,9999.000,9999.000,9999.000,9999.000,9999.000,9999.000,9999.000
202607050124,  13.262,  13.146,9999.000,9999.000,9999.000,9999.000,9999.000,9999.000,9999.000
202607050130,  13.154,  13.037,9999.000,9999.000,9999.000,9999.000,9999.000,9999.000,9999.000
202607050136,  13.032,  12.906,9999.000,9999.000,9999.000,9999.000,9999.000,9999.000,9999.000
202607050142,  12.896,  12.755,9999.000,9999.000,9999.000,9999.000,9999.000,9999.000,9999.000
202607050148,  12.747,  12.595,9999.000,9999.000,9999.000,9999.000,9999.000,9999.000,9999.000
202607050154,  12.585,  12.418,9999.000,9999.000,9999.000,9999.000,9999.000,9999.000,9999.000
202607050200,  12.411,  12.237,  -0.200,   0.026,  12.237,  -0.200,  12.237,  -0.100,  12.337
202607050206,  12.225,  12.047,9999.000,9999.000,9999.000,9999.000,9999.000,9999.000,9999.000
202607050212,  12.028,  11.847,9999.000,9999.000,9999.000,9999.000,9999.000,9999.000,9999.000
202607050218,  11.820,  11.627,9999.000,9999.000,9999.000,9999.000,9999.000,9999.000,9999.000
202607050224,  11.602,  11.407,9999.000,9999.000,9999.000,9999.000,9999.000,9999.000,9999.000
202607050230,  11.375,  11.168,9999.000,9999.000,9999.000,9999.000,9999.000,9999.000,9999.000
202607050236,  11.139,  10.905,9999.000,9999.000,9999.000,9999.000,9999.000,9999.000,9999.000
202607050242,  10.895,  10.646,9999.000,9999.000,9999.000,9999.000,9999.000,9999.000,9999.000
202607050248,  10.645,  10.397,9999.000,9999.000,9999.000,9999.000,9999.000,9999.000,9999.000
202607050254,  10.387,  10.128,9999.000,9999.000,9999.000,9999.000,9999.000,9999.000,9999.000
202607050300,  10.124,   9.856,  -0.200,  -0.068,   9.856,  -0.300,   9.756,  -0.200,   9.856
202607050306,   9.857,   9.567,9999.000,9999.000,9999.000,9999.000,9999.000,9999.000,9999.000
202607050312,   9.585,   9.279,9999.000,9999.000,9999.000,9999.000,9999.000,9999.000,9999.000
202607050318,   9.310,   8.977,9999.000,9999.000,9999.000,9999.000,9999.000,9999.000,9999.000
202607050324,   9.033,   8.708,9999.000,9999.000,9999.000,9999.000,9999.000,9999.000,9999.000
202607050330,   8.754,   8.416,9999.000,9999.000,9999.000,9999.000,9999.000,9999.000,9999.000
202607050336,   8.474,   8.157,9999.000,9999.000,9999.000,9999.000,9999.000,9999.000,9999.000
202607050342,   8.195,   7.868,9999.000,9999.000,9999.000,9999.000,9999.000,9999.000,9999.000
202607050348,   7.917,   7.596,9999.000,9999.000,9999.000,9999.000,9999.000,9999.000,9999.000
202607050354,   7.640,   7.297,9999.000,9999.000,9999.000,9999.000,9999.000,9999.000,9999.000
202607050400,   7.367,   7.019,  -0.300,  -0.048,   7.019,  -0.300,   7.019,  -0.200,   7.119
202607050406,   7.097,   6.737,9999.000,9999.000,9999.000,9999.000,9999.000,9999.000,9999.000
202607050412,   6.831,   6.468,9999.000,9999.000,9999.000,9999.000,9999.000,9999.000,9999.000
202607050418,   6.570,   6.189,9999.000,9999.000,9999.000,9999.000,9999.000,9999.000,9999.000
202607050424,   6.315,   5.949,9999.000,9999.000,9999.000,9999.000,9999.000,9999.000,9999.000
202607050430,   6.067,   5.687,9999.000,9999.000,9999.000,9999.000,9999.000,9999.000,9999.000
202607050436,   5.827,   5.448,9999.000,9999.000,9999.000,9999.000,9999.000,9999.000,9999.000
202607050442,   5.594,   5.198,9999.000,9999.000,9999.000,9999.000,9999.000,9999.000,9999.000
202607050448,   5.370,   4.969,9999.000,9999.000,9999.000,9999.000,9999.000,9999.000,9999.000
202607050454,   5.156,   4.769,9999.000,9999.000,9999.000,9999.000,9999.000,9999.000,9999.000
202607050500,   4.952,   4.569,  -0.300,  -0.083,   4.569,  -0.300,   4.569,  -0.200,   4.669
202607050506,   4.758,   4.388,9999.000,9999.000,9999.000,9999.000,9999.000,9999.000,9999.000
202607050512,   4.576,   4.178,9999.000,9999.000,9999.000,9999.000,9999.000,9999.000,9999.000
202607050518,   4.405,   4.008,9999.000,9999.000,9999.000,9999.000,9999.000,9999.000,9999.000
202607050524,   4.247,   3.860,9999.000,9999.000,9999.000,9999.000,9999.000,9999.000,9999.000
202607050530,   4.101,   3.729,9999.000,9999.000,9999.000,9999.000,9999.000,9999.000,9999.000
202607050536,   3.968,   3.607,9999.000,9999.000,9999.000,9999.000,9999.000,9999.000,9999.000
202607050542,   3.848,   3.489,9999.000,9999.000,9999.000,9999.000,9999.000,9999.000,9999.000
202607050548,   3.743,   3.388,9999.000,9999.000,9999.000,9999.000,9999.000,9999.000,9999.000
202607050554,   3.651,   3.299,9999.000,9999.000,9999.000,9999.000,9999.000,9999.000,9999.000
202607050600,   3.574,   3.230,  -0.300,  -0.044,   3.230,  -0.300,   3.230,  -0.200,   3.330
202607050606,   3.510,   3.188,9999.000,9999.000,9999.000,9999.000,9999.000,9999.000,9999.000
202607050612,   3.462,   3.148,9999.000,9999.000,9999.000,9999.000,9999.000,9999.000,9999.000
202607050618,   3.428,   3.148,9999.000,9999.000,9999.000,9999.000,9999.000,9999.000,9999.000
202607050624,   3.409,   3.148,9999.000,9999.000,9999.000,9999.000,9999.000,9999.000,9999.000
202607050630,   3.404,   3.138,9999.000,9999.000,9999.000,9999.000,9999.000,9999.000,9999.000
202607050636,   3.414,   3.158,9999.000,9999.000,9999.000,9999.000,9999.000,9999.000,9999.000
202607050642,   3.439,   3.188,9999.000,9999.000,9999.000,9999.000,9999.000,9999.000,9999.000
202607050648,   3.478,   3.250,9999.000,9999.000,9999.000,9999.000,9999.000,9999.000,9999.000
202607050654,   3.532,   3.319,9999.000,9999.000,9999.000,9999.000,9999.000,9999.000,9999.000
202607050700,   3.600,   3.388,  -0.300,   0.088,   3.388,  -0.300,   3.388,  -0.200,   3.488
202607050706,   3.681,   3.470,9999.000,9999.000,9999.000,9999.000,9999.000,9999.000,9999.000
202607050712,   3.777,   3.558,9999.000,9999.000,9999.000,9999.000,9999.000,9999.000,9999.000
202607050718,   3.885,   3.689,9999.000,9999.000,9999.000,9999.000,9999.000,9999.000,9999.000
202607050724,   4.007,   3.827,9999.000,9999.000,9999.000,9999.000,9999.000,9999.000,9999.000
202607050730,   4.141,   3.978,9999.000,9999.000,9999.000,9999.000,9999.000,9999.000,9999.000
202607050736,   4.288,   4.119,9999.000,9999.000,9999.000,9999.000,9999.000,9999.000,9999.000
202607050742,   4.446,   4.267,9999.000,9999.000,9999.000,9999.000,9999.000,9999.000,9999.000
202607050748,   4.616,   4.418,9999.000,9999.000,9999.000,9999.000,9999.000,9999.000,9999.000
202607050754,   4.797,   4.618,9999.000,9999.000,9999.000,9999.000,9999.000,9999.000,9999.000
202607050800,   4.988,   4.818,  -0.300,   0.130,   4.818,  -0.400,   4.718,  -0.300,   4.818
202607050806,   5.189,   5.038,9999.000,9999.000,9999.000,9999.000,9999.000,9999.000,9999.000
202607050812,   5.398,   5.257,9999.000,9999.000,9999.000,9999.000,9999.000,9999.000,9999.000
202607050818,   5.617,   5.467,9999.000,9999.000,9999.000,9999.000,9999.000,9999.000,9999.000
202607050824,   5.844,   5.687,9999.000,9999.000,9999.000,9999.000,9999.000,9999.000,9999.000
202607050830,   6.078,   5.887,9999.000,9999.000,9999.000,9999.000,9999.000,9999.000,9999.000
202607050836,   6.319,   6.127,9999.000,9999.000,9999.000,9999.000,9999.000,9999.000,9999.000
202607050842,   6.565,   6.369,9999.000,9999.000,9999.000,9999.000,9999.000,9999.000,9999.000
202607050848,   6.818,   6.628,9999.000,9999.000,9999.000,9999.000,9999.000,9999.000,9999.000
202607050854,   7.075,   6.868,9999.000,9999.000,9999.000,9999.000,9999.000,9999.000,9999.000
202607050900,   7.336,   7.127,  -0.400,   0.191,   7.127,  -0.400,   7.127,  -0.300,   7.227
202607050906,   7.600,   7.376,9999.000,9999.000,9999.000,9999.000,9999.000,9999.000,9999.000
202607050912,   7.867,   7.648,9999.000,9999.000,9999.000,9999.000,9999.000,9999.000,9999.000
202607050918,   8.136,   7.898,9999.000,9999.000,9999.000,9999.000,9999.000,9999.000,9999.000
202607050924,   8.407,   8.177,9999.000,9999.000,9999.000,9999.000,9999.000,9999.000,9999.000
202607050930,   8.677,   8.426,9999.000,9999.000,9999.000,9999.000,9999.000,9999.000,9999.000
202607050936,   8.948,   8.688,9999.000,9999.000,9999.000,9999.000,9999.000,9999.000,9999.000
202607050942,   9.217,   8.928,9999.000,9999.000,9999.000,9999.000,9999.000,9999.000,9999.000
202607050948,   9.485,   9.167,9999.000,9999.000,9999.000,9999.000,9999.000,9999.000,9999.000
202607050954,   9.750,   9.426,9999.000,9999.000,9999.000,9999.000,9999.000,9999.000,9999.000
202607051000,  10.012,   9.689,  -0.400,   0.077,   9.689,  -0.400,   9.689,  -0.300,   9.789
202607051006,  10.271,   9.938,9999.000,9999.000,9999.000,9999.000,9999.000,9999.000,9999.000
202607051012,  10.524,  10.197,9999.000,9999.000,9999.000,9999.000,9999.000,9999.000,9999.000
202607051018,  10.773,  10.417,9999.000,9999.000,9999.000,9999.000,9999.000,9999.000,9999.000
202607051024,  11.015,  10.656,9999.000,9999.000,9999.000,9999.000,9999.000,9999.000,9999.000
202607051030,  11.251,  10.856,9999.000,9999.000,9999.000,9999.000,9999.000,9999.000,9999.000
202607051036,  11.480,  11.086,9999.000,9999.000,9999.000,9999.000,9999.000,9999.000,9999.000
202607051042,  11.701,  11.296,9999.000,9999.000,9999.000,9999.000,9999.000,9999.000,9999.000
202607051048,  11.913,  11.506,9999.000,9999.000,9999.000,9999.000,9999.000,9999.000,9999.000
202607051054,  12.116,  11.696,9999.000,9999.000,9999.000,9999.000,9999.000,9999.000,9999.000
202607051100,  12.309,  11.857,  -0.400,  -0.052,  11.857,  -0.400,  11.857,  -0.400,  11.857
202607051106,  12.492,  12.017,9999.000,9999.000,9999.000,9999.000,9999.000,9999.000,9999.000
202607051112,  12.665,  12.175,9999.000,9999.000,9999.000,9999.000,9999.000,9999.000,9999.000
202607051118,  12.825,  12.345,9999.000,9999.000,9999.000,9999.000,9999.000,9999.000,9999.000
202607051124,  12.974,  12.477,9999.000,9999.000,9999.000,9999.000,9999.000,9999.000,9999.000
202607051130,  13.111,  12.608,9999.000,9999.000,9999.000,9999.000,9999.000,9999.000,9999.000
202607051136,  13.235,  12.716,9999.000,9999.000,9999.000,9999.000,9999.000,9999.000,9999.000
202607051142,  13.345,  12.837,9999.000,9999.000,9999.000,9999.000,9999.000,9999.000,9999.000
202607051148,  13.442,  12.936,9999.000,9999.000,9999.000,9999.000,9999.000,9999.000,9999.000
202607051154,  13.525,  13.005,9999.000,9999.000,9999.000,9999.000,9999.000,9999.000,9999.000
202607051200,  13.594,  13.077,  -0.600,   0.083,  13.077,  -0.600,  13.077,  -0.600,  13.077
202607051206,  13.648,  13.116,9999.000,9999.000,9999.000,9999.000,9999.000,9999.000,9999.000
202607051212,  13.687,  13.156,9999.000,9999.000,9999.000,9999.000,9999.000,9999.000,9999.000
202607051218,  13.711,  13.175,9999.000,9999.000,9999.000,9999.000,9999.000,9999.000,9999.000
202607051224,  13.720,  13.195,9999.000,9999.000,9999.000,9999.000,9999.000,9999.000,9999.000
202607051230,  13.713,  13.205,9999.000,9999.000,9999.000,9999.000,9999.000,9999.000,9999.000
202607051236,  13.691,  13.195,9999.000,9999.000,9999.000,9999.000,9999.000,9999.000,9999.000
202607051242,  13.654,  13.165,9999.000,9999.000,9999.000,9999.000,9999.000,9999.000,9999.000
202607051248,  13.600,  13.097,9999.000,9999.000,9999.000,9999.000,9999.000,9999.000,9999.000
202607051254,  13.532,  13.047,9999.000,9999.000,9999.000,9999.000,9999.000,9999.000,9999.000
202607051300,  13.447,  12.985,  -0.600,   0.138,  12.985,  -0.600,  12.985,  -0.600,  12.985
202607051306,  13.347,  12.906,9999.000,9999.000,9999.000,9999.000,9999.000,9999.000,9999.000
202607051312,  13.232,  12.795,9999.000,9999.000,9999.000,9999.000,9999.000,9999.000,9999.000
202607051318,  13.102,  12.667,9999.000,9999.000,9999.000,9999.000,9999.000,9999.000,9999.000
202607051324,  12.957,  12.545,9999.000,9999.000,9999.000,9999.000,9999.000,9999.000,9999.000
202607051330,  12.797,  12.418,9999.000,9999.000,9999.000,9999.000,9999.000,9999.000,9999.000
202607051336,  12.623,  12.257,9999.000,9999.000,9999.000,9999.000,9999.000,9999.000,9999.000
202607051342,  12.435,  12.086,9999.000,9999.000,9999.000,9999.000,9999.000,9999.000,9999.000
202607051348,  12.233,  11.916,9999.000,9999.000,9999.000,9999.000,9999.000,9999.000,9999.000
202607051354,  12.019,  11.745,9999.000,9999.000,9999.000,9999.000,9999.000,9999.000,9999.000
202607051400,  11.791,  11.525,  -0.600,   0.334,  11.525,  -0.600,  11.525,  -0.600,  11.525
202607051406,  11.552,  11.296,9999.000,9999.000,9999.000,9999.000,9999.000,9999.000,9999.000
202607051412,  11.300,  11.076,9999.000,9999.000,9999.000,9999.000,9999.000,9999.000,9999.000
202607051418,  11.038,  10.876,9999.000,9999.000,9999.000,9999.000,9999.000,9999.000,9999.000
202607051424,  10.765,  10.637,9999.000,9999.000,9999.000,9999.000,9999.000,9999.000,9999.000
202607051430,  10.482,  10.368,9999.000,9999.000,9999.000,9999.000,9999.000,9999.000,9999.000
202607051436,  10.191,  10.076,9999.000,9999.000,9999.000,9999.000,9999.000,9999.000,9999.000
202607051442,   9.891,   9.807,9999.000,9999.000,9999.000,9999.000,9999.000,9999.000,9999.000
202607051448,   9.583,   9.538,9999.000,9999.000,9999.000,9999.000,9999.000,9999.000,9999.000
202607051454,   9.268,   9.246,9999.000,9999.000,9999.000,9999.000,9999.000,9999.000,9999.000
202607051500,   8.947,   8.947,  -0.600,   0.600,   8.947,  -0.600,   8.947,  -0.600,   8.947
202607051506,   8.621,   8.636,9999.000,9999.000,9999.000,9999.000,9999.000,9999.000,9999.000
202607051512,   8.290,   8.337,9999.000,9999.000,9999.000,9999.000,9999.000,9999.000,9999.000
202607051518,   7.956,   8.006,9999.000,9999.000,9999.000,9999.000,9999.000,9999.000,9999.000
202607051524,   7.619,   7.668,9999.000,9999.000,9999.000,9999.000,9999.000,9999.000,9999.000
202607051530,   7.280,   7.347,9999.000,9999.000,9999.000,9999.000,9999.000,9999.000,9999.000
202607051536,   6.940,   7.038,9999.000,9999.000,9999.000,9999.000,9999.000,9999.000,9999.000
202607051542,   6.599,   6.727,9999.000,9999.000,9999.000,9999.000,9999.000,9999.000,9999.000
202607051548,   6.260,   6.379,9999.000,9999.000,9999.000,9999.000,9999.000,9999.000,9999.000
202607051554,   5.922,   6.028,9999.000,9999.000,9999.000,9999.000,9999.000,9999.000,9999.000
202607051600,   5.586,   5.687,  -0.600,   0.701,   5.687,  -0.700,   5.587,  -0.600,   5.687
202607051606,   5.254,   5.359,9999.000,9999.000,9999.000,9999.000,9999.000,9999.000,9999.000
202607051612,   4.926,   5.047,9999.000,9999.000,9999.000,9999.000,9999.000,9999.000,9999.000
202607051618,   4.602,   4.710,9999.000,9999.000,9999.000,9999.000,9999.000,9999.000,9999.000
202607051624,   4.285,   4.398,9999.000,9999.000,9999.000,9999.000,9999.000,9999.000,9999.000
202607051630,   3.974,   4.090,9999.000,9999.000,9999.000,9999.000,9999.000,9999.000,9999.000
202607051636,   3.671,   3.808,9999.000,9999.000,9999.000,9999.000,9999.000,9999.000,9999.000
202607051642,   3.376,   3.509,9999.000,9999.000,9999.000,9999.000,9999.000,9999.000,9999.000
202607051648,   3.090,   3.230,9999.000,9999.000,9999.000,9999.000,9999.000,9999.000,9999.000
202607051654,   2.814,   2.929,9999.000,9999.000,9999.000,9999.000,9999.000,9999.000,9999.000
202607051700,   2.549,   2.669,  -0.700,   0.820,   2.669,  -0.700,   2.669,  -0.600,   2.769
202607051706,   2.294,   2.400,9999.000,9999.000,9999.000,9999.000,9999.000,9999.000,9999.000
202607051712,   2.051,   2.148,9999.000,9999.000,9999.000,9999.000,9999.000,9999.000,9999.000
202607051718,   1.821,   1.908,9999.000,9999.000,9999.000,9999.000,9999.000,9999.000,9999.000
202607051724,   1.603,   1.679,9999.000,9999.000,9999.000,9999.000,9999.000,9999.000,9999.000
202607051730,   1.399,   1.469,9999.000,9999.000,9999.000,9999.000,9999.000,9999.000,9999.000
202607051736,   1.209,   1.249,9999.000,9999.000,9999.000,9999.000,9999.000,9999.000,9999.000
202607051742,   1.033,   1.059,9999.000,9999.000,9999.000,9999.000,9999.000,9999.000,9999.000
202607051748,   0.872,   0.888,9999.000,9999.000,9999.000,9999.000,9999.000,9999.000,9999.000
202607051754,   0.726,   0.731,9999.000,9999.000,9999.000,9999.000,9999.000,9999.000,9999.000
202607051800,   0.595,   0.590,  -0.600,   0.595,   0.590,  -0.700,   0.490,  -0.600,   0.590
202607051806,   0.481,   0.429,9999.000,9999.000,9999.000,9999.000,9999.000,9999.000,9999.000
202607051812,   0.382,   0.321,9999.000,9999.000,9999.000,9999.000,9999.000,9999.000,9999.000
202607051818,   0.300,   0.209,9999.000,9999.000,9999.000,9999.000,9999.000,9999.000,9999.000
202607051824,   0.234,   0.160,9999.000,9999.000,9999.000,9999.000,9999.000,9999.000,9999.000
202607051830,   0.184,   0.098,9999.000,9999.000,9999.000,9999.000,9999.000,9999.000,9999.000
202607051836,   0.151,   0.059,9999.000,9999.000,9999.000,9999.000,9999.000,9999.000,9999.000
202607051842,   0.135,   0.019,9999.000,9999.000,9999.000,9999.000,9999.000,9999.000,9999.000
202607051848,   0.135,  -0.009,9999.000,9999.000,9999.000,9999.000,9999.000,9999.000,9999.000
202607051854,   0.152,  -0.009,9999.000,9999.000,9999.000,9999.000,9999.000,9999.000,9999.000
202607051900,   0.185,   0.009,  -0.600,   0.424,   0.009,  -0.600,   0.009,  -0.600,   0.009
202607051906,   0.234,   0.049,9999.000,9999.000,9999.000,9999.000,9999.000,9999.000,9999.000
202607051912,   0.299,   0.121,9999.000,9999.000,9999.000,9999.000,9999.000,9999.000,9999.000
202607051918,   0.380,   0.190,9999.000,9999.000,9999.000,9999.000,9999.000,9999.000,9999.000
202607051924,   0.477,   0.259,9999.000,9999.000,9999.000,9999.000,9999.000,9999.000,9999.000
202607051930,   0.589,   0.341,9999.000,9999.000,9999.000,9999.000,9999.000,9999.000,9999.000
202607051936,   0.716,   0.449,9999.000,9999.000,9999.000,9999.000,9999.000,9999.000,9999.000
202607051942,   0.857,   0.610,9999.000,9999.000,9999.000,9999.000,9999.000,9999.000,9999.000
202607051948,   1.013,   0.790,9999.000,9999.000,9999.000,9999.000,9999.000,9999.000,9999.000
202607051954,   1.182,   0.941,9999.000,9999.000,9999.000,9999.000,9999.000,9999.000,9999.000
202607052000,   1.365,   1.098,  -0.600,   0.333,   1.098,  -0.600,   1.098,  -0.500,   1.198
202607052006,   1.561,   1.259,9999.000,9999.000,9999.000,9999.000,9999.000,9999.000,9999.000
202607052012,   1.768,   1.459,9999.000,9999.000,9999.000,9999.000,9999.000,9999.000,9999.000
202607052018,   1.988,   1.689,9999.000,9999.000,9999.000,9999.000,9999.000,9999.000,9999.000
202607052024,   2.219,   1.938,9999.000,9999.000,9999.000,9999.000,9999.000,9999.000,9999.000
202607052030,   2.460,   2.200,9999.000,9999.000,9999.000,9999.000,9999.000,9999.000,9999.000
202607052036,   2.712,   2.440,9999.000,9999.000,9999.000,9999.000,9999.000,9999.000,9999.000
202607052042,   2.973,   2.699,9999.000,9999.000,9999.000,9999.000,9999.000,9999.000,9999.000
202607052048,   3.243,   2.958,9999.000,9999.000,9999.000,9999.000,9999.000,9999.000,9999.000
202607052054,   3.520,   3.240,9999.000,9999.000,9999.000,9999.000,9999.000,9999.000,9999.000
202607052100,   3.806,   3.539,  -0.600,   0.333,   3.539,  -0.700,   3.439,  -0.500,   3.639
202607052106,   4.098,   3.860,9999.000,9999.000,9999.000,9999.000,9999.000,9999.000,9999.000
202607052112,   4.396,   4.168,9999.000,9999.000,9999.000,9999.000,9999.000,9999.000,9999.000
202607052118,   4.700,   4.457,9999.000,9999.000,9999.000,9999.000,9999.000,9999.000,9999.000
202607052124,   5.009,   4.769,9999.000,9999.000,9999.000,9999.000,9999.000,9999.000,9999.000
202607052130,   5.321,   5.077,9999.000,9999.000,9999.000,9999.000,9999.000,9999.000,9999.000
202607052136,   5.637,   5.428,9999.000,9999.000,9999.000,9999.000,9999.000,9999.000,9999.000
202607052142,   5.955,   5.769,9999.000,9999.000,9999.000,9999.000,9999.000,9999.000,9999.000
202607052148,   6.276,   6.097,9999.000,9999.000,9999.000,9999.000,9999.000,9999.000,9999.000
202607052154,   6.597,   6.418,9999.000,9999.000,9999.000,9999.000,9999.000,9999.000,9999.000
202607052200,   6.919,   6.737,  -0.600,   0.418,   6.737,  -0.600,   6.737,  -0.600,   6.737
202607052206,   7.241,   7.078,9999.000,9999.000,9999.000,9999.000,9999.000,9999.000,9999.000
202607052212,   7.562,   7.409,9999.000,9999.000,9999.000,9999.000,9999.000,9999.000,9999.000
202607052218,   7.881,   7.747,9999.000,9999.000,9999.000,9999.000,9999.000,9999.000,9999.000
202607052224,   8.198,   8.078,9999.000,9999.000,9999.000,9999.000,9999.000,9999.000,9999.000
202607052230,   8.512,   8.406,9999.000,9999.000,9999.000,9999.000,9999.000,9999.000,9999.000
202607052236,   8.822,   8.688,9999.000,9999.000,9999.000,9999.000,9999.000,9999.000,9999.000
202607052242,   9.127,   8.977,9999.000,9999.000,9999.000,9999.000,9999.000,9999.000,9999.000
202607052248,   9.428,   9.279,9999.000,9999.000,9999.000,9999.000,9999.000,9999.000,9999.000
202607052254,   9.723,   9.607,9999.000,9999.000,9999.000,9999.000,9999.000,9999.000,9999.000
202607052300,  10.011,   9.908,  -0.600,   0.497,   9.908,  -0.600,   9.908,  -0.500,  10.008
202607052306,  10.293,  10.187,9999.000,9999.000,9999.000,9999.000,9999.000,9999.000,9999.000
202607052312,  10.567,  10.427,9999.000,9999.000,9999.000,9999.000,9999.000,9999.000,9999.000
202607052318,  10.832,  10.696,9999.000,9999.000,9999.000,9999.000,9999.000,9999.000,9999.000
202607052324,  11.089,  10.948,9999.000,9999.000,9999.000,9999.000,9999.000,9999.000,9999.000
202607052330,  11.337,  11.207,9999.000,9999.000,9999.000,9999.000,9999.000,9999.000,9999.000
202607052336,  11.575,  11.437,9999.000,9999.000,9999.000,9999.000,9999.000,9999.000,9999.000
202607052342,  11.802,  11.666,9999.000,9999.000,9999.000,9999.000,9999.000,9999.000,9999.000
202607052348,  12.019,  11.867,9999.000,9999.000,9999.000,9999.000,9999.000,9999.000,9999.000
202607052354,  12.224,  12.067,9999.000,9999.000,9999.000,9999.000,9999.000,9999.000,9999.000
202607060000,  12.417,  12.227,  -0.300,   0.110,  12.227,  -0.400,  12.127,  -0.300,  12.227
202607060006,  12.598,  12.427,9999.000,9999.000,9999.000,9999.000,9999.000,9999.000,9999.000
202607060012,  12.767,  12.595,9999.000,9999.000,9999.000,9999.000,9999.000,9999.000,9999.000
202607060018,  12.923,  12.775,9999.000,9999.000,9999.000,9999.000,9999.000,9999.000,9999.000
202607060024,  13.065,  12.887,9999.000,9999.000,9999.000,9999.000,9999.000,9999.000,9999.000
202607060030,  13.194,  13.005,9999.000,9999.000,9999.000,9999.000,9999.000,9999.000,9999.000
202607060036,  13.308,  13.097,9999.000,9999.000,9999.000,9999.000,9999.000,9999.000,9999.000
202607060042,  13.409,  13.205,9999.000,9999.000,9999.000,9999.000,9999.000,9999.000,9999.000
202607060048,  13.495,  13.297,9999.000,9999.000,9999.000,9999.000,9999.000,9999.000,9999.000
202607060054,  13.567,  13.365,9999.000,9999.000,9999.000,9999.000,9999.000,9999.000,9999.000
202607060100,  13.624,  13.395,  -0.300,   0.071,  13.395,  -0.400,  13.295,  -0.300,  13.395
202607060106,  13.667,  13.415,9999.000,9999.000,9999.000,9999.000,9999.000,9999.000,9999.000
202607060112,  13.694,  13.438,9999.000,9999.000,9999.000,9999.000,9999.000,9999.000,9999.000
202607060118,  13.707,  13.457,9999.000,9999.000,9999.000,9999.000,9999.000,9999.000,9999.000
202607060124,  13.705,  13.457,9999.000,9999.000,9999.000,9999.000,9999.000,9999.000,9999.000
202607060130,  13.687,  13.425,9999.000,9999.000,9999.000,9999.000,9999.000,9999.000,9999.000
202607060136,  13.656,  13.385,9999.000,9999.000,9999.000,9999.000,9999.000,9999.000,9999.000
202607060142,  13.609,  13.346,9999.000,9999.000,9999.000,9999.000,9999.000,9999.000,9999.000
202607060148,  13.548,  13.277,9999.000,9999.000,9999.000,9999.000,9999.000,9999.000,9999.000
202607060154,  13.472,  13.195,9999.000,9999.000,9999.000,9999.000,9999.000,9999.000,9999.000
202607060200,  13.383,  13.106,  -0.300,   0.023,  13.106,  -0.300,  13.106,  -0.300,  13.106
202607060206,  13.279,  13.015,9999.000,9999.000,9999.000,9999.000,9999.000,9999.000,9999.000
202607060212,  13.163,  12.887,9999.000,9999.000,9999.000,9999.000,9999.000,9999.000,9999.000
202607060218,  13.032,  12.726,9999.000,9999.000,9999.000,9999.000,9999.000,9999.000,9999.000
202607060224,  12.889,  12.565,9999.000,9999.000,9999.000,9999.000,9999.000,9999.000,9999.000
202607060230,  12.734,  12.418,9999.000,9999.000,9999.000,9999.000,9999.000,9999.000,9999.000
202607060236,  12.567,  12.267,9999.000,9999.000,9999.000,9999.000,9999.000,9999.000,9999.000
202607060242,  12.388,  12.096,9999.000,9999.000,9999.000,9999.000,9999.000,9999.000,9999.000
202607060248,  12.198,  11.906,9999.000,9999.000,9999.000,9999.000,9999.000,9999.000,9999.000
202607060254,  11.997,  11.696,9999.000,9999.000,9999.000,9999.000,9999.000,9999.000,9999.000
202607060300,  11.787,  11.476,  -0.300,  -0.011,  11.476,  -0.300,  11.476,  -0.300,  11.476
202607060306,  11.567,  11.247,9999.000,9999.000,9999.000,9999.000,9999.000,9999.000,9999.000
202607060312,  11.339,  11.017,9999.000,9999.000,9999.000,9999.000,9999.000,9999.000,9999.000
202607060318,  11.103,  10.797,9999.000,9999.000,9999.000,9999.000,9999.000,9999.000,9999.000
202607060324,  10.859,  10.568,9999.000,9999.000,9999.000,9999.000,9999.000,9999.000,9999.000
202607060330,  10.609,  10.328,9999.000,9999.000,9999.000,9999.000,9999.000,9999.000,9999.000
202607060336,  10.353,  10.056,9999.000,9999.000,9999.000,9999.000,9999.000,9999.000,9999.000
202607060342,  10.091,   9.797,9999.000,9999.000,9999.000,9999.000,9999.000,9999.000,9999.000
202607060348,   9.825,   9.528,9999.000,9999.000,9999.000,9999.000,9999.000,9999.000,9999.000
202607060354,   9.556,   9.265,9999.000,9999.000,9999.000,9999.000,9999.000,9999.000,9999.000
202607060400,   9.283,   9.006,  -0.300,   0.023,   9.006,  -0.300,   9.006,  -0.300,   9.006
202607060406,   9.008,   8.728,9999.000,9999.000,9999.000,9999.000,9999.000,9999.000,9999.000
202607060412,   8.732,   8.449,9999.000,9999.000,9999.000,9999.000,9999.000,9999.000,9999.000
202607060418,   8.456,   8.167,9999.000,9999.000,9999.000,9999.000,9999.000,9999.000,9999.000
202607060424,   8.179,   7.908,9999.000,9999.000,9999.000,9999.000,9999.000,9999.000,9999.000
202607060430,   7.903,   7.648,9999.000,9999.000,9999.000,9999.000,9999.000,9999.000,9999.000
202607060436,   7.629,   7.386,9999.000,9999.000,9999.000,9999.000,9999.000,9999.000,9999.000
202607060442,   7.358,   7.127,9999.000,9999.000,9999.000,9999.000,9999.000,9999.000,9999.000
202607060448,   7.090,   6.858,9999.000,9999.000,9999.000,9999.000,9999.000,9999.000,9999.000
202607060454,   6.826,   6.599,9999.000,9999.000,9999.000,9999.000,9999.000,9999.000,9999.000
202607060500,   6.567,   6.346,  -0.300,   0.079,   6.346,  -0.300,   6.346,  -0.300,   6.346
202607060506,   6.313,   6.107,9999.000,9999.000,9999.000,9999.000,9999.000,9999.000,9999.000
202607060512,   6.065,   5.887,9999.000,9999.000,9999.000,9999.000,9999.000,9999.000,9999.000
202607060518,   5.825,   5.667,9999.000,9999.000,9999.000,9999.000,9999.000,9999.000,9999.000
202607060524,   5.591,   5.438,9999.000,9999.000,9999.000,9999.000,9999.000,9999.000,9999.000
202607060530,   5.366,   5.218,9999.000,9999.000,9999.000,9999.000,9999.000,9999.000,9999.000
202607060536,   5.150,   5.008,9999.000,9999.000,9999.000,9999.000,9999.000,9999.000,9999.000
202607060542,   4.943,   4.828,9999.000,9999.000,9999.000,9999.000,9999.000,9999.000,9999.000
202607060548,   4.746,   4.647,9999.000,9999.000,9999.000,9999.000,9999.000,9999.000,9999.000
202607060554,   4.560,   4.467,9999.000,9999.000,9999.000,9999.000,9999.000,9999.000,9999.000
202607060600,   4.385,   4.309,  -0.300,   0.224,   4.309,  -0.300,   4.309,  -0.200,   4.409
202607060606,   4.220,   4.159,9999.000,9999.000,9999.000,9999.000,9999.000,9999.000,9999.000
202607060612,   4.068,   4.017,9999.000,9999.000,9999.000,9999.000,9999.000,9999.000,9999.000
202607060618,   3.928,   3.890,9999.000,9999.000,9999.000,9999.000,9999.000,9999.000,9999.000
202607060624,   3.801,   3.758,9999.000,9999.000,9999.000,9999.000,9999.000,9999.000,9999.000
202607060630,   3.686,   3.637,9999.000,9999.000,9999.000,9999.000,9999.000,9999.000,9999.000
202607060636,   3.584,   3.548,9999.000,9999.000,9999.000,9999.000,9999.000,9999.000,9999.000
202607060642,   3.496,   3.460,9999.000,9999.000,9999.000,9999.000,9999.000,9999.000,9999.000
202607060648,   3.422,   3.398,9999.000,9999.000,9999.000,9999.000,9999.000,9999.000,9999.000
202607060654,   3.361,   3.339,9999.000,9999.000,9999.000,9999.000,9999.000,9999.000,9999.000
202607060700,   3.314,   3.309,  -0.300,   0.295,   3.309,  -0.300,   3.309,  -0.200,   3.409
202607060706,   3.281,   3.289,9999.000,9999.000,9999.000,9999.000,9999.000,9999.000,9999.000
202607060712,   3.262,   3.289,9999.000,9999.000,9999.000,9999.000,9999.000,9999.000,9999.000
202607060718,   3.256,   3.260,9999.000,9999.000,9999.000,9999.000,9999.000,9999.000,9999.000
202607060724,   3.265,   3.260,9999.000,9999.000,9999.000,9999.000,9999.000,9999.000,9999.000
202607060730,   3.287,   3.270,9999.000,9999.000,9999.000,9999.000,9999.000,9999.000,9999.000
202607060736,   3.324,   3.339,9999.000,9999.000,9999.000,9999.000,9999.000,9999.000,9999.000
202607060742,   3.373,   3.388,9999.000,9999.000,9999.000,9999.000,9999.000,9999.000,9999.000
202607060748,   3.436,   3.470,9999.000,9999.000,9999.000,9999.000,9999.000,9999.000,9999.000
202607060754,   3.512,   3.529,9999.000,9999.000,9999.000,9999.000,9999.000,9999.000,9999.000
202607060800,   3.601,   3.627,  -0.200,   0.226,   3.627,  -0.300,   3.527,  -0.200,   3.627
202607060806,   3.703,   3.719,9999.000,9999.000,9999.000,9999.000,9999.000,9999.000,9999.000
202607060812,   3.817,   3.808,9999.000,9999.000,9999.000,9999.000,9999.000,9999.000,9999.000
202607060818,   3.942,   3.919,9999.000,9999.000,9999.000,9999.000,9999.000,9999.000,9999.000
202607060824,   4.080,   4.047,9999.000,9999.000,9999.000,9999.000,9999.000,9999.000,9999.000
202607060830,   4.228,   4.208,9999.000,9999.000,9999.000,9999.000,9999.000,9999.000,9999.000
202607060836,   4.387,   4.359,9999.000,9999.000,9999.000,9999.000,9999.000,9999.000,9999.000
202607060842,   4.556,   4.500,9999.000,9999.000,9999.000,9999.000,9999.000,9999.000,9999.000
202607060848,   4.734,   4.647,9999.000,9999.000,9999.000,9999.000,9999.000,9999.000,9999.000
202607060854,   4.922,   4.828,9999.000,9999.000,9999.000,9999.000,9999.000,9999.000,9999.000
202607060900,   5.118,   5.028,  -0.200,   0.110,   5.028,  -0.200,   5.028,  -0.100,   5.128
202607060906,   5.323,   5.238,9999.000,9999.000,9999.000,9999.000,9999.000,9999.000,9999.000
202607060912,   5.534,   5.438,9999.000,9999.000,9999.000,9999.000,9999.000,9999.000,9999.000
202607060918,   5.753,   5.657,9999.000,9999.000,9999.000,9999.000,9999.000,9999.000,9999.000
202607060924,   5.978,   5.867,9999.000,9999.000,9999.000,9999.000,9999.000,9999.000,9999.000
202607060930,   6.208,   6.077,9999.000,9999.000,9999.000,9999.000,9999.000,9999.000,9999.000
202607060936,   6.444,   6.297,9999.000,9999.000,9999.000,9999.000,9999.000,9999.000,9999.000
202607060942,   6.684,   6.537,9999.000,9999.000,9999.000,9999.000,9999.000,9999.000,9999.000
202607060948,   6.927,   6.766,9999.000,9999.000,9999.000,9999.000,9999.000,9999.000,9999.000
202607060954,   7.174,   6.999,9999.000,9999.000,9999.000,9999.000,9999.000,9999.000,9999.000
202607061000,   7.423,   7.219,  -0.100,  -0.104,   7.219,  -0.200,   7.119,  -0.100,   7.219
202607061006,   7.673,   7.468,9999.000,9999.000,9999.000,9999.000,9999.000,9999.000,9999.000
202607061012,   7.925,   7.717,9999.000,9999.000,9999.000,9999.000,9999.000,9999.000,9999.000
202607061018,   8.176,   7.996,9999.000,9999.000,9999.000,9999.000,9999.000,9999.000,9999.000
202607061024,   8.428,   8.239,9999.000,9999.000,9999.000,9999.000,9999.000,9999.000,9999.000
202607061030,   8.678,   8.468,9999.000,9999.000,9999.000,9999.000,9999.000,9999.000,9999.000
202607061036,   8.926,   8.678,9999.000,9999.000,9999.000,9999.000,9999.000,9999.000,9999.000
202607061042,   9.173,   8.918,9999.000,9999.000,9999.000,9999.000,9999.000,9999.000,9999.000
202607061048,   9.416,   9.147,9999.000,9999.000,9999.000,9999.000,9999.000,9999.000,9999.000
202607061054,   9.655,   9.387,9999.000,9999.000,9999.000,9999.000,9999.000,9999.000,9999.000
202607061100,   9.890,   9.636,  -0.100,  -0.154,   9.636,  -0.100,   9.636,  -0.100,   9.636
202607061106,  10.119,   9.876,9999.000,9999.000,9999.000,9999.000,9999.000,9999.000,9999.000
202607061112,  10.343,  10.085,9999.000,9999.000,9999.000,9999.000,9999.000,9999.000,9999.000
202607061118,  10.561,  10.286,9999.000,9999.000,9999.000,9999.000,9999.000,9999.000,9999.000
202607061124,  10.772,  10.466,9999.000,9999.000,9999.000,9999.000,9999.000,9999.000,9999.000
202607061130,  10.975,  10.705,9999.000,9999.000,9999.000,9999.000,9999.000,9999.000,9999.000
202607061136,  11.170,  10.915,9999.000,9999.000,9999.000,9999.000,9999.000,9999.000,9999.000
202607061142,  11.356,  11.135,9999.000,9999.000,9999.000,9999.000,9999.000,9999.000,9999.000
202607061148,  11.533,  11.286,9999.000,9999.000,9999.000,9999.000,9999.000,9999.000,9999.000
202607061154,  11.701,  11.427,9999.000,9999.000,9999.000,9999.000,9999.000,9999.000,9999.000
202607061200,  11.858,  11.578,  -0.200,  -0.080,  11.578,  -0.200,  11.578,  -0.100,  11.678
202607061206,  12.005,  11.745,9999.000,9999.000,9999.000,9999.000,9999.000,9999.000,9999.000
202607061212,  12.140,  11.916,9999.000,9999.000,9999.000,9999.000,9999.000,9999.000,9999.000
202607061218,  12.264,  12.057,9999.000,9999.000,9999.000,9999.000,9999.000,9999.000,9999.000
202607061224,  12.376,  12.175,9999.000,9999.000,9999.000,9999.000,9999.000,9999.000,9999.000
202607061230,  12.476,  12.286,9999.000,9999.000,9999.000,9999.000,9999.000,9999.000,9999.000
202607061236,  12.563,  12.385,9999.000,9999.000,9999.000,9999.000,9999.000,9999.000,9999.000
202607061242,  12.637,  12.477,9999.000,9999.000,9999.000,9999.000,9999.000,9999.000,9999.000
202607061248,  12.697,  12.536,9999.000,9999.000,9999.000,9999.000,9999.000,9999.000,9999.000
202607061254,  12.745,  12.618,9999.000,9999.000,9999.000,9999.000,9999.000,9999.000,9999.000
202607061300,  12.778,  12.677,  -0.100,  -0.001,  12.677,  -0.200,  12.577,  -0.100,  12.677
202607061306,  12.798,  12.716,9999.000,9999.000,9999.000,9999.000,9999.000,9999.000,9999.000
202607061312,  12.804,  12.716,9999.000,9999.000,9999.000,9999.000,9999.000,9999.000,9999.000
202607061318,  12.796,  12.716,9999.000,9999.000,9999.000,9999.000,9999.000,9999.000,9999.000
202607061324,  12.773,  12.716,9999.000,9999.000,9999.000,9999.000,9999.000,9999.000,9999.000
202607061330,  12.737,  12.716,9999.000,9999.000,9999.000,9999.000,9999.000,9999.000,9999.000
202607061336,  12.686,  12.657,9999.000,9999.000,9999.000,9999.000,9999.000,9999.000,9999.000
202607061342,  12.621,  12.618,9999.000,9999.000,9999.000,9999.000,9999.000,9999.000,9999.000
202607061348,  12.542,  12.565,9999.000,9999.000,9999.000,9999.000,9999.000,9999.000,9999.000
202607061354,  12.449,  12.526,9999.000,9999.000,9999.000,9999.000,9999.000,9999.000,9999.000
202607061400,  12.342,  12.427,  -0.100,   0.185,  12.427,  -0.200,  12.327,  -0.100,  12.427
202607061406,  12.222,  12.316,9999.000,9999.000,9999.000,9999.000,9999.000,9999.000,9999.000
202607061412,  12.089,  12.217,9999.000,9999.000,9999.000,9999.000,9999.000,9999.000,9999.000
202607061418,  11.942,  12.116,9999.000,9999.000,9999.000,9999.000,9999.000,9999.000,9999.000
202607061424,  11.783,  11.988,9999.000,9999.000,9999.000,9999.000,9999.000,9999.000,9999.000
202607061430,  11.611,  11.847,9999.000,9999.000,9999.000,9999.000,9999.000,9999.000,9999.000
202607061436,  11.428,  11.706,9999.000,9999.000,9999.000,9999.000,9999.000,9999.000,9999.000
202607061442,  11.232,  11.555,9999.000,9999.000,9999.000,9999.000,9999.000,9999.000,9999.000
202607061448,  11.026,  11.378,9999.000,9999.000,9999.000,9999.000,9999.000,9999.000,9999.000
202607061454,  10.809,  11.178,9999.000,9999.000,9999.000,9999.000,9999.000,9999.000,9999.000
202607061500,  10.582,  10.938,   0.000,   0.356,  10.938,  -0.100,  10.838,   0.000,  10.938
202607061506,  10.346,  10.728,9999.000,9999.000,9999.000,9999.000,9999.000,9999.000,9999.000
202607061512,  10.100,  10.515,9999.000,9999.000,9999.000,9999.000,9999.000,9999.000,9999.000
202607061518,   9.847,  10.305,9999.000,9999.000,9999.000,9999.000,9999.000,9999.000,9999.000
202607061524,   9.585,  10.046,9999.000,9999.000,9999.000,9999.000,9999.000,9999.000,9999.000
202607061530,   9.317,   9.797,9999.000,9999.000,9999.000,9999.000,9999.000,9999.000,9999.000
202607061536,   9.042,   9.528,9999.000,9999.000,9999.000,9999.000,9999.000,9999.000,9999.000
202607061542,   8.761,   9.265,9999.000,9999.000,9999.000,9999.000,9999.000,9999.000,9999.000
202607061548,   8.476,   8.997,9999.000,9999.000,9999.000,9999.000,9999.000,9999.000,9999.000
202607061554,   8.186,   8.708,9999.000,9999.000,9999.000,9999.000,9999.000,9999.000,9999.000
202607061600,   7.893,   8.406,   0.000,   0.513,   8.406,  -0.100,   8.306,   0.000,   8.406
202607061606,   7.598,   8.127,9999.000,9999.000,9999.000,9999.000,9999.000,9999.000,9999.000
202607061612,   7.300,   7.829,9999.000,9999.000,9999.000,9999.000,9999.000,9999.000,9999.000
202607061618,   7.001,   7.547,9999.000,9999.000,9999.000,9999.000,9999.000,9999.000,9999.000
202607061624,   6.702,   7.248,9999.000,9999.000,9999.000,9999.000,9999.000,9999.000,9999.000
202607061630,   6.404,   6.966,9999.000,9999.000,9999.000,9999.000,9999.000,9999.000,9999.000
202607061636,   6.107,   6.658,9999.000,9999.000,9999.000,9999.000,9999.000,9999.000,9999.000
202607061642,   5.812,   6.346,9999.000,9999.000,9999.000,9999.000,9999.000,9999.000,9999.000
202607061648,   5.520,   6.028,9999.000,9999.000,9999.000,9999.000,9999.000,9999.000,9999.000
202607061654,   5.231,   5.730,9999.000,9999.000,9999.000,9999.000,9999.000,9999.000,9999.000
202607061700,   4.947,   5.457,   0.000,   0.510,   5.457,   0.000,   5.457,   0.000,   5.457
202607061706,   4.668,   5.198,9999.000,9999.000,9999.000,9999.000,9999.000,9999.000,9999.000
202607061712,   4.395,   4.929,9999.000,9999.000,9999.000,9999.000,9999.000,9999.000,9999.000
202607061718,   4.129,   4.608,9999.000,9999.000,9999.000,9999.000,9999.000,9999.000,9999.000
202607061724,   3.870,   4.359,9999.000,9999.000,9999.000,9999.000,9999.000,9999.000,9999.000
202607061730,   3.619,   4.080,9999.000,9999.000,9999.000,9999.000,9999.000,9999.000,9999.000
202607061736,   3.377,   3.870,9999.000,9999.000,9999.000,9999.000,9999.000,9999.000,9999.000
202607061742,   3.144,   3.578,9999.000,9999.000,9999.000,9999.000,9999.000,9999.000,9999.000
202607061748,   2.921,   3.398,9999.000,9999.000,9999.000,9999.000,9999.000,9999.000,9999.000
202607061754,   2.709,   3.168,9999.000,9999.000,9999.000,9999.000,9999.000,9999.000,9999.000
202607061800,   2.508,   2.938,   0.000,   0.430,   2.938,   0.000,   2.938,   0.000,   2.938
202607061806,   2.319,   2.709,9999.000,9999.000,9999.000,9999.000,9999.000,9999.000,9999.000
202607061812,   2.141,   2.519,9999.000,9999.000,9999.000,9999.000,9999.000,9999.000,9999.000
202607061818,   1.977,   2.368,9999.000,9999.000,9999.000,9999.000,9999.000,9999.000,9999.000
202607061824,   1.825,   2.220,9999.000,9999.000,9999.000,9999.000,9999.000,9999.000,9999.000
202607061830,   1.687,   2.089,9999.000,9999.000,9999.000,9999.000,9999.000,9999.000,9999.000
202607061836,   1.562,   1.918,9999.000,9999.000,9999.000,9999.000,9999.000,9999.000,9999.000
202607061842,   1.452,   1.800,9999.000,9999.000,9999.000,9999.000,9999.000,9999.000,9999.000
202607061848,   1.356,   1.689,9999.000,9999.000,9999.000,9999.000,9999.000,9999.000,9999.000
202607061854,   1.274,   1.639,9999.000,9999.000,9999.000,9999.000,9999.000,9999.000,9999.000
202607061900,   1.208,   1.557,   0.000,   0.349,   1.557,   0.000,   1.557,   0.100,   1.657
202607061906,   1.156,   1.489,9999.000,9999.000,9999.000,9999.000,9999.000,9999.000,9999.000
202607061912,   1.119,   1.430,9999.000,9999.000,9999.000,9999.000,9999.000,9999.000,9999.000
202607061918,   1.098,   1.380,9999.000,9999.000,9999.000,9999.000,9999.000,9999.000,9999.000
202607061924,   1.091,   1.361,9999.000,9999.000,9999.000,9999.000,9999.000,9999.000,9999.000
202607061930,   1.100,   1.371,9999.000,9999.000,9999.000,9999.000,9999.000,9999.000,9999.000
202607061936,   1.123,   1.390,9999.000,9999.000,9999.000,9999.000,9999.000,9999.000,9999.000
202607061942,   1.162,   1.439,9999.000,9999.000,9999.000,9999.000,9999.000,9999.000,9999.000
202607061948,   1.215,   1.469,9999.000,9999.000,9999.000,9999.000,9999.000,9999.000,9999.000
202607061954,   1.284,   1.528,9999.000,9999.000,9999.000,9999.000,9999.000,9999.000,9999.000
202607062000,   1.366,   1.610,   0.000,   0.244,   1.610,   0.000,   1.610,   0.100,   1.710
202607062006,   1.463,   1.718,9999.000,9999.000,9999.000,9999.000,9999.000,9999.000,9999.000
202607062012,   1.575,   1.849,9999.000,9999.000,9999.000,9999.000,9999.000,9999.000,9999.000
202607062018,   1.699,   1.981,9999.000,9999.000,9999.000,9999.000,9999.000,9999.000,9999.000
202607062024,   1.838,   2.118,9999.000,9999.000,9999.000,9999.000,9999.000,9999.000,9999.000
202607062030,   1.989,   2.240,9999.000,9999.000,9999.000,9999.000,9999.000,9999.000,9999.000
202607062036,   2.153,   2.377,9999.000,9999.000,9999.000,9999.000,9999.000,9999.000,9999.000
202607062042,   2.329,   2.558,9999.000,9999.000,9999.000,9999.000,9999.000,9999.000,9999.000
202607062048,   2.517,   2.758,9999.000,9999.000,9999.000,9999.000,9999.000,9999.000,9999.000
202607062054,   2.716,   2.978,9999.000,9999.000,9999.000,9999.000,9999.000,9999.000,9999.000
202607062100,   2.926,   3.188,   0.100,   0.162,   3.188,   0.000,   3.088,   0.100,   3.188
202607062106,   3.146,   3.407,9999.000,9999.000,9999.000,9999.000,9999.000,9999.000,9999.000
202607062112,   3.376,   3.627,9999.000,9999.000,9999.000,9999.000,9999.000,9999.000,9999.000
202607062118,   3.615,   3.880,9999.000,9999.000,9999.000,9999.000,9999.000,9999.000,9999.000
202607062124,   3.863,   4.139,9999.000,9999.000,9999.000,9999.000,9999.000,9999.000,9999.000
202607062130,   4.119,   4.418,9999.000,9999.000,9999.000,9999.000,9999.000,9999.000,9999.000
202607062136,   4.382,   4.690,9999.000,9999.000,9999.000,9999.000,9999.000,9999.000,9999.000
202607062142,   4.653,   4.959,9999.000,9999.000,9999.000,9999.000,9999.000,9999.000,9999.000
202607062148,   4.929,   5.208,9999.000,9999.000,9999.000,9999.000,9999.000,9999.000,9999.000
202607062154,   5.211,   5.507,9999.000,9999.000,9999.000,9999.000,9999.000,9999.000,9999.000
202607062200,   5.498,   5.818,   0.100,   0.220,   5.818,   0.100,   5.818,   0.200,   5.918
202607062206,   5.789,   6.127,9999.000,9999.000,9999.000,9999.000,9999.000,9999.000,9999.000
202607062212,   6.083,   6.418,9999.000,9999.000,9999.000,9999.000,9999.000,9999.000,9999.000
202607062218,   6.381,   6.717,9999.000,9999.000,9999.000,9999.000,9999.000,9999.000,9999.000
202607062224,   6.680,   7.029,9999.000,9999.000,9999.000,9999.000,9999.000,9999.000,9999.000
202607062230,   6.982,   7.347,9999.000,9999.000,9999.000,9999.000,9999.000,9999.000,9999.000
202607062236,   7.284,   7.658,9999.000,9999.000,9999.000,9999.000,9999.000,9999.000,9999.000
202607062242,   7.586,   7.986,9999.000,9999.000,9999.000,9999.000,9999.000,9999.000,9999.000
202607062248,   7.888,   8.278,9999.000,9999.000,9999.000,9999.000,9999.000,9999.000,9999.000
202607062254,   8.189,   8.537,9999.000,9999.000,9999.000,9999.000,9999.000,9999.000,9999.000
202607062300,   8.488,   8.806,   0.100,   0.218,   8.806,   0.100,   8.806,   0.200,   8.906
202607062306,   8.784,   9.098,9999.000,9999.000,9999.000,9999.000,9999.000,9999.000,9999.000
202607062312,   9.078,   9.426,9999.000,9999.000,9999.000,9999.000,9999.000,9999.000,9999.000
202607062318,   9.367,   9.718,9999.000,9999.000,9999.000,9999.000,9999.000,9999.000,9999.000
202607062324,   9.653,  10.007,9999.000,9999.000,9999.000,9999.000,9999.000,9999.000,9999.000
202607062330,   9.933,  10.256,9999.000,9999.000,9999.000,9999.000,9999.000,9999.000,9999.000
202607062336,  10.208,  10.528,9999.000,9999.000,9999.000,9999.000,9999.000,9999.000,9999.000
202607062342,  10.477,  10.807,9999.000,9999.000,9999.000,9999.000,9999.000,9999.000,9999.000
202607062348,  10.739,  11.056,9999.000,9999.000,9999.000,9999.000,9999.000,9999.000,9999.000
202607062354,  10.993,  11.296,9999.000,9999.000,9999.000,9999.000,9999.000,9999.000,9999.000
202607070000,  11.240,  11.545,   0.200,   0.105,  11.545,   0.100,  11.445,   0.200,  11.545
202607070006,  11.478,  11.798,9999.000,9999.000,9999.000,9999.000,9999.000,9999.000,9999.000
202607070012,  11.707,  12.008,9999.000,9999.000,9999.000,9999.000,9999.000,9999.000,9999.000
202607070018,  11.927,  12.198,9999.000,9999.000,9999.000,9999.000,9999.000,9999.000,9999.000
202607070024,  12.137,  12.408,9999.000,9999.000,9999.000,9999.000,9999.000,9999.000,9999.000
202607070030,  12.337,  12.637,9999.000,9999.000,9999.000,9999.000,9999.000,9999.000,9999.000
202607070036,  12.526,  12.818,9999.000,9999.000,9999.000,9999.000,9999.000,9999.000,9999.000
202607070042,  12.704,  12.955,9999.000,9999.000,9999.000,9999.000,9999.000,9999.000,9999.000
202607070048,  12.870,  13.087,9999.000,9999.000,9999.000,9999.000,9999.000,9999.000,9999.000
202607070054,  13.024,  13.257,9999.000,9999.000,9999.000,9999.000,9999.000,9999.000,9999.000
202607070100,  13.166,  13.425,   0.200,   0.059,  13.425,   0.200,  13.425,   0.300,  13.525
202607070106,  13.295,  13.575,9999.000,9999.000,9999.000,9999.000,9999.000,9999.000,9999.000
202607070112,  13.412,  13.677,9999.000,9999.000,9999.000,9999.000,9999.000,9999.000,9999.000
202607070118,  13.515,  13.766,9999.000,9999.000,9999.000,9999.000,9999.000,9999.000,9999.000
202607070124,  13.605,  13.844,9999.000,9999.000,9999.000,9999.000,9999.000,9999.000,9999.000
202607070130,  13.682,  13.907,9999.000,9999.000,9999.000,9999.000,9999.000,9999.000,9999.000
202607070136,  13.744,  13.956,9999.000,9999.000,9999.000,9999.000,9999.000,9999.000,9999.000
202607070142,  13.793,  14.005,9999.000,9999.000,9999.000,9999.000,9999.000,9999.000,9999.000
202607070148,  13.828,  14.054,9999.000,9999.000,9999.000,9999.000,9999.000,9999.000,9999.000
202607070154,  13.849,  14.087,9999.000,9999.000,9999.000,9999.000,9999.000,9999.000,9999.000
202607070200,  13.857,  14.067,   0.200,   0.010,  14.067,   0.200,  14.067,   0.300,  14.167
202607070206,  13.850,  14.035,9999.000,9999.000,9999.000,9999.000,9999.000,9999.000,9999.000
202607070212,  13.829,  14.025,9999.000,9999.000,9999.000,9999.000,9999.000,9999.000,9999.000
202607070218,  13.794,  14.015,9999.000,9999.000,9999.000,9999.000,9999.000,9999.000,9999.000
202607070224,  13.745,  13.966,9999.000,9999.000,9999.000,9999.000,9999.000,9999.000,9999.000
202607070230,  13.683,  13.897,9999.000,9999.000,9999.000,9999.000,9999.000,9999.000,9999.000
202607070236,  13.607,  13.795,9999.000,9999.000,9999.000,9999.000,9999.000,9999.000,9999.000
202607070242,  13.517,  13.736,9999.000,9999.000,9999.000,9999.000,9999.000,9999.000,9999.000
202607070248,  13.415,  13.625,9999.000,9999.000,9999.000,9999.000,9999.000,9999.000,9999.000
202607070254,  13.299,  13.507,9999.000,9999.000,9999.000,9999.000,9999.000,9999.000,9999.000
202607070300,  13.172,  13.385,   0.300,  -0.087,  13.385,   0.200,  13.285,   0.300,  13.385
202607070306,  13.031,  13.287,9999.000,9999.000,9999.000,9999.000,9999.000,9999.000,9999.000
202607070312,  12.879,  13.146,9999.000,9999.000,9999.000,9999.000,9999.000,9999.000,9999.000
202607070318,  12.716,  12.975,9999.000,9999.000,9999.000,9999.000,9999.000,9999.000,9999.000
202607070324,  12.541,  12.785,9999.000,9999.000,9999.000,9999.000,9999.000,9999.000,9999.000
202607070330,  12.356,  12.647,9999.000,9999.000,9999.000,9999.000,9999.000,9999.000,9999.000
202607070336,  12.161,  12.496,9999.000,9999.000,9999.000,9999.000,9999.000,9999.000,9999.000
202607070342,  11.956,  12.267,9999.000,9999.000,9999.000,9999.000,9999.000,9999.000,9999.000
202607070348,  11.742,  11.978,9999.000,9999.000,9999.000,9999.000,9999.000,9999.000,9999.000
202607070354,  11.520,  11.755,9999.000,9999.000,9999.000,9999.000,9999.000,9999.000,9999.000
202607070400,  11.289,  11.578,   0.200,   0.089,  11.578,   0.200,  11.578,   0.300,  11.678
202607070406,  11.051,  11.437,9999.000,9999.000,9999.000,9999.000,9999.000,9999.000,9999.000
202607070412,  10.807,  11.125,9999.000,9999.000,9999.000,9999.000,9999.000,9999.000,9999.000
202607070418,  10.556,  10.807,9999.000,9999.000,9999.000,9999.000,9999.000,9999.000,9999.000
202607070424,  10.300,  10.476,9999.000,9999.000,9999.000,9999.000,9999.000,9999.000,9999.000
202607070430,  10.039,  10.276,9999.000,9999.000,9999.000,9999.000,9999.000,9999.000,9999.000
202607070436,   9.773,  10.076,9999.000,9999.000,9999.000,9999.000,9999.000,9999.000,9999.000
202607070442,   9.505,   9.836,9999.000,9999.000,9999.000,9999.000,9999.000,9999.000,9999.000
202607070448,   9.234,   9.518,9999.000,9999.000,9999.000,9999.000,9999.000,9999.000,9999.000
202607070454,   8.960,   9.265,9999.000,9999.000,9999.000,9999.000,9999.000,9999.000,9999.000
202607070500,   8.686,   8.977,   0.200,   0.091,   8.977,   0.100,   8.877,   0.200,   8.977
202607070506,   8.411,   8.678,9999.000,9999.000,9999.000,9999.000,9999.000,9999.000,9999.000
202607070512,   8.136,   8.367,9999.000,9999.000,9999.000,9999.000,9999.000,9999.000,9999.000
202607070518,   7.861,   8.117,9999.000,9999.000,9999.000,9999.000,9999.000,9999.000,9999.000
202607070524,   7.589,   7.937,9999.000,9999.000,9999.000,9999.000,9999.000,9999.000,9999.000
202607070530,   7.319,   7.668,9999.000,9999.000,9999.000,9999.000,9999.000,9999.000,9999.000
202607070536,   7.051,   7.317,9999.000,9999.000,9999.000,9999.000,9999.000,9999.000,9999.000
202607070542,   6.788,   6.989,9999.000,9999.000,9999.000,9999.000,9999.000,9999.000,9999.000
202607070548,   6.528,   6.766,9999.000,9999.000,9999.000,9999.000,9999.000,9999.000,9999.000
202607070554,   6.274,   6.609,9999.000,9999.000,9999.000,9999.000,9999.000,9999.000,9999.000
202607070600,   6.026,   6.346,   0.000,   0.320,   6.346,   0.000,   6.346,   0.000,   6.346
202607070606,   5.783,   6.107,9999.000,9999.000,9999.000,9999.000,9999.000,9999.000,9999.000
202607070612,   5.548,   5.848,9999.000,9999.000,9999.000,9999.000,9999.000,9999.000,9999.000
202607070618,   5.320,   5.628,9999.000,9999.000,9999.000,9999.000,9999.000,9999.000,9999.000
202607070624,   5.100,   5.428,9999.000,9999.000,9999.000,9999.000,9999.000,9999.000,9999.000
202607070630,   4.889,   5.169,9999.000,9999.000,9999.000,9999.000,9999.000,9999.000,9999.000
202607070636,   4.687,   5.008,9999.000,9999.000,9999.000,9999.000,9999.000,9999.000,9999.000
202607070642,   4.495,   4.788,9999.000,9999.000,9999.000,9999.000,9999.000,9999.000,9999.000
202607070648,   4.313,   4.628,9999.000,9999.000,9999.000,9999.000,9999.000,9999.000,9999.000
202607070654,   4.141,   4.467,9999.000,9999.000,9999.000,9999.000,9999.000,9999.000,9999.000
202607070700,   3.981,   4.329,   0.000,   0.348,   4.329,   0.000,   4.329,   0.000,   4.329
202607070706,   3.831,   4.178,9999.000,9999.000,9999.000,9999.000,9999.000,9999.000,9999.000
202607070712,   3.694,   4.080,9999.000,9999.000,9999.000,9999.000,9999.000,9999.000,9999.000
202607070718,   3.568,   3.958,9999.000,9999.000,9999.000,9999.000,9999.000,9999.000,9999.000
202607070724,   3.455,   3.837,9999.000,9999.000,9999.000,9999.000,9999.000,9999.000,9999.000
202607070730,   3.354,   3.689,9999.000,9999.000,9999.000,9999.000,9999.000,9999.000,9999.000
202607070736,   3.266,   3.607,9999.000,9999.000,9999.000,9999.000,9999.000,9999.000,9999.000
202607070742,   3.190,   3.578,9999.000,9999.000,9999.000,9999.000,9999.000,9999.000,9999.000
202607070748,   3.128,   3.558,9999.000,9999.000,9999.000,9999.000,9999.000,9999.000,9999.000
202607070754,   3.079,   3.509,9999.000,9999.000,9999.000,9999.000,9999.000,9999.000,9999.000
202607070800,   3.043,   3.470,   0.000,   0.427,   3.470,   0.000,   3.470,   0.100,   3.570
202607070806,   3.020,   3.417,9999.000,9999.000,9999.000,9999.000,9999.000,9999.000,9999.000
202607070812,   3.010,   3.440,9999.000,9999.000,9999.000,9999.000,9999.000,9999.000,9999.000
202607070818,   3.014,   3.398,9999.000,9999.000,9999.000,9999.000,9999.000,9999.000,9999.000
202607070824,   3.030,   3.427,9999.000,9999.000,9999.000,9999.000,9999.000,9999.000,9999.000
202607070830,   3.059,   3.470,9999.000,9999.000,9999.000,9999.000,9999.000,9999.000,9999.000
202607070836,   3.102,   3.539,9999.000,9999.000,9999.000,9999.000,9999.000,9999.000,9999.000
202607070842,   3.156,   3.598,9999.000,9999.000,9999.000,9999.000,9999.000,9999.000,9999.000
202607070848,   3.223,   3.617,9999.000,9999.000,9999.000,9999.000,9999.000,9999.000,9999.000
202607070854,   3.303,   3.680,9999.000,9999.000,9999.000,9999.000,9999.000,9999.000,9999.000
202607070900,   3.394,   3.788,   0.000,   0.394,   3.788,   0.000,   3.788,   0.000,   3.788
202607070906,   3.496,   3.899,9999.000,9999.000,9999.000,9999.000,9999.000,9999.000,9999.000
202607070912,   3.610,   4.008,9999.000,9999.000,9999.000,9999.000,9999.000,9999.000,9999.000
202607070918,   3.734,   4.090,9999.000,9999.000,9999.000,9999.000,9999.000,9999.000,9999.000
202607070924,   3.869,   4.208,9999.000,9999.000,9999.000,9999.000,9999.000,9999.000,9999.000
202607070930,   4.014,   4.319,9999.000,9999.000,9999.000,9999.000,9999.000,9999.000,9999.000
202607070936,   4.169,   4.457,9999.000,9999.000,9999.000,9999.000,9999.000,9999.000,9999.000
202607070942,   4.333,   4.608,9999.000,9999.000,9999.000,9999.000,9999.000,9999.000,9999.000
202607070948,   4.505,   4.788,9999.000,9999.000,9999.000,9999.000,9999.000,9999.000,9999.000
202607070954,   4.685,   4.998,9999.000,9999.000,9999.000,9999.000,9999.000,9999.000,9999.000
202607071000,   4.873,   5.169,   0.000,   0.296,   5.169,   0.000,   5.169,   0.000,   5.169
202607071006,   5.068,   5.329,9999.000,9999.000,9999.000,9999.000,9999.000,9999.000,9999.000
202607071012,   5.270,   5.497,9999.000,9999.000,9999.000,9999.000,9999.000,9999.000,9999.000
202607071018,   5.477,   5.717,9999.000,9999.000,9999.000,9999.000,9999.000,9999.000,9999.000
202607071024,   5.690,   5.907,9999.000,9999.000,9999.000,9999.000,9999.000,9999.000,9999.000
202607071030,   5.907,   6.087,9999.000,9999.000,9999.000,9999.000,9999.000,9999.000,9999.000
202607071036,   6.129,   6.277,9999.000,9999.000,9999.000,9999.000,9999.000,9999.000,9999.000
202607071042,   6.354,   6.507,9999.000,9999.000,9999.000,9999.000,9999.000,9999.000,9999.000
202607071048,   6.582,   6.717,9999.000,9999.000,9999.000,9999.000,9999.000,9999.000,9999.000
202607071054,   6.812,   6.927,9999.000,9999.000,9999.000,9999.000,9999.000,9999.000,9999.000
202607071100,   7.044,   7.117,   0.000,   0.073,   7.117,   0.000,   7.117,   0.000,   7.117
202607071106,   7.276,   7.366,9999.000,9999.000,9999.000,9999.000,9999.000,9999.000,9999.000
202607071112,   7.509,   7.596,9999.000,9999.000,9999.000,9999.000,9999.000,9999.000,9999.000
202607071118,   7.742,   7.829,9999.000,9999.000,9999.000,9999.000,9999.000,9999.000,9999.000
202607071124,   7.974,   8.039,9999.000,9999.000,9999.000,9999.000,9999.000,9999.000,9999.000
202607071130,   8.204,   8.229,9999.000,9999.000,9999.000,9999.000,9999.000,9999.000,9999.000
202607071136,   8.432,   8.426,9999.000,9999.000,9999.000,9999.000,9999.000,9999.000,9999.000
202607071142,   8.658,   8.636,9999.000,9999.000,9999.000,9999.000,9999.000,9999.000,9999.000
202607071148,   8.879,   8.836,9999.000,9999.000,9999.000,9999.000,9999.000,9999.000,9999.000
202607071154,   9.097,   9.046,9999.000,9999.000,9999.000,9999.000,9999.000,9999.000,9999.000
202607071200,   9.310,   9.256,   0.000,  -0.054,   9.256,   0.000,   9.256,   0.000,   9.256
202607071206,   9.518,9999.000,9999.000,9999.000,9999.000,9999.000,9999.000,9999.000,9999.000
202607071212,   9.721,9999.000,9999.000,9999.000,9999.000,9999.000,9999.000,9999.000,9999.000
202607071218,   9.916,9999.000,9999.000,9999.000,9999.000,9999.000,9999.000,9999.000,9999.000
202607071224,  10.105,9999.000,9999.000,9999.000,9999.000,9999.000,9999.000,9999.000,9999.000
202607071230,  10.287,9999.000,9999.000,9999.000,9999.000,9999.000,9999.000,9999.000,9999.000
202607071236,  10.461,9999.000,9999.000,9999.000,9999.000,9999.000,9999.000,9999.000,9999.000
202607071242,  10.626,9999.000,9999.000,9999.000,9999.000,9999.000,9999.000,9999.000,9999.000
202607071248,  10.783,9999.000,9999.000,9999.000,9999.000,9999.000,9999.000,9999.000,9999.000
202607071254,  10.930,9999.000,9999.000,9999.000,9999.000,9999.000,9999.000,9999.000,9999.000
202607071300,  11.067,9999.000,   0.000,  -0.030,  11.037,   0.000,  11.037,   0.100,  11.137
202607071306,  11.195,9999.000,9999.000,9999.000,9999.000,9999.000,9999.000,9999.000,9999.000
202607071312,  11.312,9999.000,9999.000,9999.000,9999.000,9999.000,9999.000,9999.000,9999.000
202607071318,  11.418,9999.000,9999.000,9999.000,9999.000,9999.000,9999.000,9999.000,9999.000
202607071324,  11.513,9999.000,9999.000,9999.000,9999.000,9999.000,9999.000,9999.000,9999.000
202607071330,  11.596,9999.000,9999.000,9999.000,9999.000,9999.000,9999.000,9999.000,9999.000
202607071336,  11.668,9999.000,9999.000,9999.000,9999.000,9999.000,9999.000,9999.000,9999.000
202607071342,  11.728,9999.000,9999.000,9999.000,9999.000,9999.000,9999.000,9999.000,9999.000
202607071348,  11.776,9999.000,9999.000,9999.000,9999.000,9999.000,9999.000,9999.000,9999.000
202607071354,  11.812,9999.000,9999.000,9999.000,9999.000,9999.000,9999.000,9999.000,9999.000
202607071400,  11.835,9999.000,   0.000,  -0.007,  11.828,   0.000,  11.828,   0.100,  11.928
202607071406,  11.846,9999.000,9999.000,9999.000,9999.000,9999.000,9999.000,9999.000,9999.000
202607071412,  11.844,9999.000,9999.000,9999.000,9999.000,9999.000,9999.000,9999.000,9999.000
202607071418,  11.829,9999.000,9999.000,9999.000,9999.000,9999.000,9999.000,9999.000,9999.000
202607071424,  11.802,9999.000,9999.000,9999.000,9999.000,9999.000,9999.000,9999.000,9999.000
202607071430,  11.762,9999.000,9999.000,9999.000,9999.000,9999.000,9999.000,9999.000,9999.000
202607071436,  11.710,9999.000,9999.000,9999.000,9999.000,9999.000,9999.000,9999.000,9999.000
202607071442,  11.645,9999.000,9999.000,9999.000,9999.000,9999.000,9999.000,9999.000,9999.000
202607071448,  11.568,9999.000,9999.000,9999.000,9999.000,9999.000,9999.000,9999.000,9999.000
202607071454,  11.479,9999.000,9999.000,9999.000,9999.000,9999.000,9999.000,9999.000,9999.000
202607071500,  11.378,9999.000,   0.000,   0.017,  11.395,   0.000,  11.395,   0.100,  11.495
202607071506,  11.266,9999.000,9999.000,9999.000,9999.000,9999.000,9999.000,9999.000,9999.000
202607071512,  11.141,9999.000,9999.000,9999.000,9999.000,9999.000,9999.000,9999.000,9999.000
202607071518,  11.006,9999.000,9999.000,9999.000,9999.000,9999.000,9999.000,9999.000,9999.000
202607071524,  10.860,9999.000,9999.000,9999.000,9999.000,9999.000,9999.000,9999.000,9999.000
202607071530,  10.704,9999.000,9999.000,9999.000,9999.000,9999.000,9999.000,9999.000,9999.000
202607071536,  10.537,9999.000,9999.000,9999.000,9999.000,9999.000,9999.000,9999.000,9999.000
202607071542,  10.361,9999.000,9999.000,9999.000,9999.000,9999.000,9999.000,9999.000,9999.000
202607071548,  10.176,9999.000,9999.000,9999.000,9999.000,9999.000,9999.000,9999.000,9999.000
202607071554,   9.982,9999.000,9999.000,9999.000,9999.000,9999.000,9999.000,9999.000,9999.000
202607071600,   9.780,9999.000,   0.000,   0.041,   9.821,   0.000,   9.821,   0.100,   9.921
202607071606,   9.570,9999.000,9999.000,9999.000,9999.000,9999.000,9999.000,9999.000,9999.000
202607071612,   9.353,9999.000,9999.000,9999.000,9999.000,9999.000,9999.000,9999.000,9999.000
202607071618,   9.130,9999.000,9999.000,9999.000,9999.000,9999.000,9999.000,9999.000,9999.000
202607071624,   8.901,9999.000,9999.000,9999.000,9999.000,9999.000,9999.000,9999.000,9999.000
202607071630,   8.666,9999.000,9999.000,9999.000,9999.000,9999.000,9999.000,9999.000,9999.000
202607071636,   8.427,9999.000,9999.000,9999.000,9999.000,9999.000,9999.000,9999.000,9999.000
202607071642,   8.184,9999.000,9999.000,9999.000,9999.000,9999.000,9999.000,9999.000,9999.000
202607071648,   7.938,9999.000,9999.000,9999.000,9999.000,9999.000,9999.000,9999.000,9999.000
202607071654,   7.689,9999.000,9999.000,9999.000,9999.000,9999.000,9999.000,9999.000,9999.000
202607071700,   7.437,9999.000,   0.000,   0.064,   7.501,   0.000,   7.501,   0.000,   7.501
202607071706,   7.185,9999.000,9999.000,9999.000,9999.000,9999.000,9999.000,9999.000,9999.000
202607071712,   6.932,9999.000,9999.000,9999.000,9999.000,9999.000,9999.000,9999.000,9999.000
202607071718,   6.679,9999.000,9999.000,9999.000,9999.000,9999.000,9999.000,9999.000,9999.000
202607071724,   6.428,9999.000,9999.000,9999.000,9999.000,9999.000,9999.000,9999.000,9999.000
202607071730,   6.177,9999.000,9999.000,9999.000,9999.000,9999.000,9999.000,9999.000,9999.000
202607071736,   5.929,9999.000,9999.000,9999.000,9999.000,9999.000,9999.000,9999.000,9999.000
202607071742,   5.684,9999.000,9999.000,9999.000,9999.000,9999.000,9999.000,9999.000,9999.000
202607071748,   5.442,9999.000,9999.000,9999.000,9999.000,9999.000,9999.000,9999.000,9999.000
202607071754,   5.205,9999.000,9999.000,9999.000,9999.000,9999.000,9999.000,9999.000,9999.000
202607071800,   4.972,9999.000,   0.000,   0.088,   5.060,   0.000,   5.060,   0.000,   5.060
202607071806,   4.746,9999.000,9999.000,9999.000,9999.000,9999.000,9999.000,9999.000,9999.000
202607071812,   4.525,9999.000,9999.000,9999.000,9999.000,9999.000,9999.000,9999.000,9999.000
202607071818,   4.312,9999.000,9999.000,9999.000,9999.000,9999.000,9999.000,9999.000,9999.000
202607071824,   4.106,9999.000,9999.000,9999.000,9999.000,9999.000,9999.000,9999.000,9999.000
202607071830,   3.908,9999.000,9999.000,9999.000,9999.000,9999.000,9999.000,9999.000,9999.000
202607071836,   3.718,9999.000,9999.000,9999.000,9999.000,9999.000,9999.000,9999.000,9999.000
202607071842,   3.538,9999.000,9999.000,9999.000,9999.000,9999.000,9999.000,9999.000,9999.000
202607071848,   3.367,9999.000,9999.000,9999.000,9999.000,9999.000,9999.000,9999.000,9999.000
202607071854,   3.207,9999.000,9999.000,9999.000,9999.000,9999.000,9999.000,9999.000,9999.000
202607071900,   3.057,9999.000,   0.000,   0.112,   3.169,   0.000,   3.169,   0.000,   3.169
202607071906,   2.918,9999.000,9999.000,9999.000,9999.000,9999.000,9999.000,9999.000,9999.000
202607071912,   2.791,9999.000,9999.000,9999.000,9999.000,9999.000,9999.000,9999.000,9999.000
202607071918,   2.676,9999.000,9999.000,9999.000,9999.000,9999.000,9999.000,9999.000,9999.000
202607071924,   2.572,9999.000,9999.000,9999.000,9999.000,9999.000,9999.000,9999.000,9999.000
202607071930,   2.481,9999.000,9999.000,9999.000,9999.000,9999.000,9999.000,9999.000,9999.000
202607071936,   2.403,9999.000,9999.000,9999.000,9999.000,9999.000,9999.000,9999.000,9999.000
202607071942,   2.338,9999.000,9999.000,9999.000,9999.000,9999.000,9999.000,9999.000,9999.000
202607071948,   2.285,9999.000,9999.000,9999.000,9999.000,9999.000,9999.000,9999.000,9999.000
202607071954,   2.246,9999.000,9999.000,9999.000,9999.000,9999.000,9999.000,9999.000,9999.000
202607072000,   2.221,9999.000,   0.000,   0.136,   2.357,   0.000,   2.357,   0.000,   2.357
202607072006,   2.208,9999.000,9999.000,9999.000,9999.000,9999.000,9999.000,9999.000,9999.000
202607072012,   2.210,9999.000,9999.000,9999.000,9999.000,9999.000,9999.000,9999.000,9999.000
202607072018,   2.225,9999.000,9999.000,9999.000,9999.000,9999.000,9999.000,9999.000,9999.000
202607072024,   2.253,9999.000,9999.000,9999.000,9999.000,9999.000,9999.000,9999.000,9999.000
202607072030,   2.295,9999.000,9999.000,9999.000,9999.000,9999.000,9999.000,9999.000,9999.000
202607072036,   2.350,9999.000,9999.000,9999.000,9999.000,9999.000,9999.000,9999.000,9999.000
202607072042,   2.419,9999.000,9999.000,9999.000,9999.000,9999.000,9999.000,9999.000,9999.000
202607072048,   2.500,9999.000,9999.000,9999.000,9999.000,9999.000,9999.000,9999.000,9999.000
202607072054,   2.594,9999.000,9999.000,9999.000,9999.000,9999.000,9999.000,9999.000,9999.000
202607072100,   2.702,9999.000,   0.000,   0.159,   2.861,   0.000,   2.861,   0.100,   2.961
202607072106,   2.821,9999.000,9999.000,9999.000,9999.000,9999.000,9999.000,9999.000,9999.000
202607072112,   2.952,9999.000,9999.000,9999.000,9999.000,9999.000,9999.000,9999.000,9999.000
202607072118,   3.096,9999.000,9999.000,9999.000,9999.000,9999.000,9999.000,9999.000,9999.000
202607072124,   3.251,9999.000,9999.000,9999.000,9999.000,9999.000,9999.000,9999.000,9999.000
202607072130,   3.416,9999.000,9999.000,9999.000,9999.000,9999.000,9999.000,9999.000,9999.000
202607072136,   3.593,9999.000,9999.000,9999.000,9999.000,9999.000,9999.000,9999.000,9999.000
202607072142,   3.780,9999.000,9999.000,9999.000,9999.000,9999.000,9999.000,9999.000,9999.000
202607072148,   3.976,9999.000,9999.000,9999.000,9999.000,9999.000,9999.000,9999.000,9999.000
202607072154,   4.182,9999.000,9999.000,9999.000,9999.000,9999.000,9999.000,9999.000,9999.000
202607072200,   4.397,9999.000,   0.000,   0.183,   4.580,   0.000,   4.580,   0.100,   4.680
202607072206,   4.620,9999.000,9999.000,9999.000,9999.000,9999.000,9999.000,9999.000,9999.000
202607072212,   4.851,9999.000,9999.000,9999.000,9999.000,9999.000,9999.000,9999.000,9999.000
202607072218,   5.090,9999.000,9999.000,9999.000,9999.000,9999.000,9999.000,9999.000,9999.000
202607072224,   5.335,9999.000,9999.000,9999.000,9999.000,9999.000,9999.000,9999.000,9999.000
202607072230,   5.586,9999.000,9999.000,9999.000,9999.000,9999.000,9999.000,9999.000,9999.000
202607072236,   5.843,9999.000,9999.000,9999.000,9999.000,9999.000,9999.000,9999.000,9999.000
202607072242,   6.105,9999.000,9999.000,9999.000,9999.000,9999.000,9999.000,9999.000,9999.000
202607072248,   6.371,9999.000,9999.000,9999.000,9999.000,9999.000,9999.000,9999.000,9999.000
202607072254,   6.641,9999.000,9999.000,9999.000,9999.000,9999.000,9999.000,9999.000,9999.000
202607072300,   6.915,9999.000,   0.100,   0.207,   7.222,   0.000,   7.122,   0.100,   7.222
202607072306,   7.191,9999.000,9999.000,9999.000,9999.000,9999.000,9999.000,9999.000,9999.000
202607072312,   7.469,9999.000,9999.000,9999.000,9999.000,9999.000,9999.000,9999.000,9999.000
202607072318,   7.748,9999.000,9999.000,9999.000,9999.000,9999.000,9999.000,9999.000,9999.000
202607072324,   8.028,9999.000,9999.000,9999.000,9999.000,9999.000,9999.000,9999.000,9999.000
202607072330,   8.308,9999.000,9999.000,9999.000,9999.000,9999.000,9999.000,9999.000,9999.000
202607072336,   8.588,9999.000,9999.000,9999.000,9999.000,9999.000,9999.000,9999.000,9999.000
202607072342,   8.866,9999.000,9999.000,9999.000,9999.000,9999.000,9999.000,9999.000,9999.000
202607072348,   9.143,9999.000,9999.000,9999.000,9999.000,9999.000,9999.000,9999.000,9999.000
202607072354,   9.417,9999.000,9999.000,9999.000,9999.000,9999.000,9999.000,9999.000,9999.000
202607080000,   9.688,9999.000,   0.100,   0.230,  10.018,   0.100,  10.018,   0.200,  10.118
202607080006,   9.956,9999.000,9999.000,9999.000,9999.000,9999.000,9999.000,9999.000,9999.000
202607080012,  10.220,9999.000,9999.000,9999.000,9999.000,9999.000,9999.000,9999.000,9999.000
202607080018,  10.479,9999.000,9999.000,9999.000,9999.000,9999.000,9999.000,9999.000,9999.000
202607080024,  10.733,9999.000,9999.000,9999.000,9999.000,9999.000,9999.000,9999.000,9999.000
202607080030,  10.981,9999.000,9999.000,9999.000,9999.000,9999.000,9999.000,9999.000,9999.000
202607080036,  11.222,9999.000,9999.000,9999.000,9999.000,9999.000,9999.000,9999.000,9999.000
202607080042,  11.457,9999.000,9999.000,9999.000,9999.000,9999.000,9999.000,9999.000,9999.000
202607080048,  11.684,9999.000,9999.000,9999.000,9999.000,9999.000,9999.000,9999.000,9999.000
202607080054,  11.904,9999.000,9999.000,9999.000,9999.000,9999.000,9999.000,9999.000,9999.000
202607080100,  12.115,9999.000,   0.100,   0.230,  12.445,   0.100,  12.445,   0.200,  12.545
202607080106,  12.317,9999.000,9999.000,9999.000,9999.000,9999.000,9999.000,9999.000,9999.000
202607080112,  12.510,9999.000,9999.000,9999.000,9999.000,9999.000,9999.000,9999.000,9999.000
202607080118,  12.693,9999.000,9999.000,9999.000,9999.000,9999.000,9999.000,9999.000,9999.000
202607080124,  12.866,9999.000,9999.000,9999.000,9999.000,9999.000,9999.000,9999.000,9999.000
202607080130,  13.029,9999.000,9999.000,9999.000,9999.000,9999.000,9999.000,9999.000,9999.000
202607080136,  13.181,9999.000,9999.000,9999.000,9999.000,9999.000,9999.000,9999.000,9999.000
202607080142,  13.321,9999.000,9999.000,9999.000,9999.000,9999.000,9999.000,9999.000,9999.000
202607080148,  13.451,9999.000,9999.000,9999.000,9999.000,9999.000,9999.000,9999.000,9999.000
202607080154,  13.568,9999.000,9999.000,9999.000,9999.000,9999.000,9999.000,9999.000,9999.000
202607080200,  13.673,9999.000,   0.100,   0.230,  14.003,   0.100,  14.003,   0.200,  14.103
202607080206,  13.766,9999.000,9999.000,9999.000,9999.000,9999.000,9999.000,9999.000,9999.000
202607080212,  13.847,9999.000,9999.000,9999.000,9999.000,9999.000,9999.000,9999.000,9999.000
202607080218,  13.915,9999.000,9999.000,9999.000,9999.000,9999.000,9999.000,9999.000,9999.000
202607080224,  13.970,9999.000,9999.000,9999.000,9999.000,9999.000,9999.000,9999.000,9999.000
202607080230,  14.012,9999.000,9999.000,9999.000,9999.000,9999.000,9999.000,9999.000,9999.000
202607080236,  14.041,9999.000,9999.000,9999.000,9999.000,9999.000,9999.000,9999.000,9999.000
202607080242,  14.057,9999.000,9999.000,9999.000,9999.000,9999.000,9999.000,9999.000,9999.000
202607080248,  14.060,9999.000,9999.000,9999.000,9999.000,9999.000,9999.000,9999.000,9999.000
202607080254,  14.049,9999.000,9999.000,9999.000,9999.000,9999.000,9999.000,9999.000,9999.000
202607080300,  14.026,9999.000,   0.100,   0.230,  14.356,   0.100,  14.356,   0.200,  14.456
202607080306,  13.989,9999.000,9999.000,9999.000,9999.000,9999.000,9999.000,9999.000,9999.000
202607080312,  13.939,9999.000,9999.000,9999.000,9999.000,9999.000,9999.000,9999.000,9999.000
202607080318,  13.876,9999.000,9999.000,9999.000,9999.000,9999.000,9999.000,9999.000,9999.000
202607080324,  13.800,9999.000,9999.000,9999.000,9999.000,9999.000,9999.000,9999.000,9999.000
202607080330,  13.712,9999.000,9999.000,9999.000,9999.000,9999.000,9999.000,9999.000,9999.000
202607080336,  13.611,9999.000,9999.000,9999.000,9999.000,9999.000,9999.000,9999.000,9999.000
202607080342,  13.497,9999.000,9999.000,9999.000,9999.000,9999.000,9999.000,9999.000,9999.000
202607080348,  13.372,9999.000,9999.000,9999.000,9999.000,9999.000,9999.000,9999.000,9999.000
202607080354,  13.235,9999.000,9999.000,9999.000,9999.000,9999.000,9999.000,9999.000,9999.000
202607080400,  13.086,9999.000,   0.100,   0.230,  13.416,   0.000,  13.316,   0.100,  13.416
202607080406,  12.926,9999.000,9999.000,9999.000,9999.000,9999.000,9999.000,9999.000,9999.000
202607080412,  12.755,9999.000,9999.000,9999.000,9999.000,9999.000,9999.000,9999.000,9999.000
202607080418,  12.574,9999.000,9999.000,9999.000,9999.000,9999.000,9999.000,9999.000,9999.000
202607080424,  12.383,9999.000,9999.000,9999.000,9999.000,9999.000,9999.000,9999.000,9999.000
202607080430,  12.183,9999.000,9999.000,9999.000,9999.000,9999.000,9999.000,9999.000,9999.000
202607080436,  11.973,9999.000,9999.000,9999.000,9999.000,9999.000,9999.000,9999.000,9999.000
202607080442,  11.754,9999.000,9999.000,9999.000,9999.000,9999.000,9999.000,9999.000,9999.000
202607080448,  11.528,9999.000,9999.000,9999.000,9999.000,9999.000,9999.000,9999.000,9999.000
202607080454,  11.294,9999.000,9999.000,9999.000,9999.000,9999.000,9999.000,9999.000,9999.000
202607080500,  11.053,9999.000,   0.000,   0.230,  11.283,   0.000,  11.283,   0.100,  11.383
202607080506,  10.805,9999.000,9999.000,9999.000,9999.000,9999.000,9999.000,9999.000,9999.000
202607080512,  10.552,9999.000,9999.000,9999.000,9999.000,9999.000,9999.000,9999.000,9999.000
202607080518,  10.293,9999.000,9999.000,9999.000,9999.000,9999.000,9999.000,9999.000,9999.000
202607080524,  10.029,9999.000,9999.000,9999.000,9999.000,9999.000,9999.000,9999.000,9999.000
202607080530,   9.762,9999.000,9999.000,9999.000,9999.000,9999.000,9999.000,9999.000,9999.000
202607080536,   9.491,9999.000,9999.000,9999.000,9999.000,9999.000,9999.000,9999.000,9999.000
202607080542,   9.217,9999.000,9999.000,9999.000,9999.000,9999.000,9999.000,9999.000,9999.000
202607080548,   8.941,9999.000,9999.000,9999.000,9999.000,9999.000,9999.000,9999.000,9999.000
202607080554,   8.664,9999.000,9999.000,9999.000,9999.000,9999.000,9999.000,9999.000,9999.000
202607080600,   8.386,9999.000,   0.000,   0.230,   8.616,   0.000,   8.616,   0.000,   8.616
202607080606,   8.107,9999.000,9999.000,9999.000,9999.000,9999.000,9999.000,9999.000,9999.000
202607080612,   7.829,9999.000,9999.000,9999.000,9999.000,9999.000,9999.000,9999.000,9999.000
202607080618,   7.553,9999.000,9999.000,9999.000,9999.000,9999.000,9999.000,9999.000,9999.000
202607080624,   7.278,9999.000,9999.000,9999.000,9999.000,9999.000,9999.000,9999.000,9999.000
202607080630,   7.005,9999.000,9999.000,9999.000,9999.000,9999.000,9999.000,9999.000,9999.000
202607080636,   6.736,9999.000,9999.000,9999.000,9999.000,9999.000,9999.000,9999.000,9999.000
202607080642,   6.471,9999.000,9999.000,9999.000,9999.000,9999.000,9999.000,9999.000,9999.000
202607080648,   6.210,9999.000,9999.000,9999.000,9999.000,9999.000,9999.000,9999.000,9999.000
202607080654,   5.954,9999.000,9999.000,9999.000,9999.000,9999.000,9999.000,9999.000,9999.000
202607080700,   5.703,9999.000,   0.000,   0.230,   5.933,  -0.100,   5.833,   0.000,   5.933
202607080706,   5.459,9999.000,9999.000,9999.000,9999.000,9999.000,9999.000,9999.000,9999.000
202607080712,   5.222,9999.000,9999.000,9999.000,9999.000,9999.000,9999.000,9999.000,9999.000
202607080718,   4.992,9999.000,9999.000,9999.000,9999.000,9999.000,9999.000,9999.000,9999.000
202607080724,   4.769,9999.000,9999.000,9999.000,9999.000,9999.000,9999.000,9999.000,9999.000
202607080730,   4.556,9999.000,9999.000,9999.000,9999.000,9999.000,9999.000,9999.000,9999.000
202607080736,   4.351,9999.000,9999.000,9999.000,9999.000,9999.000,9999.000,9999.000,9999.000
202607080742,   4.155,9999.000,9999.000,9999.000,9999.000,9999.000,9999.000,9999.000,9999.000
202607080748,   3.969,9999.000,9999.000,9999.000,9999.000,9999.000,9999.000,9999.000,9999.000
202607080754,   3.793,9999.000,9999.000,9999.000,9999.000,9999.000,9999.000,9999.000,9999.000
202607080800,   3.628,9999.000,  -0.100,   0.230,   3.758,  -0.100,   3.758,   0.000,   3.858
202607080806,   3.474,9999.000,9999.000,9999.000,9999.000,9999.000,9999.000,9999.000,9999.000
202607080812,   3.331,9999.000,9999.000,9999.000,9999.000,9999.000,9999.000,9999.000,9999.000
202607080818,   3.200,9999.000,9999.000,9999.000,9999.000,9999.000,9999.000,9999.000,9999.000
202607080824,   3.080,9999.000,9999.000,9999.000,9999.000,9999.000,9999.000,9999.000,9999.000
202607080830,   2.972,9999.000,9999.000,9999.000,9999.000,9999.000,9999.000,9999.000,9999.000
202607080836,   2.877,9999.000,9999.000,9999.000,9999.000,9999.000,9999.000,9999.000,9999.000
202607080842,   2.794,9999.000,9999.000,9999.000,9999.000,9999.000,9999.000,9999.000,9999.000
202607080848,   2.723,9999.000,9999.000,9999.000,9999.000,9999.000,9999.000,9999.000,9999.000
202607080854,   2.666,9999.000,9999.000,9999.000,9999.000,9999.000,9999.000,9999.000,9999.000
202607080900,   2.620,9999.000,  -0.100,   0.230,   2.750,  -0.100,   2.750,   0.000,   2.850
202607080906,   2.588,9999.000,9999.000,9999.000,9999.000,9999.000,9999.000,9999.000,9999.000
202607080912,   2.568,9999.000,9999.000,9999.000,9999.000,9999.000,9999.000,9999.000,9999.000
202607080918,   2.561,9999.000,9999.000,9999.000,9999.000,9999.000,9999.000,9999.000,9999.000
202607080924,   2.566,9999.000,9999.000,9999.000,9999.000,9999.000,9999.000,9999.000,9999.000
202607080930,   2.584,9999.000,9999.000,9999.000,9999.000,9999.000,9999.000,9999.000,9999.000
202607080936,   2.614,9999.000,9999.000,9999.000,9999.000,9999.000,9999.000,9999.000,9999.000
202607080942,   2.657,9999.000,9999.000,9999.000,9999.000,9999.000,9999.000,9999.000,9999.000
202607080948,   2.711,9999.000,9999.000,9999.000,9999.000,9999.000,9999.000,9999.000,9999.000
202607080954,   2.778,9999.000,9999.000,9999.000,9999.000,9999.000,9999.000,9999.000,9999.000
202607081000,   2.856,9999.000,  -0.100,   0.230,   2.986,  -0.100,   2.986,   0.000,   3.086
202607081006,   2.945,9999.000,9999.000,9999.000,9999.000,9999.000,9999.000,9999.000,9999.000
202607081012,   3.045,9999.000,9999.000,9999.000,9999.000,9999.000,9999.000,9999.000,9999.000
202607081018,   3.155,9999.000,9999.000,9999.000,9999.000,9999.000,9999.000,9999.000,9999.000
202607081024,   3.276,9999.000,9999.000,9999.000,9999.000,9999.000,9999.000,9999.000,9999.000
202607081030,   3.407,9999.000,9999.000,9999.000,9999.000,9999.000,9999.000,9999.000,9999.000
202607081036,   3.547,9999.000,9999.000,9999.000,9999.000,9999.000,9999.000,9999.000,9999.000
202607081042,   3.696,9999.000,9999.000,9999.000,9999.000,9999.000,9999.000,9999.000,9999.000
202607081048,   3.854,9999.000,9999.000,9999.000,9999.000,9999.000,9999.000,9999.000,9999.000
202607081054,   4.020,9999.000,9999.000,9999.000,9999.000,9999.000,9999.000,9999.000,9999.000
202607081100,   4.193,9999.000,   0.000,   0.230,   4.423,  -0.100,   4.323,   0.000,   4.423
202607081106,   4.374,9999.000,9999.000,9999.000,9999.000,9999.000,9999.000,9999.000,9999.000
202607081112,   4.561,9999.000,9999.000,9999.000,9999.000,9999.000,9999.000,9999.000,9999.000
202607081118,   4.754,9999.000,9999.000,9999.000,9999.000,9999.000,9999.000,9999.000,9999.000
202607081124,   4.952,9999.000,9999.000,9999.000,9999.000,9999.000,9999.000,9999.000,9999.000
202607081130,   5.156,9999.000,9999.000,9999.000,9999.000,9999.000,9999.000,9999.000,9999.000
202607081136,   5.364,9999.000,9999.000,9999.000,9999.000,9999.000,9999.000,9999.000,9999.000
202607081142,   5.575,9999.000,9999.000,9999.000,9999.000,9999.000,9999.000,9999.000,9999.000
202607081148,   5.790,9999.000,9999.000,9999.000,9999.000,9999.000,9999.000,9999.000,9999.000
202607081154,   6.008,9999.000,9999.000,9999.000,9999.000,9999.000,9999.000,9999.000,9999.000
202607081200,   6.227,9999.000,   0.000,   0.230,   6.457,   0.000,   6.457,   0.000,   6.457
202607081206,   6.448,9999.000,9999.000,9999.000,9999.000,9999.000,9999.000,9999.000,9999.000
202607081212,   6.670,9999.000,9999.000,9999.000,9999.000,9999.000,9999.000,9999.000,9999.000
202607081218,   6.892,9999.000,9999.000,9999.000,9999.000,9999.000,9999.000,9999.000,9999.000
202607081224,   7.113,9999.000,9999.000,9999.000,9999.000,9999.000,9999.000,9999.000,9999.000
202607081230,   7.334,9999.000,9999.000,9999.000,9999.000,9999.000,9999.000,9999.000,9999.000
202607081236,   7.553,9999.000,9999.000,9999.000,9999.000,9999.000,9999.000,9999.000,9999.000
202607081242,   7.770,9999.000,9999.000,9999.000,9999.000,9999.000,9999.000,9999.000,9999.000
202607081248,   7.984,9999.000,9999.000,9999.000,9999.000,9999.000,9999.000,9999.000,9999.000
202607081254,   8.195,9999.000,9999.000,9999.000,9999.000,9999.000,9999.000,9999.000,9999.000
202607081300,   8.402,9999.000,   0.000,   0.230,   8.632,   0.000,   8.632,   0.000,   8.632
202607081306,   8.605,9999.000,9999.000,9999.000,9999.000,9999.000,9999.000,9999.000,9999.000
202607081312,   8.803,9999.000,9999.000,9999.000,9999.000,9999.000,9999.000,9999.000,9999.000
202607081318,   8.995,9999.000,9999.000,9999.000,9999.000,9999.000,9999.000,9999.000,9999.000
202607081324,   9.181,9999.000,9999.000,9999.000,9999.000,9999.000,9999.000,9999.000,9999.000
202607081330,   9.361,9999.000,9999.000,9999.000,9999.000,9999.000,9999.000,9999.000,9999.000
202607081336,   9.534,9999.000,9999.000,9999.000,9999.000,9999.000,9999.000,9999.000,9999.000
202607081342,   9.700,9999.000,9999.000,9999.000,9999.000,9999.000,9999.000,9999.000,9999.000
202607081348,   9.858,9999.000,9999.000,9999.000,9999.000,9999.000,9999.000,9999.000,9999.000
202607081354,  10.008,9999.000,9999.000,9999.000,9999.000,9999.000,9999.000,9999.000,9999.000
202607081400,  10.149,9999.000,   0.000,   0.230,  10.379,   0.000,  10.379,   0.000,  10.379
202607081406,  10.281,9999.000,9999.000,9999.000,9999.000,9999.000,9999.000,9999.000,9999.000
202607081412,  10.404,9999.000,9999.000,9999.000,9999.000,9999.000,9999.000,9999.000,9999.000
202607081418,  10.518,9999.000,9999.000,9999.000,9999.000,9999.000,9999.000,9999.000,9999.000
202607081424,  10.621,9999.000,9999.000,9999.000,9999.000,9999.000,9999.000,9999.000,9999.000
202607081430,  10.714,9999.000,9999.000,9999.000,9999.000,9999.000,9999.000,9999.000,9999.000
202607081436,  10.797,9999.000,9999.000,9999.000,9999.000,9999.000,9999.000,9999.000,9999.000
202607081442,  10.869,9999.000,9999.000,9999.000,9999.000,9999.000,9999.000,9999.000,9999.000
202607081448,  10.930,9999.000,9999.000,9999.000,9999.000,9999.000,9999.000,9999.000,9999.000
202607081454,  10.981,9999.000,9999.000,9999.000,9999.000,9999.000,9999.000,9999.000,9999.000
202607081500,  11.020,9999.000,   0.000,   0.230,  11.250,  -0.100,  11.150,   0.000,  11.250
202607081506,  11.048,9999.000,9999.000,9999.000,9999.000,9999.000,9999.000,9999.000,9999.000
202607081512,  11.065,9999.000,9999.000,9999.000,9999.000,9999.000,9999.000,9999.000,9999.000
202607081518,  11.070,9999.000,9999.000,9999.000,9999.000,9999.000,9999.000,9999.000,9999.000
202607081524,  11.064,9999.000,9999.000,9999.000,9999.000,9999.000,9999.000,9999.000,9999.000
202607081530,  11.047,9999.000,9999.000,9999.000,9999.000,9999.000,9999.000,9999.000,9999.000
202607081536,  11.019,9999.000,9999.000,9999.000,9999.000,9999.000,9999.000,9999.000,9999.000
202607081542,  10.979,9999.000,9999.000,9999.000,9999.000,9999.000,9999.000,9999.000,9999.000
202607081548,  10.928,9999.000,9999.000,9999.000,9999.000,9999.000,9999.000,9999.000,9999.000
202607081554,  10.867,9999.000,9999.000,9999.000,9999.000,9999.000,9999.000,9999.000,9999.000
202607081600,  10.794,9999.000,   0.000,   0.230,  11.024,  -0.100,  10.924,   0.000,  11.024
202607081606,  10.711,9999.000,9999.000,9999.000,9999.000,9999.000,9999.000,9999.000,9999.000
202607081612,  10.618,9999.000,9999.000,9999.000,9999.000,9999.000,9999.000,9999.000,9999.000
202607081618,  10.515,9999.000,9999.000,9999.000,9999.000,9999.000,9999.000,9999.000,9999.000
202607081624,  10.402,9999.000,9999.000,9999.000,9999.000,9999.000,9999.000,9999.000,9999.000
202607081630,  10.280,9999.000,9999.000,9999.000,9999.000,9999.000,9999.000,9999.000,9999.000
202607081636,  10.148,9999.000,9999.000,9999.000,9999.000,9999.000,9999.000,9999.000,9999.000
202607081642,  10.008,9999.000,9999.000,9999.000,9999.000,9999.000,9999.000,9999.000,9999.000
202607081648,   9.860,9999.000,9999.000,9999.000,9999.000,9999.000,9999.000,9999.000,9999.000
202607081654,   9.703,9999.000,9999.000,9999.000,9999.000,9999.000,9999.000,9999.000,9999.000
202607081700,   9.540,9999.000,   0.000,   0.230,   9.770,  -0.100,   9.670,   0.000,   9.770
202607081706,   9.369,9999.000,9999.000,9999.000,9999.000,9999.000,9999.000,9999.000,9999.000
202607081712,   9.192,9999.000,9999.000,9999.000,9999.000,9999.000,9999.000,9999.000,9999.000
202607081718,   9.009,9999.000,9999.000,9999.000,9999.000,9999.000,9999.000,9999.000,9999.000
202607081724,   8.820,9999.000,9999.000,9999.000,9999.000,9999.000,9999.000,9999.000,9999.000
202607081730,   8.627,9999.000,9999.000,9999.000,9999.000,9999.000,9999.000,9999.000,9999.000
202607081736,   8.430,9999.000,9999.000,9999.000,9999.000,9999.000,9999.000,9999.000,9999.000
202607081742,   8.228,9999.000,9999.000,9999.000,9999.000,9999.000,9999.000,9999.000,9999.000
202607081748,   8.024,9999.000,9999.000,9999.000,9999.000,9999.000,9999.000,9999.000,9999.000
202607081754,   7.817,9999.000,9999.000,9999.000,9999.000,9999.000,9999.000,9999.000,9999.000
202607081800,   7.608,9999.000,  -0.100,   0.230,   7.738,  -0.100,   7.738,   0.000,   7.838
202607081806,   7.398,9999.000,9999.000,9999.000,9999.000,9999.000,9999.000,9999.000,9999.000
202607081812,   7.187,9999.000,9999.000,9999.000,9999.000,9999.000,9999.000,9999.000,9999.000
202607081818,   6.976,9999.000,9999.000,9999.000,9999.000,9999.000,9999.000,9999.000,9999.000
202607081824,   6.766,9999.000,9999.000,9999.000,9999.000,9999.000,9999.000,9999.000,9999.000
202607081830,   6.557,9999.000,9999.000,9999.000,9999.000,9999.000,9999.000,9999.000,9999.000
202607081836,   6.349,9999.000,9999.000,9999.000,9999.000,9999.000,9999.000,9999.000,9999.000
202607081842,   6.144,9999.000,9999.000,9999.000,9999.000,9999.000,9999.000,9999.000,9999.000
202607081848,   5.943,9999.000,9999.000,9999.000,9999.000,9999.000,9999.000,9999.000,9999.000
202607081854,   5.744,9999.000,9999.000,9999.000,9999.000,9999.000,9999.000,9999.000,9999.000
202607081900,   5.551,9999.000,  -0.100,   0.230,   5.681,  -0.100,   5.681,   0.000,   5.781
202607081906,   5.362,9999.000,9999.000,9999.000,9999.000,9999.000,9999.000,9999.000,9999.000
202607081912,   5.178,9999.000,9999.000,9999.000,9999.000,9999.000,9999.000,9999.000,9999.000
202607081918,   5.000,9999.000,9999.000,9999.000,9999.000,9999.000,9999.000,9999.000,9999.000
202607081924,   4.829,9999.000,9999.000,9999.000,9999.000,9999.000,9999.000,9999.000,9999.000
202607081930,   4.665,9999.000,9999.000,9999.000,9999.000,9999.000,9999.000,9999.000,9999.000
202607081936,   4.509,9999.000,9999.000,9999.000,9999.000,9999.000,9999.000,9999.000,9999.000
202607081942,   4.361,9999.000,9999.000,9999.000,9999.000,9999.000,9999.000,9999.000,9999.000
202607081948,   4.221,9999.000,9999.000,9999.000,9999.000,9999.000,9999.000,9999.000,9999.000
202607081954,   4.090,9999.000,9999.000,9999.000,9999.000,9999.000,9999.000,9999.000,9999.000
202607082000,   3.969,9999.000,  -0.100,   0.230,   4.099,  -0.200,   3.999,   0.000,   4.199
202607082006,   3.857,9999.000,9999.000,9999.000,9999.000,9999.000,9999.000,9999.000,9999.000
202607082012,   3.755,9999.000,9999.000,9999.000,9999.000,9999.000,9999.000,9999.000,9999.000
202607082018,   3.664,9999.000,9999.000,9999.000,9999.000,9999.000,9999.000,9999.000,9999.000
202607082024,   3.584,9999.000,9999.000,9999.000,9999.000,9999.000,9999.000,9999.000,9999.000
202607082030,   3.514,9999.000,9999.000,9999.000,9999.000,9999.000,9999.000,9999.000,9999.000
202607082036,   3.456,9999.000,9999.000,9999.000,9999.000,9999.000,9999.000,9999.000,9999.000
202607082042,   3.410,9999.000,9999.000,9999.000,9999.000,9999.000,9999.000,9999.000,9999.000
202607082048,   3.375,9999.000,9999.000,9999.000,9999.000,9999.000,9999.000,9999.000,9999.000
202607082054,   3.352,9999.000,9999.000,9999.000,9999.000,9999.000,9999.000,9999.000,9999.000
202607082100,   3.341,9999.000,  -0.100,   0.230,   3.471,  -0.200,   3.371,   0.000,   3.571
202607082106,   3.341,9999.000,9999.000,9999.000,9999.000,9999.000,9999.000,9999.000,9999.000
202607082112,   3.354,9999.000,9999.000,9999.000,9999.000,9999.000,9999.000,9999.000,9999.000
202607082118,   3.379,9999.000,9999.000,9999.000,9999.000,9999.000,9999.000,9999.000,9999.000
202607082124,   3.416,9999.000,9999.000,9999.000,9999.000,9999.000,9999.000,9999.000,9999.000
202607082130,   3.466,9999.000,9999.000,9999.000,9999.000,9999.000,9999.000,9999.000,9999.000
202607082136,   3.527,9999.000,9999.000,9999.000,9999.000,9999.000,9999.000,9999.000,9999.000
202607082142,   3.600,9999.000,9999.000,9999.000,9999.000,9999.000,9999.000,9999.000,9999.000
202607082148,   3.684,9999.000,9999.000,9999.000,9999.000,9999.000,9999.000,9999.000,9999.000
202607082154,   3.780,9999.000,9999.000,9999.000,9999.000,9999.000,9999.000,9999.000,9999.000
202607082200,   3.888,9999.000,  -0.100,   0.230,   4.018,  -0.200,   3.918,   0.000,   4.118
202607082206,   4.007,9999.000,9999.000,9999.000,9999.000,9999.000,9999.000,9999.000,9999.000
202607082212,   4.136,9999.000,9999.000,9999.000,9999.000,9999.000,9999.000,9999.000,9999.000
202607082218,   4.276,9999.000,9999.000,9999.000,9999.000,9999.000,9999.000,9999.000,9999.000
202607082224,   4.426,9999.000,9999.000,9999.000,9999.000,9999.000,9999.000,9999.000,9999.000
202607082230,   4.587,9999.000,9999.000,9999.000,9999.000,9999.000,9999.000,9999.000,9999.000
202607082236,   4.756,9999.000,9999.000,9999.000,9999.000,9999.000,9999.000,9999.000,9999.000
202607082242,   4.935,9999.000,9999.000,9999.000,9999.000,9999.000,9999.000,9999.000,9999.000
202607082248,   5.123,9999.000,9999.000,9999.000,9999.000,9999.000,9999.000,9999.000,9999.000
202607082254,   5.319,9999.000,9999.000,9999.000,9999.000,9999.000,9999.000,9999.000,9999.000
202607082300,   5.523,9999.000,  -0.100,   0.230,   5.653,  -0.100,   5.653,   0.000,   5.753
202607082306,   5.735,9999.000,9999.000,9999.000,9999.000,9999.000,9999.000,9999.000,9999.000
202607082312,   5.953,9999.000,9999.000,9999.000,9999.000,9999.000,9999.000,9999.000,9999.000
202607082318,   6.178,9999.000,9999.000,9999.000,9999.000,9999.000,9999.000,9999.000,9999.000
202607082324,   6.409,9999.000,9999.000,9999.000,9999.000,9999.000,9999.000,9999.000,9999.000
202607082330,   6.645,9999.000,9999.000,9999.000,9999.000,9999.000,9999.000,9999.000,9999.000
202607082336,   6.887,9999.000,9999.000,9999.000,9999.000,9999.000,9999.000,9999.000,9999.000
202607082342,   7.132,9999.000,9999.000,9999.000,9999.000,9999.000,9999.000,9999.000,9999.000
202607082348,   7.382,9999.000,9999.000,9999.000,9999.000,9999.000,9999.000,9999.000,9999.000
202607082354,   7.634,9999.000,9999.000,9999.000,9999.000,9999.000,9999.000,9999.000,9999.000
202607090000,   7.890,9999.000,   0.000,   0.230,   8.120,  -0.100,   8.020,   0.000,   8.120
202607090006,   8.147,9999.000,9999.000,9999.000,9999.000,9999.000,9999.000,9999.000,9999.000
202607090012,   8.406,9999.000,9999.000,9999.000,9999.000,9999.000,9999.000,9999.000,9999.000
202607090018,   8.667,9999.000,9999.000,9999.000,9999.000,9999.000,9999.000,9999.000,9999.000
202607090024,   8.927,9999.000,9999.000,9999.000,9999.000,9999.000,9999.000,9999.000,9999.000
202607090030,   9.187,9999.000,9999.000,9999.000,9999.000,9999.000,9999.000,9999.000,9999.000
202607090036,   9.447,9999.000,9999.000,9999.000,9999.000,9999.000,9999.000,9999.000,9999.000
202607090042,   9.705,9999.000,9999.000,9999.000,9999.000,9999.000,9999.000,9999.000,9999.000
202607090048,   9.961,9999.000,9999.000,9999.000,9999.000,9999.000,9999.000,9999.000,9999.000
202607090054,  10.215,9999.000,9999.000,9999.000,9999.000,9999.000,9999.000,9999.000,9999.000
202607090100,  10.466,9999.000,   0.000,   0.230,  10.696,  -0.100,  10.596,   0.000,  10.696
202607090106,  10.713,9999.000,9999.000,9999.000,9999.000,9999.000,9999.000,9999.000,9999.000
202607090112,  10.956,9999.000,9999.000,9999.000,9999.000,9999.000,9999.000,9999.000,9999.000
202607090118,  11.194,9999.000,9999.000,9999.000,9999.000,9999.000,9999.000,9999.000,9999.000
202607090124,  11.427,9999.000,9999.000,9999.000,9999.000,9999.000,9999.000,9999.000,9999.000
202607090130,  11.655,9999.000,9999.000,9999.000,9999.000,9999.000,9999.000,9999.000,9999.000
202607090136,  11.876,9999.000,9999.000,9999.000,9999.000,9999.000,9999.000,9999.000,9999.000
202607090142,  12.090,9999.000,9999.000,9999.000,9999.000,9999.000,9999.000,9999.000,9999.000
202607090148,  12.297,9999.000,9999.000,9999.000,9999.000,9999.000,9999.000,9999.000,9999.000
202607090154,  12.497,9999.000,9999.000,9999.000,9999.000,9999.000,9999.000,9999.000,9999.000
202607090200,  12.689,9999.000,   0.000,   0.230,  12.919,  -0.100,  12.819,   0.000,  12.919
202607090206,  12.872,9999.000,9999.000,9999.000,9999.000,9999.000,9999.000,9999.000,9999.000
202607090212,  13.046,9999.000,9999.000,9999.000,9999.000,9999.000,9999.000,9999.000,9999.000
202607090218,  13.210,9999.000,9999.000,9999.000,9999.000,9999.000,9999.000,9999.000,9999.000
202607090224,  13.365,9999.000,9999.000,9999.000,9999.000,9999.000,9999.000,9999.000,9999.000
202607090230,  13.510,9999.000,9999.000,9999.000,9999.000,9999.000,9999.000,9999.000,9999.000
202607090236,  13.644,9999.000,9999.000,9999.000,9999.000,9999.000,9999.000,9999.000,9999.000
202607090242,  13.768,9999.000,9999.000,9999.000,9999.000,9999.000,9999.000,9999.000,9999.000
202607090248,  13.880,9999.000,9999.000,9999.000,9999.000,9999.000,9999.000,9999.000,9999.000
202607090254,  13.982,9999.000,9999.000,9999.000,9999.000,9999.000,9999.000,9999.000,9999.000
202607090300,  14.071,9999.000,  -0.100,   0.230,  14.201,  -0.200,  14.101,   0.000,  14.301
202607090306,  14.149,9999.000,9999.000,9999.000,9999.000,9999.000,9999.000,9999.000,9999.000
202607090312,  14.215,9999.000,9999.000,9999.000,9999.000,9999.000,9999.000,9999.000,9999.000
202607090318,  14.268,9999.000,9999.000,9999.000,9999.000,9999.000,9999.000,9999.000,9999.000
202607090324,  14.309,9999.000,9999.000,9999.000,9999.000,9999.000,9999.000,9999.000,9999.000
202607090330,  14.338,9999.000,9999.000,9999.000,9999.000,9999.000,9999.000,9999.000,9999.000
202607090336,  14.354,9999.000,9999.000,9999.000,9999.000,9999.000,9999.000,9999.000,9999.000
202607090342,  14.357,9999.000,9999.000,9999.000,9999.000,9999.000,9999.000,9999.000,9999.000
202607090348,  14.348,9999.000,9999.000,9999.000,9999.000,9999.000,9999.000,9999.000,9999.000
202607090354,  14.325,9999.000,9999.000,9999.000,9999.000,9999.000,9999.000,9999.000,9999.000
202607090400,  14.290,9999.000,  -0.100,   0.230,  14.420,  -0.200,  14.320,  -0.100,  14.420
202607090406,  14.242,9999.000,9999.000,9999.000,9999.000,9999.000,9999.000,9999.000,9999.000
202607090412,  14.182,9999.000,9999.000,9999.000,9999.000,9999.000,9999.000,9999.000,9999.000
202607090418,  14.108,9999.000,9999.000,9999.000,9999.000,9999.000,9999.000,9999.000,9999.000
202607090424,  14.023,9999.000,9999.000,9999.000,9999.000,9999.000,9999.000,9999.000,9999.000
202607090430,  13.924,9999.000,9999.000,9999.000,9999.000,9999.000,9999.000,9999.000,9999.000
202607090436,  13.814,9999.000,9999.000,9999.000,9999.000,9999.000,9999.000,9999.000,9999.000
202607090442,  13.691,9999.000,9999.000,9999.000,9999.000,9999.000,9999.000,9999.000,9999.000
202607090448,  13.557,9999.000,9999.000,9999.000,9999.000,9999.000,9999.000,9999.000,9999.000
202607090454,  13.411,9999.000,9999.000,9999.000,9999.000,9999.000,9999.000,9999.000,9999.000
202607090500,  13.254,9999.000,  -0.200,   0.230,  13.284,  -0.200,  13.284,  -0.100,  13.384
202607090506,  13.085,9999.000,9999.000,9999.000,9999.000,9999.000,9999.000,9999.000,9999.000
202607090512,  12.906,9999.000,9999.000,9999.000,9999.000,9999.000,9999.000,9999.000,9999.000
202607090518,  12.717,9999.000,9999.000,9999.000,9999.000,9999.000,9999.000,9999.000,9999.000
202607090524,  12.518,9999.000,9999.000,9999.000,9999.000,9999.000,9999.000,9999.000,9999.000
202607090530,  12.308,9999.000,9999.000,9999.000,9999.000,9999.000,9999.000,9999.000,9999.000
202607090536,  12.090,9999.000,9999.000,9999.000,9999.000,9999.000,9999.000,9999.000,9999.000
202607090542,  11.863,9999.000,9999.000,9999.000,9999.000,9999.000,9999.000,9999.000,9999.000
202607090548,  11.628,9999.000,9999.000,9999.000,9999.000,9999.000,9999.000,9999.000,9999.000
202607090554,  11.385,9999.000,9999.000,9999.000,9999.000,9999.000,9999.000,9999.000,9999.000
202607090600,  11.135,9999.000,  -0.200,   0.230,  11.165,  -0.300,  11.065,  -0.100,  11.265
202607090606,  10.878,9999.000,9999.000,9999.000,9999.000,9999.000,9999.000,9999.000,9999.000
202607090612,  10.615,9999.000,9999.000,9999.000,9999.000,9999.000,9999.000,9999.000,9999.000
202607090618,  10.346,9999.000,9999.000,9999.000,9999.000,9999.000,9999.000,9999.000,9999.000
202607090624,  10.072,9999.000,9999.000,9999.000,9999.000,9999.000,9999.000,9999.000,9999.000
202607090630,   9.794,9999.000,9999.000,9999.000,9999.000,9999.000,9999.000,9999.000,9999.000
202607090636,   9.511,9999.000,9999.000,9999.000,9999.000,9999.000,9999.000,9999.000,9999.000
202607090642,   9.226,9999.000,9999.000,9999.000,9999.000,9999.000,9999.000,9999.000,9999.000
202607090648,   8.938,9999.000,9999.000,9999.000,9999.000,9999.000,9999.000,9999.000,9999.000
202607090654,   8.648,9999.000,9999.000,9999.000,9999.000,9999.000,9999.000,9999.000,9999.000
202607090700,   8.356,9999.000,  -0.200,   0.230,   8.386,  -0.300,   8.286,  -0.200,   8.386
202607090706,   8.064,9999.000,9999.000,9999.000,9999.000,9999.000,9999.000,9999.000,9999.000
202607090712,   7.772,9999.000,9999.000,9999.000,9999.000,9999.000,9999.000,9999.000,9999.000
202607090718,   7.480,9999.000,9999.000,9999.000,9999.000,9999.000,9999.000,9999.000,9999.000
202607090724,   7.189,9999.000,9999.000,9999.000,9999.000,9999.000,9999.000,9999.000,9999.000
202607090730,   6.901,9999.000,9999.000,9999.000,9999.000,9999.000,9999.000,9999.000,9999.000
202607090736,   6.615,9999.000,9999.000,9999.000,9999.000,9999.000,9999.000,9999.000,9999.000
202607090742,   6.332,9999.000,9999.000,9999.000,9999.000,9999.000,9999.000,9999.000,9999.000
202607090748,   6.052,9999.000,9999.000,9999.000,9999.000,9999.000,9999.000,9999.000,9999.000
202607090754,   5.778,9999.000,9999.000,9999.000,9999.000,9999.000,9999.000,9999.000,9999.000
202607090800,   5.508,9999.000,  -0.200,   0.230,   5.538,  -0.300,   5.438,  -0.100,   5.638
202607090806,   5.244,9999.000,9999.000,9999.000,9999.000,9999.000,9999.000,9999.000,9999.000
202607090812,   4.986,9999.000,9999.000,9999.000,9999.000,9999.000,9999.000,9999.000,9999.000
202607090818,   4.735,9999.000,9999.000,9999.000,9999.000,9999.000,9999.000,9999.000,9999.000
202607090824,   4.491,9999.000,9999.000,9999.000,9999.000,9999.000,9999.000,9999.000,9999.000
202607090830,   4.255,9999.000,9999.000,9999.000,9999.000,9999.000,9999.000,9999.000,9999.000
202607090836,   4.027,9999.000,9999.000,9999.000,9999.000,9999.000,9999.000,9999.000,9999.000
202607090842,   3.808,9999.000,9999.000,9999.000,9999.000,9999.000,9999.000,9999.000,9999.000
202607090848,   3.599,9999.000,9999.000,9999.000,9999.000,9999.000,9999.000,9999.000,9999.000
202607090854,   3.399,9999.000,9999.000,9999.000,9999.000,9999.000,9999.000,9999.000,9999.000
202607090900,   3.210,9999.000,  -0.200,   0.230,   3.240,  -0.300,   3.140,  -0.100,   3.340
202607090906,   3.031,9999.000,9999.000,9999.000,9999.000,9999.000,9999.000,9999.000,9999.000
202607090912,   2.863,9999.000,9999.000,9999.000,9999.000,9999.000,9999.000,9999.000,9999.000
202607090918,   2.706,9999.000,9999.000,9999.000,9999.000,9999.000,9999.000,9999.000,9999.000
202607090924,   2.561,9999.000,9999.000,9999.000,9999.000,9999.000,9999.000,9999.000,9999.000
202607090930,   2.428,9999.000,9999.000,9999.000,9999.000,9999.000,9999.000,9999.000,9999.000
202607090936,   2.307,9999.000,9999.000,9999.000,9999.000,9999.000,9999.000,9999.000,9999.000
202607090942,   2.198,9999.000,9999.000,9999.000,9999.000,9999.000,9999.000,9999.000,9999.000
202607090948,   2.102,9999.000,9999.000,9999.000,9999.000,9999.000,9999.000,9999.000,9999.000
202607090954,   2.019,9999.000,9999.000,9999.000,9999.000,9999.000,9999.000,9999.000,9999.000
202607091000,   1.948,9999.000,  -0.200,   0.230,   1.978,  -0.300,   1.878,   0.000,   2.178
202607091006,   1.891,9999.000,9999.000,9999.000,9999.000,9999.000,9999.000,9999.000,9999.000
202607091012,   1.846,9999.000,9999.000,9999.000,9999.000,9999.000,9999.000,9999.000,9999.000
202607091018,   1.814,9999.000,9999.000,9999.000,9999.000,9999.000,9999.000,9999.000,9999.000
202607091024,   1.795,9999.000,9999.000,9999.000,9999.000,9999.000,9999.000,9999.000,9999.000
202607091030,   1.789,9999.000,9999.000,9999.000,9999.000,9999.000,9999.000,9999.000,9999.000
202607091036,   1.796,9999.000,9999.000,9999.000,9999.000,9999.000,9999.000,9999.000,9999.000
202607091042,   1.816,9999.000,9999.000,9999.000,9999.000,9999.000,9999.000,9999.000,9999.000
202607091048,   1.848,9999.000,9999.000,9999.000,9999.000,9999.000,9999.000,9999.000,9999.000
202607091054,   1.893,9999.000,9999.000,9999.000,9999.000,9999.000,9999.000,9999.000,9999.000
202607091100,   1.950,9999.000,  -0.100,   0.230,   2.080,  -0.200,   1.980,   0.000,   2.180
202607091106,   2.018,9999.000,9999.000,9999.000,9999.000,9999.000,9999.000,9999.000,9999.000
202607091112,   2.099,9999.000,9999.000,9999.000,9999.000,9999.000,9999.000,9999.000,9999.000
202607091118,   2.191,9999.000,9999.000,9999.000,9999.000,9999.000,9999.000,9999.000,9999.000
202607091124,   2.294,9999.000,9999.000,9999.000,9999.000,9999.000,9999.000,9999.000,9999.000
202607091130,   2.408,9999.000,9999.000,9999.000,9999.000,9999.000,9999.000,9999.000,9999.000
202607091136,   2.533,9999.000,9999.000,9999.000,9999.000,9999.000,9999.000,9999.000,9999.000
202607091142,   2.667,9999.000,9999.000,9999.000,9999.000,9999.000,9999.000,9999.000,9999.000
202607091148,   2.811,9999.000,9999.000,9999.000,9999.000,9999.000,9999.000,9999.000,9999.000
202607091154,   2.964,9999.000,9999.000,9999.000,9999.000,9999.000,9999.000,9999.000,9999.000
202607091200,   3.126,9999.000,  -0.100,   0.230,   3.256,  -0.200,   3.156,   0.000,   3.356
202607091206,   3.297,9999.000,9999.000,9999.000,9999.000,9999.000,9999.000,9999.000,9999.000
202607091212,   3.475,9999.000,9999.000,9999.000,9999.000,9999.000,9999.000,9999.000,9999.000
202607091218,   3.660,9999.000,9999.000,9999.000,9999.000,9999.000,9999.000,9999.000,9999.000
202607091224,   3.852,9999.000,9999.000,9999.000,9999.000,9999.000,9999.000,9999.000,9999.000
202607091230,   4.050,9999.000,9999.000,9999.000,9999.000,9999.000,9999.000,9999.000,9999.000
202607091236,   4.254,9999.000,9999.000,9999.000,9999.000,9999.000,9999.000,9999.000,9999.000
202607091242,   4.463,9999.000,9999.000,9999.000,9999.000,9999.000,9999.000,9999.000,9999.000
202607091248,   4.676,9999.000,9999.000,9999.000,9999.000,9999.000,9999.000,9999.000,9999.000
202607091254,   4.894,9999.000,9999.000,9999.000,9999.000,9999.000,9999.000,9999.000,9999.000
202607091300,   5.115,9999.000,  -0.100,   0.230,   5.245,  -0.200,   5.145,   0.000,   5.345
202607091306,   5.338,9999.000,9999.000,9999.000,9999.000,9999.000,9999.000,9999.000,9999.000
202607091312,   5.564,9999.000,9999.000,9999.000,9999.000,9999.000,9999.000,9999.000,9999.000
202607091318,   5.792,9999.000,9999.000,9999.000,9999.000,9999.000,9999.000,9999.000,9999.000
202607091324,   6.020,9999.000,9999.000,9999.000,9999.000,9999.000,9999.000,9999.000,9999.000
202607091330,   6.249,9999.000,9999.000,9999.000,9999.000,9999.000,9999.000,9999.000,9999.000
202607091336,   6.478,9999.000,9999.000,9999.000,9999.000,9999.000,9999.000,9999.000,9999.000
202607091342,   6.706,9999.000,9999.000,9999.000,9999.000,9999.000,9999.000,9999.000,9999.000
202607091348,   6.932,9999.000,9999.000,9999.000,9999.000,9999.000,9999.000,9999.000,9999.000
202607091354,   7.157,9999.000,9999.000,9999.000,9999.000,9999.000,9999.000,9999.000,9999.000
202607091400,   7.379,9999.000,   0.000,   0.230,   7.609,  -0.100,   7.509,   0.000,   7.609
202607091406,   7.598,9999.000,9999.000,9999.000,9999.000,9999.000,9999.000,9999.000,9999.000
202607091412,   7.814,9999.000,9999.000,9999.000,9999.000,9999.000,9999.000,9999.000,9999.000
202607091418,   8.026,9999.000,9999.000,9999.000,9999.000,9999.000,9999.000,9999.000,9999.000
202607091424,   8.232,9999.000,9999.000,9999.000,9999.000,9999.000,9999.000,9999.000,9999.000
202607091430,   8.434,9999.000,9999.000,9999.000,9999.000,9999.000,9999.000,9999.000,9999.000
202607091436,   8.630,9999.000,9999.000,9999.000,9999.000,9999.000,9999.000,9999.000,9999.000
202607091442,   8.820,9999.000,9999.000,9999.000,9999.000,9999.000,9999.000,9999.000,9999.000
202607091448,   9.003,9999.000,9999.000,9999.000,9999.000,9999.000,9999.000,9999.000,9999.000
202607091454,   9.180,9999.000,9999.000,9999.000,9999.000,9999.000,9999.000,9999.000,9999.000
202607091500,   9.349,9999.000,   0.000,   0.230,   9.579,  -0.100,   9.479,   0.000,   9.579
202607091506,   9.510,9999.000,9999.000,9999.000,9999.000,9999.000,9999.000,9999.000,9999.000
202607091512,   9.662,9999.000,9999.000,9999.000,9999.000,9999.000,9999.000,9999.000,9999.000
202607091518,   9.807,9999.000,9999.000,9999.000,9999.000,9999.000,9999.000,9999.000,9999.000
202607091524,   9.942,9999.000,9999.000,9999.000,9999.000,9999.000,9999.000,9999.000,9999.000
202607091530,  10.068,9999.000,9999.000,9999.000,9999.000,9999.000,9999.000,9999.000,9999.000
202607091536,  10.185,9999.000,9999.000,9999.000,9999.000,9999.000,9999.000,9999.000,9999.000
202607091542,  10.291,9999.000,9999.000,9999.000,9999.000,9999.000,9999.000,9999.000,9999.000
202607091548,  10.388,9999.000,9999.000,9999.000,9999.000,9999.000,9999.000,9999.000,9999.000
202607091554,  10.475,9999.000,9999.000,9999.000,9999.000,9999.000,9999.000,9999.000,9999.000
202607091600,  10.551,9999.000,  -0.100,   0.230,  10.681,  -0.200,  10.581,   0.000,  10.781
202607091606,  10.617,9999.000,9999.000,9999.000,9999.000,9999.000,9999.000,9999.000,9999.000
202607091612,  10.672,9999.000,9999.000,9999.000,9999.000,9999.000,9999.000,9999.000,9999.000
202607091618,  10.716,9999.000,9999.000,9999.000,9999.000,9999.000,9999.000,9999.000,9999.000
202607091624,  10.749,9999.000,9999.000,9999.000,9999.000,9999.000,9999.000,9999.000,9999.000
202607091630,  10.772,9999.000,9999.000,9999.000,9999.000,9999.000,9999.000,9999.000,9999.000
202607091636,  10.783,9999.000,9999.000,9999.000,9999.000,9999.000,9999.000,9999.000,9999.000
202607091642,  10.784,9999.000,9999.000,9999.000,9999.000,9999.000,9999.000,9999.000,9999.000
202607091648,  10.774,9999.000,9999.000,9999.000,9999.000,9999.000,9999.000,9999.000,9999.000
202607091654,  10.753,9999.000,9999.000,9999.000,9999.000,9999.000,9999.000,9999.000,9999.000
202607091700,  10.722,9999.000,  -0.100,   0.230,  10.852,  -0.200,  10.752,   0.000,  10.952
202607091706,  10.680,9999.000,9999.000,9999.000,9999.000,9999.000,9999.000,9999.000,9999.000
202607091712,  10.628,9999.000,9999.000,9999.000,9999.000,9999.000,9999.000,9999.000,9999.000
202607091718,  10.565,9999.000,9999.000,9999.000,9999.000,9999.000,9999.000,9999.000,9999.000
202607091724,  10.493,9999.000,9999.000,9999.000,9999.000,9999.000,9999.000,9999.000,9999.000
202607091730,  10.411,9999.000,9999.000,9999.000,9999.000,9999.000,9999.000,9999.000,9999.000
202607091736,  10.320,9999.000,9999.000,9999.000,9999.000,9999.000,9999.000,9999.000,9999.000
202607091742,  10.220,9999.000,9999.000,9999.000,9999.000,9999.000,9999.000,9999.000,9999.000
202607091748,  10.111,9999.000,9999.000,9999.000,9999.000,9999.000,9999.000,9999.000,9999.000
202607091754,   9.994,9999.000,9999.000,9999.000,9999.000,9999.000,9999.000,9999.000,9999.000
202607091800,   9.869,9999.000,  -0.200,   0.230,   9.899,  -0.200,   9.899,  -0.100,   9.999
202607091806,   9.736,9999.000,9999.000,9999.000,9999.000,9999.000,9999.000,9999.000,9999.000
202607091812,   9.596,9999.000,9999.000,9999.000,9999.000,9999.000,9999.000,9999.000,9999.000
202607091818,   9.449,9999.000,9999.000,9999.000,9999.000,9999.000,9999.000,9999.000,9999.000
202607091824,   9.297,9999.000,9999.000,9999.000,9999.000,9999.000,9999.000,9999.000,9999.000
202607091830,   9.138,9999.000,9999.000,9999.000,9999.000,9999.000,9999.000,9999.000,9999.000
202607091836,   8.974,9999.000,9999.000,9999.000,9999.000,9999.000,9999.000,9999.000,9999.000
202607091842,   8.806,9999.000,9999.000,9999.000,9999.000,9999.000,9999.000,9999.000,9999.000
202607091848,   8.633,9999.000,9999.000,9999.000,9999.000,9999.000,9999.000,9999.000,9999.000
202607091854,   8.457,9999.000,9999.000,9999.000,9999.000,9999.000,9999.000,9999.000,9999.000
202607091900,   8.278,9999.000,  -0.200,   0.230,   8.308,  -0.300,   8.208,  -0.100,   8.408
202607091906,   8.096,9999.000,9999.000,9999.000,9999.000,9999.000,9999.000,9999.000,9999.000
202607091912,   7.912,9999.000,9999.000,9999.000,9999.000,9999.000,9999.000,9999.000,9999.000
202607091918,   7.727,9999.000,9999.000,9999.000,9999.000,9999.000,9999.000,9999.000,9999.000
202607091924,   7.541,9999.000,9999.000,9999.000,9999.000,9999.000,9999.000,9999.000,9999.000
202607091930,   7.355,9999.000,9999.000,9999.000,9999.000,9999.000,9999.000,9999.000,9999.000
202607091936,   7.170,9999.000,9999.000,9999.000,9999.000,9999.000,9999.000,9999.000,9999.000
202607091942,   6.985,9999.000,9999.000,9999.000,9999.000,9999.000,9999.000,9999.000,9999.000
202607091948,   6.803,9999.000,9999.000,9999.000,9999.000,9999.000,9999.000,9999.000,9999.000
202607091954,   6.622,9999.000,9999.000,9999.000,9999.000,9999.000,9999.000,9999.000,9999.000
202607092000,   6.444,9999.000,  -0.200,   0.230,   6.474,  -0.300,   6.374,  -0.100,   6.574
202607092006,   6.270,9999.000,9999.000,9999.000,9999.000,9999.000,9999.000,9999.000,9999.000
202607092012,   6.099,9999.000,9999.000,9999.000,9999.000,9999.000,9999.000,9999.000,9999.000
202607092018,   5.933,9999.000,9999.000,9999.000,9999.000,9999.000,9999.000,9999.000,9999.000
202607092024,   5.773,9999.000,9999.000,9999.000,9999.000,9999.000,9999.000,9999.000,9999.000
202607092030,   5.617,9999.000,9999.000,9999.000,9999.000,9999.000,9999.000,9999.000,9999.000
202607092036,   5.468,9999.000,9999.000,9999.000,9999.000,9999.000,9999.000,9999.000,9999.000
202607092042,   5.326,9999.000,9999.000,9999.000,9999.000,9999.000,9999.000,9999.000,9999.000
202607092048,   5.190,9999.000,9999.000,9999.000,9999.000,9999.000,9999.000,9999.000,9999.000
202607092054,   5.062,9999.000,9999.000,9999.000,9999.000,9999.000,9999.000,9999.000,9999.000
202607092100,   4.942,9999.000,  -0.200,   0.230,   4.972,  -0.200,   4.972,  -0.100,   5.072
202607092106,   4.831,9999.000,9999.000,9999.000,9999.000,9999.000,9999.000,9999.000,9999.000
202607092112,   4.728,9999.000,9999.000,9999.000,9999.000,9999.000,9999.000,9999.000,9999.000
202607092118,   4.635,9999.000,9999.000,9999.000,9999.000,9999.000,9999.000,9999.000,9999.000
202607092124,   4.551,9999.000,9999.000,9999.000,9999.000,9999.000,9999.000,9999.000,9999.000
202607092130,   4.476,9999.000,9999.000,9999.000,9999.000,9999.000,9999.000,9999.000,9999.000
202607092136,   4.412,9999.000,9999.000,9999.000,9999.000,9999.000,9999.000,9999.000,9999.000
202607092142,   4.359,9999.000,9999.000,9999.000,9999.000,9999.000,9999.000,9999.000,9999.000
202607092148,   4.316,9999.000,9999.000,9999.000,9999.000,9999.000,9999.000,9999.000,9999.000
202607092154,   4.284,9999.000,9999.000,9999.000,9999.000,9999.000,9999.000,9999.000,9999.000
202607092200,   4.262,9999.000,  -0.100,   0.230,   4.392,  -0.200,   4.292,   0.000,   4.492
202607092206,   4.252,9999.000,9999.000,9999.000,9999.000,9999.000,9999.000,9999.000,9999.000
202607092212,   4.254,9999.000,9999.000,9999.000,9999.000,9999.000,9999.000,9999.000,9999.000
202607092218,   4.266,9999.000,9999.000,9999.000,9999.000,9999.000,9999.000,9999.000,9999.000
202607092224,   4.290,9999.000,9999.000,9999.000,9999.000,9999.000,9999.000,9999.000,9999.000
202607092230,   4.325,9999.000,9999.000,9999.000,9999.000,9999.000,9999.000,9999.000,9999.000
202607092236,   4.372,9999.000,9999.000,9999.000,9999.000,9999.000,9999.000,9999.000,9999.000
202607092242,   4.430,9999.000,9999.000,9999.000,9999.000,9999.000,9999.000,9999.000,9999.000
202607092248,   4.500,9999.000,9999.000,9999.000,9999.000,9999.000,9999.000,9999.000,9999.000
202607092254,   4.580,9999.000,9999.000,9999.000,9999.000,9999.000,9999.000,9999.000,9999.000
202607092300,   4.671,9999.000,  -0.100,   0.230,   4.801,  -0.100,   4.801,   0.000,   4.901
202607092306,   4.774,9999.000,9999.000,9999.000,9999.000,9999.000,9999.000,9999.000,9999.000
202607092312,   4.887,9999.000,9999.000,9999.000,9999.000,9999.000,9999.000,9999.000,9999.000
202607092318,   5.010,9999.000,9999.000,9999.000,9999.000,9999.000,9999.000,9999.000,9999.000
202607092324,   5.144,9999.000,9999.000,9999.000,9999.000,9999.000,9999.000,9999.000,9999.000
202607092330,   5.287,9999.000,9999.000,9999.000,9999.000,9999.000,9999.000,9999.000,9999.000
202607092336,   5.441,9999.000,9999.000,9999.000,9999.000,9999.000,9999.000,9999.000,9999.000
202607092342,   5.603,9999.000,9999.000,9999.000,9999.000,9999.000,9999.000,9999.000,9999.000
202607092348,   5.774,9999.000,9999.000,9999.000,9999.000,9999.000,9999.000,9999.000,9999.000
202607092354,   5.954,9999.000,9999.000,9999.000,9999.000,9999.000,9999.000,9999.000,9999.000
202607100000,   6.142,9999.000,   0.000,   0.230,   6.372,  -0.100,   6.272,   0.000,   6.372
202607100006,   6.338,9999.000,9999.000,9999.000,9999.000,9999.000,9999.000,9999.000,9999.000
202607100012,   6.541,9999.000,9999.000,9999.000,9999.000,9999.000,9999.000,9999.000,9999.000
202607100018,   6.752,9999.000,9999.000,9999.000,9999.000,9999.000,9999.000,9999.000,9999.000
202607100024,   6.968,9999.000,9999.000,9999.000,9999.000,9999.000,9999.000,9999.000,9999.000
202607100030,   7.190,9999.000,9999.000,9999.000,9999.000,9999.000,9999.000,9999.000,9999.000
202607100036,   7.418,9999.000,9999.000,9999.000,9999.000,9999.000,9999.000,9999.000,9999.000
202607100042,   7.651,9999.000,9999.000,9999.000,9999.000,9999.000,9999.000,9999.000,9999.000
202607100048,   7.888,9999.000,9999.000,9999.000,9999.000,9999.000,9999.000,9999.000,9999.000
202607100054,   8.129,9999.000,9999.000,9999.000,9999.000,9999.000,9999.000,9999.000,9999.000
202607100100,   8.373,9999.000,   0.000,   0.230,   8.603,  -0.100,   8.503,   0.000,   8.603
202607100106,   8.620,9999.000,9999.000,9999.000,9999.000,9999.000,9999.000,9999.000,9999.000
202607100112,   8.869,9999.000,9999.000,9999.000,9999.000,9999.000,9999.000,9999.000,9999.000
202607100118,   9.120,9999.000,9999.000,9999.000,9999.000,9999.000,9999.000,9999.000,9999.000
202607100124,   9.372,9999.000,9999.000,9999.000,9999.000,9999.000,9999.000,9999.000,9999.000
202607100130,   9.624,9999.000,9999.000,9999.000,9999.000,9999.000,9999.000,9999.000,9999.000
202607100136,   9.876,9999.000,9999.000,9999.000,9999.000,9999.000,9999.000,9999.000,9999.000
202607100142,  10.128,9999.000,9999.000,9999.000,9999.000,9999.000,9999.000,9999.000,9999.000
202607100148,  10.378,9999.000,9999.000,9999.000,9999.000,9999.000,9999.000,9999.000,9999.000
202607100154,  10.627,9999.000,9999.000,9999.000,9999.000,9999.000,9999.000,9999.000,9999.000
202607100200,  10.873,9999.000,   0.000,   0.230,  11.103,  -0.100,  11.003,   0.000,  11.103
202607100206,  11.117,9999.000,9999.000,9999.000,9999.000,9999.000,9999.000,9999.000,9999.000
202607100212,  11.357,9999.000,9999.000,9999.000,9999.000,9999.000,9999.000,9999.000,9999.000
202607100218,  11.592,9999.000,9999.000,9999.000,9999.000,9999.000,9999.000,9999.000,9999.000
202607100224,  11.824,9999.000,9999.000,9999.000,9999.000,9999.000,9999.000,9999.000,9999.000
202607100230,  12.050,9999.000,9999.000,9999.000,9999.000,9999.000,9999.000,9999.000,9999.000
202607100236,  12.270,9999.000,9999.000,9999.000,9999.000,9999.000,9999.000,9999.000,9999.000
202607100242,  12.485,9999.000,9999.000,9999.000,9999.000,9999.000,9999.000,9999.000,9999.000
202607100248,  12.693,9999.000,9999.000,9999.000,9999.000,9999.000,9999.000,9999.000,9999.000
202607100254,  12.893,9999.000,9999.000,9999.000,9999.000,9999.000,9999.000,9999.000,9999.000
202607100300,  13.086,9999.000,  -0.100,   0.230,  13.216,  -0.100,  13.216,   0.000,  13.316
202607100306,  13.271,9999.000,9999.000,9999.000,9999.000,9999.000,9999.000,9999.000,9999.000
202607100312,  13.448,9999.000,9999.000,9999.000,9999.000,9999.000,9999.000,9999.000,9999.000
202607100318,  13.615,9999.000,9999.000,9999.000,9999.000,9999.000,9999.000,9999.000,9999.000
202607100324,  13.773,9999.000,9999.000,9999.000,9999.000,9999.000,9999.000,9999.000,9999.000
202607100330,  13.921,9999.000,9999.000,9999.000,9999.000,9999.000,9999.000,9999.000,9999.000
202607100336,  14.059,9999.000,9999.000,9999.000,9999.000,9999.000,9999.000,9999.000,9999.000
202607100342,  14.187,9999.000,9999.000,9999.000,9999.000,9999.000,9999.000,9999.000,9999.000
202607100348,  14.304,9999.000,9999.000,9999.000,9999.000,9999.000,9999.000,9999.000,9999.000
202607100354,  14.409,9999.000,9999.000,9999.000,9999.000,9999.000,9999.000,9999.000,9999.000
202607100400,  14.503,9999.000,  -0.100,   0.230,  14.633,  -0.200,  14.533,   0.000,  14.733
202607100406,  14.585,9999.000,9999.000,9999.000,9999.000,9999.000,9999.000,9999.000,9999.000
202607100412,  14.656,9999.000,9999.000,9999.000,9999.000,9999.000,9999.000,9999.000,9999.000
202607100418,  14.714,9999.000,9999.000,9999.000,9999.000,9999.000,9999.000,9999.000,9999.000
202607100424,  14.759,9999.000,9999.000,9999.000,9999.000,9999.000,9999.000,9999.000,9999.000
202607100430,  14.792,9999.000,9999.000,9999.000,9999.000,9999.000,9999.000,9999.000,9999.000
202607100436,  14.812,9999.000,9999.000,9999.000,9999.000,9999.000,9999.000,9999.000,9999.000
202607100442,  14.819,9999.000,9999.000,9999.000,9999.000,9999.000,9999.000,9999.000,9999.000
202607100448,  14.813,9999.000,9999.000,9999.000,9999.000,9999.000,9999.000,9999.000,9999.000
202607100454,  14.794,9999.000,9999.000,9999.000,9999.000,9999.000,9999.000,9999.000,9999.000
202607100500,  14.761,9999.000,  -0.200,   0.230,  14.791,  -0.300,  14.691,  -0.100,  14.891
202607100506,  14.716,9999.000,9999.000,9999.000,9999.000,9999.000,9999.000,9999.000,9999.000
202607100512,  14.657,9999.000,9999.000,9999.000,9999.000,9999.000,9999.000,9999.000,9999.000
202607100518,  14.585,9999.000,9999.000,9999.000,9999.000,9999.000,9999.000,9999.000,9999.000
202607100524,  14.500,9999.000,9999.000,9999.000,9999.000,9999.000,9999.000,9999.000,9999.000
202607100530,  14.401,9999.000,9999.000,9999.000,9999.000,9999.000,9999.000,9999.000,9999.000
202607100536,  14.290,9999.000,9999.000,9999.000,9999.000,9999.000,9999.000,9999.000,9999.000
202607100542,  14.166,9999.000,9999.000,9999.000,9999.000,9999.000,9999.000,9999.000,9999.000
202607100548,  14.029,9999.000,9999.000,9999.000,9999.000,9999.000,9999.000,9999.000,9999.000
202607100554,  13.880,9999.000,9999.000,9999.000,9999.000,9999.000,9999.000,9999.000,9999.000
202607100600,  13.718,9999.000,  -0.200,   0.230,  13.748,  -0.300,  13.648,  -0.200,  13.748
202607100606,  13.545,9999.000,9999.000,9999.000,9999.000,9999.000,9999.000,9999.000,9999.000
202607100612,  13.360,9999.000,9999.000,9999.000,9999.000,9999.000,9999.000,9999.000,9999.000
202607100618,  13.163,9999.000,9999.000,9999.000,9999.000,9999.000,9999.000,9999.000,9999.000
202607100624,  12.956,9999.000,9999.000,9999.000,9999.000,9999.000,9999.000,9999.000,9999.000
202607100630,  12.737,9999.000,9999.000,9999.000,9999.000,9999.000,9999.000,9999.000,9999.000
202607100636,  12.509,9999.000,9999.000,9999.000,9999.000,9999.000,9999.000,9999.000,9999.000
202607100642,  12.270,9999.000,9999.000,9999.000,9999.000,9999.000,9999.000,9999.000,9999.000
202607100648,  12.022,9999.000,9999.000,9999.000,9999.000,9999.000,9999.000,9999.000,9999.000
202607100654,  11.765,9999.000,9999.000,9999.000,9999.000,9999.000,9999.000,9999.000,9999.000
202607100700,  11.500,9999.000,  -0.300,   0.230,  11.430,  -0.400,  11.330,  -0.200,  11.530
202607100706,  11.226,9999.000,9999.000,9999.000,9999.000,9999.000,9999.000,9999.000,9999.000
202607100712,  10.945,9999.000,9999.000,9999.000,9999.000,9999.000,9999.000,9999.000,9999.000
202607100718,  10.657,9999.000,9999.000,9999.000,9999.000,9999.000,9999.000,9999.000,9999.000
202607100724,  10.363,9999.000,9999.000,9999.000,9999.000,9999.000,9999.000,9999.000,9999.000
202607100730,  10.063,9999.000,9999.000,9999.000,9999.000,9999.000,9999.000,9999.000,9999.000
202607100736,   9.758,9999.000,9999.000,9999.000,9999.000,9999.000,9999.000,9999.000,9999.000
202607100742,   9.449,9999.000,9999.000,9999.000,9999.000,9999.000,9999.000,9999.000,9999.000
202607100748,   9.136,9999.000,9999.000,9999.000,9999.000,9999.000,9999.000,9999.000,9999.000
202607100754,   8.819,9999.000,9999.000,9999.000,9999.000,9999.000,9999.000,9999.000,9999.000
202607100800,   8.500,9999.000,  -0.300,   0.230,   8.430,  -0.400,   8.330,  -0.200,   8.530
202607100806,   8.179,9999.000,9999.000,9999.000,9999.000,9999.000,9999.000,9999.000,9999.000
202607100812,   7.856,9999.000,9999.000,9999.000,9999.000,9999.000,9999.000,9999.000,9999.000
202607100818,   7.534,9999.000,9999.000,9999.000,9999.000,9999.000,9999.000,9999.000,9999.000
202607100824,   7.211,9999.000,9999.000,9999.000,9999.000,9999.000,9999.000,9999.000,9999.000
202607100830,   6.889,9999.000,9999.000,9999.000,9999.000,9999.000,9999.000,9999.000,9999.000
202607100836,   6.569,9999.000,9999.000,9999.000,9999.000,9999.000,9999.000,9999.000,9999.000
202607100842,   6.251,9999.000,9999.000,9999.000,9999.000,9999.000,9999.000,9999.000,9999.000
202607100848,   5.936,9999.000,9999.000,9999.000,9999.000,9999.000,9999.000,9999.000,9999.000
202607100854,   5.625,9999.000,9999.000,9999.000,9999.000,9999.000,9999.000,9999.000,9999.000
202607100900,   5.318,9999.000,  -0.300,   0.230,   5.248,  -0.400,   5.148,  -0.200,   5.348
202607100906,   5.016,9999.000,9999.000,9999.000,9999.000,9999.000,9999.000,9999.000,9999.000
202607100912,   4.720,9999.000,9999.000,9999.000,9999.000,9999.000,9999.000,9999.000,9999.000
202607100918,   4.430,9999.000,9999.000,9999.000,9999.000,9999.000,9999.000,9999.000,9999.000
202607100924,   4.146,9999.000,9999.000,9999.000,9999.000,9999.000,9999.000,9999.000,9999.000
202607100930,   3.871,9999.000,9999.000,9999.000,9999.000,9999.000,9999.000,9999.000,9999.000
202607100936,   3.603,9999.000,9999.000,9999.000,9999.000,9999.000,9999.000,9999.000,9999.000
202607100942,   3.344,9999.000,9999.000,9999.000,9999.000,9999.000,9999.000,9999.000,9999.000
202607100948,   3.095,9999.000,9999.000,9999.000,9999.000,9999.000,9999.000,9999.000,9999.000
202607100954,   2.855,9999.000,9999.000,9999.000,9999.000,9999.000,9999.000,9999.000,9999.000
202607101000,   2.626,9999.000,  -0.300,   0.230,   2.556,  -0.400,   2.456,  -0.200,   2.656
202607101006,   2.407,9999.000,9999.000,9999.000,9999.000,9999.000,9999.000,9999.000,9999.000
202607101012,   2.200,9999.000,9999.000,9999.000,9999.000,9999.000,9999.000,9999.000,9999.000
202607101018,   2.004,9999.000,9999.000,9999.000,9999.000,9999.000,9999.000,9999.000,9999.000
202607101024,   1.820,9999.000,9999.000,9999.000,9999.000,9999.000,9999.000,9999.000,9999.000
202607101030,   1.649,9999.000,9999.000,9999.000,9999.000,9999.000,9999.000,9999.000,9999.000
202607101036,   1.491,9999.000,9999.000,9999.000,9999.000,9999.000,9999.000,9999.000,9999.000
202607101042,   1.346,9999.000,9999.000,9999.000,9999.000,9999.000,9999.000,9999.000,9999.000
202607101048,   1.214,9999.000,9999.000,9999.000,9999.000,9999.000,9999.000,9999.000,9999.000
202607101054,   1.096,9999.000,9999.000,9999.000,9999.000,9999.000,9999.000,9999.000,9999.000
202607101100,   0.992,9999.000,  -0.300,   0.230,   0.922,  -0.400,   0.822,  -0.200,   1.022
202607101106,   0.902,9999.000,9999.000,9999.000,9999.000,9999.000,9999.000,9999.000,9999.000
202607101112,   0.826,9999.000,9999.000,9999.000,9999.000,9999.000,9999.000,9999.000,9999.000
202607101118,   0.764,9999.000,9999.000,9999.000,9999.000,9999.000,9999.000,9999.000,9999.000
202607101124,   0.716,9999.000,9999.000,9999.000,9999.000,9999.000,9999.000,9999.000,9999.000
202607101130,   0.683,9999.000,9999.000,9999.000,9999.000,9999.000,9999.000,9999.000,9999.000
202607101136,   0.665,9999.000,9999.000,9999.000,9999.000,9999.000,9999.000,9999.000,9999.000
202607101142,   0.660,9999.000,9999.000,9999.000,9999.000,9999.000,9999.000,9999.000,9999.000
202607101148,   0.670,9999.000,9999.000,9999.000,9999.000,9999.000,9999.000,9999.000,9999.000
202607101154,   0.694,9999.000,9999.000,9999.000,9999.000,9999.000,9999.000,9999.000,9999.000
202607101200,   0.732,9999.000,  -0.200,   0.230,   0.762,  -0.300,   0.662,  -0.100,   0.862
202607101206,   0.784,9999.000,9999.000,9999.000,9999.000,9999.000,9999.000,9999.000,9999.000
202607101212,   0.849,9999.000,9999.000,9999.000,9999.000,9999.000,9999.000,9999.000,9999.000
202607101218,   0.928,9999.000,9999.000,9999.000,9999.000,9999.000,9999.000,9999.000,9999.000
202607101224,   1.019,9999.000,9999.000,9999.000,9999.000,9999.000,9999.000,9999.000,9999.000
202607101230,   1.124,9999.000,9999.000,9999.000,9999.000,9999.000,9999.000,9999.000,9999.000
202607101236,   1.240,9999.000,9999.000,9999.000,9999.000,9999.000,9999.000,9999.000,9999.000
202607101242,   1.369,9999.000,9999.000,9999.000,9999.000,9999.000,9999.000,9999.000,9999.000
202607101248,   1.510,9999.000,9999.000,9999.000,9999.000,9999.000,9999.000,9999.000,9999.000
202607101254,   1.661,9999.000,9999.000,9999.000,9999.000,9999.000,9999.000,9999.000,9999.000
202607101300,   1.824,9999.000,  -0.200,   0.230,   1.854,  -0.300,   1.754,  -0.100,   1.954
202607101306,   1.997,9999.000,9999.000,9999.000,9999.000,9999.000,9999.000,9999.000,9999.000
202607101312,   2.179,9999.000,9999.000,9999.000,9999.000,9999.000,9999.000,9999.000,9999.000
202607101318,   2.371,9999.000,9999.000,9999.000,9999.000,9999.000,9999.000,9999.000,9999.000
202607101324,   2.572,9999.000,9999.000,9999.000,9999.000,9999.000,9999.000,9999.000,9999.000
202607101330,   2.781,9999.000,9999.000,9999.000,9999.000,9999.000,9999.000,9999.000,9999.000
202607101336,   2.997,9999.000,9999.000,9999.000,9999.000,9999.000,9999.000,9999.000,9999.000
202607101342,   3.221,9999.000,9999.000,9999.000,9999.000,9999.000,9999.000,9999.000,9999.000
202607101348,   3.451,9999.000,9999.000,9999.000,9999.000,9999.000,9999.000,9999.000,9999.000
202607101354,   3.687,9999.000,9999.000,9999.000,9999.000,9999.000,9999.000,9999.000,9999.000
202607101400,   3.928,9999.000,  -0.200,   0.230,   3.958,  -0.300,   3.858,  -0.100,   4.058
202607101406,   4.173,9999.000,9999.000,9999.000,9999.000,9999.000,9999.000,9999.000,9999.000
202607101412,   4.423,9999.000,9999.000,9999.000,9999.000,9999.000,9999.000,9999.000,9999.000
202607101418,   4.676,9999.000,9999.000,9999.000,9999.000,9999.000,9999.000,9999.000,9999.000
202607101424,   4.932,9999.000,9999.000,9999.000,9999.000,9999.000,9999.000,9999.000,9999.000
202607101430,   5.190,9999.000,9999.000,9999.000,9999.000,9999.000,9999.000,9999.000,9999.000
202607101436,   5.449,9999.000,9999.000,9999.000,9999.000,9999.000,9999.000,9999.000,9999.000
202607101442,   5.709,9999.000,9999.000,9999.000,9999.000,9999.000,9999.000,9999.000,9999.000
202607101448,   5.969,9999.000,9999.000,9999.000,9999.000,9999.000,9999.000,9999.000,9999.000
202607101454,   6.228,9999.000,9999.000,9999.000,9999.000,9999.000,9999.000,9999.000,9999.000
202607101500,   6.487,9999.000,  -0.200,   0.230,   6.517,  -0.300,   6.417,  -0.100,   6.617
202607101506,   6.744,9999.000,9999.000,9999.000,9999.000,9999.000,9999.000,9999.000,9999.000
202607101512,   6.998,9999.000,9999.000,9999.000,9999.000,9999.000,9999.000,9999.000,9999.000
202607101518,   7.249,9999.000,9999.000,9999.000,9999.000,9999.000,9999.000,9999.000,9999.000
202607101524,   7.497,9999.000,9999.000,9999.000,9999.000,9999.000,9999.000,9999.000,9999.000
202607101530,   7.740,9999.000,9999.000,9999.000,9999.000,9999.000,9999.000,9999.000,9999.000
202607101536,   7.979,9999.000,9999.000,9999.000,9999.000,9999.000,9999.000,9999.000,9999.000
202607101542,   8.213,9999.000,9999.000,9999.000,9999.000,9999.000,9999.000,9999.000,9999.000
202607101548,   8.440,9999.000,9999.000,9999.000,9999.000,9999.000,9999.000,9999.000,9999.000
202607101554,   8.662,9999.000,9999.000,9999.000,9999.000,9999.000,9999.000,9999.000,9999.000
202607101600,   8.876,9999.000,  -0.200,   0.230,   8.906,  -0.300,   8.806,  -0.100,   9.006
202607101606,   9.083,9999.000,9999.000,9999.000,9999.000,9999.000,9999.000,9999.000,9999.000
202607101612,   9.283,9999.000,9999.000,9999.000,9999.000,9999.000,9999.000,9999.000,9999.000
202607101618,   9.474,9999.000,9999.000,9999.000,9999.000,9999.000,9999.000,9999.000,9999.000
202607101624,   9.656,9999.000,9999.000,9999.000,9999.000,9999.000,9999.000,9999.000,9999.000
202607101630,   9.830,9999.000,9999.000,9999.000,9999.000,9999.000,9999.000,9999.000,9999.000
202607101636,   9.994,9999.000,9999.000,9999.000,9999.000,9999.000,9999.000,9999.000,9999.000
202607101642,  10.148,9999.000,9999.000,9999.000,9999.000,9999.000,9999.000,9999.000,9999.000
202607101648,  10.292,9999.000,9999.000,9999.000,9999.000,9999.000,9999.000,9999.000,9999.000
202607101654,  10.426,9999.000,9999.000,9999.000,9999.000,9999.000,9999.000,9999.000,9999.000
202607101700,  10.549,9999.000,  -0.300,   0.230,  10.479,  -0.400,  10.379,  -0.200,  10.579
202607101706,  10.661,9999.000,9999.000,9999.000,9999.000,9999.000,9999.000,9999.000,9999.000
202607101712,  10.763,9999.000,9999.000,9999.000,9999.000,9999.000,9999.000,9999.000,9999.000
202607101718,  10.853,9999.000,9999.000,9999.000,9999.000,9999.000,9999.000,9999.000,9999.000
202607101724,  10.931,9999.000,9999.000,9999.000,9999.000,9999.000,9999.000,9999.000,9999.000
202607101730,  10.998,9999.000,9999.000,9999.000,9999.000,9999.000,9999.000,9999.000,9999.000
202607101736,  11.054,9999.000,9999.000,9999.000,9999.000,9999.000,9999.000,9999.000,9999.000
202607101742,  11.098,9999.000,9999.000,9999.000,9999.000,9999.000,9999.000,9999.000,9999.000
202607101748,  11.130,9999.000,9999.000,9999.000,9999.000,9999.000,9999.000,9999.000,9999.000
202607101754,  11.150,9999.000,9999.000,9999.000,9999.000,9999.000,9999.000,9999.000,9999.000
202607101800,  11.159,9999.000,  -0.300,   0.230,  11.089,  -0.400,  10.989,  -0.200,  11.189
202607101806,  11.157,9999.000,9999.000,9999.000,9999.000,9999.000,9999.000,9999.000,9999.000
202607101812,  11.142,9999.000,9999.000,9999.000,9999.000,9999.000,9999.000,9999.000,9999.000
202607101818,  11.117,9999.000,9999.000,9999.000,9999.000,9999.000,9999.000,9999.000,9999.000
202607101824,  11.080,9999.000,9999.000,9999.000,9999.000,9999.000,9999.000,9999.000,9999.000
202607101830,  11.033,9999.000,9999.000,9999.000,9999.000,9999.000,9999.000,9999.000,9999.000
202607101836,  10.974,9999.000,9999.000,9999.000,9999.000,9999.000,9999.000,9999.000,9999.000
202607101842,  10.905,9999.000,9999.000,9999.000,9999.000,9999.000,9999.000,9999.000,9999.000
202607101848,  10.826,9999.000,9999.000,9999.000,9999.000,9999.000,9999.000,9999.000,9999.000
202607101854,  10.737,9999.000,9999.000,9999.000,9999.000,9999.000,9999.000,9999.000,9999.000
202607101900,  10.638,9999.000,  -0.400,   0.230,  10.468,  -0.500,  10.368,  -0.200,  10.668
202607101906,  10.530,9999.000,9999.000,9999.000,9999.000,9999.000,9999.000,9999.000,9999.000
202607101912,  10.413,9999.000,9999.000,9999.000,9999.000,9999.000,9999.000,9999.000,9999.000
202607101918,  10.288,9999.000,9999.000,9999.000,9999.000,9999.000,9999.000,9999.000,9999.000
202607101924,  10.155,9999.000,9999.000,9999.000,9999.000,9999.000,9999.000,9999.000,9999.000
202607101930,  10.014,9999.000,9999.000,9999.000,9999.000,9999.000,9999.000,9999.000,9999.000
202607101936,   9.866,9999.000,9999.000,9999.000,9999.000,9999.000,9999.000,9999.000,9999.000
202607101942,   9.711,9999.000,9999.000,9999.000,9999.000,9999.000,9999.000,9999.000,9999.000
202607101948,   9.551,9999.000,9999.000,9999.000,9999.000,9999.000,9999.000,9999.000,9999.000
202607101954,   9.385,9999.000,9999.000,9999.000,9999.000,9999.000,9999.000,9999.000,9999.000
202607102000,   9.214,9999.000,  -0.300,   0.230,   9.144,  -0.500,   8.944,  -0.200,   9.244
202607102006,   9.038,9999.000,9999.000,9999.000,9999.000,9999.000,9999.000,9999.000,9999.000
202607102012,   8.859,9999.000,9999.000,9999.000,9999.000,9999.000,9999.000,9999.000,9999.000
202607102018,   8.677,9999.000,9999.000,9999.000,9999.000,9999.000,9999.000,9999.000,9999.000
202607102024,   8.492,9999.000,9999.000,9999.000,9999.000,9999.000,9999.000,9999.000,9999.000
202607102030,   8.305,9999.000,9999.000,9999.000,9999.000,9999.000,9999.000,9999.000,9999.000
202607102036,   8.116,9999.000,9999.000,9999.000,9999.000,9999.000,9999.000,9999.000,9999.000
202607102042,   7.927,9999.000,9999.000,9999.000,9999.000,9999.000,9999.000,9999.000,9999.000
202607102048,   7.738,9999.000,9999.000,9999.000,9999.000,9999.000,9999.000,9999.000,9999.000
202607102054,   7.549,9999.000,9999.000,9999.000,9999.000,9999.000,9999.000,9999.000,9999.000
202607102100,   7.362,9999.000,  -0.300,   0.230,   7.292,  -0.400,   7.192,  -0.200,   7.392
202607102106,   7.176,9999.000,9999.000,9999.000,9999.000,9999.000,9999.000,9999.000,9999.000
202607102112,   6.993,9999.000,9999.000,9999.000,9999.000,9999.000,9999.000,9999.000,9999.000
202607102118,   6.812,9999.000,9999.000,9999.000,9999.000,9999.000,9999.000,9999.000,9999.000
202607102124,   6.636,9999.000,9999.000,9999.000,9999.000,9999.000,9999.000,9999.000,9999.000
202607102130,   6.464,9999.000,9999.000,9999.000,9999.000,9999.000,9999.000,9999.000,9999.000
202607102136,   6.296,9999.000,9999.000,9999.000,9999.000,9999.000,9999.000,9999.000,9999.000
202607102142,   6.134,9999.000,9999.000,9999.000,9999.000,9999.000,9999.000,9999.000,9999.000
202607102148,   5.978,9999.000,9999.000,9999.000,9999.000,9999.000,9999.000,9999.000,9999.000
202607102154,   5.828,9999.000,9999.000,9999.000,9999.000,9999.000,9999.000,9999.000,9999.000
202607102200,   5.686,9999.000,  -0.200,   0.230,   5.716,  -0.300,   5.616,  -0.100,   5.816
202607102206,   5.551,9999.000,9999.000,9999.000,9999.000,9999.000,9999.000,9999.000,9999.000
202607102212,   5.424,9999.000,9999.000,9999.000,9999.000,9999.000,9999.000,9999.000,9999.000
202607102218,   5.306,9999.000,9999.000,9999.000,9999.000,9999.000,9999.000,9999.000,9999.000
202607102224,   5.196,9999.000,9999.000,9999.000,9999.000,9999.000,9999.000,9999.000,9999.000
202607102230,   5.096,9999.000,9999.000,9999.000,9999.000,9999.000,9999.000,9999.000,9999.000
202607102236,   5.006,9999.000,9999.000,9999.000,9999.000,9999.000,9999.000,9999.000,9999.000
202607102242,   4.926,9999.000,9999.000,9999.000,9999.000,9999.000,9999.000,9999.000,9999.000
202607102248,   4.856,9999.000,9999.000,9999.000,9999.000,9999.000,9999.000,9999.000,9999.000
202607102254,   4.797,9999.000,9999.000,9999.000,9999.000,9999.000,9999.000,9999.000,9999.000
202607102300,   4.749,9999.000,  -0.100,   0.230,   4.879,  -0.200,   4.779,   0.000,   4.979
202607102306,   4.713,9999.000,9999.000,9999.000,9999.000,9999.000,9999.000,9999.000,9999.000
202607102312,   4.688,9999.000,9999.000,9999.000,9999.000,9999.000,9999.000,9999.000,9999.000
202607102318,   4.674,9999.000,9999.000,9999.000,9999.000,9999.000,9999.000,9999.000,9999.000
202607102324,   4.672,9999.000,9999.000,9999.000,9999.000,9999.000,9999.000,9999.000,9999.000
202607102330,   4.682,9999.000,9999.000,9999.000,9999.000,9999.000,9999.000,9999.000,9999.000
202607102336,   4.704,9999.000,9999.000,9999.000,9999.000,9999.000,9999.000,9999.000,9999.000
202607102342,   4.739,9999.000,9999.000,9999.000,9999.000,9999.000,9999.000,9999.000,9999.000
202607102348,   4.785,9999.000,9999.000,9999.000,9999.000,9999.000,9999.000,9999.000,9999.000
202607102354,   4.843,9999.000,9999.000,9999.000,9999.000,9999.000,9999.000,9999.000,9999.000
202607110000,   4.913,9999.000,  -0.100,   0.230,   5.043,  -0.200,   4.943,   0.000,   5.143
202607110006,   4.994,9999.000,9999.000,9999.000,9999.000,9999.000,9999.000,9999.000,9999.000
202607110012,   5.088,9999.000,9999.000,9999.000,9999.000,9999.000,9999.000,9999.000,9999.000
202607110018,   5.193,9999.000,9999.000,9999.000,9999.000,9999.000,9999.000,9999.000,9999.000
202607110024,   5.309,9999.000,9999.000,9999.000,9999.000,9999.000,9999.000,9999.000,9999.000
202607110030,   5.436,9999.000,9999.000,9999.000,9999.000,9999.000,9999.000,9999.000,9999.000
202607110036,   5.575,9999.000,9999.000,9999.000,9999.000,9999.000,9999.000,9999.000,9999.000
202607110042,   5.723,9999.000,9999.000,9999.000,9999.000,9999.000,9999.000,9999.000,9999.000
202607110048,   5.882,9999.000,9999.000,9999.000,9999.000,9999.000,9999.000,9999.000,9999.000
202607110054,   6.051,9999.000,9999.000,9999.000,9999.000,9999.000,9999.000,9999.000,9999.000
202607110100,   6.230,9999.000,  -0.100,   0.230,   6.360,  -0.200,   6.260,   0.000,   6.460
202607110106,   6.417,9999.000,9999.000,9999.000,9999.000,9999.000,9999.000,9999.000,9999.000
202607110112,   6.614,9999.000,9999.000,9999.000,9999.000,9999.000,9999.000,9999.000,9999.000
202607110118,   6.818,9999.000,9999.000,9999.000,9999.000,9999.000,9999.000,9999.000,9999.000
202607110124,   7.031,9999.000,9999.000,9999.000,9999.000,9999.000,9999.000,9999.000,9999.000
202607110130,   7.250,9999.000,9999.000,9999.000,9999.000,9999.000,9999.000,9999.000,9999.000
202607110136,   7.477,9999.000,9999.000,9999.000,9999.000,9999.000,9999.000,9999.000,9999.000
202607110142,   7.710,9999.000,9999.000,9999.000,9999.000,9999.000,9999.000,9999.000,9999.000
202607110148,   7.948,9999.000,9999.000,9999.000,9999.000,9999.000,9999.000,9999.000,9999.000
202607110154,   8.192,9999.000,9999.000,9999.000,9999.000,9999.000,9999.000,9999.000,9999.000
202607110200,   8.440,9999.000,  -0.100,   0.230,   8.570,  -0.200,   8.470,   0.000,   8.670
202607110206,   8.693,9999.000,9999.000,9999.000,9999.000,9999.000,9999.000,9999.000,9999.000
202607110212,   8.949,9999.000,9999.000,9999.000,9999.000,9999.000,9999.000,9999.000,9999.000
202607110218,   9.208,9999.000,9999.000,9999.000,9999.000,9999.000,9999.000,9999.000,9999.000
202607110224,   9.469,9999.000,9999.000,9999.000,9999.000,9999.000,9999.000,9999.000,9999.000
202607110230,   9.732,9999.000,9999.000,9999.000,9999.000,9999.000,9999.000,9999.000,9999.000
202607110236,   9.995,9999.000,9999.000,9999.000,9999.000,9999.000,9999.000,9999.000,9999.000
202607110242,  10.260,9999.000,9999.000,9999.000,9999.000,9999.000,9999.000,9999.000,9999.000
202607110248,  10.524,9999.000,9999.000,9999.000,9999.000,9999.000,9999.000,9999.000,9999.000
202607110254,  10.787,9999.000,9999.000,9999.000,9999.000,9999.000,9999.000,9999.000,9999.000
202607110300,  11.049,9999.000,  -0.100,   0.230,  11.179,  -0.200,  11.079,   0.000,  11.279
202607110306,  11.308,9999.000,9999.000,9999.000,9999.000,9999.000,9999.000,9999.000,9999.000
202607110312,  11.565,9999.000,9999.000,9999.000,9999.000,9999.000,9999.000,9999.000,9999.000
202607110318,  11.819,9999.000,9999.000,9999.000,9999.000,9999.000,9999.000,9999.000,9999.000
202607110324,  12.069,9999.000,9999.000,9999.000,9999.000,9999.000,9999.000,9999.000,9999.000
202607110330,  12.314,9999.000,9999.000,9999.000,9999.000,9999.000,9999.000,9999.000,9999.000
202607110336,  12.554,9999.000,9999.000,9999.000,9999.000,9999.000,9999.000,9999.000,9999.000
202607110342,  12.788,9999.000,9999.000,9999.000,9999.000,9999.000,9999.000,9999.000,9999.000
202607110348,  13.016,9999.000,9999.000,9999.000,9999.000,9999.000,9999.000,9999.000,9999.000
202607110354,  13.238,9999.000,9999.000,9999.000,9999.000,9999.000,9999.000,9999.000,9999.000
202607110400,  13.451,9999.000,  -0.100,   0.230,  13.581,  -0.200,  13.481,   0.000,  13.681
202607110406,  13.657,9999.000,9999.000,9999.000,9999.000,9999.000,9999.000,9999.000,9999.000
202607110412,  13.854,9999.000,9999.000,9999.000,9999.000,9999.000,9999.000,9999.000,9999.000
202607110418,  14.043,9999.000,9999.000,9999.000,9999.000,9999.000,9999.000,9999.000,9999.000
202607110424,  14.222,9999.000,9999.000,9999.000,9999.000,9999.000,9999.000,9999.000,9999.000
202607110430,  14.391,9999.000,9999.000,9999.000,9999.000,9999.000,9999.000,9999.000,9999.000
202607110436,  14.549,9999.000,9999.000,9999.000,9999.000,9999.000,9999.000,9999.000,9999.000
202607110442,  14.697,9999.000,9999.000,9999.000,9999.000,9999.000,9999.000,9999.000,9999.000
202607110448,  14.833,9999.000,9999.000,9999.000,9999.000,9999.000,9999.000,9999.000,9999.000
202607110454,  14.957,9999.000,9999.000,9999.000,9999.000,9999.000,9999.000,9999.000,9999.000
202607110500,  15.070,9999.000,  -0.200,   0.230,  15.100,  -0.300,  15.000,  -0.100,  15.200
202607110506,  15.170,9999.000,9999.000,9999.000,9999.000,9999.000,9999.000,9999.000,9999.000
202607110512,  15.257,9999.000,9999.000,9999.000,9999.000,9999.000,9999.000,9999.000,9999.000
202607110518,  15.331,9999.000,9999.000,9999.000,9999.000,9999.000,9999.000,9999.000,9999.000
202607110524,  15.392,9999.000,9999.000,9999.000,9999.000,9999.000,9999.000,9999.000,9999.000
202607110530,  15.439,9999.000,9999.000,9999.000,9999.000,9999.000,9999.000,9999.000,9999.000
202607110536,  15.473,9999.000,9999.000,9999.000,9999.000,9999.000,9999.000,9999.000,9999.000
202607110542,  15.492,9999.000,9999.000,9999.000,9999.000,9999.000,9999.000,9999.000,9999.000
202607110548,  15.497,9999.000,9999.000,9999.000,9999.000,9999.000,9999.000,9999.000,9999.000
202607110554,  15.488,9999.000,9999.000,9999.000,9999.000,9999.000,9999.000,9999.000,9999.000
202607110600,  15.464,9999.000,  -0.300,   0.230,  15.394,  -0.400,  15.294,  -0.100,  15.594
202607110606,  15.426,9999.000,9999.000,9999.000,9999.000,9999.000,9999.000,9999.000,9999.000
202607110612,  15.372,9999.000,9999.000,9999.000,9999.000,9999.000,9999.000,9999.000,9999.000
202607110618,  15.305,9999.000,9999.000,9999.000,9999.000,9999.000,9999.000,9999.000,9999.000
202607110624,  15.222,9999.000,9999.000,9999.000,9999.000,9999.000,9999.000,9999.000,9999.000
202607110630,  15.125,9999.000,9999.000,9999.000,9999.000,9999.000,9999.000,9999.000,9999.000
202607110636,  15.013,9999.000,9999.000,9999.000,9999.000,9999.000,9999.000,9999.000,9999.000
202607110642,  14.887,9999.000,9999.000,9999.000,9999.000,9999.000,9999.000,9999.000,9999.000
202607110648,  14.746,9999.000,9999.000,9999.000,9999.000,9999.000,9999.000,9999.000,9999.000
202607110654,  14.591,9999.000,9999.000,9999.000,9999.000,9999.000,9999.000,9999.000,9999.000
202607110700,  14.422,9999.000,  -0.300,   0.230,  14.352,  -0.400,  14.252,  -0.200,  14.452
202607110706,  14.239,9999.000,9999.000,9999.000,9999.000,9999.000,9999.000,9999.000,9999.000
202607110712,  14.043,9999.000,9999.000,9999.000,9999.000,9999.000,9999.000,9999.000,9999.000
202607110718,  13.833,9999.000,9999.000,9999.000,9999.000,9999.000,9999.000,9999.000,9999.000
202607110724,  13.610,9999.000,9999.000,9999.000,9999.000,9999.000,9999.000,9999.000,9999.000
202607110730,  13.375,9999.000,9999.000,9999.000,9999.000,9999.000,9999.000,9999.000,9999.000
202607110736,  13.128,9999.000,9999.000,9999.000,9999.000,9999.000,9999.000,9999.000,9999.000
202607110742,  12.869,9999.000,9999.000,9999.000,9999.000,9999.000,9999.000,9999.000,9999.000
202607110748,  12.598,9999.000,9999.000,9999.000,9999.000,9999.000,9999.000,9999.000,9999.000
202607110754,  12.317,9999.000,9999.000,9999.000,9999.000,9999.000,9999.000,9999.000,9999.000
202607110800,  12.025,9999.000,  -0.300,   0.230,  11.955,  -0.400,  11.855,  -0.200,  12.055
202607110806,  11.723,9999.000,9999.000,9999.000,9999.000,9999.000,9999.000,9999.000,9999.000
202607110812,  11.412,9999.000,9999.000,9999.000,9999.000,9999.000,9999.000,9999.000,9999.000
202607110818,  11.093,9999.000,9999.000,9999.000,9999.000,9999.000,9999.000,9999.000,9999.000
202607110824,  10.765,9999.000,9999.000,9999.000,9999.000,9999.000,9999.000,9999.000,9999.000
202607110830,  10.430,9999.000,9999.000,9999.000,9999.000,9999.000,9999.000,9999.000,9999.000
202607110836,  10.088,9999.000,9999.000,9999.000,9999.000,9999.000,9999.000,9999.000,9999.000
202607110842,   9.740,9999.000,9999.000,9999.000,9999.000,9999.000,9999.000,9999.000,9999.000
202607110848,   9.387,9999.000,9999.000,9999.000,9999.000,9999.000,9999.000,9999.000,9999.000
202607110854,   9.029,9999.000,9999.000,9999.000,9999.000,9999.000,9999.000,9999.000,9999.000
202607110900,   8.667,9999.000,  -0.300,   0.230,   8.597,  -0.400,   8.497,  -0.200,   8.697
202607110906,   8.302,9999.000,9999.000,9999.000,9999.000,9999.000,9999.000,9999.000,9999.000
202607110912,   7.935,9999.000,9999.000,9999.000,9999.000,9999.000,9999.000,9999.000,9999.000
202607110918,   7.566,9999.000,9999.000,9999.000,9999.000,9999.000,9999.000,9999.000,9999.000
202607110924,   7.197,9999.000,9999.000,9999.000,9999.000,9999.000,9999.000,9999.000,9999.000
202607110930,   6.827,9999.000,9999.000,9999.000,9999.000,9999.000,9999.000,9999.000,9999.000
202607110936,   6.458,9999.000,9999.000,9999.000,9999.000,9999.000,9999.000,9999.000,9999.000
202607110942,   6.090,9999.000,9999.000,9999.000,9999.000,9999.000,9999.000,9999.000,9999.000
202607110948,   5.725,9999.000,9999.000,9999.000,9999.000,9999.000,9999.000,9999.000,9999.000
202607110954,   5.364,9999.000,9999.000,9999.000,9999.000,9999.000,9999.000,9999.000,9999.000
202607111000,   5.006,9999.000,  -0.200,   0.230,   5.036,  -0.300,   4.936,  -0.100,   5.136
202607111006,   4.653,9999.000,9999.000,9999.000,9999.000,9999.000,9999.000,9999.000,9999.000
202607111012,   4.305,9999.000,9999.000,9999.000,9999.000,9999.000,9999.000,9999.000,9999.000
202607111018,   3.964,9999.000,9999.000,9999.000,9999.000,9999.000,9999.000,9999.000,9999.000
202607111024,   3.630,9999.000,9999.000,9999.000,9999.000,9999.000,9999.000,9999.000,9999.000
202607111030,   3.304,9999.000,9999.000,9999.000,9999.000,9999.000,9999.000,9999.000,9999.000
202607111036,   2.986,9999.000,9999.000,9999.000,9999.000,9999.000,9999.000,9999.000,9999.000
202607111042,   2.678,9999.000,9999.000,9999.000,9999.000,9999.000,9999.000,9999.000,9999.000
202607111048,   2.380,9999.000,9999.000,9999.000,9999.000,9999.000,9999.000,9999.000,9999.000
202607111054,   2.092,9999.000,9999.000,9999.000,9999.000,9999.000,9999.000,9999.000,9999.000
202607111100,   1.816,9999.000,  -0.200,   0.230,   1.846,  -0.300,   1.746,  -0.100,   1.946
202607111106,   1.551,9999.000,9999.000,9999.000,9999.000,9999.000,9999.000,9999.000,9999.000
202607111112,   1.299,9999.000,9999.000,9999.000,9999.000,9999.000,9999.000,9999.000,9999.000
202607111118,   1.060,9999.000,9999.000,9999.000,9999.000,9999.000,9999.000,9999.000,9999.000
202607111124,   0.835,9999.000,9999.000,9999.000,9999.000,9999.000,9999.000,9999.000,9999.000
202607111130,   0.623,9999.000,9999.000,9999.000,9999.000,9999.000,9999.000,9999.000,9999.000
202607111136,   0.427,9999.000,9999.000,9999.000,9999.000,9999.000,9999.000,9999.000,9999.000
202607111142,   0.245,9999.000,9999.000,9999.000,9999.000,9999.000,9999.000,9999.000,9999.000
202607111148,   0.078,9999.000,9999.000,9999.000,9999.000,9999.000,9999.000,9999.000,9999.000
202607111154,  -0.072,9999.000,9999.000,9999.000,9999.000,9999.000,9999.000,9999.000,9999.000
202607111200,  -0.208,9999.000,  -0.100,   0.230,  -0.078,  -0.200,  -0.178,   0.000,   0.022
