        TIME,    TIDE,      OB,   SURGE,    BIAS,     TWL,SURGE90p,  TWL90p,SURGE10p,   TWL10p
202605050000,   1.097,  -0.751,   0.000,  -1.848,  -0.751,   0.000,  -0.751,   0.100,  -0.651
202605050006,   1.159,  -0.708,9999.000,9999.000,9999.000,9999.000,9999.000,9999.000,9999.000
202605050012,   1.222,  -0.669,9999.000,9999.000,9999.000,9999.000,9999.000,9999.000,9999.000
202605050018,   1.285,  -0.619,9999.000,9999.000,9999.000,9999.000,9999.000,9999.000,9999.000
202605050024,   1.348,  -0.580,9999.000,9999.000,9999.000,9999.000,9999.000,9999.000,9999.000
202605050030,   1.410,  -0.541,9999.000,9999.000,9999.000,9999.000,9999.000,9999.000,9999.000
202605050036,   1.471,  -0.478,9999.000,9999.000,9999.000,9999.000,9999.000,9999.000,9999.000
202605050042,   1.532,  -0.439,9999.000,9999.000,9999.000,9999.000,9999.000,9999.000,9999.000
202605050048,   1.591,  -0.409,9999.000,9999.000,9999.000,9999.000,9999.000,9999.000,9999.000
202605050054,   1.650,  -0.350,9999.000,9999.000,9999.000,9999.000,9999.000,9999.000,9999.000
202605050100,   1.707,  -0.298,   0.000,  -2.005,  -0.298,  -0.100,  -0.398,   0.000,  -0.298
202605050106,   1.764,  -0.259,9999.000,9999.000,9999.000,9999.000,9999.000,9999.000,9999.000
202605050112,   1.818,  -0.219,9999.000,9999.000,9999.000,9999.000,9999.000,9999.000,9999.000
202605050118,   1.871,  -0.200,9999.000,9999.000,9999.000,9999.000,9999.000,9999.000,9999.000
202605050124,   1.923,  -0.141,9999.000,9999.000,9999.000,9999.000,9999.000,9999.000,9999.000
202605050130,   1.973,  -0.078,9999.000,9999.000,9999.000,9999.000,9999.000,9999.000,9999.000
202605050136,   2.021,  -0.029,9999.000,9999.000,9999.000,9999.000,9999.000,9999.000,9999.000
202605050142,   2.067,   0.019,9999.000,9999.000,9999.000,9999.000,9999.000,9999.000,9999.000
202605050148,   2.111,   0.068,9999.000,9999.000,9999.000,9999.000,9999.000,9999.000,9999.000
202605050154,   2.153,   0.111,9999.000,9999.000,9999.000,9999.000,9999.000,9999.000,9999.000
202605050200,   2.193,   0.150,   0.000,  -2.043,   0.150,  -0.100,   0.050,   0.000,   0.150
202605050206,   2.231,   0.190,9999.000,9999.000,9999.000,9999.000,9999.000,9999.000,9999.000
202605050212,   2.267,   0.219,9999.000,9999.000,9999.000,9999.000,9999.000,9999.000,9999.000
202605050218,   2.300,   0.278,9999.000,9999.000,9999.000,9999.000,9999.000,9999.000,9999.000
202605050224,   2.330,   0.321,9999.000,9999.000,9999.000,9999.000,9999.000,9999.000,9999.000
202605050230,   2.358,   0.370,9999.000,9999.000,9999.000,9999.000,9999.000,9999.000,9999.000
202605050236,   2.382,   0.400,9999.000,9999.000,9999.000,9999.000,9999.000,9999.000,9999.000
202605050242,   2.404,   0.439,9999.000,9999.000,9999.000,9999.000,9999.000,9999.000,9999.000
202605050248,   2.422,   0.498,9999.000,9999.000,9999.000,9999.000,9999.000,9999.000,9999.000
202605050254,   2.437,   0.541,9999.000,9999.000,9999.000,9999.000,9999.000,9999.000,9999.000
202605050300,   2.449,   0.580,  -0.100,  -1.769,   0.580,  -0.200,   0.480,   0.000,   0.680
202605050306,   2.457,   0.619,9999.000,9999.000,9999.000,9999.000,9999.000,9999.000,9999.000
202605050312,   2.461,   0.639,9999.000,9999.000,9999.000,9999.000,9999.000,9999.000,9999.000
202605050318,   2.462,   0.688,9999.000,9999.000,9999.000,9999.000,9999.000,9999.000,9999.000
202605050324,   2.458,   0.708,9999.000,9999.000,9999.000,9999.000,9999.000,9999.000,9999.000
202605050330,   2.451,   0.741,9999.000,9999.000,9999.000,9999.000,9999.000,9999.000,9999.000
202605050336,   2.440,   0.751,9999.000,9999.000,9999.000,9999.000,9999.000,9999.000,9999.000
202605050342,   2.425,   0.780,9999.000,9999.000,9999.000,9999.000,9999.000,9999.000,9999.000
202605050348,   2.407,   0.810,9999.000,9999.000,9999.000,9999.000,9999.000,9999.000,9999.000
202605050354,   2.385,   0.819,9999.000,9999.000,9999.000,9999.000,9999.000,9999.000,9999.000
202605050400,   2.359,   0.829,  -0.200,  -1.330,   0.829,  -0.300,   0.729,  -0.100,   0.929
202605050406,   2.330,   0.839,9999.000,9999.000,9999.000,9999.000,9999.000,9999.000,9999.000
202605050412,   2.298,   0.859,9999.000,9999.000,9999.000,9999.000,9999.000,9999.000,9999.000
202605050418,   2.263,   0.859,9999.000,9999.000,9999.000,9999.000,9999.000,9999.000,9999.000
202605050424,   2.226,   0.849,9999.000,9999.000,9999.000,9999.000,9999.000,9999.000,9999.000
202605050430,   2.186,   0.819,9999.000,9999.000,9999.000,9999.000,9999.000,9999.000,9999.000
202605050436,   2.144,   0.800,9999.000,9999.000,9999.000,9999.000,9999.000,9999.000,9999.000
202605050442,   2.100,   0.780,9999.000,9999.000,9999.000,9999.000,9999.000,9999.000,9999.000
202605050448,   2.054,   0.751,9999.000,9999.000,9999.000,9999.000,9999.000,9999.000,9999.000
202605050454,   2.008,   0.698,9999.000,9999.000,9999.000,9999.000,9999.000,9999.000,9999.000
202605050500,   1.960,   0.669,  -0.300,  -0.991,   0.669,  -0.400,   0.569,  -0.200,   0.769
202605050506,   1.912,   0.629,9999.000,9999.000,9999.000,9999.000,9999.000,9999.000,9999.000
202605050512,   1.863,   0.580,9999.000,9999.000,9999.000,9999.000,9999.000,9999.000,9999.000
202605050518,   1.814,   0.531,9999.000,9999.000,9999.000,9999.000,9999.000,9999.000,9999.000
202605050524,   1.765,   0.478,9999.000,9999.000,9999.000,9999.000,9999.000,9999.000,9999.000
202605050530,   1.716,   0.449,9999.000,9999.000,9999.000,9999.000,9999.000,9999.000,9999.000
202605050536,   1.667,   0.419,9999.000,9999.000,9999.000,9999.000,9999.000,9999.000,9999.000
202605050542,   1.619,   0.380,9999.000,9999.000,9999.000,9999.000,9999.000,9999.000,9999.000
202605050548,   1.572,   0.350,9999.000,9999.000,9999.000,9999.000,9999.000,9999.000,9999.000
202605050554,   1.525,   0.321,9999.000,9999.000,9999.000,9999.000,9999.000,9999.000,9999.000
202605050600,   1.478,   0.298,  -0.200,  -0.980,   0.298,  -0.400,   0.098,  -0.100,   0.398
202605050606,   1.433,   0.268,9999.000,9999.000,9999.000,9999.000,9999.000,9999.000,9999.000
202605050612,   1.388,   0.239,9999.000,9999.000,9999.000,9999.000,9999.000,9999.000,9999.000
202605050618,   1.344,   0.200,9999.000,9999.000,9999.000,9999.000,9999.000,9999.000,9999.000
202605050624,   1.300,   0.160,9999.000,9999.000,9999.000,9999.000,9999.000,9999.000,9999.000
202605050630,   1.257,   0.121,9999.000,9999.000,9999.000,9999.000,9999.000,9999.000,9999.000
202605050636,   1.215,   0.078,9999.000,9999.000,9999.000,9999.000,9999.000,9999.000,9999.000
202605050642,   1.174,   0.039,9999.000,9999.000,9999.000,9999.000,9999.000,9999.000,9999.000
202605050648,   1.133,   0.000,9999.000,9999.000,9999.000,9999.000,9999.000,9999.000,9999.000
202605050654,   1.092,  -0.039,9999.000,9999.000,9999.000,9999.000,9999.000,9999.000,9999.000
202605050700,   1.052,  -0.078,  -0.300,  -0.830,  -0.078,  -0.500,  -0.278,  -0.100,   0.122
202605050706,   1.012,  -0.121,9999.000,9999.000,9999.000,9999.000,9999.000,9999.000,9999.000
202605050712,   0.973,  -0.160,9999.000,9999.000,9999.000,9999.000,9999.000,9999.000,9999.000
202605050718,   0.935,  -0.200,9999.000,9999.000,9999.000,9999.000,9999.000,9999.000,9999.000
202605050724,   0.896,  -0.229,9999.000,9999.000,9999.000,9999.000,9999.000,9999.000,9999.000
202605050730,   0.859,  -0.268,9999.000,9999.000,9999.000,9999.000,9999.000,9999.000,9999.000
202605050736,   0.822,  -0.308,9999.000,9999.000,9999.000,9999.000,9999.000,9999.000,9999.000
202605050742,   0.785,  -0.350,9999.000,9999.000,9999.000,9999.000,9999.000,9999.000,9999.000
202605050748,   0.749,  -0.390,9999.000,9999.000,9999.000,9999.000,9999.000,9999.000,9999.000
202605050754,   0.714,  -0.429,9999.000,9999.000,9999.000,9999.000,9999.000,9999.000,9999.000
202605050800,   0.680,  -0.469,  -0.300,  -0.849,  -0.469,  -0.500,  -0.669,  -0.100,  -0.269
202605050806,   0.646,  -0.508,9999.000,9999.000,9999.000,9999.000,9999.000,9999.000,9999.000
202605050812,   0.613,  -0.551,9999.000,9999.000,9999.000,9999.000,9999.000,9999.000,9999.000
202605050818,   0.582,  -0.590,9999.000,9999.000,9999.000,9999.000,9999.000,9999.000,9999.000
202605050824,   0.551,  -0.629,9999.000,9999.000,9999.000,9999.000,9999.000,9999.000,9999.000
202605050830,   0.521,  -0.669,9999.000,9999.000,9999.000,9999.000,9999.000,9999.000,9999.000
202605050836,   0.493,  -0.698,9999.000,9999.000,9999.000,9999.000,9999.000,9999.000,9999.000
202605050842,   0.466,  -0.741,9999.000,9999.000,9999.000,9999.000,9999.000,9999.000,9999.000
202605050848,   0.440,  -0.780,9999.000,9999.000,9999.000,9999.000,9999.000,9999.000,9999.000
202605050854,   0.416,  -0.810,9999.000,9999.000,9999.000,9999.000,9999.000,9999.000,9999.000
202605050900,   0.392,  -0.849,  -0.300,  -0.941,  -0.849,  -0.500,  -1.049,  -0.200,  -0.749
202605050906,   0.371,  -0.879,9999.000,9999.000,9999.000,9999.000,9999.000,9999.000,9999.000
202605050912,   0.351,  -0.918,9999.000,9999.000,9999.000,9999.000,9999.000,9999.000,9999.000
202605050918,   0.332,  -0.951,9999.000,9999.000,9999.000,9999.000,9999.000,9999.000,9999.000
202605050924,   0.315,  -0.980,9999.000,9999.000,9999.000,9999.000,9999.000,9999.000,9999.000
202605050930,   0.300,  -1.020,9999.000,9999.000,9999.000,9999.000,9999.000,9999.000,9999.000
202605050936,   0.286,  -1.049,9999.000,9999.000,9999.000,9999.000,9999.000,9999.000,9999.000
202605050942,   0.274,  -1.079,9999.000,9999.000,9999.000,9999.000,9999.000,9999.000,9999.000
202605050948,   0.264,  -1.118,9999.000,9999.000,9999.000,9999.000,9999.000,9999.000,9999.000
202605050954,   0.255,  -1.151,9999.000,9999.000,9999.000,9999.000,9999.000,9999.000,9999.000
202605051000,   0.249,  -1.180,  -0.300,  -1.129,  -1.180,  -0.500,  -1.380,  -0.200,  -1.080
202605051006,   0.245,  -1.200,9999.000,9999.000,9999.000,9999.000,9999.000,9999.000,9999.000
202605051012,   0.242,  -1.220,9999.000,9999.000,9999.000,9999.000,9999.000,9999.000,9999.000
202605051018,   0.242,  -1.249,9999.000,9999.000,9999.000,9999.000,9999.000,9999.000,9999.000
202605051024,   0.244,  -1.269,9999.000,9999.000,9999.000,9999.000,9999.000,9999.000,9999.000
202605051030,   0.249,  -1.289,9999.000,9999.000,9999.000,9999.000,9999.000,9999.000,9999.000
202605051036,   0.256,  -1.318,9999.000,9999.000,9999.000,9999.000,9999.000,9999.000,9999.000
202605051042,   0.265,  -1.338,9999.000,9999.000,9999.000,9999.000,9999.000,9999.000,9999.000
202605051048,   0.276,  -1.371,9999.000,9999.000,9999.000,9999.000,9999.000,9999.000,9999.000
202605051054,   0.290,  -1.390,9999.000,9999.000,9999.000,9999.000,9999.000,9999.000,9999.000
202605051100,   0.307,  -1.410,  -0.400,  -1.317,  -1.410,  -0.500,  -1.510,  -0.200,  -1.210
202605051106,   0.326,  -1.420,9999.000,9999.000,9999.000,9999.000,9999.000,9999.000,9999.000
202605051112,   0.348,  -1.439,9999.000,9999.000,9999.000,9999.000,9999.000,9999.000,9999.000
202605051118,   0.372,  -1.449,9999.000,9999.000,9999.000,9999.000,9999.000,9999.000,9999.000
202605051124,   0.398,  -1.459,9999.000,9999.000,9999.000,9999.000,9999.000,9999.000,9999.000
202605051130,   0.426,  -1.469,9999.000,9999.000,9999.000,9999.000,9999.000,9999.000,9999.000
202605051136,   0.457,  -1.479,9999.000,9999.000,9999.000,9999.000,9999.000,9999.000,9999.000
202605051142,   0.490,  -1.479,9999.000,9999.000,9999.000,9999.000,9999.000,9999.000,9999.000
202605051148,   0.524,  -1.498,9999.000,9999.000,9999.000,9999.000,9999.000,9999.000,9999.000
202605051154,   0.561,  -1.489,9999.000,9999.000,9999.000,9999.000,9999.000,9999.000,9999.000
202605051200,   0.598,  -1.489,  -0.300,  -1.787,  -1.489,  -0.400,  -1.589,  -0.200,  -1.389
202605051206,   0.637,  -1.479,9999.000,9999.000,9999.000,9999.000,9999.000,9999.000,9999.000
202605051212,   0.677,  -1.459,9999.000,9999.000,9999.000,9999.000,9999.000,9999.000,9999.000
202605051218,   0.718,  -1.420,9999.000,9999.000,9999.000,9999.000,9999.000,9999.000,9999.000
202605051224,   0.760,  -1.380,9999.000,9999.000,9999.000,9999.000,9999.000,9999.000,9999.000
202605051230,   0.802,  -1.328,9999.000,9999.000,9999.000,9999.000,9999.000,9999.000,9999.000
202605051236,   0.845,  -1.279,9999.000,9999.000,9999.000,9999.000,9999.000,9999.000,9999.000
202605051242,   0.887,  -1.249,9999.000,9999.000,9999.000,9999.000,9999.000,9999.000,9999.000
202605051248,   0.929,  -1.220,9999.000,9999.000,9999.000,9999.000,9999.000,9999.000,9999.000
202605051254,   0.971,  -1.200,9999.000,9999.000,9999.000,9999.000,9999.000,9999.000,9999.000
202605051300,   1.013,  -1.170,  -0.300,  -1.883,  -1.170,  -0.400,  -1.270,  -0.200,  -1.070
202605051306,   1.053,  -1.151,9999.000,9999.000,9999.000,9999.000,9999.000,9999.000,9999.000
202605051312,   1.094,  -1.128,9999.000,9999.000,9999.000,9999.000,9999.000,9999.000,9999.000
202605051318,   1.133,  -1.118,9999.000,9999.000,9999.000,9999.000,9999.000,9999.000,9999.000
202605051324,   1.171,  -1.069,9999.000,9999.000,9999.000,9999.000,9999.000,9999.000,9999.000
202605051330,   1.208,  -1.039,9999.000,9999.000,9999.000,9999.000,9999.000,9999.000,9999.000
202605051336,   1.245,  -1.010,9999.000,9999.000,9999.000,9999.000,9999.000,9999.000,9999.000
202605051342,   1.280,  -0.970,9999.000,9999.000,9999.000,9999.000,9999.000,9999.000,9999.000
202605051348,   1.313,  -0.908,9999.000,9999.000,9999.000,9999.000,9999.000,9999.000,9999.000
202605051354,   1.346,  -0.869,9999.000,9999.000,9999.000,9999.000,9999.000,9999.000,9999.000
202605051400,   1.377,  -0.819,  -0.300,  -1.896,  -0.819,  -0.500,  -1.019,  -0.200,  -0.719
202605051406,   1.407,  -0.780,9999.000,9999.000,9999.000,9999.000,9999.000,9999.000,9999.000
202605051412,   1.436,  -0.731,9999.000,9999.000,9999.000,9999.000,9999.000,9999.000,9999.000
202605051418,   1.463,  -0.688,9999.000,9999.000,9999.000,9999.000,9999.000,9999.000,9999.000
202605051424,   1.488,  -0.649,9999.000,9999.000,9999.000,9999.000,9999.000,9999.000,9999.000
202605051430,   1.512,  -0.610,9999.000,9999.000,9999.000,9999.000,9999.000,9999.000,9999.000
202605051436,   1.534,  -0.560,9999.000,9999.000,9999.000,9999.000,9999.000,9999.000,9999.000
202605051442,   1.555,  -0.508,9999.000,9999.000,9999.000,9999.000,9999.000,9999.000,9999.000
202605051448,   1.573,  -0.469,9999.000,9999.000,9999.000,9999.000,9999.000,9999.000,9999.000
202605051454,   1.590,  -0.429,9999.000,9999.000,9999.000,9999.000,9999.000,9999.000,9999.000
202605051500,   1.604,  -0.380,  -0.400,  -1.584,  -0.380,  -0.500,  -0.480,  -0.300,  -0.280
202605051506,   1.617,  -0.341,9999.000,9999.000,9999.000,9999.000,9999.000,9999.000,9999.000
202605051512,   1.626,  -0.308,9999.000,9999.000,9999.000,9999.000,9999.000,9999.000,9999.000
202605051518,   1.634,  -0.278,9999.000,9999.000,9999.000,9999.000,9999.000,9999.000,9999.000
202605051524,   1.639,  -0.239,9999.000,9999.000,9999.000,9999.000,9999.000,9999.000,9999.000
202605051530,   1.641,  -0.200,9999.000,9999.000,9999.000,9999.000,9999.000,9999.000,9999.000
202605051536,   1.640,  -0.150,9999.000,9999.000,9999.000,9999.000,9999.000,9999.000,9999.000
202605051542,   1.636,  -0.121,9999.000,9999.000,9999.000,9999.000,9999.000,9999.000,9999.000
202605051548,   1.630,  -0.088,9999.000,9999.000,9999.000,9999.000,9999.000,9999.000,9999.000
202605051554,   1.620,  -0.049,9999.000,9999.000,9999.000,9999.000,9999.000,9999.000,9999.000
202605051600,   1.608,  -0.039,  -0.400,  -1.247,  -0.039,  -0.500,  -0.139,  -0.300,   0.061
202605051606,   1.592,  -0.019,9999.000,9999.000,9999.000,9999.000,9999.000,9999.000,9999.000
202605051612,   1.574,   0.019,9999.000,9999.000,9999.000,9999.000,9999.000,9999.000,9999.000
202605051618,   1.553,   0.019,9999.000,9999.000,9999.000,9999.000,9999.000,9999.000,9999.000
202605051624,   1.529,   0.029,9999.000,9999.000,9999.000,9999.000,9999.000,9999.000,9999.000
202605051630,   1.503,   0.039,9999.000,9999.000,9999.000,9999.000,9999.000,9999.000,9999.000
202605051636,   1.475,   0.059,9999.000,9999.000,9999.000,9999.000,9999.000,9999.000,9999.000
202605051642,   1.444,   0.049,9999.000,9999.000,9999.000,9999.000,9999.000,9999.000,9999.000
202605051648,   1.412,   0.049,9999.000,9999.000,9999.000,9999.000,9999.000,9999.000,9999.000
202605051654,   1.378,   0.049,9999.000,9999.000,9999.000,9999.000,9999.000,9999.000,9999.000
202605051700,   1.342,   0.039,  -0.400,  -0.903,   0.039,  -0.500,  -0.061,  -0.300,   0.139
202605051706,   1.306,   0.019,9999.000,9999.000,9999.000,9999.000,9999.000,9999.000,9999.000
202605051712,   1.268,  -0.009,9999.000,9999.000,9999.000,9999.000,9999.000,9999.000,9999.000
202605051718,   1.230,  -0.039,9999.000,9999.000,9999.000,9999.000,9999.000,9999.000,9999.000
202605051724,   1.192,  -0.068,9999.000,9999.000,9999.000,9999.000,9999.000,9999.000,9999.000
202605051730,   1.153,  -0.078,9999.000,9999.000,9999.000,9999.000,9999.000,9999.000,9999.000
202605051736,   1.115,  -0.131,9999.000,9999.000,9999.000,9999.000,9999.000,9999.000,9999.000
202605051742,   1.077,  -0.150,9999.000,9999.000,9999.000,9999.000,9999.000,9999.000,9999.000
202605051748,   1.039,  -0.190,9999.000,9999.000,9999.000,9999.000,9999.000,9999.000,9999.000
202605051754,   1.002,  -0.229,9999.000,9999.000,9999.000,9999.000,9999.000,9999.000,9999.000
202605051800,   0.966,  -0.278,  -0.400,  -0.844,  -0.278,  -0.500,  -0.378,  -0.300,  -0.178
202605051806,   0.930,  -0.308,9999.000,9999.000,9999.000,9999.000,9999.000,9999.000,9999.000
202605051812,   0.896,  -0.360,9999.000,9999.000,9999.000,9999.000,9999.000,9999.000,9999.000
202605051818,   0.862,  -0.380,9999.000,9999.000,9999.000,9999.000,9999.000,9999.000,9999.000
202605051824,   0.829,  -0.419,9999.000,9999.000,9999.000,9999.000,9999.000,9999.000,9999.000
202605051830,   0.798,  -0.439,9999.000,9999.000,9999.000,9999.000,9999.000,9999.000,9999.000
202605051836,   0.767,  -0.449,9999.000,9999.000,9999.000,9999.000,9999.000,9999.000,9999.000
202605051842,   0.737,  -0.488,9999.000,9999.000,9999.000,9999.000,9999.000,9999.000,9999.000
202605051848,   0.709,  -0.531,9999.000,9999.000,9999.000,9999.000,9999.000,9999.000,9999.000
202605051854,   0.681,  -0.551,9999.000,9999.000,9999.000,9999.000,9999.000,9999.000,9999.000
202605051900,   0.653,  -0.580,  -0.400,  -0.833,  -0.580,  -0.500,  -0.680,  -0.300,  -0.480
202605051906,   0.627,  -0.619,9999.000,9999.000,9999.000,9999.000,9999.000,9999.000,9999.000
202605051912,   0.601,  -0.649,9999.000,9999.000,9999.000,9999.000,9999.000,9999.000,9999.000
202605051918,   0.576,  -0.669,9999.000,9999.000,9999.000,9999.000,9999.000,9999.000,9999.000
202605051924,   0.551,  -0.698,9999.000,9999.000,9999.000,9999.000,9999.000,9999.000,9999.000
202605051930,   0.527,  -0.751,9999.000,9999.000,9999.000,9999.000,9999.000,9999.000,9999.000
202605051936,   0.503,  -0.790,9999.000,9999.000,9999.000,9999.000,9999.000,9999.000,9999.000
202605051942,   0.480,  -0.790,9999.000,9999.000,9999.000,9999.000,9999.000,9999.000,9999.000
202605051948,   0.457,  -0.819,9999.000,9999.000,9999.000,9999.000,9999.000,9999.000,9999.000
202605051954,   0.435,  -0.869,9999.000,9999.000,9999.000,9999.000,9999.000,9999.000,9999.000
202605052000,   0.413,  -0.888,  -0.400,  -0.901,  -0.888,  -0.500,  -0.988,  -0.300,  -0.788
202605052006,   0.392,  -0.918,9999.000,9999.000,9999.000,9999.000,9999.000,9999.000,9999.000
202605052012,   0.371,  -0.980,9999.000,9999.000,9999.000,9999.000,9999.000,9999.000,9999.000
202605052018,   0.351,  -1.029,9999.000,9999.000,9999.000,9999.000,9999.000,9999.000,9999.000
202605052024,   0.332,  -1.069,9999.000,9999.000,9999.000,9999.000,9999.000,9999.000,9999.000
202605052030,   0.314,  -1.088,9999.000,9999.000,9999.000,9999.000,9999.000,9999.000,9999.000
202605052036,   0.296,  -1.098,9999.000,9999.000,9999.000,9999.000,9999.000,9999.000,9999.000
202605052042,   0.280,  -1.128,9999.000,9999.000,9999.000,9999.000,9999.000,9999.000,9999.000
202605052048,   0.265,  -1.161,9999.000,9999.000,9999.000,9999.000,9999.000,9999.000,9999.000
202605052054,   0.251,  -1.190,9999.000,9999.000,9999.000,9999.000,9999.000,9999.000,9999.000
202605052100,   0.238,  -1.220,  -0.400,  -1.058,  -1.220,  -0.500,  -1.320,  -0.400,  -1.220
202605052106,   0.226,  -1.259,9999.000,9999.000,9999.000,9999.000,9999.000,9999.000,9999.000
202605052112,   0.216,  -1.308,9999.000,9999.000,9999.000,9999.000,9999.000,9999.000,9999.000
202605052118,   0.207,  -1.338,9999.000,9999.000,9999.000,9999.000,9999.000,9999.000,9999.000
202605052124,   0.199,  -1.361,9999.000,9999.000,9999.000,9999.000,9999.000,9999.000,9999.000
202605052130,   0.193,  -1.400,9999.000,9999.000,9999.000,9999.000,9999.000,9999.000,9999.000
202605052136,   0.189,  -1.420,9999.000,9999.000,9999.000,9999.000,9999.000,9999.000,9999.000
202605052142,   0.187,  -1.449,9999.000,9999.000,9999.000,9999.000,9999.000,9999.000,9999.000
202605052148,   0.186,  -1.479,9999.000,9999.000,9999.000,9999.000,9999.000,9999.000,9999.000
202605052154,   0.187,  -1.508,9999.000,9999.000,9999.000,9999.000,9999.000,9999.000,9999.000
202605052200,   0.190,  -1.528,  -0.500,  -1.218,  -1.528,  -0.500,  -1.528,  -0.400,  -1.428
202605052206,   0.195,  -1.557,9999.000,9999.000,9999.000,9999.000,9999.000,9999.000,9999.000
202605052212,   0.202,  -1.580,9999.000,9999.000,9999.000,9999.000,9999.000,9999.000,9999.000
202605052218,   0.211,  -1.580,9999.000,9999.000,9999.000,9999.000,9999.000,9999.000,9999.000
202605052224,   0.222,  -1.630,9999.000,9999.000,9999.000,9999.000,9999.000,9999.000,9999.000
202605052230,   0.236,  -1.649,9999.000,9999.000,9999.000,9999.000,9999.000,9999.000,9999.000
202605052236,   0.252,  -1.659,9999.000,9999.000,9999.000,9999.000,9999.000,9999.000,9999.000
202605052242,   0.270,  -1.679,9999.000,9999.000,9999.000,9999.000,9999.000,9999.000,9999.000
202605052248,   0.290,  -1.718,9999.000,9999.000,9999.000,9999.000,9999.000,9999.000,9999.000
202605052254,   0.313,  -1.708,9999.000,9999.000,9999.000,9999.000,9999.000,9999.000,9999.000
202605052300,   0.339,  -1.718,  -0.500,  -1.557,  -1.718,  -0.600,  -1.818,  -0.400,  -1.618
202605052306,   0.367,  -1.738,9999.000,9999.000,9999.000,9999.000,9999.000,9999.000,9999.000
202605052312,   0.398,  -1.758,9999.000,9999.000,9999.000,9999.000,9999.000,9999.000,9999.000
202605052318,   0.432,  -1.758,9999.000,9999.000,9999.000,9999.000,9999.000,9999.000,9999.000
202605052324,   0.468,  -1.781,9999.000,9999.000,9999.000,9999.000,9999.000,9999.000,9999.000
202605052330,   0.507,  -1.790,9999.000,9999.000,9999.000,9999.000,9999.000,9999.000,9999.000
202605052336,   0.549,  -1.767,9999.000,9999.000,9999.000,9999.000,9999.000,9999.000,9999.000
202605052342,   0.593,  -1.758,9999.000,9999.000,9999.000,9999.000,9999.000,9999.000,9999.000
202605052348,   0.639,  -1.738,9999.000,9999.000,9999.000,9999.000,9999.000,9999.000,9999.000
202605052354,   0.688,  -1.708,9999.000,9999.000,9999.000,9999.000,9999.000,9999.000,9999.000
202605060000,   0.739,  -1.679,  -0.500,  -1.918,  -1.679,  -0.600,  -1.779,  -0.400,  -1.579
202605060006,   0.792,  -1.639,9999.000,9999.000,9999.000,9999.000,9999.000,9999.000,9999.000
202605060012,   0.846,  -1.600,9999.000,9999.000,9999.000,9999.000,9999.000,9999.000,9999.000
202605060018,   0.903,  -1.557,9999.000,9999.000,9999.000,9999.000,9999.000,9999.000,9999.000
202605060024,   0.960,  -1.508,9999.000,9999.000,9999.000,9999.000,9999.000,9999.000,9999.000
202605060030,   1.019,  -1.479,9999.000,9999.000,9999.000,9999.000,9999.000,9999.000,9999.000
202605060036,   1.079,  -1.459,9999.000,9999.000,9999.000,9999.000,9999.000,9999.000,9999.000
202605060042,   1.139,  -1.420,9999.000,9999.000,9999.000,9999.000,9999.000,9999.000,9999.000
202605060048,   1.200,  -1.390,9999.000,9999.000,9999.000,9999.000,9999.000,9999.000,9999.000
202605060054,   1.261,  -1.361,9999.000,9999.000,9999.000,9999.000,9999.000,9999.000,9999.000
202605060100,   1.322,  -1.338,  -0.600,  -2.060,  -1.338,  -0.600,  -1.338,  -0.500,  -1.238
202605060106,   1.383,  -1.318,9999.000,9999.000,9999.000,9999.000,9999.000,9999.000,9999.000
202605060112,   1.443,  -1.279,9999.000,9999.000,9999.000,9999.000,9999.000,9999.000,9999.000
202605060118,   1.502,  -1.249,9999.000,9999.000,9999.000,9999.000,9999.000,9999.000,9999.000
202605060124,   1.560,  -1.210,9999.000,9999.000,9999.000,9999.000,9999.000,9999.000,9999.000
202605060130,   1.617,  -1.180,9999.000,9999.000,9999.000,9999.000,9999.000,9999.000,9999.000
202605060136,   1.673,  -1.128,9999.000,9999.000,9999.000,9999.000,9999.000,9999.000,9999.000
202605060142,   1.727,  -1.079,9999.000,9999.000,9999.000,9999.000,9999.000,9999.000,9999.000
202605060148,   1.780,  -1.039,9999.000,9999.000,9999.000,9999.000,9999.000,9999.000,9999.000
202605060154,   1.831,  -0.990,9999.000,9999.000,9999.000,9999.000,9999.000,9999.000,9999.000
202605060200,   1.880,  -0.951,  -0.600,  -2.231,  -0.951,  -0.700,  -1.051,  -0.500,  -0.851
202605060206,   1.927,  -0.908,9999.000,9999.000,9999.000,9999.000,9999.000,9999.000,9999.000
202605060212,   1.972,  -0.869,9999.000,9999.000,9999.000,9999.000,9999.000,9999.000,9999.000
202605060218,   2.016,  -0.839,9999.000,9999.000,9999.000,9999.000,9999.000,9999.000,9999.000
202605060224,   2.057,  -0.790,9999.000,9999.000,9999.000,9999.000,9999.000,9999.000,9999.000
202605060230,   2.095,  -0.741,9999.000,9999.000,9999.000,9999.000,9999.000,9999.000,9999.000
202605060236,   2.132,  -0.698,9999.000,9999.000,9999.000,9999.000,9999.000,9999.000,9999.000
202605060242,   2.166,  -0.659,9999.000,9999.000,9999.000,9999.000,9999.000,9999.000,9999.000
202605060248,   2.198,  -0.610,9999.000,9999.000,9999.000,9999.000,9999.000,9999.000,9999.000
202605060254,   2.228,  -0.560,9999.000,9999.000,9999.000,9999.000,9999.000,9999.000,9999.000
202605060300,   2.255,  -0.518,  -0.600,  -2.173,  -0.518,  -0.700,  -0.618,  -0.600,  -0.518
202605060306,   2.279,  -0.478,9999.000,9999.000,9999.000,9999.000,9999.000,9999.000,9999.000
202605060312,   2.301,  -0.429,9999.000,9999.000,9999.000,9999.000,9999.000,9999.000,9999.000
202605060318,   2.320,  -0.380,9999.000,9999.000,9999.000,9999.000,9999.000,9999.000,9999.000
202605060324,   2.336,  -0.331,9999.000,9999.000,9999.000,9999.000,9999.000,9999.000,9999.000
202605060330,   2.349,  -0.298,9999.000,9999.000,9999.000,9999.000,9999.000,9999.000,9999.000
202605060336,   2.359,  -0.268,9999.000,9999.000,9999.000,9999.000,9999.000,9999.000,9999.000
202605060342,   2.366,  -0.209,9999.000,9999.000,9999.000,9999.000,9999.000,9999.000,9999.000
202605060348,   2.369,  -0.190,9999.000,9999.000,9999.000,9999.000,9999.000,9999.000,9999.000
202605060354,   2.369,  -0.141,9999.000,9999.000,9999.000,9999.000,9999.000,9999.000,9999.000
202605060400,   2.365,  -0.098,  -0.700,  -1.763,  -0.098,  -0.800,  -0.198,  -0.600,   0.002
202605060406,   2.358,  -0.049,9999.000,9999.000,9999.000,9999.000,9999.000,9999.000,9999.000
202605060412,   2.348,  -0.009,9999.000,9999.000,9999.000,9999.000,9999.000,9999.000,9999.000
202605060418,   2.334,   0.029,9999.000,9999.000,9999.000,9999.000,9999.000,9999.000,9999.000
202605060424,   2.316,   0.059,9999.000,9999.000,9999.000,9999.000,9999.000,9999.000,9999.000
202605060430,   2.295,   0.088,9999.000,9999.000,9999.000,9999.000,9999.000,9999.000,9999.000
202605060436,   2.271,   0.131,9999.000,9999.000,9999.000,9999.000,9999.000,9999.000,9999.000
202605060442,   2.243,   0.160,9999.000,9999.000,9999.000,9999.000,9999.000,9999.000,9999.000
202605060448,   2.212,   0.190,9999.000,9999.000,9999.000,9999.000,9999.000,9999.000,9999.000
202605060454,   2.179,   0.200,9999.000,9999.000,9999.000,9999.000,9999.000,9999.000,9999.000
202605060500,   2.142,   0.219,  -0.700,  -1.223,   0.219,  -0.900,   0.019,  -0.700,   0.219
202605060506,   2.104,   0.229,9999.000,9999.000,9999.000,9999.000,9999.000,9999.000,9999.000
202605060512,   2.063,   0.239,9999.000,9999.000,9999.000,9999.000,9999.000,9999.000,9999.000
202605060518,   2.020,   0.239,9999.000,9999.000,9999.000,9999.000,9999.000,9999.000,9999.000
202605060524,   1.975,   0.229,9999.000,9999.000,9999.000,9999.000,9999.000,9999.000,9999.000
202605060530,   1.929,   0.219,9999.000,9999.000,9999.000,9999.000,9999.000,9999.000,9999.000
202605060536,   1.882,   0.209,9999.000,9999.000,9999.000,9999.000,9999.000,9999.000,9999.000
202605060542,   1.834,   0.180,9999.000,9999.000,9999.000,9999.000,9999.000,9999.000,9999.000
202605060548,   1.786,   0.160,9999.000,9999.000,9999.000,9999.000,9999.000,9999.000,9999.000
202605060554,   1.737,   0.121,9999.000,9999.000,9999.000,9999.000,9999.000,9999.000,9999.000
202605060600,   1.688,   0.078,  -0.700,  -0.910,   0.078,  -0.900,  -0.122,  -0.600,   0.178
202605060606,   1.640,   0.029,9999.000,9999.000,9999.000,9999.000,9999.000,9999.000,9999.000
202605060612,   1.592,  -0.009,9999.000,9999.000,9999.000,9999.000,9999.000,9999.000,9999.000
202605060618,   1.544,  -0.049,9999.000,9999.000,9999.000,9999.000,9999.000,9999.000,9999.000
202605060624,   1.498,  -0.088,9999.000,9999.000,9999.000,9999.000,9999.000,9999.000,9999.000
202605060630,   1.452,  -0.121,9999.000,9999.000,9999.000,9999.000,9999.000,9999.000,9999.000
202605060636,   1.407,  -0.150,9999.000,9999.000,9999.000,9999.000,9999.000,9999.000,9999.000
202605060642,   1.363,  -0.190,9999.000,9999.000,9999.000,9999.000,9999.000,9999.000,9999.000
202605060648,   1.320,  -0.209,9999.000,9999.000,9999.000,9999.000,9999.000,9999.000,9999.000
202605060654,   1.278,  -0.239,9999.000,9999.000,9999.000,9999.000,9999.000,9999.000,9999.000
202605060700,   1.238,  -0.259,  -0.700,  -0.797,  -0.259,  -1.000,  -0.559,  -0.600,  -0.159
202605060706,   1.198,  -0.288,9999.000,9999.000,9999.000,9999.000,9999.000,9999.000,9999.000
202605060712,   1.159,  -0.321,9999.000,9999.000,9999.000,9999.000,9999.000,9999.000,9999.000
202605060718,   1.121,  -0.360,9999.000,9999.000,9999.000,9999.000,9999.000,9999.000,9999.000
202605060724,   1.084,  -0.390,9999.000,9999.000,9999.000,9999.000,9999.000,9999.000,9999.000
202605060730,   1.048,  -0.419,9999.000,9999.000,9999.000,9999.000,9999.000,9999.000,9999.000
202605060736,   1.012,  -0.459,9999.000,9999.000,9999.000,9999.000,9999.000,9999.000,9999.000
202605060742,   0.978,  -0.498,9999.000,9999.000,9999.000,9999.000,9999.000,9999.000,9999.000
202605060748,   0.943,  -0.531,9999.000,9999.000,9999.000,9999.000,9999.000,9999.000,9999.000
202605060754,   0.909,  -0.570,9999.000,9999.000,9999.000,9999.000,9999.000,9999.000,9999.000
202605060800,   0.876,  -0.600,  -0.700,  -0.776,  -0.600,  -1.000,  -0.900,  -0.600,  -0.500
202605060806,   0.843,  -0.639,9999.000,9999.000,9999.000,9999.000,9999.000,9999.000,9999.000
202605060812,   0.811,  -0.678,9999.000,9999.000,9999.000,9999.000,9999.000,9999.000,9999.000
202605060818,   0.779,  -0.708,9999.000,9999.000,9999.000,9999.000,9999.000,9999.000,9999.000
202605060824,   0.748,  -0.751,9999.000,9999.000,9999.000,9999.000,9999.000,9999.000,9999.000
202605060830,   0.717,  -0.780,9999.000,9999.000,9999.000,9999.000,9999.000,9999.000,9999.000
202605060836,   0.687,  -0.819,9999.000,9999.000,9999.000,9999.000,9999.000,9999.000,9999.000
202605060842,   0.657,  -0.849,9999.000,9999.000,9999.000,9999.000,9999.000,9999.000,9999.000
202605060848,   0.628,  -0.888,9999.000,9999.000,9999.000,9999.000,9999.000,9999.000,9999.000
202605060854,   0.600,  -0.918,9999.000,9999.000,9999.000,9999.000,9999.000,9999.000,9999.000
202605060900,   0.572,  -0.961,  -0.700,  -0.833,  -0.961,  -1.000,  -1.261,  -0.600,  -0.861
202605060906,   0.545,  -0.990,9999.000,9999.000,9999.000,9999.000,9999.000,9999.000,9999.000
202605060912,   0.519,  -1.029,9999.000,9999.000,9999.000,9999.000,9999.000,9999.000,9999.000
202605060918,   0.494,  -1.059,9999.000,9999.000,9999.000,9999.000,9999.000,9999.000,9999.000
202605060924,   0.470,  -1.098,9999.000,9999.000,9999.000,9999.000,9999.000,9999.000,9999.000
202605060930,   0.447,  -1.128,9999.000,9999.000,9999.000,9999.000,9999.000,9999.000,9999.000
202605060936,   0.426,  -1.161,9999.000,9999.000,9999.000,9999.000,9999.000,9999.000,9999.000
202605060942,   0.405,  -1.200,9999.000,9999.000,9999.000,9999.000,9999.000,9999.000,9999.000
202605060948,   0.386,  -1.220,9999.000,9999.000,9999.000,9999.000,9999.000,9999.000,9999.000
202605060954,   0.368,  -1.249,9999.000,9999.000,9999.000,9999.000,9999.000,9999.000,9999.000
202605061000,   0.351,  -1.279,  -0.700,  -0.930,  -1.279,  -1.000,  -1.579,  -0.600,  -1.179
202605061006,   0.336,  -1.318,9999.000,9999.000,9999.000,9999.000,9999.000,9999.000,9999.000
202605061012,   0.322,  -1.338,9999.000,9999.000,9999.000,9999.000,9999.000,9999.000,9999.000
202605061018,   0.310,  -1.371,9999.000,9999.000,9999.000,9999.000,9999.000,9999.000,9999.000
202605061024,   0.300,  -1.400,9999.000,9999.000,9999.000,9999.000,9999.000,9999.000,9999.000
202605061030,   0.291,  -1.430,9999.000,9999.000,9999.000,9999.000,9999.000,9999.000,9999.000
202605061036,   0.283,  -1.459,9999.000,9999.000,9999.000,9999.000,9999.000,9999.000,9999.000
202605061042,   0.278,  -1.479,9999.000,9999.000,9999.000,9999.000,9999.000,9999.000,9999.000
202605061048,   0.274,  -1.508,9999.000,9999.000,9999.000,9999.000,9999.000,9999.000,9999.000
202605061054,   0.273,  -1.538,9999.000,9999.000,9999.000,9999.000,9999.000,9999.000,9999.000
202605061100,   0.273,  -1.557,  -0.700,  -1.130,  -1.557,  -1.000,  -1.857,  -0.600,  -1.457
202605061106,   0.275,  -1.580,9999.000,9999.000,9999.000,9999.000,9999.000,9999.000,9999.000
202605061112,   0.280,  -1.600,9999.000,9999.000,9999.000,9999.000,9999.000,9999.000,9999.000
202605061118,   0.287,  -1.620,9999.000,9999.000,9999.000,9999.000,9999.000,9999.000,9999.000
202605061124,   0.296,  -1.639,9999.000,9999.000,9999.000,9999.000,9999.000,9999.000,9999.000
202605061130,   0.307,  -1.669,9999.000,9999.000,9999.000,9999.000,9999.000,9999.000,9999.000
202605061136,   0.321,  -1.679,9999.000,9999.000,9999.000,9999.000,9999.000,9999.000,9999.000
202605061142,   0.337,  -1.699,9999.000,9999.000,9999.000,9999.000,9999.000,9999.000,9999.000
202605061148,   0.356,  -1.708,9999.000,9999.000,9999.000,9999.000,9999.000,9999.000,9999.000
202605061154,   0.377,  -1.718,9999.000,9999.000,9999.000,9999.000,9999.000,9999.000,9999.000
202605061200,   0.400,  -1.728,  -0.700,  -1.428,  -1.728,  -0.800,  -1.828,  -0.500,  -1.528
202605061206,   0.426,  -1.738,9999.000,9999.000,9999.000,9999.000,9999.000,9999.000,9999.000
202605061212,   0.454,  -1.738,9999.000,9999.000,9999.000,9999.000,9999.000,9999.000,9999.000
202605061218,   0.484,  -1.758,9999.000,9999.000,9999.000,9999.000,9999.000,9999.000,9999.000
202605061224,   0.517,  -1.758,9999.000,9999.000,9999.000,9999.000,9999.000,9999.000,9999.000
202605061230,   0.551,  -1.758,9999.000,9999.000,9999.000,9999.000,9999.000,9999.000,9999.000
202605061236,   0.587,  -1.748,9999.000,9999.000,9999.000,9999.000,9999.000,9999.000,9999.000
202605061242,   0.624,  -1.738,9999.000,9999.000,9999.000,9999.000,9999.000,9999.000,9999.000
202605061248,   0.663,  -1.728,9999.000,9999.000,9999.000,9999.000,9999.000,9999.000,9999.000
202605061254,   0.704,  -1.699,9999.000,9999.000,9999.000,9999.000,9999.000,9999.000,9999.000
202605061300,   0.745,  -1.679,  -0.700,  -1.724,  -1.679,  -0.800,  -1.779,  -0.500,  -1.479
202605061306,   0.786,  -1.639,9999.000,9999.000,9999.000,9999.000,9999.000,9999.000,9999.000
202605061312,   0.829,  -1.610,9999.000,9999.000,9999.000,9999.000,9999.000,9999.000,9999.000
202605061318,   0.871,  -1.600,9999.000,9999.000,9999.000,9999.000,9999.000,9999.000,9999.000
202605061324,   0.914,  -1.571,9999.000,9999.000,9999.000,9999.000,9999.000,9999.000,9999.000
202605061330,   0.957,  -1.557,9999.000,9999.000,9999.000,9999.000,9999.000,9999.000,9999.000
202605061336,   0.999,  -1.538,9999.000,9999.000,9999.000,9999.000,9999.000,9999.000,9999.000
202605061342,   1.040,  -1.508,9999.000,9999.000,9999.000,9999.000,9999.000,9999.000,9999.000
202605061348,   1.081,  -1.479,9999.000,9999.000,9999.000,9999.000,9999.000,9999.000,9999.000
202605061354,   1.121,  -1.449,9999.000,9999.000,9999.000,9999.000,9999.000,9999.000,9999.000
202605061400,   1.160,  -1.430,  -0.700,  -1.890,  -1.430,  -0.800,  -1.530,  -0.500,  -1.230
202605061406,   1.198,  -1.400,9999.000,9999.000,9999.000,9999.000,9999.000,9999.000,9999.000
202605061412,   1.235,  -1.380,9999.000,9999.000,9999.000,9999.000,9999.000,9999.000,9999.000
202605061418,   1.270,  -1.371,9999.000,9999.000,9999.000,9999.000,9999.000,9999.000,9999.000
202605061424,   1.304,  -1.318,9999.000,9999.000,9999.000,9999.000,9999.000,9999.000,9999.000
202605061430,   1.336,  -1.298,9999.000,9999.000,9999.000,9999.000,9999.000,9999.000,9999.000
202605061436,   1.367,  -1.259,9999.000,9999.000,9999.000,9999.000,9999.000,9999.000,9999.000
202605061442,   1.397,  -1.229,9999.000,9999.000,9999.000,9999.000,9999.000,9999.000,9999.000
202605061448,   1.425,  -1.180,9999.000,9999.000,9999.000,9999.000,9999.000,9999.000,9999.000
202605061454,   1.451,  -1.151,9999.000,9999.000,9999.000,9999.000,9999.000,9999.000,9999.000
202605061500,   1.476,  -1.118,  -0.700,  -1.894,  -1.118,  -0.800,  -1.218,  -0.600,  -1.018
202605061506,   1.499,  -1.088,9999.000,9999.000,9999.000,9999.000,9999.000,9999.000,9999.000
202605061512,   1.520,  -1.049,9999.000,9999.000,9999.000,9999.000,9999.000,9999.000,9999.000
202605061518,   1.539,  -1.010,9999.000,9999.000,9999.000,9999.000,9999.000,9999.000,9999.000
202605061524,   1.557,  -0.990,9999.000,9999.000,9999.000,9999.000,9999.000,9999.000,9999.000
202605061530,   1.573,  -0.951,9999.000,9999.000,9999.000,9999.000,9999.000,9999.000,9999.000
202605061536,   1.587,  -0.888,9999.000,9999.000,9999.000,9999.000,9999.000,9999.000,9999.000
202605061542,   1.599,  -0.819,9999.000,9999.000,9999.000,9999.000,9999.000,9999.000,9999.000
202605061548,   1.609,  -0.790,9999.000,9999.000,9999.000,9999.000,9999.000,9999.000,9999.000
202605061554,   1.616,  -0.741,9999.000,9999.000,9999.000,9999.000,9999.000,9999.000,9999.000
202605061600,   1.621,  -0.698,  -0.700,  -1.619,  -0.698,  -0.900,  -0.898,  -0.600,  -0.598
202605061606,   1.624,  -0.649,9999.000,9999.000,9999.000,9999.000,9999.000,9999.000,9999.000
202605061612,   1.625,  -0.610,9999.000,9999.000,9999.000,9999.000,9999.000,9999.000,9999.000
202605061618,   1.623,  -0.570,9999.000,9999.000,9999.000,9999.000,9999.000,9999.000,9999.000
202605061624,   1.618,  -0.541,9999.000,9999.000,9999.000,9999.000,9999.000,9999.000,9999.000
202605061630,   1.610,  -0.498,9999.000,9999.000,9999.000,9999.000,9999.000,9999.000,9999.000
202605061636,   1.600,  -0.449,9999.000,9999.000,9999.000,9999.000,9999.000,9999.000,9999.000
202605061642,   1.587,  -0.409,9999.000,9999.000,9999.000,9999.000,9999.000,9999.000,9999.000
202605061648,   1.571,  -0.380,9999.000,9999.000,9999.000,9999.000,9999.000,9999.000,9999.000
202605061654,   1.553,  -0.350,9999.000,9999.000,9999.000,9999.000,9999.000,9999.000,9999.000
202605061700,   1.532,  -0.308,  -0.700,  -1.140,  -0.308,  -0.900,  -0.508,  -0.600,  -0.208
202605061706,   1.509,  -0.268,9999.000,9999.000,9999.000,9999.000,9999.000,9999.000,9999.000
202605061712,   1.483,  -0.229,9999.000,9999.000,9999.000,9999.000,9999.000,9999.000,9999.000
202605061718,   1.455,  -0.219,9999.000,9999.000,9999.000,9999.000,9999.000,9999.000,9999.000
202605061724,   1.425,  -0.180,9999.000,9999.000,9999.000,9999.000,9999.000,9999.000,9999.000
202605061730,   1.393,  -0.160,9999.000,9999.000,9999.000,9999.000,9999.000,9999.000,9999.000
202605061736,   1.359,  -0.160,9999.000,9999.000,9999.000,9999.000,9999.000,9999.000,9999.000
202605061742,   1.325,  -0.180,9999.000,9999.000,9999.000,9999.000,9999.000,9999.000,9999.000
202605061748,   1.289,  -0.190,9999.000,9999.000,9999.000,9999.000,9999.000,9999.000,9999.000
202605061754,   1.252,  -0.190,9999.000,9999.000,9999.000,9999.000,9999.000,9999.000,9999.000
202605061800,   1.215,  -0.170,  -0.600,  -0.785,  -0.170,  -0.800,  -0.370,  -0.400,   0.030
202605061806,   1.177,  -0.190,9999.000,9999.000,9999.000,9999.000,9999.000,9999.000,9999.000
202605061812,   1.139,  -0.229,9999.000,9999.000,9999.000,9999.000,9999.000,9999.000,9999.000
202605061818,   1.102,  -0.259,9999.000,9999.000,9999.000,9999.000,9999.000,9999.000,9999.000
202605061824,   1.065,  -0.259,9999.000,9999.000,9999.000,9999.000,9999.000,9999.000,9999.000
202605061830,   1.028,  -0.308,9999.000,9999.000,9999.000,9999.000,9999.000,9999.000,9999.000
202605061836,   0.992,  -0.341,9999.000,9999.000,9999.000,9999.000,9999.000,9999.000,9999.000
202605061842,   0.957,  -0.370,9999.000,9999.000,9999.000,9999.000,9999.000,9999.000,9999.000
202605061848,   0.923,  -0.400,9999.000,9999.000,9999.000,9999.000,9999.000,9999.000,9999.000
202605061854,   0.890,  -0.449,9999.000,9999.000,9999.000,9999.000,9999.000,9999.000,9999.000
202605061900,   0.859,  -0.488,  -0.600,  -0.747,  -0.488,  -0.800,  -0.688,  -0.400,  -0.288
202605061906,   0.828,  -0.508,9999.000,9999.000,9999.000,9999.000,9999.000,9999.000,9999.000
202605061912,   0.799,  -0.541,9999.000,9999.000,9999.000,9999.000,9999.000,9999.000,9999.000
202605061918,   0.771,  -0.570,9999.000,9999.000,9999.000,9999.000,9999.000,9999.000,9999.000
202605061924,   0.744,  -0.590,9999.000,9999.000,9999.000,9999.000,9999.000,9999.000,9999.000
202605061930,   0.718,  -0.610,9999.000,9999.000,9999.000,9999.000,9999.000,9999.000,9999.000
202605061936,   0.694,  -0.649,9999.000,9999.000,9999.000,9999.000,9999.000,9999.000,9999.000
202605061942,   0.670,  -0.669,9999.000,9999.000,9999.000,9999.000,9999.000,9999.000,9999.000
202605061948,   0.647,  -0.688,9999.000,9999.000,9999.000,9999.000,9999.000,9999.000,9999.000
202605061954,   0.625,  -0.731,9999.000,9999.000,9999.000,9999.000,9999.000,9999.000,9999.000
202605062000,   0.604,  -0.751,  -0.600,  -0.755,  -0.751,  -0.800,  -0.951,  -0.400,  -0.551
202605062006,   0.583,  -0.780,9999.000,9999.000,9999.000,9999.000,9999.000,9999.000,9999.000
202605062012,   0.563,  -0.819,9999.000,9999.000,9999.000,9999.000,9999.000,9999.000,9999.000
202605062018,   0.543,  -0.859,9999.000,9999.000,9999.000,9999.000,9999.000,9999.000,9999.000
202605062024,   0.524,  -0.888,9999.000,9999.000,9999.000,9999.000,9999.000,9999.000,9999.000
202605062030,   0.505,  -0.928,9999.000,9999.000,9999.000,9999.000,9999.000,9999.000,9999.000
202605062036,   0.487,  -0.961,9999.000,9999.000,9999.000,9999.000,9999.000,9999.000,9999.000
202605062042,   0.469,  -1.000,9999.000,9999.000,9999.000,9999.000,9999.000,9999.000,9999.000
202605062048,   0.451,  -1.029,9999.000,9999.000,9999.000,9999.000,9999.000,9999.000,9999.000
202605062054,   0.434,  -1.049,9999.000,9999.000,9999.000,9999.000,9999.000,9999.000,9999.000
202605062100,   0.417,  -1.069,  -0.500,  -0.986,  -1.069,  -0.700,  -1.269,  -0.400,  -0.969
202605062106,   0.401,  -1.108,9999.000,9999.000,9999.000,9999.000,9999.000,9999.000,9999.000
202605062112,   0.385,  -1.118,9999.000,9999.000,9999.000,9999.000,9999.000,9999.000,9999.000
202605062118,   0.370,  -1.161,9999.000,9999.000,9999.000,9999.000,9999.000,9999.000,9999.000
202605062124,   0.355,  -1.180,9999.000,9999.000,9999.000,9999.000,9999.000,9999.000,9999.000
202605062130,   0.342,  -1.210,9999.000,9999.000,9999.000,9999.000,9999.000,9999.000,9999.000
202605062136,   0.329,  -1.220,9999.000,9999.000,9999.000,9999.000,9999.000,9999.000,9999.000
202605062142,   0.317,  -1.239,9999.000,9999.000,9999.000,9999.000,9999.000,9999.000,9999.000
202605062148,   0.306,  -1.279,9999.000,9999.000,9999.000,9999.000,9999.000,9999.000,9999.000
202605062154,   0.297,  -1.298,9999.000,9999.000,9999.000,9999.000,9999.000,9999.000,9999.000
202605062200,   0.288,  -1.318,  -0.500,  -1.106,  -1.318,  -0.700,  -1.518,  -0.400,  -1.218
202605062206,   0.281,  -1.328,9999.000,9999.000,9999.000,9999.000,9999.000,9999.000,9999.000
202605062212,   0.274,  -1.371,9999.000,9999.000,9999.000,9999.000,9999.000,9999.000,9999.000
202605062218,   0.270,  -1.380,9999.000,9999.000,9999.000,9999.000,9999.000,9999.000,9999.000
202605062224,   0.267,  -1.400,9999.000,9999.000,9999.000,9999.000,9999.000,9999.000,9999.000
202605062230,   0.265,  -1.439,9999.000,9999.000,9999.000,9999.000,9999.000,9999.000,9999.000
202605062236,   0.265,  -1.469,9999.000,9999.000,9999.000,9999.000,9999.000,9999.000,9999.000
202605062242,   0.266,  -1.479,9999.000,9999.000,9999.000,9999.000,9999.000,9999.000,9999.000
202605062248,   0.269,  -1.489,9999.000,9999.000,9999.000,9999.000,9999.000,9999.000,9999.000
202605062254,   0.274,  -1.498,9999.000,9999.000,9999.000,9999.000,9999.000,9999.000,9999.000
202605062300,   0.281,  -1.508,  -0.500,  -1.289,  -1.508,  -0.700,  -1.708,  -0.300,  -1.308
202605062306,   0.290,  -1.518,9999.000,9999.000,9999.000,9999.000,9999.000,9999.000,9999.000
202605062312,   0.301,  -1.508,9999.000,9999.000,9999.000,9999.000,9999.000,9999.000,9999.000
202605062318,   0.313,  -1.518,9999.000,9999.000,9999.000,9999.000,9999.000,9999.000,9999.000
202605062324,   0.328,  -1.518,9999.000,9999.000,9999.000,9999.000,9999.000,9999.000,9999.000
202605062330,   0.346,  -1.528,9999.000,9999.000,9999.000,9999.000,9999.000,9999.000,9999.000
202605062336,   0.365,  -1.538,9999.000,9999.000,9999.000,9999.000,9999.000,9999.000,9999.000
202605062342,   0.387,  -1.528,9999.000,9999.000,9999.000,9999.000,9999.000,9999.000,9999.000
202605062348,   0.412,  -1.508,9999.000,9999.000,9999.000,9999.000,9999.000,9999.000,9999.000
202605062354,   0.438,  -1.479,9999.000,9999.000,9999.000,9999.000,9999.000,9999.000,9999.000
202605070000,   0.468,  -1.439,  -0.300,  -1.607,  -1.439,  -0.400,  -1.539,  -0.200,  -1.339
202605070006,   0.500,  -1.400,9999.000,9999.000,9999.000,9999.000,9999.000,9999.000,9999.000
202605070012,   0.534,  -1.348,9999.000,9999.000,9999.000,9999.000,9999.000,9999.000,9999.000
202605070018,   0.571,  -1.298,9999.000,9999.000,9999.000,9999.000,9999.000,9999.000,9999.000
202605070024,   0.611,  -1.249,9999.000,9999.000,9999.000,9999.000,9999.000,9999.000,9999.000
202605070030,   0.653,  -1.200,9999.000,9999.000,9999.000,9999.000,9999.000,9999.000,9999.000
202605070036,   0.697,  -1.161,9999.000,9999.000,9999.000,9999.000,9999.000,9999.000,9999.000
202605070042,   0.743,  -1.118,9999.000,9999.000,9999.000,9999.000,9999.000,9999.000,9999.000
202605070048,   0.792,  -1.088,9999.000,9999.000,9999.000,9999.000,9999.000,9999.000,9999.000
202605070054,   0.842,  -1.059,9999.000,9999.000,9999.000,9999.000,9999.000,9999.000,9999.000
202605070100,   0.894,  -1.029,  -0.300,  -1.623,  -1.029,  -0.400,  -1.129,  -0.200,  -0.929
202605070106,   0.948,  -1.000,9999.000,9999.000,9999.000,9999.000,9999.000,9999.000,9999.000
202605070112,   1.003,  -0.970,9999.000,9999.000,9999.000,9999.000,9999.000,9999.000,9999.000
202605070118,   1.059,  -0.941,9999.000,9999.000,9999.000,9999.000,9999.000,9999.000,9999.000
202605070124,   1.116,  -0.908,9999.000,9999.000,9999.000,9999.000,9999.000,9999.000,9999.000
202605070130,   1.173,  -0.869,9999.000,9999.000,9999.000,9999.000,9999.000,9999.000,9999.000
202605070136,   1.231,  -0.829,9999.000,9999.000,9999.000,9999.000,9999.000,9999.000,9999.000
202605070142,   1.289,  -0.790,9999.000,9999.000,9999.000,9999.000,9999.000,9999.000,9999.000
202605070148,   1.346,  -0.751,9999.000,9999.000,9999.000,9999.000,9999.000,9999.000,9999.000
202605070154,   1.403,  -0.708,9999.000,9999.000,9999.000,9999.000,9999.000,9999.000,9999.000
202605070200,   1.460,  -0.659,  -0.300,  -1.819,  -0.659,  -0.400,  -0.759,  -0.200,  -0.559
202605070206,   1.515,  -0.619,9999.000,9999.000,9999.000,9999.000,9999.000,9999.000,9999.000
202605070212,   1.569,  -0.580,9999.000,9999.000,9999.000,9999.000,9999.000,9999.000,9999.000
202605070218,   1.622,  -0.541,9999.000,9999.000,9999.000,9999.000,9999.000,9999.000,9999.000
202605070224,   1.674,  -0.498,9999.000,9999.000,9999.000,9999.000,9999.000,9999.000,9999.000
202605070230,   1.724,  -0.449,9999.000,9999.000,9999.000,9999.000,9999.000,9999.000,9999.000
202605070236,   1.772,  -0.409,9999.000,9999.000,9999.000,9999.000,9999.000,9999.000,9999.000
202605070242,   1.818,  -0.360,9999.000,9999.000,9999.000,9999.000,9999.000,9999.000,9999.000
202605070248,   1.862,  -0.321,9999.000,9999.000,9999.000,9999.000,9999.000,9999.000,9999.000
202605070254,   1.904,  -0.268,9999.000,9999.000,9999.000,9999.000,9999.000,9999.000,9999.000
202605070300,   1.944,  -0.219,  -0.300,  -1.863,  -0.219,  -0.400,  -0.319,  -0.200,  -0.119
202605070306,   1.982,  -0.180,9999.000,9999.000,9999.000,9999.000,9999.000,9999.000,9999.000
202605070312,   2.018,  -0.121,9999.000,9999.000,9999.000,9999.000,9999.000,9999.000,9999.000
202605070318,   2.051,  -0.068,9999.000,9999.000,9999.000,9999.000,9999.000,9999.000,9999.000
202605070324,   2.082,  -0.029,9999.000,9999.000,9999.000,9999.000,9999.000,9999.000,9999.000
202605070330,   2.111,   0.019,9999.000,9999.000,9999.000,9999.000,9999.000,9999.000,9999.000
202605070336,   2.138,   0.068,9999.000,9999.000,9999.000,9999.000,9999.000,9999.000,9999.000
202605070342,   2.161,   0.121,9999.000,9999.000,9999.000,9999.000,9999.000,9999.000,9999.000
202605070348,   2.183,   0.160,9999.000,9999.000,9999.000,9999.000,9999.000,9999.000,9999.000
202605070354,   2.202,   0.200,9999.000,9999.000,9999.000,9999.000,9999.000,9999.000,9999.000
202605070400,   2.218,   0.249,  -0.300,  -1.669,   0.249,  -0.400,   0.149,  -0.200,   0.349
202605070406,   2.232,   0.298,9999.000,9999.000,9999.000,9999.000,9999.000,9999.000,9999.000
202605070412,   2.242,   0.341,9999.000,9999.000,9999.000,9999.000,9999.000,9999.000,9999.000
202605070418,   2.250,   0.380,9999.000,9999.000,9999.000,9999.000,9999.000,9999.000,9999.000
202605070424,   2.256,   0.419,9999.000,9999.000,9999.000,9999.000,9999.000,9999.000,9999.000
202605070430,   2.258,   0.459,9999.000,9999.000,9999.000,9999.000,9999.000,9999.000,9999.000
202605070436,   2.257,   0.498,9999.000,9999.000,9999.000,9999.000,9999.000,9999.000,9999.000
202605070442,   2.252,   0.541,9999.000,9999.000,9999.000,9999.000,9999.000,9999.000,9999.000
202605070448,   2.245,   0.580,9999.000,9999.000,9999.000,9999.000,9999.000,9999.000,9999.000
202605070454,   2.235,   0.610,9999.000,9999.000,9999.000,9999.000,9999.000,9999.000,9999.000
202605070500,   2.221,   0.639,  -0.300,  -1.282,   0.639,  -0.400,   0.539,  -0.200,   0.739
202605070506,   2.204,   0.669,9999.000,9999.000,9999.000,9999.000,9999.000,9999.000,9999.000
202605070512,   2.184,   0.698,9999.000,9999.000,9999.000,9999.000,9999.000,9999.000,9999.000
202605070518,   2.160,   0.718,9999.000,9999.000,9999.000,9999.000,9999.000,9999.000,9999.000
202605070524,   2.134,   0.741,9999.000,9999.000,9999.000,9999.000,9999.000,9999.000,9999.000
202605070530,   2.105,   0.760,9999.000,9999.000,9999.000,9999.000,9999.000,9999.000,9999.000
202605070536,   2.073,   0.770,9999.000,9999.000,9999.000,9999.000,9999.000,9999.000,9999.000
202605070542,   2.038,   0.770,9999.000,9999.000,9999.000,9999.000,9999.000,9999.000,9999.000
202605070548,   2.001,   0.770,9999.000,9999.000,9999.000,9999.000,9999.000,9999.000,9999.000
202605070554,   1.962,   0.770,9999.000,9999.000,9999.000,9999.000,9999.000,9999.000,9999.000
202605070600,   1.921,   0.760,  -0.200,  -0.961,   0.760,  -0.400,   0.560,  -0.100,   0.860
202605070606,   1.879,   0.741,9999.000,9999.000,9999.000,9999.000,9999.000,9999.000,9999.000
202605070612,   1.835,   0.708,9999.000,9999.000,9999.000,9999.000,9999.000,9999.000,9999.000
202605070618,   1.790,   0.669,9999.000,9999.000,9999.000,9999.000,9999.000,9999.000,9999.000
202605070624,   1.744,   0.629,9999.000,9999.000,9999.000,9999.000,9999.000,9999.000,9999.000
202605070630,   1.697,   0.600,9999.000,9999.000,9999.000,9999.000,9999.000,9999.000,9999.000
202605070636,   1.651,   0.560,9999.000,9999.000,9999.000,9999.000,9999.000,9999.000,9999.000
202605070642,   1.604,   0.518,9999.000,9999.000,9999.000,9999.000,9999.000,9999.000,9999.000
202605070648,   1.558,   0.469,9999.000,9999.000,9999.000,9999.000,9999.000,9999.000,9999.000
202605070654,   1.512,   0.439,9999.000,9999.000,9999.000,9999.000,9999.000,9999.000,9999.000
202605070700,   1.467,   0.400,  -0.200,  -0.867,   0.400,  -0.400,   0.200,  -0.100,   0.500
202605070706,   1.423,   0.360,9999.000,9999.000,9999.000,9999.000,9999.000,9999.000,9999.000
202605070712,   1.379,   0.331,9999.000,9999.000,9999.000,9999.000,9999.000,9999.000,9999.000
202605070718,   1.337,   0.298,9999.000,9999.000,9999.000,9999.000,9999.000,9999.000,9999.000
202605070724,   1.296,   0.268,9999.000,9999.000,9999.000,9999.000,9999.000,9999.000,9999.000
202605070730,   1.256,   0.239,9999.000,9999.000,9999.000,9999.000,9999.000,9999.000,9999.000
202605070736,   1.217,   0.209,9999.000,9999.000,9999.000,9999.000,9999.000,9999.000,9999.000
202605070742,   1.180,   0.180,9999.000,9999.000,9999.000,9999.000,9999.000,9999.000,9999.000
202605070748,   1.144,   0.141,9999.000,9999.000,9999.000,9999.000,9999.000,9999.000,9999.000
202605070754,   1.108,   0.098,9999.000,9999.000,9999.000,9999.000,9999.000,9999.000,9999.000
202605070800,   1.074,   0.059,  -0.200,  -0.815,   0.059,  -0.400,  -0.141,  -0.100,   0.159
202605070806,   1.041,   0.029,9999.000,9999.000,9999.000,9999.000,9999.000,9999.000,9999.000
202605070812,   1.009,   0.000,9999.000,9999.000,9999.000,9999.000,9999.000,9999.000,9999.000
202605070818,   0.978,  -0.039,9999.000,9999.000,9999.000,9999.000,9999.000,9999.000,9999.000
202605070824,   0.947,  -0.078,9999.000,9999.000,9999.000,9999.000,9999.000,9999.000,9999.000
202605070830,   0.917,  -0.121,9999.000,9999.000,9999.000,9999.000,9999.000,9999.000,9999.000
202605070836,   0.888,  -0.160,9999.000,9999.000,9999.000,9999.000,9999.000,9999.000,9999.000
202605070842,   0.859,  -0.209,9999.000,9999.000,9999.000,9999.000,9999.000,9999.000,9999.000
202605070848,   0.831,  -0.239,9999.000,9999.000,9999.000,9999.000,9999.000,9999.000,9999.000
202605070854,   0.803,  -0.278,9999.000,9999.000,9999.000,9999.000,9999.000,9999.000,9999.000
202605070900,   0.775,  -0.321,  -0.200,  -0.896,  -0.321,  -0.400,  -0.521,   0.000,  -0.121
202605070906,   0.748,  -0.350,9999.000,9999.000,9999.000,9999.000,9999.000,9999.000,9999.000
202605070912,   0.721,  -0.390,9999.000,9999.000,9999.000,9999.000,9999.000,9999.000,9999.000
202605070918,   0.694,  -0.429,9999.000,9999.000,9999.000,9999.000,9999.000,9999.000,9999.000
202605070924,   0.668,  -0.469,9999.000,9999.000,9999.000,9999.000,9999.000,9999.000,9999.000
202605070930,   0.642,  -0.498,9999.000,9999.000,9999.000,9999.000,9999.000,9999.000,9999.000
202605070936,   0.616,  -0.541,9999.000,9999.000,9999.000,9999.000,9999.000,9999.000,9999.000
202605070942,   0.591,  -0.570,9999.000,9999.000,9999.000,9999.000,9999.000,9999.000,9999.000
202605070948,   0.567,  -0.600,9999.000,9999.000,9999.000,9999.000,9999.000,9999.000,9999.000
202605070954,   0.543,  -0.629,9999.000,9999.000,9999.000,9999.000,9999.000,9999.000,9999.000
202605071000,   0.520,  -0.659,  -0.100,  -1.079,  -0.659,  -0.300,  -0.859,   0.000,  -0.559
202605071006,   0.497,  -0.688,9999.000,9999.000,9999.000,9999.000,9999.000,9999.000,9999.000
202605071012,   0.476,  -0.718,9999.000,9999.000,9999.000,9999.000,9999.000,9999.000,9999.000
202605071018,   0.455,  -0.751,9999.000,9999.000,9999.000,9999.000,9999.000,9999.000,9999.000
202605071024,   0.435,  -0.790,9999.000,9999.000,9999.000,9999.000,9999.000,9999.000,9999.000
202605071030,   0.416,  -0.810,9999.000,9999.000,9999.000,9999.000,9999.000,9999.000,9999.000
202605071036,   0.399,  -0.819,9999.000,9999.000,9999.000,9999.000,9999.000,9999.000,9999.000
202605071042,   0.382,  -0.839,9999.000,9999.000,9999.000,9999.000,9999.000,9999.000,9999.000
202605071048,   0.367,  -0.839,9999.000,9999.000,9999.000,9999.000,9999.000,9999.000,9999.000
202605071054,   0.353,  -0.849,9999.000,9999.000,9999.000,9999.000,9999.000,9999.000,9999.000
202605071100,   0.340,  -0.869,  -0.100,  -1.109,  -0.869,  -0.200,  -0.969,   0.000,  -0.769
202605071106,   0.328,  -0.888,9999.000,9999.000,9999.000,9999.000,9999.000,9999.000,9999.000
202605071112,   0.318,  -0.918,9999.000,9999.000,9999.000,9999.000,9999.000,9999.000,9999.000
202605071118,   0.310,  -0.951,9999.000,9999.000,9999.000,9999.000,9999.000,9999.000,9999.000
202605071124,   0.303,  -0.980,9999.000,9999.000,9999.000,9999.000,9999.000,9999.000,9999.000
202605071130,   0.298,  -1.000,9999.000,9999.000,9999.000,9999.000,9999.000,9999.000,9999.000
202605071136,   0.294,  -1.020,9999.000,9999.000,9999.000,9999.000,9999.000,9999.000,9999.000
202605071142,   0.293,  -1.010,9999.000,9999.000,9999.000,9999.000,9999.000,9999.000,9999.000
202605071148,   0.293,  -0.990,9999.000,9999.000,9999.000,9999.000,9999.000,9999.000,9999.000
202605071154,   0.296,  -0.941,9999.000,9999.000,9999.000,9999.000,9999.000,9999.000,9999.000
202605071200,   0.300,  -0.879,   0.100,  -1.279,  -0.879,   0.000,  -0.979,   0.200,  -0.779
202605071206,   0.307,  -0.800,9999.000,9999.000,9999.000,9999.000,9999.000,9999.000,9999.000
202605071212,   0.315,  -0.741,9999.000,9999.000,9999.000,9999.000,9999.000,9999.000,9999.000
202605071218,   0.326,  -0.688,9999.000,9999.000,9999.000,9999.000,9999.000,9999.000,9999.000
202605071224,   0.340,  -0.649,9999.000,9999.000,9999.000,9999.000,9999.000,9999.000,9999.000
202605071230,   0.356,  -0.619,9999.000,9999.000,9999.000,9999.000,9999.000,9999.000,9999.000
202605071236,   0.374,  -0.600,9999.000,9999.000,9999.000,9999.000,9999.000,9999.000,9999.000
202605071242,   0.395,  -0.600,9999.000,9999.000,9999.000,9999.000,9999.000,9999.000,9999.000
202605071248,   0.418,  -0.590,9999.000,9999.000,9999.000,9999.000,9999.000,9999.000,9999.000
202605071254,   0.443,  -0.590,9999.000,9999.000,9999.000,9999.000,9999.000,9999.000,9999.000
202605071300,   0.471,  -0.580,   0.200,  -1.251,  -0.580,   0.100,  -0.680,   0.300,  -0.480
202605071306,   0.500,  -0.551,9999.000,9999.000,9999.000,9999.000,9999.000,9999.000,9999.000
202605071312,   0.532,  -0.518,9999.000,9999.000,9999.000,9999.000,9999.000,9999.000,9999.000
202605071318,   0.566,  -0.488,9999.000,9999.000,9999.000,9999.000,9999.000,9999.000,9999.000
202605071324,   0.602,  -0.449,9999.000,9999.000,9999.000,9999.000,9999.000,9999.000,9999.000
202605071330,   0.639,  -0.419,9999.000,9999.000,9999.000,9999.000,9999.000,9999.000,9999.000
202605071336,   0.677,  -0.380,9999.000,9999.000,9999.000,9999.000,9999.000,9999.000,9999.000
202605071342,   0.717,  -0.341,9999.000,9999.000,9999.000,9999.000,9999.000,9999.000,9999.000
202605071348,   0.758,  -0.288,9999.000,9999.000,9999.000,9999.000,9999.000,9999.000,9999.000
202605071354,   0.800,  -0.239,9999.000,9999.000,9999.000,9999.000,9999.000,9999.000,9999.000
202605071400,   0.842,  -0.200,   0.300,  -1.342,  -0.200,   0.200,  -0.300,   0.500,   0.000
202605071406,   0.884,  -0.160,9999.000,9999.000,9999.000,9999.000,9999.000,9999.000,9999.000
202605071412,   0.927,  -0.131,9999.000,9999.000,9999.000,9999.000,9999.000,9999.000,9999.000
202605071418,   0.969,  -0.088,9999.000,9999.000,9999.000,9999.000,9999.000,9999.000,9999.000
202605071424,   1.011,  -0.059,9999.000,9999.000,9999.000,9999.000,9999.000,9999.000,9999.000
202605071430,   1.052,  -0.019,9999.000,9999.000,9999.000,9999.000,9999.000,9999.000,9999.000
202605071436,   1.093,   0.039,9999.000,9999.000,9999.000,9999.000,9999.000,9999.000,9999.000
202605071442,   1.133,   0.078,9999.000,9999.000,9999.000,9999.000,9999.000,9999.000,9999.000
202605071448,   1.171,   0.111,9999.000,9999.000,9999.000,9999.000,9999.000,9999.000,9999.000
202605071454,   1.209,   0.150,9999.000,9999.000,9999.000,9999.000,9999.000,9999.000,9999.000
202605071500,   1.245,   0.190,   0.400,  -1.455,   0.190,   0.200,  -0.010,   0.600,   0.390
202605071506,   1.280,   0.239,9999.000,9999.000,9999.000,9999.000,9999.000,9999.000,9999.000
202605071512,   1.313,   0.298,9999.000,9999.000,9999.000,9999.000,9999.000,9999.000,9999.000
202605071518,   1.345,   0.350,9999.000,9999.000,9999.000,9999.000,9999.000,9999.000,9999.000
202605071524,   1.375,   0.400,9999.000,9999.000,9999.000,9999.000,9999.000,9999.000,9999.000
202605071530,   1.404,   0.449,9999.000,9999.000,9999.000,9999.000,9999.000,9999.000,9999.000
202605071536,   1.431,   0.498,9999.000,9999.000,9999.000,9999.000,9999.000,9999.000,9999.000
202605071542,   1.456,   0.541,9999.000,9999.000,9999.000,9999.000,9999.000,9999.000,9999.000
202605071548,   1.480,   0.600,9999.000,9999.000,9999.000,9999.000,9999.000,9999.000,9999.000
202605071554,   1.502,   0.669,9999.000,9999.000,9999.000,9999.000,9999.000,9999.000,9999.000
202605071600,   1.522,   0.718,   0.600,  -1.404,   0.718,   0.400,   0.518,   0.800,   0.918
202605071606,   1.540,   0.751,9999.000,9999.000,9999.000,9999.000,9999.000,9999.000,9999.000
202605071612,   1.557,   0.780,9999.000,9999.000,9999.000,9999.000,9999.000,9999.000,9999.000
202605071618,   1.572,   0.819,9999.000,9999.000,9999.000,9999.000,9999.000,9999.000,9999.000
202605071624,   1.585,   0.849,9999.000,9999.000,9999.000,9999.000,9999.000,9999.000,9999.000
202605071630,   1.596,   0.879,9999.000,9999.000,9999.000,9999.000,9999.000,9999.000,9999.000
202605071636,   1.605,   0.898,9999.000,9999.000,9999.000,9999.000,9999.000,9999.000,9999.000
202605071642,   1.612,   0.928,9999.000,9999.000,9999.000,9999.000,9999.000,9999.000,9999.000
202605071648,   1.617,   0.961,9999.000,9999.000,9999.000,9999.000,9999.000,9999.000,9999.000
202605071654,   1.619,   0.990,9999.000,9999.000,9999.000,9999.000,9999.000,9999.000,9999.000
202605071700,   1.620,   1.020,   0.700,  -1.300,   1.020,   0.500,   0.820,   0.900,   1.220
202605071706,   1.617,   1.049,9999.000,9999.000,9999.000,9999.000,9999.000,9999.000,9999.000
202605071712,   1.612,   1.088,9999.000,9999.000,9999.000,9999.000,9999.000,9999.000,9999.000
202605071718,   1.605,   1.128,9999.000,9999.000,9999.000,9999.000,9999.000,9999.000,9999.000
202605071724,   1.595,   1.161,9999.000,9999.000,9999.000,9999.000,9999.000,9999.000,9999.000
202605071730,   1.583,   1.190,9999.000,9999.000,9999.000,9999.000,9999.000,9999.000,9999.000
202605071736,   1.568,   1.200,9999.000,9999.000,9999.000,9999.000,9999.000,9999.000,9999.000
202605071742,   1.550,   1.210,9999.000,9999.000,9999.000,9999.000,9999.000,9999.000,9999.000
202605071748,   1.531,   1.210,9999.000,9999.000,9999.000,9999.000,9999.000,9999.000,9999.000
202605071754,   1.508,   1.210,9999.000,9999.000,9999.000,9999.000,9999.000,9999.000,9999.000
202605071800,   1.484,   1.210,   0.600,  -0.874,   1.210,   0.500,   1.110,   0.700,   1.310
202605071806,   1.457,   1.200,9999.000,9999.000,9999.000,9999.000,9999.000,9999.000,9999.000
202605071812,   1.429,   1.200,9999.000,9999.000,9999.000,9999.000,9999.000,9999.000,9999.000
202605071818,   1.399,   1.180,9999.000,9999.000,9999.000,9999.000,9999.000,9999.000,9999.000
202605071824,   1.367,   1.161,9999.000,9999.000,9999.000,9999.000,9999.000,9999.000,9999.000
202605071830,   1.334,   1.128,9999.000,9999.000,9999.000,9999.000,9999.000,9999.000,9999.000
202605071836,   1.301,   1.088,9999.000,9999.000,9999.000,9999.000,9999.000,9999.000,9999.000
202605071842,   1.266,   1.049,9999.000,9999.000,9999.000,9999.000,9999.000,9999.000,9999.000
202605071848,   1.231,   1.010,9999.000,9999.000,9999.000,9999.000,9999.000,9999.000,9999.000
202605071854,   1.196,   0.970,9999.000,9999.000,9999.000,9999.000,9999.000,9999.000,9999.000
202605071900,   1.160,   0.941,   0.600,  -0.819,   0.941,   0.500,   0.841,   0.700,   1.041
202605071906,   1.125,   0.898,9999.000,9999.000,9999.000,9999.000,9999.000,9999.000,9999.000
202605071912,   1.091,   0.859,9999.000,9999.000,9999.000,9999.000,9999.000,9999.000,9999.000
202605071918,   1.057,   0.839,9999.000,9999.000,9999.000,9999.000,9999.000,9999.000,9999.000
202605071924,   1.023,   0.800,9999.000,9999.000,9999.000,9999.000,9999.000,9999.000,9999.000
202605071930,   0.991,   0.770,9999.000,9999.000,9999.000,9999.000,9999.000,9999.000,9999.000
202605071936,   0.960,   0.751,9999.000,9999.000,9999.000,9999.000,9999.000,9999.000,9999.000
202605071942,   0.930,   0.731,9999.000,9999.000,9999.000,9999.000,9999.000,9999.000,9999.000
202605071948,   0.901,   0.718,9999.000,9999.000,9999.000,9999.000,9999.000,9999.000,9999.000
202605071954,   0.874,   0.698,9999.000,9999.000,9999.000,9999.000,9999.000,9999.000,9999.000
202605072000,   0.848,   0.688,   0.600,  -0.760,   0.688,   0.500,   0.588,   0.800,   0.888
202605072006,   0.823,   0.659,9999.000,9999.000,9999.000,9999.000,9999.000,9999.000,9999.000
202605072012,   0.799,   0.619,9999.000,9999.000,9999.000,9999.000,9999.000,9999.000,9999.000
202605072018,   0.776,   0.570,9999.000,9999.000,9999.000,9999.000,9999.000,9999.000,9999.000
202605072024,   0.754,   0.508,9999.000,9999.000,9999.000,9999.000,9999.000,9999.000,9999.000
202605072030,   0.734,   0.469,9999.000,9999.000,9999.000,9999.000,9999.000,9999.000,9999.000
202605072036,   0.714,   0.439,9999.000,9999.000,9999.000,9999.000,9999.000,9999.000,9999.000
202605072042,   0.695,   0.419,9999.000,9999.000,9999.000,9999.000,9999.000,9999.000,9999.000
202605072048,   0.676,   0.400,9999.000,9999.000,9999.000,9999.000,9999.000,9999.000,9999.000
202605072054,   0.658,   0.370,9999.000,9999.000,9999.000,9999.000,9999.000,9999.000,9999.000
202605072100,   0.641,   0.341,   0.700,  -1.000,   0.341,   0.600,   0.241,   0.800,   0.441
202605072106,   0.623,   0.298,9999.000,9999.000,9999.000,9999.000,9999.000,9999.000,9999.000
202605072112,   0.607,   0.259,9999.000,9999.000,9999.000,9999.000,9999.000,9999.000,9999.000
202605072118,   0.590,   0.239,9999.000,9999.000,9999.000,9999.000,9999.000,9999.000,9999.000
202605072124,   0.574,   0.219,9999.000,9999.000,9999.000,9999.000,9999.000,9999.000,9999.000
202605072130,   0.558,   0.200,9999.000,9999.000,9999.000,9999.000,9999.000,9999.000,9999.000
202605072136,   0.542,   0.160,9999.000,9999.000,9999.000,9999.000,9999.000,9999.000,9999.000
202605072142,   0.526,   0.131,9999.000,9999.000,9999.000,9999.000,9999.000,9999.000,9999.000
202605072148,   0.510,   0.088,9999.000,9999.000,9999.000,9999.000,9999.000,9999.000,9999.000
202605072154,   0.495,   0.059,9999.000,9999.000,9999.000,9999.000,9999.000,9999.000,9999.000
202605072200,   0.480,   0.039,   0.700,  -1.141,   0.039,   0.600,  -0.061,   0.800,   0.139
202605072206,   0.466,   0.019,9999.000,9999.000,9999.000,9999.000,9999.000,9999.000,9999.000
202605072212,   0.451,  -0.009,9999.000,9999.000,9999.000,9999.000,9999.000,9999.000,9999.000
202605072218,   0.438,  -0.039,9999.000,9999.000,9999.000,9999.000,9999.000,9999.000,9999.000
202605072224,   0.425,  -0.059,9999.000,9999.000,9999.000,9999.000,9999.000,9999.000,9999.000
202605072230,   0.413,  -0.088,9999.000,9999.000,9999.000,9999.000,9999.000,9999.000,9999.000
202605072236,   0.401,  -0.121,9999.000,9999.000,9999.000,9999.000,9999.000,9999.000,9999.000
202605072242,   0.390,  -0.141,9999.000,9999.000,9999.000,9999.000,9999.000,9999.000,9999.000
202605072248,   0.380,  -0.160,9999.000,9999.000,9999.000,9999.000,9999.000,9999.000,9999.000
202605072254,   0.372,  -0.190,9999.000,9999.000,9999.000,9999.000,9999.000,9999.000,9999.000
202605072300,   0.364,  -0.209,   0.700,  -1.273,  -0.209,   0.600,  -0.309,   0.800,  -0.109
202605072306,   0.357,  -0.249,9999.000,9999.000,9999.000,9999.000,9999.000,9999.000,9999.000
202605072312,   0.352,  -0.278,9999.000,9999.000,9999.000,9999.000,9999.000,9999.000,9999.000
202605072318,   0.348,  -0.321,9999.000,9999.000,9999.000,9999.000,9999.000,9999.000,9999.000
202605072324,   0.345,  -0.341,9999.000,9999.000,9999.000,9999.000,9999.000,9999.000,9999.000
202605072330,   0.344,  -0.350,9999.000,9999.000,9999.000,9999.000,9999.000,9999.000,9999.000
202605072336,   0.344,  -0.350,9999.000,9999.000,9999.000,9999.000,9999.000,9999.000,9999.000
202605072342,   0.346,  -0.360,9999.000,9999.000,9999.000,9999.000,9999.000,9999.000,9999.000
202605072348,   0.350,  -0.370,9999.000,9999.000,9999.000,9999.000,9999.000,9999.000,9999.000
202605072354,   0.355,  -0.380,9999.000,9999.000,9999.000,9999.000,9999.000,9999.000,9999.000
202605080000,   0.362,  -0.409,   0.600,  -1.371,  -0.409,   0.500,  -0.509,   0.700,  -0.309
202605080006,   0.371,  -0.439,9999.000,9999.000,9999.000,9999.000,9999.000,9999.000,9999.000
202605080012,   0.382,  -0.459,9999.000,9999.000,9999.000,9999.000,9999.000,9999.000,9999.000
202605080018,   0.395,  -0.478,9999.000,9999.000,9999.000,9999.000,9999.000,9999.000,9999.000
202605080024,   0.411,  -0.478,9999.000,9999.000,9999.000,9999.000,9999.000,9999.000,9999.000
202605080030,   0.429,  -0.478,9999.000,9999.000,9999.000,9999.000,9999.000,9999.000,9999.000
202605080036,   0.449,  -0.469,9999.000,9999.000,9999.000,9999.000,9999.000,9999.000,9999.000
202605080042,   0.471,  -0.469,9999.000,9999.000,9999.000,9999.000,9999.000,9999.000,9999.000
202605080048,   0.496,  -0.459,9999.000,9999.000,9999.000,9999.000,9999.000,9999.000,9999.000
202605080054,   0.523,  -0.459,9999.000,9999.000,9999.000,9999.000,9999.000,9999.000,9999.000
202605080100,   0.553,  -0.449,   0.600,  -1.602,  -0.449,   0.500,  -0.549,   0.600,  -0.449
202605080106,   0.585,  -0.439,9999.000,9999.000,9999.000,9999.000,9999.000,9999.000,9999.000
202605080112,   0.620,  -0.419,9999.000,9999.000,9999.000,9999.000,9999.000,9999.000,9999.000
202605080118,   0.657,  -0.409,9999.000,9999.000,9999.000,9999.000,9999.000,9999.000,9999.000
202605080124,   0.696,  -0.380,9999.000,9999.000,9999.000,9999.000,9999.000,9999.000,9999.000
202605080130,   0.737,  -0.350,9999.000,9999.000,9999.000,9999.000,9999.000,9999.000,9999.000
202605080136,   0.781,  -0.331,9999.000,9999.000,9999.000,9999.000,9999.000,9999.000,9999.000
202605080142,   0.827,  -0.298,9999.000,9999.000,9999.000,9999.000,9999.000,9999.000,9999.000
202605080148,   0.874,  -0.249,9999.000,9999.000,9999.000,9999.000,9999.000,9999.000,9999.000
202605080154,   0.923,  -0.200,9999.000,9999.000,9999.000,9999.000,9999.000,9999.000,9999.000
202605080200,   0.973,  -0.160,   0.600,  -1.733,  -0.160,   0.500,  -0.260,   0.600,  -0.160
202605080206,   1.025,  -0.121,9999.000,9999.000,9999.000,9999.000,9999.000,9999.000,9999.000
202605080212,   1.077,  -0.068,9999.000,9999.000,9999.000,9999.000,9999.000,9999.000,9999.000
202605080218,   1.130,  -0.029,9999.000,9999.000,9999.000,9999.000,9999.000,9999.000,9999.000
202605080224,   1.183,   0.000,9999.000,9999.000,9999.000,9999.000,9999.000,9999.000,9999.000
202605080230,   1.237,   0.029,9999.000,9999.000,9999.000,9999.000,9999.000,9999.000,9999.000
202605080236,   1.290,   0.068,9999.000,9999.000,9999.000,9999.000,9999.000,9999.000,9999.000
202605080242,   1.343,   0.111,9999.000,9999.000,9999.000,9999.000,9999.000,9999.000,9999.000
202605080248,   1.395,   0.141,9999.000,9999.000,9999.000,9999.000,9999.000,9999.000,9999.000
202605080254,   1.447,   0.170,9999.000,9999.000,9999.000,9999.000,9999.000,9999.000,9999.000
202605080300,   1.497,   0.200,   0.600,  -1.897,   0.200,   0.500,   0.100,   0.600,   0.200
202605080306,   1.546,   0.249,9999.000,9999.000,9999.000,9999.000,9999.000,9999.000,9999.000
202605080312,   1.594,   0.288,9999.000,9999.000,9999.000,9999.000,9999.000,9999.000,9999.000
202605080318,   1.640,   0.331,9999.000,9999.000,9999.000,9999.000,9999.000,9999.000,9999.000
202605080324,   1.685,   0.370,9999.000,9999.000,9999.000,9999.000,9999.000,9999.000,9999.000
202605080330,   1.728,   0.419,9999.000,9999.000,9999.000,9999.000,9999.000,9999.000,9999.000
202605080336,   1.769,   0.449,9999.000,9999.000,9999.000,9999.000,9999.000,9999.000,9999.000
202605080342,   1.808,   0.488,9999.000,9999.000,9999.000,9999.000,9999.000,9999.000,9999.000
202605080348,   1.845,   0.531,9999.000,9999.000,9999.000,9999.000,9999.000,9999.000,9999.000
202605080354,   1.880,   0.580,9999.000,9999.000,9999.000,9999.000,9999.000,9999.000,9999.000
202605080400,   1.912,   0.619,   0.600,  -1.893,   0.619,   0.500,   0.519,   0.600,   0.619
202605080406,   1.943,   0.659,9999.000,9999.000,9999.000,9999.000,9999.000,9999.000,9999.000
202605080412,   1.972,   0.698,9999.000,9999.000,9999.000,9999.000,9999.000,9999.000,9999.000
202605080418,   1.998,   0.751,9999.000,9999.000,9999.000,9999.000,9999.000,9999.000,9999.000
202605080424,   2.022,   0.800,9999.000,9999.000,9999.000,9999.000,9999.000,9999.000,9999.000
202605080430,   2.044,   0.839,9999.000,9999.000,9999.000,9999.000,9999.000,9999.000,9999.000
202605080436,   2.063,   0.888,9999.000,9999.000,9999.000,9999.000,9999.000,9999.000,9999.000
202605080442,   2.081,   0.928,9999.000,9999.000,9999.000,9999.000,9999.000,9999.000,9999.000
202605080448,   2.095,   0.970,9999.000,9999.000,9999.000,9999.000,9999.000,9999.000,9999.000
202605080454,   2.108,   1.010,9999.000,9999.000,9999.000,9999.000,9999.000,9999.000,9999.000
202605080500,   2.118,   1.049,   0.600,  -1.669,   1.049,   0.500,   0.949,   0.600,   1.049
202605080506,   2.125,   1.088,9999.000,9999.000,9999.000,9999.000,9999.000,9999.000,9999.000
202605080512,   2.129,   1.118,9999.000,9999.000,9999.000,9999.000,9999.000,9999.000,9999.000
202605080518,   2.131,   1.151,9999.000,9999.000,9999.000,9999.000,9999.000,9999.000,9999.000
202605080524,   2.130,   1.180,9999.000,9999.000,9999.000,9999.000,9999.000,9999.000,9999.000
202605080530,   2.127,   1.200,9999.000,9999.000,9999.000,9999.000,9999.000,9999.000,9999.000
202605080536,   2.120,   1.210,9999.000,9999.000,9999.000,9999.000,9999.000,9999.000,9999.000
202605080542,   2.110,   1.229,9999.000,9999.000,9999.000,9999.000,9999.000,9999.000,9999.000
202605080548,   2.098,   1.239,9999.000,9999.000,9999.000,9999.000,9999.000,9999.000,9999.000
202605080554,   2.082,   1.239,9999.000,9999.000,9999.000,9999.000,9999.000,9999.000,9999.000
202605080600,   2.064,   1.249,   0.600,  -1.415,   1.249,   0.500,   1.149,   0.600,   1.249
202605080606,   2.042,   1.259,9999.000,9999.000,9999.000,9999.000,9999.000,9999.000,9999.000
202605080612,   2.018,   1.259,9999.000,9999.000,9999.000,9999.000,9999.000,9999.000,9999.000
202605080618,   1.991,   1.259,9999.000,9999.000,9999.000,9999.000,9999.000,9999.000,9999.000
202605080624,   1.962,   1.249,9999.000,9999.000,9999.000,9999.000,9999.000,9999.000,9999.000
202605080630,   1.930,   1.220,9999.000,9999.000,9999.000,9999.000,9999.000,9999.000,9999.000
202605080636,   1.896,   1.200,9999.000,9999.000,9999.000,9999.000,9999.000,9999.000,9999.000
202605080642,   1.860,   1.180,9999.000,9999.000,9999.000,9999.000,9999.000,9999.000,9999.000
202605080648,   1.822,   1.138,9999.000,9999.000,9999.000,9999.000,9999.000,9999.000,9999.000
202605080654,   1.783,   1.108,9999.000,9999.000,9999.000,9999.000,9999.000,9999.000,9999.000
202605080700,   1.743,   1.079,   0.500,  -1.164,   1.079,   0.400,   0.979,   0.600,   1.179
202605080706,   1.701,   1.029,9999.000,9999.000,9999.000,9999.000,9999.000,9999.000,9999.000
202605080712,   1.659,   0.980,9999.000,9999.000,9999.000,9999.000,9999.000,9999.000,9999.000
202605080718,   1.616,   0.928,9999.000,9999.000,9999.000,9999.000,9999.000,9999.000,9999.000
202605080724,   1.574,   0.888,9999.000,9999.000,9999.000,9999.000,9999.000,9999.000,9999.000
202605080730,   1.531,   0.849,9999.000,9999.000,9999.000,9999.000,9999.000,9999.000,9999.000
202605080736,   1.488,   0.819,9999.000,9999.000,9999.000,9999.000,9999.000,9999.000,9999.000
202605080742,   1.446,   0.790,9999.000,9999.000,9999.000,9999.000,9999.000,9999.000,9999.000
202605080748,   1.405,   0.751,9999.000,9999.000,9999.000,9999.000,9999.000,9999.000,9999.000
202605080754,   1.365,   0.718,9999.000,9999.000,9999.000,9999.000,9999.000,9999.000,9999.000
202605080800,   1.325,   0.688,   0.500,  -1.137,   0.688,   0.400,   0.588,   0.600,   0.788
202605080806,   1.287,   0.659,9999.000,9999.000,9999.000,9999.000,9999.000,9999.000,9999.000
202605080812,   1.250,   0.639,9999.000,9999.000,9999.000,9999.000,9999.000,9999.000,9999.000
202605080818,   1.214,   0.619,9999.000,9999.000,9999.000,9999.000,9999.000,9999.000,9999.000
202605080824,   1.179,   0.580,9999.000,9999.000,9999.000,9999.000,9999.000,9999.000,9999.000
202605080830,   1.146,   0.551,9999.000,9999.000,9999.000,9999.000,9999.000,9999.000,9999.000
202605080836,   1.114,   0.508,9999.000,9999.000,9999.000,9999.000,9999.000,9999.000,9999.000
202605080842,   1.082,   0.469,9999.000,9999.000,9999.000,9999.000,9999.000,9999.000,9999.000
202605080848,   1.052,   0.429,9999.000,9999.000,9999.000,9999.000,9999.000,9999.000,9999.000
202605080854,   1.023,   0.390,9999.000,9999.000,9999.000,9999.000,9999.000,9999.000,9999.000
202605080900,   0.995,   0.360,   0.500,  -1.135,   0.360,   0.400,   0.260,   0.600,   0.460
202605080906,   0.967,   0.321,9999.000,9999.000,9999.000,9999.000,9999.000,9999.000,9999.000
202605080912,   0.940,   0.288,9999.000,9999.000,9999.000,9999.000,9999.000,9999.000,9999.000
202605080918,   0.913,   0.259,9999.000,9999.000,9999.000,9999.000,9999.000,9999.000,9999.000
202605080924,   0.887,   0.239,9999.000,9999.000,9999.000,9999.000,9999.000,9999.000,9999.000
202605080930,   0.862,   0.200,9999.000,9999.000,9999.000,9999.000,9999.000,9999.000,9999.000
202605080936,   0.836,   0.160,9999.000,9999.000,9999.000,9999.000,9999.000,9999.000,9999.000
202605080942,   0.811,   0.121,9999.000,9999.000,9999.000,9999.000,9999.000,9999.000,9999.000
202605080948,   0.786,   0.078,9999.000,9999.000,9999.000,9999.000,9999.000,9999.000,9999.000
202605080954,   0.761,   0.039,9999.000,9999.000,9999.000,9999.000,9999.000,9999.000,9999.000
202605081000,   0.736,   0.000,   0.500,  -1.236,   0.000,   0.400,  -0.100,   0.600,   0.100
202605081006,   0.712,  -0.039,9999.000,9999.000,9999.000,9999.000,9999.000,9999.000,9999.000
202605081012,   0.687,  -0.068,9999.000,9999.000,9999.000,9999.000,9999.000,9999.000,9999.000
202605081018,   0.663,  -0.111,9999.000,9999.000,9999.000,9999.000,9999.000,9999.000,9999.000
202605081024,   0.639,  -0.150,9999.000,9999.000,9999.000,9999.000,9999.000,9999.000,9999.000
202605081030,   0.615,  -0.190,9999.000,9999.000,9999.000,9999.000,9999.000,9999.000,9999.000
202605081036,   0.591,  -0.219,9999.000,9999.000,9999.000,9999.000,9999.000,9999.000,9999.000
202605081042,   0.568,  -0.249,9999.000,9999.000,9999.000,9999.000,9999.000,9999.000,9999.000
202605081048,   0.545,  -0.278,9999.000,9999.000,9999.000,9999.000,9999.000,9999.000,9999.000
202605081054,   0.523,  -0.308,9999.000,9999.000,9999.000,9999.000,9999.000,9999.000,9999.000
202605081100,   0.501,  -0.341,   0.500,  -1.342,  -0.341,   0.400,  -0.441,   0.600,  -0.241
202605081106,   0.480,  -0.370,9999.000,9999.000,9999.000,9999.000,9999.000,9999.000,9999.000
202605081112,   0.460,  -0.400,9999.000,9999.000,9999.000,9999.000,9999.000,9999.000,9999.000
202605081118,   0.440,  -0.429,9999.000,9999.000,9999.000,9999.000,9999.000,9999.000,9999.000
202605081124,   0.422,  -0.459,9999.000,9999.000,9999.000,9999.000,9999.000,9999.000,9999.000
202605081130,   0.404,  -0.498,9999.000,9999.000,9999.000,9999.000,9999.000,9999.000,9999.000
202605081136,   0.387,  -0.518,9999.000,9999.000,9999.000,9999.000,9999.000,9999.000,9999.000
202605081142,   0.372,  -0.551,9999.000,9999.000,9999.000,9999.000,9999.000,9999.000,9999.000
202605081148,   0.357,  -0.570,9999.000,9999.000,9999.000,9999.000,9999.000,9999.000,9999.000
202605081154,   0.344,  -0.600,9999.000,9999.000,9999.000,9999.000,9999.000,9999.000,9999.000
202605081200,   0.332,  -0.610,   0.500,  -1.442,  -0.610,   0.500,  -0.610,   0.600,  -0.510
202605081206,   0.322,  -0.619,9999.000,9999.000,9999.000,9999.000,9999.000,9999.000,9999.000
202605081212,   0.313,  -0.639,9999.000,9999.000,9999.000,9999.000,9999.000,9999.000,9999.000
202605081218,   0.306,  -0.649,9999.000,9999.000,9999.000,9999.000,9999.000,9999.000,9999.000
202605081224,   0.300,  -0.659,9999.000,9999.000,9999.000,9999.000,9999.000,9999.000,9999.000
202605081230,   0.296,  -0.669,9999.000,9999.000,9999.000,9999.000,9999.000,9999.000,9999.000
202605081236,   0.294,  -0.678,9999.000,9999.000,9999.000,9999.000,9999.000,9999.000,9999.000
202605081242,   0.294,  -0.688,9999.000,9999.000,9999.000,9999.000,9999.000,9999.000,9999.000
202605081248,   0.296,  -0.698,9999.000,9999.000,9999.000,9999.000,9999.000,9999.000,9999.000
202605081254,   0.300,  -0.698,9999.000,9999.000,9999.000,9999.000,9999.000,9999.000,9999.000
202605081300,   0.306,  -0.698,   0.500,  -1.504,  -0.698,   0.400,  -0.798,   0.600,  -0.598
202605081306,   0.315,  -0.688,9999.000,9999.000,9999.000,9999.000,9999.000,9999.000,9999.000
202605081312,   0.326,  -0.659,9999.000,9999.000,9999.000,9999.000,9999.000,9999.000,9999.000
202605081318,   0.339,  -0.629,9999.000,9999.000,9999.000,9999.000,9999.000,9999.000,9999.000
202605081324,   0.355,  -0.590,9999.000,9999.000,9999.000,9999.000,9999.000,9999.000,9999.000
202605081330,   0.373,  -0.551,9999.000,9999.000,9999.000,9999.000,9999.000,9999.000,9999.000
202605081336,   0.393,  -0.518,9999.000,9999.000,9999.000,9999.000,9999.000,9999.000,9999.000
202605081342,   0.416,  -0.478,9999.000,9999.000,9999.000,9999.000,9999.000,9999.000,9999.000
202605081348,   0.442,  -0.439,9999.000,9999.000,9999.000,9999.000,9999.000,9999.000,9999.000
202605081354,   0.469,  -0.419,9999.000,9999.000,9999.000,9999.000,9999.000,9999.000,9999.000
202605081400,   0.499,  -0.390,   0.500,  -1.389,  -0.390,   0.400,  -0.490,   0.600,  -0.290
202605081406,   0.531,  -0.360,9999.000,9999.000,9999.000,9999.000,9999.000,9999.000,9999.000
202605081412,   0.565,  -0.341,9999.000,9999.000,9999.000,9999.000,9999.000,9999.000,9999.000
202605081418,   0.601,  -0.308,9999.000,9999.000,9999.000,9999.000,9999.000,9999.000,9999.000
202605081424,   0.638,  -0.298,9999.000,9999.000,9999.000,9999.000,9999.000,9999.000,9999.000
202605081430,   0.677,  -0.278,9999.000,9999.000,9999.000,9999.000,9999.000,9999.000,9999.000
202605081436,   0.717,  -0.239,9999.000,9999.000,9999.000,9999.000,9999.000,9999.000,9999.000
202605081442,   0.758,  -0.200,9999.000,9999.000,9999.000,9999.000,9999.000,9999.000,9999.000
202605081448,   0.799,  -0.180,9999.000,9999.000,9999.000,9999.000,9999.000,9999.000,9999.000
202605081454,   0.841,  -0.150,9999.000,9999.000,9999.000,9999.000,9999.000,9999.000,9999.000
202605081500,   0.884,  -0.131,   0.500,  -1.515,  -0.131,   0.400,  -0.231,   0.600,  -0.031
202605081506,   0.926,  -0.098,9999.000,9999.000,9999.000,9999.000,9999.000,9999.000,9999.000
202605081512,   0.968,  -0.049,9999.000,9999.000,9999.000,9999.000,9999.000,9999.000,9999.000
202605081518,   1.010,  -0.009,9999.000,9999.000,9999.000,9999.000,9999.000,9999.000,9999.000
202605081524,   1.051,   0.029,9999.000,9999.000,9999.000,9999.000,9999.000,9999.000,9999.000
202605081530,   1.092,   0.039,9999.000,9999.000,9999.000,9999.000,9999.000,9999.000,9999.000
202605081536,   1.131,   0.098,9999.000,9999.000,9999.000,9999.000,9999.000,9999.000,9999.000
202605081542,   1.170,   0.141,9999.000,9999.000,9999.000,9999.000,9999.000,9999.000,9999.000
202605081548,   1.208,   0.190,9999.000,9999.000,9999.000,9999.000,9999.000,9999.000,9999.000
202605081554,   1.244,   0.229,9999.000,9999.000,9999.000,9999.000,9999.000,9999.000,9999.000
202605081600,   1.279,   0.259,   0.500,  -1.520,   0.259,   0.400,   0.159,   0.600,   0.359
202605081606,   1.313,   0.298,9999.000,9999.000,9999.000,9999.000,9999.000,9999.000,9999.000
202605081612,   1.345,   0.341,9999.000,9999.000,9999.000,9999.000,9999.000,9999.000,9999.000
202605081618,   1.375,   0.380,9999.000,9999.000,9999.000,9999.000,9999.000,9999.000,9999.000
202605081624,   1.405,   0.409,9999.000,9999.000,9999.000,9999.000,9999.000,9999.000,9999.000
202605081630,   1.432,   0.439,9999.000,9999.000,9999.000,9999.000,9999.000,9999.000,9999.000
202605081636,   1.459,   0.469,9999.000,9999.000,9999.000,9999.000,9999.000,9999.000,9999.000
202605081642,   1.483,   0.498,9999.000,9999.000,9999.000,9999.000,9999.000,9999.000,9999.000
202605081648,   1.506,   0.531,9999.000,9999.000,9999.000,9999.000,9999.000,9999.000,9999.000
202605081654,   1.528,   0.560,9999.000,9999.000,9999.000,9999.000,9999.000,9999.000,9999.000
202605081700,   1.547,   0.600,   0.500,  -1.447,   0.600,   0.400,   0.500,   0.600,   0.700
202605081706,   1.565,   0.590,9999.000,9999.000,9999.000,9999.000,9999.000,9999.000,9999.000
202605081712,   1.582,   0.629,9999.000,9999.000,9999.000,9999.000,9999.000,9999.000,9999.000
202605081718,   1.596,   0.678,9999.000,9999.000,9999.000,9999.000,9999.000,9999.000,9999.000
202605081724,   1.609,   0.708,9999.000,9999.000,9999.000,9999.000,9999.000,9999.000,9999.000
202605081730,   1.619,   0.741,9999.000,9999.000,9999.000,9999.000,9999.000,9999.000,9999.000
202605081736,   1.628,   0.770,9999.000,9999.000,9999.000,9999.000,9999.000,9999.000,9999.000
202605081742,   1.634,   0.800,9999.000,9999.000,9999.000,9999.000,9999.000,9999.000,9999.000
202605081748,   1.638,   0.819,9999.000,9999.000,9999.000,9999.000,9999.000,9999.000,9999.000
202605081754,   1.640,   0.849,9999.000,9999.000,9999.000,9999.000,9999.000,9999.000,9999.000
202605081800,   1.640,   0.888,   0.400,  -1.152,   0.888,   0.400,   0.888,   0.500,   0.988
202605081806,   1.637,   0.928,9999.000,9999.000,9999.000,9999.000,9999.000,9999.000,9999.000
202605081812,   1.631,   0.951,9999.000,9999.000,9999.000,9999.000,9999.000,9999.000,9999.000
202605081818,   1.623,   0.961,9999.000,9999.000,9999.000,9999.000,9999.000,9999.000,9999.000
202605081824,   1.613,   0.961,9999.000,9999.000,9999.000,9999.000,9999.000,9999.000,9999.000
202605081830,   1.600,   0.970,9999.000,9999.000,9999.000,9999.000,9999.000,9999.000,9999.000
202605081836,   1.585,   0.970,9999.000,9999.000,9999.000,9999.000,9999.000,9999.000,9999.000
202605081842,   1.567,   0.970,9999.000,9999.000,9999.000,9999.000,9999.000,9999.000,9999.000
202605081848,   1.547,   0.970,9999.000,9999.000,9999.000,9999.000,9999.000,9999.000,9999.000
202605081854,   1.525,   0.961,9999.000,9999.000,9999.000,9999.000,9999.000,9999.000,9999.000
202605081900,   1.501,   0.941,   0.400,  -0.960,   0.941,   0.300,   0.841,   0.500,   1.041
202605081906,   1.475,   0.908,9999.000,9999.000,9999.000,9999.000,9999.000,9999.000,9999.000
202605081912,   1.448,   0.888,9999.000,9999.000,9999.000,9999.000,9999.000,9999.000,9999.000
202605081918,   1.419,   0.859,9999.000,9999.000,9999.000,9999.000,9999.000,9999.000,9999.000
202605081924,   1.389,   0.819,9999.000,9999.000,9999.000,9999.000,9999.000,9999.000,9999.000
202605081930,   1.358,   0.790,9999.000,9999.000,9999.000,9999.000,9999.000,9999.000,9999.000
202605081936,   1.327,   0.760,9999.000,9999.000,9999.000,9999.000,9999.000,9999.000,9999.000
202605081942,   1.295,   0.718,9999.000,9999.000,9999.000,9999.000,9999.000,9999.000,9999.000
202605081948,   1.263,   0.678,9999.000,9999.000,9999.000,9999.000,9999.000,9999.000,9999.000
202605081954,   1.231,   0.649,9999.000,9999.000,9999.000,9999.000,9999.000,9999.000,9999.000
202605082000,   1.200,   0.600,   0.400,  -1.000,   0.600,   0.300,   0.500,   0.400,   0.600
202605082006,   1.168,   0.560,9999.000,9999.000,9999.000,9999.000,9999.000,9999.000,9999.000
202605082012,   1.138,   0.541,9999.000,9999.000,9999.000,9999.000,9999.000,9999.000,9999.000
202605082018,   1.108,   0.508,9999.000,9999.000,9999.000,9999.000,9999.000,9999.000,9999.000
202605082024,   1.079,   0.498,9999.000,9999.000,9999.000,9999.000,9999.000,9999.000,9999.000
202605082030,   1.052,   0.478,9999.000,9999.000,9999.000,9999.000,9999.000,9999.000,9999.000
202605082036,   1.025,   0.449,9999.000,9999.000,9999.000,9999.000,9999.000,9999.000,9999.000
202605082042,   0.999,   0.419,9999.000,9999.000,9999.000,9999.000,9999.000,9999.000,9999.000
202605082048,   0.975,   0.380,9999.000,9999.000,9999.000,9999.000,9999.000,9999.000,9999.000
202605082054,   0.951,   0.360,9999.000,9999.000,9999.000,9999.000,9999.000,9999.000,9999.000
202605082100,   0.929,   0.341,   0.400,  -0.988,   0.341,   0.300,   0.241,   0.400,   0.341
202605082106,   0.907,   0.321,9999.000,9999.000,9999.000,9999.000,9999.000,9999.000,9999.000
202605082112,   0.887,   0.288,9999.000,9999.000,9999.000,9999.000,9999.000,9999.000,9999.000
202605082118,   0.867,   0.249,9999.000,9999.000,9999.000,9999.000,9999.000,9999.000,9999.000
202605082124,   0.848,   0.200,9999.000,9999.000,9999.000,9999.000,9999.000,9999.000,9999.000
202605082130,   0.829,   0.160,9999.000,9999.000,9999.000,9999.000,9999.000,9999.000,9999.000
202605082136,   0.811,   0.121,9999.000,9999.000,9999.000,9999.000,9999.000,9999.000,9999.000
202605082142,   0.793,   0.088,9999.000,9999.000,9999.000,9999.000,9999.000,9999.000,9999.000
202605082148,   0.776,   0.059,9999.000,9999.000,9999.000,9999.000,9999.000,9999.000,9999.000
202605082154,   0.759,   0.029,9999.000,9999.000,9999.000,9999.000,9999.000,9999.000,9999.000
202605082200,   0.742,  -0.009,   0.400,  -1.151,  -0.009,   0.300,  -0.109,   0.400,  -0.009
202605082206,   0.725,  -0.049,9999.000,9999.000,9999.000,9999.000,9999.000,9999.000,9999.000
202605082212,   0.707,  -0.078,9999.000,9999.000,9999.000,9999.000,9999.000,9999.000,9999.000
202605082218,   0.690,  -0.121,9999.000,9999.000,9999.000,9999.000,9999.000,9999.000,9999.000
202605082224,   0.673,  -0.150,9999.000,9999.000,9999.000,9999.000,9999.000,9999.000,9999.000
202605082230,   0.656,  -0.180,9999.000,9999.000,9999.000,9999.000,9999.000,9999.000,9999.000
202605082236,   0.639,  -0.209,9999.000,9999.000,9999.000,9999.000,9999.000,9999.000,9999.000
202605082242,   0.622,  -0.239,9999.000,9999.000,9999.000,9999.000,9999.000,9999.000,9999.000
202605082248,   0.605,  -0.268,9999.000,9999.000,9999.000,9999.000,9999.000,9999.000,9999.000
202605082254,   0.588,  -0.308,9999.000,9999.000,9999.000,9999.000,9999.000,9999.000,9999.000
202605082300,   0.571,  -0.341,   0.300,  -1.212,  -0.341,   0.300,  -0.341,   0.400,  -0.241
202605082306,   0.555,  -0.360,9999.000,9999.000,9999.000,9999.000,9999.000,9999.000,9999.000
202605082312,   0.538,  -0.390,9999.000,9999.000,9999.000,9999.000,9999.000,9999.000,9999.000
202605082318,   0.523,  -0.419,9999.000,9999.000,9999.000,9999.000,9999.000,9999.000,9999.000
202605082324,   0.508,  -0.449,9999.000,9999.000,9999.000,9999.000,9999.000,9999.000,9999.000
202605082330,   0.493,  -0.478,9999.000,9999.000,9999.000,9999.000,9999.000,9999.000,9999.000
202605082336,   0.479,  -0.508,9999.000,9999.000,9999.000,9999.000,9999.000,9999.000,9999.000
202605082342,   0.466,  -0.541,9999.000,9999.000,9999.000,9999.000,9999.000,9999.000,9999.000
202605082348,   0.454,  -0.570,9999.000,9999.000,9999.000,9999.000,9999.000,9999.000,9999.000
202605082354,   0.442,  -0.590,9999.000,9999.000,9999.000,9999.000,9999.000,9999.000,9999.000
202605090000,   0.432,  -0.619,   0.400,  -1.451,  -0.619,   0.300,  -0.719,   0.400,  -0.619
202605090006,   0.423,  -0.639,9999.000,9999.000,9999.000,9999.000,9999.000,9999.000,9999.000
202605090012,   0.415,  -0.659,9999.000,9999.000,9999.000,9999.000,9999.000,9999.000,9999.000
202605090018,   0.408,  -0.678,9999.000,9999.000,9999.000,9999.000,9999.000,9999.000,9999.000
202605090024,   0.403,  -0.708,9999.000,9999.000,9999.000,9999.000,9999.000,9999.000,9999.000
202605090030,   0.399,  -0.731,9999.000,9999.000,9999.000,9999.000,9999.000,9999.000,9999.000
202605090036,   0.396,  -0.751,9999.000,9999.000,9999.000,9999.000,9999.000,9999.000,9999.000
202605090042,   0.395,  -0.770,9999.000,9999.000,9999.000,9999.000,9999.000,9999.000,9999.000
202605090048,   0.396,  -0.790,9999.000,9999.000,9999.000,9999.000,9999.000,9999.000,9999.000
202605090054,   0.399,  -0.810,9999.000,9999.000,9999.000,9999.000,9999.000,9999.000,9999.000
202605090100,   0.403,  -0.819,   0.300,  -1.522,  -0.819,   0.300,  -0.819,   0.400,  -0.719
202605090106,   0.410,  -0.829,9999.000,9999.000,9999.000,9999.000,9999.000,9999.000,9999.000
202605090112,   0.419,  -0.829,9999.000,9999.000,9999.000,9999.000,9999.000,9999.000,9999.000
202605090118,   0.429,  -0.839,9999.000,9999.000,9999.000,9999.000,9999.000,9999.000,9999.000
202605090124,   0.442,  -0.839,9999.000,9999.000,9999.000,9999.000,9999.000,9999.000,9999.000
202605090130,   0.458,  -0.839,9999.000,9999.000,9999.000,9999.000,9999.000,9999.000,9999.000
202605090136,   0.476,  -0.829,9999.000,9999.000,9999.000,9999.000,9999.000,9999.000,9999.000
202605090142,   0.496,  -0.819,9999.000,9999.000,9999.000,9999.000,9999.000,9999.000,9999.000
202605090148,   0.518,  -0.800,9999.000,9999.000,9999.000,9999.000,9999.000,9999.000,9999.000
202605090154,   0.544,  -0.800,9999.000,9999.000,9999.000,9999.000,9999.000,9999.000,9999.000
202605090200,   0.571,  -0.790,   0.300,  -1.661,  -0.790,   0.300,  -0.790,   0.300,  -0.790
202605090206,   0.601,  -0.780,9999.000,9999.000,9999.000,9999.000,9999.000,9999.000,9999.000
202605090212,   0.634,  -0.760,9999.000,9999.000,9999.000,9999.000,9999.000,9999.000,9999.000
202605090218,   0.669,  -0.718,9999.000,9999.000,9999.000,9999.000,9999.000,9999.000,9999.000
202605090224,   0.706,  -0.678,9999.000,9999.000,9999.000,9999.000,9999.000,9999.000,9999.000
202605090230,   0.745,  -0.629,9999.000,9999.000,9999.000,9999.000,9999.000,9999.000,9999.000
202605090236,   0.786,  -0.580,9999.000,9999.000,9999.000,9999.000,9999.000,9999.000,9999.000
202605090242,   0.829,  -0.541,9999.000,9999.000,9999.000,9999.000,9999.000,9999.000,9999.000
202605090248,   0.873,  -0.508,9999.000,9999.000,9999.000,9999.000,9999.000,9999.000,9999.000
202605090254,   0.919,  -0.478,9999.000,9999.000,9999.000,9999.000,9999.000,9999.000,9999.000
202605090300,   0.966,  -0.449,   0.300,  -1.715,  -0.449,   0.200,  -0.549,   0.300,  -0.449
202605090306,   1.013,  -0.429,9999.000,9999.000,9999.000,9999.000,9999.000,9999.000,9999.000
202605090312,   1.062,  -0.400,9999.000,9999.000,9999.000,9999.000,9999.000,9999.000,9999.000
202605090318,   1.111,  -0.380,9999.000,9999.000,9999.000,9999.000,9999.000,9999.000,9999.000
202605090324,   1.160,  -0.341,9999.000,9999.000,9999.000,9999.000,9999.000,9999.000,9999.000
202605090330,   1.209,  -0.321,9999.000,9999.000,9999.000,9999.000,9999.000,9999.000,9999.000
202605090336,   1.257,  -0.288,9999.000,9999.000,9999.000,9999.000,9999.000,9999.000,9999.000
202605090342,   1.306,  -0.249,9999.000,9999.000,9999.000,9999.000,9999.000,9999.000,9999.000
202605090348,   1.353,  -0.209,9999.000,9999.000,9999.000,9999.000,9999.000,9999.000,9999.000
202605090354,   1.400,  -0.170,9999.000,9999.000,9999.000,9999.000,9999.000,9999.000,9999.000
202605090400,   1.445,  -0.131,   0.200,  -1.776,  -0.131,   0.100,  -0.231,   0.300,  -0.031
202605090406,   1.489,  -0.088,9999.000,9999.000,9999.000,9999.000,9999.000,9999.000,9999.000
202605090412,   1.532,  -0.059,9999.000,9999.000,9999.000,9999.000,9999.000,9999.000,9999.000
202605090418,   1.574,  -0.029,9999.000,9999.000,9999.000,9999.000,9999.000,9999.000,9999.000
202605090424,   1.614,   0.009,9999.000,9999.000,9999.000,9999.000,9999.000,9999.000,9999.000
202605090430,   1.652,   0.049,9999.000,9999.000,9999.000,9999.000,9999.000,9999.000,9999.000
202605090436,   1.688,   0.088,9999.000,9999.000,9999.000,9999.000,9999.000,9999.000,9999.000
202605090442,   1.723,   0.121,9999.000,9999.000,9999.000,9999.000,9999.000,9999.000,9999.000
202605090448,   1.756,   0.150,9999.000,9999.000,9999.000,9999.000,9999.000,9999.000,9999.000
202605090454,   1.787,   0.180,9999.000,9999.000,9999.000,9999.000,9999.000,9999.000,9999.000
202605090500,   1.817,   0.219,   0.200,  -1.798,   0.219,   0.100,   0.119,   0.200,   0.219
202605090506,   1.844,   0.249,9999.000,9999.000,9999.000,9999.000,9999.000,9999.000,9999.000
202605090512,   1.870,   0.288,9999.000,9999.000,9999.000,9999.000,9999.000,9999.000,9999.000
202605090518,   1.893,   0.321,9999.000,9999.000,9999.000,9999.000,9999.000,9999.000,9999.000
202605090524,   1.915,   0.360,9999.000,9999.000,9999.000,9999.000,9999.000,9999.000,9999.000
202605090530,   1.934,   0.400,9999.000,9999.000,9999.000,9999.000,9999.000,9999.000,9999.000
202605090536,   1.952,   0.429,9999.000,9999.000,9999.000,9999.000,9999.000,9999.000,9999.000
202605090542,   1.967,   0.469,9999.000,9999.000,9999.000,9999.000,9999.000,9999.000,9999.000
202605090548,   1.980,   0.498,9999.000,9999.000,9999.000,9999.000,9999.000,9999.000,9999.000
202605090554,   1.991,   0.541,9999.000,9999.000,9999.000,9999.000,9999.000,9999.000,9999.000
202605090600,   2.000,   0.570,   0.200,  -1.630,   0.570,   0.100,   0.470,   0.200,   0.570
202605090606,   2.006,   0.600,9999.000,9999.000,9999.000,9999.000,9999.000,9999.000,9999.000
202605090612,   2.009,   0.619,9999.000,9999.000,9999.000,9999.000,9999.000,9999.000,9999.000
202605090618,   2.010,   0.649,9999.000,9999.000,9999.000,9999.000,9999.000,9999.000,9999.000
202605090624,   2.008,   0.669,9999.000,9999.000,9999.000,9999.000,9999.000,9999.000,9999.000
202605090630,   2.004,   0.688,9999.000,9999.000,9999.000,9999.000,9999.000,9999.000,9999.000
202605090636,   1.996,   0.698,9999.000,9999.000,9999.000,9999.000,9999.000,9999.000,9999.000
202605090642,   1.986,   0.718,9999.000,9999.000,9999.000,9999.000,9999.000,9999.000,9999.000
202605090648,   1.973,   0.731,9999.000,9999.000,9999.000,9999.000,9999.000,9999.000,9999.000
202605090654,   1.958,   0.741,9999.000,9999.000,9999.000,9999.000,9999.000,9999.000,9999.000
202605090700,   1.939,   0.751,   0.100,  -1.288,   0.751,   0.100,   0.751,   0.200,   0.851
202605090706,   1.918,   0.751,9999.000,9999.000,9999.000,9999.000,9999.000,9999.000,9999.000
202605090712,   1.895,   0.751,9999.000,9999.000,9999.000,9999.000,9999.000,9999.000,9999.000
202605090718,   1.869,   0.751,9999.000,9999.000,9999.000,9999.000,9999.000,9999.000,9999.000
202605090724,   1.841,   0.741,9999.000,9999.000,9999.000,9999.000,9999.000,9999.000,9999.000
202605090730,   1.810,   0.718,9999.000,9999.000,9999.000,9999.000,9999.000,9999.000,9999.000
202605090736,   1.778,   0.698,9999.000,9999.000,9999.000,9999.000,9999.000,9999.000,9999.000
202605090742,   1.745,   0.669,9999.000,9999.000,9999.000,9999.000,9999.000,9999.000,9999.000
202605090748,   1.710,   0.639,9999.000,9999.000,9999.000,9999.000,9999.000,9999.000,9999.000
202605090754,   1.673,   0.600,9999.000,9999.000,9999.000,9999.000,9999.000,9999.000,9999.000
202605090800,   1.636,   0.560,   0.100,  -1.176,   0.560,   0.100,   0.560,   0.200,   0.660
202605090806,   1.599,   0.531,9999.000,9999.000,9999.000,9999.000,9999.000,9999.000,9999.000
202605090812,   1.561,   0.488,9999.000,9999.000,9999.000,9999.000,9999.000,9999.000,9999.000
202605090818,   1.523,   0.459,9999.000,9999.000,9999.000,9999.000,9999.000,9999.000,9999.000
202605090824,   1.485,   0.419,9999.000,9999.000,9999.000,9999.000,9999.000,9999.000,9999.000
202605090830,   1.447,   0.390,9999.000,9999.000,9999.000,9999.000,9999.000,9999.000,9999.000
202605090836,   1.410,   0.370,9999.000,9999.000,9999.000,9999.000,9999.000,9999.000,9999.000
202605090842,   1.374,   0.341,9999.000,9999.000,9999.000,9999.000,9999.000,9999.000,9999.000
202605090848,   1.338,   0.308,9999.000,9999.000,9999.000,9999.000,9999.000,9999.000,9999.000
202605090854,   1.303,   0.278,9999.000,9999.000,9999.000,9999.000,9999.000,9999.000,9999.000
202605090900,   1.269,   0.259,   0.100,  -1.110,   0.259,   0.100,   0.259,   0.200,   0.359
202605090906,   1.236,   0.229,9999.000,9999.000,9999.000,9999.000,9999.000,9999.000,9999.000
202605090912,   1.205,   0.209,9999.000,9999.000,9999.000,9999.000,9999.000,9999.000,9999.000
202605090918,   1.174,   0.190,9999.000,9999.000,9999.000,9999.000,9999.000,9999.000,9999.000
202605090924,   1.144,   0.160,9999.000,9999.000,9999.000,9999.000,9999.000,9999.000,9999.000
202605090930,   1.115,   0.131,9999.000,9999.000,9999.000,9999.000,9999.000,9999.000,9999.000
202605090936,   1.087,   0.098,9999.000,9999.000,9999.000,9999.000,9999.000,9999.000,9999.000
202605090942,   1.060,   0.068,9999.000,9999.000,9999.000,9999.000,9999.000,9999.000,9999.000
202605090948,   1.033,   0.039,9999.000,9999.000,9999.000,9999.000,9999.000,9999.000,9999.000
202605090954,   1.007,   0.000,9999.000,9999.000,9999.000,9999.000,9999.000,9999.000,9999.000
202605091000,   0.982,  -0.029,   0.100,  -1.111,  -0.029,   0.100,  -0.029,   0.100,  -0.029
202605091006,   0.957,  -0.068,9999.000,9999.000,9999.000,9999.000,9999.000,9999.000,9999.000
202605091012,   0.932,  -0.098,9999.000,9999.000,9999.000,9999.000,9999.000,9999.000,9999.000
202605091018,   0.907,  -0.141,9999.000,9999.000,9999.000,9999.000,9999.000,9999.000,9999.000
202605091024,   0.882,  -0.160,9999.000,9999.000,9999.000,9999.000,9999.000,9999.000,9999.000
202605091030,   0.858,  -0.190,9999.000,9999.000,9999.000,9999.000,9999.000,9999.000,9999.000
202605091036,   0.833,  -0.219,9999.000,9999.000,9999.000,9999.000,9999.000,9999.000,9999.000
202605091042,   0.808,  -0.249,9999.000,9999.000,9999.000,9999.000,9999.000,9999.000,9999.000
202605091048,   0.783,  -0.278,9999.000,9999.000,9999.000,9999.000,9999.000,9999.000,9999.000
202605091054,   0.758,  -0.321,9999.000,9999.000,9999.000,9999.000,9999.000,9999.000,9999.000
202605091100,   0.733,  -0.350,   0.100,  -1.183,  -0.350,   0.000,  -0.450,   0.100,  -0.350
202605091106,   0.708,  -0.380,9999.000,9999.000,9999.000,9999.000,9999.000,9999.000,9999.000
202605091112,   0.682,  -0.419,9999.000,9999.000,9999.000,9999.000,9999.000,9999.000,9999.000
202605091118,   0.657,  -0.449,9999.000,9999.000,9999.000,9999.000,9999.000,9999.000,9999.000
202605091124,   0.632,  -0.488,9999.000,9999.000,9999.000,9999.000,9999.000,9999.000,9999.000
202605091130,   0.607,  -0.518,9999.000,9999.000,9999.000,9999.000,9999.000,9999.000,9999.000
202605091136,   0.583,  -0.560,9999.000,9999.000,9999.000,9999.000,9999.000,9999.000,9999.000
202605091142,   0.558,  -0.580,9999.000,9999.000,9999.000,9999.000,9999.000,9999.000,9999.000
202605091148,   0.534,  -0.619,9999.000,9999.000,9999.000,9999.000,9999.000,9999.000,9999.000
202605091154,   0.510,  -0.639,9999.000,9999.000,9999.000,9999.000,9999.000,9999.000,9999.000
202605091200,   0.487,  -0.669,   0.200,  -1.356,  -0.669,   0.100,  -0.769,   0.200,  -0.669
202605091206,   0.465,  -0.698,9999.000,9999.000,9999.000,9999.000,9999.000,9999.000,9999.000
202605091212,   0.443,  -0.731,9999.000,9999.000,9999.000,9999.000,9999.000,9999.000,9999.000
202605091218,   0.422,  -0.760,9999.000,9999.000,9999.000,9999.000,9999.000,9999.000,9999.000
202605091224,   0.402,  -0.790,9999.000,9999.000,9999.000,9999.000,9999.000,9999.000,9999.000
202605091230,   0.383,  -0.819,9999.000,9999.000,9999.000,9999.000,9999.000,9999.000,9999.000
202605091236,   0.365,  -0.839,9999.000,9999.000,9999.000,9999.000,9999.000,9999.000,9999.000
202605091242,   0.349,  -0.859,9999.000,9999.000,9999.000,9999.000,9999.000,9999.000,9999.000
202605091248,   0.333,  -0.888,9999.000,9999.000,9999.000,9999.000,9999.000,9999.000,9999.000
202605091254,   0.319,  -0.908,9999.000,9999.000,9999.000,9999.000,9999.000,9999.000,9999.000
202605091300,   0.306,  -0.928,   0.200,  -1.434,  -0.928,   0.200,  -0.928,   0.200,  -0.928
202605091306,   0.294,  -0.951,9999.000,9999.000,9999.000,9999.000,9999.000,9999.000,9999.000
202605091312,   0.284,  -0.980,9999.000,9999.000,9999.000,9999.000,9999.000,9999.000,9999.000
202605091318,   0.276,  -0.990,9999.000,9999.000,9999.000,9999.000,9999.000,9999.000,9999.000
202605091324,   0.270,  -1.010,9999.000,9999.000,9999.000,9999.000,9999.000,9999.000,9999.000
202605091330,   0.266,  -1.010,9999.000,9999.000,9999.000,9999.000,9999.000,9999.000,9999.000
202605091336,   0.263,  -1.020,9999.000,9999.000,9999.000,9999.000,9999.000,9999.000,9999.000
202605091342,   0.263,  -1.029,9999.000,9999.000,9999.000,9999.000,9999.000,9999.000,9999.000
202605091348,   0.265,  -1.039,9999.000,9999.000,9999.000,9999.000,9999.000,9999.000,9999.000
202605091354,   0.269,  -1.029,9999.000,9999.000,9999.000,9999.000,9999.000,9999.000,9999.000
202605091400,   0.276,  -1.020,   0.200,  -1.496,  -1.020,   0.100,  -1.120,   0.200,  -1.020
202605091406,   0.285,  -1.000,9999.000,9999.000,9999.000,9999.000,9999.000,9999.000,9999.000
202605091412,   0.297,  -0.980,9999.000,9999.000,9999.000,9999.000,9999.000,9999.000,9999.000
202605091418,   0.311,  -0.941,9999.000,9999.000,9999.000,9999.000,9999.000,9999.000,9999.000
202605091424,   0.328,  -0.918,9999.000,9999.000,9999.000,9999.000,9999.000,9999.000,9999.000
202605091430,   0.348,  -0.888,9999.000,9999.000,9999.000,9999.000,9999.000,9999.000,9999.000
202605091436,   0.370,  -0.859,9999.000,9999.000,9999.000,9999.000,9999.000,9999.000,9999.000
202605091442,   0.394,  -0.829,9999.000,9999.000,9999.000,9999.000,9999.000,9999.000,9999.000
202605091448,   0.421,  -0.800,9999.000,9999.000,9999.000,9999.000,9999.000,9999.000,9999.000
202605091454,   0.451,  -0.760,9999.000,9999.000,9999.000,9999.000,9999.000,9999.000,9999.000
202605091500,   0.482,  -0.731,   0.200,  -1.413,  -0.731,   0.100,  -0.831,   0.200,  -0.731
202605091506,   0.516,  -0.708,9999.000,9999.000,9999.000,9999.000,9999.000,9999.000,9999.000
202605091512,   0.552,  -0.678,9999.000,9999.000,9999.000,9999.000,9999.000,9999.000,9999.000
202605091518,   0.589,  -0.649,9999.000,9999.000,9999.000,9999.000,9999.000,9999.000,9999.000
202605091524,   0.628,  -0.629,9999.000,9999.000,9999.000,9999.000,9999.000,9999.000,9999.000
202605091530,   0.668,  -0.600,9999.000,9999.000,9999.000,9999.000,9999.000,9999.000,9999.000
202605091536,   0.709,  -0.570,9999.000,9999.000,9999.000,9999.000,9999.000,9999.000,9999.000
202605091542,   0.752,  -0.541,9999.000,9999.000,9999.000,9999.000,9999.000,9999.000,9999.000
202605091548,   0.794,  -0.518,9999.000,9999.000,9999.000,9999.000,9999.000,9999.000,9999.000
202605091554,   0.838,  -0.488,9999.000,9999.000,9999.000,9999.000,9999.000,9999.000,9999.000
202605091600,   0.881,  -0.449,   0.100,  -1.430,  -0.449,   0.100,  -0.449,   0.200,  -0.349
202605091606,   0.925,  -0.419,9999.000,9999.000,9999.000,9999.000,9999.000,9999.000,9999.000
202605091612,   0.968,  -0.380,9999.000,9999.000,9999.000,9999.000,9999.000,9999.000,9999.000
202605091618,   1.011,  -0.341,9999.000,9999.000,9999.000,9999.000,9999.000,9999.000,9999.000
202605091624,   1.054,  -0.308,9999.000,9999.000,9999.000,9999.000,9999.000,9999.000,9999.000
202605091630,   1.096,  -0.278,9999.000,9999.000,9999.000,9999.000,9999.000,9999.000,9999.000
202605091636,   1.137,  -0.239,9999.000,9999.000,9999.000,9999.000,9999.000,9999.000,9999.000
202605091642,   1.177,  -0.190,9999.000,9999.000,9999.000,9999.000,9999.000,9999.000,9999.000
202605091648,   1.216,  -0.170,9999.000,9999.000,9999.000,9999.000,9999.000,9999.000,9999.000
202605091654,   1.254,  -0.121,9999.000,9999.000,9999.000,9999.000,9999.000,9999.000,9999.000
202605091700,   1.291,  -0.088,   0.100,  -1.479,  -0.088,   0.100,  -0.088,   0.200,   0.012
202605091706,   1.327,  -0.049,9999.000,9999.000,9999.000,9999.000,9999.000,9999.000,9999.000
202605091712,   1.362,   0.000,9999.000,9999.000,9999.000,9999.000,9999.000,9999.000,9999.000
202605091718,   1.395,   0.029,9999.000,9999.000,9999.000,9999.000,9999.000,9999.000,9999.000
202605091724,   1.428,   0.068,9999.000,9999.000,9999.000,9999.000,9999.000,9999.000,9999.000
202605091730,   1.458,   0.111,9999.000,9999.000,9999.000,9999.000,9999.000,9999.000,9999.000
202605091736,   1.488,   0.160,9999.000,9999.000,9999.000,9999.000,9999.000,9999.000,9999.000
202605091742,   1.516,   0.209,9999.000,9999.000,9999.000,9999.000,9999.000,9999.000,9999.000
202605091748,   1.543,   0.239,9999.000,9999.000,9999.000,9999.000,9999.000,9999.000,9999.000
202605091754,   1.568,   0.278,9999.000,9999.000,9999.000,9999.000,9999.000,9999.000,9999.000
202605091800,   1.591,   0.331,   0.200,  -1.460,   0.331,   0.100,   0.231,   0.200,   0.331
202605091806,   1.613,   0.360,9999.000,9999.000,9999.000,9999.000,9999.000,9999.000,9999.000
202605091812,   1.633,   0.409,9999.000,9999.000,9999.000,9999.000,9999.000,9999.000,9999.000
202605091818,   1.651,   0.449,9999.000,9999.000,9999.000,9999.000,9999.000,9999.000,9999.000
202605091824,   1.667,   0.498,9999.000,9999.000,9999.000,9999.000,9999.000,9999.000,9999.000
202605091830,   1.682,   0.551,9999.000,9999.000,9999.000,9999.000,9999.000,9999.000,9999.000
202605091836,   1.694,   0.580,9999.000,9999.000,9999.000,9999.000,9999.000,9999.000,9999.000
202605091842,   1.703,   0.619,9999.000,9999.000,9999.000,9999.000,9999.000,9999.000,9999.000
202605091848,   1.711,   0.649,9999.000,9999.000,9999.000,9999.000,9999.000,9999.000,9999.000
202605091854,   1.715,   0.669,9999.000,9999.000,9999.000,9999.000,9999.000,9999.000,9999.000
202605091900,   1.718,   0.678,   0.200,  -1.240,   0.678,   0.100,   0.578,   0.200,   0.678
202605091906,   1.718,   0.708,9999.000,9999.000,9999.000,9999.000,9999.000,9999.000,9999.000
202605091912,   1.715,   0.731,9999.000,9999.000,9999.000,9999.000,9999.000,9999.000,9999.000
202605091918,   1.709,   0.770,9999.000,9999.000,9999.000,9999.000,9999.000,9999.000,9999.000
202605091924,   1.701,   0.780,9999.000,9999.000,9999.000,9999.000,9999.000,9999.000,9999.000
202605091930,   1.691,   0.800,9999.000,9999.000,9999.000,9999.000,9999.000,9999.000,9999.000
202605091936,   1.678,   0.810,9999.000,9999.000,9999.000,9999.000,9999.000,9999.000,9999.000
202605091942,   1.662,   0.800,9999.000,9999.000,9999.000,9999.000,9999.000,9999.000,9999.000
202605091948,   1.644,   0.790,9999.000,9999.000,9999.000,9999.000,9999.000,9999.000,9999.000
202605091954,   1.625,   0.790,9999.000,9999.000,9999.000,9999.000,9999.000,9999.000,9999.000
202605092000,   1.603,   0.810,   0.200,  -0.993,   0.810,   0.100,   0.710,   0.200,   0.810
202605092006,   1.580,   0.819,9999.000,9999.000,9999.000,9999.000,9999.000,9999.000,9999.000
202605092012,   1.555,   0.829,9999.000,9999.000,9999.000,9999.000,9999.000,9999.000,9999.000
202605092018,   1.528,   0.839,9999.000,9999.000,9999.000,9999.000,9999.000,9999.000,9999.000
202605092024,   1.501,   0.829,9999.000,9999.000,9999.000,9999.000,9999.000,9999.000,9999.000
202605092030,   1.473,   0.800,9999.000,9999.000,9999.000,9999.000,9999.000,9999.000,9999.000
202605092036,   1.445,   0.780,9999.000,9999.000,9999.000,9999.000,9999.000,9999.000,9999.000
202605092042,   1.416,   0.760,9999.000,9999.000,9999.000,9999.000,9999.000,9999.000,9999.000
202605092048,   1.387,   0.731,9999.000,9999.000,9999.000,9999.000,9999.000,9999.000,9999.000
202605092054,   1.358,   0.688,9999.000,9999.000,9999.000,9999.000,9999.000,9999.000,9999.000
202605092100,   1.329,   0.629,   0.200,  -0.900,   0.629,   0.100,   0.529,   0.200,   0.629
202605092106,   1.301,   0.570,9999.000,9999.000,9999.000,9999.000,9999.000,9999.000,9999.000
202605092112,   1.273,   0.518,9999.000,9999.000,9999.000,9999.000,9999.000,9999.000,9999.000
202605092118,   1.246,   0.478,9999.000,9999.000,9999.000,9999.000,9999.000,9999.000,9999.000
202605092124,   1.220,   0.439,9999.000,9999.000,9999.000,9999.000,9999.000,9999.000,9999.000
202605092130,   1.194,   0.419,9999.000,9999.000,9999.000,9999.000,9999.000,9999.000,9999.000
202605092136,   1.169,   0.400,9999.000,9999.000,9999.000,9999.000,9999.000,9999.000,9999.000
202605092142,   1.145,   0.370,9999.000,9999.000,9999.000,9999.000,9999.000,9999.000,9999.000
202605092148,   1.122,   0.350,9999.000,9999.000,9999.000,9999.000,9999.000,9999.000,9999.000
202605092154,   1.099,   0.331,9999.000,9999.000,9999.000,9999.000,9999.000,9999.000,9999.000
202605092200,   1.077,   0.308,   0.200,  -0.969,   0.308,   0.100,   0.208,   0.200,   0.308
202605092206,   1.056,   0.268,9999.000,9999.000,9999.000,9999.000,9999.000,9999.000,9999.000
202605092212,   1.035,   0.219,9999.000,9999.000,9999.000,9999.000,9999.000,9999.000,9999.000
202605092218,   1.014,   0.200,9999.000,9999.000,9999.000,9999.000,9999.000,9999.000,9999.000
202605092224,   0.994,   0.160,9999.000,9999.000,9999.000,9999.000,9999.000,9999.000,9999.000
202605092230,   0.973,   0.121,9999.000,9999.000,9999.000,9999.000,9999.000,9999.000,9999.000
202605092236,   0.953,   0.088,9999.000,9999.000,9999.000,9999.000,9999.000,9999.000,9999.000
202605092242,   0.933,   0.068,9999.000,9999.000,9999.000,9999.000,9999.000,9999.000,9999.000
202605092248,   0.913,   0.039,9999.000,9999.000,9999.000,9999.000,9999.000,9999.000,9999.000
202605092254,   0.892,   0.000,9999.000,9999.000,9999.000,9999.000,9999.000,9999.000,9999.000
202605092300,   0.872,  -0.039,   0.100,  -1.011,  -0.039,   0.100,  -0.039,   0.200,   0.061
202605092306,   0.851,  -0.068,9999.000,9999.000,9999.000,9999.000,9999.000,9999.000,9999.000
202605092312,   0.830,  -0.098,9999.000,9999.000,9999.000,9999.000,9999.000,9999.000,9999.000
202605092318,   0.808,  -0.141,9999.000,9999.000,9999.000,9999.000,9999.000,9999.000,9999.000
202605092324,   0.787,  -0.170,9999.000,9999.000,9999.000,9999.000,9999.000,9999.000,9999.000
202605092330,   0.765,  -0.200,9999.000,9999.000,9999.000,9999.000,9999.000,9999.000,9999.000
202605092336,   0.743,  -0.239,9999.000,9999.000,9999.000,9999.000,9999.000,9999.000,9999.000
202605092342,   0.721,  -0.268,9999.000,9999.000,9999.000,9999.000,9999.000,9999.000,9999.000
202605092348,   0.699,  -0.288,9999.000,9999.000,9999.000,9999.000,9999.000,9999.000,9999.000
202605092354,   0.677,  -0.321,9999.000,9999.000,9999.000,9999.000,9999.000,9999.000,9999.000
202605100000,   0.655,  -0.341,   0.300,  -1.256,  -0.301,   0.300,  -0.301,   0.400,  -0.201
202605100006,   0.633,  -0.370,9999.000,9999.000,9999.000,9999.000,9999.000,9999.000,9999.000
202605100012,   0.612,  -0.400,9999.000,9999.000,9999.000,9999.000,9999.000,9999.000,9999.000
202605100018,   0.591,  -0.439,9999.000,9999.000,9999.000,9999.000,9999.000,9999.000,9999.000
202605100024,   0.571,  -0.459,9999.000,9999.000,9999.000,9999.000,9999.000,9999.000,9999.000
202605100030,   0.551,  -0.488,9999.000,9999.000,9999.000,9999.000,9999.000,9999.000,9999.000
202605100036,   0.532,  -0.508,9999.000,9999.000,9999.000,9999.000,9999.000,9999.000,9999.000
202605100042,   0.514,  -0.531,9999.000,9999.000,9999.000,9999.000,9999.000,9999.000,9999.000
202605100048,   0.496,  -0.551,9999.000,9999.000,9999.000,9999.000,9999.000,9999.000,9999.000
202605100054,   0.480,  -0.580,9999.000,9999.000,9999.000,9999.000,9999.000,9999.000,9999.000
202605100100,   0.464,  -0.600,   0.300,  -1.389,  -0.625,   0.300,  -0.625,   0.400,  -0.525
202605100106,   0.450,  -0.629,9999.000,9999.000,9999.000,9999.000,9999.000,9999.000,9999.000
202605100112,   0.437,  -0.649,9999.000,9999.000,9999.000,9999.000,9999.000,9999.000,9999.000
202605100118,   0.425,  -0.659,9999.000,9999.000,9999.000,9999.000,9999.000,9999.000,9999.000
202605100124,   0.415,  -0.678,9999.000,9999.000,9999.000,9999.000,9999.000,9999.000,9999.000
202605100130,   0.406,  -0.698,9999.000,9999.000,9999.000,9999.000,9999.000,9999.000,9999.000
202605100136,   0.398,  -0.718,9999.000,9999.000,9999.000,9999.000,9999.000,9999.000,9999.000
202605100142,   0.393,  -0.741,9999.000,9999.000,9999.000,9999.000,9999.000,9999.000,9999.000
202605100148,   0.389,  -0.751,9999.000,9999.000,9999.000,9999.000,9999.000,9999.000,9999.000
202605100154,   0.387,  -0.770,9999.000,9999.000,9999.000,9999.000,9999.000,9999.000,9999.000
202605100200,   0.387,  -0.780,   0.300,  -1.548,  -0.861,   0.300,  -0.861,   0.400,  -0.761
202605100206,   0.389,  -0.780,9999.000,9999.000,9999.000,9999.000,9999.000,9999.000,9999.000
202605100212,   0.394,  -0.780,9999.000,9999.000,9999.000,9999.000,9999.000,9999.000,9999.000
202605100218,   0.401,  -0.770,9999.000,9999.000,9999.000,9999.000,9999.000,9999.000,9999.000
202605100224,   0.410,  -0.751,9999.000,9999.000,9999.000,9999.000,9999.000,9999.000,9999.000
202605100230,   0.422,  -0.718,9999.000,9999.000,9999.000,9999.000,9999.000,9999.000,9999.000
202605100236,   0.436,  -0.688,9999.000,9999.000,9999.000,9999.000,9999.000,9999.000,9999.000
202605100242,   0.452,  -0.639,9999.000,9999.000,9999.000,9999.000,9999.000,9999.000,9999.000
202605100248,   0.472,  -0.600,9999.000,9999.000,9999.000,9999.000,9999.000,9999.000,9999.000
202605100254,   0.494,  -0.541,9999.000,9999.000,9999.000,9999.000,9999.000,9999.000,9999.000
202605100300,   0.518,  -0.488,   0.300,  -1.696,  -0.878,   0.300,  -0.878,   0.400,  -0.778
202605100306,   0.545,  -0.449,9999.000,9999.000,9999.000,9999.000,9999.000,9999.000,9999.000
202605100312,   0.575,  -0.400,9999.000,9999.000,9999.000,9999.000,9999.000,9999.000,9999.000
202605100318,   0.607,  -0.370,9999.000,9999.000,9999.000,9999.000,9999.000,9999.000,9999.000
202605100324,   0.641,  -0.341,9999.000,9999.000,9999.000,9999.000,9999.000,9999.000,9999.000
202605100330,   0.677,  -0.308,9999.000,9999.000,9999.000,9999.000,9999.000,9999.000,9999.000
202605100336,   0.715,  -0.288,9999.000,9999.000,9999.000,9999.000,9999.000,9999.000,9999.000
202605100342,   0.755,  -0.268,9999.000,9999.000,9999.000,9999.000,9999.000,9999.000,9999.000
202605100348,   0.796,  -0.239,9999.000,9999.000,9999.000,9999.000,9999.000,9999.000,9999.000
202605100354,   0.839,  -0.219,9999.000,9999.000,9999.000,9999.000,9999.000,9999.000,9999.000
202605100400,   0.883,  -0.190,   0.300,  -1.754,  -0.571,   0.300,  -0.571,   0.400,  -0.471
202605100406,   0.928,  -0.150,9999.000,9999.000,9999.000,9999.000,9999.000,9999.000,9999.000
202605100412,   0.973,  -0.111,9999.000,9999.000,9999.000,9999.000,9999.000,9999.000,9999.000
202605100418,   1.019,  -0.059,9999.000,9999.000,9999.000,9999.000,9999.000,9999.000,9999.000
202605100424,   1.065,  -0.009,9999.000,9999.000,9999.000,9999.000,9999.000,9999.000,9999.000
202605100430,   1.111,   0.029,9999.000,9999.000,9999.000,9999.000,9999.000,9999.000,9999.000
202605100436,   1.156,   0.078,9999.000,9999.000,9999.000,9999.000,9999.000,9999.000,9999.000
202605100442,   1.202,   0.121,9999.000,9999.000,9999.000,9999.000,9999.000,9999.000,9999.000
202605100448,   1.247,   0.160,9999.000,9999.000,9999.000,9999.000,9999.000,9999.000,9999.000
202605100454,   1.291,   0.190,9999.000,9999.000,9999.000,9999.000,9999.000,9999.000,9999.000
202605100500,   1.334,   0.229,   0.300,  -1.687,  -0.053,   0.300,  -0.053,   0.300,  -0.053
202605100506,   1.376,   0.268,9999.000,9999.000,9999.000,9999.000,9999.000,9999.000,9999.000
202605100512,   1.418,   0.298,9999.000,9999.000,9999.000,9999.000,9999.000,9999.000,9999.000
202605100518,   1.458,   0.341,9999.000,9999.000,9999.000,9999.000,9999.000,9999.000,9999.000
202605100524,   1.497,   0.380,9999.000,9999.000,9999.000,9999.000,9999.000,9999.000,9999.000
202605100530,   1.534,9999.000,9999.000,9999.000,9999.000,9999.000,9999.000,9999.000,9999.000
202605100536,   1.570,9999.000,9999.000,9999.000,9999.000,9999.000,9999.000,9999.000,9999.000
202605100542,   1.605,9999.000,9999.000,9999.000,9999.000,9999.000,9999.000,9999.000,9999.000
202605100548,   1.639,9999.000,9999.000,9999.000,9999.000,9999.000,9999.000,9999.000,9999.000
202605100554,   1.671,9999.000,9999.000,9999.000,9999.000,9999.000,9999.000,9999.000,9999.000
202605100600,   1.701,9999.000,   0.300,  -1.529,   0.472,   0.300,   0.472,   0.300,   0.472
202605100606,   1.730,9999.000,9999.000,9999.000,9999.000,9999.000,9999.000,9999.000,9999.000
202605100612,   1.758,9999.000,9999.000,9999.000,9999.000,9999.000,9999.000,9999.000,9999.000
202605100618,   1.783,9999.000,9999.000,9999.000,9999.000,9999.000,9999.000,9999.000,9999.000
202605100624,   1.807,9999.000,9999.000,9999.000,9999.000,9999.000,9999.000,9999.000,9999.000
202605100630,   1.829,9999.000,9999.000,9999.000,9999.000,9999.000,9999.000,9999.000,9999.000
202605100636,   1.849,9999.000,9999.000,9999.000,9999.000,9999.000,9999.000,9999.000,9999.000
202605100642,   1.868,9999.000,9999.000,9999.000,9999.000,9999.000,9999.000,9999.000,9999.000
202605100648,   1.884,9999.000,9999.000,9999.000,9999.000,9999.000,9999.000,9999.000,9999.000
202605100654,   1.897,9999.000,9999.000,9999.000,9999.000,9999.000,9999.000,9999.000,9999.000
202605100700,   1.909,9999.000,   0.300,  -1.340,   0.869,   0.300,   0.869,   0.300,   0.869
202605100706,   1.918,9999.000,9999.000,9999.000,9999.000,9999.000,9999.000,9999.000,9999.000
202605100712,   1.924,9999.000,9999.000,9999.000,9999.000,9999.000,9999.000,9999.000,9999.000
202605100718,   1.928,9999.000,9999.000,9999.000,9999.000,9999.000,9999.000,9999.000,9999.000
202605100724,   1.929,9999.000,9999.000,9999.000,9999.000,9999.000,9999.000,9999.000,9999.000
202605100730,   1.927,9999.000,9999.000,9999.000,9999.000,9999.000,9999.000,9999.000,9999.000
202605100736,   1.923,9999.000,9999.000,9999.000,9999.000,9999.000,9999.000,9999.000,9999.000
202605100742,   1.915,9999.000,9999.000,9999.000,9999.000,9999.000,9999.000,9999.000,9999.000
202605100748,   1.905,9999.000,9999.000,9999.000,9999.000,9999.000,9999.000,9999.000,9999.000
202605100754,   1.893,9999.000,9999.000,9999.000,9999.000,9999.000,9999.000,9999.000,9999.000
202605100800,   1.877,9999.000,   0.300,  -1.171,   1.006,   0.300,   1.006,   0.400,   1.106
202605100806,   1.859,9999.000,9999.000,9999.000,9999.000,9999.000,9999.000,9999.000,9999.000
202605100812,   1.838,9999.000,9999.000,9999.000,9999.000,9999.000,9999.000,9999.000,9999.000
202605100818,   1.815,9999.000,9999.000,9999.000,9999.000,9999.000,9999.000,9999.000,9999.000
202605100824,   1.790,9999.000,9999.000,9999.000,9999.000,9999.000,9999.000,9999.000,9999.000
202605100830,   1.764,9999.000,9999.000,9999.000,9999.000,9999.000,9999.000,9999.000,9999.000
202605100836,   1.735,9999.000,9999.000,9999.000,9999.000,9999.000,9999.000,9999.000,9999.000
202605100842,   1.705,9999.000,9999.000,9999.000,9999.000,9999.000,9999.000,9999.000,9999.000
202605100848,   1.674,9999.000,9999.000,9999.000,9999.000,9999.000,9999.000,9999.000,9999.000
202605100854,   1.641,9999.000,9999.000,9999.000,9999.000,9999.000,9999.000,9999.000,9999.000
202605100900,   1.608,9999.000,   0.300,  -1.058,   0.850,   0.300,   0.850,   0.400,   0.950
202605100906,   1.575,9999.000,9999.000,9999.000,9999.000,9999.000,9999.000,9999.000,9999.000
202605100912,   1.541,9999.000,9999.000,9999.000,9999.000,9999.000,9999.000,9999.000,9999.000
202605100918,   1.507,9999.000,9999.000,9999.000,9999.000,9999.000,9999.000,9999.000,9999.000
202605100924,   1.473,9999.000,9999.000,9999.000,9999.000,9999.000,9999.000,9999.000,9999.000
202605100930,   1.439,9999.000,9999.000,9999.000,9999.000,9999.000,9999.000,9999.000,9999.000
202605100936,   1.406,9999.000,9999.000,9999.000,9999.000,9999.000,9999.000,9999.000,9999.000
202605100942,   1.374,9999.000,9999.000,9999.000,9999.000,9999.000,9999.000,9999.000,9999.000
202605100948,   1.342,9999.000,9999.000,9999.000,9999.000,9999.000,9999.000,9999.000,9999.000
202605100954,   1.310,9999.000,9999.000,9999.000,9999.000,9999.000,9999.000,9999.000,9999.000
202605101000,   1.280,9999.000,   0.400,  -1.010,   0.670,   0.300,   0.570,   0.400,   0.670
202605101006,   1.250,9999.000,9999.000,9999.000,9999.000,9999.000,9999.000,9999.000,9999.000
202605101012,   1.221,9999.000,9999.000,9999.000,9999.000,9999.000,9999.000,9999.000,9999.000
202605101018,   1.192,9999.000,9999.000,9999.000,9999.000,9999.000,9999.000,9999.000,9999.000
202605101024,   1.164,9999.000,9999.000,9999.000,9999.000,9999.000,9999.000,9999.000,9999.000
202605101030,   1.137,9999.000,9999.000,9999.000,9999.000,9999.000,9999.000,9999.000,9999.000
202605101036,   1.110,9999.000,9999.000,9999.000,9999.000,9999.000,9999.000,9999.000,9999.000
202605101042,   1.083,9999.000,9999.000,9999.000,9999.000,9999.000,9999.000,9999.000,9999.000
202605101048,   1.057,9999.000,9999.000,9999.000,9999.000,9999.000,9999.000,9999.000,9999.000
202605101054,   1.031,9999.000,9999.000,9999.000,9999.000,9999.000,9999.000,9999.000,9999.000
202605101100,   1.004,9999.000,   0.400,  -1.017,   0.387,   0.300,   0.287,   0.400,   0.387
202605101106,   0.978,9999.000,9999.000,9999.000,9999.000,9999.000,9999.000,9999.000,9999.000
202605101112,   0.952,9999.000,9999.000,9999.000,9999.000,9999.000,9999.000,9999.000,9999.000
202605101118,   0.925,9999.000,9999.000,9999.000,9999.000,9999.000,9999.000,9999.000,9999.000
202605101124,   0.898,9999.000,9999.000,9999.000,9999.000,9999.000,9999.000,9999.000,9999.000
202605101130,   0.871,9999.000,9999.000,9999.000,9999.000,9999.000,9999.000,9999.000,9999.000
202605101136,   0.844,9999.000,9999.000,9999.000,9999.000,9999.000,9999.000,9999.000,9999.000
202605101142,   0.816,9999.000,9999.000,9999.000,9999.000,9999.000,9999.000,9999.000,9999.000
202605101148,   0.788,9999.000,9999.000,9999.000,9999.000,9999.000,9999.000,9999.000,9999.000
202605101154,   0.760,9999.000,9999.000,9999.000,9999.000,9999.000,9999.000,9999.000,9999.000
202605101200,   0.732,9999.000,   0.400,  -1.083,   0.049,   0.300,  -0.051,   0.400,   0.049
202605101206,   0.703,9999.000,9999.000,9999.000,9999.000,9999.000,9999.000,9999.000,9999.000
202605101212,   0.675,9999.000,9999.000,9999.000,9999.000,9999.000,9999.000,9999.000,9999.000
202605101218,   0.646,9999.000,9999.000,9999.000,9999.000,9999.000,9999.000,9999.000,9999.000
202605101224,   0.618,9999.000,9999.000,9999.000,9999.000,9999.000,9999.000,9999.000,9999.000
202605101230,   0.589,9999.000,9999.000,9999.000,9999.000,9999.000,9999.000,9999.000,9999.000
202605101236,   0.561,9999.000,9999.000,9999.000,9999.000,9999.000,9999.000,9999.000,9999.000
202605101242,   0.534,9999.000,9999.000,9999.000,9999.000,9999.000,9999.000,9999.000,9999.000
202605101248,   0.506,9999.000,9999.000,9999.000,9999.000,9999.000,9999.000,9999.000,9999.000
202605101254,   0.479,9999.000,9999.000,9999.000,9999.000,9999.000,9999.000,9999.000,9999.000
202605101300,   0.453,9999.000,   0.400,  -1.215,  -0.362,   0.300,  -0.462,   0.400,  -0.362
202605101306,   0.428,9999.000,9999.000,9999.000,9999.000,9999.000,9999.000,9999.000,9999.000
202605101312,   0.403,9999.000,9999.000,9999.000,9999.000,9999.000,9999.000,9999.000,9999.000
202605101318,   0.379,9999.000,9999.000,9999.000,9999.000,9999.000,9999.000,9999.000,9999.000
202605101324,   0.356,9999.000,9999.000,9999.000,9999.000,9999.000,9999.000,9999.000,9999.000
202605101330,   0.334,9999.000,9999.000,9999.000,9999.000,9999.000,9999.000,9999.000,9999.000
202605101336,   0.314,9999.000,9999.000,9999.000,9999.000,9999.000,9999.000,9999.000,9999.000
202605101342,   0.294,9999.000,9999.000,9999.000,9999.000,9999.000,9999.000,9999.000,9999.000
202605101348,   0.276,9999.000,9999.000,9999.000,9999.000,9999.000,9999.000,9999.000,9999.000
202605101354,   0.260,9999.000,9999.000,9999.000,9999.000,9999.000,9999.000,9999.000,9999.000
202605101400,   0.245,9999.000,   0.400,  -1.385,  -0.740,   0.300,  -0.840,   0.400,  -0.740
202605101406,   0.231,9999.000,9999.000,9999.000,9999.000,9999.000,9999.000,9999.000,9999.000
202605101412,   0.220,9999.000,9999.000,9999.000,9999.000,9999.000,9999.000,9999.000,9999.000
202605101418,   0.210,9999.000,9999.000,9999.000,9999.000,9999.000,9999.000,9999.000,9999.000
202605101424,   0.203,9999.000,9999.000,9999.000,9999.000,9999.000,9999.000,9999.000,9999.000
202605101430,   0.197,9999.000,9999.000,9999.000,9999.000,9999.000,9999.000,9999.000,9999.000
202605101436,   0.194,9999.000,9999.000,9999.000,9999.000,9999.000,9999.000,9999.000,9999.000
202605101442,   0.194,9999.000,9999.000,9999.000,9999.000,9999.000,9999.000,9999.000,9999.000
202605101448,   0.196,9999.000,9999.000,9999.000,9999.000,9999.000,9999.000,9999.000,9999.000
202605101454,   0.200,9999.000,9999.000,9999.000,9999.000,9999.000,9999.000,9999.000,9999.000
202605101500,   0.207,9999.000,   0.400,  -1.520,  -0.913,   0.300,  -1.013,   0.400,  -0.913
202605101506,   0.217,9999.000,9999.000,9999.000,9999.000,9999.000,9999.000,9999.000,9999.000
202605101512,   0.230,9999.000,9999.000,9999.000,9999.000,9999.000,9999.000,9999.000,9999.000
202605101518,   0.246,9999.000,9999.000,9999.000,9999.000,9999.000,9999.000,9999.000,9999.000
202605101524,   0.264,9999.000,9999.000,9999.000,9999.000,9999.000,9999.000,9999.000,9999.000
202605101530,   0.285,9999.000,9999.000,9999.000,9999.000,9999.000,9999.000,9999.000,9999.000
202605101536,   0.309,9999.000,9999.000,9999.000,9999.000,9999.000,9999.000,9999.000,9999.000
202605101542,   0.336,9999.000,9999.000,9999.000,9999.000,9999.000,9999.000,9999.000,9999.000
202605101548,   0.365,9999.000,9999.000,9999.000,9999.000,9999.000,9999.000,9999.000,9999.000
202605101554,   0.397,9999.000,9999.000,9999.000,9999.000,9999.000,9999.000,9999.000,9999.000
202605101600,   0.431,9999.000,   0.300,  -1.575,  -0.844,   0.300,  -0.844,   0.400,  -0.744
202605101606,   0.468,9999.000,9999.000,9999.000,9999.000,9999.000,9999.000,9999.000,9999.000
202605101612,   0.506,9999.000,9999.000,9999.000,9999.000,9999.000,9999.000,9999.000,9999.000
202605101618,   0.546,9999.000,9999.000,9999.000,9999.000,9999.000,9999.000,9999.000,9999.000
202605101624,   0.588,9999.000,9999.000,9999.000,9999.000,9999.000,9999.000,9999.000,9999.000
202605101630,   0.631,9999.000,9999.000,9999.000,9999.000,9999.000,9999.000,9999.000,9999.000
202605101636,   0.676,9999.000,9999.000,9999.000,9999.000,9999.000,9999.000,9999.000,9999.000
202605101642,   0.721,9999.000,9999.000,9999.000,9999.000,9999.000,9999.000,9999.000,9999.000
202605101648,   0.767,9999.000,9999.000,9999.000,9999.000,9999.000,9999.000,9999.000,9999.000
202605101654,   0.814,9999.000,9999.000,9999.000,9999.000,9999.000,9999.000,9999.000,9999.000
202605101700,   0.861,9999.000,   0.300,  -1.564,  -0.403,   0.300,  -0.403,   0.400,  -0.303
202605101706,   0.908,9999.000,9999.000,9999.000,9999.000,9999.000,9999.000,9999.000,9999.000
202605101712,   0.956,9999.000,9999.000,9999.000,9999.000,9999.000,9999.000,9999.000,9999.000
202605101718,   1.003,9999.000,9999.000,9999.000,9999.000,9999.000,9999.000,9999.000,9999.000
202605101724,   1.050,9999.000,9999.000,9999.000,9999.000,9999.000,9999.000,9999.000,9999.000
202605101730,   1.096,9999.000,9999.000,9999.000,9999.000,9999.000,9999.000,9999.000,9999.000
202605101736,   1.142,9999.000,9999.000,9999.000,9999.000,9999.000,9999.000,9999.000,9999.000
202605101742,   1.187,9999.000,9999.000,9999.000,9999.000,9999.000,9999.000,9999.000,9999.000
202605101748,   1.232,9999.000,9999.000,9999.000,9999.000,9999.000,9999.000,9999.000,9999.000
202605101754,   1.276,9999.000,9999.000,9999.000,9999.000,9999.000,9999.000,9999.000,9999.000
202605101800,   1.319,9999.000,   0.300,  -1.499,   0.120,   0.300,   0.120,   0.400,   0.220
202605101806,   1.361,9999.000,9999.000,9999.000,9999.000,9999.000,9999.000,9999.000,9999.000
202605101812,   1.402,9999.000,9999.000,9999.000,9999.000,9999.000,9999.000,9999.000,9999.000
202605101818,   1.442,9999.000,9999.000,9999.000,9999.000,9999.000,9999.000,9999.000,9999.000
202605101824,   1.482,9999.000,9999.000,9999.000,9999.000,9999.000,9999.000,9999.000,9999.000
202605101830,   1.519,9999.000,9999.000,9999.000,9999.000,9999.000,9999.000,9999.000,9999.000
202605101836,   1.556,9999.000,9999.000,9999.000,9999.000,9999.000,9999.000,9999.000,9999.000
202605101842,   1.591,9999.000,9999.000,9999.000,9999.000,9999.000,9999.000,9999.000,9999.000
202605101848,   1.625,9999.000,9999.000,9999.000,9999.000,9999.000,9999.000,9999.000,9999.000
202605101854,   1.658,9999.000,9999.000,9999.000,9999.000,9999.000,9999.000,9999.000,9999.000
202605101900,   1.688,9999.000,   0.300,  -1.365,   0.623,   0.300,   0.623,   0.400,   0.723
202605101906,   1.717,9999.000,9999.000,9999.000,9999.000,9999.000,9999.000,9999.000,9999.000
202605101912,   1.744,9999.000,9999.000,9999.000,9999.000,9999.000,9999.000,9999.000,9999.000
202605101918,   1.769,9999.000,9999.000,9999.000,9999.000,9999.000,9999.000,9999.000,9999.000
202605101924,   1.791,9999.000,9999.000,9999.000,9999.000,9999.000,9999.000,9999.000,9999.000
202605101930,   1.812,9999.000,9999.000,9999.000,9999.000,9999.000,9999.000,9999.000,9999.000
202605101936,   1.829,9999.000,9999.000,9999.000,9999.000,9999.000,9999.000,9999.000,9999.000
202605101942,   1.845,9999.000,9999.000,9999.000,9999.000,9999.000,9999.000,9999.000,9999.000
202605101948,   1.857,9999.000,9999.000,9999.000,9999.000,9999.000,9999.000,9999.000,9999.000
202605101954,   1.867,9999.000,9999.000,9999.000,9999.000,9999.000,9999.000,9999.000,9999.000
202605102000,   1.874,9999.000,   0.300,  -1.188,   0.986,   0.300,   0.986,   0.400,   1.086
202605102006,   1.877,9999.000,9999.000,9999.000,9999.000,9999.000,9999.000,9999.000,9999.000
202605102012,   1.878,9999.000,9999.000,9999.000,9999.000,9999.000,9999.000,9999.000,9999.000
202605102018,   1.876,9999.000,9999.000,9999.000,9999.000,9999.000,9999.000,9999.000,9999.000
202605102024,   1.871,9999.000,9999.000,9999.000,9999.000,9999.000,9999.000,9999.000,9999.000
202605102030,   1.863,9999.000,9999.000,9999.000,9999.000,9999.000,9999.000,9999.000,9999.000
202605102036,   1.853,9999.000,9999.000,9999.000,9999.000,9999.000,9999.000,9999.000,9999.000
202605102042,   1.840,9999.000,9999.000,9999.000,9999.000,9999.000,9999.000,9999.000,9999.000
202605102048,   1.824,9999.000,9999.000,9999.000,9999.000,9999.000,9999.000,9999.000,9999.000
202605102054,   1.807,9999.000,9999.000,9999.000,9999.000,9999.000,9999.000,9999.000,9999.000
202605102100,   1.787,9999.000,   0.300,  -1.064,   1.023,   0.300,   1.023,   0.400,   1.123
202605102106,   1.765,9999.000,9999.000,9999.000,9999.000,9999.000,9999.000,9999.000,9999.000
202605102112,   1.742,9999.000,9999.000,9999.000,9999.000,9999.000,9999.000,9999.000,9999.000
202605102118,   1.717,9999.000,9999.000,9999.000,9999.000,9999.000,9999.000,9999.000,9999.000
202605102124,   1.691,9999.000,9999.000,9999.000,9999.000,9999.000,9999.000,9999.000,9999.000
202605102130,   1.664,9999.000,9999.000,9999.000,9999.000,9999.000,9999.000,9999.000,9999.000
202605102136,   1.636,9999.000,9999.000,9999.000,9999.000,9999.000,9999.000,9999.000,9999.000
202605102142,   1.608,9999.000,9999.000,9999.000,9999.000,9999.000,9999.000,9999.000,9999.000
202605102148,   1.580,9999.000,9999.000,9999.000,9999.000,9999.000,9999.000,9999.000,9999.000
202605102154,   1.551,9999.000,9999.000,9999.000,9999.000,9999.000,9999.000,9999.000,9999.000
202605102200,   1.523,9999.000,   0.300,  -1.060,   0.763,   0.300,   0.763,   0.400,   0.863
202605102206,   1.495,9999.000,9999.000,9999.000,9999.000,9999.000,9999.000,9999.000,9999.000
202605102212,   1.466,9999.000,9999.000,9999.000,9999.000,9999.000,9999.000,9999.000,9999.000
202605102218,   1.439,9999.000,9999.000,9999.000,9999.000,9999.000,9999.000,9999.000,9999.000
202605102224,   1.411,9999.000,9999.000,9999.000,9999.000,9999.000,9999.000,9999.000,9999.000
202605102230,   1.384,9999.000,9999.000,9999.000,9999.000,9999.000,9999.000,9999.000,9999.000
202605102236,   1.358,9999.000,9999.000,9999.000,9999.000,9999.000,9999.000,9999.000,9999.000
202605102242,   1.331,9999.000,9999.000,9999.000,9999.000,9999.000,9999.000,9999.000,9999.000
202605102248,   1.305,9999.000,9999.000,9999.000,9999.000,9999.000,9999.000,9999.000,9999.000
202605102254,   1.280,9999.000,9999.000,9999.000,9999.000,9999.000,9999.000,9999.000,9999.000
202605102300,   1.254,9999.000,   0.300,  -1.129,   0.425,   0.300,   0.425,   0.300,   0.425
202605102306,   1.229,9999.000,9999.000,9999.000,9999.000,9999.000,9999.000,9999.000,9999.000
202605102312,   1.203,9999.000,9999.000,9999.000,9999.000,9999.000,9999.000,9999.000,9999.000
202605102318,   1.178,9999.000,9999.000,9999.000,9999.000,9999.000,9999.000,9999.000,9999.000
202605102324,   1.152,9999.000,9999.000,9999.000,9999.000,9999.000,9999.000,9999.000,9999.000
202605102330,   1.126,9999.000,9999.000,9999.000,9999.000,9999.000,9999.000,9999.000,9999.000
202605102336,   1.100,9999.000,9999.000,9999.000,9999.000,9999.000,9999.000,9999.000,9999.000
202605102342,   1.074,9999.000,9999.000,9999.000,9999.000,9999.000,9999.000,9999.000,9999.000
202605102348,   1.047,9999.000,9999.000,9999.000,9999.000,9999.000,9999.000,9999.000,9999.000
202605102354,   1.020,9999.000,9999.000,9999.000,9999.000,9999.000,9999.000,9999.000,9999.000
202605110000,   0.992,9999.000,   0.300,  -1.199,   0.093,   0.200,  -0.007,   0.300,   0.093
202605110006,   0.964,9999.000,9999.000,9999.000,9999.000,9999.000,9999.000,9999.000,9999.000
202605110012,   0.936,9999.000,9999.000,9999.000,9999.000,9999.000,9999.000,9999.000,9999.000
202605110018,   0.908,9999.000,9999.000,9999.000,9999.000,9999.000,9999.000,9999.000,9999.000
202605110024,   0.879,9999.000,9999.000,9999.000,9999.000,9999.000,9999.000,9999.000,9999.000
202605110030,   0.850,9999.000,9999.000,9999.000,9999.000,9999.000,9999.000,9999.000,9999.000
202605110036,   0.820,9999.000,9999.000,9999.000,9999.000,9999.000,9999.000,9999.000,9999.000
202605110042,   0.791,9999.000,9999.000,9999.000,9999.000,9999.000,9999.000,9999.000,9999.000
202605110048,   0.762,9999.000,9999.000,9999.000,9999.000,9999.000,9999.000,9999.000,9999.000
202605110054,   0.733,9999.000,9999.000,9999.000,9999.000,9999.000,9999.000,9999.000,9999.000
202605110100,   0.704,9999.000,   0.300,  -1.273,  -0.269,   0.200,  -0.369,   0.300,  -0.269
202605110106,   0.675,9999.000,9999.000,9999.000,9999.000,9999.000,9999.000,9999.000,9999.000
202605110112,   0.647,9999.000,9999.000,9999.000,9999.000,9999.000,9999.000,9999.000,9999.000
202605110118,   0.619,9999.000,9999.000,9999.000,9999.000,9999.000,9999.000,9999.000,9999.000
202605110124,   0.592,9999.000,9999.000,9999.000,9999.000,9999.000,9999.000,9999.000,9999.000
202605110130,   0.565,9999.000,9999.000,9999.000,9999.000,9999.000,9999.000,9999.000,9999.000
202605110136,   0.539,9999.000,9999.000,9999.000,9999.000,9999.000,9999.000,9999.000,9999.000
202605110142,   0.514,9999.000,9999.000,9999.000,9999.000,9999.000,9999.000,9999.000,9999.000
202605110148,   0.490,9999.000,9999.000,9999.000,9999.000,9999.000,9999.000,9999.000,9999.000
202605110154,   0.467,9999.000,9999.000,9999.000,9999.000,9999.000,9999.000,9999.000,9999.000
202605110200,   0.445,9999.000,   0.200,  -1.396,  -0.751,   0.200,  -0.751,   0.300,  -0.651
202605110206,   0.425,9999.000,9999.000,9999.000,9999.000,9999.000,9999.000,9999.000,9999.000
202605110212,   0.405,9999.000,9999.000,9999.000,9999.000,9999.000,9999.000,9999.000,9999.000
202605110218,   0.387,9999.000,9999.000,9999.000,9999.000,9999.000,9999.000,9999.000,9999.000
202605110224,   0.371,9999.000,9999.000,9999.000,9999.000,9999.000,9999.000,9999.000,9999.000
202605110230,   0.356,9999.000,9999.000,9999.000,9999.000,9999.000,9999.000,9999.000,9999.000
202605110236,   0.343,9999.000,9999.000,9999.000,9999.000,9999.000,9999.000,9999.000,9999.000
202605110242,   0.332,9999.000,9999.000,9999.000,9999.000,9999.000,9999.000,9999.000,9999.000
202605110248,   0.323,9999.000,9999.000,9999.000,9999.000,9999.000,9999.000,9999.000,9999.000
202605110254,   0.316,9999.000,9999.000,9999.000,9999.000,9999.000,9999.000,9999.000,9999.000
202605110300,   0.311,9999.000,   0.200,  -1.545,  -1.034,   0.200,  -1.034,   0.300,  -0.934
202605110306,   0.309,9999.000,9999.000,9999.000,9999.000,9999.000,9999.000,9999.000,9999.000
202605110312,   0.309,9999.000,9999.000,9999.000,9999.000,9999.000,9999.000,9999.000,9999.000
202605110318,   0.312,9999.000,9999.000,9999.000,9999.000,9999.000,9999.000,9999.000,9999.000
202605110324,   0.317,9999.000,9999.000,9999.000,9999.000,9999.000,9999.000,9999.000,9999.000
202605110330,   0.325,9999.000,9999.000,9999.000,9999.000,9999.000,9999.000,9999.000,9999.000
202605110336,   0.336,9999.000,9999.000,9999.000,9999.000,9999.000,9999.000,9999.000,9999.000
202605110342,   0.350,9999.000,9999.000,9999.000,9999.000,9999.000,9999.000,9999.000,9999.000
202605110348,   0.366,9999.000,9999.000,9999.000,9999.000,9999.000,9999.000,9999.000,9999.000
202605110354,   0.385,9999.000,9999.000,9999.000,9999.000,9999.000,9999.000,9999.000,9999.000
202605110400,   0.407,9999.000,   0.200,  -1.645,  -1.038,   0.100,  -1.138,   0.300,  -0.938
202605110406,   0.432,9999.000,9999.000,9999.000,9999.000,9999.000,9999.000,9999.000,9999.000
202605110412,   0.459,9999.000,9999.000,9999.000,9999.000,9999.000,9999.000,9999.000,9999.000
202605110418,   0.489,9999.000,9999.000,9999.000,9999.000,9999.000,9999.000,9999.000,9999.000
202605110424,   0.521,9999.000,9999.000,9999.000,9999.000,9999.000,9999.000,9999.000,9999.000
202605110430,   0.555,9999.000,9999.000,9999.000,9999.000,9999.000,9999.000,9999.000,9999.000
202605110436,   0.592,9999.000,9999.000,9999.000,9999.000,9999.000,9999.000,9999.000,9999.000
202605110442,   0.630,9999.000,9999.000,9999.000,9999.000,9999.000,9999.000,9999.000,9999.000
202605110448,   0.670,9999.000,9999.000,9999.000,9999.000,9999.000,9999.000,9999.000,9999.000
202605110454,   0.711,9999.000,9999.000,9999.000,9999.000,9999.000,9999.000,9999.000,9999.000
202605110500,   0.754,9999.000,   0.200,  -1.651,  -0.697,   0.100,  -0.797,   0.300,  -0.597
202605110506,   0.798,9999.000,9999.000,9999.000,9999.000,9999.000,9999.000,9999.000,9999.000
202605110512,   0.842,9999.000,9999.000,9999.000,9999.000,9999.000,9999.000,9999.000,9999.000
202605110518,   0.887,9999.000,9999.000,9999.000,9999.000,9999.000,9999.000,9999.000,9999.000
202605110524,   0.933,9999.000,9999.000,9999.000,9999.000,9999.000,9999.000,9999.000,9999.000
202605110530,   0.979,9999.000,9999.000,9999.000,9999.000,9999.000,9999.000,9999.000,9999.000
202605110536,   1.024,9999.000,9999.000,9999.000,9999.000,9999.000,9999.000,9999.000,9999.000
202605110542,   1.070,9999.000,9999.000,9999.000,9999.000,9999.000,9999.000,9999.000,9999.000
202605110548,   1.116,9999.000,9999.000,9999.000,9999.000,9999.000,9999.000,9999.000,9999.000
202605110554,   1.161,9999.000,9999.000,9999.000,9999.000,9999.000,9999.000,9999.000,9999.000
202605110600,   1.206,9999.000,   0.200,  -1.574,  -0.168,   0.200,  -0.168,   0.300,  -0.068
202605110606,   1.250,9999.000,9999.000,9999.000,9999.000,9999.000,9999.000,9999.000,9999.000
202605110612,   1.294,9999.000,9999.000,9999.000,9999.000,9999.000,9999.000,9999.000,9999.000
202605110618,   1.337,9999.000,9999.000,9999.000,9999.000,9999.000,9999.000,9999.000,9999.000
202605110624,   1.379,9999.000,9999.000,9999.000,9999.000,9999.000,9999.000,9999.000,9999.000
202605110630,   1.420,9999.000,9999.000,9999.000,9999.000,9999.000,9999.000,9999.000,9999.000
202605110636,   1.460,9999.000,9999.000,9999.000,9999.000,9999.000,9999.000,9999.000,9999.000
202605110642,   1.499,9999.000,9999.000,9999.000,9999.000,9999.000,9999.000,9999.000,9999.000
202605110648,   1.537,9999.000,9999.000,9999.000,9999.000,9999.000,9999.000,9999.000,9999.000
202605110654,   1.574,9999.000,9999.000,9999.000,9999.000,9999.000,9999.000,9999.000,9999.000
202605110700,   1.610,9999.000,   0.300,  -1.442,   0.468,   0.200,   0.368,   0.400,   0.568
202605110706,   1.644,9999.000,9999.000,9999.000,9999.000,9999.000,9999.000,9999.000,9999.000
202605110712,   1.677,9999.000,9999.000,9999.000,9999.000,9999.000,9999.000,9999.000,9999.000
202605110718,   1.709,9999.000,9999.000,9999.000,9999.000,9999.000,9999.000,9999.000,9999.000
202605110724,   1.739,9999.000,9999.000,9999.000,9999.000,9999.000,9999.000,9999.000,9999.000
202605110730,   1.767,9999.000,9999.000,9999.000,9999.000,9999.000,9999.000,9999.000,9999.000
202605110736,   1.793,9999.000,9999.000,9999.000,9999.000,9999.000,9999.000,9999.000,9999.000
202605110742,   1.817,9999.000,9999.000,9999.000,9999.000,9999.000,9999.000,9999.000,9999.000
202605110748,   1.838,9999.000,9999.000,9999.000,9999.000,9999.000,9999.000,9999.000,9999.000
202605110754,   1.858,9999.000,9999.000,9999.000,9999.000,9999.000,9999.000,9999.000,9999.000
202605110800,   1.874,9999.000,   0.300,  -1.289,   0.885,   0.200,   0.785,   0.400,   0.985
202605110806,   1.888,9999.000,9999.000,9999.000,9999.000,9999.000,9999.000,9999.000,9999.000
202605110812,   1.900,9999.000,9999.000,9999.000,9999.000,9999.000,9999.000,9999.000,9999.000
202605110818,   1.908,9999.000,9999.000,9999.000,9999.000,9999.000,9999.000,9999.000,9999.000
202605110824,   1.914,9999.000,9999.000,9999.000,9999.000,9999.000,9999.000,9999.000,9999.000
202605110830,   1.916,9999.000,9999.000,9999.000,9999.000,9999.000,9999.000,9999.000,9999.000
202605110836,   1.916,9999.000,9999.000,9999.000,9999.000,9999.000,9999.000,9999.000,9999.000
202605110842,   1.912,9999.000,9999.000,9999.000,9999.000,9999.000,9999.000,9999.000,9999.000
202605110848,   1.905,9999.000,9999.000,9999.000,9999.000,9999.000,9999.000,9999.000,9999.000
202605110854,   1.896,9999.000,9999.000,9999.000,9999.000,9999.000,9999.000,9999.000,9999.000
202605110900,   1.884,9999.000,   0.300,  -1.161,   1.023,   0.200,   0.923,   0.500,   1.223
202605110906,   1.868,9999.000,9999.000,9999.000,9999.000,9999.000,9999.000,9999.000,9999.000
202605110912,   1.851,9999.000,9999.000,9999.000,9999.000,9999.000,9999.000,9999.000,9999.000
202605110918,   1.830,9999.000,9999.000,9999.000,9999.000,9999.000,9999.000,9999.000,9999.000
202605110924,   1.808,9999.000,9999.000,9999.000,9999.000,9999.000,9999.000,9999.000,9999.000
202605110930,   1.784,9999.000,9999.000,9999.000,9999.000,9999.000,9999.000,9999.000,9999.000
202605110936,   1.758,9999.000,9999.000,9999.000,9999.000,9999.000,9999.000,9999.000,9999.000
202605110942,   1.730,9999.000,9999.000,9999.000,9999.000,9999.000,9999.000,9999.000,9999.000
202605110948,   1.701,9999.000,9999.000,9999.000,9999.000,9999.000,9999.000,9999.000,9999.000
202605110954,   1.671,9999.000,9999.000,9999.000,9999.000,9999.000,9999.000,9999.000,9999.000
202605111000,   1.640,9999.000,   0.400,  -1.081,   0.959,   0.200,   0.759,   0.600,   1.159
202605111006,   1.608,9999.000,9999.000,9999.000,9999.000,9999.000,9999.000,9999.000,9999.000
202605111012,   1.577,9999.000,9999.000,9999.000,9999.000,9999.000,9999.000,9999.000,9999.000
202605111018,   1.544,9999.000,9999.000,9999.000,9999.000,9999.000,9999.000,9999.000,9999.000
202605111024,   1.512,9999.000,9999.000,9999.000,9999.000,9999.000,9999.000,9999.000,9999.000
202605111030,   1.480,9999.000,9999.000,9999.000,9999.000,9999.000,9999.000,9999.000,9999.000
202605111036,   1.448,9999.000,9999.000,9999.000,9999.000,9999.000,9999.000,9999.000,9999.000
202605111042,   1.416,9999.000,9999.000,9999.000,9999.000,9999.000,9999.000,9999.000,9999.000
202605111048,   1.385,9999.000,9999.000,9999.000,9999.000,9999.000,9999.000,9999.000,9999.000
202605111054,   1.354,9999.000,9999.000,9999.000,9999.000,9999.000,9999.000,9999.000,9999.000
202605111100,   1.323,9999.000,   0.500,  -1.042,   0.781,   0.300,   0.581,   0.700,   0.981
202605111106,   1.293,9999.000,9999.000,9999.000,9999.000,9999.000,9999.000,9999.000,9999.000
202605111112,   1.262,9999.000,9999.000,9999.000,9999.000,9999.000,9999.000,9999.000,9999.000
202605111118,   1.233,9999.000,9999.000,9999.000,9999.000,9999.000,9999.000,9999.000,9999.000
202605111124,   1.203,9999.000,9999.000,9999.000,9999.000,9999.000,9999.000,9999.000,9999.000
202605111130,   1.173,9999.000,9999.000,9999.000,9999.000,9999.000,9999.000,9999.000,9999.000
202605111136,   1.144,9999.000,9999.000,9999.000,9999.000,9999.000,9999.000,9999.000,9999.000
202605111142,   1.114,9999.000,9999.000,9999.000,9999.000,9999.000,9999.000,9999.000,9999.000
202605111148,   1.085,9999.000,9999.000,9999.000,9999.000,9999.000,9999.000,9999.000,9999.000
202605111154,   1.055,9999.000,9999.000,9999.000,9999.000,9999.000,9999.000,9999.000,9999.000
202605111200,   1.025,9999.000,   0.500,  -1.045,   0.480,   0.300,   0.280,   0.700,   0.680
202605111206,   0.994,9999.000,9999.000,9999.000,9999.000,9999.000,9999.000,9999.000,9999.000
202605111212,   0.964,9999.000,9999.000,9999.000,9999.000,9999.000,9999.000,9999.000,9999.000
202605111218,   0.933,9999.000,9999.000,9999.000,9999.000,9999.000,9999.000,9999.000,9999.000
202605111224,   0.901,9999.000,9999.000,9999.000,9999.000,9999.000,9999.000,9999.000,9999.000
202605111230,   0.869,9999.000,9999.000,9999.000,9999.000,9999.000,9999.000,9999.000,9999.000
202605111236,   0.837,9999.000,9999.000,9999.000,9999.000,9999.000,9999.000,9999.000,9999.000
202605111242,   0.804,9999.000,9999.000,9999.000,9999.000,9999.000,9999.000,9999.000,9999.000
202605111248,   0.771,9999.000,9999.000,9999.000,9999.000,9999.000,9999.000,9999.000,9999.000
202605111254,   0.738,9999.000,9999.000,9999.000,9999.000,9999.000,9999.000,9999.000,9999.000
202605111300,   0.705,9999.000,   0.600,  -1.124,   0.181,   0.400,  -0.019,   0.800,   0.381
202605111306,   0.672,9999.000,9999.000,9999.000,9999.000,9999.000,9999.000,9999.000,9999.000
202605111312,   0.639,9999.000,9999.000,9999.000,9999.000,9999.000,9999.000,9999.000,9999.000
202605111318,   0.605,9999.000,9999.000,9999.000,9999.000,9999.000,9999.000,9999.000,9999.000
202605111324,   0.572,9999.000,9999.000,9999.000,9999.000,9999.000,9999.000,9999.000,9999.000
202605111330,   0.540,9999.000,9999.000,9999.000,9999.000,9999.000,9999.000,9999.000,9999.000
202605111336,   0.507,9999.000,9999.000,9999.000,9999.000,9999.000,9999.000,9999.000,9999.000
202605111342,   0.475,9999.000,9999.000,9999.000,9999.000,9999.000,9999.000,9999.000,9999.000
202605111348,   0.444,9999.000,9999.000,9999.000,9999.000,9999.000,9999.000,9999.000,9999.000
202605111354,   0.413,9999.000,9999.000,9999.000,9999.000,9999.000,9999.000,9999.000,9999.000
202605111400,   0.383,9999.000,   0.600,  -1.269,  -0.286,   0.500,  -0.386,   0.800,  -0.086
202605111406,   0.354,9999.000,9999.000,9999.000,9999.000,9999.000,9999.000,9999.000,9999.000
202605111412,   0.326,9999.000,9999.000,9999.000,9999.000,9999.000,9999.000,9999.000,9999.000
202605111418,   0.299,9999.000,9999.000,9999.000,9999.000,9999.000,9999.000,9999.000,9999.000
202605111424,   0.273,9999.000,9999.000,9999.000,9999.000,9999.000,9999.000,9999.000,9999.000
202605111430,   0.248,9999.000,9999.000,9999.000,9999.000,9999.000,9999.000,9999.000,9999.000
202605111436,   0.225,9999.000,9999.000,9999.000,9999.000,9999.000,9999.000,9999.000,9999.000
202605111442,   0.203,9999.000,9999.000,9999.000,9999.000,9999.000,9999.000,9999.000,9999.000
202605111448,   0.183,9999.000,9999.000,9999.000,9999.000,9999.000,9999.000,9999.000,9999.000
202605111454,   0.165,9999.000,9999.000,9999.000,9999.000,9999.000,9999.000,9999.000,9999.000
202605111500,   0.148,9999.000,   0.600,  -1.409,  -0.661,   0.500,  -0.761,   0.800,  -0.461
202605111506,   0.133,9999.000,9999.000,9999.000,9999.000,9999.000,9999.000,9999.000,9999.000
202605111512,   0.121,9999.000,9999.000,9999.000,9999.000,9999.000,9999.000,9999.000,9999.000
202605111518,   0.110,9999.000,9999.000,9999.000,9999.000,9999.000,9999.000,9999.000,9999.000
202605111524,   0.102,9999.000,9999.000,9999.000,9999.000,9999.000,9999.000,9999.000,9999.000
202605111530,   0.097,9999.000,9999.000,9999.000,9999.000,9999.000,9999.000,9999.000,9999.000
202605111536,   0.094,9999.000,9999.000,9999.000,9999.000,9999.000,9999.000,9999.000,9999.000
202605111542,   0.094,9999.000,9999.000,9999.000,9999.000,9999.000,9999.000,9999.000,9999.000
202605111548,   0.097,9999.000,9999.000,9999.000,9999.000,9999.000,9999.000,9999.000,9999.000
202605111554,   0.103,9999.000,9999.000,9999.000,9999.000,9999.000,9999.000,9999.000,9999.000
202605111600,   0.112,9999.000,   0.600,  -1.491,  -0.779,   0.500,  -0.879,   0.800,  -0.579
202605111606,   0.124,9999.000,9999.000,9999.000,9999.000,9999.000,9999.000,9999.000,9999.000
202605111612,   0.139,9999.000,9999.000,9999.000,9999.000,9999.000,9999.000,9999.000,9999.000
202605111618,   0.157,9999.000,9999.000,9999.000,9999.000,9999.000,9999.000,9999.000,9999.000
202605111624,   0.179,9999.000,9999.000,9999.000,9999.000,9999.000,9999.000,9999.000,9999.000
202605111630,   0.204,9999.000,9999.000,9999.000,9999.000,9999.000,9999.000,9999.000,9999.000
202605111636,   0.231,9999.000,9999.000,9999.000,9999.000,9999.000,9999.000,9999.000,9999.000
202605111642,   0.262,9999.000,9999.000,9999.000,9999.000,9999.000,9999.000,9999.000,9999.000
202605111648,   0.295,9999.000,9999.000,9999.000,9999.000,9999.000,9999.000,9999.000,9999.000
202605111654,   0.331,9999.000,9999.000,9999.000,9999.000,9999.000,9999.000,9999.000,9999.000
202605111700,   0.370,9999.000,   0.700,  -1.533,  -0.463,   0.500,  -0.663,   0.800,  -0.363
202605111706,   0.411,9999.000,9999.000,9999.000,9999.000,9999.000,9999.000,9999.000,9999.000
202605111712,   0.455,9999.000,9999.000,9999.000,9999.000,9999.000,9999.000,9999.000,9999.000
202605111718,   0.500,9999.000,9999.000,9999.000,9999.000,9999.000,9999.000,9999.000,9999.000
202605111724,   0.547,9999.000,9999.000,9999.000,9999.000,9999.000,9999.000,9999.000,9999.000
202605111730,   0.596,9999.000,9999.000,9999.000,9999.000,9999.000,9999.000,9999.000,9999.000
202605111736,   0.646,9999.000,9999.000,9999.000,9999.000,9999.000,9999.000,9999.000,9999.000
202605111742,   0.697,9999.000,9999.000,9999.000,9999.000,9999.000,9999.000,9999.000,9999.000
202605111748,   0.750,9999.000,9999.000,9999.000,9999.000,9999.000,9999.000,9999.000,9999.000
202605111754,   0.803,9999.000,9999.000,9999.000,9999.000,9999.000,9999.000,9999.000,9999.000
202605111800,   0.856,9999.000,   0.700,  -1.543,   0.013,   0.500,  -0.187,   0.900,   0.213
202605111806,   0.911,9999.000,9999.000,9999.000,9999.000,9999.000,9999.000,9999.000,9999.000
202605111812,   0.965,9999.000,9999.000,9999.000,9999.000,9999.000,9999.000,9999.000,9999.000
202605111818,   1.019,9999.000,9999.000,9999.000,9999.000,9999.000,9999.000,9999.000,9999.000
202605111824,   1.074,9999.000,9999.000,9999.000,9999.000,9999.000,9999.000,9999.000,9999.000
202605111830,   1.128,9999.000,9999.000,9999.000,9999.000,9999.000,9999.000,9999.000,9999.000
202605111836,   1.183,9999.000,9999.000,9999.000,9999.000,9999.000,9999.000,9999.000,9999.000
202605111842,   1.237,9999.000,9999.000,9999.000,9999.000,9999.000,9999.000,9999.000,9999.000
202605111848,   1.290,9999.000,9999.000,9999.000,9999.000,9999.000,9999.000,9999.000,9999.000
202605111854,   1.343,9999.000,9999.000,9999.000,9999.000,9999.000,9999.000,9999.000,9999.000
202605111900,   1.395,9999.000,   0.700,  -1.478,   0.617,   0.500,   0.417,   0.900,   0.817
202605111906,   1.447,9999.000,9999.000,9999.000,9999.000,9999.000,9999.000,9999.000,9999.000
202605111912,   1.497,9999.000,9999.000,9999.000,9999.000,9999.000,9999.000,9999.000,9999.000
202605111918,   1.547,9999.000,9999.000,9999.000,9999.000,9999.000,9999.000,9999.000,9999.000
202605111924,   1.596,9999.000,9999.000,9999.000,9999.000,9999.000,9999.000,9999.000,9999.000
202605111930,   1.643,9999.000,9999.000,9999.000,9999.000,9999.000,9999.000,9999.000,9999.000
202605111936,   1.690,9999.000,9999.000,9999.000,9999.000,9999.000,9999.000,9999.000,9999.000
202605111942,   1.734,9999.000,9999.000,9999.000,9999.000,9999.000,9999.000,9999.000,9999.000
202605111948,   1.777,9999.000,9999.000,9999.000,9999.000,9999.000,9999.000,9999.000,9999.000
202605111954,   1.819,9999.000,9999.000,9999.000,9999.000,9999.000,9999.000,9999.000,9999.000
202605112000,   1.858,9999.000,   0.700,  -1.333,   1.225,   0.500,   1.025,   0.900,   1.425
202605112006,   1.895,9999.000,9999.000,9999.000,9999.000,9999.000,9999.000,9999.000,9999.000
202605112012,   1.930,9999.000,9999.000,9999.000,9999.000,9999.000,9999.000,9999.000,9999.000
202605112018,   1.962,9999.000,9999.000,9999.000,9999.000,9999.000,9999.000,9999.000,9999.000
202605112024,   1.991,9999.000,9999.000,9999.000,9999.000,9999.000,9999.000,9999.000,9999.000
202605112030,   2.018,9999.000,9999.000,9999.000,9999.000,9999.000,9999.000,9999.000,9999.000
202605112036,   2.041,9999.000,9999.000,9999.000,9999.000,9999.000,9999.000,9999.000,9999.000
202605112042,   2.062,9999.000,9999.000,9999.000,9999.000,9999.000,9999.000,9999.000,9999.000
202605112048,   2.079,9999.000,9999.000,9999.000,9999.000,9999.000,9999.000,9999.000,9999.000
202605112054,   2.093,9999.000,9999.000,9999.000,9999.000,9999.000,9999.000,9999.000,9999.000
202605112100,   2.103,9999.000,   0.700,  -1.200,   1.603,   0.500,   1.403,   0.900,   1.803
202605112106,   2.110,9999.000,9999.000,9999.000,9999.000,9999.000,9999.000,9999.000,9999.000
202605112112,   2.113,9999.000,9999.000,9999.000,9999.000,9999.000,9999.000,9999.000,9999.000
202605112118,   2.113,9999.000,9999.000,9999.000,9999.000,9999.000,9999.000,9999.000,9999.000
202605112124,   2.109,9999.000,9999.000,9999.000,9999.000,9999.000,9999.000,9999.000,9999.000
202605112130,   2.102,9999.000,9999.000,9999.000,9999.000,9999.000,9999.000,9999.000,9999.000
202605112136,   2.092,9999.000,9999.000,9999.000,9999.000,9999.000,9999.000,9999.000,9999.000
202605112142,   2.080,9999.000,9999.000,9999.000,9999.000,9999.000,9999.000,9999.000,9999.000
202605112148,   2.064,9999.000,9999.000,9999.000,9999.000,9999.000,9999.000,9999.000,9999.000
202605112154,   2.046,9999.000,9999.000,9999.000,9999.000,9999.000,9999.000,9999.000,9999.000
202605112200,   2.025,9999.000,   0.700,  -1.165,   1.560,   0.500,   1.360,   0.900,   1.760
202605112206,   2.002,9999.000,9999.000,9999.000,9999.000,9999.000,9999.000,9999.000,9999.000
202605112212,   1.977,9999.000,9999.000,9999.000,9999.000,9999.000,9999.000,9999.000,9999.000
202605112218,   1.951,9999.000,9999.000,9999.000,9999.000,9999.000,9999.000,9999.000,9999.000
202605112224,   1.923,9999.000,9999.000,9999.000,9999.000,9999.000,9999.000,9999.000,9999.000
202605112230,   1.894,9999.000,9999.000,9999.000,9999.000,9999.000,9999.000,9999.000,9999.000
202605112236,   1.865,9999.000,9999.000,9999.000,9999.000,9999.000,9999.000,9999.000,9999.000
202605112242,   1.834,9999.000,9999.000,9999.000,9999.000,9999.000,9999.000,9999.000,9999.000
202605112248,   1.803,9999.000,9999.000,9999.000,9999.000,9999.000,9999.000,9999.000,9999.000
202605112254,   1.771,9999.000,9999.000,9999.000,9999.000,9999.000,9999.000,9999.000,9999.000
202605112300,   1.739,9999.000,   0.600,  -1.196,   1.143,   0.400,   0.943,   0.900,   1.443
202605112306,   1.707,9999.000,9999.000,9999.000,9999.000,9999.000,9999.000,9999.000,9999.000
202605112312,   1.675,9999.000,9999.000,9999.000,9999.000,9999.000,9999.000,9999.000,9999.000
202605112318,   1.643,9999.000,9999.000,9999.000,9999.000,9999.000,9999.000,9999.000,9999.000
202605112324,   1.611,9999.000,9999.000,9999.000,9999.000,9999.000,9999.000,9999.000,9999.000
202605112330,   1.578,9999.000,9999.000,9999.000,9999.000,9999.000,9999.000,9999.000,9999.000
202605112336,   1.546,9999.000,9999.000,9999.000,9999.000,9999.000,9999.000,9999.000,9999.000
202605112342,   1.514,9999.000,9999.000,9999.000,9999.000,9999.000,9999.000,9999.000,9999.000
202605112348,   1.482,9999.000,9999.000,9999.000,9999.000,9999.000,9999.000,9999.000,9999.000
202605112354,   1.449,9999.000,9999.000,9999.000,9999.000,9999.000,9999.000,9999.000,9999.000
202605120000,   1.417,9999.000,   0.600,  -1.214,   0.803,   0.400,   0.603,   0.800,   1.003
202605120006,   1.384,9999.000,9999.000,9999.000,9999.000,9999.000,9999.000,9999.000,9999.000
202605120012,   1.351,9999.000,9999.000,9999.000,9999.000,9999.000,9999.000,9999.000,9999.000
202605120018,   1.318,9999.000,9999.000,9999.000,9999.000,9999.000,9999.000,9999.000,9999.000
202605120024,   1.284,9999.000,9999.000,9999.000,9999.000,9999.000,9999.000,9999.000,9999.000
202605120030,   1.250,9999.000,9999.000,9999.000,9999.000,9999.000,9999.000,9999.000,9999.000
202605120036,   1.215,9999.000,9999.000,9999.000,9999.000,9999.000,9999.000,9999.000,9999.000
202605120042,   1.180,9999.000,9999.000,9999.000,9999.000,9999.000,9999.000,9999.000,9999.000
202605120048,   1.145,9999.000,9999.000,9999.000,9999.000,9999.000,9999.000,9999.000,9999.000
202605120054,   1.109,9999.000,9999.000,9999.000,9999.000,9999.000,9999.000,9999.000,9999.000
202605120100,   1.072,9999.000,   0.600,  -1.224,   0.448,   0.400,   0.248,   0.800,   0.648
202605120106,   1.036,9999.000,9999.000,9999.000,9999.000,9999.000,9999.000,9999.000,9999.000
202605120112,   0.999,9999.000,9999.000,9999.000,9999.000,9999.000,9999.000,9999.000,9999.000
202605120118,   0.962,9999.000,9999.000,9999.000,9999.000,9999.000,9999.000,9999.000,9999.000
202605120124,   0.924,9999.000,9999.000,9999.000,9999.000,9999.000,9999.000,9999.000,9999.000
202605120130,   0.887,9999.000,9999.000,9999.000,9999.000,9999.000,9999.000,9999.000,9999.000
202605120136,   0.849,9999.000,9999.000,9999.000,9999.000,9999.000,9999.000,9999.000,9999.000
202605120142,   0.812,9999.000,9999.000,9999.000,9999.000,9999.000,9999.000,9999.000,9999.000
202605120148,   0.775,9999.000,9999.000,9999.000,9999.000,9999.000,9999.000,9999.000,9999.000
202605120154,   0.738,9999.000,9999.000,9999.000,9999.000,9999.000,9999.000,9999.000,9999.000
202605120200,   0.701,9999.000,   0.600,  -1.283,   0.018,   0.400,  -0.182,   0.800,   0.218
202605120206,   0.665,9999.000,9999.000,9999.000,9999.000,9999.000,9999.000,9999.000,9999.000
202605120212,   0.629,9999.000,9999.000,9999.000,9999.000,9999.000,9999.000,9999.000,9999.000
202605120218,   0.594,9999.000,9999.000,9999.000,9999.000,9999.000,9999.000,9999.000,9999.000
202605120224,   0.560,9999.000,9999.000,9999.000,9999.000,9999.000,9999.000,9999.000,9999.000
202605120230,   0.526,9999.000,9999.000,9999.000,9999.000,9999.000,9999.000,9999.000,9999.000
202605120236,   0.494,9999.000,9999.000,9999.000,9999.000,9999.000,9999.000,9999.000,9999.000
202605120242,   0.462,9999.000,9999.000,9999.000,9999.000,9999.000,9999.000,9999.000,9999.000
202605120248,   0.432,9999.000,9999.000,9999.000,9999.000,9999.000,9999.000,9999.000,9999.000
202605120254,   0.402,9999.000,9999.000,9999.000,9999.000,9999.000,9999.000,9999.000,9999.000
202605120300,   0.374,9999.000,   0.500,  -1.391,  -0.517,   0.400,  -0.617,   0.700,  -0.317
202605120306,   0.347,9999.000,9999.000,9999.000,9999.000,9999.000,9999.000,9999.000,9999.000
202605120312,   0.322,9999.000,9999.000,9999.000,9999.000,9999.000,9999.000,9999.000,9999.000
202605120318,   0.299,9999.000,9999.000,9999.000,9999.000,9999.000,9999.000,9999.000,9999.000
202605120324,   0.277,9999.000,9999.000,9999.000,9999.000,9999.000,9999.000,9999.000,9999.000
202605120330,   0.257,9999.000,9999.000,9999.000,9999.000,9999.000,9999.000,9999.000,9999.000
202605120336,   0.239,9999.000,9999.000,9999.000,9999.000,9999.000,9999.000,9999.000,9999.000
202605120342,   0.223,9999.000,9999.000,9999.000,9999.000,9999.000,9999.000,9999.000,9999.000
202605120348,   0.210,9999.000,9999.000,9999.000,9999.000,9999.000,9999.000,9999.000,9999.000
202605120354,   0.199,9999.000,9999.000,9999.000,9999.000,9999.000,9999.000,9999.000,9999.000
202605120400,   0.190,9999.000,   0.500,  -1.493,  -0.803,   0.300,  -1.003,   0.700,  -0.603
202605120406,   0.184,9999.000,9999.000,9999.000,9999.000,9999.000,9999.000,9999.000,9999.000
202605120412,   0.181,9999.000,9999.000,9999.000,9999.000,9999.000,9999.000,9999.000,9999.000
202605120418,   0.181,9999.000,9999.000,9999.000,9999.000,9999.000,9999.000,9999.000,9999.000
202605120424,   0.184,9999.000,9999.000,9999.000,9999.000,9999.000,9999.000,9999.000,9999.000
202605120430,   0.190,9999.000,9999.000,9999.000,9999.000,9999.000,9999.000,9999.000,9999.000
202605120436,   0.198,9999.000,9999.000,9999.000,9999.000,9999.000,9999.000,9999.000,9999.000
202605120442,   0.210,9999.000,9999.000,9999.000,9999.000,9999.000,9999.000,9999.000,9999.000
202605120448,   0.225,9999.000,9999.000,9999.000,9999.000,9999.000,9999.000,9999.000,9999.000
202605120454,   0.244,9999.000,9999.000,9999.000,9999.000,9999.000,9999.000,9999.000,9999.000
202605120500,   0.265,9999.000,   0.500,  -1.549,  -0.784,   0.300,  -0.984,   0.600,  -0.684
202605120506,   0.289,9999.000,9999.000,9999.000,9999.000,9999.000,9999.000,9999.000,9999.000
202605120512,   0.316,9999.000,9999.000,9999.000,9999.000,9999.000,9999.000,9999.000,9999.000
202605120518,   0.346,9999.000,9999.000,9999.000,9999.000,9999.000,9999.000,9999.000,9999.000
202605120524,   0.378,9999.000,9999.000,9999.000,9999.000,9999.000,9999.000,9999.000,9999.000
202605120530,   0.413,9999.000,9999.000,9999.000,9999.000,9999.000,9999.000,9999.000,9999.000
202605120536,   0.450,9999.000,9999.000,9999.000,9999.000,9999.000,9999.000,9999.000,9999.000
202605120542,   0.489,9999.000,9999.000,9999.000,9999.000,9999.000,9999.000,9999.000,9999.000
202605120548,   0.530,9999.000,9999.000,9999.000,9999.000,9999.000,9999.000,9999.000,9999.000
202605120554,   0.572,9999.000,9999.000,9999.000,9999.000,9999.000,9999.000,9999.000,9999.000
202605120600,   0.617,9999.000,   0.400,  -1.550,  -0.533,   0.300,  -0.633,   0.600,  -0.333
202605120606,   0.662,9999.000,9999.000,9999.000,9999.000,9999.000,9999.000,9999.000,9999.000
202605120612,   0.709,9999.000,9999.000,9999.000,9999.000,9999.000,9999.000,9999.000,9999.000
202605120618,   0.756,9999.000,9999.000,9999.000,9999.000,9999.000,9999.000,9999.000,9999.000
202605120624,   0.805,9999.000,9999.000,9999.000,9999.000,9999.000,9999.000,9999.000,9999.000
202605120630,   0.854,9999.000,9999.000,9999.000,9999.000,9999.000,9999.000,9999.000,9999.000
202605120636,   0.903,9999.000,9999.000,9999.000,9999.000,9999.000,9999.000,9999.000,9999.000
202605120642,   0.953,9999.000,9999.000,9999.000,9999.000,9999.000,9999.000,9999.000,9999.000
202605120648,   1.002,9999.000,9999.000,9999.000,9999.000,9999.000,9999.000,9999.000,9999.000
202605120654,   1.052,9999.000,9999.000,9999.000,9999.000,9999.000,9999.000,9999.000,9999.000
202605120700,   1.102,9999.000,   0.400,  -1.489,   0.013,   0.300,  -0.087,   0.600,   0.213
202605120706,   1.152,9999.000,9999.000,9999.000,9999.000,9999.000,9999.000,9999.000,9999.000
202605120712,   1.201,9999.000,9999.000,9999.000,9999.000,9999.000,9999.000,9999.000,9999.000
202605120718,   1.250,9999.000,9999.000,9999.000,9999.000,9999.000,9999.000,9999.000,9999.000
202605120724,   1.298,9999.000,9999.000,9999.000,9999.000,9999.000,9999.000,9999.000,9999.000
202605120730,   1.346,9999.000,9999.000,9999.000,9999.000,9999.000,9999.000,9999.000,9999.000
202605120736,   1.394,9999.000,9999.000,9999.000,9999.000,9999.000,9999.000,9999.000,9999.000
202605120742,   1.440,9999.000,9999.000,9999.000,9999.000,9999.000,9999.000,9999.000,9999.000
202605120748,   1.486,9999.000,9999.000,9999.000,9999.000,9999.000,9999.000,9999.000,9999.000
202605120754,   1.530,9999.000,9999.000,9999.000,9999.000,9999.000,9999.000,9999.000,9999.000
202605120800,   1.574,9999.000,   0.400,  -1.379,   0.595,   0.300,   0.495,   0.600,   0.795
202605120806,   1.616,9999.000,9999.000,9999.000,9999.000,9999.000,9999.000,9999.000,9999.000
202605120812,   1.656,9999.000,9999.000,9999.000,9999.000,9999.000,9999.000,9999.000,9999.000
202605120818,   1.695,9999.000,9999.000,9999.000,9999.000,9999.000,9999.000,9999.000,9999.000
202605120824,   1.732,9999.000,9999.000,9999.000,9999.000,9999.000,9999.000,9999.000,9999.000
202605120830,   1.767,9999.000,9999.000,9999.000,9999.000,9999.000,9999.000,9999.000,9999.000
202605120836,   1.800,9999.000,9999.000,9999.000,9999.000,9999.000,9999.000,9999.000,9999.000
202605120842,   1.830,9999.000,9999.000,9999.000,9999.000,9999.000,9999.000,9999.000,9999.000
202605120848,   1.858,9999.000,9999.000,9999.000,9999.000,9999.000,9999.000,9999.000,9999.000
202605120854,   1.883,9999.000,9999.000,9999.000,9999.000,9999.000,9999.000,9999.000,9999.000
202605120900,   1.905,9999.000,   0.400,  -1.268,   1.037,   0.300,   0.937,   0.600,   1.237
202605120906,   1.924,9999.000,9999.000,9999.000,9999.000,9999.000,9999.000,9999.000,9999.000
202605120912,   1.940,9999.000,9999.000,9999.000,9999.000,9999.000,9999.000,9999.000,9999.000
202605120918,   1.952,9999.000,9999.000,9999.000,9999.000,9999.000,9999.000,9999.000,9999.000
202605120924,   1.961,9999.000,9999.000,9999.000,9999.000,9999.000,9999.000,9999.000,9999.000
202605120930,   1.966,9999.000,9999.000,9999.000,9999.000,9999.000,9999.000,9999.000,9999.000
202605120936,   1.968,9999.000,9999.000,9999.000,9999.000,9999.000,9999.000,9999.000,9999.000
202605120942,   1.966,9999.000,9999.000,9999.000,9999.000,9999.000,9999.000,9999.000,9999.000
202605120948,   1.962,9999.000,9999.000,9999.000,9999.000,9999.000,9999.000,9999.000,9999.000
202605120954,   1.953,9999.000,9999.000,9999.000,9999.000,9999.000,9999.000,9999.000,9999.000
202605121000,   1.942,9999.000,   0.400,  -1.187,   1.155,   0.300,   1.055,   0.600,   1.355
202605121006,   1.928,9999.000,9999.000,9999.000,9999.000,9999.000,9999.000,9999.000,9999.000
202605121012,   1.911,9999.000,9999.000,9999.000,9999.000,9999.000,9999.000,9999.000,9999.000
202605121018,   1.891,9999.000,9999.000,9999.000,9999.000,9999.000,9999.000,9999.000,9999.000
202605121024,   1.868,9999.000,9999.000,9999.000,9999.000,9999.000,9999.000,9999.000,9999.000
202605121030,   1.844,9999.000,9999.000,9999.000,9999.000,9999.000,9999.000,9999.000,9999.000
202605121036,   1.817,9999.000,9999.000,9999.000,9999.000,9999.000,9999.000,9999.000,9999.000
202605121042,   1.789,9999.000,9999.000,9999.000,9999.000,9999.000,9999.000,9999.000,9999.000
202605121048,   1.760,9999.000,9999.000,9999.000,9999.000,9999.000,9999.000,9999.000,9999.000
202605121054,   1.729,9999.000,9999.000,9999.000,9999.000,9999.000,9999.000,9999.000,9999.000
202605121100,   1.697,9999.000,   0.400,  -1.122,   0.975,   0.300,   0.875,   0.700,   1.275
202605121106,   1.665,9999.000,9999.000,9999.000,9999.000,9999.000,9999.000,9999.000,9999.000
202605121112,   1.631,9999.000,9999.000,9999.000,9999.000,9999.000,9999.000,9999.000,9999.000
202605121118,   1.598,9999.000,9999.000,9999.000,9999.000,9999.000,9999.000,9999.000,9999.000
202605121124,   1.564,9999.000,9999.000,9999.000,9999.000,9999.000,9999.000,9999.000,9999.000
202605121130,   1.530,9999.000,9999.000,9999.000,9999.000,9999.000,9999.000,9999.000,9999.000
202605121136,   1.495,9999.000,9999.000,9999.000,9999.000,9999.000,9999.000,9999.000,9999.000
202605121142,   1.461,9999.000,9999.000,9999.000,9999.000,9999.000,9999.000,9999.000,9999.000
202605121148,   1.427,9999.000,9999.000,9999.000,9999.000,9999.000,9999.000,9999.000,9999.000
202605121154,   1.393,9999.000,9999.000,9999.000,9999.000,9999.000,9999.000,9999.000,9999.000
202605121200,   1.359,9999.000,   0.400,  -1.074,   0.685,   0.300,   0.585,   0.700,   0.985
202605121206,   1.325,9999.000,9999.000,9999.000,9999.000,9999.000,9999.000,9999.000,9999.000
202605121212,   1.291,9999.000,9999.000,9999.000,9999.000,9999.000,9999.000,9999.000,9999.000
202605121218,   1.257,9999.000,9999.000,9999.000,9999.000,9999.000,9999.000,9999.000,9999.000
202605121224,   1.222,9999.000,9999.000,9999.000,9999.000,9999.000,9999.000,9999.000,9999.000
202605121230,   1.188,9999.000,9999.000,9999.000,9999.000,9999.000,9999.000,9999.000,9999.000
202605121236,   1.153,9999.000,9999.000,9999.000,9999.000,9999.000,9999.000,9999.000,9999.000
202605121242,   1.119,9999.000,9999.000,9999.000,9999.000,9999.000,9999.000,9999.000,9999.000
202605121248,   1.083,9999.000,9999.000,9999.000,9999.000,9999.000,9999.000,9999.000,9999.000
202605121254,   1.048,9999.000,9999.000,9999.000,9999.000,9999.000,9999.000,9999.000,9999.000
202605121300,   1.012,9999.000,   0.500,  -1.088,   0.424,   0.300,   0.224,   0.700,   0.624
202605121306,   0.976,9999.000,9999.000,9999.000,9999.000,9999.000,9999.000,9999.000,9999.000
202605121312,   0.939,9999.000,9999.000,9999.000,9999.000,9999.000,9999.000,9999.000,9999.000
202605121318,   0.902,9999.000,9999.000,9999.000,9999.000,9999.000,9999.000,9999.000,9999.000
202605121324,   0.865,9999.000,9999.000,9999.000,9999.000,9999.000,9999.000,9999.000,9999.000
202605121330,   0.828,9999.000,9999.000,9999.000,9999.000,9999.000,9999.000,9999.000,9999.000
202605121336,   0.790,9999.000,9999.000,9999.000,9999.000,9999.000,9999.000,9999.000,9999.000
202605121342,   0.752,9999.000,9999.000,9999.000,9999.000,9999.000,9999.000,9999.000,9999.000
202605121348,   0.713,9999.000,9999.000,9999.000,9999.000,9999.000,9999.000,9999.000,9999.000
202605121354,   0.675,9999.000,9999.000,9999.000,9999.000,9999.000,9999.000,9999.000,9999.000
202605121400,   0.637,9999.000,   0.500,  -1.179,  -0.042,   0.300,  -0.242,   0.700,   0.158
202605121406,   0.599,9999.000,9999.000,9999.000,9999.000,9999.000,9999.000,9999.000,9999.000
202605121412,   0.561,9999.000,9999.000,9999.000,9999.000,9999.000,9999.000,9999.000,9999.000
202605121418,   0.523,9999.000,9999.000,9999.000,9999.000,9999.000,9999.000,9999.000,9999.000
202605121424,   0.486,9999.000,9999.000,9999.000,9999.000,9999.000,9999.000,9999.000,9999.000
202605121430,   0.450,9999.000,9999.000,9999.000,9999.000,9999.000,9999.000,9999.000,9999.000
202605121436,   0.414,9999.000,9999.000,9999.000,9999.000,9999.000,9999.000,9999.000,9999.000
202605121442,   0.378,9999.000,9999.000,9999.000,9999.000,9999.000,9999.000,9999.000,9999.000
202605121448,   0.344,9999.000,9999.000,9999.000,9999.000,9999.000,9999.000,9999.000,9999.000
202605121454,   0.310,9999.000,9999.000,9999.000,9999.000,9999.000,9999.000,9999.000,9999.000
202605121500,   0.277,9999.000,   0.500,  -1.286,  -0.509,   0.300,  -0.709,   0.700,  -0.309
202605121506,   0.245,9999.000,9999.000,9999.000,9999.000,9999.000,9999.000,9999.000,9999.000
202605121512,   0.215,9999.000,9999.000,9999.000,9999.000,9999.000,9999.000,9999.000,9999.000
202605121518,   0.186,9999.000,9999.000,9999.000,9999.000,9999.000,9999.000,9999.000,9999.000
202605121524,   0.158,9999.000,9999.000,9999.000,9999.000,9999.000,9999.000,9999.000,9999.000
202605121530,   0.132,9999.000,9999.000,9999.000,9999.000,9999.000,9999.000,9999.000,9999.000
202605121536,   0.107,9999.000,9999.000,9999.000,9999.000,9999.000,9999.000,9999.000,9999.000
202605121542,   0.084,9999.000,9999.000,9999.000,9999.000,9999.000,9999.000,9999.000,9999.000
202605121548,   0.063,9999.000,9999.000,9999.000,9999.000,9999.000,9999.000,9999.000,9999.000
202605121554,   0.044,9999.000,9999.000,9999.000,9999.000,9999.000,9999.000,9999.000,9999.000
202605121600,   0.027,9999.000,   0.500,  -1.360,  -0.833,   0.300,  -1.033,   0.700,  -0.633
202605121606,   0.013,9999.000,9999.000,9999.000,9999.000,9999.000,9999.000,9999.000,9999.000
202605121612,   0.001,9999.000,9999.000,9999.000,9999.000,9999.000,9999.000,9999.000,9999.000
202605121618,  -0.007,9999.000,9999.000,9999.000,9999.000,9999.000,9999.000,9999.000,9999.000
202605121624,  -0.014,9999.000,9999.000,9999.000,9999.000,9999.000,9999.000,9999.000,9999.000
202605121630,  -0.017,9999.000,9999.000,9999.000,9999.000,9999.000,9999.000,9999.000,9999.000
202605121636,  -0.018,9999.000,9999.000,9999.000,9999.000,9999.000,9999.000,9999.000,9999.000
202605121642,  -0.015,9999.000,9999.000,9999.000,9999.000,9999.000,9999.000,9999.000,9999.000
202605121648,  -0.009,9999.000,9999.000,9999.000,9999.000,9999.000,9999.000,9999.000,9999.000
202605121654,   0.000,9999.000,9999.000,9999.000,9999.000,9999.000,9999.000,9999.000,9999.000
202605121700,   0.012,9999.000,   0.500,  -1.430,  -0.918,   0.300,  -1.118,   0.700,  -0.718
202605121706,   0.029,9999.000,9999.000,9999.000,9999.000,9999.000,9999.000,9999.000,9999.000
202605121712,   0.049,9999.000,9999.000,9999.000,9999.000,9999.000,9999.000,9999.000,9999.000
202605121718,   0.072,9999.000,9999.000,9999.000,9999.000,9999.000,9999.000,9999.000,9999.000
202605121724,   0.099,9999.000,9999.000,9999.000,9999.000,9999.000,9999.000,9999.000,9999.000
202605121730,   0.129,9999.000,9999.000,9999.000,9999.000,9999.000,9999.000,9999.000,9999.000
202605121736,   0.163,9999.000,9999.000,9999.000,9999.000,9999.000,9999.000,9999.000,9999.000
202605121742,   0.200,9999.000,9999.000,9999.000,9999.000,9999.000,9999.000,9999.000,9999.000
202605121748,   0.240,9999.000,9999.000,9999.000,9999.000,9999.000,9999.000,9999.000,9999.000
202605121754,   0.283,9999.000,9999.000,9999.000,9999.000,9999.000,9999.000,9999.000,9999.000
202605121800,   0.329,9999.000,   0.500,  -1.506,  -0.677,   0.300,  -0.877,   0.600,  -0.577
202605121806,   0.377,9999.000,9999.000,9999.000,9999.000,9999.000,9999.000,9999.000,9999.000
202605121812,   0.428,9999.000,9999.000,9999.000,9999.000,9999.000,9999.000,9999.000,9999.000
202605121818,   0.481,9999.000,9999.000,9999.000,9999.000,9999.000,9999.000,9999.000,9999.000
202605121824,   0.536,9999.000,9999.000,9999.000,9999.000,9999.000,9999.000,9999.000,9999.000
202605121830,   0.593,9999.000,9999.000,9999.000,9999.000,9999.000,9999.000,9999.000,9999.000
202605121836,   0.651,9999.000,9999.000,9999.000,9999.000,9999.000,9999.000,9999.000,9999.000
202605121842,   0.711,9999.000,9999.000,9999.000,9999.000,9999.000,9999.000,9999.000,9999.000
202605121848,   0.772,9999.000,9999.000,9999.000,9999.000,9999.000,9999.000,9999.000,9999.000
202605121854,   0.834,9999.000,9999.000,9999.000,9999.000,9999.000,9999.000,9999.000,9999.000
202605121900,   0.897,9999.000,   0.400,  -1.526,  -0.229,   0.200,  -0.429,   0.600,  -0.029
202605121906,   0.961,9999.000,9999.000,9999.000,9999.000,9999.000,9999.000,9999.000,9999.000
202605121912,   1.025,9999.000,9999.000,9999.000,9999.000,9999.000,9999.000,9999.000,9999.000
202605121918,   1.090,9999.000,9999.000,9999.000,9999.000,9999.000,9999.000,9999.000,9999.000
202605121924,   1.154,9999.000,9999.000,9999.000,9999.000,9999.000,9999.000,9999.000,9999.000
202605121930,   1.219,9999.000,9999.000,9999.000,9999.000,9999.000,9999.000,9999.000,9999.000
202605121936,   1.283,9999.000,9999.000,9999.000,9999.000,9999.000,9999.000,9999.000,9999.000
202605121942,   1.348,9999.000,9999.000,9999.000,9999.000,9999.000,9999.000,9999.000,9999.000
202605121948,   1.412,9999.000,9999.000,9999.000,9999.000,9999.000,9999.000,9999.000,9999.000
202605121954,   1.476,9999.000,9999.000,9999.000,9999.000,9999.000,9999.000,9999.000,9999.000
202605122000,   1.539,9999.000,   0.400,  -1.446,   0.493,   0.200,   0.293,   0.600,   0.693
202605122006,   1.601,9999.000,9999.000,9999.000,9999.000,9999.000,9999.000,9999.000,9999.000
202605122012,   1.662,9999.000,9999.000,9999.000,9999.000,9999.000,9999.000,9999.000,9999.000
202605122018,   1.723,9999.000,9999.000,9999.000,9999.000,9999.000,9999.000,9999.000,9999.000
202605122024,   1.782,9999.000,9999.000,9999.000,9999.000,9999.000,9999.000,9999.000,9999.000
202605122030,   1.839,9999.000,9999.000,9999.000,9999.000,9999.000,9999.000,9999.000,9999.000
202605122036,   1.895,9999.000,9999.000,9999.000,9999.000,9999.000,9999.000,9999.000,9999.000
202605122042,   1.949,9999.000,9999.000,9999.000,9999.000,9999.000,9999.000,9999.000,9999.000
202605122048,   2.001,9999.000,9999.000,9999.000,9999.000,9999.000,9999.000,9999.000,9999.000
202605122054,   2.050,9999.000,9999.000,9999.000,9999.000,9999.000,9999.000,9999.000,9999.000
202605122100,   2.097,9999.000,   0.400,  -1.341,   1.156,   0.200,   0.956,   0.600,   1.356
202605122106,   2.141,9999.000,9999.000,9999.000,9999.000,9999.000,9999.000,9999.000,9999.000
202605122112,   2.182,9999.000,9999.000,9999.000,9999.000,9999.000,9999.000,9999.000,9999.000
202605122118,   2.220,9999.000,9999.000,9999.000,9999.000,9999.000,9999.000,9999.000,9999.000
202605122124,   2.254,9999.000,9999.000,9999.000,9999.000,9999.000,9999.000,9999.000,9999.000
202605122130,   2.284,9999.000,9999.000,9999.000,9999.000,9999.000,9999.000,9999.000,9999.000
202605122136,   2.311,9999.000,9999.000,9999.000,9999.000,9999.000,9999.000,9999.000,9999.000
202605122142,   2.334,9999.000,9999.000,9999.000,9999.000,9999.000,9999.000,9999.000,9999.000
202605122148,   2.353,9999.000,9999.000,9999.000,9999.000,9999.000,9999.000,9999.000,9999.000
202605122154,   2.368,9999.000,9999.000,9999.000,9999.000,9999.000,9999.000,9999.000,9999.000
202605122200,   2.378,9999.000,   0.400,  -1.303,   1.475,   0.200,   1.275,   0.600,   1.675
202605122206,   2.385,9999.000,9999.000,9999.000,9999.000,9999.000,9999.000,9999.000,9999.000
202605122212,   2.387,9999.000,9999.000,9999.000,9999.000,9999.000,9999.000,9999.000,9999.000
202605122218,   2.385,9999.000,9999.000,9999.000,9999.000,9999.000,9999.000,9999.000,9999.000
202605122224,   2.380,9999.000,9999.000,9999.000,9999.000,9999.000,9999.000,9999.000,9999.000
202605122230,   2.370,9999.000,9999.000,9999.000,9999.000,9999.000,9999.000,9999.000,9999.000
202605122236,   2.357,9999.000,9999.000,9999.000,9999.000,9999.000,9999.000,9999.000,9999.000
202605122242,   2.341,9999.000,9999.000,9999.000,9999.000,9999.000,9999.000,9999.000,9999.000
202605122248,   2.322,9999.000,9999.000,9999.000,9999.000,9999.000,9999.000,9999.000,9999.000
202605122254,   2.299,9999.000,9999.000,9999.000,9999.000,9999.000,9999.000,9999.000,9999.000
202605122300,   2.274,9999.000,   0.400,  -1.314,   1.360,   0.200,   1.160,   0.600,   1.560
202605122306,   2.247,9999.000,9999.000,9999.000,9999.000,9999.000,9999.000,9999.000,9999.000
202605122312,   2.217,9999.000,9999.000,9999.000,9999.000,9999.000,9999.000,9999.000,9999.000
202605122318,   2.186,9999.000,9999.000,9999.000,9999.000,9999.000,9999.000,9999.000,9999.000
202605122324,   2.153,9999.000,9999.000,9999.000,9999.000,9999.000,9999.000,9999.000,9999.000
202605122330,   2.118,9999.000,9999.000,9999.000,9999.000,9999.000,9999.000,9999.000,9999.000
202605122336,   2.083,9999.000,9999.000,9999.000,9999.000,9999.000,9999.000,9999.000,9999.000
202605122342,   2.046,9999.000,9999.000,9999.000,9999.000,9999.000,9999.000,9999.000,9999.000
202605122348,   2.008,9999.000,9999.000,9999.000,9999.000,9999.000,9999.000,9999.000,9999.000
202605122354,   1.970,9999.000,9999.000,9999.000,9999.000,9999.000,9999.000,9999.000,9999.000
202605130000,   1.932,9999.000,   0.400,  -1.298,   1.034,   0.200,   0.834,   0.600,   1.234
202605130006,   1.893,9999.000,9999.000,9999.000,9999.000,9999.000,9999.000,9999.000,9999.000
202605130012,   1.853,9999.000,9999.000,9999.000,9999.000,9999.000,9999.000,9999.000,9999.000
202605130018,   1.814,9999.000,9999.000,9999.000,9999.000,9999.000,9999.000,9999.000,9999.000
202605130024,   1.774,9999.000,9999.000,9999.000,9999.000,9999.000,9999.000,9999.000,9999.000
202605130030,   1.734,9999.000,9999.000,9999.000,9999.000,9999.000,9999.000,9999.000,9999.000
202605130036,   1.694,9999.000,9999.000,9999.000,9999.000,9999.000,9999.000,9999.000,9999.000
202605130042,   1.653,9999.000,9999.000,9999.000,9999.000,9999.000,9999.000,9999.000,9999.000
202605130048,   1.612,9999.000,9999.000,9999.000,9999.000,9999.000,9999.000,9999.000,9999.000
202605130054,   1.571,9999.000,9999.000,9999.000,9999.000,9999.000,9999.000,9999.000,9999.000
202605130100,   1.530,9999.000,   0.400,  -1.251,   0.679,   0.200,   0.479,   0.600,   0.879
202605130106,   1.488,9999.000,9999.000,9999.000,9999.000,9999.000,9999.000,9999.000,9999.000
202605130112,   1.446,9999.000,9999.000,9999.000,9999.000,9999.000,9999.000,9999.000,9999.000
202605130118,   1.403,9999.000,9999.000,9999.000,9999.000,9999.000,9999.000,9999.000,9999.000
202605130124,   1.360,9999.000,9999.000,9999.000,9999.000,9999.000,9999.000,9999.000,9999.000
202605130130,   1.317,9999.000,9999.000,9999.000,9999.000,9999.000,9999.000,9999.000,9999.000
202605130136,   1.273,9999.000,9999.000,9999.000,9999.000,9999.000,9999.000,9999.000,9999.000
202605130142,   1.229,9999.000,9999.000,9999.000,9999.000,9999.000,9999.000,9999.000,9999.000
202605130148,   1.184,9999.000,9999.000,9999.000,9999.000,9999.000,9999.000,9999.000,9999.000
202605130154,   1.139,9999.000,9999.000,9999.000,9999.000,9999.000,9999.000,9999.000,9999.000
202605130200,   1.094,9999.000,   0.400,  -1.232,   0.262,   0.200,   0.062,   0.500,   0.362
202605130206,   1.049,9999.000,9999.000,9999.000,9999.000,9999.000,9999.000,9999.000,9999.000
202605130212,   1.004,9999.000,9999.000,9999.000,9999.000,9999.000,9999.000,9999.000,9999.000
202605130218,   0.959,9999.000,9999.000,9999.000,9999.000,9999.000,9999.000,9999.000,9999.000
202605130224,   0.913,9999.000,9999.000,9999.000,9999.000,9999.000,9999.000,9999.000,9999.000
202605130230,   0.868,9999.000,9999.000,9999.000,9999.000,9999.000,9999.000,9999.000,9999.000
202605130236,   0.823,9999.000,9999.000,9999.000,9999.000,9999.000,9999.000,9999.000,9999.000
202605130242,   0.778,9999.000,9999.000,9999.000,9999.000,9999.000,9999.000,9999.000,9999.000
202605130248,   0.734,9999.000,9999.000,9999.000,9999.000,9999.000,9999.000,9999.000,9999.000
202605130254,   0.690,9999.000,9999.000,9999.000,9999.000,9999.000,9999.000,9999.000,9999.000
202605130300,   0.647,9999.000,   0.300,  -1.265,  -0.318,   0.200,  -0.418,   0.500,  -0.118
202605130306,   0.605,9999.000,9999.000,9999.000,9999.000,9999.000,9999.000,9999.000,9999.000
202605130312,   0.563,9999.000,9999.000,9999.000,9999.000,9999.000,9999.000,9999.000,9999.000
202605130318,   0.522,9999.000,9999.000,9999.000,9999.000,9999.000,9999.000,9999.000,9999.000
202605130324,   0.482,9999.000,9999.000,9999.000,9999.000,9999.000,9999.000,9999.000,9999.000
202605130330,   0.442,9999.000,9999.000,9999.000,9999.000,9999.000,9999.000,9999.000,9999.000
202605130336,   0.404,9999.000,9999.000,9999.000,9999.000,9999.000,9999.000,9999.000,9999.000
202605130342,   0.367,9999.000,9999.000,9999.000,9999.000,9999.000,9999.000,9999.000,9999.000
202605130348,   0.332,9999.000,9999.000,9999.000,9999.000,9999.000,9999.000,9999.000,9999.000
202605130354,   0.298,9999.000,9999.000,9999.000,9999.000,9999.000,9999.000,9999.000,9999.000
202605130400,   0.265,9999.000,   0.300,  -1.327,  -0.762,   0.100,  -0.962,   0.500,  -0.562
202605130406,   0.234,9999.000,9999.000,9999.000,9999.000,9999.000,9999.000,9999.000,9999.000
202605130412,   0.204,9999.000,9999.000,9999.000,9999.000,9999.000,9999.000,9999.000,9999.000
202605130418,   0.177,9999.000,9999.000,9999.000,9999.000,9999.000,9999.000,9999.000,9999.000
202605130424,   0.151,9999.000,9999.000,9999.000,9999.000,9999.000,9999.000,9999.000,9999.000
202605130430,   0.128,9999.000,9999.000,9999.000,9999.000,9999.000,9999.000,9999.000,9999.000
202605130436,   0.107,9999.000,9999.000,9999.000,9999.000,9999.000,9999.000,9999.000,9999.000
202605130442,   0.089,9999.000,9999.000,9999.000,9999.000,9999.000,9999.000,9999.000,9999.000
202605130448,   0.073,9999.000,9999.000,9999.000,9999.000,9999.000,9999.000,9999.000,9999.000
202605130454,   0.060,9999.000,9999.000,9999.000,9999.000,9999.000,9999.000,9999.000,9999.000
202605130500,   0.049,9999.000,   0.300,  -1.399,  -1.050,   0.100,  -1.250,   0.500,  -0.850
202605130506,   0.042,9999.000,9999.000,9999.000,9999.000,9999.000,9999.000,9999.000,9999.000
202605130512,   0.038,9999.000,9999.000,9999.000,9999.000,9999.000,9999.000,9999.000,9999.000
202605130518,   0.037,9999.000,9999.000,9999.000,9999.000,9999.000,9999.000,9999.000,9999.000
202605130524,   0.040,9999.000,9999.000,9999.000,9999.000,9999.000,9999.000,9999.000,9999.000
202605130530,   0.045,9999.000,9999.000,9999.000,9999.000,9999.000,9999.000,9999.000,9999.000
202605130536,   0.055,9999.000,9999.000,9999.000,9999.000,9999.000,9999.000,9999.000,9999.000
202605130542,   0.067,9999.000,9999.000,9999.000,9999.000,9999.000,9999.000,9999.000,9999.000
202605130548,   0.084,9999.000,9999.000,9999.000,9999.000,9999.000,9999.000,9999.000,9999.000
202605130554,   0.103,9999.000,9999.000,9999.000,9999.000,9999.000,9999.000,9999.000,9999.000
202605130600,   0.126,9999.000,   0.300,  -1.461,  -1.035,   0.000,  -1.335,   0.500,  -0.835
202605130606,   0.152,9999.000,9999.000,9999.000,9999.000,9999.000,9999.000,9999.000,9999.000
202605130612,   0.181,9999.000,9999.000,9999.000,9999.000,9999.000,9999.000,9999.000,9999.000
202605130618,   0.213,9999.000,9999.000,9999.000,9999.000,9999.000,9999.000,9999.000,9999.000
202605130624,   0.248,9999.000,9999.000,9999.000,9999.000,9999.000,9999.000,9999.000,9999.000
202605130630,   0.286,9999.000,9999.000,9999.000,9999.000,9999.000,9999.000,9999.000,9999.000
202605130636,   0.326,9999.000,9999.000,9999.000,9999.000,9999.000,9999.000,9999.000,9999.000
202605130642,   0.369,9999.000,9999.000,9999.000,9999.000,9999.000,9999.000,9999.000,9999.000
202605130648,   0.414,9999.000,9999.000,9999.000,9999.000,9999.000,9999.000,9999.000,9999.000
202605130654,   0.460,9999.000,9999.000,9999.000,9999.000,9999.000,9999.000,9999.000,9999.000
202605130700,   0.509,9999.000,   0.300,  -1.473,  -0.664,   0.000,  -0.964,   0.500,  -0.464
202605130706,   0.559,9999.000,9999.000,9999.000,9999.000,9999.000,9999.000,9999.000,9999.000
202605130712,   0.610,9999.000,9999.000,9999.000,9999.000,9999.000,9999.000,9999.000,9999.000
202605130718,   0.663,9999.000,9999.000,9999.000,9999.000,9999.000,9999.000,9999.000,9999.000
202605130724,   0.717,9999.000,9999.000,9999.000,9999.000,9999.000,9999.000,9999.000,9999.000
202605130730,   0.771,9999.000,9999.000,9999.000,9999.000,9999.000,9999.000,9999.000,9999.000
202605130736,   0.827,9999.000,9999.000,9999.000,9999.000,9999.000,9999.000,9999.000,9999.000
202605130742,   0.883,9999.000,9999.000,9999.000,9999.000,9999.000,9999.000,9999.000,9999.000
202605130748,   0.939,9999.000,9999.000,9999.000,9999.000,9999.000,9999.000,9999.000,9999.000
202605130754,   0.996,9999.000,9999.000,9999.000,9999.000,9999.000,9999.000,9999.000,9999.000
202605130800,   1.053,9999.000,   0.200,  -1.424,  -0.171,   0.000,  -0.371,   0.500,   0.129
202605130806,   1.110,9999.000,9999.000,9999.000,9999.000,9999.000,9999.000,9999.000,9999.000
202605130812,   1.167,9999.000,9999.000,9999.000,9999.000,9999.000,9999.000,9999.000,9999.000
202605130818,   1.224,9999.000,9999.000,9999.000,9999.000,9999.000,9999.000,9999.000,9999.000
202605130824,   1.280,9999.000,9999.000,9999.000,9999.000,9999.000,9999.000,9999.000,9999.000
202605130830,   1.336,9999.000,9999.000,9999.000,9999.000,9999.000,9999.000,9999.000,9999.000
202605130836,   1.392,9999.000,9999.000,9999.000,9999.000,9999.000,9999.000,9999.000,9999.000
202605130842,   1.446,9999.000,9999.000,9999.000,9999.000,9999.000,9999.000,9999.000,9999.000
202605130848,   1.500,9999.000,9999.000,9999.000,9999.000,9999.000,9999.000,9999.000,9999.000
202605130854,   1.552,9999.000,9999.000,9999.000,9999.000,9999.000,9999.000,9999.000,9999.000
202605130900,   1.603,9999.000,   0.200,  -1.358,   0.445,   0.000,   0.245,   0.500,   0.745
202605130906,   1.653,9999.000,9999.000,9999.000,9999.000,9999.000,9999.000,9999.000,9999.000
202605130912,   1.700,9999.000,9999.000,9999.000,9999.000,9999.000,9999.000,9999.000,9999.000
202605130918,   1.746,9999.000,9999.000,9999.000,9999.000,9999.000,9999.000,9999.000,9999.000
202605130924,   1.789,9999.000,9999.000,9999.000,9999.000,9999.000,9999.000,9999.000,9999.000
202605130930,   1.830,9999.000,9999.000,9999.000,9999.000,9999.000,9999.000,9999.000,9999.000
202605130936,   1.867,9999.000,9999.000,9999.000,9999.000,9999.000,9999.000,9999.000,9999.000
202605130942,   1.902,9999.000,9999.000,9999.000,9999.000,9999.000,9999.000,9999.000,9999.000
202605130948,   1.934,9999.000,9999.000,9999.000,9999.000,9999.000,9999.000,9999.000,9999.000
202605130954,   1.962,9999.000,9999.000,9999.000,9999.000,9999.000,9999.000,9999.000,9999.000
202605131000,   1.987,9999.000,   0.200,  -1.305,   0.882,   0.000,   0.682,   0.500,   1.182
202605131006,   2.007,9999.000,9999.000,9999.000,9999.000,9999.000,9999.000,9999.000,9999.000
202605131012,   2.024,9999.000,9999.000,9999.000,9999.000,9999.000,9999.000,9999.000,9999.000
202605131018,   2.037,9999.000,9999.000,9999.000,9999.000,9999.000,9999.000,9999.000,9999.000
202605131024,   2.046,9999.000,9999.000,9999.000,9999.000,9999.000,9999.000,9999.000,9999.000
202605131030,   2.052,9999.000,9999.000,9999.000,9999.000,9999.000,9999.000,9999.000,9999.000
202605131036,   2.053,9999.000,9999.000,9999.000,9999.000,9999.000,9999.000,9999.000,9999.000
202605131042,   2.050,9999.000,9999.000,9999.000,9999.000,9999.000,9999.000,9999.000,9999.000
202605131048,   2.043,9999.000,9999.000,9999.000,9999.000,9999.000,9999.000,9999.000,9999.000
202605131054,   2.033,9999.000,9999.000,9999.000,9999.000,9999.000,9999.000,9999.000,9999.000
202605131100,   2.019,9999.000,   0.200,  -1.243,   0.976,   0.000,   0.776,   0.500,   1.276
202605131106,   2.002,9999.000,9999.000,9999.000,9999.000,9999.000,9999.000,9999.000,9999.000
202605131112,   1.982,9999.000,9999.000,9999.000,9999.000,9999.000,9999.000,9999.000,9999.000
202605131118,   1.959,9999.000,9999.000,9999.000,9999.000,9999.000,9999.000,9999.000,9999.000
202605131124,   1.934,9999.000,9999.000,9999.000,9999.000,9999.000,9999.000,9999.000,9999.000
202605131130,   1.906,9999.000,9999.000,9999.000,9999.000,9999.000,9999.000,9999.000,9999.000
202605131136,   1.876,9999.000,9999.000,9999.000,9999.000,9999.000,9999.000,9999.000,9999.000
202605131142,   1.844,9999.000,9999.000,9999.000,9999.000,9999.000,9999.000,9999.000,9999.000
202605131148,   1.811,9999.000,9999.000,9999.000,9999.000,9999.000,9999.000,9999.000,9999.000
202605131154,   1.776,9999.000,9999.000,9999.000,9999.000,9999.000,9999.000,9999.000,9999.000
202605131200,   1.740,9999.000,   0.200,  -1.162,   0.778,   0.000,   0.578,   0.500,   1.078
202605131206,   1.704,9999.000,9999.000,9999.000,9999.000,9999.000,9999.000,9999.000,9999.000
202605131212,   1.666,9999.000,9999.000,9999.000,9999.000,9999.000,9999.000,9999.000,9999.000
202605131218,   1.628,9999.000,9999.000,9999.000,9999.000,9999.000,9999.000,9999.000,9999.000
202605131224,   1.590,9999.000,9999.000,9999.000,9999.000,9999.000,9999.000,9999.000,9999.000
202605131230,   1.551,9999.000,9999.000,9999.000,9999.000,9999.000,9999.000,9999.000,9999.000
202605131236,   1.512,9999.000,9999.000,9999.000,9999.000,9999.000,9999.000,9999.000,9999.000
202605131242,   1.473,9999.000,9999.000,9999.000,9999.000,9999.000,9999.000,9999.000,9999.000
202605131248,   1.434,9999.000,9999.000,9999.000,9999.000,9999.000,9999.000,9999.000,9999.000
202605131254,   1.394,9999.000,9999.000,9999.000,9999.000,9999.000,9999.000,9999.000,9999.000
202605131300,   1.355,9999.000,   0.200,  -1.115,   0.440,   0.000,   0.240,   0.500,   0.740
202605131306,   1.315,9999.000,9999.000,9999.000,9999.000,9999.000,9999.000,9999.000,9999.000
202605131312,   1.276,9999.000,9999.000,9999.000,9999.000,9999.000,9999.000,9999.000,9999.000
202605131318,   1.236,9999.000,9999.000,9999.000,9999.000,9999.000,9999.000,9999.000,9999.000
202605131324,   1.196,9999.000,9999.000,9999.000,9999.000,9999.000,9999.000,9999.000,9999.000
202605131330,   1.155,9999.000,9999.000,9999.000,9999.000,9999.000,9999.000,9999.000,9999.000
202605131336,   1.115,9999.000,9999.000,9999.000,9999.000,9999.000,9999.000,9999.000,9999.000
202605131342,   1.074,9999.000,9999.000,9999.000,9999.000,9999.000,9999.000,9999.000,9999.000
202605131348,   1.033,9999.000,9999.000,9999.000,9999.000,9999.000,9999.000,9999.000,9999.000
202605131354,   0.992,9999.000,9999.000,9999.000,9999.000,9999.000,9999.000,9999.000,9999.000
202605131400,   0.950,9999.000,   0.200,  -1.133,   0.017,   0.000,  -0.183,   0.500,   0.317
202605131406,   0.908,9999.000,9999.000,9999.000,9999.000,9999.000,9999.000,9999.000,9999.000
202605131412,   0.866,9999.000,9999.000,9999.000,9999.000,9999.000,9999.000,9999.000,9999.000
202605131418,   0.824,9999.000,9999.000,9999.000,9999.000,9999.000,9999.000,9999.000,9999.000
202605131424,   0.781,9999.000,9999.000,9999.000,9999.000,9999.000,9999.000,9999.000,9999.000
202605131430,   0.739,9999.000,9999.000,9999.000,9999.000,9999.000,9999.000,9999.000,9999.000
202605131436,   0.696,9999.000,9999.000,9999.000,9999.000,9999.000,9999.000,9999.000,9999.000
202605131442,   0.654,9999.000,9999.000,9999.000,9999.000,9999.000,9999.000,9999.000,9999.000
202605131448,   0.612,9999.000,9999.000,9999.000,9999.000,9999.000,9999.000,9999.000,9999.000
202605131454,   0.570,9999.000,9999.000,9999.000,9999.000,9999.000,9999.000,9999.000,9999.000
202605131500,   0.528,9999.000,   0.200,  -1.175,  -0.447,   0.000,  -0.647,   0.500,  -0.147
202605131506,   0.486,9999.000,9999.000,9999.000,9999.000,9999.000,9999.000,9999.000,9999.000
202605131512,   0.446,9999.000,9999.000,9999.000,9999.000,9999.000,9999.000,9999.000,9999.000
202605131518,   0.405,9999.000,9999.000,9999.000,9999.000,9999.000,9999.000,9999.000,9999.000
202605131524,   0.366,9999.000,9999.000,9999.000,9999.000,9999.000,9999.000,9999.000,9999.000
202605131530,   0.327,9999.000,9999.000,9999.000,9999.000,9999.000,9999.000,9999.000,9999.000
202605131536,   0.289,9999.000,9999.000,9999.000,9999.000,9999.000,9999.000,9999.000,9999.000
202605131542,   0.252,9999.000,9999.000,9999.000,9999.000,9999.000,9999.000,9999.000,9999.000
202605131548,   0.216,9999.000,9999.000,9999.000,9999.000,9999.000,9999.000,9999.000,9999.000
202605131554,   0.181,9999.000,9999.000,9999.000,9999.000,9999.000,9999.000,9999.000,9999.000
202605131600,   0.148,9999.000,   0.200,  -1.208,  -0.860,   0.000,  -1.060,   0.500,  -0.560
202605131606,   0.115,9999.000,9999.000,9999.000,9999.000,9999.000,9999.000,9999.000,9999.000
202605131612,   0.084,9999.000,9999.000,9999.000,9999.000,9999.000,9999.000,9999.000,9999.000
202605131618,   0.055,9999.000,9999.000,9999.000,9999.000,9999.000,9999.000,9999.000,9999.000
202605131624,   0.028,9999.000,9999.000,9999.000,9999.000,9999.000,9999.000,9999.000,9999.000
202605131630,   0.002,9999.000,9999.000,9999.000,9999.000,9999.000,9999.000,9999.000,9999.000
202605131636,  -0.021,9999.000,9999.000,9999.000,9999.000,9999.000,9999.000,9999.000,9999.000
202605131642,  -0.043,9999.000,9999.000,9999.000,9999.000,9999.000,9999.000,9999.000,9999.000
202605131648,  -0.062,9999.000,9999.000,9999.000,9999.000,9999.000,9999.000,9999.000,9999.000
202605131654,  -0.079,9999.000,9999.000,9999.000,9999.000,9999.000,9999.000,9999.000,9999.000
202605131700,  -0.094,9999.000,   0.200,  -1.274,  -1.168,   0.000,  -1.368,   0.500,  -0.868
202605131706,  -0.105,9999.000,9999.000,9999.000,9999.000,9999.000,9999.000,9999.000,9999.000
202605131712,  -0.114,9999.000,9999.000,9999.000,9999.000,9999.000,9999.000,9999.000,9999.000
202605131718,  -0.120,9999.000,9999.000,9999.000,9999.000,9999.000,9999.000,9999.000,9999.000
202605131724,  -0.122,9999.000,9999.000,9999.000,9999.000,9999.000,9999.000,9999.000,9999.000
202605131730,  -0.122,9999.000,9999.000,9999.000,9999.000,9999.000,9999.000,9999.000,9999.000
202605131736,  -0.117,9999.000,9999.000,9999.000,9999.000,9999.000,9999.000,9999.000,9999.000
202605131742,  -0.109,9999.000,9999.000,9999.000,9999.000,9999.000,9999.000,9999.000,9999.000
202605131748,  -0.097,9999.000,9999.000,9999.000,9999.000,9999.000,9999.000,9999.000,9999.000
202605131754,  -0.082,9999.000,9999.000,9999.000,9999.000,9999.000,9999.000,9999.000,9999.000
202605131800,  -0.063,9999.000,   0.200,  -1.396,  -1.259,   0.000,  -1.459,   0.500,  -0.959
202605131806,  -0.039,9999.000,9999.000,9999.000,9999.000,9999.000,9999.000,9999.000,9999.000
202605131812,  -0.012,9999.000,9999.000,9999.000,9999.000,9999.000,9999.000,9999.000,9999.000
202605131818,   0.018,9999.000,9999.000,9999.000,9999.000,9999.000,9999.000,9999.000,9999.000
202605131824,   0.052,9999.000,9999.000,9999.000,9999.000,9999.000,9999.000,9999.000,9999.000
202605131830,   0.091,9999.000,9999.000,9999.000,9999.000,9999.000,9999.000,9999.000,9999.000
202605131836,   0.133,9999.000,9999.000,9999.000,9999.000,9999.000,9999.000,9999.000,9999.000
202605131842,   0.178,9999.000,9999.000,9999.000,9999.000,9999.000,9999.000,9999.000,9999.000
202605131848,   0.227,9999.000,9999.000,9999.000,9999.000,9999.000,9999.000,9999.000,9999.000
202605131854,   0.279,9999.000,9999.000,9999.000,9999.000,9999.000,9999.000,9999.000,9999.000
202605131900,   0.334,9999.000,   0.200,  -1.498,  -0.964,   0.000,  -1.164,   0.500,  -0.664
202605131906,   0.391,9999.000,9999.000,9999.000,9999.000,9999.000,9999.000,9999.000,9999.000
202605131912,   0.452,9999.000,9999.000,9999.000,9999.000,9999.000,9999.000,9999.000,9999.000
202605131918,   0.514,9999.000,9999.000,9999.000,9999.000,9999.000,9999.000,9999.000,9999.000
202605131924,   0.579,9999.000,9999.000,9999.000,9999.000,9999.000,9999.000,9999.000,9999.000
202605131930,   0.646,9999.000,9999.000,9999.000,9999.000,9999.000,9999.000,9999.000,9999.000
202605131936,   0.714,9999.000,9999.000,9999.000,9999.000,9999.000,9999.000,9999.000,9999.000
202605131942,   0.784,9999.000,9999.000,9999.000,9999.000,9999.000,9999.000,9999.000,9999.000
202605131948,   0.856,9999.000,9999.000,9999.000,9999.000,9999.000,9999.000,9999.000,9999.000
202605131954,   0.928,9999.000,9999.000,9999.000,9999.000,9999.000,9999.000,9999.000,9999.000
202605132000,   1.002,9999.000,   0.200,  -1.505,  -0.303,   0.000,  -0.503,   0.500,  -0.003
202605132006,   1.076,9999.000,9999.000,9999.000,9999.000,9999.000,9999.000,9999.000,9999.000
202605132012,   1.150,9999.000,9999.000,9999.000,9999.000,9999.000,9999.000,9999.000,9999.000
202605132018,   1.226,9999.000,9999.000,9999.000,9999.000,9999.000,9999.000,9999.000,9999.000
202605132024,   1.301,9999.000,9999.000,9999.000,9999.000,9999.000,9999.000,9999.000,9999.000
202605132030,   1.376,9999.000,9999.000,9999.000,9999.000,9999.000,9999.000,9999.000,9999.000
202605132036,   1.452,9999.000,9999.000,9999.000,9999.000,9999.000,9999.000,9999.000,9999.000
202605132042,   1.527,9999.000,9999.000,9999.000,9999.000,9999.000,9999.000,9999.000,9999.000
202605132048,   1.601,9999.000,9999.000,9999.000,9999.000,9999.000,9999.000,9999.000,9999.000
202605132054,   1.675,9999.000,9999.000,9999.000,9999.000,9999.000,9999.000,9999.000,9999.000
202605132100,   1.749,9999.000,   0.200,  -1.459,   0.490,   0.000,   0.290,   0.500,   0.790
202605132106,   1.821,9999.000,9999.000,9999.000,9999.000,9999.000,9999.000,9999.000,9999.000
202605132112,   1.891,9999.000,9999.000,9999.000,9999.000,9999.000,9999.000,9999.000,9999.000
202605132118,   1.960,9999.000,9999.000,9999.000,9999.000,9999.000,9999.000,9999.000,9999.000
202605132124,   2.028,9999.000,9999.000,9999.000,9999.000,9999.000,9999.000,9999.000,9999.000
202605132130,   2.093,9999.000,9999.000,9999.000,9999.000,9999.000,9999.000,9999.000,9999.000
202605132136,   2.156,9999.000,9999.000,9999.000,9999.000,9999.000,9999.000,9999.000,9999.000
202605132142,   2.216,9999.000,9999.000,9999.000,9999.000,9999.000,9999.000,9999.000,9999.000
202605132148,   2.274,9999.000,9999.000,9999.000,9999.000,9999.000,9999.000,9999.000,9999.000
202605132154,   2.328,9999.000,9999.000,9999.000,9999.000,9999.000,9999.000,9999.000,9999.000
202605132200,   2.379,9999.000,   0.100,  -1.446,   1.033,  -0.100,   0.833,   0.500,   1.433
202605132206,   2.426,9999.000,9999.000,9999.000,9999.000,9999.000,9999.000,9999.000,9999.000
202605132212,   2.470,9999.000,9999.000,9999.000,9999.000,9999.000,9999.000,9999.000,9999.000
202605132218,   2.509,9999.000,9999.000,9999.000,9999.000,9999.000,9999.000,9999.000,9999.000
202605132224,   2.544,9999.000,9999.000,9999.000,9999.000,9999.000,9999.000,9999.000,9999.000
202605132230,   2.574,9999.000,9999.000,9999.000,9999.000,9999.000,9999.000,9999.000,9999.000
202605132236,   2.600,9999.000,9999.000,9999.000,9999.000,9999.000,9999.000,9999.000,9999.000
202605132242,   2.621,9999.000,9999.000,9999.000,9999.000,9999.000,9999.000,9999.000,9999.000
202605132248,   2.637,9999.000,9999.000,9999.000,9999.000,9999.000,9999.000,9999.000,9999.000
202605132254,   2.649,9999.000,9999.000,9999.000,9999.000,9999.000,9999.000,9999.000,9999.000
202605132300,   2.655,9999.000,   0.100,  -1.462,   1.293,  -0.100,   1.093,   0.500,   1.693
202605132306,   2.657,9999.000,9999.000,9999.000,9999.000,9999.000,9999.000,9999.000,9999.000
202605132312,   2.654,9999.000,9999.000,9999.000,9999.000,9999.000,9999.000,9999.000,9999.000
202605132318,   2.647,9999.000,9999.000,9999.000,9999.000,9999.000,9999.000,9999.000,9999.000
202605132324,   2.635,9999.000,9999.000,9999.000,9999.000,9999.000,9999.000,9999.000,9999.000
202605132330,   2.619,9999.000,9999.000,9999.000,9999.000,9999.000,9999.000,9999.000,9999.000
202605132336,   2.599,9999.000,9999.000,9999.000,9999.000,9999.000,9999.000,9999.000,9999.000
202605132342,   2.576,9999.000,9999.000,9999.000,9999.000,9999.000,9999.000,9999.000,9999.000
202605132348,   2.549,9999.000,9999.000,9999.000,9999.000,9999.000,9999.000,9999.000,9999.000
202605132354,   2.519,9999.000,9999.000,9999.000,9999.000,9999.000,9999.000,9999.000,9999.000
202605140000,   2.487,9999.000,   0.200,  -1.435,   1.252,  -0.100,   0.952,   0.500,   1.552
202605140006,   2.451,9999.000,9999.000,9999.000,9999.000,9999.000,9999.000,9999.000,9999.000
202605140012,   2.414,9999.000,9999.000,9999.000,9999.000,9999.000,9999.000,9999.000,9999.000
202605140018,   2.374,9999.000,9999.000,9999.000,9999.000,9999.000,9999.000,9999.000,9999.000
202605140024,   2.333,9999.000,9999.000,9999.000,9999.000,9999.000,9999.000,9999.000,9999.000
202605140030,   2.290,9999.000,9999.000,9999.000,9999.000,9999.000,9999.000,9999.000,9999.000
202605140036,   2.247,9999.000,9999.000,9999.000,9999.000,9999.000,9999.000,9999.000,9999.000
202605140042,   2.202,9999.000,9999.000,9999.000,9999.000,9999.000,9999.000,9999.000,9999.000
202605140048,   2.156,9999.000,9999.000,9999.000,9999.000,9999.000,9999.000,9999.000,9999.000
202605140054,   2.109,9999.000,9999.000,9999.000,9999.000,9999.000,9999.000,9999.000,9999.000
202605140100,   2.062,9999.000,   0.200,  -1.349,   0.913,  -0.100,   0.613,   0.500,   1.213
202605140106,   2.015,9999.000,9999.000,9999.000,9999.000,9999.000,9999.000,9999.000,9999.000
202605140112,   1.967,9999.000,9999.000,9999.000,9999.000,9999.000,9999.000,9999.000,9999.000
202605140118,   1.918,9999.000,9999.000,9999.000,9999.000,9999.000,9999.000,9999.000,9999.000
202605140124,   1.870,9999.000,9999.000,9999.000,9999.000,9999.000,9999.000,9999.000,9999.000
202605140130,   1.821,9999.000,9999.000,9999.000,9999.000,9999.000,9999.000,9999.000,9999.000
202605140136,   1.772,9999.000,9999.000,9999.000,9999.000,9999.000,9999.000,9999.000,9999.000
202605140142,   1.722,9999.000,9999.000,9999.000,9999.000,9999.000,9999.000,9999.000,9999.000
202605140148,   1.673,9999.000,9999.000,9999.000,9999.000,9999.000,9999.000,9999.000,9999.000
202605140154,   1.623,9999.000,9999.000,9999.000,9999.000,9999.000,9999.000,9999.000,9999.000
202605140200,   1.573,9999.000,   0.100,  -1.254,   0.419,  -0.100,   0.219,   0.500,   0.819
202605140206,   1.522,9999.000,9999.000,9999.000,9999.000,9999.000,9999.000,9999.000,9999.000
202605140212,   1.471,9999.000,9999.000,9999.000,9999.000,9999.000,9999.000,9999.000,9999.000
202605140218,   1.420,9999.000,9999.000,9999.000,9999.000,9999.000,9999.000,9999.000,9999.000
202605140224,   1.369,9999.000,9999.000,9999.000,9999.000,9999.000,9999.000,9999.000,9999.000
202605140230,   1.317,9999.000,9999.000,9999.000,9999.000,9999.000,9999.000,9999.000,9999.000
202605140236,   1.266,9999.000,9999.000,9999.000,9999.000,9999.000,9999.000,9999.000,9999.000
202605140242,   1.214,9999.000,9999.000,9999.000,9999.000,9999.000,9999.000,9999.000,9999.000
202605140248,   1.162,9999.000,9999.000,9999.000,9999.000,9999.000,9999.000,9999.000,9999.000
202605140254,   1.110,9999.000,9999.000,9999.000,9999.000,9999.000,9999.000,9999.000,9999.000
202605140300,   1.058,9999.000,   0.100,  -1.192,  -0.034,  -0.100,  -0.234,   0.500,   0.366
202605140306,   1.006,9999.000,9999.000,9999.000,9999.000,9999.000,9999.000,9999.000,9999.000
202605140312,   0.954,9999.000,9999.000,9999.000,9999.000,9999.000,9999.000,9999.000,9999.000
202605140318,   0.903,9999.000,9999.000,9999.000,9999.000,9999.000,9999.000,9999.000,9999.000
202605140324,   0.852,9999.000,9999.000,9999.000,9999.000,9999.000,9999.000,9999.000,9999.000
202605140330,   0.801,9999.000,9999.000,9999.000,9999.000,9999.000,9999.000,9999.000,9999.000
202605140336,   0.751,9999.000,9999.000,9999.000,9999.000,9999.000,9999.000,9999.000,9999.000
202605140342,   0.701,9999.000,9999.000,9999.000,9999.000,9999.000,9999.000,9999.000,9999.000
202605140348,   0.652,9999.000,9999.000,9999.000,9999.000,9999.000,9999.000,9999.000,9999.000
202605140354,   0.604,9999.000,9999.000,9999.000,9999.000,9999.000,9999.000,9999.000,9999.000
202605140400,   0.556,9999.000,   0.100,  -1.181,  -0.525,  -0.100,  -0.725,   0.500,  -0.125
202605140406,   0.509,9999.000,9999.000,9999.000,9999.000,9999.000,9999.000,9999.000,9999.000
202605140412,   0.464,9999.000,9999.000,9999.000,9999.000,9999.000,9999.000,9999.000,9999.000
202605140418,   0.419,9999.000,9999.000,9999.000,9999.000,9999.000,9999.000,9999.000,9999.000
202605140424,   0.375,9999.000,9999.000,9999.000,9999.000,9999.000,9999.000,9999.000,9999.000
202605140430,   0.333,9999.000,9999.000,9999.000,9999.000,9999.000,9999.000,9999.000,9999.000
202605140436,   0.291,9999.000,9999.000,9999.000,9999.000,9999.000,9999.000,9999.000,9999.000
202605140442,   0.252,9999.000,9999.000,9999.000,9999.000,9999.000,9999.000,9999.000,9999.000
202605140448,   0.213,9999.000,9999.000,9999.000,9999.000,9999.000,9999.000,9999.000,9999.000
202605140454,   0.176,9999.000,9999.000,9999.000,9999.000,9999.000,9999.000,9999.000,9999.000
202605140500,   0.141,9999.000,   0.100,  -1.326,  -1.085,  -0.200,  -1.385,   0.500,  -0.685
202605140506,   0.108,9999.000,9999.000,9999.000,9999.000,9999.000,9999.000,9999.000,9999.000
202605140512,   0.077,9999.000,9999.000,9999.000,9999.000,9999.000,9999.000,9999.000,9999.000
202605140518,   0.048,9999.000,9999.000,9999.000,9999.000,9999.000,9999.000,9999.000,9999.000
202605140524,   0.021,9999.000,9999.000,9999.000,9999.000,9999.000,9999.000,9999.000,9999.000
202605140530,  -0.002,9999.000,9999.000,9999.000,9999.000,9999.000,9999.000,9999.000,9999.000
202605140536,  -0.023,9999.000,9999.000,9999.000,9999.000,9999.000,9999.000,9999.000,9999.000
202605140542,  -0.042,9999.000,9999.000,9999.000,9999.000,9999.000,9999.000,9999.000,9999.000
202605140548,  -0.058,9999.000,9999.000,9999.000,9999.000,9999.000,9999.000,9999.000,9999.000
202605140554,  -0.071,9999.000,9999.000,9999.000,9999.000,9999.000,9999.000,9999.000,9999.000
202605140600,  -0.080,9999.000,   0.100,  -1.326,  -1.306,  -0.100,  -1.506,   0.500,  -0.906
