        TIME,    TIDE,      OB,   SURGE,    BIAS,     TWL,SURGE90p,  TWL90p,SURGE10p,   TWL10p
202604171800,  -1.078,9999.000,  -0.800,9999.000,  -1.878,  -0.800,  -1.878,  -0.700,  -1.778
202604171806,  -1.023,9999.000,9999.000,9999.000,9999.000,9999.000,9999.000,9999.000,9999.000
202604171812,  -0.959,9999.000,9999.000,9999.000,9999.000,9999.000,9999.000,9999.000,9999.000
202604171818,  -0.887,9999.000,9999.000,9999.000,9999.000,9999.000,9999.000,9999.000,9999.000
202604171824,  -0.807,9999.000,9999.000,9999.000,9999.000,9999.000,9999.000,9999.000,9999.000
202604171830,  -0.720,9999.000,9999.000,9999.000,9999.000,9999.000,9999.000,9999.000,9999.000
202604171836,  -0.626,9999.000,9999.000,9999.000,9999.000,9999.000,9999.000,9999.000,9999.000
202604171842,  -0.525,9999.000,9999.000,9999.000,9999.000,9999.000,9999.000,9999.000,9999.000
202604171848,  -0.418,9999.000,9999.000,9999.000,9999.000,9999.000,9999.000,9999.000,9999.000
202604171854,  -0.305,9999.000,9999.000,9999.000,9999.000,9999.000,9999.000,9999.000,9999.000
202604171900,  -0.186,9999.000,  -0.800,9999.000,  -0.986,  -0.800,  -0.986,  -0.800,  -0.986
202604171906,  -0.061,9999.000,9999.000,9999.000,9999.000,9999.000,9999.000,9999.000,9999.000
202604171912,   0.069,9999.000,9999.000,9999.000,9999.000,9999.000,9999.000,9999.000,9999.000
202604171918,   0.204,9999.000,9999.000,9999.000,9999.000,9999.000,9999.000,9999.000,9999.000
202604171924,   0.345,9999.000,9999.000,9999.000,9999.000,9999.000,9999.000,9999.000,9999.000
202604171930,   0.491,9999.000,9999.000,9999.000,9999.000,9999.000,9999.000,9999.000,9999.000
202604171936,   0.641,9999.000,9999.000,9999.000,9999.000,9999.000,9999.000,9999.000,9999.000
202604171942,   0.796,9999.000,9999.000,9999.000,9999.000,9999.000,9999.000,9999.000,9999.000
202604171948,   0.956,9999.000,9999.000,9999.000,9999.000,9999.000,9999.000,9999.000,9999.000
202604171954,   1.119,9999.000,9999.000,9999.000,9999.000,9999.000,9999.000,9999.000,9999.000
202604172000,   1.287,9999.000,  -0.800,9999.000,   0.487,  -0.900,   0.387,  -0.800,   0.487
202604172006,   1.460,9999.000,9999.000,9999.000,9999.000,9999.000,9999.000,9999.000,9999.000
202604172012,   1.636,9999.000,9999.000,9999.000,9999.000,9999.000,9999.000,9999.000,9999.000
202604172018,   1.815,9999.000,9999.000,9999.000,9999.000,9999.000,9999.000,9999.000,9999.000
202604172024,   1.998,9999.000,9999.000,9999.000,9999.000,9999.000,9999.000,9999.000,9999.000
202604172030,   2.184,9999.000,9999.000,9999.000,9999.000,9999.000,9999.000,9999.000,9999.000
202604172036,   2.373,9999.000,9999.000,9999.000,9999.000,9999.000,9999.000,9999.000,9999.000
202604172042,   2.565,9999.000,9999.000,9999.000,9999.000,9999.000,9999.000,9999.000,9999.000
202604172048,   2.758,9999.000,9999.000,9999.000,9999.000,9999.000,9999.000,9999.000,9999.000
202604172054,   2.953,9999.000,9999.000,9999.000,9999.000,9999.000,9999.000,9999.000,9999.000
202604172100,   3.150,9999.000,  -0.800,9999.000,   2.350,  -0.900,   2.250,  -0.800,   2.350
202604172106,   3.347,9999.000,9999.000,9999.000,9999.000,9999.000,9999.000,9999.000,9999.000
202604172112,   3.544,9999.000,9999.000,9999.000,9999.000,9999.000,9999.000,9999.000,9999.000
202604172118,   3.741,9999.000,9999.000,9999.000,9999.000,9999.000,9999.000,9999.000,9999.000
202604172124,   3.936,9999.000,9999.000,9999.000,9999.000,9999.000,9999.000,9999.000,9999.000
202604172130,   4.130,9999.000,9999.000,9999.000,9999.000,9999.000,9999.000,9999.000,9999.000
202604172136,   4.321,9999.000,9999.000,9999.000,9999.000,9999.000,9999.000,9999.000,9999.000
202604172142,   4.509,9999.000,9999.000,9999.000,9999.000,9999.000,9999.000,9999.000,9999.000
202604172148,   4.693,9999.000,9999.000,9999.000,9999.000,9999.000,9999.000,9999.000,9999.000
202604172154,   4.872,9999.000,9999.000,9999.000,9999.000,9999.000,9999.000,9999.000,9999.000
202604172200,   5.046,9999.000,  -0.800,9999.000,   4.246,  -0.900,   4.146,  -0.800,   4.246
202604172206,   5.213,9999.000,9999.000,9999.000,9999.000,9999.000,9999.000,9999.000,9999.000
202604172212,   5.374,9999.000,9999.000,9999.000,9999.000,9999.000,9999.000,9999.000,9999.000
202604172218,   5.527,9999.000,9999.000,9999.000,9999.000,9999.000,9999.000,9999.000,9999.000
202604172224,   5.671,9999.000,9999.000,9999.000,9999.000,9999.000,9999.000,9999.000,9999.000
202604172230,   5.807,9999.000,9999.000,9999.000,9999.000,9999.000,9999.000,9999.000,9999.000
202604172236,   5.934,9999.000,9999.000,9999.000,9999.000,9999.000,9999.000,9999.000,9999.000
202604172242,   6.051,9999.000,9999.000,9999.000,9999.000,9999.000,9999.000,9999.000,9999.000
202604172248,   6.158,9999.000,9999.000,9999.000,9999.000,9999.000,9999.000,9999.000,9999.000
202604172254,   6.254,9999.000,9999.000,9999.000,9999.000,9999.000,9999.000,9999.000,9999.000
202604172300,   6.340,9999.000,  -0.800,9999.000,   5.540,  -0.900,   5.440,  -0.800,   5.540
202604172306,   6.415,9999.000,9999.000,9999.000,9999.000,9999.000,9999.000,9999.000,9999.000
202604172312,   6.480,9999.000,9999.000,9999.000,9999.000,9999.000,9999.000,9999.000,9999.000
202604172318,   6.534,9999.000,9999.000,9999.000,9999.000,9999.000,9999.000,9999.000,9999.000
202604172324,   6.577,9999.000,9999.000,9999.000,9999.000,9999.000,9999.000,9999.000,9999.000
202604172330,   6.610,9999.000,9999.000,9999.000,9999.000,9999.000,9999.000,9999.000,9999.000
202604172336,   6.634,9999.000,9999.000,9999.000,9999.000,9999.000,9999.000,9999.000,9999.000
202604172342,   6.647,9999.000,9999.000,9999.000,9999.000,9999.000,9999.000,9999.000,9999.000
202604172348,   6.652,9999.000,9999.000,9999.000,9999.000,9999.000,9999.000,9999.000,9999.000
202604172354,   6.648,9999.000,9999.000,9999.000,9999.000,9999.000,9999.000,9999.000,9999.000
202604180000,   6.635,9999.000,  -0.800,9999.000,   5.835,  -0.800,   5.835,  -0.800,   5.835
202604180006,   6.615,9999.000,9999.000,9999.000,9999.000,9999.000,9999.000,9999.000,9999.000
202604180012,   6.588,9999.000,9999.000,9999.000,9999.000,9999.000,9999.000,9999.000,9999.000
202604180018,   6.554,9999.000,9999.000,9999.000,9999.000,9999.000,9999.000,9999.000,9999.000
202604180024,   6.514,9999.000,9999.000,9999.000,9999.000,9999.000,9999.000,9999.000,9999.000
202604180030,   6.468,9999.000,9999.000,9999.000,9999.000,9999.000,9999.000,9999.000,9999.000
202604180036,   6.417,9999.000,9999.000,9999.000,9999.000,9999.000,9999.000,9999.000,9999.000
202604180042,   6.361,9999.000,9999.000,9999.000,9999.000,9999.000,9999.000,9999.000,9999.000
202604180048,   6.300,9999.000,9999.000,9999.000,9999.000,9999.000,9999.000,9999.000,9999.000
202604180054,   6.236,9999.000,9999.000,9999.000,9999.000,9999.000,9999.000,9999.000,9999.000
202604180100,   6.167,9999.000,  -0.800,9999.000,   5.367,  -0.900,   5.267,  -0.800,   5.367
202604180106,   6.095,9999.000,9999.000,9999.000,9999.000,9999.000,9999.000,9999.000,9999.000
202604180112,   6.019,9999.000,9999.000,9999.000,9999.000,9999.000,9999.000,9999.000,9999.000
202604180118,   5.940,9999.000,9999.000,9999.000,9999.000,9999.000,9999.000,9999.000,9999.000
202604180124,   5.857,9999.000,9999.000,9999.000,9999.000,9999.000,9999.000,9999.000,9999.000
202604180130,   5.771,9999.000,9999.000,9999.000,9999.000,9999.000,9999.000,9999.000,9999.000
202604180136,   5.682,9999.000,9999.000,9999.000,9999.000,9999.000,9999.000,9999.000,9999.000
202604180142,   5.589,9999.000,9999.000,9999.000,9999.000,9999.000,9999.000,9999.000,9999.000
202604180148,   5.492,9999.000,9999.000,9999.000,9999.000,9999.000,9999.000,9999.000,9999.000
202604180154,   5.392,9999.000,9999.000,9999.000,9999.000,9999.000,9999.000,9999.000,9999.000
202604180200,   5.288,9999.000,  -0.800,9999.000,   4.488,  -0.800,   4.488,  -0.800,   4.488
202604180206,   5.181,9999.000,9999.000,9999.000,9999.000,9999.000,9999.000,9999.000,9999.000
202604180212,   5.070,9999.000,9999.000,9999.000,9999.000,9999.000,9999.000,9999.000,9999.000
202604180218,   4.954,9999.000,9999.000,9999.000,9999.000,9999.000,9999.000,9999.000,9999.000
202604180224,   4.836,9999.000,9999.000,9999.000,9999.000,9999.000,9999.000,9999.000,9999.000
202604180230,   4.713,9999.000,9999.000,9999.000,9999.000,9999.000,9999.000,9999.000,9999.000
202604180236,   4.588,9999.000,9999.000,9999.000,9999.000,9999.000,9999.000,9999.000,9999.000
202604180242,   4.459,9999.000,9999.000,9999.000,9999.000,9999.000,9999.000,9999.000,9999.000
202604180248,   4.327,9999.000,9999.000,9999.000,9999.000,9999.000,9999.000,9999.000,9999.000
202604180254,   4.193,9999.000,9999.000,9999.000,9999.000,9999.000,9999.000,9999.000,9999.000
202604180300,   4.057,9999.000,  -0.800,9999.000,   3.257,  -0.800,   3.257,  -0.800,   3.257
202604180306,   3.919,9999.000,9999.000,9999.000,9999.000,9999.000,9999.000,9999.000,9999.000
202604180312,   3.780,9999.000,9999.000,9999.000,9999.000,9999.000,9999.000,9999.000,9999.000
202604180318,   3.641,9999.000,9999.000,9999.000,9999.000,9999.000,9999.000,9999.000,9999.000
202604180324,   3.502,9999.000,9999.000,9999.000,9999.000,9999.000,9999.000,9999.000,9999.000
202604180330,   3.364,9999.000,9999.000,9999.000,9999.000,9999.000,9999.000,9999.000,9999.000
202604180336,   3.228,9999.000,9999.000,9999.000,9999.000,9999.000,9999.000,9999.000,9999.000
202604180342,   3.094,9999.000,9999.000,9999.000,9999.000,9999.000,9999.000,9999.000,9999.000
202604180348,   2.963,9999.000,9999.000,9999.000,9999.000,9999.000,9999.000,9999.000,9999.000
202604180354,   2.837,9999.000,9999.000,9999.000,9999.000,9999.000,9999.000,9999.000,9999.000
202604180400,   2.715,9999.000,  -0.800,9999.000,   1.915,  -0.800,   1.915,  -0.700,   2.015
202604180406,   2.599,9999.000,9999.000,9999.000,9999.000,9999.000,9999.000,9999.000,9999.000
202604180412,   2.489,9999.000,9999.000,9999.000,9999.000,9999.000,9999.000,9999.000,9999.000
202604180418,   2.386,9999.000,9999.000,9999.000,9999.000,9999.000,9999.000,9999.000,9999.000
202604180424,   2.290,9999.000,9999.000,9999.000,9999.000,9999.000,9999.000,9999.000,9999.000
202604180430,   2.202,9999.000,9999.000,9999.000,9999.000,9999.000,9999.000,9999.000,9999.000
202604180436,   2.123,9999.000,9999.000,9999.000,9999.000,9999.000,9999.000,9999.000,9999.000
202604180442,   2.053,9999.000,9999.000,9999.000,9999.000,9999.000,9999.000,9999.000,9999.000
202604180448,   1.992,9999.000,9999.000,9999.000,9999.000,9999.000,9999.000,9999.000,9999.000
202604180454,   1.940,9999.000,9999.000,9999.000,9999.000,9999.000,9999.000,9999.000,9999.000
202604180500,   1.899,9999.000,  -0.800,9999.000,   1.099,  -0.800,   1.099,  -0.700,   1.199
202604180506,   1.867,9999.000,9999.000,9999.000,9999.000,9999.000,9999.000,9999.000,9999.000
202604180512,   1.845,9999.000,9999.000,9999.000,9999.000,9999.000,9999.000,9999.000,9999.000
202604180518,   1.834,9999.000,9999.000,9999.000,9999.000,9999.000,9999.000,9999.000,9999.000
202604180524,   1.832,9999.000,9999.000,9999.000,9999.000,9999.000,9999.000,9999.000,9999.000
202604180530,   1.840,9999.000,9999.000,9999.000,9999.000,9999.000,9999.000,9999.000,9999.000
202604180536,   1.857,9999.000,9999.000,9999.000,9999.000,9999.000,9999.000,9999.000,9999.000
202604180542,   1.884,9999.000,9999.000,9999.000,9999.000,9999.000,9999.000,9999.000,9999.000
202604180548,   1.920,9999.000,9999.000,9999.000,9999.000,9999.000,9999.000,9999.000,9999.000
202604180554,   1.965,9999.000,9999.000,9999.000,9999.000,9999.000,9999.000,9999.000,9999.000
202604180600,   2.019,9999.000,  -0.800,9999.000,   1.219,  -0.800,   1.219,  -0.800,   1.219
202604180606,   2.080,9999.000,9999.000,9999.000,9999.000,9999.000,9999.000,9999.000,9999.000
202604180612,   2.149,9999.000,9999.000,9999.000,9999.000,9999.000,9999.000,9999.000,9999.000
202604180618,   2.226,9999.000,9999.000,9999.000,9999.000,9999.000,9999.000,9999.000,9999.000
202604180624,   2.310,9999.000,9999.000,9999.000,9999.000,9999.000,9999.000,9999.000,9999.000
202604180630,   2.400,9999.000,9999.000,9999.000,9999.000,9999.000,9999.000,9999.000,9999.000
202604180636,   2.497,9999.000,9999.000,9999.000,9999.000,9999.000,9999.000,9999.000,9999.000
202604180642,   2.599,9999.000,9999.000,9999.000,9999.000,9999.000,9999.000,9999.000,9999.000
202604180648,   2.707,9999.000,9999.000,9999.000,9999.000,9999.000,9999.000,9999.000,9999.000
202604180654,   2.820,9999.000,9999.000,9999.000,9999.000,9999.000,9999.000,9999.000,9999.000
202604180700,   2.937,9999.000,  -0.800,9999.000,   2.137,  -0.900,   2.037,  -0.800,   2.137
202604180706,   3.060,9999.000,9999.000,9999.000,9999.000,9999.000,9999.000,9999.000,9999.000
202604180712,   3.186,9999.000,9999.000,9999.000,9999.000,9999.000,9999.000,9999.000,9999.000
202604180718,   3.316,9999.000,9999.000,9999.000,9999.000,9999.000,9999.000,9999.000,9999.000
202604180724,   3.450,9999.000,9999.000,9999.000,9999.000,9999.000,9999.000,9999.000,9999.000
202604180730,   3.588,9999.000,9999.000,9999.000,9999.000,9999.000,9999.000,9999.000,9999.000
202604180736,   3.728,9999.000,9999.000,9999.000,9999.000,9999.000,9999.000,9999.000,9999.000
202604180742,   3.872,9999.000,9999.000,9999.000,9999.000,9999.000,9999.000,9999.000,9999.000
202604180748,   4.018,9999.000,9999.000,9999.000,9999.000,9999.000,9999.000,9999.000,9999.000
202604180754,   4.167,9999.000,9999.000,9999.000,9999.000,9999.000,9999.000,9999.000,9999.000
202604180800,   4.318,9999.000,  -0.800,9999.000,   3.518,  -0.800,   3.518,  -0.800,   3.518
202604180806,   4.471,9999.000,9999.000,9999.000,9999.000,9999.000,9999.000,9999.000,9999.000
202604180812,   4.626,9999.000,9999.000,9999.000,9999.000,9999.000,9999.000,9999.000,9999.000
202604180818,   4.784,9999.000,9999.000,9999.000,9999.000,9999.000,9999.000,9999.000,9999.000
202604180824,   4.942,9999.000,9999.000,9999.000,9999.000,9999.000,9999.000,9999.000,9999.000
202604180830,   5.102,9999.000,9999.000,9999.000,9999.000,9999.000,9999.000,9999.000,9999.000
202604180836,   5.264,9999.000,9999.000,9999.000,9999.000,9999.000,9999.000,9999.000,9999.000
202604180842,   5.426,9999.000,9999.000,9999.000,9999.000,9999.000,9999.000,9999.000,9999.000
202604180848,   5.589,9999.000,9999.000,9999.000,9999.000,9999.000,9999.000,9999.000,9999.000
202604180854,   5.752,9999.000,9999.000,9999.000,9999.000,9999.000,9999.000,9999.000,9999.000
202604180900,   5.915,9999.000,  -0.800,9999.000,   5.115,  -0.800,   5.115,  -0.800,   5.115
202604180906,   6.078,9999.000,9999.000,9999.000,9999.000,9999.000,9999.000,9999.000,9999.000
202604180912,   6.240,9999.000,9999.000,9999.000,9999.000,9999.000,9999.000,9999.000,9999.000
202604180918,   6.401,9999.000,9999.000,9999.000,9999.000,9999.000,9999.000,9999.000,9999.000
202604180924,   6.560,9999.000,9999.000,9999.000,9999.000,9999.000,9999.000,9999.000,9999.000
202604180930,   6.718,9999.000,9999.000,9999.000,9999.000,9999.000,9999.000,9999.000,9999.000
202604180936,   6.872,9999.000,9999.000,9999.000,9999.000,9999.000,9999.000,9999.000,9999.000
202604180942,   7.023,9999.000,9999.000,9999.000,9999.000,9999.000,9999.000,9999.000,9999.000
202604180948,   7.171,9999.000,9999.000,9999.000,9999.000,9999.000,9999.000,9999.000,9999.000
202604180954,   7.314,9999.000,9999.000,9999.000,9999.000,9999.000,9999.000,9999.000,9999.000
202604181000,   7.451,9999.000,  -0.800,9999.000,   6.651,  -0.800,   6.651,  -0.700,   6.751
202604181006,   7.583,9999.000,9999.000,9999.000,9999.000,9999.000,9999.000,9999.000,9999.000
202604181012,   7.709,9999.000,9999.000,9999.000,9999.000,9999.000,9999.000,9999.000,9999.000
202604181018,   7.827,9999.000,9999.000,9999.000,9999.000,9999.000,9999.000,9999.000,9999.000
202604181024,   7.937,9999.000,9999.000,9999.000,9999.000,9999.000,9999.000,9999.000,9999.000
202604181030,   8.039,9999.000,9999.000,9999.000,9999.000,9999.000,9999.000,9999.000,9999.000
202604181036,   8.132,9999.000,9999.000,9999.000,9999.000,9999.000,9999.000,9999.000,9999.000
202604181042,   8.216,9999.000,9999.000,9999.000,9999.000,9999.000,9999.000,9999.000,9999.000
202604181048,   8.289,9999.000,9999.000,9999.000,9999.000,9999.000,9999.000,9999.000,9999.000
202604181054,   8.352,9999.000,9999.000,9999.000,9999.000,9999.000,9999.000,9999.000,9999.000
202604181100,   8.403,9999.000,  -0.800,9999.000,   7.603,  -0.800,   7.603,  -0.700,   7.703
202604181106,   8.444,9999.000,9999.000,9999.000,9999.000,9999.000,9999.000,9999.000,9999.000
202604181112,   8.472,9999.000,9999.000,9999.000,9999.000,9999.000,9999.000,9999.000,9999.000
202604181118,   8.489,9999.000,9999.000,9999.000,9999.000,9999.000,9999.000,9999.000,9999.000
202604181124,   8.494,9999.000,9999.000,9999.000,9999.000,9999.000,9999.000,9999.000,9999.000
202604181130,   8.486,9999.000,9999.000,9999.000,9999.000,9999.000,9999.000,9999.000,9999.000
202604181136,   8.467,9999.000,9999.000,9999.000,9999.000,9999.000,9999.000,9999.000,9999.000
202604181142,   8.436,9999.000,9999.000,9999.000,9999.000,9999.000,9999.000,9999.000,9999.000
202604181148,   8.393,9999.000,9999.000,9999.000,9999.000,9999.000,9999.000,9999.000,9999.000
202604181154,   8.339,9999.000,9999.000,9999.000,9999.000,9999.000,9999.000,9999.000,9999.000
202604181200,   8.274,9999.000,  -0.800,9999.000,   7.474,  -0.800,   7.474,  -0.800,   7.474
202604181206,   8.198,9999.000,9999.000,9999.000,9999.000,9999.000,9999.000,9999.000,9999.000
202604181212,   8.112,9999.000,9999.000,9999.000,9999.000,9999.000,9999.000,9999.000,9999.000
202604181218,   8.016,9999.000,9999.000,9999.000,9999.000,9999.000,9999.000,9999.000,9999.000
202604181224,   7.911,9999.000,9999.000,9999.000,9999.000,9999.000,9999.000,9999.000,9999.000
202604181230,   7.797,9999.000,9999.000,9999.000,9999.000,9999.000,9999.000,9999.000,9999.000
202604181236,   7.675,9999.000,9999.000,9999.000,9999.000,9999.000,9999.000,9999.000,9999.000
202604181242,   7.546,9999.000,9999.000,9999.000,9999.000,9999.000,9999.000,9999.000,9999.000
202604181248,   7.409,9999.000,9999.000,9999.000,9999.000,9999.000,9999.000,9999.000,9999.000
202604181254,   7.266,9999.000,9999.000,9999.000,9999.000,9999.000,9999.000,9999.000,9999.000
202604181300,   7.116,9999.000,  -0.800,9999.000,   6.316,  -0.800,   6.316,  -0.700,   6.416
202604181306,   6.961,9999.000,9999.000,9999.000,9999.000,9999.000,9999.000,9999.000,9999.000
202604181312,   6.801,9999.000,9999.000,9999.000,9999.000,9999.000,9999.000,9999.000,9999.000
202604181318,   6.636,9999.000,9999.000,9999.000,9999.000,9999.000,9999.000,9999.000,9999.000
202604181324,   6.467,9999.000,9999.000,9999.000,9999.000,9999.000,9999.000,9999.000,9999.000
202604181330,   6.293,9999.000,9999.000,9999.000,9999.000,9999.000,9999.000,9999.000,9999.000
202604181336,   6.115,9999.000,9999.000,9999.000,9999.000,9999.000,9999.000,9999.000,9999.000
202604181342,   5.933,9999.000,9999.000,9999.000,9999.000,9999.000,9999.000,9999.000,9999.000
202604181348,   5.748,9999.000,9999.000,9999.000,9999.000,9999.000,9999.000,9999.000,9999.000
202604181354,   5.558,9999.000,9999.000,9999.000,9999.000,9999.000,9999.000,9999.000,9999.000
202604181400,   5.366,9999.000,  -0.700,9999.000,   4.666,  -0.800,   4.566,  -0.700,   4.666
202604181406,   5.169,9999.000,9999.000,9999.000,9999.000,9999.000,9999.000,9999.000,9999.000
202604181412,   4.970,9999.000,9999.000,9999.000,9999.000,9999.000,9999.000,9999.000,9999.000
202604181418,   4.767,9999.000,9999.000,9999.000,9999.000,9999.000,9999.000,9999.000,9999.000
202604181424,   4.560,9999.000,9999.000,9999.000,9999.000,9999.000,9999.000,9999.000,9999.000
202604181430,   4.350,9999.000,9999.000,9999.000,9999.000,9999.000,9999.000,9999.000,9999.000
202604181436,   4.137,9999.000,9999.000,9999.000,9999.000,9999.000,9999.000,9999.000,9999.000
202604181442,   3.921,9999.000,9999.000,9999.000,9999.000,9999.000,9999.000,9999.000,9999.000
202604181448,   3.702,9999.000,9999.000,9999.000,9999.000,9999.000,9999.000,9999.000,9999.000
202604181454,   3.480,9999.000,9999.000,9999.000,9999.000,9999.000,9999.000,9999.000,9999.000
202604181500,   3.256,9999.000,  -0.700,9999.000,   2.556,  -0.700,   2.556,  -0.700,   2.556
202604181506,   3.030,9999.000,9999.000,9999.000,9999.000,9999.000,9999.000,9999.000,9999.000
202604181512,   2.802,9999.000,9999.000,9999.000,9999.000,9999.000,9999.000,9999.000,9999.000
202604181518,   2.573,9999.000,9999.000,9999.000,9999.000,9999.000,9999.000,9999.000,9999.000
202604181524,   2.344,9999.000,9999.000,9999.000,9999.000,9999.000,9999.000,9999.000,9999.000
202604181530,   2.114,9999.000,9999.000,9999.000,9999.000,9999.000,9999.000,9999.000,9999.000
202604181536,   1.884,9999.000,9999.000,9999.000,9999.000,9999.000,9999.000,9999.000,9999.000
202604181542,   1.656,9999.000,9999.000,9999.000,9999.000,9999.000,9999.000,9999.000,9999.000
202604181548,   1.430,9999.000,9999.000,9999.000,9999.000,9999.000,9999.000,9999.000,9999.000
202604181554,   1.206,9999.000,9999.000,9999.000,9999.000,9999.000,9999.000,9999.000,9999.000
202604181600,   0.986,9999.000,  -0.600,9999.000,   0.386,  -0.700,   0.286,  -0.600,   0.386
202604181606,   0.770,9999.000,9999.000,9999.000,9999.000,9999.000,9999.000,9999.000,9999.000
202604181612,   0.559,9999.000,9999.000,9999.000,9999.000,9999.000,9999.000,9999.000,9999.000
202604181618,   0.353,9999.000,9999.000,9999.000,9999.000,9999.000,9999.000,9999.000,9999.000
202604181624,   0.154,9999.000,9999.000,9999.000,9999.000,9999.000,9999.000,9999.000,9999.000
202604181630,  -0.036,9999.000,9999.000,9999.000,9999.000,9999.000,9999.000,9999.000,9999.000
202604181636,  -0.220,9999.000,9999.000,9999.000,9999.000,9999.000,9999.000,9999.000,9999.000
202604181642,  -0.395,9999.000,9999.000,9999.000,9999.000,9999.000,9999.000,9999.000,9999.000
202604181648,  -0.561,9999.000,9999.000,9999.000,9999.000,9999.000,9999.000,9999.000,9999.000
202604181654,  -0.717,9999.000,9999.000,9999.000,9999.000,9999.000,9999.000,9999.000,9999.000
202604181700,  -0.863,9999.000,  -0.600,9999.000,  -1.463,  -0.600,  -1.463,  -0.500,  -1.363
202604181706,  -0.998,9999.000,9999.000,9999.000,9999.000,9999.000,9999.000,9999.000,9999.000
202604181712,  -1.123,9999.000,9999.000,9999.000,9999.000,9999.000,9999.000,9999.000,9999.000
202604181718,  -1.235,9999.000,9999.000,9999.000,9999.000,9999.000,9999.000,9999.000,9999.000
202604181724,  -1.337,9999.000,9999.000,9999.000,9999.000,9999.000,9999.000,9999.000,9999.000
202604181730,  -1.426,9999.000,9999.000,9999.000,9999.000,9999.000,9999.000,9999.000,9999.000
202604181736,  -1.504,9999.000,9999.000,9999.000,9999.000,9999.000,9999.000,9999.000,9999.000
202604181742,  -1.570,9999.000,9999.000,9999.000,9999.000,9999.000,9999.000,9999.000,9999.000
202604181748,  -1.624,9999.000,9999.000,9999.000,9999.000,9999.000,9999.000,9999.000,9999.000
202604181754,  -1.666,9999.000,9999.000,9999.000,9999.000,9999.000,9999.000,9999.000,9999.000
202604181800,  -1.697,9999.000,  -0.600,9999.000,  -2.297,  -0.600,  -2.297,  -0.500,  -2.197
202604181806,  -1.717,9999.000,9999.000,9999.000,9999.000,9999.000,9999.000,9999.000,9999.000
202604181812,  -1.725,9999.000,9999.000,9999.000,9999.000,9999.000,9999.000,9999.000,9999.000
202604181818,  -1.722,9999.000,9999.000,9999.000,9999.000,9999.000,9999.000,9999.000,9999.000
202604181824,  -1.709,9999.000,9999.000,9999.000,9999.000,9999.000,9999.000,9999.000,9999.000
202604181830,  -1.685,9999.000,9999.000,9999.000,9999.000,9999.000,9999.000,9999.000,9999.000
202604181836,  -1.651,9999.000,9999.000,9999.000,9999.000,9999.000,9999.000,9999.000,9999.000
202604181842,  -1.607,9999.000,9999.000,9999.000,9999.000,9999.000,9999.000,9999.000,9999.000
202604181848,  -1.554,9999.000,9999.000,9999.000,9999.000,9999.000,9999.000,9999.000,9999.000
202604181854,  -1.492,9999.000,9999.000,9999.000,9999.000,9999.000,9999.000,9999.000,9999.000
202604181900,  -1.421,9999.000,  -0.500,9999.000,  -1.921,  -0.600,  -2.021,  -0.500,  -1.921
202604181906,  -1.342,9999.000,9999.000,9999.000,9999.000,9999.000,9999.000,9999.000,9999.000
202604181912,  -1.255,9999.000,9999.000,9999.000,9999.000,9999.000,9999.000,9999.000,9999.000
202604181918,  -1.160,9999.000,9999.000,9999.000,9999.000,9999.000,9999.000,9999.000,9999.000
202604181924,  -1.057,9999.000,9999.000,9999.000,9999.000,9999.000,9999.000,9999.000,9999.000
202604181930,  -0.948,9999.000,9999.000,9999.000,9999.000,9999.000,9999.000,9999.000,9999.000
202604181936,  -0.831,9999.000,9999.000,9999.000,9999.000,9999.000,9999.000,9999.000,9999.000
202604181942,  -0.708,9999.000,9999.000,9999.000,9999.000,9999.000,9999.000,9999.000,9999.000
202604181948,  -0.579,9999.000,9999.000,9999.000,9999.000,9999.000,9999.000,9999.000,9999.000
202604181954,  -0.443,9999.000,9999.000,9999.000,9999.000,9999.000,9999.000,9999.000,9999.000
202604182000,  -0.302,9999.000,  -0.500,9999.000,  -0.802,  -0.500,  -0.802,  -0.400,  -0.702
202604182006,  -0.155,9999.000,9999.000,9999.000,9999.000,9999.000,9999.000,9999.000,9999.000
202604182012,  -0.003,9999.000,9999.000,9999.000,9999.000,9999.000,9999.000,9999.000,9999.000
202604182018,   0.153,9999.000,9999.000,9999.000,9999.000,9999.000,9999.000,9999.000,9999.000
202604182024,   0.315,9999.000,9999.000,9999.000,9999.000,9999.000,9999.000,9999.000,9999.000
202604182030,   0.482,9999.000,9999.000,9999.000,9999.000,9999.000,9999.000,9999.000,9999.000
202604182036,   0.653,9999.000,9999.000,9999.000,9999.000,9999.000,9999.000,9999.000,9999.000
202604182042,   0.828,9999.000,9999.000,9999.000,9999.000,9999.000,9999.000,9999.000,9999.000
202604182048,   1.007,9999.000,9999.000,9999.000,9999.000,9999.000,9999.000,9999.000,9999.000
202604182054,   1.190,9999.000,9999.000,9999.000,9999.000,9999.000,9999.000,9999.000,9999.000
202604182100,   1.376,9999.000,  -0.500,9999.000,   0.876,  -0.500,   0.876,  -0.400,   0.976
202604182106,   1.565,9999.000,9999.000,9999.000,9999.000,9999.000,9999.000,9999.000,9999.000
202604182112,   1.757,9999.000,9999.000,9999.000,9999.000,9999.000,9999.000,9999.000,9999.000
202604182118,   1.951,9999.000,9999.000,9999.000,9999.000,9999.000,9999.000,9999.000,9999.000
202604182124,   2.148,9999.000,9999.000,9999.000,9999.000,9999.000,9999.000,9999.000,9999.000
202604182130,   2.346,9999.000,9999.000,9999.000,9999.000,9999.000,9999.000,9999.000,9999.000
202604182136,   2.545,9999.000,9999.000,9999.000,9999.000,9999.000,9999.000,9999.000,9999.000
202604182142,   2.745,9999.000,9999.000,9999.000,9999.000,9999.000,9999.000,9999.000,9999.000
202604182148,   2.945,9999.000,9999.000,9999.000,9999.000,9999.000,9999.000,9999.000,9999.000
202604182154,   3.145,9999.000,9999.000,9999.000,9999.000,9999.000,9999.000,9999.000,9999.000
202604182200,   3.345,9999.000,  -0.500,9999.000,   2.845,  -0.600,   2.745,  -0.400,   2.945
202604182206,   3.543,9999.000,9999.000,9999.000,9999.000,9999.000,9999.000,9999.000,9999.000
202604182212,   3.740,9999.000,9999.000,9999.000,9999.000,9999.000,9999.000,9999.000,9999.000
202604182218,   3.934,9999.000,9999.000,9999.000,9999.000,9999.000,9999.000,9999.000,9999.000
202604182224,   4.125,9999.000,9999.000,9999.000,9999.000,9999.000,9999.000,9999.000,9999.000
202604182230,   4.312,9999.000,9999.000,9999.000,9999.000,9999.000,9999.000,9999.000,9999.000
202604182236,   4.495,9999.000,9999.000,9999.000,9999.000,9999.000,9999.000,9999.000,9999.000
202604182242,   4.673,9999.000,9999.000,9999.000,9999.000,9999.000,9999.000,9999.000,9999.000
202604182248,   4.845,9999.000,9999.000,9999.000,9999.000,9999.000,9999.000,9999.000,9999.000
202604182254,   5.011,9999.000,9999.000,9999.000,9999.000,9999.000,9999.000,9999.000,9999.000
202604182300,   5.170,9999.000,  -0.500,9999.000,   4.670,  -0.500,   4.670,  -0.400,   4.770
202604182306,   5.322,9999.000,9999.000,9999.000,9999.000,9999.000,9999.000,9999.000,9999.000
202604182312,   5.466,9999.000,9999.000,9999.000,9999.000,9999.000,9999.000,9999.000,9999.000
202604182318,   5.602,9999.000,9999.000,9999.000,9999.000,9999.000,9999.000,9999.000,9999.000
202604182324,   5.729,9999.000,9999.000,9999.000,9999.000,9999.000,9999.000,9999.000,9999.000
202604182330,   5.847,9999.000,9999.000,9999.000,9999.000,9999.000,9999.000,9999.000,9999.000
202604182336,   5.955,9999.000,9999.000,9999.000,9999.000,9999.000,9999.000,9999.000,9999.000
202604182342,   6.053,9999.000,9999.000,9999.000,9999.000,9999.000,9999.000,9999.000,9999.000
202604182348,   6.142,9999.000,9999.000,9999.000,9999.000,9999.000,9999.000,9999.000,9999.000
202604182354,   6.220,9999.000,9999.000,9999.000,9999.000,9999.000,9999.000,9999.000,9999.000
202604190000,   6.289,9999.000,  -0.400,9999.000,   5.889,  -0.400,   5.889,  -0.300,   5.989
202604190006,   6.347,9999.000,9999.000,9999.000,9999.000,9999.000,9999.000,9999.000,9999.000
202604190012,   6.395,9999.000,9999.000,9999.000,9999.000,9999.000,9999.000,9999.000,9999.000
202604190018,   6.434,9999.000,9999.000,9999.000,9999.000,9999.000,9999.000,9999.000,9999.000
202604190024,   6.463,9999.000,9999.000,9999.000,9999.000,9999.000,9999.000,9999.000,9999.000
202604190030,   6.483,9999.000,9999.000,9999.000,9999.000,9999.000,9999.000,9999.000,9999.000
202604190036,   6.494,9999.000,9999.000,9999.000,9999.000,9999.000,9999.000,9999.000,9999.000
202604190042,   6.496,9999.000,9999.000,9999.000,9999.000,9999.000,9999.000,9999.000,9999.000
202604190048,   6.491,9999.000,9999.000,9999.000,9999.000,9999.000,9999.000,9999.000,9999.000
202604190054,   6.478,9999.000,9999.000,9999.000,9999.000,9999.000,9999.000,9999.000,9999.000
202604190100,   6.457,9999.000,  -0.300,9999.000,   6.157,  -0.400,   6.057,  -0.300,   6.157
202604190106,   6.430,9999.000,9999.000,9999.000,9999.000,9999.000,9999.000,9999.000,9999.000
202604190112,   6.396,9999.000,9999.000,9999.000,9999.000,9999.000,9999.000,9999.000,9999.000
202604190118,   6.356,9999.000,9999.000,9999.000,9999.000,9999.000,9999.000,9999.000,9999.000
202604190124,   6.311,9999.000,9999.000,9999.000,9999.000,9999.000,9999.000,9999.000,9999.000
202604190130,   6.261,9999.000,9999.000,9999.000,9999.000,9999.000,9999.000,9999.000,9999.000
202604190136,   6.206,9999.000,9999.000,9999.000,9999.000,9999.000,9999.000,9999.000,9999.000
202604190142,   6.146,9999.000,9999.000,9999.000,9999.000,9999.000,9999.000,9999.000,9999.000
202604190148,   6.082,9999.000,9999.000,9999.000,9999.000,9999.000,9999.000,9999.000,9999.000
202604190154,   6.015,9999.000,9999.000,9999.000,9999.000,9999.000,9999.000,9999.000,9999.000
202604190200,   5.943,9999.000,  -0.300,9999.000,   5.643,  -0.400,   5.543,  -0.200,   5.743
202604190206,   5.868,9999.000,9999.000,9999.000,9999.000,9999.000,9999.000,9999.000,9999.000
202604190212,   5.789,9999.000,9999.000,9999.000,9999.000,9999.000,9999.000,9999.000,9999.000
202604190218,   5.707,9999.000,9999.000,9999.000,9999.000,9999.000,9999.000,9999.000,9999.000
202604190224,   5.621,9999.000,9999.000,9999.000,9999.000,9999.000,9999.000,9999.000,9999.000
202604190230,   5.532,9999.000,9999.000,9999.000,9999.000,9999.000,9999.000,9999.000,9999.000
202604190236,   5.440,9999.000,9999.000,9999.000,9999.000,9999.000,9999.000,9999.000,9999.000
202604190242,   5.344,9999.000,9999.000,9999.000,9999.000,9999.000,9999.000,9999.000,9999.000
202604190248,   5.245,9999.000,9999.000,9999.000,9999.000,9999.000,9999.000,9999.000,9999.000
202604190254,   5.143,9999.000,9999.000,9999.000,9999.000,9999.000,9999.000,9999.000,9999.000
202604190300,   5.037,9999.000,  -0.300,9999.000,   4.737,  -0.400,   4.637,  -0.200,   4.837
202604190306,   4.929,9999.000,9999.000,9999.000,9999.000,9999.000,9999.000,9999.000,9999.000
202604190312,   4.818,9999.000,9999.000,9999.000,9999.000,9999.000,9999.000,9999.000,9999.000
202604190318,   4.703,9999.000,9999.000,9999.000,9999.000,9999.000,9999.000,9999.000,9999.000
202604190324,   4.587,9999.000,9999.000,9999.000,9999.000,9999.000,9999.000,9999.000,9999.000
202604190330,   4.468,9999.000,9999.000,9999.000,9999.000,9999.000,9999.000,9999.000,9999.000
202604190336,   4.347,9999.000,9999.000,9999.000,9999.000,9999.000,9999.000,9999.000,9999.000
202604190342,   4.225,9999.000,9999.000,9999.000,9999.000,9999.000,9999.000,9999.000,9999.000
202604190348,   4.101,9999.000,9999.000,9999.000,9999.000,9999.000,9999.000,9999.000,9999.000
202604190354,   3.977,9999.000,9999.000,9999.000,9999.000,9999.000,9999.000,9999.000,9999.000
202604190400,   3.853,9999.000,  -0.400,9999.000,   3.453,  -0.500,   3.353,  -0.200,   3.653
202604190406,   3.729,9999.000,9999.000,9999.000,9999.000,9999.000,9999.000,9999.000,9999.000
202604190412,   3.606,9999.000,9999.000,9999.000,9999.000,9999.000,9999.000,9999.000,9999.000
202604190418,   3.485,9999.000,9999.000,9999.000,9999.000,9999.000,9999.000,9999.000,9999.000
202604190424,   3.366,9999.000,9999.000,9999.000,9999.000,9999.000,9999.000,9999.000,9999.000
202604190430,   3.250,9999.000,9999.000,9999.000,9999.000,9999.000,9999.000,9999.000,9999.000
202604190436,   3.138,9999.000,9999.000,9999.000,9999.000,9999.000,9999.000,9999.000,9999.000
202604190442,   3.030,9999.000,9999.000,9999.000,9999.000,9999.000,9999.000,9999.000,9999.000
202604190448,   2.927,9999.000,9999.000,9999.000,9999.000,9999.000,9999.000,9999.000,9999.000
202604190454,   2.829,9999.000,9999.000,9999.000,9999.000,9999.000,9999.000,9999.000,9999.000
202604190500,   2.738,9999.000,  -0.300,9999.000,   2.438,  -0.500,   2.238,  -0.200,   2.538
202604190506,   2.653,9999.000,9999.000,9999.000,9999.000,9999.000,9999.000,9999.000,9999.000
202604190512,   2.575,9999.000,9999.000,9999.000,9999.000,9999.000,9999.000,9999.000,9999.000
202604190518,   2.505,9999.000,9999.000,9999.000,9999.000,9999.000,9999.000,9999.000,9999.000
202604190524,   2.443,9999.000,9999.000,9999.000,9999.000,9999.000,9999.000,9999.000,9999.000
202604190530,   2.390,9999.000,9999.000,9999.000,9999.000,9999.000,9999.000,9999.000,9999.000
202604190536,   2.345,9999.000,9999.000,9999.000,9999.000,9999.000,9999.000,9999.000,9999.000
202604190542,   2.308,9999.000,9999.000,9999.000,9999.000,9999.000,9999.000,9999.000,9999.000
202604190548,   2.281,9999.000,9999.000,9999.000,9999.000,9999.000,9999.000,9999.000,9999.000
202604190554,   2.264,9999.000,9999.000,9999.000,9999.000,9999.000,9999.000,9999.000,9999.000
202604190600,   2.255,9999.000,  -0.400,9999.000,   1.855,  -0.500,   1.755,  -0.300,   1.955
202604190606,   2.256,9999.000,9999.000,9999.000,9999.000,9999.000,9999.000,9999.000,9999.000
202604190612,   2.265,9999.000,9999.000,9999.000,9999.000,9999.000,9999.000,9999.000,9999.000
202604190618,   2.284,9999.000,9999.000,9999.000,9999.000,9999.000,9999.000,9999.000,9999.000
202604190624,   2.312,9999.000,9999.000,9999.000,9999.000,9999.000,9999.000,9999.000,9999.000
202604190630,   2.348,9999.000,9999.000,9999.000,9999.000,9999.000,9999.000,9999.000,9999.000
202604190636,   2.393,9999.000,9999.000,9999.000,9999.000,9999.000,9999.000,9999.000,9999.000
202604190642,   2.446,9999.000,9999.000,9999.000,9999.000,9999.000,9999.000,9999.000,9999.000
202604190648,   2.507,9999.000,9999.000,9999.000,9999.000,9999.000,9999.000,9999.000,9999.000
202604190654,   2.576,9999.000,9999.000,9999.000,9999.000,9999.000,9999.000,9999.000,9999.000
202604190700,   2.652,9999.000,  -0.500,9999.000,   2.152,  -0.800,   1.852,  -0.400,   2.252
202604190706,   2.735,9999.000,9999.000,9999.000,9999.000,9999.000,9999.000,9999.000,9999.000
202604190712,   2.825,9999.000,9999.000,9999.000,9999.000,9999.000,9999.000,9999.000,9999.000
202604190718,   2.921,9999.000,9999.000,9999.000,9999.000,9999.000,9999.000,9999.000,9999.000
202604190724,   3.024,9999.000,9999.000,9999.000,9999.000,9999.000,9999.000,9999.000,9999.000
202604190730,   3.131,9999.000,9999.000,9999.000,9999.000,9999.000,9999.000,9999.000,9999.000
202604190736,   3.245,9999.000,9999.000,9999.000,9999.000,9999.000,9999.000,9999.000,9999.000
202604190742,   3.363,9999.000,9999.000,9999.000,9999.000,9999.000,9999.000,9999.000,9999.000
202604190748,   3.485,9999.000,9999.000,9999.000,9999.000,9999.000,9999.000,9999.000,9999.000
202604190754,   3.612,9999.000,9999.000,9999.000,9999.000,9999.000,9999.000,9999.000,9999.000
202604190800,   3.743,9999.000,  -0.600,9999.000,   3.143,  -0.700,   3.043,  -0.500,   3.243
202604190806,   3.878,9999.000,9999.000,9999.000,9999.000,9999.000,9999.000,9999.000,9999.000
202604190812,   4.016,9999.000,9999.000,9999.000,9999.000,9999.000,9999.000,9999.000,9999.000
202604190818,   4.157,9999.000,9999.000,9999.000,9999.000,9999.000,9999.000,9999.000,9999.000
202604190824,   4.300,9999.000,9999.000,9999.000,9999.000,9999.000,9999.000,9999.000,9999.000
202604190830,   4.446,9999.000,9999.000,9999.000,9999.000,9999.000,9999.000,9999.000,9999.000
202604190836,   4.594,9999.000,9999.000,9999.000,9999.000,9999.000,9999.000,9999.000,9999.000
202604190842,   4.744,9999.000,9999.000,9999.000,9999.000,9999.000,9999.000,9999.000,9999.000
202604190848,   4.896,9999.000,9999.000,9999.000,9999.000,9999.000,9999.000,9999.000,9999.000
202604190854,   5.049,9999.000,9999.000,9999.000,9999.000,9999.000,9999.000,9999.000,9999.000
202604190900,   5.202,9999.000,  -0.600,9999.000,   4.602,  -0.700,   4.502,  -0.400,   4.802
202604190906,   5.357,9999.000,9999.000,9999.000,9999.000,9999.000,9999.000,9999.000,9999.000
202604190912,   5.512,9999.000,9999.000,9999.000,9999.000,9999.000,9999.000,9999.000,9999.000
202604190918,   5.667,9999.000,9999.000,9999.000,9999.000,9999.000,9999.000,9999.000,9999.000
202604190924,   5.822,9999.000,9999.000,9999.000,9999.000,9999.000,9999.000,9999.000,9999.000
202604190930,   5.977,9999.000,9999.000,9999.000,9999.000,9999.000,9999.000,9999.000,9999.000
202604190936,   6.131,9999.000,9999.000,9999.000,9999.000,9999.000,9999.000,9999.000,9999.000
202604190942,   6.284,9999.000,9999.000,9999.000,9999.000,9999.000,9999.000,9999.000,9999.000
202604190948,   6.436,9999.000,9999.000,9999.000,9999.000,9999.000,9999.000,9999.000,9999.000
202604190954,   6.587,9999.000,9999.000,9999.000,9999.000,9999.000,9999.000,9999.000,9999.000
202604191000,   6.735,9999.000,  -0.800,9999.000,   5.935,  -0.900,   5.835,  -0.700,   6.035
202604191006,   6.881,9999.000,9999.000,9999.000,9999.000,9999.000,9999.000,9999.000,9999.000
202604191012,   7.024,9999.000,9999.000,9999.000,9999.000,9999.000,9999.000,9999.000,9999.000
202604191018,   7.165,9999.000,9999.000,9999.000,9999.000,9999.000,9999.000,9999.000,9999.000
202604191024,   7.301,9999.000,9999.000,9999.000,9999.000,9999.000,9999.000,9999.000,9999.000
202604191030,   7.434,9999.000,9999.000,9999.000,9999.000,9999.000,9999.000,9999.000,9999.000
202604191036,   7.562,9999.000,9999.000,9999.000,9999.000,9999.000,9999.000,9999.000,9999.000
202604191042,   7.685,9999.000,9999.000,9999.000,9999.000,9999.000,9999.000,9999.000,9999.000
202604191048,   7.803,9999.000,9999.000,9999.000,9999.000,9999.000,9999.000,9999.000,9999.000
202604191054,   7.914,9999.000,9999.000,9999.000,9999.000,9999.000,9999.000,9999.000,9999.000
202604191100,   8.019,9999.000,  -0.900,9999.000,   7.119,  -1.000,   7.019,  -0.800,   7.219
202604191106,   8.117,9999.000,9999.000,9999.000,9999.000,9999.000,9999.000,9999.000,9999.000
202604191112,   8.208,9999.000,9999.000,9999.000,9999.000,9999.000,9999.000,9999.000,9999.000
202604191118,   8.290,9999.000,9999.000,9999.000,9999.000,9999.000,9999.000,9999.000,9999.000
202604191124,   8.364,9999.000,9999.000,9999.000,9999.000,9999.000,9999.000,9999.000,9999.000
202604191130,   8.428,9999.000,9999.000,9999.000,9999.000,9999.000,9999.000,9999.000,9999.000
202604191136,   8.483,9999.000,9999.000,9999.000,9999.000,9999.000,9999.000,9999.000,9999.000
202604191142,   8.528,9999.000,9999.000,9999.000,9999.000,9999.000,9999.000,9999.000,9999.000
202604191148,   8.562,9999.000,9999.000,9999.000,9999.000,9999.000,9999.000,9999.000,9999.000
202604191154,   8.586,9999.000,9999.000,9999.000,9999.000,9999.000,9999.000,9999.000,9999.000
202604191200,   8.599,9999.000,  -0.700,9999.000,   7.899,  -0.800,   7.799,  -0.600,   7.999
202604191206,   8.601,9999.000,9999.000,9999.000,9999.000,9999.000,9999.000,9999.000,9999.000
202604191212,   8.591,9999.000,9999.000,9999.000,9999.000,9999.000,9999.000,9999.000,9999.000
202604191218,   8.570,9999.000,9999.000,9999.000,9999.000,9999.000,9999.000,9999.000,9999.000
202604191224,   8.537,9999.000,9999.000,9999.000,9999.000,9999.000,9999.000,9999.000,9999.000
202604191230,   8.493,9999.000,9999.000,9999.000,9999.000,9999.000,9999.000,9999.000,9999.000
202604191236,   8.438,9999.000,9999.000,9999.000,9999.000,9999.000,9999.000,9999.000,9999.000
202604191242,   8.371,9999.000,9999.000,9999.000,9999.000,9999.000,9999.000,9999.000,9999.000
202604191248,   8.294,9999.000,9999.000,9999.000,9999.000,9999.000,9999.000,9999.000,9999.000
202604191254,   8.206,9999.000,9999.000,9999.000,9999.000,9999.000,9999.000,9999.000,9999.000
202604191300,   8.108,9999.000,  -0.800,9999.000,   7.308,  -0.800,   7.308,  -0.700,   7.408
202604191306,   8.000,9999.000,9999.000,9999.000,9999.000,9999.000,9999.000,9999.000,9999.000
202604191312,   7.883,9999.000,9999.000,9999.000,9999.000,9999.000,9999.000,9999.000,9999.000
202604191318,   7.757,9999.000,9999.000,9999.000,9999.000,9999.000,9999.000,9999.000,9999.000
202604191324,   7.623,9999.000,9999.000,9999.000,9999.000,9999.000,9999.000,9999.000,9999.000
202604191330,   7.481,9999.000,9999.000,9999.000,9999.000,9999.000,9999.000,9999.000,9999.000
202604191336,   7.331,9999.000,9999.000,9999.000,9999.000,9999.000,9999.000,9999.000,9999.000
202604191342,   7.175,9999.000,9999.000,9999.000,9999.000,9999.000,9999.000,9999.000,9999.000
202604191348,   7.012,9999.000,9999.000,9999.000,9999.000,9999.000,9999.000,9999.000,9999.000
202604191354,   6.844,9999.000,9999.000,9999.000,9999.000,9999.000,9999.000,9999.000,9999.000
202604191400,   6.669,9999.000,  -0.800,9999.000,   5.869,  -0.900,   5.769,  -0.700,   5.969
202604191406,   6.490,9999.000,9999.000,9999.000,9999.000,9999.000,9999.000,9999.000,9999.000
202604191412,   6.307,9999.000,9999.000,9999.000,9999.000,9999.000,9999.000,9999.000,9999.000
202604191418,   6.119,9999.000,9999.000,9999.000,9999.000,9999.000,9999.000,9999.000,9999.000
202604191424,   5.927,9999.000,9999.000,9999.000,9999.000,9999.000,9999.000,9999.000,9999.000
202604191430,   5.731,9999.000,9999.000,9999.000,9999.000,9999.000,9999.000,9999.000,9999.000
202604191436,   5.532,9999.000,9999.000,9999.000,9999.000,9999.000,9999.000,9999.000,9999.000
202604191442,   5.330,9999.000,9999.000,9999.000,9999.000,9999.000,9999.000,9999.000,9999.000
202604191448,   5.125,9999.000,9999.000,9999.000,9999.000,9999.000,9999.000,9999.000,9999.000
202604191454,   4.917,9999.000,9999.000,9999.000,9999.000,9999.000,9999.000,9999.000,9999.000
202604191500,   4.706,9999.000,  -0.800,9999.000,   3.906,  -0.900,   3.806,  -0.700,   4.006
202604191506,   4.493,9999.000,9999.000,9999.000,9999.000,9999.000,9999.000,9999.000,9999.000
202604191512,   4.277,9999.000,9999.000,9999.000,9999.000,9999.000,9999.000,9999.000,9999.000
202604191518,   4.059,9999.000,9999.000,9999.000,9999.000,9999.000,9999.000,9999.000,9999.000
202604191524,   3.840,9999.000,9999.000,9999.000,9999.000,9999.000,9999.000,9999.000,9999.000
202604191530,   3.618,9999.000,9999.000,9999.000,9999.000,9999.000,9999.000,9999.000,9999.000
202604191536,   3.394,9999.000,9999.000,9999.000,9999.000,9999.000,9999.000,9999.000,9999.000
202604191542,   3.169,9999.000,9999.000,9999.000,9999.000,9999.000,9999.000,9999.000,9999.000
202604191548,   2.943,9999.000,9999.000,9999.000,9999.000,9999.000,9999.000,9999.000,9999.000
202604191554,   2.716,9999.000,9999.000,9999.000,9999.000,9999.000,9999.000,9999.000,9999.000
202604191600,   2.489,9999.000,  -0.800,9999.000,   1.689,  -0.900,   1.589,  -0.700,   1.789
202604191606,   2.261,9999.000,9999.000,9999.000,9999.000,9999.000,9999.000,9999.000,9999.000
202604191612,   2.034,9999.000,9999.000,9999.000,9999.000,9999.000,9999.000,9999.000,9999.000
202604191618,   1.808,9999.000,9999.000,9999.000,9999.000,9999.000,9999.000,9999.000,9999.000
202604191624,   1.583,9999.000,9999.000,9999.000,9999.000,9999.000,9999.000,9999.000,9999.000
202604191630,   1.360,9999.000,9999.000,9999.000,9999.000,9999.000,9999.000,9999.000,9999.000
202604191636,   1.140,9999.000,9999.000,9999.000,9999.000,9999.000,9999.000,9999.000,9999.000
202604191642,   0.923,9999.000,9999.000,9999.000,9999.000,9999.000,9999.000,9999.000,9999.000
202604191648,   0.709,9999.000,9999.000,9999.000,9999.000,9999.000,9999.000,9999.000,9999.000
202604191654,   0.500,9999.000,9999.000,9999.000,9999.000,9999.000,9999.000,9999.000,9999.000
202604191700,   0.297,9999.000,  -0.900,9999.000,  -0.603,  -1.000,  -0.703,  -0.800,  -0.503
202604191706,   0.099,9999.000,9999.000,9999.000,9999.000,9999.000,9999.000,9999.000,9999.000
202604191712,  -0.092,9999.000,9999.000,9999.000,9999.000,9999.000,9999.000,9999.000,9999.000
202604191718,  -0.276,9999.000,9999.000,9999.000,9999.000,9999.000,9999.000,9999.000,9999.000
202604191724,  -0.453,9999.000,9999.000,9999.000,9999.000,9999.000,9999.000,9999.000,9999.000
202604191730,  -0.621,9999.000,9999.000,9999.000,9999.000,9999.000,9999.000,9999.000,9999.000
202604191736,  -0.781,9999.000,9999.000,9999.000,9999.000,9999.000,9999.000,9999.000,9999.000
202604191742,  -0.931,9999.000,9999.000,9999.000,9999.000,9999.000,9999.000,9999.000,9999.000
202604191748,  -1.072,9999.000,9999.000,9999.000,9999.000,9999.000,9999.000,9999.000,9999.000
202604191754,  -1.202,9999.000,9999.000,9999.000,9999.000,9999.000,9999.000,9999.000,9999.000
202604191800,  -1.322,9999.000,  -0.900,9999.000,  -2.222,  -0.900,  -2.222,  -0.700,  -2.022
202604191806,  -1.431,9999.000,9999.000,9999.000,9999.000,9999.000,9999.000,9999.000,9999.000
202604191812,  -1.530,9999.000,9999.000,9999.000,9999.000,9999.000,9999.000,9999.000,9999.000
202604191818,  -1.616,9999.000,9999.000,9999.000,9999.000,9999.000,9999.000,9999.000,9999.000
202604191824,  -1.692,9999.000,9999.000,9999.000,9999.000,9999.000,9999.000,9999.000,9999.000
202604191830,  -1.756,9999.000,9999.000,9999.000,9999.000,9999.000,9999.000,9999.000,9999.000
202604191836,  -1.809,9999.000,9999.000,9999.000,9999.000,9999.000,9999.000,9999.000,9999.000
202604191842,  -1.850,9999.000,9999.000,9999.000,9999.000,9999.000,9999.000,9999.000,9999.000
202604191848,  -1.880,9999.000,9999.000,9999.000,9999.000,9999.000,9999.000,9999.000,9999.000
202604191854,  -1.899,9999.000,9999.000,9999.000,9999.000,9999.000,9999.000,9999.000,9999.000
202604191900,  -1.907,9999.000,  -0.900,9999.000,  -2.807,  -1.000,  -2.907,  -0.700,  -2.607
202604191906,  -1.904,9999.000,9999.000,9999.000,9999.000,9999.000,9999.000,9999.000,9999.000
202604191912,  -1.890,9999.000,9999.000,9999.000,9999.000,9999.000,9999.000,9999.000,9999.000
202604191918,  -1.865,9999.000,9999.000,9999.000,9999.000,9999.000,9999.000,9999.000,9999.000
202604191924,  -1.830,9999.000,9999.000,9999.000,9999.000,9999.000,9999.000,9999.000,9999.000
202604191930,  -1.786,9999.000,9999.000,9999.000,9999.000,9999.000,9999.000,9999.000,9999.000
202604191936,  -1.732,9999.000,9999.000,9999.000,9999.000,9999.000,9999.000,9999.000,9999.000
202604191942,  -1.668,9999.000,9999.000,9999.000,9999.000,9999.000,9999.000,9999.000,9999.000
202604191948,  -1.596,9999.000,9999.000,9999.000,9999.000,9999.000,9999.000,9999.000,9999.000
202604191954,  -1.515,9999.000,9999.000,9999.000,9999.000,9999.000,9999.000,9999.000,9999.000
202604192000,  -1.425,9999.000,  -0.900,9999.000,  -2.325,  -1.000,  -2.425,  -0.800,  -2.225
202604192006,  -1.328,9999.000,9999.000,9999.000,9999.000,9999.000,9999.000,9999.000,9999.000
202604192012,  -1.223,9999.000,9999.000,9999.000,9999.000,9999.000,9999.000,9999.000,9999.000
202604192018,  -1.111,9999.000,9999.000,9999.000,9999.000,9999.000,9999.000,9999.000,9999.000
202604192024,  -0.992,9999.000,9999.000,9999.000,9999.000,9999.000,9999.000,9999.000,9999.000
202604192030,  -0.867,9999.000,9999.000,9999.000,9999.000,9999.000,9999.000,9999.000,9999.000
202604192036,  -0.735,9999.000,9999.000,9999.000,9999.000,9999.000,9999.000,9999.000,9999.000
202604192042,  -0.598,9999.000,9999.000,9999.000,9999.000,9999.000,9999.000,9999.000,9999.000
202604192048,  -0.455,9999.000,9999.000,9999.000,9999.000,9999.000,9999.000,9999.000,9999.000
202604192054,  -0.307,9999.000,9999.000,9999.000,9999.000,9999.000,9999.000,9999.000,9999.000
202604192100,  -0.155,9999.000,  -1.000,9999.000,  -1.155,  -1.000,  -1.155,  -0.900,  -1.055
202604192106,   0.002,9999.000,9999.000,9999.000,9999.000,9999.000,9999.000,9999.000,9999.000
202604192112,   0.163,9999.000,9999.000,9999.000,9999.000,9999.000,9999.000,9999.000,9999.000
202604192118,   0.328,9999.000,9999.000,9999.000,9999.000,9999.000,9999.000,9999.000,9999.000
202604192124,   0.497,9999.000,9999.000,9999.000,9999.000,9999.000,9999.000,9999.000,9999.000
202604192130,   0.669,9999.000,9999.000,9999.000,9999.000,9999.000,9999.000,9999.000,9999.000
202604192136,   0.844,9999.000,9999.000,9999.000,9999.000,9999.000,9999.000,9999.000,9999.000
202604192142,   1.022,9999.000,9999.000,9999.000,9999.000,9999.000,9999.000,9999.000,9999.000
202604192148,   1.202,9999.000,9999.000,9999.000,9999.000,9999.000,9999.000,9999.000,9999.000
202604192154,   1.384,9999.000,9999.000,9999.000,9999.000,9999.000,9999.000,9999.000,9999.000
202604192200,   1.569,9999.000,  -1.000,9999.000,   0.569,  -1.100,   0.469,  -0.800,   0.769
202604192206,   1.755,9999.000,9999.000,9999.000,9999.000,9999.000,9999.000,9999.000,9999.000
202604192212,   1.942,9999.000,9999.000,9999.000,9999.000,9999.000,9999.000,9999.000,9999.000
202604192218,   2.131,9999.000,9999.000,9999.000,9999.000,9999.000,9999.000,9999.000,9999.000
202604192224,   2.320,9999.000,9999.000,9999.000,9999.000,9999.000,9999.000,9999.000,9999.000
202604192230,   2.510,9999.000,9999.000,9999.000,9999.000,9999.000,9999.000,9999.000,9999.000
202604192236,   2.699,9999.000,9999.000,9999.000,9999.000,9999.000,9999.000,9999.000,9999.000
202604192242,   2.889,9999.000,9999.000,9999.000,9999.000,9999.000,9999.000,9999.000,9999.000
202604192248,   3.078,9999.000,9999.000,9999.000,9999.000,9999.000,9999.000,9999.000,9999.000
202604192254,   3.265,9999.000,9999.000,9999.000,9999.000,9999.000,9999.000,9999.000,9999.000
202604192300,   3.452,9999.000,  -1.000,9999.000,   2.452,  -1.100,   2.352,  -0.900,   2.552
202604192306,   3.636,9999.000,9999.000,9999.000,9999.000,9999.000,9999.000,9999.000,9999.000
202604192312,   3.817,9999.000,9999.000,9999.000,9999.000,9999.000,9999.000,9999.000,9999.000
202604192318,   3.996,9999.000,9999.000,9999.000,9999.000,9999.000,9999.000,9999.000,9999.000
202604192324,   4.171,9999.000,9999.000,9999.000,9999.000,9999.000,9999.000,9999.000,9999.000
202604192330,   4.342,9999.000,9999.000,9999.000,9999.000,9999.000,9999.000,9999.000,9999.000
202604192336,   4.508,9999.000,9999.000,9999.000,9999.000,9999.000,9999.000,9999.000,9999.000
202604192342,   4.670,9999.000,9999.000,9999.000,9999.000,9999.000,9999.000,9999.000,9999.000
202604192348,   4.825,9999.000,9999.000,9999.000,9999.000,9999.000,9999.000,9999.000,9999.000
202604192354,   4.974,9999.000,9999.000,9999.000,9999.000,9999.000,9999.000,9999.000,9999.000
202604200000,   5.117,9999.000,  -1.000,9999.000,   4.117,  -1.100,   4.017,  -0.900,   4.217
202604200006,   5.252,9999.000,9999.000,9999.000,9999.000,9999.000,9999.000,9999.000,9999.000
202604200012,   5.379,9999.000,9999.000,9999.000,9999.000,9999.000,9999.000,9999.000,9999.000
202604200018,   5.498,9999.000,9999.000,9999.000,9999.000,9999.000,9999.000,9999.000,9999.000
202604200024,   5.609,9999.000,9999.000,9999.000,9999.000,9999.000,9999.000,9999.000,9999.000
202604200030,   5.711,9999.000,9999.000,9999.000,9999.000,9999.000,9999.000,9999.000,9999.000
202604200036,   5.803,9999.000,9999.000,9999.000,9999.000,9999.000,9999.000,9999.000,9999.000
202604200042,   5.887,9999.000,9999.000,9999.000,9999.000,9999.000,9999.000,9999.000,9999.000
202604200048,   5.960,9999.000,9999.000,9999.000,9999.000,9999.000,9999.000,9999.000,9999.000
202604200054,   6.025,9999.000,9999.000,9999.000,9999.000,9999.000,9999.000,9999.000,9999.000
202604200100,   6.079,9999.000,  -1.100,9999.000,   4.979,  -1.100,   4.979,  -1.000,   5.079
202604200106,   6.125,9999.000,9999.000,9999.000,9999.000,9999.000,9999.000,9999.000,9999.000
202604200112,   6.161,9999.000,9999.000,9999.000,9999.000,9999.000,9999.000,9999.000,9999.000
202604200118,   6.187,9999.000,9999.000,9999.000,9999.000,9999.000,9999.000,9999.000,9999.000
202604200124,   6.205,9999.000,9999.000,9999.000,9999.000,9999.000,9999.000,9999.000,9999.000
202604200130,   6.215,9999.000,9999.000,9999.000,9999.000,9999.000,9999.000,9999.000,9999.000
202604200136,   6.216,9999.000,9999.000,9999.000,9999.000,9999.000,9999.000,9999.000,9999.000
202604200142,   6.209,9999.000,9999.000,9999.000,9999.000,9999.000,9999.000,9999.000,9999.000
202604200148,   6.195,9999.000,9999.000,9999.000,9999.000,9999.000,9999.000,9999.000,9999.000
202604200154,   6.174,9999.000,9999.000,9999.000,9999.000,9999.000,9999.000,9999.000,9999.000
202604200200,   6.146,9999.000,  -1.100,9999.000,   5.046,  -1.100,   5.046,  -1.000,   5.146
202604200206,   6.112,9999.000,9999.000,9999.000,9999.000,9999.000,9999.000,9999.000,9999.000
202604200212,   6.073,9999.000,9999.000,9999.000,9999.000,9999.000,9999.000,9999.000,9999.000
202604200218,   6.029,9999.000,9999.000,9999.000,9999.000,9999.000,9999.000,9999.000,9999.000
202604200224,   5.979,9999.000,9999.000,9999.000,9999.000,9999.000,9999.000,9999.000,9999.000
202604200230,   5.926,9999.000,9999.000,9999.000,9999.000,9999.000,9999.000,9999.000,9999.000
202604200236,   5.868,9999.000,9999.000,9999.000,9999.000,9999.000,9999.000,9999.000,9999.000
202604200242,   5.807,9999.000,9999.000,9999.000,9999.000,9999.000,9999.000,9999.000,9999.000
202604200248,   5.742,9999.000,9999.000,9999.000,9999.000,9999.000,9999.000,9999.000,9999.000
202604200254,   5.675,9999.000,9999.000,9999.000,9999.000,9999.000,9999.000,9999.000,9999.000
202604200300,   5.604,9999.000,  -1.000,9999.000,   4.604,  -1.100,   4.504,  -0.900,   4.704
202604200306,   5.531,9999.000,9999.000,9999.000,9999.000,9999.000,9999.000,9999.000,9999.000
202604200312,   5.455,9999.000,9999.000,9999.000,9999.000,9999.000,9999.000,9999.000,9999.000
202604200318,   5.376,9999.000,9999.000,9999.000,9999.000,9999.000,9999.000,9999.000,9999.000
202604200324,   5.296,9999.000,9999.000,9999.000,9999.000,9999.000,9999.000,9999.000,9999.000
202604200330,   5.213,9999.000,9999.000,9999.000,9999.000,9999.000,9999.000,9999.000,9999.000
202604200336,   5.127,9999.000,9999.000,9999.000,9999.000,9999.000,9999.000,9999.000,9999.000
202604200342,   5.040,9999.000,9999.000,9999.000,9999.000,9999.000,9999.000,9999.000,9999.000
202604200348,   4.951,9999.000,9999.000,9999.000,9999.000,9999.000,9999.000,9999.000,9999.000
202604200354,   4.859,9999.000,9999.000,9999.000,9999.000,9999.000,9999.000,9999.000,9999.000
202604200400,   4.766,9999.000,  -1.000,9999.000,   3.766,  -1.100,   3.666,  -0.800,   3.966
202604200406,   4.671,9999.000,9999.000,9999.000,9999.000,9999.000,9999.000,9999.000,9999.000
202604200412,   4.574,9999.000,9999.000,9999.000,9999.000,9999.000,9999.000,9999.000,9999.000
202604200418,   4.476,9999.000,9999.000,9999.000,9999.000,9999.000,9999.000,9999.000,9999.000
202604200424,   4.377,9999.000,9999.000,9999.000,9999.000,9999.000,9999.000,9999.000,9999.000
202604200430,   4.276,9999.000,9999.000,9999.000,9999.000,9999.000,9999.000,9999.000,9999.000
202604200436,   4.175,9999.000,9999.000,9999.000,9999.000,9999.000,9999.000,9999.000,9999.000
202604200442,   4.074,9999.000,9999.000,9999.000,9999.000,9999.000,9999.000,9999.000,9999.000
202604200448,   3.972,9999.000,9999.000,9999.000,9999.000,9999.000,9999.000,9999.000,9999.000
202604200454,   3.871,9999.000,9999.000,9999.000,9999.000,9999.000,9999.000,9999.000,9999.000
202604200500,   3.771,9999.000,  -1.000,9999.000,   2.771,  -1.100,   2.671,  -0.900,   2.871
202604200506,   3.673,9999.000,9999.000,9999.000,9999.000,9999.000,9999.000,9999.000,9999.000
202604200512,   3.576,9999.000,9999.000,9999.000,9999.000,9999.000,9999.000,9999.000,9999.000
202604200518,   3.481,9999.000,9999.000,9999.000,9999.000,9999.000,9999.000,9999.000,9999.000
202604200524,   3.390,9999.000,9999.000,9999.000,9999.000,9999.000,9999.000,9999.000,9999.000
202604200530,   3.302,9999.000,9999.000,9999.000,9999.000,9999.000,9999.000,9999.000,9999.000
202604200536,   3.217,9999.000,9999.000,9999.000,9999.000,9999.000,9999.000,9999.000,9999.000
202604200542,   3.138,9999.000,9999.000,9999.000,9999.000,9999.000,9999.000,9999.000,9999.000
202604200548,   3.063,9999.000,9999.000,9999.000,9999.000,9999.000,9999.000,9999.000,9999.000
202604200554,   2.995,9999.000,9999.000,9999.000,9999.000,9999.000,9999.000,9999.000,9999.000
202604200600,   2.932,9999.000,  -1.000,9999.000,   1.932,  -1.000,   1.932,  -0.900,   2.032
202604200606,   2.876,9999.000,9999.000,9999.000,9999.000,9999.000,9999.000,9999.000,9999.000
202604200612,   2.826,9999.000,9999.000,9999.000,9999.000,9999.000,9999.000,9999.000,9999.000
202604200618,   2.784,9999.000,9999.000,9999.000,9999.000,9999.000,9999.000,9999.000,9999.000
202604200624,   2.749,9999.000,9999.000,9999.000,9999.000,9999.000,9999.000,9999.000,9999.000
202604200630,   2.723,9999.000,9999.000,9999.000,9999.000,9999.000,9999.000,9999.000,9999.000
202604200636,   2.704,9999.000,9999.000,9999.000,9999.000,9999.000,9999.000,9999.000,9999.000
202604200642,   2.694,9999.000,9999.000,9999.000,9999.000,9999.000,9999.000,9999.000,9999.000
202604200648,   2.692,9999.000,9999.000,9999.000,9999.000,9999.000,9999.000,9999.000,9999.000
202604200654,   2.698,9999.000,9999.000,9999.000,9999.000,9999.000,9999.000,9999.000,9999.000
202604200700,   2.713,9999.000,  -0.900,9999.000,   1.813,  -1.000,   1.713,  -0.800,   1.913
202604200706,   2.737,9999.000,9999.000,9999.000,9999.000,9999.000,9999.000,9999.000,9999.000
202604200712,   2.768,9999.000,9999.000,9999.000,9999.000,9999.000,9999.000,9999.000,9999.000
202604200718,   2.808,9999.000,9999.000,9999.000,9999.000,9999.000,9999.000,9999.000,9999.000
202604200724,   2.856,9999.000,9999.000,9999.000,9999.000,9999.000,9999.000,9999.000,9999.000
202604200730,   2.912,9999.000,9999.000,9999.000,9999.000,9999.000,9999.000,9999.000,9999.000
202604200736,   2.976,9999.000,9999.000,9999.000,9999.000,9999.000,9999.000,9999.000,9999.000
202604200742,   3.047,9999.000,9999.000,9999.000,9999.000,9999.000,9999.000,9999.000,9999.000
202604200748,   3.125,9999.000,9999.000,9999.000,9999.000,9999.000,9999.000,9999.000,9999.000
202604200754,   3.210,9999.000,9999.000,9999.000,9999.000,9999.000,9999.000,9999.000,9999.000
202604200800,   3.301,9999.000,  -0.900,9999.000,   2.401,  -0.900,   2.401,  -0.800,   2.501
202604200806,   3.398,9999.000,9999.000,9999.000,9999.000,9999.000,9999.000,9999.000,9999.000
202604200812,   3.501,9999.000,9999.000,9999.000,9999.000,9999.000,9999.000,9999.000,9999.000
202604200818,   3.609,9999.000,9999.000,9999.000,9999.000,9999.000,9999.000,9999.000,9999.000
202604200824,   3.722,9999.000,9999.000,9999.000,9999.000,9999.000,9999.000,9999.000,9999.000
202604200830,   3.839,9999.000,9999.000,9999.000,9999.000,9999.000,9999.000,9999.000,9999.000
202604200836,   3.960,9999.000,9999.000,9999.000,9999.000,9999.000,9999.000,9999.000,9999.000
202604200842,   4.085,9999.000,9999.000,9999.000,9999.000,9999.000,9999.000,9999.000,9999.000
202604200848,   4.214,9999.000,9999.000,9999.000,9999.000,9999.000,9999.000,9999.000,9999.000
202604200854,   4.344,9999.000,9999.000,9999.000,9999.000,9999.000,9999.000,9999.000,9999.000
202604200900,   4.478,9999.000,  -1.000,9999.000,   3.478,  -1.100,   3.378,  -0.900,   3.578
202604200906,   4.613,9999.000,9999.000,9999.000,9999.000,9999.000,9999.000,9999.000,9999.000
202604200912,   4.750,9999.000,9999.000,9999.000,9999.000,9999.000,9999.000,9999.000,9999.000
202604200918,   4.888,9999.000,9999.000,9999.000,9999.000,9999.000,9999.000,9999.000,9999.000
202604200924,   5.028,9999.000,9999.000,9999.000,9999.000,9999.000,9999.000,9999.000,9999.000
202604200930,   5.167,9999.000,9999.000,9999.000,9999.000,9999.000,9999.000,9999.000,9999.000
202604200936,   5.308,9999.000,9999.000,9999.000,9999.000,9999.000,9999.000,9999.000,9999.000
202604200942,   5.448,9999.000,9999.000,9999.000,9999.000,9999.000,9999.000,9999.000,9999.000
202604200948,   5.588,9999.000,9999.000,9999.000,9999.000,9999.000,9999.000,9999.000,9999.000
202604200954,   5.728,9999.000,9999.000,9999.000,9999.000,9999.000,9999.000,9999.000,9999.000
202604201000,   5.866,9999.000,  -1.200,9999.000,   4.666,  -1.300,   4.566,  -1.100,   4.766
202604201006,   6.005,9999.000,9999.000,9999.000,9999.000,9999.000,9999.000,9999.000,9999.000
202604201012,   6.142,9999.000,9999.000,9999.000,9999.000,9999.000,9999.000,9999.000,9999.000
202604201018,   6.277,9999.000,9999.000,9999.000,9999.000,9999.000,9999.000,9999.000,9999.000
202604201024,   6.412,9999.000,9999.000,9999.000,9999.000,9999.000,9999.000,9999.000,9999.000
202604201030,   6.544,9999.000,9999.000,9999.000,9999.000,9999.000,9999.000,9999.000,9999.000
202604201036,   6.675,9999.000,9999.000,9999.000,9999.000,9999.000,9999.000,9999.000,9999.000
202604201042,   6.804,9999.000,9999.000,9999.000,9999.000,9999.000,9999.000,9999.000,9999.000
202604201048,   6.931,9999.000,9999.000,9999.000,9999.000,9999.000,9999.000,9999.000,9999.000
202604201054,   7.055,9999.000,9999.000,9999.000,9999.000,9999.000,9999.000,9999.000,9999.000
202604201100,   7.176,9999.000,  -1.200,9999.000,   5.976,  -1.300,   5.876,  -1.100,   6.076
202604201106,   7.295,9999.000,9999.000,9999.000,9999.000,9999.000,9999.000,9999.000,9999.000
202604201112,   7.410,9999.000,9999.000,9999.000,9999.000,9999.000,9999.000,9999.000,9999.000
202604201118,   7.522,9999.000,9999.000,9999.000,9999.000,9999.000,9999.000,9999.000,9999.000
202604201124,   7.630,9999.000,9999.000,9999.000,9999.000,9999.000,9999.000,9999.000,9999.000
202604201130,   7.734,9999.000,9999.000,9999.000,9999.000,9999.000,9999.000,9999.000,9999.000
202604201136,   7.833,9999.000,9999.000,9999.000,9999.000,9999.000,9999.000,9999.000,9999.000
202604201142,   7.927,9999.000,9999.000,9999.000,9999.000,9999.000,9999.000,9999.000,9999.000
202604201148,   8.015,9999.000,9999.000,9999.000,9999.000,9999.000,9999.000,9999.000,9999.000
202604201154,   8.097,9999.000,9999.000,9999.000,9999.000,9999.000,9999.000,9999.000,9999.000
202604201200,   8.173,9999.000,  -1.000,9999.000,   7.173,  -1.100,   7.073,  -1.000,   7.173
202604201206,   8.241,9999.000,9999.000,9999.000,9999.000,9999.000,9999.000,9999.000,9999.000
202604201212,   8.303,9999.000,9999.000,9999.000,9999.000,9999.000,9999.000,9999.000,9999.000
202604201218,   8.356,9999.000,9999.000,9999.000,9999.000,9999.000,9999.000,9999.000,9999.000
202604201224,   8.400,9999.000,9999.000,9999.000,9999.000,9999.000,9999.000,9999.000,9999.000
202604201230,   8.435,9999.000,9999.000,9999.000,9999.000,9999.000,9999.000,9999.000,9999.000
202604201236,   8.461,9999.000,9999.000,9999.000,9999.000,9999.000,9999.000,9999.000,9999.000
202604201242,   8.477,9999.000,9999.000,9999.000,9999.000,9999.000,9999.000,9999.000,9999.000
202604201248,   8.483,9999.000,9999.000,9999.000,9999.000,9999.000,9999.000,9999.000,9999.000
202604201254,   8.478,9999.000,9999.000,9999.000,9999.000,9999.000,9999.000,9999.000,9999.000
202604201300,   8.463,9999.000,  -1.000,9999.000,   7.463,  -1.100,   7.363,  -1.000,   7.463
202604201306,   8.436,9999.000,9999.000,9999.000,9999.000,9999.000,9999.000,9999.000,9999.000
202604201312,   8.399,9999.000,9999.000,9999.000,9999.000,9999.000,9999.000,9999.000,9999.000
202604201318,   8.350,9999.000,9999.000,9999.000,9999.000,9999.000,9999.000,9999.000,9999.000
202604201324,   8.290,9999.000,9999.000,9999.000,9999.000,9999.000,9999.000,9999.000,9999.000
202604201330,   8.219,9999.000,9999.000,9999.000,9999.000,9999.000,9999.000,9999.000,9999.000
202604201336,   8.138,9999.000,9999.000,9999.000,9999.000,9999.000,9999.000,9999.000,9999.000
202604201342,   8.046,9999.000,9999.000,9999.000,9999.000,9999.000,9999.000,9999.000,9999.000
202604201348,   7.943,9999.000,9999.000,9999.000,9999.000,9999.000,9999.000,9999.000,9999.000
202604201354,   7.831,9999.000,9999.000,9999.000,9999.000,9999.000,9999.000,9999.000,9999.000
202604201400,   7.710,9999.000,  -1.100,9999.000,   6.610,  -1.100,   6.610,  -1.000,   6.710
202604201406,   7.579,9999.000,9999.000,9999.000,9999.000,9999.000,9999.000,9999.000,9999.000
202604201412,   7.440,9999.000,9999.000,9999.000,9999.000,9999.000,9999.000,9999.000,9999.000
202604201418,   7.294,9999.000,9999.000,9999.000,9999.000,9999.000,9999.000,9999.000,9999.000
202604201424,   7.140,9999.000,9999.000,9999.000,9999.000,9999.000,9999.000,9999.000,9999.000
202604201430,   6.980,9999.000,9999.000,9999.000,9999.000,9999.000,9999.000,9999.000,9999.000
202604201436,   6.813,9999.000,9999.000,9999.000,9999.000,9999.000,9999.000,9999.000,9999.000
202604201442,   6.641,9999.000,9999.000,9999.000,9999.000,9999.000,9999.000,9999.000,9999.000
202604201448,   6.464,9999.000,9999.000,9999.000,9999.000,9999.000,9999.000,9999.000,9999.000
202604201454,   6.283,9999.000,9999.000,9999.000,9999.000,9999.000,9999.000,9999.000,9999.000
202604201500,   6.097,9999.000,  -1.100,9999.000,   4.997,  -1.200,   4.897,  -1.000,   5.097
202604201506,   5.909,9999.000,9999.000,9999.000,9999.000,9999.000,9999.000,9999.000,9999.000
202604201512,   5.717,9999.000,9999.000,9999.000,9999.000,9999.000,9999.000,9999.000,9999.000
202604201518,   5.522,9999.000,9999.000,9999.000,9999.000,9999.000,9999.000,9999.000,9999.000
202604201524,   5.326,9999.000,9999.000,9999.000,9999.000,9999.000,9999.000,9999.000,9999.000
202604201530,   5.127,9999.000,9999.000,9999.000,9999.000,9999.000,9999.000,9999.000,9999.000
202604201536,   4.926,9999.000,9999.000,9999.000,9999.000,9999.000,9999.000,9999.000,9999.000
202604201542,   4.724,9999.000,9999.000,9999.000,9999.000,9999.000,9999.000,9999.000,9999.000
202604201548,   4.520,9999.000,9999.000,9999.000,9999.000,9999.000,9999.000,9999.000,9999.000
202604201554,   4.315,9999.000,9999.000,9999.000,9999.000,9999.000,9999.000,9999.000,9999.000
202604201600,   4.109,9999.000,  -1.000,9999.000,   3.109,  -1.100,   3.009,  -1.000,   3.109
202604201606,   3.902,9999.000,9999.000,9999.000,9999.000,9999.000,9999.000,9999.000,9999.000
202604201612,   3.693,9999.000,9999.000,9999.000,9999.000,9999.000,9999.000,9999.000,9999.000
202604201618,   3.484,9999.000,9999.000,9999.000,9999.000,9999.000,9999.000,9999.000,9999.000
202604201624,   3.274,9999.000,9999.000,9999.000,9999.000,9999.000,9999.000,9999.000,9999.000
202604201630,   3.064,9999.000,9999.000,9999.000,9999.000,9999.000,9999.000,9999.000,9999.000
202604201636,   2.853,9999.000,9999.000,9999.000,9999.000,9999.000,9999.000,9999.000,9999.000
202604201642,   2.641,9999.000,9999.000,9999.000,9999.000,9999.000,9999.000,9999.000,9999.000
202604201648,   2.430,9999.000,9999.000,9999.000,9999.000,9999.000,9999.000,9999.000,9999.000
202604201654,   2.219,9999.000,9999.000,9999.000,9999.000,9999.000,9999.000,9999.000,9999.000
202604201700,   2.008,9999.000,  -1.000,9999.000,   1.008,  -1.100,   0.908,  -0.900,   1.108
202604201706,   1.798,9999.000,9999.000,9999.000,9999.000,9999.000,9999.000,9999.000,9999.000
202604201712,   1.589,9999.000,9999.000,9999.000,9999.000,9999.000,9999.000,9999.000,9999.000
202604201718,   1.382,9999.000,9999.000,9999.000,9999.000,9999.000,9999.000,9999.000,9999.000
202604201724,   1.176,9999.000,9999.000,9999.000,9999.000,9999.000,9999.000,9999.000,9999.000
202604201730,   0.974,9999.000,9999.000,9999.000,9999.000,9999.000,9999.000,9999.000,9999.000
202604201736,   0.774,9999.000,9999.000,9999.000,9999.000,9999.000,9999.000,9999.000,9999.000
202604201742,   0.578,9999.000,9999.000,9999.000,9999.000,9999.000,9999.000,9999.000,9999.000
202604201748,   0.387,9999.000,9999.000,9999.000,9999.000,9999.000,9999.000,9999.000,9999.000
202604201754,   0.200,9999.000,9999.000,9999.000,9999.000,9999.000,9999.000,9999.000,9999.000
202604201800,   0.018,9999.000,  -1.000,9999.000,  -0.982,  -1.100,  -1.082,  -1.000,  -0.982
202604201806,  -0.156,9999.000,9999.000,9999.000,9999.000,9999.000,9999.000,9999.000,9999.000
202604201812,  -0.325,9999.000,9999.000,9999.000,9999.000,9999.000,9999.000,9999.000,9999.000
202604201818,  -0.487,9999.000,9999.000,9999.000,9999.000,9999.000,9999.000,9999.000,9999.000
202604201824,  -0.641,9999.000,9999.000,9999.000,9999.000,9999.000,9999.000,9999.000,9999.000
202604201830,  -0.786,9999.000,9999.000,9999.000,9999.000,9999.000,9999.000,9999.000,9999.000
202604201836,  -0.923,9999.000,9999.000,9999.000,9999.000,9999.000,9999.000,9999.000,9999.000
202604201842,  -1.050,9999.000,9999.000,9999.000,9999.000,9999.000,9999.000,9999.000,9999.000
202604201848,  -1.168,9999.000,9999.000,9999.000,9999.000,9999.000,9999.000,9999.000,9999.000
202604201854,  -1.276,9999.000,9999.000,9999.000,9999.000,9999.000,9999.000,9999.000,9999.000
202604201900,  -1.373,9999.000,  -1.100,9999.000,  -2.473,  -1.100,  -2.473,  -1.000,  -2.373
202604201906,  -1.460,9999.000,9999.000,9999.000,9999.000,9999.000,9999.000,9999.000,9999.000
202604201912,  -1.536,9999.000,9999.000,9999.000,9999.000,9999.000,9999.000,9999.000,9999.000
202604201918,  -1.601,9999.000,9999.000,9999.000,9999.000,9999.000,9999.000,9999.000,9999.000
202604201924,  -1.655,9999.000,9999.000,9999.000,9999.000,9999.000,9999.000,9999.000,9999.000
202604201930,  -1.698,9999.000,9999.000,9999.000,9999.000,9999.000,9999.000,9999.000,9999.000
202604201936,  -1.730,9999.000,9999.000,9999.000,9999.000,9999.000,9999.000,9999.000,9999.000
202604201942,  -1.750,9999.000,9999.000,9999.000,9999.000,9999.000,9999.000,9999.000,9999.000
202604201948,  -1.760,9999.000,9999.000,9999.000,9999.000,9999.000,9999.000,9999.000,9999.000
202604201954,  -1.759,9999.000,9999.000,9999.000,9999.000,9999.000,9999.000,9999.000,9999.000
202604202000,  -1.748,9999.000,  -1.000,9999.000,  -2.748,  -1.100,  -2.848,  -1.000,  -2.748
202604202006,  -1.726,9999.000,9999.000,9999.000,9999.000,9999.000,9999.000,9999.000,9999.000
202604202012,  -1.695,9999.000,9999.000,9999.000,9999.000,9999.000,9999.000,9999.000,9999.000
202604202018,  -1.653,9999.000,9999.000,9999.000,9999.000,9999.000,9999.000,9999.000,9999.000
202604202024,  -1.603,9999.000,9999.000,9999.000,9999.000,9999.000,9999.000,9999.000,9999.000
202604202030,  -1.543,9999.000,9999.000,9999.000,9999.000,9999.000,9999.000,9999.000,9999.000
202604202036,  -1.476,9999.000,9999.000,9999.000,9999.000,9999.000,9999.000,9999.000,9999.000
202604202042,  -1.399,9999.000,9999.000,9999.000,9999.000,9999.000,9999.000,9999.000,9999.000
202604202048,  -1.316,9999.000,9999.000,9999.000,9999.000,9999.000,9999.000,9999.000,9999.000
202604202054,  -1.225,9999.000,9999.000,9999.000,9999.000,9999.000,9999.000,9999.000,9999.000
202604202100,  -1.127,9999.000,  -1.000,9999.000,  -2.127,  -1.100,  -2.227,  -1.000,  -2.127
202604202106,  -1.023,9999.000,9999.000,9999.000,9999.000,9999.000,9999.000,9999.000,9999.000
202604202112,  -0.912,9999.000,9999.000,9999.000,9999.000,9999.000,9999.000,9999.000,9999.000
202604202118,  -0.796,9999.000,9999.000,9999.000,9999.000,9999.000,9999.000,9999.000,9999.000
202604202124,  -0.676,9999.000,9999.000,9999.000,9999.000,9999.000,9999.000,9999.000,9999.000
202604202130,  -0.550,9999.000,9999.000,9999.000,9999.000,9999.000,9999.000,9999.000,9999.000
202604202136,  -0.420,9999.000,9999.000,9999.000,9999.000,9999.000,9999.000,9999.000,9999.000
202604202142,  -0.285,9999.000,9999.000,9999.000,9999.000,9999.000,9999.000,9999.000,9999.000
202604202148,  -0.147,9999.000,9999.000,9999.000,9999.000,9999.000,9999.000,9999.000,9999.000
202604202154,  -0.006,9999.000,9999.000,9999.000,9999.000,9999.000,9999.000,9999.000,9999.000
202604202200,   0.138,9999.000,  -1.100,9999.000,  -0.962,  -1.100,  -0.962,  -1.000,  -0.862
202604202206,   0.286,9999.000,9999.000,9999.000,9999.000,9999.000,9999.000,9999.000,9999.000
202604202212,   0.437,9999.000,9999.000,9999.000,9999.000,9999.000,9999.000,9999.000,9999.000
202604202218,   0.590,9999.000,9999.000,9999.000,9999.000,9999.000,9999.000,9999.000,9999.000
202604202224,   0.745,9999.000,9999.000,9999.000,9999.000,9999.000,9999.000,9999.000,9999.000
202604202230,   0.903,9999.000,9999.000,9999.000,9999.000,9999.000,9999.000,9999.000,9999.000
202604202236,   1.063,9999.000,9999.000,9999.000,9999.000,9999.000,9999.000,9999.000,9999.000
202604202242,   1.225,9999.000,9999.000,9999.000,9999.000,9999.000,9999.000,9999.000,9999.000
202604202248,   1.389,9999.000,9999.000,9999.000,9999.000,9999.000,9999.000,9999.000,9999.000
202604202254,   1.554,9999.000,9999.000,9999.000,9999.000,9999.000,9999.000,9999.000,9999.000
202604202300,   1.721,9999.000,  -1.100,9999.000,   0.621,  -1.100,   0.621,  -1.100,   0.621
202604202306,   1.890,9999.000,9999.000,9999.000,9999.000,9999.000,9999.000,9999.000,9999.000
202604202312,   2.060,9999.000,9999.000,9999.000,9999.000,9999.000,9999.000,9999.000,9999.000
202604202318,   2.230,9999.000,9999.000,9999.000,9999.000,9999.000,9999.000,9999.000,9999.000
202604202324,   2.402,9999.000,9999.000,9999.000,9999.000,9999.000,9999.000,9999.000,9999.000
202604202330,   2.574,9999.000,9999.000,9999.000,9999.000,9999.000,9999.000,9999.000,9999.000
202604202336,   2.747,9999.000,9999.000,9999.000,9999.000,9999.000,9999.000,9999.000,9999.000
202604202342,   2.919,9999.000,9999.000,9999.000,9999.000,9999.000,9999.000,9999.000,9999.000
202604202348,   3.091,9999.000,9999.000,9999.000,9999.000,9999.000,9999.000,9999.000,9999.000
202604202354,   3.263,9999.000,9999.000,9999.000,9999.000,9999.000,9999.000,9999.000,9999.000
202604210000,   3.433,9999.000,  -1.100,9999.000,   2.333,  -1.100,   2.333,  -1.000,   2.433
202604210006,   3.601,9999.000,9999.000,9999.000,9999.000,9999.000,9999.000,9999.000,9999.000
202604210012,   3.767,9999.000,9999.000,9999.000,9999.000,9999.000,9999.000,9999.000,9999.000
202604210018,   3.931,9999.000,9999.000,9999.000,9999.000,9999.000,9999.000,9999.000,9999.000
202604210024,   4.091,9999.000,9999.000,9999.000,9999.000,9999.000,9999.000,9999.000,9999.000
202604210030,   4.247,9999.000,9999.000,9999.000,9999.000,9999.000,9999.000,9999.000,9999.000
202604210036,   4.398,9999.000,9999.000,9999.000,9999.000,9999.000,9999.000,9999.000,9999.000
202604210042,   4.545,9999.000,9999.000,9999.000,9999.000,9999.000,9999.000,9999.000,9999.000
202604210048,   4.685,9999.000,9999.000,9999.000,9999.000,9999.000,9999.000,9999.000,9999.000
202604210054,   4.819,9999.000,9999.000,9999.000,9999.000,9999.000,9999.000,9999.000,9999.000
202604210100,   4.947,9999.000,  -1.000,9999.000,   3.947,  -1.100,   3.847,  -1.000,   3.947
202604210106,   5.067,9999.000,9999.000,9999.000,9999.000,9999.000,9999.000,9999.000,9999.000
202604210112,   5.179,9999.000,9999.000,9999.000,9999.000,9999.000,9999.000,9999.000,9999.000
202604210118,   5.283,9999.000,9999.000,9999.000,9999.000,9999.000,9999.000,9999.000,9999.000
202604210124,   5.378,9999.000,9999.000,9999.000,9999.000,9999.000,9999.000,9999.000,9999.000
202604210130,   5.465,9999.000,9999.000,9999.000,9999.000,9999.000,9999.000,9999.000,9999.000
202604210136,   5.542,9999.000,9999.000,9999.000,9999.000,9999.000,9999.000,9999.000,9999.000
202604210142,   5.610,9999.000,9999.000,9999.000,9999.000,9999.000,9999.000,9999.000,9999.000
202604210148,   5.669,9999.000,9999.000,9999.000,9999.000,9999.000,9999.000,9999.000,9999.000
202604210154,   5.718,9999.000,9999.000,9999.000,9999.000,9999.000,9999.000,9999.000,9999.000
202604210200,   5.759,9999.000,  -1.100,9999.000,   4.659,  -1.100,   4.659,  -1.000,   4.759
202604210206,   5.790,9999.000,9999.000,9999.000,9999.000,9999.000,9999.000,9999.000,9999.000
202604210212,   5.813,9999.000,9999.000,9999.000,9999.000,9999.000,9999.000,9999.000,9999.000
202604210218,   5.828,9999.000,9999.000,9999.000,9999.000,9999.000,9999.000,9999.000,9999.000
202604210224,   5.835,9999.000,9999.000,9999.000,9999.000,9999.000,9999.000,9999.000,9999.000
202604210230,   5.834,9999.000,9999.000,9999.000,9999.000,9999.000,9999.000,9999.000,9999.000
202604210236,   5.826,9999.000,9999.000,9999.000,9999.000,9999.000,9999.000,9999.000,9999.000
202604210242,   5.812,9999.000,9999.000,9999.000,9999.000,9999.000,9999.000,9999.000,9999.000
202604210248,   5.791,9999.000,9999.000,9999.000,9999.000,9999.000,9999.000,9999.000,9999.000
202604210254,   5.766,9999.000,9999.000,9999.000,9999.000,9999.000,9999.000,9999.000,9999.000
202604210300,   5.735,9999.000,  -1.000,9999.000,   4.735,  -1.100,   4.635,  -1.000,   4.735
202604210306,   5.700,9999.000,9999.000,9999.000,9999.000,9999.000,9999.000,9999.000,9999.000
202604210312,   5.661,9999.000,9999.000,9999.000,9999.000,9999.000,9999.000,9999.000,9999.000
202604210318,   5.619,9999.000,9999.000,9999.000,9999.000,9999.000,9999.000,9999.000,9999.000
202604210324,   5.574,9999.000,9999.000,9999.000,9999.000,9999.000,9999.000,9999.000,9999.000
202604210330,   5.527,9999.000,9999.000,9999.000,9999.000,9999.000,9999.000,9999.000,9999.000
202604210336,   5.477,9999.000,9999.000,9999.000,9999.000,9999.000,9999.000,9999.000,9999.000
202604210342,   5.425,9999.000,9999.000,9999.000,9999.000,9999.000,9999.000,9999.000,9999.000
202604210348,   5.371,9999.000,9999.000,9999.000,9999.000,9999.000,9999.000,9999.000,9999.000
202604210354,   5.316,9999.000,9999.000,9999.000,9999.000,9999.000,9999.000,9999.000,9999.000
202604210400,   5.260,9999.000,  -1.000,9999.000,   4.260,  -1.000,   4.260,  -0.900,   4.360
202604210406,   5.202,9999.000,9999.000,9999.000,9999.000,9999.000,9999.000,9999.000,9999.000
202604210412,   5.143,9999.000,9999.000,9999.000,9999.000,9999.000,9999.000,9999.000,9999.000
202604210418,   5.083,9999.000,9999.000,9999.000,9999.000,9999.000,9999.000,9999.000,9999.000
202604210424,   5.021,9999.000,9999.000,9999.000,9999.000,9999.000,9999.000,9999.000,9999.000
202604210430,   4.958,9999.000,9999.000,9999.000,9999.000,9999.000,9999.000,9999.000,9999.000
202604210436,   4.894,9999.000,9999.000,9999.000,9999.000,9999.000,9999.000,9999.000,9999.000
202604210442,   4.828,9999.000,9999.000,9999.000,9999.000,9999.000,9999.000,9999.000,9999.000
202604210448,   4.761,9999.000,9999.000,9999.000,9999.000,9999.000,9999.000,9999.000,9999.000
202604210454,   4.692,9999.000,9999.000,9999.000,9999.000,9999.000,9999.000,9999.000,9999.000
202604210500,   4.621,9999.000,  -1.000,9999.000,   3.621,  -1.000,   3.621,  -0.900,   3.721
202604210506,   4.549,9999.000,9999.000,9999.000,9999.000,9999.000,9999.000,9999.000,9999.000
202604210512,   4.476,9999.000,9999.000,9999.000,9999.000,9999.000,9999.000,9999.000,9999.000
202604210518,   4.401,9999.000,9999.000,9999.000,9999.000,9999.000,9999.000,9999.000,9999.000
202604210524,   4.324,9999.000,9999.000,9999.000,9999.000,9999.000,9999.000,9999.000,9999.000
202604210530,   4.247,9999.000,9999.000,9999.000,9999.000,9999.000,9999.000,9999.000,9999.000
202604210536,   4.169,9999.000,9999.000,9999.000,9999.000,9999.000,9999.000,9999.000,9999.000
202604210542,   4.090,9999.000,9999.000,9999.000,9999.000,9999.000,9999.000,9999.000,9999.000
202604210548,   4.011,9999.000,9999.000,9999.000,9999.000,9999.000,9999.000,9999.000,9999.000
202604210554,   3.933,9999.000,9999.000,9999.000,9999.000,9999.000,9999.000,9999.000,9999.000
202604210600,   3.855,9999.000,  -1.000,9999.000,   2.855,  -1.000,   2.855,  -1.000,   2.855
202604210606,   3.778,9999.000,9999.000,9999.000,9999.000,9999.000,9999.000,9999.000,9999.000
202604210612,   3.703,9999.000,9999.000,9999.000,9999.000,9999.000,9999.000,9999.000,9999.000
202604210618,   3.630,9999.000,9999.000,9999.000,9999.000,9999.000,9999.000,9999.000,9999.000
202604210624,   3.560,9999.000,9999.000,9999.000,9999.000,9999.000,9999.000,9999.000,9999.000
202604210630,   3.493,9999.000,9999.000,9999.000,9999.000,9999.000,9999.000,9999.000,9999.000
202604210636,   3.430,9999.000,9999.000,9999.000,9999.000,9999.000,9999.000,9999.000,9999.000
202604210642,   3.371,9999.000,9999.000,9999.000,9999.000,9999.000,9999.000,9999.000,9999.000
202604210648,   3.317,9999.000,9999.000,9999.000,9999.000,9999.000,9999.000,9999.000,9999.000
202604210654,   3.268,9999.000,9999.000,9999.000,9999.000,9999.000,9999.000,9999.000,9999.000
202604210700,   3.226,9999.000,  -1.000,9999.000,   2.226,  -1.000,   2.226,  -0.900,   2.326
202604210706,   3.189,9999.000,9999.000,9999.000,9999.000,9999.000,9999.000,9999.000,9999.000
202604210712,   3.160,9999.000,9999.000,9999.000,9999.000,9999.000,9999.000,9999.000,9999.000
202604210718,   3.137,9999.000,9999.000,9999.000,9999.000,9999.000,9999.000,9999.000,9999.000
202604210724,   3.122,9999.000,9999.000,9999.000,9999.000,9999.000,9999.000,9999.000,9999.000
202604210730,   3.114,9999.000,9999.000,9999.000,9999.000,9999.000,9999.000,9999.000,9999.000
202604210736,   3.114,9999.000,9999.000,9999.000,9999.000,9999.000,9999.000,9999.000,9999.000
202604210742,   3.122,9999.000,9999.000,9999.000,9999.000,9999.000,9999.000,9999.000,9999.000
202604210748,   3.138,9999.000,9999.000,9999.000,9999.000,9999.000,9999.000,9999.000,9999.000
202604210754,   3.161,9999.000,9999.000,9999.000,9999.000,9999.000,9999.000,9999.000,9999.000
202604210800,   3.193,9999.000,  -0.900,9999.000,   2.293,  -1.000,   2.193,  -0.900,   2.293
202604210806,   3.232,9999.000,9999.000,9999.000,9999.000,9999.000,9999.000,9999.000,9999.000
202604210812,   3.279,9999.000,9999.000,9999.000,9999.000,9999.000,9999.000,9999.000,9999.000
202604210818,   3.332,9999.000,9999.000,9999.000,9999.000,9999.000,9999.000,9999.000,9999.000
202604210824,   3.393,9999.000,9999.000,9999.000,9999.000,9999.000,9999.000,9999.000,9999.000
202604210830,   3.461,9999.000,9999.000,9999.000,9999.000,9999.000,9999.000,9999.000,9999.000
202604210836,   3.534,9999.000,9999.000,9999.000,9999.000,9999.000,9999.000,9999.000,9999.000
202604210842,   3.614,9999.000,9999.000,9999.000,9999.000,9999.000,9999.000,9999.000,9999.000
202604210848,   3.699,9999.000,9999.000,9999.000,9999.000,9999.000,9999.000,9999.000,9999.000
202604210854,   3.790,9999.000,9999.000,9999.000,9999.000,9999.000,9999.000,9999.000,9999.000
202604210900,   3.884,9999.000,  -0.900,9999.000,   2.984,  -1.000,   2.884,  -0.900,   2.984
202604210906,   3.984,9999.000,9999.000,9999.000,9999.000,9999.000,9999.000,9999.000,9999.000
202604210912,   4.086,9999.000,9999.000,9999.000,9999.000,9999.000,9999.000,9999.000,9999.000
202604210918,   4.193,9999.000,9999.000,9999.000,9999.000,9999.000,9999.000,9999.000,9999.000
202604210924,   4.302,9999.000,9999.000,9999.000,9999.000,9999.000,9999.000,9999.000,9999.000
202604210930,   4.413,9999.000,9999.000,9999.000,9999.000,9999.000,9999.000,9999.000,9999.000
202604210936,   4.526,9999.000,9999.000,9999.000,9999.000,9999.000,9999.000,9999.000,9999.000
202604210942,   4.641,9999.000,9999.000,9999.000,9999.000,9999.000,9999.000,9999.000,9999.000
202604210948,   4.757,9999.000,9999.000,9999.000,9999.000,9999.000,9999.000,9999.000,9999.000
202604210954,   4.874,9999.000,9999.000,9999.000,9999.000,9999.000,9999.000,9999.000,9999.000
202604211000,   4.991,9999.000,  -0.900,9999.000,   4.091,  -0.900,   4.091,  -0.900,   4.091
202604211006,   5.109,9999.000,9999.000,9999.000,9999.000,9999.000,9999.000,9999.000,9999.000
202604211012,   5.226,9999.000,9999.000,9999.000,9999.000,9999.000,9999.000,9999.000,9999.000
202604211018,   5.344,9999.000,9999.000,9999.000,9999.000,9999.000,9999.000,9999.000,9999.000
202604211024,   5.461,9999.000,9999.000,9999.000,9999.000,9999.000,9999.000,9999.000,9999.000
202604211030,   5.577,9999.000,9999.000,9999.000,9999.000,9999.000,9999.000,9999.000,9999.000
202604211036,   5.693,9999.000,9999.000,9999.000,9999.000,9999.000,9999.000,9999.000,9999.000
202604211042,   5.807,9999.000,9999.000,9999.000,9999.000,9999.000,9999.000,9999.000,9999.000
202604211048,   5.921,9999.000,9999.000,9999.000,9999.000,9999.000,9999.000,9999.000,9999.000
202604211054,   6.034,9999.000,9999.000,9999.000,9999.000,9999.000,9999.000,9999.000,9999.000
202604211100,   6.146,9999.000,  -0.900,9999.000,   5.246,  -0.900,   5.246,  -0.800,   5.346
202604211106,   6.257,9999.000,9999.000,9999.000,9999.000,9999.000,9999.000,9999.000,9999.000
202604211112,   6.366,9999.000,9999.000,9999.000,9999.000,9999.000,9999.000,9999.000,9999.000
202604211118,   6.475,9999.000,9999.000,9999.000,9999.000,9999.000,9999.000,9999.000,9999.000
202604211124,   6.582,9999.000,9999.000,9999.000,9999.000,9999.000,9999.000,9999.000,9999.000
202604211130,   6.688,9999.000,9999.000,9999.000,9999.000,9999.000,9999.000,9999.000,9999.000
202604211136,   6.793,9999.000,9999.000,9999.000,9999.000,9999.000,9999.000,9999.000,9999.000
202604211142,   6.896,9999.000,9999.000,9999.000,9999.000,9999.000,9999.000,9999.000,9999.000
202604211148,   6.998,9999.000,9999.000,9999.000,9999.000,9999.000,9999.000,9999.000,9999.000
202604211154,   7.097,9999.000,9999.000,9999.000,9999.000,9999.000,9999.000,9999.000,9999.000
202604211200,   7.195,9999.000,  -0.800,9999.000,   6.395,  -0.900,   6.295,  -0.800,   6.395
202604211206,   7.291,9999.000,9999.000,9999.000,9999.000,9999.000,9999.000,9999.000,9999.000
202604211212,   7.383,9999.000,9999.000,9999.000,9999.000,9999.000,9999.000,9999.000,9999.000
202604211218,   7.473,9999.000,9999.000,9999.000,9999.000,9999.000,9999.000,9999.000,9999.000
202604211224,   7.559,9999.000,9999.000,9999.000,9999.000,9999.000,9999.000,9999.000,9999.000
202604211230,   7.642,9999.000,9999.000,9999.000,9999.000,9999.000,9999.000,9999.000,9999.000
202604211236,   7.720,9999.000,9999.000,9999.000,9999.000,9999.000,9999.000,9999.000,9999.000
202604211242,   7.793,9999.000,9999.000,9999.000,9999.000,9999.000,9999.000,9999.000,9999.000
202604211248,   7.860,9999.000,9999.000,9999.000,9999.000,9999.000,9999.000,9999.000,9999.000
202604211254,   7.922,9999.000,9999.000,9999.000,9999.000,9999.000,9999.000,9999.000,9999.000
202604211300,   7.977,9999.000,  -0.800,9999.000,   7.177,  -0.800,   7.177,  -0.800,   7.177
202604211306,   8.025,9999.000,9999.000,9999.000,9999.000,9999.000,9999.000,9999.000,9999.000
202604211312,   8.065,9999.000,9999.000,9999.000,9999.000,9999.000,9999.000,9999.000,9999.000
202604211318,   8.097,9999.000,9999.000,9999.000,9999.000,9999.000,9999.000,9999.000,9999.000
202604211324,   8.120,9999.000,9999.000,9999.000,9999.000,9999.000,9999.000,9999.000,9999.000
202604211330,   8.134,9999.000,9999.000,9999.000,9999.000,9999.000,9999.000,9999.000,9999.000
202604211336,   8.138,9999.000,9999.000,9999.000,9999.000,9999.000,9999.000,9999.000,9999.000
202604211342,   8.132,9999.000,9999.000,9999.000,9999.000,9999.000,9999.000,9999.000,9999.000
202604211348,   8.116,9999.000,9999.000,9999.000,9999.000,9999.000,9999.000,9999.000,9999.000
202604211354,   8.090,9999.000,9999.000,9999.000,9999.000,9999.000,9999.000,9999.000,9999.000
202604211400,   8.053,9999.000,  -0.800,9999.000,   7.253,  -0.800,   7.253,  -0.700,   7.353
202604211406,   8.005,9999.000,9999.000,9999.000,9999.000,9999.000,9999.000,9999.000,9999.000
202604211412,   7.947,9999.000,9999.000,9999.000,9999.000,9999.000,9999.000,9999.000,9999.000
202604211418,   7.878,9999.000,9999.000,9999.000,9999.000,9999.000,9999.000,9999.000,9999.000
202604211424,   7.798,9999.000,9999.000,9999.000,9999.000,9999.000,9999.000,9999.000,9999.000
202604211430,   7.709,9999.000,9999.000,9999.000,9999.000,9999.000,9999.000,9999.000,9999.000
202604211436,   7.611,9999.000,9999.000,9999.000,9999.000,9999.000,9999.000,9999.000,9999.000
202604211442,   7.503,9999.000,9999.000,9999.000,9999.000,9999.000,9999.000,9999.000,9999.000
202604211448,   7.386,9999.000,9999.000,9999.000,9999.000,9999.000,9999.000,9999.000,9999.000
202604211454,   7.262,9999.000,9999.000,9999.000,9999.000,9999.000,9999.000,9999.000,9999.000
202604211500,   7.130,9999.000,  -0.700,9999.000,   6.430,  -0.800,   6.330,  -0.700,   6.430
202604211506,   6.991,9999.000,9999.000,9999.000,9999.000,9999.000,9999.000,9999.000,9999.000
202604211512,   6.846,9999.000,9999.000,9999.000,9999.000,9999.000,9999.000,9999.000,9999.000
202604211518,   6.695,9999.000,9999.000,9999.000,9999.000,9999.000,9999.000,9999.000,9999.000
202604211524,   6.539,9999.000,9999.000,9999.000,9999.000,9999.000,9999.000,9999.000,9999.000
202604211530,   6.379,9999.000,9999.000,9999.000,9999.000,9999.000,9999.000,9999.000,9999.000
202604211536,   6.216,9999.000,9999.000,9999.000,9999.000,9999.000,9999.000,9999.000,9999.000
202604211542,   6.049,9999.000,9999.000,9999.000,9999.000,9999.000,9999.000,9999.000,9999.000
202604211548,   5.879,9999.000,9999.000,9999.000,9999.000,9999.000,9999.000,9999.000,9999.000
202604211554,   5.707,9999.000,9999.000,9999.000,9999.000,9999.000,9999.000,9999.000,9999.000
202604211600,   5.534,9999.000,  -0.700,9999.000,   4.834,  -0.800,   4.734,  -0.700,   4.834
202604211606,   5.359,9999.000,9999.000,9999.000,9999.000,9999.000,9999.000,9999.000,9999.000
202604211612,   5.183,9999.000,9999.000,9999.000,9999.000,9999.000,9999.000,9999.000,9999.000
202604211618,   5.005,9999.000,9999.000,9999.000,9999.000,9999.000,9999.000,9999.000,9999.000
202604211624,   4.827,9999.000,9999.000,9999.000,9999.000,9999.000,9999.000,9999.000,9999.000
202604211630,   4.649,9999.000,9999.000,9999.000,9999.000,9999.000,9999.000,9999.000,9999.000
202604211636,   4.469,9999.000,9999.000,9999.000,9999.000,9999.000,9999.000,9999.000,9999.000
202604211642,   4.289,9999.000,9999.000,9999.000,9999.000,9999.000,9999.000,9999.000,9999.000
202604211648,   4.108,9999.000,9999.000,9999.000,9999.000,9999.000,9999.000,9999.000,9999.000
202604211654,   3.927,9999.000,9999.000,9999.000,9999.000,9999.000,9999.000,9999.000,9999.000
202604211700,   3.745,9999.000,  -0.700,9999.000,   3.045,  -0.700,   3.045,  -0.600,   3.145
202604211706,   3.561,9999.000,9999.000,9999.000,9999.000,9999.000,9999.000,9999.000,9999.000
202604211712,   3.378,9999.000,9999.000,9999.000,9999.000,9999.000,9999.000,9999.000,9999.000
202604211718,   3.193,9999.000,9999.000,9999.000,9999.000,9999.000,9999.000,9999.000,9999.000
202604211724,   3.007,9999.000,9999.000,9999.000,9999.000,9999.000,9999.000,9999.000,9999.000
202604211730,   2.820,9999.000,9999.000,9999.000,9999.000,9999.000,9999.000,9999.000,9999.000
202604211736,   2.633,9999.000,9999.000,9999.000,9999.000,9999.000,9999.000,9999.000,9999.000
202604211742,   2.445,9999.000,9999.000,9999.000,9999.000,9999.000,9999.000,9999.000,9999.000
202604211748,   2.257,9999.000,9999.000,9999.000,9999.000,9999.000,9999.000,9999.000,9999.000
202604211754,   2.068,9999.000,9999.000,9999.000,9999.000,9999.000,9999.000,9999.000,9999.000
202604211800,   1.879,9999.000,  -0.700,9999.000,   1.179,  -0.700,   1.179,  -0.600,   1.279
202604211806,   1.691,9999.000,9999.000,9999.000,9999.000,9999.000,9999.000,9999.000,9999.000
202604211812,   1.504,9999.000,9999.000,9999.000,9999.000,9999.000,9999.000,9999.000,9999.000
202604211818,   1.318,9999.000,9999.000,9999.000,9999.000,9999.000,9999.000,9999.000,9999.000
202604211824,   1.134,9999.000,9999.000,9999.000,9999.000,9999.000,9999.000,9999.000,9999.000
202604211830,   0.952,9999.000,9999.000,9999.000,9999.000,9999.000,9999.000,9999.000,9999.000
202604211836,   0.773,9999.000,9999.000,9999.000,9999.000,9999.000,9999.000,9999.000,9999.000
202604211842,   0.598,9999.000,9999.000,9999.000,9999.000,9999.000,9999.000,9999.000,9999.000
202604211848,   0.427,9999.000,9999.000,9999.000,9999.000,9999.000,9999.000,9999.000,9999.000
202604211854,   0.261,9999.000,9999.000,9999.000,9999.000,9999.000,9999.000,9999.000,9999.000
202604211900,   0.100,9999.000,  -0.700,9999.000,  -0.600,  -0.700,  -0.600,  -0.600,  -0.500
202604211906,  -0.054,9999.000,9999.000,9999.000,9999.000,9999.000,9999.000,9999.000,9999.000
202604211912,  -0.201,9999.000,9999.000,9999.000,9999.000,9999.000,9999.000,9999.000,9999.000
202604211918,  -0.342,9999.000,9999.000,9999.000,9999.000,9999.000,9999.000,9999.000,9999.000
202604211924,  -0.474,9999.000,9999.000,9999.000,9999.000,9999.000,9999.000,9999.000,9999.000
202604211930,  -0.598,9999.000,9999.000,9999.000,9999.000,9999.000,9999.000,9999.000,9999.000
202604211936,  -0.713,9999.000,9999.000,9999.000,9999.000,9999.000,9999.000,9999.000,9999.000
202604211942,  -0.819,9999.000,9999.000,9999.000,9999.000,9999.000,9999.000,9999.000,9999.000
202604211948,  -0.916,9999.000,9999.000,9999.000,9999.000,9999.000,9999.000,9999.000,9999.000
202604211954,  -1.002,9999.000,9999.000,9999.000,9999.000,9999.000,9999.000,9999.000,9999.000
202604212000,  -1.078,9999.000,  -0.600,9999.000,  -1.678,  -0.700,  -1.778,  -0.600,  -1.678
202604212006,  -1.144,9999.000,9999.000,9999.000,9999.000,9999.000,9999.000,9999.000,9999.000
202604212012,  -1.200,9999.000,9999.000,9999.000,9999.000,9999.000,9999.000,9999.000,9999.000
202604212018,  -1.245,9999.000,9999.000,9999.000,9999.000,9999.000,9999.000,9999.000,9999.000
202604212024,  -1.281,9999.000,9999.000,9999.000,9999.000,9999.000,9999.000,9999.000,9999.000
202604212030,  -1.306,9999.000,9999.000,9999.000,9999.000,9999.000,9999.000,9999.000,9999.000
202604212036,  -1.321,9999.000,9999.000,9999.000,9999.000,9999.000,9999.000,9999.000,9999.000
202604212042,  -1.326,9999.000,9999.000,9999.000,9999.000,9999.000,9999.000,9999.000,9999.000
202604212048,  -1.322,9999.000,9999.000,9999.000,9999.000,9999.000,9999.000,9999.000,9999.000
202604212054,  -1.308,9999.000,9999.000,9999.000,9999.000,9999.000,9999.000,9999.000,9999.000
202604212100,  -1.286,9999.000,  -0.600,9999.000,  -1.886,  -0.600,  -1.886,  -0.500,  -1.786
202604212106,  -1.255,9999.000,9999.000,9999.000,9999.000,9999.000,9999.000,9999.000,9999.000
202604212112,  -1.216,9999.000,9999.000,9999.000,9999.000,9999.000,9999.000,9999.000,9999.000
202604212118,  -1.170,9999.000,9999.000,9999.000,9999.000,9999.000,9999.000,9999.000,9999.000
202604212124,  -1.116,9999.000,9999.000,9999.000,9999.000,9999.000,9999.000,9999.000,9999.000
202604212130,  -1.055,9999.000,9999.000,9999.000,9999.000,9999.000,9999.000,9999.000,9999.000
202604212136,  -0.988,9999.000,9999.000,9999.000,9999.000,9999.000,9999.000,9999.000,9999.000
202604212142,  -0.915,9999.000,9999.000,9999.000,9999.000,9999.000,9999.000,9999.000,9999.000
202604212148,  -0.837,9999.000,9999.000,9999.000,9999.000,9999.000,9999.000,9999.000,9999.000
202604212154,  -0.753,9999.000,9999.000,9999.000,9999.000,9999.000,9999.000,9999.000,9999.000
202604212200,  -0.665,9999.000,  -0.500,9999.000,  -1.165,  -0.600,  -1.265,  -0.500,  -1.165
202604212206,  -0.572,9999.000,9999.000,9999.000,9999.000,9999.000,9999.000,9999.000,9999.000
202604212212,  -0.475,9999.000,9999.000,9999.000,9999.000,9999.000,9999.000,9999.000,9999.000
202604212218,  -0.374,9999.000,9999.000,9999.000,9999.000,9999.000,9999.000,9999.000,9999.000
202604212224,  -0.270,9999.000,9999.000,9999.000,9999.000,9999.000,9999.000,9999.000,9999.000
202604212230,  -0.162,9999.000,9999.000,9999.000,9999.000,9999.000,9999.000,9999.000,9999.000
202604212236,  -0.051,9999.000,9999.000,9999.000,9999.000,9999.000,9999.000,9999.000,9999.000
202604212242,   0.063,9999.000,9999.000,9999.000,9999.000,9999.000,9999.000,9999.000,9999.000
202604212248,   0.180,9999.000,9999.000,9999.000,9999.000,9999.000,9999.000,9999.000,9999.000
202604212254,   0.300,9999.000,9999.000,9999.000,9999.000,9999.000,9999.000,9999.000,9999.000
202604212300,   0.422,9999.000,  -0.500,9999.000,  -0.078,  -0.600,  -0.178,  -0.500,  -0.078
202604212306,   0.548,9999.000,9999.000,9999.000,9999.000,9999.000,9999.000,9999.000,9999.000
202604212312,   0.676,9999.000,9999.000,9999.000,9999.000,9999.000,9999.000,9999.000,9999.000
202604212318,   0.807,9999.000,9999.000,9999.000,9999.000,9999.000,9999.000,9999.000,9999.000
202604212324,   0.940,9999.000,9999.000,9999.000,9999.000,9999.000,9999.000,9999.000,9999.000
202604212330,   1.076,9999.000,9999.000,9999.000,9999.000,9999.000,9999.000,9999.000,9999.000
202604212336,   1.215,9999.000,9999.000,9999.000,9999.000,9999.000,9999.000,9999.000,9999.000
202604212342,   1.356,9999.000,9999.000,9999.000,9999.000,9999.000,9999.000,9999.000,9999.000
202604212348,   1.500,9999.000,9999.000,9999.000,9999.000,9999.000,9999.000,9999.000,9999.000
202604212354,   1.647,9999.000,9999.000,9999.000,9999.000,9999.000,9999.000,9999.000,9999.000
202604220000,   1.795,9999.000,  -0.300,9999.000,   1.495,  -0.400,   1.395,  -0.300,   1.495
202604220006,   1.946,9999.000,9999.000,9999.000,9999.000,9999.000,9999.000,9999.000,9999.000
202604220012,   2.099,9999.000,9999.000,9999.000,9999.000,9999.000,9999.000,9999.000,9999.000
202604220018,   2.254,9999.000,9999.000,9999.000,9999.000,9999.000,9999.000,9999.000,9999.000
202604220024,   2.410,9999.000,9999.000,9999.000,9999.000,9999.000,9999.000,9999.000,9999.000
202604220030,   2.567,9999.000,9999.000,9999.000,9999.000,9999.000,9999.000,9999.000,9999.000
202604220036,   2.726,9999.000,9999.000,9999.000,9999.000,9999.000,9999.000,9999.000,9999.000
202604220042,   2.884,9999.000,9999.000,9999.000,9999.000,9999.000,9999.000,9999.000,9999.000
202604220048,   3.042,9999.000,9999.000,9999.000,9999.000,9999.000,9999.000,9999.000,9999.000
202604220054,   3.200,9999.000,9999.000,9999.000,9999.000,9999.000,9999.000,9999.000,9999.000
202604220100,   3.357,9999.000,  -0.300,9999.000,   3.057,  -0.300,   3.057,  -0.200,   3.157
202604220106,   3.511,9999.000,9999.000,9999.000,9999.000,9999.000,9999.000,9999.000,9999.000
202604220112,   3.663,9999.000,9999.000,9999.000,9999.000,9999.000,9999.000,9999.000,9999.000
202604220118,   3.813,9999.000,9999.000,9999.000,9999.000,9999.000,9999.000,9999.000,9999.000
202604220124,   3.958,9999.000,9999.000,9999.000,9999.000,9999.000,9999.000,9999.000,9999.000
202604220130,   4.099,9999.000,9999.000,9999.000,9999.000,9999.000,9999.000,9999.000,9999.000
202604220136,   4.235,9999.000,9999.000,9999.000,9999.000,9999.000,9999.000,9999.000,9999.000
202604220142,   4.365,9999.000,9999.000,9999.000,9999.000,9999.000,9999.000,9999.000,9999.000
202604220148,   4.490,9999.000,9999.000,9999.000,9999.000,9999.000,9999.000,9999.000,9999.000
202604220154,   4.607,9999.000,9999.000,9999.000,9999.000,9999.000,9999.000,9999.000,9999.000
202604220200,   4.718,9999.000,  -0.200,9999.000,   4.518,  -0.300,   4.418,  -0.100,   4.618
202604220206,   4.820,9999.000,9999.000,9999.000,9999.000,9999.000,9999.000,9999.000,9999.000
202604220212,   4.915,9999.000,9999.000,9999.000,9999.000,9999.000,9999.000,9999.000,9999.000
202604220218,   5.002,9999.000,9999.000,9999.000,9999.000,9999.000,9999.000,9999.000,9999.000
202604220224,   5.080,9999.000,9999.000,9999.000,9999.000,9999.000,9999.000,9999.000,9999.000
202604220230,   5.150,9999.000,9999.000,9999.000,9999.000,9999.000,9999.000,9999.000,9999.000
202604220236,   5.212,9999.000,9999.000,9999.000,9999.000,9999.000,9999.000,9999.000,9999.000
202604220242,   5.265,9999.000,9999.000,9999.000,9999.000,9999.000,9999.000,9999.000,9999.000
202604220248,   5.310,9999.000,9999.000,9999.000,9999.000,9999.000,9999.000,9999.000,9999.000
202604220254,   5.347,9999.000,9999.000,9999.000,9999.000,9999.000,9999.000,9999.000,9999.000
202604220300,   5.376,9999.000,  -0.200,9999.000,   5.176,  -0.200,   5.176,  -0.100,   5.276
202604220306,   5.399,9999.000,9999.000,9999.000,9999.000,9999.000,9999.000,9999.000,9999.000
202604220312,   5.414,9999.000,9999.000,9999.000,9999.000,9999.000,9999.000,9999.000,9999.000
202604220318,   5.423,9999.000,9999.000,9999.000,9999.000,9999.000,9999.000,9999.000,9999.000
202604220324,   5.427,9999.000,9999.000,9999.000,9999.000,9999.000,9999.000,9999.000,9999.000
202604220330,   5.425,9999.000,9999.000,9999.000,9999.000,9999.000,9999.000,9999.000,9999.000
202604220336,   5.418,9999.000,9999.000,9999.000,9999.000,9999.000,9999.000,9999.000,9999.000
202604220342,   5.408,9999.000,9999.000,9999.000,9999.000,9999.000,9999.000,9999.000,9999.000
202604220348,   5.394,9999.000,9999.000,9999.000,9999.000,9999.000,9999.000,9999.000,9999.000
202604220354,   5.376,9999.000,9999.000,9999.000,9999.000,9999.000,9999.000,9999.000,9999.000
202604220400,   5.356,9999.000,  -0.200,9999.000,   5.156,  -0.300,   5.056,   0.000,   5.356
202604220406,   5.334,9999.000,9999.000,9999.000,9999.000,9999.000,9999.000,9999.000,9999.000
202604220412,   5.311,9999.000,9999.000,9999.000,9999.000,9999.000,9999.000,9999.000,9999.000
202604220418,   5.285,9999.000,9999.000,9999.000,9999.000,9999.000,9999.000,9999.000,9999.000
202604220424,   5.259,9999.000,9999.000,9999.000,9999.000,9999.000,9999.000,9999.000,9999.000
202604220430,   5.231,9999.000,9999.000,9999.000,9999.000,9999.000,9999.000,9999.000,9999.000
202604220436,   5.203,9999.000,9999.000,9999.000,9999.000,9999.000,9999.000,9999.000,9999.000
202604220442,   5.173,9999.000,9999.000,9999.000,9999.000,9999.000,9999.000,9999.000,9999.000
202604220448,   5.143,9999.000,9999.000,9999.000,9999.000,9999.000,9999.000,9999.000,9999.000
202604220454,   5.112,9999.000,9999.000,9999.000,9999.000,9999.000,9999.000,9999.000,9999.000
202604220500,   5.080,9999.000,  -0.100,9999.000,   4.980,  -0.300,   4.780,   0.000,   5.080
202604220506,   5.047,9999.000,9999.000,9999.000,9999.000,9999.000,9999.000,9999.000,9999.000
202604220512,   5.012,9999.000,9999.000,9999.000,9999.000,9999.000,9999.000,9999.000,9999.000
202604220518,   4.976,9999.000,9999.000,9999.000,9999.000,9999.000,9999.000,9999.000,9999.000
202604220524,   4.938,9999.000,9999.000,9999.000,9999.000,9999.000,9999.000,9999.000,9999.000
202604220530,   4.898,9999.000,9999.000,9999.000,9999.000,9999.000,9999.000,9999.000,9999.000
202604220536,   4.857,9999.000,9999.000,9999.000,9999.000,9999.000,9999.000,9999.000,9999.000
202604220542,   4.812,9999.000,9999.000,9999.000,9999.000,9999.000,9999.000,9999.000,9999.000
202604220548,   4.766,9999.000,9999.000,9999.000,9999.000,9999.000,9999.000,9999.000,9999.000
202604220554,   4.717,9999.000,9999.000,9999.000,9999.000,9999.000,9999.000,9999.000,9999.000
202604220600,   4.666,9999.000,   0.000,9999.000,   4.666,  -0.100,   4.566,   0.000,   4.666
202604220606,   4.612,9999.000,9999.000,9999.000,9999.000,9999.000,9999.000,9999.000,9999.000
202604220612,   4.556,9999.000,9999.000,9999.000,9999.000,9999.000,9999.000,9999.000,9999.000
202604220618,   4.497,9999.000,9999.000,9999.000,9999.000,9999.000,9999.000,9999.000,9999.000
202604220624,   4.437,9999.000,9999.000,9999.000,9999.000,9999.000,9999.000,9999.000,9999.000
202604220630,   4.375,9999.000,9999.000,9999.000,9999.000,9999.000,9999.000,9999.000,9999.000
202604220636,   4.311,9999.000,9999.000,9999.000,9999.000,9999.000,9999.000,9999.000,9999.000
202604220642,   4.247,9999.000,9999.000,9999.000,9999.000,9999.000,9999.000,9999.000,9999.000
202604220648,   4.182,9999.000,9999.000,9999.000,9999.000,9999.000,9999.000,9999.000,9999.000
202604220654,   4.117,9999.000,9999.000,9999.000,9999.000,9999.000,9999.000,9999.000,9999.000
202604220700,   4.052,9999.000,   0.000,9999.000,   4.052,  -0.100,   3.952,   0.100,   4.152
202604220706,   3.990,9999.000,9999.000,9999.000,9999.000,9999.000,9999.000,9999.000,9999.000
202604220712,   3.927,9999.000,9999.000,9999.000,9999.000,9999.000,9999.000,9999.000,9999.000
202604220718,   3.867,9999.000,9999.000,9999.000,9999.000,9999.000,9999.000,9999.000,9999.000
202604220724,   3.811,9999.000,9999.000,9999.000,9999.000,9999.000,9999.000,9999.000,9999.000
202604220730,   3.757,9999.000,9999.000,9999.000,9999.000,9999.000,9999.000,9999.000,9999.000
202604220736,   3.708,9999.000,9999.000,9999.000,9999.000,9999.000,9999.000,9999.000,9999.000
202604220742,   3.663,9999.000,9999.000,9999.000,9999.000,9999.000,9999.000,9999.000,9999.000
202604220748,   3.623,9999.000,9999.000,9999.000,9999.000,9999.000,9999.000,9999.000,9999.000
202604220754,   3.588,9999.000,9999.000,9999.000,9999.000,9999.000,9999.000,9999.000,9999.000
202604220800,   3.560,9999.000,   0.000,9999.000,   3.560,  -0.100,   3.460,   0.000,   3.560
202604220806,   3.537,9999.000,9999.000,9999.000,9999.000,9999.000,9999.000,9999.000,9999.000
202604220812,   3.521,9999.000,9999.000,9999.000,9999.000,9999.000,9999.000,9999.000,9999.000
202604220818,   3.511,9999.000,9999.000,9999.000,9999.000,9999.000,9999.000,9999.000,9999.000
202604220824,   3.509,9999.000,9999.000,9999.000,9999.000,9999.000,9999.000,9999.000,9999.000
202604220830,   3.513,9999.000,9999.000,9999.000,9999.000,9999.000,9999.000,9999.000,9999.000
202604220836,   3.523,9999.000,9999.000,9999.000,9999.000,9999.000,9999.000,9999.000,9999.000
202604220842,   3.541,9999.000,9999.000,9999.000,9999.000,9999.000,9999.000,9999.000,9999.000
202604220848,   3.565,9999.000,9999.000,9999.000,9999.000,9999.000,9999.000,9999.000,9999.000
202604220854,   3.596,9999.000,9999.000,9999.000,9999.000,9999.000,9999.000,9999.000,9999.000
202604220900,   3.633,9999.000,  -0.100,9999.000,   3.533,  -0.200,   3.433,   0.000,   3.633
202604220906,   3.675,9999.000,9999.000,9999.000,9999.000,9999.000,9999.000,9999.000,9999.000
202604220912,   3.724,9999.000,9999.000,9999.000,9999.000,9999.000,9999.000,9999.000,9999.000
202604220918,   3.778,9999.000,9999.000,9999.000,9999.000,9999.000,9999.000,9999.000,9999.000
202604220924,   3.836,9999.000,9999.000,9999.000,9999.000,9999.000,9999.000,9999.000,9999.000
202604220930,   3.900,9999.000,9999.000,9999.000,9999.000,9999.000,9999.000,9999.000,9999.000
202604220936,   3.967,9999.000,9999.000,9999.000,9999.000,9999.000,9999.000,9999.000,9999.000
202604220942,   4.038,9999.000,9999.000,9999.000,9999.000,9999.000,9999.000,9999.000,9999.000
202604220948,   4.112,9999.000,9999.000,9999.000,9999.000,9999.000,9999.000,9999.000,9999.000
202604220954,   4.190,9999.000,9999.000,9999.000,9999.000,9999.000,9999.000,9999.000,9999.000
202604221000,   4.269,9999.000,  -0.400,9999.000,   3.869,  -0.500,   3.769,  -0.300,   3.969
202604221006,   4.351,9999.000,9999.000,9999.000,9999.000,9999.000,9999.000,9999.000,9999.000
202604221012,   4.435,9999.000,9999.000,9999.000,9999.000,9999.000,9999.000,9999.000,9999.000
202604221018,   4.520,9999.000,9999.000,9999.000,9999.000,9999.000,9999.000,9999.000,9999.000
202604221024,   4.606,9999.000,9999.000,9999.000,9999.000,9999.000,9999.000,9999.000,9999.000
202604221030,   4.693,9999.000,9999.000,9999.000,9999.000,9999.000,9999.000,9999.000,9999.000
202604221036,   4.780,9999.000,9999.000,9999.000,9999.000,9999.000,9999.000,9999.000,9999.000
202604221042,   4.868,9999.000,9999.000,9999.000,9999.000,9999.000,9999.000,9999.000,9999.000
202604221048,   4.957,9999.000,9999.000,9999.000,9999.000,9999.000,9999.000,9999.000,9999.000
202604221054,   5.045,9999.000,9999.000,9999.000,9999.000,9999.000,9999.000,9999.000,9999.000
202604221100,   5.133,9999.000,  -0.300,9999.000,   4.833,  -0.500,   4.633,  -0.200,   4.933
202604221106,   5.221,9999.000,9999.000,9999.000,9999.000,9999.000,9999.000,9999.000,9999.000
202604221112,   5.309,9999.000,9999.000,9999.000,9999.000,9999.000,9999.000,9999.000,9999.000
202604221118,   5.397,9999.000,9999.000,9999.000,9999.000,9999.000,9999.000,9999.000,9999.000
202604221124,   5.485,9999.000,9999.000,9999.000,9999.000,9999.000,9999.000,9999.000,9999.000
202604221130,   5.572,9999.000,9999.000,9999.000,9999.000,9999.000,9999.000,9999.000,9999.000
202604221136,   5.659,9999.000,9999.000,9999.000,9999.000,9999.000,9999.000,9999.000,9999.000
202604221142,   5.747,9999.000,9999.000,9999.000,9999.000,9999.000,9999.000,9999.000,9999.000
202604221148,   5.834,9999.000,9999.000,9999.000,9999.000,9999.000,9999.000,9999.000,9999.000
202604221154,   5.921,9999.000,9999.000,9999.000,9999.000,9999.000,9999.000,9999.000,9999.000
202604221200,   6.008,9999.000,  -0.300,9999.000,   5.708,  -0.400,   5.608,  -0.300,   5.708
202604221206,   6.096,9999.000,9999.000,9999.000,9999.000,9999.000,9999.000,9999.000,9999.000
202604221212,   6.183,9999.000,9999.000,9999.000,9999.000,9999.000,9999.000,9999.000,9999.000
202604221218,   6.270,9999.000,9999.000,9999.000,9999.000,9999.000,9999.000,9999.000,9999.000
202604221224,   6.357,9999.000,9999.000,9999.000,9999.000,9999.000,9999.000,9999.000,9999.000
202604221230,   6.444,9999.000,9999.000,9999.000,9999.000,9999.000,9999.000,9999.000,9999.000
202604221236,   6.530,9999.000,9999.000,9999.000,9999.000,9999.000,9999.000,9999.000,9999.000
202604221242,   6.615,9999.000,9999.000,9999.000,9999.000,9999.000,9999.000,9999.000,9999.000
202604221248,   6.700,9999.000,9999.000,9999.000,9999.000,9999.000,9999.000,9999.000,9999.000
202604221254,   6.783,9999.000,9999.000,9999.000,9999.000,9999.000,9999.000,9999.000,9999.000
202604221300,   6.865,9999.000,  -0.400,9999.000,   6.465,  -0.400,   6.465,  -0.300,   6.565
202604221306,   6.945,9999.000,9999.000,9999.000,9999.000,9999.000,9999.000,9999.000,9999.000
202604221312,   7.022,9999.000,9999.000,9999.000,9999.000,9999.000,9999.000,9999.000,9999.000
202604221318,   7.097,9999.000,9999.000,9999.000,9999.000,9999.000,9999.000,9999.000,9999.000
202604221324,   7.168,9999.000,9999.000,9999.000,9999.000,9999.000,9999.000,9999.000,9999.000
202604221330,   7.235,9999.000,9999.000,9999.000,9999.000,9999.000,9999.000,9999.000,9999.000
202604221336,   7.298,9999.000,9999.000,9999.000,9999.000,9999.000,9999.000,9999.000,9999.000
202604221342,   7.355,9999.000,9999.000,9999.000,9999.000,9999.000,9999.000,9999.000,9999.000
202604221348,   7.407,9999.000,9999.000,9999.000,9999.000,9999.000,9999.000,9999.000,9999.000
202604221354,   7.452,9999.000,9999.000,9999.000,9999.000,9999.000,9999.000,9999.000,9999.000
202604221400,   7.491,9999.000,  -0.500,9999.000,   6.991,  -0.600,   6.891,  -0.400,   7.091
202604221406,   7.522,9999.000,9999.000,9999.000,9999.000,9999.000,9999.000,9999.000,9999.000
202604221412,   7.546,9999.000,9999.000,9999.000,9999.000,9999.000,9999.000,9999.000,9999.000
202604221418,   7.561,9999.000,9999.000,9999.000,9999.000,9999.000,9999.000,9999.000,9999.000
202604221424,   7.568,9999.000,9999.000,9999.000,9999.000,9999.000,9999.000,9999.000,9999.000
202604221430,   7.566,9999.000,9999.000,9999.000,9999.000,9999.000,9999.000,9999.000,9999.000
202604221436,   7.554,9999.000,9999.000,9999.000,9999.000,9999.000,9999.000,9999.000,9999.000
202604221442,   7.534,9999.000,9999.000,9999.000,9999.000,9999.000,9999.000,9999.000,9999.000
202604221448,   7.504,9999.000,9999.000,9999.000,9999.000,9999.000,9999.000,9999.000,9999.000
202604221454,   7.464,9999.000,9999.000,9999.000,9999.000,9999.000,9999.000,9999.000,9999.000
202604221500,   7.416,9999.000,  -0.500,9999.000,   6.916,  -0.500,   6.916,  -0.400,   7.016
202604221506,   7.358,9999.000,9999.000,9999.000,9999.000,9999.000,9999.000,9999.000,9999.000
202604221512,   7.292,9999.000,9999.000,9999.000,9999.000,9999.000,9999.000,9999.000,9999.000
202604221518,   7.217,9999.000,9999.000,9999.000,9999.000,9999.000,9999.000,9999.000,9999.000
202604221524,   7.134,9999.000,9999.000,9999.000,9999.000,9999.000,9999.000,9999.000,9999.000
202604221530,   7.043,9999.000,9999.000,9999.000,9999.000,9999.000,9999.000,9999.000,9999.000
202604221536,   6.946,9999.000,9999.000,9999.000,9999.000,9999.000,9999.000,9999.000,9999.000
202604221542,   6.841,9999.000,9999.000,9999.000,9999.000,9999.000,9999.000,9999.000,9999.000
202604221548,   6.731,9999.000,9999.000,9999.000,9999.000,9999.000,9999.000,9999.000,9999.000
202604221554,   6.615,9999.000,9999.000,9999.000,9999.000,9999.000,9999.000,9999.000,9999.000
202604221600,   6.495,9999.000,  -0.400,9999.000,   6.095,  -0.500,   5.995,  -0.400,   6.095
202604221606,   6.370,9999.000,9999.000,9999.000,9999.000,9999.000,9999.000,9999.000,9999.000
202604221612,   6.242,9999.000,9999.000,9999.000,9999.000,9999.000,9999.000,9999.000,9999.000
202604221618,   6.110,9999.000,9999.000,9999.000,9999.000,9999.000,9999.000,9999.000,9999.000
202604221624,   5.976,9999.000,9999.000,9999.000,9999.000,9999.000,9999.000,9999.000,9999.000
202604221630,   5.840,9999.000,9999.000,9999.000,9999.000,9999.000,9999.000,9999.000,9999.000
202604221636,   5.702,9999.000,9999.000,9999.000,9999.000,9999.000,9999.000,9999.000,9999.000
202604221642,   5.562,9999.000,9999.000,9999.000,9999.000,9999.000,9999.000,9999.000,9999.000
202604221648,   5.422,9999.000,9999.000,9999.000,9999.000,9999.000,9999.000,9999.000,9999.000
202604221654,   5.280,9999.000,9999.000,9999.000,9999.000,9999.000,9999.000,9999.000,9999.000
202604221700,   5.138,9999.000,  -0.400,9999.000,   4.738,  -0.500,   4.638,  -0.300,   4.838
202604221706,   4.994,9999.000,9999.000,9999.000,9999.000,9999.000,9999.000,9999.000,9999.000
202604221712,   4.850,9999.000,9999.000,9999.000,9999.000,9999.000,9999.000,9999.000,9999.000
202604221718,   4.705,9999.000,9999.000,9999.000,9999.000,9999.000,9999.000,9999.000,9999.000
202604221724,   4.559,9999.000,9999.000,9999.000,9999.000,9999.000,9999.000,9999.000,9999.000
202604221730,   4.413,9999.000,9999.000,9999.000,9999.000,9999.000,9999.000,9999.000,9999.000
202604221736,   4.265,9999.000,9999.000,9999.000,9999.000,9999.000,9999.000,9999.000,9999.000
202604221742,   4.115,9999.000,9999.000,9999.000,9999.000,9999.000,9999.000,9999.000,9999.000
202604221748,   3.965,9999.000,9999.000,9999.000,9999.000,9999.000,9999.000,9999.000,9999.000
202604221754,   3.813,9999.000,9999.000,9999.000,9999.000,9999.000,9999.000,9999.000,9999.000
202604221800,   3.659,9999.000,  -0.400,9999.000,   3.259,  -0.400,   3.259,  -0.400,   3.259
202604221806,   3.503,9999.000,9999.000,9999.000,9999.000,9999.000,9999.000,9999.000,9999.000
202604221812,   3.346,9999.000,9999.000,9999.000,9999.000,9999.000,9999.000,9999.000,9999.000
202604221818,   3.186,9999.000,9999.000,9999.000,9999.000,9999.000,9999.000,9999.000,9999.000
202604221824,   3.025,9999.000,9999.000,9999.000,9999.000,9999.000,9999.000,9999.000,9999.000
202604221830,   2.862,9999.000,9999.000,9999.000,9999.000,9999.000,9999.000,9999.000,9999.000
202604221836,   2.697,9999.000,9999.000,9999.000,9999.000,9999.000,9999.000,9999.000,9999.000
202604221842,   2.532,9999.000,9999.000,9999.000,9999.000,9999.000,9999.000,9999.000,9999.000
202604221848,   2.365,9999.000,9999.000,9999.000,9999.000,9999.000,9999.000,9999.000,9999.000
202604221854,   2.197,9999.000,9999.000,9999.000,9999.000,9999.000,9999.000,9999.000,9999.000
202604221900,   2.029,9999.000,  -0.400,9999.000,   1.629,  -0.400,   1.629,  -0.300,   1.729
202604221906,   1.862,9999.000,9999.000,9999.000,9999.000,9999.000,9999.000,9999.000,9999.000
202604221912,   1.695,9999.000,9999.000,9999.000,9999.000,9999.000,9999.000,9999.000,9999.000
202604221918,   1.529,9999.000,9999.000,9999.000,9999.000,9999.000,9999.000,9999.000,9999.000
202604221924,   1.365,9999.000,9999.000,9999.000,9999.000,9999.000,9999.000,9999.000,9999.000
202604221930,   1.204,9999.000,9999.000,9999.000,9999.000,9999.000,9999.000,9999.000,9999.000
202604221936,   1.046,9999.000,9999.000,9999.000,9999.000,9999.000,9999.000,9999.000,9999.000
202604221942,   0.892,9999.000,9999.000,9999.000,9999.000,9999.000,9999.000,9999.000,9999.000
202604221948,   0.742,9999.000,9999.000,9999.000,9999.000,9999.000,9999.000,9999.000,9999.000
202604221954,   0.597,9999.000,9999.000,9999.000,9999.000,9999.000,9999.000,9999.000,9999.000
202604222000,   0.458,9999.000,  -0.400,9999.000,   0.058,  -0.400,   0.058,  -0.300,   0.158
202604222006,   0.325,9999.000,9999.000,9999.000,9999.000,9999.000,9999.000,9999.000,9999.000
202604222012,   0.199,9999.000,9999.000,9999.000,9999.000,9999.000,9999.000,9999.000,9999.000
202604222018,   0.080,9999.000,9999.000,9999.000,9999.000,9999.000,9999.000,9999.000,9999.000
202604222024,  -0.030,9999.000,9999.000,9999.000,9999.000,9999.000,9999.000,9999.000,9999.000
202604222030,  -0.134,9999.000,9999.000,9999.000,9999.000,9999.000,9999.000,9999.000,9999.000
202604222036,  -0.229,9999.000,9999.000,9999.000,9999.000,9999.000,9999.000,9999.000,9999.000
202604222042,  -0.315,9999.000,9999.000,9999.000,9999.000,9999.000,9999.000,9999.000,9999.000
202604222048,  -0.393,9999.000,9999.000,9999.000,9999.000,9999.000,9999.000,9999.000,9999.000
202604222054,  -0.463,9999.000,9999.000,9999.000,9999.000,9999.000,9999.000,9999.000,9999.000
202604222100,  -0.523,9999.000,  -0.400,9999.000,  -0.923,  -0.400,  -0.923,  -0.300,  -0.823
202604222106,  -0.575,9999.000,9999.000,9999.000,9999.000,9999.000,9999.000,9999.000,9999.000
202604222112,  -0.618,9999.000,9999.000,9999.000,9999.000,9999.000,9999.000,9999.000,9999.000
202604222118,  -0.653,9999.000,9999.000,9999.000,9999.000,9999.000,9999.000,9999.000,9999.000
202604222124,  -0.680,9999.000,9999.000,9999.000,9999.000,9999.000,9999.000,9999.000,9999.000
202604222130,  -0.698,9999.000,9999.000,9999.000,9999.000,9999.000,9999.000,9999.000,9999.000
202604222136,  -0.709,9999.000,9999.000,9999.000,9999.000,9999.000,9999.000,9999.000,9999.000
202604222142,  -0.712,9999.000,9999.000,9999.000,9999.000,9999.000,9999.000,9999.000,9999.000
202604222148,  -0.708,9999.000,9999.000,9999.000,9999.000,9999.000,9999.000,9999.000,9999.000
202604222154,  -0.697,9999.000,9999.000,9999.000,9999.000,9999.000,9999.000,9999.000,9999.000
202604222200,  -0.679,9999.000,  -0.400,9999.000,  -1.079,  -0.400,  -1.079,  -0.300,  -0.979
202604222206,  -0.656,9999.000,9999.000,9999.000,9999.000,9999.000,9999.000,9999.000,9999.000
202604222212,  -0.626,9999.000,9999.000,9999.000,9999.000,9999.000,9999.000,9999.000,9999.000
202604222218,  -0.591,9999.000,9999.000,9999.000,9999.000,9999.000,9999.000,9999.000,9999.000
202604222224,  -0.551,9999.000,9999.000,9999.000,9999.000,9999.000,9999.000,9999.000,9999.000
202604222230,  -0.505,9999.000,9999.000,9999.000,9999.000,9999.000,9999.000,9999.000,9999.000
202604222236,  -0.455,9999.000,9999.000,9999.000,9999.000,9999.000,9999.000,9999.000,9999.000
202604222242,  -0.401,9999.000,9999.000,9999.000,9999.000,9999.000,9999.000,9999.000,9999.000
202604222248,  -0.342,9999.000,9999.000,9999.000,9999.000,9999.000,9999.000,9999.000,9999.000
202604222254,  -0.280,9999.000,9999.000,9999.000,9999.000,9999.000,9999.000,9999.000,9999.000
202604222300,  -0.213,9999.000,  -0.400,9999.000,  -0.613,  -0.400,  -0.613,  -0.300,  -0.513
202604222306,  -0.143,9999.000,9999.000,9999.000,9999.000,9999.000,9999.000,9999.000,9999.000
202604222312,  -0.069,9999.000,9999.000,9999.000,9999.000,9999.000,9999.000,9999.000,9999.000
202604222318,   0.007,9999.000,9999.000,9999.000,9999.000,9999.000,9999.000,9999.000,9999.000
202604222324,   0.088,9999.000,9999.000,9999.000,9999.000,9999.000,9999.000,9999.000,9999.000
202604222330,   0.173,9999.000,9999.000,9999.000,9999.000,9999.000,9999.000,9999.000,9999.000
202604222336,   0.261,9999.000,9999.000,9999.000,9999.000,9999.000,9999.000,9999.000,9999.000
202604222342,   0.352,9999.000,9999.000,9999.000,9999.000,9999.000,9999.000,9999.000,9999.000
202604222348,   0.447,9999.000,9999.000,9999.000,9999.000,9999.000,9999.000,9999.000,9999.000
202604222354,   0.545,9999.000,9999.000,9999.000,9999.000,9999.000,9999.000,9999.000,9999.000
202604230000,   0.647,9999.000,  -0.400,9999.000,   0.247,  -0.400,   0.247,  -0.300,   0.347
202604230006,   0.752,9999.000,9999.000,9999.000,9999.000,9999.000,9999.000,9999.000,9999.000
202604230012,   0.861,9999.000,9999.000,9999.000,9999.000,9999.000,9999.000,9999.000,9999.000
202604230018,   0.973,9999.000,9999.000,9999.000,9999.000,9999.000,9999.000,9999.000,9999.000
202604230024,   1.089,9999.000,9999.000,9999.000,9999.000,9999.000,9999.000,9999.000,9999.000
202604230030,   1.208,9999.000,9999.000,9999.000,9999.000,9999.000,9999.000,9999.000,9999.000
202604230036,   1.331,9999.000,9999.000,9999.000,9999.000,9999.000,9999.000,9999.000,9999.000
202604230042,   1.457,9999.000,9999.000,9999.000,9999.000,9999.000,9999.000,9999.000,9999.000
202604230048,   1.586,9999.000,9999.000,9999.000,9999.000,9999.000,9999.000,9999.000,9999.000
202604230054,   1.719,9999.000,9999.000,9999.000,9999.000,9999.000,9999.000,9999.000,9999.000
202604230100,   1.854,9999.000,  -0.400,9999.000,   1.454,  -0.400,   1.454,  -0.300,   1.554
202604230106,   1.991,9999.000,9999.000,9999.000,9999.000,9999.000,9999.000,9999.000,9999.000
202604230112,   2.131,9999.000,9999.000,9999.000,9999.000,9999.000,9999.000,9999.000,9999.000
202604230118,   2.273,9999.000,9999.000,9999.000,9999.000,9999.000,9999.000,9999.000,9999.000
202604230124,   2.416,9999.000,9999.000,9999.000,9999.000,9999.000,9999.000,9999.000,9999.000
202604230130,   2.560,9999.000,9999.000,9999.000,9999.000,9999.000,9999.000,9999.000,9999.000
202604230136,   2.705,9999.000,9999.000,9999.000,9999.000,9999.000,9999.000,9999.000,9999.000
202604230142,   2.850,9999.000,9999.000,9999.000,9999.000,9999.000,9999.000,9999.000,9999.000
202604230148,   2.994,9999.000,9999.000,9999.000,9999.000,9999.000,9999.000,9999.000,9999.000
202604230154,   3.138,9999.000,9999.000,9999.000,9999.000,9999.000,9999.000,9999.000,9999.000
202604230200,   3.279,9999.000,  -0.400,9999.000,   2.879,  -0.500,   2.779,  -0.300,   2.979
202604230206,   3.419,9999.000,9999.000,9999.000,9999.000,9999.000,9999.000,9999.000,9999.000
202604230212,   3.555,9999.000,9999.000,9999.000,9999.000,9999.000,9999.000,9999.000,9999.000
202604230218,   3.688,9999.000,9999.000,9999.000,9999.000,9999.000,9999.000,9999.000,9999.000
202604230224,   3.817,9999.000,9999.000,9999.000,9999.000,9999.000,9999.000,9999.000,9999.000
202604230230,   3.942,9999.000,9999.000,9999.000,9999.000,9999.000,9999.000,9999.000,9999.000
202604230236,   4.061,9999.000,9999.000,9999.000,9999.000,9999.000,9999.000,9999.000,9999.000
202604230242,   4.175,9999.000,9999.000,9999.000,9999.000,9999.000,9999.000,9999.000,9999.000
202604230248,   4.283,9999.000,9999.000,9999.000,9999.000,9999.000,9999.000,9999.000,9999.000
202604230254,   4.385,9999.000,9999.000,9999.000,9999.000,9999.000,9999.000,9999.000,9999.000
202604230300,   4.481,9999.000,  -0.400,9999.000,   4.081,  -0.500,   3.981,  -0.300,   4.181
202604230306,   4.570,9999.000,9999.000,9999.000,9999.000,9999.000,9999.000,9999.000,9999.000
202604230312,   4.652,9999.000,9999.000,9999.000,9999.000,9999.000,9999.000,9999.000,9999.000
202604230318,   4.727,9999.000,9999.000,9999.000,9999.000,9999.000,9999.000,9999.000,9999.000
202604230324,   4.795,9999.000,9999.000,9999.000,9999.000,9999.000,9999.000,9999.000,9999.000
202604230330,   4.857,9999.000,9999.000,9999.000,9999.000,9999.000,9999.000,9999.000,9999.000
202604230336,   4.912,9999.000,9999.000,9999.000,9999.000,9999.000,9999.000,9999.000,9999.000
202604230342,   4.960,9999.000,9999.000,9999.000,9999.000,9999.000,9999.000,9999.000,9999.000
202604230348,   5.003,9999.000,9999.000,9999.000,9999.000,9999.000,9999.000,9999.000,9999.000
202604230354,   5.040,9999.000,9999.000,9999.000,9999.000,9999.000,9999.000,9999.000,9999.000
202604230400,   5.072,9999.000,  -0.400,9999.000,   4.672,  -0.400,   4.672,  -0.300,   4.772
202604230406,   5.099,9999.000,9999.000,9999.000,9999.000,9999.000,9999.000,9999.000,9999.000
202604230412,   5.121,9999.000,9999.000,9999.000,9999.000,9999.000,9999.000,9999.000,9999.000
202604230418,   5.139,9999.000,9999.000,9999.000,9999.000,9999.000,9999.000,9999.000,9999.000
202604230424,   5.154,9999.000,9999.000,9999.000,9999.000,9999.000,9999.000,9999.000,9999.000
202604230430,   5.166,9999.000,9999.000,9999.000,9999.000,9999.000,9999.000,9999.000,9999.000
202604230436,   5.175,9999.000,9999.000,9999.000,9999.000,9999.000,9999.000,9999.000,9999.000
202604230442,   5.181,9999.000,9999.000,9999.000,9999.000,9999.000,9999.000,9999.000,9999.000
202604230448,   5.186,9999.000,9999.000,9999.000,9999.000,9999.000,9999.000,9999.000,9999.000
202604230454,   5.189,9999.000,9999.000,9999.000,9999.000,9999.000,9999.000,9999.000,9999.000
202604230500,   5.190,9999.000,  -0.400,9999.000,   4.790,  -0.500,   4.690,  -0.400,   4.790
202604230506,   5.191,9999.000,9999.000,9999.000,9999.000,9999.000,9999.000,9999.000,9999.000
202604230512,   5.190,9999.000,9999.000,9999.000,9999.000,9999.000,9999.000,9999.000,9999.000
202604230518,   5.188,9999.000,9999.000,9999.000,9999.000,9999.000,9999.000,9999.000,9999.000
202604230524,   5.185,9999.000,9999.000,9999.000,9999.000,9999.000,9999.000,9999.000,9999.000
202604230530,   5.180,9999.000,9999.000,9999.000,9999.000,9999.000,9999.000,9999.000,9999.000
202604230536,   5.175,9999.000,9999.000,9999.000,9999.000,9999.000,9999.000,9999.000,9999.000
202604230542,   5.168,9999.000,9999.000,9999.000,9999.000,9999.000,9999.000,9999.000,9999.000
202604230548,   5.160,9999.000,9999.000,9999.000,9999.000,9999.000,9999.000,9999.000,9999.000
202604230554,   5.149,9999.000,9999.000,9999.000,9999.000,9999.000,9999.000,9999.000,9999.000
202604230600,   5.137,9999.000,  -0.500,9999.000,   4.637,  -0.500,   4.637,  -0.400,   4.737
202604230606,   5.122,9999.000,9999.000,9999.000,9999.000,9999.000,9999.000,9999.000,9999.000
202604230612,   5.105,9999.000,9999.000,9999.000,9999.000,9999.000,9999.000,9999.000,9999.000
202604230618,   5.085,9999.000,9999.000,9999.000,9999.000,9999.000,9999.000,9999.000,9999.000
202604230624,   5.063,9999.000,9999.000,9999.000,9999.000,9999.000,9999.000,9999.000,9999.000
202604230630,   5.037,9999.000,9999.000,9999.000,9999.000,9999.000,9999.000,9999.000,9999.000
202604230636,   5.007,9999.000,9999.000,9999.000,9999.000,9999.000,9999.000,9999.000,9999.000
202604230642,   4.975,9999.000,9999.000,9999.000,9999.000,9999.000,9999.000,9999.000,9999.000
202604230648,   4.939,9999.000,9999.000,9999.000,9999.000,9999.000,9999.000,9999.000,9999.000
202604230654,   4.899,9999.000,9999.000,9999.000,9999.000,9999.000,9999.000,9999.000,9999.000
202604230700,   4.857,9999.000,  -0.500,9999.000,   4.357,  -0.500,   4.357,  -0.400,   4.457
202604230706,   4.811,9999.000,9999.000,9999.000,9999.000,9999.000,9999.000,9999.000,9999.000
202604230712,   4.762,9999.000,9999.000,9999.000,9999.000,9999.000,9999.000,9999.000,9999.000
202604230718,   4.711,9999.000,9999.000,9999.000,9999.000,9999.000,9999.000,9999.000,9999.000
202604230724,   4.658,9999.000,9999.000,9999.000,9999.000,9999.000,9999.000,9999.000,9999.000
202604230730,   4.602,9999.000,9999.000,9999.000,9999.000,9999.000,9999.000,9999.000,9999.000
202604230736,   4.545,9999.000,9999.000,9999.000,9999.000,9999.000,9999.000,9999.000,9999.000
202604230742,   4.488,9999.000,9999.000,9999.000,9999.000,9999.000,9999.000,9999.000,9999.000
202604230748,   4.429,9999.000,9999.000,9999.000,9999.000,9999.000,9999.000,9999.000,9999.000
202604230754,   4.371,9999.000,9999.000,9999.000,9999.000,9999.000,9999.000,9999.000,9999.000
202604230800,   4.314,9999.000,  -0.500,9999.000,   3.814,  -0.500,   3.814,  -0.400,   3.914
202604230806,   4.257,9999.000,9999.000,9999.000,9999.000,9999.000,9999.000,9999.000,9999.000
202604230812,   4.203,9999.000,9999.000,9999.000,9999.000,9999.000,9999.000,9999.000,9999.000
202604230818,   4.150,9999.000,9999.000,9999.000,9999.000,9999.000,9999.000,9999.000,9999.000
202604230824,   4.101,9999.000,9999.000,9999.000,9999.000,9999.000,9999.000,9999.000,9999.000
202604230830,   4.054,9999.000,9999.000,9999.000,9999.000,9999.000,9999.000,9999.000,9999.000
202604230836,   4.011,9999.000,9999.000,9999.000,9999.000,9999.000,9999.000,9999.000,9999.000
202604230842,   3.973,9999.000,9999.000,9999.000,9999.000,9999.000,9999.000,9999.000,9999.000
202604230848,   3.938,9999.000,9999.000,9999.000,9999.000,9999.000,9999.000,9999.000,9999.000
202604230854,   3.908,9999.000,9999.000,9999.000,9999.000,9999.000,9999.000,9999.000,9999.000
202604230900,   3.883,9999.000,  -0.500,9999.000,   3.383,  -0.500,   3.383,  -0.400,   3.483
202604230906,   3.863,9999.000,9999.000,9999.000,9999.000,9999.000,9999.000,9999.000,9999.000
202604230912,   3.848,9999.000,9999.000,9999.000,9999.000,9999.000,9999.000,9999.000,9999.000
202604230918,   3.839,9999.000,9999.000,9999.000,9999.000,9999.000,9999.000,9999.000,9999.000
202604230924,   3.834,9999.000,9999.000,9999.000,9999.000,9999.000,9999.000,9999.000,9999.000
202604230930,   3.834,9999.000,9999.000,9999.000,9999.000,9999.000,9999.000,9999.000,9999.000
202604230936,   3.840,9999.000,9999.000,9999.000,9999.000,9999.000,9999.000,9999.000,9999.000
202604230942,   3.850,9999.000,9999.000,9999.000,9999.000,9999.000,9999.000,9999.000,9999.000
202604230948,   3.865,9999.000,9999.000,9999.000,9999.000,9999.000,9999.000,9999.000,9999.000
202604230954,   3.884,9999.000,9999.000,9999.000,9999.000,9999.000,9999.000,9999.000,9999.000
202604231000,   3.907,9999.000,  -0.500,9999.000,   3.407,  -0.500,   3.407,  -0.400,   3.507
202604231006,   3.935,9999.000,9999.000,9999.000,9999.000,9999.000,9999.000,9999.000,9999.000
202604231012,   3.966,9999.000,9999.000,9999.000,9999.000,9999.000,9999.000,9999.000,9999.000
202604231018,   4.000,9999.000,9999.000,9999.000,9999.000,9999.000,9999.000,9999.000,9999.000
202604231024,   4.038,9999.000,9999.000,9999.000,9999.000,9999.000,9999.000,9999.000,9999.000
202604231030,   4.078,9999.000,9999.000,9999.000,9999.000,9999.000,9999.000,9999.000,9999.000
202604231036,   4.121,9999.000,9999.000,9999.000,9999.000,9999.000,9999.000,9999.000,9999.000
202604231042,   4.166,9999.000,9999.000,9999.000,9999.000,9999.000,9999.000,9999.000,9999.000
202604231048,   4.213,9999.000,9999.000,9999.000,9999.000,9999.000,9999.000,9999.000,9999.000
202604231054,   4.262,9999.000,9999.000,9999.000,9999.000,9999.000,9999.000,9999.000,9999.000
202604231100,   4.312,9999.000,  -0.500,9999.000,   3.812,  -0.600,   3.712,  -0.400,   3.912
202604231106,   4.364,9999.000,9999.000,9999.000,9999.000,9999.000,9999.000,9999.000,9999.000
202604231112,   4.418,9999.000,9999.000,9999.000,9999.000,9999.000,9999.000,9999.000,9999.000
202604231118,   4.472,9999.000,9999.000,9999.000,9999.000,9999.000,9999.000,9999.000,9999.000
202604231124,   4.527,9999.000,9999.000,9999.000,9999.000,9999.000,9999.000,9999.000,9999.000
202604231130,   4.584,9999.000,9999.000,9999.000,9999.000,9999.000,9999.000,9999.000,9999.000
202604231136,   4.641,9999.000,9999.000,9999.000,9999.000,9999.000,9999.000,9999.000,9999.000
202604231142,   4.699,9999.000,9999.000,9999.000,9999.000,9999.000,9999.000,9999.000,9999.000
202604231148,   4.759,9999.000,9999.000,9999.000,9999.000,9999.000,9999.000,9999.000,9999.000
202604231154,   4.818,9999.000,9999.000,9999.000,9999.000,9999.000,9999.000,9999.000,9999.000
202604231200,   4.879,9999.000,  -0.500,9999.000,   4.379,  -0.500,   4.379,  -0.500,   4.379
202604231206,   4.941,9999.000,9999.000,9999.000,9999.000,9999.000,9999.000,9999.000,9999.000
202604231212,   5.003,9999.000,9999.000,9999.000,9999.000,9999.000,9999.000,9999.000,9999.000
202604231218,   5.067,9999.000,9999.000,9999.000,9999.000,9999.000,9999.000,9999.000,9999.000
202604231224,   5.131,9999.000,9999.000,9999.000,9999.000,9999.000,9999.000,9999.000,9999.000
202604231230,   5.196,9999.000,9999.000,9999.000,9999.000,9999.000,9999.000,9999.000,9999.000
202604231236,   5.263,9999.000,9999.000,9999.000,9999.000,9999.000,9999.000,9999.000,9999.000
202604231242,   5.330,9999.000,9999.000,9999.000,9999.000,9999.000,9999.000,9999.000,9999.000
202604231248,   5.398,9999.000,9999.000,9999.000,9999.000,9999.000,9999.000,9999.000,9999.000
202604231254,   5.467,9999.000,9999.000,9999.000,9999.000,9999.000,9999.000,9999.000,9999.000
202604231300,   5.538,9999.000,  -0.500,9999.000,   5.038,  -0.500,   5.038,  -0.400,   5.138
202604231306,   5.609,9999.000,9999.000,9999.000,9999.000,9999.000,9999.000,9999.000,9999.000
202604231312,   5.680,9999.000,9999.000,9999.000,9999.000,9999.000,9999.000,9999.000,9999.000
202604231318,   5.753,9999.000,9999.000,9999.000,9999.000,9999.000,9999.000,9999.000,9999.000
202604231324,   5.825,9999.000,9999.000,9999.000,9999.000,9999.000,9999.000,9999.000,9999.000
202604231330,   5.898,9999.000,9999.000,9999.000,9999.000,9999.000,9999.000,9999.000,9999.000
202604231336,   5.971,9999.000,9999.000,9999.000,9999.000,9999.000,9999.000,9999.000,9999.000
202604231342,   6.043,9999.000,9999.000,9999.000,9999.000,9999.000,9999.000,9999.000,9999.000
202604231348,   6.115,9999.000,9999.000,9999.000,9999.000,9999.000,9999.000,9999.000,9999.000
202604231354,   6.186,9999.000,9999.000,9999.000,9999.000,9999.000,9999.000,9999.000,9999.000
202604231400,   6.255,9999.000,  -0.500,9999.000,   5.755,  -0.500,   5.755,  -0.400,   5.855
202604231406,   6.323,9999.000,9999.000,9999.000,9999.000,9999.000,9999.000,9999.000,9999.000
202604231412,   6.388,9999.000,9999.000,9999.000,9999.000,9999.000,9999.000,9999.000,9999.000
202604231418,   6.450,9999.000,9999.000,9999.000,9999.000,9999.000,9999.000,9999.000,9999.000
202604231424,   6.509,9999.000,9999.000,9999.000,9999.000,9999.000,9999.000,9999.000,9999.000
202604231430,   6.565,9999.000,9999.000,9999.000,9999.000,9999.000,9999.000,9999.000,9999.000
202604231436,   6.616,9999.000,9999.000,9999.000,9999.000,9999.000,9999.000,9999.000,9999.000
202604231442,   6.662,9999.000,9999.000,9999.000,9999.000,9999.000,9999.000,9999.000,9999.000
202604231448,   6.703,9999.000,9999.000,9999.000,9999.000,9999.000,9999.000,9999.000,9999.000
202604231454,   6.739,9999.000,9999.000,9999.000,9999.000,9999.000,9999.000,9999.000,9999.000
202604231500,   6.769,9999.000,  -0.500,9999.000,   6.269,  -0.600,   6.169,  -0.500,   6.269
202604231506,   6.792,9999.000,9999.000,9999.000,9999.000,9999.000,9999.000,9999.000,9999.000
202604231512,   6.809,9999.000,9999.000,9999.000,9999.000,9999.000,9999.000,9999.000,9999.000
202604231518,   6.818,9999.000,9999.000,9999.000,9999.000,9999.000,9999.000,9999.000,9999.000
202604231524,   6.821,9999.000,9999.000,9999.000,9999.000,9999.000,9999.000,9999.000,9999.000
202604231530,   6.816,9999.000,9999.000,9999.000,9999.000,9999.000,9999.000,9999.000,9999.000
202604231536,   6.805,9999.000,9999.000,9999.000,9999.000,9999.000,9999.000,9999.000,9999.000
202604231542,   6.785,9999.000,9999.000,9999.000,9999.000,9999.000,9999.000,9999.000,9999.000
202604231548,   6.759,9999.000,9999.000,9999.000,9999.000,9999.000,9999.000,9999.000,9999.000
202604231554,   6.725,9999.000,9999.000,9999.000,9999.000,9999.000,9999.000,9999.000,9999.000
202604231600,   6.685,9999.000,  -0.600,9999.000,   6.085,  -0.600,   6.085,  -0.500,   6.185
202604231606,   6.637,9999.000,9999.000,9999.000,9999.000,9999.000,9999.000,9999.000,9999.000
202604231612,   6.584,9999.000,9999.000,9999.000,9999.000,9999.000,9999.000,9999.000,9999.000
202604231618,   6.524,9999.000,9999.000,9999.000,9999.000,9999.000,9999.000,9999.000,9999.000
202604231624,   6.459,9999.000,9999.000,9999.000,9999.000,9999.000,9999.000,9999.000,9999.000
202604231630,   6.388,9999.000,9999.000,9999.000,9999.000,9999.000,9999.000,9999.000,9999.000
202604231636,   6.312,9999.000,9999.000,9999.000,9999.000,9999.000,9999.000,9999.000,9999.000
202604231642,   6.232,9999.000,9999.000,9999.000,9999.000,9999.000,9999.000,9999.000,9999.000
202604231648,   6.149,9999.000,9999.000,9999.000,9999.000,9999.000,9999.000,9999.000,9999.000
202604231654,   6.061,9999.000,9999.000,9999.000,9999.000,9999.000,9999.000,9999.000,9999.000
202604231700,   5.971,9999.000,  -0.600,9999.000,   5.371,  -0.600,   5.371,  -0.500,   5.471
202604231706,   5.877,9999.000,9999.000,9999.000,9999.000,9999.000,9999.000,9999.000,9999.000
202604231712,   5.782,9999.000,9999.000,9999.000,9999.000,9999.000,9999.000,9999.000,9999.000
202604231718,   5.684,9999.000,9999.000,9999.000,9999.000,9999.000,9999.000,9999.000,9999.000
202604231724,   5.585,9999.000,9999.000,9999.000,9999.000,9999.000,9999.000,9999.000,9999.000
202604231730,   5.483,9999.000,9999.000,9999.000,9999.000,9999.000,9999.000,9999.000,9999.000
202604231736,   5.381,9999.000,9999.000,9999.000,9999.000,9999.000,9999.000,9999.000,9999.000
202604231742,   5.277,9999.000,9999.000,9999.000,9999.000,9999.000,9999.000,9999.000,9999.000
202604231748,   5.172,9999.000,9999.000,9999.000,9999.000,9999.000,9999.000,9999.000,9999.000
202604231754,   5.065,9999.000,9999.000,9999.000,9999.000,9999.000,9999.000,9999.000,9999.000
202604231800,   4.957,9999.000,  -0.500,9999.000,   4.457,  -0.600,   4.357,  -0.500,   4.457
202604231806,   4.848,9999.000,9999.000,9999.000,9999.000,9999.000,9999.000,9999.000,9999.000
202604231812,   4.737,9999.000,9999.000,9999.000,9999.000,9999.000,9999.000,9999.000,9999.000
202604231818,   4.624,9999.000,9999.000,9999.000,9999.000,9999.000,9999.000,9999.000,9999.000
202604231824,   4.510,9999.000,9999.000,9999.000,9999.000,9999.000,9999.000,9999.000,9999.000
202604231830,   4.393,9999.000,9999.000,9999.000,9999.000,9999.000,9999.000,9999.000,9999.000
202604231836,   4.275,9999.000,9999.000,9999.000,9999.000,9999.000,9999.000,9999.000,9999.000
202604231842,   4.154,9999.000,9999.000,9999.000,9999.000,9999.000,9999.000,9999.000,9999.000
202604231848,   4.030,9999.000,9999.000,9999.000,9999.000,9999.000,9999.000,9999.000,9999.000
202604231854,   3.904,9999.000,9999.000,9999.000,9999.000,9999.000,9999.000,9999.000,9999.000
202604231900,   3.776,9999.000,  -0.600,9999.000,   3.176,  -0.600,   3.176,  -0.500,   3.276
202604231906,   3.645,9999.000,9999.000,9999.000,9999.000,9999.000,9999.000,9999.000,9999.000
202604231912,   3.511,9999.000,9999.000,9999.000,9999.000,9999.000,9999.000,9999.000,9999.000
202604231918,   3.374,9999.000,9999.000,9999.000,9999.000,9999.000,9999.000,9999.000,9999.000
202604231924,   3.236,9999.000,9999.000,9999.000,9999.000,9999.000,9999.000,9999.000,9999.000
202604231930,   3.095,9999.000,9999.000,9999.000,9999.000,9999.000,9999.000,9999.000,9999.000
202604231936,   2.952,9999.000,9999.000,9999.000,9999.000,9999.000,9999.000,9999.000,9999.000
202604231942,   2.808,9999.000,9999.000,9999.000,9999.000,9999.000,9999.000,9999.000,9999.000
202604231948,   2.662,9999.000,9999.000,9999.000,9999.000,9999.000,9999.000,9999.000,9999.000
202604231954,   2.516,9999.000,9999.000,9999.000,9999.000,9999.000,9999.000,9999.000,9999.000
202604232000,   2.369,9999.000,  -0.600,9999.000,   1.769,  -0.700,   1.669,  -0.500,   1.869
202604232006,   2.223,9999.000,9999.000,9999.000,9999.000,9999.000,9999.000,9999.000,9999.000
202604232012,   2.077,9999.000,9999.000,9999.000,9999.000,9999.000,9999.000,9999.000,9999.000
202604232018,   1.933,9999.000,9999.000,9999.000,9999.000,9999.000,9999.000,9999.000,9999.000
202604232024,   1.790,9999.000,9999.000,9999.000,9999.000,9999.000,9999.000,9999.000,9999.000
202604232030,   1.649,9999.000,9999.000,9999.000,9999.000,9999.000,9999.000,9999.000,9999.000
202604232036,   1.512,9999.000,9999.000,9999.000,9999.000,9999.000,9999.000,9999.000,9999.000
202604232042,   1.378,9999.000,9999.000,9999.000,9999.000,9999.000,9999.000,9999.000,9999.000
202604232048,   1.248,9999.000,9999.000,9999.000,9999.000,9999.000,9999.000,9999.000,9999.000
202604232054,   1.122,9999.000,9999.000,9999.000,9999.000,9999.000,9999.000,9999.000,9999.000
202604232100,   1.001,9999.000,  -0.600,9999.000,   0.401,  -0.700,   0.301,  -0.500,   0.501
202604232106,   0.885,9999.000,9999.000,9999.000,9999.000,9999.000,9999.000,9999.000,9999.000
202604232112,   0.775,9999.000,9999.000,9999.000,9999.000,9999.000,9999.000,9999.000,9999.000
202604232118,   0.671,9999.000,9999.000,9999.000,9999.000,9999.000,9999.000,9999.000,9999.000
202604232124,   0.573,9999.000,9999.000,9999.000,9999.000,9999.000,9999.000,9999.000,9999.000
202604232130,   0.481,9999.000,9999.000,9999.000,9999.000,9999.000,9999.000,9999.000,9999.000
202604232136,   0.396,9999.000,9999.000,9999.000,9999.000,9999.000,9999.000,9999.000,9999.000
202604232142,   0.318,9999.000,9999.000,9999.000,9999.000,9999.000,9999.000,9999.000,9999.000
202604232148,   0.246,9999.000,9999.000,9999.000,9999.000,9999.000,9999.000,9999.000,9999.000
202604232154,   0.181,9999.000,9999.000,9999.000,9999.000,9999.000,9999.000,9999.000,9999.000
202604232200,   0.123,9999.000,  -0.600,9999.000,  -0.477,  -0.700,  -0.577,  -0.500,  -0.377
202604232206,   0.071,9999.000,9999.000,9999.000,9999.000,9999.000,9999.000,9999.000,9999.000
202604232212,   0.026,9999.000,9999.000,9999.000,9999.000,9999.000,9999.000,9999.000,9999.000
202604232218,  -0.012,9999.000,9999.000,9999.000,9999.000,9999.000,9999.000,9999.000,9999.000
202604232224,  -0.044,9999.000,9999.000,9999.000,9999.000,9999.000,9999.000,9999.000,9999.000
202604232230,  -0.070,9999.000,9999.000,9999.000,9999.000,9999.000,9999.000,9999.000,9999.000
202604232236,  -0.090,9999.000,9999.000,9999.000,9999.000,9999.000,9999.000,9999.000,9999.000
202604232242,  -0.104,9999.000,9999.000,9999.000,9999.000,9999.000,9999.000,9999.000,9999.000
202604232248,  -0.113,9999.000,9999.000,9999.000,9999.000,9999.000,9999.000,9999.000,9999.000
202604232254,  -0.116,9999.000,9999.000,9999.000,9999.000,9999.000,9999.000,9999.000,9999.000
202604232300,  -0.114,9999.000,  -0.600,9999.000,  -0.714,  -0.700,  -0.814,  -0.500,  -0.614
202604232306,  -0.107,9999.000,9999.000,9999.000,9999.000,9999.000,9999.000,9999.000,9999.000
202604232312,  -0.095,9999.000,9999.000,9999.000,9999.000,9999.000,9999.000,9999.000,9999.000
202604232318,  -0.078,9999.000,9999.000,9999.000,9999.000,9999.000,9999.000,9999.000,9999.000
202604232324,  -0.056,9999.000,9999.000,9999.000,9999.000,9999.000,9999.000,9999.000,9999.000
202604232330,  -0.030,9999.000,9999.000,9999.000,9999.000,9999.000,9999.000,9999.000,9999.000
202604232336,   0.000,9999.000,9999.000,9999.000,9999.000,9999.000,9999.000,9999.000,9999.000
202604232342,   0.035,9999.000,9999.000,9999.000,9999.000,9999.000,9999.000,9999.000,9999.000
202604232348,   0.074,9999.000,9999.000,9999.000,9999.000,9999.000,9999.000,9999.000,9999.000
202604232354,   0.118,9999.000,9999.000,9999.000,9999.000,9999.000,9999.000,9999.000,9999.000
202604240000,   0.165,9999.000,  -0.600,9999.000,  -0.435,  -0.700,  -0.535,  -0.500,  -0.335
202604240006,   0.217,9999.000,9999.000,9999.000,9999.000,9999.000,9999.000,9999.000,9999.000
202604240012,   0.273,9999.000,9999.000,9999.000,9999.000,9999.000,9999.000,9999.000,9999.000
202604240018,   0.333,9999.000,9999.000,9999.000,9999.000,9999.000,9999.000,9999.000,9999.000
202604240024,   0.396,9999.000,9999.000,9999.000,9999.000,9999.000,9999.000,9999.000,9999.000
202604240030,   0.464,9999.000,9999.000,9999.000,9999.000,9999.000,9999.000,9999.000,9999.000
202604240036,   0.536,9999.000,9999.000,9999.000,9999.000,9999.000,9999.000,9999.000,9999.000
202604240042,   0.612,9999.000,9999.000,9999.000,9999.000,9999.000,9999.000,9999.000,9999.000
202604240048,   0.692,9999.000,9999.000,9999.000,9999.000,9999.000,9999.000,9999.000,9999.000
202604240054,   0.776,9999.000,9999.000,9999.000,9999.000,9999.000,9999.000,9999.000,9999.000
202604240100,   0.864,9999.000,  -0.600,9999.000,   0.264,  -0.600,   0.264,  -0.500,   0.364
202604240106,   0.955,9999.000,9999.000,9999.000,9999.000,9999.000,9999.000,9999.000,9999.000
202604240112,   1.051,9999.000,9999.000,9999.000,9999.000,9999.000,9999.000,9999.000,9999.000
202604240118,   1.150,9999.000,9999.000,9999.000,9999.000,9999.000,9999.000,9999.000,9999.000
202604240124,   1.254,9999.000,9999.000,9999.000,9999.000,9999.000,9999.000,9999.000,9999.000
202604240130,   1.361,9999.000,9999.000,9999.000,9999.000,9999.000,9999.000,9999.000,9999.000
202604240136,   1.471,9999.000,9999.000,9999.000,9999.000,9999.000,9999.000,9999.000,9999.000
202604240142,   1.585,9999.000,9999.000,9999.000,9999.000,9999.000,9999.000,9999.000,9999.000
202604240148,   1.702,9999.000,9999.000,9999.000,9999.000,9999.000,9999.000,9999.000,9999.000
202604240154,   1.822,9999.000,9999.000,9999.000,9999.000,9999.000,9999.000,9999.000,9999.000
202604240200,   1.944,9999.000,  -0.600,9999.000,   1.344,  -0.600,   1.344,  -0.500,   1.444
202604240206,   2.069,9999.000,9999.000,9999.000,9999.000,9999.000,9999.000,9999.000,9999.000
202604240212,   2.196,9999.000,9999.000,9999.000,9999.000,9999.000,9999.000,9999.000,9999.000
202604240218,   2.325,9999.000,9999.000,9999.000,9999.000,9999.000,9999.000,9999.000,9999.000
202604240224,   2.456,9999.000,9999.000,9999.000,9999.000,9999.000,9999.000,9999.000,9999.000
202604240230,   2.587,9999.000,9999.000,9999.000,9999.000,9999.000,9999.000,9999.000,9999.000
202604240236,   2.719,9999.000,9999.000,9999.000,9999.000,9999.000,9999.000,9999.000,9999.000
202604240242,   2.851,9999.000,9999.000,9999.000,9999.000,9999.000,9999.000,9999.000,9999.000
202604240248,   2.983,9999.000,9999.000,9999.000,9999.000,9999.000,9999.000,9999.000,9999.000
202604240254,   3.113,9999.000,9999.000,9999.000,9999.000,9999.000,9999.000,9999.000,9999.000
202604240300,   3.243,9999.000,  -0.600,9999.000,   2.643,  -0.700,   2.543,  -0.500,   2.743
202604240306,   3.370,9999.000,9999.000,9999.000,9999.000,9999.000,9999.000,9999.000,9999.000
202604240312,   3.496,9999.000,9999.000,9999.000,9999.000,9999.000,9999.000,9999.000,9999.000
202604240318,   3.618,9999.000,9999.000,9999.000,9999.000,9999.000,9999.000,9999.000,9999.000
202604240324,   3.737,9999.000,9999.000,9999.000,9999.000,9999.000,9999.000,9999.000,9999.000
202604240330,   3.853,9999.000,9999.000,9999.000,9999.000,9999.000,9999.000,9999.000,9999.000
202604240336,   3.965,9999.000,9999.000,9999.000,9999.000,9999.000,9999.000,9999.000,9999.000
202604240342,   4.072,9999.000,9999.000,9999.000,9999.000,9999.000,9999.000,9999.000,9999.000
202604240348,   4.175,9999.000,9999.000,9999.000,9999.000,9999.000,9999.000,9999.000,9999.000
202604240354,   4.273,9999.000,9999.000,9999.000,9999.000,9999.000,9999.000,9999.000,9999.000
202604240400,   4.366,9999.000,  -0.600,9999.000,   3.766,  -0.700,   3.666,  -0.500,   3.866
202604240406,   4.454,9999.000,9999.000,9999.000,9999.000,9999.000,9999.000,9999.000,9999.000
202604240412,   4.537,9999.000,9999.000,9999.000,9999.000,9999.000,9999.000,9999.000,9999.000
202604240418,   4.614,9999.000,9999.000,9999.000,9999.000,9999.000,9999.000,9999.000,9999.000
202604240424,   4.686,9999.000,9999.000,9999.000,9999.000,9999.000,9999.000,9999.000,9999.000
202604240430,   4.753,9999.000,9999.000,9999.000,9999.000,9999.000,9999.000,9999.000,9999.000
202604240436,   4.815,9999.000,9999.000,9999.000,9999.000,9999.000,9999.000,9999.000,9999.000
202604240442,   4.873,9999.000,9999.000,9999.000,9999.000,9999.000,9999.000,9999.000,9999.000
202604240448,   4.926,9999.000,9999.000,9999.000,9999.000,9999.000,9999.000,9999.000,9999.000
202604240454,   4.974,9999.000,9999.000,9999.000,9999.000,9999.000,9999.000,9999.000,9999.000
202604240500,   5.019,9999.000,  -0.600,9999.000,   4.419,  -0.600,   4.419,  -0.500,   4.519
202604240506,   5.060,9999.000,9999.000,9999.000,9999.000,9999.000,9999.000,9999.000,9999.000
202604240512,   5.098,9999.000,9999.000,9999.000,9999.000,9999.000,9999.000,9999.000,9999.000
202604240518,   5.132,9999.000,9999.000,9999.000,9999.000,9999.000,9999.000,9999.000,9999.000
202604240524,   5.164,9999.000,9999.000,9999.000,9999.000,9999.000,9999.000,9999.000,9999.000
202604240530,   5.193,9999.000,9999.000,9999.000,9999.000,9999.000,9999.000,9999.000,9999.000
202604240536,   5.220,9999.000,9999.000,9999.000,9999.000,9999.000,9999.000,9999.000,9999.000
202604240542,   5.244,9999.000,9999.000,9999.000,9999.000,9999.000,9999.000,9999.000,9999.000
202604240548,   5.267,9999.000,9999.000,9999.000,9999.000,9999.000,9999.000,9999.000,9999.000
202604240554,   5.288,9999.000,9999.000,9999.000,9999.000,9999.000,9999.000,9999.000,9999.000
202604240600,   5.307,9999.000,  -0.500,9999.000,   4.807,  -0.600,   4.707,  -0.500,   4.807
202604240606,   5.324,9999.000,9999.000,9999.000,9999.000,9999.000,9999.000,9999.000,9999.000
202604240612,   5.339,9999.000,9999.000,9999.000,9999.000,9999.000,9999.000,9999.000,9999.000
202604240618,   5.353,9999.000,9999.000,9999.000,9999.000,9999.000,9999.000,9999.000,9999.000
202604240624,   5.364,9999.000,9999.000,9999.000,9999.000,9999.000,9999.000,9999.000,9999.000
202604240630,   5.374,9999.000,9999.000,9999.000,9999.000,9999.000,9999.000,9999.000,9999.000
202604240636,   5.381,9999.000,9999.000,9999.000,9999.000,9999.000,9999.000,9999.000,9999.000
202604240642,   5.386,9999.000,9999.000,9999.000,9999.000,9999.000,9999.000,9999.000,9999.000
202604240648,   5.388,9999.000,9999.000,9999.000,9999.000,9999.000,9999.000,9999.000,9999.000
202604240654,   5.387,9999.000,9999.000,9999.000,9999.000,9999.000,9999.000,9999.000,9999.000
202604240700,   5.383,9999.000,  -0.600,9999.000,   4.783,  -0.600,   4.783,  -0.500,   4.883
202604240706,   5.375,9999.000,9999.000,9999.000,9999.000,9999.000,9999.000,9999.000,9999.000
202604240712,   5.365,9999.000,9999.000,9999.000,9999.000,9999.000,9999.000,9999.000,9999.000
202604240718,   5.350,9999.000,9999.000,9999.000,9999.000,9999.000,9999.000,9999.000,9999.000
202604240724,   5.332,9999.000,9999.000,9999.000,9999.000,9999.000,9999.000,9999.000,9999.000
202604240730,   5.309,9999.000,9999.000,9999.000,9999.000,9999.000,9999.000,9999.000,9999.000
202604240736,   5.283,9999.000,9999.000,9999.000,9999.000,9999.000,9999.000,9999.000,9999.000
202604240742,   5.253,9999.000,9999.000,9999.000,9999.000,9999.000,9999.000,9999.000,9999.000
202604240748,   5.219,9999.000,9999.000,9999.000,9999.000,9999.000,9999.000,9999.000,9999.000
202604240754,   5.181,9999.000,9999.000,9999.000,9999.000,9999.000,9999.000,9999.000,9999.000
202604240800,   5.139,9999.000,  -0.600,9999.000,   4.539,  -0.600,   4.539,  -0.500,   4.639
202604240806,   5.094,9999.000,9999.000,9999.000,9999.000,9999.000,9999.000,9999.000,9999.000
202604240812,   5.045,9999.000,9999.000,9999.000,9999.000,9999.000,9999.000,9999.000,9999.000
202604240818,   4.994,9999.000,9999.000,9999.000,9999.000,9999.000,9999.000,9999.000,9999.000
202604240824,   4.940,9999.000,9999.000,9999.000,9999.000,9999.000,9999.000,9999.000,9999.000
202604240830,   4.884,9999.000,9999.000,9999.000,9999.000,9999.000,9999.000,9999.000,9999.000
202604240836,   4.826,9999.000,9999.000,9999.000,9999.000,9999.000,9999.000,9999.000,9999.000
202604240842,   4.767,9999.000,9999.000,9999.000,9999.000,9999.000,9999.000,9999.000,9999.000
202604240848,   4.707,9999.000,9999.000,9999.000,9999.000,9999.000,9999.000,9999.000,9999.000
202604240854,   4.647,9999.000,9999.000,9999.000,9999.000,9999.000,9999.000,9999.000,9999.000
202604240900,   4.586,9999.000,  -0.600,9999.000,   3.986,  -0.600,   3.986,  -0.500,   4.086
202604240906,   4.526,9999.000,9999.000,9999.000,9999.000,9999.000,9999.000,9999.000,9999.000
202604240912,   4.467,9999.000,9999.000,9999.000,9999.000,9999.000,9999.000,9999.000,9999.000
202604240918,   4.409,9999.000,9999.000,9999.000,9999.000,9999.000,9999.000,9999.000,9999.000
202604240924,   4.353,9999.000,9999.000,9999.000,9999.000,9999.000,9999.000,9999.000,9999.000
202604240930,   4.299,9999.000,9999.000,9999.000,9999.000,9999.000,9999.000,9999.000,9999.000
202604240936,   4.247,9999.000,9999.000,9999.000,9999.000,9999.000,9999.000,9999.000,9999.000
202604240942,   4.199,9999.000,9999.000,9999.000,9999.000,9999.000,9999.000,9999.000,9999.000
202604240948,   4.153,9999.000,9999.000,9999.000,9999.000,9999.000,9999.000,9999.000,9999.000
202604240954,   4.110,9999.000,9999.000,9999.000,9999.000,9999.000,9999.000,9999.000,9999.000
202604241000,   4.071,9999.000,  -0.600,9999.000,   3.471,  -0.600,   3.471,  -0.500,   3.571
202604241006,   4.035,9999.000,9999.000,9999.000,9999.000,9999.000,9999.000,9999.000,9999.000
202604241012,   4.002,9999.000,9999.000,9999.000,9999.000,9999.000,9999.000,9999.000,9999.000
202604241018,   3.974,9999.000,9999.000,9999.000,9999.000,9999.000,9999.000,9999.000,9999.000
202604241024,   3.949,9999.000,9999.000,9999.000,9999.000,9999.000,9999.000,9999.000,9999.000
202604241030,   3.927,9999.000,9999.000,9999.000,9999.000,9999.000,9999.000,9999.000,9999.000
202604241036,   3.909,9999.000,9999.000,9999.000,9999.000,9999.000,9999.000,9999.000,9999.000
202604241042,   3.895,9999.000,9999.000,9999.000,9999.000,9999.000,9999.000,9999.000,9999.000
202604241048,   3.885,9999.000,9999.000,9999.000,9999.000,9999.000,9999.000,9999.000,9999.000
202604241054,   3.878,9999.000,9999.000,9999.000,9999.000,9999.000,9999.000,9999.000,9999.000
202604241100,   3.874,9999.000,  -0.600,9999.000,   3.274,  -0.700,   3.174,  -0.500,   3.374
202604241106,   3.873,9999.000,9999.000,9999.000,9999.000,9999.000,9999.000,9999.000,9999.000
202604241112,   3.875,9999.000,9999.000,9999.000,9999.000,9999.000,9999.000,9999.000,9999.000
202604241118,   3.881,9999.000,9999.000,9999.000,9999.000,9999.000,9999.000,9999.000,9999.000
202604241124,   3.889,9999.000,9999.000,9999.000,9999.000,9999.000,9999.000,9999.000,9999.000
202604241130,   3.900,9999.000,9999.000,9999.000,9999.000,9999.000,9999.000,9999.000,9999.000
202604241136,   3.913,9999.000,9999.000,9999.000,9999.000,9999.000,9999.000,9999.000,9999.000
202604241142,   3.929,9999.000,9999.000,9999.000,9999.000,9999.000,9999.000,9999.000,9999.000
202604241148,   3.947,9999.000,9999.000,9999.000,9999.000,9999.000,9999.000,9999.000,9999.000
202604241154,   3.967,9999.000,9999.000,9999.000,9999.000,9999.000,9999.000,9999.000,9999.000
202604241200,   3.990,9999.000,  -0.600,9999.000,   3.390,  -0.600,   3.390,  -0.500,   3.490
202604241206,   4.014,9999.000,9999.000,9999.000,9999.000,9999.000,9999.000,9999.000,9999.000
202604241212,   4.041,9999.000,9999.000,9999.000,9999.000,9999.000,9999.000,9999.000,9999.000
202604241218,   4.069,9999.000,9999.000,9999.000,9999.000,9999.000,9999.000,9999.000,9999.000
202604241224,   4.100,9999.000,9999.000,9999.000,9999.000,9999.000,9999.000,9999.000,9999.000
202604241230,   4.132,9999.000,9999.000,9999.000,9999.000,9999.000,9999.000,9999.000,9999.000
202604241236,   4.165,9999.000,9999.000,9999.000,9999.000,9999.000,9999.000,9999.000,9999.000
202604241242,   4.201,9999.000,9999.000,9999.000,9999.000,9999.000,9999.000,9999.000,9999.000
202604241248,   4.238,9999.000,9999.000,9999.000,9999.000,9999.000,9999.000,9999.000,9999.000
202604241254,   4.277,9999.000,9999.000,9999.000,9999.000,9999.000,9999.000,9999.000,9999.000
202604241300,   4.317,9999.000,  -0.600,9999.000,   3.717,  -0.600,   3.717,  -0.500,   3.817
202604241306,   4.359,9999.000,9999.000,9999.000,9999.000,9999.000,9999.000,9999.000,9999.000
202604241312,   4.403,9999.000,9999.000,9999.000,9999.000,9999.000,9999.000,9999.000,9999.000
202604241318,   4.448,9999.000,9999.000,9999.000,9999.000,9999.000,9999.000,9999.000,9999.000
202604241324,   4.495,9999.000,9999.000,9999.000,9999.000,9999.000,9999.000,9999.000,9999.000
202604241330,   4.544,9999.000,9999.000,9999.000,9999.000,9999.000,9999.000,9999.000,9999.000
202604241336,   4.594,9999.000,9999.000,9999.000,9999.000,9999.000,9999.000,9999.000,9999.000
202604241342,   4.646,9999.000,9999.000,9999.000,9999.000,9999.000,9999.000,9999.000,9999.000
202604241348,   4.700,9999.000,9999.000,9999.000,9999.000,9999.000,9999.000,9999.000,9999.000
202604241354,   4.755,9999.000,9999.000,9999.000,9999.000,9999.000,9999.000,9999.000,9999.000
202604241400,   4.812,9999.000,  -0.600,9999.000,   4.212,  -0.600,   4.212,  -0.500,   4.312
202604241406,   4.870,9999.000,9999.000,9999.000,9999.000,9999.000,9999.000,9999.000,9999.000
202604241412,   4.929,9999.000,9999.000,9999.000,9999.000,9999.000,9999.000,9999.000,9999.000
202604241418,   4.990,9999.000,9999.000,9999.000,9999.000,9999.000,9999.000,9999.000,9999.000
202604241424,   5.051,9999.000,9999.000,9999.000,9999.000,9999.000,9999.000,9999.000,9999.000
202604241430,   5.114,9999.000,9999.000,9999.000,9999.000,9999.000,9999.000,9999.000,9999.000
202604241436,   5.177,9999.000,9999.000,9999.000,9999.000,9999.000,9999.000,9999.000,9999.000
202604241442,   5.241,9999.000,9999.000,9999.000,9999.000,9999.000,9999.000,9999.000,9999.000
202604241448,   5.305,9999.000,9999.000,9999.000,9999.000,9999.000,9999.000,9999.000,9999.000
202604241454,   5.369,9999.000,9999.000,9999.000,9999.000,9999.000,9999.000,9999.000,9999.000
202604241500,   5.432,9999.000,  -0.600,9999.000,   4.832,  -0.700,   4.732,  -0.500,   4.932
202604241506,   5.495,9999.000,9999.000,9999.000,9999.000,9999.000,9999.000,9999.000,9999.000
202604241512,   5.556,9999.000,9999.000,9999.000,9999.000,9999.000,9999.000,9999.000,9999.000
202604241518,   5.616,9999.000,9999.000,9999.000,9999.000,9999.000,9999.000,9999.000,9999.000
202604241524,   5.674,9999.000,9999.000,9999.000,9999.000,9999.000,9999.000,9999.000,9999.000
202604241530,   5.729,9999.000,9999.000,9999.000,9999.000,9999.000,9999.000,9999.000,9999.000
202604241536,   5.782,9999.000,9999.000,9999.000,9999.000,9999.000,9999.000,9999.000,9999.000
202604241542,   5.832,9999.000,9999.000,9999.000,9999.000,9999.000,9999.000,9999.000,9999.000
202604241548,   5.877,9999.000,9999.000,9999.000,9999.000,9999.000,9999.000,9999.000,9999.000
202604241554,   5.919,9999.000,9999.000,9999.000,9999.000,9999.000,9999.000,9999.000,9999.000
202604241600,   5.957,9999.000,  -0.600,9999.000,   5.357,  -0.700,   5.257,  -0.500,   5.457
202604241606,   5.989,9999.000,9999.000,9999.000,9999.000,9999.000,9999.000,9999.000,9999.000
202604241612,   6.017,9999.000,9999.000,9999.000,9999.000,9999.000,9999.000,9999.000,9999.000
202604241618,   6.040,9999.000,9999.000,9999.000,9999.000,9999.000,9999.000,9999.000,9999.000
202604241624,   6.057,9999.000,9999.000,9999.000,9999.000,9999.000,9999.000,9999.000,9999.000
202604241630,   6.068,9999.000,9999.000,9999.000,9999.000,9999.000,9999.000,9999.000,9999.000
202604241636,   6.074,9999.000,9999.000,9999.000,9999.000,9999.000,9999.000,9999.000,9999.000
202604241642,   6.075,9999.000,9999.000,9999.000,9999.000,9999.000,9999.000,9999.000,9999.000
202604241648,   6.069,9999.000,9999.000,9999.000,9999.000,9999.000,9999.000,9999.000,9999.000
202604241654,   6.058,9999.000,9999.000,9999.000,9999.000,9999.000,9999.000,9999.000,9999.000
202604241700,   6.042,9999.000,  -0.600,9999.000,   5.442,  -0.700,   5.342,  -0.500,   5.542
202604241706,   6.020,9999.000,9999.000,9999.000,9999.000,9999.000,9999.000,9999.000,9999.000
202604241712,   5.993,9999.000,9999.000,9999.000,9999.000,9999.000,9999.000,9999.000,9999.000
202604241718,   5.961,9999.000,9999.000,9999.000,9999.000,9999.000,9999.000,9999.000,9999.000
202604241724,   5.925,9999.000,9999.000,9999.000,9999.000,9999.000,9999.000,9999.000,9999.000
202604241730,   5.884,9999.000,9999.000,9999.000,9999.000,9999.000,9999.000,9999.000,9999.000
202604241736,   5.840,9999.000,9999.000,9999.000,9999.000,9999.000,9999.000,9999.000,9999.000
202604241742,   5.791,9999.000,9999.000,9999.000,9999.000,9999.000,9999.000,9999.000,9999.000
202604241748,   5.740,9999.000,9999.000,9999.000,9999.000,9999.000,9999.000,9999.000,9999.000
202604241754,   5.685,9999.000,9999.000,9999.000,9999.000,9999.000,9999.000,9999.000,9999.000
202604241800,   5.627,9999.000,  -0.600,9999.000,   5.027,  -0.700,   4.927,  -0.500,   5.127
202604241806,   5.567,9999.000,9999.000,9999.000,9999.000,9999.000,9999.000,9999.000,9999.000
202604241812,   5.505,9999.000,9999.000,9999.000,9999.000,9999.000,9999.000,9999.000,9999.000
202604241818,   5.441,9999.000,9999.000,9999.000,9999.000,9999.000,9999.000,9999.000,9999.000
202604241824,   5.374,9999.000,9999.000,9999.000,9999.000,9999.000,9999.000,9999.000,9999.000
202604241830,   5.306,9999.000,9999.000,9999.000,9999.000,9999.000,9999.000,9999.000,9999.000
202604241836,   5.236,9999.000,9999.000,9999.000,9999.000,9999.000,9999.000,9999.000,9999.000
202604241842,   5.164,9999.000,9999.000,9999.000,9999.000,9999.000,9999.000,9999.000,9999.000
202604241848,   5.090,9999.000,9999.000,9999.000,9999.000,9999.000,9999.000,9999.000,9999.000
202604241854,   5.015,9999.000,9999.000,9999.000,9999.000,9999.000,9999.000,9999.000,9999.000
202604241900,   4.937,9999.000,  -0.600,9999.000,   4.337,  -0.700,   4.237,  -0.500,   4.437
202604241906,   4.858,9999.000,9999.000,9999.000,9999.000,9999.000,9999.000,9999.000,9999.000
202604241912,   4.776,9999.000,9999.000,9999.000,9999.000,9999.000,9999.000,9999.000,9999.000
202604241918,   4.692,9999.000,9999.000,9999.000,9999.000,9999.000,9999.000,9999.000,9999.000
202604241924,   4.605,9999.000,9999.000,9999.000,9999.000,9999.000,9999.000,9999.000,9999.000
202604241930,   4.515,9999.000,9999.000,9999.000,9999.000,9999.000,9999.000,9999.000,9999.000
202604241936,   4.423,9999.000,9999.000,9999.000,9999.000,9999.000,9999.000,9999.000,9999.000
202604241942,   4.328,9999.000,9999.000,9999.000,9999.000,9999.000,9999.000,9999.000,9999.000
202604241948,   4.229,9999.000,9999.000,9999.000,9999.000,9999.000,9999.000,9999.000,9999.000
202604241954,   4.128,9999.000,9999.000,9999.000,9999.000,9999.000,9999.000,9999.000,9999.000
202604242000,   4.023,9999.000,  -0.600,9999.000,   3.423,  -0.700,   3.323,  -0.600,   3.423
202604242006,   3.915,9999.000,9999.000,9999.000,9999.000,9999.000,9999.000,9999.000,9999.000
202604242012,   3.804,9999.000,9999.000,9999.000,9999.000,9999.000,9999.000,9999.000,9999.000
202604242018,   3.689,9999.000,9999.000,9999.000,9999.000,9999.000,9999.000,9999.000,9999.000
202604242024,   3.572,9999.000,9999.000,9999.000,9999.000,9999.000,9999.000,9999.000,9999.000
202604242030,   3.452,9999.000,9999.000,9999.000,9999.000,9999.000,9999.000,9999.000,9999.000
202604242036,   3.330,9999.000,9999.000,9999.000,9999.000,9999.000,9999.000,9999.000,9999.000
202604242042,   3.205,9999.000,9999.000,9999.000,9999.000,9999.000,9999.000,9999.000,9999.000
202604242048,   3.078,9999.000,9999.000,9999.000,9999.000,9999.000,9999.000,9999.000,9999.000
202604242054,   2.950,9999.000,9999.000,9999.000,9999.000,9999.000,9999.000,9999.000,9999.000
202604242100,   2.821,9999.000,  -0.600,9999.000,   2.221,  -0.700,   2.121,  -0.500,   2.321
202604242106,   2.691,9999.000,9999.000,9999.000,9999.000,9999.000,9999.000,9999.000,9999.000
202604242112,   2.561,9999.000,9999.000,9999.000,9999.000,9999.000,9999.000,9999.000,9999.000
202604242118,   2.431,9999.000,9999.000,9999.000,9999.000,9999.000,9999.000,9999.000,9999.000
202604242124,   2.302,9999.000,9999.000,9999.000,9999.000,9999.000,9999.000,9999.000,9999.000
202604242130,   2.174,9999.000,9999.000,9999.000,9999.000,9999.000,9999.000,9999.000,9999.000
202604242136,   2.048,9999.000,9999.000,9999.000,9999.000,9999.000,9999.000,9999.000,9999.000
202604242142,   1.924,9999.000,9999.000,9999.000,9999.000,9999.000,9999.000,9999.000,9999.000
202604242148,   1.803,9999.000,9999.000,9999.000,9999.000,9999.000,9999.000,9999.000,9999.000
202604242154,   1.685,9999.000,9999.000,9999.000,9999.000,9999.000,9999.000,9999.000,9999.000
202604242200,   1.570,9999.000,  -0.600,9999.000,   0.970,  -0.700,   0.870,  -0.600,   0.970
202604242206,   1.459,9999.000,9999.000,9999.000,9999.000,9999.000,9999.000,9999.000,9999.000
202604242212,   1.352,9999.000,9999.000,9999.000,9999.000,9999.000,9999.000,9999.000,9999.000
202604242218,   1.250,9999.000,9999.000,9999.000,9999.000,9999.000,9999.000,9999.000,9999.000
202604242224,   1.153,9999.000,9999.000,9999.000,9999.000,9999.000,9999.000,9999.000,9999.000
202604242230,   1.060,9999.000,9999.000,9999.000,9999.000,9999.000,9999.000,9999.000,9999.000
202604242236,   0.973,9999.000,9999.000,9999.000,9999.000,9999.000,9999.000,9999.000,9999.000
202604242242,   0.891,9999.000,9999.000,9999.000,9999.000,9999.000,9999.000,9999.000,9999.000
202604242248,   0.815,9999.000,9999.000,9999.000,9999.000,9999.000,9999.000,9999.000,9999.000
202604242254,   0.745,9999.000,9999.000,9999.000,9999.000,9999.000,9999.000,9999.000,9999.000
202604242300,   0.680,9999.000,  -0.700,9999.000,  -0.020,  -0.700,  -0.020,  -0.600,   0.080
202604242306,   0.621,9999.000,9999.000,9999.000,9999.000,9999.000,9999.000,9999.000,9999.000
202604242312,   0.567,9999.000,9999.000,9999.000,9999.000,9999.000,9999.000,9999.000,9999.000
202604242318,   0.520,9999.000,9999.000,9999.000,9999.000,9999.000,9999.000,9999.000,9999.000
202604242324,   0.478,9999.000,9999.000,9999.000,9999.000,9999.000,9999.000,9999.000,9999.000
202604242330,   0.442,9999.000,9999.000,9999.000,9999.000,9999.000,9999.000,9999.000,9999.000
202604242336,   0.411,9999.000,9999.000,9999.000,9999.000,9999.000,9999.000,9999.000,9999.000
202604242342,   0.386,9999.000,9999.000,9999.000,9999.000,9999.000,9999.000,9999.000,9999.000
202604242348,   0.367,9999.000,9999.000,9999.000,9999.000,9999.000,9999.000,9999.000,9999.000
202604242354,   0.352,9999.000,9999.000,9999.000,9999.000,9999.000,9999.000,9999.000,9999.000
202604250000,   0.343,9999.000,  -0.700,9999.000,  -0.357,  -0.800,  -0.457,  -0.600,  -0.257
202604250006,   0.339,9999.000,9999.000,9999.000,9999.000,9999.000,9999.000,9999.000,9999.000
202604250012,   0.340,9999.000,9999.000,9999.000,9999.000,9999.000,9999.000,9999.000,9999.000
202604250018,   0.346,9999.000,9999.000,9999.000,9999.000,9999.000,9999.000,9999.000,9999.000
202604250024,   0.357,9999.000,9999.000,9999.000,9999.000,9999.000,9999.000,9999.000,9999.000
202604250030,   0.372,9999.000,9999.000,9999.000,9999.000,9999.000,9999.000,9999.000,9999.000
202604250036,   0.392,9999.000,9999.000,9999.000,9999.000,9999.000,9999.000,9999.000,9999.000
202604250042,   0.416,9999.000,9999.000,9999.000,9999.000,9999.000,9999.000,9999.000,9999.000
202604250048,   0.445,9999.000,9999.000,9999.000,9999.000,9999.000,9999.000,9999.000,9999.000
202604250054,   0.478,9999.000,9999.000,9999.000,9999.000,9999.000,9999.000,9999.000,9999.000
202604250100,   0.515,9999.000,  -0.600,9999.000,  -0.085,  -0.700,  -0.185,  -0.500,   0.015
202604250106,   0.556,9999.000,9999.000,9999.000,9999.000,9999.000,9999.000,9999.000,9999.000
202604250112,   0.602,9999.000,9999.000,9999.000,9999.000,9999.000,9999.000,9999.000,9999.000
202604250118,   0.651,9999.000,9999.000,9999.000,9999.000,9999.000,9999.000,9999.000,9999.000
202604250124,   0.704,9999.000,9999.000,9999.000,9999.000,9999.000,9999.000,9999.000,9999.000
202604250130,   0.762,9999.000,9999.000,9999.000,9999.000,9999.000,9999.000,9999.000,9999.000
202604250136,   0.823,9999.000,9999.000,9999.000,9999.000,9999.000,9999.000,9999.000,9999.000
202604250142,   0.888,9999.000,9999.000,9999.000,9999.000,9999.000,9999.000,9999.000,9999.000
202604250148,   0.957,9999.000,9999.000,9999.000,9999.000,9999.000,9999.000,9999.000,9999.000
202604250154,   1.031,9999.000,9999.000,9999.000,9999.000,9999.000,9999.000,9999.000,9999.000
202604250200,   1.108,9999.000,  -0.600,9999.000,   0.508,  -0.700,   0.408,  -0.500,   0.608
202604250206,   1.189,9999.000,9999.000,9999.000,9999.000,9999.000,9999.000,9999.000,9999.000
202604250212,   1.274,9999.000,9999.000,9999.000,9999.000,9999.000,9999.000,9999.000,9999.000
202604250218,   1.363,9999.000,9999.000,9999.000,9999.000,9999.000,9999.000,9999.000,9999.000
202604250224,   1.456,9999.000,9999.000,9999.000,9999.000,9999.000,9999.000,9999.000,9999.000
202604250230,   1.553,9999.000,9999.000,9999.000,9999.000,9999.000,9999.000,9999.000,9999.000
202604250236,   1.654,9999.000,9999.000,9999.000,9999.000,9999.000,9999.000,9999.000,9999.000
202604250242,   1.758,9999.000,9999.000,9999.000,9999.000,9999.000,9999.000,9999.000,9999.000
202604250248,   1.866,9999.000,9999.000,9999.000,9999.000,9999.000,9999.000,9999.000,9999.000
202604250254,   1.978,9999.000,9999.000,9999.000,9999.000,9999.000,9999.000,9999.000,9999.000
202604250300,   2.093,9999.000,  -0.600,9999.000,   1.493,  -0.800,   1.293,  -0.500,   1.593
202604250306,   2.211,9999.000,9999.000,9999.000,9999.000,9999.000,9999.000,9999.000,9999.000
202604250312,   2.332,9999.000,9999.000,9999.000,9999.000,9999.000,9999.000,9999.000,9999.000
202604250318,   2.455,9999.000,9999.000,9999.000,9999.000,9999.000,9999.000,9999.000,9999.000
202604250324,   2.581,9999.000,9999.000,9999.000,9999.000,9999.000,9999.000,9999.000,9999.000
202604250330,   2.708,9999.000,9999.000,9999.000,9999.000,9999.000,9999.000,9999.000,9999.000
202604250336,   2.837,9999.000,9999.000,9999.000,9999.000,9999.000,9999.000,9999.000,9999.000
202604250342,   2.967,9999.000,9999.000,9999.000,9999.000,9999.000,9999.000,9999.000,9999.000
202604250348,   3.097,9999.000,9999.000,9999.000,9999.000,9999.000,9999.000,9999.000,9999.000
202604250354,   3.227,9999.000,9999.000,9999.000,9999.000,9999.000,9999.000,9999.000,9999.000
202604250400,   3.357,9999.000,  -0.600,9999.000,   2.757,  -0.800,   2.557,  -0.500,   2.857
202604250406,   3.486,9999.000,9999.000,9999.000,9999.000,9999.000,9999.000,9999.000,9999.000
202604250412,   3.614,9999.000,9999.000,9999.000,9999.000,9999.000,9999.000,9999.000,9999.000
202604250418,   3.739,9999.000,9999.000,9999.000,9999.000,9999.000,9999.000,9999.000,9999.000
202604250424,   3.862,9999.000,9999.000,9999.000,9999.000,9999.000,9999.000,9999.000,9999.000
202604250430,   3.982,9999.000,9999.000,9999.000,9999.000,9999.000,9999.000,9999.000,9999.000
202604250436,   4.099,9999.000,9999.000,9999.000,9999.000,9999.000,9999.000,9999.000,9999.000
202604250442,   4.212,9999.000,9999.000,9999.000,9999.000,9999.000,9999.000,9999.000,9999.000
202604250448,   4.321,9999.000,9999.000,9999.000,9999.000,9999.000,9999.000,9999.000,9999.000
202604250454,   4.426,9999.000,9999.000,9999.000,9999.000,9999.000,9999.000,9999.000,9999.000
202604250500,   4.527,9999.000,  -0.600,9999.000,   3.927,  -0.700,   3.827,  -0.400,   4.127
202604250506,   4.622,9999.000,9999.000,9999.000,9999.000,9999.000,9999.000,9999.000,9999.000
202604250512,   4.713,9999.000,9999.000,9999.000,9999.000,9999.000,9999.000,9999.000,9999.000
202604250518,   4.799,9999.000,9999.000,9999.000,9999.000,9999.000,9999.000,9999.000,9999.000
202604250524,   4.880,9999.000,9999.000,9999.000,9999.000,9999.000,9999.000,9999.000,9999.000
202604250530,   4.956,9999.000,9999.000,9999.000,9999.000,9999.000,9999.000,9999.000,9999.000
202604250536,   5.028,9999.000,9999.000,9999.000,9999.000,9999.000,9999.000,9999.000,9999.000
202604250542,   5.094,9999.000,9999.000,9999.000,9999.000,9999.000,9999.000,9999.000,9999.000
202604250548,   5.157,9999.000,9999.000,9999.000,9999.000,9999.000,9999.000,9999.000,9999.000
202604250554,   5.215,9999.000,9999.000,9999.000,9999.000,9999.000,9999.000,9999.000,9999.000
202604250600,   5.269,9999.000,  -0.600,9999.000,   4.669,  -0.800,   4.469,  -0.400,   4.869
202604250606,   5.319,9999.000,9999.000,9999.000,9999.000,9999.000,9999.000,9999.000,9999.000
202604250612,   5.366,9999.000,9999.000,9999.000,9999.000,9999.000,9999.000,9999.000,9999.000
202604250618,   5.410,9999.000,9999.000,9999.000,9999.000,9999.000,9999.000,9999.000,9999.000
202604250624,   5.450,9999.000,9999.000,9999.000,9999.000,9999.000,9999.000,9999.000,9999.000
202604250630,   5.488,9999.000,9999.000,9999.000,9999.000,9999.000,9999.000,9999.000,9999.000
202604250636,   5.523,9999.000,9999.000,9999.000,9999.000,9999.000,9999.000,9999.000,9999.000
202604250642,   5.556,9999.000,9999.000,9999.000,9999.000,9999.000,9999.000,9999.000,9999.000
202604250648,   5.586,9999.000,9999.000,9999.000,9999.000,9999.000,9999.000,9999.000,9999.000
202604250654,   5.614,9999.000,9999.000,9999.000,9999.000,9999.000,9999.000,9999.000,9999.000
202604250700,   5.639,9999.000,  -0.600,9999.000,   5.039,  -0.800,   4.839,  -0.500,   5.139
202604250706,   5.662,9999.000,9999.000,9999.000,9999.000,9999.000,9999.000,9999.000,9999.000
202604250712,   5.683,9999.000,9999.000,9999.000,9999.000,9999.000,9999.000,9999.000,9999.000
202604250718,   5.701,9999.000,9999.000,9999.000,9999.000,9999.000,9999.000,9999.000,9999.000
202604250724,   5.717,9999.000,9999.000,9999.000,9999.000,9999.000,9999.000,9999.000,9999.000
202604250730,   5.730,9999.000,9999.000,9999.000,9999.000,9999.000,9999.000,9999.000,9999.000
202604250736,   5.740,9999.000,9999.000,9999.000,9999.000,9999.000,9999.000,9999.000,9999.000
202604250742,   5.746,9999.000,9999.000,9999.000,9999.000,9999.000,9999.000,9999.000,9999.000
202604250748,   5.749,9999.000,9999.000,9999.000,9999.000,9999.000,9999.000,9999.000,9999.000
202604250754,   5.749,9999.000,9999.000,9999.000,9999.000,9999.000,9999.000,9999.000,9999.000
202604250800,   5.744,9999.000,  -0.600,9999.000,   5.144,  -0.800,   4.944,  -0.500,   5.244
202604250806,   5.735,9999.000,9999.000,9999.000,9999.000,9999.000,9999.000,9999.000,9999.000
202604250812,   5.722,9999.000,9999.000,9999.000,9999.000,9999.000,9999.000,9999.000,9999.000
202604250818,   5.704,9999.000,9999.000,9999.000,9999.000,9999.000,9999.000,9999.000,9999.000
202604250824,   5.681,9999.000,9999.000,9999.000,9999.000,9999.000,9999.000,9999.000,9999.000
202604250830,   5.654,9999.000,9999.000,9999.000,9999.000,9999.000,9999.000,9999.000,9999.000
202604250836,   5.621,9999.000,9999.000,9999.000,9999.000,9999.000,9999.000,9999.000,9999.000
202604250842,   5.584,9999.000,9999.000,9999.000,9999.000,9999.000,9999.000,9999.000,9999.000
202604250848,   5.542,9999.000,9999.000,9999.000,9999.000,9999.000,9999.000,9999.000,9999.000
202604250854,   5.495,9999.000,9999.000,9999.000,9999.000,9999.000,9999.000,9999.000,9999.000
202604250900,   5.443,9999.000,  -0.600,9999.000,   4.843,  -0.800,   4.643,  -0.400,   5.043
202604250906,   5.386,9999.000,9999.000,9999.000,9999.000,9999.000,9999.000,9999.000,9999.000
202604250912,   5.326,9999.000,9999.000,9999.000,9999.000,9999.000,9999.000,9999.000,9999.000
202604250918,   5.261,9999.000,9999.000,9999.000,9999.000,9999.000,9999.000,9999.000,9999.000
202604250924,   5.193,9999.000,9999.000,9999.000,9999.000,9999.000,9999.000,9999.000,9999.000
202604250930,   5.122,9999.000,9999.000,9999.000,9999.000,9999.000,9999.000,9999.000,9999.000
202604250936,   5.047,9999.000,9999.000,9999.000,9999.000,9999.000,9999.000,9999.000,9999.000
202604250942,   4.971,9999.000,9999.000,9999.000,9999.000,9999.000,9999.000,9999.000,9999.000
202604250948,   4.892,9999.000,9999.000,9999.000,9999.000,9999.000,9999.000,9999.000,9999.000
202604250954,   4.812,9999.000,9999.000,9999.000,9999.000,9999.000,9999.000,9999.000,9999.000
202604251000,   4.731,9999.000,  -0.600,9999.000,   4.131,  -0.800,   3.931,  -0.500,   4.231
202604251006,   4.650,9999.000,9999.000,9999.000,9999.000,9999.000,9999.000,9999.000,9999.000
202604251012,   4.568,9999.000,9999.000,9999.000,9999.000,9999.000,9999.000,9999.000,9999.000
202604251018,   4.487,9999.000,9999.000,9999.000,9999.000,9999.000,9999.000,9999.000,9999.000
202604251024,   4.407,9999.000,9999.000,9999.000,9999.000,9999.000,9999.000,9999.000,9999.000
202604251030,   4.329,9999.000,9999.000,9999.000,9999.000,9999.000,9999.000,9999.000,9999.000
202604251036,   4.252,9999.000,9999.000,9999.000,9999.000,9999.000,9999.000,9999.000,9999.000
202604251042,   4.177,9999.000,9999.000,9999.000,9999.000,9999.000,9999.000,9999.000,9999.000
202604251048,   4.105,9999.000,9999.000,9999.000,9999.000,9999.000,9999.000,9999.000,9999.000
202604251054,   4.035,9999.000,9999.000,9999.000,9999.000,9999.000,9999.000,9999.000,9999.000
202604251100,   3.968,9999.000,  -0.700,9999.000,   3.268,  -0.800,   3.168,  -0.600,   3.368
202604251106,   3.905,9999.000,9999.000,9999.000,9999.000,9999.000,9999.000,9999.000,9999.000
202604251112,   3.845,9999.000,9999.000,9999.000,9999.000,9999.000,9999.000,9999.000,9999.000
202604251118,   3.789,9999.000,9999.000,9999.000,9999.000,9999.000,9999.000,9999.000,9999.000
202604251124,   3.736,9999.000,9999.000,9999.000,9999.000,9999.000,9999.000,9999.000,9999.000
202604251130,   3.687,9999.000,9999.000,9999.000,9999.000,9999.000,9999.000,9999.000,9999.000
202604251136,   3.642,9999.000,9999.000,9999.000,9999.000,9999.000,9999.000,9999.000,9999.000
202604251142,   3.601,9999.000,9999.000,9999.000,9999.000,9999.000,9999.000,9999.000,9999.000
202604251148,   3.564,9999.000,9999.000,9999.000,9999.000,9999.000,9999.000,9999.000,9999.000
202604251154,   3.531,9999.000,9999.000,9999.000,9999.000,9999.000,9999.000,9999.000,9999.000
202604251200,   3.501,9999.000,  -0.700,9999.000,   2.801,  -0.800,   2.701,  -0.500,   3.001
202604251206,   3.475,9999.000,9999.000,9999.000,9999.000,9999.000,9999.000,9999.000,9999.000
202604251212,   3.452,9999.000,9999.000,9999.000,9999.000,9999.000,9999.000,9999.000,9999.000
202604251218,   3.433,9999.000,9999.000,9999.000,9999.000,9999.000,9999.000,9999.000,9999.000
202604251224,   3.418,9999.000,9999.000,9999.000,9999.000,9999.000,9999.000,9999.000,9999.000
202604251230,   3.405,9999.000,9999.000,9999.000,9999.000,9999.000,9999.000,9999.000,9999.000
202604251236,   3.396,9999.000,9999.000,9999.000,9999.000,9999.000,9999.000,9999.000,9999.000
202604251242,   3.389,9999.000,9999.000,9999.000,9999.000,9999.000,9999.000,9999.000,9999.000
202604251248,   3.386,9999.000,9999.000,9999.000,9999.000,9999.000,9999.000,9999.000,9999.000
202604251254,   3.385,9999.000,9999.000,9999.000,9999.000,9999.000,9999.000,9999.000,9999.000
202604251300,   3.387,9999.000,  -0.700,9999.000,   2.687,  -0.800,   2.587,  -0.500,   2.887
202604251306,   3.391,9999.000,9999.000,9999.000,9999.000,9999.000,9999.000,9999.000,9999.000
202604251312,   3.397,9999.000,9999.000,9999.000,9999.000,9999.000,9999.000,9999.000,9999.000
202604251318,   3.406,9999.000,9999.000,9999.000,9999.000,9999.000,9999.000,9999.000,9999.000
202604251324,   3.417,9999.000,9999.000,9999.000,9999.000,9999.000,9999.000,9999.000,9999.000
202604251330,   3.430,9999.000,9999.000,9999.000,9999.000,9999.000,9999.000,9999.000,9999.000
202604251336,   3.446,9999.000,9999.000,9999.000,9999.000,9999.000,9999.000,9999.000,9999.000
202604251342,   3.463,9999.000,9999.000,9999.000,9999.000,9999.000,9999.000,9999.000,9999.000
202604251348,   3.483,9999.000,9999.000,9999.000,9999.000,9999.000,9999.000,9999.000,9999.000
202604251354,   3.505,9999.000,9999.000,9999.000,9999.000,9999.000,9999.000,9999.000,9999.000
202604251400,   3.528,9999.000,  -0.700,9999.000,   2.828,  -0.800,   2.728,  -0.500,   3.028
202604251406,   3.555,9999.000,9999.000,9999.000,9999.000,9999.000,9999.000,9999.000,9999.000
202604251412,   3.583,9999.000,9999.000,9999.000,9999.000,9999.000,9999.000,9999.000,9999.000
202604251418,   3.614,9999.000,9999.000,9999.000,9999.000,9999.000,9999.000,9999.000,9999.000
202604251424,   3.648,9999.000,9999.000,9999.000,9999.000,9999.000,9999.000,9999.000,9999.000
202604251430,   3.684,9999.000,9999.000,9999.000,9999.000,9999.000,9999.000,9999.000,9999.000
202604251436,   3.723,9999.000,9999.000,9999.000,9999.000,9999.000,9999.000,9999.000,9999.000
202604251442,   3.765,9999.000,9999.000,9999.000,9999.000,9999.000,9999.000,9999.000,9999.000
202604251448,   3.809,9999.000,9999.000,9999.000,9999.000,9999.000,9999.000,9999.000,9999.000
202604251454,   3.857,9999.000,9999.000,9999.000,9999.000,9999.000,9999.000,9999.000,9999.000
202604251500,   3.907,9999.000,  -0.700,9999.000,   3.207,  -0.800,   3.107,  -0.500,   3.407
202604251506,   3.961,9999.000,9999.000,9999.000,9999.000,9999.000,9999.000,9999.000,9999.000
202604251512,   4.017,9999.000,9999.000,9999.000,9999.000,9999.000,9999.000,9999.000,9999.000
202604251518,   4.077,9999.000,9999.000,9999.000,9999.000,9999.000,9999.000,9999.000,9999.000
202604251524,   4.139,9999.000,9999.000,9999.000,9999.000,9999.000,9999.000,9999.000,9999.000
202604251530,   4.204,9999.000,9999.000,9999.000,9999.000,9999.000,9999.000,9999.000,9999.000
202604251536,   4.271,9999.000,9999.000,9999.000,9999.000,9999.000,9999.000,9999.000,9999.000
202604251542,   4.340,9999.000,9999.000,9999.000,9999.000,9999.000,9999.000,9999.000,9999.000
202604251548,   4.411,9999.000,9999.000,9999.000,9999.000,9999.000,9999.000,9999.000,9999.000
202604251554,   4.484,9999.000,9999.000,9999.000,9999.000,9999.000,9999.000,9999.000,9999.000
202604251600,   4.558,9999.000,  -0.700,9999.000,   3.858,  -0.900,   3.658,  -0.600,   3.958
202604251606,   4.632,9999.000,9999.000,9999.000,9999.000,9999.000,9999.000,9999.000,9999.000
202604251612,   4.707,9999.000,9999.000,9999.000,9999.000,9999.000,9999.000,9999.000,9999.000
202604251618,   4.782,9999.000,9999.000,9999.000,9999.000,9999.000,9999.000,9999.000,9999.000
202604251624,   4.856,9999.000,9999.000,9999.000,9999.000,9999.000,9999.000,9999.000,9999.000
202604251630,   4.929,9999.000,9999.000,9999.000,9999.000,9999.000,9999.000,9999.000,9999.000
202604251636,   5.000,9999.000,9999.000,9999.000,9999.000,9999.000,9999.000,9999.000,9999.000
202604251642,   5.069,9999.000,9999.000,9999.000,9999.000,9999.000,9999.000,9999.000,9999.000
202604251648,   5.135,9999.000,9999.000,9999.000,9999.000,9999.000,9999.000,9999.000,9999.000
202604251654,   5.198,9999.000,9999.000,9999.000,9999.000,9999.000,9999.000,9999.000,9999.000
202604251700,   5.257,9999.000,  -0.700,9999.000,   4.557,  -0.800,   4.457,  -0.500,   4.757
202604251706,   5.312,9999.000,9999.000,9999.000,9999.000,9999.000,9999.000,9999.000,9999.000
202604251712,   5.363,9999.000,9999.000,9999.000,9999.000,9999.000,9999.000,9999.000,9999.000
202604251718,   5.409,9999.000,9999.000,9999.000,9999.000,9999.000,9999.000,9999.000,9999.000
202604251724,   5.449,9999.000,9999.000,9999.000,9999.000,9999.000,9999.000,9999.000,9999.000
202604251730,   5.485,9999.000,9999.000,9999.000,9999.000,9999.000,9999.000,9999.000,9999.000
202604251736,   5.515,9999.000,9999.000,9999.000,9999.000,9999.000,9999.000,9999.000,9999.000
202604251742,   5.540,9999.000,9999.000,9999.000,9999.000,9999.000,9999.000,9999.000,9999.000
202604251748,   5.560,9999.000,9999.000,9999.000,9999.000,9999.000,9999.000,9999.000,9999.000
202604251754,   5.574,9999.000,9999.000,9999.000,9999.000,9999.000,9999.000,9999.000,9999.000
202604251800,   5.583,9999.000,  -0.700,9999.000,   4.883,  -0.800,   4.783,  -0.500,   5.083
202604251806,   5.587,9999.000,9999.000,9999.000,9999.000,9999.000,9999.000,9999.000,9999.000
202604251812,   5.587,9999.000,9999.000,9999.000,9999.000,9999.000,9999.000,9999.000,9999.000
202604251818,   5.581,9999.000,9999.000,9999.000,9999.000,9999.000,9999.000,9999.000,9999.000
202604251824,   5.572,9999.000,9999.000,9999.000,9999.000,9999.000,9999.000,9999.000,9999.000
202604251830,   5.558,9999.000,9999.000,9999.000,9999.000,9999.000,9999.000,9999.000,9999.000
202604251836,   5.541,9999.000,9999.000,9999.000,9999.000,9999.000,9999.000,9999.000,9999.000
202604251842,   5.520,9999.000,9999.000,9999.000,9999.000,9999.000,9999.000,9999.000,9999.000
202604251848,   5.496,9999.000,9999.000,9999.000,9999.000,9999.000,9999.000,9999.000,9999.000
202604251854,   5.470,9999.000,9999.000,9999.000,9999.000,9999.000,9999.000,9999.000,9999.000
202604251900,   5.441,9999.000,  -0.700,9999.000,   4.741,  -0.900,   4.541,  -0.500,   4.941
202604251906,   5.409,9999.000,9999.000,9999.000,9999.000,9999.000,9999.000,9999.000,9999.000
202604251912,   5.376,9999.000,9999.000,9999.000,9999.000,9999.000,9999.000,9999.000,9999.000
202604251918,   5.340,9999.000,9999.000,9999.000,9999.000,9999.000,9999.000,9999.000,9999.000
202604251924,   5.303,9999.000,9999.000,9999.000,9999.000,9999.000,9999.000,9999.000,9999.000
202604251930,   5.263,9999.000,9999.000,9999.000,9999.000,9999.000,9999.000,9999.000,9999.000
202604251936,   5.222,9999.000,9999.000,9999.000,9999.000,9999.000,9999.000,9999.000,9999.000
202604251942,   5.179,9999.000,9999.000,9999.000,9999.000,9999.000,9999.000,9999.000,9999.000
202604251948,   5.133,9999.000,9999.000,9999.000,9999.000,9999.000,9999.000,9999.000,9999.000
202604251954,   5.086,9999.000,9999.000,9999.000,9999.000,9999.000,9999.000,9999.000,9999.000
202604252000,   5.036,9999.000,  -0.700,9999.000,   4.336,  -0.800,   4.236,  -0.600,   4.436
202604252006,   4.983,9999.000,9999.000,9999.000,9999.000,9999.000,9999.000,9999.000,9999.000
202604252012,   4.927,9999.000,9999.000,9999.000,9999.000,9999.000,9999.000,9999.000,9999.000
202604252018,   4.868,9999.000,9999.000,9999.000,9999.000,9999.000,9999.000,9999.000,9999.000
202604252024,   4.806,9999.000,9999.000,9999.000,9999.000,9999.000,9999.000,9999.000,9999.000
202604252030,   4.740,9999.000,9999.000,9999.000,9999.000,9999.000,9999.000,9999.000,9999.000
202604252036,   4.670,9999.000,9999.000,9999.000,9999.000,9999.000,9999.000,9999.000,9999.000
202604252042,   4.596,9999.000,9999.000,9999.000,9999.000,9999.000,9999.000,9999.000,9999.000
202604252048,   4.518,9999.000,9999.000,9999.000,9999.000,9999.000,9999.000,9999.000,9999.000
202604252054,   4.435,9999.000,9999.000,9999.000,9999.000,9999.000,9999.000,9999.000,9999.000
202604252100,   4.348,9999.000,  -0.700,9999.000,   3.648,  -0.900,   3.448,  -0.500,   3.848
202604252106,   4.256,9999.000,9999.000,9999.000,9999.000,9999.000,9999.000,9999.000,9999.000
202604252112,   4.160,9999.000,9999.000,9999.000,9999.000,9999.000,9999.000,9999.000,9999.000
202604252118,   4.060,9999.000,9999.000,9999.000,9999.000,9999.000,9999.000,9999.000,9999.000
202604252124,   3.955,9999.000,9999.000,9999.000,9999.000,9999.000,9999.000,9999.000,9999.000
202604252130,   3.846,9999.000,9999.000,9999.000,9999.000,9999.000,9999.000,9999.000,9999.000
202604252136,   3.733,9999.000,9999.000,9999.000,9999.000,9999.000,9999.000,9999.000,9999.000
202604252142,   3.616,9999.000,9999.000,9999.000,9999.000,9999.000,9999.000,9999.000,9999.000
202604252148,   3.497,9999.000,9999.000,9999.000,9999.000,9999.000,9999.000,9999.000,9999.000
202604252154,   3.375,9999.000,9999.000,9999.000,9999.000,9999.000,9999.000,9999.000,9999.000
202604252200,   3.251,9999.000,  -0.700,9999.000,   2.551,  -0.800,   2.451,  -0.500,   2.751
202604252206,   3.124,9999.000,9999.000,9999.000,9999.000,9999.000,9999.000,9999.000,9999.000
202604252212,   2.997,9999.000,9999.000,9999.000,9999.000,9999.000,9999.000,9999.000,9999.000
202604252218,   2.869,9999.000,9999.000,9999.000,9999.000,9999.000,9999.000,9999.000,9999.000
202604252224,   2.741,9999.000,9999.000,9999.000,9999.000,9999.000,9999.000,9999.000,9999.000
202604252230,   2.614,9999.000,9999.000,9999.000,9999.000,9999.000,9999.000,9999.000,9999.000
202604252236,   2.487,9999.000,9999.000,9999.000,9999.000,9999.000,9999.000,9999.000,9999.000
202604252242,   2.362,9999.000,9999.000,9999.000,9999.000,9999.000,9999.000,9999.000,9999.000
202604252248,   2.240,9999.000,9999.000,9999.000,9999.000,9999.000,9999.000,9999.000,9999.000
202604252254,   2.120,9999.000,9999.000,9999.000,9999.000,9999.000,9999.000,9999.000,9999.000
202604252300,   2.003,9999.000,  -0.600,9999.000,   1.403,  -0.800,   1.203,  -0.400,   1.603
202604252306,   1.890,9999.000,9999.000,9999.000,9999.000,9999.000,9999.000,9999.000,9999.000
202604252312,   1.781,9999.000,9999.000,9999.000,9999.000,9999.000,9999.000,9999.000,9999.000
202604252318,   1.676,9999.000,9999.000,9999.000,9999.000,9999.000,9999.000,9999.000,9999.000
202604252324,   1.577,9999.000,9999.000,9999.000,9999.000,9999.000,9999.000,9999.000,9999.000
202604252330,   1.482,9999.000,9999.000,9999.000,9999.000,9999.000,9999.000,9999.000,9999.000
202604252336,   1.392,9999.000,9999.000,9999.000,9999.000,9999.000,9999.000,9999.000,9999.000
202604252342,   1.308,9999.000,9999.000,9999.000,9999.000,9999.000,9999.000,9999.000,9999.000
202604252348,   1.230,9999.000,9999.000,9999.000,9999.000,9999.000,9999.000,9999.000,9999.000
202604252354,   1.158,9999.000,9999.000,9999.000,9999.000,9999.000,9999.000,9999.000,9999.000
202604260000,   1.091,9999.000,  -0.700,9999.000,   0.391,  -0.800,   0.291,  -0.400,   0.691
202604260006,   1.030,9999.000,9999.000,9999.000,9999.000,9999.000,9999.000,9999.000,9999.000
202604260012,   0.975,9999.000,9999.000,9999.000,9999.000,9999.000,9999.000,9999.000,9999.000
202604260018,   0.926,9999.000,9999.000,9999.000,9999.000,9999.000,9999.000,9999.000,9999.000
202604260024,   0.883,9999.000,9999.000,9999.000,9999.000,9999.000,9999.000,9999.000,9999.000
202604260030,   0.845,9999.000,9999.000,9999.000,9999.000,9999.000,9999.000,9999.000,9999.000
202604260036,   0.813,9999.000,9999.000,9999.000,9999.000,9999.000,9999.000,9999.000,9999.000
202604260042,   0.786,9999.000,9999.000,9999.000,9999.000,9999.000,9999.000,9999.000,9999.000
202604260048,   0.765,9999.000,9999.000,9999.000,9999.000,9999.000,9999.000,9999.000,9999.000
202604260054,   0.748,9999.000,9999.000,9999.000,9999.000,9999.000,9999.000,9999.000,9999.000
202604260100,   0.737,9999.000,  -0.600,9999.000,   0.137,  -0.800,  -0.063,  -0.400,   0.337
202604260106,   0.730,9999.000,9999.000,9999.000,9999.000,9999.000,9999.000,9999.000,9999.000
202604260112,   0.728,9999.000,9999.000,9999.000,9999.000,9999.000,9999.000,9999.000,9999.000
202604260118,   0.730,9999.000,9999.000,9999.000,9999.000,9999.000,9999.000,9999.000,9999.000
202604260124,   0.737,9999.000,9999.000,9999.000,9999.000,9999.000,9999.000,9999.000,9999.000
202604260130,   0.748,9999.000,9999.000,9999.000,9999.000,9999.000,9999.000,9999.000,9999.000
202604260136,   0.762,9999.000,9999.000,9999.000,9999.000,9999.000,9999.000,9999.000,9999.000
202604260142,   0.781,9999.000,9999.000,9999.000,9999.000,9999.000,9999.000,9999.000,9999.000
202604260148,   0.804,9999.000,9999.000,9999.000,9999.000,9999.000,9999.000,9999.000,9999.000
202604260154,   0.831,9999.000,9999.000,9999.000,9999.000,9999.000,9999.000,9999.000,9999.000
202604260200,   0.861,9999.000,  -0.500,9999.000,   0.361,  -0.700,   0.161,  -0.300,   0.561
202604260206,   0.895,9999.000,9999.000,9999.000,9999.000,9999.000,9999.000,9999.000,9999.000
202604260212,   0.934,9999.000,9999.000,9999.000,9999.000,9999.000,9999.000,9999.000,9999.000
202604260218,   0.976,9999.000,9999.000,9999.000,9999.000,9999.000,9999.000,9999.000,9999.000
202604260224,   1.022,9999.000,9999.000,9999.000,9999.000,9999.000,9999.000,9999.000,9999.000
202604260230,   1.072,9999.000,9999.000,9999.000,9999.000,9999.000,9999.000,9999.000,9999.000
202604260236,   1.127,9999.000,9999.000,9999.000,9999.000,9999.000,9999.000,9999.000,9999.000
202604260242,   1.186,9999.000,9999.000,9999.000,9999.000,9999.000,9999.000,9999.000,9999.000
202604260248,   1.249,9999.000,9999.000,9999.000,9999.000,9999.000,9999.000,9999.000,9999.000
202604260254,   1.318,9999.000,9999.000,9999.000,9999.000,9999.000,9999.000,9999.000,9999.000
202604260300,   1.390,9999.000,  -0.500,9999.000,   0.890,  -0.700,   0.690,  -0.300,   1.090
202604260306,   1.468,9999.000,9999.000,9999.000,9999.000,9999.000,9999.000,9999.000,9999.000
202604260312,   1.551,9999.000,9999.000,9999.000,9999.000,9999.000,9999.000,9999.000,9999.000
202604260318,   1.638,9999.000,9999.000,9999.000,9999.000,9999.000,9999.000,9999.000,9999.000
202604260324,   1.731,9999.000,9999.000,9999.000,9999.000,9999.000,9999.000,9999.000,9999.000
202604260330,   1.829,9999.000,9999.000,9999.000,9999.000,9999.000,9999.000,9999.000,9999.000
202604260336,   1.932,9999.000,9999.000,9999.000,9999.000,9999.000,9999.000,9999.000,9999.000
202604260342,   2.039,9999.000,9999.000,9999.000,9999.000,9999.000,9999.000,9999.000,9999.000
202604260348,   2.152,9999.000,9999.000,9999.000,9999.000,9999.000,9999.000,9999.000,9999.000
202604260354,   2.269,9999.000,9999.000,9999.000,9999.000,9999.000,9999.000,9999.000,9999.000
202604260400,   2.390,9999.000,  -0.400,9999.000,   1.990,  -0.600,   1.790,  -0.100,   2.290
202604260406,   2.515,9999.000,9999.000,9999.000,9999.000,9999.000,9999.000,9999.000,9999.000
202604260412,   2.644,9999.000,9999.000,9999.000,9999.000,9999.000,9999.000,9999.000,9999.000
202604260418,   2.777,9999.000,9999.000,9999.000,9999.000,9999.000,9999.000,9999.000,9999.000
202604260424,   2.912,9999.000,9999.000,9999.000,9999.000,9999.000,9999.000,9999.000,9999.000
202604260430,   3.049,9999.000,9999.000,9999.000,9999.000,9999.000,9999.000,9999.000,9999.000
202604260436,   3.188,9999.000,9999.000,9999.000,9999.000,9999.000,9999.000,9999.000,9999.000
202604260442,   3.328,9999.000,9999.000,9999.000,9999.000,9999.000,9999.000,9999.000,9999.000
202604260448,   3.469,9999.000,9999.000,9999.000,9999.000,9999.000,9999.000,9999.000,9999.000
202604260454,   3.610,9999.000,9999.000,9999.000,9999.000,9999.000,9999.000,9999.000,9999.000
202604260500,   3.749,9999.000,  -0.300,9999.000,   3.449,  -0.500,   3.249,   0.000,   3.749
202604260506,   3.888,9999.000,9999.000,9999.000,9999.000,9999.000,9999.000,9999.000,9999.000
202604260512,   4.025,9999.000,9999.000,9999.000,9999.000,9999.000,9999.000,9999.000,9999.000
202604260518,   4.158,9999.000,9999.000,9999.000,9999.000,9999.000,9999.000,9999.000,9999.000
202604260524,   4.289,9999.000,9999.000,9999.000,9999.000,9999.000,9999.000,9999.000,9999.000
202604260530,   4.417,9999.000,9999.000,9999.000,9999.000,9999.000,9999.000,9999.000,9999.000
202604260536,   4.540,9999.000,9999.000,9999.000,9999.000,9999.000,9999.000,9999.000,9999.000
202604260542,   4.658,9999.000,9999.000,9999.000,9999.000,9999.000,9999.000,9999.000,9999.000
202604260548,   4.772,9999.000,9999.000,9999.000,9999.000,9999.000,9999.000,9999.000,9999.000
202604260554,   4.881,9999.000,9999.000,9999.000,9999.000,9999.000,9999.000,9999.000,9999.000
202604260600,   4.985,9999.000,  -0.200,9999.000,   4.785,  -0.500,   4.485,   0.000,   4.985
202604260606,   5.083,9999.000,9999.000,9999.000,9999.000,9999.000,9999.000,9999.000,9999.000
202604260612,   5.175,9999.000,9999.000,9999.000,9999.000,9999.000,9999.000,9999.000,9999.000
202604260618,   5.262,9999.000,9999.000,9999.000,9999.000,9999.000,9999.000,9999.000,9999.000
202604260624,   5.344,9999.000,9999.000,9999.000,9999.000,9999.000,9999.000,9999.000,9999.000
202604260630,   5.421,9999.000,9999.000,9999.000,9999.000,9999.000,9999.000,9999.000,9999.000
202604260636,   5.492,9999.000,9999.000,9999.000,9999.000,9999.000,9999.000,9999.000,9999.000
202604260642,   5.558,9999.000,9999.000,9999.000,9999.000,9999.000,9999.000,9999.000,9999.000
202604260648,   5.620,9999.000,9999.000,9999.000,9999.000,9999.000,9999.000,9999.000,9999.000
202604260654,   5.678,9999.000,9999.000,9999.000,9999.000,9999.000,9999.000,9999.000,9999.000
202604260700,   5.731,9999.000,  -0.200,9999.000,   5.531,  -0.500,   5.231,   0.100,   5.831
202604260706,   5.781,9999.000,9999.000,9999.000,9999.000,9999.000,9999.000,9999.000,9999.000
202604260712,   5.827,9999.000,9999.000,9999.000,9999.000,9999.000,9999.000,9999.000,9999.000
202604260718,   5.870,9999.000,9999.000,9999.000,9999.000,9999.000,9999.000,9999.000,9999.000
202604260724,   5.910,9999.000,9999.000,9999.000,9999.000,9999.000,9999.000,9999.000,9999.000
202604260730,   5.947,9999.000,9999.000,9999.000,9999.000,9999.000,9999.000,9999.000,9999.000
202604260736,   5.982,9999.000,9999.000,9999.000,9999.000,9999.000,9999.000,9999.000,9999.000
202604260742,   6.013,9999.000,9999.000,9999.000,9999.000,9999.000,9999.000,9999.000,9999.000
202604260748,   6.042,9999.000,9999.000,9999.000,9999.000,9999.000,9999.000,9999.000,9999.000
202604260754,   6.069,9999.000,9999.000,9999.000,9999.000,9999.000,9999.000,9999.000,9999.000
202604260800,   6.092,9999.000,   0.000,9999.000,   6.092,  -0.300,   5.792,   0.300,   6.392
202604260806,   6.113,9999.000,9999.000,9999.000,9999.000,9999.000,9999.000,9999.000,9999.000
202604260812,   6.131,9999.000,9999.000,9999.000,9999.000,9999.000,9999.000,9999.000,9999.000
202604260818,   6.145,9999.000,9999.000,9999.000,9999.000,9999.000,9999.000,9999.000,9999.000
202604260824,   6.156,9999.000,9999.000,9999.000,9999.000,9999.000,9999.000,9999.000,9999.000
202604260830,   6.163,9999.000,9999.000,9999.000,9999.000,9999.000,9999.000,9999.000,9999.000
202604260836,   6.166,9999.000,9999.000,9999.000,9999.000,9999.000,9999.000,9999.000,9999.000
202604260842,   6.164,9999.000,9999.000,9999.000,9999.000,9999.000,9999.000,9999.000,9999.000
202604260848,   6.157,9999.000,9999.000,9999.000,9999.000,9999.000,9999.000,9999.000,9999.000
202604260854,   6.145,9999.000,9999.000,9999.000,9999.000,9999.000,9999.000,9999.000,9999.000
202604260900,   6.128,9999.000,   0.000,9999.000,   6.128,  -0.300,   5.828,   0.200,   6.328
202604260906,   6.105,9999.000,9999.000,9999.000,9999.000,9999.000,9999.000,9999.000,9999.000
202604260912,   6.075,9999.000,9999.000,9999.000,9999.000,9999.000,9999.000,9999.000,9999.000
202604260918,   6.040,9999.000,9999.000,9999.000,9999.000,9999.000,9999.000,9999.000,9999.000
202604260924,   5.998,9999.000,9999.000,9999.000,9999.000,9999.000,9999.000,9999.000,9999.000
202604260930,   5.949,9999.000,9999.000,9999.000,9999.000,9999.000,9999.000,9999.000,9999.000
202604260936,   5.894,9999.000,9999.000,9999.000,9999.000,9999.000,9999.000,9999.000,9999.000
202604260942,   5.832,9999.000,9999.000,9999.000,9999.000,9999.000,9999.000,9999.000,9999.000
202604260948,   5.765,9999.000,9999.000,9999.000,9999.000,9999.000,9999.000,9999.000,9999.000
202604260954,   5.690,9999.000,9999.000,9999.000,9999.000,9999.000,9999.000,9999.000,9999.000
202604261000,   5.610,9999.000,   0.000,9999.000,   5.610,  -0.200,   5.410,   0.200,   5.810
202604261006,   5.525,9999.000,9999.000,9999.000,9999.000,9999.000,9999.000,9999.000,9999.000
202604261012,   5.434,9999.000,9999.000,9999.000,9999.000,9999.000,9999.000,9999.000,9999.000
202604261018,   5.338,9999.000,9999.000,9999.000,9999.000,9999.000,9999.000,9999.000,9999.000
202604261024,   5.239,9999.000,9999.000,9999.000,9999.000,9999.000,9999.000,9999.000,9999.000
202604261030,   5.135,9999.000,9999.000,9999.000,9999.000,9999.000,9999.000,9999.000,9999.000
202604261036,   5.028,9999.000,9999.000,9999.000,9999.000,9999.000,9999.000,9999.000,9999.000
202604261042,   4.919,9999.000,9999.000,9999.000,9999.000,9999.000,9999.000,9999.000,9999.000
202604261048,   4.808,9999.000,9999.000,9999.000,9999.000,9999.000,9999.000,9999.000,9999.000
202604261054,   4.696,9999.000,9999.000,9999.000,9999.000,9999.000,9999.000,9999.000,9999.000
202604261100,   4.583,9999.000,   0.000,9999.000,   4.583,  -0.200,   4.383,   0.300,   4.883
202604261106,   4.470,9999.000,9999.000,9999.000,9999.000,9999.000,9999.000,9999.000,9999.000
202604261112,   4.357,9999.000,9999.000,9999.000,9999.000,9999.000,9999.000,9999.000,9999.000
202604261118,   4.246,9999.000,9999.000,9999.000,9999.000,9999.000,9999.000,9999.000,9999.000
202604261124,   4.136,9999.000,9999.000,9999.000,9999.000,9999.000,9999.000,9999.000,9999.000
202604261130,   4.028,9999.000,9999.000,9999.000,9999.000,9999.000,9999.000,9999.000,9999.000
202604261136,   3.923,9999.000,9999.000,9999.000,9999.000,9999.000,9999.000,9999.000,9999.000
202604261142,   3.821,9999.000,9999.000,9999.000,9999.000,9999.000,9999.000,9999.000,9999.000
202604261148,   3.723,9999.000,9999.000,9999.000,9999.000,9999.000,9999.000,9999.000,9999.000
202604261154,   3.628,9999.000,9999.000,9999.000,9999.000,9999.000,9999.000,9999.000,9999.000
202604261200,   3.537,9999.000,   0.100,9999.000,   3.637,  -0.100,   3.437,   0.200,   3.737
202604261206,   3.450,9999.000,9999.000,9999.000,9999.000,9999.000,9999.000,9999.000,9999.000
202604261212,   3.367,9999.000,9999.000,9999.000,9999.000,9999.000,9999.000,9999.000,9999.000
202604261218,   3.289,9999.000,9999.000,9999.000,9999.000,9999.000,9999.000,9999.000,9999.000
202604261224,   3.216,9999.000,9999.000,9999.000,9999.000,9999.000,9999.000,9999.000,9999.000
202604261230,   3.146,9999.000,9999.000,9999.000,9999.000,9999.000,9999.000,9999.000,9999.000
202604261236,   3.082,9999.000,9999.000,9999.000,9999.000,9999.000,9999.000,9999.000,9999.000
202604261242,   3.022,9999.000,9999.000,9999.000,9999.000,9999.000,9999.000,9999.000,9999.000
202604261248,   2.966,9999.000,9999.000,9999.000,9999.000,9999.000,9999.000,9999.000,9999.000
202604261254,   2.914,9999.000,9999.000,9999.000,9999.000,9999.000,9999.000,9999.000,9999.000
202604261300,   2.866,9999.000,  -0.100,9999.000,   2.766,  -0.200,   2.666,   0.100,   2.966
202604261306,   2.822,9999.000,9999.000,9999.000,9999.000,9999.000,9999.000,9999.000,9999.000
202604261312,   2.782,9999.000,9999.000,9999.000,9999.000,9999.000,9999.000,9999.000,9999.000
202604261318,   2.746,9999.000,9999.000,9999.000,9999.000,9999.000,9999.000,9999.000,9999.000
202604261324,   2.713,9999.000,9999.000,9999.000,9999.000,9999.000,9999.000,9999.000,9999.000
202604261330,   2.683,9999.000,9999.000,9999.000,9999.000,9999.000,9999.000,9999.000,9999.000
202604261336,   2.657,9999.000,9999.000,9999.000,9999.000,9999.000,9999.000,9999.000,9999.000
202604261342,   2.634,9999.000,9999.000,9999.000,9999.000,9999.000,9999.000,9999.000,9999.000
202604261348,   2.613,9999.000,9999.000,9999.000,9999.000,9999.000,9999.000,9999.000,9999.000
202604261354,   2.595,9999.000,9999.000,9999.000,9999.000,9999.000,9999.000,9999.000,9999.000
202604261400,   2.581,9999.000,  -0.100,9999.000,   2.481,  -0.400,   2.181,   0.200,   2.781
202604261406,   2.568,9999.000,9999.000,9999.000,9999.000,9999.000,9999.000,9999.000,9999.000
202604261412,   2.559,9999.000,9999.000,9999.000,9999.000,9999.000,9999.000,9999.000,9999.000
202604261418,   2.553,9999.000,9999.000,9999.000,9999.000,9999.000,9999.000,9999.000,9999.000
202604261424,   2.549,9999.000,9999.000,9999.000,9999.000,9999.000,9999.000,9999.000,9999.000
202604261430,   2.548,9999.000,9999.000,9999.000,9999.000,9999.000,9999.000,9999.000,9999.000
202604261436,   2.550,9999.000,9999.000,9999.000,9999.000,9999.000,9999.000,9999.000,9999.000
202604261442,   2.556,9999.000,9999.000,9999.000,9999.000,9999.000,9999.000,9999.000,9999.000
202604261448,   2.564,9999.000,9999.000,9999.000,9999.000,9999.000,9999.000,9999.000,9999.000
202604261454,   2.577,9999.000,9999.000,9999.000,9999.000,9999.000,9999.000,9999.000,9999.000
202604261500,   2.593,9999.000,   0.000,9999.000,   2.593,  -0.200,   2.393,   0.200,   2.793
202604261506,   2.613,9999.000,9999.000,9999.000,9999.000,9999.000,9999.000,9999.000,9999.000
202604261512,   2.637,9999.000,9999.000,9999.000,9999.000,9999.000,9999.000,9999.000,9999.000
202604261518,   2.665,9999.000,9999.000,9999.000,9999.000,9999.000,9999.000,9999.000,9999.000
202604261524,   2.698,9999.000,9999.000,9999.000,9999.000,9999.000,9999.000,9999.000,9999.000
202604261530,   2.736,9999.000,9999.000,9999.000,9999.000,9999.000,9999.000,9999.000,9999.000
202604261536,   2.778,9999.000,9999.000,9999.000,9999.000,9999.000,9999.000,9999.000,9999.000
202604261542,   2.825,9999.000,9999.000,9999.000,9999.000,9999.000,9999.000,9999.000,9999.000
202604261548,   2.877,9999.000,9999.000,9999.000,9999.000,9999.000,9999.000,9999.000,9999.000
202604261554,   2.935,9999.000,9999.000,9999.000,9999.000,9999.000,9999.000,9999.000,9999.000
202604261600,   2.997,9999.000,  -0.100,9999.000,   2.897,  -0.300,   2.697,   0.200,   3.197
202604261606,   3.064,9999.000,9999.000,9999.000,9999.000,9999.000,9999.000,9999.000,9999.000
202604261612,   3.136,9999.000,9999.000,9999.000,9999.000,9999.000,9999.000,9999.000,9999.000
202604261618,   3.213,9999.000,9999.000,9999.000,9999.000,9999.000,9999.000,9999.000,9999.000
202604261624,   3.293,9999.000,9999.000,9999.000,9999.000,9999.000,9999.000,9999.000,9999.000
202604261630,   3.378,9999.000,9999.000,9999.000,9999.000,9999.000,9999.000,9999.000,9999.000
202604261636,   3.467,9999.000,9999.000,9999.000,9999.000,9999.000,9999.000,9999.000,9999.000
202604261642,   3.559,9999.000,9999.000,9999.000,9999.000,9999.000,9999.000,9999.000,9999.000
202604261648,   3.653,9999.000,9999.000,9999.000,9999.000,9999.000,9999.000,9999.000,9999.000
202604261654,   3.750,9999.000,9999.000,9999.000,9999.000,9999.000,9999.000,9999.000,9999.000
202604261700,   3.848,9999.000,  -0.100,9999.000,   3.748,  -0.500,   3.348,   0.100,   3.948
202604261706,   3.948,9999.000,9999.000,9999.000,9999.000,9999.000,9999.000,9999.000,9999.000
202604261712,   4.048,9999.000,9999.000,9999.000,9999.000,9999.000,9999.000,9999.000,9999.000
202604261718,   4.147,9999.000,9999.000,9999.000,9999.000,9999.000,9999.000,9999.000,9999.000
202604261724,   4.246,9999.000,9999.000,9999.000,9999.000,9999.000,9999.000,9999.000,9999.000
202604261730,   4.343,9999.000,9999.000,9999.000,9999.000,9999.000,9999.000,9999.000,9999.000
202604261736,   4.438,9999.000,9999.000,9999.000,9999.000,9999.000,9999.000,9999.000,9999.000
202604261742,   4.530,9999.000,9999.000,9999.000,9999.000,9999.000,9999.000,9999.000,9999.000
202604261748,   4.618,9999.000,9999.000,9999.000,9999.000,9999.000,9999.000,9999.000,9999.000
202604261754,   4.704,9999.000,9999.000,9999.000,9999.000,9999.000,9999.000,9999.000,9999.000
202604261800,   4.784,9999.000,  -0.100,9999.000,   4.684,  -0.400,   4.384,   0.100,   4.884
202604261806,   4.861,9999.000,9999.000,9999.000,9999.000,9999.000,9999.000,9999.000,9999.000
202604261812,   4.932,9999.000,9999.000,9999.000,9999.000,9999.000,9999.000,9999.000,9999.000
202604261818,   4.998,9999.000,9999.000,9999.000,9999.000,9999.000,9999.000,9999.000,9999.000
202604261824,   5.059,9999.000,9999.000,9999.000,9999.000,9999.000,9999.000,9999.000,9999.000
202604261830,   5.114,9999.000,9999.000,9999.000,9999.000,9999.000,9999.000,9999.000,9999.000
202604261836,   5.164,9999.000,9999.000,9999.000,9999.000,9999.000,9999.000,9999.000,9999.000
202604261842,   5.208,9999.000,9999.000,9999.000,9999.000,9999.000,9999.000,9999.000,9999.000
202604261848,   5.247,9999.000,9999.000,9999.000,9999.000,9999.000,9999.000,9999.000,9999.000
202604261854,   5.282,9999.000,9999.000,9999.000,9999.000,9999.000,9999.000,9999.000,9999.000
202604261900,   5.311,9999.000,  -0.100,9999.000,   5.211,  -0.400,   4.911,   0.200,   5.511
202604261906,   5.335,9999.000,9999.000,9999.000,9999.000,9999.000,9999.000,9999.000,9999.000
202604261912,   5.356,9999.000,9999.000,9999.000,9999.000,9999.000,9999.000,9999.000,9999.000
202604261918,   5.372,9999.000,9999.000,9999.000,9999.000,9999.000,9999.000,9999.000,9999.000
202604261924,   5.385,9999.000,9999.000,9999.000,9999.000,9999.000,9999.000,9999.000,9999.000
202604261930,   5.394,9999.000,9999.000,9999.000,9999.000,9999.000,9999.000,9999.000,9999.000
202604261936,   5.400,9999.000,9999.000,9999.000,9999.000,9999.000,9999.000,9999.000,9999.000
202604261942,   5.404,9999.000,9999.000,9999.000,9999.000,9999.000,9999.000,9999.000,9999.000
202604261948,   5.405,9999.000,9999.000,9999.000,9999.000,9999.000,9999.000,9999.000,9999.000
202604261954,   5.403,9999.000,9999.000,9999.000,9999.000,9999.000,9999.000,9999.000,9999.000
202604262000,   5.399,9999.000,  -0.100,9999.000,   5.299,  -0.400,   4.999,   0.200,   5.599
202604262006,   5.393,9999.000,9999.000,9999.000,9999.000,9999.000,9999.000,9999.000,9999.000
202604262012,   5.385,9999.000,9999.000,9999.000,9999.000,9999.000,9999.000,9999.000,9999.000
202604262018,   5.375,9999.000,9999.000,9999.000,9999.000,9999.000,9999.000,9999.000,9999.000
202604262024,   5.363,9999.000,9999.000,9999.000,9999.000,9999.000,9999.000,9999.000,9999.000
202604262030,   5.348,9999.000,9999.000,9999.000,9999.000,9999.000,9999.000,9999.000,9999.000
202604262036,   5.331,9999.000,9999.000,9999.000,9999.000,9999.000,9999.000,9999.000,9999.000
202604262042,   5.311,9999.000,9999.000,9999.000,9999.000,9999.000,9999.000,9999.000,9999.000
202604262048,   5.287,9999.000,9999.000,9999.000,9999.000,9999.000,9999.000,9999.000,9999.000
202604262054,   5.261,9999.000,9999.000,9999.000,9999.000,9999.000,9999.000,9999.000,9999.000
202604262100,   5.230,9999.000,  -0.100,9999.000,   5.130,  -0.400,   4.830,   0.200,   5.430
202604262106,   5.195,9999.000,9999.000,9999.000,9999.000,9999.000,9999.000,9999.000,9999.000
202604262112,   5.156,9999.000,9999.000,9999.000,9999.000,9999.000,9999.000,9999.000,9999.000
202604262118,   5.112,9999.000,9999.000,9999.000,9999.000,9999.000,9999.000,9999.000,9999.000
202604262124,   5.062,9999.000,9999.000,9999.000,9999.000,9999.000,9999.000,9999.000,9999.000
202604262130,   5.008,9999.000,9999.000,9999.000,9999.000,9999.000,9999.000,9999.000,9999.000
202604262136,   4.947,9999.000,9999.000,9999.000,9999.000,9999.000,9999.000,9999.000,9999.000
202604262142,   4.881,9999.000,9999.000,9999.000,9999.000,9999.000,9999.000,9999.000,9999.000
202604262148,   4.808,9999.000,9999.000,9999.000,9999.000,9999.000,9999.000,9999.000,9999.000
202604262154,   4.730,9999.000,9999.000,9999.000,9999.000,9999.000,9999.000,9999.000,9999.000
202604262200,   4.645,9999.000,  -0.200,9999.000,   4.445,  -0.400,   4.245,   0.100,   4.745
202604262206,   4.554,9999.000,9999.000,9999.000,9999.000,9999.000,9999.000,9999.000,9999.000
202604262212,   4.458,9999.000,9999.000,9999.000,9999.000,9999.000,9999.000,9999.000,9999.000
202604262218,   4.356,9999.000,9999.000,9999.000,9999.000,9999.000,9999.000,9999.000,9999.000
202604262224,   4.249,9999.000,9999.000,9999.000,9999.000,9999.000,9999.000,9999.000,9999.000
202604262230,   4.136,9999.000,9999.000,9999.000,9999.000,9999.000,9999.000,9999.000,9999.000
202604262236,   4.020,9999.000,9999.000,9999.000,9999.000,9999.000,9999.000,9999.000,9999.000
202604262242,   3.899,9999.000,9999.000,9999.000,9999.000,9999.000,9999.000,9999.000,9999.000
202604262248,   3.775,9999.000,9999.000,9999.000,9999.000,9999.000,9999.000,9999.000,9999.000
202604262254,   3.649,9999.000,9999.000,9999.000,9999.000,9999.000,9999.000,9999.000,9999.000
202604262300,   3.520,9999.000,  -0.200,9999.000,   3.320,  -0.500,   3.020,   0.100,   3.620
202604262306,   3.390,9999.000,9999.000,9999.000,9999.000,9999.000,9999.000,9999.000,9999.000
202604262312,   3.259,9999.000,9999.000,9999.000,9999.000,9999.000,9999.000,9999.000,9999.000
202604262318,   3.128,9999.000,9999.000,9999.000,9999.000,9999.000,9999.000,9999.000,9999.000
202604262324,   2.998,9999.000,9999.000,9999.000,9999.000,9999.000,9999.000,9999.000,9999.000
202604262330,   2.869,9999.000,9999.000,9999.000,9999.000,9999.000,9999.000,9999.000,9999.000
202604262336,   2.741,9999.000,9999.000,9999.000,9999.000,9999.000,9999.000,9999.000,9999.000
202604262342,   2.617,9999.000,9999.000,9999.000,9999.000,9999.000,9999.000,9999.000,9999.000
202604262348,   2.495,9999.000,9999.000,9999.000,9999.000,9999.000,9999.000,9999.000,9999.000
202604262354,   2.377,9999.000,9999.000,9999.000,9999.000,9999.000,9999.000,9999.000,9999.000
202604270000,   2.263,9999.000,  -0.200,9999.000,   2.063,  -0.400,   1.863,   0.000,   2.263
