        TIME,    TIDE,      OB,   SURGE,    BIAS,     TWL,SURGE90p,  TWL90p,SURGE10p,   TWL10p
202602280600,   6.650,   6.179,  -0.100,  -0.371,   6.179,  -0.200,   6.079,  -0.100,   6.179
202602280606,   6.758,9999.000,9999.000,9999.000,9999.000,9999.000,9999.000,9999.000,9999.000
202602280612,   6.857,   6.379,9999.000,9999.000,9999.000,9999.000,9999.000,9999.000,9999.000
202602280618,   6.948,9999.000,9999.000,9999.000,9999.000,9999.000,9999.000,9999.000,9999.000
202602280624,   7.030,   6.579,9999.000,9999.000,9999.000,9999.000,9999.000,9999.000,9999.000
202602280630,   7.104,9999.000,9999.000,9999.000,9999.000,9999.000,9999.000,9999.000,9999.000
202602280636,   7.169,   6.766,9999.000,9999.000,9999.000,9999.000,9999.000,9999.000,9999.000
202602280642,   7.224,9999.000,9999.000,9999.000,9999.000,9999.000,9999.000,9999.000,9999.000
202602280648,   7.271,   6.907,9999.000,9999.000,9999.000,9999.000,9999.000,9999.000,9999.000
202602280654,   7.309,9999.000,9999.000,9999.000,9999.000,9999.000,9999.000,9999.000,9999.000
202602280700,   7.339,   7.029,  -0.100,  -0.210,   7.029,  -0.100,   7.029,  -0.100,   7.029
202602280706,   7.359,   7.078,9999.000,9999.000,9999.000,9999.000,9999.000,9999.000,9999.000
202602280712,   7.370,   7.097,9999.000,9999.000,9999.000,9999.000,9999.000,9999.000,9999.000
202602280718,   7.374,   7.127,9999.000,9999.000,9999.000,9999.000,9999.000,9999.000,9999.000
202602280724,   7.368,   7.156,9999.000,9999.000,9999.000,9999.000,9999.000,9999.000,9999.000
202602280730,   7.355,   7.166,9999.000,9999.000,9999.000,9999.000,9999.000,9999.000,9999.000
202602280736,   7.334,   7.147,9999.000,9999.000,9999.000,9999.000,9999.000,9999.000,9999.000
202602280742,   7.305,   7.107,9999.000,9999.000,9999.000,9999.000,9999.000,9999.000,9999.000
202602280748,   7.268,   7.088,9999.000,9999.000,9999.000,9999.000,9999.000,9999.000,9999.000
202602280754,   7.225,   7.078,9999.000,9999.000,9999.000,9999.000,9999.000,9999.000,9999.000
202602280800,   7.175,   7.038,  -0.100,  -0.037,   7.038,  -0.100,   7.038,  -0.100,   7.038
202602280806,   7.119,   6.999,9999.000,9999.000,9999.000,9999.000,9999.000,9999.000,9999.000
202602280812,   7.056,   6.947,9999.000,9999.000,9999.000,9999.000,9999.000,9999.000,9999.000
202602280818,   6.988,   6.897,9999.000,9999.000,9999.000,9999.000,9999.000,9999.000,9999.000
202602280824,   6.915,   6.858,9999.000,9999.000,9999.000,9999.000,9999.000,9999.000,9999.000
202602280830,   6.836,   6.809,9999.000,9999.000,9999.000,9999.000,9999.000,9999.000,9999.000
202602280836,   6.753,   6.737,9999.000,9999.000,9999.000,9999.000,9999.000,9999.000,9999.000
202602280842,   6.666,   6.648,9999.000,9999.000,9999.000,9999.000,9999.000,9999.000,9999.000
202602280848,   6.575,   6.569,9999.000,9999.000,9999.000,9999.000,9999.000,9999.000,9999.000
202602280854,   6.481,   6.507,9999.000,9999.000,9999.000,9999.000,9999.000,9999.000,9999.000
202602280900,   6.383,   6.409,  -0.100,   0.126,   6.409,  -0.100,   6.409,  -0.100,   6.409
202602280906,   6.282,   6.297,9999.000,9999.000,9999.000,9999.000,9999.000,9999.000,9999.000
202602280912,   6.179,   6.199,9999.000,9999.000,9999.000,9999.000,9999.000,9999.000,9999.000
202602280918,   6.074,   6.087,9999.000,9999.000,9999.000,9999.000,9999.000,9999.000,9999.000
202602280924,   5.967,   5.979,9999.000,9999.000,9999.000,9999.000,9999.000,9999.000,9999.000
202602280930,   5.858,   5.828,9999.000,9999.000,9999.000,9999.000,9999.000,9999.000,9999.000
202602280936,   5.748,   5.687,9999.000,9999.000,9999.000,9999.000,9999.000,9999.000,9999.000
202602280942,   5.637,   5.569,9999.000,9999.000,9999.000,9999.000,9999.000,9999.000,9999.000
202602280948,   5.525,   5.448,9999.000,9999.000,9999.000,9999.000,9999.000,9999.000,9999.000
202602280954,   5.413,   5.329,9999.000,9999.000,9999.000,9999.000,9999.000,9999.000,9999.000
202602281000,   5.301,   5.198,  -0.100,  -0.003,   5.198,  -0.100,   5.198,  -0.100,   5.198
202602281006,   5.189,   5.067,9999.000,9999.000,9999.000,9999.000,9999.000,9999.000,9999.000
202602281012,   5.077,   4.939,9999.000,9999.000,9999.000,9999.000,9999.000,9999.000,9999.000
202602281018,   4.966,   4.818,9999.000,9999.000,9999.000,9999.000,9999.000,9999.000,9999.000
202602281024,   4.855,   4.690,9999.000,9999.000,9999.000,9999.000,9999.000,9999.000,9999.000
202602281030,   4.747,   4.559,9999.000,9999.000,9999.000,9999.000,9999.000,9999.000,9999.000
202602281036,   4.639,   4.457,9999.000,9999.000,9999.000,9999.000,9999.000,9999.000,9999.000
202602281042,   4.534,   4.359,9999.000,9999.000,9999.000,9999.000,9999.000,9999.000,9999.000
202602281048,   4.431,   4.247,9999.000,9999.000,9999.000,9999.000,9999.000,9999.000,9999.000
202602281054,   4.330,   4.129,9999.000,9999.000,9999.000,9999.000,9999.000,9999.000,9999.000
202602281100,   4.233,   4.017,  -0.100,  -0.116,   4.017,  -0.100,   4.017,  -0.100,   4.017
202602281106,   4.138,   3.939,9999.000,9999.000,9999.000,9999.000,9999.000,9999.000,9999.000
202602281112,   4.048,   3.860,9999.000,9999.000,9999.000,9999.000,9999.000,9999.000,9999.000
202602281118,   3.961,   3.778,9999.000,9999.000,9999.000,9999.000,9999.000,9999.000,9999.000
202602281124,   3.879,   3.689,9999.000,9999.000,9999.000,9999.000,9999.000,9999.000,9999.000
202602281130,   3.802,   3.627,9999.000,9999.000,9999.000,9999.000,9999.000,9999.000,9999.000
202602281136,   3.730,   3.558,9999.000,9999.000,9999.000,9999.000,9999.000,9999.000,9999.000
202602281142,   3.664,   3.499,9999.000,9999.000,9999.000,9999.000,9999.000,9999.000,9999.000
202602281148,   3.604,   3.440,9999.000,9999.000,9999.000,9999.000,9999.000,9999.000,9999.000
202602281154,   3.550,   3.398,9999.000,9999.000,9999.000,9999.000,9999.000,9999.000,9999.000
202602281200,   3.502,   3.358,  -0.200,   0.056,   3.358,  -0.200,   3.358,  -0.200,   3.358
202602281206,   3.462,   3.319,9999.000,9999.000,9999.000,9999.000,9999.000,9999.000,9999.000
202602281212,   3.429,   3.299,9999.000,9999.000,9999.000,9999.000,9999.000,9999.000,9999.000
202602281218,   3.403,   3.279,9999.000,9999.000,9999.000,9999.000,9999.000,9999.000,9999.000
202602281224,   3.385,   3.270,9999.000,9999.000,9999.000,9999.000,9999.000,9999.000,9999.000
202602281230,   3.375,   3.270,9999.000,9999.000,9999.000,9999.000,9999.000,9999.000,9999.000
202602281236,   3.373,   3.270,9999.000,9999.000,9999.000,9999.000,9999.000,9999.000,9999.000
202602281242,   3.379,   3.279,9999.000,9999.000,9999.000,9999.000,9999.000,9999.000,9999.000
202602281248,   3.393,   3.319,9999.000,9999.000,9999.000,9999.000,9999.000,9999.000,9999.000
202602281254,   3.415,   3.348,9999.000,9999.000,9999.000,9999.000,9999.000,9999.000,9999.000
202602281300,   3.446,   3.378,  -0.200,   0.132,   3.378,  -0.300,   3.278,  -0.200,   3.378
202602281306,   3.485,   3.407,9999.000,9999.000,9999.000,9999.000,9999.000,9999.000,9999.000
202602281312,   3.531,   3.427,9999.000,9999.000,9999.000,9999.000,9999.000,9999.000,9999.000
202602281318,   3.585,   3.489,9999.000,9999.000,9999.000,9999.000,9999.000,9999.000,9999.000
202602281324,   3.647,   3.548,9999.000,9999.000,9999.000,9999.000,9999.000,9999.000,9999.000
202602281330,   3.717,   3.617,9999.000,9999.000,9999.000,9999.000,9999.000,9999.000,9999.000
202602281336,   3.793,   3.699,9999.000,9999.000,9999.000,9999.000,9999.000,9999.000,9999.000
202602281342,   3.876,   3.778,9999.000,9999.000,9999.000,9999.000,9999.000,9999.000,9999.000
202602281348,   3.966,   3.870,9999.000,9999.000,9999.000,9999.000,9999.000,9999.000,9999.000
202602281354,   4.062,   3.978,9999.000,9999.000,9999.000,9999.000,9999.000,9999.000,9999.000
202602281400,   4.163,   4.070,  -0.200,   0.107,   4.070,  -0.300,   3.970,  -0.200,   4.070
202602281406,   4.270,   4.159,9999.000,9999.000,9999.000,9999.000,9999.000,9999.000,9999.000
202602281412,   4.382,   4.290,9999.000,9999.000,9999.000,9999.000,9999.000,9999.000,9999.000
202602281418,   4.498,   4.398,9999.000,9999.000,9999.000,9999.000,9999.000,9999.000,9999.000
202602281424,   4.619,   4.509,9999.000,9999.000,9999.000,9999.000,9999.000,9999.000,9999.000
202602281430,   4.743,   4.628,9999.000,9999.000,9999.000,9999.000,9999.000,9999.000,9999.000
202602281436,   4.871,   4.719,9999.000,9999.000,9999.000,9999.000,9999.000,9999.000,9999.000
202602281442,   5.002,   4.867,9999.000,9999.000,9999.000,9999.000,9999.000,9999.000,9999.000
202602281448,   5.136,   5.018,9999.000,9999.000,9999.000,9999.000,9999.000,9999.000,9999.000
202602281454,   5.272,   5.169,9999.000,9999.000,9999.000,9999.000,9999.000,9999.000,9999.000
202602281500,   5.410,   5.307,  -0.200,   0.097,   5.307,  -0.200,   5.307,  -0.100,   5.407
202602281506,   5.550,   5.457,9999.000,9999.000,9999.000,9999.000,9999.000,9999.000,9999.000
202602281512,   5.691,   5.589,9999.000,9999.000,9999.000,9999.000,9999.000,9999.000,9999.000
202602281518,   5.833,   5.749,9999.000,9999.000,9999.000,9999.000,9999.000,9999.000,9999.000
202602281524,   5.975,   5.907,9999.000,9999.000,9999.000,9999.000,9999.000,9999.000,9999.000
202602281530,   6.118,   6.058,9999.000,9999.000,9999.000,9999.000,9999.000,9999.000,9999.000
202602281536,   6.261,   6.218,9999.000,9999.000,9999.000,9999.000,9999.000,9999.000,9999.000
202602281542,   6.404,   6.369,9999.000,9999.000,9999.000,9999.000,9999.000,9999.000,9999.000
202602281548,   6.546,   6.507,9999.000,9999.000,9999.000,9999.000,9999.000,9999.000,9999.000
202602281554,   6.687,   6.638,9999.000,9999.000,9999.000,9999.000,9999.000,9999.000,9999.000
202602281600,   6.828,   6.789,  -0.200,   0.161,   6.789,  -0.200,   6.789,  -0.200,   6.789
202602281606,   6.966,   6.937,9999.000,9999.000,9999.000,9999.000,9999.000,9999.000,9999.000
202602281612,   7.103,   7.078,9999.000,9999.000,9999.000,9999.000,9999.000,9999.000,9999.000
202602281618,   7.238,   7.219,9999.000,9999.000,9999.000,9999.000,9999.000,9999.000,9999.000
202602281624,   7.370,   7.366,9999.000,9999.000,9999.000,9999.000,9999.000,9999.000,9999.000
202602281630,   7.499,   7.498,9999.000,9999.000,9999.000,9999.000,9999.000,9999.000,9999.000
202602281636,   7.626,   7.629,9999.000,9999.000,9999.000,9999.000,9999.000,9999.000,9999.000
202602281642,   7.748,   7.757,9999.000,9999.000,9999.000,9999.000,9999.000,9999.000,9999.000
202602281648,   7.867,   7.888,9999.000,9999.000,9999.000,9999.000,9999.000,9999.000,9999.000
202602281654,   7.982,   8.016,9999.000,9999.000,9999.000,9999.000,9999.000,9999.000,9999.000
202602281700,   8.093,   8.117,  -0.200,   0.224,   8.117,  -0.200,   8.117,  -0.200,   8.117
202602281706,   8.198,   8.229,9999.000,9999.000,9999.000,9999.000,9999.000,9999.000,9999.000
202602281712,   8.298,   8.337,9999.000,9999.000,9999.000,9999.000,9999.000,9999.000,9999.000
202602281718,   8.393,   8.449,9999.000,9999.000,9999.000,9999.000,9999.000,9999.000,9999.000
202602281724,   8.481,   8.537,9999.000,9999.000,9999.000,9999.000,9999.000,9999.000,9999.000
202602281730,   8.563,   8.626,9999.000,9999.000,9999.000,9999.000,9999.000,9999.000,9999.000
202602281736,   8.639,   8.728,9999.000,9999.000,9999.000,9999.000,9999.000,9999.000,9999.000
202602281742,   8.707,   8.787,9999.000,9999.000,9999.000,9999.000,9999.000,9999.000,9999.000
202602281748,   8.768,   8.859,9999.000,9999.000,9999.000,9999.000,9999.000,9999.000,9999.000
202602281754,   8.822,   8.928,9999.000,9999.000,9999.000,9999.000,9999.000,9999.000,9999.000
202602281800,   8.867,   8.957,  -0.100,   0.190,   8.957,  -0.200,   8.857,   0.000,   9.057
202602281806,   8.905,   8.987,9999.000,9999.000,9999.000,9999.000,9999.000,9999.000,9999.000
202602281812,   8.934,   9.046,9999.000,9999.000,9999.000,9999.000,9999.000,9999.000,9999.000
202602281818,   8.954,   9.046,9999.000,9999.000,9999.000,9999.000,9999.000,9999.000,9999.000
202602281824,   8.966,   9.069,9999.000,9999.000,9999.000,9999.000,9999.000,9999.000,9999.000
202602281830,   8.969,   9.046,9999.000,9999.000,9999.000,9999.000,9999.000,9999.000,9999.000
202602281836,   8.963,   9.046,9999.000,9999.000,9999.000,9999.000,9999.000,9999.000,9999.000
202602281842,   8.948,   9.046,9999.000,9999.000,9999.000,9999.000,9999.000,9999.000,9999.000
202602281848,   8.924,   9.016,9999.000,9999.000,9999.000,9999.000,9999.000,9999.000,9999.000
202602281854,   8.891,   8.997,9999.000,9999.000,9999.000,9999.000,9999.000,9999.000,9999.000
202602281900,   8.849,   8.937,  -0.100,   0.188,   8.937,  -0.100,   8.937,   0.000,   9.037
202602281906,   8.798,   8.869,9999.000,9999.000,9999.000,9999.000,9999.000,9999.000,9999.000
202602281912,   8.737,   8.816,9999.000,9999.000,9999.000,9999.000,9999.000,9999.000,9999.000
202602281918,   8.669,   8.737,9999.000,9999.000,9999.000,9999.000,9999.000,9999.000,9999.000
202602281924,   8.591,   8.649,9999.000,9999.000,9999.000,9999.000,9999.000,9999.000,9999.000
202602281930,   8.505,   8.557,9999.000,9999.000,9999.000,9999.000,9999.000,9999.000,9999.000
202602281936,   8.411,   8.459,9999.000,9999.000,9999.000,9999.000,9999.000,9999.000,9999.000
202602281942,   8.309,   8.347,9999.000,9999.000,9999.000,9999.000,9999.000,9999.000,9999.000
202602281948,   8.200,   8.229,9999.000,9999.000,9999.000,9999.000,9999.000,9999.000,9999.000
202602281954,   8.083,   8.098,9999.000,9999.000,9999.000,9999.000,9999.000,9999.000,9999.000
202602282000,   7.958,   7.957,  -0.100,   0.099,   7.957,  -0.100,   7.957,   0.000,   8.057
202602282006,   7.828,   7.776,9999.000,9999.000,9999.000,9999.000,9999.000,9999.000,9999.000
202602282012,   7.690,   7.619,9999.000,9999.000,9999.000,9999.000,9999.000,9999.000,9999.000
202602282018,   7.547,   7.448,9999.000,9999.000,9999.000,9999.000,9999.000,9999.000,9999.000
202602282024,   7.398,   7.258,9999.000,9999.000,9999.000,9999.000,9999.000,9999.000,9999.000
202602282030,   7.243,   7.078,9999.000,9999.000,9999.000,9999.000,9999.000,9999.000,9999.000
202602282036,   7.084,   6.907,9999.000,9999.000,9999.000,9999.000,9999.000,9999.000,9999.000
202602282042,   6.920,   6.707,9999.000,9999.000,9999.000,9999.000,9999.000,9999.000,9999.000
202602282048,   6.751,   6.527,9999.000,9999.000,9999.000,9999.000,9999.000,9999.000,9999.000
202602282054,   6.579,   6.317,9999.000,9999.000,9999.000,9999.000,9999.000,9999.000,9999.000
202602282100,   6.403,   6.107,  -0.100,  -0.196,   6.107,  -0.100,   6.107,   0.000,   6.207
202602282106,   6.224,   5.907,9999.000,9999.000,9999.000,9999.000,9999.000,9999.000,9999.000
202602282112,   6.042,   5.697,9999.000,9999.000,9999.000,9999.000,9999.000,9999.000,9999.000
202602282118,   5.857,   5.497,9999.000,9999.000,9999.000,9999.000,9999.000,9999.000,9999.000
202602282124,   5.670,   5.297,9999.000,9999.000,9999.000,9999.000,9999.000,9999.000,9999.000
202602282130,   5.481,   5.097,9999.000,9999.000,9999.000,9999.000,9999.000,9999.000,9999.000
202602282136,   5.290,   4.887,9999.000,9999.000,9999.000,9999.000,9999.000,9999.000,9999.000
202602282142,   5.098,   4.700,9999.000,9999.000,9999.000,9999.000,9999.000,9999.000,9999.000
202602282148,   4.905,   4.500,9999.000,9999.000,9999.000,9999.000,9999.000,9999.000,9999.000
202602282154,   4.710,   4.309,9999.000,9999.000,9999.000,9999.000,9999.000,9999.000,9999.000
202602282200,   4.515,   4.109,  -0.100,  -0.306,   4.109,  -0.100,   4.109,   0.000,   4.209
202602282206,   4.320,   3.909,9999.000,9999.000,9999.000,9999.000,9999.000,9999.000,9999.000
202602282212,   4.124,   3.709,9999.000,9999.000,9999.000,9999.000,9999.000,9999.000,9999.000
202602282218,   3.928,   3.529,9999.000,9999.000,9999.000,9999.000,9999.000,9999.000,9999.000
202602282224,   3.732,   3.348,9999.000,9999.000,9999.000,9999.000,9999.000,9999.000,9999.000
202602282230,   3.537,   3.178,9999.000,9999.000,9999.000,9999.000,9999.000,9999.000,9999.000
202602282236,   3.342,   3.007,9999.000,9999.000,9999.000,9999.000,9999.000,9999.000,9999.000
202602282242,   3.148,   2.830,9999.000,9999.000,9999.000,9999.000,9999.000,9999.000,9999.000
202602282248,   2.955,   2.660,9999.000,9999.000,9999.000,9999.000,9999.000,9999.000,9999.000
202602282254,   2.764,   2.479,9999.000,9999.000,9999.000,9999.000,9999.000,9999.000,9999.000
202602282300,   2.574,   2.299,   0.000,  -0.275,   2.299,  -0.100,   2.199,   0.000,   2.299
202602282306,   2.387,   2.148,9999.000,9999.000,9999.000,9999.000,9999.000,9999.000,9999.000
202602282312,   2.202,   2.010,9999.000,9999.000,9999.000,9999.000,9999.000,9999.000,9999.000
202602282318,   2.019,   1.879,9999.000,9999.000,9999.000,9999.000,9999.000,9999.000,9999.000
202602282324,   1.839,   1.718,9999.000,9999.000,9999.000,9999.000,9999.000,9999.000,9999.000
202602282330,   1.663,   1.571,9999.000,9999.000,9999.000,9999.000,9999.000,9999.000,9999.000
202602282336,   1.491,   1.430,9999.000,9999.000,9999.000,9999.000,9999.000,9999.000,9999.000
202602282342,   1.322,   1.279,9999.000,9999.000,9999.000,9999.000,9999.000,9999.000,9999.000
202602282348,   1.159,   1.128,9999.000,9999.000,9999.000,9999.000,9999.000,9999.000,9999.000
202602282354,   1.000,   1.010,9999.000,9999.000,9999.000,9999.000,9999.000,9999.000,9999.000
202603010000,   0.847,   1.010,   0.100,   0.063,   1.010,   0.100,   1.010,   0.100,   1.010
202603010006,   0.700,9999.000,9999.000,9999.000,9999.000,9999.000,9999.000,9999.000,9999.000
202603010012,   0.559,9999.000,9999.000,9999.000,9999.000,9999.000,9999.000,9999.000,9999.000
202603010018,   0.425,9999.000,9999.000,9999.000,9999.000,9999.000,9999.000,9999.000,9999.000
202603010024,   0.299,  -0.131,9999.000,9999.000,9999.000,9999.000,9999.000,9999.000,9999.000
202603010030,   0.180,9999.000,9999.000,9999.000,9999.000,9999.000,9999.000,9999.000,9999.000
202603010036,   0.069,9999.000,9999.000,9999.000,9999.000,9999.000,9999.000,9999.000,9999.000
202603010042,  -0.033,9999.000,9999.000,9999.000,9999.000,9999.000,9999.000,9999.000,9999.000
202603010048,  -0.126,9999.000,9999.000,9999.000,9999.000,9999.000,9999.000,9999.000,9999.000
202603010054,  -0.211,  -0.049,9999.000,9999.000,9999.000,9999.000,9999.000,9999.000,9999.000
202603010100,  -0.286,  -0.131,   0.100,   0.055,  -0.131,   0.100,  -0.131,   0.100,  -0.131
202603010106,  -0.352,  -0.219,9999.000,9999.000,9999.000,9999.000,9999.000,9999.000,9999.000
202603010112,  -0.407,  -0.249,9999.000,9999.000,9999.000,9999.000,9999.000,9999.000,9999.000
202603010118,  -0.452,  -0.298,9999.000,9999.000,9999.000,9999.000,9999.000,9999.000,9999.000
202603010124,  -0.488,  -0.360,9999.000,9999.000,9999.000,9999.000,9999.000,9999.000,9999.000
202603010130,  -0.513,  -0.439,9999.000,9999.000,9999.000,9999.000,9999.000,9999.000,9999.000
202603010136,  -0.527,  -0.488,9999.000,9999.000,9999.000,9999.000,9999.000,9999.000,9999.000
202603010142,  -0.531,  -0.541,9999.000,9999.000,9999.000,9999.000,9999.000,9999.000,9999.000
202603010148,  -0.525,  -0.560,9999.000,9999.000,9999.000,9999.000,9999.000,9999.000,9999.000
202603010154,  -0.509,  -0.551,9999.000,9999.000,9999.000,9999.000,9999.000,9999.000,9999.000
202603010200,  -0.482,  -0.518,   0.100,  -0.136,  -0.518,   0.100,  -0.518,   0.200,  -0.418
202603010206,  -0.445,  -0.498,9999.000,9999.000,9999.000,9999.000,9999.000,9999.000,9999.000
202603010212,  -0.398,  -0.469,9999.000,9999.000,9999.000,9999.000,9999.000,9999.000,9999.000
202603010218,  -0.342,  -0.439,9999.000,9999.000,9999.000,9999.000,9999.000,9999.000,9999.000
202603010224,  -0.276,  -0.380,9999.000,9999.000,9999.000,9999.000,9999.000,9999.000,9999.000
202603010230,  -0.200,  -0.308,9999.000,9999.000,9999.000,9999.000,9999.000,9999.000,9999.000
202603010236,  -0.116,  -0.239,9999.000,9999.000,9999.000,9999.000,9999.000,9999.000,9999.000
202603010242,  -0.023,  -0.141,9999.000,9999.000,9999.000,9999.000,9999.000,9999.000,9999.000
202603010248,   0.078,  -0.059,9999.000,9999.000,9999.000,9999.000,9999.000,9999.000,9999.000
202603010254,   0.188,   0.049,9999.000,9999.000,9999.000,9999.000,9999.000,9999.000,9999.000
202603010300,   0.306,   0.170,   0.100,  -0.236,   0.170,   0.100,   0.170,   0.200,   0.270
202603010306,   0.432,   0.298,9999.000,9999.000,9999.000,9999.000,9999.000,9999.000,9999.000
202603010312,   0.565,   0.449,9999.000,9999.000,9999.000,9999.000,9999.000,9999.000,9999.000
202603010318,   0.705,   0.610,9999.000,9999.000,9999.000,9999.000,9999.000,9999.000,9999.000
202603010324,   0.852,   0.770,9999.000,9999.000,9999.000,9999.000,9999.000,9999.000,9999.000
202603010330,   1.006,   0.928,9999.000,9999.000,9999.000,9999.000,9999.000,9999.000,9999.000
202603010336,   1.165,   1.088,9999.000,9999.000,9999.000,9999.000,9999.000,9999.000,9999.000
202603010342,   1.331,   1.259,9999.000,9999.000,9999.000,9999.000,9999.000,9999.000,9999.000
202603010348,   1.502,   1.430,9999.000,9999.000,9999.000,9999.000,9999.000,9999.000,9999.000
202603010354,   1.679,   1.620,9999.000,9999.000,9999.000,9999.000,9999.000,9999.000,9999.000
202603010400,   1.860,   1.810,   0.100,  -0.150,   1.810,   0.100,   1.810,   0.200,   1.910
202603010406,   2.046,   1.967,9999.000,9999.000,9999.000,9999.000,9999.000,9999.000,9999.000
202603010412,   2.237,   2.148,9999.000,9999.000,9999.000,9999.000,9999.000,9999.000,9999.000
202603010418,   2.431,   2.328,9999.000,9999.000,9999.000,9999.000,9999.000,9999.000,9999.000
202603010424,   2.628,   2.509,9999.000,9999.000,9999.000,9999.000,9999.000,9999.000,9999.000
202603010430,   2.829,   2.719,9999.000,9999.000,9999.000,9999.000,9999.000,9999.000,9999.000
202603010436,   3.032,   2.919,9999.000,9999.000,9999.000,9999.000,9999.000,9999.000,9999.000
202603010442,   3.238,   3.099,9999.000,9999.000,9999.000,9999.000,9999.000,9999.000,9999.000
202603010448,   3.445,   3.279,9999.000,9999.000,9999.000,9999.000,9999.000,9999.000,9999.000
202603010454,   3.654,   3.470,9999.000,9999.000,9999.000,9999.000,9999.000,9999.000,9999.000
202603010500,   3.863,   3.650,   0.200,  -0.413,   3.650,   0.100,   3.550,   0.200,   3.650
202603010506,   4.072,   3.847,9999.000,9999.000,9999.000,9999.000,9999.000,9999.000,9999.000
202603010512,   4.282,   4.037,9999.000,9999.000,9999.000,9999.000,9999.000,9999.000,9999.000
202603010518,   4.490,   4.227,9999.000,9999.000,9999.000,9999.000,9999.000,9999.000,9999.000
202603010524,   4.697,   4.408,9999.000,9999.000,9999.000,9999.000,9999.000,9999.000,9999.000
202603010530,   4.902,   4.588,9999.000,9999.000,9999.000,9999.000,9999.000,9999.000,9999.000
202603010536,   5.105,   4.769,9999.000,9999.000,9999.000,9999.000,9999.000,9999.000,9999.000
202603010542,   5.305,   4.969,9999.000,9999.000,9999.000,9999.000,9999.000,9999.000,9999.000
202603010548,   5.500,   5.159,9999.000,9999.000,9999.000,9999.000,9999.000,9999.000,9999.000
202603010554,   5.692,   5.320,9999.000,9999.000,9999.000,9999.000,9999.000,9999.000,9999.000
202603010600,   5.879,   5.477,   0.100,  -0.502,   5.477,   0.100,   5.477,   0.100,   5.477
202603010606,   6.060,   5.648,9999.000,9999.000,9999.000,9999.000,9999.000,9999.000,9999.000
202603010612,   6.236,   5.818,9999.000,9999.000,9999.000,9999.000,9999.000,9999.000,9999.000
202603010618,   6.405,   5.969,9999.000,9999.000,9999.000,9999.000,9999.000,9999.000,9999.000
202603010624,   6.567,   6.117,9999.000,9999.000,9999.000,9999.000,9999.000,9999.000,9999.000
202603010630,   6.721,   6.258,9999.000,9999.000,9999.000,9999.000,9999.000,9999.000,9999.000
202603010636,   6.868,   6.399,9999.000,9999.000,9999.000,9999.000,9999.000,9999.000,9999.000
202603010642,   7.006,   6.537,9999.000,9999.000,9999.000,9999.000,9999.000,9999.000,9999.000
202603010648,   7.136,   6.678,9999.000,9999.000,9999.000,9999.000,9999.000,9999.000,9999.000
202603010654,   7.257,   6.819,9999.000,9999.000,9999.000,9999.000,9999.000,9999.000,9999.000
202603010700,   7.368,   6.917,   0.100,  -0.551,   6.917,   0.100,   6.917,   0.200,   7.017
202603010706,   7.469,   7.019,9999.000,9999.000,9999.000,9999.000,9999.000,9999.000,9999.000
202603010712,   7.561,   7.137,9999.000,9999.000,9999.000,9999.000,9999.000,9999.000,9999.000
202603010718,   7.643,   7.229,9999.000,9999.000,9999.000,9999.000,9999.000,9999.000,9999.000
202603010724,   7.714,   7.307,9999.000,9999.000,9999.000,9999.000,9999.000,9999.000,9999.000
202603010730,   7.775,   7.386,9999.000,9999.000,9999.000,9999.000,9999.000,9999.000,9999.000
202603010736,   7.826,   7.439,9999.000,9999.000,9999.000,9999.000,9999.000,9999.000,9999.000
202603010742,   7.866,   7.507,9999.000,9999.000,9999.000,9999.000,9999.000,9999.000,9999.000
202603010748,   7.896,   7.557,9999.000,9999.000,9999.000,9999.000,9999.000,9999.000,9999.000
202603010754,   7.916,   7.596,9999.000,9999.000,9999.000,9999.000,9999.000,9999.000,9999.000
202603010800,   7.926,   7.639,   0.100,  -0.387,   7.639,   0.100,   7.639,   0.200,   7.739
202603010806,   7.925,   7.678,9999.000,9999.000,9999.000,9999.000,9999.000,9999.000,9999.000
202603010812,   7.915,   7.688,9999.000,9999.000,9999.000,9999.000,9999.000,9999.000,9999.000
202603010818,   7.895,   7.698,9999.000,9999.000,9999.000,9999.000,9999.000,9999.000,9999.000
202603010824,   7.866,   7.688,9999.000,9999.000,9999.000,9999.000,9999.000,9999.000,9999.000
202603010830,   7.828,   7.688,9999.000,9999.000,9999.000,9999.000,9999.000,9999.000,9999.000
202603010836,   7.781,   7.658,9999.000,9999.000,9999.000,9999.000,9999.000,9999.000,9999.000
202603010842,   7.725,   7.596,9999.000,9999.000,9999.000,9999.000,9999.000,9999.000,9999.000
202603010848,   7.662,   7.547,9999.000,9999.000,9999.000,9999.000,9999.000,9999.000,9999.000
202603010854,   7.590,   7.498,9999.000,9999.000,9999.000,9999.000,9999.000,9999.000,9999.000
202603010900,   7.512,   7.439,   0.100,  -0.173,   7.439,   0.100,   7.439,   0.200,   7.539
202603010906,   7.426,   7.376,9999.000,9999.000,9999.000,9999.000,9999.000,9999.000,9999.000
202603010912,   7.334,   7.307,9999.000,9999.000,9999.000,9999.000,9999.000,9999.000,9999.000
202603010918,   7.236,   7.229,9999.000,9999.000,9999.000,9999.000,9999.000,9999.000,9999.000
202603010924,   7.133,   7.127,9999.000,9999.000,9999.000,9999.000,9999.000,9999.000,9999.000
202603010930,   7.024,   7.029,9999.000,9999.000,9999.000,9999.000,9999.000,9999.000,9999.000
202603010936,   6.910,   6.927,9999.000,9999.000,9999.000,9999.000,9999.000,9999.000,9999.000
202603010942,   6.791,   6.819,9999.000,9999.000,9999.000,9999.000,9999.000,9999.000,9999.000
202603010948,   6.669,   6.697,9999.000,9999.000,9999.000,9999.000,9999.000,9999.000,9999.000
202603010954,   6.543,   6.556,9999.000,9999.000,9999.000,9999.000,9999.000,9999.000,9999.000
202603011000,   6.413,   6.428,   0.100,  -0.085,   6.428,   0.100,   6.428,   0.200,   6.528
202603011006,   6.281,   6.307,9999.000,9999.000,9999.000,9999.000,9999.000,9999.000,9999.000
202603011012,   6.146,   6.169,9999.000,9999.000,9999.000,9999.000,9999.000,9999.000,9999.000
202603011018,   6.009,   6.008,9999.000,9999.000,9999.000,9999.000,9999.000,9999.000,9999.000
202603011024,   5.870,   5.858,9999.000,9999.000,9999.000,9999.000,9999.000,9999.000,9999.000
202603011030,   5.730,   5.697,9999.000,9999.000,9999.000,9999.000,9999.000,9999.000,9999.000
202603011036,   5.588,   5.539,9999.000,9999.000,9999.000,9999.000,9999.000,9999.000,9999.000
202603011042,   5.446,   5.398,9999.000,9999.000,9999.000,9999.000,9999.000,9999.000,9999.000
202603011048,   5.303,   5.247,9999.000,9999.000,9999.000,9999.000,9999.000,9999.000,9999.000
202603011054,   5.160,   5.097,9999.000,9999.000,9999.000,9999.000,9999.000,9999.000,9999.000
202603011100,   5.018,   4.949,   0.200,  -0.269,   4.949,   0.100,   4.849,   0.200,   4.949
202603011106,   4.876,   4.798,9999.000,9999.000,9999.000,9999.000,9999.000,9999.000,9999.000
202603011112,   4.735,   4.647,9999.000,9999.000,9999.000,9999.000,9999.000,9999.000,9999.000
202603011118,   4.595,   4.490,9999.000,9999.000,9999.000,9999.000,9999.000,9999.000,9999.000
202603011124,   4.456,   4.359,9999.000,9999.000,9999.000,9999.000,9999.000,9999.000,9999.000
202603011130,   4.320,   4.218,9999.000,9999.000,9999.000,9999.000,9999.000,9999.000,9999.000
202603011136,   4.186,   4.080,9999.000,9999.000,9999.000,9999.000,9999.000,9999.000,9999.000
202603011142,   4.055,   3.958,9999.000,9999.000,9999.000,9999.000,9999.000,9999.000,9999.000
202603011148,   3.927,   3.827,9999.000,9999.000,9999.000,9999.000,9999.000,9999.000,9999.000
202603011154,   3.803,   3.689,9999.000,9999.000,9999.000,9999.000,9999.000,9999.000,9999.000
202603011200,   3.683,   3.578,   0.000,  -0.105,   3.578,   0.000,   3.578,   0.000,   3.578
202603011206,   3.567,   3.460,9999.000,9999.000,9999.000,9999.000,9999.000,9999.000,9999.000
202603011212,   3.456,   3.348,9999.000,9999.000,9999.000,9999.000,9999.000,9999.000,9999.000
202603011218,   3.351,   3.250,9999.000,9999.000,9999.000,9999.000,9999.000,9999.000,9999.000
202603011224,   3.251,   3.129,9999.000,9999.000,9999.000,9999.000,9999.000,9999.000,9999.000
202603011230,   3.158,   3.040,9999.000,9999.000,9999.000,9999.000,9999.000,9999.000,9999.000
202603011236,   3.071,   2.968,9999.000,9999.000,9999.000,9999.000,9999.000,9999.000,9999.000
202603011242,   2.991,   2.889,9999.000,9999.000,9999.000,9999.000,9999.000,9999.000,9999.000
202603011248,   2.919,   2.807,9999.000,9999.000,9999.000,9999.000,9999.000,9999.000,9999.000
202603011254,   2.854,   2.738,9999.000,9999.000,9999.000,9999.000,9999.000,9999.000,9999.000
202603011300,   2.798,   2.699,   0.000,  -0.099,   2.699,   0.000,   2.699,   0.000,   2.699
202603011306,   2.750,   2.650,9999.000,9999.000,9999.000,9999.000,9999.000,9999.000,9999.000
202603011312,   2.710,   2.620,9999.000,9999.000,9999.000,9999.000,9999.000,9999.000,9999.000
202603011318,   2.680,   2.587,9999.000,9999.000,9999.000,9999.000,9999.000,9999.000,9999.000
202603011324,   2.659,   2.558,9999.000,9999.000,9999.000,9999.000,9999.000,9999.000,9999.000
202603011330,   2.647,   2.548,9999.000,9999.000,9999.000,9999.000,9999.000,9999.000,9999.000
202603011336,   2.644,   2.548,9999.000,9999.000,9999.000,9999.000,9999.000,9999.000,9999.000
202603011342,   2.651,   2.548,9999.000,9999.000,9999.000,9999.000,9999.000,9999.000,9999.000
202603011348,   2.667,   2.548,9999.000,9999.000,9999.000,9999.000,9999.000,9999.000,9999.000
202603011354,   2.693,   2.587,9999.000,9999.000,9999.000,9999.000,9999.000,9999.000,9999.000
202603011400,   2.728,   2.620,   0.000,  -0.108,   2.620,   0.000,   2.620,   0.000,   2.620
202603011406,   2.772,   2.679,9999.000,9999.000,9999.000,9999.000,9999.000,9999.000,9999.000
202603011412,   2.826,   2.738,9999.000,9999.000,9999.000,9999.000,9999.000,9999.000,9999.000
202603011418,   2.888,   2.787,9999.000,9999.000,9999.000,9999.000,9999.000,9999.000,9999.000
202603011424,   2.959,   2.869,9999.000,9999.000,9999.000,9999.000,9999.000,9999.000,9999.000
202603011430,   3.038,   2.948,9999.000,9999.000,9999.000,9999.000,9999.000,9999.000,9999.000
202603011436,   3.125,   3.030,9999.000,9999.000,9999.000,9999.000,9999.000,9999.000,9999.000
202603011442,   3.220,   3.109,9999.000,9999.000,9999.000,9999.000,9999.000,9999.000,9999.000
202603011448,   3.323,   3.217,9999.000,9999.000,9999.000,9999.000,9999.000,9999.000,9999.000
202603011454,   3.432,   3.358,9999.000,9999.000,9999.000,9999.000,9999.000,9999.000,9999.000
202603011500,   3.548,   3.499,   0.000,  -0.049,   3.499,   0.000,   3.499,   0.000,   3.499
202603011506,   3.670,   3.607,9999.000,9999.000,9999.000,9999.000,9999.000,9999.000,9999.000
202603011512,   3.798,   3.739,9999.000,9999.000,9999.000,9999.000,9999.000,9999.000,9999.000
202603011518,   3.931,   3.880,9999.000,9999.000,9999.000,9999.000,9999.000,9999.000,9999.000
202603011524,   4.069,   4.047,9999.000,9999.000,9999.000,9999.000,9999.000,9999.000,9999.000
202603011530,   4.212,   4.198,9999.000,9999.000,9999.000,9999.000,9999.000,9999.000,9999.000
202603011536,   4.359,   4.339,9999.000,9999.000,9999.000,9999.000,9999.000,9999.000,9999.000
202603011542,   4.510,   4.490,9999.000,9999.000,9999.000,9999.000,9999.000,9999.000,9999.000
202603011548,   4.663,   4.647,9999.000,9999.000,9999.000,9999.000,9999.000,9999.000,9999.000
202603011554,   4.820,   4.818,9999.000,9999.000,9999.000,9999.000,9999.000,9999.000,9999.000
202603011600,   4.979,   4.988,   0.000,   0.009,   4.988,   0.000,   4.988,   0.000,   4.988
202603011606,   5.141,   5.149,9999.000,9999.000,9999.000,9999.000,9999.000,9999.000,9999.000
202603011612,   5.304,   5.339,9999.000,9999.000,9999.000,9999.000,9999.000,9999.000,9999.000
202603011618,   5.469,   5.516,9999.000,9999.000,9999.000,9999.000,9999.000,9999.000,9999.000
202603011624,   5.635,   5.707,9999.000,9999.000,9999.000,9999.000,9999.000,9999.000,9999.000
202603011630,   5.801,   5.877,9999.000,9999.000,9999.000,9999.000,9999.000,9999.000,9999.000
202603011636,   5.968,   6.058,9999.000,9999.000,9999.000,9999.000,9999.000,9999.000,9999.000
202603011642,   6.135,   6.238,9999.000,9999.000,9999.000,9999.000,9999.000,9999.000,9999.000
202603011648,   6.301,   6.428,9999.000,9999.000,9999.000,9999.000,9999.000,9999.000,9999.000
202603011654,   6.466,   6.589,9999.000,9999.000,9999.000,9999.000,9999.000,9999.000,9999.000
202603011700,   6.630,   6.746,   0.000,   0.116,   6.746,   0.000,   6.746,   0.000,   6.746
202603011706,   6.793,   6.917,9999.000,9999.000,9999.000,9999.000,9999.000,9999.000,9999.000
202603011712,   6.954,   7.078,9999.000,9999.000,9999.000,9999.000,9999.000,9999.000,9999.000
202603011718,   7.112,   7.229,9999.000,9999.000,9999.000,9999.000,9999.000,9999.000,9999.000
202603011724,   7.267,   7.376,9999.000,9999.000,9999.000,9999.000,9999.000,9999.000,9999.000
202603011730,   7.419,   7.537,9999.000,9999.000,9999.000,9999.000,9999.000,9999.000,9999.000
202603011736,   7.567,   7.688,9999.000,9999.000,9999.000,9999.000,9999.000,9999.000,9999.000
202603011742,   7.712,   7.829,9999.000,9999.000,9999.000,9999.000,9999.000,9999.000,9999.000
202603011748,   7.851,   7.976,9999.000,9999.000,9999.000,9999.000,9999.000,9999.000,9999.000
202603011754,   7.986,   8.117,9999.000,9999.000,9999.000,9999.000,9999.000,9999.000,9999.000
202603011800,   8.115,   8.249,   0.000,   0.134,   8.249,  -0.100,   8.149,   0.000,   8.249
202603011806,   8.238,   8.386,9999.000,9999.000,9999.000,9999.000,9999.000,9999.000,9999.000
202603011812,   8.355,   8.498,9999.000,9999.000,9999.000,9999.000,9999.000,9999.000,9999.000
202603011818,   8.464,   8.616,9999.000,9999.000,9999.000,9999.000,9999.000,9999.000,9999.000
202603011824,   8.567,   8.728,9999.000,9999.000,9999.000,9999.000,9999.000,9999.000,9999.000
202603011830,   8.662,   8.846,9999.000,9999.000,9999.000,9999.000,9999.000,9999.000,9999.000
202603011836,   8.750,   8.918,9999.000,9999.000,9999.000,9999.000,9999.000,9999.000,9999.000
202603011842,   8.828,   9.006,9999.000,9999.000,9999.000,9999.000,9999.000,9999.000,9999.000
202603011848,   8.899,   9.079,9999.000,9999.000,9999.000,9999.000,9999.000,9999.000,9999.000
202603011854,   8.960,   9.147,9999.000,9999.000,9999.000,9999.000,9999.000,9999.000,9999.000
202603011900,   9.011,   9.206,   0.000,   0.195,   9.206,   0.000,   9.206,   0.000,   9.206
202603011906,   9.054,   9.246,9999.000,9999.000,9999.000,9999.000,9999.000,9999.000,9999.000
202603011912,   9.086,   9.279,9999.000,9999.000,9999.000,9999.000,9999.000,9999.000,9999.000
202603011918,   9.109,   9.308,9999.000,9999.000,9999.000,9999.000,9999.000,9999.000,9999.000
202603011924,   9.121,   9.318,9999.000,9999.000,9999.000,9999.000,9999.000,9999.000,9999.000
202603011930,   9.124,   9.308,9999.000,9999.000,9999.000,9999.000,9999.000,9999.000,9999.000
202603011936,   9.116,   9.288,9999.000,9999.000,9999.000,9999.000,9999.000,9999.000,9999.000
202603011942,   9.097,   9.256,9999.000,9999.000,9999.000,9999.000,9999.000,9999.000,9999.000
202603011948,   9.069,   9.206,9999.000,9999.000,9999.000,9999.000,9999.000,9999.000,9999.000
202603011954,   9.030,   9.177,9999.000,9999.000,9999.000,9999.000,9999.000,9999.000,9999.000
202603012000,   8.981,   9.118,   0.000,   0.137,   9.118,   0.000,   9.118,   0.000,   9.118
202603012006,   8.922,   9.056,9999.000,9999.000,9999.000,9999.000,9999.000,9999.000,9999.000
202603012012,   8.853,   8.997,9999.000,9999.000,9999.000,9999.000,9999.000,9999.000,9999.000
202603012018,   8.774,   8.898,9999.000,9999.000,9999.000,9999.000,9999.000,9999.000,9999.000
202603012024,   8.685,   8.806,9999.000,9999.000,9999.000,9999.000,9999.000,9999.000,9999.000
202603012030,   8.588,   8.708,9999.000,9999.000,9999.000,9999.000,9999.000,9999.000,9999.000
202603012036,   8.481,   8.587,9999.000,9999.000,9999.000,9999.000,9999.000,9999.000,9999.000
202603012042,   8.366,   8.468,9999.000,9999.000,9999.000,9999.000,9999.000,9999.000,9999.000
202603012048,   8.242,   8.337,9999.000,9999.000,9999.000,9999.000,9999.000,9999.000,9999.000
202603012054,   8.111,   8.186,9999.000,9999.000,9999.000,9999.000,9999.000,9999.000,9999.000
202603012100,   7.971,   8.016,   0.000,   0.045,   8.016,   0.000,   8.016,   0.000,   8.016
202603012106,   7.825,   7.829,9999.000,9999.000,9999.000,9999.000,9999.000,9999.000,9999.000
202603012112,   7.671,   7.658,9999.000,9999.000,9999.000,9999.000,9999.000,9999.000,9999.000
202603012118,   7.511,   7.488,9999.000,9999.000,9999.000,9999.000,9999.000,9999.000,9999.000
202603012124,   7.346,   7.288,9999.000,9999.000,9999.000,9999.000,9999.000,9999.000,9999.000
202603012130,   7.174,   7.088,9999.000,9999.000,9999.000,9999.000,9999.000,9999.000,9999.000
202603012136,   6.997,   6.887,9999.000,9999.000,9999.000,9999.000,9999.000,9999.000,9999.000
202603012142,   6.816,   6.687,9999.000,9999.000,9999.000,9999.000,9999.000,9999.000,9999.000
202603012148,   6.630,   6.507,9999.000,9999.000,9999.000,9999.000,9999.000,9999.000,9999.000
202603012154,   6.440,   6.307,9999.000,9999.000,9999.000,9999.000,9999.000,9999.000,9999.000
202603012200,   6.246,   6.087,   0.000,  -0.159,   6.087,   0.000,   6.087,   0.000,   6.087
202603012206,   6.049,   5.877,9999.000,9999.000,9999.000,9999.000,9999.000,9999.000,9999.000
202603012212,   5.849,   5.667,9999.000,9999.000,9999.000,9999.000,9999.000,9999.000,9999.000
202603012218,   5.647,   5.448,9999.000,9999.000,9999.000,9999.000,9999.000,9999.000,9999.000
202603012224,   5.443,   5.238,9999.000,9999.000,9999.000,9999.000,9999.000,9999.000,9999.000
202603012230,   5.236,   5.028,9999.000,9999.000,9999.000,9999.000,9999.000,9999.000,9999.000
202603012236,   5.029,   4.818,9999.000,9999.000,9999.000,9999.000,9999.000,9999.000,9999.000
202603012242,   4.820,   4.608,9999.000,9999.000,9999.000,9999.000,9999.000,9999.000,9999.000
202603012248,   4.610,   4.408,9999.000,9999.000,9999.000,9999.000,9999.000,9999.000,9999.000
202603012254,   4.399,   4.208,9999.000,9999.000,9999.000,9999.000,9999.000,9999.000,9999.000
202603012300,   4.188,   4.008,   0.000,  -0.180,   4.008,   0.000,   4.008,   0.000,   4.008
202603012306,   3.977,   3.827,9999.000,9999.000,9999.000,9999.000,9999.000,9999.000,9999.000
202603012312,   3.767,   3.637,9999.000,9999.000,9999.000,9999.000,9999.000,9999.000,9999.000
202603012318,   3.557,   3.450,9999.000,9999.000,9999.000,9999.000,9999.000,9999.000,9999.000
202603012324,   3.347,   3.260,9999.000,9999.000,9999.000,9999.000,9999.000,9999.000,9999.000
202603012330,   3.139,   3.079,9999.000,9999.000,9999.000,9999.000,9999.000,9999.000,9999.000
202603012336,   2.932,   2.889,9999.000,9999.000,9999.000,9999.000,9999.000,9999.000,9999.000
202603012342,   2.727,   2.709,9999.000,9999.000,9999.000,9999.000,9999.000,9999.000,9999.000
202603012348,   2.524,   2.519,9999.000,9999.000,9999.000,9999.000,9999.000,9999.000,9999.000
202603012354,   2.324,   2.348,9999.000,9999.000,9999.000,9999.000,9999.000,9999.000,9999.000
202603020000,   2.126,   2.348,   0.100,   0.122,   2.348,   0.000,   2.248,   0.100,   2.348
202603020006,   1.931,   2.020,9999.000,9999.000,9999.000,9999.000,9999.000,9999.000,9999.000
202603020012,   1.740,   1.849,9999.000,9999.000,9999.000,9999.000,9999.000,9999.000,9999.000
202603020018,   1.552,   1.689,9999.000,9999.000,9999.000,9999.000,9999.000,9999.000,9999.000
202603020024,   1.370,   1.548,9999.000,9999.000,9999.000,9999.000,9999.000,9999.000,9999.000
202603020030,   1.191,   1.410,9999.000,9999.000,9999.000,9999.000,9999.000,9999.000,9999.000
202603020036,   1.019,   1.259,9999.000,9999.000,9999.000,9999.000,9999.000,9999.000,9999.000
202603020042,   0.851,   1.118,9999.000,9999.000,9999.000,9999.000,9999.000,9999.000,9999.000
202603020048,   0.690,   0.961,9999.000,9999.000,9999.000,9999.000,9999.000,9999.000,9999.000
202603020054,   0.536,   0.810,9999.000,9999.000,9999.000,9999.000,9999.000,9999.000,9999.000
202603020100,   0.389,   0.688,   0.000,   0.299,   0.688,   0.000,   0.688,   0.100,   0.788
202603020106,   0.249,   0.560,9999.000,9999.000,9999.000,9999.000,9999.000,9999.000,9999.000
202603020112,   0.118,   0.449,9999.000,9999.000,9999.000,9999.000,9999.000,9999.000,9999.000
202603020118,  -0.004,   0.331,9999.000,9999.000,9999.000,9999.000,9999.000,9999.000,9999.000
202603020124,  -0.118,   0.239,9999.000,9999.000,9999.000,9999.000,9999.000,9999.000,9999.000
202603020130,  -0.223,   0.121,9999.000,9999.000,9999.000,9999.000,9999.000,9999.000,9999.000
202603020136,  -0.318,   0.009,9999.000,9999.000,9999.000,9999.000,9999.000,9999.000,9999.000
202603020142,  -0.403,  -0.059,9999.000,9999.000,9999.000,9999.000,9999.000,9999.000,9999.000
202603020148,  -0.478,  -0.121,9999.000,9999.000,9999.000,9999.000,9999.000,9999.000,9999.000
202603020154,  -0.542,  -0.190,9999.000,9999.000,9999.000,9999.000,9999.000,9999.000,9999.000
202603020200,  -0.596,  -0.259,   0.000,   0.337,  -0.259,   0.000,  -0.259,   0.100,  -0.159
202603020206,  -0.638,  -0.308,9999.000,9999.000,9999.000,9999.000,9999.000,9999.000,9999.000
202603020212,  -0.669,  -0.350,9999.000,9999.000,9999.000,9999.000,9999.000,9999.000,9999.000
202603020218,  -0.689,  -0.390,9999.000,9999.000,9999.000,9999.000,9999.000,9999.000,9999.000
202603020224,  -0.697,  -0.419,9999.000,9999.000,9999.000,9999.000,9999.000,9999.000,9999.000
202603020230,  -0.694,  -0.439,9999.000,9999.000,9999.000,9999.000,9999.000,9999.000,9999.000
202603020236,  -0.680,  -0.459,9999.000,9999.000,9999.000,9999.000,9999.000,9999.000,9999.000
202603020242,  -0.655,  -0.459,9999.000,9999.000,9999.000,9999.000,9999.000,9999.000,9999.000
202603020248,  -0.618,  -0.459,9999.000,9999.000,9999.000,9999.000,9999.000,9999.000,9999.000
202603020254,  -0.570,  -0.429,9999.000,9999.000,9999.000,9999.000,9999.000,9999.000,9999.000
202603020300,  -0.512,  -0.390,   0.000,   0.122,  -0.390,   0.000,  -0.390,   0.100,  -0.290
202603020306,  -0.443,  -0.350,9999.000,9999.000,9999.000,9999.000,9999.000,9999.000,9999.000
202603020312,  -0.363,  -0.288,9999.000,9999.000,9999.000,9999.000,9999.000,9999.000,9999.000
202603020318,  -0.274,  -0.219,9999.000,9999.000,9999.000,9999.000,9999.000,9999.000,9999.000
202603020324,  -0.174,  -0.121,9999.000,9999.000,9999.000,9999.000,9999.000,9999.000,9999.000
202603020330,  -0.065,  -0.009,9999.000,9999.000,9999.000,9999.000,9999.000,9999.000,9999.000
202603020336,   0.052,   0.111,9999.000,9999.000,9999.000,9999.000,9999.000,9999.000,9999.000
202603020342,   0.179,   0.259,9999.000,9999.000,9999.000,9999.000,9999.000,9999.000,9999.000
202603020348,   0.315,   0.400,9999.000,9999.000,9999.000,9999.000,9999.000,9999.000,9999.000
202603020354,   0.459,   0.541,9999.000,9999.000,9999.000,9999.000,9999.000,9999.000,9999.000
202603020400,   0.610,   0.698,   0.000,   0.088,   0.698,   0.000,   0.698,   0.100,   0.798
202603020406,   0.770,   0.879,9999.000,9999.000,9999.000,9999.000,9999.000,9999.000,9999.000
202603020412,   0.936,   1.039,9999.000,9999.000,9999.000,9999.000,9999.000,9999.000,9999.000
202603020418,   1.110,   1.229,9999.000,9999.000,9999.000,9999.000,9999.000,9999.000,9999.000
202603020424,   1.289,   1.420,9999.000,9999.000,9999.000,9999.000,9999.000,9999.000,9999.000
202603020430,   1.475,   1.610,9999.000,9999.000,9999.000,9999.000,9999.000,9999.000,9999.000
202603020436,   1.667,   1.820,9999.000,9999.000,9999.000,9999.000,9999.000,9999.000,9999.000
202603020442,   1.864,   2.010,9999.000,9999.000,9999.000,9999.000,9999.000,9999.000,9999.000
202603020448,   2.065,   2.210,9999.000,9999.000,9999.000,9999.000,9999.000,9999.000,9999.000
202603020454,   2.271,   2.377,9999.000,9999.000,9999.000,9999.000,9999.000,9999.000,9999.000
202603020500,   2.482,   2.558,   0.000,   0.076,   2.558,   0.000,   2.558,   0.100,   2.658
202603020506,   2.696,   2.738,9999.000,9999.000,9999.000,9999.000,9999.000,9999.000,9999.000
202603020512,   2.913,   2.948,9999.000,9999.000,9999.000,9999.000,9999.000,9999.000,9999.000
202603020518,   3.132,   3.148,9999.000,9999.000,9999.000,9999.000,9999.000,9999.000,9999.000
202603020524,   3.354,   3.348,9999.000,9999.000,9999.000,9999.000,9999.000,9999.000,9999.000
202603020530,   3.578,   3.558,9999.000,9999.000,9999.000,9999.000,9999.000,9999.000,9999.000
202603020536,   3.803,   3.768,9999.000,9999.000,9999.000,9999.000,9999.000,9999.000,9999.000
202603020542,   4.029,   3.978,9999.000,9999.000,9999.000,9999.000,9999.000,9999.000,9999.000
202603020548,   4.255,   4.178,9999.000,9999.000,9999.000,9999.000,9999.000,9999.000,9999.000
202603020554,   4.480,   4.388,9999.000,9999.000,9999.000,9999.000,9999.000,9999.000,9999.000
202603020600,   4.705,   4.588,   0.200,  -0.317,   4.588,   0.100,   4.488,   0.200,   4.588
202603020606,   4.928,   4.778,9999.000,9999.000,9999.000,9999.000,9999.000,9999.000,9999.000
202603020612,   5.148,   4.988,9999.000,9999.000,9999.000,9999.000,9999.000,9999.000,9999.000
202603020618,   5.366,   5.188,9999.000,9999.000,9999.000,9999.000,9999.000,9999.000,9999.000
202603020624,   5.581,   5.379,9999.000,9999.000,9999.000,9999.000,9999.000,9999.000,9999.000
202603020630,   5.791,   5.569,9999.000,9999.000,9999.000,9999.000,9999.000,9999.000,9999.000
202603020636,   5.997,   5.769,9999.000,9999.000,9999.000,9999.000,9999.000,9999.000,9999.000
202603020642,   6.198,   5.969,9999.000,9999.000,9999.000,9999.000,9999.000,9999.000,9999.000
202603020648,   6.393,   6.136,9999.000,9999.000,9999.000,9999.000,9999.000,9999.000,9999.000
202603020654,   6.581,   6.307,9999.000,9999.000,9999.000,9999.000,9999.000,9999.000,9999.000
202603020700,   6.763,   6.477,   0.200,  -0.486,   6.477,   0.100,   6.377,   0.200,   6.477
202603020706,   6.937,   6.638,9999.000,9999.000,9999.000,9999.000,9999.000,9999.000,9999.000
202603020712,   7.103,   6.799,9999.000,9999.000,9999.000,9999.000,9999.000,9999.000,9999.000
202603020718,   7.260,   6.956,9999.000,9999.000,9999.000,9999.000,9999.000,9999.000,9999.000
202603020724,   7.408,   7.088,9999.000,9999.000,9999.000,9999.000,9999.000,9999.000,9999.000
202603020730,   7.547,   7.219,9999.000,9999.000,9999.000,9999.000,9999.000,9999.000,9999.000
202603020736,   7.676,   7.347,9999.000,9999.000,9999.000,9999.000,9999.000,9999.000,9999.000
202603020742,   7.795,   7.468,9999.000,9999.000,9999.000,9999.000,9999.000,9999.000,9999.000
202603020748,   7.903,   7.596,9999.000,9999.000,9999.000,9999.000,9999.000,9999.000,9999.000
202603020754,   8.001,   7.698,9999.000,9999.000,9999.000,9999.000,9999.000,9999.000,9999.000
202603020800,   8.087,   7.776,   0.200,  -0.511,   7.776,   0.200,   7.776,   0.200,   7.776
202603020806,   8.162,   7.858,9999.000,9999.000,9999.000,9999.000,9999.000,9999.000,9999.000
202603020812,   8.226,   7.927,9999.000,9999.000,9999.000,9999.000,9999.000,9999.000,9999.000
202603020818,   8.279,   7.976,9999.000,9999.000,9999.000,9999.000,9999.000,9999.000,9999.000
202603020824,   8.320,   8.058,9999.000,9999.000,9999.000,9999.000,9999.000,9999.000,9999.000
202603020830,   8.350,   8.108,9999.000,9999.000,9999.000,9999.000,9999.000,9999.000,9999.000
202603020836,   8.368,   8.157,9999.000,9999.000,9999.000,9999.000,9999.000,9999.000,9999.000
202603020842,   8.375,   8.177,9999.000,9999.000,9999.000,9999.000,9999.000,9999.000,9999.000
202603020848,   8.370,   8.196,9999.000,9999.000,9999.000,9999.000,9999.000,9999.000,9999.000
202603020854,   8.355,   8.196,9999.000,9999.000,9999.000,9999.000,9999.000,9999.000,9999.000
202603020900,   8.329,   8.186,   0.200,  -0.343,   8.186,   0.100,   8.086,   0.200,   8.186
202603020906,   8.292,   8.177,9999.000,9999.000,9999.000,9999.000,9999.000,9999.000,9999.000
202603020912,   8.245,   8.147,9999.000,9999.000,9999.000,9999.000,9999.000,9999.000,9999.000
202603020918,   8.189,   8.108,9999.000,9999.000,9999.000,9999.000,9999.000,9999.000,9999.000
202603020924,   8.122,   8.058,9999.000,9999.000,9999.000,9999.000,9999.000,9999.000,9999.000
202603020930,   8.047,   7.986,9999.000,9999.000,9999.000,9999.000,9999.000,9999.000,9999.000
202603020936,   7.962,   7.917,9999.000,9999.000,9999.000,9999.000,9999.000,9999.000,9999.000
202603020942,   7.870,   7.849,9999.000,9999.000,9999.000,9999.000,9999.000,9999.000,9999.000
202603020948,   7.769,   7.747,9999.000,9999.000,9999.000,9999.000,9999.000,9999.000,9999.000
202603020954,   7.661,   7.648,9999.000,9999.000,9999.000,9999.000,9999.000,9999.000,9999.000
202603021000,   7.546,   7.547,   0.200,  -0.199,   7.547,   0.100,   7.447,   0.200,   7.547
202603021006,   7.424,   7.439,9999.000,9999.000,9999.000,9999.000,9999.000,9999.000,9999.000
202603021012,   7.296,   7.317,9999.000,9999.000,9999.000,9999.000,9999.000,9999.000,9999.000
202603021018,   7.162,   7.189,9999.000,9999.000,9999.000,9999.000,9999.000,9999.000,9999.000
202603021024,   7.023,   7.048,9999.000,9999.000,9999.000,9999.000,9999.000,9999.000,9999.000
202603021030,   6.880,   6.917,9999.000,9999.000,9999.000,9999.000,9999.000,9999.000,9999.000
202603021036,   6.732,   6.766,9999.000,9999.000,9999.000,9999.000,9999.000,9999.000,9999.000
202603021042,   6.580,   6.619,9999.000,9999.000,9999.000,9999.000,9999.000,9999.000,9999.000
202603021048,   6.425,   6.468,9999.000,9999.000,9999.000,9999.000,9999.000,9999.000,9999.000
202603021054,   6.267,   6.297,9999.000,9999.000,9999.000,9999.000,9999.000,9999.000,9999.000
202603021100,   6.106,   6.127,   0.200,  -0.179,   6.127,   0.200,   6.127,   0.200,   6.127
202603021106,   5.943,   5.959,9999.000,9999.000,9999.000,9999.000,9999.000,9999.000,9999.000
202603021112,   5.778,   5.779,9999.000,9999.000,9999.000,9999.000,9999.000,9999.000,9999.000
202603021118,   5.612,   5.598,9999.000,9999.000,9999.000,9999.000,9999.000,9999.000,9999.000
202603021124,   5.445,   5.418,9999.000,9999.000,9999.000,9999.000,9999.000,9999.000,9999.000
202603021130,   5.277,   5.228,9999.000,9999.000,9999.000,9999.000,9999.000,9999.000,9999.000
202603021136,   5.109,   5.057,9999.000,9999.000,9999.000,9999.000,9999.000,9999.000,9999.000
202603021142,   4.941,   4.900,9999.000,9999.000,9999.000,9999.000,9999.000,9999.000,9999.000
202603021148,   4.774,   4.739,9999.000,9999.000,9999.000,9999.000,9999.000,9999.000,9999.000
202603021154,   4.607,   4.578,9999.000,9999.000,9999.000,9999.000,9999.000,9999.000,9999.000
202603021200,   4.442,   4.408,   0.100,  -0.134,   4.408,   0.100,   4.408,   0.100,   4.408
202603021206,   4.278,   4.237,9999.000,9999.000,9999.000,9999.000,9999.000,9999.000,9999.000
202603021212,   4.116,   4.080,9999.000,9999.000,9999.000,9999.000,9999.000,9999.000,9999.000
202603021218,   3.957,   3.939,9999.000,9999.000,9999.000,9999.000,9999.000,9999.000,9999.000
202603021224,   3.800,   3.788,9999.000,9999.000,9999.000,9999.000,9999.000,9999.000,9999.000
202603021230,   3.647,   3.637,9999.000,9999.000,9999.000,9999.000,9999.000,9999.000,9999.000
202603021236,   3.498,   3.489,9999.000,9999.000,9999.000,9999.000,9999.000,9999.000,9999.000
202603021242,   3.352,   3.339,9999.000,9999.000,9999.000,9999.000,9999.000,9999.000,9999.000
202603021248,   3.211,   3.197,9999.000,9999.000,9999.000,9999.000,9999.000,9999.000,9999.000
202603021254,   3.075,   3.089,9999.000,9999.000,9999.000,9999.000,9999.000,9999.000,9999.000
202603021300,   2.945,   2.938,   0.100,  -0.107,   2.938,   0.100,   2.938,   0.100,   2.938
202603021306,   2.821,   2.820,9999.000,9999.000,9999.000,9999.000,9999.000,9999.000,9999.000
202603021312,   2.703,   2.728,9999.000,9999.000,9999.000,9999.000,9999.000,9999.000,9999.000
202603021318,   2.592,   2.620,9999.000,9999.000,9999.000,9999.000,9999.000,9999.000,9999.000
202603021324,   2.488,   2.528,9999.000,9999.000,9999.000,9999.000,9999.000,9999.000,9999.000
202603021330,   2.392,   2.450,9999.000,9999.000,9999.000,9999.000,9999.000,9999.000,9999.000
202603021336,   2.304,   2.338,9999.000,9999.000,9999.000,9999.000,9999.000,9999.000,9999.000
202603021342,   2.225,   2.279,9999.000,9999.000,9999.000,9999.000,9999.000,9999.000,9999.000
202603021348,   2.155,   2.210,9999.000,9999.000,9999.000,9999.000,9999.000,9999.000,9999.000
202603021354,   2.094,   2.138,9999.000,9999.000,9999.000,9999.000,9999.000,9999.000,9999.000
202603021400,   2.042,   2.089,   0.000,   0.047,   2.089,   0.000,   2.089,   0.100,   2.189
202603021406,   2.001,   2.040,9999.000,9999.000,9999.000,9999.000,9999.000,9999.000,9999.000
202603021412,   1.969,   2.000,9999.000,9999.000,9999.000,9999.000,9999.000,9999.000,9999.000
202603021418,   1.948,   1.967,9999.000,9999.000,9999.000,9999.000,9999.000,9999.000,9999.000
202603021424,   1.937,   1.938,9999.000,9999.000,9999.000,9999.000,9999.000,9999.000,9999.000
202603021430,   1.937,   1.928,9999.000,9999.000,9999.000,9999.000,9999.000,9999.000,9999.000
202603021436,   1.947,   1.938,9999.000,9999.000,9999.000,9999.000,9999.000,9999.000,9999.000
202603021442,   1.967,   1.948,9999.000,9999.000,9999.000,9999.000,9999.000,9999.000,9999.000
202603021448,   1.999,   1.981,9999.000,9999.000,9999.000,9999.000,9999.000,9999.000,9999.000
202603021454,   2.040,   2.020,9999.000,9999.000,9999.000,9999.000,9999.000,9999.000,9999.000
202603021500,   2.092,   2.059,   0.100,  -0.133,   2.059,   0.000,   1.959,   0.100,   2.059
202603021506,   2.154,   2.109,9999.000,9999.000,9999.000,9999.000,9999.000,9999.000,9999.000
202603021512,   2.225,   2.158,9999.000,9999.000,9999.000,9999.000,9999.000,9999.000,9999.000
202603021518,   2.306,   2.269,9999.000,9999.000,9999.000,9999.000,9999.000,9999.000,9999.000
202603021524,   2.396,   2.387,9999.000,9999.000,9999.000,9999.000,9999.000,9999.000,9999.000
202603021530,   2.495,   2.509,9999.000,9999.000,9999.000,9999.000,9999.000,9999.000,9999.000
202603021536,   2.603,   2.630,9999.000,9999.000,9999.000,9999.000,9999.000,9999.000,9999.000
202603021542,   2.719,   2.748,9999.000,9999.000,9999.000,9999.000,9999.000,9999.000,9999.000
202603021548,   2.842,   2.879,9999.000,9999.000,9999.000,9999.000,9999.000,9999.000,9999.000
202603021554,   2.973,   3.030,9999.000,9999.000,9999.000,9999.000,9999.000,9999.000,9999.000
202603021600,   3.110,   3.188,   0.100,  -0.022,   3.188,   0.000,   3.088,   0.100,   3.188
202603021606,   3.254,   3.348,9999.000,9999.000,9999.000,9999.000,9999.000,9999.000,9999.000
202603021612,   3.404,   3.499,9999.000,9999.000,9999.000,9999.000,9999.000,9999.000,9999.000
202603021618,   3.559,   3.670,9999.000,9999.000,9999.000,9999.000,9999.000,9999.000,9999.000
202603021624,   3.719,   3.837,9999.000,9999.000,9999.000,9999.000,9999.000,9999.000,9999.000
202603021630,   3.884,   4.017,9999.000,9999.000,9999.000,9999.000,9999.000,9999.000,9999.000
202603021636,   4.053,   4.188,9999.000,9999.000,9999.000,9999.000,9999.000,9999.000,9999.000
202603021642,   4.226,   4.359,9999.000,9999.000,9999.000,9999.000,9999.000,9999.000,9999.000
202603021648,   4.402,   4.539,9999.000,9999.000,9999.000,9999.000,9999.000,9999.000,9999.000
202603021654,   4.581,   4.719,9999.000,9999.000,9999.000,9999.000,9999.000,9999.000,9999.000
202603021700,   4.762,   4.910,   0.000,   0.148,   4.910,   0.000,   4.910,   0.100,   5.010
202603021706,   4.945,   5.097,9999.000,9999.000,9999.000,9999.000,9999.000,9999.000,9999.000
202603021712,   5.130,   5.277,9999.000,9999.000,9999.000,9999.000,9999.000,9999.000,9999.000
202603021718,   5.315,   5.467,9999.000,9999.000,9999.000,9999.000,9999.000,9999.000,9999.000
202603021724,   5.502,   5.648,9999.000,9999.000,9999.000,9999.000,9999.000,9999.000,9999.000
202603021730,   5.688,   5.838,9999.000,9999.000,9999.000,9999.000,9999.000,9999.000,9999.000
202603021736,   5.875,   6.028,9999.000,9999.000,9999.000,9999.000,9999.000,9999.000,9999.000
202603021742,   6.060,   6.209,9999.000,9999.000,9999.000,9999.000,9999.000,9999.000,9999.000
202603021748,   6.245,   6.389,9999.000,9999.000,9999.000,9999.000,9999.000,9999.000,9999.000
202603021754,   6.428,   6.569,9999.000,9999.000,9999.000,9999.000,9999.000,9999.000,9999.000
202603021800,   6.609,   6.766,   0.000,   0.157,   6.766,   0.000,   6.766,   0.000,   6.766
202603021806,   6.787,   6.956,9999.000,9999.000,9999.000,9999.000,9999.000,9999.000,9999.000
202603021812,   6.963,   7.127,9999.000,9999.000,9999.000,9999.000,9999.000,9999.000,9999.000
202603021818,   7.135,   7.307,9999.000,9999.000,9999.000,9999.000,9999.000,9999.000,9999.000
202603021824,   7.303,   7.478,9999.000,9999.000,9999.000,9999.000,9999.000,9999.000,9999.000
202603021830,   7.466,   7.629,9999.000,9999.000,9999.000,9999.000,9999.000,9999.000,9999.000
202603021836,   7.625,   7.786,9999.000,9999.000,9999.000,9999.000,9999.000,9999.000,9999.000
202603021842,   7.778,   7.947,9999.000,9999.000,9999.000,9999.000,9999.000,9999.000,9999.000
202603021848,   7.926,   8.098,9999.000,9999.000,9999.000,9999.000,9999.000,9999.000,9999.000
202603021854,   8.066,   8.229,9999.000,9999.000,9999.000,9999.000,9999.000,9999.000,9999.000
202603021900,   8.200,   8.357,   0.000,   0.157,   8.357,   0.000,   8.357,   0.000,   8.357
202603021906,   8.327,   8.488,9999.000,9999.000,9999.000,9999.000,9999.000,9999.000,9999.000
202603021912,   8.446,   8.616,9999.000,9999.000,9999.000,9999.000,9999.000,9999.000,9999.000
202603021918,   8.557,   8.737,9999.000,9999.000,9999.000,9999.000,9999.000,9999.000,9999.000
202603021924,   8.659,   8.846,9999.000,9999.000,9999.000,9999.000,9999.000,9999.000,9999.000
202603021930,   8.751,   8.937,9999.000,9999.000,9999.000,9999.000,9999.000,9999.000,9999.000
202603021936,   8.835,   9.026,9999.000,9999.000,9999.000,9999.000,9999.000,9999.000,9999.000
202603021942,   8.909,   9.098,9999.000,9999.000,9999.000,9999.000,9999.000,9999.000,9999.000
202603021948,   8.972,   9.157,9999.000,9999.000,9999.000,9999.000,9999.000,9999.000,9999.000
202603021954,   9.026,   9.216,9999.000,9999.000,9999.000,9999.000,9999.000,9999.000,9999.000
202603022000,   9.068,   9.265,   0.000,   0.197,   9.265,   0.000,   9.265,   0.000,   9.265
202603022006,   9.100,   9.298,9999.000,9999.000,9999.000,9999.000,9999.000,9999.000,9999.000
202603022012,   9.121,   9.338,9999.000,9999.000,9999.000,9999.000,9999.000,9999.000,9999.000
202603022018,   9.131,   9.357,9999.000,9999.000,9999.000,9999.000,9999.000,9999.000,9999.000
202603022024,   9.130,   9.357,9999.000,9999.000,9999.000,9999.000,9999.000,9999.000,9999.000
202603022030,   9.117,   9.338,9999.000,9999.000,9999.000,9999.000,9999.000,9999.000,9999.000
202603022036,   9.093,   9.318,9999.000,9999.000,9999.000,9999.000,9999.000,9999.000,9999.000
202603022042,   9.059,   9.279,9999.000,9999.000,9999.000,9999.000,9999.000,9999.000,9999.000
202603022048,   9.013,   9.246,9999.000,9999.000,9999.000,9999.000,9999.000,9999.000,9999.000
202603022054,   8.956,   9.197,9999.000,9999.000,9999.000,9999.000,9999.000,9999.000,9999.000
202603022100,   8.888,   9.147,   0.000,   0.259,   9.147,   0.000,   9.147,   0.000,   9.147
202603022106,   8.810,   9.069,9999.000,9999.000,9999.000,9999.000,9999.000,9999.000,9999.000
202603022112,   8.722,   8.977,9999.000,9999.000,9999.000,9999.000,9999.000,9999.000,9999.000
202603022118,   8.623,   8.878,9999.000,9999.000,9999.000,9999.000,9999.000,9999.000,9999.000
202603022124,   8.515,   8.767,9999.000,9999.000,9999.000,9999.000,9999.000,9999.000,9999.000
202603022130,   8.397,   8.649,9999.000,9999.000,9999.000,9999.000,9999.000,9999.000,9999.000
202603022136,   8.271,   8.537,9999.000,9999.000,9999.000,9999.000,9999.000,9999.000,9999.000
202603022142,   8.135,   8.386,9999.000,9999.000,9999.000,9999.000,9999.000,9999.000,9999.000
202603022148,   7.992,   8.216,9999.000,9999.000,9999.000,9999.000,9999.000,9999.000,9999.000
202603022154,   7.840,   8.016,9999.000,9999.000,9999.000,9999.000,9999.000,9999.000,9999.000
202603022200,   7.682,   7.829,   0.000,   0.147,   7.829,   0.000,   7.829,   0.000,   7.829
202603022206,   7.516,   7.629,9999.000,9999.000,9999.000,9999.000,9999.000,9999.000,9999.000
202603022212,   7.344,   7.439,9999.000,9999.000,9999.000,9999.000,9999.000,9999.000,9999.000
202603022218,   7.165,   7.248,9999.000,9999.000,9999.000,9999.000,9999.000,9999.000,9999.000
202603022224,   6.982,   7.058,9999.000,9999.000,9999.000,9999.000,9999.000,9999.000,9999.000
202603022230,   6.793,   6.848,9999.000,9999.000,9999.000,9999.000,9999.000,9999.000,9999.000
202603022236,   6.599,   6.638,9999.000,9999.000,9999.000,9999.000,9999.000,9999.000,9999.000
202603022242,   6.402,   6.418,9999.000,9999.000,9999.000,9999.000,9999.000,9999.000,9999.000
202603022248,   6.200,   6.189,9999.000,9999.000,9999.000,9999.000,9999.000,9999.000,9999.000
202603022254,   5.996,   5.979,9999.000,9999.000,9999.000,9999.000,9999.000,9999.000,9999.000
202603022300,   5.788,   5.739,   0.000,  -0.049,   5.739,   0.000,   5.739,   0.000,   5.739
202603022306,   5.578,   5.516,9999.000,9999.000,9999.000,9999.000,9999.000,9999.000,9999.000
202603022312,   5.366,   5.307,9999.000,9999.000,9999.000,9999.000,9999.000,9999.000,9999.000
202603022318,   5.152,   5.087,9999.000,9999.000,9999.000,9999.000,9999.000,9999.000,9999.000
202603022324,   4.937,   4.877,9999.000,9999.000,9999.000,9999.000,9999.000,9999.000,9999.000
202603022330,   4.721,   4.657,9999.000,9999.000,9999.000,9999.000,9999.000,9999.000,9999.000
202603022336,   4.505,   4.447,9999.000,9999.000,9999.000,9999.000,9999.000,9999.000,9999.000
202603022342,   4.288,   4.257,9999.000,9999.000,9999.000,9999.000,9999.000,9999.000,9999.000
202603022348,   4.071,   4.057,9999.000,9999.000,9999.000,9999.000,9999.000,9999.000,9999.000
202603022354,   3.855,   3.870,9999.000,9999.000,9999.000,9999.000,9999.000,9999.000,9999.000
202603030000,   3.639,   3.870,   0.000,   0.231,   3.870,   0.000,   3.870,   0.000,   3.870
202603030006,   3.425,   3.509,9999.000,9999.000,9999.000,9999.000,9999.000,9999.000,9999.000
202603030012,   3.211,   3.329,9999.000,9999.000,9999.000,9999.000,9999.000,9999.000,9999.000
202603030018,   3.000,   3.148,9999.000,9999.000,9999.000,9999.000,9999.000,9999.000,9999.000
202603030024,   2.790,   2.968,9999.000,9999.000,9999.000,9999.000,9999.000,9999.000,9999.000
202603030030,   2.583,   2.787,9999.000,9999.000,9999.000,9999.000,9999.000,9999.000,9999.000
202603030036,   2.379,   2.620,9999.000,9999.000,9999.000,9999.000,9999.000,9999.000,9999.000
202603030042,   2.177,   2.450,9999.000,9999.000,9999.000,9999.000,9999.000,9999.000,9999.000
202603030048,   1.979,   2.269,9999.000,9999.000,9999.000,9999.000,9999.000,9999.000,9999.000
202603030054,   1.785,   2.089,9999.000,9999.000,9999.000,9999.000,9999.000,9999.000,9999.000
202603030100,   1.595,   1.918,   0.000,   0.323,   1.918,   0.000,   1.918,   0.000,   1.918
202603030106,   1.410,   1.758,9999.000,9999.000,9999.000,9999.000,9999.000,9999.000,9999.000
202603030112,   1.230,   1.600,9999.000,9999.000,9999.000,9999.000,9999.000,9999.000,9999.000
202603030118,   1.056,   1.439,9999.000,9999.000,9999.000,9999.000,9999.000,9999.000,9999.000
202603030124,   0.887,   1.279,9999.000,9999.000,9999.000,9999.000,9999.000,9999.000,9999.000
202603030130,   0.725,   1.138,9999.000,9999.000,9999.000,9999.000,9999.000,9999.000,9999.000
202603030136,   0.570,   1.000,9999.000,9999.000,9999.000,9999.000,9999.000,9999.000,9999.000
202603030142,   0.422,   0.859,9999.000,9999.000,9999.000,9999.000,9999.000,9999.000,9999.000
202603030148,   0.282,   0.731,9999.000,9999.000,9999.000,9999.000,9999.000,9999.000,9999.000
202603030154,   0.151,   0.619,9999.000,9999.000,9999.000,9999.000,9999.000,9999.000,9999.000
202603030200,   0.028,   0.478,   0.000,   0.450,   0.478,   0.000,   0.478,   0.000,   0.478
202603030206,  -0.084,   0.370,9999.000,9999.000,9999.000,9999.000,9999.000,9999.000,9999.000
202603030212,  -0.188,   0.268,9999.000,9999.000,9999.000,9999.000,9999.000,9999.000,9999.000
202603030218,  -0.282,   0.170,9999.000,9999.000,9999.000,9999.000,9999.000,9999.000,9999.000
202603030224,  -0.365,   0.088,9999.000,9999.000,9999.000,9999.000,9999.000,9999.000,9999.000
202603030230,  -0.438,   0.019,9999.000,9999.000,9999.000,9999.000,9999.000,9999.000,9999.000
202603030236,  -0.499,  -0.068,9999.000,9999.000,9999.000,9999.000,9999.000,9999.000,9999.000
202603030242,  -0.550,  -0.141,9999.000,9999.000,9999.000,9999.000,9999.000,9999.000,9999.000
202603030248,  -0.588,  -0.190,9999.000,9999.000,9999.000,9999.000,9999.000,9999.000,9999.000
202603030254,  -0.615,  -0.239,9999.000,9999.000,9999.000,9999.000,9999.000,9999.000,9999.000
202603030300,  -0.631,  -0.268,   0.000,   0.363,  -0.268,   0.000,  -0.268,   0.000,  -0.268
202603030306,  -0.634,  -0.298,9999.000,9999.000,9999.000,9999.000,9999.000,9999.000,9999.000
202603030312,  -0.625,  -0.331,9999.000,9999.000,9999.000,9999.000,9999.000,9999.000,9999.000
202603030318,  -0.605,  -0.331,9999.000,9999.000,9999.000,9999.000,9999.000,9999.000,9999.000
202603030324,  -0.572,  -0.341,9999.000,9999.000,9999.000,9999.000,9999.000,9999.000,9999.000
202603030330,  -0.528,  -0.308,9999.000,9999.000,9999.000,9999.000,9999.000,9999.000,9999.000
202603030336,  -0.473,  -0.288,9999.000,9999.000,9999.000,9999.000,9999.000,9999.000,9999.000
202603030342,  -0.406,  -0.259,9999.000,9999.000,9999.000,9999.000,9999.000,9999.000,9999.000
202603030348,  -0.327,  -0.209,9999.000,9999.000,9999.000,9999.000,9999.000,9999.000,9999.000
202603030354,  -0.238,  -0.131,9999.000,9999.000,9999.000,9999.000,9999.000,9999.000,9999.000
202603030400,  -0.138,  -0.049,   0.000,   0.089,  -0.049,   0.000,  -0.049,   0.000,  -0.049
202603030406,  -0.028,   0.059,9999.000,9999.000,9999.000,9999.000,9999.000,9999.000,9999.000
202603030412,   0.091,   0.170,9999.000,9999.000,9999.000,9999.000,9999.000,9999.000,9999.000
202603030418,   0.221,   0.308,9999.000,9999.000,9999.000,9999.000,9999.000,9999.000,9999.000
202603030424,   0.360,   0.469,9999.000,9999.000,9999.000,9999.000,9999.000,9999.000,9999.000
202603030430,   0.507,   0.619,9999.000,9999.000,9999.000,9999.000,9999.000,9999.000,9999.000
202603030436,   0.664,   0.800,9999.000,9999.000,9999.000,9999.000,9999.000,9999.000,9999.000
202603030442,   0.828,   0.970,9999.000,9999.000,9999.000,9999.000,9999.000,9999.000,9999.000
202603030448,   1.000,   1.151,9999.000,9999.000,9999.000,9999.000,9999.000,9999.000,9999.000
202603030454,   1.179,   1.338,9999.000,9999.000,9999.000,9999.000,9999.000,9999.000,9999.000
202603030500,   1.365,   1.528,   0.000,   0.163,   1.528,   0.000,   1.528,   0.000,   1.528
202603030506,   1.557,   1.748,9999.000,9999.000,9999.000,9999.000,9999.000,9999.000,9999.000
202603030512,   1.755,   1.958,9999.000,9999.000,9999.000,9999.000,9999.000,9999.000,9999.000
202603030518,   1.958,   2.158,9999.000,9999.000,9999.000,9999.000,9999.000,9999.000,9999.000
202603030524,   2.167,   2.338,9999.000,9999.000,9999.000,9999.000,9999.000,9999.000,9999.000
202603030530,   2.379,   2.548,9999.000,9999.000,9999.000,9999.000,9999.000,9999.000,9999.000
202603030536,   2.597,   2.748,9999.000,9999.000,9999.000,9999.000,9999.000,9999.000,9999.000
202603030542,   2.817,   2.958,9999.000,9999.000,9999.000,9999.000,9999.000,9999.000,9999.000
202603030548,   3.041,   3.148,9999.000,9999.000,9999.000,9999.000,9999.000,9999.000,9999.000
202603030554,   3.268,   3.368,9999.000,9999.000,9999.000,9999.000,9999.000,9999.000,9999.000
202603030600,   3.496,   3.568,   0.100,  -0.028,   3.568,   0.100,   3.568,   0.200,   3.668
202603030606,   3.727,   3.778,9999.000,9999.000,9999.000,9999.000,9999.000,9999.000,9999.000
202603030612,   3.958,   3.978,9999.000,9999.000,9999.000,9999.000,9999.000,9999.000,9999.000
202603030618,   4.191,   4.188,9999.000,9999.000,9999.000,9999.000,9999.000,9999.000,9999.000
202603030624,   4.423,   4.408,9999.000,9999.000,9999.000,9999.000,9999.000,9999.000,9999.000
202603030630,   4.655,   4.628,9999.000,9999.000,9999.000,9999.000,9999.000,9999.000,9999.000
202603030636,   4.886,   4.828,9999.000,9999.000,9999.000,9999.000,9999.000,9999.000,9999.000
202603030642,   5.115,   5.038,9999.000,9999.000,9999.000,9999.000,9999.000,9999.000,9999.000
202603030648,   5.342,   5.247,9999.000,9999.000,9999.000,9999.000,9999.000,9999.000,9999.000
202603030654,   5.566,   5.448,9999.000,9999.000,9999.000,9999.000,9999.000,9999.000,9999.000
202603030700,   5.787,   5.648,   0.100,  -0.239,   5.648,   0.100,   5.648,   0.100,   5.648
202603030706,   6.004,   5.848,9999.000,9999.000,9999.000,9999.000,9999.000,9999.000,9999.000
202603030712,   6.216,   6.048,9999.000,9999.000,9999.000,9999.000,9999.000,9999.000,9999.000
202603030718,   6.423,   6.238,9999.000,9999.000,9999.000,9999.000,9999.000,9999.000,9999.000
202603030724,   6.625,   6.428,9999.000,9999.000,9999.000,9999.000,9999.000,9999.000,9999.000
202603030730,   6.820,   6.609,9999.000,9999.000,9999.000,9999.000,9999.000,9999.000,9999.000
202603030736,   7.008,   6.779,9999.000,9999.000,9999.000,9999.000,9999.000,9999.000,9999.000
202603030742,   7.188,   6.937,9999.000,9999.000,9999.000,9999.000,9999.000,9999.000,9999.000
202603030748,   7.360,   7.097,9999.000,9999.000,9999.000,9999.000,9999.000,9999.000,9999.000
202603030754,   7.524,   7.248,9999.000,9999.000,9999.000,9999.000,9999.000,9999.000,9999.000
202603030800,   7.679,   7.399,   0.100,  -0.380,   7.399,   0.100,   7.399,   0.200,   7.499
202603030806,   7.824,   7.537,9999.000,9999.000,9999.000,9999.000,9999.000,9999.000,9999.000
202603030812,   7.959,   7.678,9999.000,9999.000,9999.000,9999.000,9999.000,9999.000,9999.000
202603030818,   8.083,   7.796,9999.000,9999.000,9999.000,9999.000,9999.000,9999.000,9999.000
202603030824,   8.197,   7.917,9999.000,9999.000,9999.000,9999.000,9999.000,9999.000,9999.000
202603030830,   8.300,   8.029,9999.000,9999.000,9999.000,9999.000,9999.000,9999.000,9999.000
202603030836,   8.391,   8.117,9999.000,9999.000,9999.000,9999.000,9999.000,9999.000,9999.000
202603030842,   8.471,   8.229,9999.000,9999.000,9999.000,9999.000,9999.000,9999.000,9999.000
202603030848,   8.539,   8.308,9999.000,9999.000,9999.000,9999.000,9999.000,9999.000,9999.000
202603030854,   8.595,   8.367,9999.000,9999.000,9999.000,9999.000,9999.000,9999.000,9999.000
202603030900,   8.639,   8.439,   0.100,  -0.300,   8.439,   0.100,   8.439,   0.100,   8.439
202603030906,   8.671,   8.468,9999.000,9999.000,9999.000,9999.000,9999.000,9999.000,9999.000
202603030912,   8.691,   8.518,9999.000,9999.000,9999.000,9999.000,9999.000,9999.000,9999.000
202603030918,   8.699,   8.557,9999.000,9999.000,9999.000,9999.000,9999.000,9999.000,9999.000
202603030924,   8.695,   8.557,9999.000,9999.000,9999.000,9999.000,9999.000,9999.000,9999.000
202603030930,   8.679,   8.547,9999.000,9999.000,9999.000,9999.000,9999.000,9999.000,9999.000
202603030936,   8.652,   8.547,9999.000,9999.000,9999.000,9999.000,9999.000,9999.000,9999.000
202603030942,   8.613,   8.527,9999.000,9999.000,9999.000,9999.000,9999.000,9999.000,9999.000
202603030948,   8.563,   8.508,9999.000,9999.000,9999.000,9999.000,9999.000,9999.000,9999.000
202603030954,   8.503,   8.468,9999.000,9999.000,9999.000,9999.000,9999.000,9999.000,9999.000
202603031000,   8.432,   8.416,   0.100,  -0.116,   8.416,   0.100,   8.416,   0.100,   8.416
202603031006,   8.351,   8.357,9999.000,9999.000,9999.000,9999.000,9999.000,9999.000,9999.000
202603031012,   8.260,   8.298,9999.000,9999.000,9999.000,9999.000,9999.000,9999.000,9999.000
202603031018,   8.160,   8.229,9999.000,9999.000,9999.000,9999.000,9999.000,9999.000,9999.000
202603031024,   8.051,   8.127,9999.000,9999.000,9999.000,9999.000,9999.000,9999.000,9999.000
202603031030,   7.933,   8.016,9999.000,9999.000,9999.000,9999.000,9999.000,9999.000,9999.000
202603031036,   7.808,   7.917,9999.000,9999.000,9999.000,9999.000,9999.000,9999.000,9999.000
202603031042,   7.675,   7.796,9999.000,9999.000,9999.000,9999.000,9999.000,9999.000,9999.000
202603031048,   7.536,   7.668,9999.000,9999.000,9999.000,9999.000,9999.000,9999.000,9999.000
202603031054,   7.390,   7.537,9999.000,9999.000,9999.000,9999.000,9999.000,9999.000,9999.000
202603031100,   7.238,   7.399,   0.100,   0.061,   7.399,   0.100,   7.399,   0.100,   7.399
202603031106,   7.081,   7.248,9999.000,9999.000,9999.000,9999.000,9999.000,9999.000,9999.000
202603031112,   6.918,   7.088,9999.000,9999.000,9999.000,9999.000,9999.000,9999.000,9999.000
202603031118,   6.752,   6.917,9999.000,9999.000,9999.000,9999.000,9999.000,9999.000,9999.000
202603031124,   6.581,   6.737,9999.000,9999.000,9999.000,9999.000,9999.000,9999.000,9999.000
202603031130,   6.407,   6.556,9999.000,9999.000,9999.000,9999.000,9999.000,9999.000,9999.000
202603031136,   6.229,   6.379,9999.000,9999.000,9999.000,9999.000,9999.000,9999.000,9999.000
202603031142,   6.050,   6.199,9999.000,9999.000,9999.000,9999.000,9999.000,9999.000,9999.000
202603031148,   5.868,   5.999,9999.000,9999.000,9999.000,9999.000,9999.000,9999.000,9999.000
202603031154,   5.684,   5.808,9999.000,9999.000,9999.000,9999.000,9999.000,9999.000,9999.000
202603031200,   5.499,   5.608,   0.100,   0.009,   5.608,   0.100,   5.608,   0.100,   5.608
202603031206,   5.313,   5.418,9999.000,9999.000,9999.000,9999.000,9999.000,9999.000,9999.000
202603031212,   5.127,   5.228,9999.000,9999.000,9999.000,9999.000,9999.000,9999.000,9999.000
202603031218,   4.941,   5.028,9999.000,9999.000,9999.000,9999.000,9999.000,9999.000,9999.000
202603031224,   4.755,   4.857,9999.000,9999.000,9999.000,9999.000,9999.000,9999.000,9999.000
202603031230,   4.569,   4.657,9999.000,9999.000,9999.000,9999.000,9999.000,9999.000,9999.000
202603031236,   4.385,   4.500,9999.000,9999.000,9999.000,9999.000,9999.000,9999.000,9999.000
202603031242,   4.202,   4.329,9999.000,9999.000,9999.000,9999.000,9999.000,9999.000,9999.000
202603031248,   4.022,   4.159,9999.000,9999.000,9999.000,9999.000,9999.000,9999.000,9999.000
202603031254,   3.843,   3.998,9999.000,9999.000,9999.000,9999.000,9999.000,9999.000,9999.000
202603031300,   3.667,   3.827,   0.100,   0.060,   3.827,   0.100,   3.827,   0.100,   3.827
202603031306,   3.494,   3.660,9999.000,9999.000,9999.000,9999.000,9999.000,9999.000,9999.000
202603031312,   3.324,   3.519,9999.000,9999.000,9999.000,9999.000,9999.000,9999.000,9999.000
202603031318,   3.159,   3.368,9999.000,9999.000,9999.000,9999.000,9999.000,9999.000,9999.000
202603031324,   2.997,   3.217,9999.000,9999.000,9999.000,9999.000,9999.000,9999.000,9999.000
202603031330,   2.841,   3.060,9999.000,9999.000,9999.000,9999.000,9999.000,9999.000,9999.000
202603031336,   2.690,   2.919,9999.000,9999.000,9999.000,9999.000,9999.000,9999.000,9999.000
202603031342,   2.544,   2.778,9999.000,9999.000,9999.000,9999.000,9999.000,9999.000,9999.000
202603031348,   2.404,   2.660,9999.000,9999.000,9999.000,9999.000,9999.000,9999.000,9999.000
202603031354,   2.271,   2.519,9999.000,9999.000,9999.000,9999.000,9999.000,9999.000,9999.000
202603031400,   2.146,   2.400,   0.100,   0.154,   2.400,   0.100,   2.400,   0.100,   2.400
202603031406,   2.027,   2.269,9999.000,9999.000,9999.000,9999.000,9999.000,9999.000,9999.000
202603031412,   1.917,   2.191,9999.000,9999.000,9999.000,9999.000,9999.000,9999.000,9999.000
202603031418,   1.815,   2.079,9999.000,9999.000,9999.000,9999.000,9999.000,9999.000,9999.000
202603031424,   1.722,   1.967,9999.000,9999.000,9999.000,9999.000,9999.000,9999.000,9999.000
202603031430,   1.638,   1.879,9999.000,9999.000,9999.000,9999.000,9999.000,9999.000,9999.000
202603031436,   1.564,   1.810,9999.000,9999.000,9999.000,9999.000,9999.000,9999.000,9999.000
202603031442,   1.499,   1.738,9999.000,9999.000,9999.000,9999.000,9999.000,9999.000,9999.000
202603031448,   1.445,   1.669,9999.000,9999.000,9999.000,9999.000,9999.000,9999.000,9999.000
202603031454,   1.402,   1.620,9999.000,9999.000,9999.000,9999.000,9999.000,9999.000,9999.000
202603031500,   1.369,   1.580,   0.100,   0.111,   1.580,   0.100,   1.580,   0.100,   1.580
202603031506,   1.347,   1.548,9999.000,9999.000,9999.000,9999.000,9999.000,9999.000,9999.000
202603031512,   1.336,   1.528,9999.000,9999.000,9999.000,9999.000,9999.000,9999.000,9999.000
202603031518,   1.337,   1.498,9999.000,9999.000,9999.000,9999.000,9999.000,9999.000,9999.000
202603031524,   1.348,   1.489,9999.000,9999.000,9999.000,9999.000,9999.000,9999.000,9999.000
202603031530,   1.371,   1.508,9999.000,9999.000,9999.000,9999.000,9999.000,9999.000,9999.000
202603031536,   1.405,   1.538,9999.000,9999.000,9999.000,9999.000,9999.000,9999.000,9999.000
202603031542,   1.451,   1.580,9999.000,9999.000,9999.000,9999.000,9999.000,9999.000,9999.000
202603031548,   1.507,   1.639,9999.000,9999.000,9999.000,9999.000,9999.000,9999.000,9999.000
202603031554,   1.573,   1.718,9999.000,9999.000,9999.000,9999.000,9999.000,9999.000,9999.000
202603031600,   1.651,   1.810,   0.100,   0.059,   1.810,   0.100,   1.810,   0.200,   1.910
202603031606,   1.738,   1.908,9999.000,9999.000,9999.000,9999.000,9999.000,9999.000,9999.000
202603031612,   1.835,   1.990,9999.000,9999.000,9999.000,9999.000,9999.000,9999.000,9999.000
202603031618,   1.942,   2.099,9999.000,9999.000,9999.000,9999.000,9999.000,9999.000,9999.000
202603031624,   2.058,   2.230,9999.000,9999.000,9999.000,9999.000,9999.000,9999.000,9999.000
202603031630,   2.182,   2.368,9999.000,9999.000,9999.000,9999.000,9999.000,9999.000,9999.000
202603031636,   2.315,   2.519,9999.000,9999.000,9999.000,9999.000,9999.000,9999.000,9999.000
202603031642,   2.455,   2.679,9999.000,9999.000,9999.000,9999.000,9999.000,9999.000,9999.000
202603031648,   2.603,   2.840,9999.000,9999.000,9999.000,9999.000,9999.000,9999.000,9999.000
202603031654,   2.758,   3.017,9999.000,9999.000,9999.000,9999.000,9999.000,9999.000,9999.000
202603031700,   2.919,   3.188,   0.100,   0.169,   3.188,   0.100,   3.188,   0.200,   3.288
202603031706,   3.085,   3.368,9999.000,9999.000,9999.000,9999.000,9999.000,9999.000,9999.000
202603031712,   3.257,   3.548,9999.000,9999.000,9999.000,9999.000,9999.000,9999.000,9999.000
202603031718,   3.434,   3.719,9999.000,9999.000,9999.000,9999.000,9999.000,9999.000,9999.000
202603031724,   3.615,   3.919,9999.000,9999.000,9999.000,9999.000,9999.000,9999.000,9999.000
202603031730,   3.800,   4.109,9999.000,9999.000,9999.000,9999.000,9999.000,9999.000,9999.000
202603031736,   3.989,   4.280,9999.000,9999.000,9999.000,9999.000,9999.000,9999.000,9999.000
202603031742,   4.180,   4.467,9999.000,9999.000,9999.000,9999.000,9999.000,9999.000,9999.000
202603031748,   4.374,   4.667,9999.000,9999.000,9999.000,9999.000,9999.000,9999.000,9999.000
202603031754,   4.569,   4.847,9999.000,9999.000,9999.000,9999.000,9999.000,9999.000,9999.000
202603031800,   4.766,   5.047,   0.100,   0.181,   5.047,   0.000,   4.947,   0.100,   5.047
202603031806,   4.964,   5.247,9999.000,9999.000,9999.000,9999.000,9999.000,9999.000,9999.000
202603031812,   5.162,   5.448,9999.000,9999.000,9999.000,9999.000,9999.000,9999.000,9999.000
202603031818,   5.360,   5.638,9999.000,9999.000,9999.000,9999.000,9999.000,9999.000,9999.000
202603031824,   5.558,   5.818,9999.000,9999.000,9999.000,9999.000,9999.000,9999.000,9999.000
202603031830,   5.755,   6.018,9999.000,9999.000,9999.000,9999.000,9999.000,9999.000,9999.000
202603031836,   5.951,   6.228,9999.000,9999.000,9999.000,9999.000,9999.000,9999.000,9999.000
202603031842,   6.144,   6.438,9999.000,9999.000,9999.000,9999.000,9999.000,9999.000,9999.000
202603031848,   6.335,   6.619,9999.000,9999.000,9999.000,9999.000,9999.000,9999.000,9999.000
202603031854,   6.524,   6.799,9999.000,9999.000,9999.000,9999.000,9999.000,9999.000,9999.000
202603031900,   6.709,   6.989,   0.100,   0.180,   6.989,   0.100,   6.989,   0.100,   6.989
202603031906,   6.890,   7.166,9999.000,9999.000,9999.000,9999.000,9999.000,9999.000,9999.000
202603031912,   7.066,   7.347,9999.000,9999.000,9999.000,9999.000,9999.000,9999.000,9999.000
202603031918,   7.238,   7.517,9999.000,9999.000,9999.000,9999.000,9999.000,9999.000,9999.000
202603031924,   7.404,   7.688,9999.000,9999.000,9999.000,9999.000,9999.000,9999.000,9999.000
202603031930,   7.564,   7.858,9999.000,9999.000,9999.000,9999.000,9999.000,9999.000,9999.000
202603031936,   7.718,   8.006,9999.000,9999.000,9999.000,9999.000,9999.000,9999.000,9999.000
202603031942,   7.865,   8.167,9999.000,9999.000,9999.000,9999.000,9999.000,9999.000,9999.000
202603031948,   8.005,   8.288,9999.000,9999.000,9999.000,9999.000,9999.000,9999.000,9999.000
202603031954,   8.137,   8.426,9999.000,9999.000,9999.000,9999.000,9999.000,9999.000,9999.000
202603032000,   8.260,   8.547,   0.100,   0.187,   8.547,   0.100,   8.547,   0.100,   8.547
202603032006,   8.375,   8.649,9999.000,9999.000,9999.000,9999.000,9999.000,9999.000,9999.000
202603032012,   8.480,   8.767,9999.000,9999.000,9999.000,9999.000,9999.000,9999.000,9999.000
202603032018,   8.576,   8.846,9999.000,9999.000,9999.000,9999.000,9999.000,9999.000,9999.000
202603032024,   8.663,   8.937,9999.000,9999.000,9999.000,9999.000,9999.000,9999.000,9999.000
202603032030,   8.738,   9.036,9999.000,9999.000,9999.000,9999.000,9999.000,9999.000,9999.000
202603032036,   8.804,   9.108,9999.000,9999.000,9999.000,9999.000,9999.000,9999.000,9999.000
202603032042,   8.858,   9.157,9999.000,9999.000,9999.000,9999.000,9999.000,9999.000,9999.000
202603032048,   8.902,   9.216,9999.000,9999.000,9999.000,9999.000,9999.000,9999.000,9999.000
202603032054,   8.934,   9.256,9999.000,9999.000,9999.000,9999.000,9999.000,9999.000,9999.000
202603032100,   8.955,   9.288,   0.100,   0.233,   9.288,   0.100,   9.288,   0.100,   9.288
202603032106,   8.964,   9.308,9999.000,9999.000,9999.000,9999.000,9999.000,9999.000,9999.000
202603032112,   8.962,   9.308,9999.000,9999.000,9999.000,9999.000,9999.000,9999.000,9999.000
202603032118,   8.948,   9.308,9999.000,9999.000,9999.000,9999.000,9999.000,9999.000,9999.000
202603032124,   8.923,   9.298,9999.000,9999.000,9999.000,9999.000,9999.000,9999.000,9999.000
202603032130,   8.886,   9.246,9999.000,9999.000,9999.000,9999.000,9999.000,9999.000,9999.000
202603032136,   8.838,   9.216,9999.000,9999.000,9999.000,9999.000,9999.000,9999.000,9999.000
202603032142,   8.778,   9.167,9999.000,9999.000,9999.000,9999.000,9999.000,9999.000,9999.000
202603032148,   8.708,   9.098,9999.000,9999.000,9999.000,9999.000,9999.000,9999.000,9999.000
202603032154,   8.627,   9.026,9999.000,9999.000,9999.000,9999.000,9999.000,9999.000,9999.000
202603032200,   8.535,   8.947,   0.100,   0.312,   8.947,   0.100,   8.947,   0.100,   8.947
202603032206,   8.433,   8.846,9999.000,9999.000,9999.000,9999.000,9999.000,9999.000,9999.000
202603032212,   8.322,   8.728,9999.000,9999.000,9999.000,9999.000,9999.000,9999.000,9999.000
202603032218,   8.200,   8.616,9999.000,9999.000,9999.000,9999.000,9999.000,9999.000,9999.000
202603032224,   8.070,   8.488,9999.000,9999.000,9999.000,9999.000,9999.000,9999.000,9999.000
202603032230,   7.931,   8.337,9999.000,9999.000,9999.000,9999.000,9999.000,9999.000,9999.000
202603032236,   7.783,   8.177,9999.000,9999.000,9999.000,9999.000,9999.000,9999.000,9999.000
202603032242,   7.628,   7.996,9999.000,9999.000,9999.000,9999.000,9999.000,9999.000,9999.000
202603032248,   7.466,   7.839,9999.000,9999.000,9999.000,9999.000,9999.000,9999.000,9999.000
202603032254,   7.297,   7.639,9999.000,9999.000,9999.000,9999.000,9999.000,9999.000,9999.000
202603032300,   7.121,   7.478,   0.100,   0.257,   7.478,   0.100,   7.478,   0.100,   7.478
202603032306,   6.939,   7.297,9999.000,9999.000,9999.000,9999.000,9999.000,9999.000,9999.000
202603032312,   6.753,   7.117,9999.000,9999.000,9999.000,9999.000,9999.000,9999.000,9999.000
202603032318,   6.561,   6.917,9999.000,9999.000,9999.000,9999.000,9999.000,9999.000,9999.000
202603032324,   6.365,   6.707,9999.000,9999.000,9999.000,9999.000,9999.000,9999.000,9999.000
202603032330,   6.165,   6.497,9999.000,9999.000,9999.000,9999.000,9999.000,9999.000,9999.000
202603032336,   5.962,   6.287,9999.000,9999.000,9999.000,9999.000,9999.000,9999.000,9999.000
202603032342,   5.756,   6.067,9999.000,9999.000,9999.000,9999.000,9999.000,9999.000,9999.000
202603032348,   5.547,   5.867,9999.000,9999.000,9999.000,9999.000,9999.000,9999.000,9999.000
202603032354,   5.337,   4.437,9999.000,9999.000,9999.000,9999.000,9999.000,9999.000,9999.000
202603040000,   5.125,   4.437,   0.300,  -0.988,   4.437,   0.200,   4.337,   0.300,   4.437
202603040006,   4.912,   5.257,9999.000,9999.000,9999.000,9999.000,9999.000,9999.000,9999.000
202603040012,   4.698,   5.038,9999.000,9999.000,9999.000,9999.000,9999.000,9999.000,9999.000
202603040018,   4.484,   4.837,9999.000,9999.000,9999.000,9999.000,9999.000,9999.000,9999.000
202603040024,   4.270,   4.637,9999.000,9999.000,9999.000,9999.000,9999.000,9999.000,9999.000
202603040030,   4.056,   4.437,9999.000,9999.000,9999.000,9999.000,9999.000,9999.000,9999.000
202603040036,   3.843,   4.227,9999.000,9999.000,9999.000,9999.000,9999.000,9999.000,9999.000
202603040042,   3.631,   4.037,9999.000,9999.000,9999.000,9999.000,9999.000,9999.000,9999.000
202603040048,   3.421,   3.847,9999.000,9999.000,9999.000,9999.000,9999.000,9999.000,9999.000
202603040054,   3.212,   3.660,9999.000,9999.000,9999.000,9999.000,9999.000,9999.000,9999.000
202603040100,   3.006,   3.480,   0.300,   0.174,   3.480,   0.300,   3.480,   0.300,   3.480
202603040106,   2.802,   3.309,9999.000,9999.000,9999.000,9999.000,9999.000,9999.000,9999.000
202603040112,   2.601,   3.119,9999.000,9999.000,9999.000,9999.000,9999.000,9999.000,9999.000
202603040118,   2.404,   2.938,9999.000,9999.000,9999.000,9999.000,9999.000,9999.000,9999.000
202603040124,   2.209,   2.778,9999.000,9999.000,9999.000,9999.000,9999.000,9999.000,9999.000
202603040130,   2.019,   2.620,9999.000,9999.000,9999.000,9999.000,9999.000,9999.000,9999.000
202603040136,   1.833,   2.440,9999.000,9999.000,9999.000,9999.000,9999.000,9999.000,9999.000
202603040142,   1.651,   2.279,9999.000,9999.000,9999.000,9999.000,9999.000,9999.000,9999.000
202603040148,   1.475,   2.118,9999.000,9999.000,9999.000,9999.000,9999.000,9999.000,9999.000
202603040154,   1.304,   1.981,9999.000,9999.000,9999.000,9999.000,9999.000,9999.000,9999.000
202603040200,   1.139,   1.820,   0.300,   0.381,   1.820,   0.300,   1.820,   0.300,   1.820
202603040206,   0.981,   1.679,9999.000,9999.000,9999.000,9999.000,9999.000,9999.000,9999.000
202603040212,   0.829,   1.528,9999.000,9999.000,9999.000,9999.000,9999.000,9999.000,9999.000
202603040218,   0.684,   1.400,9999.000,9999.000,9999.000,9999.000,9999.000,9999.000,9999.000
202603040224,   0.547,   1.269,9999.000,9999.000,9999.000,9999.000,9999.000,9999.000,9999.000
202603040230,   0.418,   1.138,9999.000,9999.000,9999.000,9999.000,9999.000,9999.000,9999.000
202603040236,   0.298,   1.020,9999.000,9999.000,9999.000,9999.000,9999.000,9999.000,9999.000
202603040242,   0.186,   0.918,9999.000,9999.000,9999.000,9999.000,9999.000,9999.000,9999.000
202603040248,   0.084,   0.819,9999.000,9999.000,9999.000,9999.000,9999.000,9999.000,9999.000
202603040254,  -0.007,   0.708,9999.000,9999.000,9999.000,9999.000,9999.000,9999.000,9999.000
202603040300,  -0.089,   0.619,   0.300,   0.408,   0.619,   0.300,   0.619,   0.300,   0.619
202603040306,  -0.160,   0.551,9999.000,9999.000,9999.000,9999.000,9999.000,9999.000,9999.000
202603040312,  -0.221,   0.488,9999.000,9999.000,9999.000,9999.000,9999.000,9999.000,9999.000
202603040318,  -0.270,   0.419,9999.000,9999.000,9999.000,9999.000,9999.000,9999.000,9999.000
202603040324,  -0.308,   0.370,9999.000,9999.000,9999.000,9999.000,9999.000,9999.000,9999.000
202603040330,  -0.334,   0.308,9999.000,9999.000,9999.000,9999.000,9999.000,9999.000,9999.000
202603040336,  -0.349,   0.288,9999.000,9999.000,9999.000,9999.000,9999.000,9999.000,9999.000
202603040342,  -0.351,   0.268,9999.000,9999.000,9999.000,9999.000,9999.000,9999.000,9999.000
202603040348,  -0.342,   0.249,9999.000,9999.000,9999.000,9999.000,9999.000,9999.000,9999.000
202603040354,  -0.320,   0.239,9999.000,9999.000,9999.000,9999.000,9999.000,9999.000,9999.000
202603040400,  -0.286,   0.229,   0.300,   0.215,   0.229,   0.300,   0.229,   0.400,   0.329
202603040406,  -0.241,   0.239,9999.000,9999.000,9999.000,9999.000,9999.000,9999.000,9999.000
202603040412,  -0.183,   0.268,9999.000,9999.000,9999.000,9999.000,9999.000,9999.000,9999.000
202603040418,  -0.114,   0.331,9999.000,9999.000,9999.000,9999.000,9999.000,9999.000,9999.000
202603040424,  -0.033,   0.400,9999.000,9999.000,9999.000,9999.000,9999.000,9999.000,9999.000
202603040430,   0.057,   0.449,9999.000,9999.000,9999.000,9999.000,9999.000,9999.000,9999.000
202603040436,   0.160,   0.531,9999.000,9999.000,9999.000,9999.000,9999.000,9999.000,9999.000
202603040442,   0.273,   0.629,9999.000,9999.000,9999.000,9999.000,9999.000,9999.000,9999.000
202603040448,   0.397,   0.751,9999.000,9999.000,9999.000,9999.000,9999.000,9999.000,9999.000
202603040454,   0.530,   0.879,9999.000,9999.000,9999.000,9999.000,9999.000,9999.000,9999.000
202603040500,   0.673,   1.020,   0.300,   0.047,   1.020,   0.300,   1.020,   0.400,   1.120
202603040506,   0.825,   1.180,9999.000,9999.000,9999.000,9999.000,9999.000,9999.000,9999.000
202603040512,   0.985,   1.380,9999.000,9999.000,9999.000,9999.000,9999.000,9999.000,9999.000
202603040518,   1.153,   1.580,9999.000,9999.000,9999.000,9999.000,9999.000,9999.000,9999.000
202603040524,   1.329,   1.767,9999.000,9999.000,9999.000,9999.000,9999.000,9999.000,9999.000
202603040530,   1.512,   1.958,9999.000,9999.000,9999.000,9999.000,9999.000,9999.000,9999.000
202603040536,   1.702,   2.158,9999.000,9999.000,9999.000,9999.000,9999.000,9999.000,9999.000
202603040542,   1.897,   2.368,9999.000,9999.000,9999.000,9999.000,9999.000,9999.000,9999.000
202603040548,   2.099,   2.578,9999.000,9999.000,9999.000,9999.000,9999.000,9999.000,9999.000
202603040554,   2.305,   2.778,9999.000,9999.000,9999.000,9999.000,9999.000,9999.000,9999.000
202603040600,   2.516,   2.968,   0.400,   0.052,   2.968,   0.400,   2.968,   0.500,   3.068
202603040606,   2.731,   3.158,9999.000,9999.000,9999.000,9999.000,9999.000,9999.000,9999.000
202603040612,   2.950,   3.368,9999.000,9999.000,9999.000,9999.000,9999.000,9999.000,9999.000
202603040618,   3.172,   3.568,9999.000,9999.000,9999.000,9999.000,9999.000,9999.000,9999.000
202603040624,   3.396,   3.778,9999.000,9999.000,9999.000,9999.000,9999.000,9999.000,9999.000
202603040630,   3.623,   4.008,9999.000,9999.000,9999.000,9999.000,9999.000,9999.000,9999.000
202603040636,   3.851,   4.208,9999.000,9999.000,9999.000,9999.000,9999.000,9999.000,9999.000
202603040642,   4.080,   4.418,9999.000,9999.000,9999.000,9999.000,9999.000,9999.000,9999.000
202603040648,   4.310,   4.657,9999.000,9999.000,9999.000,9999.000,9999.000,9999.000,9999.000
202603040654,   4.540,   4.877,9999.000,9999.000,9999.000,9999.000,9999.000,9999.000,9999.000
202603040700,   4.770,   5.097,   0.500,  -0.173,   5.097,   0.400,   4.997,   0.500,   5.097
202603040706,   4.998,   5.329,9999.000,9999.000,9999.000,9999.000,9999.000,9999.000,9999.000
202603040712,   5.226,   5.559,9999.000,9999.000,9999.000,9999.000,9999.000,9999.000,9999.000
202603040718,   5.451,   5.769,9999.000,9999.000,9999.000,9999.000,9999.000,9999.000,9999.000
202603040724,   5.674,   5.989,9999.000,9999.000,9999.000,9999.000,9999.000,9999.000,9999.000
202603040730,   5.893,   6.199,9999.000,9999.000,9999.000,9999.000,9999.000,9999.000,9999.000
202603040736,   6.109,   6.399,9999.000,9999.000,9999.000,9999.000,9999.000,9999.000,9999.000
202603040742,   6.321,   6.619,9999.000,9999.000,9999.000,9999.000,9999.000,9999.000,9999.000
202603040748,   6.528,   6.819,9999.000,9999.000,9999.000,9999.000,9999.000,9999.000,9999.000
202603040754,   6.730,   7.019,9999.000,9999.000,9999.000,9999.000,9999.000,9999.000,9999.000
202603040800,   6.925,   7.209,   0.500,  -0.216,   7.209,   0.400,   7.109,   0.500,   7.209
202603040806,   7.115,   7.376,9999.000,9999.000,9999.000,9999.000,9999.000,9999.000,9999.000
202603040812,   7.297,   7.557,9999.000,9999.000,9999.000,9999.000,9999.000,9999.000,9999.000
202603040818,   7.472,   7.737,9999.000,9999.000,9999.000,9999.000,9999.000,9999.000,9999.000
202603040824,   7.638,   7.908,9999.000,9999.000,9999.000,9999.000,9999.000,9999.000,9999.000
202603040830,   7.797,   8.049,9999.000,9999.000,9999.000,9999.000,9999.000,9999.000,9999.000
202603040836,   7.946,   8.186,9999.000,9999.000,9999.000,9999.000,9999.000,9999.000,9999.000
202603040842,   8.086,   8.337,9999.000,9999.000,9999.000,9999.000,9999.000,9999.000,9999.000
202603040848,   8.215,   8.478,9999.000,9999.000,9999.000,9999.000,9999.000,9999.000,9999.000
202603040854,   8.335,   8.587,9999.000,9999.000,9999.000,9999.000,9999.000,9999.000,9999.000
202603040900,   8.444,   8.708,   0.500,  -0.236,   8.708,   0.500,   8.708,   0.500,   8.708
202603040906,   8.541,   8.826,9999.000,9999.000,9999.000,9999.000,9999.000,9999.000,9999.000
202603040912,   8.628,   8.918,9999.000,9999.000,9999.000,9999.000,9999.000,9999.000,9999.000
202603040918,   8.703,   9.006,9999.000,9999.000,9999.000,9999.000,9999.000,9999.000,9999.000
202603040924,   8.766,   9.079,9999.000,9999.000,9999.000,9999.000,9999.000,9999.000,9999.000
202603040930,   8.817,   9.147,9999.000,9999.000,9999.000,9999.000,9999.000,9999.000,9999.000
202603040936,   8.857,   9.197,9999.000,9999.000,9999.000,9999.000,9999.000,9999.000,9999.000
202603040942,   8.884,   9.256,9999.000,9999.000,9999.000,9999.000,9999.000,9999.000,9999.000
202603040948,   8.899,   9.265,9999.000,9999.000,9999.000,9999.000,9999.000,9999.000,9999.000
202603040954,   8.902,   9.298,9999.000,9999.000,9999.000,9999.000,9999.000,9999.000,9999.000
202603041000,   8.892,   9.308,   0.500,  -0.084,   9.308,   0.500,   9.308,   0.500,   9.308
202603041006,   8.871,   9.298,9999.000,9999.000,9999.000,9999.000,9999.000,9999.000,9999.000
202603041012,   8.838,   9.298,9999.000,9999.000,9999.000,9999.000,9999.000,9999.000,9999.000
202603041018,   8.794,   9.265,9999.000,9999.000,9999.000,9999.000,9999.000,9999.000,9999.000
202603041024,   8.738,   9.206,9999.000,9999.000,9999.000,9999.000,9999.000,9999.000,9999.000
202603041030,   8.671,   9.157,9999.000,9999.000,9999.000,9999.000,9999.000,9999.000,9999.000
202603041036,   8.593,   9.079,9999.000,9999.000,9999.000,9999.000,9999.000,9999.000,9999.000
202603041042,   8.505,   8.987,9999.000,9999.000,9999.000,9999.000,9999.000,9999.000,9999.000
202603041048,   8.407,   8.908,9999.000,9999.000,9999.000,9999.000,9999.000,9999.000,9999.000
202603041054,   8.299,   8.816,9999.000,9999.000,9999.000,9999.000,9999.000,9999.000,9999.000
202603041100,   8.182,   8.698,   0.500,   0.016,   8.698,   0.500,   8.698,   0.600,   8.798
202603041106,   8.056,   8.587,9999.000,9999.000,9999.000,9999.000,9999.000,9999.000,9999.000
202603041112,   7.922,   8.449,9999.000,9999.000,9999.000,9999.000,9999.000,9999.000,9999.000
202603041118,   7.780,   8.337,9999.000,9999.000,9999.000,9999.000,9999.000,9999.000,9999.000
202603041124,   7.631,   8.196,9999.000,9999.000,9999.000,9999.000,9999.000,9999.000,9999.000
202603041130,   7.475,   8.049,9999.000,9999.000,9999.000,9999.000,9999.000,9999.000,9999.000
202603041136,   7.312,   7.888,9999.000,9999.000,9999.000,9999.000,9999.000,9999.000,9999.000
202603041142,   7.145,   7.737,9999.000,9999.000,9999.000,9999.000,9999.000,9999.000,9999.000
202603041148,   6.972,   7.547,9999.000,9999.000,9999.000,9999.000,9999.000,9999.000,9999.000
202603041154,   6.794,   7.376,9999.000,9999.000,9999.000,9999.000,9999.000,9999.000,9999.000
202603041200,   6.612,   7.219,   0.500,   0.107,   7.219,   0.400,   7.119,   0.500,   7.219
202603041206,   6.427,   7.048,9999.000,9999.000,9999.000,9999.000,9999.000,9999.000,9999.000
202603041212,   6.238,   6.858,9999.000,9999.000,9999.000,9999.000,9999.000,9999.000,9999.000
202603041218,   6.047,   6.648,9999.000,9999.000,9999.000,9999.000,9999.000,9999.000,9999.000
202603041224,   5.853,   6.448,9999.000,9999.000,9999.000,9999.000,9999.000,9999.000,9999.000
202603041230,   5.658,   6.258,9999.000,9999.000,9999.000,9999.000,9999.000,9999.000,9999.000
202603041236,   5.461,   6.048,9999.000,9999.000,9999.000,9999.000,9999.000,9999.000,9999.000
202603041242,   5.264,   5.848,9999.000,9999.000,9999.000,9999.000,9999.000,9999.000,9999.000
202603041248,   5.067,   5.648,9999.000,9999.000,9999.000,9999.000,9999.000,9999.000,9999.000
202603041254,   4.869,   5.457,9999.000,9999.000,9999.000,9999.000,9999.000,9999.000,9999.000
202603041300,   4.672,   5.257,   0.500,   0.085,   5.257,   0.400,   5.157,   0.500,   5.257
202603041306,   4.475,   5.077,9999.000,9999.000,9999.000,9999.000,9999.000,9999.000,9999.000
202603041312,   4.280,   4.900,9999.000,9999.000,9999.000,9999.000,9999.000,9999.000,9999.000
202603041318,   4.086,   4.700,9999.000,9999.000,9999.000,9999.000,9999.000,9999.000,9999.000
202603041324,   3.894,   4.509,9999.000,9999.000,9999.000,9999.000,9999.000,9999.000,9999.000
202603041330,   3.705,   4.329,9999.000,9999.000,9999.000,9999.000,9999.000,9999.000,9999.000
202603041336,   3.518,   4.168,9999.000,9999.000,9999.000,9999.000,9999.000,9999.000,9999.000
202603041342,   3.334,   4.008,9999.000,9999.000,9999.000,9999.000,9999.000,9999.000,9999.000
202603041348,   3.154,   3.837,9999.000,9999.000,9999.000,9999.000,9999.000,9999.000,9999.000
202603041354,   2.977,   3.680,9999.000,9999.000,9999.000,9999.000,9999.000,9999.000,9999.000
202603041400,   2.805,   3.539,   0.500,   0.234,   3.539,   0.400,   3.439,   0.500,   3.539
202603041406,   2.638,   3.388,9999.000,9999.000,9999.000,9999.000,9999.000,9999.000,9999.000
202603041412,   2.475,   3.230,9999.000,9999.000,9999.000,9999.000,9999.000,9999.000,9999.000
202603041418,   2.318,   3.070,9999.000,9999.000,9999.000,9999.000,9999.000,9999.000,9999.000
202603041424,   2.167,   2.919,9999.000,9999.000,9999.000,9999.000,9999.000,9999.000,9999.000
202603041430,   2.022,   2.768,9999.000,9999.000,9999.000,9999.000,9999.000,9999.000,9999.000
202603041436,   1.884,   2.640,9999.000,9999.000,9999.000,9999.000,9999.000,9999.000,9999.000
202603041442,   1.753,   2.509,9999.000,9999.000,9999.000,9999.000,9999.000,9999.000,9999.000
202603041448,   1.629,   2.400,9999.000,9999.000,9999.000,9999.000,9999.000,9999.000,9999.000
202603041454,   1.514,   2.309,9999.000,9999.000,9999.000,9999.000,9999.000,9999.000,9999.000
202603041500,   1.407,   2.220,   0.500,   0.313,   2.220,   0.500,   2.220,   0.500,   2.220
202603041506,   1.310,   2.118,9999.000,9999.000,9999.000,9999.000,9999.000,9999.000,9999.000
202603041512,   1.221,   2.030,9999.000,9999.000,9999.000,9999.000,9999.000,9999.000,9999.000
202603041518,   1.142,   1.938,9999.000,9999.000,9999.000,9999.000,9999.000,9999.000,9999.000
202603041524,   1.073,   1.869,9999.000,9999.000,9999.000,9999.000,9999.000,9999.000,9999.000
202603041530,   1.015,   1.810,9999.000,9999.000,9999.000,9999.000,9999.000,9999.000,9999.000
202603041536,   0.967,   1.728,9999.000,9999.000,9999.000,9999.000,9999.000,9999.000,9999.000
202603041542,   0.930,   1.659,9999.000,9999.000,9999.000,9999.000,9999.000,9999.000,9999.000
202603041548,   0.905,   1.620,9999.000,9999.000,9999.000,9999.000,9999.000,9999.000,9999.000
202603041554,   0.890,   1.600,9999.000,9999.000,9999.000,9999.000,9999.000,9999.000,9999.000
202603041600,   0.887,   1.580,   0.500,   0.193,   1.580,   0.400,   1.480,   0.500,   1.580
202603041606,   0.896,   1.571,9999.000,9999.000,9999.000,9999.000,9999.000,9999.000,9999.000
202603041612,   0.916,   1.557,9999.000,9999.000,9999.000,9999.000,9999.000,9999.000,9999.000
202603041618,   0.947,   1.557,9999.000,9999.000,9999.000,9999.000,9999.000,9999.000,9999.000
202603041624,   0.990,   1.590,9999.000,9999.000,9999.000,9999.000,9999.000,9999.000,9999.000
202603041630,   1.044,   1.639,9999.000,9999.000,9999.000,9999.000,9999.000,9999.000,9999.000
202603041636,   1.109,   1.708,9999.000,9999.000,9999.000,9999.000,9999.000,9999.000,9999.000
202603041642,   1.185,   1.767,9999.000,9999.000,9999.000,9999.000,9999.000,9999.000,9999.000
202603041648,   1.272,   1.859,9999.000,9999.000,9999.000,9999.000,9999.000,9999.000,9999.000
202603041654,   1.368,   1.958,9999.000,9999.000,9999.000,9999.000,9999.000,9999.000,9999.000
202603041700,   1.475,   2.040,   0.500,   0.065,   2.040,   0.400,   1.940,   0.500,   2.040
202603041706,   1.591,   2.158,9999.000,9999.000,9999.000,9999.000,9999.000,9999.000,9999.000
202603041712,   1.717,   2.299,9999.000,9999.000,9999.000,9999.000,9999.000,9999.000,9999.000
202603041718,   1.850,   2.459,9999.000,9999.000,9999.000,9999.000,9999.000,9999.000,9999.000
202603041724,   1.992,   2.597,9999.000,9999.000,9999.000,9999.000,9999.000,9999.000,9999.000
202603041730,   2.142,   2.738,9999.000,9999.000,9999.000,9999.000,9999.000,9999.000,9999.000
202603041736,   2.299,   2.899,9999.000,9999.000,9999.000,9999.000,9999.000,9999.000,9999.000
202603041742,   2.462,   3.099,9999.000,9999.000,9999.000,9999.000,9999.000,9999.000,9999.000
202603041748,   2.632,   3.289,9999.000,9999.000,9999.000,9999.000,9999.000,9999.000,9999.000
202603041754,   2.807,   3.470,9999.000,9999.000,9999.000,9999.000,9999.000,9999.000,9999.000
202603041800,   2.986,   3.637,   0.400,   0.251,   3.637,   0.300,   3.537,   0.400,   3.637
202603041806,   3.171,   3.817,9999.000,9999.000,9999.000,9999.000,9999.000,9999.000,9999.000
202603041812,   3.359,   4.008,9999.000,9999.000,9999.000,9999.000,9999.000,9999.000,9999.000
202603041818,   3.551,   4.208,9999.000,9999.000,9999.000,9999.000,9999.000,9999.000,9999.000
202603041824,   3.746,   4.418,9999.000,9999.000,9999.000,9999.000,9999.000,9999.000,9999.000
202603041830,   3.943,   4.608,9999.000,9999.000,9999.000,9999.000,9999.000,9999.000,9999.000
202603041836,   4.142,   4.808,9999.000,9999.000,9999.000,9999.000,9999.000,9999.000,9999.000
202603041842,   4.342,   4.988,9999.000,9999.000,9999.000,9999.000,9999.000,9999.000,9999.000
202603041848,   4.543,   5.198,9999.000,9999.000,9999.000,9999.000,9999.000,9999.000,9999.000
202603041854,   4.744,   5.428,9999.000,9999.000,9999.000,9999.000,9999.000,9999.000,9999.000
202603041900,   4.946,   5.628,   0.400,   0.282,   5.628,   0.300,   5.528,   0.400,   5.628
202603041906,   5.147,   5.808,9999.000,9999.000,9999.000,9999.000,9999.000,9999.000,9999.000
202603041912,   5.346,   6.008,9999.000,9999.000,9999.000,9999.000,9999.000,9999.000,9999.000
202603041918,   5.545,   6.199,9999.000,9999.000,9999.000,9999.000,9999.000,9999.000,9999.000
202603041924,   5.741,   6.379,9999.000,9999.000,9999.000,9999.000,9999.000,9999.000,9999.000
202603041930,   5.934,   6.589,9999.000,9999.000,9999.000,9999.000,9999.000,9999.000,9999.000
202603041936,   6.125,   6.799,9999.000,9999.000,9999.000,9999.000,9999.000,9999.000,9999.000
202603041942,   6.312,   6.979,9999.000,9999.000,9999.000,9999.000,9999.000,9999.000,9999.000
202603041948,   6.496,   7.156,9999.000,9999.000,9999.000,9999.000,9999.000,9999.000,9999.000
202603041954,   6.675,   7.327,9999.000,9999.000,9999.000,9999.000,9999.000,9999.000,9999.000
202603042000,   6.849,   7.507,   0.300,   0.358,   7.507,   0.300,   7.507,   0.400,   7.607
202603042006,   7.018,   7.668,9999.000,9999.000,9999.000,9999.000,9999.000,9999.000,9999.000
202603042012,   7.180,   7.829,9999.000,9999.000,9999.000,9999.000,9999.000,9999.000,9999.000
202603042018,   7.337,   7.976,9999.000,9999.000,9999.000,9999.000,9999.000,9999.000,9999.000
202603042024,   7.487,   8.108,9999.000,9999.000,9999.000,9999.000,9999.000,9999.000,9999.000
202603042030,   7.629,   8.268,9999.000,9999.000,9999.000,9999.000,9999.000,9999.000,9999.000
202603042036,   7.764,   8.396,9999.000,9999.000,9999.000,9999.000,9999.000,9999.000,9999.000
202603042042,   7.891,   8.498,9999.000,9999.000,9999.000,9999.000,9999.000,9999.000,9999.000
202603042048,   8.009,   8.587,9999.000,9999.000,9999.000,9999.000,9999.000,9999.000,9999.000
202603042054,   8.118,   8.688,9999.000,9999.000,9999.000,9999.000,9999.000,9999.000,9999.000
202603042100,   8.218,   8.806,   0.300,   0.288,   8.806,   0.300,   8.806,   0.400,   8.906
202603042106,   8.308,   8.898,9999.000,9999.000,9999.000,9999.000,9999.000,9999.000,9999.000
202603042112,   8.388,   8.977,9999.000,9999.000,9999.000,9999.000,9999.000,9999.000,9999.000
202603042118,   8.458,   9.056,9999.000,9999.000,9999.000,9999.000,9999.000,9999.000,9999.000
202603042124,   8.517,   9.138,9999.000,9999.000,9999.000,9999.000,9999.000,9999.000,9999.000
202603042130,   8.566,   9.177,9999.000,9999.000,9999.000,9999.000,9999.000,9999.000,9999.000
202603042136,   8.603,   9.206,9999.000,9999.000,9999.000,9999.000,9999.000,9999.000,9999.000
202603042142,   8.629,   9.236,9999.000,9999.000,9999.000,9999.000,9999.000,9999.000,9999.000
202603042148,   8.644,   9.236,9999.000,9999.000,9999.000,9999.000,9999.000,9999.000,9999.000
202603042154,   8.648,   9.236,9999.000,9999.000,9999.000,9999.000,9999.000,9999.000,9999.000
202603042200,   8.640,   9.246,   0.300,   0.306,   9.246,   0.300,   9.246,   0.300,   9.246
202603042206,   8.621,   9.256,9999.000,9999.000,9999.000,9999.000,9999.000,9999.000,9999.000
202603042212,   8.590,   9.216,9999.000,9999.000,9999.000,9999.000,9999.000,9999.000,9999.000
202603042218,   8.548,   9.167,9999.000,9999.000,9999.000,9999.000,9999.000,9999.000,9999.000
202603042224,   8.495,   9.108,9999.000,9999.000,9999.000,9999.000,9999.000,9999.000,9999.000
202603042230,   8.432,   9.056,9999.000,9999.000,9999.000,9999.000,9999.000,9999.000,9999.000
202603042236,   8.357,   8.977,9999.000,9999.000,9999.000,9999.000,9999.000,9999.000,9999.000
202603042242,   8.272,   8.869,9999.000,9999.000,9999.000,9999.000,9999.000,9999.000,9999.000
202603042248,   8.177,   8.747,9999.000,9999.000,9999.000,9999.000,9999.000,9999.000,9999.000
202603042254,   8.072,   8.649,9999.000,9999.000,9999.000,9999.000,9999.000,9999.000,9999.000
202603042300,   7.957,   8.557,   0.300,   0.300,   8.557,   0.300,   8.557,   0.300,   8.557
202603042306,   7.833,   8.449,9999.000,9999.000,9999.000,9999.000,9999.000,9999.000,9999.000
202603042312,   7.701,   8.337,9999.000,9999.000,9999.000,9999.000,9999.000,9999.000,9999.000
202603042318,   7.560,   8.186,9999.000,9999.000,9999.000,9999.000,9999.000,9999.000,9999.000
202603042324,   7.412,   8.029,9999.000,9999.000,9999.000,9999.000,9999.000,9999.000,9999.000
202603042330,   7.256,   7.868,9999.000,9999.000,9999.000,9999.000,9999.000,9999.000,9999.000
202603042336,   7.093,   7.707,9999.000,9999.000,9999.000,9999.000,9999.000,9999.000,9999.000
202603042342,   6.925,   7.547,9999.000,9999.000,9999.000,9999.000,9999.000,9999.000,9999.000
202603042348,   6.750,   7.347,9999.000,9999.000,9999.000,9999.000,9999.000,9999.000,9999.000
202603042354,   6.570,   7.147,9999.000,9999.000,9999.000,9999.000,9999.000,9999.000,9999.000
202603050000,   6.386,   7.147,   0.400,   0.361,   7.147,   0.400,   7.147,   0.400,   7.147
202603050006,   6.197,   6.756,9999.000,9999.000,9999.000,9999.000,9999.000,9999.000,9999.000
202603050012,   6.004,   6.556,9999.000,9999.000,9999.000,9999.000,9999.000,9999.000,9999.000
202603050018,   5.809,   6.359,9999.000,9999.000,9999.000,9999.000,9999.000,9999.000,9999.000
202603050024,   5.610,   6.136,9999.000,9999.000,9999.000,9999.000,9999.000,9999.000,9999.000
202603050030,   5.410,   5.917,9999.000,9999.000,9999.000,9999.000,9999.000,9999.000,9999.000
202603050036,   5.208,   5.707,9999.000,9999.000,9999.000,9999.000,9999.000,9999.000,9999.000
202603050042,   5.004,   5.507,9999.000,9999.000,9999.000,9999.000,9999.000,9999.000,9999.000
202603050048,   4.800,   5.320,9999.000,9999.000,9999.000,9999.000,9999.000,9999.000,9999.000
202603050054,   4.596,   5.110,9999.000,9999.000,9999.000,9999.000,9999.000,9999.000,9999.000
202603050100,   4.391,   4.910,   0.400,   0.119,   4.910,   0.400,   4.910,   0.400,   4.910
202603050106,   4.188,   4.700,9999.000,9999.000,9999.000,9999.000,9999.000,9999.000,9999.000
202603050112,   3.985,   4.519,9999.000,9999.000,9999.000,9999.000,9999.000,9999.000,9999.000
202603050118,   3.783,   4.329,9999.000,9999.000,9999.000,9999.000,9999.000,9999.000,9999.000
202603050124,   3.583,   4.139,9999.000,9999.000,9999.000,9999.000,9999.000,9999.000,9999.000
202603050130,   3.386,   3.949,9999.000,9999.000,9999.000,9999.000,9999.000,9999.000,9999.000
202603050136,   3.190,   3.768,9999.000,9999.000,9999.000,9999.000,9999.000,9999.000,9999.000
202603050142,   2.998,   3.588,9999.000,9999.000,9999.000,9999.000,9999.000,9999.000,9999.000
202603050148,   2.808,   3.427,9999.000,9999.000,9999.000,9999.000,9999.000,9999.000,9999.000
202603050154,   2.622,   3.250,9999.000,9999.000,9999.000,9999.000,9999.000,9999.000,9999.000
202603050200,   2.439,   3.070,   0.300,   0.331,   3.070,   0.300,   3.070,   0.400,   3.170
202603050206,   2.261,   2.899,9999.000,9999.000,9999.000,9999.000,9999.000,9999.000,9999.000
202603050212,   2.087,   2.738,9999.000,9999.000,9999.000,9999.000,9999.000,9999.000,9999.000
202603050218,   1.918,   2.578,9999.000,9999.000,9999.000,9999.000,9999.000,9999.000,9999.000
202603050224,   1.753,   2.410,9999.000,9999.000,9999.000,9999.000,9999.000,9999.000,9999.000
202603050230,   1.595,   2.259,9999.000,9999.000,9999.000,9999.000,9999.000,9999.000,9999.000
202603050236,   1.442,   2.099,9999.000,9999.000,9999.000,9999.000,9999.000,9999.000,9999.000
202603050242,   1.296,   1.981,9999.000,9999.000,9999.000,9999.000,9999.000,9999.000,9999.000
202603050248,   1.156,   1.859,9999.000,9999.000,9999.000,9999.000,9999.000,9999.000,9999.000
202603050254,   1.023,   1.708,9999.000,9999.000,9999.000,9999.000,9999.000,9999.000,9999.000
202603050300,   0.897,   1.590,   0.300,   0.393,   1.590,   0.300,   1.590,   0.300,   1.590
202603050306,   0.780,   1.479,9999.000,9999.000,9999.000,9999.000,9999.000,9999.000,9999.000
202603050312,   0.670,   1.380,9999.000,9999.000,9999.000,9999.000,9999.000,9999.000,9999.000
202603050318,   0.570,   1.279,9999.000,9999.000,9999.000,9999.000,9999.000,9999.000,9999.000
202603050324,   0.478,   1.180,9999.000,9999.000,9999.000,9999.000,9999.000,9999.000,9999.000
202603050330,   0.396,   1.069,9999.000,9999.000,9999.000,9999.000,9999.000,9999.000,9999.000
202603050336,   0.323,   0.990,9999.000,9999.000,9999.000,9999.000,9999.000,9999.000,9999.000
202603050342,   0.261,   0.918,9999.000,9999.000,9999.000,9999.000,9999.000,9999.000,9999.000
202603050348,   0.209,   0.849,9999.000,9999.000,9999.000,9999.000,9999.000,9999.000,9999.000
202603050354,   0.168,   0.770,9999.000,9999.000,9999.000,9999.000,9999.000,9999.000,9999.000
202603050400,   0.137,   0.718,   0.300,   0.281,   0.718,   0.300,   0.718,   0.300,   0.718
202603050406,   0.119,   0.678,9999.000,9999.000,9999.000,9999.000,9999.000,9999.000,9999.000
202603050412,   0.111,   0.639,9999.000,9999.000,9999.000,9999.000,9999.000,9999.000,9999.000
202603050418,   0.115,   0.600,9999.000,9999.000,9999.000,9999.000,9999.000,9999.000,9999.000
202603050424,   0.131,   0.610,9999.000,9999.000,9999.000,9999.000,9999.000,9999.000,9999.000
202603050430,   0.159,   0.600,9999.000,9999.000,9999.000,9999.000,9999.000,9999.000,9999.000
202603050436,   0.198,   0.600,9999.000,9999.000,9999.000,9999.000,9999.000,9999.000,9999.000
202603050442,   0.249,   0.610,9999.000,9999.000,9999.000,9999.000,9999.000,9999.000,9999.000
202603050448,   0.312,   0.639,9999.000,9999.000,9999.000,9999.000,9999.000,9999.000,9999.000
202603050454,   0.386,   0.688,9999.000,9999.000,9999.000,9999.000,9999.000,9999.000,9999.000
202603050500,   0.471,   0.760,   0.300,  -0.011,   0.760,   0.200,   0.660,   0.300,   0.760
202603050506,   0.568,   0.849,9999.000,9999.000,9999.000,9999.000,9999.000,9999.000,9999.000
202603050512,   0.675,   0.928,9999.000,9999.000,9999.000,9999.000,9999.000,9999.000,9999.000
202603050518,   0.793,   1.029,9999.000,9999.000,9999.000,9999.000,9999.000,9999.000,9999.000
202603050524,   0.920,   1.151,9999.000,9999.000,9999.000,9999.000,9999.000,9999.000,9999.000
202603050530,   1.057,   1.298,9999.000,9999.000,9999.000,9999.000,9999.000,9999.000,9999.000
202603050536,   1.204,   1.449,9999.000,9999.000,9999.000,9999.000,9999.000,9999.000,9999.000
202603050542,   1.359,   1.590,9999.000,9999.000,9999.000,9999.000,9999.000,9999.000,9999.000
202603050548,   1.522,   1.738,9999.000,9999.000,9999.000,9999.000,9999.000,9999.000,9999.000
202603050554,   1.693,   1.918,9999.000,9999.000,9999.000,9999.000,9999.000,9999.000,9999.000
202603050600,   1.871,   2.089,   0.400,  -0.182,   2.089,   0.400,   2.089,   0.400,   2.089
202603050606,   2.056,   2.250,9999.000,9999.000,9999.000,9999.000,9999.000,9999.000,9999.000
202603050612,   2.246,   2.450,9999.000,9999.000,9999.000,9999.000,9999.000,9999.000,9999.000
202603050618,   2.443,   2.650,9999.000,9999.000,9999.000,9999.000,9999.000,9999.000,9999.000
202603050624,   2.644,   2.830,9999.000,9999.000,9999.000,9999.000,9999.000,9999.000,9999.000
202603050630,   2.849,   3.007,9999.000,9999.000,9999.000,9999.000,9999.000,9999.000,9999.000
202603050636,   3.059,   3.188,9999.000,9999.000,9999.000,9999.000,9999.000,9999.000,9999.000
202603050642,   3.272,   3.407,9999.000,9999.000,9999.000,9999.000,9999.000,9999.000,9999.000
202603050648,   3.487,   3.607,9999.000,9999.000,9999.000,9999.000,9999.000,9999.000,9999.000
202603050654,   3.705,   3.808,9999.000,9999.000,9999.000,9999.000,9999.000,9999.000,9999.000
202603050700,   3.925,   4.027,   0.400,  -0.298,   4.027,   0.300,   3.927,   0.400,   4.027
202603050706,   4.146,   4.208,9999.000,9999.000,9999.000,9999.000,9999.000,9999.000,9999.000
202603050712,   4.367,   4.418,9999.000,9999.000,9999.000,9999.000,9999.000,9999.000,9999.000
202603050718,   4.589,   4.647,9999.000,9999.000,9999.000,9999.000,9999.000,9999.000,9999.000
202603050724,   4.810,   4.837,9999.000,9999.000,9999.000,9999.000,9999.000,9999.000,9999.000
202603050730,   5.031,   5.067,9999.000,9999.000,9999.000,9999.000,9999.000,9999.000,9999.000
202603050736,   5.251,   5.267,9999.000,9999.000,9999.000,9999.000,9999.000,9999.000,9999.000
202603050742,   5.468,   5.457,9999.000,9999.000,9999.000,9999.000,9999.000,9999.000,9999.000
202603050748,   5.684,   5.677,9999.000,9999.000,9999.000,9999.000,9999.000,9999.000,9999.000
202603050754,   5.897,   5.887,9999.000,9999.000,9999.000,9999.000,9999.000,9999.000,9999.000
202603050800,   6.106,   6.087,   0.400,  -0.419,   6.087,   0.300,   5.987,   0.400,   6.087
202603050806,   6.312,   6.287,9999.000,9999.000,9999.000,9999.000,9999.000,9999.000,9999.000
202603050812,   6.514,   6.487,9999.000,9999.000,9999.000,9999.000,9999.000,9999.000,9999.000
202603050818,   6.711,   6.668,9999.000,9999.000,9999.000,9999.000,9999.000,9999.000,9999.000
202603050824,   6.903,   6.868,9999.000,9999.000,9999.000,9999.000,9999.000,9999.000,9999.000
202603050830,   7.089,   7.058,9999.000,9999.000,9999.000,9999.000,9999.000,9999.000,9999.000
202603050836,   7.270,   7.229,9999.000,9999.000,9999.000,9999.000,9999.000,9999.000,9999.000
202603050842,   7.443,   7.386,9999.000,9999.000,9999.000,9999.000,9999.000,9999.000,9999.000
202603050848,   7.610,   7.537,9999.000,9999.000,9999.000,9999.000,9999.000,9999.000,9999.000
202603050854,   7.769,   7.688,9999.000,9999.000,9999.000,9999.000,9999.000,9999.000,9999.000
202603050900,   7.921,   7.829,   0.300,  -0.392,   7.829,   0.300,   7.829,   0.300,   7.829
202603050906,   8.064,   7.967,9999.000,9999.000,9999.000,9999.000,9999.000,9999.000,9999.000
202603050912,   8.198,   8.098,9999.000,9999.000,9999.000,9999.000,9999.000,9999.000,9999.000
202603050918,   8.322,   8.196,9999.000,9999.000,9999.000,9999.000,9999.000,9999.000,9999.000
202603050924,   8.438,   8.308,9999.000,9999.000,9999.000,9999.000,9999.000,9999.000,9999.000
202603050930,   8.543,   8.439,9999.000,9999.000,9999.000,9999.000,9999.000,9999.000,9999.000
202603050936,   8.638,   8.508,9999.000,9999.000,9999.000,9999.000,9999.000,9999.000,9999.000
202603050942,   8.722,   8.596,9999.000,9999.000,9999.000,9999.000,9999.000,9999.000,9999.000
202603050948,   8.796,   8.678,9999.000,9999.000,9999.000,9999.000,9999.000,9999.000,9999.000
202603050954,   8.858,   8.747,9999.000,9999.000,9999.000,9999.000,9999.000,9999.000,9999.000
202603051000,   8.909,   8.796,   0.300,  -0.413,   8.796,   0.200,   8.696,   0.300,   8.796
202603051006,   8.948,   8.846,9999.000,9999.000,9999.000,9999.000,9999.000,9999.000,9999.000
202603051012,   8.976,   8.869,9999.000,9999.000,9999.000,9999.000,9999.000,9999.000,9999.000
202603051018,   8.992,   8.878,9999.000,9999.000,9999.000,9999.000,9999.000,9999.000,9999.000
202603051024,   8.997,   8.888,9999.000,9999.000,9999.000,9999.000,9999.000,9999.000,9999.000
202603051030,   8.989,   8.888,9999.000,9999.000,9999.000,9999.000,9999.000,9999.000,9999.000
202603051036,   8.970,   8.859,9999.000,9999.000,9999.000,9999.000,9999.000,9999.000,9999.000
202603051042,   8.940,   8.846,9999.000,9999.000,9999.000,9999.000,9999.000,9999.000,9999.000
202603051048,   8.897,   8.806,9999.000,9999.000,9999.000,9999.000,9999.000,9999.000,9999.000
202603051054,   8.844,   8.728,9999.000,9999.000,9999.000,9999.000,9999.000,9999.000,9999.000
202603051100,   8.779,   8.688,   0.300,  -0.391,   8.688,   0.200,   8.588,   0.300,   8.688
202603051106,   8.703,   8.606,9999.000,9999.000,9999.000,9999.000,9999.000,9999.000,9999.000
202603051112,   8.617,   8.527,9999.000,9999.000,9999.000,9999.000,9999.000,9999.000,9999.000
202603051118,   8.521,   8.449,9999.000,9999.000,9999.000,9999.000,9999.000,9999.000,9999.000
202603051124,   8.415,   8.327,9999.000,9999.000,9999.000,9999.000,9999.000,9999.000,9999.000
202603051130,   8.299,   8.239,9999.000,9999.000,9999.000,9999.000,9999.000,9999.000,9999.000
202603051136,   8.174,   8.127,9999.000,9999.000,9999.000,9999.000,9999.000,9999.000,9999.000
202603051142,   8.040,   7.996,9999.000,9999.000,9999.000,9999.000,9999.000,9999.000,9999.000
202603051148,   7.898,   7.878,9999.000,9999.000,9999.000,9999.000,9999.000,9999.000,9999.000
202603051154,   7.749,9999.000,9999.000,9999.000,9999.000,9999.000,9999.000,9999.000,9999.000
202603051200,   7.592,9999.000,   0.200,  -0.358,   7.434,   0.200,   7.434,   0.300,   7.534
202603051206,   7.428,9999.000,9999.000,9999.000,9999.000,9999.000,9999.000,9999.000,9999.000
202603051212,   7.259,9999.000,9999.000,9999.000,9999.000,9999.000,9999.000,9999.000,9999.000
202603051218,   7.084,9999.000,9999.000,9999.000,9999.000,9999.000,9999.000,9999.000,9999.000
202603051224,   6.903,9999.000,9999.000,9999.000,9999.000,9999.000,9999.000,9999.000,9999.000
202603051230,   6.718,9999.000,9999.000,9999.000,9999.000,9999.000,9999.000,9999.000,9999.000
202603051236,   6.529,9999.000,9999.000,9999.000,9999.000,9999.000,9999.000,9999.000,9999.000
202603051242,   6.337,9999.000,9999.000,9999.000,9999.000,9999.000,9999.000,9999.000,9999.000
202603051248,   6.141,9999.000,9999.000,9999.000,9999.000,9999.000,9999.000,9999.000,9999.000
202603051254,   5.943,9999.000,9999.000,9999.000,9999.000,9999.000,9999.000,9999.000,9999.000
202603051300,   5.743,9999.000,   0.200,  -0.325,   5.618,   0.200,   5.618,   0.200,   5.618
202603051306,   5.542,9999.000,9999.000,9999.000,9999.000,9999.000,9999.000,9999.000,9999.000
202603051312,   5.340,9999.000,9999.000,9999.000,9999.000,9999.000,9999.000,9999.000,9999.000
202603051318,   5.137,9999.000,9999.000,9999.000,9999.000,9999.000,9999.000,9999.000,9999.000
202603051324,   4.934,9999.000,9999.000,9999.000,9999.000,9999.000,9999.000,9999.000,9999.000
202603051330,   4.731,9999.000,9999.000,9999.000,9999.000,9999.000,9999.000,9999.000,9999.000
202603051336,   4.529,9999.000,9999.000,9999.000,9999.000,9999.000,9999.000,9999.000,9999.000
202603051342,   4.328,9999.000,9999.000,9999.000,9999.000,9999.000,9999.000,9999.000,9999.000
202603051348,   4.129,9999.000,9999.000,9999.000,9999.000,9999.000,9999.000,9999.000,9999.000
202603051354,   3.931,9999.000,9999.000,9999.000,9999.000,9999.000,9999.000,9999.000,9999.000
202603051400,   3.736,9999.000,   0.200,  -0.291,   3.645,   0.200,   3.645,   0.200,   3.645
202603051406,   3.543,9999.000,9999.000,9999.000,9999.000,9999.000,9999.000,9999.000,9999.000
202603051412,   3.354,9999.000,9999.000,9999.000,9999.000,9999.000,9999.000,9999.000,9999.000
202603051418,   3.167,9999.000,9999.000,9999.000,9999.000,9999.000,9999.000,9999.000,9999.000
202603051424,   2.985,9999.000,9999.000,9999.000,9999.000,9999.000,9999.000,9999.000,9999.000
202603051430,   2.806,9999.000,9999.000,9999.000,9999.000,9999.000,9999.000,9999.000,9999.000
202603051436,   2.631,9999.000,9999.000,9999.000,9999.000,9999.000,9999.000,9999.000,9999.000
202603051442,   2.462,9999.000,9999.000,9999.000,9999.000,9999.000,9999.000,9999.000,9999.000
202603051448,   2.297,9999.000,9999.000,9999.000,9999.000,9999.000,9999.000,9999.000,9999.000
202603051454,   2.138,9999.000,9999.000,9999.000,9999.000,9999.000,9999.000,9999.000,9999.000
202603051500,   1.984,9999.000,   0.200,  -0.258,   1.926,   0.200,   1.926,   0.200,   1.926
202603051506,   1.836,9999.000,9999.000,9999.000,9999.000,9999.000,9999.000,9999.000,9999.000
202603051512,   1.696,9999.000,9999.000,9999.000,9999.000,9999.000,9999.000,9999.000,9999.000
202603051518,   1.561,9999.000,9999.000,9999.000,9999.000,9999.000,9999.000,9999.000,9999.000
202603051524,   1.435,9999.000,9999.000,9999.000,9999.000,9999.000,9999.000,9999.000,9999.000
202603051530,   1.315,9999.000,9999.000,9999.000,9999.000,9999.000,9999.000,9999.000,9999.000
202603051536,   1.204,9999.000,9999.000,9999.000,9999.000,9999.000,9999.000,9999.000,9999.000
202603051542,   1.102,9999.000,9999.000,9999.000,9999.000,9999.000,9999.000,9999.000,9999.000
202603051548,   1.008,9999.000,9999.000,9999.000,9999.000,9999.000,9999.000,9999.000,9999.000
202603051554,   0.923,9999.000,9999.000,9999.000,9999.000,9999.000,9999.000,9999.000,9999.000
202603051600,   0.848,9999.000,   0.200,  -0.225,   0.823,   0.100,   0.723,   0.200,   0.823
202603051606,   0.783,9999.000,9999.000,9999.000,9999.000,9999.000,9999.000,9999.000,9999.000
202603051612,   0.728,9999.000,9999.000,9999.000,9999.000,9999.000,9999.000,9999.000,9999.000
202603051618,   0.683,9999.000,9999.000,9999.000,9999.000,9999.000,9999.000,9999.000,9999.000
202603051624,   0.649,9999.000,9999.000,9999.000,9999.000,9999.000,9999.000,9999.000,9999.000
202603051630,   0.626,9999.000,9999.000,9999.000,9999.000,9999.000,9999.000,9999.000,9999.000
202603051636,   0.613,9999.000,9999.000,9999.000,9999.000,9999.000,9999.000,9999.000,9999.000
202603051642,   0.613,9999.000,9999.000,9999.000,9999.000,9999.000,9999.000,9999.000,9999.000
202603051648,   0.623,9999.000,9999.000,9999.000,9999.000,9999.000,9999.000,9999.000,9999.000
202603051654,   0.644,9999.000,9999.000,9999.000,9999.000,9999.000,9999.000,9999.000,9999.000
202603051700,   0.677,9999.000,   0.100,  -0.192,   0.585,   0.100,   0.585,   0.200,   0.685
202603051706,   0.721,9999.000,9999.000,9999.000,9999.000,9999.000,9999.000,9999.000,9999.000
202603051712,   0.776,9999.000,9999.000,9999.000,9999.000,9999.000,9999.000,9999.000,9999.000
202603051718,   0.842,9999.000,9999.000,9999.000,9999.000,9999.000,9999.000,9999.000,9999.000
202603051724,   0.919,9999.000,9999.000,9999.000,9999.000,9999.000,9999.000,9999.000,9999.000
202603051730,   1.006,9999.000,9999.000,9999.000,9999.000,9999.000,9999.000,9999.000,9999.000
202603051736,   1.103,9999.000,9999.000,9999.000,9999.000,9999.000,9999.000,9999.000,9999.000
202603051742,   1.210,9999.000,9999.000,9999.000,9999.000,9999.000,9999.000,9999.000,9999.000
202603051748,   1.326,9999.000,9999.000,9999.000,9999.000,9999.000,9999.000,9999.000,9999.000
202603051754,   1.452,9999.000,9999.000,9999.000,9999.000,9999.000,9999.000,9999.000,9999.000
202603051800,   1.585,9999.000,   0.100,  -0.158,   1.527,   0.100,   1.527,   0.100,   1.527
202603051806,   1.727,9999.000,9999.000,9999.000,9999.000,9999.000,9999.000,9999.000,9999.000
202603051812,   1.876,9999.000,9999.000,9999.000,9999.000,9999.000,9999.000,9999.000,9999.000
202603051818,   2.031,9999.000,9999.000,9999.000,9999.000,9999.000,9999.000,9999.000,9999.000
202603051824,   2.194,9999.000,9999.000,9999.000,9999.000,9999.000,9999.000,9999.000,9999.000
202603051830,   2.362,9999.000,9999.000,9999.000,9999.000,9999.000,9999.000,9999.000,9999.000
202603051836,   2.535,9999.000,9999.000,9999.000,9999.000,9999.000,9999.000,9999.000,9999.000
202603051842,   2.713,9999.000,9999.000,9999.000,9999.000,9999.000,9999.000,9999.000,9999.000
202603051848,   2.895,9999.000,9999.000,9999.000,9999.000,9999.000,9999.000,9999.000,9999.000
202603051854,   3.081,9999.000,9999.000,9999.000,9999.000,9999.000,9999.000,9999.000,9999.000
202603051900,   3.270,9999.000,   0.100,  -0.125,   3.245,   0.100,   3.245,   0.100,   3.245
202603051906,   3.462,9999.000,9999.000,9999.000,9999.000,9999.000,9999.000,9999.000,9999.000
202603051912,   3.655,9999.000,9999.000,9999.000,9999.000,9999.000,9999.000,9999.000,9999.000
202603051918,   3.850,9999.000,9999.000,9999.000,9999.000,9999.000,9999.000,9999.000,9999.000
202603051924,   4.046,9999.000,9999.000,9999.000,9999.000,9999.000,9999.000,9999.000,9999.000
202603051930,   4.242,9999.000,9999.000,9999.000,9999.000,9999.000,9999.000,9999.000,9999.000
202603051936,   4.439,9999.000,9999.000,9999.000,9999.000,9999.000,9999.000,9999.000,9999.000
202603051942,   4.635,9999.000,9999.000,9999.000,9999.000,9999.000,9999.000,9999.000,9999.000
202603051948,   4.830,9999.000,9999.000,9999.000,9999.000,9999.000,9999.000,9999.000,9999.000
202603051954,   5.024,9999.000,9999.000,9999.000,9999.000,9999.000,9999.000,9999.000,9999.000
202603052000,   5.216,9999.000,   0.100,  -0.092,   5.224,   0.100,   5.224,   0.100,   5.224
202603052006,   5.406,9999.000,9999.000,9999.000,9999.000,9999.000,9999.000,9999.000,9999.000
202603052012,   5.593,9999.000,9999.000,9999.000,9999.000,9999.000,9999.000,9999.000,9999.000
202603052018,   5.777,9999.000,9999.000,9999.000,9999.000,9999.000,9999.000,9999.000,9999.000
202603052024,   5.958,9999.000,9999.000,9999.000,9999.000,9999.000,9999.000,9999.000,9999.000
202603052030,   6.134,9999.000,9999.000,9999.000,9999.000,9999.000,9999.000,9999.000,9999.000
202603052036,   6.307,9999.000,9999.000,9999.000,9999.000,9999.000,9999.000,9999.000,9999.000
202603052042,   6.474,9999.000,9999.000,9999.000,9999.000,9999.000,9999.000,9999.000,9999.000
202603052048,   6.636,9999.000,9999.000,9999.000,9999.000,9999.000,9999.000,9999.000,9999.000
202603052054,   6.793,9999.000,9999.000,9999.000,9999.000,9999.000,9999.000,9999.000,9999.000
202603052100,   6.943,9999.000,   0.100,  -0.059,   6.984,   0.000,   6.884,   0.100,   6.984
202603052106,   7.087,9999.000,9999.000,9999.000,9999.000,9999.000,9999.000,9999.000,9999.000
202603052112,   7.224,9999.000,9999.000,9999.000,9999.000,9999.000,9999.000,9999.000,9999.000
202603052118,   7.354,9999.000,9999.000,9999.000,9999.000,9999.000,9999.000,9999.000,9999.000
202603052124,   7.476,9999.000,9999.000,9999.000,9999.000,9999.000,9999.000,9999.000,9999.000
202603052130,   7.591,9999.000,9999.000,9999.000,9999.000,9999.000,9999.000,9999.000,9999.000
202603052136,   7.696,9999.000,9999.000,9999.000,9999.000,9999.000,9999.000,9999.000,9999.000
202603052142,   7.793,9999.000,9999.000,9999.000,9999.000,9999.000,9999.000,9999.000,9999.000
202603052148,   7.881,9999.000,9999.000,9999.000,9999.000,9999.000,9999.000,9999.000,9999.000
202603052154,   7.960,9999.000,9999.000,9999.000,9999.000,9999.000,9999.000,9999.000,9999.000
202603052200,   8.028,9999.000,   0.100,  -0.025,   8.103,   0.000,   8.003,   0.100,   8.103
202603052206,   8.087,9999.000,9999.000,9999.000,9999.000,9999.000,9999.000,9999.000,9999.000
202603052212,   8.136,9999.000,9999.000,9999.000,9999.000,9999.000,9999.000,9999.000,9999.000
202603052218,   8.174,9999.000,9999.000,9999.000,9999.000,9999.000,9999.000,9999.000,9999.000
202603052224,   8.202,9999.000,9999.000,9999.000,9999.000,9999.000,9999.000,9999.000,9999.000
202603052230,   8.219,9999.000,9999.000,9999.000,9999.000,9999.000,9999.000,9999.000,9999.000
202603052236,   8.226,9999.000,9999.000,9999.000,9999.000,9999.000,9999.000,9999.000,9999.000
202603052242,   8.222,9999.000,9999.000,9999.000,9999.000,9999.000,9999.000,9999.000,9999.000
202603052248,   8.207,9999.000,9999.000,9999.000,9999.000,9999.000,9999.000,9999.000,9999.000
202603052254,   8.181,9999.000,9999.000,9999.000,9999.000,9999.000,9999.000,9999.000,9999.000
202603052300,   8.144,9999.000,   0.100,   0.008,   8.252,   0.000,   8.152,   0.100,   8.252
202603052306,   8.097,9999.000,9999.000,9999.000,9999.000,9999.000,9999.000,9999.000,9999.000
202603052312,   8.040,9999.000,9999.000,9999.000,9999.000,9999.000,9999.000,9999.000,9999.000
202603052318,   7.972,9999.000,9999.000,9999.000,9999.000,9999.000,9999.000,9999.000,9999.000
202603052324,   7.894,9999.000,9999.000,9999.000,9999.000,9999.000,9999.000,9999.000,9999.000
202603052330,   7.807,9999.000,9999.000,9999.000,9999.000,9999.000,9999.000,9999.000,9999.000
202603052336,   7.710,9999.000,9999.000,9999.000,9999.000,9999.000,9999.000,9999.000,9999.000
202603052342,   7.604,9999.000,9999.000,9999.000,9999.000,9999.000,9999.000,9999.000,9999.000
202603052348,   7.490,9999.000,9999.000,9999.000,9999.000,9999.000,9999.000,9999.000,9999.000
202603052354,   7.367,9999.000,9999.000,9999.000,9999.000,9999.000,9999.000,9999.000,9999.000
202603060000,   7.236,9999.000,   0.100,   0.008,   7.344,   0.000,   7.244,   0.100,   7.344
202603060006,   7.098,9999.000,9999.000,9999.000,9999.000,9999.000,9999.000,9999.000,9999.000
202603060012,   6.952,9999.000,9999.000,9999.000,9999.000,9999.000,9999.000,9999.000,9999.000
202603060018,   6.801,9999.000,9999.000,9999.000,9999.000,9999.000,9999.000,9999.000,9999.000
202603060024,   6.643,9999.000,9999.000,9999.000,9999.000,9999.000,9999.000,9999.000,9999.000
202603060030,   6.480,9999.000,9999.000,9999.000,9999.000,9999.000,9999.000,9999.000,9999.000
202603060036,   6.311,9999.000,9999.000,9999.000,9999.000,9999.000,9999.000,9999.000,9999.000
202603060042,   6.139,9999.000,9999.000,9999.000,9999.000,9999.000,9999.000,9999.000,9999.000
202603060048,   5.962,9999.000,9999.000,9999.000,9999.000,9999.000,9999.000,9999.000,9999.000
202603060054,   5.783,9999.000,9999.000,9999.000,9999.000,9999.000,9999.000,9999.000,9999.000
202603060100,   5.600,9999.000,   0.100,   0.008,   5.708,   0.000,   5.608,   0.100,   5.708
202603060106,   5.415,9999.000,9999.000,9999.000,9999.000,9999.000,9999.000,9999.000,9999.000
202603060112,   5.228,9999.000,9999.000,9999.000,9999.000,9999.000,9999.000,9999.000,9999.000
202603060118,   5.040,9999.000,9999.000,9999.000,9999.000,9999.000,9999.000,9999.000,9999.000
202603060124,   4.852,9999.000,9999.000,9999.000,9999.000,9999.000,9999.000,9999.000,9999.000
202603060130,   4.663,9999.000,9999.000,9999.000,9999.000,9999.000,9999.000,9999.000,9999.000
202603060136,   4.474,9999.000,9999.000,9999.000,9999.000,9999.000,9999.000,9999.000,9999.000
202603060142,   4.286,9999.000,9999.000,9999.000,9999.000,9999.000,9999.000,9999.000,9999.000
202603060148,   4.098,9999.000,9999.000,9999.000,9999.000,9999.000,9999.000,9999.000,9999.000
202603060154,   3.913,9999.000,9999.000,9999.000,9999.000,9999.000,9999.000,9999.000,9999.000
202603060200,   3.729,9999.000,   0.100,   0.008,   3.837,   0.000,   3.737,   0.100,   3.837
202603060206,   3.547,9999.000,9999.000,9999.000,9999.000,9999.000,9999.000,9999.000,9999.000
202603060212,   3.368,9999.000,9999.000,9999.000,9999.000,9999.000,9999.000,9999.000,9999.000
202603060218,   3.192,9999.000,9999.000,9999.000,9999.000,9999.000,9999.000,9999.000,9999.000
202603060224,   3.020,9999.000,9999.000,9999.000,9999.000,9999.000,9999.000,9999.000,9999.000
202603060230,   2.850,9999.000,9999.000,9999.000,9999.000,9999.000,9999.000,9999.000,9999.000
202603060236,   2.685,9999.000,9999.000,9999.000,9999.000,9999.000,9999.000,9999.000,9999.000
202603060242,   2.525,9999.000,9999.000,9999.000,9999.000,9999.000,9999.000,9999.000,9999.000
202603060248,   2.368,9999.000,9999.000,9999.000,9999.000,9999.000,9999.000,9999.000,9999.000
202603060254,   2.217,9999.000,9999.000,9999.000,9999.000,9999.000,9999.000,9999.000,9999.000
202603060300,   2.071,9999.000,   0.100,   0.008,   2.179,   0.000,   2.079,   0.100,   2.179
202603060306,   1.931,9999.000,9999.000,9999.000,9999.000,9999.000,9999.000,9999.000,9999.000
202603060312,   1.796,9999.000,9999.000,9999.000,9999.000,9999.000,9999.000,9999.000,9999.000
202603060318,   1.668,9999.000,9999.000,9999.000,9999.000,9999.000,9999.000,9999.000,9999.000
202603060324,   1.546,9999.000,9999.000,9999.000,9999.000,9999.000,9999.000,9999.000,9999.000
202603060330,   1.431,9999.000,9999.000,9999.000,9999.000,9999.000,9999.000,9999.000,9999.000
202603060336,   1.323,9999.000,9999.000,9999.000,9999.000,9999.000,9999.000,9999.000,9999.000
202603060342,   1.222,9999.000,9999.000,9999.000,9999.000,9999.000,9999.000,9999.000,9999.000
202603060348,   1.130,9999.000,9999.000,9999.000,9999.000,9999.000,9999.000,9999.000,9999.000
202603060354,   1.045,9999.000,9999.000,9999.000,9999.000,9999.000,9999.000,9999.000,9999.000
202603060400,   0.970,9999.000,   0.100,   0.008,   1.078,   0.000,   0.978,   0.100,   1.078
202603060406,   0.903,9999.000,9999.000,9999.000,9999.000,9999.000,9999.000,9999.000,9999.000
202603060412,   0.845,9999.000,9999.000,9999.000,9999.000,9999.000,9999.000,9999.000,9999.000
202603060418,   0.797,9999.000,9999.000,9999.000,9999.000,9999.000,9999.000,9999.000,9999.000
202603060424,   0.758,9999.000,9999.000,9999.000,9999.000,9999.000,9999.000,9999.000,9999.000
202603060430,   0.730,9999.000,9999.000,9999.000,9999.000,9999.000,9999.000,9999.000,9999.000
202603060436,   0.712,9999.000,9999.000,9999.000,9999.000,9999.000,9999.000,9999.000,9999.000
202603060442,   0.704,9999.000,9999.000,9999.000,9999.000,9999.000,9999.000,9999.000,9999.000
202603060448,   0.707,9999.000,9999.000,9999.000,9999.000,9999.000,9999.000,9999.000,9999.000
202603060454,   0.722,9999.000,9999.000,9999.000,9999.000,9999.000,9999.000,9999.000,9999.000
202603060500,   0.747,9999.000,   0.100,   0.008,   0.855,   0.000,   0.755,   0.100,   0.855
202603060506,   0.783,9999.000,9999.000,9999.000,9999.000,9999.000,9999.000,9999.000,9999.000
202603060512,   0.830,9999.000,9999.000,9999.000,9999.000,9999.000,9999.000,9999.000,9999.000
202603060518,   0.888,9999.000,9999.000,9999.000,9999.000,9999.000,9999.000,9999.000,9999.000
202603060524,   0.957,9999.000,9999.000,9999.000,9999.000,9999.000,9999.000,9999.000,9999.000
202603060530,   1.037,9999.000,9999.000,9999.000,9999.000,9999.000,9999.000,9999.000,9999.000
202603060536,   1.128,9999.000,9999.000,9999.000,9999.000,9999.000,9999.000,9999.000,9999.000
202603060542,   1.229,9999.000,9999.000,9999.000,9999.000,9999.000,9999.000,9999.000,9999.000
202603060548,   1.340,9999.000,9999.000,9999.000,9999.000,9999.000,9999.000,9999.000,9999.000
202603060554,   1.461,9999.000,9999.000,9999.000,9999.000,9999.000,9999.000,9999.000,9999.000
202603060600,   1.592,9999.000,   0.100,   0.008,   1.700,   0.000,   1.600,   0.100,   1.700
202603060606,   1.731,9999.000,9999.000,9999.000,9999.000,9999.000,9999.000,9999.000,9999.000
202603060612,   1.879,9999.000,9999.000,9999.000,9999.000,9999.000,9999.000,9999.000,9999.000
202603060618,   2.036,9999.000,9999.000,9999.000,9999.000,9999.000,9999.000,9999.000,9999.000
202603060624,   2.199,9999.000,9999.000,9999.000,9999.000,9999.000,9999.000,9999.000,9999.000
202603060630,   2.370,9999.000,9999.000,9999.000,9999.000,9999.000,9999.000,9999.000,9999.000
202603060636,   2.547,9999.000,9999.000,9999.000,9999.000,9999.000,9999.000,9999.000,9999.000
202603060642,   2.731,9999.000,9999.000,9999.000,9999.000,9999.000,9999.000,9999.000,9999.000
202603060648,   2.919,9999.000,9999.000,9999.000,9999.000,9999.000,9999.000,9999.000,9999.000
202603060654,   3.112,9999.000,9999.000,9999.000,9999.000,9999.000,9999.000,9999.000,9999.000
202603060700,   3.310,9999.000,   0.100,   0.008,   3.418,   0.000,   3.318,   0.100,   3.418
202603060706,   3.511,9999.000,9999.000,9999.000,9999.000,9999.000,9999.000,9999.000,9999.000
202603060712,   3.715,9999.000,9999.000,9999.000,9999.000,9999.000,9999.000,9999.000,9999.000
202603060718,   3.921,9999.000,9999.000,9999.000,9999.000,9999.000,9999.000,9999.000,9999.000
202603060724,   4.129,9999.000,9999.000,9999.000,9999.000,9999.000,9999.000,9999.000,9999.000
202603060730,   4.338,9999.000,9999.000,9999.000,9999.000,9999.000,9999.000,9999.000,9999.000
202603060736,   4.548,9999.000,9999.000,9999.000,9999.000,9999.000,9999.000,9999.000,9999.000
202603060742,   4.758,9999.000,9999.000,9999.000,9999.000,9999.000,9999.000,9999.000,9999.000
202603060748,   4.968,9999.000,9999.000,9999.000,9999.000,9999.000,9999.000,9999.000,9999.000
202603060754,   5.177,9999.000,9999.000,9999.000,9999.000,9999.000,9999.000,9999.000,9999.000
202603060800,   5.385,9999.000,   0.100,   0.008,   5.493,   0.100,   5.493,   0.200,   5.593
202603060806,   5.591,9999.000,9999.000,9999.000,9999.000,9999.000,9999.000,9999.000,9999.000
202603060812,   5.794,9999.000,9999.000,9999.000,9999.000,9999.000,9999.000,9999.000,9999.000
202603060818,   5.995,9999.000,9999.000,9999.000,9999.000,9999.000,9999.000,9999.000,9999.000
202603060824,   6.193,9999.000,9999.000,9999.000,9999.000,9999.000,9999.000,9999.000,9999.000
202603060830,   6.387,9999.000,9999.000,9999.000,9999.000,9999.000,9999.000,9999.000,9999.000
202603060836,   6.577,9999.000,9999.000,9999.000,9999.000,9999.000,9999.000,9999.000,9999.000
202603060842,   6.763,9999.000,9999.000,9999.000,9999.000,9999.000,9999.000,9999.000,9999.000
202603060848,   6.944,9999.000,9999.000,9999.000,9999.000,9999.000,9999.000,9999.000,9999.000
202603060854,   7.120,9999.000,9999.000,9999.000,9999.000,9999.000,9999.000,9999.000,9999.000
202603060900,   7.291,9999.000,   0.100,   0.008,   7.399,   0.000,   7.299,   0.200,   7.499
202603060906,   7.455,9999.000,9999.000,9999.000,9999.000,9999.000,9999.000,9999.000,9999.000
202603060912,   7.613,9999.000,9999.000,9999.000,9999.000,9999.000,9999.000,9999.000,9999.000
202603060918,   7.765,9999.000,9999.000,9999.000,9999.000,9999.000,9999.000,9999.000,9999.000
202603060924,   7.909,9999.000,9999.000,9999.000,9999.000,9999.000,9999.000,9999.000,9999.000
202603060930,   8.046,9999.000,9999.000,9999.000,9999.000,9999.000,9999.000,9999.000,9999.000
202603060936,   8.175,9999.000,9999.000,9999.000,9999.000,9999.000,9999.000,9999.000,9999.000
202603060942,   8.296,9999.000,9999.000,9999.000,9999.000,9999.000,9999.000,9999.000,9999.000
202603060948,   8.408,9999.000,9999.000,9999.000,9999.000,9999.000,9999.000,9999.000,9999.000
202603060954,   8.512,9999.000,9999.000,9999.000,9999.000,9999.000,9999.000,9999.000,9999.000
202603061000,   8.606,9999.000,   0.100,   0.008,   8.714,   0.000,   8.614,   0.200,   8.814
202603061006,   8.691,9999.000,9999.000,9999.000,9999.000,9999.000,9999.000,9999.000,9999.000
202603061012,   8.766,9999.000,9999.000,9999.000,9999.000,9999.000,9999.000,9999.000,9999.000
202603061018,   8.831,9999.000,9999.000,9999.000,9999.000,9999.000,9999.000,9999.000,9999.000
202603061024,   8.886,9999.000,9999.000,9999.000,9999.000,9999.000,9999.000,9999.000,9999.000
202603061030,   8.931,9999.000,9999.000,9999.000,9999.000,9999.000,9999.000,9999.000,9999.000
202603061036,   8.965,9999.000,9999.000,9999.000,9999.000,9999.000,9999.000,9999.000,9999.000
202603061042,   8.988,9999.000,9999.000,9999.000,9999.000,9999.000,9999.000,9999.000,9999.000
202603061048,   9.000,9999.000,9999.000,9999.000,9999.000,9999.000,9999.000,9999.000,9999.000
202603061054,   9.001,9999.000,9999.000,9999.000,9999.000,9999.000,9999.000,9999.000,9999.000
202603061100,   8.992,9999.000,   0.100,   0.008,   9.100,   0.100,   9.100,   0.200,   9.200
202603061106,   8.971,9999.000,9999.000,9999.000,9999.000,9999.000,9999.000,9999.000,9999.000
202603061112,   8.939,9999.000,9999.000,9999.000,9999.000,9999.000,9999.000,9999.000,9999.000
202603061118,   8.897,9999.000,9999.000,9999.000,9999.000,9999.000,9999.000,9999.000,9999.000
202603061124,   8.843,9999.000,9999.000,9999.000,9999.000,9999.000,9999.000,9999.000,9999.000
202603061130,   8.779,9999.000,9999.000,9999.000,9999.000,9999.000,9999.000,9999.000,9999.000
202603061136,   8.705,9999.000,9999.000,9999.000,9999.000,9999.000,9999.000,9999.000,9999.000
202603061142,   8.620,9999.000,9999.000,9999.000,9999.000,9999.000,9999.000,9999.000,9999.000
202603061148,   8.525,9999.000,9999.000,9999.000,9999.000,9999.000,9999.000,9999.000,9999.000
202603061154,   8.421,9999.000,9999.000,9999.000,9999.000,9999.000,9999.000,9999.000,9999.000
202603061200,   8.307,9999.000,   0.200,   0.008,   8.515,   0.100,   8.415,   0.200,   8.515
202603061206,   8.184,9999.000,9999.000,9999.000,9999.000,9999.000,9999.000,9999.000,9999.000
202603061212,   8.052,9999.000,9999.000,9999.000,9999.000,9999.000,9999.000,9999.000,9999.000
202603061218,   7.912,9999.000,9999.000,9999.000,9999.000,9999.000,9999.000,9999.000,9999.000
202603061224,   7.765,9999.000,9999.000,9999.000,9999.000,9999.000,9999.000,9999.000,9999.000
202603061230,   7.610,9999.000,9999.000,9999.000,9999.000,9999.000,9999.000,9999.000,9999.000
202603061236,   7.448,9999.000,9999.000,9999.000,9999.000,9999.000,9999.000,9999.000,9999.000
202603061242,   7.280,9999.000,9999.000,9999.000,9999.000,9999.000,9999.000,9999.000,9999.000
202603061248,   7.106,9999.000,9999.000,9999.000,9999.000,9999.000,9999.000,9999.000,9999.000
202603061254,   6.927,9999.000,9999.000,9999.000,9999.000,9999.000,9999.000,9999.000,9999.000
202603061300,   6.743,9999.000,   0.200,   0.008,   6.951,   0.100,   6.851,   0.200,   6.951
202603061306,   6.555,9999.000,9999.000,9999.000,9999.000,9999.000,9999.000,9999.000,9999.000
202603061312,   6.363,9999.000,9999.000,9999.000,9999.000,9999.000,9999.000,9999.000,9999.000
202603061318,   6.168,9999.000,9999.000,9999.000,9999.000,9999.000,9999.000,9999.000,9999.000
202603061324,   5.970,9999.000,9999.000,9999.000,9999.000,9999.000,9999.000,9999.000,9999.000
202603061330,   5.770,9999.000,9999.000,9999.000,9999.000,9999.000,9999.000,9999.000,9999.000
202603061336,   5.569,9999.000,9999.000,9999.000,9999.000,9999.000,9999.000,9999.000,9999.000
202603061342,   5.366,9999.000,9999.000,9999.000,9999.000,9999.000,9999.000,9999.000,9999.000
202603061348,   5.163,9999.000,9999.000,9999.000,9999.000,9999.000,9999.000,9999.000,9999.000
202603061354,   4.960,9999.000,9999.000,9999.000,9999.000,9999.000,9999.000,9999.000,9999.000
202603061400,   4.757,9999.000,   0.200,   0.008,   4.965,   0.100,   4.865,   0.200,   4.965
202603061406,   4.555,9999.000,9999.000,9999.000,9999.000,9999.000,9999.000,9999.000,9999.000
202603061412,   4.354,9999.000,9999.000,9999.000,9999.000,9999.000,9999.000,9999.000,9999.000
202603061418,   4.155,9999.000,9999.000,9999.000,9999.000,9999.000,9999.000,9999.000,9999.000
202603061424,   3.958,9999.000,9999.000,9999.000,9999.000,9999.000,9999.000,9999.000,9999.000
202603061430,   3.763,9999.000,9999.000,9999.000,9999.000,9999.000,9999.000,9999.000,9999.000
202603061436,   3.571,9999.000,9999.000,9999.000,9999.000,9999.000,9999.000,9999.000,9999.000
202603061442,   3.382,9999.000,9999.000,9999.000,9999.000,9999.000,9999.000,9999.000,9999.000
202603061448,   3.196,9999.000,9999.000,9999.000,9999.000,9999.000,9999.000,9999.000,9999.000
202603061454,   3.014,9999.000,9999.000,9999.000,9999.000,9999.000,9999.000,9999.000,9999.000
202603061500,   2.836,9999.000,   0.200,   0.008,   3.044,   0.100,   2.944,   0.300,   3.144
202603061506,   2.662,9999.000,9999.000,9999.000,9999.000,9999.000,9999.000,9999.000,9999.000
202603061512,   2.492,9999.000,9999.000,9999.000,9999.000,9999.000,9999.000,9999.000,9999.000
202603061518,   2.328,9999.000,9999.000,9999.000,9999.000,9999.000,9999.000,9999.000,9999.000
202603061524,   2.169,9999.000,9999.000,9999.000,9999.000,9999.000,9999.000,9999.000,9999.000
202603061530,   2.015,9999.000,9999.000,9999.000,9999.000,9999.000,9999.000,9999.000,9999.000
202603061536,   1.867,9999.000,9999.000,9999.000,9999.000,9999.000,9999.000,9999.000,9999.000
202603061542,   1.725,9999.000,9999.000,9999.000,9999.000,9999.000,9999.000,9999.000,9999.000
202603061548,   1.589,9999.000,9999.000,9999.000,9999.000,9999.000,9999.000,9999.000,9999.000
202603061554,   1.460,9999.000,9999.000,9999.000,9999.000,9999.000,9999.000,9999.000,9999.000
202603061600,   1.338,9999.000,   0.200,   0.008,   1.546,   0.100,   1.446,   0.300,   1.646
202603061606,   1.223,9999.000,9999.000,9999.000,9999.000,9999.000,9999.000,9999.000,9999.000
202603061612,   1.115,9999.000,9999.000,9999.000,9999.000,9999.000,9999.000,9999.000,9999.000
202603061618,   1.015,9999.000,9999.000,9999.000,9999.000,9999.000,9999.000,9999.000,9999.000
202603061624,   0.924,9999.000,9999.000,9999.000,9999.000,9999.000,9999.000,9999.000,9999.000
202603061630,   0.841,9999.000,9999.000,9999.000,9999.000,9999.000,9999.000,9999.000,9999.000
202603061636,   0.767,9999.000,9999.000,9999.000,9999.000,9999.000,9999.000,9999.000,9999.000
202603061642,   0.702,9999.000,9999.000,9999.000,9999.000,9999.000,9999.000,9999.000,9999.000
202603061648,   0.646,9999.000,9999.000,9999.000,9999.000,9999.000,9999.000,9999.000,9999.000
202603061654,   0.600,9999.000,9999.000,9999.000,9999.000,9999.000,9999.000,9999.000,9999.000
202603061700,   0.563,9999.000,   0.200,   0.008,   0.771,   0.100,   0.671,   0.200,   0.771
202603061706,   0.537,9999.000,9999.000,9999.000,9999.000,9999.000,9999.000,9999.000,9999.000
202603061712,   0.521,9999.000,9999.000,9999.000,9999.000,9999.000,9999.000,9999.000,9999.000
202603061718,   0.515,9999.000,9999.000,9999.000,9999.000,9999.000,9999.000,9999.000,9999.000
202603061724,   0.520,9999.000,9999.000,9999.000,9999.000,9999.000,9999.000,9999.000,9999.000
202603061730,   0.536,9999.000,9999.000,9999.000,9999.000,9999.000,9999.000,9999.000,9999.000
202603061736,   0.561,9999.000,9999.000,9999.000,9999.000,9999.000,9999.000,9999.000,9999.000
202603061742,   0.598,9999.000,9999.000,9999.000,9999.000,9999.000,9999.000,9999.000,9999.000
202603061748,   0.645,9999.000,9999.000,9999.000,9999.000,9999.000,9999.000,9999.000,9999.000
202603061754,   0.702,9999.000,9999.000,9999.000,9999.000,9999.000,9999.000,9999.000,9999.000
202603061800,   0.770,9999.000,   0.200,   0.008,   0.978,   0.100,   0.878,   0.200,   0.978
202603061806,   0.847,9999.000,9999.000,9999.000,9999.000,9999.000,9999.000,9999.000,9999.000
202603061812,   0.934,9999.000,9999.000,9999.000,9999.000,9999.000,9999.000,9999.000,9999.000
202603061818,   1.031,9999.000,9999.000,9999.000,9999.000,9999.000,9999.000,9999.000,9999.000
202603061824,   1.136,9999.000,9999.000,9999.000,9999.000,9999.000,9999.000,9999.000,9999.000
202603061830,   1.251,9999.000,9999.000,9999.000,9999.000,9999.000,9999.000,9999.000,9999.000
202603061836,   1.373,9999.000,9999.000,9999.000,9999.000,9999.000,9999.000,9999.000,9999.000
202603061842,   1.504,9999.000,9999.000,9999.000,9999.000,9999.000,9999.000,9999.000,9999.000
202603061848,   1.641,9999.000,9999.000,9999.000,9999.000,9999.000,9999.000,9999.000,9999.000
202603061854,   1.786,9999.000,9999.000,9999.000,9999.000,9999.000,9999.000,9999.000,9999.000
202603061900,   1.937,9999.000,   0.200,   0.008,   2.145,   0.100,   2.045,   0.200,   2.145
202603061906,   2.093,9999.000,9999.000,9999.000,9999.000,9999.000,9999.000,9999.000,9999.000
202603061912,   2.255,9999.000,9999.000,9999.000,9999.000,9999.000,9999.000,9999.000,9999.000
202603061918,   2.421,9999.000,9999.000,9999.000,9999.000,9999.000,9999.000,9999.000,9999.000
202603061924,   2.592,9999.000,9999.000,9999.000,9999.000,9999.000,9999.000,9999.000,9999.000
202603061930,   2.766,9999.000,9999.000,9999.000,9999.000,9999.000,9999.000,9999.000,9999.000
202603061936,   2.943,9999.000,9999.000,9999.000,9999.000,9999.000,9999.000,9999.000,9999.000
202603061942,   3.123,9999.000,9999.000,9999.000,9999.000,9999.000,9999.000,9999.000,9999.000
202603061948,   3.305,9999.000,9999.000,9999.000,9999.000,9999.000,9999.000,9999.000,9999.000
202603061954,   3.488,9999.000,9999.000,9999.000,9999.000,9999.000,9999.000,9999.000,9999.000
202603062000,   3.672,9999.000,   0.200,   0.008,   3.880,   0.100,   3.780,   0.200,   3.880
202603062006,   3.856,9999.000,9999.000,9999.000,9999.000,9999.000,9999.000,9999.000,9999.000
202603062012,   4.041,9999.000,9999.000,9999.000,9999.000,9999.000,9999.000,9999.000,9999.000
202603062018,   4.225,9999.000,9999.000,9999.000,9999.000,9999.000,9999.000,9999.000,9999.000
202603062024,   4.409,9999.000,9999.000,9999.000,9999.000,9999.000,9999.000,9999.000,9999.000
202603062030,   4.591,9999.000,9999.000,9999.000,9999.000,9999.000,9999.000,9999.000,9999.000
202603062036,   4.771,9999.000,9999.000,9999.000,9999.000,9999.000,9999.000,9999.000,9999.000
202603062042,   4.950,9999.000,9999.000,9999.000,9999.000,9999.000,9999.000,9999.000,9999.000
202603062048,   5.126,9999.000,9999.000,9999.000,9999.000,9999.000,9999.000,9999.000,9999.000
202603062054,   5.299,9999.000,9999.000,9999.000,9999.000,9999.000,9999.000,9999.000,9999.000
202603062100,   5.469,9999.000,   0.100,   0.008,   5.577,   0.100,   5.577,   0.200,   5.677
202603062106,   5.636,9999.000,9999.000,9999.000,9999.000,9999.000,9999.000,9999.000,9999.000
202603062112,   5.798,9999.000,9999.000,9999.000,9999.000,9999.000,9999.000,9999.000,9999.000
202603062118,   5.957,9999.000,9999.000,9999.000,9999.000,9999.000,9999.000,9999.000,9999.000
202603062124,   6.111,9999.000,9999.000,9999.000,9999.000,9999.000,9999.000,9999.000,9999.000
202603062130,   6.260,9999.000,9999.000,9999.000,9999.000,9999.000,9999.000,9999.000,9999.000
202603062136,   6.404,9999.000,9999.000,9999.000,9999.000,9999.000,9999.000,9999.000,9999.000
202603062142,   6.542,9999.000,9999.000,9999.000,9999.000,9999.000,9999.000,9999.000,9999.000
202603062148,   6.674,9999.000,9999.000,9999.000,9999.000,9999.000,9999.000,9999.000,9999.000
202603062154,   6.800,9999.000,9999.000,9999.000,9999.000,9999.000,9999.000,9999.000,9999.000
202603062200,   6.919,9999.000,   0.100,   0.008,   7.027,   0.100,   7.027,   0.200,   7.127
202603062206,   7.032,9999.000,9999.000,9999.000,9999.000,9999.000,9999.000,9999.000,9999.000
202603062212,   7.137,9999.000,9999.000,9999.000,9999.000,9999.000,9999.000,9999.000,9999.000
202603062218,   7.235,9999.000,9999.000,9999.000,9999.000,9999.000,9999.000,9999.000,9999.000
202603062224,   7.324,9999.000,9999.000,9999.000,9999.000,9999.000,9999.000,9999.000,9999.000
202603062230,   7.406,9999.000,9999.000,9999.000,9999.000,9999.000,9999.000,9999.000,9999.000
202603062236,   7.479,9999.000,9999.000,9999.000,9999.000,9999.000,9999.000,9999.000,9999.000
202603062242,   7.544,9999.000,9999.000,9999.000,9999.000,9999.000,9999.000,9999.000,9999.000
202603062248,   7.599,9999.000,9999.000,9999.000,9999.000,9999.000,9999.000,9999.000,9999.000
202603062254,   7.646,9999.000,9999.000,9999.000,9999.000,9999.000,9999.000,9999.000,9999.000
202603062300,   7.683,9999.000,   0.100,   0.008,   7.791,   0.100,   7.791,   0.200,   7.891
202603062306,   7.711,9999.000,9999.000,9999.000,9999.000,9999.000,9999.000,9999.000,9999.000
202603062312,   7.729,9999.000,9999.000,9999.000,9999.000,9999.000,9999.000,9999.000,9999.000
202603062318,   7.738,9999.000,9999.000,9999.000,9999.000,9999.000,9999.000,9999.000,9999.000
202603062324,   7.736,9999.000,9999.000,9999.000,9999.000,9999.000,9999.000,9999.000,9999.000
202603062330,   7.725,9999.000,9999.000,9999.000,9999.000,9999.000,9999.000,9999.000,9999.000
202603062336,   7.704,9999.000,9999.000,9999.000,9999.000,9999.000,9999.000,9999.000,9999.000
202603062342,   7.674,9999.000,9999.000,9999.000,9999.000,9999.000,9999.000,9999.000,9999.000
202603062348,   7.633,9999.000,9999.000,9999.000,9999.000,9999.000,9999.000,9999.000,9999.000
202603062354,   7.584,9999.000,9999.000,9999.000,9999.000,9999.000,9999.000,9999.000,9999.000
202603070000,   7.525,9999.000,   0.100,   0.008,   7.633,   0.100,   7.633,   0.200,   7.733
202603070006,   7.456,9999.000,9999.000,9999.000,9999.000,9999.000,9999.000,9999.000,9999.000
202603070012,   7.379,9999.000,9999.000,9999.000,9999.000,9999.000,9999.000,9999.000,9999.000
202603070018,   7.293,9999.000,9999.000,9999.000,9999.000,9999.000,9999.000,9999.000,9999.000
202603070024,   7.199,9999.000,9999.000,9999.000,9999.000,9999.000,9999.000,9999.000,9999.000
202603070030,   7.096,9999.000,9999.000,9999.000,9999.000,9999.000,9999.000,9999.000,9999.000
202603070036,   6.986,9999.000,9999.000,9999.000,9999.000,9999.000,9999.000,9999.000,9999.000
202603070042,   6.869,9999.000,9999.000,9999.000,9999.000,9999.000,9999.000,9999.000,9999.000
202603070048,   6.744,9999.000,9999.000,9999.000,9999.000,9999.000,9999.000,9999.000,9999.000
202603070054,   6.614,9999.000,9999.000,9999.000,9999.000,9999.000,9999.000,9999.000,9999.000
202603070100,   6.477,9999.000,   0.100,   0.008,   6.585,   0.100,   6.585,   0.200,   6.685
202603070106,   6.334,9999.000,9999.000,9999.000,9999.000,9999.000,9999.000,9999.000,9999.000
202603070112,   6.187,9999.000,9999.000,9999.000,9999.000,9999.000,9999.000,9999.000,9999.000
202603070118,   6.035,9999.000,9999.000,9999.000,9999.000,9999.000,9999.000,9999.000,9999.000
202603070124,   5.880,9999.000,9999.000,9999.000,9999.000,9999.000,9999.000,9999.000,9999.000
202603070130,   5.720,9999.000,9999.000,9999.000,9999.000,9999.000,9999.000,9999.000,9999.000
202603070136,   5.558,9999.000,9999.000,9999.000,9999.000,9999.000,9999.000,9999.000,9999.000
202603070142,   5.393,9999.000,9999.000,9999.000,9999.000,9999.000,9999.000,9999.000,9999.000
202603070148,   5.227,9999.000,9999.000,9999.000,9999.000,9999.000,9999.000,9999.000,9999.000
202603070154,   5.059,9999.000,9999.000,9999.000,9999.000,9999.000,9999.000,9999.000,9999.000
202603070200,   4.890,9999.000,   0.100,   0.008,   4.998,   0.100,   4.998,   0.200,   5.098
202603070206,   4.721,9999.000,9999.000,9999.000,9999.000,9999.000,9999.000,9999.000,9999.000
202603070212,   4.553,9999.000,9999.000,9999.000,9999.000,9999.000,9999.000,9999.000,9999.000
202603070218,   4.384,9999.000,9999.000,9999.000,9999.000,9999.000,9999.000,9999.000,9999.000
202603070224,   4.217,9999.000,9999.000,9999.000,9999.000,9999.000,9999.000,9999.000,9999.000
202603070230,   4.051,9999.000,9999.000,9999.000,9999.000,9999.000,9999.000,9999.000,9999.000
202603070236,   3.888,9999.000,9999.000,9999.000,9999.000,9999.000,9999.000,9999.000,9999.000
202603070242,   3.726,9999.000,9999.000,9999.000,9999.000,9999.000,9999.000,9999.000,9999.000
202603070248,   3.568,9999.000,9999.000,9999.000,9999.000,9999.000,9999.000,9999.000,9999.000
202603070254,   3.412,9999.000,9999.000,9999.000,9999.000,9999.000,9999.000,9999.000,9999.000
202603070300,   3.260,9999.000,   0.100,   0.008,   3.368,   0.100,   3.368,   0.200,   3.468
202603070306,   3.112,9999.000,9999.000,9999.000,9999.000,9999.000,9999.000,9999.000,9999.000
202603070312,   2.967,9999.000,9999.000,9999.000,9999.000,9999.000,9999.000,9999.000,9999.000
202603070318,   2.828,9999.000,9999.000,9999.000,9999.000,9999.000,9999.000,9999.000,9999.000
202603070324,   2.692,9999.000,9999.000,9999.000,9999.000,9999.000,9999.000,9999.000,9999.000
202603070330,   2.562,9999.000,9999.000,9999.000,9999.000,9999.000,9999.000,9999.000,9999.000
202603070336,   2.437,9999.000,9999.000,9999.000,9999.000,9999.000,9999.000,9999.000,9999.000
202603070342,   2.318,9999.000,9999.000,9999.000,9999.000,9999.000,9999.000,9999.000,9999.000
202603070348,   2.205,9999.000,9999.000,9999.000,9999.000,9999.000,9999.000,9999.000,9999.000
202603070354,   2.097,9999.000,9999.000,9999.000,9999.000,9999.000,9999.000,9999.000,9999.000
202603070400,   1.996,9999.000,   0.100,   0.008,   2.104,   0.100,   2.104,   0.200,   2.204
202603070406,   1.902,9999.000,9999.000,9999.000,9999.000,9999.000,9999.000,9999.000,9999.000
202603070412,   1.814,9999.000,9999.000,9999.000,9999.000,9999.000,9999.000,9999.000,9999.000
202603070418,   1.733,9999.000,9999.000,9999.000,9999.000,9999.000,9999.000,9999.000,9999.000
202603070424,   1.660,9999.000,9999.000,9999.000,9999.000,9999.000,9999.000,9999.000,9999.000
202603070430,   1.595,9999.000,9999.000,9999.000,9999.000,9999.000,9999.000,9999.000,9999.000
202603070436,   1.537,9999.000,9999.000,9999.000,9999.000,9999.000,9999.000,9999.000,9999.000
202603070442,   1.488,9999.000,9999.000,9999.000,9999.000,9999.000,9999.000,9999.000,9999.000
202603070448,   1.447,9999.000,9999.000,9999.000,9999.000,9999.000,9999.000,9999.000,9999.000
202603070454,   1.414,9999.000,9999.000,9999.000,9999.000,9999.000,9999.000,9999.000,9999.000
202603070500,   1.391,9999.000,   0.100,   0.008,   1.499,   0.000,   1.399,   0.200,   1.599
202603070506,   1.377,9999.000,9999.000,9999.000,9999.000,9999.000,9999.000,9999.000,9999.000
202603070512,   1.372,9999.000,9999.000,9999.000,9999.000,9999.000,9999.000,9999.000,9999.000
202603070518,   1.376,9999.000,9999.000,9999.000,9999.000,9999.000,9999.000,9999.000,9999.000
202603070524,   1.391,9999.000,9999.000,9999.000,9999.000,9999.000,9999.000,9999.000,9999.000
202603070530,   1.415,9999.000,9999.000,9999.000,9999.000,9999.000,9999.000,9999.000,9999.000
202603070536,   1.449,9999.000,9999.000,9999.000,9999.000,9999.000,9999.000,9999.000,9999.000
202603070542,   1.493,9999.000,9999.000,9999.000,9999.000,9999.000,9999.000,9999.000,9999.000
202603070548,   1.547,9999.000,9999.000,9999.000,9999.000,9999.000,9999.000,9999.000,9999.000
202603070554,   1.612,9999.000,9999.000,9999.000,9999.000,9999.000,9999.000,9999.000,9999.000
202603070600,   1.686,9999.000,   0.100,   0.008,   1.794,   0.000,   1.694,   0.100,   1.794
202603070606,   1.770,9999.000,9999.000,9999.000,9999.000,9999.000,9999.000,9999.000,9999.000
202603070612,   1.863,9999.000,9999.000,9999.000,9999.000,9999.000,9999.000,9999.000,9999.000
202603070618,   1.967,9999.000,9999.000,9999.000,9999.000,9999.000,9999.000,9999.000,9999.000
202603070624,   2.079,9999.000,9999.000,9999.000,9999.000,9999.000,9999.000,9999.000,9999.000
202603070630,   2.200,9999.000,9999.000,9999.000,9999.000,9999.000,9999.000,9999.000,9999.000
202603070636,   2.330,9999.000,9999.000,9999.000,9999.000,9999.000,9999.000,9999.000,9999.000
202603070642,   2.468,9999.000,9999.000,9999.000,9999.000,9999.000,9999.000,9999.000,9999.000
202603070648,   2.614,9999.000,9999.000,9999.000,9999.000,9999.000,9999.000,9999.000,9999.000
202603070654,   2.768,9999.000,9999.000,9999.000,9999.000,9999.000,9999.000,9999.000,9999.000
202603070700,   2.928,9999.000,   0.100,   0.008,   3.036,   0.000,   2.936,   0.100,   3.036
202603070706,   3.094,9999.000,9999.000,9999.000,9999.000,9999.000,9999.000,9999.000,9999.000
202603070712,   3.266,9999.000,9999.000,9999.000,9999.000,9999.000,9999.000,9999.000,9999.000
202603070718,   3.443,9999.000,9999.000,9999.000,9999.000,9999.000,9999.000,9999.000,9999.000
202603070724,   3.624,9999.000,9999.000,9999.000,9999.000,9999.000,9999.000,9999.000,9999.000
202603070730,   3.810,9999.000,9999.000,9999.000,9999.000,9999.000,9999.000,9999.000,9999.000
202603070736,   3.999,9999.000,9999.000,9999.000,9999.000,9999.000,9999.000,9999.000,9999.000
202603070742,   4.190,9999.000,9999.000,9999.000,9999.000,9999.000,9999.000,9999.000,9999.000
202603070748,   4.384,9999.000,9999.000,9999.000,9999.000,9999.000,9999.000,9999.000,9999.000
202603070754,   4.579,9999.000,9999.000,9999.000,9999.000,9999.000,9999.000,9999.000,9999.000
202603070800,   4.775,9999.000,   0.100,   0.008,   4.883,   0.000,   4.783,   0.100,   4.883
202603070806,   4.972,9999.000,9999.000,9999.000,9999.000,9999.000,9999.000,9999.000,9999.000
202603070812,   5.168,9999.000,9999.000,9999.000,9999.000,9999.000,9999.000,9999.000,9999.000
202603070818,   5.363,9999.000,9999.000,9999.000,9999.000,9999.000,9999.000,9999.000,9999.000
202603070824,   5.557,9999.000,9999.000,9999.000,9999.000,9999.000,9999.000,9999.000,9999.000
202603070830,   5.749,9999.000,9999.000,9999.000,9999.000,9999.000,9999.000,9999.000,9999.000
202603070836,   5.939,9999.000,9999.000,9999.000,9999.000,9999.000,9999.000,9999.000,9999.000
202603070842,   6.126,9999.000,9999.000,9999.000,9999.000,9999.000,9999.000,9999.000,9999.000
202603070848,   6.311,9999.000,9999.000,9999.000,9999.000,9999.000,9999.000,9999.000,9999.000
202603070854,   6.491,9999.000,9999.000,9999.000,9999.000,9999.000,9999.000,9999.000,9999.000
202603070900,   6.668,9999.000,   0.100,   0.008,   6.776,   0.000,   6.676,   0.100,   6.776
202603070906,   6.840,9999.000,9999.000,9999.000,9999.000,9999.000,9999.000,9999.000,9999.000
202603070912,   7.007,9999.000,9999.000,9999.000,9999.000,9999.000,9999.000,9999.000,9999.000
202603070918,   7.170,9999.000,9999.000,9999.000,9999.000,9999.000,9999.000,9999.000,9999.000
202603070924,   7.327,9999.000,9999.000,9999.000,9999.000,9999.000,9999.000,9999.000,9999.000
202603070930,   7.479,9999.000,9999.000,9999.000,9999.000,9999.000,9999.000,9999.000,9999.000
202603070936,   7.625,9999.000,9999.000,9999.000,9999.000,9999.000,9999.000,9999.000,9999.000
202603070942,   7.764,9999.000,9999.000,9999.000,9999.000,9999.000,9999.000,9999.000,9999.000
202603070948,   7.897,9999.000,9999.000,9999.000,9999.000,9999.000,9999.000,9999.000,9999.000
202603070954,   8.023,9999.000,9999.000,9999.000,9999.000,9999.000,9999.000,9999.000,9999.000
202603071000,   8.142,9999.000,   0.000,   0.008,   8.150,   0.000,   8.150,   0.100,   8.250
202603071006,   8.254,9999.000,9999.000,9999.000,9999.000,9999.000,9999.000,9999.000,9999.000
202603071012,   8.358,9999.000,9999.000,9999.000,9999.000,9999.000,9999.000,9999.000,9999.000
202603071018,   8.454,9999.000,9999.000,9999.000,9999.000,9999.000,9999.000,9999.000,9999.000
202603071024,   8.542,9999.000,9999.000,9999.000,9999.000,9999.000,9999.000,9999.000,9999.000
202603071030,   8.622,9999.000,9999.000,9999.000,9999.000,9999.000,9999.000,9999.000,9999.000
202603071036,   8.693,9999.000,9999.000,9999.000,9999.000,9999.000,9999.000,9999.000,9999.000
202603071042,   8.755,9999.000,9999.000,9999.000,9999.000,9999.000,9999.000,9999.000,9999.000
202603071048,   8.809,9999.000,9999.000,9999.000,9999.000,9999.000,9999.000,9999.000,9999.000
202603071054,   8.853,9999.000,9999.000,9999.000,9999.000,9999.000,9999.000,9999.000,9999.000
202603071100,   8.888,9999.000,   0.100,   0.008,   8.996,   0.000,   8.896,   0.100,   8.996
202603071106,   8.913,9999.000,9999.000,9999.000,9999.000,9999.000,9999.000,9999.000,9999.000
202603071112,   8.929,9999.000,9999.000,9999.000,9999.000,9999.000,9999.000,9999.000,9999.000
202603071118,   8.934,9999.000,9999.000,9999.000,9999.000,9999.000,9999.000,9999.000,9999.000
202603071124,   8.930,9999.000,9999.000,9999.000,9999.000,9999.000,9999.000,9999.000,9999.000
202603071130,   8.916,9999.000,9999.000,9999.000,9999.000,9999.000,9999.000,9999.000,9999.000
202603071136,   8.892,9999.000,9999.000,9999.000,9999.000,9999.000,9999.000,9999.000,9999.000
202603071142,   8.858,9999.000,9999.000,9999.000,9999.000,9999.000,9999.000,9999.000,9999.000
202603071148,   8.814,9999.000,9999.000,9999.000,9999.000,9999.000,9999.000,9999.000,9999.000
202603071154,   8.761,9999.000,9999.000,9999.000,9999.000,9999.000,9999.000,9999.000,9999.000
202603071200,   8.697,9999.000,   0.100,   0.008,   8.805,   0.000,   8.705,   0.100,   8.805
202603071206,   8.624,9999.000,9999.000,9999.000,9999.000,9999.000,9999.000,9999.000,9999.000
202603071212,   8.541,9999.000,9999.000,9999.000,9999.000,9999.000,9999.000,9999.000,9999.000
202603071218,   8.448,9999.000,9999.000,9999.000,9999.000,9999.000,9999.000,9999.000,9999.000
202603071224,   8.347,9999.000,9999.000,9999.000,9999.000,9999.000,9999.000,9999.000,9999.000
202603071230,   8.237,9999.000,9999.000,9999.000,9999.000,9999.000,9999.000,9999.000,9999.000
202603071236,   8.118,9999.000,9999.000,9999.000,9999.000,9999.000,9999.000,9999.000,9999.000
202603071242,   7.991,9999.000,9999.000,9999.000,9999.000,9999.000,9999.000,9999.000,9999.000
202603071248,   7.855,9999.000,9999.000,9999.000,9999.000,9999.000,9999.000,9999.000,9999.000
202603071254,   7.713,9999.000,9999.000,9999.000,9999.000,9999.000,9999.000,9999.000,9999.000
202603071300,   7.563,9999.000,   0.100,   0.008,   7.671,   0.000,   7.571,   0.100,   7.671
202603071306,   7.406,9999.000,9999.000,9999.000,9999.000,9999.000,9999.000,9999.000,9999.000
202603071312,   7.244,9999.000,9999.000,9999.000,9999.000,9999.000,9999.000,9999.000,9999.000
202603071318,   7.075,9999.000,9999.000,9999.000,9999.000,9999.000,9999.000,9999.000,9999.000
202603071324,   6.901,9999.000,9999.000,9999.000,9999.000,9999.000,9999.000,9999.000,9999.000
202603071330,   6.723,9999.000,9999.000,9999.000,9999.000,9999.000,9999.000,9999.000,9999.000
202603071336,   6.540,9999.000,9999.000,9999.000,9999.000,9999.000,9999.000,9999.000,9999.000
202603071342,   6.353,9999.000,9999.000,9999.000,9999.000,9999.000,9999.000,9999.000,9999.000
202603071348,   6.163,9999.000,9999.000,9999.000,9999.000,9999.000,9999.000,9999.000,9999.000
202603071354,   5.970,9999.000,9999.000,9999.000,9999.000,9999.000,9999.000,9999.000,9999.000
202603071400,   5.775,9999.000,   0.000,   0.008,   5.783,   0.000,   5.783,   0.100,   5.883
202603071406,   5.579,9999.000,9999.000,9999.000,9999.000,9999.000,9999.000,9999.000,9999.000
202603071412,   5.381,9999.000,9999.000,9999.000,9999.000,9999.000,9999.000,9999.000,9999.000
202603071418,   5.183,9999.000,9999.000,9999.000,9999.000,9999.000,9999.000,9999.000,9999.000
202603071424,   4.985,9999.000,9999.000,9999.000,9999.000,9999.000,9999.000,9999.000,9999.000
202603071430,   4.786,9999.000,9999.000,9999.000,9999.000,9999.000,9999.000,9999.000,9999.000
202603071436,   4.589,9999.000,9999.000,9999.000,9999.000,9999.000,9999.000,9999.000,9999.000
202603071442,   4.393,9999.000,9999.000,9999.000,9999.000,9999.000,9999.000,9999.000,9999.000
202603071448,   4.199,9999.000,9999.000,9999.000,9999.000,9999.000,9999.000,9999.000,9999.000
202603071454,   4.006,9999.000,9999.000,9999.000,9999.000,9999.000,9999.000,9999.000,9999.000
202603071500,   3.817,9999.000,   0.100,   0.008,   3.925,   0.000,   3.825,   0.100,   3.925
202603071506,   3.630,9999.000,9999.000,9999.000,9999.000,9999.000,9999.000,9999.000,9999.000
202603071512,   3.446,9999.000,9999.000,9999.000,9999.000,9999.000,9999.000,9999.000,9999.000
202603071518,   3.265,9999.000,9999.000,9999.000,9999.000,9999.000,9999.000,9999.000,9999.000
202603071524,   3.089,9999.000,9999.000,9999.000,9999.000,9999.000,9999.000,9999.000,9999.000
202603071530,   2.916,9999.000,9999.000,9999.000,9999.000,9999.000,9999.000,9999.000,9999.000
202603071536,   2.748,9999.000,9999.000,9999.000,9999.000,9999.000,9999.000,9999.000,9999.000
202603071542,   2.585,9999.000,9999.000,9999.000,9999.000,9999.000,9999.000,9999.000,9999.000
202603071548,   2.426,9999.000,9999.000,9999.000,9999.000,9999.000,9999.000,9999.000,9999.000
202603071554,   2.273,9999.000,9999.000,9999.000,9999.000,9999.000,9999.000,9999.000,9999.000
202603071600,   2.124,9999.000,   0.100,   0.008,   2.232,   0.000,   2.132,   0.100,   2.232
202603071606,   1.981,9999.000,9999.000,9999.000,9999.000,9999.000,9999.000,9999.000,9999.000
202603071612,   1.844,9999.000,9999.000,9999.000,9999.000,9999.000,9999.000,9999.000,9999.000
202603071618,   1.713,9999.000,9999.000,9999.000,9999.000,9999.000,9999.000,9999.000,9999.000
202603071624,   1.588,9999.000,9999.000,9999.000,9999.000,9999.000,9999.000,9999.000,9999.000
202603071630,   1.469,9999.000,9999.000,9999.000,9999.000,9999.000,9999.000,9999.000,9999.000
202603071636,   1.357,9999.000,9999.000,9999.000,9999.000,9999.000,9999.000,9999.000,9999.000
202603071642,   1.251,9999.000,9999.000,9999.000,9999.000,9999.000,9999.000,9999.000,9999.000
202603071648,   1.153,9999.000,9999.000,9999.000,9999.000,9999.000,9999.000,9999.000,9999.000
202603071654,   1.062,9999.000,9999.000,9999.000,9999.000,9999.000,9999.000,9999.000,9999.000
202603071700,   0.978,9999.000,   0.100,   0.008,   1.086,   0.000,   0.986,   0.100,   1.086
202603071706,   0.901,9999.000,9999.000,9999.000,9999.000,9999.000,9999.000,9999.000,9999.000
202603071712,   0.833,9999.000,9999.000,9999.000,9999.000,9999.000,9999.000,9999.000,9999.000
202603071718,   0.773,9999.000,9999.000,9999.000,9999.000,9999.000,9999.000,9999.000,9999.000
202603071724,   0.721,9999.000,9999.000,9999.000,9999.000,9999.000,9999.000,9999.000,9999.000
202603071730,   0.677,9999.000,9999.000,9999.000,9999.000,9999.000,9999.000,9999.000,9999.000
202603071736,   0.642,9999.000,9999.000,9999.000,9999.000,9999.000,9999.000,9999.000,9999.000
202603071742,   0.616,9999.000,9999.000,9999.000,9999.000,9999.000,9999.000,9999.000,9999.000
202603071748,   0.599,9999.000,9999.000,9999.000,9999.000,9999.000,9999.000,9999.000,9999.000
202603071754,   0.591,9999.000,9999.000,9999.000,9999.000,9999.000,9999.000,9999.000,9999.000
202603071800,   0.593,9999.000,   0.000,   0.008,   0.601,   0.000,   0.601,   0.100,   0.701
202603071806,   0.604,9999.000,9999.000,9999.000,9999.000,9999.000,9999.000,9999.000,9999.000
202603071812,   0.624,9999.000,9999.000,9999.000,9999.000,9999.000,9999.000,9999.000,9999.000
202603071818,   0.654,9999.000,9999.000,9999.000,9999.000,9999.000,9999.000,9999.000,9999.000
202603071824,   0.693,9999.000,9999.000,9999.000,9999.000,9999.000,9999.000,9999.000,9999.000
202603071830,   0.741,9999.000,9999.000,9999.000,9999.000,9999.000,9999.000,9999.000,9999.000
202603071836,   0.799,9999.000,9999.000,9999.000,9999.000,9999.000,9999.000,9999.000,9999.000
202603071842,   0.865,9999.000,9999.000,9999.000,9999.000,9999.000,9999.000,9999.000,9999.000
202603071848,   0.941,9999.000,9999.000,9999.000,9999.000,9999.000,9999.000,9999.000,9999.000
202603071854,   1.025,9999.000,9999.000,9999.000,9999.000,9999.000,9999.000,9999.000,9999.000
202603071900,   1.118,9999.000,   0.000,   0.008,   1.126,   0.000,   1.126,   0.100,   1.226
202603071906,   1.218,9999.000,9999.000,9999.000,9999.000,9999.000,9999.000,9999.000,9999.000
202603071912,   1.327,9999.000,9999.000,9999.000,9999.000,9999.000,9999.000,9999.000,9999.000
202603071918,   1.442,9999.000,9999.000,9999.000,9999.000,9999.000,9999.000,9999.000,9999.000
202603071924,   1.565,9999.000,9999.000,9999.000,9999.000,9999.000,9999.000,9999.000,9999.000
202603071930,   1.693,9999.000,9999.000,9999.000,9999.000,9999.000,9999.000,9999.000,9999.000
202603071936,   1.828,9999.000,9999.000,9999.000,9999.000,9999.000,9999.000,9999.000,9999.000
202603071942,   1.969,9999.000,9999.000,9999.000,9999.000,9999.000,9999.000,9999.000,9999.000
202603071948,   2.114,9999.000,9999.000,9999.000,9999.000,9999.000,9999.000,9999.000,9999.000
202603071954,   2.263,9999.000,9999.000,9999.000,9999.000,9999.000,9999.000,9999.000,9999.000
202603072000,   2.417,9999.000,   0.000,   0.008,   2.425,   0.000,   2.425,   0.100,   2.525
202603072006,   2.574,9999.000,9999.000,9999.000,9999.000,9999.000,9999.000,9999.000,9999.000
202603072012,   2.734,9999.000,9999.000,9999.000,9999.000,9999.000,9999.000,9999.000,9999.000
202603072018,   2.896,9999.000,9999.000,9999.000,9999.000,9999.000,9999.000,9999.000,9999.000
202603072024,   3.060,9999.000,9999.000,9999.000,9999.000,9999.000,9999.000,9999.000,9999.000
202603072030,   3.226,9999.000,9999.000,9999.000,9999.000,9999.000,9999.000,9999.000,9999.000
202603072036,   3.392,9999.000,9999.000,9999.000,9999.000,9999.000,9999.000,9999.000,9999.000
202603072042,   3.559,9999.000,9999.000,9999.000,9999.000,9999.000,9999.000,9999.000,9999.000
202603072048,   3.726,9999.000,9999.000,9999.000,9999.000,9999.000,9999.000,9999.000,9999.000
202603072054,   3.893,9999.000,9999.000,9999.000,9999.000,9999.000,9999.000,9999.000,9999.000
202603072100,   4.059,9999.000,   0.000,   0.008,   4.067,   0.000,   4.067,   0.100,   4.167
202603072106,   4.224,9999.000,9999.000,9999.000,9999.000,9999.000,9999.000,9999.000,9999.000
202603072112,   4.387,9999.000,9999.000,9999.000,9999.000,9999.000,9999.000,9999.000,9999.000
202603072118,   4.548,9999.000,9999.000,9999.000,9999.000,9999.000,9999.000,9999.000,9999.000
202603072124,   4.708,9999.000,9999.000,9999.000,9999.000,9999.000,9999.000,9999.000,9999.000
202603072130,   4.865,9999.000,9999.000,9999.000,9999.000,9999.000,9999.000,9999.000,9999.000
202603072136,   5.019,9999.000,9999.000,9999.000,9999.000,9999.000,9999.000,9999.000,9999.000
202603072142,   5.170,9999.000,9999.000,9999.000,9999.000,9999.000,9999.000,9999.000,9999.000
202603072148,   5.318,9999.000,9999.000,9999.000,9999.000,9999.000,9999.000,9999.000,9999.000
202603072154,   5.462,9999.000,9999.000,9999.000,9999.000,9999.000,9999.000,9999.000,9999.000
202603072200,   5.602,9999.000,   0.000,   0.008,   5.610,   0.000,   5.610,   0.100,   5.710
202603072206,   5.738,9999.000,9999.000,9999.000,9999.000,9999.000,9999.000,9999.000,9999.000
202603072212,   5.870,9999.000,9999.000,9999.000,9999.000,9999.000,9999.000,9999.000,9999.000
202603072218,   5.998,9999.000,9999.000,9999.000,9999.000,9999.000,9999.000,9999.000,9999.000
202603072224,   6.120,9999.000,9999.000,9999.000,9999.000,9999.000,9999.000,9999.000,9999.000
202603072230,   6.237,9999.000,9999.000,9999.000,9999.000,9999.000,9999.000,9999.000,9999.000
202603072236,   6.349,9999.000,9999.000,9999.000,9999.000,9999.000,9999.000,9999.000,9999.000
202603072242,   6.456,9999.000,9999.000,9999.000,9999.000,9999.000,9999.000,9999.000,9999.000
202603072248,   6.556,9999.000,9999.000,9999.000,9999.000,9999.000,9999.000,9999.000,9999.000
202603072254,   6.650,9999.000,9999.000,9999.000,9999.000,9999.000,9999.000,9999.000,9999.000
202603072300,   6.738,9999.000,   0.000,   0.008,   6.746,   0.000,   6.746,   0.100,   6.846
202603072306,   6.819,9999.000,9999.000,9999.000,9999.000,9999.000,9999.000,9999.000,9999.000
202603072312,   6.893,9999.000,9999.000,9999.000,9999.000,9999.000,9999.000,9999.000,9999.000
202603072318,   6.960,9999.000,9999.000,9999.000,9999.000,9999.000,9999.000,9999.000,9999.000
202603072324,   7.020,9999.000,9999.000,9999.000,9999.000,9999.000,9999.000,9999.000,9999.000
202603072330,   7.072,9999.000,9999.000,9999.000,9999.000,9999.000,9999.000,9999.000,9999.000
202603072336,   7.117,9999.000,9999.000,9999.000,9999.000,9999.000,9999.000,9999.000,9999.000
202603072342,   7.153,9999.000,9999.000,9999.000,9999.000,9999.000,9999.000,9999.000,9999.000
202603072348,   7.181,9999.000,9999.000,9999.000,9999.000,9999.000,9999.000,9999.000,9999.000
202603072354,   7.201,9999.000,9999.000,9999.000,9999.000,9999.000,9999.000,9999.000,9999.000
202603080000,   7.213,9999.000,   0.000,   0.008,   7.221,   0.000,   7.221,   0.100,   7.321
202603080006,   7.216,9999.000,9999.000,9999.000,9999.000,9999.000,9999.000,9999.000,9999.000
202603080012,   7.210,9999.000,9999.000,9999.000,9999.000,9999.000,9999.000,9999.000,9999.000
202603080018,   7.196,9999.000,9999.000,9999.000,9999.000,9999.000,9999.000,9999.000,9999.000
202603080024,   7.174,9999.000,9999.000,9999.000,9999.000,9999.000,9999.000,9999.000,9999.000
202603080030,   7.143,9999.000,9999.000,9999.000,9999.000,9999.000,9999.000,9999.000,9999.000
202603080036,   7.104,9999.000,9999.000,9999.000,9999.000,9999.000,9999.000,9999.000,9999.000
202603080042,   7.056,9999.000,9999.000,9999.000,9999.000,9999.000,9999.000,9999.000,9999.000
202603080048,   7.000,9999.000,9999.000,9999.000,9999.000,9999.000,9999.000,9999.000,9999.000
202603080054,   6.937,9999.000,9999.000,9999.000,9999.000,9999.000,9999.000,9999.000,9999.000
202603080100,   6.865,9999.000,   0.000,   0.008,   6.873,   0.000,   6.873,   0.100,   6.973
202603080106,   6.786,9999.000,9999.000,9999.000,9999.000,9999.000,9999.000,9999.000,9999.000
202603080112,   6.700,9999.000,9999.000,9999.000,9999.000,9999.000,9999.000,9999.000,9999.000
202603080118,   6.606,9999.000,9999.000,9999.000,9999.000,9999.000,9999.000,9999.000,9999.000
202603080124,   6.507,9999.000,9999.000,9999.000,9999.000,9999.000,9999.000,9999.000,9999.000
202603080130,   6.401,9999.000,9999.000,9999.000,9999.000,9999.000,9999.000,9999.000,9999.000
202603080136,   6.289,9999.000,9999.000,9999.000,9999.000,9999.000,9999.000,9999.000,9999.000
202603080142,   6.171,9999.000,9999.000,9999.000,9999.000,9999.000,9999.000,9999.000,9999.000
202603080148,   6.049,9999.000,9999.000,9999.000,9999.000,9999.000,9999.000,9999.000,9999.000
202603080154,   5.922,9999.000,9999.000,9999.000,9999.000,9999.000,9999.000,9999.000,9999.000
202603080200,   5.792,9999.000,   0.000,   0.008,   5.800,   0.000,   5.800,   0.100,   5.900
202603080206,   5.657,9999.000,9999.000,9999.000,9999.000,9999.000,9999.000,9999.000,9999.000
202603080212,   5.520,9999.000,9999.000,9999.000,9999.000,9999.000,9999.000,9999.000,9999.000
202603080218,   5.380,9999.000,9999.000,9999.000,9999.000,9999.000,9999.000,9999.000,9999.000
202603080224,   5.238,9999.000,9999.000,9999.000,9999.000,9999.000,9999.000,9999.000,9999.000
202603080230,   5.094,9999.000,9999.000,9999.000,9999.000,9999.000,9999.000,9999.000,9999.000
202603080236,   4.950,9999.000,9999.000,9999.000,9999.000,9999.000,9999.000,9999.000,9999.000
202603080242,   4.804,9999.000,9999.000,9999.000,9999.000,9999.000,9999.000,9999.000,9999.000
202603080248,   4.659,9999.000,9999.000,9999.000,9999.000,9999.000,9999.000,9999.000,9999.000
202603080254,   4.515,9999.000,9999.000,9999.000,9999.000,9999.000,9999.000,9999.000,9999.000
202603080300,   4.371,9999.000,   0.100,   0.008,   4.479,   0.000,   4.379,   0.100,   4.479
202603080306,   4.228,9999.000,9999.000,9999.000,9999.000,9999.000,9999.000,9999.000,9999.000
202603080312,   4.087,9999.000,9999.000,9999.000,9999.000,9999.000,9999.000,9999.000,9999.000
202603080318,   3.949,9999.000,9999.000,9999.000,9999.000,9999.000,9999.000,9999.000,9999.000
202603080324,   3.813,9999.000,9999.000,9999.000,9999.000,9999.000,9999.000,9999.000,9999.000
202603080330,   3.680,9999.000,9999.000,9999.000,9999.000,9999.000,9999.000,9999.000,9999.000
202603080336,   3.551,9999.000,9999.000,9999.000,9999.000,9999.000,9999.000,9999.000,9999.000
202603080342,   3.425,9999.000,9999.000,9999.000,9999.000,9999.000,9999.000,9999.000,9999.000
202603080348,   3.303,9999.000,9999.000,9999.000,9999.000,9999.000,9999.000,9999.000,9999.000
202603080354,   3.185,9999.000,9999.000,9999.000,9999.000,9999.000,9999.000,9999.000,9999.000
202603080400,   3.072,9999.000,   0.100,   0.008,   3.180,   0.000,   3.080,   0.100,   3.180
202603080406,   2.964,9999.000,9999.000,9999.000,9999.000,9999.000,9999.000,9999.000,9999.000
202603080412,   2.861,9999.000,9999.000,9999.000,9999.000,9999.000,9999.000,9999.000,9999.000
202603080418,   2.763,9999.000,9999.000,9999.000,9999.000,9999.000,9999.000,9999.000,9999.000
202603080424,   2.671,9999.000,9999.000,9999.000,9999.000,9999.000,9999.000,9999.000,9999.000
202603080430,   2.585,9999.000,9999.000,9999.000,9999.000,9999.000,9999.000,9999.000,9999.000
202603080436,   2.504,9999.000,9999.000,9999.000,9999.000,9999.000,9999.000,9999.000,9999.000
202603080442,   2.430,9999.000,9999.000,9999.000,9999.000,9999.000,9999.000,9999.000,9999.000
202603080448,   2.362,9999.000,9999.000,9999.000,9999.000,9999.000,9999.000,9999.000,9999.000
202603080454,   2.300,9999.000,9999.000,9999.000,9999.000,9999.000,9999.000,9999.000,9999.000
202603080500,   2.246,9999.000,   0.000,   0.008,   2.254,   0.000,   2.254,   0.100,   2.354
202603080506,   2.198,9999.000,9999.000,9999.000,9999.000,9999.000,9999.000,9999.000,9999.000
202603080512,   2.157,9999.000,9999.000,9999.000,9999.000,9999.000,9999.000,9999.000,9999.000
202603080518,   2.124,9999.000,9999.000,9999.000,9999.000,9999.000,9999.000,9999.000,9999.000
202603080524,   2.098,9999.000,9999.000,9999.000,9999.000,9999.000,9999.000,9999.000,9999.000
202603080530,   2.080,9999.000,9999.000,9999.000,9999.000,9999.000,9999.000,9999.000,9999.000
202603080536,   2.070,9999.000,9999.000,9999.000,9999.000,9999.000,9999.000,9999.000,9999.000
202603080542,   2.067,9999.000,9999.000,9999.000,9999.000,9999.000,9999.000,9999.000,9999.000
202603080548,   2.073,9999.000,9999.000,9999.000,9999.000,9999.000,9999.000,9999.000,9999.000
202603080554,   2.087,9999.000,9999.000,9999.000,9999.000,9999.000,9999.000,9999.000,9999.000
202603080600,   2.110,9999.000,   0.000,   0.008,   2.118,   0.000,   2.118,   0.100,   2.218
202603080606,   2.141,9999.000,9999.000,9999.000,9999.000,9999.000,9999.000,9999.000,9999.000
202603080612,   2.181,9999.000,9999.000,9999.000,9999.000,9999.000,9999.000,9999.000,9999.000
202603080618,   2.230,9999.000,9999.000,9999.000,9999.000,9999.000,9999.000,9999.000,9999.000
202603080624,   2.287,9999.000,9999.000,9999.000,9999.000,9999.000,9999.000,9999.000,9999.000
202603080630,   2.353,9999.000,9999.000,9999.000,9999.000,9999.000,9999.000,9999.000,9999.000
202603080636,   2.427,9999.000,9999.000,9999.000,9999.000,9999.000,9999.000,9999.000,9999.000
202603080642,   2.510,9999.000,9999.000,9999.000,9999.000,9999.000,9999.000,9999.000,9999.000
202603080648,   2.602,9999.000,9999.000,9999.000,9999.000,9999.000,9999.000,9999.000,9999.000
202603080654,   2.702,9999.000,9999.000,9999.000,9999.000,9999.000,9999.000,9999.000,9999.000
202603080700,   2.810,9999.000,   0.100,   0.008,   2.918,   0.000,   2.818,   0.100,   2.918
202603080706,   2.926,9999.000,9999.000,9999.000,9999.000,9999.000,9999.000,9999.000,9999.000
202603080712,   3.050,9999.000,9999.000,9999.000,9999.000,9999.000,9999.000,9999.000,9999.000
202603080718,   3.181,9999.000,9999.000,9999.000,9999.000,9999.000,9999.000,9999.000,9999.000
202603080724,   3.318,9999.000,9999.000,9999.000,9999.000,9999.000,9999.000,9999.000,9999.000
202603080730,   3.463,9999.000,9999.000,9999.000,9999.000,9999.000,9999.000,9999.000,9999.000
202603080736,   3.613,9999.000,9999.000,9999.000,9999.000,9999.000,9999.000,9999.000,9999.000
202603080742,   3.768,9999.000,9999.000,9999.000,9999.000,9999.000,9999.000,9999.000,9999.000
202603080748,   3.929,9999.000,9999.000,9999.000,9999.000,9999.000,9999.000,9999.000,9999.000
202603080754,   4.094,9999.000,9999.000,9999.000,9999.000,9999.000,9999.000,9999.000,9999.000
202603080800,   4.263,9999.000,   0.100,   0.008,   4.371,   0.000,   4.271,   0.100,   4.371
202603080806,   4.435,9999.000,9999.000,9999.000,9999.000,9999.000,9999.000,9999.000,9999.000
202603080812,   4.610,9999.000,9999.000,9999.000,9999.000,9999.000,9999.000,9999.000,9999.000
202603080818,   4.786,9999.000,9999.000,9999.000,9999.000,9999.000,9999.000,9999.000,9999.000
202603080824,   4.965,9999.000,9999.000,9999.000,9999.000,9999.000,9999.000,9999.000,9999.000
202603080830,   5.144,9999.000,9999.000,9999.000,9999.000,9999.000,9999.000,9999.000,9999.000
202603080836,   5.324,9999.000,9999.000,9999.000,9999.000,9999.000,9999.000,9999.000,9999.000
202603080842,   5.503,9999.000,9999.000,9999.000,9999.000,9999.000,9999.000,9999.000,9999.000
202603080848,   5.681,9999.000,9999.000,9999.000,9999.000,9999.000,9999.000,9999.000,9999.000
202603080854,   5.858,9999.000,9999.000,9999.000,9999.000,9999.000,9999.000,9999.000,9999.000
202603080900,   6.034,9999.000,   0.100,   0.008,   6.142,   0.000,   6.042,   0.100,   6.142
202603080906,   6.206,9999.000,9999.000,9999.000,9999.000,9999.000,9999.000,9999.000,9999.000
202603080912,   6.376,9999.000,9999.000,9999.000,9999.000,9999.000,9999.000,9999.000,9999.000
202603080918,   6.543,9999.000,9999.000,9999.000,9999.000,9999.000,9999.000,9999.000,9999.000
202603080924,   6.706,9999.000,9999.000,9999.000,9999.000,9999.000,9999.000,9999.000,9999.000
202603080930,   6.865,9999.000,9999.000,9999.000,9999.000,9999.000,9999.000,9999.000,9999.000
202603080936,   7.019,9999.000,9999.000,9999.000,9999.000,9999.000,9999.000,9999.000,9999.000
202603080942,   7.169,9999.000,9999.000,9999.000,9999.000,9999.000,9999.000,9999.000,9999.000
202603080948,   7.313,9999.000,9999.000,9999.000,9999.000,9999.000,9999.000,9999.000,9999.000
202603080954,   7.452,9999.000,9999.000,9999.000,9999.000,9999.000,9999.000,9999.000,9999.000
202603081000,   7.586,9999.000,   0.100,   0.008,   7.694,   0.000,   7.594,   0.100,   7.694
202603081006,   7.713,9999.000,9999.000,9999.000,9999.000,9999.000,9999.000,9999.000,9999.000
202603081012,   7.835,9999.000,9999.000,9999.000,9999.000,9999.000,9999.000,9999.000,9999.000
202603081018,   7.950,9999.000,9999.000,9999.000,9999.000,9999.000,9999.000,9999.000,9999.000
202603081024,   8.058,9999.000,9999.000,9999.000,9999.000,9999.000,9999.000,9999.000,9999.000
202603081030,   8.160,9999.000,9999.000,9999.000,9999.000,9999.000,9999.000,9999.000,9999.000
202603081036,   8.255,9999.000,9999.000,9999.000,9999.000,9999.000,9999.000,9999.000,9999.000
202603081042,   8.343,9999.000,9999.000,9999.000,9999.000,9999.000,9999.000,9999.000,9999.000
202603081048,   8.424,9999.000,9999.000,9999.000,9999.000,9999.000,9999.000,9999.000,9999.000
202603081054,   8.497,9999.000,9999.000,9999.000,9999.000,9999.000,9999.000,9999.000,9999.000
202603081100,   8.562,9999.000,   0.100,   0.008,   8.670,   0.000,   8.570,   0.200,   8.770
202603081106,   8.620,9999.000,9999.000,9999.000,9999.000,9999.000,9999.000,9999.000,9999.000
202603081112,   8.670,9999.000,9999.000,9999.000,9999.000,9999.000,9999.000,9999.000,9999.000
202603081118,   8.712,9999.000,9999.000,9999.000,9999.000,9999.000,9999.000,9999.000,9999.000
202603081124,   8.746,9999.000,9999.000,9999.000,9999.000,9999.000,9999.000,9999.000,9999.000
202603081130,   8.772,9999.000,9999.000,9999.000,9999.000,9999.000,9999.000,9999.000,9999.000
202603081136,   8.789,9999.000,9999.000,9999.000,9999.000,9999.000,9999.000,9999.000,9999.000
202603081142,   8.798,9999.000,9999.000,9999.000,9999.000,9999.000,9999.000,9999.000,9999.000
202603081148,   8.798,9999.000,9999.000,9999.000,9999.000,9999.000,9999.000,9999.000,9999.000
202603081154,   8.790,9999.000,9999.000,9999.000,9999.000,9999.000,9999.000,9999.000,9999.000
202603081200,   8.773,9999.000,   0.100,   0.008,   8.881,   0.100,   8.881,   0.200,   8.981
202603081206,   8.747,9999.000,9999.000,9999.000,9999.000,9999.000,9999.000,9999.000,9999.000
202603081212,   8.712,9999.000,9999.000,9999.000,9999.000,9999.000,9999.000,9999.000,9999.000
202603081218,   8.668,9999.000,9999.000,9999.000,9999.000,9999.000,9999.000,9999.000,9999.000
202603081224,   8.616,9999.000,9999.000,9999.000,9999.000,9999.000,9999.000,9999.000,9999.000
202603081230,   8.555,9999.000,9999.000,9999.000,9999.000,9999.000,9999.000,9999.000,9999.000
202603081236,   8.485,9999.000,9999.000,9999.000,9999.000,9999.000,9999.000,9999.000,9999.000
202603081242,   8.407,9999.000,9999.000,9999.000,9999.000,9999.000,9999.000,9999.000,9999.000
202603081248,   8.320,9999.000,9999.000,9999.000,9999.000,9999.000,9999.000,9999.000,9999.000
202603081254,   8.225,9999.000,9999.000,9999.000,9999.000,9999.000,9999.000,9999.000,9999.000
202603081300,   8.122,9999.000,   0.100,   0.008,   8.230,   0.100,   8.230,   0.200,   8.330
202603081306,   8.010,9999.000,9999.000,9999.000,9999.000,9999.000,9999.000,9999.000,9999.000
202603081312,   7.892,9999.000,9999.000,9999.000,9999.000,9999.000,9999.000,9999.000,9999.000
202603081318,   7.765,9999.000,9999.000,9999.000,9999.000,9999.000,9999.000,9999.000,9999.000
202603081324,   7.632,9999.000,9999.000,9999.000,9999.000,9999.000,9999.000,9999.000,9999.000
202603081330,   7.492,9999.000,9999.000,9999.000,9999.000,9999.000,9999.000,9999.000,9999.000
202603081336,   7.346,9999.000,9999.000,9999.000,9999.000,9999.000,9999.000,9999.000,9999.000
202603081342,   7.193,9999.000,9999.000,9999.000,9999.000,9999.000,9999.000,9999.000,9999.000
202603081348,   7.035,9999.000,9999.000,9999.000,9999.000,9999.000,9999.000,9999.000,9999.000
202603081354,   6.872,9999.000,9999.000,9999.000,9999.000,9999.000,9999.000,9999.000,9999.000
202603081400,   6.704,9999.000,   0.100,   0.008,   6.812,   0.000,   6.712,   0.200,   6.912
202603081406,   6.532,9999.000,9999.000,9999.000,9999.000,9999.000,9999.000,9999.000,9999.000
202603081412,   6.356,9999.000,9999.000,9999.000,9999.000,9999.000,9999.000,9999.000,9999.000
202603081418,   6.177,9999.000,9999.000,9999.000,9999.000,9999.000,9999.000,9999.000,9999.000
202603081424,   5.994,9999.000,9999.000,9999.000,9999.000,9999.000,9999.000,9999.000,9999.000
202603081430,   5.810,9999.000,9999.000,9999.000,9999.000,9999.000,9999.000,9999.000,9999.000
202603081436,   5.624,9999.000,9999.000,9999.000,9999.000,9999.000,9999.000,9999.000,9999.000
202603081442,   5.436,9999.000,9999.000,9999.000,9999.000,9999.000,9999.000,9999.000,9999.000
202603081448,   5.248,9999.000,9999.000,9999.000,9999.000,9999.000,9999.000,9999.000,9999.000
202603081454,   5.059,9999.000,9999.000,9999.000,9999.000,9999.000,9999.000,9999.000,9999.000
202603081500,   4.871,9999.000,   0.200,   0.008,   5.079,   0.100,   4.979,   0.300,   5.179
202603081506,   4.683,9999.000,9999.000,9999.000,9999.000,9999.000,9999.000,9999.000,9999.000
202603081512,   4.496,9999.000,9999.000,9999.000,9999.000,9999.000,9999.000,9999.000,9999.000
202603081518,   4.311,9999.000,9999.000,9999.000,9999.000,9999.000,9999.000,9999.000,9999.000
202603081524,   4.127,9999.000,9999.000,9999.000,9999.000,9999.000,9999.000,9999.000,9999.000
202603081530,   3.947,9999.000,9999.000,9999.000,9999.000,9999.000,9999.000,9999.000,9999.000
202603081536,   3.768,9999.000,9999.000,9999.000,9999.000,9999.000,9999.000,9999.000,9999.000
202603081542,   3.593,9999.000,9999.000,9999.000,9999.000,9999.000,9999.000,9999.000,9999.000
202603081548,   3.422,9999.000,9999.000,9999.000,9999.000,9999.000,9999.000,9999.000,9999.000
202603081554,   3.254,9999.000,9999.000,9999.000,9999.000,9999.000,9999.000,9999.000,9999.000
202603081600,   3.090,9999.000,   0.200,   0.008,   3.298,   0.100,   3.198,   0.300,   3.398
202603081606,   2.931,9999.000,9999.000,9999.000,9999.000,9999.000,9999.000,9999.000,9999.000
202603081612,   2.776,9999.000,9999.000,9999.000,9999.000,9999.000,9999.000,9999.000,9999.000
202603081618,   2.626,9999.000,9999.000,9999.000,9999.000,9999.000,9999.000,9999.000,9999.000
202603081624,   2.480,9999.000,9999.000,9999.000,9999.000,9999.000,9999.000,9999.000,9999.000
202603081630,   2.340,9999.000,9999.000,9999.000,9999.000,9999.000,9999.000,9999.000,9999.000
202603081636,   2.205,9999.000,9999.000,9999.000,9999.000,9999.000,9999.000,9999.000,9999.000
202603081642,   2.076,9999.000,9999.000,9999.000,9999.000,9999.000,9999.000,9999.000,9999.000
202603081648,   1.952,9999.000,9999.000,9999.000,9999.000,9999.000,9999.000,9999.000,9999.000
202603081654,   1.834,9999.000,9999.000,9999.000,9999.000,9999.000,9999.000,9999.000,9999.000
202603081700,   1.722,9999.000,   0.200,   0.008,   1.930,   0.100,   1.830,   0.300,   2.030
202603081706,   1.615,9999.000,9999.000,9999.000,9999.000,9999.000,9999.000,9999.000,9999.000
202603081712,   1.515,9999.000,9999.000,9999.000,9999.000,9999.000,9999.000,9999.000,9999.000
202603081718,   1.421,9999.000,9999.000,9999.000,9999.000,9999.000,9999.000,9999.000,9999.000
202603081724,   1.333,9999.000,9999.000,9999.000,9999.000,9999.000,9999.000,9999.000,9999.000
202603081730,   1.251,9999.000,9999.000,9999.000,9999.000,9999.000,9999.000,9999.000,9999.000
202603081736,   1.176,9999.000,9999.000,9999.000,9999.000,9999.000,9999.000,9999.000,9999.000
202603081742,   1.108,9999.000,9999.000,9999.000,9999.000,9999.000,9999.000,9999.000,9999.000
202603081748,   1.046,9999.000,9999.000,9999.000,9999.000,9999.000,9999.000,9999.000,9999.000
202603081754,   0.992,9999.000,9999.000,9999.000,9999.000,9999.000,9999.000,9999.000,9999.000
202603081800,   0.944,9999.000,   0.200,   0.008,   1.152,   0.100,   1.052,   0.300,   1.252
202603081806,   0.904,9999.000,9999.000,9999.000,9999.000,9999.000,9999.000,9999.000,9999.000
202603081812,   0.871,9999.000,9999.000,9999.000,9999.000,9999.000,9999.000,9999.000,9999.000
202603081818,   0.845,9999.000,9999.000,9999.000,9999.000,9999.000,9999.000,9999.000,9999.000
202603081824,   0.827,9999.000,9999.000,9999.000,9999.000,9999.000,9999.000,9999.000,9999.000
202603081830,   0.817,9999.000,9999.000,9999.000,9999.000,9999.000,9999.000,9999.000,9999.000
202603081836,   0.814,9999.000,9999.000,9999.000,9999.000,9999.000,9999.000,9999.000,9999.000
202603081842,   0.820,9999.000,9999.000,9999.000,9999.000,9999.000,9999.000,9999.000,9999.000
202603081848,   0.833,9999.000,9999.000,9999.000,9999.000,9999.000,9999.000,9999.000,9999.000
202603081854,   0.854,9999.000,9999.000,9999.000,9999.000,9999.000,9999.000,9999.000,9999.000
202603081900,   0.883,9999.000,   0.200,   0.008,   1.091,   0.100,   0.991,   0.300,   1.191
202603081906,   0.921,9999.000,9999.000,9999.000,9999.000,9999.000,9999.000,9999.000,9999.000
202603081912,   0.966,9999.000,9999.000,9999.000,9999.000,9999.000,9999.000,9999.000,9999.000
202603081918,   1.019,9999.000,9999.000,9999.000,9999.000,9999.000,9999.000,9999.000,9999.000
202603081924,   1.079,9999.000,9999.000,9999.000,9999.000,9999.000,9999.000,9999.000,9999.000
202603081930,   1.148,9999.000,9999.000,9999.000,9999.000,9999.000,9999.000,9999.000,9999.000
202603081936,   1.223,9999.000,9999.000,9999.000,9999.000,9999.000,9999.000,9999.000,9999.000
202603081942,   1.306,9999.000,9999.000,9999.000,9999.000,9999.000,9999.000,9999.000,9999.000
202603081948,   1.396,9999.000,9999.000,9999.000,9999.000,9999.000,9999.000,9999.000,9999.000
202603081954,   1.492,9999.000,9999.000,9999.000,9999.000,9999.000,9999.000,9999.000,9999.000
202603082000,   1.594,9999.000,   0.200,   0.008,   1.802,   0.100,   1.702,   0.300,   1.902
202603082006,   1.702,9999.000,9999.000,9999.000,9999.000,9999.000,9999.000,9999.000,9999.000
202603082012,   1.816,9999.000,9999.000,9999.000,9999.000,9999.000,9999.000,9999.000,9999.000
202603082018,   1.935,9999.000,9999.000,9999.000,9999.000,9999.000,9999.000,9999.000,9999.000
202603082024,   2.058,9999.000,9999.000,9999.000,9999.000,9999.000,9999.000,9999.000,9999.000
202603082030,   2.185,9999.000,9999.000,9999.000,9999.000,9999.000,9999.000,9999.000,9999.000
202603082036,   2.317,9999.000,9999.000,9999.000,9999.000,9999.000,9999.000,9999.000,9999.000
202603082042,   2.451,9999.000,9999.000,9999.000,9999.000,9999.000,9999.000,9999.000,9999.000
202603082048,   2.589,9999.000,9999.000,9999.000,9999.000,9999.000,9999.000,9999.000,9999.000
202603082054,   2.728,9999.000,9999.000,9999.000,9999.000,9999.000,9999.000,9999.000,9999.000
202603082100,   2.870,9999.000,   0.200,   0.008,   3.078,   0.100,   2.978,   0.300,   3.178
202603082106,   3.013,9999.000,9999.000,9999.000,9999.000,9999.000,9999.000,9999.000,9999.000
202603082112,   3.157,9999.000,9999.000,9999.000,9999.000,9999.000,9999.000,9999.000,9999.000
202603082118,   3.302,9999.000,9999.000,9999.000,9999.000,9999.000,9999.000,9999.000,9999.000
202603082124,   3.447,9999.000,9999.000,9999.000,9999.000,9999.000,9999.000,9999.000,9999.000
202603082130,   3.592,9999.000,9999.000,9999.000,9999.000,9999.000,9999.000,9999.000,9999.000
202603082136,   3.736,9999.000,9999.000,9999.000,9999.000,9999.000,9999.000,9999.000,9999.000
202603082142,   3.879,9999.000,9999.000,9999.000,9999.000,9999.000,9999.000,9999.000,9999.000
202603082148,   4.022,9999.000,9999.000,9999.000,9999.000,9999.000,9999.000,9999.000,9999.000
202603082154,   4.163,9999.000,9999.000,9999.000,9999.000,9999.000,9999.000,9999.000,9999.000
202603082200,   4.302,9999.000,   0.200,   0.008,   4.510,   0.100,   4.410,   0.300,   4.610
202603082206,   4.439,9999.000,9999.000,9999.000,9999.000,9999.000,9999.000,9999.000,9999.000
202603082212,   4.574,9999.000,9999.000,9999.000,9999.000,9999.000,9999.000,9999.000,9999.000
202603082218,   4.707,9999.000,9999.000,9999.000,9999.000,9999.000,9999.000,9999.000,9999.000
202603082224,   4.837,9999.000,9999.000,9999.000,9999.000,9999.000,9999.000,9999.000,9999.000
202603082230,   4.964,9999.000,9999.000,9999.000,9999.000,9999.000,9999.000,9999.000,9999.000
202603082236,   5.088,9999.000,9999.000,9999.000,9999.000,9999.000,9999.000,9999.000,9999.000
202603082242,   5.209,9999.000,9999.000,9999.000,9999.000,9999.000,9999.000,9999.000,9999.000
202603082248,   5.327,9999.000,9999.000,9999.000,9999.000,9999.000,9999.000,9999.000,9999.000
202603082254,   5.441,9999.000,9999.000,9999.000,9999.000,9999.000,9999.000,9999.000,9999.000
202603082300,   5.551,9999.000,   0.200,   0.008,   5.759,   0.100,   5.659,   0.300,   5.859
202603082306,   5.658,9999.000,9999.000,9999.000,9999.000,9999.000,9999.000,9999.000,9999.000
202603082312,   5.760,9999.000,9999.000,9999.000,9999.000,9999.000,9999.000,9999.000,9999.000
202603082318,   5.859,9999.000,9999.000,9999.000,9999.000,9999.000,9999.000,9999.000,9999.000
202603082324,   5.952,9999.000,9999.000,9999.000,9999.000,9999.000,9999.000,9999.000,9999.000
202603082330,   6.041,9999.000,9999.000,9999.000,9999.000,9999.000,9999.000,9999.000,9999.000
202603082336,   6.126,9999.000,9999.000,9999.000,9999.000,9999.000,9999.000,9999.000,9999.000
202603082342,   6.205,9999.000,9999.000,9999.000,9999.000,9999.000,9999.000,9999.000,9999.000
202603082348,   6.279,9999.000,9999.000,9999.000,9999.000,9999.000,9999.000,9999.000,9999.000
202603082354,   6.347,9999.000,9999.000,9999.000,9999.000,9999.000,9999.000,9999.000,9999.000
202603090000,   6.410,9999.000,   0.200,   0.008,   6.618,   0.100,   6.518,   0.400,   6.818
202603090006,   6.467,9999.000,9999.000,9999.000,9999.000,9999.000,9999.000,9999.000,9999.000
202603090012,   6.518,9999.000,9999.000,9999.000,9999.000,9999.000,9999.000,9999.000,9999.000
202603090018,   6.562,9999.000,9999.000,9999.000,9999.000,9999.000,9999.000,9999.000,9999.000
202603090024,   6.600,9999.000,9999.000,9999.000,9999.000,9999.000,9999.000,9999.000,9999.000
202603090030,   6.632,9999.000,9999.000,9999.000,9999.000,9999.000,9999.000,9999.000,9999.000
202603090036,   6.657,9999.000,9999.000,9999.000,9999.000,9999.000,9999.000,9999.000,9999.000
202603090042,   6.675,9999.000,9999.000,9999.000,9999.000,9999.000,9999.000,9999.000,9999.000
202603090048,   6.686,9999.000,9999.000,9999.000,9999.000,9999.000,9999.000,9999.000,9999.000
202603090054,   6.690,9999.000,9999.000,9999.000,9999.000,9999.000,9999.000,9999.000,9999.000
202603090100,   6.686,9999.000,   0.200,   0.008,   6.894,   0.100,   6.794,   0.400,   7.094
202603090106,   6.676,9999.000,9999.000,9999.000,9999.000,9999.000,9999.000,9999.000,9999.000
202603090112,   6.658,9999.000,9999.000,9999.000,9999.000,9999.000,9999.000,9999.000,9999.000
202603090118,   6.633,9999.000,9999.000,9999.000,9999.000,9999.000,9999.000,9999.000,9999.000
202603090124,   6.602,9999.000,9999.000,9999.000,9999.000,9999.000,9999.000,9999.000,9999.000
202603090130,   6.563,9999.000,9999.000,9999.000,9999.000,9999.000,9999.000,9999.000,9999.000
202603090136,   6.517,9999.000,9999.000,9999.000,9999.000,9999.000,9999.000,9999.000,9999.000
202603090142,   6.464,9999.000,9999.000,9999.000,9999.000,9999.000,9999.000,9999.000,9999.000
202603090148,   6.405,9999.000,9999.000,9999.000,9999.000,9999.000,9999.000,9999.000,9999.000
202603090154,   6.340,9999.000,9999.000,9999.000,9999.000,9999.000,9999.000,9999.000,9999.000
202603090200,   6.268,9999.000,   0.200,   0.008,   6.476,   0.100,   6.376,   0.400,   6.676
202603090206,   6.190,9999.000,9999.000,9999.000,9999.000,9999.000,9999.000,9999.000,9999.000
202603090212,   6.107,9999.000,9999.000,9999.000,9999.000,9999.000,9999.000,9999.000,9999.000
202603090218,   6.019,9999.000,9999.000,9999.000,9999.000,9999.000,9999.000,9999.000,9999.000
202603090224,   5.926,9999.000,9999.000,9999.000,9999.000,9999.000,9999.000,9999.000,9999.000
202603090230,   5.828,9999.000,9999.000,9999.000,9999.000,9999.000,9999.000,9999.000,9999.000
202603090236,   5.726,9999.000,9999.000,9999.000,9999.000,9999.000,9999.000,9999.000,9999.000
202603090242,   5.621,9999.000,9999.000,9999.000,9999.000,9999.000,9999.000,9999.000,9999.000
202603090248,   5.512,9999.000,9999.000,9999.000,9999.000,9999.000,9999.000,9999.000,9999.000
202603090254,   5.401,9999.000,9999.000,9999.000,9999.000,9999.000,9999.000,9999.000,9999.000
202603090300,   5.287,9999.000,   0.200,   0.008,   5.495,   0.100,   5.395,   0.400,   5.695
202603090306,   5.172,9999.000,9999.000,9999.000,9999.000,9999.000,9999.000,9999.000,9999.000
202603090312,   5.054,9999.000,9999.000,9999.000,9999.000,9999.000,9999.000,9999.000,9999.000
202603090318,   4.937,9999.000,9999.000,9999.000,9999.000,9999.000,9999.000,9999.000,9999.000
202603090324,   4.818,9999.000,9999.000,9999.000,9999.000,9999.000,9999.000,9999.000,9999.000
202603090330,   4.700,9999.000,9999.000,9999.000,9999.000,9999.000,9999.000,9999.000,9999.000
202603090336,   4.582,9999.000,9999.000,9999.000,9999.000,9999.000,9999.000,9999.000,9999.000
202603090342,   4.465,9999.000,9999.000,9999.000,9999.000,9999.000,9999.000,9999.000,9999.000
202603090348,   4.349,9999.000,9999.000,9999.000,9999.000,9999.000,9999.000,9999.000,9999.000
202603090354,   4.235,9999.000,9999.000,9999.000,9999.000,9999.000,9999.000,9999.000,9999.000
202603090400,   4.123,9999.000,   0.200,   0.008,   4.331,   0.100,   4.231,   0.400,   4.531
202603090406,   4.014,9999.000,9999.000,9999.000,9999.000,9999.000,9999.000,9999.000,9999.000
202603090412,   3.907,9999.000,9999.000,9999.000,9999.000,9999.000,9999.000,9999.000,9999.000
202603090418,   3.804,9999.000,9999.000,9999.000,9999.000,9999.000,9999.000,9999.000,9999.000
202603090424,   3.704,9999.000,9999.000,9999.000,9999.000,9999.000,9999.000,9999.000,9999.000
202603090430,   3.608,9999.000,9999.000,9999.000,9999.000,9999.000,9999.000,9999.000,9999.000
202603090436,   3.517,9999.000,9999.000,9999.000,9999.000,9999.000,9999.000,9999.000,9999.000
202603090442,   3.429,9999.000,9999.000,9999.000,9999.000,9999.000,9999.000,9999.000,9999.000
202603090448,   3.346,9999.000,9999.000,9999.000,9999.000,9999.000,9999.000,9999.000,9999.000
202603090454,   3.268,9999.000,9999.000,9999.000,9999.000,9999.000,9999.000,9999.000,9999.000
202603090500,   3.195,9999.000,   0.200,   0.008,   3.403,   0.100,   3.303,   0.400,   3.603
202603090506,   3.126,9999.000,9999.000,9999.000,9999.000,9999.000,9999.000,9999.000,9999.000
202603090512,   3.064,9999.000,9999.000,9999.000,9999.000,9999.000,9999.000,9999.000,9999.000
202603090518,   3.006,9999.000,9999.000,9999.000,9999.000,9999.000,9999.000,9999.000,9999.000
202603090524,   2.954,9999.000,9999.000,9999.000,9999.000,9999.000,9999.000,9999.000,9999.000
202603090530,   2.908,9999.000,9999.000,9999.000,9999.000,9999.000,9999.000,9999.000,9999.000
202603090536,   2.868,9999.000,9999.000,9999.000,9999.000,9999.000,9999.000,9999.000,9999.000
202603090542,   2.834,9999.000,9999.000,9999.000,9999.000,9999.000,9999.000,9999.000,9999.000
202603090548,   2.806,9999.000,9999.000,9999.000,9999.000,9999.000,9999.000,9999.000,9999.000
202603090554,   2.784,9999.000,9999.000,9999.000,9999.000,9999.000,9999.000,9999.000,9999.000
202603090600,   2.769,9999.000,   0.200,   0.008,   2.977,   0.000,   2.777,   0.300,   3.077
202603090606,   2.760,9999.000,9999.000,9999.000,9999.000,9999.000,9999.000,9999.000,9999.000
202603090612,   2.757,9999.000,9999.000,9999.000,9999.000,9999.000,9999.000,9999.000,9999.000
202603090618,   2.761,9999.000,9999.000,9999.000,9999.000,9999.000,9999.000,9999.000,9999.000
202603090624,   2.772,9999.000,9999.000,9999.000,9999.000,9999.000,9999.000,9999.000,9999.000
202603090630,   2.790,9999.000,9999.000,9999.000,9999.000,9999.000,9999.000,9999.000,9999.000
202603090636,   2.815,9999.000,9999.000,9999.000,9999.000,9999.000,9999.000,9999.000,9999.000
202603090642,   2.847,9999.000,9999.000,9999.000,9999.000,9999.000,9999.000,9999.000,9999.000
202603090648,   2.886,9999.000,9999.000,9999.000,9999.000,9999.000,9999.000,9999.000,9999.000
202603090654,   2.933,9999.000,9999.000,9999.000,9999.000,9999.000,9999.000,9999.000,9999.000
202603090700,   2.986,9999.000,   0.200,   0.008,   3.194,   0.000,   2.994,   0.400,   3.394
202603090706,   3.047,9999.000,9999.000,9999.000,9999.000,9999.000,9999.000,9999.000,9999.000
202603090712,   3.115,9999.000,9999.000,9999.000,9999.000,9999.000,9999.000,9999.000,9999.000
202603090718,   3.191,9999.000,9999.000,9999.000,9999.000,9999.000,9999.000,9999.000,9999.000
202603090724,   3.273,9999.000,9999.000,9999.000,9999.000,9999.000,9999.000,9999.000,9999.000
202603090730,   3.363,9999.000,9999.000,9999.000,9999.000,9999.000,9999.000,9999.000,9999.000
202603090736,   3.459,9999.000,9999.000,9999.000,9999.000,9999.000,9999.000,9999.000,9999.000
202603090742,   3.563,9999.000,9999.000,9999.000,9999.000,9999.000,9999.000,9999.000,9999.000
202603090748,   3.672,9999.000,9999.000,9999.000,9999.000,9999.000,9999.000,9999.000,9999.000
202603090754,   3.788,9999.000,9999.000,9999.000,9999.000,9999.000,9999.000,9999.000,9999.000
202603090800,   3.910,9999.000,   0.200,   0.008,   4.118,   0.000,   3.918,   0.400,   4.318
202603090806,   4.038,9999.000,9999.000,9999.000,9999.000,9999.000,9999.000,9999.000,9999.000
202603090812,   4.171,9999.000,9999.000,9999.000,9999.000,9999.000,9999.000,9999.000,9999.000
202603090818,   4.309,9999.000,9999.000,9999.000,9999.000,9999.000,9999.000,9999.000,9999.000
202603090824,   4.451,9999.000,9999.000,9999.000,9999.000,9999.000,9999.000,9999.000,9999.000
202603090830,   4.597,9999.000,9999.000,9999.000,9999.000,9999.000,9999.000,9999.000,9999.000
202603090836,   4.746,9999.000,9999.000,9999.000,9999.000,9999.000,9999.000,9999.000,9999.000
202603090842,   4.899,9999.000,9999.000,9999.000,9999.000,9999.000,9999.000,9999.000,9999.000
202603090848,   5.054,9999.000,9999.000,9999.000,9999.000,9999.000,9999.000,9999.000,9999.000
202603090854,   5.211,9999.000,9999.000,9999.000,9999.000,9999.000,9999.000,9999.000,9999.000
202603090900,   5.369,9999.000,   0.200,   0.008,   5.577,   0.000,   5.377,   0.300,   5.677
202603090906,   5.528,9999.000,9999.000,9999.000,9999.000,9999.000,9999.000,9999.000,9999.000
202603090912,   5.687,9999.000,9999.000,9999.000,9999.000,9999.000,9999.000,9999.000,9999.000
202603090918,   5.845,9999.000,9999.000,9999.000,9999.000,9999.000,9999.000,9999.000,9999.000
202603090924,   6.003,9999.000,9999.000,9999.000,9999.000,9999.000,9999.000,9999.000,9999.000
202603090930,   6.159,9999.000,9999.000,9999.000,9999.000,9999.000,9999.000,9999.000,9999.000
202603090936,   6.313,9999.000,9999.000,9999.000,9999.000,9999.000,9999.000,9999.000,9999.000
202603090942,   6.465,9999.000,9999.000,9999.000,9999.000,9999.000,9999.000,9999.000,9999.000
202603090948,   6.614,9999.000,9999.000,9999.000,9999.000,9999.000,9999.000,9999.000,9999.000
202603090954,   6.760,9999.000,9999.000,9999.000,9999.000,9999.000,9999.000,9999.000,9999.000
202603091000,   6.902,9999.000,   0.200,   0.008,   7.110,   0.000,   6.910,   0.300,   7.210
202603091006,   7.040,9999.000,9999.000,9999.000,9999.000,9999.000,9999.000,9999.000,9999.000
202603091012,   7.173,9999.000,9999.000,9999.000,9999.000,9999.000,9999.000,9999.000,9999.000
202603091018,   7.302,9999.000,9999.000,9999.000,9999.000,9999.000,9999.000,9999.000,9999.000
202603091024,   7.425,9999.000,9999.000,9999.000,9999.000,9999.000,9999.000,9999.000,9999.000
202603091030,   7.543,9999.000,9999.000,9999.000,9999.000,9999.000,9999.000,9999.000,9999.000
202603091036,   7.656,9999.000,9999.000,9999.000,9999.000,9999.000,9999.000,9999.000,9999.000
202603091042,   7.763,9999.000,9999.000,9999.000,9999.000,9999.000,9999.000,9999.000,9999.000
202603091048,   7.864,9999.000,9999.000,9999.000,9999.000,9999.000,9999.000,9999.000,9999.000
202603091054,   7.959,9999.000,9999.000,9999.000,9999.000,9999.000,9999.000,9999.000,9999.000
202603091100,   8.048,9999.000,   0.200,   0.008,   8.256,   0.000,   8.056,   0.300,   8.356
202603091106,   8.130,9999.000,9999.000,9999.000,9999.000,9999.000,9999.000,9999.000,9999.000
202603091112,   8.206,9999.000,9999.000,9999.000,9999.000,9999.000,9999.000,9999.000,9999.000
202603091118,   8.275,9999.000,9999.000,9999.000,9999.000,9999.000,9999.000,9999.000,9999.000
202603091124,   8.338,9999.000,9999.000,9999.000,9999.000,9999.000,9999.000,9999.000,9999.000
202603091130,   8.394,9999.000,9999.000,9999.000,9999.000,9999.000,9999.000,9999.000,9999.000
202603091136,   8.443,9999.000,9999.000,9999.000,9999.000,9999.000,9999.000,9999.000,9999.000
202603091142,   8.485,9999.000,9999.000,9999.000,9999.000,9999.000,9999.000,9999.000,9999.000
202603091148,   8.520,9999.000,9999.000,9999.000,9999.000,9999.000,9999.000,9999.000,9999.000
202603091154,   8.548,9999.000,9999.000,9999.000,9999.000,9999.000,9999.000,9999.000,9999.000
202603091200,   8.568,9999.000,   0.200,   0.008,   8.776,   0.000,   8.576,   0.300,   8.876
