        TIME,    TIDE,      OB,   SURGE,    BIAS,     TWL,SURGE90p,  TWL90p,SURGE10p,   TWL10p
202603151800,   0.059,   0.308,   0.200,   0.049,   0.308,   0.200,   0.308,   0.300,   0.408
202603151806,   0.067,9999.000,9999.000,9999.000,9999.000,9999.000,9999.000,9999.000,9999.000
202603151812,   0.078,   0.331,9999.000,9999.000,9999.000,9999.000,9999.000,9999.000,9999.000
202603151818,   0.091,9999.000,9999.000,9999.000,9999.000,9999.000,9999.000,9999.000,9999.000
202603151824,   0.106,   0.370,9999.000,9999.000,9999.000,9999.000,9999.000,9999.000,9999.000
202603151830,   0.123,9999.000,9999.000,9999.000,9999.000,9999.000,9999.000,9999.000,9999.000
202603151836,   0.142,   0.419,9999.000,9999.000,9999.000,9999.000,9999.000,9999.000,9999.000
202603151842,   0.163,9999.000,9999.000,9999.000,9999.000,9999.000,9999.000,9999.000,9999.000
202603151848,   0.186,   0.469,9999.000,9999.000,9999.000,9999.000,9999.000,9999.000,9999.000
202603151854,   0.210,9999.000,9999.000,9999.000,9999.000,9999.000,9999.000,9999.000,9999.000
202603151900,   0.237,   0.518,   0.200,   0.081,   0.518,   0.200,   0.518,   0.300,   0.618
202603151906,   0.265,   0.551,9999.000,9999.000,9999.000,9999.000,9999.000,9999.000,9999.000
202603151912,   0.294,   0.570,9999.000,9999.000,9999.000,9999.000,9999.000,9999.000,9999.000
202603151918,   0.325,   0.610,9999.000,9999.000,9999.000,9999.000,9999.000,9999.000,9999.000
202603151924,   0.358,   0.649,9999.000,9999.000,9999.000,9999.000,9999.000,9999.000,9999.000
202603151930,   0.392,   0.688,9999.000,9999.000,9999.000,9999.000,9999.000,9999.000,9999.000
202603151936,   0.428,   0.741,9999.000,9999.000,9999.000,9999.000,9999.000,9999.000,9999.000
202603151942,   0.464,   0.790,9999.000,9999.000,9999.000,9999.000,9999.000,9999.000,9999.000
202603151948,   0.502,   0.829,9999.000,9999.000,9999.000,9999.000,9999.000,9999.000,9999.000
202603151954,   0.541,   0.879,9999.000,9999.000,9999.000,9999.000,9999.000,9999.000,9999.000
202603152000,   0.581,   0.918,   0.200,   0.137,   0.918,   0.200,   0.918,   0.300,   1.018
202603152006,   0.623,   0.970,9999.000,9999.000,9999.000,9999.000,9999.000,9999.000,9999.000
202603152012,   0.665,   1.000,9999.000,9999.000,9999.000,9999.000,9999.000,9999.000,9999.000
202603152018,   0.708,   1.039,9999.000,9999.000,9999.000,9999.000,9999.000,9999.000,9999.000
202603152024,   0.751,   1.088,9999.000,9999.000,9999.000,9999.000,9999.000,9999.000,9999.000
202603152030,   0.795,   1.151,9999.000,9999.000,9999.000,9999.000,9999.000,9999.000,9999.000
202603152036,   0.840,   1.200,9999.000,9999.000,9999.000,9999.000,9999.000,9999.000,9999.000
202603152042,   0.886,   1.239,9999.000,9999.000,9999.000,9999.000,9999.000,9999.000,9999.000
202603152048,   0.931,   1.289,9999.000,9999.000,9999.000,9999.000,9999.000,9999.000,9999.000
202603152054,   0.977,   1.338,9999.000,9999.000,9999.000,9999.000,9999.000,9999.000,9999.000
202603152100,   1.023,   1.390,   0.200,   0.167,   1.390,   0.200,   1.390,   0.300,   1.490
202603152106,   1.069,   1.439,9999.000,9999.000,9999.000,9999.000,9999.000,9999.000,9999.000
202603152112,   1.115,   1.479,9999.000,9999.000,9999.000,9999.000,9999.000,9999.000,9999.000
202603152118,   1.160,   1.508,9999.000,9999.000,9999.000,9999.000,9999.000,9999.000,9999.000
202603152124,   1.205,   1.557,9999.000,9999.000,9999.000,9999.000,9999.000,9999.000,9999.000
202603152130,   1.250,   1.610,9999.000,9999.000,9999.000,9999.000,9999.000,9999.000,9999.000
202603152136,   1.293,   1.659,9999.000,9999.000,9999.000,9999.000,9999.000,9999.000,9999.000
202603152142,   1.336,   1.708,9999.000,9999.000,9999.000,9999.000,9999.000,9999.000,9999.000
202603152148,   1.378,   1.738,9999.000,9999.000,9999.000,9999.000,9999.000,9999.000,9999.000
202603152154,   1.419,   1.800,9999.000,9999.000,9999.000,9999.000,9999.000,9999.000,9999.000
202603152200,   1.458,   1.840,   0.200,   0.182,   1.840,   0.200,   1.840,   0.300,   1.940
202603152206,   1.497,   1.879,9999.000,9999.000,9999.000,9999.000,9999.000,9999.000,9999.000
202603152212,   1.533,   1.918,9999.000,9999.000,9999.000,9999.000,9999.000,9999.000,9999.000
202603152218,   1.568,   1.958,9999.000,9999.000,9999.000,9999.000,9999.000,9999.000,9999.000
202603152224,   1.601,   2.000,9999.000,9999.000,9999.000,9999.000,9999.000,9999.000,9999.000
202603152230,   1.632,   2.040,9999.000,9999.000,9999.000,9999.000,9999.000,9999.000,9999.000
202603152236,   1.661,   2.079,9999.000,9999.000,9999.000,9999.000,9999.000,9999.000,9999.000
202603152242,   1.688,   2.099,9999.000,9999.000,9999.000,9999.000,9999.000,9999.000,9999.000
202603152248,   1.713,   2.128,9999.000,9999.000,9999.000,9999.000,9999.000,9999.000,9999.000
202603152254,   1.735,   2.158,9999.000,9999.000,9999.000,9999.000,9999.000,9999.000,9999.000
202603152300,   1.755,   2.177,   0.300,   0.122,   2.177,   0.200,   2.077,   0.300,   2.177
202603152306,   1.773,   2.177,9999.000,9999.000,9999.000,9999.000,9999.000,9999.000,9999.000
202603152312,   1.788,   2.177,9999.000,9999.000,9999.000,9999.000,9999.000,9999.000,9999.000
202603152318,   1.801,   2.191,9999.000,9999.000,9999.000,9999.000,9999.000,9999.000,9999.000
202603152324,   1.811,   2.210,9999.000,9999.000,9999.000,9999.000,9999.000,9999.000,9999.000
202603152330,   1.818,   2.220,9999.000,9999.000,9999.000,9999.000,9999.000,9999.000,9999.000
202603152336,   1.823,   2.230,9999.000,9999.000,9999.000,9999.000,9999.000,9999.000,9999.000
202603152342,   1.825,   2.240,9999.000,9999.000,9999.000,9999.000,9999.000,9999.000,9999.000
202603152348,   1.825,   2.259,9999.000,9999.000,9999.000,9999.000,9999.000,9999.000,9999.000
202603152354,   1.822,9999.000,9999.000,9999.000,9999.000,9999.000,9999.000,9999.000,9999.000
202603160000,   1.817,   2.259,   0.500,  -0.058,   2.259,   0.400,   2.159,   0.500,   2.259
202603160006,   1.809,   2.259,9999.000,9999.000,9999.000,9999.000,9999.000,9999.000,9999.000
202603160012,   1.799,   2.250,9999.000,9999.000,9999.000,9999.000,9999.000,9999.000,9999.000
202603160018,   1.786,   2.259,9999.000,9999.000,9999.000,9999.000,9999.000,9999.000,9999.000
202603160024,   1.771,   2.259,9999.000,9999.000,9999.000,9999.000,9999.000,9999.000,9999.000
202603160030,   1.754,   2.269,9999.000,9999.000,9999.000,9999.000,9999.000,9999.000,9999.000
202603160036,   1.734,   2.250,9999.000,9999.000,9999.000,9999.000,9999.000,9999.000,9999.000
202603160042,   1.713,   2.240,9999.000,9999.000,9999.000,9999.000,9999.000,9999.000,9999.000
202603160048,   1.689,   2.230,9999.000,9999.000,9999.000,9999.000,9999.000,9999.000,9999.000
202603160054,   1.663,   2.200,9999.000,9999.000,9999.000,9999.000,9999.000,9999.000,9999.000
202603160100,   1.636,   2.191,   0.500,   0.055,   2.191,   0.500,   2.191,   0.600,   2.291
202603160106,   1.606,   2.177,9999.000,9999.000,9999.000,9999.000,9999.000,9999.000,9999.000
202603160112,   1.575,   2.158,9999.000,9999.000,9999.000,9999.000,9999.000,9999.000,9999.000
202603160118,   1.542,   2.138,9999.000,9999.000,9999.000,9999.000,9999.000,9999.000,9999.000
202603160124,   1.508,   2.118,9999.000,9999.000,9999.000,9999.000,9999.000,9999.000,9999.000
202603160130,   1.472,   2.089,9999.000,9999.000,9999.000,9999.000,9999.000,9999.000,9999.000
202603160136,   1.434,   2.079,9999.000,9999.000,9999.000,9999.000,9999.000,9999.000,9999.000
202603160142,   1.395,   2.069,9999.000,9999.000,9999.000,9999.000,9999.000,9999.000,9999.000
202603160148,   1.355,   2.049,9999.000,9999.000,9999.000,9999.000,9999.000,9999.000,9999.000
202603160154,   1.314,   2.020,9999.000,9999.000,9999.000,9999.000,9999.000,9999.000,9999.000
202603160200,   1.272,   1.990,   0.500,   0.218,   1.990,   0.500,   1.990,   0.600,   2.090
202603160206,   1.228,   1.958,9999.000,9999.000,9999.000,9999.000,9999.000,9999.000,9999.000
202603160212,   1.184,   1.938,9999.000,9999.000,9999.000,9999.000,9999.000,9999.000,9999.000
202603160218,   1.139,   1.908,9999.000,9999.000,9999.000,9999.000,9999.000,9999.000,9999.000
202603160224,   1.093,   1.889,9999.000,9999.000,9999.000,9999.000,9999.000,9999.000,9999.000
202603160230,   1.046,   1.859,9999.000,9999.000,9999.000,9999.000,9999.000,9999.000,9999.000
202603160236,   0.999,   1.810,9999.000,9999.000,9999.000,9999.000,9999.000,9999.000,9999.000
202603160242,   0.951,   1.767,9999.000,9999.000,9999.000,9999.000,9999.000,9999.000,9999.000
202603160248,   0.903,   1.699,9999.000,9999.000,9999.000,9999.000,9999.000,9999.000,9999.000
202603160254,   0.855,   1.649,9999.000,9999.000,9999.000,9999.000,9999.000,9999.000,9999.000
202603160300,   0.806,   1.610,   0.500,   0.304,   1.610,   0.500,   1.610,   0.600,   1.710
202603160306,   0.758,   1.557,9999.000,9999.000,9999.000,9999.000,9999.000,9999.000,9999.000
202603160312,   0.709,   1.489,9999.000,9999.000,9999.000,9999.000,9999.000,9999.000,9999.000
202603160318,   0.661,   1.449,9999.000,9999.000,9999.000,9999.000,9999.000,9999.000,9999.000
202603160324,   0.614,   1.400,9999.000,9999.000,9999.000,9999.000,9999.000,9999.000,9999.000
202603160330,   0.567,   1.371,9999.000,9999.000,9999.000,9999.000,9999.000,9999.000,9999.000
202603160336,   0.520,   1.328,9999.000,9999.000,9999.000,9999.000,9999.000,9999.000,9999.000
202603160342,   0.474,   1.289,9999.000,9999.000,9999.000,9999.000,9999.000,9999.000,9999.000
202603160348,   0.429,   1.239,9999.000,9999.000,9999.000,9999.000,9999.000,9999.000,9999.000
202603160354,   0.386,   1.210,9999.000,9999.000,9999.000,9999.000,9999.000,9999.000,9999.000
202603160400,   0.343,   1.161,   0.600,   0.218,   1.161,   0.500,   1.061,   0.600,   1.161
202603160406,   0.302,   1.138,9999.000,9999.000,9999.000,9999.000,9999.000,9999.000,9999.000
202603160412,   0.262,   1.098,9999.000,9999.000,9999.000,9999.000,9999.000,9999.000,9999.000
202603160418,   0.224,   1.069,9999.000,9999.000,9999.000,9999.000,9999.000,9999.000,9999.000
202603160424,   0.188,   1.039,9999.000,9999.000,9999.000,9999.000,9999.000,9999.000,9999.000
202603160430,   0.153,   1.000,9999.000,9999.000,9999.000,9999.000,9999.000,9999.000,9999.000
202603160436,   0.121,   0.961,9999.000,9999.000,9999.000,9999.000,9999.000,9999.000,9999.000
202603160442,   0.090,   0.918,9999.000,9999.000,9999.000,9999.000,9999.000,9999.000,9999.000
202603160448,   0.062,   0.898,9999.000,9999.000,9999.000,9999.000,9999.000,9999.000,9999.000
202603160454,   0.036,   0.888,9999.000,9999.000,9999.000,9999.000,9999.000,9999.000,9999.000
202603160500,   0.012,   0.859,   0.600,   0.247,   0.859,   0.500,   0.759,   0.600,   0.859
202603160506,  -0.008,   0.829,9999.000,9999.000,9999.000,9999.000,9999.000,9999.000,9999.000
202603160512,  -0.027,   0.800,9999.000,9999.000,9999.000,9999.000,9999.000,9999.000,9999.000
202603160518,  -0.043,   0.780,9999.000,9999.000,9999.000,9999.000,9999.000,9999.000,9999.000
202603160524,  -0.056,   0.760,9999.000,9999.000,9999.000,9999.000,9999.000,9999.000,9999.000
202603160530,  -0.067,   0.731,9999.000,9999.000,9999.000,9999.000,9999.000,9999.000,9999.000
202603160536,  -0.076,   0.718,9999.000,9999.000,9999.000,9999.000,9999.000,9999.000,9999.000
202603160542,  -0.082,   0.708,9999.000,9999.000,9999.000,9999.000,9999.000,9999.000,9999.000
202603160548,  -0.085,   0.698,9999.000,9999.000,9999.000,9999.000,9999.000,9999.000,9999.000
202603160554,  -0.085,   0.688,9999.000,9999.000,9999.000,9999.000,9999.000,9999.000,9999.000
202603160600,  -0.083,   0.678,   0.600,   0.161,   0.678,   0.500,   0.578,   0.600,   0.678
202603160606,  -0.079,   0.669,9999.000,9999.000,9999.000,9999.000,9999.000,9999.000,9999.000
202603160612,  -0.071,   0.688,9999.000,9999.000,9999.000,9999.000,9999.000,9999.000,9999.000
202603160618,  -0.062,   0.698,9999.000,9999.000,9999.000,9999.000,9999.000,9999.000,9999.000
202603160624,  -0.049,   0.708,9999.000,9999.000,9999.000,9999.000,9999.000,9999.000,9999.000
202603160630,  -0.035,   0.731,9999.000,9999.000,9999.000,9999.000,9999.000,9999.000,9999.000
202603160636,  -0.018,   0.751,9999.000,9999.000,9999.000,9999.000,9999.000,9999.000,9999.000
202603160642,   0.000,   0.760,9999.000,9999.000,9999.000,9999.000,9999.000,9999.000,9999.000
202603160648,   0.022,   0.770,9999.000,9999.000,9999.000,9999.000,9999.000,9999.000,9999.000
202603160654,   0.045,   0.780,9999.000,9999.000,9999.000,9999.000,9999.000,9999.000,9999.000
202603160700,   0.071,   0.800,   0.500,   0.229,   0.800,   0.500,   0.800,   0.600,   0.900
202603160706,   0.099,   0.819,9999.000,9999.000,9999.000,9999.000,9999.000,9999.000,9999.000
202603160712,   0.129,   0.849,9999.000,9999.000,9999.000,9999.000,9999.000,9999.000,9999.000
202603160718,   0.160,   0.859,9999.000,9999.000,9999.000,9999.000,9999.000,9999.000,9999.000
202603160724,   0.194,   0.888,9999.000,9999.000,9999.000,9999.000,9999.000,9999.000,9999.000
202603160730,   0.229,   0.918,9999.000,9999.000,9999.000,9999.000,9999.000,9999.000,9999.000
202603160736,   0.266,   0.970,9999.000,9999.000,9999.000,9999.000,9999.000,9999.000,9999.000
202603160742,   0.304,   1.020,9999.000,9999.000,9999.000,9999.000,9999.000,9999.000,9999.000
202603160748,   0.345,   1.088,9999.000,9999.000,9999.000,9999.000,9999.000,9999.000,9999.000
202603160754,   0.386,   1.138,9999.000,9999.000,9999.000,9999.000,9999.000,9999.000,9999.000
202603160800,   0.430,   1.180,   0.500,   0.250,   1.180,   0.500,   1.180,   0.600,   1.280
202603160806,   0.474,   1.229,9999.000,9999.000,9999.000,9999.000,9999.000,9999.000,9999.000
202603160812,   0.520,   1.269,9999.000,9999.000,9999.000,9999.000,9999.000,9999.000,9999.000
202603160818,   0.567,   1.308,9999.000,9999.000,9999.000,9999.000,9999.000,9999.000,9999.000
202603160824,   0.615,   1.338,9999.000,9999.000,9999.000,9999.000,9999.000,9999.000,9999.000
202603160830,   0.664,   1.380,9999.000,9999.000,9999.000,9999.000,9999.000,9999.000,9999.000
202603160836,   0.714,   1.439,9999.000,9999.000,9999.000,9999.000,9999.000,9999.000,9999.000
202603160842,   0.765,   1.518,9999.000,9999.000,9999.000,9999.000,9999.000,9999.000,9999.000
202603160848,   0.817,   1.580,9999.000,9999.000,9999.000,9999.000,9999.000,9999.000,9999.000
202603160854,   0.870,   1.659,9999.000,9999.000,9999.000,9999.000,9999.000,9999.000,9999.000
202603160900,   0.923,   1.728,   0.500,   0.305,   1.728,   0.400,   1.628,   0.500,   1.728
202603160906,   0.976,   1.800,9999.000,9999.000,9999.000,9999.000,9999.000,9999.000,9999.000
202603160912,   1.030,   1.879,9999.000,9999.000,9999.000,9999.000,9999.000,9999.000,9999.000
202603160918,   1.084,   1.938,9999.000,9999.000,9999.000,9999.000,9999.000,9999.000,9999.000
202603160924,   1.138,   1.981,9999.000,9999.000,9999.000,9999.000,9999.000,9999.000,9999.000
202603160930,   1.192,   2.030,9999.000,9999.000,9999.000,9999.000,9999.000,9999.000,9999.000
202603160936,   1.246,   2.059,9999.000,9999.000,9999.000,9999.000,9999.000,9999.000,9999.000
202603160942,   1.299,   2.089,9999.000,9999.000,9999.000,9999.000,9999.000,9999.000,9999.000
202603160948,   1.352,   2.128,9999.000,9999.000,9999.000,9999.000,9999.000,9999.000,9999.000
202603160954,   1.404,   2.168,9999.000,9999.000,9999.000,9999.000,9999.000,9999.000,9999.000
202603161000,   1.455,   2.210,   0.400,   0.355,   2.210,   0.400,   2.210,   0.500,   2.310
202603161006,   1.505,   2.259,9999.000,9999.000,9999.000,9999.000,9999.000,9999.000,9999.000
202603161012,   1.553,   2.309,9999.000,9999.000,9999.000,9999.000,9999.000,9999.000,9999.000
202603161018,   1.601,   2.338,9999.000,9999.000,9999.000,9999.000,9999.000,9999.000,9999.000
202603161024,   1.647,   2.387,9999.000,9999.000,9999.000,9999.000,9999.000,9999.000,9999.000
202603161030,   1.691,   2.430,9999.000,9999.000,9999.000,9999.000,9999.000,9999.000,9999.000
202603161036,   1.733,   2.479,9999.000,9999.000,9999.000,9999.000,9999.000,9999.000,9999.000
202603161042,   1.773,   2.499,9999.000,9999.000,9999.000,9999.000,9999.000,9999.000,9999.000
202603161048,   1.811,   2.528,9999.000,9999.000,9999.000,9999.000,9999.000,9999.000,9999.000
202603161054,   1.847,   2.548,9999.000,9999.000,9999.000,9999.000,9999.000,9999.000,9999.000
202603161100,   1.881,   2.578,   0.400,   0.297,   2.578,   0.400,   2.578,   0.500,   2.678
202603161106,   1.912,   2.597,9999.000,9999.000,9999.000,9999.000,9999.000,9999.000,9999.000
202603161112,   1.940,   2.620,9999.000,9999.000,9999.000,9999.000,9999.000,9999.000,9999.000
202603161118,   1.966,   2.640,9999.000,9999.000,9999.000,9999.000,9999.000,9999.000,9999.000
202603161124,   1.989,   2.660,9999.000,9999.000,9999.000,9999.000,9999.000,9999.000,9999.000
202603161130,   2.009,   2.679,9999.000,9999.000,9999.000,9999.000,9999.000,9999.000,9999.000
202603161136,   2.026,   2.699,9999.000,9999.000,9999.000,9999.000,9999.000,9999.000,9999.000
202603161142,   2.040,   2.709,9999.000,9999.000,9999.000,9999.000,9999.000,9999.000,9999.000
202603161148,   2.052,   2.719,9999.000,9999.000,9999.000,9999.000,9999.000,9999.000,9999.000
202603161154,   2.060,   2.728,9999.000,9999.000,9999.000,9999.000,9999.000,9999.000,9999.000
202603161200,   2.066,   2.728,   0.500,   0.162,   2.728,   0.500,   2.728,   0.600,   2.828
202603161206,   2.068,   2.738,9999.000,9999.000,9999.000,9999.000,9999.000,9999.000,9999.000
202603161212,   2.068,   2.748,9999.000,9999.000,9999.000,9999.000,9999.000,9999.000,9999.000
202603161218,   2.065,   2.738,9999.000,9999.000,9999.000,9999.000,9999.000,9999.000,9999.000
202603161224,   2.058,   2.738,9999.000,9999.000,9999.000,9999.000,9999.000,9999.000,9999.000
202603161230,   2.050,   2.748,9999.000,9999.000,9999.000,9999.000,9999.000,9999.000,9999.000
202603161236,   2.038,   2.748,9999.000,9999.000,9999.000,9999.000,9999.000,9999.000,9999.000
202603161242,   2.024,   2.758,9999.000,9999.000,9999.000,9999.000,9999.000,9999.000,9999.000
202603161248,   2.007,   2.758,9999.000,9999.000,9999.000,9999.000,9999.000,9999.000,9999.000
202603161254,   1.988,   2.728,9999.000,9999.000,9999.000,9999.000,9999.000,9999.000,9999.000
202603161300,   1.966,   2.738,   0.500,   0.272,   2.738,   0.500,   2.738,   0.600,   2.838
202603161306,   1.942,   2.719,9999.000,9999.000,9999.000,9999.000,9999.000,9999.000,9999.000
202603161312,   1.916,   2.709,9999.000,9999.000,9999.000,9999.000,9999.000,9999.000,9999.000
202603161318,   1.888,   2.689,9999.000,9999.000,9999.000,9999.000,9999.000,9999.000,9999.000
202603161324,   1.857,   2.669,9999.000,9999.000,9999.000,9999.000,9999.000,9999.000,9999.000
202603161330,   1.825,   2.650,9999.000,9999.000,9999.000,9999.000,9999.000,9999.000,9999.000
202603161336,   1.790,   2.640,9999.000,9999.000,9999.000,9999.000,9999.000,9999.000,9999.000
202603161342,   1.754,   2.620,9999.000,9999.000,9999.000,9999.000,9999.000,9999.000,9999.000
202603161348,   1.716,   2.587,9999.000,9999.000,9999.000,9999.000,9999.000,9999.000,9999.000
202603161354,   1.677,   2.568,9999.000,9999.000,9999.000,9999.000,9999.000,9999.000,9999.000
202603161400,   1.635,   2.558,   0.500,   0.423,   2.558,   0.500,   2.558,   0.500,   2.558
202603161406,   1.593,   2.528,9999.000,9999.000,9999.000,9999.000,9999.000,9999.000,9999.000
202603161412,   1.549,   2.489,9999.000,9999.000,9999.000,9999.000,9999.000,9999.000,9999.000
202603161418,   1.503,   2.450,9999.000,9999.000,9999.000,9999.000,9999.000,9999.000,9999.000
202603161424,   1.457,   2.400,9999.000,9999.000,9999.000,9999.000,9999.000,9999.000,9999.000
202603161430,   1.409,   2.338,9999.000,9999.000,9999.000,9999.000,9999.000,9999.000,9999.000
202603161436,   1.360,   2.289,9999.000,9999.000,9999.000,9999.000,9999.000,9999.000,9999.000
202603161442,   1.310,   2.220,9999.000,9999.000,9999.000,9999.000,9999.000,9999.000,9999.000
202603161448,   1.260,   2.168,9999.000,9999.000,9999.000,9999.000,9999.000,9999.000,9999.000
202603161454,   1.208,   2.099,9999.000,9999.000,9999.000,9999.000,9999.000,9999.000,9999.000
202603161500,   1.156,   2.040,   0.500,   0.384,   2.040,   0.400,   1.940,   0.500,   2.040
202603161506,   1.104,   1.981,9999.000,9999.000,9999.000,9999.000,9999.000,9999.000,9999.000
202603161512,   1.051,   1.928,9999.000,9999.000,9999.000,9999.000,9999.000,9999.000,9999.000
202603161518,   0.997,   1.899,9999.000,9999.000,9999.000,9999.000,9999.000,9999.000,9999.000
202603161524,   0.944,   1.859,9999.000,9999.000,9999.000,9999.000,9999.000,9999.000,9999.000
202603161530,   0.890,   1.830,9999.000,9999.000,9999.000,9999.000,9999.000,9999.000,9999.000
202603161536,   0.836,   1.800,9999.000,9999.000,9999.000,9999.000,9999.000,9999.000,9999.000
202603161542,   0.783,   1.767,9999.000,9999.000,9999.000,9999.000,9999.000,9999.000,9999.000
202603161548,   0.730,   1.728,9999.000,9999.000,9999.000,9999.000,9999.000,9999.000,9999.000
202603161554,   0.677,   1.679,9999.000,9999.000,9999.000,9999.000,9999.000,9999.000,9999.000
202603161600,   0.625,   1.639,   0.500,   0.514,   1.639,   0.400,   1.539,   0.500,   1.639
202603161606,   0.574,   1.590,9999.000,9999.000,9999.000,9999.000,9999.000,9999.000,9999.000
202603161612,   0.524,   1.538,9999.000,9999.000,9999.000,9999.000,9999.000,9999.000,9999.000
202603161618,   0.475,   1.469,9999.000,9999.000,9999.000,9999.000,9999.000,9999.000,9999.000
202603161624,   0.427,   1.410,9999.000,9999.000,9999.000,9999.000,9999.000,9999.000,9999.000
202603161630,   0.380,   1.348,9999.000,9999.000,9999.000,9999.000,9999.000,9999.000,9999.000
202603161636,   0.335,   1.298,9999.000,9999.000,9999.000,9999.000,9999.000,9999.000,9999.000
202603161642,   0.292,   1.249,9999.000,9999.000,9999.000,9999.000,9999.000,9999.000,9999.000
202603161648,   0.250,   1.180,9999.000,9999.000,9999.000,9999.000,9999.000,9999.000,9999.000
202603161654,   0.210,   1.151,9999.000,9999.000,9999.000,9999.000,9999.000,9999.000,9999.000
202603161700,   0.173,   1.108,   0.400,   0.535,   1.108,   0.400,   1.108,   0.500,   1.208
202603161706,   0.137,   1.069,9999.000,9999.000,9999.000,9999.000,9999.000,9999.000,9999.000
202603161712,   0.104,   1.039,9999.000,9999.000,9999.000,9999.000,9999.000,9999.000,9999.000
202603161718,   0.074,9999.000,9999.000,9999.000,9999.000,9999.000,9999.000,9999.000,9999.000
202603161724,   0.045,   0.951,9999.000,9999.000,9999.000,9999.000,9999.000,9999.000,9999.000
202603161730,   0.020,   0.908,9999.000,9999.000,9999.000,9999.000,9999.000,9999.000,9999.000
202603161736,  -0.002,   0.849,9999.000,9999.000,9999.000,9999.000,9999.000,9999.000,9999.000
202603161742,  -0.023,   0.790,9999.000,9999.000,9999.000,9999.000,9999.000,9999.000,9999.000
202603161748,  -0.040,   0.760,9999.000,9999.000,9999.000,9999.000,9999.000,9999.000,9999.000
202603161754,  -0.055,   0.731,9999.000,9999.000,9999.000,9999.000,9999.000,9999.000,9999.000
202603161800,  -0.067,   0.731,   0.500,   0.298,   0.731,   0.400,   0.631,   0.600,   0.831
202603161806,  -0.077,   0.731,9999.000,9999.000,9999.000,9999.000,9999.000,9999.000,9999.000
202603161812,  -0.083,   0.731,9999.000,9999.000,9999.000,9999.000,9999.000,9999.000,9999.000
202603161818,  -0.087,   0.731,9999.000,9999.000,9999.000,9999.000,9999.000,9999.000,9999.000
202603161824,  -0.088,   0.731,9999.000,9999.000,9999.000,9999.000,9999.000,9999.000,9999.000
202603161830,  -0.086,   0.718,9999.000,9999.000,9999.000,9999.000,9999.000,9999.000,9999.000
202603161836,  -0.082,   0.678,9999.000,9999.000,9999.000,9999.000,9999.000,9999.000,9999.000
202603161842,  -0.075,   0.659,9999.000,9999.000,9999.000,9999.000,9999.000,9999.000,9999.000
202603161848,  -0.065,   0.678,9999.000,9999.000,9999.000,9999.000,9999.000,9999.000,9999.000
202603161854,  -0.053,   0.698,9999.000,9999.000,9999.000,9999.000,9999.000,9999.000,9999.000
202603161900,  -0.038,   0.731,   0.500,   0.269,   0.731,   0.300,   0.531,   0.600,   0.831
202603161906,  -0.021,   0.751,9999.000,9999.000,9999.000,9999.000,9999.000,9999.000,9999.000
202603161912,  -0.001,   0.770,9999.000,9999.000,9999.000,9999.000,9999.000,9999.000,9999.000
202603161918,   0.020,   0.800,9999.000,9999.000,9999.000,9999.000,9999.000,9999.000,9999.000
202603161924,   0.044,   0.839,9999.000,9999.000,9999.000,9999.000,9999.000,9999.000,9999.000
202603161930,   0.070,   0.879,9999.000,9999.000,9999.000,9999.000,9999.000,9999.000,9999.000
202603161936,   0.099,   0.941,9999.000,9999.000,9999.000,9999.000,9999.000,9999.000,9999.000
202603161942,   0.130,   0.970,9999.000,9999.000,9999.000,9999.000,9999.000,9999.000,9999.000
202603161948,   0.162,   0.990,9999.000,9999.000,9999.000,9999.000,9999.000,9999.000,9999.000
202603161954,   0.197,   1.020,9999.000,9999.000,9999.000,9999.000,9999.000,9999.000,9999.000
202603162000,   0.234,   1.059,   0.400,   0.425,   1.059,   0.300,   0.959,   0.500,   1.159
202603162006,   0.272,   1.118,9999.000,9999.000,9999.000,9999.000,9999.000,9999.000,9999.000
202603162012,   0.312,   1.151,9999.000,9999.000,9999.000,9999.000,9999.000,9999.000,9999.000
202603162018,   0.354,   1.180,9999.000,9999.000,9999.000,9999.000,9999.000,9999.000,9999.000
202603162024,   0.397,   1.190,9999.000,9999.000,9999.000,9999.000,9999.000,9999.000,9999.000
202603162030,   0.442,   1.220,9999.000,9999.000,9999.000,9999.000,9999.000,9999.000,9999.000
202603162036,   0.489,   1.308,9999.000,9999.000,9999.000,9999.000,9999.000,9999.000,9999.000
202603162042,   0.537,   1.371,9999.000,9999.000,9999.000,9999.000,9999.000,9999.000,9999.000
202603162048,   0.586,   1.410,9999.000,9999.000,9999.000,9999.000,9999.000,9999.000,9999.000
202603162054,   0.636,   1.430,9999.000,9999.000,9999.000,9999.000,9999.000,9999.000,9999.000
202603162100,   0.687,   1.439,   0.400,   0.352,   1.439,   0.200,   1.239,   0.500,   1.539
202603162106,   0.740,   1.479,9999.000,9999.000,9999.000,9999.000,9999.000,9999.000,9999.000
202603162112,   0.793,   1.538,9999.000,9999.000,9999.000,9999.000,9999.000,9999.000,9999.000
202603162118,   0.847,   1.571,9999.000,9999.000,9999.000,9999.000,9999.000,9999.000,9999.000
202603162124,   0.902,   1.610,9999.000,9999.000,9999.000,9999.000,9999.000,9999.000,9999.000
202603162130,   0.957,   1.679,9999.000,9999.000,9999.000,9999.000,9999.000,9999.000,9999.000
202603162136,   1.012,   1.748,9999.000,9999.000,9999.000,9999.000,9999.000,9999.000,9999.000
202603162142,   1.068,   1.810,9999.000,9999.000,9999.000,9999.000,9999.000,9999.000,9999.000
202603162148,   1.124,   1.869,9999.000,9999.000,9999.000,9999.000,9999.000,9999.000,9999.000
202603162154,   1.179,   1.908,9999.000,9999.000,9999.000,9999.000,9999.000,9999.000,9999.000
202603162200,   1.235,   1.948,   0.400,   0.313,   1.948,   0.200,   1.748,   0.500,   2.048
202603162206,   1.289,   1.990,9999.000,9999.000,9999.000,9999.000,9999.000,9999.000,9999.000
202603162212,   1.343,   2.030,9999.000,9999.000,9999.000,9999.000,9999.000,9999.000,9999.000
202603162218,   1.397,   2.059,9999.000,9999.000,9999.000,9999.000,9999.000,9999.000,9999.000
202603162224,   1.449,   2.089,9999.000,9999.000,9999.000,9999.000,9999.000,9999.000,9999.000
202603162230,   1.500,   2.138,9999.000,9999.000,9999.000,9999.000,9999.000,9999.000,9999.000
202603162236,   1.550,   2.191,9999.000,9999.000,9999.000,9999.000,9999.000,9999.000,9999.000
202603162242,   1.598,   2.269,9999.000,9999.000,9999.000,9999.000,9999.000,9999.000,9999.000
202603162248,   1.644,   2.338,9999.000,9999.000,9999.000,9999.000,9999.000,9999.000,9999.000
202603162254,   1.688,   2.400,9999.000,9999.000,9999.000,9999.000,9999.000,9999.000,9999.000
202603162300,   1.731,   2.459,   0.300,   0.428,   2.459,   0.200,   2.359,   0.400,   2.559
202603162306,   1.771,   2.519,9999.000,9999.000,9999.000,9999.000,9999.000,9999.000,9999.000
202603162312,   1.808,   2.578,9999.000,9999.000,9999.000,9999.000,9999.000,9999.000,9999.000
202603162318,   1.843,   2.597,9999.000,9999.000,9999.000,9999.000,9999.000,9999.000,9999.000
202603162324,   1.876,   2.620,9999.000,9999.000,9999.000,9999.000,9999.000,9999.000,9999.000
202603162330,   1.906,   2.640,9999.000,9999.000,9999.000,9999.000,9999.000,9999.000,9999.000
202603162336,   1.933,   2.699,9999.000,9999.000,9999.000,9999.000,9999.000,9999.000,9999.000
202603162342,   1.957,   2.728,9999.000,9999.000,9999.000,9999.000,9999.000,9999.000,9999.000
202603162348,   1.978,   2.748,9999.000,9999.000,9999.000,9999.000,9999.000,9999.000,9999.000
202603162354,   1.996,9999.000,9999.000,9999.000,9999.000,9999.000,9999.000,9999.000,9999.000
202603170000,   2.011,   2.728,   0.400,   0.317,   2.728,   0.300,   2.628,   0.500,   2.828
202603170006,   2.022,   2.728,9999.000,9999.000,9999.000,9999.000,9999.000,9999.000,9999.000
202603170012,   2.031,   2.719,9999.000,9999.000,9999.000,9999.000,9999.000,9999.000,9999.000
202603170018,   2.037,   2.719,9999.000,9999.000,9999.000,9999.000,9999.000,9999.000,9999.000
202603170024,   2.039,   2.719,9999.000,9999.000,9999.000,9999.000,9999.000,9999.000,9999.000
202603170030,   2.038,   2.738,9999.000,9999.000,9999.000,9999.000,9999.000,9999.000,9999.000
202603170036,   2.035,   2.778,9999.000,9999.000,9999.000,9999.000,9999.000,9999.000,9999.000
202603170042,   2.028,   2.807,9999.000,9999.000,9999.000,9999.000,9999.000,9999.000,9999.000
202603170048,   2.019,   2.820,9999.000,9999.000,9999.000,9999.000,9999.000,9999.000,9999.000
202603170054,   2.007,   2.807,9999.000,9999.000,9999.000,9999.000,9999.000,9999.000,9999.000
202603170100,   1.992,   2.787,   0.400,   0.395,   2.787,   0.300,   2.687,   0.600,   2.987
202603170106,   1.974,   2.728,9999.000,9999.000,9999.000,9999.000,9999.000,9999.000,9999.000
202603170112,   1.954,   2.689,9999.000,9999.000,9999.000,9999.000,9999.000,9999.000,9999.000
202603170118,   1.931,   2.640,9999.000,9999.000,9999.000,9999.000,9999.000,9999.000,9999.000
202603170124,   1.905,   2.610,9999.000,9999.000,9999.000,9999.000,9999.000,9999.000,9999.000
202603170130,   1.878,   2.620,9999.000,9999.000,9999.000,9999.000,9999.000,9999.000,9999.000
202603170136,   1.848,   2.620,9999.000,9999.000,9999.000,9999.000,9999.000,9999.000,9999.000
202603170142,   1.816,   2.620,9999.000,9999.000,9999.000,9999.000,9999.000,9999.000,9999.000
202603170148,   1.782,   2.587,9999.000,9999.000,9999.000,9999.000,9999.000,9999.000,9999.000
202603170154,   1.747,   2.568,9999.000,9999.000,9999.000,9999.000,9999.000,9999.000,9999.000
202603170200,   1.709,   2.528,   0.400,   0.419,   2.528,   0.200,   2.328,   0.500,   2.628
202603170206,   1.669,   2.509,9999.000,9999.000,9999.000,9999.000,9999.000,9999.000,9999.000
202603170212,   1.628,   2.479,9999.000,9999.000,9999.000,9999.000,9999.000,9999.000,9999.000
202603170218,   1.586,   2.420,9999.000,9999.000,9999.000,9999.000,9999.000,9999.000,9999.000
202603170224,   1.541,   2.309,9999.000,9999.000,9999.000,9999.000,9999.000,9999.000,9999.000
202603170230,   1.496,   2.250,9999.000,9999.000,9999.000,9999.000,9999.000,9999.000,9999.000
202603170236,   1.449,   2.210,9999.000,9999.000,9999.000,9999.000,9999.000,9999.000,9999.000
202603170242,   1.401,   2.177,9999.000,9999.000,9999.000,9999.000,9999.000,9999.000,9999.000
202603170248,   1.351,   2.138,9999.000,9999.000,9999.000,9999.000,9999.000,9999.000,9999.000
202603170254,   1.301,   2.089,9999.000,9999.000,9999.000,9999.000,9999.000,9999.000,9999.000
202603170300,   1.250,   2.069,   0.300,   0.519,   2.069,   0.100,   1.869,   0.400,   2.169
202603170306,   1.197,   1.990,9999.000,9999.000,9999.000,9999.000,9999.000,9999.000,9999.000
202603170312,   1.144,   1.918,9999.000,9999.000,9999.000,9999.000,9999.000,9999.000,9999.000
202603170318,   1.091,   1.889,9999.000,9999.000,9999.000,9999.000,9999.000,9999.000,9999.000
202603170324,   1.036,   1.781,9999.000,9999.000,9999.000,9999.000,9999.000,9999.000,9999.000
202603170330,   0.982,   1.669,9999.000,9999.000,9999.000,9999.000,9999.000,9999.000,9999.000
202603170336,   0.927,   1.571,9999.000,9999.000,9999.000,9999.000,9999.000,9999.000,9999.000
202603170342,   0.871,   1.498,9999.000,9999.000,9999.000,9999.000,9999.000,9999.000,9999.000
202603170348,   0.816,   1.420,9999.000,9999.000,9999.000,9999.000,9999.000,9999.000,9999.000
202603170354,   0.760,   1.361,9999.000,9999.000,9999.000,9999.000,9999.000,9999.000,9999.000
202603170400,   0.705,   1.338,   0.100,   0.533,   1.338,   0.000,   1.238,   0.200,   1.438
202603170406,   0.650,   1.249,9999.000,9999.000,9999.000,9999.000,9999.000,9999.000,9999.000
202603170412,   0.596,   1.138,9999.000,9999.000,9999.000,9999.000,9999.000,9999.000,9999.000
202603170418,   0.542,   1.059,9999.000,9999.000,9999.000,9999.000,9999.000,9999.000,9999.000
202603170424,   0.489,   1.020,9999.000,9999.000,9999.000,9999.000,9999.000,9999.000,9999.000
202603170430,   0.437,   0.918,9999.000,9999.000,9999.000,9999.000,9999.000,9999.000,9999.000
202603170436,   0.386,   0.869,9999.000,9999.000,9999.000,9999.000,9999.000,9999.000,9999.000
202603170442,   0.336,   0.810,9999.000,9999.000,9999.000,9999.000,9999.000,9999.000,9999.000
202603170448,   0.287,   0.731,9999.000,9999.000,9999.000,9999.000,9999.000,9999.000,9999.000
202603170454,   0.241,   0.649,9999.000,9999.000,9999.000,9999.000,9999.000,9999.000,9999.000
202603170500,   0.195,   0.619,  -0.100,   0.524,   0.619,  -0.300,   0.419,   0.000,   0.719
202603170506,   0.152,   0.590,9999.000,9999.000,9999.000,9999.000,9999.000,9999.000,9999.000
202603170512,   0.110,   0.531,9999.000,9999.000,9999.000,9999.000,9999.000,9999.000,9999.000
202603170518,   0.071,   0.478,9999.000,9999.000,9999.000,9999.000,9999.000,9999.000,9999.000
202603170524,   0.034,   0.439,9999.000,9999.000,9999.000,9999.000,9999.000,9999.000,9999.000
202603170530,   0.000,   0.419,9999.000,9999.000,9999.000,9999.000,9999.000,9999.000,9999.000
202603170536,  -0.032,   0.409,9999.000,9999.000,9999.000,9999.000,9999.000,9999.000,9999.000
202603170542,  -0.062,   0.409,9999.000,9999.000,9999.000,9999.000,9999.000,9999.000,9999.000
202603170548,  -0.089,   0.419,9999.000,9999.000,9999.000,9999.000,9999.000,9999.000,9999.000
202603170554,  -0.114,   0.390,9999.000,9999.000,9999.000,9999.000,9999.000,9999.000,9999.000
202603170600,  -0.135,   0.370,   0.100,   0.405,   0.370,  -0.400,  -0.130,   0.400,   0.670
202603170606,  -0.154,   0.360,9999.000,9999.000,9999.000,9999.000,9999.000,9999.000,9999.000
202603170612,  -0.170,   0.380,9999.000,9999.000,9999.000,9999.000,9999.000,9999.000,9999.000
202603170618,  -0.184,   0.400,9999.000,9999.000,9999.000,9999.000,9999.000,9999.000,9999.000
202603170624,  -0.194,   0.380,9999.000,9999.000,9999.000,9999.000,9999.000,9999.000,9999.000
202603170630,  -0.201,   0.360,9999.000,9999.000,9999.000,9999.000,9999.000,9999.000,9999.000
202603170636,  -0.205,   0.321,9999.000,9999.000,9999.000,9999.000,9999.000,9999.000,9999.000
202603170642,  -0.207,   0.331,9999.000,9999.000,9999.000,9999.000,9999.000,9999.000,9999.000
202603170648,  -0.205,   0.308,9999.000,9999.000,9999.000,9999.000,9999.000,9999.000,9999.000
202603170654,  -0.201,   0.308,9999.000,9999.000,9999.000,9999.000,9999.000,9999.000,9999.000
202603170700,  -0.194,   0.308,   0.000,   0.502,   0.308,  -0.400,  -0.092,   0.300,   0.608
202603170706,  -0.184,   0.298,9999.000,9999.000,9999.000,9999.000,9999.000,9999.000,9999.000
202603170712,  -0.171,   0.331,9999.000,9999.000,9999.000,9999.000,9999.000,9999.000,9999.000
202603170718,  -0.156,   0.321,9999.000,9999.000,9999.000,9999.000,9999.000,9999.000,9999.000
202603170724,  -0.138,   0.370,9999.000,9999.000,9999.000,9999.000,9999.000,9999.000,9999.000
202603170730,  -0.117,   0.370,9999.000,9999.000,9999.000,9999.000,9999.000,9999.000,9999.000
202603170736,  -0.094,   0.400,9999.000,9999.000,9999.000,9999.000,9999.000,9999.000,9999.000
202603170742,  -0.068,   0.429,9999.000,9999.000,9999.000,9999.000,9999.000,9999.000,9999.000
202603170748,  -0.040,   0.429,9999.000,9999.000,9999.000,9999.000,9999.000,9999.000,9999.000
202603170754,  -0.009,   0.429,9999.000,9999.000,9999.000,9999.000,9999.000,9999.000,9999.000
202603170800,   0.023,   0.400,   0.000,   0.377,   0.400,  -0.400,   0.000,   0.300,   0.700
202603170806,   0.058,   0.390,9999.000,9999.000,9999.000,9999.000,9999.000,9999.000,9999.000
202603170812,   0.095,   0.380,9999.000,9999.000,9999.000,9999.000,9999.000,9999.000,9999.000
202603170818,   0.135,   0.370,9999.000,9999.000,9999.000,9999.000,9999.000,9999.000,9999.000
202603170824,   0.176,   0.380,9999.000,9999.000,9999.000,9999.000,9999.000,9999.000,9999.000
202603170830,   0.220,   0.429,9999.000,9999.000,9999.000,9999.000,9999.000,9999.000,9999.000
202603170836,   0.265,   0.449,9999.000,9999.000,9999.000,9999.000,9999.000,9999.000,9999.000
202603170842,   0.312,   0.508,9999.000,9999.000,9999.000,9999.000,9999.000,9999.000,9999.000
202603170848,   0.361,   0.580,9999.000,9999.000,9999.000,9999.000,9999.000,9999.000,9999.000
202603170854,   0.412,   0.659,9999.000,9999.000,9999.000,9999.000,9999.000,9999.000,9999.000
202603170900,   0.465,   0.731,   0.000,   0.266,   0.731,  -0.400,   0.331,   0.200,   0.931
202603170906,   0.518,   0.800,9999.000,9999.000,9999.000,9999.000,9999.000,9999.000,9999.000
202603170912,   0.574,   0.849,9999.000,9999.000,9999.000,9999.000,9999.000,9999.000,9999.000
202603170918,   0.630,   0.918,9999.000,9999.000,9999.000,9999.000,9999.000,9999.000,9999.000
202603170924,   0.688,   0.941,9999.000,9999.000,9999.000,9999.000,9999.000,9999.000,9999.000
202603170930,   0.747,   0.990,9999.000,9999.000,9999.000,9999.000,9999.000,9999.000,9999.000
202603170936,   0.807,   1.029,9999.000,9999.000,9999.000,9999.000,9999.000,9999.000,9999.000
202603170942,   0.867,   1.039,9999.000,9999.000,9999.000,9999.000,9999.000,9999.000,9999.000
202603170948,   0.928,   1.049,9999.000,9999.000,9999.000,9999.000,9999.000,9999.000,9999.000
202603170954,   0.990,   1.088,9999.000,9999.000,9999.000,9999.000,9999.000,9999.000,9999.000
202603171000,   1.052,   1.138,   0.000,   0.086,   1.138,  -0.300,   0.838,   0.200,   1.338
202603171006,   1.114,   1.161,9999.000,9999.000,9999.000,9999.000,9999.000,9999.000,9999.000
202603171012,   1.176,   1.200,9999.000,9999.000,9999.000,9999.000,9999.000,9999.000,9999.000
202603171018,   1.238,   1.249,9999.000,9999.000,9999.000,9999.000,9999.000,9999.000,9999.000
202603171024,   1.299,   1.318,9999.000,9999.000,9999.000,9999.000,9999.000,9999.000,9999.000
202603171030,   1.360,   1.380,9999.000,9999.000,9999.000,9999.000,9999.000,9999.000,9999.000
202603171036,   1.420,   1.469,9999.000,9999.000,9999.000,9999.000,9999.000,9999.000,9999.000
202603171042,   1.479,   1.548,9999.000,9999.000,9999.000,9999.000,9999.000,9999.000,9999.000
202603171048,   1.536,   1.620,9999.000,9999.000,9999.000,9999.000,9999.000,9999.000,9999.000
202603171054,   1.592,   1.649,9999.000,9999.000,9999.000,9999.000,9999.000,9999.000,9999.000
202603171100,   1.647,   1.718,   0.000,   0.071,   1.718,  -0.300,   1.418,   0.200,   1.918
202603171106,   1.700,   1.790,9999.000,9999.000,9999.000,9999.000,9999.000,9999.000,9999.000
202603171112,   1.750,   1.859,9999.000,9999.000,9999.000,9999.000,9999.000,9999.000,9999.000
202603171118,   1.799,   1.908,9999.000,9999.000,9999.000,9999.000,9999.000,9999.000,9999.000
202603171124,   1.845,   1.948,9999.000,9999.000,9999.000,9999.000,9999.000,9999.000,9999.000
202603171130,   1.889,   1.990,9999.000,9999.000,9999.000,9999.000,9999.000,9999.000,9999.000
202603171136,   1.930,   2.040,9999.000,9999.000,9999.000,9999.000,9999.000,9999.000,9999.000
202603171142,   1.968,   2.079,9999.000,9999.000,9999.000,9999.000,9999.000,9999.000,9999.000
202603171148,   2.003,   2.089,9999.000,9999.000,9999.000,9999.000,9999.000,9999.000,9999.000
202603171154,   2.036,   2.128,9999.000,9999.000,9999.000,9999.000,9999.000,9999.000,9999.000
202603171200,   2.065,   2.158,   0.100,  -0.007,   2.158,   0.000,   2.058,   0.200,   2.258
202603171206,   2.091,   2.200,9999.000,9999.000,9999.000,9999.000,9999.000,9999.000,9999.000
202603171212,   2.113,   2.240,9999.000,9999.000,9999.000,9999.000,9999.000,9999.000,9999.000
202603171218,   2.133,   2.289,9999.000,9999.000,9999.000,9999.000,9999.000,9999.000,9999.000
202603171224,   2.149,   2.328,9999.000,9999.000,9999.000,9999.000,9999.000,9999.000,9999.000
202603171230,   2.162,   2.368,9999.000,9999.000,9999.000,9999.000,9999.000,9999.000,9999.000
202603171236,   2.171,   2.410,9999.000,9999.000,9999.000,9999.000,9999.000,9999.000,9999.000
202603171242,   2.177,   2.440,9999.000,9999.000,9999.000,9999.000,9999.000,9999.000,9999.000
202603171248,   2.179,   2.479,9999.000,9999.000,9999.000,9999.000,9999.000,9999.000,9999.000
202603171254,   2.179,   2.509,9999.000,9999.000,9999.000,9999.000,9999.000,9999.000,9999.000
202603171300,   2.175,   2.568,   0.100,   0.293,   2.568,   0.000,   2.468,   0.300,   2.768
202603171306,   2.168,   2.630,9999.000,9999.000,9999.000,9999.000,9999.000,9999.000,9999.000
202603171312,   2.158,   2.640,9999.000,9999.000,9999.000,9999.000,9999.000,9999.000,9999.000
202603171318,   2.145,   2.640,9999.000,9999.000,9999.000,9999.000,9999.000,9999.000,9999.000
202603171324,   2.129,   2.630,9999.000,9999.000,9999.000,9999.000,9999.000,9999.000,9999.000
202603171330,   2.110,   2.640,9999.000,9999.000,9999.000,9999.000,9999.000,9999.000,9999.000
202603171336,   2.088,   2.640,9999.000,9999.000,9999.000,9999.000,9999.000,9999.000,9999.000
202603171342,   2.064,   2.620,9999.000,9999.000,9999.000,9999.000,9999.000,9999.000,9999.000
202603171348,   2.037,   2.578,9999.000,9999.000,9999.000,9999.000,9999.000,9999.000,9999.000
202603171354,   2.007,   2.509,9999.000,9999.000,9999.000,9999.000,9999.000,9999.000,9999.000
202603171400,   1.975,   2.479,   0.100,   0.404,   2.479,   0.000,   2.379,   0.300,   2.679
202603171406,   1.941,   2.459,9999.000,9999.000,9999.000,9999.000,9999.000,9999.000,9999.000
202603171412,   1.905,   2.450,9999.000,9999.000,9999.000,9999.000,9999.000,9999.000,9999.000
202603171418,   1.867,   2.400,9999.000,9999.000,9999.000,9999.000,9999.000,9999.000,9999.000
202603171424,   1.826,   2.348,9999.000,9999.000,9999.000,9999.000,9999.000,9999.000,9999.000
202603171430,   1.784,   2.309,9999.000,9999.000,9999.000,9999.000,9999.000,9999.000,9999.000
202603171436,   1.740,   2.259,9999.000,9999.000,9999.000,9999.000,9999.000,9999.000,9999.000
202603171442,   1.694,   2.220,9999.000,9999.000,9999.000,9999.000,9999.000,9999.000,9999.000
202603171448,   1.647,   2.177,9999.000,9999.000,9999.000,9999.000,9999.000,9999.000,9999.000
202603171454,   1.598,   2.148,9999.000,9999.000,9999.000,9999.000,9999.000,9999.000,9999.000
202603171500,   1.547,   2.089,   0.100,   0.442,   2.089,   0.000,   1.989,   0.300,   2.289
202603171506,   1.496,   2.030,9999.000,9999.000,9999.000,9999.000,9999.000,9999.000,9999.000
202603171512,   1.443,   1.981,9999.000,9999.000,9999.000,9999.000,9999.000,9999.000,9999.000
202603171518,   1.389,   1.938,9999.000,9999.000,9999.000,9999.000,9999.000,9999.000,9999.000
202603171524,   1.334,   1.879,9999.000,9999.000,9999.000,9999.000,9999.000,9999.000,9999.000
202603171530,   1.277,   1.849,9999.000,9999.000,9999.000,9999.000,9999.000,9999.000,9999.000
202603171536,   1.221,   1.800,9999.000,9999.000,9999.000,9999.000,9999.000,9999.000,9999.000
202603171542,   1.163,   1.758,9999.000,9999.000,9999.000,9999.000,9999.000,9999.000,9999.000
202603171548,   1.105,   1.679,9999.000,9999.000,9999.000,9999.000,9999.000,9999.000,9999.000
202603171554,   1.046,   1.649,9999.000,9999.000,9999.000,9999.000,9999.000,9999.000,9999.000
202603171600,   0.987,   1.590,   0.100,   0.503,   1.590,   0.000,   1.490,   0.300,   1.790
202603171606,   0.927,   1.548,9999.000,9999.000,9999.000,9999.000,9999.000,9999.000,9999.000
202603171612,   0.868,   1.508,9999.000,9999.000,9999.000,9999.000,9999.000,9999.000,9999.000
202603171618,   0.809,   1.430,9999.000,9999.000,9999.000,9999.000,9999.000,9999.000,9999.000
202603171624,   0.749,   1.361,9999.000,9999.000,9999.000,9999.000,9999.000,9999.000,9999.000
202603171630,   0.691,   1.308,9999.000,9999.000,9999.000,9999.000,9999.000,9999.000,9999.000
202603171636,   0.632,   1.239,9999.000,9999.000,9999.000,9999.000,9999.000,9999.000,9999.000
202603171642,   0.575,   1.220,9999.000,9999.000,9999.000,9999.000,9999.000,9999.000,9999.000
202603171648,   0.518,   1.151,9999.000,9999.000,9999.000,9999.000,9999.000,9999.000,9999.000
202603171654,   0.463,   1.098,9999.000,9999.000,9999.000,9999.000,9999.000,9999.000,9999.000
202603171700,   0.408,   1.059,   0.100,   0.551,   1.059,   0.000,   0.959,   0.200,   1.159
202603171706,   0.355,   1.000,9999.000,9999.000,9999.000,9999.000,9999.000,9999.000,9999.000
202603171712,   0.304,   0.961,9999.000,9999.000,9999.000,9999.000,9999.000,9999.000,9999.000
202603171718,   0.254,   0.898,9999.000,9999.000,9999.000,9999.000,9999.000,9999.000,9999.000
202603171724,   0.206,   0.839,9999.000,9999.000,9999.000,9999.000,9999.000,9999.000,9999.000
202603171730,   0.160,   0.790,9999.000,9999.000,9999.000,9999.000,9999.000,9999.000,9999.000
202603171736,   0.116,   0.770,9999.000,9999.000,9999.000,9999.000,9999.000,9999.000,9999.000
202603171742,   0.075,   0.731,9999.000,9999.000,9999.000,9999.000,9999.000,9999.000,9999.000
202603171748,   0.035,   0.688,9999.000,9999.000,9999.000,9999.000,9999.000,9999.000,9999.000
202603171754,   0.000,   0.639,9999.000,9999.000,9999.000,9999.000,9999.000,9999.000,9999.000
202603171800,  -0.034,   0.619,   0.100,   0.553,   0.619,   0.000,   0.519,   0.300,   0.819
202603171806,  -0.065,   0.600,9999.000,9999.000,9999.000,9999.000,9999.000,9999.000,9999.000
202603171812,  -0.094,   0.560,9999.000,9999.000,9999.000,9999.000,9999.000,9999.000,9999.000
202603171818,  -0.119,   0.531,9999.000,9999.000,9999.000,9999.000,9999.000,9999.000,9999.000
202603171824,  -0.142,   0.498,9999.000,9999.000,9999.000,9999.000,9999.000,9999.000,9999.000
202603171830,  -0.161,   0.469,9999.000,9999.000,9999.000,9999.000,9999.000,9999.000,9999.000
202603171836,  -0.178,   0.449,9999.000,9999.000,9999.000,9999.000,9999.000,9999.000,9999.000
202603171842,  -0.191,   0.429,9999.000,9999.000,9999.000,9999.000,9999.000,9999.000,9999.000
202603171848,  -0.202,   0.400,9999.000,9999.000,9999.000,9999.000,9999.000,9999.000,9999.000
202603171854,  -0.209,   0.380,9999.000,9999.000,9999.000,9999.000,9999.000,9999.000,9999.000
202603171900,  -0.213,   0.350,   0.200,   0.363,   0.350,   0.000,   0.150,   0.300,   0.450
202603171906,  -0.214,   0.321,9999.000,9999.000,9999.000,9999.000,9999.000,9999.000,9999.000
202603171912,  -0.211,   0.308,9999.000,9999.000,9999.000,9999.000,9999.000,9999.000,9999.000
202603171918,  -0.206,   0.298,9999.000,9999.000,9999.000,9999.000,9999.000,9999.000,9999.000
202603171924,  -0.198,   0.298,9999.000,9999.000,9999.000,9999.000,9999.000,9999.000,9999.000
202603171930,  -0.187,   0.308,9999.000,9999.000,9999.000,9999.000,9999.000,9999.000,9999.000
202603171936,  -0.172,   0.298,9999.000,9999.000,9999.000,9999.000,9999.000,9999.000,9999.000
202603171942,  -0.155,   0.308,9999.000,9999.000,9999.000,9999.000,9999.000,9999.000,9999.000
202603171948,  -0.135,   0.331,9999.000,9999.000,9999.000,9999.000,9999.000,9999.000,9999.000
202603171954,  -0.112,   0.331,9999.000,9999.000,9999.000,9999.000,9999.000,9999.000,9999.000
202603172000,  -0.087,   0.341,   0.200,   0.228,   0.341,   0.000,   0.141,   0.300,   0.441
202603172006,  -0.059,   0.360,9999.000,9999.000,9999.000,9999.000,9999.000,9999.000,9999.000
202603172012,  -0.028,   0.370,9999.000,9999.000,9999.000,9999.000,9999.000,9999.000,9999.000
202603172018,   0.005,   0.360,9999.000,9999.000,9999.000,9999.000,9999.000,9999.000,9999.000
202603172024,   0.040,   0.390,9999.000,9999.000,9999.000,9999.000,9999.000,9999.000,9999.000
202603172030,   0.079,   0.400,9999.000,9999.000,9999.000,9999.000,9999.000,9999.000,9999.000
202603172036,   0.119,   0.419,9999.000,9999.000,9999.000,9999.000,9999.000,9999.000,9999.000
202603172042,   0.162,   0.449,9999.000,9999.000,9999.000,9999.000,9999.000,9999.000,9999.000
202603172048,   0.207,   0.469,9999.000,9999.000,9999.000,9999.000,9999.000,9999.000,9999.000
202603172054,   0.255,   0.498,9999.000,9999.000,9999.000,9999.000,9999.000,9999.000,9999.000
202603172100,   0.304,   0.508,   0.100,   0.104,   0.508,   0.000,   0.408,   0.200,   0.608
202603172106,   0.355,   0.531,9999.000,9999.000,9999.000,9999.000,9999.000,9999.000,9999.000
202603172112,   0.408,   0.590,9999.000,9999.000,9999.000,9999.000,9999.000,9999.000,9999.000
202603172118,   0.463,   0.619,9999.000,9999.000,9999.000,9999.000,9999.000,9999.000,9999.000
202603172124,   0.519,   0.649,9999.000,9999.000,9999.000,9999.000,9999.000,9999.000,9999.000
202603172130,   0.577,   0.708,9999.000,9999.000,9999.000,9999.000,9999.000,9999.000,9999.000
202603172136,   0.636,   0.760,9999.000,9999.000,9999.000,9999.000,9999.000,9999.000,9999.000
202603172142,   0.697,   0.780,9999.000,9999.000,9999.000,9999.000,9999.000,9999.000,9999.000
202603172148,   0.758,   0.839,9999.000,9999.000,9999.000,9999.000,9999.000,9999.000,9999.000
202603172154,   0.821,   0.908,9999.000,9999.000,9999.000,9999.000,9999.000,9999.000,9999.000
202603172200,   0.884,   0.941,   0.100,  -0.043,   0.941,   0.100,   0.941,   0.200,   1.041
202603172206,   0.948,   1.010,9999.000,9999.000,9999.000,9999.000,9999.000,9999.000,9999.000
202603172212,   1.013,   1.049,9999.000,9999.000,9999.000,9999.000,9999.000,9999.000,9999.000
202603172218,   1.077,   1.108,9999.000,9999.000,9999.000,9999.000,9999.000,9999.000,9999.000
202603172224,   1.142,   1.170,9999.000,9999.000,9999.000,9999.000,9999.000,9999.000,9999.000
202603172230,   1.207,   1.249,9999.000,9999.000,9999.000,9999.000,9999.000,9999.000,9999.000
202603172236,   1.271,   1.298,9999.000,9999.000,9999.000,9999.000,9999.000,9999.000,9999.000
202603172242,   1.335,   1.380,9999.000,9999.000,9999.000,9999.000,9999.000,9999.000,9999.000
202603172248,   1.398,   1.439,9999.000,9999.000,9999.000,9999.000,9999.000,9999.000,9999.000
202603172254,   1.460,   1.508,9999.000,9999.000,9999.000,9999.000,9999.000,9999.000,9999.000
202603172300,   1.522,   1.548,   0.100,  -0.074,   1.548,   0.000,   1.448,   0.200,   1.648
202603172306,   1.581,   1.620,9999.000,9999.000,9999.000,9999.000,9999.000,9999.000,9999.000
202603172312,   1.639,   1.659,9999.000,9999.000,9999.000,9999.000,9999.000,9999.000,9999.000
202603172318,   1.696,9999.000,9999.000,9999.000,9999.000,9999.000,9999.000,9999.000,9999.000
202603172324,   1.750,9999.000,9999.000,9999.000,9999.000,9999.000,9999.000,9999.000,9999.000
202603172330,   1.803,   1.748,9999.000,9999.000,9999.000,9999.000,9999.000,9999.000,9999.000
202603172336,   1.853,   1.800,9999.000,9999.000,9999.000,9999.000,9999.000,9999.000,9999.000
202603172342,   1.900,   1.849,9999.000,9999.000,9999.000,9999.000,9999.000,9999.000,9999.000
202603172348,   1.945,   1.869,9999.000,9999.000,9999.000,9999.000,9999.000,9999.000,9999.000
202603172354,   1.987,9999.000,9999.000,9999.000,9999.000,9999.000,9999.000,9999.000,9999.000
202603180000,   2.026,   1.967,   0.000,  -0.059,   1.967,   0.000,   1.967,   0.100,   2.067
202603180006,   2.063,   1.967,9999.000,9999.000,9999.000,9999.000,9999.000,9999.000,9999.000
202603180012,   2.095,   1.967,9999.000,9999.000,9999.000,9999.000,9999.000,9999.000,9999.000
202603180018,   2.125,   1.990,9999.000,9999.000,9999.000,9999.000,9999.000,9999.000,9999.000
202603180024,   2.151,   1.981,9999.000,9999.000,9999.000,9999.000,9999.000,9999.000,9999.000
202603180030,   2.174,   1.981,9999.000,9999.000,9999.000,9999.000,9999.000,9999.000,9999.000
202603180036,   2.194,   1.990,9999.000,9999.000,9999.000,9999.000,9999.000,9999.000,9999.000
202603180042,   2.210,   2.000,9999.000,9999.000,9999.000,9999.000,9999.000,9999.000,9999.000
202603180048,   2.222,   2.000,9999.000,9999.000,9999.000,9999.000,9999.000,9999.000,9999.000
202603180054,   2.231,   2.020,9999.000,9999.000,9999.000,9999.000,9999.000,9999.000,9999.000
202603180100,   2.237,   2.020,   0.000,  -0.217,   2.020,   0.000,   2.020,   0.100,   2.120
202603180106,   2.239,   2.020,9999.000,9999.000,9999.000,9999.000,9999.000,9999.000,9999.000
202603180112,   2.238,   2.030,9999.000,9999.000,9999.000,9999.000,9999.000,9999.000,9999.000
202603180118,   2.233,   2.040,9999.000,9999.000,9999.000,9999.000,9999.000,9999.000,9999.000
202603180124,   2.225,   2.030,9999.000,9999.000,9999.000,9999.000,9999.000,9999.000,9999.000
202603180130,   2.214,   2.020,9999.000,9999.000,9999.000,9999.000,9999.000,9999.000,9999.000
202603180136,   2.200,   2.020,9999.000,9999.000,9999.000,9999.000,9999.000,9999.000,9999.000
202603180142,   2.183,   1.990,9999.000,9999.000,9999.000,9999.000,9999.000,9999.000,9999.000
202603180148,   2.163,   1.990,9999.000,9999.000,9999.000,9999.000,9999.000,9999.000,9999.000
202603180154,   2.140,   1.981,9999.000,9999.000,9999.000,9999.000,9999.000,9999.000,9999.000
202603180200,   2.114,   1.958,   0.000,  -0.156,   1.958,   0.000,   1.958,   0.100,   2.058
202603180206,   2.086,   1.928,9999.000,9999.000,9999.000,9999.000,9999.000,9999.000,9999.000
202603180212,   2.055,   1.889,9999.000,9999.000,9999.000,9999.000,9999.000,9999.000,9999.000
202603180218,   2.021,   1.859,9999.000,9999.000,9999.000,9999.000,9999.000,9999.000,9999.000
202603180224,   1.986,   1.840,9999.000,9999.000,9999.000,9999.000,9999.000,9999.000,9999.000
202603180230,   1.948,   1.810,9999.000,9999.000,9999.000,9999.000,9999.000,9999.000,9999.000
202603180236,   1.908,   1.767,9999.000,9999.000,9999.000,9999.000,9999.000,9999.000,9999.000
202603180242,   1.865,   1.728,9999.000,9999.000,9999.000,9999.000,9999.000,9999.000,9999.000
202603180248,   1.821,   1.699,9999.000,9999.000,9999.000,9999.000,9999.000,9999.000,9999.000
202603180254,   1.776,   1.659,9999.000,9999.000,9999.000,9999.000,9999.000,9999.000,9999.000
202603180300,   1.728,   1.610,   0.000,  -0.118,   1.610,   0.000,   1.610,   0.000,   1.610
202603180306,   1.679,   1.571,9999.000,9999.000,9999.000,9999.000,9999.000,9999.000,9999.000
202603180312,   1.628,   1.528,9999.000,9999.000,9999.000,9999.000,9999.000,9999.000,9999.000
202603180318,   1.576,   1.498,9999.000,9999.000,9999.000,9999.000,9999.000,9999.000,9999.000
202603180324,   1.522,   1.439,9999.000,9999.000,9999.000,9999.000,9999.000,9999.000,9999.000
202603180330,   1.467,   1.380,9999.000,9999.000,9999.000,9999.000,9999.000,9999.000,9999.000
202603180336,   1.411,   1.338,9999.000,9999.000,9999.000,9999.000,9999.000,9999.000,9999.000
202603180342,   1.354,   1.269,9999.000,9999.000,9999.000,9999.000,9999.000,9999.000,9999.000
202603180348,   1.296,   1.220,9999.000,9999.000,9999.000,9999.000,9999.000,9999.000,9999.000
202603180354,   1.237,   1.170,9999.000,9999.000,9999.000,9999.000,9999.000,9999.000,9999.000
202603180400,   1.177,   1.128,   0.000,  -0.049,   1.128,  -0.100,   1.028,   0.000,   1.128
202603180406,   1.117,   1.098,9999.000,9999.000,9999.000,9999.000,9999.000,9999.000,9999.000
202603180412,   1.056,   1.049,9999.000,9999.000,9999.000,9999.000,9999.000,9999.000,9999.000
202603180418,   0.995,   1.010,9999.000,9999.000,9999.000,9999.000,9999.000,9999.000,9999.000
202603180424,   0.933,   0.951,9999.000,9999.000,9999.000,9999.000,9999.000,9999.000,9999.000
202603180430,   0.872,   0.898,9999.000,9999.000,9999.000,9999.000,9999.000,9999.000,9999.000
202603180436,   0.810,   0.859,9999.000,9999.000,9999.000,9999.000,9999.000,9999.000,9999.000
202603180442,   0.749,   0.810,9999.000,9999.000,9999.000,9999.000,9999.000,9999.000,9999.000
202603180448,   0.688,   0.751,9999.000,9999.000,9999.000,9999.000,9999.000,9999.000,9999.000
202603180454,   0.627,   0.688,9999.000,9999.000,9999.000,9999.000,9999.000,9999.000,9999.000
202603180500,   0.567,   0.649,   0.000,   0.082,   0.649,  -0.100,   0.549,   0.000,   0.649
202603180506,   0.508,   0.590,9999.000,9999.000,9999.000,9999.000,9999.000,9999.000,9999.000
202603180512,   0.450,   0.531,9999.000,9999.000,9999.000,9999.000,9999.000,9999.000,9999.000
202603180518,   0.393,   0.488,9999.000,9999.000,9999.000,9999.000,9999.000,9999.000,9999.000
202603180524,   0.337,   0.429,9999.000,9999.000,9999.000,9999.000,9999.000,9999.000,9999.000
202603180530,   0.283,   0.390,9999.000,9999.000,9999.000,9999.000,9999.000,9999.000,9999.000
202603180536,   0.230,   0.341,9999.000,9999.000,9999.000,9999.000,9999.000,9999.000,9999.000
202603180542,   0.179,   0.298,9999.000,9999.000,9999.000,9999.000,9999.000,9999.000,9999.000
202603180548,   0.130,   0.249,9999.000,9999.000,9999.000,9999.000,9999.000,9999.000,9999.000
202603180554,   0.082,   0.219,9999.000,9999.000,9999.000,9999.000,9999.000,9999.000,9999.000
202603180600,   0.037,   0.200,  -0.100,   0.263,   0.200,  -0.200,   0.100,  -0.100,   0.200
202603180606,  -0.004,   0.170,9999.000,9999.000,9999.000,9999.000,9999.000,9999.000,9999.000
202603180612,  -0.044,   0.150,9999.000,9999.000,9999.000,9999.000,9999.000,9999.000,9999.000
202603180618,  -0.082,   0.131,9999.000,9999.000,9999.000,9999.000,9999.000,9999.000,9999.000
202603180624,  -0.117,   0.131,9999.000,9999.000,9999.000,9999.000,9999.000,9999.000,9999.000
202603180630,  -0.149,   0.088,9999.000,9999.000,9999.000,9999.000,9999.000,9999.000,9999.000
202603180636,  -0.178,   0.098,9999.000,9999.000,9999.000,9999.000,9999.000,9999.000,9999.000
202603180642,  -0.205,   0.068,9999.000,9999.000,9999.000,9999.000,9999.000,9999.000,9999.000
202603180648,  -0.228,   0.029,9999.000,9999.000,9999.000,9999.000,9999.000,9999.000,9999.000
202603180654,  -0.249,   0.049,9999.000,9999.000,9999.000,9999.000,9999.000,9999.000,9999.000
202603180700,  -0.266,   0.009,  -0.100,   0.375,   0.009,  -0.200,  -0.091,  -0.100,   0.009
202603180706,  -0.280,   0.000,9999.000,9999.000,9999.000,9999.000,9999.000,9999.000,9999.000
202603180712,  -0.291,  -0.019,9999.000,9999.000,9999.000,9999.000,9999.000,9999.000,9999.000
202603180718,  -0.299,  -0.039,9999.000,9999.000,9999.000,9999.000,9999.000,9999.000,9999.000
202603180724,  -0.304,  -0.039,9999.000,9999.000,9999.000,9999.000,9999.000,9999.000,9999.000
202603180730,  -0.305,  -0.059,9999.000,9999.000,9999.000,9999.000,9999.000,9999.000,9999.000
202603180736,  -0.304,  -0.088,9999.000,9999.000,9999.000,9999.000,9999.000,9999.000,9999.000
202603180742,  -0.299,  -0.098,9999.000,9999.000,9999.000,9999.000,9999.000,9999.000,9999.000
202603180748,  -0.291,  -0.111,9999.000,9999.000,9999.000,9999.000,9999.000,9999.000,9999.000
202603180754,  -0.280,  -0.121,9999.000,9999.000,9999.000,9999.000,9999.000,9999.000,9999.000
202603180800,  -0.266,  -0.111,  -0.100,   0.255,  -0.111,  -0.200,  -0.211,  -0.100,  -0.111
202603180806,  -0.249,  -0.121,9999.000,9999.000,9999.000,9999.000,9999.000,9999.000,9999.000
202603180812,  -0.229,  -0.121,9999.000,9999.000,9999.000,9999.000,9999.000,9999.000,9999.000
202603180818,  -0.206,  -0.098,9999.000,9999.000,9999.000,9999.000,9999.000,9999.000,9999.000
202603180824,  -0.180,  -0.078,9999.000,9999.000,9999.000,9999.000,9999.000,9999.000,9999.000
202603180830,  -0.151,  -0.068,9999.000,9999.000,9999.000,9999.000,9999.000,9999.000,9999.000
202603180836,  -0.119,  -0.049,9999.000,9999.000,9999.000,9999.000,9999.000,9999.000,9999.000
202603180842,  -0.085,  -0.029,9999.000,9999.000,9999.000,9999.000,9999.000,9999.000,9999.000
202603180848,  -0.048,   0.000,9999.000,9999.000,9999.000,9999.000,9999.000,9999.000,9999.000
202603180854,  -0.008,   0.039,9999.000,9999.000,9999.000,9999.000,9999.000,9999.000,9999.000
202603180900,   0.033,   0.068,  -0.100,   0.135,   0.068,  -0.200,  -0.032,  -0.100,   0.068
202603180906,   0.077,   0.098,9999.000,9999.000,9999.000,9999.000,9999.000,9999.000,9999.000
202603180912,   0.124,   0.160,9999.000,9999.000,9999.000,9999.000,9999.000,9999.000,9999.000
202603180918,   0.174,   0.209,9999.000,9999.000,9999.000,9999.000,9999.000,9999.000,9999.000
202603180924,   0.225,   0.259,9999.000,9999.000,9999.000,9999.000,9999.000,9999.000,9999.000
202603180930,   0.278,   0.308,9999.000,9999.000,9999.000,9999.000,9999.000,9999.000,9999.000
202603180936,   0.334,   0.360,9999.000,9999.000,9999.000,9999.000,9999.000,9999.000,9999.000
202603180942,   0.391,   0.400,9999.000,9999.000,9999.000,9999.000,9999.000,9999.000,9999.000
202603180948,   0.450,   0.439,9999.000,9999.000,9999.000,9999.000,9999.000,9999.000,9999.000
202603180954,   0.511,   0.478,9999.000,9999.000,9999.000,9999.000,9999.000,9999.000,9999.000
202603181000,   0.573,   0.541,  -0.100,   0.068,   0.541,  -0.200,   0.441,  -0.100,   0.541
202603181006,   0.637,   0.570,9999.000,9999.000,9999.000,9999.000,9999.000,9999.000,9999.000
202603181012,   0.701,   0.610,9999.000,9999.000,9999.000,9999.000,9999.000,9999.000,9999.000
202603181018,   0.767,   0.678,9999.000,9999.000,9999.000,9999.000,9999.000,9999.000,9999.000
202603181024,   0.834,   0.751,9999.000,9999.000,9999.000,9999.000,9999.000,9999.000,9999.000
202603181030,   0.901,   0.810,9999.000,9999.000,9999.000,9999.000,9999.000,9999.000,9999.000
202603181036,   0.968,   0.888,9999.000,9999.000,9999.000,9999.000,9999.000,9999.000,9999.000
202603181042,   1.036,   0.951,9999.000,9999.000,9999.000,9999.000,9999.000,9999.000,9999.000
202603181048,   1.104,   1.029,9999.000,9999.000,9999.000,9999.000,9999.000,9999.000,9999.000
202603181054,   1.172,   1.098,9999.000,9999.000,9999.000,9999.000,9999.000,9999.000,9999.000
202603181100,   1.240,   1.161,  -0.100,   0.021,   1.161,  -0.200,   1.061,   0.000,   1.261
202603181106,   1.307,   1.210,9999.000,9999.000,9999.000,9999.000,9999.000,9999.000,9999.000
202603181112,   1.373,   1.259,9999.000,9999.000,9999.000,9999.000,9999.000,9999.000,9999.000
202603181118,   1.438,   1.308,9999.000,9999.000,9999.000,9999.000,9999.000,9999.000,9999.000
202603181124,   1.502,   1.380,9999.000,9999.000,9999.000,9999.000,9999.000,9999.000,9999.000
202603181130,   1.565,   1.439,9999.000,9999.000,9999.000,9999.000,9999.000,9999.000,9999.000
202603181136,   1.625,   1.508,9999.000,9999.000,9999.000,9999.000,9999.000,9999.000,9999.000
202603181142,   1.684,   1.538,9999.000,9999.000,9999.000,9999.000,9999.000,9999.000,9999.000
202603181148,   1.741,   1.600,9999.000,9999.000,9999.000,9999.000,9999.000,9999.000,9999.000
202603181154,   1.796,   1.639,9999.000,9999.000,9999.000,9999.000,9999.000,9999.000,9999.000
202603181200,   1.849,   1.708,  -0.400,   0.259,   1.708,  -0.500,   1.608,  -0.300,   1.808
202603181206,   1.898,   1.767,9999.000,9999.000,9999.000,9999.000,9999.000,9999.000,9999.000
202603181212,   1.945,   1.820,9999.000,9999.000,9999.000,9999.000,9999.000,9999.000,9999.000
202603181218,   1.989,   1.879,9999.000,9999.000,9999.000,9999.000,9999.000,9999.000,9999.000
202603181224,   2.030,   1.928,9999.000,9999.000,9999.000,9999.000,9999.000,9999.000,9999.000
202603181230,   2.068,   1.990,9999.000,9999.000,9999.000,9999.000,9999.000,9999.000,9999.000
202603181236,   2.103,   2.020,9999.000,9999.000,9999.000,9999.000,9999.000,9999.000,9999.000
202603181242,   2.134,   2.069,9999.000,9999.000,9999.000,9999.000,9999.000,9999.000,9999.000
202603181248,   2.162,   2.099,9999.000,9999.000,9999.000,9999.000,9999.000,9999.000,9999.000
202603181254,   2.186,   2.128,9999.000,9999.000,9999.000,9999.000,9999.000,9999.000,9999.000
202603181300,   2.207,   2.158,  -0.400,   0.351,   2.158,  -0.500,   2.058,  -0.300,   2.258
202603181306,   2.224,   2.177,9999.000,9999.000,9999.000,9999.000,9999.000,9999.000,9999.000
202603181312,   2.238,   2.200,9999.000,9999.000,9999.000,9999.000,9999.000,9999.000,9999.000
202603181318,   2.248,   2.230,9999.000,9999.000,9999.000,9999.000,9999.000,9999.000,9999.000
202603181324,   2.254,   2.240,9999.000,9999.000,9999.000,9999.000,9999.000,9999.000,9999.000
202603181330,   2.257,   2.259,9999.000,9999.000,9999.000,9999.000,9999.000,9999.000,9999.000
202603181336,   2.256,   2.259,9999.000,9999.000,9999.000,9999.000,9999.000,9999.000,9999.000
202603181342,   2.252,   2.259,9999.000,9999.000,9999.000,9999.000,9999.000,9999.000,9999.000
202603181348,   2.245,   2.259,9999.000,9999.000,9999.000,9999.000,9999.000,9999.000,9999.000
202603181354,   2.234,   2.259,9999.000,9999.000,9999.000,9999.000,9999.000,9999.000,9999.000
202603181400,   2.220,   2.240,  -0.300,   0.320,   2.240,  -0.500,   2.040,  -0.300,   2.240
202603181406,   2.203,   2.230,9999.000,9999.000,9999.000,9999.000,9999.000,9999.000,9999.000
202603181412,   2.182,   2.210,9999.000,9999.000,9999.000,9999.000,9999.000,9999.000,9999.000
202603181418,   2.159,   2.191,9999.000,9999.000,9999.000,9999.000,9999.000,9999.000,9999.000
202603181424,   2.133,   2.177,9999.000,9999.000,9999.000,9999.000,9999.000,9999.000,9999.000
202603181430,   2.104,   2.158,9999.000,9999.000,9999.000,9999.000,9999.000,9999.000,9999.000
202603181436,   2.072,   2.148,9999.000,9999.000,9999.000,9999.000,9999.000,9999.000,9999.000
202603181442,   2.038,   2.118,9999.000,9999.000,9999.000,9999.000,9999.000,9999.000,9999.000
202603181448,   2.001,   2.099,9999.000,9999.000,9999.000,9999.000,9999.000,9999.000,9999.000
202603181454,   1.962,   2.069,9999.000,9999.000,9999.000,9999.000,9999.000,9999.000,9999.000
202603181500,   1.920,   2.030,  -0.400,   0.510,   2.030,  -0.400,   2.030,  -0.300,   2.130
202603181506,   1.876,   1.990,9999.000,9999.000,9999.000,9999.000,9999.000,9999.000,9999.000
202603181512,   1.831,   1.958,9999.000,9999.000,9999.000,9999.000,9999.000,9999.000,9999.000
202603181518,   1.783,   1.908,9999.000,9999.000,9999.000,9999.000,9999.000,9999.000,9999.000
202603181524,   1.733,   1.879,9999.000,9999.000,9999.000,9999.000,9999.000,9999.000,9999.000
202603181530,   1.682,   1.830,9999.000,9999.000,9999.000,9999.000,9999.000,9999.000,9999.000
202603181536,   1.629,   1.790,9999.000,9999.000,9999.000,9999.000,9999.000,9999.000,9999.000
202603181542,   1.574,   1.738,9999.000,9999.000,9999.000,9999.000,9999.000,9999.000,9999.000
202603181548,   1.518,   1.689,9999.000,9999.000,9999.000,9999.000,9999.000,9999.000,9999.000
202603181554,   1.461,   1.639,9999.000,9999.000,9999.000,9999.000,9999.000,9999.000,9999.000
202603181600,   1.402,   1.590,  -0.400,   0.588,   1.590,  -0.500,   1.490,  -0.300,   1.690
202603181606,   1.342,   1.528,9999.000,9999.000,9999.000,9999.000,9999.000,9999.000,9999.000
202603181612,   1.282,   1.459,9999.000,9999.000,9999.000,9999.000,9999.000,9999.000,9999.000
202603181618,   1.220,   1.390,9999.000,9999.000,9999.000,9999.000,9999.000,9999.000,9999.000
202603181624,   1.158,   1.308,9999.000,9999.000,9999.000,9999.000,9999.000,9999.000,9999.000
202603181630,   1.095,   1.239,9999.000,9999.000,9999.000,9999.000,9999.000,9999.000,9999.000
202603181636,   1.032,   1.161,9999.000,9999.000,9999.000,9999.000,9999.000,9999.000,9999.000
202603181642,   0.968,   1.098,9999.000,9999.000,9999.000,9999.000,9999.000,9999.000,9999.000
202603181648,   0.904,   1.010,9999.000,9999.000,9999.000,9999.000,9999.000,9999.000,9999.000
202603181654,   0.840,   0.941,9999.000,9999.000,9999.000,9999.000,9999.000,9999.000,9999.000
202603181700,   0.777,   0.869,  -0.400,   0.492,   0.869,  -0.500,   0.769,  -0.300,   0.969
202603181706,   0.713,   0.790,9999.000,9999.000,9999.000,9999.000,9999.000,9999.000,9999.000
202603181712,   0.651,   0.731,9999.000,9999.000,9999.000,9999.000,9999.000,9999.000,9999.000
202603181718,   0.588,   0.669,9999.000,9999.000,9999.000,9999.000,9999.000,9999.000,9999.000
202603181724,   0.527,   0.580,9999.000,9999.000,9999.000,9999.000,9999.000,9999.000,9999.000
202603181730,   0.466,   0.518,9999.000,9999.000,9999.000,9999.000,9999.000,9999.000,9999.000
202603181736,   0.407,   0.439,9999.000,9999.000,9999.000,9999.000,9999.000,9999.000,9999.000
202603181742,   0.349,   0.380,9999.000,9999.000,9999.000,9999.000,9999.000,9999.000,9999.000
202603181748,   0.293,   0.298,9999.000,9999.000,9999.000,9999.000,9999.000,9999.000,9999.000
202603181754,   0.238,   0.229,9999.000,9999.000,9999.000,9999.000,9999.000,9999.000,9999.000
202603181800,   0.185,   0.180,  -0.500,   0.495,   0.180,  -0.600,   0.080,  -0.400,   0.280
202603181806,   0.134,   0.111,9999.000,9999.000,9999.000,9999.000,9999.000,9999.000,9999.000
202603181812,   0.085,   0.039,9999.000,9999.000,9999.000,9999.000,9999.000,9999.000,9999.000
202603181818,   0.038,  -0.029,9999.000,9999.000,9999.000,9999.000,9999.000,9999.000,9999.000
202603181824,  -0.005,  -0.088,9999.000,9999.000,9999.000,9999.000,9999.000,9999.000,9999.000
202603181830,  -0.047,  -0.150,9999.000,9999.000,9999.000,9999.000,9999.000,9999.000,9999.000
202603181836,  -0.086,  -0.190,9999.000,9999.000,9999.000,9999.000,9999.000,9999.000,9999.000
202603181842,  -0.122,  -0.219,9999.000,9999.000,9999.000,9999.000,9999.000,9999.000,9999.000
202603181848,  -0.155,  -0.268,9999.000,9999.000,9999.000,9999.000,9999.000,9999.000,9999.000
202603181854,  -0.186,  -0.308,9999.000,9999.000,9999.000,9999.000,9999.000,9999.000,9999.000
202603181900,  -0.213,  -0.341,  -0.500,   0.372,  -0.341,  -0.600,  -0.441,  -0.400,  -0.241
202603181906,  -0.237,  -0.380,9999.000,9999.000,9999.000,9999.000,9999.000,9999.000,9999.000
202603181912,  -0.258,  -0.400,9999.000,9999.000,9999.000,9999.000,9999.000,9999.000,9999.000
202603181918,  -0.275,  -0.419,9999.000,9999.000,9999.000,9999.000,9999.000,9999.000,9999.000
202603181924,  -0.289,  -0.439,9999.000,9999.000,9999.000,9999.000,9999.000,9999.000,9999.000
202603181930,  -0.300,  -0.459,9999.000,9999.000,9999.000,9999.000,9999.000,9999.000,9999.000
202603181936,  -0.307,  -0.469,9999.000,9999.000,9999.000,9999.000,9999.000,9999.000,9999.000
202603181942,  -0.311,  -0.498,9999.000,9999.000,9999.000,9999.000,9999.000,9999.000,9999.000
202603181948,  -0.312,  -0.518,9999.000,9999.000,9999.000,9999.000,9999.000,9999.000,9999.000
202603181954,  -0.309,  -0.518,9999.000,9999.000,9999.000,9999.000,9999.000,9999.000,9999.000
202603182000,  -0.302,  -0.518,  -0.500,   0.284,  -0.518,  -0.600,  -0.618,  -0.500,  -0.518
202603182006,  -0.292,  -0.531,9999.000,9999.000,9999.000,9999.000,9999.000,9999.000,9999.000
202603182012,  -0.279,  -0.518,9999.000,9999.000,9999.000,9999.000,9999.000,9999.000,9999.000
202603182018,  -0.262,  -0.508,9999.000,9999.000,9999.000,9999.000,9999.000,9999.000,9999.000
202603182024,  -0.243,  -0.488,9999.000,9999.000,9999.000,9999.000,9999.000,9999.000,9999.000
202603182030,  -0.219,  -0.469,9999.000,9999.000,9999.000,9999.000,9999.000,9999.000,9999.000
202603182036,  -0.193,  -0.429,9999.000,9999.000,9999.000,9999.000,9999.000,9999.000,9999.000
202603182042,  -0.164,  -0.400,9999.000,9999.000,9999.000,9999.000,9999.000,9999.000,9999.000
202603182048,  -0.131,  -0.370,9999.000,9999.000,9999.000,9999.000,9999.000,9999.000,9999.000
202603182054,  -0.096,  -0.350,9999.000,9999.000,9999.000,9999.000,9999.000,9999.000,9999.000
202603182100,  -0.057,  -0.321,  -0.500,   0.236,  -0.321,  -0.600,  -0.421,  -0.500,  -0.321
202603182106,  -0.016,  -0.288,9999.000,9999.000,9999.000,9999.000,9999.000,9999.000,9999.000
202603182112,   0.027,  -0.259,9999.000,9999.000,9999.000,9999.000,9999.000,9999.000,9999.000
202603182118,   0.074,  -0.209,9999.000,9999.000,9999.000,9999.000,9999.000,9999.000,9999.000
202603182124,   0.123,  -0.150,9999.000,9999.000,9999.000,9999.000,9999.000,9999.000,9999.000
202603182130,   0.175,  -0.098,9999.000,9999.000,9999.000,9999.000,9999.000,9999.000,9999.000
202603182136,   0.229,  -0.019,9999.000,9999.000,9999.000,9999.000,9999.000,9999.000,9999.000
202603182142,   0.286,   0.049,9999.000,9999.000,9999.000,9999.000,9999.000,9999.000,9999.000
202603182148,   0.344,   0.098,9999.000,9999.000,9999.000,9999.000,9999.000,9999.000,9999.000
202603182154,   0.405,   0.160,9999.000,9999.000,9999.000,9999.000,9999.000,9999.000,9999.000
202603182200,   0.467,   0.219,  -0.500,   0.252,   0.219,  -0.600,   0.119,  -0.500,   0.219
202603182206,   0.531,   0.278,9999.000,9999.000,9999.000,9999.000,9999.000,9999.000,9999.000
202603182212,   0.597,   0.341,9999.000,9999.000,9999.000,9999.000,9999.000,9999.000,9999.000
202603182218,   0.664,   0.400,9999.000,9999.000,9999.000,9999.000,9999.000,9999.000,9999.000
202603182224,   0.732,   0.449,9999.000,9999.000,9999.000,9999.000,9999.000,9999.000,9999.000
202603182230,   0.801,   0.518,9999.000,9999.000,9999.000,9999.000,9999.000,9999.000,9999.000
202603182236,   0.871,   0.590,9999.000,9999.000,9999.000,9999.000,9999.000,9999.000,9999.000
202603182242,   0.942,   0.678,9999.000,9999.000,9999.000,9999.000,9999.000,9999.000,9999.000
202603182248,   1.013,   0.770,9999.000,9999.000,9999.000,9999.000,9999.000,9999.000,9999.000
202603182254,   1.084,   0.849,9999.000,9999.000,9999.000,9999.000,9999.000,9999.000,9999.000
202603182300,   1.156,   0.928,  -0.500,   0.272,   0.928,  -0.600,   0.828,  -0.500,   0.928
202603182306,   1.227,   1.000,9999.000,9999.000,9999.000,9999.000,9999.000,9999.000,9999.000
202603182312,   1.299,   1.079,9999.000,9999.000,9999.000,9999.000,9999.000,9999.000,9999.000
202603182318,   1.369,   1.138,9999.000,9999.000,9999.000,9999.000,9999.000,9999.000,9999.000
202603182324,   1.439,   1.190,9999.000,9999.000,9999.000,9999.000,9999.000,9999.000,9999.000
202603182330,   1.508,   1.249,9999.000,9999.000,9999.000,9999.000,9999.000,9999.000,9999.000
202603182336,   1.575,   1.308,9999.000,9999.000,9999.000,9999.000,9999.000,9999.000,9999.000
202603182342,   1.642,   1.348,9999.000,9999.000,9999.000,9999.000,9999.000,9999.000,9999.000
202603182348,   1.706,   1.400,9999.000,9999.000,9999.000,9999.000,9999.000,9999.000,9999.000
202603182354,   1.769,   1.449,9999.000,9999.000,9999.000,9999.000,9999.000,9999.000,9999.000
202603190000,   1.830,   1.449,  -0.200,  -0.181,   1.449,  -0.300,   1.349,  -0.200,   1.449
202603190006,   1.888,   1.557,9999.000,9999.000,9999.000,9999.000,9999.000,9999.000,9999.000
202603190012,   1.945,   1.620,9999.000,9999.000,9999.000,9999.000,9999.000,9999.000,9999.000
202603190018,   1.998,   1.669,9999.000,9999.000,9999.000,9999.000,9999.000,9999.000,9999.000
202603190024,   2.049,   1.728,9999.000,9999.000,9999.000,9999.000,9999.000,9999.000,9999.000
202603190030,   2.097,   1.781,9999.000,9999.000,9999.000,9999.000,9999.000,9999.000,9999.000
202603190036,   2.142,   1.830,9999.000,9999.000,9999.000,9999.000,9999.000,9999.000,9999.000
202603190042,   2.183,   1.869,9999.000,9999.000,9999.000,9999.000,9999.000,9999.000,9999.000
202603190048,   2.222,   1.908,9999.000,9999.000,9999.000,9999.000,9999.000,9999.000,9999.000
202603190054,   2.257,   1.938,9999.000,9999.000,9999.000,9999.000,9999.000,9999.000,9999.000
202603190100,   2.288,   1.967,  -0.200,  -0.121,   1.967,  -0.300,   1.867,  -0.200,   1.967
202603190106,   2.316,   2.000,9999.000,9999.000,9999.000,9999.000,9999.000,9999.000,9999.000
202603190112,   2.341,   2.030,9999.000,9999.000,9999.000,9999.000,9999.000,9999.000,9999.000
202603190118,   2.362,   2.049,9999.000,9999.000,9999.000,9999.000,9999.000,9999.000,9999.000
202603190124,   2.379,   2.069,9999.000,9999.000,9999.000,9999.000,9999.000,9999.000,9999.000
202603190130,   2.392,   2.089,9999.000,9999.000,9999.000,9999.000,9999.000,9999.000,9999.000
202603190136,   2.402,   2.089,9999.000,9999.000,9999.000,9999.000,9999.000,9999.000,9999.000
202603190142,   2.408,   2.109,9999.000,9999.000,9999.000,9999.000,9999.000,9999.000,9999.000
202603190148,   2.410,   2.118,9999.000,9999.000,9999.000,9999.000,9999.000,9999.000,9999.000
202603190154,   2.409,   2.128,9999.000,9999.000,9999.000,9999.000,9999.000,9999.000,9999.000
202603190200,   2.404,   2.128,  -0.200,  -0.076,   2.128,  -0.300,   2.028,  -0.200,   2.128
202603190206,   2.395,   2.128,9999.000,9999.000,9999.000,9999.000,9999.000,9999.000,9999.000
202603190212,   2.384,   2.118,9999.000,9999.000,9999.000,9999.000,9999.000,9999.000,9999.000
202603190218,   2.368,   2.099,9999.000,9999.000,9999.000,9999.000,9999.000,9999.000,9999.000
202603190224,   2.350,   2.079,9999.000,9999.000,9999.000,9999.000,9999.000,9999.000,9999.000
202603190230,   2.328,   2.059,9999.000,9999.000,9999.000,9999.000,9999.000,9999.000,9999.000
202603190236,   2.303,   2.040,9999.000,9999.000,9999.000,9999.000,9999.000,9999.000,9999.000
202603190242,   2.276,   2.010,9999.000,9999.000,9999.000,9999.000,9999.000,9999.000,9999.000
202603190248,   2.245,   1.990,9999.000,9999.000,9999.000,9999.000,9999.000,9999.000,9999.000
202603190254,   2.212,   1.967,9999.000,9999.000,9999.000,9999.000,9999.000,9999.000,9999.000
202603190300,   2.175,   1.928,  -0.200,  -0.047,   1.928,  -0.300,   1.828,  -0.200,   1.928
202603190306,   2.137,   1.899,9999.000,9999.000,9999.000,9999.000,9999.000,9999.000,9999.000
202603190312,   2.096,   1.869,9999.000,9999.000,9999.000,9999.000,9999.000,9999.000,9999.000
202603190318,   2.052,   1.830,9999.000,9999.000,9999.000,9999.000,9999.000,9999.000,9999.000
202603190324,   2.006,   1.800,9999.000,9999.000,9999.000,9999.000,9999.000,9999.000,9999.000
202603190330,   1.958,   1.758,9999.000,9999.000,9999.000,9999.000,9999.000,9999.000,9999.000
202603190336,   1.909,   1.718,9999.000,9999.000,9999.000,9999.000,9999.000,9999.000,9999.000
202603190342,   1.857,   1.669,9999.000,9999.000,9999.000,9999.000,9999.000,9999.000,9999.000
202603190348,   1.803,   1.630,9999.000,9999.000,9999.000,9999.000,9999.000,9999.000,9999.000
202603190354,   1.748,   1.590,9999.000,9999.000,9999.000,9999.000,9999.000,9999.000,9999.000
202603190400,   1.691,   1.538,  -0.200,   0.047,   1.538,  -0.300,   1.438,  -0.200,   1.538
202603190406,   1.633,   1.498,9999.000,9999.000,9999.000,9999.000,9999.000,9999.000,9999.000
202603190412,   1.574,   1.459,9999.000,9999.000,9999.000,9999.000,9999.000,9999.000,9999.000
202603190418,   1.513,   1.420,9999.000,9999.000,9999.000,9999.000,9999.000,9999.000,9999.000
202603190424,   1.451,   1.390,9999.000,9999.000,9999.000,9999.000,9999.000,9999.000,9999.000
202603190430,   1.388,   1.348,9999.000,9999.000,9999.000,9999.000,9999.000,9999.000,9999.000
202603190436,   1.325,   1.289,9999.000,9999.000,9999.000,9999.000,9999.000,9999.000,9999.000
202603190442,   1.260,   1.229,9999.000,9999.000,9999.000,9999.000,9999.000,9999.000,9999.000
202603190448,   1.195,   1.190,9999.000,9999.000,9999.000,9999.000,9999.000,9999.000,9999.000
202603190454,   1.130,   1.151,9999.000,9999.000,9999.000,9999.000,9999.000,9999.000,9999.000
202603190500,   1.064,   1.098,  -0.200,   0.234,   1.098,  -0.300,   0.998,  -0.200,   1.098
202603190506,   0.998,   1.029,9999.000,9999.000,9999.000,9999.000,9999.000,9999.000,9999.000
202603190512,   0.932,   0.970,9999.000,9999.000,9999.000,9999.000,9999.000,9999.000,9999.000
202603190518,   0.866,9999.000,9999.000,9999.000,9999.000,9999.000,9999.000,9999.000,9999.000
202603190524,   0.800,9999.000,9999.000,9999.000,9999.000,9999.000,9999.000,9999.000,9999.000
202603190530,   0.734,   0.810,9999.000,9999.000,9999.000,9999.000,9999.000,9999.000,9999.000
202603190536,   0.669,   0.760,9999.000,9999.000,9999.000,9999.000,9999.000,9999.000,9999.000
202603190542,   0.605,   0.708,9999.000,9999.000,9999.000,9999.000,9999.000,9999.000,9999.000
202603190548,   0.542,   0.649,9999.000,9999.000,9999.000,9999.000,9999.000,9999.000,9999.000
202603190554,   0.479,   0.590,9999.000,9999.000,9999.000,9999.000,9999.000,9999.000,9999.000
202603190600,   0.418,   0.541,   0.000,   0.123,   0.541,  -0.100,   0.441,   0.000,   0.541
202603190606,   0.358,   0.478,9999.000,9999.000,9999.000,9999.000,9999.000,9999.000,9999.000
202603190612,   0.299,   0.419,9999.000,9999.000,9999.000,9999.000,9999.000,9999.000,9999.000
202603190618,   0.242,   0.360,9999.000,9999.000,9999.000,9999.000,9999.000,9999.000,9999.000
202603190624,   0.187,   0.298,9999.000,9999.000,9999.000,9999.000,9999.000,9999.000,9999.000
202603190630,   0.133,   0.239,9999.000,9999.000,9999.000,9999.000,9999.000,9999.000,9999.000
202603190636,   0.082,   0.180,9999.000,9999.000,9999.000,9999.000,9999.000,9999.000,9999.000
202603190642,   0.033,   0.131,9999.000,9999.000,9999.000,9999.000,9999.000,9999.000,9999.000
202603190648,  -0.013,   0.068,9999.000,9999.000,9999.000,9999.000,9999.000,9999.000,9999.000
202603190654,  -0.058,   0.029,9999.000,9999.000,9999.000,9999.000,9999.000,9999.000,9999.000
202603190700,  -0.099,  -0.019,   0.000,   0.080,  -0.019,  -0.100,  -0.119,   0.000,  -0.019
202603190706,  -0.139,  -0.049,9999.000,9999.000,9999.000,9999.000,9999.000,9999.000,9999.000
202603190712,  -0.175,  -0.098,9999.000,9999.000,9999.000,9999.000,9999.000,9999.000,9999.000
202603190718,  -0.208,  -0.141,9999.000,9999.000,9999.000,9999.000,9999.000,9999.000,9999.000
202603190724,  -0.239,  -0.150,9999.000,9999.000,9999.000,9999.000,9999.000,9999.000,9999.000
202603190730,  -0.266,  -0.180,9999.000,9999.000,9999.000,9999.000,9999.000,9999.000,9999.000
202603190736,  -0.290,  -0.200,9999.000,9999.000,9999.000,9999.000,9999.000,9999.000,9999.000
202603190742,  -0.311,  -0.219,9999.000,9999.000,9999.000,9999.000,9999.000,9999.000,9999.000
202603190748,  -0.329,  -0.268,9999.000,9999.000,9999.000,9999.000,9999.000,9999.000,9999.000
202603190754,  -0.343,  -0.288,9999.000,9999.000,9999.000,9999.000,9999.000,9999.000,9999.000
202603190800,  -0.354,  -0.298,   0.000,   0.056,  -0.298,  -0.100,  -0.398,   0.000,  -0.298
202603190806,  -0.362,  -0.298,9999.000,9999.000,9999.000,9999.000,9999.000,9999.000,9999.000
202603190812,  -0.366,  -0.288,9999.000,9999.000,9999.000,9999.000,9999.000,9999.000,9999.000
202603190818,  -0.367,  -0.288,9999.000,9999.000,9999.000,9999.000,9999.000,9999.000,9999.000
202603190824,  -0.364,  -0.288,9999.000,9999.000,9999.000,9999.000,9999.000,9999.000,9999.000
202603190830,  -0.358,  -0.278,9999.000,9999.000,9999.000,9999.000,9999.000,9999.000,9999.000
202603190836,  -0.348,  -0.278,9999.000,9999.000,9999.000,9999.000,9999.000,9999.000,9999.000
202603190842,  -0.335,  -0.278,9999.000,9999.000,9999.000,9999.000,9999.000,9999.000,9999.000
202603190848,  -0.319,  -0.259,9999.000,9999.000,9999.000,9999.000,9999.000,9999.000,9999.000
202603190854,  -0.299,  -0.239,9999.000,9999.000,9999.000,9999.000,9999.000,9999.000,9999.000
202603190900,  -0.276,  -0.219,   0.000,   0.057,  -0.219,  -0.100,  -0.319,   0.000,  -0.219
202603190906,  -0.250,  -0.180,9999.000,9999.000,9999.000,9999.000,9999.000,9999.000,9999.000
202603190912,  -0.221,  -0.141,9999.000,9999.000,9999.000,9999.000,9999.000,9999.000,9999.000
202603190918,  -0.188,  -0.111,9999.000,9999.000,9999.000,9999.000,9999.000,9999.000,9999.000
202603190924,  -0.153,  -0.068,9999.000,9999.000,9999.000,9999.000,9999.000,9999.000,9999.000
202603190930,  -0.114,  -0.029,9999.000,9999.000,9999.000,9999.000,9999.000,9999.000,9999.000
202603190936,  -0.073,   0.009,9999.000,9999.000,9999.000,9999.000,9999.000,9999.000,9999.000
202603190942,  -0.029,   0.059,9999.000,9999.000,9999.000,9999.000,9999.000,9999.000,9999.000
202603190948,   0.017,   0.098,9999.000,9999.000,9999.000,9999.000,9999.000,9999.000,9999.000
202603190954,   0.066,   0.141,9999.000,9999.000,9999.000,9999.000,9999.000,9999.000,9999.000
202603191000,   0.118,   0.200,   0.000,   0.082,   0.200,  -0.100,   0.100,   0.000,   0.200
202603191006,   0.172,   0.278,9999.000,9999.000,9999.000,9999.000,9999.000,9999.000,9999.000
202603191012,   0.228,   0.350,9999.000,9999.000,9999.000,9999.000,9999.000,9999.000,9999.000
202603191018,   0.287,   0.429,9999.000,9999.000,9999.000,9999.000,9999.000,9999.000,9999.000
202603191024,   0.347,   0.508,9999.000,9999.000,9999.000,9999.000,9999.000,9999.000,9999.000
202603191030,   0.409,   0.580,9999.000,9999.000,9999.000,9999.000,9999.000,9999.000,9999.000
202603191036,   0.473,   0.659,9999.000,9999.000,9999.000,9999.000,9999.000,9999.000,9999.000
202603191042,   0.538,   0.731,9999.000,9999.000,9999.000,9999.000,9999.000,9999.000,9999.000
202603191048,   0.605,   0.810,9999.000,9999.000,9999.000,9999.000,9999.000,9999.000,9999.000
202603191054,   0.672,   0.888,9999.000,9999.000,9999.000,9999.000,9999.000,9999.000,9999.000
202603191100,   0.741,   0.961,   0.000,   0.220,   0.961,  -0.100,   0.861,   0.000,   0.961
202603191106,   0.810,   1.029,9999.000,9999.000,9999.000,9999.000,9999.000,9999.000,9999.000
202603191112,   0.880,   1.108,9999.000,9999.000,9999.000,9999.000,9999.000,9999.000,9999.000
202603191118,   0.951,   1.190,9999.000,9999.000,9999.000,9999.000,9999.000,9999.000,9999.000
202603191124,   1.021,   1.259,9999.000,9999.000,9999.000,9999.000,9999.000,9999.000,9999.000
202603191130,   1.092,   1.328,9999.000,9999.000,9999.000,9999.000,9999.000,9999.000,9999.000
202603191136,   1.162,   1.400,9999.000,9999.000,9999.000,9999.000,9999.000,9999.000,9999.000
202603191142,   1.232,   1.479,9999.000,9999.000,9999.000,9999.000,9999.000,9999.000,9999.000
202603191148,   1.301,   1.548,9999.000,9999.000,9999.000,9999.000,9999.000,9999.000,9999.000
202603191154,   1.369,   1.600,9999.000,9999.000,9999.000,9999.000,9999.000,9999.000,9999.000
202603191200,   1.437,   1.659,   0.100,   0.122,   1.659,   0.100,   1.659,   0.100,   1.659
202603191206,   1.503,   1.718,9999.000,9999.000,9999.000,9999.000,9999.000,9999.000,9999.000
202603191212,   1.567,   1.781,9999.000,9999.000,9999.000,9999.000,9999.000,9999.000,9999.000
202603191218,   1.630,   1.840,9999.000,9999.000,9999.000,9999.000,9999.000,9999.000,9999.000
202603191224,   1.691,   1.899,9999.000,9999.000,9999.000,9999.000,9999.000,9999.000,9999.000
202603191230,   1.750,   1.948,9999.000,9999.000,9999.000,9999.000,9999.000,9999.000,9999.000
202603191236,   1.806,   1.990,9999.000,9999.000,9999.000,9999.000,9999.000,9999.000,9999.000
202603191242,   1.861,   2.040,9999.000,9999.000,9999.000,9999.000,9999.000,9999.000,9999.000
202603191248,   1.912,   2.089,9999.000,9999.000,9999.000,9999.000,9999.000,9999.000,9999.000
202603191254,   1.961,   2.118,9999.000,9999.000,9999.000,9999.000,9999.000,9999.000,9999.000
202603191300,   2.007,   2.158,   0.100,   0.051,   2.158,   0.100,   2.158,   0.100,   2.158
202603191306,   2.050,   2.191,9999.000,9999.000,9999.000,9999.000,9999.000,9999.000,9999.000
202603191312,   2.090,   2.210,9999.000,9999.000,9999.000,9999.000,9999.000,9999.000,9999.000
202603191318,   2.126,   2.240,9999.000,9999.000,9999.000,9999.000,9999.000,9999.000,9999.000
202603191324,   2.159,   2.269,9999.000,9999.000,9999.000,9999.000,9999.000,9999.000,9999.000
202603191330,   2.189,   2.279,9999.000,9999.000,9999.000,9999.000,9999.000,9999.000,9999.000
202603191336,   2.215,   2.309,9999.000,9999.000,9999.000,9999.000,9999.000,9999.000,9999.000
202603191342,   2.237,   2.328,9999.000,9999.000,9999.000,9999.000,9999.000,9999.000,9999.000
202603191348,   2.256,   2.338,9999.000,9999.000,9999.000,9999.000,9999.000,9999.000,9999.000
202603191354,   2.271,   2.358,9999.000,9999.000,9999.000,9999.000,9999.000,9999.000,9999.000
202603191400,   2.283,   2.377,   0.100,  -0.006,   2.377,   0.100,   2.377,   0.100,   2.377
202603191406,   2.290,   2.387,9999.000,9999.000,9999.000,9999.000,9999.000,9999.000,9999.000
202603191412,   2.294,   2.400,9999.000,9999.000,9999.000,9999.000,9999.000,9999.000,9999.000
202603191418,   2.295,   2.400,9999.000,9999.000,9999.000,9999.000,9999.000,9999.000,9999.000
202603191424,   2.291,   2.400,9999.000,9999.000,9999.000,9999.000,9999.000,9999.000,9999.000
202603191430,   2.285,   2.387,9999.000,9999.000,9999.000,9999.000,9999.000,9999.000,9999.000
202603191436,   2.274,   2.377,9999.000,9999.000,9999.000,9999.000,9999.000,9999.000,9999.000
202603191442,   2.260,   2.358,9999.000,9999.000,9999.000,9999.000,9999.000,9999.000,9999.000
202603191448,   2.243,   2.328,9999.000,9999.000,9999.000,9999.000,9999.000,9999.000,9999.000
202603191454,   2.222,   2.318,9999.000,9999.000,9999.000,9999.000,9999.000,9999.000,9999.000
202603191500,   2.199,   2.289,   0.100,  -0.010,   2.289,   0.100,   2.289,   0.200,   2.389
202603191506,   2.172,   2.269,9999.000,9999.000,9999.000,9999.000,9999.000,9999.000,9999.000
202603191512,   2.142,   2.250,9999.000,9999.000,9999.000,9999.000,9999.000,9999.000,9999.000
202603191518,   2.109,   2.220,9999.000,9999.000,9999.000,9999.000,9999.000,9999.000,9999.000
202603191524,   2.073,   2.200,9999.000,9999.000,9999.000,9999.000,9999.000,9999.000,9999.000
202603191530,   2.035,   2.191,9999.000,9999.000,9999.000,9999.000,9999.000,9999.000,9999.000
202603191536,   1.994,   2.158,9999.000,9999.000,9999.000,9999.000,9999.000,9999.000,9999.000
202603191542,   1.950,   2.128,9999.000,9999.000,9999.000,9999.000,9999.000,9999.000,9999.000
202603191548,   1.904,   2.079,9999.000,9999.000,9999.000,9999.000,9999.000,9999.000,9999.000
202603191554,   1.856,   2.049,9999.000,9999.000,9999.000,9999.000,9999.000,9999.000,9999.000
202603191600,   1.806,   2.000,   0.100,   0.094,   2.000,   0.100,   2.000,   0.200,   2.100
202603191606,   1.753,   1.958,9999.000,9999.000,9999.000,9999.000,9999.000,9999.000,9999.000
202603191612,   1.699,   1.918,9999.000,9999.000,9999.000,9999.000,9999.000,9999.000,9999.000
202603191618,   1.644,   1.869,9999.000,9999.000,9999.000,9999.000,9999.000,9999.000,9999.000
202603191624,   1.586,   1.820,9999.000,9999.000,9999.000,9999.000,9999.000,9999.000,9999.000
202603191630,   1.527,   1.767,9999.000,9999.000,9999.000,9999.000,9999.000,9999.000,9999.000
202603191636,   1.467,   1.728,9999.000,9999.000,9999.000,9999.000,9999.000,9999.000,9999.000
202603191642,   1.406,   1.679,9999.000,9999.000,9999.000,9999.000,9999.000,9999.000,9999.000
202603191648,   1.343,   1.620,9999.000,9999.000,9999.000,9999.000,9999.000,9999.000,9999.000
202603191654,   1.280,   1.580,9999.000,9999.000,9999.000,9999.000,9999.000,9999.000,9999.000
202603191700,   1.215,   1.538,   0.100,   0.223,   1.538,   0.100,   1.538,   0.200,   1.638
202603191706,   1.150,   1.479,9999.000,9999.000,9999.000,9999.000,9999.000,9999.000,9999.000
202603191712,   1.085,   1.430,9999.000,9999.000,9999.000,9999.000,9999.000,9999.000,9999.000
202603191718,   1.019,   1.361,9999.000,9999.000,9999.000,9999.000,9999.000,9999.000,9999.000
202603191724,   0.953,   1.298,9999.000,9999.000,9999.000,9999.000,9999.000,9999.000,9999.000
202603191730,   0.887,   1.220,9999.000,9999.000,9999.000,9999.000,9999.000,9999.000,9999.000
202603191736,   0.821,   1.161,9999.000,9999.000,9999.000,9999.000,9999.000,9999.000,9999.000
202603191742,   0.755,   1.088,9999.000,9999.000,9999.000,9999.000,9999.000,9999.000,9999.000
202603191748,   0.689,   1.010,9999.000,9999.000,9999.000,9999.000,9999.000,9999.000,9999.000
202603191754,   0.624,   0.928,9999.000,9999.000,9999.000,9999.000,9999.000,9999.000,9999.000
202603191800,   0.560,   0.859,   0.300,  -0.001,   0.859,   0.200,   0.759,   0.300,   0.859
202603191806,   0.497,   0.790,9999.000,9999.000,9999.000,9999.000,9999.000,9999.000,9999.000
202603191812,   0.434,   0.731,9999.000,9999.000,9999.000,9999.000,9999.000,9999.000,9999.000
202603191818,   0.373,   0.659,9999.000,9999.000,9999.000,9999.000,9999.000,9999.000,9999.000
202603191824,   0.313,   0.610,9999.000,9999.000,9999.000,9999.000,9999.000,9999.000,9999.000
202603191830,   0.255,   0.551,9999.000,9999.000,9999.000,9999.000,9999.000,9999.000,9999.000
202603191836,   0.198,   0.488,9999.000,9999.000,9999.000,9999.000,9999.000,9999.000,9999.000
202603191842,   0.144,   0.439,9999.000,9999.000,9999.000,9999.000,9999.000,9999.000,9999.000
202603191848,   0.091,   0.370,9999.000,9999.000,9999.000,9999.000,9999.000,9999.000,9999.000
202603191854,   0.040,   0.321,9999.000,9999.000,9999.000,9999.000,9999.000,9999.000,9999.000
202603191900,  -0.007,   0.278,   0.300,  -0.015,   0.278,   0.200,   0.178,   0.300,   0.278
202603191906,  -0.053,   0.229,9999.000,9999.000,9999.000,9999.000,9999.000,9999.000,9999.000
202603191912,  -0.096,   0.190,9999.000,9999.000,9999.000,9999.000,9999.000,9999.000,9999.000
202603191918,  -0.136,   0.141,9999.000,9999.000,9999.000,9999.000,9999.000,9999.000,9999.000
202603191924,  -0.174,   0.088,9999.000,9999.000,9999.000,9999.000,9999.000,9999.000,9999.000
202603191930,  -0.208,   0.068,9999.000,9999.000,9999.000,9999.000,9999.000,9999.000,9999.000
202603191936,  -0.240,   0.029,9999.000,9999.000,9999.000,9999.000,9999.000,9999.000,9999.000
202603191942,  -0.268,   0.000,9999.000,9999.000,9999.000,9999.000,9999.000,9999.000,9999.000
202603191948,  -0.293,  -0.019,9999.000,9999.000,9999.000,9999.000,9999.000,9999.000,9999.000
202603191954,  -0.314,  -0.039,9999.000,9999.000,9999.000,9999.000,9999.000,9999.000,9999.000
202603192000,  -0.332,  -0.068,   0.300,  -0.036,  -0.068,   0.200,  -0.168,   0.300,  -0.068
202603192006,  -0.346,  -0.088,9999.000,9999.000,9999.000,9999.000,9999.000,9999.000,9999.000
202603192012,  -0.357,  -0.088,9999.000,9999.000,9999.000,9999.000,9999.000,9999.000,9999.000
202603192018,  -0.364,  -0.098,9999.000,9999.000,9999.000,9999.000,9999.000,9999.000,9999.000
202603192024,  -0.367,  -0.088,9999.000,9999.000,9999.000,9999.000,9999.000,9999.000,9999.000
202603192030,  -0.367,  -0.098,9999.000,9999.000,9999.000,9999.000,9999.000,9999.000,9999.000
202603192036,  -0.363,  -0.098,9999.000,9999.000,9999.000,9999.000,9999.000,9999.000,9999.000
202603192042,  -0.355,  -0.088,9999.000,9999.000,9999.000,9999.000,9999.000,9999.000,9999.000
202603192048,  -0.343,  -0.088,9999.000,9999.000,9999.000,9999.000,9999.000,9999.000,9999.000
202603192054,  -0.328,  -0.068,9999.000,9999.000,9999.000,9999.000,9999.000,9999.000,9999.000
202603192100,  -0.309,  -0.049,   0.300,  -0.040,  -0.049,   0.200,  -0.149,   0.300,  -0.049
202603192106,  -0.286,  -0.029,9999.000,9999.000,9999.000,9999.000,9999.000,9999.000,9999.000
202603192112,  -0.260,   0.000,9999.000,9999.000,9999.000,9999.000,9999.000,9999.000,9999.000
202603192118,  -0.230,   0.019,9999.000,9999.000,9999.000,9999.000,9999.000,9999.000,9999.000
202603192124,  -0.197,   0.049,9999.000,9999.000,9999.000,9999.000,9999.000,9999.000,9999.000
202603192130,  -0.161,   0.078,9999.000,9999.000,9999.000,9999.000,9999.000,9999.000,9999.000
202603192136,  -0.121,   0.121,9999.000,9999.000,9999.000,9999.000,9999.000,9999.000,9999.000
202603192142,  -0.078,   0.150,9999.000,9999.000,9999.000,9999.000,9999.000,9999.000,9999.000
202603192148,  -0.032,   0.209,9999.000,9999.000,9999.000,9999.000,9999.000,9999.000,9999.000
202603192154,   0.015,   0.239,9999.000,9999.000,9999.000,9999.000,9999.000,9999.000,9999.000
202603192200,   0.067,   0.298,   0.300,  -0.069,   0.298,   0.300,   0.298,   0.300,   0.298
202603192206,   0.121,   0.341,9999.000,9999.000,9999.000,9999.000,9999.000,9999.000,9999.000
202603192212,   0.178,   0.419,9999.000,9999.000,9999.000,9999.000,9999.000,9999.000,9999.000
202603192218,   0.237,   0.469,9999.000,9999.000,9999.000,9999.000,9999.000,9999.000,9999.000
202603192224,   0.299,   0.518,9999.000,9999.000,9999.000,9999.000,9999.000,9999.000,9999.000
202603192230,   0.362,   0.580,9999.000,9999.000,9999.000,9999.000,9999.000,9999.000,9999.000
202603192236,   0.428,   0.659,9999.000,9999.000,9999.000,9999.000,9999.000,9999.000,9999.000
202603192242,   0.495,   0.718,9999.000,9999.000,9999.000,9999.000,9999.000,9999.000,9999.000
202603192248,   0.564,   0.790,9999.000,9999.000,9999.000,9999.000,9999.000,9999.000,9999.000
202603192254,   0.634,   0.879,9999.000,9999.000,9999.000,9999.000,9999.000,9999.000,9999.000
202603192300,   0.706,   0.951,   0.300,  -0.055,   0.951,   0.300,   0.951,   0.300,   0.951
202603192306,   0.778,   1.039,9999.000,9999.000,9999.000,9999.000,9999.000,9999.000,9999.000
202603192312,   0.852,   1.128,9999.000,9999.000,9999.000,9999.000,9999.000,9999.000,9999.000
202603192318,   0.926,   1.220,9999.000,9999.000,9999.000,9999.000,9999.000,9999.000,9999.000
202603192324,   1.001,   1.298,9999.000,9999.000,9999.000,9999.000,9999.000,9999.000,9999.000
202603192330,   1.076,   1.390,9999.000,9999.000,9999.000,9999.000,9999.000,9999.000,9999.000
202603192336,   1.151,   1.469,9999.000,9999.000,9999.000,9999.000,9999.000,9999.000,9999.000
202603192342,   1.226,   1.548,9999.000,9999.000,9999.000,9999.000,9999.000,9999.000,9999.000
202603192348,   1.300,   1.630,9999.000,9999.000,9999.000,9999.000,9999.000,9999.000,9999.000
202603192354,   1.375,9999.000,9999.000,9999.000,9999.000,9999.000,9999.000,9999.000,9999.000
202603200000,   1.448,   1.859,   0.400,   0.011,   1.859,   0.400,   1.859,   0.400,   1.859
202603200006,   1.521,   1.859,9999.000,9999.000,9999.000,9999.000,9999.000,9999.000,9999.000
202603200012,   1.592,   1.928,9999.000,9999.000,9999.000,9999.000,9999.000,9999.000,9999.000
202603200018,   1.663,   2.010,9999.000,9999.000,9999.000,9999.000,9999.000,9999.000,9999.000
202603200024,   1.731,   2.079,9999.000,9999.000,9999.000,9999.000,9999.000,9999.000,9999.000
202603200030,   1.799,   2.128,9999.000,9999.000,9999.000,9999.000,9999.000,9999.000,9999.000
202603200036,   1.864,   2.191,9999.000,9999.000,9999.000,9999.000,9999.000,9999.000,9999.000
202603200042,   1.927,   2.240,9999.000,9999.000,9999.000,9999.000,9999.000,9999.000,9999.000
202603200048,   1.988,   2.299,9999.000,9999.000,9999.000,9999.000,9999.000,9999.000,9999.000
202603200054,   2.046,   2.348,9999.000,9999.000,9999.000,9999.000,9999.000,9999.000,9999.000
202603200100,   2.102,   2.400,   0.400,  -0.102,   2.400,   0.400,   2.400,   0.400,   2.400
202603200106,   2.155,   2.440,9999.000,9999.000,9999.000,9999.000,9999.000,9999.000,9999.000
202603200112,   2.205,   2.489,9999.000,9999.000,9999.000,9999.000,9999.000,9999.000,9999.000
202603200118,   2.252,   2.528,9999.000,9999.000,9999.000,9999.000,9999.000,9999.000,9999.000
202603200124,   2.296,   2.568,9999.000,9999.000,9999.000,9999.000,9999.000,9999.000,9999.000
202603200130,   2.337,   2.610,9999.000,9999.000,9999.000,9999.000,9999.000,9999.000,9999.000
202603200136,   2.374,   2.640,9999.000,9999.000,9999.000,9999.000,9999.000,9999.000,9999.000
202603200142,   2.407,   2.679,9999.000,9999.000,9999.000,9999.000,9999.000,9999.000,9999.000
202603200148,   2.437,   2.699,9999.000,9999.000,9999.000,9999.000,9999.000,9999.000,9999.000
202603200154,   2.464,   2.728,9999.000,9999.000,9999.000,9999.000,9999.000,9999.000,9999.000
202603200200,   2.486,   2.748,   0.400,  -0.138,   2.748,   0.400,   2.748,   0.400,   2.748
202603200206,   2.505,   2.758,9999.000,9999.000,9999.000,9999.000,9999.000,9999.000,9999.000
202603200212,   2.520,   2.768,9999.000,9999.000,9999.000,9999.000,9999.000,9999.000,9999.000
202603200218,   2.531,   2.768,9999.000,9999.000,9999.000,9999.000,9999.000,9999.000,9999.000
202603200224,   2.538,   2.758,9999.000,9999.000,9999.000,9999.000,9999.000,9999.000,9999.000
202603200230,   2.542,   2.748,9999.000,9999.000,9999.000,9999.000,9999.000,9999.000,9999.000
202603200236,   2.541,   2.738,9999.000,9999.000,9999.000,9999.000,9999.000,9999.000,9999.000
202603200242,   2.537,   2.728,9999.000,9999.000,9999.000,9999.000,9999.000,9999.000,9999.000
202603200248,   2.529,   2.719,9999.000,9999.000,9999.000,9999.000,9999.000,9999.000,9999.000
202603200254,   2.518,   2.709,9999.000,9999.000,9999.000,9999.000,9999.000,9999.000,9999.000
202603200300,   2.503,   2.689,   0.400,  -0.214,   2.689,   0.400,   2.689,   0.400,   2.689
202603200306,   2.484,   2.679,9999.000,9999.000,9999.000,9999.000,9999.000,9999.000,9999.000
202603200312,   2.462,   2.660,9999.000,9999.000,9999.000,9999.000,9999.000,9999.000,9999.000
202603200318,   2.437,   2.630,9999.000,9999.000,9999.000,9999.000,9999.000,9999.000,9999.000
202603200324,   2.408,   2.597,9999.000,9999.000,9999.000,9999.000,9999.000,9999.000,9999.000
202603200330,   2.376,   2.568,9999.000,9999.000,9999.000,9999.000,9999.000,9999.000,9999.000
202603200336,   2.341,   2.519,9999.000,9999.000,9999.000,9999.000,9999.000,9999.000,9999.000
202603200342,   2.303,   2.489,9999.000,9999.000,9999.000,9999.000,9999.000,9999.000,9999.000
202603200348,   2.263,   2.459,9999.000,9999.000,9999.000,9999.000,9999.000,9999.000,9999.000
202603200354,   2.220,   2.420,9999.000,9999.000,9999.000,9999.000,9999.000,9999.000,9999.000
202603200400,   2.174,   2.377,   0.400,  -0.197,   2.377,   0.400,   2.377,   0.400,   2.377
202603200406,   2.126,   2.338,9999.000,9999.000,9999.000,9999.000,9999.000,9999.000,9999.000
202603200412,   2.076,   2.309,9999.000,9999.000,9999.000,9999.000,9999.000,9999.000,9999.000
202603200418,   2.023,   2.269,9999.000,9999.000,9999.000,9999.000,9999.000,9999.000,9999.000
202603200424,   1.969,   2.220,9999.000,9999.000,9999.000,9999.000,9999.000,9999.000,9999.000
202603200430,   1.913,   2.168,9999.000,9999.000,9999.000,9999.000,9999.000,9999.000,9999.000
202603200436,   1.855,   2.118,9999.000,9999.000,9999.000,9999.000,9999.000,9999.000,9999.000
202603200442,   1.795,   2.079,9999.000,9999.000,9999.000,9999.000,9999.000,9999.000,9999.000
202603200448,   1.734,   2.030,9999.000,9999.000,9999.000,9999.000,9999.000,9999.000,9999.000
202603200454,   1.672,   1.981,9999.000,9999.000,9999.000,9999.000,9999.000,9999.000,9999.000
202603200500,   1.608,   1.928,   0.400,  -0.080,   1.928,   0.400,   1.928,   0.400,   1.928
202603200506,   1.543,   1.869,9999.000,9999.000,9999.000,9999.000,9999.000,9999.000,9999.000
202603200512,   1.478,   1.820,9999.000,9999.000,9999.000,9999.000,9999.000,9999.000,9999.000
202603200518,   1.412,   1.767,9999.000,9999.000,9999.000,9999.000,9999.000,9999.000,9999.000
202603200524,   1.344,   1.708,9999.000,9999.000,9999.000,9999.000,9999.000,9999.000,9999.000
202603200530,   1.277,   1.649,9999.000,9999.000,9999.000,9999.000,9999.000,9999.000,9999.000
202603200536,   1.209,   1.590,9999.000,9999.000,9999.000,9999.000,9999.000,9999.000,9999.000
202603200542,   1.141,   1.538,9999.000,9999.000,9999.000,9999.000,9999.000,9999.000,9999.000
202603200548,   1.072,   1.479,9999.000,9999.000,9999.000,9999.000,9999.000,9999.000,9999.000
202603200554,   1.004,   1.420,9999.000,9999.000,9999.000,9999.000,9999.000,9999.000,9999.000
202603200600,   0.935,   1.361,   0.400,   0.026,   1.361,   0.400,   1.361,   0.400,   1.361
202603200606,   0.867,   1.298,9999.000,9999.000,9999.000,9999.000,9999.000,9999.000,9999.000
202603200612,   0.799,   1.239,9999.000,9999.000,9999.000,9999.000,9999.000,9999.000,9999.000
202603200618,   0.732,   1.170,9999.000,9999.000,9999.000,9999.000,9999.000,9999.000,9999.000
202603200624,   0.665,   1.098,9999.000,9999.000,9999.000,9999.000,9999.000,9999.000,9999.000
202603200630,   0.599,   1.039,9999.000,9999.000,9999.000,9999.000,9999.000,9999.000,9999.000
202603200636,   0.534,   0.980,9999.000,9999.000,9999.000,9999.000,9999.000,9999.000,9999.000
202603200642,   0.471,   0.918,9999.000,9999.000,9999.000,9999.000,9999.000,9999.000,9999.000
202603200648,   0.408,   0.859,9999.000,9999.000,9999.000,9999.000,9999.000,9999.000,9999.000
202603200654,   0.347,   0.800,9999.000,9999.000,9999.000,9999.000,9999.000,9999.000,9999.000
202603200700,   0.287,   0.741,   0.400,   0.054,   0.741,   0.400,   0.741,   0.400,   0.741
202603200706,   0.229,   0.678,9999.000,9999.000,9999.000,9999.000,9999.000,9999.000,9999.000
202603200712,   0.173,   0.629,9999.000,9999.000,9999.000,9999.000,9999.000,9999.000,9999.000
202603200718,   0.119,   0.580,9999.000,9999.000,9999.000,9999.000,9999.000,9999.000,9999.000
202603200724,   0.067,   0.541,9999.000,9999.000,9999.000,9999.000,9999.000,9999.000,9999.000
202603200730,   0.017,   0.498,9999.000,9999.000,9999.000,9999.000,9999.000,9999.000,9999.000
202603200736,  -0.030,   0.449,9999.000,9999.000,9999.000,9999.000,9999.000,9999.000,9999.000
202603200742,  -0.075,   0.400,9999.000,9999.000,9999.000,9999.000,9999.000,9999.000,9999.000
202603200748,  -0.117,   0.370,9999.000,9999.000,9999.000,9999.000,9999.000,9999.000,9999.000
202603200754,  -0.156,   0.341,9999.000,9999.000,9999.000,9999.000,9999.000,9999.000,9999.000
202603200800,  -0.192,   0.308,   0.400,   0.100,   0.308,   0.400,   0.308,   0.400,   0.308
202603200806,  -0.226,   0.278,9999.000,9999.000,9999.000,9999.000,9999.000,9999.000,9999.000
202603200812,  -0.256,   0.249,9999.000,9999.000,9999.000,9999.000,9999.000,9999.000,9999.000
202603200818,  -0.283,   0.219,9999.000,9999.000,9999.000,9999.000,9999.000,9999.000,9999.000
202603200824,  -0.307,   0.190,9999.000,9999.000,9999.000,9999.000,9999.000,9999.000,9999.000
202603200830,  -0.327,   0.170,9999.000,9999.000,9999.000,9999.000,9999.000,9999.000,9999.000
202603200836,  -0.344,   0.160,9999.000,9999.000,9999.000,9999.000,9999.000,9999.000,9999.000
202603200842,  -0.357,   0.150,9999.000,9999.000,9999.000,9999.000,9999.000,9999.000,9999.000
202603200848,  -0.367,   0.131,9999.000,9999.000,9999.000,9999.000,9999.000,9999.000,9999.000
202603200854,  -0.373,   0.121,9999.000,9999.000,9999.000,9999.000,9999.000,9999.000,9999.000
202603200900,  -0.376,   0.121,   0.400,   0.097,   0.121,   0.400,   0.121,   0.400,   0.121
202603200906,  -0.375,   0.121,9999.000,9999.000,9999.000,9999.000,9999.000,9999.000,9999.000
202603200912,  -0.370,   0.121,9999.000,9999.000,9999.000,9999.000,9999.000,9999.000,9999.000
202603200918,  -0.362,   0.121,9999.000,9999.000,9999.000,9999.000,9999.000,9999.000,9999.000
202603200924,  -0.350,   0.131,9999.000,9999.000,9999.000,9999.000,9999.000,9999.000,9999.000
202603200930,  -0.335,   0.150,9999.000,9999.000,9999.000,9999.000,9999.000,9999.000,9999.000
202603200936,  -0.316,   0.170,9999.000,9999.000,9999.000,9999.000,9999.000,9999.000,9999.000
202603200942,  -0.294,   0.190,9999.000,9999.000,9999.000,9999.000,9999.000,9999.000,9999.000
202603200948,  -0.269,   0.209,9999.000,9999.000,9999.000,9999.000,9999.000,9999.000,9999.000
202603200954,  -0.240,   0.229,9999.000,9999.000,9999.000,9999.000,9999.000,9999.000,9999.000
202603201000,  -0.208,   0.249,   0.400,   0.057,   0.249,   0.300,   0.149,   0.400,   0.249
202603201006,  -0.173,   0.278,9999.000,9999.000,9999.000,9999.000,9999.000,9999.000,9999.000
202603201012,  -0.134,   0.308,9999.000,9999.000,9999.000,9999.000,9999.000,9999.000,9999.000
202603201018,  -0.093,   0.360,9999.000,9999.000,9999.000,9999.000,9999.000,9999.000,9999.000
202603201024,  -0.049,   0.390,9999.000,9999.000,9999.000,9999.000,9999.000,9999.000,9999.000
202603201030,  -0.003,   0.419,9999.000,9999.000,9999.000,9999.000,9999.000,9999.000,9999.000
202603201036,   0.045,   0.478,9999.000,9999.000,9999.000,9999.000,9999.000,9999.000,9999.000
202603201042,   0.097,   0.531,9999.000,9999.000,9999.000,9999.000,9999.000,9999.000,9999.000
202603201048,   0.150,   0.570,9999.000,9999.000,9999.000,9999.000,9999.000,9999.000,9999.000
202603201054,   0.206,   0.610,9999.000,9999.000,9999.000,9999.000,9999.000,9999.000,9999.000
202603201100,   0.264,   0.669,   0.400,   0.005,   0.669,   0.300,   0.569,   0.400,   0.669
202603201106,   0.324,   0.718,9999.000,9999.000,9999.000,9999.000,9999.000,9999.000,9999.000
202603201112,   0.386,   0.770,9999.000,9999.000,9999.000,9999.000,9999.000,9999.000,9999.000
202603201118,   0.449,9999.000,9999.000,9999.000,9999.000,9999.000,9999.000,9999.000,9999.000
202603201124,   0.513,9999.000,9999.000,9999.000,9999.000,9999.000,9999.000,9999.000,9999.000
202603201130,   0.579,   0.928,9999.000,9999.000,9999.000,9999.000,9999.000,9999.000,9999.000
202603201136,   0.645,   0.990,9999.000,9999.000,9999.000,9999.000,9999.000,9999.000,9999.000
202603201142,   0.713,   1.059,9999.000,9999.000,9999.000,9999.000,9999.000,9999.000,9999.000
202603201148,   0.781,   1.138,9999.000,9999.000,9999.000,9999.000,9999.000,9999.000,9999.000
202603201154,   0.850,   1.200,9999.000,9999.000,9999.000,9999.000,9999.000,9999.000,9999.000
202603201200,   0.920,   1.279,   0.400,  -0.041,   1.279,   0.400,   1.279,   0.400,   1.279
202603201206,   0.989,   1.348,9999.000,9999.000,9999.000,9999.000,9999.000,9999.000,9999.000
202603201212,   1.059,   1.420,9999.000,9999.000,9999.000,9999.000,9999.000,9999.000,9999.000
202603201218,   1.128,   1.498,9999.000,9999.000,9999.000,9999.000,9999.000,9999.000,9999.000
202603201224,   1.197,   1.571,9999.000,9999.000,9999.000,9999.000,9999.000,9999.000,9999.000
202603201230,   1.266,   1.630,9999.000,9999.000,9999.000,9999.000,9999.000,9999.000,9999.000
202603201236,   1.333,   1.699,9999.000,9999.000,9999.000,9999.000,9999.000,9999.000,9999.000
202603201242,   1.400,   1.767,9999.000,9999.000,9999.000,9999.000,9999.000,9999.000,9999.000
202603201248,   1.466,   1.840,9999.000,9999.000,9999.000,9999.000,9999.000,9999.000,9999.000
202603201254,   1.530,   1.918,9999.000,9999.000,9999.000,9999.000,9999.000,9999.000,9999.000
202603201300,   1.593,   1.958,   0.400,  -0.035,   1.958,   0.300,   1.858,   0.400,   1.958
202603201306,   1.654,   1.990,9999.000,9999.000,9999.000,9999.000,9999.000,9999.000,9999.000
202603201312,   1.714,   2.049,9999.000,9999.000,9999.000,9999.000,9999.000,9999.000,9999.000
202603201318,   1.771,   2.109,9999.000,9999.000,9999.000,9999.000,9999.000,9999.000,9999.000
202603201324,   1.826,   2.177,9999.000,9999.000,9999.000,9999.000,9999.000,9999.000,9999.000
202603201330,   1.879,   2.240,9999.000,9999.000,9999.000,9999.000,9999.000,9999.000,9999.000
202603201336,   1.929,   2.299,9999.000,9999.000,9999.000,9999.000,9999.000,9999.000,9999.000
202603201342,   1.976,   2.358,9999.000,9999.000,9999.000,9999.000,9999.000,9999.000,9999.000
202603201348,   2.021,   2.400,9999.000,9999.000,9999.000,9999.000,9999.000,9999.000,9999.000
202603201354,   2.062,   2.440,9999.000,9999.000,9999.000,9999.000,9999.000,9999.000,9999.000
202603201400,   2.101,   2.479,   0.400,  -0.022,   2.479,   0.300,   2.379,   0.400,   2.479
202603201406,   2.136,   2.528,9999.000,9999.000,9999.000,9999.000,9999.000,9999.000,9999.000
202603201412,   2.168,   2.558,9999.000,9999.000,9999.000,9999.000,9999.000,9999.000,9999.000
202603201418,   2.196,   2.587,9999.000,9999.000,9999.000,9999.000,9999.000,9999.000,9999.000
202603201424,   2.221,   2.610,9999.000,9999.000,9999.000,9999.000,9999.000,9999.000,9999.000
202603201430,   2.242,   2.620,9999.000,9999.000,9999.000,9999.000,9999.000,9999.000,9999.000
202603201436,   2.259,   2.650,9999.000,9999.000,9999.000,9999.000,9999.000,9999.000,9999.000
202603201442,   2.273,   2.679,9999.000,9999.000,9999.000,9999.000,9999.000,9999.000,9999.000
202603201448,   2.283,   2.679,9999.000,9999.000,9999.000,9999.000,9999.000,9999.000,9999.000
202603201454,   2.289,   2.689,9999.000,9999.000,9999.000,9999.000,9999.000,9999.000,9999.000
202603201500,   2.291,   2.689,   0.400,  -0.002,   2.689,   0.300,   2.589,   0.400,   2.689
202603201506,   2.290,   2.689,9999.000,9999.000,9999.000,9999.000,9999.000,9999.000,9999.000
202603201512,   2.285,   2.679,9999.000,9999.000,9999.000,9999.000,9999.000,9999.000,9999.000
202603201518,   2.276,   2.669,9999.000,9999.000,9999.000,9999.000,9999.000,9999.000,9999.000
202603201524,   2.263,   2.650,9999.000,9999.000,9999.000,9999.000,9999.000,9999.000,9999.000
202603201530,   2.247,   2.630,9999.000,9999.000,9999.000,9999.000,9999.000,9999.000,9999.000
202603201536,   2.227,   2.610,9999.000,9999.000,9999.000,9999.000,9999.000,9999.000,9999.000
202603201542,   2.204,   2.578,9999.000,9999.000,9999.000,9999.000,9999.000,9999.000,9999.000
202603201548,   2.178,   2.548,9999.000,9999.000,9999.000,9999.000,9999.000,9999.000,9999.000
202603201554,   2.149,   2.519,9999.000,9999.000,9999.000,9999.000,9999.000,9999.000,9999.000
202603201600,   2.116,   2.489,   0.300,   0.073,   2.489,   0.300,   2.489,   0.400,   2.589
202603201606,   2.080,   2.459,9999.000,9999.000,9999.000,9999.000,9999.000,9999.000,9999.000
202603201612,   2.042,   2.420,9999.000,9999.000,9999.000,9999.000,9999.000,9999.000,9999.000
202603201618,   2.001,   2.377,9999.000,9999.000,9999.000,9999.000,9999.000,9999.000,9999.000
202603201624,   1.957,   2.328,9999.000,9999.000,9999.000,9999.000,9999.000,9999.000,9999.000
202603201630,   1.911,   2.289,9999.000,9999.000,9999.000,9999.000,9999.000,9999.000,9999.000
202603201636,   1.862,   2.230,9999.000,9999.000,9999.000,9999.000,9999.000,9999.000,9999.000
202603201642,   1.811,   2.191,9999.000,9999.000,9999.000,9999.000,9999.000,9999.000,9999.000
202603201648,   1.758,   2.128,9999.000,9999.000,9999.000,9999.000,9999.000,9999.000,9999.000
202603201654,   1.704,   2.079,9999.000,9999.000,9999.000,9999.000,9999.000,9999.000,9999.000
202603201700,   1.647,   2.010,   0.300,   0.063,   2.010,   0.300,   2.010,   0.400,   2.110
202603201706,   1.589,   1.967,9999.000,9999.000,9999.000,9999.000,9999.000,9999.000,9999.000
202603201712,   1.530,   1.908,9999.000,9999.000,9999.000,9999.000,9999.000,9999.000,9999.000
202603201718,   1.469,   1.859,9999.000,9999.000,9999.000,9999.000,9999.000,9999.000,9999.000
202603201724,   1.407,   1.810,9999.000,9999.000,9999.000,9999.000,9999.000,9999.000,9999.000
202603201730,   1.344,   1.748,9999.000,9999.000,9999.000,9999.000,9999.000,9999.000,9999.000
202603201736,   1.280,   1.669,9999.000,9999.000,9999.000,9999.000,9999.000,9999.000,9999.000
202603201742,   1.216,   1.610,9999.000,9999.000,9999.000,9999.000,9999.000,9999.000,9999.000
202603201748,   1.150,   1.538,9999.000,9999.000,9999.000,9999.000,9999.000,9999.000,9999.000
202603201754,   1.084,   1.459,9999.000,9999.000,9999.000,9999.000,9999.000,9999.000,9999.000
202603201800,   1.018,   1.380,   0.300,   0.062,   1.380,   0.300,   1.380,   0.400,   1.480
202603201806,   0.952,   1.298,9999.000,9999.000,9999.000,9999.000,9999.000,9999.000,9999.000
202603201812,   0.886,   1.239,9999.000,9999.000,9999.000,9999.000,9999.000,9999.000,9999.000
202603201818,   0.820,   1.170,9999.000,9999.000,9999.000,9999.000,9999.000,9999.000,9999.000
202603201824,   0.754,   1.088,9999.000,9999.000,9999.000,9999.000,9999.000,9999.000,9999.000
202603201830,   0.688,   1.029,9999.000,9999.000,9999.000,9999.000,9999.000,9999.000,9999.000
202603201836,   0.623,   0.970,9999.000,9999.000,9999.000,9999.000,9999.000,9999.000,9999.000
202603201842,   0.559,   0.898,9999.000,9999.000,9999.000,9999.000,9999.000,9999.000,9999.000
202603201848,   0.495,   0.839,9999.000,9999.000,9999.000,9999.000,9999.000,9999.000,9999.000
202603201854,   0.433,   0.770,9999.000,9999.000,9999.000,9999.000,9999.000,9999.000,9999.000
202603201900,   0.371,   0.708,   0.300,   0.037,   0.708,   0.300,   0.708,   0.300,   0.708
202603201906,   0.311,   0.639,9999.000,9999.000,9999.000,9999.000,9999.000,9999.000,9999.000
202603201912,   0.253,   0.580,9999.000,9999.000,9999.000,9999.000,9999.000,9999.000,9999.000
202603201918,   0.196,   0.531,9999.000,9999.000,9999.000,9999.000,9999.000,9999.000,9999.000
202603201924,   0.141,   0.478,9999.000,9999.000,9999.000,9999.000,9999.000,9999.000,9999.000
202603201930,   0.088,   0.429,9999.000,9999.000,9999.000,9999.000,9999.000,9999.000,9999.000
202603201936,   0.037,   0.370,9999.000,9999.000,9999.000,9999.000,9999.000,9999.000,9999.000
202603201942,  -0.011,   0.308,9999.000,9999.000,9999.000,9999.000,9999.000,9999.000,9999.000
202603201948,  -0.057,   0.278,9999.000,9999.000,9999.000,9999.000,9999.000,9999.000,9999.000
202603201954,  -0.100,   0.219,9999.000,9999.000,9999.000,9999.000,9999.000,9999.000,9999.000
202603202000,  -0.141,   0.200,   0.300,   0.041,   0.200,   0.200,   0.100,   0.300,   0.200
202603202006,  -0.179,   0.160,9999.000,9999.000,9999.000,9999.000,9999.000,9999.000,9999.000
202603202012,  -0.213,   0.121,9999.000,9999.000,9999.000,9999.000,9999.000,9999.000,9999.000
202603202018,  -0.245,   0.098,9999.000,9999.000,9999.000,9999.000,9999.000,9999.000,9999.000
202603202024,  -0.273,   0.068,9999.000,9999.000,9999.000,9999.000,9999.000,9999.000,9999.000
202603202030,  -0.298,   0.039,9999.000,9999.000,9999.000,9999.000,9999.000,9999.000,9999.000
202603202036,  -0.319,   0.029,9999.000,9999.000,9999.000,9999.000,9999.000,9999.000,9999.000
202603202042,  -0.336,  -0.019,9999.000,9999.000,9999.000,9999.000,9999.000,9999.000,9999.000
202603202048,  -0.350,  -0.029,9999.000,9999.000,9999.000,9999.000,9999.000,9999.000,9999.000
202603202054,  -0.360,  -0.039,9999.000,9999.000,9999.000,9999.000,9999.000,9999.000,9999.000
202603202100,  -0.367,  -0.049,   0.300,   0.018,  -0.049,   0.200,  -0.149,   0.300,  -0.049
202603202106,  -0.369,  -0.068,9999.000,9999.000,9999.000,9999.000,9999.000,9999.000,9999.000
202603202112,  -0.368,  -0.068,9999.000,9999.000,9999.000,9999.000,9999.000,9999.000,9999.000
202603202118,  -0.363,  -0.068,9999.000,9999.000,9999.000,9999.000,9999.000,9999.000,9999.000
202603202124,  -0.353,  -0.068,9999.000,9999.000,9999.000,9999.000,9999.000,9999.000,9999.000
202603202130,  -0.340,  -0.059,9999.000,9999.000,9999.000,9999.000,9999.000,9999.000,9999.000
202603202136,  -0.323,  -0.059,9999.000,9999.000,9999.000,9999.000,9999.000,9999.000,9999.000
202603202142,  -0.303,  -0.049,9999.000,9999.000,9999.000,9999.000,9999.000,9999.000,9999.000
202603202148,  -0.278,  -0.019,9999.000,9999.000,9999.000,9999.000,9999.000,9999.000,9999.000
202603202154,  -0.250,  -0.009,9999.000,9999.000,9999.000,9999.000,9999.000,9999.000,9999.000
202603202200,  -0.219,   0.029,   0.200,   0.048,   0.029,   0.200,   0.029,   0.300,   0.129
202603202206,  -0.184,   0.049,9999.000,9999.000,9999.000,9999.000,9999.000,9999.000,9999.000
202603202212,  -0.145,   0.078,9999.000,9999.000,9999.000,9999.000,9999.000,9999.000,9999.000
202603202218,  -0.104,   0.111,9999.000,9999.000,9999.000,9999.000,9999.000,9999.000,9999.000
202603202224,  -0.059,   0.150,9999.000,9999.000,9999.000,9999.000,9999.000,9999.000,9999.000
202603202230,  -0.011,   0.180,9999.000,9999.000,9999.000,9999.000,9999.000,9999.000,9999.000
202603202236,   0.039,   0.219,9999.000,9999.000,9999.000,9999.000,9999.000,9999.000,9999.000
202603202242,   0.092,   0.268,9999.000,9999.000,9999.000,9999.000,9999.000,9999.000,9999.000
202603202248,   0.148,   0.321,9999.000,9999.000,9999.000,9999.000,9999.000,9999.000,9999.000
202603202254,   0.207,   0.370,9999.000,9999.000,9999.000,9999.000,9999.000,9999.000,9999.000
202603202300,   0.267,   0.439,   0.200,  -0.028,   0.439,   0.100,   0.339,   0.300,   0.539
202603202306,   0.330,   0.498,9999.000,9999.000,9999.000,9999.000,9999.000,9999.000,9999.000
202603202312,   0.395,   0.570,9999.000,9999.000,9999.000,9999.000,9999.000,9999.000,9999.000
202603202318,   0.462,   0.639,9999.000,9999.000,9999.000,9999.000,9999.000,9999.000,9999.000
202603202324,   0.530,   0.708,9999.000,9999.000,9999.000,9999.000,9999.000,9999.000,9999.000
202603202330,   0.600,   0.770,9999.000,9999.000,9999.000,9999.000,9999.000,9999.000,9999.000
202603202336,   0.670,   0.839,9999.000,9999.000,9999.000,9999.000,9999.000,9999.000,9999.000
202603202342,   0.743,   0.918,9999.000,9999.000,9999.000,9999.000,9999.000,9999.000,9999.000
202603202348,   0.816,   1.000,9999.000,9999.000,9999.000,9999.000,9999.000,9999.000,9999.000
202603202354,   0.889,   1.088,9999.000,9999.000,9999.000,9999.000,9999.000,9999.000,9999.000
202603210000,   0.964,   1.088,   0.200,  -0.076,   1.088,   0.100,   0.988,   0.300,   1.188
202603210006,   1.039,9999.000,9999.000,9999.000,9999.000,9999.000,9999.000,9999.000,9999.000
202603210012,   1.114,9999.000,9999.000,9999.000,9999.000,9999.000,9999.000,9999.000,9999.000
202603210018,   1.189,9999.000,9999.000,9999.000,9999.000,9999.000,9999.000,9999.000,9999.000
202603210024,   1.264,9999.000,9999.000,9999.000,9999.000,9999.000,9999.000,9999.000,9999.000
202603210030,   1.339,9999.000,9999.000,9999.000,9999.000,9999.000,9999.000,9999.000,9999.000
202603210036,   1.413,9999.000,9999.000,9999.000,9999.000,9999.000,9999.000,9999.000,9999.000
202603210042,   1.487,9999.000,9999.000,9999.000,9999.000,9999.000,9999.000,9999.000,9999.000
202603210048,   1.560,9999.000,9999.000,9999.000,9999.000,9999.000,9999.000,9999.000,9999.000
202603210054,   1.632,9999.000,9999.000,9999.000,9999.000,9999.000,9999.000,9999.000,9999.000
202603210100,   1.703,9999.000,   0.200,  -0.056,   1.847,   0.100,   1.747,   0.300,   1.947
202603210106,   1.772,9999.000,9999.000,9999.000,9999.000,9999.000,9999.000,9999.000,9999.000
202603210112,   1.840,9999.000,9999.000,9999.000,9999.000,9999.000,9999.000,9999.000,9999.000
202603210118,   1.906,9999.000,9999.000,9999.000,9999.000,9999.000,9999.000,9999.000,9999.000
202603210124,   1.971,9999.000,9999.000,9999.000,9999.000,9999.000,9999.000,9999.000,9999.000
202603210130,   2.033,9999.000,9999.000,9999.000,9999.000,9999.000,9999.000,9999.000,9999.000
202603210136,   2.093,9999.000,9999.000,9999.000,9999.000,9999.000,9999.000,9999.000,9999.000
202603210142,   2.150,9999.000,9999.000,9999.000,9999.000,9999.000,9999.000,9999.000,9999.000
202603210148,   2.205,9999.000,9999.000,9999.000,9999.000,9999.000,9999.000,9999.000,9999.000
202603210154,   2.257,9999.000,9999.000,9999.000,9999.000,9999.000,9999.000,9999.000,9999.000
202603210200,   2.307,9999.000,   0.200,  -0.036,   2.471,   0.100,   2.371,   0.300,   2.571
202603210206,   2.353,9999.000,9999.000,9999.000,9999.000,9999.000,9999.000,9999.000,9999.000
202603210212,   2.396,9999.000,9999.000,9999.000,9999.000,9999.000,9999.000,9999.000,9999.000
202603210218,   2.435,9999.000,9999.000,9999.000,9999.000,9999.000,9999.000,9999.000,9999.000
202603210224,   2.471,9999.000,9999.000,9999.000,9999.000,9999.000,9999.000,9999.000,9999.000
202603210230,   2.504,9999.000,9999.000,9999.000,9999.000,9999.000,9999.000,9999.000,9999.000
202603210236,   2.533,9999.000,9999.000,9999.000,9999.000,9999.000,9999.000,9999.000,9999.000
202603210242,   2.558,9999.000,9999.000,9999.000,9999.000,9999.000,9999.000,9999.000,9999.000
202603210248,   2.579,9999.000,9999.000,9999.000,9999.000,9999.000,9999.000,9999.000,9999.000
202603210254,   2.596,9999.000,9999.000,9999.000,9999.000,9999.000,9999.000,9999.000,9999.000
202603210300,   2.610,9999.000,   0.200,  -0.016,   2.794,   0.100,   2.694,   0.300,   2.894
202603210306,   2.619,9999.000,9999.000,9999.000,9999.000,9999.000,9999.000,9999.000,9999.000
202603210312,   2.625,9999.000,9999.000,9999.000,9999.000,9999.000,9999.000,9999.000,9999.000
202603210318,   2.627,9999.000,9999.000,9999.000,9999.000,9999.000,9999.000,9999.000,9999.000
202603210324,   2.624,9999.000,9999.000,9999.000,9999.000,9999.000,9999.000,9999.000,9999.000
202603210330,   2.618,9999.000,9999.000,9999.000,9999.000,9999.000,9999.000,9999.000,9999.000
202603210336,   2.608,9999.000,9999.000,9999.000,9999.000,9999.000,9999.000,9999.000,9999.000
202603210342,   2.594,9999.000,9999.000,9999.000,9999.000,9999.000,9999.000,9999.000,9999.000
202603210348,   2.577,9999.000,9999.000,9999.000,9999.000,9999.000,9999.000,9999.000,9999.000
202603210354,   2.556,9999.000,9999.000,9999.000,9999.000,9999.000,9999.000,9999.000,9999.000
202603210400,   2.531,9999.000,   0.200,   0.004,   2.735,   0.000,   2.535,   0.300,   2.835
202603210406,   2.503,9999.000,9999.000,9999.000,9999.000,9999.000,9999.000,9999.000,9999.000
202603210412,   2.471,9999.000,9999.000,9999.000,9999.000,9999.000,9999.000,9999.000,9999.000
202603210418,   2.437,9999.000,9999.000,9999.000,9999.000,9999.000,9999.000,9999.000,9999.000
202603210424,   2.399,9999.000,9999.000,9999.000,9999.000,9999.000,9999.000,9999.000,9999.000
202603210430,   2.359,9999.000,9999.000,9999.000,9999.000,9999.000,9999.000,9999.000,9999.000
202603210436,   2.315,9999.000,9999.000,9999.000,9999.000,9999.000,9999.000,9999.000,9999.000
202603210442,   2.270,9999.000,9999.000,9999.000,9999.000,9999.000,9999.000,9999.000,9999.000
202603210448,   2.221,9999.000,9999.000,9999.000,9999.000,9999.000,9999.000,9999.000,9999.000
202603210454,   2.171,9999.000,9999.000,9999.000,9999.000,9999.000,9999.000,9999.000,9999.000
202603210500,   2.118,9999.000,   0.200,   0.024,   2.342,   0.000,   2.142,   0.300,   2.442
202603210506,   2.063,9999.000,9999.000,9999.000,9999.000,9999.000,9999.000,9999.000,9999.000
202603210512,   2.006,9999.000,9999.000,9999.000,9999.000,9999.000,9999.000,9999.000,9999.000
202603210518,   1.948,9999.000,9999.000,9999.000,9999.000,9999.000,9999.000,9999.000,9999.000
202603210524,   1.888,9999.000,9999.000,9999.000,9999.000,9999.000,9999.000,9999.000,9999.000
202603210530,   1.827,9999.000,9999.000,9999.000,9999.000,9999.000,9999.000,9999.000,9999.000
202603210536,   1.764,9999.000,9999.000,9999.000,9999.000,9999.000,9999.000,9999.000,9999.000
202603210542,   1.700,9999.000,9999.000,9999.000,9999.000,9999.000,9999.000,9999.000,9999.000
202603210548,   1.635,9999.000,9999.000,9999.000,9999.000,9999.000,9999.000,9999.000,9999.000
202603210554,   1.570,9999.000,9999.000,9999.000,9999.000,9999.000,9999.000,9999.000,9999.000
202603210600,   1.503,9999.000,   0.100,   0.044,   1.647,   0.000,   1.547,   0.300,   1.847
202603210606,   1.436,9999.000,9999.000,9999.000,9999.000,9999.000,9999.000,9999.000,9999.000
202603210612,   1.368,9999.000,9999.000,9999.000,9999.000,9999.000,9999.000,9999.000,9999.000
202603210618,   1.300,9999.000,9999.000,9999.000,9999.000,9999.000,9999.000,9999.000,9999.000
202603210624,   1.231,9999.000,9999.000,9999.000,9999.000,9999.000,9999.000,9999.000,9999.000
202603210630,   1.163,9999.000,9999.000,9999.000,9999.000,9999.000,9999.000,9999.000,9999.000
202603210636,   1.094,9999.000,9999.000,9999.000,9999.000,9999.000,9999.000,9999.000,9999.000
202603210642,   1.025,9999.000,9999.000,9999.000,9999.000,9999.000,9999.000,9999.000,9999.000
202603210648,   0.957,9999.000,9999.000,9999.000,9999.000,9999.000,9999.000,9999.000,9999.000
202603210654,   0.889,9999.000,9999.000,9999.000,9999.000,9999.000,9999.000,9999.000,9999.000
202603210700,   0.821,9999.000,   0.100,   0.065,   0.986,  -0.100,   0.786,   0.200,   1.086
202603210706,   0.754,9999.000,9999.000,9999.000,9999.000,9999.000,9999.000,9999.000,9999.000
202603210712,   0.688,9999.000,9999.000,9999.000,9999.000,9999.000,9999.000,9999.000,9999.000
202603210718,   0.623,9999.000,9999.000,9999.000,9999.000,9999.000,9999.000,9999.000,9999.000
202603210724,   0.558,9999.000,9999.000,9999.000,9999.000,9999.000,9999.000,9999.000,9999.000
202603210730,   0.495,9999.000,9999.000,9999.000,9999.000,9999.000,9999.000,9999.000,9999.000
202603210736,   0.433,9999.000,9999.000,9999.000,9999.000,9999.000,9999.000,9999.000,9999.000
202603210742,   0.372,9999.000,9999.000,9999.000,9999.000,9999.000,9999.000,9999.000,9999.000
202603210748,   0.313,9999.000,9999.000,9999.000,9999.000,9999.000,9999.000,9999.000,9999.000
202603210754,   0.256,9999.000,9999.000,9999.000,9999.000,9999.000,9999.000,9999.000,9999.000
202603210800,   0.201,9999.000,   0.100,   0.085,   0.386,  -0.100,   0.186,   0.200,   0.486
202603210806,   0.147,9999.000,9999.000,9999.000,9999.000,9999.000,9999.000,9999.000,9999.000
202603210812,   0.096,9999.000,9999.000,9999.000,9999.000,9999.000,9999.000,9999.000,9999.000
202603210818,   0.048,9999.000,9999.000,9999.000,9999.000,9999.000,9999.000,9999.000,9999.000
202603210824,   0.001,9999.000,9999.000,9999.000,9999.000,9999.000,9999.000,9999.000,9999.000
202603210830,  -0.041,9999.000,9999.000,9999.000,9999.000,9999.000,9999.000,9999.000,9999.000
202603210836,  -0.082,9999.000,9999.000,9999.000,9999.000,9999.000,9999.000,9999.000,9999.000
202603210842,  -0.120,9999.000,9999.000,9999.000,9999.000,9999.000,9999.000,9999.000,9999.000
202603210848,  -0.155,9999.000,9999.000,9999.000,9999.000,9999.000,9999.000,9999.000,9999.000
202603210854,  -0.187,9999.000,9999.000,9999.000,9999.000,9999.000,9999.000,9999.000,9999.000
202603210900,  -0.216,9999.000,   0.100,   0.105,  -0.011,  -0.100,  -0.211,   0.200,   0.089
202603210906,  -0.241,9999.000,9999.000,9999.000,9999.000,9999.000,9999.000,9999.000,9999.000
202603210912,  -0.263,9999.000,9999.000,9999.000,9999.000,9999.000,9999.000,9999.000,9999.000
202603210918,  -0.282,9999.000,9999.000,9999.000,9999.000,9999.000,9999.000,9999.000,9999.000
202603210924,  -0.297,9999.000,9999.000,9999.000,9999.000,9999.000,9999.000,9999.000,9999.000
202603210930,  -0.308,9999.000,9999.000,9999.000,9999.000,9999.000,9999.000,9999.000,9999.000
202603210936,  -0.317,9999.000,9999.000,9999.000,9999.000,9999.000,9999.000,9999.000,9999.000
202603210942,  -0.321,9999.000,9999.000,9999.000,9999.000,9999.000,9999.000,9999.000,9999.000
202603210948,  -0.322,9999.000,9999.000,9999.000,9999.000,9999.000,9999.000,9999.000,9999.000
202603210954,  -0.319,9999.000,9999.000,9999.000,9999.000,9999.000,9999.000,9999.000,9999.000
202603211000,  -0.313,9999.000,   0.100,   0.125,  -0.088,  -0.100,  -0.288,   0.200,   0.012
202603211006,  -0.304,9999.000,9999.000,9999.000,9999.000,9999.000,9999.000,9999.000,9999.000
202603211012,  -0.291,9999.000,9999.000,9999.000,9999.000,9999.000,9999.000,9999.000,9999.000
202603211018,  -0.274,9999.000,9999.000,9999.000,9999.000,9999.000,9999.000,9999.000,9999.000
202603211024,  -0.255,9999.000,9999.000,9999.000,9999.000,9999.000,9999.000,9999.000,9999.000
202603211030,  -0.232,9999.000,9999.000,9999.000,9999.000,9999.000,9999.000,9999.000,9999.000
202603211036,  -0.206,9999.000,9999.000,9999.000,9999.000,9999.000,9999.000,9999.000,9999.000
202603211042,  -0.177,9999.000,9999.000,9999.000,9999.000,9999.000,9999.000,9999.000,9999.000
202603211048,  -0.145,9999.000,9999.000,9999.000,9999.000,9999.000,9999.000,9999.000,9999.000
202603211054,  -0.110,9999.000,9999.000,9999.000,9999.000,9999.000,9999.000,9999.000,9999.000
202603211100,  -0.072,9999.000,   0.100,   0.145,   0.173,  -0.100,  -0.027,   0.200,   0.273
202603211106,  -0.032,9999.000,9999.000,9999.000,9999.000,9999.000,9999.000,9999.000,9999.000
202603211112,   0.010,9999.000,9999.000,9999.000,9999.000,9999.000,9999.000,9999.000,9999.000
202603211118,   0.055,9999.000,9999.000,9999.000,9999.000,9999.000,9999.000,9999.000,9999.000
202603211124,   0.102,9999.000,9999.000,9999.000,9999.000,9999.000,9999.000,9999.000,9999.000
202603211130,   0.152,9999.000,9999.000,9999.000,9999.000,9999.000,9999.000,9999.000,9999.000
202603211136,   0.204,9999.000,9999.000,9999.000,9999.000,9999.000,9999.000,9999.000,9999.000
202603211142,   0.257,9999.000,9999.000,9999.000,9999.000,9999.000,9999.000,9999.000,9999.000
202603211148,   0.312,9999.000,9999.000,9999.000,9999.000,9999.000,9999.000,9999.000,9999.000
202603211154,   0.369,9999.000,9999.000,9999.000,9999.000,9999.000,9999.000,9999.000,9999.000
202603211200,   0.427,9999.000,   0.100,   0.165,   0.692,   0.000,   0.592,   0.200,   0.792
202603211206,   0.487,9999.000,9999.000,9999.000,9999.000,9999.000,9999.000,9999.000,9999.000
202603211212,   0.548,9999.000,9999.000,9999.000,9999.000,9999.000,9999.000,9999.000,9999.000
202603211218,   0.610,9999.000,9999.000,9999.000,9999.000,9999.000,9999.000,9999.000,9999.000
202603211224,   0.673,9999.000,9999.000,9999.000,9999.000,9999.000,9999.000,9999.000,9999.000
202603211230,   0.737,9999.000,9999.000,9999.000,9999.000,9999.000,9999.000,9999.000,9999.000
202603211236,   0.802,9999.000,9999.000,9999.000,9999.000,9999.000,9999.000,9999.000,9999.000
202603211242,   0.867,9999.000,9999.000,9999.000,9999.000,9999.000,9999.000,9999.000,9999.000
202603211248,   0.933,9999.000,9999.000,9999.000,9999.000,9999.000,9999.000,9999.000,9999.000
202603211254,   0.999,9999.000,9999.000,9999.000,9999.000,9999.000,9999.000,9999.000,9999.000
202603211300,   1.065,9999.000,   0.100,   0.165,   1.330,   0.000,   1.230,   0.200,   1.430
202603211306,   1.131,9999.000,9999.000,9999.000,9999.000,9999.000,9999.000,9999.000,9999.000
202603211312,   1.196,9999.000,9999.000,9999.000,9999.000,9999.000,9999.000,9999.000,9999.000
202603211318,   1.261,9999.000,9999.000,9999.000,9999.000,9999.000,9999.000,9999.000,9999.000
202603211324,   1.326,9999.000,9999.000,9999.000,9999.000,9999.000,9999.000,9999.000,9999.000
202603211330,   1.390,9999.000,9999.000,9999.000,9999.000,9999.000,9999.000,9999.000,9999.000
202603211336,   1.453,9999.000,9999.000,9999.000,9999.000,9999.000,9999.000,9999.000,9999.000
202603211342,   1.515,9999.000,9999.000,9999.000,9999.000,9999.000,9999.000,9999.000,9999.000
202603211348,   1.575,9999.000,9999.000,9999.000,9999.000,9999.000,9999.000,9999.000,9999.000
202603211354,   1.634,9999.000,9999.000,9999.000,9999.000,9999.000,9999.000,9999.000,9999.000
202603211400,   1.692,9999.000,   0.100,   0.165,   1.957,   0.000,   1.857,   0.300,   2.157
202603211406,   1.747,9999.000,9999.000,9999.000,9999.000,9999.000,9999.000,9999.000,9999.000
202603211412,   1.800,9999.000,9999.000,9999.000,9999.000,9999.000,9999.000,9999.000,9999.000
202603211418,   1.851,9999.000,9999.000,9999.000,9999.000,9999.000,9999.000,9999.000,9999.000
202603211424,   1.900,9999.000,9999.000,9999.000,9999.000,9999.000,9999.000,9999.000,9999.000
202603211430,   1.946,9999.000,9999.000,9999.000,9999.000,9999.000,9999.000,9999.000,9999.000
202603211436,   1.989,9999.000,9999.000,9999.000,9999.000,9999.000,9999.000,9999.000,9999.000
202603211442,   2.030,9999.000,9999.000,9999.000,9999.000,9999.000,9999.000,9999.000,9999.000
202603211448,   2.067,9999.000,9999.000,9999.000,9999.000,9999.000,9999.000,9999.000,9999.000
202603211454,   2.101,9999.000,9999.000,9999.000,9999.000,9999.000,9999.000,9999.000,9999.000
202603211500,   2.132,9999.000,   0.200,   0.165,   2.497,   0.000,   2.297,   0.300,   2.597
202603211506,   2.159,9999.000,9999.000,9999.000,9999.000,9999.000,9999.000,9999.000,9999.000
202603211512,   2.183,9999.000,9999.000,9999.000,9999.000,9999.000,9999.000,9999.000,9999.000
202603211518,   2.203,9999.000,9999.000,9999.000,9999.000,9999.000,9999.000,9999.000,9999.000
202603211524,   2.219,9999.000,9999.000,9999.000,9999.000,9999.000,9999.000,9999.000,9999.000
202603211530,   2.232,9999.000,9999.000,9999.000,9999.000,9999.000,9999.000,9999.000,9999.000
202603211536,   2.241,9999.000,9999.000,9999.000,9999.000,9999.000,9999.000,9999.000,9999.000
202603211542,   2.246,9999.000,9999.000,9999.000,9999.000,9999.000,9999.000,9999.000,9999.000
202603211548,   2.247,9999.000,9999.000,9999.000,9999.000,9999.000,9999.000,9999.000,9999.000
202603211554,   2.245,9999.000,9999.000,9999.000,9999.000,9999.000,9999.000,9999.000,9999.000
202603211600,   2.239,9999.000,   0.200,   0.165,   2.604,   0.100,   2.504,   0.300,   2.704
202603211606,   2.229,9999.000,9999.000,9999.000,9999.000,9999.000,9999.000,9999.000,9999.000
202603211612,   2.215,9999.000,9999.000,9999.000,9999.000,9999.000,9999.000,9999.000,9999.000
202603211618,   2.198,9999.000,9999.000,9999.000,9999.000,9999.000,9999.000,9999.000,9999.000
202603211624,   2.177,9999.000,9999.000,9999.000,9999.000,9999.000,9999.000,9999.000,9999.000
202603211630,   2.153,9999.000,9999.000,9999.000,9999.000,9999.000,9999.000,9999.000,9999.000
202603211636,   2.126,9999.000,9999.000,9999.000,9999.000,9999.000,9999.000,9999.000,9999.000
202603211642,   2.095,9999.000,9999.000,9999.000,9999.000,9999.000,9999.000,9999.000,9999.000
202603211648,   2.062,9999.000,9999.000,9999.000,9999.000,9999.000,9999.000,9999.000,9999.000
202603211654,   2.026,9999.000,9999.000,9999.000,9999.000,9999.000,9999.000,9999.000,9999.000
202603211700,   1.986,9999.000,   0.300,   0.165,   2.451,   0.200,   2.351,   0.400,   2.551
202603211706,   1.945,9999.000,9999.000,9999.000,9999.000,9999.000,9999.000,9999.000,9999.000
202603211712,   1.900,9999.000,9999.000,9999.000,9999.000,9999.000,9999.000,9999.000,9999.000
202603211718,   1.854,9999.000,9999.000,9999.000,9999.000,9999.000,9999.000,9999.000,9999.000
202603211724,   1.805,9999.000,9999.000,9999.000,9999.000,9999.000,9999.000,9999.000,9999.000
202603211730,   1.754,9999.000,9999.000,9999.000,9999.000,9999.000,9999.000,9999.000,9999.000
202603211736,   1.701,9999.000,9999.000,9999.000,9999.000,9999.000,9999.000,9999.000,9999.000
202603211742,   1.647,9999.000,9999.000,9999.000,9999.000,9999.000,9999.000,9999.000,9999.000
202603211748,   1.591,9999.000,9999.000,9999.000,9999.000,9999.000,9999.000,9999.000,9999.000
202603211754,   1.533,9999.000,9999.000,9999.000,9999.000,9999.000,9999.000,9999.000,9999.000
202603211800,   1.475,9999.000,   0.300,   0.165,   1.940,   0.200,   1.840,   0.400,   2.040
202603211806,   1.415,9999.000,9999.000,9999.000,9999.000,9999.000,9999.000,9999.000,9999.000
202603211812,   1.354,9999.000,9999.000,9999.000,9999.000,9999.000,9999.000,9999.000,9999.000
202603211818,   1.292,9999.000,9999.000,9999.000,9999.000,9999.000,9999.000,9999.000,9999.000
202603211824,   1.229,9999.000,9999.000,9999.000,9999.000,9999.000,9999.000,9999.000,9999.000
202603211830,   1.166,9999.000,9999.000,9999.000,9999.000,9999.000,9999.000,9999.000,9999.000
202603211836,   1.102,9999.000,9999.000,9999.000,9999.000,9999.000,9999.000,9999.000,9999.000
202603211842,   1.038,9999.000,9999.000,9999.000,9999.000,9999.000,9999.000,9999.000,9999.000
202603211848,   0.973,9999.000,9999.000,9999.000,9999.000,9999.000,9999.000,9999.000,9999.000
202603211854,   0.909,9999.000,9999.000,9999.000,9999.000,9999.000,9999.000,9999.000,9999.000
202603211900,   0.845,9999.000,   0.400,   0.165,   1.410,   0.300,   1.310,   0.500,   1.510
202603211906,   0.780,9999.000,9999.000,9999.000,9999.000,9999.000,9999.000,9999.000,9999.000
202603211912,   0.717,9999.000,9999.000,9999.000,9999.000,9999.000,9999.000,9999.000,9999.000
202603211918,   0.653,9999.000,9999.000,9999.000,9999.000,9999.000,9999.000,9999.000,9999.000
202603211924,   0.591,9999.000,9999.000,9999.000,9999.000,9999.000,9999.000,9999.000,9999.000
202603211930,   0.529,9999.000,9999.000,9999.000,9999.000,9999.000,9999.000,9999.000,9999.000
202603211936,   0.468,9999.000,9999.000,9999.000,9999.000,9999.000,9999.000,9999.000,9999.000
202603211942,   0.408,9999.000,9999.000,9999.000,9999.000,9999.000,9999.000,9999.000,9999.000
202603211948,   0.349,9999.000,9999.000,9999.000,9999.000,9999.000,9999.000,9999.000,9999.000
202603211954,   0.292,9999.000,9999.000,9999.000,9999.000,9999.000,9999.000,9999.000,9999.000
202603212000,   0.237,9999.000,   0.400,   0.165,   0.802,   0.200,   0.602,   0.500,   0.902
202603212006,   0.183,9999.000,9999.000,9999.000,9999.000,9999.000,9999.000,9999.000,9999.000
202603212012,   0.131,9999.000,9999.000,9999.000,9999.000,9999.000,9999.000,9999.000,9999.000
202603212018,   0.082,9999.000,9999.000,9999.000,9999.000,9999.000,9999.000,9999.000,9999.000
202603212024,   0.034,9999.000,9999.000,9999.000,9999.000,9999.000,9999.000,9999.000,9999.000
202603212030,  -0.010,9999.000,9999.000,9999.000,9999.000,9999.000,9999.000,9999.000,9999.000
202603212036,  -0.052,9999.000,9999.000,9999.000,9999.000,9999.000,9999.000,9999.000,9999.000
202603212042,  -0.092,9999.000,9999.000,9999.000,9999.000,9999.000,9999.000,9999.000,9999.000
202603212048,  -0.129,9999.000,9999.000,9999.000,9999.000,9999.000,9999.000,9999.000,9999.000
202603212054,  -0.163,9999.000,9999.000,9999.000,9999.000,9999.000,9999.000,9999.000,9999.000
202603212100,  -0.193,9999.000,   0.400,   0.165,   0.372,   0.300,   0.272,   0.500,   0.472
202603212106,  -0.221,9999.000,9999.000,9999.000,9999.000,9999.000,9999.000,9999.000,9999.000
202603212112,  -0.244,9999.000,9999.000,9999.000,9999.000,9999.000,9999.000,9999.000,9999.000
202603212118,  -0.265,9999.000,9999.000,9999.000,9999.000,9999.000,9999.000,9999.000,9999.000
202603212124,  -0.282,9999.000,9999.000,9999.000,9999.000,9999.000,9999.000,9999.000,9999.000
202603212130,  -0.295,9999.000,9999.000,9999.000,9999.000,9999.000,9999.000,9999.000,9999.000
202603212136,  -0.305,9999.000,9999.000,9999.000,9999.000,9999.000,9999.000,9999.000,9999.000
202603212142,  -0.311,9999.000,9999.000,9999.000,9999.000,9999.000,9999.000,9999.000,9999.000
202603212148,  -0.313,9999.000,9999.000,9999.000,9999.000,9999.000,9999.000,9999.000,9999.000
202603212154,  -0.311,9999.000,9999.000,9999.000,9999.000,9999.000,9999.000,9999.000,9999.000
202603212200,  -0.305,9999.000,   0.400,   0.165,   0.260,   0.300,   0.160,   0.500,   0.360
202603212206,  -0.296,9999.000,9999.000,9999.000,9999.000,9999.000,9999.000,9999.000,9999.000
202603212212,  -0.283,9999.000,9999.000,9999.000,9999.000,9999.000,9999.000,9999.000,9999.000
202603212218,  -0.267,9999.000,9999.000,9999.000,9999.000,9999.000,9999.000,9999.000,9999.000
202603212224,  -0.246,9999.000,9999.000,9999.000,9999.000,9999.000,9999.000,9999.000,9999.000
202603212230,  -0.223,9999.000,9999.000,9999.000,9999.000,9999.000,9999.000,9999.000,9999.000
202603212236,  -0.195,9999.000,9999.000,9999.000,9999.000,9999.000,9999.000,9999.000,9999.000
202603212242,  -0.165,9999.000,9999.000,9999.000,9999.000,9999.000,9999.000,9999.000,9999.000
202603212248,  -0.131,9999.000,9999.000,9999.000,9999.000,9999.000,9999.000,9999.000,9999.000
202603212254,  -0.094,9999.000,9999.000,9999.000,9999.000,9999.000,9999.000,9999.000,9999.000
202603212300,  -0.053,9999.000,   0.400,   0.165,   0.512,   0.300,   0.412,   0.500,   0.612
202603212306,  -0.010,9999.000,9999.000,9999.000,9999.000,9999.000,9999.000,9999.000,9999.000
202603212312,   0.035,9999.000,9999.000,9999.000,9999.000,9999.000,9999.000,9999.000,9999.000
202603212318,   0.083,9999.000,9999.000,9999.000,9999.000,9999.000,9999.000,9999.000,9999.000
202603212324,   0.134,9999.000,9999.000,9999.000,9999.000,9999.000,9999.000,9999.000,9999.000
202603212330,   0.188,9999.000,9999.000,9999.000,9999.000,9999.000,9999.000,9999.000,9999.000
202603212336,   0.244,9999.000,9999.000,9999.000,9999.000,9999.000,9999.000,9999.000,9999.000
202603212342,   0.302,9999.000,9999.000,9999.000,9999.000,9999.000,9999.000,9999.000,9999.000
202603212348,   0.362,9999.000,9999.000,9999.000,9999.000,9999.000,9999.000,9999.000,9999.000
202603212354,   0.423,9999.000,9999.000,9999.000,9999.000,9999.000,9999.000,9999.000,9999.000
202603220000,   0.487,9999.000,   0.500,   0.165,   1.152,   0.400,   1.052,   0.500,   1.152
202603220006,   0.552,9999.000,9999.000,9999.000,9999.000,9999.000,9999.000,9999.000,9999.000
202603220012,   0.618,9999.000,9999.000,9999.000,9999.000,9999.000,9999.000,9999.000,9999.000
202603220018,   0.686,9999.000,9999.000,9999.000,9999.000,9999.000,9999.000,9999.000,9999.000
202603220024,   0.755,9999.000,9999.000,9999.000,9999.000,9999.000,9999.000,9999.000,9999.000
202603220030,   0.824,9999.000,9999.000,9999.000,9999.000,9999.000,9999.000,9999.000,9999.000
202603220036,   0.895,9999.000,9999.000,9999.000,9999.000,9999.000,9999.000,9999.000,9999.000
202603220042,   0.967,9999.000,9999.000,9999.000,9999.000,9999.000,9999.000,9999.000,9999.000
202603220048,   1.038,9999.000,9999.000,9999.000,9999.000,9999.000,9999.000,9999.000,9999.000
202603220054,   1.111,9999.000,9999.000,9999.000,9999.000,9999.000,9999.000,9999.000,9999.000
202603220100,   1.183,9999.000,   0.500,   0.165,   1.848,   0.400,   1.748,   0.600,   1.948
202603220106,   1.256,9999.000,9999.000,9999.000,9999.000,9999.000,9999.000,9999.000,9999.000
202603220112,   1.329,9999.000,9999.000,9999.000,9999.000,9999.000,9999.000,9999.000,9999.000
202603220118,   1.401,9999.000,9999.000,9999.000,9999.000,9999.000,9999.000,9999.000,9999.000
202603220124,   1.474,9999.000,9999.000,9999.000,9999.000,9999.000,9999.000,9999.000,9999.000
202603220130,   1.545,9999.000,9999.000,9999.000,9999.000,9999.000,9999.000,9999.000,9999.000
202603220136,   1.616,9999.000,9999.000,9999.000,9999.000,9999.000,9999.000,9999.000,9999.000
202603220142,   1.686,9999.000,9999.000,9999.000,9999.000,9999.000,9999.000,9999.000,9999.000
202603220148,   1.755,9999.000,9999.000,9999.000,9999.000,9999.000,9999.000,9999.000,9999.000
202603220154,   1.823,9999.000,9999.000,9999.000,9999.000,9999.000,9999.000,9999.000,9999.000
202603220200,   1.889,9999.000,   0.500,   0.165,   2.554,   0.400,   2.454,   0.600,   2.654
202603220206,   1.954,9999.000,9999.000,9999.000,9999.000,9999.000,9999.000,9999.000,9999.000
202603220212,   2.017,9999.000,9999.000,9999.000,9999.000,9999.000,9999.000,9999.000,9999.000
202603220218,   2.078,9999.000,9999.000,9999.000,9999.000,9999.000,9999.000,9999.000,9999.000
202603220224,   2.137,9999.000,9999.000,9999.000,9999.000,9999.000,9999.000,9999.000,9999.000
202603220230,   2.193,9999.000,9999.000,9999.000,9999.000,9999.000,9999.000,9999.000,9999.000
202603220236,   2.247,9999.000,9999.000,9999.000,9999.000,9999.000,9999.000,9999.000,9999.000
202603220242,   2.298,9999.000,9999.000,9999.000,9999.000,9999.000,9999.000,9999.000,9999.000
202603220248,   2.346,9999.000,9999.000,9999.000,9999.000,9999.000,9999.000,9999.000,9999.000
202603220254,   2.392,9999.000,9999.000,9999.000,9999.000,9999.000,9999.000,9999.000,9999.000
202603220300,   2.434,9999.000,   0.500,   0.165,   3.099,   0.400,   2.999,   0.600,   3.199
202603220306,   2.473,9999.000,9999.000,9999.000,9999.000,9999.000,9999.000,9999.000,9999.000
202603220312,   2.508,9999.000,9999.000,9999.000,9999.000,9999.000,9999.000,9999.000,9999.000
202603220318,   2.540,9999.000,9999.000,9999.000,9999.000,9999.000,9999.000,9999.000,9999.000
202603220324,   2.568,9999.000,9999.000,9999.000,9999.000,9999.000,9999.000,9999.000,9999.000
202603220330,   2.592,9999.000,9999.000,9999.000,9999.000,9999.000,9999.000,9999.000,9999.000
202603220336,   2.613,9999.000,9999.000,9999.000,9999.000,9999.000,9999.000,9999.000,9999.000
202603220342,   2.629,9999.000,9999.000,9999.000,9999.000,9999.000,9999.000,9999.000,9999.000
202603220348,   2.642,9999.000,9999.000,9999.000,9999.000,9999.000,9999.000,9999.000,9999.000
202603220354,   2.650,9999.000,9999.000,9999.000,9999.000,9999.000,9999.000,9999.000,9999.000
202603220400,   2.655,9999.000,   0.500,   0.165,   3.320,   0.400,   3.220,   0.600,   3.420
202603220406,   2.656,9999.000,9999.000,9999.000,9999.000,9999.000,9999.000,9999.000,9999.000
202603220412,   2.653,9999.000,9999.000,9999.000,9999.000,9999.000,9999.000,9999.000,9999.000
202603220418,   2.646,9999.000,9999.000,9999.000,9999.000,9999.000,9999.000,9999.000,9999.000
202603220424,   2.635,9999.000,9999.000,9999.000,9999.000,9999.000,9999.000,9999.000,9999.000
202603220430,   2.620,9999.000,9999.000,9999.000,9999.000,9999.000,9999.000,9999.000,9999.000
202603220436,   2.602,9999.000,9999.000,9999.000,9999.000,9999.000,9999.000,9999.000,9999.000
202603220442,   2.580,9999.000,9999.000,9999.000,9999.000,9999.000,9999.000,9999.000,9999.000
202603220448,   2.555,9999.000,9999.000,9999.000,9999.000,9999.000,9999.000,9999.000,9999.000
202603220454,   2.526,9999.000,9999.000,9999.000,9999.000,9999.000,9999.000,9999.000,9999.000
202603220500,   2.494,9999.000,   0.500,   0.165,   3.159,   0.400,   3.059,   0.600,   3.259
202603220506,   2.459,9999.000,9999.000,9999.000,9999.000,9999.000,9999.000,9999.000,9999.000
202603220512,   2.421,9999.000,9999.000,9999.000,9999.000,9999.000,9999.000,9999.000,9999.000
202603220518,   2.380,9999.000,9999.000,9999.000,9999.000,9999.000,9999.000,9999.000,9999.000
202603220524,   2.337,9999.000,9999.000,9999.000,9999.000,9999.000,9999.000,9999.000,9999.000
202603220530,   2.291,9999.000,9999.000,9999.000,9999.000,9999.000,9999.000,9999.000,9999.000
202603220536,   2.243,9999.000,9999.000,9999.000,9999.000,9999.000,9999.000,9999.000,9999.000
202603220542,   2.193,9999.000,9999.000,9999.000,9999.000,9999.000,9999.000,9999.000,9999.000
202603220548,   2.140,9999.000,9999.000,9999.000,9999.000,9999.000,9999.000,9999.000,9999.000
202603220554,   2.086,9999.000,9999.000,9999.000,9999.000,9999.000,9999.000,9999.000,9999.000
202603220600,   2.030,9999.000,   0.500,   0.165,   2.695,   0.400,   2.595,   0.600,   2.795
202603220606,   1.973,9999.000,9999.000,9999.000,9999.000,9999.000,9999.000,9999.000,9999.000
202603220612,   1.914,9999.000,9999.000,9999.000,9999.000,9999.000,9999.000,9999.000,9999.000
202603220618,   1.854,9999.000,9999.000,9999.000,9999.000,9999.000,9999.000,9999.000,9999.000
202603220624,   1.792,9999.000,9999.000,9999.000,9999.000,9999.000,9999.000,9999.000,9999.000
202603220630,   1.730,9999.000,9999.000,9999.000,9999.000,9999.000,9999.000,9999.000,9999.000
202603220636,   1.666,9999.000,9999.000,9999.000,9999.000,9999.000,9999.000,9999.000,9999.000
202603220642,   1.602,9999.000,9999.000,9999.000,9999.000,9999.000,9999.000,9999.000,9999.000
202603220648,   1.537,9999.000,9999.000,9999.000,9999.000,9999.000,9999.000,9999.000,9999.000
202603220654,   1.471,9999.000,9999.000,9999.000,9999.000,9999.000,9999.000,9999.000,9999.000
202603220700,   1.406,9999.000,   0.500,   0.165,   2.071,   0.400,   1.971,   0.600,   2.171
202603220706,   1.339,9999.000,9999.000,9999.000,9999.000,9999.000,9999.000,9999.000,9999.000
202603220712,   1.273,9999.000,9999.000,9999.000,9999.000,9999.000,9999.000,9999.000,9999.000
202603220718,   1.206,9999.000,9999.000,9999.000,9999.000,9999.000,9999.000,9999.000,9999.000
202603220724,   1.140,9999.000,9999.000,9999.000,9999.000,9999.000,9999.000,9999.000,9999.000
202603220730,   1.073,9999.000,9999.000,9999.000,9999.000,9999.000,9999.000,9999.000,9999.000
202603220736,   1.007,9999.000,9999.000,9999.000,9999.000,9999.000,9999.000,9999.000,9999.000
202603220742,   0.941,9999.000,9999.000,9999.000,9999.000,9999.000,9999.000,9999.000,9999.000
202603220748,   0.876,9999.000,9999.000,9999.000,9999.000,9999.000,9999.000,9999.000,9999.000
202603220754,   0.812,9999.000,9999.000,9999.000,9999.000,9999.000,9999.000,9999.000,9999.000
202603220800,   0.748,9999.000,   0.500,   0.165,   1.413,   0.300,   1.213,   0.600,   1.513
202603220806,   0.685,9999.000,9999.000,9999.000,9999.000,9999.000,9999.000,9999.000,9999.000
202603220812,   0.623,9999.000,9999.000,9999.000,9999.000,9999.000,9999.000,9999.000,9999.000
202603220818,   0.563,9999.000,9999.000,9999.000,9999.000,9999.000,9999.000,9999.000,9999.000
202603220824,   0.503,9999.000,9999.000,9999.000,9999.000,9999.000,9999.000,9999.000,9999.000
202603220830,   0.445,9999.000,9999.000,9999.000,9999.000,9999.000,9999.000,9999.000,9999.000
202603220836,   0.389,9999.000,9999.000,9999.000,9999.000,9999.000,9999.000,9999.000,9999.000
202603220842,   0.335,9999.000,9999.000,9999.000,9999.000,9999.000,9999.000,9999.000,9999.000
202603220848,   0.282,9999.000,9999.000,9999.000,9999.000,9999.000,9999.000,9999.000,9999.000
202603220854,   0.232,9999.000,9999.000,9999.000,9999.000,9999.000,9999.000,9999.000,9999.000
202603220900,   0.184,9999.000,   0.500,   0.165,   0.849,   0.300,   0.649,   0.600,   0.949
202603220906,   0.138,9999.000,9999.000,9999.000,9999.000,9999.000,9999.000,9999.000,9999.000
202603220912,   0.095,9999.000,9999.000,9999.000,9999.000,9999.000,9999.000,9999.000,9999.000
202603220918,   0.054,9999.000,9999.000,9999.000,9999.000,9999.000,9999.000,9999.000,9999.000
202603220924,   0.015,9999.000,9999.000,9999.000,9999.000,9999.000,9999.000,9999.000,9999.000
202603220930,  -0.019,9999.000,9999.000,9999.000,9999.000,9999.000,9999.000,9999.000,9999.000
202603220936,  -0.051,9999.000,9999.000,9999.000,9999.000,9999.000,9999.000,9999.000,9999.000
202603220942,  -0.081,9999.000,9999.000,9999.000,9999.000,9999.000,9999.000,9999.000,9999.000
202603220948,  -0.107,9999.000,9999.000,9999.000,9999.000,9999.000,9999.000,9999.000,9999.000
202603220954,  -0.131,9999.000,9999.000,9999.000,9999.000,9999.000,9999.000,9999.000,9999.000
202603221000,  -0.151,9999.000,   0.500,   0.165,   0.514,   0.400,   0.414,   0.600,   0.614
202603221006,  -0.168,9999.000,9999.000,9999.000,9999.000,9999.000,9999.000,9999.000,9999.000
202603221012,  -0.182,9999.000,9999.000,9999.000,9999.000,9999.000,9999.000,9999.000,9999.000
202603221018,  -0.193,9999.000,9999.000,9999.000,9999.000,9999.000,9999.000,9999.000,9999.000
202603221024,  -0.200,9999.000,9999.000,9999.000,9999.000,9999.000,9999.000,9999.000,9999.000
202603221030,  -0.204,9999.000,9999.000,9999.000,9999.000,9999.000,9999.000,9999.000,9999.000
202603221036,  -0.205,9999.000,9999.000,9999.000,9999.000,9999.000,9999.000,9999.000,9999.000
202603221042,  -0.203,9999.000,9999.000,9999.000,9999.000,9999.000,9999.000,9999.000,9999.000
202603221048,  -0.198,9999.000,9999.000,9999.000,9999.000,9999.000,9999.000,9999.000,9999.000
202603221054,  -0.189,9999.000,9999.000,9999.000,9999.000,9999.000,9999.000,9999.000,9999.000
202603221100,  -0.178,9999.000,   0.500,   0.165,   0.487,   0.400,   0.387,   0.600,   0.587
202603221106,  -0.164,9999.000,9999.000,9999.000,9999.000,9999.000,9999.000,9999.000,9999.000
202603221112,  -0.146,9999.000,9999.000,9999.000,9999.000,9999.000,9999.000,9999.000,9999.000
202603221118,  -0.126,9999.000,9999.000,9999.000,9999.000,9999.000,9999.000,9999.000,9999.000
202603221124,  -0.103,9999.000,9999.000,9999.000,9999.000,9999.000,9999.000,9999.000,9999.000
202603221130,  -0.078,9999.000,9999.000,9999.000,9999.000,9999.000,9999.000,9999.000,9999.000
202603221136,  -0.050,9999.000,9999.000,9999.000,9999.000,9999.000,9999.000,9999.000,9999.000
202603221142,  -0.019,9999.000,9999.000,9999.000,9999.000,9999.000,9999.000,9999.000,9999.000
202603221148,   0.013,9999.000,9999.000,9999.000,9999.000,9999.000,9999.000,9999.000,9999.000
202603221154,   0.048,9999.000,9999.000,9999.000,9999.000,9999.000,9999.000,9999.000,9999.000
202603221200,   0.086,9999.000,   0.500,   0.165,   0.751,   0.400,   0.651,   0.600,   0.851
202603221206,   0.125,9999.000,9999.000,9999.000,9999.000,9999.000,9999.000,9999.000,9999.000
202603221212,   0.167,9999.000,9999.000,9999.000,9999.000,9999.000,9999.000,9999.000,9999.000
202603221218,   0.211,9999.000,9999.000,9999.000,9999.000,9999.000,9999.000,9999.000,9999.000
202603221224,   0.256,9999.000,9999.000,9999.000,9999.000,9999.000,9999.000,9999.000,9999.000
202603221230,   0.304,9999.000,9999.000,9999.000,9999.000,9999.000,9999.000,9999.000,9999.000
202603221236,   0.353,9999.000,9999.000,9999.000,9999.000,9999.000,9999.000,9999.000,9999.000
202603221242,   0.403,9999.000,9999.000,9999.000,9999.000,9999.000,9999.000,9999.000,9999.000
202603221248,   0.455,9999.000,9999.000,9999.000,9999.000,9999.000,9999.000,9999.000,9999.000
202603221254,   0.509,9999.000,9999.000,9999.000,9999.000,9999.000,9999.000,9999.000,9999.000
202603221300,   0.564,9999.000,   0.500,   0.165,   1.229,   0.400,   1.129,   0.600,   1.329
202603221306,   0.620,9999.000,9999.000,9999.000,9999.000,9999.000,9999.000,9999.000,9999.000
202603221312,   0.677,9999.000,9999.000,9999.000,9999.000,9999.000,9999.000,9999.000,9999.000
202603221318,   0.736,9999.000,9999.000,9999.000,9999.000,9999.000,9999.000,9999.000,9999.000
202603221324,   0.795,9999.000,9999.000,9999.000,9999.000,9999.000,9999.000,9999.000,9999.000
202603221330,   0.855,9999.000,9999.000,9999.000,9999.000,9999.000,9999.000,9999.000,9999.000
202603221336,   0.915,9999.000,9999.000,9999.000,9999.000,9999.000,9999.000,9999.000,9999.000
202603221342,   0.976,9999.000,9999.000,9999.000,9999.000,9999.000,9999.000,9999.000,9999.000
202603221348,   1.037,9999.000,9999.000,9999.000,9999.000,9999.000,9999.000,9999.000,9999.000
202603221354,   1.099,9999.000,9999.000,9999.000,9999.000,9999.000,9999.000,9999.000,9999.000
202603221400,   1.160,9999.000,   0.500,   0.165,   1.825,   0.400,   1.725,   0.600,   1.925
202603221406,   1.222,9999.000,9999.000,9999.000,9999.000,9999.000,9999.000,9999.000,9999.000
202603221412,   1.283,9999.000,9999.000,9999.000,9999.000,9999.000,9999.000,9999.000,9999.000
202603221418,   1.343,9999.000,9999.000,9999.000,9999.000,9999.000,9999.000,9999.000,9999.000
202603221424,   1.403,9999.000,9999.000,9999.000,9999.000,9999.000,9999.000,9999.000,9999.000
202603221430,   1.462,9999.000,9999.000,9999.000,9999.000,9999.000,9999.000,9999.000,9999.000
202603221436,   1.520,9999.000,9999.000,9999.000,9999.000,9999.000,9999.000,9999.000,9999.000
202603221442,   1.576,9999.000,9999.000,9999.000,9999.000,9999.000,9999.000,9999.000,9999.000
202603221448,   1.631,9999.000,9999.000,9999.000,9999.000,9999.000,9999.000,9999.000,9999.000
202603221454,   1.684,9999.000,9999.000,9999.000,9999.000,9999.000,9999.000,9999.000,9999.000
202603221500,   1.736,9999.000,   0.500,   0.165,   2.401,   0.300,   2.201,   0.600,   2.501
202603221506,   1.785,9999.000,9999.000,9999.000,9999.000,9999.000,9999.000,9999.000,9999.000
202603221512,   1.832,9999.000,9999.000,9999.000,9999.000,9999.000,9999.000,9999.000,9999.000
202603221518,   1.877,9999.000,9999.000,9999.000,9999.000,9999.000,9999.000,9999.000,9999.000
202603221524,   1.919,9999.000,9999.000,9999.000,9999.000,9999.000,9999.000,9999.000,9999.000
202603221530,   1.958,9999.000,9999.000,9999.000,9999.000,9999.000,9999.000,9999.000,9999.000
202603221536,   1.994,9999.000,9999.000,9999.000,9999.000,9999.000,9999.000,9999.000,9999.000
202603221542,   2.027,9999.000,9999.000,9999.000,9999.000,9999.000,9999.000,9999.000,9999.000
202603221548,   2.057,9999.000,9999.000,9999.000,9999.000,9999.000,9999.000,9999.000,9999.000
202603221554,   2.083,9999.000,9999.000,9999.000,9999.000,9999.000,9999.000,9999.000,9999.000
202603221600,   2.107,9999.000,   0.400,   0.165,   2.672,   0.300,   2.572,   0.500,   2.772
202603221606,   2.126,9999.000,9999.000,9999.000,9999.000,9999.000,9999.000,9999.000,9999.000
202603221612,   2.142,9999.000,9999.000,9999.000,9999.000,9999.000,9999.000,9999.000,9999.000
202603221618,   2.155,9999.000,9999.000,9999.000,9999.000,9999.000,9999.000,9999.000,9999.000
202603221624,   2.163,9999.000,9999.000,9999.000,9999.000,9999.000,9999.000,9999.000,9999.000
202603221630,   2.168,9999.000,9999.000,9999.000,9999.000,9999.000,9999.000,9999.000,9999.000
202603221636,   2.170,9999.000,9999.000,9999.000,9999.000,9999.000,9999.000,9999.000,9999.000
202603221642,   2.168,9999.000,9999.000,9999.000,9999.000,9999.000,9999.000,9999.000,9999.000
202603221648,   2.162,9999.000,9999.000,9999.000,9999.000,9999.000,9999.000,9999.000,9999.000
202603221654,   2.152,9999.000,9999.000,9999.000,9999.000,9999.000,9999.000,9999.000,9999.000
202603221700,   2.139,9999.000,   0.400,   0.165,   2.704,   0.300,   2.604,   0.500,   2.804
202603221706,   2.123,9999.000,9999.000,9999.000,9999.000,9999.000,9999.000,9999.000,9999.000
202603221712,   2.103,9999.000,9999.000,9999.000,9999.000,9999.000,9999.000,9999.000,9999.000
202603221718,   2.080,9999.000,9999.000,9999.000,9999.000,9999.000,9999.000,9999.000,9999.000
202603221724,   2.054,9999.000,9999.000,9999.000,9999.000,9999.000,9999.000,9999.000,9999.000
202603221730,   2.025,9999.000,9999.000,9999.000,9999.000,9999.000,9999.000,9999.000,9999.000
202603221736,   1.993,9999.000,9999.000,9999.000,9999.000,9999.000,9999.000,9999.000,9999.000
202603221742,   1.959,9999.000,9999.000,9999.000,9999.000,9999.000,9999.000,9999.000,9999.000
202603221748,   1.921,9999.000,9999.000,9999.000,9999.000,9999.000,9999.000,9999.000,9999.000
202603221754,   1.881,9999.000,9999.000,9999.000,9999.000,9999.000,9999.000,9999.000,9999.000
202603221800,   1.839,9999.000,   0.400,   0.165,   2.404,   0.300,   2.304,   0.500,   2.504
202603221806,   1.795,9999.000,9999.000,9999.000,9999.000,9999.000,9999.000,9999.000,9999.000
202603221812,   1.748,9999.000,9999.000,9999.000,9999.000,9999.000,9999.000,9999.000,9999.000
202603221818,   1.700,9999.000,9999.000,9999.000,9999.000,9999.000,9999.000,9999.000,9999.000
202603221824,   1.650,9999.000,9999.000,9999.000,9999.000,9999.000,9999.000,9999.000,9999.000
202603221830,   1.598,9999.000,9999.000,9999.000,9999.000,9999.000,9999.000,9999.000,9999.000
202603221836,   1.545,9999.000,9999.000,9999.000,9999.000,9999.000,9999.000,9999.000,9999.000
202603221842,   1.491,9999.000,9999.000,9999.000,9999.000,9999.000,9999.000,9999.000,9999.000
202603221848,   1.435,9999.000,9999.000,9999.000,9999.000,9999.000,9999.000,9999.000,9999.000
202603221854,   1.378,9999.000,9999.000,9999.000,9999.000,9999.000,9999.000,9999.000,9999.000
202603221900,   1.320,9999.000,   0.400,   0.165,   1.885,   0.300,   1.785,   0.500,   1.985
202603221906,   1.262,9999.000,9999.000,9999.000,9999.000,9999.000,9999.000,9999.000,9999.000
202603221912,   1.202,9999.000,9999.000,9999.000,9999.000,9999.000,9999.000,9999.000,9999.000
202603221918,   1.142,9999.000,9999.000,9999.000,9999.000,9999.000,9999.000,9999.000,9999.000
202603221924,   1.082,9999.000,9999.000,9999.000,9999.000,9999.000,9999.000,9999.000,9999.000
202603221930,   1.022,9999.000,9999.000,9999.000,9999.000,9999.000,9999.000,9999.000,9999.000
202603221936,   0.961,9999.000,9999.000,9999.000,9999.000,9999.000,9999.000,9999.000,9999.000
202603221942,   0.901,9999.000,9999.000,9999.000,9999.000,9999.000,9999.000,9999.000,9999.000
202603221948,   0.840,9999.000,9999.000,9999.000,9999.000,9999.000,9999.000,9999.000,9999.000
202603221954,   0.780,9999.000,9999.000,9999.000,9999.000,9999.000,9999.000,9999.000,9999.000
202603222000,   0.720,9999.000,   0.400,   0.165,   1.285,   0.300,   1.185,   0.500,   1.385
202603222006,   0.661,9999.000,9999.000,9999.000,9999.000,9999.000,9999.000,9999.000,9999.000
202603222012,   0.603,9999.000,9999.000,9999.000,9999.000,9999.000,9999.000,9999.000,9999.000
202603222018,   0.545,9999.000,9999.000,9999.000,9999.000,9999.000,9999.000,9999.000,9999.000
202603222024,   0.489,9999.000,9999.000,9999.000,9999.000,9999.000,9999.000,9999.000,9999.000
202603222030,   0.433,9999.000,9999.000,9999.000,9999.000,9999.000,9999.000,9999.000,9999.000
202603222036,   0.379,9999.000,9999.000,9999.000,9999.000,9999.000,9999.000,9999.000,9999.000
202603222042,   0.327,9999.000,9999.000,9999.000,9999.000,9999.000,9999.000,9999.000,9999.000
202603222048,   0.276,9999.000,9999.000,9999.000,9999.000,9999.000,9999.000,9999.000,9999.000
202603222054,   0.227,9999.000,9999.000,9999.000,9999.000,9999.000,9999.000,9999.000,9999.000
202603222100,   0.180,9999.000,   0.400,   0.165,   0.745,   0.300,   0.645,   0.600,   0.945
202603222106,   0.135,9999.000,9999.000,9999.000,9999.000,9999.000,9999.000,9999.000,9999.000
202603222112,   0.092,9999.000,9999.000,9999.000,9999.000,9999.000,9999.000,9999.000,9999.000
202603222118,   0.052,9999.000,9999.000,9999.000,9999.000,9999.000,9999.000,9999.000,9999.000
202603222124,   0.014,9999.000,9999.000,9999.000,9999.000,9999.000,9999.000,9999.000,9999.000
202603222130,  -0.020,9999.000,9999.000,9999.000,9999.000,9999.000,9999.000,9999.000,9999.000
202603222136,  -0.052,9999.000,9999.000,9999.000,9999.000,9999.000,9999.000,9999.000,9999.000
202603222142,  -0.081,9999.000,9999.000,9999.000,9999.000,9999.000,9999.000,9999.000,9999.000
202603222148,  -0.108,9999.000,9999.000,9999.000,9999.000,9999.000,9999.000,9999.000,9999.000
202603222154,  -0.131,9999.000,9999.000,9999.000,9999.000,9999.000,9999.000,9999.000,9999.000
202603222200,  -0.151,9999.000,   0.400,   0.165,   0.414,   0.300,   0.314,   0.600,   0.614
202603222206,  -0.168,9999.000,9999.000,9999.000,9999.000,9999.000,9999.000,9999.000,9999.000
202603222212,  -0.182,9999.000,9999.000,9999.000,9999.000,9999.000,9999.000,9999.000,9999.000
202603222218,  -0.192,9999.000,9999.000,9999.000,9999.000,9999.000,9999.000,9999.000,9999.000
202603222224,  -0.199,9999.000,9999.000,9999.000,9999.000,9999.000,9999.000,9999.000,9999.000
202603222230,  -0.202,9999.000,9999.000,9999.000,9999.000,9999.000,9999.000,9999.000,9999.000
202603222236,  -0.202,9999.000,9999.000,9999.000,9999.000,9999.000,9999.000,9999.000,9999.000
202603222242,  -0.199,9999.000,9999.000,9999.000,9999.000,9999.000,9999.000,9999.000,9999.000
202603222248,  -0.192,9999.000,9999.000,9999.000,9999.000,9999.000,9999.000,9999.000,9999.000
202603222254,  -0.182,9999.000,9999.000,9999.000,9999.000,9999.000,9999.000,9999.000,9999.000
202603222300,  -0.169,9999.000,   0.400,   0.165,   0.396,   0.300,   0.296,   0.500,   0.496
202603222306,  -0.152,9999.000,9999.000,9999.000,9999.000,9999.000,9999.000,9999.000,9999.000
202603222312,  -0.132,9999.000,9999.000,9999.000,9999.000,9999.000,9999.000,9999.000,9999.000
202603222318,  -0.109,9999.000,9999.000,9999.000,9999.000,9999.000,9999.000,9999.000,9999.000
202603222324,  -0.083,9999.000,9999.000,9999.000,9999.000,9999.000,9999.000,9999.000,9999.000
202603222330,  -0.055,9999.000,9999.000,9999.000,9999.000,9999.000,9999.000,9999.000,9999.000
202603222336,  -0.023,9999.000,9999.000,9999.000,9999.000,9999.000,9999.000,9999.000,9999.000
202603222342,   0.011,9999.000,9999.000,9999.000,9999.000,9999.000,9999.000,9999.000,9999.000
202603222348,   0.048,9999.000,9999.000,9999.000,9999.000,9999.000,9999.000,9999.000,9999.000
202603222354,   0.088,9999.000,9999.000,9999.000,9999.000,9999.000,9999.000,9999.000,9999.000
202603230000,   0.130,9999.000,   0.400,   0.165,   0.695,   0.300,   0.595,   0.500,   0.795
202603230006,   0.175,9999.000,9999.000,9999.000,9999.000,9999.000,9999.000,9999.000,9999.000
202603230012,   0.222,9999.000,9999.000,9999.000,9999.000,9999.000,9999.000,9999.000,9999.000
202603230018,   0.271,9999.000,9999.000,9999.000,9999.000,9999.000,9999.000,9999.000,9999.000
202603230024,   0.322,9999.000,9999.000,9999.000,9999.000,9999.000,9999.000,9999.000,9999.000
202603230030,   0.376,9999.000,9999.000,9999.000,9999.000,9999.000,9999.000,9999.000,9999.000
202603230036,   0.431,9999.000,9999.000,9999.000,9999.000,9999.000,9999.000,9999.000,9999.000
202603230042,   0.488,9999.000,9999.000,9999.000,9999.000,9999.000,9999.000,9999.000,9999.000
202603230048,   0.546,9999.000,9999.000,9999.000,9999.000,9999.000,9999.000,9999.000,9999.000
202603230054,   0.606,9999.000,9999.000,9999.000,9999.000,9999.000,9999.000,9999.000,9999.000
202603230100,   0.667,9999.000,   0.400,   0.165,   1.232,   0.300,   1.132,   0.500,   1.332
202603230106,   0.730,9999.000,9999.000,9999.000,9999.000,9999.000,9999.000,9999.000,9999.000
202603230112,   0.794,9999.000,9999.000,9999.000,9999.000,9999.000,9999.000,9999.000,9999.000
202603230118,   0.859,9999.000,9999.000,9999.000,9999.000,9999.000,9999.000,9999.000,9999.000
202603230124,   0.925,9999.000,9999.000,9999.000,9999.000,9999.000,9999.000,9999.000,9999.000
202603230130,   0.992,9999.000,9999.000,9999.000,9999.000,9999.000,9999.000,9999.000,9999.000
202603230136,   1.060,9999.000,9999.000,9999.000,9999.000,9999.000,9999.000,9999.000,9999.000
202603230142,   1.128,9999.000,9999.000,9999.000,9999.000,9999.000,9999.000,9999.000,9999.000
202603230148,   1.197,9999.000,9999.000,9999.000,9999.000,9999.000,9999.000,9999.000,9999.000
202603230154,   1.266,9999.000,9999.000,9999.000,9999.000,9999.000,9999.000,9999.000,9999.000
202603230200,   1.335,9999.000,   0.400,   0.165,   1.900,   0.300,   1.800,   0.500,   2.000
202603230206,   1.404,9999.000,9999.000,9999.000,9999.000,9999.000,9999.000,9999.000,9999.000
202603230212,   1.473,9999.000,9999.000,9999.000,9999.000,9999.000,9999.000,9999.000,9999.000
202603230218,   1.541,9999.000,9999.000,9999.000,9999.000,9999.000,9999.000,9999.000,9999.000
202603230224,   1.609,9999.000,9999.000,9999.000,9999.000,9999.000,9999.000,9999.000,9999.000
202603230230,   1.677,9999.000,9999.000,9999.000,9999.000,9999.000,9999.000,9999.000,9999.000
202603230236,   1.743,9999.000,9999.000,9999.000,9999.000,9999.000,9999.000,9999.000,9999.000
202603230242,   1.809,9999.000,9999.000,9999.000,9999.000,9999.000,9999.000,9999.000,9999.000
202603230248,   1.873,9999.000,9999.000,9999.000,9999.000,9999.000,9999.000,9999.000,9999.000
202603230254,   1.936,9999.000,9999.000,9999.000,9999.000,9999.000,9999.000,9999.000,9999.000
202603230300,   1.997,9999.000,   0.300,   0.165,   2.462,   0.200,   2.362,   0.500,   2.662
202603230306,   2.056,9999.000,9999.000,9999.000,9999.000,9999.000,9999.000,9999.000,9999.000
202603230312,   2.114,9999.000,9999.000,9999.000,9999.000,9999.000,9999.000,9999.000,9999.000
202603230318,   2.169,9999.000,9999.000,9999.000,9999.000,9999.000,9999.000,9999.000,9999.000
202603230324,   2.222,9999.000,9999.000,9999.000,9999.000,9999.000,9999.000,9999.000,9999.000
202603230330,   2.272,9999.000,9999.000,9999.000,9999.000,9999.000,9999.000,9999.000,9999.000
202603230336,   2.319,9999.000,9999.000,9999.000,9999.000,9999.000,9999.000,9999.000,9999.000
202603230342,   2.364,9999.000,9999.000,9999.000,9999.000,9999.000,9999.000,9999.000,9999.000
202603230348,   2.405,9999.000,9999.000,9999.000,9999.000,9999.000,9999.000,9999.000,9999.000
202603230354,   2.443,9999.000,9999.000,9999.000,9999.000,9999.000,9999.000,9999.000,9999.000
202603230400,   2.478,9999.000,   0.300,   0.165,   2.943,   0.200,   2.843,   0.400,   3.043
202603230406,   2.510,9999.000,9999.000,9999.000,9999.000,9999.000,9999.000,9999.000,9999.000
202603230412,   2.537,9999.000,9999.000,9999.000,9999.000,9999.000,9999.000,9999.000,9999.000
202603230418,   2.562,9999.000,9999.000,9999.000,9999.000,9999.000,9999.000,9999.000,9999.000
202603230424,   2.582,9999.000,9999.000,9999.000,9999.000,9999.000,9999.000,9999.000,9999.000
202603230430,   2.599,9999.000,9999.000,9999.000,9999.000,9999.000,9999.000,9999.000,9999.000
202603230436,   2.612,9999.000,9999.000,9999.000,9999.000,9999.000,9999.000,9999.000,9999.000
202603230442,   2.621,9999.000,9999.000,9999.000,9999.000,9999.000,9999.000,9999.000,9999.000
202603230448,   2.627,9999.000,9999.000,9999.000,9999.000,9999.000,9999.000,9999.000,9999.000
202603230454,   2.628,9999.000,9999.000,9999.000,9999.000,9999.000,9999.000,9999.000,9999.000
202603230500,   2.626,9999.000,   0.300,   0.165,   3.091,   0.100,   2.891,   0.400,   3.191
202603230506,   2.620,9999.000,9999.000,9999.000,9999.000,9999.000,9999.000,9999.000,9999.000
202603230512,   2.611,9999.000,9999.000,9999.000,9999.000,9999.000,9999.000,9999.000,9999.000
202603230518,   2.598,9999.000,9999.000,9999.000,9999.000,9999.000,9999.000,9999.000,9999.000
202603230524,   2.581,9999.000,9999.000,9999.000,9999.000,9999.000,9999.000,9999.000,9999.000
202603230530,   2.561,9999.000,9999.000,9999.000,9999.000,9999.000,9999.000,9999.000,9999.000
202603230536,   2.538,9999.000,9999.000,9999.000,9999.000,9999.000,9999.000,9999.000,9999.000
202603230542,   2.511,9999.000,9999.000,9999.000,9999.000,9999.000,9999.000,9999.000,9999.000
202603230548,   2.481,9999.000,9999.000,9999.000,9999.000,9999.000,9999.000,9999.000,9999.000
202603230554,   2.449,9999.000,9999.000,9999.000,9999.000,9999.000,9999.000,9999.000,9999.000
202603230600,   2.414,9999.000,   0.200,   0.165,   2.779,   0.100,   2.679,   0.400,   2.979
202603230606,   2.376,9999.000,9999.000,9999.000,9999.000,9999.000,9999.000,9999.000,9999.000
202603230612,   2.335,9999.000,9999.000,9999.000,9999.000,9999.000,9999.000,9999.000,9999.000
202603230618,   2.293,9999.000,9999.000,9999.000,9999.000,9999.000,9999.000,9999.000,9999.000
202603230624,   2.248,9999.000,9999.000,9999.000,9999.000,9999.000,9999.000,9999.000,9999.000
202603230630,   2.201,9999.000,9999.000,9999.000,9999.000,9999.000,9999.000,9999.000,9999.000
202603230636,   2.152,9999.000,9999.000,9999.000,9999.000,9999.000,9999.000,9999.000,9999.000
202603230642,   2.101,9999.000,9999.000,9999.000,9999.000,9999.000,9999.000,9999.000,9999.000
202603230648,   2.048,9999.000,9999.000,9999.000,9999.000,9999.000,9999.000,9999.000,9999.000
202603230654,   1.995,9999.000,9999.000,9999.000,9999.000,9999.000,9999.000,9999.000,9999.000
202603230700,   1.939,9999.000,   0.200,   0.165,   2.304,   0.100,   2.204,   0.400,   2.504
202603230706,   1.883,9999.000,9999.000,9999.000,9999.000,9999.000,9999.000,9999.000,9999.000
202603230712,   1.825,9999.000,9999.000,9999.000,9999.000,9999.000,9999.000,9999.000,9999.000
202603230718,   1.767,9999.000,9999.000,9999.000,9999.000,9999.000,9999.000,9999.000,9999.000
202603230724,   1.707,9999.000,9999.000,9999.000,9999.000,9999.000,9999.000,9999.000,9999.000
202603230730,   1.647,9999.000,9999.000,9999.000,9999.000,9999.000,9999.000,9999.000,9999.000
202603230736,   1.586,9999.000,9999.000,9999.000,9999.000,9999.000,9999.000,9999.000,9999.000
202603230742,   1.525,9999.000,9999.000,9999.000,9999.000,9999.000,9999.000,9999.000,9999.000
202603230748,   1.464,9999.000,9999.000,9999.000,9999.000,9999.000,9999.000,9999.000,9999.000
202603230754,   1.402,9999.000,9999.000,9999.000,9999.000,9999.000,9999.000,9999.000,9999.000
202603230800,   1.340,9999.000,   0.200,   0.165,   1.705,   0.000,   1.505,   0.400,   1.905
202603230806,   1.278,9999.000,9999.000,9999.000,9999.000,9999.000,9999.000,9999.000,9999.000
202603230812,   1.216,9999.000,9999.000,9999.000,9999.000,9999.000,9999.000,9999.000,9999.000
202603230818,   1.154,9999.000,9999.000,9999.000,9999.000,9999.000,9999.000,9999.000,9999.000
202603230824,   1.093,9999.000,9999.000,9999.000,9999.000,9999.000,9999.000,9999.000,9999.000
202603230830,   1.032,9999.000,9999.000,9999.000,9999.000,9999.000,9999.000,9999.000,9999.000
202603230836,   0.972,9999.000,9999.000,9999.000,9999.000,9999.000,9999.000,9999.000,9999.000
202603230842,   0.912,9999.000,9999.000,9999.000,9999.000,9999.000,9999.000,9999.000,9999.000
202603230848,   0.853,9999.000,9999.000,9999.000,9999.000,9999.000,9999.000,9999.000,9999.000
202603230854,   0.795,9999.000,9999.000,9999.000,9999.000,9999.000,9999.000,9999.000,9999.000
202603230900,   0.738,9999.000,   0.200,   0.165,   1.103,   0.000,   0.903,   0.400,   1.303
202603230906,   0.682,9999.000,9999.000,9999.000,9999.000,9999.000,9999.000,9999.000,9999.000
202603230912,   0.628,9999.000,9999.000,9999.000,9999.000,9999.000,9999.000,9999.000,9999.000
202603230918,   0.575,9999.000,9999.000,9999.000,9999.000,9999.000,9999.000,9999.000,9999.000
202603230924,   0.523,9999.000,9999.000,9999.000,9999.000,9999.000,9999.000,9999.000,9999.000
202603230930,   0.474,9999.000,9999.000,9999.000,9999.000,9999.000,9999.000,9999.000,9999.000
202603230936,   0.426,9999.000,9999.000,9999.000,9999.000,9999.000,9999.000,9999.000,9999.000
202603230942,   0.379,9999.000,9999.000,9999.000,9999.000,9999.000,9999.000,9999.000,9999.000
202603230948,   0.335,9999.000,9999.000,9999.000,9999.000,9999.000,9999.000,9999.000,9999.000
202603230954,   0.293,9999.000,9999.000,9999.000,9999.000,9999.000,9999.000,9999.000,9999.000
202603231000,   0.253,9999.000,   0.200,   0.165,   0.618,   0.000,   0.418,   0.400,   0.818
202603231006,   0.215,9999.000,9999.000,9999.000,9999.000,9999.000,9999.000,9999.000,9999.000
202603231012,   0.180,9999.000,9999.000,9999.000,9999.000,9999.000,9999.000,9999.000,9999.000
202603231018,   0.146,9999.000,9999.000,9999.000,9999.000,9999.000,9999.000,9999.000,9999.000
202603231024,   0.116,9999.000,9999.000,9999.000,9999.000,9999.000,9999.000,9999.000,9999.000
202603231030,   0.088,9999.000,9999.000,9999.000,9999.000,9999.000,9999.000,9999.000,9999.000
202603231036,   0.062,9999.000,9999.000,9999.000,9999.000,9999.000,9999.000,9999.000,9999.000
202603231042,   0.039,9999.000,9999.000,9999.000,9999.000,9999.000,9999.000,9999.000,9999.000
202603231048,   0.019,9999.000,9999.000,9999.000,9999.000,9999.000,9999.000,9999.000,9999.000
202603231054,   0.001,9999.000,9999.000,9999.000,9999.000,9999.000,9999.000,9999.000,9999.000
202603231100,  -0.012,9999.000,   0.200,   0.165,   0.353,   0.000,   0.153,   0.400,   0.553
202603231106,  -0.025,9999.000,9999.000,9999.000,9999.000,9999.000,9999.000,9999.000,9999.000
202603231112,  -0.034,9999.000,9999.000,9999.000,9999.000,9999.000,9999.000,9999.000,9999.000
202603231118,  -0.041,9999.000,9999.000,9999.000,9999.000,9999.000,9999.000,9999.000,9999.000
202603231124,  -0.045,9999.000,9999.000,9999.000,9999.000,9999.000,9999.000,9999.000,9999.000
202603231130,  -0.047,9999.000,9999.000,9999.000,9999.000,9999.000,9999.000,9999.000,9999.000
202603231136,  -0.046,9999.000,9999.000,9999.000,9999.000,9999.000,9999.000,9999.000,9999.000
202603231142,  -0.042,9999.000,9999.000,9999.000,9999.000,9999.000,9999.000,9999.000,9999.000
202603231148,  -0.036,9999.000,9999.000,9999.000,9999.000,9999.000,9999.000,9999.000,9999.000
202603231154,  -0.027,9999.000,9999.000,9999.000,9999.000,9999.000,9999.000,9999.000,9999.000
202603231200,  -0.016,9999.000,   0.300,   0.165,   0.449,   0.000,   0.149,   0.500,   0.649
202603231206,  -0.002,9999.000,9999.000,9999.000,9999.000,9999.000,9999.000,9999.000,9999.000
202603231212,   0.013,9999.000,9999.000,9999.000,9999.000,9999.000,9999.000,9999.000,9999.000
202603231218,   0.031,9999.000,9999.000,9999.000,9999.000,9999.000,9999.000,9999.000,9999.000
202603231224,   0.052,9999.000,9999.000,9999.000,9999.000,9999.000,9999.000,9999.000,9999.000
202603231230,   0.075,9999.000,9999.000,9999.000,9999.000,9999.000,9999.000,9999.000,9999.000
202603231236,   0.100,9999.000,9999.000,9999.000,9999.000,9999.000,9999.000,9999.000,9999.000
202603231242,   0.128,9999.000,9999.000,9999.000,9999.000,9999.000,9999.000,9999.000,9999.000
202603231248,   0.157,9999.000,9999.000,9999.000,9999.000,9999.000,9999.000,9999.000,9999.000
202603231254,   0.189,9999.000,9999.000,9999.000,9999.000,9999.000,9999.000,9999.000,9999.000
202603231300,   0.223,9999.000,   0.300,   0.165,   0.688,   0.100,   0.488,   0.700,   1.088
202603231306,   0.258,9999.000,9999.000,9999.000,9999.000,9999.000,9999.000,9999.000,9999.000
202603231312,   0.296,9999.000,9999.000,9999.000,9999.000,9999.000,9999.000,9999.000,9999.000
202603231318,   0.335,9999.000,9999.000,9999.000,9999.000,9999.000,9999.000,9999.000,9999.000
202603231324,   0.377,9999.000,9999.000,9999.000,9999.000,9999.000,9999.000,9999.000,9999.000
202603231330,   0.420,9999.000,9999.000,9999.000,9999.000,9999.000,9999.000,9999.000,9999.000
202603231336,   0.465,9999.000,9999.000,9999.000,9999.000,9999.000,9999.000,9999.000,9999.000
202603231342,   0.511,9999.000,9999.000,9999.000,9999.000,9999.000,9999.000,9999.000,9999.000
202603231348,   0.559,9999.000,9999.000,9999.000,9999.000,9999.000,9999.000,9999.000,9999.000
202603231354,   0.608,9999.000,9999.000,9999.000,9999.000,9999.000,9999.000,9999.000,9999.000
202603231400,   0.659,9999.000,   0.400,   0.165,   1.224,   0.100,   0.924,   0.700,   1.524
202603231406,   0.711,9999.000,9999.000,9999.000,9999.000,9999.000,9999.000,9999.000,9999.000
202603231412,   0.764,9999.000,9999.000,9999.000,9999.000,9999.000,9999.000,9999.000,9999.000
202603231418,   0.818,9999.000,9999.000,9999.000,9999.000,9999.000,9999.000,9999.000,9999.000
202603231424,   0.872,9999.000,9999.000,9999.000,9999.000,9999.000,9999.000,9999.000,9999.000
202603231430,   0.928,9999.000,9999.000,9999.000,9999.000,9999.000,9999.000,9999.000,9999.000
202603231436,   0.984,9999.000,9999.000,9999.000,9999.000,9999.000,9999.000,9999.000,9999.000
202603231442,   1.041,9999.000,9999.000,9999.000,9999.000,9999.000,9999.000,9999.000,9999.000
202603231448,   1.098,9999.000,9999.000,9999.000,9999.000,9999.000,9999.000,9999.000,9999.000
202603231454,   1.155,9999.000,9999.000,9999.000,9999.000,9999.000,9999.000,9999.000,9999.000
202603231500,   1.211,9999.000,   0.500,   0.165,   1.876,   0.200,   1.576,   0.800,   2.176
202603231506,   1.268,9999.000,9999.000,9999.000,9999.000,9999.000,9999.000,9999.000,9999.000
202603231512,   1.324,9999.000,9999.000,9999.000,9999.000,9999.000,9999.000,9999.000,9999.000
202603231518,   1.380,9999.000,9999.000,9999.000,9999.000,9999.000,9999.000,9999.000,9999.000
202603231524,   1.434,9999.000,9999.000,9999.000,9999.000,9999.000,9999.000,9999.000,9999.000
202603231530,   1.488,9999.000,9999.000,9999.000,9999.000,9999.000,9999.000,9999.000,9999.000
202603231536,   1.540,9999.000,9999.000,9999.000,9999.000,9999.000,9999.000,9999.000,9999.000
202603231542,   1.591,9999.000,9999.000,9999.000,9999.000,9999.000,9999.000,9999.000,9999.000
202603231548,   1.640,9999.000,9999.000,9999.000,9999.000,9999.000,9999.000,9999.000,9999.000
202603231554,   1.687,9999.000,9999.000,9999.000,9999.000,9999.000,9999.000,9999.000,9999.000
202603231600,   1.733,9999.000,   0.500,   0.165,   2.398,   0.200,   2.098,   0.900,   2.798
202603231606,   1.776,9999.000,9999.000,9999.000,9999.000,9999.000,9999.000,9999.000,9999.000
202603231612,   1.816,9999.000,9999.000,9999.000,9999.000,9999.000,9999.000,9999.000,9999.000
202603231618,   1.854,9999.000,9999.000,9999.000,9999.000,9999.000,9999.000,9999.000,9999.000
202603231624,   1.890,9999.000,9999.000,9999.000,9999.000,9999.000,9999.000,9999.000,9999.000
202603231630,   1.922,9999.000,9999.000,9999.000,9999.000,9999.000,9999.000,9999.000,9999.000
202603231636,   1.952,9999.000,9999.000,9999.000,9999.000,9999.000,9999.000,9999.000,9999.000
202603231642,   1.979,9999.000,9999.000,9999.000,9999.000,9999.000,9999.000,9999.000,9999.000
202603231648,   2.002,9999.000,9999.000,9999.000,9999.000,9999.000,9999.000,9999.000,9999.000
202603231654,   2.022,9999.000,9999.000,9999.000,9999.000,9999.000,9999.000,9999.000,9999.000
202603231700,   2.039,9999.000,   0.600,   0.165,   2.804,   0.300,   2.504,   0.900,   3.104
202603231706,   2.053,9999.000,9999.000,9999.000,9999.000,9999.000,9999.000,9999.000,9999.000
202603231712,   2.063,9999.000,9999.000,9999.000,9999.000,9999.000,9999.000,9999.000,9999.000
202603231718,   2.069,9999.000,9999.000,9999.000,9999.000,9999.000,9999.000,9999.000,9999.000
202603231724,   2.073,9999.000,9999.000,9999.000,9999.000,9999.000,9999.000,9999.000,9999.000
202603231730,   2.073,9999.000,9999.000,9999.000,9999.000,9999.000,9999.000,9999.000,9999.000
202603231736,   2.069,9999.000,9999.000,9999.000,9999.000,9999.000,9999.000,9999.000,9999.000
202603231742,   2.062,9999.000,9999.000,9999.000,9999.000,9999.000,9999.000,9999.000,9999.000
202603231748,   2.052,9999.000,9999.000,9999.000,9999.000,9999.000,9999.000,9999.000,9999.000
202603231754,   2.039,9999.000,9999.000,9999.000,9999.000,9999.000,9999.000,9999.000,9999.000
202603231800,   2.022,9999.000,   0.600,   0.165,   2.787,   0.300,   2.487,   0.900,   3.087
202603231806,   2.003,9999.000,9999.000,9999.000,9999.000,9999.000,9999.000,9999.000,9999.000
202603231812,   1.980,9999.000,9999.000,9999.000,9999.000,9999.000,9999.000,9999.000,9999.000
202603231818,   1.955,9999.000,9999.000,9999.000,9999.000,9999.000,9999.000,9999.000,9999.000
202603231824,   1.927,9999.000,9999.000,9999.000,9999.000,9999.000,9999.000,9999.000,9999.000
202603231830,   1.896,9999.000,9999.000,9999.000,9999.000,9999.000,9999.000,9999.000,9999.000
202603231836,   1.863,9999.000,9999.000,9999.000,9999.000,9999.000,9999.000,9999.000,9999.000
202603231842,   1.827,9999.000,9999.000,9999.000,9999.000,9999.000,9999.000,9999.000,9999.000
202603231848,   1.789,9999.000,9999.000,9999.000,9999.000,9999.000,9999.000,9999.000,9999.000
202603231854,   1.750,9999.000,9999.000,9999.000,9999.000,9999.000,9999.000,9999.000,9999.000
202603231900,   1.708,9999.000,   0.600,   0.165,   2.473,   0.400,   2.273,   0.900,   2.773
202603231906,   1.664,9999.000,9999.000,9999.000,9999.000,9999.000,9999.000,9999.000,9999.000
202603231912,   1.619,9999.000,9999.000,9999.000,9999.000,9999.000,9999.000,9999.000,9999.000
202603231918,   1.572,9999.000,9999.000,9999.000,9999.000,9999.000,9999.000,9999.000,9999.000
202603231924,   1.523,9999.000,9999.000,9999.000,9999.000,9999.000,9999.000,9999.000,9999.000
202603231930,   1.474,9999.000,9999.000,9999.000,9999.000,9999.000,9999.000,9999.000,9999.000
202603231936,   1.423,9999.000,9999.000,9999.000,9999.000,9999.000,9999.000,9999.000,9999.000
202603231942,   1.372,9999.000,9999.000,9999.000,9999.000,9999.000,9999.000,9999.000,9999.000
202603231948,   1.319,9999.000,9999.000,9999.000,9999.000,9999.000,9999.000,9999.000,9999.000
202603231954,   1.266,9999.000,9999.000,9999.000,9999.000,9999.000,9999.000,9999.000,9999.000
202603232000,   1.212,9999.000,   0.600,   0.165,   1.977,   0.300,   1.677,   0.900,   2.277
202603232006,   1.158,9999.000,9999.000,9999.000,9999.000,9999.000,9999.000,9999.000,9999.000
202603232012,   1.103,9999.000,9999.000,9999.000,9999.000,9999.000,9999.000,9999.000,9999.000
202603232018,   1.048,9999.000,9999.000,9999.000,9999.000,9999.000,9999.000,9999.000,9999.000
202603232024,   0.993,9999.000,9999.000,9999.000,9999.000,9999.000,9999.000,9999.000,9999.000
202603232030,   0.938,9999.000,9999.000,9999.000,9999.000,9999.000,9999.000,9999.000,9999.000
202603232036,   0.884,9999.000,9999.000,9999.000,9999.000,9999.000,9999.000,9999.000,9999.000
202603232042,   0.830,9999.000,9999.000,9999.000,9999.000,9999.000,9999.000,9999.000,9999.000
202603232048,   0.776,9999.000,9999.000,9999.000,9999.000,9999.000,9999.000,9999.000,9999.000
202603232054,   0.723,9999.000,9999.000,9999.000,9999.000,9999.000,9999.000,9999.000,9999.000
202603232100,   0.670,9999.000,   0.600,   0.165,   1.435,   0.300,   1.135,   0.900,   1.735
202603232106,   0.619,9999.000,9999.000,9999.000,9999.000,9999.000,9999.000,9999.000,9999.000
202603232112,   0.568,9999.000,9999.000,9999.000,9999.000,9999.000,9999.000,9999.000,9999.000
202603232118,   0.519,9999.000,9999.000,9999.000,9999.000,9999.000,9999.000,9999.000,9999.000
202603232124,   0.471,9999.000,9999.000,9999.000,9999.000,9999.000,9999.000,9999.000,9999.000
202603232130,   0.424,9999.000,9999.000,9999.000,9999.000,9999.000,9999.000,9999.000,9999.000
202603232136,   0.379,9999.000,9999.000,9999.000,9999.000,9999.000,9999.000,9999.000,9999.000
202603232142,   0.335,9999.000,9999.000,9999.000,9999.000,9999.000,9999.000,9999.000,9999.000
202603232148,   0.293,9999.000,9999.000,9999.000,9999.000,9999.000,9999.000,9999.000,9999.000
202603232154,   0.254,9999.000,9999.000,9999.000,9999.000,9999.000,9999.000,9999.000,9999.000
202603232200,   0.216,9999.000,   0.700,   0.165,   1.081,   0.300,   0.681,   0.900,   1.281
202603232206,   0.180,9999.000,9999.000,9999.000,9999.000,9999.000,9999.000,9999.000,9999.000
202603232212,   0.146,9999.000,9999.000,9999.000,9999.000,9999.000,9999.000,9999.000,9999.000
202603232218,   0.115,9999.000,9999.000,9999.000,9999.000,9999.000,9999.000,9999.000,9999.000
202603232224,   0.086,9999.000,9999.000,9999.000,9999.000,9999.000,9999.000,9999.000,9999.000
202603232230,   0.059,9999.000,9999.000,9999.000,9999.000,9999.000,9999.000,9999.000,9999.000
202603232236,   0.035,9999.000,9999.000,9999.000,9999.000,9999.000,9999.000,9999.000,9999.000
202603232242,   0.014,9999.000,9999.000,9999.000,9999.000,9999.000,9999.000,9999.000,9999.000
202603232248,  -0.004,9999.000,9999.000,9999.000,9999.000,9999.000,9999.000,9999.000,9999.000
202603232254,  -0.020,9999.000,9999.000,9999.000,9999.000,9999.000,9999.000,9999.000,9999.000
202603232300,  -0.033,9999.000,   0.700,   0.165,   0.832,   0.400,   0.532,   0.900,   1.032
202603232306,  -0.044,9999.000,9999.000,9999.000,9999.000,9999.000,9999.000,9999.000,9999.000
202603232312,  -0.052,9999.000,9999.000,9999.000,9999.000,9999.000,9999.000,9999.000,9999.000
202603232318,  -0.056,9999.000,9999.000,9999.000,9999.000,9999.000,9999.000,9999.000,9999.000
202603232324,  -0.058,9999.000,9999.000,9999.000,9999.000,9999.000,9999.000,9999.000,9999.000
202603232330,  -0.057,9999.000,9999.000,9999.000,9999.000,9999.000,9999.000,9999.000,9999.000
202603232336,  -0.054,9999.000,9999.000,9999.000,9999.000,9999.000,9999.000,9999.000,9999.000
202603232342,  -0.047,9999.000,9999.000,9999.000,9999.000,9999.000,9999.000,9999.000,9999.000
202603232348,  -0.038,9999.000,9999.000,9999.000,9999.000,9999.000,9999.000,9999.000,9999.000
202603232354,  -0.026,9999.000,9999.000,9999.000,9999.000,9999.000,9999.000,9999.000,9999.000
202603240000,  -0.011,9999.000,   0.700,   0.165,   0.854,   0.400,   0.554,   1.000,   1.154
202603240006,   0.006,9999.000,9999.000,9999.000,9999.000,9999.000,9999.000,9999.000,9999.000
202603240012,   0.026,9999.000,9999.000,9999.000,9999.000,9999.000,9999.000,9999.000,9999.000
202603240018,   0.049,9999.000,9999.000,9999.000,9999.000,9999.000,9999.000,9999.000,9999.000
202603240024,   0.074,9999.000,9999.000,9999.000,9999.000,9999.000,9999.000,9999.000,9999.000
202603240030,   0.102,9999.000,9999.000,9999.000,9999.000,9999.000,9999.000,9999.000,9999.000
202603240036,   0.133,9999.000,9999.000,9999.000,9999.000,9999.000,9999.000,9999.000,9999.000
202603240042,   0.166,9999.000,9999.000,9999.000,9999.000,9999.000,9999.000,9999.000,9999.000
202603240048,   0.201,9999.000,9999.000,9999.000,9999.000,9999.000,9999.000,9999.000,9999.000
202603240054,   0.239,9999.000,9999.000,9999.000,9999.000,9999.000,9999.000,9999.000,9999.000
202603240100,   0.279,9999.000,   0.700,   0.165,   1.144,   0.400,   0.844,   1.000,   1.444
202603240106,   0.321,9999.000,9999.000,9999.000,9999.000,9999.000,9999.000,9999.000,9999.000
202603240112,   0.365,9999.000,9999.000,9999.000,9999.000,9999.000,9999.000,9999.000,9999.000
202603240118,   0.411,9999.000,9999.000,9999.000,9999.000,9999.000,9999.000,9999.000,9999.000
202603240124,   0.459,9999.000,9999.000,9999.000,9999.000,9999.000,9999.000,9999.000,9999.000
202603240130,   0.508,9999.000,9999.000,9999.000,9999.000,9999.000,9999.000,9999.000,9999.000
202603240136,   0.560,9999.000,9999.000,9999.000,9999.000,9999.000,9999.000,9999.000,9999.000
202603240142,   0.613,9999.000,9999.000,9999.000,9999.000,9999.000,9999.000,9999.000,9999.000
202603240148,   0.668,9999.000,9999.000,9999.000,9999.000,9999.000,9999.000,9999.000,9999.000
202603240154,   0.724,9999.000,9999.000,9999.000,9999.000,9999.000,9999.000,9999.000,9999.000
202603240200,   0.782,9999.000,   0.700,   0.165,   1.647,   0.400,   1.347,   1.100,   2.047
202603240206,   0.841,9999.000,9999.000,9999.000,9999.000,9999.000,9999.000,9999.000,9999.000
202603240212,   0.901,9999.000,9999.000,9999.000,9999.000,9999.000,9999.000,9999.000,9999.000
202603240218,   0.963,9999.000,9999.000,9999.000,9999.000,9999.000,9999.000,9999.000,9999.000
202603240224,   1.025,9999.000,9999.000,9999.000,9999.000,9999.000,9999.000,9999.000,9999.000
202603240230,   1.088,9999.000,9999.000,9999.000,9999.000,9999.000,9999.000,9999.000,9999.000
202603240236,   1.151,9999.000,9999.000,9999.000,9999.000,9999.000,9999.000,9999.000,9999.000
202603240242,   1.216,9999.000,9999.000,9999.000,9999.000,9999.000,9999.000,9999.000,9999.000
202603240248,   1.280,9999.000,9999.000,9999.000,9999.000,9999.000,9999.000,9999.000,9999.000
202603240254,   1.345,9999.000,9999.000,9999.000,9999.000,9999.000,9999.000,9999.000,9999.000
202603240300,   1.410,9999.000,   0.700,   0.165,   2.275,   0.400,   1.975,   1.100,   2.675
202603240306,   1.474,9999.000,9999.000,9999.000,9999.000,9999.000,9999.000,9999.000,9999.000
202603240312,   1.539,9999.000,9999.000,9999.000,9999.000,9999.000,9999.000,9999.000,9999.000
202603240318,   1.603,9999.000,9999.000,9999.000,9999.000,9999.000,9999.000,9999.000,9999.000
202603240324,   1.666,9999.000,9999.000,9999.000,9999.000,9999.000,9999.000,9999.000,9999.000
202603240330,   1.729,9999.000,9999.000,9999.000,9999.000,9999.000,9999.000,9999.000,9999.000
202603240336,   1.790,9999.000,9999.000,9999.000,9999.000,9999.000,9999.000,9999.000,9999.000
202603240342,   1.851,9999.000,9999.000,9999.000,9999.000,9999.000,9999.000,9999.000,9999.000
202603240348,   1.909,9999.000,9999.000,9999.000,9999.000,9999.000,9999.000,9999.000,9999.000
202603240354,   1.967,9999.000,9999.000,9999.000,9999.000,9999.000,9999.000,9999.000,9999.000
202603240400,   2.022,9999.000,   0.700,   0.165,   2.887,   0.500,   2.687,   1.000,   3.187
202603240406,   2.076,9999.000,9999.000,9999.000,9999.000,9999.000,9999.000,9999.000,9999.000
202603240412,   2.127,9999.000,9999.000,9999.000,9999.000,9999.000,9999.000,9999.000,9999.000
202603240418,   2.177,9999.000,9999.000,9999.000,9999.000,9999.000,9999.000,9999.000,9999.000
202603240424,   2.223,9999.000,9999.000,9999.000,9999.000,9999.000,9999.000,9999.000,9999.000
202603240430,   2.267,9999.000,9999.000,9999.000,9999.000,9999.000,9999.000,9999.000,9999.000
202603240436,   2.309,9999.000,9999.000,9999.000,9999.000,9999.000,9999.000,9999.000,9999.000
202603240442,   2.347,9999.000,9999.000,9999.000,9999.000,9999.000,9999.000,9999.000,9999.000
202603240448,   2.382,9999.000,9999.000,9999.000,9999.000,9999.000,9999.000,9999.000,9999.000
202603240454,   2.415,9999.000,9999.000,9999.000,9999.000,9999.000,9999.000,9999.000,9999.000
202603240500,   2.444,9999.000,   0.700,   0.165,   3.309,   0.500,   3.109,   1.000,   3.609
202603240506,   2.469,9999.000,9999.000,9999.000,9999.000,9999.000,9999.000,9999.000,9999.000
202603240512,   2.492,9999.000,9999.000,9999.000,9999.000,9999.000,9999.000,9999.000,9999.000
202603240518,   2.510,9999.000,9999.000,9999.000,9999.000,9999.000,9999.000,9999.000,9999.000
202603240524,   2.526,9999.000,9999.000,9999.000,9999.000,9999.000,9999.000,9999.000,9999.000
202603240530,   2.538,9999.000,9999.000,9999.000,9999.000,9999.000,9999.000,9999.000,9999.000
202603240536,   2.546,9999.000,9999.000,9999.000,9999.000,9999.000,9999.000,9999.000,9999.000
202603240542,   2.551,9999.000,9999.000,9999.000,9999.000,9999.000,9999.000,9999.000,9999.000
202603240548,   2.552,9999.000,9999.000,9999.000,9999.000,9999.000,9999.000,9999.000,9999.000
202603240554,   2.550,9999.000,9999.000,9999.000,9999.000,9999.000,9999.000,9999.000,9999.000
202603240600,   2.544,9999.000,   0.700,   0.165,   3.409,   0.500,   3.209,   1.000,   3.709
202603240606,   2.535,9999.000,9999.000,9999.000,9999.000,9999.000,9999.000,9999.000,9999.000
202603240612,   2.523,9999.000,9999.000,9999.000,9999.000,9999.000,9999.000,9999.000,9999.000
202603240618,   2.507,9999.000,9999.000,9999.000,9999.000,9999.000,9999.000,9999.000,9999.000
202603240624,   2.488,9999.000,9999.000,9999.000,9999.000,9999.000,9999.000,9999.000,9999.000
202603240630,   2.467,9999.000,9999.000,9999.000,9999.000,9999.000,9999.000,9999.000,9999.000
202603240636,   2.442,9999.000,9999.000,9999.000,9999.000,9999.000,9999.000,9999.000,9999.000
202603240642,   2.415,9999.000,9999.000,9999.000,9999.000,9999.000,9999.000,9999.000,9999.000
202603240648,   2.385,9999.000,9999.000,9999.000,9999.000,9999.000,9999.000,9999.000,9999.000
202603240654,   2.353,9999.000,9999.000,9999.000,9999.000,9999.000,9999.000,9999.000,9999.000
202603240700,   2.318,9999.000,   0.800,   0.165,   3.283,   0.600,   3.083,   0.900,   3.383
202603240706,   2.281,9999.000,9999.000,9999.000,9999.000,9999.000,9999.000,9999.000,9999.000
202603240712,   2.241,9999.000,9999.000,9999.000,9999.000,9999.000,9999.000,9999.000,9999.000
202603240718,   2.200,9999.000,9999.000,9999.000,9999.000,9999.000,9999.000,9999.000,9999.000
202603240724,   2.157,9999.000,9999.000,9999.000,9999.000,9999.000,9999.000,9999.000,9999.000
202603240730,   2.113,9999.000,9999.000,9999.000,9999.000,9999.000,9999.000,9999.000,9999.000
202603240736,   2.066,9999.000,9999.000,9999.000,9999.000,9999.000,9999.000,9999.000,9999.000
202603240742,   2.019,9999.000,9999.000,9999.000,9999.000,9999.000,9999.000,9999.000,9999.000
202603240748,   1.970,9999.000,9999.000,9999.000,9999.000,9999.000,9999.000,9999.000,9999.000
202603240754,   1.920,9999.000,9999.000,9999.000,9999.000,9999.000,9999.000,9999.000,9999.000
202603240800,   1.869,9999.000,   0.700,   0.165,   2.734,   0.600,   2.634,   0.900,   2.934
202603240806,   1.817,9999.000,9999.000,9999.000,9999.000,9999.000,9999.000,9999.000,9999.000
202603240812,   1.764,9999.000,9999.000,9999.000,9999.000,9999.000,9999.000,9999.000,9999.000
202603240818,   1.711,9999.000,9999.000,9999.000,9999.000,9999.000,9999.000,9999.000,9999.000
202603240824,   1.657,9999.000,9999.000,9999.000,9999.000,9999.000,9999.000,9999.000,9999.000
202603240830,   1.602,9999.000,9999.000,9999.000,9999.000,9999.000,9999.000,9999.000,9999.000
202603240836,   1.548,9999.000,9999.000,9999.000,9999.000,9999.000,9999.000,9999.000,9999.000
202603240842,   1.493,9999.000,9999.000,9999.000,9999.000,9999.000,9999.000,9999.000,9999.000
202603240848,   1.438,9999.000,9999.000,9999.000,9999.000,9999.000,9999.000,9999.000,9999.000
202603240854,   1.383,9999.000,9999.000,9999.000,9999.000,9999.000,9999.000,9999.000,9999.000
202603240900,   1.329,9999.000,   0.700,   0.165,   2.194,   0.600,   2.094,   0.900,   2.394
202603240906,   1.274,9999.000,9999.000,9999.000,9999.000,9999.000,9999.000,9999.000,9999.000
202603240912,   1.220,9999.000,9999.000,9999.000,9999.000,9999.000,9999.000,9999.000,9999.000
202603240918,   1.166,9999.000,9999.000,9999.000,9999.000,9999.000,9999.000,9999.000,9999.000
202603240924,   1.113,9999.000,9999.000,9999.000,9999.000,9999.000,9999.000,9999.000,9999.000
202603240930,   1.060,9999.000,9999.000,9999.000,9999.000,9999.000,9999.000,9999.000,9999.000
202603240936,   1.008,9999.000,9999.000,9999.000,9999.000,9999.000,9999.000,9999.000,9999.000
202603240942,   0.956,9999.000,9999.000,9999.000,9999.000,9999.000,9999.000,9999.000,9999.000
202603240948,   0.906,9999.000,9999.000,9999.000,9999.000,9999.000,9999.000,9999.000,9999.000
202603240954,   0.856,9999.000,9999.000,9999.000,9999.000,9999.000,9999.000,9999.000,9999.000
202603241000,   0.807,9999.000,   0.700,   0.165,   1.672,   0.600,   1.572,   0.900,   1.872
202603241006,   0.759,9999.000,9999.000,9999.000,9999.000,9999.000,9999.000,9999.000,9999.000
202603241012,   0.713,9999.000,9999.000,9999.000,9999.000,9999.000,9999.000,9999.000,9999.000
202603241018,   0.668,9999.000,9999.000,9999.000,9999.000,9999.000,9999.000,9999.000,9999.000
202603241024,   0.624,9999.000,9999.000,9999.000,9999.000,9999.000,9999.000,9999.000,9999.000
202603241030,   0.581,9999.000,9999.000,9999.000,9999.000,9999.000,9999.000,9999.000,9999.000
202603241036,   0.540,9999.000,9999.000,9999.000,9999.000,9999.000,9999.000,9999.000,9999.000
202603241042,   0.500,9999.000,9999.000,9999.000,9999.000,9999.000,9999.000,9999.000,9999.000
202603241048,   0.462,9999.000,9999.000,9999.000,9999.000,9999.000,9999.000,9999.000,9999.000
202603241054,   0.426,9999.000,9999.000,9999.000,9999.000,9999.000,9999.000,9999.000,9999.000
202603241100,   0.391,9999.000,   0.700,   0.165,   1.256,   0.600,   1.156,   0.900,   1.456
202603241106,   0.358,9999.000,9999.000,9999.000,9999.000,9999.000,9999.000,9999.000,9999.000
202603241112,   0.327,9999.000,9999.000,9999.000,9999.000,9999.000,9999.000,9999.000,9999.000
202603241118,   0.298,9999.000,9999.000,9999.000,9999.000,9999.000,9999.000,9999.000,9999.000
202603241124,   0.270,9999.000,9999.000,9999.000,9999.000,9999.000,9999.000,9999.000,9999.000
202603241130,   0.245,9999.000,9999.000,9999.000,9999.000,9999.000,9999.000,9999.000,9999.000
202603241136,   0.222,9999.000,9999.000,9999.000,9999.000,9999.000,9999.000,9999.000,9999.000
202603241142,   0.200,9999.000,9999.000,9999.000,9999.000,9999.000,9999.000,9999.000,9999.000
202603241148,   0.181,9999.000,9999.000,9999.000,9999.000,9999.000,9999.000,9999.000,9999.000
202603241154,   0.164,9999.000,9999.000,9999.000,9999.000,9999.000,9999.000,9999.000,9999.000
202603241200,   0.149,9999.000,   0.700,   0.165,   1.014,   0.500,   0.814,   0.900,   1.214
202603241206,   0.137,9999.000,9999.000,9999.000,9999.000,9999.000,9999.000,9999.000,9999.000
202603241212,   0.126,9999.000,9999.000,9999.000,9999.000,9999.000,9999.000,9999.000,9999.000
202603241218,   0.118,9999.000,9999.000,9999.000,9999.000,9999.000,9999.000,9999.000,9999.000
202603241224,   0.112,9999.000,9999.000,9999.000,9999.000,9999.000,9999.000,9999.000,9999.000
202603241230,   0.108,9999.000,9999.000,9999.000,9999.000,9999.000,9999.000,9999.000,9999.000
202603241236,   0.106,9999.000,9999.000,9999.000,9999.000,9999.000,9999.000,9999.000,9999.000
202603241242,   0.107,9999.000,9999.000,9999.000,9999.000,9999.000,9999.000,9999.000,9999.000
202603241248,   0.110,9999.000,9999.000,9999.000,9999.000,9999.000,9999.000,9999.000,9999.000
202603241254,   0.115,9999.000,9999.000,9999.000,9999.000,9999.000,9999.000,9999.000,9999.000
202603241300,   0.123,9999.000,   0.700,   0.165,   0.988,   0.500,   0.788,   1.000,   1.288
202603241306,   0.133,9999.000,9999.000,9999.000,9999.000,9999.000,9999.000,9999.000,9999.000
202603241312,   0.145,9999.000,9999.000,9999.000,9999.000,9999.000,9999.000,9999.000,9999.000
202603241318,   0.159,9999.000,9999.000,9999.000,9999.000,9999.000,9999.000,9999.000,9999.000
202603241324,   0.175,9999.000,9999.000,9999.000,9999.000,9999.000,9999.000,9999.000,9999.000
202603241330,   0.194,9999.000,9999.000,9999.000,9999.000,9999.000,9999.000,9999.000,9999.000
202603241336,   0.215,9999.000,9999.000,9999.000,9999.000,9999.000,9999.000,9999.000,9999.000
202603241342,   0.238,9999.000,9999.000,9999.000,9999.000,9999.000,9999.000,9999.000,9999.000
202603241348,   0.263,9999.000,9999.000,9999.000,9999.000,9999.000,9999.000,9999.000,9999.000
202603241354,   0.291,9999.000,9999.000,9999.000,9999.000,9999.000,9999.000,9999.000,9999.000
202603241400,   0.320,9999.000,   0.700,   0.165,   1.185,   0.500,   0.985,   0.900,   1.385
202603241406,   0.351,9999.000,9999.000,9999.000,9999.000,9999.000,9999.000,9999.000,9999.000
202603241412,   0.385,9999.000,9999.000,9999.000,9999.000,9999.000,9999.000,9999.000,9999.000
202603241418,   0.420,9999.000,9999.000,9999.000,9999.000,9999.000,9999.000,9999.000,9999.000
202603241424,   0.457,9999.000,9999.000,9999.000,9999.000,9999.000,9999.000,9999.000,9999.000
202603241430,   0.496,9999.000,9999.000,9999.000,9999.000,9999.000,9999.000,9999.000,9999.000
202603241436,   0.536,9999.000,9999.000,9999.000,9999.000,9999.000,9999.000,9999.000,9999.000
202603241442,   0.579,9999.000,9999.000,9999.000,9999.000,9999.000,9999.000,9999.000,9999.000
202603241448,   0.622,9999.000,9999.000,9999.000,9999.000,9999.000,9999.000,9999.000,9999.000
202603241454,   0.668,9999.000,9999.000,9999.000,9999.000,9999.000,9999.000,9999.000,9999.000
202603241500,   0.714,9999.000,   0.700,   0.165,   1.579,   0.500,   1.379,   1.000,   1.879
202603241506,   0.762,9999.000,9999.000,9999.000,9999.000,9999.000,9999.000,9999.000,9999.000
202603241512,   0.811,9999.000,9999.000,9999.000,9999.000,9999.000,9999.000,9999.000,9999.000
202603241518,   0.860,9999.000,9999.000,9999.000,9999.000,9999.000,9999.000,9999.000,9999.000
202603241524,   0.911,9999.000,9999.000,9999.000,9999.000,9999.000,9999.000,9999.000,9999.000
202603241530,   0.962,9999.000,9999.000,9999.000,9999.000,9999.000,9999.000,9999.000,9999.000
202603241536,   1.014,9999.000,9999.000,9999.000,9999.000,9999.000,9999.000,9999.000,9999.000
202603241542,   1.066,9999.000,9999.000,9999.000,9999.000,9999.000,9999.000,9999.000,9999.000
202603241548,   1.119,9999.000,9999.000,9999.000,9999.000,9999.000,9999.000,9999.000,9999.000
202603241554,   1.171,9999.000,9999.000,9999.000,9999.000,9999.000,9999.000,9999.000,9999.000
202603241600,   1.223,9999.000,   0.700,   0.165,   2.088,   0.500,   1.888,   0.900,   2.288
202603241606,   1.275,9999.000,9999.000,9999.000,9999.000,9999.000,9999.000,9999.000,9999.000
202603241612,   1.326,9999.000,9999.000,9999.000,9999.000,9999.000,9999.000,9999.000,9999.000
202603241618,   1.377,9999.000,9999.000,9999.000,9999.000,9999.000,9999.000,9999.000,9999.000
202603241624,   1.426,9999.000,9999.000,9999.000,9999.000,9999.000,9999.000,9999.000,9999.000
202603241630,   1.475,9999.000,9999.000,9999.000,9999.000,9999.000,9999.000,9999.000,9999.000
202603241636,   1.522,9999.000,9999.000,9999.000,9999.000,9999.000,9999.000,9999.000,9999.000
202603241642,   1.568,9999.000,9999.000,9999.000,9999.000,9999.000,9999.000,9999.000,9999.000
202603241648,   1.612,9999.000,9999.000,9999.000,9999.000,9999.000,9999.000,9999.000,9999.000
202603241654,   1.654,9999.000,9999.000,9999.000,9999.000,9999.000,9999.000,9999.000,9999.000
202603241700,   1.694,9999.000,   0.700,   0.165,   2.559,   0.500,   2.359,   0.900,   2.759
202603241706,   1.732,9999.000,9999.000,9999.000,9999.000,9999.000,9999.000,9999.000,9999.000
202603241712,   1.768,9999.000,9999.000,9999.000,9999.000,9999.000,9999.000,9999.000,9999.000
202603241718,   1.801,9999.000,9999.000,9999.000,9999.000,9999.000,9999.000,9999.000,9999.000
202603241724,   1.832,9999.000,9999.000,9999.000,9999.000,9999.000,9999.000,9999.000,9999.000
202603241730,   1.860,9999.000,9999.000,9999.000,9999.000,9999.000,9999.000,9999.000,9999.000
202603241736,   1.886,9999.000,9999.000,9999.000,9999.000,9999.000,9999.000,9999.000,9999.000
202603241742,   1.908,9999.000,9999.000,9999.000,9999.000,9999.000,9999.000,9999.000,9999.000
202603241748,   1.927,9999.000,9999.000,9999.000,9999.000,9999.000,9999.000,9999.000,9999.000
202603241754,   1.944,9999.000,9999.000,9999.000,9999.000,9999.000,9999.000,9999.000,9999.000
202603241800,   1.957,9999.000,   0.700,   0.165,   2.822,   0.500,   2.622,   0.900,   3.022
202603241806,   1.967,9999.000,9999.000,9999.000,9999.000,9999.000,9999.000,9999.000,9999.000
202603241812,   1.974,9999.000,9999.000,9999.000,9999.000,9999.000,9999.000,9999.000,9999.000
202603241818,   1.978,9999.000,9999.000,9999.000,9999.000,9999.000,9999.000,9999.000,9999.000
202603241824,   1.979,9999.000,9999.000,9999.000,9999.000,9999.000,9999.000,9999.000,9999.000
202603241830,   1.977,9999.000,9999.000,9999.000,9999.000,9999.000,9999.000,9999.000,9999.000
202603241836,   1.971,9999.000,9999.000,9999.000,9999.000,9999.000,9999.000,9999.000,9999.000
202603241842,   1.963,9999.000,9999.000,9999.000,9999.000,9999.000,9999.000,9999.000,9999.000
202603241848,   1.952,9999.000,9999.000,9999.000,9999.000,9999.000,9999.000,9999.000,9999.000
202603241854,   1.938,9999.000,9999.000,9999.000,9999.000,9999.000,9999.000,9999.000,9999.000
202603241900,   1.921,9999.000,   0.700,   0.165,   2.786,   0.400,   2.486,   0.900,   2.986
202603241906,   1.901,9999.000,9999.000,9999.000,9999.000,9999.000,9999.000,9999.000,9999.000
202603241912,   1.879,9999.000,9999.000,9999.000,9999.000,9999.000,9999.000,9999.000,9999.000
202603241918,   1.854,9999.000,9999.000,9999.000,9999.000,9999.000,9999.000,9999.000,9999.000
202603241924,   1.827,9999.000,9999.000,9999.000,9999.000,9999.000,9999.000,9999.000,9999.000
202603241930,   1.797,9999.000,9999.000,9999.000,9999.000,9999.000,9999.000,9999.000,9999.000
202603241936,   1.766,9999.000,9999.000,9999.000,9999.000,9999.000,9999.000,9999.000,9999.000
202603241942,   1.732,9999.000,9999.000,9999.000,9999.000,9999.000,9999.000,9999.000,9999.000
202603241948,   1.697,9999.000,9999.000,9999.000,9999.000,9999.000,9999.000,9999.000,9999.000
202603241954,   1.660,9999.000,9999.000,9999.000,9999.000,9999.000,9999.000,9999.000,9999.000
202603242000,   1.621,9999.000,   0.600,   0.165,   2.386,   0.400,   2.186,   0.900,   2.686
202603242006,   1.581,9999.000,9999.000,9999.000,9999.000,9999.000,9999.000,9999.000,9999.000
202603242012,   1.540,9999.000,9999.000,9999.000,9999.000,9999.000,9999.000,9999.000,9999.000
202603242018,   1.497,9999.000,9999.000,9999.000,9999.000,9999.000,9999.000,9999.000,9999.000
202603242024,   1.454,9999.000,9999.000,9999.000,9999.000,9999.000,9999.000,9999.000,9999.000
202603242030,   1.409,9999.000,9999.000,9999.000,9999.000,9999.000,9999.000,9999.000,9999.000
202603242036,   1.364,9999.000,9999.000,9999.000,9999.000,9999.000,9999.000,9999.000,9999.000
202603242042,   1.318,9999.000,9999.000,9999.000,9999.000,9999.000,9999.000,9999.000,9999.000
202603242048,   1.271,9999.000,9999.000,9999.000,9999.000,9999.000,9999.000,9999.000,9999.000
202603242054,   1.225,9999.000,9999.000,9999.000,9999.000,9999.000,9999.000,9999.000,9999.000
202603242100,   1.177,9999.000,   0.600,   0.165,   1.942,   0.400,   1.742,   0.900,   2.242
202603242106,   1.130,9999.000,9999.000,9999.000,9999.000,9999.000,9999.000,9999.000,9999.000
202603242112,   1.083,9999.000,9999.000,9999.000,9999.000,9999.000,9999.000,9999.000,9999.000
202603242118,   1.035,9999.000,9999.000,9999.000,9999.000,9999.000,9999.000,9999.000,9999.000
202603242124,   0.988,9999.000,9999.000,9999.000,9999.000,9999.000,9999.000,9999.000,9999.000
202603242130,   0.941,9999.000,9999.000,9999.000,9999.000,9999.000,9999.000,9999.000,9999.000
202603242136,   0.894,9999.000,9999.000,9999.000,9999.000,9999.000,9999.000,9999.000,9999.000
202603242142,   0.848,9999.000,9999.000,9999.000,9999.000,9999.000,9999.000,9999.000,9999.000
202603242148,   0.802,9999.000,9999.000,9999.000,9999.000,9999.000,9999.000,9999.000,9999.000
202603242154,   0.757,9999.000,9999.000,9999.000,9999.000,9999.000,9999.000,9999.000,9999.000
202603242200,   0.713,9999.000,   0.600,   0.165,   1.478,   0.400,   1.278,   0.900,   1.778
202603242206,   0.669,9999.000,9999.000,9999.000,9999.000,9999.000,9999.000,9999.000,9999.000
202603242212,   0.627,9999.000,9999.000,9999.000,9999.000,9999.000,9999.000,9999.000,9999.000
202603242218,   0.585,9999.000,9999.000,9999.000,9999.000,9999.000,9999.000,9999.000,9999.000
202603242224,   0.544,9999.000,9999.000,9999.000,9999.000,9999.000,9999.000,9999.000,9999.000
202603242230,   0.505,9999.000,9999.000,9999.000,9999.000,9999.000,9999.000,9999.000,9999.000
202603242236,   0.467,9999.000,9999.000,9999.000,9999.000,9999.000,9999.000,9999.000,9999.000
202603242242,   0.430,9999.000,9999.000,9999.000,9999.000,9999.000,9999.000,9999.000,9999.000
202603242248,   0.394,9999.000,9999.000,9999.000,9999.000,9999.000,9999.000,9999.000,9999.000
202603242254,   0.360,9999.000,9999.000,9999.000,9999.000,9999.000,9999.000,9999.000,9999.000
202603242300,   0.328,9999.000,   0.600,   0.165,   1.093,   0.400,   0.893,   0.900,   1.393
202603242306,   0.297,9999.000,9999.000,9999.000,9999.000,9999.000,9999.000,9999.000,9999.000
202603242312,   0.268,9999.000,9999.000,9999.000,9999.000,9999.000,9999.000,9999.000,9999.000
202603242318,   0.241,9999.000,9999.000,9999.000,9999.000,9999.000,9999.000,9999.000,9999.000
202603242324,   0.216,9999.000,9999.000,9999.000,9999.000,9999.000,9999.000,9999.000,9999.000
202603242330,   0.192,9999.000,9999.000,9999.000,9999.000,9999.000,9999.000,9999.000,9999.000
202603242336,   0.171,9999.000,9999.000,9999.000,9999.000,9999.000,9999.000,9999.000,9999.000
202603242342,   0.152,9999.000,9999.000,9999.000,9999.000,9999.000,9999.000,9999.000,9999.000
202603242348,   0.135,9999.000,9999.000,9999.000,9999.000,9999.000,9999.000,9999.000,9999.000
202603242354,   0.120,9999.000,9999.000,9999.000,9999.000,9999.000,9999.000,9999.000,9999.000
202603250000,   0.107,9999.000,   0.600,   0.165,   0.872,   0.400,   0.672,   0.900,   1.172
