        TIME,    TIDE,      OB,   SURGE,    BIAS,     TWL,SURGE90p,  TWL90p,SURGE10p,   TWL10p
202607280600,   8.278,9999.000,   0.400,9999.000,   8.678,   0.400,   8.678,   0.400,   8.678
202607280606,   8.357,9999.000,9999.000,9999.000,9999.000,9999.000,9999.000,9999.000,9999.000
202607280612,   8.430,9999.000,9999.000,9999.000,9999.000,9999.000,9999.000,9999.000,9999.000
202607280618,   8.498,9999.000,9999.000,9999.000,9999.000,9999.000,9999.000,9999.000,9999.000
202607280624,   8.558,9999.000,9999.000,9999.000,9999.000,9999.000,9999.000,9999.000,9999.000
202607280630,   8.612,9999.000,9999.000,9999.000,9999.000,9999.000,9999.000,9999.000,9999.000
202607280636,   8.659,9999.000,9999.000,9999.000,9999.000,9999.000,9999.000,9999.000,9999.000
202607280642,   8.699,9999.000,9999.000,9999.000,9999.000,9999.000,9999.000,9999.000,9999.000
202607280648,   8.731,9999.000,9999.000,9999.000,9999.000,9999.000,9999.000,9999.000,9999.000
202607280654,   8.755,9999.000,9999.000,9999.000,9999.000,9999.000,9999.000,9999.000,9999.000
202607280700,   8.770,   9.197,   0.400,   0.027,   9.197,   0.400,   9.197,   0.400,   9.197
202607280706,   8.776,   9.206,9999.000,9999.000,9999.000,9999.000,9999.000,9999.000,9999.000
202607280712,   8.774,   9.177,9999.000,9999.000,9999.000,9999.000,9999.000,9999.000,9999.000
202607280718,   8.762,   9.157,9999.000,9999.000,9999.000,9999.000,9999.000,9999.000,9999.000
202607280724,   8.741,   9.108,9999.000,9999.000,9999.000,9999.000,9999.000,9999.000,9999.000
202607280730,   8.710,   9.088,9999.000,9999.000,9999.000,9999.000,9999.000,9999.000,9999.000
202607280736,   8.669,   9.056,9999.000,9999.000,9999.000,9999.000,9999.000,9999.000,9999.000
202607280742,   8.619,   8.997,9999.000,9999.000,9999.000,9999.000,9999.000,9999.000,9999.000
202607280748,   8.558,   8.908,9999.000,9999.000,9999.000,9999.000,9999.000,9999.000,9999.000
202607280754,   8.488,   8.836,9999.000,9999.000,9999.000,9999.000,9999.000,9999.000,9999.000
202607280800,   8.408,   8.728,   0.400,  -0.080,   8.728,   0.400,   8.728,   0.500,   8.828
202607280806,   8.319,   8.649,9999.000,9999.000,9999.000,9999.000,9999.000,9999.000,9999.000
202607280812,   8.220,   8.508,9999.000,9999.000,9999.000,9999.000,9999.000,9999.000,9999.000
202607280818,   8.112,   8.386,9999.000,9999.000,9999.000,9999.000,9999.000,9999.000,9999.000
202607280824,   7.994,   8.259,9999.000,9999.000,9999.000,9999.000,9999.000,9999.000,9999.000
202607280830,   7.869,   8.108,9999.000,9999.000,9999.000,9999.000,9999.000,9999.000,9999.000
202607280836,   7.735,   7.967,9999.000,9999.000,9999.000,9999.000,9999.000,9999.000,9999.000
202607280842,   7.593,   7.806,9999.000,9999.000,9999.000,9999.000,9999.000,9999.000,9999.000
202607280848,   7.444,   7.648,9999.000,9999.000,9999.000,9999.000,9999.000,9999.000,9999.000
202607280854,   7.288,   7.498,9999.000,9999.000,9999.000,9999.000,9999.000,9999.000,9999.000
202607280900,   7.126,   7.307,   0.400,  -0.219,   7.307,   0.400,   7.307,   0.400,   7.307
202607280906,   6.957,   7.137,9999.000,9999.000,9999.000,9999.000,9999.000,9999.000,9999.000
202607280912,   6.783,   6.917,9999.000,9999.000,9999.000,9999.000,9999.000,9999.000,9999.000
202607280918,   6.604,   6.746,9999.000,9999.000,9999.000,9999.000,9999.000,9999.000,9999.000
202607280924,   6.421,   6.527,9999.000,9999.000,9999.000,9999.000,9999.000,9999.000,9999.000
202607280930,   6.233,   6.359,9999.000,9999.000,9999.000,9999.000,9999.000,9999.000,9999.000
202607280936,   6.042,   6.117,9999.000,9999.000,9999.000,9999.000,9999.000,9999.000,9999.000
202607280942,   5.848,   5.917,9999.000,9999.000,9999.000,9999.000,9999.000,9999.000,9999.000
202607280948,   5.650,   5.717,9999.000,9999.000,9999.000,9999.000,9999.000,9999.000,9999.000
202607280954,   5.450,   5.549,9999.000,9999.000,9999.000,9999.000,9999.000,9999.000,9999.000
202607281000,   5.248,   5.369,   0.400,  -0.279,   5.369,   0.400,   5.369,   0.400,   5.369
202607281006,   5.044,   5.218,9999.000,9999.000,9999.000,9999.000,9999.000,9999.000,9999.000
202607281012,   4.839,   5.038,9999.000,9999.000,9999.000,9999.000,9999.000,9999.000,9999.000
202607281018,   4.632,   4.847,9999.000,9999.000,9999.000,9999.000,9999.000,9999.000,9999.000
202607281024,   4.423,   4.657,9999.000,9999.000,9999.000,9999.000,9999.000,9999.000,9999.000
202607281030,   4.215,   4.490,9999.000,9999.000,9999.000,9999.000,9999.000,9999.000,9999.000
202607281036,   4.005,   4.267,9999.000,9999.000,9999.000,9999.000,9999.000,9999.000,9999.000
202607281042,   3.795,   4.047,9999.000,9999.000,9999.000,9999.000,9999.000,9999.000,9999.000
202607281048,   3.586,   3.847,9999.000,9999.000,9999.000,9999.000,9999.000,9999.000,9999.000
202607281054,   3.376,   3.660,9999.000,9999.000,9999.000,9999.000,9999.000,9999.000,9999.000
202607281100,   3.167,   3.489,   0.400,  -0.078,   3.489,   0.400,   3.489,   0.500,   3.589
202607281106,   2.959,   3.289,9999.000,9999.000,9999.000,9999.000,9999.000,9999.000,9999.000
202607281112,   2.752,   3.079,9999.000,9999.000,9999.000,9999.000,9999.000,9999.000,9999.000
202607281118,   2.547,   2.889,9999.000,9999.000,9999.000,9999.000,9999.000,9999.000,9999.000
202607281124,   2.344,   2.699,9999.000,9999.000,9999.000,9999.000,9999.000,9999.000,9999.000
202607281130,   2.144,   2.528,9999.000,9999.000,9999.000,9999.000,9999.000,9999.000,9999.000
202607281136,   1.946,   2.309,9999.000,9999.000,9999.000,9999.000,9999.000,9999.000,9999.000
202607281142,   1.753,   2.158,9999.000,9999.000,9999.000,9999.000,9999.000,9999.000,9999.000
202607281148,   1.563,   1.958,9999.000,9999.000,9999.000,9999.000,9999.000,9999.000,9999.000
202607281154,   1.378,   1.781,9999.000,9999.000,9999.000,9999.000,9999.000,9999.000,9999.000
202607281200,   1.198,   1.600,   0.500,  -0.098,   1.600,   0.400,   1.500,   0.500,   1.600
202607281206,   1.024,   1.439,9999.000,9999.000,9999.000,9999.000,9999.000,9999.000,9999.000
202607281212,   0.856,   1.269,9999.000,9999.000,9999.000,9999.000,9999.000,9999.000,9999.000
202607281218,   0.695,   1.108,9999.000,9999.000,9999.000,9999.000,9999.000,9999.000,9999.000
202607281224,   0.542,   0.928,9999.000,9999.000,9999.000,9999.000,9999.000,9999.000,9999.000
202607281230,   0.396,   0.760,9999.000,9999.000,9999.000,9999.000,9999.000,9999.000,9999.000
202607281236,   0.259,   0.590,9999.000,9999.000,9999.000,9999.000,9999.000,9999.000,9999.000
202607281242,   0.132,   0.478,9999.000,9999.000,9999.000,9999.000,9999.000,9999.000,9999.000
202607281248,   0.013,   0.308,9999.000,9999.000,9999.000,9999.000,9999.000,9999.000,9999.000
202607281254,  -0.095,   0.180,9999.000,9999.000,9999.000,9999.000,9999.000,9999.000,9999.000
202607281300,  -0.194,   0.059,   0.400,  -0.147,   0.059,   0.400,   0.059,   0.500,   0.159
202607281306,  -0.282,  -0.019,9999.000,9999.000,9999.000,9999.000,9999.000,9999.000,9999.000
202607281312,  -0.360,  -0.098,9999.000,9999.000,9999.000,9999.000,9999.000,9999.000,9999.000
202607281318,  -0.428,  -0.131,9999.000,9999.000,9999.000,9999.000,9999.000,9999.000,9999.000
202607281324,  -0.485,  -0.209,9999.000,9999.000,9999.000,9999.000,9999.000,9999.000,9999.000
202607281330,  -0.532,  -0.249,9999.000,9999.000,9999.000,9999.000,9999.000,9999.000,9999.000
202607281336,  -0.568,  -0.288,9999.000,9999.000,9999.000,9999.000,9999.000,9999.000,9999.000
202607281342,  -0.593,  -0.341,9999.000,9999.000,9999.000,9999.000,9999.000,9999.000,9999.000
202607281348,  -0.608,  -0.360,9999.000,9999.000,9999.000,9999.000,9999.000,9999.000,9999.000
202607281354,  -0.614,  -0.409,9999.000,9999.000,9999.000,9999.000,9999.000,9999.000,9999.000
202607281400,  -0.609,  -0.370,   0.500,  -0.261,  -0.370,   0.400,  -0.470,   0.500,  -0.370
202607281406,  -0.595,  -0.409,9999.000,9999.000,9999.000,9999.000,9999.000,9999.000,9999.000
202607281412,  -0.572,  -0.341,9999.000,9999.000,9999.000,9999.000,9999.000,9999.000,9999.000
202607281418,  -0.539,  -0.360,9999.000,9999.000,9999.000,9999.000,9999.000,9999.000,9999.000
202607281424,  -0.499,  -0.268,9999.000,9999.000,9999.000,9999.000,9999.000,9999.000,9999.000
202607281430,  -0.449,  -0.229,9999.000,9999.000,9999.000,9999.000,9999.000,9999.000,9999.000
202607281436,  -0.392,  -0.111,9999.000,9999.000,9999.000,9999.000,9999.000,9999.000,9999.000
202607281442,  -0.328,  -0.049,9999.000,9999.000,9999.000,9999.000,9999.000,9999.000,9999.000
202607281448,  -0.256,   0.009,9999.000,9999.000,9999.000,9999.000,9999.000,9999.000,9999.000
202607281454,  -0.177,   0.088,9999.000,9999.000,9999.000,9999.000,9999.000,9999.000,9999.000
202607281500,  -0.091,   0.249,   0.500,  -0.160,   0.249,   0.400,   0.149,   0.500,   0.249
202607281506,   0.000,   0.331,9999.000,9999.000,9999.000,9999.000,9999.000,9999.000,9999.000
202607281512,   0.098,   0.478,9999.000,9999.000,9999.000,9999.000,9999.000,9999.000,9999.000
202607281518,   0.202,   0.570,9999.000,9999.000,9999.000,9999.000,9999.000,9999.000,9999.000
202607281524,   0.311,   0.741,9999.000,9999.000,9999.000,9999.000,9999.000,9999.000,9999.000
202607281530,   0.426,   0.879,9999.000,9999.000,9999.000,9999.000,9999.000,9999.000,9999.000
202607281536,   0.546,   1.039,9999.000,9999.000,9999.000,9999.000,9999.000,9999.000,9999.000
202607281542,   0.671,   1.161,9999.000,9999.000,9999.000,9999.000,9999.000,9999.000,9999.000
202607281548,   0.801,   1.279,9999.000,9999.000,9999.000,9999.000,9999.000,9999.000,9999.000
202607281554,   0.935,   1.420,9999.000,9999.000,9999.000,9999.000,9999.000,9999.000,9999.000
202607281600,   1.073,   1.580,   0.400,   0.107,   1.580,   0.400,   1.580,   0.500,   1.680
202607281606,   1.215,   1.758,9999.000,9999.000,9999.000,9999.000,9999.000,9999.000,9999.000
202607281612,   1.362,   1.918,9999.000,9999.000,9999.000,9999.000,9999.000,9999.000,9999.000
202607281618,   1.511,   2.059,9999.000,9999.000,9999.000,9999.000,9999.000,9999.000,9999.000
202607281624,   1.665,   2.168,9999.000,9999.000,9999.000,9999.000,9999.000,9999.000,9999.000
202607281630,   1.821,   2.309,9999.000,9999.000,9999.000,9999.000,9999.000,9999.000,9999.000
202607281636,   1.980,   2.459,9999.000,9999.000,9999.000,9999.000,9999.000,9999.000,9999.000
202607281642,   2.142,   2.630,9999.000,9999.000,9999.000,9999.000,9999.000,9999.000,9999.000
202607281648,   2.307,   2.830,9999.000,9999.000,9999.000,9999.000,9999.000,9999.000,9999.000
202607281654,   2.473,   2.968,9999.000,9999.000,9999.000,9999.000,9999.000,9999.000,9999.000
202607281700,   2.642,   3.119,   0.400,   0.077,   3.119,   0.400,   3.119,   0.400,   3.119
202607281706,   2.812,   3.279,9999.000,9999.000,9999.000,9999.000,9999.000,9999.000,9999.000
202607281712,   2.983,   3.470,9999.000,9999.000,9999.000,9999.000,9999.000,9999.000,9999.000
202607281718,   3.155,   3.617,9999.000,9999.000,9999.000,9999.000,9999.000,9999.000,9999.000
202607281724,   3.328,   3.749,9999.000,9999.000,9999.000,9999.000,9999.000,9999.000,9999.000
202607281730,   3.502,   3.909,9999.000,9999.000,9999.000,9999.000,9999.000,9999.000,9999.000
202607281736,   3.675,   4.057,9999.000,9999.000,9999.000,9999.000,9999.000,9999.000,9999.000
202607281742,   3.849,   4.218,9999.000,9999.000,9999.000,9999.000,9999.000,9999.000,9999.000
202607281748,   4.022,   4.388,9999.000,9999.000,9999.000,9999.000,9999.000,9999.000,9999.000
202607281754,   4.194,   4.539,9999.000,9999.000,9999.000,9999.000,9999.000,9999.000,9999.000
202607281800,   4.365,   4.710,   0.400,  -0.055,   4.710,   0.400,   4.710,   0.500,   4.810
202607281806,   4.534,   4.867,9999.000,9999.000,9999.000,9999.000,9999.000,9999.000,9999.000
202607281812,   4.701,   4.998,9999.000,9999.000,9999.000,9999.000,9999.000,9999.000,9999.000
202607281818,   4.867,   5.179,9999.000,9999.000,9999.000,9999.000,9999.000,9999.000,9999.000
202607281824,   5.029,   5.307,9999.000,9999.000,9999.000,9999.000,9999.000,9999.000,9999.000
202607281830,   5.189,   5.438,9999.000,9999.000,9999.000,9999.000,9999.000,9999.000,9999.000
202607281836,   5.345,   5.579,9999.000,9999.000,9999.000,9999.000,9999.000,9999.000,9999.000
202607281842,   5.498,   5.687,9999.000,9999.000,9999.000,9999.000,9999.000,9999.000,9999.000
202607281848,   5.646,   5.799,9999.000,9999.000,9999.000,9999.000,9999.000,9999.000,9999.000
202607281854,   5.789,   5.897,9999.000,9999.000,9999.000,9999.000,9999.000,9999.000,9999.000
202607281900,   5.928,   6.067,   0.400,  -0.261,   6.067,   0.400,   6.067,   0.400,   6.067
202607281906,   6.061,   6.209,9999.000,9999.000,9999.000,9999.000,9999.000,9999.000,9999.000
202607281912,   6.188,   6.359,9999.000,9999.000,9999.000,9999.000,9999.000,9999.000,9999.000
202607281918,   6.309,   6.497,9999.000,9999.000,9999.000,9999.000,9999.000,9999.000,9999.000
202607281924,   6.423,   6.619,9999.000,9999.000,9999.000,9999.000,9999.000,9999.000,9999.000
202607281930,   6.530,   6.737,9999.000,9999.000,9999.000,9999.000,9999.000,9999.000,9999.000
202607281936,   6.630,   6.809,9999.000,9999.000,9999.000,9999.000,9999.000,9999.000,9999.000
202607281942,   6.721,   6.917,9999.000,9999.000,9999.000,9999.000,9999.000,9999.000,9999.000
202607281948,   6.805,   6.999,9999.000,9999.000,9999.000,9999.000,9999.000,9999.000,9999.000
202607281954,   6.880,   7.088,9999.000,9999.000,9999.000,9999.000,9999.000,9999.000,9999.000
202607282000,   6.947,   7.147,   0.300,  -0.100,   7.147,   0.300,   7.147,   0.400,   7.247
202607282006,   7.004,   7.229,9999.000,9999.000,9999.000,9999.000,9999.000,9999.000,9999.000
202607282012,   7.053,   7.278,9999.000,9999.000,9999.000,9999.000,9999.000,9999.000,9999.000
202607282018,   7.093,   7.347,9999.000,9999.000,9999.000,9999.000,9999.000,9999.000,9999.000
202607282024,   7.124,   7.386,9999.000,9999.000,9999.000,9999.000,9999.000,9999.000,9999.000
202607282030,   7.146,   7.439,9999.000,9999.000,9999.000,9999.000,9999.000,9999.000,9999.000
202607282036,   7.158,   7.448,9999.000,9999.000,9999.000,9999.000,9999.000,9999.000,9999.000
202607282042,   7.163,   7.439,9999.000,9999.000,9999.000,9999.000,9999.000,9999.000,9999.000
202607282048,   7.158,   7.458,9999.000,9999.000,9999.000,9999.000,9999.000,9999.000,9999.000
202607282054,   7.145,   7.448,9999.000,9999.000,9999.000,9999.000,9999.000,9999.000,9999.000
202607282100,   7.124,   7.458,   0.300,   0.034,   7.458,   0.300,   7.458,   0.400,   7.558
202607282106,   7.095,   7.419,9999.000,9999.000,9999.000,9999.000,9999.000,9999.000,9999.000
202607282112,   7.059,   7.386,9999.000,9999.000,9999.000,9999.000,9999.000,9999.000,9999.000
202607282118,   7.016,   7.337,9999.000,9999.000,9999.000,9999.000,9999.000,9999.000,9999.000
202607282124,   6.966,   7.327,9999.000,9999.000,9999.000,9999.000,9999.000,9999.000,9999.000
202607282130,   6.910,   7.288,9999.000,9999.000,9999.000,9999.000,9999.000,9999.000,9999.000
202607282136,   6.848,   7.258,9999.000,9999.000,9999.000,9999.000,9999.000,9999.000,9999.000
202607282142,   6.781,   7.166,9999.000,9999.000,9999.000,9999.000,9999.000,9999.000,9999.000
202607282148,   6.709,   7.078,9999.000,9999.000,9999.000,9999.000,9999.000,9999.000,9999.000
202607282154,   6.632,   6.989,9999.000,9999.000,9999.000,9999.000,9999.000,9999.000,9999.000
202607282200,   6.550,   6.878,   0.300,   0.028,   6.878,   0.300,   6.878,   0.400,   6.978
202607282206,   6.465,   6.756,9999.000,9999.000,9999.000,9999.000,9999.000,9999.000,9999.000
202607282212,   6.376,   6.628,9999.000,9999.000,9999.000,9999.000,9999.000,9999.000,9999.000
202607282218,   6.284,   6.507,9999.000,9999.000,9999.000,9999.000,9999.000,9999.000,9999.000
202607282224,   6.189,   6.409,9999.000,9999.000,9999.000,9999.000,9999.000,9999.000,9999.000
202607282230,   6.091,   6.287,9999.000,9999.000,9999.000,9999.000,9999.000,9999.000,9999.000
202607282236,   5.991,   6.159,9999.000,9999.000,9999.000,9999.000,9999.000,9999.000,9999.000
202607282242,   5.888,   6.018,9999.000,9999.000,9999.000,9999.000,9999.000,9999.000,9999.000
202607282248,   5.783,   5.867,9999.000,9999.000,9999.000,9999.000,9999.000,9999.000,9999.000
202607282254,   5.677,   5.769,9999.000,9999.000,9999.000,9999.000,9999.000,9999.000,9999.000
202607282300,   5.569,   5.638,   0.300,  -0.231,   5.638,   0.300,   5.638,   0.400,   5.738
202607282306,   5.459,   5.530,9999.000,9999.000,9999.000,9999.000,9999.000,9999.000,9999.000
202607282312,   5.348,   5.389,9999.000,9999.000,9999.000,9999.000,9999.000,9999.000,9999.000
202607282318,   5.236,   5.257,9999.000,9999.000,9999.000,9999.000,9999.000,9999.000,9999.000
202607282324,   5.124,   5.139,9999.000,9999.000,9999.000,9999.000,9999.000,9999.000,9999.000
202607282330,   5.011,   5.008,9999.000,9999.000,9999.000,9999.000,9999.000,9999.000,9999.000
202607282336,   4.898,   4.910,9999.000,9999.000,9999.000,9999.000,9999.000,9999.000,9999.000
202607282342,   4.785,   4.788,9999.000,9999.000,9999.000,9999.000,9999.000,9999.000,9999.000
202607282348,   4.673,   4.700,9999.000,9999.000,9999.000,9999.000,9999.000,9999.000,9999.000
202607282354,   4.562,   4.598,9999.000,9999.000,9999.000,9999.000,9999.000,9999.000,9999.000
202607290000,   4.452,   4.519,   0.300,  -0.233,   4.519,   0.300,   4.519,   0.300,   4.519
202607290006,   4.344,   4.427,9999.000,9999.000,9999.000,9999.000,9999.000,9999.000,9999.000
202607290012,   4.239,   4.329,9999.000,9999.000,9999.000,9999.000,9999.000,9999.000,9999.000
202607290018,   4.137,   4.247,9999.000,9999.000,9999.000,9999.000,9999.000,9999.000,9999.000
202607290024,   4.038,   4.119,9999.000,9999.000,9999.000,9999.000,9999.000,9999.000,9999.000
202607290030,   3.943,   3.998,9999.000,9999.000,9999.000,9999.000,9999.000,9999.000,9999.000
202607290036,   3.853,   3.939,9999.000,9999.000,9999.000,9999.000,9999.000,9999.000,9999.000
202607290042,   3.768,   3.890,9999.000,9999.000,9999.000,9999.000,9999.000,9999.000,9999.000
202607290048,   3.689,   3.870,9999.000,9999.000,9999.000,9999.000,9999.000,9999.000,9999.000
202607290054,   3.616,   3.827,9999.000,9999.000,9999.000,9999.000,9999.000,9999.000,9999.000
202607290100,   3.549,   3.758,   0.200,   0.009,   3.758,   0.200,   3.758,   0.300,   3.858
202607290106,   3.489,   3.699,9999.000,9999.000,9999.000,9999.000,9999.000,9999.000,9999.000
202607290112,   3.437,   3.650,9999.000,9999.000,9999.000,9999.000,9999.000,9999.000,9999.000
202607290118,   3.393,   3.617,9999.000,9999.000,9999.000,9999.000,9999.000,9999.000,9999.000
202607290124,   3.357,   3.617,9999.000,9999.000,9999.000,9999.000,9999.000,9999.000,9999.000
202607290130,   3.329,   3.598,9999.000,9999.000,9999.000,9999.000,9999.000,9999.000,9999.000
202607290136,   3.309,   3.568,9999.000,9999.000,9999.000,9999.000,9999.000,9999.000,9999.000
202607290142,   3.298,   3.539,9999.000,9999.000,9999.000,9999.000,9999.000,9999.000,9999.000
202607290148,   3.296,   3.539,9999.000,9999.000,9999.000,9999.000,9999.000,9999.000,9999.000
202607290154,   3.303,   3.539,9999.000,9999.000,9999.000,9999.000,9999.000,9999.000,9999.000
202607290200,   3.317,   3.598,   0.200,   0.081,   3.598,   0.200,   3.598,   0.300,   3.698
202607290206,   3.341,   3.607,9999.000,9999.000,9999.000,9999.000,9999.000,9999.000,9999.000
202607290212,   3.372,   3.637,9999.000,9999.000,9999.000,9999.000,9999.000,9999.000,9999.000
202607290218,   3.412,   3.709,9999.000,9999.000,9999.000,9999.000,9999.000,9999.000,9999.000
202607290224,   3.459,   3.749,9999.000,9999.000,9999.000,9999.000,9999.000,9999.000,9999.000
202607290230,   3.514,   3.798,9999.000,9999.000,9999.000,9999.000,9999.000,9999.000,9999.000
202607290236,   3.576,   3.827,9999.000,9999.000,9999.000,9999.000,9999.000,9999.000,9999.000
202607290242,   3.645,   3.890,9999.000,9999.000,9999.000,9999.000,9999.000,9999.000,9999.000
202607290248,   3.720,   3.958,9999.000,9999.000,9999.000,9999.000,9999.000,9999.000,9999.000
202607290254,   3.802,   4.057,9999.000,9999.000,9999.000,9999.000,9999.000,9999.000,9999.000
202607290300,   3.889,   4.168,   0.300,  -0.021,   4.168,   0.300,   4.168,   0.300,   4.168
202607290306,   3.981,   4.237,9999.000,9999.000,9999.000,9999.000,9999.000,9999.000,9999.000
202607290312,   4.079,   4.359,9999.000,9999.000,9999.000,9999.000,9999.000,9999.000,9999.000
202607290318,   4.181,   4.509,9999.000,9999.000,9999.000,9999.000,9999.000,9999.000,9999.000
202607290324,   4.288,   4.657,9999.000,9999.000,9999.000,9999.000,9999.000,9999.000,9999.000
202607290330,   4.398,   4.710,9999.000,9999.000,9999.000,9999.000,9999.000,9999.000,9999.000
202607290336,   4.512,   4.818,9999.000,9999.000,9999.000,9999.000,9999.000,9999.000,9999.000
202607290342,   4.630,   4.939,9999.000,9999.000,9999.000,9999.000,9999.000,9999.000,9999.000
202607290348,   4.750,   5.077,9999.000,9999.000,9999.000,9999.000,9999.000,9999.000,9999.000
202607290354,   4.873,   5.198,9999.000,9999.000,9999.000,9999.000,9999.000,9999.000,9999.000
202607290400,   4.999,   5.307,   0.300,   0.008,   5.307,   0.300,   5.307,   0.400,   5.407
202607290406,   5.127,   5.428,9999.000,9999.000,9999.000,9999.000,9999.000,9999.000,9999.000
202607290412,   5.257,   5.516,9999.000,9999.000,9999.000,9999.000,9999.000,9999.000,9999.000
202607290418,   5.388,   5.657,9999.000,9999.000,9999.000,9999.000,9999.000,9999.000,9999.000
202607290424,   5.521,   5.799,9999.000,9999.000,9999.000,9999.000,9999.000,9999.000,9999.000
202607290430,   5.656,   5.989,9999.000,9999.000,9999.000,9999.000,9999.000,9999.000,9999.000
202607290436,   5.791,   6.117,9999.000,9999.000,9999.000,9999.000,9999.000,9999.000,9999.000
202607290442,   5.926,   6.218,9999.000,9999.000,9999.000,9999.000,9999.000,9999.000,9999.000
202607290448,   6.063,   6.327,9999.000,9999.000,9999.000,9999.000,9999.000,9999.000,9999.000
202607290454,   6.199,   6.477,9999.000,9999.000,9999.000,9999.000,9999.000,9999.000,9999.000
202607290500,   6.335,   6.609,   0.300,  -0.026,   6.609,   0.300,   6.609,   0.300,   6.609
202607290506,   6.471,   6.766,9999.000,9999.000,9999.000,9999.000,9999.000,9999.000,9999.000
202607290512,   6.606,   6.917,9999.000,9999.000,9999.000,9999.000,9999.000,9999.000,9999.000
202607290518,   6.740,   7.078,9999.000,9999.000,9999.000,9999.000,9999.000,9999.000,9999.000
202607290524,   6.873,   7.199,9999.000,9999.000,9999.000,9999.000,9999.000,9999.000,9999.000
202607290530,   7.005,   7.317,9999.000,9999.000,9999.000,9999.000,9999.000,9999.000,9999.000
202607290536,   7.134,   7.419,9999.000,9999.000,9999.000,9999.000,9999.000,9999.000,9999.000
202607290542,   7.261,   7.566,9999.000,9999.000,9999.000,9999.000,9999.000,9999.000,9999.000
202607290548,   7.386,   7.678,9999.000,9999.000,9999.000,9999.000,9999.000,9999.000,9999.000
202607290554,   7.508,   7.819,9999.000,9999.000,9999.000,9999.000,9999.000,9999.000,9999.000
202607290600,   7.628,   7.927,   0.200,   0.099,   7.927,   0.200,   7.927,   0.300,   8.027
202607290606,   7.743,   8.029,9999.000,9999.000,9999.000,9999.000,9999.000,9999.000,9999.000
202607290612,   7.855,   8.157,9999.000,9999.000,9999.000,9999.000,9999.000,9999.000,9999.000
202607290618,   7.963,   8.278,9999.000,9999.000,9999.000,9999.000,9999.000,9999.000,9999.000
202607290624,   8.067,   8.416,9999.000,9999.000,9999.000,9999.000,9999.000,9999.000,9999.000
202607290630,   8.166,   8.498,9999.000,9999.000,9999.000,9999.000,9999.000,9999.000,9999.000
202607290636,   8.260,   8.606,9999.000,9999.000,9999.000,9999.000,9999.000,9999.000,9999.000
202607290642,   8.349,   8.708,9999.000,9999.000,9999.000,9999.000,9999.000,9999.000,9999.000
202607290648,   8.432,   8.796,9999.000,9999.000,9999.000,9999.000,9999.000,9999.000,9999.000
202607290654,   8.509,   8.878,9999.000,9999.000,9999.000,9999.000,9999.000,9999.000,9999.000
202607290700,   8.580,   8.947,   0.300,   0.067,   8.947,   0.200,   8.847,   0.300,   8.947
202607290706,   8.644,   9.036,9999.000,9999.000,9999.000,9999.000,9999.000,9999.000,9999.000
202607290712,   8.701,   9.046,9999.000,9999.000,9999.000,9999.000,9999.000,9999.000,9999.000
202607290718,   8.750,   9.118,9999.000,9999.000,9999.000,9999.000,9999.000,9999.000,9999.000
202607290724,   8.792,   9.138,9999.000,9999.000,9999.000,9999.000,9999.000,9999.000,9999.000
202607290730,   8.826,   9.167,9999.000,9999.000,9999.000,9999.000,9999.000,9999.000,9999.000
202607290736,   8.851,   9.167,9999.000,9999.000,9999.000,9999.000,9999.000,9999.000,9999.000
202607290742,   8.867,   9.216,9999.000,9999.000,9999.000,9999.000,9999.000,9999.000,9999.000
202607290748,   8.873,   9.226,9999.000,9999.000,9999.000,9999.000,9999.000,9999.000,9999.000
202607290754,   8.871,   9.216,9999.000,9999.000,9999.000,9999.000,9999.000,9999.000,9999.000
202607290800,   8.858,   9.206,   0.300,   0.048,   9.206,   0.200,   9.106,   0.300,   9.206
202607290806,   8.836,   9.177,9999.000,9999.000,9999.000,9999.000,9999.000,9999.000,9999.000
202607290812,   8.803,   9.138,9999.000,9999.000,9999.000,9999.000,9999.000,9999.000,9999.000
202607290818,   8.760,   9.046,9999.000,9999.000,9999.000,9999.000,9999.000,9999.000,9999.000
202607290824,   8.706,   8.967,9999.000,9999.000,9999.000,9999.000,9999.000,9999.000,9999.000
202607290830,   8.642,   8.878,9999.000,9999.000,9999.000,9999.000,9999.000,9999.000,9999.000
202607290836,   8.567,   8.777,9999.000,9999.000,9999.000,9999.000,9999.000,9999.000,9999.000
202607290842,   8.481,   8.649,9999.000,9999.000,9999.000,9999.000,9999.000,9999.000,9999.000
202607290848,   8.385,   8.518,9999.000,9999.000,9999.000,9999.000,9999.000,9999.000,9999.000
202607290854,   8.279,   8.386,9999.000,9999.000,9999.000,9999.000,9999.000,9999.000,9999.000
202607290900,   8.162,   8.259,   0.200,  -0.103,   8.259,   0.200,   8.259,   0.300,   8.359
202607290906,   8.036,   8.098,9999.000,9999.000,9999.000,9999.000,9999.000,9999.000,9999.000
202607290912,   7.900,   7.957,9999.000,9999.000,9999.000,9999.000,9999.000,9999.000,9999.000
202607290918,   7.755,   7.796,9999.000,9999.000,9999.000,9999.000,9999.000,9999.000,9999.000
202607290924,   7.602,   7.648,9999.000,9999.000,9999.000,9999.000,9999.000,9999.000,9999.000
202607290930,   7.440,   7.458,9999.000,9999.000,9999.000,9999.000,9999.000,9999.000,9999.000
202607290936,   7.270,   7.278,9999.000,9999.000,9999.000,9999.000,9999.000,9999.000,9999.000
202607290942,   7.093,   7.107,9999.000,9999.000,9999.000,9999.000,9999.000,9999.000,9999.000
202607290948,   6.910,   6.927,9999.000,9999.000,9999.000,9999.000,9999.000,9999.000,9999.000
202607290954,   6.721,   6.737,9999.000,9999.000,9999.000,9999.000,9999.000,9999.000,9999.000
202607291000,   6.526,   6.537,   0.300,  -0.289,   6.537,   0.200,   6.437,   0.300,   6.537
202607291006,   6.326,   6.359,9999.000,9999.000,9999.000,9999.000,9999.000,9999.000,9999.000
202607291012,   6.122,   6.169,9999.000,9999.000,9999.000,9999.000,9999.000,9999.000,9999.000
202607291018,   5.914,   5.999,9999.000,9999.000,9999.000,9999.000,9999.000,9999.000,9999.000
202607291024,   5.703,   5.769,9999.000,9999.000,9999.000,9999.000,9999.000,9999.000,9999.000
202607291030,   5.489,   5.559,9999.000,9999.000,9999.000,9999.000,9999.000,9999.000,9999.000
202607291036,   5.272,   5.359,9999.000,9999.000,9999.000,9999.000,9999.000,9999.000,9999.000
202607291042,   5.054,   5.149,9999.000,9999.000,9999.000,9999.000,9999.000,9999.000,9999.000
202607291048,   4.835,   4.959,9999.000,9999.000,9999.000,9999.000,9999.000,9999.000,9999.000
202607291054,   4.615,   4.719,9999.000,9999.000,9999.000,9999.000,9999.000,9999.000,9999.000
202607291100,   4.394,   4.529,   0.300,  -0.165,   4.529,   0.200,   4.429,   0.300,   4.529
202607291106,   4.172,   4.290,9999.000,9999.000,9999.000,9999.000,9999.000,9999.000,9999.000
202607291112,   3.951,   4.139,9999.000,9999.000,9999.000,9999.000,9999.000,9999.000,9999.000
202607291118,   3.730,   3.949,9999.000,9999.000,9999.000,9999.000,9999.000,9999.000,9999.000
202607291124,   3.510,   3.758,9999.000,9999.000,9999.000,9999.000,9999.000,9999.000,9999.000
202607291130,   3.290,   3.558,9999.000,9999.000,9999.000,9999.000,9999.000,9999.000,9999.000
202607291136,   3.072,   3.348,9999.000,9999.000,9999.000,9999.000,9999.000,9999.000,9999.000
202607291142,   2.856,   3.178,9999.000,9999.000,9999.000,9999.000,9999.000,9999.000,9999.000
202607291148,   2.641,   2.997,9999.000,9999.000,9999.000,9999.000,9999.000,9999.000,9999.000
202607291154,   2.429,   2.797,9999.000,9999.000,9999.000,9999.000,9999.000,9999.000,9999.000
202607291200,   2.219,   2.587,   0.400,  -0.032,   2.587,   0.300,   2.487,   0.400,   2.587
202607291206,   2.012,   2.368,9999.000,9999.000,9999.000,9999.000,9999.000,9999.000,9999.000
202607291212,   1.809,   2.168,9999.000,9999.000,9999.000,9999.000,9999.000,9999.000,9999.000
202607291218,   1.609,   1.981,9999.000,9999.000,9999.000,9999.000,9999.000,9999.000,9999.000
202607291224,   1.414,   1.748,9999.000,9999.000,9999.000,9999.000,9999.000,9999.000,9999.000
202607291230,   1.223,   1.528,9999.000,9999.000,9999.000,9999.000,9999.000,9999.000,9999.000
202607291236,   1.038,   1.348,9999.000,9999.000,9999.000,9999.000,9999.000,9999.000,9999.000
202607291242,   0.858,   1.190,9999.000,9999.000,9999.000,9999.000,9999.000,9999.000,9999.000
202607291248,   0.685,   1.020,9999.000,9999.000,9999.000,9999.000,9999.000,9999.000,9999.000
202607291254,   0.519,   0.829,9999.000,9999.000,9999.000,9999.000,9999.000,9999.000,9999.000
202607291300,   0.360,   0.619,   0.300,  -0.041,   0.619,   0.300,   0.619,   0.300,   0.619
202607291306,   0.209,   0.429,9999.000,9999.000,9999.000,9999.000,9999.000,9999.000,9999.000
202607291312,   0.066,   0.268,9999.000,9999.000,9999.000,9999.000,9999.000,9999.000,9999.000
202607291318,  -0.066,   0.121,9999.000,9999.000,9999.000,9999.000,9999.000,9999.000,9999.000
202607291324,  -0.190,  -0.029,9999.000,9999.000,9999.000,9999.000,9999.000,9999.000,9999.000
202607291330,  -0.305,  -0.121,9999.000,9999.000,9999.000,9999.000,9999.000,9999.000,9999.000
202607291336,  -0.409,  -0.249,9999.000,9999.000,9999.000,9999.000,9999.000,9999.000,9999.000
202607291342,  -0.502,  -0.360,9999.000,9999.000,9999.000,9999.000,9999.000,9999.000,9999.000
202607291348,  -0.585,  -0.508,9999.000,9999.000,9999.000,9999.000,9999.000,9999.000,9999.000
202607291354,  -0.657,  -0.590,9999.000,9999.000,9999.000,9999.000,9999.000,9999.000,9999.000
202607291400,  -0.718,  -0.688,   0.300,  -0.270,  -0.688,   0.300,  -0.688,   0.300,  -0.688
202607291406,  -0.767,  -0.731,9999.000,9999.000,9999.000,9999.000,9999.000,9999.000,9999.000
202607291412,  -0.805,  -0.790,9999.000,9999.000,9999.000,9999.000,9999.000,9999.000,9999.000
202607291418,  -0.832,  -0.829,9999.000,9999.000,9999.000,9999.000,9999.000,9999.000,9999.000
202607291424,  -0.847,  -0.849,9999.000,9999.000,9999.000,9999.000,9999.000,9999.000,9999.000
202607291430,  -0.852,  -0.888,9999.000,9999.000,9999.000,9999.000,9999.000,9999.000,9999.000
202607291436,  -0.846,  -0.869,9999.000,9999.000,9999.000,9999.000,9999.000,9999.000,9999.000
202607291442,  -0.829,  -0.849,9999.000,9999.000,9999.000,9999.000,9999.000,9999.000,9999.000
202607291448,  -0.802,  -0.800,9999.000,9999.000,9999.000,9999.000,9999.000,9999.000,9999.000
202607291454,  -0.765,  -0.731,9999.000,9999.000,9999.000,9999.000,9999.000,9999.000,9999.000
202607291500,  -0.718,  -0.688,   0.300,  -0.270,  -0.688,   0.300,  -0.688,   0.300,  -0.688
202607291506,  -0.662,  -0.610,9999.000,9999.000,9999.000,9999.000,9999.000,9999.000,9999.000
202607291512,  -0.597,  -0.560,9999.000,9999.000,9999.000,9999.000,9999.000,9999.000,9999.000
202607291518,  -0.524,  -0.478,9999.000,9999.000,9999.000,9999.000,9999.000,9999.000,9999.000
202607291524,  -0.443,  -0.370,9999.000,9999.000,9999.000,9999.000,9999.000,9999.000,9999.000
202607291530,  -0.353,  -0.268,9999.000,9999.000,9999.000,9999.000,9999.000,9999.000,9999.000
202607291536,  -0.257,  -0.141,9999.000,9999.000,9999.000,9999.000,9999.000,9999.000,9999.000
202607291542,  -0.154,   0.000,9999.000,9999.000,9999.000,9999.000,9999.000,9999.000,9999.000
202607291548,  -0.044,   0.150,9999.000,9999.000,9999.000,9999.000,9999.000,9999.000,9999.000
202607291554,   0.071,   0.278,9999.000,9999.000,9999.000,9999.000,9999.000,9999.000,9999.000
202607291600,   0.193,   0.390,   0.300,  -0.103,   0.390,   0.300,   0.390,   0.400,   0.490
202607291606,   0.321,   0.551,9999.000,9999.000,9999.000,9999.000,9999.000,9999.000,9999.000
202607291612,   0.453,   0.708,9999.000,9999.000,9999.000,9999.000,9999.000,9999.000,9999.000
202607291618,   0.591,   0.898,9999.000,9999.000,9999.000,9999.000,9999.000,9999.000,9999.000
202607291624,   0.733,   1.010,9999.000,9999.000,9999.000,9999.000,9999.000,9999.000,9999.000
202607291630,   0.880,   1.210,9999.000,9999.000,9999.000,9999.000,9999.000,9999.000,9999.000
202607291636,   1.031,   1.328,9999.000,9999.000,9999.000,9999.000,9999.000,9999.000,9999.000
202607291642,   1.186,   1.528,9999.000,9999.000,9999.000,9999.000,9999.000,9999.000,9999.000
202607291648,   1.344,   1.689,9999.000,9999.000,9999.000,9999.000,9999.000,9999.000,9999.000
202607291654,   1.505,   1.849,9999.000,9999.000,9999.000,9999.000,9999.000,9999.000,9999.000
202607291700,   1.670,   2.000,   0.300,   0.030,   2.000,   0.300,   2.000,   0.300,   2.000
202607291706,   1.838,   2.128,9999.000,9999.000,9999.000,9999.000,9999.000,9999.000,9999.000
202607291712,   2.008,   2.299,9999.000,9999.000,9999.000,9999.000,9999.000,9999.000,9999.000
202607291718,   2.181,   2.450,9999.000,9999.000,9999.000,9999.000,9999.000,9999.000,9999.000
202607291724,   2.356,   2.660,9999.000,9999.000,9999.000,9999.000,9999.000,9999.000,9999.000
202607291730,   2.532,   2.869,9999.000,9999.000,9999.000,9999.000,9999.000,9999.000,9999.000
202607291736,   2.710,   3.017,9999.000,9999.000,9999.000,9999.000,9999.000,9999.000,9999.000
202607291742,   2.890,   3.197,9999.000,9999.000,9999.000,9999.000,9999.000,9999.000,9999.000
202607291748,   3.070,   3.358,9999.000,9999.000,9999.000,9999.000,9999.000,9999.000,9999.000
202607291754,   3.252,   3.529,9999.000,9999.000,9999.000,9999.000,9999.000,9999.000,9999.000
202607291800,   3.433,   3.699,   0.300,  -0.034,   3.699,   0.300,   3.699,   0.400,   3.799
202607291806,   3.615,   3.880,9999.000,9999.000,9999.000,9999.000,9999.000,9999.000,9999.000
202607291812,   3.797,   4.057,9999.000,9999.000,9999.000,9999.000,9999.000,9999.000,9999.000
202607291818,   3.978,   4.247,9999.000,9999.000,9999.000,9999.000,9999.000,9999.000,9999.000
202607291824,   4.158,   4.388,9999.000,9999.000,9999.000,9999.000,9999.000,9999.000,9999.000
202607291830,   4.338,   4.539,9999.000,9999.000,9999.000,9999.000,9999.000,9999.000,9999.000
202607291836,   4.516,   4.710,9999.000,9999.000,9999.000,9999.000,9999.000,9999.000,9999.000
202607291842,   4.692,   4.877,9999.000,9999.000,9999.000,9999.000,9999.000,9999.000,9999.000
202607291848,   4.866,   5.057,9999.000,9999.000,9999.000,9999.000,9999.000,9999.000,9999.000
202607291854,   5.038,   5.198,9999.000,9999.000,9999.000,9999.000,9999.000,9999.000,9999.000
202607291900,   5.206,   5.339,   0.400,  -0.267,   5.339,   0.300,   5.239,   0.400,   5.339
202607291906,   5.372,   5.507,9999.000,9999.000,9999.000,9999.000,9999.000,9999.000,9999.000
202607291912,   5.534,   5.667,9999.000,9999.000,9999.000,9999.000,9999.000,9999.000,9999.000
202607291918,   5.692,   5.828,9999.000,9999.000,9999.000,9999.000,9999.000,9999.000,9999.000
202607291924,   5.846,   5.969,9999.000,9999.000,9999.000,9999.000,9999.000,9999.000,9999.000
202607291930,   5.995,   6.107,9999.000,9999.000,9999.000,9999.000,9999.000,9999.000,9999.000
202607291936,   6.138,   6.258,9999.000,9999.000,9999.000,9999.000,9999.000,9999.000,9999.000
202607291942,   6.276,   6.409,9999.000,9999.000,9999.000,9999.000,9999.000,9999.000,9999.000
202607291948,   6.408,   6.546,9999.000,9999.000,9999.000,9999.000,9999.000,9999.000,9999.000
202607291954,   6.534,   6.638,9999.000,9999.000,9999.000,9999.000,9999.000,9999.000,9999.000
202607292000,   6.652,   6.727,   0.300,  -0.225,   6.727,   0.300,   6.727,   0.300,   6.727
202607292006,   6.763,   6.838,9999.000,9999.000,9999.000,9999.000,9999.000,9999.000,9999.000
202607292012,   6.867,   6.956,9999.000,9999.000,9999.000,9999.000,9999.000,9999.000,9999.000
202607292018,   6.962,   7.078,9999.000,9999.000,9999.000,9999.000,9999.000,9999.000,9999.000
202607292024,   7.049,   7.189,9999.000,9999.000,9999.000,9999.000,9999.000,9999.000,9999.000
202607292030,   7.126,   7.248,9999.000,9999.000,9999.000,9999.000,9999.000,9999.000,9999.000
202607292036,   7.195,   7.327,9999.000,9999.000,9999.000,9999.000,9999.000,9999.000,9999.000
202607292042,   7.254,   7.409,9999.000,9999.000,9999.000,9999.000,9999.000,9999.000,9999.000
202607292048,   7.304,   7.478,9999.000,9999.000,9999.000,9999.000,9999.000,9999.000,9999.000
202607292054,   7.343,   7.517,9999.000,9999.000,9999.000,9999.000,9999.000,9999.000,9999.000
202607292100,   7.373,   7.586,   0.300,  -0.087,   7.586,   0.300,   7.586,   0.400,   7.686
202607292106,   7.393,   7.619,9999.000,9999.000,9999.000,9999.000,9999.000,9999.000,9999.000
202607292112,   7.403,   7.658,9999.000,9999.000,9999.000,9999.000,9999.000,9999.000,9999.000
202607292118,   7.403,   7.658,9999.000,9999.000,9999.000,9999.000,9999.000,9999.000,9999.000
202607292124,   7.393,   7.668,9999.000,9999.000,9999.000,9999.000,9999.000,9999.000,9999.000
202607292130,   7.374,   7.648,9999.000,9999.000,9999.000,9999.000,9999.000,9999.000,9999.000
202607292136,   7.345,   7.648,9999.000,9999.000,9999.000,9999.000,9999.000,9999.000,9999.000
202607292142,   7.308,   7.609,9999.000,9999.000,9999.000,9999.000,9999.000,9999.000,9999.000
202607292148,   7.262,   7.576,9999.000,9999.000,9999.000,9999.000,9999.000,9999.000,9999.000
202607292154,   7.207,   7.527,9999.000,9999.000,9999.000,9999.000,9999.000,9999.000,9999.000
202607292200,   7.145,   7.488,   0.400,  -0.057,   7.488,   0.400,   7.488,   0.400,   7.488
202607292206,   7.075,   7.439,9999.000,9999.000,9999.000,9999.000,9999.000,9999.000,9999.000
202607292212,   6.999,   7.327,9999.000,9999.000,9999.000,9999.000,9999.000,9999.000,9999.000
202607292218,   6.916,   7.248,9999.000,9999.000,9999.000,9999.000,9999.000,9999.000,9999.000
202607292224,   6.827,   7.127,9999.000,9999.000,9999.000,9999.000,9999.000,9999.000,9999.000
202607292230,   6.733,   7.038,9999.000,9999.000,9999.000,9999.000,9999.000,9999.000,9999.000
202607292236,   6.634,   6.927,9999.000,9999.000,9999.000,9999.000,9999.000,9999.000,9999.000
202607292242,   6.531,   6.819,9999.000,9999.000,9999.000,9999.000,9999.000,9999.000,9999.000
202607292248,   6.424,   6.658,9999.000,9999.000,9999.000,9999.000,9999.000,9999.000,9999.000
202607292254,   6.313,   6.546,9999.000,9999.000,9999.000,9999.000,9999.000,9999.000,9999.000
202607292300,   6.200,   6.369,   0.400,  -0.231,   6.369,   0.400,   6.369,   0.400,   6.369
202607292306,   6.084,   6.209,9999.000,9999.000,9999.000,9999.000,9999.000,9999.000,9999.000
202607292312,   5.965,   6.048,9999.000,9999.000,9999.000,9999.000,9999.000,9999.000,9999.000
202607292318,   5.845,   5.897,9999.000,9999.000,9999.000,9999.000,9999.000,9999.000,9999.000
202607292324,   5.723,   5.759,9999.000,9999.000,9999.000,9999.000,9999.000,9999.000,9999.000
202607292330,   5.600,   5.628,9999.000,9999.000,9999.000,9999.000,9999.000,9999.000,9999.000
202607292336,   5.476,   5.516,9999.000,9999.000,9999.000,9999.000,9999.000,9999.000,9999.000
202607292342,   5.352,   5.359,9999.000,9999.000,9999.000,9999.000,9999.000,9999.000,9999.000
202607292348,   5.226,   5.218,9999.000,9999.000,9999.000,9999.000,9999.000,9999.000,9999.000
202607292354,   5.101,   5.067,9999.000,9999.000,9999.000,9999.000,9999.000,9999.000,9999.000
202607300000,   4.976,   4.919,   0.300,  -0.357,   4.919,   0.300,   4.919,   0.300,   4.919
202607300006,   4.851,   4.749,9999.000,9999.000,9999.000,9999.000,9999.000,9999.000,9999.000
202607300012,   4.726,   4.647,9999.000,9999.000,9999.000,9999.000,9999.000,9999.000,9999.000
202607300018,   4.602,   4.539,9999.000,9999.000,9999.000,9999.000,9999.000,9999.000,9999.000
202607300024,   4.480,   4.467,9999.000,9999.000,9999.000,9999.000,9999.000,9999.000,9999.000
202607300030,   4.359,   4.378,9999.000,9999.000,9999.000,9999.000,9999.000,9999.000,9999.000
202607300036,   4.240,   4.257,9999.000,9999.000,9999.000,9999.000,9999.000,9999.000,9999.000
202607300042,   4.123,   4.139,9999.000,9999.000,9999.000,9999.000,9999.000,9999.000,9999.000
202607300048,   4.009,   3.988,9999.000,9999.000,9999.000,9999.000,9999.000,9999.000,9999.000
202607300054,   3.898,   3.899,9999.000,9999.000,9999.000,9999.000,9999.000,9999.000,9999.000
202607300100,   3.790,   3.847,   0.300,  -0.243,   3.847,   0.200,   3.747,   0.300,   3.847
202607300106,   3.687,   3.749,9999.000,9999.000,9999.000,9999.000,9999.000,9999.000,9999.000
202607300112,   3.588,   3.680,9999.000,9999.000,9999.000,9999.000,9999.000,9999.000,9999.000
202607300118,   3.494,   3.568,9999.000,9999.000,9999.000,9999.000,9999.000,9999.000,9999.000
202607300124,   3.406,   3.470,9999.000,9999.000,9999.000,9999.000,9999.000,9999.000,9999.000
202607300130,   3.324,   3.460,9999.000,9999.000,9999.000,9999.000,9999.000,9999.000,9999.000
202607300136,   3.248,   3.440,9999.000,9999.000,9999.000,9999.000,9999.000,9999.000,9999.000
202607300142,   3.180,   3.378,9999.000,9999.000,9999.000,9999.000,9999.000,9999.000,9999.000
202607300148,   3.119,   3.329,9999.000,9999.000,9999.000,9999.000,9999.000,9999.000,9999.000
202607300154,   3.066,   3.289,9999.000,9999.000,9999.000,9999.000,9999.000,9999.000,9999.000
202607300200,   3.021,   3.289,   0.300,  -0.032,   3.289,   0.200,   3.189,   0.300,   3.289
202607300206,   2.985,   3.217,9999.000,9999.000,9999.000,9999.000,9999.000,9999.000,9999.000
202607300212,   2.958,   3.207,9999.000,9999.000,9999.000,9999.000,9999.000,9999.000,9999.000
202607300218,   2.940,   3.129,9999.000,9999.000,9999.000,9999.000,9999.000,9999.000,9999.000
202607300224,   2.931,   3.129,9999.000,9999.000,9999.000,9999.000,9999.000,9999.000,9999.000
202607300230,   2.931,   3.099,9999.000,9999.000,9999.000,9999.000,9999.000,9999.000,9999.000
202607300236,   2.941,   3.168,9999.000,9999.000,9999.000,9999.000,9999.000,9999.000,9999.000
202607300242,   2.960,   3.197,9999.000,9999.000,9999.000,9999.000,9999.000,9999.000,9999.000
202607300248,   2.988,   3.230,9999.000,9999.000,9999.000,9999.000,9999.000,9999.000,9999.000
202607300254,   3.025,   3.299,9999.000,9999.000,9999.000,9999.000,9999.000,9999.000,9999.000
202607300300,   3.071,   3.368,   0.300,  -0.003,   3.368,   0.300,   3.368,   0.300,   3.368
202607300306,   3.125,   3.407,9999.000,9999.000,9999.000,9999.000,9999.000,9999.000,9999.000
202607300312,   3.188,   3.440,9999.000,9999.000,9999.000,9999.000,9999.000,9999.000,9999.000
202607300318,   3.258,   3.539,9999.000,9999.000,9999.000,9999.000,9999.000,9999.000,9999.000
202607300324,   3.336,   3.617,9999.000,9999.000,9999.000,9999.000,9999.000,9999.000,9999.000
202607300330,   3.421,   3.729,9999.000,9999.000,9999.000,9999.000,9999.000,9999.000,9999.000
202607300336,   3.512,   3.788,9999.000,9999.000,9999.000,9999.000,9999.000,9999.000,9999.000
202607300342,   3.610,   3.870,9999.000,9999.000,9999.000,9999.000,9999.000,9999.000,9999.000
202607300348,   3.713,   3.988,9999.000,9999.000,9999.000,9999.000,9999.000,9999.000,9999.000
202607300354,   3.822,   4.129,9999.000,9999.000,9999.000,9999.000,9999.000,9999.000,9999.000
202607300400,   3.936,   4.257,   0.300,   0.021,   4.257,   0.300,   4.257,   0.300,   4.257
202607300406,   4.054,   4.398,9999.000,9999.000,9999.000,9999.000,9999.000,9999.000,9999.000
202607300412,   4.176,   4.519,9999.000,9999.000,9999.000,9999.000,9999.000,9999.000,9999.000
202607300418,   4.302,   4.608,9999.000,9999.000,9999.000,9999.000,9999.000,9999.000,9999.000
202607300424,   4.432,   4.710,9999.000,9999.000,9999.000,9999.000,9999.000,9999.000,9999.000
202607300430,   4.564,   4.877,9999.000,9999.000,9999.000,9999.000,9999.000,9999.000,9999.000
202607300436,   4.699,   4.998,9999.000,9999.000,9999.000,9999.000,9999.000,9999.000,9999.000
202607300442,   4.836,   5.120,9999.000,9999.000,9999.000,9999.000,9999.000,9999.000,9999.000
202607300448,   4.975,   5.238,9999.000,9999.000,9999.000,9999.000,9999.000,9999.000,9999.000
202607300454,   5.116,   5.389,9999.000,9999.000,9999.000,9999.000,9999.000,9999.000,9999.000
202607300500,   5.258,   5.549,   0.300,  -0.009,   5.549,   0.200,   5.449,   0.300,   5.549
202607300506,   5.401,   5.707,9999.000,9999.000,9999.000,9999.000,9999.000,9999.000,9999.000
202607300512,   5.545,   5.848,9999.000,9999.000,9999.000,9999.000,9999.000,9999.000,9999.000
202607300518,   5.689,   5.989,9999.000,9999.000,9999.000,9999.000,9999.000,9999.000,9999.000
202607300524,   5.834,   6.136,9999.000,9999.000,9999.000,9999.000,9999.000,9999.000,9999.000
202607300530,   5.978,   6.228,9999.000,9999.000,9999.000,9999.000,9999.000,9999.000,9999.000
202607300536,   6.123,   6.359,9999.000,9999.000,9999.000,9999.000,9999.000,9999.000,9999.000
202607300542,   6.267,   6.487,9999.000,9999.000,9999.000,9999.000,9999.000,9999.000,9999.000
202607300548,   6.409,   6.648,9999.000,9999.000,9999.000,9999.000,9999.000,9999.000,9999.000
202607300554,   6.551,   6.799,9999.000,9999.000,9999.000,9999.000,9999.000,9999.000,9999.000
202607300600,   6.692,   6.947,   0.200,   0.055,   6.947,   0.200,   6.947,   0.200,   6.947
202607300606,   6.830,   7.107,9999.000,9999.000,9999.000,9999.000,9999.000,9999.000,9999.000
202607300612,   6.967,   7.229,9999.000,9999.000,9999.000,9999.000,9999.000,9999.000,9999.000
202607300618,   7.102,   7.366,9999.000,9999.000,9999.000,9999.000,9999.000,9999.000,9999.000
202607300624,   7.233,   7.507,9999.000,9999.000,9999.000,9999.000,9999.000,9999.000,9999.000
202607300630,   7.363,   7.629,9999.000,9999.000,9999.000,9999.000,9999.000,9999.000,9999.000
202607300636,   7.488,   7.767,9999.000,9999.000,9999.000,9999.000,9999.000,9999.000,9999.000
202607300642,   7.611,   7.898,9999.000,9999.000,9999.000,9999.000,9999.000,9999.000,9999.000
202607300648,   7.730,   8.006,9999.000,9999.000,9999.000,9999.000,9999.000,9999.000,9999.000
202607300654,   7.844,   8.127,9999.000,9999.000,9999.000,9999.000,9999.000,9999.000,9999.000
202607300700,   7.954,   8.249,   0.200,   0.095,   8.249,   0.200,   8.249,   0.300,   8.349
202607300706,   8.060,   8.347,9999.000,9999.000,9999.000,9999.000,9999.000,9999.000,9999.000
202607300712,   8.160,   8.468,9999.000,9999.000,9999.000,9999.000,9999.000,9999.000,9999.000
202607300718,   8.256,   8.567,9999.000,9999.000,9999.000,9999.000,9999.000,9999.000,9999.000
202607300724,   8.345,   8.678,9999.000,9999.000,9999.000,9999.000,9999.000,9999.000,9999.000
202607300730,   8.428,   8.767,9999.000,9999.000,9999.000,9999.000,9999.000,9999.000,9999.000
202607300736,   8.506,   8.869,9999.000,9999.000,9999.000,9999.000,9999.000,9999.000,9999.000
202607300742,   8.576,   8.928,9999.000,9999.000,9999.000,9999.000,9999.000,9999.000,9999.000
202607300748,   8.639,   9.006,9999.000,9999.000,9999.000,9999.000,9999.000,9999.000,9999.000
202607300754,   8.695,   9.056,9999.000,9999.000,9999.000,9999.000,9999.000,9999.000,9999.000
202607300800,   8.743,   9.079,   0.200,   0.136,   9.079,   0.200,   9.079,   0.200,   9.079
202607300806,   8.782,   9.118,9999.000,9999.000,9999.000,9999.000,9999.000,9999.000,9999.000
202607300812,   8.813,   9.108,9999.000,9999.000,9999.000,9999.000,9999.000,9999.000,9999.000
202607300818,   8.836,   9.128,9999.000,9999.000,9999.000,9999.000,9999.000,9999.000,9999.000
202607300824,   8.849,   9.157,9999.000,9999.000,9999.000,9999.000,9999.000,9999.000,9999.000
202607300830,   8.852,   9.128,9999.000,9999.000,9999.000,9999.000,9999.000,9999.000,9999.000
202607300836,   8.845,   9.128,9999.000,9999.000,9999.000,9999.000,9999.000,9999.000,9999.000
202607300842,   8.829,   9.079,9999.000,9999.000,9999.000,9999.000,9999.000,9999.000,9999.000
202607300848,   8.801,   9.036,9999.000,9999.000,9999.000,9999.000,9999.000,9999.000,9999.000
202607300854,   8.763,   8.967,9999.000,9999.000,9999.000,9999.000,9999.000,9999.000,9999.000
202607300900,   8.715,   8.928,   0.200,   0.013,   8.928,   0.200,   8.928,   0.200,   8.928
202607300906,   8.655,   8.846,9999.000,9999.000,9999.000,9999.000,9999.000,9999.000,9999.000
202607300912,   8.584,   8.757,9999.000,9999.000,9999.000,9999.000,9999.000,9999.000,9999.000
202607300918,   8.502,   8.636,9999.000,9999.000,9999.000,9999.000,9999.000,9999.000,9999.000
202607300924,   8.408,   8.547,9999.000,9999.000,9999.000,9999.000,9999.000,9999.000,9999.000
202607300930,   8.304,   8.416,9999.000,9999.000,9999.000,9999.000,9999.000,9999.000,9999.000
202607300936,   8.189,   8.278,9999.000,9999.000,9999.000,9999.000,9999.000,9999.000,9999.000
202607300942,   8.063,   8.098,9999.000,9999.000,9999.000,9999.000,9999.000,9999.000,9999.000
202607300948,   7.927,   7.927,9999.000,9999.000,9999.000,9999.000,9999.000,9999.000,9999.000
202607300954,   7.780,   7.727,9999.000,9999.000,9999.000,9999.000,9999.000,9999.000,9999.000
202607301000,   7.624,   7.566,   0.200,  -0.258,   7.566,   0.200,   7.566,   0.200,   7.566
202607301006,   7.459,   7.366,9999.000,9999.000,9999.000,9999.000,9999.000,9999.000,9999.000
202607301012,   7.285,   7.156,9999.000,9999.000,9999.000,9999.000,9999.000,9999.000,9999.000
202607301018,   7.103,   6.956,9999.000,9999.000,9999.000,9999.000,9999.000,9999.000,9999.000
202607301024,   6.914,   6.756,9999.000,9999.000,9999.000,9999.000,9999.000,9999.000,9999.000
202607301030,   6.717,   6.579,9999.000,9999.000,9999.000,9999.000,9999.000,9999.000,9999.000
202607301036,   6.515,   6.379,9999.000,9999.000,9999.000,9999.000,9999.000,9999.000,9999.000
202607301042,   6.306,   6.209,9999.000,9999.000,9999.000,9999.000,9999.000,9999.000,9999.000
202607301048,   6.093,   5.999,9999.000,9999.000,9999.000,9999.000,9999.000,9999.000,9999.000
202607301054,   5.876,   5.808,9999.000,9999.000,9999.000,9999.000,9999.000,9999.000,9999.000
202607301100,   5.655,   5.657,   0.200,  -0.198,   5.657,   0.200,   5.657,   0.300,   5.757
202607301106,   5.430,   5.457,9999.000,9999.000,9999.000,9999.000,9999.000,9999.000,9999.000
202607301112,   5.204,   5.277,9999.000,9999.000,9999.000,9999.000,9999.000,9999.000,9999.000
202607301118,   4.976,   5.097,9999.000,9999.000,9999.000,9999.000,9999.000,9999.000,9999.000
202607301124,   4.746,   4.900,9999.000,9999.000,9999.000,9999.000,9999.000,9999.000,9999.000
202607301130,   4.516,   4.690,9999.000,9999.000,9999.000,9999.000,9999.000,9999.000,9999.000
202607301136,   4.286,   4.457,9999.000,9999.000,9999.000,9999.000,9999.000,9999.000,9999.000
202607301142,   4.055,   4.257,9999.000,9999.000,9999.000,9999.000,9999.000,9999.000,9999.000
202607301148,   3.826,   4.047,9999.000,9999.000,9999.000,9999.000,9999.000,9999.000,9999.000
202607301154,   3.598,   3.808,9999.000,9999.000,9999.000,9999.000,9999.000,9999.000,9999.000
202607301200,   3.371,   3.607,   0.300,  -0.064,   3.607,   0.200,   3.507,   0.300,   3.607
202607301206,   3.145,   3.398,9999.000,9999.000,9999.000,9999.000,9999.000,9999.000,9999.000
202607301212,   2.922,   3.197,9999.000,9999.000,9999.000,9999.000,9999.000,9999.000,9999.000
202607301218,   2.701,   2.968,9999.000,9999.000,9999.000,9999.000,9999.000,9999.000,9999.000
202607301224,   2.483,   2.748,9999.000,9999.000,9999.000,9999.000,9999.000,9999.000,9999.000
202607301230,   2.269,   2.528,9999.000,9999.000,9999.000,9999.000,9999.000,9999.000,9999.000
202607301236,   2.057,   2.309,9999.000,9999.000,9999.000,9999.000,9999.000,9999.000,9999.000
202607301242,   1.849,   2.109,9999.000,9999.000,9999.000,9999.000,9999.000,9999.000,9999.000
202607301248,   1.645,   1.899,9999.000,9999.000,9999.000,9999.000,9999.000,9999.000,9999.000
202607301254,   1.446,   1.699,9999.000,9999.000,9999.000,9999.000,9999.000,9999.000,9999.000
202607301300,   1.251,   1.489,   0.200,   0.038,   1.489,   0.200,   1.489,   0.300,   1.589
202607301306,   1.061,   1.289,9999.000,9999.000,9999.000,9999.000,9999.000,9999.000,9999.000
202607301312,   0.877,   1.118,9999.000,9999.000,9999.000,9999.000,9999.000,9999.000,9999.000
202607301318,   0.699,   0.928,9999.000,9999.000,9999.000,9999.000,9999.000,9999.000,9999.000
202607301324,   0.527,   0.770,9999.000,9999.000,9999.000,9999.000,9999.000,9999.000,9999.000
202607301330,   0.363,   0.580,9999.000,9999.000,9999.000,9999.000,9999.000,9999.000,9999.000
202607301336,   0.206,   0.390,9999.000,9999.000,9999.000,9999.000,9999.000,9999.000,9999.000
202607301342,   0.056,   0.190,9999.000,9999.000,9999.000,9999.000,9999.000,9999.000,9999.000
202607301348,  -0.084,   0.029,9999.000,9999.000,9999.000,9999.000,9999.000,9999.000,9999.000
202607301354,  -0.215,  -0.121,9999.000,9999.000,9999.000,9999.000,9999.000,9999.000,9999.000
202607301400,  -0.338,  -0.288,   0.200,  -0.150,  -0.288,   0.200,  -0.288,   0.300,  -0.188
202607301406,  -0.451,  -0.380,9999.000,9999.000,9999.000,9999.000,9999.000,9999.000,9999.000
202607301412,  -0.553,  -0.498,9999.000,9999.000,9999.000,9999.000,9999.000,9999.000,9999.000
202607301418,  -0.645,  -0.590,9999.000,9999.000,9999.000,9999.000,9999.000,9999.000,9999.000
202607301424,  -0.726,  -0.678,9999.000,9999.000,9999.000,9999.000,9999.000,9999.000,9999.000
202607301430,  -0.795,  -0.790,9999.000,9999.000,9999.000,9999.000,9999.000,9999.000,9999.000
202607301436,  -0.853,  -0.849,9999.000,9999.000,9999.000,9999.000,9999.000,9999.000,9999.000
202607301442,  -0.900,  -0.980,9999.000,9999.000,9999.000,9999.000,9999.000,9999.000,9999.000
202607301448,  -0.935,  -1.020,9999.000,9999.000,9999.000,9999.000,9999.000,9999.000,9999.000
202607301454,  -0.958,  -1.079,9999.000,9999.000,9999.000,9999.000,9999.000,9999.000,9999.000
202607301500,  -0.969,  -1.079,   0.300,  -0.410,  -1.079,   0.300,  -1.079,   0.300,  -1.079
202607301506,  -0.969,  -1.098,9999.000,9999.000,9999.000,9999.000,9999.000,9999.000,9999.000
202607301512,  -0.957,  -1.059,9999.000,9999.000,9999.000,9999.000,9999.000,9999.000,9999.000
202607301518,  -0.934,  -1.010,9999.000,9999.000,9999.000,9999.000,9999.000,9999.000,9999.000
202607301524,  -0.899,  -0.961,9999.000,9999.000,9999.000,9999.000,9999.000,9999.000,9999.000
202607301530,  -0.854,  -0.888,9999.000,9999.000,9999.000,9999.000,9999.000,9999.000,9999.000
202607301536,  -0.799,  -0.780,9999.000,9999.000,9999.000,9999.000,9999.000,9999.000,9999.000
202607301542,  -0.734,  -0.659,9999.000,9999.000,9999.000,9999.000,9999.000,9999.000,9999.000
202607301548,  -0.659,  -0.551,9999.000,9999.000,9999.000,9999.000,9999.000,9999.000,9999.000
202607301554,  -0.575,  -0.409,9999.000,9999.000,9999.000,9999.000,9999.000,9999.000,9999.000
202607301600,  -0.482,  -0.278,   0.200,   0.004,  -0.278,   0.200,  -0.278,   0.300,  -0.178
202607301606,  -0.381,  -0.141,9999.000,9999.000,9999.000,9999.000,9999.000,9999.000,9999.000
202607301612,  -0.273,  -0.009,9999.000,9999.000,9999.000,9999.000,9999.000,9999.000,9999.000
202607301618,  -0.157,   0.131,9999.000,9999.000,9999.000,9999.000,9999.000,9999.000,9999.000
202607301624,  -0.034,   0.321,9999.000,9999.000,9999.000,9999.000,9999.000,9999.000,9999.000
202607301630,   0.094,   0.459,9999.000,9999.000,9999.000,9999.000,9999.000,9999.000,9999.000
202607301636,   0.229,   0.590,9999.000,9999.000,9999.000,9999.000,9999.000,9999.000,9999.000
202607301642,   0.370,   0.718,9999.000,9999.000,9999.000,9999.000,9999.000,9999.000,9999.000
202607301648,   0.516,   0.859,9999.000,9999.000,9999.000,9999.000,9999.000,9999.000,9999.000
202607301654,   0.666,   0.980,9999.000,9999.000,9999.000,9999.000,9999.000,9999.000,9999.000
202607301700,   0.821,   1.128,   0.200,   0.107,   1.128,   0.200,   1.128,   0.200,   1.128
202607301706,   0.980,   1.269,9999.000,9999.000,9999.000,9999.000,9999.000,9999.000,9999.000
202607301712,   1.143,   1.390,9999.000,9999.000,9999.000,9999.000,9999.000,9999.000,9999.000
202607301718,   1.309,   1.571,9999.000,9999.000,9999.000,9999.000,9999.000,9999.000,9999.000
202607301724,   1.479,   1.738,9999.000,9999.000,9999.000,9999.000,9999.000,9999.000,9999.000
202607301730,   1.651,   1.958,9999.000,9999.000,9999.000,9999.000,9999.000,9999.000,9999.000
202607301736,   1.826,   2.128,9999.000,9999.000,9999.000,9999.000,9999.000,9999.000,9999.000
202607301742,   2.003,   2.328,9999.000,9999.000,9999.000,9999.000,9999.000,9999.000,9999.000
202607301748,   2.183,   2.499,9999.000,9999.000,9999.000,9999.000,9999.000,9999.000,9999.000
202607301754,   2.364,   2.689,9999.000,9999.000,9999.000,9999.000,9999.000,9999.000,9999.000
202607301800,   2.547,   2.909,   0.300,   0.062,   2.909,   0.300,   2.909,   0.300,   2.909
202607301806,   2.731,   3.109,9999.000,9999.000,9999.000,9999.000,9999.000,9999.000,9999.000
202607301812,   2.917,   3.260,9999.000,9999.000,9999.000,9999.000,9999.000,9999.000,9999.000
202607301818,   3.103,   3.427,9999.000,9999.000,9999.000,9999.000,9999.000,9999.000,9999.000
202607301824,   3.290,   3.588,9999.000,9999.000,9999.000,9999.000,9999.000,9999.000,9999.000
202607301830,   3.477,   3.758,9999.000,9999.000,9999.000,9999.000,9999.000,9999.000,9999.000
202607301836,   3.664,   3.939,9999.000,9999.000,9999.000,9999.000,9999.000,9999.000,9999.000
202607301842,   3.850,   4.109,9999.000,9999.000,9999.000,9999.000,9999.000,9999.000,9999.000
202607301848,   4.037,   4.267,9999.000,9999.000,9999.000,9999.000,9999.000,9999.000,9999.000
202607301854,   4.222,   4.398,9999.000,9999.000,9999.000,9999.000,9999.000,9999.000,9999.000
202607301900,   4.406,   4.539,   0.300,  -0.167,   4.539,   0.300,   4.539,   0.300,   4.539
202607301906,   4.588,   4.710,9999.000,9999.000,9999.000,9999.000,9999.000,9999.000,9999.000
202607301912,   4.769,   4.857,9999.000,9999.000,9999.000,9999.000,9999.000,9999.000,9999.000
202607301918,   4.948,   5.028,9999.000,9999.000,9999.000,9999.000,9999.000,9999.000,9999.000
202607301924,   5.124,   5.198,9999.000,9999.000,9999.000,9999.000,9999.000,9999.000,9999.000
202607301930,   5.297,   5.398,9999.000,9999.000,9999.000,9999.000,9999.000,9999.000,9999.000
202607301936,   5.467,   5.539,9999.000,9999.000,9999.000,9999.000,9999.000,9999.000,9999.000
202607301942,   5.634,   5.730,9999.000,9999.000,9999.000,9999.000,9999.000,9999.000,9999.000
202607301948,   5.796,   5.867,9999.000,9999.000,9999.000,9999.000,9999.000,9999.000,9999.000
202607301954,   5.955,   6.058,9999.000,9999.000,9999.000,9999.000,9999.000,9999.000,9999.000
202607302000,   6.108,   6.199,   0.300,  -0.209,   6.199,   0.300,   6.199,   0.300,   6.199
202607302006,   6.257,   6.327,9999.000,9999.000,9999.000,9999.000,9999.000,9999.000,9999.000
202607302012,   6.400,   6.458,9999.000,9999.000,9999.000,9999.000,9999.000,9999.000,9999.000
202607302018,   6.537,   6.589,9999.000,9999.000,9999.000,9999.000,9999.000,9999.000,9999.000
202607302024,   6.668,   6.717,9999.000,9999.000,9999.000,9999.000,9999.000,9999.000,9999.000
202607302030,   6.792,   6.819,9999.000,9999.000,9999.000,9999.000,9999.000,9999.000,9999.000
202607302036,   6.908,   6.917,9999.000,9999.000,9999.000,9999.000,9999.000,9999.000,9999.000
202607302042,   7.018,   7.019,9999.000,9999.000,9999.000,9999.000,9999.000,9999.000,9999.000
202607302048,   7.119,   7.117,9999.000,9999.000,9999.000,9999.000,9999.000,9999.000,9999.000
202607302054,   7.212,   7.209,9999.000,9999.000,9999.000,9999.000,9999.000,9999.000,9999.000
202607302100,   7.296,   7.288,   0.300,  -0.308,   7.288,   0.300,   7.288,   0.300,   7.288
202607302106,   7.370,   7.347,9999.000,9999.000,9999.000,9999.000,9999.000,9999.000,9999.000
202607302112,   7.436,   7.419,9999.000,9999.000,9999.000,9999.000,9999.000,9999.000,9999.000
202607302118,   7.491,   7.488,9999.000,9999.000,9999.000,9999.000,9999.000,9999.000,9999.000
202607302124,   7.537,   7.566,9999.000,9999.000,9999.000,9999.000,9999.000,9999.000,9999.000
202607302130,   7.572,   7.586,9999.000,9999.000,9999.000,9999.000,9999.000,9999.000,9999.000
202607302136,   7.597,   7.639,9999.000,9999.000,9999.000,9999.000,9999.000,9999.000,9999.000
202607302142,   7.611,   7.688,9999.000,9999.000,9999.000,9999.000,9999.000,9999.000,9999.000
202607302148,   7.615,   7.727,9999.000,9999.000,9999.000,9999.000,9999.000,9999.000,9999.000
202607302154,   7.608,   7.776,9999.000,9999.000,9999.000,9999.000,9999.000,9999.000,9999.000
202607302200,   7.590,   7.767,   0.300,  -0.123,   7.767,   0.300,   7.767,   0.300,   7.767
202607302206,   7.563,   7.786,9999.000,9999.000,9999.000,9999.000,9999.000,9999.000,9999.000
202607302212,   7.525,   7.767,9999.000,9999.000,9999.000,9999.000,9999.000,9999.000,9999.000
202607302218,   7.477,   7.717,9999.000,9999.000,9999.000,9999.000,9999.000,9999.000,9999.000
202607302224,   7.420,   7.609,9999.000,9999.000,9999.000,9999.000,9999.000,9999.000,9999.000
202607302230,   7.353,   7.537,9999.000,9999.000,9999.000,9999.000,9999.000,9999.000,9999.000
202607302236,   7.278,   7.458,9999.000,9999.000,9999.000,9999.000,9999.000,9999.000,9999.000
202607302242,   7.194,   7.419,9999.000,9999.000,9999.000,9999.000,9999.000,9999.000,9999.000
202607302248,   7.103,   7.297,9999.000,9999.000,9999.000,9999.000,9999.000,9999.000,9999.000
202607302254,   7.005,   7.166,9999.000,9999.000,9999.000,9999.000,9999.000,9999.000,9999.000
202607302300,   6.900,   7.038,   0.300,  -0.162,   7.038,   0.300,   7.038,   0.300,   7.038
202607302306,   6.789,   6.907,9999.000,9999.000,9999.000,9999.000,9999.000,9999.000,9999.000
202607302312,   6.672,   6.766,9999.000,9999.000,9999.000,9999.000,9999.000,9999.000,9999.000
202607302318,   6.551,   6.648,9999.000,9999.000,9999.000,9999.000,9999.000,9999.000,9999.000
202607302324,   6.426,   6.458,9999.000,9999.000,9999.000,9999.000,9999.000,9999.000,9999.000
202607302330,   6.297,   6.297,9999.000,9999.000,9999.000,9999.000,9999.000,9999.000,9999.000
202607302336,   6.165,   6.136,9999.000,9999.000,9999.000,9999.000,9999.000,9999.000,9999.000
202607302342,   6.030,   5.999,9999.000,9999.000,9999.000,9999.000,9999.000,9999.000,9999.000
202607302348,   5.893,   5.867,9999.000,9999.000,9999.000,9999.000,9999.000,9999.000,9999.000
202607302354,   5.755,   5.677,9999.000,9999.000,9999.000,9999.000,9999.000,9999.000,9999.000
202607310000,   5.615,   5.516,   0.300,  -0.399,   5.516,   0.300,   5.516,   0.300,   5.516
202607310006,   5.475,   5.379,9999.000,9999.000,9999.000,9999.000,9999.000,9999.000,9999.000
202607310012,   5.335,   5.257,9999.000,9999.000,9999.000,9999.000,9999.000,9999.000,9999.000
202607310018,   5.194,   5.149,9999.000,9999.000,9999.000,9999.000,9999.000,9999.000,9999.000
202607310024,   5.054,   4.959,9999.000,9999.000,9999.000,9999.000,9999.000,9999.000,9999.000
202607310030,   4.914,   4.769,9999.000,9999.000,9999.000,9999.000,9999.000,9999.000,9999.000
202607310036,   4.776,   4.628,9999.000,9999.000,9999.000,9999.000,9999.000,9999.000,9999.000
202607310042,   4.638,   4.480,9999.000,9999.000,9999.000,9999.000,9999.000,9999.000,9999.000
202607310048,   4.502,   4.339,9999.000,9999.000,9999.000,9999.000,9999.000,9999.000,9999.000
202607310054,   4.368,   4.267,9999.000,9999.000,9999.000,9999.000,9999.000,9999.000,9999.000
202607310100,   4.235,   4.119,   0.200,  -0.316,   4.119,   0.200,   4.119,   0.300,   4.219
202607310106,   4.105,   3.998,9999.000,9999.000,9999.000,9999.000,9999.000,9999.000,9999.000
202607310112,   3.977,   3.860,9999.000,9999.000,9999.000,9999.000,9999.000,9999.000,9999.000
202607310118,   3.852,   3.739,9999.000,9999.000,9999.000,9999.000,9999.000,9999.000,9999.000
202607310124,   3.731,   3.617,9999.000,9999.000,9999.000,9999.000,9999.000,9999.000,9999.000
202607310130,   3.613,   3.470,9999.000,9999.000,9999.000,9999.000,9999.000,9999.000,9999.000
202607310136,   3.499,   3.407,9999.000,9999.000,9999.000,9999.000,9999.000,9999.000,9999.000
202607310142,   3.389,   3.319,9999.000,9999.000,9999.000,9999.000,9999.000,9999.000,9999.000
202607310148,   3.284,   3.230,9999.000,9999.000,9999.000,9999.000,9999.000,9999.000,9999.000
202607310154,   3.184,   3.138,9999.000,9999.000,9999.000,9999.000,9999.000,9999.000,9999.000
202607310200,   3.090,   3.040,   0.200,  -0.250,   3.040,   0.200,   3.040,   0.200,   3.040
202607310206,   3.002,   2.978,9999.000,9999.000,9999.000,9999.000,9999.000,9999.000,9999.000
202607310212,   2.921,   2.909,9999.000,9999.000,9999.000,9999.000,9999.000,9999.000,9999.000
202607310218,   2.847,   2.860,9999.000,9999.000,9999.000,9999.000,9999.000,9999.000,9999.000
202607310224,   2.780,   2.807,9999.000,9999.000,9999.000,9999.000,9999.000,9999.000,9999.000
202607310230,   2.722,   2.787,9999.000,9999.000,9999.000,9999.000,9999.000,9999.000,9999.000
202607310236,   2.671,   2.748,9999.000,9999.000,9999.000,9999.000,9999.000,9999.000,9999.000
202607310242,   2.630,   2.738,9999.000,9999.000,9999.000,9999.000,9999.000,9999.000,9999.000
202607310248,   2.597,   2.679,9999.000,9999.000,9999.000,9999.000,9999.000,9999.000,9999.000
202607310254,   2.574,   2.660,9999.000,9999.000,9999.000,9999.000,9999.000,9999.000,9999.000
202607310300,   2.560,   2.620,   0.300,  -0.240,   2.620,   0.200,   2.520,   0.300,   2.620
202607310306,   2.556,   2.620,9999.000,9999.000,9999.000,9999.000,9999.000,9999.000,9999.000
202607310312,   2.562,   2.650,9999.000,9999.000,9999.000,9999.000,9999.000,9999.000,9999.000
202607310318,   2.578,   2.679,9999.000,9999.000,9999.000,9999.000,9999.000,9999.000,9999.000
202607310324,   2.603,   2.719,9999.000,9999.000,9999.000,9999.000,9999.000,9999.000,9999.000
202607310330,   2.637,   2.728,9999.000,9999.000,9999.000,9999.000,9999.000,9999.000,9999.000
202607310336,   2.682,   2.758,9999.000,9999.000,9999.000,9999.000,9999.000,9999.000,9999.000
202607310342,   2.735,   2.850,9999.000,9999.000,9999.000,9999.000,9999.000,9999.000,9999.000
202607310348,   2.797,   2.948,9999.000,9999.000,9999.000,9999.000,9999.000,9999.000,9999.000
202607310354,   2.868,   3.017,9999.000,9999.000,9999.000,9999.000,9999.000,9999.000,9999.000
202607310400,   2.947,   3.099,   0.200,  -0.048,   3.099,   0.200,   3.099,   0.300,   3.199
202607310406,   3.034,   3.178,9999.000,9999.000,9999.000,9999.000,9999.000,9999.000,9999.000
202607310412,   3.129,   3.309,9999.000,9999.000,9999.000,9999.000,9999.000,9999.000,9999.000
202607310418,   3.230,   3.440,9999.000,9999.000,9999.000,9999.000,9999.000,9999.000,9999.000
202607310424,   3.337,   3.539,9999.000,9999.000,9999.000,9999.000,9999.000,9999.000,9999.000
202607310430,   3.451,   3.650,9999.000,9999.000,9999.000,9999.000,9999.000,9999.000,9999.000
202607310436,   3.570,   3.739,9999.000,9999.000,9999.000,9999.000,9999.000,9999.000,9999.000
202607310442,   3.694,   3.880,9999.000,9999.000,9999.000,9999.000,9999.000,9999.000,9999.000
202607310448,   3.822,   4.017,9999.000,9999.000,9999.000,9999.000,9999.000,9999.000,9999.000
202607310454,   3.955,   4.149,9999.000,9999.000,9999.000,9999.000,9999.000,9999.000,9999.000
202607310500,   4.090,   4.280,   0.200,  -0.010,   4.280,   0.200,   4.280,   0.200,   4.280
202607310506,   4.229,   4.398,9999.000,9999.000,9999.000,9999.000,9999.000,9999.000,9999.000
202607310512,   4.371,   4.569,9999.000,9999.000,9999.000,9999.000,9999.000,9999.000,9999.000
202607310518,   4.515,   4.710,9999.000,9999.000,9999.000,9999.000,9999.000,9999.000,9999.000
202607310524,   4.661,   4.887,9999.000,9999.000,9999.000,9999.000,9999.000,9999.000,9999.000
202607310530,   4.808,   4.998,9999.000,9999.000,9999.000,9999.000,9999.000,9999.000,9999.000
202607310536,   4.957,   5.159,9999.000,9999.000,9999.000,9999.000,9999.000,9999.000,9999.000
202607310542,   5.106,   5.320,9999.000,9999.000,9999.000,9999.000,9999.000,9999.000,9999.000
202607310548,   5.256,   5.438,9999.000,9999.000,9999.000,9999.000,9999.000,9999.000,9999.000
202607310554,   5.407,   5.618,9999.000,9999.000,9999.000,9999.000,9999.000,9999.000,9999.000
202607310600,   5.557,   5.759,   0.100,   0.102,   5.759,   0.100,   5.759,   0.100,   5.759
202607310606,   5.707,   5.907,9999.000,9999.000,9999.000,9999.000,9999.000,9999.000,9999.000
202607310612,   5.857,   6.038,9999.000,9999.000,9999.000,9999.000,9999.000,9999.000,9999.000
202607310618,   6.005,   6.218,9999.000,9999.000,9999.000,9999.000,9999.000,9999.000,9999.000
202607310624,   6.153,   6.389,9999.000,9999.000,9999.000,9999.000,9999.000,9999.000,9999.000
202607310630,   6.300,   6.537,9999.000,9999.000,9999.000,9999.000,9999.000,9999.000,9999.000
202607310636,   6.445,   6.668,9999.000,9999.000,9999.000,9999.000,9999.000,9999.000,9999.000
202607310642,   6.588,   6.766,9999.000,9999.000,9999.000,9999.000,9999.000,9999.000,9999.000
202607310648,   6.728,   6.927,9999.000,9999.000,9999.000,9999.000,9999.000,9999.000,9999.000
202607310654,   6.867,   7.068,9999.000,9999.000,9999.000,9999.000,9999.000,9999.000,9999.000
202607310700,   7.003,   7.209,   0.100,   0.106,   7.209,   0.100,   7.209,   0.100,   7.209
202607310706,   7.136,   7.347,9999.000,9999.000,9999.000,9999.000,9999.000,9999.000,9999.000
202607310712,   7.265,   7.478,9999.000,9999.000,9999.000,9999.000,9999.000,9999.000,9999.000
202607310718,   7.391,   7.609,9999.000,9999.000,9999.000,9999.000,9999.000,9999.000,9999.000
202607310724,   7.514,   7.747,9999.000,9999.000,9999.000,9999.000,9999.000,9999.000,9999.000
202607310730,   7.632,   7.849,9999.000,9999.000,9999.000,9999.000,9999.000,9999.000,9999.000
202607310736,   7.745,   7.967,9999.000,9999.000,9999.000,9999.000,9999.000,9999.000,9999.000
202607310742,   7.854,   8.068,9999.000,9999.000,9999.000,9999.000,9999.000,9999.000,9999.000
202607310748,   7.958,   8.177,9999.000,9999.000,9999.000,9999.000,9999.000,9999.000,9999.000
202607310754,   8.056,   8.288,9999.000,9999.000,9999.000,9999.000,9999.000,9999.000,9999.000
202607310800,   8.149,   8.396,   0.100,   0.147,   8.396,   0.100,   8.396,   0.100,   8.396
202607310806,   8.235,   8.468,9999.000,9999.000,9999.000,9999.000,9999.000,9999.000,9999.000
202607310812,   8.315,   8.557,9999.000,9999.000,9999.000,9999.000,9999.000,9999.000,9999.000
202607310818,   8.389,   8.636,9999.000,9999.000,9999.000,9999.000,9999.000,9999.000,9999.000
202607310824,   8.455,   8.728,9999.000,9999.000,9999.000,9999.000,9999.000,9999.000,9999.000
202607310830,   8.514,   8.796,9999.000,9999.000,9999.000,9999.000,9999.000,9999.000,9999.000
202607310836,   8.565,   8.869,9999.000,9999.000,9999.000,9999.000,9999.000,9999.000,9999.000
202607310842,   8.608,   8.888,9999.000,9999.000,9999.000,9999.000,9999.000,9999.000,9999.000
202607310848,   8.642,   8.908,9999.000,9999.000,9999.000,9999.000,9999.000,9999.000,9999.000
202607310854,   8.668,   8.928,9999.000,9999.000,9999.000,9999.000,9999.000,9999.000,9999.000
202607310900,   8.684,   8.947,   0.100,   0.163,   8.947,   0.100,   8.947,   0.100,   8.947
202607310906,   8.691,   8.918,9999.000,9999.000,9999.000,9999.000,9999.000,9999.000,9999.000
202607310912,   8.689,   8.898,9999.000,9999.000,9999.000,9999.000,9999.000,9999.000,9999.000
202607310918,   8.676,   8.878,9999.000,9999.000,9999.000,9999.000,9999.000,9999.000,9999.000
202607310924,   8.653,   8.859,9999.000,9999.000,9999.000,9999.000,9999.000,9999.000,9999.000
202607310930,   8.619,   8.767,9999.000,9999.000,9999.000,9999.000,9999.000,9999.000,9999.000
202607310936,   8.574,   8.718,9999.000,9999.000,9999.000,9999.000,9999.000,9999.000,9999.000
202607310942,   8.519,   8.636,9999.000,9999.000,9999.000,9999.000,9999.000,9999.000,9999.000
202607310948,   8.452,   8.567,9999.000,9999.000,9999.000,9999.000,9999.000,9999.000,9999.000
202607310954,   8.374,   8.468,9999.000,9999.000,9999.000,9999.000,9999.000,9999.000,9999.000
202607311000,   8.285,   8.367,   0.100,  -0.018,   8.367,   0.100,   8.367,   0.100,   8.367
202607311006,   8.185,   8.239,9999.000,9999.000,9999.000,9999.000,9999.000,9999.000,9999.000
202607311012,   8.073,   8.098,9999.000,9999.000,9999.000,9999.000,9999.000,9999.000,9999.000
202607311018,   7.951,   7.947,9999.000,9999.000,9999.000,9999.000,9999.000,9999.000,9999.000
202607311024,   7.818,   7.786,9999.000,9999.000,9999.000,9999.000,9999.000,9999.000,9999.000
202607311030,   7.674,   7.619,9999.000,9999.000,9999.000,9999.000,9999.000,9999.000,9999.000
202607311036,   7.520,   7.448,9999.000,9999.000,9999.000,9999.000,9999.000,9999.000,9999.000
202607311042,   7.357,   7.288,9999.000,9999.000,9999.000,9999.000,9999.000,9999.000,9999.000
202607311048,   7.184,   7.107,9999.000,9999.000,9999.000,9999.000,9999.000,9999.000,9999.000
202607311054,   7.002,   6.937,9999.000,9999.000,9999.000,9999.000,9999.000,9999.000,9999.000
202607311100,   6.813,   6.756,   0.100,  -0.157,   6.756,   0.100,   6.756,   0.100,   6.756
202607311106,   6.615,   6.556,9999.000,9999.000,9999.000,9999.000,9999.000,9999.000,9999.000
202607311112,   6.411,   6.359,9999.000,9999.000,9999.000,9999.000,9999.000,9999.000,9999.000
202607311118,   6.201,   6.159,9999.000,9999.000,9999.000,9999.000,9999.000,9999.000,9999.000
202607311124,   5.985,   5.979,9999.000,9999.000,9999.000,9999.000,9999.000,9999.000,9999.000
202607311130,   5.765,   5.799,9999.000,9999.000,9999.000,9999.000,9999.000,9999.000,9999.000
202607311136,   5.540,   5.589,9999.000,9999.000,9999.000,9999.000,9999.000,9999.000,9999.000
202607311142,   5.312,   5.398,9999.000,9999.000,9999.000,9999.000,9999.000,9999.000,9999.000
202607311148,   5.082,   5.198,9999.000,9999.000,9999.000,9999.000,9999.000,9999.000,9999.000
202607311154,   4.850,   4.969,9999.000,9999.000,9999.000,9999.000,9999.000,9999.000,9999.000
202607311200,   4.616,   4.788,   0.100,   0.072,   4.788,   0.100,   4.788,   0.100,   4.788
202607311206,   4.382,   4.578,9999.000,9999.000,9999.000,9999.000,9999.000,9999.000,9999.000
202607311212,   4.148,   4.408,9999.000,9999.000,9999.000,9999.000,9999.000,9999.000,9999.000
202607311218,   3.914,   4.188,9999.000,9999.000,9999.000,9999.000,9999.000,9999.000,9999.000
202607311224,   3.682,   3.949,9999.000,9999.000,9999.000,9999.000,9999.000,9999.000,9999.000
202607311230,   3.451,   3.739,9999.000,9999.000,9999.000,9999.000,9999.000,9999.000,9999.000
202607311236,   3.223,   3.509,9999.000,9999.000,9999.000,9999.000,9999.000,9999.000,9999.000
202607311242,   2.997,   3.299,9999.000,9999.000,9999.000,9999.000,9999.000,9999.000,9999.000
202607311248,   2.774,   3.089,9999.000,9999.000,9999.000,9999.000,9999.000,9999.000,9999.000
202607311254,   2.554,   2.889,9999.000,9999.000,9999.000,9999.000,9999.000,9999.000,9999.000
202607311300,   2.338,   2.679,   0.100,   0.241,   2.679,   0.100,   2.679,   0.100,   2.679
202607311306,   2.125,   2.489,9999.000,9999.000,9999.000,9999.000,9999.000,9999.000,9999.000
202607311312,   1.917,   2.289,9999.000,9999.000,9999.000,9999.000,9999.000,9999.000,9999.000
202607311318,   1.714,   2.069,9999.000,9999.000,9999.000,9999.000,9999.000,9999.000,9999.000
202607311324,   1.515,   1.859,9999.000,9999.000,9999.000,9999.000,9999.000,9999.000,9999.000
202607311330,   1.321,   1.639,9999.000,9999.000,9999.000,9999.000,9999.000,9999.000,9999.000
202607311336,   1.133,   1.430,9999.000,9999.000,9999.000,9999.000,9999.000,9999.000,9999.000
202607311342,   0.950,   1.220,9999.000,9999.000,9999.000,9999.000,9999.000,9999.000,9999.000
202607311348,   0.774,   1.029,9999.000,9999.000,9999.000,9999.000,9999.000,9999.000,9999.000
202607311354,   0.604,   0.839,9999.000,9999.000,9999.000,9999.000,9999.000,9999.000,9999.000
202607311400,   0.441,   0.639,   0.100,   0.098,   0.639,   0.100,   0.639,   0.100,   0.639
202607311406,   0.285,   0.429,9999.000,9999.000,9999.000,9999.000,9999.000,9999.000,9999.000
202607311412,   0.136,   0.249,9999.000,9999.000,9999.000,9999.000,9999.000,9999.000,9999.000
202607311418,  -0.003,   0.078,9999.000,9999.000,9999.000,9999.000,9999.000,9999.000,9999.000
202607311424,  -0.135,  -0.078,9999.000,9999.000,9999.000,9999.000,9999.000,9999.000,9999.000
202607311430,  -0.258,  -0.239,9999.000,9999.000,9999.000,9999.000,9999.000,9999.000,9999.000
202607311436,  -0.372,  -0.390,9999.000,9999.000,9999.000,9999.000,9999.000,9999.000,9999.000
202607311442,  -0.476,  -0.570,9999.000,9999.000,9999.000,9999.000,9999.000,9999.000,9999.000
202607311448,  -0.570,  -0.698,9999.000,9999.000,9999.000,9999.000,9999.000,9999.000,9999.000
202607311454,  -0.653,  -0.829,9999.000,9999.000,9999.000,9999.000,9999.000,9999.000,9999.000
202607311500,  -0.726,  -0.918,   0.100,  -0.292,  -0.918,   0.100,  -0.918,   0.100,  -0.918
202607311506,  -0.788,  -1.000,9999.000,9999.000,9999.000,9999.000,9999.000,9999.000,9999.000
202607311512,  -0.838,  -1.049,9999.000,9999.000,9999.000,9999.000,9999.000,9999.000,9999.000
202607311518,  -0.877,  -1.069,9999.000,9999.000,9999.000,9999.000,9999.000,9999.000,9999.000
202607311524,  -0.903,  -1.049,9999.000,9999.000,9999.000,9999.000,9999.000,9999.000,9999.000
202607311530,  -0.919,  -1.049,9999.000,9999.000,9999.000,9999.000,9999.000,9999.000,9999.000
202607311536,  -0.922,  -1.020,9999.000,9999.000,9999.000,9999.000,9999.000,9999.000,9999.000
202607311542,  -0.913,  -0.980,9999.000,9999.000,9999.000,9999.000,9999.000,9999.000,9999.000
202607311548,  -0.893,  -0.898,9999.000,9999.000,9999.000,9999.000,9999.000,9999.000,9999.000
202607311554,  -0.861,  -0.819,9999.000,9999.000,9999.000,9999.000,9999.000,9999.000,9999.000
202607311600,  -0.818,  -0.751,   0.100,  -0.033,  -0.751,   0.100,  -0.751,   0.100,  -0.751
202607311606,  -0.763,  -0.649,9999.000,9999.000,9999.000,9999.000,9999.000,9999.000,9999.000
202607311612,  -0.698,  -0.560,9999.000,9999.000,9999.000,9999.000,9999.000,9999.000,9999.000
202607311618,  -0.623,  -0.449,9999.000,9999.000,9999.000,9999.000,9999.000,9999.000,9999.000
202607311624,  -0.537,  -0.360,9999.000,9999.000,9999.000,9999.000,9999.000,9999.000,9999.000
202607311630,  -0.443,  -0.219,9999.000,9999.000,9999.000,9999.000,9999.000,9999.000,9999.000
202607311636,  -0.339,  -0.141,9999.000,9999.000,9999.000,9999.000,9999.000,9999.000,9999.000
202607311642,  -0.226,   0.059,9999.000,9999.000,9999.000,9999.000,9999.000,9999.000,9999.000
202607311648,  -0.106,   0.150,9999.000,9999.000,9999.000,9999.000,9999.000,9999.000,9999.000
202607311654,   0.021,   0.298,9999.000,9999.000,9999.000,9999.000,9999.000,9999.000,9999.000
202607311700,   0.155,   0.429,   0.100,   0.174,   0.429,   0.000,   0.329,   0.100,   0.429
202607311706,   0.296,   0.600,9999.000,9999.000,9999.000,9999.000,9999.000,9999.000,9999.000
202607311712,   0.443,   0.741,9999.000,9999.000,9999.000,9999.000,9999.000,9999.000,9999.000
202607311718,   0.596,   0.888,9999.000,9999.000,9999.000,9999.000,9999.000,9999.000,9999.000
202607311724,   0.753,   1.029,9999.000,9999.000,9999.000,9999.000,9999.000,9999.000,9999.000
202607311730,   0.915,   1.161,9999.000,9999.000,9999.000,9999.000,9999.000,9999.000,9999.000
202607311736,   1.081,   1.328,9999.000,9999.000,9999.000,9999.000,9999.000,9999.000,9999.000
202607311742,   1.251,   1.538,9999.000,9999.000,9999.000,9999.000,9999.000,9999.000,9999.000
202607311748,   1.424,   1.738,9999.000,9999.000,9999.000,9999.000,9999.000,9999.000,9999.000
202607311754,   1.600,   1.928,9999.000,9999.000,9999.000,9999.000,9999.000,9999.000,9999.000
202607311800,   1.779,   2.128,   0.200,   0.149,   2.128,   0.200,   2.128,   0.200,   2.128
202607311806,   1.960,   2.299,9999.000,9999.000,9999.000,9999.000,9999.000,9999.000,9999.000
202607311812,   2.143,   2.469,9999.000,9999.000,9999.000,9999.000,9999.000,9999.000,9999.000
202607311818,   2.327,   2.660,9999.000,9999.000,9999.000,9999.000,9999.000,9999.000,9999.000
202607311824,   2.514,   2.860,9999.000,9999.000,9999.000,9999.000,9999.000,9999.000,9999.000
202607311830,   2.701,   3.040,9999.000,9999.000,9999.000,9999.000,9999.000,9999.000,9999.000
202607311836,   2.889,   3.230,9999.000,9999.000,9999.000,9999.000,9999.000,9999.000,9999.000
202607311842,   3.078,   3.368,9999.000,9999.000,9999.000,9999.000,9999.000,9999.000,9999.000
202607311848,   3.268,   3.548,9999.000,9999.000,9999.000,9999.000,9999.000,9999.000,9999.000
202607311854,   3.458,   3.709,9999.000,9999.000,9999.000,9999.000,9999.000,9999.000,9999.000
202607311900,   3.647,   3.899,   0.200,   0.052,   3.899,   0.200,   3.899,   0.300,   3.999
202607311906,   3.836,   4.070,9999.000,9999.000,9999.000,9999.000,9999.000,9999.000,9999.000
202607311912,   4.025,   4.227,9999.000,9999.000,9999.000,9999.000,9999.000,9999.000,9999.000
202607311918,   4.213,   4.408,9999.000,9999.000,9999.000,9999.000,9999.000,9999.000,9999.000
202607311924,   4.399,   4.588,9999.000,9999.000,9999.000,9999.000,9999.000,9999.000,9999.000
202607311930,   4.584,   4.788,9999.000,9999.000,9999.000,9999.000,9999.000,9999.000,9999.000
202607311936,   4.768,   4.969,9999.000,9999.000,9999.000,9999.000,9999.000,9999.000,9999.000
202607311942,   4.949,   5.129,9999.000,9999.000,9999.000,9999.000,9999.000,9999.000,9999.000
202607311948,   5.128,   5.297,9999.000,9999.000,9999.000,9999.000,9999.000,9999.000,9999.000
202607311954,   5.304,   5.457,9999.000,9999.000,9999.000,9999.000,9999.000,9999.000,9999.000
202607312000,   5.477,   5.667,   0.200,  -0.010,   5.667,   0.200,   5.667,   0.200,   5.667
202607312006,   5.647,   5.848,9999.000,9999.000,9999.000,9999.000,9999.000,9999.000,9999.000
202607312012,   5.813,   6.058,9999.000,9999.000,9999.000,9999.000,9999.000,9999.000,9999.000
202607312018,   5.975,   6.209,9999.000,9999.000,9999.000,9999.000,9999.000,9999.000,9999.000
202607312024,   6.133,   6.336,9999.000,9999.000,9999.000,9999.000,9999.000,9999.000,9999.000
202607312030,   6.286,   6.458,9999.000,9999.000,9999.000,9999.000,9999.000,9999.000,9999.000
202607312036,   6.433,   6.599,9999.000,9999.000,9999.000,9999.000,9999.000,9999.000,9999.000
202607312042,   6.576,   6.727,9999.000,9999.000,9999.000,9999.000,9999.000,9999.000,9999.000
202607312048,   6.712,   6.868,9999.000,9999.000,9999.000,9999.000,9999.000,9999.000,9999.000
202607312054,   6.842,   6.979,9999.000,9999.000,9999.000,9999.000,9999.000,9999.000,9999.000
202607312100,   6.966,   7.088,   0.200,  -0.078,   7.088,   0.200,   7.088,   0.300,   7.188
202607312106,   7.082,   7.189,9999.000,9999.000,9999.000,9999.000,9999.000,9999.000,9999.000
202607312112,   7.191,   7.288,9999.000,9999.000,9999.000,9999.000,9999.000,9999.000,9999.000
202607312118,   7.293,   7.399,9999.000,9999.000,9999.000,9999.000,9999.000,9999.000,9999.000
202607312124,   7.386,   7.517,9999.000,9999.000,9999.000,9999.000,9999.000,9999.000,9999.000
202607312130,   7.471,   7.619,9999.000,9999.000,9999.000,9999.000,9999.000,9999.000,9999.000
202607312136,   7.547,   7.707,9999.000,9999.000,9999.000,9999.000,9999.000,9999.000,9999.000
202607312142,   7.613,   7.776,9999.000,9999.000,9999.000,9999.000,9999.000,9999.000,9999.000
202607312148,   7.671,   7.878,9999.000,9999.000,9999.000,9999.000,9999.000,9999.000,9999.000
202607312154,   7.718,   7.937,9999.000,9999.000,9999.000,9999.000,9999.000,9999.000,9999.000
202607312200,   7.755,   7.996,   0.300,  -0.059,   7.996,   0.200,   7.896,   0.300,   7.996
202607312206,   7.782,   8.029,9999.000,9999.000,9999.000,9999.000,9999.000,9999.000,9999.000
202607312212,   7.798,   8.088,9999.000,9999.000,9999.000,9999.000,9999.000,9999.000,9999.000
202607312218,   7.804,   8.088,9999.000,9999.000,9999.000,9999.000,9999.000,9999.000,9999.000
202607312224,   7.799,   8.078,9999.000,9999.000,9999.000,9999.000,9999.000,9999.000,9999.000
202607312230,   7.783,   8.078,9999.000,9999.000,9999.000,9999.000,9999.000,9999.000,9999.000
202607312236,   7.756,   8.068,9999.000,9999.000,9999.000,9999.000,9999.000,9999.000,9999.000
202607312242,   7.719,   8.016,9999.000,9999.000,9999.000,9999.000,9999.000,9999.000,9999.000
202607312248,   7.671,   7.947,9999.000,9999.000,9999.000,9999.000,9999.000,9999.000,9999.000
202607312254,   7.612,   7.888,9999.000,9999.000,9999.000,9999.000,9999.000,9999.000,9999.000
202607312300,   7.544,   7.839,   0.300,  -0.005,   7.839,   0.300,   7.839,   0.300,   7.839
202607312306,   7.466,   7.737,9999.000,9999.000,9999.000,9999.000,9999.000,9999.000,9999.000
202607312312,   7.378,   7.648,9999.000,9999.000,9999.000,9999.000,9999.000,9999.000,9999.000
202607312318,   7.282,   7.537,9999.000,9999.000,9999.000,9999.000,9999.000,9999.000,9999.000
202607312324,   7.177,   6.533,9999.000,9999.000,9999.000,9999.000,9999.000,9999.000,9999.000
202607312330,   7.065,9999.000,9999.000,9999.000,9999.000,9999.000,9999.000,9999.000,9999.000
202607312336,   6.945,9999.000,9999.000,9999.000,9999.000,9999.000,9999.000,9999.000,9999.000
202607312342,   6.818,9999.000,9999.000,9999.000,9999.000,9999.000,9999.000,9999.000,9999.000
202607312348,   6.686,9999.000,9999.000,9999.000,9999.000,9999.000,9999.000,9999.000,9999.000
202607312354,   6.548,   6.668,9999.000,9999.000,9999.000,9999.000,9999.000,9999.000,9999.000
202608010000,   6.406,   6.537,   0.400,  -0.269,   6.537,   0.400,   6.537,   0.400,   6.537
202608010006,   6.259,   6.359,9999.000,9999.000,9999.000,9999.000,9999.000,9999.000,9999.000
202608010012,   6.109,   6.179,9999.000,9999.000,9999.000,9999.000,9999.000,9999.000,9999.000
202608010018,   5.957,   5.999,9999.000,9999.000,9999.000,9999.000,9999.000,9999.000,9999.000
202608010024,   5.802,   5.818,9999.000,9999.000,9999.000,9999.000,9999.000,9999.000,9999.000
202608010030,   5.646,   5.697,9999.000,9999.000,9999.000,9999.000,9999.000,9999.000,9999.000
202608010036,   5.489,   5.569,9999.000,9999.000,9999.000,9999.000,9999.000,9999.000,9999.000
202608010042,   5.332,   5.418,9999.000,9999.000,9999.000,9999.000,9999.000,9999.000,9999.000
202608010048,   5.175,   5.218,9999.000,9999.000,9999.000,9999.000,9999.000,9999.000,9999.000
202608010054,   5.018,   5.087,9999.000,9999.000,9999.000,9999.000,9999.000,9999.000,9999.000
202608010100,   4.862,   4.959,   0.300,  -0.203,   4.959,   0.300,   4.959,   0.400,   5.059
202608010106,   4.708,   4.808,9999.000,9999.000,9999.000,9999.000,9999.000,9999.000,9999.000
202608010112,   4.555,   4.647,9999.000,9999.000,9999.000,9999.000,9999.000,9999.000,9999.000
202608010118,   4.405,   4.480,9999.000,9999.000,9999.000,9999.000,9999.000,9999.000,9999.000
202608010124,   4.256,   4.329,9999.000,9999.000,9999.000,9999.000,9999.000,9999.000,9999.000
202608010130,   4.111,   4.159,9999.000,9999.000,9999.000,9999.000,9999.000,9999.000,9999.000
202608010136,   3.968,   4.037,9999.000,9999.000,9999.000,9999.000,9999.000,9999.000,9999.000
202608010142,   3.828,   3.890,9999.000,9999.000,9999.000,9999.000,9999.000,9999.000,9999.000
202608010148,   3.692,   3.768,9999.000,9999.000,9999.000,9999.000,9999.000,9999.000,9999.000
202608010154,   3.560,   3.627,9999.000,9999.000,9999.000,9999.000,9999.000,9999.000,9999.000
202608010200,   3.431,   3.529,   0.300,  -0.202,   3.529,   0.300,   3.529,   0.300,   3.529
202608010206,   3.307,   3.427,9999.000,9999.000,9999.000,9999.000,9999.000,9999.000,9999.000
202608010212,   3.187,   3.289,9999.000,9999.000,9999.000,9999.000,9999.000,9999.000,9999.000
202608010218,   3.072,   3.207,9999.000,9999.000,9999.000,9999.000,9999.000,9999.000,9999.000
202608010224,   2.963,   3.099,9999.000,9999.000,9999.000,9999.000,9999.000,9999.000,9999.000
202608010230,   2.859,   2.997,9999.000,9999.000,9999.000,9999.000,9999.000,9999.000,9999.000
202608010236,   2.760,   2.919,9999.000,9999.000,9999.000,9999.000,9999.000,9999.000,9999.000
202608010242,   2.669,   2.850,9999.000,9999.000,9999.000,9999.000,9999.000,9999.000,9999.000
202608010248,   2.584,   2.768,9999.000,9999.000,9999.000,9999.000,9999.000,9999.000,9999.000
202608010254,   2.506,   2.640,9999.000,9999.000,9999.000,9999.000,9999.000,9999.000,9999.000
202608010300,   2.435,   2.587,   0.400,  -0.248,   2.587,   0.300,   2.487,   0.400,   2.587
202608010306,   2.373,   2.538,9999.000,9999.000,9999.000,9999.000,9999.000,9999.000,9999.000
202608010312,   2.318,   2.519,9999.000,9999.000,9999.000,9999.000,9999.000,9999.000,9999.000
202608010318,   2.273,   2.499,9999.000,9999.000,9999.000,9999.000,9999.000,9999.000,9999.000
202608010324,   2.236,   2.440,9999.000,9999.000,9999.000,9999.000,9999.000,9999.000,9999.000
202608010330,   2.209,   2.410,9999.000,9999.000,9999.000,9999.000,9999.000,9999.000,9999.000
202608010336,   2.191,   2.400,9999.000,9999.000,9999.000,9999.000,9999.000,9999.000,9999.000
202608010342,   2.183,   2.410,9999.000,9999.000,9999.000,9999.000,9999.000,9999.000,9999.000
202608010348,   2.184,   2.440,9999.000,9999.000,9999.000,9999.000,9999.000,9999.000,9999.000
202608010354,   2.195,   2.450,9999.000,9999.000,9999.000,9999.000,9999.000,9999.000,9999.000
202608010400,   2.217,   2.450,   0.400,  -0.167,   2.450,   0.400,   2.450,   0.400,   2.450
202608010406,   2.248,   2.479,9999.000,9999.000,9999.000,9999.000,9999.000,9999.000,9999.000
202608010412,   2.289,   2.519,9999.000,9999.000,9999.000,9999.000,9999.000,9999.000,9999.000
202608010418,   2.339,   2.578,9999.000,9999.000,9999.000,9999.000,9999.000,9999.000,9999.000
202608010424,   2.399,   2.669,9999.000,9999.000,9999.000,9999.000,9999.000,9999.000,9999.000
202608010430,   2.468,   2.738,9999.000,9999.000,9999.000,9999.000,9999.000,9999.000,9999.000
202608010436,   2.545,   2.807,9999.000,9999.000,9999.000,9999.000,9999.000,9999.000,9999.000
202608010442,   2.631,   2.889,9999.000,9999.000,9999.000,9999.000,9999.000,9999.000,9999.000
202608010448,   2.725,   2.968,9999.000,9999.000,9999.000,9999.000,9999.000,9999.000,9999.000
202608010454,   2.826,   3.050,9999.000,9999.000,9999.000,9999.000,9999.000,9999.000,9999.000
202608010500,   2.934,   3.188,   0.300,  -0.046,   3.188,   0.300,   3.188,   0.400,   3.288
202608010506,   3.049,   3.329,9999.000,9999.000,9999.000,9999.000,9999.000,9999.000,9999.000
202608010512,   3.170,   3.489,9999.000,9999.000,9999.000,9999.000,9999.000,9999.000,9999.000
202608010518,   3.295,   3.598,9999.000,9999.000,9999.000,9999.000,9999.000,9999.000,9999.000
202608010524,   3.426,   3.709,9999.000,9999.000,9999.000,9999.000,9999.000,9999.000,9999.000
202608010530,   3.561,   3.847,9999.000,9999.000,9999.000,9999.000,9999.000,9999.000,9999.000
202608010536,   3.700,   4.008,9999.000,9999.000,9999.000,9999.000,9999.000,9999.000,9999.000
202608010542,   3.842,   4.149,9999.000,9999.000,9999.000,9999.000,9999.000,9999.000,9999.000
202608010548,   3.987,   4.280,9999.000,9999.000,9999.000,9999.000,9999.000,9999.000,9999.000
202608010554,   4.135,   4.388,9999.000,9999.000,9999.000,9999.000,9999.000,9999.000,9999.000
202608010600,   4.284,   4.529,   0.300,  -0.055,   4.529,   0.300,   4.529,   0.300,   4.529
202608010606,   4.435,   4.710,9999.000,9999.000,9999.000,9999.000,9999.000,9999.000,9999.000
202608010612,   4.588,   4.857,9999.000,9999.000,9999.000,9999.000,9999.000,9999.000,9999.000
202608010618,   4.741,   4.988,9999.000,9999.000,9999.000,9999.000,9999.000,9999.000,9999.000
202608010624,   4.894,   5.129,9999.000,9999.000,9999.000,9999.000,9999.000,9999.000,9999.000
202608010630,   5.048,   5.287,9999.000,9999.000,9999.000,9999.000,9999.000,9999.000,9999.000
202608010636,   5.201,   5.398,9999.000,9999.000,9999.000,9999.000,9999.000,9999.000,9999.000
202608010642,   5.354,   5.549,9999.000,9999.000,9999.000,9999.000,9999.000,9999.000,9999.000
202608010648,   5.507,   5.707,9999.000,9999.000,9999.000,9999.000,9999.000,9999.000,9999.000
202608010654,   5.658,   5.877,9999.000,9999.000,9999.000,9999.000,9999.000,9999.000,9999.000
202608010700,   5.808,   6.048,   0.300,  -0.060,   6.048,   0.200,   5.948,   0.300,   6.048
202608010706,   5.957,   6.169,9999.000,9999.000,9999.000,9999.000,9999.000,9999.000,9999.000
202608010712,   6.104,   6.307,9999.000,9999.000,9999.000,9999.000,9999.000,9999.000,9999.000
202608010718,   6.249,   6.448,9999.000,9999.000,9999.000,9999.000,9999.000,9999.000,9999.000
202608010724,   6.391,   6.638,9999.000,9999.000,9999.000,9999.000,9999.000,9999.000,9999.000
202608010730,   6.531,   6.779,9999.000,9999.000,9999.000,9999.000,9999.000,9999.000,9999.000
202608010736,   6.668,   6.927,9999.000,9999.000,9999.000,9999.000,9999.000,9999.000,9999.000
202608010742,   6.803,   7.038,9999.000,9999.000,9999.000,9999.000,9999.000,9999.000,9999.000
202608010748,   6.933,   7.166,9999.000,9999.000,9999.000,9999.000,9999.000,9999.000,9999.000
202608010754,   7.061,   7.278,9999.000,9999.000,9999.000,9999.000,9999.000,9999.000,9999.000
202608010800,   7.184,   7.419,   0.300,  -0.065,   7.419,   0.200,   7.319,   0.300,   7.419
202608010806,   7.303,   7.517,9999.000,9999.000,9999.000,9999.000,9999.000,9999.000,9999.000
202608010812,   7.417,   7.648,9999.000,9999.000,9999.000,9999.000,9999.000,9999.000,9999.000
202608010818,   7.527,   7.776,9999.000,9999.000,9999.000,9999.000,9999.000,9999.000,9999.000
202608010824,   7.631,   7.898,9999.000,9999.000,9999.000,9999.000,9999.000,9999.000,9999.000
202608010830,   7.730,   8.006,9999.000,9999.000,9999.000,9999.000,9999.000,9999.000,9999.000
202608010836,   7.824,   8.108,9999.000,9999.000,9999.000,9999.000,9999.000,9999.000,9999.000
202608010842,   7.911,   8.206,9999.000,9999.000,9999.000,9999.000,9999.000,9999.000,9999.000
202608010848,   7.992,   8.308,9999.000,9999.000,9999.000,9999.000,9999.000,9999.000,9999.000
202608010854,   8.066,   8.347,9999.000,9999.000,9999.000,9999.000,9999.000,9999.000,9999.000
202608010900,   8.133,   8.459,   0.300,   0.026,   8.459,   0.200,   8.359,   0.300,   8.459
202608010906,   8.194,   8.547,9999.000,9999.000,9999.000,9999.000,9999.000,9999.000,9999.000
202608010912,   8.246,   8.587,9999.000,9999.000,9999.000,9999.000,9999.000,9999.000,9999.000
202608010918,   8.291,   8.669,9999.000,9999.000,9999.000,9999.000,9999.000,9999.000,9999.000
202608010924,   8.327,   8.698,9999.000,9999.000,9999.000,9999.000,9999.000,9999.000,9999.000
202608010930,   8.355,   8.737,9999.000,9999.000,9999.000,9999.000,9999.000,9999.000,9999.000
202608010936,   8.374,   8.737,9999.000,9999.000,9999.000,9999.000,9999.000,9999.000,9999.000
202608010942,   8.385,   8.767,9999.000,9999.000,9999.000,9999.000,9999.000,9999.000,9999.000
202608010948,   8.385,   8.767,9999.000,9999.000,9999.000,9999.000,9999.000,9999.000,9999.000
202608010954,   8.377,   8.777,9999.000,9999.000,9999.000,9999.000,9999.000,9999.000,9999.000
202608011000,   8.358,   8.737,   0.300,   0.079,   8.737,   0.300,   8.737,   0.300,   8.737
202608011006,   8.329,   8.659,9999.000,9999.000,9999.000,9999.000,9999.000,9999.000,9999.000
202608011012,   8.290,   8.606,9999.000,9999.000,9999.000,9999.000,9999.000,9999.000,9999.000
202608011018,   8.241,   8.537,9999.000,9999.000,9999.000,9999.000,9999.000,9999.000,9999.000
202608011024,   8.181,   8.488,9999.000,9999.000,9999.000,9999.000,9999.000,9999.000,9999.000
202608011030,   8.110,   8.406,9999.000,9999.000,9999.000,9999.000,9999.000,9999.000,9999.000
202608011036,   8.028,   8.298,9999.000,9999.000,9999.000,9999.000,9999.000,9999.000,9999.000
202608011042,   7.936,   8.206,9999.000,9999.000,9999.000,9999.000,9999.000,9999.000,9999.000
202608011048,   7.833,   8.078,9999.000,9999.000,9999.000,9999.000,9999.000,9999.000,9999.000
202608011054,   7.719,   7.947,9999.000,9999.000,9999.000,9999.000,9999.000,9999.000,9999.000
202608011100,   7.594,   7.796,   0.300,  -0.098,   7.796,   0.300,   7.796,   0.300,   7.796
202608011106,   7.459,   7.639,9999.000,9999.000,9999.000,9999.000,9999.000,9999.000,9999.000
202608011112,   7.314,   7.439,9999.000,9999.000,9999.000,9999.000,9999.000,9999.000,9999.000
202608011118,   7.159,   7.258,9999.000,9999.000,9999.000,9999.000,9999.000,9999.000,9999.000
202608011124,   6.995,   5.966,9999.000,9999.000,9999.000,9999.000,9999.000,9999.000,9999.000
202608011130,   6.821,9999.000,9999.000,9999.000,9999.000,9999.000,9999.000,9999.000,9999.000
202608011136,   6.639,9999.000,9999.000,9999.000,9999.000,9999.000,9999.000,9999.000,9999.000
202608011142,   6.450,   6.517,9999.000,9999.000,9999.000,9999.000,9999.000,9999.000,9999.000
202608011148,   6.253,   6.336,9999.000,9999.000,9999.000,9999.000,9999.000,9999.000,9999.000
202608011154,   6.049,   6.149,9999.000,9999.000,9999.000,9999.000,9999.000,9999.000,9999.000
202608011200,   5.839,   5.969,   0.200,  -0.070,   5.969,   0.200,   5.969,   0.200,   5.969
202608011206,   5.625,   5.749,9999.000,9999.000,9999.000,9999.000,9999.000,9999.000,9999.000
202608011212,   5.405,   5.539,9999.000,9999.000,9999.000,9999.000,9999.000,9999.000,9999.000
202608011218,   5.182,   5.349,9999.000,9999.000,9999.000,9999.000,9999.000,9999.000,9999.000
202608011224,   4.956,   5.129,9999.000,9999.000,9999.000,9999.000,9999.000,9999.000,9999.000
202608011230,   4.728,   4.919,9999.000,9999.000,9999.000,9999.000,9999.000,9999.000,9999.000
202608011236,   4.499,   4.739,9999.000,9999.000,9999.000,9999.000,9999.000,9999.000,9999.000
202608011242,   4.269,   4.559,9999.000,9999.000,9999.000,9999.000,9999.000,9999.000,9999.000
202608011248,   4.038,   4.368,9999.000,9999.000,9999.000,9999.000,9999.000,9999.000,9999.000
202608011254,   3.809,   4.149,9999.000,9999.000,9999.000,9999.000,9999.000,9999.000,9999.000
202608011300,   3.581,   4.149,   0.200,   0.368,   4.149,   0.200,   4.149,   0.200,   4.149
202608011306,   3.355,   3.709,9999.000,9999.000,9999.000,9999.000,9999.000,9999.000,9999.000
202608011312,   3.131,   3.509,9999.000,9999.000,9999.000,9999.000,9999.000,9999.000,9999.000
202608011318,   2.911,   3.348,9999.000,9999.000,9999.000,9999.000,9999.000,9999.000,9999.000
202608011324,   2.693,   3.129,9999.000,9999.000,9999.000,9999.000,9999.000,9999.000,9999.000
202608011330,   2.480,   2.929,9999.000,9999.000,9999.000,9999.000,9999.000,9999.000,9999.000
202608011336,   2.271,   2.689,9999.000,9999.000,9999.000,9999.000,9999.000,9999.000,9999.000
202608011342,   2.067,   2.509,9999.000,9999.000,9999.000,9999.000,9999.000,9999.000,9999.000
202608011348,   1.868,   2.309,9999.000,9999.000,9999.000,9999.000,9999.000,9999.000,9999.000
202608011354,   1.674,   2.089,9999.000,9999.000,9999.000,9999.000,9999.000,9999.000,9999.000
202608011400,   1.486,   1.889,   0.200,   0.203,   1.889,   0.200,   1.889,   0.200,   1.889
202608011406,   1.304,   1.728,9999.000,9999.000,9999.000,9999.000,9999.000,9999.000,9999.000
202608011412,   1.128,   1.528,9999.000,9999.000,9999.000,9999.000,9999.000,9999.000,9999.000
202608011418,   0.958,   1.361,9999.000,9999.000,9999.000,9999.000,9999.000,9999.000,9999.000
202608011424,   0.795,   1.180,9999.000,9999.000,9999.000,9999.000,9999.000,9999.000,9999.000
202608011430,   0.639,   0.980,9999.000,9999.000,9999.000,9999.000,9999.000,9999.000,9999.000
202608011436,   0.490,   0.780,9999.000,9999.000,9999.000,9999.000,9999.000,9999.000,9999.000
202608011442,   0.348,   0.619,9999.000,9999.000,9999.000,9999.000,9999.000,9999.000,9999.000
202608011448,   0.214,   0.478,9999.000,9999.000,9999.000,9999.000,9999.000,9999.000,9999.000
202608011454,   0.089,   0.341,9999.000,9999.000,9999.000,9999.000,9999.000,9999.000,9999.000
202608011500,  -0.028,   0.209,   0.200,   0.037,   0.209,   0.200,   0.209,   0.200,   0.209
202608011506,  -0.136,   0.049,9999.000,9999.000,9999.000,9999.000,9999.000,9999.000,9999.000
202608011512,  -0.236,  -0.088,9999.000,9999.000,9999.000,9999.000,9999.000,9999.000,9999.000
202608011518,  -0.326,  -0.229,9999.000,9999.000,9999.000,9999.000,9999.000,9999.000,9999.000
202608011524,  -0.406,  -0.331,9999.000,9999.000,9999.000,9999.000,9999.000,9999.000,9999.000
202608011530,  -0.477,  -0.429,9999.000,9999.000,9999.000,9999.000,9999.000,9999.000,9999.000
202608011536,  -0.537,  -0.498,9999.000,9999.000,9999.000,9999.000,9999.000,9999.000,9999.000
202608011542,  -0.586,  -0.551,9999.000,9999.000,9999.000,9999.000,9999.000,9999.000,9999.000
202608011548,  -0.625,  -0.590,9999.000,9999.000,9999.000,9999.000,9999.000,9999.000,9999.000
202608011554,  -0.653,  -0.619,9999.000,9999.000,9999.000,9999.000,9999.000,9999.000,9999.000
202608011600,  -0.669,  -0.669,   0.200,  -0.200,  -0.669,   0.200,  -0.669,   0.200,  -0.669
202608011606,  -0.674,  -0.639,9999.000,9999.000,9999.000,9999.000,9999.000,9999.000,9999.000
202608011612,  -0.667,  -0.610,9999.000,9999.000,9999.000,9999.000,9999.000,9999.000,9999.000
202608011618,  -0.649,  -0.551,9999.000,9999.000,9999.000,9999.000,9999.000,9999.000,9999.000
202608011624,  -0.620,  -0.488,9999.000,9999.000,9999.000,9999.000,9999.000,9999.000,9999.000
202608011630,  -0.579,  -0.409,9999.000,9999.000,9999.000,9999.000,9999.000,9999.000,9999.000
202608011636,  -0.527,  -0.341,9999.000,9999.000,9999.000,9999.000,9999.000,9999.000,9999.000
202608011642,  -0.464,  -0.278,9999.000,9999.000,9999.000,9999.000,9999.000,9999.000,9999.000
202608011648,  -0.391,  -0.180,9999.000,9999.000,9999.000,9999.000,9999.000,9999.000,9999.000
202608011654,  -0.307,  -0.059,9999.000,9999.000,9999.000,9999.000,9999.000,9999.000,9999.000
202608011700,  -0.213,   0.049,   0.100,   0.162,   0.049,   0.100,   0.049,   0.200,   0.149
202608011706,  -0.110,   0.180,9999.000,9999.000,9999.000,9999.000,9999.000,9999.000,9999.000
202608011712,   0.001,   0.259,9999.000,9999.000,9999.000,9999.000,9999.000,9999.000,9999.000
202608011718,   0.122,   0.400,9999.000,9999.000,9999.000,9999.000,9999.000,9999.000,9999.000
202608011724,   0.251,   0.531,9999.000,9999.000,9999.000,9999.000,9999.000,9999.000,9999.000
202608011730,   0.387,   0.669,9999.000,9999.000,9999.000,9999.000,9999.000,9999.000,9999.000
202608011736,   0.531,   0.839,9999.000,9999.000,9999.000,9999.000,9999.000,9999.000,9999.000
202608011742,   0.681,   0.980,9999.000,9999.000,9999.000,9999.000,9999.000,9999.000,9999.000
202608011748,   0.836,   1.138,9999.000,9999.000,9999.000,9999.000,9999.000,9999.000,9999.000
202608011754,   0.997,   1.289,9999.000,9999.000,9999.000,9999.000,9999.000,9999.000,9999.000
202608011800,   1.163,   1.469,   0.200,   0.106,   1.469,   0.200,   1.469,   0.200,   1.469
202608011806,   1.333,   1.630,9999.000,9999.000,9999.000,9999.000,9999.000,9999.000,9999.000
202608011812,   1.507,   1.781,9999.000,9999.000,9999.000,9999.000,9999.000,9999.000,9999.000
202608011818,   1.684,   1.958,9999.000,9999.000,9999.000,9999.000,9999.000,9999.000,9999.000
202608011824,   1.865,   2.148,9999.000,9999.000,9999.000,9999.000,9999.000,9999.000,9999.000
202608011830,   2.047,   2.318,9999.000,9999.000,9999.000,9999.000,9999.000,9999.000,9999.000
202608011836,   2.232,   2.489,9999.000,9999.000,9999.000,9999.000,9999.000,9999.000,9999.000
202608011842,   2.418,   2.660,9999.000,9999.000,9999.000,9999.000,9999.000,9999.000,9999.000
202608011848,   2.606,   2.820,9999.000,9999.000,9999.000,9999.000,9999.000,9999.000,9999.000
202608011854,   2.795,   2.988,9999.000,9999.000,9999.000,9999.000,9999.000,9999.000,9999.000
202608011900,   2.985,   3.178,   0.200,  -0.007,   3.178,   0.200,   3.178,   0.200,   3.178
202608011906,   3.175,   3.358,9999.000,9999.000,9999.000,9999.000,9999.000,9999.000,9999.000
202608011912,   3.366,   3.529,9999.000,9999.000,9999.000,9999.000,9999.000,9999.000,9999.000
202608011918,   3.556,   3.689,9999.000,9999.000,9999.000,9999.000,9999.000,9999.000,9999.000
202608011924,   3.746,   3.870,9999.000,9999.000,9999.000,9999.000,9999.000,9999.000,9999.000
202608011930,   3.935,   4.047,9999.000,9999.000,9999.000,9999.000,9999.000,9999.000,9999.000
202608011936,   4.124,   4.227,9999.000,9999.000,9999.000,9999.000,9999.000,9999.000,9999.000
202608011942,   4.312,   4.388,9999.000,9999.000,9999.000,9999.000,9999.000,9999.000,9999.000
202608011948,   4.498,   4.588,9999.000,9999.000,9999.000,9999.000,9999.000,9999.000,9999.000
202608011954,   4.682,   4.778,9999.000,9999.000,9999.000,9999.000,9999.000,9999.000,9999.000
202608012000,   4.865,   4.969,   0.100,   0.004,   4.969,   0.100,   4.969,   0.200,   5.069
202608012006,   5.045,   5.139,9999.000,9999.000,9999.000,9999.000,9999.000,9999.000,9999.000
202608012012,   5.223,   5.287,9999.000,9999.000,9999.000,9999.000,9999.000,9999.000,9999.000
202608012018,   5.399,   5.428,9999.000,9999.000,9999.000,9999.000,9999.000,9999.000,9999.000
202608012024,   5.571,   5.598,9999.000,9999.000,9999.000,9999.000,9999.000,9999.000,9999.000
202608012030,   5.740,   5.759,9999.000,9999.000,9999.000,9999.000,9999.000,9999.000,9999.000
202608012036,   5.905,   5.926,9999.000,9999.000,9999.000,9999.000,9999.000,9999.000,9999.000
202608012042,   6.066,   6.127,9999.000,9999.000,9999.000,9999.000,9999.000,9999.000,9999.000
202608012048,   6.223,   6.287,9999.000,9999.000,9999.000,9999.000,9999.000,9999.000,9999.000
202608012054,   6.376,   6.438,9999.000,9999.000,9999.000,9999.000,9999.000,9999.000,9999.000
202608012100,   6.524,   6.569,   0.100,  -0.055,   6.569,   0.100,   6.569,   0.200,   6.669
202608012106,   6.666,   6.697,9999.000,9999.000,9999.000,9999.000,9999.000,9999.000,9999.000
202608012112,   6.803,   6.838,9999.000,9999.000,9999.000,9999.000,9999.000,9999.000,9999.000
202608012118,   6.934,   6.979,9999.000,9999.000,9999.000,9999.000,9999.000,9999.000,9999.000
202608012124,   7.059,   7.137,9999.000,9999.000,9999.000,9999.000,9999.000,9999.000,9999.000
202608012130,   7.177,   7.238,9999.000,9999.000,9999.000,9999.000,9999.000,9999.000,9999.000
202608012136,   7.288,   7.307,9999.000,9999.000,9999.000,9999.000,9999.000,9999.000,9999.000
202608012142,   7.393,   7.419,9999.000,9999.000,9999.000,9999.000,9999.000,9999.000,9999.000
202608012148,   7.490,   7.527,9999.000,9999.000,9999.000,9999.000,9999.000,9999.000,9999.000
202608012154,   7.579,   7.629,9999.000,9999.000,9999.000,9999.000,9999.000,9999.000,9999.000
202608012200,   7.660,   7.727,   0.200,  -0.133,   7.727,   0.100,   7.627,   0.200,   7.727
202608012206,   7.733,   7.796,9999.000,9999.000,9999.000,9999.000,9999.000,9999.000,9999.000
202608012212,   7.797,   7.868,9999.000,9999.000,9999.000,9999.000,9999.000,9999.000,9999.000
202608012218,   7.852,   7.947,9999.000,9999.000,9999.000,9999.000,9999.000,9999.000,9999.000
202608012224,   7.897,   8.006,9999.000,9999.000,9999.000,9999.000,9999.000,9999.000,9999.000
202608012230,   7.933,   8.068,9999.000,9999.000,9999.000,9999.000,9999.000,9999.000,9999.000
202608012236,   7.960,   8.117,9999.000,9999.000,9999.000,9999.000,9999.000,9999.000,9999.000
202608012242,   7.976,   8.147,9999.000,9999.000,9999.000,9999.000,9999.000,9999.000,9999.000
202608012248,   7.982,   8.117,9999.000,9999.000,9999.000,9999.000,9999.000,9999.000,9999.000
202608012254,   7.978,   8.108,9999.000,9999.000,9999.000,9999.000,9999.000,9999.000,9999.000
202608012300,   7.963,   8.088,   0.200,  -0.075,   8.088,   0.100,   7.988,   0.200,   8.088
202608012306,   7.937,   8.068,9999.000,9999.000,9999.000,9999.000,9999.000,9999.000,9999.000
202608012312,   7.901,   8.029,9999.000,9999.000,9999.000,9999.000,9999.000,9999.000,9999.000
202608012318,   7.854,   7.967,9999.000,9999.000,9999.000,9999.000,9999.000,9999.000,9999.000
202608012324,   7.797,   7.878,9999.000,9999.000,9999.000,9999.000,9999.000,9999.000,9999.000
202608012330,   7.729,   7.767,9999.000,9999.000,9999.000,9999.000,9999.000,9999.000,9999.000
202608012336,   7.651,   7.658,9999.000,9999.000,9999.000,9999.000,9999.000,9999.000,9999.000
202608012342,   7.563,   7.576,9999.000,9999.000,9999.000,9999.000,9999.000,9999.000,9999.000
202608012348,   7.465,   7.488,9999.000,9999.000,9999.000,9999.000,9999.000,9999.000,9999.000
202608012354,   7.358,   7.357,9999.000,9999.000,9999.000,9999.000,9999.000,9999.000,9999.000
202608020000,   7.242,   7.219,   0.200,  -0.223,   7.219,   0.200,   7.219,   0.200,   7.219
202608020006,   7.118,   7.088,9999.000,9999.000,9999.000,9999.000,9999.000,9999.000,9999.000
202608020012,   6.986,   6.947,9999.000,9999.000,9999.000,9999.000,9999.000,9999.000,9999.000
202608020018,   6.847,   6.779,9999.000,9999.000,9999.000,9999.000,9999.000,9999.000,9999.000
202608020024,   6.702,   6.599,9999.000,9999.000,9999.000,9999.000,9999.000,9999.000,9999.000
202608020030,   6.550,   6.418,9999.000,9999.000,9999.000,9999.000,9999.000,9999.000,9999.000
202608020036,   6.393,   6.268,9999.000,9999.000,9999.000,9999.000,9999.000,9999.000,9999.000
202608020042,   6.232,   6.117,9999.000,9999.000,9999.000,9999.000,9999.000,9999.000,9999.000
202608020048,   6.067,   5.949,9999.000,9999.000,9999.000,9999.000,9999.000,9999.000,9999.000
202608020054,   5.899,   5.769,9999.000,9999.000,9999.000,9999.000,9999.000,9999.000,9999.000
202608020100,   5.729,   5.589,   0.100,  -0.240,   5.589,   0.100,   5.589,   0.200,   5.689
202608020106,   5.557,   5.418,9999.000,9999.000,9999.000,9999.000,9999.000,9999.000,9999.000
202608020112,   5.384,   5.238,9999.000,9999.000,9999.000,9999.000,9999.000,9999.000,9999.000
202608020118,   5.210,   5.077,9999.000,9999.000,9999.000,9999.000,9999.000,9999.000,9999.000
202608020124,   5.037,   4.949,9999.000,9999.000,9999.000,9999.000,9999.000,9999.000,9999.000
202608020130,   4.865,   4.798,9999.000,9999.000,9999.000,9999.000,9999.000,9999.000,9999.000
202608020136,   4.694,   4.647,9999.000,9999.000,9999.000,9999.000,9999.000,9999.000,9999.000
202608020142,   4.525,   4.500,9999.000,9999.000,9999.000,9999.000,9999.000,9999.000,9999.000
202608020148,   4.359,   4.339,9999.000,9999.000,9999.000,9999.000,9999.000,9999.000,9999.000
202608020154,   4.195,   4.159,9999.000,9999.000,9999.000,9999.000,9999.000,9999.000,9999.000
202608020200,   4.034,   3.988,   0.100,  -0.146,   3.988,   0.100,   3.988,   0.200,   4.088
202608020206,   3.877,   3.847,9999.000,9999.000,9999.000,9999.000,9999.000,9999.000,9999.000
202608020212,   3.724,   3.729,9999.000,9999.000,9999.000,9999.000,9999.000,9999.000,9999.000
202608020218,   3.574,   3.568,9999.000,9999.000,9999.000,9999.000,9999.000,9999.000,9999.000
202608020224,   3.429,   3.427,9999.000,9999.000,9999.000,9999.000,9999.000,9999.000,9999.000
202608020230,   3.288,   3.279,9999.000,9999.000,9999.000,9999.000,9999.000,9999.000,9999.000
202608020236,   3.153,   3.138,9999.000,9999.000,9999.000,9999.000,9999.000,9999.000,9999.000
202608020242,   3.022,   3.007,9999.000,9999.000,9999.000,9999.000,9999.000,9999.000,9999.000
202608020248,   2.896,   2.869,9999.000,9999.000,9999.000,9999.000,9999.000,9999.000,9999.000
202608020254,   2.776,   2.738,9999.000,9999.000,9999.000,9999.000,9999.000,9999.000,9999.000
202608020300,   2.662,   2.640,   0.200,  -0.222,   2.640,   0.100,   2.540,   0.200,   2.640
202608020306,   2.553,   2.548,9999.000,9999.000,9999.000,9999.000,9999.000,9999.000,9999.000
202608020312,   2.451,   2.450,9999.000,9999.000,9999.000,9999.000,9999.000,9999.000,9999.000
202608020318,   2.355,   2.358,9999.000,9999.000,9999.000,9999.000,9999.000,9999.000,9999.000
202608020324,   2.267,   2.250,9999.000,9999.000,9999.000,9999.000,9999.000,9999.000,9999.000
202608020330,   2.185,   2.177,9999.000,9999.000,9999.000,9999.000,9999.000,9999.000,9999.000
202608020336,   2.110,   2.128,9999.000,9999.000,9999.000,9999.000,9999.000,9999.000,9999.000
202608020342,   2.044,   2.089,9999.000,9999.000,9999.000,9999.000,9999.000,9999.000,9999.000
202608020348,   1.985,   2.040,9999.000,9999.000,9999.000,9999.000,9999.000,9999.000,9999.000
202608020354,   1.935,   1.990,9999.000,9999.000,9999.000,9999.000,9999.000,9999.000,9999.000
202608020400,   1.893,   1.981,   0.200,  -0.112,   1.981,   0.200,   1.981,   0.200,   1.981
202608020406,   1.860,   1.948,9999.000,9999.000,9999.000,9999.000,9999.000,9999.000,9999.000
202608020412,   1.837,   1.918,9999.000,9999.000,9999.000,9999.000,9999.000,9999.000,9999.000
202608020418,   1.822,   1.908,9999.000,9999.000,9999.000,9999.000,9999.000,9999.000,9999.000
202608020424,   1.817,   1.899,9999.000,9999.000,9999.000,9999.000,9999.000,9999.000,9999.000
202608020430,   1.822,   1.899,9999.000,9999.000,9999.000,9999.000,9999.000,9999.000,9999.000
202608020436,   1.837,   1.908,9999.000,9999.000,9999.000,9999.000,9999.000,9999.000,9999.000
202608020442,   1.861,   1.938,9999.000,9999.000,9999.000,9999.000,9999.000,9999.000,9999.000
202608020448,   1.895,   1.981,9999.000,9999.000,9999.000,9999.000,9999.000,9999.000,9999.000
202608020454,   1.938,   2.030,9999.000,9999.000,9999.000,9999.000,9999.000,9999.000,9999.000
202608020500,   1.991,   2.059,   0.100,  -0.032,   2.059,   0.100,   2.059,   0.200,   2.159
202608020506,   2.053,   2.099,9999.000,9999.000,9999.000,9999.000,9999.000,9999.000,9999.000
202608020512,   2.124,   2.177,9999.000,9999.000,9999.000,9999.000,9999.000,9999.000,9999.000
202608020518,   2.204,   2.289,9999.000,9999.000,9999.000,9999.000,9999.000,9999.000,9999.000
202608020524,   2.292,   2.400,9999.000,9999.000,9999.000,9999.000,9999.000,9999.000,9999.000
202608020530,   2.388,   2.519,9999.000,9999.000,9999.000,9999.000,9999.000,9999.000,9999.000
202608020536,   2.491,   2.620,9999.000,9999.000,9999.000,9999.000,9999.000,9999.000,9999.000
202608020542,   2.601,   2.728,9999.000,9999.000,9999.000,9999.000,9999.000,9999.000,9999.000
202608020548,   2.718,   2.830,9999.000,9999.000,9999.000,9999.000,9999.000,9999.000,9999.000
202608020554,   2.840,   2.948,9999.000,9999.000,9999.000,9999.000,9999.000,9999.000,9999.000
202608020600,   2.968,   3.070,   0.000,   0.102,   3.070,   0.000,   3.070,   0.000,   3.070
202608020606,   3.101,   3.207,9999.000,9999.000,9999.000,9999.000,9999.000,9999.000,9999.000
202608020612,   3.238,   3.368,9999.000,9999.000,9999.000,9999.000,9999.000,9999.000,9999.000
202608020618,   3.379,   3.529,9999.000,9999.000,9999.000,9999.000,9999.000,9999.000,9999.000
202608020624,   3.523,   3.680,9999.000,9999.000,9999.000,9999.000,9999.000,9999.000,9999.000
202608020630,   3.670,   3.808,9999.000,9999.000,9999.000,9999.000,9999.000,9999.000,9999.000
202608020636,   3.819,   3.939,9999.000,9999.000,9999.000,9999.000,9999.000,9999.000,9999.000
202608020642,   3.970,   4.080,9999.000,9999.000,9999.000,9999.000,9999.000,9999.000,9999.000
202608020648,   4.122,   4.198,9999.000,9999.000,9999.000,9999.000,9999.000,9999.000,9999.000
202608020654,   4.276,   4.359,9999.000,9999.000,9999.000,9999.000,9999.000,9999.000,9999.000
202608020700,   4.430,   4.467,   0.000,   0.037,   4.467,   0.000,   4.467,   0.100,   4.567
202608020706,   4.584,   4.637,9999.000,9999.000,9999.000,9999.000,9999.000,9999.000,9999.000
202608020712,   4.737,   4.749,9999.000,9999.000,9999.000,9999.000,9999.000,9999.000,9999.000
202608020718,   4.891,   4.887,9999.000,9999.000,9999.000,9999.000,9999.000,9999.000,9999.000
202608020724,   5.043,   5.067,9999.000,9999.000,9999.000,9999.000,9999.000,9999.000,9999.000
202608020730,   5.195,   5.218,9999.000,9999.000,9999.000,9999.000,9999.000,9999.000,9999.000
202608020736,   5.345,   5.398,9999.000,9999.000,9999.000,9999.000,9999.000,9999.000,9999.000
202608020742,   5.494,   5.549,9999.000,9999.000,9999.000,9999.000,9999.000,9999.000,9999.000
202608020748,   5.640,   5.687,9999.000,9999.000,9999.000,9999.000,9999.000,9999.000,9999.000
202608020754,   5.785,   5.799,9999.000,9999.000,9999.000,9999.000,9999.000,9999.000,9999.000
202608020800,   5.927,   5.926,   0.000,  -0.001,   5.926,   0.000,   5.926,   0.100,   6.026
202608020806,   6.067,   6.087,9999.000,9999.000,9999.000,9999.000,9999.000,9999.000,9999.000
202608020812,   6.203,   6.218,9999.000,9999.000,9999.000,9999.000,9999.000,9999.000,9999.000
202608020818,   6.337,   6.336,9999.000,9999.000,9999.000,9999.000,9999.000,9999.000,9999.000
202608020824,   6.467,   6.477,9999.000,9999.000,9999.000,9999.000,9999.000,9999.000,9999.000
202608020830,   6.593,   6.628,9999.000,9999.000,9999.000,9999.000,9999.000,9999.000,9999.000
202608020836,   6.715,   6.779,9999.000,9999.000,9999.000,9999.000,9999.000,9999.000,9999.000
202608020842,   6.834,   6.907,9999.000,9999.000,9999.000,9999.000,9999.000,9999.000,9999.000
202608020848,   6.947,   7.038,9999.000,9999.000,9999.000,9999.000,9999.000,9999.000,9999.000
202608020854,   7.056,   7.166,9999.000,9999.000,9999.000,9999.000,9999.000,9999.000,9999.000
202608020900,   7.160,   7.268,   0.000,   0.108,   7.268,   0.000,   7.268,   0.100,   7.368
202608020906,   7.259,   7.357,9999.000,9999.000,9999.000,9999.000,9999.000,9999.000,9999.000
202608020912,   7.352,   7.468,9999.000,9999.000,9999.000,9999.000,9999.000,9999.000,9999.000
202608020918,   7.439,   7.557,9999.000,9999.000,9999.000,9999.000,9999.000,9999.000,9999.000
202608020924,   7.520,   7.648,9999.000,9999.000,9999.000,9999.000,9999.000,9999.000,9999.000
202608020930,   7.595,   7.747,9999.000,9999.000,9999.000,9999.000,9999.000,9999.000,9999.000
202608020936,   7.663,   7.849,9999.000,9999.000,9999.000,9999.000,9999.000,9999.000,9999.000
202608020942,   7.725,   7.908,9999.000,9999.000,9999.000,9999.000,9999.000,9999.000,9999.000
202608020948,   7.779,   7.986,9999.000,9999.000,9999.000,9999.000,9999.000,9999.000,9999.000
202608020954,   7.826,   8.068,9999.000,9999.000,9999.000,9999.000,9999.000,9999.000,9999.000
202608021000,   7.865,   8.108,   0.000,   0.243,   8.108,   0.000,   8.108,   0.100,   8.208
202608021006,   7.897,   8.147,9999.000,9999.000,9999.000,9999.000,9999.000,9999.000,9999.000
202608021012,   7.920,   8.157,9999.000,9999.000,9999.000,9999.000,9999.000,9999.000,9999.000
202608021018,   7.935,   8.186,9999.000,9999.000,9999.000,9999.000,9999.000,9999.000,9999.000
202608021024,   7.942,   8.196,9999.000,9999.000,9999.000,9999.000,9999.000,9999.000,9999.000
202608021030,   7.939,   8.196,9999.000,9999.000,9999.000,9999.000,9999.000,9999.000,9999.000
202608021036,   7.928,   8.186,9999.000,9999.000,9999.000,9999.000,9999.000,9999.000,9999.000
202608021042,   7.908,   8.137,9999.000,9999.000,9999.000,9999.000,9999.000,9999.000,9999.000
202608021048,   7.878,   8.088,9999.000,9999.000,9999.000,9999.000,9999.000,9999.000,9999.000
202608021054,   7.838,   8.068,9999.000,9999.000,9999.000,9999.000,9999.000,9999.000,9999.000
202608021100,   7.789,   8.039,   0.000,   0.250,   8.039,   0.000,   8.039,   0.100,   8.139
202608021106,   7.730,   7.957,9999.000,9999.000,9999.000,9999.000,9999.000,9999.000,9999.000
202608021112,   7.661,   7.849,9999.000,9999.000,9999.000,9999.000,9999.000,9999.000,9999.000
202608021118,   7.582,   7.737,9999.000,9999.000,9999.000,9999.000,9999.000,9999.000,9999.000
202608021124,   7.493,   7.648,9999.000,9999.000,9999.000,9999.000,9999.000,9999.000,9999.000
202608021130,   7.394,   7.527,9999.000,9999.000,9999.000,9999.000,9999.000,9999.000,9999.000
202608021136,   7.285,   7.386,9999.000,9999.000,9999.000,9999.000,9999.000,9999.000,9999.000
202608021142,   7.167,   7.258,9999.000,9999.000,9999.000,9999.000,9999.000,9999.000,9999.000
202608021148,   7.038,   7.097,9999.000,9999.000,9999.000,9999.000,9999.000,9999.000,9999.000
202608021154,   6.900,   6.947,9999.000,9999.000,9999.000,9999.000,9999.000,9999.000,9999.000
202608021200,   6.753,   6.756,   0.000,   0.003,   6.756,   0.000,   6.756,   0.100,   6.856
202608021206,   6.596,9999.000,9999.000,9999.000,9999.000,9999.000,9999.000,9999.000,9999.000
202608021212,   6.432,9999.000,9999.000,9999.000,9999.000,9999.000,9999.000,9999.000,9999.000
202608021218,   6.259,9999.000,9999.000,9999.000,9999.000,9999.000,9999.000,9999.000,9999.000
202608021224,   6.079,9999.000,9999.000,9999.000,9999.000,9999.000,9999.000,9999.000,9999.000
202608021230,   5.892,9999.000,9999.000,9999.000,9999.000,9999.000,9999.000,9999.000,9999.000
202608021236,   5.699,9999.000,9999.000,9999.000,9999.000,9999.000,9999.000,9999.000,9999.000
202608021242,   5.500,9999.000,9999.000,9999.000,9999.000,9999.000,9999.000,9999.000,9999.000
202608021248,   5.296,9999.000,9999.000,9999.000,9999.000,9999.000,9999.000,9999.000,9999.000
202608021254,   5.088,9999.000,9999.000,9999.000,9999.000,9999.000,9999.000,9999.000,9999.000
202608021300,   4.876,9999.000,   0.000,  -0.002,   4.874,   0.000,   4.874,   0.100,   4.974
202608021306,   4.662,9999.000,9999.000,9999.000,9999.000,9999.000,9999.000,9999.000,9999.000
202608021312,   4.446,9999.000,9999.000,9999.000,9999.000,9999.000,9999.000,9999.000,9999.000
202608021318,   4.229,9999.000,9999.000,9999.000,9999.000,9999.000,9999.000,9999.000,9999.000
202608021324,   4.012,9999.000,9999.000,9999.000,9999.000,9999.000,9999.000,9999.000,9999.000
202608021330,   3.795,9999.000,9999.000,9999.000,9999.000,9999.000,9999.000,9999.000,9999.000
202608021336,   3.580,9999.000,9999.000,9999.000,9999.000,9999.000,9999.000,9999.000,9999.000
202608021342,   3.366,9999.000,9999.000,9999.000,9999.000,9999.000,9999.000,9999.000,9999.000
202608021348,   3.155,9999.000,9999.000,9999.000,9999.000,9999.000,9999.000,9999.000,9999.000
202608021354,   2.947,9999.000,9999.000,9999.000,9999.000,9999.000,9999.000,9999.000,9999.000
202608021400,   2.743,9999.000,   0.000,  -0.008,   2.735,   0.000,   2.735,   0.100,   2.835
202608021406,   2.543,9999.000,9999.000,9999.000,9999.000,9999.000,9999.000,9999.000,9999.000
202608021412,   2.347,9999.000,9999.000,9999.000,9999.000,9999.000,9999.000,9999.000,9999.000
202608021418,   2.157,9999.000,9999.000,9999.000,9999.000,9999.000,9999.000,9999.000,9999.000
202608021424,   1.972,9999.000,9999.000,9999.000,9999.000,9999.000,9999.000,9999.000,9999.000
202608021430,   1.794,9999.000,9999.000,9999.000,9999.000,9999.000,9999.000,9999.000,9999.000
202608021436,   1.621,9999.000,9999.000,9999.000,9999.000,9999.000,9999.000,9999.000,9999.000
202608021442,   1.455,9999.000,9999.000,9999.000,9999.000,9999.000,9999.000,9999.000,9999.000
202608021448,   1.295,9999.000,9999.000,9999.000,9999.000,9999.000,9999.000,9999.000,9999.000
202608021454,   1.142,9999.000,9999.000,9999.000,9999.000,9999.000,9999.000,9999.000,9999.000
202608021500,   0.997,9999.000,   0.000,  -0.013,   0.984,   0.000,   0.984,   0.000,   0.984
202608021506,   0.858,9999.000,9999.000,9999.000,9999.000,9999.000,9999.000,9999.000,9999.000
202608021512,   0.727,9999.000,9999.000,9999.000,9999.000,9999.000,9999.000,9999.000,9999.000
202608021518,   0.604,9999.000,9999.000,9999.000,9999.000,9999.000,9999.000,9999.000,9999.000
202608021524,   0.488,9999.000,9999.000,9999.000,9999.000,9999.000,9999.000,9999.000,9999.000
202608021530,   0.381,9999.000,9999.000,9999.000,9999.000,9999.000,9999.000,9999.000,9999.000
202608021536,   0.281,9999.000,9999.000,9999.000,9999.000,9999.000,9999.000,9999.000,9999.000
202608021542,   0.190,9999.000,9999.000,9999.000,9999.000,9999.000,9999.000,9999.000,9999.000
202608021548,   0.108,9999.000,9999.000,9999.000,9999.000,9999.000,9999.000,9999.000,9999.000
202608021554,   0.034,9999.000,9999.000,9999.000,9999.000,9999.000,9999.000,9999.000,9999.000
202608021600,  -0.030,9999.000,   0.000,  -0.018,  -0.048,   0.000,  -0.048,   0.000,  -0.048
202608021606,  -0.085,9999.000,9999.000,9999.000,9999.000,9999.000,9999.000,9999.000,9999.000
202608021612,  -0.131,9999.000,9999.000,9999.000,9999.000,9999.000,9999.000,9999.000,9999.000
202608021618,  -0.167,9999.000,9999.000,9999.000,9999.000,9999.000,9999.000,9999.000,9999.000
202608021624,  -0.193,9999.000,9999.000,9999.000,9999.000,9999.000,9999.000,9999.000,9999.000
202608021630,  -0.210,9999.000,9999.000,9999.000,9999.000,9999.000,9999.000,9999.000,9999.000
202608021636,  -0.215,9999.000,9999.000,9999.000,9999.000,9999.000,9999.000,9999.000,9999.000
202608021642,  -0.211,9999.000,9999.000,9999.000,9999.000,9999.000,9999.000,9999.000,9999.000
202608021648,  -0.196,9999.000,9999.000,9999.000,9999.000,9999.000,9999.000,9999.000,9999.000
202608021654,  -0.170,9999.000,9999.000,9999.000,9999.000,9999.000,9999.000,9999.000,9999.000
202608021700,  -0.134,9999.000,   0.000,  -0.024,  -0.158,   0.000,  -0.158,   0.000,  -0.158
202608021706,  -0.087,9999.000,9999.000,9999.000,9999.000,9999.000,9999.000,9999.000,9999.000
202608021712,  -0.029,9999.000,9999.000,9999.000,9999.000,9999.000,9999.000,9999.000,9999.000
202608021718,   0.037,9999.000,9999.000,9999.000,9999.000,9999.000,9999.000,9999.000,9999.000
202608021724,   0.115,9999.000,9999.000,9999.000,9999.000,9999.000,9999.000,9999.000,9999.000
202608021730,   0.203,9999.000,9999.000,9999.000,9999.000,9999.000,9999.000,9999.000,9999.000
202608021736,   0.301,9999.000,9999.000,9999.000,9999.000,9999.000,9999.000,9999.000,9999.000
202608021742,   0.408,9999.000,9999.000,9999.000,9999.000,9999.000,9999.000,9999.000,9999.000
202608021748,   0.523,9999.000,9999.000,9999.000,9999.000,9999.000,9999.000,9999.000,9999.000
202608021754,   0.647,9999.000,9999.000,9999.000,9999.000,9999.000,9999.000,9999.000,9999.000
202608021800,   0.780,9999.000,   0.000,  -0.029,   0.751,   0.000,   0.751,   0.000,   0.751
202608021806,   0.919,9999.000,9999.000,9999.000,9999.000,9999.000,9999.000,9999.000,9999.000
202608021812,   1.066,9999.000,9999.000,9999.000,9999.000,9999.000,9999.000,9999.000,9999.000
202608021818,   1.219,9999.000,9999.000,9999.000,9999.000,9999.000,9999.000,9999.000,9999.000
202608021824,   1.377,9999.000,9999.000,9999.000,9999.000,9999.000,9999.000,9999.000,9999.000
202608021830,   1.542,9999.000,9999.000,9999.000,9999.000,9999.000,9999.000,9999.000,9999.000
202608021836,   1.710,9999.000,9999.000,9999.000,9999.000,9999.000,9999.000,9999.000,9999.000
202608021842,   1.883,9999.000,9999.000,9999.000,9999.000,9999.000,9999.000,9999.000,9999.000
202608021848,   2.060,9999.000,9999.000,9999.000,9999.000,9999.000,9999.000,9999.000,9999.000
202608021854,   2.240,9999.000,9999.000,9999.000,9999.000,9999.000,9999.000,9999.000,9999.000
202608021900,   2.423,9999.000,   0.000,  -0.034,   2.389,   0.000,   2.389,   0.000,   2.389
202608021906,   2.607,9999.000,9999.000,9999.000,9999.000,9999.000,9999.000,9999.000,9999.000
202608021912,   2.794,9999.000,9999.000,9999.000,9999.000,9999.000,9999.000,9999.000,9999.000
202608021918,   2.981,9999.000,9999.000,9999.000,9999.000,9999.000,9999.000,9999.000,9999.000
202608021924,   3.170,9999.000,9999.000,9999.000,9999.000,9999.000,9999.000,9999.000,9999.000
202608021930,   3.359,9999.000,9999.000,9999.000,9999.000,9999.000,9999.000,9999.000,9999.000
202608021936,   3.548,9999.000,9999.000,9999.000,9999.000,9999.000,9999.000,9999.000,9999.000
202608021942,   3.737,9999.000,9999.000,9999.000,9999.000,9999.000,9999.000,9999.000,9999.000
202608021948,   3.925,9999.000,9999.000,9999.000,9999.000,9999.000,9999.000,9999.000,9999.000
202608021954,   4.113,9999.000,9999.000,9999.000,9999.000,9999.000,9999.000,9999.000,9999.000
202608022000,   4.300,9999.000,   0.000,  -0.040,   4.260,   0.000,   4.260,   0.000,   4.260
202608022006,   4.485,9999.000,9999.000,9999.000,9999.000,9999.000,9999.000,9999.000,9999.000
202608022012,   4.669,9999.000,9999.000,9999.000,9999.000,9999.000,9999.000,9999.000,9999.000
202608022018,   4.851,9999.000,9999.000,9999.000,9999.000,9999.000,9999.000,9999.000,9999.000
202608022024,   5.030,9999.000,9999.000,9999.000,9999.000,9999.000,9999.000,9999.000,9999.000
202608022030,   5.208,9999.000,9999.000,9999.000,9999.000,9999.000,9999.000,9999.000,9999.000
202608022036,   5.382,9999.000,9999.000,9999.000,9999.000,9999.000,9999.000,9999.000,9999.000
202608022042,   5.554,9999.000,9999.000,9999.000,9999.000,9999.000,9999.000,9999.000,9999.000
202608022048,   5.723,9999.000,9999.000,9999.000,9999.000,9999.000,9999.000,9999.000,9999.000
202608022054,   5.888,9999.000,9999.000,9999.000,9999.000,9999.000,9999.000,9999.000,9999.000
202608022100,   6.050,9999.000,   0.000,  -0.045,   6.005,   0.000,   6.005,   0.000,   6.005
202608022106,   6.208,9999.000,9999.000,9999.000,9999.000,9999.000,9999.000,9999.000,9999.000
202608022112,   6.361,9999.000,9999.000,9999.000,9999.000,9999.000,9999.000,9999.000,9999.000
202608022118,   6.510,9999.000,9999.000,9999.000,9999.000,9999.000,9999.000,9999.000,9999.000
202608022124,   6.655,9999.000,9999.000,9999.000,9999.000,9999.000,9999.000,9999.000,9999.000
202608022130,   6.794,9999.000,9999.000,9999.000,9999.000,9999.000,9999.000,9999.000,9999.000
202608022136,   6.928,9999.000,9999.000,9999.000,9999.000,9999.000,9999.000,9999.000,9999.000
202608022142,   7.057,9999.000,9999.000,9999.000,9999.000,9999.000,9999.000,9999.000,9999.000
202608022148,   7.180,9999.000,9999.000,9999.000,9999.000,9999.000,9999.000,9999.000,9999.000
202608022154,   7.297,9999.000,9999.000,9999.000,9999.000,9999.000,9999.000,9999.000,9999.000
202608022200,   7.407,9999.000,   0.000,  -0.051,   7.356,   0.000,   7.356,   0.000,   7.356
202608022206,   7.511,9999.000,9999.000,9999.000,9999.000,9999.000,9999.000,9999.000,9999.000
202608022212,   7.609,9999.000,9999.000,9999.000,9999.000,9999.000,9999.000,9999.000,9999.000
202608022218,   7.699,9999.000,9999.000,9999.000,9999.000,9999.000,9999.000,9999.000,9999.000
202608022224,   7.782,9999.000,9999.000,9999.000,9999.000,9999.000,9999.000,9999.000,9999.000
202608022230,   7.857,9999.000,9999.000,9999.000,9999.000,9999.000,9999.000,9999.000,9999.000
202608022236,   7.924,9999.000,9999.000,9999.000,9999.000,9999.000,9999.000,9999.000,9999.000
202608022242,   7.984,9999.000,9999.000,9999.000,9999.000,9999.000,9999.000,9999.000,9999.000
202608022248,   8.035,9999.000,9999.000,9999.000,9999.000,9999.000,9999.000,9999.000,9999.000
202608022254,   8.078,9999.000,9999.000,9999.000,9999.000,9999.000,9999.000,9999.000,9999.000
202608022300,   8.111,9999.000,   0.000,  -0.056,   8.055,   0.000,   8.055,   0.100,   8.155
202608022306,   8.136,9999.000,9999.000,9999.000,9999.000,9999.000,9999.000,9999.000,9999.000
202608022312,   8.151,9999.000,9999.000,9999.000,9999.000,9999.000,9999.000,9999.000,9999.000
202608022318,   8.157,9999.000,9999.000,9999.000,9999.000,9999.000,9999.000,9999.000,9999.000
202608022324,   8.154,9999.000,9999.000,9999.000,9999.000,9999.000,9999.000,9999.000,9999.000
202608022330,   8.140,9999.000,9999.000,9999.000,9999.000,9999.000,9999.000,9999.000,9999.000
202608022336,   8.116,9999.000,9999.000,9999.000,9999.000,9999.000,9999.000,9999.000,9999.000
202608022342,   8.083,9999.000,9999.000,9999.000,9999.000,9999.000,9999.000,9999.000,9999.000
202608022348,   8.039,9999.000,9999.000,9999.000,9999.000,9999.000,9999.000,9999.000,9999.000
202608022354,   7.985,9999.000,9999.000,9999.000,9999.000,9999.000,9999.000,9999.000,9999.000
202608030000,   7.920,9999.000,   0.000,  -0.061,   7.859,   0.000,   7.859,   0.000,   7.859
202608030006,   7.846,9999.000,9999.000,9999.000,9999.000,9999.000,9999.000,9999.000,9999.000
202608030012,   7.761,9999.000,9999.000,9999.000,9999.000,9999.000,9999.000,9999.000,9999.000
202608030018,   7.667,9999.000,9999.000,9999.000,9999.000,9999.000,9999.000,9999.000,9999.000
202608030024,   7.563,9999.000,9999.000,9999.000,9999.000,9999.000,9999.000,9999.000,9999.000
202608030030,   7.449,9999.000,9999.000,9999.000,9999.000,9999.000,9999.000,9999.000,9999.000
202608030036,   7.327,9999.000,9999.000,9999.000,9999.000,9999.000,9999.000,9999.000,9999.000
202608030042,   7.196,9999.000,9999.000,9999.000,9999.000,9999.000,9999.000,9999.000,9999.000
202608030048,   7.056,9999.000,9999.000,9999.000,9999.000,9999.000,9999.000,9999.000,9999.000
202608030054,   6.910,9999.000,9999.000,9999.000,9999.000,9999.000,9999.000,9999.000,9999.000
202608030100,   6.756,9999.000,   0.000,  -0.061,   6.695,   0.000,   6.695,   0.000,   6.695
202608030106,   6.595,9999.000,9999.000,9999.000,9999.000,9999.000,9999.000,9999.000,9999.000
202608030112,   6.429,9999.000,9999.000,9999.000,9999.000,9999.000,9999.000,9999.000,9999.000
202608030118,   6.258,9999.000,9999.000,9999.000,9999.000,9999.000,9999.000,9999.000,9999.000
202608030124,   6.082,9999.000,9999.000,9999.000,9999.000,9999.000,9999.000,9999.000,9999.000
202608030130,   5.903,9999.000,9999.000,9999.000,9999.000,9999.000,9999.000,9999.000,9999.000
202608030136,   5.721,9999.000,9999.000,9999.000,9999.000,9999.000,9999.000,9999.000,9999.000
202608030142,   5.537,9999.000,9999.000,9999.000,9999.000,9999.000,9999.000,9999.000,9999.000
202608030148,   5.352,9999.000,9999.000,9999.000,9999.000,9999.000,9999.000,9999.000,9999.000
202608030154,   5.166,9999.000,9999.000,9999.000,9999.000,9999.000,9999.000,9999.000,9999.000
202608030200,   4.980,9999.000,   0.000,  -0.061,   4.919,   0.000,   4.919,   0.000,   4.919
202608030206,   4.795,9999.000,9999.000,9999.000,9999.000,9999.000,9999.000,9999.000,9999.000
202608030212,   4.611,9999.000,9999.000,9999.000,9999.000,9999.000,9999.000,9999.000,9999.000
202608030218,   4.429,9999.000,9999.000,9999.000,9999.000,9999.000,9999.000,9999.000,9999.000
202608030224,   4.250,9999.000,9999.000,9999.000,9999.000,9999.000,9999.000,9999.000,9999.000
202608030230,   4.074,9999.000,9999.000,9999.000,9999.000,9999.000,9999.000,9999.000,9999.000
202608030236,   3.901,9999.000,9999.000,9999.000,9999.000,9999.000,9999.000,9999.000,9999.000
202608030242,   3.733,9999.000,9999.000,9999.000,9999.000,9999.000,9999.000,9999.000,9999.000
202608030248,   3.568,9999.000,9999.000,9999.000,9999.000,9999.000,9999.000,9999.000,9999.000
202608030254,   3.409,9999.000,9999.000,9999.000,9999.000,9999.000,9999.000,9999.000,9999.000
202608030300,   3.254,9999.000,   0.000,  -0.061,   3.193,   0.000,   3.193,   0.000,   3.193
202608030306,   3.104,9999.000,9999.000,9999.000,9999.000,9999.000,9999.000,9999.000,9999.000
202608030312,   2.960,9999.000,9999.000,9999.000,9999.000,9999.000,9999.000,9999.000,9999.000
202608030318,   2.821,9999.000,9999.000,9999.000,9999.000,9999.000,9999.000,9999.000,9999.000
202608030324,   2.688,9999.000,9999.000,9999.000,9999.000,9999.000,9999.000,9999.000,9999.000
202608030330,   2.561,9999.000,9999.000,9999.000,9999.000,9999.000,9999.000,9999.000,9999.000
202608030336,   2.440,9999.000,9999.000,9999.000,9999.000,9999.000,9999.000,9999.000,9999.000
202608030342,   2.325,9999.000,9999.000,9999.000,9999.000,9999.000,9999.000,9999.000,9999.000
202608030348,   2.217,9999.000,9999.000,9999.000,9999.000,9999.000,9999.000,9999.000,9999.000
202608030354,   2.115,9999.000,9999.000,9999.000,9999.000,9999.000,9999.000,9999.000,9999.000
202608030400,   2.020,9999.000,   0.000,  -0.061,   1.959,   0.000,   1.959,   0.000,   1.959
202608030406,   1.932,9999.000,9999.000,9999.000,9999.000,9999.000,9999.000,9999.000,9999.000
202608030412,   1.851,9999.000,9999.000,9999.000,9999.000,9999.000,9999.000,9999.000,9999.000
202608030418,   1.778,9999.000,9999.000,9999.000,9999.000,9999.000,9999.000,9999.000,9999.000
202608030424,   1.712,9999.000,9999.000,9999.000,9999.000,9999.000,9999.000,9999.000,9999.000
202608030430,   1.654,9999.000,9999.000,9999.000,9999.000,9999.000,9999.000,9999.000,9999.000
202608030436,   1.603,9999.000,9999.000,9999.000,9999.000,9999.000,9999.000,9999.000,9999.000
202608030442,   1.562,9999.000,9999.000,9999.000,9999.000,9999.000,9999.000,9999.000,9999.000
202608030448,   1.528,9999.000,9999.000,9999.000,9999.000,9999.000,9999.000,9999.000,9999.000
202608030454,   1.503,9999.000,9999.000,9999.000,9999.000,9999.000,9999.000,9999.000,9999.000
202608030500,   1.488,9999.000,   0.000,  -0.061,   1.427,  -0.100,   1.327,   0.000,   1.427
202608030506,   1.481,9999.000,9999.000,9999.000,9999.000,9999.000,9999.000,9999.000,9999.000
202608030512,   1.483,9999.000,9999.000,9999.000,9999.000,9999.000,9999.000,9999.000,9999.000
202608030518,   1.495,9999.000,9999.000,9999.000,9999.000,9999.000,9999.000,9999.000,9999.000
202608030524,   1.516,9999.000,9999.000,9999.000,9999.000,9999.000,9999.000,9999.000,9999.000
202608030530,   1.547,9999.000,9999.000,9999.000,9999.000,9999.000,9999.000,9999.000,9999.000
202608030536,   1.586,9999.000,9999.000,9999.000,9999.000,9999.000,9999.000,9999.000,9999.000
202608030542,   1.635,9999.000,9999.000,9999.000,9999.000,9999.000,9999.000,9999.000,9999.000
202608030548,   1.693,9999.000,9999.000,9999.000,9999.000,9999.000,9999.000,9999.000,9999.000
202608030554,   1.759,9999.000,9999.000,9999.000,9999.000,9999.000,9999.000,9999.000,9999.000
202608030600,   1.834,9999.000,   0.000,  -0.061,   1.773,   0.000,   1.773,   0.000,   1.773
202608030606,   1.918,9999.000,9999.000,9999.000,9999.000,9999.000,9999.000,9999.000,9999.000
202608030612,   2.009,9999.000,9999.000,9999.000,9999.000,9999.000,9999.000,9999.000,9999.000
202608030618,   2.108,9999.000,9999.000,9999.000,9999.000,9999.000,9999.000,9999.000,9999.000
202608030624,   2.213,9999.000,9999.000,9999.000,9999.000,9999.000,9999.000,9999.000,9999.000
202608030630,   2.326,9999.000,9999.000,9999.000,9999.000,9999.000,9999.000,9999.000,9999.000
202608030636,   2.444,9999.000,9999.000,9999.000,9999.000,9999.000,9999.000,9999.000,9999.000
202608030642,   2.568,9999.000,9999.000,9999.000,9999.000,9999.000,9999.000,9999.000,9999.000
202608030648,   2.697,9999.000,9999.000,9999.000,9999.000,9999.000,9999.000,9999.000,9999.000
202608030654,   2.830,9999.000,9999.000,9999.000,9999.000,9999.000,9999.000,9999.000,9999.000
202608030700,   2.967,9999.000,   0.000,  -0.061,   2.906,   0.000,   2.906,   0.000,   2.906
202608030706,   3.108,9999.000,9999.000,9999.000,9999.000,9999.000,9999.000,9999.000,9999.000
202608030712,   3.251,9999.000,9999.000,9999.000,9999.000,9999.000,9999.000,9999.000,9999.000
202608030718,   3.397,9999.000,9999.000,9999.000,9999.000,9999.000,9999.000,9999.000,9999.000
202608030724,   3.545,9999.000,9999.000,9999.000,9999.000,9999.000,9999.000,9999.000,9999.000
202608030730,   3.694,9999.000,9999.000,9999.000,9999.000,9999.000,9999.000,9999.000,9999.000
202608030736,   3.844,9999.000,9999.000,9999.000,9999.000,9999.000,9999.000,9999.000,9999.000
202608030742,   3.994,9999.000,9999.000,9999.000,9999.000,9999.000,9999.000,9999.000,9999.000
202608030748,   4.145,9999.000,9999.000,9999.000,9999.000,9999.000,9999.000,9999.000,9999.000
202608030754,   4.295,9999.000,9999.000,9999.000,9999.000,9999.000,9999.000,9999.000,9999.000
202608030800,   4.445,9999.000,  -0.100,  -0.061,   4.284,  -0.100,   4.284,   0.000,   4.384
202608030806,   4.593,9999.000,9999.000,9999.000,9999.000,9999.000,9999.000,9999.000,9999.000
202608030812,   4.741,9999.000,9999.000,9999.000,9999.000,9999.000,9999.000,9999.000,9999.000
202608030818,   4.887,9999.000,9999.000,9999.000,9999.000,9999.000,9999.000,9999.000,9999.000
202608030824,   5.031,9999.000,9999.000,9999.000,9999.000,9999.000,9999.000,9999.000,9999.000
202608030830,   5.173,9999.000,9999.000,9999.000,9999.000,9999.000,9999.000,9999.000,9999.000
202608030836,   5.312,9999.000,9999.000,9999.000,9999.000,9999.000,9999.000,9999.000,9999.000
202608030842,   5.449,9999.000,9999.000,9999.000,9999.000,9999.000,9999.000,9999.000,9999.000
202608030848,   5.583,9999.000,9999.000,9999.000,9999.000,9999.000,9999.000,9999.000,9999.000
202608030854,   5.715,9999.000,9999.000,9999.000,9999.000,9999.000,9999.000,9999.000,9999.000
202608030900,   5.842,9999.000,  -0.100,  -0.061,   5.681,  -0.100,   5.681,   0.000,   5.781
202608030906,   5.967,9999.000,9999.000,9999.000,9999.000,9999.000,9999.000,9999.000,9999.000
202608030912,   6.087,9999.000,9999.000,9999.000,9999.000,9999.000,9999.000,9999.000,9999.000
202608030918,   6.204,9999.000,9999.000,9999.000,9999.000,9999.000,9999.000,9999.000,9999.000
202608030924,   6.316,9999.000,9999.000,9999.000,9999.000,9999.000,9999.000,9999.000,9999.000
202608030930,   6.424,9999.000,9999.000,9999.000,9999.000,9999.000,9999.000,9999.000,9999.000
202608030936,   6.528,9999.000,9999.000,9999.000,9999.000,9999.000,9999.000,9999.000,9999.000
202608030942,   6.626,9999.000,9999.000,9999.000,9999.000,9999.000,9999.000,9999.000,9999.000
202608030948,   6.719,9999.000,9999.000,9999.000,9999.000,9999.000,9999.000,9999.000,9999.000
202608030954,   6.807,9999.000,9999.000,9999.000,9999.000,9999.000,9999.000,9999.000,9999.000
202608031000,   6.890,9999.000,   0.000,  -0.061,   6.829,  -0.100,   6.729,   0.000,   6.829
202608031006,   6.967,9999.000,9999.000,9999.000,9999.000,9999.000,9999.000,9999.000,9999.000
202608031012,   7.038,9999.000,9999.000,9999.000,9999.000,9999.000,9999.000,9999.000,9999.000
202608031018,   7.102,9999.000,9999.000,9999.000,9999.000,9999.000,9999.000,9999.000,9999.000
202608031024,   7.161,9999.000,9999.000,9999.000,9999.000,9999.000,9999.000,9999.000,9999.000
202608031030,   7.213,9999.000,9999.000,9999.000,9999.000,9999.000,9999.000,9999.000,9999.000
202608031036,   7.258,9999.000,9999.000,9999.000,9999.000,9999.000,9999.000,9999.000,9999.000
202608031042,   7.296,9999.000,9999.000,9999.000,9999.000,9999.000,9999.000,9999.000,9999.000
202608031048,   7.327,9999.000,9999.000,9999.000,9999.000,9999.000,9999.000,9999.000,9999.000
202608031054,   7.351,9999.000,9999.000,9999.000,9999.000,9999.000,9999.000,9999.000,9999.000
202608031100,   7.367,9999.000,   0.000,  -0.061,   7.306,   0.000,   7.306,   0.000,   7.306
202608031106,   7.376,9999.000,9999.000,9999.000,9999.000,9999.000,9999.000,9999.000,9999.000
202608031112,   7.377,9999.000,9999.000,9999.000,9999.000,9999.000,9999.000,9999.000,9999.000
202608031118,   7.370,9999.000,9999.000,9999.000,9999.000,9999.000,9999.000,9999.000,9999.000
202608031124,   7.354,9999.000,9999.000,9999.000,9999.000,9999.000,9999.000,9999.000,9999.000
202608031130,   7.330,9999.000,9999.000,9999.000,9999.000,9999.000,9999.000,9999.000,9999.000
202608031136,   7.298,9999.000,9999.000,9999.000,9999.000,9999.000,9999.000,9999.000,9999.000
202608031142,   7.257,9999.000,9999.000,9999.000,9999.000,9999.000,9999.000,9999.000,9999.000
202608031148,   7.207,9999.000,9999.000,9999.000,9999.000,9999.000,9999.000,9999.000,9999.000
202608031154,   7.149,9999.000,9999.000,9999.000,9999.000,9999.000,9999.000,9999.000,9999.000
202608031200,   7.081,9999.000,  -0.100,  -0.061,   6.920,  -0.100,   6.920,   0.000,   7.020
202608031206,   7.005,9999.000,9999.000,9999.000,9999.000,9999.000,9999.000,9999.000,9999.000
202608031212,   6.919,9999.000,9999.000,9999.000,9999.000,9999.000,9999.000,9999.000,9999.000
202608031218,   6.824,9999.000,9999.000,9999.000,9999.000,9999.000,9999.000,9999.000,9999.000
202608031224,   6.721,9999.000,9999.000,9999.000,9999.000,9999.000,9999.000,9999.000,9999.000
202608031230,   6.608,9999.000,9999.000,9999.000,9999.000,9999.000,9999.000,9999.000,9999.000
202608031236,   6.487,9999.000,9999.000,9999.000,9999.000,9999.000,9999.000,9999.000,9999.000
202608031242,   6.357,9999.000,9999.000,9999.000,9999.000,9999.000,9999.000,9999.000,9999.000
202608031248,   6.220,9999.000,9999.000,9999.000,9999.000,9999.000,9999.000,9999.000,9999.000
202608031254,   6.074,9999.000,9999.000,9999.000,9999.000,9999.000,9999.000,9999.000,9999.000
202608031300,   5.921,9999.000,  -0.100,  -0.061,   5.760,  -0.100,   5.760,   0.000,   5.860
202608031306,   5.761,9999.000,9999.000,9999.000,9999.000,9999.000,9999.000,9999.000,9999.000
202608031312,   5.594,9999.000,9999.000,9999.000,9999.000,9999.000,9999.000,9999.000,9999.000
202608031318,   5.422,9999.000,9999.000,9999.000,9999.000,9999.000,9999.000,9999.000,9999.000
202608031324,   5.244,9999.000,9999.000,9999.000,9999.000,9999.000,9999.000,9999.000,9999.000
202608031330,   5.062,9999.000,9999.000,9999.000,9999.000,9999.000,9999.000,9999.000,9999.000
202608031336,   4.876,9999.000,9999.000,9999.000,9999.000,9999.000,9999.000,9999.000,9999.000
202608031342,   4.686,9999.000,9999.000,9999.000,9999.000,9999.000,9999.000,9999.000,9999.000
202608031348,   4.494,9999.000,9999.000,9999.000,9999.000,9999.000,9999.000,9999.000,9999.000
202608031354,   4.301,9999.000,9999.000,9999.000,9999.000,9999.000,9999.000,9999.000,9999.000
202608031400,   4.106,9999.000,   0.000,  -0.061,   4.045,   0.000,   4.045,   0.000,   4.045
202608031406,   3.912,9999.000,9999.000,9999.000,9999.000,9999.000,9999.000,9999.000,9999.000
202608031412,   3.718,9999.000,9999.000,9999.000,9999.000,9999.000,9999.000,9999.000,9999.000
202608031418,   3.525,9999.000,9999.000,9999.000,9999.000,9999.000,9999.000,9999.000,9999.000
202608031424,   3.334,9999.000,9999.000,9999.000,9999.000,9999.000,9999.000,9999.000,9999.000
202608031430,   3.147,9999.000,9999.000,9999.000,9999.000,9999.000,9999.000,9999.000,9999.000
202608031436,   2.962,9999.000,9999.000,9999.000,9999.000,9999.000,9999.000,9999.000,9999.000
202608031442,   2.782,9999.000,9999.000,9999.000,9999.000,9999.000,9999.000,9999.000,9999.000
202608031448,   2.606,9999.000,9999.000,9999.000,9999.000,9999.000,9999.000,9999.000,9999.000
202608031454,   2.436,9999.000,9999.000,9999.000,9999.000,9999.000,9999.000,9999.000,9999.000
202608031500,   2.270,9999.000,   0.000,  -0.061,   2.209,   0.000,   2.209,   0.000,   2.209
202608031506,   2.111,9999.000,9999.000,9999.000,9999.000,9999.000,9999.000,9999.000,9999.000
202608031512,   1.957,9999.000,9999.000,9999.000,9999.000,9999.000,9999.000,9999.000,9999.000
202608031518,   1.811,9999.000,9999.000,9999.000,9999.000,9999.000,9999.000,9999.000,9999.000
202608031524,   1.670,9999.000,9999.000,9999.000,9999.000,9999.000,9999.000,9999.000,9999.000
202608031530,   1.537,9999.000,9999.000,9999.000,9999.000,9999.000,9999.000,9999.000,9999.000
202608031536,   1.411,9999.000,9999.000,9999.000,9999.000,9999.000,9999.000,9999.000,9999.000
202608031542,   1.292,9999.000,9999.000,9999.000,9999.000,9999.000,9999.000,9999.000,9999.000
202608031548,   1.180,9999.000,9999.000,9999.000,9999.000,9999.000,9999.000,9999.000,9999.000
202608031554,   1.076,9999.000,9999.000,9999.000,9999.000,9999.000,9999.000,9999.000,9999.000
202608031600,   0.979,9999.000,   0.000,  -0.061,   0.918,  -0.100,   0.818,   0.000,   0.918
202608031606,   0.889,9999.000,9999.000,9999.000,9999.000,9999.000,9999.000,9999.000,9999.000
202608031612,   0.808,9999.000,9999.000,9999.000,9999.000,9999.000,9999.000,9999.000,9999.000
202608031618,   0.734,9999.000,9999.000,9999.000,9999.000,9999.000,9999.000,9999.000,9999.000
202608031624,   0.667,9999.000,9999.000,9999.000,9999.000,9999.000,9999.000,9999.000,9999.000
202608031630,   0.609,9999.000,9999.000,9999.000,9999.000,9999.000,9999.000,9999.000,9999.000
202608031636,   0.559,9999.000,9999.000,9999.000,9999.000,9999.000,9999.000,9999.000,9999.000
202608031642,   0.517,9999.000,9999.000,9999.000,9999.000,9999.000,9999.000,9999.000,9999.000
202608031648,   0.483,9999.000,9999.000,9999.000,9999.000,9999.000,9999.000,9999.000,9999.000
202608031654,   0.458,9999.000,9999.000,9999.000,9999.000,9999.000,9999.000,9999.000,9999.000
202608031700,   0.442,9999.000,  -0.100,  -0.061,   0.281,  -0.100,   0.281,   0.000,   0.381
202608031706,   0.434,9999.000,9999.000,9999.000,9999.000,9999.000,9999.000,9999.000,9999.000
202608031712,   0.435,9999.000,9999.000,9999.000,9999.000,9999.000,9999.000,9999.000,9999.000
202608031718,   0.446,9999.000,9999.000,9999.000,9999.000,9999.000,9999.000,9999.000,9999.000
202608031724,   0.465,9999.000,9999.000,9999.000,9999.000,9999.000,9999.000,9999.000,9999.000
202608031730,   0.494,9999.000,9999.000,9999.000,9999.000,9999.000,9999.000,9999.000,9999.000
202608031736,   0.533,9999.000,9999.000,9999.000,9999.000,9999.000,9999.000,9999.000,9999.000
202608031742,   0.581,9999.000,9999.000,9999.000,9999.000,9999.000,9999.000,9999.000,9999.000
202608031748,   0.638,9999.000,9999.000,9999.000,9999.000,9999.000,9999.000,9999.000,9999.000
202608031754,   0.705,9999.000,9999.000,9999.000,9999.000,9999.000,9999.000,9999.000,9999.000
202608031800,   0.781,9999.000,   0.000,  -0.061,   0.720,  -0.100,   0.620,   0.000,   0.720
202608031806,   0.867,9999.000,9999.000,9999.000,9999.000,9999.000,9999.000,9999.000,9999.000
202608031812,   0.961,9999.000,9999.000,9999.000,9999.000,9999.000,9999.000,9999.000,9999.000
202608031818,   1.065,9999.000,9999.000,9999.000,9999.000,9999.000,9999.000,9999.000,9999.000
202608031824,   1.176,9999.000,9999.000,9999.000,9999.000,9999.000,9999.000,9999.000,9999.000
202608031830,   1.296,9999.000,9999.000,9999.000,9999.000,9999.000,9999.000,9999.000,9999.000
202608031836,   1.424,9999.000,9999.000,9999.000,9999.000,9999.000,9999.000,9999.000,9999.000
202608031842,   1.560,9999.000,9999.000,9999.000,9999.000,9999.000,9999.000,9999.000,9999.000
202608031848,   1.702,9999.000,9999.000,9999.000,9999.000,9999.000,9999.000,9999.000,9999.000
202608031854,   1.850,9999.000,9999.000,9999.000,9999.000,9999.000,9999.000,9999.000,9999.000
202608031900,   2.005,9999.000,   0.000,  -0.061,   1.944,   0.000,   1.944,   0.000,   1.944
202608031906,   2.165,9999.000,9999.000,9999.000,9999.000,9999.000,9999.000,9999.000,9999.000
202608031912,   2.329,9999.000,9999.000,9999.000,9999.000,9999.000,9999.000,9999.000,9999.000
202608031918,   2.498,9999.000,9999.000,9999.000,9999.000,9999.000,9999.000,9999.000,9999.000
202608031924,   2.671,9999.000,9999.000,9999.000,9999.000,9999.000,9999.000,9999.000,9999.000
202608031930,   2.847,9999.000,9999.000,9999.000,9999.000,9999.000,9999.000,9999.000,9999.000
202608031936,   3.025,9999.000,9999.000,9999.000,9999.000,9999.000,9999.000,9999.000,9999.000
202608031942,   3.206,9999.000,9999.000,9999.000,9999.000,9999.000,9999.000,9999.000,9999.000
202608031948,   3.388,9999.000,9999.000,9999.000,9999.000,9999.000,9999.000,9999.000,9999.000
202608031954,   3.571,9999.000,9999.000,9999.000,9999.000,9999.000,9999.000,9999.000,9999.000
202608032000,   3.754,9999.000,   0.000,  -0.061,   3.693,  -0.100,   3.593,   0.000,   3.693
202608032006,   3.938,9999.000,9999.000,9999.000,9999.000,9999.000,9999.000,9999.000,9999.000
202608032012,   4.122,9999.000,9999.000,9999.000,9999.000,9999.000,9999.000,9999.000,9999.000
202608032018,   4.305,9999.000,9999.000,9999.000,9999.000,9999.000,9999.000,9999.000,9999.000
202608032024,   4.487,9999.000,9999.000,9999.000,9999.000,9999.000,9999.000,9999.000,9999.000
202608032030,   4.668,9999.000,9999.000,9999.000,9999.000,9999.000,9999.000,9999.000,9999.000
202608032036,   4.847,9999.000,9999.000,9999.000,9999.000,9999.000,9999.000,9999.000,9999.000
202608032042,   5.024,9999.000,9999.000,9999.000,9999.000,9999.000,9999.000,9999.000,9999.000
202608032048,   5.200,9999.000,9999.000,9999.000,9999.000,9999.000,9999.000,9999.000,9999.000
202608032054,   5.372,9999.000,9999.000,9999.000,9999.000,9999.000,9999.000,9999.000,9999.000
202608032100,   5.542,9999.000,  -0.100,  -0.061,   5.381,  -0.100,   5.381,   0.000,   5.481
202608032106,   5.709,9999.000,9999.000,9999.000,9999.000,9999.000,9999.000,9999.000,9999.000
202608032112,   5.873,9999.000,9999.000,9999.000,9999.000,9999.000,9999.000,9999.000,9999.000
202608032118,   6.033,9999.000,9999.000,9999.000,9999.000,9999.000,9999.000,9999.000,9999.000
202608032124,   6.190,9999.000,9999.000,9999.000,9999.000,9999.000,9999.000,9999.000,9999.000
202608032130,   6.343,9999.000,9999.000,9999.000,9999.000,9999.000,9999.000,9999.000,9999.000
202608032136,   6.492,9999.000,9999.000,9999.000,9999.000,9999.000,9999.000,9999.000,9999.000
202608032142,   6.637,9999.000,9999.000,9999.000,9999.000,9999.000,9999.000,9999.000,9999.000
202608032148,   6.777,9999.000,9999.000,9999.000,9999.000,9999.000,9999.000,9999.000,9999.000
202608032154,   6.913,9999.000,9999.000,9999.000,9999.000,9999.000,9999.000,9999.000,9999.000
202608032200,   7.044,9999.000,   0.000,  -0.061,   6.983,  -0.100,   6.883,   0.000,   6.983
202608032206,   7.169,9999.000,9999.000,9999.000,9999.000,9999.000,9999.000,9999.000,9999.000
202608032212,   7.290,9999.000,9999.000,9999.000,9999.000,9999.000,9999.000,9999.000,9999.000
202608032218,   7.405,9999.000,9999.000,9999.000,9999.000,9999.000,9999.000,9999.000,9999.000
202608032224,   7.514,9999.000,9999.000,9999.000,9999.000,9999.000,9999.000,9999.000,9999.000
202608032230,   7.617,9999.000,9999.000,9999.000,9999.000,9999.000,9999.000,9999.000,9999.000
202608032236,   7.714,9999.000,9999.000,9999.000,9999.000,9999.000,9999.000,9999.000,9999.000
202608032242,   7.805,9999.000,9999.000,9999.000,9999.000,9999.000,9999.000,9999.000,9999.000
202608032248,   7.889,9999.000,9999.000,9999.000,9999.000,9999.000,9999.000,9999.000,9999.000
202608032254,   7.966,9999.000,9999.000,9999.000,9999.000,9999.000,9999.000,9999.000,9999.000
202608032300,   8.037,9999.000,   0.000,  -0.061,   7.976,   0.000,   7.976,   0.000,   7.976
202608032306,   8.100,9999.000,9999.000,9999.000,9999.000,9999.000,9999.000,9999.000,9999.000
202608032312,   8.156,9999.000,9999.000,9999.000,9999.000,9999.000,9999.000,9999.000,9999.000
202608032318,   8.205,9999.000,9999.000,9999.000,9999.000,9999.000,9999.000,9999.000,9999.000
202608032324,   8.246,9999.000,9999.000,9999.000,9999.000,9999.000,9999.000,9999.000,9999.000
202608032330,   8.278,9999.000,9999.000,9999.000,9999.000,9999.000,9999.000,9999.000,9999.000
202608032336,   8.303,9999.000,9999.000,9999.000,9999.000,9999.000,9999.000,9999.000,9999.000
202608032342,   8.319,9999.000,9999.000,9999.000,9999.000,9999.000,9999.000,9999.000,9999.000
202608032348,   8.327,9999.000,9999.000,9999.000,9999.000,9999.000,9999.000,9999.000,9999.000
202608032354,   8.326,9999.000,9999.000,9999.000,9999.000,9999.000,9999.000,9999.000,9999.000
202608040000,   8.316,9999.000,   0.000,  -0.061,   8.255,   0.000,   8.255,   0.000,   8.255
202608040006,   8.297,9999.000,9999.000,9999.000,9999.000,9999.000,9999.000,9999.000,9999.000
202608040012,   8.269,9999.000,9999.000,9999.000,9999.000,9999.000,9999.000,9999.000,9999.000
202608040018,   8.231,9999.000,9999.000,9999.000,9999.000,9999.000,9999.000,9999.000,9999.000
202608040024,   8.184,9999.000,9999.000,9999.000,9999.000,9999.000,9999.000,9999.000,9999.000
202608040030,   8.128,9999.000,9999.000,9999.000,9999.000,9999.000,9999.000,9999.000,9999.000
202608040036,   8.061,9999.000,9999.000,9999.000,9999.000,9999.000,9999.000,9999.000,9999.000
202608040042,   7.985,9999.000,9999.000,9999.000,9999.000,9999.000,9999.000,9999.000,9999.000
202608040048,   7.900,9999.000,9999.000,9999.000,9999.000,9999.000,9999.000,9999.000,9999.000
202608040054,   7.805,9999.000,9999.000,9999.000,9999.000,9999.000,9999.000,9999.000,9999.000
202608040100,   7.700,9999.000,   0.000,  -0.061,   7.639,  -0.100,   7.539,   0.000,   7.639
202608040106,   7.586,9999.000,9999.000,9999.000,9999.000,9999.000,9999.000,9999.000,9999.000
202608040112,   7.463,9999.000,9999.000,9999.000,9999.000,9999.000,9999.000,9999.000,9999.000
202608040118,   7.332,9999.000,9999.000,9999.000,9999.000,9999.000,9999.000,9999.000,9999.000
202608040124,   7.192,9999.000,9999.000,9999.000,9999.000,9999.000,9999.000,9999.000,9999.000
202608040130,   7.045,9999.000,9999.000,9999.000,9999.000,9999.000,9999.000,9999.000,9999.000
202608040136,   6.889,9999.000,9999.000,9999.000,9999.000,9999.000,9999.000,9999.000,9999.000
202608040142,   6.727,9999.000,9999.000,9999.000,9999.000,9999.000,9999.000,9999.000,9999.000
202608040148,   6.559,9999.000,9999.000,9999.000,9999.000,9999.000,9999.000,9999.000,9999.000
202608040154,   6.385,9999.000,9999.000,9999.000,9999.000,9999.000,9999.000,9999.000,9999.000
202608040200,   6.206,9999.000,   0.000,  -0.061,   6.145,   0.000,   6.145,   0.000,   6.145
202608040206,   6.023,9999.000,9999.000,9999.000,9999.000,9999.000,9999.000,9999.000,9999.000
202608040212,   5.836,9999.000,9999.000,9999.000,9999.000,9999.000,9999.000,9999.000,9999.000
202608040218,   5.646,9999.000,9999.000,9999.000,9999.000,9999.000,9999.000,9999.000,9999.000
202608040224,   5.455,9999.000,9999.000,9999.000,9999.000,9999.000,9999.000,9999.000,9999.000
202608040230,   5.262,9999.000,9999.000,9999.000,9999.000,9999.000,9999.000,9999.000,9999.000
202608040236,   5.068,9999.000,9999.000,9999.000,9999.000,9999.000,9999.000,9999.000,9999.000
202608040242,   4.875,9999.000,9999.000,9999.000,9999.000,9999.000,9999.000,9999.000,9999.000
202608040248,   4.683,9999.000,9999.000,9999.000,9999.000,9999.000,9999.000,9999.000,9999.000
202608040254,   4.492,9999.000,9999.000,9999.000,9999.000,9999.000,9999.000,9999.000,9999.000
202608040300,   4.303,9999.000,   0.000,  -0.061,   4.242,   0.000,   4.242,   0.000,   4.242
202608040306,   4.117,9999.000,9999.000,9999.000,9999.000,9999.000,9999.000,9999.000,9999.000
202608040312,   3.935,9999.000,9999.000,9999.000,9999.000,9999.000,9999.000,9999.000,9999.000
202608040318,   3.756,9999.000,9999.000,9999.000,9999.000,9999.000,9999.000,9999.000,9999.000
202608040324,   3.581,9999.000,9999.000,9999.000,9999.000,9999.000,9999.000,9999.000,9999.000
202608040330,   3.411,9999.000,9999.000,9999.000,9999.000,9999.000,9999.000,9999.000,9999.000
202608040336,   3.246,9999.000,9999.000,9999.000,9999.000,9999.000,9999.000,9999.000,9999.000
202608040342,   3.086,9999.000,9999.000,9999.000,9999.000,9999.000,9999.000,9999.000,9999.000
202608040348,   2.932,9999.000,9999.000,9999.000,9999.000,9999.000,9999.000,9999.000,9999.000
202608040354,   2.783,9999.000,9999.000,9999.000,9999.000,9999.000,9999.000,9999.000,9999.000
202608040400,   2.640,9999.000,   0.000,  -0.061,   2.579,   0.000,   2.579,   0.000,   2.579
202608040406,   2.503,9999.000,9999.000,9999.000,9999.000,9999.000,9999.000,9999.000,9999.000
202608040412,   2.372,9999.000,9999.000,9999.000,9999.000,9999.000,9999.000,9999.000,9999.000
202608040418,   2.248,9999.000,9999.000,9999.000,9999.000,9999.000,9999.000,9999.000,9999.000
202608040424,   2.129,9999.000,9999.000,9999.000,9999.000,9999.000,9999.000,9999.000,9999.000
202608040430,   2.017,9999.000,9999.000,9999.000,9999.000,9999.000,9999.000,9999.000,9999.000
202608040436,   1.911,9999.000,9999.000,9999.000,9999.000,9999.000,9999.000,9999.000,9999.000
202608040442,   1.812,9999.000,9999.000,9999.000,9999.000,9999.000,9999.000,9999.000,9999.000
202608040448,   1.720,9999.000,9999.000,9999.000,9999.000,9999.000,9999.000,9999.000,9999.000
202608040454,   1.634,9999.000,9999.000,9999.000,9999.000,9999.000,9999.000,9999.000,9999.000
202608040500,   1.556,9999.000,   0.000,  -0.061,   1.495,  -0.100,   1.395,   0.000,   1.495
202608040506,   1.484,9999.000,9999.000,9999.000,9999.000,9999.000,9999.000,9999.000,9999.000
202608040512,   1.420,9999.000,9999.000,9999.000,9999.000,9999.000,9999.000,9999.000,9999.000
202608040518,   1.363,9999.000,9999.000,9999.000,9999.000,9999.000,9999.000,9999.000,9999.000
202608040524,   1.314,9999.000,9999.000,9999.000,9999.000,9999.000,9999.000,9999.000,9999.000
202608040530,   1.273,9999.000,9999.000,9999.000,9999.000,9999.000,9999.000,9999.000,9999.000
202608040536,   1.239,9999.000,9999.000,9999.000,9999.000,9999.000,9999.000,9999.000,9999.000
202608040542,   1.215,9999.000,9999.000,9999.000,9999.000,9999.000,9999.000,9999.000,9999.000
202608040548,   1.198,9999.000,9999.000,9999.000,9999.000,9999.000,9999.000,9999.000,9999.000
202608040554,   1.190,9999.000,9999.000,9999.000,9999.000,9999.000,9999.000,9999.000,9999.000
202608040600,   1.191,9999.000,   0.000,  -0.061,   1.130,  -0.100,   1.030,   0.000,   1.130
202608040606,   1.201,9999.000,9999.000,9999.000,9999.000,9999.000,9999.000,9999.000,9999.000
202608040612,   1.219,9999.000,9999.000,9999.000,9999.000,9999.000,9999.000,9999.000,9999.000
202608040618,   1.247,9999.000,9999.000,9999.000,9999.000,9999.000,9999.000,9999.000,9999.000
202608040624,   1.283,9999.000,9999.000,9999.000,9999.000,9999.000,9999.000,9999.000,9999.000
202608040630,   1.328,9999.000,9999.000,9999.000,9999.000,9999.000,9999.000,9999.000,9999.000
202608040636,   1.382,9999.000,9999.000,9999.000,9999.000,9999.000,9999.000,9999.000,9999.000
202608040642,   1.444,9999.000,9999.000,9999.000,9999.000,9999.000,9999.000,9999.000,9999.000
202608040648,   1.515,9999.000,9999.000,9999.000,9999.000,9999.000,9999.000,9999.000,9999.000
202608040654,   1.593,9999.000,9999.000,9999.000,9999.000,9999.000,9999.000,9999.000,9999.000
202608040700,   1.679,9999.000,   0.000,  -0.061,   1.618,  -0.100,   1.518,   0.000,   1.618
202608040706,   1.772,9999.000,9999.000,9999.000,9999.000,9999.000,9999.000,9999.000,9999.000
202608040712,   1.872,9999.000,9999.000,9999.000,9999.000,9999.000,9999.000,9999.000,9999.000
202608040718,   1.979,9999.000,9999.000,9999.000,9999.000,9999.000,9999.000,9999.000,9999.000
202608040724,   2.091,9999.000,9999.000,9999.000,9999.000,9999.000,9999.000,9999.000,9999.000
202608040730,   2.208,9999.000,9999.000,9999.000,9999.000,9999.000,9999.000,9999.000,9999.000
202608040736,   2.331,9999.000,9999.000,9999.000,9999.000,9999.000,9999.000,9999.000,9999.000
202608040742,   2.457,9999.000,9999.000,9999.000,9999.000,9999.000,9999.000,9999.000,9999.000
202608040748,   2.588,9999.000,9999.000,9999.000,9999.000,9999.000,9999.000,9999.000,9999.000
202608040754,   2.721,9999.000,9999.000,9999.000,9999.000,9999.000,9999.000,9999.000,9999.000
202608040800,   2.857,9999.000,   0.000,  -0.061,   2.796,  -0.100,   2.696,   0.000,   2.796
202608040806,   2.996,9999.000,9999.000,9999.000,9999.000,9999.000,9999.000,9999.000,9999.000
202608040812,   3.136,9999.000,9999.000,9999.000,9999.000,9999.000,9999.000,9999.000,9999.000
202608040818,   3.277,9999.000,9999.000,9999.000,9999.000,9999.000,9999.000,9999.000,9999.000
202608040824,   3.419,9999.000,9999.000,9999.000,9999.000,9999.000,9999.000,9999.000,9999.000
202608040830,   3.561,9999.000,9999.000,9999.000,9999.000,9999.000,9999.000,9999.000,9999.000
202608040836,   3.703,9999.000,9999.000,9999.000,9999.000,9999.000,9999.000,9999.000,9999.000
202608040842,   3.845,9999.000,9999.000,9999.000,9999.000,9999.000,9999.000,9999.000,9999.000
202608040848,   3.986,9999.000,9999.000,9999.000,9999.000,9999.000,9999.000,9999.000,9999.000
202608040854,   4.126,9999.000,9999.000,9999.000,9999.000,9999.000,9999.000,9999.000,9999.000
202608040900,   4.264,9999.000,   0.000,  -0.061,   4.203,  -0.100,   4.103,   0.000,   4.203
202608040906,   4.401,9999.000,9999.000,9999.000,9999.000,9999.000,9999.000,9999.000,9999.000
202608040912,   4.535,9999.000,9999.000,9999.000,9999.000,9999.000,9999.000,9999.000,9999.000
202608040918,   4.668,9999.000,9999.000,9999.000,9999.000,9999.000,9999.000,9999.000,9999.000
202608040924,   4.798,9999.000,9999.000,9999.000,9999.000,9999.000,9999.000,9999.000,9999.000
202608040930,   4.925,9999.000,9999.000,9999.000,9999.000,9999.000,9999.000,9999.000,9999.000
202608040936,   5.050,9999.000,9999.000,9999.000,9999.000,9999.000,9999.000,9999.000,9999.000
202608040942,   5.172,9999.000,9999.000,9999.000,9999.000,9999.000,9999.000,9999.000,9999.000
202608040948,   5.290,9999.000,9999.000,9999.000,9999.000,9999.000,9999.000,9999.000,9999.000
202608040954,   5.405,9999.000,9999.000,9999.000,9999.000,9999.000,9999.000,9999.000,9999.000
202608041000,   5.517,9999.000,   0.000,  -0.061,   5.456,   0.000,   5.456,   0.000,   5.456
202608041006,   5.624,9999.000,9999.000,9999.000,9999.000,9999.000,9999.000,9999.000,9999.000
202608041012,   5.728,9999.000,9999.000,9999.000,9999.000,9999.000,9999.000,9999.000,9999.000
202608041018,   5.828,9999.000,9999.000,9999.000,9999.000,9999.000,9999.000,9999.000,9999.000
202608041024,   5.923,9999.000,9999.000,9999.000,9999.000,9999.000,9999.000,9999.000,9999.000
202608041030,   6.014,9999.000,9999.000,9999.000,9999.000,9999.000,9999.000,9999.000,9999.000
202608041036,   6.101,9999.000,9999.000,9999.000,9999.000,9999.000,9999.000,9999.000,9999.000
202608041042,   6.182,9999.000,9999.000,9999.000,9999.000,9999.000,9999.000,9999.000,9999.000
202608041048,   6.259,9999.000,9999.000,9999.000,9999.000,9999.000,9999.000,9999.000,9999.000
202608041054,   6.331,9999.000,9999.000,9999.000,9999.000,9999.000,9999.000,9999.000,9999.000
202608041100,   6.397,9999.000,   0.000,  -0.061,   6.336,   0.000,   6.336,   0.000,   6.336
202608041106,   6.458,9999.000,9999.000,9999.000,9999.000,9999.000,9999.000,9999.000,9999.000
202608041112,   6.513,9999.000,9999.000,9999.000,9999.000,9999.000,9999.000,9999.000,9999.000
202608041118,   6.563,9999.000,9999.000,9999.000,9999.000,9999.000,9999.000,9999.000,9999.000
202608041124,   6.607,9999.000,9999.000,9999.000,9999.000,9999.000,9999.000,9999.000,9999.000
202608041130,   6.644,9999.000,9999.000,9999.000,9999.000,9999.000,9999.000,9999.000,9999.000
202608041136,   6.676,9999.000,9999.000,9999.000,9999.000,9999.000,9999.000,9999.000,9999.000
202608041142,   6.701,9999.000,9999.000,9999.000,9999.000,9999.000,9999.000,9999.000,9999.000
202608041148,   6.720,9999.000,9999.000,9999.000,9999.000,9999.000,9999.000,9999.000,9999.000
202608041154,   6.731,9999.000,9999.000,9999.000,9999.000,9999.000,9999.000,9999.000,9999.000
202608041200,   6.736,9999.000,   0.000,  -0.061,   6.675,  -0.100,   6.575,   0.000,   6.675
202608041206,   6.734,9999.000,9999.000,9999.000,9999.000,9999.000,9999.000,9999.000,9999.000
202608041212,   6.725,9999.000,9999.000,9999.000,9999.000,9999.000,9999.000,9999.000,9999.000
202608041218,   6.709,9999.000,9999.000,9999.000,9999.000,9999.000,9999.000,9999.000,9999.000
202608041224,   6.685,9999.000,9999.000,9999.000,9999.000,9999.000,9999.000,9999.000,9999.000
202608041230,   6.654,9999.000,9999.000,9999.000,9999.000,9999.000,9999.000,9999.000,9999.000
202608041236,   6.615,9999.000,9999.000,9999.000,9999.000,9999.000,9999.000,9999.000,9999.000
202608041242,   6.568,9999.000,9999.000,9999.000,9999.000,9999.000,9999.000,9999.000,9999.000
202608041248,   6.513,9999.000,9999.000,9999.000,9999.000,9999.000,9999.000,9999.000,9999.000
202608041254,   6.450,9999.000,9999.000,9999.000,9999.000,9999.000,9999.000,9999.000,9999.000
202608041300,   6.380,9999.000,   0.000,  -0.061,   6.319,  -0.100,   6.219,   0.000,   6.319
202608041306,   6.301,9999.000,9999.000,9999.000,9999.000,9999.000,9999.000,9999.000,9999.000
202608041312,   6.215,9999.000,9999.000,9999.000,9999.000,9999.000,9999.000,9999.000,9999.000
202608041318,   6.121,9999.000,9999.000,9999.000,9999.000,9999.000,9999.000,9999.000,9999.000
202608041324,   6.019,9999.000,9999.000,9999.000,9999.000,9999.000,9999.000,9999.000,9999.000
202608041330,   5.910,9999.000,9999.000,9999.000,9999.000,9999.000,9999.000,9999.000,9999.000
202608041336,   5.793,9999.000,9999.000,9999.000,9999.000,9999.000,9999.000,9999.000,9999.000
202608041342,   5.670,9999.000,9999.000,9999.000,9999.000,9999.000,9999.000,9999.000,9999.000
202608041348,   5.541,9999.000,9999.000,9999.000,9999.000,9999.000,9999.000,9999.000,9999.000
202608041354,   5.405,9999.000,9999.000,9999.000,9999.000,9999.000,9999.000,9999.000,9999.000
202608041400,   5.264,9999.000,   0.000,  -0.061,   5.203,   0.000,   5.203,   0.000,   5.203
202608041406,   5.117,9999.000,9999.000,9999.000,9999.000,9999.000,9999.000,9999.000,9999.000
202608041412,   4.967,9999.000,9999.000,9999.000,9999.000,9999.000,9999.000,9999.000,9999.000
202608041418,   4.812,9999.000,9999.000,9999.000,9999.000,9999.000,9999.000,9999.000,9999.000
202608041424,   4.654,9999.000,9999.000,9999.000,9999.000,9999.000,9999.000,9999.000,9999.000
202608041430,   4.494,9999.000,9999.000,9999.000,9999.000,9999.000,9999.000,9999.000,9999.000
202608041436,   4.332,9999.000,9999.000,9999.000,9999.000,9999.000,9999.000,9999.000,9999.000
202608041442,   4.169,9999.000,9999.000,9999.000,9999.000,9999.000,9999.000,9999.000,9999.000
202608041448,   4.005,9999.000,9999.000,9999.000,9999.000,9999.000,9999.000,9999.000,9999.000
202608041454,   3.842,9999.000,9999.000,9999.000,9999.000,9999.000,9999.000,9999.000,9999.000
202608041500,   3.680,9999.000,   0.000,  -0.061,   3.619,   0.000,   3.619,   0.000,   3.619
202608041506,   3.520,9999.000,9999.000,9999.000,9999.000,9999.000,9999.000,9999.000,9999.000
202608041512,   3.362,9999.000,9999.000,9999.000,9999.000,9999.000,9999.000,9999.000,9999.000
202608041518,   3.207,9999.000,9999.000,9999.000,9999.000,9999.000,9999.000,9999.000,9999.000
202608041524,   3.056,9999.000,9999.000,9999.000,9999.000,9999.000,9999.000,9999.000,9999.000
202608041530,   2.909,9999.000,9999.000,9999.000,9999.000,9999.000,9999.000,9999.000,9999.000
202608041536,   2.767,9999.000,9999.000,9999.000,9999.000,9999.000,9999.000,9999.000,9999.000
202608041542,   2.630,9999.000,9999.000,9999.000,9999.000,9999.000,9999.000,9999.000,9999.000
202608041548,   2.498,9999.000,9999.000,9999.000,9999.000,9999.000,9999.000,9999.000,9999.000
202608041554,   2.372,9999.000,9999.000,9999.000,9999.000,9999.000,9999.000,9999.000,9999.000
202608041600,   2.252,9999.000,   0.000,  -0.061,   2.191,   0.000,   2.191,   0.000,   2.191
202608041606,   2.139,9999.000,9999.000,9999.000,9999.000,9999.000,9999.000,9999.000,9999.000
202608041612,   2.031,9999.000,9999.000,9999.000,9999.000,9999.000,9999.000,9999.000,9999.000
202608041618,   1.930,9999.000,9999.000,9999.000,9999.000,9999.000,9999.000,9999.000,9999.000
202608041624,   1.836,9999.000,9999.000,9999.000,9999.000,9999.000,9999.000,9999.000,9999.000
202608041630,   1.749,9999.000,9999.000,9999.000,9999.000,9999.000,9999.000,9999.000,9999.000
202608041636,   1.668,9999.000,9999.000,9999.000,9999.000,9999.000,9999.000,9999.000,9999.000
202608041642,   1.594,9999.000,9999.000,9999.000,9999.000,9999.000,9999.000,9999.000,9999.000
202608041648,   1.526,9999.000,9999.000,9999.000,9999.000,9999.000,9999.000,9999.000,9999.000
202608041654,   1.466,9999.000,9999.000,9999.000,9999.000,9999.000,9999.000,9999.000,9999.000
202608041700,   1.412,9999.000,   0.000,  -0.061,   1.351,  -0.100,   1.251,   0.000,   1.351
202608041706,   1.365,9999.000,9999.000,9999.000,9999.000,9999.000,9999.000,9999.000,9999.000
202608041712,   1.325,9999.000,9999.000,9999.000,9999.000,9999.000,9999.000,9999.000,9999.000
202608041718,   1.291,9999.000,9999.000,9999.000,9999.000,9999.000,9999.000,9999.000,9999.000
202608041724,   1.265,9999.000,9999.000,9999.000,9999.000,9999.000,9999.000,9999.000,9999.000
202608041730,   1.246,9999.000,9999.000,9999.000,9999.000,9999.000,9999.000,9999.000,9999.000
202608041736,   1.234,9999.000,9999.000,9999.000,9999.000,9999.000,9999.000,9999.000,9999.000
202608041742,   1.229,9999.000,9999.000,9999.000,9999.000,9999.000,9999.000,9999.000,9999.000
202608041748,   1.232,9999.000,9999.000,9999.000,9999.000,9999.000,9999.000,9999.000,9999.000
202608041754,   1.242,9999.000,9999.000,9999.000,9999.000,9999.000,9999.000,9999.000,9999.000
202608041800,   1.260,9999.000,   0.000,  -0.061,   1.199,   0.000,   1.199,   0.000,   1.199
202608041806,   1.286,9999.000,9999.000,9999.000,9999.000,9999.000,9999.000,9999.000,9999.000
202608041812,   1.320,9999.000,9999.000,9999.000,9999.000,9999.000,9999.000,9999.000,9999.000
202608041818,   1.362,9999.000,9999.000,9999.000,9999.000,9999.000,9999.000,9999.000,9999.000
202608041824,   1.412,9999.000,9999.000,9999.000,9999.000,9999.000,9999.000,9999.000,9999.000
202608041830,   1.470,9999.000,9999.000,9999.000,9999.000,9999.000,9999.000,9999.000,9999.000
202608041836,   1.537,9999.000,9999.000,9999.000,9999.000,9999.000,9999.000,9999.000,9999.000
202608041842,   1.612,9999.000,9999.000,9999.000,9999.000,9999.000,9999.000,9999.000,9999.000
202608041848,   1.695,9999.000,9999.000,9999.000,9999.000,9999.000,9999.000,9999.000,9999.000
202608041854,   1.787,9999.000,9999.000,9999.000,9999.000,9999.000,9999.000,9999.000,9999.000
202608041900,   1.886,9999.000,   0.000,  -0.061,   1.825,   0.000,   1.825,   0.000,   1.825
202608041906,   1.993,9999.000,9999.000,9999.000,9999.000,9999.000,9999.000,9999.000,9999.000
202608041912,   2.108,9999.000,9999.000,9999.000,9999.000,9999.000,9999.000,9999.000,9999.000
202608041918,   2.230,9999.000,9999.000,9999.000,9999.000,9999.000,9999.000,9999.000,9999.000
202608041924,   2.358,9999.000,9999.000,9999.000,9999.000,9999.000,9999.000,9999.000,9999.000
202608041930,   2.493,9999.000,9999.000,9999.000,9999.000,9999.000,9999.000,9999.000,9999.000
202608041936,   2.635,9999.000,9999.000,9999.000,9999.000,9999.000,9999.000,9999.000,9999.000
202608041942,   2.781,9999.000,9999.000,9999.000,9999.000,9999.000,9999.000,9999.000,9999.000
202608041948,   2.933,9999.000,9999.000,9999.000,9999.000,9999.000,9999.000,9999.000,9999.000
202608041954,   3.089,9999.000,9999.000,9999.000,9999.000,9999.000,9999.000,9999.000,9999.000
202608042000,   3.249,9999.000,   0.000,  -0.061,   3.188,   0.000,   3.188,   0.000,   3.188
202608042006,   3.413,9999.000,9999.000,9999.000,9999.000,9999.000,9999.000,9999.000,9999.000
202608042012,   3.579,9999.000,9999.000,9999.000,9999.000,9999.000,9999.000,9999.000,9999.000
202608042018,   3.748,9999.000,9999.000,9999.000,9999.000,9999.000,9999.000,9999.000,9999.000
202608042024,   3.919,9999.000,9999.000,9999.000,9999.000,9999.000,9999.000,9999.000,9999.000
202608042030,   4.090,9999.000,9999.000,9999.000,9999.000,9999.000,9999.000,9999.000,9999.000
202608042036,   4.263,9999.000,9999.000,9999.000,9999.000,9999.000,9999.000,9999.000,9999.000
202608042042,   4.436,9999.000,9999.000,9999.000,9999.000,9999.000,9999.000,9999.000,9999.000
202608042048,   4.609,9999.000,9999.000,9999.000,9999.000,9999.000,9999.000,9999.000,9999.000
202608042054,   4.781,9999.000,9999.000,9999.000,9999.000,9999.000,9999.000,9999.000,9999.000
202608042100,   4.952,9999.000,   0.000,  -0.061,   4.891,   0.000,   4.891,   0.000,   4.891
202608042106,   5.121,9999.000,9999.000,9999.000,9999.000,9999.000,9999.000,9999.000,9999.000
202608042112,   5.289,9999.000,9999.000,9999.000,9999.000,9999.000,9999.000,9999.000,9999.000
202608042118,   5.455,9999.000,9999.000,9999.000,9999.000,9999.000,9999.000,9999.000,9999.000
202608042124,   5.619,9999.000,9999.000,9999.000,9999.000,9999.000,9999.000,9999.000,9999.000
202608042130,   5.780,9999.000,9999.000,9999.000,9999.000,9999.000,9999.000,9999.000,9999.000
202608042136,   5.938,9999.000,9999.000,9999.000,9999.000,9999.000,9999.000,9999.000,9999.000
202608042142,   6.093,9999.000,9999.000,9999.000,9999.000,9999.000,9999.000,9999.000,9999.000
202608042148,   6.245,9999.000,9999.000,9999.000,9999.000,9999.000,9999.000,9999.000,9999.000
202608042154,   6.394,9999.000,9999.000,9999.000,9999.000,9999.000,9999.000,9999.000,9999.000
202608042200,   6.538,9999.000,   0.000,  -0.061,   6.477,   0.000,   6.477,   0.000,   6.477
202608042206,   6.679,9999.000,9999.000,9999.000,9999.000,9999.000,9999.000,9999.000,9999.000
202608042212,   6.816,9999.000,9999.000,9999.000,9999.000,9999.000,9999.000,9999.000,9999.000
202608042218,   6.949,9999.000,9999.000,9999.000,9999.000,9999.000,9999.000,9999.000,9999.000
202608042224,   7.077,9999.000,9999.000,9999.000,9999.000,9999.000,9999.000,9999.000,9999.000
202608042230,   7.201,9999.000,9999.000,9999.000,9999.000,9999.000,9999.000,9999.000,9999.000
202608042236,   7.321,9999.000,9999.000,9999.000,9999.000,9999.000,9999.000,9999.000,9999.000
202608042242,   7.435,9999.000,9999.000,9999.000,9999.000,9999.000,9999.000,9999.000,9999.000
202608042248,   7.544,9999.000,9999.000,9999.000,9999.000,9999.000,9999.000,9999.000,9999.000
202608042254,   7.649,9999.000,9999.000,9999.000,9999.000,9999.000,9999.000,9999.000,9999.000
202608042300,   7.748,9999.000,   0.000,  -0.061,   7.687,   0.000,   7.687,   0.000,   7.687
202608042306,   7.841,9999.000,9999.000,9999.000,9999.000,9999.000,9999.000,9999.000,9999.000
202608042312,   7.929,9999.000,9999.000,9999.000,9999.000,9999.000,9999.000,9999.000,9999.000
202608042318,   8.011,9999.000,9999.000,9999.000,9999.000,9999.000,9999.000,9999.000,9999.000
202608042324,   8.086,9999.000,9999.000,9999.000,9999.000,9999.000,9999.000,9999.000,9999.000
202608042330,   8.156,9999.000,9999.000,9999.000,9999.000,9999.000,9999.000,9999.000,9999.000
202608042336,   8.220,9999.000,9999.000,9999.000,9999.000,9999.000,9999.000,9999.000,9999.000
202608042342,   8.276,9999.000,9999.000,9999.000,9999.000,9999.000,9999.000,9999.000,9999.000
202608042348,   8.326,9999.000,9999.000,9999.000,9999.000,9999.000,9999.000,9999.000,9999.000
202608042354,   8.370,9999.000,9999.000,9999.000,9999.000,9999.000,9999.000,9999.000,9999.000
202608050000,   8.406,9999.000,   0.000,  -0.061,   8.345,   0.000,   8.345,   0.000,   8.345
202608050006,   8.435,9999.000,9999.000,9999.000,9999.000,9999.000,9999.000,9999.000,9999.000
202608050012,   8.457,9999.000,9999.000,9999.000,9999.000,9999.000,9999.000,9999.000,9999.000
202608050018,   8.471,9999.000,9999.000,9999.000,9999.000,9999.000,9999.000,9999.000,9999.000
202608050024,   8.477,9999.000,9999.000,9999.000,9999.000,9999.000,9999.000,9999.000,9999.000
202608050030,   8.476,9999.000,9999.000,9999.000,9999.000,9999.000,9999.000,9999.000,9999.000
202608050036,   8.466,9999.000,9999.000,9999.000,9999.000,9999.000,9999.000,9999.000,9999.000
202608050042,   8.449,9999.000,9999.000,9999.000,9999.000,9999.000,9999.000,9999.000,9999.000
202608050048,   8.423,9999.000,9999.000,9999.000,9999.000,9999.000,9999.000,9999.000,9999.000
202608050054,   8.388,9999.000,9999.000,9999.000,9999.000,9999.000,9999.000,9999.000,9999.000
202608050100,   8.345,9999.000,   0.000,  -0.061,   8.284,   0.000,   8.284,   0.000,   8.284
202608050106,   8.293,9999.000,9999.000,9999.000,9999.000,9999.000,9999.000,9999.000,9999.000
202608050112,   8.232,9999.000,9999.000,9999.000,9999.000,9999.000,9999.000,9999.000,9999.000
202608050118,   8.162,9999.000,9999.000,9999.000,9999.000,9999.000,9999.000,9999.000,9999.000
202608050124,   8.083,9999.000,9999.000,9999.000,9999.000,9999.000,9999.000,9999.000,9999.000
202608050130,   7.996,9999.000,9999.000,9999.000,9999.000,9999.000,9999.000,9999.000,9999.000
202608050136,   7.899,9999.000,9999.000,9999.000,9999.000,9999.000,9999.000,9999.000,9999.000
202608050142,   7.793,9999.000,9999.000,9999.000,9999.000,9999.000,9999.000,9999.000,9999.000
202608050148,   7.679,9999.000,9999.000,9999.000,9999.000,9999.000,9999.000,9999.000,9999.000
202608050154,   7.556,9999.000,9999.000,9999.000,9999.000,9999.000,9999.000,9999.000,9999.000
202608050200,   7.425,9999.000,   0.000,  -0.061,   7.364,   0.000,   7.364,   0.000,   7.364
202608050206,   7.286,9999.000,9999.000,9999.000,9999.000,9999.000,9999.000,9999.000,9999.000
202608050212,   7.139,9999.000,9999.000,9999.000,9999.000,9999.000,9999.000,9999.000,9999.000
202608050218,   6.985,9999.000,9999.000,9999.000,9999.000,9999.000,9999.000,9999.000,9999.000
202608050224,   6.824,9999.000,9999.000,9999.000,9999.000,9999.000,9999.000,9999.000,9999.000
202608050230,   6.657,9999.000,9999.000,9999.000,9999.000,9999.000,9999.000,9999.000,9999.000
202608050236,   6.484,9999.000,9999.000,9999.000,9999.000,9999.000,9999.000,9999.000,9999.000
202608050242,   6.306,9999.000,9999.000,9999.000,9999.000,9999.000,9999.000,9999.000,9999.000
202608050248,   6.123,9999.000,9999.000,9999.000,9999.000,9999.000,9999.000,9999.000,9999.000
202608050254,   5.937,9999.000,9999.000,9999.000,9999.000,9999.000,9999.000,9999.000,9999.000
202608050300,   5.747,9999.000,   0.000,  -0.061,   5.686,   0.000,   5.686,   0.100,   5.786
202608050306,   5.555,9999.000,9999.000,9999.000,9999.000,9999.000,9999.000,9999.000,9999.000
202608050312,   5.362,9999.000,9999.000,9999.000,9999.000,9999.000,9999.000,9999.000,9999.000
202608050318,   5.167,9999.000,9999.000,9999.000,9999.000,9999.000,9999.000,9999.000,9999.000
202608050324,   4.972,9999.000,9999.000,9999.000,9999.000,9999.000,9999.000,9999.000,9999.000
202608050330,   4.778,9999.000,9999.000,9999.000,9999.000,9999.000,9999.000,9999.000,9999.000
202608050336,   4.584,9999.000,9999.000,9999.000,9999.000,9999.000,9999.000,9999.000,9999.000
202608050342,   4.393,9999.000,9999.000,9999.000,9999.000,9999.000,9999.000,9999.000,9999.000
202608050348,   4.203,9999.000,9999.000,9999.000,9999.000,9999.000,9999.000,9999.000,9999.000
202608050354,   4.017,9999.000,9999.000,9999.000,9999.000,9999.000,9999.000,9999.000,9999.000
202608050400,   3.833,9999.000,   0.000,  -0.061,   3.772,   0.000,   3.772,   0.100,   3.872
202608050406,   3.654,9999.000,9999.000,9999.000,9999.000,9999.000,9999.000,9999.000,9999.000
202608050412,   3.479,9999.000,9999.000,9999.000,9999.000,9999.000,9999.000,9999.000,9999.000
202608050418,   3.308,9999.000,9999.000,9999.000,9999.000,9999.000,9999.000,9999.000,9999.000
202608050424,   3.142,9999.000,9999.000,9999.000,9999.000,9999.000,9999.000,9999.000,9999.000
202608050430,   2.981,9999.000,9999.000,9999.000,9999.000,9999.000,9999.000,9999.000,9999.000
202608050436,   2.825,9999.000,9999.000,9999.000,9999.000,9999.000,9999.000,9999.000,9999.000
202608050442,   2.675,9999.000,9999.000,9999.000,9999.000,9999.000,9999.000,9999.000,9999.000
202608050448,   2.530,9999.000,9999.000,9999.000,9999.000,9999.000,9999.000,9999.000,9999.000
202608050454,   2.391,9999.000,9999.000,9999.000,9999.000,9999.000,9999.000,9999.000,9999.000
202608050500,   2.257,9999.000,   0.000,  -0.061,   2.196,   0.000,   2.196,   0.100,   2.296
202608050506,   2.130,9999.000,9999.000,9999.000,9999.000,9999.000,9999.000,9999.000,9999.000
202608050512,   2.008,9999.000,9999.000,9999.000,9999.000,9999.000,9999.000,9999.000,9999.000
202608050518,   1.892,9999.000,9999.000,9999.000,9999.000,9999.000,9999.000,9999.000,9999.000
202608050524,   1.782,9999.000,9999.000,9999.000,9999.000,9999.000,9999.000,9999.000,9999.000
202608050530,   1.678,9999.000,9999.000,9999.000,9999.000,9999.000,9999.000,9999.000,9999.000
202608050536,   1.580,9999.000,9999.000,9999.000,9999.000,9999.000,9999.000,9999.000,9999.000
202608050542,   1.489,9999.000,9999.000,9999.000,9999.000,9999.000,9999.000,9999.000,9999.000
202608050548,   1.403,9999.000,9999.000,9999.000,9999.000,9999.000,9999.000,9999.000,9999.000
202608050554,   1.325,9999.000,9999.000,9999.000,9999.000,9999.000,9999.000,9999.000,9999.000
202608050600,   1.253,9999.000,   0.000,  -0.061,   1.192,   0.000,   1.192,   0.100,   1.292
202608050606,   1.188,9999.000,9999.000,9999.000,9999.000,9999.000,9999.000,9999.000,9999.000
202608050612,   1.130,9999.000,9999.000,9999.000,9999.000,9999.000,9999.000,9999.000,9999.000
202608050618,   1.079,9999.000,9999.000,9999.000,9999.000,9999.000,9999.000,9999.000,9999.000
202608050624,   1.036,9999.000,9999.000,9999.000,9999.000,9999.000,9999.000,9999.000,9999.000
202608050630,   1.001,9999.000,9999.000,9999.000,9999.000,9999.000,9999.000,9999.000,9999.000
202608050636,   0.973,9999.000,9999.000,9999.000,9999.000,9999.000,9999.000,9999.000,9999.000
202608050642,   0.954,9999.000,9999.000,9999.000,9999.000,9999.000,9999.000,9999.000,9999.000
202608050648,   0.943,9999.000,9999.000,9999.000,9999.000,9999.000,9999.000,9999.000,9999.000
202608050654,   0.940,9999.000,9999.000,9999.000,9999.000,9999.000,9999.000,9999.000,9999.000
202608050700,   0.946,9999.000,   0.000,  -0.061,   0.885,   0.000,   0.885,   0.100,   0.985
202608050706,   0.961,9999.000,9999.000,9999.000,9999.000,9999.000,9999.000,9999.000,9999.000
202608050712,   0.984,9999.000,9999.000,9999.000,9999.000,9999.000,9999.000,9999.000,9999.000
202608050718,   1.015,9999.000,9999.000,9999.000,9999.000,9999.000,9999.000,9999.000,9999.000
202608050724,   1.055,9999.000,9999.000,9999.000,9999.000,9999.000,9999.000,9999.000,9999.000
202608050730,   1.103,9999.000,9999.000,9999.000,9999.000,9999.000,9999.000,9999.000,9999.000
202608050736,   1.159,9999.000,9999.000,9999.000,9999.000,9999.000,9999.000,9999.000,9999.000
202608050742,   1.223,9999.000,9999.000,9999.000,9999.000,9999.000,9999.000,9999.000,9999.000
202608050748,   1.295,9999.000,9999.000,9999.000,9999.000,9999.000,9999.000,9999.000,9999.000
202608050754,   1.373,9999.000,9999.000,9999.000,9999.000,9999.000,9999.000,9999.000,9999.000
202608050800,   1.459,9999.000,   0.000,  -0.061,   1.398,   0.000,   1.398,   0.000,   1.398
202608050806,   1.550,9999.000,9999.000,9999.000,9999.000,9999.000,9999.000,9999.000,9999.000
202608050812,   1.648,9999.000,9999.000,9999.000,9999.000,9999.000,9999.000,9999.000,9999.000
202608050818,   1.751,9999.000,9999.000,9999.000,9999.000,9999.000,9999.000,9999.000,9999.000
202608050824,   1.859,9999.000,9999.000,9999.000,9999.000,9999.000,9999.000,9999.000,9999.000
202608050830,   1.971,9999.000,9999.000,9999.000,9999.000,9999.000,9999.000,9999.000,9999.000
202608050836,   2.087,9999.000,9999.000,9999.000,9999.000,9999.000,9999.000,9999.000,9999.000
202608050842,   2.207,9999.000,9999.000,9999.000,9999.000,9999.000,9999.000,9999.000,9999.000
202608050848,   2.329,9999.000,9999.000,9999.000,9999.000,9999.000,9999.000,9999.000,9999.000
202608050854,   2.453,9999.000,9999.000,9999.000,9999.000,9999.000,9999.000,9999.000,9999.000
202608050900,   2.580,9999.000,   0.000,  -0.061,   2.519,   0.000,   2.519,   0.100,   2.619
202608050906,   2.708,9999.000,9999.000,9999.000,9999.000,9999.000,9999.000,9999.000,9999.000
202608050912,   2.836,9999.000,9999.000,9999.000,9999.000,9999.000,9999.000,9999.000,9999.000
202608050918,   2.966,9999.000,9999.000,9999.000,9999.000,9999.000,9999.000,9999.000,9999.000
202608050924,   3.095,9999.000,9999.000,9999.000,9999.000,9999.000,9999.000,9999.000,9999.000
202608050930,   3.224,9999.000,9999.000,9999.000,9999.000,9999.000,9999.000,9999.000,9999.000
202608050936,   3.353,9999.000,9999.000,9999.000,9999.000,9999.000,9999.000,9999.000,9999.000
202608050942,   3.481,9999.000,9999.000,9999.000,9999.000,9999.000,9999.000,9999.000,9999.000
202608050948,   3.608,9999.000,9999.000,9999.000,9999.000,9999.000,9999.000,9999.000,9999.000
202608050954,   3.733,9999.000,9999.000,9999.000,9999.000,9999.000,9999.000,9999.000,9999.000
202608051000,   3.858,9999.000,   0.000,  -0.061,   3.797,   0.000,   3.797,   0.100,   3.897
202608051006,   3.980,9999.000,9999.000,9999.000,9999.000,9999.000,9999.000,9999.000,9999.000
202608051012,   4.101,9999.000,9999.000,9999.000,9999.000,9999.000,9999.000,9999.000,9999.000
202608051018,   4.219,9999.000,9999.000,9999.000,9999.000,9999.000,9999.000,9999.000,9999.000
202608051024,   4.335,9999.000,9999.000,9999.000,9999.000,9999.000,9999.000,9999.000,9999.000
202608051030,   4.449,9999.000,9999.000,9999.000,9999.000,9999.000,9999.000,9999.000,9999.000
202608051036,   4.560,9999.000,9999.000,9999.000,9999.000,9999.000,9999.000,9999.000,9999.000
202608051042,   4.669,9999.000,9999.000,9999.000,9999.000,9999.000,9999.000,9999.000,9999.000
202608051048,   4.775,9999.000,9999.000,9999.000,9999.000,9999.000,9999.000,9999.000,9999.000
202608051054,   4.878,9999.000,9999.000,9999.000,9999.000,9999.000,9999.000,9999.000,9999.000
202608051100,   4.978,9999.000,   0.100,  -0.061,   5.017,   0.000,   4.917,   0.100,   5.017
202608051106,   5.074,9999.000,9999.000,9999.000,9999.000,9999.000,9999.000,9999.000,9999.000
202608051112,   5.168,9999.000,9999.000,9999.000,9999.000,9999.000,9999.000,9999.000,9999.000
202608051118,   5.257,9999.000,9999.000,9999.000,9999.000,9999.000,9999.000,9999.000,9999.000
202608051124,   5.343,9999.000,9999.000,9999.000,9999.000,9999.000,9999.000,9999.000,9999.000
202608051130,   5.426,9999.000,9999.000,9999.000,9999.000,9999.000,9999.000,9999.000,9999.000
202608051136,   5.504,9999.000,9999.000,9999.000,9999.000,9999.000,9999.000,9999.000,9999.000
202608051142,   5.578,9999.000,9999.000,9999.000,9999.000,9999.000,9999.000,9999.000,9999.000
202608051148,   5.648,9999.000,9999.000,9999.000,9999.000,9999.000,9999.000,9999.000,9999.000
202608051154,   5.714,9999.000,9999.000,9999.000,9999.000,9999.000,9999.000,9999.000,9999.000
202608051200,   5.775,9999.000,   0.000,  -0.061,   5.714,   0.000,   5.714,   0.100,   5.814
202608051206,   5.832,9999.000,9999.000,9999.000,9999.000,9999.000,9999.000,9999.000,9999.000
202608051212,   5.884,9999.000,9999.000,9999.000,9999.000,9999.000,9999.000,9999.000,9999.000
202608051218,   5.930,9999.000,9999.000,9999.000,9999.000,9999.000,9999.000,9999.000,9999.000
202608051224,   5.972,9999.000,9999.000,9999.000,9999.000,9999.000,9999.000,9999.000,9999.000
202608051230,   6.008,9999.000,9999.000,9999.000,9999.000,9999.000,9999.000,9999.000,9999.000
202608051236,   6.040,9999.000,9999.000,9999.000,9999.000,9999.000,9999.000,9999.000,9999.000
202608051242,   6.065,9999.000,9999.000,9999.000,9999.000,9999.000,9999.000,9999.000,9999.000
202608051248,   6.085,9999.000,9999.000,9999.000,9999.000,9999.000,9999.000,9999.000,9999.000
202608051254,   6.099,9999.000,9999.000,9999.000,9999.000,9999.000,9999.000,9999.000,9999.000
202608051300,   6.107,9999.000,   0.000,  -0.061,   6.046,   0.000,   6.046,   0.100,   6.146
202608051306,   6.109,9999.000,9999.000,9999.000,9999.000,9999.000,9999.000,9999.000,9999.000
202608051312,   6.104,9999.000,9999.000,9999.000,9999.000,9999.000,9999.000,9999.000,9999.000
202608051318,   6.093,9999.000,9999.000,9999.000,9999.000,9999.000,9999.000,9999.000,9999.000
202608051324,   6.076,9999.000,9999.000,9999.000,9999.000,9999.000,9999.000,9999.000,9999.000
202608051330,   6.052,9999.000,9999.000,9999.000,9999.000,9999.000,9999.000,9999.000,9999.000
202608051336,   6.021,9999.000,9999.000,9999.000,9999.000,9999.000,9999.000,9999.000,9999.000
202608051342,   5.984,9999.000,9999.000,9999.000,9999.000,9999.000,9999.000,9999.000,9999.000
202608051348,   5.939,9999.000,9999.000,9999.000,9999.000,9999.000,9999.000,9999.000,9999.000
202608051354,   5.888,9999.000,9999.000,9999.000,9999.000,9999.000,9999.000,9999.000,9999.000
202608051400,   5.830,9999.000,   0.100,  -0.061,   5.869,   0.000,   5.769,   0.100,   5.869
202608051406,   5.765,9999.000,9999.000,9999.000,9999.000,9999.000,9999.000,9999.000,9999.000
202608051412,   5.694,9999.000,9999.000,9999.000,9999.000,9999.000,9999.000,9999.000,9999.000
202608051418,   5.616,9999.000,9999.000,9999.000,9999.000,9999.000,9999.000,9999.000,9999.000
202608051424,   5.532,9999.000,9999.000,9999.000,9999.000,9999.000,9999.000,9999.000,9999.000
202608051430,   5.441,9999.000,9999.000,9999.000,9999.000,9999.000,9999.000,9999.000,9999.000
202608051436,   5.345,9999.000,9999.000,9999.000,9999.000,9999.000,9999.000,9999.000,9999.000
202608051442,   5.244,9999.000,9999.000,9999.000,9999.000,9999.000,9999.000,9999.000,9999.000
202608051448,   5.137,9999.000,9999.000,9999.000,9999.000,9999.000,9999.000,9999.000,9999.000
202608051454,   5.026,9999.000,9999.000,9999.000,9999.000,9999.000,9999.000,9999.000,9999.000
202608051500,   4.911,9999.000,   0.100,  -0.061,   4.950,   0.000,   4.850,   0.200,   5.050
202608051506,   4.793,9999.000,9999.000,9999.000,9999.000,9999.000,9999.000,9999.000,9999.000
202608051512,   4.671,9999.000,9999.000,9999.000,9999.000,9999.000,9999.000,9999.000,9999.000
202608051518,   4.548,9999.000,9999.000,9999.000,9999.000,9999.000,9999.000,9999.000,9999.000
202608051524,   4.422,9999.000,9999.000,9999.000,9999.000,9999.000,9999.000,9999.000,9999.000
202608051530,   4.296,9999.000,9999.000,9999.000,9999.000,9999.000,9999.000,9999.000,9999.000
202608051536,   4.169,9999.000,9999.000,9999.000,9999.000,9999.000,9999.000,9999.000,9999.000
202608051542,   4.042,9999.000,9999.000,9999.000,9999.000,9999.000,9999.000,9999.000,9999.000
202608051548,   3.916,9999.000,9999.000,9999.000,9999.000,9999.000,9999.000,9999.000,9999.000
202608051554,   3.791,9999.000,9999.000,9999.000,9999.000,9999.000,9999.000,9999.000,9999.000
202608051600,   3.669,9999.000,   0.100,  -0.061,   3.708,   0.000,   3.608,   0.100,   3.708
202608051606,   3.549,9999.000,9999.000,9999.000,9999.000,9999.000,9999.000,9999.000,9999.000
202608051612,   3.432,9999.000,9999.000,9999.000,9999.000,9999.000,9999.000,9999.000,9999.000
202608051618,   3.319,9999.000,9999.000,9999.000,9999.000,9999.000,9999.000,9999.000,9999.000
202608051624,   3.209,9999.000,9999.000,9999.000,9999.000,9999.000,9999.000,9999.000,9999.000
202608051630,   3.104,9999.000,9999.000,9999.000,9999.000,9999.000,9999.000,9999.000,9999.000
202608051636,   3.003,9999.000,9999.000,9999.000,9999.000,9999.000,9999.000,9999.000,9999.000
202608051642,   2.907,9999.000,9999.000,9999.000,9999.000,9999.000,9999.000,9999.000,9999.000
202608051648,   2.817,9999.000,9999.000,9999.000,9999.000,9999.000,9999.000,9999.000,9999.000
202608051654,   2.731,9999.000,9999.000,9999.000,9999.000,9999.000,9999.000,9999.000,9999.000
202608051700,   2.651,9999.000,   0.000,  -0.061,   2.590,   0.000,   2.590,   0.100,   2.690
202608051706,   2.576,9999.000,9999.000,9999.000,9999.000,9999.000,9999.000,9999.000,9999.000
202608051712,   2.506,9999.000,9999.000,9999.000,9999.000,9999.000,9999.000,9999.000,9999.000
202608051718,   2.442,9999.000,9999.000,9999.000,9999.000,9999.000,9999.000,9999.000,9999.000
202608051724,   2.384,9999.000,9999.000,9999.000,9999.000,9999.000,9999.000,9999.000,9999.000
202608051730,   2.331,9999.000,9999.000,9999.000,9999.000,9999.000,9999.000,9999.000,9999.000
202608051736,   2.283,9999.000,9999.000,9999.000,9999.000,9999.000,9999.000,9999.000,9999.000
202608051742,   2.241,9999.000,9999.000,9999.000,9999.000,9999.000,9999.000,9999.000,9999.000
202608051748,   2.204,9999.000,9999.000,9999.000,9999.000,9999.000,9999.000,9999.000,9999.000
202608051754,   2.173,9999.000,9999.000,9999.000,9999.000,9999.000,9999.000,9999.000,9999.000
202608051800,   2.147,9999.000,   0.100,  -0.061,   2.186,   0.000,   2.086,   0.100,   2.186
202608051806,   2.127,9999.000,9999.000,9999.000,9999.000,9999.000,9999.000,9999.000,9999.000
202608051812,   2.113,9999.000,9999.000,9999.000,9999.000,9999.000,9999.000,9999.000,9999.000
202608051818,   2.104,9999.000,9999.000,9999.000,9999.000,9999.000,9999.000,9999.000,9999.000
202608051824,   2.100,9999.000,9999.000,9999.000,9999.000,9999.000,9999.000,9999.000,9999.000
202608051830,   2.103,9999.000,9999.000,9999.000,9999.000,9999.000,9999.000,9999.000,9999.000
202608051836,   2.112,9999.000,9999.000,9999.000,9999.000,9999.000,9999.000,9999.000,9999.000
202608051842,   2.127,9999.000,9999.000,9999.000,9999.000,9999.000,9999.000,9999.000,9999.000
202608051848,   2.149,9999.000,9999.000,9999.000,9999.000,9999.000,9999.000,9999.000,9999.000
202608051854,   2.177,9999.000,9999.000,9999.000,9999.000,9999.000,9999.000,9999.000,9999.000
202608051900,   2.212,9999.000,   0.100,  -0.061,   2.251,   0.000,   2.151,   0.200,   2.351
202608051906,   2.254,9999.000,9999.000,9999.000,9999.000,9999.000,9999.000,9999.000,9999.000
202608051912,   2.303,9999.000,9999.000,9999.000,9999.000,9999.000,9999.000,9999.000,9999.000
202608051918,   2.358,9999.000,9999.000,9999.000,9999.000,9999.000,9999.000,9999.000,9999.000
202608051924,   2.422,9999.000,9999.000,9999.000,9999.000,9999.000,9999.000,9999.000,9999.000
202608051930,   2.492,9999.000,9999.000,9999.000,9999.000,9999.000,9999.000,9999.000,9999.000
202608051936,   2.570,9999.000,9999.000,9999.000,9999.000,9999.000,9999.000,9999.000,9999.000
202608051942,   2.654,9999.000,9999.000,9999.000,9999.000,9999.000,9999.000,9999.000,9999.000
202608051948,   2.746,9999.000,9999.000,9999.000,9999.000,9999.000,9999.000,9999.000,9999.000
202608051954,   2.845,9999.000,9999.000,9999.000,9999.000,9999.000,9999.000,9999.000,9999.000
202608052000,   2.950,9999.000,   0.100,  -0.061,   2.989,   0.000,   2.889,   0.200,   3.089
202608052006,   3.062,9999.000,9999.000,9999.000,9999.000,9999.000,9999.000,9999.000,9999.000
202608052012,   3.180,9999.000,9999.000,9999.000,9999.000,9999.000,9999.000,9999.000,9999.000
202608052018,   3.303,9999.000,9999.000,9999.000,9999.000,9999.000,9999.000,9999.000,9999.000
202608052024,   3.432,9999.000,9999.000,9999.000,9999.000,9999.000,9999.000,9999.000,9999.000
202608052030,   3.566,9999.000,9999.000,9999.000,9999.000,9999.000,9999.000,9999.000,9999.000
202608052036,   3.705,9999.000,9999.000,9999.000,9999.000,9999.000,9999.000,9999.000,9999.000
202608052042,   3.847,9999.000,9999.000,9999.000,9999.000,9999.000,9999.000,9999.000,9999.000
202608052048,   3.993,9999.000,9999.000,9999.000,9999.000,9999.000,9999.000,9999.000,9999.000
202608052054,   4.142,9999.000,9999.000,9999.000,9999.000,9999.000,9999.000,9999.000,9999.000
202608052100,   4.293,9999.000,   0.100,  -0.061,   4.332,   0.000,   4.232,   0.200,   4.432
202608052106,   4.446,9999.000,9999.000,9999.000,9999.000,9999.000,9999.000,9999.000,9999.000
202608052112,   4.601,9999.000,9999.000,9999.000,9999.000,9999.000,9999.000,9999.000,9999.000
202608052118,   4.757,9999.000,9999.000,9999.000,9999.000,9999.000,9999.000,9999.000,9999.000
202608052124,   4.913,9999.000,9999.000,9999.000,9999.000,9999.000,9999.000,9999.000,9999.000
202608052130,   5.069,9999.000,9999.000,9999.000,9999.000,9999.000,9999.000,9999.000,9999.000
202608052136,   5.225,9999.000,9999.000,9999.000,9999.000,9999.000,9999.000,9999.000,9999.000
202608052142,   5.380,9999.000,9999.000,9999.000,9999.000,9999.000,9999.000,9999.000,9999.000
202608052148,   5.534,9999.000,9999.000,9999.000,9999.000,9999.000,9999.000,9999.000,9999.000
202608052154,   5.686,9999.000,9999.000,9999.000,9999.000,9999.000,9999.000,9999.000,9999.000
202608052200,   5.836,9999.000,   0.100,  -0.061,   5.875,   0.000,   5.775,   0.200,   5.975
202608052206,   5.985,9999.000,9999.000,9999.000,9999.000,9999.000,9999.000,9999.000,9999.000
202608052212,   6.131,9999.000,9999.000,9999.000,9999.000,9999.000,9999.000,9999.000,9999.000
202608052218,   6.274,9999.000,9999.000,9999.000,9999.000,9999.000,9999.000,9999.000,9999.000
202608052224,   6.415,9999.000,9999.000,9999.000,9999.000,9999.000,9999.000,9999.000,9999.000
202608052230,   6.553,9999.000,9999.000,9999.000,9999.000,9999.000,9999.000,9999.000,9999.000
202608052236,   6.687,9999.000,9999.000,9999.000,9999.000,9999.000,9999.000,9999.000,9999.000
202608052242,   6.819,9999.000,9999.000,9999.000,9999.000,9999.000,9999.000,9999.000,9999.000
202608052248,   6.946,9999.000,9999.000,9999.000,9999.000,9999.000,9999.000,9999.000,9999.000
202608052254,   7.071,9999.000,9999.000,9999.000,9999.000,9999.000,9999.000,9999.000,9999.000
202608052300,   7.191,9999.000,   0.200,  -0.061,   7.330,   0.100,   7.230,   0.200,   7.330
202608052306,   7.307,9999.000,9999.000,9999.000,9999.000,9999.000,9999.000,9999.000,9999.000
202608052312,   7.420,9999.000,9999.000,9999.000,9999.000,9999.000,9999.000,9999.000,9999.000
202608052318,   7.528,9999.000,9999.000,9999.000,9999.000,9999.000,9999.000,9999.000,9999.000
202608052324,   7.632,9999.000,9999.000,9999.000,9999.000,9999.000,9999.000,9999.000,9999.000
202608052330,   7.731,9999.000,9999.000,9999.000,9999.000,9999.000,9999.000,9999.000,9999.000
202608052336,   7.826,9999.000,9999.000,9999.000,9999.000,9999.000,9999.000,9999.000,9999.000
202608052342,   7.916,9999.000,9999.000,9999.000,9999.000,9999.000,9999.000,9999.000,9999.000
202608052348,   8.001,9999.000,9999.000,9999.000,9999.000,9999.000,9999.000,9999.000,9999.000
202608052354,   8.081,9999.000,9999.000,9999.000,9999.000,9999.000,9999.000,9999.000,9999.000
202608060000,   8.156,9999.000,   0.100,  -0.061,   8.195,   0.100,   8.195,   0.200,   8.295
202608060006,   8.225,9999.000,9999.000,9999.000,9999.000,9999.000,9999.000,9999.000,9999.000
202608060012,   8.289,9999.000,9999.000,9999.000,9999.000,9999.000,9999.000,9999.000,9999.000
202608060018,   8.347,9999.000,9999.000,9999.000,9999.000,9999.000,9999.000,9999.000,9999.000
202608060024,   8.400,9999.000,9999.000,9999.000,9999.000,9999.000,9999.000,9999.000,9999.000
202608060030,   8.446,9999.000,9999.000,9999.000,9999.000,9999.000,9999.000,9999.000,9999.000
202608060036,   8.486,9999.000,9999.000,9999.000,9999.000,9999.000,9999.000,9999.000,9999.000
202608060042,   8.520,9999.000,9999.000,9999.000,9999.000,9999.000,9999.000,9999.000,9999.000
202608060048,   8.547,9999.000,9999.000,9999.000,9999.000,9999.000,9999.000,9999.000,9999.000
202608060054,   8.568,9999.000,9999.000,9999.000,9999.000,9999.000,9999.000,9999.000,9999.000
202608060100,   8.582,9999.000,   0.100,  -0.061,   8.621,   0.100,   8.621,   0.200,   8.721
202608060106,   8.589,9999.000,9999.000,9999.000,9999.000,9999.000,9999.000,9999.000,9999.000
202608060112,   8.589,9999.000,9999.000,9999.000,9999.000,9999.000,9999.000,9999.000,9999.000
202608060118,   8.581,9999.000,9999.000,9999.000,9999.000,9999.000,9999.000,9999.000,9999.000
202608060124,   8.566,9999.000,9999.000,9999.000,9999.000,9999.000,9999.000,9999.000,9999.000
202608060130,   8.544,9999.000,9999.000,9999.000,9999.000,9999.000,9999.000,9999.000,9999.000
202608060136,   8.514,9999.000,9999.000,9999.000,9999.000,9999.000,9999.000,9999.000,9999.000
202608060142,   8.476,9999.000,9999.000,9999.000,9999.000,9999.000,9999.000,9999.000,9999.000
202608060148,   8.430,9999.000,9999.000,9999.000,9999.000,9999.000,9999.000,9999.000,9999.000
202608060154,   8.376,9999.000,9999.000,9999.000,9999.000,9999.000,9999.000,9999.000,9999.000
202608060200,   8.314,9999.000,   0.200,  -0.061,   8.453,   0.100,   8.353,   0.200,   8.453
202608060206,   8.244,9999.000,9999.000,9999.000,9999.000,9999.000,9999.000,9999.000,9999.000
202608060212,   8.165,9999.000,9999.000,9999.000,9999.000,9999.000,9999.000,9999.000,9999.000
202608060218,   8.078,9999.000,9999.000,9999.000,9999.000,9999.000,9999.000,9999.000,9999.000
202608060224,   7.983,9999.000,9999.000,9999.000,9999.000,9999.000,9999.000,9999.000,9999.000
202608060230,   7.879,9999.000,9999.000,9999.000,9999.000,9999.000,9999.000,9999.000,9999.000
202608060236,   7.767,9999.000,9999.000,9999.000,9999.000,9999.000,9999.000,9999.000,9999.000
202608060242,   7.647,9999.000,9999.000,9999.000,9999.000,9999.000,9999.000,9999.000,9999.000
202608060248,   7.520,9999.000,9999.000,9999.000,9999.000,9999.000,9999.000,9999.000,9999.000
202608060254,   7.384,9999.000,9999.000,9999.000,9999.000,9999.000,9999.000,9999.000,9999.000
202608060300,   7.242,9999.000,   0.200,  -0.061,   7.381,   0.100,   7.281,   0.200,   7.381
202608060306,   7.092,9999.000,9999.000,9999.000,9999.000,9999.000,9999.000,9999.000,9999.000
202608060312,   6.936,9999.000,9999.000,9999.000,9999.000,9999.000,9999.000,9999.000,9999.000
202608060318,   6.774,9999.000,9999.000,9999.000,9999.000,9999.000,9999.000,9999.000,9999.000
202608060324,   6.606,9999.000,9999.000,9999.000,9999.000,9999.000,9999.000,9999.000,9999.000
202608060330,   6.433,9999.000,9999.000,9999.000,9999.000,9999.000,9999.000,9999.000,9999.000
202608060336,   6.255,9999.000,9999.000,9999.000,9999.000,9999.000,9999.000,9999.000,9999.000
202608060342,   6.073,9999.000,9999.000,9999.000,9999.000,9999.000,9999.000,9999.000,9999.000
202608060348,   5.888,9999.000,9999.000,9999.000,9999.000,9999.000,9999.000,9999.000,9999.000
202608060354,   5.701,9999.000,9999.000,9999.000,9999.000,9999.000,9999.000,9999.000,9999.000
202608060400,   5.511,9999.000,   0.200,  -0.061,   5.650,   0.100,   5.550,   0.200,   5.650
202608060406,   5.320,9999.000,9999.000,9999.000,9999.000,9999.000,9999.000,9999.000,9999.000
202608060412,   5.128,9999.000,9999.000,9999.000,9999.000,9999.000,9999.000,9999.000,9999.000
202608060418,   4.936,9999.000,9999.000,9999.000,9999.000,9999.000,9999.000,9999.000,9999.000
202608060424,   4.744,9999.000,9999.000,9999.000,9999.000,9999.000,9999.000,9999.000,9999.000
202608060430,   4.554,9999.000,9999.000,9999.000,9999.000,9999.000,9999.000,9999.000,9999.000
202608060436,   4.365,9999.000,9999.000,9999.000,9999.000,9999.000,9999.000,9999.000,9999.000
202608060442,   4.178,9999.000,9999.000,9999.000,9999.000,9999.000,9999.000,9999.000,9999.000
202608060448,   3.994,9999.000,9999.000,9999.000,9999.000,9999.000,9999.000,9999.000,9999.000
202608060454,   3.813,9999.000,9999.000,9999.000,9999.000,9999.000,9999.000,9999.000,9999.000
202608060500,   3.635,9999.000,   0.100,  -0.061,   3.674,   0.100,   3.674,   0.200,   3.774
202608060506,   3.461,9999.000,9999.000,9999.000,9999.000,9999.000,9999.000,9999.000,9999.000
202608060512,   3.290,9999.000,9999.000,9999.000,9999.000,9999.000,9999.000,9999.000,9999.000
202608060518,   3.124,9999.000,9999.000,9999.000,9999.000,9999.000,9999.000,9999.000,9999.000
202608060524,   2.962,9999.000,9999.000,9999.000,9999.000,9999.000,9999.000,9999.000,9999.000
202608060530,   2.805,9999.000,9999.000,9999.000,9999.000,9999.000,9999.000,9999.000,9999.000
202608060536,   2.652,9999.000,9999.000,9999.000,9999.000,9999.000,9999.000,9999.000,9999.000
202608060542,   2.504,9999.000,9999.000,9999.000,9999.000,9999.000,9999.000,9999.000,9999.000
202608060548,   2.361,9999.000,9999.000,9999.000,9999.000,9999.000,9999.000,9999.000,9999.000
202608060554,   2.223,9999.000,9999.000,9999.000,9999.000,9999.000,9999.000,9999.000,9999.000
202608060600,   2.090,9999.000,   0.100,  -0.061,   2.129,   0.000,   2.029,   0.200,   2.229
202608060606,   1.962,9999.000,9999.000,9999.000,9999.000,9999.000,9999.000,9999.000,9999.000
202608060612,   1.839,9999.000,9999.000,9999.000,9999.000,9999.000,9999.000,9999.000,9999.000
202608060618,   1.721,9999.000,9999.000,9999.000,9999.000,9999.000,9999.000,9999.000,9999.000
202608060624,   1.608,9999.000,9999.000,9999.000,9999.000,9999.000,9999.000,9999.000,9999.000
202608060630,   1.501,9999.000,9999.000,9999.000,9999.000,9999.000,9999.000,9999.000,9999.000
202608060636,   1.400,9999.000,9999.000,9999.000,9999.000,9999.000,9999.000,9999.000,9999.000
202608060642,   1.304,9999.000,9999.000,9999.000,9999.000,9999.000,9999.000,9999.000,9999.000
202608060648,   1.214,9999.000,9999.000,9999.000,9999.000,9999.000,9999.000,9999.000,9999.000
202608060654,   1.131,9999.000,9999.000,9999.000,9999.000,9999.000,9999.000,9999.000,9999.000
202608060700,   1.054,9999.000,   0.200,  -0.061,   1.193,   0.100,   1.093,   0.200,   1.193
202608060706,   0.983,9999.000,9999.000,9999.000,9999.000,9999.000,9999.000,9999.000,9999.000
202608060712,   0.920,9999.000,9999.000,9999.000,9999.000,9999.000,9999.000,9999.000,9999.000
202608060718,   0.864,9999.000,9999.000,9999.000,9999.000,9999.000,9999.000,9999.000,9999.000
202608060724,   0.815,9999.000,9999.000,9999.000,9999.000,9999.000,9999.000,9999.000,9999.000
202608060730,   0.773,9999.000,9999.000,9999.000,9999.000,9999.000,9999.000,9999.000,9999.000
202608060736,   0.740,9999.000,9999.000,9999.000,9999.000,9999.000,9999.000,9999.000,9999.000
202608060742,   0.715,9999.000,9999.000,9999.000,9999.000,9999.000,9999.000,9999.000,9999.000
202608060748,   0.697,9999.000,9999.000,9999.000,9999.000,9999.000,9999.000,9999.000,9999.000
202608060754,   0.688,9999.000,9999.000,9999.000,9999.000,9999.000,9999.000,9999.000,9999.000
202608060800,   0.688,9999.000,   0.100,  -0.061,   0.727,   0.000,   0.627,   0.200,   0.827
202608060806,   0.696,9999.000,9999.000,9999.000,9999.000,9999.000,9999.000,9999.000,9999.000
202608060812,   0.712,9999.000,9999.000,9999.000,9999.000,9999.000,9999.000,9999.000,9999.000
202608060818,   0.736,9999.000,9999.000,9999.000,9999.000,9999.000,9999.000,9999.000,9999.000
202608060824,   0.768,9999.000,9999.000,9999.000,9999.000,9999.000,9999.000,9999.000,9999.000
202608060830,   0.808,9999.000,9999.000,9999.000,9999.000,9999.000,9999.000,9999.000,9999.000
202608060836,   0.856,9999.000,9999.000,9999.000,9999.000,9999.000,9999.000,9999.000,9999.000
202608060842,   0.911,9999.000,9999.000,9999.000,9999.000,9999.000,9999.000,9999.000,9999.000
202608060848,   0.973,9999.000,9999.000,9999.000,9999.000,9999.000,9999.000,9999.000,9999.000
202608060854,   1.042,9999.000,9999.000,9999.000,9999.000,9999.000,9999.000,9999.000,9999.000
202608060900,   1.117,9999.000,   0.100,  -0.061,   1.156,   0.000,   1.056,   0.200,   1.256
202608060906,   1.198,9999.000,9999.000,9999.000,9999.000,9999.000,9999.000,9999.000,9999.000
202608060912,   1.284,9999.000,9999.000,9999.000,9999.000,9999.000,9999.000,9999.000,9999.000
202608060918,   1.375,9999.000,9999.000,9999.000,9999.000,9999.000,9999.000,9999.000,9999.000
202608060924,   1.471,9999.000,9999.000,9999.000,9999.000,9999.000,9999.000,9999.000,9999.000
202608060930,   1.570,9999.000,9999.000,9999.000,9999.000,9999.000,9999.000,9999.000,9999.000
202608060936,   1.673,9999.000,9999.000,9999.000,9999.000,9999.000,9999.000,9999.000,9999.000
202608060942,   1.779,9999.000,9999.000,9999.000,9999.000,9999.000,9999.000,9999.000,9999.000
202608060948,   1.887,9999.000,9999.000,9999.000,9999.000,9999.000,9999.000,9999.000,9999.000
202608060954,   1.997,9999.000,9999.000,9999.000,9999.000,9999.000,9999.000,9999.000,9999.000
202608061000,   2.110,9999.000,   0.200,  -0.061,   2.249,   0.100,   2.149,   0.300,   2.349
202608061006,   2.223,9999.000,9999.000,9999.000,9999.000,9999.000,9999.000,9999.000,9999.000
202608061012,   2.338,9999.000,9999.000,9999.000,9999.000,9999.000,9999.000,9999.000,9999.000
202608061018,   2.453,9999.000,9999.000,9999.000,9999.000,9999.000,9999.000,9999.000,9999.000
202608061024,   2.569,9999.000,9999.000,9999.000,9999.000,9999.000,9999.000,9999.000,9999.000
202608061030,   2.685,9999.000,9999.000,9999.000,9999.000,9999.000,9999.000,9999.000,9999.000
202608061036,   2.801,9999.000,9999.000,9999.000,9999.000,9999.000,9999.000,9999.000,9999.000
202608061042,   2.917,9999.000,9999.000,9999.000,9999.000,9999.000,9999.000,9999.000,9999.000
202608061048,   3.032,9999.000,9999.000,9999.000,9999.000,9999.000,9999.000,9999.000,9999.000
202608061054,   3.146,9999.000,9999.000,9999.000,9999.000,9999.000,9999.000,9999.000,9999.000
202608061100,   3.260,9999.000,   0.200,  -0.061,   3.399,   0.100,   3.299,   0.300,   3.499
202608061106,   3.373,9999.000,9999.000,9999.000,9999.000,9999.000,9999.000,9999.000,9999.000
202608061112,   3.485,9999.000,9999.000,9999.000,9999.000,9999.000,9999.000,9999.000,9999.000
202608061118,   3.595,9999.000,9999.000,9999.000,9999.000,9999.000,9999.000,9999.000,9999.000
202608061124,   3.704,9999.000,9999.000,9999.000,9999.000,9999.000,9999.000,9999.000,9999.000
202608061130,   3.812,9999.000,9999.000,9999.000,9999.000,9999.000,9999.000,9999.000,9999.000
202608061136,   3.918,9999.000,9999.000,9999.000,9999.000,9999.000,9999.000,9999.000,9999.000
202608061142,   4.022,9999.000,9999.000,9999.000,9999.000,9999.000,9999.000,9999.000,9999.000
202608061148,   4.124,9999.000,9999.000,9999.000,9999.000,9999.000,9999.000,9999.000,9999.000
202608061154,   4.224,9999.000,9999.000,9999.000,9999.000,9999.000,9999.000,9999.000,9999.000
202608061200,   4.323,9999.000,   0.200,  -0.061,   4.462,   0.100,   4.362,   0.300,   4.562
