        TIME,    TIDE,      OB,   SURGE,    BIAS,     TWL,SURGE90p,  TWL90p,SURGE10p,   TWL10p
202604130600,   0.669,   1.308,   0.700,  -0.061,   1.308,   0.700,   1.308,   0.800,   1.408
202604130606,   0.666,9999.000,9999.000,9999.000,9999.000,9999.000,9999.000,9999.000,9999.000
202604130612,   0.662,   1.371,9999.000,9999.000,9999.000,9999.000,9999.000,9999.000,9999.000
202604130618,   0.657,9999.000,9999.000,9999.000,9999.000,9999.000,9999.000,9999.000,9999.000
202604130624,   0.653,   1.328,9999.000,9999.000,9999.000,9999.000,9999.000,9999.000,9999.000
202604130630,   0.648,9999.000,9999.000,9999.000,9999.000,9999.000,9999.000,9999.000,9999.000
202604130636,   0.643,   1.371,9999.000,9999.000,9999.000,9999.000,9999.000,9999.000,9999.000
202604130642,   0.638,9999.000,9999.000,9999.000,9999.000,9999.000,9999.000,9999.000,9999.000
202604130648,   0.633,   1.318,9999.000,9999.000,9999.000,9999.000,9999.000,9999.000,9999.000
202604130654,   0.628,9999.000,9999.000,9999.000,9999.000,9999.000,9999.000,9999.000,9999.000
202604130700,   0.622,9999.000,   0.700,9999.000,   1.322,   0.700,   1.322,   0.800,   1.422
202604130706,   0.616,9999.000,9999.000,9999.000,9999.000,9999.000,9999.000,9999.000,9999.000
202604130712,   0.611,9999.000,9999.000,9999.000,9999.000,9999.000,9999.000,9999.000,9999.000
202604130718,   0.605,   1.318,9999.000,9999.000,9999.000,9999.000,9999.000,9999.000,9999.000
202604130724,   0.598,   1.289,9999.000,9999.000,9999.000,9999.000,9999.000,9999.000,9999.000
202604130730,   0.592,   1.289,9999.000,9999.000,9999.000,9999.000,9999.000,9999.000,9999.000
202604130736,   0.586,   1.279,9999.000,9999.000,9999.000,9999.000,9999.000,9999.000,9999.000
202604130742,   0.580,   1.259,9999.000,9999.000,9999.000,9999.000,9999.000,9999.000,9999.000
202604130748,   0.573,   1.259,9999.000,9999.000,9999.000,9999.000,9999.000,9999.000,9999.000
202604130754,   0.566,   1.220,9999.000,9999.000,9999.000,9999.000,9999.000,9999.000,9999.000
202604130800,   0.560,   1.220,   0.700,  -0.040,   1.220,   0.700,   1.220,   0.800,   1.320
202604130806,   0.553,   1.190,9999.000,9999.000,9999.000,9999.000,9999.000,9999.000,9999.000
202604130812,   0.547,   1.170,9999.000,9999.000,9999.000,9999.000,9999.000,9999.000,9999.000
202604130818,   0.540,   1.138,9999.000,9999.000,9999.000,9999.000,9999.000,9999.000,9999.000
202604130824,   0.533,   1.138,9999.000,9999.000,9999.000,9999.000,9999.000,9999.000,9999.000
202604130830,   0.526,   1.138,9999.000,9999.000,9999.000,9999.000,9999.000,9999.000,9999.000
202604130836,   0.519,   1.128,9999.000,9999.000,9999.000,9999.000,9999.000,9999.000,9999.000
202604130842,   0.513,   1.108,9999.000,9999.000,9999.000,9999.000,9999.000,9999.000,9999.000
202604130848,   0.506,   1.098,9999.000,9999.000,9999.000,9999.000,9999.000,9999.000,9999.000
202604130854,   0.499,   1.088,9999.000,9999.000,9999.000,9999.000,9999.000,9999.000,9999.000
202604130900,   0.492,   1.079,   0.700,  -0.113,   1.079,   0.700,   1.079,   0.800,   1.179
202604130906,   0.486,   1.039,9999.000,9999.000,9999.000,9999.000,9999.000,9999.000,9999.000
202604130912,   0.479,   1.020,9999.000,9999.000,9999.000,9999.000,9999.000,9999.000,9999.000
202604130918,   0.472,   1.029,9999.000,9999.000,9999.000,9999.000,9999.000,9999.000,9999.000
202604130924,   0.466,   1.029,9999.000,9999.000,9999.000,9999.000,9999.000,9999.000,9999.000
202604130930,   0.459,   1.010,9999.000,9999.000,9999.000,9999.000,9999.000,9999.000,9999.000
202604130936,   0.452,   1.020,9999.000,9999.000,9999.000,9999.000,9999.000,9999.000,9999.000
202604130942,   0.446,   1.010,9999.000,9999.000,9999.000,9999.000,9999.000,9999.000,9999.000
202604130948,   0.439,   1.059,9999.000,9999.000,9999.000,9999.000,9999.000,9999.000,9999.000
202604130954,   0.433,   1.079,9999.000,9999.000,9999.000,9999.000,9999.000,9999.000,9999.000
202604131000,   0.426,   1.059,   0.700,  -0.067,   1.059,   0.700,   1.059,   0.800,   1.159
202604131006,   0.420,   1.088,9999.000,9999.000,9999.000,9999.000,9999.000,9999.000,9999.000
202604131012,   0.413,   1.088,9999.000,9999.000,9999.000,9999.000,9999.000,9999.000,9999.000
202604131018,   0.407,   1.108,9999.000,9999.000,9999.000,9999.000,9999.000,9999.000,9999.000
202604131024,   0.401,   1.098,9999.000,9999.000,9999.000,9999.000,9999.000,9999.000,9999.000
202604131030,   0.394,   1.108,9999.000,9999.000,9999.000,9999.000,9999.000,9999.000,9999.000
202604131036,   0.388,   1.118,9999.000,9999.000,9999.000,9999.000,9999.000,9999.000,9999.000
202604131042,   0.382,   1.151,9999.000,9999.000,9999.000,9999.000,9999.000,9999.000,9999.000
202604131048,   0.376,   1.128,9999.000,9999.000,9999.000,9999.000,9999.000,9999.000,9999.000
202604131054,   0.370,   1.069,9999.000,9999.000,9999.000,9999.000,9999.000,9999.000,9999.000
202604131100,   0.365,   1.029,   0.800,  -0.136,   1.029,   0.700,   0.929,   0.800,   1.029
202604131106,   0.359,   1.059,9999.000,9999.000,9999.000,9999.000,9999.000,9999.000,9999.000
202604131112,   0.353,   1.069,9999.000,9999.000,9999.000,9999.000,9999.000,9999.000,9999.000
202604131118,   0.348,   1.049,9999.000,9999.000,9999.000,9999.000,9999.000,9999.000,9999.000
202604131124,   0.343,   1.020,9999.000,9999.000,9999.000,9999.000,9999.000,9999.000,9999.000
202604131130,   0.338,   1.010,9999.000,9999.000,9999.000,9999.000,9999.000,9999.000,9999.000
202604131136,   0.333,   0.990,9999.000,9999.000,9999.000,9999.000,9999.000,9999.000,9999.000
202604131142,   0.328,   1.000,9999.000,9999.000,9999.000,9999.000,9999.000,9999.000,9999.000
202604131148,   0.323,   1.010,9999.000,9999.000,9999.000,9999.000,9999.000,9999.000,9999.000
202604131154,   0.319,   1.020,9999.000,9999.000,9999.000,9999.000,9999.000,9999.000,9999.000
202604131200,   0.315,   0.990,   0.700,  -0.025,   0.990,   0.600,   0.890,   0.700,   0.990
202604131206,   0.311,   0.980,9999.000,9999.000,9999.000,9999.000,9999.000,9999.000,9999.000
202604131212,   0.307,   0.980,9999.000,9999.000,9999.000,9999.000,9999.000,9999.000,9999.000
202604131218,   0.304,   0.970,9999.000,9999.000,9999.000,9999.000,9999.000,9999.000,9999.000
202604131224,   0.301,   0.941,9999.000,9999.000,9999.000,9999.000,9999.000,9999.000,9999.000
202604131230,   0.299,   0.918,9999.000,9999.000,9999.000,9999.000,9999.000,9999.000,9999.000
202604131236,   0.296,   0.898,9999.000,9999.000,9999.000,9999.000,9999.000,9999.000,9999.000
202604131242,   0.294,   0.879,9999.000,9999.000,9999.000,9999.000,9999.000,9999.000,9999.000
202604131248,   0.293,   0.869,9999.000,9999.000,9999.000,9999.000,9999.000,9999.000,9999.000
202604131254,   0.291,   0.941,9999.000,9999.000,9999.000,9999.000,9999.000,9999.000,9999.000
202604131300,   0.290,   0.908,   0.600,   0.018,   0.908,   0.600,   0.908,   0.700,   1.008
202604131306,   0.290,   0.790,9999.000,9999.000,9999.000,9999.000,9999.000,9999.000,9999.000
202604131312,   0.290,   0.849,9999.000,9999.000,9999.000,9999.000,9999.000,9999.000,9999.000
202604131318,   0.290,   0.970,9999.000,9999.000,9999.000,9999.000,9999.000,9999.000,9999.000
202604131324,   0.291,   0.879,9999.000,9999.000,9999.000,9999.000,9999.000,9999.000,9999.000
202604131330,   0.292,   0.941,9999.000,9999.000,9999.000,9999.000,9999.000,9999.000,9999.000
202604131336,   0.294,   0.869,9999.000,9999.000,9999.000,9999.000,9999.000,9999.000,9999.000
202604131342,   0.296,   0.928,9999.000,9999.000,9999.000,9999.000,9999.000,9999.000,9999.000
202604131348,   0.299,   0.941,9999.000,9999.000,9999.000,9999.000,9999.000,9999.000,9999.000
202604131354,   0.302,   0.898,9999.000,9999.000,9999.000,9999.000,9999.000,9999.000,9999.000
202604131400,   0.305,   0.961,   0.600,   0.056,   0.961,   0.600,   0.961,   0.700,   1.061
202604131406,   0.309,   0.970,9999.000,9999.000,9999.000,9999.000,9999.000,9999.000,9999.000
202604131412,   0.314,   1.000,9999.000,9999.000,9999.000,9999.000,9999.000,9999.000,9999.000
202604131418,   0.318,   1.029,9999.000,9999.000,9999.000,9999.000,9999.000,9999.000,9999.000
202604131424,   0.324,   1.049,9999.000,9999.000,9999.000,9999.000,9999.000,9999.000,9999.000
202604131430,   0.329,   0.928,9999.000,9999.000,9999.000,9999.000,9999.000,9999.000,9999.000
202604131436,   0.336,   0.941,9999.000,9999.000,9999.000,9999.000,9999.000,9999.000,9999.000
202604131442,   0.342,   0.908,9999.000,9999.000,9999.000,9999.000,9999.000,9999.000,9999.000
202604131448,   0.349,   1.010,9999.000,9999.000,9999.000,9999.000,9999.000,9999.000,9999.000
202604131454,   0.356,   1.010,9999.000,9999.000,9999.000,9999.000,9999.000,9999.000,9999.000
202604131500,   0.364,   1.010,   0.700,  -0.054,   1.010,   0.600,   0.910,   0.700,   1.010
202604131506,   0.372,   0.980,9999.000,9999.000,9999.000,9999.000,9999.000,9999.000,9999.000
202604131512,   0.380,   1.000,9999.000,9999.000,9999.000,9999.000,9999.000,9999.000,9999.000
202604131518,   0.388,   1.010,9999.000,9999.000,9999.000,9999.000,9999.000,9999.000,9999.000
202604131524,   0.397,   1.020,9999.000,9999.000,9999.000,9999.000,9999.000,9999.000,9999.000
202604131530,   0.406,   1.029,9999.000,9999.000,9999.000,9999.000,9999.000,9999.000,9999.000
202604131536,   0.415,   1.049,9999.000,9999.000,9999.000,9999.000,9999.000,9999.000,9999.000
202604131542,   0.425,   1.039,9999.000,9999.000,9999.000,9999.000,9999.000,9999.000,9999.000
202604131548,   0.434,   1.049,9999.000,9999.000,9999.000,9999.000,9999.000,9999.000,9999.000
202604131554,   0.444,   1.088,9999.000,9999.000,9999.000,9999.000,9999.000,9999.000,9999.000
202604131600,   0.454,   1.098,   0.600,   0.044,   1.098,   0.600,   1.098,   0.700,   1.198
202604131606,   0.464,   1.098,9999.000,9999.000,9999.000,9999.000,9999.000,9999.000,9999.000
202604131612,   0.474,   1.151,9999.000,9999.000,9999.000,9999.000,9999.000,9999.000,9999.000
202604131618,   0.484,   1.059,9999.000,9999.000,9999.000,9999.000,9999.000,9999.000,9999.000
202604131624,   0.494,   1.180,9999.000,9999.000,9999.000,9999.000,9999.000,9999.000,9999.000
202604131630,   0.504,   1.138,9999.000,9999.000,9999.000,9999.000,9999.000,9999.000,9999.000
202604131636,   0.513,   1.098,9999.000,9999.000,9999.000,9999.000,9999.000,9999.000,9999.000
202604131642,   0.523,   1.118,9999.000,9999.000,9999.000,9999.000,9999.000,9999.000,9999.000
202604131648,   0.533,   1.128,9999.000,9999.000,9999.000,9999.000,9999.000,9999.000,9999.000
202604131654,   0.542,   1.138,9999.000,9999.000,9999.000,9999.000,9999.000,9999.000,9999.000
202604131700,   0.552,   1.170,   0.600,   0.018,   1.170,   0.600,   1.170,   0.700,   1.270
202604131706,   0.561,   1.161,9999.000,9999.000,9999.000,9999.000,9999.000,9999.000,9999.000
202604131712,   0.570,   1.128,9999.000,9999.000,9999.000,9999.000,9999.000,9999.000,9999.000
202604131718,   0.579,   1.151,9999.000,9999.000,9999.000,9999.000,9999.000,9999.000,9999.000
202604131724,   0.587,   1.118,9999.000,9999.000,9999.000,9999.000,9999.000,9999.000,9999.000
202604131730,   0.596,   1.138,9999.000,9999.000,9999.000,9999.000,9999.000,9999.000,9999.000
202604131736,   0.604,   1.190,9999.000,9999.000,9999.000,9999.000,9999.000,9999.000,9999.000
202604131742,   0.612,   1.229,9999.000,9999.000,9999.000,9999.000,9999.000,9999.000,9999.000
202604131748,   0.619,   1.210,9999.000,9999.000,9999.000,9999.000,9999.000,9999.000,9999.000
202604131754,   0.626,   1.190,9999.000,9999.000,9999.000,9999.000,9999.000,9999.000,9999.000
202604131800,   0.633,   1.220,   0.600,  -0.013,   1.220,   0.500,   1.120,   0.600,   1.220
202604131806,   0.640,   1.220,9999.000,9999.000,9999.000,9999.000,9999.000,9999.000,9999.000
202604131812,   0.646,   1.259,9999.000,9999.000,9999.000,9999.000,9999.000,9999.000,9999.000
202604131818,   0.652,   1.318,9999.000,9999.000,9999.000,9999.000,9999.000,9999.000,9999.000
202604131824,   0.658,   1.308,9999.000,9999.000,9999.000,9999.000,9999.000,9999.000,9999.000
202604131830,   0.663,   1.328,9999.000,9999.000,9999.000,9999.000,9999.000,9999.000,9999.000
202604131836,   0.668,   1.308,9999.000,9999.000,9999.000,9999.000,9999.000,9999.000,9999.000
202604131842,   0.672,   1.298,9999.000,9999.000,9999.000,9999.000,9999.000,9999.000,9999.000
202604131848,   0.677,   1.298,9999.000,9999.000,9999.000,9999.000,9999.000,9999.000,9999.000
202604131854,   0.681,   1.308,9999.000,9999.000,9999.000,9999.000,9999.000,9999.000,9999.000
202604131900,   0.685,   1.308,   0.500,   0.123,   1.308,   0.500,   1.308,   0.600,   1.408
202604131906,   0.688,   1.289,9999.000,9999.000,9999.000,9999.000,9999.000,9999.000,9999.000
202604131912,   0.691,   1.249,9999.000,9999.000,9999.000,9999.000,9999.000,9999.000,9999.000
202604131918,   0.694,   1.239,9999.000,9999.000,9999.000,9999.000,9999.000,9999.000,9999.000
202604131924,   0.696,   1.220,9999.000,9999.000,9999.000,9999.000,9999.000,9999.000,9999.000
202604131930,   0.699,   1.200,9999.000,9999.000,9999.000,9999.000,9999.000,9999.000,9999.000
202604131936,   0.701,   1.170,9999.000,9999.000,9999.000,9999.000,9999.000,9999.000,9999.000
202604131942,   0.702,   1.151,9999.000,9999.000,9999.000,9999.000,9999.000,9999.000,9999.000
202604131948,   0.704,   1.138,9999.000,9999.000,9999.000,9999.000,9999.000,9999.000,9999.000
202604131954,   0.705,   1.151,9999.000,9999.000,9999.000,9999.000,9999.000,9999.000,9999.000
202604132000,   0.706,   1.170,   0.600,  -0.136,   1.170,   0.500,   1.070,   0.600,   1.170
202604132006,   0.707,   1.180,9999.000,9999.000,9999.000,9999.000,9999.000,9999.000,9999.000
202604132012,   0.708,   1.180,9999.000,9999.000,9999.000,9999.000,9999.000,9999.000,9999.000
202604132018,   0.708,   1.180,9999.000,9999.000,9999.000,9999.000,9999.000,9999.000,9999.000
202604132024,   0.708,   1.161,9999.000,9999.000,9999.000,9999.000,9999.000,9999.000,9999.000
202604132030,   0.708,   1.151,9999.000,9999.000,9999.000,9999.000,9999.000,9999.000,9999.000
202604132036,   0.708,   1.151,9999.000,9999.000,9999.000,9999.000,9999.000,9999.000,9999.000
202604132042,   0.708,   1.170,9999.000,9999.000,9999.000,9999.000,9999.000,9999.000,9999.000
202604132048,   0.707,   1.151,9999.000,9999.000,9999.000,9999.000,9999.000,9999.000,9999.000
202604132054,   0.706,   1.128,9999.000,9999.000,9999.000,9999.000,9999.000,9999.000,9999.000
202604132100,   0.705,   1.128,   0.500,  -0.077,   1.128,   0.500,   1.128,   0.600,   1.228
202604132106,   0.704,   1.161,9999.000,9999.000,9999.000,9999.000,9999.000,9999.000,9999.000
202604132112,   0.703,   1.180,9999.000,9999.000,9999.000,9999.000,9999.000,9999.000,9999.000
202604132118,   0.702,   1.180,9999.000,9999.000,9999.000,9999.000,9999.000,9999.000,9999.000
202604132124,   0.700,   1.190,9999.000,9999.000,9999.000,9999.000,9999.000,9999.000,9999.000
202604132130,   0.699,   1.210,9999.000,9999.000,9999.000,9999.000,9999.000,9999.000,9999.000
202604132136,   0.697,   1.239,9999.000,9999.000,9999.000,9999.000,9999.000,9999.000,9999.000
202604132142,   0.695,   1.249,9999.000,9999.000,9999.000,9999.000,9999.000,9999.000,9999.000
202604132148,   0.693,   1.279,9999.000,9999.000,9999.000,9999.000,9999.000,9999.000,9999.000
202604132154,   0.691,   1.259,9999.000,9999.000,9999.000,9999.000,9999.000,9999.000,9999.000
202604132200,   0.689,   1.259,   0.500,   0.070,   1.259,   0.500,   1.259,   0.600,   1.359
202604132206,   0.687,   1.229,9999.000,9999.000,9999.000,9999.000,9999.000,9999.000,9999.000
202604132212,   0.684,   1.200,9999.000,9999.000,9999.000,9999.000,9999.000,9999.000,9999.000
202604132218,   0.681,   1.190,9999.000,9999.000,9999.000,9999.000,9999.000,9999.000,9999.000
202604132224,   0.679,   1.200,9999.000,9999.000,9999.000,9999.000,9999.000,9999.000,9999.000
202604132230,   0.676,   1.161,9999.000,9999.000,9999.000,9999.000,9999.000,9999.000,9999.000
202604132236,   0.673,   1.151,9999.000,9999.000,9999.000,9999.000,9999.000,9999.000,9999.000
202604132242,   0.670,   1.151,9999.000,9999.000,9999.000,9999.000,9999.000,9999.000,9999.000
202604132248,   0.667,   1.108,9999.000,9999.000,9999.000,9999.000,9999.000,9999.000,9999.000
202604132254,   0.664,   1.138,9999.000,9999.000,9999.000,9999.000,9999.000,9999.000,9999.000
202604132300,   0.661,   1.059,   0.600,  -0.202,   1.059,   0.600,   1.059,   0.600,   1.059
202604132306,   0.657,   1.010,9999.000,9999.000,9999.000,9999.000,9999.000,9999.000,9999.000
202604132312,   0.654,   1.029,9999.000,9999.000,9999.000,9999.000,9999.000,9999.000,9999.000
202604132318,   0.651,   1.128,9999.000,9999.000,9999.000,9999.000,9999.000,9999.000,9999.000
202604132324,   0.647,   1.079,9999.000,9999.000,9999.000,9999.000,9999.000,9999.000,9999.000
202604132330,   0.644,   1.079,9999.000,9999.000,9999.000,9999.000,9999.000,9999.000,9999.000
202604132336,   0.640,   1.059,9999.000,9999.000,9999.000,9999.000,9999.000,9999.000,9999.000
202604132342,   0.637,   1.079,9999.000,9999.000,9999.000,9999.000,9999.000,9999.000,9999.000
202604132348,   0.633,   1.108,9999.000,9999.000,9999.000,9999.000,9999.000,9999.000,9999.000
202604132354,   0.630,   1.059,9999.000,9999.000,9999.000,9999.000,9999.000,9999.000,9999.000
202604140000,   0.626,   1.039,   0.500,  -0.087,   1.039,   0.500,   1.039,   0.600,   1.139
202604140006,   0.623,   0.888,9999.000,9999.000,9999.000,9999.000,9999.000,9999.000,9999.000
202604140012,   0.619,   1.010,9999.000,9999.000,9999.000,9999.000,9999.000,9999.000,9999.000
202604140018,   0.616,   1.049,9999.000,9999.000,9999.000,9999.000,9999.000,9999.000,9999.000
202604140024,   0.613,   1.039,9999.000,9999.000,9999.000,9999.000,9999.000,9999.000,9999.000
202604140030,   0.610,   1.049,9999.000,9999.000,9999.000,9999.000,9999.000,9999.000,9999.000
202604140036,   0.607,   1.039,9999.000,9999.000,9999.000,9999.000,9999.000,9999.000,9999.000
202604140042,   0.604,   1.039,9999.000,9999.000,9999.000,9999.000,9999.000,9999.000,9999.000
202604140048,   0.602,   1.020,9999.000,9999.000,9999.000,9999.000,9999.000,9999.000,9999.000
202604140054,   0.599,   0.970,9999.000,9999.000,9999.000,9999.000,9999.000,9999.000,9999.000
202604140100,   0.597,   0.990,   0.600,  -0.207,   0.990,   0.500,   0.890,   0.600,   0.990
202604140106,   0.595,   0.980,9999.000,9999.000,9999.000,9999.000,9999.000,9999.000,9999.000
202604140112,   0.593,   1.010,9999.000,9999.000,9999.000,9999.000,9999.000,9999.000,9999.000
202604140118,   0.591,   1.020,9999.000,9999.000,9999.000,9999.000,9999.000,9999.000,9999.000
202604140124,   0.590,   1.000,9999.000,9999.000,9999.000,9999.000,9999.000,9999.000,9999.000
202604140130,   0.588,   1.020,9999.000,9999.000,9999.000,9999.000,9999.000,9999.000,9999.000
202604140136,   0.587,   1.000,9999.000,9999.000,9999.000,9999.000,9999.000,9999.000,9999.000
202604140142,   0.587,   1.020,9999.000,9999.000,9999.000,9999.000,9999.000,9999.000,9999.000
202604140148,   0.586,   1.029,9999.000,9999.000,9999.000,9999.000,9999.000,9999.000,9999.000
202604140154,   0.586,   1.029,9999.000,9999.000,9999.000,9999.000,9999.000,9999.000,9999.000
202604140200,   0.586,   1.020,   0.500,  -0.066,   1.020,   0.500,   1.020,   0.600,   1.120
202604140206,   0.587,   1.039,9999.000,9999.000,9999.000,9999.000,9999.000,9999.000,9999.000
202604140212,   0.587,   1.059,9999.000,9999.000,9999.000,9999.000,9999.000,9999.000,9999.000
202604140218,   0.588,   1.049,9999.000,9999.000,9999.000,9999.000,9999.000,9999.000,9999.000
202604140224,   0.590,   1.059,9999.000,9999.000,9999.000,9999.000,9999.000,9999.000,9999.000
202604140230,   0.591,   1.049,9999.000,9999.000,9999.000,9999.000,9999.000,9999.000,9999.000
202604140236,   0.593,   1.039,9999.000,9999.000,9999.000,9999.000,9999.000,9999.000,9999.000
202604140242,   0.595,   1.020,9999.000,9999.000,9999.000,9999.000,9999.000,9999.000,9999.000
202604140248,   0.597,   1.039,9999.000,9999.000,9999.000,9999.000,9999.000,9999.000,9999.000
202604140254,   0.600,   1.049,9999.000,9999.000,9999.000,9999.000,9999.000,9999.000,9999.000
202604140300,   0.603,   1.029,   0.600,  -0.174,   1.029,   0.500,   0.929,   0.600,   1.029
202604140306,   0.606,   1.039,9999.000,9999.000,9999.000,9999.000,9999.000,9999.000,9999.000
202604140312,   0.609,   1.029,9999.000,9999.000,9999.000,9999.000,9999.000,9999.000,9999.000
202604140318,   0.613,   1.039,9999.000,9999.000,9999.000,9999.000,9999.000,9999.000,9999.000
202604140324,   0.616,   1.049,9999.000,9999.000,9999.000,9999.000,9999.000,9999.000,9999.000
202604140330,   0.620,   1.049,9999.000,9999.000,9999.000,9999.000,9999.000,9999.000,9999.000
202604140336,   0.624,   1.049,9999.000,9999.000,9999.000,9999.000,9999.000,9999.000,9999.000
202604140342,   0.628,   1.059,9999.000,9999.000,9999.000,9999.000,9999.000,9999.000,9999.000
202604140348,   0.632,   1.079,9999.000,9999.000,9999.000,9999.000,9999.000,9999.000,9999.000
202604140354,   0.637,   1.098,9999.000,9999.000,9999.000,9999.000,9999.000,9999.000,9999.000
202604140400,   0.641,   1.118,   0.600,  -0.123,   1.118,   0.600,   1.118,   0.600,   1.118
202604140406,   0.646,   1.118,9999.000,9999.000,9999.000,9999.000,9999.000,9999.000,9999.000
202604140412,   0.650,   1.128,9999.000,9999.000,9999.000,9999.000,9999.000,9999.000,9999.000
202604140418,   0.654,   1.108,9999.000,9999.000,9999.000,9999.000,9999.000,9999.000,9999.000
202604140424,   0.659,   1.138,9999.000,9999.000,9999.000,9999.000,9999.000,9999.000,9999.000
202604140430,   0.663,   1.118,9999.000,9999.000,9999.000,9999.000,9999.000,9999.000,9999.000
202604140436,   0.667,   1.151,9999.000,9999.000,9999.000,9999.000,9999.000,9999.000,9999.000
202604140442,   0.672,   1.161,9999.000,9999.000,9999.000,9999.000,9999.000,9999.000,9999.000
202604140448,   0.676,   1.161,9999.000,9999.000,9999.000,9999.000,9999.000,9999.000,9999.000
202604140454,   0.680,   1.161,9999.000,9999.000,9999.000,9999.000,9999.000,9999.000,9999.000
202604140500,   0.684,   1.151,   0.600,  -0.133,   1.151,   0.500,   1.051,   0.600,   1.151
202604140506,   0.687,   1.161,9999.000,9999.000,9999.000,9999.000,9999.000,9999.000,9999.000
202604140512,   0.691,   1.170,9999.000,9999.000,9999.000,9999.000,9999.000,9999.000,9999.000
202604140518,   0.694,   1.170,9999.000,9999.000,9999.000,9999.000,9999.000,9999.000,9999.000
202604140524,   0.697,   1.151,9999.000,9999.000,9999.000,9999.000,9999.000,9999.000,9999.000
202604140530,   0.700,   1.138,9999.000,9999.000,9999.000,9999.000,9999.000,9999.000,9999.000
202604140536,   0.702,   1.128,9999.000,9999.000,9999.000,9999.000,9999.000,9999.000,9999.000
202604140542,   0.704,   1.138,9999.000,9999.000,9999.000,9999.000,9999.000,9999.000,9999.000
202604140548,   0.706,   1.098,9999.000,9999.000,9999.000,9999.000,9999.000,9999.000,9999.000
202604140554,   0.708,   1.088,9999.000,9999.000,9999.000,9999.000,9999.000,9999.000,9999.000
202604140600,   0.710,   1.079,   0.500,  -0.131,   1.079,   0.500,   1.079,   0.600,   1.179
202604140606,   0.711,   1.128,9999.000,9999.000,9999.000,9999.000,9999.000,9999.000,9999.000
202604140612,   0.711,   1.128,9999.000,9999.000,9999.000,9999.000,9999.000,9999.000,9999.000
202604140618,   0.712,   1.108,9999.000,9999.000,9999.000,9999.000,9999.000,9999.000,9999.000
202604140624,   0.712,   1.088,9999.000,9999.000,9999.000,9999.000,9999.000,9999.000,9999.000
202604140630,   0.712,   1.088,9999.000,9999.000,9999.000,9999.000,9999.000,9999.000,9999.000
202604140636,   0.712,   1.118,9999.000,9999.000,9999.000,9999.000,9999.000,9999.000,9999.000
202604140642,   0.711,   1.128,9999.000,9999.000,9999.000,9999.000,9999.000,9999.000,9999.000
202604140648,   0.710,   1.128,9999.000,9999.000,9999.000,9999.000,9999.000,9999.000,9999.000
202604140654,   0.709,   1.128,9999.000,9999.000,9999.000,9999.000,9999.000,9999.000,9999.000
202604140700,   0.707,   1.151,   0.500,  -0.056,   1.151,   0.500,   1.151,   0.600,   1.251
202604140706,   0.705,   1.180,9999.000,9999.000,9999.000,9999.000,9999.000,9999.000,9999.000
202604140712,   0.703,   1.190,9999.000,9999.000,9999.000,9999.000,9999.000,9999.000,9999.000
202604140718,   0.700,   1.200,9999.000,9999.000,9999.000,9999.000,9999.000,9999.000,9999.000
202604140724,   0.698,   1.190,9999.000,9999.000,9999.000,9999.000,9999.000,9999.000,9999.000
202604140730,   0.695,   1.220,9999.000,9999.000,9999.000,9999.000,9999.000,9999.000,9999.000
202604140736,   0.692,   1.239,9999.000,9999.000,9999.000,9999.000,9999.000,9999.000,9999.000
202604140742,   0.688,   1.180,9999.000,9999.000,9999.000,9999.000,9999.000,9999.000,9999.000
202604140748,   0.685,   1.210,9999.000,9999.000,9999.000,9999.000,9999.000,9999.000,9999.000
202604140754,   0.681,   1.088,9999.000,9999.000,9999.000,9999.000,9999.000,9999.000,9999.000
202604140800,   0.677,   1.180,   0.500,   0.003,   1.180,   0.500,   1.180,   0.600,   1.280
202604140806,   0.672,   1.151,9999.000,9999.000,9999.000,9999.000,9999.000,9999.000,9999.000
202604140812,   0.668,   1.138,9999.000,9999.000,9999.000,9999.000,9999.000,9999.000,9999.000
202604140818,   0.663,   1.151,9999.000,9999.000,9999.000,9999.000,9999.000,9999.000,9999.000
202604140824,   0.659,   1.180,9999.000,9999.000,9999.000,9999.000,9999.000,9999.000,9999.000
202604140830,   0.654,   1.128,9999.000,9999.000,9999.000,9999.000,9999.000,9999.000,9999.000
202604140836,   0.649,   1.108,9999.000,9999.000,9999.000,9999.000,9999.000,9999.000,9999.000
202604140842,   0.644,   1.098,9999.000,9999.000,9999.000,9999.000,9999.000,9999.000,9999.000
202604140848,   0.639,   1.088,9999.000,9999.000,9999.000,9999.000,9999.000,9999.000,9999.000
202604140854,   0.633,   1.098,9999.000,9999.000,9999.000,9999.000,9999.000,9999.000,9999.000
202604140900,   0.628,   1.079,   0.500,  -0.049,   1.079,   0.500,   1.079,   0.600,   1.179
202604140906,   0.622,   1.069,9999.000,9999.000,9999.000,9999.000,9999.000,9999.000,9999.000
202604140912,   0.617,   1.069,9999.000,9999.000,9999.000,9999.000,9999.000,9999.000,9999.000
202604140918,   0.611,   1.069,9999.000,9999.000,9999.000,9999.000,9999.000,9999.000,9999.000
202604140924,   0.605,   1.039,9999.000,9999.000,9999.000,9999.000,9999.000,9999.000,9999.000
202604140930,   0.599,   1.039,9999.000,9999.000,9999.000,9999.000,9999.000,9999.000,9999.000
202604140936,   0.594,   1.000,9999.000,9999.000,9999.000,9999.000,9999.000,9999.000,9999.000
202604140942,   0.588,   0.980,9999.000,9999.000,9999.000,9999.000,9999.000,9999.000,9999.000
202604140948,   0.582,   0.980,9999.000,9999.000,9999.000,9999.000,9999.000,9999.000,9999.000
202604140954,   0.576,   0.980,9999.000,9999.000,9999.000,9999.000,9999.000,9999.000,9999.000
202604141000,   0.570,   0.990,   0.500,  -0.080,   0.990,   0.500,   0.990,   0.600,   1.090
202604141006,   0.564,   0.970,9999.000,9999.000,9999.000,9999.000,9999.000,9999.000,9999.000
202604141012,   0.558,   0.980,9999.000,9999.000,9999.000,9999.000,9999.000,9999.000,9999.000
202604141018,   0.552,   0.970,9999.000,9999.000,9999.000,9999.000,9999.000,9999.000,9999.000
202604141024,   0.545,   0.980,9999.000,9999.000,9999.000,9999.000,9999.000,9999.000,9999.000
202604141030,   0.539,   1.010,9999.000,9999.000,9999.000,9999.000,9999.000,9999.000,9999.000
202604141036,   0.533,   1.000,9999.000,9999.000,9999.000,9999.000,9999.000,9999.000,9999.000
202604141042,   0.527,   0.980,9999.000,9999.000,9999.000,9999.000,9999.000,9999.000,9999.000
202604141048,   0.521,   0.990,9999.000,9999.000,9999.000,9999.000,9999.000,9999.000,9999.000
202604141054,   0.515,   0.990,9999.000,9999.000,9999.000,9999.000,9999.000,9999.000,9999.000
202604141100,   0.509,   0.980,   0.600,  -0.129,   0.980,   0.600,   0.980,   0.600,   0.980
202604141106,   0.502,   0.980,9999.000,9999.000,9999.000,9999.000,9999.000,9999.000,9999.000
202604141112,   0.496,   0.980,9999.000,9999.000,9999.000,9999.000,9999.000,9999.000,9999.000
202604141118,   0.490,   0.980,9999.000,9999.000,9999.000,9999.000,9999.000,9999.000,9999.000
202604141124,   0.484,   1.000,9999.000,9999.000,9999.000,9999.000,9999.000,9999.000,9999.000
202604141130,   0.478,   0.990,9999.000,9999.000,9999.000,9999.000,9999.000,9999.000,9999.000
202604141136,   0.472,   0.990,9999.000,9999.000,9999.000,9999.000,9999.000,9999.000,9999.000
202604141142,   0.467,   1.000,9999.000,9999.000,9999.000,9999.000,9999.000,9999.000,9999.000
202604141148,   0.461,   1.020,9999.000,9999.000,9999.000,9999.000,9999.000,9999.000,9999.000
202604141154,   0.455,   1.029,9999.000,9999.000,9999.000,9999.000,9999.000,9999.000,9999.000
202604141200,   0.450,   1.029,   0.500,   0.079,   1.029,   0.500,   1.029,   0.500,   1.029
202604141206,   0.444,   1.010,9999.000,9999.000,9999.000,9999.000,9999.000,9999.000,9999.000
202604141212,   0.439,   1.049,9999.000,9999.000,9999.000,9999.000,9999.000,9999.000,9999.000
202604141218,   0.434,   1.059,9999.000,9999.000,9999.000,9999.000,9999.000,9999.000,9999.000
202604141224,   0.429,   1.000,9999.000,9999.000,9999.000,9999.000,9999.000,9999.000,9999.000
202604141230,   0.424,   1.020,9999.000,9999.000,9999.000,9999.000,9999.000,9999.000,9999.000
202604141236,   0.419,   0.970,9999.000,9999.000,9999.000,9999.000,9999.000,9999.000,9999.000
202604141242,   0.415,   0.941,9999.000,9999.000,9999.000,9999.000,9999.000,9999.000,9999.000
202604141248,   0.411,   0.961,9999.000,9999.000,9999.000,9999.000,9999.000,9999.000,9999.000
202604141254,   0.407,   0.970,9999.000,9999.000,9999.000,9999.000,9999.000,9999.000,9999.000
202604141300,   0.403,   0.951,   0.500,   0.048,   0.951,   0.500,   0.951,   0.500,   0.951
202604141306,   0.400,   0.928,9999.000,9999.000,9999.000,9999.000,9999.000,9999.000,9999.000
202604141312,   0.397,   0.951,9999.000,9999.000,9999.000,9999.000,9999.000,9999.000,9999.000
202604141318,   0.394,   0.941,9999.000,9999.000,9999.000,9999.000,9999.000,9999.000,9999.000
202604141324,   0.391,   0.918,9999.000,9999.000,9999.000,9999.000,9999.000,9999.000,9999.000
202604141330,   0.390,   0.941,9999.000,9999.000,9999.000,9999.000,9999.000,9999.000,9999.000
202604141336,   0.387,   0.941,9999.000,9999.000,9999.000,9999.000,9999.000,9999.000,9999.000
202604141342,   0.386,   0.928,9999.000,9999.000,9999.000,9999.000,9999.000,9999.000,9999.000
202604141348,   0.385,   0.928,9999.000,9999.000,9999.000,9999.000,9999.000,9999.000,9999.000
202604141354,   0.384,   0.918,9999.000,9999.000,9999.000,9999.000,9999.000,9999.000,9999.000
202604141400,   0.384,   0.908,   0.500,   0.024,   0.908,   0.500,   0.908,   0.500,   0.908
202604141406,   0.384,   0.941,9999.000,9999.000,9999.000,9999.000,9999.000,9999.000,9999.000
202604141412,   0.384,   0.928,9999.000,9999.000,9999.000,9999.000,9999.000,9999.000,9999.000
202604141418,   0.385,   0.918,9999.000,9999.000,9999.000,9999.000,9999.000,9999.000,9999.000
202604141424,   0.386,   0.898,9999.000,9999.000,9999.000,9999.000,9999.000,9999.000,9999.000
202604141430,   0.388,   0.928,9999.000,9999.000,9999.000,9999.000,9999.000,9999.000,9999.000
202604141436,   0.390,   0.918,9999.000,9999.000,9999.000,9999.000,9999.000,9999.000,9999.000
202604141442,   0.393,   0.918,9999.000,9999.000,9999.000,9999.000,9999.000,9999.000,9999.000
202604141448,   0.395,   0.941,9999.000,9999.000,9999.000,9999.000,9999.000,9999.000,9999.000
202604141454,   0.399,   0.970,9999.000,9999.000,9999.000,9999.000,9999.000,9999.000,9999.000
202604141500,   0.402,   0.980,   0.500,   0.078,   0.980,   0.500,   0.980,   0.500,   0.980
202604141506,   0.407,   0.970,9999.000,9999.000,9999.000,9999.000,9999.000,9999.000,9999.000
202604141512,   0.411,   0.980,9999.000,9999.000,9999.000,9999.000,9999.000,9999.000,9999.000
202604141518,   0.416,   0.961,9999.000,9999.000,9999.000,9999.000,9999.000,9999.000,9999.000
202604141524,   0.421,   1.000,9999.000,9999.000,9999.000,9999.000,9999.000,9999.000,9999.000
202604141530,   0.426,   1.010,9999.000,9999.000,9999.000,9999.000,9999.000,9999.000,9999.000
202604141536,   0.432,   1.010,9999.000,9999.000,9999.000,9999.000,9999.000,9999.000,9999.000
202604141542,   0.438,   1.029,9999.000,9999.000,9999.000,9999.000,9999.000,9999.000,9999.000
202604141548,   0.445,   1.039,9999.000,9999.000,9999.000,9999.000,9999.000,9999.000,9999.000
202604141554,   0.451,   1.029,9999.000,9999.000,9999.000,9999.000,9999.000,9999.000,9999.000
202604141600,   0.458,   1.039,   0.500,   0.081,   1.039,   0.500,   1.039,   0.500,   1.039
202604141606,   0.465,   1.049,9999.000,9999.000,9999.000,9999.000,9999.000,9999.000,9999.000
202604141612,   0.473,   1.029,9999.000,9999.000,9999.000,9999.000,9999.000,9999.000,9999.000
202604141618,   0.480,   1.069,9999.000,9999.000,9999.000,9999.000,9999.000,9999.000,9999.000
202604141624,   0.488,   1.128,9999.000,9999.000,9999.000,9999.000,9999.000,9999.000,9999.000
202604141630,   0.496,   1.108,9999.000,9999.000,9999.000,9999.000,9999.000,9999.000,9999.000
202604141636,   0.503,   1.098,9999.000,9999.000,9999.000,9999.000,9999.000,9999.000,9999.000
202604141642,   0.511,   1.108,9999.000,9999.000,9999.000,9999.000,9999.000,9999.000,9999.000
202604141648,   0.519,   1.128,9999.000,9999.000,9999.000,9999.000,9999.000,9999.000,9999.000
202604141654,   0.527,   1.170,9999.000,9999.000,9999.000,9999.000,9999.000,9999.000,9999.000
202604141700,   0.535,   1.180,   0.500,   0.145,   1.180,   0.400,   1.080,   0.500,   1.180
202604141706,   0.543,   1.151,9999.000,9999.000,9999.000,9999.000,9999.000,9999.000,9999.000
202604141712,   0.551,   1.151,9999.000,9999.000,9999.000,9999.000,9999.000,9999.000,9999.000
202604141718,   0.558,   1.138,9999.000,9999.000,9999.000,9999.000,9999.000,9999.000,9999.000
202604141724,   0.566,   1.190,9999.000,9999.000,9999.000,9999.000,9999.000,9999.000,9999.000
202604141730,   0.573,   1.190,9999.000,9999.000,9999.000,9999.000,9999.000,9999.000,9999.000
202604141736,   0.581,   1.190,9999.000,9999.000,9999.000,9999.000,9999.000,9999.000,9999.000
202604141742,   0.588,   1.190,9999.000,9999.000,9999.000,9999.000,9999.000,9999.000,9999.000
202604141748,   0.595,   1.229,9999.000,9999.000,9999.000,9999.000,9999.000,9999.000,9999.000
202604141754,   0.601,   1.249,9999.000,9999.000,9999.000,9999.000,9999.000,9999.000,9999.000
202604141800,   0.608,   1.229,   0.500,   0.121,   1.229,   0.400,   1.129,   0.500,   1.229
202604141806,   0.614,   1.249,9999.000,9999.000,9999.000,9999.000,9999.000,9999.000,9999.000
202604141812,   0.620,   1.249,9999.000,9999.000,9999.000,9999.000,9999.000,9999.000,9999.000
202604141818,   0.625,   1.259,9999.000,9999.000,9999.000,9999.000,9999.000,9999.000,9999.000
202604141824,   0.630,   1.259,9999.000,9999.000,9999.000,9999.000,9999.000,9999.000,9999.000
202604141830,   0.635,   1.269,9999.000,9999.000,9999.000,9999.000,9999.000,9999.000,9999.000
202604141836,   0.640,   1.269,9999.000,9999.000,9999.000,9999.000,9999.000,9999.000,9999.000
202604141842,   0.644,   1.249,9999.000,9999.000,9999.000,9999.000,9999.000,9999.000,9999.000
202604141848,   0.648,   1.210,9999.000,9999.000,9999.000,9999.000,9999.000,9999.000,9999.000
202604141854,   0.652,   1.308,9999.000,9999.000,9999.000,9999.000,9999.000,9999.000,9999.000
202604141900,   0.655,   1.298,   0.500,   0.143,   1.298,   0.400,   1.198,   0.500,   1.298
202604141906,   0.658,   1.269,9999.000,9999.000,9999.000,9999.000,9999.000,9999.000,9999.000
202604141912,   0.661,   1.289,9999.000,9999.000,9999.000,9999.000,9999.000,9999.000,9999.000
202604141918,   0.663,   1.289,9999.000,9999.000,9999.000,9999.000,9999.000,9999.000,9999.000
202604141924,   0.665,   1.289,9999.000,9999.000,9999.000,9999.000,9999.000,9999.000,9999.000
202604141930,   0.667,   1.269,9999.000,9999.000,9999.000,9999.000,9999.000,9999.000,9999.000
202604141936,   0.668,   1.269,9999.000,9999.000,9999.000,9999.000,9999.000,9999.000,9999.000
202604141942,   0.669,   1.161,9999.000,9999.000,9999.000,9999.000,9999.000,9999.000,9999.000
202604141948,   0.669,   1.279,9999.000,9999.000,9999.000,9999.000,9999.000,9999.000,9999.000
202604141954,   0.670,   1.259,9999.000,9999.000,9999.000,9999.000,9999.000,9999.000,9999.000
202604142000,   0.670,   1.269,   0.500,   0.099,   1.269,   0.500,   1.269,   0.500,   1.269
202604142006,   0.669,   1.249,9999.000,9999.000,9999.000,9999.000,9999.000,9999.000,9999.000
202604142012,   0.669,   1.249,9999.000,9999.000,9999.000,9999.000,9999.000,9999.000,9999.000
202604142018,   0.668,   1.249,9999.000,9999.000,9999.000,9999.000,9999.000,9999.000,9999.000
202604142024,   0.667,   1.259,9999.000,9999.000,9999.000,9999.000,9999.000,9999.000,9999.000
202604142030,   0.665,   1.279,9999.000,9999.000,9999.000,9999.000,9999.000,9999.000,9999.000
202604142036,   0.664,   1.279,9999.000,9999.000,9999.000,9999.000,9999.000,9999.000,9999.000
202604142042,   0.662,   1.259,9999.000,9999.000,9999.000,9999.000,9999.000,9999.000,9999.000
202604142048,   0.660,   1.259,9999.000,9999.000,9999.000,9999.000,9999.000,9999.000,9999.000
202604142054,   0.657,   1.289,9999.000,9999.000,9999.000,9999.000,9999.000,9999.000,9999.000
202604142100,   0.655,   1.279,   0.500,   0.124,   1.279,   0.500,   1.279,   0.500,   1.279
202604142106,   0.652,   1.298,9999.000,9999.000,9999.000,9999.000,9999.000,9999.000,9999.000
202604142112,   0.649,   1.298,9999.000,9999.000,9999.000,9999.000,9999.000,9999.000,9999.000
202604142118,   0.646,   1.289,9999.000,9999.000,9999.000,9999.000,9999.000,9999.000,9999.000
202604142124,   0.643,   1.279,9999.000,9999.000,9999.000,9999.000,9999.000,9999.000,9999.000
202604142130,   0.640,   1.279,9999.000,9999.000,9999.000,9999.000,9999.000,9999.000,9999.000
202604142136,   0.636,   1.289,9999.000,9999.000,9999.000,9999.000,9999.000,9999.000,9999.000
202604142142,   0.633,   1.279,9999.000,9999.000,9999.000,9999.000,9999.000,9999.000,9999.000
202604142148,   0.629,   1.308,9999.000,9999.000,9999.000,9999.000,9999.000,9999.000,9999.000
202604142154,   0.625,   1.318,9999.000,9999.000,9999.000,9999.000,9999.000,9999.000,9999.000
202604142200,   0.621,   1.318,   0.500,   0.197,   1.318,   0.500,   1.318,   0.500,   1.318
202604142206,   0.617,   1.298,9999.000,9999.000,9999.000,9999.000,9999.000,9999.000,9999.000
202604142212,   0.613,   1.289,9999.000,9999.000,9999.000,9999.000,9999.000,9999.000,9999.000
202604142218,   0.608,   1.279,9999.000,9999.000,9999.000,9999.000,9999.000,9999.000,9999.000
202604142224,   0.604,   1.279,9999.000,9999.000,9999.000,9999.000,9999.000,9999.000,9999.000
202604142230,   0.599,   1.289,9999.000,9999.000,9999.000,9999.000,9999.000,9999.000,9999.000
202604142236,   0.595,   1.269,9999.000,9999.000,9999.000,9999.000,9999.000,9999.000,9999.000
202604142242,   0.590,   1.249,9999.000,9999.000,9999.000,9999.000,9999.000,9999.000,9999.000
202604142248,   0.586,   1.249,9999.000,9999.000,9999.000,9999.000,9999.000,9999.000,9999.000
202604142254,   0.581,   1.229,9999.000,9999.000,9999.000,9999.000,9999.000,9999.000,9999.000
202604142300,   0.576,   1.210,   0.500,   0.134,   1.210,   0.500,   1.210,   0.600,   1.310
202604142306,   0.572,   1.229,9999.000,9999.000,9999.000,9999.000,9999.000,9999.000,9999.000
202604142312,   0.567,   1.200,9999.000,9999.000,9999.000,9999.000,9999.000,9999.000,9999.000
202604142318,   0.562,   1.200,9999.000,9999.000,9999.000,9999.000,9999.000,9999.000,9999.000
202604142324,   0.557,   1.210,9999.000,9999.000,9999.000,9999.000,9999.000,9999.000,9999.000
202604142330,   0.553,   1.200,9999.000,9999.000,9999.000,9999.000,9999.000,9999.000,9999.000
202604142336,   0.548,   1.190,9999.000,9999.000,9999.000,9999.000,9999.000,9999.000,9999.000
202604142342,   0.543,   1.190,9999.000,9999.000,9999.000,9999.000,9999.000,9999.000,9999.000
202604142348,   0.539,   1.210,9999.000,9999.000,9999.000,9999.000,9999.000,9999.000,9999.000
202604142354,   0.534,   1.151,9999.000,9999.000,9999.000,9999.000,9999.000,9999.000,9999.000
202604150000,   0.529,   1.210,   0.700,  -0.019,   1.210,   0.700,   1.210,   0.700,   1.210
202604150006,   0.525,   1.220,9999.000,9999.000,9999.000,9999.000,9999.000,9999.000,9999.000
202604150012,   0.520,   1.200,9999.000,9999.000,9999.000,9999.000,9999.000,9999.000,9999.000
202604150018,   0.516,   1.200,9999.000,9999.000,9999.000,9999.000,9999.000,9999.000,9999.000
202604150024,   0.512,   1.200,9999.000,9999.000,9999.000,9999.000,9999.000,9999.000,9999.000
202604150030,   0.508,   1.200,9999.000,9999.000,9999.000,9999.000,9999.000,9999.000,9999.000
202604150036,   0.504,   1.220,9999.000,9999.000,9999.000,9999.000,9999.000,9999.000,9999.000
202604150042,   0.500,   1.210,9999.000,9999.000,9999.000,9999.000,9999.000,9999.000,9999.000
202604150048,   0.496,   1.200,9999.000,9999.000,9999.000,9999.000,9999.000,9999.000,9999.000
202604150054,   0.493,   1.128,9999.000,9999.000,9999.000,9999.000,9999.000,9999.000,9999.000
202604150100,   0.489,   1.180,   0.700,  -0.009,   1.180,   0.700,   1.180,   0.700,   1.180
202604150106,   0.486,   1.180,9999.000,9999.000,9999.000,9999.000,9999.000,9999.000,9999.000
202604150112,   0.483,   1.180,9999.000,9999.000,9999.000,9999.000,9999.000,9999.000,9999.000
202604150118,   0.481,   1.200,9999.000,9999.000,9999.000,9999.000,9999.000,9999.000,9999.000
202604150124,   0.478,   1.170,9999.000,9999.000,9999.000,9999.000,9999.000,9999.000,9999.000
202604150130,   0.476,   1.079,9999.000,9999.000,9999.000,9999.000,9999.000,9999.000,9999.000
202604150136,   0.474,   1.151,9999.000,9999.000,9999.000,9999.000,9999.000,9999.000,9999.000
202604150142,   0.473,   1.128,9999.000,9999.000,9999.000,9999.000,9999.000,9999.000,9999.000
202604150148,   0.472,   1.128,9999.000,9999.000,9999.000,9999.000,9999.000,9999.000,9999.000
202604150154,   0.471,   1.118,9999.000,9999.000,9999.000,9999.000,9999.000,9999.000,9999.000
202604150200,   0.470,   1.151,   0.700,  -0.019,   1.151,   0.700,   1.151,   0.700,   1.151
202604150206,   0.470,   1.161,9999.000,9999.000,9999.000,9999.000,9999.000,9999.000,9999.000
202604150212,   0.470,   1.200,9999.000,9999.000,9999.000,9999.000,9999.000,9999.000,9999.000
202604150218,   0.471,   1.180,9999.000,9999.000,9999.000,9999.000,9999.000,9999.000,9999.000
202604150224,   0.471,   1.180,9999.000,9999.000,9999.000,9999.000,9999.000,9999.000,9999.000
202604150230,   0.473,   1.170,9999.000,9999.000,9999.000,9999.000,9999.000,9999.000,9999.000
202604150236,   0.474,   1.180,9999.000,9999.000,9999.000,9999.000,9999.000,9999.000,9999.000
202604150242,   0.476,   1.200,9999.000,9999.000,9999.000,9999.000,9999.000,9999.000,9999.000
202604150248,   0.479,   1.190,9999.000,9999.000,9999.000,9999.000,9999.000,9999.000,9999.000
202604150254,   0.481,   1.180,9999.000,9999.000,9999.000,9999.000,9999.000,9999.000,9999.000
202604150300,   0.485,   1.190,   0.700,   0.005,   1.190,   0.700,   1.190,   0.800,   1.290
202604150306,   0.488,   1.190,9999.000,9999.000,9999.000,9999.000,9999.000,9999.000,9999.000
202604150312,   0.492,   1.220,9999.000,9999.000,9999.000,9999.000,9999.000,9999.000,9999.000
202604150318,   0.496,   1.210,9999.000,9999.000,9999.000,9999.000,9999.000,9999.000,9999.000
202604150324,   0.501,   1.220,9999.000,9999.000,9999.000,9999.000,9999.000,9999.000,9999.000
202604150330,   0.506,   1.259,9999.000,9999.000,9999.000,9999.000,9999.000,9999.000,9999.000
202604150336,   0.511,   1.269,9999.000,9999.000,9999.000,9999.000,9999.000,9999.000,9999.000
202604150342,   0.516,   1.289,9999.000,9999.000,9999.000,9999.000,9999.000,9999.000,9999.000
202604150348,   0.522,   1.279,9999.000,9999.000,9999.000,9999.000,9999.000,9999.000,9999.000
202604150354,   0.529,   1.298,9999.000,9999.000,9999.000,9999.000,9999.000,9999.000,9999.000
202604150400,   0.535,   1.328,   0.800,  -0.007,   1.328,   0.700,   1.228,   0.800,   1.328
202604150406,   0.542,   1.361,9999.000,9999.000,9999.000,9999.000,9999.000,9999.000,9999.000
202604150412,   0.549,   1.298,9999.000,9999.000,9999.000,9999.000,9999.000,9999.000,9999.000
202604150418,   0.556,   1.371,9999.000,9999.000,9999.000,9999.000,9999.000,9999.000,9999.000
202604150424,   0.563,   1.390,9999.000,9999.000,9999.000,9999.000,9999.000,9999.000,9999.000
202604150430,   0.571,   1.371,9999.000,9999.000,9999.000,9999.000,9999.000,9999.000,9999.000
202604150436,   0.578,   1.380,9999.000,9999.000,9999.000,9999.000,9999.000,9999.000,9999.000
202604150442,   0.586,   1.371,9999.000,9999.000,9999.000,9999.000,9999.000,9999.000,9999.000
202604150448,   0.594,   1.380,9999.000,9999.000,9999.000,9999.000,9999.000,9999.000,9999.000
202604150454,   0.602,   1.380,9999.000,9999.000,9999.000,9999.000,9999.000,9999.000,9999.000
202604150500,   0.610,   1.390,   0.800,  -0.020,   1.390,   0.700,   1.290,   0.800,   1.390
202604150506,   0.618,   1.371,9999.000,9999.000,9999.000,9999.000,9999.000,9999.000,9999.000
202604150512,   0.626,   1.380,9999.000,9999.000,9999.000,9999.000,9999.000,9999.000,9999.000
202604150518,   0.634,   1.380,9999.000,9999.000,9999.000,9999.000,9999.000,9999.000,9999.000
202604150524,   0.641,   1.380,9999.000,9999.000,9999.000,9999.000,9999.000,9999.000,9999.000
202604150530,   0.649,   1.380,9999.000,9999.000,9999.000,9999.000,9999.000,9999.000,9999.000
202604150536,   0.657,   1.390,9999.000,9999.000,9999.000,9999.000,9999.000,9999.000,9999.000
202604150542,   0.664,   1.390,9999.000,9999.000,9999.000,9999.000,9999.000,9999.000,9999.000
202604150548,   0.672,   1.380,9999.000,9999.000,9999.000,9999.000,9999.000,9999.000,9999.000
202604150554,   0.679,   1.390,9999.000,9999.000,9999.000,9999.000,9999.000,9999.000,9999.000
202604150600,   0.686,   1.390,   0.800,  -0.096,   1.390,   0.800,   1.390,   0.900,   1.490
202604150606,   0.693,   1.400,9999.000,9999.000,9999.000,9999.000,9999.000,9999.000,9999.000
202604150612,   0.699,   1.400,9999.000,9999.000,9999.000,9999.000,9999.000,9999.000,9999.000
202604150618,   0.705,   1.420,9999.000,9999.000,9999.000,9999.000,9999.000,9999.000,9999.000
202604150624,   0.711,   1.439,9999.000,9999.000,9999.000,9999.000,9999.000,9999.000,9999.000
202604150630,   0.717,   1.449,9999.000,9999.000,9999.000,9999.000,9999.000,9999.000,9999.000
202604150636,   0.722,   1.449,9999.000,9999.000,9999.000,9999.000,9999.000,9999.000,9999.000
202604150642,   0.727,   1.449,9999.000,9999.000,9999.000,9999.000,9999.000,9999.000,9999.000
202604150648,   0.732,   1.449,9999.000,9999.000,9999.000,9999.000,9999.000,9999.000,9999.000
202604150654,   0.737,   1.439,9999.000,9999.000,9999.000,9999.000,9999.000,9999.000,9999.000
202604150700,   0.741,   1.430,   0.800,  -0.111,   1.430,   0.800,   1.430,   0.900,   1.530
202604150706,   0.744,   1.439,9999.000,9999.000,9999.000,9999.000,9999.000,9999.000,9999.000
202604150712,   0.748,   1.459,9999.000,9999.000,9999.000,9999.000,9999.000,9999.000,9999.000
202604150718,   0.750,   1.439,9999.000,9999.000,9999.000,9999.000,9999.000,9999.000,9999.000
202604150724,   0.753,   1.449,9999.000,9999.000,9999.000,9999.000,9999.000,9999.000,9999.000
202604150730,   0.755,   1.449,9999.000,9999.000,9999.000,9999.000,9999.000,9999.000,9999.000
202604150736,   0.757,   1.439,9999.000,9999.000,9999.000,9999.000,9999.000,9999.000,9999.000
202604150742,   0.759,   1.439,9999.000,9999.000,9999.000,9999.000,9999.000,9999.000,9999.000
202604150748,   0.760,   1.439,9999.000,9999.000,9999.000,9999.000,9999.000,9999.000,9999.000
202604150754,   0.761,   1.449,9999.000,9999.000,9999.000,9999.000,9999.000,9999.000,9999.000
202604150800,   0.761,   1.449,   0.800,  -0.112,   1.449,   0.800,   1.449,   0.900,   1.549
202604150806,   0.761,   1.430,9999.000,9999.000,9999.000,9999.000,9999.000,9999.000,9999.000
202604150812,   0.761,   1.449,9999.000,9999.000,9999.000,9999.000,9999.000,9999.000,9999.000
202604150818,   0.761,   1.479,9999.000,9999.000,9999.000,9999.000,9999.000,9999.000,9999.000
202604150824,   0.760,   1.459,9999.000,9999.000,9999.000,9999.000,9999.000,9999.000,9999.000
202604150830,   0.759,   1.489,9999.000,9999.000,9999.000,9999.000,9999.000,9999.000,9999.000
202604150836,   0.757,   1.459,9999.000,9999.000,9999.000,9999.000,9999.000,9999.000,9999.000
202604150842,   0.755,   1.439,9999.000,9999.000,9999.000,9999.000,9999.000,9999.000,9999.000
202604150848,   0.754,   1.459,9999.000,9999.000,9999.000,9999.000,9999.000,9999.000,9999.000
202604150854,   0.751,   1.449,9999.000,9999.000,9999.000,9999.000,9999.000,9999.000,9999.000
202604150900,   0.749,   1.469,   0.900,  -0.180,   1.469,   0.800,   1.369,   0.900,   1.469
202604150906,   0.746,   1.420,9999.000,9999.000,9999.000,9999.000,9999.000,9999.000,9999.000
202604150912,   0.743,   1.400,9999.000,9999.000,9999.000,9999.000,9999.000,9999.000,9999.000
202604150918,   0.740,   1.400,9999.000,9999.000,9999.000,9999.000,9999.000,9999.000,9999.000
202604150924,   0.737,   1.400,9999.000,9999.000,9999.000,9999.000,9999.000,9999.000,9999.000
202604150930,   0.733,   1.400,9999.000,9999.000,9999.000,9999.000,9999.000,9999.000,9999.000
202604150936,   0.729,   1.410,9999.000,9999.000,9999.000,9999.000,9999.000,9999.000,9999.000
202604150942,   0.726,   1.400,9999.000,9999.000,9999.000,9999.000,9999.000,9999.000,9999.000
202604150948,   0.722,   1.420,9999.000,9999.000,9999.000,9999.000,9999.000,9999.000,9999.000
202604150954,   0.717,   1.400,9999.000,9999.000,9999.000,9999.000,9999.000,9999.000,9999.000
202604151000,   0.713,   1.400,   0.900,  -0.213,   1.400,   0.800,   1.300,   0.900,   1.400
202604151006,   0.709,   1.400,9999.000,9999.000,9999.000,9999.000,9999.000,9999.000,9999.000
202604151012,   0.704,   1.400,9999.000,9999.000,9999.000,9999.000,9999.000,9999.000,9999.000
202604151018,   0.699,   1.390,9999.000,9999.000,9999.000,9999.000,9999.000,9999.000,9999.000
202604151024,   0.694,   1.400,9999.000,9999.000,9999.000,9999.000,9999.000,9999.000,9999.000
202604151030,   0.690,   1.390,9999.000,9999.000,9999.000,9999.000,9999.000,9999.000,9999.000
202604151036,   0.685,   1.380,9999.000,9999.000,9999.000,9999.000,9999.000,9999.000,9999.000
202604151042,   0.679,   1.390,9999.000,9999.000,9999.000,9999.000,9999.000,9999.000,9999.000
202604151048,   0.674,   1.371,9999.000,9999.000,9999.000,9999.000,9999.000,9999.000,9999.000
202604151054,   0.669,   1.380,9999.000,9999.000,9999.000,9999.000,9999.000,9999.000,9999.000
202604151100,   0.664,   1.400,   0.900,  -0.164,   1.400,   0.800,   1.300,   0.900,   1.400
202604151106,   0.658,   1.348,9999.000,9999.000,9999.000,9999.000,9999.000,9999.000,9999.000
202604151112,   0.653,   1.338,9999.000,9999.000,9999.000,9999.000,9999.000,9999.000,9999.000
202604151118,   0.648,   1.371,9999.000,9999.000,9999.000,9999.000,9999.000,9999.000,9999.000
202604151124,   0.642,   1.338,9999.000,9999.000,9999.000,9999.000,9999.000,9999.000,9999.000
202604151130,   0.637,   1.338,9999.000,9999.000,9999.000,9999.000,9999.000,9999.000,9999.000
202604151136,   0.631,   1.318,9999.000,9999.000,9999.000,9999.000,9999.000,9999.000,9999.000
202604151142,   0.625,   1.308,9999.000,9999.000,9999.000,9999.000,9999.000,9999.000,9999.000
202604151148,   0.620,   1.318,9999.000,9999.000,9999.000,9999.000,9999.000,9999.000,9999.000
202604151154,   0.614,   1.269,9999.000,9999.000,9999.000,9999.000,9999.000,9999.000,9999.000
202604151200,   0.609,   1.308,   0.800,  -0.101,   1.308,   0.800,   1.308,   0.800,   1.308
202604151206,   0.603,   1.190,9999.000,9999.000,9999.000,9999.000,9999.000,9999.000,9999.000
202604151212,   0.598,   1.279,9999.000,9999.000,9999.000,9999.000,9999.000,9999.000,9999.000
202604151218,   0.592,   1.259,9999.000,9999.000,9999.000,9999.000,9999.000,9999.000,9999.000
202604151224,   0.587,   1.239,9999.000,9999.000,9999.000,9999.000,9999.000,9999.000,9999.000
202604151230,   0.581,   1.239,9999.000,9999.000,9999.000,9999.000,9999.000,9999.000,9999.000
202604151236,   0.576,   1.239,9999.000,9999.000,9999.000,9999.000,9999.000,9999.000,9999.000
202604151242,   0.570,   1.239,9999.000,9999.000,9999.000,9999.000,9999.000,9999.000,9999.000
202604151248,   0.565,   1.249,9999.000,9999.000,9999.000,9999.000,9999.000,9999.000,9999.000
202604151254,   0.560,   1.239,9999.000,9999.000,9999.000,9999.000,9999.000,9999.000,9999.000
202604151300,   0.555,   1.229,   0.800,  -0.126,   1.229,   0.800,   1.229,   0.800,   1.229
202604151306,   0.550,   1.220,9999.000,9999.000,9999.000,9999.000,9999.000,9999.000,9999.000
202604151312,   0.545,   1.210,9999.000,9999.000,9999.000,9999.000,9999.000,9999.000,9999.000
202604151318,   0.541,   1.220,9999.000,9999.000,9999.000,9999.000,9999.000,9999.000,9999.000
202604151324,   0.536,   1.229,9999.000,9999.000,9999.000,9999.000,9999.000,9999.000,9999.000
202604151330,   0.532,   1.229,9999.000,9999.000,9999.000,9999.000,9999.000,9999.000,9999.000
202604151336,   0.528,   1.239,9999.000,9999.000,9999.000,9999.000,9999.000,9999.000,9999.000
202604151342,   0.524,   1.229,9999.000,9999.000,9999.000,9999.000,9999.000,9999.000,9999.000
202604151348,   0.520,   1.239,9999.000,9999.000,9999.000,9999.000,9999.000,9999.000,9999.000
202604151354,   0.517,   1.210,9999.000,9999.000,9999.000,9999.000,9999.000,9999.000,9999.000
202604151400,   0.514,   1.220,   0.800,  -0.094,   1.220,   0.800,   1.220,   0.800,   1.220
202604151406,   0.511,   1.220,9999.000,9999.000,9999.000,9999.000,9999.000,9999.000,9999.000
202604151412,   0.508,   1.249,9999.000,9999.000,9999.000,9999.000,9999.000,9999.000,9999.000
202604151418,   0.505,   1.210,9999.000,9999.000,9999.000,9999.000,9999.000,9999.000,9999.000
202604151424,   0.503,   1.200,9999.000,9999.000,9999.000,9999.000,9999.000,9999.000,9999.000
202604151430,   0.501,   1.190,9999.000,9999.000,9999.000,9999.000,9999.000,9999.000,9999.000
202604151436,   0.500,   1.210,9999.000,9999.000,9999.000,9999.000,9999.000,9999.000,9999.000
202604151442,   0.499,   1.200,9999.000,9999.000,9999.000,9999.000,9999.000,9999.000,9999.000
202604151448,   0.498,   1.180,9999.000,9999.000,9999.000,9999.000,9999.000,9999.000,9999.000
202604151454,   0.497,   1.180,9999.000,9999.000,9999.000,9999.000,9999.000,9999.000,9999.000
202604151500,   0.497,   1.210,   0.800,  -0.087,   1.210,   0.800,   1.210,   0.800,   1.210
202604151506,   0.497,   1.210,9999.000,9999.000,9999.000,9999.000,9999.000,9999.000,9999.000
202604151512,   0.497,   1.210,9999.000,9999.000,9999.000,9999.000,9999.000,9999.000,9999.000
202604151518,   0.498,   1.180,9999.000,9999.000,9999.000,9999.000,9999.000,9999.000,9999.000
202604151524,   0.499,   1.180,9999.000,9999.000,9999.000,9999.000,9999.000,9999.000,9999.000
202604151530,   0.501,   1.190,9999.000,9999.000,9999.000,9999.000,9999.000,9999.000,9999.000
202604151536,   0.502,   1.190,9999.000,9999.000,9999.000,9999.000,9999.000,9999.000,9999.000
202604151542,   0.504,   1.239,9999.000,9999.000,9999.000,9999.000,9999.000,9999.000,9999.000
202604151548,   0.507,   1.210,9999.000,9999.000,9999.000,9999.000,9999.000,9999.000,9999.000
202604151554,   0.510,   1.210,9999.000,9999.000,9999.000,9999.000,9999.000,9999.000,9999.000
202604151600,   0.513,   1.210,   0.800,  -0.103,   1.210,   0.800,   1.210,   0.800,   1.210
202604151606,   0.516,   1.210,9999.000,9999.000,9999.000,9999.000,9999.000,9999.000,9999.000
202604151612,   0.519,   1.239,9999.000,9999.000,9999.000,9999.000,9999.000,9999.000,9999.000
202604151618,   0.523,   1.279,9999.000,9999.000,9999.000,9999.000,9999.000,9999.000,9999.000
202604151624,   0.527,   1.210,9999.000,9999.000,9999.000,9999.000,9999.000,9999.000,9999.000
202604151630,   0.532,   1.220,9999.000,9999.000,9999.000,9999.000,9999.000,9999.000,9999.000
202604151636,   0.536,   1.259,9999.000,9999.000,9999.000,9999.000,9999.000,9999.000,9999.000
202604151642,   0.541,   1.138,9999.000,9999.000,9999.000,9999.000,9999.000,9999.000,9999.000
202604151648,   0.546,   1.229,9999.000,9999.000,9999.000,9999.000,9999.000,9999.000,9999.000
202604151654,   0.551,   1.239,9999.000,9999.000,9999.000,9999.000,9999.000,9999.000,9999.000
202604151700,   0.556,   1.249,   0.800,  -0.107,   1.249,   0.700,   1.149,   0.800,   1.249
202604151706,   0.561,   1.210,9999.000,9999.000,9999.000,9999.000,9999.000,9999.000,9999.000
202604151712,   0.566,   1.220,9999.000,9999.000,9999.000,9999.000,9999.000,9999.000,9999.000
202604151718,   0.572,   1.200,9999.000,9999.000,9999.000,9999.000,9999.000,9999.000,9999.000
202604151724,   0.577,   1.220,9999.000,9999.000,9999.000,9999.000,9999.000,9999.000,9999.000
202604151730,   0.583,   1.269,9999.000,9999.000,9999.000,9999.000,9999.000,9999.000,9999.000
202604151736,   0.588,   1.298,9999.000,9999.000,9999.000,9999.000,9999.000,9999.000,9999.000
202604151742,   0.593,   1.308,9999.000,9999.000,9999.000,9999.000,9999.000,9999.000,9999.000
202604151748,   0.598,   1.318,9999.000,9999.000,9999.000,9999.000,9999.000,9999.000,9999.000
202604151754,   0.604,   1.338,9999.000,9999.000,9999.000,9999.000,9999.000,9999.000,9999.000
202604151800,   0.609,   1.328,   0.800,  -0.081,   1.328,   0.700,   1.228,   0.800,   1.328
202604151806,   0.614,   1.328,9999.000,9999.000,9999.000,9999.000,9999.000,9999.000,9999.000
202604151812,   0.618,   1.338,9999.000,9999.000,9999.000,9999.000,9999.000,9999.000,9999.000
202604151818,   0.623,   1.371,9999.000,9999.000,9999.000,9999.000,9999.000,9999.000,9999.000
202604151824,   0.627,   1.371,9999.000,9999.000,9999.000,9999.000,9999.000,9999.000,9999.000
202604151830,   0.631,   1.371,9999.000,9999.000,9999.000,9999.000,9999.000,9999.000,9999.000
202604151836,   0.635,   1.380,9999.000,9999.000,9999.000,9999.000,9999.000,9999.000,9999.000
202604151842,   0.639,   1.361,9999.000,9999.000,9999.000,9999.000,9999.000,9999.000,9999.000
202604151848,   0.642,   1.390,9999.000,9999.000,9999.000,9999.000,9999.000,9999.000,9999.000
202604151854,   0.645,   1.380,9999.000,9999.000,9999.000,9999.000,9999.000,9999.000,9999.000
202604151900,   0.647,   1.400,   0.800,  -0.047,   1.400,   0.700,   1.300,   0.800,   1.400
202604151906,   0.650,   1.348,9999.000,9999.000,9999.000,9999.000,9999.000,9999.000,9999.000
202604151912,   0.652,   1.430,9999.000,9999.000,9999.000,9999.000,9999.000,9999.000,9999.000
202604151918,   0.653,   1.420,9999.000,9999.000,9999.000,9999.000,9999.000,9999.000,9999.000
202604151924,   0.655,   1.400,9999.000,9999.000,9999.000,9999.000,9999.000,9999.000,9999.000
202604151930,   0.656,   1.371,9999.000,9999.000,9999.000,9999.000,9999.000,9999.000,9999.000
202604151936,   0.656,   1.371,9999.000,9999.000,9999.000,9999.000,9999.000,9999.000,9999.000
202604151942,   0.657,   1.338,9999.000,9999.000,9999.000,9999.000,9999.000,9999.000,9999.000
202604151948,   0.656,   1.338,9999.000,9999.000,9999.000,9999.000,9999.000,9999.000,9999.000
202604151954,   0.656,   1.328,9999.000,9999.000,9999.000,9999.000,9999.000,9999.000,9999.000
202604152000,   0.655,   1.318,   0.800,  -0.137,   1.318,   0.800,   1.318,   0.800,   1.318
202604152006,   0.654,   1.229,9999.000,9999.000,9999.000,9999.000,9999.000,9999.000,9999.000
202604152012,   0.652,   1.289,9999.000,9999.000,9999.000,9999.000,9999.000,9999.000,9999.000
202604152018,   0.650,   1.298,9999.000,9999.000,9999.000,9999.000,9999.000,9999.000,9999.000
202604152024,   0.648,   1.200,9999.000,9999.000,9999.000,9999.000,9999.000,9999.000,9999.000
202604152030,   0.645,   1.348,9999.000,9999.000,9999.000,9999.000,9999.000,9999.000,9999.000
202604152036,   0.642,   1.348,9999.000,9999.000,9999.000,9999.000,9999.000,9999.000,9999.000
202604152042,   0.639,   1.348,9999.000,9999.000,9999.000,9999.000,9999.000,9999.000,9999.000
202604152048,   0.635,   1.318,9999.000,9999.000,9999.000,9999.000,9999.000,9999.000,9999.000
202604152054,   0.631,   1.371,9999.000,9999.000,9999.000,9999.000,9999.000,9999.000,9999.000
202604152100,   0.627,   1.361,   0.800,  -0.066,   1.361,   0.800,   1.361,   0.800,   1.361
202604152106,   0.623,   1.420,9999.000,9999.000,9999.000,9999.000,9999.000,9999.000,9999.000
202604152112,   0.618,   1.380,9999.000,9999.000,9999.000,9999.000,9999.000,9999.000,9999.000
202604152118,   0.613,   1.371,9999.000,9999.000,9999.000,9999.000,9999.000,9999.000,9999.000
202604152124,   0.608,   1.361,9999.000,9999.000,9999.000,9999.000,9999.000,9999.000,9999.000
202604152130,   0.602,   1.371,9999.000,9999.000,9999.000,9999.000,9999.000,9999.000,9999.000
202604152136,   0.597,   1.348,9999.000,9999.000,9999.000,9999.000,9999.000,9999.000,9999.000
202604152142,   0.591,   1.318,9999.000,9999.000,9999.000,9999.000,9999.000,9999.000,9999.000
202604152148,   0.585,   1.289,9999.000,9999.000,9999.000,9999.000,9999.000,9999.000,9999.000
202604152154,   0.579,   1.348,9999.000,9999.000,9999.000,9999.000,9999.000,9999.000,9999.000
202604152200,   0.572,   1.259,   0.800,  -0.113,   1.259,   0.800,   1.259,   0.800,   1.259
202604152206,   0.566,   1.239,9999.000,9999.000,9999.000,9999.000,9999.000,9999.000,9999.000
202604152212,   0.559,   1.200,9999.000,9999.000,9999.000,9999.000,9999.000,9999.000,9999.000
202604152218,   0.553,   1.151,9999.000,9999.000,9999.000,9999.000,9999.000,9999.000,9999.000
202604152224,   0.546,   1.151,9999.000,9999.000,9999.000,9999.000,9999.000,9999.000,9999.000
202604152230,   0.539,   1.161,9999.000,9999.000,9999.000,9999.000,9999.000,9999.000,9999.000
202604152236,   0.532,   1.138,9999.000,9999.000,9999.000,9999.000,9999.000,9999.000,9999.000
202604152242,   0.526,   1.020,9999.000,9999.000,9999.000,9999.000,9999.000,9999.000,9999.000
202604152248,   0.519,   1.079,9999.000,9999.000,9999.000,9999.000,9999.000,9999.000,9999.000
202604152254,   0.512,   1.069,9999.000,9999.000,9999.000,9999.000,9999.000,9999.000,9999.000
202604152300,   0.505,   1.069,   0.800,  -0.236,   1.069,   0.700,   0.969,   0.800,   1.069
202604152306,   0.498,   1.108,9999.000,9999.000,9999.000,9999.000,9999.000,9999.000,9999.000
202604152312,   0.491,   1.108,9999.000,9999.000,9999.000,9999.000,9999.000,9999.000,9999.000
202604152318,   0.484,   1.138,9999.000,9999.000,9999.000,9999.000,9999.000,9999.000,9999.000
202604152324,   0.477,   1.151,9999.000,9999.000,9999.000,9999.000,9999.000,9999.000,9999.000
202604152330,   0.470,   1.128,9999.000,9999.000,9999.000,9999.000,9999.000,9999.000,9999.000
202604152336,   0.463,   1.098,9999.000,9999.000,9999.000,9999.000,9999.000,9999.000,9999.000
202604152342,   0.457,   1.098,9999.000,9999.000,9999.000,9999.000,9999.000,9999.000,9999.000
202604152348,   0.450,   1.088,9999.000,9999.000,9999.000,9999.000,9999.000,9999.000,9999.000
202604152354,   0.443,   1.108,9999.000,9999.000,9999.000,9999.000,9999.000,9999.000,9999.000
202604160000,   0.437,   1.098,   0.700,  -0.039,   1.098,   0.700,   1.098,   0.700,   1.098
202604160006,   0.431,   1.088,9999.000,9999.000,9999.000,9999.000,9999.000,9999.000,9999.000
202604160012,   0.424,   1.079,9999.000,9999.000,9999.000,9999.000,9999.000,9999.000,9999.000
202604160018,   0.418,   1.059,9999.000,9999.000,9999.000,9999.000,9999.000,9999.000,9999.000
202604160024,   0.412,   1.039,9999.000,9999.000,9999.000,9999.000,9999.000,9999.000,9999.000
202604160030,   0.406,   1.029,9999.000,9999.000,9999.000,9999.000,9999.000,9999.000,9999.000
202604160036,   0.401,   1.049,9999.000,9999.000,9999.000,9999.000,9999.000,9999.000,9999.000
202604160042,   0.395,   1.039,9999.000,9999.000,9999.000,9999.000,9999.000,9999.000,9999.000
202604160048,   0.390,   1.020,9999.000,9999.000,9999.000,9999.000,9999.000,9999.000,9999.000
202604160054,   0.385,   1.020,9999.000,9999.000,9999.000,9999.000,9999.000,9999.000,9999.000
202604160100,   0.380,   1.010,   0.700,  -0.070,   1.010,   0.700,   1.010,   0.800,   1.110
202604160106,   0.375,   0.990,9999.000,9999.000,9999.000,9999.000,9999.000,9999.000,9999.000
202604160112,   0.371,   1.020,9999.000,9999.000,9999.000,9999.000,9999.000,9999.000,9999.000
202604160118,   0.367,   1.020,9999.000,9999.000,9999.000,9999.000,9999.000,9999.000,9999.000
202604160124,   0.363,   1.049,9999.000,9999.000,9999.000,9999.000,9999.000,9999.000,9999.000
202604160130,   0.359,   1.039,9999.000,9999.000,9999.000,9999.000,9999.000,9999.000,9999.000
202604160136,   0.356,   1.108,9999.000,9999.000,9999.000,9999.000,9999.000,9999.000,9999.000
202604160142,   0.353,   0.951,9999.000,9999.000,9999.000,9999.000,9999.000,9999.000,9999.000
202604160148,   0.350,   1.059,9999.000,9999.000,9999.000,9999.000,9999.000,9999.000,9999.000
202604160154,   0.348,   1.049,9999.000,9999.000,9999.000,9999.000,9999.000,9999.000,9999.000
202604160200,   0.346,   1.039,   0.700,  -0.007,   1.039,   0.700,   1.039,   0.700,   1.039
202604160206,   0.344,   1.020,9999.000,9999.000,9999.000,9999.000,9999.000,9999.000,9999.000
202604160212,   0.343,   1.029,9999.000,9999.000,9999.000,9999.000,9999.000,9999.000,9999.000
202604160218,   0.342,   1.029,9999.000,9999.000,9999.000,9999.000,9999.000,9999.000,9999.000
202604160224,   0.341,   1.039,9999.000,9999.000,9999.000,9999.000,9999.000,9999.000,9999.000
202604160230,   0.341,   1.029,9999.000,9999.000,9999.000,9999.000,9999.000,9999.000,9999.000
202604160236,   0.341,   1.010,9999.000,9999.000,9999.000,9999.000,9999.000,9999.000,9999.000
202604160242,   0.342,   1.039,9999.000,9999.000,9999.000,9999.000,9999.000,9999.000,9999.000
202604160248,   0.343,   1.039,9999.000,9999.000,9999.000,9999.000,9999.000,9999.000,9999.000
202604160254,   0.344,   1.069,9999.000,9999.000,9999.000,9999.000,9999.000,9999.000,9999.000
202604160300,   0.346,   1.069,   0.700,   0.023,   1.069,   0.700,   1.069,   0.700,   1.069
202604160306,   0.349,   1.079,9999.000,9999.000,9999.000,9999.000,9999.000,9999.000,9999.000
202604160312,   0.351,   1.088,9999.000,9999.000,9999.000,9999.000,9999.000,9999.000,9999.000
202604160318,   0.355,   1.088,9999.000,9999.000,9999.000,9999.000,9999.000,9999.000,9999.000
202604160324,   0.359,   1.098,9999.000,9999.000,9999.000,9999.000,9999.000,9999.000,9999.000
202604160330,   0.363,   1.118,9999.000,9999.000,9999.000,9999.000,9999.000,9999.000,9999.000
202604160336,   0.368,   1.108,9999.000,9999.000,9999.000,9999.000,9999.000,9999.000,9999.000
202604160342,   0.373,   1.118,9999.000,9999.000,9999.000,9999.000,9999.000,9999.000,9999.000
202604160348,   0.378,   1.128,9999.000,9999.000,9999.000,9999.000,9999.000,9999.000,9999.000
202604160354,   0.384,   1.118,9999.000,9999.000,9999.000,9999.000,9999.000,9999.000,9999.000
202604160400,   0.391,   1.128,   0.700,   0.037,   1.128,   0.700,   1.128,   0.800,   1.228
202604160406,   0.398,   1.098,9999.000,9999.000,9999.000,9999.000,9999.000,9999.000,9999.000
202604160412,   0.405,   1.151,9999.000,9999.000,9999.000,9999.000,9999.000,9999.000,9999.000
202604160418,   0.413,   1.138,9999.000,9999.000,9999.000,9999.000,9999.000,9999.000,9999.000
202604160424,   0.421,   1.079,9999.000,9999.000,9999.000,9999.000,9999.000,9999.000,9999.000
202604160430,   0.430,   1.220,9999.000,9999.000,9999.000,9999.000,9999.000,9999.000,9999.000
202604160436,   0.439,   1.210,9999.000,9999.000,9999.000,9999.000,9999.000,9999.000,9999.000
202604160442,   0.448,   1.151,9999.000,9999.000,9999.000,9999.000,9999.000,9999.000,9999.000
202604160448,   0.458,   1.170,9999.000,9999.000,9999.000,9999.000,9999.000,9999.000,9999.000
202604160454,   0.468,   1.210,9999.000,9999.000,9999.000,9999.000,9999.000,9999.000,9999.000
202604160500,   0.478,   1.239,   0.700,   0.061,   1.239,   0.700,   1.239,   0.700,   1.239
202604160506,   0.489,   1.220,9999.000,9999.000,9999.000,9999.000,9999.000,9999.000,9999.000
202604160512,   0.500,   1.269,9999.000,9999.000,9999.000,9999.000,9999.000,9999.000,9999.000
202604160518,   0.511,   1.259,9999.000,9999.000,9999.000,9999.000,9999.000,9999.000,9999.000
202604160524,   0.522,   1.279,9999.000,9999.000,9999.000,9999.000,9999.000,9999.000,9999.000
202604160530,   0.533,   1.289,9999.000,9999.000,9999.000,9999.000,9999.000,9999.000,9999.000
202604160536,   0.545,   1.298,9999.000,9999.000,9999.000,9999.000,9999.000,9999.000,9999.000
202604160542,   0.556,   1.308,9999.000,9999.000,9999.000,9999.000,9999.000,9999.000,9999.000
202604160548,   0.568,   1.328,9999.000,9999.000,9999.000,9999.000,9999.000,9999.000,9999.000
202604160554,   0.579,   1.328,9999.000,9999.000,9999.000,9999.000,9999.000,9999.000,9999.000
202604160600,   0.591,   1.338,   0.700,   0.047,   1.338,   0.700,   1.338,   0.700,   1.338
202604160606,   0.603,   1.328,9999.000,9999.000,9999.000,9999.000,9999.000,9999.000,9999.000
202604160612,   0.614,   1.361,9999.000,9999.000,9999.000,9999.000,9999.000,9999.000,9999.000
202604160618,   0.626,   1.380,9999.000,9999.000,9999.000,9999.000,9999.000,9999.000,9999.000
202604160624,   0.637,   1.410,9999.000,9999.000,9999.000,9999.000,9999.000,9999.000,9999.000
202604160630,   0.649,   1.420,9999.000,9999.000,9999.000,9999.000,9999.000,9999.000,9999.000
202604160636,   0.660,   1.430,9999.000,9999.000,9999.000,9999.000,9999.000,9999.000,9999.000
202604160642,   0.671,   1.439,9999.000,9999.000,9999.000,9999.000,9999.000,9999.000,9999.000
202604160648,   0.681,   1.430,9999.000,9999.000,9999.000,9999.000,9999.000,9999.000,9999.000
202604160654,   0.692,   1.430,9999.000,9999.000,9999.000,9999.000,9999.000,9999.000,9999.000
202604160700,   0.702,   1.420,   0.700,   0.018,   1.420,   0.700,   1.420,   0.700,   1.420
202604160706,   0.712,   1.449,9999.000,9999.000,9999.000,9999.000,9999.000,9999.000,9999.000
202604160712,   0.722,   1.439,9999.000,9999.000,9999.000,9999.000,9999.000,9999.000,9999.000
202604160718,   0.731,   1.430,9999.000,9999.000,9999.000,9999.000,9999.000,9999.000,9999.000
202604160724,   0.740,   1.449,9999.000,9999.000,9999.000,9999.000,9999.000,9999.000,9999.000
202604160730,   0.748,   1.449,9999.000,9999.000,9999.000,9999.000,9999.000,9999.000,9999.000
202604160736,   0.757,   1.479,9999.000,9999.000,9999.000,9999.000,9999.000,9999.000,9999.000
202604160742,   0.764,   1.469,9999.000,9999.000,9999.000,9999.000,9999.000,9999.000,9999.000
202604160748,   0.772,   1.469,9999.000,9999.000,9999.000,9999.000,9999.000,9999.000,9999.000
202604160754,   0.779,   1.498,9999.000,9999.000,9999.000,9999.000,9999.000,9999.000,9999.000
202604160800,   0.785,   1.498,   0.700,   0.013,   1.498,   0.700,   1.498,   0.800,   1.598
202604160806,   0.792,   1.489,9999.000,9999.000,9999.000,9999.000,9999.000,9999.000,9999.000
202604160812,   0.797,   1.508,9999.000,9999.000,9999.000,9999.000,9999.000,9999.000,9999.000
202604160818,   0.803,   1.489,9999.000,9999.000,9999.000,9999.000,9999.000,9999.000,9999.000
202604160824,   0.807,   1.508,9999.000,9999.000,9999.000,9999.000,9999.000,9999.000,9999.000
202604160830,   0.812,   1.489,9999.000,9999.000,9999.000,9999.000,9999.000,9999.000,9999.000
202604160836,   0.816,   1.479,9999.000,9999.000,9999.000,9999.000,9999.000,9999.000,9999.000
202604160842,   0.820,   1.479,9999.000,9999.000,9999.000,9999.000,9999.000,9999.000,9999.000
202604160848,   0.823,   1.489,9999.000,9999.000,9999.000,9999.000,9999.000,9999.000,9999.000
202604160854,   0.825,   1.489,9999.000,9999.000,9999.000,9999.000,9999.000,9999.000,9999.000
202604160900,   0.828,   1.489,   0.700,  -0.039,   1.489,   0.700,   1.489,   0.800,   1.589
202604160906,   0.830,   1.518,9999.000,9999.000,9999.000,9999.000,9999.000,9999.000,9999.000
202604160912,   0.831,   1.518,9999.000,9999.000,9999.000,9999.000,9999.000,9999.000,9999.000
202604160918,   0.832,   1.518,9999.000,9999.000,9999.000,9999.000,9999.000,9999.000,9999.000
202604160924,   0.833,   1.518,9999.000,9999.000,9999.000,9999.000,9999.000,9999.000,9999.000
202604160930,   0.834,   1.538,9999.000,9999.000,9999.000,9999.000,9999.000,9999.000,9999.000
202604160936,   0.834,   1.518,9999.000,9999.000,9999.000,9999.000,9999.000,9999.000,9999.000
202604160942,   0.834,   1.528,9999.000,9999.000,9999.000,9999.000,9999.000,9999.000,9999.000
202604160948,   0.833,   1.498,9999.000,9999.000,9999.000,9999.000,9999.000,9999.000,9999.000
202604160954,   0.832,   1.489,9999.000,9999.000,9999.000,9999.000,9999.000,9999.000,9999.000
202604161000,   0.831,   1.528,   0.700,  -0.003,   1.528,   0.700,   1.528,   0.700,   1.528
202604161006,   0.830,   1.508,9999.000,9999.000,9999.000,9999.000,9999.000,9999.000,9999.000
202604161012,   0.828,   1.498,9999.000,9999.000,9999.000,9999.000,9999.000,9999.000,9999.000
202604161018,   0.826,   1.469,9999.000,9999.000,9999.000,9999.000,9999.000,9999.000,9999.000
202604161024,   0.824,   1.479,9999.000,9999.000,9999.000,9999.000,9999.000,9999.000,9999.000
202604161030,   0.821,   1.489,9999.000,9999.000,9999.000,9999.000,9999.000,9999.000,9999.000
202604161036,   0.819,   1.498,9999.000,9999.000,9999.000,9999.000,9999.000,9999.000,9999.000
202604161042,   0.816,   1.489,9999.000,9999.000,9999.000,9999.000,9999.000,9999.000,9999.000
202604161048,   0.813,   1.518,9999.000,9999.000,9999.000,9999.000,9999.000,9999.000,9999.000
202604161054,   0.810,   1.498,9999.000,9999.000,9999.000,9999.000,9999.000,9999.000,9999.000
202604161100,   0.807,   1.489,   0.700,  -0.018,   1.489,   0.700,   1.489,   0.700,   1.489
202604161106,   0.803,   1.479,9999.000,9999.000,9999.000,9999.000,9999.000,9999.000,9999.000
202604161112,   0.800,   1.489,9999.000,9999.000,9999.000,9999.000,9999.000,9999.000,9999.000
202604161118,   0.796,   1.489,9999.000,9999.000,9999.000,9999.000,9999.000,9999.000,9999.000
202604161124,   0.792,   1.498,9999.000,9999.000,9999.000,9999.000,9999.000,9999.000,9999.000
202604161130,   0.788,   1.469,9999.000,9999.000,9999.000,9999.000,9999.000,9999.000,9999.000
202604161136,   0.784,   1.439,9999.000,9999.000,9999.000,9999.000,9999.000,9999.000,9999.000
202604161142,   0.780,   1.449,9999.000,9999.000,9999.000,9999.000,9999.000,9999.000,9999.000
202604161148,   0.776,   1.430,9999.000,9999.000,9999.000,9999.000,9999.000,9999.000,9999.000
202604161154,   0.771,   1.420,9999.000,9999.000,9999.000,9999.000,9999.000,9999.000,9999.000
202604161200,   0.767,   1.439,   0.700,  -0.028,   1.439,   0.700,   1.439,   0.700,   1.439
202604161206,   0.762,   1.449,9999.000,9999.000,9999.000,9999.000,9999.000,9999.000,9999.000
202604161212,   0.758,   1.449,9999.000,9999.000,9999.000,9999.000,9999.000,9999.000,9999.000
202604161218,   0.753,   1.420,9999.000,9999.000,9999.000,9999.000,9999.000,9999.000,9999.000
202604161224,   0.749,   1.439,9999.000,9999.000,9999.000,9999.000,9999.000,9999.000,9999.000
202604161230,   0.744,   1.439,9999.000,9999.000,9999.000,9999.000,9999.000,9999.000,9999.000
202604161236,   0.739,   1.439,9999.000,9999.000,9999.000,9999.000,9999.000,9999.000,9999.000
202604161242,   0.734,   1.420,9999.000,9999.000,9999.000,9999.000,9999.000,9999.000,9999.000
202604161248,   0.730,   1.400,9999.000,9999.000,9999.000,9999.000,9999.000,9999.000,9999.000
202604161254,   0.725,   1.390,9999.000,9999.000,9999.000,9999.000,9999.000,9999.000,9999.000
202604161300,   0.720,   1.400,   0.700,  -0.020,   1.400,   0.700,   1.400,   0.700,   1.400
202604161306,   0.715,   1.390,9999.000,9999.000,9999.000,9999.000,9999.000,9999.000,9999.000
202604161312,   0.711,   1.371,9999.000,9999.000,9999.000,9999.000,9999.000,9999.000,9999.000
202604161318,   0.706,   1.371,9999.000,9999.000,9999.000,9999.000,9999.000,9999.000,9999.000
202604161324,   0.701,   1.348,9999.000,9999.000,9999.000,9999.000,9999.000,9999.000,9999.000
202604161330,   0.696,   1.348,9999.000,9999.000,9999.000,9999.000,9999.000,9999.000,9999.000
202604161336,   0.692,   1.338,9999.000,9999.000,9999.000,9999.000,9999.000,9999.000,9999.000
202604161342,   0.687,   1.338,9999.000,9999.000,9999.000,9999.000,9999.000,9999.000,9999.000
202604161348,   0.682,   1.318,9999.000,9999.000,9999.000,9999.000,9999.000,9999.000,9999.000
202604161354,   0.678,   1.298,9999.000,9999.000,9999.000,9999.000,9999.000,9999.000,9999.000
202604161400,   0.673,   1.308,   0.700,  -0.065,   1.308,   0.700,   1.308,   0.700,   1.308
202604161406,   0.669,   1.338,9999.000,9999.000,9999.000,9999.000,9999.000,9999.000,9999.000
202604161412,   0.665,   1.318,9999.000,9999.000,9999.000,9999.000,9999.000,9999.000,9999.000
202604161418,   0.661,   1.298,9999.000,9999.000,9999.000,9999.000,9999.000,9999.000,9999.000
202604161424,   0.657,   1.279,9999.000,9999.000,9999.000,9999.000,9999.000,9999.000,9999.000
202604161430,   0.653,   1.289,9999.000,9999.000,9999.000,9999.000,9999.000,9999.000,9999.000
202604161436,   0.649,   1.318,9999.000,9999.000,9999.000,9999.000,9999.000,9999.000,9999.000
202604161442,   0.645,   1.269,9999.000,9999.000,9999.000,9999.000,9999.000,9999.000,9999.000
202604161448,   0.642,   1.249,9999.000,9999.000,9999.000,9999.000,9999.000,9999.000,9999.000
202604161454,   0.638,   1.249,9999.000,9999.000,9999.000,9999.000,9999.000,9999.000,9999.000
202604161500,   0.635,   1.229,   0.700,  -0.106,   1.229,   0.700,   1.229,   0.700,   1.229
202604161506,   0.632,   1.249,9999.000,9999.000,9999.000,9999.000,9999.000,9999.000,9999.000
202604161512,   0.629,   1.239,9999.000,9999.000,9999.000,9999.000,9999.000,9999.000,9999.000
202604161518,   0.627,   1.229,9999.000,9999.000,9999.000,9999.000,9999.000,9999.000,9999.000
202604161524,   0.625,   1.239,9999.000,9999.000,9999.000,9999.000,9999.000,9999.000,9999.000
202604161530,   0.622,   1.220,9999.000,9999.000,9999.000,9999.000,9999.000,9999.000,9999.000
202604161536,   0.621,   1.200,9999.000,9999.000,9999.000,9999.000,9999.000,9999.000,9999.000
202604161542,   0.619,   1.229,9999.000,9999.000,9999.000,9999.000,9999.000,9999.000,9999.000
202604161548,   0.618,   1.249,9999.000,9999.000,9999.000,9999.000,9999.000,9999.000,9999.000
202604161554,   0.616,   1.249,9999.000,9999.000,9999.000,9999.000,9999.000,9999.000,9999.000
202604161600,   0.616,   1.151,   0.700,  -0.165,   1.151,   0.700,   1.151,   0.700,   1.151
202604161606,   0.615,   1.249,9999.000,9999.000,9999.000,9999.000,9999.000,9999.000,9999.000
202604161612,   0.615,   1.229,9999.000,9999.000,9999.000,9999.000,9999.000,9999.000,9999.000
202604161618,   0.614,   1.229,9999.000,9999.000,9999.000,9999.000,9999.000,9999.000,9999.000
202604161624,   0.615,   1.229,9999.000,9999.000,9999.000,9999.000,9999.000,9999.000,9999.000
202604161630,   0.615,   1.220,9999.000,9999.000,9999.000,9999.000,9999.000,9999.000,9999.000
202604161636,   0.616,   1.220,9999.000,9999.000,9999.000,9999.000,9999.000,9999.000,9999.000
202604161642,   0.616,   1.239,9999.000,9999.000,9999.000,9999.000,9999.000,9999.000,9999.000
202604161648,   0.617,   1.220,9999.000,9999.000,9999.000,9999.000,9999.000,9999.000,9999.000
202604161654,   0.619,   1.190,9999.000,9999.000,9999.000,9999.000,9999.000,9999.000,9999.000
202604161700,   0.620,   1.220,   0.700,  -0.100,   1.220,   0.700,   1.220,   0.700,   1.220
202604161706,   0.622,   1.269,9999.000,9999.000,9999.000,9999.000,9999.000,9999.000,9999.000
202604161712,   0.624,   1.279,9999.000,9999.000,9999.000,9999.000,9999.000,9999.000,9999.000
202604161718,   0.626,   1.289,9999.000,9999.000,9999.000,9999.000,9999.000,9999.000,9999.000
202604161724,   0.628,   1.308,9999.000,9999.000,9999.000,9999.000,9999.000,9999.000,9999.000
202604161730,   0.630,   1.210,9999.000,9999.000,9999.000,9999.000,9999.000,9999.000,9999.000
202604161736,   0.633,   1.308,9999.000,9999.000,9999.000,9999.000,9999.000,9999.000,9999.000
202604161742,   0.635,   1.279,9999.000,9999.000,9999.000,9999.000,9999.000,9999.000,9999.000
202604161748,   0.638,   1.289,9999.000,9999.000,9999.000,9999.000,9999.000,9999.000,9999.000
202604161754,   0.641,   1.279,9999.000,9999.000,9999.000,9999.000,9999.000,9999.000,9999.000
202604161800,   0.643,   1.298,   0.700,  -0.045,   1.298,   0.600,   1.198,   0.700,   1.298
202604161806,   0.646,   1.279,9999.000,9999.000,9999.000,9999.000,9999.000,9999.000,9999.000
202604161812,   0.649,   1.279,9999.000,9999.000,9999.000,9999.000,9999.000,9999.000,9999.000
202604161818,   0.651,   1.259,9999.000,9999.000,9999.000,9999.000,9999.000,9999.000,9999.000
202604161824,   0.654,   1.259,9999.000,9999.000,9999.000,9999.000,9999.000,9999.000,9999.000
202604161830,   0.656,   1.279,9999.000,9999.000,9999.000,9999.000,9999.000,9999.000,9999.000
202604161836,   0.659,   1.279,9999.000,9999.000,9999.000,9999.000,9999.000,9999.000,9999.000
202604161842,   0.661,   1.269,9999.000,9999.000,9999.000,9999.000,9999.000,9999.000,9999.000
202604161848,   0.663,   1.289,9999.000,9999.000,9999.000,9999.000,9999.000,9999.000,9999.000
202604161854,   0.665,   1.298,9999.000,9999.000,9999.000,9999.000,9999.000,9999.000,9999.000
202604161900,   0.667,   1.308,   0.700,  -0.059,   1.308,   0.600,   1.208,   0.700,   1.308
202604161906,   0.668,   1.308,9999.000,9999.000,9999.000,9999.000,9999.000,9999.000,9999.000
202604161912,   0.669,   1.338,9999.000,9999.000,9999.000,9999.000,9999.000,9999.000,9999.000
202604161918,   0.670,   1.318,9999.000,9999.000,9999.000,9999.000,9999.000,9999.000,9999.000
202604161924,   0.671,   1.348,9999.000,9999.000,9999.000,9999.000,9999.000,9999.000,9999.000
202604161930,   0.671,   1.348,9999.000,9999.000,9999.000,9999.000,9999.000,9999.000,9999.000
202604161936,   0.671,   1.308,9999.000,9999.000,9999.000,9999.000,9999.000,9999.000,9999.000
202604161942,   0.671,   1.328,9999.000,9999.000,9999.000,9999.000,9999.000,9999.000,9999.000
202604161948,   0.670,   1.289,9999.000,9999.000,9999.000,9999.000,9999.000,9999.000,9999.000
202604161954,   0.669,   1.318,9999.000,9999.000,9999.000,9999.000,9999.000,9999.000,9999.000
202604162000,   0.668,   1.308,   0.700,  -0.060,   1.308,   0.700,   1.308,   0.700,   1.308
202604162006,   0.666,   1.289,9999.000,9999.000,9999.000,9999.000,9999.000,9999.000,9999.000
202604162012,   0.664,   1.318,9999.000,9999.000,9999.000,9999.000,9999.000,9999.000,9999.000
202604162018,   0.661,   1.308,9999.000,9999.000,9999.000,9999.000,9999.000,9999.000,9999.000
202604162024,   0.658,   1.259,9999.000,9999.000,9999.000,9999.000,9999.000,9999.000,9999.000
202604162030,   0.655,   1.289,9999.000,9999.000,9999.000,9999.000,9999.000,9999.000,9999.000
202604162036,   0.651,   1.279,9999.000,9999.000,9999.000,9999.000,9999.000,9999.000,9999.000
202604162042,   0.647,   1.269,9999.000,9999.000,9999.000,9999.000,9999.000,9999.000,9999.000
202604162048,   0.642,   1.289,9999.000,9999.000,9999.000,9999.000,9999.000,9999.000,9999.000
202604162054,   0.637,   1.249,9999.000,9999.000,9999.000,9999.000,9999.000,9999.000,9999.000
202604162100,   0.632,   1.239,   0.700,  -0.093,   1.239,   0.700,   1.239,   0.700,   1.239
202604162106,   0.626,   1.220,9999.000,9999.000,9999.000,9999.000,9999.000,9999.000,9999.000
202604162112,   0.620,   1.239,9999.000,9999.000,9999.000,9999.000,9999.000,9999.000,9999.000
202604162118,   0.614,   1.220,9999.000,9999.000,9999.000,9999.000,9999.000,9999.000,9999.000
202604162124,   0.607,   1.200,9999.000,9999.000,9999.000,9999.000,9999.000,9999.000,9999.000
202604162130,   0.600,   1.210,9999.000,9999.000,9999.000,9999.000,9999.000,9999.000,9999.000
202604162136,   0.593,   1.200,9999.000,9999.000,9999.000,9999.000,9999.000,9999.000,9999.000
202604162142,   0.585,   1.190,9999.000,9999.000,9999.000,9999.000,9999.000,9999.000,9999.000
202604162148,   0.577,   1.170,9999.000,9999.000,9999.000,9999.000,9999.000,9999.000,9999.000
202604162154,   0.569,   1.170,9999.000,9999.000,9999.000,9999.000,9999.000,9999.000,9999.000
202604162200,   0.560,   1.161,   0.700,  -0.099,   1.161,   0.700,   1.161,   0.700,   1.161
202604162206,   0.552,   1.138,9999.000,9999.000,9999.000,9999.000,9999.000,9999.000,9999.000
202604162212,   0.543,   1.128,9999.000,9999.000,9999.000,9999.000,9999.000,9999.000,9999.000
202604162218,   0.534,   1.118,9999.000,9999.000,9999.000,9999.000,9999.000,9999.000,9999.000
202604162224,   0.525,   1.088,9999.000,9999.000,9999.000,9999.000,9999.000,9999.000,9999.000
202604162230,   0.516,   1.069,9999.000,9999.000,9999.000,9999.000,9999.000,9999.000,9999.000
202604162236,   0.506,   1.069,9999.000,9999.000,9999.000,9999.000,9999.000,9999.000,9999.000
202604162242,   0.497,   1.029,9999.000,9999.000,9999.000,9999.000,9999.000,9999.000,9999.000
202604162248,   0.487,   0.990,9999.000,9999.000,9999.000,9999.000,9999.000,9999.000,9999.000
202604162254,   0.478,   0.990,9999.000,9999.000,9999.000,9999.000,9999.000,9999.000,9999.000
202604162300,   0.468,   0.990,   0.700,  -0.178,   0.990,   0.700,   0.990,   0.800,   1.090
202604162306,   0.458,   0.980,9999.000,9999.000,9999.000,9999.000,9999.000,9999.000,9999.000
202604162312,   0.449,   0.990,9999.000,9999.000,9999.000,9999.000,9999.000,9999.000,9999.000
202604162318,   0.439,   0.990,9999.000,9999.000,9999.000,9999.000,9999.000,9999.000,9999.000
202604162324,   0.429,   0.990,9999.000,9999.000,9999.000,9999.000,9999.000,9999.000,9999.000
202604162330,   0.420,   1.000,9999.000,9999.000,9999.000,9999.000,9999.000,9999.000,9999.000
202604162336,   0.410,   0.970,9999.000,9999.000,9999.000,9999.000,9999.000,9999.000,9999.000
202604162342,   0.401,   0.961,9999.000,9999.000,9999.000,9999.000,9999.000,9999.000,9999.000
202604162348,   0.392,   0.951,9999.000,9999.000,9999.000,9999.000,9999.000,9999.000,9999.000
202604162354,   0.382,   0.941,9999.000,9999.000,9999.000,9999.000,9999.000,9999.000,9999.000
202604170000,   0.373,   0.928,   0.700,  -0.145,   0.928,   0.700,   0.928,   0.700,   0.928
202604170006,   0.364,   0.888,9999.000,9999.000,9999.000,9999.000,9999.000,9999.000,9999.000
202604170012,   0.356,   0.879,9999.000,9999.000,9999.000,9999.000,9999.000,9999.000,9999.000
202604170018,   0.347,   0.888,9999.000,9999.000,9999.000,9999.000,9999.000,9999.000,9999.000
202604170024,   0.339,   0.869,9999.000,9999.000,9999.000,9999.000,9999.000,9999.000,9999.000
202604170030,   0.330,   0.839,9999.000,9999.000,9999.000,9999.000,9999.000,9999.000,9999.000
202604170036,   0.322,   0.849,9999.000,9999.000,9999.000,9999.000,9999.000,9999.000,9999.000
202604170042,   0.315,   0.829,9999.000,9999.000,9999.000,9999.000,9999.000,9999.000,9999.000
202604170048,   0.307,   0.819,9999.000,9999.000,9999.000,9999.000,9999.000,9999.000,9999.000
202604170054,   0.300,   0.829,9999.000,9999.000,9999.000,9999.000,9999.000,9999.000,9999.000
202604170100,   0.292,   0.800,   0.700,  -0.192,   0.800,   0.700,   0.800,   0.700,   0.800
202604170106,   0.285,   0.800,9999.000,9999.000,9999.000,9999.000,9999.000,9999.000,9999.000
202604170112,   0.279,   0.780,9999.000,9999.000,9999.000,9999.000,9999.000,9999.000,9999.000
202604170118,   0.272,   0.780,9999.000,9999.000,9999.000,9999.000,9999.000,9999.000,9999.000
202604170124,   0.266,   0.790,9999.000,9999.000,9999.000,9999.000,9999.000,9999.000,9999.000
202604170130,   0.261,   0.760,9999.000,9999.000,9999.000,9999.000,9999.000,9999.000,9999.000
202604170136,   0.255,   0.751,9999.000,9999.000,9999.000,9999.000,9999.000,9999.000,9999.000
202604170142,   0.250,   0.770,9999.000,9999.000,9999.000,9999.000,9999.000,9999.000,9999.000
202604170148,   0.245,   0.760,9999.000,9999.000,9999.000,9999.000,9999.000,9999.000,9999.000
202604170154,   0.240,   0.751,9999.000,9999.000,9999.000,9999.000,9999.000,9999.000,9999.000
202604170200,   0.236,   0.780,   0.700,  -0.156,   0.780,   0.700,   0.780,   0.700,   0.780
202604170206,   0.232,   0.770,9999.000,9999.000,9999.000,9999.000,9999.000,9999.000,9999.000
202604170212,   0.229,   0.770,9999.000,9999.000,9999.000,9999.000,9999.000,9999.000,9999.000
202604170218,   0.226,   0.731,9999.000,9999.000,9999.000,9999.000,9999.000,9999.000,9999.000
202604170224,   0.223,   0.731,9999.000,9999.000,9999.000,9999.000,9999.000,9999.000,9999.000
202604170230,   0.220,   0.741,9999.000,9999.000,9999.000,9999.000,9999.000,9999.000,9999.000
202604170236,   0.218,   0.741,9999.000,9999.000,9999.000,9999.000,9999.000,9999.000,9999.000
202604170242,   0.217,   0.741,9999.000,9999.000,9999.000,9999.000,9999.000,9999.000,9999.000
202604170248,   0.216,   0.731,9999.000,9999.000,9999.000,9999.000,9999.000,9999.000,9999.000
202604170254,   0.215,   0.718,9999.000,9999.000,9999.000,9999.000,9999.000,9999.000,9999.000
202604170300,   0.215,   0.741,   0.700,  -0.174,   0.741,   0.700,   0.741,   0.700,   0.741
202604170306,   0.215,   0.770,9999.000,9999.000,9999.000,9999.000,9999.000,9999.000,9999.000
202604170312,   0.215,   0.790,9999.000,9999.000,9999.000,9999.000,9999.000,9999.000,9999.000
202604170318,   0.216,   0.810,9999.000,9999.000,9999.000,9999.000,9999.000,9999.000,9999.000
202604170324,   0.218,   0.810,9999.000,9999.000,9999.000,9999.000,9999.000,9999.000,9999.000
202604170330,   0.220,   0.819,9999.000,9999.000,9999.000,9999.000,9999.000,9999.000,9999.000
202604170336,   0.223,   0.819,9999.000,9999.000,9999.000,9999.000,9999.000,9999.000,9999.000
202604170342,   0.226,   0.839,9999.000,9999.000,9999.000,9999.000,9999.000,9999.000,9999.000
202604170348,   0.229,   0.829,9999.000,9999.000,9999.000,9999.000,9999.000,9999.000,9999.000
202604170354,   0.234,   0.829,9999.000,9999.000,9999.000,9999.000,9999.000,9999.000,9999.000
202604170400,   0.238,   0.819,   0.700,  -0.119,   0.819,   0.700,   0.819,   0.700,   0.819
202604170406,   0.243,   0.829,9999.000,9999.000,9999.000,9999.000,9999.000,9999.000,9999.000
202604170412,   0.249,   0.819,9999.000,9999.000,9999.000,9999.000,9999.000,9999.000,9999.000
202604170418,   0.255,   0.839,9999.000,9999.000,9999.000,9999.000,9999.000,9999.000,9999.000
202604170424,   0.262,   0.849,9999.000,9999.000,9999.000,9999.000,9999.000,9999.000,9999.000
202604170430,   0.270,   0.859,9999.000,9999.000,9999.000,9999.000,9999.000,9999.000,9999.000
202604170436,   0.277,   0.888,9999.000,9999.000,9999.000,9999.000,9999.000,9999.000,9999.000
202604170442,   0.286,   0.888,9999.000,9999.000,9999.000,9999.000,9999.000,9999.000,9999.000
202604170448,   0.295,   0.898,9999.000,9999.000,9999.000,9999.000,9999.000,9999.000,9999.000
202604170454,   0.304,   0.898,9999.000,9999.000,9999.000,9999.000,9999.000,9999.000,9999.000
202604170500,   0.314,   0.898,   0.700,  -0.116,   0.898,   0.700,   0.898,   0.700,   0.898
202604170506,   0.324,   0.908,9999.000,9999.000,9999.000,9999.000,9999.000,9999.000,9999.000
202604170512,   0.335,   0.918,9999.000,9999.000,9999.000,9999.000,9999.000,9999.000,9999.000
202604170518,   0.347,   0.941,9999.000,9999.000,9999.000,9999.000,9999.000,9999.000,9999.000
202604170524,   0.358,   0.951,9999.000,9999.000,9999.000,9999.000,9999.000,9999.000,9999.000
202604170530,   0.371,   0.961,9999.000,9999.000,9999.000,9999.000,9999.000,9999.000,9999.000
202604170536,   0.383,   0.980,9999.000,9999.000,9999.000,9999.000,9999.000,9999.000,9999.000
202604170542,   0.396,   0.970,9999.000,9999.000,9999.000,9999.000,9999.000,9999.000,9999.000
202604170548,   0.409,   1.000,9999.000,9999.000,9999.000,9999.000,9999.000,9999.000,9999.000
202604170554,   0.423,   1.020,9999.000,9999.000,9999.000,9999.000,9999.000,9999.000,9999.000
202604170600,   0.437,   1.088,   0.600,   0.051,   1.088,   0.600,   1.088,   0.600,   1.088
202604170606,   0.451,   1.029,9999.000,9999.000,9999.000,9999.000,9999.000,9999.000,9999.000
202604170612,   0.466,   1.161,9999.000,9999.000,9999.000,9999.000,9999.000,9999.000,9999.000
202604170618,   0.480,   1.108,9999.000,9999.000,9999.000,9999.000,9999.000,9999.000,9999.000
202604170624,   0.495,   1.118,9999.000,9999.000,9999.000,9999.000,9999.000,9999.000,9999.000
202604170630,   0.510,   1.170,9999.000,9999.000,9999.000,9999.000,9999.000,9999.000,9999.000
202604170636,   0.525,   1.210,9999.000,9999.000,9999.000,9999.000,9999.000,9999.000,9999.000
202604170642,   0.540,   1.170,9999.000,9999.000,9999.000,9999.000,9999.000,9999.000,9999.000
202604170648,   0.555,   1.190,9999.000,9999.000,9999.000,9999.000,9999.000,9999.000,9999.000
202604170654,   0.571,   1.210,9999.000,9999.000,9999.000,9999.000,9999.000,9999.000,9999.000
202604170700,   0.586,   1.220,   0.600,   0.034,   1.220,   0.600,   1.220,   0.600,   1.220
202604170706,   0.601,   1.220,9999.000,9999.000,9999.000,9999.000,9999.000,9999.000,9999.000
202604170712,   0.616,   1.229,9999.000,9999.000,9999.000,9999.000,9999.000,9999.000,9999.000
202604170718,   0.631,   1.210,9999.000,9999.000,9999.000,9999.000,9999.000,9999.000,9999.000
202604170724,   0.645,   1.229,9999.000,9999.000,9999.000,9999.000,9999.000,9999.000,9999.000
202604170730,   0.660,   1.239,9999.000,9999.000,9999.000,9999.000,9999.000,9999.000,9999.000
202604170736,   0.674,   1.269,9999.000,9999.000,9999.000,9999.000,9999.000,9999.000,9999.000
202604170742,   0.688,   1.249,9999.000,9999.000,9999.000,9999.000,9999.000,9999.000,9999.000
202604170748,   0.702,   1.298,9999.000,9999.000,9999.000,9999.000,9999.000,9999.000,9999.000
202604170754,   0.715,   1.298,9999.000,9999.000,9999.000,9999.000,9999.000,9999.000,9999.000
202604170800,   0.728,   1.308,   0.600,  -0.020,   1.308,   0.600,   1.308,   0.700,   1.408
202604170806,   0.741,   1.318,9999.000,9999.000,9999.000,9999.000,9999.000,9999.000,9999.000
202604170812,   0.753,   1.161,9999.000,9999.000,9999.000,9999.000,9999.000,9999.000,9999.000
202604170818,   0.765,   1.328,9999.000,9999.000,9999.000,9999.000,9999.000,9999.000,9999.000
202604170824,   0.776,   1.328,9999.000,9999.000,9999.000,9999.000,9999.000,9999.000,9999.000
202604170830,   0.787,   1.338,9999.000,9999.000,9999.000,9999.000,9999.000,9999.000,9999.000
202604170836,   0.798,   1.361,9999.000,9999.000,9999.000,9999.000,9999.000,9999.000,9999.000
202604170842,   0.808,   1.348,9999.000,9999.000,9999.000,9999.000,9999.000,9999.000,9999.000
202604170848,   0.817,   1.361,9999.000,9999.000,9999.000,9999.000,9999.000,9999.000,9999.000
202604170854,   0.826,   1.390,9999.000,9999.000,9999.000,9999.000,9999.000,9999.000,9999.000
202604170900,   0.835,   1.420,   0.600,  -0.015,   1.420,   0.600,   1.420,   0.700,   1.520
202604170906,   0.843,   1.410,9999.000,9999.000,9999.000,9999.000,9999.000,9999.000,9999.000
202604170912,   0.851,   1.420,9999.000,9999.000,9999.000,9999.000,9999.000,9999.000,9999.000
202604170918,   0.858,   1.430,9999.000,9999.000,9999.000,9999.000,9999.000,9999.000,9999.000
202604170924,   0.864,   1.430,9999.000,9999.000,9999.000,9999.000,9999.000,9999.000,9999.000
202604170930,   0.871,   1.439,9999.000,9999.000,9999.000,9999.000,9999.000,9999.000,9999.000
202604170936,   0.876,   1.439,9999.000,9999.000,9999.000,9999.000,9999.000,9999.000,9999.000
202604170942,   0.881,   1.439,9999.000,9999.000,9999.000,9999.000,9999.000,9999.000,9999.000
202604170948,   0.886,   1.469,9999.000,9999.000,9999.000,9999.000,9999.000,9999.000,9999.000
202604170954,   0.890,   1.469,9999.000,9999.000,9999.000,9999.000,9999.000,9999.000,9999.000
202604171000,   0.894,   1.479,   0.600,  -0.015,   1.479,   0.600,   1.479,   0.700,   1.579
202604171006,   0.897,   1.469,9999.000,9999.000,9999.000,9999.000,9999.000,9999.000,9999.000
202604171012,   0.900,   1.479,9999.000,9999.000,9999.000,9999.000,9999.000,9999.000,9999.000
202604171018,   0.903,   1.489,9999.000,9999.000,9999.000,9999.000,9999.000,9999.000,9999.000
202604171024,   0.905,   1.498,9999.000,9999.000,9999.000,9999.000,9999.000,9999.000,9999.000
202604171030,   0.906,   1.508,9999.000,9999.000,9999.000,9999.000,9999.000,9999.000,9999.000
202604171036,   0.908,   1.518,9999.000,9999.000,9999.000,9999.000,9999.000,9999.000,9999.000
202604171042,   0.909,   1.498,9999.000,9999.000,9999.000,9999.000,9999.000,9999.000,9999.000
202604171048,   0.909,   1.498,9999.000,9999.000,9999.000,9999.000,9999.000,9999.000,9999.000
202604171054,   0.909,   1.498,9999.000,9999.000,9999.000,9999.000,9999.000,9999.000,9999.000
202604171100,   0.909,   1.498,   0.700,  -0.111,   1.498,   0.600,   1.398,   0.700,   1.498
202604171106,   0.909,   1.508,9999.000,9999.000,9999.000,9999.000,9999.000,9999.000,9999.000
202604171112,   0.909,   1.489,9999.000,9999.000,9999.000,9999.000,9999.000,9999.000,9999.000
202604171118,   0.908,   1.479,9999.000,9999.000,9999.000,9999.000,9999.000,9999.000,9999.000
202604171124,   0.907,   1.489,9999.000,9999.000,9999.000,9999.000,9999.000,9999.000,9999.000
202604171130,   0.906,   1.489,9999.000,9999.000,9999.000,9999.000,9999.000,9999.000,9999.000
202604171136,   0.904,   1.479,9999.000,9999.000,9999.000,9999.000,9999.000,9999.000,9999.000
202604171142,   0.903,   1.479,9999.000,9999.000,9999.000,9999.000,9999.000,9999.000,9999.000
202604171148,   0.901,   1.479,9999.000,9999.000,9999.000,9999.000,9999.000,9999.000,9999.000
202604171154,   0.899,   1.479,9999.000,9999.000,9999.000,9999.000,9999.000,9999.000,9999.000
202604171200,   0.897,   1.479,   0.600,  -0.018,   1.479,   0.500,   1.379,   0.600,   1.479
202604171206,   0.895,   1.459,9999.000,9999.000,9999.000,9999.000,9999.000,9999.000,9999.000
202604171212,   0.892,   1.479,9999.000,9999.000,9999.000,9999.000,9999.000,9999.000,9999.000
202604171218,   0.890,   1.489,9999.000,9999.000,9999.000,9999.000,9999.000,9999.000,9999.000
202604171224,   0.887,   1.479,9999.000,9999.000,9999.000,9999.000,9999.000,9999.000,9999.000
202604171230,   0.884,   1.479,9999.000,9999.000,9999.000,9999.000,9999.000,9999.000,9999.000
202604171236,   0.881,   1.479,9999.000,9999.000,9999.000,9999.000,9999.000,9999.000,9999.000
202604171242,   0.878,   1.489,9999.000,9999.000,9999.000,9999.000,9999.000,9999.000,9999.000
202604171248,   0.875,   1.489,9999.000,9999.000,9999.000,9999.000,9999.000,9999.000,9999.000
202604171254,   0.872,   1.498,9999.000,9999.000,9999.000,9999.000,9999.000,9999.000,9999.000
202604171300,   0.869,   1.508,   0.600,   0.039,   1.508,   0.600,   1.508,   0.600,   1.508
202604171306,   0.866,   1.489,9999.000,9999.000,9999.000,9999.000,9999.000,9999.000,9999.000
202604171312,   0.862,   1.479,9999.000,9999.000,9999.000,9999.000,9999.000,9999.000,9999.000
202604171318,   0.859,   1.459,9999.000,9999.000,9999.000,9999.000,9999.000,9999.000,9999.000
202604171324,   0.856,   1.489,9999.000,9999.000,9999.000,9999.000,9999.000,9999.000,9999.000
202604171330,   0.852,   1.449,9999.000,9999.000,9999.000,9999.000,9999.000,9999.000,9999.000
202604171336,   0.848,   1.469,9999.000,9999.000,9999.000,9999.000,9999.000,9999.000,9999.000
202604171342,   0.845,   1.380,9999.000,9999.000,9999.000,9999.000,9999.000,9999.000,9999.000
202604171348,   0.841,   1.449,9999.000,9999.000,9999.000,9999.000,9999.000,9999.000,9999.000
202604171354,   0.837,   1.439,9999.000,9999.000,9999.000,9999.000,9999.000,9999.000,9999.000
202604171400,   0.833,   1.439,   0.600,   0.006,   1.439,   0.600,   1.439,   0.600,   1.439
202604171406,   0.829,   1.420,9999.000,9999.000,9999.000,9999.000,9999.000,9999.000,9999.000
202604171412,   0.825,   1.459,9999.000,9999.000,9999.000,9999.000,9999.000,9999.000,9999.000
202604171418,   0.821,   1.439,9999.000,9999.000,9999.000,9999.000,9999.000,9999.000,9999.000
202604171424,   0.817,   1.430,9999.000,9999.000,9999.000,9999.000,9999.000,9999.000,9999.000
202604171430,   0.813,   1.430,9999.000,9999.000,9999.000,9999.000,9999.000,9999.000,9999.000
202604171436,   0.809,   1.420,9999.000,9999.000,9999.000,9999.000,9999.000,9999.000,9999.000
202604171442,   0.805,   1.400,9999.000,9999.000,9999.000,9999.000,9999.000,9999.000,9999.000
202604171448,   0.801,   1.410,9999.000,9999.000,9999.000,9999.000,9999.000,9999.000,9999.000
202604171454,   0.797,   1.390,9999.000,9999.000,9999.000,9999.000,9999.000,9999.000,9999.000
202604171500,   0.792,   1.390,   0.600,  -0.002,   1.390,   0.600,   1.390,   0.600,   1.390
202604171506,   0.788,   1.400,9999.000,9999.000,9999.000,9999.000,9999.000,9999.000,9999.000
202604171512,   0.784,   1.380,9999.000,9999.000,9999.000,9999.000,9999.000,9999.000,9999.000
202604171518,   0.780,   1.371,9999.000,9999.000,9999.000,9999.000,9999.000,9999.000,9999.000
202604171524,   0.776,   1.380,9999.000,9999.000,9999.000,9999.000,9999.000,9999.000,9999.000
202604171530,   0.772,   1.400,9999.000,9999.000,9999.000,9999.000,9999.000,9999.000,9999.000
202604171536,   0.768,   1.400,9999.000,9999.000,9999.000,9999.000,9999.000,9999.000,9999.000
202604171542,   0.764,   1.430,9999.000,9999.000,9999.000,9999.000,9999.000,9999.000,9999.000
202604171548,   0.761,   1.400,9999.000,9999.000,9999.000,9999.000,9999.000,9999.000,9999.000
202604171554,   0.757,   1.390,9999.000,9999.000,9999.000,9999.000,9999.000,9999.000,9999.000
202604171600,   0.753,   1.390,   0.600,   0.037,   1.390,   0.600,   1.390,   0.600,   1.390
202604171606,   0.750,   1.390,9999.000,9999.000,9999.000,9999.000,9999.000,9999.000,9999.000
202604171612,   0.747,   1.390,9999.000,9999.000,9999.000,9999.000,9999.000,9999.000,9999.000
202604171618,   0.743,   1.380,9999.000,9999.000,9999.000,9999.000,9999.000,9999.000,9999.000
202604171624,   0.740,   1.371,9999.000,9999.000,9999.000,9999.000,9999.000,9999.000,9999.000
202604171630,   0.738,   1.348,9999.000,9999.000,9999.000,9999.000,9999.000,9999.000,9999.000
202604171636,   0.735,   1.328,9999.000,9999.000,9999.000,9999.000,9999.000,9999.000,9999.000
202604171642,   0.732,   1.318,9999.000,9999.000,9999.000,9999.000,9999.000,9999.000,9999.000
202604171648,   0.730,   1.348,9999.000,9999.000,9999.000,9999.000,9999.000,9999.000,9999.000
202604171654,   0.728,   1.298,9999.000,9999.000,9999.000,9999.000,9999.000,9999.000,9999.000
202604171700,   0.726,   1.289,   0.600,  -0.037,   1.289,   0.500,   1.189,   0.600,   1.289
202604171706,   0.724,   1.279,9999.000,9999.000,9999.000,9999.000,9999.000,9999.000,9999.000
202604171712,   0.722,   1.269,9999.000,9999.000,9999.000,9999.000,9999.000,9999.000,9999.000
202604171718,   0.721,   1.289,9999.000,9999.000,9999.000,9999.000,9999.000,9999.000,9999.000
202604171724,   0.720,   1.259,9999.000,9999.000,9999.000,9999.000,9999.000,9999.000,9999.000
202604171730,   0.718,   1.289,9999.000,9999.000,9999.000,9999.000,9999.000,9999.000,9999.000
202604171736,   0.718,   1.298,9999.000,9999.000,9999.000,9999.000,9999.000,9999.000,9999.000
202604171742,   0.717,   1.298,9999.000,9999.000,9999.000,9999.000,9999.000,9999.000,9999.000
202604171748,   0.716,   1.289,9999.000,9999.000,9999.000,9999.000,9999.000,9999.000,9999.000
202604171754,   0.716,   1.249,9999.000,9999.000,9999.000,9999.000,9999.000,9999.000,9999.000
202604171800,   0.715,   1.269,   0.600,  -0.046,   1.269,   0.600,   1.269,   0.700,   1.369
202604171806,   0.715,   1.298,9999.000,9999.000,9999.000,9999.000,9999.000,9999.000,9999.000
202604171812,   0.715,   1.269,9999.000,9999.000,9999.000,9999.000,9999.000,9999.000,9999.000
202604171818,   0.715,   1.298,9999.000,9999.000,9999.000,9999.000,9999.000,9999.000,9999.000
202604171824,   0.715,   1.279,9999.000,9999.000,9999.000,9999.000,9999.000,9999.000,9999.000
202604171830,   0.715,   1.289,9999.000,9999.000,9999.000,9999.000,9999.000,9999.000,9999.000
202604171836,   0.715,   1.298,9999.000,9999.000,9999.000,9999.000,9999.000,9999.000,9999.000
202604171842,   0.716,   1.308,9999.000,9999.000,9999.000,9999.000,9999.000,9999.000,9999.000
202604171848,   0.716,   1.318,9999.000,9999.000,9999.000,9999.000,9999.000,9999.000,9999.000
202604171854,   0.716,   1.338,9999.000,9999.000,9999.000,9999.000,9999.000,9999.000,9999.000
202604171900,   0.716,   1.338,   0.600,   0.022,   1.338,   0.600,   1.338,   0.700,   1.438
202604171906,   0.716,   1.348,9999.000,9999.000,9999.000,9999.000,9999.000,9999.000,9999.000
202604171912,   0.716,   1.348,9999.000,9999.000,9999.000,9999.000,9999.000,9999.000,9999.000
202604171918,   0.716,   1.338,9999.000,9999.000,9999.000,9999.000,9999.000,9999.000,9999.000
202604171924,   0.715,   1.361,9999.000,9999.000,9999.000,9999.000,9999.000,9999.000,9999.000
202604171930,   0.715,   1.380,9999.000,9999.000,9999.000,9999.000,9999.000,9999.000,9999.000
202604171936,   0.714,   1.380,9999.000,9999.000,9999.000,9999.000,9999.000,9999.000,9999.000
202604171942,   0.713,   1.390,9999.000,9999.000,9999.000,9999.000,9999.000,9999.000,9999.000
202604171948,   0.712,   1.390,9999.000,9999.000,9999.000,9999.000,9999.000,9999.000,9999.000
202604171954,   0.710,   1.390,9999.000,9999.000,9999.000,9999.000,9999.000,9999.000,9999.000
202604172000,   0.708,   1.371,   0.700,  -0.037,   1.371,   0.600,   1.271,   0.700,   1.371
202604172006,   0.706,   1.380,9999.000,9999.000,9999.000,9999.000,9999.000,9999.000,9999.000
202604172012,   0.704,   1.410,9999.000,9999.000,9999.000,9999.000,9999.000,9999.000,9999.000
202604172018,   0.701,   1.289,9999.000,9999.000,9999.000,9999.000,9999.000,9999.000,9999.000
202604172024,   0.698,   1.371,9999.000,9999.000,9999.000,9999.000,9999.000,9999.000,9999.000
202604172030,   0.694,   1.348,9999.000,9999.000,9999.000,9999.000,9999.000,9999.000,9999.000
202604172036,   0.690,   1.328,9999.000,9999.000,9999.000,9999.000,9999.000,9999.000,9999.000
202604172042,   0.686,   1.318,9999.000,9999.000,9999.000,9999.000,9999.000,9999.000,9999.000
202604172048,   0.681,   1.348,9999.000,9999.000,9999.000,9999.000,9999.000,9999.000,9999.000
202604172054,   0.676,   1.328,9999.000,9999.000,9999.000,9999.000,9999.000,9999.000,9999.000
202604172100,   0.671,   1.308,   0.700,  -0.063,   1.308,   0.700,   1.308,   0.700,   1.308
202604172106,   0.665,   1.308,9999.000,9999.000,9999.000,9999.000,9999.000,9999.000,9999.000
202604172112,   0.659,   1.298,9999.000,9999.000,9999.000,9999.000,9999.000,9999.000,9999.000
202604172118,   0.652,   1.269,9999.000,9999.000,9999.000,9999.000,9999.000,9999.000,9999.000
202604172124,   0.645,   1.289,9999.000,9999.000,9999.000,9999.000,9999.000,9999.000,9999.000
202604172130,   0.637,   1.249,9999.000,9999.000,9999.000,9999.000,9999.000,9999.000,9999.000
202604172136,   0.629,   1.279,9999.000,9999.000,9999.000,9999.000,9999.000,9999.000,9999.000
202604172142,   0.621,   1.249,9999.000,9999.000,9999.000,9999.000,9999.000,9999.000,9999.000
202604172148,   0.612,   1.239,9999.000,9999.000,9999.000,9999.000,9999.000,9999.000,9999.000
202604172154,   0.603,   1.210,9999.000,9999.000,9999.000,9999.000,9999.000,9999.000,9999.000
202604172200,   0.593,   1.180,   0.700,  -0.113,   1.180,   0.700,   1.180,   0.700,   1.180
202604172206,   0.583,   1.151,9999.000,9999.000,9999.000,9999.000,9999.000,9999.000,9999.000
202604172212,   0.573,   1.118,9999.000,9999.000,9999.000,9999.000,9999.000,9999.000,9999.000
202604172218,   0.563,   1.128,9999.000,9999.000,9999.000,9999.000,9999.000,9999.000,9999.000
202604172224,   0.552,   1.151,9999.000,9999.000,9999.000,9999.000,9999.000,9999.000,9999.000
202604172230,   0.541,   1.128,9999.000,9999.000,9999.000,9999.000,9999.000,9999.000,9999.000
202604172236,   0.530,   1.108,9999.000,9999.000,9999.000,9999.000,9999.000,9999.000,9999.000
202604172242,   0.518,   1.098,9999.000,9999.000,9999.000,9999.000,9999.000,9999.000,9999.000
202604172248,   0.507,   1.088,9999.000,9999.000,9999.000,9999.000,9999.000,9999.000,9999.000
202604172254,   0.495,   1.029,9999.000,9999.000,9999.000,9999.000,9999.000,9999.000,9999.000
202604172300,   0.483,   1.020,   0.700,  -0.163,   1.020,   0.700,   1.020,   0.800,   1.120
202604172306,   0.471,   1.049,9999.000,9999.000,9999.000,9999.000,9999.000,9999.000,9999.000
202604172312,   0.459,   1.029,9999.000,9999.000,9999.000,9999.000,9999.000,9999.000,9999.000
202604172318,   0.447,   0.990,9999.000,9999.000,9999.000,9999.000,9999.000,9999.000,9999.000
202604172324,   0.434,   0.990,9999.000,9999.000,9999.000,9999.000,9999.000,9999.000,9999.000
202604172330,   0.422,   0.961,9999.000,9999.000,9999.000,9999.000,9999.000,9999.000,9999.000
202604172336,   0.410,   0.941,9999.000,9999.000,9999.000,9999.000,9999.000,9999.000,9999.000
202604172342,   0.398,   0.961,9999.000,9999.000,9999.000,9999.000,9999.000,9999.000,9999.000
202604172348,   0.386,   0.961,9999.000,9999.000,9999.000,9999.000,9999.000,9999.000,9999.000
202604172354,   0.374,   0.941,9999.000,9999.000,9999.000,9999.000,9999.000,9999.000,9999.000
202604180000,   0.362,   0.918,   0.700,  -0.144,   0.918,   0.700,   0.918,   0.700,   0.918
202604180006,   0.350,   0.908,9999.000,9999.000,9999.000,9999.000,9999.000,9999.000,9999.000
202604180012,   0.338,   0.888,9999.000,9999.000,9999.000,9999.000,9999.000,9999.000,9999.000
202604180018,   0.327,   0.859,9999.000,9999.000,9999.000,9999.000,9999.000,9999.000,9999.000
202604180024,   0.315,   0.849,9999.000,9999.000,9999.000,9999.000,9999.000,9999.000,9999.000
202604180030,   0.304,   0.869,9999.000,9999.000,9999.000,9999.000,9999.000,9999.000,9999.000
202604180036,   0.293,   0.859,9999.000,9999.000,9999.000,9999.000,9999.000,9999.000,9999.000
202604180042,   0.282,   0.849,9999.000,9999.000,9999.000,9999.000,9999.000,9999.000,9999.000
202604180048,   0.272,   0.849,9999.000,9999.000,9999.000,9999.000,9999.000,9999.000,9999.000
202604180054,   0.261,   0.829,9999.000,9999.000,9999.000,9999.000,9999.000,9999.000,9999.000
202604180100,   0.251,   0.829,   0.700,  -0.122,   0.829,   0.700,   0.829,   0.700,   0.829
202604180106,   0.242,   0.819,9999.000,9999.000,9999.000,9999.000,9999.000,9999.000,9999.000
202604180112,   0.232,   0.800,9999.000,9999.000,9999.000,9999.000,9999.000,9999.000,9999.000
202604180118,   0.223,   0.790,9999.000,9999.000,9999.000,9999.000,9999.000,9999.000,9999.000
202604180124,   0.214,   0.770,9999.000,9999.000,9999.000,9999.000,9999.000,9999.000,9999.000
202604180130,   0.205,   0.770,9999.000,9999.000,9999.000,9999.000,9999.000,9999.000,9999.000
202604180136,   0.197,   0.731,9999.000,9999.000,9999.000,9999.000,9999.000,9999.000,9999.000
202604180142,   0.189,   0.718,9999.000,9999.000,9999.000,9999.000,9999.000,9999.000,9999.000
202604180148,   0.182,   0.731,9999.000,9999.000,9999.000,9999.000,9999.000,9999.000,9999.000
202604180154,   0.174,   0.698,9999.000,9999.000,9999.000,9999.000,9999.000,9999.000,9999.000
202604180200,   0.167,   0.718,   0.700,  -0.149,   0.718,   0.700,   0.718,   0.700,   0.718
202604180206,   0.161,   0.698,9999.000,9999.000,9999.000,9999.000,9999.000,9999.000,9999.000
202604180212,   0.154,   0.688,9999.000,9999.000,9999.000,9999.000,9999.000,9999.000,9999.000
202604180218,   0.148,   0.718,9999.000,9999.000,9999.000,9999.000,9999.000,9999.000,9999.000
202604180224,   0.143,   0.688,9999.000,9999.000,9999.000,9999.000,9999.000,9999.000,9999.000
202604180230,   0.138,   0.678,9999.000,9999.000,9999.000,9999.000,9999.000,9999.000,9999.000
202604180236,   0.133,   0.659,9999.000,9999.000,9999.000,9999.000,9999.000,9999.000,9999.000
202604180242,   0.128,   0.619,9999.000,9999.000,9999.000,9999.000,9999.000,9999.000,9999.000
202604180248,   0.124,   0.619,9999.000,9999.000,9999.000,9999.000,9999.000,9999.000,9999.000
202604180254,   0.121,   0.600,9999.000,9999.000,9999.000,9999.000,9999.000,9999.000,9999.000
202604180300,   0.117,   0.629,   0.700,  -0.188,   0.629,   0.700,   0.629,   0.700,   0.629
202604180306,   0.115,   0.590,9999.000,9999.000,9999.000,9999.000,9999.000,9999.000,9999.000
202604180312,   0.112,   0.590,9999.000,9999.000,9999.000,9999.000,9999.000,9999.000,9999.000
202604180318,   0.110,   0.619,9999.000,9999.000,9999.000,9999.000,9999.000,9999.000,9999.000
202604180324,   0.109,   0.659,9999.000,9999.000,9999.000,9999.000,9999.000,9999.000,9999.000
202604180330,   0.108,   0.629,9999.000,9999.000,9999.000,9999.000,9999.000,9999.000,9999.000
202604180336,   0.107,   0.669,9999.000,9999.000,9999.000,9999.000,9999.000,9999.000,9999.000
202604180342,   0.107,   0.639,9999.000,9999.000,9999.000,9999.000,9999.000,9999.000,9999.000
202604180348,   0.107,   0.669,9999.000,9999.000,9999.000,9999.000,9999.000,9999.000,9999.000
202604180354,   0.108,   0.639,9999.000,9999.000,9999.000,9999.000,9999.000,9999.000,9999.000
202604180400,   0.110,   0.619,   0.700,  -0.191,   0.619,   0.700,   0.619,   0.800,   0.719
202604180406,   0.111,   0.649,9999.000,9999.000,9999.000,9999.000,9999.000,9999.000,9999.000
202604180412,   0.114,   0.669,9999.000,9999.000,9999.000,9999.000,9999.000,9999.000,9999.000
202604180418,   0.117,   0.669,9999.000,9999.000,9999.000,9999.000,9999.000,9999.000,9999.000
202604180424,   0.121,   0.669,9999.000,9999.000,9999.000,9999.000,9999.000,9999.000,9999.000
202604180430,   0.125,   0.649,9999.000,9999.000,9999.000,9999.000,9999.000,9999.000,9999.000
202604180436,   0.129,   0.669,9999.000,9999.000,9999.000,9999.000,9999.000,9999.000,9999.000
202604180442,   0.135,   0.678,9999.000,9999.000,9999.000,9999.000,9999.000,9999.000,9999.000
202604180448,   0.140,   0.688,9999.000,9999.000,9999.000,9999.000,9999.000,9999.000,9999.000
202604180454,   0.147,   0.698,9999.000,9999.000,9999.000,9999.000,9999.000,9999.000,9999.000
202604180500,   0.154,   0.718,   0.700,  -0.136,   0.718,   0.700,   0.718,   0.700,   0.718
202604180506,   0.162,   0.741,9999.000,9999.000,9999.000,9999.000,9999.000,9999.000,9999.000
202604180512,   0.170,   0.741,9999.000,9999.000,9999.000,9999.000,9999.000,9999.000,9999.000
202604180518,   0.179,   0.780,9999.000,9999.000,9999.000,9999.000,9999.000,9999.000,9999.000
202604180524,   0.188,   0.770,9999.000,9999.000,9999.000,9999.000,9999.000,9999.000,9999.000
202604180530,   0.198,   0.790,9999.000,9999.000,9999.000,9999.000,9999.000,9999.000,9999.000
202604180536,   0.209,   0.829,9999.000,9999.000,9999.000,9999.000,9999.000,9999.000,9999.000
202604180542,   0.220,   0.770,9999.000,9999.000,9999.000,9999.000,9999.000,9999.000,9999.000
202604180548,   0.232,   0.849,9999.000,9999.000,9999.000,9999.000,9999.000,9999.000,9999.000
202604180554,   0.244,   0.849,9999.000,9999.000,9999.000,9999.000,9999.000,9999.000,9999.000
202604180600,   0.257,   0.879,   0.600,   0.022,   0.879,   0.600,   0.879,   0.700,   0.979
202604180606,   0.270,   0.879,9999.000,9999.000,9999.000,9999.000,9999.000,9999.000,9999.000
202604180612,   0.284,   0.888,9999.000,9999.000,9999.000,9999.000,9999.000,9999.000,9999.000
202604180618,   0.299,   0.928,9999.000,9999.000,9999.000,9999.000,9999.000,9999.000,9999.000
202604180624,   0.313,   0.951,9999.000,9999.000,9999.000,9999.000,9999.000,9999.000,9999.000
202604180630,   0.329,   0.970,9999.000,9999.000,9999.000,9999.000,9999.000,9999.000,9999.000
202604180636,   0.344,   0.980,9999.000,9999.000,9999.000,9999.000,9999.000,9999.000,9999.000
202604180642,   0.360,   1.020,9999.000,9999.000,9999.000,9999.000,9999.000,9999.000,9999.000
202604180648,   0.377,   0.918,9999.000,9999.000,9999.000,9999.000,9999.000,9999.000,9999.000
202604180654,   0.393,   1.039,9999.000,9999.000,9999.000,9999.000,9999.000,9999.000,9999.000
202604180700,   0.410,   1.069,   0.600,   0.059,   1.069,   0.600,   1.069,   0.700,   1.169
202604180706,   0.428,   1.079,9999.000,9999.000,9999.000,9999.000,9999.000,9999.000,9999.000
202604180712,   0.445,   1.079,9999.000,9999.000,9999.000,9999.000,9999.000,9999.000,9999.000
202604180718,   0.463,   1.098,9999.000,9999.000,9999.000,9999.000,9999.000,9999.000,9999.000
202604180724,   0.480,   1.098,9999.000,9999.000,9999.000,9999.000,9999.000,9999.000,9999.000
202604180730,   0.498,   1.180,9999.000,9999.000,9999.000,9999.000,9999.000,9999.000,9999.000
202604180736,   0.516,   1.190,9999.000,9999.000,9999.000,9999.000,9999.000,9999.000,9999.000
202604180742,   0.534,   1.210,9999.000,9999.000,9999.000,9999.000,9999.000,9999.000,9999.000
202604180748,   0.552,   1.220,9999.000,9999.000,9999.000,9999.000,9999.000,9999.000,9999.000
202604180754,   0.570,   1.200,9999.000,9999.000,9999.000,9999.000,9999.000,9999.000,9999.000
202604180800,   0.588,   1.200,   0.600,   0.012,   1.200,   0.600,   1.200,   0.700,   1.300
202604180806,   0.605,   1.229,9999.000,9999.000,9999.000,9999.000,9999.000,9999.000,9999.000
202604180812,   0.623,   1.220,9999.000,9999.000,9999.000,9999.000,9999.000,9999.000,9999.000
202604180818,   0.640,   1.249,9999.000,9999.000,9999.000,9999.000,9999.000,9999.000,9999.000
202604180824,   0.657,   1.249,9999.000,9999.000,9999.000,9999.000,9999.000,9999.000,9999.000
202604180830,   0.674,   1.289,9999.000,9999.000,9999.000,9999.000,9999.000,9999.000,9999.000
202604180836,   0.690,   1.289,9999.000,9999.000,9999.000,9999.000,9999.000,9999.000,9999.000
202604180842,   0.706,   1.298,9999.000,9999.000,9999.000,9999.000,9999.000,9999.000,9999.000
202604180848,   0.722,   1.269,9999.000,9999.000,9999.000,9999.000,9999.000,9999.000,9999.000
202604180854,   0.737,   1.318,9999.000,9999.000,9999.000,9999.000,9999.000,9999.000,9999.000
202604180900,   0.752,   1.361,   0.600,   0.009,   1.361,   0.600,   1.361,   0.700,   1.461
202604180906,   0.767,   1.348,9999.000,9999.000,9999.000,9999.000,9999.000,9999.000,9999.000
202604180912,   0.781,   1.371,9999.000,9999.000,9999.000,9999.000,9999.000,9999.000,9999.000
202604180918,   0.794,   1.328,9999.000,9999.000,9999.000,9999.000,9999.000,9999.000,9999.000
202604180924,   0.807,   1.400,9999.000,9999.000,9999.000,9999.000,9999.000,9999.000,9999.000
202604180930,   0.819,   1.420,9999.000,9999.000,9999.000,9999.000,9999.000,9999.000,9999.000
202604180936,   0.831,   1.439,9999.000,9999.000,9999.000,9999.000,9999.000,9999.000,9999.000
202604180942,   0.843,   1.420,9999.000,9999.000,9999.000,9999.000,9999.000,9999.000,9999.000
202604180948,   0.854,   1.430,9999.000,9999.000,9999.000,9999.000,9999.000,9999.000,9999.000
202604180954,   0.864,   1.420,9999.000,9999.000,9999.000,9999.000,9999.000,9999.000,9999.000
202604181000,   0.874,   1.459,   0.600,  -0.015,   1.459,   0.600,   1.459,   0.700,   1.559
202604181006,   0.883,   1.410,9999.000,9999.000,9999.000,9999.000,9999.000,9999.000,9999.000
202604181012,   0.892,   1.449,9999.000,9999.000,9999.000,9999.000,9999.000,9999.000,9999.000
202604181018,   0.900,   1.469,9999.000,9999.000,9999.000,9999.000,9999.000,9999.000,9999.000
202604181024,   0.908,   1.459,9999.000,9999.000,9999.000,9999.000,9999.000,9999.000,9999.000
202604181030,   0.915,   1.498,9999.000,9999.000,9999.000,9999.000,9999.000,9999.000,9999.000
202604181036,   0.922,   1.518,9999.000,9999.000,9999.000,9999.000,9999.000,9999.000,9999.000
202604181042,   0.928,   1.518,9999.000,9999.000,9999.000,9999.000,9999.000,9999.000,9999.000
202604181048,   0.933,   1.528,9999.000,9999.000,9999.000,9999.000,9999.000,9999.000,9999.000
202604181054,   0.939,   1.528,9999.000,9999.000,9999.000,9999.000,9999.000,9999.000,9999.000
202604181100,   0.944,   1.557,   0.600,   0.013,   1.557,   0.600,   1.557,   0.700,   1.657
202604181106,   0.948,   1.548,9999.000,9999.000,9999.000,9999.000,9999.000,9999.000,9999.000
202604181112,   0.952,   1.538,9999.000,9999.000,9999.000,9999.000,9999.000,9999.000,9999.000
202604181118,   0.955,   1.538,9999.000,9999.000,9999.000,9999.000,9999.000,9999.000,9999.000
202604181124,   0.959,   1.557,9999.000,9999.000,9999.000,9999.000,9999.000,9999.000,9999.000
202604181130,   0.961,   1.538,9999.000,9999.000,9999.000,9999.000,9999.000,9999.000,9999.000
202604181136,   0.964,   1.557,9999.000,9999.000,9999.000,9999.000,9999.000,9999.000,9999.000
202604181142,   0.966,   1.548,9999.000,9999.000,9999.000,9999.000,9999.000,9999.000,9999.000
202604181148,   0.968,   1.548,9999.000,9999.000,9999.000,9999.000,9999.000,9999.000,9999.000
202604181154,   0.969,   1.557,9999.000,9999.000,9999.000,9999.000,9999.000,9999.000,9999.000
202604181200,   0.971,   1.557,   0.600,  -0.014,   1.557,   0.600,   1.557,   0.700,   1.657
202604181206,   0.972,9999.000,9999.000,9999.000,9999.000,9999.000,9999.000,9999.000,9999.000
202604181212,   0.973,9999.000,9999.000,9999.000,9999.000,9999.000,9999.000,9999.000,9999.000
202604181218,   0.973,9999.000,9999.000,9999.000,9999.000,9999.000,9999.000,9999.000,9999.000
202604181224,   0.974,9999.000,9999.000,9999.000,9999.000,9999.000,9999.000,9999.000,9999.000
202604181230,   0.974,9999.000,9999.000,9999.000,9999.000,9999.000,9999.000,9999.000,9999.000
202604181236,   0.974,9999.000,9999.000,9999.000,9999.000,9999.000,9999.000,9999.000,9999.000
202604181242,   0.974,9999.000,9999.000,9999.000,9999.000,9999.000,9999.000,9999.000,9999.000
202604181248,   0.974,9999.000,9999.000,9999.000,9999.000,9999.000,9999.000,9999.000,9999.000
202604181254,   0.973,9999.000,9999.000,9999.000,9999.000,9999.000,9999.000,9999.000,9999.000
202604181300,   0.973,9999.000,   0.600,  -0.017,   1.556,   0.600,   1.556,   0.700,   1.656
202604181306,   0.972,9999.000,9999.000,9999.000,9999.000,9999.000,9999.000,9999.000,9999.000
202604181312,   0.971,9999.000,9999.000,9999.000,9999.000,9999.000,9999.000,9999.000,9999.000
202604181318,   0.970,9999.000,9999.000,9999.000,9999.000,9999.000,9999.000,9999.000,9999.000
202604181324,   0.969,9999.000,9999.000,9999.000,9999.000,9999.000,9999.000,9999.000,9999.000
202604181330,   0.968,9999.000,9999.000,9999.000,9999.000,9999.000,9999.000,9999.000,9999.000
202604181336,   0.967,9999.000,9999.000,9999.000,9999.000,9999.000,9999.000,9999.000,9999.000
202604181342,   0.965,9999.000,9999.000,9999.000,9999.000,9999.000,9999.000,9999.000,9999.000
202604181348,   0.964,9999.000,9999.000,9999.000,9999.000,9999.000,9999.000,9999.000,9999.000
202604181354,   0.962,9999.000,9999.000,9999.000,9999.000,9999.000,9999.000,9999.000,9999.000
202604181400,   0.960,9999.000,   0.600,  -0.020,   1.540,   0.500,   1.440,   0.600,   1.540
202604181406,   0.958,9999.000,9999.000,9999.000,9999.000,9999.000,9999.000,9999.000,9999.000
202604181412,   0.956,9999.000,9999.000,9999.000,9999.000,9999.000,9999.000,9999.000,9999.000
202604181418,   0.954,9999.000,9999.000,9999.000,9999.000,9999.000,9999.000,9999.000,9999.000
202604181424,   0.952,9999.000,9999.000,9999.000,9999.000,9999.000,9999.000,9999.000,9999.000
202604181430,   0.949,9999.000,9999.000,9999.000,9999.000,9999.000,9999.000,9999.000,9999.000
202604181436,   0.947,9999.000,9999.000,9999.000,9999.000,9999.000,9999.000,9999.000,9999.000
202604181442,   0.944,9999.000,9999.000,9999.000,9999.000,9999.000,9999.000,9999.000,9999.000
202604181448,   0.941,9999.000,9999.000,9999.000,9999.000,9999.000,9999.000,9999.000,9999.000
202604181454,   0.938,9999.000,9999.000,9999.000,9999.000,9999.000,9999.000,9999.000,9999.000
202604181500,   0.935,9999.000,   0.500,  -0.022,   1.413,   0.500,   1.413,   0.600,   1.513
202604181506,   0.932,9999.000,9999.000,9999.000,9999.000,9999.000,9999.000,9999.000,9999.000
202604181512,   0.929,9999.000,9999.000,9999.000,9999.000,9999.000,9999.000,9999.000,9999.000
202604181518,   0.925,9999.000,9999.000,9999.000,9999.000,9999.000,9999.000,9999.000,9999.000
202604181524,   0.922,9999.000,9999.000,9999.000,9999.000,9999.000,9999.000,9999.000,9999.000
202604181530,   0.918,9999.000,9999.000,9999.000,9999.000,9999.000,9999.000,9999.000,9999.000
202604181536,   0.914,9999.000,9999.000,9999.000,9999.000,9999.000,9999.000,9999.000,9999.000
202604181542,   0.910,9999.000,9999.000,9999.000,9999.000,9999.000,9999.000,9999.000,9999.000
202604181548,   0.906,9999.000,9999.000,9999.000,9999.000,9999.000,9999.000,9999.000,9999.000
202604181554,   0.902,9999.000,9999.000,9999.000,9999.000,9999.000,9999.000,9999.000,9999.000
202604181600,   0.898,9999.000,   0.500,  -0.025,   1.373,   0.500,   1.373,   0.600,   1.473
202604181606,   0.894,9999.000,9999.000,9999.000,9999.000,9999.000,9999.000,9999.000,9999.000
202604181612,   0.890,9999.000,9999.000,9999.000,9999.000,9999.000,9999.000,9999.000,9999.000
202604181618,   0.885,9999.000,9999.000,9999.000,9999.000,9999.000,9999.000,9999.000,9999.000
202604181624,   0.881,9999.000,9999.000,9999.000,9999.000,9999.000,9999.000,9999.000,9999.000
202604181630,   0.877,9999.000,9999.000,9999.000,9999.000,9999.000,9999.000,9999.000,9999.000
202604181636,   0.872,9999.000,9999.000,9999.000,9999.000,9999.000,9999.000,9999.000,9999.000
202604181642,   0.868,9999.000,9999.000,9999.000,9999.000,9999.000,9999.000,9999.000,9999.000
202604181648,   0.864,9999.000,9999.000,9999.000,9999.000,9999.000,9999.000,9999.000,9999.000
202604181654,   0.860,9999.000,9999.000,9999.000,9999.000,9999.000,9999.000,9999.000,9999.000
202604181700,   0.855,9999.000,   0.500,  -0.028,   1.327,   0.500,   1.327,   0.500,   1.327
202604181706,   0.851,9999.000,9999.000,9999.000,9999.000,9999.000,9999.000,9999.000,9999.000
202604181712,   0.847,9999.000,9999.000,9999.000,9999.000,9999.000,9999.000,9999.000,9999.000
202604181718,   0.843,9999.000,9999.000,9999.000,9999.000,9999.000,9999.000,9999.000,9999.000
202604181724,   0.839,9999.000,9999.000,9999.000,9999.000,9999.000,9999.000,9999.000,9999.000
202604181730,   0.836,9999.000,9999.000,9999.000,9999.000,9999.000,9999.000,9999.000,9999.000
202604181736,   0.832,9999.000,9999.000,9999.000,9999.000,9999.000,9999.000,9999.000,9999.000
202604181742,   0.829,9999.000,9999.000,9999.000,9999.000,9999.000,9999.000,9999.000,9999.000
202604181748,   0.825,9999.000,9999.000,9999.000,9999.000,9999.000,9999.000,9999.000,9999.000
202604181754,   0.822,9999.000,9999.000,9999.000,9999.000,9999.000,9999.000,9999.000,9999.000
202604181800,   0.819,9999.000,   0.500,  -0.031,   1.288,   0.500,   1.288,   0.500,   1.288
202604181806,   0.816,9999.000,9999.000,9999.000,9999.000,9999.000,9999.000,9999.000,9999.000
202604181812,   0.813,9999.000,9999.000,9999.000,9999.000,9999.000,9999.000,9999.000,9999.000
202604181818,   0.810,9999.000,9999.000,9999.000,9999.000,9999.000,9999.000,9999.000,9999.000
202604181824,   0.808,9999.000,9999.000,9999.000,9999.000,9999.000,9999.000,9999.000,9999.000
202604181830,   0.805,9999.000,9999.000,9999.000,9999.000,9999.000,9999.000,9999.000,9999.000
202604181836,   0.803,9999.000,9999.000,9999.000,9999.000,9999.000,9999.000,9999.000,9999.000
202604181842,   0.801,9999.000,9999.000,9999.000,9999.000,9999.000,9999.000,9999.000,9999.000
202604181848,   0.798,9999.000,9999.000,9999.000,9999.000,9999.000,9999.000,9999.000,9999.000
202604181854,   0.796,9999.000,9999.000,9999.000,9999.000,9999.000,9999.000,9999.000,9999.000
202604181900,   0.794,9999.000,   0.400,  -0.033,   1.161,   0.400,   1.161,   0.500,   1.261
202604181906,   0.793,9999.000,9999.000,9999.000,9999.000,9999.000,9999.000,9999.000,9999.000
202604181912,   0.791,9999.000,9999.000,9999.000,9999.000,9999.000,9999.000,9999.000,9999.000
202604181918,   0.789,9999.000,9999.000,9999.000,9999.000,9999.000,9999.000,9999.000,9999.000
202604181924,   0.787,9999.000,9999.000,9999.000,9999.000,9999.000,9999.000,9999.000,9999.000
202604181930,   0.785,9999.000,9999.000,9999.000,9999.000,9999.000,9999.000,9999.000,9999.000
202604181936,   0.783,9999.000,9999.000,9999.000,9999.000,9999.000,9999.000,9999.000,9999.000
202604181942,   0.781,9999.000,9999.000,9999.000,9999.000,9999.000,9999.000,9999.000,9999.000
202604181948,   0.779,9999.000,9999.000,9999.000,9999.000,9999.000,9999.000,9999.000,9999.000
202604181954,   0.777,9999.000,9999.000,9999.000,9999.000,9999.000,9999.000,9999.000,9999.000
202604182000,   0.774,9999.000,   0.400,  -0.036,   1.138,   0.400,   1.138,   0.500,   1.238
202604182006,   0.772,9999.000,9999.000,9999.000,9999.000,9999.000,9999.000,9999.000,9999.000
202604182012,   0.769,9999.000,9999.000,9999.000,9999.000,9999.000,9999.000,9999.000,9999.000
202604182018,   0.766,9999.000,9999.000,9999.000,9999.000,9999.000,9999.000,9999.000,9999.000
202604182024,   0.763,9999.000,9999.000,9999.000,9999.000,9999.000,9999.000,9999.000,9999.000
202604182030,   0.760,9999.000,9999.000,9999.000,9999.000,9999.000,9999.000,9999.000,9999.000
202604182036,   0.756,9999.000,9999.000,9999.000,9999.000,9999.000,9999.000,9999.000,9999.000
202604182042,   0.752,9999.000,9999.000,9999.000,9999.000,9999.000,9999.000,9999.000,9999.000
202604182048,   0.748,9999.000,9999.000,9999.000,9999.000,9999.000,9999.000,9999.000,9999.000
202604182054,   0.743,9999.000,9999.000,9999.000,9999.000,9999.000,9999.000,9999.000,9999.000
202604182100,   0.738,9999.000,   0.400,  -0.039,   1.099,   0.400,   1.099,   0.500,   1.199
202604182106,   0.732,9999.000,9999.000,9999.000,9999.000,9999.000,9999.000,9999.000,9999.000
202604182112,   0.727,9999.000,9999.000,9999.000,9999.000,9999.000,9999.000,9999.000,9999.000
202604182118,   0.720,9999.000,9999.000,9999.000,9999.000,9999.000,9999.000,9999.000,9999.000
202604182124,   0.714,9999.000,9999.000,9999.000,9999.000,9999.000,9999.000,9999.000,9999.000
202604182130,   0.707,9999.000,9999.000,9999.000,9999.000,9999.000,9999.000,9999.000,9999.000
202604182136,   0.699,9999.000,9999.000,9999.000,9999.000,9999.000,9999.000,9999.000,9999.000
202604182142,   0.691,9999.000,9999.000,9999.000,9999.000,9999.000,9999.000,9999.000,9999.000
202604182148,   0.683,9999.000,9999.000,9999.000,9999.000,9999.000,9999.000,9999.000,9999.000
202604182154,   0.674,9999.000,9999.000,9999.000,9999.000,9999.000,9999.000,9999.000,9999.000
202604182200,   0.665,9999.000,   0.400,  -0.042,   1.023,   0.400,   1.023,   0.500,   1.123
202604182206,   0.655,9999.000,9999.000,9999.000,9999.000,9999.000,9999.000,9999.000,9999.000
202604182212,   0.645,9999.000,9999.000,9999.000,9999.000,9999.000,9999.000,9999.000,9999.000
202604182218,   0.635,9999.000,9999.000,9999.000,9999.000,9999.000,9999.000,9999.000,9999.000
202604182224,   0.624,9999.000,9999.000,9999.000,9999.000,9999.000,9999.000,9999.000,9999.000
202604182230,   0.613,9999.000,9999.000,9999.000,9999.000,9999.000,9999.000,9999.000,9999.000
202604182236,   0.601,9999.000,9999.000,9999.000,9999.000,9999.000,9999.000,9999.000,9999.000
202604182242,   0.589,9999.000,9999.000,9999.000,9999.000,9999.000,9999.000,9999.000,9999.000
202604182248,   0.577,9999.000,9999.000,9999.000,9999.000,9999.000,9999.000,9999.000,9999.000
202604182254,   0.565,9999.000,9999.000,9999.000,9999.000,9999.000,9999.000,9999.000,9999.000
202604182300,   0.552,9999.000,   0.500,  -0.044,   1.008,   0.500,   1.008,   0.500,   1.008
202604182306,   0.539,9999.000,9999.000,9999.000,9999.000,9999.000,9999.000,9999.000,9999.000
202604182312,   0.525,9999.000,9999.000,9999.000,9999.000,9999.000,9999.000,9999.000,9999.000
202604182318,   0.512,9999.000,9999.000,9999.000,9999.000,9999.000,9999.000,9999.000,9999.000
202604182324,   0.498,9999.000,9999.000,9999.000,9999.000,9999.000,9999.000,9999.000,9999.000
202604182330,   0.484,9999.000,9999.000,9999.000,9999.000,9999.000,9999.000,9999.000,9999.000
202604182336,   0.470,9999.000,9999.000,9999.000,9999.000,9999.000,9999.000,9999.000,9999.000
202604182342,   0.456,9999.000,9999.000,9999.000,9999.000,9999.000,9999.000,9999.000,9999.000
202604182348,   0.442,9999.000,9999.000,9999.000,9999.000,9999.000,9999.000,9999.000,9999.000
202604182354,   0.428,9999.000,9999.000,9999.000,9999.000,9999.000,9999.000,9999.000,9999.000
202604190000,   0.414,9999.000,   0.500,  -0.047,   0.867,   0.400,   0.767,   0.500,   0.867
202604190006,   0.400,9999.000,9999.000,9999.000,9999.000,9999.000,9999.000,9999.000,9999.000
202604190012,   0.386,9999.000,9999.000,9999.000,9999.000,9999.000,9999.000,9999.000,9999.000
202604190018,   0.371,9999.000,9999.000,9999.000,9999.000,9999.000,9999.000,9999.000,9999.000
202604190024,   0.357,9999.000,9999.000,9999.000,9999.000,9999.000,9999.000,9999.000,9999.000
202604190030,   0.344,9999.000,9999.000,9999.000,9999.000,9999.000,9999.000,9999.000,9999.000
202604190036,   0.330,9999.000,9999.000,9999.000,9999.000,9999.000,9999.000,9999.000,9999.000
202604190042,   0.316,9999.000,9999.000,9999.000,9999.000,9999.000,9999.000,9999.000,9999.000
202604190048,   0.303,9999.000,9999.000,9999.000,9999.000,9999.000,9999.000,9999.000,9999.000
202604190054,   0.290,9999.000,9999.000,9999.000,9999.000,9999.000,9999.000,9999.000,9999.000
202604190100,   0.277,9999.000,   0.500,  -0.047,   0.730,   0.400,   0.630,   0.500,   0.730
202604190106,   0.264,9999.000,9999.000,9999.000,9999.000,9999.000,9999.000,9999.000,9999.000
202604190112,   0.251,9999.000,9999.000,9999.000,9999.000,9999.000,9999.000,9999.000,9999.000
202604190118,   0.239,9999.000,9999.000,9999.000,9999.000,9999.000,9999.000,9999.000,9999.000
202604190124,   0.227,9999.000,9999.000,9999.000,9999.000,9999.000,9999.000,9999.000,9999.000
202604190130,   0.216,9999.000,9999.000,9999.000,9999.000,9999.000,9999.000,9999.000,9999.000
202604190136,   0.204,9999.000,9999.000,9999.000,9999.000,9999.000,9999.000,9999.000,9999.000
202604190142,   0.193,9999.000,9999.000,9999.000,9999.000,9999.000,9999.000,9999.000,9999.000
202604190148,   0.182,9999.000,9999.000,9999.000,9999.000,9999.000,9999.000,9999.000,9999.000
202604190154,   0.172,9999.000,9999.000,9999.000,9999.000,9999.000,9999.000,9999.000,9999.000
202604190200,   0.162,9999.000,   0.400,  -0.047,   0.515,   0.300,   0.415,   0.500,   0.615
202604190206,   0.152,9999.000,9999.000,9999.000,9999.000,9999.000,9999.000,9999.000,9999.000
202604190212,   0.143,9999.000,9999.000,9999.000,9999.000,9999.000,9999.000,9999.000,9999.000
202604190218,   0.133,9999.000,9999.000,9999.000,9999.000,9999.000,9999.000,9999.000,9999.000
202604190224,   0.125,9999.000,9999.000,9999.000,9999.000,9999.000,9999.000,9999.000,9999.000
202604190230,   0.116,9999.000,9999.000,9999.000,9999.000,9999.000,9999.000,9999.000,9999.000
202604190236,   0.108,9999.000,9999.000,9999.000,9999.000,9999.000,9999.000,9999.000,9999.000
202604190242,   0.101,9999.000,9999.000,9999.000,9999.000,9999.000,9999.000,9999.000,9999.000
202604190248,   0.093,9999.000,9999.000,9999.000,9999.000,9999.000,9999.000,9999.000,9999.000
202604190254,   0.086,9999.000,9999.000,9999.000,9999.000,9999.000,9999.000,9999.000,9999.000
202604190300,   0.080,9999.000,   0.400,  -0.047,   0.433,   0.300,   0.333,   0.500,   0.533
202604190306,   0.073,9999.000,9999.000,9999.000,9999.000,9999.000,9999.000,9999.000,9999.000
202604190312,   0.068,9999.000,9999.000,9999.000,9999.000,9999.000,9999.000,9999.000,9999.000
202604190318,   0.062,9999.000,9999.000,9999.000,9999.000,9999.000,9999.000,9999.000,9999.000
202604190324,   0.057,9999.000,9999.000,9999.000,9999.000,9999.000,9999.000,9999.000,9999.000
202604190330,   0.052,9999.000,9999.000,9999.000,9999.000,9999.000,9999.000,9999.000,9999.000
202604190336,   0.048,9999.000,9999.000,9999.000,9999.000,9999.000,9999.000,9999.000,9999.000
202604190342,   0.044,9999.000,9999.000,9999.000,9999.000,9999.000,9999.000,9999.000,9999.000
202604190348,   0.041,9999.000,9999.000,9999.000,9999.000,9999.000,9999.000,9999.000,9999.000
202604190354,   0.038,9999.000,9999.000,9999.000,9999.000,9999.000,9999.000,9999.000,9999.000
202604190400,   0.035,9999.000,   0.400,  -0.047,   0.388,   0.300,   0.288,   0.400,   0.388
202604190406,   0.033,9999.000,9999.000,9999.000,9999.000,9999.000,9999.000,9999.000,9999.000
202604190412,   0.032,9999.000,9999.000,9999.000,9999.000,9999.000,9999.000,9999.000,9999.000
202604190418,   0.031,9999.000,9999.000,9999.000,9999.000,9999.000,9999.000,9999.000,9999.000
202604190424,   0.030,9999.000,9999.000,9999.000,9999.000,9999.000,9999.000,9999.000,9999.000
202604190430,   0.030,9999.000,9999.000,9999.000,9999.000,9999.000,9999.000,9999.000,9999.000
202604190436,   0.030,9999.000,9999.000,9999.000,9999.000,9999.000,9999.000,9999.000,9999.000
202604190442,   0.031,9999.000,9999.000,9999.000,9999.000,9999.000,9999.000,9999.000,9999.000
202604190448,   0.032,9999.000,9999.000,9999.000,9999.000,9999.000,9999.000,9999.000,9999.000
202604190454,   0.034,9999.000,9999.000,9999.000,9999.000,9999.000,9999.000,9999.000,9999.000
202604190500,   0.037,9999.000,   0.300,  -0.047,   0.290,   0.200,   0.190,   0.400,   0.390
202604190506,   0.040,9999.000,9999.000,9999.000,9999.000,9999.000,9999.000,9999.000,9999.000
202604190512,   0.044,9999.000,9999.000,9999.000,9999.000,9999.000,9999.000,9999.000,9999.000
202604190518,   0.048,9999.000,9999.000,9999.000,9999.000,9999.000,9999.000,9999.000,9999.000
202604190524,   0.053,9999.000,9999.000,9999.000,9999.000,9999.000,9999.000,9999.000,9999.000
202604190530,   0.059,9999.000,9999.000,9999.000,9999.000,9999.000,9999.000,9999.000,9999.000
202604190536,   0.065,9999.000,9999.000,9999.000,9999.000,9999.000,9999.000,9999.000,9999.000
202604190542,   0.072,9999.000,9999.000,9999.000,9999.000,9999.000,9999.000,9999.000,9999.000
202604190548,   0.079,9999.000,9999.000,9999.000,9999.000,9999.000,9999.000,9999.000,9999.000
202604190554,   0.087,9999.000,9999.000,9999.000,9999.000,9999.000,9999.000,9999.000,9999.000
202604190600,   0.096,9999.000,   0.300,  -0.047,   0.349,   0.200,   0.249,   0.300,   0.349
202604190606,   0.105,9999.000,9999.000,9999.000,9999.000,9999.000,9999.000,9999.000,9999.000
202604190612,   0.116,9999.000,9999.000,9999.000,9999.000,9999.000,9999.000,9999.000,9999.000
202604190618,   0.126,9999.000,9999.000,9999.000,9999.000,9999.000,9999.000,9999.000,9999.000
202604190624,   0.138,9999.000,9999.000,9999.000,9999.000,9999.000,9999.000,9999.000,9999.000
202604190630,   0.150,9999.000,9999.000,9999.000,9999.000,9999.000,9999.000,9999.000,9999.000
202604190636,   0.162,9999.000,9999.000,9999.000,9999.000,9999.000,9999.000,9999.000,9999.000
202604190642,   0.176,9999.000,9999.000,9999.000,9999.000,9999.000,9999.000,9999.000,9999.000
202604190648,   0.189,9999.000,9999.000,9999.000,9999.000,9999.000,9999.000,9999.000,9999.000
202604190654,   0.204,9999.000,9999.000,9999.000,9999.000,9999.000,9999.000,9999.000,9999.000
202604190700,   0.219,9999.000,   0.200,  -0.047,   0.372,   0.100,   0.272,   0.300,   0.472
202604190706,   0.234,9999.000,9999.000,9999.000,9999.000,9999.000,9999.000,9999.000,9999.000
202604190712,   0.250,9999.000,9999.000,9999.000,9999.000,9999.000,9999.000,9999.000,9999.000
202604190718,   0.267,9999.000,9999.000,9999.000,9999.000,9999.000,9999.000,9999.000,9999.000
202604190724,   0.284,9999.000,9999.000,9999.000,9999.000,9999.000,9999.000,9999.000,9999.000
202604190730,   0.301,9999.000,9999.000,9999.000,9999.000,9999.000,9999.000,9999.000,9999.000
202604190736,   0.319,9999.000,9999.000,9999.000,9999.000,9999.000,9999.000,9999.000,9999.000
202604190742,   0.337,9999.000,9999.000,9999.000,9999.000,9999.000,9999.000,9999.000,9999.000
202604190748,   0.355,9999.000,9999.000,9999.000,9999.000,9999.000,9999.000,9999.000,9999.000
202604190754,   0.374,9999.000,9999.000,9999.000,9999.000,9999.000,9999.000,9999.000,9999.000
202604190800,   0.393,9999.000,   0.300,  -0.047,   0.646,   0.200,   0.546,   0.300,   0.646
202604190806,   0.412,9999.000,9999.000,9999.000,9999.000,9999.000,9999.000,9999.000,9999.000
202604190812,   0.431,9999.000,9999.000,9999.000,9999.000,9999.000,9999.000,9999.000,9999.000
202604190818,   0.451,9999.000,9999.000,9999.000,9999.000,9999.000,9999.000,9999.000,9999.000
202604190824,   0.470,9999.000,9999.000,9999.000,9999.000,9999.000,9999.000,9999.000,9999.000
202604190830,   0.490,9999.000,9999.000,9999.000,9999.000,9999.000,9999.000,9999.000,9999.000
202604190836,   0.509,9999.000,9999.000,9999.000,9999.000,9999.000,9999.000,9999.000,9999.000
202604190842,   0.529,9999.000,9999.000,9999.000,9999.000,9999.000,9999.000,9999.000,9999.000
202604190848,   0.548,9999.000,9999.000,9999.000,9999.000,9999.000,9999.000,9999.000,9999.000
202604190854,   0.567,9999.000,9999.000,9999.000,9999.000,9999.000,9999.000,9999.000,9999.000
202604190900,   0.586,9999.000,   0.300,  -0.047,   0.839,   0.200,   0.739,   0.400,   0.939
202604190906,   0.605,9999.000,9999.000,9999.000,9999.000,9999.000,9999.000,9999.000,9999.000
202604190912,   0.624,9999.000,9999.000,9999.000,9999.000,9999.000,9999.000,9999.000,9999.000
202604190918,   0.642,9999.000,9999.000,9999.000,9999.000,9999.000,9999.000,9999.000,9999.000
202604190924,   0.660,9999.000,9999.000,9999.000,9999.000,9999.000,9999.000,9999.000,9999.000
202604190930,   0.678,9999.000,9999.000,9999.000,9999.000,9999.000,9999.000,9999.000,9999.000
202604190936,   0.695,9999.000,9999.000,9999.000,9999.000,9999.000,9999.000,9999.000,9999.000
202604190942,   0.712,9999.000,9999.000,9999.000,9999.000,9999.000,9999.000,9999.000,9999.000
202604190948,   0.729,9999.000,9999.000,9999.000,9999.000,9999.000,9999.000,9999.000,9999.000
202604190954,   0.745,9999.000,9999.000,9999.000,9999.000,9999.000,9999.000,9999.000,9999.000
202604191000,   0.760,9999.000,   0.300,  -0.047,   1.013,   0.200,   0.913,   0.400,   1.113
202604191006,   0.775,9999.000,9999.000,9999.000,9999.000,9999.000,9999.000,9999.000,9999.000
202604191012,   0.790,9999.000,9999.000,9999.000,9999.000,9999.000,9999.000,9999.000,9999.000
202604191018,   0.804,9999.000,9999.000,9999.000,9999.000,9999.000,9999.000,9999.000,9999.000
202604191024,   0.818,9999.000,9999.000,9999.000,9999.000,9999.000,9999.000,9999.000,9999.000
202604191030,   0.831,9999.000,9999.000,9999.000,9999.000,9999.000,9999.000,9999.000,9999.000
202604191036,   0.843,9999.000,9999.000,9999.000,9999.000,9999.000,9999.000,9999.000,9999.000
202604191042,   0.855,9999.000,9999.000,9999.000,9999.000,9999.000,9999.000,9999.000,9999.000
202604191048,   0.867,9999.000,9999.000,9999.000,9999.000,9999.000,9999.000,9999.000,9999.000
202604191054,   0.878,9999.000,9999.000,9999.000,9999.000,9999.000,9999.000,9999.000,9999.000
202604191100,   0.888,9999.000,   0.400,  -0.047,   1.241,   0.200,   1.041,   0.500,   1.341
202604191106,   0.898,9999.000,9999.000,9999.000,9999.000,9999.000,9999.000,9999.000,9999.000
202604191112,   0.907,9999.000,9999.000,9999.000,9999.000,9999.000,9999.000,9999.000,9999.000
202604191118,   0.916,9999.000,9999.000,9999.000,9999.000,9999.000,9999.000,9999.000,9999.000
202604191124,   0.924,9999.000,9999.000,9999.000,9999.000,9999.000,9999.000,9999.000,9999.000
202604191130,   0.932,9999.000,9999.000,9999.000,9999.000,9999.000,9999.000,9999.000,9999.000
202604191136,   0.940,9999.000,9999.000,9999.000,9999.000,9999.000,9999.000,9999.000,9999.000
202604191142,   0.947,9999.000,9999.000,9999.000,9999.000,9999.000,9999.000,9999.000,9999.000
202604191148,   0.954,9999.000,9999.000,9999.000,9999.000,9999.000,9999.000,9999.000,9999.000
202604191154,   0.960,9999.000,9999.000,9999.000,9999.000,9999.000,9999.000,9999.000,9999.000
202604191200,   0.966,9999.000,   0.400,  -0.047,   1.319,   0.300,   1.219,   0.500,   1.419
202604191206,   0.971,9999.000,9999.000,9999.000,9999.000,9999.000,9999.000,9999.000,9999.000
202604191212,   0.976,9999.000,9999.000,9999.000,9999.000,9999.000,9999.000,9999.000,9999.000
202604191218,   0.981,9999.000,9999.000,9999.000,9999.000,9999.000,9999.000,9999.000,9999.000
202604191224,   0.986,9999.000,9999.000,9999.000,9999.000,9999.000,9999.000,9999.000,9999.000
202604191230,   0.990,9999.000,9999.000,9999.000,9999.000,9999.000,9999.000,9999.000,9999.000
202604191236,   0.994,9999.000,9999.000,9999.000,9999.000,9999.000,9999.000,9999.000,9999.000
202604191242,   0.997,9999.000,9999.000,9999.000,9999.000,9999.000,9999.000,9999.000,9999.000
202604191248,   1.001,9999.000,9999.000,9999.000,9999.000,9999.000,9999.000,9999.000,9999.000
202604191254,   1.004,9999.000,9999.000,9999.000,9999.000,9999.000,9999.000,9999.000,9999.000
202604191300,   1.007,9999.000,   0.500,  -0.047,   1.460,   0.300,   1.260,   0.600,   1.560
202604191306,   1.010,9999.000,9999.000,9999.000,9999.000,9999.000,9999.000,9999.000,9999.000
202604191312,   1.012,9999.000,9999.000,9999.000,9999.000,9999.000,9999.000,9999.000,9999.000
202604191318,   1.015,9999.000,9999.000,9999.000,9999.000,9999.000,9999.000,9999.000,9999.000
202604191324,   1.017,9999.000,9999.000,9999.000,9999.000,9999.000,9999.000,9999.000,9999.000
202604191330,   1.019,9999.000,9999.000,9999.000,9999.000,9999.000,9999.000,9999.000,9999.000
202604191336,   1.021,9999.000,9999.000,9999.000,9999.000,9999.000,9999.000,9999.000,9999.000
202604191342,   1.022,9999.000,9999.000,9999.000,9999.000,9999.000,9999.000,9999.000,9999.000
202604191348,   1.024,9999.000,9999.000,9999.000,9999.000,9999.000,9999.000,9999.000,9999.000
202604191354,   1.025,9999.000,9999.000,9999.000,9999.000,9999.000,9999.000,9999.000,9999.000
202604191400,   1.027,9999.000,   0.500,  -0.047,   1.480,   0.400,   1.380,   0.700,   1.680
202604191406,   1.028,9999.000,9999.000,9999.000,9999.000,9999.000,9999.000,9999.000,9999.000
202604191412,   1.029,9999.000,9999.000,9999.000,9999.000,9999.000,9999.000,9999.000,9999.000
202604191418,   1.029,9999.000,9999.000,9999.000,9999.000,9999.000,9999.000,9999.000,9999.000
202604191424,   1.030,9999.000,9999.000,9999.000,9999.000,9999.000,9999.000,9999.000,9999.000
202604191430,   1.030,9999.000,9999.000,9999.000,9999.000,9999.000,9999.000,9999.000,9999.000
202604191436,   1.031,9999.000,9999.000,9999.000,9999.000,9999.000,9999.000,9999.000,9999.000
202604191442,   1.031,9999.000,9999.000,9999.000,9999.000,9999.000,9999.000,9999.000,9999.000
202604191448,   1.031,9999.000,9999.000,9999.000,9999.000,9999.000,9999.000,9999.000,9999.000
202604191454,   1.030,9999.000,9999.000,9999.000,9999.000,9999.000,9999.000,9999.000,9999.000
202604191500,   1.030,9999.000,   0.600,  -0.047,   1.583,   0.400,   1.383,   0.800,   1.783
202604191506,   1.029,9999.000,9999.000,9999.000,9999.000,9999.000,9999.000,9999.000,9999.000
202604191512,   1.028,9999.000,9999.000,9999.000,9999.000,9999.000,9999.000,9999.000,9999.000
202604191518,   1.027,9999.000,9999.000,9999.000,9999.000,9999.000,9999.000,9999.000,9999.000
202604191524,   1.026,9999.000,9999.000,9999.000,9999.000,9999.000,9999.000,9999.000,9999.000
202604191530,   1.025,9999.000,9999.000,9999.000,9999.000,9999.000,9999.000,9999.000,9999.000
202604191536,   1.023,9999.000,9999.000,9999.000,9999.000,9999.000,9999.000,9999.000,9999.000
202604191542,   1.021,9999.000,9999.000,9999.000,9999.000,9999.000,9999.000,9999.000,9999.000
202604191548,   1.019,9999.000,9999.000,9999.000,9999.000,9999.000,9999.000,9999.000,9999.000
202604191554,   1.017,9999.000,9999.000,9999.000,9999.000,9999.000,9999.000,9999.000,9999.000
202604191600,   1.014,9999.000,   0.600,  -0.047,   1.567,   0.400,   1.367,   0.900,   1.867
202604191606,   1.011,9999.000,9999.000,9999.000,9999.000,9999.000,9999.000,9999.000,9999.000
202604191612,   1.009,9999.000,9999.000,9999.000,9999.000,9999.000,9999.000,9999.000,9999.000
202604191618,   1.005,9999.000,9999.000,9999.000,9999.000,9999.000,9999.000,9999.000,9999.000
202604191624,   1.002,9999.000,9999.000,9999.000,9999.000,9999.000,9999.000,9999.000,9999.000
202604191630,   0.999,9999.000,9999.000,9999.000,9999.000,9999.000,9999.000,9999.000,9999.000
202604191636,   0.995,9999.000,9999.000,9999.000,9999.000,9999.000,9999.000,9999.000,9999.000
202604191642,   0.991,9999.000,9999.000,9999.000,9999.000,9999.000,9999.000,9999.000,9999.000
202604191648,   0.987,9999.000,9999.000,9999.000,9999.000,9999.000,9999.000,9999.000,9999.000
202604191654,   0.983,9999.000,9999.000,9999.000,9999.000,9999.000,9999.000,9999.000,9999.000
202604191700,   0.979,9999.000,   0.700,  -0.047,   1.632,   0.400,   1.332,   1.000,   1.932
202604191706,   0.975,9999.000,9999.000,9999.000,9999.000,9999.000,9999.000,9999.000,9999.000
202604191712,   0.970,9999.000,9999.000,9999.000,9999.000,9999.000,9999.000,9999.000,9999.000
202604191718,   0.966,9999.000,9999.000,9999.000,9999.000,9999.000,9999.000,9999.000,9999.000
202604191724,   0.961,9999.000,9999.000,9999.000,9999.000,9999.000,9999.000,9999.000,9999.000
202604191730,   0.957,9999.000,9999.000,9999.000,9999.000,9999.000,9999.000,9999.000,9999.000
202604191736,   0.952,9999.000,9999.000,9999.000,9999.000,9999.000,9999.000,9999.000,9999.000
202604191742,   0.948,9999.000,9999.000,9999.000,9999.000,9999.000,9999.000,9999.000,9999.000
202604191748,   0.943,9999.000,9999.000,9999.000,9999.000,9999.000,9999.000,9999.000,9999.000
202604191754,   0.939,9999.000,9999.000,9999.000,9999.000,9999.000,9999.000,9999.000,9999.000
202604191800,   0.934,9999.000,   0.700,  -0.047,   1.587,   0.400,   1.287,   1.000,   1.887
202604191806,   0.929,9999.000,9999.000,9999.000,9999.000,9999.000,9999.000,9999.000,9999.000
202604191812,   0.925,9999.000,9999.000,9999.000,9999.000,9999.000,9999.000,9999.000,9999.000
202604191818,   0.921,9999.000,9999.000,9999.000,9999.000,9999.000,9999.000,9999.000,9999.000
202604191824,   0.916,9999.000,9999.000,9999.000,9999.000,9999.000,9999.000,9999.000,9999.000
202604191830,   0.912,9999.000,9999.000,9999.000,9999.000,9999.000,9999.000,9999.000,9999.000
202604191836,   0.908,9999.000,9999.000,9999.000,9999.000,9999.000,9999.000,9999.000,9999.000
202604191842,   0.904,9999.000,9999.000,9999.000,9999.000,9999.000,9999.000,9999.000,9999.000
202604191848,   0.900,9999.000,9999.000,9999.000,9999.000,9999.000,9999.000,9999.000,9999.000
202604191854,   0.896,9999.000,9999.000,9999.000,9999.000,9999.000,9999.000,9999.000,9999.000
202604191900,   0.892,9999.000,   0.700,  -0.047,   1.545,   0.500,   1.345,   1.000,   1.845
202604191906,   0.888,9999.000,9999.000,9999.000,9999.000,9999.000,9999.000,9999.000,9999.000
202604191912,   0.885,9999.000,9999.000,9999.000,9999.000,9999.000,9999.000,9999.000,9999.000
202604191918,   0.881,9999.000,9999.000,9999.000,9999.000,9999.000,9999.000,9999.000,9999.000
202604191924,   0.878,9999.000,9999.000,9999.000,9999.000,9999.000,9999.000,9999.000,9999.000
202604191930,   0.874,9999.000,9999.000,9999.000,9999.000,9999.000,9999.000,9999.000,9999.000
202604191936,   0.871,9999.000,9999.000,9999.000,9999.000,9999.000,9999.000,9999.000,9999.000
202604191942,   0.868,9999.000,9999.000,9999.000,9999.000,9999.000,9999.000,9999.000,9999.000
202604191948,   0.864,9999.000,9999.000,9999.000,9999.000,9999.000,9999.000,9999.000,9999.000
202604191954,   0.861,9999.000,9999.000,9999.000,9999.000,9999.000,9999.000,9999.000,9999.000
202604192000,   0.858,9999.000,   0.700,  -0.047,   1.511,   0.500,   1.311,   1.100,   1.911
202604192006,   0.855,9999.000,9999.000,9999.000,9999.000,9999.000,9999.000,9999.000,9999.000
202604192012,   0.851,9999.000,9999.000,9999.000,9999.000,9999.000,9999.000,9999.000,9999.000
202604192018,   0.848,9999.000,9999.000,9999.000,9999.000,9999.000,9999.000,9999.000,9999.000
202604192024,   0.845,9999.000,9999.000,9999.000,9999.000,9999.000,9999.000,9999.000,9999.000
202604192030,   0.841,9999.000,9999.000,9999.000,9999.000,9999.000,9999.000,9999.000,9999.000
202604192036,   0.837,9999.000,9999.000,9999.000,9999.000,9999.000,9999.000,9999.000,9999.000
202604192042,   0.833,9999.000,9999.000,9999.000,9999.000,9999.000,9999.000,9999.000,9999.000
202604192048,   0.829,9999.000,9999.000,9999.000,9999.000,9999.000,9999.000,9999.000,9999.000
202604192054,   0.825,9999.000,9999.000,9999.000,9999.000,9999.000,9999.000,9999.000,9999.000
202604192100,   0.821,9999.000,   0.700,  -0.047,   1.474,   0.500,   1.274,   1.100,   1.874
202604192106,   0.816,9999.000,9999.000,9999.000,9999.000,9999.000,9999.000,9999.000,9999.000
202604192112,   0.811,9999.000,9999.000,9999.000,9999.000,9999.000,9999.000,9999.000,9999.000
202604192118,   0.806,9999.000,9999.000,9999.000,9999.000,9999.000,9999.000,9999.000,9999.000
202604192124,   0.800,9999.000,9999.000,9999.000,9999.000,9999.000,9999.000,9999.000,9999.000
202604192130,   0.794,9999.000,9999.000,9999.000,9999.000,9999.000,9999.000,9999.000,9999.000
202604192136,   0.788,9999.000,9999.000,9999.000,9999.000,9999.000,9999.000,9999.000,9999.000
202604192142,   0.782,9999.000,9999.000,9999.000,9999.000,9999.000,9999.000,9999.000,9999.000
202604192148,   0.775,9999.000,9999.000,9999.000,9999.000,9999.000,9999.000,9999.000,9999.000
202604192154,   0.767,9999.000,9999.000,9999.000,9999.000,9999.000,9999.000,9999.000,9999.000
202604192200,   0.759,9999.000,   0.800,  -0.047,   1.512,   0.500,   1.212,   1.100,   1.812
202604192206,   0.751,9999.000,9999.000,9999.000,9999.000,9999.000,9999.000,9999.000,9999.000
202604192212,   0.743,9999.000,9999.000,9999.000,9999.000,9999.000,9999.000,9999.000,9999.000
202604192218,   0.734,9999.000,9999.000,9999.000,9999.000,9999.000,9999.000,9999.000,9999.000
202604192224,   0.724,9999.000,9999.000,9999.000,9999.000,9999.000,9999.000,9999.000,9999.000
202604192230,   0.714,9999.000,9999.000,9999.000,9999.000,9999.000,9999.000,9999.000,9999.000
202604192236,   0.704,9999.000,9999.000,9999.000,9999.000,9999.000,9999.000,9999.000,9999.000
202604192242,   0.693,9999.000,9999.000,9999.000,9999.000,9999.000,9999.000,9999.000,9999.000
202604192248,   0.682,9999.000,9999.000,9999.000,9999.000,9999.000,9999.000,9999.000,9999.000
202604192254,   0.671,9999.000,9999.000,9999.000,9999.000,9999.000,9999.000,9999.000,9999.000
202604192300,   0.659,9999.000,   0.800,  -0.047,   1.412,   0.500,   1.112,   1.100,   1.712
202604192306,   0.647,9999.000,9999.000,9999.000,9999.000,9999.000,9999.000,9999.000,9999.000
202604192312,   0.634,9999.000,9999.000,9999.000,9999.000,9999.000,9999.000,9999.000,9999.000
202604192318,   0.621,9999.000,9999.000,9999.000,9999.000,9999.000,9999.000,9999.000,9999.000
202604192324,   0.608,9999.000,9999.000,9999.000,9999.000,9999.000,9999.000,9999.000,9999.000
202604192330,   0.594,9999.000,9999.000,9999.000,9999.000,9999.000,9999.000,9999.000,9999.000
202604192336,   0.580,9999.000,9999.000,9999.000,9999.000,9999.000,9999.000,9999.000,9999.000
202604192342,   0.566,9999.000,9999.000,9999.000,9999.000,9999.000,9999.000,9999.000,9999.000
202604192348,   0.552,9999.000,9999.000,9999.000,9999.000,9999.000,9999.000,9999.000,9999.000
202604192354,   0.537,9999.000,9999.000,9999.000,9999.000,9999.000,9999.000,9999.000,9999.000
202604200000,   0.523,9999.000,   0.800,  -0.047,   1.276,   0.600,   1.076,   1.100,   1.576
202604200006,   0.508,9999.000,9999.000,9999.000,9999.000,9999.000,9999.000,9999.000,9999.000
202604200012,   0.493,9999.000,9999.000,9999.000,9999.000,9999.000,9999.000,9999.000,9999.000
202604200018,   0.478,9999.000,9999.000,9999.000,9999.000,9999.000,9999.000,9999.000,9999.000
202604200024,   0.463,9999.000,9999.000,9999.000,9999.000,9999.000,9999.000,9999.000,9999.000
202604200030,   0.447,9999.000,9999.000,9999.000,9999.000,9999.000,9999.000,9999.000,9999.000
202604200036,   0.432,9999.000,9999.000,9999.000,9999.000,9999.000,9999.000,9999.000,9999.000
202604200042,   0.417,9999.000,9999.000,9999.000,9999.000,9999.000,9999.000,9999.000,9999.000
202604200048,   0.402,9999.000,9999.000,9999.000,9999.000,9999.000,9999.000,9999.000,9999.000
202604200054,   0.387,9999.000,9999.000,9999.000,9999.000,9999.000,9999.000,9999.000,9999.000
202604200100,   0.372,9999.000,   0.800,  -0.047,   1.125,   0.600,   0.925,   1.000,   1.325
202604200106,   0.357,9999.000,9999.000,9999.000,9999.000,9999.000,9999.000,9999.000,9999.000
202604200112,   0.342,9999.000,9999.000,9999.000,9999.000,9999.000,9999.000,9999.000,9999.000
202604200118,   0.328,9999.000,9999.000,9999.000,9999.000,9999.000,9999.000,9999.000,9999.000
202604200124,   0.313,9999.000,9999.000,9999.000,9999.000,9999.000,9999.000,9999.000,9999.000
202604200130,   0.299,9999.000,9999.000,9999.000,9999.000,9999.000,9999.000,9999.000,9999.000
202604200136,   0.285,9999.000,9999.000,9999.000,9999.000,9999.000,9999.000,9999.000,9999.000
202604200142,   0.271,9999.000,9999.000,9999.000,9999.000,9999.000,9999.000,9999.000,9999.000
202604200148,   0.258,9999.000,9999.000,9999.000,9999.000,9999.000,9999.000,9999.000,9999.000
202604200154,   0.244,9999.000,9999.000,9999.000,9999.000,9999.000,9999.000,9999.000,9999.000
202604200200,   0.231,9999.000,   0.700,  -0.047,   0.884,   0.600,   0.784,   0.900,   1.084
202604200206,   0.218,9999.000,9999.000,9999.000,9999.000,9999.000,9999.000,9999.000,9999.000
202604200212,   0.206,9999.000,9999.000,9999.000,9999.000,9999.000,9999.000,9999.000,9999.000
202604200218,   0.194,9999.000,9999.000,9999.000,9999.000,9999.000,9999.000,9999.000,9999.000
202604200224,   0.182,9999.000,9999.000,9999.000,9999.000,9999.000,9999.000,9999.000,9999.000
202604200230,   0.170,9999.000,9999.000,9999.000,9999.000,9999.000,9999.000,9999.000,9999.000
202604200236,   0.159,9999.000,9999.000,9999.000,9999.000,9999.000,9999.000,9999.000,9999.000
202604200242,   0.148,9999.000,9999.000,9999.000,9999.000,9999.000,9999.000,9999.000,9999.000
202604200248,   0.138,9999.000,9999.000,9999.000,9999.000,9999.000,9999.000,9999.000,9999.000
202604200254,   0.127,9999.000,9999.000,9999.000,9999.000,9999.000,9999.000,9999.000,9999.000
202604200300,   0.117,9999.000,   0.700,  -0.047,   0.770,   0.600,   0.670,   0.900,   0.970
202604200306,   0.108,9999.000,9999.000,9999.000,9999.000,9999.000,9999.000,9999.000,9999.000
202604200312,   0.099,9999.000,9999.000,9999.000,9999.000,9999.000,9999.000,9999.000,9999.000
202604200318,   0.090,9999.000,9999.000,9999.000,9999.000,9999.000,9999.000,9999.000,9999.000
202604200324,   0.081,9999.000,9999.000,9999.000,9999.000,9999.000,9999.000,9999.000,9999.000
202604200330,   0.073,9999.000,9999.000,9999.000,9999.000,9999.000,9999.000,9999.000,9999.000
202604200336,   0.065,9999.000,9999.000,9999.000,9999.000,9999.000,9999.000,9999.000,9999.000
202604200342,   0.057,9999.000,9999.000,9999.000,9999.000,9999.000,9999.000,9999.000,9999.000
202604200348,   0.050,9999.000,9999.000,9999.000,9999.000,9999.000,9999.000,9999.000,9999.000
202604200354,   0.043,9999.000,9999.000,9999.000,9999.000,9999.000,9999.000,9999.000,9999.000
202604200400,   0.037,9999.000,   0.700,  -0.047,   0.690,   0.600,   0.590,   0.900,   0.890
202604200406,   0.030,9999.000,9999.000,9999.000,9999.000,9999.000,9999.000,9999.000,9999.000
202604200412,   0.025,9999.000,9999.000,9999.000,9999.000,9999.000,9999.000,9999.000,9999.000
202604200418,   0.019,9999.000,9999.000,9999.000,9999.000,9999.000,9999.000,9999.000,9999.000
202604200424,   0.014,9999.000,9999.000,9999.000,9999.000,9999.000,9999.000,9999.000,9999.000
202604200430,   0.010,9999.000,9999.000,9999.000,9999.000,9999.000,9999.000,9999.000,9999.000
202604200436,   0.005,9999.000,9999.000,9999.000,9999.000,9999.000,9999.000,9999.000,9999.000
202604200442,   0.002,9999.000,9999.000,9999.000,9999.000,9999.000,9999.000,9999.000,9999.000
202604200448,  -0.001,9999.000,9999.000,9999.000,9999.000,9999.000,9999.000,9999.000,9999.000
202604200454,  -0.004,9999.000,9999.000,9999.000,9999.000,9999.000,9999.000,9999.000,9999.000
202604200500,  -0.006,9999.000,   0.700,  -0.047,   0.647,   0.600,   0.547,   0.900,   0.847
202604200506,  -0.008,9999.000,9999.000,9999.000,9999.000,9999.000,9999.000,9999.000,9999.000
202604200512,  -0.009,9999.000,9999.000,9999.000,9999.000,9999.000,9999.000,9999.000,9999.000
202604200518,  -0.010,9999.000,9999.000,9999.000,9999.000,9999.000,9999.000,9999.000,9999.000
202604200524,  -0.011,9999.000,9999.000,9999.000,9999.000,9999.000,9999.000,9999.000,9999.000
202604200530,  -0.011,9999.000,9999.000,9999.000,9999.000,9999.000,9999.000,9999.000,9999.000
202604200536,  -0.010,9999.000,9999.000,9999.000,9999.000,9999.000,9999.000,9999.000,9999.000
202604200542,  -0.009,9999.000,9999.000,9999.000,9999.000,9999.000,9999.000,9999.000,9999.000
202604200548,  -0.007,9999.000,9999.000,9999.000,9999.000,9999.000,9999.000,9999.000,9999.000
202604200554,  -0.004,9999.000,9999.000,9999.000,9999.000,9999.000,9999.000,9999.000,9999.000
202604200600,  -0.001,9999.000,   0.700,  -0.047,   0.652,   0.600,   0.552,   0.900,   0.852
202604200606,   0.001,9999.000,9999.000,9999.000,9999.000,9999.000,9999.000,9999.000,9999.000
202604200612,   0.006,9999.000,9999.000,9999.000,9999.000,9999.000,9999.000,9999.000,9999.000
202604200618,   0.011,9999.000,9999.000,9999.000,9999.000,9999.000,9999.000,9999.000,9999.000
202604200624,   0.016,9999.000,9999.000,9999.000,9999.000,9999.000,9999.000,9999.000,9999.000
202604200630,   0.023,9999.000,9999.000,9999.000,9999.000,9999.000,9999.000,9999.000,9999.000
202604200636,   0.030,9999.000,9999.000,9999.000,9999.000,9999.000,9999.000,9999.000,9999.000
202604200642,   0.037,9999.000,9999.000,9999.000,9999.000,9999.000,9999.000,9999.000,9999.000
202604200648,   0.046,9999.000,9999.000,9999.000,9999.000,9999.000,9999.000,9999.000,9999.000
202604200654,   0.055,9999.000,9999.000,9999.000,9999.000,9999.000,9999.000,9999.000,9999.000
202604200700,   0.064,9999.000,   0.700,  -0.047,   0.717,   0.600,   0.617,   0.800,   0.817
202604200706,   0.075,9999.000,9999.000,9999.000,9999.000,9999.000,9999.000,9999.000,9999.000
202604200712,   0.086,9999.000,9999.000,9999.000,9999.000,9999.000,9999.000,9999.000,9999.000
202604200718,   0.097,9999.000,9999.000,9999.000,9999.000,9999.000,9999.000,9999.000,9999.000
202604200724,   0.110,9999.000,9999.000,9999.000,9999.000,9999.000,9999.000,9999.000,9999.000
202604200730,   0.123,9999.000,9999.000,9999.000,9999.000,9999.000,9999.000,9999.000,9999.000
202604200736,   0.136,9999.000,9999.000,9999.000,9999.000,9999.000,9999.000,9999.000,9999.000
202604200742,   0.150,9999.000,9999.000,9999.000,9999.000,9999.000,9999.000,9999.000,9999.000
202604200748,   0.165,9999.000,9999.000,9999.000,9999.000,9999.000,9999.000,9999.000,9999.000
202604200754,   0.181,9999.000,9999.000,9999.000,9999.000,9999.000,9999.000,9999.000,9999.000
202604200800,   0.196,9999.000,   0.700,  -0.047,   0.849,   0.600,   0.749,   0.800,   0.949
202604200806,   0.213,9999.000,9999.000,9999.000,9999.000,9999.000,9999.000,9999.000,9999.000
202604200812,   0.230,9999.000,9999.000,9999.000,9999.000,9999.000,9999.000,9999.000,9999.000
202604200818,   0.247,9999.000,9999.000,9999.000,9999.000,9999.000,9999.000,9999.000,9999.000
202604200824,   0.265,9999.000,9999.000,9999.000,9999.000,9999.000,9999.000,9999.000,9999.000
202604200830,   0.283,9999.000,9999.000,9999.000,9999.000,9999.000,9999.000,9999.000,9999.000
202604200836,   0.301,9999.000,9999.000,9999.000,9999.000,9999.000,9999.000,9999.000,9999.000
202604200842,   0.320,9999.000,9999.000,9999.000,9999.000,9999.000,9999.000,9999.000,9999.000
202604200848,   0.339,9999.000,9999.000,9999.000,9999.000,9999.000,9999.000,9999.000,9999.000
202604200854,   0.358,9999.000,9999.000,9999.000,9999.000,9999.000,9999.000,9999.000,9999.000
202604200900,   0.377,9999.000,   0.700,  -0.047,   1.030,   0.600,   0.930,   0.800,   1.130
202604200906,   0.397,9999.000,9999.000,9999.000,9999.000,9999.000,9999.000,9999.000,9999.000
202604200912,   0.416,9999.000,9999.000,9999.000,9999.000,9999.000,9999.000,9999.000,9999.000
202604200918,   0.436,9999.000,9999.000,9999.000,9999.000,9999.000,9999.000,9999.000,9999.000
202604200924,   0.456,9999.000,9999.000,9999.000,9999.000,9999.000,9999.000,9999.000,9999.000
202604200930,   0.475,9999.000,9999.000,9999.000,9999.000,9999.000,9999.000,9999.000,9999.000
202604200936,   0.495,9999.000,9999.000,9999.000,9999.000,9999.000,9999.000,9999.000,9999.000
202604200942,   0.514,9999.000,9999.000,9999.000,9999.000,9999.000,9999.000,9999.000,9999.000
202604200948,   0.534,9999.000,9999.000,9999.000,9999.000,9999.000,9999.000,9999.000,9999.000
202604200954,   0.553,9999.000,9999.000,9999.000,9999.000,9999.000,9999.000,9999.000,9999.000
202604201000,   0.572,9999.000,   0.700,  -0.047,   1.225,   0.600,   1.125,   0.800,   1.325
202604201006,   0.591,9999.000,9999.000,9999.000,9999.000,9999.000,9999.000,9999.000,9999.000
202604201012,   0.609,9999.000,9999.000,9999.000,9999.000,9999.000,9999.000,9999.000,9999.000
202604201018,   0.627,9999.000,9999.000,9999.000,9999.000,9999.000,9999.000,9999.000,9999.000
202604201024,   0.645,9999.000,9999.000,9999.000,9999.000,9999.000,9999.000,9999.000,9999.000
202604201030,   0.662,9999.000,9999.000,9999.000,9999.000,9999.000,9999.000,9999.000,9999.000
202604201036,   0.679,9999.000,9999.000,9999.000,9999.000,9999.000,9999.000,9999.000,9999.000
202604201042,   0.696,9999.000,9999.000,9999.000,9999.000,9999.000,9999.000,9999.000,9999.000
202604201048,   0.712,9999.000,9999.000,9999.000,9999.000,9999.000,9999.000,9999.000,9999.000
202604201054,   0.728,9999.000,9999.000,9999.000,9999.000,9999.000,9999.000,9999.000,9999.000
202604201100,   0.744,9999.000,   0.700,  -0.047,   1.397,   0.600,   1.297,   0.800,   1.497
202604201106,   0.759,9999.000,9999.000,9999.000,9999.000,9999.000,9999.000,9999.000,9999.000
202604201112,   0.773,9999.000,9999.000,9999.000,9999.000,9999.000,9999.000,9999.000,9999.000
202604201118,   0.787,9999.000,9999.000,9999.000,9999.000,9999.000,9999.000,9999.000,9999.000
202604201124,   0.801,9999.000,9999.000,9999.000,9999.000,9999.000,9999.000,9999.000,9999.000
202604201130,   0.814,9999.000,9999.000,9999.000,9999.000,9999.000,9999.000,9999.000,9999.000
202604201136,   0.826,9999.000,9999.000,9999.000,9999.000,9999.000,9999.000,9999.000,9999.000
202604201142,   0.839,9999.000,9999.000,9999.000,9999.000,9999.000,9999.000,9999.000,9999.000
202604201148,   0.850,9999.000,9999.000,9999.000,9999.000,9999.000,9999.000,9999.000,9999.000
202604201154,   0.862,9999.000,9999.000,9999.000,9999.000,9999.000,9999.000,9999.000,9999.000
202604201200,   0.872,9999.000,   0.700,  -0.047,   1.525,   0.600,   1.425,   0.800,   1.625
202604201206,   0.883,9999.000,9999.000,9999.000,9999.000,9999.000,9999.000,9999.000,9999.000
202604201212,   0.893,9999.000,9999.000,9999.000,9999.000,9999.000,9999.000,9999.000,9999.000
202604201218,   0.902,9999.000,9999.000,9999.000,9999.000,9999.000,9999.000,9999.000,9999.000
202604201224,   0.912,9999.000,9999.000,9999.000,9999.000,9999.000,9999.000,9999.000,9999.000
202604201230,   0.920,9999.000,9999.000,9999.000,9999.000,9999.000,9999.000,9999.000,9999.000
202604201236,   0.929,9999.000,9999.000,9999.000,9999.000,9999.000,9999.000,9999.000,9999.000
202604201242,   0.937,9999.000,9999.000,9999.000,9999.000,9999.000,9999.000,9999.000,9999.000
202604201248,   0.945,9999.000,9999.000,9999.000,9999.000,9999.000,9999.000,9999.000,9999.000
202604201254,   0.952,9999.000,9999.000,9999.000,9999.000,9999.000,9999.000,9999.000,9999.000
202604201300,   0.959,9999.000,   0.700,  -0.047,   1.612,   0.600,   1.512,   0.800,   1.712
202604201306,   0.966,9999.000,9999.000,9999.000,9999.000,9999.000,9999.000,9999.000,9999.000
202604201312,   0.973,9999.000,9999.000,9999.000,9999.000,9999.000,9999.000,9999.000,9999.000
202604201318,   0.979,9999.000,9999.000,9999.000,9999.000,9999.000,9999.000,9999.000,9999.000
202604201324,   0.985,9999.000,9999.000,9999.000,9999.000,9999.000,9999.000,9999.000,9999.000
202604201330,   0.991,9999.000,9999.000,9999.000,9999.000,9999.000,9999.000,9999.000,9999.000
202604201336,   0.997,9999.000,9999.000,9999.000,9999.000,9999.000,9999.000,9999.000,9999.000
202604201342,   1.002,9999.000,9999.000,9999.000,9999.000,9999.000,9999.000,9999.000,9999.000
202604201348,   1.007,9999.000,9999.000,9999.000,9999.000,9999.000,9999.000,9999.000,9999.000
202604201354,   1.012,9999.000,9999.000,9999.000,9999.000,9999.000,9999.000,9999.000,9999.000
202604201400,   1.017,9999.000,   0.700,  -0.047,   1.670,   0.600,   1.570,   0.800,   1.770
202604201406,   1.022,9999.000,9999.000,9999.000,9999.000,9999.000,9999.000,9999.000,9999.000
202604201412,   1.026,9999.000,9999.000,9999.000,9999.000,9999.000,9999.000,9999.000,9999.000
202604201418,   1.030,9999.000,9999.000,9999.000,9999.000,9999.000,9999.000,9999.000,9999.000
202604201424,   1.034,9999.000,9999.000,9999.000,9999.000,9999.000,9999.000,9999.000,9999.000
202604201430,   1.038,9999.000,9999.000,9999.000,9999.000,9999.000,9999.000,9999.000,9999.000
202604201436,   1.042,9999.000,9999.000,9999.000,9999.000,9999.000,9999.000,9999.000,9999.000
202604201442,   1.045,9999.000,9999.000,9999.000,9999.000,9999.000,9999.000,9999.000,9999.000
202604201448,   1.048,9999.000,9999.000,9999.000,9999.000,9999.000,9999.000,9999.000,9999.000
202604201454,   1.052,9999.000,9999.000,9999.000,9999.000,9999.000,9999.000,9999.000,9999.000
202604201500,   1.054,9999.000,   0.700,  -0.047,   1.707,   0.600,   1.607,   0.800,   1.807
202604201506,   1.057,9999.000,9999.000,9999.000,9999.000,9999.000,9999.000,9999.000,9999.000
202604201512,   1.060,9999.000,9999.000,9999.000,9999.000,9999.000,9999.000,9999.000,9999.000
202604201518,   1.062,9999.000,9999.000,9999.000,9999.000,9999.000,9999.000,9999.000,9999.000
202604201524,   1.064,9999.000,9999.000,9999.000,9999.000,9999.000,9999.000,9999.000,9999.000
202604201530,   1.066,9999.000,9999.000,9999.000,9999.000,9999.000,9999.000,9999.000,9999.000
202604201536,   1.067,9999.000,9999.000,9999.000,9999.000,9999.000,9999.000,9999.000,9999.000
202604201542,   1.069,9999.000,9999.000,9999.000,9999.000,9999.000,9999.000,9999.000,9999.000
202604201548,   1.070,9999.000,9999.000,9999.000,9999.000,9999.000,9999.000,9999.000,9999.000
202604201554,   1.071,9999.000,9999.000,9999.000,9999.000,9999.000,9999.000,9999.000,9999.000
202604201600,   1.071,9999.000,   0.700,  -0.047,   1.724,   0.600,   1.624,   0.800,   1.824
202604201606,   1.071,9999.000,9999.000,9999.000,9999.000,9999.000,9999.000,9999.000,9999.000
202604201612,   1.071,9999.000,9999.000,9999.000,9999.000,9999.000,9999.000,9999.000,9999.000
202604201618,   1.071,9999.000,9999.000,9999.000,9999.000,9999.000,9999.000,9999.000,9999.000
202604201624,   1.071,9999.000,9999.000,9999.000,9999.000,9999.000,9999.000,9999.000,9999.000
202604201630,   1.070,9999.000,9999.000,9999.000,9999.000,9999.000,9999.000,9999.000,9999.000
202604201636,   1.069,9999.000,9999.000,9999.000,9999.000,9999.000,9999.000,9999.000,9999.000
202604201642,   1.068,9999.000,9999.000,9999.000,9999.000,9999.000,9999.000,9999.000,9999.000
202604201648,   1.066,9999.000,9999.000,9999.000,9999.000,9999.000,9999.000,9999.000,9999.000
202604201654,   1.064,9999.000,9999.000,9999.000,9999.000,9999.000,9999.000,9999.000,9999.000
202604201700,   1.062,9999.000,   0.700,  -0.047,   1.715,   0.600,   1.615,   0.900,   1.915
202604201706,   1.060,9999.000,9999.000,9999.000,9999.000,9999.000,9999.000,9999.000,9999.000
202604201712,   1.058,9999.000,9999.000,9999.000,9999.000,9999.000,9999.000,9999.000,9999.000
202604201718,   1.055,9999.000,9999.000,9999.000,9999.000,9999.000,9999.000,9999.000,9999.000
202604201724,   1.052,9999.000,9999.000,9999.000,9999.000,9999.000,9999.000,9999.000,9999.000
202604201730,   1.049,9999.000,9999.000,9999.000,9999.000,9999.000,9999.000,9999.000,9999.000
202604201736,   1.045,9999.000,9999.000,9999.000,9999.000,9999.000,9999.000,9999.000,9999.000
202604201742,   1.042,9999.000,9999.000,9999.000,9999.000,9999.000,9999.000,9999.000,9999.000
202604201748,   1.038,9999.000,9999.000,9999.000,9999.000,9999.000,9999.000,9999.000,9999.000
202604201754,   1.034,9999.000,9999.000,9999.000,9999.000,9999.000,9999.000,9999.000,9999.000
202604201800,   1.030,9999.000,   0.800,  -0.047,   1.783,   0.600,   1.583,   0.900,   1.883
202604201806,   1.026,9999.000,9999.000,9999.000,9999.000,9999.000,9999.000,9999.000,9999.000
202604201812,   1.022,9999.000,9999.000,9999.000,9999.000,9999.000,9999.000,9999.000,9999.000
202604201818,   1.018,9999.000,9999.000,9999.000,9999.000,9999.000,9999.000,9999.000,9999.000
202604201824,   1.013,9999.000,9999.000,9999.000,9999.000,9999.000,9999.000,9999.000,9999.000
202604201830,   1.009,9999.000,9999.000,9999.000,9999.000,9999.000,9999.000,9999.000,9999.000
202604201836,   1.005,9999.000,9999.000,9999.000,9999.000,9999.000,9999.000,9999.000,9999.000
202604201842,   1.000,9999.000,9999.000,9999.000,9999.000,9999.000,9999.000,9999.000,9999.000
202604201848,   0.996,9999.000,9999.000,9999.000,9999.000,9999.000,9999.000,9999.000,9999.000
202604201854,   0.991,9999.000,9999.000,9999.000,9999.000,9999.000,9999.000,9999.000,9999.000
202604201900,   0.987,9999.000,   0.700,  -0.047,   1.640,   0.600,   1.540,   0.900,   1.840
202604201906,   0.982,9999.000,9999.000,9999.000,9999.000,9999.000,9999.000,9999.000,9999.000
202604201912,   0.978,9999.000,9999.000,9999.000,9999.000,9999.000,9999.000,9999.000,9999.000
202604201918,   0.973,9999.000,9999.000,9999.000,9999.000,9999.000,9999.000,9999.000,9999.000
202604201924,   0.969,9999.000,9999.000,9999.000,9999.000,9999.000,9999.000,9999.000,9999.000
202604201930,   0.965,9999.000,9999.000,9999.000,9999.000,9999.000,9999.000,9999.000,9999.000
202604201936,   0.961,9999.000,9999.000,9999.000,9999.000,9999.000,9999.000,9999.000,9999.000
202604201942,   0.956,9999.000,9999.000,9999.000,9999.000,9999.000,9999.000,9999.000,9999.000
202604201948,   0.952,9999.000,9999.000,9999.000,9999.000,9999.000,9999.000,9999.000,9999.000
202604201954,   0.948,9999.000,9999.000,9999.000,9999.000,9999.000,9999.000,9999.000,9999.000
202604202000,   0.944,9999.000,   0.800,  -0.047,   1.697,   0.600,   1.497,   0.900,   1.797
202604202006,   0.940,9999.000,9999.000,9999.000,9999.000,9999.000,9999.000,9999.000,9999.000
202604202012,   0.936,9999.000,9999.000,9999.000,9999.000,9999.000,9999.000,9999.000,9999.000
202604202018,   0.932,9999.000,9999.000,9999.000,9999.000,9999.000,9999.000,9999.000,9999.000
202604202024,   0.928,9999.000,9999.000,9999.000,9999.000,9999.000,9999.000,9999.000,9999.000
202604202030,   0.925,9999.000,9999.000,9999.000,9999.000,9999.000,9999.000,9999.000,9999.000
202604202036,   0.921,9999.000,9999.000,9999.000,9999.000,9999.000,9999.000,9999.000,9999.000
202604202042,   0.917,9999.000,9999.000,9999.000,9999.000,9999.000,9999.000,9999.000,9999.000
202604202048,   0.913,9999.000,9999.000,9999.000,9999.000,9999.000,9999.000,9999.000,9999.000
202604202054,   0.909,9999.000,9999.000,9999.000,9999.000,9999.000,9999.000,9999.000,9999.000
202604202100,   0.904,9999.000,   0.800,  -0.047,   1.657,   0.600,   1.457,   0.900,   1.757
202604202106,   0.900,9999.000,9999.000,9999.000,9999.000,9999.000,9999.000,9999.000,9999.000
202604202112,   0.896,9999.000,9999.000,9999.000,9999.000,9999.000,9999.000,9999.000,9999.000
202604202118,   0.891,9999.000,9999.000,9999.000,9999.000,9999.000,9999.000,9999.000,9999.000
202604202124,   0.887,9999.000,9999.000,9999.000,9999.000,9999.000,9999.000,9999.000,9999.000
202604202130,   0.882,9999.000,9999.000,9999.000,9999.000,9999.000,9999.000,9999.000,9999.000
202604202136,   0.877,9999.000,9999.000,9999.000,9999.000,9999.000,9999.000,9999.000,9999.000
202604202142,   0.872,9999.000,9999.000,9999.000,9999.000,9999.000,9999.000,9999.000,9999.000
202604202148,   0.866,9999.000,9999.000,9999.000,9999.000,9999.000,9999.000,9999.000,9999.000
202604202154,   0.860,9999.000,9999.000,9999.000,9999.000,9999.000,9999.000,9999.000,9999.000
202604202200,   0.854,9999.000,   0.800,  -0.047,   1.607,   0.600,   1.407,   0.900,   1.707
202604202206,   0.848,9999.000,9999.000,9999.000,9999.000,9999.000,9999.000,9999.000,9999.000
202604202212,   0.841,9999.000,9999.000,9999.000,9999.000,9999.000,9999.000,9999.000,9999.000
202604202218,   0.834,9999.000,9999.000,9999.000,9999.000,9999.000,9999.000,9999.000,9999.000
202604202224,   0.827,9999.000,9999.000,9999.000,9999.000,9999.000,9999.000,9999.000,9999.000
202604202230,   0.819,9999.000,9999.000,9999.000,9999.000,9999.000,9999.000,9999.000,9999.000
202604202236,   0.811,9999.000,9999.000,9999.000,9999.000,9999.000,9999.000,9999.000,9999.000
202604202242,   0.803,9999.000,9999.000,9999.000,9999.000,9999.000,9999.000,9999.000,9999.000
202604202248,   0.794,9999.000,9999.000,9999.000,9999.000,9999.000,9999.000,9999.000,9999.000
202604202254,   0.785,9999.000,9999.000,9999.000,9999.000,9999.000,9999.000,9999.000,9999.000
202604202300,   0.776,9999.000,   0.800,  -0.047,   1.529,   0.600,   1.329,   0.900,   1.629
202604202306,   0.766,9999.000,9999.000,9999.000,9999.000,9999.000,9999.000,9999.000,9999.000
202604202312,   0.755,9999.000,9999.000,9999.000,9999.000,9999.000,9999.000,9999.000,9999.000
202604202318,   0.745,9999.000,9999.000,9999.000,9999.000,9999.000,9999.000,9999.000,9999.000
202604202324,   0.734,9999.000,9999.000,9999.000,9999.000,9999.000,9999.000,9999.000,9999.000
202604202330,   0.722,9999.000,9999.000,9999.000,9999.000,9999.000,9999.000,9999.000,9999.000
202604202336,   0.711,9999.000,9999.000,9999.000,9999.000,9999.000,9999.000,9999.000,9999.000
202604202342,   0.698,9999.000,9999.000,9999.000,9999.000,9999.000,9999.000,9999.000,9999.000
202604202348,   0.686,9999.000,9999.000,9999.000,9999.000,9999.000,9999.000,9999.000,9999.000
202604202354,   0.673,9999.000,9999.000,9999.000,9999.000,9999.000,9999.000,9999.000,9999.000
202604210000,   0.660,9999.000,   0.800,  -0.047,   1.413,   0.600,   1.213,   0.900,   1.513
202604210006,   0.647,9999.000,9999.000,9999.000,9999.000,9999.000,9999.000,9999.000,9999.000
202604210012,   0.633,9999.000,9999.000,9999.000,9999.000,9999.000,9999.000,9999.000,9999.000
202604210018,   0.619,9999.000,9999.000,9999.000,9999.000,9999.000,9999.000,9999.000,9999.000
202604210024,   0.605,9999.000,9999.000,9999.000,9999.000,9999.000,9999.000,9999.000,9999.000
202604210030,   0.591,9999.000,9999.000,9999.000,9999.000,9999.000,9999.000,9999.000,9999.000
202604210036,   0.576,9999.000,9999.000,9999.000,9999.000,9999.000,9999.000,9999.000,9999.000
202604210042,   0.562,9999.000,9999.000,9999.000,9999.000,9999.000,9999.000,9999.000,9999.000
202604210048,   0.547,9999.000,9999.000,9999.000,9999.000,9999.000,9999.000,9999.000,9999.000
202604210054,   0.532,9999.000,9999.000,9999.000,9999.000,9999.000,9999.000,9999.000,9999.000
202604210100,   0.517,9999.000,   0.800,  -0.047,   1.270,   0.600,   1.070,   0.900,   1.370
202604210106,   0.502,9999.000,9999.000,9999.000,9999.000,9999.000,9999.000,9999.000,9999.000
202604210112,   0.487,9999.000,9999.000,9999.000,9999.000,9999.000,9999.000,9999.000,9999.000
202604210118,   0.471,9999.000,9999.000,9999.000,9999.000,9999.000,9999.000,9999.000,9999.000
202604210124,   0.456,9999.000,9999.000,9999.000,9999.000,9999.000,9999.000,9999.000,9999.000
202604210130,   0.441,9999.000,9999.000,9999.000,9999.000,9999.000,9999.000,9999.000,9999.000
202604210136,   0.426,9999.000,9999.000,9999.000,9999.000,9999.000,9999.000,9999.000,9999.000
202604210142,   0.411,9999.000,9999.000,9999.000,9999.000,9999.000,9999.000,9999.000,9999.000
202604210148,   0.396,9999.000,9999.000,9999.000,9999.000,9999.000,9999.000,9999.000,9999.000
202604210154,   0.382,9999.000,9999.000,9999.000,9999.000,9999.000,9999.000,9999.000,9999.000
202604210200,   0.367,9999.000,   0.800,  -0.047,   1.120,   0.600,   0.920,   0.900,   1.220
202604210206,   0.352,9999.000,9999.000,9999.000,9999.000,9999.000,9999.000,9999.000,9999.000
202604210212,   0.338,9999.000,9999.000,9999.000,9999.000,9999.000,9999.000,9999.000,9999.000
202604210218,   0.324,9999.000,9999.000,9999.000,9999.000,9999.000,9999.000,9999.000,9999.000
202604210224,   0.310,9999.000,9999.000,9999.000,9999.000,9999.000,9999.000,9999.000,9999.000
202604210230,   0.296,9999.000,9999.000,9999.000,9999.000,9999.000,9999.000,9999.000,9999.000
202604210236,   0.283,9999.000,9999.000,9999.000,9999.000,9999.000,9999.000,9999.000,9999.000
202604210242,   0.269,9999.000,9999.000,9999.000,9999.000,9999.000,9999.000,9999.000,9999.000
202604210248,   0.256,9999.000,9999.000,9999.000,9999.000,9999.000,9999.000,9999.000,9999.000
202604210254,   0.243,9999.000,9999.000,9999.000,9999.000,9999.000,9999.000,9999.000,9999.000
202604210300,   0.231,9999.000,   0.800,  -0.047,   0.984,   0.600,   0.784,   0.900,   1.084
202604210306,   0.218,9999.000,9999.000,9999.000,9999.000,9999.000,9999.000,9999.000,9999.000
202604210312,   0.206,9999.000,9999.000,9999.000,9999.000,9999.000,9999.000,9999.000,9999.000
202604210318,   0.194,9999.000,9999.000,9999.000,9999.000,9999.000,9999.000,9999.000,9999.000
202604210324,   0.183,9999.000,9999.000,9999.000,9999.000,9999.000,9999.000,9999.000,9999.000
202604210330,   0.171,9999.000,9999.000,9999.000,9999.000,9999.000,9999.000,9999.000,9999.000
202604210336,   0.160,9999.000,9999.000,9999.000,9999.000,9999.000,9999.000,9999.000,9999.000
202604210342,   0.149,9999.000,9999.000,9999.000,9999.000,9999.000,9999.000,9999.000,9999.000
202604210348,   0.139,9999.000,9999.000,9999.000,9999.000,9999.000,9999.000,9999.000,9999.000
202604210354,   0.129,9999.000,9999.000,9999.000,9999.000,9999.000,9999.000,9999.000,9999.000
202604210400,   0.119,9999.000,   0.800,  -0.047,   0.872,   0.600,   0.672,   0.900,   0.972
202604210406,   0.109,9999.000,9999.000,9999.000,9999.000,9999.000,9999.000,9999.000,9999.000
202604210412,   0.100,9999.000,9999.000,9999.000,9999.000,9999.000,9999.000,9999.000,9999.000
202604210418,   0.090,9999.000,9999.000,9999.000,9999.000,9999.000,9999.000,9999.000,9999.000
202604210424,   0.082,9999.000,9999.000,9999.000,9999.000,9999.000,9999.000,9999.000,9999.000
202604210430,   0.073,9999.000,9999.000,9999.000,9999.000,9999.000,9999.000,9999.000,9999.000
202604210436,   0.065,9999.000,9999.000,9999.000,9999.000,9999.000,9999.000,9999.000,9999.000
202604210442,   0.057,9999.000,9999.000,9999.000,9999.000,9999.000,9999.000,9999.000,9999.000
202604210448,   0.050,9999.000,9999.000,9999.000,9999.000,9999.000,9999.000,9999.000,9999.000
202604210454,   0.042,9999.000,9999.000,9999.000,9999.000,9999.000,9999.000,9999.000,9999.000
202604210500,   0.036,9999.000,   0.800,  -0.047,   0.789,   0.600,   0.589,   0.900,   0.889
202604210506,   0.029,9999.000,9999.000,9999.000,9999.000,9999.000,9999.000,9999.000,9999.000
202604210512,   0.023,9999.000,9999.000,9999.000,9999.000,9999.000,9999.000,9999.000,9999.000
202604210518,   0.017,9999.000,9999.000,9999.000,9999.000,9999.000,9999.000,9999.000,9999.000
202604210524,   0.012,9999.000,9999.000,9999.000,9999.000,9999.000,9999.000,9999.000,9999.000
202604210530,   0.007,9999.000,9999.000,9999.000,9999.000,9999.000,9999.000,9999.000,9999.000
202604210536,   0.002,9999.000,9999.000,9999.000,9999.000,9999.000,9999.000,9999.000,9999.000
202604210542,  -0.001,9999.000,9999.000,9999.000,9999.000,9999.000,9999.000,9999.000,9999.000
202604210548,  -0.005,9999.000,9999.000,9999.000,9999.000,9999.000,9999.000,9999.000,9999.000
202604210554,  -0.008,9999.000,9999.000,9999.000,9999.000,9999.000,9999.000,9999.000,9999.000
202604210600,  -0.011,9999.000,   0.700,  -0.047,   0.642,   0.600,   0.542,   0.900,   0.842
202604210606,  -0.013,9999.000,9999.000,9999.000,9999.000,9999.000,9999.000,9999.000,9999.000
202604210612,  -0.015,9999.000,9999.000,9999.000,9999.000,9999.000,9999.000,9999.000,9999.000
202604210618,  -0.016,9999.000,9999.000,9999.000,9999.000,9999.000,9999.000,9999.000,9999.000
202604210624,  -0.016,9999.000,9999.000,9999.000,9999.000,9999.000,9999.000,9999.000,9999.000
202604210630,  -0.016,9999.000,9999.000,9999.000,9999.000,9999.000,9999.000,9999.000,9999.000
202604210636,  -0.016,9999.000,9999.000,9999.000,9999.000,9999.000,9999.000,9999.000,9999.000
202604210642,  -0.015,9999.000,9999.000,9999.000,9999.000,9999.000,9999.000,9999.000,9999.000
202604210648,  -0.013,9999.000,9999.000,9999.000,9999.000,9999.000,9999.000,9999.000,9999.000
202604210654,  -0.011,9999.000,9999.000,9999.000,9999.000,9999.000,9999.000,9999.000,9999.000
202604210700,  -0.008,9999.000,   0.700,  -0.047,   0.645,   0.600,   0.545,   0.800,   0.745
202604210706,  -0.004,9999.000,9999.000,9999.000,9999.000,9999.000,9999.000,9999.000,9999.000
202604210712,   0.000,9999.000,9999.000,9999.000,9999.000,9999.000,9999.000,9999.000,9999.000
202604210718,   0.004,9999.000,9999.000,9999.000,9999.000,9999.000,9999.000,9999.000,9999.000
202604210724,   0.009,9999.000,9999.000,9999.000,9999.000,9999.000,9999.000,9999.000,9999.000
202604210730,   0.016,9999.000,9999.000,9999.000,9999.000,9999.000,9999.000,9999.000,9999.000
202604210736,   0.023,9999.000,9999.000,9999.000,9999.000,9999.000,9999.000,9999.000,9999.000
202604210742,   0.030,9999.000,9999.000,9999.000,9999.000,9999.000,9999.000,9999.000,9999.000
202604210748,   0.038,9999.000,9999.000,9999.000,9999.000,9999.000,9999.000,9999.000,9999.000
202604210754,   0.047,9999.000,9999.000,9999.000,9999.000,9999.000,9999.000,9999.000,9999.000
202604210800,   0.057,9999.000,   0.700,  -0.047,   0.710,   0.600,   0.610,   0.800,   0.810
202604210806,   0.067,9999.000,9999.000,9999.000,9999.000,9999.000,9999.000,9999.000,9999.000
202604210812,   0.078,9999.000,9999.000,9999.000,9999.000,9999.000,9999.000,9999.000,9999.000
202604210818,   0.090,9999.000,9999.000,9999.000,9999.000,9999.000,9999.000,9999.000,9999.000
202604210824,   0.102,9999.000,9999.000,9999.000,9999.000,9999.000,9999.000,9999.000,9999.000
202604210830,   0.115,9999.000,9999.000,9999.000,9999.000,9999.000,9999.000,9999.000,9999.000
202604210836,   0.128,9999.000,9999.000,9999.000,9999.000,9999.000,9999.000,9999.000,9999.000
202604210842,   0.142,9999.000,9999.000,9999.000,9999.000,9999.000,9999.000,9999.000,9999.000
202604210848,   0.156,9999.000,9999.000,9999.000,9999.000,9999.000,9999.000,9999.000,9999.000
202604210854,   0.171,9999.000,9999.000,9999.000,9999.000,9999.000,9999.000,9999.000,9999.000
202604210900,   0.186,9999.000,   0.700,  -0.047,   0.839,   0.600,   0.739,   0.800,   0.939
202604210906,   0.202,9999.000,9999.000,9999.000,9999.000,9999.000,9999.000,9999.000,9999.000
202604210912,   0.218,9999.000,9999.000,9999.000,9999.000,9999.000,9999.000,9999.000,9999.000
202604210918,   0.235,9999.000,9999.000,9999.000,9999.000,9999.000,9999.000,9999.000,9999.000
202604210924,   0.252,9999.000,9999.000,9999.000,9999.000,9999.000,9999.000,9999.000,9999.000
202604210930,   0.269,9999.000,9999.000,9999.000,9999.000,9999.000,9999.000,9999.000,9999.000
202604210936,   0.287,9999.000,9999.000,9999.000,9999.000,9999.000,9999.000,9999.000,9999.000
202604210942,   0.305,9999.000,9999.000,9999.000,9999.000,9999.000,9999.000,9999.000,9999.000
202604210948,   0.323,9999.000,9999.000,9999.000,9999.000,9999.000,9999.000,9999.000,9999.000
202604210954,   0.341,9999.000,9999.000,9999.000,9999.000,9999.000,9999.000,9999.000,9999.000
202604211000,   0.359,9999.000,   0.700,  -0.047,   1.012,   0.600,   0.912,   0.800,   1.112
202604211006,   0.378,9999.000,9999.000,9999.000,9999.000,9999.000,9999.000,9999.000,9999.000
202604211012,   0.396,9999.000,9999.000,9999.000,9999.000,9999.000,9999.000,9999.000,9999.000
202604211018,   0.415,9999.000,9999.000,9999.000,9999.000,9999.000,9999.000,9999.000,9999.000
202604211024,   0.433,9999.000,9999.000,9999.000,9999.000,9999.000,9999.000,9999.000,9999.000
202604211030,   0.452,9999.000,9999.000,9999.000,9999.000,9999.000,9999.000,9999.000,9999.000
202604211036,   0.470,9999.000,9999.000,9999.000,9999.000,9999.000,9999.000,9999.000,9999.000
202604211042,   0.488,9999.000,9999.000,9999.000,9999.000,9999.000,9999.000,9999.000,9999.000
202604211048,   0.507,9999.000,9999.000,9999.000,9999.000,9999.000,9999.000,9999.000,9999.000
202604211054,   0.525,9999.000,9999.000,9999.000,9999.000,9999.000,9999.000,9999.000,9999.000
202604211100,   0.542,9999.000,   0.700,  -0.047,   1.195,   0.600,   1.095,   0.800,   1.295
202604211106,   0.560,9999.000,9999.000,9999.000,9999.000,9999.000,9999.000,9999.000,9999.000
202604211112,   0.577,9999.000,9999.000,9999.000,9999.000,9999.000,9999.000,9999.000,9999.000
202604211118,   0.595,9999.000,9999.000,9999.000,9999.000,9999.000,9999.000,9999.000,9999.000
202604211124,   0.611,9999.000,9999.000,9999.000,9999.000,9999.000,9999.000,9999.000,9999.000
202604211130,   0.628,9999.000,9999.000,9999.000,9999.000,9999.000,9999.000,9999.000,9999.000
202604211136,   0.644,9999.000,9999.000,9999.000,9999.000,9999.000,9999.000,9999.000,9999.000
202604211142,   0.660,9999.000,9999.000,9999.000,9999.000,9999.000,9999.000,9999.000,9999.000
202604211148,   0.676,9999.000,9999.000,9999.000,9999.000,9999.000,9999.000,9999.000,9999.000
202604211154,   0.691,9999.000,9999.000,9999.000,9999.000,9999.000,9999.000,9999.000,9999.000
202604211200,   0.706,9999.000,   0.700,  -0.047,   1.359,   0.600,   1.259,   0.800,   1.459
202604211206,   0.720,9999.000,9999.000,9999.000,9999.000,9999.000,9999.000,9999.000,9999.000
202604211212,   0.735,9999.000,9999.000,9999.000,9999.000,9999.000,9999.000,9999.000,9999.000
202604211218,   0.748,9999.000,9999.000,9999.000,9999.000,9999.000,9999.000,9999.000,9999.000
202604211224,   0.762,9999.000,9999.000,9999.000,9999.000,9999.000,9999.000,9999.000,9999.000
202604211230,   0.775,9999.000,9999.000,9999.000,9999.000,9999.000,9999.000,9999.000,9999.000
202604211236,   0.788,9999.000,9999.000,9999.000,9999.000,9999.000,9999.000,9999.000,9999.000
202604211242,   0.800,9999.000,9999.000,9999.000,9999.000,9999.000,9999.000,9999.000,9999.000
202604211248,   0.812,9999.000,9999.000,9999.000,9999.000,9999.000,9999.000,9999.000,9999.000
202604211254,   0.824,9999.000,9999.000,9999.000,9999.000,9999.000,9999.000,9999.000,9999.000
202604211300,   0.835,9999.000,   0.700,  -0.047,   1.488,   0.600,   1.388,   0.800,   1.588
202604211306,   0.846,9999.000,9999.000,9999.000,9999.000,9999.000,9999.000,9999.000,9999.000
202604211312,   0.857,9999.000,9999.000,9999.000,9999.000,9999.000,9999.000,9999.000,9999.000
202604211318,   0.867,9999.000,9999.000,9999.000,9999.000,9999.000,9999.000,9999.000,9999.000
202604211324,   0.877,9999.000,9999.000,9999.000,9999.000,9999.000,9999.000,9999.000,9999.000
202604211330,   0.887,9999.000,9999.000,9999.000,9999.000,9999.000,9999.000,9999.000,9999.000
202604211336,   0.897,9999.000,9999.000,9999.000,9999.000,9999.000,9999.000,9999.000,9999.000
202604211342,   0.906,9999.000,9999.000,9999.000,9999.000,9999.000,9999.000,9999.000,9999.000
202604211348,   0.915,9999.000,9999.000,9999.000,9999.000,9999.000,9999.000,9999.000,9999.000
202604211354,   0.924,9999.000,9999.000,9999.000,9999.000,9999.000,9999.000,9999.000,9999.000
202604211400,   0.932,9999.000,   0.700,  -0.047,   1.585,   0.600,   1.485,   0.800,   1.685
202604211406,   0.940,9999.000,9999.000,9999.000,9999.000,9999.000,9999.000,9999.000,9999.000
202604211412,   0.948,9999.000,9999.000,9999.000,9999.000,9999.000,9999.000,9999.000,9999.000
202604211418,   0.956,9999.000,9999.000,9999.000,9999.000,9999.000,9999.000,9999.000,9999.000
202604211424,   0.964,9999.000,9999.000,9999.000,9999.000,9999.000,9999.000,9999.000,9999.000
202604211430,   0.971,9999.000,9999.000,9999.000,9999.000,9999.000,9999.000,9999.000,9999.000
202604211436,   0.978,9999.000,9999.000,9999.000,9999.000,9999.000,9999.000,9999.000,9999.000
202604211442,   0.985,9999.000,9999.000,9999.000,9999.000,9999.000,9999.000,9999.000,9999.000
202604211448,   0.992,9999.000,9999.000,9999.000,9999.000,9999.000,9999.000,9999.000,9999.000
202604211454,   0.998,9999.000,9999.000,9999.000,9999.000,9999.000,9999.000,9999.000,9999.000
202604211500,   1.005,9999.000,   0.700,  -0.047,   1.658,   0.600,   1.558,   0.800,   1.758
202604211506,   1.011,9999.000,9999.000,9999.000,9999.000,9999.000,9999.000,9999.000,9999.000
202604211512,   1.017,9999.000,9999.000,9999.000,9999.000,9999.000,9999.000,9999.000,9999.000
202604211518,   1.022,9999.000,9999.000,9999.000,9999.000,9999.000,9999.000,9999.000,9999.000
202604211524,   1.028,9999.000,9999.000,9999.000,9999.000,9999.000,9999.000,9999.000,9999.000
202604211530,   1.033,9999.000,9999.000,9999.000,9999.000,9999.000,9999.000,9999.000,9999.000
202604211536,   1.038,9999.000,9999.000,9999.000,9999.000,9999.000,9999.000,9999.000,9999.000
202604211542,   1.043,9999.000,9999.000,9999.000,9999.000,9999.000,9999.000,9999.000,9999.000
202604211548,   1.047,9999.000,9999.000,9999.000,9999.000,9999.000,9999.000,9999.000,9999.000
202604211554,   1.051,9999.000,9999.000,9999.000,9999.000,9999.000,9999.000,9999.000,9999.000
202604211600,   1.055,9999.000,   0.700,  -0.047,   1.708,   0.600,   1.608,   0.800,   1.808
202604211606,   1.059,9999.000,9999.000,9999.000,9999.000,9999.000,9999.000,9999.000,9999.000
202604211612,   1.063,9999.000,9999.000,9999.000,9999.000,9999.000,9999.000,9999.000,9999.000
202604211618,   1.066,9999.000,9999.000,9999.000,9999.000,9999.000,9999.000,9999.000,9999.000
202604211624,   1.069,9999.000,9999.000,9999.000,9999.000,9999.000,9999.000,9999.000,9999.000
202604211630,   1.072,9999.000,9999.000,9999.000,9999.000,9999.000,9999.000,9999.000,9999.000
202604211636,   1.074,9999.000,9999.000,9999.000,9999.000,9999.000,9999.000,9999.000,9999.000
202604211642,   1.076,9999.000,9999.000,9999.000,9999.000,9999.000,9999.000,9999.000,9999.000
202604211648,   1.078,9999.000,9999.000,9999.000,9999.000,9999.000,9999.000,9999.000,9999.000
202604211654,   1.079,9999.000,9999.000,9999.000,9999.000,9999.000,9999.000,9999.000,9999.000
202604211700,   1.081,9999.000,   0.700,  -0.047,   1.734,   0.500,   1.534,   0.800,   1.834
202604211706,   1.082,9999.000,9999.000,9999.000,9999.000,9999.000,9999.000,9999.000,9999.000
202604211712,   1.082,9999.000,9999.000,9999.000,9999.000,9999.000,9999.000,9999.000,9999.000
202604211718,   1.083,9999.000,9999.000,9999.000,9999.000,9999.000,9999.000,9999.000,9999.000
202604211724,   1.083,9999.000,9999.000,9999.000,9999.000,9999.000,9999.000,9999.000,9999.000
202604211730,   1.083,9999.000,9999.000,9999.000,9999.000,9999.000,9999.000,9999.000,9999.000
202604211736,   1.082,9999.000,9999.000,9999.000,9999.000,9999.000,9999.000,9999.000,9999.000
202604211742,   1.081,9999.000,9999.000,9999.000,9999.000,9999.000,9999.000,9999.000,9999.000
202604211748,   1.080,9999.000,9999.000,9999.000,9999.000,9999.000,9999.000,9999.000,9999.000
202604211754,   1.079,9999.000,9999.000,9999.000,9999.000,9999.000,9999.000,9999.000,9999.000
202604211800,   1.077,9999.000,   0.700,  -0.047,   1.730,   0.500,   1.530,   0.800,   1.830
202604211806,   1.076,9999.000,9999.000,9999.000,9999.000,9999.000,9999.000,9999.000,9999.000
202604211812,   1.074,9999.000,9999.000,9999.000,9999.000,9999.000,9999.000,9999.000,9999.000
202604211818,   1.071,9999.000,9999.000,9999.000,9999.000,9999.000,9999.000,9999.000,9999.000
202604211824,   1.069,9999.000,9999.000,9999.000,9999.000,9999.000,9999.000,9999.000,9999.000
202604211830,   1.066,9999.000,9999.000,9999.000,9999.000,9999.000,9999.000,9999.000,9999.000
202604211836,   1.063,9999.000,9999.000,9999.000,9999.000,9999.000,9999.000,9999.000,9999.000
202604211842,   1.060,9999.000,9999.000,9999.000,9999.000,9999.000,9999.000,9999.000,9999.000
202604211848,   1.057,9999.000,9999.000,9999.000,9999.000,9999.000,9999.000,9999.000,9999.000
202604211854,   1.054,9999.000,9999.000,9999.000,9999.000,9999.000,9999.000,9999.000,9999.000
202604211900,   1.051,9999.000,   0.600,  -0.047,   1.604,   0.500,   1.504,   0.800,   1.804
202604211906,   1.047,9999.000,9999.000,9999.000,9999.000,9999.000,9999.000,9999.000,9999.000
202604211912,   1.043,9999.000,9999.000,9999.000,9999.000,9999.000,9999.000,9999.000,9999.000
202604211918,   1.040,9999.000,9999.000,9999.000,9999.000,9999.000,9999.000,9999.000,9999.000
202604211924,   1.036,9999.000,9999.000,9999.000,9999.000,9999.000,9999.000,9999.000,9999.000
202604211930,   1.032,9999.000,9999.000,9999.000,9999.000,9999.000,9999.000,9999.000,9999.000
202604211936,   1.028,9999.000,9999.000,9999.000,9999.000,9999.000,9999.000,9999.000,9999.000
202604211942,   1.024,9999.000,9999.000,9999.000,9999.000,9999.000,9999.000,9999.000,9999.000
202604211948,   1.020,9999.000,9999.000,9999.000,9999.000,9999.000,9999.000,9999.000,9999.000
202604211954,   1.016,9999.000,9999.000,9999.000,9999.000,9999.000,9999.000,9999.000,9999.000
202604212000,   1.012,9999.000,   0.700,  -0.047,   1.665,   0.500,   1.465,   0.800,   1.765
202604212006,   1.008,9999.000,9999.000,9999.000,9999.000,9999.000,9999.000,9999.000,9999.000
202604212012,   1.004,9999.000,9999.000,9999.000,9999.000,9999.000,9999.000,9999.000,9999.000
202604212018,   1.000,9999.000,9999.000,9999.000,9999.000,9999.000,9999.000,9999.000,9999.000
202604212024,   0.996,9999.000,9999.000,9999.000,9999.000,9999.000,9999.000,9999.000,9999.000
202604212030,   0.992,9999.000,9999.000,9999.000,9999.000,9999.000,9999.000,9999.000,9999.000
202604212036,   0.988,9999.000,9999.000,9999.000,9999.000,9999.000,9999.000,9999.000,9999.000
202604212042,   0.984,9999.000,9999.000,9999.000,9999.000,9999.000,9999.000,9999.000,9999.000
202604212048,   0.980,9999.000,9999.000,9999.000,9999.000,9999.000,9999.000,9999.000,9999.000
202604212054,   0.976,9999.000,9999.000,9999.000,9999.000,9999.000,9999.000,9999.000,9999.000
202604212100,   0.972,9999.000,   0.700,  -0.047,   1.625,   0.500,   1.425,   0.800,   1.725
202604212106,   0.967,9999.000,9999.000,9999.000,9999.000,9999.000,9999.000,9999.000,9999.000
202604212112,   0.963,9999.000,9999.000,9999.000,9999.000,9999.000,9999.000,9999.000,9999.000
202604212118,   0.959,9999.000,9999.000,9999.000,9999.000,9999.000,9999.000,9999.000,9999.000
202604212124,   0.955,9999.000,9999.000,9999.000,9999.000,9999.000,9999.000,9999.000,9999.000
202604212130,   0.951,9999.000,9999.000,9999.000,9999.000,9999.000,9999.000,9999.000,9999.000
202604212136,   0.947,9999.000,9999.000,9999.000,9999.000,9999.000,9999.000,9999.000,9999.000
202604212142,   0.942,9999.000,9999.000,9999.000,9999.000,9999.000,9999.000,9999.000,9999.000
202604212148,   0.938,9999.000,9999.000,9999.000,9999.000,9999.000,9999.000,9999.000,9999.000
202604212154,   0.933,9999.000,9999.000,9999.000,9999.000,9999.000,9999.000,9999.000,9999.000
202604212200,   0.928,9999.000,   0.700,  -0.047,   1.581,   0.500,   1.381,   0.800,   1.681
202604212206,   0.924,9999.000,9999.000,9999.000,9999.000,9999.000,9999.000,9999.000,9999.000
202604212212,   0.919,9999.000,9999.000,9999.000,9999.000,9999.000,9999.000,9999.000,9999.000
202604212218,   0.913,9999.000,9999.000,9999.000,9999.000,9999.000,9999.000,9999.000,9999.000
202604212224,   0.908,9999.000,9999.000,9999.000,9999.000,9999.000,9999.000,9999.000,9999.000
202604212230,   0.902,9999.000,9999.000,9999.000,9999.000,9999.000,9999.000,9999.000,9999.000
202604212236,   0.897,9999.000,9999.000,9999.000,9999.000,9999.000,9999.000,9999.000,9999.000
202604212242,   0.891,9999.000,9999.000,9999.000,9999.000,9999.000,9999.000,9999.000,9999.000
202604212248,   0.884,9999.000,9999.000,9999.000,9999.000,9999.000,9999.000,9999.000,9999.000
202604212254,   0.878,9999.000,9999.000,9999.000,9999.000,9999.000,9999.000,9999.000,9999.000
202604212300,   0.871,9999.000,   0.700,  -0.047,   1.524,   0.500,   1.324,   0.800,   1.624
202604212306,   0.864,9999.000,9999.000,9999.000,9999.000,9999.000,9999.000,9999.000,9999.000
202604212312,   0.857,9999.000,9999.000,9999.000,9999.000,9999.000,9999.000,9999.000,9999.000
202604212318,   0.849,9999.000,9999.000,9999.000,9999.000,9999.000,9999.000,9999.000,9999.000
202604212324,   0.841,9999.000,9999.000,9999.000,9999.000,9999.000,9999.000,9999.000,9999.000
202604212330,   0.833,9999.000,9999.000,9999.000,9999.000,9999.000,9999.000,9999.000,9999.000
202604212336,   0.824,9999.000,9999.000,9999.000,9999.000,9999.000,9999.000,9999.000,9999.000
202604212342,   0.815,9999.000,9999.000,9999.000,9999.000,9999.000,9999.000,9999.000,9999.000
202604212348,   0.806,9999.000,9999.000,9999.000,9999.000,9999.000,9999.000,9999.000,9999.000
202604212354,   0.796,9999.000,9999.000,9999.000,9999.000,9999.000,9999.000,9999.000,9999.000
202604220000,   0.787,9999.000,   0.700,  -0.047,   1.440,   0.600,   1.340,   0.900,   1.640
202604220006,   0.776,9999.000,9999.000,9999.000,9999.000,9999.000,9999.000,9999.000,9999.000
202604220012,   0.766,9999.000,9999.000,9999.000,9999.000,9999.000,9999.000,9999.000,9999.000
202604220018,   0.755,9999.000,9999.000,9999.000,9999.000,9999.000,9999.000,9999.000,9999.000
202604220024,   0.744,9999.000,9999.000,9999.000,9999.000,9999.000,9999.000,9999.000,9999.000
202604220030,   0.733,9999.000,9999.000,9999.000,9999.000,9999.000,9999.000,9999.000,9999.000
202604220036,   0.721,9999.000,9999.000,9999.000,9999.000,9999.000,9999.000,9999.000,9999.000
202604220042,   0.709,9999.000,9999.000,9999.000,9999.000,9999.000,9999.000,9999.000,9999.000
202604220048,   0.697,9999.000,9999.000,9999.000,9999.000,9999.000,9999.000,9999.000,9999.000
202604220054,   0.684,9999.000,9999.000,9999.000,9999.000,9999.000,9999.000,9999.000,9999.000
202604220100,   0.672,9999.000,   0.700,  -0.047,   1.325,   0.600,   1.225,   0.900,   1.525
202604220106,   0.659,9999.000,9999.000,9999.000,9999.000,9999.000,9999.000,9999.000,9999.000
202604220112,   0.646,9999.000,9999.000,9999.000,9999.000,9999.000,9999.000,9999.000,9999.000
202604220118,   0.633,9999.000,9999.000,9999.000,9999.000,9999.000,9999.000,9999.000,9999.000
202604220124,   0.619,9999.000,9999.000,9999.000,9999.000,9999.000,9999.000,9999.000,9999.000
202604220130,   0.606,9999.000,9999.000,9999.000,9999.000,9999.000,9999.000,9999.000,9999.000
202604220136,   0.592,9999.000,9999.000,9999.000,9999.000,9999.000,9999.000,9999.000,9999.000
202604220142,   0.578,9999.000,9999.000,9999.000,9999.000,9999.000,9999.000,9999.000,9999.000
202604220148,   0.564,9999.000,9999.000,9999.000,9999.000,9999.000,9999.000,9999.000,9999.000
202604220154,   0.550,9999.000,9999.000,9999.000,9999.000,9999.000,9999.000,9999.000,9999.000
202604220200,   0.536,9999.000,   0.700,  -0.047,   1.189,   0.500,   0.989,   0.900,   1.389
202604220206,   0.522,9999.000,9999.000,9999.000,9999.000,9999.000,9999.000,9999.000,9999.000
202604220212,   0.508,9999.000,9999.000,9999.000,9999.000,9999.000,9999.000,9999.000,9999.000
202604220218,   0.494,9999.000,9999.000,9999.000,9999.000,9999.000,9999.000,9999.000,9999.000
202604220224,   0.480,9999.000,9999.000,9999.000,9999.000,9999.000,9999.000,9999.000,9999.000
202604220230,   0.466,9999.000,9999.000,9999.000,9999.000,9999.000,9999.000,9999.000,9999.000
202604220236,   0.452,9999.000,9999.000,9999.000,9999.000,9999.000,9999.000,9999.000,9999.000
202604220242,   0.438,9999.000,9999.000,9999.000,9999.000,9999.000,9999.000,9999.000,9999.000
202604220248,   0.425,9999.000,9999.000,9999.000,9999.000,9999.000,9999.000,9999.000,9999.000
202604220254,   0.411,9999.000,9999.000,9999.000,9999.000,9999.000,9999.000,9999.000,9999.000
202604220300,   0.397,9999.000,   0.700,  -0.047,   1.050,   0.500,   0.850,   0.900,   1.250
202604220306,   0.384,9999.000,9999.000,9999.000,9999.000,9999.000,9999.000,9999.000,9999.000
202604220312,   0.370,9999.000,9999.000,9999.000,9999.000,9999.000,9999.000,9999.000,9999.000
202604220318,   0.357,9999.000,9999.000,9999.000,9999.000,9999.000,9999.000,9999.000,9999.000
202604220324,   0.344,9999.000,9999.000,9999.000,9999.000,9999.000,9999.000,9999.000,9999.000
202604220330,   0.331,9999.000,9999.000,9999.000,9999.000,9999.000,9999.000,9999.000,9999.000
202604220336,   0.318,9999.000,9999.000,9999.000,9999.000,9999.000,9999.000,9999.000,9999.000
202604220342,   0.305,9999.000,9999.000,9999.000,9999.000,9999.000,9999.000,9999.000,9999.000
202604220348,   0.293,9999.000,9999.000,9999.000,9999.000,9999.000,9999.000,9999.000,9999.000
202604220354,   0.280,9999.000,9999.000,9999.000,9999.000,9999.000,9999.000,9999.000,9999.000
202604220400,   0.268,9999.000,   0.700,  -0.047,   0.921,   0.500,   0.721,   0.900,   1.121
202604220406,   0.256,9999.000,9999.000,9999.000,9999.000,9999.000,9999.000,9999.000,9999.000
202604220412,   0.244,9999.000,9999.000,9999.000,9999.000,9999.000,9999.000,9999.000,9999.000
202604220418,   0.233,9999.000,9999.000,9999.000,9999.000,9999.000,9999.000,9999.000,9999.000
202604220424,   0.221,9999.000,9999.000,9999.000,9999.000,9999.000,9999.000,9999.000,9999.000
202604220430,   0.210,9999.000,9999.000,9999.000,9999.000,9999.000,9999.000,9999.000,9999.000
202604220436,   0.199,9999.000,9999.000,9999.000,9999.000,9999.000,9999.000,9999.000,9999.000
202604220442,   0.188,9999.000,9999.000,9999.000,9999.000,9999.000,9999.000,9999.000,9999.000
202604220448,   0.178,9999.000,9999.000,9999.000,9999.000,9999.000,9999.000,9999.000,9999.000
202604220454,   0.167,9999.000,9999.000,9999.000,9999.000,9999.000,9999.000,9999.000,9999.000
202604220500,   0.157,9999.000,   0.700,  -0.047,   0.810,   0.600,   0.710,   0.900,   1.010
202604220506,   0.147,9999.000,9999.000,9999.000,9999.000,9999.000,9999.000,9999.000,9999.000
202604220512,   0.138,9999.000,9999.000,9999.000,9999.000,9999.000,9999.000,9999.000,9999.000
202604220518,   0.128,9999.000,9999.000,9999.000,9999.000,9999.000,9999.000,9999.000,9999.000
202604220524,   0.119,9999.000,9999.000,9999.000,9999.000,9999.000,9999.000,9999.000,9999.000
202604220530,   0.110,9999.000,9999.000,9999.000,9999.000,9999.000,9999.000,9999.000,9999.000
202604220536,   0.102,9999.000,9999.000,9999.000,9999.000,9999.000,9999.000,9999.000,9999.000
202604220542,   0.094,9999.000,9999.000,9999.000,9999.000,9999.000,9999.000,9999.000,9999.000
202604220548,   0.086,9999.000,9999.000,9999.000,9999.000,9999.000,9999.000,9999.000,9999.000
202604220554,   0.078,9999.000,9999.000,9999.000,9999.000,9999.000,9999.000,9999.000,9999.000
202604220600,   0.071,9999.000,   0.700,  -0.047,   0.724,   0.500,   0.524,   0.900,   0.924
202604220606,   0.064,9999.000,9999.000,9999.000,9999.000,9999.000,9999.000,9999.000,9999.000
202604220612,   0.057,9999.000,9999.000,9999.000,9999.000,9999.000,9999.000,9999.000,9999.000
202604220618,   0.051,9999.000,9999.000,9999.000,9999.000,9999.000,9999.000,9999.000,9999.000
202604220624,   0.045,9999.000,9999.000,9999.000,9999.000,9999.000,9999.000,9999.000,9999.000
202604220630,   0.040,9999.000,9999.000,9999.000,9999.000,9999.000,9999.000,9999.000,9999.000
202604220636,   0.034,9999.000,9999.000,9999.000,9999.000,9999.000,9999.000,9999.000,9999.000
202604220642,   0.030,9999.000,9999.000,9999.000,9999.000,9999.000,9999.000,9999.000,9999.000
202604220648,   0.026,9999.000,9999.000,9999.000,9999.000,9999.000,9999.000,9999.000,9999.000
202604220654,   0.022,9999.000,9999.000,9999.000,9999.000,9999.000,9999.000,9999.000,9999.000
202604220700,   0.019,9999.000,   0.700,  -0.047,   0.672,   0.500,   0.472,   0.800,   0.772
202604220706,   0.016,9999.000,9999.000,9999.000,9999.000,9999.000,9999.000,9999.000,9999.000
202604220712,   0.014,9999.000,9999.000,9999.000,9999.000,9999.000,9999.000,9999.000,9999.000
202604220718,   0.012,9999.000,9999.000,9999.000,9999.000,9999.000,9999.000,9999.000,9999.000
202604220724,   0.011,9999.000,9999.000,9999.000,9999.000,9999.000,9999.000,9999.000,9999.000
202604220730,   0.010,9999.000,9999.000,9999.000,9999.000,9999.000,9999.000,9999.000,9999.000
202604220736,   0.010,9999.000,9999.000,9999.000,9999.000,9999.000,9999.000,9999.000,9999.000
202604220742,   0.011,9999.000,9999.000,9999.000,9999.000,9999.000,9999.000,9999.000,9999.000
202604220748,   0.012,9999.000,9999.000,9999.000,9999.000,9999.000,9999.000,9999.000,9999.000
202604220754,   0.014,9999.000,9999.000,9999.000,9999.000,9999.000,9999.000,9999.000,9999.000
202604220800,   0.016,9999.000,   0.700,  -0.047,   0.669,   0.500,   0.469,   0.900,   0.869
202604220806,   0.019,9999.000,9999.000,9999.000,9999.000,9999.000,9999.000,9999.000,9999.000
202604220812,   0.022,9999.000,9999.000,9999.000,9999.000,9999.000,9999.000,9999.000,9999.000
202604220818,   0.026,9999.000,9999.000,9999.000,9999.000,9999.000,9999.000,9999.000,9999.000
202604220824,   0.031,9999.000,9999.000,9999.000,9999.000,9999.000,9999.000,9999.000,9999.000
202604220830,   0.037,9999.000,9999.000,9999.000,9999.000,9999.000,9999.000,9999.000,9999.000
202604220836,   0.043,9999.000,9999.000,9999.000,9999.000,9999.000,9999.000,9999.000,9999.000
202604220842,   0.049,9999.000,9999.000,9999.000,9999.000,9999.000,9999.000,9999.000,9999.000
202604220848,   0.057,9999.000,9999.000,9999.000,9999.000,9999.000,9999.000,9999.000,9999.000
202604220854,   0.064,9999.000,9999.000,9999.000,9999.000,9999.000,9999.000,9999.000,9999.000
202604220900,   0.073,9999.000,   0.700,  -0.047,   0.726,   0.500,   0.526,   0.900,   0.926
202604220906,   0.082,9999.000,9999.000,9999.000,9999.000,9999.000,9999.000,9999.000,9999.000
202604220912,   0.092,9999.000,9999.000,9999.000,9999.000,9999.000,9999.000,9999.000,9999.000
202604220918,   0.102,9999.000,9999.000,9999.000,9999.000,9999.000,9999.000,9999.000,9999.000
202604220924,   0.113,9999.000,9999.000,9999.000,9999.000,9999.000,9999.000,9999.000,9999.000
202604220930,   0.124,9999.000,9999.000,9999.000,9999.000,9999.000,9999.000,9999.000,9999.000
202604220936,   0.136,9999.000,9999.000,9999.000,9999.000,9999.000,9999.000,9999.000,9999.000
202604220942,   0.148,9999.000,9999.000,9999.000,9999.000,9999.000,9999.000,9999.000,9999.000
202604220948,   0.161,9999.000,9999.000,9999.000,9999.000,9999.000,9999.000,9999.000,9999.000
202604220954,   0.174,9999.000,9999.000,9999.000,9999.000,9999.000,9999.000,9999.000,9999.000
202604221000,   0.188,9999.000,   0.700,  -0.047,   0.841,   0.500,   0.641,   0.900,   1.041
202604221006,   0.202,9999.000,9999.000,9999.000,9999.000,9999.000,9999.000,9999.000,9999.000
202604221012,   0.216,9999.000,9999.000,9999.000,9999.000,9999.000,9999.000,9999.000,9999.000
202604221018,   0.231,9999.000,9999.000,9999.000,9999.000,9999.000,9999.000,9999.000,9999.000
202604221024,   0.246,9999.000,9999.000,9999.000,9999.000,9999.000,9999.000,9999.000,9999.000
202604221030,   0.261,9999.000,9999.000,9999.000,9999.000,9999.000,9999.000,9999.000,9999.000
202604221036,   0.277,9999.000,9999.000,9999.000,9999.000,9999.000,9999.000,9999.000,9999.000
202604221042,   0.293,9999.000,9999.000,9999.000,9999.000,9999.000,9999.000,9999.000,9999.000
202604221048,   0.309,9999.000,9999.000,9999.000,9999.000,9999.000,9999.000,9999.000,9999.000
202604221054,   0.325,9999.000,9999.000,9999.000,9999.000,9999.000,9999.000,9999.000,9999.000
202604221100,   0.342,9999.000,   0.700,  -0.047,   0.995,   0.500,   0.795,   0.900,   1.195
202604221106,   0.358,9999.000,9999.000,9999.000,9999.000,9999.000,9999.000,9999.000,9999.000
202604221112,   0.375,9999.000,9999.000,9999.000,9999.000,9999.000,9999.000,9999.000,9999.000
202604221118,   0.392,9999.000,9999.000,9999.000,9999.000,9999.000,9999.000,9999.000,9999.000
202604221124,   0.408,9999.000,9999.000,9999.000,9999.000,9999.000,9999.000,9999.000,9999.000
202604221130,   0.425,9999.000,9999.000,9999.000,9999.000,9999.000,9999.000,9999.000,9999.000
202604221136,   0.442,9999.000,9999.000,9999.000,9999.000,9999.000,9999.000,9999.000,9999.000
202604221142,   0.458,9999.000,9999.000,9999.000,9999.000,9999.000,9999.000,9999.000,9999.000
202604221148,   0.475,9999.000,9999.000,9999.000,9999.000,9999.000,9999.000,9999.000,9999.000
202604221154,   0.491,9999.000,9999.000,9999.000,9999.000,9999.000,9999.000,9999.000,9999.000
202604221200,   0.508,9999.000,   0.700,  -0.047,   1.161,   0.500,   0.961,   0.900,   1.361
