        TIME,    TIDE,      OB,   SURGE,    BIAS,     TWL,SURGE90p,  TWL90p,SURGE10p,   TWL10p
202607291800,   0.389,9999.000,   0.600,9999.000,   0.989,   0.500,   0.889,   0.600,   0.989
202607291806,   0.388,9999.000,9999.000,9999.000,9999.000,9999.000,9999.000,9999.000,9999.000
202607291812,   0.393,9999.000,9999.000,9999.000,9999.000,9999.000,9999.000,9999.000,9999.000
202607291818,   0.405,9999.000,9999.000,9999.000,9999.000,9999.000,9999.000,9999.000,9999.000
202607291824,   0.422,9999.000,9999.000,9999.000,9999.000,9999.000,9999.000,9999.000,9999.000
202607291830,   0.445,9999.000,9999.000,9999.000,9999.000,9999.000,9999.000,9999.000,9999.000
202607291836,   0.475,9999.000,9999.000,9999.000,9999.000,9999.000,9999.000,9999.000,9999.000
202607291842,   0.510,9999.000,9999.000,9999.000,9999.000,9999.000,9999.000,9999.000,9999.000
202607291848,   0.552,9999.000,9999.000,9999.000,9999.000,9999.000,9999.000,9999.000,9999.000
202607291854,   0.600,9999.000,9999.000,9999.000,9999.000,9999.000,9999.000,9999.000,9999.000
202607291900,   0.653,   1.528,   0.600,   0.275,   1.528,   0.600,   1.528,   0.700,   1.628
202607291906,   0.712,   1.590,9999.000,9999.000,9999.000,9999.000,9999.000,9999.000,9999.000
202607291912,   0.777,   1.538,9999.000,9999.000,9999.000,9999.000,9999.000,9999.000,9999.000
202607291918,   0.848,   1.538,9999.000,9999.000,9999.000,9999.000,9999.000,9999.000,9999.000
202607291924,   0.923,   1.649,9999.000,9999.000,9999.000,9999.000,9999.000,9999.000,9999.000
202607291930,   1.004,   1.790,9999.000,9999.000,9999.000,9999.000,9999.000,9999.000,9999.000
202607291936,   1.090,   1.859,9999.000,9999.000,9999.000,9999.000,9999.000,9999.000,9999.000
202607291942,   1.181,   1.948,9999.000,9999.000,9999.000,9999.000,9999.000,9999.000,9999.000
202607291948,   1.276,   2.030,9999.000,9999.000,9999.000,9999.000,9999.000,9999.000,9999.000
202607291954,   1.376,   2.089,9999.000,9999.000,9999.000,9999.000,9999.000,9999.000,9999.000
202607292000,   1.479,   2.240,   0.600,   0.161,   2.240,   0.600,   2.240,   0.700,   2.340
202607292006,   1.587,   2.338,9999.000,9999.000,9999.000,9999.000,9999.000,9999.000,9999.000
202607292012,   1.698,   2.469,9999.000,9999.000,9999.000,9999.000,9999.000,9999.000,9999.000
202607292018,   1.812,   2.597,9999.000,9999.000,9999.000,9999.000,9999.000,9999.000,9999.000
202607292024,   1.929,   2.679,9999.000,9999.000,9999.000,9999.000,9999.000,9999.000,9999.000
202607292030,   2.049,   2.787,9999.000,9999.000,9999.000,9999.000,9999.000,9999.000,9999.000
202607292036,   2.172,   2.968,9999.000,9999.000,9999.000,9999.000,9999.000,9999.000,9999.000
202607292042,   2.296,   3.119,9999.000,9999.000,9999.000,9999.000,9999.000,9999.000,9999.000
202607292048,   2.423,   3.230,9999.000,9999.000,9999.000,9999.000,9999.000,9999.000,9999.000
202607292054,   2.550,   3.339,9999.000,9999.000,9999.000,9999.000,9999.000,9999.000,9999.000
202607292100,   2.679,   3.509,   0.600,   0.230,   3.509,   0.600,   3.509,   0.700,   3.609
202607292106,   2.809,   3.617,9999.000,9999.000,9999.000,9999.000,9999.000,9999.000,9999.000
202607292112,   2.940,   3.758,9999.000,9999.000,9999.000,9999.000,9999.000,9999.000,9999.000
202607292118,   3.070,   3.899,9999.000,9999.000,9999.000,9999.000,9999.000,9999.000,9999.000
202607292124,   3.200,   3.988,9999.000,9999.000,9999.000,9999.000,9999.000,9999.000,9999.000
202607292130,   3.330,   4.178,9999.000,9999.000,9999.000,9999.000,9999.000,9999.000,9999.000
202607292136,   3.459,   4.290,9999.000,9999.000,9999.000,9999.000,9999.000,9999.000,9999.000
202607292142,   3.587,   4.467,9999.000,9999.000,9999.000,9999.000,9999.000,9999.000,9999.000
202607292148,   3.714,   4.509,9999.000,9999.000,9999.000,9999.000,9999.000,9999.000,9999.000
202607292154,   3.838,   4.618,9999.000,9999.000,9999.000,9999.000,9999.000,9999.000,9999.000
202607292200,   3.961,   4.690,   0.600,   0.129,   4.690,   0.600,   4.690,   0.700,   4.790
202607292206,   4.081,   4.837,9999.000,9999.000,9999.000,9999.000,9999.000,9999.000,9999.000
202607292212,   4.198,   5.047,9999.000,9999.000,9999.000,9999.000,9999.000,9999.000,9999.000
202607292218,   4.313,   5.228,9999.000,9999.000,9999.000,9999.000,9999.000,9999.000,9999.000
202607292224,   4.424,   5.379,9999.000,9999.000,9999.000,9999.000,9999.000,9999.000,9999.000
202607292230,   4.531,   5.497,9999.000,9999.000,9999.000,9999.000,9999.000,9999.000,9999.000
202607292236,   4.635,   5.579,9999.000,9999.000,9999.000,9999.000,9999.000,9999.000,9999.000
202607292242,   4.734,   5.697,9999.000,9999.000,9999.000,9999.000,9999.000,9999.000,9999.000
202607292248,   4.829,   5.838,9999.000,9999.000,9999.000,9999.000,9999.000,9999.000,9999.000
202607292254,   4.919,   5.926,9999.000,9999.000,9999.000,9999.000,9999.000,9999.000,9999.000
202607292300,   5.004,   6.018,   0.700,   0.314,   6.018,   0.600,   5.918,   0.700,   6.018
202607292306,   5.084,   6.087,9999.000,9999.000,9999.000,9999.000,9999.000,9999.000,9999.000
202607292312,   5.158,   6.127,9999.000,9999.000,9999.000,9999.000,9999.000,9999.000,9999.000
202607292318,   5.227,   6.209,9999.000,9999.000,9999.000,9999.000,9999.000,9999.000,9999.000
202607292324,   5.291,   6.258,9999.000,9999.000,9999.000,9999.000,9999.000,9999.000,9999.000
202607292330,   5.348,   6.336,9999.000,9999.000,9999.000,9999.000,9999.000,9999.000,9999.000
202607292336,   5.400,   6.389,9999.000,9999.000,9999.000,9999.000,9999.000,9999.000,9999.000
202607292342,   5.445,   6.448,9999.000,9999.000,9999.000,9999.000,9999.000,9999.000,9999.000
202607292348,   5.484,   6.458,9999.000,9999.000,9999.000,9999.000,9999.000,9999.000,9999.000
202607292354,   5.517,   6.497,9999.000,9999.000,9999.000,9999.000,9999.000,9999.000,9999.000
202607300000,   5.543,   6.569,   0.500,   0.526,   6.569,   0.500,   6.569,   0.600,   6.669
202607300006,   5.563,   6.537,9999.000,9999.000,9999.000,9999.000,9999.000,9999.000,9999.000
202607300012,   5.576,   6.569,9999.000,9999.000,9999.000,9999.000,9999.000,9999.000,9999.000
202607300018,   5.583,   6.569,9999.000,9999.000,9999.000,9999.000,9999.000,9999.000,9999.000
202607300024,   5.583,   6.619,9999.000,9999.000,9999.000,9999.000,9999.000,9999.000,9999.000
202607300030,   5.577,   6.648,9999.000,9999.000,9999.000,9999.000,9999.000,9999.000,9999.000
202607300036,   5.565,   6.668,9999.000,9999.000,9999.000,9999.000,9999.000,9999.000,9999.000
202607300042,   5.546,   6.687,9999.000,9999.000,9999.000,9999.000,9999.000,9999.000,9999.000
202607300048,   5.521,   6.707,9999.000,9999.000,9999.000,9999.000,9999.000,9999.000,9999.000
202607300054,   5.490,   6.609,9999.000,9999.000,9999.000,9999.000,9999.000,9999.000,9999.000
202607300100,   5.453,   6.589,   0.500,   0.636,   6.589,   0.500,   6.589,   0.600,   6.689
202607300106,   5.411,   6.569,9999.000,9999.000,9999.000,9999.000,9999.000,9999.000,9999.000
202607300112,   5.362,   6.468,9999.000,9999.000,9999.000,9999.000,9999.000,9999.000,9999.000
202607300118,   5.308,   6.389,9999.000,9999.000,9999.000,9999.000,9999.000,9999.000,9999.000
202607300124,   5.248,   6.307,9999.000,9999.000,9999.000,9999.000,9999.000,9999.000,9999.000
202607300130,   5.183,   6.189,9999.000,9999.000,9999.000,9999.000,9999.000,9999.000,9999.000
202607300136,   5.114,   6.077,9999.000,9999.000,9999.000,9999.000,9999.000,9999.000,9999.000
202607300142,   5.039,   6.018,9999.000,9999.000,9999.000,9999.000,9999.000,9999.000,9999.000
202607300148,   4.960,   5.940,9999.000,9999.000,9999.000,9999.000,9999.000,9999.000,9999.000
202607300154,   4.876,   5.917,9999.000,9999.000,9999.000,9999.000,9999.000,9999.000,9999.000
202607300200,   4.788,   5.808,   0.500,   0.520,   5.808,   0.500,   5.808,   0.600,   5.908
202607300206,   4.696,   5.697,9999.000,9999.000,9999.000,9999.000,9999.000,9999.000,9999.000
202607300212,   4.601,   5.628,9999.000,9999.000,9999.000,9999.000,9999.000,9999.000,9999.000
202607300218,   4.501,   5.516,9999.000,9999.000,9999.000,9999.000,9999.000,9999.000,9999.000
202607300224,   4.399,   5.359,9999.000,9999.000,9999.000,9999.000,9999.000,9999.000,9999.000
202607300230,   4.293,   5.329,9999.000,9999.000,9999.000,9999.000,9999.000,9999.000,9999.000
202607300236,   4.185,   5.198,9999.000,9999.000,9999.000,9999.000,9999.000,9999.000,9999.000
202607300242,   4.073,   5.038,9999.000,9999.000,9999.000,9999.000,9999.000,9999.000,9999.000
202607300248,   3.960,   4.867,9999.000,9999.000,9999.000,9999.000,9999.000,9999.000,9999.000
202607300254,   3.844,   4.719,9999.000,9999.000,9999.000,9999.000,9999.000,9999.000,9999.000
202607300300,   3.726,   4.637,   0.500,   0.411,   4.637,   0.500,   4.637,   0.500,   4.637
202607300306,   3.607,   4.559,9999.000,9999.000,9999.000,9999.000,9999.000,9999.000,9999.000
202607300312,   3.486,   4.339,9999.000,9999.000,9999.000,9999.000,9999.000,9999.000,9999.000
202607300318,   3.364,   4.237,9999.000,9999.000,9999.000,9999.000,9999.000,9999.000,9999.000
202607300324,   3.241,   4.119,9999.000,9999.000,9999.000,9999.000,9999.000,9999.000,9999.000
202607300330,   3.118,   3.988,9999.000,9999.000,9999.000,9999.000,9999.000,9999.000,9999.000
202607300336,   2.994,   3.880,9999.000,9999.000,9999.000,9999.000,9999.000,9999.000,9999.000
202607300342,   2.869,   3.778,9999.000,9999.000,9999.000,9999.000,9999.000,9999.000,9999.000
202607300348,   2.745,   3.689,9999.000,9999.000,9999.000,9999.000,9999.000,9999.000,9999.000
202607300354,   2.621,   3.558,9999.000,9999.000,9999.000,9999.000,9999.000,9999.000,9999.000
202607300400,   2.498,   3.480,   0.500,   0.482,   3.480,   0.400,   3.380,   0.500,   3.480
202607300406,   2.375,   3.319,9999.000,9999.000,9999.000,9999.000,9999.000,9999.000,9999.000
202607300412,   2.254,   3.207,9999.000,9999.000,9999.000,9999.000,9999.000,9999.000,9999.000
202607300418,   2.134,   3.050,9999.000,9999.000,9999.000,9999.000,9999.000,9999.000,9999.000
202607300424,   2.015,   2.869,9999.000,9999.000,9999.000,9999.000,9999.000,9999.000,9999.000
202607300430,   1.899,   2.748,9999.000,9999.000,9999.000,9999.000,9999.000,9999.000,9999.000
202607300436,   1.785,   2.597,9999.000,9999.000,9999.000,9999.000,9999.000,9999.000,9999.000
202607300442,   1.673,   2.469,9999.000,9999.000,9999.000,9999.000,9999.000,9999.000,9999.000
202607300448,   1.565,   2.368,9999.000,9999.000,9999.000,9999.000,9999.000,9999.000,9999.000
202607300454,   1.459,   2.269,9999.000,9999.000,9999.000,9999.000,9999.000,9999.000,9999.000
202607300500,   1.357,   2.191,   0.400,   0.434,   2.191,   0.400,   2.191,   0.400,   2.191
202607300506,   1.259,   2.118,9999.000,9999.000,9999.000,9999.000,9999.000,9999.000,9999.000
202607300512,   1.164,   2.089,9999.000,9999.000,9999.000,9999.000,9999.000,9999.000,9999.000
202607300518,   1.074,   1.948,9999.000,9999.000,9999.000,9999.000,9999.000,9999.000,9999.000
202607300524,   0.988,   1.830,9999.000,9999.000,9999.000,9999.000,9999.000,9999.000,9999.000
202607300530,   0.907,   1.748,9999.000,9999.000,9999.000,9999.000,9999.000,9999.000,9999.000
202607300536,   0.831,   1.699,9999.000,9999.000,9999.000,9999.000,9999.000,9999.000,9999.000
202607300542,   0.760,   1.649,9999.000,9999.000,9999.000,9999.000,9999.000,9999.000,9999.000
202607300548,   0.695,   1.620,9999.000,9999.000,9999.000,9999.000,9999.000,9999.000,9999.000
202607300554,   0.636,   1.580,9999.000,9999.000,9999.000,9999.000,9999.000,9999.000,9999.000
202607300600,   0.582,   1.538,   0.500,   0.456,   1.538,   0.400,   1.438,   0.500,   1.538
202607300606,   0.534,   1.498,9999.000,9999.000,9999.000,9999.000,9999.000,9999.000,9999.000
202607300612,   0.493,   1.410,9999.000,9999.000,9999.000,9999.000,9999.000,9999.000,9999.000
202607300618,   0.457,   1.410,9999.000,9999.000,9999.000,9999.000,9999.000,9999.000,9999.000
202607300624,   0.429,   1.318,9999.000,9999.000,9999.000,9999.000,9999.000,9999.000,9999.000
202607300630,   0.406,   1.249,9999.000,9999.000,9999.000,9999.000,9999.000,9999.000,9999.000
202607300636,   0.391,   1.138,9999.000,9999.000,9999.000,9999.000,9999.000,9999.000,9999.000
202607300642,   0.382,   1.151,9999.000,9999.000,9999.000,9999.000,9999.000,9999.000,9999.000
202607300648,   0.380,   1.190,9999.000,9999.000,9999.000,9999.000,9999.000,9999.000,9999.000
202607300654,   0.384,   1.229,9999.000,9999.000,9999.000,9999.000,9999.000,9999.000,9999.000
202607300700,   0.395,   1.308,   0.500,   0.413,   1.308,   0.500,   1.308,   0.500,   1.308
202607300706,   0.413,   1.400,9999.000,9999.000,9999.000,9999.000,9999.000,9999.000,9999.000
202607300712,   0.437,   1.380,9999.000,9999.000,9999.000,9999.000,9999.000,9999.000,9999.000
202607300718,   0.468,   1.380,9999.000,9999.000,9999.000,9999.000,9999.000,9999.000,9999.000
202607300724,   0.505,   1.400,9999.000,9999.000,9999.000,9999.000,9999.000,9999.000,9999.000
202607300730,   0.548,   1.449,9999.000,9999.000,9999.000,9999.000,9999.000,9999.000,9999.000
202607300736,   0.597,   1.508,9999.000,9999.000,9999.000,9999.000,9999.000,9999.000,9999.000
202607300742,   0.652,   1.590,9999.000,9999.000,9999.000,9999.000,9999.000,9999.000,9999.000
202607300748,   0.713,   1.620,9999.000,9999.000,9999.000,9999.000,9999.000,9999.000,9999.000
202607300754,   0.779,   1.600,9999.000,9999.000,9999.000,9999.000,9999.000,9999.000,9999.000
202607300800,   0.850,   1.738,   0.500,   0.388,   1.738,   0.500,   1.738,   0.600,   1.838
202607300806,   0.927,   1.758,9999.000,9999.000,9999.000,9999.000,9999.000,9999.000,9999.000
202607300812,   1.008,   1.767,9999.000,9999.000,9999.000,9999.000,9999.000,9999.000,9999.000
202607300818,   1.093,   1.830,9999.000,9999.000,9999.000,9999.000,9999.000,9999.000,9999.000
202607300824,   1.183,   1.938,9999.000,9999.000,9999.000,9999.000,9999.000,9999.000,9999.000
202607300830,   1.276,   1.889,9999.000,9999.000,9999.000,9999.000,9999.000,9999.000,9999.000
202607300836,   1.373,   1.820,9999.000,9999.000,9999.000,9999.000,9999.000,9999.000,9999.000
202607300842,   1.473,   1.899,9999.000,9999.000,9999.000,9999.000,9999.000,9999.000,9999.000
202607300848,   1.576,   2.089,9999.000,9999.000,9999.000,9999.000,9999.000,9999.000,9999.000
202607300854,   1.682,   2.368,9999.000,9999.000,9999.000,9999.000,9999.000,9999.000,9999.000
202607300900,   1.790,   2.578,   0.500,   0.288,   2.578,   0.500,   2.578,   0.600,   2.678
202607300906,   1.900,   2.650,9999.000,9999.000,9999.000,9999.000,9999.000,9999.000,9999.000
202607300912,   2.011,   2.748,9999.000,9999.000,9999.000,9999.000,9999.000,9999.000,9999.000
202607300918,   2.124,   2.820,9999.000,9999.000,9999.000,9999.000,9999.000,9999.000,9999.000
202607300924,   2.237,   2.929,9999.000,9999.000,9999.000,9999.000,9999.000,9999.000,9999.000
202607300930,   2.351,   3.099,9999.000,9999.000,9999.000,9999.000,9999.000,9999.000,9999.000
202607300936,   2.465,   3.339,9999.000,9999.000,9999.000,9999.000,9999.000,9999.000,9999.000
202607300942,   2.579,   3.558,9999.000,9999.000,9999.000,9999.000,9999.000,9999.000,9999.000
202607300948,   2.693,   3.670,9999.000,9999.000,9999.000,9999.000,9999.000,9999.000,9999.000
202607300954,   2.806,   3.719,9999.000,9999.000,9999.000,9999.000,9999.000,9999.000,9999.000
202607301000,   2.918,   3.808,   0.500,   0.390,   3.808,   0.400,   3.708,   0.600,   3.908
202607301006,   3.028,   3.860,9999.000,9999.000,9999.000,9999.000,9999.000,9999.000,9999.000
202607301012,   3.137,   3.998,9999.000,9999.000,9999.000,9999.000,9999.000,9999.000,9999.000
202607301018,   3.243,   4.198,9999.000,9999.000,9999.000,9999.000,9999.000,9999.000,9999.000
202607301024,   3.347,   4.257,9999.000,9999.000,9999.000,9999.000,9999.000,9999.000,9999.000
202607301030,   3.449,   4.247,9999.000,9999.000,9999.000,9999.000,9999.000,9999.000,9999.000
202607301036,   3.547,   4.309,9999.000,9999.000,9999.000,9999.000,9999.000,9999.000,9999.000
202607301042,   3.643,   4.398,9999.000,9999.000,9999.000,9999.000,9999.000,9999.000,9999.000
202607301048,   3.735,   4.418,9999.000,9999.000,9999.000,9999.000,9999.000,9999.000,9999.000
202607301054,   3.823,   4.509,9999.000,9999.000,9999.000,9999.000,9999.000,9999.000,9999.000
202607301100,   3.907,   4.657,   0.500,   0.250,   4.657,   0.400,   4.557,   0.500,   4.657
202607301106,   3.986,   4.749,9999.000,9999.000,9999.000,9999.000,9999.000,9999.000,9999.000
202607301112,   4.062,   4.837,9999.000,9999.000,9999.000,9999.000,9999.000,9999.000,9999.000
202607301118,   4.132,   4.979,9999.000,9999.000,9999.000,9999.000,9999.000,9999.000,9999.000
202607301124,   4.198,   5.047,9999.000,9999.000,9999.000,9999.000,9999.000,9999.000,9999.000
202607301130,   4.259,   5.139,9999.000,9999.000,9999.000,9999.000,9999.000,9999.000,9999.000
202607301136,   4.314,   5.149,9999.000,9999.000,9999.000,9999.000,9999.000,9999.000,9999.000
202607301142,   4.364,   5.188,9999.000,9999.000,9999.000,9999.000,9999.000,9999.000,9999.000
202607301148,   4.409,   5.159,9999.000,9999.000,9999.000,9999.000,9999.000,9999.000,9999.000
202607301154,   4.448,   5.169,9999.000,9999.000,9999.000,9999.000,9999.000,9999.000,9999.000
202607301200,   4.481,   5.159,   0.500,   0.178,   5.159,   0.500,   5.159,   0.600,   5.259
202607301206,   4.509,   5.208,9999.000,9999.000,9999.000,9999.000,9999.000,9999.000,9999.000
202607301212,   4.531,   5.238,9999.000,9999.000,9999.000,9999.000,9999.000,9999.000,9999.000
202607301218,   4.547,   5.238,9999.000,9999.000,9999.000,9999.000,9999.000,9999.000,9999.000
202607301224,   4.557,   5.307,9999.000,9999.000,9999.000,9999.000,9999.000,9999.000,9999.000
202607301230,   4.562,   5.277,9999.000,9999.000,9999.000,9999.000,9999.000,9999.000,9999.000
202607301236,   4.560,   5.277,9999.000,9999.000,9999.000,9999.000,9999.000,9999.000,9999.000
202607301242,   4.553,   5.379,9999.000,9999.000,9999.000,9999.000,9999.000,9999.000,9999.000
202607301248,   4.540,   5.369,9999.000,9999.000,9999.000,9999.000,9999.000,9999.000,9999.000
202607301254,   4.522,   5.329,9999.000,9999.000,9999.000,9999.000,9999.000,9999.000,9999.000
202607301300,   4.498,   5.359,   0.500,   0.361,   5.359,   0.500,   5.359,   0.500,   5.359
202607301306,   4.469,   5.359,9999.000,9999.000,9999.000,9999.000,9999.000,9999.000,9999.000
202607301312,   4.435,   5.379,9999.000,9999.000,9999.000,9999.000,9999.000,9999.000,9999.000
202607301318,   4.396,   5.329,9999.000,9999.000,9999.000,9999.000,9999.000,9999.000,9999.000
202607301324,   4.352,   5.277,9999.000,9999.000,9999.000,9999.000,9999.000,9999.000,9999.000
202607301330,   4.303,   5.208,9999.000,9999.000,9999.000,9999.000,9999.000,9999.000,9999.000
202607301336,   4.249,   5.188,9999.000,9999.000,9999.000,9999.000,9999.000,9999.000,9999.000
202607301342,   4.192,   5.139,9999.000,9999.000,9999.000,9999.000,9999.000,9999.000,9999.000
202607301348,   4.130,   5.018,9999.000,9999.000,9999.000,9999.000,9999.000,9999.000,9999.000
202607301354,   4.064,   5.047,9999.000,9999.000,9999.000,9999.000,9999.000,9999.000,9999.000
202607301400,   3.994,   4.959,   0.500,   0.465,   4.959,   0.500,   4.959,   0.500,   4.959
202607301406,   3.921,   4.910,9999.000,9999.000,9999.000,9999.000,9999.000,9999.000,9999.000
202607301412,   3.845,   4.847,9999.000,9999.000,9999.000,9999.000,9999.000,9999.000,9999.000
202607301418,   3.766,   4.778,9999.000,9999.000,9999.000,9999.000,9999.000,9999.000,9999.000
202607301424,   3.684,   4.719,9999.000,9999.000,9999.000,9999.000,9999.000,9999.000,9999.000
202607301430,   3.599,   4.657,9999.000,9999.000,9999.000,9999.000,9999.000,9999.000,9999.000
202607301436,   3.512,   4.559,9999.000,9999.000,9999.000,9999.000,9999.000,9999.000,9999.000
202607301442,   3.422,   4.408,9999.000,9999.000,9999.000,9999.000,9999.000,9999.000,9999.000
202607301448,   3.331,   4.329,9999.000,9999.000,9999.000,9999.000,9999.000,9999.000,9999.000
202607301454,   3.238,   4.208,9999.000,9999.000,9999.000,9999.000,9999.000,9999.000,9999.000
202607301500,   3.143,   4.208,   0.600,   0.465,   4.208,   0.500,   4.108,   0.600,   4.208
202607301506,   3.047,   4.188,9999.000,9999.000,9999.000,9999.000,9999.000,9999.000,9999.000
202607301512,   2.949,   4.027,9999.000,9999.000,9999.000,9999.000,9999.000,9999.000,9999.000
202607301518,   2.851,   3.817,9999.000,9999.000,9999.000,9999.000,9999.000,9999.000,9999.000
202607301524,   2.752,   3.719,9999.000,9999.000,9999.000,9999.000,9999.000,9999.000,9999.000
202607301530,   2.652,   3.660,9999.000,9999.000,9999.000,9999.000,9999.000,9999.000,9999.000
202607301536,   2.552,   3.588,9999.000,9999.000,9999.000,9999.000,9999.000,9999.000,9999.000
202607301542,   2.451,   3.460,9999.000,9999.000,9999.000,9999.000,9999.000,9999.000,9999.000
202607301548,   2.351,   3.368,9999.000,9999.000,9999.000,9999.000,9999.000,9999.000,9999.000
202607301554,   2.251,   3.270,9999.000,9999.000,9999.000,9999.000,9999.000,9999.000,9999.000
202607301600,   2.151,   3.158,   0.600,   0.407,   3.158,   0.600,   3.158,   0.600,   3.158
202607301606,   2.051,   3.109,9999.000,9999.000,9999.000,9999.000,9999.000,9999.000,9999.000
202607301612,   1.953,   3.099,9999.000,9999.000,9999.000,9999.000,9999.000,9999.000,9999.000
202607301618,   1.855,   3.040,9999.000,9999.000,9999.000,9999.000,9999.000,9999.000,9999.000
202607301624,   1.758,   2.889,9999.000,9999.000,9999.000,9999.000,9999.000,9999.000,9999.000
202607301630,   1.663,   2.758,9999.000,9999.000,9999.000,9999.000,9999.000,9999.000,9999.000
202607301636,   1.569,   2.660,9999.000,9999.000,9999.000,9999.000,9999.000,9999.000,9999.000
202607301642,   1.478,   2.578,9999.000,9999.000,9999.000,9999.000,9999.000,9999.000,9999.000
202607301648,   1.388,   2.459,9999.000,9999.000,9999.000,9999.000,9999.000,9999.000,9999.000
202607301654,   1.300,   2.309,9999.000,9999.000,9999.000,9999.000,9999.000,9999.000,9999.000
202607301700,   1.215,   2.240,   0.600,   0.425,   2.240,   0.600,   2.240,   0.600,   2.240
202607301706,   1.133,   2.158,9999.000,9999.000,9999.000,9999.000,9999.000,9999.000,9999.000
202607301712,   1.054,   2.020,9999.000,9999.000,9999.000,9999.000,9999.000,9999.000,9999.000
202607301718,   0.978,   1.981,9999.000,9999.000,9999.000,9999.000,9999.000,9999.000,9999.000
202607301724,   0.905,   1.928,9999.000,9999.000,9999.000,9999.000,9999.000,9999.000,9999.000
202607301730,   0.837,   1.830,9999.000,9999.000,9999.000,9999.000,9999.000,9999.000,9999.000
202607301736,   0.772,   1.699,9999.000,9999.000,9999.000,9999.000,9999.000,9999.000,9999.000
202607301742,   0.711,   1.528,9999.000,9999.000,9999.000,9999.000,9999.000,9999.000,9999.000
202607301748,   0.655,   1.449,9999.000,9999.000,9999.000,9999.000,9999.000,9999.000,9999.000
202607301754,   0.604,   1.318,9999.000,9999.000,9999.000,9999.000,9999.000,9999.000,9999.000
202607301800,   0.557,   1.289,   0.700,   0.032,   1.289,   0.700,   1.289,   0.700,   1.289
202607301806,   0.516,   1.259,9999.000,9999.000,9999.000,9999.000,9999.000,9999.000,9999.000
202607301812,   0.480,   1.200,9999.000,9999.000,9999.000,9999.000,9999.000,9999.000,9999.000
202607301818,   0.449,   1.161,9999.000,9999.000,9999.000,9999.000,9999.000,9999.000,9999.000
202607301824,   0.425,   1.180,9999.000,9999.000,9999.000,9999.000,9999.000,9999.000,9999.000
202607301830,   0.406,   1.128,9999.000,9999.000,9999.000,9999.000,9999.000,9999.000,9999.000
202607301836,   0.393,   1.098,9999.000,9999.000,9999.000,9999.000,9999.000,9999.000,9999.000
202607301842,   0.386,   1.088,9999.000,9999.000,9999.000,9999.000,9999.000,9999.000,9999.000
202607301848,   0.386,   1.059,9999.000,9999.000,9999.000,9999.000,9999.000,9999.000,9999.000
202607301854,   0.391,   1.128,9999.000,9999.000,9999.000,9999.000,9999.000,9999.000,9999.000
202607301900,   0.403,   1.108,   0.700,   0.005,   1.108,   0.700,   1.108,   0.700,   1.108
202607301906,   0.422,   1.108,9999.000,9999.000,9999.000,9999.000,9999.000,9999.000,9999.000
202607301912,   0.447,   1.170,9999.000,9999.000,9999.000,9999.000,9999.000,9999.000,9999.000
202607301918,   0.478,   1.170,9999.000,9999.000,9999.000,9999.000,9999.000,9999.000,9999.000
202607301924,   0.516,   1.138,9999.000,9999.000,9999.000,9999.000,9999.000,9999.000,9999.000
202607301930,   0.560,   1.220,9999.000,9999.000,9999.000,9999.000,9999.000,9999.000,9999.000
202607301936,   0.611,   1.289,9999.000,9999.000,9999.000,9999.000,9999.000,9999.000,9999.000
202607301942,   0.667,   1.308,9999.000,9999.000,9999.000,9999.000,9999.000,9999.000,9999.000
202607301948,   0.729,   1.439,9999.000,9999.000,9999.000,9999.000,9999.000,9999.000,9999.000
202607301954,   0.798,   1.498,9999.000,9999.000,9999.000,9999.000,9999.000,9999.000,9999.000
202607302000,   0.872,   1.600,   0.700,   0.028,   1.600,   0.700,   1.600,   0.700,   1.600
202607302006,   0.951,   1.679,9999.000,9999.000,9999.000,9999.000,9999.000,9999.000,9999.000
202607302012,   1.036,   1.758,9999.000,9999.000,9999.000,9999.000,9999.000,9999.000,9999.000
202607302018,   1.126,   1.830,9999.000,9999.000,9999.000,9999.000,9999.000,9999.000,9999.000
202607302024,   1.221,   1.889,9999.000,9999.000,9999.000,9999.000,9999.000,9999.000,9999.000
202607302030,   1.320,   2.020,9999.000,9999.000,9999.000,9999.000,9999.000,9999.000,9999.000
202607302036,   1.424,   2.118,9999.000,9999.000,9999.000,9999.000,9999.000,9999.000,9999.000
202607302042,   1.532,   2.250,9999.000,9999.000,9999.000,9999.000,9999.000,9999.000,9999.000
202607302048,   1.644,   2.348,9999.000,9999.000,9999.000,9999.000,9999.000,9999.000,9999.000
202607302054,   1.759,   2.509,9999.000,9999.000,9999.000,9999.000,9999.000,9999.000,9999.000
202607302100,   1.877,   2.660,   0.700,   0.083,   2.660,   0.700,   2.660,   0.700,   2.660
202607302106,   1.998,   2.768,9999.000,9999.000,9999.000,9999.000,9999.000,9999.000,9999.000
202607302112,   2.121,   2.869,9999.000,9999.000,9999.000,9999.000,9999.000,9999.000,9999.000
202607302118,   2.247,   3.007,9999.000,9999.000,9999.000,9999.000,9999.000,9999.000,9999.000
202607302124,   2.375,   3.148,9999.000,9999.000,9999.000,9999.000,9999.000,9999.000,9999.000
202607302130,   2.504,   3.339,9999.000,9999.000,9999.000,9999.000,9999.000,9999.000,9999.000
202607302136,   2.635,   3.539,9999.000,9999.000,9999.000,9999.000,9999.000,9999.000,9999.000
202607302142,   2.766,   3.709,9999.000,9999.000,9999.000,9999.000,9999.000,9999.000,9999.000
202607302148,   2.898,   3.880,9999.000,9999.000,9999.000,9999.000,9999.000,9999.000,9999.000
202607302154,   3.030,   3.988,9999.000,9999.000,9999.000,9999.000,9999.000,9999.000,9999.000
202607302200,   3.162,   4.149,   0.700,   0.287,   4.149,   0.700,   4.149,   0.800,   4.249
202607302206,   3.293,   4.319,9999.000,9999.000,9999.000,9999.000,9999.000,9999.000,9999.000
202607302212,   3.423,   4.519,9999.000,9999.000,9999.000,9999.000,9999.000,9999.000,9999.000
202607302218,   3.553,   4.618,9999.000,9999.000,9999.000,9999.000,9999.000,9999.000,9999.000
202607302224,   3.681,   4.719,9999.000,9999.000,9999.000,9999.000,9999.000,9999.000,9999.000
202607302230,   3.807,   4.778,9999.000,9999.000,9999.000,9999.000,9999.000,9999.000,9999.000
202607302236,   3.931,   4.847,9999.000,9999.000,9999.000,9999.000,9999.000,9999.000,9999.000
202607302242,   4.052,   5.047,9999.000,9999.000,9999.000,9999.000,9999.000,9999.000,9999.000
202607302248,   4.171,   5.139,9999.000,9999.000,9999.000,9999.000,9999.000,9999.000,9999.000
202607302254,   4.287,   5.277,9999.000,9999.000,9999.000,9999.000,9999.000,9999.000,9999.000
202607302300,   4.399,   5.389,   0.800,   0.190,   5.389,   0.700,   5.289,   0.800,   5.389
202607302306,   4.507,   5.487,9999.000,9999.000,9999.000,9999.000,9999.000,9999.000,9999.000
202607302312,   4.612,   5.598,9999.000,9999.000,9999.000,9999.000,9999.000,9999.000,9999.000
202607302318,   4.712,   5.717,9999.000,9999.000,9999.000,9999.000,9999.000,9999.000,9999.000
202607302324,   4.808,   5.799,9999.000,9999.000,9999.000,9999.000,9999.000,9999.000,9999.000
202607302330,   4.899,   5.858,9999.000,9999.000,9999.000,9999.000,9999.000,9999.000,9999.000
202607302336,   4.985,   5.926,9999.000,9999.000,9999.000,9999.000,9999.000,9999.000,9999.000
202607302342,   5.065,   6.028,9999.000,9999.000,9999.000,9999.000,9999.000,9999.000,9999.000
202607302348,   5.141,   6.048,9999.000,9999.000,9999.000,9999.000,9999.000,9999.000,9999.000
202607302354,   5.210,   6.048,9999.000,9999.000,9999.000,9999.000,9999.000,9999.000,9999.000
202607310000,   5.274,   6.087,   0.700,   0.113,   6.087,   0.700,   6.087,   0.800,   6.187
202607310006,   5.332,   6.117,9999.000,9999.000,9999.000,9999.000,9999.000,9999.000,9999.000
202607310012,   5.383,   6.169,9999.000,9999.000,9999.000,9999.000,9999.000,9999.000,9999.000
202607310018,   5.428,   6.228,9999.000,9999.000,9999.000,9999.000,9999.000,9999.000,9999.000
202607310024,   5.467,   6.297,9999.000,9999.000,9999.000,9999.000,9999.000,9999.000,9999.000
202607310030,   5.500,   6.307,9999.000,9999.000,9999.000,9999.000,9999.000,9999.000,9999.000
202607310036,   5.526,   6.379,9999.000,9999.000,9999.000,9999.000,9999.000,9999.000,9999.000
202607310042,   5.545,   6.409,9999.000,9999.000,9999.000,9999.000,9999.000,9999.000,9999.000
202607310048,   5.558,   6.379,9999.000,9999.000,9999.000,9999.000,9999.000,9999.000,9999.000
202607310054,   5.564,   6.359,9999.000,9999.000,9999.000,9999.000,9999.000,9999.000,9999.000
202607310100,   5.563,   6.297,   0.700,   0.034,   6.297,   0.700,   6.297,   0.800,   6.397
202607310106,   5.556,   6.317,9999.000,9999.000,9999.000,9999.000,9999.000,9999.000,9999.000
202607310112,   5.543,   6.307,9999.000,9999.000,9999.000,9999.000,9999.000,9999.000,9999.000
202607310118,   5.523,   6.268,9999.000,9999.000,9999.000,9999.000,9999.000,9999.000,9999.000
202607310124,   5.497,   6.199,9999.000,9999.000,9999.000,9999.000,9999.000,9999.000,9999.000
202607310130,   5.464,   6.179,9999.000,9999.000,9999.000,9999.000,9999.000,9999.000,9999.000
202607310136,   5.426,   6.189,9999.000,9999.000,9999.000,9999.000,9999.000,9999.000,9999.000
202607310142,   5.382,   6.199,9999.000,9999.000,9999.000,9999.000,9999.000,9999.000,9999.000
202607310148,   5.332,   6.117,9999.000,9999.000,9999.000,9999.000,9999.000,9999.000,9999.000
202607310154,   5.276,   6.008,9999.000,9999.000,9999.000,9999.000,9999.000,9999.000,9999.000
202607310200,   5.215,   5.949,   0.700,   0.034,   5.949,   0.700,   5.949,   0.700,   5.949
202607310206,   5.149,   5.848,9999.000,9999.000,9999.000,9999.000,9999.000,9999.000,9999.000
202607310212,   5.078,   5.779,9999.000,9999.000,9999.000,9999.000,9999.000,9999.000,9999.000
202607310218,   5.002,   5.749,9999.000,9999.000,9999.000,9999.000,9999.000,9999.000,9999.000
202607310224,   4.922,   5.589,9999.000,9999.000,9999.000,9999.000,9999.000,9999.000,9999.000
202607310230,   4.837,   5.477,9999.000,9999.000,9999.000,9999.000,9999.000,9999.000,9999.000
202607310236,   4.748,   5.369,9999.000,9999.000,9999.000,9999.000,9999.000,9999.000,9999.000
202607310242,   4.656,   5.238,9999.000,9999.000,9999.000,9999.000,9999.000,9999.000,9999.000
202607310248,   4.559,   5.129,9999.000,9999.000,9999.000,9999.000,9999.000,9999.000,9999.000
202607310254,   4.460,   5.008,9999.000,9999.000,9999.000,9999.000,9999.000,9999.000,9999.000
202607310300,   4.357,   5.008,   0.700,  -0.049,   5.008,   0.700,   5.008,   0.700,   5.008
202607310306,   4.251,   4.919,9999.000,9999.000,9999.000,9999.000,9999.000,9999.000,9999.000
202607310312,   4.143,   4.837,9999.000,9999.000,9999.000,9999.000,9999.000,9999.000,9999.000
202607310318,   4.031,   4.769,9999.000,9999.000,9999.000,9999.000,9999.000,9999.000,9999.000
202607310324,   3.918,   4.657,9999.000,9999.000,9999.000,9999.000,9999.000,9999.000,9999.000
202607310330,   3.803,   4.539,9999.000,9999.000,9999.000,9999.000,9999.000,9999.000,9999.000
202607310336,   3.685,   4.418,9999.000,9999.000,9999.000,9999.000,9999.000,9999.000,9999.000
202607310342,   3.566,   4.280,9999.000,9999.000,9999.000,9999.000,9999.000,9999.000,9999.000
202607310348,   3.446,   4.149,9999.000,9999.000,9999.000,9999.000,9999.000,9999.000,9999.000
202607310354,   3.324,   4.047,9999.000,9999.000,9999.000,9999.000,9999.000,9999.000,9999.000
202607310400,   3.202,   3.909,   0.700,   0.007,   3.909,   0.600,   3.809,   0.700,   3.909
202607310406,   3.078,   3.749,9999.000,9999.000,9999.000,9999.000,9999.000,9999.000,9999.000
202607310412,   2.955,   3.670,9999.000,9999.000,9999.000,9999.000,9999.000,9999.000,9999.000
202607310418,   2.830,   3.548,9999.000,9999.000,9999.000,9999.000,9999.000,9999.000,9999.000
202607310424,   2.706,   3.407,9999.000,9999.000,9999.000,9999.000,9999.000,9999.000,9999.000
202607310430,   2.582,   3.299,9999.000,9999.000,9999.000,9999.000,9999.000,9999.000,9999.000
202607310436,   2.458,   3.197,9999.000,9999.000,9999.000,9999.000,9999.000,9999.000,9999.000
202607310442,   2.335,   3.138,9999.000,9999.000,9999.000,9999.000,9999.000,9999.000,9999.000
202607310448,   2.213,   3.099,9999.000,9999.000,9999.000,9999.000,9999.000,9999.000,9999.000
202607310454,   2.092,   3.040,9999.000,9999.000,9999.000,9999.000,9999.000,9999.000,9999.000
202607310500,   1.972,   2.807,   0.600,   0.235,   2.807,   0.600,   2.807,   0.700,   2.907
202607310506,   1.854,   2.640,9999.000,9999.000,9999.000,9999.000,9999.000,9999.000,9999.000
202607310512,   1.738,   2.499,9999.000,9999.000,9999.000,9999.000,9999.000,9999.000,9999.000
202607310518,   1.625,   2.377,9999.000,9999.000,9999.000,9999.000,9999.000,9999.000,9999.000
202607310524,   1.513,   2.259,9999.000,9999.000,9999.000,9999.000,9999.000,9999.000,9999.000
202607310530,   1.405,   2.158,9999.000,9999.000,9999.000,9999.000,9999.000,9999.000,9999.000
202607310536,   1.300,   2.049,9999.000,9999.000,9999.000,9999.000,9999.000,9999.000,9999.000
202607310542,   1.199,   1.967,9999.000,9999.000,9999.000,9999.000,9999.000,9999.000,9999.000
202607310548,   1.101,   1.908,9999.000,9999.000,9999.000,9999.000,9999.000,9999.000,9999.000
202607310554,   1.007,   1.840,9999.000,9999.000,9999.000,9999.000,9999.000,9999.000,9999.000
202607310600,   0.918,   1.699,   0.600,   0.181,   1.699,   0.500,   1.599,   0.600,   1.699
202607310606,   0.833,   1.630,9999.000,9999.000,9999.000,9999.000,9999.000,9999.000,9999.000
202607310612,   0.754,   1.489,9999.000,9999.000,9999.000,9999.000,9999.000,9999.000,9999.000
202607310618,   0.679,   1.348,9999.000,9999.000,9999.000,9999.000,9999.000,9999.000,9999.000
202607310624,   0.610,   1.259,9999.000,9999.000,9999.000,9999.000,9999.000,9999.000,9999.000
202607310630,   0.547,   1.200,9999.000,9999.000,9999.000,9999.000,9999.000,9999.000,9999.000
202607310636,   0.490,   1.180,9999.000,9999.000,9999.000,9999.000,9999.000,9999.000,9999.000
202607310642,   0.439,   1.088,9999.000,9999.000,9999.000,9999.000,9999.000,9999.000,9999.000
202607310648,   0.394,   1.059,9999.000,9999.000,9999.000,9999.000,9999.000,9999.000,9999.000
202607310654,   0.356,   1.049,9999.000,9999.000,9999.000,9999.000,9999.000,9999.000,9999.000
202607310700,   0.324,   1.039,   0.600,   0.115,   1.039,   0.500,   0.939,   0.600,   1.039
202607310706,   0.299,   1.029,9999.000,9999.000,9999.000,9999.000,9999.000,9999.000,9999.000
202607310712,   0.282,   1.010,9999.000,9999.000,9999.000,9999.000,9999.000,9999.000,9999.000
202607310718,   0.271,   1.049,9999.000,9999.000,9999.000,9999.000,9999.000,9999.000,9999.000
202607310724,   0.267,   1.039,9999.000,9999.000,9999.000,9999.000,9999.000,9999.000,9999.000
202607310730,   0.271,   1.039,9999.000,9999.000,9999.000,9999.000,9999.000,9999.000,9999.000
202607310736,   0.281,   1.088,9999.000,9999.000,9999.000,9999.000,9999.000,9999.000,9999.000
202607310742,   0.298,   1.059,9999.000,9999.000,9999.000,9999.000,9999.000,9999.000,9999.000
202607310748,   0.323,   1.088,9999.000,9999.000,9999.000,9999.000,9999.000,9999.000,9999.000
202607310754,   0.354,   1.079,9999.000,9999.000,9999.000,9999.000,9999.000,9999.000,9999.000
202607310800,   0.392,   1.118,   0.600,   0.126,   1.118,   0.600,   1.118,   0.600,   1.118
202607310806,   0.437,   1.138,9999.000,9999.000,9999.000,9999.000,9999.000,9999.000,9999.000
202607310812,   0.488,   1.190,9999.000,9999.000,9999.000,9999.000,9999.000,9999.000,9999.000
202607310818,   0.546,   1.180,9999.000,9999.000,9999.000,9999.000,9999.000,9999.000,9999.000
202607310824,   0.610,   1.239,9999.000,9999.000,9999.000,9999.000,9999.000,9999.000,9999.000
202607310830,   0.679,   1.390,9999.000,9999.000,9999.000,9999.000,9999.000,9999.000,9999.000
202607310836,   0.754,   1.459,9999.000,9999.000,9999.000,9999.000,9999.000,9999.000,9999.000
202607310842,   0.835,   1.489,9999.000,9999.000,9999.000,9999.000,9999.000,9999.000,9999.000
202607310848,   0.920,   1.600,9999.000,9999.000,9999.000,9999.000,9999.000,9999.000,9999.000
202607310854,   1.010,   1.679,9999.000,9999.000,9999.000,9999.000,9999.000,9999.000,9999.000
202607310900,   1.105,   1.810,   0.600,   0.105,   1.810,   0.600,   1.810,   0.600,   1.810
202607310906,   1.204,   1.908,9999.000,9999.000,9999.000,9999.000,9999.000,9999.000,9999.000
202607310912,   1.306,   2.000,9999.000,9999.000,9999.000,9999.000,9999.000,9999.000,9999.000
202607310918,   1.412,   2.020,9999.000,9999.000,9999.000,9999.000,9999.000,9999.000,9999.000
202607310924,   1.521,   2.138,9999.000,9999.000,9999.000,9999.000,9999.000,9999.000,9999.000
202607310930,   1.633,   2.220,9999.000,9999.000,9999.000,9999.000,9999.000,9999.000,9999.000
202607310936,   1.748,   2.299,9999.000,9999.000,9999.000,9999.000,9999.000,9999.000,9999.000
202607310942,   1.864,   2.420,9999.000,9999.000,9999.000,9999.000,9999.000,9999.000,9999.000
202607310948,   1.982,   2.509,9999.000,9999.000,9999.000,9999.000,9999.000,9999.000,9999.000
202607310954,   2.101,   2.719,9999.000,9999.000,9999.000,9999.000,9999.000,9999.000,9999.000
202607311000,   2.221,   2.899,   0.600,   0.078,   2.899,   0.600,   2.899,   0.600,   2.899
202607311006,   2.342,   3.050,9999.000,9999.000,9999.000,9999.000,9999.000,9999.000,9999.000
202607311012,   2.463,   3.158,9999.000,9999.000,9999.000,9999.000,9999.000,9999.000,9999.000
202607311018,   2.584,   3.260,9999.000,9999.000,9999.000,9999.000,9999.000,9999.000,9999.000
202607311024,   2.705,   3.358,9999.000,9999.000,9999.000,9999.000,9999.000,9999.000,9999.000
202607311030,   2.824,   3.388,9999.000,9999.000,9999.000,9999.000,9999.000,9999.000,9999.000
202607311036,   2.943,   3.539,9999.000,9999.000,9999.000,9999.000,9999.000,9999.000,9999.000
202607311042,   3.059,   3.670,9999.000,9999.000,9999.000,9999.000,9999.000,9999.000,9999.000
202607311048,   3.174,   3.827,9999.000,9999.000,9999.000,9999.000,9999.000,9999.000,9999.000
202607311054,   3.287,   3.968,9999.000,9999.000,9999.000,9999.000,9999.000,9999.000,9999.000
202607311100,   3.398,   4.099,   0.600,   0.101,   4.099,   0.600,   4.099,   0.600,   4.099
202607311106,   3.505,   4.208,9999.000,9999.000,9999.000,9999.000,9999.000,9999.000,9999.000
202607311112,   3.610,   4.290,9999.000,9999.000,9999.000,9999.000,9999.000,9999.000,9999.000
202607311118,   3.711,   4.378,9999.000,9999.000,9999.000,9999.000,9999.000,9999.000,9999.000
202607311124,   3.808,   4.457,9999.000,9999.000,9999.000,9999.000,9999.000,9999.000,9999.000
202607311130,   3.902,   4.578,9999.000,9999.000,9999.000,9999.000,9999.000,9999.000,9999.000
202607311136,   3.991,   4.667,9999.000,9999.000,9999.000,9999.000,9999.000,9999.000,9999.000
202607311142,   4.075,   4.710,9999.000,9999.000,9999.000,9999.000,9999.000,9999.000,9999.000
202607311148,   4.156,   4.818,9999.000,9999.000,9999.000,9999.000,9999.000,9999.000,9999.000
202607311154,   4.231,   4.887,9999.000,9999.000,9999.000,9999.000,9999.000,9999.000,9999.000
202607311200,   4.301,   4.939,   0.500,   0.138,   4.939,   0.500,   4.939,   0.500,   4.939
202607311206,   4.365,   4.998,9999.000,9999.000,9999.000,9999.000,9999.000,9999.000,9999.000
202607311212,   4.425,   5.038,9999.000,9999.000,9999.000,9999.000,9999.000,9999.000,9999.000
202607311218,   4.478,   5.120,9999.000,9999.000,9999.000,9999.000,9999.000,9999.000,9999.000
202607311224,   4.526,   5.228,9999.000,9999.000,9999.000,9999.000,9999.000,9999.000,9999.000
202607311230,   4.568,   5.277,9999.000,9999.000,9999.000,9999.000,9999.000,9999.000,9999.000
202607311236,   4.604,   5.257,9999.000,9999.000,9999.000,9999.000,9999.000,9999.000,9999.000
202607311242,   4.635,   5.277,9999.000,9999.000,9999.000,9999.000,9999.000,9999.000,9999.000
202607311248,   4.659,   5.287,9999.000,9999.000,9999.000,9999.000,9999.000,9999.000,9999.000
202607311254,   4.677,   5.277,9999.000,9999.000,9999.000,9999.000,9999.000,9999.000,9999.000
202607311300,   4.689,   5.287,   0.500,   0.098,   5.287,   0.500,   5.287,   0.500,   5.287
202607311306,   4.695,   5.339,9999.000,9999.000,9999.000,9999.000,9999.000,9999.000,9999.000
202607311312,   4.695,   5.369,9999.000,9999.000,9999.000,9999.000,9999.000,9999.000,9999.000
202607311318,   4.689,   5.359,9999.000,9999.000,9999.000,9999.000,9999.000,9999.000,9999.000
202607311324,   4.677,   5.359,9999.000,9999.000,9999.000,9999.000,9999.000,9999.000,9999.000
202607311330,   4.660,   5.418,9999.000,9999.000,9999.000,9999.000,9999.000,9999.000,9999.000
202607311336,   4.636,   5.428,9999.000,9999.000,9999.000,9999.000,9999.000,9999.000,9999.000
202607311342,   4.608,   5.448,9999.000,9999.000,9999.000,9999.000,9999.000,9999.000,9999.000
202607311348,   4.574,   5.408,9999.000,9999.000,9999.000,9999.000,9999.000,9999.000,9999.000
202607311354,   4.535,   5.339,9999.000,9999.000,9999.000,9999.000,9999.000,9999.000,9999.000
202607311400,   4.491,   5.307,   0.500,   0.316,   5.307,   0.500,   5.307,   0.500,   5.307
202607311406,   4.442,   5.238,9999.000,9999.000,9999.000,9999.000,9999.000,9999.000,9999.000
202607311412,   4.388,   5.159,9999.000,9999.000,9999.000,9999.000,9999.000,9999.000,9999.000
202607311418,   4.331,   5.077,9999.000,9999.000,9999.000,9999.000,9999.000,9999.000,9999.000
202607311424,   4.269,   5.028,9999.000,9999.000,9999.000,9999.000,9999.000,9999.000,9999.000
202607311430,   4.203,   4.939,9999.000,9999.000,9999.000,9999.000,9999.000,9999.000,9999.000
202607311436,   4.133,   4.857,9999.000,9999.000,9999.000,9999.000,9999.000,9999.000,9999.000
202607311442,   4.060,   4.808,9999.000,9999.000,9999.000,9999.000,9999.000,9999.000,9999.000
202607311448,   3.984,   4.739,9999.000,9999.000,9999.000,9999.000,9999.000,9999.000,9999.000
202607311454,   3.905,   4.647,9999.000,9999.000,9999.000,9999.000,9999.000,9999.000,9999.000
202607311500,   3.823,   4.549,   0.500,   0.226,   4.549,   0.400,   4.449,   0.500,   4.549
202607311506,   3.738,   4.467,9999.000,9999.000,9999.000,9999.000,9999.000,9999.000,9999.000
202607311512,   3.651,   4.359,9999.000,9999.000,9999.000,9999.000,9999.000,9999.000,9999.000
202607311518,   3.562,   4.198,9999.000,9999.000,9999.000,9999.000,9999.000,9999.000,9999.000
202607311524,   3.471,   4.080,9999.000,9999.000,9999.000,9999.000,9999.000,9999.000,9999.000
202607311530,   3.378,   3.949,9999.000,9999.000,9999.000,9999.000,9999.000,9999.000,9999.000
202607311536,   3.284,   3.880,9999.000,9999.000,9999.000,9999.000,9999.000,9999.000,9999.000
202607311542,   3.188,   3.788,9999.000,9999.000,9999.000,9999.000,9999.000,9999.000,9999.000
202607311548,   3.091,   3.709,9999.000,9999.000,9999.000,9999.000,9999.000,9999.000,9999.000
202607311554,   2.993,   3.598,9999.000,9999.000,9999.000,9999.000,9999.000,9999.000,9999.000
202607311600,   2.894,   3.519,   0.500,   0.125,   3.519,   0.400,   3.419,   0.500,   3.519
202607311606,   2.795,   3.388,9999.000,9999.000,9999.000,9999.000,9999.000,9999.000,9999.000
202607311612,   2.695,   3.270,9999.000,9999.000,9999.000,9999.000,9999.000,9999.000,9999.000
202607311618,   2.595,   3.099,9999.000,9999.000,9999.000,9999.000,9999.000,9999.000,9999.000
202607311624,   2.494,   3.050,9999.000,9999.000,9999.000,9999.000,9999.000,9999.000,9999.000
202607311630,   2.394,   2.938,9999.000,9999.000,9999.000,9999.000,9999.000,9999.000,9999.000
202607311636,   2.293,   2.830,9999.000,9999.000,9999.000,9999.000,9999.000,9999.000,9999.000
202607311642,   2.194,   2.709,9999.000,9999.000,9999.000,9999.000,9999.000,9999.000,9999.000
202607311648,   2.094,   2.669,9999.000,9999.000,9999.000,9999.000,9999.000,9999.000,9999.000
202607311654,   1.996,   2.548,9999.000,9999.000,9999.000,9999.000,9999.000,9999.000,9999.000
202607311700,   1.898,   2.420,   0.500,   0.022,   2.420,   0.400,   2.320,   0.500,   2.420
202607311706,   1.801,   2.299,9999.000,9999.000,9999.000,9999.000,9999.000,9999.000,9999.000
202607311712,   1.706,   2.177,9999.000,9999.000,9999.000,9999.000,9999.000,9999.000,9999.000
202607311718,   1.612,   2.079,9999.000,9999.000,9999.000,9999.000,9999.000,9999.000,9999.000
202607311724,   1.520,   1.967,9999.000,9999.000,9999.000,9999.000,9999.000,9999.000,9999.000
202607311730,   1.430,   1.879,9999.000,9999.000,9999.000,9999.000,9999.000,9999.000,9999.000
202607311736,   1.343,   1.810,9999.000,9999.000,9999.000,9999.000,9999.000,9999.000,9999.000
202607311742,   1.257,   1.728,9999.000,9999.000,9999.000,9999.000,9999.000,9999.000,9999.000
202607311748,   1.175,   1.689,9999.000,9999.000,9999.000,9999.000,9999.000,9999.000,9999.000
202607311754,   1.095,   1.557,9999.000,9999.000,9999.000,9999.000,9999.000,9999.000,9999.000
202607311800,   1.019,   1.469,   0.400,   0.050,   1.469,   0.400,   1.469,   0.500,   1.569
202607311806,   0.946,   1.400,9999.000,9999.000,9999.000,9999.000,9999.000,9999.000,9999.000
202607311812,   0.877,   1.308,9999.000,9999.000,9999.000,9999.000,9999.000,9999.000,9999.000
202607311818,   0.812,   1.190,9999.000,9999.000,9999.000,9999.000,9999.000,9999.000,9999.000
202607311824,   0.751,   1.128,9999.000,9999.000,9999.000,9999.000,9999.000,9999.000,9999.000
202607311830,   0.695,   1.118,9999.000,9999.000,9999.000,9999.000,9999.000,9999.000,9999.000
202607311836,   0.644,   1.098,9999.000,9999.000,9999.000,9999.000,9999.000,9999.000,9999.000
202607311842,   0.597,   1.098,9999.000,9999.000,9999.000,9999.000,9999.000,9999.000,9999.000
202607311848,   0.556,   1.049,9999.000,9999.000,9999.000,9999.000,9999.000,9999.000,9999.000
202607311854,   0.520,   1.020,9999.000,9999.000,9999.000,9999.000,9999.000,9999.000,9999.000
202607311900,   0.490,   0.951,   0.400,   0.061,   0.951,   0.400,   0.951,   0.500,   1.051
202607311906,   0.466,   0.918,9999.000,9999.000,9999.000,9999.000,9999.000,9999.000,9999.000
202607311912,   0.448,   0.928,9999.000,9999.000,9999.000,9999.000,9999.000,9999.000,9999.000
202607311918,   0.436,   0.898,9999.000,9999.000,9999.000,9999.000,9999.000,9999.000,9999.000
202607311924,   0.430,   0.898,9999.000,9999.000,9999.000,9999.000,9999.000,9999.000,9999.000
202607311930,   0.431,   0.918,9999.000,9999.000,9999.000,9999.000,9999.000,9999.000,9999.000
202607311936,   0.438,   0.888,9999.000,9999.000,9999.000,9999.000,9999.000,9999.000,9999.000
202607311942,   0.452,   0.908,9999.000,9999.000,9999.000,9999.000,9999.000,9999.000,9999.000
202607311948,   0.472,   0.928,9999.000,9999.000,9999.000,9999.000,9999.000,9999.000,9999.000
202607311954,   0.499,   0.928,9999.000,9999.000,9999.000,9999.000,9999.000,9999.000,9999.000
202607312000,   0.533,   0.961,   0.500,  -0.072,   0.961,   0.400,   0.861,   0.500,   0.961
202607312006,   0.572,   1.039,9999.000,9999.000,9999.000,9999.000,9999.000,9999.000,9999.000
202607312012,   0.619,   1.118,9999.000,9999.000,9999.000,9999.000,9999.000,9999.000,9999.000
202607312018,   0.671,   1.161,9999.000,9999.000,9999.000,9999.000,9999.000,9999.000,9999.000
202607312024,   0.730,   1.161,9999.000,9999.000,9999.000,9999.000,9999.000,9999.000,9999.000
202607312030,   0.795,   1.259,9999.000,9999.000,9999.000,9999.000,9999.000,9999.000,9999.000
202607312036,   0.866,   1.380,9999.000,9999.000,9999.000,9999.000,9999.000,9999.000,9999.000
202607312042,   0.942,   1.439,9999.000,9999.000,9999.000,9999.000,9999.000,9999.000,9999.000
202607312048,   1.024,   1.489,9999.000,9999.000,9999.000,9999.000,9999.000,9999.000,9999.000
202607312054,   1.111,   1.590,9999.000,9999.000,9999.000,9999.000,9999.000,9999.000,9999.000
202607312100,   1.203,   1.679,   0.500,  -0.024,   1.679,   0.400,   1.579,   0.500,   1.679
202607312106,   1.300,   1.738,9999.000,9999.000,9999.000,9999.000,9999.000,9999.000,9999.000
202607312112,   1.402,   1.849,9999.000,9999.000,9999.000,9999.000,9999.000,9999.000,9999.000
202607312118,   1.507,   1.958,9999.000,9999.000,9999.000,9999.000,9999.000,9999.000,9999.000
202607312124,   1.617,   2.020,9999.000,9999.000,9999.000,9999.000,9999.000,9999.000,9999.000
202607312130,   1.730,   2.191,9999.000,9999.000,9999.000,9999.000,9999.000,9999.000,9999.000
202607312136,   1.846,   2.289,9999.000,9999.000,9999.000,9999.000,9999.000,9999.000,9999.000
202607312142,   1.965,   2.387,9999.000,9999.000,9999.000,9999.000,9999.000,9999.000,9999.000
202607312148,   2.087,   2.499,9999.000,9999.000,9999.000,9999.000,9999.000,9999.000,9999.000
202607312154,   2.211,   2.660,9999.000,9999.000,9999.000,9999.000,9999.000,9999.000,9999.000
202607312200,   2.337,   2.820,   0.500,  -0.017,   2.820,   0.500,   2.820,   0.500,   2.820
202607312206,   2.465,   2.929,9999.000,9999.000,9999.000,9999.000,9999.000,9999.000,9999.000
202607312212,   2.594,   3.040,9999.000,9999.000,9999.000,9999.000,9999.000,9999.000,9999.000
202607312218,   2.724,   3.217,9999.000,9999.000,9999.000,9999.000,9999.000,9999.000,9999.000
202607312224,   2.854,   3.407,9999.000,9999.000,9999.000,9999.000,9999.000,9999.000,9999.000
202607312230,   2.985,   3.598,9999.000,9999.000,9999.000,9999.000,9999.000,9999.000,9999.000
202607312236,   3.115,   3.699,9999.000,9999.000,9999.000,9999.000,9999.000,9999.000,9999.000
202607312242,   3.245,   3.847,9999.000,9999.000,9999.000,9999.000,9999.000,9999.000,9999.000
202607312248,   3.374,   3.998,9999.000,9999.000,9999.000,9999.000,9999.000,9999.000,9999.000
202607312254,   3.502,   4.037,9999.000,9999.000,9999.000,9999.000,9999.000,9999.000,9999.000
202607312300,   3.628,   4.198,   0.500,   0.070,   4.198,   0.500,   4.198,   0.600,   4.298
202607312306,   3.753,   4.408,9999.000,9999.000,9999.000,9999.000,9999.000,9999.000,9999.000
202607312312,   3.875,   4.549,9999.000,9999.000,9999.000,9999.000,9999.000,9999.000,9999.000
202607312318,   3.995,   4.598,9999.000,9999.000,9999.000,9999.000,9999.000,9999.000,9999.000
202607312324,   4.112,   5.310,9999.000,9999.000,9999.000,9999.000,9999.000,9999.000,9999.000
202607312330,   4.226,9999.000,9999.000,9999.000,9999.000,9999.000,9999.000,9999.000,9999.000
202607312336,   4.337,9999.000,9999.000,9999.000,9999.000,9999.000,9999.000,9999.000,9999.000
202607312342,   4.444,9999.000,9999.000,9999.000,9999.000,9999.000,9999.000,9999.000,9999.000
202607312348,   4.546,9999.000,9999.000,9999.000,9999.000,9999.000,9999.000,9999.000,9999.000
202607312354,   4.645,   5.208,9999.000,9999.000,9999.000,9999.000,9999.000,9999.000,9999.000
202608010000,   4.739,   5.307,   0.400,   0.168,   5.307,   0.400,   5.307,   0.500,   5.407
202608010006,   4.828,   5.438,9999.000,9999.000,9999.000,9999.000,9999.000,9999.000,9999.000
202608010012,   4.913,   5.516,9999.000,9999.000,9999.000,9999.000,9999.000,9999.000,9999.000
202608010018,   4.992,   5.638,9999.000,9999.000,9999.000,9999.000,9999.000,9999.000,9999.000
202608010024,   5.065,   5.667,9999.000,9999.000,9999.000,9999.000,9999.000,9999.000,9999.000
202608010030,   5.133,   5.648,9999.000,9999.000,9999.000,9999.000,9999.000,9999.000,9999.000
202608010036,   5.195,   5.657,9999.000,9999.000,9999.000,9999.000,9999.000,9999.000,9999.000
202608010042,   5.251,   5.779,9999.000,9999.000,9999.000,9999.000,9999.000,9999.000,9999.000
202608010048,   5.301,   5.979,9999.000,9999.000,9999.000,9999.000,9999.000,9999.000,9999.000
202608010054,   5.345,   5.940,9999.000,9999.000,9999.000,9999.000,9999.000,9999.000,9999.000
202608010100,   5.383,   5.926,   0.500,   0.043,   5.926,   0.400,   5.826,   0.500,   5.926
202608010106,   5.414,   6.008,9999.000,9999.000,9999.000,9999.000,9999.000,9999.000,9999.000
202608010112,   5.438,   5.969,9999.000,9999.000,9999.000,9999.000,9999.000,9999.000,9999.000
202608010118,   5.456,   6.018,9999.000,9999.000,9999.000,9999.000,9999.000,9999.000,9999.000
202608010124,   5.468,   6.169,9999.000,9999.000,9999.000,9999.000,9999.000,9999.000,9999.000
202608010130,   5.473,   6.209,9999.000,9999.000,9999.000,9999.000,9999.000,9999.000,9999.000
202608010136,   5.472,   6.287,9999.000,9999.000,9999.000,9999.000,9999.000,9999.000,9999.000
202608010142,   5.464,   6.189,9999.000,9999.000,9999.000,9999.000,9999.000,9999.000,9999.000
202608010148,   5.450,   6.127,9999.000,9999.000,9999.000,9999.000,9999.000,9999.000,9999.000
202608010154,   5.430,   6.149,9999.000,9999.000,9999.000,9999.000,9999.000,9999.000,9999.000
202608010200,   5.403,   6.077,   0.500,   0.174,   6.077,   0.400,   5.977,   0.500,   6.077
202608010206,   5.371,   5.999,9999.000,9999.000,9999.000,9999.000,9999.000,9999.000,9999.000
202608010212,   5.332,   6.008,9999.000,9999.000,9999.000,9999.000,9999.000,9999.000,9999.000
202608010218,   5.288,   6.018,9999.000,9999.000,9999.000,9999.000,9999.000,9999.000,9999.000
202608010224,   5.238,   5.969,9999.000,9999.000,9999.000,9999.000,9999.000,9999.000,9999.000
202608010230,   5.183,   5.907,9999.000,9999.000,9999.000,9999.000,9999.000,9999.000,9999.000
202608010236,   5.123,   5.749,9999.000,9999.000,9999.000,9999.000,9999.000,9999.000,9999.000
202608010242,   5.058,   5.759,9999.000,9999.000,9999.000,9999.000,9999.000,9999.000,9999.000
202608010248,   4.988,   5.657,9999.000,9999.000,9999.000,9999.000,9999.000,9999.000,9999.000
202608010254,   4.913,   5.539,9999.000,9999.000,9999.000,9999.000,9999.000,9999.000,9999.000
202608010300,   4.834,   5.467,   0.500,   0.133,   5.467,   0.400,   5.367,   0.500,   5.467
202608010306,   4.751,   5.369,9999.000,9999.000,9999.000,9999.000,9999.000,9999.000,9999.000
202608010312,   4.663,   5.320,9999.000,9999.000,9999.000,9999.000,9999.000,9999.000,9999.000
202608010318,   4.572,   5.218,9999.000,9999.000,9999.000,9999.000,9999.000,9999.000,9999.000
202608010324,   4.478,   5.057,9999.000,9999.000,9999.000,9999.000,9999.000,9999.000,9999.000
202608010330,   4.380,   4.919,9999.000,9999.000,9999.000,9999.000,9999.000,9999.000,9999.000
202608010336,   4.279,   4.900,9999.000,9999.000,9999.000,9999.000,9999.000,9999.000,9999.000
202608010342,   4.175,   4.729,9999.000,9999.000,9999.000,9999.000,9999.000,9999.000,9999.000
202608010348,   4.068,   4.608,9999.000,9999.000,9999.000,9999.000,9999.000,9999.000,9999.000
202608010354,   3.959,   4.490,9999.000,9999.000,9999.000,9999.000,9999.000,9999.000,9999.000
202608010400,   3.848,   4.437,   0.500,   0.089,   4.437,   0.400,   4.337,   0.500,   4.437
202608010406,   3.734,   4.329,9999.000,9999.000,9999.000,9999.000,9999.000,9999.000,9999.000
202608010412,   3.619,   4.168,9999.000,9999.000,9999.000,9999.000,9999.000,9999.000,9999.000
202608010418,   3.502,   4.099,9999.000,9999.000,9999.000,9999.000,9999.000,9999.000,9999.000
202608010424,   3.383,   4.099,9999.000,9999.000,9999.000,9999.000,9999.000,9999.000,9999.000
202608010430,   3.263,   3.899,9999.000,9999.000,9999.000,9999.000,9999.000,9999.000,9999.000
202608010436,   3.142,   3.788,9999.000,9999.000,9999.000,9999.000,9999.000,9999.000,9999.000
202608010442,   3.020,   3.588,9999.000,9999.000,9999.000,9999.000,9999.000,9999.000,9999.000
202608010448,   2.898,   3.417,9999.000,9999.000,9999.000,9999.000,9999.000,9999.000,9999.000
202608010454,   2.775,   3.329,9999.000,9999.000,9999.000,9999.000,9999.000,9999.000,9999.000
202608010500,   2.651,   3.158,   0.400,   0.107,   3.158,   0.400,   3.158,   0.500,   3.258
202608010506,   2.528,   3.070,9999.000,9999.000,9999.000,9999.000,9999.000,9999.000,9999.000
202608010512,   2.405,   2.968,9999.000,9999.000,9999.000,9999.000,9999.000,9999.000,9999.000
202608010518,   2.282,   2.840,9999.000,9999.000,9999.000,9999.000,9999.000,9999.000,9999.000
202608010524,   2.160,   2.728,9999.000,9999.000,9999.000,9999.000,9999.000,9999.000,9999.000
202608010530,   2.039,   2.538,9999.000,9999.000,9999.000,9999.000,9999.000,9999.000,9999.000
202608010536,   1.920,   2.430,9999.000,9999.000,9999.000,9999.000,9999.000,9999.000,9999.000
202608010542,   1.801,   2.358,9999.000,9999.000,9999.000,9999.000,9999.000,9999.000,9999.000
202608010548,   1.685,   2.289,9999.000,9999.000,9999.000,9999.000,9999.000,9999.000,9999.000
202608010554,   1.571,   2.109,9999.000,9999.000,9999.000,9999.000,9999.000,9999.000,9999.000
202608010600,   1.459,   2.020,   0.400,   0.161,   2.020,   0.300,   1.920,   0.400,   2.020
202608010606,   1.350,   1.889,9999.000,9999.000,9999.000,9999.000,9999.000,9999.000,9999.000
202608010612,   1.244,   1.728,9999.000,9999.000,9999.000,9999.000,9999.000,9999.000,9999.000
202608010618,   1.141,   1.649,9999.000,9999.000,9999.000,9999.000,9999.000,9999.000,9999.000
202608010624,   1.042,   1.590,9999.000,9999.000,9999.000,9999.000,9999.000,9999.000,9999.000
202608010630,   0.946,   1.498,9999.000,9999.000,9999.000,9999.000,9999.000,9999.000,9999.000
202608010636,   0.855,   1.489,9999.000,9999.000,9999.000,9999.000,9999.000,9999.000,9999.000
202608010642,   0.769,   1.371,9999.000,9999.000,9999.000,9999.000,9999.000,9999.000,9999.000
202608010648,   0.688,   1.269,9999.000,9999.000,9999.000,9999.000,9999.000,9999.000,9999.000
202608010654,   0.611,   1.170,9999.000,9999.000,9999.000,9999.000,9999.000,9999.000,9999.000
202608010700,   0.541,   1.079,   0.400,   0.138,   1.079,   0.300,   0.979,   0.400,   1.079
202608010706,   0.476,   0.961,9999.000,9999.000,9999.000,9999.000,9999.000,9999.000,9999.000
202608010712,   0.417,   0.869,9999.000,9999.000,9999.000,9999.000,9999.000,9999.000,9999.000
202608010718,   0.364,   0.751,9999.000,9999.000,9999.000,9999.000,9999.000,9999.000,9999.000
202608010724,   0.318,   0.760,9999.000,9999.000,9999.000,9999.000,9999.000,9999.000,9999.000
202608010730,   0.278,   0.698,9999.000,9999.000,9999.000,9999.000,9999.000,9999.000,9999.000
202608010736,   0.245,   0.659,9999.000,9999.000,9999.000,9999.000,9999.000,9999.000,9999.000
202608010742,   0.219,   0.688,9999.000,9999.000,9999.000,9999.000,9999.000,9999.000,9999.000
202608010748,   0.200,   0.718,9999.000,9999.000,9999.000,9999.000,9999.000,9999.000,9999.000
202608010754,   0.189,   0.741,9999.000,9999.000,9999.000,9999.000,9999.000,9999.000,9999.000
202608010800,   0.184,   0.678,   0.400,   0.094,   0.678,   0.400,   0.678,   0.400,   0.678
202608010806,   0.187,   0.629,9999.000,9999.000,9999.000,9999.000,9999.000,9999.000,9999.000
202608010812,   0.198,   0.718,9999.000,9999.000,9999.000,9999.000,9999.000,9999.000,9999.000
202608010818,   0.215,   0.770,9999.000,9999.000,9999.000,9999.000,9999.000,9999.000,9999.000
202608010824,   0.240,   0.800,9999.000,9999.000,9999.000,9999.000,9999.000,9999.000,9999.000
202608010830,   0.272,   0.869,9999.000,9999.000,9999.000,9999.000,9999.000,9999.000,9999.000
202608010836,   0.311,   0.800,9999.000,9999.000,9999.000,9999.000,9999.000,9999.000,9999.000
202608010842,   0.357,   0.928,9999.000,9999.000,9999.000,9999.000,9999.000,9999.000,9999.000
202608010848,   0.409,   0.888,9999.000,9999.000,9999.000,9999.000,9999.000,9999.000,9999.000
202608010854,   0.469,   1.059,9999.000,9999.000,9999.000,9999.000,9999.000,9999.000,9999.000
202608010900,   0.534,   1.138,   0.400,   0.204,   1.138,   0.400,   1.138,   0.400,   1.138
202608010906,   0.606,   1.239,9999.000,9999.000,9999.000,9999.000,9999.000,9999.000,9999.000
202608010912,   0.684,   1.269,9999.000,9999.000,9999.000,9999.000,9999.000,9999.000,9999.000
202608010918,   0.767,   1.348,9999.000,9999.000,9999.000,9999.000,9999.000,9999.000,9999.000
202608010924,   0.856,   1.518,9999.000,9999.000,9999.000,9999.000,9999.000,9999.000,9999.000
202608010930,   0.949,   1.669,9999.000,9999.000,9999.000,9999.000,9999.000,9999.000,9999.000
202608010936,   1.047,   1.790,9999.000,9999.000,9999.000,9999.000,9999.000,9999.000,9999.000
202608010942,   1.150,   1.800,9999.000,9999.000,9999.000,9999.000,9999.000,9999.000,9999.000
202608010948,   1.257,   1.869,9999.000,9999.000,9999.000,9999.000,9999.000,9999.000,9999.000
202608010954,   1.367,   1.990,9999.000,9999.000,9999.000,9999.000,9999.000,9999.000,9999.000
202608011000,   1.481,   2.220,   0.400,   0.339,   2.220,   0.400,   2.220,   0.400,   2.220
202608011006,   1.597,   2.240,9999.000,9999.000,9999.000,9999.000,9999.000,9999.000,9999.000
202608011012,   1.716,   2.479,9999.000,9999.000,9999.000,9999.000,9999.000,9999.000,9999.000
202608011018,   1.837,   2.578,9999.000,9999.000,9999.000,9999.000,9999.000,9999.000,9999.000
202608011024,   1.960,   2.669,9999.000,9999.000,9999.000,9999.000,9999.000,9999.000,9999.000
202608011030,   2.085,   2.820,9999.000,9999.000,9999.000,9999.000,9999.000,9999.000,9999.000
202608011036,   2.210,   2.899,9999.000,9999.000,9999.000,9999.000,9999.000,9999.000,9999.000
202608011042,   2.336,   2.978,9999.000,9999.000,9999.000,9999.000,9999.000,9999.000,9999.000
202608011048,   2.463,   3.168,9999.000,9999.000,9999.000,9999.000,9999.000,9999.000,9999.000
202608011054,   2.589,   3.319,9999.000,9999.000,9999.000,9999.000,9999.000,9999.000,9999.000
202608011100,   2.715,   3.558,   0.400,   0.443,   3.558,   0.400,   3.558,   0.400,   3.558
202608011106,   2.840,   3.578,9999.000,9999.000,9999.000,9999.000,9999.000,9999.000,9999.000
202608011112,   2.963,   3.689,9999.000,9999.000,9999.000,9999.000,9999.000,9999.000,9999.000
202608011118,   3.085,   3.758,9999.000,9999.000,9999.000,9999.000,9999.000,9999.000,9999.000
202608011124,   3.206,   4.506,9999.000,9999.000,9999.000,9999.000,9999.000,9999.000,9999.000
202608011130,   3.324,9999.000,9999.000,9999.000,9999.000,9999.000,9999.000,9999.000,9999.000
202608011136,   3.439,9999.000,9999.000,9999.000,9999.000,9999.000,9999.000,9999.000,9999.000
202608011142,   3.551,   4.218,9999.000,9999.000,9999.000,9999.000,9999.000,9999.000,9999.000
202608011148,   3.661,   4.339,9999.000,9999.000,9999.000,9999.000,9999.000,9999.000,9999.000
202608011154,   3.766,   4.437,9999.000,9999.000,9999.000,9999.000,9999.000,9999.000,9999.000
202608011200,   3.868,   4.509,   0.300,   0.341,   4.509,   0.300,   4.509,   0.400,   4.609
202608011206,   3.966,   4.490,9999.000,9999.000,9999.000,9999.000,9999.000,9999.000,9999.000
202608011212,   4.060,   4.598,9999.000,9999.000,9999.000,9999.000,9999.000,9999.000,9999.000
202608011218,   4.149,   4.719,9999.000,9999.000,9999.000,9999.000,9999.000,9999.000,9999.000
202608011224,   4.233,   4.847,9999.000,9999.000,9999.000,9999.000,9999.000,9999.000,9999.000
202608011230,   4.312,   4.877,9999.000,9999.000,9999.000,9999.000,9999.000,9999.000,9999.000
202608011236,   4.386,   5.028,9999.000,9999.000,9999.000,9999.000,9999.000,9999.000,9999.000
202608011242,   4.454,   5.057,9999.000,9999.000,9999.000,9999.000,9999.000,9999.000,9999.000
202608011248,   4.517,   4.939,9999.000,9999.000,9999.000,9999.000,9999.000,9999.000,9999.000
202608011254,   4.574,   5.038,9999.000,9999.000,9999.000,9999.000,9999.000,9999.000,9999.000
202608011300,   4.626,   5.038,   0.300,   0.112,   5.038,   0.300,   5.038,   0.400,   5.138
202608011306,   4.671,   5.208,9999.000,9999.000,9999.000,9999.000,9999.000,9999.000,9999.000
202608011312,   4.711,   5.257,9999.000,9999.000,9999.000,9999.000,9999.000,9999.000,9999.000
202608011318,   4.744,   5.247,9999.000,9999.000,9999.000,9999.000,9999.000,9999.000,9999.000
202608011324,   4.772,   5.238,9999.000,9999.000,9999.000,9999.000,9999.000,9999.000,9999.000
202608011330,   4.793,   5.247,9999.000,9999.000,9999.000,9999.000,9999.000,9999.000,9999.000
202608011336,   4.808,   5.218,9999.000,9999.000,9999.000,9999.000,9999.000,9999.000,9999.000
202608011342,   4.817,   5.218,9999.000,9999.000,9999.000,9999.000,9999.000,9999.000,9999.000
202608011348,   4.820,   5.188,9999.000,9999.000,9999.000,9999.000,9999.000,9999.000,9999.000
202608011354,   4.817,   5.329,9999.000,9999.000,9999.000,9999.000,9999.000,9999.000,9999.000
202608011400,   4.808,   5.297,   0.400,   0.089,   5.297,   0.300,   5.197,   0.400,   5.297
202608011406,   4.794,   5.169,9999.000,9999.000,9999.000,9999.000,9999.000,9999.000,9999.000
202608011412,   4.773,   5.218,9999.000,9999.000,9999.000,9999.000,9999.000,9999.000,9999.000
202608011418,   4.748,   5.228,9999.000,9999.000,9999.000,9999.000,9999.000,9999.000,9999.000
202608011424,   4.717,   5.228,9999.000,9999.000,9999.000,9999.000,9999.000,9999.000,9999.000
202608011430,   4.680,   5.179,9999.000,9999.000,9999.000,9999.000,9999.000,9999.000,9999.000
202608011436,   4.639,   5.087,9999.000,9999.000,9999.000,9999.000,9999.000,9999.000,9999.000
202608011442,   4.593,   5.097,9999.000,9999.000,9999.000,9999.000,9999.000,9999.000,9999.000
202608011448,   4.542,   5.008,9999.000,9999.000,9999.000,9999.000,9999.000,9999.000,9999.000
202608011454,   4.487,   4.877,9999.000,9999.000,9999.000,9999.000,9999.000,9999.000,9999.000
202608011500,   4.428,   4.828,   0.400,   0.000,   4.828,   0.300,   4.728,   0.400,   4.828
202608011506,   4.365,   4.729,9999.000,9999.000,9999.000,9999.000,9999.000,9999.000,9999.000
202608011512,   4.298,   4.749,9999.000,9999.000,9999.000,9999.000,9999.000,9999.000,9999.000
202608011518,   4.227,   4.598,9999.000,9999.000,9999.000,9999.000,9999.000,9999.000,9999.000
202608011524,   4.153,   4.559,9999.000,9999.000,9999.000,9999.000,9999.000,9999.000,9999.000
202608011530,   4.076,   4.437,9999.000,9999.000,9999.000,9999.000,9999.000,9999.000,9999.000
202608011536,   3.996,   4.408,9999.000,9999.000,9999.000,9999.000,9999.000,9999.000,9999.000
202608011542,   3.914,   4.257,9999.000,9999.000,9999.000,9999.000,9999.000,9999.000,9999.000
202608011548,   3.828,   4.159,9999.000,9999.000,9999.000,9999.000,9999.000,9999.000,9999.000
202608011554,   3.741,   4.198,9999.000,9999.000,9999.000,9999.000,9999.000,9999.000,9999.000
202608011600,   3.651,   4.119,   0.400,   0.068,   4.119,   0.400,   4.119,   0.500,   4.219
202608011606,   3.560,   3.978,9999.000,9999.000,9999.000,9999.000,9999.000,9999.000,9999.000
202608011612,   3.467,   3.939,9999.000,9999.000,9999.000,9999.000,9999.000,9999.000,9999.000
202608011618,   3.372,   3.778,9999.000,9999.000,9999.000,9999.000,9999.000,9999.000,9999.000
202608011624,   3.276,   3.739,9999.000,9999.000,9999.000,9999.000,9999.000,9999.000,9999.000
202608011630,   3.178,   3.680,9999.000,9999.000,9999.000,9999.000,9999.000,9999.000,9999.000
202608011636,   3.080,   3.598,9999.000,9999.000,9999.000,9999.000,9999.000,9999.000,9999.000
202608011642,   2.981,   3.460,9999.000,9999.000,9999.000,9999.000,9999.000,9999.000,9999.000
202608011648,   2.881,   3.417,9999.000,9999.000,9999.000,9999.000,9999.000,9999.000,9999.000
202608011654,   2.780,   3.339,9999.000,9999.000,9999.000,9999.000,9999.000,9999.000,9999.000
202608011700,   2.679,   3.319,   0.400,   0.240,   3.319,   0.300,   3.219,   0.500,   3.419
202608011706,   2.578,   3.309,9999.000,9999.000,9999.000,9999.000,9999.000,9999.000,9999.000
202608011712,   2.477,   3.178,9999.000,9999.000,9999.000,9999.000,9999.000,9999.000,9999.000
202608011718,   2.376,   3.050,9999.000,9999.000,9999.000,9999.000,9999.000,9999.000,9999.000
202608011724,   2.276,   2.909,9999.000,9999.000,9999.000,9999.000,9999.000,9999.000,9999.000
202608011730,   2.176,   2.830,9999.000,9999.000,9999.000,9999.000,9999.000,9999.000,9999.000
202608011736,   2.076,   2.689,9999.000,9999.000,9999.000,9999.000,9999.000,9999.000,9999.000
202608011742,   1.978,   2.587,9999.000,9999.000,9999.000,9999.000,9999.000,9999.000,9999.000
202608011748,   1.881,   2.528,9999.000,9999.000,9999.000,9999.000,9999.000,9999.000,9999.000
202608011754,   1.785,   2.440,9999.000,9999.000,9999.000,9999.000,9999.000,9999.000,9999.000
202608011800,   1.690,   2.368,   0.400,   0.278,   2.368,   0.300,   2.268,   0.500,   2.468
202608011806,   1.598,   2.259,9999.000,9999.000,9999.000,9999.000,9999.000,9999.000,9999.000
202608011812,   1.507,   2.177,9999.000,9999.000,9999.000,9999.000,9999.000,9999.000,9999.000
202608011818,   1.419,   2.030,9999.000,9999.000,9999.000,9999.000,9999.000,9999.000,9999.000
202608011824,   1.333,   1.918,9999.000,9999.000,9999.000,9999.000,9999.000,9999.000,9999.000
202608011830,   1.250,   1.800,9999.000,9999.000,9999.000,9999.000,9999.000,9999.000,9999.000
202608011836,   1.170,   1.679,9999.000,9999.000,9999.000,9999.000,9999.000,9999.000,9999.000
202608011842,   1.094,   1.659,9999.000,9999.000,9999.000,9999.000,9999.000,9999.000,9999.000
202608011848,   1.021,   1.580,9999.000,9999.000,9999.000,9999.000,9999.000,9999.000,9999.000
202608011854,   0.952,   1.489,9999.000,9999.000,9999.000,9999.000,9999.000,9999.000,9999.000
202608011900,   0.887,   1.390,   0.500,   0.003,   1.390,   0.400,   1.290,   0.500,   1.390
202608011906,   0.826,   1.328,9999.000,9999.000,9999.000,9999.000,9999.000,9999.000,9999.000
202608011912,   0.770,   1.308,9999.000,9999.000,9999.000,9999.000,9999.000,9999.000,9999.000
202608011918,   0.719,   1.210,9999.000,9999.000,9999.000,9999.000,9999.000,9999.000,9999.000
202608011924,   0.673,   1.229,9999.000,9999.000,9999.000,9999.000,9999.000,9999.000,9999.000
202608011930,   0.633,   1.220,9999.000,9999.000,9999.000,9999.000,9999.000,9999.000,9999.000
202608011936,   0.598,   1.170,9999.000,9999.000,9999.000,9999.000,9999.000,9999.000,9999.000
202608011942,   0.568,   1.098,9999.000,9999.000,9999.000,9999.000,9999.000,9999.000,9999.000
202608011948,   0.545,   1.180,9999.000,9999.000,9999.000,9999.000,9999.000,9999.000,9999.000
202608011954,   0.527,   1.170,9999.000,9999.000,9999.000,9999.000,9999.000,9999.000,9999.000
202608012000,   0.516,   1.069,   0.500,   0.053,   1.069,   0.400,   0.969,   0.500,   1.069
202608012006,   0.511,   1.079,9999.000,9999.000,9999.000,9999.000,9999.000,9999.000,9999.000
202608012012,   0.513,   1.029,9999.000,9999.000,9999.000,9999.000,9999.000,9999.000,9999.000
202608012018,   0.521,   1.029,9999.000,9999.000,9999.000,9999.000,9999.000,9999.000,9999.000
202608012024,   0.535,   1.108,9999.000,9999.000,9999.000,9999.000,9999.000,9999.000,9999.000
202608012030,   0.556,   1.210,9999.000,9999.000,9999.000,9999.000,9999.000,9999.000,9999.000
202608012036,   0.583,   1.170,9999.000,9999.000,9999.000,9999.000,9999.000,9999.000,9999.000
202608012042,   0.617,   1.151,9999.000,9999.000,9999.000,9999.000,9999.000,9999.000,9999.000
202608012048,   0.658,   1.259,9999.000,9999.000,9999.000,9999.000,9999.000,9999.000,9999.000
202608012054,   0.704,   1.308,9999.000,9999.000,9999.000,9999.000,9999.000,9999.000,9999.000
202608012100,   0.757,   1.390,   0.500,   0.133,   1.390,   0.400,   1.290,   0.500,   1.390
202608012106,   0.816,   1.479,9999.000,9999.000,9999.000,9999.000,9999.000,9999.000,9999.000
202608012112,   0.881,   1.639,9999.000,9999.000,9999.000,9999.000,9999.000,9999.000,9999.000
202608012118,   0.952,   1.600,9999.000,9999.000,9999.000,9999.000,9999.000,9999.000,9999.000
202608012124,   1.028,   1.679,9999.000,9999.000,9999.000,9999.000,9999.000,9999.000,9999.000
202608012130,   1.109,   1.748,9999.000,9999.000,9999.000,9999.000,9999.000,9999.000,9999.000
202608012136,   1.196,   1.918,9999.000,9999.000,9999.000,9999.000,9999.000,9999.000,9999.000
202608012142,   1.287,   1.879,9999.000,9999.000,9999.000,9999.000,9999.000,9999.000,9999.000
202608012148,   1.383,   2.010,9999.000,9999.000,9999.000,9999.000,9999.000,9999.000,9999.000
202608012154,   1.484,   2.177,9999.000,9999.000,9999.000,9999.000,9999.000,9999.000,9999.000
202608012200,   1.588,   2.299,   0.500,   0.211,   2.299,   0.400,   2.199,   0.600,   2.399
202608012206,   1.696,   2.377,9999.000,9999.000,9999.000,9999.000,9999.000,9999.000,9999.000
202608012212,   1.807,   2.469,9999.000,9999.000,9999.000,9999.000,9999.000,9999.000,9999.000
202608012218,   1.921,   2.528,9999.000,9999.000,9999.000,9999.000,9999.000,9999.000,9999.000
202608012224,   2.038,   2.620,9999.000,9999.000,9999.000,9999.000,9999.000,9999.000,9999.000
202608012230,   2.157,   2.719,9999.000,9999.000,9999.000,9999.000,9999.000,9999.000,9999.000
202608012236,   2.278,   2.840,9999.000,9999.000,9999.000,9999.000,9999.000,9999.000,9999.000
202608012242,   2.401,   3.060,9999.000,9999.000,9999.000,9999.000,9999.000,9999.000,9999.000
202608012248,   2.526,   3.158,9999.000,9999.000,9999.000,9999.000,9999.000,9999.000,9999.000
202608012254,   2.651,   3.230,9999.000,9999.000,9999.000,9999.000,9999.000,9999.000,9999.000
202608012300,   2.777,   3.440,   0.500,   0.163,   3.440,   0.400,   3.340,   0.600,   3.540
202608012306,   2.903,   3.627,9999.000,9999.000,9999.000,9999.000,9999.000,9999.000,9999.000
202608012312,   3.029,   3.788,9999.000,9999.000,9999.000,9999.000,9999.000,9999.000,9999.000
202608012318,   3.154,   4.057,9999.000,9999.000,9999.000,9999.000,9999.000,9999.000,9999.000
202608012324,   3.279,   4.070,9999.000,9999.000,9999.000,9999.000,9999.000,9999.000,9999.000
202608012330,   3.403,   4.208,9999.000,9999.000,9999.000,9999.000,9999.000,9999.000,9999.000
202608012336,   3.525,   4.447,9999.000,9999.000,9999.000,9999.000,9999.000,9999.000,9999.000
202608012342,   3.645,   4.447,9999.000,9999.000,9999.000,9999.000,9999.000,9999.000,9999.000
202608012348,   3.763,   4.569,9999.000,9999.000,9999.000,9999.000,9999.000,9999.000,9999.000
202608012354,   3.879,   4.608,9999.000,9999.000,9999.000,9999.000,9999.000,9999.000,9999.000
202608020000,   3.993,   4.798,   0.300,   0.505,   4.798,   0.300,   4.798,   0.400,   4.898
202608020006,   4.103,   4.877,9999.000,9999.000,9999.000,9999.000,9999.000,9999.000,9999.000
202608020012,   4.210,   4.939,9999.000,9999.000,9999.000,9999.000,9999.000,9999.000,9999.000
202608020018,   4.313,   5.028,9999.000,9999.000,9999.000,9999.000,9999.000,9999.000,9999.000
202608020024,   4.412,   5.169,9999.000,9999.000,9999.000,9999.000,9999.000,9999.000,9999.000
202608020030,   4.508,   5.247,9999.000,9999.000,9999.000,9999.000,9999.000,9999.000,9999.000
202608020036,   4.599,   5.218,9999.000,9999.000,9999.000,9999.000,9999.000,9999.000,9999.000
202608020042,   4.685,   5.389,9999.000,9999.000,9999.000,9999.000,9999.000,9999.000,9999.000
202608020048,   4.767,   5.549,9999.000,9999.000,9999.000,9999.000,9999.000,9999.000,9999.000
202608020054,   4.843,   5.638,9999.000,9999.000,9999.000,9999.000,9999.000,9999.000,9999.000
202608020100,   4.914,   5.608,   0.300,   0.394,   5.608,   0.300,   5.608,   0.400,   5.708
202608020106,   4.980,   5.759,9999.000,9999.000,9999.000,9999.000,9999.000,9999.000,9999.000
202608020112,   5.041,   5.828,9999.000,9999.000,9999.000,9999.000,9999.000,9999.000,9999.000
202608020118,   5.096,   5.789,9999.000,9999.000,9999.000,9999.000,9999.000,9999.000,9999.000
202608020124,   5.145,   5.917,9999.000,9999.000,9999.000,9999.000,9999.000,9999.000,9999.000
202608020130,   5.188,   5.818,9999.000,9999.000,9999.000,9999.000,9999.000,9999.000,9999.000
202608020136,   5.225,   5.989,9999.000,9999.000,9999.000,9999.000,9999.000,9999.000,9999.000
202608020142,   5.256,   5.897,9999.000,9999.000,9999.000,9999.000,9999.000,9999.000,9999.000
202608020148,   5.280,   5.887,9999.000,9999.000,9999.000,9999.000,9999.000,9999.000,9999.000
202608020154,   5.299,   5.949,9999.000,9999.000,9999.000,9999.000,9999.000,9999.000,9999.000
202608020200,   5.312,   5.989,   0.300,   0.377,   5.989,   0.300,   5.989,   0.400,   6.089
202608020206,   5.318,   5.959,9999.000,9999.000,9999.000,9999.000,9999.000,9999.000,9999.000
202608020212,   5.318,   5.897,9999.000,9999.000,9999.000,9999.000,9999.000,9999.000,9999.000
202608020218,   5.313,   5.897,9999.000,9999.000,9999.000,9999.000,9999.000,9999.000,9999.000
202608020224,   5.301,   5.959,9999.000,9999.000,9999.000,9999.000,9999.000,9999.000,9999.000
202608020230,   5.283,   5.907,9999.000,9999.000,9999.000,9999.000,9999.000,9999.000,9999.000
202608020236,   5.259,   5.877,9999.000,9999.000,9999.000,9999.000,9999.000,9999.000,9999.000
202608020242,   5.230,   5.989,9999.000,9999.000,9999.000,9999.000,9999.000,9999.000,9999.000
202608020248,   5.195,   5.808,9999.000,9999.000,9999.000,9999.000,9999.000,9999.000,9999.000
202608020254,   5.154,   5.717,9999.000,9999.000,9999.000,9999.000,9999.000,9999.000,9999.000
202608020300,   5.108,   5.759,   0.300,   0.351,   5.759,   0.300,   5.759,   0.300,   5.759
202608020306,   5.057,   5.628,9999.000,9999.000,9999.000,9999.000,9999.000,9999.000,9999.000
202608020312,   5.000,   5.549,9999.000,9999.000,9999.000,9999.000,9999.000,9999.000,9999.000
202608020318,   4.939,   5.379,9999.000,9999.000,9999.000,9999.000,9999.000,9999.000,9999.000
202608020324,   4.873,   5.369,9999.000,9999.000,9999.000,9999.000,9999.000,9999.000,9999.000
202608020330,   4.803,   5.379,9999.000,9999.000,9999.000,9999.000,9999.000,9999.000,9999.000
202608020336,   4.728,   5.179,9999.000,9999.000,9999.000,9999.000,9999.000,9999.000,9999.000
202608020342,   4.649,   5.097,9999.000,9999.000,9999.000,9999.000,9999.000,9999.000,9999.000
202608020348,   4.566,   4.959,9999.000,9999.000,9999.000,9999.000,9999.000,9999.000,9999.000
202608020354,   4.479,   4.877,9999.000,9999.000,9999.000,9999.000,9999.000,9999.000,9999.000
202608020400,   4.388,   4.710,   0.200,   0.122,   4.710,   0.200,   4.710,   0.300,   4.810
202608020406,   4.294,   4.719,9999.000,9999.000,9999.000,9999.000,9999.000,9999.000,9999.000
202608020412,   4.197,   4.539,9999.000,9999.000,9999.000,9999.000,9999.000,9999.000,9999.000
202608020418,   4.097,   4.500,9999.000,9999.000,9999.000,9999.000,9999.000,9999.000,9999.000
202608020424,   3.994,   4.398,9999.000,9999.000,9999.000,9999.000,9999.000,9999.000,9999.000
202608020430,   3.888,   4.359,9999.000,9999.000,9999.000,9999.000,9999.000,9999.000,9999.000
202608020436,   3.779,   4.300,9999.000,9999.000,9999.000,9999.000,9999.000,9999.000,9999.000
202608020442,   3.669,   4.227,9999.000,9999.000,9999.000,9999.000,9999.000,9999.000,9999.000
202608020448,   3.556,   4.159,9999.000,9999.000,9999.000,9999.000,9999.000,9999.000,9999.000
202608020454,   3.442,   4.057,9999.000,9999.000,9999.000,9999.000,9999.000,9999.000,9999.000
202608020500,   3.325,   3.998,   0.200,   0.473,   3.998,   0.100,   3.898,   0.300,   4.098
202608020506,   3.208,   3.899,9999.000,9999.000,9999.000,9999.000,9999.000,9999.000,9999.000
202608020512,   3.089,   3.788,9999.000,9999.000,9999.000,9999.000,9999.000,9999.000,9999.000
202608020518,   2.969,   3.637,9999.000,9999.000,9999.000,9999.000,9999.000,9999.000,9999.000
202608020524,   2.848,   3.489,9999.000,9999.000,9999.000,9999.000,9999.000,9999.000,9999.000
202608020530,   2.726,   3.427,9999.000,9999.000,9999.000,9999.000,9999.000,9999.000,9999.000
202608020536,   2.604,   3.309,9999.000,9999.000,9999.000,9999.000,9999.000,9999.000,9999.000
202608020542,   2.482,   3.119,9999.000,9999.000,9999.000,9999.000,9999.000,9999.000,9999.000
202608020548,   2.360,   3.099,9999.000,9999.000,9999.000,9999.000,9999.000,9999.000,9999.000
202608020554,   2.239,   3.017,9999.000,9999.000,9999.000,9999.000,9999.000,9999.000,9999.000
202608020600,   2.118,   2.899,   0.200,   0.581,   2.899,   0.100,   2.799,   0.300,   2.999
202608020606,   1.997,   2.738,9999.000,9999.000,9999.000,9999.000,9999.000,9999.000,9999.000
202608020612,   1.878,   2.610,9999.000,9999.000,9999.000,9999.000,9999.000,9999.000,9999.000
202608020618,   1.761,   2.368,9999.000,9999.000,9999.000,9999.000,9999.000,9999.000,9999.000
202608020624,   1.645,   2.299,9999.000,9999.000,9999.000,9999.000,9999.000,9999.000,9999.000
202608020630,   1.531,   2.309,9999.000,9999.000,9999.000,9999.000,9999.000,9999.000,9999.000
202608020636,   1.419,   2.148,9999.000,9999.000,9999.000,9999.000,9999.000,9999.000,9999.000
202608020642,   1.310,   2.010,9999.000,9999.000,9999.000,9999.000,9999.000,9999.000,9999.000
202608020648,   1.204,   1.918,9999.000,9999.000,9999.000,9999.000,9999.000,9999.000,9999.000
202608020654,   1.101,   1.708,9999.000,9999.000,9999.000,9999.000,9999.000,9999.000,9999.000
202608020700,   1.002,   1.639,   0.200,   0.437,   1.639,   0.200,   1.639,   0.300,   1.739
202608020706,   0.907,   1.518,9999.000,9999.000,9999.000,9999.000,9999.000,9999.000,9999.000
202608020712,   0.816,   1.390,9999.000,9999.000,9999.000,9999.000,9999.000,9999.000,9999.000
202608020718,   0.729,   1.361,9999.000,9999.000,9999.000,9999.000,9999.000,9999.000,9999.000
202608020724,   0.647,   1.259,9999.000,9999.000,9999.000,9999.000,9999.000,9999.000,9999.000
202608020730,   0.570,   1.229,9999.000,9999.000,9999.000,9999.000,9999.000,9999.000,9999.000
202608020736,   0.499,   1.210,9999.000,9999.000,9999.000,9999.000,9999.000,9999.000,9999.000
202608020742,   0.433,   1.108,9999.000,9999.000,9999.000,9999.000,9999.000,9999.000,9999.000
202608020748,   0.374,   1.118,9999.000,9999.000,9999.000,9999.000,9999.000,9999.000,9999.000
202608020754,   0.320,   1.059,9999.000,9999.000,9999.000,9999.000,9999.000,9999.000,9999.000
202608020800,   0.273,   1.088,   0.200,   0.615,   1.088,   0.200,   1.088,   0.300,   1.188
202608020806,   0.233,   1.138,9999.000,9999.000,9999.000,9999.000,9999.000,9999.000,9999.000
202608020812,   0.199,   1.170,9999.000,9999.000,9999.000,9999.000,9999.000,9999.000,9999.000
202608020818,   0.172,   1.069,9999.000,9999.000,9999.000,9999.000,9999.000,9999.000,9999.000
202608020824,   0.152,   0.951,9999.000,9999.000,9999.000,9999.000,9999.000,9999.000,9999.000
202608020830,   0.140,   0.790,9999.000,9999.000,9999.000,9999.000,9999.000,9999.000,9999.000
202608020836,   0.134,   0.829,9999.000,9999.000,9999.000,9999.000,9999.000,9999.000,9999.000
202608020842,   0.136,   0.859,9999.000,9999.000,9999.000,9999.000,9999.000,9999.000,9999.000
202608020848,   0.146,   0.869,9999.000,9999.000,9999.000,9999.000,9999.000,9999.000,9999.000
202608020854,   0.162,   0.908,9999.000,9999.000,9999.000,9999.000,9999.000,9999.000,9999.000
202608020900,   0.186,   0.849,   0.200,   0.463,   0.849,   0.200,   0.849,   0.300,   0.949
202608020906,   0.218,   0.760,9999.000,9999.000,9999.000,9999.000,9999.000,9999.000,9999.000
202608020912,   0.256,   0.688,9999.000,9999.000,9999.000,9999.000,9999.000,9999.000,9999.000
202608020918,   0.301,   0.810,9999.000,9999.000,9999.000,9999.000,9999.000,9999.000,9999.000
202608020924,   0.354,   0.908,9999.000,9999.000,9999.000,9999.000,9999.000,9999.000,9999.000
202608020930,   0.413,   0.869,9999.000,9999.000,9999.000,9999.000,9999.000,9999.000,9999.000
202608020936,   0.478,   0.941,9999.000,9999.000,9999.000,9999.000,9999.000,9999.000,9999.000
202608020942,   0.550,   1.000,9999.000,9999.000,9999.000,9999.000,9999.000,9999.000,9999.000
202608020948,   0.628,   0.951,9999.000,9999.000,9999.000,9999.000,9999.000,9999.000,9999.000
202608020954,   0.712,   1.098,9999.000,9999.000,9999.000,9999.000,9999.000,9999.000,9999.000
202608021000,   0.802,   1.308,   0.200,   0.306,   1.308,   0.100,   1.208,   0.200,   1.308
202608021006,   0.896,   1.390,9999.000,9999.000,9999.000,9999.000,9999.000,9999.000,9999.000
202608021012,   0.996,   1.420,9999.000,9999.000,9999.000,9999.000,9999.000,9999.000,9999.000
202608021018,   1.100,   1.528,9999.000,9999.000,9999.000,9999.000,9999.000,9999.000,9999.000
202608021024,   1.208,   1.580,9999.000,9999.000,9999.000,9999.000,9999.000,9999.000,9999.000
202608021030,   1.320,   1.728,9999.000,9999.000,9999.000,9999.000,9999.000,9999.000,9999.000
202608021036,   1.436,   1.718,9999.000,9999.000,9999.000,9999.000,9999.000,9999.000,9999.000
202608021042,   1.555,   1.948,9999.000,9999.000,9999.000,9999.000,9999.000,9999.000,9999.000
202608021048,   1.676,   2.069,9999.000,9999.000,9999.000,9999.000,9999.000,9999.000,9999.000
202608021054,   1.800,   2.210,9999.000,9999.000,9999.000,9999.000,9999.000,9999.000,9999.000
202608021100,   1.926,   2.348,   0.100,   0.322,   2.348,   0.100,   2.348,   0.200,   2.448
202608021106,   2.053,   2.538,9999.000,9999.000,9999.000,9999.000,9999.000,9999.000,9999.000
202608021112,   2.182,   2.669,9999.000,9999.000,9999.000,9999.000,9999.000,9999.000,9999.000
202608021118,   2.311,   2.758,9999.000,9999.000,9999.000,9999.000,9999.000,9999.000,9999.000
202608021124,   2.441,   2.879,9999.000,9999.000,9999.000,9999.000,9999.000,9999.000,9999.000
202608021130,   2.571,   2.879,9999.000,9999.000,9999.000,9999.000,9999.000,9999.000,9999.000
202608021136,   2.700,   3.070,9999.000,9999.000,9999.000,9999.000,9999.000,9999.000,9999.000
202608021142,   2.829,   3.129,9999.000,9999.000,9999.000,9999.000,9999.000,9999.000,9999.000
202608021148,   2.956,   3.529,9999.000,9999.000,9999.000,9999.000,9999.000,9999.000,9999.000
202608021154,   3.082,   3.578,9999.000,9999.000,9999.000,9999.000,9999.000,9999.000,9999.000
202608021200,   3.206,   3.670,   0.100,   0.364,   3.670,   0.100,   3.670,   0.200,   3.770
202608021206,   3.328,   3.837,9999.000,9999.000,9999.000,9999.000,9999.000,9999.000,9999.000
202608021212,   3.447,   4.070,9999.000,9999.000,9999.000,9999.000,9999.000,9999.000,9999.000
202608021218,   3.564,   4.099,9999.000,9999.000,9999.000,9999.000,9999.000,9999.000,9999.000
202608021224,   3.677,   4.027,9999.000,9999.000,9999.000,9999.000,9999.000,9999.000,9999.000
202608021230,   3.787,   4.047,9999.000,9999.000,9999.000,9999.000,9999.000,9999.000,9999.000
202608021236,   3.893,   4.208,9999.000,9999.000,9999.000,9999.000,9999.000,9999.000,9999.000
202608021242,   3.995,   4.388,9999.000,9999.000,9999.000,9999.000,9999.000,9999.000,9999.000
202608021248,   4.093,   4.529,9999.000,9999.000,9999.000,9999.000,9999.000,9999.000,9999.000
202608021254,   4.187,   4.598,9999.000,9999.000,9999.000,9999.000,9999.000,9999.000,9999.000
202608021300,   4.276,   4.739,   0.100,   0.363,   4.739,   0.000,   4.639,   0.200,   4.839
202608021306,   4.360,   4.847,9999.000,9999.000,9999.000,9999.000,9999.000,9999.000,9999.000
202608021312,   4.438,   4.998,9999.000,9999.000,9999.000,9999.000,9999.000,9999.000,9999.000
202608021318,   4.512,   5.110,9999.000,9999.000,9999.000,9999.000,9999.000,9999.000,9999.000
202608021324,   4.580,   5.159,9999.000,9999.000,9999.000,9999.000,9999.000,9999.000,9999.000
202608021330,   4.642,   5.287,9999.000,9999.000,9999.000,9999.000,9999.000,9999.000,9999.000
202608021336,   4.699,   5.329,9999.000,9999.000,9999.000,9999.000,9999.000,9999.000,9999.000
202608021342,   4.750,   5.179,9999.000,9999.000,9999.000,9999.000,9999.000,9999.000,9999.000
202608021348,   4.796,   5.320,9999.000,9999.000,9999.000,9999.000,9999.000,9999.000,9999.000
202608021354,   4.835,   5.389,9999.000,9999.000,9999.000,9999.000,9999.000,9999.000,9999.000
202608021400,   4.869,   5.467,   0.100,   0.498,   5.467,   0.000,   5.367,   0.100,   5.467
202608021406,   4.896,   5.497,9999.000,9999.000,9999.000,9999.000,9999.000,9999.000,9999.000
202608021412,   4.918,   5.648,9999.000,9999.000,9999.000,9999.000,9999.000,9999.000,9999.000
202608021418,   4.933,   5.516,9999.000,9999.000,9999.000,9999.000,9999.000,9999.000,9999.000
202608021424,   4.943,   5.477,9999.000,9999.000,9999.000,9999.000,9999.000,9999.000,9999.000
202608021430,   4.947,   5.428,9999.000,9999.000,9999.000,9999.000,9999.000,9999.000,9999.000
202608021436,   4.945,   5.467,9999.000,9999.000,9999.000,9999.000,9999.000,9999.000,9999.000
202608021442,   4.937,   5.457,9999.000,9999.000,9999.000,9999.000,9999.000,9999.000,9999.000
202608021448,   4.924,   5.448,9999.000,9999.000,9999.000,9999.000,9999.000,9999.000,9999.000
202608021454,   4.905,   5.448,9999.000,9999.000,9999.000,9999.000,9999.000,9999.000,9999.000
202608021500,   4.881,   5.477,   0.100,   0.496,   5.477,   0.000,   5.377,   0.100,   5.477
202608021506,   4.851,   5.307,9999.000,9999.000,9999.000,9999.000,9999.000,9999.000,9999.000
202608021512,   4.816,   5.339,9999.000,9999.000,9999.000,9999.000,9999.000,9999.000,9999.000
202608021518,   4.777,   5.238,9999.000,9999.000,9999.000,9999.000,9999.000,9999.000,9999.000
202608021524,   4.733,   5.188,9999.000,9999.000,9999.000,9999.000,9999.000,9999.000,9999.000
202608021530,   4.684,   5.277,9999.000,9999.000,9999.000,9999.000,9999.000,9999.000,9999.000
202608021536,   4.630,   5.307,9999.000,9999.000,9999.000,9999.000,9999.000,9999.000,9999.000
202608021542,   4.572,   5.077,9999.000,9999.000,9999.000,9999.000,9999.000,9999.000,9999.000
202608021548,   4.511,   5.179,9999.000,9999.000,9999.000,9999.000,9999.000,9999.000,9999.000
202608021554,   4.445,   5.067,9999.000,9999.000,9999.000,9999.000,9999.000,9999.000,9999.000
202608021600,   4.376,   4.818,   0.000,   0.442,   4.818,   0.000,   4.818,   0.100,   4.918
202608021606,   4.303,   4.710,9999.000,9999.000,9999.000,9999.000,9999.000,9999.000,9999.000
202608021612,   4.227,   4.618,9999.000,9999.000,9999.000,9999.000,9999.000,9999.000,9999.000
202608021618,   4.147,   4.480,9999.000,9999.000,9999.000,9999.000,9999.000,9999.000,9999.000
202608021624,   4.065,   4.437,9999.000,9999.000,9999.000,9999.000,9999.000,9999.000,9999.000
202608021630,   3.980,   4.090,9999.000,9999.000,9999.000,9999.000,9999.000,9999.000,9999.000
202608021636,   3.893,   3.998,9999.000,9999.000,9999.000,9999.000,9999.000,9999.000,9999.000
202608021642,   3.803,   3.958,9999.000,9999.000,9999.000,9999.000,9999.000,9999.000,9999.000
202608021648,   3.711,   3.817,9999.000,9999.000,9999.000,9999.000,9999.000,9999.000,9999.000
202608021654,   3.617,   3.768,9999.000,9999.000,9999.000,9999.000,9999.000,9999.000,9999.000
202608021700,   3.522,   3.758,   0.000,   0.236,   3.758,   0.000,   3.758,   0.100,   3.858
202608021706,   3.424,   3.398,9999.000,9999.000,9999.000,9999.000,9999.000,9999.000,9999.000
202608021712,   3.326,   3.417,9999.000,9999.000,9999.000,9999.000,9999.000,9999.000,9999.000
202608021718,   3.226,   3.260,9999.000,9999.000,9999.000,9999.000,9999.000,9999.000,9999.000
202608021724,   3.125,   3.217,9999.000,9999.000,9999.000,9999.000,9999.000,9999.000,9999.000
202608021730,   3.023,   3.119,9999.000,9999.000,9999.000,9999.000,9999.000,9999.000,9999.000
202608021736,   2.921,   3.060,9999.000,9999.000,9999.000,9999.000,9999.000,9999.000,9999.000
202608021742,   2.818,   2.997,9999.000,9999.000,9999.000,9999.000,9999.000,9999.000,9999.000
202608021748,   2.715,   2.958,9999.000,9999.000,9999.000,9999.000,9999.000,9999.000,9999.000
202608021754,   2.612,   2.807,9999.000,9999.000,9999.000,9999.000,9999.000,9999.000,9999.000
202608021800,   2.509,   2.748,   0.100,   0.139,   2.748,   0.000,   2.648,   0.200,   2.848
202608021806,   2.406,   2.669,9999.000,9999.000,9999.000,9999.000,9999.000,9999.000,9999.000
202608021812,   2.304,   2.410,9999.000,9999.000,9999.000,9999.000,9999.000,9999.000,9999.000
202608021818,   2.203,   2.548,9999.000,9999.000,9999.000,9999.000,9999.000,9999.000,9999.000
202608021824,   2.103,   2.328,9999.000,9999.000,9999.000,9999.000,9999.000,9999.000,9999.000
202608021830,   2.003,   2.148,9999.000,9999.000,9999.000,9999.000,9999.000,9999.000,9999.000
202608021836,   1.906,   1.990,9999.000,9999.000,9999.000,9999.000,9999.000,9999.000,9999.000
202608021842,   1.810,   1.918,9999.000,9999.000,9999.000,9999.000,9999.000,9999.000,9999.000
202608021848,   1.716,   1.728,9999.000,9999.000,9999.000,9999.000,9999.000,9999.000,9999.000
202608021854,   1.624,   1.557,9999.000,9999.000,9999.000,9999.000,9999.000,9999.000,9999.000
202608021900,   1.534,   1.600,   0.100,  -0.034,   1.600,   0.000,   1.500,   0.200,   1.700
202608021906,   1.448,   1.498,9999.000,9999.000,9999.000,9999.000,9999.000,9999.000,9999.000
202608021912,   1.364,   1.400,9999.000,9999.000,9999.000,9999.000,9999.000,9999.000,9999.000
202608021918,   1.283,   1.298,9999.000,9999.000,9999.000,9999.000,9999.000,9999.000,9999.000
202608021924,   1.206,   1.249,9999.000,9999.000,9999.000,9999.000,9999.000,9999.000,9999.000
202608021930,   1.132,   1.190,9999.000,9999.000,9999.000,9999.000,9999.000,9999.000,9999.000
202608021936,   1.063,   1.190,9999.000,9999.000,9999.000,9999.000,9999.000,9999.000,9999.000
202608021942,   0.997,   1.161,9999.000,9999.000,9999.000,9999.000,9999.000,9999.000,9999.000
202608021948,   0.936,   1.128,9999.000,9999.000,9999.000,9999.000,9999.000,9999.000,9999.000
202608021954,   0.880,   1.098,9999.000,9999.000,9999.000,9999.000,9999.000,9999.000,9999.000
202608022000,   0.828,   1.039,   0.100,   0.111,   1.039,   0.000,   0.939,   0.200,   1.139
202608022006,   0.782,   1.010,9999.000,9999.000,9999.000,9999.000,9999.000,9999.000,9999.000
202608022012,   0.741,   0.970,9999.000,9999.000,9999.000,9999.000,9999.000,9999.000,9999.000
202608022018,   0.705,   1.020,9999.000,9999.000,9999.000,9999.000,9999.000,9999.000,9999.000
202608022024,   0.675,   1.000,9999.000,9999.000,9999.000,9999.000,9999.000,9999.000,9999.000
202608022030,   0.651,   1.059,9999.000,9999.000,9999.000,9999.000,9999.000,9999.000,9999.000
202608022036,   0.632,   1.088,9999.000,9999.000,9999.000,9999.000,9999.000,9999.000,9999.000
202608022042,   0.620,   1.079,9999.000,9999.000,9999.000,9999.000,9999.000,9999.000,9999.000
202608022048,   0.614,   1.049,9999.000,9999.000,9999.000,9999.000,9999.000,9999.000,9999.000
202608022054,   0.614,   1.059,9999.000,9999.000,9999.000,9999.000,9999.000,9999.000,9999.000
202608022100,   0.621,   1.079,   0.100,   0.358,   1.079,   0.000,   0.979,   0.200,   1.179
202608022106,   0.633,   1.118,9999.000,9999.000,9999.000,9999.000,9999.000,9999.000,9999.000
202608022112,   0.652,   1.098,9999.000,9999.000,9999.000,9999.000,9999.000,9999.000,9999.000
202608022118,   0.678,   1.010,9999.000,9999.000,9999.000,9999.000,9999.000,9999.000,9999.000
202608022124,   0.709,   1.010,9999.000,9999.000,9999.000,9999.000,9999.000,9999.000,9999.000
202608022130,   0.747,   1.010,9999.000,9999.000,9999.000,9999.000,9999.000,9999.000,9999.000
202608022136,   0.791,   1.138,9999.000,9999.000,9999.000,9999.000,9999.000,9999.000,9999.000
202608022142,   0.841,   1.088,9999.000,9999.000,9999.000,9999.000,9999.000,9999.000,9999.000
202608022148,   0.897,   1.138,9999.000,9999.000,9999.000,9999.000,9999.000,9999.000,9999.000
202608022154,   0.958,   1.128,9999.000,9999.000,9999.000,9999.000,9999.000,9999.000,9999.000
202608022200,   1.025,   1.138,   0.100,   0.013,   1.138,   0.000,   1.038,   0.200,   1.238
202608022206,   1.097,   1.298,9999.000,9999.000,9999.000,9999.000,9999.000,9999.000,9999.000
202608022212,   1.174,   1.259,9999.000,9999.000,9999.000,9999.000,9999.000,9999.000,9999.000
202608022218,   1.257,   1.361,9999.000,9999.000,9999.000,9999.000,9999.000,9999.000,9999.000
202608022224,   1.343,   1.479,9999.000,9999.000,9999.000,9999.000,9999.000,9999.000,9999.000
202608022230,   1.435,   1.518,9999.000,9999.000,9999.000,9999.000,9999.000,9999.000,9999.000
202608022236,   1.530,   1.557,9999.000,9999.000,9999.000,9999.000,9999.000,9999.000,9999.000
202608022242,   1.629,   1.699,9999.000,9999.000,9999.000,9999.000,9999.000,9999.000,9999.000
202608022248,   1.731,   1.967,9999.000,9999.000,9999.000,9999.000,9999.000,9999.000,9999.000
202608022254,   1.837,   1.889,9999.000,9999.000,9999.000,9999.000,9999.000,9999.000,9999.000
202608022300,   1.945,   2.168,   0.100,   0.123,   2.168,   0.000,   2.068,   0.200,   2.268
202608022306,   2.056,   2.210,9999.000,9999.000,9999.000,9999.000,9999.000,9999.000,9999.000
202608022312,   2.169,   2.377,9999.000,9999.000,9999.000,9999.000,9999.000,9999.000,9999.000
202608022318,   2.284,   2.450,9999.000,9999.000,9999.000,9999.000,9999.000,9999.000,9999.000
202608022324,   2.400,   2.650,9999.000,9999.000,9999.000,9999.000,9999.000,9999.000,9999.000
202608022330,   2.517,   2.719,9999.000,9999.000,9999.000,9999.000,9999.000,9999.000,9999.000
202608022336,   2.635,   2.860,9999.000,9999.000,9999.000,9999.000,9999.000,9999.000,9999.000
202608022342,   2.754,   2.988,9999.000,9999.000,9999.000,9999.000,9999.000,9999.000,9999.000
202608022348,   2.872,   3.050,9999.000,9999.000,9999.000,9999.000,9999.000,9999.000,9999.000
202608022354,   2.991,   3.230,9999.000,9999.000,9999.000,9999.000,9999.000,9999.000,9999.000
202608030000,   3.109,   3.178,   0.000,   0.069,   3.178,   0.000,   3.178,   0.100,   3.278
202608030006,   3.226,   3.440,9999.000,9999.000,9999.000,9999.000,9999.000,9999.000,9999.000
202608030012,   3.341,   3.558,9999.000,9999.000,9999.000,9999.000,9999.000,9999.000,9999.000
202608030018,   3.456,   3.578,9999.000,9999.000,9999.000,9999.000,9999.000,9999.000,9999.000
202608030024,   3.568,   3.837,9999.000,9999.000,9999.000,9999.000,9999.000,9999.000,9999.000
202608030030,   3.678,   4.057,9999.000,9999.000,9999.000,9999.000,9999.000,9999.000,9999.000
202608030036,   3.786,   4.139,9999.000,9999.000,9999.000,9999.000,9999.000,9999.000,9999.000
202608030042,   3.891,   4.099,9999.000,9999.000,9999.000,9999.000,9999.000,9999.000,9999.000
202608030048,   3.994,   4.208,9999.000,9999.000,9999.000,9999.000,9999.000,9999.000,9999.000
202608030054,   4.093,   4.198,9999.000,9999.000,9999.000,9999.000,9999.000,9999.000,9999.000
202608030100,   4.188,   4.500,   0.000,   0.312,   4.500,   0.000,   4.500,   0.100,   4.600
202608030106,   4.280,   4.490,9999.000,9999.000,9999.000,9999.000,9999.000,9999.000,9999.000
202608030112,   4.368,   4.549,9999.000,9999.000,9999.000,9999.000,9999.000,9999.000,9999.000
202608030118,   4.452,   4.729,9999.000,9999.000,9999.000,9999.000,9999.000,9999.000,9999.000
202608030124,   4.532,   4.837,9999.000,9999.000,9999.000,9999.000,9999.000,9999.000,9999.000
202608030130,   4.607,   4.769,9999.000,9999.000,9999.000,9999.000,9999.000,9999.000,9999.000
202608030136,   4.678,   4.867,9999.000,9999.000,9999.000,9999.000,9999.000,9999.000,9999.000
202608030142,   4.743,   5.038,9999.000,9999.000,9999.000,9999.000,9999.000,9999.000,9999.000
202608030148,   4.804,   4.887,9999.000,9999.000,9999.000,9999.000,9999.000,9999.000,9999.000
202608030154,   4.860,   4.877,9999.000,9999.000,9999.000,9999.000,9999.000,9999.000,9999.000
202608030200,   4.910,   4.929,   0.000,   0.019,   4.929,   0.000,   4.929,   0.100,   5.029
202608030206,   4.955,   5.188,9999.000,9999.000,9999.000,9999.000,9999.000,9999.000,9999.000
202608030212,   4.995,   5.277,9999.000,9999.000,9999.000,9999.000,9999.000,9999.000,9999.000
202608030218,   5.029,   5.329,9999.000,9999.000,9999.000,9999.000,9999.000,9999.000,9999.000
202608030224,   5.058,   5.398,9999.000,9999.000,9999.000,9999.000,9999.000,9999.000,9999.000
202608030230,   5.081,   5.257,9999.000,9999.000,9999.000,9999.000,9999.000,9999.000,9999.000
202608030236,   5.099,   5.418,9999.000,9999.000,9999.000,9999.000,9999.000,9999.000,9999.000
202608030242,   5.111,   5.228,9999.000,9999.000,9999.000,9999.000,9999.000,9999.000,9999.000
202608030248,   5.117,   5.329,9999.000,9999.000,9999.000,9999.000,9999.000,9999.000,9999.000
202608030254,   5.118,   5.349,9999.000,9999.000,9999.000,9999.000,9999.000,9999.000,9999.000
202608030300,   5.112,   5.329,   0.000,   0.217,   5.329,   0.000,   5.329,   0.100,   5.429
202608030306,   5.102,   5.418,9999.000,9999.000,9999.000,9999.000,9999.000,9999.000,9999.000
202608030312,   5.085,   5.418,9999.000,9999.000,9999.000,9999.000,9999.000,9999.000,9999.000
202608030318,   5.064,   5.359,9999.000,9999.000,9999.000,9999.000,9999.000,9999.000,9999.000
202608030324,   5.036,   5.238,9999.000,9999.000,9999.000,9999.000,9999.000,9999.000,9999.000
202608030330,   5.003,   5.159,9999.000,9999.000,9999.000,9999.000,9999.000,9999.000,9999.000
202608030336,   4.965,   5.169,9999.000,9999.000,9999.000,9999.000,9999.000,9999.000,9999.000
202608030342,   4.922,   5.129,9999.000,9999.000,9999.000,9999.000,9999.000,9999.000,9999.000
202608030348,   4.874,   5.169,9999.000,9999.000,9999.000,9999.000,9999.000,9999.000,9999.000
202608030354,   4.821,   5.077,9999.000,9999.000,9999.000,9999.000,9999.000,9999.000,9999.000
202608030400,   4.763,   4.949,   0.000,   0.186,   4.949,  -0.100,   4.849,   0.000,   4.949
202608030406,   4.700,   4.949,9999.000,9999.000,9999.000,9999.000,9999.000,9999.000,9999.000
202608030412,   4.632,   4.857,9999.000,9999.000,9999.000,9999.000,9999.000,9999.000,9999.000
202608030418,   4.560,   4.788,9999.000,9999.000,9999.000,9999.000,9999.000,9999.000,9999.000
202608030424,   4.484,   4.759,9999.000,9999.000,9999.000,9999.000,9999.000,9999.000,9999.000
202608030430,   4.404,   4.690,9999.000,9999.000,9999.000,9999.000,9999.000,9999.000,9999.000
202608030436,   4.319,   4.667,9999.000,9999.000,9999.000,9999.000,9999.000,9999.000,9999.000
202608030442,   4.231,   4.437,9999.000,9999.000,9999.000,9999.000,9999.000,9999.000,9999.000
202608030448,   4.140,   4.427,9999.000,9999.000,9999.000,9999.000,9999.000,9999.000,9999.000
202608030454,   4.045,   4.529,9999.000,9999.000,9999.000,9999.000,9999.000,9999.000,9999.000
202608030500,   3.947,   4.480,  -0.100,   0.633,   4.480,  -0.200,   4.380,   0.000,   4.580
202608030506,   3.845,   4.319,9999.000,9999.000,9999.000,9999.000,9999.000,9999.000,9999.000
202608030512,   3.741,   4.109,9999.000,9999.000,9999.000,9999.000,9999.000,9999.000,9999.000
202608030518,   3.635,   4.037,9999.000,9999.000,9999.000,9999.000,9999.000,9999.000,9999.000
202608030524,   3.525,   3.899,9999.000,9999.000,9999.000,9999.000,9999.000,9999.000,9999.000
202608030530,   3.414,   3.627,9999.000,9999.000,9999.000,9999.000,9999.000,9999.000,9999.000
202608030536,   3.301,   3.470,9999.000,9999.000,9999.000,9999.000,9999.000,9999.000,9999.000
202608030542,   3.186,   3.207,9999.000,9999.000,9999.000,9999.000,9999.000,9999.000,9999.000
202608030548,   3.069,   3.050,9999.000,9999.000,9999.000,9999.000,9999.000,9999.000,9999.000
202608030554,   2.951,   2.919,9999.000,9999.000,9999.000,9999.000,9999.000,9999.000,9999.000
202608030600,   2.833,   2.850,  -0.200,   0.217,   2.850,  -0.300,   2.750,  -0.100,   2.950
202608030606,   2.713,   2.689,9999.000,9999.000,9999.000,9999.000,9999.000,9999.000,9999.000
202608030612,   2.593,   2.719,9999.000,9999.000,9999.000,9999.000,9999.000,9999.000,9999.000
202608030618,   2.472,   2.538,9999.000,9999.000,9999.000,9999.000,9999.000,9999.000,9999.000
202608030624,   2.351,   2.568,9999.000,9999.000,9999.000,9999.000,9999.000,9999.000,9999.000
202608030630,   2.231,   2.558,9999.000,9999.000,9999.000,9999.000,9999.000,9999.000,9999.000
202608030636,   2.111,   2.410,9999.000,9999.000,9999.000,9999.000,9999.000,9999.000,9999.000
202608030642,   1.992,   2.259,9999.000,9999.000,9999.000,9999.000,9999.000,9999.000,9999.000
202608030648,   1.874,   2.099,9999.000,9999.000,9999.000,9999.000,9999.000,9999.000,9999.000
202608030654,   1.758,   1.899,9999.000,9999.000,9999.000,9999.000,9999.000,9999.000,9999.000
202608030700,   1.643,   1.790,  -0.200,   0.347,   1.790,  -0.300,   1.690,  -0.100,   1.890
202608030706,   1.530,   1.600,9999.000,9999.000,9999.000,9999.000,9999.000,9999.000,9999.000
202608030712,   1.419,   1.498,9999.000,9999.000,9999.000,9999.000,9999.000,9999.000,9999.000
202608030718,   1.311,   1.518,9999.000,9999.000,9999.000,9999.000,9999.000,9999.000,9999.000
202608030724,   1.205,   1.348,9999.000,9999.000,9999.000,9999.000,9999.000,9999.000,9999.000
202608030730,   1.103,   1.200,9999.000,9999.000,9999.000,9999.000,9999.000,9999.000,9999.000
202608030736,   1.004,   1.098,9999.000,9999.000,9999.000,9999.000,9999.000,9999.000,9999.000
202608030742,   0.909,   1.190,9999.000,9999.000,9999.000,9999.000,9999.000,9999.000,9999.000
202608030748,   0.818,   1.269,9999.000,9999.000,9999.000,9999.000,9999.000,9999.000,9999.000
202608030754,   0.731,   1.269,9999.000,9999.000,9999.000,9999.000,9999.000,9999.000,9999.000
202608030800,   0.649,   1.118,  -0.200,   0.669,   1.118,  -0.200,   1.118,  -0.100,   1.218
202608030806,   0.572,   1.010,9999.000,9999.000,9999.000,9999.000,9999.000,9999.000,9999.000
202608030812,   0.500,   0.800,9999.000,9999.000,9999.000,9999.000,9999.000,9999.000,9999.000
202608030818,   0.434,   0.649,9999.000,9999.000,9999.000,9999.000,9999.000,9999.000,9999.000
202608030824,   0.373,   0.590,9999.000,9999.000,9999.000,9999.000,9999.000,9999.000,9999.000
202608030830,   0.318,   0.541,9999.000,9999.000,9999.000,9999.000,9999.000,9999.000,9999.000
202608030836,   0.270,   0.449,9999.000,9999.000,9999.000,9999.000,9999.000,9999.000,9999.000
202608030842,   0.227,   0.341,9999.000,9999.000,9999.000,9999.000,9999.000,9999.000,9999.000
202608030848,   0.192,   0.229,9999.000,9999.000,9999.000,9999.000,9999.000,9999.000,9999.000
202608030854,   0.163,   0.190,9999.000,9999.000,9999.000,9999.000,9999.000,9999.000,9999.000
202608030900,   0.141,   0.288,  -0.100,   0.247,   0.288,  -0.200,   0.188,  -0.100,   0.288
202608030906,   0.126,   0.170,9999.000,9999.000,9999.000,9999.000,9999.000,9999.000,9999.000
202608030912,   0.118,   0.268,9999.000,9999.000,9999.000,9999.000,9999.000,9999.000,9999.000
202608030918,   0.117,   0.209,9999.000,9999.000,9999.000,9999.000,9999.000,9999.000,9999.000
202608030924,   0.123,   0.239,9999.000,9999.000,9999.000,9999.000,9999.000,9999.000,9999.000
202608030930,   0.137,   0.131,9999.000,9999.000,9999.000,9999.000,9999.000,9999.000,9999.000
202608030936,   0.158,   0.239,9999.000,9999.000,9999.000,9999.000,9999.000,9999.000,9999.000
202608030942,   0.185,   0.239,9999.000,9999.000,9999.000,9999.000,9999.000,9999.000,9999.000
202608030948,   0.221,   0.068,9999.000,9999.000,9999.000,9999.000,9999.000,9999.000,9999.000
202608030954,   0.263,   0.249,9999.000,9999.000,9999.000,9999.000,9999.000,9999.000,9999.000
202608031000,   0.312,   0.341,  -0.100,   0.129,   0.341,  -0.300,   0.141,   0.000,   0.441
202608031006,   0.368,   0.229,9999.000,9999.000,9999.000,9999.000,9999.000,9999.000,9999.000
202608031012,   0.430,   0.308,9999.000,9999.000,9999.000,9999.000,9999.000,9999.000,9999.000
202608031018,   0.499,   0.380,9999.000,9999.000,9999.000,9999.000,9999.000,9999.000,9999.000
202608031024,   0.574,   0.400,9999.000,9999.000,9999.000,9999.000,9999.000,9999.000,9999.000
202608031030,   0.655,   0.400,9999.000,9999.000,9999.000,9999.000,9999.000,9999.000,9999.000
202608031036,   0.742,   0.429,9999.000,9999.000,9999.000,9999.000,9999.000,9999.000,9999.000
202608031042,   0.834,   0.580,9999.000,9999.000,9999.000,9999.000,9999.000,9999.000,9999.000
202608031048,   0.931,   0.669,9999.000,9999.000,9999.000,9999.000,9999.000,9999.000,9999.000
202608031054,   1.033,   0.800,9999.000,9999.000,9999.000,9999.000,9999.000,9999.000,9999.000
202608031100,   1.139,   1.108,  -0.100,   0.069,   1.108,  -0.300,   0.908,   0.000,   1.208
202608031106,   1.250,   1.108,9999.000,9999.000,9999.000,9999.000,9999.000,9999.000,9999.000
202608031112,   1.364,   1.289,9999.000,9999.000,9999.000,9999.000,9999.000,9999.000,9999.000
202608031118,   1.482,   1.439,9999.000,9999.000,9999.000,9999.000,9999.000,9999.000,9999.000
202608031124,   1.603,   1.439,9999.000,9999.000,9999.000,9999.000,9999.000,9999.000,9999.000
202608031130,   1.726,   1.508,9999.000,9999.000,9999.000,9999.000,9999.000,9999.000,9999.000
202608031136,   1.851,   1.728,9999.000,9999.000,9999.000,9999.000,9999.000,9999.000,9999.000
202608031142,   1.979,   1.889,9999.000,9999.000,9999.000,9999.000,9999.000,9999.000,9999.000
202608031148,   2.107,   2.040,9999.000,9999.000,9999.000,9999.000,9999.000,9999.000,9999.000
202608031154,   2.237,   2.177,9999.000,9999.000,9999.000,9999.000,9999.000,9999.000,9999.000
202608031200,   2.368,   2.400,  -0.300,   0.332,   2.400,  -0.300,   2.400,  -0.200,   2.500
202608031206,   2.499,   2.610,9999.000,9999.000,9999.000,9999.000,9999.000,9999.000,9999.000
202608031212,   2.629,   2.738,9999.000,9999.000,9999.000,9999.000,9999.000,9999.000,9999.000
202608031218,   2.759,   2.869,9999.000,9999.000,9999.000,9999.000,9999.000,9999.000,9999.000
202608031224,   2.889,   2.879,9999.000,9999.000,9999.000,9999.000,9999.000,9999.000,9999.000
202608031230,   3.017,   2.988,9999.000,9999.000,9999.000,9999.000,9999.000,9999.000,9999.000
202608031236,   3.144,   3.070,9999.000,9999.000,9999.000,9999.000,9999.000,9999.000,9999.000
202608031242,   3.268,   3.197,9999.000,9999.000,9999.000,9999.000,9999.000,9999.000,9999.000
202608031248,   3.391,   3.260,9999.000,9999.000,9999.000,9999.000,9999.000,9999.000,9999.000
202608031254,   3.511,   3.368,9999.000,9999.000,9999.000,9999.000,9999.000,9999.000,9999.000
202608031300,   3.628,   3.519,  -0.300,   0.191,   3.519,  -0.400,   3.419,  -0.200,   3.619
202608031306,   3.743,   3.598,9999.000,9999.000,9999.000,9999.000,9999.000,9999.000,9999.000
202608031312,   3.854,   3.660,9999.000,9999.000,9999.000,9999.000,9999.000,9999.000,9999.000
202608031318,   3.961,   3.680,9999.000,9999.000,9999.000,9999.000,9999.000,9999.000,9999.000
202608031324,   4.064,   3.847,9999.000,9999.000,9999.000,9999.000,9999.000,9999.000,9999.000
202608031330,   4.164,   3.978,9999.000,9999.000,9999.000,9999.000,9999.000,9999.000,9999.000
202608031336,   4.259,   4.090,9999.000,9999.000,9999.000,9999.000,9999.000,9999.000,9999.000
202608031342,   4.350,   4.188,9999.000,9999.000,9999.000,9999.000,9999.000,9999.000,9999.000
202608031348,   4.436,   4.290,9999.000,9999.000,9999.000,9999.000,9999.000,9999.000,9999.000
202608031354,   4.517,   4.549,9999.000,9999.000,9999.000,9999.000,9999.000,9999.000,9999.000
202608031400,   4.593,   4.657,  -0.300,   0.364,   4.657,  -0.400,   4.557,  -0.200,   4.757
202608031406,   4.665,   4.808,9999.000,9999.000,9999.000,9999.000,9999.000,9999.000,9999.000
202608031412,   4.731,   4.857,9999.000,9999.000,9999.000,9999.000,9999.000,9999.000,9999.000
202608031418,   4.791,   4.969,9999.000,9999.000,9999.000,9999.000,9999.000,9999.000,9999.000
202608031424,   4.846,   5.008,9999.000,9999.000,9999.000,9999.000,9999.000,9999.000,9999.000
202608031430,   4.896,   5.028,9999.000,9999.000,9999.000,9999.000,9999.000,9999.000,9999.000
202608031436,   4.940,   5.028,9999.000,9999.000,9999.000,9999.000,9999.000,9999.000,9999.000
202608031442,   4.979,   5.057,9999.000,9999.000,9999.000,9999.000,9999.000,9999.000,9999.000
202608031448,   5.011,   4.988,9999.000,9999.000,9999.000,9999.000,9999.000,9999.000,9999.000
202608031454,   5.038,   4.929,9999.000,9999.000,9999.000,9999.000,9999.000,9999.000,9999.000
202608031500,   5.060,   4.979,  -0.300,   0.219,   4.979,  -0.300,   4.979,  -0.200,   5.079
202608031506,   5.075,   4.988,9999.000,9999.000,9999.000,9999.000,9999.000,9999.000,9999.000
202608031512,   5.085,   5.028,9999.000,9999.000,9999.000,9999.000,9999.000,9999.000,9999.000
202608031518,   5.089,   5.038,9999.000,9999.000,9999.000,9999.000,9999.000,9999.000,9999.000
202608031524,   5.088,   5.077,9999.000,9999.000,9999.000,9999.000,9999.000,9999.000,9999.000
202608031530,   5.081,   5.057,9999.000,9999.000,9999.000,9999.000,9999.000,9999.000,9999.000
202608031536,   5.068,   5.077,9999.000,9999.000,9999.000,9999.000,9999.000,9999.000,9999.000
202608031542,   5.050,   5.067,9999.000,9999.000,9999.000,9999.000,9999.000,9999.000,9999.000
202608031548,   5.027,   4.929,9999.000,9999.000,9999.000,9999.000,9999.000,9999.000,9999.000
202608031554,   4.998,   4.929,9999.000,9999.000,9999.000,9999.000,9999.000,9999.000,9999.000
202608031600,   4.964,   4.887,  -0.300,   0.223,   4.887,  -0.400,   4.787,  -0.200,   4.987
202608031606,   4.925,   4.910,9999.000,9999.000,9999.000,9999.000,9999.000,9999.000,9999.000
202608031612,   4.881,   5.028,9999.000,9999.000,9999.000,9999.000,9999.000,9999.000,9999.000
202608031618,   4.832,   4.919,9999.000,9999.000,9999.000,9999.000,9999.000,9999.000,9999.000
202608031624,   4.778,   4.808,9999.000,9999.000,9999.000,9999.000,9999.000,9999.000,9999.000
202608031630,   4.721,   4.710,9999.000,9999.000,9999.000,9999.000,9999.000,9999.000,9999.000
202608031636,   4.658,   4.578,9999.000,9999.000,9999.000,9999.000,9999.000,9999.000,9999.000
202608031642,   4.592,   4.598,9999.000,9999.000,9999.000,9999.000,9999.000,9999.000,9999.000
202608031648,   4.521,   4.559,9999.000,9999.000,9999.000,9999.000,9999.000,9999.000,9999.000
202608031654,   4.447,   4.559,9999.000,9999.000,9999.000,9999.000,9999.000,9999.000,9999.000
202608031700,   4.370,   4.500,  -0.300,   0.430,   4.500,  -0.400,   4.400,  -0.200,   4.600
202608031706,   4.288,   4.418,9999.000,9999.000,9999.000,9999.000,9999.000,9999.000,9999.000
202608031712,   4.204,   4.329,9999.000,9999.000,9999.000,9999.000,9999.000,9999.000,9999.000
202608031718,   4.117,   4.237,9999.000,9999.000,9999.000,9999.000,9999.000,9999.000,9999.000
202608031724,   4.027,   4.218,9999.000,9999.000,9999.000,9999.000,9999.000,9999.000,9999.000
202608031730,   3.934,   4.080,9999.000,9999.000,9999.000,9999.000,9999.000,9999.000,9999.000
202608031736,   3.839,   3.929,9999.000,9999.000,9999.000,9999.000,9999.000,9999.000,9999.000
202608031742,   3.742,   3.798,9999.000,9999.000,9999.000,9999.000,9999.000,9999.000,9999.000
202608031748,   3.643,   3.758,9999.000,9999.000,9999.000,9999.000,9999.000,9999.000,9999.000
202608031754,   3.542,   3.588,9999.000,9999.000,9999.000,9999.000,9999.000,9999.000,9999.000
202608031800,   3.440,   3.529,  -0.400,   0.489,   3.529,  -0.500,   3.429,  -0.300,   3.629
202608031806,   3.336,   3.358,9999.000,9999.000,9999.000,9999.000,9999.000,9999.000,9999.000
202608031812,   3.232,   3.270,9999.000,9999.000,9999.000,9999.000,9999.000,9999.000,9999.000
202608031818,   3.127,   3.060,9999.000,9999.000,9999.000,9999.000,9999.000,9999.000,9999.000
202608031824,   3.021,   3.089,9999.000,9999.000,9999.000,9999.000,9999.000,9999.000,9999.000
202608031830,   2.915,   2.958,9999.000,9999.000,9999.000,9999.000,9999.000,9999.000,9999.000
202608031836,   2.809,   2.840,9999.000,9999.000,9999.000,9999.000,9999.000,9999.000,9999.000
202608031842,   2.703,   2.669,9999.000,9999.000,9999.000,9999.000,9999.000,9999.000,9999.000
202608031848,   2.597,   2.578,9999.000,9999.000,9999.000,9999.000,9999.000,9999.000,9999.000
202608031854,   2.492,   2.387,9999.000,9999.000,9999.000,9999.000,9999.000,9999.000,9999.000
202608031900,   2.388,   2.348,  -0.400,   0.360,   2.348,  -0.400,   2.348,  -0.300,   2.448
202608031906,   2.285,   2.368,9999.000,9999.000,9999.000,9999.000,9999.000,9999.000,9999.000
202608031912,   2.183,   2.200,9999.000,9999.000,9999.000,9999.000,9999.000,9999.000,9999.000
202608031918,   2.083,   2.049,9999.000,9999.000,9999.000,9999.000,9999.000,9999.000,9999.000
202608031924,   1.984,   1.981,9999.000,9999.000,9999.000,9999.000,9999.000,9999.000,9999.000
202608031930,   1.888,   1.869,9999.000,9999.000,9999.000,9999.000,9999.000,9999.000,9999.000
202608031936,   1.794,   1.800,9999.000,9999.000,9999.000,9999.000,9999.000,9999.000,9999.000
202608031942,   1.702,   1.620,9999.000,9999.000,9999.000,9999.000,9999.000,9999.000,9999.000
202608031948,   1.613,   1.518,9999.000,9999.000,9999.000,9999.000,9999.000,9999.000,9999.000
202608031954,   1.527,   1.439,9999.000,9999.000,9999.000,9999.000,9999.000,9999.000,9999.000
202608032000,   1.445,   1.400,  -0.300,   0.255,   1.400,  -0.400,   1.300,  -0.300,   1.400
202608032006,   1.365,   1.249,9999.000,9999.000,9999.000,9999.000,9999.000,9999.000,9999.000
202608032012,   1.290,   1.138,9999.000,9999.000,9999.000,9999.000,9999.000,9999.000,9999.000
202608032018,   1.218,   1.000,9999.000,9999.000,9999.000,9999.000,9999.000,9999.000,9999.000
202608032024,   1.150,   0.941,9999.000,9999.000,9999.000,9999.000,9999.000,9999.000,9999.000
202608032030,   1.087,   0.790,9999.000,9999.000,9999.000,9999.000,9999.000,9999.000,9999.000
202608032036,   1.028,   0.678,9999.000,9999.000,9999.000,9999.000,9999.000,9999.000,9999.000
202608032042,   0.974,   0.718,9999.000,9999.000,9999.000,9999.000,9999.000,9999.000,9999.000
202608032048,   0.925,   0.708,9999.000,9999.000,9999.000,9999.000,9999.000,9999.000,9999.000
202608032054,   0.880,   0.659,9999.000,9999.000,9999.000,9999.000,9999.000,9999.000,9999.000
202608032100,   0.842,   0.551,  -0.300,   0.009,   0.551,  -0.400,   0.451,  -0.300,   0.551
202608032106,   0.808,   0.560,9999.000,9999.000,9999.000,9999.000,9999.000,9999.000,9999.000
202608032112,   0.780,   0.610,9999.000,9999.000,9999.000,9999.000,9999.000,9999.000,9999.000
202608032118,   0.758,   0.560,9999.000,9999.000,9999.000,9999.000,9999.000,9999.000,9999.000
202608032124,   0.741,   0.560,9999.000,9999.000,9999.000,9999.000,9999.000,9999.000,9999.000
202608032130,   0.731,   0.610,9999.000,9999.000,9999.000,9999.000,9999.000,9999.000,9999.000
202608032136,   0.726,   0.600,9999.000,9999.000,9999.000,9999.000,9999.000,9999.000,9999.000
202608032142,   0.727,   0.570,9999.000,9999.000,9999.000,9999.000,9999.000,9999.000,9999.000
202608032148,   0.735,   0.590,9999.000,9999.000,9999.000,9999.000,9999.000,9999.000,9999.000
202608032154,   0.748,   0.469,9999.000,9999.000,9999.000,9999.000,9999.000,9999.000,9999.000
202608032200,   0.767,   0.478,  -0.300,   0.011,   0.478,  -0.400,   0.378,  -0.200,   0.578
202608032206,   0.792,   0.580,9999.000,9999.000,9999.000,9999.000,9999.000,9999.000,9999.000
202608032212,   0.823,   0.531,9999.000,9999.000,9999.000,9999.000,9999.000,9999.000,9999.000
202608032218,   0.860,   0.639,9999.000,9999.000,9999.000,9999.000,9999.000,9999.000,9999.000
202608032224,   0.903,   0.600,9999.000,9999.000,9999.000,9999.000,9999.000,9999.000,9999.000
202608032230,   0.951,   0.698,9999.000,9999.000,9999.000,9999.000,9999.000,9999.000,9999.000
202608032236,   1.005,   0.800,9999.000,9999.000,9999.000,9999.000,9999.000,9999.000,9999.000
202608032242,   1.064,   0.698,9999.000,9999.000,9999.000,9999.000,9999.000,9999.000,9999.000
202608032248,   1.127,   0.790,9999.000,9999.000,9999.000,9999.000,9999.000,9999.000,9999.000
202608032254,   1.196,   0.819,9999.000,9999.000,9999.000,9999.000,9999.000,9999.000,9999.000
202608032300,   1.270,   0.928,  -0.300,  -0.042,   0.928,  -0.400,   0.828,  -0.200,   1.028
202608032306,   1.347,   1.108,9999.000,9999.000,9999.000,9999.000,9999.000,9999.000,9999.000
202608032312,   1.429,   1.200,9999.000,9999.000,9999.000,9999.000,9999.000,9999.000,9999.000
202608032318,   1.515,   1.239,9999.000,9999.000,9999.000,9999.000,9999.000,9999.000,9999.000
202608032324,   1.604,   1.338,9999.000,9999.000,9999.000,9999.000,9999.000,9999.000,9999.000
202608032330,   1.697,   1.489,9999.000,9999.000,9999.000,9999.000,9999.000,9999.000,9999.000
202608032336,   1.793,   1.639,9999.000,9999.000,9999.000,9999.000,9999.000,9999.000,9999.000
202608032342,   1.891,9999.000,9999.000,9999.000,9999.000,9999.000,9999.000,9999.000,9999.000
202608032348,   1.992,9999.000,9999.000,9999.000,9999.000,9999.000,9999.000,9999.000,9999.000
202608032354,   2.095,9999.000,9999.000,9999.000,9999.000,9999.000,9999.000,9999.000,9999.000
202608040000,   2.199,9999.000,  -0.300,  -0.019,   1.880,  -0.400,   1.780,  -0.200,   1.980
202608040006,   2.305,9999.000,9999.000,9999.000,9999.000,9999.000,9999.000,9999.000,9999.000
202608040012,   2.412,9999.000,9999.000,9999.000,9999.000,9999.000,9999.000,9999.000,9999.000
202608040018,   2.520,9999.000,9999.000,9999.000,9999.000,9999.000,9999.000,9999.000,9999.000
202608040024,   2.628,9999.000,9999.000,9999.000,9999.000,9999.000,9999.000,9999.000,9999.000
202608040030,   2.737,9999.000,9999.000,9999.000,9999.000,9999.000,9999.000,9999.000,9999.000
202608040036,   2.845,9999.000,9999.000,9999.000,9999.000,9999.000,9999.000,9999.000,9999.000
202608040042,   2.953,9999.000,9999.000,9999.000,9999.000,9999.000,9999.000,9999.000,9999.000
202608040048,   3.061,9999.000,9999.000,9999.000,9999.000,9999.000,9999.000,9999.000,9999.000
202608040054,   3.167,9999.000,9999.000,9999.000,9999.000,9999.000,9999.000,9999.000,9999.000
202608040100,   3.272,9999.000,  -0.300,   0.003,   2.975,  -0.400,   2.875,  -0.200,   3.075
202608040106,   3.376,9999.000,9999.000,9999.000,9999.000,9999.000,9999.000,9999.000,9999.000
202608040112,   3.478,9999.000,9999.000,9999.000,9999.000,9999.000,9999.000,9999.000,9999.000
202608040118,   3.578,9999.000,9999.000,9999.000,9999.000,9999.000,9999.000,9999.000,9999.000
202608040124,   3.676,9999.000,9999.000,9999.000,9999.000,9999.000,9999.000,9999.000,9999.000
202608040130,   3.771,9999.000,9999.000,9999.000,9999.000,9999.000,9999.000,9999.000,9999.000
202608040136,   3.863,9999.000,9999.000,9999.000,9999.000,9999.000,9999.000,9999.000,9999.000
202608040142,   3.953,9999.000,9999.000,9999.000,9999.000,9999.000,9999.000,9999.000,9999.000
202608040148,   4.040,9999.000,9999.000,9999.000,9999.000,9999.000,9999.000,9999.000,9999.000
202608040154,   4.123,9999.000,9999.000,9999.000,9999.000,9999.000,9999.000,9999.000,9999.000
202608040200,   4.203,9999.000,  -0.300,   0.026,   3.929,  -0.400,   3.829,  -0.200,   4.029
202608040206,   4.280,9999.000,9999.000,9999.000,9999.000,9999.000,9999.000,9999.000,9999.000
202608040212,   4.352,9999.000,9999.000,9999.000,9999.000,9999.000,9999.000,9999.000,9999.000
202608040218,   4.421,9999.000,9999.000,9999.000,9999.000,9999.000,9999.000,9999.000,9999.000
202608040224,   4.486,9999.000,9999.000,9999.000,9999.000,9999.000,9999.000,9999.000,9999.000
202608040230,   4.546,9999.000,9999.000,9999.000,9999.000,9999.000,9999.000,9999.000,9999.000
202608040236,   4.602,9999.000,9999.000,9999.000,9999.000,9999.000,9999.000,9999.000,9999.000
202608040242,   4.654,9999.000,9999.000,9999.000,9999.000,9999.000,9999.000,9999.000,9999.000
202608040248,   4.701,9999.000,9999.000,9999.000,9999.000,9999.000,9999.000,9999.000,9999.000
202608040254,   4.743,9999.000,9999.000,9999.000,9999.000,9999.000,9999.000,9999.000,9999.000
202608040300,   4.781,9999.000,  -0.300,   0.049,   4.530,  -0.500,   4.330,  -0.200,   4.630
202608040306,   4.813,9999.000,9999.000,9999.000,9999.000,9999.000,9999.000,9999.000,9999.000
202608040312,   4.841,9999.000,9999.000,9999.000,9999.000,9999.000,9999.000,9999.000,9999.000
202608040318,   4.863,9999.000,9999.000,9999.000,9999.000,9999.000,9999.000,9999.000,9999.000
202608040324,   4.880,9999.000,9999.000,9999.000,9999.000,9999.000,9999.000,9999.000,9999.000
202608040330,   4.892,9999.000,9999.000,9999.000,9999.000,9999.000,9999.000,9999.000,9999.000
202608040336,   4.899,9999.000,9999.000,9999.000,9999.000,9999.000,9999.000,9999.000,9999.000
202608040342,   4.900,9999.000,9999.000,9999.000,9999.000,9999.000,9999.000,9999.000,9999.000
202608040348,   4.896,9999.000,9999.000,9999.000,9999.000,9999.000,9999.000,9999.000,9999.000
202608040354,   4.887,9999.000,9999.000,9999.000,9999.000,9999.000,9999.000,9999.000,9999.000
202608040400,   4.872,9999.000,  -0.400,   0.072,   4.544,  -0.500,   4.444,  -0.200,   4.744
202608040406,   4.852,9999.000,9999.000,9999.000,9999.000,9999.000,9999.000,9999.000,9999.000
202608040412,   4.826,9999.000,9999.000,9999.000,9999.000,9999.000,9999.000,9999.000,9999.000
202608040418,   4.795,9999.000,9999.000,9999.000,9999.000,9999.000,9999.000,9999.000,9999.000
202608040424,   4.759,9999.000,9999.000,9999.000,9999.000,9999.000,9999.000,9999.000,9999.000
202608040430,   4.718,9999.000,9999.000,9999.000,9999.000,9999.000,9999.000,9999.000,9999.000
202608040436,   4.671,9999.000,9999.000,9999.000,9999.000,9999.000,9999.000,9999.000,9999.000
202608040442,   4.620,9999.000,9999.000,9999.000,9999.000,9999.000,9999.000,9999.000,9999.000
202608040448,   4.563,9999.000,9999.000,9999.000,9999.000,9999.000,9999.000,9999.000,9999.000
202608040454,   4.501,9999.000,9999.000,9999.000,9999.000,9999.000,9999.000,9999.000,9999.000
202608040500,   4.435,9999.000,  -0.400,   0.094,   4.129,  -0.500,   4.029,  -0.300,   4.229
202608040506,   4.364,9999.000,9999.000,9999.000,9999.000,9999.000,9999.000,9999.000,9999.000
202608040512,   4.289,9999.000,9999.000,9999.000,9999.000,9999.000,9999.000,9999.000,9999.000
202608040518,   4.210,9999.000,9999.000,9999.000,9999.000,9999.000,9999.000,9999.000,9999.000
202608040524,   4.126,9999.000,9999.000,9999.000,9999.000,9999.000,9999.000,9999.000,9999.000
202608040530,   4.038,9999.000,9999.000,9999.000,9999.000,9999.000,9999.000,9999.000,9999.000
202608040536,   3.947,9999.000,9999.000,9999.000,9999.000,9999.000,9999.000,9999.000,9999.000
202608040542,   3.852,9999.000,9999.000,9999.000,9999.000,9999.000,9999.000,9999.000,9999.000
202608040548,   3.754,9999.000,9999.000,9999.000,9999.000,9999.000,9999.000,9999.000,9999.000
202608040554,   3.653,9999.000,9999.000,9999.000,9999.000,9999.000,9999.000,9999.000,9999.000
202608040600,   3.549,9999.000,  -0.400,   0.117,   3.266,  -0.500,   3.166,  -0.300,   3.366
202608040606,   3.442,9999.000,9999.000,9999.000,9999.000,9999.000,9999.000,9999.000,9999.000
202608040612,   3.333,9999.000,9999.000,9999.000,9999.000,9999.000,9999.000,9999.000,9999.000
202608040618,   3.222,9999.000,9999.000,9999.000,9999.000,9999.000,9999.000,9999.000,9999.000
202608040624,   3.109,9999.000,9999.000,9999.000,9999.000,9999.000,9999.000,9999.000,9999.000
202608040630,   2.994,9999.000,9999.000,9999.000,9999.000,9999.000,9999.000,9999.000,9999.000
202608040636,   2.878,9999.000,9999.000,9999.000,9999.000,9999.000,9999.000,9999.000,9999.000
202608040642,   2.761,9999.000,9999.000,9999.000,9999.000,9999.000,9999.000,9999.000,9999.000
202608040648,   2.644,9999.000,9999.000,9999.000,9999.000,9999.000,9999.000,9999.000,9999.000
202608040654,   2.526,9999.000,9999.000,9999.000,9999.000,9999.000,9999.000,9999.000,9999.000
202608040700,   2.407,9999.000,  -0.400,   0.140,   2.147,  -0.500,   2.047,  -0.300,   2.247
202608040706,   2.289,9999.000,9999.000,9999.000,9999.000,9999.000,9999.000,9999.000,9999.000
202608040712,   2.171,9999.000,9999.000,9999.000,9999.000,9999.000,9999.000,9999.000,9999.000
202608040718,   2.053,9999.000,9999.000,9999.000,9999.000,9999.000,9999.000,9999.000,9999.000
202608040724,   1.937,9999.000,9999.000,9999.000,9999.000,9999.000,9999.000,9999.000,9999.000
202608040730,   1.821,9999.000,9999.000,9999.000,9999.000,9999.000,9999.000,9999.000,9999.000
202608040736,   1.708,9999.000,9999.000,9999.000,9999.000,9999.000,9999.000,9999.000,9999.000
202608040742,   1.596,9999.000,9999.000,9999.000,9999.000,9999.000,9999.000,9999.000,9999.000
202608040748,   1.485,9999.000,9999.000,9999.000,9999.000,9999.000,9999.000,9999.000,9999.000
202608040754,   1.378,9999.000,9999.000,9999.000,9999.000,9999.000,9999.000,9999.000,9999.000
202608040800,   1.273,9999.000,  -0.400,   0.163,   1.036,  -0.500,   0.936,  -0.300,   1.136
202608040806,   1.171,9999.000,9999.000,9999.000,9999.000,9999.000,9999.000,9999.000,9999.000
202608040812,   1.072,9999.000,9999.000,9999.000,9999.000,9999.000,9999.000,9999.000,9999.000
202608040818,   0.976,9999.000,9999.000,9999.000,9999.000,9999.000,9999.000,9999.000,9999.000
202608040824,   0.885,9999.000,9999.000,9999.000,9999.000,9999.000,9999.000,9999.000,9999.000
202608040830,   0.797,9999.000,9999.000,9999.000,9999.000,9999.000,9999.000,9999.000,9999.000
202608040836,   0.714,9999.000,9999.000,9999.000,9999.000,9999.000,9999.000,9999.000,9999.000
202608040842,   0.635,9999.000,9999.000,9999.000,9999.000,9999.000,9999.000,9999.000,9999.000
202608040848,   0.561,9999.000,9999.000,9999.000,9999.000,9999.000,9999.000,9999.000,9999.000
202608040854,   0.492,9999.000,9999.000,9999.000,9999.000,9999.000,9999.000,9999.000,9999.000
202608040900,   0.429,9999.000,  -0.400,   0.185,   0.214,  -0.500,   0.114,  -0.300,   0.314
202608040906,   0.371,9999.000,9999.000,9999.000,9999.000,9999.000,9999.000,9999.000,9999.000
202608040912,   0.319,9999.000,9999.000,9999.000,9999.000,9999.000,9999.000,9999.000,9999.000
202608040918,   0.273,9999.000,9999.000,9999.000,9999.000,9999.000,9999.000,9999.000,9999.000
202608040924,   0.233,9999.000,9999.000,9999.000,9999.000,9999.000,9999.000,9999.000,9999.000
202608040930,   0.199,9999.000,9999.000,9999.000,9999.000,9999.000,9999.000,9999.000,9999.000
202608040936,   0.172,9999.000,9999.000,9999.000,9999.000,9999.000,9999.000,9999.000,9999.000
202608040942,   0.151,9999.000,9999.000,9999.000,9999.000,9999.000,9999.000,9999.000,9999.000
202608040948,   0.138,9999.000,9999.000,9999.000,9999.000,9999.000,9999.000,9999.000,9999.000
202608040954,   0.131,9999.000,9999.000,9999.000,9999.000,9999.000,9999.000,9999.000,9999.000
202608041000,   0.131,9999.000,  -0.400,   0.208,  -0.061,  -0.500,  -0.161,  -0.300,   0.039
202608041006,   0.137,9999.000,9999.000,9999.000,9999.000,9999.000,9999.000,9999.000,9999.000
202608041012,   0.151,9999.000,9999.000,9999.000,9999.000,9999.000,9999.000,9999.000,9999.000
202608041018,   0.172,9999.000,9999.000,9999.000,9999.000,9999.000,9999.000,9999.000,9999.000
202608041024,   0.200,9999.000,9999.000,9999.000,9999.000,9999.000,9999.000,9999.000,9999.000
202608041030,   0.235,9999.000,9999.000,9999.000,9999.000,9999.000,9999.000,9999.000,9999.000
202608041036,   0.276,9999.000,9999.000,9999.000,9999.000,9999.000,9999.000,9999.000,9999.000
202608041042,   0.324,9999.000,9999.000,9999.000,9999.000,9999.000,9999.000,9999.000,9999.000
202608041048,   0.379,9999.000,9999.000,9999.000,9999.000,9999.000,9999.000,9999.000,9999.000
202608041054,   0.440,9999.000,9999.000,9999.000,9999.000,9999.000,9999.000,9999.000,9999.000
202608041100,   0.508,9999.000,  -0.400,   0.231,   0.339,  -0.500,   0.239,  -0.300,   0.439
202608041106,   0.581,9999.000,9999.000,9999.000,9999.000,9999.000,9999.000,9999.000,9999.000
202608041112,   0.661,9999.000,9999.000,9999.000,9999.000,9999.000,9999.000,9999.000,9999.000
202608041118,   0.745,9999.000,9999.000,9999.000,9999.000,9999.000,9999.000,9999.000,9999.000
202608041124,   0.835,9999.000,9999.000,9999.000,9999.000,9999.000,9999.000,9999.000,9999.000
202608041130,   0.931,9999.000,9999.000,9999.000,9999.000,9999.000,9999.000,9999.000,9999.000
202608041136,   1.030,9999.000,9999.000,9999.000,9999.000,9999.000,9999.000,9999.000,9999.000
202608041142,   1.135,9999.000,9999.000,9999.000,9999.000,9999.000,9999.000,9999.000,9999.000
202608041148,   1.243,9999.000,9999.000,9999.000,9999.000,9999.000,9999.000,9999.000,9999.000
202608041154,   1.355,9999.000,9999.000,9999.000,9999.000,9999.000,9999.000,9999.000,9999.000
202608041200,   1.470,9999.000,  -0.400,   0.231,   1.301,  -0.500,   1.201,  -0.300,   1.401
202608041206,   1.588,9999.000,9999.000,9999.000,9999.000,9999.000,9999.000,9999.000,9999.000
202608041212,   1.709,9999.000,9999.000,9999.000,9999.000,9999.000,9999.000,9999.000,9999.000
202608041218,   1.832,9999.000,9999.000,9999.000,9999.000,9999.000,9999.000,9999.000,9999.000
202608041224,   1.957,9999.000,9999.000,9999.000,9999.000,9999.000,9999.000,9999.000,9999.000
202608041230,   2.084,9999.000,9999.000,9999.000,9999.000,9999.000,9999.000,9999.000,9999.000
202608041236,   2.212,9999.000,9999.000,9999.000,9999.000,9999.000,9999.000,9999.000,9999.000
202608041242,   2.340,9999.000,9999.000,9999.000,9999.000,9999.000,9999.000,9999.000,9999.000
202608041248,   2.470,9999.000,9999.000,9999.000,9999.000,9999.000,9999.000,9999.000,9999.000
202608041254,   2.599,9999.000,9999.000,9999.000,9999.000,9999.000,9999.000,9999.000,9999.000
202608041300,   2.728,9999.000,  -0.400,   0.231,   2.559,  -0.500,   2.459,  -0.300,   2.659
202608041306,   2.857,9999.000,9999.000,9999.000,9999.000,9999.000,9999.000,9999.000,9999.000
202608041312,   2.984,9999.000,9999.000,9999.000,9999.000,9999.000,9999.000,9999.000,9999.000
202608041318,   3.111,9999.000,9999.000,9999.000,9999.000,9999.000,9999.000,9999.000,9999.000
202608041324,   3.236,9999.000,9999.000,9999.000,9999.000,9999.000,9999.000,9999.000,9999.000
202608041330,   3.359,9999.000,9999.000,9999.000,9999.000,9999.000,9999.000,9999.000,9999.000
202608041336,   3.481,9999.000,9999.000,9999.000,9999.000,9999.000,9999.000,9999.000,9999.000
202608041342,   3.600,9999.000,9999.000,9999.000,9999.000,9999.000,9999.000,9999.000,9999.000
202608041348,   3.717,9999.000,9999.000,9999.000,9999.000,9999.000,9999.000,9999.000,9999.000
202608041354,   3.830,9999.000,9999.000,9999.000,9999.000,9999.000,9999.000,9999.000,9999.000
202608041400,   3.941,9999.000,  -0.400,   0.231,   3.772,  -0.400,   3.772,  -0.300,   3.872
202608041406,   4.049,9999.000,9999.000,9999.000,9999.000,9999.000,9999.000,9999.000,9999.000
202608041412,   4.153,9999.000,9999.000,9999.000,9999.000,9999.000,9999.000,9999.000,9999.000
202608041418,   4.253,9999.000,9999.000,9999.000,9999.000,9999.000,9999.000,9999.000,9999.000
202608041424,   4.350,9999.000,9999.000,9999.000,9999.000,9999.000,9999.000,9999.000,9999.000
202608041430,   4.442,9999.000,9999.000,9999.000,9999.000,9999.000,9999.000,9999.000,9999.000
202608041436,   4.531,9999.000,9999.000,9999.000,9999.000,9999.000,9999.000,9999.000,9999.000
202608041442,   4.615,9999.000,9999.000,9999.000,9999.000,9999.000,9999.000,9999.000,9999.000
202608041448,   4.694,9999.000,9999.000,9999.000,9999.000,9999.000,9999.000,9999.000,9999.000
202608041454,   4.769,9999.000,9999.000,9999.000,9999.000,9999.000,9999.000,9999.000,9999.000
202608041500,   4.838,9999.000,  -0.300,   0.231,   4.769,  -0.400,   4.669,  -0.200,   4.869
202608041506,   4.903,9999.000,9999.000,9999.000,9999.000,9999.000,9999.000,9999.000,9999.000
202608041512,   4.963,9999.000,9999.000,9999.000,9999.000,9999.000,9999.000,9999.000,9999.000
202608041518,   5.018,9999.000,9999.000,9999.000,9999.000,9999.000,9999.000,9999.000,9999.000
202608041524,   5.067,9999.000,9999.000,9999.000,9999.000,9999.000,9999.000,9999.000,9999.000
202608041530,   5.111,9999.000,9999.000,9999.000,9999.000,9999.000,9999.000,9999.000,9999.000
202608041536,   5.149,9999.000,9999.000,9999.000,9999.000,9999.000,9999.000,9999.000,9999.000
202608041542,   5.181,9999.000,9999.000,9999.000,9999.000,9999.000,9999.000,9999.000,9999.000
202608041548,   5.208,9999.000,9999.000,9999.000,9999.000,9999.000,9999.000,9999.000,9999.000
202608041554,   5.230,9999.000,9999.000,9999.000,9999.000,9999.000,9999.000,9999.000,9999.000
202608041600,   5.245,9999.000,  -0.300,   0.231,   5.176,  -0.400,   5.076,  -0.200,   5.276
202608041606,   5.255,9999.000,9999.000,9999.000,9999.000,9999.000,9999.000,9999.000,9999.000
202608041612,   5.259,9999.000,9999.000,9999.000,9999.000,9999.000,9999.000,9999.000,9999.000
202608041618,   5.257,9999.000,9999.000,9999.000,9999.000,9999.000,9999.000,9999.000,9999.000
202608041624,   5.249,9999.000,9999.000,9999.000,9999.000,9999.000,9999.000,9999.000,9999.000
202608041630,   5.235,9999.000,9999.000,9999.000,9999.000,9999.000,9999.000,9999.000,9999.000
202608041636,   5.216,9999.000,9999.000,9999.000,9999.000,9999.000,9999.000,9999.000,9999.000
202608041642,   5.191,9999.000,9999.000,9999.000,9999.000,9999.000,9999.000,9999.000,9999.000
202608041648,   5.161,9999.000,9999.000,9999.000,9999.000,9999.000,9999.000,9999.000,9999.000
202608041654,   5.125,9999.000,9999.000,9999.000,9999.000,9999.000,9999.000,9999.000,9999.000
202608041700,   5.083,9999.000,  -0.300,   0.231,   5.014,  -0.400,   4.914,  -0.200,   5.114
202608041706,   5.037,9999.000,9999.000,9999.000,9999.000,9999.000,9999.000,9999.000,9999.000
202608041712,   4.985,9999.000,9999.000,9999.000,9999.000,9999.000,9999.000,9999.000,9999.000
202608041718,   4.928,9999.000,9999.000,9999.000,9999.000,9999.000,9999.000,9999.000,9999.000
202608041724,   4.866,9999.000,9999.000,9999.000,9999.000,9999.000,9999.000,9999.000,9999.000
202608041730,   4.800,9999.000,9999.000,9999.000,9999.000,9999.000,9999.000,9999.000,9999.000
202608041736,   4.730,9999.000,9999.000,9999.000,9999.000,9999.000,9999.000,9999.000,9999.000
202608041742,   4.655,9999.000,9999.000,9999.000,9999.000,9999.000,9999.000,9999.000,9999.000
202608041748,   4.576,9999.000,9999.000,9999.000,9999.000,9999.000,9999.000,9999.000,9999.000
202608041754,   4.493,9999.000,9999.000,9999.000,9999.000,9999.000,9999.000,9999.000,9999.000
202608041800,   4.407,9999.000,  -0.300,   0.231,   4.338,  -0.400,   4.238,  -0.200,   4.438
202608041806,   4.318,9999.000,9999.000,9999.000,9999.000,9999.000,9999.000,9999.000,9999.000
202608041812,   4.225,9999.000,9999.000,9999.000,9999.000,9999.000,9999.000,9999.000,9999.000
202608041818,   4.130,9999.000,9999.000,9999.000,9999.000,9999.000,9999.000,9999.000,9999.000
202608041824,   4.032,9999.000,9999.000,9999.000,9999.000,9999.000,9999.000,9999.000,9999.000
202608041830,   3.932,9999.000,9999.000,9999.000,9999.000,9999.000,9999.000,9999.000,9999.000
202608041836,   3.830,9999.000,9999.000,9999.000,9999.000,9999.000,9999.000,9999.000,9999.000
202608041842,   3.726,9999.000,9999.000,9999.000,9999.000,9999.000,9999.000,9999.000,9999.000
202608041848,   3.621,9999.000,9999.000,9999.000,9999.000,9999.000,9999.000,9999.000,9999.000
202608041854,   3.514,9999.000,9999.000,9999.000,9999.000,9999.000,9999.000,9999.000,9999.000
202608041900,   3.406,9999.000,  -0.300,   0.231,   3.337,  -0.400,   3.237,  -0.200,   3.437
202608041906,   3.298,9999.000,9999.000,9999.000,9999.000,9999.000,9999.000,9999.000,9999.000
202608041912,   3.189,9999.000,9999.000,9999.000,9999.000,9999.000,9999.000,9999.000,9999.000
202608041918,   3.080,9999.000,9999.000,9999.000,9999.000,9999.000,9999.000,9999.000,9999.000
202608041924,   2.972,9999.000,9999.000,9999.000,9999.000,9999.000,9999.000,9999.000,9999.000
202608041930,   2.863,9999.000,9999.000,9999.000,9999.000,9999.000,9999.000,9999.000,9999.000
202608041936,   2.755,9999.000,9999.000,9999.000,9999.000,9999.000,9999.000,9999.000,9999.000
202608041942,   2.648,9999.000,9999.000,9999.000,9999.000,9999.000,9999.000,9999.000,9999.000
202608041948,   2.542,9999.000,9999.000,9999.000,9999.000,9999.000,9999.000,9999.000,9999.000
202608041954,   2.437,9999.000,9999.000,9999.000,9999.000,9999.000,9999.000,9999.000,9999.000
202608042000,   2.333,9999.000,  -0.200,   0.231,   2.364,  -0.300,   2.264,  -0.200,   2.364
202608042006,   2.232,9999.000,9999.000,9999.000,9999.000,9999.000,9999.000,9999.000,9999.000
202608042012,   2.132,9999.000,9999.000,9999.000,9999.000,9999.000,9999.000,9999.000,9999.000
202608042018,   2.034,9999.000,9999.000,9999.000,9999.000,9999.000,9999.000,9999.000,9999.000
202608042024,   1.939,9999.000,9999.000,9999.000,9999.000,9999.000,9999.000,9999.000,9999.000
202608042030,   1.847,9999.000,9999.000,9999.000,9999.000,9999.000,9999.000,9999.000,9999.000
202608042036,   1.757,9999.000,9999.000,9999.000,9999.000,9999.000,9999.000,9999.000,9999.000
202608042042,   1.670,9999.000,9999.000,9999.000,9999.000,9999.000,9999.000,9999.000,9999.000
202608042048,   1.587,9999.000,9999.000,9999.000,9999.000,9999.000,9999.000,9999.000,9999.000
202608042054,   1.507,9999.000,9999.000,9999.000,9999.000,9999.000,9999.000,9999.000,9999.000
202608042100,   1.431,9999.000,  -0.200,   0.231,   1.462,  -0.300,   1.362,  -0.100,   1.562
202608042106,   1.358,9999.000,9999.000,9999.000,9999.000,9999.000,9999.000,9999.000,9999.000
202608042112,   1.290,9999.000,9999.000,9999.000,9999.000,9999.000,9999.000,9999.000,9999.000
202608042118,   1.226,9999.000,9999.000,9999.000,9999.000,9999.000,9999.000,9999.000,9999.000
202608042124,   1.166,9999.000,9999.000,9999.000,9999.000,9999.000,9999.000,9999.000,9999.000
202608042130,   1.111,9999.000,9999.000,9999.000,9999.000,9999.000,9999.000,9999.000,9999.000
202608042136,   1.060,9999.000,9999.000,9999.000,9999.000,9999.000,9999.000,9999.000,9999.000
202608042142,   1.014,9999.000,9999.000,9999.000,9999.000,9999.000,9999.000,9999.000,9999.000
202608042148,   0.974,9999.000,9999.000,9999.000,9999.000,9999.000,9999.000,9999.000,9999.000
202608042154,   0.939,9999.000,9999.000,9999.000,9999.000,9999.000,9999.000,9999.000,9999.000
202608042200,   0.908,9999.000,  -0.200,   0.231,   0.939,  -0.300,   0.839,  -0.100,   1.039
202608042206,   0.884,9999.000,9999.000,9999.000,9999.000,9999.000,9999.000,9999.000,9999.000
202608042212,   0.864,9999.000,9999.000,9999.000,9999.000,9999.000,9999.000,9999.000,9999.000
202608042218,   0.850,9999.000,9999.000,9999.000,9999.000,9999.000,9999.000,9999.000,9999.000
202608042224,   0.842,9999.000,9999.000,9999.000,9999.000,9999.000,9999.000,9999.000,9999.000
202608042230,   0.839,9999.000,9999.000,9999.000,9999.000,9999.000,9999.000,9999.000,9999.000
202608042236,   0.842,9999.000,9999.000,9999.000,9999.000,9999.000,9999.000,9999.000,9999.000
202608042242,   0.851,9999.000,9999.000,9999.000,9999.000,9999.000,9999.000,9999.000,9999.000
202608042248,   0.865,9999.000,9999.000,9999.000,9999.000,9999.000,9999.000,9999.000,9999.000
202608042254,   0.884,9999.000,9999.000,9999.000,9999.000,9999.000,9999.000,9999.000,9999.000
202608042300,   0.909,9999.000,  -0.200,   0.231,   0.940,  -0.300,   0.840,  -0.100,   1.040
202608042306,   0.940,9999.000,9999.000,9999.000,9999.000,9999.000,9999.000,9999.000,9999.000
202608042312,   0.975,9999.000,9999.000,9999.000,9999.000,9999.000,9999.000,9999.000,9999.000
202608042318,   1.016,9999.000,9999.000,9999.000,9999.000,9999.000,9999.000,9999.000,9999.000
202608042324,   1.062,9999.000,9999.000,9999.000,9999.000,9999.000,9999.000,9999.000,9999.000
202608042330,   1.112,9999.000,9999.000,9999.000,9999.000,9999.000,9999.000,9999.000,9999.000
202608042336,   1.167,9999.000,9999.000,9999.000,9999.000,9999.000,9999.000,9999.000,9999.000
202608042342,   1.227,9999.000,9999.000,9999.000,9999.000,9999.000,9999.000,9999.000,9999.000
202608042348,   1.290,9999.000,9999.000,9999.000,9999.000,9999.000,9999.000,9999.000,9999.000
202608042354,   1.358,9999.000,9999.000,9999.000,9999.000,9999.000,9999.000,9999.000,9999.000
202608050000,   1.430,9999.000,  -0.200,   0.231,   1.461,  -0.300,   1.361,  -0.100,   1.561
202608050006,   1.505,9999.000,9999.000,9999.000,9999.000,9999.000,9999.000,9999.000,9999.000
202608050012,   1.583,9999.000,9999.000,9999.000,9999.000,9999.000,9999.000,9999.000,9999.000
202608050018,   1.664,9999.000,9999.000,9999.000,9999.000,9999.000,9999.000,9999.000,9999.000
202608050024,   1.749,9999.000,9999.000,9999.000,9999.000,9999.000,9999.000,9999.000,9999.000
202608050030,   1.835,9999.000,9999.000,9999.000,9999.000,9999.000,9999.000,9999.000,9999.000
202608050036,   1.924,9999.000,9999.000,9999.000,9999.000,9999.000,9999.000,9999.000,9999.000
202608050042,   2.015,9999.000,9999.000,9999.000,9999.000,9999.000,9999.000,9999.000,9999.000
202608050048,   2.107,9999.000,9999.000,9999.000,9999.000,9999.000,9999.000,9999.000,9999.000
202608050054,   2.201,9999.000,9999.000,9999.000,9999.000,9999.000,9999.000,9999.000,9999.000
202608050100,   2.296,9999.000,  -0.300,   0.231,   2.227,  -0.300,   2.227,  -0.200,   2.327
202608050106,   2.392,9999.000,9999.000,9999.000,9999.000,9999.000,9999.000,9999.000,9999.000
202608050112,   2.489,9999.000,9999.000,9999.000,9999.000,9999.000,9999.000,9999.000,9999.000
202608050118,   2.586,9999.000,9999.000,9999.000,9999.000,9999.000,9999.000,9999.000,9999.000
202608050124,   2.684,9999.000,9999.000,9999.000,9999.000,9999.000,9999.000,9999.000,9999.000
202608050130,   2.781,9999.000,9999.000,9999.000,9999.000,9999.000,9999.000,9999.000,9999.000
202608050136,   2.878,9999.000,9999.000,9999.000,9999.000,9999.000,9999.000,9999.000,9999.000
202608050142,   2.975,9999.000,9999.000,9999.000,9999.000,9999.000,9999.000,9999.000,9999.000
202608050148,   3.070,9999.000,9999.000,9999.000,9999.000,9999.000,9999.000,9999.000,9999.000
202608050154,   3.165,9999.000,9999.000,9999.000,9999.000,9999.000,9999.000,9999.000,9999.000
202608050200,   3.259,9999.000,  -0.300,   0.231,   3.190,  -0.400,   3.090,  -0.200,   3.290
202608050206,   3.352,9999.000,9999.000,9999.000,9999.000,9999.000,9999.000,9999.000,9999.000
202608050212,   3.443,9999.000,9999.000,9999.000,9999.000,9999.000,9999.000,9999.000,9999.000
202608050218,   3.532,9999.000,9999.000,9999.000,9999.000,9999.000,9999.000,9999.000,9999.000
202608050224,   3.619,9999.000,9999.000,9999.000,9999.000,9999.000,9999.000,9999.000,9999.000
202608050230,   3.705,9999.000,9999.000,9999.000,9999.000,9999.000,9999.000,9999.000,9999.000
202608050236,   3.788,9999.000,9999.000,9999.000,9999.000,9999.000,9999.000,9999.000,9999.000
202608050242,   3.868,9999.000,9999.000,9999.000,9999.000,9999.000,9999.000,9999.000,9999.000
202608050248,   3.946,9999.000,9999.000,9999.000,9999.000,9999.000,9999.000,9999.000,9999.000
202608050254,   4.021,9999.000,9999.000,9999.000,9999.000,9999.000,9999.000,9999.000,9999.000
202608050300,   4.094,9999.000,  -0.300,   0.231,   4.025,  -0.400,   3.925,  -0.200,   4.125
202608050306,   4.163,9999.000,9999.000,9999.000,9999.000,9999.000,9999.000,9999.000,9999.000
202608050312,   4.228,9999.000,9999.000,9999.000,9999.000,9999.000,9999.000,9999.000,9999.000
202608050318,   4.290,9999.000,9999.000,9999.000,9999.000,9999.000,9999.000,9999.000,9999.000
202608050324,   4.349,9999.000,9999.000,9999.000,9999.000,9999.000,9999.000,9999.000,9999.000
202608050330,   4.404,9999.000,9999.000,9999.000,9999.000,9999.000,9999.000,9999.000,9999.000
202608050336,   4.454,9999.000,9999.000,9999.000,9999.000,9999.000,9999.000,9999.000,9999.000
202608050342,   4.500,9999.000,9999.000,9999.000,9999.000,9999.000,9999.000,9999.000,9999.000
202608050348,   4.542,9999.000,9999.000,9999.000,9999.000,9999.000,9999.000,9999.000,9999.000
202608050354,   4.580,9999.000,9999.000,9999.000,9999.000,9999.000,9999.000,9999.000,9999.000
202608050400,   4.613,9999.000,  -0.300,   0.231,   4.544,  -0.400,   4.444,  -0.200,   4.644
202608050406,   4.641,9999.000,9999.000,9999.000,9999.000,9999.000,9999.000,9999.000,9999.000
202608050412,   4.664,9999.000,9999.000,9999.000,9999.000,9999.000,9999.000,9999.000,9999.000
202608050418,   4.682,9999.000,9999.000,9999.000,9999.000,9999.000,9999.000,9999.000,9999.000
202608050424,   4.694,9999.000,9999.000,9999.000,9999.000,9999.000,9999.000,9999.000,9999.000
202608050430,   4.702,9999.000,9999.000,9999.000,9999.000,9999.000,9999.000,9999.000,9999.000
202608050436,   4.704,9999.000,9999.000,9999.000,9999.000,9999.000,9999.000,9999.000,9999.000
202608050442,   4.700,9999.000,9999.000,9999.000,9999.000,9999.000,9999.000,9999.000,9999.000
202608050448,   4.692,9999.000,9999.000,9999.000,9999.000,9999.000,9999.000,9999.000,9999.000
202608050454,   4.677,9999.000,9999.000,9999.000,9999.000,9999.000,9999.000,9999.000,9999.000
202608050500,   4.657,9999.000,  -0.400,   0.231,   4.488,  -0.500,   4.388,  -0.300,   4.588
202608050506,   4.632,9999.000,9999.000,9999.000,9999.000,9999.000,9999.000,9999.000,9999.000
202608050512,   4.601,9999.000,9999.000,9999.000,9999.000,9999.000,9999.000,9999.000,9999.000
202608050518,   4.564,9999.000,9999.000,9999.000,9999.000,9999.000,9999.000,9999.000,9999.000
202608050524,   4.522,9999.000,9999.000,9999.000,9999.000,9999.000,9999.000,9999.000,9999.000
202608050530,   4.475,9999.000,9999.000,9999.000,9999.000,9999.000,9999.000,9999.000,9999.000
202608050536,   4.422,9999.000,9999.000,9999.000,9999.000,9999.000,9999.000,9999.000,9999.000
202608050542,   4.364,9999.000,9999.000,9999.000,9999.000,9999.000,9999.000,9999.000,9999.000
202608050548,   4.302,9999.000,9999.000,9999.000,9999.000,9999.000,9999.000,9999.000,9999.000
202608050554,   4.234,9999.000,9999.000,9999.000,9999.000,9999.000,9999.000,9999.000,9999.000
202608050600,   4.162,9999.000,  -0.400,   0.231,   3.993,  -0.500,   3.893,  -0.300,   4.093
202608050606,   4.085,9999.000,9999.000,9999.000,9999.000,9999.000,9999.000,9999.000,9999.000
202608050612,   4.004,9999.000,9999.000,9999.000,9999.000,9999.000,9999.000,9999.000,9999.000
202608050618,   3.918,9999.000,9999.000,9999.000,9999.000,9999.000,9999.000,9999.000,9999.000
202608050624,   3.829,9999.000,9999.000,9999.000,9999.000,9999.000,9999.000,9999.000,9999.000
202608050630,   3.736,9999.000,9999.000,9999.000,9999.000,9999.000,9999.000,9999.000,9999.000
202608050636,   3.640,9999.000,9999.000,9999.000,9999.000,9999.000,9999.000,9999.000,9999.000
202608050642,   3.541,9999.000,9999.000,9999.000,9999.000,9999.000,9999.000,9999.000,9999.000
202608050648,   3.439,9999.000,9999.000,9999.000,9999.000,9999.000,9999.000,9999.000,9999.000
202608050654,   3.334,9999.000,9999.000,9999.000,9999.000,9999.000,9999.000,9999.000,9999.000
202608050700,   3.227,9999.000,  -0.400,   0.231,   3.058,  -0.500,   2.958,  -0.300,   3.158
202608050706,   3.118,9999.000,9999.000,9999.000,9999.000,9999.000,9999.000,9999.000,9999.000
202608050712,   3.007,9999.000,9999.000,9999.000,9999.000,9999.000,9999.000,9999.000,9999.000
202608050718,   2.895,9999.000,9999.000,9999.000,9999.000,9999.000,9999.000,9999.000,9999.000
202608050724,   2.781,9999.000,9999.000,9999.000,9999.000,9999.000,9999.000,9999.000,9999.000
202608050730,   2.667,9999.000,9999.000,9999.000,9999.000,9999.000,9999.000,9999.000,9999.000
202608050736,   2.552,9999.000,9999.000,9999.000,9999.000,9999.000,9999.000,9999.000,9999.000
202608050742,   2.437,9999.000,9999.000,9999.000,9999.000,9999.000,9999.000,9999.000,9999.000
202608050748,   2.322,9999.000,9999.000,9999.000,9999.000,9999.000,9999.000,9999.000,9999.000
202608050754,   2.207,9999.000,9999.000,9999.000,9999.000,9999.000,9999.000,9999.000,9999.000
202608050800,   2.092,9999.000,  -0.300,   0.231,   2.023,  -0.500,   1.823,  -0.200,   2.123
202608050806,   1.978,9999.000,9999.000,9999.000,9999.000,9999.000,9999.000,9999.000,9999.000
202608050812,   1.866,9999.000,9999.000,9999.000,9999.000,9999.000,9999.000,9999.000,9999.000
202608050818,   1.755,9999.000,9999.000,9999.000,9999.000,9999.000,9999.000,9999.000,9999.000
202608050824,   1.645,9999.000,9999.000,9999.000,9999.000,9999.000,9999.000,9999.000,9999.000
202608050830,   1.537,9999.000,9999.000,9999.000,9999.000,9999.000,9999.000,9999.000,9999.000
202608050836,   1.432,9999.000,9999.000,9999.000,9999.000,9999.000,9999.000,9999.000,9999.000
202608050842,   1.329,9999.000,9999.000,9999.000,9999.000,9999.000,9999.000,9999.000,9999.000
202608050848,   1.229,9999.000,9999.000,9999.000,9999.000,9999.000,9999.000,9999.000,9999.000
202608050854,   1.132,9999.000,9999.000,9999.000,9999.000,9999.000,9999.000,9999.000,9999.000
202608050900,   1.038,9999.000,  -0.300,   0.231,   0.969,  -0.400,   0.869,  -0.200,   1.069
202608050906,   0.948,9999.000,9999.000,9999.000,9999.000,9999.000,9999.000,9999.000,9999.000
202608050912,   0.861,9999.000,9999.000,9999.000,9999.000,9999.000,9999.000,9999.000,9999.000
202608050918,   0.779,9999.000,9999.000,9999.000,9999.000,9999.000,9999.000,9999.000,9999.000
202608050924,   0.700,9999.000,9999.000,9999.000,9999.000,9999.000,9999.000,9999.000,9999.000
202608050930,   0.627,9999.000,9999.000,9999.000,9999.000,9999.000,9999.000,9999.000,9999.000
202608050936,   0.558,9999.000,9999.000,9999.000,9999.000,9999.000,9999.000,9999.000,9999.000
202608050942,   0.494,9999.000,9999.000,9999.000,9999.000,9999.000,9999.000,9999.000,9999.000
202608050948,   0.435,9999.000,9999.000,9999.000,9999.000,9999.000,9999.000,9999.000,9999.000
202608050954,   0.382,9999.000,9999.000,9999.000,9999.000,9999.000,9999.000,9999.000,9999.000
202608051000,   0.334,9999.000,  -0.300,   0.231,   0.265,  -0.400,   0.165,  -0.200,   0.365
202608051006,   0.292,9999.000,9999.000,9999.000,9999.000,9999.000,9999.000,9999.000,9999.000
202608051012,   0.256,9999.000,9999.000,9999.000,9999.000,9999.000,9999.000,9999.000,9999.000
202608051018,   0.226,9999.000,9999.000,9999.000,9999.000,9999.000,9999.000,9999.000,9999.000
202608051024,   0.202,9999.000,9999.000,9999.000,9999.000,9999.000,9999.000,9999.000,9999.000
202608051030,   0.185,9999.000,9999.000,9999.000,9999.000,9999.000,9999.000,9999.000,9999.000
202608051036,   0.174,9999.000,9999.000,9999.000,9999.000,9999.000,9999.000,9999.000,9999.000
202608051042,   0.170,9999.000,9999.000,9999.000,9999.000,9999.000,9999.000,9999.000,9999.000
202608051048,   0.172,9999.000,9999.000,9999.000,9999.000,9999.000,9999.000,9999.000,9999.000
202608051054,   0.181,9999.000,9999.000,9999.000,9999.000,9999.000,9999.000,9999.000,9999.000
202608051100,   0.196,9999.000,  -0.400,   0.231,   0.027,  -0.500,  -0.073,  -0.300,   0.127
202608051106,   0.218,9999.000,9999.000,9999.000,9999.000,9999.000,9999.000,9999.000,9999.000
202608051112,   0.246,9999.000,9999.000,9999.000,9999.000,9999.000,9999.000,9999.000,9999.000
202608051118,   0.281,9999.000,9999.000,9999.000,9999.000,9999.000,9999.000,9999.000,9999.000
202608051124,   0.323,9999.000,9999.000,9999.000,9999.000,9999.000,9999.000,9999.000,9999.000
202608051130,   0.370,9999.000,9999.000,9999.000,9999.000,9999.000,9999.000,9999.000,9999.000
202608051136,   0.424,9999.000,9999.000,9999.000,9999.000,9999.000,9999.000,9999.000,9999.000
202608051142,   0.484,9999.000,9999.000,9999.000,9999.000,9999.000,9999.000,9999.000,9999.000
202608051148,   0.550,9999.000,9999.000,9999.000,9999.000,9999.000,9999.000,9999.000,9999.000
202608051154,   0.621,9999.000,9999.000,9999.000,9999.000,9999.000,9999.000,9999.000,9999.000
202608051200,   0.698,9999.000,  -0.400,   0.231,   0.529,  -0.500,   0.429,  -0.300,   0.629
202608051206,   0.780,9999.000,9999.000,9999.000,9999.000,9999.000,9999.000,9999.000,9999.000
202608051212,   0.867,9999.000,9999.000,9999.000,9999.000,9999.000,9999.000,9999.000,9999.000
202608051218,   0.959,9999.000,9999.000,9999.000,9999.000,9999.000,9999.000,9999.000,9999.000
202608051224,   1.055,9999.000,9999.000,9999.000,9999.000,9999.000,9999.000,9999.000,9999.000
202608051230,   1.156,9999.000,9999.000,9999.000,9999.000,9999.000,9999.000,9999.000,9999.000
202608051236,   1.260,9999.000,9999.000,9999.000,9999.000,9999.000,9999.000,9999.000,9999.000
202608051242,   1.368,9999.000,9999.000,9999.000,9999.000,9999.000,9999.000,9999.000,9999.000
202608051248,   1.479,9999.000,9999.000,9999.000,9999.000,9999.000,9999.000,9999.000,9999.000
202608051254,   1.593,9999.000,9999.000,9999.000,9999.000,9999.000,9999.000,9999.000,9999.000
202608051300,   1.709,9999.000,  -0.400,   0.231,   1.540,  -0.500,   1.440,  -0.300,   1.640
202608051306,   1.828,9999.000,9999.000,9999.000,9999.000,9999.000,9999.000,9999.000,9999.000
202608051312,   1.949,9999.000,9999.000,9999.000,9999.000,9999.000,9999.000,9999.000,9999.000
202608051318,   2.072,9999.000,9999.000,9999.000,9999.000,9999.000,9999.000,9999.000,9999.000
202608051324,   2.197,9999.000,9999.000,9999.000,9999.000,9999.000,9999.000,9999.000,9999.000
202608051330,   2.322,9999.000,9999.000,9999.000,9999.000,9999.000,9999.000,9999.000,9999.000
202608051336,   2.448,9999.000,9999.000,9999.000,9999.000,9999.000,9999.000,9999.000,9999.000
202608051342,   2.575,9999.000,9999.000,9999.000,9999.000,9999.000,9999.000,9999.000,9999.000
202608051348,   2.702,9999.000,9999.000,9999.000,9999.000,9999.000,9999.000,9999.000,9999.000
202608051354,   2.829,9999.000,9999.000,9999.000,9999.000,9999.000,9999.000,9999.000,9999.000
202608051400,   2.956,9999.000,  -0.500,   0.231,   2.687,  -0.600,   2.587,  -0.400,   2.787
202608051406,   3.082,9999.000,9999.000,9999.000,9999.000,9999.000,9999.000,9999.000,9999.000
202608051412,   3.207,9999.000,9999.000,9999.000,9999.000,9999.000,9999.000,9999.000,9999.000
202608051418,   3.331,9999.000,9999.000,9999.000,9999.000,9999.000,9999.000,9999.000,9999.000
202608051424,   3.454,9999.000,9999.000,9999.000,9999.000,9999.000,9999.000,9999.000,9999.000
202608051430,   3.575,9999.000,9999.000,9999.000,9999.000,9999.000,9999.000,9999.000,9999.000
202608051436,   3.695,9999.000,9999.000,9999.000,9999.000,9999.000,9999.000,9999.000,9999.000
202608051442,   3.812,9999.000,9999.000,9999.000,9999.000,9999.000,9999.000,9999.000,9999.000
202608051448,   3.927,9999.000,9999.000,9999.000,9999.000,9999.000,9999.000,9999.000,9999.000
202608051454,   4.040,9999.000,9999.000,9999.000,9999.000,9999.000,9999.000,9999.000,9999.000
202608051500,   4.150,9999.000,  -0.400,   0.231,   3.981,  -0.500,   3.881,  -0.300,   4.081
202608051506,   4.256,9999.000,9999.000,9999.000,9999.000,9999.000,9999.000,9999.000,9999.000
202608051512,   4.360,9999.000,9999.000,9999.000,9999.000,9999.000,9999.000,9999.000,9999.000
202608051518,   4.460,9999.000,9999.000,9999.000,9999.000,9999.000,9999.000,9999.000,9999.000
202608051524,   4.556,9999.000,9999.000,9999.000,9999.000,9999.000,9999.000,9999.000,9999.000
202608051530,   4.649,9999.000,9999.000,9999.000,9999.000,9999.000,9999.000,9999.000,9999.000
202608051536,   4.737,9999.000,9999.000,9999.000,9999.000,9999.000,9999.000,9999.000,9999.000
202608051542,   4.821,9999.000,9999.000,9999.000,9999.000,9999.000,9999.000,9999.000,9999.000
202608051548,   4.901,9999.000,9999.000,9999.000,9999.000,9999.000,9999.000,9999.000,9999.000
202608051554,   4.976,9999.000,9999.000,9999.000,9999.000,9999.000,9999.000,9999.000,9999.000
202608051600,   5.046,9999.000,  -0.400,   0.231,   4.877,  -0.500,   4.777,  -0.300,   4.977
202608051606,   5.111,9999.000,9999.000,9999.000,9999.000,9999.000,9999.000,9999.000,9999.000
202608051612,   5.170,9999.000,9999.000,9999.000,9999.000,9999.000,9999.000,9999.000,9999.000
202608051618,   5.224,9999.000,9999.000,9999.000,9999.000,9999.000,9999.000,9999.000,9999.000
202608051624,   5.273,9999.000,9999.000,9999.000,9999.000,9999.000,9999.000,9999.000,9999.000
202608051630,   5.316,9999.000,9999.000,9999.000,9999.000,9999.000,9999.000,9999.000,9999.000
202608051636,   5.353,9999.000,9999.000,9999.000,9999.000,9999.000,9999.000,9999.000,9999.000
202608051642,   5.384,9999.000,9999.000,9999.000,9999.000,9999.000,9999.000,9999.000,9999.000
202608051648,   5.409,9999.000,9999.000,9999.000,9999.000,9999.000,9999.000,9999.000,9999.000
202608051654,   5.427,9999.000,9999.000,9999.000,9999.000,9999.000,9999.000,9999.000,9999.000
202608051700,   5.440,9999.000,  -0.400,   0.231,   5.271,  -0.500,   5.171,  -0.300,   5.371
202608051706,   5.447,9999.000,9999.000,9999.000,9999.000,9999.000,9999.000,9999.000,9999.000
202608051712,   5.447,9999.000,9999.000,9999.000,9999.000,9999.000,9999.000,9999.000,9999.000
202608051718,   5.441,9999.000,9999.000,9999.000,9999.000,9999.000,9999.000,9999.000,9999.000
202608051724,   5.428,9999.000,9999.000,9999.000,9999.000,9999.000,9999.000,9999.000,9999.000
202608051730,   5.410,9999.000,9999.000,9999.000,9999.000,9999.000,9999.000,9999.000,9999.000
202608051736,   5.385,9999.000,9999.000,9999.000,9999.000,9999.000,9999.000,9999.000,9999.000
202608051742,   5.354,9999.000,9999.000,9999.000,9999.000,9999.000,9999.000,9999.000,9999.000
202608051748,   5.318,9999.000,9999.000,9999.000,9999.000,9999.000,9999.000,9999.000,9999.000
202608051754,   5.275,9999.000,9999.000,9999.000,9999.000,9999.000,9999.000,9999.000,9999.000
202608051800,   5.227,9999.000,  -0.400,   0.231,   5.058,  -0.500,   4.958,  -0.300,   5.158
202608051806,   5.174,9999.000,9999.000,9999.000,9999.000,9999.000,9999.000,9999.000,9999.000
202608051812,   5.115,9999.000,9999.000,9999.000,9999.000,9999.000,9999.000,9999.000,9999.000
202608051818,   5.051,9999.000,9999.000,9999.000,9999.000,9999.000,9999.000,9999.000,9999.000
202608051824,   4.982,9999.000,9999.000,9999.000,9999.000,9999.000,9999.000,9999.000,9999.000
202608051830,   4.909,9999.000,9999.000,9999.000,9999.000,9999.000,9999.000,9999.000,9999.000
202608051836,   4.831,9999.000,9999.000,9999.000,9999.000,9999.000,9999.000,9999.000,9999.000
202608051842,   4.749,9999.000,9999.000,9999.000,9999.000,9999.000,9999.000,9999.000,9999.000
202608051848,   4.664,9999.000,9999.000,9999.000,9999.000,9999.000,9999.000,9999.000,9999.000
202608051854,   4.574,9999.000,9999.000,9999.000,9999.000,9999.000,9999.000,9999.000,9999.000
202608051900,   4.482,9999.000,  -0.400,   0.231,   4.313,  -0.500,   4.213,  -0.300,   4.413
202608051906,   4.386,9999.000,9999.000,9999.000,9999.000,9999.000,9999.000,9999.000,9999.000
202608051912,   4.288,9999.000,9999.000,9999.000,9999.000,9999.000,9999.000,9999.000,9999.000
202608051918,   4.187,9999.000,9999.000,9999.000,9999.000,9999.000,9999.000,9999.000,9999.000
202608051924,   4.084,9999.000,9999.000,9999.000,9999.000,9999.000,9999.000,9999.000,9999.000
202608051930,   3.979,9999.000,9999.000,9999.000,9999.000,9999.000,9999.000,9999.000,9999.000
202608051936,   3.872,9999.000,9999.000,9999.000,9999.000,9999.000,9999.000,9999.000,9999.000
202608051942,   3.765,9999.000,9999.000,9999.000,9999.000,9999.000,9999.000,9999.000,9999.000
202608051948,   3.656,9999.000,9999.000,9999.000,9999.000,9999.000,9999.000,9999.000,9999.000
202608051954,   3.546,9999.000,9999.000,9999.000,9999.000,9999.000,9999.000,9999.000,9999.000
202608052000,   3.436,9999.000,  -0.400,   0.231,   3.267,  -0.400,   3.267,  -0.300,   3.367
202608052006,   3.325,9999.000,9999.000,9999.000,9999.000,9999.000,9999.000,9999.000,9999.000
202608052012,   3.215,9999.000,9999.000,9999.000,9999.000,9999.000,9999.000,9999.000,9999.000
202608052018,   3.105,9999.000,9999.000,9999.000,9999.000,9999.000,9999.000,9999.000,9999.000
202608052024,   2.995,9999.000,9999.000,9999.000,9999.000,9999.000,9999.000,9999.000,9999.000
202608052030,   2.886,9999.000,9999.000,9999.000,9999.000,9999.000,9999.000,9999.000,9999.000
202608052036,   2.778,9999.000,9999.000,9999.000,9999.000,9999.000,9999.000,9999.000,9999.000
202608052042,   2.671,9999.000,9999.000,9999.000,9999.000,9999.000,9999.000,9999.000,9999.000
202608052048,   2.566,9999.000,9999.000,9999.000,9999.000,9999.000,9999.000,9999.000,9999.000
202608052054,   2.462,9999.000,9999.000,9999.000,9999.000,9999.000,9999.000,9999.000,9999.000
202608052100,   2.360,9999.000,  -0.400,   0.231,   2.191,  -0.400,   2.191,  -0.300,   2.291
202608052106,   2.260,9999.000,9999.000,9999.000,9999.000,9999.000,9999.000,9999.000,9999.000
202608052112,   2.163,9999.000,9999.000,9999.000,9999.000,9999.000,9999.000,9999.000,9999.000
202608052118,   2.068,9999.000,9999.000,9999.000,9999.000,9999.000,9999.000,9999.000,9999.000
202608052124,   1.975,9999.000,9999.000,9999.000,9999.000,9999.000,9999.000,9999.000,9999.000
202608052130,   1.886,9999.000,9999.000,9999.000,9999.000,9999.000,9999.000,9999.000,9999.000
202608052136,   1.799,9999.000,9999.000,9999.000,9999.000,9999.000,9999.000,9999.000,9999.000
202608052142,   1.716,9999.000,9999.000,9999.000,9999.000,9999.000,9999.000,9999.000,9999.000
202608052148,   1.636,9999.000,9999.000,9999.000,9999.000,9999.000,9999.000,9999.000,9999.000
202608052154,   1.559,9999.000,9999.000,9999.000,9999.000,9999.000,9999.000,9999.000,9999.000
202608052200,   1.487,9999.000,  -0.300,   0.231,   1.418,  -0.400,   1.318,  -0.200,   1.518
202608052206,   1.418,9999.000,9999.000,9999.000,9999.000,9999.000,9999.000,9999.000,9999.000
202608052212,   1.353,9999.000,9999.000,9999.000,9999.000,9999.000,9999.000,9999.000,9999.000
202608052218,   1.293,9999.000,9999.000,9999.000,9999.000,9999.000,9999.000,9999.000,9999.000
202608052224,   1.236,9999.000,9999.000,9999.000,9999.000,9999.000,9999.000,9999.000,9999.000
202608052230,   1.185,9999.000,9999.000,9999.000,9999.000,9999.000,9999.000,9999.000,9999.000
202608052236,   1.138,9999.000,9999.000,9999.000,9999.000,9999.000,9999.000,9999.000,9999.000
202608052242,   1.095,9999.000,9999.000,9999.000,9999.000,9999.000,9999.000,9999.000,9999.000
202608052248,   1.058,9999.000,9999.000,9999.000,9999.000,9999.000,9999.000,9999.000,9999.000
202608052254,   1.025,9999.000,9999.000,9999.000,9999.000,9999.000,9999.000,9999.000,9999.000
202608052300,   0.997,9999.000,  -0.300,   0.231,   0.928,  -0.400,   0.828,  -0.200,   1.028
202608052306,   0.975,9999.000,9999.000,9999.000,9999.000,9999.000,9999.000,9999.000,9999.000
202608052312,   0.957,9999.000,9999.000,9999.000,9999.000,9999.000,9999.000,9999.000,9999.000
202608052318,   0.945,9999.000,9999.000,9999.000,9999.000,9999.000,9999.000,9999.000,9999.000
202608052324,   0.937,9999.000,9999.000,9999.000,9999.000,9999.000,9999.000,9999.000,9999.000
202608052330,   0.935,9999.000,9999.000,9999.000,9999.000,9999.000,9999.000,9999.000,9999.000
202608052336,   0.938,9999.000,9999.000,9999.000,9999.000,9999.000,9999.000,9999.000,9999.000
202608052342,   0.945,9999.000,9999.000,9999.000,9999.000,9999.000,9999.000,9999.000,9999.000
202608052348,   0.958,9999.000,9999.000,9999.000,9999.000,9999.000,9999.000,9999.000,9999.000
202608052354,   0.975,9999.000,9999.000,9999.000,9999.000,9999.000,9999.000,9999.000,9999.000
202608060000,   0.998,9999.000,  -0.300,   0.231,   0.929,  -0.400,   0.829,  -0.200,   1.029
202608060006,   1.025,9999.000,9999.000,9999.000,9999.000,9999.000,9999.000,9999.000,9999.000
202608060012,   1.057,9999.000,9999.000,9999.000,9999.000,9999.000,9999.000,9999.000,9999.000
202608060018,   1.093,9999.000,9999.000,9999.000,9999.000,9999.000,9999.000,9999.000,9999.000
202608060024,   1.133,9999.000,9999.000,9999.000,9999.000,9999.000,9999.000,9999.000,9999.000
202608060030,   1.178,9999.000,9999.000,9999.000,9999.000,9999.000,9999.000,9999.000,9999.000
202608060036,   1.227,9999.000,9999.000,9999.000,9999.000,9999.000,9999.000,9999.000,9999.000
202608060042,   1.279,9999.000,9999.000,9999.000,9999.000,9999.000,9999.000,9999.000,9999.000
202608060048,   1.336,9999.000,9999.000,9999.000,9999.000,9999.000,9999.000,9999.000,9999.000
202608060054,   1.395,9999.000,9999.000,9999.000,9999.000,9999.000,9999.000,9999.000,9999.000
202608060100,   1.458,9999.000,  -0.300,   0.231,   1.389,  -0.400,   1.289,  -0.200,   1.489
202608060106,   1.525,9999.000,9999.000,9999.000,9999.000,9999.000,9999.000,9999.000,9999.000
202608060112,   1.594,9999.000,9999.000,9999.000,9999.000,9999.000,9999.000,9999.000,9999.000
202608060118,   1.666,9999.000,9999.000,9999.000,9999.000,9999.000,9999.000,9999.000,9999.000
202608060124,   1.740,9999.000,9999.000,9999.000,9999.000,9999.000,9999.000,9999.000,9999.000
202608060130,   1.817,9999.000,9999.000,9999.000,9999.000,9999.000,9999.000,9999.000,9999.000
202608060136,   1.896,9999.000,9999.000,9999.000,9999.000,9999.000,9999.000,9999.000,9999.000
202608060142,   1.977,9999.000,9999.000,9999.000,9999.000,9999.000,9999.000,9999.000,9999.000
202608060148,   2.060,9999.000,9999.000,9999.000,9999.000,9999.000,9999.000,9999.000,9999.000
202608060154,   2.144,9999.000,9999.000,9999.000,9999.000,9999.000,9999.000,9999.000,9999.000
202608060200,   2.230,9999.000,  -0.300,   0.231,   2.161,  -0.400,   2.061,  -0.200,   2.261
202608060206,   2.317,9999.000,9999.000,9999.000,9999.000,9999.000,9999.000,9999.000,9999.000
202608060212,   2.405,9999.000,9999.000,9999.000,9999.000,9999.000,9999.000,9999.000,9999.000
202608060218,   2.494,9999.000,9999.000,9999.000,9999.000,9999.000,9999.000,9999.000,9999.000
202608060224,   2.583,9999.000,9999.000,9999.000,9999.000,9999.000,9999.000,9999.000,9999.000
202608060230,   2.673,9999.000,9999.000,9999.000,9999.000,9999.000,9999.000,9999.000,9999.000
202608060236,   2.763,9999.000,9999.000,9999.000,9999.000,9999.000,9999.000,9999.000,9999.000
202608060242,   2.854,9999.000,9999.000,9999.000,9999.000,9999.000,9999.000,9999.000,9999.000
202608060248,   2.944,9999.000,9999.000,9999.000,9999.000,9999.000,9999.000,9999.000,9999.000
202608060254,   3.034,9999.000,9999.000,9999.000,9999.000,9999.000,9999.000,9999.000,9999.000
202608060300,   3.124,9999.000,  -0.300,   0.231,   3.055,  -0.400,   2.955,  -0.200,   3.155
202608060306,   3.212,9999.000,9999.000,9999.000,9999.000,9999.000,9999.000,9999.000,9999.000
202608060312,   3.300,9999.000,9999.000,9999.000,9999.000,9999.000,9999.000,9999.000,9999.000
202608060318,   3.387,9999.000,9999.000,9999.000,9999.000,9999.000,9999.000,9999.000,9999.000
202608060324,   3.473,9999.000,9999.000,9999.000,9999.000,9999.000,9999.000,9999.000,9999.000
202608060330,   3.557,9999.000,9999.000,9999.000,9999.000,9999.000,9999.000,9999.000,9999.000
202608060336,   3.639,9999.000,9999.000,9999.000,9999.000,9999.000,9999.000,9999.000,9999.000
202608060342,   3.719,9999.000,9999.000,9999.000,9999.000,9999.000,9999.000,9999.000,9999.000
202608060348,   3.797,9999.000,9999.000,9999.000,9999.000,9999.000,9999.000,9999.000,9999.000
202608060354,   3.872,9999.000,9999.000,9999.000,9999.000,9999.000,9999.000,9999.000,9999.000
202608060400,   3.945,9999.000,  -0.300,   0.231,   3.876,  -0.400,   3.776,  -0.200,   3.976
202608060406,   4.015,9999.000,9999.000,9999.000,9999.000,9999.000,9999.000,9999.000,9999.000
202608060412,   4.081,9999.000,9999.000,9999.000,9999.000,9999.000,9999.000,9999.000,9999.000
202608060418,   4.145,9999.000,9999.000,9999.000,9999.000,9999.000,9999.000,9999.000,9999.000
202608060424,   4.204,9999.000,9999.000,9999.000,9999.000,9999.000,9999.000,9999.000,9999.000
202608060430,   4.260,9999.000,9999.000,9999.000,9999.000,9999.000,9999.000,9999.000,9999.000
202608060436,   4.311,9999.000,9999.000,9999.000,9999.000,9999.000,9999.000,9999.000,9999.000
202608060442,   4.358,9999.000,9999.000,9999.000,9999.000,9999.000,9999.000,9999.000,9999.000
202608060448,   4.401,9999.000,9999.000,9999.000,9999.000,9999.000,9999.000,9999.000,9999.000
202608060454,   4.439,9999.000,9999.000,9999.000,9999.000,9999.000,9999.000,9999.000,9999.000
202608060500,   4.472,9999.000,  -0.300,   0.231,   4.403,  -0.400,   4.303,  -0.200,   4.503
202608060506,   4.499,9999.000,9999.000,9999.000,9999.000,9999.000,9999.000,9999.000,9999.000
202608060512,   4.522,9999.000,9999.000,9999.000,9999.000,9999.000,9999.000,9999.000,9999.000
202608060518,   4.539,9999.000,9999.000,9999.000,9999.000,9999.000,9999.000,9999.000,9999.000
202608060524,   4.550,9999.000,9999.000,9999.000,9999.000,9999.000,9999.000,9999.000,9999.000
202608060530,   4.556,9999.000,9999.000,9999.000,9999.000,9999.000,9999.000,9999.000,9999.000
202608060536,   4.557,9999.000,9999.000,9999.000,9999.000,9999.000,9999.000,9999.000,9999.000
202608060542,   4.551,9999.000,9999.000,9999.000,9999.000,9999.000,9999.000,9999.000,9999.000
202608060548,   4.540,9999.000,9999.000,9999.000,9999.000,9999.000,9999.000,9999.000,9999.000
202608060554,   4.522,9999.000,9999.000,9999.000,9999.000,9999.000,9999.000,9999.000,9999.000
202608060600,   4.499,9999.000,  -0.300,   0.231,   4.430,  -0.400,   4.330,  -0.300,   4.430
202608060606,   4.471,9999.000,9999.000,9999.000,9999.000,9999.000,9999.000,9999.000,9999.000
202608060612,   4.436,9999.000,9999.000,9999.000,9999.000,9999.000,9999.000,9999.000,9999.000
202608060618,   4.396,9999.000,9999.000,9999.000,9999.000,9999.000,9999.000,9999.000,9999.000
202608060624,   4.350,9999.000,9999.000,9999.000,9999.000,9999.000,9999.000,9999.000,9999.000
202608060630,   4.299,9999.000,9999.000,9999.000,9999.000,9999.000,9999.000,9999.000,9999.000
202608060636,   4.243,9999.000,9999.000,9999.000,9999.000,9999.000,9999.000,9999.000,9999.000
202608060642,   4.181,9999.000,9999.000,9999.000,9999.000,9999.000,9999.000,9999.000,9999.000
202608060648,   4.115,9999.000,9999.000,9999.000,9999.000,9999.000,9999.000,9999.000,9999.000
202608060654,   4.044,9999.000,9999.000,9999.000,9999.000,9999.000,9999.000,9999.000,9999.000
202608060700,   3.968,9999.000,  -0.300,   0.231,   3.899,  -0.400,   3.799,  -0.200,   3.999
202608060706,   3.889,9999.000,9999.000,9999.000,9999.000,9999.000,9999.000,9999.000,9999.000
202608060712,   3.805,9999.000,9999.000,9999.000,9999.000,9999.000,9999.000,9999.000,9999.000
202608060718,   3.717,9999.000,9999.000,9999.000,9999.000,9999.000,9999.000,9999.000,9999.000
202608060724,   3.626,9999.000,9999.000,9999.000,9999.000,9999.000,9999.000,9999.000,9999.000
202608060730,   3.531,9999.000,9999.000,9999.000,9999.000,9999.000,9999.000,9999.000,9999.000
202608060736,   3.434,9999.000,9999.000,9999.000,9999.000,9999.000,9999.000,9999.000,9999.000
202608060742,   3.334,9999.000,9999.000,9999.000,9999.000,9999.000,9999.000,9999.000,9999.000
202608060748,   3.231,9999.000,9999.000,9999.000,9999.000,9999.000,9999.000,9999.000,9999.000
202608060754,   3.127,9999.000,9999.000,9999.000,9999.000,9999.000,9999.000,9999.000,9999.000
202608060800,   3.020,9999.000,  -0.300,   0.231,   2.951,  -0.400,   2.851,  -0.200,   3.051
202608060806,   2.912,9999.000,9999.000,9999.000,9999.000,9999.000,9999.000,9999.000,9999.000
202608060812,   2.803,9999.000,9999.000,9999.000,9999.000,9999.000,9999.000,9999.000,9999.000
202608060818,   2.692,9999.000,9999.000,9999.000,9999.000,9999.000,9999.000,9999.000,9999.000
202608060824,   2.581,9999.000,9999.000,9999.000,9999.000,9999.000,9999.000,9999.000,9999.000
202608060830,   2.470,9999.000,9999.000,9999.000,9999.000,9999.000,9999.000,9999.000,9999.000
202608060836,   2.359,9999.000,9999.000,9999.000,9999.000,9999.000,9999.000,9999.000,9999.000
202608060842,   2.247,9999.000,9999.000,9999.000,9999.000,9999.000,9999.000,9999.000,9999.000
202608060848,   2.136,9999.000,9999.000,9999.000,9999.000,9999.000,9999.000,9999.000,9999.000
202608060854,   2.026,9999.000,9999.000,9999.000,9999.000,9999.000,9999.000,9999.000,9999.000
202608060900,   1.917,9999.000,  -0.300,   0.231,   1.848,  -0.400,   1.748,  -0.200,   1.948
202608060906,   1.809,9999.000,9999.000,9999.000,9999.000,9999.000,9999.000,9999.000,9999.000
202608060912,   1.702,9999.000,9999.000,9999.000,9999.000,9999.000,9999.000,9999.000,9999.000
202608060918,   1.598,9999.000,9999.000,9999.000,9999.000,9999.000,9999.000,9999.000,9999.000
202608060924,   1.495,9999.000,9999.000,9999.000,9999.000,9999.000,9999.000,9999.000,9999.000
202608060930,   1.395,9999.000,9999.000,9999.000,9999.000,9999.000,9999.000,9999.000,9999.000
202608060936,   1.297,9999.000,9999.000,9999.000,9999.000,9999.000,9999.000,9999.000,9999.000
202608060942,   1.202,9999.000,9999.000,9999.000,9999.000,9999.000,9999.000,9999.000,9999.000
202608060948,   1.110,9999.000,9999.000,9999.000,9999.000,9999.000,9999.000,9999.000,9999.000
202608060954,   1.021,9999.000,9999.000,9999.000,9999.000,9999.000,9999.000,9999.000,9999.000
202608061000,   0.936,9999.000,  -0.300,   0.231,   0.867,  -0.400,   0.767,  -0.300,   0.867
202608061006,   0.855,9999.000,9999.000,9999.000,9999.000,9999.000,9999.000,9999.000,9999.000
202608061012,   0.777,9999.000,9999.000,9999.000,9999.000,9999.000,9999.000,9999.000,9999.000
202608061018,   0.704,9999.000,9999.000,9999.000,9999.000,9999.000,9999.000,9999.000,9999.000
202608061024,   0.635,9999.000,9999.000,9999.000,9999.000,9999.000,9999.000,9999.000,9999.000
202608061030,   0.571,9999.000,9999.000,9999.000,9999.000,9999.000,9999.000,9999.000,9999.000
202608061036,   0.512,9999.000,9999.000,9999.000,9999.000,9999.000,9999.000,9999.000,9999.000
202608061042,   0.457,9999.000,9999.000,9999.000,9999.000,9999.000,9999.000,9999.000,9999.000
202608061048,   0.408,9999.000,9999.000,9999.000,9999.000,9999.000,9999.000,9999.000,9999.000
202608061054,   0.365,9999.000,9999.000,9999.000,9999.000,9999.000,9999.000,9999.000,9999.000
202608061100,   0.326,9999.000,  -0.400,   0.231,   0.157,  -0.400,   0.157,  -0.300,   0.257
202608061106,   0.294,9999.000,9999.000,9999.000,9999.000,9999.000,9999.000,9999.000,9999.000
202608061112,   0.267,9999.000,9999.000,9999.000,9999.000,9999.000,9999.000,9999.000,9999.000
202608061118,   0.246,9999.000,9999.000,9999.000,9999.000,9999.000,9999.000,9999.000,9999.000
202608061124,   0.230,9999.000,9999.000,9999.000,9999.000,9999.000,9999.000,9999.000,9999.000
202608061130,   0.221,9999.000,9999.000,9999.000,9999.000,9999.000,9999.000,9999.000,9999.000
202608061136,   0.218,9999.000,9999.000,9999.000,9999.000,9999.000,9999.000,9999.000,9999.000
202608061142,   0.221,9999.000,9999.000,9999.000,9999.000,9999.000,9999.000,9999.000,9999.000
202608061148,   0.231,9999.000,9999.000,9999.000,9999.000,9999.000,9999.000,9999.000,9999.000
202608061154,   0.246,9999.000,9999.000,9999.000,9999.000,9999.000,9999.000,9999.000,9999.000
202608061200,   0.268,9999.000,  -0.400,   0.231,   0.099,  -0.500,  -0.001,  -0.300,   0.199
202608061206,   0.295,9999.000,9999.000,9999.000,9999.000,9999.000,9999.000,9999.000,9999.000
202608061212,   0.329,9999.000,9999.000,9999.000,9999.000,9999.000,9999.000,9999.000,9999.000
202608061218,   0.368,9999.000,9999.000,9999.000,9999.000,9999.000,9999.000,9999.000,9999.000
202608061224,   0.414,9999.000,9999.000,9999.000,9999.000,9999.000,9999.000,9999.000,9999.000
202608061230,   0.465,9999.000,9999.000,9999.000,9999.000,9999.000,9999.000,9999.000,9999.000
202608061236,   0.522,9999.000,9999.000,9999.000,9999.000,9999.000,9999.000,9999.000,9999.000
202608061242,   0.584,9999.000,9999.000,9999.000,9999.000,9999.000,9999.000,9999.000,9999.000
202608061248,   0.651,9999.000,9999.000,9999.000,9999.000,9999.000,9999.000,9999.000,9999.000
202608061254,   0.724,9999.000,9999.000,9999.000,9999.000,9999.000,9999.000,9999.000,9999.000
202608061300,   0.802,9999.000,  -0.400,   0.231,   0.633,  -0.500,   0.533,  -0.300,   0.733
202608061306,   0.884,9999.000,9999.000,9999.000,9999.000,9999.000,9999.000,9999.000,9999.000
202608061312,   0.971,9999.000,9999.000,9999.000,9999.000,9999.000,9999.000,9999.000,9999.000
202608061318,   1.062,9999.000,9999.000,9999.000,9999.000,9999.000,9999.000,9999.000,9999.000
202608061324,   1.158,9999.000,9999.000,9999.000,9999.000,9999.000,9999.000,9999.000,9999.000
202608061330,   1.257,9999.000,9999.000,9999.000,9999.000,9999.000,9999.000,9999.000,9999.000
202608061336,   1.360,9999.000,9999.000,9999.000,9999.000,9999.000,9999.000,9999.000,9999.000
202608061342,   1.467,9999.000,9999.000,9999.000,9999.000,9999.000,9999.000,9999.000,9999.000
202608061348,   1.577,9999.000,9999.000,9999.000,9999.000,9999.000,9999.000,9999.000,9999.000
202608061354,   1.689,9999.000,9999.000,9999.000,9999.000,9999.000,9999.000,9999.000,9999.000
202608061400,   1.805,9999.000,  -0.400,   0.231,   1.636,  -0.500,   1.536,  -0.400,   1.636
202608061406,   1.923,9999.000,9999.000,9999.000,9999.000,9999.000,9999.000,9999.000,9999.000
202608061412,   2.043,9999.000,9999.000,9999.000,9999.000,9999.000,9999.000,9999.000,9999.000
202608061418,   2.165,9999.000,9999.000,9999.000,9999.000,9999.000,9999.000,9999.000,9999.000
202608061424,   2.289,9999.000,9999.000,9999.000,9999.000,9999.000,9999.000,9999.000,9999.000
202608061430,   2.414,9999.000,9999.000,9999.000,9999.000,9999.000,9999.000,9999.000,9999.000
202608061436,   2.540,9999.000,9999.000,9999.000,9999.000,9999.000,9999.000,9999.000,9999.000
202608061442,   2.668,9999.000,9999.000,9999.000,9999.000,9999.000,9999.000,9999.000,9999.000
202608061448,   2.796,9999.000,9999.000,9999.000,9999.000,9999.000,9999.000,9999.000,9999.000
202608061454,   2.924,9999.000,9999.000,9999.000,9999.000,9999.000,9999.000,9999.000,9999.000
202608061500,   3.053,9999.000,  -0.500,   0.231,   2.784,  -0.500,   2.784,  -0.400,   2.884
202608061506,   3.181,9999.000,9999.000,9999.000,9999.000,9999.000,9999.000,9999.000,9999.000
202608061512,   3.309,9999.000,9999.000,9999.000,9999.000,9999.000,9999.000,9999.000,9999.000
202608061518,   3.436,9999.000,9999.000,9999.000,9999.000,9999.000,9999.000,9999.000,9999.000
202608061524,   3.563,9999.000,9999.000,9999.000,9999.000,9999.000,9999.000,9999.000,9999.000
202608061530,   3.688,9999.000,9999.000,9999.000,9999.000,9999.000,9999.000,9999.000,9999.000
202608061536,   3.812,9999.000,9999.000,9999.000,9999.000,9999.000,9999.000,9999.000,9999.000
202608061542,   3.934,9999.000,9999.000,9999.000,9999.000,9999.000,9999.000,9999.000,9999.000
202608061548,   4.054,9999.000,9999.000,9999.000,9999.000,9999.000,9999.000,9999.000,9999.000
202608061554,   4.171,9999.000,9999.000,9999.000,9999.000,9999.000,9999.000,9999.000,9999.000
202608061600,   4.286,9999.000,  -0.400,   0.231,   4.117,  -0.500,   4.017,  -0.400,   4.117
202608061606,   4.398,9999.000,9999.000,9999.000,9999.000,9999.000,9999.000,9999.000,9999.000
202608061612,   4.507,9999.000,9999.000,9999.000,9999.000,9999.000,9999.000,9999.000,9999.000
202608061618,   4.612,9999.000,9999.000,9999.000,9999.000,9999.000,9999.000,9999.000,9999.000
202608061624,   4.714,9999.000,9999.000,9999.000,9999.000,9999.000,9999.000,9999.000,9999.000
202608061630,   4.811,9999.000,9999.000,9999.000,9999.000,9999.000,9999.000,9999.000,9999.000
202608061636,   4.904,9999.000,9999.000,9999.000,9999.000,9999.000,9999.000,9999.000,9999.000
202608061642,   4.993,9999.000,9999.000,9999.000,9999.000,9999.000,9999.000,9999.000,9999.000
202608061648,   5.077,9999.000,9999.000,9999.000,9999.000,9999.000,9999.000,9999.000,9999.000
202608061654,   5.155,9999.000,9999.000,9999.000,9999.000,9999.000,9999.000,9999.000,9999.000
202608061700,   5.228,9999.000,  -0.400,   0.231,   5.059,  -0.500,   4.959,  -0.400,   5.059
202608061706,   5.296,9999.000,9999.000,9999.000,9999.000,9999.000,9999.000,9999.000,9999.000
202608061712,   5.358,9999.000,9999.000,9999.000,9999.000,9999.000,9999.000,9999.000,9999.000
202608061718,   5.414,9999.000,9999.000,9999.000,9999.000,9999.000,9999.000,9999.000,9999.000
202608061724,   5.464,9999.000,9999.000,9999.000,9999.000,9999.000,9999.000,9999.000,9999.000
202608061730,   5.508,9999.000,9999.000,9999.000,9999.000,9999.000,9999.000,9999.000,9999.000
202608061736,   5.546,9999.000,9999.000,9999.000,9999.000,9999.000,9999.000,9999.000,9999.000
202608061742,   5.576,9999.000,9999.000,9999.000,9999.000,9999.000,9999.000,9999.000,9999.000
202608061748,   5.601,9999.000,9999.000,9999.000,9999.000,9999.000,9999.000,9999.000,9999.000
202608061754,   5.619,9999.000,9999.000,9999.000,9999.000,9999.000,9999.000,9999.000,9999.000
202608061800,   5.630,9999.000,  -0.400,   0.231,   5.461,  -0.500,   5.361,  -0.400,   5.461
202608061806,   5.634,9999.000,9999.000,9999.000,9999.000,9999.000,9999.000,9999.000,9999.000
202608061812,   5.632,9999.000,9999.000,9999.000,9999.000,9999.000,9999.000,9999.000,9999.000
202608061818,   5.623,9999.000,9999.000,9999.000,9999.000,9999.000,9999.000,9999.000,9999.000
202608061824,   5.608,9999.000,9999.000,9999.000,9999.000,9999.000,9999.000,9999.000,9999.000
202608061830,   5.586,9999.000,9999.000,9999.000,9999.000,9999.000,9999.000,9999.000,9999.000
202608061836,   5.557,9999.000,9999.000,9999.000,9999.000,9999.000,9999.000,9999.000,9999.000
202608061842,   5.523,9999.000,9999.000,9999.000,9999.000,9999.000,9999.000,9999.000,9999.000
202608061848,   5.482,9999.000,9999.000,9999.000,9999.000,9999.000,9999.000,9999.000,9999.000
202608061854,   5.436,9999.000,9999.000,9999.000,9999.000,9999.000,9999.000,9999.000,9999.000
202608061900,   5.384,9999.000,  -0.400,   0.231,   5.215,  -0.500,   5.115,  -0.300,   5.315
202608061906,   5.326,9999.000,9999.000,9999.000,9999.000,9999.000,9999.000,9999.000,9999.000
202608061912,   5.264,9999.000,9999.000,9999.000,9999.000,9999.000,9999.000,9999.000,9999.000
202608061918,   5.196,9999.000,9999.000,9999.000,9999.000,9999.000,9999.000,9999.000,9999.000
202608061924,   5.123,9999.000,9999.000,9999.000,9999.000,9999.000,9999.000,9999.000,9999.000
202608061930,   5.046,9999.000,9999.000,9999.000,9999.000,9999.000,9999.000,9999.000,9999.000
202608061936,   4.965,9999.000,9999.000,9999.000,9999.000,9999.000,9999.000,9999.000,9999.000
202608061942,   4.880,9999.000,9999.000,9999.000,9999.000,9999.000,9999.000,9999.000,9999.000
202608061948,   4.791,9999.000,9999.000,9999.000,9999.000,9999.000,9999.000,9999.000,9999.000
202608061954,   4.698,9999.000,9999.000,9999.000,9999.000,9999.000,9999.000,9999.000,9999.000
202608062000,   4.603,9999.000,  -0.400,   0.231,   4.434,  -0.500,   4.334,  -0.300,   4.534
202608062006,   4.505,9999.000,9999.000,9999.000,9999.000,9999.000,9999.000,9999.000,9999.000
202608062012,   4.404,9999.000,9999.000,9999.000,9999.000,9999.000,9999.000,9999.000,9999.000
202608062018,   4.301,9999.000,9999.000,9999.000,9999.000,9999.000,9999.000,9999.000,9999.000
202608062024,   4.196,9999.000,9999.000,9999.000,9999.000,9999.000,9999.000,9999.000,9999.000
202608062030,   4.090,9999.000,9999.000,9999.000,9999.000,9999.000,9999.000,9999.000,9999.000
202608062036,   3.982,9999.000,9999.000,9999.000,9999.000,9999.000,9999.000,9999.000,9999.000
202608062042,   3.873,9999.000,9999.000,9999.000,9999.000,9999.000,9999.000,9999.000,9999.000
202608062048,   3.763,9999.000,9999.000,9999.000,9999.000,9999.000,9999.000,9999.000,9999.000
202608062054,   3.652,9999.000,9999.000,9999.000,9999.000,9999.000,9999.000,9999.000,9999.000
202608062100,   3.541,9999.000,  -0.400,   0.231,   3.372,  -0.500,   3.272,  -0.300,   3.472
202608062106,   3.431,9999.000,9999.000,9999.000,9999.000,9999.000,9999.000,9999.000,9999.000
202608062112,   3.320,9999.000,9999.000,9999.000,9999.000,9999.000,9999.000,9999.000,9999.000
202608062118,   3.209,9999.000,9999.000,9999.000,9999.000,9999.000,9999.000,9999.000,9999.000
202608062124,   3.100,9999.000,9999.000,9999.000,9999.000,9999.000,9999.000,9999.000,9999.000
202608062130,   2.991,9999.000,9999.000,9999.000,9999.000,9999.000,9999.000,9999.000,9999.000
202608062136,   2.883,9999.000,9999.000,9999.000,9999.000,9999.000,9999.000,9999.000,9999.000
202608062142,   2.776,9999.000,9999.000,9999.000,9999.000,9999.000,9999.000,9999.000,9999.000
202608062148,   2.671,9999.000,9999.000,9999.000,9999.000,9999.000,9999.000,9999.000,9999.000
202608062154,   2.567,9999.000,9999.000,9999.000,9999.000,9999.000,9999.000,9999.000,9999.000
202608062200,   2.465,9999.000,  -0.400,   0.231,   2.296,  -0.500,   2.196,  -0.300,   2.396
202608062206,   2.366,9999.000,9999.000,9999.000,9999.000,9999.000,9999.000,9999.000,9999.000
202608062212,   2.268,9999.000,9999.000,9999.000,9999.000,9999.000,9999.000,9999.000,9999.000
202608062218,   2.173,9999.000,9999.000,9999.000,9999.000,9999.000,9999.000,9999.000,9999.000
202608062224,   2.080,9999.000,9999.000,9999.000,9999.000,9999.000,9999.000,9999.000,9999.000
202608062230,   1.990,9999.000,9999.000,9999.000,9999.000,9999.000,9999.000,9999.000,9999.000
202608062236,   1.903,9999.000,9999.000,9999.000,9999.000,9999.000,9999.000,9999.000,9999.000
202608062242,   1.819,9999.000,9999.000,9999.000,9999.000,9999.000,9999.000,9999.000,9999.000
202608062248,   1.738,9999.000,9999.000,9999.000,9999.000,9999.000,9999.000,9999.000,9999.000
202608062254,   1.661,9999.000,9999.000,9999.000,9999.000,9999.000,9999.000,9999.000,9999.000
202608062300,   1.587,9999.000,  -0.400,   0.231,   1.418,  -0.400,   1.418,  -0.300,   1.518
202608062306,   1.517,9999.000,9999.000,9999.000,9999.000,9999.000,9999.000,9999.000,9999.000
202608062312,   1.450,9999.000,9999.000,9999.000,9999.000,9999.000,9999.000,9999.000,9999.000
202608062318,   1.387,9999.000,9999.000,9999.000,9999.000,9999.000,9999.000,9999.000,9999.000
202608062324,   1.328,9999.000,9999.000,9999.000,9999.000,9999.000,9999.000,9999.000,9999.000
202608062330,   1.274,9999.000,9999.000,9999.000,9999.000,9999.000,9999.000,9999.000,9999.000
202608062336,   1.223,9999.000,9999.000,9999.000,9999.000,9999.000,9999.000,9999.000,9999.000
202608062342,   1.177,9999.000,9999.000,9999.000,9999.000,9999.000,9999.000,9999.000,9999.000
202608062348,   1.135,9999.000,9999.000,9999.000,9999.000,9999.000,9999.000,9999.000,9999.000
202608062354,   1.098,9999.000,9999.000,9999.000,9999.000,9999.000,9999.000,9999.000,9999.000
202608070000,   1.065,9999.000,  -0.400,   0.231,   0.896,  -0.400,   0.896,  -0.300,   0.996
202608070006,   1.036,9999.000,9999.000,9999.000,9999.000,9999.000,9999.000,9999.000,9999.000
202608070012,   1.012,9999.000,9999.000,9999.000,9999.000,9999.000,9999.000,9999.000,9999.000
202608070018,   0.993,9999.000,9999.000,9999.000,9999.000,9999.000,9999.000,9999.000,9999.000
202608070024,   0.978,9999.000,9999.000,9999.000,9999.000,9999.000,9999.000,9999.000,9999.000
202608070030,   0.968,9999.000,9999.000,9999.000,9999.000,9999.000,9999.000,9999.000,9999.000
202608070036,   0.963,9999.000,9999.000,9999.000,9999.000,9999.000,9999.000,9999.000,9999.000
202608070042,   0.962,9999.000,9999.000,9999.000,9999.000,9999.000,9999.000,9999.000,9999.000
202608070048,   0.965,9999.000,9999.000,9999.000,9999.000,9999.000,9999.000,9999.000,9999.000
202608070054,   0.974,9999.000,9999.000,9999.000,9999.000,9999.000,9999.000,9999.000,9999.000
202608070100,   0.986,9999.000,  -0.400,   0.231,   0.817,  -0.500,   0.717,  -0.300,   0.917
202608070106,   1.003,9999.000,9999.000,9999.000,9999.000,9999.000,9999.000,9999.000,9999.000
202608070112,   1.025,9999.000,9999.000,9999.000,9999.000,9999.000,9999.000,9999.000,9999.000
202608070118,   1.051,9999.000,9999.000,9999.000,9999.000,9999.000,9999.000,9999.000,9999.000
202608070124,   1.081,9999.000,9999.000,9999.000,9999.000,9999.000,9999.000,9999.000,9999.000
202608070130,   1.115,9999.000,9999.000,9999.000,9999.000,9999.000,9999.000,9999.000,9999.000
202608070136,   1.153,9999.000,9999.000,9999.000,9999.000,9999.000,9999.000,9999.000,9999.000
202608070142,   1.195,9999.000,9999.000,9999.000,9999.000,9999.000,9999.000,9999.000,9999.000
202608070148,   1.241,9999.000,9999.000,9999.000,9999.000,9999.000,9999.000,9999.000,9999.000
202608070154,   1.291,9999.000,9999.000,9999.000,9999.000,9999.000,9999.000,9999.000,9999.000
202608070200,   1.344,9999.000,  -0.400,   0.231,   1.175,  -0.500,   1.075,  -0.300,   1.275
202608070206,   1.401,9999.000,9999.000,9999.000,9999.000,9999.000,9999.000,9999.000,9999.000
202608070212,   1.461,9999.000,9999.000,9999.000,9999.000,9999.000,9999.000,9999.000,9999.000
202608070218,   1.525,9999.000,9999.000,9999.000,9999.000,9999.000,9999.000,9999.000,9999.000
202608070224,   1.592,9999.000,9999.000,9999.000,9999.000,9999.000,9999.000,9999.000,9999.000
202608070230,   1.661,9999.000,9999.000,9999.000,9999.000,9999.000,9999.000,9999.000,9999.000
202608070236,   1.734,9999.000,9999.000,9999.000,9999.000,9999.000,9999.000,9999.000,9999.000
202608070242,   1.809,9999.000,9999.000,9999.000,9999.000,9999.000,9999.000,9999.000,9999.000
202608070248,   1.887,9999.000,9999.000,9999.000,9999.000,9999.000,9999.000,9999.000,9999.000
202608070254,   1.967,9999.000,9999.000,9999.000,9999.000,9999.000,9999.000,9999.000,9999.000
202608070300,   2.049,9999.000,  -0.400,   0.231,   1.880,  -0.500,   1.780,  -0.300,   1.980
202608070306,   2.133,9999.000,9999.000,9999.000,9999.000,9999.000,9999.000,9999.000,9999.000
202608070312,   2.219,9999.000,9999.000,9999.000,9999.000,9999.000,9999.000,9999.000,9999.000
202608070318,   2.307,9999.000,9999.000,9999.000,9999.000,9999.000,9999.000,9999.000,9999.000
202608070324,   2.396,9999.000,9999.000,9999.000,9999.000,9999.000,9999.000,9999.000,9999.000
202608070330,   2.487,9999.000,9999.000,9999.000,9999.000,9999.000,9999.000,9999.000,9999.000
202608070336,   2.578,9999.000,9999.000,9999.000,9999.000,9999.000,9999.000,9999.000,9999.000
202608070342,   2.670,9999.000,9999.000,9999.000,9999.000,9999.000,9999.000,9999.000,9999.000
202608070348,   2.763,9999.000,9999.000,9999.000,9999.000,9999.000,9999.000,9999.000,9999.000
202608070354,   2.856,9999.000,9999.000,9999.000,9999.000,9999.000,9999.000,9999.000,9999.000
202608070400,   2.949,9999.000,  -0.400,   0.231,   2.780,  -0.500,   2.680,  -0.300,   2.880
202608070406,   3.042,9999.000,9999.000,9999.000,9999.000,9999.000,9999.000,9999.000,9999.000
202608070412,   3.135,9999.000,9999.000,9999.000,9999.000,9999.000,9999.000,9999.000,9999.000
202608070418,   3.226,9999.000,9999.000,9999.000,9999.000,9999.000,9999.000,9999.000,9999.000
202608070424,   3.317,9999.000,9999.000,9999.000,9999.000,9999.000,9999.000,9999.000,9999.000
202608070430,   3.406,9999.000,9999.000,9999.000,9999.000,9999.000,9999.000,9999.000,9999.000
202608070436,   3.494,9999.000,9999.000,9999.000,9999.000,9999.000,9999.000,9999.000,9999.000
202608070442,   3.579,9999.000,9999.000,9999.000,9999.000,9999.000,9999.000,9999.000,9999.000
202608070448,   3.663,9999.000,9999.000,9999.000,9999.000,9999.000,9999.000,9999.000,9999.000
202608070454,   3.744,9999.000,9999.000,9999.000,9999.000,9999.000,9999.000,9999.000,9999.000
202608070500,   3.822,9999.000,  -0.400,   0.231,   3.653,  -0.500,   3.553,  -0.300,   3.753
202608070506,   3.897,9999.000,9999.000,9999.000,9999.000,9999.000,9999.000,9999.000,9999.000
202608070512,   3.968,9999.000,9999.000,9999.000,9999.000,9999.000,9999.000,9999.000,9999.000
202608070518,   4.036,9999.000,9999.000,9999.000,9999.000,9999.000,9999.000,9999.000,9999.000
202608070524,   4.100,9999.000,9999.000,9999.000,9999.000,9999.000,9999.000,9999.000,9999.000
202608070530,   4.160,9999.000,9999.000,9999.000,9999.000,9999.000,9999.000,9999.000,9999.000
202608070536,   4.215,9999.000,9999.000,9999.000,9999.000,9999.000,9999.000,9999.000,9999.000
202608070542,   4.266,9999.000,9999.000,9999.000,9999.000,9999.000,9999.000,9999.000,9999.000
202608070548,   4.311,9999.000,9999.000,9999.000,9999.000,9999.000,9999.000,9999.000,9999.000
202608070554,   4.352,9999.000,9999.000,9999.000,9999.000,9999.000,9999.000,9999.000,9999.000
202608070600,   4.387,9999.000,  -0.400,   0.231,   4.218,  -0.500,   4.118,  -0.300,   4.318
202608070606,   4.416,9999.000,9999.000,9999.000,9999.000,9999.000,9999.000,9999.000,9999.000
202608070612,   4.441,9999.000,9999.000,9999.000,9999.000,9999.000,9999.000,9999.000,9999.000
202608070618,   4.459,9999.000,9999.000,9999.000,9999.000,9999.000,9999.000,9999.000,9999.000
202608070624,   4.471,9999.000,9999.000,9999.000,9999.000,9999.000,9999.000,9999.000,9999.000
202608070630,   4.478,9999.000,9999.000,9999.000,9999.000,9999.000,9999.000,9999.000,9999.000
202608070636,   4.479,9999.000,9999.000,9999.000,9999.000,9999.000,9999.000,9999.000,9999.000
202608070642,   4.473,9999.000,9999.000,9999.000,9999.000,9999.000,9999.000,9999.000,9999.000
202608070648,   4.462,9999.000,9999.000,9999.000,9999.000,9999.000,9999.000,9999.000,9999.000
202608070654,   4.444,9999.000,9999.000,9999.000,9999.000,9999.000,9999.000,9999.000,9999.000
202608070700,   4.421,9999.000,  -0.400,   0.231,   4.252,  -0.500,   4.152,  -0.300,   4.352
202608070706,   4.392,9999.000,9999.000,9999.000,9999.000,9999.000,9999.000,9999.000,9999.000
202608070712,   4.357,9999.000,9999.000,9999.000,9999.000,9999.000,9999.000,9999.000,9999.000
202608070718,   4.317,9999.000,9999.000,9999.000,9999.000,9999.000,9999.000,9999.000,9999.000
202608070724,   4.271,9999.000,9999.000,9999.000,9999.000,9999.000,9999.000,9999.000,9999.000
202608070730,   4.219,9999.000,9999.000,9999.000,9999.000,9999.000,9999.000,9999.000,9999.000
202608070736,   4.163,9999.000,9999.000,9999.000,9999.000,9999.000,9999.000,9999.000,9999.000
202608070742,   4.101,9999.000,9999.000,9999.000,9999.000,9999.000,9999.000,9999.000,9999.000
202608070748,   4.035,9999.000,9999.000,9999.000,9999.000,9999.000,9999.000,9999.000,9999.000
202608070754,   3.964,9999.000,9999.000,9999.000,9999.000,9999.000,9999.000,9999.000,9999.000
202608070800,   3.889,9999.000,  -0.400,   0.231,   3.720,  -0.400,   3.720,  -0.300,   3.820
202608070806,   3.809,9999.000,9999.000,9999.000,9999.000,9999.000,9999.000,9999.000,9999.000
202608070812,   3.726,9999.000,9999.000,9999.000,9999.000,9999.000,9999.000,9999.000,9999.000
202608070818,   3.639,9999.000,9999.000,9999.000,9999.000,9999.000,9999.000,9999.000,9999.000
202608070824,   3.549,9999.000,9999.000,9999.000,9999.000,9999.000,9999.000,9999.000,9999.000
202608070830,   3.456,9999.000,9999.000,9999.000,9999.000,9999.000,9999.000,9999.000,9999.000
202608070836,   3.360,9999.000,9999.000,9999.000,9999.000,9999.000,9999.000,9999.000,9999.000
202608070842,   3.261,9999.000,9999.000,9999.000,9999.000,9999.000,9999.000,9999.000,9999.000
202608070848,   3.161,9999.000,9999.000,9999.000,9999.000,9999.000,9999.000,9999.000,9999.000
202608070854,   3.058,9999.000,9999.000,9999.000,9999.000,9999.000,9999.000,9999.000,9999.000
202608070900,   2.954,9999.000,  -0.400,   0.231,   2.785,  -0.500,   2.685,  -0.300,   2.885
202608070906,   2.848,9999.000,9999.000,9999.000,9999.000,9999.000,9999.000,9999.000,9999.000
202608070912,   2.741,9999.000,9999.000,9999.000,9999.000,9999.000,9999.000,9999.000,9999.000
202608070918,   2.634,9999.000,9999.000,9999.000,9999.000,9999.000,9999.000,9999.000,9999.000
202608070924,   2.526,9999.000,9999.000,9999.000,9999.000,9999.000,9999.000,9999.000,9999.000
202608070930,   2.417,9999.000,9999.000,9999.000,9999.000,9999.000,9999.000,9999.000,9999.000
202608070936,   2.309,9999.000,9999.000,9999.000,9999.000,9999.000,9999.000,9999.000,9999.000
202608070942,   2.201,9999.000,9999.000,9999.000,9999.000,9999.000,9999.000,9999.000,9999.000
202608070948,   2.093,9999.000,9999.000,9999.000,9999.000,9999.000,9999.000,9999.000,9999.000
202608070954,   1.987,9999.000,9999.000,9999.000,9999.000,9999.000,9999.000,9999.000,9999.000
202608071000,   1.881,9999.000,  -0.400,   0.231,   1.712,  -0.500,   1.612,  -0.300,   1.812
202608071006,   1.776,9999.000,9999.000,9999.000,9999.000,9999.000,9999.000,9999.000,9999.000
202608071012,   1.674,9999.000,9999.000,9999.000,9999.000,9999.000,9999.000,9999.000,9999.000
202608071018,   1.573,9999.000,9999.000,9999.000,9999.000,9999.000,9999.000,9999.000,9999.000
202608071024,   1.474,9999.000,9999.000,9999.000,9999.000,9999.000,9999.000,9999.000,9999.000
202608071030,   1.377,9999.000,9999.000,9999.000,9999.000,9999.000,9999.000,9999.000,9999.000
202608071036,   1.283,9999.000,9999.000,9999.000,9999.000,9999.000,9999.000,9999.000,9999.000
202608071042,   1.191,9999.000,9999.000,9999.000,9999.000,9999.000,9999.000,9999.000,9999.000
202608071048,   1.103,9999.000,9999.000,9999.000,9999.000,9999.000,9999.000,9999.000,9999.000
202608071054,   1.017,9999.000,9999.000,9999.000,9999.000,9999.000,9999.000,9999.000,9999.000
202608071100,   0.935,9999.000,  -0.400,   0.231,   0.766,  -0.500,   0.666,  -0.300,   0.866
202608071106,   0.857,9999.000,9999.000,9999.000,9999.000,9999.000,9999.000,9999.000,9999.000
202608071112,   0.782,9999.000,9999.000,9999.000,9999.000,9999.000,9999.000,9999.000,9999.000
202608071118,   0.712,9999.000,9999.000,9999.000,9999.000,9999.000,9999.000,9999.000,9999.000
202608071124,   0.645,9999.000,9999.000,9999.000,9999.000,9999.000,9999.000,9999.000,9999.000
202608071130,   0.583,9999.000,9999.000,9999.000,9999.000,9999.000,9999.000,9999.000,9999.000
202608071136,   0.526,9999.000,9999.000,9999.000,9999.000,9999.000,9999.000,9999.000,9999.000
202608071142,   0.473,9999.000,9999.000,9999.000,9999.000,9999.000,9999.000,9999.000,9999.000
202608071148,   0.425,9999.000,9999.000,9999.000,9999.000,9999.000,9999.000,9999.000,9999.000
202608071154,   0.382,9999.000,9999.000,9999.000,9999.000,9999.000,9999.000,9999.000,9999.000
202608071200,   0.344,9999.000,  -0.400,   0.231,   0.175,  -0.500,   0.075,  -0.300,   0.275
202608071206,   0.312,9999.000,9999.000,9999.000,9999.000,9999.000,9999.000,9999.000,9999.000
202608071212,   0.285,9999.000,9999.000,9999.000,9999.000,9999.000,9999.000,9999.000,9999.000
202608071218,   0.263,9999.000,9999.000,9999.000,9999.000,9999.000,9999.000,9999.000,9999.000
202608071224,   0.247,9999.000,9999.000,9999.000,9999.000,9999.000,9999.000,9999.000,9999.000
202608071230,   0.237,9999.000,9999.000,9999.000,9999.000,9999.000,9999.000,9999.000,9999.000
202608071236,   0.232,9999.000,9999.000,9999.000,9999.000,9999.000,9999.000,9999.000,9999.000
202608071242,   0.233,9999.000,9999.000,9999.000,9999.000,9999.000,9999.000,9999.000,9999.000
202608071248,   0.240,9999.000,9999.000,9999.000,9999.000,9999.000,9999.000,9999.000,9999.000
202608071254,   0.253,9999.000,9999.000,9999.000,9999.000,9999.000,9999.000,9999.000,9999.000
202608071300,   0.271,9999.000,  -0.400,   0.231,   0.102,  -0.500,   0.002,  -0.300,   0.202
202608071306,   0.295,9999.000,9999.000,9999.000,9999.000,9999.000,9999.000,9999.000,9999.000
202608071312,   0.326,9999.000,9999.000,9999.000,9999.000,9999.000,9999.000,9999.000,9999.000
202608071318,   0.362,9999.000,9999.000,9999.000,9999.000,9999.000,9999.000,9999.000,9999.000
202608071324,   0.403,9999.000,9999.000,9999.000,9999.000,9999.000,9999.000,9999.000,9999.000
202608071330,   0.451,9999.000,9999.000,9999.000,9999.000,9999.000,9999.000,9999.000,9999.000
202608071336,   0.504,9999.000,9999.000,9999.000,9999.000,9999.000,9999.000,9999.000,9999.000
202608071342,   0.562,9999.000,9999.000,9999.000,9999.000,9999.000,9999.000,9999.000,9999.000
202608071348,   0.626,9999.000,9999.000,9999.000,9999.000,9999.000,9999.000,9999.000,9999.000
202608071354,   0.695,9999.000,9999.000,9999.000,9999.000,9999.000,9999.000,9999.000,9999.000
202608071400,   0.770,9999.000,  -0.400,   0.231,   0.601,  -0.500,   0.501,  -0.300,   0.701
202608071406,   0.849,9999.000,9999.000,9999.000,9999.000,9999.000,9999.000,9999.000,9999.000
202608071412,   0.933,9999.000,9999.000,9999.000,9999.000,9999.000,9999.000,9999.000,9999.000
202608071418,   1.022,9999.000,9999.000,9999.000,9999.000,9999.000,9999.000,9999.000,9999.000
202608071424,   1.116,9999.000,9999.000,9999.000,9999.000,9999.000,9999.000,9999.000,9999.000
202608071430,   1.214,9999.000,9999.000,9999.000,9999.000,9999.000,9999.000,9999.000,9999.000
202608071436,   1.316,9999.000,9999.000,9999.000,9999.000,9999.000,9999.000,9999.000,9999.000
202608071442,   1.422,9999.000,9999.000,9999.000,9999.000,9999.000,9999.000,9999.000,9999.000
202608071448,   1.532,9999.000,9999.000,9999.000,9999.000,9999.000,9999.000,9999.000,9999.000
202608071454,   1.646,9999.000,9999.000,9999.000,9999.000,9999.000,9999.000,9999.000,9999.000
202608071500,   1.763,9999.000,  -0.400,   0.231,   1.594,  -0.500,   1.494,  -0.300,   1.694
202608071506,   1.883,9999.000,9999.000,9999.000,9999.000,9999.000,9999.000,9999.000,9999.000
202608071512,   2.006,9999.000,9999.000,9999.000,9999.000,9999.000,9999.000,9999.000,9999.000
202608071518,   2.131,9999.000,9999.000,9999.000,9999.000,9999.000,9999.000,9999.000,9999.000
202608071524,   2.259,9999.000,9999.000,9999.000,9999.000,9999.000,9999.000,9999.000,9999.000
202608071530,   2.389,9999.000,9999.000,9999.000,9999.000,9999.000,9999.000,9999.000,9999.000
202608071536,   2.520,9999.000,9999.000,9999.000,9999.000,9999.000,9999.000,9999.000,9999.000
202608071542,   2.653,9999.000,9999.000,9999.000,9999.000,9999.000,9999.000,9999.000,9999.000
202608071548,   2.788,9999.000,9999.000,9999.000,9999.000,9999.000,9999.000,9999.000,9999.000
202608071554,   2.923,9999.000,9999.000,9999.000,9999.000,9999.000,9999.000,9999.000,9999.000
202608071600,   3.058,9999.000,  -0.400,   0.231,   2.889,  -0.500,   2.789,  -0.300,   2.989
202608071606,   3.194,9999.000,9999.000,9999.000,9999.000,9999.000,9999.000,9999.000,9999.000
202608071612,   3.330,9999.000,9999.000,9999.000,9999.000,9999.000,9999.000,9999.000,9999.000
202608071618,   3.466,9999.000,9999.000,9999.000,9999.000,9999.000,9999.000,9999.000,9999.000
202608071624,   3.600,9999.000,9999.000,9999.000,9999.000,9999.000,9999.000,9999.000,9999.000
202608071630,   3.734,9999.000,9999.000,9999.000,9999.000,9999.000,9999.000,9999.000,9999.000
202608071636,   3.866,9999.000,9999.000,9999.000,9999.000,9999.000,9999.000,9999.000,9999.000
202608071642,   3.996,9999.000,9999.000,9999.000,9999.000,9999.000,9999.000,9999.000,9999.000
202608071648,   4.125,9999.000,9999.000,9999.000,9999.000,9999.000,9999.000,9999.000,9999.000
202608071654,   4.250,9999.000,9999.000,9999.000,9999.000,9999.000,9999.000,9999.000,9999.000
202608071700,   4.373,9999.000,  -0.400,   0.231,   4.204,  -0.500,   4.104,  -0.300,   4.304
202608071706,   4.493,9999.000,9999.000,9999.000,9999.000,9999.000,9999.000,9999.000,9999.000
202608071712,   4.610,9999.000,9999.000,9999.000,9999.000,9999.000,9999.000,9999.000,9999.000
202608071718,   4.722,9999.000,9999.000,9999.000,9999.000,9999.000,9999.000,9999.000,9999.000
202608071724,   4.831,9999.000,9999.000,9999.000,9999.000,9999.000,9999.000,9999.000,9999.000
202608071730,   4.935,9999.000,9999.000,9999.000,9999.000,9999.000,9999.000,9999.000,9999.000
202608071736,   5.035,9999.000,9999.000,9999.000,9999.000,9999.000,9999.000,9999.000,9999.000
202608071742,   5.129,9999.000,9999.000,9999.000,9999.000,9999.000,9999.000,9999.000,9999.000
202608071748,   5.218,9999.000,9999.000,9999.000,9999.000,9999.000,9999.000,9999.000,9999.000
202608071754,   5.302,9999.000,9999.000,9999.000,9999.000,9999.000,9999.000,9999.000,9999.000
202608071800,   5.380,9999.000,  -0.400,   0.231,   5.211,  -0.500,   5.111,  -0.300,   5.311
202608071806,   5.452,9999.000,9999.000,9999.000,9999.000,9999.000,9999.000,9999.000,9999.000
202608071812,   5.517,9999.000,9999.000,9999.000,9999.000,9999.000,9999.000,9999.000,9999.000
202608071818,   5.577,9999.000,9999.000,9999.000,9999.000,9999.000,9999.000,9999.000,9999.000
202608071824,   5.630,9999.000,9999.000,9999.000,9999.000,9999.000,9999.000,9999.000,9999.000
202608071830,   5.676,9999.000,9999.000,9999.000,9999.000,9999.000,9999.000,9999.000,9999.000
202608071836,   5.715,9999.000,9999.000,9999.000,9999.000,9999.000,9999.000,9999.000,9999.000
202608071842,   5.748,9999.000,9999.000,9999.000,9999.000,9999.000,9999.000,9999.000,9999.000
202608071848,   5.774,9999.000,9999.000,9999.000,9999.000,9999.000,9999.000,9999.000,9999.000
202608071854,   5.793,9999.000,9999.000,9999.000,9999.000,9999.000,9999.000,9999.000,9999.000
202608071900,   5.805,9999.000,  -0.400,   0.231,   5.636,  -0.500,   5.536,  -0.300,   5.736
202608071906,   5.810,9999.000,9999.000,9999.000,9999.000,9999.000,9999.000,9999.000,9999.000
202608071912,   5.808,9999.000,9999.000,9999.000,9999.000,9999.000,9999.000,9999.000,9999.000
202608071918,   5.800,9999.000,9999.000,9999.000,9999.000,9999.000,9999.000,9999.000,9999.000
202608071924,   5.785,9999.000,9999.000,9999.000,9999.000,9999.000,9999.000,9999.000,9999.000
202608071930,   5.763,9999.000,9999.000,9999.000,9999.000,9999.000,9999.000,9999.000,9999.000
202608071936,   5.735,9999.000,9999.000,9999.000,9999.000,9999.000,9999.000,9999.000,9999.000
202608071942,   5.700,9999.000,9999.000,9999.000,9999.000,9999.000,9999.000,9999.000,9999.000
202608071948,   5.660,9999.000,9999.000,9999.000,9999.000,9999.000,9999.000,9999.000,9999.000
202608071954,   5.613,9999.000,9999.000,9999.000,9999.000,9999.000,9999.000,9999.000,9999.000
202608072000,   5.561,9999.000,  -0.300,   0.231,   5.492,  -0.400,   5.392,  -0.200,   5.592
202608072006,   5.503,9999.000,9999.000,9999.000,9999.000,9999.000,9999.000,9999.000,9999.000
202608072012,   5.440,9999.000,9999.000,9999.000,9999.000,9999.000,9999.000,9999.000,9999.000
202608072018,   5.372,9999.000,9999.000,9999.000,9999.000,9999.000,9999.000,9999.000,9999.000
202608072024,   5.300,9999.000,9999.000,9999.000,9999.000,9999.000,9999.000,9999.000,9999.000
202608072030,   5.222,9999.000,9999.000,9999.000,9999.000,9999.000,9999.000,9999.000,9999.000
202608072036,   5.141,9999.000,9999.000,9999.000,9999.000,9999.000,9999.000,9999.000,9999.000
202608072042,   5.056,9999.000,9999.000,9999.000,9999.000,9999.000,9999.000,9999.000,9999.000
202608072048,   4.967,9999.000,9999.000,9999.000,9999.000,9999.000,9999.000,9999.000,9999.000
202608072054,   4.874,9999.000,9999.000,9999.000,9999.000,9999.000,9999.000,9999.000,9999.000
202608072100,   4.779,9999.000,  -0.300,   0.231,   4.710,  -0.400,   4.610,  -0.200,   4.810
202608072106,   4.681,9999.000,9999.000,9999.000,9999.000,9999.000,9999.000,9999.000,9999.000
202608072112,   4.580,9999.000,9999.000,9999.000,9999.000,9999.000,9999.000,9999.000,9999.000
202608072118,   4.477,9999.000,9999.000,9999.000,9999.000,9999.000,9999.000,9999.000,9999.000
202608072124,   4.372,9999.000,9999.000,9999.000,9999.000,9999.000,9999.000,9999.000,9999.000
202608072130,   4.265,9999.000,9999.000,9999.000,9999.000,9999.000,9999.000,9999.000,9999.000
202608072136,   4.157,9999.000,9999.000,9999.000,9999.000,9999.000,9999.000,9999.000,9999.000
202608072142,   4.048,9999.000,9999.000,9999.000,9999.000,9999.000,9999.000,9999.000,9999.000
202608072148,   3.937,9999.000,9999.000,9999.000,9999.000,9999.000,9999.000,9999.000,9999.000
202608072154,   3.826,9999.000,9999.000,9999.000,9999.000,9999.000,9999.000,9999.000,9999.000
202608072200,   3.715,9999.000,  -0.300,   0.231,   3.646,  -0.400,   3.546,  -0.200,   3.746
202608072206,   3.603,9999.000,9999.000,9999.000,9999.000,9999.000,9999.000,9999.000,9999.000
202608072212,   3.491,9999.000,9999.000,9999.000,9999.000,9999.000,9999.000,9999.000,9999.000
202608072218,   3.379,9999.000,9999.000,9999.000,9999.000,9999.000,9999.000,9999.000,9999.000
202608072224,   3.268,9999.000,9999.000,9999.000,9999.000,9999.000,9999.000,9999.000,9999.000
202608072230,   3.157,9999.000,9999.000,9999.000,9999.000,9999.000,9999.000,9999.000,9999.000
202608072236,   3.047,9999.000,9999.000,9999.000,9999.000,9999.000,9999.000,9999.000,9999.000
202608072242,   2.938,9999.000,9999.000,9999.000,9999.000,9999.000,9999.000,9999.000,9999.000
202608072248,   2.830,9999.000,9999.000,9999.000,9999.000,9999.000,9999.000,9999.000,9999.000
202608072254,   2.724,9999.000,9999.000,9999.000,9999.000,9999.000,9999.000,9999.000,9999.000
202608072300,   2.619,9999.000,  -0.300,   0.231,   2.550,  -0.400,   2.450,  -0.100,   2.750
202608072306,   2.515,9999.000,9999.000,9999.000,9999.000,9999.000,9999.000,9999.000,9999.000
202608072312,   2.413,9999.000,9999.000,9999.000,9999.000,9999.000,9999.000,9999.000,9999.000
202608072318,   2.313,9999.000,9999.000,9999.000,9999.000,9999.000,9999.000,9999.000,9999.000
202608072324,   2.216,9999.000,9999.000,9999.000,9999.000,9999.000,9999.000,9999.000,9999.000
202608072330,   2.120,9999.000,9999.000,9999.000,9999.000,9999.000,9999.000,9999.000,9999.000
202608072336,   2.027,9999.000,9999.000,9999.000,9999.000,9999.000,9999.000,9999.000,9999.000
202608072342,   1.937,9999.000,9999.000,9999.000,9999.000,9999.000,9999.000,9999.000,9999.000
202608072348,   1.849,9999.000,9999.000,9999.000,9999.000,9999.000,9999.000,9999.000,9999.000
202608072354,   1.764,9999.000,9999.000,9999.000,9999.000,9999.000,9999.000,9999.000,9999.000
202608080000,   1.682,9999.000,  -0.300,   0.231,   1.613,  -0.400,   1.513,  -0.100,   1.813
