        TIME,    TIDE,      OB,   SURGE,    BIAS,     TWL,SURGE90p,  TWL90p,SURGE10p,   TWL10p
202607291800,   0.557,9999.000,   0.800,9999.000,   1.357,   0.800,   1.357,   0.900,   1.457
202607291806,   0.534,9999.000,9999.000,9999.000,9999.000,9999.000,9999.000,9999.000,9999.000
202607291812,   0.512,9999.000,9999.000,9999.000,9999.000,9999.000,9999.000,9999.000,9999.000
202607291818,   0.489,9999.000,9999.000,9999.000,9999.000,9999.000,9999.000,9999.000,9999.000
202607291824,   0.468,9999.000,9999.000,9999.000,9999.000,9999.000,9999.000,9999.000,9999.000
202607291830,   0.446,9999.000,9999.000,9999.000,9999.000,9999.000,9999.000,9999.000,9999.000
202607291836,   0.425,9999.000,9999.000,9999.000,9999.000,9999.000,9999.000,9999.000,9999.000
202607291842,   0.405,9999.000,9999.000,9999.000,9999.000,9999.000,9999.000,9999.000,9999.000
202607291848,   0.385,9999.000,9999.000,9999.000,9999.000,9999.000,9999.000,9999.000,9999.000
202607291854,   0.365,9999.000,9999.000,9999.000,9999.000,9999.000,9999.000,9999.000,9999.000
202607291900,   0.346,   1.841,   0.800,   0.695,   1.841,   0.800,   1.841,   0.900,   1.941
202607291906,   0.328,   1.818,9999.000,9999.000,9999.000,9999.000,9999.000,9999.000,9999.000
202607291912,   0.310,   1.788,9999.000,9999.000,9999.000,9999.000,9999.000,9999.000,9999.000
202607291918,   0.292,   1.739,9999.000,9999.000,9999.000,9999.000,9999.000,9999.000,9999.000
202607291924,   0.275,   1.720,9999.000,9999.000,9999.000,9999.000,9999.000,9999.000,9999.000
202607291930,   0.259,   1.680,9999.000,9999.000,9999.000,9999.000,9999.000,9999.000,9999.000
202607291936,   0.243,   1.641,9999.000,9999.000,9999.000,9999.000,9999.000,9999.000,9999.000
202607291942,   0.228,   1.608,9999.000,9999.000,9999.000,9999.000,9999.000,9999.000,9999.000
202607291948,   0.214,   1.588,9999.000,9999.000,9999.000,9999.000,9999.000,9999.000,9999.000
202607291954,   0.200,   1.559,9999.000,9999.000,9999.000,9999.000,9999.000,9999.000,9999.000
202607292000,   0.186,   1.529,   0.800,   0.543,   1.529,   0.800,   1.529,   0.900,   1.629
202607292006,   0.173,   1.501,9999.000,9999.000,9999.000,9999.000,9999.000,9999.000,9999.000
202607292012,   0.161,   1.471,9999.000,9999.000,9999.000,9999.000,9999.000,9999.000,9999.000
202607292018,   0.150,   1.452,9999.000,9999.000,9999.000,9999.000,9999.000,9999.000,9999.000
202607292024,   0.139,   1.432,9999.000,9999.000,9999.000,9999.000,9999.000,9999.000,9999.000
202607292030,   0.129,   1.409,9999.000,9999.000,9999.000,9999.000,9999.000,9999.000,9999.000
202607292036,   0.119,   1.389,9999.000,9999.000,9999.000,9999.000,9999.000,9999.000,9999.000
202607292042,   0.111,   1.370,9999.000,9999.000,9999.000,9999.000,9999.000,9999.000,9999.000
202607292048,   0.103,   1.350,9999.000,9999.000,9999.000,9999.000,9999.000,9999.000,9999.000
202607292054,   0.097,   1.330,9999.000,9999.000,9999.000,9999.000,9999.000,9999.000,9999.000
202607292100,   0.092,   1.311,   0.800,   0.419,   1.311,   0.800,   1.311,   0.900,   1.411
202607292106,   0.088,   1.311,9999.000,9999.000,9999.000,9999.000,9999.000,9999.000,9999.000
202607292112,   0.085,   1.311,9999.000,9999.000,9999.000,9999.000,9999.000,9999.000,9999.000
202607292118,   0.084,   1.301,9999.000,9999.000,9999.000,9999.000,9999.000,9999.000,9999.000
202607292124,   0.084,   1.311,9999.000,9999.000,9999.000,9999.000,9999.000,9999.000,9999.000
202607292130,   0.086,   1.330,9999.000,9999.000,9999.000,9999.000,9999.000,9999.000,9999.000
202607292136,   0.090,   1.360,9999.000,9999.000,9999.000,9999.000,9999.000,9999.000,9999.000
202607292142,   0.096,   1.399,9999.000,9999.000,9999.000,9999.000,9999.000,9999.000,9999.000
202607292148,   0.104,   1.442,9999.000,9999.000,9999.000,9999.000,9999.000,9999.000,9999.000
202607292154,   0.115,   1.481,9999.000,9999.000,9999.000,9999.000,9999.000,9999.000,9999.000
202607292200,   0.127,   1.501,   0.800,   0.574,   1.501,   0.800,   1.501,   0.900,   1.601
202607292206,   0.141,   1.529,9999.000,9999.000,9999.000,9999.000,9999.000,9999.000,9999.000
202607292212,   0.158,   1.579,9999.000,9999.000,9999.000,9999.000,9999.000,9999.000,9999.000
202607292218,   0.177,   1.608,9999.000,9999.000,9999.000,9999.000,9999.000,9999.000,9999.000
202607292224,   0.198,   1.631,9999.000,9999.000,9999.000,9999.000,9999.000,9999.000,9999.000
202607292230,   0.221,   1.661,9999.000,9999.000,9999.000,9999.000,9999.000,9999.000,9999.000
202607292236,   0.247,   1.700,9999.000,9999.000,9999.000,9999.000,9999.000,9999.000,9999.000
202607292242,   0.274,   1.720,9999.000,9999.000,9999.000,9999.000,9999.000,9999.000,9999.000
202607292248,   0.304,   1.759,9999.000,9999.000,9999.000,9999.000,9999.000,9999.000,9999.000
202607292254,   0.335,   1.808,9999.000,9999.000,9999.000,9999.000,9999.000,9999.000,9999.000
202607292300,   0.367,   1.841,   0.800,   0.674,   1.841,   0.800,   1.841,   0.900,   1.941
202607292306,   0.401,9999.000,9999.000,9999.000,9999.000,9999.000,9999.000,9999.000,9999.000
202607292312,   0.437,   1.910,9999.000,9999.000,9999.000,9999.000,9999.000,9999.000,9999.000
202607292318,   0.474,   1.939,9999.000,9999.000,9999.000,9999.000,9999.000,9999.000,9999.000
202607292324,   0.511,   1.989,9999.000,9999.000,9999.000,9999.000,9999.000,9999.000,9999.000
202607292330,   0.550,   2.028,9999.000,9999.000,9999.000,9999.000,9999.000,9999.000,9999.000
202607292336,   0.590,   2.071,9999.000,9999.000,9999.000,9999.000,9999.000,9999.000,9999.000
202607292342,   0.630,   2.110,9999.000,9999.000,9999.000,9999.000,9999.000,9999.000,9999.000
202607292348,   0.671,   2.159,9999.000,9999.000,9999.000,9999.000,9999.000,9999.000,9999.000
202607292354,   0.712,   2.198,9999.000,9999.000,9999.000,9999.000,9999.000,9999.000,9999.000
202607300000,   0.753,   2.238,   0.800,   0.685,   2.238,   0.800,   2.238,   0.800,   2.238
202607300006,   0.795,   2.280,9999.000,9999.000,9999.000,9999.000,9999.000,9999.000,9999.000
202607300012,   0.837,   2.320,9999.000,9999.000,9999.000,9999.000,9999.000,9999.000,9999.000
202607300018,   0.879,   2.369,9999.000,9999.000,9999.000,9999.000,9999.000,9999.000,9999.000
202607300024,   0.921,   2.418,9999.000,9999.000,9999.000,9999.000,9999.000,9999.000,9999.000
202607300030,   0.963,   2.461,9999.000,9999.000,9999.000,9999.000,9999.000,9999.000,9999.000
202607300036,   1.006,   2.490,9999.000,9999.000,9999.000,9999.000,9999.000,9999.000,9999.000
202607300042,   1.048,   2.530,9999.000,9999.000,9999.000,9999.000,9999.000,9999.000,9999.000
202607300048,   1.090,   2.579,9999.000,9999.000,9999.000,9999.000,9999.000,9999.000,9999.000
202607300054,   1.132,   2.618,9999.000,9999.000,9999.000,9999.000,9999.000,9999.000,9999.000
202607300100,   1.173,   2.658,   0.800,   0.685,   2.658,   0.800,   2.658,   0.800,   2.658
202607300106,   1.214,   2.710,9999.000,9999.000,9999.000,9999.000,9999.000,9999.000,9999.000
202607300112,   1.255,   2.749,9999.000,9999.000,9999.000,9999.000,9999.000,9999.000,9999.000
202607300118,   1.295,   2.789,9999.000,9999.000,9999.000,9999.000,9999.000,9999.000,9999.000
202607300124,   1.335,   2.828,9999.000,9999.000,9999.000,9999.000,9999.000,9999.000,9999.000
202607300130,   1.374,   2.868,9999.000,9999.000,9999.000,9999.000,9999.000,9999.000,9999.000
202607300136,   1.411,   2.910,9999.000,9999.000,9999.000,9999.000,9999.000,9999.000,9999.000
202607300142,   1.448,   2.950,9999.000,9999.000,9999.000,9999.000,9999.000,9999.000,9999.000
202607300148,   1.483,   2.989,9999.000,9999.000,9999.000,9999.000,9999.000,9999.000,9999.000
202607300154,   1.517,   3.018,9999.000,9999.000,9999.000,9999.000,9999.000,9999.000,9999.000
202607300200,   1.548,   3.058,   0.800,   0.710,   3.058,   0.800,   3.058,   0.800,   3.058
202607300206,   1.578,   3.091,9999.000,9999.000,9999.000,9999.000,9999.000,9999.000,9999.000
202607300212,   1.606,   3.120,9999.000,9999.000,9999.000,9999.000,9999.000,9999.000,9999.000
202607300218,   1.631,   3.159,9999.000,9999.000,9999.000,9999.000,9999.000,9999.000,9999.000
202607300224,   1.653,   3.189,9999.000,9999.000,9999.000,9999.000,9999.000,9999.000,9999.000
202607300230,   1.673,   3.209,9999.000,9999.000,9999.000,9999.000,9999.000,9999.000,9999.000
202607300236,   1.689,   3.238,9999.000,9999.000,9999.000,9999.000,9999.000,9999.000,9999.000
202607300242,   1.703,   3.268,9999.000,9999.000,9999.000,9999.000,9999.000,9999.000,9999.000
202607300248,   1.713,   3.287,9999.000,9999.000,9999.000,9999.000,9999.000,9999.000,9999.000
202607300254,   1.720,   3.320,9999.000,9999.000,9999.000,9999.000,9999.000,9999.000,9999.000
202607300300,   1.724,   3.340,   0.800,   0.816,   3.340,   0.800,   3.340,   0.800,   3.340
202607300306,   1.725,   3.350,9999.000,9999.000,9999.000,9999.000,9999.000,9999.000,9999.000
202607300312,   1.722,   3.360,9999.000,9999.000,9999.000,9999.000,9999.000,9999.000,9999.000
202607300318,   1.715,   3.369,9999.000,9999.000,9999.000,9999.000,9999.000,9999.000,9999.000
202607300324,   1.706,   3.369,9999.000,9999.000,9999.000,9999.000,9999.000,9999.000,9999.000
202607300330,   1.694,   3.369,9999.000,9999.000,9999.000,9999.000,9999.000,9999.000,9999.000
202607300336,   1.678,   3.360,9999.000,9999.000,9999.000,9999.000,9999.000,9999.000,9999.000
202607300342,   1.661,   3.350,9999.000,9999.000,9999.000,9999.000,9999.000,9999.000,9999.000
202607300348,   1.640,   3.340,9999.000,9999.000,9999.000,9999.000,9999.000,9999.000,9999.000
202607300354,   1.617,   3.310,9999.000,9999.000,9999.000,9999.000,9999.000,9999.000,9999.000
202607300400,   1.593,   3.278,   0.800,   0.885,   3.278,   0.800,   3.278,   0.800,   3.278
202607300406,   1.566,   3.248,9999.000,9999.000,9999.000,9999.000,9999.000,9999.000,9999.000
202607300412,   1.538,   3.219,9999.000,9999.000,9999.000,9999.000,9999.000,9999.000,9999.000
202607300418,   1.509,   3.189,9999.000,9999.000,9999.000,9999.000,9999.000,9999.000,9999.000
202607300424,   1.478,   3.159,9999.000,9999.000,9999.000,9999.000,9999.000,9999.000,9999.000
202607300430,   1.447,   3.130,9999.000,9999.000,9999.000,9999.000,9999.000,9999.000,9999.000
202607300436,   1.415,   3.100,9999.000,9999.000,9999.000,9999.000,9999.000,9999.000,9999.000
202607300442,   1.383,   3.068,9999.000,9999.000,9999.000,9999.000,9999.000,9999.000,9999.000
202607300448,   1.350,   3.038,9999.000,9999.000,9999.000,9999.000,9999.000,9999.000,9999.000
202607300454,   1.318,   3.009,9999.000,9999.000,9999.000,9999.000,9999.000,9999.000,9999.000
202607300500,   1.285,   2.969,   0.800,   0.884,   2.969,   0.800,   2.969,   0.800,   2.969
202607300506,   1.252,   2.940,9999.000,9999.000,9999.000,9999.000,9999.000,9999.000,9999.000
202607300512,   1.220,   2.900,9999.000,9999.000,9999.000,9999.000,9999.000,9999.000,9999.000
202607300518,   1.188,   2.868,9999.000,9999.000,9999.000,9999.000,9999.000,9999.000,9999.000
202607300524,   1.156,   2.818,9999.000,9999.000,9999.000,9999.000,9999.000,9999.000,9999.000
202607300530,   1.125,   2.779,9999.000,9999.000,9999.000,9999.000,9999.000,9999.000,9999.000
202607300536,   1.094,   2.749,9999.000,9999.000,9999.000,9999.000,9999.000,9999.000,9999.000
202607300542,   1.064,   2.720,9999.000,9999.000,9999.000,9999.000,9999.000,9999.000,9999.000
202607300548,   1.034,   2.681,9999.000,9999.000,9999.000,9999.000,9999.000,9999.000,9999.000
202607300554,   1.004,   2.638,9999.000,9999.000,9999.000,9999.000,9999.000,9999.000,9999.000
202607300600,   0.975,   2.599,   0.800,   0.824,   2.599,   0.700,   2.499,   0.800,   2.599
202607300606,   0.946,   2.559,9999.000,9999.000,9999.000,9999.000,9999.000,9999.000,9999.000
202607300612,   0.917,   2.520,9999.000,9999.000,9999.000,9999.000,9999.000,9999.000,9999.000
202607300618,   0.889,   2.490,9999.000,9999.000,9999.000,9999.000,9999.000,9999.000,9999.000
202607300624,   0.861,   2.438,9999.000,9999.000,9999.000,9999.000,9999.000,9999.000,9999.000
202607300630,   0.834,   2.408,9999.000,9999.000,9999.000,9999.000,9999.000,9999.000,9999.000
202607300636,   0.807,   2.369,9999.000,9999.000,9999.000,9999.000,9999.000,9999.000,9999.000
202607300642,   0.780,   2.330,9999.000,9999.000,9999.000,9999.000,9999.000,9999.000,9999.000
202607300648,   0.753,   2.290,9999.000,9999.000,9999.000,9999.000,9999.000,9999.000,9999.000
202607300654,   0.727,   2.261,9999.000,9999.000,9999.000,9999.000,9999.000,9999.000,9999.000
202607300700,   0.701,   2.218,   0.800,   0.717,   2.218,   0.800,   2.218,   0.800,   2.218
202607300706,   0.676,   2.179,9999.000,9999.000,9999.000,9999.000,9999.000,9999.000,9999.000
202607300712,   0.651,   2.139,9999.000,9999.000,9999.000,9999.000,9999.000,9999.000,9999.000
202607300718,   0.626,   2.110,9999.000,9999.000,9999.000,9999.000,9999.000,9999.000,9999.000
202607300724,   0.602,   2.061,9999.000,9999.000,9999.000,9999.000,9999.000,9999.000,9999.000
202607300730,   0.578,   2.018,9999.000,9999.000,9999.000,9999.000,9999.000,9999.000,9999.000
202607300736,   0.554,   1.989,9999.000,9999.000,9999.000,9999.000,9999.000,9999.000,9999.000
202607300742,   0.531,   1.939,9999.000,9999.000,9999.000,9999.000,9999.000,9999.000,9999.000
202607300748,   0.508,   1.900,9999.000,9999.000,9999.000,9999.000,9999.000,9999.000,9999.000
202607300754,   0.486,   1.880,9999.000,9999.000,9999.000,9999.000,9999.000,9999.000,9999.000
202607300800,   0.464,   1.841,   0.800,   0.577,   1.841,   0.700,   1.741,   0.800,   1.841
202607300806,   0.443,   1.798,9999.000,9999.000,9999.000,9999.000,9999.000,9999.000,9999.000
202607300812,   0.422,   1.769,9999.000,9999.000,9999.000,9999.000,9999.000,9999.000,9999.000
202607300818,   0.401,   1.739,9999.000,9999.000,9999.000,9999.000,9999.000,9999.000,9999.000
202607300824,   0.381,   1.700,9999.000,9999.000,9999.000,9999.000,9999.000,9999.000,9999.000
202607300830,   0.361,   1.670,9999.000,9999.000,9999.000,9999.000,9999.000,9999.000,9999.000
202607300836,   0.341,   1.641,9999.000,9999.000,9999.000,9999.000,9999.000,9999.000,9999.000
202607300842,   0.322,   1.608,9999.000,9999.000,9999.000,9999.000,9999.000,9999.000,9999.000
202607300848,   0.304,   1.579,9999.000,9999.000,9999.000,9999.000,9999.000,9999.000,9999.000
202607300854,   0.285,   1.559,9999.000,9999.000,9999.000,9999.000,9999.000,9999.000,9999.000
202607300900,   0.268,   1.529,   0.800,   0.461,   1.529,   0.800,   1.529,   0.800,   1.529
202607300906,   0.251,   1.501,9999.000,9999.000,9999.000,9999.000,9999.000,9999.000,9999.000
202607300912,   0.235,   1.481,9999.000,9999.000,9999.000,9999.000,9999.000,9999.000,9999.000
202607300918,   0.220,   1.461,9999.000,9999.000,9999.000,9999.000,9999.000,9999.000,9999.000
202607300924,   0.206,   1.432,9999.000,9999.000,9999.000,9999.000,9999.000,9999.000,9999.000
202607300930,   0.193,   1.409,9999.000,9999.000,9999.000,9999.000,9999.000,9999.000,9999.000
202607300936,   0.181,   1.399,9999.000,9999.000,9999.000,9999.000,9999.000,9999.000,9999.000
202607300942,   0.170,   1.370,9999.000,9999.000,9999.000,9999.000,9999.000,9999.000,9999.000
202607300948,   0.161,   1.350,9999.000,9999.000,9999.000,9999.000,9999.000,9999.000,9999.000
202607300954,   0.154,   1.350,9999.000,9999.000,9999.000,9999.000,9999.000,9999.000,9999.000
202607301000,   0.148,   1.350,   0.800,   0.402,   1.350,   0.800,   1.350,   0.800,   1.350
202607301006,   0.144,   1.340,9999.000,9999.000,9999.000,9999.000,9999.000,9999.000,9999.000
202607301012,   0.142,   1.360,9999.000,9999.000,9999.000,9999.000,9999.000,9999.000,9999.000
202607301018,   0.142,   1.389,9999.000,9999.000,9999.000,9999.000,9999.000,9999.000,9999.000
202607301024,   0.144,   1.399,9999.000,9999.000,9999.000,9999.000,9999.000,9999.000,9999.000
202607301030,   0.149,   1.422,9999.000,9999.000,9999.000,9999.000,9999.000,9999.000,9999.000
202607301036,   0.155,   1.491,9999.000,9999.000,9999.000,9999.000,9999.000,9999.000,9999.000
202607301042,   0.164,   1.511,9999.000,9999.000,9999.000,9999.000,9999.000,9999.000,9999.000
202607301048,   0.175,   1.520,9999.000,9999.000,9999.000,9999.000,9999.000,9999.000,9999.000
202607301054,   0.188,   1.579,9999.000,9999.000,9999.000,9999.000,9999.000,9999.000,9999.000
202607301100,   0.204,   1.631,   0.800,   0.627,   1.631,   0.800,   1.631,   0.800,   1.631
202607301106,   0.221,   1.631,9999.000,9999.000,9999.000,9999.000,9999.000,9999.000,9999.000
202607301112,   0.241,   1.670,9999.000,9999.000,9999.000,9999.000,9999.000,9999.000,9999.000
202607301118,   0.262,   1.729,9999.000,9999.000,9999.000,9999.000,9999.000,9999.000,9999.000
202607301124,   0.285,   1.749,9999.000,9999.000,9999.000,9999.000,9999.000,9999.000,9999.000
202607301130,   0.310,   1.769,9999.000,9999.000,9999.000,9999.000,9999.000,9999.000,9999.000
202607301136,   0.336,   1.818,9999.000,9999.000,9999.000,9999.000,9999.000,9999.000,9999.000
202607301142,   0.364,   1.861,9999.000,9999.000,9999.000,9999.000,9999.000,9999.000,9999.000
202607301148,   0.393,   1.880,9999.000,9999.000,9999.000,9999.000,9999.000,9999.000,9999.000
202607301154,   0.423,   1.929,9999.000,9999.000,9999.000,9999.000,9999.000,9999.000,9999.000
202607301200,   0.453,   1.969,   0.800,   0.716,   1.969,   0.800,   1.969,   0.800,   1.969
202607301206,   0.485,   1.989,9999.000,9999.000,9999.000,9999.000,9999.000,9999.000,9999.000
202607301212,   0.518,   2.038,9999.000,9999.000,9999.000,9999.000,9999.000,9999.000,9999.000
202607301218,   0.551,   2.100,9999.000,9999.000,9999.000,9999.000,9999.000,9999.000,9999.000
202607301224,   0.584,   2.110,9999.000,9999.000,9999.000,9999.000,9999.000,9999.000,9999.000
202607301230,   0.618,   2.130,9999.000,9999.000,9999.000,9999.000,9999.000,9999.000,9999.000
202607301236,   0.653,   2.198,9999.000,9999.000,9999.000,9999.000,9999.000,9999.000,9999.000
202607301242,   0.688,   2.208,9999.000,9999.000,9999.000,9999.000,9999.000,9999.000,9999.000
202607301248,   0.723,   2.238,9999.000,9999.000,9999.000,9999.000,9999.000,9999.000,9999.000
202607301254,   0.758,   2.320,9999.000,9999.000,9999.000,9999.000,9999.000,9999.000,9999.000
202607301300,   0.793,   2.330,   0.800,   0.737,   2.330,   0.800,   2.330,   0.800,   2.330
202607301306,   0.829,   2.359,9999.000,9999.000,9999.000,9999.000,9999.000,9999.000,9999.000
202607301312,   0.864,   2.408,9999.000,9999.000,9999.000,9999.000,9999.000,9999.000,9999.000
202607301318,   0.900,   2.448,9999.000,9999.000,9999.000,9999.000,9999.000,9999.000,9999.000
202607301324,   0.936,   2.481,9999.000,9999.000,9999.000,9999.000,9999.000,9999.000,9999.000
202607301330,   0.971,   2.530,9999.000,9999.000,9999.000,9999.000,9999.000,9999.000,9999.000
202607301336,   1.006,   2.559,9999.000,9999.000,9999.000,9999.000,9999.000,9999.000,9999.000
202607301342,   1.041,   2.579,9999.000,9999.000,9999.000,9999.000,9999.000,9999.000,9999.000
202607301348,   1.075,   2.618,9999.000,9999.000,9999.000,9999.000,9999.000,9999.000,9999.000
202607301354,   1.109,   2.658,9999.000,9999.000,9999.000,9999.000,9999.000,9999.000,9999.000
202607301400,   1.142,   2.700,   0.800,   0.758,   2.700,   0.800,   2.700,   0.800,   2.700
202607301406,   1.174,   2.730,9999.000,9999.000,9999.000,9999.000,9999.000,9999.000,9999.000
202607301412,   1.205,   2.759,9999.000,9999.000,9999.000,9999.000,9999.000,9999.000,9999.000
202607301418,   1.234,   2.779,9999.000,9999.000,9999.000,9999.000,9999.000,9999.000,9999.000
202607301424,   1.262,   2.818,9999.000,9999.000,9999.000,9999.000,9999.000,9999.000,9999.000
202607301430,   1.288,   2.838,9999.000,9999.000,9999.000,9999.000,9999.000,9999.000,9999.000
202607301436,   1.312,   2.868,9999.000,9999.000,9999.000,9999.000,9999.000,9999.000,9999.000
202607301442,   1.334,   2.900,9999.000,9999.000,9999.000,9999.000,9999.000,9999.000,9999.000
202607301448,   1.353,   2.930,9999.000,9999.000,9999.000,9999.000,9999.000,9999.000,9999.000
202607301454,   1.370,   2.950,9999.000,9999.000,9999.000,9999.000,9999.000,9999.000,9999.000
202607301500,   1.384,   2.969,   0.800,   0.785,   2.969,   0.800,   2.969,   0.800,   2.969
202607301506,   1.396,   2.979,9999.000,9999.000,9999.000,9999.000,9999.000,9999.000,9999.000
202607301512,   1.404,   2.999,9999.000,9999.000,9999.000,9999.000,9999.000,9999.000,9999.000
202607301518,   1.409,   3.009,9999.000,9999.000,9999.000,9999.000,9999.000,9999.000,9999.000
202607301524,   1.411,   3.028,9999.000,9999.000,9999.000,9999.000,9999.000,9999.000,9999.000
202607301530,   1.410,   3.038,9999.000,9999.000,9999.000,9999.000,9999.000,9999.000,9999.000
202607301536,   1.405,   3.038,9999.000,9999.000,9999.000,9999.000,9999.000,9999.000,9999.000
202607301542,   1.398,   3.028,9999.000,9999.000,9999.000,9999.000,9999.000,9999.000,9999.000
202607301548,   1.388,   3.009,9999.000,9999.000,9999.000,9999.000,9999.000,9999.000,9999.000
202607301554,   1.374,   3.009,9999.000,9999.000,9999.000,9999.000,9999.000,9999.000,9999.000
202607301600,   1.359,   2.989,   0.800,   0.830,   2.989,   0.800,   2.989,   0.800,   2.989
202607301606,   1.340,   2.979,9999.000,9999.000,9999.000,9999.000,9999.000,9999.000,9999.000
202607301612,   1.319,   2.950,9999.000,9999.000,9999.000,9999.000,9999.000,9999.000,9999.000
202607301618,   1.297,   2.910,9999.000,9999.000,9999.000,9999.000,9999.000,9999.000,9999.000
202607301624,   1.272,   2.881,9999.000,9999.000,9999.000,9999.000,9999.000,9999.000,9999.000
202607301630,   1.246,   2.828,9999.000,9999.000,9999.000,9999.000,9999.000,9999.000,9999.000
202607301636,   1.218,   2.799,9999.000,9999.000,9999.000,9999.000,9999.000,9999.000,9999.000
202607301642,   1.189,   2.769,9999.000,9999.000,9999.000,9999.000,9999.000,9999.000,9999.000
202607301648,   1.159,   2.740,9999.000,9999.000,9999.000,9999.000,9999.000,9999.000,9999.000
202607301654,   1.129,   2.710,9999.000,9999.000,9999.000,9999.000,9999.000,9999.000,9999.000
202607301700,   1.098,   2.681,   0.800,   0.783,   2.681,   0.800,   2.681,   0.800,   2.681
202607301706,   1.067,   2.638,9999.000,9999.000,9999.000,9999.000,9999.000,9999.000,9999.000
202607301712,   1.035,   2.608,9999.000,9999.000,9999.000,9999.000,9999.000,9999.000,9999.000
202607301718,   1.004,   2.579,9999.000,9999.000,9999.000,9999.000,9999.000,9999.000,9999.000
202607301724,   0.973,   2.559,9999.000,9999.000,9999.000,9999.000,9999.000,9999.000,9999.000
202607301730,   0.942,   2.520,9999.000,9999.000,9999.000,9999.000,9999.000,9999.000,9999.000
202607301736,   0.912,   2.481,9999.000,9999.000,9999.000,9999.000,9999.000,9999.000,9999.000
202607301742,   0.882,   2.471,9999.000,9999.000,9999.000,9999.000,9999.000,9999.000,9999.000
202607301748,   0.853,   2.418,9999.000,9999.000,9999.000,9999.000,9999.000,9999.000,9999.000
202607301754,   0.824,   2.379,9999.000,9999.000,9999.000,9999.000,9999.000,9999.000,9999.000
202607301800,   0.796,   2.339,   0.800,   0.743,   2.339,   0.800,   2.339,   0.800,   2.339
202607301806,   0.768,   2.310,9999.000,9999.000,9999.000,9999.000,9999.000,9999.000,9999.000
202607301812,   0.741,   2.271,9999.000,9999.000,9999.000,9999.000,9999.000,9999.000,9999.000
202607301818,   0.714,   2.228,9999.000,9999.000,9999.000,9999.000,9999.000,9999.000,9999.000
202607301824,   0.688,   2.198,9999.000,9999.000,9999.000,9999.000,9999.000,9999.000,9999.000
202607301830,   0.663,   2.169,9999.000,9999.000,9999.000,9999.000,9999.000,9999.000,9999.000
202607301836,   0.637,   2.120,9999.000,9999.000,9999.000,9999.000,9999.000,9999.000,9999.000
202607301842,   0.613,   2.090,9999.000,9999.000,9999.000,9999.000,9999.000,9999.000,9999.000
202607301848,   0.589,   2.080,9999.000,9999.000,9999.000,9999.000,9999.000,9999.000,9999.000
202607301854,   0.565,   2.038,9999.000,9999.000,9999.000,9999.000,9999.000,9999.000,9999.000
202607301900,   0.542,   1.989,   0.800,   0.647,   1.989,   0.800,   1.989,   0.800,   1.989
202607301906,   0.519,   1.959,9999.000,9999.000,9999.000,9999.000,9999.000,9999.000,9999.000
202607301912,   0.496,   1.910,9999.000,9999.000,9999.000,9999.000,9999.000,9999.000,9999.000
202607301918,   0.474,   1.880,9999.000,9999.000,9999.000,9999.000,9999.000,9999.000,9999.000
202607301924,   0.453,   1.851,9999.000,9999.000,9999.000,9999.000,9999.000,9999.000,9999.000
202607301930,   0.432,   1.798,9999.000,9999.000,9999.000,9999.000,9999.000,9999.000,9999.000
202607301936,   0.411,   1.779,9999.000,9999.000,9999.000,9999.000,9999.000,9999.000,9999.000
202607301942,   0.391,   1.739,9999.000,9999.000,9999.000,9999.000,9999.000,9999.000,9999.000
202607301948,   0.371,   1.710,9999.000,9999.000,9999.000,9999.000,9999.000,9999.000,9999.000
202607301954,   0.352,   1.690,9999.000,9999.000,9999.000,9999.000,9999.000,9999.000,9999.000
202607302000,   0.333,   1.641,   0.800,   0.508,   1.641,   0.800,   1.641,   0.800,   1.641
202607302006,   0.315,   1.598,9999.000,9999.000,9999.000,9999.000,9999.000,9999.000,9999.000
202607302012,   0.297,   1.579,9999.000,9999.000,9999.000,9999.000,9999.000,9999.000,9999.000
202607302018,   0.280,   1.549,9999.000,9999.000,9999.000,9999.000,9999.000,9999.000,9999.000
202607302024,   0.263,   1.520,9999.000,9999.000,9999.000,9999.000,9999.000,9999.000,9999.000
202607302030,   0.247,   1.481,9999.000,9999.000,9999.000,9999.000,9999.000,9999.000,9999.000
202607302036,   0.231,   1.461,9999.000,9999.000,9999.000,9999.000,9999.000,9999.000,9999.000
202607302042,   0.216,   1.422,9999.000,9999.000,9999.000,9999.000,9999.000,9999.000,9999.000
202607302048,   0.202,   1.389,9999.000,9999.000,9999.000,9999.000,9999.000,9999.000,9999.000
202607302054,   0.188,   1.360,9999.000,9999.000,9999.000,9999.000,9999.000,9999.000,9999.000
202607302100,   0.174,   1.340,   0.800,   0.366,   1.340,   0.800,   1.340,   0.800,   1.340
202607302106,   0.161,   1.320,9999.000,9999.000,9999.000,9999.000,9999.000,9999.000,9999.000
202607302112,   0.149,   1.301,9999.000,9999.000,9999.000,9999.000,9999.000,9999.000,9999.000
202607302118,   0.137,   1.261,9999.000,9999.000,9999.000,9999.000,9999.000,9999.000,9999.000
202607302124,   0.127,   1.252,9999.000,9999.000,9999.000,9999.000,9999.000,9999.000,9999.000
202607302130,   0.117,   1.232,9999.000,9999.000,9999.000,9999.000,9999.000,9999.000,9999.000
202607302136,   0.108,   1.212,9999.000,9999.000,9999.000,9999.000,9999.000,9999.000,9999.000
202607302142,   0.100,   1.212,9999.000,9999.000,9999.000,9999.000,9999.000,9999.000,9999.000
202607302148,   0.093,   1.199,9999.000,9999.000,9999.000,9999.000,9999.000,9999.000,9999.000
202607302154,   0.087,   1.179,9999.000,9999.000,9999.000,9999.000,9999.000,9999.000,9999.000
202607302200,   0.083,   1.179,   0.800,   0.296,   1.179,   0.800,   1.179,   0.900,   1.279
202607302206,   0.080,   1.199,9999.000,9999.000,9999.000,9999.000,9999.000,9999.000,9999.000
202607302212,   0.079,   1.212,9999.000,9999.000,9999.000,9999.000,9999.000,9999.000,9999.000
202607302218,   0.080,   1.242,9999.000,9999.000,9999.000,9999.000,9999.000,9999.000,9999.000
202607302224,   0.083,   1.281,9999.000,9999.000,9999.000,9999.000,9999.000,9999.000,9999.000
202607302230,   0.088,   1.311,9999.000,9999.000,9999.000,9999.000,9999.000,9999.000,9999.000
202607302236,   0.095,   1.340,9999.000,9999.000,9999.000,9999.000,9999.000,9999.000,9999.000
202607302242,   0.104,   1.399,9999.000,9999.000,9999.000,9999.000,9999.000,9999.000,9999.000
202607302248,   0.115,   1.442,9999.000,9999.000,9999.000,9999.000,9999.000,9999.000,9999.000
202607302254,   0.129,   1.461,9999.000,9999.000,9999.000,9999.000,9999.000,9999.000,9999.000
202607302300,   0.145,   1.501,   0.800,   0.556,   1.501,   0.800,   1.501,   0.900,   1.601
202607302306,   0.164,   1.539,9999.000,9999.000,9999.000,9999.000,9999.000,9999.000,9999.000
202607302312,   0.185,   1.569,9999.000,9999.000,9999.000,9999.000,9999.000,9999.000,9999.000
202607302318,   0.209,   1.588,9999.000,9999.000,9999.000,9999.000,9999.000,9999.000,9999.000
202607302324,   0.234,   1.631,9999.000,9999.000,9999.000,9999.000,9999.000,9999.000,9999.000
202607302330,   0.262,   1.661,9999.000,9999.000,9999.000,9999.000,9999.000,9999.000,9999.000
202607302336,   0.292,   1.690,9999.000,9999.000,9999.000,9999.000,9999.000,9999.000,9999.000
202607302342,   0.324,   1.729,9999.000,9999.000,9999.000,9999.000,9999.000,9999.000,9999.000
202607302348,   0.358,   1.788,9999.000,9999.000,9999.000,9999.000,9999.000,9999.000,9999.000
202607302354,   0.393,   1.818,9999.000,9999.000,9999.000,9999.000,9999.000,9999.000,9999.000
202607310000,   0.430,   1.861,   0.900,   0.531,   1.861,   0.800,   1.761,   0.900,   1.861
202607310006,   0.468,   1.900,9999.000,9999.000,9999.000,9999.000,9999.000,9999.000,9999.000
202607310012,   0.508,   1.939,9999.000,9999.000,9999.000,9999.000,9999.000,9999.000,9999.000
202607310018,   0.549,   1.979,9999.000,9999.000,9999.000,9999.000,9999.000,9999.000,9999.000
202607310024,   0.590,   2.028,9999.000,9999.000,9999.000,9999.000,9999.000,9999.000,9999.000
202607310030,   0.632,   2.080,9999.000,9999.000,9999.000,9999.000,9999.000,9999.000,9999.000
202607310036,   0.675,   2.110,9999.000,9999.000,9999.000,9999.000,9999.000,9999.000,9999.000
202607310042,   0.719,   2.149,9999.000,9999.000,9999.000,9999.000,9999.000,9999.000,9999.000
202607310048,   0.762,   2.189,9999.000,9999.000,9999.000,9999.000,9999.000,9999.000,9999.000
202607310054,   0.806,   2.228,9999.000,9999.000,9999.000,9999.000,9999.000,9999.000,9999.000
202607310100,   0.850,   2.280,   0.800,   0.630,   2.280,   0.800,   2.280,   0.900,   2.380
202607310106,   0.895,   2.320,9999.000,9999.000,9999.000,9999.000,9999.000,9999.000,9999.000
202607310112,   0.939,   2.359,9999.000,9999.000,9999.000,9999.000,9999.000,9999.000,9999.000
202607310118,   0.983,   2.399,9999.000,9999.000,9999.000,9999.000,9999.000,9999.000,9999.000
202607310124,   1.027,   2.438,9999.000,9999.000,9999.000,9999.000,9999.000,9999.000,9999.000
202607310130,   1.070,   2.481,9999.000,9999.000,9999.000,9999.000,9999.000,9999.000,9999.000
202607310136,   1.114,   2.530,9999.000,9999.000,9999.000,9999.000,9999.000,9999.000,9999.000
202607310142,   1.157,   2.569,9999.000,9999.000,9999.000,9999.000,9999.000,9999.000,9999.000
202607310148,   1.199,   2.608,9999.000,9999.000,9999.000,9999.000,9999.000,9999.000,9999.000
202607310154,   1.241,   2.658,9999.000,9999.000,9999.000,9999.000,9999.000,9999.000,9999.000
202607310200,   1.283,   2.700,   0.800,   0.617,   2.700,   0.800,   2.700,   0.900,   2.800
202607310206,   1.323,   2.730,9999.000,9999.000,9999.000,9999.000,9999.000,9999.000,9999.000
202607310212,   1.363,   2.779,9999.000,9999.000,9999.000,9999.000,9999.000,9999.000,9999.000
202607310218,   1.401,   2.818,9999.000,9999.000,9999.000,9999.000,9999.000,9999.000,9999.000
202607310224,   1.439,   2.858,9999.000,9999.000,9999.000,9999.000,9999.000,9999.000,9999.000
202607310230,   1.475,   2.891,9999.000,9999.000,9999.000,9999.000,9999.000,9999.000,9999.000
202607310236,   1.509,   2.930,9999.000,9999.000,9999.000,9999.000,9999.000,9999.000,9999.000
202607310242,   1.542,   2.959,9999.000,9999.000,9999.000,9999.000,9999.000,9999.000,9999.000
202607310248,   1.572,   2.999,9999.000,9999.000,9999.000,9999.000,9999.000,9999.000,9999.000
202607310254,   1.601,   3.028,9999.000,9999.000,9999.000,9999.000,9999.000,9999.000,9999.000
202607310300,   1.627,   3.058,   0.800,   0.631,   3.058,   0.800,   3.058,   0.900,   3.158
202607310306,   1.650,   3.091,9999.000,9999.000,9999.000,9999.000,9999.000,9999.000,9999.000
202607310312,   1.671,   3.120,9999.000,9999.000,9999.000,9999.000,9999.000,9999.000,9999.000
202607310318,   1.688,   3.150,9999.000,9999.000,9999.000,9999.000,9999.000,9999.000,9999.000
202607310324,   1.703,   3.179,9999.000,9999.000,9999.000,9999.000,9999.000,9999.000,9999.000
202607310330,   1.714,   3.199,9999.000,9999.000,9999.000,9999.000,9999.000,9999.000,9999.000
202607310336,   1.722,   3.219,9999.000,9999.000,9999.000,9999.000,9999.000,9999.000,9999.000
202607310342,   1.727,   3.238,9999.000,9999.000,9999.000,9999.000,9999.000,9999.000,9999.000
202607310348,   1.728,   3.248,9999.000,9999.000,9999.000,9999.000,9999.000,9999.000,9999.000
202607310354,   1.725,   3.268,9999.000,9999.000,9999.000,9999.000,9999.000,9999.000,9999.000
202607310400,   1.720,   3.278,   0.800,   0.758,   3.278,   0.800,   3.278,   0.800,   3.278
202607310406,   1.710,   3.287,9999.000,9999.000,9999.000,9999.000,9999.000,9999.000,9999.000
202607310412,   1.698,   3.278,9999.000,9999.000,9999.000,9999.000,9999.000,9999.000,9999.000
202607310418,   1.683,   3.278,9999.000,9999.000,9999.000,9999.000,9999.000,9999.000,9999.000
202607310424,   1.664,   3.258,9999.000,9999.000,9999.000,9999.000,9999.000,9999.000,9999.000
202607310430,   1.643,   3.228,9999.000,9999.000,9999.000,9999.000,9999.000,9999.000,9999.000
202607310436,   1.620,   3.209,9999.000,9999.000,9999.000,9999.000,9999.000,9999.000,9999.000
202607310442,   1.594,   3.179,9999.000,9999.000,9999.000,9999.000,9999.000,9999.000,9999.000
202607310448,   1.566,   3.130,9999.000,9999.000,9999.000,9999.000,9999.000,9999.000,9999.000
202607310454,   1.537,   3.100,9999.000,9999.000,9999.000,9999.000,9999.000,9999.000,9999.000
202607310500,   1.505,   3.058,   0.800,   0.753,   3.058,   0.800,   3.058,   0.800,   3.058
202607310506,   1.473,   3.018,9999.000,9999.000,9999.000,9999.000,9999.000,9999.000,9999.000
202607310512,   1.440,   2.989,9999.000,9999.000,9999.000,9999.000,9999.000,9999.000,9999.000
202607310518,   1.406,   2.959,9999.000,9999.000,9999.000,9999.000,9999.000,9999.000,9999.000
202607310524,   1.371,   2.930,9999.000,9999.000,9999.000,9999.000,9999.000,9999.000,9999.000
202607310530,   1.336,   2.891,9999.000,9999.000,9999.000,9999.000,9999.000,9999.000,9999.000
202607310536,   1.301,   2.858,9999.000,9999.000,9999.000,9999.000,9999.000,9999.000,9999.000
202607310542,   1.266,   2.828,9999.000,9999.000,9999.000,9999.000,9999.000,9999.000,9999.000
202607310548,   1.232,   2.789,9999.000,9999.000,9999.000,9999.000,9999.000,9999.000,9999.000
202607310554,   1.197,   2.759,9999.000,9999.000,9999.000,9999.000,9999.000,9999.000,9999.000
202607310600,   1.163,   2.720,   0.800,   0.757,   2.720,   0.800,   2.720,   0.800,   2.720
202607310606,   1.130,   2.681,9999.000,9999.000,9999.000,9999.000,9999.000,9999.000,9999.000
202607310612,   1.097,   2.638,9999.000,9999.000,9999.000,9999.000,9999.000,9999.000,9999.000
202607310618,   1.065,   2.599,9999.000,9999.000,9999.000,9999.000,9999.000,9999.000,9999.000
202607310624,   1.033,   2.559,9999.000,9999.000,9999.000,9999.000,9999.000,9999.000,9999.000
202607310630,   1.002,   2.520,9999.000,9999.000,9999.000,9999.000,9999.000,9999.000,9999.000
202607310636,   0.972,   2.481,9999.000,9999.000,9999.000,9999.000,9999.000,9999.000,9999.000
202607310642,   0.942,   2.438,9999.000,9999.000,9999.000,9999.000,9999.000,9999.000,9999.000
202607310648,   0.913,   2.399,9999.000,9999.000,9999.000,9999.000,9999.000,9999.000,9999.000
202607310654,   0.884,   2.359,9999.000,9999.000,9999.000,9999.000,9999.000,9999.000,9999.000
202607310700,   0.856,   2.330,   0.800,   0.674,   2.330,   0.800,   2.330,   0.800,   2.330
202607310706,   0.828,   2.280,9999.000,9999.000,9999.000,9999.000,9999.000,9999.000,9999.000
202607310712,   0.800,   2.238,9999.000,9999.000,9999.000,9999.000,9999.000,9999.000,9999.000
202607310718,   0.774,   2.198,9999.000,9999.000,9999.000,9999.000,9999.000,9999.000,9999.000
202607310724,   0.747,   2.159,9999.000,9999.000,9999.000,9999.000,9999.000,9999.000,9999.000
202607310730,   0.721,   2.120,9999.000,9999.000,9999.000,9999.000,9999.000,9999.000,9999.000
202607310736,   0.695,   2.080,9999.000,9999.000,9999.000,9999.000,9999.000,9999.000,9999.000
202607310742,   0.670,   2.038,9999.000,9999.000,9999.000,9999.000,9999.000,9999.000,9999.000
202607310748,   0.645,   1.998,9999.000,9999.000,9999.000,9999.000,9999.000,9999.000,9999.000
202607310754,   0.620,   1.959,9999.000,9999.000,9999.000,9999.000,9999.000,9999.000,9999.000
202607310800,   0.596,   1.920,   0.800,   0.524,   1.920,   0.800,   1.920,   0.800,   1.920
202607310806,   0.572,   1.880,9999.000,9999.000,9999.000,9999.000,9999.000,9999.000,9999.000
202607310812,   0.548,   1.841,9999.000,9999.000,9999.000,9999.000,9999.000,9999.000,9999.000
202607310818,   0.525,   1.798,9999.000,9999.000,9999.000,9999.000,9999.000,9999.000,9999.000
202607310824,   0.502,   1.769,9999.000,9999.000,9999.000,9999.000,9999.000,9999.000,9999.000
202607310830,   0.480,   1.729,9999.000,9999.000,9999.000,9999.000,9999.000,9999.000,9999.000
202607310836,   0.457,   1.690,9999.000,9999.000,9999.000,9999.000,9999.000,9999.000,9999.000
202607310842,   0.436,   1.661,9999.000,9999.000,9999.000,9999.000,9999.000,9999.000,9999.000
202607310848,   0.414,   1.618,9999.000,9999.000,9999.000,9999.000,9999.000,9999.000,9999.000
202607310854,   0.393,   1.588,9999.000,9999.000,9999.000,9999.000,9999.000,9999.000,9999.000
202607310900,   0.372,   1.549,   0.800,   0.377,   1.549,   0.800,   1.549,   0.800,   1.549
202607310906,   0.352,   1.520,9999.000,9999.000,9999.000,9999.000,9999.000,9999.000,9999.000
202607310912,   0.331,   1.491,9999.000,9999.000,9999.000,9999.000,9999.000,9999.000,9999.000
202607310918,   0.312,   1.461,9999.000,9999.000,9999.000,9999.000,9999.000,9999.000,9999.000
202607310924,   0.292,   1.432,9999.000,9999.000,9999.000,9999.000,9999.000,9999.000,9999.000
202607310930,   0.273,   1.399,9999.000,9999.000,9999.000,9999.000,9999.000,9999.000,9999.000
202607310936,   0.255,   1.370,9999.000,9999.000,9999.000,9999.000,9999.000,9999.000,9999.000
202607310942,   0.237,   1.340,9999.000,9999.000,9999.000,9999.000,9999.000,9999.000,9999.000
202607310948,   0.219,   1.320,9999.000,9999.000,9999.000,9999.000,9999.000,9999.000,9999.000
202607310954,   0.203,   1.291,9999.000,9999.000,9999.000,9999.000,9999.000,9999.000,9999.000
202607311000,   0.187,   1.271,   0.800,   0.284,   1.271,   0.800,   1.271,   0.800,   1.271
202607311006,   0.172,   1.252,9999.000,9999.000,9999.000,9999.000,9999.000,9999.000,9999.000
202607311012,   0.158,   1.232,9999.000,9999.000,9999.000,9999.000,9999.000,9999.000,9999.000
202607311018,   0.145,   1.222,9999.000,9999.000,9999.000,9999.000,9999.000,9999.000,9999.000
202607311024,   0.133,   1.199,9999.000,9999.000,9999.000,9999.000,9999.000,9999.000,9999.000
202607311030,   0.123,   1.189,9999.000,9999.000,9999.000,9999.000,9999.000,9999.000,9999.000
202607311036,   0.115,   1.189,9999.000,9999.000,9999.000,9999.000,9999.000,9999.000,9999.000
202607311042,   0.108,   1.189,9999.000,9999.000,9999.000,9999.000,9999.000,9999.000,9999.000
202607311048,   0.103,   1.199,9999.000,9999.000,9999.000,9999.000,9999.000,9999.000,9999.000
202607311054,   0.100,   1.212,9999.000,9999.000,9999.000,9999.000,9999.000,9999.000,9999.000
202607311100,   0.099,   1.232,   0.800,   0.333,   1.232,   0.800,   1.232,   0.800,   1.232
202607311106,   0.100,   1.271,9999.000,9999.000,9999.000,9999.000,9999.000,9999.000,9999.000
202607311112,   0.104,   1.320,9999.000,9999.000,9999.000,9999.000,9999.000,9999.000,9999.000
202607311118,   0.110,   1.350,9999.000,9999.000,9999.000,9999.000,9999.000,9999.000,9999.000
202607311124,   0.119,   1.399,9999.000,9999.000,9999.000,9999.000,9999.000,9999.000,9999.000
202607311130,   0.130,   1.442,9999.000,9999.000,9999.000,9999.000,9999.000,9999.000,9999.000
202607311136,   0.143,   1.471,9999.000,9999.000,9999.000,9999.000,9999.000,9999.000,9999.000
202607311142,   0.159,   1.501,9999.000,9999.000,9999.000,9999.000,9999.000,9999.000,9999.000
202607311148,   0.178,   1.539,9999.000,9999.000,9999.000,9999.000,9999.000,9999.000,9999.000
202607311154,   0.198,   1.569,9999.000,9999.000,9999.000,9999.000,9999.000,9999.000,9999.000
202607311200,   0.221,   1.598,   0.800,   0.577,   1.598,   0.800,   1.598,   0.800,   1.598
202607311206,   0.247,   1.631,9999.000,9999.000,9999.000,9999.000,9999.000,9999.000,9999.000
202607311212,   0.274,   1.670,9999.000,9999.000,9999.000,9999.000,9999.000,9999.000,9999.000
202607311218,   0.303,   1.710,9999.000,9999.000,9999.000,9999.000,9999.000,9999.000,9999.000
202607311224,   0.334,   1.749,9999.000,9999.000,9999.000,9999.000,9999.000,9999.000,9999.000
202607311230,   0.366,   1.788,9999.000,9999.000,9999.000,9999.000,9999.000,9999.000,9999.000
202607311236,   0.400,   1.828,9999.000,9999.000,9999.000,9999.000,9999.000,9999.000,9999.000
202607311242,   0.435,   1.870,9999.000,9999.000,9999.000,9999.000,9999.000,9999.000,9999.000
202607311248,   0.471,   1.920,9999.000,9999.000,9999.000,9999.000,9999.000,9999.000,9999.000
202607311254,   0.508,   1.959,9999.000,9999.000,9999.000,9999.000,9999.000,9999.000,9999.000
202607311300,   0.546,   1.998,   0.800,   0.652,   1.998,   0.800,   1.998,   0.800,   1.998
202607311306,   0.584,   2.038,9999.000,9999.000,9999.000,9999.000,9999.000,9999.000,9999.000
202607311312,   0.624,   2.080,9999.000,9999.000,9999.000,9999.000,9999.000,9999.000,9999.000
202607311318,   0.663,   2.120,9999.000,9999.000,9999.000,9999.000,9999.000,9999.000,9999.000
202607311324,   0.703,   2.169,9999.000,9999.000,9999.000,9999.000,9999.000,9999.000,9999.000
202607311330,   0.743,   2.208,9999.000,9999.000,9999.000,9999.000,9999.000,9999.000,9999.000
202607311336,   0.784,   2.251,9999.000,9999.000,9999.000,9999.000,9999.000,9999.000,9999.000
202607311342,   0.824,   2.290,9999.000,9999.000,9999.000,9999.000,9999.000,9999.000,9999.000
202607311348,   0.865,   2.330,9999.000,9999.000,9999.000,9999.000,9999.000,9999.000,9999.000
202607311354,   0.905,   2.379,9999.000,9999.000,9999.000,9999.000,9999.000,9999.000,9999.000
202607311400,   0.946,   2.418,   0.800,   0.672,   2.418,   0.800,   2.418,   0.800,   2.418
202607311406,   0.986,   2.461,9999.000,9999.000,9999.000,9999.000,9999.000,9999.000,9999.000
202607311412,   1.025,   2.490,9999.000,9999.000,9999.000,9999.000,9999.000,9999.000,9999.000
202607311418,   1.065,   2.530,9999.000,9999.000,9999.000,9999.000,9999.000,9999.000,9999.000
202607311424,   1.104,9999.000,9999.000,9999.000,9999.000,9999.000,9999.000,9999.000,9999.000
202607311430,   1.142,   2.599,9999.000,9999.000,9999.000,9999.000,9999.000,9999.000,9999.000
202607311436,   1.180,   2.648,9999.000,9999.000,9999.000,9999.000,9999.000,9999.000,9999.000
202607311442,   1.217,   2.690,9999.000,9999.000,9999.000,9999.000,9999.000,9999.000,9999.000
202607311448,   1.252,   2.720,9999.000,9999.000,9999.000,9999.000,9999.000,9999.000,9999.000
202607311454,   1.286,   2.759,9999.000,9999.000,9999.000,9999.000,9999.000,9999.000,9999.000
202607311500,   1.319,   2.789,   0.800,   0.670,   2.789,   0.800,   2.789,   0.800,   2.789
202607311506,   1.351,   2.818,9999.000,9999.000,9999.000,9999.000,9999.000,9999.000,9999.000
202607311512,   1.380,   2.848,9999.000,9999.000,9999.000,9999.000,9999.000,9999.000,9999.000
202607311518,   1.407,   2.891,9999.000,9999.000,9999.000,9999.000,9999.000,9999.000,9999.000
202607311524,   1.432,   2.910,9999.000,9999.000,9999.000,9999.000,9999.000,9999.000,9999.000
202607311530,   1.455,   2.940,9999.000,9999.000,9999.000,9999.000,9999.000,9999.000,9999.000
202607311536,   1.475,   2.969,9999.000,9999.000,9999.000,9999.000,9999.000,9999.000,9999.000
202607311542,   1.492,   2.989,9999.000,9999.000,9999.000,9999.000,9999.000,9999.000,9999.000
202607311548,   1.506,   3.009,9999.000,9999.000,9999.000,9999.000,9999.000,9999.000,9999.000
202607311554,   1.517,   3.038,9999.000,9999.000,9999.000,9999.000,9999.000,9999.000,9999.000
202607311600,   1.524,   3.048,   0.800,   0.724,   3.048,   0.800,   3.048,   0.800,   3.048
202607311606,   1.529,   3.058,9999.000,9999.000,9999.000,9999.000,9999.000,9999.000,9999.000
202607311612,   1.530,   3.068,9999.000,9999.000,9999.000,9999.000,9999.000,9999.000,9999.000
202607311618,   1.527,   3.077,9999.000,9999.000,9999.000,9999.000,9999.000,9999.000,9999.000
202607311624,   1.521,   3.068,9999.000,9999.000,9999.000,9999.000,9999.000,9999.000,9999.000
202607311630,   1.512,   3.058,9999.000,9999.000,9999.000,9999.000,9999.000,9999.000,9999.000
202607311636,   1.500,   3.038,9999.000,9999.000,9999.000,9999.000,9999.000,9999.000,9999.000
202607311642,   1.485,   3.018,9999.000,9999.000,9999.000,9999.000,9999.000,9999.000,9999.000
202607311648,   1.467,   2.999,9999.000,9999.000,9999.000,9999.000,9999.000,9999.000,9999.000
202607311654,   1.446,   2.969,9999.000,9999.000,9999.000,9999.000,9999.000,9999.000,9999.000
202607311700,   1.422,   2.940,   0.800,   0.718,   2.940,   0.800,   2.940,   0.800,   2.940
202607311706,   1.397,   2.910,9999.000,9999.000,9999.000,9999.000,9999.000,9999.000,9999.000
202607311712,   1.369,   2.858,9999.000,9999.000,9999.000,9999.000,9999.000,9999.000,9999.000
202607311718,   1.340,   2.818,9999.000,9999.000,9999.000,9999.000,9999.000,9999.000,9999.000
202607311724,   1.309,   2.809,9999.000,9999.000,9999.000,9999.000,9999.000,9999.000,9999.000
202607311730,   1.277,   2.769,9999.000,9999.000,9999.000,9999.000,9999.000,9999.000,9999.000
202607311736,   1.244,   2.730,9999.000,9999.000,9999.000,9999.000,9999.000,9999.000,9999.000
202607311742,   1.210,   2.710,9999.000,9999.000,9999.000,9999.000,9999.000,9999.000,9999.000
202607311748,   1.176,   2.681,9999.000,9999.000,9999.000,9999.000,9999.000,9999.000,9999.000
202607311754,   1.141,   2.628,9999.000,9999.000,9999.000,9999.000,9999.000,9999.000,9999.000
202607311800,   1.107,   2.608,   0.800,   0.701,   2.608,   0.800,   2.608,   0.800,   2.608
202607311806,   1.073,   2.579,9999.000,9999.000,9999.000,9999.000,9999.000,9999.000,9999.000
202607311812,   1.038,   2.540,9999.000,9999.000,9999.000,9999.000,9999.000,9999.000,9999.000
202607311818,   1.005,   2.500,9999.000,9999.000,9999.000,9999.000,9999.000,9999.000,9999.000
202607311824,   0.971,   2.471,9999.000,9999.000,9999.000,9999.000,9999.000,9999.000,9999.000
202607311830,   0.939,   2.418,9999.000,9999.000,9999.000,9999.000,9999.000,9999.000,9999.000
202607311836,   0.907,   2.379,9999.000,9999.000,9999.000,9999.000,9999.000,9999.000,9999.000
202607311842,   0.875,   2.349,9999.000,9999.000,9999.000,9999.000,9999.000,9999.000,9999.000
202607311848,   0.844,   2.320,9999.000,9999.000,9999.000,9999.000,9999.000,9999.000,9999.000
202607311854,   0.814,   2.280,9999.000,9999.000,9999.000,9999.000,9999.000,9999.000,9999.000
202607311900,   0.785,   2.238,   0.800,   0.653,   2.238,   0.800,   2.238,   0.800,   2.238
202607311906,   0.756,   2.189,9999.000,9999.000,9999.000,9999.000,9999.000,9999.000,9999.000
202607311912,   0.728,   2.159,9999.000,9999.000,9999.000,9999.000,9999.000,9999.000,9999.000
202607311918,   0.701,   2.120,9999.000,9999.000,9999.000,9999.000,9999.000,9999.000,9999.000
202607311924,   0.674,   2.080,9999.000,9999.000,9999.000,9999.000,9999.000,9999.000,9999.000
202607311930,   0.648,   2.051,9999.000,9999.000,9999.000,9999.000,9999.000,9999.000,9999.000
202607311936,   0.622,   2.008,9999.000,9999.000,9999.000,9999.000,9999.000,9999.000,9999.000
202607311942,   0.597,   1.979,9999.000,9999.000,9999.000,9999.000,9999.000,9999.000,9999.000
202607311948,   0.573,   1.939,9999.000,9999.000,9999.000,9999.000,9999.000,9999.000,9999.000
202607311954,   0.549,   1.900,9999.000,9999.000,9999.000,9999.000,9999.000,9999.000,9999.000
202607312000,   0.525,   1.870,   0.800,   0.545,   1.870,   0.800,   1.870,   0.800,   1.870
202607312006,   0.502,   1.841,9999.000,9999.000,9999.000,9999.000,9999.000,9999.000,9999.000
202607312012,   0.479,   1.788,9999.000,9999.000,9999.000,9999.000,9999.000,9999.000,9999.000
202607312018,   0.457,   1.769,9999.000,9999.000,9999.000,9999.000,9999.000,9999.000,9999.000
202607312024,   0.435,   1.729,9999.000,9999.000,9999.000,9999.000,9999.000,9999.000,9999.000
202607312030,   0.413,   1.700,9999.000,9999.000,9999.000,9999.000,9999.000,9999.000,9999.000
202607312036,   0.392,   1.651,9999.000,9999.000,9999.000,9999.000,9999.000,9999.000,9999.000
202607312042,   0.372,   1.618,9999.000,9999.000,9999.000,9999.000,9999.000,9999.000,9999.000
202607312048,   0.352,   1.588,9999.000,9999.000,9999.000,9999.000,9999.000,9999.000,9999.000
202607312054,   0.332,   1.559,9999.000,9999.000,9999.000,9999.000,9999.000,9999.000,9999.000
202607312100,   0.314,   1.529,   0.800,   0.415,   1.529,   0.700,   1.429,   0.800,   1.529
202607312106,   0.295,   1.491,9999.000,9999.000,9999.000,9999.000,9999.000,9999.000,9999.000
202607312112,   0.277,   1.461,9999.000,9999.000,9999.000,9999.000,9999.000,9999.000,9999.000
202607312118,   0.259,   1.432,9999.000,9999.000,9999.000,9999.000,9999.000,9999.000,9999.000
202607312124,   0.242,   1.399,9999.000,9999.000,9999.000,9999.000,9999.000,9999.000,9999.000
202607312130,   0.226,   1.370,9999.000,9999.000,9999.000,9999.000,9999.000,9999.000,9999.000
202607312136,   0.210,   1.350,9999.000,9999.000,9999.000,9999.000,9999.000,9999.000,9999.000
202607312142,   0.194,   1.320,9999.000,9999.000,9999.000,9999.000,9999.000,9999.000,9999.000
202607312148,   0.179,   1.301,9999.000,9999.000,9999.000,9999.000,9999.000,9999.000,9999.000
202607312154,   0.165,   1.281,9999.000,9999.000,9999.000,9999.000,9999.000,9999.000,9999.000
202607312200,   0.151,   1.261,   0.800,   0.310,   1.261,   0.700,   1.161,   0.800,   1.261
202607312206,   0.138,   1.232,9999.000,9999.000,9999.000,9999.000,9999.000,9999.000,9999.000
202607312212,   0.126,   1.222,9999.000,9999.000,9999.000,9999.000,9999.000,9999.000,9999.000
202607312218,   0.115,   1.199,9999.000,9999.000,9999.000,9999.000,9999.000,9999.000,9999.000
202607312224,   0.104,   1.189,9999.000,9999.000,9999.000,9999.000,9999.000,9999.000,9999.000
202607312230,   0.095,   1.179,9999.000,9999.000,9999.000,9999.000,9999.000,9999.000,9999.000
202607312236,   0.086,   1.170,9999.000,9999.000,9999.000,9999.000,9999.000,9999.000,9999.000
202607312242,   0.079,   1.179,9999.000,9999.000,9999.000,9999.000,9999.000,9999.000,9999.000
202607312248,   0.074,   1.179,9999.000,9999.000,9999.000,9999.000,9999.000,9999.000,9999.000
202607312254,   0.070,   1.189,9999.000,9999.000,9999.000,9999.000,9999.000,9999.000,9999.000
202607312300,   0.068,   1.222,   0.800,   0.354,   1.222,   0.700,   1.122,   0.800,   1.222
202607312306,   0.067,   1.252,9999.000,9999.000,9999.000,9999.000,9999.000,9999.000,9999.000
202607312312,   0.069,   1.281,9999.000,9999.000,9999.000,9999.000,9999.000,9999.000,9999.000
202607312318,   0.073,   1.330,9999.000,9999.000,9999.000,9999.000,9999.000,9999.000,9999.000
202607312324,   0.079,   1.370,9999.000,9999.000,9999.000,9999.000,9999.000,9999.000,9999.000
202607312330,   0.087,   1.409,9999.000,9999.000,9999.000,9999.000,9999.000,9999.000,9999.000
202607312336,   0.098,   1.442,9999.000,9999.000,9999.000,9999.000,9999.000,9999.000,9999.000
202607312342,   0.111,   1.481,9999.000,9999.000,9999.000,9999.000,9999.000,9999.000,9999.000
202607312348,   0.127,   1.511,9999.000,9999.000,9999.000,9999.000,9999.000,9999.000,9999.000
202607312354,   0.145,   1.539,9999.000,9999.000,9999.000,9999.000,9999.000,9999.000,9999.000
202608010000,   0.166,   1.579,   0.700,   0.713,   1.579,   0.700,   1.579,   0.700,   1.579
202608010006,   0.190,   1.608,9999.000,9999.000,9999.000,9999.000,9999.000,9999.000,9999.000
202608010012,   0.215,   1.651,9999.000,9999.000,9999.000,9999.000,9999.000,9999.000,9999.000
202608010018,   0.244,   1.690,9999.000,9999.000,9999.000,9999.000,9999.000,9999.000,9999.000
202608010024,   0.274,   1.729,9999.000,9999.000,9999.000,9999.000,9999.000,9999.000,9999.000
202608010030,   0.307,   1.759,9999.000,9999.000,9999.000,9999.000,9999.000,9999.000,9999.000
202608010036,   0.341,   1.808,9999.000,9999.000,9999.000,9999.000,9999.000,9999.000,9999.000
202608010042,   0.378,   1.851,9999.000,9999.000,9999.000,9999.000,9999.000,9999.000,9999.000
202608010048,   0.416,   1.880,9999.000,9999.000,9999.000,9999.000,9999.000,9999.000,9999.000
202608010054,   0.455,   1.929,9999.000,9999.000,9999.000,9999.000,9999.000,9999.000,9999.000
202608010100,   0.496,   1.979,   0.700,   0.783,   1.979,   0.700,   1.979,   0.700,   1.979
202608010106,   0.538,   1.998,9999.000,9999.000,9999.000,9999.000,9999.000,9999.000,9999.000
202608010112,   0.581,   2.038,9999.000,9999.000,9999.000,9999.000,9999.000,9999.000,9999.000
202608010118,   0.625,   2.100,9999.000,9999.000,9999.000,9999.000,9999.000,9999.000,9999.000
202608010124,   0.670,   2.130,9999.000,9999.000,9999.000,9999.000,9999.000,9999.000,9999.000
202608010130,   0.714,   2.159,9999.000,9999.000,9999.000,9999.000,9999.000,9999.000,9999.000
202608010136,   0.760,   2.208,9999.000,9999.000,9999.000,9999.000,9999.000,9999.000,9999.000
202608010142,   0.805,   2.251,9999.000,9999.000,9999.000,9999.000,9999.000,9999.000,9999.000
202608010148,   0.851,   2.280,9999.000,9999.000,9999.000,9999.000,9999.000,9999.000,9999.000
202608010154,   0.896,   2.330,9999.000,9999.000,9999.000,9999.000,9999.000,9999.000,9999.000
202608010200,   0.942,   2.369,   0.700,   0.727,   2.369,   0.700,   2.369,   0.700,   2.369
202608010206,   0.987,   2.408,9999.000,9999.000,9999.000,9999.000,9999.000,9999.000,9999.000
202608010212,   1.032,   2.461,9999.000,9999.000,9999.000,9999.000,9999.000,9999.000,9999.000
202608010218,   1.076,   2.490,9999.000,9999.000,9999.000,9999.000,9999.000,9999.000,9999.000
202608010224,   1.120,   2.530,9999.000,9999.000,9999.000,9999.000,9999.000,9999.000,9999.000
202608010230,   1.164,   2.579,9999.000,9999.000,9999.000,9999.000,9999.000,9999.000,9999.000
202608010236,   1.207,   2.608,9999.000,9999.000,9999.000,9999.000,9999.000,9999.000,9999.000
202608010242,   1.249,   2.638,9999.000,9999.000,9999.000,9999.000,9999.000,9999.000,9999.000
202608010248,   1.290,   2.690,9999.000,9999.000,9999.000,9999.000,9999.000,9999.000,9999.000
202608010254,   1.331,   2.720,9999.000,9999.000,9999.000,9999.000,9999.000,9999.000,9999.000
202608010300,   1.370,   2.759,   0.700,   0.689,   2.759,   0.700,   2.759,   0.700,   2.759
202608010306,   1.408,   2.789,9999.000,9999.000,9999.000,9999.000,9999.000,9999.000,9999.000
202608010312,   1.445,   2.818,9999.000,9999.000,9999.000,9999.000,9999.000,9999.000,9999.000
202608010318,   1.480,   2.858,9999.000,9999.000,9999.000,9999.000,9999.000,9999.000,9999.000
202608010324,   1.513,   2.891,9999.000,9999.000,9999.000,9999.000,9999.000,9999.000,9999.000
202608010330,   1.545,   2.920,9999.000,9999.000,9999.000,9999.000,9999.000,9999.000,9999.000
202608010336,   1.574,   2.950,9999.000,9999.000,9999.000,9999.000,9999.000,9999.000,9999.000
202608010342,   1.601,   2.979,9999.000,9999.000,9999.000,9999.000,9999.000,9999.000,9999.000
202608010348,   1.625,   3.009,9999.000,9999.000,9999.000,9999.000,9999.000,9999.000,9999.000
202608010354,   1.647,   3.028,9999.000,9999.000,9999.000,9999.000,9999.000,9999.000,9999.000
202608010400,   1.666,   3.048,   0.700,   0.682,   3.048,   0.600,   2.948,   0.700,   3.048
202608010406,   1.682,   3.068,9999.000,9999.000,9999.000,9999.000,9999.000,9999.000,9999.000
202608010412,   1.694,   3.091,9999.000,9999.000,9999.000,9999.000,9999.000,9999.000,9999.000
202608010418,   1.704,   3.100,9999.000,9999.000,9999.000,9999.000,9999.000,9999.000,9999.000
202608010424,   1.710,   3.110,9999.000,9999.000,9999.000,9999.000,9999.000,9999.000,9999.000
202608010430,   1.712,   3.110,9999.000,9999.000,9999.000,9999.000,9999.000,9999.000,9999.000
202608010436,   1.711,   3.100,9999.000,9999.000,9999.000,9999.000,9999.000,9999.000,9999.000
202608010442,   1.706,   3.100,9999.000,9999.000,9999.000,9999.000,9999.000,9999.000,9999.000
202608010448,   1.698,   3.077,9999.000,9999.000,9999.000,9999.000,9999.000,9999.000,9999.000
202608010454,   1.687,   3.058,9999.000,9999.000,9999.000,9999.000,9999.000,9999.000,9999.000
202608010500,   1.672,   3.028,   0.700,   0.656,   3.028,   0.600,   2.928,   0.700,   3.028
202608010506,   1.655,   2.989,9999.000,9999.000,9999.000,9999.000,9999.000,9999.000,9999.000
202608010512,   1.634,   2.959,9999.000,9999.000,9999.000,9999.000,9999.000,9999.000,9999.000
202608010518,   1.611,   2.920,9999.000,9999.000,9999.000,9999.000,9999.000,9999.000,9999.000
202608010524,   1.585,   2.881,9999.000,9999.000,9999.000,9999.000,9999.000,9999.000,9999.000
202608010530,   1.556,   2.838,9999.000,9999.000,9999.000,9999.000,9999.000,9999.000,9999.000
202608010536,   1.526,   2.809,9999.000,9999.000,9999.000,9999.000,9999.000,9999.000,9999.000
202608010542,   1.494,   2.779,9999.000,9999.000,9999.000,9999.000,9999.000,9999.000,9999.000
202608010548,   1.461,   2.740,9999.000,9999.000,9999.000,9999.000,9999.000,9999.000,9999.000
202608010554,   1.426,   2.720,9999.000,9999.000,9999.000,9999.000,9999.000,9999.000,9999.000
202608010600,   1.391,   2.690,   0.700,   0.599,   2.690,   0.600,   2.590,   0.700,   2.690
202608010606,   1.354,   2.648,9999.000,9999.000,9999.000,9999.000,9999.000,9999.000,9999.000
202608010612,   1.318,   2.618,9999.000,9999.000,9999.000,9999.000,9999.000,9999.000,9999.000
202608010618,   1.281,   2.579,9999.000,9999.000,9999.000,9999.000,9999.000,9999.000,9999.000
202608010624,   1.244,   2.540,9999.000,9999.000,9999.000,9999.000,9999.000,9999.000,9999.000
202608010630,   1.208,   2.510,9999.000,9999.000,9999.000,9999.000,9999.000,9999.000,9999.000
202608010636,   1.171,   2.471,9999.000,9999.000,9999.000,9999.000,9999.000,9999.000,9999.000
202608010642,   1.136,   2.418,9999.000,9999.000,9999.000,9999.000,9999.000,9999.000,9999.000
202608010648,   1.100,   2.379,9999.000,9999.000,9999.000,9999.000,9999.000,9999.000,9999.000
202608010654,   1.066,   2.339,9999.000,9999.000,9999.000,9999.000,9999.000,9999.000,9999.000
202608010700,   1.032,   2.300,   0.600,   0.668,   2.300,   0.600,   2.300,   0.700,   2.400
202608010706,   0.999,   2.261,9999.000,9999.000,9999.000,9999.000,9999.000,9999.000,9999.000
202608010712,   0.967,   2.228,9999.000,9999.000,9999.000,9999.000,9999.000,9999.000,9999.000
202608010718,   0.935,   2.179,9999.000,9999.000,9999.000,9999.000,9999.000,9999.000,9999.000
202608010724,   0.904,   2.149,9999.000,9999.000,9999.000,9999.000,9999.000,9999.000,9999.000
202608010730,   0.874,   2.110,9999.000,9999.000,9999.000,9999.000,9999.000,9999.000,9999.000
202608010736,   0.845,   2.071,9999.000,9999.000,9999.000,9999.000,9999.000,9999.000,9999.000
202608010742,   0.816,   2.018,9999.000,9999.000,9999.000,9999.000,9999.000,9999.000,9999.000
202608010748,   0.788,   1.989,9999.000,9999.000,9999.000,9999.000,9999.000,9999.000,9999.000
202608010754,   0.761,   1.949,9999.000,9999.000,9999.000,9999.000,9999.000,9999.000,9999.000
202608010800,   0.734,   1.910,   0.600,   0.576,   1.910,   0.600,   1.910,   0.700,   2.010
202608010806,   0.707,   1.870,9999.000,9999.000,9999.000,9999.000,9999.000,9999.000,9999.000
202608010812,   0.681,   1.828,9999.000,9999.000,9999.000,9999.000,9999.000,9999.000,9999.000
202608010818,   0.655,   1.798,9999.000,9999.000,9999.000,9999.000,9999.000,9999.000,9999.000
202608010824,   0.630,   1.749,9999.000,9999.000,9999.000,9999.000,9999.000,9999.000,9999.000
202608010830,   0.605,   1.710,9999.000,9999.000,9999.000,9999.000,9999.000,9999.000,9999.000
202608010836,   0.581,   1.680,9999.000,9999.000,9999.000,9999.000,9999.000,9999.000,9999.000
202608010842,   0.557,   1.641,9999.000,9999.000,9999.000,9999.000,9999.000,9999.000,9999.000
202608010848,   0.533,   1.598,9999.000,9999.000,9999.000,9999.000,9999.000,9999.000,9999.000
202608010854,   0.510,   1.559,9999.000,9999.000,9999.000,9999.000,9999.000,9999.000,9999.000
202608010900,   0.487,   1.529,   0.600,   0.442,   1.529,   0.600,   1.529,   0.700,   1.629
202608010906,   0.464,   1.501,9999.000,9999.000,9999.000,9999.000,9999.000,9999.000,9999.000
202608010912,   0.442,   1.461,9999.000,9999.000,9999.000,9999.000,9999.000,9999.000,9999.000
202608010918,   0.419,   1.422,9999.000,9999.000,9999.000,9999.000,9999.000,9999.000,9999.000
202608010924,   0.398,   1.379,9999.000,9999.000,9999.000,9999.000,9999.000,9999.000,9999.000
202608010930,   0.376,   1.350,9999.000,9999.000,9999.000,9999.000,9999.000,9999.000,9999.000
202608010936,   0.355,   1.320,9999.000,9999.000,9999.000,9999.000,9999.000,9999.000,9999.000
202608010942,   0.334,   1.291,9999.000,9999.000,9999.000,9999.000,9999.000,9999.000,9999.000
202608010948,   0.314,   1.261,9999.000,9999.000,9999.000,9999.000,9999.000,9999.000,9999.000
202608010954,   0.294,   1.232,9999.000,9999.000,9999.000,9999.000,9999.000,9999.000,9999.000
202608011000,   0.274,   1.199,   0.600,   0.325,   1.199,   0.600,   1.199,   0.700,   1.299
202608011006,   0.254,   1.170,9999.000,9999.000,9999.000,9999.000,9999.000,9999.000,9999.000
202608011012,   0.235,   1.150,9999.000,9999.000,9999.000,9999.000,9999.000,9999.000,9999.000
202608011018,   0.217,   1.120,9999.000,9999.000,9999.000,9999.000,9999.000,9999.000,9999.000
202608011024,   0.199,   1.101,9999.000,9999.000,9999.000,9999.000,9999.000,9999.000,9999.000
202608011030,   0.181,   1.081,9999.000,9999.000,9999.000,9999.000,9999.000,9999.000,9999.000
202608011036,   0.164,   1.061,9999.000,9999.000,9999.000,9999.000,9999.000,9999.000,9999.000
202608011042,   0.148,   1.051,9999.000,9999.000,9999.000,9999.000,9999.000,9999.000,9999.000
202608011048,   0.133,   1.032,9999.000,9999.000,9999.000,9999.000,9999.000,9999.000,9999.000
202608011054,   0.118,   1.022,9999.000,9999.000,9999.000,9999.000,9999.000,9999.000,9999.000
202608011100,   0.105,   1.012,   0.600,   0.307,   1.012,   0.600,   1.012,   0.700,   1.112
202608011106,   0.093,   1.012,9999.000,9999.000,9999.000,9999.000,9999.000,9999.000,9999.000
202608011112,   0.082,   1.002,9999.000,9999.000,9999.000,9999.000,9999.000,9999.000,9999.000
202608011118,   0.073,   1.012,9999.000,9999.000,9999.000,9999.000,9999.000,9999.000,9999.000
202608011124,   0.065,   1.032,9999.000,9999.000,9999.000,9999.000,9999.000,9999.000,9999.000
202608011130,   0.059,   1.051,9999.000,9999.000,9999.000,9999.000,9999.000,9999.000,9999.000
202608011136,   0.056,   1.081,9999.000,9999.000,9999.000,9999.000,9999.000,9999.000,9999.000
202608011142,   0.054,   1.130,9999.000,9999.000,9999.000,9999.000,9999.000,9999.000,9999.000
202608011148,   0.055,   1.160,9999.000,9999.000,9999.000,9999.000,9999.000,9999.000,9999.000
202608011154,   0.058,   1.189,9999.000,9999.000,9999.000,9999.000,9999.000,9999.000,9999.000
202608011200,   0.064,   1.232,   0.600,   0.568,   1.232,   0.600,   1.232,   0.600,   1.232
202608011206,   0.072,   1.281,9999.000,9999.000,9999.000,9999.000,9999.000,9999.000,9999.000
202608011212,   0.083,   1.301,9999.000,9999.000,9999.000,9999.000,9999.000,9999.000,9999.000
202608011218,   0.096,   1.340,9999.000,9999.000,9999.000,9999.000,9999.000,9999.000,9999.000
202608011224,   0.112,   1.379,9999.000,9999.000,9999.000,9999.000,9999.000,9999.000,9999.000
202608011230,   0.131,   1.399,9999.000,9999.000,9999.000,9999.000,9999.000,9999.000,9999.000
202608011236,   0.152,   1.432,9999.000,9999.000,9999.000,9999.000,9999.000,9999.000,9999.000
202608011242,   0.176,   1.481,9999.000,9999.000,9999.000,9999.000,9999.000,9999.000,9999.000
202608011248,   0.203,   1.511,9999.000,9999.000,9999.000,9999.000,9999.000,9999.000,9999.000
202608011254,   0.232,   1.539,9999.000,9999.000,9999.000,9999.000,9999.000,9999.000,9999.000
202608011300,   0.263,   1.579,   0.600,   0.716,   1.579,   0.600,   1.579,   0.600,   1.579
202608011306,   0.296,   1.631,9999.000,9999.000,9999.000,9999.000,9999.000,9999.000,9999.000
202608011312,   0.331,   1.661,9999.000,9999.000,9999.000,9999.000,9999.000,9999.000,9999.000
202608011318,   0.367,   1.700,9999.000,9999.000,9999.000,9999.000,9999.000,9999.000,9999.000
202608011324,   0.406,   1.739,9999.000,9999.000,9999.000,9999.000,9999.000,9999.000,9999.000
202608011330,   0.445,   1.779,9999.000,9999.000,9999.000,9999.000,9999.000,9999.000,9999.000
202608011336,   0.486,   1.798,9999.000,9999.000,9999.000,9999.000,9999.000,9999.000,9999.000
202608011342,   0.528,   1.851,9999.000,9999.000,9999.000,9999.000,9999.000,9999.000,9999.000
202608011348,   0.571,   1.890,9999.000,9999.000,9999.000,9999.000,9999.000,9999.000,9999.000
202608011354,   0.614,   1.939,9999.000,9999.000,9999.000,9999.000,9999.000,9999.000,9999.000
202608011400,   0.659,   1.979,   0.600,   0.720,   1.979,   0.600,   1.979,   0.600,   1.979
202608011406,   0.703,   2.008,9999.000,9999.000,9999.000,9999.000,9999.000,9999.000,9999.000
202608011412,   0.748,   2.061,9999.000,9999.000,9999.000,9999.000,9999.000,9999.000,9999.000
202608011418,   0.793,   2.100,9999.000,9999.000,9999.000,9999.000,9999.000,9999.000,9999.000
202608011424,   0.838,   2.139,9999.000,9999.000,9999.000,9999.000,9999.000,9999.000,9999.000
202608011430,   0.883,   2.179,9999.000,9999.000,9999.000,9999.000,9999.000,9999.000,9999.000
202608011436,   0.928,   2.228,9999.000,9999.000,9999.000,9999.000,9999.000,9999.000,9999.000
202608011442,   0.973,   2.261,9999.000,9999.000,9999.000,9999.000,9999.000,9999.000,9999.000
202608011448,   1.017,   2.300,9999.000,9999.000,9999.000,9999.000,9999.000,9999.000,9999.000
202608011454,   1.061,   2.339,9999.000,9999.000,9999.000,9999.000,9999.000,9999.000,9999.000
202608011500,   1.105,   2.369,   0.600,   0.664,   2.369,   0.600,   2.369,   0.600,   2.369
202608011506,   1.148,   2.408,9999.000,9999.000,9999.000,9999.000,9999.000,9999.000,9999.000
202608011512,   1.190,   2.448,9999.000,9999.000,9999.000,9999.000,9999.000,9999.000,9999.000
202608011518,   1.231,   2.490,9999.000,9999.000,9999.000,9999.000,9999.000,9999.000,9999.000
202608011524,   1.272,   2.530,9999.000,9999.000,9999.000,9999.000,9999.000,9999.000,9999.000
202608011530,   1.311,   2.549,9999.000,9999.000,9999.000,9999.000,9999.000,9999.000,9999.000
202608011536,   1.349,   2.599,9999.000,9999.000,9999.000,9999.000,9999.000,9999.000,9999.000
202608011542,   1.385,   2.618,9999.000,9999.000,9999.000,9999.000,9999.000,9999.000,9999.000
202608011548,   1.420,   2.648,9999.000,9999.000,9999.000,9999.000,9999.000,9999.000,9999.000
202608011554,   1.453,   2.681,9999.000,9999.000,9999.000,9999.000,9999.000,9999.000,9999.000
202608011600,   1.484,   2.710,   0.600,   0.626,   2.710,   0.600,   2.710,   0.600,   2.710
202608011606,   1.513,   2.730,9999.000,9999.000,9999.000,9999.000,9999.000,9999.000,9999.000
202608011612,   1.539,   2.759,9999.000,9999.000,9999.000,9999.000,9999.000,9999.000,9999.000
202608011618,   1.563,   2.779,9999.000,9999.000,9999.000,9999.000,9999.000,9999.000,9999.000
202608011624,   1.583,   2.799,9999.000,9999.000,9999.000,9999.000,9999.000,9999.000,9999.000
202608011630,   1.601,   2.828,9999.000,9999.000,9999.000,9999.000,9999.000,9999.000,9999.000
202608011636,   1.615,   2.838,9999.000,9999.000,9999.000,9999.000,9999.000,9999.000,9999.000
202608011642,   1.626,   2.848,9999.000,9999.000,9999.000,9999.000,9999.000,9999.000,9999.000
202608011648,   1.634,   2.858,9999.000,9999.000,9999.000,9999.000,9999.000,9999.000,9999.000
202608011654,   1.638,   2.858,9999.000,9999.000,9999.000,9999.000,9999.000,9999.000,9999.000
202608011700,   1.639,   2.848,   0.600,   0.609,   2.848,   0.600,   2.848,   0.600,   2.848
202608011706,   1.636,   2.848,9999.000,9999.000,9999.000,9999.000,9999.000,9999.000,9999.000
202608011712,   1.629,   2.828,9999.000,9999.000,9999.000,9999.000,9999.000,9999.000,9999.000
202608011718,   1.619,   2.809,9999.000,9999.000,9999.000,9999.000,9999.000,9999.000,9999.000
202608011724,   1.606,   2.779,9999.000,9999.000,9999.000,9999.000,9999.000,9999.000,9999.000
202608011730,   1.590,   2.749,9999.000,9999.000,9999.000,9999.000,9999.000,9999.000,9999.000
202608011736,   1.570,   2.710,9999.000,9999.000,9999.000,9999.000,9999.000,9999.000,9999.000
202608011742,   1.548,   2.671,9999.000,9999.000,9999.000,9999.000,9999.000,9999.000,9999.000
202608011748,   1.522,   2.638,9999.000,9999.000,9999.000,9999.000,9999.000,9999.000,9999.000
202608011754,   1.495,   2.608,9999.000,9999.000,9999.000,9999.000,9999.000,9999.000,9999.000
202608011800,   1.465,   2.579,   0.600,   0.514,   2.579,   0.500,   2.479,   0.600,   2.579
202608011806,   1.434,   2.540,9999.000,9999.000,9999.000,9999.000,9999.000,9999.000,9999.000
202608011812,   1.401,   2.520,9999.000,9999.000,9999.000,9999.000,9999.000,9999.000,9999.000
202608011818,   1.366,   2.481,9999.000,9999.000,9999.000,9999.000,9999.000,9999.000,9999.000
202608011824,   1.331,   2.461,9999.000,9999.000,9999.000,9999.000,9999.000,9999.000,9999.000
202608011830,   1.295,   2.418,9999.000,9999.000,9999.000,9999.000,9999.000,9999.000,9999.000
202608011836,   1.258,   2.389,9999.000,9999.000,9999.000,9999.000,9999.000,9999.000,9999.000
202608011842,   1.221,   2.359,9999.000,9999.000,9999.000,9999.000,9999.000,9999.000,9999.000
202608011848,   1.184,   2.310,9999.000,9999.000,9999.000,9999.000,9999.000,9999.000,9999.000
202608011854,   1.147,   2.280,9999.000,9999.000,9999.000,9999.000,9999.000,9999.000,9999.000
202608011900,   1.110,   2.251,   0.600,   0.541,   2.251,   0.600,   2.251,   0.600,   2.251
202608011906,   1.074,   2.198,9999.000,9999.000,9999.000,9999.000,9999.000,9999.000,9999.000
202608011912,   1.038,   2.159,9999.000,9999.000,9999.000,9999.000,9999.000,9999.000,9999.000
202608011918,   1.003,   2.120,9999.000,9999.000,9999.000,9999.000,9999.000,9999.000,9999.000
202608011924,   0.968,   2.080,9999.000,9999.000,9999.000,9999.000,9999.000,9999.000,9999.000
202608011930,   0.934,   2.051,9999.000,9999.000,9999.000,9999.000,9999.000,9999.000,9999.000
202608011936,   0.901,   2.018,9999.000,9999.000,9999.000,9999.000,9999.000,9999.000,9999.000
202608011942,   0.869,   1.979,9999.000,9999.000,9999.000,9999.000,9999.000,9999.000,9999.000
202608011948,   0.837,   1.929,9999.000,9999.000,9999.000,9999.000,9999.000,9999.000,9999.000
202608011954,   0.807,   1.880,9999.000,9999.000,9999.000,9999.000,9999.000,9999.000,9999.000
202608012000,   0.776,   1.851,   0.600,   0.475,   1.851,   0.600,   1.851,   0.600,   1.851
202608012006,   0.747,   1.818,9999.000,9999.000,9999.000,9999.000,9999.000,9999.000,9999.000
202608012012,   0.718,   1.769,9999.000,9999.000,9999.000,9999.000,9999.000,9999.000,9999.000
202608012018,   0.690,   1.739,9999.000,9999.000,9999.000,9999.000,9999.000,9999.000,9999.000
202608012024,   0.663,   1.700,9999.000,9999.000,9999.000,9999.000,9999.000,9999.000,9999.000
202608012030,   0.636,   1.651,9999.000,9999.000,9999.000,9999.000,9999.000,9999.000,9999.000
202608012036,   0.610,   1.618,9999.000,9999.000,9999.000,9999.000,9999.000,9999.000,9999.000
202608012042,   0.584,   1.588,9999.000,9999.000,9999.000,9999.000,9999.000,9999.000,9999.000
202608012048,   0.558,   1.559,9999.000,9999.000,9999.000,9999.000,9999.000,9999.000,9999.000
202608012054,   0.534,   1.520,9999.000,9999.000,9999.000,9999.000,9999.000,9999.000,9999.000
202608012100,   0.509,   1.481,   0.600,   0.372,   1.481,   0.500,   1.381,   0.600,   1.481
202608012106,   0.485,   1.452,9999.000,9999.000,9999.000,9999.000,9999.000,9999.000,9999.000
202608012112,   0.462,   1.422,9999.000,9999.000,9999.000,9999.000,9999.000,9999.000,9999.000
202608012118,   0.439,   1.379,9999.000,9999.000,9999.000,9999.000,9999.000,9999.000,9999.000
202608012124,   0.416,   1.340,9999.000,9999.000,9999.000,9999.000,9999.000,9999.000,9999.000
202608012130,   0.394,   1.291,9999.000,9999.000,9999.000,9999.000,9999.000,9999.000,9999.000
202608012136,   0.373,   1.261,9999.000,9999.000,9999.000,9999.000,9999.000,9999.000,9999.000
202608012142,   0.351,   1.232,9999.000,9999.000,9999.000,9999.000,9999.000,9999.000,9999.000
202608012148,   0.331,   1.199,9999.000,9999.000,9999.000,9999.000,9999.000,9999.000,9999.000
202608012154,   0.311,   1.160,9999.000,9999.000,9999.000,9999.000,9999.000,9999.000,9999.000
202608012200,   0.291,   1.130,   0.500,   0.339,   1.130,   0.500,   1.130,   0.600,   1.230
202608012206,   0.272,   1.101,9999.000,9999.000,9999.000,9999.000,9999.000,9999.000,9999.000
202608012212,   0.253,   1.071,9999.000,9999.000,9999.000,9999.000,9999.000,9999.000,9999.000
202608012218,   0.235,   1.061,9999.000,9999.000,9999.000,9999.000,9999.000,9999.000,9999.000
202608012224,   0.218,   1.032,9999.000,9999.000,9999.000,9999.000,9999.000,9999.000,9999.000
202608012230,   0.201,   1.002,9999.000,9999.000,9999.000,9999.000,9999.000,9999.000,9999.000
202608012236,   0.184,   0.969,9999.000,9999.000,9999.000,9999.000,9999.000,9999.000,9999.000
202608012242,   0.168,   0.960,9999.000,9999.000,9999.000,9999.000,9999.000,9999.000,9999.000
202608012248,   0.153,   0.950,9999.000,9999.000,9999.000,9999.000,9999.000,9999.000,9999.000
202608012254,   0.139,   0.940,9999.000,9999.000,9999.000,9999.000,9999.000,9999.000,9999.000
202608012300,   0.125,   0.930,   0.500,   0.305,   0.930,   0.500,   0.930,   0.600,   1.030
202608012306,   0.112,   0.920,9999.000,9999.000,9999.000,9999.000,9999.000,9999.000,9999.000
202608012312,   0.100,   0.901,9999.000,9999.000,9999.000,9999.000,9999.000,9999.000,9999.000
202608012318,   0.089,   0.891,9999.000,9999.000,9999.000,9999.000,9999.000,9999.000,9999.000
202608012324,   0.080,   0.901,9999.000,9999.000,9999.000,9999.000,9999.000,9999.000,9999.000
202608012330,   0.072,   0.901,9999.000,9999.000,9999.000,9999.000,9999.000,9999.000,9999.000
202608012336,   0.065,   0.920,9999.000,9999.000,9999.000,9999.000,9999.000,9999.000,9999.000
202608012342,   0.060,   0.940,9999.000,9999.000,9999.000,9999.000,9999.000,9999.000,9999.000
202608012348,   0.056,   0.969,9999.000,9999.000,9999.000,9999.000,9999.000,9999.000,9999.000
202608012354,   0.055,   0.989,9999.000,9999.000,9999.000,9999.000,9999.000,9999.000,9999.000
202608020000,   0.055,   1.022,   0.500,   0.467,   1.022,   0.500,   1.022,   0.600,   1.122
202608020006,   0.058,   1.071,9999.000,9999.000,9999.000,9999.000,9999.000,9999.000,9999.000
202608020012,   0.063,   1.111,9999.000,9999.000,9999.000,9999.000,9999.000,9999.000,9999.000
202608020018,   0.071,   1.140,9999.000,9999.000,9999.000,9999.000,9999.000,9999.000,9999.000
202608020024,   0.081,   1.170,9999.000,9999.000,9999.000,9999.000,9999.000,9999.000,9999.000
202608020030,   0.093,   1.212,9999.000,9999.000,9999.000,9999.000,9999.000,9999.000,9999.000
202608020036,   0.108,   1.252,9999.000,9999.000,9999.000,9999.000,9999.000,9999.000,9999.000
202608020042,   0.126,   1.261,9999.000,9999.000,9999.000,9999.000,9999.000,9999.000,9999.000
202608020048,   0.146,   1.291,9999.000,9999.000,9999.000,9999.000,9999.000,9999.000,9999.000
202608020054,   0.169,   1.320,9999.000,9999.000,9999.000,9999.000,9999.000,9999.000,9999.000
202608020100,   0.195,   1.360,   0.500,   0.665,   1.360,   0.500,   1.360,   0.500,   1.360
202608020106,   0.223,   1.399,9999.000,9999.000,9999.000,9999.000,9999.000,9999.000,9999.000
202608020112,   0.253,   1.432,9999.000,9999.000,9999.000,9999.000,9999.000,9999.000,9999.000
202608020118,   0.286,   1.471,9999.000,9999.000,9999.000,9999.000,9999.000,9999.000,9999.000
202608020124,   0.320,   1.511,9999.000,9999.000,9999.000,9999.000,9999.000,9999.000,9999.000
202608020130,   0.357,   1.529,9999.000,9999.000,9999.000,9999.000,9999.000,9999.000,9999.000
202608020136,   0.395,   1.579,9999.000,9999.000,9999.000,9999.000,9999.000,9999.000,9999.000
202608020142,   0.435,   1.631,9999.000,9999.000,9999.000,9999.000,9999.000,9999.000,9999.000
202608020148,   0.476,   1.670,9999.000,9999.000,9999.000,9999.000,9999.000,9999.000,9999.000
202608020154,   0.519,   1.700,9999.000,9999.000,9999.000,9999.000,9999.000,9999.000,9999.000
202608020200,   0.562,   1.749,   0.500,   0.687,   1.749,   0.500,   1.749,   0.500,   1.749
202608020206,   0.606,   1.788,9999.000,9999.000,9999.000,9999.000,9999.000,9999.000,9999.000
202608020212,   0.651,   1.818,9999.000,9999.000,9999.000,9999.000,9999.000,9999.000,9999.000
202608020218,   0.697,   1.851,9999.000,9999.000,9999.000,9999.000,9999.000,9999.000,9999.000
202608020224,   0.742,   1.900,9999.000,9999.000,9999.000,9999.000,9999.000,9999.000,9999.000
202608020230,   0.788,   1.939,9999.000,9999.000,9999.000,9999.000,9999.000,9999.000,9999.000
202608020236,   0.834,   1.979,9999.000,9999.000,9999.000,9999.000,9999.000,9999.000,9999.000
202608020242,   0.880,   2.028,9999.000,9999.000,9999.000,9999.000,9999.000,9999.000,9999.000
202608020248,   0.926,   2.071,9999.000,9999.000,9999.000,9999.000,9999.000,9999.000,9999.000
202608020254,   0.971,   2.110,9999.000,9999.000,9999.000,9999.000,9999.000,9999.000,9999.000
202608020300,   1.016,   2.159,   0.500,   0.643,   2.159,   0.500,   2.159,   0.500,   2.159
202608020306,   1.060,   2.198,9999.000,9999.000,9999.000,9999.000,9999.000,9999.000,9999.000
202608020312,   1.104,   2.238,9999.000,9999.000,9999.000,9999.000,9999.000,9999.000,9999.000
202608020318,   1.147,   2.280,9999.000,9999.000,9999.000,9999.000,9999.000,9999.000,9999.000
202608020324,   1.190,   2.320,9999.000,9999.000,9999.000,9999.000,9999.000,9999.000,9999.000
202608020330,   1.231,   2.349,9999.000,9999.000,9999.000,9999.000,9999.000,9999.000,9999.000
202608020336,   1.272,   2.379,9999.000,9999.000,9999.000,9999.000,9999.000,9999.000,9999.000
202608020342,   1.312,   2.408,9999.000,9999.000,9999.000,9999.000,9999.000,9999.000,9999.000
202608020348,   1.350,   2.448,9999.000,9999.000,9999.000,9999.000,9999.000,9999.000,9999.000
202608020354,   1.387,   2.481,9999.000,9999.000,9999.000,9999.000,9999.000,9999.000,9999.000
202608020400,   1.423,   2.510,   0.500,   0.587,   2.510,   0.500,   2.510,   0.500,   2.510
202608020406,   1.457,   2.530,9999.000,9999.000,9999.000,9999.000,9999.000,9999.000,9999.000
202608020412,   1.489,   2.569,9999.000,9999.000,9999.000,9999.000,9999.000,9999.000,9999.000
202608020418,   1.519,   2.599,9999.000,9999.000,9999.000,9999.000,9999.000,9999.000,9999.000
202608020424,   1.547,   2.628,9999.000,9999.000,9999.000,9999.000,9999.000,9999.000,9999.000
202608020430,   1.573,   2.658,9999.000,9999.000,9999.000,9999.000,9999.000,9999.000,9999.000
202608020436,   1.596,   2.681,9999.000,9999.000,9999.000,9999.000,9999.000,9999.000,9999.000
202608020442,   1.616,   2.700,9999.000,9999.000,9999.000,9999.000,9999.000,9999.000,9999.000
202608020448,   1.634,   2.730,9999.000,9999.000,9999.000,9999.000,9999.000,9999.000,9999.000
202608020454,   1.648,   2.749,9999.000,9999.000,9999.000,9999.000,9999.000,9999.000,9999.000
202608020500,   1.660,   2.759,   0.500,   0.599,   2.759,   0.500,   2.759,   0.500,   2.759
202608020506,   1.668,   2.769,9999.000,9999.000,9999.000,9999.000,9999.000,9999.000,9999.000
202608020512,   1.672,   2.769,9999.000,9999.000,9999.000,9999.000,9999.000,9999.000,9999.000
202608020518,   1.674,   2.779,9999.000,9999.000,9999.000,9999.000,9999.000,9999.000,9999.000
202608020524,   1.671,   2.769,9999.000,9999.000,9999.000,9999.000,9999.000,9999.000,9999.000
202608020530,   1.666,   2.759,9999.000,9999.000,9999.000,9999.000,9999.000,9999.000,9999.000
202608020536,   1.656,   2.740,9999.000,9999.000,9999.000,9999.000,9999.000,9999.000,9999.000
202608020542,   1.644,   2.710,9999.000,9999.000,9999.000,9999.000,9999.000,9999.000,9999.000
202608020548,   1.628,   2.681,9999.000,9999.000,9999.000,9999.000,9999.000,9999.000,9999.000
202608020554,   1.609,   2.638,9999.000,9999.000,9999.000,9999.000,9999.000,9999.000,9999.000
202608020600,   1.587,   2.608,   0.500,   0.521,   2.608,   0.500,   2.608,   0.500,   2.608
202608020606,   1.562,   2.559,9999.000,9999.000,9999.000,9999.000,9999.000,9999.000,9999.000
202608020612,   1.535,   2.530,9999.000,9999.000,9999.000,9999.000,9999.000,9999.000,9999.000
202608020618,   1.506,   2.500,9999.000,9999.000,9999.000,9999.000,9999.000,9999.000,9999.000
202608020624,   1.474,   2.471,9999.000,9999.000,9999.000,9999.000,9999.000,9999.000,9999.000
202608020630,   1.441,   2.428,9999.000,9999.000,9999.000,9999.000,9999.000,9999.000,9999.000
202608020636,   1.406,   2.408,9999.000,9999.000,9999.000,9999.000,9999.000,9999.000,9999.000
202608020642,   1.371,   2.379,9999.000,9999.000,9999.000,9999.000,9999.000,9999.000,9999.000
202608020648,   1.334,   2.339,9999.000,9999.000,9999.000,9999.000,9999.000,9999.000,9999.000
202608020654,   1.297,   2.320,9999.000,9999.000,9999.000,9999.000,9999.000,9999.000,9999.000
202608020700,   1.259,   2.280,   0.500,   0.521,   2.280,   0.500,   2.280,   0.500,   2.280
202608020706,   1.221,9999.000,9999.000,9999.000,9999.000,9999.000,9999.000,9999.000,9999.000
202608020712,   1.183,   2.208,9999.000,9999.000,9999.000,9999.000,9999.000,9999.000,9999.000
202608020718,   1.146,   2.169,9999.000,9999.000,9999.000,9999.000,9999.000,9999.000,9999.000
202608020724,   1.108,   2.130,9999.000,9999.000,9999.000,9999.000,9999.000,9999.000,9999.000
202608020730,   1.072,   2.090,9999.000,9999.000,9999.000,9999.000,9999.000,9999.000,9999.000
202608020736,   1.036,   2.051,9999.000,9999.000,9999.000,9999.000,9999.000,9999.000,9999.000
202608020742,   1.001,   2.018,9999.000,9999.000,9999.000,9999.000,9999.000,9999.000,9999.000
202608020748,   0.966,   1.989,9999.000,9999.000,9999.000,9999.000,9999.000,9999.000,9999.000
202608020754,   0.933,   1.949,9999.000,9999.000,9999.000,9999.000,9999.000,9999.000,9999.000
202608020800,   0.900,   1.910,   0.500,   0.510,   1.910,   0.500,   1.910,   0.500,   1.910
202608020806,   0.868,   1.880,9999.000,9999.000,9999.000,9999.000,9999.000,9999.000,9999.000
202608020812,   0.837,   1.841,9999.000,9999.000,9999.000,9999.000,9999.000,9999.000,9999.000
202608020818,   0.807,   1.798,9999.000,9999.000,9999.000,9999.000,9999.000,9999.000,9999.000
202608020824,   0.778,   1.769,9999.000,9999.000,9999.000,9999.000,9999.000,9999.000,9999.000
202608020830,   0.749,   1.729,9999.000,9999.000,9999.000,9999.000,9999.000,9999.000,9999.000
202608020836,   0.721,   1.690,9999.000,9999.000,9999.000,9999.000,9999.000,9999.000,9999.000
202608020842,   0.693,   1.661,9999.000,9999.000,9999.000,9999.000,9999.000,9999.000,9999.000
202608020848,   0.667,   1.608,9999.000,9999.000,9999.000,9999.000,9999.000,9999.000,9999.000
202608020854,   0.640,   1.579,9999.000,9999.000,9999.000,9999.000,9999.000,9999.000,9999.000
202608020900,   0.615,   1.539,   0.500,   0.424,   1.539,   0.500,   1.539,   0.500,   1.539
202608020906,   0.589,   1.501,9999.000,9999.000,9999.000,9999.000,9999.000,9999.000,9999.000
202608020912,   0.564,   1.471,9999.000,9999.000,9999.000,9999.000,9999.000,9999.000,9999.000
202608020918,   0.540,   1.442,9999.000,9999.000,9999.000,9999.000,9999.000,9999.000,9999.000
202608020924,   0.516,   1.399,9999.000,9999.000,9999.000,9999.000,9999.000,9999.000,9999.000
202608020930,   0.492,   1.360,9999.000,9999.000,9999.000,9999.000,9999.000,9999.000,9999.000
202608020936,   0.469,   1.330,9999.000,9999.000,9999.000,9999.000,9999.000,9999.000,9999.000
202608020942,   0.446,   1.301,9999.000,9999.000,9999.000,9999.000,9999.000,9999.000,9999.000
202608020948,   0.423,   1.261,9999.000,9999.000,9999.000,9999.000,9999.000,9999.000,9999.000
202608020954,   0.400,   1.232,9999.000,9999.000,9999.000,9999.000,9999.000,9999.000,9999.000
202608021000,   0.378,   1.199,   0.500,   0.321,   1.199,   0.500,   1.199,   0.600,   1.299
202608021006,   0.357,   1.170,9999.000,9999.000,9999.000,9999.000,9999.000,9999.000,9999.000
202608021012,   0.335,   1.140,9999.000,9999.000,9999.000,9999.000,9999.000,9999.000,9999.000
202608021018,   0.314,   1.120,9999.000,9999.000,9999.000,9999.000,9999.000,9999.000,9999.000
202608021024,   0.293,   1.091,9999.000,9999.000,9999.000,9999.000,9999.000,9999.000,9999.000
202608021030,   0.273,   1.061,9999.000,9999.000,9999.000,9999.000,9999.000,9999.000,9999.000
202608021036,   0.253,   1.042,9999.000,9999.000,9999.000,9999.000,9999.000,9999.000,9999.000
202608021042,   0.233,   1.012,9999.000,9999.000,9999.000,9999.000,9999.000,9999.000,9999.000
202608021048,   0.214,   0.989,9999.000,9999.000,9999.000,9999.000,9999.000,9999.000,9999.000
202608021054,   0.195,   0.969,9999.000,9999.000,9999.000,9999.000,9999.000,9999.000,9999.000
202608021100,   0.176,   0.950,   0.500,   0.274,   0.950,   0.500,   0.950,   0.600,   1.050
202608021106,   0.158,   0.940,9999.000,9999.000,9999.000,9999.000,9999.000,9999.000,9999.000
202608021112,   0.141,   0.930,9999.000,9999.000,9999.000,9999.000,9999.000,9999.000,9999.000
202608021118,   0.124,   0.910,9999.000,9999.000,9999.000,9999.000,9999.000,9999.000,9999.000
202608021124,   0.108,   0.901,9999.000,9999.000,9999.000,9999.000,9999.000,9999.000,9999.000
202608021130,   0.092,   0.901,9999.000,9999.000,9999.000,9999.000,9999.000,9999.000,9999.000
202608021136,   0.078,   0.901,9999.000,9999.000,9999.000,9999.000,9999.000,9999.000,9999.000
202608021142,   0.064,   0.901,9999.000,9999.000,9999.000,9999.000,9999.000,9999.000,9999.000
202608021148,   0.052,   0.910,9999.000,9999.000,9999.000,9999.000,9999.000,9999.000,9999.000
202608021154,   0.041,   0.920,9999.000,9999.000,9999.000,9999.000,9999.000,9999.000,9999.000
202608021200,   0.031,   0.950,   0.500,   0.419,   0.950,   0.500,   0.950,   0.500,   0.950
202608021206,   0.023,   0.989,9999.000,9999.000,9999.000,9999.000,9999.000,9999.000,9999.000
202608021212,   0.017,   1.032,9999.000,9999.000,9999.000,9999.000,9999.000,9999.000,9999.000
202608021218,   0.013,   1.061,9999.000,9999.000,9999.000,9999.000,9999.000,9999.000,9999.000
202608021224,   0.011,   1.091,9999.000,9999.000,9999.000,9999.000,9999.000,9999.000,9999.000
202608021230,   0.011,   1.130,9999.000,9999.000,9999.000,9999.000,9999.000,9999.000,9999.000
202608021236,   0.013,   1.170,9999.000,9999.000,9999.000,9999.000,9999.000,9999.000,9999.000
202608021242,   0.018,   1.199,9999.000,9999.000,9999.000,9999.000,9999.000,9999.000,9999.000
202608021248,   0.025,   1.232,9999.000,9999.000,9999.000,9999.000,9999.000,9999.000,9999.000
202608021254,   0.035,   1.281,9999.000,9999.000,9999.000,9999.000,9999.000,9999.000,9999.000
202608021300,   0.048,   1.301,   0.500,   0.753,   1.301,   0.500,   1.301,   0.500,   1.301
202608021306,   0.064,   1.320,9999.000,9999.000,9999.000,9999.000,9999.000,9999.000,9999.000
202608021312,   0.082,   1.370,9999.000,9999.000,9999.000,9999.000,9999.000,9999.000,9999.000
202608021318,   0.104,   1.409,9999.000,9999.000,9999.000,9999.000,9999.000,9999.000,9999.000
202608021324,   0.128,   1.442,9999.000,9999.000,9999.000,9999.000,9999.000,9999.000,9999.000
202608021330,   0.154,   1.481,9999.000,9999.000,9999.000,9999.000,9999.000,9999.000,9999.000
202608021336,   0.184,   1.511,9999.000,9999.000,9999.000,9999.000,9999.000,9999.000,9999.000
202608021342,   0.215,   1.549,9999.000,9999.000,9999.000,9999.000,9999.000,9999.000,9999.000
202608021348,   0.249,   1.598,9999.000,9999.000,9999.000,9999.000,9999.000,9999.000,9999.000
202608021354,   0.286,   1.651,9999.000,9999.000,9999.000,9999.000,9999.000,9999.000,9999.000
202608021400,   0.324,   1.680,   0.500,   0.856,   1.680,   0.500,   1.680,   0.500,   1.680
202608021406,   0.364,   1.729,9999.000,9999.000,9999.000,9999.000,9999.000,9999.000,9999.000
202608021412,   0.406,   1.779,9999.000,9999.000,9999.000,9999.000,9999.000,9999.000,9999.000
202608021418,   0.449,   1.798,9999.000,9999.000,9999.000,9999.000,9999.000,9999.000,9999.000
202608021424,   0.494,   1.851,9999.000,9999.000,9999.000,9999.000,9999.000,9999.000,9999.000
202608021430,   0.540,   1.900,9999.000,9999.000,9999.000,9999.000,9999.000,9999.000,9999.000
202608021436,   0.586,   1.929,9999.000,9999.000,9999.000,9999.000,9999.000,9999.000,9999.000
202608021442,   0.633,   1.969,9999.000,9999.000,9999.000,9999.000,9999.000,9999.000,9999.000
202608021448,   0.681,   2.018,9999.000,9999.000,9999.000,9999.000,9999.000,9999.000,9999.000
202608021454,   0.730,   2.061,9999.000,9999.000,9999.000,9999.000,9999.000,9999.000,9999.000
202608021500,   0.778,   2.100,   0.500,   0.822,   2.100,   0.500,   2.100,   0.500,   2.100
202608021506,   0.827,   2.149,9999.000,9999.000,9999.000,9999.000,9999.000,9999.000,9999.000
202608021512,   0.875,   2.189,9999.000,9999.000,9999.000,9999.000,9999.000,9999.000,9999.000
202608021518,   0.924,   2.238,9999.000,9999.000,9999.000,9999.000,9999.000,9999.000,9999.000
202608021524,   0.972,   2.280,9999.000,9999.000,9999.000,9999.000,9999.000,9999.000,9999.000
202608021530,   1.020,   2.330,9999.000,9999.000,9999.000,9999.000,9999.000,9999.000,9999.000
202608021536,   1.068,   2.379,9999.000,9999.000,9999.000,9999.000,9999.000,9999.000,9999.000
202608021542,   1.115,   2.408,9999.000,9999.000,9999.000,9999.000,9999.000,9999.000,9999.000
202608021548,   1.161,   2.461,9999.000,9999.000,9999.000,9999.000,9999.000,9999.000,9999.000
202608021554,   1.207,   2.500,9999.000,9999.000,9999.000,9999.000,9999.000,9999.000,9999.000
202608021600,   1.252,   2.530,   0.500,   0.778,   2.530,   0.500,   2.530,   0.500,   2.530
202608021606,   1.296,   2.559,9999.000,9999.000,9999.000,9999.000,9999.000,9999.000,9999.000
202608021612,   1.339,   2.599,9999.000,9999.000,9999.000,9999.000,9999.000,9999.000,9999.000
202608021618,   1.380,   2.638,9999.000,9999.000,9999.000,9999.000,9999.000,9999.000,9999.000
202608021624,   1.421,   2.648,9999.000,9999.000,9999.000,9999.000,9999.000,9999.000,9999.000
202608021630,   1.459,   2.700,9999.000,9999.000,9999.000,9999.000,9999.000,9999.000,9999.000
202608021636,   1.496,   2.730,9999.000,9999.000,9999.000,9999.000,9999.000,9999.000,9999.000
202608021642,   1.531,   2.749,9999.000,9999.000,9999.000,9999.000,9999.000,9999.000,9999.000
202608021648,   1.563,   2.779,9999.000,9999.000,9999.000,9999.000,9999.000,9999.000,9999.000
202608021654,   1.594,   2.828,9999.000,9999.000,9999.000,9999.000,9999.000,9999.000,9999.000
202608021700,   1.621,   2.848,   0.500,   0.727,   2.848,   0.400,   2.748,   0.500,   2.848
202608021706,   1.646,   2.858,9999.000,9999.000,9999.000,9999.000,9999.000,9999.000,9999.000
202608021712,   1.668,   2.891,9999.000,9999.000,9999.000,9999.000,9999.000,9999.000,9999.000
202608021718,   1.687,   2.900,9999.000,9999.000,9999.000,9999.000,9999.000,9999.000,9999.000
202608021724,   1.703,   2.910,9999.000,9999.000,9999.000,9999.000,9999.000,9999.000,9999.000
202608021730,   1.715,   2.940,9999.000,9999.000,9999.000,9999.000,9999.000,9999.000,9999.000
202608021736,   1.724,   2.940,9999.000,9999.000,9999.000,9999.000,9999.000,9999.000,9999.000
202608021742,   1.729,   2.959,9999.000,9999.000,9999.000,9999.000,9999.000,9999.000,9999.000
202608021748,   1.730,   2.969,9999.000,9999.000,9999.000,9999.000,9999.000,9999.000,9999.000
202608021754,   1.728,   2.940,9999.000,9999.000,9999.000,9999.000,9999.000,9999.000,9999.000
202608021800,   1.722,   2.959,   0.500,   0.737,   2.959,   0.500,   2.959,   0.500,   2.959
202608021806,   1.712,   2.881,9999.000,9999.000,9999.000,9999.000,9999.000,9999.000,9999.000
202608021812,   1.699,   2.881,9999.000,9999.000,9999.000,9999.000,9999.000,9999.000,9999.000
202608021818,   1.683,   2.891,9999.000,9999.000,9999.000,9999.000,9999.000,9999.000,9999.000
202608021824,   1.664,   2.868,9999.000,9999.000,9999.000,9999.000,9999.000,9999.000,9999.000
202608021830,   1.641,9999.000,9999.000,9999.000,9999.000,9999.000,9999.000,9999.000,9999.000
202608021836,   1.616,   2.799,9999.000,9999.000,9999.000,9999.000,9999.000,9999.000,9999.000
202608021842,   1.588,   2.749,9999.000,9999.000,9999.000,9999.000,9999.000,9999.000,9999.000
202608021848,   1.557,   2.700,9999.000,9999.000,9999.000,9999.000,9999.000,9999.000,9999.000
202608021854,   1.525,   2.658,9999.000,9999.000,9999.000,9999.000,9999.000,9999.000,9999.000
202608021900,   1.491,   2.628,   0.500,   0.637,   2.628,   0.400,   2.528,   0.500,   2.628
202608021906,   1.456,   2.589,9999.000,9999.000,9999.000,9999.000,9999.000,9999.000,9999.000
202608021912,   1.419,   2.569,9999.000,9999.000,9999.000,9999.000,9999.000,9999.000,9999.000
202608021918,   1.382,   2.530,9999.000,9999.000,9999.000,9999.000,9999.000,9999.000,9999.000
202608021924,   1.344,   2.471,9999.000,9999.000,9999.000,9999.000,9999.000,9999.000,9999.000
202608021930,   1.305,   2.448,9999.000,9999.000,9999.000,9999.000,9999.000,9999.000,9999.000
202608021936,   1.266,   2.428,9999.000,9999.000,9999.000,9999.000,9999.000,9999.000,9999.000
202608021942,   1.228,   2.379,9999.000,9999.000,9999.000,9999.000,9999.000,9999.000,9999.000
202608021948,   1.189,   2.359,9999.000,9999.000,9999.000,9999.000,9999.000,9999.000,9999.000
202608021954,   1.151,   2.330,9999.000,9999.000,9999.000,9999.000,9999.000,9999.000,9999.000
202608022000,   1.113,   2.280,   0.500,   0.667,   2.280,   0.400,   2.180,   0.500,   2.280
202608022006,   1.076,   2.228,9999.000,9999.000,9999.000,9999.000,9999.000,9999.000,9999.000
202608022012,   1.040,   2.198,9999.000,9999.000,9999.000,9999.000,9999.000,9999.000,9999.000
202608022018,   1.004,   2.149,9999.000,9999.000,9999.000,9999.000,9999.000,9999.000,9999.000
202608022024,   0.969,   2.110,9999.000,9999.000,9999.000,9999.000,9999.000,9999.000,9999.000
202608022030,   0.935,   2.080,9999.000,9999.000,9999.000,9999.000,9999.000,9999.000,9999.000
202608022036,   0.901,   2.051,9999.000,9999.000,9999.000,9999.000,9999.000,9999.000,9999.000
202608022042,   0.869,   2.018,9999.000,9999.000,9999.000,9999.000,9999.000,9999.000,9999.000
202608022048,   0.837,   1.989,9999.000,9999.000,9999.000,9999.000,9999.000,9999.000,9999.000
202608022054,   0.805,   1.959,9999.000,9999.000,9999.000,9999.000,9999.000,9999.000,9999.000
202608022100,   0.775,   1.910,   0.400,   0.735,   1.910,   0.400,   1.910,   0.500,   2.010
202608022106,   0.745,   1.870,9999.000,9999.000,9999.000,9999.000,9999.000,9999.000,9999.000
202608022112,   0.715,   1.841,9999.000,9999.000,9999.000,9999.000,9999.000,9999.000,9999.000
202608022118,   0.686,   1.808,9999.000,9999.000,9999.000,9999.000,9999.000,9999.000,9999.000
202608022124,   0.658,   1.759,9999.000,9999.000,9999.000,9999.000,9999.000,9999.000,9999.000
202608022130,   0.630,   1.710,9999.000,9999.000,9999.000,9999.000,9999.000,9999.000,9999.000
202608022136,   0.603,   1.670,9999.000,9999.000,9999.000,9999.000,9999.000,9999.000,9999.000
202608022142,   0.576,   1.641,9999.000,9999.000,9999.000,9999.000,9999.000,9999.000,9999.000
202608022148,   0.550,   1.598,9999.000,9999.000,9999.000,9999.000,9999.000,9999.000,9999.000
202608022154,   0.524,   1.579,9999.000,9999.000,9999.000,9999.000,9999.000,9999.000,9999.000
202608022200,   0.499,   1.539,   0.400,   0.640,   1.539,   0.400,   1.539,   0.500,   1.639
202608022206,   0.474,   1.501,9999.000,9999.000,9999.000,9999.000,9999.000,9999.000,9999.000
202608022212,   0.450,   1.471,9999.000,9999.000,9999.000,9999.000,9999.000,9999.000,9999.000
202608022218,   0.426,   1.432,9999.000,9999.000,9999.000,9999.000,9999.000,9999.000,9999.000
202608022224,   0.402,   1.409,9999.000,9999.000,9999.000,9999.000,9999.000,9999.000,9999.000
202608022230,   0.380,   1.379,9999.000,9999.000,9999.000,9999.000,9999.000,9999.000,9999.000
202608022236,   0.357,   1.340,9999.000,9999.000,9999.000,9999.000,9999.000,9999.000,9999.000
202608022242,   0.335,   1.301,9999.000,9999.000,9999.000,9999.000,9999.000,9999.000,9999.000
202608022248,   0.314,   1.261,9999.000,9999.000,9999.000,9999.000,9999.000,9999.000,9999.000
202608022254,   0.293,   1.252,9999.000,9999.000,9999.000,9999.000,9999.000,9999.000,9999.000
202608022300,   0.273,   1.232,   0.400,   0.559,   1.232,   0.300,   1.132,   0.400,   1.232
202608022306,   0.253,   1.189,9999.000,9999.000,9999.000,9999.000,9999.000,9999.000,9999.000
202608022312,   0.234,   1.179,9999.000,9999.000,9999.000,9999.000,9999.000,9999.000,9999.000
202608022318,   0.215,   1.150,9999.000,9999.000,9999.000,9999.000,9999.000,9999.000,9999.000
202608022324,   0.197,   1.120,9999.000,9999.000,9999.000,9999.000,9999.000,9999.000,9999.000
202608022330,   0.180,   1.111,9999.000,9999.000,9999.000,9999.000,9999.000,9999.000,9999.000
202608022336,   0.163,   1.101,9999.000,9999.000,9999.000,9999.000,9999.000,9999.000,9999.000
202608022342,   0.147,   1.081,9999.000,9999.000,9999.000,9999.000,9999.000,9999.000,9999.000
202608022348,   0.132,   1.081,9999.000,9999.000,9999.000,9999.000,9999.000,9999.000,9999.000
202608022354,   0.118,   1.071,9999.000,9999.000,9999.000,9999.000,9999.000,9999.000,9999.000
202608030000,   0.105,   1.051,   0.400,   0.546,   1.051,   0.400,   1.051,   0.500,   1.151
202608030006,   0.093,   1.042,9999.000,9999.000,9999.000,9999.000,9999.000,9999.000,9999.000
202608030012,   0.082,   1.042,9999.000,9999.000,9999.000,9999.000,9999.000,9999.000,9999.000
202608030018,   0.072,   1.061,9999.000,9999.000,9999.000,9999.000,9999.000,9999.000,9999.000
202608030024,   0.064,   1.081,9999.000,9999.000,9999.000,9999.000,9999.000,9999.000,9999.000
202608030030,   0.058,   1.071,9999.000,9999.000,9999.000,9999.000,9999.000,9999.000,9999.000
202608030036,   0.053,   1.101,9999.000,9999.000,9999.000,9999.000,9999.000,9999.000,9999.000
202608030042,   0.050,   1.160,9999.000,9999.000,9999.000,9999.000,9999.000,9999.000,9999.000
202608030048,   0.050,   1.199,9999.000,9999.000,9999.000,9999.000,9999.000,9999.000,9999.000
202608030054,   0.051,   1.232,9999.000,9999.000,9999.000,9999.000,9999.000,9999.000,9999.000
202608030100,   0.055,   1.281,   0.400,   0.826,   1.281,   0.300,   1.181,   0.400,   1.281
202608030106,   0.061,   1.311,9999.000,9999.000,9999.000,9999.000,9999.000,9999.000,9999.000
202608030112,   0.069,   1.320,9999.000,9999.000,9999.000,9999.000,9999.000,9999.000,9999.000
202608030118,   0.081,   1.350,9999.000,9999.000,9999.000,9999.000,9999.000,9999.000,9999.000
202608030124,   0.094,   1.389,9999.000,9999.000,9999.000,9999.000,9999.000,9999.000,9999.000
202608030130,   0.111,   1.422,9999.000,9999.000,9999.000,9999.000,9999.000,9999.000,9999.000
202608030136,   0.130,   1.461,9999.000,9999.000,9999.000,9999.000,9999.000,9999.000,9999.000
202608030142,   0.152,   1.491,9999.000,9999.000,9999.000,9999.000,9999.000,9999.000,9999.000
202608030148,   0.176,   1.511,9999.000,9999.000,9999.000,9999.000,9999.000,9999.000,9999.000
202608030154,   0.203,   1.549,9999.000,9999.000,9999.000,9999.000,9999.000,9999.000,9999.000
202608030200,   0.232,   1.579,   0.300,   1.047,   1.579,   0.300,   1.579,   0.400,   1.679
202608030206,   0.263,   1.608,9999.000,9999.000,9999.000,9999.000,9999.000,9999.000,9999.000
202608030212,   0.297,   1.670,9999.000,9999.000,9999.000,9999.000,9999.000,9999.000,9999.000
202608030218,   0.332,   1.710,9999.000,9999.000,9999.000,9999.000,9999.000,9999.000,9999.000
202608030224,   0.370,   1.739,9999.000,9999.000,9999.000,9999.000,9999.000,9999.000,9999.000
202608030230,   0.408,   1.769,9999.000,9999.000,9999.000,9999.000,9999.000,9999.000,9999.000
202608030236,   0.449,   1.818,9999.000,9999.000,9999.000,9999.000,9999.000,9999.000,9999.000
202608030242,   0.490,   1.841,9999.000,9999.000,9999.000,9999.000,9999.000,9999.000,9999.000
202608030248,   0.533,   1.890,9999.000,9999.000,9999.000,9999.000,9999.000,9999.000,9999.000
202608030254,   0.576,   1.949,9999.000,9999.000,9999.000,9999.000,9999.000,9999.000,9999.000
202608030300,   0.620,   1.969,   0.300,   1.049,   1.969,   0.200,   1.869,   0.400,   2.069
202608030306,   0.664,   2.008,9999.000,9999.000,9999.000,9999.000,9999.000,9999.000,9999.000
202608030312,   0.709,   2.038,9999.000,9999.000,9999.000,9999.000,9999.000,9999.000,9999.000
202608030318,   0.754,   2.080,9999.000,9999.000,9999.000,9999.000,9999.000,9999.000,9999.000
202608030324,   0.799,   2.120,9999.000,9999.000,9999.000,9999.000,9999.000,9999.000,9999.000
202608030330,   0.843,   2.159,9999.000,9999.000,9999.000,9999.000,9999.000,9999.000,9999.000
202608030336,   0.888,   2.198,9999.000,9999.000,9999.000,9999.000,9999.000,9999.000,9999.000
202608030342,   0.932,   2.238,9999.000,9999.000,9999.000,9999.000,9999.000,9999.000,9999.000
202608030348,   0.976,   2.261,9999.000,9999.000,9999.000,9999.000,9999.000,9999.000,9999.000
202608030354,   1.019,   2.310,9999.000,9999.000,9999.000,9999.000,9999.000,9999.000,9999.000
202608030400,   1.061,   2.339,   0.300,   0.978,   2.339,   0.200,   2.239,   0.300,   2.339
202608030406,   1.103,   2.369,9999.000,9999.000,9999.000,9999.000,9999.000,9999.000,9999.000
202608030412,   1.144,   2.399,9999.000,9999.000,9999.000,9999.000,9999.000,9999.000,9999.000
202608030418,   1.185,   2.438,9999.000,9999.000,9999.000,9999.000,9999.000,9999.000,9999.000
202608030424,   1.224,   2.471,9999.000,9999.000,9999.000,9999.000,9999.000,9999.000,9999.000
202608030430,   1.262,   2.510,9999.000,9999.000,9999.000,9999.000,9999.000,9999.000,9999.000
202608030436,   1.299,   2.540,9999.000,9999.000,9999.000,9999.000,9999.000,9999.000,9999.000
202608030442,   1.335,   2.559,9999.000,9999.000,9999.000,9999.000,9999.000,9999.000,9999.000
202608030448,   1.369,   2.589,9999.000,9999.000,9999.000,9999.000,9999.000,9999.000,9999.000
202608030454,   1.402,   2.608,9999.000,9999.000,9999.000,9999.000,9999.000,9999.000,9999.000
202608030500,   1.433,   2.628,   0.200,   0.995,   2.628,   0.100,   2.528,   0.300,   2.728
202608030506,   1.462,   2.648,9999.000,9999.000,9999.000,9999.000,9999.000,9999.000,9999.000
202608030512,   1.489,   2.671,9999.000,9999.000,9999.000,9999.000,9999.000,9999.000,9999.000
202608030518,   1.514,   2.690,9999.000,9999.000,9999.000,9999.000,9999.000,9999.000,9999.000
202608030524,   1.536,   2.700,9999.000,9999.000,9999.000,9999.000,9999.000,9999.000,9999.000
202608030530,   1.556,   2.700,9999.000,9999.000,9999.000,9999.000,9999.000,9999.000,9999.000
202608030536,   1.573,   2.710,9999.000,9999.000,9999.000,9999.000,9999.000,9999.000,9999.000
202608030542,   1.587,   2.700,9999.000,9999.000,9999.000,9999.000,9999.000,9999.000,9999.000
202608030548,   1.598,   2.700,9999.000,9999.000,9999.000,9999.000,9999.000,9999.000,9999.000
202608030554,   1.606,   2.700,9999.000,9999.000,9999.000,9999.000,9999.000,9999.000,9999.000
202608030600,   1.610,   2.681,   0.300,   0.771,   2.681,   0.200,   2.581,   0.300,   2.681
202608030606,   1.611,   2.658,9999.000,9999.000,9999.000,9999.000,9999.000,9999.000,9999.000
202608030612,   1.609,   2.628,9999.000,9999.000,9999.000,9999.000,9999.000,9999.000,9999.000
202608030618,   1.603,   2.599,9999.000,9999.000,9999.000,9999.000,9999.000,9999.000,9999.000
202608030624,   1.594,   2.569,9999.000,9999.000,9999.000,9999.000,9999.000,9999.000,9999.000
202608030630,   1.582,   2.540,9999.000,9999.000,9999.000,9999.000,9999.000,9999.000,9999.000
202608030636,   1.566,   2.500,9999.000,9999.000,9999.000,9999.000,9999.000,9999.000,9999.000
202608030642,   1.547,   2.481,9999.000,9999.000,9999.000,9999.000,9999.000,9999.000,9999.000
202608030648,   1.526,   2.448,9999.000,9999.000,9999.000,9999.000,9999.000,9999.000,9999.000
202608030654,   1.501,   2.408,9999.000,9999.000,9999.000,9999.000,9999.000,9999.000,9999.000
202608030700,   1.475,   2.379,   0.300,   0.604,   2.379,   0.200,   2.279,   0.300,   2.379
202608030706,   1.445,   2.359,9999.000,9999.000,9999.000,9999.000,9999.000,9999.000,9999.000
202608030712,   1.414,   2.320,9999.000,9999.000,9999.000,9999.000,9999.000,9999.000,9999.000
202608030718,   1.381,   2.280,9999.000,9999.000,9999.000,9999.000,9999.000,9999.000,9999.000
202608030724,   1.347,   2.261,9999.000,9999.000,9999.000,9999.000,9999.000,9999.000,9999.000
202608030730,   1.311,   2.218,9999.000,9999.000,9999.000,9999.000,9999.000,9999.000,9999.000
202608030736,   1.275,   2.169,9999.000,9999.000,9999.000,9999.000,9999.000,9999.000,9999.000
202608030742,   1.237,   2.139,9999.000,9999.000,9999.000,9999.000,9999.000,9999.000,9999.000
202608030748,   1.200,   2.100,9999.000,9999.000,9999.000,9999.000,9999.000,9999.000,9999.000
202608030754,   1.162,   2.061,9999.000,9999.000,9999.000,9999.000,9999.000,9999.000,9999.000
202608030800,   1.124,   2.018,   0.300,   0.594,   2.018,   0.200,   1.918,   0.300,   2.018
202608030806,   1.086,   1.979,9999.000,9999.000,9999.000,9999.000,9999.000,9999.000,9999.000
202608030812,   1.049,   1.939,9999.000,9999.000,9999.000,9999.000,9999.000,9999.000,9999.000
202608030818,   1.013,   1.910,9999.000,9999.000,9999.000,9999.000,9999.000,9999.000,9999.000
202608030824,   0.977,   1.870,9999.000,9999.000,9999.000,9999.000,9999.000,9999.000,9999.000
202608030830,   0.941,   1.828,9999.000,9999.000,9999.000,9999.000,9999.000,9999.000,9999.000
202608030836,   0.907,   1.788,9999.000,9999.000,9999.000,9999.000,9999.000,9999.000,9999.000
202608030842,   0.873,   1.759,9999.000,9999.000,9999.000,9999.000,9999.000,9999.000,9999.000
202608030848,   0.840,   1.720,9999.000,9999.000,9999.000,9999.000,9999.000,9999.000,9999.000
202608030854,   0.809,   1.680,9999.000,9999.000,9999.000,9999.000,9999.000,9999.000,9999.000
202608030900,   0.778,   1.651,   0.200,   0.673,   1.651,   0.200,   1.651,   0.300,   1.751
202608030906,   0.747,   1.618,9999.000,9999.000,9999.000,9999.000,9999.000,9999.000,9999.000
202608030912,   0.718,   1.579,9999.000,9999.000,9999.000,9999.000,9999.000,9999.000,9999.000
202608030918,   0.689,   1.529,9999.000,9999.000,9999.000,9999.000,9999.000,9999.000,9999.000
202608030924,   0.661,   1.491,9999.000,9999.000,9999.000,9999.000,9999.000,9999.000,9999.000
202608030930,   0.634,   1.461,9999.000,9999.000,9999.000,9999.000,9999.000,9999.000,9999.000
202608030936,   0.607,   1.422,9999.000,9999.000,9999.000,9999.000,9999.000,9999.000,9999.000
202608030942,   0.581,   1.389,9999.000,9999.000,9999.000,9999.000,9999.000,9999.000,9999.000
202608030948,   0.555,   1.350,9999.000,9999.000,9999.000,9999.000,9999.000,9999.000,9999.000
202608030954,   0.530,   1.320,9999.000,9999.000,9999.000,9999.000,9999.000,9999.000,9999.000
202608031000,   0.505,   1.291,   0.200,   0.586,   1.291,   0.200,   1.291,   0.300,   1.391
202608031006,   0.481,   1.252,9999.000,9999.000,9999.000,9999.000,9999.000,9999.000,9999.000
202608031012,   0.457,   1.212,9999.000,9999.000,9999.000,9999.000,9999.000,9999.000,9999.000
202608031018,   0.433,   1.179,9999.000,9999.000,9999.000,9999.000,9999.000,9999.000,9999.000
202608031024,   0.410,   1.140,9999.000,9999.000,9999.000,9999.000,9999.000,9999.000,9999.000
202608031030,   0.387,   1.111,9999.000,9999.000,9999.000,9999.000,9999.000,9999.000,9999.000
202608031036,   0.365,   1.081,9999.000,9999.000,9999.000,9999.000,9999.000,9999.000,9999.000
202608031042,   0.342,   1.042,9999.000,9999.000,9999.000,9999.000,9999.000,9999.000,9999.000
202608031048,   0.320,   1.012,9999.000,9999.000,9999.000,9999.000,9999.000,9999.000,9999.000
202608031054,   0.299,   0.979,9999.000,9999.000,9999.000,9999.000,9999.000,9999.000,9999.000
202608031100,   0.278,   0.950,   0.200,   0.472,   0.950,   0.100,   0.850,   0.300,   1.050
202608031106,   0.257,   0.930,9999.000,9999.000,9999.000,9999.000,9999.000,9999.000,9999.000
202608031112,   0.237,   0.901,9999.000,9999.000,9999.000,9999.000,9999.000,9999.000,9999.000
202608031118,   0.216,   0.881,9999.000,9999.000,9999.000,9999.000,9999.000,9999.000,9999.000
202608031124,   0.197,   0.851,9999.000,9999.000,9999.000,9999.000,9999.000,9999.000,9999.000
202608031130,   0.178,   0.832,9999.000,9999.000,9999.000,9999.000,9999.000,9999.000,9999.000
202608031136,   0.159,   0.812,9999.000,9999.000,9999.000,9999.000,9999.000,9999.000,9999.000
202608031142,   0.141,   0.779,9999.000,9999.000,9999.000,9999.000,9999.000,9999.000,9999.000
202608031148,   0.123,   0.769,9999.000,9999.000,9999.000,9999.000,9999.000,9999.000,9999.000
202608031154,   0.105,   0.740,9999.000,9999.000,9999.000,9999.000,9999.000,9999.000,9999.000
202608031200,   0.089,   0.720,   0.200,   0.431,   0.720,   0.200,   0.720,   0.300,   0.820
202608031206,   0.073,   0.720,9999.000,9999.000,9999.000,9999.000,9999.000,9999.000,9999.000
202608031212,   0.057,   0.701,9999.000,9999.000,9999.000,9999.000,9999.000,9999.000,9999.000
202608031218,   0.043,   0.681,9999.000,9999.000,9999.000,9999.000,9999.000,9999.000,9999.000
202608031224,   0.030,   0.691,9999.000,9999.000,9999.000,9999.000,9999.000,9999.000,9999.000
202608031230,   0.017,   0.671,9999.000,9999.000,9999.000,9999.000,9999.000,9999.000,9999.000
202608031236,   0.006,   0.661,9999.000,9999.000,9999.000,9999.000,9999.000,9999.000,9999.000
202608031242,  -0.003,   0.681,9999.000,9999.000,9999.000,9999.000,9999.000,9999.000,9999.000
202608031248,  -0.011,   0.691,9999.000,9999.000,9999.000,9999.000,9999.000,9999.000,9999.000
202608031254,  -0.018,   0.710,9999.000,9999.000,9999.000,9999.000,9999.000,9999.000,9999.000
202608031300,  -0.023,   0.730,   0.200,   0.553,   0.730,   0.200,   0.730,   0.300,   0.830
202608031306,  -0.026,   0.779,9999.000,9999.000,9999.000,9999.000,9999.000,9999.000,9999.000
202608031312,  -0.027,   0.812,9999.000,9999.000,9999.000,9999.000,9999.000,9999.000,9999.000
202608031318,  -0.026,   0.842,9999.000,9999.000,9999.000,9999.000,9999.000,9999.000,9999.000
202608031324,  -0.022,   0.881,9999.000,9999.000,9999.000,9999.000,9999.000,9999.000,9999.000
202608031330,  -0.016,   0.910,9999.000,9999.000,9999.000,9999.000,9999.000,9999.000,9999.000
202608031336,  -0.007,   0.930,9999.000,9999.000,9999.000,9999.000,9999.000,9999.000,9999.000
202608031342,   0.003,   0.979,9999.000,9999.000,9999.000,9999.000,9999.000,9999.000,9999.000
202608031348,   0.017,   1.022,9999.000,9999.000,9999.000,9999.000,9999.000,9999.000,9999.000
202608031354,   0.035,   1.051,9999.000,9999.000,9999.000,9999.000,9999.000,9999.000,9999.000
202608031400,   0.055,   1.081,   0.200,   0.826,   1.081,   0.200,   1.081,   0.300,   1.181
202608031406,   0.077,   1.120,9999.000,9999.000,9999.000,9999.000,9999.000,9999.000,9999.000
202608031412,   0.103,   1.179,9999.000,9999.000,9999.000,9999.000,9999.000,9999.000,9999.000
202608031418,   0.131,   1.212,9999.000,9999.000,9999.000,9999.000,9999.000,9999.000,9999.000
202608031424,   0.162,   1.242,9999.000,9999.000,9999.000,9999.000,9999.000,9999.000,9999.000
202608031430,   0.196,   1.291,9999.000,9999.000,9999.000,9999.000,9999.000,9999.000,9999.000
202608031436,   0.232,   1.320,9999.000,9999.000,9999.000,9999.000,9999.000,9999.000,9999.000
202608031442,   0.270,   1.360,9999.000,9999.000,9999.000,9999.000,9999.000,9999.000,9999.000
202608031448,   0.310,   1.409,9999.000,9999.000,9999.000,9999.000,9999.000,9999.000,9999.000
202608031454,   0.353,   1.452,9999.000,9999.000,9999.000,9999.000,9999.000,9999.000,9999.000
202608031500,   0.396,   1.481,   0.200,   0.885,   1.481,   0.200,   1.481,   0.300,   1.581
202608031506,   0.442,   1.529,9999.000,9999.000,9999.000,9999.000,9999.000,9999.000,9999.000
202608031512,   0.488,   1.579,9999.000,9999.000,9999.000,9999.000,9999.000,9999.000,9999.000
202608031518,   0.536,   1.608,9999.000,9999.000,9999.000,9999.000,9999.000,9999.000,9999.000
202608031524,   0.585,   1.651,9999.000,9999.000,9999.000,9999.000,9999.000,9999.000,9999.000
202608031530,   0.635,   1.700,9999.000,9999.000,9999.000,9999.000,9999.000,9999.000,9999.000
202608031536,   0.685,   1.759,9999.000,9999.000,9999.000,9999.000,9999.000,9999.000,9999.000
202608031542,   0.735,   1.788,9999.000,9999.000,9999.000,9999.000,9999.000,9999.000,9999.000
202608031548,   0.786,   1.828,9999.000,9999.000,9999.000,9999.000,9999.000,9999.000,9999.000
202608031554,   0.837,   1.880,9999.000,9999.000,9999.000,9999.000,9999.000,9999.000,9999.000
202608031600,   0.888,   1.910,   0.200,   0.822,   1.910,   0.200,   1.910,   0.300,   2.010
202608031606,   0.938,   1.959,9999.000,9999.000,9999.000,9999.000,9999.000,9999.000,9999.000
202608031612,   0.989,   2.008,9999.000,9999.000,9999.000,9999.000,9999.000,9999.000,9999.000
202608031618,   1.039,   2.051,9999.000,9999.000,9999.000,9999.000,9999.000,9999.000,9999.000
202608031624,   1.089,   2.090,9999.000,9999.000,9999.000,9999.000,9999.000,9999.000,9999.000
202608031630,   1.138,   2.139,9999.000,9999.000,9999.000,9999.000,9999.000,9999.000,9999.000
202608031636,   1.186,   2.179,9999.000,9999.000,9999.000,9999.000,9999.000,9999.000,9999.000
202608031642,   1.234,   2.208,9999.000,9999.000,9999.000,9999.000,9999.000,9999.000,9999.000
202608031648,   1.281,   2.251,9999.000,9999.000,9999.000,9999.000,9999.000,9999.000,9999.000
202608031654,   1.327,   2.300,9999.000,9999.000,9999.000,9999.000,9999.000,9999.000,9999.000
202608031700,   1.372,   2.330,   0.200,   0.758,   2.330,   0.200,   2.330,   0.300,   2.430
202608031706,   1.415,   2.359,9999.000,9999.000,9999.000,9999.000,9999.000,9999.000,9999.000
202608031712,   1.457,   2.399,9999.000,9999.000,9999.000,9999.000,9999.000,9999.000,9999.000
202608031718,   1.498,   2.438,9999.000,9999.000,9999.000,9999.000,9999.000,9999.000,9999.000
202608031724,   1.537,   2.471,9999.000,9999.000,9999.000,9999.000,9999.000,9999.000,9999.000
202608031730,   1.573,   2.490,9999.000,9999.000,9999.000,9999.000,9999.000,9999.000,9999.000
202608031736,   1.608,   2.520,9999.000,9999.000,9999.000,9999.000,9999.000,9999.000,9999.000
202608031742,   1.641,   2.549,9999.000,9999.000,9999.000,9999.000,9999.000,9999.000,9999.000
202608031748,   1.671,   2.579,9999.000,9999.000,9999.000,9999.000,9999.000,9999.000,9999.000
202608031754,   1.698,   2.608,9999.000,9999.000,9999.000,9999.000,9999.000,9999.000,9999.000
202608031800,   1.722,   2.628,   0.200,   0.706,   2.628,   0.200,   2.628,   0.300,   2.728
202608031806,   1.743,   2.648,9999.000,9999.000,9999.000,9999.000,9999.000,9999.000,9999.000
202608031812,   1.761,   2.671,9999.000,9999.000,9999.000,9999.000,9999.000,9999.000,9999.000
202608031818,   1.776,   2.681,9999.000,9999.000,9999.000,9999.000,9999.000,9999.000,9999.000
202608031824,   1.787,   2.700,9999.000,9999.000,9999.000,9999.000,9999.000,9999.000,9999.000
202608031830,   1.794,   2.720,9999.000,9999.000,9999.000,9999.000,9999.000,9999.000,9999.000
202608031836,   1.798,   2.730,9999.000,9999.000,9999.000,9999.000,9999.000,9999.000,9999.000
202608031842,   1.797,   2.720,9999.000,9999.000,9999.000,9999.000,9999.000,9999.000,9999.000
202608031848,   1.794,   2.710,9999.000,9999.000,9999.000,9999.000,9999.000,9999.000,9999.000
202608031854,   1.786,   2.700,9999.000,9999.000,9999.000,9999.000,9999.000,9999.000,9999.000
202608031900,   1.775,   2.681,   0.200,   0.706,   2.681,   0.200,   2.681,   0.300,   2.781
202608031906,   1.761,   2.638,9999.000,9999.000,9999.000,9999.000,9999.000,9999.000,9999.000
202608031912,   1.743,   2.628,9999.000,9999.000,9999.000,9999.000,9999.000,9999.000,9999.000
202608031918,   1.722,   2.579,9999.000,9999.000,9999.000,9999.000,9999.000,9999.000,9999.000
202608031924,   1.698,   2.549,9999.000,9999.000,9999.000,9999.000,9999.000,9999.000,9999.000
202608031930,   1.672,   2.530,9999.000,9999.000,9999.000,9999.000,9999.000,9999.000,9999.000
202608031936,   1.643,   2.490,9999.000,9999.000,9999.000,9999.000,9999.000,9999.000,9999.000
202608031942,   1.612,   2.438,9999.000,9999.000,9999.000,9999.000,9999.000,9999.000,9999.000
202608031948,   1.579,   2.418,9999.000,9999.000,9999.000,9999.000,9999.000,9999.000,9999.000
202608031954,   1.544,   2.389,9999.000,9999.000,9999.000,9999.000,9999.000,9999.000,9999.000
202608032000,   1.508,   2.359,   0.200,   0.651,   2.359,   0.200,   2.359,   0.300,   2.459
202608032006,   1.470,   2.330,9999.000,9999.000,9999.000,9999.000,9999.000,9999.000,9999.000
202608032012,   1.432,   2.290,9999.000,9999.000,9999.000,9999.000,9999.000,9999.000,9999.000
202608032018,   1.394,   2.261,9999.000,9999.000,9999.000,9999.000,9999.000,9999.000,9999.000
202608032024,   1.355,   2.228,9999.000,9999.000,9999.000,9999.000,9999.000,9999.000,9999.000
202608032030,   1.316,   2.179,9999.000,9999.000,9999.000,9999.000,9999.000,9999.000,9999.000
202608032036,   1.277,   2.159,9999.000,9999.000,9999.000,9999.000,9999.000,9999.000,9999.000
202608032042,   1.238,   2.120,9999.000,9999.000,9999.000,9999.000,9999.000,9999.000,9999.000
202608032048,   1.199,   2.090,9999.000,9999.000,9999.000,9999.000,9999.000,9999.000,9999.000
202608032054,   1.161,   2.051,9999.000,9999.000,9999.000,9999.000,9999.000,9999.000,9999.000
202608032100,   1.124,   1.998,   0.200,   0.674,   1.998,   0.200,   1.998,   0.300,   2.098
202608032106,   1.087,   1.959,9999.000,9999.000,9999.000,9999.000,9999.000,9999.000,9999.000
202608032112,   1.050,   1.920,9999.000,9999.000,9999.000,9999.000,9999.000,9999.000,9999.000
202608032118,   1.015,   1.880,9999.000,9999.000,9999.000,9999.000,9999.000,9999.000,9999.000
202608032124,   0.980,   1.851,9999.000,9999.000,9999.000,9999.000,9999.000,9999.000,9999.000
202608032130,   0.946,   1.818,9999.000,9999.000,9999.000,9999.000,9999.000,9999.000,9999.000
202608032136,   0.912,   1.769,9999.000,9999.000,9999.000,9999.000,9999.000,9999.000,9999.000
202608032142,   0.879,   1.720,9999.000,9999.000,9999.000,9999.000,9999.000,9999.000,9999.000
202608032148,   0.847,   1.690,9999.000,9999.000,9999.000,9999.000,9999.000,9999.000,9999.000
202608032154,   0.815,   1.651,9999.000,9999.000,9999.000,9999.000,9999.000,9999.000,9999.000
202608032200,   0.784,   1.608,   0.200,   0.624,   1.608,   0.200,   1.608,   0.300,   1.708
202608032206,   0.754,   1.579,9999.000,9999.000,9999.000,9999.000,9999.000,9999.000,9999.000
202608032212,   0.724,   1.549,9999.000,9999.000,9999.000,9999.000,9999.000,9999.000,9999.000
202608032218,   0.694,   1.501,9999.000,9999.000,9999.000,9999.000,9999.000,9999.000,9999.000
202608032224,   0.665,   1.461,9999.000,9999.000,9999.000,9999.000,9999.000,9999.000,9999.000
202608032230,   0.636,   1.422,9999.000,9999.000,9999.000,9999.000,9999.000,9999.000,9999.000
202608032236,   0.608,   1.379,9999.000,9999.000,9999.000,9999.000,9999.000,9999.000,9999.000
202608032242,   0.580,   1.350,9999.000,9999.000,9999.000,9999.000,9999.000,9999.000,9999.000
202608032248,   0.553,   1.330,9999.000,9999.000,9999.000,9999.000,9999.000,9999.000,9999.000
202608032254,   0.526,   1.291,9999.000,9999.000,9999.000,9999.000,9999.000,9999.000,9999.000
202608032300,   0.500,   1.242,   0.200,   0.542,   1.242,   0.100,   1.142,   0.300,   1.342
202608032306,   0.474,   1.212,9999.000,9999.000,9999.000,9999.000,9999.000,9999.000,9999.000
202608032312,   0.449,   1.179,9999.000,9999.000,9999.000,9999.000,9999.000,9999.000,9999.000
202608032318,   0.424,   1.160,9999.000,9999.000,9999.000,9999.000,9999.000,9999.000,9999.000
202608032324,   0.400,   1.111,9999.000,9999.000,9999.000,9999.000,9999.000,9999.000,9999.000
202608032330,   0.377,   1.091,9999.000,9999.000,9999.000,9999.000,9999.000,9999.000,9999.000
202608032336,   0.353,   1.071,9999.000,9999.000,9999.000,9999.000,9999.000,9999.000,9999.000
202608032342,   0.331,9999.000,9999.000,9999.000,9999.000,9999.000,9999.000,9999.000,9999.000
202608032348,   0.309,9999.000,9999.000,9999.000,9999.000,9999.000,9999.000,9999.000,9999.000
202608032354,   0.288,9999.000,9999.000,9999.000,9999.000,9999.000,9999.000,9999.000,9999.000
202608040000,   0.267,9999.000,   0.200,   0.549,   1.016,   0.100,   0.916,   0.300,   1.116
202608040006,   0.247,9999.000,9999.000,9999.000,9999.000,9999.000,9999.000,9999.000,9999.000
202608040012,   0.227,9999.000,9999.000,9999.000,9999.000,9999.000,9999.000,9999.000,9999.000
202608040018,   0.208,9999.000,9999.000,9999.000,9999.000,9999.000,9999.000,9999.000,9999.000
202608040024,   0.190,9999.000,9999.000,9999.000,9999.000,9999.000,9999.000,9999.000,9999.000
202608040030,   0.173,9999.000,9999.000,9999.000,9999.000,9999.000,9999.000,9999.000,9999.000
202608040036,   0.156,9999.000,9999.000,9999.000,9999.000,9999.000,9999.000,9999.000,9999.000
202608040042,   0.141,9999.000,9999.000,9999.000,9999.000,9999.000,9999.000,9999.000,9999.000
202608040048,   0.126,9999.000,9999.000,9999.000,9999.000,9999.000,9999.000,9999.000,9999.000
202608040054,   0.113,9999.000,9999.000,9999.000,9999.000,9999.000,9999.000,9999.000,9999.000
202608040100,   0.100,9999.000,   0.200,   0.555,   0.855,   0.100,   0.755,   0.300,   0.955
202608040106,   0.089,9999.000,9999.000,9999.000,9999.000,9999.000,9999.000,9999.000,9999.000
202608040112,   0.080,9999.000,9999.000,9999.000,9999.000,9999.000,9999.000,9999.000,9999.000
202608040118,   0.072,9999.000,9999.000,9999.000,9999.000,9999.000,9999.000,9999.000,9999.000
202608040124,   0.066,9999.000,9999.000,9999.000,9999.000,9999.000,9999.000,9999.000,9999.000
202608040130,   0.061,9999.000,9999.000,9999.000,9999.000,9999.000,9999.000,9999.000,9999.000
202608040136,   0.058,9999.000,9999.000,9999.000,9999.000,9999.000,9999.000,9999.000,9999.000
202608040142,   0.058,9999.000,9999.000,9999.000,9999.000,9999.000,9999.000,9999.000,9999.000
202608040148,   0.060,9999.000,9999.000,9999.000,9999.000,9999.000,9999.000,9999.000,9999.000
202608040154,   0.064,9999.000,9999.000,9999.000,9999.000,9999.000,9999.000,9999.000,9999.000
202608040200,   0.070,9999.000,   0.200,   0.562,   0.832,   0.100,   0.732,   0.300,   0.932
202608040206,   0.079,9999.000,9999.000,9999.000,9999.000,9999.000,9999.000,9999.000,9999.000
202608040212,   0.091,9999.000,9999.000,9999.000,9999.000,9999.000,9999.000,9999.000,9999.000
202608040218,   0.105,9999.000,9999.000,9999.000,9999.000,9999.000,9999.000,9999.000,9999.000
202608040224,   0.122,9999.000,9999.000,9999.000,9999.000,9999.000,9999.000,9999.000,9999.000
202608040230,   0.141,9999.000,9999.000,9999.000,9999.000,9999.000,9999.000,9999.000,9999.000
202608040236,   0.163,9999.000,9999.000,9999.000,9999.000,9999.000,9999.000,9999.000,9999.000
202608040242,   0.187,9999.000,9999.000,9999.000,9999.000,9999.000,9999.000,9999.000,9999.000
202608040248,   0.214,9999.000,9999.000,9999.000,9999.000,9999.000,9999.000,9999.000,9999.000
202608040254,   0.242,9999.000,9999.000,9999.000,9999.000,9999.000,9999.000,9999.000,9999.000
202608040300,   0.273,9999.000,   0.200,   0.568,   1.041,   0.200,   1.041,   0.300,   1.141
202608040306,   0.306,9999.000,9999.000,9999.000,9999.000,9999.000,9999.000,9999.000,9999.000
202608040312,   0.341,9999.000,9999.000,9999.000,9999.000,9999.000,9999.000,9999.000,9999.000
202608040318,   0.377,9999.000,9999.000,9999.000,9999.000,9999.000,9999.000,9999.000,9999.000
202608040324,   0.415,9999.000,9999.000,9999.000,9999.000,9999.000,9999.000,9999.000,9999.000
202608040330,   0.453,9999.000,9999.000,9999.000,9999.000,9999.000,9999.000,9999.000,9999.000
202608040336,   0.493,9999.000,9999.000,9999.000,9999.000,9999.000,9999.000,9999.000,9999.000
202608040342,   0.534,9999.000,9999.000,9999.000,9999.000,9999.000,9999.000,9999.000,9999.000
202608040348,   0.575,9999.000,9999.000,9999.000,9999.000,9999.000,9999.000,9999.000,9999.000
202608040354,   0.617,9999.000,9999.000,9999.000,9999.000,9999.000,9999.000,9999.000,9999.000
202608040400,   0.659,9999.000,   0.200,   0.575,   1.434,   0.200,   1.434,   0.300,   1.534
202608040406,   0.701,9999.000,9999.000,9999.000,9999.000,9999.000,9999.000,9999.000,9999.000
202608040412,   0.743,9999.000,9999.000,9999.000,9999.000,9999.000,9999.000,9999.000,9999.000
202608040418,   0.786,9999.000,9999.000,9999.000,9999.000,9999.000,9999.000,9999.000,9999.000
202608040424,   0.828,9999.000,9999.000,9999.000,9999.000,9999.000,9999.000,9999.000,9999.000
202608040430,   0.869,9999.000,9999.000,9999.000,9999.000,9999.000,9999.000,9999.000,9999.000
202608040436,   0.910,9999.000,9999.000,9999.000,9999.000,9999.000,9999.000,9999.000,9999.000
202608040442,   0.951,9999.000,9999.000,9999.000,9999.000,9999.000,9999.000,9999.000,9999.000
202608040448,   0.992,9999.000,9999.000,9999.000,9999.000,9999.000,9999.000,9999.000,9999.000
202608040454,   1.031,9999.000,9999.000,9999.000,9999.000,9999.000,9999.000,9999.000,9999.000
202608040500,   1.070,9999.000,   0.200,   0.582,   1.852,   0.200,   1.852,   0.300,   1.952
202608040506,   1.108,9999.000,9999.000,9999.000,9999.000,9999.000,9999.000,9999.000,9999.000
202608040512,   1.146,9999.000,9999.000,9999.000,9999.000,9999.000,9999.000,9999.000,9999.000
202608040518,   1.182,9999.000,9999.000,9999.000,9999.000,9999.000,9999.000,9999.000,9999.000
202608040524,   1.218,9999.000,9999.000,9999.000,9999.000,9999.000,9999.000,9999.000,9999.000
202608040530,   1.252,9999.000,9999.000,9999.000,9999.000,9999.000,9999.000,9999.000,9999.000
202608040536,   1.285,9999.000,9999.000,9999.000,9999.000,9999.000,9999.000,9999.000,9999.000
202608040542,   1.316,9999.000,9999.000,9999.000,9999.000,9999.000,9999.000,9999.000,9999.000
202608040548,   1.347,9999.000,9999.000,9999.000,9999.000,9999.000,9999.000,9999.000,9999.000
202608040554,   1.375,9999.000,9999.000,9999.000,9999.000,9999.000,9999.000,9999.000,9999.000
202608040600,   1.401,9999.000,   0.200,   0.588,   2.189,   0.200,   2.189,   0.300,   2.289
202608040606,   1.426,9999.000,9999.000,9999.000,9999.000,9999.000,9999.000,9999.000,9999.000
202608040612,   1.448,9999.000,9999.000,9999.000,9999.000,9999.000,9999.000,9999.000,9999.000
202608040618,   1.468,9999.000,9999.000,9999.000,9999.000,9999.000,9999.000,9999.000,9999.000
202608040624,   1.485,9999.000,9999.000,9999.000,9999.000,9999.000,9999.000,9999.000,9999.000
202608040630,   1.500,9999.000,9999.000,9999.000,9999.000,9999.000,9999.000,9999.000,9999.000
202608040636,   1.512,9999.000,9999.000,9999.000,9999.000,9999.000,9999.000,9999.000,9999.000
202608040642,   1.520,9999.000,9999.000,9999.000,9999.000,9999.000,9999.000,9999.000,9999.000
202608040648,   1.526,9999.000,9999.000,9999.000,9999.000,9999.000,9999.000,9999.000,9999.000
202608040654,   1.528,9999.000,9999.000,9999.000,9999.000,9999.000,9999.000,9999.000,9999.000
202608040700,   1.528,9999.000,   0.200,   0.595,   2.323,   0.200,   2.323,   0.300,   2.423
202608040706,   1.524,9999.000,9999.000,9999.000,9999.000,9999.000,9999.000,9999.000,9999.000
202608040712,   1.516,9999.000,9999.000,9999.000,9999.000,9999.000,9999.000,9999.000,9999.000
202608040718,   1.506,9999.000,9999.000,9999.000,9999.000,9999.000,9999.000,9999.000,9999.000
202608040724,   1.492,9999.000,9999.000,9999.000,9999.000,9999.000,9999.000,9999.000,9999.000
202608040730,   1.475,9999.000,9999.000,9999.000,9999.000,9999.000,9999.000,9999.000,9999.000
202608040736,   1.456,9999.000,9999.000,9999.000,9999.000,9999.000,9999.000,9999.000,9999.000
202608040742,   1.433,9999.000,9999.000,9999.000,9999.000,9999.000,9999.000,9999.000,9999.000
202608040748,   1.408,9999.000,9999.000,9999.000,9999.000,9999.000,9999.000,9999.000,9999.000
202608040754,   1.381,9999.000,9999.000,9999.000,9999.000,9999.000,9999.000,9999.000,9999.000
202608040800,   1.352,9999.000,   0.300,   0.601,   2.253,   0.200,   2.153,   0.300,   2.253
202608040806,   1.321,9999.000,9999.000,9999.000,9999.000,9999.000,9999.000,9999.000,9999.000
202608040812,   1.288,9999.000,9999.000,9999.000,9999.000,9999.000,9999.000,9999.000,9999.000
202608040818,   1.254,9999.000,9999.000,9999.000,9999.000,9999.000,9999.000,9999.000,9999.000
202608040824,   1.219,9999.000,9999.000,9999.000,9999.000,9999.000,9999.000,9999.000,9999.000
202608040830,   1.183,9999.000,9999.000,9999.000,9999.000,9999.000,9999.000,9999.000,9999.000
202608040836,   1.147,9999.000,9999.000,9999.000,9999.000,9999.000,9999.000,9999.000,9999.000
202608040842,   1.110,9999.000,9999.000,9999.000,9999.000,9999.000,9999.000,9999.000,9999.000
202608040848,   1.074,9999.000,9999.000,9999.000,9999.000,9999.000,9999.000,9999.000,9999.000
202608040854,   1.037,9999.000,9999.000,9999.000,9999.000,9999.000,9999.000,9999.000,9999.000
202608040900,   1.001,9999.000,   0.300,   0.608,   1.909,   0.200,   1.809,   0.300,   1.909
202608040906,   0.965,9999.000,9999.000,9999.000,9999.000,9999.000,9999.000,9999.000,9999.000
202608040912,   0.930,9999.000,9999.000,9999.000,9999.000,9999.000,9999.000,9999.000,9999.000
202608040918,   0.895,9999.000,9999.000,9999.000,9999.000,9999.000,9999.000,9999.000,9999.000
202608040924,   0.861,9999.000,9999.000,9999.000,9999.000,9999.000,9999.000,9999.000,9999.000
202608040930,   0.828,9999.000,9999.000,9999.000,9999.000,9999.000,9999.000,9999.000,9999.000
202608040936,   0.796,9999.000,9999.000,9999.000,9999.000,9999.000,9999.000,9999.000,9999.000
202608040942,   0.764,9999.000,9999.000,9999.000,9999.000,9999.000,9999.000,9999.000,9999.000
202608040948,   0.733,9999.000,9999.000,9999.000,9999.000,9999.000,9999.000,9999.000,9999.000
202608040954,   0.703,9999.000,9999.000,9999.000,9999.000,9999.000,9999.000,9999.000,9999.000
202608041000,   0.674,9999.000,   0.300,   0.614,   1.588,   0.200,   1.488,   0.400,   1.688
202608041006,   0.646,9999.000,9999.000,9999.000,9999.000,9999.000,9999.000,9999.000,9999.000
202608041012,   0.618,9999.000,9999.000,9999.000,9999.000,9999.000,9999.000,9999.000,9999.000
202608041018,   0.590,9999.000,9999.000,9999.000,9999.000,9999.000,9999.000,9999.000,9999.000
202608041024,   0.564,9999.000,9999.000,9999.000,9999.000,9999.000,9999.000,9999.000,9999.000
202608041030,   0.538,9999.000,9999.000,9999.000,9999.000,9999.000,9999.000,9999.000,9999.000
202608041036,   0.512,9999.000,9999.000,9999.000,9999.000,9999.000,9999.000,9999.000,9999.000
202608041042,   0.487,9999.000,9999.000,9999.000,9999.000,9999.000,9999.000,9999.000,9999.000
202608041048,   0.462,9999.000,9999.000,9999.000,9999.000,9999.000,9999.000,9999.000,9999.000
202608041054,   0.437,9999.000,9999.000,9999.000,9999.000,9999.000,9999.000,9999.000,9999.000
202608041100,   0.413,9999.000,   0.300,   0.621,   1.334,   0.200,   1.234,   0.400,   1.434
202608041106,   0.390,9999.000,9999.000,9999.000,9999.000,9999.000,9999.000,9999.000,9999.000
202608041112,   0.366,9999.000,9999.000,9999.000,9999.000,9999.000,9999.000,9999.000,9999.000
202608041118,   0.343,9999.000,9999.000,9999.000,9999.000,9999.000,9999.000,9999.000,9999.000
202608041124,   0.321,9999.000,9999.000,9999.000,9999.000,9999.000,9999.000,9999.000,9999.000
202608041130,   0.299,9999.000,9999.000,9999.000,9999.000,9999.000,9999.000,9999.000,9999.000
202608041136,   0.277,9999.000,9999.000,9999.000,9999.000,9999.000,9999.000,9999.000,9999.000
202608041142,   0.255,9999.000,9999.000,9999.000,9999.000,9999.000,9999.000,9999.000,9999.000
202608041148,   0.234,9999.000,9999.000,9999.000,9999.000,9999.000,9999.000,9999.000,9999.000
202608041154,   0.214,9999.000,9999.000,9999.000,9999.000,9999.000,9999.000,9999.000,9999.000
202608041200,   0.193,9999.000,   0.300,   0.621,   1.114,   0.200,   1.014,   0.400,   1.214
202608041206,   0.174,9999.000,9999.000,9999.000,9999.000,9999.000,9999.000,9999.000,9999.000
202608041212,   0.154,9999.000,9999.000,9999.000,9999.000,9999.000,9999.000,9999.000,9999.000
202608041218,   0.136,9999.000,9999.000,9999.000,9999.000,9999.000,9999.000,9999.000,9999.000
202608041224,   0.117,9999.000,9999.000,9999.000,9999.000,9999.000,9999.000,9999.000,9999.000
202608041230,   0.100,9999.000,9999.000,9999.000,9999.000,9999.000,9999.000,9999.000,9999.000
202608041236,   0.083,9999.000,9999.000,9999.000,9999.000,9999.000,9999.000,9999.000,9999.000
202608041242,   0.066,9999.000,9999.000,9999.000,9999.000,9999.000,9999.000,9999.000,9999.000
202608041248,   0.050,9999.000,9999.000,9999.000,9999.000,9999.000,9999.000,9999.000,9999.000
202608041254,   0.035,9999.000,9999.000,9999.000,9999.000,9999.000,9999.000,9999.000,9999.000
202608041300,   0.020,9999.000,   0.300,   0.621,   0.941,   0.300,   0.941,   0.400,   1.041
202608041306,   0.007,9999.000,9999.000,9999.000,9999.000,9999.000,9999.000,9999.000,9999.000
202608041312,  -0.005,9999.000,9999.000,9999.000,9999.000,9999.000,9999.000,9999.000,9999.000
202608041318,  -0.016,9999.000,9999.000,9999.000,9999.000,9999.000,9999.000,9999.000,9999.000
202608041324,  -0.027,9999.000,9999.000,9999.000,9999.000,9999.000,9999.000,9999.000,9999.000
202608041330,  -0.036,9999.000,9999.000,9999.000,9999.000,9999.000,9999.000,9999.000,9999.000
202608041336,  -0.043,9999.000,9999.000,9999.000,9999.000,9999.000,9999.000,9999.000,9999.000
202608041342,  -0.049,9999.000,9999.000,9999.000,9999.000,9999.000,9999.000,9999.000,9999.000
202608041348,  -0.053,9999.000,9999.000,9999.000,9999.000,9999.000,9999.000,9999.000,9999.000
202608041354,  -0.056,9999.000,9999.000,9999.000,9999.000,9999.000,9999.000,9999.000,9999.000
202608041400,  -0.056,9999.000,   0.400,   0.621,   0.965,   0.300,   0.865,   0.400,   0.965
202608041406,  -0.054,9999.000,9999.000,9999.000,9999.000,9999.000,9999.000,9999.000,9999.000
202608041412,  -0.050,9999.000,9999.000,9999.000,9999.000,9999.000,9999.000,9999.000,9999.000
202608041418,  -0.043,9999.000,9999.000,9999.000,9999.000,9999.000,9999.000,9999.000,9999.000
202608041424,  -0.034,9999.000,9999.000,9999.000,9999.000,9999.000,9999.000,9999.000,9999.000
202608041430,  -0.022,9999.000,9999.000,9999.000,9999.000,9999.000,9999.000,9999.000,9999.000
202608041436,  -0.007,9999.000,9999.000,9999.000,9999.000,9999.000,9999.000,9999.000,9999.000
202608041442,   0.009,9999.000,9999.000,9999.000,9999.000,9999.000,9999.000,9999.000,9999.000
202608041448,   0.030,9999.000,9999.000,9999.000,9999.000,9999.000,9999.000,9999.000,9999.000
202608041454,   0.053,9999.000,9999.000,9999.000,9999.000,9999.000,9999.000,9999.000,9999.000
202608041500,   0.079,9999.000,   0.400,   0.621,   1.100,   0.300,   1.000,   0.400,   1.100
202608041506,   0.107,9999.000,9999.000,9999.000,9999.000,9999.000,9999.000,9999.000,9999.000
202608041512,   0.138,9999.000,9999.000,9999.000,9999.000,9999.000,9999.000,9999.000,9999.000
202608041518,   0.172,9999.000,9999.000,9999.000,9999.000,9999.000,9999.000,9999.000,9999.000
202608041524,   0.208,9999.000,9999.000,9999.000,9999.000,9999.000,9999.000,9999.000,9999.000
202608041530,   0.246,9999.000,9999.000,9999.000,9999.000,9999.000,9999.000,9999.000,9999.000
202608041536,   0.287,9999.000,9999.000,9999.000,9999.000,9999.000,9999.000,9999.000,9999.000
202608041542,   0.329,9999.000,9999.000,9999.000,9999.000,9999.000,9999.000,9999.000,9999.000
202608041548,   0.373,9999.000,9999.000,9999.000,9999.000,9999.000,9999.000,9999.000,9999.000
202608041554,   0.419,9999.000,9999.000,9999.000,9999.000,9999.000,9999.000,9999.000,9999.000
202608041600,   0.466,9999.000,   0.300,   0.621,   1.387,   0.300,   1.387,   0.400,   1.487
202608041606,   0.514,9999.000,9999.000,9999.000,9999.000,9999.000,9999.000,9999.000,9999.000
202608041612,   0.563,9999.000,9999.000,9999.000,9999.000,9999.000,9999.000,9999.000,9999.000
202608041618,   0.613,9999.000,9999.000,9999.000,9999.000,9999.000,9999.000,9999.000,9999.000
202608041624,   0.664,9999.000,9999.000,9999.000,9999.000,9999.000,9999.000,9999.000,9999.000
202608041630,   0.715,9999.000,9999.000,9999.000,9999.000,9999.000,9999.000,9999.000,9999.000
202608041636,   0.766,9999.000,9999.000,9999.000,9999.000,9999.000,9999.000,9999.000,9999.000
202608041642,   0.817,9999.000,9999.000,9999.000,9999.000,9999.000,9999.000,9999.000,9999.000
202608041648,   0.869,9999.000,9999.000,9999.000,9999.000,9999.000,9999.000,9999.000,9999.000
202608041654,   0.920,9999.000,9999.000,9999.000,9999.000,9999.000,9999.000,9999.000,9999.000
202608041700,   0.972,9999.000,   0.300,   0.621,   1.893,   0.300,   1.893,   0.400,   1.993
202608041706,   1.023,9999.000,9999.000,9999.000,9999.000,9999.000,9999.000,9999.000,9999.000
202608041712,   1.073,9999.000,9999.000,9999.000,9999.000,9999.000,9999.000,9999.000,9999.000
202608041718,   1.123,9999.000,9999.000,9999.000,9999.000,9999.000,9999.000,9999.000,9999.000
202608041724,   1.173,9999.000,9999.000,9999.000,9999.000,9999.000,9999.000,9999.000,9999.000
202608041730,   1.222,9999.000,9999.000,9999.000,9999.000,9999.000,9999.000,9999.000,9999.000
202608041736,   1.270,9999.000,9999.000,9999.000,9999.000,9999.000,9999.000,9999.000,9999.000
202608041742,   1.318,9999.000,9999.000,9999.000,9999.000,9999.000,9999.000,9999.000,9999.000
202608041748,   1.364,9999.000,9999.000,9999.000,9999.000,9999.000,9999.000,9999.000,9999.000
202608041754,   1.409,9999.000,9999.000,9999.000,9999.000,9999.000,9999.000,9999.000,9999.000
202608041800,   1.453,9999.000,   0.300,   0.621,   2.374,   0.300,   2.374,   0.400,   2.474
202608041806,   1.496,9999.000,9999.000,9999.000,9999.000,9999.000,9999.000,9999.000,9999.000
202608041812,   1.537,9999.000,9999.000,9999.000,9999.000,9999.000,9999.000,9999.000,9999.000
202608041818,   1.576,9999.000,9999.000,9999.000,9999.000,9999.000,9999.000,9999.000,9999.000
202608041824,   1.614,9999.000,9999.000,9999.000,9999.000,9999.000,9999.000,9999.000,9999.000
202608041830,   1.649,9999.000,9999.000,9999.000,9999.000,9999.000,9999.000,9999.000,9999.000
202608041836,   1.682,9999.000,9999.000,9999.000,9999.000,9999.000,9999.000,9999.000,9999.000
202608041842,   1.712,9999.000,9999.000,9999.000,9999.000,9999.000,9999.000,9999.000,9999.000
202608041848,   1.739,9999.000,9999.000,9999.000,9999.000,9999.000,9999.000,9999.000,9999.000
202608041854,   1.764,9999.000,9999.000,9999.000,9999.000,9999.000,9999.000,9999.000,9999.000
202608041900,   1.785,9999.000,   0.300,   0.621,   2.706,   0.300,   2.706,   0.400,   2.806
202608041906,   1.804,9999.000,9999.000,9999.000,9999.000,9999.000,9999.000,9999.000,9999.000
202608041912,   1.818,9999.000,9999.000,9999.000,9999.000,9999.000,9999.000,9999.000,9999.000
202608041918,   1.830,9999.000,9999.000,9999.000,9999.000,9999.000,9999.000,9999.000,9999.000
202608041924,   1.837,9999.000,9999.000,9999.000,9999.000,9999.000,9999.000,9999.000,9999.000
202608041930,   1.841,9999.000,9999.000,9999.000,9999.000,9999.000,9999.000,9999.000,9999.000
202608041936,   1.841,9999.000,9999.000,9999.000,9999.000,9999.000,9999.000,9999.000,9999.000
202608041942,   1.838,9999.000,9999.000,9999.000,9999.000,9999.000,9999.000,9999.000,9999.000
202608041948,   1.831,9999.000,9999.000,9999.000,9999.000,9999.000,9999.000,9999.000,9999.000
202608041954,   1.820,9999.000,9999.000,9999.000,9999.000,9999.000,9999.000,9999.000,9999.000
202608042000,   1.806,9999.000,   0.300,   0.621,   2.727,   0.300,   2.727,   0.400,   2.827
202608042006,   1.789,9999.000,9999.000,9999.000,9999.000,9999.000,9999.000,9999.000,9999.000
202608042012,   1.768,9999.000,9999.000,9999.000,9999.000,9999.000,9999.000,9999.000,9999.000
202608042018,   1.745,9999.000,9999.000,9999.000,9999.000,9999.000,9999.000,9999.000,9999.000
202608042024,   1.719,9999.000,9999.000,9999.000,9999.000,9999.000,9999.000,9999.000,9999.000
202608042030,   1.691,9999.000,9999.000,9999.000,9999.000,9999.000,9999.000,9999.000,9999.000
202608042036,   1.661,9999.000,9999.000,9999.000,9999.000,9999.000,9999.000,9999.000,9999.000
202608042042,   1.628,9999.000,9999.000,9999.000,9999.000,9999.000,9999.000,9999.000,9999.000
202608042048,   1.594,9999.000,9999.000,9999.000,9999.000,9999.000,9999.000,9999.000,9999.000
202608042054,   1.559,9999.000,9999.000,9999.000,9999.000,9999.000,9999.000,9999.000,9999.000
202608042100,   1.523,9999.000,   0.400,   0.621,   2.544,   0.300,   2.444,   0.400,   2.544
202608042106,   1.486,9999.000,9999.000,9999.000,9999.000,9999.000,9999.000,9999.000,9999.000
202608042112,   1.448,9999.000,9999.000,9999.000,9999.000,9999.000,9999.000,9999.000,9999.000
202608042118,   1.410,9999.000,9999.000,9999.000,9999.000,9999.000,9999.000,9999.000,9999.000
202608042124,   1.372,9999.000,9999.000,9999.000,9999.000,9999.000,9999.000,9999.000,9999.000
202608042130,   1.333,9999.000,9999.000,9999.000,9999.000,9999.000,9999.000,9999.000,9999.000
202608042136,   1.295,9999.000,9999.000,9999.000,9999.000,9999.000,9999.000,9999.000,9999.000
202608042142,   1.257,9999.000,9999.000,9999.000,9999.000,9999.000,9999.000,9999.000,9999.000
202608042148,   1.220,9999.000,9999.000,9999.000,9999.000,9999.000,9999.000,9999.000,9999.000
202608042154,   1.183,9999.000,9999.000,9999.000,9999.000,9999.000,9999.000,9999.000,9999.000
202608042200,   1.146,9999.000,   0.400,   0.621,   2.167,   0.300,   2.067,   0.400,   2.167
202608042206,   1.110,9999.000,9999.000,9999.000,9999.000,9999.000,9999.000,9999.000,9999.000
202608042212,   1.074,9999.000,9999.000,9999.000,9999.000,9999.000,9999.000,9999.000,9999.000
202608042218,   1.039,9999.000,9999.000,9999.000,9999.000,9999.000,9999.000,9999.000,9999.000
202608042224,   1.005,9999.000,9999.000,9999.000,9999.000,9999.000,9999.000,9999.000,9999.000
202608042230,   0.971,9999.000,9999.000,9999.000,9999.000,9999.000,9999.000,9999.000,9999.000
202608042236,   0.937,9999.000,9999.000,9999.000,9999.000,9999.000,9999.000,9999.000,9999.000
202608042242,   0.904,9999.000,9999.000,9999.000,9999.000,9999.000,9999.000,9999.000,9999.000
202608042248,   0.872,9999.000,9999.000,9999.000,9999.000,9999.000,9999.000,9999.000,9999.000
202608042254,   0.840,9999.000,9999.000,9999.000,9999.000,9999.000,9999.000,9999.000,9999.000
202608042300,   0.808,9999.000,   0.400,   0.621,   1.829,   0.300,   1.729,   0.400,   1.829
202608042306,   0.777,9999.000,9999.000,9999.000,9999.000,9999.000,9999.000,9999.000,9999.000
202608042312,   0.747,9999.000,9999.000,9999.000,9999.000,9999.000,9999.000,9999.000,9999.000
202608042318,   0.716,9999.000,9999.000,9999.000,9999.000,9999.000,9999.000,9999.000,9999.000
202608042324,   0.686,9999.000,9999.000,9999.000,9999.000,9999.000,9999.000,9999.000,9999.000
202608042330,   0.657,9999.000,9999.000,9999.000,9999.000,9999.000,9999.000,9999.000,9999.000
202608042336,   0.628,9999.000,9999.000,9999.000,9999.000,9999.000,9999.000,9999.000,9999.000
202608042342,   0.600,9999.000,9999.000,9999.000,9999.000,9999.000,9999.000,9999.000,9999.000
202608042348,   0.572,9999.000,9999.000,9999.000,9999.000,9999.000,9999.000,9999.000,9999.000
202608042354,   0.544,9999.000,9999.000,9999.000,9999.000,9999.000,9999.000,9999.000,9999.000
202608050000,   0.517,9999.000,   0.400,   0.621,   1.538,   0.300,   1.438,   0.400,   1.538
202608050006,   0.491,9999.000,9999.000,9999.000,9999.000,9999.000,9999.000,9999.000,9999.000
202608050012,   0.465,9999.000,9999.000,9999.000,9999.000,9999.000,9999.000,9999.000,9999.000
202608050018,   0.440,9999.000,9999.000,9999.000,9999.000,9999.000,9999.000,9999.000,9999.000
202608050024,   0.415,9999.000,9999.000,9999.000,9999.000,9999.000,9999.000,9999.000,9999.000
202608050030,   0.391,9999.000,9999.000,9999.000,9999.000,9999.000,9999.000,9999.000,9999.000
202608050036,   0.367,9999.000,9999.000,9999.000,9999.000,9999.000,9999.000,9999.000,9999.000
202608050042,   0.344,9999.000,9999.000,9999.000,9999.000,9999.000,9999.000,9999.000,9999.000
202608050048,   0.322,9999.000,9999.000,9999.000,9999.000,9999.000,9999.000,9999.000,9999.000
202608050054,   0.301,9999.000,9999.000,9999.000,9999.000,9999.000,9999.000,9999.000,9999.000
202608050100,   0.280,9999.000,   0.400,   0.621,   1.301,   0.300,   1.201,   0.400,   1.301
202608050106,   0.259,9999.000,9999.000,9999.000,9999.000,9999.000,9999.000,9999.000,9999.000
202608050112,   0.240,9999.000,9999.000,9999.000,9999.000,9999.000,9999.000,9999.000,9999.000
202608050118,   0.221,9999.000,9999.000,9999.000,9999.000,9999.000,9999.000,9999.000,9999.000
202608050124,   0.203,9999.000,9999.000,9999.000,9999.000,9999.000,9999.000,9999.000,9999.000
202608050130,   0.186,9999.000,9999.000,9999.000,9999.000,9999.000,9999.000,9999.000,9999.000
202608050136,   0.170,9999.000,9999.000,9999.000,9999.000,9999.000,9999.000,9999.000,9999.000
202608050142,   0.155,9999.000,9999.000,9999.000,9999.000,9999.000,9999.000,9999.000,9999.000
202608050148,   0.141,9999.000,9999.000,9999.000,9999.000,9999.000,9999.000,9999.000,9999.000
202608050154,   0.128,9999.000,9999.000,9999.000,9999.000,9999.000,9999.000,9999.000,9999.000
202608050200,   0.116,9999.000,   0.400,   0.621,   1.137,   0.300,   1.037,   0.400,   1.137
202608050206,   0.106,9999.000,9999.000,9999.000,9999.000,9999.000,9999.000,9999.000,9999.000
202608050212,   0.098,9999.000,9999.000,9999.000,9999.000,9999.000,9999.000,9999.000,9999.000
202608050218,   0.091,9999.000,9999.000,9999.000,9999.000,9999.000,9999.000,9999.000,9999.000
202608050224,   0.086,9999.000,9999.000,9999.000,9999.000,9999.000,9999.000,9999.000,9999.000
202608050230,   0.083,9999.000,9999.000,9999.000,9999.000,9999.000,9999.000,9999.000,9999.000
202608050236,   0.082,9999.000,9999.000,9999.000,9999.000,9999.000,9999.000,9999.000,9999.000
202608050242,   0.083,9999.000,9999.000,9999.000,9999.000,9999.000,9999.000,9999.000,9999.000
202608050248,   0.087,9999.000,9999.000,9999.000,9999.000,9999.000,9999.000,9999.000,9999.000
202608050254,   0.093,9999.000,9999.000,9999.000,9999.000,9999.000,9999.000,9999.000,9999.000
202608050300,   0.101,9999.000,   0.400,   0.621,   1.122,   0.300,   1.022,   0.400,   1.122
202608050306,   0.111,9999.000,9999.000,9999.000,9999.000,9999.000,9999.000,9999.000,9999.000
202608050312,   0.124,9999.000,9999.000,9999.000,9999.000,9999.000,9999.000,9999.000,9999.000
202608050318,   0.140,9999.000,9999.000,9999.000,9999.000,9999.000,9999.000,9999.000,9999.000
202608050324,   0.158,9999.000,9999.000,9999.000,9999.000,9999.000,9999.000,9999.000,9999.000
202608050330,   0.178,9999.000,9999.000,9999.000,9999.000,9999.000,9999.000,9999.000,9999.000
202608050336,   0.200,9999.000,9999.000,9999.000,9999.000,9999.000,9999.000,9999.000,9999.000
202608050342,   0.225,9999.000,9999.000,9999.000,9999.000,9999.000,9999.000,9999.000,9999.000
202608050348,   0.252,9999.000,9999.000,9999.000,9999.000,9999.000,9999.000,9999.000,9999.000
202608050354,   0.280,9999.000,9999.000,9999.000,9999.000,9999.000,9999.000,9999.000,9999.000
202608050400,   0.310,9999.000,   0.300,   0.621,   1.231,   0.300,   1.231,   0.400,   1.331
202608050406,   0.342,9999.000,9999.000,9999.000,9999.000,9999.000,9999.000,9999.000,9999.000
202608050412,   0.375,9999.000,9999.000,9999.000,9999.000,9999.000,9999.000,9999.000,9999.000
202608050418,   0.410,9999.000,9999.000,9999.000,9999.000,9999.000,9999.000,9999.000,9999.000
202608050424,   0.445,9999.000,9999.000,9999.000,9999.000,9999.000,9999.000,9999.000,9999.000
202608050430,   0.481,9999.000,9999.000,9999.000,9999.000,9999.000,9999.000,9999.000,9999.000
202608050436,   0.518,9999.000,9999.000,9999.000,9999.000,9999.000,9999.000,9999.000,9999.000
202608050442,   0.556,9999.000,9999.000,9999.000,9999.000,9999.000,9999.000,9999.000,9999.000
202608050448,   0.594,9999.000,9999.000,9999.000,9999.000,9999.000,9999.000,9999.000,9999.000
202608050454,   0.632,9999.000,9999.000,9999.000,9999.000,9999.000,9999.000,9999.000,9999.000
202608050500,   0.670,9999.000,   0.300,   0.621,   1.591,   0.300,   1.591,   0.400,   1.691
202608050506,   0.709,9999.000,9999.000,9999.000,9999.000,9999.000,9999.000,9999.000,9999.000
202608050512,   0.747,9999.000,9999.000,9999.000,9999.000,9999.000,9999.000,9999.000,9999.000
202608050518,   0.785,9999.000,9999.000,9999.000,9999.000,9999.000,9999.000,9999.000,9999.000
202608050524,   0.823,9999.000,9999.000,9999.000,9999.000,9999.000,9999.000,9999.000,9999.000
202608050530,   0.860,9999.000,9999.000,9999.000,9999.000,9999.000,9999.000,9999.000,9999.000
202608050536,   0.897,9999.000,9999.000,9999.000,9999.000,9999.000,9999.000,9999.000,9999.000
202608050542,   0.934,9999.000,9999.000,9999.000,9999.000,9999.000,9999.000,9999.000,9999.000
202608050548,   0.970,9999.000,9999.000,9999.000,9999.000,9999.000,9999.000,9999.000,9999.000
202608050554,   1.006,9999.000,9999.000,9999.000,9999.000,9999.000,9999.000,9999.000,9999.000
202608050600,   1.041,9999.000,   0.300,   0.621,   1.962,   0.300,   1.962,   0.400,   2.062
202608050606,   1.075,9999.000,9999.000,9999.000,9999.000,9999.000,9999.000,9999.000,9999.000
202608050612,   1.109,9999.000,9999.000,9999.000,9999.000,9999.000,9999.000,9999.000,9999.000
202608050618,   1.142,9999.000,9999.000,9999.000,9999.000,9999.000,9999.000,9999.000,9999.000
202608050624,   1.174,9999.000,9999.000,9999.000,9999.000,9999.000,9999.000,9999.000,9999.000
202608050630,   1.205,9999.000,9999.000,9999.000,9999.000,9999.000,9999.000,9999.000,9999.000
202608050636,   1.234,9999.000,9999.000,9999.000,9999.000,9999.000,9999.000,9999.000,9999.000
202608050642,   1.262,9999.000,9999.000,9999.000,9999.000,9999.000,9999.000,9999.000,9999.000
202608050648,   1.289,9999.000,9999.000,9999.000,9999.000,9999.000,9999.000,9999.000,9999.000
202608050654,   1.314,9999.000,9999.000,9999.000,9999.000,9999.000,9999.000,9999.000,9999.000
202608050700,   1.337,9999.000,   0.300,   0.621,   2.258,   0.300,   2.258,   0.400,   2.358
202608050706,   1.358,9999.000,9999.000,9999.000,9999.000,9999.000,9999.000,9999.000,9999.000
202608050712,   1.377,9999.000,9999.000,9999.000,9999.000,9999.000,9999.000,9999.000,9999.000
202608050718,   1.393,9999.000,9999.000,9999.000,9999.000,9999.000,9999.000,9999.000,9999.000
202608050724,   1.407,9999.000,9999.000,9999.000,9999.000,9999.000,9999.000,9999.000,9999.000
202608050730,   1.418,9999.000,9999.000,9999.000,9999.000,9999.000,9999.000,9999.000,9999.000
202608050736,   1.427,9999.000,9999.000,9999.000,9999.000,9999.000,9999.000,9999.000,9999.000
202608050742,   1.432,9999.000,9999.000,9999.000,9999.000,9999.000,9999.000,9999.000,9999.000
202608050748,   1.434,9999.000,9999.000,9999.000,9999.000,9999.000,9999.000,9999.000,9999.000
202608050754,   1.434,9999.000,9999.000,9999.000,9999.000,9999.000,9999.000,9999.000,9999.000
202608050800,   1.430,9999.000,   0.300,   0.621,   2.351,   0.300,   2.351,   0.400,   2.451
202608050806,   1.423,9999.000,9999.000,9999.000,9999.000,9999.000,9999.000,9999.000,9999.000
202608050812,   1.413,9999.000,9999.000,9999.000,9999.000,9999.000,9999.000,9999.000,9999.000
202608050818,   1.400,9999.000,9999.000,9999.000,9999.000,9999.000,9999.000,9999.000,9999.000
202608050824,   1.384,9999.000,9999.000,9999.000,9999.000,9999.000,9999.000,9999.000,9999.000
202608050830,   1.365,9999.000,9999.000,9999.000,9999.000,9999.000,9999.000,9999.000,9999.000
202608050836,   1.344,9999.000,9999.000,9999.000,9999.000,9999.000,9999.000,9999.000,9999.000
202608050842,   1.320,9999.000,9999.000,9999.000,9999.000,9999.000,9999.000,9999.000,9999.000
202608050848,   1.295,9999.000,9999.000,9999.000,9999.000,9999.000,9999.000,9999.000,9999.000
202608050854,   1.267,9999.000,9999.000,9999.000,9999.000,9999.000,9999.000,9999.000,9999.000
202608050900,   1.238,9999.000,   0.300,   0.621,   2.159,   0.300,   2.159,   0.400,   2.259
202608050906,   1.207,9999.000,9999.000,9999.000,9999.000,9999.000,9999.000,9999.000,9999.000
202608050912,   1.175,9999.000,9999.000,9999.000,9999.000,9999.000,9999.000,9999.000,9999.000
202608050918,   1.142,9999.000,9999.000,9999.000,9999.000,9999.000,9999.000,9999.000,9999.000
202608050924,   1.108,9999.000,9999.000,9999.000,9999.000,9999.000,9999.000,9999.000,9999.000
202608050930,   1.074,9999.000,9999.000,9999.000,9999.000,9999.000,9999.000,9999.000,9999.000
202608050936,   1.040,9999.000,9999.000,9999.000,9999.000,9999.000,9999.000,9999.000,9999.000
202608050942,   1.005,9999.000,9999.000,9999.000,9999.000,9999.000,9999.000,9999.000,9999.000
202608050948,   0.971,9999.000,9999.000,9999.000,9999.000,9999.000,9999.000,9999.000,9999.000
202608050954,   0.937,9999.000,9999.000,9999.000,9999.000,9999.000,9999.000,9999.000,9999.000
202608051000,   0.903,9999.000,   0.300,   0.621,   1.824,   0.300,   1.824,   0.400,   1.924
202608051006,   0.869,9999.000,9999.000,9999.000,9999.000,9999.000,9999.000,9999.000,9999.000
202608051012,   0.837,9999.000,9999.000,9999.000,9999.000,9999.000,9999.000,9999.000,9999.000
202608051018,   0.805,9999.000,9999.000,9999.000,9999.000,9999.000,9999.000,9999.000,9999.000
202608051024,   0.773,9999.000,9999.000,9999.000,9999.000,9999.000,9999.000,9999.000,9999.000
202608051030,   0.742,9999.000,9999.000,9999.000,9999.000,9999.000,9999.000,9999.000,9999.000
202608051036,   0.712,9999.000,9999.000,9999.000,9999.000,9999.000,9999.000,9999.000,9999.000
202608051042,   0.683,9999.000,9999.000,9999.000,9999.000,9999.000,9999.000,9999.000,9999.000
202608051048,   0.654,9999.000,9999.000,9999.000,9999.000,9999.000,9999.000,9999.000,9999.000
202608051054,   0.625,9999.000,9999.000,9999.000,9999.000,9999.000,9999.000,9999.000,9999.000
202608051100,   0.598,9999.000,   0.300,   0.621,   1.519,   0.200,   1.419,   0.400,   1.619
202608051106,   0.571,9999.000,9999.000,9999.000,9999.000,9999.000,9999.000,9999.000,9999.000
202608051112,   0.544,9999.000,9999.000,9999.000,9999.000,9999.000,9999.000,9999.000,9999.000
202608051118,   0.518,9999.000,9999.000,9999.000,9999.000,9999.000,9999.000,9999.000,9999.000
202608051124,   0.492,9999.000,9999.000,9999.000,9999.000,9999.000,9999.000,9999.000,9999.000
202608051130,   0.467,9999.000,9999.000,9999.000,9999.000,9999.000,9999.000,9999.000,9999.000
202608051136,   0.442,9999.000,9999.000,9999.000,9999.000,9999.000,9999.000,9999.000,9999.000
202608051142,   0.417,9999.000,9999.000,9999.000,9999.000,9999.000,9999.000,9999.000,9999.000
202608051148,   0.393,9999.000,9999.000,9999.000,9999.000,9999.000,9999.000,9999.000,9999.000
202608051154,   0.369,9999.000,9999.000,9999.000,9999.000,9999.000,9999.000,9999.000,9999.000
202608051200,   0.345,9999.000,   0.300,   0.621,   1.266,   0.200,   1.166,   0.400,   1.366
202608051206,   0.322,9999.000,9999.000,9999.000,9999.000,9999.000,9999.000,9999.000,9999.000
202608051212,   0.299,9999.000,9999.000,9999.000,9999.000,9999.000,9999.000,9999.000,9999.000
202608051218,   0.277,9999.000,9999.000,9999.000,9999.000,9999.000,9999.000,9999.000,9999.000
202608051224,   0.255,9999.000,9999.000,9999.000,9999.000,9999.000,9999.000,9999.000,9999.000
202608051230,   0.234,9999.000,9999.000,9999.000,9999.000,9999.000,9999.000,9999.000,9999.000
202608051236,   0.213,9999.000,9999.000,9999.000,9999.000,9999.000,9999.000,9999.000,9999.000
202608051242,   0.192,9999.000,9999.000,9999.000,9999.000,9999.000,9999.000,9999.000,9999.000
202608051248,   0.172,9999.000,9999.000,9999.000,9999.000,9999.000,9999.000,9999.000,9999.000
202608051254,   0.153,9999.000,9999.000,9999.000,9999.000,9999.000,9999.000,9999.000,9999.000
202608051300,   0.134,9999.000,   0.300,   0.621,   1.055,   0.200,   0.955,   0.300,   1.055
202608051306,   0.115,9999.000,9999.000,9999.000,9999.000,9999.000,9999.000,9999.000,9999.000
202608051312,   0.097,9999.000,9999.000,9999.000,9999.000,9999.000,9999.000,9999.000,9999.000
202608051318,   0.080,9999.000,9999.000,9999.000,9999.000,9999.000,9999.000,9999.000,9999.000
202608051324,   0.063,9999.000,9999.000,9999.000,9999.000,9999.000,9999.000,9999.000,9999.000
202608051330,   0.047,9999.000,9999.000,9999.000,9999.000,9999.000,9999.000,9999.000,9999.000
202608051336,   0.032,9999.000,9999.000,9999.000,9999.000,9999.000,9999.000,9999.000,9999.000
202608051342,   0.017,9999.000,9999.000,9999.000,9999.000,9999.000,9999.000,9999.000,9999.000
202608051348,   0.003,9999.000,9999.000,9999.000,9999.000,9999.000,9999.000,9999.000,9999.000
202608051354,  -0.009,9999.000,9999.000,9999.000,9999.000,9999.000,9999.000,9999.000,9999.000
202608051400,  -0.021,9999.000,   0.300,   0.621,   0.900,   0.200,   0.800,   0.300,   0.900
202608051406,  -0.032,9999.000,9999.000,9999.000,9999.000,9999.000,9999.000,9999.000,9999.000
202608051412,  -0.042,9999.000,9999.000,9999.000,9999.000,9999.000,9999.000,9999.000,9999.000
202608051418,  -0.051,9999.000,9999.000,9999.000,9999.000,9999.000,9999.000,9999.000,9999.000
202608051424,  -0.058,9999.000,9999.000,9999.000,9999.000,9999.000,9999.000,9999.000,9999.000
202608051430,  -0.064,9999.000,9999.000,9999.000,9999.000,9999.000,9999.000,9999.000,9999.000
202608051436,  -0.068,9999.000,9999.000,9999.000,9999.000,9999.000,9999.000,9999.000,9999.000
202608051442,  -0.070,9999.000,9999.000,9999.000,9999.000,9999.000,9999.000,9999.000,9999.000
202608051448,  -0.071,9999.000,9999.000,9999.000,9999.000,9999.000,9999.000,9999.000,9999.000
202608051454,  -0.069,9999.000,9999.000,9999.000,9999.000,9999.000,9999.000,9999.000,9999.000
202608051500,  -0.065,9999.000,   0.300,   0.621,   0.856,   0.200,   0.756,   0.300,   0.856
202608051506,  -0.059,9999.000,9999.000,9999.000,9999.000,9999.000,9999.000,9999.000,9999.000
202608051512,  -0.051,9999.000,9999.000,9999.000,9999.000,9999.000,9999.000,9999.000,9999.000
202608051518,  -0.040,9999.000,9999.000,9999.000,9999.000,9999.000,9999.000,9999.000,9999.000
202608051524,  -0.026,9999.000,9999.000,9999.000,9999.000,9999.000,9999.000,9999.000,9999.000
202608051530,  -0.010,9999.000,9999.000,9999.000,9999.000,9999.000,9999.000,9999.000,9999.000
202608051536,   0.009,9999.000,9999.000,9999.000,9999.000,9999.000,9999.000,9999.000,9999.000
202608051542,   0.030,9999.000,9999.000,9999.000,9999.000,9999.000,9999.000,9999.000,9999.000
202608051548,   0.055,9999.000,9999.000,9999.000,9999.000,9999.000,9999.000,9999.000,9999.000
202608051554,   0.082,9999.000,9999.000,9999.000,9999.000,9999.000,9999.000,9999.000,9999.000
202608051600,   0.111,9999.000,   0.200,   0.621,   0.932,   0.200,   0.932,   0.300,   1.032
202608051606,   0.143,9999.000,9999.000,9999.000,9999.000,9999.000,9999.000,9999.000,9999.000
202608051612,   0.178,9999.000,9999.000,9999.000,9999.000,9999.000,9999.000,9999.000,9999.000
202608051618,   0.214,9999.000,9999.000,9999.000,9999.000,9999.000,9999.000,9999.000,9999.000
202608051624,   0.253,9999.000,9999.000,9999.000,9999.000,9999.000,9999.000,9999.000,9999.000
202608051630,   0.294,9999.000,9999.000,9999.000,9999.000,9999.000,9999.000,9999.000,9999.000
202608051636,   0.336,9999.000,9999.000,9999.000,9999.000,9999.000,9999.000,9999.000,9999.000
202608051642,   0.380,9999.000,9999.000,9999.000,9999.000,9999.000,9999.000,9999.000,9999.000
202608051648,   0.425,9999.000,9999.000,9999.000,9999.000,9999.000,9999.000,9999.000,9999.000
202608051654,   0.472,9999.000,9999.000,9999.000,9999.000,9999.000,9999.000,9999.000,9999.000
202608051700,   0.519,9999.000,   0.200,   0.621,   1.340,   0.200,   1.340,   0.300,   1.440
202608051706,   0.568,9999.000,9999.000,9999.000,9999.000,9999.000,9999.000,9999.000,9999.000
202608051712,   0.617,9999.000,9999.000,9999.000,9999.000,9999.000,9999.000,9999.000,9999.000
202608051718,   0.667,9999.000,9999.000,9999.000,9999.000,9999.000,9999.000,9999.000,9999.000
202608051724,   0.717,9999.000,9999.000,9999.000,9999.000,9999.000,9999.000,9999.000,9999.000
202608051730,   0.767,9999.000,9999.000,9999.000,9999.000,9999.000,9999.000,9999.000,9999.000
202608051736,   0.818,9999.000,9999.000,9999.000,9999.000,9999.000,9999.000,9999.000,9999.000
202608051742,   0.869,9999.000,9999.000,9999.000,9999.000,9999.000,9999.000,9999.000,9999.000
202608051748,   0.919,9999.000,9999.000,9999.000,9999.000,9999.000,9999.000,9999.000,9999.000
202608051754,   0.970,9999.000,9999.000,9999.000,9999.000,9999.000,9999.000,9999.000,9999.000
202608051800,   1.020,9999.000,   0.200,   0.621,   1.841,   0.200,   1.841,   0.300,   1.941
202608051806,   1.071,9999.000,9999.000,9999.000,9999.000,9999.000,9999.000,9999.000,9999.000
202608051812,   1.121,9999.000,9999.000,9999.000,9999.000,9999.000,9999.000,9999.000,9999.000
202608051818,   1.170,9999.000,9999.000,9999.000,9999.000,9999.000,9999.000,9999.000,9999.000
202608051824,   1.219,9999.000,9999.000,9999.000,9999.000,9999.000,9999.000,9999.000,9999.000
202608051830,   1.268,9999.000,9999.000,9999.000,9999.000,9999.000,9999.000,9999.000,9999.000
202608051836,   1.315,9999.000,9999.000,9999.000,9999.000,9999.000,9999.000,9999.000,9999.000
202608051842,   1.362,9999.000,9999.000,9999.000,9999.000,9999.000,9999.000,9999.000,9999.000
202608051848,   1.408,9999.000,9999.000,9999.000,9999.000,9999.000,9999.000,9999.000,9999.000
202608051854,   1.453,9999.000,9999.000,9999.000,9999.000,9999.000,9999.000,9999.000,9999.000
202608051900,   1.497,9999.000,   0.200,   0.621,   2.318,   0.200,   2.318,   0.300,   2.418
202608051906,   1.539,9999.000,9999.000,9999.000,9999.000,9999.000,9999.000,9999.000,9999.000
202608051912,   1.579,9999.000,9999.000,9999.000,9999.000,9999.000,9999.000,9999.000,9999.000
202608051918,   1.618,9999.000,9999.000,9999.000,9999.000,9999.000,9999.000,9999.000,9999.000
202608051924,   1.654,9999.000,9999.000,9999.000,9999.000,9999.000,9999.000,9999.000,9999.000
202608051930,   1.689,9999.000,9999.000,9999.000,9999.000,9999.000,9999.000,9999.000,9999.000
202608051936,   1.720,9999.000,9999.000,9999.000,9999.000,9999.000,9999.000,9999.000,9999.000
202608051942,   1.749,9999.000,9999.000,9999.000,9999.000,9999.000,9999.000,9999.000,9999.000
202608051948,   1.776,9999.000,9999.000,9999.000,9999.000,9999.000,9999.000,9999.000,9999.000
202608051954,   1.799,9999.000,9999.000,9999.000,9999.000,9999.000,9999.000,9999.000,9999.000
202608052000,   1.819,9999.000,   0.200,   0.621,   2.640,   0.200,   2.640,   0.300,   2.740
202608052006,   1.835,9999.000,9999.000,9999.000,9999.000,9999.000,9999.000,9999.000,9999.000
202608052012,   1.848,9999.000,9999.000,9999.000,9999.000,9999.000,9999.000,9999.000,9999.000
202608052018,   1.858,9999.000,9999.000,9999.000,9999.000,9999.000,9999.000,9999.000,9999.000
202608052024,   1.864,9999.000,9999.000,9999.000,9999.000,9999.000,9999.000,9999.000,9999.000
202608052030,   1.866,9999.000,9999.000,9999.000,9999.000,9999.000,9999.000,9999.000,9999.000
202608052036,   1.864,9999.000,9999.000,9999.000,9999.000,9999.000,9999.000,9999.000,9999.000
202608052042,   1.859,9999.000,9999.000,9999.000,9999.000,9999.000,9999.000,9999.000,9999.000
202608052048,   1.851,9999.000,9999.000,9999.000,9999.000,9999.000,9999.000,9999.000,9999.000
202608052054,   1.839,9999.000,9999.000,9999.000,9999.000,9999.000,9999.000,9999.000,9999.000
202608052100,   1.824,9999.000,   0.200,   0.621,   2.645,   0.200,   2.645,   0.300,   2.745
202608052106,   1.806,9999.000,9999.000,9999.000,9999.000,9999.000,9999.000,9999.000,9999.000
202608052112,   1.785,9999.000,9999.000,9999.000,9999.000,9999.000,9999.000,9999.000,9999.000
202608052118,   1.761,9999.000,9999.000,9999.000,9999.000,9999.000,9999.000,9999.000,9999.000
202608052124,   1.735,9999.000,9999.000,9999.000,9999.000,9999.000,9999.000,9999.000,9999.000
202608052130,   1.707,9999.000,9999.000,9999.000,9999.000,9999.000,9999.000,9999.000,9999.000
202608052136,   1.677,9999.000,9999.000,9999.000,9999.000,9999.000,9999.000,9999.000,9999.000
202608052142,   1.646,9999.000,9999.000,9999.000,9999.000,9999.000,9999.000,9999.000,9999.000
202608052148,   1.613,9999.000,9999.000,9999.000,9999.000,9999.000,9999.000,9999.000,9999.000
202608052154,   1.579,9999.000,9999.000,9999.000,9999.000,9999.000,9999.000,9999.000,9999.000
202608052200,   1.544,9999.000,   0.200,   0.621,   2.365,   0.100,   2.265,   0.300,   2.465
202608052206,   1.508,9999.000,9999.000,9999.000,9999.000,9999.000,9999.000,9999.000,9999.000
202608052212,   1.472,9999.000,9999.000,9999.000,9999.000,9999.000,9999.000,9999.000,9999.000
202608052218,   1.436,9999.000,9999.000,9999.000,9999.000,9999.000,9999.000,9999.000,9999.000
202608052224,   1.399,9999.000,9999.000,9999.000,9999.000,9999.000,9999.000,9999.000,9999.000
202608052230,   1.363,9999.000,9999.000,9999.000,9999.000,9999.000,9999.000,9999.000,9999.000
202608052236,   1.326,9999.000,9999.000,9999.000,9999.000,9999.000,9999.000,9999.000,9999.000
202608052242,   1.290,9999.000,9999.000,9999.000,9999.000,9999.000,9999.000,9999.000,9999.000
202608052248,   1.254,9999.000,9999.000,9999.000,9999.000,9999.000,9999.000,9999.000,9999.000
202608052254,   1.218,9999.000,9999.000,9999.000,9999.000,9999.000,9999.000,9999.000,9999.000
202608052300,   1.182,9999.000,   0.200,   0.621,   2.003,   0.100,   1.903,   0.300,   2.103
202608052306,   1.147,9999.000,9999.000,9999.000,9999.000,9999.000,9999.000,9999.000,9999.000
202608052312,   1.113,9999.000,9999.000,9999.000,9999.000,9999.000,9999.000,9999.000,9999.000
202608052318,   1.078,9999.000,9999.000,9999.000,9999.000,9999.000,9999.000,9999.000,9999.000
202608052324,   1.044,9999.000,9999.000,9999.000,9999.000,9999.000,9999.000,9999.000,9999.000
202608052330,   1.011,9999.000,9999.000,9999.000,9999.000,9999.000,9999.000,9999.000,9999.000
202608052336,   0.977,9999.000,9999.000,9999.000,9999.000,9999.000,9999.000,9999.000,9999.000
202608052342,   0.944,9999.000,9999.000,9999.000,9999.000,9999.000,9999.000,9999.000,9999.000
202608052348,   0.912,9999.000,9999.000,9999.000,9999.000,9999.000,9999.000,9999.000,9999.000
202608052354,   0.880,9999.000,9999.000,9999.000,9999.000,9999.000,9999.000,9999.000,9999.000
202608060000,   0.848,9999.000,   0.200,   0.621,   1.669,   0.100,   1.569,   0.300,   1.769
202608060006,   0.816,9999.000,9999.000,9999.000,9999.000,9999.000,9999.000,9999.000,9999.000
202608060012,   0.785,9999.000,9999.000,9999.000,9999.000,9999.000,9999.000,9999.000,9999.000
202608060018,   0.754,9999.000,9999.000,9999.000,9999.000,9999.000,9999.000,9999.000,9999.000
202608060024,   0.724,9999.000,9999.000,9999.000,9999.000,9999.000,9999.000,9999.000,9999.000
202608060030,   0.694,9999.000,9999.000,9999.000,9999.000,9999.000,9999.000,9999.000,9999.000
202608060036,   0.665,9999.000,9999.000,9999.000,9999.000,9999.000,9999.000,9999.000,9999.000
202608060042,   0.636,9999.000,9999.000,9999.000,9999.000,9999.000,9999.000,9999.000,9999.000
202608060048,   0.607,9999.000,9999.000,9999.000,9999.000,9999.000,9999.000,9999.000,9999.000
202608060054,   0.580,9999.000,9999.000,9999.000,9999.000,9999.000,9999.000,9999.000,9999.000
202608060100,   0.552,9999.000,   0.200,   0.621,   1.373,   0.100,   1.273,   0.300,   1.473
202608060106,   0.526,9999.000,9999.000,9999.000,9999.000,9999.000,9999.000,9999.000,9999.000
202608060112,   0.499,9999.000,9999.000,9999.000,9999.000,9999.000,9999.000,9999.000,9999.000
202608060118,   0.474,9999.000,9999.000,9999.000,9999.000,9999.000,9999.000,9999.000,9999.000
202608060124,   0.449,9999.000,9999.000,9999.000,9999.000,9999.000,9999.000,9999.000,9999.000
202608060130,   0.425,9999.000,9999.000,9999.000,9999.000,9999.000,9999.000,9999.000,9999.000
202608060136,   0.401,9999.000,9999.000,9999.000,9999.000,9999.000,9999.000,9999.000,9999.000
202608060142,   0.378,9999.000,9999.000,9999.000,9999.000,9999.000,9999.000,9999.000,9999.000
202608060148,   0.356,9999.000,9999.000,9999.000,9999.000,9999.000,9999.000,9999.000,9999.000
202608060154,   0.334,9999.000,9999.000,9999.000,9999.000,9999.000,9999.000,9999.000,9999.000
202608060200,   0.313,9999.000,   0.200,   0.621,   1.134,   0.100,   1.034,   0.300,   1.234
202608060206,   0.293,9999.000,9999.000,9999.000,9999.000,9999.000,9999.000,9999.000,9999.000
202608060212,   0.273,9999.000,9999.000,9999.000,9999.000,9999.000,9999.000,9999.000,9999.000
202608060218,   0.254,9999.000,9999.000,9999.000,9999.000,9999.000,9999.000,9999.000,9999.000
202608060224,   0.236,9999.000,9999.000,9999.000,9999.000,9999.000,9999.000,9999.000,9999.000
202608060230,   0.219,9999.000,9999.000,9999.000,9999.000,9999.000,9999.000,9999.000,9999.000
202608060236,   0.203,9999.000,9999.000,9999.000,9999.000,9999.000,9999.000,9999.000,9999.000
202608060242,   0.188,9999.000,9999.000,9999.000,9999.000,9999.000,9999.000,9999.000,9999.000
202608060248,   0.175,9999.000,9999.000,9999.000,9999.000,9999.000,9999.000,9999.000,9999.000
202608060254,   0.162,9999.000,9999.000,9999.000,9999.000,9999.000,9999.000,9999.000,9999.000
202608060300,   0.151,9999.000,   0.200,   0.621,   0.972,   0.100,   0.872,   0.300,   1.072
202608060306,   0.141,9999.000,9999.000,9999.000,9999.000,9999.000,9999.000,9999.000,9999.000
202608060312,   0.133,9999.000,9999.000,9999.000,9999.000,9999.000,9999.000,9999.000,9999.000
202608060318,   0.126,9999.000,9999.000,9999.000,9999.000,9999.000,9999.000,9999.000,9999.000
202608060324,   0.122,9999.000,9999.000,9999.000,9999.000,9999.000,9999.000,9999.000,9999.000
202608060330,   0.119,9999.000,9999.000,9999.000,9999.000,9999.000,9999.000,9999.000,9999.000
202608060336,   0.119,9999.000,9999.000,9999.000,9999.000,9999.000,9999.000,9999.000,9999.000
202608060342,   0.120,9999.000,9999.000,9999.000,9999.000,9999.000,9999.000,9999.000,9999.000
202608060348,   0.124,9999.000,9999.000,9999.000,9999.000,9999.000,9999.000,9999.000,9999.000
202608060354,   0.130,9999.000,9999.000,9999.000,9999.000,9999.000,9999.000,9999.000,9999.000
202608060400,   0.138,9999.000,   0.200,   0.621,   0.959,   0.000,   0.759,   0.300,   1.059
202608060406,   0.148,9999.000,9999.000,9999.000,9999.000,9999.000,9999.000,9999.000,9999.000
202608060412,   0.161,9999.000,9999.000,9999.000,9999.000,9999.000,9999.000,9999.000,9999.000
202608060418,   0.176,9999.000,9999.000,9999.000,9999.000,9999.000,9999.000,9999.000,9999.000
202608060424,   0.192,9999.000,9999.000,9999.000,9999.000,9999.000,9999.000,9999.000,9999.000
202608060430,   0.211,9999.000,9999.000,9999.000,9999.000,9999.000,9999.000,9999.000,9999.000
202608060436,   0.232,9999.000,9999.000,9999.000,9999.000,9999.000,9999.000,9999.000,9999.000
202608060442,   0.255,9999.000,9999.000,9999.000,9999.000,9999.000,9999.000,9999.000,9999.000
202608060448,   0.279,9999.000,9999.000,9999.000,9999.000,9999.000,9999.000,9999.000,9999.000
202608060454,   0.305,9999.000,9999.000,9999.000,9999.000,9999.000,9999.000,9999.000,9999.000
202608060500,   0.333,9999.000,   0.200,   0.621,   1.154,   0.000,   0.954,   0.300,   1.254
202608060506,   0.361,9999.000,9999.000,9999.000,9999.000,9999.000,9999.000,9999.000,9999.000
202608060512,   0.391,9999.000,9999.000,9999.000,9999.000,9999.000,9999.000,9999.000,9999.000
202608060518,   0.421,9999.000,9999.000,9999.000,9999.000,9999.000,9999.000,9999.000,9999.000
202608060524,   0.453,9999.000,9999.000,9999.000,9999.000,9999.000,9999.000,9999.000,9999.000
202608060530,   0.485,9999.000,9999.000,9999.000,9999.000,9999.000,9999.000,9999.000,9999.000
202608060536,   0.517,9999.000,9999.000,9999.000,9999.000,9999.000,9999.000,9999.000,9999.000
202608060542,   0.550,9999.000,9999.000,9999.000,9999.000,9999.000,9999.000,9999.000,9999.000
202608060548,   0.583,9999.000,9999.000,9999.000,9999.000,9999.000,9999.000,9999.000,9999.000
202608060554,   0.617,9999.000,9999.000,9999.000,9999.000,9999.000,9999.000,9999.000,9999.000
202608060600,   0.650,9999.000,   0.100,   0.621,   1.371,   0.000,   1.271,   0.200,   1.471
202608060606,   0.684,9999.000,9999.000,9999.000,9999.000,9999.000,9999.000,9999.000,9999.000
202608060612,   0.717,9999.000,9999.000,9999.000,9999.000,9999.000,9999.000,9999.000,9999.000
202608060618,   0.751,9999.000,9999.000,9999.000,9999.000,9999.000,9999.000,9999.000,9999.000
202608060624,   0.785,9999.000,9999.000,9999.000,9999.000,9999.000,9999.000,9999.000,9999.000
202608060630,   0.818,9999.000,9999.000,9999.000,9999.000,9999.000,9999.000,9999.000,9999.000
202608060636,   0.851,9999.000,9999.000,9999.000,9999.000,9999.000,9999.000,9999.000,9999.000
202608060642,   0.884,9999.000,9999.000,9999.000,9999.000,9999.000,9999.000,9999.000,9999.000
202608060648,   0.917,9999.000,9999.000,9999.000,9999.000,9999.000,9999.000,9999.000,9999.000
202608060654,   0.950,9999.000,9999.000,9999.000,9999.000,9999.000,9999.000,9999.000,9999.000
202608060700,   0.982,9999.000,   0.100,   0.621,   1.703,   0.000,   1.603,   0.300,   1.903
202608060706,   1.013,9999.000,9999.000,9999.000,9999.000,9999.000,9999.000,9999.000,9999.000
202608060712,   1.045,9999.000,9999.000,9999.000,9999.000,9999.000,9999.000,9999.000,9999.000
202608060718,   1.075,9999.000,9999.000,9999.000,9999.000,9999.000,9999.000,9999.000,9999.000
202608060724,   1.105,9999.000,9999.000,9999.000,9999.000,9999.000,9999.000,9999.000,9999.000
202608060730,   1.134,9999.000,9999.000,9999.000,9999.000,9999.000,9999.000,9999.000,9999.000
202608060736,   1.161,9999.000,9999.000,9999.000,9999.000,9999.000,9999.000,9999.000,9999.000
202608060742,   1.188,9999.000,9999.000,9999.000,9999.000,9999.000,9999.000,9999.000,9999.000
202608060748,   1.213,9999.000,9999.000,9999.000,9999.000,9999.000,9999.000,9999.000,9999.000
202608060754,   1.236,9999.000,9999.000,9999.000,9999.000,9999.000,9999.000,9999.000,9999.000
202608060800,   1.258,9999.000,   0.100,   0.621,   1.979,   0.000,   1.879,   0.300,   2.179
202608060806,   1.277,9999.000,9999.000,9999.000,9999.000,9999.000,9999.000,9999.000,9999.000
202608060812,   1.295,9999.000,9999.000,9999.000,9999.000,9999.000,9999.000,9999.000,9999.000
202608060818,   1.310,9999.000,9999.000,9999.000,9999.000,9999.000,9999.000,9999.000,9999.000
202608060824,   1.322,9999.000,9999.000,9999.000,9999.000,9999.000,9999.000,9999.000,9999.000
202608060830,   1.332,9999.000,9999.000,9999.000,9999.000,9999.000,9999.000,9999.000,9999.000
202608060836,   1.339,9999.000,9999.000,9999.000,9999.000,9999.000,9999.000,9999.000,9999.000
202608060842,   1.343,9999.000,9999.000,9999.000,9999.000,9999.000,9999.000,9999.000,9999.000
202608060848,   1.344,9999.000,9999.000,9999.000,9999.000,9999.000,9999.000,9999.000,9999.000
202608060854,   1.342,9999.000,9999.000,9999.000,9999.000,9999.000,9999.000,9999.000,9999.000
202608060900,   1.338,9999.000,   0.100,   0.621,   2.059,   0.000,   1.959,   0.300,   2.259
202608060906,   1.330,9999.000,9999.000,9999.000,9999.000,9999.000,9999.000,9999.000,9999.000
202608060912,   1.319,9999.000,9999.000,9999.000,9999.000,9999.000,9999.000,9999.000,9999.000
202608060918,   1.306,9999.000,9999.000,9999.000,9999.000,9999.000,9999.000,9999.000,9999.000
202608060924,   1.290,9999.000,9999.000,9999.000,9999.000,9999.000,9999.000,9999.000,9999.000
202608060930,   1.271,9999.000,9999.000,9999.000,9999.000,9999.000,9999.000,9999.000,9999.000
202608060936,   1.251,9999.000,9999.000,9999.000,9999.000,9999.000,9999.000,9999.000,9999.000
202608060942,   1.228,9999.000,9999.000,9999.000,9999.000,9999.000,9999.000,9999.000,9999.000
202608060948,   1.203,9999.000,9999.000,9999.000,9999.000,9999.000,9999.000,9999.000,9999.000
202608060954,   1.177,9999.000,9999.000,9999.000,9999.000,9999.000,9999.000,9999.000,9999.000
202608061000,   1.149,9999.000,   0.100,   0.621,   1.870,   0.000,   1.770,   0.200,   1.970
202608061006,   1.120,9999.000,9999.000,9999.000,9999.000,9999.000,9999.000,9999.000,9999.000
202608061012,   1.090,9999.000,9999.000,9999.000,9999.000,9999.000,9999.000,9999.000,9999.000
202608061018,   1.060,9999.000,9999.000,9999.000,9999.000,9999.000,9999.000,9999.000,9999.000
202608061024,   1.028,9999.000,9999.000,9999.000,9999.000,9999.000,9999.000,9999.000,9999.000
202608061030,   0.997,9999.000,9999.000,9999.000,9999.000,9999.000,9999.000,9999.000,9999.000
202608061036,   0.965,9999.000,9999.000,9999.000,9999.000,9999.000,9999.000,9999.000,9999.000
202608061042,   0.933,9999.000,9999.000,9999.000,9999.000,9999.000,9999.000,9999.000,9999.000
202608061048,   0.902,9999.000,9999.000,9999.000,9999.000,9999.000,9999.000,9999.000,9999.000
202608061054,   0.870,9999.000,9999.000,9999.000,9999.000,9999.000,9999.000,9999.000,9999.000
202608061100,   0.839,9999.000,   0.100,   0.621,   1.560,   0.000,   1.460,   0.200,   1.660
202608061106,   0.809,9999.000,9999.000,9999.000,9999.000,9999.000,9999.000,9999.000,9999.000
202608061112,   0.778,9999.000,9999.000,9999.000,9999.000,9999.000,9999.000,9999.000,9999.000
202608061118,   0.749,9999.000,9999.000,9999.000,9999.000,9999.000,9999.000,9999.000,9999.000
202608061124,   0.719,9999.000,9999.000,9999.000,9999.000,9999.000,9999.000,9999.000,9999.000
202608061130,   0.691,9999.000,9999.000,9999.000,9999.000,9999.000,9999.000,9999.000,9999.000
202608061136,   0.662,9999.000,9999.000,9999.000,9999.000,9999.000,9999.000,9999.000,9999.000
202608061142,   0.634,9999.000,9999.000,9999.000,9999.000,9999.000,9999.000,9999.000,9999.000
202608061148,   0.607,9999.000,9999.000,9999.000,9999.000,9999.000,9999.000,9999.000,9999.000
202608061154,   0.580,9999.000,9999.000,9999.000,9999.000,9999.000,9999.000,9999.000,9999.000
202608061200,   0.553,9999.000,   0.100,   0.621,   1.274,   0.000,   1.174,   0.200,   1.374
202608061206,   0.527,9999.000,9999.000,9999.000,9999.000,9999.000,9999.000,9999.000,9999.000
202608061212,   0.501,9999.000,9999.000,9999.000,9999.000,9999.000,9999.000,9999.000,9999.000
202608061218,   0.476,9999.000,9999.000,9999.000,9999.000,9999.000,9999.000,9999.000,9999.000
202608061224,   0.451,9999.000,9999.000,9999.000,9999.000,9999.000,9999.000,9999.000,9999.000
202608061230,   0.426,9999.000,9999.000,9999.000,9999.000,9999.000,9999.000,9999.000,9999.000
202608061236,   0.401,9999.000,9999.000,9999.000,9999.000,9999.000,9999.000,9999.000,9999.000
202608061242,   0.377,9999.000,9999.000,9999.000,9999.000,9999.000,9999.000,9999.000,9999.000
202608061248,   0.353,9999.000,9999.000,9999.000,9999.000,9999.000,9999.000,9999.000,9999.000
202608061254,   0.330,9999.000,9999.000,9999.000,9999.000,9999.000,9999.000,9999.000,9999.000
202608061300,   0.307,9999.000,   0.100,   0.621,   1.028,   0.000,   0.928,   0.200,   1.128
202608061306,   0.284,9999.000,9999.000,9999.000,9999.000,9999.000,9999.000,9999.000,9999.000
202608061312,   0.262,9999.000,9999.000,9999.000,9999.000,9999.000,9999.000,9999.000,9999.000
202608061318,   0.240,9999.000,9999.000,9999.000,9999.000,9999.000,9999.000,9999.000,9999.000
202608061324,   0.219,9999.000,9999.000,9999.000,9999.000,9999.000,9999.000,9999.000,9999.000
202608061330,   0.199,9999.000,9999.000,9999.000,9999.000,9999.000,9999.000,9999.000,9999.000
202608061336,   0.178,9999.000,9999.000,9999.000,9999.000,9999.000,9999.000,9999.000,9999.000
202608061342,   0.159,9999.000,9999.000,9999.000,9999.000,9999.000,9999.000,9999.000,9999.000
202608061348,   0.140,9999.000,9999.000,9999.000,9999.000,9999.000,9999.000,9999.000,9999.000
202608061354,   0.121,9999.000,9999.000,9999.000,9999.000,9999.000,9999.000,9999.000,9999.000
202608061400,   0.104,9999.000,   0.100,   0.621,   0.825,   0.000,   0.725,   0.200,   0.925
202608061406,   0.086,9999.000,9999.000,9999.000,9999.000,9999.000,9999.000,9999.000,9999.000
202608061412,   0.070,9999.000,9999.000,9999.000,9999.000,9999.000,9999.000,9999.000,9999.000
202608061418,   0.054,9999.000,9999.000,9999.000,9999.000,9999.000,9999.000,9999.000,9999.000
202608061424,   0.038,9999.000,9999.000,9999.000,9999.000,9999.000,9999.000,9999.000,9999.000
202608061430,   0.024,9999.000,9999.000,9999.000,9999.000,9999.000,9999.000,9999.000,9999.000
202608061436,   0.010,9999.000,9999.000,9999.000,9999.000,9999.000,9999.000,9999.000,9999.000
202608061442,  -0.002,9999.000,9999.000,9999.000,9999.000,9999.000,9999.000,9999.000,9999.000
202608061448,  -0.014,9999.000,9999.000,9999.000,9999.000,9999.000,9999.000,9999.000,9999.000
202608061454,  -0.026,9999.000,9999.000,9999.000,9999.000,9999.000,9999.000,9999.000,9999.000
202608061500,  -0.036,9999.000,   0.100,   0.621,   0.685,   0.000,   0.585,   0.200,   0.785
202608061506,  -0.045,9999.000,9999.000,9999.000,9999.000,9999.000,9999.000,9999.000,9999.000
202608061512,  -0.053,9999.000,9999.000,9999.000,9999.000,9999.000,9999.000,9999.000,9999.000
202608061518,  -0.059,9999.000,9999.000,9999.000,9999.000,9999.000,9999.000,9999.000,9999.000
202608061524,  -0.064,9999.000,9999.000,9999.000,9999.000,9999.000,9999.000,9999.000,9999.000
202608061530,  -0.068,9999.000,9999.000,9999.000,9999.000,9999.000,9999.000,9999.000,9999.000
202608061536,  -0.069,9999.000,9999.000,9999.000,9999.000,9999.000,9999.000,9999.000,9999.000
202608061542,  -0.069,9999.000,9999.000,9999.000,9999.000,9999.000,9999.000,9999.000,9999.000
202608061548,  -0.067,9999.000,9999.000,9999.000,9999.000,9999.000,9999.000,9999.000,9999.000
202608061554,  -0.063,9999.000,9999.000,9999.000,9999.000,9999.000,9999.000,9999.000,9999.000
202608061600,  -0.056,9999.000,   0.100,   0.621,   0.665,   0.000,   0.565,   0.200,   0.765
202608061606,  -0.048,9999.000,9999.000,9999.000,9999.000,9999.000,9999.000,9999.000,9999.000
202608061612,  -0.036,9999.000,9999.000,9999.000,9999.000,9999.000,9999.000,9999.000,9999.000
202608061618,  -0.023,9999.000,9999.000,9999.000,9999.000,9999.000,9999.000,9999.000,9999.000
202608061624,  -0.007,9999.000,9999.000,9999.000,9999.000,9999.000,9999.000,9999.000,9999.000
202608061630,   0.011,9999.000,9999.000,9999.000,9999.000,9999.000,9999.000,9999.000,9999.000
202608061636,   0.032,9999.000,9999.000,9999.000,9999.000,9999.000,9999.000,9999.000,9999.000
202608061642,   0.056,9999.000,9999.000,9999.000,9999.000,9999.000,9999.000,9999.000,9999.000
202608061648,   0.082,9999.000,9999.000,9999.000,9999.000,9999.000,9999.000,9999.000,9999.000
202608061654,   0.111,9999.000,9999.000,9999.000,9999.000,9999.000,9999.000,9999.000,9999.000
202608061700,   0.141,9999.000,   0.100,   0.621,   0.862,   0.000,   0.762,   0.200,   0.962
202608061706,   0.175,9999.000,9999.000,9999.000,9999.000,9999.000,9999.000,9999.000,9999.000
202608061712,   0.210,9999.000,9999.000,9999.000,9999.000,9999.000,9999.000,9999.000,9999.000
202608061718,   0.247,9999.000,9999.000,9999.000,9999.000,9999.000,9999.000,9999.000,9999.000
202608061724,   0.285,9999.000,9999.000,9999.000,9999.000,9999.000,9999.000,9999.000,9999.000
202608061730,   0.326,9999.000,9999.000,9999.000,9999.000,9999.000,9999.000,9999.000,9999.000
202608061736,   0.368,9999.000,9999.000,9999.000,9999.000,9999.000,9999.000,9999.000,9999.000
202608061742,   0.411,9999.000,9999.000,9999.000,9999.000,9999.000,9999.000,9999.000,9999.000
202608061748,   0.455,9999.000,9999.000,9999.000,9999.000,9999.000,9999.000,9999.000,9999.000
202608061754,   0.500,9999.000,9999.000,9999.000,9999.000,9999.000,9999.000,9999.000,9999.000
202608061800,   0.547,9999.000,   0.100,   0.621,   1.268,   0.000,   1.168,   0.200,   1.368
202608061806,   0.594,9999.000,9999.000,9999.000,9999.000,9999.000,9999.000,9999.000,9999.000
202608061812,   0.641,9999.000,9999.000,9999.000,9999.000,9999.000,9999.000,9999.000,9999.000
202608061818,   0.689,9999.000,9999.000,9999.000,9999.000,9999.000,9999.000,9999.000,9999.000
202608061824,   0.738,9999.000,9999.000,9999.000,9999.000,9999.000,9999.000,9999.000,9999.000
202608061830,   0.787,9999.000,9999.000,9999.000,9999.000,9999.000,9999.000,9999.000,9999.000
202608061836,   0.836,9999.000,9999.000,9999.000,9999.000,9999.000,9999.000,9999.000,9999.000
202608061842,   0.885,9999.000,9999.000,9999.000,9999.000,9999.000,9999.000,9999.000,9999.000
202608061848,   0.934,9999.000,9999.000,9999.000,9999.000,9999.000,9999.000,9999.000,9999.000
202608061854,   0.984,9999.000,9999.000,9999.000,9999.000,9999.000,9999.000,9999.000,9999.000
202608061900,   1.033,9999.000,   0.100,   0.621,   1.754,   0.000,   1.654,   0.200,   1.854
202608061906,   1.083,9999.000,9999.000,9999.000,9999.000,9999.000,9999.000,9999.000,9999.000
202608061912,   1.132,9999.000,9999.000,9999.000,9999.000,9999.000,9999.000,9999.000,9999.000
202608061918,   1.181,9999.000,9999.000,9999.000,9999.000,9999.000,9999.000,9999.000,9999.000
202608061924,   1.230,9999.000,9999.000,9999.000,9999.000,9999.000,9999.000,9999.000,9999.000
202608061930,   1.279,9999.000,9999.000,9999.000,9999.000,9999.000,9999.000,9999.000,9999.000
202608061936,   1.326,9999.000,9999.000,9999.000,9999.000,9999.000,9999.000,9999.000,9999.000
202608061942,   1.374,9999.000,9999.000,9999.000,9999.000,9999.000,9999.000,9999.000,9999.000
202608061948,   1.420,9999.000,9999.000,9999.000,9999.000,9999.000,9999.000,9999.000,9999.000
202608061954,   1.465,9999.000,9999.000,9999.000,9999.000,9999.000,9999.000,9999.000,9999.000
202608062000,   1.509,9999.000,   0.100,   0.621,   2.230,   0.000,   2.130,   0.200,   2.330
202608062006,   1.552,9999.000,9999.000,9999.000,9999.000,9999.000,9999.000,9999.000,9999.000
202608062012,   1.592,9999.000,9999.000,9999.000,9999.000,9999.000,9999.000,9999.000,9999.000
202608062018,   1.631,9999.000,9999.000,9999.000,9999.000,9999.000,9999.000,9999.000,9999.000
202608062024,   1.668,9999.000,9999.000,9999.000,9999.000,9999.000,9999.000,9999.000,9999.000
202608062030,   1.703,9999.000,9999.000,9999.000,9999.000,9999.000,9999.000,9999.000,9999.000
202608062036,   1.735,9999.000,9999.000,9999.000,9999.000,9999.000,9999.000,9999.000,9999.000
202608062042,   1.764,9999.000,9999.000,9999.000,9999.000,9999.000,9999.000,9999.000,9999.000
202608062048,   1.790,9999.000,9999.000,9999.000,9999.000,9999.000,9999.000,9999.000,9999.000
202608062054,   1.813,9999.000,9999.000,9999.000,9999.000,9999.000,9999.000,9999.000,9999.000
202608062100,   1.833,9999.000,   0.100,   0.621,   2.554,   0.000,   2.454,   0.200,   2.654
202608062106,   1.849,9999.000,9999.000,9999.000,9999.000,9999.000,9999.000,9999.000,9999.000
202608062112,   1.862,9999.000,9999.000,9999.000,9999.000,9999.000,9999.000,9999.000,9999.000
202608062118,   1.871,9999.000,9999.000,9999.000,9999.000,9999.000,9999.000,9999.000,9999.000
202608062124,   1.877,9999.000,9999.000,9999.000,9999.000,9999.000,9999.000,9999.000,9999.000
202608062130,   1.879,9999.000,9999.000,9999.000,9999.000,9999.000,9999.000,9999.000,9999.000
202608062136,   1.878,9999.000,9999.000,9999.000,9999.000,9999.000,9999.000,9999.000,9999.000
202608062142,   1.873,9999.000,9999.000,9999.000,9999.000,9999.000,9999.000,9999.000,9999.000
202608062148,   1.864,9999.000,9999.000,9999.000,9999.000,9999.000,9999.000,9999.000,9999.000
202608062154,   1.853,9999.000,9999.000,9999.000,9999.000,9999.000,9999.000,9999.000,9999.000
202608062200,   1.838,9999.000,   0.100,   0.621,   2.559,   0.000,   2.459,   0.200,   2.659
202608062206,   1.821,9999.000,9999.000,9999.000,9999.000,9999.000,9999.000,9999.000,9999.000
202608062212,   1.801,9999.000,9999.000,9999.000,9999.000,9999.000,9999.000,9999.000,9999.000
202608062218,   1.778,9999.000,9999.000,9999.000,9999.000,9999.000,9999.000,9999.000,9999.000
202608062224,   1.753,9999.000,9999.000,9999.000,9999.000,9999.000,9999.000,9999.000,9999.000
202608062230,   1.727,9999.000,9999.000,9999.000,9999.000,9999.000,9999.000,9999.000,9999.000
202608062236,   1.699,9999.000,9999.000,9999.000,9999.000,9999.000,9999.000,9999.000,9999.000
202608062242,   1.669,9999.000,9999.000,9999.000,9999.000,9999.000,9999.000,9999.000,9999.000
202608062248,   1.638,9999.000,9999.000,9999.000,9999.000,9999.000,9999.000,9999.000,9999.000
202608062254,   1.606,9999.000,9999.000,9999.000,9999.000,9999.000,9999.000,9999.000,9999.000
202608062300,   1.573,9999.000,   0.100,   0.621,   2.294,   0.000,   2.194,   0.200,   2.394
202608062306,   1.540,9999.000,9999.000,9999.000,9999.000,9999.000,9999.000,9999.000,9999.000
202608062312,   1.506,9999.000,9999.000,9999.000,9999.000,9999.000,9999.000,9999.000,9999.000
202608062318,   1.471,9999.000,9999.000,9999.000,9999.000,9999.000,9999.000,9999.000,9999.000
202608062324,   1.437,9999.000,9999.000,9999.000,9999.000,9999.000,9999.000,9999.000,9999.000
202608062330,   1.402,9999.000,9999.000,9999.000,9999.000,9999.000,9999.000,9999.000,9999.000
202608062336,   1.368,9999.000,9999.000,9999.000,9999.000,9999.000,9999.000,9999.000,9999.000
202608062342,   1.333,9999.000,9999.000,9999.000,9999.000,9999.000,9999.000,9999.000,9999.000
202608062348,   1.298,9999.000,9999.000,9999.000,9999.000,9999.000,9999.000,9999.000,9999.000
202608062354,   1.264,9999.000,9999.000,9999.000,9999.000,9999.000,9999.000,9999.000,9999.000
202608070000,   1.230,9999.000,   0.100,   0.621,   1.951,   0.000,   1.851,   0.200,   2.051
202608070006,   1.196,9999.000,9999.000,9999.000,9999.000,9999.000,9999.000,9999.000,9999.000
202608070012,   1.162,9999.000,9999.000,9999.000,9999.000,9999.000,9999.000,9999.000,9999.000
202608070018,   1.128,9999.000,9999.000,9999.000,9999.000,9999.000,9999.000,9999.000,9999.000
202608070024,   1.095,9999.000,9999.000,9999.000,9999.000,9999.000,9999.000,9999.000,9999.000
202608070030,   1.062,9999.000,9999.000,9999.000,9999.000,9999.000,9999.000,9999.000,9999.000
202608070036,   1.029,9999.000,9999.000,9999.000,9999.000,9999.000,9999.000,9999.000,9999.000
202608070042,   0.996,9999.000,9999.000,9999.000,9999.000,9999.000,9999.000,9999.000,9999.000
202608070048,   0.963,9999.000,9999.000,9999.000,9999.000,9999.000,9999.000,9999.000,9999.000
202608070054,   0.931,9999.000,9999.000,9999.000,9999.000,9999.000,9999.000,9999.000,9999.000
202608070100,   0.899,9999.000,   0.100,   0.621,   1.620,   0.000,   1.520,   0.200,   1.720
202608070106,   0.867,9999.000,9999.000,9999.000,9999.000,9999.000,9999.000,9999.000,9999.000
202608070112,   0.836,9999.000,9999.000,9999.000,9999.000,9999.000,9999.000,9999.000,9999.000
202608070118,   0.805,9999.000,9999.000,9999.000,9999.000,9999.000,9999.000,9999.000,9999.000
202608070124,   0.775,9999.000,9999.000,9999.000,9999.000,9999.000,9999.000,9999.000,9999.000
202608070130,   0.745,9999.000,9999.000,9999.000,9999.000,9999.000,9999.000,9999.000,9999.000
202608070136,   0.715,9999.000,9999.000,9999.000,9999.000,9999.000,9999.000,9999.000,9999.000
202608070142,   0.687,9999.000,9999.000,9999.000,9999.000,9999.000,9999.000,9999.000,9999.000
202608070148,   0.658,9999.000,9999.000,9999.000,9999.000,9999.000,9999.000,9999.000,9999.000
202608070154,   0.630,9999.000,9999.000,9999.000,9999.000,9999.000,9999.000,9999.000,9999.000
202608070200,   0.603,9999.000,   0.100,   0.621,   1.324,   0.000,   1.224,   0.200,   1.424
202608070206,   0.576,9999.000,9999.000,9999.000,9999.000,9999.000,9999.000,9999.000,9999.000
202608070212,   0.550,9999.000,9999.000,9999.000,9999.000,9999.000,9999.000,9999.000,9999.000
202608070218,   0.525,9999.000,9999.000,9999.000,9999.000,9999.000,9999.000,9999.000,9999.000
202608070224,   0.500,9999.000,9999.000,9999.000,9999.000,9999.000,9999.000,9999.000,9999.000
202608070230,   0.475,9999.000,9999.000,9999.000,9999.000,9999.000,9999.000,9999.000,9999.000
202608070236,   0.452,9999.000,9999.000,9999.000,9999.000,9999.000,9999.000,9999.000,9999.000
202608070242,   0.429,9999.000,9999.000,9999.000,9999.000,9999.000,9999.000,9999.000,9999.000
202608070248,   0.406,9999.000,9999.000,9999.000,9999.000,9999.000,9999.000,9999.000,9999.000
202608070254,   0.384,9999.000,9999.000,9999.000,9999.000,9999.000,9999.000,9999.000,9999.000
202608070300,   0.363,9999.000,   0.100,   0.621,   1.084,  -0.100,   0.884,   0.200,   1.184
202608070306,   0.342,9999.000,9999.000,9999.000,9999.000,9999.000,9999.000,9999.000,9999.000
202608070312,   0.322,9999.000,9999.000,9999.000,9999.000,9999.000,9999.000,9999.000,9999.000
202608070318,   0.303,9999.000,9999.000,9999.000,9999.000,9999.000,9999.000,9999.000,9999.000
202608070324,   0.285,9999.000,9999.000,9999.000,9999.000,9999.000,9999.000,9999.000,9999.000
202608070330,   0.267,9999.000,9999.000,9999.000,9999.000,9999.000,9999.000,9999.000,9999.000
202608070336,   0.250,9999.000,9999.000,9999.000,9999.000,9999.000,9999.000,9999.000,9999.000
202608070342,   0.235,9999.000,9999.000,9999.000,9999.000,9999.000,9999.000,9999.000,9999.000
202608070348,   0.220,9999.000,9999.000,9999.000,9999.000,9999.000,9999.000,9999.000,9999.000
202608070354,   0.207,9999.000,9999.000,9999.000,9999.000,9999.000,9999.000,9999.000,9999.000
202608070400,   0.195,9999.000,   0.000,   0.621,   0.816,  -0.100,   0.716,   0.200,   1.016
202608070406,   0.184,9999.000,9999.000,9999.000,9999.000,9999.000,9999.000,9999.000,9999.000
202608070412,   0.176,9999.000,9999.000,9999.000,9999.000,9999.000,9999.000,9999.000,9999.000
202608070418,   0.168,9999.000,9999.000,9999.000,9999.000,9999.000,9999.000,9999.000,9999.000
202608070424,   0.163,9999.000,9999.000,9999.000,9999.000,9999.000,9999.000,9999.000,9999.000
202608070430,   0.159,9999.000,9999.000,9999.000,9999.000,9999.000,9999.000,9999.000,9999.000
202608070436,   0.157,9999.000,9999.000,9999.000,9999.000,9999.000,9999.000,9999.000,9999.000
202608070442,   0.157,9999.000,9999.000,9999.000,9999.000,9999.000,9999.000,9999.000,9999.000
202608070448,   0.160,9999.000,9999.000,9999.000,9999.000,9999.000,9999.000,9999.000,9999.000
202608070454,   0.164,9999.000,9999.000,9999.000,9999.000,9999.000,9999.000,9999.000,9999.000
202608070500,   0.170,9999.000,   0.000,   0.621,   0.791,  -0.100,   0.691,   0.100,   0.891
202608070506,   0.178,9999.000,9999.000,9999.000,9999.000,9999.000,9999.000,9999.000,9999.000
202608070512,   0.189,9999.000,9999.000,9999.000,9999.000,9999.000,9999.000,9999.000,9999.000
202608070518,   0.201,9999.000,9999.000,9999.000,9999.000,9999.000,9999.000,9999.000,9999.000
202608070524,   0.215,9999.000,9999.000,9999.000,9999.000,9999.000,9999.000,9999.000,9999.000
202608070530,   0.231,9999.000,9999.000,9999.000,9999.000,9999.000,9999.000,9999.000,9999.000
202608070536,   0.248,9999.000,9999.000,9999.000,9999.000,9999.000,9999.000,9999.000,9999.000
202608070542,   0.267,9999.000,9999.000,9999.000,9999.000,9999.000,9999.000,9999.000,9999.000
202608070548,   0.288,9999.000,9999.000,9999.000,9999.000,9999.000,9999.000,9999.000,9999.000
202608070554,   0.309,9999.000,9999.000,9999.000,9999.000,9999.000,9999.000,9999.000,9999.000
202608070600,   0.332,9999.000,   0.000,   0.621,   0.953,  -0.100,   0.853,   0.100,   1.053
202608070606,   0.356,9999.000,9999.000,9999.000,9999.000,9999.000,9999.000,9999.000,9999.000
202608070612,   0.381,9999.000,9999.000,9999.000,9999.000,9999.000,9999.000,9999.000,9999.000
202608070618,   0.407,9999.000,9999.000,9999.000,9999.000,9999.000,9999.000,9999.000,9999.000
202608070624,   0.433,9999.000,9999.000,9999.000,9999.000,9999.000,9999.000,9999.000,9999.000
202608070630,   0.460,9999.000,9999.000,9999.000,9999.000,9999.000,9999.000,9999.000,9999.000
202608070636,   0.488,9999.000,9999.000,9999.000,9999.000,9999.000,9999.000,9999.000,9999.000
202608070642,   0.516,9999.000,9999.000,9999.000,9999.000,9999.000,9999.000,9999.000,9999.000
202608070648,   0.545,9999.000,9999.000,9999.000,9999.000,9999.000,9999.000,9999.000,9999.000
202608070654,   0.573,9999.000,9999.000,9999.000,9999.000,9999.000,9999.000,9999.000,9999.000
202608070700,   0.603,9999.000,   0.000,   0.621,   1.224,  -0.100,   1.124,   0.100,   1.324
202608070706,   0.632,9999.000,9999.000,9999.000,9999.000,9999.000,9999.000,9999.000,9999.000
202608070712,   0.662,9999.000,9999.000,9999.000,9999.000,9999.000,9999.000,9999.000,9999.000
202608070718,   0.692,9999.000,9999.000,9999.000,9999.000,9999.000,9999.000,9999.000,9999.000
202608070724,   0.723,9999.000,9999.000,9999.000,9999.000,9999.000,9999.000,9999.000,9999.000
202608070730,   0.753,9999.000,9999.000,9999.000,9999.000,9999.000,9999.000,9999.000,9999.000
202608070736,   0.784,9999.000,9999.000,9999.000,9999.000,9999.000,9999.000,9999.000,9999.000
202608070742,   0.815,9999.000,9999.000,9999.000,9999.000,9999.000,9999.000,9999.000,9999.000
202608070748,   0.846,9999.000,9999.000,9999.000,9999.000,9999.000,9999.000,9999.000,9999.000
202608070754,   0.878,9999.000,9999.000,9999.000,9999.000,9999.000,9999.000,9999.000,9999.000
202608070800,   0.909,9999.000,   0.000,   0.621,   1.530,  -0.100,   1.430,   0.100,   1.630
202608070806,   0.940,9999.000,9999.000,9999.000,9999.000,9999.000,9999.000,9999.000,9999.000
202608070812,   0.970,9999.000,9999.000,9999.000,9999.000,9999.000,9999.000,9999.000,9999.000
202608070818,   1.001,9999.000,9999.000,9999.000,9999.000,9999.000,9999.000,9999.000,9999.000
202608070824,   1.030,9999.000,9999.000,9999.000,9999.000,9999.000,9999.000,9999.000,9999.000
202608070830,   1.059,9999.000,9999.000,9999.000,9999.000,9999.000,9999.000,9999.000,9999.000
202608070836,   1.087,9999.000,9999.000,9999.000,9999.000,9999.000,9999.000,9999.000,9999.000
202608070842,   1.114,9999.000,9999.000,9999.000,9999.000,9999.000,9999.000,9999.000,9999.000
202608070848,   1.140,9999.000,9999.000,9999.000,9999.000,9999.000,9999.000,9999.000,9999.000
202608070854,   1.163,9999.000,9999.000,9999.000,9999.000,9999.000,9999.000,9999.000,9999.000
202608070900,   1.185,9999.000,   0.000,   0.621,   1.806,  -0.100,   1.706,   0.100,   1.906
202608070906,   1.205,9999.000,9999.000,9999.000,9999.000,9999.000,9999.000,9999.000,9999.000
202608070912,   1.223,9999.000,9999.000,9999.000,9999.000,9999.000,9999.000,9999.000,9999.000
202608070918,   1.239,9999.000,9999.000,9999.000,9999.000,9999.000,9999.000,9999.000,9999.000
202608070924,   1.252,9999.000,9999.000,9999.000,9999.000,9999.000,9999.000,9999.000,9999.000
202608070930,   1.262,9999.000,9999.000,9999.000,9999.000,9999.000,9999.000,9999.000,9999.000
202608070936,   1.269,9999.000,9999.000,9999.000,9999.000,9999.000,9999.000,9999.000,9999.000
202608070942,   1.274,9999.000,9999.000,9999.000,9999.000,9999.000,9999.000,9999.000,9999.000
202608070948,   1.276,9999.000,9999.000,9999.000,9999.000,9999.000,9999.000,9999.000,9999.000
202608070954,   1.274,9999.000,9999.000,9999.000,9999.000,9999.000,9999.000,9999.000,9999.000
202608071000,   1.270,9999.000,   0.000,   0.621,   1.891,  -0.100,   1.791,   0.100,   1.991
202608071006,   1.263,9999.000,9999.000,9999.000,9999.000,9999.000,9999.000,9999.000,9999.000
202608071012,   1.254,9999.000,9999.000,9999.000,9999.000,9999.000,9999.000,9999.000,9999.000
202608071018,   1.242,9999.000,9999.000,9999.000,9999.000,9999.000,9999.000,9999.000,9999.000
202608071024,   1.227,9999.000,9999.000,9999.000,9999.000,9999.000,9999.000,9999.000,9999.000
202608071030,   1.210,9999.000,9999.000,9999.000,9999.000,9999.000,9999.000,9999.000,9999.000
202608071036,   1.191,9999.000,9999.000,9999.000,9999.000,9999.000,9999.000,9999.000,9999.000
202608071042,   1.170,9999.000,9999.000,9999.000,9999.000,9999.000,9999.000,9999.000,9999.000
202608071048,   1.148,9999.000,9999.000,9999.000,9999.000,9999.000,9999.000,9999.000,9999.000
202608071054,   1.123,9999.000,9999.000,9999.000,9999.000,9999.000,9999.000,9999.000,9999.000
202608071100,   1.098,9999.000,   0.000,   0.621,   1.719,   0.000,   1.719,   0.100,   1.819
202608071106,   1.072,9999.000,9999.000,9999.000,9999.000,9999.000,9999.000,9999.000,9999.000
202608071112,   1.044,9999.000,9999.000,9999.000,9999.000,9999.000,9999.000,9999.000,9999.000
202608071118,   1.016,9999.000,9999.000,9999.000,9999.000,9999.000,9999.000,9999.000,9999.000
202608071124,   0.988,9999.000,9999.000,9999.000,9999.000,9999.000,9999.000,9999.000,9999.000
202608071130,   0.959,9999.000,9999.000,9999.000,9999.000,9999.000,9999.000,9999.000,9999.000
202608071136,   0.930,9999.000,9999.000,9999.000,9999.000,9999.000,9999.000,9999.000,9999.000
202608071142,   0.901,9999.000,9999.000,9999.000,9999.000,9999.000,9999.000,9999.000,9999.000
202608071148,   0.872,9999.000,9999.000,9999.000,9999.000,9999.000,9999.000,9999.000,9999.000
202608071154,   0.843,9999.000,9999.000,9999.000,9999.000,9999.000,9999.000,9999.000,9999.000
202608071200,   0.815,9999.000,   0.000,   0.621,   1.436,   0.000,   1.436,   0.100,   1.536
202608071206,   0.786,9999.000,9999.000,9999.000,9999.000,9999.000,9999.000,9999.000,9999.000
202608071212,   0.758,9999.000,9999.000,9999.000,9999.000,9999.000,9999.000,9999.000,9999.000
202608071218,   0.730,9999.000,9999.000,9999.000,9999.000,9999.000,9999.000,9999.000,9999.000
202608071224,   0.702,9999.000,9999.000,9999.000,9999.000,9999.000,9999.000,9999.000,9999.000
202608071230,   0.675,9999.000,9999.000,9999.000,9999.000,9999.000,9999.000,9999.000,9999.000
202608071236,   0.648,9999.000,9999.000,9999.000,9999.000,9999.000,9999.000,9999.000,9999.000
202608071242,   0.621,9999.000,9999.000,9999.000,9999.000,9999.000,9999.000,9999.000,9999.000
202608071248,   0.595,9999.000,9999.000,9999.000,9999.000,9999.000,9999.000,9999.000,9999.000
202608071254,   0.569,9999.000,9999.000,9999.000,9999.000,9999.000,9999.000,9999.000,9999.000
202608071300,   0.543,9999.000,   0.000,   0.621,   1.164,  -0.100,   1.064,   0.100,   1.264
202608071306,   0.517,9999.000,9999.000,9999.000,9999.000,9999.000,9999.000,9999.000,9999.000
202608071312,   0.491,9999.000,9999.000,9999.000,9999.000,9999.000,9999.000,9999.000,9999.000
202608071318,   0.466,9999.000,9999.000,9999.000,9999.000,9999.000,9999.000,9999.000,9999.000
202608071324,   0.441,9999.000,9999.000,9999.000,9999.000,9999.000,9999.000,9999.000,9999.000
202608071330,   0.417,9999.000,9999.000,9999.000,9999.000,9999.000,9999.000,9999.000,9999.000
202608071336,   0.393,9999.000,9999.000,9999.000,9999.000,9999.000,9999.000,9999.000,9999.000
202608071342,   0.369,9999.000,9999.000,9999.000,9999.000,9999.000,9999.000,9999.000,9999.000
202608071348,   0.345,9999.000,9999.000,9999.000,9999.000,9999.000,9999.000,9999.000,9999.000
202608071354,   0.322,9999.000,9999.000,9999.000,9999.000,9999.000,9999.000,9999.000,9999.000
202608071400,   0.300,9999.000,   0.000,   0.621,   0.921,   0.000,   0.921,   0.100,   1.021
202608071406,   0.278,9999.000,9999.000,9999.000,9999.000,9999.000,9999.000,9999.000,9999.000
202608071412,   0.256,9999.000,9999.000,9999.000,9999.000,9999.000,9999.000,9999.000,9999.000
202608071418,   0.235,9999.000,9999.000,9999.000,9999.000,9999.000,9999.000,9999.000,9999.000
202608071424,   0.215,9999.000,9999.000,9999.000,9999.000,9999.000,9999.000,9999.000,9999.000
202608071430,   0.195,9999.000,9999.000,9999.000,9999.000,9999.000,9999.000,9999.000,9999.000
202608071436,   0.175,9999.000,9999.000,9999.000,9999.000,9999.000,9999.000,9999.000,9999.000
202608071442,   0.157,9999.000,9999.000,9999.000,9999.000,9999.000,9999.000,9999.000,9999.000
202608071448,   0.138,9999.000,9999.000,9999.000,9999.000,9999.000,9999.000,9999.000,9999.000
202608071454,   0.121,9999.000,9999.000,9999.000,9999.000,9999.000,9999.000,9999.000,9999.000
202608071500,   0.104,9999.000,   0.000,   0.621,   0.725,   0.000,   0.725,   0.100,   0.825
202608071506,   0.088,9999.000,9999.000,9999.000,9999.000,9999.000,9999.000,9999.000,9999.000
202608071512,   0.072,9999.000,9999.000,9999.000,9999.000,9999.000,9999.000,9999.000,9999.000
202608071518,   0.057,9999.000,9999.000,9999.000,9999.000,9999.000,9999.000,9999.000,9999.000
202608071524,   0.042,9999.000,9999.000,9999.000,9999.000,9999.000,9999.000,9999.000,9999.000
202608071530,   0.029,9999.000,9999.000,9999.000,9999.000,9999.000,9999.000,9999.000,9999.000
202608071536,   0.016,9999.000,9999.000,9999.000,9999.000,9999.000,9999.000,9999.000,9999.000
202608071542,   0.003,9999.000,9999.000,9999.000,9999.000,9999.000,9999.000,9999.000,9999.000
202608071548,  -0.007,9999.000,9999.000,9999.000,9999.000,9999.000,9999.000,9999.000,9999.000
202608071554,  -0.017,9999.000,9999.000,9999.000,9999.000,9999.000,9999.000,9999.000,9999.000
202608071600,  -0.027,9999.000,   0.000,   0.621,   0.594,   0.000,   0.594,   0.100,   0.694
202608071606,  -0.035,9999.000,9999.000,9999.000,9999.000,9999.000,9999.000,9999.000,9999.000
202608071612,  -0.042,9999.000,9999.000,9999.000,9999.000,9999.000,9999.000,9999.000,9999.000
202608071618,  -0.047,9999.000,9999.000,9999.000,9999.000,9999.000,9999.000,9999.000,9999.000
202608071624,  -0.052,9999.000,9999.000,9999.000,9999.000,9999.000,9999.000,9999.000,9999.000
202608071630,  -0.054,9999.000,9999.000,9999.000,9999.000,9999.000,9999.000,9999.000,9999.000
202608071636,  -0.055,9999.000,9999.000,9999.000,9999.000,9999.000,9999.000,9999.000,9999.000
202608071642,  -0.054,9999.000,9999.000,9999.000,9999.000,9999.000,9999.000,9999.000,9999.000
202608071648,  -0.051,9999.000,9999.000,9999.000,9999.000,9999.000,9999.000,9999.000,9999.000
202608071654,  -0.045,9999.000,9999.000,9999.000,9999.000,9999.000,9999.000,9999.000,9999.000
202608071700,  -0.038,9999.000,   0.000,   0.621,   0.583,   0.000,   0.583,   0.100,   0.683
202608071706,  -0.029,9999.000,9999.000,9999.000,9999.000,9999.000,9999.000,9999.000,9999.000
202608071712,  -0.017,9999.000,9999.000,9999.000,9999.000,9999.000,9999.000,9999.000,9999.000
202608071718,  -0.003,9999.000,9999.000,9999.000,9999.000,9999.000,9999.000,9999.000,9999.000
202608071724,   0.013,9999.000,9999.000,9999.000,9999.000,9999.000,9999.000,9999.000,9999.000
202608071730,   0.032,9999.000,9999.000,9999.000,9999.000,9999.000,9999.000,9999.000,9999.000
202608071736,   0.053,9999.000,9999.000,9999.000,9999.000,9999.000,9999.000,9999.000,9999.000
202608071742,   0.077,9999.000,9999.000,9999.000,9999.000,9999.000,9999.000,9999.000,9999.000
202608071748,   0.102,9999.000,9999.000,9999.000,9999.000,9999.000,9999.000,9999.000,9999.000
202608071754,   0.130,9999.000,9999.000,9999.000,9999.000,9999.000,9999.000,9999.000,9999.000
202608071800,   0.160,9999.000,   0.100,   0.621,   0.881,   0.000,   0.781,   0.200,   0.981
202608071806,   0.192,9999.000,9999.000,9999.000,9999.000,9999.000,9999.000,9999.000,9999.000
202608071812,   0.226,9999.000,9999.000,9999.000,9999.000,9999.000,9999.000,9999.000,9999.000
202608071818,   0.261,9999.000,9999.000,9999.000,9999.000,9999.000,9999.000,9999.000,9999.000
202608071824,   0.298,9999.000,9999.000,9999.000,9999.000,9999.000,9999.000,9999.000,9999.000
202608071830,   0.337,9999.000,9999.000,9999.000,9999.000,9999.000,9999.000,9999.000,9999.000
202608071836,   0.376,9999.000,9999.000,9999.000,9999.000,9999.000,9999.000,9999.000,9999.000
202608071842,   0.417,9999.000,9999.000,9999.000,9999.000,9999.000,9999.000,9999.000,9999.000
202608071848,   0.459,9999.000,9999.000,9999.000,9999.000,9999.000,9999.000,9999.000,9999.000
202608071854,   0.502,9999.000,9999.000,9999.000,9999.000,9999.000,9999.000,9999.000,9999.000
202608071900,   0.546,9999.000,   0.100,   0.621,   1.267,   0.000,   1.167,   0.200,   1.367
202608071906,   0.591,9999.000,9999.000,9999.000,9999.000,9999.000,9999.000,9999.000,9999.000
202608071912,   0.636,9999.000,9999.000,9999.000,9999.000,9999.000,9999.000,9999.000,9999.000
202608071918,   0.682,9999.000,9999.000,9999.000,9999.000,9999.000,9999.000,9999.000,9999.000
202608071924,   0.729,9999.000,9999.000,9999.000,9999.000,9999.000,9999.000,9999.000,9999.000
202608071930,   0.776,9999.000,9999.000,9999.000,9999.000,9999.000,9999.000,9999.000,9999.000
202608071936,   0.824,9999.000,9999.000,9999.000,9999.000,9999.000,9999.000,9999.000,9999.000
202608071942,   0.872,9999.000,9999.000,9999.000,9999.000,9999.000,9999.000,9999.000,9999.000
202608071948,   0.921,9999.000,9999.000,9999.000,9999.000,9999.000,9999.000,9999.000,9999.000
202608071954,   0.970,9999.000,9999.000,9999.000,9999.000,9999.000,9999.000,9999.000,9999.000
202608072000,   1.019,9999.000,   0.100,   0.621,   1.740,   0.000,   1.640,   0.200,   1.840
202608072006,   1.068,9999.000,9999.000,9999.000,9999.000,9999.000,9999.000,9999.000,9999.000
202608072012,   1.118,9999.000,9999.000,9999.000,9999.000,9999.000,9999.000,9999.000,9999.000
202608072018,   1.168,9999.000,9999.000,9999.000,9999.000,9999.000,9999.000,9999.000,9999.000
202608072024,   1.217,9999.000,9999.000,9999.000,9999.000,9999.000,9999.000,9999.000,9999.000
202608072030,   1.267,9999.000,9999.000,9999.000,9999.000,9999.000,9999.000,9999.000,9999.000
202608072036,   1.316,9999.000,9999.000,9999.000,9999.000,9999.000,9999.000,9999.000,9999.000
202608072042,   1.364,9999.000,9999.000,9999.000,9999.000,9999.000,9999.000,9999.000,9999.000
202608072048,   1.412,9999.000,9999.000,9999.000,9999.000,9999.000,9999.000,9999.000,9999.000
202608072054,   1.459,9999.000,9999.000,9999.000,9999.000,9999.000,9999.000,9999.000,9999.000
202608072100,   1.504,9999.000,   0.100,   0.621,   2.225,   0.000,   2.125,   0.200,   2.325
202608072106,   1.548,9999.000,9999.000,9999.000,9999.000,9999.000,9999.000,9999.000,9999.000
202608072112,   1.591,9999.000,9999.000,9999.000,9999.000,9999.000,9999.000,9999.000,9999.000
202608072118,   1.631,9999.000,9999.000,9999.000,9999.000,9999.000,9999.000,9999.000,9999.000
202608072124,   1.669,9999.000,9999.000,9999.000,9999.000,9999.000,9999.000,9999.000,9999.000
202608072130,   1.705,9999.000,9999.000,9999.000,9999.000,9999.000,9999.000,9999.000,9999.000
202608072136,   1.738,9999.000,9999.000,9999.000,9999.000,9999.000,9999.000,9999.000,9999.000
202608072142,   1.768,9999.000,9999.000,9999.000,9999.000,9999.000,9999.000,9999.000,9999.000
202608072148,   1.796,9999.000,9999.000,9999.000,9999.000,9999.000,9999.000,9999.000,9999.000
202608072154,   1.820,9999.000,9999.000,9999.000,9999.000,9999.000,9999.000,9999.000,9999.000
202608072200,   1.840,9999.000,   0.100,   0.621,   2.561,   0.000,   2.461,   0.200,   2.661
202608072206,   1.857,9999.000,9999.000,9999.000,9999.000,9999.000,9999.000,9999.000,9999.000
202608072212,   1.870,9999.000,9999.000,9999.000,9999.000,9999.000,9999.000,9999.000,9999.000
202608072218,   1.880,9999.000,9999.000,9999.000,9999.000,9999.000,9999.000,9999.000,9999.000
202608072224,   1.887,9999.000,9999.000,9999.000,9999.000,9999.000,9999.000,9999.000,9999.000
202608072230,   1.889,9999.000,9999.000,9999.000,9999.000,9999.000,9999.000,9999.000,9999.000
202608072236,   1.889,9999.000,9999.000,9999.000,9999.000,9999.000,9999.000,9999.000,9999.000
202608072242,   1.884,9999.000,9999.000,9999.000,9999.000,9999.000,9999.000,9999.000,9999.000
202608072248,   1.877,9999.000,9999.000,9999.000,9999.000,9999.000,9999.000,9999.000,9999.000
202608072254,   1.867,9999.000,9999.000,9999.000,9999.000,9999.000,9999.000,9999.000,9999.000
202608072300,   1.853,9999.000,   0.100,   0.621,   2.574,   0.000,   2.474,   0.200,   2.674
202608072306,   1.837,9999.000,9999.000,9999.000,9999.000,9999.000,9999.000,9999.000,9999.000
202608072312,   1.819,9999.000,9999.000,9999.000,9999.000,9999.000,9999.000,9999.000,9999.000
202608072318,   1.798,9999.000,9999.000,9999.000,9999.000,9999.000,9999.000,9999.000,9999.000
202608072324,   1.775,9999.000,9999.000,9999.000,9999.000,9999.000,9999.000,9999.000,9999.000
202608072330,   1.750,9999.000,9999.000,9999.000,9999.000,9999.000,9999.000,9999.000,9999.000
202608072336,   1.724,9999.000,9999.000,9999.000,9999.000,9999.000,9999.000,9999.000,9999.000
202608072342,   1.696,9999.000,9999.000,9999.000,9999.000,9999.000,9999.000,9999.000,9999.000
202608072348,   1.668,9999.000,9999.000,9999.000,9999.000,9999.000,9999.000,9999.000,9999.000
202608072354,   1.638,9999.000,9999.000,9999.000,9999.000,9999.000,9999.000,9999.000,9999.000
202608080000,   1.607,9999.000,   0.100,   0.621,   2.328,   0.000,   2.228,   0.200,   2.428
