        TIME,    TIDE,      OB,   SURGE,    BIAS,     TWL,SURGE90p,  TWL90p,SURGE10p,   TWL10p
202606261800,  -0.354,  -0.380,   0.000,  -0.026,  -0.380,   0.000,  -0.380,   0.000,  -0.380
202606261806,  -0.394,  -0.360,9999.000,9999.000,9999.000,9999.000,9999.000,9999.000,9999.000
202606261812,  -0.432,  -0.400,9999.000,9999.000,9999.000,9999.000,9999.000,9999.000,9999.000
202606261818,  -0.467,  -0.449,9999.000,9999.000,9999.000,9999.000,9999.000,9999.000,9999.000
202606261824,  -0.499,  -0.488,9999.000,9999.000,9999.000,9999.000,9999.000,9999.000,9999.000
202606261830,  -0.529,  -0.551,9999.000,9999.000,9999.000,9999.000,9999.000,9999.000,9999.000
202606261836,  -0.556,  -0.560,9999.000,9999.000,9999.000,9999.000,9999.000,9999.000,9999.000
202606261842,  -0.581,  -0.629,9999.000,9999.000,9999.000,9999.000,9999.000,9999.000,9999.000
202606261848,  -0.603,  -0.541,9999.000,9999.000,9999.000,9999.000,9999.000,9999.000,9999.000
202606261854,  -0.622,  -0.560,9999.000,9999.000,9999.000,9999.000,9999.000,9999.000,9999.000
202606261900,  -0.638,  -0.570,   0.000,   0.068,  -0.570,   0.000,  -0.570,   0.000,  -0.570
202606261906,  -0.652,  -0.619,9999.000,9999.000,9999.000,9999.000,9999.000,9999.000,9999.000
202606261912,  -0.663,  -0.659,9999.000,9999.000,9999.000,9999.000,9999.000,9999.000,9999.000
202606261918,  -0.672,  -0.669,9999.000,9999.000,9999.000,9999.000,9999.000,9999.000,9999.000
202606261924,  -0.678,  -0.669,9999.000,9999.000,9999.000,9999.000,9999.000,9999.000,9999.000
202606261930,  -0.681,  -0.590,9999.000,9999.000,9999.000,9999.000,9999.000,9999.000,9999.000
202606261936,  -0.681,  -0.669,9999.000,9999.000,9999.000,9999.000,9999.000,9999.000,9999.000
202606261942,  -0.679,  -0.619,9999.000,9999.000,9999.000,9999.000,9999.000,9999.000,9999.000
202606261948,  -0.675,  -0.619,9999.000,9999.000,9999.000,9999.000,9999.000,9999.000,9999.000
202606261954,  -0.667,  -0.590,9999.000,9999.000,9999.000,9999.000,9999.000,9999.000,9999.000
202606262000,  -0.658,  -0.600,   0.000,   0.058,  -0.600,   0.000,  -0.600,   0.000,  -0.600
202606262006,  -0.645,  -0.560,9999.000,9999.000,9999.000,9999.000,9999.000,9999.000,9999.000
202606262012,  -0.630,  -0.541,9999.000,9999.000,9999.000,9999.000,9999.000,9999.000,9999.000
202606262018,  -0.613,  -0.610,9999.000,9999.000,9999.000,9999.000,9999.000,9999.000,9999.000
202606262024,  -0.593,  -0.488,9999.000,9999.000,9999.000,9999.000,9999.000,9999.000,9999.000
202606262030,  -0.571,  -0.531,9999.000,9999.000,9999.000,9999.000,9999.000,9999.000,9999.000
202606262036,  -0.546,  -0.449,9999.000,9999.000,9999.000,9999.000,9999.000,9999.000,9999.000
202606262042,  -0.519,  -0.439,9999.000,9999.000,9999.000,9999.000,9999.000,9999.000,9999.000
202606262048,  -0.490,  -0.409,9999.000,9999.000,9999.000,9999.000,9999.000,9999.000,9999.000
202606262054,  -0.458,  -0.370,9999.000,9999.000,9999.000,9999.000,9999.000,9999.000,9999.000
202606262100,  -0.425,  -0.331,   0.000,   0.094,  -0.331,   0.000,  -0.331,   0.000,  -0.331
202606262106,  -0.389,  -0.341,9999.000,9999.000,9999.000,9999.000,9999.000,9999.000,9999.000
202606262112,  -0.351,  -0.249,9999.000,9999.000,9999.000,9999.000,9999.000,9999.000,9999.000
202606262118,  -0.311,  -0.180,9999.000,9999.000,9999.000,9999.000,9999.000,9999.000,9999.000
202606262124,  -0.269,  -0.209,9999.000,9999.000,9999.000,9999.000,9999.000,9999.000,9999.000
202606262130,  -0.225,  -0.121,9999.000,9999.000,9999.000,9999.000,9999.000,9999.000,9999.000
202606262136,  -0.180,  -0.088,9999.000,9999.000,9999.000,9999.000,9999.000,9999.000,9999.000
202606262142,  -0.132,  -0.049,9999.000,9999.000,9999.000,9999.000,9999.000,9999.000,9999.000
202606262148,  -0.083,   0.029,9999.000,9999.000,9999.000,9999.000,9999.000,9999.000,9999.000
202606262154,  -0.033,   0.111,9999.000,9999.000,9999.000,9999.000,9999.000,9999.000,9999.000
202606262200,   0.018,   0.131,   0.000,   0.113,   0.131,   0.000,   0.131,   0.000,   0.131
202606262206,   0.072,   0.170,9999.000,9999.000,9999.000,9999.000,9999.000,9999.000,9999.000
202606262212,   0.127,   0.200,9999.000,9999.000,9999.000,9999.000,9999.000,9999.000,9999.000
202606262218,   0.183,   0.229,9999.000,9999.000,9999.000,9999.000,9999.000,9999.000,9999.000
202606262224,   0.240,   0.390,9999.000,9999.000,9999.000,9999.000,9999.000,9999.000,9999.000
202606262230,   0.298,   0.439,9999.000,9999.000,9999.000,9999.000,9999.000,9999.000,9999.000
202606262236,   0.358,   0.541,9999.000,9999.000,9999.000,9999.000,9999.000,9999.000,9999.000
202606262242,   0.418,   0.541,9999.000,9999.000,9999.000,9999.000,9999.000,9999.000,9999.000
202606262248,   0.479,   0.570,9999.000,9999.000,9999.000,9999.000,9999.000,9999.000,9999.000
202606262254,   0.540,   0.629,9999.000,9999.000,9999.000,9999.000,9999.000,9999.000,9999.000
202606262300,   0.602,   0.688,   0.000,   0.086,   0.688,   0.000,   0.688,   0.000,   0.688
202606262306,   0.665,   0.790,9999.000,9999.000,9999.000,9999.000,9999.000,9999.000,9999.000
202606262312,   0.728,   0.888,9999.000,9999.000,9999.000,9999.000,9999.000,9999.000,9999.000
202606262318,   0.792,   0.961,9999.000,9999.000,9999.000,9999.000,9999.000,9999.000,9999.000
202606262324,   0.855,   0.951,9999.000,9999.000,9999.000,9999.000,9999.000,9999.000,9999.000
202606262330,   0.919,   1.010,9999.000,9999.000,9999.000,9999.000,9999.000,9999.000,9999.000
202606262336,   0.983,   1.079,9999.000,9999.000,9999.000,9999.000,9999.000,9999.000,9999.000
202606262342,   1.047,   1.180,9999.000,9999.000,9999.000,9999.000,9999.000,9999.000,9999.000
202606262348,   1.110,   1.229,9999.000,9999.000,9999.000,9999.000,9999.000,9999.000,9999.000
202606262354,   1.174,   1.318,9999.000,9999.000,9999.000,9999.000,9999.000,9999.000,9999.000
202606270000,   1.238,   1.348,   0.000,   0.110,   1.348,   0.000,   1.348,   0.100,   1.448
202606270006,   1.301,   1.410,9999.000,9999.000,9999.000,9999.000,9999.000,9999.000,9999.000
202606270012,   1.363,   1.410,9999.000,9999.000,9999.000,9999.000,9999.000,9999.000,9999.000
202606270018,   1.426,   1.498,9999.000,9999.000,9999.000,9999.000,9999.000,9999.000,9999.000
202606270024,   1.488,   1.620,9999.000,9999.000,9999.000,9999.000,9999.000,9999.000,9999.000
202606270030,   1.549,   1.708,9999.000,9999.000,9999.000,9999.000,9999.000,9999.000,9999.000
202606270036,   1.610,   1.718,9999.000,9999.000,9999.000,9999.000,9999.000,9999.000,9999.000
202606270042,   1.670,   1.810,9999.000,9999.000,9999.000,9999.000,9999.000,9999.000,9999.000
202606270048,   1.730,   1.810,9999.000,9999.000,9999.000,9999.000,9999.000,9999.000,9999.000
202606270054,   1.789,   1.869,9999.000,9999.000,9999.000,9999.000,9999.000,9999.000,9999.000
202606270100,   1.847,   1.967,   0.000,   0.120,   1.967,   0.000,   1.967,   0.100,   2.067
202606270106,   1.904,   2.010,9999.000,9999.000,9999.000,9999.000,9999.000,9999.000,9999.000
202606270112,   1.961,   2.089,9999.000,9999.000,9999.000,9999.000,9999.000,9999.000,9999.000
202606270118,   2.017,   2.089,9999.000,9999.000,9999.000,9999.000,9999.000,9999.000,9999.000
202606270124,   2.072,   2.168,9999.000,9999.000,9999.000,9999.000,9999.000,9999.000,9999.000
202606270130,   2.126,   2.168,9999.000,9999.000,9999.000,9999.000,9999.000,9999.000,9999.000
202606270136,   2.179,   2.318,9999.000,9999.000,9999.000,9999.000,9999.000,9999.000,9999.000
202606270142,   2.231,   2.348,9999.000,9999.000,9999.000,9999.000,9999.000,9999.000,9999.000
202606270148,   2.282,   2.410,9999.000,9999.000,9999.000,9999.000,9999.000,9999.000,9999.000
202606270154,   2.332,   2.368,9999.000,9999.000,9999.000,9999.000,9999.000,9999.000,9999.000
202606270200,   2.381,   2.387,   0.000,   0.006,   2.387,   0.000,   2.387,   0.100,   2.487
202606270206,   2.429,   2.499,9999.000,9999.000,9999.000,9999.000,9999.000,9999.000,9999.000
202606270212,   2.476,   2.509,9999.000,9999.000,9999.000,9999.000,9999.000,9999.000,9999.000
202606270218,   2.523,   2.597,9999.000,9999.000,9999.000,9999.000,9999.000,9999.000,9999.000
202606270224,   2.568,   2.640,9999.000,9999.000,9999.000,9999.000,9999.000,9999.000,9999.000
202606270230,   2.612,   2.660,9999.000,9999.000,9999.000,9999.000,9999.000,9999.000,9999.000
202606270236,   2.654,   2.660,9999.000,9999.000,9999.000,9999.000,9999.000,9999.000,9999.000
202606270242,   2.696,   2.709,9999.000,9999.000,9999.000,9999.000,9999.000,9999.000,9999.000
202606270248,   2.737,   2.738,9999.000,9999.000,9999.000,9999.000,9999.000,9999.000,9999.000
202606270254,   2.777,   2.778,9999.000,9999.000,9999.000,9999.000,9999.000,9999.000,9999.000
202606270300,   2.815,   2.778,   0.100,  -0.137,   2.778,   0.000,   2.678,   0.100,   2.778
202606270306,   2.853,   2.787,9999.000,9999.000,9999.000,9999.000,9999.000,9999.000,9999.000
202606270312,   2.889,   2.869,9999.000,9999.000,9999.000,9999.000,9999.000,9999.000,9999.000
202606270318,   2.925,   2.948,9999.000,9999.000,9999.000,9999.000,9999.000,9999.000,9999.000
202606270324,   2.959,   2.948,9999.000,9999.000,9999.000,9999.000,9999.000,9999.000,9999.000
202606270330,   2.993,   2.997,9999.000,9999.000,9999.000,9999.000,9999.000,9999.000,9999.000
202606270336,   3.025,   2.958,9999.000,9999.000,9999.000,9999.000,9999.000,9999.000,9999.000
202606270342,   3.057,   2.978,9999.000,9999.000,9999.000,9999.000,9999.000,9999.000,9999.000
202606270348,   3.087,   2.997,9999.000,9999.000,9999.000,9999.000,9999.000,9999.000,9999.000
202606270354,   3.117,   3.040,9999.000,9999.000,9999.000,9999.000,9999.000,9999.000,9999.000
202606270400,   3.146,   3.148,   0.100,  -0.098,   3.148,   0.000,   3.048,   0.100,   3.148
202606270406,   3.174,   3.158,9999.000,9999.000,9999.000,9999.000,9999.000,9999.000,9999.000
202606270412,   3.201,   3.188,9999.000,9999.000,9999.000,9999.000,9999.000,9999.000,9999.000
202606270418,   3.228,   3.148,9999.000,9999.000,9999.000,9999.000,9999.000,9999.000,9999.000
202606270424,   3.254,   3.188,9999.000,9999.000,9999.000,9999.000,9999.000,9999.000,9999.000
202606270430,   3.279,   3.188,9999.000,9999.000,9999.000,9999.000,9999.000,9999.000,9999.000
202606270436,   3.303,   3.230,9999.000,9999.000,9999.000,9999.000,9999.000,9999.000,9999.000
202606270442,   3.327,   3.230,9999.000,9999.000,9999.000,9999.000,9999.000,9999.000,9999.000
202606270448,   3.351,   3.250,9999.000,9999.000,9999.000,9999.000,9999.000,9999.000,9999.000
202606270454,   3.374,   3.329,9999.000,9999.000,9999.000,9999.000,9999.000,9999.000,9999.000
202606270500,   3.396,   3.339,   0.100,  -0.157,   3.339,   0.000,   3.239,   0.100,   3.339
202606270506,   3.418,   3.348,9999.000,9999.000,9999.000,9999.000,9999.000,9999.000,9999.000
202606270512,   3.440,   3.398,9999.000,9999.000,9999.000,9999.000,9999.000,9999.000,9999.000
202606270518,   3.461,   3.378,9999.000,9999.000,9999.000,9999.000,9999.000,9999.000,9999.000
202606270524,   3.482,   3.358,9999.000,9999.000,9999.000,9999.000,9999.000,9999.000,9999.000
202606270530,   3.503,   3.368,9999.000,9999.000,9999.000,9999.000,9999.000,9999.000,9999.000
202606270536,   3.524,   3.427,9999.000,9999.000,9999.000,9999.000,9999.000,9999.000,9999.000
202606270542,   3.544,   3.489,9999.000,9999.000,9999.000,9999.000,9999.000,9999.000,9999.000
202606270548,   3.564,   3.499,9999.000,9999.000,9999.000,9999.000,9999.000,9999.000,9999.000
202606270554,   3.584,   3.519,9999.000,9999.000,9999.000,9999.000,9999.000,9999.000,9999.000
202606270600,   3.604,   3.480,   0.000,  -0.124,   3.480,   0.000,   3.480,   0.100,   3.580
202606270606,   3.624,   3.499,9999.000,9999.000,9999.000,9999.000,9999.000,9999.000,9999.000
202606270612,   3.643,   3.489,9999.000,9999.000,9999.000,9999.000,9999.000,9999.000,9999.000
202606270618,   3.663,   3.529,9999.000,9999.000,9999.000,9999.000,9999.000,9999.000,9999.000
202606270624,   3.682,   3.588,9999.000,9999.000,9999.000,9999.000,9999.000,9999.000,9999.000
202606270630,   3.701,   3.617,9999.000,9999.000,9999.000,9999.000,9999.000,9999.000,9999.000
202606270636,   3.720,   3.598,9999.000,9999.000,9999.000,9999.000,9999.000,9999.000,9999.000
202606270642,   3.739,   3.588,9999.000,9999.000,9999.000,9999.000,9999.000,9999.000,9999.000
202606270648,   3.757,   3.598,9999.000,9999.000,9999.000,9999.000,9999.000,9999.000,9999.000
202606270654,   3.776,   3.598,9999.000,9999.000,9999.000,9999.000,9999.000,9999.000,9999.000
202606270700,   3.794,   3.660,   0.000,  -0.134,   3.660,   0.000,   3.660,   0.100,   3.760
202606270706,   3.812,   3.670,9999.000,9999.000,9999.000,9999.000,9999.000,9999.000,9999.000
202606270712,   3.830,   3.660,9999.000,9999.000,9999.000,9999.000,9999.000,9999.000,9999.000
202606270718,   3.847,   3.660,9999.000,9999.000,9999.000,9999.000,9999.000,9999.000,9999.000
202606270724,   3.864,   3.719,9999.000,9999.000,9999.000,9999.000,9999.000,9999.000,9999.000
202606270730,   3.881,   3.729,9999.000,9999.000,9999.000,9999.000,9999.000,9999.000,9999.000
202606270736,   3.898,   3.749,9999.000,9999.000,9999.000,9999.000,9999.000,9999.000,9999.000
202606270742,   3.914,   3.670,9999.000,9999.000,9999.000,9999.000,9999.000,9999.000,9999.000
202606270748,   3.930,   3.689,9999.000,9999.000,9999.000,9999.000,9999.000,9999.000,9999.000
202606270754,   3.945,   3.768,9999.000,9999.000,9999.000,9999.000,9999.000,9999.000,9999.000
202606270800,   3.960,   3.778,   0.100,  -0.282,   3.778,   0.000,   3.678,   0.100,   3.778
202606270806,   3.974,   3.870,9999.000,9999.000,9999.000,9999.000,9999.000,9999.000,9999.000
202606270812,   3.988,   3.837,9999.000,9999.000,9999.000,9999.000,9999.000,9999.000,9999.000
202606270818,   4.001,   3.837,9999.000,9999.000,9999.000,9999.000,9999.000,9999.000,9999.000
202606270824,   4.014,   3.749,9999.000,9999.000,9999.000,9999.000,9999.000,9999.000,9999.000
202606270830,   4.026,   3.778,9999.000,9999.000,9999.000,9999.000,9999.000,9999.000,9999.000
202606270836,   4.037,   3.837,9999.000,9999.000,9999.000,9999.000,9999.000,9999.000,9999.000
202606270842,   4.048,   3.899,9999.000,9999.000,9999.000,9999.000,9999.000,9999.000,9999.000
202606270848,   4.058,   3.899,9999.000,9999.000,9999.000,9999.000,9999.000,9999.000,9999.000
202606270854,   4.067,   3.909,9999.000,9999.000,9999.000,9999.000,9999.000,9999.000,9999.000
202606270900,   4.076,   3.909,   0.100,  -0.267,   3.909,   0.000,   3.809,   0.100,   3.909
202606270906,   4.083,   3.880,9999.000,9999.000,9999.000,9999.000,9999.000,9999.000,9999.000
202606270912,   4.090,   3.860,9999.000,9999.000,9999.000,9999.000,9999.000,9999.000,9999.000
202606270918,   4.096,   3.880,9999.000,9999.000,9999.000,9999.000,9999.000,9999.000,9999.000
202606270924,   4.101,   3.899,9999.000,9999.000,9999.000,9999.000,9999.000,9999.000,9999.000
202606270930,   4.105,   3.909,9999.000,9999.000,9999.000,9999.000,9999.000,9999.000,9999.000
202606270936,   4.108,   3.968,9999.000,9999.000,9999.000,9999.000,9999.000,9999.000,9999.000
202606270942,   4.110,   3.998,9999.000,9999.000,9999.000,9999.000,9999.000,9999.000,9999.000
202606270948,   4.111,   3.968,9999.000,9999.000,9999.000,9999.000,9999.000,9999.000,9999.000
202606270954,   4.111,   3.939,9999.000,9999.000,9999.000,9999.000,9999.000,9999.000,9999.000
202606271000,   4.109,   3.899,   0.100,  -0.310,   3.899,   0.000,   3.799,   0.100,   3.899
202606271006,   4.107,   3.817,9999.000,9999.000,9999.000,9999.000,9999.000,9999.000,9999.000
202606271012,   4.103,   3.847,9999.000,9999.000,9999.000,9999.000,9999.000,9999.000,9999.000
202606271018,   4.098,   3.958,9999.000,9999.000,9999.000,9999.000,9999.000,9999.000,9999.000
202606271024,   4.091,   3.988,9999.000,9999.000,9999.000,9999.000,9999.000,9999.000,9999.000
202606271030,   4.083,   3.998,9999.000,9999.000,9999.000,9999.000,9999.000,9999.000,9999.000
202606271036,   4.074,   3.968,9999.000,9999.000,9999.000,9999.000,9999.000,9999.000,9999.000
202606271042,   4.063,   3.870,9999.000,9999.000,9999.000,9999.000,9999.000,9999.000,9999.000
202606271048,   4.051,   3.788,9999.000,9999.000,9999.000,9999.000,9999.000,9999.000,9999.000
202606271054,   4.037,   3.788,9999.000,9999.000,9999.000,9999.000,9999.000,9999.000,9999.000
202606271100,   4.022,   3.808,   0.000,  -0.214,   3.808,   0.000,   3.808,   0.100,   3.908
202606271106,   4.005,   3.870,9999.000,9999.000,9999.000,9999.000,9999.000,9999.000,9999.000
202606271112,   3.986,   3.870,9999.000,9999.000,9999.000,9999.000,9999.000,9999.000,9999.000
202606271118,   3.966,   3.847,9999.000,9999.000,9999.000,9999.000,9999.000,9999.000,9999.000
202606271124,   3.944,   3.860,9999.000,9999.000,9999.000,9999.000,9999.000,9999.000,9999.000
202606271130,   3.920,   3.778,9999.000,9999.000,9999.000,9999.000,9999.000,9999.000,9999.000
202606271136,   3.895,   3.739,9999.000,9999.000,9999.000,9999.000,9999.000,9999.000,9999.000
202606271142,   3.867,   3.637,9999.000,9999.000,9999.000,9999.000,9999.000,9999.000,9999.000
202606271148,   3.838,   3.627,9999.000,9999.000,9999.000,9999.000,9999.000,9999.000,9999.000
202606271154,   3.807,   3.627,9999.000,9999.000,9999.000,9999.000,9999.000,9999.000,9999.000
202606271200,   3.774,   3.637,   0.000,  -0.137,   3.637,  -0.100,   3.537,   0.000,   3.637
202606271206,   3.739,   3.650,9999.000,9999.000,9999.000,9999.000,9999.000,9999.000,9999.000
202606271212,   3.702,   3.660,9999.000,9999.000,9999.000,9999.000,9999.000,9999.000,9999.000
202606271218,   3.664,   3.588,9999.000,9999.000,9999.000,9999.000,9999.000,9999.000,9999.000
202606271224,   3.624,   3.489,9999.000,9999.000,9999.000,9999.000,9999.000,9999.000,9999.000
202606271230,   3.581,9999.000,9999.000,9999.000,9999.000,9999.000,9999.000,9999.000,9999.000
202606271236,   3.537,9999.000,9999.000,9999.000,9999.000,9999.000,9999.000,9999.000,9999.000
202606271242,   3.491,9999.000,9999.000,9999.000,9999.000,9999.000,9999.000,9999.000,9999.000
202606271248,   3.444,9999.000,9999.000,9999.000,9999.000,9999.000,9999.000,9999.000,9999.000
202606271254,   3.394,9999.000,9999.000,9999.000,9999.000,9999.000,9999.000,9999.000,9999.000
202606271300,   3.343,9999.000,   0.000,9999.000,   3.343,  -0.100,   3.243,   0.000,   3.343
202606271306,   3.290,9999.000,9999.000,9999.000,9999.000,9999.000,9999.000,9999.000,9999.000
202606271312,   3.235,9999.000,9999.000,9999.000,9999.000,9999.000,9999.000,9999.000,9999.000
202606271318,   3.179,9999.000,9999.000,9999.000,9999.000,9999.000,9999.000,9999.000,9999.000
202606271324,   3.121,   2.751,9999.000,9999.000,9999.000,9999.000,9999.000,9999.000,9999.000
202606271330,   3.062,9999.000,9999.000,9999.000,9999.000,9999.000,9999.000,9999.000,9999.000
202606271336,   3.001,   2.879,9999.000,9999.000,9999.000,9999.000,9999.000,9999.000,9999.000
202606271342,   2.939,   2.879,9999.000,9999.000,9999.000,9999.000,9999.000,9999.000,9999.000
202606271348,   2.875,   2.840,9999.000,9999.000,9999.000,9999.000,9999.000,9999.000,9999.000
202606271354,   2.810,   2.830,9999.000,9999.000,9999.000,9999.000,9999.000,9999.000,9999.000
202606271400,   2.743,   2.748,  -0.100,   0.105,   2.748,  -0.100,   2.748,   0.000,   2.848
202606271406,   2.676,   2.650,9999.000,9999.000,9999.000,9999.000,9999.000,9999.000,9999.000
202606271412,   2.607,   2.499,9999.000,9999.000,9999.000,9999.000,9999.000,9999.000,9999.000
202606271418,   2.537,   2.410,9999.000,9999.000,9999.000,9999.000,9999.000,9999.000,9999.000
202606271424,   2.466,   2.358,9999.000,9999.000,9999.000,9999.000,9999.000,9999.000,9999.000
202606271430,   2.394,   2.348,9999.000,9999.000,9999.000,9999.000,9999.000,9999.000,9999.000
202606271436,   2.321,   2.368,9999.000,9999.000,9999.000,9999.000,9999.000,9999.000,9999.000
202606271442,   2.247,   2.299,9999.000,9999.000,9999.000,9999.000,9999.000,9999.000,9999.000
202606271448,   2.172,   2.210,9999.000,9999.000,9999.000,9999.000,9999.000,9999.000,9999.000
202606271454,   2.097,   2.049,9999.000,9999.000,9999.000,9999.000,9999.000,9999.000,9999.000
202606271500,   2.021,   1.928,  -0.100,   0.007,   1.928,  -0.100,   1.928,   0.000,   2.028
202606271506,   1.944,   1.859,9999.000,9999.000,9999.000,9999.000,9999.000,9999.000,9999.000
202606271512,   1.867,   1.810,9999.000,9999.000,9999.000,9999.000,9999.000,9999.000,9999.000
202606271518,   1.789,   1.767,9999.000,9999.000,9999.000,9999.000,9999.000,9999.000,9999.000
202606271524,   1.711,   1.728,9999.000,9999.000,9999.000,9999.000,9999.000,9999.000,9999.000
202606271530,   1.632,   1.679,9999.000,9999.000,9999.000,9999.000,9999.000,9999.000,9999.000
202606271536,   1.554,   1.528,9999.000,9999.000,9999.000,9999.000,9999.000,9999.000,9999.000
202606271542,   1.475,   1.439,9999.000,9999.000,9999.000,9999.000,9999.000,9999.000,9999.000
202606271548,   1.396,9999.000,9999.000,9999.000,9999.000,9999.000,9999.000,9999.000,9999.000
202606271554,   1.317,9999.000,9999.000,9999.000,9999.000,9999.000,9999.000,9999.000,9999.000
202606271600,   1.239,   1.108,  -0.100,  -0.031,   1.108,  -0.100,   1.108,   0.000,   1.208
202606271606,   1.160,   1.108,9999.000,9999.000,9999.000,9999.000,9999.000,9999.000,9999.000
202606271612,   1.082,   1.069,9999.000,9999.000,9999.000,9999.000,9999.000,9999.000,9999.000
202606271618,   1.004,   1.010,9999.000,9999.000,9999.000,9999.000,9999.000,9999.000,9999.000
202606271624,   0.927,9999.000,9999.000,9999.000,9999.000,9999.000,9999.000,9999.000,9999.000
202606271630,   0.850,   0.839,9999.000,9999.000,9999.000,9999.000,9999.000,9999.000,9999.000
202606271636,   0.774,   0.751,9999.000,9999.000,9999.000,9999.000,9999.000,9999.000,9999.000
202606271642,   0.699,   0.649,9999.000,9999.000,9999.000,9999.000,9999.000,9999.000,9999.000
202606271648,   0.625,9999.000,9999.000,9999.000,9999.000,9999.000,9999.000,9999.000,9999.000
202606271654,   0.552,9999.000,9999.000,9999.000,9999.000,9999.000,9999.000,9999.000,9999.000
202606271700,   0.479,9999.000,  -0.100,9999.000,   0.379,  -0.100,   0.379,   0.000,   0.479
202606271706,   0.408,9999.000,9999.000,9999.000,9999.000,9999.000,9999.000,9999.000,9999.000
202606271712,   0.339,9999.000,9999.000,9999.000,9999.000,9999.000,9999.000,9999.000,9999.000
202606271718,   0.270,9999.000,9999.000,9999.000,9999.000,9999.000,9999.000,9999.000,9999.000
202606271724,   0.203,9999.000,9999.000,9999.000,9999.000,9999.000,9999.000,9999.000,9999.000
202606271730,   0.138,9999.000,9999.000,9999.000,9999.000,9999.000,9999.000,9999.000,9999.000
202606271736,   0.075,9999.000,9999.000,9999.000,9999.000,9999.000,9999.000,9999.000,9999.000
202606271742,   0.013,9999.000,9999.000,9999.000,9999.000,9999.000,9999.000,9999.000,9999.000
202606271748,  -0.046,9999.000,9999.000,9999.000,9999.000,9999.000,9999.000,9999.000,9999.000
202606271754,  -0.104,9999.000,9999.000,9999.000,9999.000,9999.000,9999.000,9999.000,9999.000
202606271800,  -0.161,9999.000,  -0.100,9999.000,  -0.261,  -0.200,  -0.361,  -0.100,  -0.261
202606271806,  -0.215,9999.000,9999.000,9999.000,9999.000,9999.000,9999.000,9999.000,9999.000
202606271812,  -0.267,9999.000,9999.000,9999.000,9999.000,9999.000,9999.000,9999.000,9999.000
202606271818,  -0.316,9999.000,9999.000,9999.000,9999.000,9999.000,9999.000,9999.000,9999.000
202606271824,  -0.364,9999.000,9999.000,9999.000,9999.000,9999.000,9999.000,9999.000,9999.000
202606271830,  -0.409,9999.000,9999.000,9999.000,9999.000,9999.000,9999.000,9999.000,9999.000
202606271836,  -0.451,9999.000,9999.000,9999.000,9999.000,9999.000,9999.000,9999.000,9999.000
202606271842,  -0.492,9999.000,9999.000,9999.000,9999.000,9999.000,9999.000,9999.000,9999.000
202606271848,  -0.530,9999.000,9999.000,9999.000,9999.000,9999.000,9999.000,9999.000,9999.000
202606271854,  -0.565,  -0.724,9999.000,9999.000,9999.000,9999.000,9999.000,9999.000,9999.000
202606271900,  -0.598,  -0.724,  -0.100,  -0.026,  -0.724,  -0.200,  -0.824,  -0.100,  -0.724
202606271906,  -0.628,9999.000,9999.000,9999.000,9999.000,9999.000,9999.000,9999.000,9999.000
202606271912,  -0.656,9999.000,9999.000,9999.000,9999.000,9999.000,9999.000,9999.000,9999.000
202606271918,  -0.681,9999.000,9999.000,9999.000,9999.000,9999.000,9999.000,9999.000,9999.000
202606271924,  -0.703,  -0.649,9999.000,9999.000,9999.000,9999.000,9999.000,9999.000,9999.000
202606271930,  -0.723,  -0.731,9999.000,9999.000,9999.000,9999.000,9999.000,9999.000,9999.000
202606271936,  -0.740,  -0.760,9999.000,9999.000,9999.000,9999.000,9999.000,9999.000,9999.000
202606271942,  -0.755,  -0.819,9999.000,9999.000,9999.000,9999.000,9999.000,9999.000,9999.000
202606271948,  -0.766,  -0.879,9999.000,9999.000,9999.000,9999.000,9999.000,9999.000,9999.000
202606271954,  -0.776,  -0.849,9999.000,9999.000,9999.000,9999.000,9999.000,9999.000,9999.000
202606272000,  -0.782,  -0.800,  -0.200,   0.182,  -0.800,  -0.200,  -0.800,  -0.100,  -0.700
202606272006,  -0.786,  -0.780,9999.000,9999.000,9999.000,9999.000,9999.000,9999.000,9999.000
202606272012,  -0.787,  -0.770,9999.000,9999.000,9999.000,9999.000,9999.000,9999.000,9999.000
202606272018,  -0.786,  -0.790,9999.000,9999.000,9999.000,9999.000,9999.000,9999.000,9999.000
202606272024,  -0.782,  -0.829,9999.000,9999.000,9999.000,9999.000,9999.000,9999.000,9999.000
202606272030,  -0.776,  -0.859,9999.000,9999.000,9999.000,9999.000,9999.000,9999.000,9999.000
202606272036,  -0.766,  -0.819,9999.000,9999.000,9999.000,9999.000,9999.000,9999.000,9999.000
202606272042,  -0.755,  -0.770,9999.000,9999.000,9999.000,9999.000,9999.000,9999.000,9999.000
202606272048,  -0.741,  -0.780,9999.000,9999.000,9999.000,9999.000,9999.000,9999.000,9999.000
202606272054,  -0.724,  -0.718,9999.000,9999.000,9999.000,9999.000,9999.000,9999.000,9999.000
202606272100,  -0.705,  -0.751,  -0.200,   0.154,  -0.751,  -0.200,  -0.751,  -0.100,  -0.651
202606272106,  -0.683,  -0.659,9999.000,9999.000,9999.000,9999.000,9999.000,9999.000,9999.000
202606272112,  -0.659,  -0.718,9999.000,9999.000,9999.000,9999.000,9999.000,9999.000,9999.000
202606272118,  -0.633,9999.000,9999.000,9999.000,9999.000,9999.000,9999.000,9999.000,9999.000
202606272124,  -0.604,  -0.698,9999.000,9999.000,9999.000,9999.000,9999.000,9999.000,9999.000
202606272130,  -0.573,  -0.659,9999.000,9999.000,9999.000,9999.000,9999.000,9999.000,9999.000
202606272136,  -0.539,  -0.570,9999.000,9999.000,9999.000,9999.000,9999.000,9999.000,9999.000
202606272142,  -0.504,  -0.518,9999.000,9999.000,9999.000,9999.000,9999.000,9999.000,9999.000
202606272148,  -0.466,  -0.439,9999.000,9999.000,9999.000,9999.000,9999.000,9999.000,9999.000
202606272154,  -0.426,  -0.449,9999.000,9999.000,9999.000,9999.000,9999.000,9999.000,9999.000
202606272200,  -0.384,  -0.409,  -0.200,   0.175,  -0.409,  -0.200,  -0.409,  -0.100,  -0.309
202606272206,  -0.340,  -0.459,9999.000,9999.000,9999.000,9999.000,9999.000,9999.000,9999.000
202606272212,  -0.294,  -0.350,9999.000,9999.000,9999.000,9999.000,9999.000,9999.000,9999.000
202606272218,  -0.246,  -0.298,9999.000,9999.000,9999.000,9999.000,9999.000,9999.000,9999.000
202606272224,  -0.197,  -0.209,9999.000,9999.000,9999.000,9999.000,9999.000,9999.000,9999.000
202606272230,  -0.145,  -0.150,9999.000,9999.000,9999.000,9999.000,9999.000,9999.000,9999.000
202606272236,  -0.092,  -0.160,9999.000,9999.000,9999.000,9999.000,9999.000,9999.000,9999.000
202606272242,  -0.038,  -0.068,9999.000,9999.000,9999.000,9999.000,9999.000,9999.000,9999.000
202606272248,   0.017,  -0.078,9999.000,9999.000,9999.000,9999.000,9999.000,9999.000,9999.000
202606272254,   0.075,   0.009,9999.000,9999.000,9999.000,9999.000,9999.000,9999.000,9999.000
202606272300,   0.134,   0.088,  -0.200,   0.154,   0.088,  -0.300,  -0.012,  -0.200,   0.088
202606272306,   0.194,   0.170,9999.000,9999.000,9999.000,9999.000,9999.000,9999.000,9999.000
202606272312,   0.255,   0.190,9999.000,9999.000,9999.000,9999.000,9999.000,9999.000,9999.000
202606272318,   0.317,   0.259,9999.000,9999.000,9999.000,9999.000,9999.000,9999.000,9999.000
202606272324,   0.381,   0.341,9999.000,9999.000,9999.000,9999.000,9999.000,9999.000,9999.000
202606272330,   0.445,   0.380,9999.000,9999.000,9999.000,9999.000,9999.000,9999.000,9999.000
202606272336,   0.510,   0.419,9999.000,9999.000,9999.000,9999.000,9999.000,9999.000,9999.000
202606272342,   0.576,   0.469,9999.000,9999.000,9999.000,9999.000,9999.000,9999.000,9999.000
202606272348,   0.642,   0.619,9999.000,9999.000,9999.000,9999.000,9999.000,9999.000,9999.000
202606272354,   0.709,   0.669,9999.000,9999.000,9999.000,9999.000,9999.000,9999.000,9999.000
202606280000,   0.776,   0.741,  -0.100,   0.065,   0.741,  -0.200,   0.641,  -0.100,   0.741
202606280006,   0.844,   0.829,9999.000,9999.000,9999.000,9999.000,9999.000,9999.000,9999.000
202606280012,   0.912,   0.849,9999.000,9999.000,9999.000,9999.000,9999.000,9999.000,9999.000
202606280018,   0.980,   0.849,9999.000,9999.000,9999.000,9999.000,9999.000,9999.000,9999.000
202606280024,   1.048,   0.941,9999.000,9999.000,9999.000,9999.000,9999.000,9999.000,9999.000
202606280030,   1.116,   1.039,9999.000,9999.000,9999.000,9999.000,9999.000,9999.000,9999.000
202606280036,   1.184,   1.128,9999.000,9999.000,9999.000,9999.000,9999.000,9999.000,9999.000
202606280042,   1.253,   1.210,9999.000,9999.000,9999.000,9999.000,9999.000,9999.000,9999.000
202606280048,   1.320,   1.259,9999.000,9999.000,9999.000,9999.000,9999.000,9999.000,9999.000
202606280054,   1.388,   1.308,9999.000,9999.000,9999.000,9999.000,9999.000,9999.000,9999.000
202606280100,   1.455,   1.328,  -0.200,   0.073,   1.328,  -0.200,   1.328,  -0.100,   1.428
202606280106,   1.522,   1.390,9999.000,9999.000,9999.000,9999.000,9999.000,9999.000,9999.000
202606280112,   1.589,   1.498,9999.000,9999.000,9999.000,9999.000,9999.000,9999.000,9999.000
202606280118,   1.655,   1.548,9999.000,9999.000,9999.000,9999.000,9999.000,9999.000,9999.000
202606280124,   1.720,   1.630,9999.000,9999.000,9999.000,9999.000,9999.000,9999.000,9999.000
202606280130,   1.785,   1.718,9999.000,9999.000,9999.000,9999.000,9999.000,9999.000,9999.000
202606280136,   1.850,   1.748,9999.000,9999.000,9999.000,9999.000,9999.000,9999.000,9999.000
202606280142,   1.913,   1.820,9999.000,9999.000,9999.000,9999.000,9999.000,9999.000,9999.000
202606280148,   1.976,   1.859,9999.000,9999.000,9999.000,9999.000,9999.000,9999.000,9999.000
202606280154,   2.038,   1.938,9999.000,9999.000,9999.000,9999.000,9999.000,9999.000,9999.000
202606280200,   2.100,   1.967,  -0.200,   0.067,   1.967,  -0.200,   1.967,  -0.100,   2.067
202606280206,   2.160,   2.020,9999.000,9999.000,9999.000,9999.000,9999.000,9999.000,9999.000
202606280212,   2.220,   2.118,9999.000,9999.000,9999.000,9999.000,9999.000,9999.000,9999.000
202606280218,   2.279,   2.200,9999.000,9999.000,9999.000,9999.000,9999.000,9999.000,9999.000
202606280224,   2.337,   2.250,9999.000,9999.000,9999.000,9999.000,9999.000,9999.000,9999.000
202606280230,   2.394,   2.289,9999.000,9999.000,9999.000,9999.000,9999.000,9999.000,9999.000
202606280236,   2.450,   2.338,9999.000,9999.000,9999.000,9999.000,9999.000,9999.000,9999.000
202606280242,   2.505,   2.328,9999.000,9999.000,9999.000,9999.000,9999.000,9999.000,9999.000
202606280248,   2.559,   2.400,9999.000,9999.000,9999.000,9999.000,9999.000,9999.000,9999.000
202606280254,   2.612,   2.450,9999.000,9999.000,9999.000,9999.000,9999.000,9999.000,9999.000
202606280300,   2.664,   2.528,  -0.200,   0.064,   2.528,  -0.200,   2.528,  -0.200,   2.528
202606280306,   2.715,   2.630,9999.000,9999.000,9999.000,9999.000,9999.000,9999.000,9999.000
202606280312,   2.765,   2.650,9999.000,9999.000,9999.000,9999.000,9999.000,9999.000,9999.000
202606280318,   2.814,   2.669,9999.000,9999.000,9999.000,9999.000,9999.000,9999.000,9999.000
202606280324,   2.862,   2.699,9999.000,9999.000,9999.000,9999.000,9999.000,9999.000,9999.000
202606280330,   2.908,   2.748,9999.000,9999.000,9999.000,9999.000,9999.000,9999.000,9999.000
202606280336,   2.954,   2.768,9999.000,9999.000,9999.000,9999.000,9999.000,9999.000,9999.000
202606280342,   2.998,   2.840,9999.000,9999.000,9999.000,9999.000,9999.000,9999.000,9999.000
202606280348,   3.041,   2.869,9999.000,9999.000,9999.000,9999.000,9999.000,9999.000,9999.000
202606280354,   3.083,   2.958,9999.000,9999.000,9999.000,9999.000,9999.000,9999.000,9999.000
202606280400,   3.124,   2.958,  -0.200,   0.034,   2.958,  -0.200,   2.958,  -0.200,   2.958
202606280406,   3.164,   2.997,9999.000,9999.000,9999.000,9999.000,9999.000,9999.000,9999.000
202606280412,   3.203,   3.040,9999.000,9999.000,9999.000,9999.000,9999.000,9999.000,9999.000
202606280418,   3.241,   2.988,9999.000,9999.000,9999.000,9999.000,9999.000,9999.000,9999.000
202606280424,   3.278,   2.978,9999.000,9999.000,9999.000,9999.000,9999.000,9999.000,9999.000
202606280430,   3.313,   3.040,9999.000,9999.000,9999.000,9999.000,9999.000,9999.000,9999.000
202606280436,   3.348,   3.148,9999.000,9999.000,9999.000,9999.000,9999.000,9999.000,9999.000
202606280442,   3.381,   3.197,9999.000,9999.000,9999.000,9999.000,9999.000,9999.000,9999.000
202606280448,   3.414,   3.260,9999.000,9999.000,9999.000,9999.000,9999.000,9999.000,9999.000
202606280454,   3.445,   3.279,9999.000,9999.000,9999.000,9999.000,9999.000,9999.000,9999.000
202606280500,   3.476,   3.217,  -0.200,  -0.059,   3.217,  -0.300,   3.117,  -0.200,   3.217
202606280506,   3.506,   3.188,9999.000,9999.000,9999.000,9999.000,9999.000,9999.000,9999.000
202606280512,   3.535,   3.240,9999.000,9999.000,9999.000,9999.000,9999.000,9999.000,9999.000
202606280518,   3.563,   3.279,9999.000,9999.000,9999.000,9999.000,9999.000,9999.000,9999.000
202606280524,   3.590,   3.319,9999.000,9999.000,9999.000,9999.000,9999.000,9999.000,9999.000
202606280530,   3.616,   3.398,9999.000,9999.000,9999.000,9999.000,9999.000,9999.000,9999.000
202606280536,   3.642,   3.480,9999.000,9999.000,9999.000,9999.000,9999.000,9999.000,9999.000
202606280542,   3.667,   3.440,9999.000,9999.000,9999.000,9999.000,9999.000,9999.000,9999.000
202606280548,   3.691,   3.440,9999.000,9999.000,9999.000,9999.000,9999.000,9999.000,9999.000
202606280554,   3.715,   3.417,9999.000,9999.000,9999.000,9999.000,9999.000,9999.000,9999.000
202606280600,   3.738,   3.388,  -0.300,  -0.050,   3.388,  -0.300,   3.388,  -0.300,   3.388
202606280606,   3.761,   3.417,9999.000,9999.000,9999.000,9999.000,9999.000,9999.000,9999.000
202606280612,   3.783,   3.470,9999.000,9999.000,9999.000,9999.000,9999.000,9999.000,9999.000
202606280618,   3.804,   3.568,9999.000,9999.000,9999.000,9999.000,9999.000,9999.000,9999.000
202606280624,   3.825,   3.578,9999.000,9999.000,9999.000,9999.000,9999.000,9999.000,9999.000
202606280630,   3.846,   3.578,9999.000,9999.000,9999.000,9999.000,9999.000,9999.000,9999.000
202606280636,   3.866,   3.568,9999.000,9999.000,9999.000,9999.000,9999.000,9999.000,9999.000
202606280642,   3.885,   3.558,9999.000,9999.000,9999.000,9999.000,9999.000,9999.000,9999.000
202606280648,   3.905,   3.568,9999.000,9999.000,9999.000,9999.000,9999.000,9999.000,9999.000
202606280654,   3.923,   3.578,9999.000,9999.000,9999.000,9999.000,9999.000,9999.000,9999.000
202606280700,   3.942,   3.607,  -0.300,  -0.035,   3.607,  -0.300,   3.607,  -0.300,   3.607
202606280706,   3.960,   3.617,9999.000,9999.000,9999.000,9999.000,9999.000,9999.000,9999.000
202606280712,   3.977,   3.660,9999.000,9999.000,9999.000,9999.000,9999.000,9999.000,9999.000
202606280718,   3.994,   3.689,9999.000,9999.000,9999.000,9999.000,9999.000,9999.000,9999.000
202606280724,   4.011,   3.699,9999.000,9999.000,9999.000,9999.000,9999.000,9999.000,9999.000
202606280730,   4.027,   3.699,9999.000,9999.000,9999.000,9999.000,9999.000,9999.000,9999.000
202606280736,   4.043,   3.650,9999.000,9999.000,9999.000,9999.000,9999.000,9999.000,9999.000
202606280742,   4.059,   3.660,9999.000,9999.000,9999.000,9999.000,9999.000,9999.000,9999.000
202606280748,   4.074,   3.670,9999.000,9999.000,9999.000,9999.000,9999.000,9999.000,9999.000
202606280754,   4.088,   3.699,9999.000,9999.000,9999.000,9999.000,9999.000,9999.000,9999.000
202606280800,   4.102,   3.758,  -0.300,  -0.044,   3.758,  -0.400,   3.658,  -0.300,   3.758
202606280806,   4.116,   3.768,9999.000,9999.000,9999.000,9999.000,9999.000,9999.000,9999.000
202606280812,   4.128,   3.788,9999.000,9999.000,9999.000,9999.000,9999.000,9999.000,9999.000
202606280818,   4.141,   3.749,9999.000,9999.000,9999.000,9999.000,9999.000,9999.000,9999.000
202606280824,   4.153,   3.729,9999.000,9999.000,9999.000,9999.000,9999.000,9999.000,9999.000
202606280830,   4.164,   3.758,9999.000,9999.000,9999.000,9999.000,9999.000,9999.000,9999.000
202606280836,   4.174,   3.788,9999.000,9999.000,9999.000,9999.000,9999.000,9999.000,9999.000
202606280842,   4.184,   3.778,9999.000,9999.000,9999.000,9999.000,9999.000,9999.000,9999.000
202606280848,   4.193,   3.808,9999.000,9999.000,9999.000,9999.000,9999.000,9999.000,9999.000
202606280854,   4.202,   3.837,9999.000,9999.000,9999.000,9999.000,9999.000,9999.000,9999.000
202606280900,   4.209,   3.827,  -0.300,  -0.082,   3.827,  -0.400,   3.727,  -0.300,   3.827
202606280906,   4.216,   3.798,9999.000,9999.000,9999.000,9999.000,9999.000,9999.000,9999.000
202606280912,   4.222,   3.798,9999.000,9999.000,9999.000,9999.000,9999.000,9999.000,9999.000
202606280918,   4.228,   3.788,9999.000,9999.000,9999.000,9999.000,9999.000,9999.000,9999.000
202606280924,   4.232,   3.788,9999.000,9999.000,9999.000,9999.000,9999.000,9999.000,9999.000
202606280930,   4.236,   3.837,9999.000,9999.000,9999.000,9999.000,9999.000,9999.000,9999.000
202606280936,   4.239,   3.860,9999.000,9999.000,9999.000,9999.000,9999.000,9999.000,9999.000
202606280942,   4.241,   3.827,9999.000,9999.000,9999.000,9999.000,9999.000,9999.000,9999.000
202606280948,   4.241,   3.788,9999.000,9999.000,9999.000,9999.000,9999.000,9999.000,9999.000
202606280954,   4.241,   3.788,9999.000,9999.000,9999.000,9999.000,9999.000,9999.000,9999.000
202606281000,   4.240,   3.768,  -0.400,  -0.072,   3.768,  -0.400,   3.768,  -0.300,   3.868
202606281006,   4.238,   3.817,9999.000,9999.000,9999.000,9999.000,9999.000,9999.000,9999.000
202606281012,   4.235,   3.817,9999.000,9999.000,9999.000,9999.000,9999.000,9999.000,9999.000
202606281018,   4.231,   3.788,9999.000,9999.000,9999.000,9999.000,9999.000,9999.000,9999.000
202606281024,   4.226,   3.758,9999.000,9999.000,9999.000,9999.000,9999.000,9999.000,9999.000
202606281030,   4.220,   3.768,9999.000,9999.000,9999.000,9999.000,9999.000,9999.000,9999.000
202606281036,   4.212,   3.778,9999.000,9999.000,9999.000,9999.000,9999.000,9999.000,9999.000
202606281042,   4.203,   3.808,9999.000,9999.000,9999.000,9999.000,9999.000,9999.000,9999.000
202606281048,   4.194,   3.749,9999.000,9999.000,9999.000,9999.000,9999.000,9999.000,9999.000
202606281054,   4.182,   3.749,9999.000,9999.000,9999.000,9999.000,9999.000,9999.000,9999.000
202606281100,   4.170,   3.709,  -0.400,  -0.061,   3.709,  -0.400,   3.709,  -0.400,   3.709
202606281106,   4.156,   3.709,9999.000,9999.000,9999.000,9999.000,9999.000,9999.000,9999.000
202606281112,   4.141,   3.689,9999.000,9999.000,9999.000,9999.000,9999.000,9999.000,9999.000
202606281118,   4.125,   3.709,9999.000,9999.000,9999.000,9999.000,9999.000,9999.000,9999.000
202606281124,   4.107,   3.689,9999.000,9999.000,9999.000,9999.000,9999.000,9999.000,9999.000
202606281130,   4.087,   3.617,9999.000,9999.000,9999.000,9999.000,9999.000,9999.000,9999.000
202606281136,   4.067,   3.627,9999.000,9999.000,9999.000,9999.000,9999.000,9999.000,9999.000
202606281142,   4.044,   3.617,9999.000,9999.000,9999.000,9999.000,9999.000,9999.000,9999.000
202606281148,   4.020,   3.578,9999.000,9999.000,9999.000,9999.000,9999.000,9999.000,9999.000
202606281154,   3.995,   3.529,9999.000,9999.000,9999.000,9999.000,9999.000,9999.000,9999.000
202606281200,   3.968,   3.529,  -0.600,   0.161,   3.529,  -0.700,   3.429,  -0.600,   3.529
202606281206,   3.939,   3.509,9999.000,9999.000,9999.000,9999.000,9999.000,9999.000,9999.000
202606281212,   3.909,   3.499,9999.000,9999.000,9999.000,9999.000,9999.000,9999.000,9999.000
202606281218,   3.877,   3.460,9999.000,9999.000,9999.000,9999.000,9999.000,9999.000,9999.000
202606281224,   3.843,   3.398,9999.000,9999.000,9999.000,9999.000,9999.000,9999.000,9999.000
202606281230,   3.807,   3.378,9999.000,9999.000,9999.000,9999.000,9999.000,9999.000,9999.000
202606281236,   3.770,   3.339,9999.000,9999.000,9999.000,9999.000,9999.000,9999.000,9999.000
202606281242,   3.731,   3.309,9999.000,9999.000,9999.000,9999.000,9999.000,9999.000,9999.000
202606281248,   3.691,   3.270,9999.000,9999.000,9999.000,9999.000,9999.000,9999.000,9999.000
202606281254,   3.648,   3.207,9999.000,9999.000,9999.000,9999.000,9999.000,9999.000,9999.000
202606281300,   3.604,   3.188,  -0.700,   0.284,   3.188,  -0.700,   3.188,  -0.600,   3.288
202606281306,   3.559,   3.138,9999.000,9999.000,9999.000,9999.000,9999.000,9999.000,9999.000
202606281312,   3.511,   3.119,9999.000,9999.000,9999.000,9999.000,9999.000,9999.000,9999.000
202606281318,   3.462,   3.079,9999.000,9999.000,9999.000,9999.000,9999.000,9999.000,9999.000
202606281324,   3.411,   3.030,9999.000,9999.000,9999.000,9999.000,9999.000,9999.000,9999.000
202606281330,   3.359,   2.929,9999.000,9999.000,9999.000,9999.000,9999.000,9999.000,9999.000
202606281336,   3.305,   2.879,9999.000,9999.000,9999.000,9999.000,9999.000,9999.000,9999.000
202606281342,   3.249,   2.830,9999.000,9999.000,9999.000,9999.000,9999.000,9999.000,9999.000
202606281348,   3.192,   2.820,9999.000,9999.000,9999.000,9999.000,9999.000,9999.000,9999.000
202606281354,   3.133,   2.748,9999.000,9999.000,9999.000,9999.000,9999.000,9999.000,9999.000
202606281400,   3.073,   2.679,  -0.700,   0.306,   2.679,  -0.700,   2.679,  -0.700,   2.679
202606281406,   3.011,   2.610,9999.000,9999.000,9999.000,9999.000,9999.000,9999.000,9999.000
202606281412,   2.948,   2.519,9999.000,9999.000,9999.000,9999.000,9999.000,9999.000,9999.000
202606281418,   2.884,   2.459,9999.000,9999.000,9999.000,9999.000,9999.000,9999.000,9999.000
202606281424,   2.818,   2.410,9999.000,9999.000,9999.000,9999.000,9999.000,9999.000,9999.000
202606281430,   2.751,   2.377,9999.000,9999.000,9999.000,9999.000,9999.000,9999.000,9999.000
202606281436,   2.683,   2.289,9999.000,9999.000,9999.000,9999.000,9999.000,9999.000,9999.000
202606281442,   2.614,   2.240,9999.000,9999.000,9999.000,9999.000,9999.000,9999.000,9999.000
202606281448,   2.544,   2.148,9999.000,9999.000,9999.000,9999.000,9999.000,9999.000,9999.000
202606281454,   2.473,   2.049,9999.000,9999.000,9999.000,9999.000,9999.000,9999.000,9999.000
202606281500,   2.401,   1.990,  -0.700,   0.289,   1.990,  -0.800,   1.890,  -0.700,   1.990
202606281506,   2.328,   1.938,9999.000,9999.000,9999.000,9999.000,9999.000,9999.000,9999.000
202606281512,   2.254,   1.918,9999.000,9999.000,9999.000,9999.000,9999.000,9999.000,9999.000
202606281518,   2.180,   1.800,9999.000,9999.000,9999.000,9999.000,9999.000,9999.000,9999.000
202606281524,   2.105,   1.708,9999.000,9999.000,9999.000,9999.000,9999.000,9999.000,9999.000
202606281530,   2.029,   1.649,9999.000,9999.000,9999.000,9999.000,9999.000,9999.000,9999.000
202606281536,   1.953,   1.518,9999.000,9999.000,9999.000,9999.000,9999.000,9999.000,9999.000
202606281542,   1.876,   1.479,9999.000,9999.000,9999.000,9999.000,9999.000,9999.000,9999.000
202606281548,   1.799,   1.449,9999.000,9999.000,9999.000,9999.000,9999.000,9999.000,9999.000
202606281554,   1.721,   1.390,9999.000,9999.000,9999.000,9999.000,9999.000,9999.000,9999.000
202606281600,   1.644,   1.259,  -0.700,   0.315,   1.259,  -0.800,   1.159,  -0.700,   1.259
202606281606,   1.566,   1.151,9999.000,9999.000,9999.000,9999.000,9999.000,9999.000,9999.000
202606281612,   1.488,   1.088,9999.000,9999.000,9999.000,9999.000,9999.000,9999.000,9999.000
202606281618,   1.410,   0.990,9999.000,9999.000,9999.000,9999.000,9999.000,9999.000,9999.000
202606281624,   1.332,   0.918,9999.000,9999.000,9999.000,9999.000,9999.000,9999.000,9999.000
202606281630,   1.254,   0.888,9999.000,9999.000,9999.000,9999.000,9999.000,9999.000,9999.000
202606281636,   1.176,   0.839,9999.000,9999.000,9999.000,9999.000,9999.000,9999.000,9999.000
202606281642,   1.098,   0.718,9999.000,9999.000,9999.000,9999.000,9999.000,9999.000,9999.000
202606281648,   1.021,9999.000,9999.000,9999.000,9999.000,9999.000,9999.000,9999.000,9999.000
202606281654,   0.944,   0.590,9999.000,9999.000,9999.000,9999.000,9999.000,9999.000,9999.000
202606281700,   0.868,   0.508,  -0.700,   0.340,   0.508,  -0.800,   0.408,  -0.700,   0.508
202606281706,   0.793,   0.419,9999.000,9999.000,9999.000,9999.000,9999.000,9999.000,9999.000
202606281712,   0.718,   0.341,9999.000,9999.000,9999.000,9999.000,9999.000,9999.000,9999.000
202606281718,   0.644,9999.000,9999.000,9999.000,9999.000,9999.000,9999.000,9999.000,9999.000
202606281724,   0.571,   0.190,9999.000,9999.000,9999.000,9999.000,9999.000,9999.000,9999.000
202606281730,   0.498,   0.131,9999.000,9999.000,9999.000,9999.000,9999.000,9999.000,9999.000
202606281736,   0.427,   0.088,9999.000,9999.000,9999.000,9999.000,9999.000,9999.000,9999.000
202606281742,   0.357,   0.029,9999.000,9999.000,9999.000,9999.000,9999.000,9999.000,9999.000
202606281748,   0.288,  -0.098,9999.000,9999.000,9999.000,9999.000,9999.000,9999.000,9999.000
202606281754,   0.221,  -0.150,9999.000,9999.000,9999.000,9999.000,9999.000,9999.000,9999.000
202606281800,   0.155,  -0.268,  -0.700,   0.277,  -0.268,  -0.800,  -0.368,  -0.700,  -0.268
202606281806,   0.091,  -0.278,9999.000,9999.000,9999.000,9999.000,9999.000,9999.000,9999.000
202606281812,   0.028,  -0.331,9999.000,9999.000,9999.000,9999.000,9999.000,9999.000,9999.000
202606281818,  -0.033,  -0.409,9999.000,9999.000,9999.000,9999.000,9999.000,9999.000,9999.000
202606281824,  -0.092,  -0.419,9999.000,9999.000,9999.000,9999.000,9999.000,9999.000,9999.000
202606281830,  -0.150,  -0.508,9999.000,9999.000,9999.000,9999.000,9999.000,9999.000,9999.000
202606281836,  -0.205,  -0.580,9999.000,9999.000,9999.000,9999.000,9999.000,9999.000,9999.000
202606281842,  -0.259,  -0.678,9999.000,9999.000,9999.000,9999.000,9999.000,9999.000,9999.000
202606281848,  -0.310,  -0.678,9999.000,9999.000,9999.000,9999.000,9999.000,9999.000,9999.000
202606281854,  -0.360,  -0.731,9999.000,9999.000,9999.000,9999.000,9999.000,9999.000,9999.000
202606281900,  -0.407,  -0.780,  -0.800,   0.427,  -0.780,  -0.800,  -0.780,  -0.700,  -0.680
202606281906,  -0.452,  -0.810,9999.000,9999.000,9999.000,9999.000,9999.000,9999.000,9999.000
202606281912,  -0.495,  -0.879,9999.000,9999.000,9999.000,9999.000,9999.000,9999.000,9999.000
202606281918,  -0.535,  -0.918,9999.000,9999.000,9999.000,9999.000,9999.000,9999.000,9999.000
202606281924,  -0.573,  -0.980,9999.000,9999.000,9999.000,9999.000,9999.000,9999.000,9999.000
202606281930,  -0.609,  -1.000,9999.000,9999.000,9999.000,9999.000,9999.000,9999.000,9999.000
202606281936,  -0.642,  -0.970,9999.000,9999.000,9999.000,9999.000,9999.000,9999.000,9999.000
202606281942,  -0.672,  -1.069,9999.000,9999.000,9999.000,9999.000,9999.000,9999.000,9999.000
202606281948,  -0.700,  -1.059,9999.000,9999.000,9999.000,9999.000,9999.000,9999.000,9999.000
202606281954,  -0.725,  -1.128,9999.000,9999.000,9999.000,9999.000,9999.000,9999.000,9999.000
202606282000,  -0.748,  -1.138,  -0.800,   0.410,  -1.138,  -0.800,  -1.138,  -0.800,  -1.138
202606282006,  -0.768,  -1.200,9999.000,9999.000,9999.000,9999.000,9999.000,9999.000,9999.000
202606282012,  -0.786,  -1.170,9999.000,9999.000,9999.000,9999.000,9999.000,9999.000,9999.000
202606282018,  -0.801,  -1.128,9999.000,9999.000,9999.000,9999.000,9999.000,9999.000,9999.000
202606282024,  -0.813,  -1.190,9999.000,9999.000,9999.000,9999.000,9999.000,9999.000,9999.000
202606282030,  -0.823,  -1.210,9999.000,9999.000,9999.000,9999.000,9999.000,9999.000,9999.000
202606282036,  -0.830,  -1.269,9999.000,9999.000,9999.000,9999.000,9999.000,9999.000,9999.000
202606282042,  -0.835,  -1.180,9999.000,9999.000,9999.000,9999.000,9999.000,9999.000,9999.000
202606282048,  -0.836,  -1.200,9999.000,9999.000,9999.000,9999.000,9999.000,9999.000,9999.000
202606282054,  -0.836,  -1.170,9999.000,9999.000,9999.000,9999.000,9999.000,9999.000,9999.000
202606282100,  -0.832,  -1.220,  -0.800,   0.412,  -1.220,  -0.800,  -1.220,  -0.800,  -1.220
202606282106,  -0.827,  -1.210,9999.000,9999.000,9999.000,9999.000,9999.000,9999.000,9999.000
202606282112,  -0.818,  -1.259,9999.000,9999.000,9999.000,9999.000,9999.000,9999.000,9999.000
202606282118,  -0.807,  -1.229,9999.000,9999.000,9999.000,9999.000,9999.000,9999.000,9999.000
202606282124,  -0.794,  -1.151,9999.000,9999.000,9999.000,9999.000,9999.000,9999.000,9999.000
202606282130,  -0.777,  -1.108,9999.000,9999.000,9999.000,9999.000,9999.000,9999.000,9999.000
202606282136,  -0.759,  -1.088,9999.000,9999.000,9999.000,9999.000,9999.000,9999.000,9999.000
202606282142,  -0.738,9999.000,9999.000,9999.000,9999.000,9999.000,9999.000,9999.000,9999.000
202606282148,  -0.715,  -1.138,9999.000,9999.000,9999.000,9999.000,9999.000,9999.000,9999.000
202606282154,  -0.689,  -1.088,9999.000,9999.000,9999.000,9999.000,9999.000,9999.000,9999.000
202606282200,  -0.661,  -1.069,  -0.800,   0.392,  -1.069,  -0.900,  -1.169,  -0.800,  -1.069
202606282206,  -0.630,  -1.059,9999.000,9999.000,9999.000,9999.000,9999.000,9999.000,9999.000
202606282212,  -0.597,  -1.000,9999.000,9999.000,9999.000,9999.000,9999.000,9999.000,9999.000
202606282218,  -0.562,  -0.961,9999.000,9999.000,9999.000,9999.000,9999.000,9999.000,9999.000
202606282224,  -0.525,  -0.908,9999.000,9999.000,9999.000,9999.000,9999.000,9999.000,9999.000
202606282230,  -0.486,  -0.879,9999.000,9999.000,9999.000,9999.000,9999.000,9999.000,9999.000
202606282236,  -0.444,  -0.908,9999.000,9999.000,9999.000,9999.000,9999.000,9999.000,9999.000
202606282242,  -0.401,  -0.879,9999.000,9999.000,9999.000,9999.000,9999.000,9999.000,9999.000
202606282248,  -0.355,9999.000,9999.000,9999.000,9999.000,9999.000,9999.000,9999.000,9999.000
202606282254,  -0.308,  -0.751,9999.000,9999.000,9999.000,9999.000,9999.000,9999.000,9999.000
202606282300,  -0.258,  -0.708,  -0.900,   0.450,  -0.708,  -0.900,  -0.708,  -0.800,  -0.608
202606282306,  -0.207,  -0.619,9999.000,9999.000,9999.000,9999.000,9999.000,9999.000,9999.000
202606282312,  -0.154,  -0.541,9999.000,9999.000,9999.000,9999.000,9999.000,9999.000,9999.000
202606282318,  -0.100,9999.000,9999.000,9999.000,9999.000,9999.000,9999.000,9999.000,9999.000
202606282324,  -0.043,  -0.488,9999.000,9999.000,9999.000,9999.000,9999.000,9999.000,9999.000
202606282330,   0.013,  -0.478,9999.000,9999.000,9999.000,9999.000,9999.000,9999.000,9999.000
202606282336,   0.073,  -0.360,9999.000,9999.000,9999.000,9999.000,9999.000,9999.000,9999.000
202606282342,   0.133,  -0.331,9999.000,9999.000,9999.000,9999.000,9999.000,9999.000,9999.000
202606282348,   0.195,9999.000,9999.000,9999.000,9999.000,9999.000,9999.000,9999.000,9999.000
202606282354,   0.258,   0.242,9999.000,9999.000,9999.000,9999.000,9999.000,9999.000,9999.000
202606290000,   0.322,  -0.068,  -0.700,   0.310,  -0.068,  -0.700,  -0.068,  -0.700,  -0.068
202606290006,   0.388,  -0.059,9999.000,9999.000,9999.000,9999.000,9999.000,9999.000,9999.000
202606290012,   0.454,  -0.039,9999.000,9999.000,9999.000,9999.000,9999.000,9999.000,9999.000
202606290018,   0.521,   0.049,9999.000,9999.000,9999.000,9999.000,9999.000,9999.000,9999.000
202606290024,   0.589,   0.150,9999.000,9999.000,9999.000,9999.000,9999.000,9999.000,9999.000
202606290030,   0.657,   0.239,9999.000,9999.000,9999.000,9999.000,9999.000,9999.000,9999.000
202606290036,   0.726,   0.308,9999.000,9999.000,9999.000,9999.000,9999.000,9999.000,9999.000
202606290042,   0.796,9999.000,9999.000,9999.000,9999.000,9999.000,9999.000,9999.000,9999.000
202606290048,   0.866,   0.390,9999.000,9999.000,9999.000,9999.000,9999.000,9999.000,9999.000
202606290054,   0.936,   0.409,9999.000,9999.000,9999.000,9999.000,9999.000,9999.000,9999.000
202606290100,   1.006,   0.478,  -0.700,   0.172,   0.478,  -0.800,   0.378,  -0.700,   0.478
202606290106,   1.077,   0.570,9999.000,9999.000,9999.000,9999.000,9999.000,9999.000,9999.000
202606290112,   1.147,   0.741,9999.000,9999.000,9999.000,9999.000,9999.000,9999.000,9999.000
202606290118,   1.218,9999.000,9999.000,9999.000,9999.000,9999.000,9999.000,9999.000,9999.000
202606290124,   1.289,   0.839,9999.000,9999.000,9999.000,9999.000,9999.000,9999.000,9999.000
202606290130,   1.359,   0.898,9999.000,9999.000,9999.000,9999.000,9999.000,9999.000,9999.000
202606290136,   1.429,   0.928,9999.000,9999.000,9999.000,9999.000,9999.000,9999.000,9999.000
202606290142,   1.499,   1.010,9999.000,9999.000,9999.000,9999.000,9999.000,9999.000,9999.000
202606290148,   1.569,   1.098,9999.000,9999.000,9999.000,9999.000,9999.000,9999.000,9999.000
202606290154,   1.638,   1.200,9999.000,9999.000,9999.000,9999.000,9999.000,9999.000,9999.000
202606290200,   1.707,   1.220,  -0.800,   0.313,   1.220,  -0.800,   1.220,  -0.700,   1.320
202606290206,   1.775,   1.318,9999.000,9999.000,9999.000,9999.000,9999.000,9999.000,9999.000
202606290212,   1.842,   1.380,9999.000,9999.000,9999.000,9999.000,9999.000,9999.000,9999.000
202606290218,   1.909,   1.498,9999.000,9999.000,9999.000,9999.000,9999.000,9999.000,9999.000
202606290224,   1.976,   1.548,9999.000,9999.000,9999.000,9999.000,9999.000,9999.000,9999.000
202606290230,   2.042,   1.580,9999.000,9999.000,9999.000,9999.000,9999.000,9999.000,9999.000
202606290236,   2.106,   1.590,9999.000,9999.000,9999.000,9999.000,9999.000,9999.000,9999.000
202606290242,   2.171,   1.639,9999.000,9999.000,9999.000,9999.000,9999.000,9999.000,9999.000
202606290248,   2.234,   1.748,9999.000,9999.000,9999.000,9999.000,9999.000,9999.000,9999.000
202606290254,   2.297,   1.899,9999.000,9999.000,9999.000,9999.000,9999.000,9999.000,9999.000
202606290300,   2.358,   1.938,  -0.800,   0.380,   1.938,  -0.800,   1.938,  -0.800,   1.938
202606290306,   2.419,   2.010,9999.000,9999.000,9999.000,9999.000,9999.000,9999.000,9999.000
202606290312,   2.479,   2.010,9999.000,9999.000,9999.000,9999.000,9999.000,9999.000,9999.000
202606290318,   2.538,   2.069,9999.000,9999.000,9999.000,9999.000,9999.000,9999.000,9999.000
202606290324,   2.596,   2.128,9999.000,9999.000,9999.000,9999.000,9999.000,9999.000,9999.000
202606290330,   2.653,   2.210,9999.000,9999.000,9999.000,9999.000,9999.000,9999.000,9999.000
202606290336,   2.708,   2.328,9999.000,9999.000,9999.000,9999.000,9999.000,9999.000,9999.000
202606290342,   2.763,   2.328,9999.000,9999.000,9999.000,9999.000,9999.000,9999.000,9999.000
202606290348,   2.817,   2.410,9999.000,9999.000,9999.000,9999.000,9999.000,9999.000,9999.000
202606290354,   2.870,   2.420,9999.000,9999.000,9999.000,9999.000,9999.000,9999.000,9999.000
202606290400,   2.922,   2.499,  -0.800,   0.377,   2.499,  -0.800,   2.499,  -0.800,   2.499
202606290406,   2.972,   2.479,9999.000,9999.000,9999.000,9999.000,9999.000,9999.000,9999.000
202606290412,   3.021,   2.620,9999.000,9999.000,9999.000,9999.000,9999.000,9999.000,9999.000
202606290418,   3.070,   2.650,9999.000,9999.000,9999.000,9999.000,9999.000,9999.000,9999.000
202606290424,   3.117,   2.699,9999.000,9999.000,9999.000,9999.000,9999.000,9999.000,9999.000
202606290430,   3.163,   2.738,9999.000,9999.000,9999.000,9999.000,9999.000,9999.000,9999.000
202606290436,   3.208,   2.768,9999.000,9999.000,9999.000,9999.000,9999.000,9999.000,9999.000
202606290442,   3.251,   2.787,9999.000,9999.000,9999.000,9999.000,9999.000,9999.000,9999.000
202606290448,   3.294,   2.807,9999.000,9999.000,9999.000,9999.000,9999.000,9999.000,9999.000
202606290454,   3.335,   2.919,9999.000,9999.000,9999.000,9999.000,9999.000,9999.000,9999.000
202606290500,   3.375,   2.978,  -0.800,   0.403,   2.978,  -0.800,   2.978,  -0.800,   2.978
202606290506,   3.414,   2.958,9999.000,9999.000,9999.000,9999.000,9999.000,9999.000,9999.000
202606290512,   3.452,   3.030,9999.000,9999.000,9999.000,9999.000,9999.000,9999.000,9999.000
202606290518,   3.489,   3.060,9999.000,9999.000,9999.000,9999.000,9999.000,9999.000,9999.000
202606290524,   3.524,   3.099,9999.000,9999.000,9999.000,9999.000,9999.000,9999.000,9999.000
202606290530,   3.559,   3.099,9999.000,9999.000,9999.000,9999.000,9999.000,9999.000,9999.000
202606290536,   3.592,   3.099,9999.000,9999.000,9999.000,9999.000,9999.000,9999.000,9999.000
202606290542,   3.625,   3.168,9999.000,9999.000,9999.000,9999.000,9999.000,9999.000,9999.000
202606290548,   3.656,   3.207,9999.000,9999.000,9999.000,9999.000,9999.000,9999.000,9999.000
202606290554,   3.686,   3.260,9999.000,9999.000,9999.000,9999.000,9999.000,9999.000,9999.000
202606290600,   3.716,   3.279,  -0.700,   0.263,   3.279,  -0.700,   3.279,  -0.700,   3.279
202606290606,   3.744,   3.339,9999.000,9999.000,9999.000,9999.000,9999.000,9999.000,9999.000
202606290612,   3.771,   3.289,9999.000,9999.000,9999.000,9999.000,9999.000,9999.000,9999.000
202606290618,   3.798,   3.348,9999.000,9999.000,9999.000,9999.000,9999.000,9999.000,9999.000
202606290624,   3.824,   3.309,9999.000,9999.000,9999.000,9999.000,9999.000,9999.000,9999.000
202606290630,   3.849,   3.348,9999.000,9999.000,9999.000,9999.000,9999.000,9999.000,9999.000
202606290636,   3.873,   3.398,9999.000,9999.000,9999.000,9999.000,9999.000,9999.000,9999.000
202606290642,   3.896,   3.427,9999.000,9999.000,9999.000,9999.000,9999.000,9999.000,9999.000
202606290648,   3.918,   3.480,9999.000,9999.000,9999.000,9999.000,9999.000,9999.000,9999.000
202606290654,   3.940,   3.509,9999.000,9999.000,9999.000,9999.000,9999.000,9999.000,9999.000
202606290700,   3.961,   3.519,  -0.700,   0.258,   3.519,  -0.700,   3.519,  -0.700,   3.519
202606290706,   3.982,   3.480,9999.000,9999.000,9999.000,9999.000,9999.000,9999.000,9999.000
202606290712,   4.002,   3.480,9999.000,9999.000,9999.000,9999.000,9999.000,9999.000,9999.000
202606290718,   4.021,   3.470,9999.000,9999.000,9999.000,9999.000,9999.000,9999.000,9999.000
202606290724,   4.039,   3.519,9999.000,9999.000,9999.000,9999.000,9999.000,9999.000,9999.000
202606290730,   4.057,   3.598,9999.000,9999.000,9999.000,9999.000,9999.000,9999.000,9999.000
202606290736,   4.075,   3.650,9999.000,9999.000,9999.000,9999.000,9999.000,9999.000,9999.000
202606290742,   4.092,   3.650,9999.000,9999.000,9999.000,9999.000,9999.000,9999.000,9999.000
202606290748,   4.108,   3.627,9999.000,9999.000,9999.000,9999.000,9999.000,9999.000,9999.000
202606290754,   4.124,   3.627,9999.000,9999.000,9999.000,9999.000,9999.000,9999.000,9999.000
202606290800,   4.139,   3.598,  -0.700,   0.159,   3.598,  -0.800,   3.498,  -0.700,   3.598
202606290806,   4.153,   3.650,9999.000,9999.000,9999.000,9999.000,9999.000,9999.000,9999.000
202606290812,   4.167,   3.627,9999.000,9999.000,9999.000,9999.000,9999.000,9999.000,9999.000
202606290818,   4.181,   3.670,9999.000,9999.000,9999.000,9999.000,9999.000,9999.000,9999.000
202606290824,   4.194,   3.670,9999.000,9999.000,9999.000,9999.000,9999.000,9999.000,9999.000
202606290830,   4.206,   3.699,9999.000,9999.000,9999.000,9999.000,9999.000,9999.000,9999.000
202606290836,   4.218,   3.739,9999.000,9999.000,9999.000,9999.000,9999.000,9999.000,9999.000
202606290842,   4.229,   3.739,9999.000,9999.000,9999.000,9999.000,9999.000,9999.000,9999.000
202606290848,   4.239,   3.689,9999.000,9999.000,9999.000,9999.000,9999.000,9999.000,9999.000
202606290854,   4.249,   3.689,9999.000,9999.000,9999.000,9999.000,9999.000,9999.000,9999.000
202606290900,   4.258,   3.709,  -0.800,   0.251,   3.709,  -0.800,   3.709,  -0.700,   3.809
202606290906,   4.266,   3.709,9999.000,9999.000,9999.000,9999.000,9999.000,9999.000,9999.000
202606290912,   4.274,   3.788,9999.000,9999.000,9999.000,9999.000,9999.000,9999.000,9999.000
202606290918,   4.281,   3.788,9999.000,9999.000,9999.000,9999.000,9999.000,9999.000,9999.000
202606290924,   4.287,   3.788,9999.000,9999.000,9999.000,9999.000,9999.000,9999.000,9999.000
202606290930,   4.293,   3.758,9999.000,9999.000,9999.000,9999.000,9999.000,9999.000,9999.000
202606290936,   4.297,   3.778,9999.000,9999.000,9999.000,9999.000,9999.000,9999.000,9999.000
202606290942,   4.301,   3.729,9999.000,9999.000,9999.000,9999.000,9999.000,9999.000,9999.000
202606290948,   4.304,   3.768,9999.000,9999.000,9999.000,9999.000,9999.000,9999.000,9999.000
202606290954,   4.306,   3.758,9999.000,9999.000,9999.000,9999.000,9999.000,9999.000,9999.000
202606291000,   4.307,   3.808,  -0.800,   0.301,   3.808,  -0.800,   3.808,  -0.700,   3.908
202606291006,   4.308,   3.768,9999.000,9999.000,9999.000,9999.000,9999.000,9999.000,9999.000
202606291012,   4.307,   3.798,9999.000,9999.000,9999.000,9999.000,9999.000,9999.000,9999.000
202606291018,   4.306,   3.798,9999.000,9999.000,9999.000,9999.000,9999.000,9999.000,9999.000
202606291024,   4.303,   3.768,9999.000,9999.000,9999.000,9999.000,9999.000,9999.000,9999.000
202606291030,   4.300,   3.768,9999.000,9999.000,9999.000,9999.000,9999.000,9999.000,9999.000
202606291036,   4.295,   3.749,9999.000,9999.000,9999.000,9999.000,9999.000,9999.000,9999.000
202606291042,   4.290,   3.768,9999.000,9999.000,9999.000,9999.000,9999.000,9999.000,9999.000
202606291048,   4.283,   3.758,9999.000,9999.000,9999.000,9999.000,9999.000,9999.000,9999.000
202606291054,   4.276,   3.778,9999.000,9999.000,9999.000,9999.000,9999.000,9999.000,9999.000
202606291100,   4.267,   3.778,  -0.800,   0.311,   3.778,  -0.800,   3.778,  -0.700,   3.878
202606291106,   4.257,   3.788,9999.000,9999.000,9999.000,9999.000,9999.000,9999.000,9999.000
202606291112,   4.246,   3.719,9999.000,9999.000,9999.000,9999.000,9999.000,9999.000,9999.000
202606291118,   4.234,   3.660,9999.000,9999.000,9999.000,9999.000,9999.000,9999.000,9999.000
202606291124,   4.221,   3.680,9999.000,9999.000,9999.000,9999.000,9999.000,9999.000,9999.000
202606291130,   4.206,   3.670,9999.000,9999.000,9999.000,9999.000,9999.000,9999.000,9999.000
202606291136,   4.191,   3.689,9999.000,9999.000,9999.000,9999.000,9999.000,9999.000,9999.000
202606291142,   4.174,   3.699,9999.000,9999.000,9999.000,9999.000,9999.000,9999.000,9999.000
202606291148,   4.156,   3.689,9999.000,9999.000,9999.000,9999.000,9999.000,9999.000,9999.000
202606291154,   4.136,   3.617,9999.000,9999.000,9999.000,9999.000,9999.000,9999.000,9999.000
202606291200,   4.115,   3.568,  -0.800,   0.253,   3.568,  -0.800,   3.568,  -0.700,   3.668
202606291206,   4.093,   3.519,9999.000,9999.000,9999.000,9999.000,9999.000,9999.000,9999.000
202606291212,   4.069,   3.529,9999.000,9999.000,9999.000,9999.000,9999.000,9999.000,9999.000
202606291218,   4.044,   3.529,9999.000,9999.000,9999.000,9999.000,9999.000,9999.000,9999.000
202606291224,   4.018,   3.519,9999.000,9999.000,9999.000,9999.000,9999.000,9999.000,9999.000
202606291230,   3.990,   3.529,9999.000,9999.000,9999.000,9999.000,9999.000,9999.000,9999.000
202606291236,   3.960,   3.480,9999.000,9999.000,9999.000,9999.000,9999.000,9999.000,9999.000
202606291242,   3.929,   3.440,9999.000,9999.000,9999.000,9999.000,9999.000,9999.000,9999.000
202606291248,   3.896,   3.398,9999.000,9999.000,9999.000,9999.000,9999.000,9999.000,9999.000
202606291254,   3.862,   3.388,9999.000,9999.000,9999.000,9999.000,9999.000,9999.000,9999.000
202606291300,   3.826,   3.368,  -0.800,   0.342,   3.368,  -0.800,   3.368,  -0.700,   3.468
202606291306,   3.789,   3.329,9999.000,9999.000,9999.000,9999.000,9999.000,9999.000,9999.000
202606291312,   3.750,   3.250,9999.000,9999.000,9999.000,9999.000,9999.000,9999.000,9999.000
202606291318,   3.709,   3.217,9999.000,9999.000,9999.000,9999.000,9999.000,9999.000,9999.000
202606291324,   3.667,   3.217,9999.000,9999.000,9999.000,9999.000,9999.000,9999.000,9999.000
202606291330,   3.623,   3.197,9999.000,9999.000,9999.000,9999.000,9999.000,9999.000,9999.000
202606291336,   3.578,   3.168,9999.000,9999.000,9999.000,9999.000,9999.000,9999.000,9999.000
202606291342,   3.530,   3.079,9999.000,9999.000,9999.000,9999.000,9999.000,9999.000,9999.000
202606291348,   3.482,   3.030,9999.000,9999.000,9999.000,9999.000,9999.000,9999.000,9999.000
202606291354,   3.431,   2.997,9999.000,9999.000,9999.000,9999.000,9999.000,9999.000,9999.000
202606291400,   3.379,   2.919,  -0.800,   0.340,   2.919,  -0.800,   2.919,  -0.700,   3.019
202606291406,   3.326,   2.919,9999.000,9999.000,9999.000,9999.000,9999.000,9999.000,9999.000
202606291412,   3.271,   2.840,9999.000,9999.000,9999.000,9999.000,9999.000,9999.000,9999.000
202606291418,   3.214,   2.787,9999.000,9999.000,9999.000,9999.000,9999.000,9999.000,9999.000
202606291424,   3.156,   2.728,9999.000,9999.000,9999.000,9999.000,9999.000,9999.000,9999.000
202606291430,   3.096,   2.699,9999.000,9999.000,9999.000,9999.000,9999.000,9999.000,9999.000
202606291436,   3.035,   2.699,9999.000,9999.000,9999.000,9999.000,9999.000,9999.000,9999.000
202606291442,   2.973,   2.597,9999.000,9999.000,9999.000,9999.000,9999.000,9999.000,9999.000
202606291448,   2.910,   2.519,9999.000,9999.000,9999.000,9999.000,9999.000,9999.000,9999.000
202606291454,   2.845,   2.400,9999.000,9999.000,9999.000,9999.000,9999.000,9999.000,9999.000
202606291500,   2.779,   2.358,  -0.800,   0.379,   2.358,  -0.800,   2.358,  -0.700,   2.458
202606291506,   2.711,   2.309,9999.000,9999.000,9999.000,9999.000,9999.000,9999.000,9999.000
202606291512,   2.643,   2.279,9999.000,9999.000,9999.000,9999.000,9999.000,9999.000,9999.000
202606291518,   2.574,   2.250,9999.000,9999.000,9999.000,9999.000,9999.000,9999.000,9999.000
202606291524,   2.503,   2.158,9999.000,9999.000,9999.000,9999.000,9999.000,9999.000,9999.000
202606291530,   2.432,9999.000,9999.000,9999.000,9999.000,9999.000,9999.000,9999.000,9999.000
202606291536,   2.360,   1.948,9999.000,9999.000,9999.000,9999.000,9999.000,9999.000,9999.000
202606291542,   2.287,   1.899,9999.000,9999.000,9999.000,9999.000,9999.000,9999.000,9999.000
202606291548,   2.214,   1.810,9999.000,9999.000,9999.000,9999.000,9999.000,9999.000,9999.000
202606291554,   2.139,   1.767,9999.000,9999.000,9999.000,9999.000,9999.000,9999.000,9999.000
202606291600,   2.064,   1.689,  -0.800,   0.425,   1.689,  -0.800,   1.689,  -0.700,   1.789
202606291606,   1.989,   1.659,9999.000,9999.000,9999.000,9999.000,9999.000,9999.000,9999.000
202606291612,   1.913,9999.000,9999.000,9999.000,9999.000,9999.000,9999.000,9999.000,9999.000
202606291618,   1.837,9999.000,9999.000,9999.000,9999.000,9999.000,9999.000,9999.000,9999.000
202606291624,   1.760,   1.043,9999.000,9999.000,9999.000,9999.000,9999.000,9999.000,9999.000
202606291630,   1.683,9999.000,9999.000,9999.000,9999.000,9999.000,9999.000,9999.000,9999.000
202606291636,   1.606,   1.259,9999.000,9999.000,9999.000,9999.000,9999.000,9999.000,9999.000
202606291642,   1.529,   1.170,9999.000,9999.000,9999.000,9999.000,9999.000,9999.000,9999.000
202606291648,   1.452,   1.161,9999.000,9999.000,9999.000,9999.000,9999.000,9999.000,9999.000
202606291654,   1.374,   1.088,9999.000,9999.000,9999.000,9999.000,9999.000,9999.000,9999.000
202606291700,   1.297,   1.039,  -0.700,   0.442,   1.039,  -0.800,   0.939,  -0.700,   1.039
202606291706,   1.220,   0.941,9999.000,9999.000,9999.000,9999.000,9999.000,9999.000,9999.000
202606291712,   1.143,   0.829,9999.000,9999.000,9999.000,9999.000,9999.000,9999.000,9999.000
202606291718,   1.067,9999.000,9999.000,9999.000,9999.000,9999.000,9999.000,9999.000,9999.000
202606291724,   0.991,   0.718,9999.000,9999.000,9999.000,9999.000,9999.000,9999.000,9999.000
202606291730,   0.915,   0.669,9999.000,9999.000,9999.000,9999.000,9999.000,9999.000,9999.000
202606291736,   0.840,   0.570,9999.000,9999.000,9999.000,9999.000,9999.000,9999.000,9999.000
202606291742,   0.766,   0.469,9999.000,9999.000,9999.000,9999.000,9999.000,9999.000,9999.000
202606291748,   0.692,9999.000,9999.000,9999.000,9999.000,9999.000,9999.000,9999.000,9999.000
202606291754,   0.619,   0.400,9999.000,9999.000,9999.000,9999.000,9999.000,9999.000,9999.000
202606291800,   0.547,   0.321,  -0.600,   0.374,   0.321,  -0.600,   0.321,  -0.500,   0.421
202606291806,   0.475,   0.259,9999.000,9999.000,9999.000,9999.000,9999.000,9999.000,9999.000
202606291812,   0.405,   0.160,9999.000,9999.000,9999.000,9999.000,9999.000,9999.000,9999.000
202606291818,   0.336,   0.088,9999.000,9999.000,9999.000,9999.000,9999.000,9999.000,9999.000
202606291824,   0.268,  -0.029,9999.000,9999.000,9999.000,9999.000,9999.000,9999.000,9999.000
202606291830,   0.202,  -0.088,9999.000,9999.000,9999.000,9999.000,9999.000,9999.000,9999.000
202606291836,   0.136,  -0.098,9999.000,9999.000,9999.000,9999.000,9999.000,9999.000,9999.000
202606291842,   0.073,  -0.141,9999.000,9999.000,9999.000,9999.000,9999.000,9999.000,9999.000
202606291848,   0.010,  -0.190,9999.000,9999.000,9999.000,9999.000,9999.000,9999.000,9999.000
202606291854,  -0.049,  -0.278,9999.000,9999.000,9999.000,9999.000,9999.000,9999.000,9999.000
202606291900,  -0.108,  -0.298,  -0.600,   0.410,  -0.298,  -0.600,  -0.298,  -0.500,  -0.198
202606291906,  -0.165,  -0.380,9999.000,9999.000,9999.000,9999.000,9999.000,9999.000,9999.000
202606291912,  -0.221,  -0.518,9999.000,9999.000,9999.000,9999.000,9999.000,9999.000,9999.000
202606291918,  -0.274,  -0.531,9999.000,9999.000,9999.000,9999.000,9999.000,9999.000,9999.000
202606291924,  -0.326,  -0.570,9999.000,9999.000,9999.000,9999.000,9999.000,9999.000,9999.000
202606291930,  -0.375,  -0.570,9999.000,9999.000,9999.000,9999.000,9999.000,9999.000,9999.000
202606291936,  -0.422,  -0.560,9999.000,9999.000,9999.000,9999.000,9999.000,9999.000,9999.000
202606291942,  -0.467,  -0.570,9999.000,9999.000,9999.000,9999.000,9999.000,9999.000,9999.000
202606291948,  -0.510,  -0.659,9999.000,9999.000,9999.000,9999.000,9999.000,9999.000,9999.000
202606291954,  -0.550,  -0.790,9999.000,9999.000,9999.000,9999.000,9999.000,9999.000,9999.000
202606292000,  -0.588,  -0.879,  -0.500,   0.209,  -0.879,  -0.600,  -0.979,  -0.500,  -0.879
202606292006,  -0.624,  -0.928,9999.000,9999.000,9999.000,9999.000,9999.000,9999.000,9999.000
202606292012,  -0.657,  -0.839,9999.000,9999.000,9999.000,9999.000,9999.000,9999.000,9999.000
202606292018,  -0.688,  -0.849,9999.000,9999.000,9999.000,9999.000,9999.000,9999.000,9999.000
202606292024,  -0.717,  -0.800,9999.000,9999.000,9999.000,9999.000,9999.000,9999.000,9999.000
202606292030,  -0.742,  -0.829,9999.000,9999.000,9999.000,9999.000,9999.000,9999.000,9999.000
202606292036,  -0.766,  -0.888,9999.000,9999.000,9999.000,9999.000,9999.000,9999.000,9999.000
202606292042,  -0.786,  -0.990,9999.000,9999.000,9999.000,9999.000,9999.000,9999.000,9999.000
202606292048,  -0.804,  -1.029,9999.000,9999.000,9999.000,9999.000,9999.000,9999.000,9999.000
202606292054,  -0.820,  -1.039,9999.000,9999.000,9999.000,9999.000,9999.000,9999.000,9999.000
202606292100,  -0.833,  -1.020,  -0.500,   0.313,  -1.020,  -0.500,  -1.020,  -0.400,  -0.920
202606292106,  -0.843,  -0.990,9999.000,9999.000,9999.000,9999.000,9999.000,9999.000,9999.000
202606292112,  -0.850,  -0.961,9999.000,9999.000,9999.000,9999.000,9999.000,9999.000,9999.000
202606292118,  -0.855,  -0.951,9999.000,9999.000,9999.000,9999.000,9999.000,9999.000,9999.000
202606292124,  -0.858,  -0.980,9999.000,9999.000,9999.000,9999.000,9999.000,9999.000,9999.000
202606292130,  -0.858,  -0.980,9999.000,9999.000,9999.000,9999.000,9999.000,9999.000,9999.000
202606292136,  -0.855,  -1.000,9999.000,9999.000,9999.000,9999.000,9999.000,9999.000,9999.000
202606292142,  -0.849,  -0.941,9999.000,9999.000,9999.000,9999.000,9999.000,9999.000,9999.000
202606292148,  -0.841,9999.000,9999.000,9999.000,9999.000,9999.000,9999.000,9999.000,9999.000
202606292154,  -0.831,9999.000,9999.000,9999.000,9999.000,9999.000,9999.000,9999.000,9999.000
202606292200,  -0.818,9999.000,  -0.400,9999.000,  -1.218,  -0.500,  -1.318,  -0.400,  -1.218
202606292206,  -0.802,9999.000,9999.000,9999.000,9999.000,9999.000,9999.000,9999.000,9999.000
202606292212,  -0.784,9999.000,9999.000,9999.000,9999.000,9999.000,9999.000,9999.000,9999.000
202606292218,  -0.764,9999.000,9999.000,9999.000,9999.000,9999.000,9999.000,9999.000,9999.000
202606292224,  -0.741,  -0.649,9999.000,9999.000,9999.000,9999.000,9999.000,9999.000,9999.000
202606292230,  -0.716,9999.000,9999.000,9999.000,9999.000,9999.000,9999.000,9999.000,9999.000
202606292236,  -0.688,9999.000,9999.000,9999.000,9999.000,9999.000,9999.000,9999.000,9999.000
202606292242,  -0.658,9999.000,9999.000,9999.000,9999.000,9999.000,9999.000,9999.000,9999.000
202606292248,  -0.626,9999.000,9999.000,9999.000,9999.000,9999.000,9999.000,9999.000,9999.000
202606292254,  -0.591,  -0.659,9999.000,9999.000,9999.000,9999.000,9999.000,9999.000,9999.000
202606292300,  -0.555,  -0.649,  -0.400,   0.306,  -0.649,  -0.500,  -0.749,  -0.400,  -0.649
202606292306,  -0.516,  -0.560,9999.000,9999.000,9999.000,9999.000,9999.000,9999.000,9999.000
202606292312,  -0.475,  -0.508,9999.000,9999.000,9999.000,9999.000,9999.000,9999.000,9999.000
202606292318,  -0.432,9999.000,9999.000,9999.000,9999.000,9999.000,9999.000,9999.000,9999.000
202606292324,  -0.386,  -0.419,9999.000,9999.000,9999.000,9999.000,9999.000,9999.000,9999.000
202606292330,  -0.339,  -0.439,9999.000,9999.000,9999.000,9999.000,9999.000,9999.000,9999.000
202606292336,  -0.290,  -0.419,9999.000,9999.000,9999.000,9999.000,9999.000,9999.000,9999.000
202606292342,  -0.239,  -0.298,9999.000,9999.000,9999.000,9999.000,9999.000,9999.000,9999.000
202606292348,  -0.187,  -0.239,9999.000,9999.000,9999.000,9999.000,9999.000,9999.000,9999.000
202606292354,  -0.132,  -0.111,9999.000,9999.000,9999.000,9999.000,9999.000,9999.000,9999.000
202606300000,  -0.076,  -0.068,  -0.200,   0.208,  -0.068,  -0.300,  -0.168,  -0.200,  -0.068
202606300006,  -0.018,   0.019,9999.000,9999.000,9999.000,9999.000,9999.000,9999.000,9999.000
202606300012,   0.040,   0.000,9999.000,9999.000,9999.000,9999.000,9999.000,9999.000,9999.000
202606300018,   0.101,9999.000,9999.000,9999.000,9999.000,9999.000,9999.000,9999.000,9999.000
202606300024,   0.163,   0.141,9999.000,9999.000,9999.000,9999.000,9999.000,9999.000,9999.000
202606300030,   0.226,   0.150,9999.000,9999.000,9999.000,9999.000,9999.000,9999.000,9999.000
202606300036,   0.291,   0.249,9999.000,9999.000,9999.000,9999.000,9999.000,9999.000,9999.000
202606300042,   0.356,   0.331,9999.000,9999.000,9999.000,9999.000,9999.000,9999.000,9999.000
202606300048,   0.423,9999.000,9999.000,9999.000,9999.000,9999.000,9999.000,9999.000,9999.000
202606300054,   0.490,   0.885,9999.000,9999.000,9999.000,9999.000,9999.000,9999.000,9999.000
202606300100,   0.559,   0.560,  -0.200,   0.201,   0.560,  -0.200,   0.560,  -0.100,   0.660
202606300106,   0.628,   0.590,9999.000,9999.000,9999.000,9999.000,9999.000,9999.000,9999.000
202606300112,   0.698,   0.590,9999.000,9999.000,9999.000,9999.000,9999.000,9999.000,9999.000
202606300118,   0.768,   0.659,9999.000,9999.000,9999.000,9999.000,9999.000,9999.000,9999.000
202606300124,   0.839,   0.780,9999.000,9999.000,9999.000,9999.000,9999.000,9999.000,9999.000
202606300130,   0.910,   0.888,9999.000,9999.000,9999.000,9999.000,9999.000,9999.000,9999.000
202606300136,   0.982,   0.941,9999.000,9999.000,9999.000,9999.000,9999.000,9999.000,9999.000
202606300142,   1.053,   1.039,9999.000,9999.000,9999.000,9999.000,9999.000,9999.000,9999.000
202606300148,   1.125,9999.000,9999.000,9999.000,9999.000,9999.000,9999.000,9999.000,9999.000
202606300154,   1.197,   1.200,9999.000,9999.000,9999.000,9999.000,9999.000,9999.000,9999.000
202606300200,   1.269,   1.249,  -0.100,   0.080,   1.249,  -0.200,   1.149,  -0.100,   1.249
202606300206,   1.341,   1.318,9999.000,9999.000,9999.000,9999.000,9999.000,9999.000,9999.000
202606300212,   1.412,   1.279,9999.000,9999.000,9999.000,9999.000,9999.000,9999.000,9999.000
202606300218,   1.484,   1.410,9999.000,9999.000,9999.000,9999.000,9999.000,9999.000,9999.000
202606300224,   1.555,   1.518,9999.000,9999.000,9999.000,9999.000,9999.000,9999.000,9999.000
202606300230,   1.626,   1.649,9999.000,9999.000,9999.000,9999.000,9999.000,9999.000,9999.000
202606300236,   1.696,   1.748,9999.000,9999.000,9999.000,9999.000,9999.000,9999.000,9999.000
202606300242,   1.766,   1.810,9999.000,9999.000,9999.000,9999.000,9999.000,9999.000,9999.000
202606300248,   1.835,   1.820,9999.000,9999.000,9999.000,9999.000,9999.000,9999.000,9999.000
202606300254,   1.903,   1.830,9999.000,9999.000,9999.000,9999.000,9999.000,9999.000,9999.000
202606300300,   1.971,   1.928,  -0.100,   0.057,   1.928,  -0.100,   1.928,   0.000,   2.028
202606300306,   2.039,   2.020,9999.000,9999.000,9999.000,9999.000,9999.000,9999.000,9999.000
202606300312,   2.105,   2.118,9999.000,9999.000,9999.000,9999.000,9999.000,9999.000,9999.000
202606300318,   2.171,   2.177,9999.000,9999.000,9999.000,9999.000,9999.000,9999.000,9999.000
202606300324,   2.236,   2.309,9999.000,9999.000,9999.000,9999.000,9999.000,9999.000,9999.000
202606300330,   2.300,   2.387,9999.000,9999.000,9999.000,9999.000,9999.000,9999.000,9999.000
202606300336,   2.363,   2.420,9999.000,9999.000,9999.000,9999.000,9999.000,9999.000,9999.000
202606300342,   2.426,   2.469,9999.000,9999.000,9999.000,9999.000,9999.000,9999.000,9999.000
202606300348,   2.487,   2.489,9999.000,9999.000,9999.000,9999.000,9999.000,9999.000,9999.000
202606300354,   2.547,   2.558,9999.000,9999.000,9999.000,9999.000,9999.000,9999.000,9999.000
202606300400,   2.607,   2.650,   0.000,   0.043,   2.650,  -0.100,   2.550,   0.000,   2.650
202606300406,   2.665,   2.719,9999.000,9999.000,9999.000,9999.000,9999.000,9999.000,9999.000
202606300412,   2.723,   2.807,9999.000,9999.000,9999.000,9999.000,9999.000,9999.000,9999.000
202606300418,   2.779,   2.850,9999.000,9999.000,9999.000,9999.000,9999.000,9999.000,9999.000
202606300424,   2.834,   2.909,9999.000,9999.000,9999.000,9999.000,9999.000,9999.000,9999.000
202606300430,   2.889,   2.938,9999.000,9999.000,9999.000,9999.000,9999.000,9999.000,9999.000
202606300436,   2.942,   2.978,9999.000,9999.000,9999.000,9999.000,9999.000,9999.000,9999.000
202606300442,   2.994,   3.040,9999.000,9999.000,9999.000,9999.000,9999.000,9999.000,9999.000
202606300448,   3.045,   3.060,9999.000,9999.000,9999.000,9999.000,9999.000,9999.000,9999.000
202606300454,   3.094,   3.109,9999.000,9999.000,9999.000,9999.000,9999.000,9999.000,9999.000
202606300500,   3.143,   3.207,   0.000,   0.064,   3.207,  -0.100,   3.107,   0.000,   3.207
202606300506,   3.190,   3.289,9999.000,9999.000,9999.000,9999.000,9999.000,9999.000,9999.000
202606300512,   3.236,   3.319,9999.000,9999.000,9999.000,9999.000,9999.000,9999.000,9999.000
202606300518,   3.281,   3.299,9999.000,9999.000,9999.000,9999.000,9999.000,9999.000,9999.000
202606300524,   3.325,   3.398,9999.000,9999.000,9999.000,9999.000,9999.000,9999.000,9999.000
202606300530,   3.367,   3.348,9999.000,9999.000,9999.000,9999.000,9999.000,9999.000,9999.000
202606300536,   3.409,   3.480,9999.000,9999.000,9999.000,9999.000,9999.000,9999.000,9999.000
202606300542,   3.449,   3.460,9999.000,9999.000,9999.000,9999.000,9999.000,9999.000,9999.000
202606300548,   3.488,   3.568,9999.000,9999.000,9999.000,9999.000,9999.000,9999.000,9999.000
202606300554,   3.525,   3.588,9999.000,9999.000,9999.000,9999.000,9999.000,9999.000,9999.000
202606300600,   3.562,   3.598,   0.000,   0.036,   3.598,   0.000,   3.598,   0.000,   3.598
202606300606,   3.597,   3.719,9999.000,9999.000,9999.000,9999.000,9999.000,9999.000,9999.000
202606300612,   3.631,   3.689,9999.000,9999.000,9999.000,9999.000,9999.000,9999.000,9999.000
202606300618,   3.664,   3.768,9999.000,9999.000,9999.000,9999.000,9999.000,9999.000,9999.000
202606300624,   3.696,   3.758,9999.000,9999.000,9999.000,9999.000,9999.000,9999.000,9999.000
202606300630,   3.727,   3.778,9999.000,9999.000,9999.000,9999.000,9999.000,9999.000,9999.000
202606300636,   3.757,   3.729,9999.000,9999.000,9999.000,9999.000,9999.000,9999.000,9999.000
202606300642,   3.785,   3.817,9999.000,9999.000,9999.000,9999.000,9999.000,9999.000,9999.000
202606300648,   3.813,   3.860,9999.000,9999.000,9999.000,9999.000,9999.000,9999.000,9999.000
202606300654,   3.839,   3.949,9999.000,9999.000,9999.000,9999.000,9999.000,9999.000,9999.000
202606300700,   3.865,   3.988,   0.000,   0.123,   3.988,   0.000,   3.988,   0.000,   3.988
202606300706,   3.889,   3.988,9999.000,9999.000,9999.000,9999.000,9999.000,9999.000,9999.000
202606300712,   3.913,   3.998,9999.000,9999.000,9999.000,9999.000,9999.000,9999.000,9999.000
202606300718,   3.935,   3.968,9999.000,9999.000,9999.000,9999.000,9999.000,9999.000,9999.000
202606300724,   3.957,   3.968,9999.000,9999.000,9999.000,9999.000,9999.000,9999.000,9999.000
202606300730,   3.978,   4.027,9999.000,9999.000,9999.000,9999.000,9999.000,9999.000,9999.000
202606300736,   3.998,   4.090,9999.000,9999.000,9999.000,9999.000,9999.000,9999.000,9999.000
202606300742,   4.018,   4.119,9999.000,9999.000,9999.000,9999.000,9999.000,9999.000,9999.000
202606300748,   4.036,   4.178,9999.000,9999.000,9999.000,9999.000,9999.000,9999.000,9999.000
202606300754,   4.054,   4.119,9999.000,9999.000,9999.000,9999.000,9999.000,9999.000,9999.000
202606300800,   4.071,   4.159,   0.000,   0.088,   4.159,   0.000,   4.159,   0.000,   4.159
202606300806,   4.088,   4.119,9999.000,9999.000,9999.000,9999.000,9999.000,9999.000,9999.000
202606300812,   4.103,   4.168,9999.000,9999.000,9999.000,9999.000,9999.000,9999.000,9999.000
202606300818,   4.118,   4.208,9999.000,9999.000,9999.000,9999.000,9999.000,9999.000,9999.000
202606300824,   4.133,   4.198,9999.000,9999.000,9999.000,9999.000,9999.000,9999.000,9999.000
202606300830,   4.147,   4.208,9999.000,9999.000,9999.000,9999.000,9999.000,9999.000,9999.000
202606300836,   4.160,   4.237,9999.000,9999.000,9999.000,9999.000,9999.000,9999.000,9999.000
202606300842,   4.173,   4.300,9999.000,9999.000,9999.000,9999.000,9999.000,9999.000,9999.000
202606300848,   4.185,   4.309,9999.000,9999.000,9999.000,9999.000,9999.000,9999.000,9999.000
202606300854,   4.196,   4.247,9999.000,9999.000,9999.000,9999.000,9999.000,9999.000,9999.000
202606300900,   4.207,   4.208,   0.000,   0.001,   4.208,   0.000,   4.208,   0.000,   4.208
202606300906,   4.217,   4.218,9999.000,9999.000,9999.000,9999.000,9999.000,9999.000,9999.000
202606300912,   4.227,   4.218,9999.000,9999.000,9999.000,9999.000,9999.000,9999.000,9999.000
202606300918,   4.235,   4.309,9999.000,9999.000,9999.000,9999.000,9999.000,9999.000,9999.000
202606300924,   4.244,   4.339,9999.000,9999.000,9999.000,9999.000,9999.000,9999.000,9999.000
202606300930,   4.251,   4.309,9999.000,9999.000,9999.000,9999.000,9999.000,9999.000,9999.000
202606300936,   4.258,   4.247,9999.000,9999.000,9999.000,9999.000,9999.000,9999.000,9999.000
202606300942,   4.265,   4.290,9999.000,9999.000,9999.000,9999.000,9999.000,9999.000,9999.000
202606300948,   4.270,   4.267,9999.000,9999.000,9999.000,9999.000,9999.000,9999.000,9999.000
202606300954,   4.275,   4.257,9999.000,9999.000,9999.000,9999.000,9999.000,9999.000,9999.000
202606301000,   4.279,   4.309,   0.000,   0.030,   4.309,   0.000,   4.309,   0.100,   4.409
202606301006,   4.283,   4.319,9999.000,9999.000,9999.000,9999.000,9999.000,9999.000,9999.000
202606301012,   4.285,   4.309,9999.000,9999.000,9999.000,9999.000,9999.000,9999.000,9999.000
202606301018,   4.287,   4.267,9999.000,9999.000,9999.000,9999.000,9999.000,9999.000,9999.000
202606301024,   4.288,   4.290,9999.000,9999.000,9999.000,9999.000,9999.000,9999.000,9999.000
202606301030,   4.288,   4.257,9999.000,9999.000,9999.000,9999.000,9999.000,9999.000,9999.000
202606301036,   4.287,   4.267,9999.000,9999.000,9999.000,9999.000,9999.000,9999.000,9999.000
202606301042,   4.286,   4.300,9999.000,9999.000,9999.000,9999.000,9999.000,9999.000,9999.000
202606301048,   4.283,   4.339,9999.000,9999.000,9999.000,9999.000,9999.000,9999.000,9999.000
202606301054,   4.280,   4.300,9999.000,9999.000,9999.000,9999.000,9999.000,9999.000,9999.000
202606301100,   4.276,   4.300,   0.000,   0.024,   4.300,   0.000,   4.300,   0.100,   4.400
202606301106,   4.271,   4.280,9999.000,9999.000,9999.000,9999.000,9999.000,9999.000,9999.000
202606301112,   4.264,   4.290,9999.000,9999.000,9999.000,9999.000,9999.000,9999.000,9999.000
202606301118,   4.257,   4.300,9999.000,9999.000,9999.000,9999.000,9999.000,9999.000,9999.000
202606301124,   4.249,   4.280,9999.000,9999.000,9999.000,9999.000,9999.000,9999.000,9999.000
202606301130,   4.240,   4.300,9999.000,9999.000,9999.000,9999.000,9999.000,9999.000,9999.000
202606301136,   4.230,   4.247,9999.000,9999.000,9999.000,9999.000,9999.000,9999.000,9999.000
202606301142,   4.218,   4.237,9999.000,9999.000,9999.000,9999.000,9999.000,9999.000,9999.000
202606301148,   4.206,9999.000,9999.000,9999.000,9999.000,9999.000,9999.000,9999.000,9999.000
202606301154,   4.193,   4.178,9999.000,9999.000,9999.000,9999.000,9999.000,9999.000,9999.000
202606301200,   4.178,   4.227,   0.000,   0.049,   4.227,   0.000,   4.227,   0.000,   4.227
202606301206,   4.162,   4.208,9999.000,9999.000,9999.000,9999.000,9999.000,9999.000,9999.000
202606301212,   4.145,   4.208,9999.000,9999.000,9999.000,9999.000,9999.000,9999.000,9999.000
202606301218,   4.127,   4.159,9999.000,9999.000,9999.000,9999.000,9999.000,9999.000,9999.000
202606301224,   4.108,   4.057,9999.000,9999.000,9999.000,9999.000,9999.000,9999.000,9999.000
202606301230,   4.088,   4.057,9999.000,9999.000,9999.000,9999.000,9999.000,9999.000,9999.000
202606301236,   4.066,   4.080,9999.000,9999.000,9999.000,9999.000,9999.000,9999.000,9999.000
202606301242,   4.043,   4.057,9999.000,9999.000,9999.000,9999.000,9999.000,9999.000,9999.000
202606301248,   4.018,   4.057,9999.000,9999.000,9999.000,9999.000,9999.000,9999.000,9999.000
202606301254,   3.993,   4.037,9999.000,9999.000,9999.000,9999.000,9999.000,9999.000,9999.000
202606301300,   3.966,   3.988,   0.000,   0.022,   3.988,   0.000,   3.988,   0.000,   3.988
202606301306,   3.937,   3.968,9999.000,9999.000,9999.000,9999.000,9999.000,9999.000,9999.000
202606301312,   3.907,   3.890,9999.000,9999.000,9999.000,9999.000,9999.000,9999.000,9999.000
202606301318,   3.876,   3.870,9999.000,9999.000,9999.000,9999.000,9999.000,9999.000,9999.000
202606301324,   3.843,   3.880,9999.000,9999.000,9999.000,9999.000,9999.000,9999.000,9999.000
202606301330,   3.809,   3.768,9999.000,9999.000,9999.000,9999.000,9999.000,9999.000,9999.000
202606301336,   3.773,   3.778,9999.000,9999.000,9999.000,9999.000,9999.000,9999.000,9999.000
202606301342,   3.736,   3.749,9999.000,9999.000,9999.000,9999.000,9999.000,9999.000,9999.000
202606301348,   3.697,   3.739,9999.000,9999.000,9999.000,9999.000,9999.000,9999.000,9999.000
202606301354,   3.656,   3.660,9999.000,9999.000,9999.000,9999.000,9999.000,9999.000,9999.000
202606301400,   3.614,   3.627,   0.000,   0.013,   3.627,   0.000,   3.627,   0.000,   3.627
202606301406,   3.571,   3.568,9999.000,9999.000,9999.000,9999.000,9999.000,9999.000,9999.000
202606301412,   3.526,   3.509,9999.000,9999.000,9999.000,9999.000,9999.000,9999.000,9999.000
202606301418,   3.479,   3.450,9999.000,9999.000,9999.000,9999.000,9999.000,9999.000,9999.000
202606301424,   3.431,   3.417,9999.000,9999.000,9999.000,9999.000,9999.000,9999.000,9999.000
202606301430,   3.381,   3.417,9999.000,9999.000,9999.000,9999.000,9999.000,9999.000,9999.000
202606301436,   3.330,   3.299,9999.000,9999.000,9999.000,9999.000,9999.000,9999.000,9999.000
202606301442,   3.277,   3.279,9999.000,9999.000,9999.000,9999.000,9999.000,9999.000,9999.000
202606301448,   3.222,   3.197,9999.000,9999.000,9999.000,9999.000,9999.000,9999.000,9999.000
202606301454,   3.167,   3.158,9999.000,9999.000,9999.000,9999.000,9999.000,9999.000,9999.000
202606301500,   3.109,   3.119,   0.000,   0.010,   3.119,   0.000,   3.119,   0.000,   3.119
202606301506,   3.051,   3.070,9999.000,9999.000,9999.000,9999.000,9999.000,9999.000,9999.000
202606301512,   2.990,9999.000,9999.000,9999.000,9999.000,9999.000,9999.000,9999.000,9999.000
202606301518,   2.929,9999.000,9999.000,9999.000,9999.000,9999.000,9999.000,9999.000,9999.000
202606301524,   2.866,   2.463,9999.000,9999.000,9999.000,9999.000,9999.000,9999.000,9999.000
202606301530,   2.802,   2.797,9999.000,9999.000,9999.000,9999.000,9999.000,9999.000,9999.000
202606301536,   2.737,   2.699,9999.000,9999.000,9999.000,9999.000,9999.000,9999.000,9999.000
202606301542,   2.671,   2.660,9999.000,9999.000,9999.000,9999.000,9999.000,9999.000,9999.000
202606301548,   2.603,   2.578,9999.000,9999.000,9999.000,9999.000,9999.000,9999.000,9999.000
202606301554,   2.535,   2.519,9999.000,9999.000,9999.000,9999.000,9999.000,9999.000,9999.000
202606301600,   2.465,   2.459,   0.000,  -0.006,   2.459,   0.000,   2.459,   0.000,   2.459
202606301606,   2.395,   2.440,9999.000,9999.000,9999.000,9999.000,9999.000,9999.000,9999.000
202606301612,   2.324,   2.368,9999.000,9999.000,9999.000,9999.000,9999.000,9999.000,9999.000
202606301618,   2.252,   2.279,9999.000,9999.000,9999.000,9999.000,9999.000,9999.000,9999.000
202606301624,   2.179,   2.168,9999.000,9999.000,9999.000,9999.000,9999.000,9999.000,9999.000
202606301630,   2.106,   2.049,9999.000,9999.000,9999.000,9999.000,9999.000,9999.000,9999.000
202606301636,   2.032,   2.030,9999.000,9999.000,9999.000,9999.000,9999.000,9999.000,9999.000
202606301642,   1.958,   1.928,9999.000,9999.000,9999.000,9999.000,9999.000,9999.000,9999.000
202606301648,   1.883,9999.000,9999.000,9999.000,9999.000,9999.000,9999.000,9999.000,9999.000
202606301654,   1.807,   1.354,9999.000,9999.000,9999.000,9999.000,9999.000,9999.000,9999.000
202606301700,   1.732,   1.354,   0.000,  -0.378,   1.354,   0.000,   1.354,   0.000,   1.354
202606301706,   1.656,9999.000,9999.000,9999.000,9999.000,9999.000,9999.000,9999.000,9999.000
202606301712,   1.580,9999.000,9999.000,9999.000,9999.000,9999.000,9999.000,9999.000,9999.000
202606301718,   1.504,9999.000,9999.000,9999.000,9999.000,9999.000,9999.000,9999.000,9999.000
202606301724,   1.428,   1.390,9999.000,9999.000,9999.000,9999.000,9999.000,9999.000,9999.000
202606301730,   1.352,   1.348,9999.000,9999.000,9999.000,9999.000,9999.000,9999.000,9999.000
202606301736,   1.276,   1.249,9999.000,9999.000,9999.000,9999.000,9999.000,9999.000,9999.000
202606301742,   1.200,   1.259,9999.000,9999.000,9999.000,9999.000,9999.000,9999.000,9999.000
202606301748,   1.124,9999.000,9999.000,9999.000,9999.000,9999.000,9999.000,9999.000,9999.000
202606301754,   1.049,9999.000,9999.000,9999.000,9999.000,9999.000,9999.000,9999.000,9999.000
202606301800,   0.974,9999.000,   0.000,9999.000,   0.974,   0.000,   0.974,   0.000,   0.974
202606301806,   0.900,9999.000,9999.000,9999.000,9999.000,9999.000,9999.000,9999.000,9999.000
202606301812,   0.826,9999.000,9999.000,9999.000,9999.000,9999.000,9999.000,9999.000,9999.000
202606301818,   0.752,9999.000,9999.000,9999.000,9999.000,9999.000,9999.000,9999.000,9999.000
202606301824,   0.680,   0.305,9999.000,9999.000,9999.000,9999.000,9999.000,9999.000,9999.000
202606301830,   0.608,9999.000,9999.000,9999.000,9999.000,9999.000,9999.000,9999.000,9999.000
202606301836,   0.537,9999.000,9999.000,9999.000,9999.000,9999.000,9999.000,9999.000,9999.000
202606301842,   0.467,9999.000,9999.000,9999.000,9999.000,9999.000,9999.000,9999.000,9999.000
202606301848,   0.397,9999.000,9999.000,9999.000,9999.000,9999.000,9999.000,9999.000,9999.000
202606301854,   0.329,   0.331,9999.000,9999.000,9999.000,9999.000,9999.000,9999.000,9999.000
202606301900,   0.262,   0.298,   0.000,   0.036,   0.298,   0.000,   0.298,   0.100,   0.398
202606301906,   0.197,   0.229,9999.000,9999.000,9999.000,9999.000,9999.000,9999.000,9999.000
202606301912,   0.132,   0.190,9999.000,9999.000,9999.000,9999.000,9999.000,9999.000,9999.000
202606301918,   0.069,   0.121,9999.000,9999.000,9999.000,9999.000,9999.000,9999.000,9999.000
202606301924,   0.008,   0.029,9999.000,9999.000,9999.000,9999.000,9999.000,9999.000,9999.000
202606301930,  -0.052,  -0.059,9999.000,9999.000,9999.000,9999.000,9999.000,9999.000,9999.000
202606301936,  -0.110,  -0.098,9999.000,9999.000,9999.000,9999.000,9999.000,9999.000,9999.000
202606301942,  -0.167,  -0.088,9999.000,9999.000,9999.000,9999.000,9999.000,9999.000,9999.000
202606301948,  -0.222,  -0.200,9999.000,9999.000,9999.000,9999.000,9999.000,9999.000,9999.000
202606301954,  -0.275,  -0.219,9999.000,9999.000,9999.000,9999.000,9999.000,9999.000,9999.000
202606302000,  -0.326,  -0.278,   0.000,   0.048,  -0.278,   0.000,  -0.278,   0.100,  -0.178
202606302006,  -0.375,  -0.268,9999.000,9999.000,9999.000,9999.000,9999.000,9999.000,9999.000
202606302012,  -0.422,  -0.400,9999.000,9999.000,9999.000,9999.000,9999.000,9999.000,9999.000
202606302018,  -0.467,  -0.449,9999.000,9999.000,9999.000,9999.000,9999.000,9999.000,9999.000
202606302024,  -0.510,  -0.459,9999.000,9999.000,9999.000,9999.000,9999.000,9999.000,9999.000
202606302030,  -0.550,  -0.570,9999.000,9999.000,9999.000,9999.000,9999.000,9999.000,9999.000
202606302036,  -0.589,  -0.560,9999.000,9999.000,9999.000,9999.000,9999.000,9999.000,9999.000
202606302042,  -0.624,  -0.610,9999.000,9999.000,9999.000,9999.000,9999.000,9999.000,9999.000
202606302048,  -0.658,  -0.590,9999.000,9999.000,9999.000,9999.000,9999.000,9999.000,9999.000
202606302054,  -0.689,  -0.629,9999.000,9999.000,9999.000,9999.000,9999.000,9999.000,9999.000
202606302100,  -0.717,  -0.649,   0.000,   0.068,  -0.649,   0.000,  -0.649,   0.100,  -0.549
202606302106,  -0.743,  -0.718,9999.000,9999.000,9999.000,9999.000,9999.000,9999.000,9999.000
202606302112,  -0.767,  -0.800,9999.000,9999.000,9999.000,9999.000,9999.000,9999.000,9999.000
202606302118,  -0.788,  -0.780,9999.000,9999.000,9999.000,9999.000,9999.000,9999.000,9999.000
202606302124,  -0.806,  -0.829,9999.000,9999.000,9999.000,9999.000,9999.000,9999.000,9999.000
202606302130,  -0.822,  -0.800,9999.000,9999.000,9999.000,9999.000,9999.000,9999.000,9999.000
202606302136,  -0.835,  -0.780,9999.000,9999.000,9999.000,9999.000,9999.000,9999.000,9999.000
202606302142,  -0.846,  -0.741,9999.000,9999.000,9999.000,9999.000,9999.000,9999.000,9999.000
202606302148,  -0.853,  -0.790,9999.000,9999.000,9999.000,9999.000,9999.000,9999.000,9999.000
202606302154,  -0.859,  -0.869,9999.000,9999.000,9999.000,9999.000,9999.000,9999.000,9999.000
202606302200,  -0.861,  -0.869,   0.000,  -0.008,  -0.869,   0.000,  -0.869,   0.100,  -0.769
202606302206,  -0.861,  -0.859,9999.000,9999.000,9999.000,9999.000,9999.000,9999.000,9999.000
202606302212,  -0.859,  -0.839,9999.000,9999.000,9999.000,9999.000,9999.000,9999.000,9999.000
202606302218,  -0.853,  -0.780,9999.000,9999.000,9999.000,9999.000,9999.000,9999.000,9999.000
202606302224,  -0.846,  -0.751,9999.000,9999.000,9999.000,9999.000,9999.000,9999.000,9999.000
202606302230,  -0.835,  -0.800,9999.000,9999.000,9999.000,9999.000,9999.000,9999.000,9999.000
202606302236,  -0.822,  -0.839,9999.000,9999.000,9999.000,9999.000,9999.000,9999.000,9999.000
202606302242,  -0.807,  -0.800,9999.000,9999.000,9999.000,9999.000,9999.000,9999.000,9999.000
202606302248,  -0.789,  -0.770,9999.000,9999.000,9999.000,9999.000,9999.000,9999.000,9999.000
202606302254,  -0.769,  -0.751,9999.000,9999.000,9999.000,9999.000,9999.000,9999.000,9999.000
202606302300,  -0.746,  -0.751,   0.000,  -0.005,  -0.751,   0.000,  -0.751,   0.100,  -0.651
202606302306,  -0.721,9999.000,9999.000,9999.000,9999.000,9999.000,9999.000,9999.000,9999.000
202606302312,  -0.693,9999.000,9999.000,9999.000,9999.000,9999.000,9999.000,9999.000,9999.000
202606302318,  -0.663,9999.000,9999.000,9999.000,9999.000,9999.000,9999.000,9999.000,9999.000
202606302324,  -0.631,  -0.396,9999.000,9999.000,9999.000,9999.000,9999.000,9999.000,9999.000
202606302330,  -0.596,  -0.639,9999.000,9999.000,9999.000,9999.000,9999.000,9999.000,9999.000
202606302336,  -0.559,  -0.570,9999.000,9999.000,9999.000,9999.000,9999.000,9999.000,9999.000
202606302342,  -0.520,  -0.551,9999.000,9999.000,9999.000,9999.000,9999.000,9999.000,9999.000
202606302348,  -0.479,  -0.478,9999.000,9999.000,9999.000,9999.000,9999.000,9999.000,9999.000
202606302354,  -0.436,  -0.429,9999.000,9999.000,9999.000,9999.000,9999.000,9999.000,9999.000
202607010000,  -0.391,  -0.400,   0.100,  -0.109,  -0.400,   0.100,  -0.400,   0.200,  -0.300
202607010006,  -0.344,  -0.341,9999.000,9999.000,9999.000,9999.000,9999.000,9999.000,9999.000
202607010012,  -0.295,  -0.321,9999.000,9999.000,9999.000,9999.000,9999.000,9999.000,9999.000
202607010018,  -0.244,  -0.249,9999.000,9999.000,9999.000,9999.000,9999.000,9999.000,9999.000
202607010024,  -0.191,  -0.200,9999.000,9999.000,9999.000,9999.000,9999.000,9999.000,9999.000
202607010030,  -0.136,  -0.131,9999.000,9999.000,9999.000,9999.000,9999.000,9999.000,9999.000
202607010036,  -0.080,  -0.068,9999.000,9999.000,9999.000,9999.000,9999.000,9999.000,9999.000
202607010042,  -0.022,  -0.078,9999.000,9999.000,9999.000,9999.000,9999.000,9999.000,9999.000
202607010048,   0.036,  -0.009,9999.000,9999.000,9999.000,9999.000,9999.000,9999.000,9999.000
202607010054,   0.097,   0.068,9999.000,9999.000,9999.000,9999.000,9999.000,9999.000,9999.000
202607010100,   0.159,   0.180,   0.100,  -0.079,   0.180,   0.100,   0.180,   0.200,   0.280
202607010106,   0.223,   0.209,9999.000,9999.000,9999.000,9999.000,9999.000,9999.000,9999.000
202607010112,   0.288,   0.249,9999.000,9999.000,9999.000,9999.000,9999.000,9999.000,9999.000
202607010118,   0.354,   0.288,9999.000,9999.000,9999.000,9999.000,9999.000,9999.000,9999.000
202607010124,   0.421,   0.350,9999.000,9999.000,9999.000,9999.000,9999.000,9999.000,9999.000
202607010130,   0.489,   0.449,9999.000,9999.000,9999.000,9999.000,9999.000,9999.000,9999.000
202607010136,   0.557,   0.531,9999.000,9999.000,9999.000,9999.000,9999.000,9999.000,9999.000
202607010142,   0.627,   0.619,9999.000,9999.000,9999.000,9999.000,9999.000,9999.000,9999.000
202607010148,   0.697,   0.698,9999.000,9999.000,9999.000,9999.000,9999.000,9999.000,9999.000
202607010154,   0.768,   0.708,9999.000,9999.000,9999.000,9999.000,9999.000,9999.000,9999.000
202607010200,   0.839,   0.760,   0.100,  -0.179,   0.760,   0.100,   0.760,   0.200,   0.860
202607010206,   0.911,   0.879,9999.000,9999.000,9999.000,9999.000,9999.000,9999.000,9999.000
202607010212,   0.983,   0.951,9999.000,9999.000,9999.000,9999.000,9999.000,9999.000,9999.000
202607010218,   1.056,   1.059,9999.000,9999.000,9999.000,9999.000,9999.000,9999.000,9999.000
202607010224,   1.128,   1.118,9999.000,9999.000,9999.000,9999.000,9999.000,9999.000,9999.000
202607010230,   1.201,   1.220,9999.000,9999.000,9999.000,9999.000,9999.000,9999.000,9999.000
202607010236,   1.273,   1.210,9999.000,9999.000,9999.000,9999.000,9999.000,9999.000,9999.000
202607010242,   1.345,   1.318,9999.000,9999.000,9999.000,9999.000,9999.000,9999.000,9999.000
202607010248,   1.418,   1.390,9999.000,9999.000,9999.000,9999.000,9999.000,9999.000,9999.000
202607010254,   1.490,   1.469,9999.000,9999.000,9999.000,9999.000,9999.000,9999.000,9999.000
202607010300,   1.561,   1.538,   0.100,  -0.123,   1.538,   0.100,   1.538,   0.200,   1.638
202607010306,   1.632,   1.557,9999.000,9999.000,9999.000,9999.000,9999.000,9999.000,9999.000
202607010312,   1.703,   1.659,9999.000,9999.000,9999.000,9999.000,9999.000,9999.000,9999.000
202607010318,   1.773,   1.718,9999.000,9999.000,9999.000,9999.000,9999.000,9999.000,9999.000
202607010324,   1.843,   1.899,9999.000,9999.000,9999.000,9999.000,9999.000,9999.000,9999.000
202607010330,   1.912,   1.938,9999.000,9999.000,9999.000,9999.000,9999.000,9999.000,9999.000
202607010336,   1.980,   1.990,9999.000,9999.000,9999.000,9999.000,9999.000,9999.000,9999.000
202607010342,   2.048,   1.990,9999.000,9999.000,9999.000,9999.000,9999.000,9999.000,9999.000
202607010348,   2.115,   2.079,9999.000,9999.000,9999.000,9999.000,9999.000,9999.000,9999.000
202607010354,   2.180,   2.158,9999.000,9999.000,9999.000,9999.000,9999.000,9999.000,9999.000
202607010400,   2.246,   2.240,   0.100,  -0.106,   2.240,   0.100,   2.240,   0.200,   2.340
202607010406,   2.310,   2.400,9999.000,9999.000,9999.000,9999.000,9999.000,9999.000,9999.000
202607010412,   2.373,   2.420,9999.000,9999.000,9999.000,9999.000,9999.000,9999.000,9999.000
202607010418,   2.435,   2.440,9999.000,9999.000,9999.000,9999.000,9999.000,9999.000,9999.000
202607010424,   2.497,   2.459,9999.000,9999.000,9999.000,9999.000,9999.000,9999.000,9999.000
202607010430,   2.557,   2.587,9999.000,9999.000,9999.000,9999.000,9999.000,9999.000,9999.000
202607010436,   2.616,   2.669,9999.000,9999.000,9999.000,9999.000,9999.000,9999.000,9999.000
202607010442,   2.674,   2.630,9999.000,9999.000,9999.000,9999.000,9999.000,9999.000,9999.000
202607010448,   2.731,   2.758,9999.000,9999.000,9999.000,9999.000,9999.000,9999.000,9999.000
202607010454,   2.787,   2.748,9999.000,9999.000,9999.000,9999.000,9999.000,9999.000,9999.000
202607010500,   2.842,   2.820,   0.100,  -0.122,   2.820,   0.100,   2.820,   0.100,   2.820
202607010506,   2.896,   2.889,9999.000,9999.000,9999.000,9999.000,9999.000,9999.000,9999.000
202607010512,   2.948,   3.040,9999.000,9999.000,9999.000,9999.000,9999.000,9999.000,9999.000
202607010518,   3.000,   3.060,9999.000,9999.000,9999.000,9999.000,9999.000,9999.000,9999.000
202607010524,   3.050,   3.030,9999.000,9999.000,9999.000,9999.000,9999.000,9999.000,9999.000
202607010530,   3.099,   3.070,9999.000,9999.000,9999.000,9999.000,9999.000,9999.000,9999.000
202607010536,   3.146,   3.079,9999.000,9999.000,9999.000,9999.000,9999.000,9999.000,9999.000
202607010542,   3.193,   3.168,9999.000,9999.000,9999.000,9999.000,9999.000,9999.000,9999.000
202607010548,   3.238,   3.188,9999.000,9999.000,9999.000,9999.000,9999.000,9999.000,9999.000
202607010554,   3.282,   3.289,9999.000,9999.000,9999.000,9999.000,9999.000,9999.000,9999.000
202607010600,   3.325,   3.339,   0.000,   0.014,   3.339,   0.000,   3.339,   0.100,   3.439
202607010606,   3.367,   3.368,9999.000,9999.000,9999.000,9999.000,9999.000,9999.000,9999.000
202607010612,   3.407,   3.440,9999.000,9999.000,9999.000,9999.000,9999.000,9999.000,9999.000
202607010618,   3.446,   3.407,9999.000,9999.000,9999.000,9999.000,9999.000,9999.000,9999.000
202607010624,   3.484,   3.407,9999.000,9999.000,9999.000,9999.000,9999.000,9999.000,9999.000
202607010630,   3.520,   3.440,9999.000,9999.000,9999.000,9999.000,9999.000,9999.000,9999.000
202607010636,   3.555,   3.519,9999.000,9999.000,9999.000,9999.000,9999.000,9999.000,9999.000
202607010642,   3.589,   3.588,9999.000,9999.000,9999.000,9999.000,9999.000,9999.000,9999.000
202607010648,   3.622,   3.637,9999.000,9999.000,9999.000,9999.000,9999.000,9999.000,9999.000
202607010654,   3.653,   3.699,9999.000,9999.000,9999.000,9999.000,9999.000,9999.000,9999.000
202607010700,   3.684,   3.650,   0.000,  -0.034,   3.650,   0.000,   3.650,   0.100,   3.750
202607010706,   3.713,   3.699,9999.000,9999.000,9999.000,9999.000,9999.000,9999.000,9999.000
202607010712,   3.741,   3.650,9999.000,9999.000,9999.000,9999.000,9999.000,9999.000,9999.000
202607010718,   3.767,   3.719,9999.000,9999.000,9999.000,9999.000,9999.000,9999.000,9999.000
202607010724,   3.793,   3.729,9999.000,9999.000,9999.000,9999.000,9999.000,9999.000,9999.000
202607010730,   3.818,   3.739,9999.000,9999.000,9999.000,9999.000,9999.000,9999.000,9999.000
202607010736,   3.841,   3.808,9999.000,9999.000,9999.000,9999.000,9999.000,9999.000,9999.000
202607010742,   3.863,   3.890,9999.000,9999.000,9999.000,9999.000,9999.000,9999.000,9999.000
202607010748,   3.885,   3.899,9999.000,9999.000,9999.000,9999.000,9999.000,9999.000,9999.000
202607010754,   3.905,   3.899,9999.000,9999.000,9999.000,9999.000,9999.000,9999.000,9999.000
202607010800,   3.925,   3.827,   0.000,  -0.098,   3.827,   0.000,   3.827,   0.100,   3.927
202607010806,   3.943,   3.860,9999.000,9999.000,9999.000,9999.000,9999.000,9999.000,9999.000
202607010812,   3.961,   3.880,9999.000,9999.000,9999.000,9999.000,9999.000,9999.000,9999.000
202607010818,   3.977,   3.919,9999.000,9999.000,9999.000,9999.000,9999.000,9999.000,9999.000
202607010824,   3.993,   4.017,9999.000,9999.000,9999.000,9999.000,9999.000,9999.000,9999.000
202607010830,   4.009,   3.998,9999.000,9999.000,9999.000,9999.000,9999.000,9999.000,9999.000
202607010836,   4.023,   4.027,9999.000,9999.000,9999.000,9999.000,9999.000,9999.000,9999.000
202607010842,   4.037,   4.008,9999.000,9999.000,9999.000,9999.000,9999.000,9999.000,9999.000
202607010848,   4.049,   4.008,9999.000,9999.000,9999.000,9999.000,9999.000,9999.000,9999.000
202607010854,   4.062,   3.958,9999.000,9999.000,9999.000,9999.000,9999.000,9999.000,9999.000
202607010900,   4.073,   3.958,   0.000,  -0.115,   3.958,   0.000,   3.958,   0.100,   4.058
202607010906,   4.084,   3.968,9999.000,9999.000,9999.000,9999.000,9999.000,9999.000,9999.000
202607010912,   4.095,   4.027,9999.000,9999.000,9999.000,9999.000,9999.000,9999.000,9999.000
202607010918,   4.104,   4.057,9999.000,9999.000,9999.000,9999.000,9999.000,9999.000,9999.000
202607010924,   4.113,   4.070,9999.000,9999.000,9999.000,9999.000,9999.000,9999.000,9999.000
202607010930,   4.122,   4.090,9999.000,9999.000,9999.000,9999.000,9999.000,9999.000,9999.000
202607010936,   4.130,   4.037,9999.000,9999.000,9999.000,9999.000,9999.000,9999.000,9999.000
202607010942,   4.137,   4.047,9999.000,9999.000,9999.000,9999.000,9999.000,9999.000,9999.000
202607010948,   4.144,   4.027,9999.000,9999.000,9999.000,9999.000,9999.000,9999.000,9999.000
202607010954,   4.150,   4.070,9999.000,9999.000,9999.000,9999.000,9999.000,9999.000,9999.000
202607011000,   4.156,   4.037,   0.000,  -0.119,   4.037,   0.000,   4.037,   0.000,   4.037
202607011006,   4.161,   4.047,9999.000,9999.000,9999.000,9999.000,9999.000,9999.000,9999.000
202607011012,   4.166,   4.080,9999.000,9999.000,9999.000,9999.000,9999.000,9999.000,9999.000
202607011018,   4.170,   4.099,9999.000,9999.000,9999.000,9999.000,9999.000,9999.000,9999.000
202607011024,   4.173,   4.109,9999.000,9999.000,9999.000,9999.000,9999.000,9999.000,9999.000
202607011030,   4.176,   4.070,9999.000,9999.000,9999.000,9999.000,9999.000,9999.000,9999.000
202607011036,   4.178,   4.080,9999.000,9999.000,9999.000,9999.000,9999.000,9999.000,9999.000
202607011042,   4.179,   4.008,9999.000,9999.000,9999.000,9999.000,9999.000,9999.000,9999.000
202607011048,   4.180,   4.037,9999.000,9999.000,9999.000,9999.000,9999.000,9999.000,9999.000
202607011054,   4.180,   4.047,9999.000,9999.000,9999.000,9999.000,9999.000,9999.000,9999.000
202607011100,   4.179,   4.080,   0.000,  -0.099,   4.080,   0.000,   4.080,   0.000,   4.080
202607011106,   4.178,   4.057,9999.000,9999.000,9999.000,9999.000,9999.000,9999.000,9999.000
202607011112,   4.175,   4.070,9999.000,9999.000,9999.000,9999.000,9999.000,9999.000,9999.000
202607011118,   4.172,   4.037,9999.000,9999.000,9999.000,9999.000,9999.000,9999.000,9999.000
202607011124,   4.169,   4.047,9999.000,9999.000,9999.000,9999.000,9999.000,9999.000,9999.000
202607011130,   4.164,   4.008,9999.000,9999.000,9999.000,9999.000,9999.000,9999.000,9999.000
202607011136,   4.159,   3.988,9999.000,9999.000,9999.000,9999.000,9999.000,9999.000,9999.000
202607011142,   4.153,   3.978,9999.000,9999.000,9999.000,9999.000,9999.000,9999.000,9999.000
202607011148,   4.146,   4.008,9999.000,9999.000,9999.000,9999.000,9999.000,9999.000,9999.000
202607011154,   4.138,   4.027,9999.000,9999.000,9999.000,9999.000,9999.000,9999.000,9999.000
202607011200,   4.129,   4.017,   0.000,  -0.112,   4.017,   0.000,   4.017,   0.000,   4.017
202607011206,   4.119,   3.998,9999.000,9999.000,9999.000,9999.000,9999.000,9999.000,9999.000
202607011212,   4.109,   3.998,9999.000,9999.000,9999.000,9999.000,9999.000,9999.000,9999.000
202607011218,   4.097,   3.919,9999.000,9999.000,9999.000,9999.000,9999.000,9999.000,9999.000
202607011224,   4.084,   3.880,9999.000,9999.000,9999.000,9999.000,9999.000,9999.000,9999.000
202607011230,   4.071,   3.899,9999.000,9999.000,9999.000,9999.000,9999.000,9999.000,9999.000
202607011236,   4.056,   3.870,9999.000,9999.000,9999.000,9999.000,9999.000,9999.000,9999.000
202607011242,   4.040,   3.909,9999.000,9999.000,9999.000,9999.000,9999.000,9999.000,9999.000
202607011248,   4.024,   3.909,9999.000,9999.000,9999.000,9999.000,9999.000,9999.000,9999.000
202607011254,   4.006,   3.968,9999.000,9999.000,9999.000,9999.000,9999.000,9999.000,9999.000
202607011300,   3.987,   3.870,   0.000,  -0.117,   3.870,   0.000,   3.870,   0.000,   3.870
202607011306,   3.967,   3.798,9999.000,9999.000,9999.000,9999.000,9999.000,9999.000,9999.000
202607011312,   3.946,   3.768,9999.000,9999.000,9999.000,9999.000,9999.000,9999.000,9999.000
202607011318,   3.923,   3.739,9999.000,9999.000,9999.000,9999.000,9999.000,9999.000,9999.000
202607011324,   3.900,   3.719,9999.000,9999.000,9999.000,9999.000,9999.000,9999.000,9999.000
202607011330,   3.875,   3.709,9999.000,9999.000,9999.000,9999.000,9999.000,9999.000,9999.000
202607011336,   3.849,   3.739,9999.000,9999.000,9999.000,9999.000,9999.000,9999.000,9999.000
202607011342,   3.821,   3.729,9999.000,9999.000,9999.000,9999.000,9999.000,9999.000,9999.000
202607011348,   3.792,   3.689,9999.000,9999.000,9999.000,9999.000,9999.000,9999.000,9999.000
202607011354,   3.762,   3.627,9999.000,9999.000,9999.000,9999.000,9999.000,9999.000,9999.000
202607011400,   3.731,   3.568,   0.000,  -0.163,   3.568,   0.000,   3.568,   0.000,   3.568
202607011406,   3.698,   3.470,9999.000,9999.000,9999.000,9999.000,9999.000,9999.000,9999.000
202607011412,   3.664,   3.417,9999.000,9999.000,9999.000,9999.000,9999.000,9999.000,9999.000
202607011418,   3.628,   3.427,9999.000,9999.000,9999.000,9999.000,9999.000,9999.000,9999.000
202607011424,   3.591,   3.460,9999.000,9999.000,9999.000,9999.000,9999.000,9999.000,9999.000
202607011430,   3.552,   3.440,9999.000,9999.000,9999.000,9999.000,9999.000,9999.000,9999.000
202607011436,   3.512,   3.398,9999.000,9999.000,9999.000,9999.000,9999.000,9999.000,9999.000
202607011442,   3.471,   3.329,9999.000,9999.000,9999.000,9999.000,9999.000,9999.000,9999.000
202607011448,   3.428,   3.270,9999.000,9999.000,9999.000,9999.000,9999.000,9999.000,9999.000
202607011454,   3.383,   3.197,9999.000,9999.000,9999.000,9999.000,9999.000,9999.000,9999.000
202607011500,   3.337,   3.129,   0.000,  -0.208,   3.129,   0.000,   3.129,   0.000,   3.129
202607011506,   3.289,   3.129,9999.000,9999.000,9999.000,9999.000,9999.000,9999.000,9999.000
202607011512,   3.240,   3.070,9999.000,9999.000,9999.000,9999.000,9999.000,9999.000,9999.000
202607011518,   3.190,   3.099,9999.000,9999.000,9999.000,9999.000,9999.000,9999.000,9999.000
202607011524,   3.138,   3.030,9999.000,9999.000,9999.000,9999.000,9999.000,9999.000,9999.000
202607011530,   3.084,   2.997,9999.000,9999.000,9999.000,9999.000,9999.000,9999.000,9999.000
202607011536,   3.029,   2.909,9999.000,9999.000,9999.000,9999.000,9999.000,9999.000,9999.000
202607011542,   2.973,   2.778,9999.000,9999.000,9999.000,9999.000,9999.000,9999.000,9999.000
202607011548,   2.915,   2.709,9999.000,9999.000,9999.000,9999.000,9999.000,9999.000,9999.000
202607011554,   2.856,   2.660,9999.000,9999.000,9999.000,9999.000,9999.000,9999.000,9999.000
202607011600,   2.796,   2.660,   0.000,  -0.136,   2.660,   0.000,   2.660,   0.000,   2.660
202607011606,   2.734,   2.610,9999.000,9999.000,9999.000,9999.000,9999.000,9999.000,9999.000
202607011612,   2.671,   2.630,9999.000,9999.000,9999.000,9999.000,9999.000,9999.000,9999.000
202607011618,   2.607,   2.528,9999.000,9999.000,9999.000,9999.000,9999.000,9999.000,9999.000
202607011624,   2.542,   2.420,9999.000,9999.000,9999.000,9999.000,9999.000,9999.000,9999.000
202607011630,   2.476,   2.309,9999.000,9999.000,9999.000,9999.000,9999.000,9999.000,9999.000
202607011636,   2.409,   2.289,9999.000,9999.000,9999.000,9999.000,9999.000,9999.000,9999.000
202607011642,   2.341,   2.220,9999.000,9999.000,9999.000,9999.000,9999.000,9999.000,9999.000
202607011648,   2.272,   2.177,9999.000,9999.000,9999.000,9999.000,9999.000,9999.000,9999.000
202607011654,   2.202,   2.118,9999.000,9999.000,9999.000,9999.000,9999.000,9999.000,9999.000
202607011700,   2.131,   2.099,   0.000,  -0.032,   2.099,   0.000,   2.099,   0.000,   2.099
202607011706,   2.060,   2.000,9999.000,9999.000,9999.000,9999.000,9999.000,9999.000,9999.000
202607011712,   1.988,   1.918,9999.000,9999.000,9999.000,9999.000,9999.000,9999.000,9999.000
202607011718,   1.916,9999.000,9999.000,9999.000,9999.000,9999.000,9999.000,9999.000,9999.000
202607011724,   1.843,   1.728,9999.000,9999.000,9999.000,9999.000,9999.000,9999.000,9999.000
202607011730,   1.770,   1.659,9999.000,9999.000,9999.000,9999.000,9999.000,9999.000,9999.000
202607011736,   1.697,   1.610,9999.000,9999.000,9999.000,9999.000,9999.000,9999.000,9999.000
202607011742,   1.623,   1.580,9999.000,9999.000,9999.000,9999.000,9999.000,9999.000,9999.000
202607011748,   1.549,   1.580,9999.000,9999.000,9999.000,9999.000,9999.000,9999.000,9999.000
202607011754,   1.475,   1.498,9999.000,9999.000,9999.000,9999.000,9999.000,9999.000,9999.000
202607011800,   1.401,   1.390,   0.100,  -0.111,   1.390,   0.000,   1.290,   0.100,   1.390
202607011806,   1.327,   1.279,9999.000,9999.000,9999.000,9999.000,9999.000,9999.000,9999.000
202607011812,   1.253,   1.161,9999.000,9999.000,9999.000,9999.000,9999.000,9999.000,9999.000
202607011818,   1.179,   1.098,9999.000,9999.000,9999.000,9999.000,9999.000,9999.000,9999.000
202607011824,   1.106,   1.039,9999.000,9999.000,9999.000,9999.000,9999.000,9999.000,9999.000
202607011830,   1.032,   0.990,9999.000,9999.000,9999.000,9999.000,9999.000,9999.000,9999.000
202607011836,   0.959,   0.951,9999.000,9999.000,9999.000,9999.000,9999.000,9999.000,9999.000
202607011842,   0.887,   0.898,9999.000,9999.000,9999.000,9999.000,9999.000,9999.000,9999.000
202607011848,   0.815,9999.000,9999.000,9999.000,9999.000,9999.000,9999.000,9999.000,9999.000
202607011854,   0.743,   0.698,9999.000,9999.000,9999.000,9999.000,9999.000,9999.000,9999.000
202607011900,   0.673,   0.619,   0.100,  -0.154,   0.619,   0.000,   0.519,   0.100,   0.619
202607011906,   0.603,   0.531,9999.000,9999.000,9999.000,9999.000,9999.000,9999.000,9999.000
202607011912,   0.533,   0.508,9999.000,9999.000,9999.000,9999.000,9999.000,9999.000,9999.000
202607011918,   0.465,   0.459,9999.000,9999.000,9999.000,9999.000,9999.000,9999.000,9999.000
202607011924,   0.397,   0.400,9999.000,9999.000,9999.000,9999.000,9999.000,9999.000,9999.000
202607011930,   0.331,   0.331,9999.000,9999.000,9999.000,9999.000,9999.000,9999.000,9999.000
202607011936,   0.266,   0.229,9999.000,9999.000,9999.000,9999.000,9999.000,9999.000,9999.000
202607011942,   0.201,   0.160,9999.000,9999.000,9999.000,9999.000,9999.000,9999.000,9999.000
202607011948,   0.138,   0.098,9999.000,9999.000,9999.000,9999.000,9999.000,9999.000,9999.000
202607011954,   0.077,   0.029,9999.000,9999.000,9999.000,9999.000,9999.000,9999.000,9999.000
202607012000,   0.017,  -0.009,   0.100,  -0.126,  -0.009,   0.000,  -0.109,   0.100,  -0.009
202607012006,  -0.041,  -0.059,9999.000,9999.000,9999.000,9999.000,9999.000,9999.000,9999.000
202607012012,  -0.098,  -0.111,9999.000,9999.000,9999.000,9999.000,9999.000,9999.000,9999.000
202607012018,  -0.154,9999.000,9999.000,9999.000,9999.000,9999.000,9999.000,9999.000,9999.000
202607012024,  -0.208,  -0.239,9999.000,9999.000,9999.000,9999.000,9999.000,9999.000,9999.000
202607012030,  -0.260,  -0.268,9999.000,9999.000,9999.000,9999.000,9999.000,9999.000,9999.000
202607012036,  -0.310,  -0.380,9999.000,9999.000,9999.000,9999.000,9999.000,9999.000,9999.000
202607012042,  -0.358,  -0.400,9999.000,9999.000,9999.000,9999.000,9999.000,9999.000,9999.000
202607012048,  -0.405,  -0.449,9999.000,9999.000,9999.000,9999.000,9999.000,9999.000,9999.000
202607012054,  -0.449,  -0.459,9999.000,9999.000,9999.000,9999.000,9999.000,9999.000,9999.000
202607012100,  -0.491,  -0.508,   0.000,  -0.017,  -0.508,   0.000,  -0.508,   0.100,  -0.408
202607012106,  -0.531,  -0.541,9999.000,9999.000,9999.000,9999.000,9999.000,9999.000,9999.000
202607012112,  -0.568,  -0.570,9999.000,9999.000,9999.000,9999.000,9999.000,9999.000,9999.000
202607012118,  -0.604,  -0.629,9999.000,9999.000,9999.000,9999.000,9999.000,9999.000,9999.000
202607012124,  -0.637,  -0.698,9999.000,9999.000,9999.000,9999.000,9999.000,9999.000,9999.000
202607012130,  -0.667,  -0.751,9999.000,9999.000,9999.000,9999.000,9999.000,9999.000,9999.000
202607012136,  -0.695,  -0.731,9999.000,9999.000,9999.000,9999.000,9999.000,9999.000,9999.000
202607012142,  -0.721,  -0.780,9999.000,9999.000,9999.000,9999.000,9999.000,9999.000,9999.000
202607012148,  -0.744,9999.000,9999.000,9999.000,9999.000,9999.000,9999.000,9999.000,9999.000
202607012154,  -0.764,  -0.800,9999.000,9999.000,9999.000,9999.000,9999.000,9999.000,9999.000
202607012200,  -0.782,  -0.790,   0.000,  -0.008,  -0.790,   0.000,  -0.790,   0.000,  -0.790
202607012206,  -0.798,  -0.859,9999.000,9999.000,9999.000,9999.000,9999.000,9999.000,9999.000
202607012212,  -0.810,  -0.869,9999.000,9999.000,9999.000,9999.000,9999.000,9999.000,9999.000
202607012218,  -0.820,  -0.869,9999.000,9999.000,9999.000,9999.000,9999.000,9999.000,9999.000
202607012224,  -0.828,  -0.780,9999.000,9999.000,9999.000,9999.000,9999.000,9999.000,9999.000
202607012230,  -0.833,  -0.839,9999.000,9999.000,9999.000,9999.000,9999.000,9999.000,9999.000
202607012236,  -0.835,  -0.879,9999.000,9999.000,9999.000,9999.000,9999.000,9999.000,9999.000
202607012242,  -0.834,  -0.879,9999.000,9999.000,9999.000,9999.000,9999.000,9999.000,9999.000
202607012248,  -0.831,9999.000,9999.000,9999.000,9999.000,9999.000,9999.000,9999.000,9999.000
202607012254,  -0.825,  -0.859,9999.000,9999.000,9999.000,9999.000,9999.000,9999.000,9999.000
202607012300,  -0.817,  -0.879,   0.000,  -0.062,  -0.879,   0.000,  -0.879,   0.000,  -0.879
202607012306,  -0.806,  -0.800,9999.000,9999.000,9999.000,9999.000,9999.000,9999.000,9999.000
202607012312,  -0.793,  -0.819,9999.000,9999.000,9999.000,9999.000,9999.000,9999.000,9999.000
202607012318,  -0.777,  -0.819,9999.000,9999.000,9999.000,9999.000,9999.000,9999.000,9999.000
202607012324,  -0.758,  -0.839,9999.000,9999.000,9999.000,9999.000,9999.000,9999.000,9999.000
202607012330,  -0.737,  -0.790,9999.000,9999.000,9999.000,9999.000,9999.000,9999.000,9999.000
202607012336,  -0.714,  -0.770,9999.000,9999.000,9999.000,9999.000,9999.000,9999.000,9999.000
202607012342,  -0.688,  -0.770,9999.000,9999.000,9999.000,9999.000,9999.000,9999.000,9999.000
202607012348,  -0.659,9999.000,9999.000,9999.000,9999.000,9999.000,9999.000,9999.000,9999.000
202607012354,  -0.629,9999.000,9999.000,9999.000,9999.000,9999.000,9999.000,9999.000,9999.000
202607020000,  -0.596,9999.000,   0.000,  -0.051,  -0.647,   0.000,  -0.647,   0.000,  -0.647
202607020006,  -0.561,9999.000,9999.000,9999.000,9999.000,9999.000,9999.000,9999.000,9999.000
202607020012,  -0.523,9999.000,9999.000,9999.000,9999.000,9999.000,9999.000,9999.000,9999.000
202607020018,  -0.484,9999.000,9999.000,9999.000,9999.000,9999.000,9999.000,9999.000,9999.000
202607020024,  -0.442,9999.000,9999.000,9999.000,9999.000,9999.000,9999.000,9999.000,9999.000
202607020030,  -0.398,9999.000,9999.000,9999.000,9999.000,9999.000,9999.000,9999.000,9999.000
202607020036,  -0.352,9999.000,9999.000,9999.000,9999.000,9999.000,9999.000,9999.000,9999.000
202607020042,  -0.304,9999.000,9999.000,9999.000,9999.000,9999.000,9999.000,9999.000,9999.000
202607020048,  -0.255,9999.000,9999.000,9999.000,9999.000,9999.000,9999.000,9999.000,9999.000
202607020054,  -0.203,9999.000,9999.000,9999.000,9999.000,9999.000,9999.000,9999.000,9999.000
202607020100,  -0.150,9999.000,   0.000,  -0.040,  -0.190,  -0.100,  -0.290,   0.000,  -0.190
202607020106,  -0.095,9999.000,9999.000,9999.000,9999.000,9999.000,9999.000,9999.000,9999.000
202607020112,  -0.038,9999.000,9999.000,9999.000,9999.000,9999.000,9999.000,9999.000,9999.000
202607020118,   0.019,9999.000,9999.000,9999.000,9999.000,9999.000,9999.000,9999.000,9999.000
202607020124,   0.079,9999.000,9999.000,9999.000,9999.000,9999.000,9999.000,9999.000,9999.000
202607020130,   0.141,9999.000,9999.000,9999.000,9999.000,9999.000,9999.000,9999.000,9999.000
202607020136,   0.203,9999.000,9999.000,9999.000,9999.000,9999.000,9999.000,9999.000,9999.000
202607020142,   0.267,9999.000,9999.000,9999.000,9999.000,9999.000,9999.000,9999.000,9999.000
202607020148,   0.332,9999.000,9999.000,9999.000,9999.000,9999.000,9999.000,9999.000,9999.000
202607020154,   0.399,9999.000,9999.000,9999.000,9999.000,9999.000,9999.000,9999.000,9999.000
202607020200,   0.466,9999.000,   0.000,  -0.028,   0.438,  -0.100,   0.338,   0.000,   0.438
202607020206,   0.534,9999.000,9999.000,9999.000,9999.000,9999.000,9999.000,9999.000,9999.000
202607020212,   0.603,9999.000,9999.000,9999.000,9999.000,9999.000,9999.000,9999.000,9999.000
202607020218,   0.673,9999.000,9999.000,9999.000,9999.000,9999.000,9999.000,9999.000,9999.000
202607020224,   0.743,9999.000,9999.000,9999.000,9999.000,9999.000,9999.000,9999.000,9999.000
202607020230,   0.814,9999.000,9999.000,9999.000,9999.000,9999.000,9999.000,9999.000,9999.000
202607020236,   0.886,9999.000,9999.000,9999.000,9999.000,9999.000,9999.000,9999.000,9999.000
202607020242,   0.958,9999.000,9999.000,9999.000,9999.000,9999.000,9999.000,9999.000,9999.000
202607020248,   1.030,9999.000,9999.000,9999.000,9999.000,9999.000,9999.000,9999.000,9999.000
202607020254,   1.102,9999.000,9999.000,9999.000,9999.000,9999.000,9999.000,9999.000,9999.000
202607020300,   1.175,9999.000,  -0.100,  -0.017,   1.058,  -0.100,   1.058,   0.000,   1.158
202607020306,   1.247,9999.000,9999.000,9999.000,9999.000,9999.000,9999.000,9999.000,9999.000
202607020312,   1.320,9999.000,9999.000,9999.000,9999.000,9999.000,9999.000,9999.000,9999.000
202607020318,   1.392,9999.000,9999.000,9999.000,9999.000,9999.000,9999.000,9999.000,9999.000
202607020324,   1.464,9999.000,9999.000,9999.000,9999.000,9999.000,9999.000,9999.000,9999.000
202607020330,   1.536,9999.000,9999.000,9999.000,9999.000,9999.000,9999.000,9999.000,9999.000
202607020336,   1.607,9999.000,9999.000,9999.000,9999.000,9999.000,9999.000,9999.000,9999.000
202607020342,   1.678,9999.000,9999.000,9999.000,9999.000,9999.000,9999.000,9999.000,9999.000
202607020348,   1.748,9999.000,9999.000,9999.000,9999.000,9999.000,9999.000,9999.000,9999.000
202607020354,   1.817,9999.000,9999.000,9999.000,9999.000,9999.000,9999.000,9999.000,9999.000
202607020400,   1.886,9999.000,  -0.100,  -0.006,   1.780,  -0.100,   1.780,   0.000,   1.880
202607020406,   1.955,9999.000,9999.000,9999.000,9999.000,9999.000,9999.000,9999.000,9999.000
202607020412,   2.022,9999.000,9999.000,9999.000,9999.000,9999.000,9999.000,9999.000,9999.000
202607020418,   2.088,9999.000,9999.000,9999.000,9999.000,9999.000,9999.000,9999.000,9999.000
202607020424,   2.154,9999.000,9999.000,9999.000,9999.000,9999.000,9999.000,9999.000,9999.000
202607020430,   2.219,9999.000,9999.000,9999.000,9999.000,9999.000,9999.000,9999.000,9999.000
202607020436,   2.283,9999.000,9999.000,9999.000,9999.000,9999.000,9999.000,9999.000,9999.000
202607020442,   2.345,9999.000,9999.000,9999.000,9999.000,9999.000,9999.000,9999.000,9999.000
202607020448,   2.407,9999.000,9999.000,9999.000,9999.000,9999.000,9999.000,9999.000,9999.000
202607020454,   2.468,9999.000,9999.000,9999.000,9999.000,9999.000,9999.000,9999.000,9999.000
202607020500,   2.527,9999.000,  -0.100,   0.005,   2.432,  -0.100,   2.432,   0.000,   2.532
202607020506,   2.586,9999.000,9999.000,9999.000,9999.000,9999.000,9999.000,9999.000,9999.000
202607020512,   2.643,9999.000,9999.000,9999.000,9999.000,9999.000,9999.000,9999.000,9999.000
202607020518,   2.699,9999.000,9999.000,9999.000,9999.000,9999.000,9999.000,9999.000,9999.000
202607020524,   2.754,9999.000,9999.000,9999.000,9999.000,9999.000,9999.000,9999.000,9999.000
202607020530,   2.807,9999.000,9999.000,9999.000,9999.000,9999.000,9999.000,9999.000,9999.000
202607020536,   2.860,9999.000,9999.000,9999.000,9999.000,9999.000,9999.000,9999.000,9999.000
202607020542,   2.911,9999.000,9999.000,9999.000,9999.000,9999.000,9999.000,9999.000,9999.000
202607020548,   2.961,9999.000,9999.000,9999.000,9999.000,9999.000,9999.000,9999.000,9999.000
202607020554,   3.009,9999.000,9999.000,9999.000,9999.000,9999.000,9999.000,9999.000,9999.000
202607020600,   3.057,9999.000,  -0.100,   0.016,   2.973,  -0.100,   2.973,   0.000,   3.073
202607020606,   3.103,9999.000,9999.000,9999.000,9999.000,9999.000,9999.000,9999.000,9999.000
202607020612,   3.148,9999.000,9999.000,9999.000,9999.000,9999.000,9999.000,9999.000,9999.000
202607020618,   3.191,9999.000,9999.000,9999.000,9999.000,9999.000,9999.000,9999.000,9999.000
202607020624,   3.233,9999.000,9999.000,9999.000,9999.000,9999.000,9999.000,9999.000,9999.000
202607020630,   3.274,9999.000,9999.000,9999.000,9999.000,9999.000,9999.000,9999.000,9999.000
202607020636,   3.314,9999.000,9999.000,9999.000,9999.000,9999.000,9999.000,9999.000,9999.000
202607020642,   3.352,9999.000,9999.000,9999.000,9999.000,9999.000,9999.000,9999.000,9999.000
202607020648,   3.389,9999.000,9999.000,9999.000,9999.000,9999.000,9999.000,9999.000,9999.000
202607020654,   3.424,9999.000,9999.000,9999.000,9999.000,9999.000,9999.000,9999.000,9999.000
202607020700,   3.459,9999.000,  -0.100,   0.028,   3.387,  -0.200,   3.287,  -0.100,   3.387
202607020706,   3.491,9999.000,9999.000,9999.000,9999.000,9999.000,9999.000,9999.000,9999.000
202607020712,   3.523,9999.000,9999.000,9999.000,9999.000,9999.000,9999.000,9999.000,9999.000
202607020718,   3.553,9999.000,9999.000,9999.000,9999.000,9999.000,9999.000,9999.000,9999.000
202607020724,   3.582,9999.000,9999.000,9999.000,9999.000,9999.000,9999.000,9999.000,9999.000
202607020730,   3.610,9999.000,9999.000,9999.000,9999.000,9999.000,9999.000,9999.000,9999.000
202607020736,   3.637,9999.000,9999.000,9999.000,9999.000,9999.000,9999.000,9999.000,9999.000
202607020742,   3.662,9999.000,9999.000,9999.000,9999.000,9999.000,9999.000,9999.000,9999.000
202607020748,   3.686,9999.000,9999.000,9999.000,9999.000,9999.000,9999.000,9999.000,9999.000
202607020754,   3.709,9999.000,9999.000,9999.000,9999.000,9999.000,9999.000,9999.000,9999.000
202607020800,   3.730,9999.000,  -0.100,   0.039,   3.669,  -0.200,   3.569,  -0.100,   3.669
202607020806,   3.751,9999.000,9999.000,9999.000,9999.000,9999.000,9999.000,9999.000,9999.000
202607020812,   3.770,9999.000,9999.000,9999.000,9999.000,9999.000,9999.000,9999.000,9999.000
202607020818,   3.788,9999.000,9999.000,9999.000,9999.000,9999.000,9999.000,9999.000,9999.000
202607020824,   3.805,9999.000,9999.000,9999.000,9999.000,9999.000,9999.000,9999.000,9999.000
202607020830,   3.821,9999.000,9999.000,9999.000,9999.000,9999.000,9999.000,9999.000,9999.000
202607020836,   3.836,9999.000,9999.000,9999.000,9999.000,9999.000,9999.000,9999.000,9999.000
202607020842,   3.851,9999.000,9999.000,9999.000,9999.000,9999.000,9999.000,9999.000,9999.000
202607020848,   3.864,9999.000,9999.000,9999.000,9999.000,9999.000,9999.000,9999.000,9999.000
202607020854,   3.876,9999.000,9999.000,9999.000,9999.000,9999.000,9999.000,9999.000,9999.000
202607020900,   3.888,9999.000,  -0.200,   0.050,   3.738,  -0.200,   3.738,  -0.100,   3.838
202607020906,   3.898,9999.000,9999.000,9999.000,9999.000,9999.000,9999.000,9999.000,9999.000
202607020912,   3.908,9999.000,9999.000,9999.000,9999.000,9999.000,9999.000,9999.000,9999.000
202607020918,   3.917,9999.000,9999.000,9999.000,9999.000,9999.000,9999.000,9999.000,9999.000
202607020924,   3.926,9999.000,9999.000,9999.000,9999.000,9999.000,9999.000,9999.000,9999.000
202607020930,   3.934,9999.000,9999.000,9999.000,9999.000,9999.000,9999.000,9999.000,9999.000
202607020936,   3.941,9999.000,9999.000,9999.000,9999.000,9999.000,9999.000,9999.000,9999.000
202607020942,   3.947,9999.000,9999.000,9999.000,9999.000,9999.000,9999.000,9999.000,9999.000
202607020948,   3.953,9999.000,9999.000,9999.000,9999.000,9999.000,9999.000,9999.000,9999.000
202607020954,   3.959,9999.000,9999.000,9999.000,9999.000,9999.000,9999.000,9999.000,9999.000
202607021000,   3.963,9999.000,  -0.200,   0.061,   3.824,  -0.300,   3.724,  -0.100,   3.924
202607021006,   3.968,9999.000,9999.000,9999.000,9999.000,9999.000,9999.000,9999.000,9999.000
202607021012,   3.972,9999.000,9999.000,9999.000,9999.000,9999.000,9999.000,9999.000,9999.000
202607021018,   3.975,9999.000,9999.000,9999.000,9999.000,9999.000,9999.000,9999.000,9999.000
202607021024,   3.978,9999.000,9999.000,9999.000,9999.000,9999.000,9999.000,9999.000,9999.000
202607021030,   3.981,9999.000,9999.000,9999.000,9999.000,9999.000,9999.000,9999.000,9999.000
202607021036,   3.983,9999.000,9999.000,9999.000,9999.000,9999.000,9999.000,9999.000,9999.000
202607021042,   3.984,9999.000,9999.000,9999.000,9999.000,9999.000,9999.000,9999.000,9999.000
202607021048,   3.985,9999.000,9999.000,9999.000,9999.000,9999.000,9999.000,9999.000,9999.000
202607021054,   3.986,9999.000,9999.000,9999.000,9999.000,9999.000,9999.000,9999.000,9999.000
202607021100,   3.986,9999.000,  -0.200,   0.072,   3.858,  -0.300,   3.758,  -0.200,   3.858
202607021106,   3.986,9999.000,9999.000,9999.000,9999.000,9999.000,9999.000,9999.000,9999.000
202607021112,   3.986,9999.000,9999.000,9999.000,9999.000,9999.000,9999.000,9999.000,9999.000
202607021118,   3.984,9999.000,9999.000,9999.000,9999.000,9999.000,9999.000,9999.000,9999.000
202607021124,   3.983,9999.000,9999.000,9999.000,9999.000,9999.000,9999.000,9999.000,9999.000
202607021130,   3.981,9999.000,9999.000,9999.000,9999.000,9999.000,9999.000,9999.000,9999.000
202607021136,   3.978,9999.000,9999.000,9999.000,9999.000,9999.000,9999.000,9999.000,9999.000
202607021142,   3.975,9999.000,9999.000,9999.000,9999.000,9999.000,9999.000,9999.000,9999.000
202607021148,   3.971,9999.000,9999.000,9999.000,9999.000,9999.000,9999.000,9999.000,9999.000
202607021154,   3.966,9999.000,9999.000,9999.000,9999.000,9999.000,9999.000,9999.000,9999.000
202607021200,   3.961,9999.000,  -0.300,   0.072,   3.733,  -0.400,   3.633,  -0.200,   3.833
202607021206,   3.956,9999.000,9999.000,9999.000,9999.000,9999.000,9999.000,9999.000,9999.000
202607021212,   3.949,9999.000,9999.000,9999.000,9999.000,9999.000,9999.000,9999.000,9999.000
202607021218,   3.942,9999.000,9999.000,9999.000,9999.000,9999.000,9999.000,9999.000,9999.000
202607021224,   3.935,9999.000,9999.000,9999.000,9999.000,9999.000,9999.000,9999.000,9999.000
202607021230,   3.926,9999.000,9999.000,9999.000,9999.000,9999.000,9999.000,9999.000,9999.000
202607021236,   3.917,9999.000,9999.000,9999.000,9999.000,9999.000,9999.000,9999.000,9999.000
202607021242,   3.907,9999.000,9999.000,9999.000,9999.000,9999.000,9999.000,9999.000,9999.000
202607021248,   3.897,9999.000,9999.000,9999.000,9999.000,9999.000,9999.000,9999.000,9999.000
202607021254,   3.885,9999.000,9999.000,9999.000,9999.000,9999.000,9999.000,9999.000,9999.000
202607021300,   3.873,9999.000,  -0.300,   0.072,   3.645,  -0.400,   3.545,  -0.200,   3.745
202607021306,   3.860,9999.000,9999.000,9999.000,9999.000,9999.000,9999.000,9999.000,9999.000
202607021312,   3.846,9999.000,9999.000,9999.000,9999.000,9999.000,9999.000,9999.000,9999.000
202607021318,   3.831,9999.000,9999.000,9999.000,9999.000,9999.000,9999.000,9999.000,9999.000
202607021324,   3.815,9999.000,9999.000,9999.000,9999.000,9999.000,9999.000,9999.000,9999.000
202607021330,   3.798,9999.000,9999.000,9999.000,9999.000,9999.000,9999.000,9999.000,9999.000
202607021336,   3.780,9999.000,9999.000,9999.000,9999.000,9999.000,9999.000,9999.000,9999.000
202607021342,   3.762,9999.000,9999.000,9999.000,9999.000,9999.000,9999.000,9999.000,9999.000
202607021348,   3.742,9999.000,9999.000,9999.000,9999.000,9999.000,9999.000,9999.000,9999.000
202607021354,   3.721,9999.000,9999.000,9999.000,9999.000,9999.000,9999.000,9999.000,9999.000
202607021400,   3.699,9999.000,  -0.300,   0.072,   3.471,  -0.400,   3.371,  -0.300,   3.471
202607021406,   3.676,9999.000,9999.000,9999.000,9999.000,9999.000,9999.000,9999.000,9999.000
202607021412,   3.652,9999.000,9999.000,9999.000,9999.000,9999.000,9999.000,9999.000,9999.000
202607021418,   3.627,9999.000,9999.000,9999.000,9999.000,9999.000,9999.000,9999.000,9999.000
202607021424,   3.601,9999.000,9999.000,9999.000,9999.000,9999.000,9999.000,9999.000,9999.000
202607021430,   3.573,9999.000,9999.000,9999.000,9999.000,9999.000,9999.000,9999.000,9999.000
202607021436,   3.544,9999.000,9999.000,9999.000,9999.000,9999.000,9999.000,9999.000,9999.000
202607021442,   3.514,9999.000,9999.000,9999.000,9999.000,9999.000,9999.000,9999.000,9999.000
202607021448,   3.483,9999.000,9999.000,9999.000,9999.000,9999.000,9999.000,9999.000,9999.000
202607021454,   3.450,9999.000,9999.000,9999.000,9999.000,9999.000,9999.000,9999.000,9999.000
202607021500,   3.416,9999.000,  -0.400,   0.072,   3.088,  -0.400,   3.088,  -0.300,   3.188
202607021506,   3.381,9999.000,9999.000,9999.000,9999.000,9999.000,9999.000,9999.000,9999.000
202607021512,   3.344,9999.000,9999.000,9999.000,9999.000,9999.000,9999.000,9999.000,9999.000
202607021518,   3.306,9999.000,9999.000,9999.000,9999.000,9999.000,9999.000,9999.000,9999.000
202607021524,   3.266,9999.000,9999.000,9999.000,9999.000,9999.000,9999.000,9999.000,9999.000
202607021530,   3.225,9999.000,9999.000,9999.000,9999.000,9999.000,9999.000,9999.000,9999.000
202607021536,   3.183,9999.000,9999.000,9999.000,9999.000,9999.000,9999.000,9999.000,9999.000
202607021542,   3.139,9999.000,9999.000,9999.000,9999.000,9999.000,9999.000,9999.000,9999.000
202607021548,   3.094,9999.000,9999.000,9999.000,9999.000,9999.000,9999.000,9999.000,9999.000
202607021554,   3.047,9999.000,9999.000,9999.000,9999.000,9999.000,9999.000,9999.000,9999.000
202607021600,   2.999,9999.000,  -0.400,   0.072,   2.671,  -0.400,   2.671,  -0.300,   2.771
202607021606,   2.949,9999.000,9999.000,9999.000,9999.000,9999.000,9999.000,9999.000,9999.000
202607021612,   2.898,9999.000,9999.000,9999.000,9999.000,9999.000,9999.000,9999.000,9999.000
202607021618,   2.846,9999.000,9999.000,9999.000,9999.000,9999.000,9999.000,9999.000,9999.000
202607021624,   2.793,9999.000,9999.000,9999.000,9999.000,9999.000,9999.000,9999.000,9999.000
202607021630,   2.738,9999.000,9999.000,9999.000,9999.000,9999.000,9999.000,9999.000,9999.000
202607021636,   2.681,9999.000,9999.000,9999.000,9999.000,9999.000,9999.000,9999.000,9999.000
202607021642,   2.624,9999.000,9999.000,9999.000,9999.000,9999.000,9999.000,9999.000,9999.000
202607021648,   2.565,9999.000,9999.000,9999.000,9999.000,9999.000,9999.000,9999.000,9999.000
202607021654,   2.505,9999.000,9999.000,9999.000,9999.000,9999.000,9999.000,9999.000,9999.000
202607021700,   2.444,9999.000,  -0.400,   0.072,   2.116,  -0.400,   2.116,  -0.300,   2.216
202607021706,   2.382,9999.000,9999.000,9999.000,9999.000,9999.000,9999.000,9999.000,9999.000
202607021712,   2.319,9999.000,9999.000,9999.000,9999.000,9999.000,9999.000,9999.000,9999.000
202607021718,   2.255,9999.000,9999.000,9999.000,9999.000,9999.000,9999.000,9999.000,9999.000
202607021724,   2.190,9999.000,9999.000,9999.000,9999.000,9999.000,9999.000,9999.000,9999.000
202607021730,   2.125,9999.000,9999.000,9999.000,9999.000,9999.000,9999.000,9999.000,9999.000
202607021736,   2.058,9999.000,9999.000,9999.000,9999.000,9999.000,9999.000,9999.000,9999.000
202607021742,   1.991,9999.000,9999.000,9999.000,9999.000,9999.000,9999.000,9999.000,9999.000
202607021748,   1.923,9999.000,9999.000,9999.000,9999.000,9999.000,9999.000,9999.000,9999.000
202607021754,   1.855,9999.000,9999.000,9999.000,9999.000,9999.000,9999.000,9999.000,9999.000
202607021800,   1.786,9999.000,  -0.400,   0.072,   1.458,  -0.500,   1.358,  -0.300,   1.558
202607021806,   1.717,9999.000,9999.000,9999.000,9999.000,9999.000,9999.000,9999.000,9999.000
202607021812,   1.647,9999.000,9999.000,9999.000,9999.000,9999.000,9999.000,9999.000,9999.000
202607021818,   1.577,9999.000,9999.000,9999.000,9999.000,9999.000,9999.000,9999.000,9999.000
202607021824,   1.507,9999.000,9999.000,9999.000,9999.000,9999.000,9999.000,9999.000,9999.000
202607021830,   1.437,9999.000,9999.000,9999.000,9999.000,9999.000,9999.000,9999.000,9999.000
202607021836,   1.366,9999.000,9999.000,9999.000,9999.000,9999.000,9999.000,9999.000,9999.000
202607021842,   1.296,9999.000,9999.000,9999.000,9999.000,9999.000,9999.000,9999.000,9999.000
202607021848,   1.226,9999.000,9999.000,9999.000,9999.000,9999.000,9999.000,9999.000,9999.000
202607021854,   1.156,9999.000,9999.000,9999.000,9999.000,9999.000,9999.000,9999.000,9999.000
202607021900,   1.086,9999.000,  -0.400,   0.072,   0.758,  -0.500,   0.658,  -0.400,   0.758
202607021906,   1.016,9999.000,9999.000,9999.000,9999.000,9999.000,9999.000,9999.000,9999.000
202607021912,   0.947,9999.000,9999.000,9999.000,9999.000,9999.000,9999.000,9999.000,9999.000
202607021918,   0.878,9999.000,9999.000,9999.000,9999.000,9999.000,9999.000,9999.000,9999.000
202607021924,   0.809,9999.000,9999.000,9999.000,9999.000,9999.000,9999.000,9999.000,9999.000
202607021930,   0.742,9999.000,9999.000,9999.000,9999.000,9999.000,9999.000,9999.000,9999.000
202607021936,   0.674,9999.000,9999.000,9999.000,9999.000,9999.000,9999.000,9999.000,9999.000
202607021942,   0.608,9999.000,9999.000,9999.000,9999.000,9999.000,9999.000,9999.000,9999.000
202607021948,   0.542,9999.000,9999.000,9999.000,9999.000,9999.000,9999.000,9999.000,9999.000
202607021954,   0.477,9999.000,9999.000,9999.000,9999.000,9999.000,9999.000,9999.000,9999.000
202607022000,   0.413,9999.000,  -0.500,   0.072,  -0.015,  -0.500,  -0.015,  -0.400,   0.085
202607022006,   0.349,9999.000,9999.000,9999.000,9999.000,9999.000,9999.000,9999.000,9999.000
202607022012,   0.287,9999.000,9999.000,9999.000,9999.000,9999.000,9999.000,9999.000,9999.000
202607022018,   0.226,9999.000,9999.000,9999.000,9999.000,9999.000,9999.000,9999.000,9999.000
202607022024,   0.166,9999.000,9999.000,9999.000,9999.000,9999.000,9999.000,9999.000,9999.000
202607022030,   0.108,9999.000,9999.000,9999.000,9999.000,9999.000,9999.000,9999.000,9999.000
202607022036,   0.051,9999.000,9999.000,9999.000,9999.000,9999.000,9999.000,9999.000,9999.000
202607022042,  -0.004,9999.000,9999.000,9999.000,9999.000,9999.000,9999.000,9999.000,9999.000
202607022048,  -0.059,9999.000,9999.000,9999.000,9999.000,9999.000,9999.000,9999.000,9999.000
202607022054,  -0.111,9999.000,9999.000,9999.000,9999.000,9999.000,9999.000,9999.000,9999.000
202607022100,  -0.163,9999.000,  -0.500,   0.072,  -0.591,  -0.500,  -0.591,  -0.400,  -0.491
202607022106,  -0.212,9999.000,9999.000,9999.000,9999.000,9999.000,9999.000,9999.000,9999.000
202607022112,  -0.260,9999.000,9999.000,9999.000,9999.000,9999.000,9999.000,9999.000,9999.000
202607022118,  -0.306,9999.000,9999.000,9999.000,9999.000,9999.000,9999.000,9999.000,9999.000
202607022124,  -0.350,9999.000,9999.000,9999.000,9999.000,9999.000,9999.000,9999.000,9999.000
202607022130,  -0.392,9999.000,9999.000,9999.000,9999.000,9999.000,9999.000,9999.000,9999.000
202607022136,  -0.432,9999.000,9999.000,9999.000,9999.000,9999.000,9999.000,9999.000,9999.000
202607022142,  -0.469,9999.000,9999.000,9999.000,9999.000,9999.000,9999.000,9999.000,9999.000
202607022148,  -0.505,9999.000,9999.000,9999.000,9999.000,9999.000,9999.000,9999.000,9999.000
202607022154,  -0.538,9999.000,9999.000,9999.000,9999.000,9999.000,9999.000,9999.000,9999.000
202607022200,  -0.569,9999.000,  -0.500,   0.072,  -0.997,  -0.600,  -1.097,  -0.500,  -0.997
202607022206,  -0.598,9999.000,9999.000,9999.000,9999.000,9999.000,9999.000,9999.000,9999.000
202607022212,  -0.624,9999.000,9999.000,9999.000,9999.000,9999.000,9999.000,9999.000,9999.000
202607022218,  -0.648,9999.000,9999.000,9999.000,9999.000,9999.000,9999.000,9999.000,9999.000
202607022224,  -0.670,9999.000,9999.000,9999.000,9999.000,9999.000,9999.000,9999.000,9999.000
202607022230,  -0.688,9999.000,9999.000,9999.000,9999.000,9999.000,9999.000,9999.000,9999.000
202607022236,  -0.705,9999.000,9999.000,9999.000,9999.000,9999.000,9999.000,9999.000,9999.000
202607022242,  -0.719,9999.000,9999.000,9999.000,9999.000,9999.000,9999.000,9999.000,9999.000
202607022248,  -0.730,9999.000,9999.000,9999.000,9999.000,9999.000,9999.000,9999.000,9999.000
202607022254,  -0.738,9999.000,9999.000,9999.000,9999.000,9999.000,9999.000,9999.000,9999.000
202607022300,  -0.744,9999.000,  -0.500,   0.072,  -1.172,  -0.600,  -1.272,  -0.500,  -1.172
202607022306,  -0.747,9999.000,9999.000,9999.000,9999.000,9999.000,9999.000,9999.000,9999.000
202607022312,  -0.748,9999.000,9999.000,9999.000,9999.000,9999.000,9999.000,9999.000,9999.000
202607022318,  -0.746,9999.000,9999.000,9999.000,9999.000,9999.000,9999.000,9999.000,9999.000
202607022324,  -0.742,9999.000,9999.000,9999.000,9999.000,9999.000,9999.000,9999.000,9999.000
202607022330,  -0.734,9999.000,9999.000,9999.000,9999.000,9999.000,9999.000,9999.000,9999.000
202607022336,  -0.725,9999.000,9999.000,9999.000,9999.000,9999.000,9999.000,9999.000,9999.000
202607022342,  -0.712,9999.000,9999.000,9999.000,9999.000,9999.000,9999.000,9999.000,9999.000
202607022348,  -0.697,9999.000,9999.000,9999.000,9999.000,9999.000,9999.000,9999.000,9999.000
202607022354,  -0.680,9999.000,9999.000,9999.000,9999.000,9999.000,9999.000,9999.000,9999.000
202607030000,  -0.660,9999.000,  -0.600,   0.072,  -1.188,  -0.600,  -1.188,  -0.500,  -1.088
202607030006,  -0.637,9999.000,9999.000,9999.000,9999.000,9999.000,9999.000,9999.000,9999.000
202607030012,  -0.612,9999.000,9999.000,9999.000,9999.000,9999.000,9999.000,9999.000,9999.000
202607030018,  -0.585,9999.000,9999.000,9999.000,9999.000,9999.000,9999.000,9999.000,9999.000
202607030024,  -0.555,9999.000,9999.000,9999.000,9999.000,9999.000,9999.000,9999.000,9999.000
202607030030,  -0.523,9999.000,9999.000,9999.000,9999.000,9999.000,9999.000,9999.000,9999.000
202607030036,  -0.489,9999.000,9999.000,9999.000,9999.000,9999.000,9999.000,9999.000,9999.000
202607030042,  -0.453,9999.000,9999.000,9999.000,9999.000,9999.000,9999.000,9999.000,9999.000
202607030048,  -0.414,9999.000,9999.000,9999.000,9999.000,9999.000,9999.000,9999.000,9999.000
202607030054,  -0.373,9999.000,9999.000,9999.000,9999.000,9999.000,9999.000,9999.000,9999.000
202607030100,  -0.330,9999.000,  -0.600,   0.072,  -0.858,  -0.600,  -0.858,  -0.500,  -0.758
202607030106,  -0.286,9999.000,9999.000,9999.000,9999.000,9999.000,9999.000,9999.000,9999.000
202607030112,  -0.239,9999.000,9999.000,9999.000,9999.000,9999.000,9999.000,9999.000,9999.000
202607030118,  -0.190,9999.000,9999.000,9999.000,9999.000,9999.000,9999.000,9999.000,9999.000
202607030124,  -0.139,9999.000,9999.000,9999.000,9999.000,9999.000,9999.000,9999.000,9999.000
202607030130,  -0.087,9999.000,9999.000,9999.000,9999.000,9999.000,9999.000,9999.000,9999.000
202607030136,  -0.033,9999.000,9999.000,9999.000,9999.000,9999.000,9999.000,9999.000,9999.000
202607030142,   0.022,9999.000,9999.000,9999.000,9999.000,9999.000,9999.000,9999.000,9999.000
202607030148,   0.079,9999.000,9999.000,9999.000,9999.000,9999.000,9999.000,9999.000,9999.000
202607030154,   0.138,9999.000,9999.000,9999.000,9999.000,9999.000,9999.000,9999.000,9999.000
202607030200,   0.198,9999.000,  -0.600,   0.072,  -0.330,  -0.700,  -0.430,  -0.500,  -0.230
202607030206,   0.260,9999.000,9999.000,9999.000,9999.000,9999.000,9999.000,9999.000,9999.000
202607030212,   0.322,9999.000,9999.000,9999.000,9999.000,9999.000,9999.000,9999.000,9999.000
202607030218,   0.387,9999.000,9999.000,9999.000,9999.000,9999.000,9999.000,9999.000,9999.000
202607030224,   0.452,9999.000,9999.000,9999.000,9999.000,9999.000,9999.000,9999.000,9999.000
202607030230,   0.518,9999.000,9999.000,9999.000,9999.000,9999.000,9999.000,9999.000,9999.000
202607030236,   0.585,9999.000,9999.000,9999.000,9999.000,9999.000,9999.000,9999.000,9999.000
202607030242,   0.653,9999.000,9999.000,9999.000,9999.000,9999.000,9999.000,9999.000,9999.000
202607030248,   0.722,9999.000,9999.000,9999.000,9999.000,9999.000,9999.000,9999.000,9999.000
202607030254,   0.791,9999.000,9999.000,9999.000,9999.000,9999.000,9999.000,9999.000,9999.000
202607030300,   0.861,9999.000,  -0.600,   0.072,   0.333,  -0.700,   0.233,  -0.600,   0.333
202607030306,   0.931,9999.000,9999.000,9999.000,9999.000,9999.000,9999.000,9999.000,9999.000
202607030312,   1.002,9999.000,9999.000,9999.000,9999.000,9999.000,9999.000,9999.000,9999.000
202607030318,   1.073,9999.000,9999.000,9999.000,9999.000,9999.000,9999.000,9999.000,9999.000
202607030324,   1.145,9999.000,9999.000,9999.000,9999.000,9999.000,9999.000,9999.000,9999.000
202607030330,   1.216,9999.000,9999.000,9999.000,9999.000,9999.000,9999.000,9999.000,9999.000
202607030336,   1.287,9999.000,9999.000,9999.000,9999.000,9999.000,9999.000,9999.000,9999.000
202607030342,   1.359,9999.000,9999.000,9999.000,9999.000,9999.000,9999.000,9999.000,9999.000
202607030348,   1.430,9999.000,9999.000,9999.000,9999.000,9999.000,9999.000,9999.000,9999.000
202607030354,   1.501,9999.000,9999.000,9999.000,9999.000,9999.000,9999.000,9999.000,9999.000
202607030400,   1.571,9999.000,  -0.600,   0.072,   1.043,  -0.700,   0.943,  -0.600,   1.043
202607030406,   1.641,9999.000,9999.000,9999.000,9999.000,9999.000,9999.000,9999.000,9999.000
202607030412,   1.711,9999.000,9999.000,9999.000,9999.000,9999.000,9999.000,9999.000,9999.000
202607030418,   1.779,9999.000,9999.000,9999.000,9999.000,9999.000,9999.000,9999.000,9999.000
202607030424,   1.848,9999.000,9999.000,9999.000,9999.000,9999.000,9999.000,9999.000,9999.000
202607030430,   1.915,9999.000,9999.000,9999.000,9999.000,9999.000,9999.000,9999.000,9999.000
202607030436,   1.982,9999.000,9999.000,9999.000,9999.000,9999.000,9999.000,9999.000,9999.000
202607030442,   2.048,9999.000,9999.000,9999.000,9999.000,9999.000,9999.000,9999.000,9999.000
202607030448,   2.112,9999.000,9999.000,9999.000,9999.000,9999.000,9999.000,9999.000,9999.000
202607030454,   2.176,9999.000,9999.000,9999.000,9999.000,9999.000,9999.000,9999.000,9999.000
202607030500,   2.239,9999.000,  -0.600,   0.072,   1.711,  -0.700,   1.611,  -0.600,   1.711
202607030506,   2.301,9999.000,9999.000,9999.000,9999.000,9999.000,9999.000,9999.000,9999.000
202607030512,   2.361,9999.000,9999.000,9999.000,9999.000,9999.000,9999.000,9999.000,9999.000
202607030518,   2.421,9999.000,9999.000,9999.000,9999.000,9999.000,9999.000,9999.000,9999.000
202607030524,   2.479,9999.000,9999.000,9999.000,9999.000,9999.000,9999.000,9999.000,9999.000
202607030530,   2.536,9999.000,9999.000,9999.000,9999.000,9999.000,9999.000,9999.000,9999.000
202607030536,   2.591,9999.000,9999.000,9999.000,9999.000,9999.000,9999.000,9999.000,9999.000
202607030542,   2.646,9999.000,9999.000,9999.000,9999.000,9999.000,9999.000,9999.000,9999.000
202607030548,   2.699,9999.000,9999.000,9999.000,9999.000,9999.000,9999.000,9999.000,9999.000
202607030554,   2.751,9999.000,9999.000,9999.000,9999.000,9999.000,9999.000,9999.000,9999.000
202607030600,   2.801,9999.000,  -0.700,   0.072,   2.173,  -0.700,   2.173,  -0.600,   2.273
202607030606,   2.850,9999.000,9999.000,9999.000,9999.000,9999.000,9999.000,9999.000,9999.000
202607030612,   2.898,9999.000,9999.000,9999.000,9999.000,9999.000,9999.000,9999.000,9999.000
202607030618,   2.944,9999.000,9999.000,9999.000,9999.000,9999.000,9999.000,9999.000,9999.000
202607030624,   2.989,9999.000,9999.000,9999.000,9999.000,9999.000,9999.000,9999.000,9999.000
202607030630,   3.032,9999.000,9999.000,9999.000,9999.000,9999.000,9999.000,9999.000,9999.000
202607030636,   3.075,9999.000,9999.000,9999.000,9999.000,9999.000,9999.000,9999.000,9999.000
202607030642,   3.115,9999.000,9999.000,9999.000,9999.000,9999.000,9999.000,9999.000,9999.000
202607030648,   3.155,9999.000,9999.000,9999.000,9999.000,9999.000,9999.000,9999.000,9999.000
202607030654,   3.192,9999.000,9999.000,9999.000,9999.000,9999.000,9999.000,9999.000,9999.000
202607030700,   3.229,9999.000,  -0.700,   0.072,   2.601,  -0.700,   2.601,  -0.600,   2.701
202607030706,   3.264,9999.000,9999.000,9999.000,9999.000,9999.000,9999.000,9999.000,9999.000
202607030712,   3.298,9999.000,9999.000,9999.000,9999.000,9999.000,9999.000,9999.000,9999.000
202607030718,   3.330,9999.000,9999.000,9999.000,9999.000,9999.000,9999.000,9999.000,9999.000
202607030724,   3.361,9999.000,9999.000,9999.000,9999.000,9999.000,9999.000,9999.000,9999.000
202607030730,   3.390,9999.000,9999.000,9999.000,9999.000,9999.000,9999.000,9999.000,9999.000
202607030736,   3.419,9999.000,9999.000,9999.000,9999.000,9999.000,9999.000,9999.000,9999.000
202607030742,   3.445,9999.000,9999.000,9999.000,9999.000,9999.000,9999.000,9999.000,9999.000
202607030748,   3.471,9999.000,9999.000,9999.000,9999.000,9999.000,9999.000,9999.000,9999.000
202607030754,   3.495,9999.000,9999.000,9999.000,9999.000,9999.000,9999.000,9999.000,9999.000
202607030800,   3.518,9999.000,  -0.700,   0.072,   2.890,  -0.700,   2.890,  -0.600,   2.990
202607030806,   3.539,9999.000,9999.000,9999.000,9999.000,9999.000,9999.000,9999.000,9999.000
202607030812,   3.559,9999.000,9999.000,9999.000,9999.000,9999.000,9999.000,9999.000,9999.000
202607030818,   3.578,9999.000,9999.000,9999.000,9999.000,9999.000,9999.000,9999.000,9999.000
202607030824,   3.595,9999.000,9999.000,9999.000,9999.000,9999.000,9999.000,9999.000,9999.000
202607030830,   3.612,9999.000,9999.000,9999.000,9999.000,9999.000,9999.000,9999.000,9999.000
202607030836,   3.627,9999.000,9999.000,9999.000,9999.000,9999.000,9999.000,9999.000,9999.000
202607030842,   3.641,9999.000,9999.000,9999.000,9999.000,9999.000,9999.000,9999.000,9999.000
202607030848,   3.654,9999.000,9999.000,9999.000,9999.000,9999.000,9999.000,9999.000,9999.000
202607030854,   3.665,9999.000,9999.000,9999.000,9999.000,9999.000,9999.000,9999.000,9999.000
202607030900,   3.676,9999.000,  -0.700,   0.072,   3.048,  -0.700,   3.048,  -0.600,   3.148
202607030906,   3.685,9999.000,9999.000,9999.000,9999.000,9999.000,9999.000,9999.000,9999.000
202607030912,   3.694,9999.000,9999.000,9999.000,9999.000,9999.000,9999.000,9999.000,9999.000
202607030918,   3.702,9999.000,9999.000,9999.000,9999.000,9999.000,9999.000,9999.000,9999.000
202607030924,   3.708,9999.000,9999.000,9999.000,9999.000,9999.000,9999.000,9999.000,9999.000
202607030930,   3.714,9999.000,9999.000,9999.000,9999.000,9999.000,9999.000,9999.000,9999.000
202607030936,   3.719,9999.000,9999.000,9999.000,9999.000,9999.000,9999.000,9999.000,9999.000
202607030942,   3.723,9999.000,9999.000,9999.000,9999.000,9999.000,9999.000,9999.000,9999.000
202607030948,   3.727,9999.000,9999.000,9999.000,9999.000,9999.000,9999.000,9999.000,9999.000
202607030954,   3.730,9999.000,9999.000,9999.000,9999.000,9999.000,9999.000,9999.000,9999.000
202607031000,   3.732,9999.000,  -0.700,   0.072,   3.104,  -0.700,   3.104,  -0.600,   3.204
202607031006,   3.733,9999.000,9999.000,9999.000,9999.000,9999.000,9999.000,9999.000,9999.000
202607031012,   3.734,9999.000,9999.000,9999.000,9999.000,9999.000,9999.000,9999.000,9999.000
202607031018,   3.735,9999.000,9999.000,9999.000,9999.000,9999.000,9999.000,9999.000,9999.000
202607031024,   3.734,9999.000,9999.000,9999.000,9999.000,9999.000,9999.000,9999.000,9999.000
202607031030,   3.734,9999.000,9999.000,9999.000,9999.000,9999.000,9999.000,9999.000,9999.000
202607031036,   3.733,9999.000,9999.000,9999.000,9999.000,9999.000,9999.000,9999.000,9999.000
202607031042,   3.732,9999.000,9999.000,9999.000,9999.000,9999.000,9999.000,9999.000,9999.000
202607031048,   3.730,9999.000,9999.000,9999.000,9999.000,9999.000,9999.000,9999.000,9999.000
202607031054,   3.728,9999.000,9999.000,9999.000,9999.000,9999.000,9999.000,9999.000,9999.000
202607031100,   3.726,9999.000,  -0.700,   0.072,   3.098,  -0.800,   2.998,  -0.700,   3.098
202607031106,   3.723,9999.000,9999.000,9999.000,9999.000,9999.000,9999.000,9999.000,9999.000
202607031112,   3.721,9999.000,9999.000,9999.000,9999.000,9999.000,9999.000,9999.000,9999.000
202607031118,   3.717,9999.000,9999.000,9999.000,9999.000,9999.000,9999.000,9999.000,9999.000
202607031124,   3.714,9999.000,9999.000,9999.000,9999.000,9999.000,9999.000,9999.000,9999.000
202607031130,   3.711,9999.000,9999.000,9999.000,9999.000,9999.000,9999.000,9999.000,9999.000
202607031136,   3.707,9999.000,9999.000,9999.000,9999.000,9999.000,9999.000,9999.000,9999.000
202607031142,   3.703,9999.000,9999.000,9999.000,9999.000,9999.000,9999.000,9999.000,9999.000
202607031148,   3.698,9999.000,9999.000,9999.000,9999.000,9999.000,9999.000,9999.000,9999.000
202607031154,   3.694,9999.000,9999.000,9999.000,9999.000,9999.000,9999.000,9999.000,9999.000
202607031200,   3.689,9999.000,  -0.700,   0.072,   3.061,  -0.800,   2.961,  -0.700,   3.061
202607031206,   3.684,9999.000,9999.000,9999.000,9999.000,9999.000,9999.000,9999.000,9999.000
202607031212,   3.679,9999.000,9999.000,9999.000,9999.000,9999.000,9999.000,9999.000,9999.000
202607031218,   3.673,9999.000,9999.000,9999.000,9999.000,9999.000,9999.000,9999.000,9999.000
202607031224,   3.667,9999.000,9999.000,9999.000,9999.000,9999.000,9999.000,9999.000,9999.000
202607031230,   3.661,9999.000,9999.000,9999.000,9999.000,9999.000,9999.000,9999.000,9999.000
202607031236,   3.654,9999.000,9999.000,9999.000,9999.000,9999.000,9999.000,9999.000,9999.000
202607031242,   3.647,9999.000,9999.000,9999.000,9999.000,9999.000,9999.000,9999.000,9999.000
202607031248,   3.639,9999.000,9999.000,9999.000,9999.000,9999.000,9999.000,9999.000,9999.000
202607031254,   3.632,9999.000,9999.000,9999.000,9999.000,9999.000,9999.000,9999.000,9999.000
202607031300,   3.623,9999.000,  -0.700,   0.072,   2.995,  -0.800,   2.895,  -0.700,   2.995
202607031306,   3.614,9999.000,9999.000,9999.000,9999.000,9999.000,9999.000,9999.000,9999.000
202607031312,   3.605,9999.000,9999.000,9999.000,9999.000,9999.000,9999.000,9999.000,9999.000
202607031318,   3.595,9999.000,9999.000,9999.000,9999.000,9999.000,9999.000,9999.000,9999.000
202607031324,   3.585,9999.000,9999.000,9999.000,9999.000,9999.000,9999.000,9999.000,9999.000
202607031330,   3.574,9999.000,9999.000,9999.000,9999.000,9999.000,9999.000,9999.000,9999.000
202607031336,   3.562,9999.000,9999.000,9999.000,9999.000,9999.000,9999.000,9999.000,9999.000
202607031342,   3.550,9999.000,9999.000,9999.000,9999.000,9999.000,9999.000,9999.000,9999.000
202607031348,   3.537,9999.000,9999.000,9999.000,9999.000,9999.000,9999.000,9999.000,9999.000
202607031354,   3.524,9999.000,9999.000,9999.000,9999.000,9999.000,9999.000,9999.000,9999.000
202607031400,   3.509,9999.000,  -0.700,   0.072,   2.881,  -0.800,   2.781,  -0.700,   2.881
202607031406,   3.494,9999.000,9999.000,9999.000,9999.000,9999.000,9999.000,9999.000,9999.000
202607031412,   3.479,9999.000,9999.000,9999.000,9999.000,9999.000,9999.000,9999.000,9999.000
202607031418,   3.462,9999.000,9999.000,9999.000,9999.000,9999.000,9999.000,9999.000,9999.000
202607031424,   3.445,9999.000,9999.000,9999.000,9999.000,9999.000,9999.000,9999.000,9999.000
202607031430,   3.427,9999.000,9999.000,9999.000,9999.000,9999.000,9999.000,9999.000,9999.000
202607031436,   3.407,9999.000,9999.000,9999.000,9999.000,9999.000,9999.000,9999.000,9999.000
202607031442,   3.387,9999.000,9999.000,9999.000,9999.000,9999.000,9999.000,9999.000,9999.000
202607031448,   3.367,9999.000,9999.000,9999.000,9999.000,9999.000,9999.000,9999.000,9999.000
202607031454,   3.345,9999.000,9999.000,9999.000,9999.000,9999.000,9999.000,9999.000,9999.000
202607031500,   3.322,9999.000,  -0.700,   0.072,   2.694,  -0.800,   2.594,  -0.700,   2.694
202607031506,   3.298,9999.000,9999.000,9999.000,9999.000,9999.000,9999.000,9999.000,9999.000
202607031512,   3.273,9999.000,9999.000,9999.000,9999.000,9999.000,9999.000,9999.000,9999.000
202607031518,   3.247,9999.000,9999.000,9999.000,9999.000,9999.000,9999.000,9999.000,9999.000
202607031524,   3.220,9999.000,9999.000,9999.000,9999.000,9999.000,9999.000,9999.000,9999.000
202607031530,   3.191,9999.000,9999.000,9999.000,9999.000,9999.000,9999.000,9999.000,9999.000
202607031536,   3.162,9999.000,9999.000,9999.000,9999.000,9999.000,9999.000,9999.000,9999.000
202607031542,   3.131,9999.000,9999.000,9999.000,9999.000,9999.000,9999.000,9999.000,9999.000
202607031548,   3.100,9999.000,9999.000,9999.000,9999.000,9999.000,9999.000,9999.000,9999.000
202607031554,   3.067,9999.000,9999.000,9999.000,9999.000,9999.000,9999.000,9999.000,9999.000
202607031600,   3.032,9999.000,  -0.700,   0.072,   2.404,  -0.800,   2.304,  -0.700,   2.404
202607031606,   2.997,9999.000,9999.000,9999.000,9999.000,9999.000,9999.000,9999.000,9999.000
202607031612,   2.960,9999.000,9999.000,9999.000,9999.000,9999.000,9999.000,9999.000,9999.000
202607031618,   2.921,9999.000,9999.000,9999.000,9999.000,9999.000,9999.000,9999.000,9999.000
202607031624,   2.882,9999.000,9999.000,9999.000,9999.000,9999.000,9999.000,9999.000,9999.000
202607031630,   2.841,9999.000,9999.000,9999.000,9999.000,9999.000,9999.000,9999.000,9999.000
202607031636,   2.799,9999.000,9999.000,9999.000,9999.000,9999.000,9999.000,9999.000,9999.000
202607031642,   2.756,9999.000,9999.000,9999.000,9999.000,9999.000,9999.000,9999.000,9999.000
202607031648,   2.711,9999.000,9999.000,9999.000,9999.000,9999.000,9999.000,9999.000,9999.000
202607031654,   2.665,9999.000,9999.000,9999.000,9999.000,9999.000,9999.000,9999.000,9999.000
202607031700,   2.617,9999.000,  -0.700,   0.072,   1.989,  -0.800,   1.889,  -0.700,   1.989
202607031706,   2.569,9999.000,9999.000,9999.000,9999.000,9999.000,9999.000,9999.000,9999.000
202607031712,   2.519,9999.000,9999.000,9999.000,9999.000,9999.000,9999.000,9999.000,9999.000
202607031718,   2.468,9999.000,9999.000,9999.000,9999.000,9999.000,9999.000,9999.000,9999.000
202607031724,   2.416,9999.000,9999.000,9999.000,9999.000,9999.000,9999.000,9999.000,9999.000
202607031730,   2.363,9999.000,9999.000,9999.000,9999.000,9999.000,9999.000,9999.000,9999.000
202607031736,   2.308,9999.000,9999.000,9999.000,9999.000,9999.000,9999.000,9999.000,9999.000
202607031742,   2.253,9999.000,9999.000,9999.000,9999.000,9999.000,9999.000,9999.000,9999.000
202607031748,   2.196,9999.000,9999.000,9999.000,9999.000,9999.000,9999.000,9999.000,9999.000
202607031754,   2.139,9999.000,9999.000,9999.000,9999.000,9999.000,9999.000,9999.000,9999.000
202607031800,   2.080,9999.000,  -0.700,   0.072,   1.452,  -0.800,   1.352,  -0.700,   1.452
202607031806,   2.021,9999.000,9999.000,9999.000,9999.000,9999.000,9999.000,9999.000,9999.000
202607031812,   1.961,9999.000,9999.000,9999.000,9999.000,9999.000,9999.000,9999.000,9999.000
202607031818,   1.901,9999.000,9999.000,9999.000,9999.000,9999.000,9999.000,9999.000,9999.000
202607031824,   1.839,9999.000,9999.000,9999.000,9999.000,9999.000,9999.000,9999.000,9999.000
202607031830,   1.778,9999.000,9999.000,9999.000,9999.000,9999.000,9999.000,9999.000,9999.000
202607031836,   1.715,9999.000,9999.000,9999.000,9999.000,9999.000,9999.000,9999.000,9999.000
202607031842,   1.652,9999.000,9999.000,9999.000,9999.000,9999.000,9999.000,9999.000,9999.000
202607031848,   1.589,9999.000,9999.000,9999.000,9999.000,9999.000,9999.000,9999.000,9999.000
202607031854,   1.526,9999.000,9999.000,9999.000,9999.000,9999.000,9999.000,9999.000,9999.000
202607031900,   1.462,9999.000,  -0.700,   0.072,   0.834,  -0.800,   0.734,  -0.700,   0.834
202607031906,   1.398,9999.000,9999.000,9999.000,9999.000,9999.000,9999.000,9999.000,9999.000
202607031912,   1.334,9999.000,9999.000,9999.000,9999.000,9999.000,9999.000,9999.000,9999.000
202607031918,   1.270,9999.000,9999.000,9999.000,9999.000,9999.000,9999.000,9999.000,9999.000
202607031924,   1.206,9999.000,9999.000,9999.000,9999.000,9999.000,9999.000,9999.000,9999.000
202607031930,   1.142,9999.000,9999.000,9999.000,9999.000,9999.000,9999.000,9999.000,9999.000
202607031936,   1.078,9999.000,9999.000,9999.000,9999.000,9999.000,9999.000,9999.000,9999.000
202607031942,   1.014,9999.000,9999.000,9999.000,9999.000,9999.000,9999.000,9999.000,9999.000
202607031948,   0.951,9999.000,9999.000,9999.000,9999.000,9999.000,9999.000,9999.000,9999.000
202607031954,   0.888,9999.000,9999.000,9999.000,9999.000,9999.000,9999.000,9999.000,9999.000
202607032000,   0.826,9999.000,  -0.700,   0.072,   0.198,  -0.800,   0.098,  -0.700,   0.198
202607032006,   0.764,9999.000,9999.000,9999.000,9999.000,9999.000,9999.000,9999.000,9999.000
202607032012,   0.703,9999.000,9999.000,9999.000,9999.000,9999.000,9999.000,9999.000,9999.000
202607032018,   0.642,9999.000,9999.000,9999.000,9999.000,9999.000,9999.000,9999.000,9999.000
202607032024,   0.582,9999.000,9999.000,9999.000,9999.000,9999.000,9999.000,9999.000,9999.000
202607032030,   0.523,9999.000,9999.000,9999.000,9999.000,9999.000,9999.000,9999.000,9999.000
202607032036,   0.465,9999.000,9999.000,9999.000,9999.000,9999.000,9999.000,9999.000,9999.000
202607032042,   0.407,9999.000,9999.000,9999.000,9999.000,9999.000,9999.000,9999.000,9999.000
202607032048,   0.351,9999.000,9999.000,9999.000,9999.000,9999.000,9999.000,9999.000,9999.000
202607032054,   0.295,9999.000,9999.000,9999.000,9999.000,9999.000,9999.000,9999.000,9999.000
202607032100,   0.241,9999.000,  -0.800,   0.072,  -0.487,  -0.800,  -0.487,  -0.700,  -0.387
202607032106,   0.188,9999.000,9999.000,9999.000,9999.000,9999.000,9999.000,9999.000,9999.000
202607032112,   0.136,9999.000,9999.000,9999.000,9999.000,9999.000,9999.000,9999.000,9999.000
202607032118,   0.085,9999.000,9999.000,9999.000,9999.000,9999.000,9999.000,9999.000,9999.000
202607032124,   0.036,9999.000,9999.000,9999.000,9999.000,9999.000,9999.000,9999.000,9999.000
202607032130,  -0.011,9999.000,9999.000,9999.000,9999.000,9999.000,9999.000,9999.000,9999.000
202607032136,  -0.057,9999.000,9999.000,9999.000,9999.000,9999.000,9999.000,9999.000,9999.000
202607032142,  -0.102,9999.000,9999.000,9999.000,9999.000,9999.000,9999.000,9999.000,9999.000
202607032148,  -0.145,9999.000,9999.000,9999.000,9999.000,9999.000,9999.000,9999.000,9999.000
202607032154,  -0.186,9999.000,9999.000,9999.000,9999.000,9999.000,9999.000,9999.000,9999.000
202607032200,  -0.226,9999.000,  -0.800,   0.072,  -0.954,  -0.800,  -0.954,  -0.700,  -0.854
202607032206,  -0.263,9999.000,9999.000,9999.000,9999.000,9999.000,9999.000,9999.000,9999.000
202607032212,  -0.299,9999.000,9999.000,9999.000,9999.000,9999.000,9999.000,9999.000,9999.000
202607032218,  -0.333,9999.000,9999.000,9999.000,9999.000,9999.000,9999.000,9999.000,9999.000
202607032224,  -0.364,9999.000,9999.000,9999.000,9999.000,9999.000,9999.000,9999.000,9999.000
202607032230,  -0.394,9999.000,9999.000,9999.000,9999.000,9999.000,9999.000,9999.000,9999.000
202607032236,  -0.421,9999.000,9999.000,9999.000,9999.000,9999.000,9999.000,9999.000,9999.000
202607032242,  -0.446,9999.000,9999.000,9999.000,9999.000,9999.000,9999.000,9999.000,9999.000
202607032248,  -0.469,9999.000,9999.000,9999.000,9999.000,9999.000,9999.000,9999.000,9999.000
202607032254,  -0.489,9999.000,9999.000,9999.000,9999.000,9999.000,9999.000,9999.000,9999.000
202607032300,  -0.507,9999.000,  -0.800,   0.072,  -1.235,  -0.800,  -1.235,  -0.700,  -1.135
202607032306,  -0.523,9999.000,9999.000,9999.000,9999.000,9999.000,9999.000,9999.000,9999.000
202607032312,  -0.536,9999.000,9999.000,9999.000,9999.000,9999.000,9999.000,9999.000,9999.000
202607032318,  -0.547,9999.000,9999.000,9999.000,9999.000,9999.000,9999.000,9999.000,9999.000
202607032324,  -0.555,9999.000,9999.000,9999.000,9999.000,9999.000,9999.000,9999.000,9999.000
202607032330,  -0.560,9999.000,9999.000,9999.000,9999.000,9999.000,9999.000,9999.000,9999.000
202607032336,  -0.564,9999.000,9999.000,9999.000,9999.000,9999.000,9999.000,9999.000,9999.000
202607032342,  -0.564,9999.000,9999.000,9999.000,9999.000,9999.000,9999.000,9999.000,9999.000
202607032348,  -0.562,9999.000,9999.000,9999.000,9999.000,9999.000,9999.000,9999.000,9999.000
202607032354,  -0.558,9999.000,9999.000,9999.000,9999.000,9999.000,9999.000,9999.000,9999.000
202607040000,  -0.550,9999.000,  -0.800,   0.072,  -1.278,  -0.800,  -1.278,  -0.700,  -1.178
202607040006,  -0.541,9999.000,9999.000,9999.000,9999.000,9999.000,9999.000,9999.000,9999.000
202607040012,  -0.529,9999.000,9999.000,9999.000,9999.000,9999.000,9999.000,9999.000,9999.000
202607040018,  -0.514,9999.000,9999.000,9999.000,9999.000,9999.000,9999.000,9999.000,9999.000
202607040024,  -0.497,9999.000,9999.000,9999.000,9999.000,9999.000,9999.000,9999.000,9999.000
202607040030,  -0.477,9999.000,9999.000,9999.000,9999.000,9999.000,9999.000,9999.000,9999.000
202607040036,  -0.455,9999.000,9999.000,9999.000,9999.000,9999.000,9999.000,9999.000,9999.000
202607040042,  -0.430,9999.000,9999.000,9999.000,9999.000,9999.000,9999.000,9999.000,9999.000
202607040048,  -0.404,9999.000,9999.000,9999.000,9999.000,9999.000,9999.000,9999.000,9999.000
202607040054,  -0.374,9999.000,9999.000,9999.000,9999.000,9999.000,9999.000,9999.000,9999.000
202607040100,  -0.343,9999.000,  -0.700,   0.072,  -0.971,  -0.800,  -1.071,  -0.700,  -0.971
202607040106,  -0.309,9999.000,9999.000,9999.000,9999.000,9999.000,9999.000,9999.000,9999.000
202607040112,  -0.273,9999.000,9999.000,9999.000,9999.000,9999.000,9999.000,9999.000,9999.000
202607040118,  -0.235,9999.000,9999.000,9999.000,9999.000,9999.000,9999.000,9999.000,9999.000
202607040124,  -0.195,9999.000,9999.000,9999.000,9999.000,9999.000,9999.000,9999.000,9999.000
202607040130,  -0.153,9999.000,9999.000,9999.000,9999.000,9999.000,9999.000,9999.000,9999.000
202607040136,  -0.109,9999.000,9999.000,9999.000,9999.000,9999.000,9999.000,9999.000,9999.000
202607040142,  -0.063,9999.000,9999.000,9999.000,9999.000,9999.000,9999.000,9999.000,9999.000
202607040148,  -0.016,9999.000,9999.000,9999.000,9999.000,9999.000,9999.000,9999.000,9999.000
202607040154,   0.033,9999.000,9999.000,9999.000,9999.000,9999.000,9999.000,9999.000,9999.000
202607040200,   0.084,9999.000,  -0.700,   0.072,  -0.544,  -0.800,  -0.644,  -0.700,  -0.544
202607040206,   0.137,9999.000,9999.000,9999.000,9999.000,9999.000,9999.000,9999.000,9999.000
202607040212,   0.191,9999.000,9999.000,9999.000,9999.000,9999.000,9999.000,9999.000,9999.000
202607040218,   0.247,9999.000,9999.000,9999.000,9999.000,9999.000,9999.000,9999.000,9999.000
202607040224,   0.304,9999.000,9999.000,9999.000,9999.000,9999.000,9999.000,9999.000,9999.000
202607040230,   0.363,9999.000,9999.000,9999.000,9999.000,9999.000,9999.000,9999.000,9999.000
202607040236,   0.423,9999.000,9999.000,9999.000,9999.000,9999.000,9999.000,9999.000,9999.000
202607040242,   0.484,9999.000,9999.000,9999.000,9999.000,9999.000,9999.000,9999.000,9999.000
202607040248,   0.546,9999.000,9999.000,9999.000,9999.000,9999.000,9999.000,9999.000,9999.000
202607040254,   0.610,9999.000,9999.000,9999.000,9999.000,9999.000,9999.000,9999.000,9999.000
202607040300,   0.674,9999.000,  -0.700,   0.072,   0.046,  -0.800,  -0.054,  -0.700,   0.046
202607040306,   0.739,9999.000,9999.000,9999.000,9999.000,9999.000,9999.000,9999.000,9999.000
202607040312,   0.805,9999.000,9999.000,9999.000,9999.000,9999.000,9999.000,9999.000,9999.000
202607040318,   0.871,9999.000,9999.000,9999.000,9999.000,9999.000,9999.000,9999.000,9999.000
202607040324,   0.938,9999.000,9999.000,9999.000,9999.000,9999.000,9999.000,9999.000,9999.000
202607040330,   1.006,9999.000,9999.000,9999.000,9999.000,9999.000,9999.000,9999.000,9999.000
202607040336,   1.074,9999.000,9999.000,9999.000,9999.000,9999.000,9999.000,9999.000,9999.000
202607040342,   1.142,9999.000,9999.000,9999.000,9999.000,9999.000,9999.000,9999.000,9999.000
202607040348,   1.211,9999.000,9999.000,9999.000,9999.000,9999.000,9999.000,9999.000,9999.000
202607040354,   1.280,9999.000,9999.000,9999.000,9999.000,9999.000,9999.000,9999.000,9999.000
202607040400,   1.348,9999.000,  -0.700,   0.072,   0.720,  -0.800,   0.620,  -0.700,   0.720
202607040406,   1.417,9999.000,9999.000,9999.000,9999.000,9999.000,9999.000,9999.000,9999.000
202607040412,   1.485,9999.000,9999.000,9999.000,9999.000,9999.000,9999.000,9999.000,9999.000
202607040418,   1.553,9999.000,9999.000,9999.000,9999.000,9999.000,9999.000,9999.000,9999.000
202607040424,   1.621,9999.000,9999.000,9999.000,9999.000,9999.000,9999.000,9999.000,9999.000
202607040430,   1.689,9999.000,9999.000,9999.000,9999.000,9999.000,9999.000,9999.000,9999.000
202607040436,   1.756,9999.000,9999.000,9999.000,9999.000,9999.000,9999.000,9999.000,9999.000
202607040442,   1.822,9999.000,9999.000,9999.000,9999.000,9999.000,9999.000,9999.000,9999.000
202607040448,   1.888,9999.000,9999.000,9999.000,9999.000,9999.000,9999.000,9999.000,9999.000
202607040454,   1.952,9999.000,9999.000,9999.000,9999.000,9999.000,9999.000,9999.000,9999.000
202607040500,   2.016,9999.000,  -0.700,   0.072,   1.388,  -0.800,   1.288,  -0.600,   1.488
202607040506,   2.079,9999.000,9999.000,9999.000,9999.000,9999.000,9999.000,9999.000,9999.000
202607040512,   2.141,9999.000,9999.000,9999.000,9999.000,9999.000,9999.000,9999.000,9999.000
202607040518,   2.202,9999.000,9999.000,9999.000,9999.000,9999.000,9999.000,9999.000,9999.000
202607040524,   2.262,9999.000,9999.000,9999.000,9999.000,9999.000,9999.000,9999.000,9999.000
202607040530,   2.321,9999.000,9999.000,9999.000,9999.000,9999.000,9999.000,9999.000,9999.000
202607040536,   2.378,9999.000,9999.000,9999.000,9999.000,9999.000,9999.000,9999.000,9999.000
202607040542,   2.434,9999.000,9999.000,9999.000,9999.000,9999.000,9999.000,9999.000,9999.000
202607040548,   2.489,9999.000,9999.000,9999.000,9999.000,9999.000,9999.000,9999.000,9999.000
202607040554,   2.543,9999.000,9999.000,9999.000,9999.000,9999.000,9999.000,9999.000,9999.000
202607040600,   2.595,9999.000,  -0.700,   0.072,   1.967,  -0.800,   1.867,  -0.600,   2.067
202607040606,   2.645,9999.000,9999.000,9999.000,9999.000,9999.000,9999.000,9999.000,9999.000
202607040612,   2.695,9999.000,9999.000,9999.000,9999.000,9999.000,9999.000,9999.000,9999.000
202607040618,   2.742,9999.000,9999.000,9999.000,9999.000,9999.000,9999.000,9999.000,9999.000
202607040624,   2.788,9999.000,9999.000,9999.000,9999.000,9999.000,9999.000,9999.000,9999.000
202607040630,   2.833,9999.000,9999.000,9999.000,9999.000,9999.000,9999.000,9999.000,9999.000
202607040636,   2.876,9999.000,9999.000,9999.000,9999.000,9999.000,9999.000,9999.000,9999.000
202607040642,   2.918,9999.000,9999.000,9999.000,9999.000,9999.000,9999.000,9999.000,9999.000
202607040648,   2.958,9999.000,9999.000,9999.000,9999.000,9999.000,9999.000,9999.000,9999.000
202607040654,   2.997,9999.000,9999.000,9999.000,9999.000,9999.000,9999.000,9999.000,9999.000
202607040700,   3.034,9999.000,  -0.700,   0.072,   2.406,  -0.800,   2.306,  -0.600,   2.506
202607040706,   3.069,9999.000,9999.000,9999.000,9999.000,9999.000,9999.000,9999.000,9999.000
202607040712,   3.103,9999.000,9999.000,9999.000,9999.000,9999.000,9999.000,9999.000,9999.000
202607040718,   3.135,9999.000,9999.000,9999.000,9999.000,9999.000,9999.000,9999.000,9999.000
202607040724,   3.166,9999.000,9999.000,9999.000,9999.000,9999.000,9999.000,9999.000,9999.000
202607040730,   3.196,9999.000,9999.000,9999.000,9999.000,9999.000,9999.000,9999.000,9999.000
202607040736,   3.223,9999.000,9999.000,9999.000,9999.000,9999.000,9999.000,9999.000,9999.000
202607040742,   3.250,9999.000,9999.000,9999.000,9999.000,9999.000,9999.000,9999.000,9999.000
202607040748,   3.275,9999.000,9999.000,9999.000,9999.000,9999.000,9999.000,9999.000,9999.000
202607040754,   3.298,9999.000,9999.000,9999.000,9999.000,9999.000,9999.000,9999.000,9999.000
202607040800,   3.320,9999.000,  -0.700,   0.072,   2.692,  -0.800,   2.592,  -0.600,   2.792
202607040806,   3.340,9999.000,9999.000,9999.000,9999.000,9999.000,9999.000,9999.000,9999.000
202607040812,   3.359,9999.000,9999.000,9999.000,9999.000,9999.000,9999.000,9999.000,9999.000
202607040818,   3.377,9999.000,9999.000,9999.000,9999.000,9999.000,9999.000,9999.000,9999.000
202607040824,   3.393,9999.000,9999.000,9999.000,9999.000,9999.000,9999.000,9999.000,9999.000
202607040830,   3.408,9999.000,9999.000,9999.000,9999.000,9999.000,9999.000,9999.000,9999.000
202607040836,   3.422,9999.000,9999.000,9999.000,9999.000,9999.000,9999.000,9999.000,9999.000
202607040842,   3.434,9999.000,9999.000,9999.000,9999.000,9999.000,9999.000,9999.000,9999.000
202607040848,   3.445,9999.000,9999.000,9999.000,9999.000,9999.000,9999.000,9999.000,9999.000
202607040854,   3.454,9999.000,9999.000,9999.000,9999.000,9999.000,9999.000,9999.000,9999.000
202607040900,   3.463,9999.000,  -0.700,   0.072,   2.835,  -0.800,   2.735,  -0.600,   2.935
202607040906,   3.470,9999.000,9999.000,9999.000,9999.000,9999.000,9999.000,9999.000,9999.000
202607040912,   3.476,9999.000,9999.000,9999.000,9999.000,9999.000,9999.000,9999.000,9999.000
202607040918,   3.481,9999.000,9999.000,9999.000,9999.000,9999.000,9999.000,9999.000,9999.000
202607040924,   3.484,9999.000,9999.000,9999.000,9999.000,9999.000,9999.000,9999.000,9999.000
202607040930,   3.487,9999.000,9999.000,9999.000,9999.000,9999.000,9999.000,9999.000,9999.000
202607040936,   3.489,9999.000,9999.000,9999.000,9999.000,9999.000,9999.000,9999.000,9999.000
202607040942,   3.489,9999.000,9999.000,9999.000,9999.000,9999.000,9999.000,9999.000,9999.000
202607040948,   3.489,9999.000,9999.000,9999.000,9999.000,9999.000,9999.000,9999.000,9999.000
202607040954,   3.488,9999.000,9999.000,9999.000,9999.000,9999.000,9999.000,9999.000,9999.000
202607041000,   3.485,9999.000,  -0.700,   0.072,   2.857,  -0.800,   2.757,  -0.600,   2.957
202607041006,   3.482,9999.000,9999.000,9999.000,9999.000,9999.000,9999.000,9999.000,9999.000
202607041012,   3.479,9999.000,9999.000,9999.000,9999.000,9999.000,9999.000,9999.000,9999.000
202607041018,   3.474,9999.000,9999.000,9999.000,9999.000,9999.000,9999.000,9999.000,9999.000
202607041024,   3.469,9999.000,9999.000,9999.000,9999.000,9999.000,9999.000,9999.000,9999.000
202607041030,   3.464,9999.000,9999.000,9999.000,9999.000,9999.000,9999.000,9999.000,9999.000
202607041036,   3.458,9999.000,9999.000,9999.000,9999.000,9999.000,9999.000,9999.000,9999.000
202607041042,   3.451,9999.000,9999.000,9999.000,9999.000,9999.000,9999.000,9999.000,9999.000
202607041048,   3.444,9999.000,9999.000,9999.000,9999.000,9999.000,9999.000,9999.000,9999.000
202607041054,   3.437,9999.000,9999.000,9999.000,9999.000,9999.000,9999.000,9999.000,9999.000
202607041100,   3.429,9999.000,  -0.700,   0.072,   2.801,  -0.800,   2.701,  -0.600,   2.901
202607041106,   3.421,9999.000,9999.000,9999.000,9999.000,9999.000,9999.000,9999.000,9999.000
202607041112,   3.412,9999.000,9999.000,9999.000,9999.000,9999.000,9999.000,9999.000,9999.000
202607041118,   3.404,9999.000,9999.000,9999.000,9999.000,9999.000,9999.000,9999.000,9999.000
202607041124,   3.395,9999.000,9999.000,9999.000,9999.000,9999.000,9999.000,9999.000,9999.000
202607041130,   3.386,9999.000,9999.000,9999.000,9999.000,9999.000,9999.000,9999.000,9999.000
202607041136,   3.378,9999.000,9999.000,9999.000,9999.000,9999.000,9999.000,9999.000,9999.000
202607041142,   3.369,9999.000,9999.000,9999.000,9999.000,9999.000,9999.000,9999.000,9999.000
202607041148,   3.360,9999.000,9999.000,9999.000,9999.000,9999.000,9999.000,9999.000,9999.000
202607041154,   3.351,9999.000,9999.000,9999.000,9999.000,9999.000,9999.000,9999.000,9999.000
202607041200,   3.342,9999.000,  -0.700,   0.072,   2.714,  -0.800,   2.614,  -0.500,   2.914
202607041206,   3.333,9999.000,9999.000,9999.000,9999.000,9999.000,9999.000,9999.000,9999.000
202607041212,   3.324,9999.000,9999.000,9999.000,9999.000,9999.000,9999.000,9999.000,9999.000
202607041218,   3.315,9999.000,9999.000,9999.000,9999.000,9999.000,9999.000,9999.000,9999.000
202607041224,   3.307,9999.000,9999.000,9999.000,9999.000,9999.000,9999.000,9999.000,9999.000
202607041230,   3.298,9999.000,9999.000,9999.000,9999.000,9999.000,9999.000,9999.000,9999.000
202607041236,   3.289,9999.000,9999.000,9999.000,9999.000,9999.000,9999.000,9999.000,9999.000
202607041242,   3.281,9999.000,9999.000,9999.000,9999.000,9999.000,9999.000,9999.000,9999.000
202607041248,   3.272,9999.000,9999.000,9999.000,9999.000,9999.000,9999.000,9999.000,9999.000
202607041254,   3.264,9999.000,9999.000,9999.000,9999.000,9999.000,9999.000,9999.000,9999.000
202607041300,   3.255,9999.000,  -0.600,   0.072,   2.727,  -0.800,   2.527,  -0.500,   2.827
202607041306,   3.247,9999.000,9999.000,9999.000,9999.000,9999.000,9999.000,9999.000,9999.000
202607041312,   3.238,9999.000,9999.000,9999.000,9999.000,9999.000,9999.000,9999.000,9999.000
202607041318,   3.230,9999.000,9999.000,9999.000,9999.000,9999.000,9999.000,9999.000,9999.000
202607041324,   3.221,9999.000,9999.000,9999.000,9999.000,9999.000,9999.000,9999.000,9999.000
202607041330,   3.212,9999.000,9999.000,9999.000,9999.000,9999.000,9999.000,9999.000,9999.000
202607041336,   3.203,9999.000,9999.000,9999.000,9999.000,9999.000,9999.000,9999.000,9999.000
202607041342,   3.194,9999.000,9999.000,9999.000,9999.000,9999.000,9999.000,9999.000,9999.000
202607041348,   3.185,9999.000,9999.000,9999.000,9999.000,9999.000,9999.000,9999.000,9999.000
202607041354,   3.176,9999.000,9999.000,9999.000,9999.000,9999.000,9999.000,9999.000,9999.000
202607041400,   3.166,9999.000,  -0.600,   0.072,   2.638,  -0.800,   2.438,  -0.400,   2.838
202607041406,   3.156,9999.000,9999.000,9999.000,9999.000,9999.000,9999.000,9999.000,9999.000
202607041412,   3.146,9999.000,9999.000,9999.000,9999.000,9999.000,9999.000,9999.000,9999.000
202607041418,   3.135,9999.000,9999.000,9999.000,9999.000,9999.000,9999.000,9999.000,9999.000
202607041424,   3.124,9999.000,9999.000,9999.000,9999.000,9999.000,9999.000,9999.000,9999.000
202607041430,   3.113,9999.000,9999.000,9999.000,9999.000,9999.000,9999.000,9999.000,9999.000
202607041436,   3.101,9999.000,9999.000,9999.000,9999.000,9999.000,9999.000,9999.000,9999.000
202607041442,   3.089,9999.000,9999.000,9999.000,9999.000,9999.000,9999.000,9999.000,9999.000
202607041448,   3.076,9999.000,9999.000,9999.000,9999.000,9999.000,9999.000,9999.000,9999.000
202607041454,   3.063,9999.000,9999.000,9999.000,9999.000,9999.000,9999.000,9999.000,9999.000
202607041500,   3.049,9999.000,  -0.600,   0.072,   2.521,  -0.700,   2.421,  -0.300,   2.821
202607041506,   3.035,9999.000,9999.000,9999.000,9999.000,9999.000,9999.000,9999.000,9999.000
202607041512,   3.020,9999.000,9999.000,9999.000,9999.000,9999.000,9999.000,9999.000,9999.000
202607041518,   3.004,9999.000,9999.000,9999.000,9999.000,9999.000,9999.000,9999.000,9999.000
202607041524,   2.988,9999.000,9999.000,9999.000,9999.000,9999.000,9999.000,9999.000,9999.000
202607041530,   2.971,9999.000,9999.000,9999.000,9999.000,9999.000,9999.000,9999.000,9999.000
202607041536,   2.953,9999.000,9999.000,9999.000,9999.000,9999.000,9999.000,9999.000,9999.000
202607041542,   2.934,9999.000,9999.000,9999.000,9999.000,9999.000,9999.000,9999.000,9999.000
202607041548,   2.915,9999.000,9999.000,9999.000,9999.000,9999.000,9999.000,9999.000,9999.000
202607041554,   2.895,9999.000,9999.000,9999.000,9999.000,9999.000,9999.000,9999.000,9999.000
202607041600,   2.874,9999.000,  -0.500,   0.072,   2.446,  -0.700,   2.246,  -0.300,   2.646
202607041606,   2.852,9999.000,9999.000,9999.000,9999.000,9999.000,9999.000,9999.000,9999.000
202607041612,   2.829,9999.000,9999.000,9999.000,9999.000,9999.000,9999.000,9999.000,9999.000
202607041618,   2.805,9999.000,9999.000,9999.000,9999.000,9999.000,9999.000,9999.000,9999.000
202607041624,   2.780,9999.000,9999.000,9999.000,9999.000,9999.000,9999.000,9999.000,9999.000
202607041630,   2.754,9999.000,9999.000,9999.000,9999.000,9999.000,9999.000,9999.000,9999.000
202607041636,   2.727,9999.000,9999.000,9999.000,9999.000,9999.000,9999.000,9999.000,9999.000
202607041642,   2.699,9999.000,9999.000,9999.000,9999.000,9999.000,9999.000,9999.000,9999.000
202607041648,   2.670,9999.000,9999.000,9999.000,9999.000,9999.000,9999.000,9999.000,9999.000
202607041654,   2.640,9999.000,9999.000,9999.000,9999.000,9999.000,9999.000,9999.000,9999.000
202607041700,   2.608,9999.000,  -0.500,   0.072,   2.180,  -0.700,   1.980,  -0.300,   2.380
202607041706,   2.576,9999.000,9999.000,9999.000,9999.000,9999.000,9999.000,9999.000,9999.000
202607041712,   2.542,9999.000,9999.000,9999.000,9999.000,9999.000,9999.000,9999.000,9999.000
202607041718,   2.507,9999.000,9999.000,9999.000,9999.000,9999.000,9999.000,9999.000,9999.000
202607041724,   2.471,9999.000,9999.000,9999.000,9999.000,9999.000,9999.000,9999.000,9999.000
202607041730,   2.434,9999.000,9999.000,9999.000,9999.000,9999.000,9999.000,9999.000,9999.000
202607041736,   2.396,9999.000,9999.000,9999.000,9999.000,9999.000,9999.000,9999.000,9999.000
202607041742,   2.356,9999.000,9999.000,9999.000,9999.000,9999.000,9999.000,9999.000,9999.000
202607041748,   2.316,9999.000,9999.000,9999.000,9999.000,9999.000,9999.000,9999.000,9999.000
202607041754,   2.274,9999.000,9999.000,9999.000,9999.000,9999.000,9999.000,9999.000,9999.000
202607041800,   2.231,9999.000,  -0.500,   0.072,   1.803,  -0.700,   1.603,  -0.200,   2.103
202607041806,   2.187,9999.000,9999.000,9999.000,9999.000,9999.000,9999.000,9999.000,9999.000
202607041812,   2.142,9999.000,9999.000,9999.000,9999.000,9999.000,9999.000,9999.000,9999.000
202607041818,   2.096,9999.000,9999.000,9999.000,9999.000,9999.000,9999.000,9999.000,9999.000
202607041824,   2.050,9999.000,9999.000,9999.000,9999.000,9999.000,9999.000,9999.000,9999.000
202607041830,   2.002,9999.000,9999.000,9999.000,9999.000,9999.000,9999.000,9999.000,9999.000
202607041836,   1.953,9999.000,9999.000,9999.000,9999.000,9999.000,9999.000,9999.000,9999.000
202607041842,   1.904,9999.000,9999.000,9999.000,9999.000,9999.000,9999.000,9999.000,9999.000
202607041848,   1.853,9999.000,9999.000,9999.000,9999.000,9999.000,9999.000,9999.000,9999.000
202607041854,   1.802,9999.000,9999.000,9999.000,9999.000,9999.000,9999.000,9999.000,9999.000
202607041900,   1.751,9999.000,  -0.500,   0.072,   1.323,  -0.700,   1.123,  -0.200,   1.623
202607041906,   1.699,9999.000,9999.000,9999.000,9999.000,9999.000,9999.000,9999.000,9999.000
202607041912,   1.646,9999.000,9999.000,9999.000,9999.000,9999.000,9999.000,9999.000,9999.000
202607041918,   1.593,9999.000,9999.000,9999.000,9999.000,9999.000,9999.000,9999.000,9999.000
202607041924,   1.539,9999.000,9999.000,9999.000,9999.000,9999.000,9999.000,9999.000,9999.000
202607041930,   1.485,9999.000,9999.000,9999.000,9999.000,9999.000,9999.000,9999.000,9999.000
202607041936,   1.431,9999.000,9999.000,9999.000,9999.000,9999.000,9999.000,9999.000,9999.000
202607041942,   1.376,9999.000,9999.000,9999.000,9999.000,9999.000,9999.000,9999.000,9999.000
202607041948,   1.322,9999.000,9999.000,9999.000,9999.000,9999.000,9999.000,9999.000,9999.000
202607041954,   1.267,9999.000,9999.000,9999.000,9999.000,9999.000,9999.000,9999.000,9999.000
202607042000,   1.213,9999.000,  -0.500,   0.072,   0.785,  -0.700,   0.585,  -0.200,   1.085
202607042006,   1.158,9999.000,9999.000,9999.000,9999.000,9999.000,9999.000,9999.000,9999.000
202607042012,   1.104,9999.000,9999.000,9999.000,9999.000,9999.000,9999.000,9999.000,9999.000
202607042018,   1.049,9999.000,9999.000,9999.000,9999.000,9999.000,9999.000,9999.000,9999.000
202607042024,   0.995,9999.000,9999.000,9999.000,9999.000,9999.000,9999.000,9999.000,9999.000
202607042030,   0.942,9999.000,9999.000,9999.000,9999.000,9999.000,9999.000,9999.000,9999.000
202607042036,   0.888,9999.000,9999.000,9999.000,9999.000,9999.000,9999.000,9999.000,9999.000
202607042042,   0.835,9999.000,9999.000,9999.000,9999.000,9999.000,9999.000,9999.000,9999.000
202607042048,   0.783,9999.000,9999.000,9999.000,9999.000,9999.000,9999.000,9999.000,9999.000
202607042054,   0.731,9999.000,9999.000,9999.000,9999.000,9999.000,9999.000,9999.000,9999.000
202607042100,   0.680,9999.000,  -0.400,   0.072,   0.352,  -0.700,   0.052,  -0.200,   0.552
202607042106,   0.630,9999.000,9999.000,9999.000,9999.000,9999.000,9999.000,9999.000,9999.000
202607042112,   0.580,9999.000,9999.000,9999.000,9999.000,9999.000,9999.000,9999.000,9999.000
202607042118,   0.531,9999.000,9999.000,9999.000,9999.000,9999.000,9999.000,9999.000,9999.000
202607042124,   0.483,9999.000,9999.000,9999.000,9999.000,9999.000,9999.000,9999.000,9999.000
202607042130,   0.436,9999.000,9999.000,9999.000,9999.000,9999.000,9999.000,9999.000,9999.000
202607042136,   0.390,9999.000,9999.000,9999.000,9999.000,9999.000,9999.000,9999.000,9999.000
202607042142,   0.345,9999.000,9999.000,9999.000,9999.000,9999.000,9999.000,9999.000,9999.000
202607042148,   0.301,9999.000,9999.000,9999.000,9999.000,9999.000,9999.000,9999.000,9999.000
202607042154,   0.259,9999.000,9999.000,9999.000,9999.000,9999.000,9999.000,9999.000,9999.000
202607042200,   0.217,9999.000,  -0.400,   0.072,  -0.111,  -0.700,  -0.411,  -0.100,   0.189
202607042206,   0.177,9999.000,9999.000,9999.000,9999.000,9999.000,9999.000,9999.000,9999.000
202607042212,   0.138,9999.000,9999.000,9999.000,9999.000,9999.000,9999.000,9999.000,9999.000
202607042218,   0.101,9999.000,9999.000,9999.000,9999.000,9999.000,9999.000,9999.000,9999.000
202607042224,   0.065,9999.000,9999.000,9999.000,9999.000,9999.000,9999.000,9999.000,9999.000
202607042230,   0.031,9999.000,9999.000,9999.000,9999.000,9999.000,9999.000,9999.000,9999.000
202607042236,  -0.001,9999.000,9999.000,9999.000,9999.000,9999.000,9999.000,9999.000,9999.000
202607042242,  -0.032,9999.000,9999.000,9999.000,9999.000,9999.000,9999.000,9999.000,9999.000
202607042248,  -0.061,9999.000,9999.000,9999.000,9999.000,9999.000,9999.000,9999.000,9999.000
202607042254,  -0.088,9999.000,9999.000,9999.000,9999.000,9999.000,9999.000,9999.000,9999.000
202607042300,  -0.113,9999.000,  -0.400,   0.072,  -0.441,  -0.700,  -0.741,  -0.100,  -0.141
202607042306,  -0.137,9999.000,9999.000,9999.000,9999.000,9999.000,9999.000,9999.000,9999.000
202607042312,  -0.158,9999.000,9999.000,9999.000,9999.000,9999.000,9999.000,9999.000,9999.000
202607042318,  -0.178,9999.000,9999.000,9999.000,9999.000,9999.000,9999.000,9999.000,9999.000
202607042324,  -0.195,9999.000,9999.000,9999.000,9999.000,9999.000,9999.000,9999.000,9999.000
202607042330,  -0.210,9999.000,9999.000,9999.000,9999.000,9999.000,9999.000,9999.000,9999.000
202607042336,  -0.223,9999.000,9999.000,9999.000,9999.000,9999.000,9999.000,9999.000,9999.000
202607042342,  -0.234,9999.000,9999.000,9999.000,9999.000,9999.000,9999.000,9999.000,9999.000
202607042348,  -0.242,9999.000,9999.000,9999.000,9999.000,9999.000,9999.000,9999.000,9999.000
202607042354,  -0.248,9999.000,9999.000,9999.000,9999.000,9999.000,9999.000,9999.000,9999.000
202607050000,  -0.252,9999.000,  -0.400,   0.072,  -0.580,  -0.700,  -0.880,  -0.100,  -0.280
202607050006,  -0.253,9999.000,9999.000,9999.000,9999.000,9999.000,9999.000,9999.000,9999.000
202607050012,  -0.252,9999.000,9999.000,9999.000,9999.000,9999.000,9999.000,9999.000,9999.000
202607050018,  -0.249,9999.000,9999.000,9999.000,9999.000,9999.000,9999.000,9999.000,9999.000
202607050024,  -0.243,9999.000,9999.000,9999.000,9999.000,9999.000,9999.000,9999.000,9999.000
202607050030,  -0.235,9999.000,9999.000,9999.000,9999.000,9999.000,9999.000,9999.000,9999.000
202607050036,  -0.225,9999.000,9999.000,9999.000,9999.000,9999.000,9999.000,9999.000,9999.000
202607050042,  -0.212,9999.000,9999.000,9999.000,9999.000,9999.000,9999.000,9999.000,9999.000
202607050048,  -0.196,9999.000,9999.000,9999.000,9999.000,9999.000,9999.000,9999.000,9999.000
202607050054,  -0.179,9999.000,9999.000,9999.000,9999.000,9999.000,9999.000,9999.000,9999.000
202607050100,  -0.159,9999.000,  -0.400,   0.072,  -0.487,  -0.700,  -0.787,  -0.100,  -0.187
202607050106,  -0.136,9999.000,9999.000,9999.000,9999.000,9999.000,9999.000,9999.000,9999.000
202607050112,  -0.112,9999.000,9999.000,9999.000,9999.000,9999.000,9999.000,9999.000,9999.000
202607050118,  -0.085,9999.000,9999.000,9999.000,9999.000,9999.000,9999.000,9999.000,9999.000
202607050124,  -0.056,9999.000,9999.000,9999.000,9999.000,9999.000,9999.000,9999.000,9999.000
202607050130,  -0.025,9999.000,9999.000,9999.000,9999.000,9999.000,9999.000,9999.000,9999.000
202607050136,   0.007,9999.000,9999.000,9999.000,9999.000,9999.000,9999.000,9999.000,9999.000
202607050142,   0.043,9999.000,9999.000,9999.000,9999.000,9999.000,9999.000,9999.000,9999.000
202607050148,   0.080,9999.000,9999.000,9999.000,9999.000,9999.000,9999.000,9999.000,9999.000
202607050154,   0.119,9999.000,9999.000,9999.000,9999.000,9999.000,9999.000,9999.000,9999.000
202607050200,   0.160,9999.000,  -0.400,   0.072,  -0.168,  -0.600,  -0.368,  -0.100,   0.132
202607050206,   0.203,9999.000,9999.000,9999.000,9999.000,9999.000,9999.000,9999.000,9999.000
202607050212,   0.248,9999.000,9999.000,9999.000,9999.000,9999.000,9999.000,9999.000,9999.000
202607050218,   0.294,9999.000,9999.000,9999.000,9999.000,9999.000,9999.000,9999.000,9999.000
202607050224,   0.342,9999.000,9999.000,9999.000,9999.000,9999.000,9999.000,9999.000,9999.000
202607050230,   0.392,9999.000,9999.000,9999.000,9999.000,9999.000,9999.000,9999.000,9999.000
202607050236,   0.443,9999.000,9999.000,9999.000,9999.000,9999.000,9999.000,9999.000,9999.000
202607050242,   0.496,9999.000,9999.000,9999.000,9999.000,9999.000,9999.000,9999.000,9999.000
202607050248,   0.549,9999.000,9999.000,9999.000,9999.000,9999.000,9999.000,9999.000,9999.000
202607050254,   0.604,9999.000,9999.000,9999.000,9999.000,9999.000,9999.000,9999.000,9999.000
202607050300,   0.661,9999.000,  -0.300,   0.072,   0.433,  -0.600,   0.133,  -0.100,   0.633
202607050306,   0.718,9999.000,9999.000,9999.000,9999.000,9999.000,9999.000,9999.000,9999.000
202607050312,   0.777,9999.000,9999.000,9999.000,9999.000,9999.000,9999.000,9999.000,9999.000
202607050318,   0.836,9999.000,9999.000,9999.000,9999.000,9999.000,9999.000,9999.000,9999.000
202607050324,   0.896,9999.000,9999.000,9999.000,9999.000,9999.000,9999.000,9999.000,9999.000
202607050330,   0.957,9999.000,9999.000,9999.000,9999.000,9999.000,9999.000,9999.000,9999.000
202607050336,   1.019,9999.000,9999.000,9999.000,9999.000,9999.000,9999.000,9999.000,9999.000
202607050342,   1.081,9999.000,9999.000,9999.000,9999.000,9999.000,9999.000,9999.000,9999.000
202607050348,   1.144,9999.000,9999.000,9999.000,9999.000,9999.000,9999.000,9999.000,9999.000
202607050354,   1.207,9999.000,9999.000,9999.000,9999.000,9999.000,9999.000,9999.000,9999.000
202607050400,   1.271,9999.000,  -0.300,   0.072,   1.043,  -0.600,   0.743,  -0.100,   1.243
202607050406,   1.335,9999.000,9999.000,9999.000,9999.000,9999.000,9999.000,9999.000,9999.000
202607050412,   1.399,9999.000,9999.000,9999.000,9999.000,9999.000,9999.000,9999.000,9999.000
202607050418,   1.463,9999.000,9999.000,9999.000,9999.000,9999.000,9999.000,9999.000,9999.000
202607050424,   1.527,9999.000,9999.000,9999.000,9999.000,9999.000,9999.000,9999.000,9999.000
202607050430,   1.591,9999.000,9999.000,9999.000,9999.000,9999.000,9999.000,9999.000,9999.000
202607050436,   1.655,9999.000,9999.000,9999.000,9999.000,9999.000,9999.000,9999.000,9999.000
202607050442,   1.718,9999.000,9999.000,9999.000,9999.000,9999.000,9999.000,9999.000,9999.000
202607050448,   1.781,9999.000,9999.000,9999.000,9999.000,9999.000,9999.000,9999.000,9999.000
202607050454,   1.844,9999.000,9999.000,9999.000,9999.000,9999.000,9999.000,9999.000,9999.000
202607050500,   1.906,9999.000,  -0.300,   0.072,   1.678,  -0.600,   1.378,   0.000,   1.978
202607050506,   1.967,9999.000,9999.000,9999.000,9999.000,9999.000,9999.000,9999.000,9999.000
202607050512,   2.028,9999.000,9999.000,9999.000,9999.000,9999.000,9999.000,9999.000,9999.000
202607050518,   2.088,9999.000,9999.000,9999.000,9999.000,9999.000,9999.000,9999.000,9999.000
202607050524,   2.147,9999.000,9999.000,9999.000,9999.000,9999.000,9999.000,9999.000,9999.000
202607050530,   2.205,9999.000,9999.000,9999.000,9999.000,9999.000,9999.000,9999.000,9999.000
202607050536,   2.262,9999.000,9999.000,9999.000,9999.000,9999.000,9999.000,9999.000,9999.000
202607050542,   2.317,9999.000,9999.000,9999.000,9999.000,9999.000,9999.000,9999.000,9999.000
202607050548,   2.372,9999.000,9999.000,9999.000,9999.000,9999.000,9999.000,9999.000,9999.000
202607050554,   2.425,9999.000,9999.000,9999.000,9999.000,9999.000,9999.000,9999.000,9999.000
202607050600,   2.477,9999.000,  -0.200,   0.072,   2.349,  -0.500,   2.049,   0.000,   2.549
202607050606,   2.528,9999.000,9999.000,9999.000,9999.000,9999.000,9999.000,9999.000,9999.000
202607050612,   2.577,9999.000,9999.000,9999.000,9999.000,9999.000,9999.000,9999.000,9999.000
202607050618,   2.624,9999.000,9999.000,9999.000,9999.000,9999.000,9999.000,9999.000,9999.000
202607050624,   2.670,9999.000,9999.000,9999.000,9999.000,9999.000,9999.000,9999.000,9999.000
202607050630,   2.715,9999.000,9999.000,9999.000,9999.000,9999.000,9999.000,9999.000,9999.000
202607050636,   2.758,9999.000,9999.000,9999.000,9999.000,9999.000,9999.000,9999.000,9999.000
202607050642,   2.799,9999.000,9999.000,9999.000,9999.000,9999.000,9999.000,9999.000,9999.000
202607050648,   2.838,9999.000,9999.000,9999.000,9999.000,9999.000,9999.000,9999.000,9999.000
202607050654,   2.876,9999.000,9999.000,9999.000,9999.000,9999.000,9999.000,9999.000,9999.000
202607050700,   2.912,9999.000,  -0.200,   0.072,   2.784,  -0.500,   2.484,   0.000,   2.984
202607050706,   2.947,9999.000,9999.000,9999.000,9999.000,9999.000,9999.000,9999.000,9999.000
202607050712,   2.980,9999.000,9999.000,9999.000,9999.000,9999.000,9999.000,9999.000,9999.000
202607050718,   3.011,9999.000,9999.000,9999.000,9999.000,9999.000,9999.000,9999.000,9999.000
202607050724,   3.040,9999.000,9999.000,9999.000,9999.000,9999.000,9999.000,9999.000,9999.000
202607050730,   3.068,9999.000,9999.000,9999.000,9999.000,9999.000,9999.000,9999.000,9999.000
202607050736,   3.093,9999.000,9999.000,9999.000,9999.000,9999.000,9999.000,9999.000,9999.000
202607050742,   3.118,9999.000,9999.000,9999.000,9999.000,9999.000,9999.000,9999.000,9999.000
202607050748,   3.140,9999.000,9999.000,9999.000,9999.000,9999.000,9999.000,9999.000,9999.000
202607050754,   3.161,9999.000,9999.000,9999.000,9999.000,9999.000,9999.000,9999.000,9999.000
202607050800,   3.180,9999.000,  -0.200,   0.072,   3.052,  -0.500,   2.752,   0.000,   3.252
202607050806,   3.198,9999.000,9999.000,9999.000,9999.000,9999.000,9999.000,9999.000,9999.000
202607050812,   3.214,9999.000,9999.000,9999.000,9999.000,9999.000,9999.000,9999.000,9999.000
202607050818,   3.228,9999.000,9999.000,9999.000,9999.000,9999.000,9999.000,9999.000,9999.000
202607050824,   3.241,9999.000,9999.000,9999.000,9999.000,9999.000,9999.000,9999.000,9999.000
202607050830,   3.252,9999.000,9999.000,9999.000,9999.000,9999.000,9999.000,9999.000,9999.000
202607050836,   3.262,9999.000,9999.000,9999.000,9999.000,9999.000,9999.000,9999.000,9999.000
202607050842,   3.270,9999.000,9999.000,9999.000,9999.000,9999.000,9999.000,9999.000,9999.000
202607050848,   3.277,9999.000,9999.000,9999.000,9999.000,9999.000,9999.000,9999.000,9999.000
202607050854,   3.282,9999.000,9999.000,9999.000,9999.000,9999.000,9999.000,9999.000,9999.000
202607050900,   3.286,9999.000,  -0.200,   0.072,   3.158,  -0.500,   2.858,   0.000,   3.358
202607050906,   3.288,9999.000,9999.000,9999.000,9999.000,9999.000,9999.000,9999.000,9999.000
202607050912,   3.290,9999.000,9999.000,9999.000,9999.000,9999.000,9999.000,9999.000,9999.000
202607050918,   3.290,9999.000,9999.000,9999.000,9999.000,9999.000,9999.000,9999.000,9999.000
202607050924,   3.288,9999.000,9999.000,9999.000,9999.000,9999.000,9999.000,9999.000,9999.000
202607050930,   3.286,9999.000,9999.000,9999.000,9999.000,9999.000,9999.000,9999.000,9999.000
202607050936,   3.282,9999.000,9999.000,9999.000,9999.000,9999.000,9999.000,9999.000,9999.000
202607050942,   3.277,9999.000,9999.000,9999.000,9999.000,9999.000,9999.000,9999.000,9999.000
202607050948,   3.271,9999.000,9999.000,9999.000,9999.000,9999.000,9999.000,9999.000,9999.000
202607050954,   3.264,9999.000,9999.000,9999.000,9999.000,9999.000,9999.000,9999.000,9999.000
202607051000,   3.255,9999.000,  -0.200,   0.072,   3.127,  -0.500,   2.827,   0.000,   3.327
202607051006,   3.246,9999.000,9999.000,9999.000,9999.000,9999.000,9999.000,9999.000,9999.000
202607051012,   3.236,9999.000,9999.000,9999.000,9999.000,9999.000,9999.000,9999.000,9999.000
202607051018,   3.225,9999.000,9999.000,9999.000,9999.000,9999.000,9999.000,9999.000,9999.000
202607051024,   3.213,9999.000,9999.000,9999.000,9999.000,9999.000,9999.000,9999.000,9999.000
202607051030,   3.201,9999.000,9999.000,9999.000,9999.000,9999.000,9999.000,9999.000,9999.000
202607051036,   3.187,9999.000,9999.000,9999.000,9999.000,9999.000,9999.000,9999.000,9999.000
202607051042,   3.174,9999.000,9999.000,9999.000,9999.000,9999.000,9999.000,9999.000,9999.000
202607051048,   3.159,9999.000,9999.000,9999.000,9999.000,9999.000,9999.000,9999.000,9999.000
202607051054,   3.144,9999.000,9999.000,9999.000,9999.000,9999.000,9999.000,9999.000,9999.000
202607051100,   3.128,9999.000,  -0.200,   0.072,   3.000,  -0.500,   2.700,   0.000,   3.200
202607051106,   3.112,9999.000,9999.000,9999.000,9999.000,9999.000,9999.000,9999.000,9999.000
202607051112,   3.096,9999.000,9999.000,9999.000,9999.000,9999.000,9999.000,9999.000,9999.000
202607051118,   3.079,9999.000,9999.000,9999.000,9999.000,9999.000,9999.000,9999.000,9999.000
202607051124,   3.062,9999.000,9999.000,9999.000,9999.000,9999.000,9999.000,9999.000,9999.000
202607051130,   3.045,9999.000,9999.000,9999.000,9999.000,9999.000,9999.000,9999.000,9999.000
202607051136,   3.028,9999.000,9999.000,9999.000,9999.000,9999.000,9999.000,9999.000,9999.000
202607051142,   3.011,9999.000,9999.000,9999.000,9999.000,9999.000,9999.000,9999.000,9999.000
202607051148,   2.994,9999.000,9999.000,9999.000,9999.000,9999.000,9999.000,9999.000,9999.000
202607051154,   2.977,9999.000,9999.000,9999.000,9999.000,9999.000,9999.000,9999.000,9999.000
202607051200,   2.960,9999.000,  -0.200,   0.072,   2.832,  -0.500,   2.532,   0.000,   3.032
202607051206,   2.943,9999.000,9999.000,9999.000,9999.000,9999.000,9999.000,9999.000,9999.000
202607051212,   2.926,9999.000,9999.000,9999.000,9999.000,9999.000,9999.000,9999.000,9999.000
202607051218,   2.910,9999.000,9999.000,9999.000,9999.000,9999.000,9999.000,9999.000,9999.000
202607051224,   2.893,9999.000,9999.000,9999.000,9999.000,9999.000,9999.000,9999.000,9999.000
202607051230,   2.878,9999.000,9999.000,9999.000,9999.000,9999.000,9999.000,9999.000,9999.000
202607051236,   2.862,9999.000,9999.000,9999.000,9999.000,9999.000,9999.000,9999.000,9999.000
202607051242,   2.847,9999.000,9999.000,9999.000,9999.000,9999.000,9999.000,9999.000,9999.000
202607051248,   2.832,9999.000,9999.000,9999.000,9999.000,9999.000,9999.000,9999.000,9999.000
202607051254,   2.818,9999.000,9999.000,9999.000,9999.000,9999.000,9999.000,9999.000,9999.000
202607051300,   2.804,9999.000,  -0.200,   0.072,   2.676,  -0.500,   2.376,   0.000,   2.876
202607051306,   2.791,9999.000,9999.000,9999.000,9999.000,9999.000,9999.000,9999.000,9999.000
202607051312,   2.778,9999.000,9999.000,9999.000,9999.000,9999.000,9999.000,9999.000,9999.000
202607051318,   2.766,9999.000,9999.000,9999.000,9999.000,9999.000,9999.000,9999.000,9999.000
202607051324,   2.753,9999.000,9999.000,9999.000,9999.000,9999.000,9999.000,9999.000,9999.000
202607051330,   2.742,9999.000,9999.000,9999.000,9999.000,9999.000,9999.000,9999.000,9999.000
202607051336,   2.731,9999.000,9999.000,9999.000,9999.000,9999.000,9999.000,9999.000,9999.000
202607051342,   2.720,9999.000,9999.000,9999.000,9999.000,9999.000,9999.000,9999.000,9999.000
202607051348,   2.709,9999.000,9999.000,9999.000,9999.000,9999.000,9999.000,9999.000,9999.000
202607051354,   2.699,9999.000,9999.000,9999.000,9999.000,9999.000,9999.000,9999.000,9999.000
202607051400,   2.690,9999.000,  -0.100,   0.072,   2.662,  -0.400,   2.362,   0.000,   2.762
202607051406,   2.680,9999.000,9999.000,9999.000,9999.000,9999.000,9999.000,9999.000,9999.000
202607051412,   2.671,9999.000,9999.000,9999.000,9999.000,9999.000,9999.000,9999.000,9999.000
202607051418,   2.662,9999.000,9999.000,9999.000,9999.000,9999.000,9999.000,9999.000,9999.000
202607051424,   2.654,9999.000,9999.000,9999.000,9999.000,9999.000,9999.000,9999.000,9999.000
202607051430,   2.645,9999.000,9999.000,9999.000,9999.000,9999.000,9999.000,9999.000,9999.000
202607051436,   2.637,9999.000,9999.000,9999.000,9999.000,9999.000,9999.000,9999.000,9999.000
202607051442,   2.629,9999.000,9999.000,9999.000,9999.000,9999.000,9999.000,9999.000,9999.000
202607051448,   2.621,9999.000,9999.000,9999.000,9999.000,9999.000,9999.000,9999.000,9999.000
202607051454,   2.613,9999.000,9999.000,9999.000,9999.000,9999.000,9999.000,9999.000,9999.000
202607051500,   2.605,9999.000,  -0.100,   0.072,   2.577,  -0.400,   2.277,   0.100,   2.777
202607051506,   2.597,9999.000,9999.000,9999.000,9999.000,9999.000,9999.000,9999.000,9999.000
202607051512,   2.589,9999.000,9999.000,9999.000,9999.000,9999.000,9999.000,9999.000,9999.000
202607051518,   2.581,9999.000,9999.000,9999.000,9999.000,9999.000,9999.000,9999.000,9999.000
202607051524,   2.572,9999.000,9999.000,9999.000,9999.000,9999.000,9999.000,9999.000,9999.000
202607051530,   2.564,9999.000,9999.000,9999.000,9999.000,9999.000,9999.000,9999.000,9999.000
202607051536,   2.555,9999.000,9999.000,9999.000,9999.000,9999.000,9999.000,9999.000,9999.000
202607051542,   2.546,9999.000,9999.000,9999.000,9999.000,9999.000,9999.000,9999.000,9999.000
202607051548,   2.537,9999.000,9999.000,9999.000,9999.000,9999.000,9999.000,9999.000,9999.000
202607051554,   2.527,9999.000,9999.000,9999.000,9999.000,9999.000,9999.000,9999.000,9999.000
202607051600,   2.518,9999.000,  -0.100,   0.072,   2.490,  -0.400,   2.190,   0.100,   2.690
202607051606,   2.507,9999.000,9999.000,9999.000,9999.000,9999.000,9999.000,9999.000,9999.000
202607051612,   2.497,9999.000,9999.000,9999.000,9999.000,9999.000,9999.000,9999.000,9999.000
202607051618,   2.485,9999.000,9999.000,9999.000,9999.000,9999.000,9999.000,9999.000,9999.000
202607051624,   2.474,9999.000,9999.000,9999.000,9999.000,9999.000,9999.000,9999.000,9999.000
202607051630,   2.461,9999.000,9999.000,9999.000,9999.000,9999.000,9999.000,9999.000,9999.000
202607051636,   2.449,9999.000,9999.000,9999.000,9999.000,9999.000,9999.000,9999.000,9999.000
202607051642,   2.435,9999.000,9999.000,9999.000,9999.000,9999.000,9999.000,9999.000,9999.000
202607051648,   2.421,9999.000,9999.000,9999.000,9999.000,9999.000,9999.000,9999.000,9999.000
202607051654,   2.406,9999.000,9999.000,9999.000,9999.000,9999.000,9999.000,9999.000,9999.000
202607051700,   2.391,9999.000,  -0.100,   0.072,   2.363,  -0.400,   2.063,   0.100,   2.563
202607051706,   2.375,9999.000,9999.000,9999.000,9999.000,9999.000,9999.000,9999.000,9999.000
202607051712,   2.358,9999.000,9999.000,9999.000,9999.000,9999.000,9999.000,9999.000,9999.000
202607051718,   2.340,9999.000,9999.000,9999.000,9999.000,9999.000,9999.000,9999.000,9999.000
202607051724,   2.321,9999.000,9999.000,9999.000,9999.000,9999.000,9999.000,9999.000,9999.000
202607051730,   2.302,9999.000,9999.000,9999.000,9999.000,9999.000,9999.000,9999.000,9999.000
202607051736,   2.281,9999.000,9999.000,9999.000,9999.000,9999.000,9999.000,9999.000,9999.000
202607051742,   2.260,9999.000,9999.000,9999.000,9999.000,9999.000,9999.000,9999.000,9999.000
202607051748,   2.237,9999.000,9999.000,9999.000,9999.000,9999.000,9999.000,9999.000,9999.000
202607051754,   2.214,9999.000,9999.000,9999.000,9999.000,9999.000,9999.000,9999.000,9999.000
202607051800,   2.190,9999.000,  -0.100,   0.072,   2.162,  -0.400,   1.862,   0.100,   2.362
202607051806,   2.165,9999.000,9999.000,9999.000,9999.000,9999.000,9999.000,9999.000,9999.000
202607051812,   2.138,9999.000,9999.000,9999.000,9999.000,9999.000,9999.000,9999.000,9999.000
202607051818,   2.111,9999.000,9999.000,9999.000,9999.000,9999.000,9999.000,9999.000,9999.000
202607051824,   2.083,9999.000,9999.000,9999.000,9999.000,9999.000,9999.000,9999.000,9999.000
202607051830,   2.054,9999.000,9999.000,9999.000,9999.000,9999.000,9999.000,9999.000,9999.000
202607051836,   2.024,9999.000,9999.000,9999.000,9999.000,9999.000,9999.000,9999.000,9999.000
202607051842,   1.992,9999.000,9999.000,9999.000,9999.000,9999.000,9999.000,9999.000,9999.000
202607051848,   1.960,9999.000,9999.000,9999.000,9999.000,9999.000,9999.000,9999.000,9999.000
202607051854,   1.927,9999.000,9999.000,9999.000,9999.000,9999.000,9999.000,9999.000,9999.000
202607051900,   1.893,9999.000,  -0.100,   0.072,   1.865,  -0.400,   1.565,   0.100,   2.065
202607051906,   1.859,9999.000,9999.000,9999.000,9999.000,9999.000,9999.000,9999.000,9999.000
202607051912,   1.823,9999.000,9999.000,9999.000,9999.000,9999.000,9999.000,9999.000,9999.000
202607051918,   1.787,9999.000,9999.000,9999.000,9999.000,9999.000,9999.000,9999.000,9999.000
202607051924,   1.750,9999.000,9999.000,9999.000,9999.000,9999.000,9999.000,9999.000,9999.000
202607051930,   1.712,9999.000,9999.000,9999.000,9999.000,9999.000,9999.000,9999.000,9999.000
202607051936,   1.673,9999.000,9999.000,9999.000,9999.000,9999.000,9999.000,9999.000,9999.000
202607051942,   1.634,9999.000,9999.000,9999.000,9999.000,9999.000,9999.000,9999.000,9999.000
202607051948,   1.595,9999.000,9999.000,9999.000,9999.000,9999.000,9999.000,9999.000,9999.000
202607051954,   1.555,9999.000,9999.000,9999.000,9999.000,9999.000,9999.000,9999.000,9999.000
202607052000,   1.514,9999.000,  -0.100,   0.072,   1.486,  -0.400,   1.186,   0.100,   1.686
202607052006,   1.473,9999.000,9999.000,9999.000,9999.000,9999.000,9999.000,9999.000,9999.000
202607052012,   1.432,9999.000,9999.000,9999.000,9999.000,9999.000,9999.000,9999.000,9999.000
202607052018,   1.390,9999.000,9999.000,9999.000,9999.000,9999.000,9999.000,9999.000,9999.000
202607052024,   1.349,9999.000,9999.000,9999.000,9999.000,9999.000,9999.000,9999.000,9999.000
202607052030,   1.307,9999.000,9999.000,9999.000,9999.000,9999.000,9999.000,9999.000,9999.000
202607052036,   1.265,9999.000,9999.000,9999.000,9999.000,9999.000,9999.000,9999.000,9999.000
202607052042,   1.223,9999.000,9999.000,9999.000,9999.000,9999.000,9999.000,9999.000,9999.000
202607052048,   1.181,9999.000,9999.000,9999.000,9999.000,9999.000,9999.000,9999.000,9999.000
202607052054,   1.139,9999.000,9999.000,9999.000,9999.000,9999.000,9999.000,9999.000,9999.000
202607052100,   1.098,9999.000,   0.000,   0.072,   1.170,  -0.300,   0.870,   0.100,   1.270
202607052106,   1.056,9999.000,9999.000,9999.000,9999.000,9999.000,9999.000,9999.000,9999.000
202607052112,   1.015,9999.000,9999.000,9999.000,9999.000,9999.000,9999.000,9999.000,9999.000
202607052118,   0.975,9999.000,9999.000,9999.000,9999.000,9999.000,9999.000,9999.000,9999.000
202607052124,   0.934,9999.000,9999.000,9999.000,9999.000,9999.000,9999.000,9999.000,9999.000
202607052130,   0.895,9999.000,9999.000,9999.000,9999.000,9999.000,9999.000,9999.000,9999.000
202607052136,   0.855,9999.000,9999.000,9999.000,9999.000,9999.000,9999.000,9999.000,9999.000
202607052142,   0.816,9999.000,9999.000,9999.000,9999.000,9999.000,9999.000,9999.000,9999.000
202607052148,   0.778,9999.000,9999.000,9999.000,9999.000,9999.000,9999.000,9999.000,9999.000
202607052154,   0.741,9999.000,9999.000,9999.000,9999.000,9999.000,9999.000,9999.000,9999.000
202607052200,   0.704,9999.000,   0.000,   0.072,   0.776,  -0.300,   0.476,   0.100,   0.876
202607052206,   0.668,9999.000,9999.000,9999.000,9999.000,9999.000,9999.000,9999.000,9999.000
202607052212,   0.633,9999.000,9999.000,9999.000,9999.000,9999.000,9999.000,9999.000,9999.000
202607052218,   0.599,9999.000,9999.000,9999.000,9999.000,9999.000,9999.000,9999.000,9999.000
202607052224,   0.566,9999.000,9999.000,9999.000,9999.000,9999.000,9999.000,9999.000,9999.000
202607052230,   0.534,9999.000,9999.000,9999.000,9999.000,9999.000,9999.000,9999.000,9999.000
202607052236,   0.503,9999.000,9999.000,9999.000,9999.000,9999.000,9999.000,9999.000,9999.000
202607052242,   0.473,9999.000,9999.000,9999.000,9999.000,9999.000,9999.000,9999.000,9999.000
202607052248,   0.444,9999.000,9999.000,9999.000,9999.000,9999.000,9999.000,9999.000,9999.000
202607052254,   0.417,9999.000,9999.000,9999.000,9999.000,9999.000,9999.000,9999.000,9999.000
202607052300,   0.390,9999.000,   0.000,   0.072,   0.462,  -0.300,   0.162,   0.100,   0.562
202607052306,   0.365,9999.000,9999.000,9999.000,9999.000,9999.000,9999.000,9999.000,9999.000
202607052312,   0.342,9999.000,9999.000,9999.000,9999.000,9999.000,9999.000,9999.000,9999.000
202607052318,   0.320,9999.000,9999.000,9999.000,9999.000,9999.000,9999.000,9999.000,9999.000
202607052324,   0.300,9999.000,9999.000,9999.000,9999.000,9999.000,9999.000,9999.000,9999.000
202607052330,   0.281,9999.000,9999.000,9999.000,9999.000,9999.000,9999.000,9999.000,9999.000
202607052336,   0.263,9999.000,9999.000,9999.000,9999.000,9999.000,9999.000,9999.000,9999.000
202607052342,   0.248,9999.000,9999.000,9999.000,9999.000,9999.000,9999.000,9999.000,9999.000
202607052348,   0.234,9999.000,9999.000,9999.000,9999.000,9999.000,9999.000,9999.000,9999.000
202607052354,   0.222,9999.000,9999.000,9999.000,9999.000,9999.000,9999.000,9999.000,9999.000
202607060000,   0.212,9999.000,   0.000,   0.072,   0.284,  -0.300,  -0.016,   0.100,   0.384
