        TIME,    TIDE,      OB,   SURGE,    BIAS,     TWL,SURGE90p,  TWL90p,SURGE10p,   TWL10p
202603030600,   0.686,  -0.659,   0.500,  -1.845,  -0.659,   0.500,  -0.659,   0.500,  -0.659
202603030606,   0.686,  -0.659,9999.000,9999.000,9999.000,9999.000,9999.000,9999.000,9999.000
202603030612,   0.687,  -0.659,9999.000,9999.000,9999.000,9999.000,9999.000,9999.000,9999.000
202603030618,   0.687,  -0.659,9999.000,9999.000,9999.000,9999.000,9999.000,9999.000,9999.000
202603030624,   0.688,  -0.659,9999.000,9999.000,9999.000,9999.000,9999.000,9999.000,9999.000
202603030630,   0.689,  -0.659,9999.000,9999.000,9999.000,9999.000,9999.000,9999.000,9999.000
202603030636,   0.690,  -0.659,9999.000,9999.000,9999.000,9999.000,9999.000,9999.000,9999.000
202603030642,   0.691,  -0.659,9999.000,9999.000,9999.000,9999.000,9999.000,9999.000,9999.000
202603030648,   0.692,  -0.659,9999.000,9999.000,9999.000,9999.000,9999.000,9999.000,9999.000
202603030654,   0.693,  -0.659,9999.000,9999.000,9999.000,9999.000,9999.000,9999.000,9999.000
202603030700,   0.695,  -0.649,   0.500,  -1.844,  -0.649,   0.500,  -0.649,   0.500,  -0.649
202603030706,   0.696,  -0.649,9999.000,9999.000,9999.000,9999.000,9999.000,9999.000,9999.000
202603030712,   0.698,  -0.649,9999.000,9999.000,9999.000,9999.000,9999.000,9999.000,9999.000
202603030718,   0.699,  -0.639,9999.000,9999.000,9999.000,9999.000,9999.000,9999.000,9999.000
202603030724,   0.701,  -0.639,9999.000,9999.000,9999.000,9999.000,9999.000,9999.000,9999.000
202603030730,   0.703,  -0.639,9999.000,9999.000,9999.000,9999.000,9999.000,9999.000,9999.000
202603030736,   0.705,  -0.629,9999.000,9999.000,9999.000,9999.000,9999.000,9999.000,9999.000
202603030742,   0.707,  -0.610,9999.000,9999.000,9999.000,9999.000,9999.000,9999.000,9999.000
202603030748,   0.709,  -0.600,9999.000,9999.000,9999.000,9999.000,9999.000,9999.000,9999.000
202603030754,   0.712,  -0.590,9999.000,9999.000,9999.000,9999.000,9999.000,9999.000,9999.000
202603030800,   0.714,  -0.580,   0.500,  -1.794,  -0.580,   0.500,  -0.580,   0.500,  -0.580
202603030806,   0.717,  -0.560,9999.000,9999.000,9999.000,9999.000,9999.000,9999.000,9999.000
202603030812,   0.719,  -0.541,9999.000,9999.000,9999.000,9999.000,9999.000,9999.000,9999.000
202603030818,   0.722,  -0.531,9999.000,9999.000,9999.000,9999.000,9999.000,9999.000,9999.000
202603030824,   0.725,  -0.518,9999.000,9999.000,9999.000,9999.000,9999.000,9999.000,9999.000
202603030830,   0.727,  -0.498,9999.000,9999.000,9999.000,9999.000,9999.000,9999.000,9999.000
202603030836,   0.730,  -0.478,9999.000,9999.000,9999.000,9999.000,9999.000,9999.000,9999.000
202603030842,   0.733,  -0.459,9999.000,9999.000,9999.000,9999.000,9999.000,9999.000,9999.000
202603030848,   0.736,  -0.439,9999.000,9999.000,9999.000,9999.000,9999.000,9999.000,9999.000
202603030854,   0.739,  -0.419,9999.000,9999.000,9999.000,9999.000,9999.000,9999.000,9999.000
202603030900,   0.741,  -0.400,   0.500,  -1.641,  -0.400,   0.500,  -0.400,   0.500,  -0.400
202603030906,   0.744,  -0.380,9999.000,9999.000,9999.000,9999.000,9999.000,9999.000,9999.000
202603030912,   0.747,  -0.370,9999.000,9999.000,9999.000,9999.000,9999.000,9999.000,9999.000
202603030918,   0.750,  -0.360,9999.000,9999.000,9999.000,9999.000,9999.000,9999.000,9999.000
202603030924,   0.752,  -0.341,9999.000,9999.000,9999.000,9999.000,9999.000,9999.000,9999.000
202603030930,   0.755,  -0.321,9999.000,9999.000,9999.000,9999.000,9999.000,9999.000,9999.000
202603030936,   0.757,  -0.308,9999.000,9999.000,9999.000,9999.000,9999.000,9999.000,9999.000
202603030942,   0.760,  -0.298,9999.000,9999.000,9999.000,9999.000,9999.000,9999.000,9999.000
202603030948,   0.762,  -0.288,9999.000,9999.000,9999.000,9999.000,9999.000,9999.000,9999.000
202603030954,   0.764,  -0.278,9999.000,9999.000,9999.000,9999.000,9999.000,9999.000,9999.000
202603031000,   0.766,  -0.268,   0.500,  -1.534,  -0.268,   0.500,  -0.268,   0.500,  -0.268
202603031006,   0.767,  -0.259,9999.000,9999.000,9999.000,9999.000,9999.000,9999.000,9999.000
202603031012,   0.769,  -0.259,9999.000,9999.000,9999.000,9999.000,9999.000,9999.000,9999.000
202603031018,   0.770,  -0.249,9999.000,9999.000,9999.000,9999.000,9999.000,9999.000,9999.000
202603031024,   0.771,  -0.249,9999.000,9999.000,9999.000,9999.000,9999.000,9999.000,9999.000
202603031030,   0.771,  -0.239,9999.000,9999.000,9999.000,9999.000,9999.000,9999.000,9999.000
202603031036,   0.772,  -0.229,9999.000,9999.000,9999.000,9999.000,9999.000,9999.000,9999.000
202603031042,   0.772,  -0.229,9999.000,9999.000,9999.000,9999.000,9999.000,9999.000,9999.000
202603031048,   0.772,  -0.229,9999.000,9999.000,9999.000,9999.000,9999.000,9999.000,9999.000
202603031054,   0.771,  -0.229,9999.000,9999.000,9999.000,9999.000,9999.000,9999.000,9999.000
202603031100,   0.771,  -0.229,   0.500,  -1.500,  -0.229,   0.500,  -0.229,   0.500,  -0.229
202603031106,   0.770,  -0.239,9999.000,9999.000,9999.000,9999.000,9999.000,9999.000,9999.000
202603031112,   0.768,  -0.239,9999.000,9999.000,9999.000,9999.000,9999.000,9999.000,9999.000
202603031118,   0.767,  -0.249,9999.000,9999.000,9999.000,9999.000,9999.000,9999.000,9999.000
202603031124,   0.765,  -0.259,9999.000,9999.000,9999.000,9999.000,9999.000,9999.000,9999.000
202603031130,   0.762,  -0.268,9999.000,9999.000,9999.000,9999.000,9999.000,9999.000,9999.000
202603031136,   0.760,  -0.288,9999.000,9999.000,9999.000,9999.000,9999.000,9999.000,9999.000
202603031142,   0.757,  -0.298,9999.000,9999.000,9999.000,9999.000,9999.000,9999.000,9999.000
202603031148,   0.754,  -0.308,9999.000,9999.000,9999.000,9999.000,9999.000,9999.000,9999.000
202603031154,   0.750,  -0.321,9999.000,9999.000,9999.000,9999.000,9999.000,9999.000,9999.000
202603031200,   0.746,  -0.341,   0.500,  -1.587,  -0.341,   0.500,  -0.341,   0.500,  -0.341
202603031206,   0.742,  -0.350,9999.000,9999.000,9999.000,9999.000,9999.000,9999.000,9999.000
202603031212,   0.738,  -0.370,9999.000,9999.000,9999.000,9999.000,9999.000,9999.000,9999.000
202603031218,   0.733,  -0.380,9999.000,9999.000,9999.000,9999.000,9999.000,9999.000,9999.000
202603031224,   0.728,  -0.390,9999.000,9999.000,9999.000,9999.000,9999.000,9999.000,9999.000
202603031230,   0.723,  -0.400,9999.000,9999.000,9999.000,9999.000,9999.000,9999.000,9999.000
202603031236,   0.718,  -0.409,9999.000,9999.000,9999.000,9999.000,9999.000,9999.000,9999.000
202603031242,   0.712,  -0.429,9999.000,9999.000,9999.000,9999.000,9999.000,9999.000,9999.000
202603031248,   0.706,  -0.439,9999.000,9999.000,9999.000,9999.000,9999.000,9999.000,9999.000
202603031254,   0.700,  -0.459,9999.000,9999.000,9999.000,9999.000,9999.000,9999.000,9999.000
202603031300,   0.694,  -0.469,   0.500,  -1.663,  -0.469,   0.500,  -0.469,   0.500,  -0.469
202603031306,   0.688,  -0.478,9999.000,9999.000,9999.000,9999.000,9999.000,9999.000,9999.000
202603031312,   0.681,  -0.488,9999.000,9999.000,9999.000,9999.000,9999.000,9999.000,9999.000
202603031318,   0.674,  -0.508,9999.000,9999.000,9999.000,9999.000,9999.000,9999.000,9999.000
202603031324,   0.668,  -0.518,9999.000,9999.000,9999.000,9999.000,9999.000,9999.000,9999.000
202603031330,   0.661,  -0.531,9999.000,9999.000,9999.000,9999.000,9999.000,9999.000,9999.000
202603031336,   0.654,  -0.541,9999.000,9999.000,9999.000,9999.000,9999.000,9999.000,9999.000
202603031342,   0.647,  -0.551,9999.000,9999.000,9999.000,9999.000,9999.000,9999.000,9999.000
202603031348,   0.640,  -0.560,9999.000,9999.000,9999.000,9999.000,9999.000,9999.000,9999.000
202603031354,   0.633,  -0.580,9999.000,9999.000,9999.000,9999.000,9999.000,9999.000,9999.000
202603031400,   0.626,  -0.590,   0.500,  -1.716,  -0.590,   0.500,  -0.590,   0.500,  -0.590
202603031406,   0.619,  -0.600,9999.000,9999.000,9999.000,9999.000,9999.000,9999.000,9999.000
202603031412,   0.612,  -0.610,9999.000,9999.000,9999.000,9999.000,9999.000,9999.000,9999.000
202603031418,   0.605,  -0.619,9999.000,9999.000,9999.000,9999.000,9999.000,9999.000,9999.000
202603031424,   0.598,  -0.629,9999.000,9999.000,9999.000,9999.000,9999.000,9999.000,9999.000
202603031430,   0.591,  -0.639,9999.000,9999.000,9999.000,9999.000,9999.000,9999.000,9999.000
202603031436,   0.584,  -0.659,9999.000,9999.000,9999.000,9999.000,9999.000,9999.000,9999.000
202603031442,   0.577,  -0.659,9999.000,9999.000,9999.000,9999.000,9999.000,9999.000,9999.000
202603031448,   0.570,  -0.678,9999.000,9999.000,9999.000,9999.000,9999.000,9999.000,9999.000
202603031454,   0.564,  -0.688,9999.000,9999.000,9999.000,9999.000,9999.000,9999.000,9999.000
202603031500,   0.557,  -0.678,   0.500,  -1.735,  -0.678,   0.500,  -0.678,   0.500,  -0.678
202603031506,   0.551,  -0.678,9999.000,9999.000,9999.000,9999.000,9999.000,9999.000,9999.000
202603031512,   0.544,  -0.708,9999.000,9999.000,9999.000,9999.000,9999.000,9999.000,9999.000
202603031518,   0.538,  -0.718,9999.000,9999.000,9999.000,9999.000,9999.000,9999.000,9999.000
202603031524,   0.532,  -0.718,9999.000,9999.000,9999.000,9999.000,9999.000,9999.000,9999.000
202603031530,   0.525,  -0.760,9999.000,9999.000,9999.000,9999.000,9999.000,9999.000,9999.000
202603031536,   0.519,  -0.751,9999.000,9999.000,9999.000,9999.000,9999.000,9999.000,9999.000
202603031542,   0.513,  -0.751,9999.000,9999.000,9999.000,9999.000,9999.000,9999.000,9999.000
202603031548,   0.508,  -0.751,9999.000,9999.000,9999.000,9999.000,9999.000,9999.000,9999.000
202603031554,   0.502,  -0.770,9999.000,9999.000,9999.000,9999.000,9999.000,9999.000,9999.000
202603031600,   0.496,  -0.770,   0.500,  -1.766,  -0.770,   0.500,  -0.770,   0.500,  -0.770
202603031606,   0.491,  -0.780,9999.000,9999.000,9999.000,9999.000,9999.000,9999.000,9999.000
202603031612,   0.486,  -0.780,9999.000,9999.000,9999.000,9999.000,9999.000,9999.000,9999.000
202603031618,   0.480,  -0.800,9999.000,9999.000,9999.000,9999.000,9999.000,9999.000,9999.000
202603031624,   0.475,  -0.800,9999.000,9999.000,9999.000,9999.000,9999.000,9999.000,9999.000
202603031630,   0.470,  -0.800,9999.000,9999.000,9999.000,9999.000,9999.000,9999.000,9999.000
202603031636,   0.466,  -0.829,9999.000,9999.000,9999.000,9999.000,9999.000,9999.000,9999.000
202603031642,   0.461,  -0.829,9999.000,9999.000,9999.000,9999.000,9999.000,9999.000,9999.000
202603031648,   0.456,  -0.839,9999.000,9999.000,9999.000,9999.000,9999.000,9999.000,9999.000
202603031654,   0.452,  -0.829,9999.000,9999.000,9999.000,9999.000,9999.000,9999.000,9999.000
202603031700,   0.448,  -0.839,   0.500,  -1.787,  -0.839,   0.500,  -0.839,   0.500,  -0.839
202603031706,   0.444,  -0.829,9999.000,9999.000,9999.000,9999.000,9999.000,9999.000,9999.000
202603031712,   0.440,  -0.869,9999.000,9999.000,9999.000,9999.000,9999.000,9999.000,9999.000
202603031718,   0.436,  -0.869,9999.000,9999.000,9999.000,9999.000,9999.000,9999.000,9999.000
202603031724,   0.433,  -0.849,9999.000,9999.000,9999.000,9999.000,9999.000,9999.000,9999.000
202603031730,   0.429,  -0.859,9999.000,9999.000,9999.000,9999.000,9999.000,9999.000,9999.000
202603031736,   0.426,  -0.849,9999.000,9999.000,9999.000,9999.000,9999.000,9999.000,9999.000
202603031742,   0.423,  -0.859,9999.000,9999.000,9999.000,9999.000,9999.000,9999.000,9999.000
202603031748,   0.421,  -0.859,9999.000,9999.000,9999.000,9999.000,9999.000,9999.000,9999.000
202603031754,   0.418,  -0.869,9999.000,9999.000,9999.000,9999.000,9999.000,9999.000,9999.000
202603031800,   0.416,  -0.869,   0.500,  -1.785,  -0.869,   0.500,  -0.869,   0.500,  -0.869
202603031806,   0.414,  -0.879,9999.000,9999.000,9999.000,9999.000,9999.000,9999.000,9999.000
202603031812,   0.412,  -0.879,9999.000,9999.000,9999.000,9999.000,9999.000,9999.000,9999.000
202603031818,   0.411,  -0.869,9999.000,9999.000,9999.000,9999.000,9999.000,9999.000,9999.000
202603031824,   0.410,  -0.888,9999.000,9999.000,9999.000,9999.000,9999.000,9999.000,9999.000
202603031830,   0.409,  -0.888,9999.000,9999.000,9999.000,9999.000,9999.000,9999.000,9999.000
202603031836,   0.408,  -0.888,9999.000,9999.000,9999.000,9999.000,9999.000,9999.000,9999.000
202603031842,   0.408,  -0.888,9999.000,9999.000,9999.000,9999.000,9999.000,9999.000,9999.000
202603031848,   0.408,  -0.888,9999.000,9999.000,9999.000,9999.000,9999.000,9999.000,9999.000
202603031854,   0.409,  -0.898,9999.000,9999.000,9999.000,9999.000,9999.000,9999.000,9999.000
202603031900,   0.410,  -0.888,   0.500,  -1.798,  -0.888,   0.500,  -0.888,   0.600,  -0.788
202603031906,   0.411,  -0.869,9999.000,9999.000,9999.000,9999.000,9999.000,9999.000,9999.000
202603031912,   0.413,  -0.888,9999.000,9999.000,9999.000,9999.000,9999.000,9999.000,9999.000
202603031918,   0.415,  -0.879,9999.000,9999.000,9999.000,9999.000,9999.000,9999.000,9999.000
202603031924,   0.417,  -0.859,9999.000,9999.000,9999.000,9999.000,9999.000,9999.000,9999.000
202603031930,   0.420,  -0.849,9999.000,9999.000,9999.000,9999.000,9999.000,9999.000,9999.000
202603031936,   0.423,  -0.849,9999.000,9999.000,9999.000,9999.000,9999.000,9999.000,9999.000
202603031942,   0.427,  -0.849,9999.000,9999.000,9999.000,9999.000,9999.000,9999.000,9999.000
202603031948,   0.431,  -0.849,9999.000,9999.000,9999.000,9999.000,9999.000,9999.000,9999.000
202603031954,   0.435,  -0.849,9999.000,9999.000,9999.000,9999.000,9999.000,9999.000,9999.000
202603032000,   0.440,  -0.829,   0.500,  -1.769,  -0.829,   0.500,  -0.829,   0.600,  -0.729
202603032006,   0.445,  -0.819,9999.000,9999.000,9999.000,9999.000,9999.000,9999.000,9999.000
202603032012,   0.451,  -0.810,9999.000,9999.000,9999.000,9999.000,9999.000,9999.000,9999.000
202603032018,   0.457,  -0.800,9999.000,9999.000,9999.000,9999.000,9999.000,9999.000,9999.000
202603032024,   0.463,  -0.770,9999.000,9999.000,9999.000,9999.000,9999.000,9999.000,9999.000
202603032030,   0.470,  -0.731,9999.000,9999.000,9999.000,9999.000,9999.000,9999.000,9999.000
202603032036,   0.477,  -0.698,9999.000,9999.000,9999.000,9999.000,9999.000,9999.000,9999.000
202603032042,   0.484,  -0.731,9999.000,9999.000,9999.000,9999.000,9999.000,9999.000,9999.000
202603032048,   0.491,  -0.731,9999.000,9999.000,9999.000,9999.000,9999.000,9999.000,9999.000
202603032054,   0.499,  -0.718,9999.000,9999.000,9999.000,9999.000,9999.000,9999.000,9999.000
202603032100,   0.507,  -0.708,   0.500,  -1.715,  -0.708,   0.500,  -0.708,   0.600,  -0.608
202603032106,   0.516,  -0.698,9999.000,9999.000,9999.000,9999.000,9999.000,9999.000,9999.000
202603032112,   0.524,  -0.669,9999.000,9999.000,9999.000,9999.000,9999.000,9999.000,9999.000
202603032118,   0.533,  -0.649,9999.000,9999.000,9999.000,9999.000,9999.000,9999.000,9999.000
202603032124,   0.542,  -0.629,9999.000,9999.000,9999.000,9999.000,9999.000,9999.000,9999.000
202603032130,   0.551,  -0.610,9999.000,9999.000,9999.000,9999.000,9999.000,9999.000,9999.000
202603032136,   0.560,  -0.600,9999.000,9999.000,9999.000,9999.000,9999.000,9999.000,9999.000
202603032142,   0.569,  -0.580,9999.000,9999.000,9999.000,9999.000,9999.000,9999.000,9999.000
202603032148,   0.579,  -0.570,9999.000,9999.000,9999.000,9999.000,9999.000,9999.000,9999.000
202603032154,   0.588,  -0.560,9999.000,9999.000,9999.000,9999.000,9999.000,9999.000,9999.000
202603032200,   0.597,  -0.541,   0.500,  -1.638,  -0.541,   0.500,  -0.541,   0.600,  -0.441
202603032206,   0.606,  -0.518,9999.000,9999.000,9999.000,9999.000,9999.000,9999.000,9999.000
202603032212,   0.615,  -0.518,9999.000,9999.000,9999.000,9999.000,9999.000,9999.000,9999.000
202603032218,   0.624,  -0.508,9999.000,9999.000,9999.000,9999.000,9999.000,9999.000,9999.000
202603032224,   0.633,  -0.469,9999.000,9999.000,9999.000,9999.000,9999.000,9999.000,9999.000
202603032230,   0.642,  -0.469,9999.000,9999.000,9999.000,9999.000,9999.000,9999.000,9999.000
202603032236,   0.650,  -0.449,9999.000,9999.000,9999.000,9999.000,9999.000,9999.000,9999.000
202603032242,   0.659,  -0.439,9999.000,9999.000,9999.000,9999.000,9999.000,9999.000,9999.000
202603032248,   0.667,  -0.419,9999.000,9999.000,9999.000,9999.000,9999.000,9999.000,9999.000
202603032254,   0.674,  -0.409,9999.000,9999.000,9999.000,9999.000,9999.000,9999.000,9999.000
202603032300,   0.682,  -0.380,   0.500,  -1.562,  -0.380,   0.500,  -0.380,   0.600,  -0.280
202603032306,   0.689,  -0.370,9999.000,9999.000,9999.000,9999.000,9999.000,9999.000,9999.000
202603032312,   0.696,  -0.370,9999.000,9999.000,9999.000,9999.000,9999.000,9999.000,9999.000
202603032318,   0.702,  -0.350,9999.000,9999.000,9999.000,9999.000,9999.000,9999.000,9999.000
202603032324,   0.708,  -0.350,9999.000,9999.000,9999.000,9999.000,9999.000,9999.000,9999.000
202603032330,   0.714,  -0.341,9999.000,9999.000,9999.000,9999.000,9999.000,9999.000,9999.000
202603032336,   0.719,  -0.308,9999.000,9999.000,9999.000,9999.000,9999.000,9999.000,9999.000
202603032342,   0.724,  -0.321,9999.000,9999.000,9999.000,9999.000,9999.000,9999.000,9999.000
202603032348,   0.728,  -0.268,9999.000,9999.000,9999.000,9999.000,9999.000,9999.000,9999.000
202603032354,   0.732,  -0.285,9999.000,9999.000,9999.000,9999.000,9999.000,9999.000,9999.000
202603040000,   0.735,  -0.278,   0.500,  -1.513,  -0.278,   0.500,  -0.278,   0.600,  -0.178
202603040006,   0.739,  -0.268,9999.000,9999.000,9999.000,9999.000,9999.000,9999.000,9999.000
202603040012,   0.741,  -0.278,9999.000,9999.000,9999.000,9999.000,9999.000,9999.000,9999.000
202603040018,   0.744,  -0.268,9999.000,9999.000,9999.000,9999.000,9999.000,9999.000,9999.000
202603040024,   0.745,  -0.298,9999.000,9999.000,9999.000,9999.000,9999.000,9999.000,9999.000
202603040030,   0.747,  -0.288,9999.000,9999.000,9999.000,9999.000,9999.000,9999.000,9999.000
202603040036,   0.748,  -0.268,9999.000,9999.000,9999.000,9999.000,9999.000,9999.000,9999.000
202603040042,   0.748,  -0.268,9999.000,9999.000,9999.000,9999.000,9999.000,9999.000,9999.000
202603040048,   0.749,  -0.288,9999.000,9999.000,9999.000,9999.000,9999.000,9999.000,9999.000
202603040054,   0.748,  -0.298,9999.000,9999.000,9999.000,9999.000,9999.000,9999.000,9999.000
202603040100,   0.748,  -0.298,   0.500,  -1.546,  -0.298,   0.500,  -0.298,   0.600,  -0.198
202603040106,   0.747,  -0.308,9999.000,9999.000,9999.000,9999.000,9999.000,9999.000,9999.000
202603040112,   0.746,  -0.308,9999.000,9999.000,9999.000,9999.000,9999.000,9999.000,9999.000
202603040118,   0.745,  -0.341,9999.000,9999.000,9999.000,9999.000,9999.000,9999.000,9999.000
202603040124,   0.743,  -0.331,9999.000,9999.000,9999.000,9999.000,9999.000,9999.000,9999.000
202603040130,   0.741,  -0.341,9999.000,9999.000,9999.000,9999.000,9999.000,9999.000,9999.000
202603040136,   0.739,  -0.350,9999.000,9999.000,9999.000,9999.000,9999.000,9999.000,9999.000
202603040142,   0.736,  -0.370,9999.000,9999.000,9999.000,9999.000,9999.000,9999.000,9999.000
202603040148,   0.734,  -0.380,9999.000,9999.000,9999.000,9999.000,9999.000,9999.000,9999.000
202603040154,   0.731,  -0.400,9999.000,9999.000,9999.000,9999.000,9999.000,9999.000,9999.000
202603040200,   0.728,  -0.419,   0.500,  -1.647,  -0.419,   0.500,  -0.419,   0.600,  -0.319
202603040206,   0.725,  -0.439,9999.000,9999.000,9999.000,9999.000,9999.000,9999.000,9999.000
202603040212,   0.722,  -0.439,9999.000,9999.000,9999.000,9999.000,9999.000,9999.000,9999.000
202603040218,   0.719,  -0.459,9999.000,9999.000,9999.000,9999.000,9999.000,9999.000,9999.000
202603040224,   0.715,  -0.478,9999.000,9999.000,9999.000,9999.000,9999.000,9999.000,9999.000
202603040230,   0.712,  -0.478,9999.000,9999.000,9999.000,9999.000,9999.000,9999.000,9999.000
202603040236,   0.709,  -0.488,9999.000,9999.000,9999.000,9999.000,9999.000,9999.000,9999.000
202603040242,   0.705,  -0.508,9999.000,9999.000,9999.000,9999.000,9999.000,9999.000,9999.000
202603040248,   0.702,  -0.518,9999.000,9999.000,9999.000,9999.000,9999.000,9999.000,9999.000
202603040254,   0.699,  -0.518,9999.000,9999.000,9999.000,9999.000,9999.000,9999.000,9999.000
202603040300,   0.695,  -0.541,   0.500,  -1.736,  -0.541,   0.500,  -0.541,   0.600,  -0.441
202603040306,   0.692,  -0.560,9999.000,9999.000,9999.000,9999.000,9999.000,9999.000,9999.000
202603040312,   0.689,  -0.570,9999.000,9999.000,9999.000,9999.000,9999.000,9999.000,9999.000
202603040318,   0.686,  -0.580,9999.000,9999.000,9999.000,9999.000,9999.000,9999.000,9999.000
202603040324,   0.683,  -0.590,9999.000,9999.000,9999.000,9999.000,9999.000,9999.000,9999.000
202603040330,   0.680,  -0.590,9999.000,9999.000,9999.000,9999.000,9999.000,9999.000,9999.000
202603040336,   0.677,  -0.610,9999.000,9999.000,9999.000,9999.000,9999.000,9999.000,9999.000
202603040342,   0.674,  -0.610,9999.000,9999.000,9999.000,9999.000,9999.000,9999.000,9999.000
202603040348,   0.672,  -0.619,9999.000,9999.000,9999.000,9999.000,9999.000,9999.000,9999.000
202603040354,   0.669,  -0.629,9999.000,9999.000,9999.000,9999.000,9999.000,9999.000,9999.000
202603040400,   0.667,  -0.629,   0.500,  -1.796,  -0.629,   0.500,  -0.629,   0.600,  -0.529
202603040406,   0.665,  -0.639,9999.000,9999.000,9999.000,9999.000,9999.000,9999.000,9999.000
202603040412,   0.663,  -0.649,9999.000,9999.000,9999.000,9999.000,9999.000,9999.000,9999.000
202603040418,   0.661,  -0.659,9999.000,9999.000,9999.000,9999.000,9999.000,9999.000,9999.000
202603040424,   0.659,  -0.669,9999.000,9999.000,9999.000,9999.000,9999.000,9999.000,9999.000
202603040430,   0.657,  -0.678,9999.000,9999.000,9999.000,9999.000,9999.000,9999.000,9999.000
202603040436,   0.656,  -0.688,9999.000,9999.000,9999.000,9999.000,9999.000,9999.000,9999.000
202603040442,   0.654,  -0.698,9999.000,9999.000,9999.000,9999.000,9999.000,9999.000,9999.000
202603040448,   0.653,  -0.698,9999.000,9999.000,9999.000,9999.000,9999.000,9999.000,9999.000
202603040454,   0.652,  -0.698,9999.000,9999.000,9999.000,9999.000,9999.000,9999.000,9999.000
202603040500,   0.651,  -0.698,   0.500,  -1.849,  -0.698,   0.500,  -0.698,   0.600,  -0.598
202603040506,   0.650,  -0.698,9999.000,9999.000,9999.000,9999.000,9999.000,9999.000,9999.000
202603040512,   0.649,  -0.698,9999.000,9999.000,9999.000,9999.000,9999.000,9999.000,9999.000
202603040518,   0.648,  -0.698,9999.000,9999.000,9999.000,9999.000,9999.000,9999.000,9999.000
202603040524,   0.647,  -0.698,9999.000,9999.000,9999.000,9999.000,9999.000,9999.000,9999.000
202603040530,   0.647,  -0.698,9999.000,9999.000,9999.000,9999.000,9999.000,9999.000,9999.000
202603040536,   0.646,  -0.731,9999.000,9999.000,9999.000,9999.000,9999.000,9999.000,9999.000
202603040542,   0.646,  -0.708,9999.000,9999.000,9999.000,9999.000,9999.000,9999.000,9999.000
202603040548,   0.646,  -0.708,9999.000,9999.000,9999.000,9999.000,9999.000,9999.000,9999.000
202603040554,   0.645,  -0.698,9999.000,9999.000,9999.000,9999.000,9999.000,9999.000,9999.000
202603040600,   0.645,  -0.698,   0.500,  -1.843,  -0.698,   0.500,  -0.698,   0.600,  -0.598
202603040606,   0.645,  -0.708,9999.000,9999.000,9999.000,9999.000,9999.000,9999.000,9999.000
202603040612,   0.645,  -0.708,9999.000,9999.000,9999.000,9999.000,9999.000,9999.000,9999.000
202603040618,   0.646,  -0.698,9999.000,9999.000,9999.000,9999.000,9999.000,9999.000,9999.000
202603040624,   0.646,  -0.698,9999.000,9999.000,9999.000,9999.000,9999.000,9999.000,9999.000
202603040630,   0.646,  -0.718,9999.000,9999.000,9999.000,9999.000,9999.000,9999.000,9999.000
202603040636,   0.647,  -0.708,9999.000,9999.000,9999.000,9999.000,9999.000,9999.000,9999.000
202603040642,   0.648,  -0.698,9999.000,9999.000,9999.000,9999.000,9999.000,9999.000,9999.000
202603040648,   0.648,  -0.688,9999.000,9999.000,9999.000,9999.000,9999.000,9999.000,9999.000
202603040654,   0.649,  -0.688,9999.000,9999.000,9999.000,9999.000,9999.000,9999.000,9999.000
202603040700,   0.650,  -0.718,   0.500,  -1.868,  -0.718,   0.500,  -0.718,   0.600,  -0.618
202603040706,   0.651,  -0.678,9999.000,9999.000,9999.000,9999.000,9999.000,9999.000,9999.000
202603040712,   0.653,  -0.678,9999.000,9999.000,9999.000,9999.000,9999.000,9999.000,9999.000
202603040718,   0.654,  -0.669,9999.000,9999.000,9999.000,9999.000,9999.000,9999.000,9999.000
202603040724,   0.655,  -0.659,9999.000,9999.000,9999.000,9999.000,9999.000,9999.000,9999.000
202603040730,   0.657,  -0.669,9999.000,9999.000,9999.000,9999.000,9999.000,9999.000,9999.000
202603040736,   0.659,  -0.649,9999.000,9999.000,9999.000,9999.000,9999.000,9999.000,9999.000
202603040742,   0.661,  -0.649,9999.000,9999.000,9999.000,9999.000,9999.000,9999.000,9999.000
202603040748,   0.663,  -0.639,9999.000,9999.000,9999.000,9999.000,9999.000,9999.000,9999.000
202603040754,   0.665,  -0.639,9999.000,9999.000,9999.000,9999.000,9999.000,9999.000,9999.000
202603040800,   0.668,  -0.639,   0.500,  -1.807,  -0.639,   0.500,  -0.639,   0.600,  -0.539
202603040806,   0.670,  -0.629,9999.000,9999.000,9999.000,9999.000,9999.000,9999.000,9999.000
202603040812,   0.673,  -0.629,9999.000,9999.000,9999.000,9999.000,9999.000,9999.000,9999.000
202603040818,   0.676,  -0.619,9999.000,9999.000,9999.000,9999.000,9999.000,9999.000,9999.000
202603040824,   0.678,  -0.610,9999.000,9999.000,9999.000,9999.000,9999.000,9999.000,9999.000
202603040830,   0.682,  -0.610,9999.000,9999.000,9999.000,9999.000,9999.000,9999.000,9999.000
202603040836,   0.685,  -0.610,9999.000,9999.000,9999.000,9999.000,9999.000,9999.000,9999.000
202603040842,   0.688,  -0.610,9999.000,9999.000,9999.000,9999.000,9999.000,9999.000,9999.000
202603040848,   0.692,  -0.590,9999.000,9999.000,9999.000,9999.000,9999.000,9999.000,9999.000
202603040854,   0.695,  -0.590,9999.000,9999.000,9999.000,9999.000,9999.000,9999.000,9999.000
202603040900,   0.699,  -0.570,   0.500,  -1.769,  -0.570,   0.500,  -0.570,   0.600,  -0.470
202603040906,   0.703,  -0.560,9999.000,9999.000,9999.000,9999.000,9999.000,9999.000,9999.000
202603040912,   0.707,  -0.551,9999.000,9999.000,9999.000,9999.000,9999.000,9999.000,9999.000
202603040918,   0.711,  -0.541,9999.000,9999.000,9999.000,9999.000,9999.000,9999.000,9999.000
202603040924,   0.715,  -0.531,9999.000,9999.000,9999.000,9999.000,9999.000,9999.000,9999.000
202603040930,   0.719,  -0.518,9999.000,9999.000,9999.000,9999.000,9999.000,9999.000,9999.000
202603040936,   0.723,  -0.508,9999.000,9999.000,9999.000,9999.000,9999.000,9999.000,9999.000
202603040942,   0.727,  -0.498,9999.000,9999.000,9999.000,9999.000,9999.000,9999.000,9999.000
202603040948,   0.731,  -0.488,9999.000,9999.000,9999.000,9999.000,9999.000,9999.000,9999.000
202603040954,   0.735,  -0.478,9999.000,9999.000,9999.000,9999.000,9999.000,9999.000,9999.000
202603041000,   0.740,  -0.469,   0.500,  -1.709,  -0.469,   0.500,  -0.469,   0.600,  -0.369
202603041006,   0.744,  -0.459,9999.000,9999.000,9999.000,9999.000,9999.000,9999.000,9999.000
202603041012,   0.748,  -0.449,9999.000,9999.000,9999.000,9999.000,9999.000,9999.000,9999.000
202603041018,   0.751,  -0.429,9999.000,9999.000,9999.000,9999.000,9999.000,9999.000,9999.000
202603041024,   0.755,  -0.429,9999.000,9999.000,9999.000,9999.000,9999.000,9999.000,9999.000
202603041030,   0.759,  -0.419,9999.000,9999.000,9999.000,9999.000,9999.000,9999.000,9999.000
202603041036,   0.762,  -0.409,9999.000,9999.000,9999.000,9999.000,9999.000,9999.000,9999.000
202603041042,   0.766,  -0.400,9999.000,9999.000,9999.000,9999.000,9999.000,9999.000,9999.000
202603041048,   0.769,  -0.390,9999.000,9999.000,9999.000,9999.000,9999.000,9999.000,9999.000
202603041054,   0.772,  -0.380,9999.000,9999.000,9999.000,9999.000,9999.000,9999.000,9999.000
202603041100,   0.775,  -0.370,   0.500,  -1.645,  -0.370,   0.500,  -0.370,   0.600,  -0.270
202603041106,   0.777,  -0.308,9999.000,9999.000,9999.000,9999.000,9999.000,9999.000,9999.000
202603041112,   0.779,  -0.321,9999.000,9999.000,9999.000,9999.000,9999.000,9999.000,9999.000
202603041118,   0.781,  -0.321,9999.000,9999.000,9999.000,9999.000,9999.000,9999.000,9999.000
202603041124,   0.783,  -0.331,9999.000,9999.000,9999.000,9999.000,9999.000,9999.000,9999.000
202603041130,   0.785,  -0.321,9999.000,9999.000,9999.000,9999.000,9999.000,9999.000,9999.000
202603041136,   0.786,  -0.321,9999.000,9999.000,9999.000,9999.000,9999.000,9999.000,9999.000
202603041142,   0.787,  -0.350,9999.000,9999.000,9999.000,9999.000,9999.000,9999.000,9999.000
202603041148,   0.787,  -0.331,9999.000,9999.000,9999.000,9999.000,9999.000,9999.000,9999.000
202603041154,   0.787,  -0.308,9999.000,9999.000,9999.000,9999.000,9999.000,9999.000,9999.000
202603041200,   0.787,  -0.308,   0.500,  -1.595,  -0.308,   0.500,  -0.308,   0.500,  -0.308
202603041206,   0.787,  -0.331,9999.000,9999.000,9999.000,9999.000,9999.000,9999.000,9999.000
202603041212,   0.786,  -0.331,9999.000,9999.000,9999.000,9999.000,9999.000,9999.000,9999.000
202603041218,   0.785,  -0.331,9999.000,9999.000,9999.000,9999.000,9999.000,9999.000,9999.000
202603041224,   0.783,  -0.321,9999.000,9999.000,9999.000,9999.000,9999.000,9999.000,9999.000
202603041230,   0.782,  -0.321,9999.000,9999.000,9999.000,9999.000,9999.000,9999.000,9999.000
202603041236,   0.780,  -0.341,9999.000,9999.000,9999.000,9999.000,9999.000,9999.000,9999.000
202603041242,   0.777,  -0.360,9999.000,9999.000,9999.000,9999.000,9999.000,9999.000,9999.000
202603041248,   0.774,  -0.360,9999.000,9999.000,9999.000,9999.000,9999.000,9999.000,9999.000
202603041254,   0.771,  -0.380,9999.000,9999.000,9999.000,9999.000,9999.000,9999.000,9999.000
202603041300,   0.768,  -0.380,   0.500,  -1.648,  -0.380,   0.500,  -0.380,   0.500,  -0.380
202603041306,   0.764,  -0.419,9999.000,9999.000,9999.000,9999.000,9999.000,9999.000,9999.000
202603041312,   0.761,  -0.400,9999.000,9999.000,9999.000,9999.000,9999.000,9999.000,9999.000
202603041318,   0.756,  -0.409,9999.000,9999.000,9999.000,9999.000,9999.000,9999.000,9999.000
202603041324,   0.752,  -0.419,9999.000,9999.000,9999.000,9999.000,9999.000,9999.000,9999.000
202603041330,   0.747,  -0.429,9999.000,9999.000,9999.000,9999.000,9999.000,9999.000,9999.000
202603041336,   0.742,  -0.449,9999.000,9999.000,9999.000,9999.000,9999.000,9999.000,9999.000
202603041342,   0.737,  -0.459,9999.000,9999.000,9999.000,9999.000,9999.000,9999.000,9999.000
202603041348,   0.732,  -0.478,9999.000,9999.000,9999.000,9999.000,9999.000,9999.000,9999.000
202603041354,   0.727,  -0.488,9999.000,9999.000,9999.000,9999.000,9999.000,9999.000,9999.000
202603041400,   0.721,  -0.498,   0.500,  -1.719,  -0.498,   0.500,  -0.498,   0.500,  -0.498
202603041406,   0.715,  -0.518,9999.000,9999.000,9999.000,9999.000,9999.000,9999.000,9999.000
202603041412,   0.710,  -0.518,9999.000,9999.000,9999.000,9999.000,9999.000,9999.000,9999.000
202603041418,   0.704,  -0.531,9999.000,9999.000,9999.000,9999.000,9999.000,9999.000,9999.000
202603041424,   0.698,  -0.551,9999.000,9999.000,9999.000,9999.000,9999.000,9999.000,9999.000
202603041430,   0.692,  -0.570,9999.000,9999.000,9999.000,9999.000,9999.000,9999.000,9999.000
202603041436,   0.686,  -0.580,9999.000,9999.000,9999.000,9999.000,9999.000,9999.000,9999.000
202603041442,   0.679,  -0.590,9999.000,9999.000,9999.000,9999.000,9999.000,9999.000,9999.000
202603041448,   0.673,  -0.600,9999.000,9999.000,9999.000,9999.000,9999.000,9999.000,9999.000
202603041454,   0.667,  -0.619,9999.000,9999.000,9999.000,9999.000,9999.000,9999.000,9999.000
202603041500,   0.661,  -0.629,   0.500,  -1.790,  -0.629,   0.500,  -0.629,   0.500,  -0.629
202603041506,   0.655,  -0.639,9999.000,9999.000,9999.000,9999.000,9999.000,9999.000,9999.000
202603041512,   0.648,  -0.649,9999.000,9999.000,9999.000,9999.000,9999.000,9999.000,9999.000
202603041518,   0.642,  -0.659,9999.000,9999.000,9999.000,9999.000,9999.000,9999.000,9999.000
202603041524,   0.636,  -0.659,9999.000,9999.000,9999.000,9999.000,9999.000,9999.000,9999.000
202603041530,   0.630,  -0.688,9999.000,9999.000,9999.000,9999.000,9999.000,9999.000,9999.000
202603041536,   0.624,  -0.688,9999.000,9999.000,9999.000,9999.000,9999.000,9999.000,9999.000
202603041542,   0.619,  -0.698,9999.000,9999.000,9999.000,9999.000,9999.000,9999.000,9999.000
202603041548,   0.613,  -0.718,9999.000,9999.000,9999.000,9999.000,9999.000,9999.000,9999.000
202603041554,   0.607,  -0.698,9999.000,9999.000,9999.000,9999.000,9999.000,9999.000,9999.000
202603041600,   0.602,  -0.698,   0.500,  -1.800,  -0.698,   0.500,  -0.698,   0.600,  -0.598
202603041606,   0.596,  -0.731,9999.000,9999.000,9999.000,9999.000,9999.000,9999.000,9999.000
202603041612,   0.591,  -0.741,9999.000,9999.000,9999.000,9999.000,9999.000,9999.000,9999.000
202603041618,   0.586,  -0.751,9999.000,9999.000,9999.000,9999.000,9999.000,9999.000,9999.000
202603041624,   0.581,  -0.751,9999.000,9999.000,9999.000,9999.000,9999.000,9999.000,9999.000
202603041630,   0.576,  -0.760,9999.000,9999.000,9999.000,9999.000,9999.000,9999.000,9999.000
202603041636,   0.571,  -0.770,9999.000,9999.000,9999.000,9999.000,9999.000,9999.000,9999.000
202603041642,   0.566,  -0.770,9999.000,9999.000,9999.000,9999.000,9999.000,9999.000,9999.000
202603041648,   0.562,  -0.790,9999.000,9999.000,9999.000,9999.000,9999.000,9999.000,9999.000
202603041654,   0.557,  -0.800,9999.000,9999.000,9999.000,9999.000,9999.000,9999.000,9999.000
202603041700,   0.553,  -0.810,   0.500,  -1.863,  -0.810,   0.500,  -0.810,   0.600,  -0.710
202603041706,   0.549,  -0.810,9999.000,9999.000,9999.000,9999.000,9999.000,9999.000,9999.000
202603041712,   0.545,  -0.810,9999.000,9999.000,9999.000,9999.000,9999.000,9999.000,9999.000
202603041718,   0.541,  -0.810,9999.000,9999.000,9999.000,9999.000,9999.000,9999.000,9999.000
202603041724,   0.537,  -0.819,9999.000,9999.000,9999.000,9999.000,9999.000,9999.000,9999.000
202603041730,   0.534,  -0.829,9999.000,9999.000,9999.000,9999.000,9999.000,9999.000,9999.000
202603041736,   0.530,  -0.819,9999.000,9999.000,9999.000,9999.000,9999.000,9999.000,9999.000
202603041742,   0.527,  -0.819,9999.000,9999.000,9999.000,9999.000,9999.000,9999.000,9999.000
202603041748,   0.524,  -0.839,9999.000,9999.000,9999.000,9999.000,9999.000,9999.000,9999.000
202603041754,   0.521,  -0.839,9999.000,9999.000,9999.000,9999.000,9999.000,9999.000,9999.000
202603041800,   0.518,  -0.839,   0.500,  -1.857,  -0.839,   0.500,  -0.839,   0.500,  -0.839
202603041806,   0.516,  -0.819,9999.000,9999.000,9999.000,9999.000,9999.000,9999.000,9999.000
202603041812,   0.513,  -0.839,9999.000,9999.000,9999.000,9999.000,9999.000,9999.000,9999.000
202603041818,   0.511,  -0.829,9999.000,9999.000,9999.000,9999.000,9999.000,9999.000,9999.000
202603041824,   0.509,  -0.810,9999.000,9999.000,9999.000,9999.000,9999.000,9999.000,9999.000
202603041830,   0.507,  -0.810,9999.000,9999.000,9999.000,9999.000,9999.000,9999.000,9999.000
202603041836,   0.505,  -0.829,9999.000,9999.000,9999.000,9999.000,9999.000,9999.000,9999.000
202603041842,   0.504,  -0.819,9999.000,9999.000,9999.000,9999.000,9999.000,9999.000,9999.000
202603041848,   0.503,  -0.810,9999.000,9999.000,9999.000,9999.000,9999.000,9999.000,9999.000
202603041854,   0.502,  -0.819,9999.000,9999.000,9999.000,9999.000,9999.000,9999.000,9999.000
202603041900,   0.501,  -0.810,   0.500,  -1.811,  -0.810,   0.500,  -0.810,   0.500,  -0.810
202603041906,   0.500,  -0.819,9999.000,9999.000,9999.000,9999.000,9999.000,9999.000,9999.000
202603041912,   0.500,  -0.819,9999.000,9999.000,9999.000,9999.000,9999.000,9999.000,9999.000
202603041918,   0.500,  -0.810,9999.000,9999.000,9999.000,9999.000,9999.000,9999.000,9999.000
202603041924,   0.500,  -0.800,9999.000,9999.000,9999.000,9999.000,9999.000,9999.000,9999.000
202603041930,   0.501,  -0.790,9999.000,9999.000,9999.000,9999.000,9999.000,9999.000,9999.000
202603041936,   0.501,  -0.770,9999.000,9999.000,9999.000,9999.000,9999.000,9999.000,9999.000
202603041942,   0.502,  -0.790,9999.000,9999.000,9999.000,9999.000,9999.000,9999.000,9999.000
202603041948,   0.504,  -0.800,9999.000,9999.000,9999.000,9999.000,9999.000,9999.000,9999.000
202603041954,   0.505,  -0.790,9999.000,9999.000,9999.000,9999.000,9999.000,9999.000,9999.000
202603042000,   0.507,  -0.770,   0.500,  -1.777,  -0.770,   0.500,  -0.770,   0.500,  -0.770
202603042006,   0.509,  -0.751,9999.000,9999.000,9999.000,9999.000,9999.000,9999.000,9999.000
202603042012,   0.512,  -0.751,9999.000,9999.000,9999.000,9999.000,9999.000,9999.000,9999.000
202603042018,   0.514,  -0.741,9999.000,9999.000,9999.000,9999.000,9999.000,9999.000,9999.000
202603042024,   0.517,  -0.731,9999.000,9999.000,9999.000,9999.000,9999.000,9999.000,9999.000
202603042030,   0.521,  -0.718,9999.000,9999.000,9999.000,9999.000,9999.000,9999.000,9999.000
202603042036,   0.524,  -0.698,9999.000,9999.000,9999.000,9999.000,9999.000,9999.000,9999.000
202603042042,   0.528,  -0.688,9999.000,9999.000,9999.000,9999.000,9999.000,9999.000,9999.000
202603042048,   0.532,  -0.708,9999.000,9999.000,9999.000,9999.000,9999.000,9999.000,9999.000
202603042054,   0.537,  -0.678,9999.000,9999.000,9999.000,9999.000,9999.000,9999.000,9999.000
202603042100,   0.542,  -0.629,   0.500,  -1.671,  -0.629,   0.500,  -0.629,   0.500,  -0.629
202603042106,   0.547,  -0.629,9999.000,9999.000,9999.000,9999.000,9999.000,9999.000,9999.000
202603042112,   0.552,  -0.629,9999.000,9999.000,9999.000,9999.000,9999.000,9999.000,9999.000
202603042118,   0.557,  -0.590,9999.000,9999.000,9999.000,9999.000,9999.000,9999.000,9999.000
202603042124,   0.563,  -0.590,9999.000,9999.000,9999.000,9999.000,9999.000,9999.000,9999.000
202603042130,   0.569,  -0.580,9999.000,9999.000,9999.000,9999.000,9999.000,9999.000,9999.000
202603042136,   0.575,  -0.619,9999.000,9999.000,9999.000,9999.000,9999.000,9999.000,9999.000
202603042142,   0.581,  -0.610,9999.000,9999.000,9999.000,9999.000,9999.000,9999.000,9999.000
202603042148,   0.588,  -0.590,9999.000,9999.000,9999.000,9999.000,9999.000,9999.000,9999.000
202603042154,   0.594,  -0.580,9999.000,9999.000,9999.000,9999.000,9999.000,9999.000,9999.000
202603042200,   0.601,  -0.580,   0.500,  -1.681,  -0.580,   0.500,  -0.580,   0.500,  -0.580
202603042206,   0.608,  -0.541,9999.000,9999.000,9999.000,9999.000,9999.000,9999.000,9999.000
202603042212,   0.615,  -0.531,9999.000,9999.000,9999.000,9999.000,9999.000,9999.000,9999.000
202603042218,   0.622,  -0.498,9999.000,9999.000,9999.000,9999.000,9999.000,9999.000,9999.000
202603042224,   0.629,  -0.478,9999.000,9999.000,9999.000,9999.000,9999.000,9999.000,9999.000
202603042230,   0.636,  -0.469,9999.000,9999.000,9999.000,9999.000,9999.000,9999.000,9999.000
202603042236,   0.642,  -0.449,9999.000,9999.000,9999.000,9999.000,9999.000,9999.000,9999.000
202603042242,   0.649,  -0.429,9999.000,9999.000,9999.000,9999.000,9999.000,9999.000,9999.000
202603042248,   0.656,  -0.429,9999.000,9999.000,9999.000,9999.000,9999.000,9999.000,9999.000
202603042254,   0.663,  -0.400,9999.000,9999.000,9999.000,9999.000,9999.000,9999.000,9999.000
202603042300,   0.669,  -0.370,   0.500,  -1.539,  -0.370,   0.500,  -0.370,   0.500,  -0.370
202603042306,   0.676,  -0.360,9999.000,9999.000,9999.000,9999.000,9999.000,9999.000,9999.000
202603042312,   0.682,  -0.341,9999.000,9999.000,9999.000,9999.000,9999.000,9999.000,9999.000
202603042318,   0.688,  -0.341,9999.000,9999.000,9999.000,9999.000,9999.000,9999.000,9999.000
202603042324,   0.694,  -0.370,9999.000,9999.000,9999.000,9999.000,9999.000,9999.000,9999.000
202603042330,   0.699,  -0.360,9999.000,9999.000,9999.000,9999.000,9999.000,9999.000,9999.000
202603042336,   0.705,  -0.331,9999.000,9999.000,9999.000,9999.000,9999.000,9999.000,9999.000
202603042342,   0.710,  -0.321,9999.000,9999.000,9999.000,9999.000,9999.000,9999.000,9999.000
202603042348,   0.715,  -0.350,9999.000,9999.000,9999.000,9999.000,9999.000,9999.000,9999.000
202603042354,   0.719,  -0.360,9999.000,9999.000,9999.000,9999.000,9999.000,9999.000,9999.000
202603050000,   0.723,  -0.350,   0.500,  -1.573,  -0.350,   0.500,  -0.350,   0.500,  -0.350
202603050006,   0.727,  -0.331,9999.000,9999.000,9999.000,9999.000,9999.000,9999.000,9999.000
202603050012,   0.730,  -0.331,9999.000,9999.000,9999.000,9999.000,9999.000,9999.000,9999.000
202603050018,   0.733,  -0.278,9999.000,9999.000,9999.000,9999.000,9999.000,9999.000,9999.000
202603050024,   0.736,  -0.268,9999.000,9999.000,9999.000,9999.000,9999.000,9999.000,9999.000
202603050030,   0.738,  -0.298,9999.000,9999.000,9999.000,9999.000,9999.000,9999.000,9999.000
202603050036,   0.740,  -0.308,9999.000,9999.000,9999.000,9999.000,9999.000,9999.000,9999.000
202603050042,   0.742,  -0.321,9999.000,9999.000,9999.000,9999.000,9999.000,9999.000,9999.000
202603050048,   0.743,  -0.321,9999.000,9999.000,9999.000,9999.000,9999.000,9999.000,9999.000
202603050054,   0.744,  -0.331,9999.000,9999.000,9999.000,9999.000,9999.000,9999.000,9999.000
202603050100,   0.745,  -0.350,   0.500,  -1.595,  -0.350,   0.500,  -0.350,   0.500,  -0.350
202603050106,   0.745,  -0.350,9999.000,9999.000,9999.000,9999.000,9999.000,9999.000,9999.000
202603050112,   0.745,  -0.350,9999.000,9999.000,9999.000,9999.000,9999.000,9999.000,9999.000
202603050118,   0.744,  -0.370,9999.000,9999.000,9999.000,9999.000,9999.000,9999.000,9999.000
202603050124,   0.743,  -0.380,9999.000,9999.000,9999.000,9999.000,9999.000,9999.000,9999.000
202603050130,   0.742,  -0.390,9999.000,9999.000,9999.000,9999.000,9999.000,9999.000,9999.000
202603050136,   0.740,  -0.400,9999.000,9999.000,9999.000,9999.000,9999.000,9999.000,9999.000
202603050142,   0.739,  -0.419,9999.000,9999.000,9999.000,9999.000,9999.000,9999.000,9999.000
202603050148,   0.736,  -0.429,9999.000,9999.000,9999.000,9999.000,9999.000,9999.000,9999.000
202603050154,   0.734,  -0.449,9999.000,9999.000,9999.000,9999.000,9999.000,9999.000,9999.000
202603050200,   0.731,  -0.459,   0.500,  -1.690,  -0.459,   0.500,  -0.459,   0.500,  -0.459
202603050206,   0.729,  -0.469,9999.000,9999.000,9999.000,9999.000,9999.000,9999.000,9999.000
202603050212,   0.726,  -0.478,9999.000,9999.000,9999.000,9999.000,9999.000,9999.000,9999.000
202603050218,   0.722,  -0.498,9999.000,9999.000,9999.000,9999.000,9999.000,9999.000,9999.000
202603050224,   0.719,  -0.508,9999.000,9999.000,9999.000,9999.000,9999.000,9999.000,9999.000
202603050230,   0.715,  -0.518,9999.000,9999.000,9999.000,9999.000,9999.000,9999.000,9999.000
202603050236,   0.712,  -0.531,9999.000,9999.000,9999.000,9999.000,9999.000,9999.000,9999.000
202603050242,   0.708,  -0.541,9999.000,9999.000,9999.000,9999.000,9999.000,9999.000,9999.000
202603050248,   0.704,  -0.551,9999.000,9999.000,9999.000,9999.000,9999.000,9999.000,9999.000
202603050254,   0.700,  -0.580,9999.000,9999.000,9999.000,9999.000,9999.000,9999.000,9999.000
202603050300,   0.696,  -0.600,   0.500,  -1.796,  -0.600,   0.500,  -0.600,   0.500,  -0.600
202603050306,   0.692,  -0.610,9999.000,9999.000,9999.000,9999.000,9999.000,9999.000,9999.000
202603050312,   0.688,  -0.619,9999.000,9999.000,9999.000,9999.000,9999.000,9999.000,9999.000
202603050318,   0.684,  -0.619,9999.000,9999.000,9999.000,9999.000,9999.000,9999.000,9999.000
202603050324,   0.680,  -0.629,9999.000,9999.000,9999.000,9999.000,9999.000,9999.000,9999.000
202603050330,   0.676,  -0.629,9999.000,9999.000,9999.000,9999.000,9999.000,9999.000,9999.000
202603050336,   0.672,  -0.639,9999.000,9999.000,9999.000,9999.000,9999.000,9999.000,9999.000
202603050342,   0.668,  -0.659,9999.000,9999.000,9999.000,9999.000,9999.000,9999.000,9999.000
202603050348,   0.665,  -0.669,9999.000,9999.000,9999.000,9999.000,9999.000,9999.000,9999.000
202603050354,   0.661,  -0.678,9999.000,9999.000,9999.000,9999.000,9999.000,9999.000,9999.000
202603050400,   0.657,  -0.678,   0.500,  -1.835,  -0.678,   0.500,  -0.678,   0.500,  -0.678
202603050406,   0.654,  -0.688,9999.000,9999.000,9999.000,9999.000,9999.000,9999.000,9999.000
202603050412,   0.650,  -0.698,9999.000,9999.000,9999.000,9999.000,9999.000,9999.000,9999.000
202603050418,   0.647,  -0.698,9999.000,9999.000,9999.000,9999.000,9999.000,9999.000,9999.000
202603050424,   0.644,  -0.698,9999.000,9999.000,9999.000,9999.000,9999.000,9999.000,9999.000
202603050430,   0.641,  -0.708,9999.000,9999.000,9999.000,9999.000,9999.000,9999.000,9999.000
202603050436,   0.638,  -0.708,9999.000,9999.000,9999.000,9999.000,9999.000,9999.000,9999.000
202603050442,   0.635,  -0.718,9999.000,9999.000,9999.000,9999.000,9999.000,9999.000,9999.000
202603050448,   0.632,  -0.731,9999.000,9999.000,9999.000,9999.000,9999.000,9999.000,9999.000
202603050454,   0.630,  -0.731,9999.000,9999.000,9999.000,9999.000,9999.000,9999.000,9999.000
202603050500,   0.627,  -0.731,   0.500,  -1.858,  -0.731,   0.500,  -0.731,   0.500,  -0.731
202603050506,   0.625,  -0.741,9999.000,9999.000,9999.000,9999.000,9999.000,9999.000,9999.000
202603050512,   0.623,  -0.741,9999.000,9999.000,9999.000,9999.000,9999.000,9999.000,9999.000
202603050518,   0.621,  -0.741,9999.000,9999.000,9999.000,9999.000,9999.000,9999.000,9999.000
202603050524,   0.619,  -0.741,9999.000,9999.000,9999.000,9999.000,9999.000,9999.000,9999.000
202603050530,   0.618,  -0.751,9999.000,9999.000,9999.000,9999.000,9999.000,9999.000,9999.000
202603050536,   0.616,  -0.741,9999.000,9999.000,9999.000,9999.000,9999.000,9999.000,9999.000
202603050542,   0.615,  -0.741,9999.000,9999.000,9999.000,9999.000,9999.000,9999.000,9999.000
202603050548,   0.614,  -0.741,9999.000,9999.000,9999.000,9999.000,9999.000,9999.000,9999.000
202603050554,   0.612,  -0.741,9999.000,9999.000,9999.000,9999.000,9999.000,9999.000,9999.000
202603050600,   0.611,  -0.741,   0.500,  -1.852,  -0.741,   0.500,  -0.741,   0.500,  -0.741
202603050606,   0.611,  -0.741,9999.000,9999.000,9999.000,9999.000,9999.000,9999.000,9999.000
202603050612,   0.610,  -0.731,9999.000,9999.000,9999.000,9999.000,9999.000,9999.000,9999.000
202603050618,   0.609,  -0.731,9999.000,9999.000,9999.000,9999.000,9999.000,9999.000,9999.000
202603050624,   0.609,  -0.731,9999.000,9999.000,9999.000,9999.000,9999.000,9999.000,9999.000
202603050630,   0.608,  -0.718,9999.000,9999.000,9999.000,9999.000,9999.000,9999.000,9999.000
202603050636,   0.608,  -0.718,9999.000,9999.000,9999.000,9999.000,9999.000,9999.000,9999.000
202603050642,   0.608,  -0.708,9999.000,9999.000,9999.000,9999.000,9999.000,9999.000,9999.000
202603050648,   0.608,  -0.708,9999.000,9999.000,9999.000,9999.000,9999.000,9999.000,9999.000
202603050654,   0.608,  -0.708,9999.000,9999.000,9999.000,9999.000,9999.000,9999.000,9999.000
202603050700,   0.608,  -0.698,   0.500,  -1.806,  -0.698,   0.500,  -0.698,   0.500,  -0.698
202603050706,   0.609,  -0.698,9999.000,9999.000,9999.000,9999.000,9999.000,9999.000,9999.000
202603050712,   0.609,  -0.678,9999.000,9999.000,9999.000,9999.000,9999.000,9999.000,9999.000
202603050718,   0.610,  -0.678,9999.000,9999.000,9999.000,9999.000,9999.000,9999.000,9999.000
202603050724,   0.611,  -0.678,9999.000,9999.000,9999.000,9999.000,9999.000,9999.000,9999.000
202603050730,   0.612,  -0.669,9999.000,9999.000,9999.000,9999.000,9999.000,9999.000,9999.000
202603050736,   0.613,  -0.659,9999.000,9999.000,9999.000,9999.000,9999.000,9999.000,9999.000
202603050742,   0.614,  -0.659,9999.000,9999.000,9999.000,9999.000,9999.000,9999.000,9999.000
202603050748,   0.616,  -0.649,9999.000,9999.000,9999.000,9999.000,9999.000,9999.000,9999.000
202603050754,   0.617,  -0.639,9999.000,9999.000,9999.000,9999.000,9999.000,9999.000,9999.000
202603050800,   0.619,  -0.629,   0.500,  -1.748,  -0.629,   0.500,  -0.629,   0.500,  -0.629
202603050806,   0.621,  -0.639,9999.000,9999.000,9999.000,9999.000,9999.000,9999.000,9999.000
202603050812,   0.623,  -0.619,9999.000,9999.000,9999.000,9999.000,9999.000,9999.000,9999.000
202603050818,   0.625,  -0.619,9999.000,9999.000,9999.000,9999.000,9999.000,9999.000,9999.000
202603050824,   0.628,  -0.610,9999.000,9999.000,9999.000,9999.000,9999.000,9999.000,9999.000
202603050830,   0.630,  -0.600,9999.000,9999.000,9999.000,9999.000,9999.000,9999.000,9999.000
202603050836,   0.633,  -0.590,9999.000,9999.000,9999.000,9999.000,9999.000,9999.000,9999.000
202603050842,   0.636,  -0.590,9999.000,9999.000,9999.000,9999.000,9999.000,9999.000,9999.000
202603050848,   0.639,  -0.580,9999.000,9999.000,9999.000,9999.000,9999.000,9999.000,9999.000
202603050854,   0.642,  -0.580,9999.000,9999.000,9999.000,9999.000,9999.000,9999.000,9999.000
202603050900,   0.646,  -0.560,   0.500,  -1.706,  -0.560,   0.500,  -0.560,   0.500,  -0.560
202603050906,   0.650,  -0.551,9999.000,9999.000,9999.000,9999.000,9999.000,9999.000,9999.000
202603050912,   0.653,  -0.541,9999.000,9999.000,9999.000,9999.000,9999.000,9999.000,9999.000
202603050918,   0.657,  -0.518,9999.000,9999.000,9999.000,9999.000,9999.000,9999.000,9999.000
202603050924,   0.662,  -0.508,9999.000,9999.000,9999.000,9999.000,9999.000,9999.000,9999.000
202603050930,   0.666,  -0.498,9999.000,9999.000,9999.000,9999.000,9999.000,9999.000,9999.000
202603050936,   0.670,  -0.488,9999.000,9999.000,9999.000,9999.000,9999.000,9999.000,9999.000
202603050942,   0.675,  -0.469,9999.000,9999.000,9999.000,9999.000,9999.000,9999.000,9999.000
202603050948,   0.680,  -0.459,9999.000,9999.000,9999.000,9999.000,9999.000,9999.000,9999.000
202603050954,   0.685,  -0.449,9999.000,9999.000,9999.000,9999.000,9999.000,9999.000,9999.000
202603051000,   0.690,  -0.439,   0.500,  -1.629,  -0.439,   0.500,  -0.439,   0.500,  -0.439
202603051006,   0.695,  -0.429,9999.000,9999.000,9999.000,9999.000,9999.000,9999.000,9999.000
202603051012,   0.700,  -0.429,9999.000,9999.000,9999.000,9999.000,9999.000,9999.000,9999.000
202603051018,   0.705,  -0.419,9999.000,9999.000,9999.000,9999.000,9999.000,9999.000,9999.000
202603051024,   0.710,  -0.409,9999.000,9999.000,9999.000,9999.000,9999.000,9999.000,9999.000
202603051030,   0.715,  -0.400,9999.000,9999.000,9999.000,9999.000,9999.000,9999.000,9999.000
202603051036,   0.721,  -0.390,9999.000,9999.000,9999.000,9999.000,9999.000,9999.000,9999.000
202603051042,   0.726,  -0.380,9999.000,9999.000,9999.000,9999.000,9999.000,9999.000,9999.000
202603051048,   0.731,  -0.370,9999.000,9999.000,9999.000,9999.000,9999.000,9999.000,9999.000
202603051054,   0.737,  -0.350,9999.000,9999.000,9999.000,9999.000,9999.000,9999.000,9999.000
202603051100,   0.742,  -0.341,   0.500,  -1.583,  -0.341,   0.500,  -0.341,   0.500,  -0.341
202603051106,   0.747,  -0.331,9999.000,9999.000,9999.000,9999.000,9999.000,9999.000,9999.000
202603051112,   0.752,  -0.321,9999.000,9999.000,9999.000,9999.000,9999.000,9999.000,9999.000
202603051118,   0.757,  -0.308,9999.000,9999.000,9999.000,9999.000,9999.000,9999.000,9999.000
202603051124,   0.761,  -0.298,9999.000,9999.000,9999.000,9999.000,9999.000,9999.000,9999.000
202603051130,   0.766,  -0.278,9999.000,9999.000,9999.000,9999.000,9999.000,9999.000,9999.000
202603051136,   0.770,  -0.219,9999.000,9999.000,9999.000,9999.000,9999.000,9999.000,9999.000
202603051142,   0.774,  -0.219,9999.000,9999.000,9999.000,9999.000,9999.000,9999.000,9999.000
202603051148,   0.778,  -0.229,9999.000,9999.000,9999.000,9999.000,9999.000,9999.000,9999.000
202603051154,   0.782,  -0.239,9999.000,9999.000,9999.000,9999.000,9999.000,9999.000,9999.000
202603051200,   0.786,  -0.229,   0.600,  -1.615,  -0.229,   0.500,  -0.329,   0.600,  -0.229
202603051206,   0.789,  -0.229,9999.000,9999.000,9999.000,9999.000,9999.000,9999.000,9999.000
202603051212,   0.792,  -0.219,9999.000,9999.000,9999.000,9999.000,9999.000,9999.000,9999.000
202603051218,   0.794,  -0.219,9999.000,9999.000,9999.000,9999.000,9999.000,9999.000,9999.000
202603051224,   0.797,  -0.200,9999.000,9999.000,9999.000,9999.000,9999.000,9999.000,9999.000
202603051230,   0.799,  -0.200,9999.000,9999.000,9999.000,9999.000,9999.000,9999.000,9999.000
202603051236,   0.801,  -0.209,9999.000,9999.000,9999.000,9999.000,9999.000,9999.000,9999.000
202603051242,   0.802,  -0.209,9999.000,9999.000,9999.000,9999.000,9999.000,9999.000,9999.000
202603051248,   0.803,  -0.229,9999.000,9999.000,9999.000,9999.000,9999.000,9999.000,9999.000
202603051254,   0.804,  -0.239,9999.000,9999.000,9999.000,9999.000,9999.000,9999.000,9999.000
202603051300,   0.804,  -0.200,   0.600,  -1.604,  -0.200,   0.500,  -0.300,   0.600,  -0.200
202603051306,   0.805,  -0.209,9999.000,9999.000,9999.000,9999.000,9999.000,9999.000,9999.000
202603051312,   0.804,  -0.249,9999.000,9999.000,9999.000,9999.000,9999.000,9999.000,9999.000
202603051318,   0.804,  -0.249,9999.000,9999.000,9999.000,9999.000,9999.000,9999.000,9999.000
202603051324,   0.803,  -0.259,9999.000,9999.000,9999.000,9999.000,9999.000,9999.000,9999.000
202603051330,   0.802,  -0.288,9999.000,9999.000,9999.000,9999.000,9999.000,9999.000,9999.000
202603051336,   0.800,  -0.278,9999.000,9999.000,9999.000,9999.000,9999.000,9999.000,9999.000
202603051342,   0.798,  -0.268,9999.000,9999.000,9999.000,9999.000,9999.000,9999.000,9999.000
202603051348,   0.796,  -0.278,9999.000,9999.000,9999.000,9999.000,9999.000,9999.000,9999.000
202603051354,   0.794,  -0.298,9999.000,9999.000,9999.000,9999.000,9999.000,9999.000,9999.000
202603051400,   0.791,  -0.308,   0.600,  -1.699,  -0.308,   0.500,  -0.408,   0.600,  -0.308
202603051406,   0.788,  -0.321,9999.000,9999.000,9999.000,9999.000,9999.000,9999.000,9999.000
202603051412,   0.784,  -0.341,9999.000,9999.000,9999.000,9999.000,9999.000,9999.000,9999.000
202603051418,   0.781,  -0.360,9999.000,9999.000,9999.000,9999.000,9999.000,9999.000,9999.000
202603051424,   0.777,  -0.350,9999.000,9999.000,9999.000,9999.000,9999.000,9999.000,9999.000
202603051430,   0.773,  -0.360,9999.000,9999.000,9999.000,9999.000,9999.000,9999.000,9999.000
202603051436,   0.769,  -0.380,9999.000,9999.000,9999.000,9999.000,9999.000,9999.000,9999.000
202603051442,   0.765,  -0.390,9999.000,9999.000,9999.000,9999.000,9999.000,9999.000,9999.000
202603051448,   0.760,  -0.370,9999.000,9999.000,9999.000,9999.000,9999.000,9999.000,9999.000
202603051454,   0.755,  -0.400,9999.000,9999.000,9999.000,9999.000,9999.000,9999.000,9999.000
202603051500,   0.751,  -0.400,   0.600,  -1.751,  -0.400,   0.600,  -0.400,   0.600,  -0.400
202603051506,   0.746,  -0.429,9999.000,9999.000,9999.000,9999.000,9999.000,9999.000,9999.000
202603051512,   0.741,  -0.429,9999.000,9999.000,9999.000,9999.000,9999.000,9999.000,9999.000
202603051518,   0.736,  -0.419,9999.000,9999.000,9999.000,9999.000,9999.000,9999.000,9999.000
202603051524,   0.731,  -0.419,9999.000,9999.000,9999.000,9999.000,9999.000,9999.000,9999.000
202603051530,   0.725,  -0.419,9999.000,9999.000,9999.000,9999.000,9999.000,9999.000,9999.000
202603051536,   0.720,  -0.439,9999.000,9999.000,9999.000,9999.000,9999.000,9999.000,9999.000
202603051542,   0.715,  -0.439,9999.000,9999.000,9999.000,9999.000,9999.000,9999.000,9999.000
202603051548,   0.710,  -0.439,9999.000,9999.000,9999.000,9999.000,9999.000,9999.000,9999.000
202603051554,   0.704,  -0.459,9999.000,9999.000,9999.000,9999.000,9999.000,9999.000,9999.000
202603051600,   0.699,  -0.478,   0.600,  -1.777,  -0.478,   0.600,  -0.478,   0.600,  -0.478
202603051606,   0.694,  -0.469,9999.000,9999.000,9999.000,9999.000,9999.000,9999.000,9999.000
202603051612,   0.689,  -0.488,9999.000,9999.000,9999.000,9999.000,9999.000,9999.000,9999.000
202603051618,   0.684,  -0.508,9999.000,9999.000,9999.000,9999.000,9999.000,9999.000,9999.000
202603051624,   0.679,  -0.518,9999.000,9999.000,9999.000,9999.000,9999.000,9999.000,9999.000
202603051630,   0.674,  -0.518,9999.000,9999.000,9999.000,9999.000,9999.000,9999.000,9999.000
202603051636,   0.669,  -0.518,9999.000,9999.000,9999.000,9999.000,9999.000,9999.000,9999.000
202603051642,   0.665,  -0.531,9999.000,9999.000,9999.000,9999.000,9999.000,9999.000,9999.000
202603051648,   0.660,  -0.541,9999.000,9999.000,9999.000,9999.000,9999.000,9999.000,9999.000
202603051654,   0.656,  -0.531,9999.000,9999.000,9999.000,9999.000,9999.000,9999.000,9999.000
202603051700,   0.651,  -0.518,   0.600,  -1.769,  -0.518,   0.600,  -0.518,   0.600,  -0.518
202603051706,   0.647,  -0.531,9999.000,9999.000,9999.000,9999.000,9999.000,9999.000,9999.000
202603051712,   0.643,  -0.531,9999.000,9999.000,9999.000,9999.000,9999.000,9999.000,9999.000
202603051718,   0.639,  -0.541,9999.000,9999.000,9999.000,9999.000,9999.000,9999.000,9999.000
202603051724,   0.635,  -0.541,9999.000,9999.000,9999.000,9999.000,9999.000,9999.000,9999.000
202603051730,   0.632,  -0.551,9999.000,9999.000,9999.000,9999.000,9999.000,9999.000,9999.000
202603051736,   0.628,  -0.570,9999.000,9999.000,9999.000,9999.000,9999.000,9999.000,9999.000
202603051742,   0.625,  -0.580,9999.000,9999.000,9999.000,9999.000,9999.000,9999.000,9999.000
202603051748,   0.621,  -0.570,9999.000,9999.000,9999.000,9999.000,9999.000,9999.000,9999.000
202603051754,   0.618,  -0.610,9999.000,9999.000,9999.000,9999.000,9999.000,9999.000,9999.000
202603051800,   0.616,  -0.590,   0.600,  -1.806,  -0.590,   0.500,  -0.690,   0.600,  -0.590
202603051806,   0.613,  -0.570,9999.000,9999.000,9999.000,9999.000,9999.000,9999.000,9999.000
202603051812,   0.610,  -0.570,9999.000,9999.000,9999.000,9999.000,9999.000,9999.000,9999.000
202603051818,   0.608,  -0.560,9999.000,9999.000,9999.000,9999.000,9999.000,9999.000,9999.000
202603051824,   0.605,  -0.570,9999.000,9999.000,9999.000,9999.000,9999.000,9999.000,9999.000
202603051830,   0.603,  -0.580,9999.000,9999.000,9999.000,9999.000,9999.000,9999.000,9999.000
202603051836,   0.601,  -0.580,9999.000,9999.000,9999.000,9999.000,9999.000,9999.000,9999.000
202603051842,   0.599,  -0.580,9999.000,9999.000,9999.000,9999.000,9999.000,9999.000,9999.000
202603051848,   0.598,  -0.590,9999.000,9999.000,9999.000,9999.000,9999.000,9999.000,9999.000
202603051854,   0.596,  -0.580,9999.000,9999.000,9999.000,9999.000,9999.000,9999.000,9999.000
202603051900,   0.595,  -0.590,   0.600,  -1.785,  -0.590,   0.600,  -0.590,   0.600,  -0.590
202603051906,   0.594,  -0.560,9999.000,9999.000,9999.000,9999.000,9999.000,9999.000,9999.000
202603051912,   0.593,  -0.580,9999.000,9999.000,9999.000,9999.000,9999.000,9999.000,9999.000
202603051918,   0.592,  -0.590,9999.000,9999.000,9999.000,9999.000,9999.000,9999.000,9999.000
202603051924,   0.591,  -0.570,9999.000,9999.000,9999.000,9999.000,9999.000,9999.000,9999.000
202603051930,   0.591,  -0.551,9999.000,9999.000,9999.000,9999.000,9999.000,9999.000,9999.000
202603051936,   0.590,  -0.570,9999.000,9999.000,9999.000,9999.000,9999.000,9999.000,9999.000
202603051942,   0.590,  -0.580,9999.000,9999.000,9999.000,9999.000,9999.000,9999.000,9999.000
202603051948,   0.590,  -0.580,9999.000,9999.000,9999.000,9999.000,9999.000,9999.000,9999.000
202603051954,   0.591,  -0.570,9999.000,9999.000,9999.000,9999.000,9999.000,9999.000,9999.000
202603052000,   0.591,  -0.580,   0.600,  -1.771,  -0.580,   0.600,  -0.580,   0.600,  -0.580
202603052006,   0.592,  -0.570,9999.000,9999.000,9999.000,9999.000,9999.000,9999.000,9999.000
202603052012,   0.593,  -0.560,9999.000,9999.000,9999.000,9999.000,9999.000,9999.000,9999.000
202603052018,   0.594,  -0.560,9999.000,9999.000,9999.000,9999.000,9999.000,9999.000,9999.000
202603052024,   0.595,  -0.560,9999.000,9999.000,9999.000,9999.000,9999.000,9999.000,9999.000
202603052030,   0.596,  -0.541,9999.000,9999.000,9999.000,9999.000,9999.000,9999.000,9999.000
202603052036,   0.598,  -0.531,9999.000,9999.000,9999.000,9999.000,9999.000,9999.000,9999.000
202603052042,   0.600,  -0.518,9999.000,9999.000,9999.000,9999.000,9999.000,9999.000,9999.000
202603052048,   0.602,  -0.518,9999.000,9999.000,9999.000,9999.000,9999.000,9999.000,9999.000
202603052054,   0.604,  -0.498,9999.000,9999.000,9999.000,9999.000,9999.000,9999.000,9999.000
202603052100,   0.606,  -0.498,   0.600,  -1.704,  -0.498,   0.600,  -0.498,   0.600,  -0.498
202603052106,   0.609,  -0.498,9999.000,9999.000,9999.000,9999.000,9999.000,9999.000,9999.000
202603052112,   0.611,  -0.508,9999.000,9999.000,9999.000,9999.000,9999.000,9999.000,9999.000
202603052118,   0.614,  -0.508,9999.000,9999.000,9999.000,9999.000,9999.000,9999.000,9999.000
202603052124,   0.618,  -0.508,9999.000,9999.000,9999.000,9999.000,9999.000,9999.000,9999.000
202603052130,   0.621,  -0.508,9999.000,9999.000,9999.000,9999.000,9999.000,9999.000,9999.000
202603052136,   0.624,  -0.508,9999.000,9999.000,9999.000,9999.000,9999.000,9999.000,9999.000
202603052142,   0.628,  -0.498,9999.000,9999.000,9999.000,9999.000,9999.000,9999.000,9999.000
202603052148,   0.632,  -0.498,9999.000,9999.000,9999.000,9999.000,9999.000,9999.000,9999.000
202603052154,   0.636,  -0.459,9999.000,9999.000,9999.000,9999.000,9999.000,9999.000,9999.000
202603052200,   0.640,  -0.459,   0.600,  -1.699,  -0.459,   0.600,  -0.459,   0.600,  -0.459
202603052206,   0.644,  -0.478,9999.000,9999.000,9999.000,9999.000,9999.000,9999.000,9999.000
202603052212,   0.649,  -0.469,9999.000,9999.000,9999.000,9999.000,9999.000,9999.000,9999.000
202603052218,   0.653,  -0.478,9999.000,9999.000,9999.000,9999.000,9999.000,9999.000,9999.000
202603052224,   0.657,  -0.459,9999.000,9999.000,9999.000,9999.000,9999.000,9999.000,9999.000
202603052230,   0.662,  -0.449,9999.000,9999.000,9999.000,9999.000,9999.000,9999.000,9999.000
202603052236,   0.667,  -0.449,9999.000,9999.000,9999.000,9999.000,9999.000,9999.000,9999.000
202603052242,   0.671,  -0.419,9999.000,9999.000,9999.000,9999.000,9999.000,9999.000,9999.000
202603052248,   0.676,  -0.409,9999.000,9999.000,9999.000,9999.000,9999.000,9999.000,9999.000
202603052254,   0.681,  -0.390,9999.000,9999.000,9999.000,9999.000,9999.000,9999.000,9999.000
202603052300,   0.685,  -0.380,   0.600,  -1.665,  -0.380,   0.600,  -0.380,   0.600,  -0.380
202603052306,   0.690,  -0.380,9999.000,9999.000,9999.000,9999.000,9999.000,9999.000,9999.000
202603052312,   0.695,  -0.360,9999.000,9999.000,9999.000,9999.000,9999.000,9999.000,9999.000
202603052318,   0.699,  -0.370,9999.000,9999.000,9999.000,9999.000,9999.000,9999.000,9999.000
202603052324,   0.703,  -0.380,9999.000,9999.000,9999.000,9999.000,9999.000,9999.000,9999.000
202603052330,   0.708,  -0.331,9999.000,9999.000,9999.000,9999.000,9999.000,9999.000,9999.000
202603052336,   0.712,  -0.288,9999.000,9999.000,9999.000,9999.000,9999.000,9999.000,9999.000
202603052342,   0.716,  -0.308,9999.000,9999.000,9999.000,9999.000,9999.000,9999.000,9999.000
202603052348,   0.720,  -0.308,9999.000,9999.000,9999.000,9999.000,9999.000,9999.000,9999.000
202603052354,   0.724,  -0.291,9999.000,9999.000,9999.000,9999.000,9999.000,9999.000,9999.000
202603060000,   0.727,  -0.308,   0.600,  -1.635,  -0.308,   0.600,  -0.308,   0.600,  -0.308
202603060006,   0.730,  -0.308,9999.000,9999.000,9999.000,9999.000,9999.000,9999.000,9999.000
202603060012,   0.733,  -0.308,9999.000,9999.000,9999.000,9999.000,9999.000,9999.000,9999.000
202603060018,   0.736,  -0.298,9999.000,9999.000,9999.000,9999.000,9999.000,9999.000,9999.000
202603060024,   0.739,  -0.288,9999.000,9999.000,9999.000,9999.000,9999.000,9999.000,9999.000
202603060030,   0.741,  -0.288,9999.000,9999.000,9999.000,9999.000,9999.000,9999.000,9999.000
202603060036,   0.743,  -0.288,9999.000,9999.000,9999.000,9999.000,9999.000,9999.000,9999.000
202603060042,   0.745,  -0.298,9999.000,9999.000,9999.000,9999.000,9999.000,9999.000,9999.000
202603060048,   0.746,  -0.288,9999.000,9999.000,9999.000,9999.000,9999.000,9999.000,9999.000
202603060054,   0.748,  -0.288,9999.000,9999.000,9999.000,9999.000,9999.000,9999.000,9999.000
202603060100,   0.748,  -0.308,   0.600,  -1.656,  -0.308,   0.600,  -0.308,   0.600,  -0.308
202603060106,   0.749,  -0.298,9999.000,9999.000,9999.000,9999.000,9999.000,9999.000,9999.000
202603060112,   0.749,  -0.321,9999.000,9999.000,9999.000,9999.000,9999.000,9999.000,9999.000
202603060118,   0.749,  -0.298,9999.000,9999.000,9999.000,9999.000,9999.000,9999.000,9999.000
202603060124,   0.749,  -0.321,9999.000,9999.000,9999.000,9999.000,9999.000,9999.000,9999.000
202603060130,   0.748,  -0.308,9999.000,9999.000,9999.000,9999.000,9999.000,9999.000,9999.000
202603060136,   0.747,  -0.321,9999.000,9999.000,9999.000,9999.000,9999.000,9999.000,9999.000
202603060142,   0.746,  -0.341,9999.000,9999.000,9999.000,9999.000,9999.000,9999.000,9999.000
202603060148,   0.744,  -0.360,9999.000,9999.000,9999.000,9999.000,9999.000,9999.000,9999.000
202603060154,   0.743,  -0.350,9999.000,9999.000,9999.000,9999.000,9999.000,9999.000,9999.000
202603060200,   0.741,  -0.350,   0.600,  -1.691,  -0.350,   0.600,  -0.350,   0.600,  -0.350
202603060206,   0.738,  -0.370,9999.000,9999.000,9999.000,9999.000,9999.000,9999.000,9999.000
202603060212,   0.736,  -0.380,9999.000,9999.000,9999.000,9999.000,9999.000,9999.000,9999.000
202603060218,   0.733,  -0.390,9999.000,9999.000,9999.000,9999.000,9999.000,9999.000,9999.000
202603060224,   0.730,  -0.409,9999.000,9999.000,9999.000,9999.000,9999.000,9999.000,9999.000
202603060230,   0.726,  -0.439,9999.000,9999.000,9999.000,9999.000,9999.000,9999.000,9999.000
202603060236,   0.723,  -0.449,9999.000,9999.000,9999.000,9999.000,9999.000,9999.000,9999.000
202603060242,   0.719,  -0.419,9999.000,9999.000,9999.000,9999.000,9999.000,9999.000,9999.000
202603060248,   0.715,  -0.429,9999.000,9999.000,9999.000,9999.000,9999.000,9999.000,9999.000
202603060254,   0.711,  -0.439,9999.000,9999.000,9999.000,9999.000,9999.000,9999.000,9999.000
202603060300,   0.707,  -0.478,   0.600,  -1.785,  -0.478,   0.600,  -0.478,   0.600,  -0.478
202603060306,   0.703,  -0.478,9999.000,9999.000,9999.000,9999.000,9999.000,9999.000,9999.000
202603060312,   0.699,  -0.498,9999.000,9999.000,9999.000,9999.000,9999.000,9999.000,9999.000
202603060318,   0.694,  -0.518,9999.000,9999.000,9999.000,9999.000,9999.000,9999.000,9999.000
202603060324,   0.690,  -0.518,9999.000,9999.000,9999.000,9999.000,9999.000,9999.000,9999.000
202603060330,   0.685,  -0.541,9999.000,9999.000,9999.000,9999.000,9999.000,9999.000,9999.000
202603060336,   0.681,  -0.551,9999.000,9999.000,9999.000,9999.000,9999.000,9999.000,9999.000
202603060342,   0.676,  -0.560,9999.000,9999.000,9999.000,9999.000,9999.000,9999.000,9999.000
202603060348,   0.672,  -0.570,9999.000,9999.000,9999.000,9999.000,9999.000,9999.000,9999.000
202603060354,   0.667,  -0.570,9999.000,9999.000,9999.000,9999.000,9999.000,9999.000,9999.000
202603060400,   0.662,  -0.580,   0.600,  -1.842,  -0.580,   0.600,  -0.580,   0.600,  -0.580
202603060406,   0.658,  -0.610,9999.000,9999.000,9999.000,9999.000,9999.000,9999.000,9999.000
202603060412,   0.654,  -0.610,9999.000,9999.000,9999.000,9999.000,9999.000,9999.000,9999.000
202603060418,   0.649,  -0.629,9999.000,9999.000,9999.000,9999.000,9999.000,9999.000,9999.000
202603060424,   0.645,  -0.639,9999.000,9999.000,9999.000,9999.000,9999.000,9999.000,9999.000
202603060430,   0.641,  -0.649,9999.000,9999.000,9999.000,9999.000,9999.000,9999.000,9999.000
202603060436,   0.637,  -0.649,9999.000,9999.000,9999.000,9999.000,9999.000,9999.000,9999.000
202603060442,   0.633,  -0.659,9999.000,9999.000,9999.000,9999.000,9999.000,9999.000,9999.000
202603060448,   0.629,  -0.669,9999.000,9999.000,9999.000,9999.000,9999.000,9999.000,9999.000
202603060454,   0.625,  -0.698,9999.000,9999.000,9999.000,9999.000,9999.000,9999.000,9999.000
202603060500,   0.621,  -0.688,   0.600,  -1.909,  -0.688,   0.600,  -0.688,   0.600,  -0.688
202603060506,   0.618,  -0.708,9999.000,9999.000,9999.000,9999.000,9999.000,9999.000,9999.000
202603060512,   0.615,  -0.708,9999.000,9999.000,9999.000,9999.000,9999.000,9999.000,9999.000
202603060518,   0.611,  -0.718,9999.000,9999.000,9999.000,9999.000,9999.000,9999.000,9999.000
202603060524,   0.608,  -0.731,9999.000,9999.000,9999.000,9999.000,9999.000,9999.000,9999.000
202603060530,   0.605,  -0.741,9999.000,9999.000,9999.000,9999.000,9999.000,9999.000,9999.000
202603060536,   0.603,  -0.731,9999.000,9999.000,9999.000,9999.000,9999.000,9999.000,9999.000
202603060542,   0.600,  -0.731,9999.000,9999.000,9999.000,9999.000,9999.000,9999.000,9999.000
202603060548,   0.597,  -0.741,9999.000,9999.000,9999.000,9999.000,9999.000,9999.000,9999.000
202603060554,   0.595,  -0.751,9999.000,9999.000,9999.000,9999.000,9999.000,9999.000,9999.000
202603060600,   0.593,  -0.760,   0.600,  -1.953,  -0.760,   0.500,  -0.860,   0.600,  -0.760
202603060606,   0.591,  -0.751,9999.000,9999.000,9999.000,9999.000,9999.000,9999.000,9999.000
202603060612,   0.589,  -0.760,9999.000,9999.000,9999.000,9999.000,9999.000,9999.000,9999.000
202603060618,   0.587,  -0.760,9999.000,9999.000,9999.000,9999.000,9999.000,9999.000,9999.000
202603060624,   0.586,  -0.770,9999.000,9999.000,9999.000,9999.000,9999.000,9999.000,9999.000
202603060630,   0.584,  -0.770,9999.000,9999.000,9999.000,9999.000,9999.000,9999.000,9999.000
202603060636,   0.583,  -0.780,9999.000,9999.000,9999.000,9999.000,9999.000,9999.000,9999.000
202603060642,   0.582,  -0.780,9999.000,9999.000,9999.000,9999.000,9999.000,9999.000,9999.000
202603060648,   0.581,  -0.770,9999.000,9999.000,9999.000,9999.000,9999.000,9999.000,9999.000
202603060654,   0.580,  -0.790,9999.000,9999.000,9999.000,9999.000,9999.000,9999.000,9999.000
202603060700,   0.579,  -0.780,   0.600,  -1.959,  -0.780,   0.500,  -0.880,   0.600,  -0.780
202603060706,   0.578,  -0.780,9999.000,9999.000,9999.000,9999.000,9999.000,9999.000,9999.000
202603060712,   0.578,  -0.780,9999.000,9999.000,9999.000,9999.000,9999.000,9999.000,9999.000
202603060718,   0.578,  -0.780,9999.000,9999.000,9999.000,9999.000,9999.000,9999.000,9999.000
202603060724,   0.577,  -0.790,9999.000,9999.000,9999.000,9999.000,9999.000,9999.000,9999.000
202603060730,   0.577,  -0.770,9999.000,9999.000,9999.000,9999.000,9999.000,9999.000,9999.000
202603060736,   0.578,  -0.770,9999.000,9999.000,9999.000,9999.000,9999.000,9999.000,9999.000
202603060742,   0.578,  -0.770,9999.000,9999.000,9999.000,9999.000,9999.000,9999.000,9999.000
202603060748,   0.578,  -0.760,9999.000,9999.000,9999.000,9999.000,9999.000,9999.000,9999.000
202603060754,   0.579,  -0.760,9999.000,9999.000,9999.000,9999.000,9999.000,9999.000,9999.000
202603060800,   0.579,  -0.751,   0.600,  -1.930,  -0.751,   0.500,  -0.851,   0.600,  -0.751
202603060806,   0.580,  -0.751,9999.000,9999.000,9999.000,9999.000,9999.000,9999.000,9999.000
202603060812,   0.581,  -0.751,9999.000,9999.000,9999.000,9999.000,9999.000,9999.000,9999.000
202603060818,   0.583,  -0.731,9999.000,9999.000,9999.000,9999.000,9999.000,9999.000,9999.000
202603060824,   0.584,  -0.741,9999.000,9999.000,9999.000,9999.000,9999.000,9999.000,9999.000
202603060830,   0.586,  -0.731,9999.000,9999.000,9999.000,9999.000,9999.000,9999.000,9999.000
202603060836,   0.587,  -0.731,9999.000,9999.000,9999.000,9999.000,9999.000,9999.000,9999.000
202603060842,   0.589,  -0.731,9999.000,9999.000,9999.000,9999.000,9999.000,9999.000,9999.000
202603060848,   0.591,  -0.718,9999.000,9999.000,9999.000,9999.000,9999.000,9999.000,9999.000
202603060854,   0.594,  -0.708,9999.000,9999.000,9999.000,9999.000,9999.000,9999.000,9999.000
202603060900,   0.596,  -0.708,   0.600,  -1.904,  -0.708,   0.600,  -0.708,   0.600,  -0.708
202603060906,   0.599,  -0.708,9999.000,9999.000,9999.000,9999.000,9999.000,9999.000,9999.000
202603060912,   0.602,  -0.698,9999.000,9999.000,9999.000,9999.000,9999.000,9999.000,9999.000
202603060918,   0.605,  -0.698,9999.000,9999.000,9999.000,9999.000,9999.000,9999.000,9999.000
202603060924,   0.608,  -0.678,9999.000,9999.000,9999.000,9999.000,9999.000,9999.000,9999.000
202603060930,   0.612,  -0.678,9999.000,9999.000,9999.000,9999.000,9999.000,9999.000,9999.000
202603060936,   0.615,  -0.669,9999.000,9999.000,9999.000,9999.000,9999.000,9999.000,9999.000
202603060942,   0.619,  -0.659,9999.000,9999.000,9999.000,9999.000,9999.000,9999.000,9999.000
202603060948,   0.623,  -0.649,9999.000,9999.000,9999.000,9999.000,9999.000,9999.000,9999.000
202603060954,   0.628,  -0.639,9999.000,9999.000,9999.000,9999.000,9999.000,9999.000,9999.000
202603061000,   0.632,  -0.629,   0.600,  -1.861,  -0.629,   0.600,  -0.629,   0.600,  -0.629
202603061006,   0.637,  -0.619,9999.000,9999.000,9999.000,9999.000,9999.000,9999.000,9999.000
202603061012,   0.642,  -0.600,9999.000,9999.000,9999.000,9999.000,9999.000,9999.000,9999.000
202603061018,   0.647,  -0.590,9999.000,9999.000,9999.000,9999.000,9999.000,9999.000,9999.000
202603061024,   0.652,  -0.570,9999.000,9999.000,9999.000,9999.000,9999.000,9999.000,9999.000
202603061030,   0.657,  -0.570,9999.000,9999.000,9999.000,9999.000,9999.000,9999.000,9999.000
202603061036,   0.663,  -0.560,9999.000,9999.000,9999.000,9999.000,9999.000,9999.000,9999.000
202603061042,   0.668,  -0.560,9999.000,9999.000,9999.000,9999.000,9999.000,9999.000,9999.000
202603061048,   0.674,  -0.560,9999.000,9999.000,9999.000,9999.000,9999.000,9999.000,9999.000
202603061054,   0.680,  -0.541,9999.000,9999.000,9999.000,9999.000,9999.000,9999.000,9999.000
202603061100,   0.686,  -0.531,   0.600,  -1.817,  -0.531,   0.600,  -0.531,   0.600,  -0.531
202603061106,   0.692,  -0.531,9999.000,9999.000,9999.000,9999.000,9999.000,9999.000,9999.000
202603061112,   0.698,  -0.518,9999.000,9999.000,9999.000,9999.000,9999.000,9999.000,9999.000
202603061118,   0.704,  -0.518,9999.000,9999.000,9999.000,9999.000,9999.000,9999.000,9999.000
202603061124,   0.710,  -0.498,9999.000,9999.000,9999.000,9999.000,9999.000,9999.000,9999.000
202603061130,   0.716,  -0.469,9999.000,9999.000,9999.000,9999.000,9999.000,9999.000,9999.000
202603061136,   0.722,  -0.419,9999.000,9999.000,9999.000,9999.000,9999.000,9999.000,9999.000
202603061142,   0.729,  -0.419,9999.000,9999.000,9999.000,9999.000,9999.000,9999.000,9999.000
202603061148,   0.735,  -0.400,9999.000,9999.000,9999.000,9999.000,9999.000,9999.000,9999.000
202603061154,   0.741,  -0.390,9999.000,9999.000,9999.000,9999.000,9999.000,9999.000,9999.000
202603061200,   0.747,  -0.390,   0.600,  -1.737,  -0.390,   0.600,  -0.390,   0.600,  -0.390
202603061206,   0.753,  -0.390,9999.000,9999.000,9999.000,9999.000,9999.000,9999.000,9999.000
202603061212,   0.758,  -0.380,9999.000,9999.000,9999.000,9999.000,9999.000,9999.000,9999.000
202603061218,   0.764,  -0.331,9999.000,9999.000,9999.000,9999.000,9999.000,9999.000,9999.000
202603061224,   0.769,  -0.308,9999.000,9999.000,9999.000,9999.000,9999.000,9999.000,9999.000
202603061230,   0.774,  -0.321,9999.000,9999.000,9999.000,9999.000,9999.000,9999.000,9999.000
202603061236,   0.780,  -0.321,9999.000,9999.000,9999.000,9999.000,9999.000,9999.000,9999.000
202603061242,   0.784,  -0.298,9999.000,9999.000,9999.000,9999.000,9999.000,9999.000,9999.000
202603061248,   0.789,  -0.298,9999.000,9999.000,9999.000,9999.000,9999.000,9999.000,9999.000
202603061254,   0.793,  -0.288,9999.000,9999.000,9999.000,9999.000,9999.000,9999.000,9999.000
202603061300,   0.797,  -0.288,   0.600,  -1.685,  -0.288,   0.600,  -0.288,   0.600,  -0.288
202603061306,   0.801,  -0.278,9999.000,9999.000,9999.000,9999.000,9999.000,9999.000,9999.000
202603061312,   0.805,  -0.278,9999.000,9999.000,9999.000,9999.000,9999.000,9999.000,9999.000
202603061318,   0.808,  -0.249,9999.000,9999.000,9999.000,9999.000,9999.000,9999.000,9999.000
202603061324,   0.811,  -0.249,9999.000,9999.000,9999.000,9999.000,9999.000,9999.000,9999.000
202603061330,   0.814,  -0.259,9999.000,9999.000,9999.000,9999.000,9999.000,9999.000,9999.000
202603061336,   0.816,  -0.259,9999.000,9999.000,9999.000,9999.000,9999.000,9999.000,9999.000
202603061342,   0.818,  -0.249,9999.000,9999.000,9999.000,9999.000,9999.000,9999.000,9999.000
202603061348,   0.820,  -0.249,9999.000,9999.000,9999.000,9999.000,9999.000,9999.000,9999.000
202603061354,   0.821,  -0.259,9999.000,9999.000,9999.000,9999.000,9999.000,9999.000,9999.000
202603061400,   0.822,  -0.259,   0.600,  -1.681,  -0.259,   0.600,  -0.259,   0.600,  -0.259
202603061406,   0.823,  -0.249,9999.000,9999.000,9999.000,9999.000,9999.000,9999.000,9999.000
202603061412,   0.823,  -0.268,9999.000,9999.000,9999.000,9999.000,9999.000,9999.000,9999.000
202603061418,   0.823,  -0.259,9999.000,9999.000,9999.000,9999.000,9999.000,9999.000,9999.000
202603061424,   0.823,  -0.259,9999.000,9999.000,9999.000,9999.000,9999.000,9999.000,9999.000
202603061430,   0.822,  -0.259,9999.000,9999.000,9999.000,9999.000,9999.000,9999.000,9999.000
202603061436,   0.821,  -0.259,9999.000,9999.000,9999.000,9999.000,9999.000,9999.000,9999.000
202603061442,   0.820,  -0.249,9999.000,9999.000,9999.000,9999.000,9999.000,9999.000,9999.000
202603061448,   0.819,  -0.249,9999.000,9999.000,9999.000,9999.000,9999.000,9999.000,9999.000
202603061454,   0.817,  -0.268,9999.000,9999.000,9999.000,9999.000,9999.000,9999.000,9999.000
202603061500,   0.815,  -0.298,   0.600,  -1.713,  -0.298,   0.600,  -0.298,   0.600,  -0.298
202603061506,   0.813,  -0.298,9999.000,9999.000,9999.000,9999.000,9999.000,9999.000,9999.000
202603061512,   0.810,  -0.259,9999.000,9999.000,9999.000,9999.000,9999.000,9999.000,9999.000
202603061518,   0.807,  -0.268,9999.000,9999.000,9999.000,9999.000,9999.000,9999.000,9999.000
202603061524,   0.805,  -0.278,9999.000,9999.000,9999.000,9999.000,9999.000,9999.000,9999.000
202603061530,   0.801,  -0.298,9999.000,9999.000,9999.000,9999.000,9999.000,9999.000,9999.000
202603061536,   0.798,  -0.288,9999.000,9999.000,9999.000,9999.000,9999.000,9999.000,9999.000
202603061542,   0.795,  -0.308,9999.000,9999.000,9999.000,9999.000,9999.000,9999.000,9999.000
202603061548,   0.791,  -0.308,9999.000,9999.000,9999.000,9999.000,9999.000,9999.000,9999.000
202603061554,   0.787,  -0.341,9999.000,9999.000,9999.000,9999.000,9999.000,9999.000,9999.000
202603061600,   0.783,  -0.321,   0.600,  -1.704,  -0.321,   0.600,  -0.321,   0.600,  -0.321
202603061606,   0.779,  -0.331,9999.000,9999.000,9999.000,9999.000,9999.000,9999.000,9999.000
202603061612,   0.775,  -0.298,9999.000,9999.000,9999.000,9999.000,9999.000,9999.000,9999.000
202603061618,   0.771,  -0.321,9999.000,9999.000,9999.000,9999.000,9999.000,9999.000,9999.000
202603061624,   0.767,  -0.308,9999.000,9999.000,9999.000,9999.000,9999.000,9999.000,9999.000
202603061630,   0.763,  -0.321,9999.000,9999.000,9999.000,9999.000,9999.000,9999.000,9999.000
202603061636,   0.759,  -0.321,9999.000,9999.000,9999.000,9999.000,9999.000,9999.000,9999.000
202603061642,   0.755,  -0.350,9999.000,9999.000,9999.000,9999.000,9999.000,9999.000,9999.000
202603061648,   0.750,  -0.360,9999.000,9999.000,9999.000,9999.000,9999.000,9999.000,9999.000
202603061654,   0.746,  -0.350,9999.000,9999.000,9999.000,9999.000,9999.000,9999.000,9999.000
202603061700,   0.742,  -0.331,   0.600,  -1.673,  -0.331,   0.600,  -0.331,   0.600,  -0.331
202603061706,   0.738,  -0.341,9999.000,9999.000,9999.000,9999.000,9999.000,9999.000,9999.000
202603061712,   0.734,  -0.350,9999.000,9999.000,9999.000,9999.000,9999.000,9999.000,9999.000
202603061718,   0.730,  -0.370,9999.000,9999.000,9999.000,9999.000,9999.000,9999.000,9999.000
202603061724,   0.726,  -0.390,9999.000,9999.000,9999.000,9999.000,9999.000,9999.000,9999.000
202603061730,   0.723,  -0.370,9999.000,9999.000,9999.000,9999.000,9999.000,9999.000,9999.000
202603061736,   0.719,  -0.380,9999.000,9999.000,9999.000,9999.000,9999.000,9999.000,9999.000
202603061742,   0.715,  -0.370,9999.000,9999.000,9999.000,9999.000,9999.000,9999.000,9999.000
202603061748,   0.712,  -0.390,9999.000,9999.000,9999.000,9999.000,9999.000,9999.000,9999.000
202603061754,   0.709,  -0.390,9999.000,9999.000,9999.000,9999.000,9999.000,9999.000,9999.000
202603061800,   0.706,  -0.390,   0.600,  -1.696,  -0.390,   0.600,  -0.390,   0.600,  -0.390
202603061806,   0.703,  -0.390,9999.000,9999.000,9999.000,9999.000,9999.000,9999.000,9999.000
202603061812,   0.700,  -0.400,9999.000,9999.000,9999.000,9999.000,9999.000,9999.000,9999.000
202603061818,   0.697,  -0.400,9999.000,9999.000,9999.000,9999.000,9999.000,9999.000,9999.000
202603061824,   0.695,  -0.400,9999.000,9999.000,9999.000,9999.000,9999.000,9999.000,9999.000
202603061830,   0.692,  -0.400,9999.000,9999.000,9999.000,9999.000,9999.000,9999.000,9999.000
202603061836,   0.690,  -0.429,9999.000,9999.000,9999.000,9999.000,9999.000,9999.000,9999.000
202603061842,   0.688,  -0.439,9999.000,9999.000,9999.000,9999.000,9999.000,9999.000,9999.000
202603061848,   0.686,  -0.409,9999.000,9999.000,9999.000,9999.000,9999.000,9999.000,9999.000
202603061854,   0.684,  -0.400,9999.000,9999.000,9999.000,9999.000,9999.000,9999.000,9999.000
202603061900,   0.682,  -0.419,   0.600,  -1.701,  -0.419,   0.600,  -0.419,   0.600,  -0.419
202603061906,   0.681,  -0.419,9999.000,9999.000,9999.000,9999.000,9999.000,9999.000,9999.000
202603061912,   0.680,  -0.409,9999.000,9999.000,9999.000,9999.000,9999.000,9999.000,9999.000
202603061918,   0.678,  -0.419,9999.000,9999.000,9999.000,9999.000,9999.000,9999.000,9999.000
202603061924,   0.677,  -0.429,9999.000,9999.000,9999.000,9999.000,9999.000,9999.000,9999.000
202603061930,   0.677,  -0.429,9999.000,9999.000,9999.000,9999.000,9999.000,9999.000,9999.000
202603061936,   0.676,  -0.419,9999.000,9999.000,9999.000,9999.000,9999.000,9999.000,9999.000
202603061942,   0.675,  -0.439,9999.000,9999.000,9999.000,9999.000,9999.000,9999.000,9999.000
202603061948,   0.675,  -0.439,9999.000,9999.000,9999.000,9999.000,9999.000,9999.000,9999.000
202603061954,   0.675,  -0.439,9999.000,9999.000,9999.000,9999.000,9999.000,9999.000,9999.000
202603062000,   0.675,  -0.459,   0.600,  -1.734,  -0.459,   0.600,  -0.459,   0.600,  -0.459
202603062006,   0.675,  -0.459,9999.000,9999.000,9999.000,9999.000,9999.000,9999.000,9999.000
202603062012,   0.675,  -0.449,9999.000,9999.000,9999.000,9999.000,9999.000,9999.000,9999.000
202603062018,   0.675,  -0.459,9999.000,9999.000,9999.000,9999.000,9999.000,9999.000,9999.000
202603062024,   0.675,  -0.449,9999.000,9999.000,9999.000,9999.000,9999.000,9999.000,9999.000
202603062030,   0.676,  -0.459,9999.000,9999.000,9999.000,9999.000,9999.000,9999.000,9999.000
202603062036,   0.677,  -0.488,9999.000,9999.000,9999.000,9999.000,9999.000,9999.000,9999.000
202603062042,   0.678,  -0.478,9999.000,9999.000,9999.000,9999.000,9999.000,9999.000,9999.000
202603062048,   0.679,  -0.498,9999.000,9999.000,9999.000,9999.000,9999.000,9999.000,9999.000
202603062054,   0.680,  -0.478,9999.000,9999.000,9999.000,9999.000,9999.000,9999.000,9999.000
202603062100,   0.681,  -0.469,   0.600,  -1.750,  -0.469,   0.600,  -0.469,   0.700,  -0.369
202603062106,   0.682,  -0.459,9999.000,9999.000,9999.000,9999.000,9999.000,9999.000,9999.000
202603062112,   0.684,  -0.469,9999.000,9999.000,9999.000,9999.000,9999.000,9999.000,9999.000
202603062118,   0.686,  -0.488,9999.000,9999.000,9999.000,9999.000,9999.000,9999.000,9999.000
202603062124,   0.687,  -0.488,9999.000,9999.000,9999.000,9999.000,9999.000,9999.000,9999.000
202603062130,   0.689,  -0.478,9999.000,9999.000,9999.000,9999.000,9999.000,9999.000,9999.000
202603062136,   0.691,  -0.478,9999.000,9999.000,9999.000,9999.000,9999.000,9999.000,9999.000
202603062142,   0.693,  -0.508,9999.000,9999.000,9999.000,9999.000,9999.000,9999.000,9999.000
202603062148,   0.695,  -0.531,9999.000,9999.000,9999.000,9999.000,9999.000,9999.000,9999.000
202603062154,   0.698,  -0.518,9999.000,9999.000,9999.000,9999.000,9999.000,9999.000,9999.000
202603062200,   0.700,  -0.508,   0.600,  -1.808,  -0.508,   0.600,  -0.508,   0.600,  -0.508
202603062206,   0.702,  -0.508,9999.000,9999.000,9999.000,9999.000,9999.000,9999.000,9999.000
202603062212,   0.705,  -0.488,9999.000,9999.000,9999.000,9999.000,9999.000,9999.000,9999.000
202603062218,   0.707,  -0.478,9999.000,9999.000,9999.000,9999.000,9999.000,9999.000,9999.000
202603062224,   0.710,  -0.498,9999.000,9999.000,9999.000,9999.000,9999.000,9999.000,9999.000
202603062230,   0.713,  -0.498,9999.000,9999.000,9999.000,9999.000,9999.000,9999.000,9999.000
202603062236,   0.716,  -0.508,9999.000,9999.000,9999.000,9999.000,9999.000,9999.000,9999.000
202603062242,   0.718,  -0.488,9999.000,9999.000,9999.000,9999.000,9999.000,9999.000,9999.000
202603062248,   0.721,  -0.488,9999.000,9999.000,9999.000,9999.000,9999.000,9999.000,9999.000
202603062254,   0.724,  -0.478,9999.000,9999.000,9999.000,9999.000,9999.000,9999.000,9999.000
202603062300,   0.727,  -0.478,   0.600,  -1.805,  -0.478,   0.600,  -0.478,   0.600,  -0.478
202603062306,   0.730,  -0.478,9999.000,9999.000,9999.000,9999.000,9999.000,9999.000,9999.000
202603062312,   0.732,  -0.478,9999.000,9999.000,9999.000,9999.000,9999.000,9999.000,9999.000
202603062318,   0.735,  -0.469,9999.000,9999.000,9999.000,9999.000,9999.000,9999.000,9999.000
202603062324,   0.738,  -0.459,9999.000,9999.000,9999.000,9999.000,9999.000,9999.000,9999.000
202603062330,   0.740,  -0.459,9999.000,9999.000,9999.000,9999.000,9999.000,9999.000,9999.000
202603062336,   0.743,  -0.449,9999.000,9999.000,9999.000,9999.000,9999.000,9999.000,9999.000
202603062342,   0.746,  -0.459,9999.000,9999.000,9999.000,9999.000,9999.000,9999.000,9999.000
202603062348,   0.748,  -0.459,9999.000,9999.000,9999.000,9999.000,9999.000,9999.000,9999.000
202603062354,   0.750,  -0.400,9999.000,9999.000,9999.000,9999.000,9999.000,9999.000,9999.000
202603070000,   0.753,  -0.449,   0.600,  -1.802,  -0.449,   0.600,  -0.449,   0.700,  -0.349
202603070006,   0.755,  -0.439,9999.000,9999.000,9999.000,9999.000,9999.000,9999.000,9999.000
202603070012,   0.757,  -0.409,9999.000,9999.000,9999.000,9999.000,9999.000,9999.000,9999.000
202603070018,   0.759,  -0.419,9999.000,9999.000,9999.000,9999.000,9999.000,9999.000,9999.000
202603070024,   0.760,  -0.419,9999.000,9999.000,9999.000,9999.000,9999.000,9999.000,9999.000
202603070030,   0.762,  -0.400,9999.000,9999.000,9999.000,9999.000,9999.000,9999.000,9999.000
202603070036,   0.763,  -0.409,9999.000,9999.000,9999.000,9999.000,9999.000,9999.000,9999.000
202603070042,   0.764,  -0.400,9999.000,9999.000,9999.000,9999.000,9999.000,9999.000,9999.000
202603070048,   0.765,  -0.409,9999.000,9999.000,9999.000,9999.000,9999.000,9999.000,9999.000
202603070054,   0.766,  -0.400,9999.000,9999.000,9999.000,9999.000,9999.000,9999.000,9999.000
202603070100,   0.766,  -0.400,   0.600,  -1.766,  -0.400,   0.600,  -0.400,   0.700,  -0.300
202603070106,   0.767,  -0.409,9999.000,9999.000,9999.000,9999.000,9999.000,9999.000,9999.000
202603070112,   0.767,  -0.409,9999.000,9999.000,9999.000,9999.000,9999.000,9999.000,9999.000
202603070118,   0.766,  -0.409,9999.000,9999.000,9999.000,9999.000,9999.000,9999.000,9999.000
202603070124,   0.766,  -0.419,9999.000,9999.000,9999.000,9999.000,9999.000,9999.000,9999.000
202603070130,   0.765,  -0.400,9999.000,9999.000,9999.000,9999.000,9999.000,9999.000,9999.000
202603070136,   0.764,  -0.400,9999.000,9999.000,9999.000,9999.000,9999.000,9999.000,9999.000
202603070142,   0.763,  -0.409,9999.000,9999.000,9999.000,9999.000,9999.000,9999.000,9999.000
202603070148,   0.762,  -0.400,9999.000,9999.000,9999.000,9999.000,9999.000,9999.000,9999.000
202603070154,   0.760,  -0.400,9999.000,9999.000,9999.000,9999.000,9999.000,9999.000,9999.000
202603070200,   0.758,  -0.409,   0.600,  -1.767,  -0.409,   0.600,  -0.409,   0.700,  -0.309
202603070206,   0.756,  -0.419,9999.000,9999.000,9999.000,9999.000,9999.000,9999.000,9999.000
202603070212,   0.754,  -0.419,9999.000,9999.000,9999.000,9999.000,9999.000,9999.000,9999.000
202603070218,   0.751,  -0.419,9999.000,9999.000,9999.000,9999.000,9999.000,9999.000,9999.000
202603070224,   0.748,  -0.429,9999.000,9999.000,9999.000,9999.000,9999.000,9999.000,9999.000
202603070230,   0.745,  -0.429,9999.000,9999.000,9999.000,9999.000,9999.000,9999.000,9999.000
202603070236,   0.742,  -0.449,9999.000,9999.000,9999.000,9999.000,9999.000,9999.000,9999.000
202603070242,   0.739,  -0.478,9999.000,9999.000,9999.000,9999.000,9999.000,9999.000,9999.000
202603070248,   0.735,  -0.469,9999.000,9999.000,9999.000,9999.000,9999.000,9999.000,9999.000
202603070254,   0.731,  -0.449,9999.000,9999.000,9999.000,9999.000,9999.000,9999.000,9999.000
202603070300,   0.727,  -0.469,   0.600,  -1.796,  -0.469,   0.600,  -0.469,   0.700,  -0.369
202603070306,   0.723,  -0.488,9999.000,9999.000,9999.000,9999.000,9999.000,9999.000,9999.000
202603070312,   0.719,  -0.488,9999.000,9999.000,9999.000,9999.000,9999.000,9999.000,9999.000
202603070318,   0.715,  -0.508,9999.000,9999.000,9999.000,9999.000,9999.000,9999.000,9999.000
202603070324,   0.710,  -0.518,9999.000,9999.000,9999.000,9999.000,9999.000,9999.000,9999.000
202603070330,   0.706,  -0.531,9999.000,9999.000,9999.000,9999.000,9999.000,9999.000,9999.000
202603070336,   0.701,  -0.531,9999.000,9999.000,9999.000,9999.000,9999.000,9999.000,9999.000
202603070342,   0.696,  -0.541,9999.000,9999.000,9999.000,9999.000,9999.000,9999.000,9999.000
202603070348,   0.692,  -0.570,9999.000,9999.000,9999.000,9999.000,9999.000,9999.000,9999.000
202603070354,   0.687,  -0.560,9999.000,9999.000,9999.000,9999.000,9999.000,9999.000,9999.000
202603070400,   0.682,  -0.570,   0.600,  -1.852,  -0.570,   0.600,  -0.570,   0.700,  -0.470
202603070406,   0.677,  -0.580,9999.000,9999.000,9999.000,9999.000,9999.000,9999.000,9999.000
202603070412,   0.672,  -0.580,9999.000,9999.000,9999.000,9999.000,9999.000,9999.000,9999.000
202603070418,   0.667,  -0.580,9999.000,9999.000,9999.000,9999.000,9999.000,9999.000,9999.000
202603070424,   0.662,  -0.590,9999.000,9999.000,9999.000,9999.000,9999.000,9999.000,9999.000
202603070430,   0.657,  -0.619,9999.000,9999.000,9999.000,9999.000,9999.000,9999.000,9999.000
202603070436,   0.653,  -0.619,9999.000,9999.000,9999.000,9999.000,9999.000,9999.000,9999.000
202603070442,   0.648,  -0.619,9999.000,9999.000,9999.000,9999.000,9999.000,9999.000,9999.000
202603070448,   0.643,  -0.619,9999.000,9999.000,9999.000,9999.000,9999.000,9999.000,9999.000
202603070454,   0.638,  -0.639,9999.000,9999.000,9999.000,9999.000,9999.000,9999.000,9999.000
202603070500,   0.634,  -0.649,   0.600,  -1.883,  -0.649,   0.600,  -0.649,   0.700,  -0.549
202603070506,   0.630,  -0.659,9999.000,9999.000,9999.000,9999.000,9999.000,9999.000,9999.000
202603070512,   0.625,  -0.669,9999.000,9999.000,9999.000,9999.000,9999.000,9999.000,9999.000
202603070518,   0.621,  -0.669,9999.000,9999.000,9999.000,9999.000,9999.000,9999.000,9999.000
202603070524,   0.617,  -0.678,9999.000,9999.000,9999.000,9999.000,9999.000,9999.000,9999.000
202603070530,   0.613,  -0.688,9999.000,9999.000,9999.000,9999.000,9999.000,9999.000,9999.000
202603070536,   0.609,  -0.688,9999.000,9999.000,9999.000,9999.000,9999.000,9999.000,9999.000
202603070542,   0.605,  -0.708,9999.000,9999.000,9999.000,9999.000,9999.000,9999.000,9999.000
202603070548,   0.602,  -0.718,9999.000,9999.000,9999.000,9999.000,9999.000,9999.000,9999.000
202603070554,   0.598,  -0.718,9999.000,9999.000,9999.000,9999.000,9999.000,9999.000,9999.000
202603070600,   0.595,  -0.708,   0.600,  -1.903,  -0.708,   0.600,  -0.708,   0.600,  -0.708
202603070606,   0.592,  -0.708,9999.000,9999.000,9999.000,9999.000,9999.000,9999.000,9999.000
202603070612,   0.589,  -0.731,9999.000,9999.000,9999.000,9999.000,9999.000,9999.000,9999.000
202603070618,   0.586,  -0.751,9999.000,9999.000,9999.000,9999.000,9999.000,9999.000,9999.000
202603070624,   0.583,  -0.751,9999.000,9999.000,9999.000,9999.000,9999.000,9999.000,9999.000
202603070630,   0.580,  -0.770,9999.000,9999.000,9999.000,9999.000,9999.000,9999.000,9999.000
202603070636,   0.578,  -0.760,9999.000,9999.000,9999.000,9999.000,9999.000,9999.000,9999.000
202603070642,   0.575,  -0.770,9999.000,9999.000,9999.000,9999.000,9999.000,9999.000,9999.000
202603070648,   0.573,  -0.770,9999.000,9999.000,9999.000,9999.000,9999.000,9999.000,9999.000
202603070654,   0.571,  -0.780,9999.000,9999.000,9999.000,9999.000,9999.000,9999.000,9999.000
202603070700,   0.569,  -0.790,   0.600,  -1.959,  -0.790,   0.600,  -0.790,   0.600,  -0.790
202603070706,   0.567,  -0.790,9999.000,9999.000,9999.000,9999.000,9999.000,9999.000,9999.000
202603070712,   0.566,  -0.780,9999.000,9999.000,9999.000,9999.000,9999.000,9999.000,9999.000
202603070718,   0.564,  -0.780,9999.000,9999.000,9999.000,9999.000,9999.000,9999.000,9999.000
202603070724,   0.563,  -0.790,9999.000,9999.000,9999.000,9999.000,9999.000,9999.000,9999.000
202603070730,   0.562,  -0.810,9999.000,9999.000,9999.000,9999.000,9999.000,9999.000,9999.000
202603070736,   0.561,  -0.800,9999.000,9999.000,9999.000,9999.000,9999.000,9999.000,9999.000
202603070742,   0.560,  -0.800,9999.000,9999.000,9999.000,9999.000,9999.000,9999.000,9999.000
202603070748,   0.559,  -0.800,9999.000,9999.000,9999.000,9999.000,9999.000,9999.000,9999.000
202603070754,   0.558,  -0.800,9999.000,9999.000,9999.000,9999.000,9999.000,9999.000,9999.000
202603070800,   0.558,  -0.810,   0.600,  -1.968,  -0.810,   0.600,  -0.810,   0.600,  -0.810
202603070806,   0.557,  -0.819,9999.000,9999.000,9999.000,9999.000,9999.000,9999.000,9999.000
202603070812,   0.557,  -0.819,9999.000,9999.000,9999.000,9999.000,9999.000,9999.000,9999.000
202603070818,   0.557,  -0.810,9999.000,9999.000,9999.000,9999.000,9999.000,9999.000,9999.000
202603070824,   0.557,  -0.800,9999.000,9999.000,9999.000,9999.000,9999.000,9999.000,9999.000
202603070830,   0.557,  -0.810,9999.000,9999.000,9999.000,9999.000,9999.000,9999.000,9999.000
202603070836,   0.558,  -0.819,9999.000,9999.000,9999.000,9999.000,9999.000,9999.000,9999.000
202603070842,   0.558,  -0.800,9999.000,9999.000,9999.000,9999.000,9999.000,9999.000,9999.000
202603070848,   0.559,  -0.810,9999.000,9999.000,9999.000,9999.000,9999.000,9999.000,9999.000
202603070854,   0.560,  -0.800,9999.000,9999.000,9999.000,9999.000,9999.000,9999.000,9999.000
202603070900,   0.561,  -0.790,   0.600,  -1.951,  -0.790,   0.600,  -0.790,   0.600,  -0.790
202603070906,   0.562,  -0.790,9999.000,9999.000,9999.000,9999.000,9999.000,9999.000,9999.000
202603070912,   0.563,  -0.790,9999.000,9999.000,9999.000,9999.000,9999.000,9999.000,9999.000
202603070918,   0.565,  -0.790,9999.000,9999.000,9999.000,9999.000,9999.000,9999.000,9999.000
202603070924,   0.567,  -0.780,9999.000,9999.000,9999.000,9999.000,9999.000,9999.000,9999.000
202603070930,   0.569,  -0.780,9999.000,9999.000,9999.000,9999.000,9999.000,9999.000,9999.000
202603070936,   0.571,  -0.770,9999.000,9999.000,9999.000,9999.000,9999.000,9999.000,9999.000
202603070942,   0.573,  -0.760,9999.000,9999.000,9999.000,9999.000,9999.000,9999.000,9999.000
202603070948,   0.576,  -0.751,9999.000,9999.000,9999.000,9999.000,9999.000,9999.000,9999.000
202603070954,   0.579,  -0.751,9999.000,9999.000,9999.000,9999.000,9999.000,9999.000,9999.000
202603071000,   0.582,  -0.731,   0.600,  -1.913,  -0.731,   0.600,  -0.731,   0.600,  -0.731
202603071006,   0.585,  -0.731,9999.000,9999.000,9999.000,9999.000,9999.000,9999.000,9999.000
202603071012,   0.589,  -0.731,9999.000,9999.000,9999.000,9999.000,9999.000,9999.000,9999.000
202603071018,   0.592,  -0.731,9999.000,9999.000,9999.000,9999.000,9999.000,9999.000,9999.000
202603071024,   0.596,  -0.698,9999.000,9999.000,9999.000,9999.000,9999.000,9999.000,9999.000
202603071030,   0.600,  -0.731,9999.000,9999.000,9999.000,9999.000,9999.000,9999.000,9999.000
202603071036,   0.605,  -0.731,9999.000,9999.000,9999.000,9999.000,9999.000,9999.000,9999.000
202603071042,   0.609,  -0.698,9999.000,9999.000,9999.000,9999.000,9999.000,9999.000,9999.000
202603071048,   0.614,  -0.688,9999.000,9999.000,9999.000,9999.000,9999.000,9999.000,9999.000
202603071054,   0.619,  -0.669,9999.000,9999.000,9999.000,9999.000,9999.000,9999.000,9999.000
202603071100,   0.624,  -0.669,   0.600,  -1.893,  -0.669,   0.600,  -0.669,   0.600,  -0.669
202603071106,   0.629,  -0.659,9999.000,9999.000,9999.000,9999.000,9999.000,9999.000,9999.000
202603071112,   0.635,  -0.639,9999.000,9999.000,9999.000,9999.000,9999.000,9999.000,9999.000
202603071118,   0.641,  -0.639,9999.000,9999.000,9999.000,9999.000,9999.000,9999.000,9999.000
202603071124,   0.647,  -0.610,9999.000,9999.000,9999.000,9999.000,9999.000,9999.000,9999.000
202603071130,   0.653,  -0.619,9999.000,9999.000,9999.000,9999.000,9999.000,9999.000,9999.000
202603071136,   0.659,  -0.610,9999.000,9999.000,9999.000,9999.000,9999.000,9999.000,9999.000
202603071142,   0.665,  -0.600,9999.000,9999.000,9999.000,9999.000,9999.000,9999.000,9999.000
202603071148,   0.671,  -0.551,9999.000,9999.000,9999.000,9999.000,9999.000,9999.000,9999.000
202603071154,   0.678,  -0.560,9999.000,9999.000,9999.000,9999.000,9999.000,9999.000,9999.000
202603071200,   0.685,  -0.560,   0.600,  -1.845,  -0.560,   0.600,  -0.560,   0.600,  -0.560
202603071206,   0.691,  -0.560,9999.000,9999.000,9999.000,9999.000,9999.000,9999.000,9999.000
202603071212,   0.698,  -0.541,9999.000,9999.000,9999.000,9999.000,9999.000,9999.000,9999.000
202603071218,   0.705,  -0.531,9999.000,9999.000,9999.000,9999.000,9999.000,9999.000,9999.000
202603071224,   0.712,  -0.518,9999.000,9999.000,9999.000,9999.000,9999.000,9999.000,9999.000
202603071230,   0.718,  -0.498,9999.000,9999.000,9999.000,9999.000,9999.000,9999.000,9999.000
202603071236,   0.725,  -0.469,9999.000,9999.000,9999.000,9999.000,9999.000,9999.000,9999.000
202603071242,   0.732,  -0.459,9999.000,9999.000,9999.000,9999.000,9999.000,9999.000,9999.000
202603071248,   0.739,  -0.449,9999.000,9999.000,9999.000,9999.000,9999.000,9999.000,9999.000
202603071254,   0.745,  -0.429,9999.000,9999.000,9999.000,9999.000,9999.000,9999.000,9999.000
202603071300,   0.752,  -0.409,   0.600,  -1.761,  -0.409,   0.600,  -0.409,   0.600,  -0.409
202603071306,   0.758,  -0.400,9999.000,9999.000,9999.000,9999.000,9999.000,9999.000,9999.000
202603071312,   0.765,  -0.370,9999.000,9999.000,9999.000,9999.000,9999.000,9999.000,9999.000
202603071318,   0.771,  -0.360,9999.000,9999.000,9999.000,9999.000,9999.000,9999.000,9999.000
202603071324,   0.777,  -0.350,9999.000,9999.000,9999.000,9999.000,9999.000,9999.000,9999.000
202603071330,   0.783,  -0.331,9999.000,9999.000,9999.000,9999.000,9999.000,9999.000,9999.000
202603071336,   0.788,  -0.308,9999.000,9999.000,9999.000,9999.000,9999.000,9999.000,9999.000
202603071342,   0.794,  -0.321,9999.000,9999.000,9999.000,9999.000,9999.000,9999.000,9999.000
202603071348,   0.799,  -0.278,9999.000,9999.000,9999.000,9999.000,9999.000,9999.000,9999.000
202603071354,   0.804,  -0.278,9999.000,9999.000,9999.000,9999.000,9999.000,9999.000,9999.000
202603071400,   0.809,  -0.268,   0.600,  -1.677,  -0.268,   0.600,  -0.268,   0.600,  -0.268
202603071406,   0.813,  -0.249,9999.000,9999.000,9999.000,9999.000,9999.000,9999.000,9999.000
202603071412,   0.817,  -0.249,9999.000,9999.000,9999.000,9999.000,9999.000,9999.000,9999.000
202603071418,   0.821,  -0.229,9999.000,9999.000,9999.000,9999.000,9999.000,9999.000,9999.000
202603071424,   0.825,  -0.239,9999.000,9999.000,9999.000,9999.000,9999.000,9999.000,9999.000
202603071430,   0.828,  -0.239,9999.000,9999.000,9999.000,9999.000,9999.000,9999.000,9999.000
202603071436,   0.831,  -0.219,9999.000,9999.000,9999.000,9999.000,9999.000,9999.000,9999.000
202603071442,   0.834,  -0.209,9999.000,9999.000,9999.000,9999.000,9999.000,9999.000,9999.000
202603071448,   0.836,  -0.200,9999.000,9999.000,9999.000,9999.000,9999.000,9999.000,9999.000
202603071454,   0.838,  -0.229,9999.000,9999.000,9999.000,9999.000,9999.000,9999.000,9999.000
202603071500,   0.840,  -0.229,   0.600,  -1.669,  -0.229,   0.600,  -0.229,   0.600,  -0.229
202603071506,   0.842,  -0.219,9999.000,9999.000,9999.000,9999.000,9999.000,9999.000,9999.000
202603071512,   0.843,  -0.219,9999.000,9999.000,9999.000,9999.000,9999.000,9999.000,9999.000
202603071518,   0.844,  -0.209,9999.000,9999.000,9999.000,9999.000,9999.000,9999.000,9999.000
202603071524,   0.844,  -0.200,9999.000,9999.000,9999.000,9999.000,9999.000,9999.000,9999.000
202603071530,   0.844,  -0.209,9999.000,9999.000,9999.000,9999.000,9999.000,9999.000,9999.000
202603071536,   0.844,  -0.200,9999.000,9999.000,9999.000,9999.000,9999.000,9999.000,9999.000
202603071542,   0.844,  -0.190,9999.000,9999.000,9999.000,9999.000,9999.000,9999.000,9999.000
202603071548,   0.844,  -0.200,9999.000,9999.000,9999.000,9999.000,9999.000,9999.000,9999.000
202603071554,   0.843,  -0.219,9999.000,9999.000,9999.000,9999.000,9999.000,9999.000,9999.000
202603071600,   0.842,  -0.219,   0.600,  -1.661,  -0.219,   0.600,  -0.219,   0.600,  -0.219
202603071606,   0.840,  -0.249,9999.000,9999.000,9999.000,9999.000,9999.000,9999.000,9999.000
202603071612,   0.839,  -0.278,9999.000,9999.000,9999.000,9999.000,9999.000,9999.000,9999.000
202603071618,   0.837,  -0.249,9999.000,9999.000,9999.000,9999.000,9999.000,9999.000,9999.000
202603071624,   0.835,  -0.209,9999.000,9999.000,9999.000,9999.000,9999.000,9999.000,9999.000
202603071630,   0.833,  -0.229,9999.000,9999.000,9999.000,9999.000,9999.000,9999.000,9999.000
202603071636,   0.831,  -0.268,9999.000,9999.000,9999.000,9999.000,9999.000,9999.000,9999.000
202603071642,   0.828,  -0.268,9999.000,9999.000,9999.000,9999.000,9999.000,9999.000,9999.000
202603071648,   0.826,  -0.278,9999.000,9999.000,9999.000,9999.000,9999.000,9999.000,9999.000
202603071654,   0.823,  -0.308,9999.000,9999.000,9999.000,9999.000,9999.000,9999.000,9999.000
202603071700,   0.820,  -0.298,   0.600,  -1.718,  -0.298,   0.600,  -0.298,   0.700,  -0.198
202603071706,   0.817,  -0.288,9999.000,9999.000,9999.000,9999.000,9999.000,9999.000,9999.000
202603071712,   0.814,  -0.298,9999.000,9999.000,9999.000,9999.000,9999.000,9999.000,9999.000
202603071718,   0.811,  -0.331,9999.000,9999.000,9999.000,9999.000,9999.000,9999.000,9999.000
202603071724,   0.808,  -0.341,9999.000,9999.000,9999.000,9999.000,9999.000,9999.000,9999.000
202603071730,   0.805,  -0.331,9999.000,9999.000,9999.000,9999.000,9999.000,9999.000,9999.000
202603071736,   0.802,  -0.331,9999.000,9999.000,9999.000,9999.000,9999.000,9999.000,9999.000
202603071742,   0.799,  -0.331,9999.000,9999.000,9999.000,9999.000,9999.000,9999.000,9999.000
202603071748,   0.796,  -0.341,9999.000,9999.000,9999.000,9999.000,9999.000,9999.000,9999.000
202603071754,   0.793,  -0.360,9999.000,9999.000,9999.000,9999.000,9999.000,9999.000,9999.000
202603071800,   0.790,  -0.370,   0.600,  -1.760,  -0.370,   0.600,  -0.370,   0.600,  -0.370
202603071806,   0.787,  -0.370,9999.000,9999.000,9999.000,9999.000,9999.000,9999.000,9999.000
202603071812,   0.784,  -0.370,9999.000,9999.000,9999.000,9999.000,9999.000,9999.000,9999.000
202603071818,   0.781,  -0.370,9999.000,9999.000,9999.000,9999.000,9999.000,9999.000,9999.000
202603071824,   0.778,  -0.380,9999.000,9999.000,9999.000,9999.000,9999.000,9999.000,9999.000
202603071830,   0.776,  -0.380,9999.000,9999.000,9999.000,9999.000,9999.000,9999.000,9999.000
202603071836,   0.773,  -0.409,9999.000,9999.000,9999.000,9999.000,9999.000,9999.000,9999.000
202603071842,   0.771,  -0.409,9999.000,9999.000,9999.000,9999.000,9999.000,9999.000,9999.000
202603071848,   0.768,  -0.409,9999.000,9999.000,9999.000,9999.000,9999.000,9999.000,9999.000
202603071854,   0.766,  -0.409,9999.000,9999.000,9999.000,9999.000,9999.000,9999.000,9999.000
202603071900,   0.764,  -0.400,   0.600,  -1.764,  -0.400,   0.600,  -0.400,   0.700,  -0.300
202603071906,   0.762,  -0.409,9999.000,9999.000,9999.000,9999.000,9999.000,9999.000,9999.000
202603071912,   0.760,  -0.409,9999.000,9999.000,9999.000,9999.000,9999.000,9999.000,9999.000
202603071918,   0.759,  -0.390,9999.000,9999.000,9999.000,9999.000,9999.000,9999.000,9999.000
202603071924,   0.757,  -0.390,9999.000,9999.000,9999.000,9999.000,9999.000,9999.000,9999.000
202603071930,   0.756,  -0.390,9999.000,9999.000,9999.000,9999.000,9999.000,9999.000,9999.000
202603071936,   0.755,  -0.390,9999.000,9999.000,9999.000,9999.000,9999.000,9999.000,9999.000
202603071942,   0.754,  -0.400,9999.000,9999.000,9999.000,9999.000,9999.000,9999.000,9999.000
202603071948,   0.753,  -0.390,9999.000,9999.000,9999.000,9999.000,9999.000,9999.000,9999.000
202603071954,   0.752,  -0.360,9999.000,9999.000,9999.000,9999.000,9999.000,9999.000,9999.000
202603072000,   0.751,  -0.350,   0.600,  -1.701,  -0.350,   0.600,  -0.350,   0.700,  -0.250
202603072006,   0.751,  -0.360,9999.000,9999.000,9999.000,9999.000,9999.000,9999.000,9999.000
202603072012,   0.750,  -0.360,9999.000,9999.000,9999.000,9999.000,9999.000,9999.000,9999.000
202603072018,   0.750,  -0.350,9999.000,9999.000,9999.000,9999.000,9999.000,9999.000,9999.000
202603072024,   0.750,  -0.370,9999.000,9999.000,9999.000,9999.000,9999.000,9999.000,9999.000
202603072030,   0.750,  -0.341,9999.000,9999.000,9999.000,9999.000,9999.000,9999.000,9999.000
202603072036,   0.751,  -0.308,9999.000,9999.000,9999.000,9999.000,9999.000,9999.000,9999.000
202603072042,   0.751,  -0.298,9999.000,9999.000,9999.000,9999.000,9999.000,9999.000,9999.000
202603072048,   0.751,  -0.308,9999.000,9999.000,9999.000,9999.000,9999.000,9999.000,9999.000
202603072054,   0.752,  -0.298,9999.000,9999.000,9999.000,9999.000,9999.000,9999.000,9999.000
202603072100,   0.753,  -0.308,   0.600,  -1.661,  -0.308,   0.600,  -0.308,   0.700,  -0.208
202603072106,   0.753,  -0.298,9999.000,9999.000,9999.000,9999.000,9999.000,9999.000,9999.000
202603072112,   0.754,  -0.288,9999.000,9999.000,9999.000,9999.000,9999.000,9999.000,9999.000
202603072118,   0.755,  -0.278,9999.000,9999.000,9999.000,9999.000,9999.000,9999.000,9999.000
202603072124,   0.756,  -0.278,9999.000,9999.000,9999.000,9999.000,9999.000,9999.000,9999.000
202603072130,   0.758,  -0.278,9999.000,9999.000,9999.000,9999.000,9999.000,9999.000,9999.000
202603072136,   0.759,  -0.268,9999.000,9999.000,9999.000,9999.000,9999.000,9999.000,9999.000
202603072142,   0.760,  -0.259,9999.000,9999.000,9999.000,9999.000,9999.000,9999.000,9999.000
202603072148,   0.762,  -0.268,9999.000,9999.000,9999.000,9999.000,9999.000,9999.000,9999.000
202603072154,   0.763,  -0.278,9999.000,9999.000,9999.000,9999.000,9999.000,9999.000,9999.000
202603072200,   0.765,  -0.259,   0.600,  -1.624,  -0.259,   0.600,  -0.259,   0.700,  -0.159
202603072206,   0.766,  -0.268,9999.000,9999.000,9999.000,9999.000,9999.000,9999.000,9999.000
202603072212,   0.768,  -0.278,9999.000,9999.000,9999.000,9999.000,9999.000,9999.000,9999.000
202603072218,   0.769,  -0.278,9999.000,9999.000,9999.000,9999.000,9999.000,9999.000,9999.000
202603072224,   0.771,  -0.278,9999.000,9999.000,9999.000,9999.000,9999.000,9999.000,9999.000
202603072230,   0.773,  -0.288,9999.000,9999.000,9999.000,9999.000,9999.000,9999.000,9999.000
202603072236,   0.774,  -0.298,9999.000,9999.000,9999.000,9999.000,9999.000,9999.000,9999.000
202603072242,   0.776,  -0.298,9999.000,9999.000,9999.000,9999.000,9999.000,9999.000,9999.000
202603072248,   0.778,  -0.288,9999.000,9999.000,9999.000,9999.000,9999.000,9999.000,9999.000
202603072254,   0.780,  -0.308,9999.000,9999.000,9999.000,9999.000,9999.000,9999.000,9999.000
202603072300,   0.781,  -0.321,   0.600,  -1.702,  -0.321,   0.600,  -0.321,   0.700,  -0.221
202603072306,   0.783,  -0.298,9999.000,9999.000,9999.000,9999.000,9999.000,9999.000,9999.000
202603072312,   0.785,  -0.288,9999.000,9999.000,9999.000,9999.000,9999.000,9999.000,9999.000
202603072318,   0.786,  -0.298,9999.000,9999.000,9999.000,9999.000,9999.000,9999.000,9999.000
202603072324,   0.788,  -0.298,9999.000,9999.000,9999.000,9999.000,9999.000,9999.000,9999.000
202603072330,   0.789,  -0.298,9999.000,9999.000,9999.000,9999.000,9999.000,9999.000,9999.000
202603072336,   0.791,  -0.321,9999.000,9999.000,9999.000,9999.000,9999.000,9999.000,9999.000
202603072342,   0.792,  -0.321,9999.000,9999.000,9999.000,9999.000,9999.000,9999.000,9999.000
202603072348,   0.793,  -0.298,9999.000,9999.000,9999.000,9999.000,9999.000,9999.000,9999.000
202603072354,   0.795,  -0.331,9999.000,9999.000,9999.000,9999.000,9999.000,9999.000,9999.000
202603080000,   0.796,  -0.308,   0.600,  -1.704,  -0.308,   0.600,  -0.308,   0.600,  -0.308
202603080006,   0.797,  -0.308,9999.000,9999.000,9999.000,9999.000,9999.000,9999.000,9999.000
202603080012,   0.798,  -0.321,9999.000,9999.000,9999.000,9999.000,9999.000,9999.000,9999.000
202603080018,   0.798,  -0.331,9999.000,9999.000,9999.000,9999.000,9999.000,9999.000,9999.000
202603080024,   0.799,  -0.341,9999.000,9999.000,9999.000,9999.000,9999.000,9999.000,9999.000
202603080030,   0.800,  -0.331,9999.000,9999.000,9999.000,9999.000,9999.000,9999.000,9999.000
202603080036,   0.800,  -0.308,9999.000,9999.000,9999.000,9999.000,9999.000,9999.000,9999.000
202603080042,   0.800,  -0.308,9999.000,9999.000,9999.000,9999.000,9999.000,9999.000,9999.000
202603080048,   0.800,  -0.308,9999.000,9999.000,9999.000,9999.000,9999.000,9999.000,9999.000
202603080054,   0.800,  -0.308,9999.000,9999.000,9999.000,9999.000,9999.000,9999.000,9999.000
202603080100,   0.800,  -0.288,   0.600,  -1.688,  -0.288,   0.600,  -0.288,   0.600,  -0.288
202603080106,   0.800,  -0.288,9999.000,9999.000,9999.000,9999.000,9999.000,9999.000,9999.000
202603080112,   0.799,  -0.298,9999.000,9999.000,9999.000,9999.000,9999.000,9999.000,9999.000
202603080118,   0.798,  -0.288,9999.000,9999.000,9999.000,9999.000,9999.000,9999.000,9999.000
202603080124,   0.798,  -0.288,9999.000,9999.000,9999.000,9999.000,9999.000,9999.000,9999.000
202603080130,   0.796,  -0.298,9999.000,9999.000,9999.000,9999.000,9999.000,9999.000,9999.000
202603080136,   0.795,  -0.331,9999.000,9999.000,9999.000,9999.000,9999.000,9999.000,9999.000
202603080142,   0.794,  -0.308,9999.000,9999.000,9999.000,9999.000,9999.000,9999.000,9999.000
202603080148,   0.792,  -0.308,9999.000,9999.000,9999.000,9999.000,9999.000,9999.000,9999.000
202603080154,   0.790,  -0.321,9999.000,9999.000,9999.000,9999.000,9999.000,9999.000,9999.000
202603080200,   0.788,  -0.341,   0.600,  -1.729,  -0.341,   0.600,  -0.341,   0.600,  -0.341
202603080206,   0.786,  -0.331,9999.000,9999.000,9999.000,9999.000,9999.000,9999.000,9999.000
202603080212,   0.784,  -0.308,9999.000,9999.000,9999.000,9999.000,9999.000,9999.000,9999.000
202603080218,   0.781,  -0.341,9999.000,9999.000,9999.000,9999.000,9999.000,9999.000,9999.000
202603080224,   0.778,  -0.360,9999.000,9999.000,9999.000,9999.000,9999.000,9999.000,9999.000
202603080230,   0.775,  -0.331,9999.000,9999.000,9999.000,9999.000,9999.000,9999.000,9999.000
202603080236,   0.772,  -0.331,9999.000,9999.000,9999.000,9999.000,9999.000,9999.000,9999.000
202603080242,   0.769,  -0.331,9999.000,9999.000,9999.000,9999.000,9999.000,9999.000,9999.000
202603080248,   0.765,  -0.321,9999.000,9999.000,9999.000,9999.000,9999.000,9999.000,9999.000
202603080254,   0.762,  -0.350,9999.000,9999.000,9999.000,9999.000,9999.000,9999.000,9999.000
202603080300,   0.758,  -0.370,   0.600,  -1.728,  -0.370,   0.600,  -0.370,   0.600,  -0.370
202603080306,   0.754,  -0.370,9999.000,9999.000,9999.000,9999.000,9999.000,9999.000,9999.000
202603080312,   0.750,  -0.370,9999.000,9999.000,9999.000,9999.000,9999.000,9999.000,9999.000
202603080318,   0.746,  -0.390,9999.000,9999.000,9999.000,9999.000,9999.000,9999.000,9999.000
202603080324,   0.741,  -0.409,9999.000,9999.000,9999.000,9999.000,9999.000,9999.000,9999.000
202603080330,   0.737,  -0.409,9999.000,9999.000,9999.000,9999.000,9999.000,9999.000,9999.000
202603080336,   0.733,  -0.419,9999.000,9999.000,9999.000,9999.000,9999.000,9999.000,9999.000
202603080342,   0.728,  -0.439,9999.000,9999.000,9999.000,9999.000,9999.000,9999.000,9999.000
202603080348,   0.723,  -0.439,9999.000,9999.000,9999.000,9999.000,9999.000,9999.000,9999.000
202603080354,   0.718,  -0.439,9999.000,9999.000,9999.000,9999.000,9999.000,9999.000,9999.000
202603080400,   0.714,  -0.449,   0.600,  -1.763,  -0.449,   0.600,  -0.449,   0.600,  -0.449
202603080406,   0.709,  -0.459,9999.000,9999.000,9999.000,9999.000,9999.000,9999.000,9999.000
202603080412,   0.704,  -0.449,9999.000,9999.000,9999.000,9999.000,9999.000,9999.000,9999.000
202603080418,   0.699,  -0.478,9999.000,9999.000,9999.000,9999.000,9999.000,9999.000,9999.000
202603080424,   0.694,  -0.498,9999.000,9999.000,9999.000,9999.000,9999.000,9999.000,9999.000
202603080430,   0.689,  -0.508,9999.000,9999.000,9999.000,9999.000,9999.000,9999.000,9999.000
202603080436,   0.684,  -0.518,9999.000,9999.000,9999.000,9999.000,9999.000,9999.000,9999.000
202603080442,   0.679,  -0.541,9999.000,9999.000,9999.000,9999.000,9999.000,9999.000,9999.000
202603080448,   0.674,  -0.551,9999.000,9999.000,9999.000,9999.000,9999.000,9999.000,9999.000
202603080454,   0.669,  -0.560,9999.000,9999.000,9999.000,9999.000,9999.000,9999.000,9999.000
202603080500,   0.664,  -0.570,   0.600,  -1.834,  -0.570,   0.600,  -0.570,   0.600,  -0.570
202603080506,   0.659,  -0.580,9999.000,9999.000,9999.000,9999.000,9999.000,9999.000,9999.000
202603080512,   0.654,  -0.590,9999.000,9999.000,9999.000,9999.000,9999.000,9999.000,9999.000
202603080518,   0.649,  -0.590,9999.000,9999.000,9999.000,9999.000,9999.000,9999.000,9999.000
202603080524,   0.644,  -0.600,9999.000,9999.000,9999.000,9999.000,9999.000,9999.000,9999.000
202603080530,   0.640,  -0.610,9999.000,9999.000,9999.000,9999.000,9999.000,9999.000,9999.000
202603080536,   0.635,  -0.610,9999.000,9999.000,9999.000,9999.000,9999.000,9999.000,9999.000
202603080542,   0.631,  -0.619,9999.000,9999.000,9999.000,9999.000,9999.000,9999.000,9999.000
202603080548,   0.626,  -0.629,9999.000,9999.000,9999.000,9999.000,9999.000,9999.000,9999.000
202603080554,   0.622,  -0.639,9999.000,9999.000,9999.000,9999.000,9999.000,9999.000,9999.000
202603080600,   0.618,  -0.649,   0.600,  -1.867,  -0.649,   0.600,  -0.649,   0.600,  -0.649
202603080606,   0.614,  -0.659,9999.000,9999.000,9999.000,9999.000,9999.000,9999.000,9999.000
202603080612,   0.610,  -0.659,9999.000,9999.000,9999.000,9999.000,9999.000,9999.000,9999.000
202603080618,   0.606,  -0.669,9999.000,9999.000,9999.000,9999.000,9999.000,9999.000,9999.000
202603080624,   0.602,  -0.659,9999.000,9999.000,9999.000,9999.000,9999.000,9999.000,9999.000
202603080630,   0.599,  -0.678,9999.000,9999.000,9999.000,9999.000,9999.000,9999.000,9999.000
202603080636,   0.595,  -0.688,9999.000,9999.000,9999.000,9999.000,9999.000,9999.000,9999.000
202603080642,   0.592,  -0.688,9999.000,9999.000,9999.000,9999.000,9999.000,9999.000,9999.000
202603080648,   0.589,  -0.708,9999.000,9999.000,9999.000,9999.000,9999.000,9999.000,9999.000
202603080654,   0.586,  -0.708,9999.000,9999.000,9999.000,9999.000,9999.000,9999.000,9999.000
202603080700,   0.583,  -0.708,   0.600,  -1.891,  -0.708,   0.600,  -0.708,   0.600,  -0.708
202603080706,   0.580,  -0.708,9999.000,9999.000,9999.000,9999.000,9999.000,9999.000,9999.000
202603080712,   0.577,  -0.731,9999.000,9999.000,9999.000,9999.000,9999.000,9999.000,9999.000
202603080718,   0.574,  -0.731,9999.000,9999.000,9999.000,9999.000,9999.000,9999.000,9999.000
202603080724,   0.572,  -0.731,9999.000,9999.000,9999.000,9999.000,9999.000,9999.000,9999.000
202603080730,   0.569,  -0.731,9999.000,9999.000,9999.000,9999.000,9999.000,9999.000,9999.000
202603080736,   0.567,  -0.741,9999.000,9999.000,9999.000,9999.000,9999.000,9999.000,9999.000
202603080742,   0.565,  -0.751,9999.000,9999.000,9999.000,9999.000,9999.000,9999.000,9999.000
202603080748,   0.563,  -0.751,9999.000,9999.000,9999.000,9999.000,9999.000,9999.000,9999.000
202603080754,   0.561,  -0.751,9999.000,9999.000,9999.000,9999.000,9999.000,9999.000,9999.000
202603080800,   0.559,  -0.760,   0.600,  -1.919,  -0.760,   0.600,  -0.760,   0.600,  -0.760
202603080806,   0.557,  -0.751,9999.000,9999.000,9999.000,9999.000,9999.000,9999.000,9999.000
202603080812,   0.556,  -0.741,9999.000,9999.000,9999.000,9999.000,9999.000,9999.000,9999.000
202603080818,   0.554,  -0.731,9999.000,9999.000,9999.000,9999.000,9999.000,9999.000,9999.000
202603080824,   0.553,  -0.731,9999.000,9999.000,9999.000,9999.000,9999.000,9999.000,9999.000
202603080830,   0.552,  -0.741,9999.000,9999.000,9999.000,9999.000,9999.000,9999.000,9999.000
202603080836,   0.551,  -0.751,9999.000,9999.000,9999.000,9999.000,9999.000,9999.000,9999.000
202603080842,   0.550,  -0.760,9999.000,9999.000,9999.000,9999.000,9999.000,9999.000,9999.000
202603080848,   0.549,  -0.790,9999.000,9999.000,9999.000,9999.000,9999.000,9999.000,9999.000
202603080854,   0.548,  -0.780,9999.000,9999.000,9999.000,9999.000,9999.000,9999.000,9999.000
202603080900,   0.548,  -0.770,   0.600,  -1.918,  -0.770,   0.600,  -0.770,   0.600,  -0.770
202603080906,   0.547,  -0.770,9999.000,9999.000,9999.000,9999.000,9999.000,9999.000,9999.000
202603080912,   0.547,  -0.790,9999.000,9999.000,9999.000,9999.000,9999.000,9999.000,9999.000
202603080918,   0.547,  -0.800,9999.000,9999.000,9999.000,9999.000,9999.000,9999.000,9999.000
202603080924,   0.547,  -0.790,9999.000,9999.000,9999.000,9999.000,9999.000,9999.000,9999.000
202603080930,   0.547,  -0.800,9999.000,9999.000,9999.000,9999.000,9999.000,9999.000,9999.000
202603080936,   0.548,  -0.800,9999.000,9999.000,9999.000,9999.000,9999.000,9999.000,9999.000
202603080942,   0.548,  -0.800,9999.000,9999.000,9999.000,9999.000,9999.000,9999.000,9999.000
202603080948,   0.549,  -0.790,9999.000,9999.000,9999.000,9999.000,9999.000,9999.000,9999.000
202603080954,   0.550,  -0.800,9999.000,9999.000,9999.000,9999.000,9999.000,9999.000,9999.000
202603081000,   0.551,  -0.810,   0.600,  -1.961,  -0.810,   0.600,  -0.810,   0.600,  -0.810
202603081006,   0.552,  -0.790,9999.000,9999.000,9999.000,9999.000,9999.000,9999.000,9999.000
202603081012,   0.554,  -0.760,9999.000,9999.000,9999.000,9999.000,9999.000,9999.000,9999.000
202603081018,   0.555,  -0.760,9999.000,9999.000,9999.000,9999.000,9999.000,9999.000,9999.000
202603081024,   0.557,  -0.780,9999.000,9999.000,9999.000,9999.000,9999.000,9999.000,9999.000
202603081030,   0.559,  -0.770,9999.000,9999.000,9999.000,9999.000,9999.000,9999.000,9999.000
202603081036,   0.562,  -0.780,9999.000,9999.000,9999.000,9999.000,9999.000,9999.000,9999.000
202603081042,   0.564,  -0.780,9999.000,9999.000,9999.000,9999.000,9999.000,9999.000,9999.000
202603081048,   0.567,  -0.770,9999.000,9999.000,9999.000,9999.000,9999.000,9999.000,9999.000
202603081054,   0.570,  -0.770,9999.000,9999.000,9999.000,9999.000,9999.000,9999.000,9999.000
202603081100,   0.573,  -0.770,   0.600,  -1.943,  -0.770,   0.600,  -0.770,   0.600,  -0.770
202603081106,   0.577,  -0.770,9999.000,9999.000,9999.000,9999.000,9999.000,9999.000,9999.000
202603081112,   0.580,  -0.780,9999.000,9999.000,9999.000,9999.000,9999.000,9999.000,9999.000
202603081118,   0.584,  -0.770,9999.000,9999.000,9999.000,9999.000,9999.000,9999.000,9999.000
202603081124,   0.589,  -0.770,9999.000,9999.000,9999.000,9999.000,9999.000,9999.000,9999.000
202603081130,   0.593,  -0.760,9999.000,9999.000,9999.000,9999.000,9999.000,9999.000,9999.000
202603081136,   0.598,  -0.760,9999.000,9999.000,9999.000,9999.000,9999.000,9999.000,9999.000
202603081142,   0.602,  -0.751,9999.000,9999.000,9999.000,9999.000,9999.000,9999.000,9999.000
202603081148,   0.607,  -0.760,9999.000,9999.000,9999.000,9999.000,9999.000,9999.000,9999.000
202603081154,   0.613,9999.000,9999.000,9999.000,9999.000,9999.000,9999.000,9999.000,9999.000
202603081200,   0.618,9999.000,   0.600,  -1.927,  -0.709,   0.600,  -0.709,   0.600,  -0.709
202603081206,   0.624,9999.000,9999.000,9999.000,9999.000,9999.000,9999.000,9999.000,9999.000
202603081212,   0.630,9999.000,9999.000,9999.000,9999.000,9999.000,9999.000,9999.000,9999.000
202603081218,   0.636,9999.000,9999.000,9999.000,9999.000,9999.000,9999.000,9999.000,9999.000
202603081224,   0.642,9999.000,9999.000,9999.000,9999.000,9999.000,9999.000,9999.000,9999.000
202603081230,   0.649,9999.000,9999.000,9999.000,9999.000,9999.000,9999.000,9999.000,9999.000
202603081236,   0.655,9999.000,9999.000,9999.000,9999.000,9999.000,9999.000,9999.000,9999.000
202603081242,   0.662,9999.000,9999.000,9999.000,9999.000,9999.000,9999.000,9999.000,9999.000
202603081248,   0.669,9999.000,9999.000,9999.000,9999.000,9999.000,9999.000,9999.000,9999.000
202603081254,   0.676,9999.000,9999.000,9999.000,9999.000,9999.000,9999.000,9999.000,9999.000
202603081300,   0.683,9999.000,   0.600,  -1.912,  -0.629,   0.600,  -0.629,   0.600,  -0.629
202603081306,   0.690,9999.000,9999.000,9999.000,9999.000,9999.000,9999.000,9999.000,9999.000
202603081312,   0.697,9999.000,9999.000,9999.000,9999.000,9999.000,9999.000,9999.000,9999.000
202603081318,   0.705,9999.000,9999.000,9999.000,9999.000,9999.000,9999.000,9999.000,9999.000
202603081324,   0.712,9999.000,9999.000,9999.000,9999.000,9999.000,9999.000,9999.000,9999.000
202603081330,   0.719,9999.000,9999.000,9999.000,9999.000,9999.000,9999.000,9999.000,9999.000
202603081336,   0.727,9999.000,9999.000,9999.000,9999.000,9999.000,9999.000,9999.000,9999.000
202603081342,   0.734,9999.000,9999.000,9999.000,9999.000,9999.000,9999.000,9999.000,9999.000
202603081348,   0.741,9999.000,9999.000,9999.000,9999.000,9999.000,9999.000,9999.000,9999.000
202603081354,   0.748,9999.000,9999.000,9999.000,9999.000,9999.000,9999.000,9999.000,9999.000
202603081400,   0.756,9999.000,   0.600,  -1.896,  -0.540,   0.600,  -0.540,   0.600,  -0.540
202603081406,   0.763,9999.000,9999.000,9999.000,9999.000,9999.000,9999.000,9999.000,9999.000
202603081412,   0.770,9999.000,9999.000,9999.000,9999.000,9999.000,9999.000,9999.000,9999.000
202603081418,   0.776,9999.000,9999.000,9999.000,9999.000,9999.000,9999.000,9999.000,9999.000
202603081424,   0.783,9999.000,9999.000,9999.000,9999.000,9999.000,9999.000,9999.000,9999.000
202603081430,   0.790,9999.000,9999.000,9999.000,9999.000,9999.000,9999.000,9999.000,9999.000
202603081436,   0.796,9999.000,9999.000,9999.000,9999.000,9999.000,9999.000,9999.000,9999.000
202603081442,   0.802,9999.000,9999.000,9999.000,9999.000,9999.000,9999.000,9999.000,9999.000
202603081448,   0.808,9999.000,9999.000,9999.000,9999.000,9999.000,9999.000,9999.000,9999.000
202603081454,   0.814,9999.000,9999.000,9999.000,9999.000,9999.000,9999.000,9999.000,9999.000
202603081500,   0.819,9999.000,   0.600,  -1.880,  -0.461,   0.500,  -0.561,   0.600,  -0.461
202603081506,   0.825,9999.000,9999.000,9999.000,9999.000,9999.000,9999.000,9999.000,9999.000
202603081512,   0.830,9999.000,9999.000,9999.000,9999.000,9999.000,9999.000,9999.000,9999.000
202603081518,   0.835,9999.000,9999.000,9999.000,9999.000,9999.000,9999.000,9999.000,9999.000
202603081524,   0.839,9999.000,9999.000,9999.000,9999.000,9999.000,9999.000,9999.000,9999.000
202603081530,   0.843,9999.000,9999.000,9999.000,9999.000,9999.000,9999.000,9999.000,9999.000
202603081536,   0.847,9999.000,9999.000,9999.000,9999.000,9999.000,9999.000,9999.000,9999.000
202603081542,   0.851,9999.000,9999.000,9999.000,9999.000,9999.000,9999.000,9999.000,9999.000
202603081548,   0.854,9999.000,9999.000,9999.000,9999.000,9999.000,9999.000,9999.000,9999.000
202603081554,   0.857,9999.000,9999.000,9999.000,9999.000,9999.000,9999.000,9999.000,9999.000
202603081600,   0.860,9999.000,   0.600,  -1.864,  -0.404,   0.500,  -0.504,   0.600,  -0.404
202603081606,   0.863,9999.000,9999.000,9999.000,9999.000,9999.000,9999.000,9999.000,9999.000
202603081612,   0.865,9999.000,9999.000,9999.000,9999.000,9999.000,9999.000,9999.000,9999.000
202603081618,   0.867,9999.000,9999.000,9999.000,9999.000,9999.000,9999.000,9999.000,9999.000
202603081624,   0.868,9999.000,9999.000,9999.000,9999.000,9999.000,9999.000,9999.000,9999.000
202603081630,   0.870,9999.000,9999.000,9999.000,9999.000,9999.000,9999.000,9999.000,9999.000
202603081636,   0.871,9999.000,9999.000,9999.000,9999.000,9999.000,9999.000,9999.000,9999.000
202603081642,   0.871,9999.000,9999.000,9999.000,9999.000,9999.000,9999.000,9999.000,9999.000
202603081648,   0.872,9999.000,9999.000,9999.000,9999.000,9999.000,9999.000,9999.000,9999.000
202603081654,   0.872,9999.000,9999.000,9999.000,9999.000,9999.000,9999.000,9999.000,9999.000
202603081700,   0.872,9999.000,   0.600,  -1.849,  -0.377,   0.500,  -0.477,   0.600,  -0.377
202603081706,   0.872,9999.000,9999.000,9999.000,9999.000,9999.000,9999.000,9999.000,9999.000
202603081712,   0.871,9999.000,9999.000,9999.000,9999.000,9999.000,9999.000,9999.000,9999.000
202603081718,   0.871,9999.000,9999.000,9999.000,9999.000,9999.000,9999.000,9999.000,9999.000
202603081724,   0.870,9999.000,9999.000,9999.000,9999.000,9999.000,9999.000,9999.000,9999.000
202603081730,   0.869,9999.000,9999.000,9999.000,9999.000,9999.000,9999.000,9999.000,9999.000
202603081736,   0.867,9999.000,9999.000,9999.000,9999.000,9999.000,9999.000,9999.000,9999.000
202603081742,   0.866,9999.000,9999.000,9999.000,9999.000,9999.000,9999.000,9999.000,9999.000
202603081748,   0.864,9999.000,9999.000,9999.000,9999.000,9999.000,9999.000,9999.000,9999.000
202603081754,   0.863,9999.000,9999.000,9999.000,9999.000,9999.000,9999.000,9999.000,9999.000
202603081800,   0.861,9999.000,   0.600,  -1.833,  -0.372,   0.500,  -0.472,   0.600,  -0.372
202603081806,   0.859,9999.000,9999.000,9999.000,9999.000,9999.000,9999.000,9999.000,9999.000
202603081812,   0.857,9999.000,9999.000,9999.000,9999.000,9999.000,9999.000,9999.000,9999.000
202603081818,   0.855,9999.000,9999.000,9999.000,9999.000,9999.000,9999.000,9999.000,9999.000
202603081824,   0.853,9999.000,9999.000,9999.000,9999.000,9999.000,9999.000,9999.000,9999.000
202603081830,   0.851,9999.000,9999.000,9999.000,9999.000,9999.000,9999.000,9999.000,9999.000
202603081836,   0.849,9999.000,9999.000,9999.000,9999.000,9999.000,9999.000,9999.000,9999.000
202603081842,   0.847,9999.000,9999.000,9999.000,9999.000,9999.000,9999.000,9999.000,9999.000
202603081848,   0.845,9999.000,9999.000,9999.000,9999.000,9999.000,9999.000,9999.000,9999.000
202603081854,   0.842,9999.000,9999.000,9999.000,9999.000,9999.000,9999.000,9999.000,9999.000
202603081900,   0.840,9999.000,   0.600,  -1.817,  -0.377,   0.500,  -0.477,   0.600,  -0.377
202603081906,   0.838,9999.000,9999.000,9999.000,9999.000,9999.000,9999.000,9999.000,9999.000
202603081912,   0.836,9999.000,9999.000,9999.000,9999.000,9999.000,9999.000,9999.000,9999.000
202603081918,   0.834,9999.000,9999.000,9999.000,9999.000,9999.000,9999.000,9999.000,9999.000
202603081924,   0.833,9999.000,9999.000,9999.000,9999.000,9999.000,9999.000,9999.000,9999.000
202603081930,   0.831,9999.000,9999.000,9999.000,9999.000,9999.000,9999.000,9999.000,9999.000
202603081936,   0.829,9999.000,9999.000,9999.000,9999.000,9999.000,9999.000,9999.000,9999.000
202603081942,   0.827,9999.000,9999.000,9999.000,9999.000,9999.000,9999.000,9999.000,9999.000
202603081948,   0.826,9999.000,9999.000,9999.000,9999.000,9999.000,9999.000,9999.000,9999.000
202603081954,   0.825,9999.000,9999.000,9999.000,9999.000,9999.000,9999.000,9999.000,9999.000
202603082000,   0.823,9999.000,   0.600,  -1.801,  -0.378,   0.500,  -0.478,   0.600,  -0.378
202603082006,   0.822,9999.000,9999.000,9999.000,9999.000,9999.000,9999.000,9999.000,9999.000
202603082012,   0.821,9999.000,9999.000,9999.000,9999.000,9999.000,9999.000,9999.000,9999.000
202603082018,   0.820,9999.000,9999.000,9999.000,9999.000,9999.000,9999.000,9999.000,9999.000
202603082024,   0.819,9999.000,9999.000,9999.000,9999.000,9999.000,9999.000,9999.000,9999.000
202603082030,   0.819,9999.000,9999.000,9999.000,9999.000,9999.000,9999.000,9999.000,9999.000
202603082036,   0.818,9999.000,9999.000,9999.000,9999.000,9999.000,9999.000,9999.000,9999.000
202603082042,   0.818,9999.000,9999.000,9999.000,9999.000,9999.000,9999.000,9999.000,9999.000
202603082048,   0.818,9999.000,9999.000,9999.000,9999.000,9999.000,9999.000,9999.000,9999.000
202603082054,   0.818,9999.000,9999.000,9999.000,9999.000,9999.000,9999.000,9999.000,9999.000
202603082100,   0.818,9999.000,   0.600,  -1.786,  -0.368,   0.500,  -0.468,   0.600,  -0.368
202603082106,   0.818,9999.000,9999.000,9999.000,9999.000,9999.000,9999.000,9999.000,9999.000
202603082112,   0.818,9999.000,9999.000,9999.000,9999.000,9999.000,9999.000,9999.000,9999.000
202603082118,   0.818,9999.000,9999.000,9999.000,9999.000,9999.000,9999.000,9999.000,9999.000
202603082124,   0.819,9999.000,9999.000,9999.000,9999.000,9999.000,9999.000,9999.000,9999.000
202603082130,   0.819,9999.000,9999.000,9999.000,9999.000,9999.000,9999.000,9999.000,9999.000
202603082136,   0.820,9999.000,9999.000,9999.000,9999.000,9999.000,9999.000,9999.000,9999.000
202603082142,   0.821,9999.000,9999.000,9999.000,9999.000,9999.000,9999.000,9999.000,9999.000
202603082148,   0.822,9999.000,9999.000,9999.000,9999.000,9999.000,9999.000,9999.000,9999.000
202603082154,   0.823,9999.000,9999.000,9999.000,9999.000,9999.000,9999.000,9999.000,9999.000
202603082200,   0.823,9999.000,   0.600,  -1.770,  -0.347,   0.500,  -0.447,   0.600,  -0.347
202603082206,   0.825,9999.000,9999.000,9999.000,9999.000,9999.000,9999.000,9999.000,9999.000
202603082212,   0.826,9999.000,9999.000,9999.000,9999.000,9999.000,9999.000,9999.000,9999.000
202603082218,   0.827,9999.000,9999.000,9999.000,9999.000,9999.000,9999.000,9999.000,9999.000
202603082224,   0.828,9999.000,9999.000,9999.000,9999.000,9999.000,9999.000,9999.000,9999.000
202603082230,   0.829,9999.000,9999.000,9999.000,9999.000,9999.000,9999.000,9999.000,9999.000
202603082236,   0.830,9999.000,9999.000,9999.000,9999.000,9999.000,9999.000,9999.000,9999.000
202603082242,   0.832,9999.000,9999.000,9999.000,9999.000,9999.000,9999.000,9999.000,9999.000
202603082248,   0.833,9999.000,9999.000,9999.000,9999.000,9999.000,9999.000,9999.000,9999.000
202603082254,   0.834,9999.000,9999.000,9999.000,9999.000,9999.000,9999.000,9999.000,9999.000
202603082300,   0.835,9999.000,   0.600,  -1.754,  -0.319,   0.500,  -0.419,   0.600,  -0.319
202603082306,   0.837,9999.000,9999.000,9999.000,9999.000,9999.000,9999.000,9999.000,9999.000
202603082312,   0.838,9999.000,9999.000,9999.000,9999.000,9999.000,9999.000,9999.000,9999.000
202603082318,   0.839,9999.000,9999.000,9999.000,9999.000,9999.000,9999.000,9999.000,9999.000
202603082324,   0.840,9999.000,9999.000,9999.000,9999.000,9999.000,9999.000,9999.000,9999.000
202603082330,   0.841,9999.000,9999.000,9999.000,9999.000,9999.000,9999.000,9999.000,9999.000
202603082336,   0.842,9999.000,9999.000,9999.000,9999.000,9999.000,9999.000,9999.000,9999.000
202603082342,   0.843,9999.000,9999.000,9999.000,9999.000,9999.000,9999.000,9999.000,9999.000
202603082348,   0.844,9999.000,9999.000,9999.000,9999.000,9999.000,9999.000,9999.000,9999.000
202603082354,   0.844,9999.000,9999.000,9999.000,9999.000,9999.000,9999.000,9999.000,9999.000
202603090000,   0.845,9999.000,   0.600,  -1.754,  -0.309,   0.500,  -0.409,   0.600,  -0.309
202603090006,   0.846,9999.000,9999.000,9999.000,9999.000,9999.000,9999.000,9999.000,9999.000
202603090012,   0.846,9999.000,9999.000,9999.000,9999.000,9999.000,9999.000,9999.000,9999.000
202603090018,   0.846,9999.000,9999.000,9999.000,9999.000,9999.000,9999.000,9999.000,9999.000
202603090024,   0.846,9999.000,9999.000,9999.000,9999.000,9999.000,9999.000,9999.000,9999.000
202603090030,   0.847,9999.000,9999.000,9999.000,9999.000,9999.000,9999.000,9999.000,9999.000
202603090036,   0.846,9999.000,9999.000,9999.000,9999.000,9999.000,9999.000,9999.000,9999.000
202603090042,   0.846,9999.000,9999.000,9999.000,9999.000,9999.000,9999.000,9999.000,9999.000
202603090048,   0.846,9999.000,9999.000,9999.000,9999.000,9999.000,9999.000,9999.000,9999.000
202603090054,   0.846,9999.000,9999.000,9999.000,9999.000,9999.000,9999.000,9999.000,9999.000
202603090100,   0.845,9999.000,   0.600,  -1.754,  -0.309,   0.500,  -0.409,   0.600,  -0.309
202603090106,   0.844,9999.000,9999.000,9999.000,9999.000,9999.000,9999.000,9999.000,9999.000
202603090112,   0.843,9999.000,9999.000,9999.000,9999.000,9999.000,9999.000,9999.000,9999.000
202603090118,   0.842,9999.000,9999.000,9999.000,9999.000,9999.000,9999.000,9999.000,9999.000
202603090124,   0.841,9999.000,9999.000,9999.000,9999.000,9999.000,9999.000,9999.000,9999.000
202603090130,   0.840,9999.000,9999.000,9999.000,9999.000,9999.000,9999.000,9999.000,9999.000
202603090136,   0.838,9999.000,9999.000,9999.000,9999.000,9999.000,9999.000,9999.000,9999.000
202603090142,   0.836,9999.000,9999.000,9999.000,9999.000,9999.000,9999.000,9999.000,9999.000
202603090148,   0.834,9999.000,9999.000,9999.000,9999.000,9999.000,9999.000,9999.000,9999.000
202603090154,   0.832,9999.000,9999.000,9999.000,9999.000,9999.000,9999.000,9999.000,9999.000
202603090200,   0.830,9999.000,   0.600,  -1.754,  -0.324,   0.500,  -0.424,   0.600,  -0.324
202603090206,   0.828,9999.000,9999.000,9999.000,9999.000,9999.000,9999.000,9999.000,9999.000
202603090212,   0.825,9999.000,9999.000,9999.000,9999.000,9999.000,9999.000,9999.000,9999.000
202603090218,   0.823,9999.000,9999.000,9999.000,9999.000,9999.000,9999.000,9999.000,9999.000
202603090224,   0.820,9999.000,9999.000,9999.000,9999.000,9999.000,9999.000,9999.000,9999.000
202603090230,   0.817,9999.000,9999.000,9999.000,9999.000,9999.000,9999.000,9999.000,9999.000
202603090236,   0.814,9999.000,9999.000,9999.000,9999.000,9999.000,9999.000,9999.000,9999.000
202603090242,   0.810,9999.000,9999.000,9999.000,9999.000,9999.000,9999.000,9999.000,9999.000
202603090248,   0.807,9999.000,9999.000,9999.000,9999.000,9999.000,9999.000,9999.000,9999.000
202603090254,   0.803,9999.000,9999.000,9999.000,9999.000,9999.000,9999.000,9999.000,9999.000
202603090300,   0.800,9999.000,   0.600,  -1.754,  -0.354,   0.500,  -0.454,   0.600,  -0.354
202603090306,   0.796,9999.000,9999.000,9999.000,9999.000,9999.000,9999.000,9999.000,9999.000
202603090312,   0.792,9999.000,9999.000,9999.000,9999.000,9999.000,9999.000,9999.000,9999.000
202603090318,   0.788,9999.000,9999.000,9999.000,9999.000,9999.000,9999.000,9999.000,9999.000
202603090324,   0.784,9999.000,9999.000,9999.000,9999.000,9999.000,9999.000,9999.000,9999.000
202603090330,   0.779,9999.000,9999.000,9999.000,9999.000,9999.000,9999.000,9999.000,9999.000
202603090336,   0.775,9999.000,9999.000,9999.000,9999.000,9999.000,9999.000,9999.000,9999.000
202603090342,   0.771,9999.000,9999.000,9999.000,9999.000,9999.000,9999.000,9999.000,9999.000
202603090348,   0.766,9999.000,9999.000,9999.000,9999.000,9999.000,9999.000,9999.000,9999.000
202603090354,   0.761,9999.000,9999.000,9999.000,9999.000,9999.000,9999.000,9999.000,9999.000
202603090400,   0.757,9999.000,   0.600,  -1.754,  -0.397,   0.500,  -0.497,   0.600,  -0.397
202603090406,   0.752,9999.000,9999.000,9999.000,9999.000,9999.000,9999.000,9999.000,9999.000
202603090412,   0.747,9999.000,9999.000,9999.000,9999.000,9999.000,9999.000,9999.000,9999.000
202603090418,   0.742,9999.000,9999.000,9999.000,9999.000,9999.000,9999.000,9999.000,9999.000
202603090424,   0.737,9999.000,9999.000,9999.000,9999.000,9999.000,9999.000,9999.000,9999.000
202603090430,   0.732,9999.000,9999.000,9999.000,9999.000,9999.000,9999.000,9999.000,9999.000
202603090436,   0.727,9999.000,9999.000,9999.000,9999.000,9999.000,9999.000,9999.000,9999.000
202603090442,   0.723,9999.000,9999.000,9999.000,9999.000,9999.000,9999.000,9999.000,9999.000
202603090448,   0.718,9999.000,9999.000,9999.000,9999.000,9999.000,9999.000,9999.000,9999.000
202603090454,   0.713,9999.000,9999.000,9999.000,9999.000,9999.000,9999.000,9999.000,9999.000
202603090500,   0.708,9999.000,   0.600,  -1.754,  -0.446,   0.500,  -0.546,   0.600,  -0.446
202603090506,   0.703,9999.000,9999.000,9999.000,9999.000,9999.000,9999.000,9999.000,9999.000
202603090512,   0.698,9999.000,9999.000,9999.000,9999.000,9999.000,9999.000,9999.000,9999.000
202603090518,   0.693,9999.000,9999.000,9999.000,9999.000,9999.000,9999.000,9999.000,9999.000
202603090524,   0.688,9999.000,9999.000,9999.000,9999.000,9999.000,9999.000,9999.000,9999.000
202603090530,   0.683,9999.000,9999.000,9999.000,9999.000,9999.000,9999.000,9999.000,9999.000
202603090536,   0.678,9999.000,9999.000,9999.000,9999.000,9999.000,9999.000,9999.000,9999.000
202603090542,   0.673,9999.000,9999.000,9999.000,9999.000,9999.000,9999.000,9999.000,9999.000
202603090548,   0.669,9999.000,9999.000,9999.000,9999.000,9999.000,9999.000,9999.000,9999.000
202603090554,   0.664,9999.000,9999.000,9999.000,9999.000,9999.000,9999.000,9999.000,9999.000
202603090600,   0.660,9999.000,   0.600,  -1.754,  -0.494,   0.500,  -0.594,   0.600,  -0.494
202603090606,   0.655,9999.000,9999.000,9999.000,9999.000,9999.000,9999.000,9999.000,9999.000
202603090612,   0.651,9999.000,9999.000,9999.000,9999.000,9999.000,9999.000,9999.000,9999.000
202603090618,   0.646,9999.000,9999.000,9999.000,9999.000,9999.000,9999.000,9999.000,9999.000
202603090624,   0.642,9999.000,9999.000,9999.000,9999.000,9999.000,9999.000,9999.000,9999.000
202603090630,   0.638,9999.000,9999.000,9999.000,9999.000,9999.000,9999.000,9999.000,9999.000
202603090636,   0.634,9999.000,9999.000,9999.000,9999.000,9999.000,9999.000,9999.000,9999.000
202603090642,   0.630,9999.000,9999.000,9999.000,9999.000,9999.000,9999.000,9999.000,9999.000
202603090648,   0.626,9999.000,9999.000,9999.000,9999.000,9999.000,9999.000,9999.000,9999.000
202603090654,   0.622,9999.000,9999.000,9999.000,9999.000,9999.000,9999.000,9999.000,9999.000
202603090700,   0.618,9999.000,   0.600,  -1.754,  -0.536,   0.500,  -0.636,   0.600,  -0.536
202603090706,   0.614,9999.000,9999.000,9999.000,9999.000,9999.000,9999.000,9999.000,9999.000
202603090712,   0.611,9999.000,9999.000,9999.000,9999.000,9999.000,9999.000,9999.000,9999.000
202603090718,   0.607,9999.000,9999.000,9999.000,9999.000,9999.000,9999.000,9999.000,9999.000
202603090724,   0.604,9999.000,9999.000,9999.000,9999.000,9999.000,9999.000,9999.000,9999.000
202603090730,   0.600,9999.000,9999.000,9999.000,9999.000,9999.000,9999.000,9999.000,9999.000
202603090736,   0.597,9999.000,9999.000,9999.000,9999.000,9999.000,9999.000,9999.000,9999.000
202603090742,   0.594,9999.000,9999.000,9999.000,9999.000,9999.000,9999.000,9999.000,9999.000
202603090748,   0.591,9999.000,9999.000,9999.000,9999.000,9999.000,9999.000,9999.000,9999.000
202603090754,   0.588,9999.000,9999.000,9999.000,9999.000,9999.000,9999.000,9999.000,9999.000
202603090800,   0.585,9999.000,   0.500,  -1.754,  -0.669,   0.500,  -0.669,   0.600,  -0.569
202603090806,   0.582,9999.000,9999.000,9999.000,9999.000,9999.000,9999.000,9999.000,9999.000
202603090812,   0.579,9999.000,9999.000,9999.000,9999.000,9999.000,9999.000,9999.000,9999.000
202603090818,   0.577,9999.000,9999.000,9999.000,9999.000,9999.000,9999.000,9999.000,9999.000
202603090824,   0.574,9999.000,9999.000,9999.000,9999.000,9999.000,9999.000,9999.000,9999.000
202603090830,   0.572,9999.000,9999.000,9999.000,9999.000,9999.000,9999.000,9999.000,9999.000
202603090836,   0.569,9999.000,9999.000,9999.000,9999.000,9999.000,9999.000,9999.000,9999.000
202603090842,   0.567,9999.000,9999.000,9999.000,9999.000,9999.000,9999.000,9999.000,9999.000
202603090848,   0.565,9999.000,9999.000,9999.000,9999.000,9999.000,9999.000,9999.000,9999.000
202603090854,   0.563,9999.000,9999.000,9999.000,9999.000,9999.000,9999.000,9999.000,9999.000
202603090900,   0.560,9999.000,   0.500,  -1.754,  -0.694,   0.500,  -0.694,   0.600,  -0.594
202603090906,   0.559,9999.000,9999.000,9999.000,9999.000,9999.000,9999.000,9999.000,9999.000
202603090912,   0.557,9999.000,9999.000,9999.000,9999.000,9999.000,9999.000,9999.000,9999.000
202603090918,   0.555,9999.000,9999.000,9999.000,9999.000,9999.000,9999.000,9999.000,9999.000
202603090924,   0.553,9999.000,9999.000,9999.000,9999.000,9999.000,9999.000,9999.000,9999.000
202603090930,   0.552,9999.000,9999.000,9999.000,9999.000,9999.000,9999.000,9999.000,9999.000
202603090936,   0.550,9999.000,9999.000,9999.000,9999.000,9999.000,9999.000,9999.000,9999.000
202603090942,   0.549,9999.000,9999.000,9999.000,9999.000,9999.000,9999.000,9999.000,9999.000
202603090948,   0.548,9999.000,9999.000,9999.000,9999.000,9999.000,9999.000,9999.000,9999.000
202603090954,   0.547,9999.000,9999.000,9999.000,9999.000,9999.000,9999.000,9999.000,9999.000
202603091000,   0.546,9999.000,   0.500,  -1.754,  -0.708,   0.500,  -0.708,   0.600,  -0.608
202603091006,   0.545,9999.000,9999.000,9999.000,9999.000,9999.000,9999.000,9999.000,9999.000
202603091012,   0.545,9999.000,9999.000,9999.000,9999.000,9999.000,9999.000,9999.000,9999.000
202603091018,   0.544,9999.000,9999.000,9999.000,9999.000,9999.000,9999.000,9999.000,9999.000
202603091024,   0.544,9999.000,9999.000,9999.000,9999.000,9999.000,9999.000,9999.000,9999.000
202603091030,   0.544,9999.000,9999.000,9999.000,9999.000,9999.000,9999.000,9999.000,9999.000
202603091036,   0.544,9999.000,9999.000,9999.000,9999.000,9999.000,9999.000,9999.000,9999.000
202603091042,   0.544,9999.000,9999.000,9999.000,9999.000,9999.000,9999.000,9999.000,9999.000
202603091048,   0.544,9999.000,9999.000,9999.000,9999.000,9999.000,9999.000,9999.000,9999.000
202603091054,   0.545,9999.000,9999.000,9999.000,9999.000,9999.000,9999.000,9999.000,9999.000
202603091100,   0.546,9999.000,   0.500,  -1.754,  -0.708,   0.500,  -0.708,   0.600,  -0.608
202603091106,   0.547,9999.000,9999.000,9999.000,9999.000,9999.000,9999.000,9999.000,9999.000
202603091112,   0.548,9999.000,9999.000,9999.000,9999.000,9999.000,9999.000,9999.000,9999.000
202603091118,   0.549,9999.000,9999.000,9999.000,9999.000,9999.000,9999.000,9999.000,9999.000
202603091124,   0.551,9999.000,9999.000,9999.000,9999.000,9999.000,9999.000,9999.000,9999.000
202603091130,   0.553,9999.000,9999.000,9999.000,9999.000,9999.000,9999.000,9999.000,9999.000
202603091136,   0.555,9999.000,9999.000,9999.000,9999.000,9999.000,9999.000,9999.000,9999.000
202603091142,   0.557,9999.000,9999.000,9999.000,9999.000,9999.000,9999.000,9999.000,9999.000
202603091148,   0.560,9999.000,9999.000,9999.000,9999.000,9999.000,9999.000,9999.000,9999.000
202603091154,   0.563,9999.000,9999.000,9999.000,9999.000,9999.000,9999.000,9999.000,9999.000
202603091200,   0.566,9999.000,   0.500,  -1.754,  -0.688,   0.500,  -0.688,   0.600,  -0.588
202603091206,   0.569,9999.000,9999.000,9999.000,9999.000,9999.000,9999.000,9999.000,9999.000
202603091212,   0.573,9999.000,9999.000,9999.000,9999.000,9999.000,9999.000,9999.000,9999.000
202603091218,   0.577,9999.000,9999.000,9999.000,9999.000,9999.000,9999.000,9999.000,9999.000
202603091224,   0.581,9999.000,9999.000,9999.000,9999.000,9999.000,9999.000,9999.000,9999.000
202603091230,   0.586,9999.000,9999.000,9999.000,9999.000,9999.000,9999.000,9999.000,9999.000
202603091236,   0.590,9999.000,9999.000,9999.000,9999.000,9999.000,9999.000,9999.000,9999.000
202603091242,   0.595,9999.000,9999.000,9999.000,9999.000,9999.000,9999.000,9999.000,9999.000
202603091248,   0.600,9999.000,9999.000,9999.000,9999.000,9999.000,9999.000,9999.000,9999.000
202603091254,   0.606,9999.000,9999.000,9999.000,9999.000,9999.000,9999.000,9999.000,9999.000
202603091300,   0.612,9999.000,   0.500,  -1.754,  -0.642,   0.500,  -0.642,   0.600,  -0.542
202603091306,   0.618,9999.000,9999.000,9999.000,9999.000,9999.000,9999.000,9999.000,9999.000
202603091312,   0.624,9999.000,9999.000,9999.000,9999.000,9999.000,9999.000,9999.000,9999.000
202603091318,   0.630,9999.000,9999.000,9999.000,9999.000,9999.000,9999.000,9999.000,9999.000
202603091324,   0.637,9999.000,9999.000,9999.000,9999.000,9999.000,9999.000,9999.000,9999.000
202603091330,   0.644,9999.000,9999.000,9999.000,9999.000,9999.000,9999.000,9999.000,9999.000
202603091336,   0.651,9999.000,9999.000,9999.000,9999.000,9999.000,9999.000,9999.000,9999.000
202603091342,   0.658,9999.000,9999.000,9999.000,9999.000,9999.000,9999.000,9999.000,9999.000
202603091348,   0.665,9999.000,9999.000,9999.000,9999.000,9999.000,9999.000,9999.000,9999.000
202603091354,   0.672,9999.000,9999.000,9999.000,9999.000,9999.000,9999.000,9999.000,9999.000
202603091400,   0.680,9999.000,   0.500,  -1.754,  -0.574,   0.500,  -0.574,   0.600,  -0.474
202603091406,   0.688,9999.000,9999.000,9999.000,9999.000,9999.000,9999.000,9999.000,9999.000
202603091412,   0.696,9999.000,9999.000,9999.000,9999.000,9999.000,9999.000,9999.000,9999.000
202603091418,   0.704,9999.000,9999.000,9999.000,9999.000,9999.000,9999.000,9999.000,9999.000
202603091424,   0.711,9999.000,9999.000,9999.000,9999.000,9999.000,9999.000,9999.000,9999.000
202603091430,   0.719,9999.000,9999.000,9999.000,9999.000,9999.000,9999.000,9999.000,9999.000
202603091436,   0.728,9999.000,9999.000,9999.000,9999.000,9999.000,9999.000,9999.000,9999.000
202603091442,   0.736,9999.000,9999.000,9999.000,9999.000,9999.000,9999.000,9999.000,9999.000
202603091448,   0.744,9999.000,9999.000,9999.000,9999.000,9999.000,9999.000,9999.000,9999.000
202603091454,   0.752,9999.000,9999.000,9999.000,9999.000,9999.000,9999.000,9999.000,9999.000
202603091500,   0.760,9999.000,   0.500,  -1.754,  -0.494,   0.500,  -0.494,   0.600,  -0.394
202603091506,   0.767,9999.000,9999.000,9999.000,9999.000,9999.000,9999.000,9999.000,9999.000
202603091512,   0.775,9999.000,9999.000,9999.000,9999.000,9999.000,9999.000,9999.000,9999.000
202603091518,   0.783,9999.000,9999.000,9999.000,9999.000,9999.000,9999.000,9999.000,9999.000
202603091524,   0.791,9999.000,9999.000,9999.000,9999.000,9999.000,9999.000,9999.000,9999.000
202603091530,   0.798,9999.000,9999.000,9999.000,9999.000,9999.000,9999.000,9999.000,9999.000
202603091536,   0.805,9999.000,9999.000,9999.000,9999.000,9999.000,9999.000,9999.000,9999.000
202603091542,   0.813,9999.000,9999.000,9999.000,9999.000,9999.000,9999.000,9999.000,9999.000
202603091548,   0.819,9999.000,9999.000,9999.000,9999.000,9999.000,9999.000,9999.000,9999.000
202603091554,   0.826,9999.000,9999.000,9999.000,9999.000,9999.000,9999.000,9999.000,9999.000
202603091600,   0.833,9999.000,   0.500,  -1.754,  -0.421,   0.500,  -0.421,   0.600,  -0.321
202603091606,   0.839,9999.000,9999.000,9999.000,9999.000,9999.000,9999.000,9999.000,9999.000
202603091612,   0.845,9999.000,9999.000,9999.000,9999.000,9999.000,9999.000,9999.000,9999.000
202603091618,   0.851,9999.000,9999.000,9999.000,9999.000,9999.000,9999.000,9999.000,9999.000
202603091624,   0.857,9999.000,9999.000,9999.000,9999.000,9999.000,9999.000,9999.000,9999.000
202603091630,   0.862,9999.000,9999.000,9999.000,9999.000,9999.000,9999.000,9999.000,9999.000
202603091636,   0.867,9999.000,9999.000,9999.000,9999.000,9999.000,9999.000,9999.000,9999.000
202603091642,   0.872,9999.000,9999.000,9999.000,9999.000,9999.000,9999.000,9999.000,9999.000
202603091648,   0.876,9999.000,9999.000,9999.000,9999.000,9999.000,9999.000,9999.000,9999.000
202603091654,   0.880,9999.000,9999.000,9999.000,9999.000,9999.000,9999.000,9999.000,9999.000
202603091700,   0.884,9999.000,   0.600,  -1.754,  -0.270,   0.500,  -0.370,   0.600,  -0.270
202603091706,   0.888,9999.000,9999.000,9999.000,9999.000,9999.000,9999.000,9999.000,9999.000
202603091712,   0.891,9999.000,9999.000,9999.000,9999.000,9999.000,9999.000,9999.000,9999.000
202603091718,   0.894,9999.000,9999.000,9999.000,9999.000,9999.000,9999.000,9999.000,9999.000
202603091724,   0.897,9999.000,9999.000,9999.000,9999.000,9999.000,9999.000,9999.000,9999.000
202603091730,   0.899,9999.000,9999.000,9999.000,9999.000,9999.000,9999.000,9999.000,9999.000
202603091736,   0.901,9999.000,9999.000,9999.000,9999.000,9999.000,9999.000,9999.000,9999.000
202603091742,   0.903,9999.000,9999.000,9999.000,9999.000,9999.000,9999.000,9999.000,9999.000
202603091748,   0.904,9999.000,9999.000,9999.000,9999.000,9999.000,9999.000,9999.000,9999.000
202603091754,   0.906,9999.000,9999.000,9999.000,9999.000,9999.000,9999.000,9999.000,9999.000
202603091800,   0.907,9999.000,   0.600,  -1.754,  -0.247,   0.500,  -0.347,   0.600,  -0.247
202603091806,   0.907,9999.000,9999.000,9999.000,9999.000,9999.000,9999.000,9999.000,9999.000
202603091812,   0.908,9999.000,9999.000,9999.000,9999.000,9999.000,9999.000,9999.000,9999.000
202603091818,   0.908,9999.000,9999.000,9999.000,9999.000,9999.000,9999.000,9999.000,9999.000
202603091824,   0.908,9999.000,9999.000,9999.000,9999.000,9999.000,9999.000,9999.000,9999.000
202603091830,   0.908,9999.000,9999.000,9999.000,9999.000,9999.000,9999.000,9999.000,9999.000
202603091836,   0.908,9999.000,9999.000,9999.000,9999.000,9999.000,9999.000,9999.000,9999.000
202603091842,   0.907,9999.000,9999.000,9999.000,9999.000,9999.000,9999.000,9999.000,9999.000
202603091848,   0.907,9999.000,9999.000,9999.000,9999.000,9999.000,9999.000,9999.000,9999.000
202603091854,   0.906,9999.000,9999.000,9999.000,9999.000,9999.000,9999.000,9999.000,9999.000
202603091900,   0.905,9999.000,   0.600,  -1.754,  -0.249,   0.500,  -0.349,   0.600,  -0.249
202603091906,   0.904,9999.000,9999.000,9999.000,9999.000,9999.000,9999.000,9999.000,9999.000
202603091912,   0.903,9999.000,9999.000,9999.000,9999.000,9999.000,9999.000,9999.000,9999.000
202603091918,   0.901,9999.000,9999.000,9999.000,9999.000,9999.000,9999.000,9999.000,9999.000
202603091924,   0.900,9999.000,9999.000,9999.000,9999.000,9999.000,9999.000,9999.000,9999.000
202603091930,   0.899,9999.000,9999.000,9999.000,9999.000,9999.000,9999.000,9999.000,9999.000
202603091936,   0.897,9999.000,9999.000,9999.000,9999.000,9999.000,9999.000,9999.000,9999.000
202603091942,   0.896,9999.000,9999.000,9999.000,9999.000,9999.000,9999.000,9999.000,9999.000
202603091948,   0.894,9999.000,9999.000,9999.000,9999.000,9999.000,9999.000,9999.000,9999.000
202603091954,   0.893,9999.000,9999.000,9999.000,9999.000,9999.000,9999.000,9999.000,9999.000
202603092000,   0.891,9999.000,   0.600,  -1.754,  -0.263,   0.500,  -0.363,   0.600,  -0.263
202603092006,   0.890,9999.000,9999.000,9999.000,9999.000,9999.000,9999.000,9999.000,9999.000
202603092012,   0.888,9999.000,9999.000,9999.000,9999.000,9999.000,9999.000,9999.000,9999.000
202603092018,   0.887,9999.000,9999.000,9999.000,9999.000,9999.000,9999.000,9999.000,9999.000
202603092024,   0.885,9999.000,9999.000,9999.000,9999.000,9999.000,9999.000,9999.000,9999.000
202603092030,   0.884,9999.000,9999.000,9999.000,9999.000,9999.000,9999.000,9999.000,9999.000
202603092036,   0.883,9999.000,9999.000,9999.000,9999.000,9999.000,9999.000,9999.000,9999.000
202603092042,   0.882,9999.000,9999.000,9999.000,9999.000,9999.000,9999.000,9999.000,9999.000
202603092048,   0.881,9999.000,9999.000,9999.000,9999.000,9999.000,9999.000,9999.000,9999.000
202603092054,   0.880,9999.000,9999.000,9999.000,9999.000,9999.000,9999.000,9999.000,9999.000
202603092100,   0.879,9999.000,   0.600,  -1.754,  -0.275,   0.500,  -0.375,   0.600,  -0.275
202603092106,   0.878,9999.000,9999.000,9999.000,9999.000,9999.000,9999.000,9999.000,9999.000
202603092112,   0.878,9999.000,9999.000,9999.000,9999.000,9999.000,9999.000,9999.000,9999.000
202603092118,   0.877,9999.000,9999.000,9999.000,9999.000,9999.000,9999.000,9999.000,9999.000
202603092124,   0.877,9999.000,9999.000,9999.000,9999.000,9999.000,9999.000,9999.000,9999.000
202603092130,   0.876,9999.000,9999.000,9999.000,9999.000,9999.000,9999.000,9999.000,9999.000
202603092136,   0.876,9999.000,9999.000,9999.000,9999.000,9999.000,9999.000,9999.000,9999.000
202603092142,   0.876,9999.000,9999.000,9999.000,9999.000,9999.000,9999.000,9999.000,9999.000
202603092148,   0.876,9999.000,9999.000,9999.000,9999.000,9999.000,9999.000,9999.000,9999.000
202603092154,   0.876,9999.000,9999.000,9999.000,9999.000,9999.000,9999.000,9999.000,9999.000
202603092200,   0.876,9999.000,   0.600,  -1.754,  -0.278,   0.500,  -0.378,   0.600,  -0.278
202603092206,   0.876,9999.000,9999.000,9999.000,9999.000,9999.000,9999.000,9999.000,9999.000
202603092212,   0.877,9999.000,9999.000,9999.000,9999.000,9999.000,9999.000,9999.000,9999.000
202603092218,   0.877,9999.000,9999.000,9999.000,9999.000,9999.000,9999.000,9999.000,9999.000
202603092224,   0.878,9999.000,9999.000,9999.000,9999.000,9999.000,9999.000,9999.000,9999.000
202603092230,   0.878,9999.000,9999.000,9999.000,9999.000,9999.000,9999.000,9999.000,9999.000
202603092236,   0.879,9999.000,9999.000,9999.000,9999.000,9999.000,9999.000,9999.000,9999.000
202603092242,   0.880,9999.000,9999.000,9999.000,9999.000,9999.000,9999.000,9999.000,9999.000
202603092248,   0.881,9999.000,9999.000,9999.000,9999.000,9999.000,9999.000,9999.000,9999.000
202603092254,   0.881,9999.000,9999.000,9999.000,9999.000,9999.000,9999.000,9999.000,9999.000
202603092300,   0.882,9999.000,   0.600,  -1.754,  -0.272,   0.500,  -0.372,   0.600,  -0.272
202603092306,   0.883,9999.000,9999.000,9999.000,9999.000,9999.000,9999.000,9999.000,9999.000
202603092312,   0.884,9999.000,9999.000,9999.000,9999.000,9999.000,9999.000,9999.000,9999.000
202603092318,   0.885,9999.000,9999.000,9999.000,9999.000,9999.000,9999.000,9999.000,9999.000
202603092324,   0.886,9999.000,9999.000,9999.000,9999.000,9999.000,9999.000,9999.000,9999.000
202603092330,   0.886,9999.000,9999.000,9999.000,9999.000,9999.000,9999.000,9999.000,9999.000
202603092336,   0.887,9999.000,9999.000,9999.000,9999.000,9999.000,9999.000,9999.000,9999.000
202603092342,   0.888,9999.000,9999.000,9999.000,9999.000,9999.000,9999.000,9999.000,9999.000
202603092348,   0.889,9999.000,9999.000,9999.000,9999.000,9999.000,9999.000,9999.000,9999.000
202603092354,   0.889,9999.000,9999.000,9999.000,9999.000,9999.000,9999.000,9999.000,9999.000
202603100000,   0.890,9999.000,   0.600,  -1.754,  -0.264,   0.500,  -0.364,   0.600,  -0.264
202603100006,   0.890,9999.000,9999.000,9999.000,9999.000,9999.000,9999.000,9999.000,9999.000
202603100012,   0.891,9999.000,9999.000,9999.000,9999.000,9999.000,9999.000,9999.000,9999.000
202603100018,   0.891,9999.000,9999.000,9999.000,9999.000,9999.000,9999.000,9999.000,9999.000
202603100024,   0.892,9999.000,9999.000,9999.000,9999.000,9999.000,9999.000,9999.000,9999.000
202603100030,   0.892,9999.000,9999.000,9999.000,9999.000,9999.000,9999.000,9999.000,9999.000
202603100036,   0.892,9999.000,9999.000,9999.000,9999.000,9999.000,9999.000,9999.000,9999.000
202603100042,   0.892,9999.000,9999.000,9999.000,9999.000,9999.000,9999.000,9999.000,9999.000
202603100048,   0.891,9999.000,9999.000,9999.000,9999.000,9999.000,9999.000,9999.000,9999.000
202603100054,   0.891,9999.000,9999.000,9999.000,9999.000,9999.000,9999.000,9999.000,9999.000
202603100100,   0.891,9999.000,   0.600,  -1.754,  -0.263,   0.500,  -0.363,   0.600,  -0.263
202603100106,   0.890,9999.000,9999.000,9999.000,9999.000,9999.000,9999.000,9999.000,9999.000
202603100112,   0.889,9999.000,9999.000,9999.000,9999.000,9999.000,9999.000,9999.000,9999.000
202603100118,   0.888,9999.000,9999.000,9999.000,9999.000,9999.000,9999.000,9999.000,9999.000
202603100124,   0.887,9999.000,9999.000,9999.000,9999.000,9999.000,9999.000,9999.000,9999.000
202603100130,   0.886,9999.000,9999.000,9999.000,9999.000,9999.000,9999.000,9999.000,9999.000
202603100136,   0.885,9999.000,9999.000,9999.000,9999.000,9999.000,9999.000,9999.000,9999.000
202603100142,   0.883,9999.000,9999.000,9999.000,9999.000,9999.000,9999.000,9999.000,9999.000
202603100148,   0.882,9999.000,9999.000,9999.000,9999.000,9999.000,9999.000,9999.000,9999.000
202603100154,   0.880,9999.000,9999.000,9999.000,9999.000,9999.000,9999.000,9999.000,9999.000
202603100200,   0.878,9999.000,   0.600,  -1.754,  -0.276,   0.500,  -0.376,   0.600,  -0.276
202603100206,   0.876,9999.000,9999.000,9999.000,9999.000,9999.000,9999.000,9999.000,9999.000
202603100212,   0.873,9999.000,9999.000,9999.000,9999.000,9999.000,9999.000,9999.000,9999.000
202603100218,   0.871,9999.000,9999.000,9999.000,9999.000,9999.000,9999.000,9999.000,9999.000
202603100224,   0.868,9999.000,9999.000,9999.000,9999.000,9999.000,9999.000,9999.000,9999.000
202603100230,   0.866,9999.000,9999.000,9999.000,9999.000,9999.000,9999.000,9999.000,9999.000
202603100236,   0.863,9999.000,9999.000,9999.000,9999.000,9999.000,9999.000,9999.000,9999.000
202603100242,   0.860,9999.000,9999.000,9999.000,9999.000,9999.000,9999.000,9999.000,9999.000
202603100248,   0.857,9999.000,9999.000,9999.000,9999.000,9999.000,9999.000,9999.000,9999.000
202603100254,   0.853,9999.000,9999.000,9999.000,9999.000,9999.000,9999.000,9999.000,9999.000
202603100300,   0.850,9999.000,   0.600,  -1.754,  -0.304,   0.500,  -0.404,   0.600,  -0.304
202603100306,   0.846,9999.000,9999.000,9999.000,9999.000,9999.000,9999.000,9999.000,9999.000
202603100312,   0.843,9999.000,9999.000,9999.000,9999.000,9999.000,9999.000,9999.000,9999.000
202603100318,   0.839,9999.000,9999.000,9999.000,9999.000,9999.000,9999.000,9999.000,9999.000
202603100324,   0.835,9999.000,9999.000,9999.000,9999.000,9999.000,9999.000,9999.000,9999.000
202603100330,   0.831,9999.000,9999.000,9999.000,9999.000,9999.000,9999.000,9999.000,9999.000
202603100336,   0.827,9999.000,9999.000,9999.000,9999.000,9999.000,9999.000,9999.000,9999.000
202603100342,   0.823,9999.000,9999.000,9999.000,9999.000,9999.000,9999.000,9999.000,9999.000
202603100348,   0.819,9999.000,9999.000,9999.000,9999.000,9999.000,9999.000,9999.000,9999.000
202603100354,   0.814,9999.000,9999.000,9999.000,9999.000,9999.000,9999.000,9999.000,9999.000
202603100400,   0.810,9999.000,   0.600,  -1.754,  -0.344,   0.500,  -0.444,   0.600,  -0.344
202603100406,   0.805,9999.000,9999.000,9999.000,9999.000,9999.000,9999.000,9999.000,9999.000
202603100412,   0.801,9999.000,9999.000,9999.000,9999.000,9999.000,9999.000,9999.000,9999.000
202603100418,   0.796,9999.000,9999.000,9999.000,9999.000,9999.000,9999.000,9999.000,9999.000
202603100424,   0.791,9999.000,9999.000,9999.000,9999.000,9999.000,9999.000,9999.000,9999.000
202603100430,   0.787,9999.000,9999.000,9999.000,9999.000,9999.000,9999.000,9999.000,9999.000
202603100436,   0.782,9999.000,9999.000,9999.000,9999.000,9999.000,9999.000,9999.000,9999.000
202603100442,   0.777,9999.000,9999.000,9999.000,9999.000,9999.000,9999.000,9999.000,9999.000
202603100448,   0.773,9999.000,9999.000,9999.000,9999.000,9999.000,9999.000,9999.000,9999.000
202603100454,   0.768,9999.000,9999.000,9999.000,9999.000,9999.000,9999.000,9999.000,9999.000
202603100500,   0.763,9999.000,   0.600,  -1.754,  -0.391,   0.500,  -0.491,   0.600,  -0.391
202603100506,   0.758,9999.000,9999.000,9999.000,9999.000,9999.000,9999.000,9999.000,9999.000
202603100512,   0.753,9999.000,9999.000,9999.000,9999.000,9999.000,9999.000,9999.000,9999.000
202603100518,   0.748,9999.000,9999.000,9999.000,9999.000,9999.000,9999.000,9999.000,9999.000
202603100524,   0.744,9999.000,9999.000,9999.000,9999.000,9999.000,9999.000,9999.000,9999.000
202603100530,   0.739,9999.000,9999.000,9999.000,9999.000,9999.000,9999.000,9999.000,9999.000
202603100536,   0.734,9999.000,9999.000,9999.000,9999.000,9999.000,9999.000,9999.000,9999.000
202603100542,   0.729,9999.000,9999.000,9999.000,9999.000,9999.000,9999.000,9999.000,9999.000
202603100548,   0.725,9999.000,9999.000,9999.000,9999.000,9999.000,9999.000,9999.000,9999.000
202603100554,   0.720,9999.000,9999.000,9999.000,9999.000,9999.000,9999.000,9999.000,9999.000
202603100600,   0.715,9999.000,   0.600,  -1.754,  -0.439,   0.500,  -0.539,   0.600,  -0.439
202603100606,   0.711,9999.000,9999.000,9999.000,9999.000,9999.000,9999.000,9999.000,9999.000
202603100612,   0.706,9999.000,9999.000,9999.000,9999.000,9999.000,9999.000,9999.000,9999.000
202603100618,   0.701,9999.000,9999.000,9999.000,9999.000,9999.000,9999.000,9999.000,9999.000
202603100624,   0.697,9999.000,9999.000,9999.000,9999.000,9999.000,9999.000,9999.000,9999.000
202603100630,   0.692,9999.000,9999.000,9999.000,9999.000,9999.000,9999.000,9999.000,9999.000
202603100636,   0.688,9999.000,9999.000,9999.000,9999.000,9999.000,9999.000,9999.000,9999.000
202603100642,   0.684,9999.000,9999.000,9999.000,9999.000,9999.000,9999.000,9999.000,9999.000
202603100648,   0.679,9999.000,9999.000,9999.000,9999.000,9999.000,9999.000,9999.000,9999.000
202603100654,   0.675,9999.000,9999.000,9999.000,9999.000,9999.000,9999.000,9999.000,9999.000
202603100700,   0.671,9999.000,   0.600,  -1.754,  -0.483,   0.500,  -0.583,   0.600,  -0.483
202603100706,   0.667,9999.000,9999.000,9999.000,9999.000,9999.000,9999.000,9999.000,9999.000
202603100712,   0.663,9999.000,9999.000,9999.000,9999.000,9999.000,9999.000,9999.000,9999.000
202603100718,   0.658,9999.000,9999.000,9999.000,9999.000,9999.000,9999.000,9999.000,9999.000
202603100724,   0.654,9999.000,9999.000,9999.000,9999.000,9999.000,9999.000,9999.000,9999.000
202603100730,   0.650,9999.000,9999.000,9999.000,9999.000,9999.000,9999.000,9999.000,9999.000
202603100736,   0.647,9999.000,9999.000,9999.000,9999.000,9999.000,9999.000,9999.000,9999.000
202603100742,   0.643,9999.000,9999.000,9999.000,9999.000,9999.000,9999.000,9999.000,9999.000
202603100748,   0.639,9999.000,9999.000,9999.000,9999.000,9999.000,9999.000,9999.000,9999.000
202603100754,   0.635,9999.000,9999.000,9999.000,9999.000,9999.000,9999.000,9999.000,9999.000
202603100800,   0.631,9999.000,   0.600,  -1.754,  -0.523,   0.500,  -0.623,   0.600,  -0.523
202603100806,   0.628,9999.000,9999.000,9999.000,9999.000,9999.000,9999.000,9999.000,9999.000
202603100812,   0.624,9999.000,9999.000,9999.000,9999.000,9999.000,9999.000,9999.000,9999.000
202603100818,   0.620,9999.000,9999.000,9999.000,9999.000,9999.000,9999.000,9999.000,9999.000
202603100824,   0.617,9999.000,9999.000,9999.000,9999.000,9999.000,9999.000,9999.000,9999.000
202603100830,   0.613,9999.000,9999.000,9999.000,9999.000,9999.000,9999.000,9999.000,9999.000
202603100836,   0.610,9999.000,9999.000,9999.000,9999.000,9999.000,9999.000,9999.000,9999.000
202603100842,   0.607,9999.000,9999.000,9999.000,9999.000,9999.000,9999.000,9999.000,9999.000
202603100848,   0.603,9999.000,9999.000,9999.000,9999.000,9999.000,9999.000,9999.000,9999.000
202603100854,   0.600,9999.000,9999.000,9999.000,9999.000,9999.000,9999.000,9999.000,9999.000
202603100900,   0.597,9999.000,   0.600,  -1.754,  -0.557,   0.500,  -0.657,   0.600,  -0.557
202603100906,   0.594,9999.000,9999.000,9999.000,9999.000,9999.000,9999.000,9999.000,9999.000
202603100912,   0.590,9999.000,9999.000,9999.000,9999.000,9999.000,9999.000,9999.000,9999.000
202603100918,   0.587,9999.000,9999.000,9999.000,9999.000,9999.000,9999.000,9999.000,9999.000
202603100924,   0.584,9999.000,9999.000,9999.000,9999.000,9999.000,9999.000,9999.000,9999.000
202603100930,   0.581,9999.000,9999.000,9999.000,9999.000,9999.000,9999.000,9999.000,9999.000
202603100936,   0.578,9999.000,9999.000,9999.000,9999.000,9999.000,9999.000,9999.000,9999.000
202603100942,   0.576,9999.000,9999.000,9999.000,9999.000,9999.000,9999.000,9999.000,9999.000
202603100948,   0.573,9999.000,9999.000,9999.000,9999.000,9999.000,9999.000,9999.000,9999.000
202603100954,   0.570,9999.000,9999.000,9999.000,9999.000,9999.000,9999.000,9999.000,9999.000
202603101000,   0.567,9999.000,   0.600,  -1.754,  -0.587,   0.500,  -0.687,   0.600,  -0.587
202603101006,   0.565,9999.000,9999.000,9999.000,9999.000,9999.000,9999.000,9999.000,9999.000
202603101012,   0.562,9999.000,9999.000,9999.000,9999.000,9999.000,9999.000,9999.000,9999.000
202603101018,   0.560,9999.000,9999.000,9999.000,9999.000,9999.000,9999.000,9999.000,9999.000
202603101024,   0.558,9999.000,9999.000,9999.000,9999.000,9999.000,9999.000,9999.000,9999.000
202603101030,   0.556,9999.000,9999.000,9999.000,9999.000,9999.000,9999.000,9999.000,9999.000
202603101036,   0.553,9999.000,9999.000,9999.000,9999.000,9999.000,9999.000,9999.000,9999.000
202603101042,   0.552,9999.000,9999.000,9999.000,9999.000,9999.000,9999.000,9999.000,9999.000
202603101048,   0.550,9999.000,9999.000,9999.000,9999.000,9999.000,9999.000,9999.000,9999.000
202603101054,   0.548,9999.000,9999.000,9999.000,9999.000,9999.000,9999.000,9999.000,9999.000
202603101100,   0.546,9999.000,   0.600,  -1.754,  -0.608,   0.500,  -0.708,   0.600,  -0.608
202603101106,   0.545,9999.000,9999.000,9999.000,9999.000,9999.000,9999.000,9999.000,9999.000
202603101112,   0.544,9999.000,9999.000,9999.000,9999.000,9999.000,9999.000,9999.000,9999.000
202603101118,   0.543,9999.000,9999.000,9999.000,9999.000,9999.000,9999.000,9999.000,9999.000
202603101124,   0.542,9999.000,9999.000,9999.000,9999.000,9999.000,9999.000,9999.000,9999.000
202603101130,   0.541,9999.000,9999.000,9999.000,9999.000,9999.000,9999.000,9999.000,9999.000
202603101136,   0.540,9999.000,9999.000,9999.000,9999.000,9999.000,9999.000,9999.000,9999.000
202603101142,   0.540,9999.000,9999.000,9999.000,9999.000,9999.000,9999.000,9999.000,9999.000
202603101148,   0.540,9999.000,9999.000,9999.000,9999.000,9999.000,9999.000,9999.000,9999.000
202603101154,   0.540,9999.000,9999.000,9999.000,9999.000,9999.000,9999.000,9999.000,9999.000
202603101200,   0.540,9999.000,   0.600,  -1.754,  -0.614,   0.500,  -0.714,   0.600,  -0.614
202603101206,   0.541,9999.000,9999.000,9999.000,9999.000,9999.000,9999.000,9999.000,9999.000
202603101212,   0.542,9999.000,9999.000,9999.000,9999.000,9999.000,9999.000,9999.000,9999.000
202603101218,   0.543,9999.000,9999.000,9999.000,9999.000,9999.000,9999.000,9999.000,9999.000
202603101224,   0.544,9999.000,9999.000,9999.000,9999.000,9999.000,9999.000,9999.000,9999.000
202603101230,   0.546,9999.000,9999.000,9999.000,9999.000,9999.000,9999.000,9999.000,9999.000
202603101236,   0.548,9999.000,9999.000,9999.000,9999.000,9999.000,9999.000,9999.000,9999.000
202603101242,   0.550,9999.000,9999.000,9999.000,9999.000,9999.000,9999.000,9999.000,9999.000
202603101248,   0.553,9999.000,9999.000,9999.000,9999.000,9999.000,9999.000,9999.000,9999.000
202603101254,   0.555,9999.000,9999.000,9999.000,9999.000,9999.000,9999.000,9999.000,9999.000
202603101300,   0.558,9999.000,   0.600,  -1.754,  -0.596,   0.500,  -0.696,   0.600,  -0.596
202603101306,   0.562,9999.000,9999.000,9999.000,9999.000,9999.000,9999.000,9999.000,9999.000
202603101312,   0.565,9999.000,9999.000,9999.000,9999.000,9999.000,9999.000,9999.000,9999.000
202603101318,   0.569,9999.000,9999.000,9999.000,9999.000,9999.000,9999.000,9999.000,9999.000
202603101324,   0.574,9999.000,9999.000,9999.000,9999.000,9999.000,9999.000,9999.000,9999.000
202603101330,   0.578,9999.000,9999.000,9999.000,9999.000,9999.000,9999.000,9999.000,9999.000
202603101336,   0.583,9999.000,9999.000,9999.000,9999.000,9999.000,9999.000,9999.000,9999.000
202603101342,   0.588,9999.000,9999.000,9999.000,9999.000,9999.000,9999.000,9999.000,9999.000
202603101348,   0.594,9999.000,9999.000,9999.000,9999.000,9999.000,9999.000,9999.000,9999.000
202603101354,   0.600,9999.000,9999.000,9999.000,9999.000,9999.000,9999.000,9999.000,9999.000
202603101400,   0.606,9999.000,   0.600,  -1.754,  -0.548,   0.500,  -0.648,   0.600,  -0.548
202603101406,   0.612,9999.000,9999.000,9999.000,9999.000,9999.000,9999.000,9999.000,9999.000
202603101412,   0.619,9999.000,9999.000,9999.000,9999.000,9999.000,9999.000,9999.000,9999.000
202603101418,   0.626,9999.000,9999.000,9999.000,9999.000,9999.000,9999.000,9999.000,9999.000
202603101424,   0.633,9999.000,9999.000,9999.000,9999.000,9999.000,9999.000,9999.000,9999.000
202603101430,   0.640,9999.000,9999.000,9999.000,9999.000,9999.000,9999.000,9999.000,9999.000
202603101436,   0.648,9999.000,9999.000,9999.000,9999.000,9999.000,9999.000,9999.000,9999.000
202603101442,   0.655,9999.000,9999.000,9999.000,9999.000,9999.000,9999.000,9999.000,9999.000
202603101448,   0.663,9999.000,9999.000,9999.000,9999.000,9999.000,9999.000,9999.000,9999.000
202603101454,   0.672,9999.000,9999.000,9999.000,9999.000,9999.000,9999.000,9999.000,9999.000
202603101500,   0.680,9999.000,   0.600,  -1.754,  -0.474,   0.500,  -0.574,   0.600,  -0.474
202603101506,   0.688,9999.000,9999.000,9999.000,9999.000,9999.000,9999.000,9999.000,9999.000
202603101512,   0.697,9999.000,9999.000,9999.000,9999.000,9999.000,9999.000,9999.000,9999.000
202603101518,   0.706,9999.000,9999.000,9999.000,9999.000,9999.000,9999.000,9999.000,9999.000
202603101524,   0.715,9999.000,9999.000,9999.000,9999.000,9999.000,9999.000,9999.000,9999.000
202603101530,   0.723,9999.000,9999.000,9999.000,9999.000,9999.000,9999.000,9999.000,9999.000
202603101536,   0.732,9999.000,9999.000,9999.000,9999.000,9999.000,9999.000,9999.000,9999.000
202603101542,   0.741,9999.000,9999.000,9999.000,9999.000,9999.000,9999.000,9999.000,9999.000
202603101548,   0.750,9999.000,9999.000,9999.000,9999.000,9999.000,9999.000,9999.000,9999.000
202603101554,   0.759,9999.000,9999.000,9999.000,9999.000,9999.000,9999.000,9999.000,9999.000
202603101600,   0.768,9999.000,   0.600,  -1.754,  -0.386,   0.500,  -0.486,   0.600,  -0.386
202603101606,   0.777,9999.000,9999.000,9999.000,9999.000,9999.000,9999.000,9999.000,9999.000
202603101612,   0.786,9999.000,9999.000,9999.000,9999.000,9999.000,9999.000,9999.000,9999.000
202603101618,   0.795,9999.000,9999.000,9999.000,9999.000,9999.000,9999.000,9999.000,9999.000
202603101624,   0.804,9999.000,9999.000,9999.000,9999.000,9999.000,9999.000,9999.000,9999.000
202603101630,   0.812,9999.000,9999.000,9999.000,9999.000,9999.000,9999.000,9999.000,9999.000
202603101636,   0.821,9999.000,9999.000,9999.000,9999.000,9999.000,9999.000,9999.000,9999.000
202603101642,   0.829,9999.000,9999.000,9999.000,9999.000,9999.000,9999.000,9999.000,9999.000
202603101648,   0.837,9999.000,9999.000,9999.000,9999.000,9999.000,9999.000,9999.000,9999.000
202603101654,   0.845,9999.000,9999.000,9999.000,9999.000,9999.000,9999.000,9999.000,9999.000
202603101700,   0.852,9999.000,   0.600,  -1.754,  -0.302,   0.500,  -0.402,   0.600,  -0.302
202603101706,   0.860,9999.000,9999.000,9999.000,9999.000,9999.000,9999.000,9999.000,9999.000
202603101712,   0.867,9999.000,9999.000,9999.000,9999.000,9999.000,9999.000,9999.000,9999.000
202603101718,   0.874,9999.000,9999.000,9999.000,9999.000,9999.000,9999.000,9999.000,9999.000
202603101724,   0.880,9999.000,9999.000,9999.000,9999.000,9999.000,9999.000,9999.000,9999.000
202603101730,   0.887,9999.000,9999.000,9999.000,9999.000,9999.000,9999.000,9999.000,9999.000
202603101736,   0.893,9999.000,9999.000,9999.000,9999.000,9999.000,9999.000,9999.000,9999.000
202603101742,   0.898,9999.000,9999.000,9999.000,9999.000,9999.000,9999.000,9999.000,9999.000
202603101748,   0.904,9999.000,9999.000,9999.000,9999.000,9999.000,9999.000,9999.000,9999.000
202603101754,   0.909,9999.000,9999.000,9999.000,9999.000,9999.000,9999.000,9999.000,9999.000
202603101800,   0.914,9999.000,   0.600,  -1.754,  -0.240,   0.600,  -0.240,   0.700,  -0.140
202603101806,   0.918,9999.000,9999.000,9999.000,9999.000,9999.000,9999.000,9999.000,9999.000
202603101812,   0.922,9999.000,9999.000,9999.000,9999.000,9999.000,9999.000,9999.000,9999.000
202603101818,   0.926,9999.000,9999.000,9999.000,9999.000,9999.000,9999.000,9999.000,9999.000
202603101824,   0.930,9999.000,9999.000,9999.000,9999.000,9999.000,9999.000,9999.000,9999.000
202603101830,   0.933,9999.000,9999.000,9999.000,9999.000,9999.000,9999.000,9999.000,9999.000
202603101836,   0.936,9999.000,9999.000,9999.000,9999.000,9999.000,9999.000,9999.000,9999.000
202603101842,   0.938,9999.000,9999.000,9999.000,9999.000,9999.000,9999.000,9999.000,9999.000
202603101848,   0.941,9999.000,9999.000,9999.000,9999.000,9999.000,9999.000,9999.000,9999.000
202603101854,   0.943,9999.000,9999.000,9999.000,9999.000,9999.000,9999.000,9999.000,9999.000
202603101900,   0.944,9999.000,   0.600,  -1.754,  -0.210,   0.600,  -0.210,   0.700,  -0.110
202603101906,   0.946,9999.000,9999.000,9999.000,9999.000,9999.000,9999.000,9999.000,9999.000
202603101912,   0.947,9999.000,9999.000,9999.000,9999.000,9999.000,9999.000,9999.000,9999.000
202603101918,   0.948,9999.000,9999.000,9999.000,9999.000,9999.000,9999.000,9999.000,9999.000
202603101924,   0.948,9999.000,9999.000,9999.000,9999.000,9999.000,9999.000,9999.000,9999.000
202603101930,   0.949,9999.000,9999.000,9999.000,9999.000,9999.000,9999.000,9999.000,9999.000
202603101936,   0.949,9999.000,9999.000,9999.000,9999.000,9999.000,9999.000,9999.000,9999.000
202603101942,   0.949,9999.000,9999.000,9999.000,9999.000,9999.000,9999.000,9999.000,9999.000
202603101948,   0.949,9999.000,9999.000,9999.000,9999.000,9999.000,9999.000,9999.000,9999.000
202603101954,   0.948,9999.000,9999.000,9999.000,9999.000,9999.000,9999.000,9999.000,9999.000
202603102000,   0.948,9999.000,   0.600,  -1.754,  -0.206,   0.600,  -0.206,   0.700,  -0.106
202603102006,   0.947,9999.000,9999.000,9999.000,9999.000,9999.000,9999.000,9999.000,9999.000
202603102012,   0.946,9999.000,9999.000,9999.000,9999.000,9999.000,9999.000,9999.000,9999.000
202603102018,   0.945,9999.000,9999.000,9999.000,9999.000,9999.000,9999.000,9999.000,9999.000
202603102024,   0.944,9999.000,9999.000,9999.000,9999.000,9999.000,9999.000,9999.000,9999.000
202603102030,   0.943,9999.000,9999.000,9999.000,9999.000,9999.000,9999.000,9999.000,9999.000
202603102036,   0.942,9999.000,9999.000,9999.000,9999.000,9999.000,9999.000,9999.000,9999.000
202603102042,   0.941,9999.000,9999.000,9999.000,9999.000,9999.000,9999.000,9999.000,9999.000
202603102048,   0.940,9999.000,9999.000,9999.000,9999.000,9999.000,9999.000,9999.000,9999.000
202603102054,   0.938,9999.000,9999.000,9999.000,9999.000,9999.000,9999.000,9999.000,9999.000
202603102100,   0.937,9999.000,   0.600,  -1.754,  -0.217,   0.600,  -0.217,   0.700,  -0.117
202603102106,   0.936,9999.000,9999.000,9999.000,9999.000,9999.000,9999.000,9999.000,9999.000
202603102112,   0.934,9999.000,9999.000,9999.000,9999.000,9999.000,9999.000,9999.000,9999.000
202603102118,   0.933,9999.000,9999.000,9999.000,9999.000,9999.000,9999.000,9999.000,9999.000
202603102124,   0.932,9999.000,9999.000,9999.000,9999.000,9999.000,9999.000,9999.000,9999.000
202603102130,   0.931,9999.000,9999.000,9999.000,9999.000,9999.000,9999.000,9999.000,9999.000
202603102136,   0.930,9999.000,9999.000,9999.000,9999.000,9999.000,9999.000,9999.000,9999.000
202603102142,   0.929,9999.000,9999.000,9999.000,9999.000,9999.000,9999.000,9999.000,9999.000
202603102148,   0.928,9999.000,9999.000,9999.000,9999.000,9999.000,9999.000,9999.000,9999.000
202603102154,   0.927,9999.000,9999.000,9999.000,9999.000,9999.000,9999.000,9999.000,9999.000
202603102200,   0.926,9999.000,   0.600,  -1.754,  -0.228,   0.600,  -0.228,   0.700,  -0.128
202603102206,   0.925,9999.000,9999.000,9999.000,9999.000,9999.000,9999.000,9999.000,9999.000
202603102212,   0.925,9999.000,9999.000,9999.000,9999.000,9999.000,9999.000,9999.000,9999.000
202603102218,   0.924,9999.000,9999.000,9999.000,9999.000,9999.000,9999.000,9999.000,9999.000
202603102224,   0.924,9999.000,9999.000,9999.000,9999.000,9999.000,9999.000,9999.000,9999.000
202603102230,   0.923,9999.000,9999.000,9999.000,9999.000,9999.000,9999.000,9999.000,9999.000
202603102236,   0.923,9999.000,9999.000,9999.000,9999.000,9999.000,9999.000,9999.000,9999.000
202603102242,   0.923,9999.000,9999.000,9999.000,9999.000,9999.000,9999.000,9999.000,9999.000
202603102248,   0.923,9999.000,9999.000,9999.000,9999.000,9999.000,9999.000,9999.000,9999.000
202603102254,   0.923,9999.000,9999.000,9999.000,9999.000,9999.000,9999.000,9999.000,9999.000
202603102300,   0.923,9999.000,   0.600,  -1.754,  -0.231,   0.600,  -0.231,   0.700,  -0.131
202603102306,   0.923,9999.000,9999.000,9999.000,9999.000,9999.000,9999.000,9999.000,9999.000
202603102312,   0.923,9999.000,9999.000,9999.000,9999.000,9999.000,9999.000,9999.000,9999.000
202603102318,   0.923,9999.000,9999.000,9999.000,9999.000,9999.000,9999.000,9999.000,9999.000
202603102324,   0.924,9999.000,9999.000,9999.000,9999.000,9999.000,9999.000,9999.000,9999.000
202603102330,   0.924,9999.000,9999.000,9999.000,9999.000,9999.000,9999.000,9999.000,9999.000
202603102336,   0.924,9999.000,9999.000,9999.000,9999.000,9999.000,9999.000,9999.000,9999.000
202603102342,   0.925,9999.000,9999.000,9999.000,9999.000,9999.000,9999.000,9999.000,9999.000
202603102348,   0.925,9999.000,9999.000,9999.000,9999.000,9999.000,9999.000,9999.000,9999.000
202603102354,   0.926,9999.000,9999.000,9999.000,9999.000,9999.000,9999.000,9999.000,9999.000
202603110000,   0.926,9999.000,   0.600,  -1.754,  -0.228,   0.600,  -0.228,   0.700,  -0.128
202603110006,   0.927,9999.000,9999.000,9999.000,9999.000,9999.000,9999.000,9999.000,9999.000
202603110012,   0.927,9999.000,9999.000,9999.000,9999.000,9999.000,9999.000,9999.000,9999.000
202603110018,   0.927,9999.000,9999.000,9999.000,9999.000,9999.000,9999.000,9999.000,9999.000
202603110024,   0.928,9999.000,9999.000,9999.000,9999.000,9999.000,9999.000,9999.000,9999.000
202603110030,   0.928,9999.000,9999.000,9999.000,9999.000,9999.000,9999.000,9999.000,9999.000
202603110036,   0.928,9999.000,9999.000,9999.000,9999.000,9999.000,9999.000,9999.000,9999.000
202603110042,   0.929,9999.000,9999.000,9999.000,9999.000,9999.000,9999.000,9999.000,9999.000
202603110048,   0.929,9999.000,9999.000,9999.000,9999.000,9999.000,9999.000,9999.000,9999.000
202603110054,   0.929,9999.000,9999.000,9999.000,9999.000,9999.000,9999.000,9999.000,9999.000
202603110100,   0.929,9999.000,   0.600,  -1.754,  -0.225,   0.600,  -0.225,   0.700,  -0.125
202603110106,   0.929,9999.000,9999.000,9999.000,9999.000,9999.000,9999.000,9999.000,9999.000
202603110112,   0.928,9999.000,9999.000,9999.000,9999.000,9999.000,9999.000,9999.000,9999.000
202603110118,   0.928,9999.000,9999.000,9999.000,9999.000,9999.000,9999.000,9999.000,9999.000
202603110124,   0.927,9999.000,9999.000,9999.000,9999.000,9999.000,9999.000,9999.000,9999.000
202603110130,   0.927,9999.000,9999.000,9999.000,9999.000,9999.000,9999.000,9999.000,9999.000
202603110136,   0.926,9999.000,9999.000,9999.000,9999.000,9999.000,9999.000,9999.000,9999.000
202603110142,   0.925,9999.000,9999.000,9999.000,9999.000,9999.000,9999.000,9999.000,9999.000
202603110148,   0.924,9999.000,9999.000,9999.000,9999.000,9999.000,9999.000,9999.000,9999.000
202603110154,   0.923,9999.000,9999.000,9999.000,9999.000,9999.000,9999.000,9999.000,9999.000
202603110200,   0.922,9999.000,   0.600,  -1.754,  -0.232,   0.600,  -0.232,   0.700,  -0.132
202603110206,   0.921,9999.000,9999.000,9999.000,9999.000,9999.000,9999.000,9999.000,9999.000
202603110212,   0.919,9999.000,9999.000,9999.000,9999.000,9999.000,9999.000,9999.000,9999.000
202603110218,   0.917,9999.000,9999.000,9999.000,9999.000,9999.000,9999.000,9999.000,9999.000
202603110224,   0.915,9999.000,9999.000,9999.000,9999.000,9999.000,9999.000,9999.000,9999.000
202603110230,   0.913,9999.000,9999.000,9999.000,9999.000,9999.000,9999.000,9999.000,9999.000
202603110236,   0.911,9999.000,9999.000,9999.000,9999.000,9999.000,9999.000,9999.000,9999.000
202603110242,   0.909,9999.000,9999.000,9999.000,9999.000,9999.000,9999.000,9999.000,9999.000
202603110248,   0.907,9999.000,9999.000,9999.000,9999.000,9999.000,9999.000,9999.000,9999.000
202603110254,   0.904,9999.000,9999.000,9999.000,9999.000,9999.000,9999.000,9999.000,9999.000
202603110300,   0.901,9999.000,   0.600,  -1.754,  -0.253,   0.600,  -0.253,   0.700,  -0.153
202603110306,   0.899,9999.000,9999.000,9999.000,9999.000,9999.000,9999.000,9999.000,9999.000
202603110312,   0.896,9999.000,9999.000,9999.000,9999.000,9999.000,9999.000,9999.000,9999.000
202603110318,   0.893,9999.000,9999.000,9999.000,9999.000,9999.000,9999.000,9999.000,9999.000
202603110324,   0.889,9999.000,9999.000,9999.000,9999.000,9999.000,9999.000,9999.000,9999.000
202603110330,   0.886,9999.000,9999.000,9999.000,9999.000,9999.000,9999.000,9999.000,9999.000
202603110336,   0.883,9999.000,9999.000,9999.000,9999.000,9999.000,9999.000,9999.000,9999.000
202603110342,   0.879,9999.000,9999.000,9999.000,9999.000,9999.000,9999.000,9999.000,9999.000
202603110348,   0.875,9999.000,9999.000,9999.000,9999.000,9999.000,9999.000,9999.000,9999.000
202603110354,   0.872,9999.000,9999.000,9999.000,9999.000,9999.000,9999.000,9999.000,9999.000
202603110400,   0.868,9999.000,   0.600,  -1.754,  -0.286,   0.600,  -0.286,   0.700,  -0.186
202603110406,   0.864,9999.000,9999.000,9999.000,9999.000,9999.000,9999.000,9999.000,9999.000
202603110412,   0.860,9999.000,9999.000,9999.000,9999.000,9999.000,9999.000,9999.000,9999.000
202603110418,   0.856,9999.000,9999.000,9999.000,9999.000,9999.000,9999.000,9999.000,9999.000
202603110424,   0.852,9999.000,9999.000,9999.000,9999.000,9999.000,9999.000,9999.000,9999.000
202603110430,   0.848,9999.000,9999.000,9999.000,9999.000,9999.000,9999.000,9999.000,9999.000
202603110436,   0.843,9999.000,9999.000,9999.000,9999.000,9999.000,9999.000,9999.000,9999.000
202603110442,   0.839,9999.000,9999.000,9999.000,9999.000,9999.000,9999.000,9999.000,9999.000
202603110448,   0.835,9999.000,9999.000,9999.000,9999.000,9999.000,9999.000,9999.000,9999.000
202603110454,   0.830,9999.000,9999.000,9999.000,9999.000,9999.000,9999.000,9999.000,9999.000
202603110500,   0.826,9999.000,   0.600,  -1.754,  -0.328,   0.600,  -0.328,   0.700,  -0.228
202603110506,   0.822,9999.000,9999.000,9999.000,9999.000,9999.000,9999.000,9999.000,9999.000
202603110512,   0.817,9999.000,9999.000,9999.000,9999.000,9999.000,9999.000,9999.000,9999.000
202603110518,   0.813,9999.000,9999.000,9999.000,9999.000,9999.000,9999.000,9999.000,9999.000
202603110524,   0.808,9999.000,9999.000,9999.000,9999.000,9999.000,9999.000,9999.000,9999.000
202603110530,   0.804,9999.000,9999.000,9999.000,9999.000,9999.000,9999.000,9999.000,9999.000
202603110536,   0.799,9999.000,9999.000,9999.000,9999.000,9999.000,9999.000,9999.000,9999.000
202603110542,   0.794,9999.000,9999.000,9999.000,9999.000,9999.000,9999.000,9999.000,9999.000
202603110548,   0.790,9999.000,9999.000,9999.000,9999.000,9999.000,9999.000,9999.000,9999.000
202603110554,   0.785,9999.000,9999.000,9999.000,9999.000,9999.000,9999.000,9999.000,9999.000
202603110600,   0.781,9999.000,   0.600,  -1.754,  -0.373,   0.600,  -0.373,   0.700,  -0.273
202603110606,   0.776,9999.000,9999.000,9999.000,9999.000,9999.000,9999.000,9999.000,9999.000
202603110612,   0.772,9999.000,9999.000,9999.000,9999.000,9999.000,9999.000,9999.000,9999.000
202603110618,   0.767,9999.000,9999.000,9999.000,9999.000,9999.000,9999.000,9999.000,9999.000
202603110624,   0.763,9999.000,9999.000,9999.000,9999.000,9999.000,9999.000,9999.000,9999.000
202603110630,   0.758,9999.000,9999.000,9999.000,9999.000,9999.000,9999.000,9999.000,9999.000
202603110636,   0.754,9999.000,9999.000,9999.000,9999.000,9999.000,9999.000,9999.000,9999.000
202603110642,   0.749,9999.000,9999.000,9999.000,9999.000,9999.000,9999.000,9999.000,9999.000
202603110648,   0.745,9999.000,9999.000,9999.000,9999.000,9999.000,9999.000,9999.000,9999.000
202603110654,   0.740,9999.000,9999.000,9999.000,9999.000,9999.000,9999.000,9999.000,9999.000
202603110700,   0.736,9999.000,   0.600,  -1.754,  -0.418,   0.600,  -0.418,   0.700,  -0.318
202603110706,   0.732,9999.000,9999.000,9999.000,9999.000,9999.000,9999.000,9999.000,9999.000
202603110712,   0.727,9999.000,9999.000,9999.000,9999.000,9999.000,9999.000,9999.000,9999.000
202603110718,   0.723,9999.000,9999.000,9999.000,9999.000,9999.000,9999.000,9999.000,9999.000
202603110724,   0.718,9999.000,9999.000,9999.000,9999.000,9999.000,9999.000,9999.000,9999.000
202603110730,   0.714,9999.000,9999.000,9999.000,9999.000,9999.000,9999.000,9999.000,9999.000
202603110736,   0.710,9999.000,9999.000,9999.000,9999.000,9999.000,9999.000,9999.000,9999.000
202603110742,   0.706,9999.000,9999.000,9999.000,9999.000,9999.000,9999.000,9999.000,9999.000
202603110748,   0.701,9999.000,9999.000,9999.000,9999.000,9999.000,9999.000,9999.000,9999.000
202603110754,   0.697,9999.000,9999.000,9999.000,9999.000,9999.000,9999.000,9999.000,9999.000
202603110800,   0.693,9999.000,   0.600,  -1.754,  -0.461,   0.600,  -0.461,   0.700,  -0.361
202603110806,   0.689,9999.000,9999.000,9999.000,9999.000,9999.000,9999.000,9999.000,9999.000
202603110812,   0.684,9999.000,9999.000,9999.000,9999.000,9999.000,9999.000,9999.000,9999.000
202603110818,   0.680,9999.000,9999.000,9999.000,9999.000,9999.000,9999.000,9999.000,9999.000
202603110824,   0.676,9999.000,9999.000,9999.000,9999.000,9999.000,9999.000,9999.000,9999.000
202603110830,   0.672,9999.000,9999.000,9999.000,9999.000,9999.000,9999.000,9999.000,9999.000
202603110836,   0.668,9999.000,9999.000,9999.000,9999.000,9999.000,9999.000,9999.000,9999.000
202603110842,   0.663,9999.000,9999.000,9999.000,9999.000,9999.000,9999.000,9999.000,9999.000
202603110848,   0.659,9999.000,9999.000,9999.000,9999.000,9999.000,9999.000,9999.000,9999.000
202603110854,   0.655,9999.000,9999.000,9999.000,9999.000,9999.000,9999.000,9999.000,9999.000
202603110900,   0.651,9999.000,   0.600,  -1.754,  -0.503,   0.600,  -0.503,   0.700,  -0.403
202603110906,   0.647,9999.000,9999.000,9999.000,9999.000,9999.000,9999.000,9999.000,9999.000
202603110912,   0.643,9999.000,9999.000,9999.000,9999.000,9999.000,9999.000,9999.000,9999.000
202603110918,   0.639,9999.000,9999.000,9999.000,9999.000,9999.000,9999.000,9999.000,9999.000
202603110924,   0.635,9999.000,9999.000,9999.000,9999.000,9999.000,9999.000,9999.000,9999.000
202603110930,   0.631,9999.000,9999.000,9999.000,9999.000,9999.000,9999.000,9999.000,9999.000
202603110936,   0.627,9999.000,9999.000,9999.000,9999.000,9999.000,9999.000,9999.000,9999.000
202603110942,   0.623,9999.000,9999.000,9999.000,9999.000,9999.000,9999.000,9999.000,9999.000
202603110948,   0.619,9999.000,9999.000,9999.000,9999.000,9999.000,9999.000,9999.000,9999.000
202603110954,   0.615,9999.000,9999.000,9999.000,9999.000,9999.000,9999.000,9999.000,9999.000
202603111000,   0.611,9999.000,   0.600,  -1.754,  -0.543,   0.600,  -0.543,   0.800,  -0.343
202603111006,   0.607,9999.000,9999.000,9999.000,9999.000,9999.000,9999.000,9999.000,9999.000
202603111012,   0.603,9999.000,9999.000,9999.000,9999.000,9999.000,9999.000,9999.000,9999.000
202603111018,   0.599,9999.000,9999.000,9999.000,9999.000,9999.000,9999.000,9999.000,9999.000
202603111024,   0.596,9999.000,9999.000,9999.000,9999.000,9999.000,9999.000,9999.000,9999.000
202603111030,   0.592,9999.000,9999.000,9999.000,9999.000,9999.000,9999.000,9999.000,9999.000
202603111036,   0.588,9999.000,9999.000,9999.000,9999.000,9999.000,9999.000,9999.000,9999.000
202603111042,   0.585,9999.000,9999.000,9999.000,9999.000,9999.000,9999.000,9999.000,9999.000
202603111048,   0.581,9999.000,9999.000,9999.000,9999.000,9999.000,9999.000,9999.000,9999.000
202603111054,   0.577,9999.000,9999.000,9999.000,9999.000,9999.000,9999.000,9999.000,9999.000
202603111100,   0.574,9999.000,   0.700,  -1.754,  -0.480,   0.600,  -0.580,   0.800,  -0.380
202603111106,   0.571,9999.000,9999.000,9999.000,9999.000,9999.000,9999.000,9999.000,9999.000
202603111112,   0.567,9999.000,9999.000,9999.000,9999.000,9999.000,9999.000,9999.000,9999.000
202603111118,   0.564,9999.000,9999.000,9999.000,9999.000,9999.000,9999.000,9999.000,9999.000
202603111124,   0.561,9999.000,9999.000,9999.000,9999.000,9999.000,9999.000,9999.000,9999.000
202603111130,   0.558,9999.000,9999.000,9999.000,9999.000,9999.000,9999.000,9999.000,9999.000
202603111136,   0.556,9999.000,9999.000,9999.000,9999.000,9999.000,9999.000,9999.000,9999.000
202603111142,   0.553,9999.000,9999.000,9999.000,9999.000,9999.000,9999.000,9999.000,9999.000
202603111148,   0.550,9999.000,9999.000,9999.000,9999.000,9999.000,9999.000,9999.000,9999.000
202603111154,   0.548,9999.000,9999.000,9999.000,9999.000,9999.000,9999.000,9999.000,9999.000
202603111200,   0.546,9999.000,   0.700,  -1.754,  -0.508,   0.600,  -0.608,   0.800,  -0.408
202603111206,   0.544,9999.000,9999.000,9999.000,9999.000,9999.000,9999.000,9999.000,9999.000
202603111212,   0.542,9999.000,9999.000,9999.000,9999.000,9999.000,9999.000,9999.000,9999.000
202603111218,   0.540,9999.000,9999.000,9999.000,9999.000,9999.000,9999.000,9999.000,9999.000
202603111224,   0.539,9999.000,9999.000,9999.000,9999.000,9999.000,9999.000,9999.000,9999.000
202603111230,   0.538,9999.000,9999.000,9999.000,9999.000,9999.000,9999.000,9999.000,9999.000
202603111236,   0.537,9999.000,9999.000,9999.000,9999.000,9999.000,9999.000,9999.000,9999.000
202603111242,   0.536,9999.000,9999.000,9999.000,9999.000,9999.000,9999.000,9999.000,9999.000
202603111248,   0.536,9999.000,9999.000,9999.000,9999.000,9999.000,9999.000,9999.000,9999.000
202603111254,   0.535,9999.000,9999.000,9999.000,9999.000,9999.000,9999.000,9999.000,9999.000
202603111300,   0.535,9999.000,   0.700,  -1.754,  -0.519,   0.600,  -0.619,   0.800,  -0.419
202603111306,   0.536,9999.000,9999.000,9999.000,9999.000,9999.000,9999.000,9999.000,9999.000
202603111312,   0.536,9999.000,9999.000,9999.000,9999.000,9999.000,9999.000,9999.000,9999.000
202603111318,   0.537,9999.000,9999.000,9999.000,9999.000,9999.000,9999.000,9999.000,9999.000
202603111324,   0.539,9999.000,9999.000,9999.000,9999.000,9999.000,9999.000,9999.000,9999.000
202603111330,   0.540,9999.000,9999.000,9999.000,9999.000,9999.000,9999.000,9999.000,9999.000
202603111336,   0.542,9999.000,9999.000,9999.000,9999.000,9999.000,9999.000,9999.000,9999.000
202603111342,   0.544,9999.000,9999.000,9999.000,9999.000,9999.000,9999.000,9999.000,9999.000
202603111348,   0.547,9999.000,9999.000,9999.000,9999.000,9999.000,9999.000,9999.000,9999.000
202603111354,   0.550,9999.000,9999.000,9999.000,9999.000,9999.000,9999.000,9999.000,9999.000
202603111400,   0.553,9999.000,   0.700,  -1.754,  -0.501,   0.600,  -0.601,   0.800,  -0.401
202603111406,   0.557,9999.000,9999.000,9999.000,9999.000,9999.000,9999.000,9999.000,9999.000
202603111412,   0.561,9999.000,9999.000,9999.000,9999.000,9999.000,9999.000,9999.000,9999.000
202603111418,   0.565,9999.000,9999.000,9999.000,9999.000,9999.000,9999.000,9999.000,9999.000
202603111424,   0.570,9999.000,9999.000,9999.000,9999.000,9999.000,9999.000,9999.000,9999.000
202603111430,   0.575,9999.000,9999.000,9999.000,9999.000,9999.000,9999.000,9999.000,9999.000
202603111436,   0.580,9999.000,9999.000,9999.000,9999.000,9999.000,9999.000,9999.000,9999.000
202603111442,   0.586,9999.000,9999.000,9999.000,9999.000,9999.000,9999.000,9999.000,9999.000
202603111448,   0.592,9999.000,9999.000,9999.000,9999.000,9999.000,9999.000,9999.000,9999.000
202603111454,   0.599,9999.000,9999.000,9999.000,9999.000,9999.000,9999.000,9999.000,9999.000
202603111500,   0.605,9999.000,   0.700,  -1.754,  -0.449,   0.600,  -0.549,   0.800,  -0.349
202603111506,   0.612,9999.000,9999.000,9999.000,9999.000,9999.000,9999.000,9999.000,9999.000
202603111512,   0.620,9999.000,9999.000,9999.000,9999.000,9999.000,9999.000,9999.000,9999.000
202603111518,   0.627,9999.000,9999.000,9999.000,9999.000,9999.000,9999.000,9999.000,9999.000
202603111524,   0.635,9999.000,9999.000,9999.000,9999.000,9999.000,9999.000,9999.000,9999.000
202603111530,   0.644,9999.000,9999.000,9999.000,9999.000,9999.000,9999.000,9999.000,9999.000
202603111536,   0.652,9999.000,9999.000,9999.000,9999.000,9999.000,9999.000,9999.000,9999.000
202603111542,   0.661,9999.000,9999.000,9999.000,9999.000,9999.000,9999.000,9999.000,9999.000
202603111548,   0.670,9999.000,9999.000,9999.000,9999.000,9999.000,9999.000,9999.000,9999.000
202603111554,   0.679,9999.000,9999.000,9999.000,9999.000,9999.000,9999.000,9999.000,9999.000
202603111600,   0.688,9999.000,   0.700,  -1.754,  -0.366,   0.600,  -0.466,   0.800,  -0.266
202603111606,   0.698,9999.000,9999.000,9999.000,9999.000,9999.000,9999.000,9999.000,9999.000
202603111612,   0.707,9999.000,9999.000,9999.000,9999.000,9999.000,9999.000,9999.000,9999.000
202603111618,   0.717,9999.000,9999.000,9999.000,9999.000,9999.000,9999.000,9999.000,9999.000
202603111624,   0.727,9999.000,9999.000,9999.000,9999.000,9999.000,9999.000,9999.000,9999.000
202603111630,   0.737,9999.000,9999.000,9999.000,9999.000,9999.000,9999.000,9999.000,9999.000
202603111636,   0.747,9999.000,9999.000,9999.000,9999.000,9999.000,9999.000,9999.000,9999.000
202603111642,   0.757,9999.000,9999.000,9999.000,9999.000,9999.000,9999.000,9999.000,9999.000
202603111648,   0.767,9999.000,9999.000,9999.000,9999.000,9999.000,9999.000,9999.000,9999.000
202603111654,   0.777,9999.000,9999.000,9999.000,9999.000,9999.000,9999.000,9999.000,9999.000
202603111700,   0.787,9999.000,   0.700,  -1.754,  -0.267,   0.600,  -0.367,   0.800,  -0.167
202603111706,   0.797,9999.000,9999.000,9999.000,9999.000,9999.000,9999.000,9999.000,9999.000
202603111712,   0.807,9999.000,9999.000,9999.000,9999.000,9999.000,9999.000,9999.000,9999.000
202603111718,   0.817,9999.000,9999.000,9999.000,9999.000,9999.000,9999.000,9999.000,9999.000
202603111724,   0.826,9999.000,9999.000,9999.000,9999.000,9999.000,9999.000,9999.000,9999.000
202603111730,   0.836,9999.000,9999.000,9999.000,9999.000,9999.000,9999.000,9999.000,9999.000
202603111736,   0.845,9999.000,9999.000,9999.000,9999.000,9999.000,9999.000,9999.000,9999.000
202603111742,   0.854,9999.000,9999.000,9999.000,9999.000,9999.000,9999.000,9999.000,9999.000
202603111748,   0.863,9999.000,9999.000,9999.000,9999.000,9999.000,9999.000,9999.000,9999.000
202603111754,   0.872,9999.000,9999.000,9999.000,9999.000,9999.000,9999.000,9999.000,9999.000
202603111800,   0.880,9999.000,   0.700,  -1.754,  -0.174,   0.700,  -0.174,   0.800,  -0.074
202603111806,   0.888,9999.000,9999.000,9999.000,9999.000,9999.000,9999.000,9999.000,9999.000
202603111812,   0.896,9999.000,9999.000,9999.000,9999.000,9999.000,9999.000,9999.000,9999.000
202603111818,   0.904,9999.000,9999.000,9999.000,9999.000,9999.000,9999.000,9999.000,9999.000
202603111824,   0.911,9999.000,9999.000,9999.000,9999.000,9999.000,9999.000,9999.000,9999.000
202603111830,   0.918,9999.000,9999.000,9999.000,9999.000,9999.000,9999.000,9999.000,9999.000
202603111836,   0.925,9999.000,9999.000,9999.000,9999.000,9999.000,9999.000,9999.000,9999.000
202603111842,   0.931,9999.000,9999.000,9999.000,9999.000,9999.000,9999.000,9999.000,9999.000
202603111848,   0.937,9999.000,9999.000,9999.000,9999.000,9999.000,9999.000,9999.000,9999.000
202603111854,   0.943,9999.000,9999.000,9999.000,9999.000,9999.000,9999.000,9999.000,9999.000
202603111900,   0.948,9999.000,   0.700,  -1.754,  -0.106,   0.700,  -0.106,   0.800,  -0.006
202603111906,   0.953,9999.000,9999.000,9999.000,9999.000,9999.000,9999.000,9999.000,9999.000
202603111912,   0.957,9999.000,9999.000,9999.000,9999.000,9999.000,9999.000,9999.000,9999.000
202603111918,   0.962,9999.000,9999.000,9999.000,9999.000,9999.000,9999.000,9999.000,9999.000
202603111924,   0.965,9999.000,9999.000,9999.000,9999.000,9999.000,9999.000,9999.000,9999.000
202603111930,   0.969,9999.000,9999.000,9999.000,9999.000,9999.000,9999.000,9999.000,9999.000
202603111936,   0.972,9999.000,9999.000,9999.000,9999.000,9999.000,9999.000,9999.000,9999.000
202603111942,   0.975,9999.000,9999.000,9999.000,9999.000,9999.000,9999.000,9999.000,9999.000
202603111948,   0.977,9999.000,9999.000,9999.000,9999.000,9999.000,9999.000,9999.000,9999.000
202603111954,   0.979,9999.000,9999.000,9999.000,9999.000,9999.000,9999.000,9999.000,9999.000
202603112000,   0.981,9999.000,   0.800,  -1.754,   0.027,   0.700,  -0.073,   0.800,   0.027
202603112006,   0.983,9999.000,9999.000,9999.000,9999.000,9999.000,9999.000,9999.000,9999.000
202603112012,   0.984,9999.000,9999.000,9999.000,9999.000,9999.000,9999.000,9999.000,9999.000
202603112018,   0.985,9999.000,9999.000,9999.000,9999.000,9999.000,9999.000,9999.000,9999.000
202603112024,   0.986,9999.000,9999.000,9999.000,9999.000,9999.000,9999.000,9999.000,9999.000
202603112030,   0.986,9999.000,9999.000,9999.000,9999.000,9999.000,9999.000,9999.000,9999.000
202603112036,   0.986,9999.000,9999.000,9999.000,9999.000,9999.000,9999.000,9999.000,9999.000
202603112042,   0.986,9999.000,9999.000,9999.000,9999.000,9999.000,9999.000,9999.000,9999.000
202603112048,   0.986,9999.000,9999.000,9999.000,9999.000,9999.000,9999.000,9999.000,9999.000
202603112054,   0.985,9999.000,9999.000,9999.000,9999.000,9999.000,9999.000,9999.000,9999.000
202603112100,   0.985,9999.000,   0.800,  -1.754,   0.031,   0.700,  -0.069,   0.800,   0.031
202603112106,   0.984,9999.000,9999.000,9999.000,9999.000,9999.000,9999.000,9999.000,9999.000
202603112112,   0.983,9999.000,9999.000,9999.000,9999.000,9999.000,9999.000,9999.000,9999.000
202603112118,   0.982,9999.000,9999.000,9999.000,9999.000,9999.000,9999.000,9999.000,9999.000
202603112124,   0.981,9999.000,9999.000,9999.000,9999.000,9999.000,9999.000,9999.000,9999.000
202603112130,   0.980,9999.000,9999.000,9999.000,9999.000,9999.000,9999.000,9999.000,9999.000
202603112136,   0.979,9999.000,9999.000,9999.000,9999.000,9999.000,9999.000,9999.000,9999.000
202603112142,   0.977,9999.000,9999.000,9999.000,9999.000,9999.000,9999.000,9999.000,9999.000
202603112148,   0.976,9999.000,9999.000,9999.000,9999.000,9999.000,9999.000,9999.000,9999.000
202603112154,   0.975,9999.000,9999.000,9999.000,9999.000,9999.000,9999.000,9999.000,9999.000
202603112200,   0.973,9999.000,   0.800,  -1.754,   0.019,   0.700,  -0.081,   0.800,   0.019
202603112206,   0.972,9999.000,9999.000,9999.000,9999.000,9999.000,9999.000,9999.000,9999.000
202603112212,   0.970,9999.000,9999.000,9999.000,9999.000,9999.000,9999.000,9999.000,9999.000
202603112218,   0.969,9999.000,9999.000,9999.000,9999.000,9999.000,9999.000,9999.000,9999.000
202603112224,   0.968,9999.000,9999.000,9999.000,9999.000,9999.000,9999.000,9999.000,9999.000
202603112230,   0.966,9999.000,9999.000,9999.000,9999.000,9999.000,9999.000,9999.000,9999.000
202603112236,   0.965,9999.000,9999.000,9999.000,9999.000,9999.000,9999.000,9999.000,9999.000
202603112242,   0.964,9999.000,9999.000,9999.000,9999.000,9999.000,9999.000,9999.000,9999.000
202603112248,   0.963,9999.000,9999.000,9999.000,9999.000,9999.000,9999.000,9999.000,9999.000
202603112254,   0.962,9999.000,9999.000,9999.000,9999.000,9999.000,9999.000,9999.000,9999.000
202603112300,   0.961,9999.000,   0.800,  -1.754,   0.007,   0.700,  -0.093,   0.800,   0.007
202603112306,   0.960,9999.000,9999.000,9999.000,9999.000,9999.000,9999.000,9999.000,9999.000
202603112312,   0.959,9999.000,9999.000,9999.000,9999.000,9999.000,9999.000,9999.000,9999.000
202603112318,   0.959,9999.000,9999.000,9999.000,9999.000,9999.000,9999.000,9999.000,9999.000
202603112324,   0.958,9999.000,9999.000,9999.000,9999.000,9999.000,9999.000,9999.000,9999.000
202603112330,   0.957,9999.000,9999.000,9999.000,9999.000,9999.000,9999.000,9999.000,9999.000
202603112336,   0.957,9999.000,9999.000,9999.000,9999.000,9999.000,9999.000,9999.000,9999.000
202603112342,   0.957,9999.000,9999.000,9999.000,9999.000,9999.000,9999.000,9999.000,9999.000
202603112348,   0.956,9999.000,9999.000,9999.000,9999.000,9999.000,9999.000,9999.000,9999.000
202603112354,   0.956,9999.000,9999.000,9999.000,9999.000,9999.000,9999.000,9999.000,9999.000
202603120000,   0.956,9999.000,   0.800,  -1.754,   0.002,   0.700,  -0.098,   0.800,   0.002
202603120006,   0.956,9999.000,9999.000,9999.000,9999.000,9999.000,9999.000,9999.000,9999.000
202603120012,   0.956,9999.000,9999.000,9999.000,9999.000,9999.000,9999.000,9999.000,9999.000
202603120018,   0.956,9999.000,9999.000,9999.000,9999.000,9999.000,9999.000,9999.000,9999.000
202603120024,   0.956,9999.000,9999.000,9999.000,9999.000,9999.000,9999.000,9999.000,9999.000
202603120030,   0.956,9999.000,9999.000,9999.000,9999.000,9999.000,9999.000,9999.000,9999.000
202603120036,   0.956,9999.000,9999.000,9999.000,9999.000,9999.000,9999.000,9999.000,9999.000
202603120042,   0.956,9999.000,9999.000,9999.000,9999.000,9999.000,9999.000,9999.000,9999.000
202603120048,   0.956,9999.000,9999.000,9999.000,9999.000,9999.000,9999.000,9999.000,9999.000
202603120054,   0.957,9999.000,9999.000,9999.000,9999.000,9999.000,9999.000,9999.000,9999.000
202603120100,   0.957,9999.000,   0.800,  -1.754,   0.003,   0.700,  -0.097,   0.800,   0.003
202603120106,   0.957,9999.000,9999.000,9999.000,9999.000,9999.000,9999.000,9999.000,9999.000
202603120112,   0.957,9999.000,9999.000,9999.000,9999.000,9999.000,9999.000,9999.000,9999.000
202603120118,   0.957,9999.000,9999.000,9999.000,9999.000,9999.000,9999.000,9999.000,9999.000
202603120124,   0.957,9999.000,9999.000,9999.000,9999.000,9999.000,9999.000,9999.000,9999.000
202603120130,   0.957,9999.000,9999.000,9999.000,9999.000,9999.000,9999.000,9999.000,9999.000
202603120136,   0.957,9999.000,9999.000,9999.000,9999.000,9999.000,9999.000,9999.000,9999.000
202603120142,   0.956,9999.000,9999.000,9999.000,9999.000,9999.000,9999.000,9999.000,9999.000
202603120148,   0.956,9999.000,9999.000,9999.000,9999.000,9999.000,9999.000,9999.000,9999.000
202603120154,   0.956,9999.000,9999.000,9999.000,9999.000,9999.000,9999.000,9999.000,9999.000
202603120200,   0.955,9999.000,   0.800,  -1.754,   0.001,   0.600,  -0.199,   0.800,   0.001
202603120206,   0.955,9999.000,9999.000,9999.000,9999.000,9999.000,9999.000,9999.000,9999.000
202603120212,   0.954,9999.000,9999.000,9999.000,9999.000,9999.000,9999.000,9999.000,9999.000
202603120218,   0.954,9999.000,9999.000,9999.000,9999.000,9999.000,9999.000,9999.000,9999.000
202603120224,   0.953,9999.000,9999.000,9999.000,9999.000,9999.000,9999.000,9999.000,9999.000
202603120230,   0.952,9999.000,9999.000,9999.000,9999.000,9999.000,9999.000,9999.000,9999.000
202603120236,   0.951,9999.000,9999.000,9999.000,9999.000,9999.000,9999.000,9999.000,9999.000
202603120242,   0.949,9999.000,9999.000,9999.000,9999.000,9999.000,9999.000,9999.000,9999.000
202603120248,   0.948,9999.000,9999.000,9999.000,9999.000,9999.000,9999.000,9999.000,9999.000
202603120254,   0.947,9999.000,9999.000,9999.000,9999.000,9999.000,9999.000,9999.000,9999.000
202603120300,   0.945,9999.000,   0.800,  -1.754,  -0.009,   0.600,  -0.209,   0.800,  -0.009
202603120306,   0.943,9999.000,9999.000,9999.000,9999.000,9999.000,9999.000,9999.000,9999.000
202603120312,   0.942,9999.000,9999.000,9999.000,9999.000,9999.000,9999.000,9999.000,9999.000
202603120318,   0.940,9999.000,9999.000,9999.000,9999.000,9999.000,9999.000,9999.000,9999.000
202603120324,   0.938,9999.000,9999.000,9999.000,9999.000,9999.000,9999.000,9999.000,9999.000
202603120330,   0.935,9999.000,9999.000,9999.000,9999.000,9999.000,9999.000,9999.000,9999.000
202603120336,   0.933,9999.000,9999.000,9999.000,9999.000,9999.000,9999.000,9999.000,9999.000
202603120342,   0.931,9999.000,9999.000,9999.000,9999.000,9999.000,9999.000,9999.000,9999.000
202603120348,   0.928,9999.000,9999.000,9999.000,9999.000,9999.000,9999.000,9999.000,9999.000
202603120354,   0.926,9999.000,9999.000,9999.000,9999.000,9999.000,9999.000,9999.000,9999.000
202603120400,   0.923,9999.000,   0.800,  -1.754,  -0.031,   0.600,  -0.231,   0.800,  -0.031
202603120406,   0.920,9999.000,9999.000,9999.000,9999.000,9999.000,9999.000,9999.000,9999.000
202603120412,   0.917,9999.000,9999.000,9999.000,9999.000,9999.000,9999.000,9999.000,9999.000
202603120418,   0.914,9999.000,9999.000,9999.000,9999.000,9999.000,9999.000,9999.000,9999.000
202603120424,   0.911,9999.000,9999.000,9999.000,9999.000,9999.000,9999.000,9999.000,9999.000
202603120430,   0.908,9999.000,9999.000,9999.000,9999.000,9999.000,9999.000,9999.000,9999.000
202603120436,   0.904,9999.000,9999.000,9999.000,9999.000,9999.000,9999.000,9999.000,9999.000
202603120442,   0.901,9999.000,9999.000,9999.000,9999.000,9999.000,9999.000,9999.000,9999.000
202603120448,   0.898,9999.000,9999.000,9999.000,9999.000,9999.000,9999.000,9999.000,9999.000
202603120454,   0.894,9999.000,9999.000,9999.000,9999.000,9999.000,9999.000,9999.000,9999.000
202603120500,   0.890,9999.000,   0.800,  -1.754,  -0.064,   0.600,  -0.264,   0.800,  -0.064
202603120506,   0.887,9999.000,9999.000,9999.000,9999.000,9999.000,9999.000,9999.000,9999.000
202603120512,   0.883,9999.000,9999.000,9999.000,9999.000,9999.000,9999.000,9999.000,9999.000
202603120518,   0.879,9999.000,9999.000,9999.000,9999.000,9999.000,9999.000,9999.000,9999.000
202603120524,   0.875,9999.000,9999.000,9999.000,9999.000,9999.000,9999.000,9999.000,9999.000
202603120530,   0.871,9999.000,9999.000,9999.000,9999.000,9999.000,9999.000,9999.000,9999.000
202603120536,   0.868,9999.000,9999.000,9999.000,9999.000,9999.000,9999.000,9999.000,9999.000
202603120542,   0.864,9999.000,9999.000,9999.000,9999.000,9999.000,9999.000,9999.000,9999.000
202603120548,   0.859,9999.000,9999.000,9999.000,9999.000,9999.000,9999.000,9999.000,9999.000
202603120554,   0.855,9999.000,9999.000,9999.000,9999.000,9999.000,9999.000,9999.000,9999.000
202603120600,   0.851,9999.000,   0.700,  -1.754,  -0.203,   0.600,  -0.303,   0.800,  -0.103
202603120606,   0.847,9999.000,9999.000,9999.000,9999.000,9999.000,9999.000,9999.000,9999.000
202603120612,   0.843,9999.000,9999.000,9999.000,9999.000,9999.000,9999.000,9999.000,9999.000
202603120618,   0.839,9999.000,9999.000,9999.000,9999.000,9999.000,9999.000,9999.000,9999.000
202603120624,   0.835,9999.000,9999.000,9999.000,9999.000,9999.000,9999.000,9999.000,9999.000
202603120630,   0.830,9999.000,9999.000,9999.000,9999.000,9999.000,9999.000,9999.000,9999.000
202603120636,   0.826,9999.000,9999.000,9999.000,9999.000,9999.000,9999.000,9999.000,9999.000
202603120642,   0.822,9999.000,9999.000,9999.000,9999.000,9999.000,9999.000,9999.000,9999.000
202603120648,   0.817,9999.000,9999.000,9999.000,9999.000,9999.000,9999.000,9999.000,9999.000
202603120654,   0.813,9999.000,9999.000,9999.000,9999.000,9999.000,9999.000,9999.000,9999.000
202603120700,   0.809,9999.000,   0.700,  -1.754,  -0.245,   0.600,  -0.345,   0.800,  -0.145
202603120706,   0.804,9999.000,9999.000,9999.000,9999.000,9999.000,9999.000,9999.000,9999.000
202603120712,   0.800,9999.000,9999.000,9999.000,9999.000,9999.000,9999.000,9999.000,9999.000
202603120718,   0.795,9999.000,9999.000,9999.000,9999.000,9999.000,9999.000,9999.000,9999.000
202603120724,   0.791,9999.000,9999.000,9999.000,9999.000,9999.000,9999.000,9999.000,9999.000
202603120730,   0.786,9999.000,9999.000,9999.000,9999.000,9999.000,9999.000,9999.000,9999.000
202603120736,   0.782,9999.000,9999.000,9999.000,9999.000,9999.000,9999.000,9999.000,9999.000
202603120742,   0.777,9999.000,9999.000,9999.000,9999.000,9999.000,9999.000,9999.000,9999.000
202603120748,   0.773,9999.000,9999.000,9999.000,9999.000,9999.000,9999.000,9999.000,9999.000
202603120754,   0.768,9999.000,9999.000,9999.000,9999.000,9999.000,9999.000,9999.000,9999.000
202603120800,   0.764,9999.000,   0.700,  -1.754,  -0.290,   0.600,  -0.390,   0.800,  -0.190
202603120806,   0.759,9999.000,9999.000,9999.000,9999.000,9999.000,9999.000,9999.000,9999.000
202603120812,   0.755,9999.000,9999.000,9999.000,9999.000,9999.000,9999.000,9999.000,9999.000
202603120818,   0.750,9999.000,9999.000,9999.000,9999.000,9999.000,9999.000,9999.000,9999.000
202603120824,   0.745,9999.000,9999.000,9999.000,9999.000,9999.000,9999.000,9999.000,9999.000
202603120830,   0.741,9999.000,9999.000,9999.000,9999.000,9999.000,9999.000,9999.000,9999.000
202603120836,   0.736,9999.000,9999.000,9999.000,9999.000,9999.000,9999.000,9999.000,9999.000
202603120842,   0.731,9999.000,9999.000,9999.000,9999.000,9999.000,9999.000,9999.000,9999.000
202603120848,   0.727,9999.000,9999.000,9999.000,9999.000,9999.000,9999.000,9999.000,9999.000
202603120854,   0.722,9999.000,9999.000,9999.000,9999.000,9999.000,9999.000,9999.000,9999.000
202603120900,   0.717,9999.000,   0.700,  -1.754,  -0.337,   0.500,  -0.537,   0.800,  -0.237
202603120906,   0.713,9999.000,9999.000,9999.000,9999.000,9999.000,9999.000,9999.000,9999.000
202603120912,   0.708,9999.000,9999.000,9999.000,9999.000,9999.000,9999.000,9999.000,9999.000
202603120918,   0.703,9999.000,9999.000,9999.000,9999.000,9999.000,9999.000,9999.000,9999.000
202603120924,   0.698,9999.000,9999.000,9999.000,9999.000,9999.000,9999.000,9999.000,9999.000
202603120930,   0.693,9999.000,9999.000,9999.000,9999.000,9999.000,9999.000,9999.000,9999.000
202603120936,   0.689,9999.000,9999.000,9999.000,9999.000,9999.000,9999.000,9999.000,9999.000
202603120942,   0.684,9999.000,9999.000,9999.000,9999.000,9999.000,9999.000,9999.000,9999.000
202603120948,   0.679,9999.000,9999.000,9999.000,9999.000,9999.000,9999.000,9999.000,9999.000
202603120954,   0.674,9999.000,9999.000,9999.000,9999.000,9999.000,9999.000,9999.000,9999.000
202603121000,   0.669,9999.000,   0.600,  -1.754,  -0.485,   0.400,  -0.685,   0.800,  -0.285
202603121006,   0.665,9999.000,9999.000,9999.000,9999.000,9999.000,9999.000,9999.000,9999.000
202603121012,   0.660,9999.000,9999.000,9999.000,9999.000,9999.000,9999.000,9999.000,9999.000
202603121018,   0.655,9999.000,9999.000,9999.000,9999.000,9999.000,9999.000,9999.000,9999.000
202603121024,   0.650,9999.000,9999.000,9999.000,9999.000,9999.000,9999.000,9999.000,9999.000
202603121030,   0.645,9999.000,9999.000,9999.000,9999.000,9999.000,9999.000,9999.000,9999.000
202603121036,   0.641,9999.000,9999.000,9999.000,9999.000,9999.000,9999.000,9999.000,9999.000
202603121042,   0.636,9999.000,9999.000,9999.000,9999.000,9999.000,9999.000,9999.000,9999.000
202603121048,   0.631,9999.000,9999.000,9999.000,9999.000,9999.000,9999.000,9999.000,9999.000
202603121054,   0.626,9999.000,9999.000,9999.000,9999.000,9999.000,9999.000,9999.000,9999.000
202603121100,   0.622,9999.000,   0.500,  -1.754,  -0.632,   0.300,  -0.832,   0.800,  -0.332
202603121106,   0.617,9999.000,9999.000,9999.000,9999.000,9999.000,9999.000,9999.000,9999.000
202603121112,   0.612,9999.000,9999.000,9999.000,9999.000,9999.000,9999.000,9999.000,9999.000
202603121118,   0.608,9999.000,9999.000,9999.000,9999.000,9999.000,9999.000,9999.000,9999.000
202603121124,   0.603,9999.000,9999.000,9999.000,9999.000,9999.000,9999.000,9999.000,9999.000
202603121130,   0.599,9999.000,9999.000,9999.000,9999.000,9999.000,9999.000,9999.000,9999.000
202603121136,   0.594,9999.000,9999.000,9999.000,9999.000,9999.000,9999.000,9999.000,9999.000
202603121142,   0.590,9999.000,9999.000,9999.000,9999.000,9999.000,9999.000,9999.000,9999.000
202603121148,   0.586,9999.000,9999.000,9999.000,9999.000,9999.000,9999.000,9999.000,9999.000
202603121154,   0.582,9999.000,9999.000,9999.000,9999.000,9999.000,9999.000,9999.000,9999.000
202603121200,   0.578,9999.000,   0.500,  -1.754,  -0.676,   0.200,  -0.976,   0.800,  -0.376
