        TIME,    TIDE,      OB,   SURGE,    BIAS,     TWL,SURGE90p,  TWL90p,SURGE10p,   TWL10p
202603041800,   1.128,   1.371,   0.100,   0.143,   1.371,   0.100,   1.371,   0.100,   1.371
202603041806,   1.022,9999.000,9999.000,9999.000,9999.000,9999.000,9999.000,9999.000,9999.000
202603041812,   0.918,   1.210,9999.000,9999.000,9999.000,9999.000,9999.000,9999.000,9999.000
202603041818,   0.815,9999.000,9999.000,9999.000,9999.000,9999.000,9999.000,9999.000,9999.000
202603041824,   0.714,   1.059,9999.000,9999.000,9999.000,9999.000,9999.000,9999.000,9999.000
202603041830,   0.616,9999.000,9999.000,9999.000,9999.000,9999.000,9999.000,9999.000,9999.000
202603041836,   0.521,   0.888,9999.000,9999.000,9999.000,9999.000,9999.000,9999.000,9999.000
202603041842,   0.430,9999.000,9999.000,9999.000,9999.000,9999.000,9999.000,9999.000,9999.000
202603041848,   0.342,   0.741,9999.000,9999.000,9999.000,9999.000,9999.000,9999.000,9999.000
202603041854,   0.260,9999.000,9999.000,9999.000,9999.000,9999.000,9999.000,9999.000,9999.000
202603041900,   0.182,   0.600,   0.100,   0.318,   0.600,   0.100,   0.600,   0.100,   0.600
202603041906,   0.110,   0.531,9999.000,9999.000,9999.000,9999.000,9999.000,9999.000,9999.000
202603041912,   0.045,   0.449,9999.000,9999.000,9999.000,9999.000,9999.000,9999.000,9999.000
202603041918,  -0.013,   0.400,9999.000,9999.000,9999.000,9999.000,9999.000,9999.000,9999.000
202603041924,  -0.065,   0.341,9999.000,9999.000,9999.000,9999.000,9999.000,9999.000,9999.000
202603041930,  -0.110,   0.278,9999.000,9999.000,9999.000,9999.000,9999.000,9999.000,9999.000
202603041936,  -0.147,9999.000,9999.000,9999.000,9999.000,9999.000,9999.000,9999.000,9999.000
202603041942,  -0.176,   0.180,9999.000,9999.000,9999.000,9999.000,9999.000,9999.000,9999.000
202603041948,  -0.197,   0.141,9999.000,9999.000,9999.000,9999.000,9999.000,9999.000,9999.000
202603041954,  -0.210,   0.078,9999.000,9999.000,9999.000,9999.000,9999.000,9999.000,9999.000
202603042000,  -0.214,   0.029,   0.100,   0.143,   0.029,   0.100,   0.029,   0.100,   0.029
202603042006,  -0.210,   0.009,9999.000,9999.000,9999.000,9999.000,9999.000,9999.000,9999.000
202603042012,  -0.198,  -0.009,9999.000,9999.000,9999.000,9999.000,9999.000,9999.000,9999.000
202603042018,  -0.178,  -0.009,9999.000,9999.000,9999.000,9999.000,9999.000,9999.000,9999.000
202603042024,  -0.150,   0.029,9999.000,9999.000,9999.000,9999.000,9999.000,9999.000,9999.000
202603042030,  -0.114,   0.059,9999.000,9999.000,9999.000,9999.000,9999.000,9999.000,9999.000
202603042036,  -0.071,   0.088,9999.000,9999.000,9999.000,9999.000,9999.000,9999.000,9999.000
202603042042,  -0.021,   0.160,9999.000,9999.000,9999.000,9999.000,9999.000,9999.000,9999.000
202603042048,   0.034,   0.209,9999.000,9999.000,9999.000,9999.000,9999.000,9999.000,9999.000
202603042054,   0.097,   0.288,9999.000,9999.000,9999.000,9999.000,9999.000,9999.000,9999.000
202603042100,   0.165,   0.370,   0.100,   0.105,   0.370,   0.100,   0.370,   0.200,   0.470
202603042106,   0.238,   0.478,9999.000,9999.000,9999.000,9999.000,9999.000,9999.000,9999.000
202603042112,   0.316,   0.580,9999.000,9999.000,9999.000,9999.000,9999.000,9999.000,9999.000
202603042118,   0.399,   0.649,9999.000,9999.000,9999.000,9999.000,9999.000,9999.000,9999.000
202603042124,   0.485,   0.760,9999.000,9999.000,9999.000,9999.000,9999.000,9999.000,9999.000
202603042130,   0.574,   0.879,9999.000,9999.000,9999.000,9999.000,9999.000,9999.000,9999.000
202603042136,   0.666,   0.990,9999.000,9999.000,9999.000,9999.000,9999.000,9999.000,9999.000
202603042142,   0.760,   1.088,9999.000,9999.000,9999.000,9999.000,9999.000,9999.000,9999.000
202603042148,   0.857,   1.161,9999.000,9999.000,9999.000,9999.000,9999.000,9999.000,9999.000
202603042154,   0.955,   1.269,9999.000,9999.000,9999.000,9999.000,9999.000,9999.000,9999.000
202603042200,   1.054,   1.400,   0.100,   0.246,   1.400,   0.100,   1.400,   0.200,   1.500
202603042206,   1.154,   1.518,9999.000,9999.000,9999.000,9999.000,9999.000,9999.000,9999.000
202603042212,   1.255,   1.639,9999.000,9999.000,9999.000,9999.000,9999.000,9999.000,9999.000
202603042218,   1.357,   1.758,9999.000,9999.000,9999.000,9999.000,9999.000,9999.000,9999.000
202603042224,   1.459,   1.849,9999.000,9999.000,9999.000,9999.000,9999.000,9999.000,9999.000
202603042230,   1.561,   1.958,9999.000,9999.000,9999.000,9999.000,9999.000,9999.000,9999.000
202603042236,   1.663,   2.079,9999.000,9999.000,9999.000,9999.000,9999.000,9999.000,9999.000
202603042242,   1.765,   2.191,9999.000,9999.000,9999.000,9999.000,9999.000,9999.000,9999.000
202603042248,   1.867,   2.299,9999.000,9999.000,9999.000,9999.000,9999.000,9999.000,9999.000
202603042254,   1.969,   2.420,9999.000,9999.000,9999.000,9999.000,9999.000,9999.000,9999.000
202603042300,   2.071,   2.509,   0.100,   0.338,   2.509,   0.100,   2.509,   0.200,   2.609
202603042306,   2.172,   2.610,9999.000,9999.000,9999.000,9999.000,9999.000,9999.000,9999.000
202603042312,   2.273,   2.719,9999.000,9999.000,9999.000,9999.000,9999.000,9999.000,9999.000
202603042318,   2.373,   2.820,9999.000,9999.000,9999.000,9999.000,9999.000,9999.000,9999.000
202603042324,   2.474,   2.909,9999.000,9999.000,9999.000,9999.000,9999.000,9999.000,9999.000
202603042330,   2.573,   2.988,9999.000,9999.000,9999.000,9999.000,9999.000,9999.000,9999.000
202603042336,   2.672,   3.070,9999.000,9999.000,9999.000,9999.000,9999.000,9999.000,9999.000
202603042342,   2.771,   3.158,9999.000,9999.000,9999.000,9999.000,9999.000,9999.000,9999.000
202603042348,   2.868,   3.240,9999.000,9999.000,9999.000,9999.000,9999.000,9999.000,9999.000
202603042354,   2.965,   3.801,9999.000,9999.000,9999.000,9999.000,9999.000,9999.000,9999.000
202603050000,   3.060,   3.801,   0.100,   0.641,   3.801,   0.100,   3.801,   0.100,   3.801
202603050006,   3.155,   3.470,9999.000,9999.000,9999.000,9999.000,9999.000,9999.000,9999.000
202603050012,   3.248,   3.548,9999.000,9999.000,9999.000,9999.000,9999.000,9999.000,9999.000
202603050018,   3.339,   3.637,9999.000,9999.000,9999.000,9999.000,9999.000,9999.000,9999.000
202603050024,   3.428,   3.719,9999.000,9999.000,9999.000,9999.000,9999.000,9999.000,9999.000
202603050030,   3.515,   3.798,9999.000,9999.000,9999.000,9999.000,9999.000,9999.000,9999.000
202603050036,   3.600,   3.880,9999.000,9999.000,9999.000,9999.000,9999.000,9999.000,9999.000
202603050042,   3.682,   3.949,9999.000,9999.000,9999.000,9999.000,9999.000,9999.000,9999.000
202603050048,   3.761,   4.037,9999.000,9999.000,9999.000,9999.000,9999.000,9999.000,9999.000
202603050054,   3.837,   4.099,9999.000,9999.000,9999.000,9999.000,9999.000,9999.000,9999.000
202603050100,   3.909,   4.168,   0.100,   0.159,   4.168,   0.100,   4.168,   0.100,   4.168
202603050106,   3.977,   4.227,9999.000,9999.000,9999.000,9999.000,9999.000,9999.000,9999.000
202603050112,   4.041,   4.290,9999.000,9999.000,9999.000,9999.000,9999.000,9999.000,9999.000
202603050118,   4.101,   4.359,9999.000,9999.000,9999.000,9999.000,9999.000,9999.000,9999.000
202603050124,   4.156,   4.418,9999.000,9999.000,9999.000,9999.000,9999.000,9999.000,9999.000
202603050130,   4.206,   4.467,9999.000,9999.000,9999.000,9999.000,9999.000,9999.000,9999.000
202603050136,   4.251,   4.509,9999.000,9999.000,9999.000,9999.000,9999.000,9999.000,9999.000
202603050142,   4.291,   4.559,9999.000,9999.000,9999.000,9999.000,9999.000,9999.000,9999.000
202603050148,   4.324,   4.588,9999.000,9999.000,9999.000,9999.000,9999.000,9999.000,9999.000
202603050154,   4.352,   4.618,9999.000,9999.000,9999.000,9999.000,9999.000,9999.000,9999.000
202603050200,   4.374,   4.647,   0.100,   0.173,   4.647,   0.100,   4.647,   0.100,   4.647
202603050206,   4.390,   4.657,9999.000,9999.000,9999.000,9999.000,9999.000,9999.000,9999.000
202603050212,   4.400,   4.667,9999.000,9999.000,9999.000,9999.000,9999.000,9999.000,9999.000
202603050218,   4.403,   4.667,9999.000,9999.000,9999.000,9999.000,9999.000,9999.000,9999.000
202603050224,   4.400,   4.657,9999.000,9999.000,9999.000,9999.000,9999.000,9999.000,9999.000
202603050230,   4.390,   4.647,9999.000,9999.000,9999.000,9999.000,9999.000,9999.000,9999.000
202603050236,   4.374,   4.618,9999.000,9999.000,9999.000,9999.000,9999.000,9999.000,9999.000
202603050242,   4.352,   4.598,9999.000,9999.000,9999.000,9999.000,9999.000,9999.000,9999.000
202603050248,   4.324,   4.569,9999.000,9999.000,9999.000,9999.000,9999.000,9999.000,9999.000
202603050254,   4.290,   4.539,9999.000,9999.000,9999.000,9999.000,9999.000,9999.000,9999.000
202603050300,   4.250,   4.500,   0.100,   0.150,   4.500,   0.100,   4.500,   0.200,   4.600
202603050306,   4.204,   4.457,9999.000,9999.000,9999.000,9999.000,9999.000,9999.000,9999.000
202603050312,   4.153,   4.398,9999.000,9999.000,9999.000,9999.000,9999.000,9999.000,9999.000
202603050318,   4.096,   4.339,9999.000,9999.000,9999.000,9999.000,9999.000,9999.000,9999.000
202603050324,   4.035,   4.267,9999.000,9999.000,9999.000,9999.000,9999.000,9999.000,9999.000
202603050330,   3.968,   4.198,9999.000,9999.000,9999.000,9999.000,9999.000,9999.000,9999.000
202603050336,   3.898,   4.119,9999.000,9999.000,9999.000,9999.000,9999.000,9999.000,9999.000
202603050342,   3.823,   4.047,9999.000,9999.000,9999.000,9999.000,9999.000,9999.000,9999.000
202603050348,   3.745,   3.958,9999.000,9999.000,9999.000,9999.000,9999.000,9999.000,9999.000
202603050354,   3.663,   3.870,9999.000,9999.000,9999.000,9999.000,9999.000,9999.000,9999.000
202603050400,   3.577,   3.788,   0.100,   0.111,   3.788,   0.100,   3.788,   0.200,   3.888
202603050406,   3.489,   3.699,9999.000,9999.000,9999.000,9999.000,9999.000,9999.000,9999.000
202603050412,   3.398,   3.598,9999.000,9999.000,9999.000,9999.000,9999.000,9999.000,9999.000
202603050418,   3.305,   3.489,9999.000,9999.000,9999.000,9999.000,9999.000,9999.000,9999.000
202603050424,   3.209,   3.398,9999.000,9999.000,9999.000,9999.000,9999.000,9999.000,9999.000
202603050430,   3.112,   3.289,9999.000,9999.000,9999.000,9999.000,9999.000,9999.000,9999.000
202603050436,   3.013,   3.217,9999.000,9999.000,9999.000,9999.000,9999.000,9999.000,9999.000
202603050442,   2.912,   3.119,9999.000,9999.000,9999.000,9999.000,9999.000,9999.000,9999.000
202603050448,   2.810,   3.007,9999.000,9999.000,9999.000,9999.000,9999.000,9999.000,9999.000
202603050454,   2.707,   2.899,9999.000,9999.000,9999.000,9999.000,9999.000,9999.000,9999.000
202603050500,   2.602,   2.807,   0.200,   0.005,   2.807,   0.100,   2.707,   0.200,   2.807
202603050506,   2.496,   2.709,9999.000,9999.000,9999.000,9999.000,9999.000,9999.000,9999.000
202603050512,   2.390,   2.597,9999.000,9999.000,9999.000,9999.000,9999.000,9999.000,9999.000
202603050518,   2.282,   2.509,9999.000,9999.000,9999.000,9999.000,9999.000,9999.000,9999.000
202603050524,   2.174,   2.400,9999.000,9999.000,9999.000,9999.000,9999.000,9999.000,9999.000
202603050530,   2.065,   2.289,9999.000,9999.000,9999.000,9999.000,9999.000,9999.000,9999.000
202603050536,   1.955,   2.191,9999.000,9999.000,9999.000,9999.000,9999.000,9999.000,9999.000
202603050542,   1.845,   2.089,9999.000,9999.000,9999.000,9999.000,9999.000,9999.000,9999.000
202603050548,   1.734,   1.990,9999.000,9999.000,9999.000,9999.000,9999.000,9999.000,9999.000
202603050554,   1.623,   1.889,9999.000,9999.000,9999.000,9999.000,9999.000,9999.000,9999.000
202603050600,   1.512,   1.790,   0.200,   0.078,   1.790,   0.100,   1.690,   0.200,   1.790
202603050606,   1.400,   1.689,9999.000,9999.000,9999.000,9999.000,9999.000,9999.000,9999.000
202603050612,   1.289,   1.600,9999.000,9999.000,9999.000,9999.000,9999.000,9999.000,9999.000
202603050618,   1.179,   1.498,9999.000,9999.000,9999.000,9999.000,9999.000,9999.000,9999.000
202603050624,   1.069,   1.400,9999.000,9999.000,9999.000,9999.000,9999.000,9999.000,9999.000
202603050630,   0.960,   1.318,9999.000,9999.000,9999.000,9999.000,9999.000,9999.000,9999.000
202603050636,   0.853,   1.229,9999.000,9999.000,9999.000,9999.000,9999.000,9999.000,9999.000
202603050642,   0.747,   1.128,9999.000,9999.000,9999.000,9999.000,9999.000,9999.000,9999.000
202603050648,   0.644,   1.029,9999.000,9999.000,9999.000,9999.000,9999.000,9999.000,9999.000
202603050654,   0.544,   0.941,9999.000,9999.000,9999.000,9999.000,9999.000,9999.000,9999.000
202603050700,   0.447,   0.859,   0.200,   0.212,   0.859,   0.100,   0.759,   0.200,   0.859
202603050706,   0.353,   0.800,9999.000,9999.000,9999.000,9999.000,9999.000,9999.000,9999.000
202603050712,   0.264,   0.741,9999.000,9999.000,9999.000,9999.000,9999.000,9999.000,9999.000
202603050718,   0.180,   0.659,9999.000,9999.000,9999.000,9999.000,9999.000,9999.000,9999.000
202603050724,   0.101,   0.580,9999.000,9999.000,9999.000,9999.000,9999.000,9999.000,9999.000
202603050730,   0.028,   0.508,9999.000,9999.000,9999.000,9999.000,9999.000,9999.000,9999.000
202603050736,  -0.038,   0.449,9999.000,9999.000,9999.000,9999.000,9999.000,9999.000,9999.000
202603050742,  -0.098,   0.380,9999.000,9999.000,9999.000,9999.000,9999.000,9999.000,9999.000
202603050748,  -0.151,   0.331,9999.000,9999.000,9999.000,9999.000,9999.000,9999.000,9999.000
202603050754,  -0.196,   0.268,9999.000,9999.000,9999.000,9999.000,9999.000,9999.000,9999.000
202603050800,  -0.234,   0.209,   0.200,   0.243,   0.209,   0.200,   0.209,   0.200,   0.209
202603050806,  -0.263,   0.170,9999.000,9999.000,9999.000,9999.000,9999.000,9999.000,9999.000
202603050812,  -0.285,   0.131,9999.000,9999.000,9999.000,9999.000,9999.000,9999.000,9999.000
202603050818,  -0.298,   0.098,9999.000,9999.000,9999.000,9999.000,9999.000,9999.000,9999.000
202603050824,  -0.302,   0.098,9999.000,9999.000,9999.000,9999.000,9999.000,9999.000,9999.000
202603050830,  -0.298,   0.088,9999.000,9999.000,9999.000,9999.000,9999.000,9999.000,9999.000
202603050836,  -0.286,   0.098,9999.000,9999.000,9999.000,9999.000,9999.000,9999.000,9999.000
202603050842,  -0.266,   0.121,9999.000,9999.000,9999.000,9999.000,9999.000,9999.000,9999.000
202603050848,  -0.238,   0.160,9999.000,9999.000,9999.000,9999.000,9999.000,9999.000,9999.000
202603050854,  -0.203,   0.209,9999.000,9999.000,9999.000,9999.000,9999.000,9999.000,9999.000
202603050900,  -0.160,   0.259,   0.200,   0.219,   0.259,   0.200,   0.259,   0.200,   0.259
202603050906,  -0.110,   0.341,9999.000,9999.000,9999.000,9999.000,9999.000,9999.000,9999.000
202603050912,  -0.054,   0.429,9999.000,9999.000,9999.000,9999.000,9999.000,9999.000,9999.000
202603050918,   0.007,   0.531,9999.000,9999.000,9999.000,9999.000,9999.000,9999.000,9999.000
202603050924,   0.074,   0.619,9999.000,9999.000,9999.000,9999.000,9999.000,9999.000,9999.000
202603050930,   0.147,   0.708,9999.000,9999.000,9999.000,9999.000,9999.000,9999.000,9999.000
202603050936,   0.224,   0.810,9999.000,9999.000,9999.000,9999.000,9999.000,9999.000,9999.000
202603050942,   0.305,   0.908,9999.000,9999.000,9999.000,9999.000,9999.000,9999.000,9999.000
202603050948,   0.389,   1.000,9999.000,9999.000,9999.000,9999.000,9999.000,9999.000,9999.000
202603050954,   0.476,   1.098,9999.000,9999.000,9999.000,9999.000,9999.000,9999.000,9999.000
202603051000,   0.566,   1.190,   0.200,   0.424,   1.190,   0.200,   1.190,   0.200,   1.190
202603051006,   0.657,   1.269,9999.000,9999.000,9999.000,9999.000,9999.000,9999.000,9999.000
202603051012,   0.750,   1.371,9999.000,9999.000,9999.000,9999.000,9999.000,9999.000,9999.000
202603051018,   0.845,   1.459,9999.000,9999.000,9999.000,9999.000,9999.000,9999.000,9999.000
202603051024,   0.941,   1.557,9999.000,9999.000,9999.000,9999.000,9999.000,9999.000,9999.000
202603051030,   1.037,   1.659,9999.000,9999.000,9999.000,9999.000,9999.000,9999.000,9999.000
202603051036,   1.133,   1.748,9999.000,9999.000,9999.000,9999.000,9999.000,9999.000,9999.000
202603051042,   1.230,   1.840,9999.000,9999.000,9999.000,9999.000,9999.000,9999.000,9999.000
202603051048,   1.327,   1.938,9999.000,9999.000,9999.000,9999.000,9999.000,9999.000,9999.000
202603051054,   1.423,   2.040,9999.000,9999.000,9999.000,9999.000,9999.000,9999.000,9999.000
202603051100,   1.520,   2.128,   0.200,   0.408,   2.128,   0.200,   2.128,   0.200,   2.128
202603051106,   1.616,   2.220,9999.000,9999.000,9999.000,9999.000,9999.000,9999.000,9999.000
202603051112,   1.712,   2.309,9999.000,9999.000,9999.000,9999.000,9999.000,9999.000,9999.000
202603051118,   1.807,   2.400,9999.000,9999.000,9999.000,9999.000,9999.000,9999.000,9999.000
202603051124,   1.902,   2.489,9999.000,9999.000,9999.000,9999.000,9999.000,9999.000,9999.000
202603051130,   1.997,   2.578,9999.000,9999.000,9999.000,9999.000,9999.000,9999.000,9999.000
202603051136,   2.091,   2.679,9999.000,9999.000,9999.000,9999.000,9999.000,9999.000,9999.000
202603051142,   2.185,   2.758,9999.000,9999.000,9999.000,9999.000,9999.000,9999.000,9999.000
202603051148,   2.278,   2.840,9999.000,9999.000,9999.000,9999.000,9999.000,9999.000,9999.000
202603051154,   2.370,   2.919,9999.000,9999.000,9999.000,9999.000,9999.000,9999.000,9999.000
202603051200,   2.462,   2.997,   0.200,   0.335,   2.997,   0.200,   2.997,   0.200,   2.997
202603051206,   2.554,   3.079,9999.000,9999.000,9999.000,9999.000,9999.000,9999.000,9999.000
202603051212,   2.644,   3.158,9999.000,9999.000,9999.000,9999.000,9999.000,9999.000,9999.000
202603051218,   2.734,   3.230,9999.000,9999.000,9999.000,9999.000,9999.000,9999.000,9999.000
202603051224,   2.822,   3.289,9999.000,9999.000,9999.000,9999.000,9999.000,9999.000,9999.000
202603051230,   2.910,   3.358,9999.000,9999.000,9999.000,9999.000,9999.000,9999.000,9999.000
202603051236,   2.996,   3.440,9999.000,9999.000,9999.000,9999.000,9999.000,9999.000,9999.000
202603051242,   3.081,   3.509,9999.000,9999.000,9999.000,9999.000,9999.000,9999.000,9999.000
202603051248,   3.163,   3.568,9999.000,9999.000,9999.000,9999.000,9999.000,9999.000,9999.000
202603051254,   3.244,   3.650,9999.000,9999.000,9999.000,9999.000,9999.000,9999.000,9999.000
202603051300,   3.322,   3.719,   0.200,   0.197,   3.719,   0.200,   3.719,   0.200,   3.719
202603051306,   3.398,   3.788,9999.000,9999.000,9999.000,9999.000,9999.000,9999.000,9999.000
202603051312,   3.471,   3.860,9999.000,9999.000,9999.000,9999.000,9999.000,9999.000,9999.000
202603051318,   3.541,   3.919,9999.000,9999.000,9999.000,9999.000,9999.000,9999.000,9999.000
202603051324,   3.607,   3.988,9999.000,9999.000,9999.000,9999.000,9999.000,9999.000,9999.000
202603051330,   3.669,   4.047,9999.000,9999.000,9999.000,9999.000,9999.000,9999.000,9999.000
202603051336,   3.728,   4.099,9999.000,9999.000,9999.000,9999.000,9999.000,9999.000,9999.000
202603051342,   3.782,   4.159,9999.000,9999.000,9999.000,9999.000,9999.000,9999.000,9999.000
202603051348,   3.831,   4.208,9999.000,9999.000,9999.000,9999.000,9999.000,9999.000,9999.000
202603051354,   3.876,   4.247,9999.000,9999.000,9999.000,9999.000,9999.000,9999.000,9999.000
202603051400,   3.915,   4.280,   0.200,   0.165,   4.280,   0.200,   4.280,   0.200,   4.280
202603051406,   3.949,   4.319,9999.000,9999.000,9999.000,9999.000,9999.000,9999.000,9999.000
202603051412,   3.977,   4.359,9999.000,9999.000,9999.000,9999.000,9999.000,9999.000,9999.000
202603051418,   4.000,   4.388,9999.000,9999.000,9999.000,9999.000,9999.000,9999.000,9999.000
202603051424,   4.017,   4.418,9999.000,9999.000,9999.000,9999.000,9999.000,9999.000,9999.000
202603051430,   4.028,   4.437,9999.000,9999.000,9999.000,9999.000,9999.000,9999.000,9999.000
202603051436,   4.032,   4.457,9999.000,9999.000,9999.000,9999.000,9999.000,9999.000,9999.000
202603051442,   4.031,   4.457,9999.000,9999.000,9999.000,9999.000,9999.000,9999.000,9999.000
202603051448,   4.023,   4.457,9999.000,9999.000,9999.000,9999.000,9999.000,9999.000,9999.000
202603051454,   4.009,   4.437,9999.000,9999.000,9999.000,9999.000,9999.000,9999.000,9999.000
202603051500,   3.990,   4.398,   0.200,   0.208,   4.398,   0.200,   4.398,   0.200,   4.398
202603051506,   3.964,   4.359,9999.000,9999.000,9999.000,9999.000,9999.000,9999.000,9999.000
202603051512,   3.932,   4.309,9999.000,9999.000,9999.000,9999.000,9999.000,9999.000,9999.000
202603051518,   3.895,   4.257,9999.000,9999.000,9999.000,9999.000,9999.000,9999.000,9999.000
202603051524,   3.852,   4.208,9999.000,9999.000,9999.000,9999.000,9999.000,9999.000,9999.000
202603051530,   3.804,   4.149,9999.000,9999.000,9999.000,9999.000,9999.000,9999.000,9999.000
202603051536,   3.751,   4.080,9999.000,9999.000,9999.000,9999.000,9999.000,9999.000,9999.000
202603051542,   3.693,   4.008,9999.000,9999.000,9999.000,9999.000,9999.000,9999.000,9999.000
202603051548,   3.630,   3.909,9999.000,9999.000,9999.000,9999.000,9999.000,9999.000,9999.000
202603051554,   3.564,   3.837,9999.000,9999.000,9999.000,9999.000,9999.000,9999.000,9999.000
202603051600,   3.493,   3.739,   0.200,   0.046,   3.739,   0.200,   3.739,   0.200,   3.739
202603051606,   3.419,   3.650,9999.000,9999.000,9999.000,9999.000,9999.000,9999.000,9999.000
202603051612,   3.342,   3.558,9999.000,9999.000,9999.000,9999.000,9999.000,9999.000,9999.000
202603051618,   3.262,   3.460,9999.000,9999.000,9999.000,9999.000,9999.000,9999.000,9999.000
202603051624,   3.179,   3.368,9999.000,9999.000,9999.000,9999.000,9999.000,9999.000,9999.000
202603051630,   3.095,   3.279,9999.000,9999.000,9999.000,9999.000,9999.000,9999.000,9999.000
202603051636,   3.008,   3.178,9999.000,9999.000,9999.000,9999.000,9999.000,9999.000,9999.000
202603051642,   2.919,   3.079,9999.000,9999.000,9999.000,9999.000,9999.000,9999.000,9999.000
202603051648,   2.829,   2.968,9999.000,9999.000,9999.000,9999.000,9999.000,9999.000,9999.000
202603051654,   2.737,   2.869,9999.000,9999.000,9999.000,9999.000,9999.000,9999.000,9999.000
202603051700,   2.645,   2.768,   0.200,  -0.077,   2.768,   0.200,   2.768,   0.200,   2.768
202603051706,   2.552,   2.660,9999.000,9999.000,9999.000,9999.000,9999.000,9999.000,9999.000
202603051712,   2.457,   2.558,9999.000,9999.000,9999.000,9999.000,9999.000,9999.000,9999.000
202603051718,   2.363,   2.469,9999.000,9999.000,9999.000,9999.000,9999.000,9999.000,9999.000
202603051724,   2.268,   2.368,9999.000,9999.000,9999.000,9999.000,9999.000,9999.000,9999.000
202603051730,   2.172,   2.259,9999.000,9999.000,9999.000,9999.000,9999.000,9999.000,9999.000
202603051736,   2.076,   2.168,9999.000,9999.000,9999.000,9999.000,9999.000,9999.000,9999.000
202603051742,   1.980,   2.079,9999.000,9999.000,9999.000,9999.000,9999.000,9999.000,9999.000
202603051748,   1.883,   1.981,9999.000,9999.000,9999.000,9999.000,9999.000,9999.000,9999.000
202603051754,   1.786,   1.879,9999.000,9999.000,9999.000,9999.000,9999.000,9999.000,9999.000
202603051800,   1.690,   1.800,   0.200,  -0.090,   1.800,   0.200,   1.800,   0.200,   1.800
202603051806,   1.593,   1.708,9999.000,9999.000,9999.000,9999.000,9999.000,9999.000,9999.000
202603051812,   1.496,   1.630,9999.000,9999.000,9999.000,9999.000,9999.000,9999.000,9999.000
202603051818,   1.399,   1.557,9999.000,9999.000,9999.000,9999.000,9999.000,9999.000,9999.000
202603051824,   1.303,   1.489,9999.000,9999.000,9999.000,9999.000,9999.000,9999.000,9999.000
202603051830,   1.207,   1.420,9999.000,9999.000,9999.000,9999.000,9999.000,9999.000,9999.000
202603051836,   1.111,   1.348,9999.000,9999.000,9999.000,9999.000,9999.000,9999.000,9999.000
202603051842,   1.017,   1.279,9999.000,9999.000,9999.000,9999.000,9999.000,9999.000,9999.000
202603051848,   0.923,   1.210,9999.000,9999.000,9999.000,9999.000,9999.000,9999.000,9999.000
202603051854,   0.831,   1.138,9999.000,9999.000,9999.000,9999.000,9999.000,9999.000,9999.000
202603051900,   0.741,   1.059,   0.200,   0.118,   1.059,   0.200,   1.059,   0.200,   1.059
202603051906,   0.652,   1.010,9999.000,9999.000,9999.000,9999.000,9999.000,9999.000,9999.000
202603051912,   0.566,   0.941,9999.000,9999.000,9999.000,9999.000,9999.000,9999.000,9999.000
202603051918,   0.484,   0.869,9999.000,9999.000,9999.000,9999.000,9999.000,9999.000,9999.000
202603051924,   0.404,   0.800,9999.000,9999.000,9999.000,9999.000,9999.000,9999.000,9999.000
202603051930,   0.328,   0.718,9999.000,9999.000,9999.000,9999.000,9999.000,9999.000,9999.000
202603051936,   0.257,   0.659,9999.000,9999.000,9999.000,9999.000,9999.000,9999.000,9999.000
202603051942,   0.191,   0.600,9999.000,9999.000,9999.000,9999.000,9999.000,9999.000,9999.000
202603051948,   0.129,   0.541,9999.000,9999.000,9999.000,9999.000,9999.000,9999.000,9999.000
202603051954,   0.074,   0.469,9999.000,9999.000,9999.000,9999.000,9999.000,9999.000,9999.000
202603052000,   0.025,   0.419,   0.200,   0.194,   0.419,   0.200,   0.419,   0.200,   0.419
202603052006,  -0.017,   0.370,9999.000,9999.000,9999.000,9999.000,9999.000,9999.000,9999.000
202603052012,  -0.052,   0.331,9999.000,9999.000,9999.000,9999.000,9999.000,9999.000,9999.000
202603052018,  -0.081,   0.298,9999.000,9999.000,9999.000,9999.000,9999.000,9999.000,9999.000
202603052024,  -0.101,   0.278,9999.000,9999.000,9999.000,9999.000,9999.000,9999.000,9999.000
202603052030,  -0.114,   0.278,9999.000,9999.000,9999.000,9999.000,9999.000,9999.000,9999.000
202603052036,  -0.120,   0.278,9999.000,9999.000,9999.000,9999.000,9999.000,9999.000,9999.000
202603052042,  -0.117,   0.278,9999.000,9999.000,9999.000,9999.000,9999.000,9999.000,9999.000
202603052048,  -0.106,   0.298,9999.000,9999.000,9999.000,9999.000,9999.000,9999.000,9999.000
202603052054,  -0.087,   0.308,9999.000,9999.000,9999.000,9999.000,9999.000,9999.000,9999.000
202603052100,  -0.060,   0.370,   0.200,   0.230,   0.370,   0.200,   0.370,   0.200,   0.370
202603052106,  -0.026,   0.439,9999.000,9999.000,9999.000,9999.000,9999.000,9999.000,9999.000
202603052112,   0.015,   0.508,9999.000,9999.000,9999.000,9999.000,9999.000,9999.000,9999.000
202603052118,   0.064,   0.560,9999.000,9999.000,9999.000,9999.000,9999.000,9999.000,9999.000
202603052124,   0.119,   0.629,9999.000,9999.000,9999.000,9999.000,9999.000,9999.000,9999.000
202603052130,   0.181,   0.731,9999.000,9999.000,9999.000,9999.000,9999.000,9999.000,9999.000
202603052136,   0.248,   0.819,9999.000,9999.000,9999.000,9999.000,9999.000,9999.000,9999.000
202603052142,   0.321,   0.908,9999.000,9999.000,9999.000,9999.000,9999.000,9999.000,9999.000
202603052148,   0.399,   0.980,9999.000,9999.000,9999.000,9999.000,9999.000,9999.000,9999.000
202603052154,   0.480,   1.069,9999.000,9999.000,9999.000,9999.000,9999.000,9999.000,9999.000
202603052200,   0.566,   1.151,   0.200,   0.385,   1.151,   0.200,   1.151,   0.200,   1.151
202603052206,   0.655,   1.249,9999.000,9999.000,9999.000,9999.000,9999.000,9999.000,9999.000
202603052212,   0.747,   1.348,9999.000,9999.000,9999.000,9999.000,9999.000,9999.000,9999.000
202603052218,   0.841,   1.459,9999.000,9999.000,9999.000,9999.000,9999.000,9999.000,9999.000
202603052224,   0.937,   1.580,9999.000,9999.000,9999.000,9999.000,9999.000,9999.000,9999.000
202603052230,   1.034,   1.689,9999.000,9999.000,9999.000,9999.000,9999.000,9999.000,9999.000
202603052236,   1.132,   1.800,9999.000,9999.000,9999.000,9999.000,9999.000,9999.000,9999.000
202603052242,   1.231,   1.899,9999.000,9999.000,9999.000,9999.000,9999.000,9999.000,9999.000
202603052248,   1.330,   2.010,9999.000,9999.000,9999.000,9999.000,9999.000,9999.000,9999.000
202603052254,   1.430,   2.118,9999.000,9999.000,9999.000,9999.000,9999.000,9999.000,9999.000
202603052300,   1.529,   2.220,   0.200,   0.491,   2.220,   0.200,   2.220,   0.200,   2.220
202603052306,   1.628,   2.318,9999.000,9999.000,9999.000,9999.000,9999.000,9999.000,9999.000
202603052312,   1.727,   2.430,9999.000,9999.000,9999.000,9999.000,9999.000,9999.000,9999.000
202603052318,   1.825,   2.528,9999.000,9999.000,9999.000,9999.000,9999.000,9999.000,9999.000
202603052324,   1.922,   2.620,9999.000,9999.000,9999.000,9999.000,9999.000,9999.000,9999.000
202603052330,   2.019,   2.699,9999.000,9999.000,9999.000,9999.000,9999.000,9999.000,9999.000
202603052336,   2.116,   2.787,9999.000,9999.000,9999.000,9999.000,9999.000,9999.000,9999.000
202603052342,   2.211,   2.879,9999.000,9999.000,9999.000,9999.000,9999.000,9999.000,9999.000
202603052348,   2.306,   2.968,9999.000,9999.000,9999.000,9999.000,9999.000,9999.000,9999.000
202603052354,   2.401,   3.555,9999.000,9999.000,9999.000,9999.000,9999.000,9999.000,9999.000
202603060000,   2.495,   3.555,   0.300,   0.760,   3.555,   0.300,   3.555,   0.300,   3.555
202603060006,   2.588,   3.230,9999.000,9999.000,9999.000,9999.000,9999.000,9999.000,9999.000
202603060012,   2.681,   3.309,9999.000,9999.000,9999.000,9999.000,9999.000,9999.000,9999.000
202603060018,   2.773,   3.388,9999.000,9999.000,9999.000,9999.000,9999.000,9999.000,9999.000
202603060024,   2.864,   3.480,9999.000,9999.000,9999.000,9999.000,9999.000,9999.000,9999.000
202603060030,   2.955,   3.558,9999.000,9999.000,9999.000,9999.000,9999.000,9999.000,9999.000
202603060036,   3.045,   3.637,9999.000,9999.000,9999.000,9999.000,9999.000,9999.000,9999.000
202603060042,   3.134,   3.719,9999.000,9999.000,9999.000,9999.000,9999.000,9999.000,9999.000
202603060048,   3.222,   3.808,9999.000,9999.000,9999.000,9999.000,9999.000,9999.000,9999.000
202603060054,   3.309,   3.890,9999.000,9999.000,9999.000,9999.000,9999.000,9999.000,9999.000
202603060100,   3.394,   3.968,   0.300,   0.274,   3.968,   0.300,   3.968,   0.300,   3.968
202603060106,   3.478,   4.037,9999.000,9999.000,9999.000,9999.000,9999.000,9999.000,9999.000
202603060112,   3.560,   4.119,9999.000,9999.000,9999.000,9999.000,9999.000,9999.000,9999.000
202603060118,   3.640,   4.198,9999.000,9999.000,9999.000,9999.000,9999.000,9999.000,9999.000
202603060124,   3.718,   4.280,9999.000,9999.000,9999.000,9999.000,9999.000,9999.000,9999.000
202603060130,   3.792,   4.359,9999.000,9999.000,9999.000,9999.000,9999.000,9999.000,9999.000
202603060136,   3.864,   4.427,9999.000,9999.000,9999.000,9999.000,9999.000,9999.000,9999.000
202603060142,   3.933,   4.500,9999.000,9999.000,9999.000,9999.000,9999.000,9999.000,9999.000
202603060148,   3.998,   4.569,9999.000,9999.000,9999.000,9999.000,9999.000,9999.000,9999.000
202603060154,   4.060,   4.913,9999.000,9999.000,9999.000,9999.000,9999.000,9999.000,9999.000
202603060200,   4.117,   4.690,   0.300,   0.273,   4.690,   0.300,   4.690,   0.300,   4.690
202603060206,   4.169,   4.749,9999.000,9999.000,9999.000,9999.000,9999.000,9999.000,9999.000
202603060212,   4.217,   4.798,9999.000,9999.000,9999.000,9999.000,9999.000,9999.000,9999.000
202603060218,   4.259,   4.847,9999.000,9999.000,9999.000,9999.000,9999.000,9999.000,9999.000
202603060224,   4.297,   4.887,9999.000,9999.000,9999.000,9999.000,9999.000,9999.000,9999.000
202603060230,   4.329,   4.910,9999.000,9999.000,9999.000,9999.000,9999.000,9999.000,9999.000
202603060236,   4.354,   4.959,9999.000,9999.000,9999.000,9999.000,9999.000,9999.000,9999.000
202603060242,   4.375,   4.988,9999.000,9999.000,9999.000,9999.000,9999.000,9999.000,9999.000
202603060248,   4.388,   5.008,9999.000,9999.000,9999.000,9999.000,9999.000,9999.000,9999.000
202603060254,   4.396,   5.028,9999.000,9999.000,9999.000,9999.000,9999.000,9999.000,9999.000
202603060300,   4.398,   5.047,   0.300,   0.349,   5.047,   0.300,   5.047,   0.300,   5.047
202603060306,   4.393,   5.057,9999.000,9999.000,9999.000,9999.000,9999.000,9999.000,9999.000
202603060312,   4.381,   5.057,9999.000,9999.000,9999.000,9999.000,9999.000,9999.000,9999.000
202603060318,   4.364,   5.047,9999.000,9999.000,9999.000,9999.000,9999.000,9999.000,9999.000
202603060324,   4.340,   5.038,9999.000,9999.000,9999.000,9999.000,9999.000,9999.000,9999.000
202603060330,   4.310,   5.018,9999.000,9999.000,9999.000,9999.000,9999.000,9999.000,9999.000
202603060336,   4.274,   4.988,9999.000,9999.000,9999.000,9999.000,9999.000,9999.000,9999.000
202603060342,   4.232,   4.959,9999.000,9999.000,9999.000,9999.000,9999.000,9999.000,9999.000
202603060348,   4.184,   4.910,9999.000,9999.000,9999.000,9999.000,9999.000,9999.000,9999.000
202603060354,   4.131,   4.847,9999.000,9999.000,9999.000,9999.000,9999.000,9999.000,9999.000
202603060400,   4.073,   4.788,   0.300,   0.415,   4.788,   0.300,   4.788,   0.300,   4.788
202603060406,   4.010,   4.729,9999.000,9999.000,9999.000,9999.000,9999.000,9999.000,9999.000
202603060412,   3.942,   4.657,9999.000,9999.000,9999.000,9999.000,9999.000,9999.000,9999.000
202603060418,   3.871,   4.588,9999.000,9999.000,9999.000,9999.000,9999.000,9999.000,9999.000
202603060424,   3.795,   4.509,9999.000,9999.000,9999.000,9999.000,9999.000,9999.000,9999.000
202603060430,   3.715,   4.418,9999.000,9999.000,9999.000,9999.000,9999.000,9999.000,9999.000
202603060436,   3.632,   4.329,9999.000,9999.000,9999.000,9999.000,9999.000,9999.000,9999.000
202603060442,   3.546,   4.237,9999.000,9999.000,9999.000,9999.000,9999.000,9999.000,9999.000
202603060448,   3.458,   4.149,9999.000,9999.000,9999.000,9999.000,9999.000,9999.000,9999.000
202603060454,   3.367,   4.057,9999.000,9999.000,9999.000,9999.000,9999.000,9999.000,9999.000
202603060500,   3.274,   3.958,   0.300,   0.384,   3.958,   0.300,   3.958,   0.300,   3.958
202603060506,   3.179,   3.860,9999.000,9999.000,9999.000,9999.000,9999.000,9999.000,9999.000
202603060512,   3.082,   3.768,9999.000,9999.000,9999.000,9999.000,9999.000,9999.000,9999.000
202603060518,   2.985,   3.670,9999.000,9999.000,9999.000,9999.000,9999.000,9999.000,9999.000
202603060524,   2.886,   3.558,9999.000,9999.000,9999.000,9999.000,9999.000,9999.000,9999.000
202603060530,   2.786,   3.460,9999.000,9999.000,9999.000,9999.000,9999.000,9999.000,9999.000
202603060536,   2.685,   3.358,9999.000,9999.000,9999.000,9999.000,9999.000,9999.000,9999.000
202603060542,   2.584,   3.250,9999.000,9999.000,9999.000,9999.000,9999.000,9999.000,9999.000
202603060548,   2.482,   3.148,9999.000,9999.000,9999.000,9999.000,9999.000,9999.000,9999.000
202603060554,   2.379,   3.040,9999.000,9999.000,9999.000,9999.000,9999.000,9999.000,9999.000
202603060600,   2.277,   2.948,   0.300,   0.371,   2.948,   0.300,   2.948,   0.300,   2.948
202603060606,   2.173,   2.850,9999.000,9999.000,9999.000,9999.000,9999.000,9999.000,9999.000
202603060612,   2.070,   2.738,9999.000,9999.000,9999.000,9999.000,9999.000,9999.000,9999.000
202603060618,   1.966,   2.640,9999.000,9999.000,9999.000,9999.000,9999.000,9999.000,9999.000
202603060624,   1.863,   2.538,9999.000,9999.000,9999.000,9999.000,9999.000,9999.000,9999.000
202603060630,   1.759,   2.430,9999.000,9999.000,9999.000,9999.000,9999.000,9999.000,9999.000
202603060636,   1.655,   2.318,9999.000,9999.000,9999.000,9999.000,9999.000,9999.000,9999.000
202603060642,   1.552,   2.210,9999.000,9999.000,9999.000,9999.000,9999.000,9999.000,9999.000
202603060648,   1.448,   2.128,9999.000,9999.000,9999.000,9999.000,9999.000,9999.000,9999.000
202603060654,   1.345,   2.020,9999.000,9999.000,9999.000,9999.000,9999.000,9999.000,9999.000
202603060700,   1.243,   1.899,   0.300,   0.356,   1.899,   0.300,   1.899,   0.300,   1.899
202603060706,   1.142,   1.800,9999.000,9999.000,9999.000,9999.000,9999.000,9999.000,9999.000
202603060712,   1.042,   1.708,9999.000,9999.000,9999.000,9999.000,9999.000,9999.000,9999.000
202603060718,   0.943,   1.610,9999.000,9999.000,9999.000,9999.000,9999.000,9999.000,9999.000
202603060724,   0.846,   1.498,9999.000,9999.000,9999.000,9999.000,9999.000,9999.000,9999.000
202603060730,   0.751,   1.410,9999.000,9999.000,9999.000,9999.000,9999.000,9999.000,9999.000
202603060736,   0.659,   1.318,9999.000,9999.000,9999.000,9999.000,9999.000,9999.000,9999.000
202603060742,   0.570,   1.239,9999.000,9999.000,9999.000,9999.000,9999.000,9999.000,9999.000
202603060748,   0.484,   1.161,9999.000,9999.000,9999.000,9999.000,9999.000,9999.000,9999.000
202603060754,   0.402,   1.069,9999.000,9999.000,9999.000,9999.000,9999.000,9999.000,9999.000
202603060800,   0.325,   0.990,   0.300,   0.365,   0.990,   0.200,   0.890,   0.300,   0.990
202603060806,   0.252,   0.928,9999.000,9999.000,9999.000,9999.000,9999.000,9999.000,9999.000
202603060812,   0.185,   0.869,9999.000,9999.000,9999.000,9999.000,9999.000,9999.000,9999.000
202603060818,   0.124,   0.810,9999.000,9999.000,9999.000,9999.000,9999.000,9999.000,9999.000
202603060824,   0.068,   0.751,9999.000,9999.000,9999.000,9999.000,9999.000,9999.000,9999.000
202603060830,   0.020,   0.698,9999.000,9999.000,9999.000,9999.000,9999.000,9999.000,9999.000
202603060836,  -0.021,   0.669,9999.000,9999.000,9999.000,9999.000,9999.000,9999.000,9999.000
202603060842,  -0.056,   0.659,9999.000,9999.000,9999.000,9999.000,9999.000,9999.000,9999.000
202603060848,  -0.083,   0.649,9999.000,9999.000,9999.000,9999.000,9999.000,9999.000,9999.000
202603060854,  -0.102,   0.649,9999.000,9999.000,9999.000,9999.000,9999.000,9999.000,9999.000
202603060900,  -0.113,   0.639,   0.300,   0.452,   0.639,   0.200,   0.539,   0.300,   0.639
202603060906,  -0.117,   0.649,9999.000,9999.000,9999.000,9999.000,9999.000,9999.000,9999.000
202603060912,  -0.112,   0.659,9999.000,9999.000,9999.000,9999.000,9999.000,9999.000,9999.000
202603060918,  -0.100,   0.669,9999.000,9999.000,9999.000,9999.000,9999.000,9999.000,9999.000
202603060924,  -0.080,   0.610,9999.000,9999.000,9999.000,9999.000,9999.000,9999.000,9999.000
202603060930,  -0.053,   0.639,9999.000,9999.000,9999.000,9999.000,9999.000,9999.000,9999.000
202603060936,  -0.018,   0.731,9999.000,9999.000,9999.000,9999.000,9999.000,9999.000,9999.000
202603060942,   0.022,   0.751,9999.000,9999.000,9999.000,9999.000,9999.000,9999.000,9999.000
202603060948,   0.070,   0.800,9999.000,9999.000,9999.000,9999.000,9999.000,9999.000,9999.000
202603060954,   0.124,   0.849,9999.000,9999.000,9999.000,9999.000,9999.000,9999.000,9999.000
202603061000,   0.183,   0.898,   0.300,   0.415,   0.898,   0.200,   0.798,   0.300,   0.898
202603061006,   0.248,   0.970,9999.000,9999.000,9999.000,9999.000,9999.000,9999.000,9999.000
202603061012,   0.317,   1.059,9999.000,9999.000,9999.000,9999.000,9999.000,9999.000,9999.000
202603061018,   0.391,   1.151,9999.000,9999.000,9999.000,9999.000,9999.000,9999.000,9999.000
202603061024,   0.468,   1.229,9999.000,9999.000,9999.000,9999.000,9999.000,9999.000,9999.000
202603061030,   0.548,   1.318,9999.000,9999.000,9999.000,9999.000,9999.000,9999.000,9999.000
202603061036,   0.631,   1.420,9999.000,9999.000,9999.000,9999.000,9999.000,9999.000,9999.000
202603061042,   0.715,   1.508,9999.000,9999.000,9999.000,9999.000,9999.000,9999.000,9999.000
202603061048,   0.802,   1.610,9999.000,9999.000,9999.000,9999.000,9999.000,9999.000,9999.000
202603061054,   0.890,   1.699,9999.000,9999.000,9999.000,9999.000,9999.000,9999.000,9999.000
202603061100,   0.979,   1.767,   0.300,   0.488,   1.767,   0.200,   1.667,   0.300,   1.767
202603061106,   1.068,   1.879,9999.000,9999.000,9999.000,9999.000,9999.000,9999.000,9999.000
202603061112,   1.158,   1.967,9999.000,9999.000,9999.000,9999.000,9999.000,9999.000,9999.000
202603061118,   1.247,   2.059,9999.000,9999.000,9999.000,9999.000,9999.000,9999.000,9999.000
202603061124,   1.337,   2.148,9999.000,9999.000,9999.000,9999.000,9999.000,9999.000,9999.000
202603061130,   1.426,   2.250,9999.000,9999.000,9999.000,9999.000,9999.000,9999.000,9999.000
202603061136,   1.515,   2.328,9999.000,9999.000,9999.000,9999.000,9999.000,9999.000,9999.000
202603061142,   1.603,   2.420,9999.000,9999.000,9999.000,9999.000,9999.000,9999.000,9999.000
202603061148,   1.691,   2.509,9999.000,9999.000,9999.000,9999.000,9999.000,9999.000,9999.000
202603061154,   1.778,   2.597,9999.000,9999.000,9999.000,9999.000,9999.000,9999.000,9999.000
202603061200,   1.864,   2.679,   0.400,   0.415,   2.679,   0.400,   2.679,   0.400,   2.679
202603061206,   1.950,   2.768,9999.000,9999.000,9999.000,9999.000,9999.000,9999.000,9999.000
202603061212,   2.035,   2.850,9999.000,9999.000,9999.000,9999.000,9999.000,9999.000,9999.000
202603061218,   2.120,   2.938,9999.000,9999.000,9999.000,9999.000,9999.000,9999.000,9999.000
202603061224,   2.204,   3.017,9999.000,9999.000,9999.000,9999.000,9999.000,9999.000,9999.000
202603061230,   2.288,   3.109,9999.000,9999.000,9999.000,9999.000,9999.000,9999.000,9999.000
202603061236,   2.371,   3.188,9999.000,9999.000,9999.000,9999.000,9999.000,9999.000,9999.000
202603061242,   2.453,   3.250,9999.000,9999.000,9999.000,9999.000,9999.000,9999.000,9999.000
202603061248,   2.535,   3.309,9999.000,9999.000,9999.000,9999.000,9999.000,9999.000,9999.000
202603061254,   2.616,   3.398,9999.000,9999.000,9999.000,9999.000,9999.000,9999.000,9999.000
202603061300,   2.697,   3.470,   0.400,   0.373,   3.470,   0.400,   3.470,   0.500,   3.570
202603061306,   2.776,   3.519,9999.000,9999.000,9999.000,9999.000,9999.000,9999.000,9999.000
202603061312,   2.855,   3.607,9999.000,9999.000,9999.000,9999.000,9999.000,9999.000,9999.000
202603061318,   2.932,   3.680,9999.000,9999.000,9999.000,9999.000,9999.000,9999.000,9999.000
202603061324,   3.008,   3.749,9999.000,9999.000,9999.000,9999.000,9999.000,9999.000,9999.000
202603061330,   3.082,   3.817,9999.000,9999.000,9999.000,9999.000,9999.000,9999.000,9999.000
202603061336,   3.154,   3.890,9999.000,9999.000,9999.000,9999.000,9999.000,9999.000,9999.000
202603061342,   3.225,   3.968,9999.000,9999.000,9999.000,9999.000,9999.000,9999.000,9999.000
202603061348,   3.293,   4.037,9999.000,9999.000,9999.000,9999.000,9999.000,9999.000,9999.000
202603061354,   3.358,   4.109,9999.000,9999.000,9999.000,9999.000,9999.000,9999.000,9999.000
202603061400,   3.420,   4.188,   0.400,   0.368,   4.188,   0.400,   4.188,   0.500,   4.288
202603061406,   3.479,   4.257,9999.000,9999.000,9999.000,9999.000,9999.000,9999.000,9999.000
202603061412,   3.534,   4.329,9999.000,9999.000,9999.000,9999.000,9999.000,9999.000,9999.000
202603061418,   3.585,   4.388,9999.000,9999.000,9999.000,9999.000,9999.000,9999.000,9999.000
202603061424,   3.632,   4.437,9999.000,9999.000,9999.000,9999.000,9999.000,9999.000,9999.000
202603061430,   3.675,   4.490,9999.000,9999.000,9999.000,9999.000,9999.000,9999.000,9999.000
202603061436,   3.713,   4.549,9999.000,9999.000,9999.000,9999.000,9999.000,9999.000,9999.000
202603061442,   3.746,   4.598,9999.000,9999.000,9999.000,9999.000,9999.000,9999.000,9999.000
202603061448,   3.773,   4.637,9999.000,9999.000,9999.000,9999.000,9999.000,9999.000,9999.000
202603061454,   3.796,   4.690,9999.000,9999.000,9999.000,9999.000,9999.000,9999.000,9999.000
202603061500,   3.812,   4.710,   0.400,   0.498,   4.710,   0.400,   4.710,   0.500,   4.810
202603061506,   3.823,   4.739,9999.000,9999.000,9999.000,9999.000,9999.000,9999.000,9999.000
202603061512,   3.828,   4.759,9999.000,9999.000,9999.000,9999.000,9999.000,9999.000,9999.000
202603061518,   3.827,   4.778,9999.000,9999.000,9999.000,9999.000,9999.000,9999.000,9999.000
202603061524,   3.820,   4.778,9999.000,9999.000,9999.000,9999.000,9999.000,9999.000,9999.000
202603061530,   3.807,   4.778,9999.000,9999.000,9999.000,9999.000,9999.000,9999.000,9999.000
202603061536,   3.788,   4.759,9999.000,9999.000,9999.000,9999.000,9999.000,9999.000,9999.000
202603061542,   3.763,   4.749,9999.000,9999.000,9999.000,9999.000,9999.000,9999.000,9999.000
202603061548,   3.733,   4.710,9999.000,9999.000,9999.000,9999.000,9999.000,9999.000,9999.000
202603061554,   3.696,   4.690,9999.000,9999.000,9999.000,9999.000,9999.000,9999.000,9999.000
202603061600,   3.655,   4.647,   0.500,   0.492,   4.647,   0.400,   4.547,   0.500,   4.647
202603061606,   3.608,   4.598,9999.000,9999.000,9999.000,9999.000,9999.000,9999.000,9999.000
202603061612,   3.556,   4.539,9999.000,9999.000,9999.000,9999.000,9999.000,9999.000,9999.000
202603061618,   3.499,   4.480,9999.000,9999.000,9999.000,9999.000,9999.000,9999.000,9999.000
202603061624,   3.438,   4.418,9999.000,9999.000,9999.000,9999.000,9999.000,9999.000,9999.000
202603061630,   3.373,   4.359,9999.000,9999.000,9999.000,9999.000,9999.000,9999.000,9999.000
202603061636,   3.304,   4.290,9999.000,9999.000,9999.000,9999.000,9999.000,9999.000,9999.000
202603061642,   3.231,   4.218,9999.000,9999.000,9999.000,9999.000,9999.000,9999.000,9999.000
202603061648,   3.155,   4.139,9999.000,9999.000,9999.000,9999.000,9999.000,9999.000,9999.000
202603061654,   3.076,   4.070,9999.000,9999.000,9999.000,9999.000,9999.000,9999.000,9999.000
202603061700,   2.995,   3.998,   0.500,   0.503,   3.998,   0.500,   3.998,   0.500,   3.998
202603061706,   2.912,   3.909,9999.000,9999.000,9999.000,9999.000,9999.000,9999.000,9999.000
202603061712,   2.827,   3.837,9999.000,9999.000,9999.000,9999.000,9999.000,9999.000,9999.000
202603061718,   2.741,   3.758,9999.000,9999.000,9999.000,9999.000,9999.000,9999.000,9999.000
202603061724,   2.653,   3.680,9999.000,9999.000,9999.000,9999.000,9999.000,9999.000,9999.000
202603061730,   2.564,   3.598,9999.000,9999.000,9999.000,9999.000,9999.000,9999.000,9999.000
202603061736,   2.475,   3.509,9999.000,9999.000,9999.000,9999.000,9999.000,9999.000,9999.000
202603061742,   2.385,   3.427,9999.000,9999.000,9999.000,9999.000,9999.000,9999.000,9999.000
202603061748,   2.295,   3.348,9999.000,9999.000,9999.000,9999.000,9999.000,9999.000,9999.000
202603061754,   2.205,   3.260,9999.000,9999.000,9999.000,9999.000,9999.000,9999.000,9999.000
202603061800,   2.116,   3.168,   0.500,   0.552,   3.168,   0.500,   3.168,   0.600,   3.268
202603061806,   2.026,   3.089,9999.000,9999.000,9999.000,9999.000,9999.000,9999.000,9999.000
202603061812,   1.937,   3.007,9999.000,9999.000,9999.000,9999.000,9999.000,9999.000,9999.000
202603061818,   1.848,   2.909,9999.000,9999.000,9999.000,9999.000,9999.000,9999.000,9999.000
202603061824,   1.760,   2.820,9999.000,9999.000,9999.000,9999.000,9999.000,9999.000,9999.000
202603061830,   1.673,   2.738,9999.000,9999.000,9999.000,9999.000,9999.000,9999.000,9999.000
202603061836,   1.586,   2.660,9999.000,9999.000,9999.000,9999.000,9999.000,9999.000,9999.000
202603061842,   1.500,   2.568,9999.000,9999.000,9999.000,9999.000,9999.000,9999.000,9999.000
202603061848,   1.414,   2.479,9999.000,9999.000,9999.000,9999.000,9999.000,9999.000,9999.000
202603061854,   1.329,   2.400,9999.000,9999.000,9999.000,9999.000,9999.000,9999.000,9999.000
202603061900,   1.246,   2.318,   0.600,   0.472,   2.318,   0.500,   2.218,   0.600,   2.318
202603061906,   1.163,   2.240,9999.000,9999.000,9999.000,9999.000,9999.000,9999.000,9999.000
202603061912,   1.081,   2.168,9999.000,9999.000,9999.000,9999.000,9999.000,9999.000,9999.000
202603061918,   1.000,   2.099,9999.000,9999.000,9999.000,9999.000,9999.000,9999.000,9999.000
202603061924,   0.921,   2.010,9999.000,9999.000,9999.000,9999.000,9999.000,9999.000,9999.000
202603061930,   0.843,   1.918,9999.000,9999.000,9999.000,9999.000,9999.000,9999.000,9999.000
202603061936,   0.767,   1.849,9999.000,9999.000,9999.000,9999.000,9999.000,9999.000,9999.000
202603061942,   0.693,   1.790,9999.000,9999.000,9999.000,9999.000,9999.000,9999.000,9999.000
202603061948,   0.621,   1.728,9999.000,9999.000,9999.000,9999.000,9999.000,9999.000,9999.000
202603061954,   0.551,   1.649,9999.000,9999.000,9999.000,9999.000,9999.000,9999.000,9999.000
202603062000,   0.485,   1.580,   0.600,   0.495,   1.580,   0.500,   1.480,   0.700,   1.680
202603062006,   0.422,   1.518,9999.000,9999.000,9999.000,9999.000,9999.000,9999.000,9999.000
202603062012,   0.362,   1.459,9999.000,9999.000,9999.000,9999.000,9999.000,9999.000,9999.000
202603062018,   0.306,   1.410,9999.000,9999.000,9999.000,9999.000,9999.000,9999.000,9999.000
202603062024,   0.255,   1.361,9999.000,9999.000,9999.000,9999.000,9999.000,9999.000,9999.000
202603062030,   0.209,   1.308,9999.000,9999.000,9999.000,9999.000,9999.000,9999.000,9999.000
202603062036,   0.167,   1.269,9999.000,9999.000,9999.000,9999.000,9999.000,9999.000,9999.000
202603062042,   0.132,   1.229,9999.000,9999.000,9999.000,9999.000,9999.000,9999.000,9999.000
202603062048,   0.102,   1.180,9999.000,9999.000,9999.000,9999.000,9999.000,9999.000,9999.000
202603062054,   0.079,   1.134,9999.000,9999.000,9999.000,9999.000,9999.000,9999.000,9999.000
202603062100,   0.062,   1.098,   0.600,   0.436,   1.098,   0.600,   1.098,   0.700,   1.198
202603062106,   0.051,   1.088,9999.000,9999.000,9999.000,9999.000,9999.000,9999.000,9999.000
202603062112,   0.048,   1.098,9999.000,9999.000,9999.000,9999.000,9999.000,9999.000,9999.000
202603062118,   0.052,   1.108,9999.000,9999.000,9999.000,9999.000,9999.000,9999.000,9999.000
202603062124,   0.063,   1.128,9999.000,9999.000,9999.000,9999.000,9999.000,9999.000,9999.000
202603062130,   0.082,   1.138,9999.000,9999.000,9999.000,9999.000,9999.000,9999.000,9999.000
202603062136,   0.107,   1.151,9999.000,9999.000,9999.000,9999.000,9999.000,9999.000,9999.000
202603062142,   0.139,   1.210,9999.000,9999.000,9999.000,9999.000,9999.000,9999.000,9999.000
202603062148,   0.179,   1.269,9999.000,9999.000,9999.000,9999.000,9999.000,9999.000,9999.000
202603062154,   0.225,   1.318,9999.000,9999.000,9999.000,9999.000,9999.000,9999.000,9999.000
202603062200,   0.277,   1.371,   0.700,   0.394,   1.371,   0.600,   1.271,   0.700,   1.371
202603062206,   0.335,   1.449,9999.000,9999.000,9999.000,9999.000,9999.000,9999.000,9999.000
202603062212,   0.399,   1.538,9999.000,9999.000,9999.000,9999.000,9999.000,9999.000,9999.000
202603062218,   0.468,   1.620,9999.000,9999.000,9999.000,9999.000,9999.000,9999.000,9999.000
202603062224,   0.542,   1.708,9999.000,9999.000,9999.000,9999.000,9999.000,9999.000,9999.000
202603062230,   0.620,   1.800,9999.000,9999.000,9999.000,9999.000,9999.000,9999.000,9999.000
202603062236,   0.702,   1.889,9999.000,9999.000,9999.000,9999.000,9999.000,9999.000,9999.000
202603062242,   0.787,   1.990,9999.000,9999.000,9999.000,9999.000,9999.000,9999.000,9999.000
202603062248,   0.874,   2.079,9999.000,9999.000,9999.000,9999.000,9999.000,9999.000,9999.000
202603062254,   0.964,   2.158,9999.000,9999.000,9999.000,9999.000,9999.000,9999.000,9999.000
202603062300,   1.056,   2.240,   0.700,   0.484,   2.240,   0.600,   2.140,   0.800,   2.340
202603062306,   1.150,   2.338,9999.000,9999.000,9999.000,9999.000,9999.000,9999.000,9999.000
202603062312,   1.244,   2.430,9999.000,9999.000,9999.000,9999.000,9999.000,9999.000,9999.000
202603062318,   1.339,   2.519,9999.000,9999.000,9999.000,9999.000,9999.000,9999.000,9999.000
202603062324,   1.434,   2.597,9999.000,9999.000,9999.000,9999.000,9999.000,9999.000,9999.000
202603062330,   1.529,   2.679,9999.000,9999.000,9999.000,9999.000,9999.000,9999.000,9999.000
202603062336,   1.624,   2.758,9999.000,9999.000,9999.000,9999.000,9999.000,9999.000,9999.000
202603062342,   1.718,   2.840,9999.000,9999.000,9999.000,9999.000,9999.000,9999.000,9999.000
202603062348,   1.812,   2.929,9999.000,9999.000,9999.000,9999.000,9999.000,9999.000,9999.000
202603062354,   1.905,   3.407,9999.000,9999.000,9999.000,9999.000,9999.000,9999.000,9999.000
202603070000,   1.997,   3.407,   0.700,   0.710,   3.407,   0.600,   3.307,   0.800,   3.507
202603070006,   2.088,   3.178,9999.000,9999.000,9999.000,9999.000,9999.000,9999.000,9999.000
202603070012,   2.178,   3.250,9999.000,9999.000,9999.000,9999.000,9999.000,9999.000,9999.000
202603070018,   2.267,   3.329,9999.000,9999.000,9999.000,9999.000,9999.000,9999.000,9999.000
202603070024,   2.356,   3.407,9999.000,9999.000,9999.000,9999.000,9999.000,9999.000,9999.000
202603070030,   2.443,9999.000,9999.000,9999.000,9999.000,9999.000,9999.000,9999.000,9999.000
202603070036,   2.530,   3.568,9999.000,9999.000,9999.000,9999.000,9999.000,9999.000,9999.000
202603070042,   2.616,   3.637,9999.000,9999.000,9999.000,9999.000,9999.000,9999.000,9999.000
202603070048,   2.701,   3.709,9999.000,9999.000,9999.000,9999.000,9999.000,9999.000,9999.000
202603070054,   2.785,   3.778,9999.000,9999.000,9999.000,9999.000,9999.000,9999.000,9999.000
202603070100,   2.869,   3.860,   0.700,   0.291,   3.860,   0.700,   3.860,   0.800,   3.960
202603070106,   2.952,   3.929,9999.000,9999.000,9999.000,9999.000,9999.000,9999.000,9999.000
202603070112,   3.034,   3.998,9999.000,9999.000,9999.000,9999.000,9999.000,9999.000,9999.000
202603070118,   3.116,   4.070,9999.000,9999.000,9999.000,9999.000,9999.000,9999.000,9999.000
202603070124,   3.196,   4.149,9999.000,9999.000,9999.000,9999.000,9999.000,9999.000,9999.000
202603070130,   3.276,   4.208,9999.000,9999.000,9999.000,9999.000,9999.000,9999.000,9999.000
202603070136,   3.354,   4.280,9999.000,9999.000,9999.000,9999.000,9999.000,9999.000,9999.000
202603070142,   3.431,   4.349,9999.000,9999.000,9999.000,9999.000,9999.000,9999.000,9999.000
202603070148,   3.507,   4.408,9999.000,9999.000,9999.000,9999.000,9999.000,9999.000,9999.000
202603070154,   3.580,   4.480,9999.000,9999.000,9999.000,9999.000,9999.000,9999.000,9999.000
202603070200,   3.652,   4.549,   0.800,   0.097,   4.549,   0.700,   4.449,   0.800,   4.549
202603070206,   3.722,   4.618,9999.000,9999.000,9999.000,9999.000,9999.000,9999.000,9999.000
202603070212,   3.789,   4.690,9999.000,9999.000,9999.000,9999.000,9999.000,9999.000,9999.000
202603070218,   3.854,   4.759,9999.000,9999.000,9999.000,9999.000,9999.000,9999.000,9999.000
202603070224,   3.915,   4.808,9999.000,9999.000,9999.000,9999.000,9999.000,9999.000,9999.000
202603070230,   3.973,   4.867,9999.000,9999.000,9999.000,9999.000,9999.000,9999.000,9999.000
202603070236,   4.028,   4.919,9999.000,9999.000,9999.000,9999.000,9999.000,9999.000,9999.000
202603070242,   4.078,   4.959,9999.000,9999.000,9999.000,9999.000,9999.000,9999.000,9999.000
202603070248,   4.124,   4.998,9999.000,9999.000,9999.000,9999.000,9999.000,9999.000,9999.000
202603070254,   4.166,   5.038,9999.000,9999.000,9999.000,9999.000,9999.000,9999.000,9999.000
202603070300,   4.203,   5.087,   0.800,   0.084,   5.087,   0.700,   4.987,   0.900,   5.187
202603070306,   4.234,   5.120,9999.000,9999.000,9999.000,9999.000,9999.000,9999.000,9999.000
202603070312,   4.261,   5.149,9999.000,9999.000,9999.000,9999.000,9999.000,9999.000,9999.000
202603070318,   4.282,   5.179,9999.000,9999.000,9999.000,9999.000,9999.000,9999.000,9999.000
202603070324,   4.297,   5.198,9999.000,9999.000,9999.000,9999.000,9999.000,9999.000,9999.000
202603070330,   4.307,   5.208,9999.000,9999.000,9999.000,9999.000,9999.000,9999.000,9999.000
202603070336,   4.311,   5.218,9999.000,9999.000,9999.000,9999.000,9999.000,9999.000,9999.000
202603070342,   4.309,9999.000,9999.000,9999.000,9999.000,9999.000,9999.000,9999.000,9999.000
202603070348,   4.301,   5.218,9999.000,9999.000,9999.000,9999.000,9999.000,9999.000,9999.000
202603070354,   4.286,   5.218,9999.000,9999.000,9999.000,9999.000,9999.000,9999.000,9999.000
202603070400,   4.266,   5.198,   0.800,   0.132,   5.198,   0.700,   5.098,   0.900,   5.298
202603070406,   4.240,   5.169,9999.000,9999.000,9999.000,9999.000,9999.000,9999.000,9999.000
202603070412,   4.208,   5.139,9999.000,9999.000,9999.000,9999.000,9999.000,9999.000,9999.000
202603070418,   4.171,   5.110,9999.000,9999.000,9999.000,9999.000,9999.000,9999.000,9999.000
202603070424,   4.127,   5.067,9999.000,9999.000,9999.000,9999.000,9999.000,9999.000,9999.000
202603070430,   4.079,   5.028,9999.000,9999.000,9999.000,9999.000,9999.000,9999.000,9999.000
202603070436,   4.025,   4.979,9999.000,9999.000,9999.000,9999.000,9999.000,9999.000,9999.000
202603070442,   3.967,   4.919,9999.000,9999.000,9999.000,9999.000,9999.000,9999.000,9999.000
202603070448,   3.904,   4.857,9999.000,9999.000,9999.000,9999.000,9999.000,9999.000,9999.000
202603070454,   3.836,   4.778,9999.000,9999.000,9999.000,9999.000,9999.000,9999.000,9999.000
202603070500,   3.764,   4.700,   0.800,   0.136,   4.700,   0.700,   4.600,   0.900,   4.800
202603070506,   3.689,   4.628,9999.000,9999.000,9999.000,9999.000,9999.000,9999.000,9999.000
202603070512,   3.610,   4.549,9999.000,9999.000,9999.000,9999.000,9999.000,9999.000,9999.000
202603070518,   3.529,   4.467,9999.000,9999.000,9999.000,9999.000,9999.000,9999.000,9999.000
202603070524,   3.444,   4.388,9999.000,9999.000,9999.000,9999.000,9999.000,9999.000,9999.000
202603070530,   3.357,   4.309,9999.000,9999.000,9999.000,9999.000,9999.000,9999.000,9999.000
202603070536,   3.268,   4.227,9999.000,9999.000,9999.000,9999.000,9999.000,9999.000,9999.000
202603070542,   3.177,   4.129,9999.000,9999.000,9999.000,9999.000,9999.000,9999.000,9999.000
202603070548,   3.085,   4.037,9999.000,9999.000,9999.000,9999.000,9999.000,9999.000,9999.000
202603070554,   2.991,   3.958,9999.000,9999.000,9999.000,9999.000,9999.000,9999.000,9999.000
202603070600,   2.897,   3.870,   0.800,   0.173,   3.870,   0.700,   3.770,   0.900,   3.970
202603070606,   2.802,   3.778,9999.000,9999.000,9999.000,9999.000,9999.000,9999.000,9999.000
202603070612,   2.706,   3.689,9999.000,9999.000,9999.000,9999.000,9999.000,9999.000,9999.000
202603070618,   2.610,   3.598,9999.000,9999.000,9999.000,9999.000,9999.000,9999.000,9999.000
202603070624,   2.513,   3.499,9999.000,9999.000,9999.000,9999.000,9999.000,9999.000,9999.000
202603070630,   2.417,   3.417,9999.000,9999.000,9999.000,9999.000,9999.000,9999.000,9999.000
202603070636,   2.321,   3.319,9999.000,9999.000,9999.000,9999.000,9999.000,9999.000,9999.000
202603070642,   2.225,   3.230,9999.000,9999.000,9999.000,9999.000,9999.000,9999.000,9999.000
202603070648,   2.129,   3.129,9999.000,9999.000,9999.000,9999.000,9999.000,9999.000,9999.000
202603070654,   2.034,   3.040,9999.000,9999.000,9999.000,9999.000,9999.000,9999.000,9999.000
202603070700,   1.939,   2.938,   0.800,   0.199,   2.938,   0.700,   2.838,   0.900,   3.038
202603070706,   1.845,   2.850,9999.000,9999.000,9999.000,9999.000,9999.000,9999.000,9999.000
202603070712,   1.751,   2.748,9999.000,9999.000,9999.000,9999.000,9999.000,9999.000,9999.000
202603070718,   1.658,   2.650,9999.000,9999.000,9999.000,9999.000,9999.000,9999.000,9999.000
202603070724,   1.565,   2.558,9999.000,9999.000,9999.000,9999.000,9999.000,9999.000,9999.000
202603070730,   1.474,   2.469,9999.000,9999.000,9999.000,9999.000,9999.000,9999.000,9999.000
202603070736,   1.383,   2.377,9999.000,9999.000,9999.000,9999.000,9999.000,9999.000,9999.000
202603070742,   1.293,   2.279,9999.000,9999.000,9999.000,9999.000,9999.000,9999.000,9999.000
202603070748,   1.204,   2.191,9999.000,9999.000,9999.000,9999.000,9999.000,9999.000,9999.000
202603070754,   1.117,   2.099,9999.000,9999.000,9999.000,9999.000,9999.000,9999.000,9999.000
202603070800,   1.032,   2.020,   0.800,   0.188,   2.020,   0.700,   1.920,   0.900,   2.120
202603070806,   0.948,   1.948,9999.000,9999.000,9999.000,9999.000,9999.000,9999.000,9999.000
202603070812,   0.866,   1.869,9999.000,9999.000,9999.000,9999.000,9999.000,9999.000,9999.000
202603070818,   0.787,   1.800,9999.000,9999.000,9999.000,9999.000,9999.000,9999.000,9999.000
202603070824,   0.710,   1.728,9999.000,9999.000,9999.000,9999.000,9999.000,9999.000,9999.000
202603070830,   0.637,   1.649,9999.000,9999.000,9999.000,9999.000,9999.000,9999.000,9999.000
202603070836,   0.567,   1.590,9999.000,9999.000,9999.000,9999.000,9999.000,9999.000,9999.000
202603070842,   0.500,   1.518,9999.000,9999.000,9999.000,9999.000,9999.000,9999.000,9999.000
202603070848,   0.438,   1.459,9999.000,9999.000,9999.000,9999.000,9999.000,9999.000,9999.000
202603070854,   0.381,   1.410,9999.000,9999.000,9999.000,9999.000,9999.000,9999.000,9999.000
202603070900,   0.328,   1.361,   0.800,   0.233,   1.361,   0.700,   1.261,   0.900,   1.461
202603070906,   0.281,   1.308,9999.000,9999.000,9999.000,9999.000,9999.000,9999.000,9999.000
202603070912,   0.240,   1.249,9999.000,9999.000,9999.000,9999.000,9999.000,9999.000,9999.000
202603070918,   0.204,   1.210,9999.000,9999.000,9999.000,9999.000,9999.000,9999.000,9999.000
202603070924,   0.175,   1.170,9999.000,9999.000,9999.000,9999.000,9999.000,9999.000,9999.000
202603070930,   0.152,   1.138,9999.000,9999.000,9999.000,9999.000,9999.000,9999.000,9999.000
202603070936,   0.136,   1.108,9999.000,9999.000,9999.000,9999.000,9999.000,9999.000,9999.000
202603070942,   0.126,   1.098,9999.000,9999.000,9999.000,9999.000,9999.000,9999.000,9999.000
202603070948,   0.124,   1.088,9999.000,9999.000,9999.000,9999.000,9999.000,9999.000,9999.000
202603070954,   0.129,   1.079,9999.000,9999.000,9999.000,9999.000,9999.000,9999.000,9999.000
202603071000,   0.140,   1.088,   0.800,   0.148,   1.088,   0.700,   0.988,   0.900,   1.188
202603071006,   0.159,   1.098,9999.000,9999.000,9999.000,9999.000,9999.000,9999.000,9999.000
202603071012,   0.184,   1.108,9999.000,9999.000,9999.000,9999.000,9999.000,9999.000,9999.000
202603071018,   0.215,   1.151,9999.000,9999.000,9999.000,9999.000,9999.000,9999.000,9999.000
202603071024,   0.253,   1.210,9999.000,9999.000,9999.000,9999.000,9999.000,9999.000,9999.000
202603071030,   0.296,   1.239,9999.000,9999.000,9999.000,9999.000,9999.000,9999.000,9999.000
202603071036,   0.345,   1.298,9999.000,9999.000,9999.000,9999.000,9999.000,9999.000,9999.000
202603071042,   0.400,   1.361,9999.000,9999.000,9999.000,9999.000,9999.000,9999.000,9999.000
202603071048,   0.459,   1.430,9999.000,9999.000,9999.000,9999.000,9999.000,9999.000,9999.000
202603071054,   0.522,   1.518,9999.000,9999.000,9999.000,9999.000,9999.000,9999.000,9999.000
202603071100,   0.589,   1.600,   0.800,   0.211,   1.600,   0.700,   1.500,   0.900,   1.700
202603071106,   0.659,   1.679,9999.000,9999.000,9999.000,9999.000,9999.000,9999.000,9999.000
202603071112,   0.733,   1.767,9999.000,9999.000,9999.000,9999.000,9999.000,9999.000,9999.000
202603071118,   0.808,   1.840,9999.000,9999.000,9999.000,9999.000,9999.000,9999.000,9999.000
202603071124,   0.886,   1.918,9999.000,9999.000,9999.000,9999.000,9999.000,9999.000,9999.000
202603071130,   0.966,   2.000,9999.000,9999.000,9999.000,9999.000,9999.000,9999.000,9999.000
202603071136,   1.046,   2.099,9999.000,9999.000,9999.000,9999.000,9999.000,9999.000,9999.000
202603071142,   1.127,   2.191,9999.000,9999.000,9999.000,9999.000,9999.000,9999.000,9999.000
202603071148,   1.209,   2.269,9999.000,9999.000,9999.000,9999.000,9999.000,9999.000,9999.000
202603071154,   1.291,   2.348,9999.000,9999.000,9999.000,9999.000,9999.000,9999.000,9999.000
202603071200,   1.373,   2.440,   0.800,   0.267,   2.440,   0.700,   2.340,   0.800,   2.440
202603071206,   1.455,   2.519,9999.000,9999.000,9999.000,9999.000,9999.000,9999.000,9999.000
202603071212,   1.537,   2.587,9999.000,9999.000,9999.000,9999.000,9999.000,9999.000,9999.000
202603071218,   1.618,   2.669,9999.000,9999.000,9999.000,9999.000,9999.000,9999.000,9999.000
202603071224,   1.698,   2.758,9999.000,9999.000,9999.000,9999.000,9999.000,9999.000,9999.000
202603071230,   1.777,   2.820,9999.000,9999.000,9999.000,9999.000,9999.000,9999.000,9999.000
202603071236,   1.856,   2.879,9999.000,9999.000,9999.000,9999.000,9999.000,9999.000,9999.000
202603071242,   1.934,   2.948,9999.000,9999.000,9999.000,9999.000,9999.000,9999.000,9999.000
202603071248,   2.012,   3.017,9999.000,9999.000,9999.000,9999.000,9999.000,9999.000,9999.000
202603071254,   2.088,   3.089,9999.000,9999.000,9999.000,9999.000,9999.000,9999.000,9999.000
202603071300,   2.164,   3.158,   0.800,   0.194,   3.158,   0.700,   3.058,   0.800,   3.158
202603071306,   2.239,   3.230,9999.000,9999.000,9999.000,9999.000,9999.000,9999.000,9999.000
202603071312,   2.314,   3.299,9999.000,9999.000,9999.000,9999.000,9999.000,9999.000,9999.000
202603071318,   2.387,9999.000,9999.000,9999.000,9999.000,9999.000,9999.000,9999.000,9999.000
202603071324,   2.460,   3.417,9999.000,9999.000,9999.000,9999.000,9999.000,9999.000,9999.000
202603071330,   2.532,   3.480,9999.000,9999.000,9999.000,9999.000,9999.000,9999.000,9999.000
202603071336,   2.604,   3.548,9999.000,9999.000,9999.000,9999.000,9999.000,9999.000,9999.000
202603071342,   2.674,   3.607,9999.000,9999.000,9999.000,9999.000,9999.000,9999.000,9999.000
202603071348,   2.744,   3.660,9999.000,9999.000,9999.000,9999.000,9999.000,9999.000,9999.000
202603071354,   2.812,   3.729,9999.000,9999.000,9999.000,9999.000,9999.000,9999.000,9999.000
202603071400,   2.879,   3.788,   0.800,   0.109,   3.788,   0.700,   3.688,   0.800,   3.788
202603071406,   2.945,   3.837,9999.000,9999.000,9999.000,9999.000,9999.000,9999.000,9999.000
202603071412,   3.009,   3.899,9999.000,9999.000,9999.000,9999.000,9999.000,9999.000,9999.000
202603071418,   3.072,   3.939,9999.000,9999.000,9999.000,9999.000,9999.000,9999.000,9999.000
202603071424,   3.132,   3.998,9999.000,9999.000,9999.000,9999.000,9999.000,9999.000,9999.000
202603071430,   3.190,   4.047,9999.000,9999.000,9999.000,9999.000,9999.000,9999.000,9999.000
202603071436,   3.245,   4.099,9999.000,9999.000,9999.000,9999.000,9999.000,9999.000,9999.000
202603071442,   3.297,   4.149,9999.000,9999.000,9999.000,9999.000,9999.000,9999.000,9999.000
202603071448,   3.347,   4.198,9999.000,9999.000,9999.000,9999.000,9999.000,9999.000,9999.000
202603071454,   3.393,   4.247,9999.000,9999.000,9999.000,9999.000,9999.000,9999.000,9999.000
202603071500,   3.435,   4.290,   0.800,   0.055,   4.290,   0.700,   4.190,   0.800,   4.290
202603071506,   3.473,   4.339,9999.000,9999.000,9999.000,9999.000,9999.000,9999.000,9999.000
202603071512,   3.508,   4.378,9999.000,9999.000,9999.000,9999.000,9999.000,9999.000,9999.000
202603071518,   3.537,   4.418,9999.000,9999.000,9999.000,9999.000,9999.000,9999.000,9999.000
202603071524,   3.562,   4.447,9999.000,9999.000,9999.000,9999.000,9999.000,9999.000,9999.000
202603071530,   3.583,   4.480,9999.000,9999.000,9999.000,9999.000,9999.000,9999.000,9999.000
202603071536,   3.598,   4.509,9999.000,9999.000,9999.000,9999.000,9999.000,9999.000,9999.000
202603071542,   3.608,   4.539,9999.000,9999.000,9999.000,9999.000,9999.000,9999.000,9999.000
202603071548,   3.612,   4.549,9999.000,9999.000,9999.000,9999.000,9999.000,9999.000,9999.000
202603071554,   3.611,   4.559,9999.000,9999.000,9999.000,9999.000,9999.000,9999.000,9999.000
202603071600,   3.605,   4.578,   0.800,   0.173,   4.578,   0.700,   4.478,   0.800,   4.578
202603071606,   3.593,   4.578,9999.000,9999.000,9999.000,9999.000,9999.000,9999.000,9999.000
202603071612,   3.575,   4.559,9999.000,9999.000,9999.000,9999.000,9999.000,9999.000,9999.000
202603071618,   3.552,   4.549,9999.000,9999.000,9999.000,9999.000,9999.000,9999.000,9999.000
202603071624,   3.524,   4.529,9999.000,9999.000,9999.000,9999.000,9999.000,9999.000,9999.000
202603071630,   3.490,   4.490,9999.000,9999.000,9999.000,9999.000,9999.000,9999.000,9999.000
202603071636,   3.450,   4.427,9999.000,9999.000,9999.000,9999.000,9999.000,9999.000,9999.000
202603071642,   3.406,   4.378,9999.000,9999.000,9999.000,9999.000,9999.000,9999.000,9999.000
202603071648,   3.357,   4.329,9999.000,9999.000,9999.000,9999.000,9999.000,9999.000,9999.000
202603071654,   3.303,   4.267,9999.000,9999.000,9999.000,9999.000,9999.000,9999.000,9999.000
202603071700,   3.245,   4.198,   0.700,   0.253,   4.198,   0.700,   4.198,   0.800,   4.298
202603071706,   3.183,   4.129,9999.000,9999.000,9999.000,9999.000,9999.000,9999.000,9999.000
202603071712,   3.116,   4.037,9999.000,9999.000,9999.000,9999.000,9999.000,9999.000,9999.000
202603071718,   3.047,   3.958,9999.000,9999.000,9999.000,9999.000,9999.000,9999.000,9999.000
202603071724,   2.974,   3.880,9999.000,9999.000,9999.000,9999.000,9999.000,9999.000,9999.000
202603071730,   2.898,   3.788,9999.000,9999.000,9999.000,9999.000,9999.000,9999.000,9999.000
202603071736,   2.820,   3.699,9999.000,9999.000,9999.000,9999.000,9999.000,9999.000,9999.000
202603071742,   2.739,   3.607,9999.000,9999.000,9999.000,9999.000,9999.000,9999.000,9999.000
202603071748,   2.657,   3.509,9999.000,9999.000,9999.000,9999.000,9999.000,9999.000,9999.000
202603071754,   2.573,   3.417,9999.000,9999.000,9999.000,9999.000,9999.000,9999.000,9999.000
202603071800,   2.489,   3.339,   0.700,   0.150,   3.339,   0.700,   3.339,   0.800,   3.439
202603071806,   2.403,   3.240,9999.000,9999.000,9999.000,9999.000,9999.000,9999.000,9999.000
202603071812,   2.317,   3.138,9999.000,9999.000,9999.000,9999.000,9999.000,9999.000,9999.000
202603071818,   2.231,   3.050,9999.000,9999.000,9999.000,9999.000,9999.000,9999.000,9999.000
202603071824,   2.145,   2.978,9999.000,9999.000,9999.000,9999.000,9999.000,9999.000,9999.000
202603071830,   2.060,   2.889,9999.000,9999.000,9999.000,9999.000,9999.000,9999.000,9999.000
202603071836,   1.975,   2.797,9999.000,9999.000,9999.000,9999.000,9999.000,9999.000,9999.000
202603071842,   1.891,   2.719,9999.000,9999.000,9999.000,9999.000,9999.000,9999.000,9999.000
202603071848,   1.808,   2.630,9999.000,9999.000,9999.000,9999.000,9999.000,9999.000,9999.000
202603071854,   1.726,   2.548,9999.000,9999.000,9999.000,9999.000,9999.000,9999.000,9999.000
202603071900,   1.645,   2.459,   0.700,   0.114,   2.459,   0.700,   2.459,   0.700,   2.459
202603071906,   1.566,   2.368,9999.000,9999.000,9999.000,9999.000,9999.000,9999.000,9999.000
202603071912,   1.489,   2.289,9999.000,9999.000,9999.000,9999.000,9999.000,9999.000,9999.000
202603071918,   1.412,   2.210,9999.000,9999.000,9999.000,9999.000,9999.000,9999.000,9999.000
202603071924,   1.338,   2.118,9999.000,9999.000,9999.000,9999.000,9999.000,9999.000,9999.000
202603071930,   1.265,9999.000,9999.000,9999.000,9999.000,9999.000,9999.000,9999.000,9999.000
202603071936,   1.194,   1.948,9999.000,9999.000,9999.000,9999.000,9999.000,9999.000,9999.000
202603071942,   1.125,   1.879,9999.000,9999.000,9999.000,9999.000,9999.000,9999.000,9999.000
202603071948,   1.057,   1.790,9999.000,9999.000,9999.000,9999.000,9999.000,9999.000,9999.000
202603071954,   0.991,   1.718,9999.000,9999.000,9999.000,9999.000,9999.000,9999.000,9999.000
202603072000,   0.927,   1.649,   0.700,   0.022,   1.649,   0.700,   1.649,   0.700,   1.649
202603072006,   0.864,   1.580,9999.000,9999.000,9999.000,9999.000,9999.000,9999.000,9999.000
202603072012,   0.804,   1.508,9999.000,9999.000,9999.000,9999.000,9999.000,9999.000,9999.000
202603072018,   0.746,   1.439,9999.000,9999.000,9999.000,9999.000,9999.000,9999.000,9999.000
202603072024,   0.690,   1.390,9999.000,9999.000,9999.000,9999.000,9999.000,9999.000,9999.000
202603072030,   0.636,   1.338,9999.000,9999.000,9999.000,9999.000,9999.000,9999.000,9999.000
202603072036,   0.585,   1.289,9999.000,9999.000,9999.000,9999.000,9999.000,9999.000,9999.000
202603072042,   0.537,   1.249,9999.000,9999.000,9999.000,9999.000,9999.000,9999.000,9999.000
202603072048,   0.491,   1.190,9999.000,9999.000,9999.000,9999.000,9999.000,9999.000,9999.000
202603072054,   0.449,   1.151,9999.000,9999.000,9999.000,9999.000,9999.000,9999.000,9999.000
202603072100,   0.410,   1.108,   0.700,  -0.002,   1.108,   0.700,   1.108,   0.700,   1.108
202603072106,   0.375,   1.069,9999.000,9999.000,9999.000,9999.000,9999.000,9999.000,9999.000
202603072112,   0.344,   1.039,9999.000,9999.000,9999.000,9999.000,9999.000,9999.000,9999.000
202603072118,   0.317,   1.000,9999.000,9999.000,9999.000,9999.000,9999.000,9999.000,9999.000
202603072124,   0.295,   0.970,9999.000,9999.000,9999.000,9999.000,9999.000,9999.000,9999.000
202603072130,   0.278,   0.941,9999.000,9999.000,9999.000,9999.000,9999.000,9999.000,9999.000
202603072136,   0.266,   0.908,9999.000,9999.000,9999.000,9999.000,9999.000,9999.000,9999.000
202603072142,   0.259,   0.898,9999.000,9999.000,9999.000,9999.000,9999.000,9999.000,9999.000
202603072148,   0.258,   0.908,9999.000,9999.000,9999.000,9999.000,9999.000,9999.000,9999.000
202603072154,   0.263,   0.941,9999.000,9999.000,9999.000,9999.000,9999.000,9999.000,9999.000
202603072200,   0.273,   0.951,   0.700,  -0.022,   0.951,   0.700,   0.951,   0.700,   0.951
202603072206,   0.290,   0.980,9999.000,9999.000,9999.000,9999.000,9999.000,9999.000,9999.000
202603072212,   0.313,   0.990,9999.000,9999.000,9999.000,9999.000,9999.000,9999.000,9999.000
202603072218,   0.341,   1.039,9999.000,9999.000,9999.000,9999.000,9999.000,9999.000,9999.000
202603072224,   0.376,   1.088,9999.000,9999.000,9999.000,9999.000,9999.000,9999.000,9999.000
202603072230,   0.417,   1.138,9999.000,9999.000,9999.000,9999.000,9999.000,9999.000,9999.000
202603072236,   0.463,   1.200,9999.000,9999.000,9999.000,9999.000,9999.000,9999.000,9999.000
202603072242,   0.515,   1.269,9999.000,9999.000,9999.000,9999.000,9999.000,9999.000,9999.000
202603072248,   0.572,   1.328,9999.000,9999.000,9999.000,9999.000,9999.000,9999.000,9999.000
202603072254,   0.634,   1.420,9999.000,9999.000,9999.000,9999.000,9999.000,9999.000,9999.000
202603072300,   0.701,   1.498,   0.700,   0.097,   1.498,   0.700,   1.498,   0.700,   1.498
202603072306,   0.772,   1.580,9999.000,9999.000,9999.000,9999.000,9999.000,9999.000,9999.000
202603072312,   0.846,   1.659,9999.000,9999.000,9999.000,9999.000,9999.000,9999.000,9999.000
202603072318,   0.924,   1.728,9999.000,9999.000,9999.000,9999.000,9999.000,9999.000,9999.000
202603072324,   1.005,   1.800,9999.000,9999.000,9999.000,9999.000,9999.000,9999.000,9999.000
202603072330,   1.089,   1.879,9999.000,9999.000,9999.000,9999.000,9999.000,9999.000,9999.000
202603072336,   1.175,   1.958,9999.000,9999.000,9999.000,9999.000,9999.000,9999.000,9999.000
202603072342,   1.262,   2.049,9999.000,9999.000,9999.000,9999.000,9999.000,9999.000,9999.000
202603072348,   1.350,   2.138,9999.000,9999.000,9999.000,9999.000,9999.000,9999.000,9999.000
202603072354,   1.440,   2.735,9999.000,9999.000,9999.000,9999.000,9999.000,9999.000,9999.000
202603080000,   1.530,   2.735,   0.700,   0.505,   2.735,   0.700,   2.735,   0.700,   2.735
202603080006,   1.620,   2.387,9999.000,9999.000,9999.000,9999.000,9999.000,9999.000,9999.000
202603080012,   1.709,   2.469,9999.000,9999.000,9999.000,9999.000,9999.000,9999.000,9999.000
202603080018,   1.799,   2.558,9999.000,9999.000,9999.000,9999.000,9999.000,9999.000,9999.000
202603080024,   1.888,   2.650,9999.000,9999.000,9999.000,9999.000,9999.000,9999.000,9999.000
202603080030,   1.976,   2.738,9999.000,9999.000,9999.000,9999.000,9999.000,9999.000,9999.000
202603080036,   2.063,   2.807,9999.000,9999.000,9999.000,9999.000,9999.000,9999.000,9999.000
202603080042,   2.149,   2.899,9999.000,9999.000,9999.000,9999.000,9999.000,9999.000,9999.000
202603080048,   2.234,   2.968,9999.000,9999.000,9999.000,9999.000,9999.000,9999.000,9999.000
202603080054,   2.317,   3.030,9999.000,9999.000,9999.000,9999.000,9999.000,9999.000,9999.000
202603080100,   2.400,   3.089,   0.700,  -0.011,   3.089,   0.600,   2.989,   0.700,   3.089
202603080106,   2.481,   3.168,9999.000,9999.000,9999.000,9999.000,9999.000,9999.000,9999.000
202603080112,   2.561,   3.230,9999.000,9999.000,9999.000,9999.000,9999.000,9999.000,9999.000
202603080118,   2.640,   3.279,9999.000,9999.000,9999.000,9999.000,9999.000,9999.000,9999.000
202603080124,   2.718,   3.348,9999.000,9999.000,9999.000,9999.000,9999.000,9999.000,9999.000
202603080130,   2.794,   3.407,9999.000,9999.000,9999.000,9999.000,9999.000,9999.000,9999.000
202603080136,   2.870,   3.470,9999.000,9999.000,9999.000,9999.000,9999.000,9999.000,9999.000
202603080142,   2.944,   3.539,9999.000,9999.000,9999.000,9999.000,9999.000,9999.000,9999.000
202603080148,   3.018,   3.607,9999.000,9999.000,9999.000,9999.000,9999.000,9999.000,9999.000
202603080154,   3.090,   3.670,9999.000,9999.000,9999.000,9999.000,9999.000,9999.000,9999.000
202603080200,   3.161,   3.739,   0.700,  -0.122,   3.739,   0.600,   3.639,   0.700,   3.739
202603080206,   3.232,   3.798,9999.000,9999.000,9999.000,9999.000,9999.000,9999.000,9999.000
202603080212,   3.301,   3.860,9999.000,9999.000,9999.000,9999.000,9999.000,9999.000,9999.000
202603080218,   3.368,   3.929,9999.000,9999.000,9999.000,9999.000,9999.000,9999.000,9999.000
202603080224,   3.435,   3.978,9999.000,9999.000,9999.000,9999.000,9999.000,9999.000,9999.000
202603080230,   3.500,   4.047,9999.000,9999.000,9999.000,9999.000,9999.000,9999.000,9999.000
202603080236,   3.563,   4.099,9999.000,9999.000,9999.000,9999.000,9999.000,9999.000,9999.000
202603080242,   3.624,   4.159,9999.000,9999.000,9999.000,9999.000,9999.000,9999.000,9999.000
202603080248,   3.683,   4.218,9999.000,9999.000,9999.000,9999.000,9999.000,9999.000,9999.000
202603080254,   3.740,   4.267,9999.000,9999.000,9999.000,9999.000,9999.000,9999.000,9999.000
202603080300,   3.795,   4.329,   0.600,  -0.066,   4.329,   0.600,   4.329,   0.700,   4.429
202603080306,   3.846,   4.368,9999.000,9999.000,9999.000,9999.000,9999.000,9999.000,9999.000
202603080312,   3.895,   4.418,9999.000,9999.000,9999.000,9999.000,9999.000,9999.000,9999.000
202603080318,   3.940,   4.467,9999.000,9999.000,9999.000,9999.000,9999.000,9999.000,9999.000
202603080324,   3.982,   4.500,9999.000,9999.000,9999.000,9999.000,9999.000,9999.000,9999.000
202603080330,   4.020,   4.539,9999.000,9999.000,9999.000,9999.000,9999.000,9999.000,9999.000
202603080336,   4.054,   4.569,9999.000,9999.000,9999.000,9999.000,9999.000,9999.000,9999.000
202603080342,   4.084,   4.608,9999.000,9999.000,9999.000,9999.000,9999.000,9999.000,9999.000
202603080348,   4.110,   4.637,9999.000,9999.000,9999.000,9999.000,9999.000,9999.000,9999.000
202603080354,   4.130,   4.667,9999.000,9999.000,9999.000,9999.000,9999.000,9999.000,9999.000
202603080400,   4.146,   4.690,   0.600,  -0.056,   4.690,   0.600,   4.690,   0.600,   4.690
202603080406,   4.157,   4.700,9999.000,9999.000,9999.000,9999.000,9999.000,9999.000,9999.000
202603080412,   4.163,   4.710,9999.000,9999.000,9999.000,9999.000,9999.000,9999.000,9999.000
202603080418,   4.163,   4.719,9999.000,9999.000,9999.000,9999.000,9999.000,9999.000,9999.000
202603080424,   4.158,   4.719,9999.000,9999.000,9999.000,9999.000,9999.000,9999.000,9999.000
202603080430,   4.148,   4.710,9999.000,9999.000,9999.000,9999.000,9999.000,9999.000,9999.000
202603080436,   4.132,   4.700,9999.000,9999.000,9999.000,9999.000,9999.000,9999.000,9999.000
202603080442,   4.110,   4.690,9999.000,9999.000,9999.000,9999.000,9999.000,9999.000,9999.000
202603080448,   4.084,   4.657,9999.000,9999.000,9999.000,9999.000,9999.000,9999.000,9999.000
202603080454,   4.051,   4.618,9999.000,9999.000,9999.000,9999.000,9999.000,9999.000,9999.000
202603080500,   4.014,   4.578,   0.600,  -0.036,   4.578,   0.500,   4.478,   0.600,   4.578
202603080506,   3.971,   4.529,9999.000,9999.000,9999.000,9999.000,9999.000,9999.000,9999.000
202603080512,   3.924,   4.467,9999.000,9999.000,9999.000,9999.000,9999.000,9999.000,9999.000
202603080518,   3.872,   4.398,9999.000,9999.000,9999.000,9999.000,9999.000,9999.000,9999.000
202603080524,   3.815,   4.319,9999.000,9999.000,9999.000,9999.000,9999.000,9999.000,9999.000
202603080530,   3.753,   4.247,9999.000,9999.000,9999.000,9999.000,9999.000,9999.000,9999.000
202603080536,   3.688,   4.178,9999.000,9999.000,9999.000,9999.000,9999.000,9999.000,9999.000
202603080542,   3.619,   4.109,9999.000,9999.000,9999.000,9999.000,9999.000,9999.000,9999.000
202603080548,   3.546,   4.037,9999.000,9999.000,9999.000,9999.000,9999.000,9999.000,9999.000
202603080554,   3.470,   3.949,9999.000,9999.000,9999.000,9999.000,9999.000,9999.000,9999.000
202603080600,   3.392,   3.870,   0.500,  -0.022,   3.870,   0.500,   3.870,   0.600,   3.970
202603080606,   3.310,   3.798,9999.000,9999.000,9999.000,9999.000,9999.000,9999.000,9999.000
202603080612,   3.227,   3.709,9999.000,9999.000,9999.000,9999.000,9999.000,9999.000,9999.000
202603080618,   3.141,   3.627,9999.000,9999.000,9999.000,9999.000,9999.000,9999.000,9999.000
202603080624,   3.055,   3.539,9999.000,9999.000,9999.000,9999.000,9999.000,9999.000,9999.000
202603080630,   2.966,   3.450,9999.000,9999.000,9999.000,9999.000,9999.000,9999.000,9999.000
202603080636,   2.878,   3.368,9999.000,9999.000,9999.000,9999.000,9999.000,9999.000,9999.000
202603080642,   2.788,   3.279,9999.000,9999.000,9999.000,9999.000,9999.000,9999.000,9999.000
202603080648,   2.698,   3.197,9999.000,9999.000,9999.000,9999.000,9999.000,9999.000,9999.000
202603080654,   2.608,   3.109,9999.000,9999.000,9999.000,9999.000,9999.000,9999.000,9999.000
202603080700,   2.518,   3.017,   0.500,  -0.001,   3.017,   0.500,   3.017,   0.500,   3.017
202603080706,   2.429,   2.929,9999.000,9999.000,9999.000,9999.000,9999.000,9999.000,9999.000
202603080712,   2.340,   2.840,9999.000,9999.000,9999.000,9999.000,9999.000,9999.000,9999.000
202603080718,   2.252,   2.758,9999.000,9999.000,9999.000,9999.000,9999.000,9999.000,9999.000
202603080724,   2.165,   2.669,9999.000,9999.000,9999.000,9999.000,9999.000,9999.000,9999.000
202603080730,   2.079,   2.578,9999.000,9999.000,9999.000,9999.000,9999.000,9999.000,9999.000
202603080736,   1.994,   2.479,9999.000,9999.000,9999.000,9999.000,9999.000,9999.000,9999.000
202603080742,   1.910,   2.400,9999.000,9999.000,9999.000,9999.000,9999.000,9999.000,9999.000
202603080748,   1.828,   2.328,9999.000,9999.000,9999.000,9999.000,9999.000,9999.000,9999.000
202603080754,   1.746,   2.240,9999.000,9999.000,9999.000,9999.000,9999.000,9999.000,9999.000
202603080800,   1.666,   2.158,   0.500,  -0.008,   2.158,   0.400,   2.058,   0.500,   2.158
202603080806,   1.587,   2.069,9999.000,9999.000,9999.000,9999.000,9999.000,9999.000,9999.000
202603080812,   1.510,   1.990,9999.000,9999.000,9999.000,9999.000,9999.000,9999.000,9999.000
202603080818,   1.433,   1.908,9999.000,9999.000,9999.000,9999.000,9999.000,9999.000,9999.000
202603080824,   1.359,   1.830,9999.000,9999.000,9999.000,9999.000,9999.000,9999.000,9999.000
202603080830,   1.285,   1.748,9999.000,9999.000,9999.000,9999.000,9999.000,9999.000,9999.000
202603080836,   1.214,   1.669,9999.000,9999.000,9999.000,9999.000,9999.000,9999.000,9999.000
202603080842,   1.143,   1.600,9999.000,9999.000,9999.000,9999.000,9999.000,9999.000,9999.000
202603080848,   1.075,   1.538,9999.000,9999.000,9999.000,9999.000,9999.000,9999.000,9999.000
202603080854,   1.008,   1.459,9999.000,9999.000,9999.000,9999.000,9999.000,9999.000,9999.000
202603080900,   0.944,   1.380,   0.400,   0.036,   1.380,   0.400,   1.380,   0.400,   1.380
202603080906,   0.881,   1.328,9999.000,9999.000,9999.000,9999.000,9999.000,9999.000,9999.000
202603080912,   0.821,   1.259,9999.000,9999.000,9999.000,9999.000,9999.000,9999.000,9999.000
202603080918,   0.764,   1.200,9999.000,9999.000,9999.000,9999.000,9999.000,9999.000,9999.000
202603080924,   0.710,   1.138,9999.000,9999.000,9999.000,9999.000,9999.000,9999.000,9999.000
202603080930,   0.659,   1.069,9999.000,9999.000,9999.000,9999.000,9999.000,9999.000,9999.000
202603080936,   0.611,   1.000,9999.000,9999.000,9999.000,9999.000,9999.000,9999.000,9999.000
202603080942,   0.567,   0.941,9999.000,9999.000,9999.000,9999.000,9999.000,9999.000,9999.000
202603080948,   0.528,   0.888,9999.000,9999.000,9999.000,9999.000,9999.000,9999.000,9999.000
202603080954,   0.493,   0.829,9999.000,9999.000,9999.000,9999.000,9999.000,9999.000,9999.000
202603081000,   0.462,   0.780,   0.400,  -0.082,   0.780,   0.300,   0.680,   0.400,   0.780
202603081006,   0.436,   0.731,9999.000,9999.000,9999.000,9999.000,9999.000,9999.000,9999.000
202603081012,   0.416,   0.678,9999.000,9999.000,9999.000,9999.000,9999.000,9999.000,9999.000
202603081018,   0.401,   0.629,9999.000,9999.000,9999.000,9999.000,9999.000,9999.000,9999.000
202603081024,   0.392,   0.600,9999.000,9999.000,9999.000,9999.000,9999.000,9999.000,9999.000
202603081030,   0.388,   0.590,9999.000,9999.000,9999.000,9999.000,9999.000,9999.000,9999.000
202603081036,   0.391,   0.590,9999.000,9999.000,9999.000,9999.000,9999.000,9999.000,9999.000
202603081042,   0.399,   0.590,9999.000,9999.000,9999.000,9999.000,9999.000,9999.000,9999.000
202603081048,   0.413,   0.570,9999.000,9999.000,9999.000,9999.000,9999.000,9999.000,9999.000
202603081054,   0.433,   0.590,9999.000,9999.000,9999.000,9999.000,9999.000,9999.000,9999.000
202603081100,   0.459,   0.629,   0.300,  -0.130,   0.629,   0.300,   0.629,   0.400,   0.729
202603081106,   0.490,   0.659,9999.000,9999.000,9999.000,9999.000,9999.000,9999.000,9999.000
202603081112,   0.527,   0.731,9999.000,9999.000,9999.000,9999.000,9999.000,9999.000,9999.000
202603081118,   0.569,   0.800,9999.000,9999.000,9999.000,9999.000,9999.000,9999.000,9999.000
202603081124,   0.615,   0.859,9999.000,9999.000,9999.000,9999.000,9999.000,9999.000,9999.000
202603081130,   0.666,   0.928,9999.000,9999.000,9999.000,9999.000,9999.000,9999.000,9999.000
202603081136,   0.722,   0.980,9999.000,9999.000,9999.000,9999.000,9999.000,9999.000,9999.000
202603081142,   0.781,   1.059,9999.000,9999.000,9999.000,9999.000,9999.000,9999.000,9999.000
202603081148,   0.843,   1.161,9999.000,9999.000,9999.000,9999.000,9999.000,9999.000,9999.000
202603081154,   0.909,   1.229,9999.000,9999.000,9999.000,9999.000,9999.000,9999.000,9999.000
202603081200,   0.977,   1.308,   0.300,   0.031,   1.308,   0.300,   1.308,   0.400,   1.408
202603081206,   1.047,   1.390,9999.000,9999.000,9999.000,9999.000,9999.000,9999.000,9999.000
202603081212,   1.119,   1.449,9999.000,9999.000,9999.000,9999.000,9999.000,9999.000,9999.000
202603081218,   1.192,   1.518,9999.000,9999.000,9999.000,9999.000,9999.000,9999.000,9999.000
202603081224,   1.267,   1.600,9999.000,9999.000,9999.000,9999.000,9999.000,9999.000,9999.000
202603081230,   1.342,   1.679,9999.000,9999.000,9999.000,9999.000,9999.000,9999.000,9999.000
202603081236,   1.417,   1.748,9999.000,9999.000,9999.000,9999.000,9999.000,9999.000,9999.000
202603081242,   1.492,   1.810,9999.000,9999.000,9999.000,9999.000,9999.000,9999.000,9999.000
202603081248,   1.568,   1.869,9999.000,9999.000,9999.000,9999.000,9999.000,9999.000,9999.000
202603081254,   1.642,   1.938,9999.000,9999.000,9999.000,9999.000,9999.000,9999.000,9999.000
202603081300,   1.716,   2.010,   0.300,  -0.006,   2.010,   0.300,   2.010,   0.400,   2.110
202603081306,   1.790,   2.069,9999.000,9999.000,9999.000,9999.000,9999.000,9999.000,9999.000
202603081312,   1.863,   2.138,9999.000,9999.000,9999.000,9999.000,9999.000,9999.000,9999.000
202603081318,   1.934,   2.200,9999.000,9999.000,9999.000,9999.000,9999.000,9999.000,9999.000
202603081324,   2.005,   2.250,9999.000,9999.000,9999.000,9999.000,9999.000,9999.000,9999.000
202603081330,   2.075,   2.309,9999.000,9999.000,9999.000,9999.000,9999.000,9999.000,9999.000
202603081336,   2.143,   2.377,9999.000,9999.000,9999.000,9999.000,9999.000,9999.000,9999.000
202603081342,   2.211,   2.430,9999.000,9999.000,9999.000,9999.000,9999.000,9999.000,9999.000
202603081348,   2.277,   2.479,9999.000,9999.000,9999.000,9999.000,9999.000,9999.000,9999.000
202603081354,   2.343,   2.519,9999.000,9999.000,9999.000,9999.000,9999.000,9999.000,9999.000
202603081400,   2.407,   2.578,   0.300,  -0.129,   2.578,   0.200,   2.478,   0.300,   2.578
202603081406,   2.470,   2.620,9999.000,9999.000,9999.000,9999.000,9999.000,9999.000,9999.000
202603081412,   2.532,   2.669,9999.000,9999.000,9999.000,9999.000,9999.000,9999.000,9999.000
202603081418,   2.594,   2.699,9999.000,9999.000,9999.000,9999.000,9999.000,9999.000,9999.000
202603081424,   2.653,   2.748,9999.000,9999.000,9999.000,9999.000,9999.000,9999.000,9999.000
202603081430,   2.712,   2.797,9999.000,9999.000,9999.000,9999.000,9999.000,9999.000,9999.000
202603081436,   2.770,   2.840,9999.000,9999.000,9999.000,9999.000,9999.000,9999.000,9999.000
202603081442,   2.826,   2.869,9999.000,9999.000,9999.000,9999.000,9999.000,9999.000,9999.000
202603081448,   2.880,   2.929,9999.000,9999.000,9999.000,9999.000,9999.000,9999.000,9999.000
202603081454,   2.933,   2.978,9999.000,9999.000,9999.000,9999.000,9999.000,9999.000,9999.000
202603081500,   2.985,   3.030,   0.300,  -0.255,   3.030,   0.200,   2.930,   0.300,   3.030
202603081506,   3.034,   3.060,9999.000,9999.000,9999.000,9999.000,9999.000,9999.000,9999.000
202603081512,   3.081,   3.099,9999.000,9999.000,9999.000,9999.000,9999.000,9999.000,9999.000
202603081518,   3.126,   3.158,9999.000,9999.000,9999.000,9999.000,9999.000,9999.000,9999.000
202603081524,   3.168,   3.197,9999.000,9999.000,9999.000,9999.000,9999.000,9999.000,9999.000
202603081530,   3.208,   3.240,9999.000,9999.000,9999.000,9999.000,9999.000,9999.000,9999.000
202603081536,   3.244,   3.279,9999.000,9999.000,9999.000,9999.000,9999.000,9999.000,9999.000
202603081542,   3.278,   3.309,9999.000,9999.000,9999.000,9999.000,9999.000,9999.000,9999.000
202603081548,   3.308,   3.348,9999.000,9999.000,9999.000,9999.000,9999.000,9999.000,9999.000
202603081554,   3.334,   3.358,9999.000,9999.000,9999.000,9999.000,9999.000,9999.000,9999.000
202603081600,   3.356,   3.378,   0.200,  -0.178,   3.378,   0.200,   3.378,   0.300,   3.478
202603081606,   3.374,   3.398,9999.000,9999.000,9999.000,9999.000,9999.000,9999.000,9999.000
202603081612,   3.388,   3.407,9999.000,9999.000,9999.000,9999.000,9999.000,9999.000,9999.000
202603081618,   3.398,   3.407,9999.000,9999.000,9999.000,9999.000,9999.000,9999.000,9999.000
202603081624,   3.403,   3.407,9999.000,9999.000,9999.000,9999.000,9999.000,9999.000,9999.000
202603081630,   3.403,   3.407,9999.000,9999.000,9999.000,9999.000,9999.000,9999.000,9999.000
202603081636,   3.398,   3.388,9999.000,9999.000,9999.000,9999.000,9999.000,9999.000,9999.000
202603081642,   3.388,   3.368,9999.000,9999.000,9999.000,9999.000,9999.000,9999.000,9999.000
202603081648,   3.373,   3.358,9999.000,9999.000,9999.000,9999.000,9999.000,9999.000,9999.000
202603081654,   3.354,   3.329,9999.000,9999.000,9999.000,9999.000,9999.000,9999.000,9999.000
202603081700,   3.329,   3.289,   0.200,  -0.240,   3.289,   0.100,   3.189,   0.300,   3.389
202603081706,   3.299,   3.240,9999.000,9999.000,9999.000,9999.000,9999.000,9999.000,9999.000
202603081712,   3.264,   3.217,9999.000,9999.000,9999.000,9999.000,9999.000,9999.000,9999.000
202603081718,   3.224,   3.168,9999.000,9999.000,9999.000,9999.000,9999.000,9999.000,9999.000
202603081724,   3.180,   3.109,9999.000,9999.000,9999.000,9999.000,9999.000,9999.000,9999.000
202603081730,   3.131,   3.050,9999.000,9999.000,9999.000,9999.000,9999.000,9999.000,9999.000
202603081736,   3.078,   2.988,9999.000,9999.000,9999.000,9999.000,9999.000,9999.000,9999.000
202603081742,   3.020,   2.938,9999.000,9999.000,9999.000,9999.000,9999.000,9999.000,9999.000
202603081748,   2.959,   2.879,9999.000,9999.000,9999.000,9999.000,9999.000,9999.000,9999.000
202603081754,   2.894,   2.787,9999.000,9999.000,9999.000,9999.000,9999.000,9999.000,9999.000
202603081800,   2.826,   2.709,   0.200,  -0.317,   2.709,   0.100,   2.609,   0.200,   2.709
202603081806,   2.754,   2.650,9999.000,9999.000,9999.000,9999.000,9999.000,9999.000,9999.000
202603081812,   2.680,   2.578,9999.000,9999.000,9999.000,9999.000,9999.000,9999.000,9999.000
202603081818,   2.604,   2.499,9999.000,9999.000,9999.000,9999.000,9999.000,9999.000,9999.000
202603081824,   2.526,   2.400,9999.000,9999.000,9999.000,9999.000,9999.000,9999.000,9999.000
202603081830,   2.446,   2.318,9999.000,9999.000,9999.000,9999.000,9999.000,9999.000,9999.000
202603081836,   2.365,   2.240,9999.000,9999.000,9999.000,9999.000,9999.000,9999.000,9999.000
202603081842,   2.284,   2.158,9999.000,9999.000,9999.000,9999.000,9999.000,9999.000,9999.000
202603081848,   2.201,   2.079,9999.000,9999.000,9999.000,9999.000,9999.000,9999.000,9999.000
202603081854,   2.119,   2.000,9999.000,9999.000,9999.000,9999.000,9999.000,9999.000,9999.000
202603081900,   2.038,   1.928,   0.200,  -0.310,   1.928,   0.100,   1.828,   0.200,   1.928
202603081906,   1.956,   1.840,9999.000,9999.000,9999.000,9999.000,9999.000,9999.000,9999.000
202603081912,   1.876,   1.758,9999.000,9999.000,9999.000,9999.000,9999.000,9999.000,9999.000
202603081918,   1.797,   1.699,9999.000,9999.000,9999.000,9999.000,9999.000,9999.000,9999.000
202603081924,   1.720,   1.630,9999.000,9999.000,9999.000,9999.000,9999.000,9999.000,9999.000
202603081930,   1.644,   1.557,9999.000,9999.000,9999.000,9999.000,9999.000,9999.000,9999.000
202603081936,   1.570,   1.489,9999.000,9999.000,9999.000,9999.000,9999.000,9999.000,9999.000
202603081942,   1.499,   1.420,9999.000,9999.000,9999.000,9999.000,9999.000,9999.000,9999.000
202603081948,   1.429,   1.338,9999.000,9999.000,9999.000,9999.000,9999.000,9999.000,9999.000
202603081954,   1.362,   1.279,9999.000,9999.000,9999.000,9999.000,9999.000,9999.000,9999.000
202603082000,   1.297,   1.220,   0.100,  -0.177,   1.220,   0.100,   1.220,   0.200,   1.320
202603082006,   1.235,   1.151,9999.000,9999.000,9999.000,9999.000,9999.000,9999.000,9999.000
202603082012,   1.175,   1.088,9999.000,9999.000,9999.000,9999.000,9999.000,9999.000,9999.000
202603082018,   1.118,   1.029,9999.000,9999.000,9999.000,9999.000,9999.000,9999.000,9999.000
202603082024,   1.063,   0.980,9999.000,9999.000,9999.000,9999.000,9999.000,9999.000,9999.000
202603082030,   1.010,   0.918,9999.000,9999.000,9999.000,9999.000,9999.000,9999.000,9999.000
202603082036,   0.959,   0.879,9999.000,9999.000,9999.000,9999.000,9999.000,9999.000,9999.000
202603082042,   0.911,   0.849,9999.000,9999.000,9999.000,9999.000,9999.000,9999.000,9999.000
202603082048,   0.866,   0.810,9999.000,9999.000,9999.000,9999.000,9999.000,9999.000,9999.000
202603082054,   0.822,   0.770,9999.000,9999.000,9999.000,9999.000,9999.000,9999.000,9999.000
202603082100,   0.780,   0.731,   0.100,  -0.149,   0.731,   0.100,   0.731,   0.200,   0.831
202603082106,   0.741,   0.698,9999.000,9999.000,9999.000,9999.000,9999.000,9999.000,9999.000
202603082112,   0.704,   0.678,9999.000,9999.000,9999.000,9999.000,9999.000,9999.000,9999.000
202603082118,   0.669,   0.659,9999.000,9999.000,9999.000,9999.000,9999.000,9999.000,9999.000
202603082124,   0.637,   0.629,9999.000,9999.000,9999.000,9999.000,9999.000,9999.000,9999.000
202603082130,   0.607,   0.590,9999.000,9999.000,9999.000,9999.000,9999.000,9999.000,9999.000
202603082136,   0.579,   0.551,9999.000,9999.000,9999.000,9999.000,9999.000,9999.000,9999.000
202603082142,   0.554,   0.531,9999.000,9999.000,9999.000,9999.000,9999.000,9999.000,9999.000
202603082148,   0.532,   0.518,9999.000,9999.000,9999.000,9999.000,9999.000,9999.000,9999.000
202603082154,   0.513,   0.508,9999.000,9999.000,9999.000,9999.000,9999.000,9999.000,9999.000
202603082200,   0.497,   0.498,   0.100,  -0.099,   0.498,   0.100,   0.498,   0.200,   0.598
202603082206,   0.484,   0.508,9999.000,9999.000,9999.000,9999.000,9999.000,9999.000,9999.000
202603082212,   0.476,   0.531,9999.000,9999.000,9999.000,9999.000,9999.000,9999.000,9999.000
202603082218,   0.471,   0.541,9999.000,9999.000,9999.000,9999.000,9999.000,9999.000,9999.000
202603082224,   0.470,   0.518,9999.000,9999.000,9999.000,9999.000,9999.000,9999.000,9999.000
202603082230,   0.474,   0.551,9999.000,9999.000,9999.000,9999.000,9999.000,9999.000,9999.000
202603082236,   0.482,   0.590,9999.000,9999.000,9999.000,9999.000,9999.000,9999.000,9999.000
202603082242,   0.494,   0.610,9999.000,9999.000,9999.000,9999.000,9999.000,9999.000,9999.000
202603082248,   0.512,   0.639,9999.000,9999.000,9999.000,9999.000,9999.000,9999.000,9999.000
202603082254,   0.535,   0.669,9999.000,9999.000,9999.000,9999.000,9999.000,9999.000,9999.000
202603082300,   0.563,   0.718,   0.100,   0.055,   0.718,   0.000,   0.618,   0.200,   0.818
202603082306,   0.595,   0.741,9999.000,9999.000,9999.000,9999.000,9999.000,9999.000,9999.000
202603082312,   0.633,   0.751,9999.000,9999.000,9999.000,9999.000,9999.000,9999.000,9999.000
202603082318,   0.676,   0.810,9999.000,9999.000,9999.000,9999.000,9999.000,9999.000,9999.000
202603082324,   0.724,   0.879,9999.000,9999.000,9999.000,9999.000,9999.000,9999.000,9999.000
202603082330,   0.776,   0.941,9999.000,9999.000,9999.000,9999.000,9999.000,9999.000,9999.000
202603082336,   0.834,   0.990,9999.000,9999.000,9999.000,9999.000,9999.000,9999.000,9999.000
202603082342,   0.895,   1.039,9999.000,9999.000,9999.000,9999.000,9999.000,9999.000,9999.000
202603082348,   0.960,   1.098,9999.000,9999.000,9999.000,9999.000,9999.000,9999.000,9999.000
202603082354,   1.029,   1.587,9999.000,9999.000,9999.000,9999.000,9999.000,9999.000,9999.000
202603090000,   1.102,   1.587,   0.100,   0.385,   1.587,   0.000,   1.487,   0.100,   1.587
202603090006,   1.177,   1.289,9999.000,9999.000,9999.000,9999.000,9999.000,9999.000,9999.000
202603090012,   1.255,   1.371,9999.000,9999.000,9999.000,9999.000,9999.000,9999.000,9999.000
202603090018,   1.336,   1.430,9999.000,9999.000,9999.000,9999.000,9999.000,9999.000,9999.000
202603090024,   1.418,   1.508,9999.000,9999.000,9999.000,9999.000,9999.000,9999.000,9999.000
202603090030,   1.501,   1.590,9999.000,9999.000,9999.000,9999.000,9999.000,9999.000,9999.000
202603090036,   1.585,   1.659,9999.000,9999.000,9999.000,9999.000,9999.000,9999.000,9999.000
202603090042,   1.670,   1.748,9999.000,9999.000,9999.000,9999.000,9999.000,9999.000,9999.000
202603090048,   1.755,   1.840,9999.000,9999.000,9999.000,9999.000,9999.000,9999.000,9999.000
202603090054,   1.840,   1.918,9999.000,9999.000,9999.000,9999.000,9999.000,9999.000,9999.000
202603090100,   1.925,   1.990,   0.100,  -0.035,   1.990,   0.000,   1.890,   0.100,   1.990
202603090106,   2.009,   2.069,9999.000,9999.000,9999.000,9999.000,9999.000,9999.000,9999.000
202603090112,   2.092,   2.138,9999.000,9999.000,9999.000,9999.000,9999.000,9999.000,9999.000
202603090118,   2.174,   2.220,9999.000,9999.000,9999.000,9999.000,9999.000,9999.000,9999.000
202603090124,   2.254,   2.299,9999.000,9999.000,9999.000,9999.000,9999.000,9999.000,9999.000
202603090130,   2.333,   2.377,9999.000,9999.000,9999.000,9999.000,9999.000,9999.000,9999.000
202603090136,   2.411,   2.459,9999.000,9999.000,9999.000,9999.000,9999.000,9999.000,9999.000
202603090142,   2.487,   2.538,9999.000,9999.000,9999.000,9999.000,9999.000,9999.000,9999.000
202603090148,   2.561,   2.597,9999.000,9999.000,9999.000,9999.000,9999.000,9999.000,9999.000
202603090154,   2.634,   2.669,9999.000,9999.000,9999.000,9999.000,9999.000,9999.000,9999.000
202603090200,   2.705,   2.728,   0.100,  -0.077,   2.728,   0.000,   2.628,   0.100,   2.728
202603090206,   2.775,   2.787,9999.000,9999.000,9999.000,9999.000,9999.000,9999.000,9999.000
202603090212,   2.843,   2.850,9999.000,9999.000,9999.000,9999.000,9999.000,9999.000,9999.000
202603090218,   2.909,   2.909,9999.000,9999.000,9999.000,9999.000,9999.000,9999.000,9999.000
202603090224,   2.974,   2.978,9999.000,9999.000,9999.000,9999.000,9999.000,9999.000,9999.000
202603090230,   3.037,   3.040,9999.000,9999.000,9999.000,9999.000,9999.000,9999.000,9999.000
202603090236,   3.099,   3.099,9999.000,9999.000,9999.000,9999.000,9999.000,9999.000,9999.000
202603090242,   3.160,   3.178,9999.000,9999.000,9999.000,9999.000,9999.000,9999.000,9999.000
202603090248,   3.219,   3.250,9999.000,9999.000,9999.000,9999.000,9999.000,9999.000,9999.000
202603090254,   3.277,   3.309,9999.000,9999.000,9999.000,9999.000,9999.000,9999.000,9999.000
202603090300,   3.333,   3.378,   0.100,  -0.055,   3.378,   0.000,   3.278,   0.100,   3.378
202603090306,   3.388,   3.440,9999.000,9999.000,9999.000,9999.000,9999.000,9999.000,9999.000
202603090312,   3.442,   3.499,9999.000,9999.000,9999.000,9999.000,9999.000,9999.000,9999.000
202603090318,   3.494,   3.558,9999.000,9999.000,9999.000,9999.000,9999.000,9999.000,9999.000
202603090324,   3.544,   3.617,9999.000,9999.000,9999.000,9999.000,9999.000,9999.000,9999.000
202603090330,   3.593,   3.660,9999.000,9999.000,9999.000,9999.000,9999.000,9999.000,9999.000
202603090336,   3.640,   3.719,9999.000,9999.000,9999.000,9999.000,9999.000,9999.000,9999.000
202603090342,   3.684,   3.768,9999.000,9999.000,9999.000,9999.000,9999.000,9999.000,9999.000
202603090348,   3.726,   3.817,9999.000,9999.000,9999.000,9999.000,9999.000,9999.000,9999.000
202603090354,   3.766,   3.880,9999.000,9999.000,9999.000,9999.000,9999.000,9999.000,9999.000
202603090400,   3.803,   3.929,   0.100,   0.026,   3.929,   0.000,   3.829,   0.100,   3.929
202603090406,   3.837,   3.958,9999.000,9999.000,9999.000,9999.000,9999.000,9999.000,9999.000
202603090412,   3.869,   3.998,9999.000,9999.000,9999.000,9999.000,9999.000,9999.000,9999.000
202603090418,   3.896,   4.047,9999.000,9999.000,9999.000,9999.000,9999.000,9999.000,9999.000
202603090424,   3.921,   4.080,9999.000,9999.000,9999.000,9999.000,9999.000,9999.000,9999.000
202603090430,   3.941,   4.109,9999.000,9999.000,9999.000,9999.000,9999.000,9999.000,9999.000
202603090436,   3.958,   4.129,9999.000,9999.000,9999.000,9999.000,9999.000,9999.000,9999.000
202603090442,   3.971,   4.149,9999.000,9999.000,9999.000,9999.000,9999.000,9999.000,9999.000
202603090448,   3.979,   4.159,9999.000,9999.000,9999.000,9999.000,9999.000,9999.000,9999.000
202603090454,   3.983,   4.159,9999.000,9999.000,9999.000,9999.000,9999.000,9999.000,9999.000
202603090500,   3.982,   4.159,   0.100,   0.077,   4.159,   0.000,   4.059,   0.100,   4.159
202603090506,   3.977,   4.149,9999.000,9999.000,9999.000,9999.000,9999.000,9999.000,9999.000
202603090512,   3.966,   4.129,9999.000,9999.000,9999.000,9999.000,9999.000,9999.000,9999.000
202603090518,   3.951,   4.119,9999.000,9999.000,9999.000,9999.000,9999.000,9999.000,9999.000
202603090524,   3.931,   4.090,9999.000,9999.000,9999.000,9999.000,9999.000,9999.000,9999.000
202603090530,   3.906,   4.057,9999.000,9999.000,9999.000,9999.000,9999.000,9999.000,9999.000
202603090536,   3.876,   4.017,9999.000,9999.000,9999.000,9999.000,9999.000,9999.000,9999.000
202603090542,   3.841,   3.998,9999.000,9999.000,9999.000,9999.000,9999.000,9999.000,9999.000
202603090548,   3.802,   3.958,9999.000,9999.000,9999.000,9999.000,9999.000,9999.000,9999.000
202603090554,   3.758,   3.899,9999.000,9999.000,9999.000,9999.000,9999.000,9999.000,9999.000
202603090600,   3.709,   3.847,   0.100,   0.038,   3.847,   0.000,   3.747,   0.100,   3.847
202603090606,   3.656,   3.798,9999.000,9999.000,9999.000,9999.000,9999.000,9999.000,9999.000
202603090612,   3.599,   3.729,9999.000,9999.000,9999.000,9999.000,9999.000,9999.000,9999.000
202603090618,   3.538,   3.660,9999.000,9999.000,9999.000,9999.000,9999.000,9999.000,9999.000
202603090624,   3.474,   3.588,9999.000,9999.000,9999.000,9999.000,9999.000,9999.000,9999.000
202603090630,   3.406,   3.529,9999.000,9999.000,9999.000,9999.000,9999.000,9999.000,9999.000
202603090636,   3.335,   3.450,9999.000,9999.000,9999.000,9999.000,9999.000,9999.000,9999.000
202603090642,   3.261,   3.368,9999.000,9999.000,9999.000,9999.000,9999.000,9999.000,9999.000
202603090648,   3.185,   3.279,9999.000,9999.000,9999.000,9999.000,9999.000,9999.000,9999.000
202603090654,   3.108,   3.207,9999.000,9999.000,9999.000,9999.000,9999.000,9999.000,9999.000
202603090700,   3.028,   3.119,   0.100,  -0.009,   3.119,   0.000,   3.019,   0.100,   3.119
202603090706,   2.948,   3.017,9999.000,9999.000,9999.000,9999.000,9999.000,9999.000,9999.000
202603090712,   2.866,   2.929,9999.000,9999.000,9999.000,9999.000,9999.000,9999.000,9999.000
202603090718,   2.784,   2.840,9999.000,9999.000,9999.000,9999.000,9999.000,9999.000,9999.000
202603090724,   2.701,   2.748,9999.000,9999.000,9999.000,9999.000,9999.000,9999.000,9999.000
202603090730,   2.619,   2.669,9999.000,9999.000,9999.000,9999.000,9999.000,9999.000,9999.000
202603090736,   2.537,   2.578,9999.000,9999.000,9999.000,9999.000,9999.000,9999.000,9999.000
202603090742,   2.456,   2.499,9999.000,9999.000,9999.000,9999.000,9999.000,9999.000,9999.000
202603090748,   2.376,   2.430,9999.000,9999.000,9999.000,9999.000,9999.000,9999.000,9999.000
202603090754,   2.297,   2.358,9999.000,9999.000,9999.000,9999.000,9999.000,9999.000,9999.000
202603090800,   2.219,   2.279,   0.100,  -0.040,   2.279,   0.000,   2.179,   0.100,   2.279
202603090806,   2.142,   2.210,9999.000,9999.000,9999.000,9999.000,9999.000,9999.000,9999.000
202603090812,   2.067,   2.148,9999.000,9999.000,9999.000,9999.000,9999.000,9999.000,9999.000
202603090818,   1.994,   2.089,9999.000,9999.000,9999.000,9999.000,9999.000,9999.000,9999.000
202603090824,   1.923,   2.020,9999.000,9999.000,9999.000,9999.000,9999.000,9999.000,9999.000
202603090830,   1.853,   1.958,9999.000,9999.000,9999.000,9999.000,9999.000,9999.000,9999.000
202603090836,   1.785,   1.899,9999.000,9999.000,9999.000,9999.000,9999.000,9999.000,9999.000
202603090842,   1.718,   1.840,9999.000,9999.000,9999.000,9999.000,9999.000,9999.000,9999.000
202603090848,   1.653,   1.781,9999.000,9999.000,9999.000,9999.000,9999.000,9999.000,9999.000
202603090854,   1.590,   1.718,9999.000,9999.000,9999.000,9999.000,9999.000,9999.000,9999.000
202603090900,   1.528,   1.669,   0.100,   0.041,   1.669,   0.000,   1.569,   0.100,   1.669
202603090906,   1.468,   1.610,9999.000,9999.000,9999.000,9999.000,9999.000,9999.000,9999.000
202603090912,   1.409,   1.557,9999.000,9999.000,9999.000,9999.000,9999.000,9999.000,9999.000
202603090918,   1.352,   1.508,9999.000,9999.000,9999.000,9999.000,9999.000,9999.000,9999.000
202603090924,   1.296,   1.449,9999.000,9999.000,9999.000,9999.000,9999.000,9999.000,9999.000
202603090930,   1.241,   1.390,9999.000,9999.000,9999.000,9999.000,9999.000,9999.000,9999.000
202603090936,   1.187,   1.348,9999.000,9999.000,9999.000,9999.000,9999.000,9999.000,9999.000
202603090942,   1.135,   1.318,9999.000,9999.000,9999.000,9999.000,9999.000,9999.000,9999.000
202603090948,   1.085,   1.269,9999.000,9999.000,9999.000,9999.000,9999.000,9999.000,9999.000
202603090954,   1.036,   1.210,9999.000,9999.000,9999.000,9999.000,9999.000,9999.000,9999.000
202603091000,   0.989,   1.170,   0.100,   0.081,   1.170,   0.000,   1.070,   0.100,   1.170
202603091006,   0.943,   1.138,9999.000,9999.000,9999.000,9999.000,9999.000,9999.000,9999.000
202603091012,   0.900,   1.088,9999.000,9999.000,9999.000,9999.000,9999.000,9999.000,9999.000
202603091018,   0.859,   1.069,9999.000,9999.000,9999.000,9999.000,9999.000,9999.000,9999.000
202603091024,   0.821,   1.029,9999.000,9999.000,9999.000,9999.000,9999.000,9999.000,9999.000
202603091030,   0.785,   0.961,9999.000,9999.000,9999.000,9999.000,9999.000,9999.000,9999.000
202603091036,   0.753,   0.951,9999.000,9999.000,9999.000,9999.000,9999.000,9999.000,9999.000
202603091042,   0.724,   0.928,9999.000,9999.000,9999.000,9999.000,9999.000,9999.000,9999.000
202603091048,   0.699,   0.869,9999.000,9999.000,9999.000,9999.000,9999.000,9999.000,9999.000
202603091054,   0.678,   0.829,9999.000,9999.000,9999.000,9999.000,9999.000,9999.000,9999.000
202603091100,   0.661,   0.800,   0.100,   0.039,   0.800,   0.000,   0.700,   0.100,   0.800
202603091106,   0.649,   0.780,9999.000,9999.000,9999.000,9999.000,9999.000,9999.000,9999.000
202603091112,   0.641,   0.751,9999.000,9999.000,9999.000,9999.000,9999.000,9999.000,9999.000
202603091118,   0.638,   0.718,9999.000,9999.000,9999.000,9999.000,9999.000,9999.000,9999.000
202603091124,   0.641,   0.731,9999.000,9999.000,9999.000,9999.000,9999.000,9999.000,9999.000
202603091130,   0.648,   0.741,9999.000,9999.000,9999.000,9999.000,9999.000,9999.000,9999.000
202603091136,   0.661,   0.770,9999.000,9999.000,9999.000,9999.000,9999.000,9999.000,9999.000
202603091142,   0.679,   0.760,9999.000,9999.000,9999.000,9999.000,9999.000,9999.000,9999.000
202603091148,   0.703,   0.751,9999.000,9999.000,9999.000,9999.000,9999.000,9999.000,9999.000
202603091154,   0.731,   0.819,9999.000,9999.000,9999.000,9999.000,9999.000,9999.000,9999.000
202603091200,   0.765,   0.869,   0.100,   0.004,   0.869,   0.000,   0.769,   0.100,   0.869
202603091206,   0.803,   0.888,9999.000,9999.000,9999.000,9999.000,9999.000,9999.000,9999.000
202603091212,   0.846,   0.951,9999.000,9999.000,9999.000,9999.000,9999.000,9999.000,9999.000
202603091218,   0.893,   1.029,9999.000,9999.000,9999.000,9999.000,9999.000,9999.000,9999.000
202603091224,   0.944,   1.108,9999.000,9999.000,9999.000,9999.000,9999.000,9999.000,9999.000
202603091230,   0.999,   1.170,9999.000,9999.000,9999.000,9999.000,9999.000,9999.000,9999.000
202603091236,   1.056,   1.220,9999.000,9999.000,9999.000,9999.000,9999.000,9999.000,9999.000
202603091242,   1.117,   1.298,9999.000,9999.000,9999.000,9999.000,9999.000,9999.000,9999.000
202603091248,   1.181,   1.390,9999.000,9999.000,9999.000,9999.000,9999.000,9999.000,9999.000
202603091254,   1.246,   1.459,9999.000,9999.000,9999.000,9999.000,9999.000,9999.000,9999.000
202603091300,   1.313,   1.548,   0.100,   0.135,   1.548,   0.000,   1.448,   0.100,   1.548
202603091306,   1.381,   1.630,9999.000,9999.000,9999.000,9999.000,9999.000,9999.000,9999.000
202603091312,   1.450,   1.699,9999.000,9999.000,9999.000,9999.000,9999.000,9999.000,9999.000
202603091318,   1.519,   1.767,9999.000,9999.000,9999.000,9999.000,9999.000,9999.000,9999.000
202603091324,   1.589,   1.840,9999.000,9999.000,9999.000,9999.000,9999.000,9999.000,9999.000
202603091330,   1.658,   1.928,9999.000,9999.000,9999.000,9999.000,9999.000,9999.000,9999.000
202603091336,   1.727,   2.010,9999.000,9999.000,9999.000,9999.000,9999.000,9999.000,9999.000
202603091342,   1.795,   2.079,9999.000,9999.000,9999.000,9999.000,9999.000,9999.000,9999.000
202603091348,   1.863,   2.128,9999.000,9999.000,9999.000,9999.000,9999.000,9999.000,9999.000
202603091354,   1.929,   2.200,9999.000,9999.000,9999.000,9999.000,9999.000,9999.000,9999.000
202603091400,   1.994,   2.259,   0.100,   0.165,   2.259,   0.000,   2.159,   0.100,   2.259
202603091406,   2.058,   2.318,9999.000,9999.000,9999.000,9999.000,9999.000,9999.000,9999.000
202603091412,   2.120,   2.348,9999.000,9999.000,9999.000,9999.000,9999.000,9999.000,9999.000
202603091418,   2.181,   2.400,9999.000,9999.000,9999.000,9999.000,9999.000,9999.000,9999.000
202603091424,   2.240,   2.450,9999.000,9999.000,9999.000,9999.000,9999.000,9999.000,9999.000
202603091430,   2.298,   2.489,9999.000,9999.000,9999.000,9999.000,9999.000,9999.000,9999.000
202603091436,   2.355,   2.509,9999.000,9999.000,9999.000,9999.000,9999.000,9999.000,9999.000
202603091442,   2.410,   2.538,9999.000,9999.000,9999.000,9999.000,9999.000,9999.000,9999.000
202603091448,   2.464,   2.597,9999.000,9999.000,9999.000,9999.000,9999.000,9999.000,9999.000
202603091454,   2.516,   2.660,9999.000,9999.000,9999.000,9999.000,9999.000,9999.000,9999.000
202603091500,   2.567,   2.679,   0.100,   0.012,   2.679,   0.000,   2.579,   0.100,   2.679
202603091506,   2.617,   2.728,9999.000,9999.000,9999.000,9999.000,9999.000,9999.000,9999.000
202603091512,   2.665,   2.787,9999.000,9999.000,9999.000,9999.000,9999.000,9999.000,9999.000
202603091518,   2.712,   2.830,9999.000,9999.000,9999.000,9999.000,9999.000,9999.000,9999.000
202603091524,   2.757,   2.860,9999.000,9999.000,9999.000,9999.000,9999.000,9999.000,9999.000
202603091530,   2.802,   2.889,9999.000,9999.000,9999.000,9999.000,9999.000,9999.000,9999.000
202603091536,   2.844,   2.929,9999.000,9999.000,9999.000,9999.000,9999.000,9999.000,9999.000
202603091542,   2.886,   2.978,9999.000,9999.000,9999.000,9999.000,9999.000,9999.000,9999.000
202603091548,   2.925,   3.007,9999.000,9999.000,9999.000,9999.000,9999.000,9999.000,9999.000
202603091554,   2.963,   3.050,9999.000,9999.000,9999.000,9999.000,9999.000,9999.000,9999.000
202603091600,   2.999,   3.079,   0.100,  -0.020,   3.079,   0.000,   2.979,   0.100,   3.079
202603091606,   3.033,   3.138,9999.000,9999.000,9999.000,9999.000,9999.000,9999.000,9999.000
202603091612,   3.064,   3.188,9999.000,9999.000,9999.000,9999.000,9999.000,9999.000,9999.000
202603091618,   3.093,   3.230,9999.000,9999.000,9999.000,9999.000,9999.000,9999.000,9999.000
202603091624,   3.120,   3.270,9999.000,9999.000,9999.000,9999.000,9999.000,9999.000,9999.000
202603091630,   3.144,   3.299,9999.000,9999.000,9999.000,9999.000,9999.000,9999.000,9999.000
202603091636,   3.164,   3.329,9999.000,9999.000,9999.000,9999.000,9999.000,9999.000,9999.000
202603091642,   3.182,   3.358,9999.000,9999.000,9999.000,9999.000,9999.000,9999.000,9999.000
202603091648,   3.196,   3.378,9999.000,9999.000,9999.000,9999.000,9999.000,9999.000,9999.000
202603091654,   3.206,   3.388,9999.000,9999.000,9999.000,9999.000,9999.000,9999.000,9999.000
202603091700,   3.213,   3.407,   0.100,   0.094,   3.407,   0.100,   3.407,   0.100,   3.407
202603091706,   3.216,   3.417,9999.000,9999.000,9999.000,9999.000,9999.000,9999.000,9999.000
202603091712,   3.214,   3.407,9999.000,9999.000,9999.000,9999.000,9999.000,9999.000,9999.000
202603091718,   3.209,   3.388,9999.000,9999.000,9999.000,9999.000,9999.000,9999.000,9999.000
202603091724,   3.198,   3.378,9999.000,9999.000,9999.000,9999.000,9999.000,9999.000,9999.000
202603091730,   3.184,   3.368,9999.000,9999.000,9999.000,9999.000,9999.000,9999.000,9999.000
202603091736,   3.164,   3.339,9999.000,9999.000,9999.000,9999.000,9999.000,9999.000,9999.000
202603091742,   3.141,   3.309,9999.000,9999.000,9999.000,9999.000,9999.000,9999.000,9999.000
202603091748,   3.112,   3.270,9999.000,9999.000,9999.000,9999.000,9999.000,9999.000,9999.000
202603091754,   3.079,   3.240,9999.000,9999.000,9999.000,9999.000,9999.000,9999.000,9999.000
202603091800,   3.041,   3.217,   0.100,   0.076,   3.217,   0.100,   3.217,   0.200,   3.317
202603091806,   2.999,   3.158,9999.000,9999.000,9999.000,9999.000,9999.000,9999.000,9999.000
202603091812,   2.953,   3.109,9999.000,9999.000,9999.000,9999.000,9999.000,9999.000,9999.000
202603091818,   2.903,   3.050,9999.000,9999.000,9999.000,9999.000,9999.000,9999.000,9999.000
202603091824,   2.848,   2.555,9999.000,9999.000,9999.000,9999.000,9999.000,9999.000,9999.000
202603091830,   2.790,   2.919,9999.000,9999.000,9999.000,9999.000,9999.000,9999.000,9999.000
202603091836,   2.729,   2.860,9999.000,9999.000,9999.000,9999.000,9999.000,9999.000,9999.000
202603091842,   2.664,   2.787,9999.000,9999.000,9999.000,9999.000,9999.000,9999.000,9999.000
202603091848,   2.596,   2.709,9999.000,9999.000,9999.000,9999.000,9999.000,9999.000,9999.000
202603091854,   2.526,   2.630,9999.000,9999.000,9999.000,9999.000,9999.000,9999.000,9999.000
202603091900,   2.454,   2.558,   0.100,   0.004,   2.558,   0.100,   2.558,   0.200,   2.658
202603091906,   2.380,   2.479,9999.000,9999.000,9999.000,9999.000,9999.000,9999.000,9999.000
202603091912,   2.305,   2.400,9999.000,9999.000,9999.000,9999.000,9999.000,9999.000,9999.000
202603091918,   2.229,   2.309,9999.000,9999.000,9999.000,9999.000,9999.000,9999.000,9999.000
202603091924,   2.153,   2.230,9999.000,9999.000,9999.000,9999.000,9999.000,9999.000,9999.000
202603091930,   2.076,   2.168,9999.000,9999.000,9999.000,9999.000,9999.000,9999.000,9999.000
202603091936,   1.999,   2.089,9999.000,9999.000,9999.000,9999.000,9999.000,9999.000,9999.000
202603091942,   1.923,   2.010,9999.000,9999.000,9999.000,9999.000,9999.000,9999.000,9999.000
202603091948,   1.849,   1.948,9999.000,9999.000,9999.000,9999.000,9999.000,9999.000,9999.000
202603091954,   1.775,   1.879,9999.000,9999.000,9999.000,9999.000,9999.000,9999.000,9999.000
202603092000,   1.703,   1.810,   0.100,   0.007,   1.810,   0.100,   1.810,   0.200,   1.910
202603092006,   1.633,   1.748,9999.000,9999.000,9999.000,9999.000,9999.000,9999.000,9999.000
202603092012,   1.566,   1.679,9999.000,9999.000,9999.000,9999.000,9999.000,9999.000,9999.000
202603092018,   1.500,   1.630,9999.000,9999.000,9999.000,9999.000,9999.000,9999.000,9999.000
202603092024,   1.438,   1.571,9999.000,9999.000,9999.000,9999.000,9999.000,9999.000,9999.000
202603092030,   1.378,   1.508,9999.000,9999.000,9999.000,9999.000,9999.000,9999.000,9999.000
202603092036,   1.320,   1.459,9999.000,9999.000,9999.000,9999.000,9999.000,9999.000,9999.000
202603092042,   1.266,   1.420,9999.000,9999.000,9999.000,9999.000,9999.000,9999.000,9999.000
202603092048,   1.215,   1.380,9999.000,9999.000,9999.000,9999.000,9999.000,9999.000,9999.000
202603092054,   1.166,   1.328,9999.000,9999.000,9999.000,9999.000,9999.000,9999.000,9999.000
202603092100,   1.120,   1.279,   0.100,   0.059,   1.279,   0.100,   1.279,   0.200,   1.379
202603092106,   1.077,   1.239,9999.000,9999.000,9999.000,9999.000,9999.000,9999.000,9999.000
202603092112,   1.036,   1.200,9999.000,9999.000,9999.000,9999.000,9999.000,9999.000,9999.000
202603092118,   0.998,   1.161,9999.000,9999.000,9999.000,9999.000,9999.000,9999.000,9999.000
202603092124,   0.962,   1.151,9999.000,9999.000,9999.000,9999.000,9999.000,9999.000,9999.000
202603092130,   0.928,   1.108,9999.000,9999.000,9999.000,9999.000,9999.000,9999.000,9999.000
202603092136,   0.897,   1.079,9999.000,9999.000,9999.000,9999.000,9999.000,9999.000,9999.000
202603092142,   0.867,   1.049,9999.000,9999.000,9999.000,9999.000,9999.000,9999.000,9999.000
202603092148,   0.840,   1.020,9999.000,9999.000,9999.000,9999.000,9999.000,9999.000,9999.000
202603092154,   0.814,   1.000,9999.000,9999.000,9999.000,9999.000,9999.000,9999.000,9999.000
202603092200,   0.790,   1.000,   0.200,   0.010,   1.000,   0.100,   0.900,   0.200,   1.000
202603092206,   0.767,   0.980,9999.000,9999.000,9999.000,9999.000,9999.000,9999.000,9999.000
202603092212,   0.746,   0.951,9999.000,9999.000,9999.000,9999.000,9999.000,9999.000,9999.000
202603092218,   0.727,   0.961,9999.000,9999.000,9999.000,9999.000,9999.000,9999.000,9999.000
202603092224,   0.710,   0.951,9999.000,9999.000,9999.000,9999.000,9999.000,9999.000,9999.000
202603092230,   0.695,   0.980,9999.000,9999.000,9999.000,9999.000,9999.000,9999.000,9999.000
202603092236,   0.681,   0.990,9999.000,9999.000,9999.000,9999.000,9999.000,9999.000,9999.000
202603092242,   0.670,   0.961,9999.000,9999.000,9999.000,9999.000,9999.000,9999.000,9999.000
202603092248,   0.661,   0.961,9999.000,9999.000,9999.000,9999.000,9999.000,9999.000,9999.000
202603092254,   0.655,   0.980,9999.000,9999.000,9999.000,9999.000,9999.000,9999.000,9999.000
202603092300,   0.652,   1.000,   0.200,   0.148,   1.000,   0.100,   0.900,   0.200,   1.000
202603092306,   0.652,   1.000,9999.000,9999.000,9999.000,9999.000,9999.000,9999.000,9999.000
202603092312,   0.655,   1.020,9999.000,9999.000,9999.000,9999.000,9999.000,9999.000,9999.000
202603092318,   0.662,   1.010,9999.000,9999.000,9999.000,9999.000,9999.000,9999.000,9999.000
202603092324,   0.672,   1.010,9999.000,9999.000,9999.000,9999.000,9999.000,9999.000,9999.000
202603092330,   0.687,   1.039,9999.000,9999.000,9999.000,9999.000,9999.000,9999.000,9999.000
202603092336,   0.705,   1.059,9999.000,9999.000,9999.000,9999.000,9999.000,9999.000,9999.000
202603092342,   0.729,   1.098,9999.000,9999.000,9999.000,9999.000,9999.000,9999.000,9999.000
202603092348,   0.756,   1.118,9999.000,9999.000,9999.000,9999.000,9999.000,9999.000,9999.000
202603092354,   0.789,9999.000,9999.000,9999.000,9999.000,9999.000,9999.000,9999.000,9999.000
202603100000,   0.825,9999.000,   0.200,   0.149,   1.174,   0.100,   1.074,   0.200,   1.174
202603100006,   0.867,9999.000,9999.000,9999.000,9999.000,9999.000,9999.000,9999.000,9999.000
202603100012,   0.913,9999.000,9999.000,9999.000,9999.000,9999.000,9999.000,9999.000,9999.000
202603100018,   0.964,9999.000,9999.000,9999.000,9999.000,9999.000,9999.000,9999.000,9999.000
202603100024,   1.018,9999.000,9999.000,9999.000,9999.000,9999.000,9999.000,9999.000,9999.000
202603100030,   1.077,9999.000,9999.000,9999.000,9999.000,9999.000,9999.000,9999.000,9999.000
202603100036,   1.140,9999.000,9999.000,9999.000,9999.000,9999.000,9999.000,9999.000,9999.000
202603100042,   1.206,9999.000,9999.000,9999.000,9999.000,9999.000,9999.000,9999.000,9999.000
202603100048,   1.275,9999.000,9999.000,9999.000,9999.000,9999.000,9999.000,9999.000,9999.000
202603100054,   1.348,9999.000,9999.000,9999.000,9999.000,9999.000,9999.000,9999.000,9999.000
202603100100,   1.422,9999.000,   0.200,   0.150,   1.772,   0.100,   1.672,   0.200,   1.772
202603100106,   1.499,9999.000,9999.000,9999.000,9999.000,9999.000,9999.000,9999.000,9999.000
202603100112,   1.577,9999.000,9999.000,9999.000,9999.000,9999.000,9999.000,9999.000,9999.000
202603100118,   1.656,9999.000,9999.000,9999.000,9999.000,9999.000,9999.000,9999.000,9999.000
202603100124,   1.736,9999.000,9999.000,9999.000,9999.000,9999.000,9999.000,9999.000,9999.000
202603100130,   1.817,9999.000,9999.000,9999.000,9999.000,9999.000,9999.000,9999.000,9999.000
202603100136,   1.897,9999.000,9999.000,9999.000,9999.000,9999.000,9999.000,9999.000,9999.000
202603100142,   1.977,9999.000,9999.000,9999.000,9999.000,9999.000,9999.000,9999.000,9999.000
202603100148,   2.057,9999.000,9999.000,9999.000,9999.000,9999.000,9999.000,9999.000,9999.000
202603100154,   2.135,9999.000,9999.000,9999.000,9999.000,9999.000,9999.000,9999.000,9999.000
202603100200,   2.212,9999.000,   0.200,   0.151,   2.563,   0.100,   2.463,   0.200,   2.563
202603100206,   2.287,9999.000,9999.000,9999.000,9999.000,9999.000,9999.000,9999.000,9999.000
202603100212,   2.361,9999.000,9999.000,9999.000,9999.000,9999.000,9999.000,9999.000,9999.000
202603100218,   2.433,9999.000,9999.000,9999.000,9999.000,9999.000,9999.000,9999.000,9999.000
202603100224,   2.503,9999.000,9999.000,9999.000,9999.000,9999.000,9999.000,9999.000,9999.000
202603100230,   2.571,9999.000,9999.000,9999.000,9999.000,9999.000,9999.000,9999.000,9999.000
202603100236,   2.636,9999.000,9999.000,9999.000,9999.000,9999.000,9999.000,9999.000,9999.000
202603100242,   2.700,9999.000,9999.000,9999.000,9999.000,9999.000,9999.000,9999.000,9999.000
202603100248,   2.762,9999.000,9999.000,9999.000,9999.000,9999.000,9999.000,9999.000,9999.000
202603100254,   2.822,9999.000,9999.000,9999.000,9999.000,9999.000,9999.000,9999.000,9999.000
202603100300,   2.880,9999.000,   0.200,   0.152,   3.232,   0.100,   3.132,   0.200,   3.232
202603100306,   2.936,9999.000,9999.000,9999.000,9999.000,9999.000,9999.000,9999.000,9999.000
202603100312,   2.990,9999.000,9999.000,9999.000,9999.000,9999.000,9999.000,9999.000,9999.000
202603100318,   3.043,9999.000,9999.000,9999.000,9999.000,9999.000,9999.000,9999.000,9999.000
202603100324,   3.094,9999.000,9999.000,9999.000,9999.000,9999.000,9999.000,9999.000,9999.000
202603100330,   3.143,9999.000,9999.000,9999.000,9999.000,9999.000,9999.000,9999.000,9999.000
202603100336,   3.192,9999.000,9999.000,9999.000,9999.000,9999.000,9999.000,9999.000,9999.000
202603100342,   3.239,9999.000,9999.000,9999.000,9999.000,9999.000,9999.000,9999.000,9999.000
202603100348,   3.284,9999.000,9999.000,9999.000,9999.000,9999.000,9999.000,9999.000,9999.000
202603100354,   3.329,9999.000,9999.000,9999.000,9999.000,9999.000,9999.000,9999.000,9999.000
202603100400,   3.372,9999.000,   0.200,   0.153,   3.725,   0.100,   3.625,   0.200,   3.725
202603100406,   3.414,9999.000,9999.000,9999.000,9999.000,9999.000,9999.000,9999.000,9999.000
202603100412,   3.454,9999.000,9999.000,9999.000,9999.000,9999.000,9999.000,9999.000,9999.000
202603100418,   3.493,9999.000,9999.000,9999.000,9999.000,9999.000,9999.000,9999.000,9999.000
202603100424,   3.530,9999.000,9999.000,9999.000,9999.000,9999.000,9999.000,9999.000,9999.000
202603100430,   3.566,9999.000,9999.000,9999.000,9999.000,9999.000,9999.000,9999.000,9999.000
202603100436,   3.600,9999.000,9999.000,9999.000,9999.000,9999.000,9999.000,9999.000,9999.000
202603100442,   3.632,9999.000,9999.000,9999.000,9999.000,9999.000,9999.000,9999.000,9999.000
202603100448,   3.662,9999.000,9999.000,9999.000,9999.000,9999.000,9999.000,9999.000,9999.000
202603100454,   3.689,9999.000,9999.000,9999.000,9999.000,9999.000,9999.000,9999.000,9999.000
202603100500,   3.714,9999.000,   0.200,   0.154,   4.068,   0.100,   3.968,   0.200,   4.068
202603100506,   3.736,9999.000,9999.000,9999.000,9999.000,9999.000,9999.000,9999.000,9999.000
202603100512,   3.755,9999.000,9999.000,9999.000,9999.000,9999.000,9999.000,9999.000,9999.000
202603100518,   3.771,9999.000,9999.000,9999.000,9999.000,9999.000,9999.000,9999.000,9999.000
202603100524,   3.783,9999.000,9999.000,9999.000,9999.000,9999.000,9999.000,9999.000,9999.000
202603100530,   3.792,9999.000,9999.000,9999.000,9999.000,9999.000,9999.000,9999.000,9999.000
202603100536,   3.797,9999.000,9999.000,9999.000,9999.000,9999.000,9999.000,9999.000,9999.000
202603100542,   3.798,9999.000,9999.000,9999.000,9999.000,9999.000,9999.000,9999.000,9999.000
202603100548,   3.795,9999.000,9999.000,9999.000,9999.000,9999.000,9999.000,9999.000,9999.000
202603100554,   3.788,9999.000,9999.000,9999.000,9999.000,9999.000,9999.000,9999.000,9999.000
202603100600,   3.776,9999.000,   0.200,   0.155,   4.131,   0.100,   4.031,   0.200,   4.131
202603100606,   3.760,9999.000,9999.000,9999.000,9999.000,9999.000,9999.000,9999.000,9999.000
202603100612,   3.740,9999.000,9999.000,9999.000,9999.000,9999.000,9999.000,9999.000,9999.000
202603100618,   3.715,9999.000,9999.000,9999.000,9999.000,9999.000,9999.000,9999.000,9999.000
202603100624,   3.686,9999.000,9999.000,9999.000,9999.000,9999.000,9999.000,9999.000,9999.000
202603100630,   3.652,9999.000,9999.000,9999.000,9999.000,9999.000,9999.000,9999.000,9999.000
202603100636,   3.614,9999.000,9999.000,9999.000,9999.000,9999.000,9999.000,9999.000,9999.000
202603100642,   3.572,9999.000,9999.000,9999.000,9999.000,9999.000,9999.000,9999.000,9999.000
202603100648,   3.525,9999.000,9999.000,9999.000,9999.000,9999.000,9999.000,9999.000,9999.000
202603100654,   3.475,9999.000,9999.000,9999.000,9999.000,9999.000,9999.000,9999.000,9999.000
202603100700,   3.422,9999.000,   0.200,   0.156,   3.778,   0.100,   3.678,   0.200,   3.778
202603100706,   3.365,9999.000,9999.000,9999.000,9999.000,9999.000,9999.000,9999.000,9999.000
202603100712,   3.305,9999.000,9999.000,9999.000,9999.000,9999.000,9999.000,9999.000,9999.000
202603100718,   3.242,9999.000,9999.000,9999.000,9999.000,9999.000,9999.000,9999.000,9999.000
202603100724,   3.176,9999.000,9999.000,9999.000,9999.000,9999.000,9999.000,9999.000,9999.000
202603100730,   3.109,9999.000,9999.000,9999.000,9999.000,9999.000,9999.000,9999.000,9999.000
202603100736,   3.040,9999.000,9999.000,9999.000,9999.000,9999.000,9999.000,9999.000,9999.000
202603100742,   2.969,9999.000,9999.000,9999.000,9999.000,9999.000,9999.000,9999.000,9999.000
202603100748,   2.897,9999.000,9999.000,9999.000,9999.000,9999.000,9999.000,9999.000,9999.000
202603100754,   2.825,9999.000,9999.000,9999.000,9999.000,9999.000,9999.000,9999.000,9999.000
202603100800,   2.752,9999.000,   0.100,   0.157,   3.009,   0.100,   3.009,   0.200,   3.109
202603100806,   2.679,9999.000,9999.000,9999.000,9999.000,9999.000,9999.000,9999.000,9999.000
202603100812,   2.607,9999.000,9999.000,9999.000,9999.000,9999.000,9999.000,9999.000,9999.000
202603100818,   2.535,9999.000,9999.000,9999.000,9999.000,9999.000,9999.000,9999.000,9999.000
202603100824,   2.464,9999.000,9999.000,9999.000,9999.000,9999.000,9999.000,9999.000,9999.000
202603100830,   2.394,9999.000,9999.000,9999.000,9999.000,9999.000,9999.000,9999.000,9999.000
202603100836,   2.326,9999.000,9999.000,9999.000,9999.000,9999.000,9999.000,9999.000,9999.000
202603100842,   2.260,9999.000,9999.000,9999.000,9999.000,9999.000,9999.000,9999.000,9999.000
202603100848,   2.193,9999.000,9999.000,9999.000,9999.000,9999.000,9999.000,9999.000,9999.000
202603100854,   2.129,9999.000,9999.000,9999.000,9999.000,9999.000,9999.000,9999.000,9999.000
202603100900,   2.067,9999.000,   0.100,   0.158,   2.325,   0.100,   2.325,   0.200,   2.425
202603100906,   2.007,9999.000,9999.000,9999.000,9999.000,9999.000,9999.000,9999.000,9999.000
202603100912,   1.948,9999.000,9999.000,9999.000,9999.000,9999.000,9999.000,9999.000,9999.000
202603100918,   1.892,9999.000,9999.000,9999.000,9999.000,9999.000,9999.000,9999.000,9999.000
202603100924,   1.836,9999.000,9999.000,9999.000,9999.000,9999.000,9999.000,9999.000,9999.000
202603100930,   1.783,9999.000,9999.000,9999.000,9999.000,9999.000,9999.000,9999.000,9999.000
202603100936,   1.730,9999.000,9999.000,9999.000,9999.000,9999.000,9999.000,9999.000,9999.000
202603100942,   1.679,9999.000,9999.000,9999.000,9999.000,9999.000,9999.000,9999.000,9999.000
202603100948,   1.630,9999.000,9999.000,9999.000,9999.000,9999.000,9999.000,9999.000,9999.000
202603100954,   1.581,9999.000,9999.000,9999.000,9999.000,9999.000,9999.000,9999.000,9999.000
202603101000,   1.533,9999.000,   0.100,   0.159,   1.792,   0.100,   1.792,   0.200,   1.892
202603101006,   1.486,9999.000,9999.000,9999.000,9999.000,9999.000,9999.000,9999.000,9999.000
202603101012,   1.440,9999.000,9999.000,9999.000,9999.000,9999.000,9999.000,9999.000,9999.000
202603101018,   1.395,9999.000,9999.000,9999.000,9999.000,9999.000,9999.000,9999.000,9999.000
202603101024,   1.350,9999.000,9999.000,9999.000,9999.000,9999.000,9999.000,9999.000,9999.000
202603101030,   1.306,9999.000,9999.000,9999.000,9999.000,9999.000,9999.000,9999.000,9999.000
202603101036,   1.263,9999.000,9999.000,9999.000,9999.000,9999.000,9999.000,9999.000,9999.000
202603101042,   1.221,9999.000,9999.000,9999.000,9999.000,9999.000,9999.000,9999.000,9999.000
202603101048,   1.179,9999.000,9999.000,9999.000,9999.000,9999.000,9999.000,9999.000,9999.000
202603101054,   1.139,9999.000,9999.000,9999.000,9999.000,9999.000,9999.000,9999.000,9999.000
202603101100,   1.100,9999.000,   0.100,   0.160,   1.360,   0.100,   1.360,   0.200,   1.460
202603101106,   1.063,9999.000,9999.000,9999.000,9999.000,9999.000,9999.000,9999.000,9999.000
202603101112,   1.027,9999.000,9999.000,9999.000,9999.000,9999.000,9999.000,9999.000,9999.000
202603101118,   0.994,9999.000,9999.000,9999.000,9999.000,9999.000,9999.000,9999.000,9999.000
202603101124,   0.963,9999.000,9999.000,9999.000,9999.000,9999.000,9999.000,9999.000,9999.000
202603101130,   0.935,9999.000,9999.000,9999.000,9999.000,9999.000,9999.000,9999.000,9999.000
202603101136,   0.910,9999.000,9999.000,9999.000,9999.000,9999.000,9999.000,9999.000,9999.000
202603101142,   0.889,9999.000,9999.000,9999.000,9999.000,9999.000,9999.000,9999.000,9999.000
202603101148,   0.871,9999.000,9999.000,9999.000,9999.000,9999.000,9999.000,9999.000,9999.000
202603101154,   0.857,9999.000,9999.000,9999.000,9999.000,9999.000,9999.000,9999.000,9999.000
202603101200,   0.848,9999.000,   0.100,   0.160,   1.108,   0.100,   1.108,   0.200,   1.208
202603101206,   0.843,9999.000,9999.000,9999.000,9999.000,9999.000,9999.000,9999.000,9999.000
202603101212,   0.843,9999.000,9999.000,9999.000,9999.000,9999.000,9999.000,9999.000,9999.000
202603101218,   0.848,9999.000,9999.000,9999.000,9999.000,9999.000,9999.000,9999.000,9999.000
202603101224,   0.858,9999.000,9999.000,9999.000,9999.000,9999.000,9999.000,9999.000,9999.000
202603101230,   0.873,9999.000,9999.000,9999.000,9999.000,9999.000,9999.000,9999.000,9999.000
202603101236,   0.893,9999.000,9999.000,9999.000,9999.000,9999.000,9999.000,9999.000,9999.000
202603101242,   0.918,9999.000,9999.000,9999.000,9999.000,9999.000,9999.000,9999.000,9999.000
202603101248,   0.948,9999.000,9999.000,9999.000,9999.000,9999.000,9999.000,9999.000,9999.000
202603101254,   0.983,9999.000,9999.000,9999.000,9999.000,9999.000,9999.000,9999.000,9999.000
202603101300,   1.022,9999.000,   0.100,   0.160,   1.282,   0.100,   1.282,   0.200,   1.382
202603101306,   1.065,9999.000,9999.000,9999.000,9999.000,9999.000,9999.000,9999.000,9999.000
202603101312,   1.112,9999.000,9999.000,9999.000,9999.000,9999.000,9999.000,9999.000,9999.000
202603101318,   1.162,9999.000,9999.000,9999.000,9999.000,9999.000,9999.000,9999.000,9999.000
202603101324,   1.216,9999.000,9999.000,9999.000,9999.000,9999.000,9999.000,9999.000,9999.000
202603101330,   1.273,9999.000,9999.000,9999.000,9999.000,9999.000,9999.000,9999.000,9999.000
202603101336,   1.331,9999.000,9999.000,9999.000,9999.000,9999.000,9999.000,9999.000,9999.000
202603101342,   1.392,9999.000,9999.000,9999.000,9999.000,9999.000,9999.000,9999.000,9999.000
202603101348,   1.454,9999.000,9999.000,9999.000,9999.000,9999.000,9999.000,9999.000,9999.000
202603101354,   1.516,9999.000,9999.000,9999.000,9999.000,9999.000,9999.000,9999.000,9999.000
202603101400,   1.580,9999.000,   0.100,   0.160,   1.840,   0.100,   1.840,   0.200,   1.940
202603101406,   1.644,9999.000,9999.000,9999.000,9999.000,9999.000,9999.000,9999.000,9999.000
202603101412,   1.707,9999.000,9999.000,9999.000,9999.000,9999.000,9999.000,9999.000,9999.000
202603101418,   1.770,9999.000,9999.000,9999.000,9999.000,9999.000,9999.000,9999.000,9999.000
202603101424,   1.832,9999.000,9999.000,9999.000,9999.000,9999.000,9999.000,9999.000,9999.000
202603101430,   1.894,9999.000,9999.000,9999.000,9999.000,9999.000,9999.000,9999.000,9999.000
202603101436,   1.954,9999.000,9999.000,9999.000,9999.000,9999.000,9999.000,9999.000,9999.000
202603101442,   2.012,9999.000,9999.000,9999.000,9999.000,9999.000,9999.000,9999.000,9999.000
202603101448,   2.070,9999.000,9999.000,9999.000,9999.000,9999.000,9999.000,9999.000,9999.000
202603101454,   2.125,9999.000,9999.000,9999.000,9999.000,9999.000,9999.000,9999.000,9999.000
202603101500,   2.179,9999.000,   0.100,   0.160,   2.439,   0.100,   2.439,   0.200,   2.539
202603101506,   2.231,9999.000,9999.000,9999.000,9999.000,9999.000,9999.000,9999.000,9999.000
202603101512,   2.282,9999.000,9999.000,9999.000,9999.000,9999.000,9999.000,9999.000,9999.000
202603101518,   2.330,9999.000,9999.000,9999.000,9999.000,9999.000,9999.000,9999.000,9999.000
202603101524,   2.378,9999.000,9999.000,9999.000,9999.000,9999.000,9999.000,9999.000,9999.000
202603101530,   2.423,9999.000,9999.000,9999.000,9999.000,9999.000,9999.000,9999.000,9999.000
202603101536,   2.467,9999.000,9999.000,9999.000,9999.000,9999.000,9999.000,9999.000,9999.000
202603101542,   2.510,9999.000,9999.000,9999.000,9999.000,9999.000,9999.000,9999.000,9999.000
202603101548,   2.551,9999.000,9999.000,9999.000,9999.000,9999.000,9999.000,9999.000,9999.000
202603101554,   2.592,9999.000,9999.000,9999.000,9999.000,9999.000,9999.000,9999.000,9999.000
202603101600,   2.630,9999.000,   0.100,   0.160,   2.890,   0.100,   2.890,   0.200,   2.990
202603101606,   2.668,9999.000,9999.000,9999.000,9999.000,9999.000,9999.000,9999.000,9999.000
202603101612,   2.705,9999.000,9999.000,9999.000,9999.000,9999.000,9999.000,9999.000,9999.000
202603101618,   2.740,9999.000,9999.000,9999.000,9999.000,9999.000,9999.000,9999.000,9999.000
202603101624,   2.774,9999.000,9999.000,9999.000,9999.000,9999.000,9999.000,9999.000,9999.000
202603101630,   2.807,9999.000,9999.000,9999.000,9999.000,9999.000,9999.000,9999.000,9999.000
202603101636,   2.839,9999.000,9999.000,9999.000,9999.000,9999.000,9999.000,9999.000,9999.000
202603101642,   2.869,9999.000,9999.000,9999.000,9999.000,9999.000,9999.000,9999.000,9999.000
202603101648,   2.897,9999.000,9999.000,9999.000,9999.000,9999.000,9999.000,9999.000,9999.000
202603101654,   2.924,9999.000,9999.000,9999.000,9999.000,9999.000,9999.000,9999.000,9999.000
202603101700,   2.950,9999.000,   0.100,   0.160,   3.210,   0.100,   3.210,   0.200,   3.310
202603101706,   2.973,9999.000,9999.000,9999.000,9999.000,9999.000,9999.000,9999.000,9999.000
202603101712,   2.994,9999.000,9999.000,9999.000,9999.000,9999.000,9999.000,9999.000,9999.000
202603101718,   3.012,9999.000,9999.000,9999.000,9999.000,9999.000,9999.000,9999.000,9999.000
202603101724,   3.028,9999.000,9999.000,9999.000,9999.000,9999.000,9999.000,9999.000,9999.000
202603101730,   3.041,9999.000,9999.000,9999.000,9999.000,9999.000,9999.000,9999.000,9999.000
202603101736,   3.051,9999.000,9999.000,9999.000,9999.000,9999.000,9999.000,9999.000,9999.000
202603101742,   3.058,9999.000,9999.000,9999.000,9999.000,9999.000,9999.000,9999.000,9999.000
202603101748,   3.062,9999.000,9999.000,9999.000,9999.000,9999.000,9999.000,9999.000,9999.000
202603101754,   3.062,9999.000,9999.000,9999.000,9999.000,9999.000,9999.000,9999.000,9999.000
202603101800,   3.058,9999.000,   0.100,   0.160,   3.318,   0.100,   3.318,   0.200,   3.418
202603101806,   3.050,9999.000,9999.000,9999.000,9999.000,9999.000,9999.000,9999.000,9999.000
202603101812,   3.038,9999.000,9999.000,9999.000,9999.000,9999.000,9999.000,9999.000,9999.000
202603101818,   3.022,9999.000,9999.000,9999.000,9999.000,9999.000,9999.000,9999.000,9999.000
202603101824,   3.002,9999.000,9999.000,9999.000,9999.000,9999.000,9999.000,9999.000,9999.000
202603101830,   2.978,9999.000,9999.000,9999.000,9999.000,9999.000,9999.000,9999.000,9999.000
202603101836,   2.949,9999.000,9999.000,9999.000,9999.000,9999.000,9999.000,9999.000,9999.000
202603101842,   2.917,9999.000,9999.000,9999.000,9999.000,9999.000,9999.000,9999.000,9999.000
202603101848,   2.880,9999.000,9999.000,9999.000,9999.000,9999.000,9999.000,9999.000,9999.000
202603101854,   2.839,9999.000,9999.000,9999.000,9999.000,9999.000,9999.000,9999.000,9999.000
202603101900,   2.794,9999.000,   0.100,   0.160,   3.054,   0.100,   3.054,   0.200,   3.154
202603101906,   2.746,9999.000,9999.000,9999.000,9999.000,9999.000,9999.000,9999.000,9999.000
202603101912,   2.694,9999.000,9999.000,9999.000,9999.000,9999.000,9999.000,9999.000,9999.000
202603101918,   2.639,9999.000,9999.000,9999.000,9999.000,9999.000,9999.000,9999.000,9999.000
202603101924,   2.581,9999.000,9999.000,9999.000,9999.000,9999.000,9999.000,9999.000,9999.000
202603101930,   2.520,9999.000,9999.000,9999.000,9999.000,9999.000,9999.000,9999.000,9999.000
202603101936,   2.457,9999.000,9999.000,9999.000,9999.000,9999.000,9999.000,9999.000,9999.000
202603101942,   2.392,9999.000,9999.000,9999.000,9999.000,9999.000,9999.000,9999.000,9999.000
202603101948,   2.325,9999.000,9999.000,9999.000,9999.000,9999.000,9999.000,9999.000,9999.000
202603101954,   2.258,9999.000,9999.000,9999.000,9999.000,9999.000,9999.000,9999.000,9999.000
202603102000,   2.189,9999.000,   0.200,   0.160,   2.549,   0.100,   2.449,   0.200,   2.549
202603102006,   2.120,9999.000,9999.000,9999.000,9999.000,9999.000,9999.000,9999.000,9999.000
202603102012,   2.050,9999.000,9999.000,9999.000,9999.000,9999.000,9999.000,9999.000,9999.000
202603102018,   1.981,9999.000,9999.000,9999.000,9999.000,9999.000,9999.000,9999.000,9999.000
202603102024,   1.913,9999.000,9999.000,9999.000,9999.000,9999.000,9999.000,9999.000,9999.000
202603102030,   1.846,9999.000,9999.000,9999.000,9999.000,9999.000,9999.000,9999.000,9999.000
202603102036,   1.780,9999.000,9999.000,9999.000,9999.000,9999.000,9999.000,9999.000,9999.000
202603102042,   1.716,9999.000,9999.000,9999.000,9999.000,9999.000,9999.000,9999.000,9999.000
202603102048,   1.653,9999.000,9999.000,9999.000,9999.000,9999.000,9999.000,9999.000,9999.000
202603102054,   1.593,9999.000,9999.000,9999.000,9999.000,9999.000,9999.000,9999.000,9999.000
202603102100,   1.535,9999.000,   0.200,   0.160,   1.895,   0.100,   1.795,   0.200,   1.895
202603102106,   1.480,9999.000,9999.000,9999.000,9999.000,9999.000,9999.000,9999.000,9999.000
202603102112,   1.427,9999.000,9999.000,9999.000,9999.000,9999.000,9999.000,9999.000,9999.000
202603102118,   1.377,9999.000,9999.000,9999.000,9999.000,9999.000,9999.000,9999.000,9999.000
202603102124,   1.329,9999.000,9999.000,9999.000,9999.000,9999.000,9999.000,9999.000,9999.000
202603102130,   1.285,9999.000,9999.000,9999.000,9999.000,9999.000,9999.000,9999.000,9999.000
202603102136,   1.243,9999.000,9999.000,9999.000,9999.000,9999.000,9999.000,9999.000,9999.000
202603102142,   1.203,9999.000,9999.000,9999.000,9999.000,9999.000,9999.000,9999.000,9999.000
202603102148,   1.166,9999.000,9999.000,9999.000,9999.000,9999.000,9999.000,9999.000,9999.000
202603102154,   1.132,9999.000,9999.000,9999.000,9999.000,9999.000,9999.000,9999.000,9999.000
202603102200,   1.100,9999.000,   0.200,   0.160,   1.460,   0.100,   1.360,   0.200,   1.460
202603102206,   1.069,9999.000,9999.000,9999.000,9999.000,9999.000,9999.000,9999.000,9999.000
202603102212,   1.041,9999.000,9999.000,9999.000,9999.000,9999.000,9999.000,9999.000,9999.000
202603102218,   1.014,9999.000,9999.000,9999.000,9999.000,9999.000,9999.000,9999.000,9999.000
202603102224,   0.989,9999.000,9999.000,9999.000,9999.000,9999.000,9999.000,9999.000,9999.000
202603102230,   0.966,9999.000,9999.000,9999.000,9999.000,9999.000,9999.000,9999.000,9999.000
202603102236,   0.943,9999.000,9999.000,9999.000,9999.000,9999.000,9999.000,9999.000,9999.000
202603102242,   0.922,9999.000,9999.000,9999.000,9999.000,9999.000,9999.000,9999.000,9999.000
202603102248,   0.903,9999.000,9999.000,9999.000,9999.000,9999.000,9999.000,9999.000,9999.000
202603102254,   0.884,9999.000,9999.000,9999.000,9999.000,9999.000,9999.000,9999.000,9999.000
202603102300,   0.866,9999.000,   0.200,   0.160,   1.226,   0.100,   1.126,   0.200,   1.226
202603102306,   0.850,9999.000,9999.000,9999.000,9999.000,9999.000,9999.000,9999.000,9999.000
202603102312,   0.835,9999.000,9999.000,9999.000,9999.000,9999.000,9999.000,9999.000,9999.000
202603102318,   0.821,9999.000,9999.000,9999.000,9999.000,9999.000,9999.000,9999.000,9999.000
202603102324,   0.808,9999.000,9999.000,9999.000,9999.000,9999.000,9999.000,9999.000,9999.000
202603102330,   0.798,9999.000,9999.000,9999.000,9999.000,9999.000,9999.000,9999.000,9999.000
202603102336,   0.789,9999.000,9999.000,9999.000,9999.000,9999.000,9999.000,9999.000,9999.000
202603102342,   0.783,9999.000,9999.000,9999.000,9999.000,9999.000,9999.000,9999.000,9999.000
202603102348,   0.779,9999.000,9999.000,9999.000,9999.000,9999.000,9999.000,9999.000,9999.000
202603102354,   0.778,9999.000,9999.000,9999.000,9999.000,9999.000,9999.000,9999.000,9999.000
202603110000,   0.779,9999.000,   0.200,   0.160,   1.139,   0.100,   1.039,   0.200,   1.139
202603110006,   0.785,9999.000,9999.000,9999.000,9999.000,9999.000,9999.000,9999.000,9999.000
202603110012,   0.793,9999.000,9999.000,9999.000,9999.000,9999.000,9999.000,9999.000,9999.000
202603110018,   0.806,9999.000,9999.000,9999.000,9999.000,9999.000,9999.000,9999.000,9999.000
202603110024,   0.822,9999.000,9999.000,9999.000,9999.000,9999.000,9999.000,9999.000,9999.000
202603110030,   0.843,9999.000,9999.000,9999.000,9999.000,9999.000,9999.000,9999.000,9999.000
202603110036,   0.868,9999.000,9999.000,9999.000,9999.000,9999.000,9999.000,9999.000,9999.000
202603110042,   0.897,9999.000,9999.000,9999.000,9999.000,9999.000,9999.000,9999.000,9999.000
202603110048,   0.931,9999.000,9999.000,9999.000,9999.000,9999.000,9999.000,9999.000,9999.000
202603110054,   0.969,9999.000,9999.000,9999.000,9999.000,9999.000,9999.000,9999.000,9999.000
202603110100,   1.012,9999.000,   0.200,   0.160,   1.372,   0.100,   1.272,   0.200,   1.372
202603110106,   1.059,9999.000,9999.000,9999.000,9999.000,9999.000,9999.000,9999.000,9999.000
202603110112,   1.111,9999.000,9999.000,9999.000,9999.000,9999.000,9999.000,9999.000,9999.000
202603110118,   1.166,9999.000,9999.000,9999.000,9999.000,9999.000,9999.000,9999.000,9999.000
202603110124,   1.225,9999.000,9999.000,9999.000,9999.000,9999.000,9999.000,9999.000,9999.000
202603110130,   1.288,9999.000,9999.000,9999.000,9999.000,9999.000,9999.000,9999.000,9999.000
202603110136,   1.353,9999.000,9999.000,9999.000,9999.000,9999.000,9999.000,9999.000,9999.000
202603110142,   1.421,9999.000,9999.000,9999.000,9999.000,9999.000,9999.000,9999.000,9999.000
202603110148,   1.492,9999.000,9999.000,9999.000,9999.000,9999.000,9999.000,9999.000,9999.000
202603110154,   1.564,9999.000,9999.000,9999.000,9999.000,9999.000,9999.000,9999.000,9999.000
202603110200,   1.638,9999.000,   0.200,   0.160,   1.998,   0.100,   1.898,   0.200,   1.998
202603110206,   1.712,9999.000,9999.000,9999.000,9999.000,9999.000,9999.000,9999.000,9999.000
202603110212,   1.787,9999.000,9999.000,9999.000,9999.000,9999.000,9999.000,9999.000,9999.000
202603110218,   1.862,9999.000,9999.000,9999.000,9999.000,9999.000,9999.000,9999.000,9999.000
202603110224,   1.937,9999.000,9999.000,9999.000,9999.000,9999.000,9999.000,9999.000,9999.000
202603110230,   2.012,9999.000,9999.000,9999.000,9999.000,9999.000,9999.000,9999.000,9999.000
202603110236,   2.085,9999.000,9999.000,9999.000,9999.000,9999.000,9999.000,9999.000,9999.000
202603110242,   2.157,9999.000,9999.000,9999.000,9999.000,9999.000,9999.000,9999.000,9999.000
202603110248,   2.228,9999.000,9999.000,9999.000,9999.000,9999.000,9999.000,9999.000,9999.000
202603110254,   2.296,9999.000,9999.000,9999.000,9999.000,9999.000,9999.000,9999.000,9999.000
202603110300,   2.363,9999.000,   0.200,   0.160,   2.723,   0.100,   2.623,   0.200,   2.723
202603110306,   2.428,9999.000,9999.000,9999.000,9999.000,9999.000,9999.000,9999.000,9999.000
202603110312,   2.490,9999.000,9999.000,9999.000,9999.000,9999.000,9999.000,9999.000,9999.000
202603110318,   2.551,9999.000,9999.000,9999.000,9999.000,9999.000,9999.000,9999.000,9999.000
202603110324,   2.609,9999.000,9999.000,9999.000,9999.000,9999.000,9999.000,9999.000,9999.000
202603110330,   2.665,9999.000,9999.000,9999.000,9999.000,9999.000,9999.000,9999.000,9999.000
202603110336,   2.719,9999.000,9999.000,9999.000,9999.000,9999.000,9999.000,9999.000,9999.000
202603110342,   2.771,9999.000,9999.000,9999.000,9999.000,9999.000,9999.000,9999.000,9999.000
202603110348,   2.821,9999.000,9999.000,9999.000,9999.000,9999.000,9999.000,9999.000,9999.000
202603110354,   2.870,9999.000,9999.000,9999.000,9999.000,9999.000,9999.000,9999.000,9999.000
202603110400,   2.917,9999.000,   0.200,   0.160,   3.277,   0.100,   3.177,   0.200,   3.277
202603110406,   2.962,9999.000,9999.000,9999.000,9999.000,9999.000,9999.000,9999.000,9999.000
202603110412,   3.006,9999.000,9999.000,9999.000,9999.000,9999.000,9999.000,9999.000,9999.000
202603110418,   3.048,9999.000,9999.000,9999.000,9999.000,9999.000,9999.000,9999.000,9999.000
202603110424,   3.090,9999.000,9999.000,9999.000,9999.000,9999.000,9999.000,9999.000,9999.000
202603110430,   3.130,9999.000,9999.000,9999.000,9999.000,9999.000,9999.000,9999.000,9999.000
202603110436,   3.169,9999.000,9999.000,9999.000,9999.000,9999.000,9999.000,9999.000,9999.000
202603110442,   3.208,9999.000,9999.000,9999.000,9999.000,9999.000,9999.000,9999.000,9999.000
202603110448,   3.245,9999.000,9999.000,9999.000,9999.000,9999.000,9999.000,9999.000,9999.000
202603110454,   3.282,9999.000,9999.000,9999.000,9999.000,9999.000,9999.000,9999.000,9999.000
202603110500,   3.317,9999.000,   0.200,   0.160,   3.677,   0.100,   3.577,   0.200,   3.677
202603110506,   3.352,9999.000,9999.000,9999.000,9999.000,9999.000,9999.000,9999.000,9999.000
202603110512,   3.385,9999.000,9999.000,9999.000,9999.000,9999.000,9999.000,9999.000,9999.000
202603110518,   3.417,9999.000,9999.000,9999.000,9999.000,9999.000,9999.000,9999.000,9999.000
202603110524,   3.448,9999.000,9999.000,9999.000,9999.000,9999.000,9999.000,9999.000,9999.000
202603110530,   3.477,9999.000,9999.000,9999.000,9999.000,9999.000,9999.000,9999.000,9999.000
202603110536,   3.504,9999.000,9999.000,9999.000,9999.000,9999.000,9999.000,9999.000,9999.000
202603110542,   3.530,9999.000,9999.000,9999.000,9999.000,9999.000,9999.000,9999.000,9999.000
202603110548,   3.553,9999.000,9999.000,9999.000,9999.000,9999.000,9999.000,9999.000,9999.000
202603110554,   3.574,9999.000,9999.000,9999.000,9999.000,9999.000,9999.000,9999.000,9999.000
202603110600,   3.592,9999.000,   0.200,   0.160,   3.952,   0.100,   3.852,   0.200,   3.952
202603110606,   3.608,9999.000,9999.000,9999.000,9999.000,9999.000,9999.000,9999.000,9999.000
202603110612,   3.620,9999.000,9999.000,9999.000,9999.000,9999.000,9999.000,9999.000,9999.000
202603110618,   3.630,9999.000,9999.000,9999.000,9999.000,9999.000,9999.000,9999.000,9999.000
202603110624,   3.636,9999.000,9999.000,9999.000,9999.000,9999.000,9999.000,9999.000,9999.000
202603110630,   3.638,9999.000,9999.000,9999.000,9999.000,9999.000,9999.000,9999.000,9999.000
202603110636,   3.637,9999.000,9999.000,9999.000,9999.000,9999.000,9999.000,9999.000,9999.000
202603110642,   3.632,9999.000,9999.000,9999.000,9999.000,9999.000,9999.000,9999.000,9999.000
202603110648,   3.623,9999.000,9999.000,9999.000,9999.000,9999.000,9999.000,9999.000,9999.000
202603110654,   3.610,9999.000,9999.000,9999.000,9999.000,9999.000,9999.000,9999.000,9999.000
202603110700,   3.593,9999.000,   0.100,   0.160,   3.853,   0.100,   3.853,   0.200,   3.953
202603110706,   3.573,9999.000,9999.000,9999.000,9999.000,9999.000,9999.000,9999.000,9999.000
202603110712,   3.548,9999.000,9999.000,9999.000,9999.000,9999.000,9999.000,9999.000,9999.000
202603110718,   3.519,9999.000,9999.000,9999.000,9999.000,9999.000,9999.000,9999.000,9999.000
202603110724,   3.487,9999.000,9999.000,9999.000,9999.000,9999.000,9999.000,9999.000,9999.000
202603110730,   3.451,9999.000,9999.000,9999.000,9999.000,9999.000,9999.000,9999.000,9999.000
202603110736,   3.411,9999.000,9999.000,9999.000,9999.000,9999.000,9999.000,9999.000,9999.000
202603110742,   3.368,9999.000,9999.000,9999.000,9999.000,9999.000,9999.000,9999.000,9999.000
202603110748,   3.322,9999.000,9999.000,9999.000,9999.000,9999.000,9999.000,9999.000,9999.000
202603110754,   3.273,9999.000,9999.000,9999.000,9999.000,9999.000,9999.000,9999.000,9999.000
202603110800,   3.222,9999.000,   0.100,   0.160,   3.482,   0.100,   3.482,   0.200,   3.582
202603110806,   3.168,9999.000,9999.000,9999.000,9999.000,9999.000,9999.000,9999.000,9999.000
202603110812,   3.112,9999.000,9999.000,9999.000,9999.000,9999.000,9999.000,9999.000,9999.000
202603110818,   3.054,9999.000,9999.000,9999.000,9999.000,9999.000,9999.000,9999.000,9999.000
202603110824,   2.995,9999.000,9999.000,9999.000,9999.000,9999.000,9999.000,9999.000,9999.000
202603110830,   2.935,9999.000,9999.000,9999.000,9999.000,9999.000,9999.000,9999.000,9999.000
202603110836,   2.874,9999.000,9999.000,9999.000,9999.000,9999.000,9999.000,9999.000,9999.000
202603110842,   2.812,9999.000,9999.000,9999.000,9999.000,9999.000,9999.000,9999.000,9999.000
202603110848,   2.750,9999.000,9999.000,9999.000,9999.000,9999.000,9999.000,9999.000,9999.000
202603110854,   2.688,9999.000,9999.000,9999.000,9999.000,9999.000,9999.000,9999.000,9999.000
202603110900,   2.627,9999.000,   0.100,   0.160,   2.887,   0.100,   2.887,   0.200,   2.987
202603110906,   2.566,9999.000,9999.000,9999.000,9999.000,9999.000,9999.000,9999.000,9999.000
202603110912,   2.506,9999.000,9999.000,9999.000,9999.000,9999.000,9999.000,9999.000,9999.000
202603110918,   2.446,9999.000,9999.000,9999.000,9999.000,9999.000,9999.000,9999.000,9999.000
202603110924,   2.388,9999.000,9999.000,9999.000,9999.000,9999.000,9999.000,9999.000,9999.000
202603110930,   2.331,9999.000,9999.000,9999.000,9999.000,9999.000,9999.000,9999.000,9999.000
202603110936,   2.276,9999.000,9999.000,9999.000,9999.000,9999.000,9999.000,9999.000,9999.000
202603110942,   2.221,9999.000,9999.000,9999.000,9999.000,9999.000,9999.000,9999.000,9999.000
202603110948,   2.168,9999.000,9999.000,9999.000,9999.000,9999.000,9999.000,9999.000,9999.000
202603110954,   2.117,9999.000,9999.000,9999.000,9999.000,9999.000,9999.000,9999.000,9999.000
202603111000,   2.066,9999.000,   0.100,   0.160,   2.326,   0.100,   2.326,   0.200,   2.426
202603111006,   2.017,9999.000,9999.000,9999.000,9999.000,9999.000,9999.000,9999.000,9999.000
202603111012,   1.969,9999.000,9999.000,9999.000,9999.000,9999.000,9999.000,9999.000,9999.000
202603111018,   1.922,9999.000,9999.000,9999.000,9999.000,9999.000,9999.000,9999.000,9999.000
202603111024,   1.875,9999.000,9999.000,9999.000,9999.000,9999.000,9999.000,9999.000,9999.000
202603111030,   1.830,9999.000,9999.000,9999.000,9999.000,9999.000,9999.000,9999.000,9999.000
202603111036,   1.785,9999.000,9999.000,9999.000,9999.000,9999.000,9999.000,9999.000,9999.000
202603111042,   1.740,9999.000,9999.000,9999.000,9999.000,9999.000,9999.000,9999.000,9999.000
202603111048,   1.696,9999.000,9999.000,9999.000,9999.000,9999.000,9999.000,9999.000,9999.000
202603111054,   1.652,9999.000,9999.000,9999.000,9999.000,9999.000,9999.000,9999.000,9999.000
202603111100,   1.609,9999.000,   0.100,   0.160,   1.869,   0.100,   1.869,   0.200,   1.969
202603111106,   1.565,9999.000,9999.000,9999.000,9999.000,9999.000,9999.000,9999.000,9999.000
202603111112,   1.522,9999.000,9999.000,9999.000,9999.000,9999.000,9999.000,9999.000,9999.000
202603111118,   1.479,9999.000,9999.000,9999.000,9999.000,9999.000,9999.000,9999.000,9999.000
202603111124,   1.437,9999.000,9999.000,9999.000,9999.000,9999.000,9999.000,9999.000,9999.000
202603111130,   1.394,9999.000,9999.000,9999.000,9999.000,9999.000,9999.000,9999.000,9999.000
202603111136,   1.353,9999.000,9999.000,9999.000,9999.000,9999.000,9999.000,9999.000,9999.000
202603111142,   1.312,9999.000,9999.000,9999.000,9999.000,9999.000,9999.000,9999.000,9999.000
202603111148,   1.272,9999.000,9999.000,9999.000,9999.000,9999.000,9999.000,9999.000,9999.000
202603111154,   1.233,9999.000,9999.000,9999.000,9999.000,9999.000,9999.000,9999.000,9999.000
202603111200,   1.196,9999.000,   0.100,   0.160,   1.456,   0.100,   1.456,   0.200,   1.556
202603111206,   1.161,9999.000,9999.000,9999.000,9999.000,9999.000,9999.000,9999.000,9999.000
202603111212,   1.128,9999.000,9999.000,9999.000,9999.000,9999.000,9999.000,9999.000,9999.000
202603111218,   1.098,9999.000,9999.000,9999.000,9999.000,9999.000,9999.000,9999.000,9999.000
202603111224,   1.071,9999.000,9999.000,9999.000,9999.000,9999.000,9999.000,9999.000,9999.000
202603111230,   1.046,9999.000,9999.000,9999.000,9999.000,9999.000,9999.000,9999.000,9999.000
202603111236,   1.026,9999.000,9999.000,9999.000,9999.000,9999.000,9999.000,9999.000,9999.000
202603111242,   1.009,9999.000,9999.000,9999.000,9999.000,9999.000,9999.000,9999.000,9999.000
202603111248,   0.997,9999.000,9999.000,9999.000,9999.000,9999.000,9999.000,9999.000,9999.000
202603111254,   0.989,9999.000,9999.000,9999.000,9999.000,9999.000,9999.000,9999.000,9999.000
202603111300,   0.985,9999.000,   0.100,   0.160,   1.245,   0.100,   1.245,   0.200,   1.345
202603111306,   0.987,9999.000,9999.000,9999.000,9999.000,9999.000,9999.000,9999.000,9999.000
202603111312,   0.993,9999.000,9999.000,9999.000,9999.000,9999.000,9999.000,9999.000,9999.000
202603111318,   1.004,9999.000,9999.000,9999.000,9999.000,9999.000,9999.000,9999.000,9999.000
202603111324,   1.020,9999.000,9999.000,9999.000,9999.000,9999.000,9999.000,9999.000,9999.000
202603111330,   1.041,9999.000,9999.000,9999.000,9999.000,9999.000,9999.000,9999.000,9999.000
202603111336,   1.067,9999.000,9999.000,9999.000,9999.000,9999.000,9999.000,9999.000,9999.000
202603111342,   1.097,9999.000,9999.000,9999.000,9999.000,9999.000,9999.000,9999.000,9999.000
202603111348,   1.132,9999.000,9999.000,9999.000,9999.000,9999.000,9999.000,9999.000,9999.000
202603111354,   1.170,9999.000,9999.000,9999.000,9999.000,9999.000,9999.000,9999.000,9999.000
202603111400,   1.213,9999.000,   0.100,   0.160,   1.473,   0.100,   1.473,   0.200,   1.573
202603111406,   1.258,9999.000,9999.000,9999.000,9999.000,9999.000,9999.000,9999.000,9999.000
202603111412,   1.307,9999.000,9999.000,9999.000,9999.000,9999.000,9999.000,9999.000,9999.000
202603111418,   1.358,9999.000,9999.000,9999.000,9999.000,9999.000,9999.000,9999.000,9999.000
202603111424,   1.411,9999.000,9999.000,9999.000,9999.000,9999.000,9999.000,9999.000,9999.000
202603111430,   1.466,9999.000,9999.000,9999.000,9999.000,9999.000,9999.000,9999.000,9999.000
202603111436,   1.522,9999.000,9999.000,9999.000,9999.000,9999.000,9999.000,9999.000,9999.000
202603111442,   1.579,9999.000,9999.000,9999.000,9999.000,9999.000,9999.000,9999.000,9999.000
202603111448,   1.636,9999.000,9999.000,9999.000,9999.000,9999.000,9999.000,9999.000,9999.000
202603111454,   1.693,9999.000,9999.000,9999.000,9999.000,9999.000,9999.000,9999.000,9999.000
202603111500,   1.751,9999.000,   0.100,   0.160,   2.011,   0.100,   2.011,   0.200,   2.111
202603111506,   1.807,9999.000,9999.000,9999.000,9999.000,9999.000,9999.000,9999.000,9999.000
202603111512,   1.863,9999.000,9999.000,9999.000,9999.000,9999.000,9999.000,9999.000,9999.000
202603111518,   1.918,9999.000,9999.000,9999.000,9999.000,9999.000,9999.000,9999.000,9999.000
202603111524,   1.971,9999.000,9999.000,9999.000,9999.000,9999.000,9999.000,9999.000,9999.000
202603111530,   2.023,9999.000,9999.000,9999.000,9999.000,9999.000,9999.000,9999.000,9999.000
202603111536,   2.073,9999.000,9999.000,9999.000,9999.000,9999.000,9999.000,9999.000,9999.000
202603111542,   2.122,9999.000,9999.000,9999.000,9999.000,9999.000,9999.000,9999.000,9999.000
202603111548,   2.169,9999.000,9999.000,9999.000,9999.000,9999.000,9999.000,9999.000,9999.000
202603111554,   2.215,9999.000,9999.000,9999.000,9999.000,9999.000,9999.000,9999.000,9999.000
202603111600,   2.260,9999.000,   0.100,   0.160,   2.520,   0.100,   2.520,   0.200,   2.620
202603111606,   2.301,9999.000,9999.000,9999.000,9999.000,9999.000,9999.000,9999.000,9999.000
202603111612,   2.342,9999.000,9999.000,9999.000,9999.000,9999.000,9999.000,9999.000,9999.000
202603111618,   2.381,9999.000,9999.000,9999.000,9999.000,9999.000,9999.000,9999.000,9999.000
202603111624,   2.419,9999.000,9999.000,9999.000,9999.000,9999.000,9999.000,9999.000,9999.000
202603111630,   2.456,9999.000,9999.000,9999.000,9999.000,9999.000,9999.000,9999.000,9999.000
202603111636,   2.492,9999.000,9999.000,9999.000,9999.000,9999.000,9999.000,9999.000,9999.000
202603111642,   2.527,9999.000,9999.000,9999.000,9999.000,9999.000,9999.000,9999.000,9999.000
202603111648,   2.561,9999.000,9999.000,9999.000,9999.000,9999.000,9999.000,9999.000,9999.000
202603111654,   2.594,9999.000,9999.000,9999.000,9999.000,9999.000,9999.000,9999.000,9999.000
202603111700,   2.626,9999.000,   0.100,   0.160,   2.886,   0.100,   2.886,   0.200,   2.986
202603111706,   2.657,9999.000,9999.000,9999.000,9999.000,9999.000,9999.000,9999.000,9999.000
202603111712,   2.687,9999.000,9999.000,9999.000,9999.000,9999.000,9999.000,9999.000,9999.000
202603111718,   2.716,9999.000,9999.000,9999.000,9999.000,9999.000,9999.000,9999.000,9999.000
202603111724,   2.745,9999.000,9999.000,9999.000,9999.000,9999.000,9999.000,9999.000,9999.000
202603111730,   2.772,9999.000,9999.000,9999.000,9999.000,9999.000,9999.000,9999.000,9999.000
202603111736,   2.798,9999.000,9999.000,9999.000,9999.000,9999.000,9999.000,9999.000,9999.000
202603111742,   2.822,9999.000,9999.000,9999.000,9999.000,9999.000,9999.000,9999.000,9999.000
202603111748,   2.845,9999.000,9999.000,9999.000,9999.000,9999.000,9999.000,9999.000,9999.000
202603111754,   2.867,9999.000,9999.000,9999.000,9999.000,9999.000,9999.000,9999.000,9999.000
202603111800,   2.886,9999.000,   0.100,   0.160,   3.146,   0.000,   3.046,   0.200,   3.246
202603111806,   2.904,9999.000,9999.000,9999.000,9999.000,9999.000,9999.000,9999.000,9999.000
202603111812,   2.919,9999.000,9999.000,9999.000,9999.000,9999.000,9999.000,9999.000,9999.000
202603111818,   2.932,9999.000,9999.000,9999.000,9999.000,9999.000,9999.000,9999.000,9999.000
202603111824,   2.942,9999.000,9999.000,9999.000,9999.000,9999.000,9999.000,9999.000,9999.000
202603111830,   2.949,9999.000,9999.000,9999.000,9999.000,9999.000,9999.000,9999.000,9999.000
202603111836,   2.953,9999.000,9999.000,9999.000,9999.000,9999.000,9999.000,9999.000,9999.000
202603111842,   2.954,9999.000,9999.000,9999.000,9999.000,9999.000,9999.000,9999.000,9999.000
202603111848,   2.952,9999.000,9999.000,9999.000,9999.000,9999.000,9999.000,9999.000,9999.000
202603111854,   2.946,9999.000,9999.000,9999.000,9999.000,9999.000,9999.000,9999.000,9999.000
202603111900,   2.936,9999.000,   0.100,   0.160,   3.196,   0.000,   3.096,   0.200,   3.296
202603111906,   2.923,9999.000,9999.000,9999.000,9999.000,9999.000,9999.000,9999.000,9999.000
202603111912,   2.906,9999.000,9999.000,9999.000,9999.000,9999.000,9999.000,9999.000,9999.000
202603111918,   2.886,9999.000,9999.000,9999.000,9999.000,9999.000,9999.000,9999.000,9999.000
202603111924,   2.861,9999.000,9999.000,9999.000,9999.000,9999.000,9999.000,9999.000,9999.000
202603111930,   2.833,9999.000,9999.000,9999.000,9999.000,9999.000,9999.000,9999.000,9999.000
202603111936,   2.802,9999.000,9999.000,9999.000,9999.000,9999.000,9999.000,9999.000,9999.000
202603111942,   2.766,9999.000,9999.000,9999.000,9999.000,9999.000,9999.000,9999.000,9999.000
202603111948,   2.727,9999.000,9999.000,9999.000,9999.000,9999.000,9999.000,9999.000,9999.000
202603111954,   2.685,9999.000,9999.000,9999.000,9999.000,9999.000,9999.000,9999.000,9999.000
202603112000,   2.640,9999.000,   0.100,   0.160,   2.900,   0.000,   2.800,   0.200,   3.000
202603112006,   2.592,9999.000,9999.000,9999.000,9999.000,9999.000,9999.000,9999.000,9999.000
202603112012,   2.542,9999.000,9999.000,9999.000,9999.000,9999.000,9999.000,9999.000,9999.000
202603112018,   2.489,9999.000,9999.000,9999.000,9999.000,9999.000,9999.000,9999.000,9999.000
202603112024,   2.434,9999.000,9999.000,9999.000,9999.000,9999.000,9999.000,9999.000,9999.000
202603112030,   2.377,9999.000,9999.000,9999.000,9999.000,9999.000,9999.000,9999.000,9999.000
202603112036,   2.319,9999.000,9999.000,9999.000,9999.000,9999.000,9999.000,9999.000,9999.000
202603112042,   2.260,9999.000,9999.000,9999.000,9999.000,9999.000,9999.000,9999.000,9999.000
202603112048,   2.200,9999.000,9999.000,9999.000,9999.000,9999.000,9999.000,9999.000,9999.000
202603112054,   2.139,9999.000,9999.000,9999.000,9999.000,9999.000,9999.000,9999.000,9999.000
202603112100,   2.079,9999.000,   0.100,   0.160,   2.339,   0.000,   2.239,   0.200,   2.439
202603112106,   2.018,9999.000,9999.000,9999.000,9999.000,9999.000,9999.000,9999.000,9999.000
202603112112,   1.958,9999.000,9999.000,9999.000,9999.000,9999.000,9999.000,9999.000,9999.000
202603112118,   1.899,9999.000,9999.000,9999.000,9999.000,9999.000,9999.000,9999.000,9999.000
202603112124,   1.841,9999.000,9999.000,9999.000,9999.000,9999.000,9999.000,9999.000,9999.000
202603112130,   1.784,9999.000,9999.000,9999.000,9999.000,9999.000,9999.000,9999.000,9999.000
202603112136,   1.728,9999.000,9999.000,9999.000,9999.000,9999.000,9999.000,9999.000,9999.000
202603112142,   1.674,9999.000,9999.000,9999.000,9999.000,9999.000,9999.000,9999.000,9999.000
202603112148,   1.622,9999.000,9999.000,9999.000,9999.000,9999.000,9999.000,9999.000,9999.000
202603112154,   1.572,9999.000,9999.000,9999.000,9999.000,9999.000,9999.000,9999.000,9999.000
202603112200,   1.525,9999.000,   0.100,   0.160,   1.785,   0.000,   1.685,   0.200,   1.885
202603112206,   1.479,9999.000,9999.000,9999.000,9999.000,9999.000,9999.000,9999.000,9999.000
202603112212,   1.435,9999.000,9999.000,9999.000,9999.000,9999.000,9999.000,9999.000,9999.000
202603112218,   1.393,9999.000,9999.000,9999.000,9999.000,9999.000,9999.000,9999.000,9999.000
202603112224,   1.354,9999.000,9999.000,9999.000,9999.000,9999.000,9999.000,9999.000,9999.000
202603112230,   1.316,9999.000,9999.000,9999.000,9999.000,9999.000,9999.000,9999.000,9999.000
202603112236,   1.281,9999.000,9999.000,9999.000,9999.000,9999.000,9999.000,9999.000,9999.000
202603112242,   1.247,9999.000,9999.000,9999.000,9999.000,9999.000,9999.000,9999.000,9999.000
202603112248,   1.215,9999.000,9999.000,9999.000,9999.000,9999.000,9999.000,9999.000,9999.000
202603112254,   1.184,9999.000,9999.000,9999.000,9999.000,9999.000,9999.000,9999.000,9999.000
202603112300,   1.155,9999.000,   0.100,   0.160,   1.415,   0.000,   1.315,   0.200,   1.515
202603112306,   1.127,9999.000,9999.000,9999.000,9999.000,9999.000,9999.000,9999.000,9999.000
202603112312,   1.100,9999.000,9999.000,9999.000,9999.000,9999.000,9999.000,9999.000,9999.000
202603112318,   1.075,9999.000,9999.000,9999.000,9999.000,9999.000,9999.000,9999.000,9999.000
202603112324,   1.050,9999.000,9999.000,9999.000,9999.000,9999.000,9999.000,9999.000,9999.000
202603112330,   1.026,9999.000,9999.000,9999.000,9999.000,9999.000,9999.000,9999.000,9999.000
202603112336,   1.004,9999.000,9999.000,9999.000,9999.000,9999.000,9999.000,9999.000,9999.000
202603112342,   0.982,9999.000,9999.000,9999.000,9999.000,9999.000,9999.000,9999.000,9999.000
202603112348,   0.961,9999.000,9999.000,9999.000,9999.000,9999.000,9999.000,9999.000,9999.000
202603112354,   0.941,9999.000,9999.000,9999.000,9999.000,9999.000,9999.000,9999.000,9999.000
202603120000,   0.922,9999.000,   0.100,   0.160,   1.182,   0.000,   1.082,   0.200,   1.282
202603120006,   0.904,9999.000,9999.000,9999.000,9999.000,9999.000,9999.000,9999.000,9999.000
202603120012,   0.888,9999.000,9999.000,9999.000,9999.000,9999.000,9999.000,9999.000,9999.000
202603120018,   0.873,9999.000,9999.000,9999.000,9999.000,9999.000,9999.000,9999.000,9999.000
202603120024,   0.860,9999.000,9999.000,9999.000,9999.000,9999.000,9999.000,9999.000,9999.000
202603120030,   0.850,9999.000,9999.000,9999.000,9999.000,9999.000,9999.000,9999.000,9999.000
202603120036,   0.842,9999.000,9999.000,9999.000,9999.000,9999.000,9999.000,9999.000,9999.000
202603120042,   0.836,9999.000,9999.000,9999.000,9999.000,9999.000,9999.000,9999.000,9999.000
202603120048,   0.834,9999.000,9999.000,9999.000,9999.000,9999.000,9999.000,9999.000,9999.000
202603120054,   0.834,9999.000,9999.000,9999.000,9999.000,9999.000,9999.000,9999.000,9999.000
202603120100,   0.839,9999.000,   0.100,   0.160,   1.099,   0.000,   0.999,   0.200,   1.199
202603120106,   0.847,9999.000,9999.000,9999.000,9999.000,9999.000,9999.000,9999.000,9999.000
202603120112,   0.859,9999.000,9999.000,9999.000,9999.000,9999.000,9999.000,9999.000,9999.000
202603120118,   0.875,9999.000,9999.000,9999.000,9999.000,9999.000,9999.000,9999.000,9999.000
202603120124,   0.895,9999.000,9999.000,9999.000,9999.000,9999.000,9999.000,9999.000,9999.000
202603120130,   0.919,9999.000,9999.000,9999.000,9999.000,9999.000,9999.000,9999.000,9999.000
202603120136,   0.949,9999.000,9999.000,9999.000,9999.000,9999.000,9999.000,9999.000,9999.000
202603120142,   0.982,9999.000,9999.000,9999.000,9999.000,9999.000,9999.000,9999.000,9999.000
202603120148,   1.020,9999.000,9999.000,9999.000,9999.000,9999.000,9999.000,9999.000,9999.000
202603120154,   1.062,9999.000,9999.000,9999.000,9999.000,9999.000,9999.000,9999.000,9999.000
202603120200,   1.108,9999.000,   0.100,   0.160,   1.368,   0.000,   1.268,   0.200,   1.468
202603120206,   1.158,9999.000,9999.000,9999.000,9999.000,9999.000,9999.000,9999.000,9999.000
202603120212,   1.212,9999.000,9999.000,9999.000,9999.000,9999.000,9999.000,9999.000,9999.000
202603120218,   1.269,9999.000,9999.000,9999.000,9999.000,9999.000,9999.000,9999.000,9999.000
202603120224,   1.329,9999.000,9999.000,9999.000,9999.000,9999.000,9999.000,9999.000,9999.000
202603120230,   1.391,9999.000,9999.000,9999.000,9999.000,9999.000,9999.000,9999.000,9999.000
202603120236,   1.456,9999.000,9999.000,9999.000,9999.000,9999.000,9999.000,9999.000,9999.000
202603120242,   1.522,9999.000,9999.000,9999.000,9999.000,9999.000,9999.000,9999.000,9999.000
202603120248,   1.590,9999.000,9999.000,9999.000,9999.000,9999.000,9999.000,9999.000,9999.000
202603120254,   1.659,9999.000,9999.000,9999.000,9999.000,9999.000,9999.000,9999.000,9999.000
202603120300,   1.728,9999.000,   0.100,   0.160,   1.988,   0.000,   1.888,   0.200,   2.088
202603120306,   1.798,9999.000,9999.000,9999.000,9999.000,9999.000,9999.000,9999.000,9999.000
202603120312,   1.867,9999.000,9999.000,9999.000,9999.000,9999.000,9999.000,9999.000,9999.000
202603120318,   1.936,9999.000,9999.000,9999.000,9999.000,9999.000,9999.000,9999.000,9999.000
202603120324,   2.004,9999.000,9999.000,9999.000,9999.000,9999.000,9999.000,9999.000,9999.000
202603120330,   2.070,9999.000,9999.000,9999.000,9999.000,9999.000,9999.000,9999.000,9999.000
202603120336,   2.136,9999.000,9999.000,9999.000,9999.000,9999.000,9999.000,9999.000,9999.000
202603120342,   2.199,9999.000,9999.000,9999.000,9999.000,9999.000,9999.000,9999.000,9999.000
202603120348,   2.261,9999.000,9999.000,9999.000,9999.000,9999.000,9999.000,9999.000,9999.000
202603120354,   2.321,9999.000,9999.000,9999.000,9999.000,9999.000,9999.000,9999.000,9999.000
202603120400,   2.379,9999.000,   0.100,   0.160,   2.639,   0.000,   2.539,   0.200,   2.739
202603120406,   2.435,9999.000,9999.000,9999.000,9999.000,9999.000,9999.000,9999.000,9999.000
202603120412,   2.490,9999.000,9999.000,9999.000,9999.000,9999.000,9999.000,9999.000,9999.000
202603120418,   2.542,9999.000,9999.000,9999.000,9999.000,9999.000,9999.000,9999.000,9999.000
202603120424,   2.592,9999.000,9999.000,9999.000,9999.000,9999.000,9999.000,9999.000,9999.000
202603120430,   2.641,9999.000,9999.000,9999.000,9999.000,9999.000,9999.000,9999.000,9999.000
202603120436,   2.688,9999.000,9999.000,9999.000,9999.000,9999.000,9999.000,9999.000,9999.000
202603120442,   2.733,9999.000,9999.000,9999.000,9999.000,9999.000,9999.000,9999.000,9999.000
202603120448,   2.777,9999.000,9999.000,9999.000,9999.000,9999.000,9999.000,9999.000,9999.000
202603120454,   2.820,9999.000,9999.000,9999.000,9999.000,9999.000,9999.000,9999.000,9999.000
202603120500,   2.862,9999.000,   0.000,   0.160,   3.022,   0.000,   3.022,   0.200,   3.222
202603120506,   2.903,9999.000,9999.000,9999.000,9999.000,9999.000,9999.000,9999.000,9999.000
202603120512,   2.943,9999.000,9999.000,9999.000,9999.000,9999.000,9999.000,9999.000,9999.000
202603120518,   2.982,9999.000,9999.000,9999.000,9999.000,9999.000,9999.000,9999.000,9999.000
202603120524,   3.020,9999.000,9999.000,9999.000,9999.000,9999.000,9999.000,9999.000,9999.000
202603120530,   3.058,9999.000,9999.000,9999.000,9999.000,9999.000,9999.000,9999.000,9999.000
202603120536,   3.095,9999.000,9999.000,9999.000,9999.000,9999.000,9999.000,9999.000,9999.000
202603120542,   3.131,9999.000,9999.000,9999.000,9999.000,9999.000,9999.000,9999.000,9999.000
202603120548,   3.167,9999.000,9999.000,9999.000,9999.000,9999.000,9999.000,9999.000,9999.000
202603120554,   3.202,9999.000,9999.000,9999.000,9999.000,9999.000,9999.000,9999.000,9999.000
202603120600,   3.236,9999.000,   0.000,   0.160,   3.396,  -0.100,   3.296,   0.100,   3.496
202603120606,   3.269,9999.000,9999.000,9999.000,9999.000,9999.000,9999.000,9999.000,9999.000
202603120612,   3.301,9999.000,9999.000,9999.000,9999.000,9999.000,9999.000,9999.000,9999.000
202603120618,   3.331,9999.000,9999.000,9999.000,9999.000,9999.000,9999.000,9999.000,9999.000
202603120624,   3.361,9999.000,9999.000,9999.000,9999.000,9999.000,9999.000,9999.000,9999.000
202603120630,   3.388,9999.000,9999.000,9999.000,9999.000,9999.000,9999.000,9999.000,9999.000
202603120636,   3.414,9999.000,9999.000,9999.000,9999.000,9999.000,9999.000,9999.000,9999.000
202603120642,   3.438,9999.000,9999.000,9999.000,9999.000,9999.000,9999.000,9999.000,9999.000
202603120648,   3.460,9999.000,9999.000,9999.000,9999.000,9999.000,9999.000,9999.000,9999.000
202603120654,   3.480,9999.000,9999.000,9999.000,9999.000,9999.000,9999.000,9999.000,9999.000
202603120700,   3.496,9999.000,   0.000,   0.160,   3.656,  -0.100,   3.556,   0.100,   3.756
202603120706,   3.511,9999.000,9999.000,9999.000,9999.000,9999.000,9999.000,9999.000,9999.000
202603120712,   3.522,9999.000,9999.000,9999.000,9999.000,9999.000,9999.000,9999.000,9999.000
202603120718,   3.530,9999.000,9999.000,9999.000,9999.000,9999.000,9999.000,9999.000,9999.000
202603120724,   3.535,9999.000,9999.000,9999.000,9999.000,9999.000,9999.000,9999.000,9999.000
202603120730,   3.537,9999.000,9999.000,9999.000,9999.000,9999.000,9999.000,9999.000,9999.000
202603120736,   3.535,9999.000,9999.000,9999.000,9999.000,9999.000,9999.000,9999.000,9999.000
202603120742,   3.530,9999.000,9999.000,9999.000,9999.000,9999.000,9999.000,9999.000,9999.000
202603120748,   3.522,9999.000,9999.000,9999.000,9999.000,9999.000,9999.000,9999.000,9999.000
202603120754,   3.510,9999.000,9999.000,9999.000,9999.000,9999.000,9999.000,9999.000,9999.000
202603120800,   3.494,9999.000,   0.000,   0.160,   3.654,  -0.100,   3.554,   0.100,   3.754
202603120806,   3.475,9999.000,9999.000,9999.000,9999.000,9999.000,9999.000,9999.000,9999.000
202603120812,   3.452,9999.000,9999.000,9999.000,9999.000,9999.000,9999.000,9999.000,9999.000
202603120818,   3.427,9999.000,9999.000,9999.000,9999.000,9999.000,9999.000,9999.000,9999.000
202603120824,   3.398,9999.000,9999.000,9999.000,9999.000,9999.000,9999.000,9999.000,9999.000
202603120830,   3.365,9999.000,9999.000,9999.000,9999.000,9999.000,9999.000,9999.000,9999.000
202603120836,   3.330,9999.000,9999.000,9999.000,9999.000,9999.000,9999.000,9999.000,9999.000
202603120842,   3.292,9999.000,9999.000,9999.000,9999.000,9999.000,9999.000,9999.000,9999.000
202603120848,   3.252,9999.000,9999.000,9999.000,9999.000,9999.000,9999.000,9999.000,9999.000
202603120854,   3.209,9999.000,9999.000,9999.000,9999.000,9999.000,9999.000,9999.000,9999.000
202603120900,   3.164,9999.000,  -0.100,   0.160,   3.224,  -0.200,   3.124,   0.100,   3.424
202603120906,   3.117,9999.000,9999.000,9999.000,9999.000,9999.000,9999.000,9999.000,9999.000
202603120912,   3.068,9999.000,9999.000,9999.000,9999.000,9999.000,9999.000,9999.000,9999.000
202603120918,   3.018,9999.000,9999.000,9999.000,9999.000,9999.000,9999.000,9999.000,9999.000
202603120924,   2.967,9999.000,9999.000,9999.000,9999.000,9999.000,9999.000,9999.000,9999.000
202603120930,   2.915,9999.000,9999.000,9999.000,9999.000,9999.000,9999.000,9999.000,9999.000
202603120936,   2.862,9999.000,9999.000,9999.000,9999.000,9999.000,9999.000,9999.000,9999.000
202603120942,   2.808,9999.000,9999.000,9999.000,9999.000,9999.000,9999.000,9999.000,9999.000
202603120948,   2.754,9999.000,9999.000,9999.000,9999.000,9999.000,9999.000,9999.000,9999.000
202603120954,   2.701,9999.000,9999.000,9999.000,9999.000,9999.000,9999.000,9999.000,9999.000
202603121000,   2.647,9999.000,  -0.100,   0.160,   2.707,  -0.200,   2.607,   0.000,   2.807
202603121006,   2.593,9999.000,9999.000,9999.000,9999.000,9999.000,9999.000,9999.000,9999.000
202603121012,   2.540,9999.000,9999.000,9999.000,9999.000,9999.000,9999.000,9999.000,9999.000
202603121018,   2.488,9999.000,9999.000,9999.000,9999.000,9999.000,9999.000,9999.000,9999.000
202603121024,   2.436,9999.000,9999.000,9999.000,9999.000,9999.000,9999.000,9999.000,9999.000
202603121030,   2.384,9999.000,9999.000,9999.000,9999.000,9999.000,9999.000,9999.000,9999.000
202603121036,   2.333,9999.000,9999.000,9999.000,9999.000,9999.000,9999.000,9999.000,9999.000
202603121042,   2.283,9999.000,9999.000,9999.000,9999.000,9999.000,9999.000,9999.000,9999.000
202603121048,   2.234,9999.000,9999.000,9999.000,9999.000,9999.000,9999.000,9999.000,9999.000
202603121054,   2.185,9999.000,9999.000,9999.000,9999.000,9999.000,9999.000,9999.000,9999.000
202603121100,   2.136,9999.000,  -0.100,   0.160,   2.196,  -0.200,   2.096,   0.000,   2.296
202603121106,   2.088,9999.000,9999.000,9999.000,9999.000,9999.000,9999.000,9999.000,9999.000
202603121112,   2.041,9999.000,9999.000,9999.000,9999.000,9999.000,9999.000,9999.000,9999.000
202603121118,   1.993,9999.000,9999.000,9999.000,9999.000,9999.000,9999.000,9999.000,9999.000
202603121124,   1.946,9999.000,9999.000,9999.000,9999.000,9999.000,9999.000,9999.000,9999.000
202603121130,   1.899,9999.000,9999.000,9999.000,9999.000,9999.000,9999.000,9999.000,9999.000
202603121136,   1.852,9999.000,9999.000,9999.000,9999.000,9999.000,9999.000,9999.000,9999.000
202603121142,   1.806,9999.000,9999.000,9999.000,9999.000,9999.000,9999.000,9999.000,9999.000
202603121148,   1.759,9999.000,9999.000,9999.000,9999.000,9999.000,9999.000,9999.000,9999.000
202603121154,   1.712,9999.000,9999.000,9999.000,9999.000,9999.000,9999.000,9999.000,9999.000
202603121200,   1.666,9999.000,  -0.100,   0.160,   1.726,  -0.300,   1.526,   0.000,   1.826
202603121206,   1.619,9999.000,9999.000,9999.000,9999.000,9999.000,9999.000,9999.000,9999.000
202603121212,   1.573,9999.000,9999.000,9999.000,9999.000,9999.000,9999.000,9999.000,9999.000
202603121218,   1.527,9999.000,9999.000,9999.000,9999.000,9999.000,9999.000,9999.000,9999.000
202603121224,   1.482,9999.000,9999.000,9999.000,9999.000,9999.000,9999.000,9999.000,9999.000
202603121230,   1.437,9999.000,9999.000,9999.000,9999.000,9999.000,9999.000,9999.000,9999.000
202603121236,   1.393,9999.000,9999.000,9999.000,9999.000,9999.000,9999.000,9999.000,9999.000
202603121242,   1.351,9999.000,9999.000,9999.000,9999.000,9999.000,9999.000,9999.000,9999.000
202603121248,   1.310,9999.000,9999.000,9999.000,9999.000,9999.000,9999.000,9999.000,9999.000
202603121254,   1.271,9999.000,9999.000,9999.000,9999.000,9999.000,9999.000,9999.000,9999.000
202603121300,   1.234,9999.000,  -0.200,   0.160,   1.194,  -0.300,   1.094,   0.000,   1.394
202603121306,   1.200,9999.000,9999.000,9999.000,9999.000,9999.000,9999.000,9999.000,9999.000
202603121312,   1.169,9999.000,9999.000,9999.000,9999.000,9999.000,9999.000,9999.000,9999.000
202603121318,   1.140,9999.000,9999.000,9999.000,9999.000,9999.000,9999.000,9999.000,9999.000
202603121324,   1.115,9999.000,9999.000,9999.000,9999.000,9999.000,9999.000,9999.000,9999.000
202603121330,   1.094,9999.000,9999.000,9999.000,9999.000,9999.000,9999.000,9999.000,9999.000
202603121336,   1.077,9999.000,9999.000,9999.000,9999.000,9999.000,9999.000,9999.000,9999.000
202603121342,   1.064,9999.000,9999.000,9999.000,9999.000,9999.000,9999.000,9999.000,9999.000
202603121348,   1.056,9999.000,9999.000,9999.000,9999.000,9999.000,9999.000,9999.000,9999.000
202603121354,   1.052,9999.000,9999.000,9999.000,9999.000,9999.000,9999.000,9999.000,9999.000
202603121400,   1.053,9999.000,  -0.200,   0.160,   1.013,  -0.300,   0.913,   0.000,   1.213
202603121406,   1.059,9999.000,9999.000,9999.000,9999.000,9999.000,9999.000,9999.000,9999.000
202603121412,   1.070,9999.000,9999.000,9999.000,9999.000,9999.000,9999.000,9999.000,9999.000
202603121418,   1.085,9999.000,9999.000,9999.000,9999.000,9999.000,9999.000,9999.000,9999.000
202603121424,   1.105,9999.000,9999.000,9999.000,9999.000,9999.000,9999.000,9999.000,9999.000
202603121430,   1.129,9999.000,9999.000,9999.000,9999.000,9999.000,9999.000,9999.000,9999.000
202603121436,   1.158,9999.000,9999.000,9999.000,9999.000,9999.000,9999.000,9999.000,9999.000
202603121442,   1.190,9999.000,9999.000,9999.000,9999.000,9999.000,9999.000,9999.000,9999.000
202603121448,   1.226,9999.000,9999.000,9999.000,9999.000,9999.000,9999.000,9999.000,9999.000
202603121454,   1.266,9999.000,9999.000,9999.000,9999.000,9999.000,9999.000,9999.000,9999.000
202603121500,   1.308,9999.000,  -0.200,   0.160,   1.268,  -0.300,   1.168,   0.000,   1.468
202603121506,   1.353,9999.000,9999.000,9999.000,9999.000,9999.000,9999.000,9999.000,9999.000
202603121512,   1.401,9999.000,9999.000,9999.000,9999.000,9999.000,9999.000,9999.000,9999.000
202603121518,   1.450,9999.000,9999.000,9999.000,9999.000,9999.000,9999.000,9999.000,9999.000
202603121524,   1.500,9999.000,9999.000,9999.000,9999.000,9999.000,9999.000,9999.000,9999.000
202603121530,   1.552,9999.000,9999.000,9999.000,9999.000,9999.000,9999.000,9999.000,9999.000
202603121536,   1.604,9999.000,9999.000,9999.000,9999.000,9999.000,9999.000,9999.000,9999.000
202603121542,   1.656,9999.000,9999.000,9999.000,9999.000,9999.000,9999.000,9999.000,9999.000
202603121548,   1.709,9999.000,9999.000,9999.000,9999.000,9999.000,9999.000,9999.000,9999.000
202603121554,   1.761,9999.000,9999.000,9999.000,9999.000,9999.000,9999.000,9999.000,9999.000
202603121600,   1.812,9999.000,  -0.200,   0.160,   1.772,  -0.400,   1.572,   0.000,   1.972
202603121606,   1.863,9999.000,9999.000,9999.000,9999.000,9999.000,9999.000,9999.000,9999.000
202603121612,   1.912,9999.000,9999.000,9999.000,9999.000,9999.000,9999.000,9999.000,9999.000
202603121618,   1.961,9999.000,9999.000,9999.000,9999.000,9999.000,9999.000,9999.000,9999.000
202603121624,   2.008,9999.000,9999.000,9999.000,9999.000,9999.000,9999.000,9999.000,9999.000
202603121630,   2.054,9999.000,9999.000,9999.000,9999.000,9999.000,9999.000,9999.000,9999.000
202603121636,   2.099,9999.000,9999.000,9999.000,9999.000,9999.000,9999.000,9999.000,9999.000
202603121642,   2.142,9999.000,9999.000,9999.000,9999.000,9999.000,9999.000,9999.000,9999.000
202603121648,   2.184,9999.000,9999.000,9999.000,9999.000,9999.000,9999.000,9999.000,9999.000
202603121654,   2.224,9999.000,9999.000,9999.000,9999.000,9999.000,9999.000,9999.000,9999.000
202603121700,   2.263,9999.000,  -0.200,   0.160,   2.223,  -0.400,   2.023,   0.000,   2.423
202603121706,   2.301,9999.000,9999.000,9999.000,9999.000,9999.000,9999.000,9999.000,9999.000
202603121712,   2.338,9999.000,9999.000,9999.000,9999.000,9999.000,9999.000,9999.000,9999.000
202603121718,   2.374,9999.000,9999.000,9999.000,9999.000,9999.000,9999.000,9999.000,9999.000
202603121724,   2.410,9999.000,9999.000,9999.000,9999.000,9999.000,9999.000,9999.000,9999.000
202603121730,   2.444,9999.000,9999.000,9999.000,9999.000,9999.000,9999.000,9999.000,9999.000
202603121736,   2.477,9999.000,9999.000,9999.000,9999.000,9999.000,9999.000,9999.000,9999.000
202603121742,   2.510,9999.000,9999.000,9999.000,9999.000,9999.000,9999.000,9999.000,9999.000
202603121748,   2.542,9999.000,9999.000,9999.000,9999.000,9999.000,9999.000,9999.000,9999.000
202603121754,   2.573,9999.000,9999.000,9999.000,9999.000,9999.000,9999.000,9999.000,9999.000
202603121800,   2.604,9999.000,  -0.200,   0.160,   2.564,  -0.400,   2.364,   0.000,   2.764
202603121806,   2.634,9999.000,9999.000,9999.000,9999.000,9999.000,9999.000,9999.000,9999.000
202603121812,   2.663,9999.000,9999.000,9999.000,9999.000,9999.000,9999.000,9999.000,9999.000
202603121818,   2.691,9999.000,9999.000,9999.000,9999.000,9999.000,9999.000,9999.000,9999.000
202603121824,   2.718,9999.000,9999.000,9999.000,9999.000,9999.000,9999.000,9999.000,9999.000
202603121830,   2.745,9999.000,9999.000,9999.000,9999.000,9999.000,9999.000,9999.000,9999.000
202603121836,   2.770,9999.000,9999.000,9999.000,9999.000,9999.000,9999.000,9999.000,9999.000
202603121842,   2.793,9999.000,9999.000,9999.000,9999.000,9999.000,9999.000,9999.000,9999.000
202603121848,   2.815,9999.000,9999.000,9999.000,9999.000,9999.000,9999.000,9999.000,9999.000
202603121854,   2.836,9999.000,9999.000,9999.000,9999.000,9999.000,9999.000,9999.000,9999.000
202603121900,   2.854,9999.000,  -0.300,   0.160,   2.714,  -0.400,   2.614,  -0.100,   2.914
202603121906,   2.871,9999.000,9999.000,9999.000,9999.000,9999.000,9999.000,9999.000,9999.000
202603121912,   2.885,9999.000,9999.000,9999.000,9999.000,9999.000,9999.000,9999.000,9999.000
202603121918,   2.897,9999.000,9999.000,9999.000,9999.000,9999.000,9999.000,9999.000,9999.000
202603121924,   2.906,9999.000,9999.000,9999.000,9999.000,9999.000,9999.000,9999.000,9999.000
202603121930,   2.913,9999.000,9999.000,9999.000,9999.000,9999.000,9999.000,9999.000,9999.000
202603121936,   2.916,9999.000,9999.000,9999.000,9999.000,9999.000,9999.000,9999.000,9999.000
202603121942,   2.917,9999.000,9999.000,9999.000,9999.000,9999.000,9999.000,9999.000,9999.000
202603121948,   2.914,9999.000,9999.000,9999.000,9999.000,9999.000,9999.000,9999.000,9999.000
202603121954,   2.909,9999.000,9999.000,9999.000,9999.000,9999.000,9999.000,9999.000,9999.000
202603122000,   2.900,9999.000,  -0.300,   0.160,   2.760,  -0.400,   2.660,  -0.100,   2.960
202603122006,   2.887,9999.000,9999.000,9999.000,9999.000,9999.000,9999.000,9999.000,9999.000
202603122012,   2.872,9999.000,9999.000,9999.000,9999.000,9999.000,9999.000,9999.000,9999.000
202603122018,   2.853,9999.000,9999.000,9999.000,9999.000,9999.000,9999.000,9999.000,9999.000
202603122024,   2.830,9999.000,9999.000,9999.000,9999.000,9999.000,9999.000,9999.000,9999.000
202603122030,   2.804,9999.000,9999.000,9999.000,9999.000,9999.000,9999.000,9999.000,9999.000
202603122036,   2.775,9999.000,9999.000,9999.000,9999.000,9999.000,9999.000,9999.000,9999.000
202603122042,   2.743,9999.000,9999.000,9999.000,9999.000,9999.000,9999.000,9999.000,9999.000
202603122048,   2.708,9999.000,9999.000,9999.000,9999.000,9999.000,9999.000,9999.000,9999.000
202603122054,   2.670,9999.000,9999.000,9999.000,9999.000,9999.000,9999.000,9999.000,9999.000
202603122100,   2.629,9999.000,  -0.200,   0.160,   2.589,  -0.400,   2.389,  -0.100,   2.689
202603122106,   2.586,9999.000,9999.000,9999.000,9999.000,9999.000,9999.000,9999.000,9999.000
202603122112,   2.540,9999.000,9999.000,9999.000,9999.000,9999.000,9999.000,9999.000,9999.000
202603122118,   2.492,9999.000,9999.000,9999.000,9999.000,9999.000,9999.000,9999.000,9999.000
202603122124,   2.442,9999.000,9999.000,9999.000,9999.000,9999.000,9999.000,9999.000,9999.000
202603122130,   2.391,9999.000,9999.000,9999.000,9999.000,9999.000,9999.000,9999.000,9999.000
202603122136,   2.338,9999.000,9999.000,9999.000,9999.000,9999.000,9999.000,9999.000,9999.000
202603122142,   2.285,9999.000,9999.000,9999.000,9999.000,9999.000,9999.000,9999.000,9999.000
202603122148,   2.230,9999.000,9999.000,9999.000,9999.000,9999.000,9999.000,9999.000,9999.000
202603122154,   2.175,9999.000,9999.000,9999.000,9999.000,9999.000,9999.000,9999.000,9999.000
202603122200,   2.119,9999.000,  -0.200,   0.160,   2.079,  -0.400,   1.879,  -0.100,   2.179
202603122206,   2.064,9999.000,9999.000,9999.000,9999.000,9999.000,9999.000,9999.000,9999.000
202603122212,   2.008,9999.000,9999.000,9999.000,9999.000,9999.000,9999.000,9999.000,9999.000
202603122218,   1.954,9999.000,9999.000,9999.000,9999.000,9999.000,9999.000,9999.000,9999.000
202603122224,   1.899,9999.000,9999.000,9999.000,9999.000,9999.000,9999.000,9999.000,9999.000
202603122230,   1.846,9999.000,9999.000,9999.000,9999.000,9999.000,9999.000,9999.000,9999.000
202603122236,   1.794,9999.000,9999.000,9999.000,9999.000,9999.000,9999.000,9999.000,9999.000
202603122242,   1.742,9999.000,9999.000,9999.000,9999.000,9999.000,9999.000,9999.000,9999.000
202603122248,   1.693,9999.000,9999.000,9999.000,9999.000,9999.000,9999.000,9999.000,9999.000
202603122254,   1.644,9999.000,9999.000,9999.000,9999.000,9999.000,9999.000,9999.000,9999.000
202603122300,   1.597,9999.000,  -0.200,   0.160,   1.557,  -0.300,   1.457,  -0.100,   1.657
202603122306,   1.551,9999.000,9999.000,9999.000,9999.000,9999.000,9999.000,9999.000,9999.000
202603122312,   1.507,9999.000,9999.000,9999.000,9999.000,9999.000,9999.000,9999.000,9999.000
202603122318,   1.465,9999.000,9999.000,9999.000,9999.000,9999.000,9999.000,9999.000,9999.000
202603122324,   1.423,9999.000,9999.000,9999.000,9999.000,9999.000,9999.000,9999.000,9999.000
202603122330,   1.384,9999.000,9999.000,9999.000,9999.000,9999.000,9999.000,9999.000,9999.000
202603122336,   1.345,9999.000,9999.000,9999.000,9999.000,9999.000,9999.000,9999.000,9999.000
202603122342,   1.308,9999.000,9999.000,9999.000,9999.000,9999.000,9999.000,9999.000,9999.000
202603122348,   1.272,9999.000,9999.000,9999.000,9999.000,9999.000,9999.000,9999.000,9999.000
202603122354,   1.237,9999.000,9999.000,9999.000,9999.000,9999.000,9999.000,9999.000,9999.000
202603130000,   1.204,9999.000,  -0.200,   0.160,   1.164,  -0.300,   1.064,   0.000,   1.364
202603130006,   1.171,9999.000,9999.000,9999.000,9999.000,9999.000,9999.000,9999.000,9999.000
202603130012,   1.139,9999.000,9999.000,9999.000,9999.000,9999.000,9999.000,9999.000,9999.000
202603130018,   1.108,9999.000,9999.000,9999.000,9999.000,9999.000,9999.000,9999.000,9999.000
202603130024,   1.078,9999.000,9999.000,9999.000,9999.000,9999.000,9999.000,9999.000,9999.000
202603130030,   1.049,9999.000,9999.000,9999.000,9999.000,9999.000,9999.000,9999.000,9999.000
202603130036,   1.021,9999.000,9999.000,9999.000,9999.000,9999.000,9999.000,9999.000,9999.000
202603130042,   0.994,9999.000,9999.000,9999.000,9999.000,9999.000,9999.000,9999.000,9999.000
202603130048,   0.968,9999.000,9999.000,9999.000,9999.000,9999.000,9999.000,9999.000,9999.000
202603130054,   0.944,9999.000,9999.000,9999.000,9999.000,9999.000,9999.000,9999.000,9999.000
202603130100,   0.921,9999.000,  -0.200,   0.160,   0.881,  -0.300,   0.781,   0.000,   1.081
202603130106,   0.899,9999.000,9999.000,9999.000,9999.000,9999.000,9999.000,9999.000,9999.000
202603130112,   0.880,9999.000,9999.000,9999.000,9999.000,9999.000,9999.000,9999.000,9999.000
202603130118,   0.863,9999.000,9999.000,9999.000,9999.000,9999.000,9999.000,9999.000,9999.000
202603130124,   0.848,9999.000,9999.000,9999.000,9999.000,9999.000,9999.000,9999.000,9999.000
202603130130,   0.835,9999.000,9999.000,9999.000,9999.000,9999.000,9999.000,9999.000,9999.000
202603130136,   0.826,9999.000,9999.000,9999.000,9999.000,9999.000,9999.000,9999.000,9999.000
202603130142,   0.819,9999.000,9999.000,9999.000,9999.000,9999.000,9999.000,9999.000,9999.000
202603130148,   0.816,9999.000,9999.000,9999.000,9999.000,9999.000,9999.000,9999.000,9999.000
202603130154,   0.817,9999.000,9999.000,9999.000,9999.000,9999.000,9999.000,9999.000,9999.000
202603130200,   0.822,9999.000,  -0.200,   0.160,   0.782,  -0.300,   0.682,   0.000,   0.982
202603130206,   0.830,9999.000,9999.000,9999.000,9999.000,9999.000,9999.000,9999.000,9999.000
202603130212,   0.843,9999.000,9999.000,9999.000,9999.000,9999.000,9999.000,9999.000,9999.000
202603130218,   0.860,9999.000,9999.000,9999.000,9999.000,9999.000,9999.000,9999.000,9999.000
202603130224,   0.882,9999.000,9999.000,9999.000,9999.000,9999.000,9999.000,9999.000,9999.000
202603130230,   0.908,9999.000,9999.000,9999.000,9999.000,9999.000,9999.000,9999.000,9999.000
202603130236,   0.938,9999.000,9999.000,9999.000,9999.000,9999.000,9999.000,9999.000,9999.000
202603130242,   0.972,9999.000,9999.000,9999.000,9999.000,9999.000,9999.000,9999.000,9999.000
202603130248,   1.011,9999.000,9999.000,9999.000,9999.000,9999.000,9999.000,9999.000,9999.000
202603130254,   1.054,9999.000,9999.000,9999.000,9999.000,9999.000,9999.000,9999.000,9999.000
202603130300,   1.100,9999.000,  -0.200,   0.160,   1.060,  -0.300,   0.960,   0.000,   1.260
202603130306,   1.150,9999.000,9999.000,9999.000,9999.000,9999.000,9999.000,9999.000,9999.000
202603130312,   1.203,9999.000,9999.000,9999.000,9999.000,9999.000,9999.000,9999.000,9999.000
202603130318,   1.259,9999.000,9999.000,9999.000,9999.000,9999.000,9999.000,9999.000,9999.000
202603130324,   1.317,9999.000,9999.000,9999.000,9999.000,9999.000,9999.000,9999.000,9999.000
202603130330,   1.378,9999.000,9999.000,9999.000,9999.000,9999.000,9999.000,9999.000,9999.000
202603130336,   1.440,9999.000,9999.000,9999.000,9999.000,9999.000,9999.000,9999.000,9999.000
202603130342,   1.504,9999.000,9999.000,9999.000,9999.000,9999.000,9999.000,9999.000,9999.000
202603130348,   1.569,9999.000,9999.000,9999.000,9999.000,9999.000,9999.000,9999.000,9999.000
202603130354,   1.634,9999.000,9999.000,9999.000,9999.000,9999.000,9999.000,9999.000,9999.000
202603130400,   1.699,9999.000,  -0.100,   0.160,   1.759,  -0.300,   1.559,   0.000,   1.859
202603130406,   1.765,9999.000,9999.000,9999.000,9999.000,9999.000,9999.000,9999.000,9999.000
202603130412,   1.830,9999.000,9999.000,9999.000,9999.000,9999.000,9999.000,9999.000,9999.000
202603130418,   1.894,9999.000,9999.000,9999.000,9999.000,9999.000,9999.000,9999.000,9999.000
202603130424,   1.958,9999.000,9999.000,9999.000,9999.000,9999.000,9999.000,9999.000,9999.000
202603130430,   2.020,9999.000,9999.000,9999.000,9999.000,9999.000,9999.000,9999.000,9999.000
202603130436,   2.081,9999.000,9999.000,9999.000,9999.000,9999.000,9999.000,9999.000,9999.000
202603130442,   2.140,9999.000,9999.000,9999.000,9999.000,9999.000,9999.000,9999.000,9999.000
202603130448,   2.198,9999.000,9999.000,9999.000,9999.000,9999.000,9999.000,9999.000,9999.000
202603130454,   2.255,9999.000,9999.000,9999.000,9999.000,9999.000,9999.000,9999.000,9999.000
202603130500,   2.310,9999.000,  -0.100,   0.160,   2.370,  -0.300,   2.170,   0.000,   2.470
202603130506,   2.363,9999.000,9999.000,9999.000,9999.000,9999.000,9999.000,9999.000,9999.000
202603130512,   2.414,9999.000,9999.000,9999.000,9999.000,9999.000,9999.000,9999.000,9999.000
202603130518,   2.465,9999.000,9999.000,9999.000,9999.000,9999.000,9999.000,9999.000,9999.000
202603130524,   2.513,9999.000,9999.000,9999.000,9999.000,9999.000,9999.000,9999.000,9999.000
202603130530,   2.561,9999.000,9999.000,9999.000,9999.000,9999.000,9999.000,9999.000,9999.000
202603130536,   2.607,9999.000,9999.000,9999.000,9999.000,9999.000,9999.000,9999.000,9999.000
202603130542,   2.653,9999.000,9999.000,9999.000,9999.000,9999.000,9999.000,9999.000,9999.000
202603130548,   2.697,9999.000,9999.000,9999.000,9999.000,9999.000,9999.000,9999.000,9999.000
202603130554,   2.741,9999.000,9999.000,9999.000,9999.000,9999.000,9999.000,9999.000,9999.000
202603130600,   2.783,9999.000,  -0.100,   0.160,   2.843,  -0.300,   2.643,   0.000,   2.943
202603130606,   2.826,9999.000,9999.000,9999.000,9999.000,9999.000,9999.000,9999.000,9999.000
202603130612,   2.867,9999.000,9999.000,9999.000,9999.000,9999.000,9999.000,9999.000,9999.000
202603130618,   2.909,9999.000,9999.000,9999.000,9999.000,9999.000,9999.000,9999.000,9999.000
202603130624,   2.949,9999.000,9999.000,9999.000,9999.000,9999.000,9999.000,9999.000,9999.000
202603130630,   2.990,9999.000,9999.000,9999.000,9999.000,9999.000,9999.000,9999.000,9999.000
202603130636,   3.029,9999.000,9999.000,9999.000,9999.000,9999.000,9999.000,9999.000,9999.000
202603130642,   3.069,9999.000,9999.000,9999.000,9999.000,9999.000,9999.000,9999.000,9999.000
202603130648,   3.107,9999.000,9999.000,9999.000,9999.000,9999.000,9999.000,9999.000,9999.000
202603130654,   3.145,9999.000,9999.000,9999.000,9999.000,9999.000,9999.000,9999.000,9999.000
202603130700,   3.183,9999.000,  -0.100,   0.160,   3.243,  -0.300,   3.043,   0.000,   3.343
202603130706,   3.219,9999.000,9999.000,9999.000,9999.000,9999.000,9999.000,9999.000,9999.000
202603130712,   3.255,9999.000,9999.000,9999.000,9999.000,9999.000,9999.000,9999.000,9999.000
202603130718,   3.289,9999.000,9999.000,9999.000,9999.000,9999.000,9999.000,9999.000,9999.000
202603130724,   3.322,9999.000,9999.000,9999.000,9999.000,9999.000,9999.000,9999.000,9999.000
202603130730,   3.353,9999.000,9999.000,9999.000,9999.000,9999.000,9999.000,9999.000,9999.000
202603130736,   3.383,9999.000,9999.000,9999.000,9999.000,9999.000,9999.000,9999.000,9999.000
202603130742,   3.410,9999.000,9999.000,9999.000,9999.000,9999.000,9999.000,9999.000,9999.000
202603130748,   3.436,9999.000,9999.000,9999.000,9999.000,9999.000,9999.000,9999.000,9999.000
202603130754,   3.459,9999.000,9999.000,9999.000,9999.000,9999.000,9999.000,9999.000,9999.000
202603130800,   3.480,9999.000,  -0.100,   0.160,   3.540,  -0.300,   3.340,   0.000,   3.640
202603130806,   3.499,9999.000,9999.000,9999.000,9999.000,9999.000,9999.000,9999.000,9999.000
202603130812,   3.514,9999.000,9999.000,9999.000,9999.000,9999.000,9999.000,9999.000,9999.000
202603130818,   3.527,9999.000,9999.000,9999.000,9999.000,9999.000,9999.000,9999.000,9999.000
202603130824,   3.536,9999.000,9999.000,9999.000,9999.000,9999.000,9999.000,9999.000,9999.000
202603130830,   3.543,9999.000,9999.000,9999.000,9999.000,9999.000,9999.000,9999.000,9999.000
202603130836,   3.546,9999.000,9999.000,9999.000,9999.000,9999.000,9999.000,9999.000,9999.000
202603130842,   3.545,9999.000,9999.000,9999.000,9999.000,9999.000,9999.000,9999.000,9999.000
202603130848,   3.542,9999.000,9999.000,9999.000,9999.000,9999.000,9999.000,9999.000,9999.000
202603130854,   3.534,9999.000,9999.000,9999.000,9999.000,9999.000,9999.000,9999.000,9999.000
202603130900,   3.524,9999.000,  -0.100,   0.160,   3.584,  -0.200,   3.484,   0.000,   3.684
202603130906,   3.509,9999.000,9999.000,9999.000,9999.000,9999.000,9999.000,9999.000,9999.000
202603130912,   3.492,9999.000,9999.000,9999.000,9999.000,9999.000,9999.000,9999.000,9999.000
202603130918,   3.470,9999.000,9999.000,9999.000,9999.000,9999.000,9999.000,9999.000,9999.000
202603130924,   3.446,9999.000,9999.000,9999.000,9999.000,9999.000,9999.000,9999.000,9999.000
202603130930,   3.418,9999.000,9999.000,9999.000,9999.000,9999.000,9999.000,9999.000,9999.000
202603130936,   3.387,9999.000,9999.000,9999.000,9999.000,9999.000,9999.000,9999.000,9999.000
202603130942,   3.353,9999.000,9999.000,9999.000,9999.000,9999.000,9999.000,9999.000,9999.000
202603130948,   3.317,9999.000,9999.000,9999.000,9999.000,9999.000,9999.000,9999.000,9999.000
202603130954,   3.277,9999.000,9999.000,9999.000,9999.000,9999.000,9999.000,9999.000,9999.000
202603131000,   3.235,9999.000,   0.000,   0.160,   3.395,  -0.200,   3.195,   0.000,   3.395
202603131006,   3.191,9999.000,9999.000,9999.000,9999.000,9999.000,9999.000,9999.000,9999.000
202603131012,   3.145,9999.000,9999.000,9999.000,9999.000,9999.000,9999.000,9999.000,9999.000
202603131018,   3.097,9999.000,9999.000,9999.000,9999.000,9999.000,9999.000,9999.000,9999.000
202603131024,   3.048,9999.000,9999.000,9999.000,9999.000,9999.000,9999.000,9999.000,9999.000
202603131030,   2.997,9999.000,9999.000,9999.000,9999.000,9999.000,9999.000,9999.000,9999.000
202603131036,   2.945,9999.000,9999.000,9999.000,9999.000,9999.000,9999.000,9999.000,9999.000
202603131042,   2.891,9999.000,9999.000,9999.000,9999.000,9999.000,9999.000,9999.000,9999.000
202603131048,   2.838,9999.000,9999.000,9999.000,9999.000,9999.000,9999.000,9999.000,9999.000
202603131054,   2.783,9999.000,9999.000,9999.000,9999.000,9999.000,9999.000,9999.000,9999.000
202603131100,   2.728,9999.000,   0.000,   0.160,   2.888,  -0.200,   2.688,   0.000,   2.888
202603131106,   2.673,9999.000,9999.000,9999.000,9999.000,9999.000,9999.000,9999.000,9999.000
202603131112,   2.618,9999.000,9999.000,9999.000,9999.000,9999.000,9999.000,9999.000,9999.000
202603131118,   2.563,9999.000,9999.000,9999.000,9999.000,9999.000,9999.000,9999.000,9999.000
202603131124,   2.508,9999.000,9999.000,9999.000,9999.000,9999.000,9999.000,9999.000,9999.000
202603131130,   2.454,9999.000,9999.000,9999.000,9999.000,9999.000,9999.000,9999.000,9999.000
202603131136,   2.399,9999.000,9999.000,9999.000,9999.000,9999.000,9999.000,9999.000,9999.000
202603131142,   2.345,9999.000,9999.000,9999.000,9999.000,9999.000,9999.000,9999.000,9999.000
202603131148,   2.291,9999.000,9999.000,9999.000,9999.000,9999.000,9999.000,9999.000,9999.000
202603131154,   2.237,9999.000,9999.000,9999.000,9999.000,9999.000,9999.000,9999.000,9999.000
202603131200,   2.183,9999.000,   0.000,   0.160,   2.343,  -0.200,   2.143,   0.000,   2.343
202603131206,   2.130,9999.000,9999.000,9999.000,9999.000,9999.000,9999.000,9999.000,9999.000
202603131212,   2.077,9999.000,9999.000,9999.000,9999.000,9999.000,9999.000,9999.000,9999.000
202603131218,   2.024,9999.000,9999.000,9999.000,9999.000,9999.000,9999.000,9999.000,9999.000
202603131224,   1.971,9999.000,9999.000,9999.000,9999.000,9999.000,9999.000,9999.000,9999.000
202603131230,   1.918,9999.000,9999.000,9999.000,9999.000,9999.000,9999.000,9999.000,9999.000
202603131236,   1.865,9999.000,9999.000,9999.000,9999.000,9999.000,9999.000,9999.000,9999.000
202603131242,   1.813,9999.000,9999.000,9999.000,9999.000,9999.000,9999.000,9999.000,9999.000
202603131248,   1.760,9999.000,9999.000,9999.000,9999.000,9999.000,9999.000,9999.000,9999.000
202603131254,   1.708,9999.000,9999.000,9999.000,9999.000,9999.000,9999.000,9999.000,9999.000
202603131300,   1.656,9999.000,   0.000,   0.160,   1.816,  -0.100,   1.716,   0.000,   1.816
202603131306,   1.604,9999.000,9999.000,9999.000,9999.000,9999.000,9999.000,9999.000,9999.000
202603131312,   1.553,9999.000,9999.000,9999.000,9999.000,9999.000,9999.000,9999.000,9999.000
202603131318,   1.503,9999.000,9999.000,9999.000,9999.000,9999.000,9999.000,9999.000,9999.000
202603131324,   1.453,9999.000,9999.000,9999.000,9999.000,9999.000,9999.000,9999.000,9999.000
202603131330,   1.405,9999.000,9999.000,9999.000,9999.000,9999.000,9999.000,9999.000,9999.000
202603131336,   1.359,9999.000,9999.000,9999.000,9999.000,9999.000,9999.000,9999.000,9999.000
202603131342,   1.314,9999.000,9999.000,9999.000,9999.000,9999.000,9999.000,9999.000,9999.000
202603131348,   1.271,9999.000,9999.000,9999.000,9999.000,9999.000,9999.000,9999.000,9999.000
202603131354,   1.230,9999.000,9999.000,9999.000,9999.000,9999.000,9999.000,9999.000,9999.000
202603131400,   1.193,9999.000,   0.000,   0.160,   1.353,  -0.100,   1.253,   0.100,   1.453
202603131406,   1.158,9999.000,9999.000,9999.000,9999.000,9999.000,9999.000,9999.000,9999.000
202603131412,   1.126,9999.000,9999.000,9999.000,9999.000,9999.000,9999.000,9999.000,9999.000
202603131418,   1.099,9999.000,9999.000,9999.000,9999.000,9999.000,9999.000,9999.000,9999.000
202603131424,   1.075,9999.000,9999.000,9999.000,9999.000,9999.000,9999.000,9999.000,9999.000
202603131430,   1.055,9999.000,9999.000,9999.000,9999.000,9999.000,9999.000,9999.000,9999.000
202603131436,   1.040,9999.000,9999.000,9999.000,9999.000,9999.000,9999.000,9999.000,9999.000
202603131442,   1.029,9999.000,9999.000,9999.000,9999.000,9999.000,9999.000,9999.000,9999.000
202603131448,   1.023,9999.000,9999.000,9999.000,9999.000,9999.000,9999.000,9999.000,9999.000
202603131454,   1.021,9999.000,9999.000,9999.000,9999.000,9999.000,9999.000,9999.000,9999.000
202603131500,   1.025,9999.000,   0.000,   0.160,   1.185,  -0.100,   1.085,   0.100,   1.285
202603131506,   1.033,9999.000,9999.000,9999.000,9999.000,9999.000,9999.000,9999.000,9999.000
202603131512,   1.046,9999.000,9999.000,9999.000,9999.000,9999.000,9999.000,9999.000,9999.000
202603131518,   1.064,9999.000,9999.000,9999.000,9999.000,9999.000,9999.000,9999.000,9999.000
202603131524,   1.086,9999.000,9999.000,9999.000,9999.000,9999.000,9999.000,9999.000,9999.000
202603131530,   1.113,9999.000,9999.000,9999.000,9999.000,9999.000,9999.000,9999.000,9999.000
202603131536,   1.143,9999.000,9999.000,9999.000,9999.000,9999.000,9999.000,9999.000,9999.000
202603131542,   1.177,9999.000,9999.000,9999.000,9999.000,9999.000,9999.000,9999.000,9999.000
202603131548,   1.215,9999.000,9999.000,9999.000,9999.000,9999.000,9999.000,9999.000,9999.000
202603131554,   1.256,9999.000,9999.000,9999.000,9999.000,9999.000,9999.000,9999.000,9999.000
202603131600,   1.299,9999.000,   0.000,   0.160,   1.459,  -0.100,   1.359,   0.200,   1.659
202603131606,   1.345,9999.000,9999.000,9999.000,9999.000,9999.000,9999.000,9999.000,9999.000
202603131612,   1.392,9999.000,9999.000,9999.000,9999.000,9999.000,9999.000,9999.000,9999.000
202603131618,   1.441,9999.000,9999.000,9999.000,9999.000,9999.000,9999.000,9999.000,9999.000
202603131624,   1.491,9999.000,9999.000,9999.000,9999.000,9999.000,9999.000,9999.000,9999.000
202603131630,   1.542,9999.000,9999.000,9999.000,9999.000,9999.000,9999.000,9999.000,9999.000
202603131636,   1.594,9999.000,9999.000,9999.000,9999.000,9999.000,9999.000,9999.000,9999.000
202603131642,   1.645,9999.000,9999.000,9999.000,9999.000,9999.000,9999.000,9999.000,9999.000
202603131648,   1.697,9999.000,9999.000,9999.000,9999.000,9999.000,9999.000,9999.000,9999.000
202603131654,   1.748,9999.000,9999.000,9999.000,9999.000,9999.000,9999.000,9999.000,9999.000
202603131700,   1.798,9999.000,   0.000,   0.160,   1.958,  -0.100,   1.858,   0.200,   2.158
202603131706,   1.848,9999.000,9999.000,9999.000,9999.000,9999.000,9999.000,9999.000,9999.000
202603131712,   1.897,9999.000,9999.000,9999.000,9999.000,9999.000,9999.000,9999.000,9999.000
202603131718,   1.945,9999.000,9999.000,9999.000,9999.000,9999.000,9999.000,9999.000,9999.000
202603131724,   1.991,9999.000,9999.000,9999.000,9999.000,9999.000,9999.000,9999.000,9999.000
202603131730,   2.037,9999.000,9999.000,9999.000,9999.000,9999.000,9999.000,9999.000,9999.000
202603131736,   2.081,9999.000,9999.000,9999.000,9999.000,9999.000,9999.000,9999.000,9999.000
202603131742,   2.124,9999.000,9999.000,9999.000,9999.000,9999.000,9999.000,9999.000,9999.000
202603131748,   2.166,9999.000,9999.000,9999.000,9999.000,9999.000,9999.000,9999.000,9999.000
202603131754,   2.208,9999.000,9999.000,9999.000,9999.000,9999.000,9999.000,9999.000,9999.000
202603131800,   2.248,9999.000,   0.000,   0.160,   2.408,  -0.100,   2.308,   0.200,   2.608
202603131806,   2.287,9999.000,9999.000,9999.000,9999.000,9999.000,9999.000,9999.000,9999.000
202603131812,   2.326,9999.000,9999.000,9999.000,9999.000,9999.000,9999.000,9999.000,9999.000
202603131818,   2.363,9999.000,9999.000,9999.000,9999.000,9999.000,9999.000,9999.000,9999.000
202603131824,   2.400,9999.000,9999.000,9999.000,9999.000,9999.000,9999.000,9999.000,9999.000
202603131830,   2.437,9999.000,9999.000,9999.000,9999.000,9999.000,9999.000,9999.000,9999.000
202603131836,   2.473,9999.000,9999.000,9999.000,9999.000,9999.000,9999.000,9999.000,9999.000
202603131842,   2.508,9999.000,9999.000,9999.000,9999.000,9999.000,9999.000,9999.000,9999.000
202603131848,   2.543,9999.000,9999.000,9999.000,9999.000,9999.000,9999.000,9999.000,9999.000
202603131854,   2.578,9999.000,9999.000,9999.000,9999.000,9999.000,9999.000,9999.000,9999.000
202603131900,   2.612,9999.000,   0.100,   0.160,   2.872,  -0.100,   2.672,   0.200,   2.972
202603131906,   2.645,9999.000,9999.000,9999.000,9999.000,9999.000,9999.000,9999.000,9999.000
202603131912,   2.678,9999.000,9999.000,9999.000,9999.000,9999.000,9999.000,9999.000,9999.000
202603131918,   2.710,9999.000,9999.000,9999.000,9999.000,9999.000,9999.000,9999.000,9999.000
202603131924,   2.741,9999.000,9999.000,9999.000,9999.000,9999.000,9999.000,9999.000,9999.000
202603131930,   2.772,9999.000,9999.000,9999.000,9999.000,9999.000,9999.000,9999.000,9999.000
202603131936,   2.801,9999.000,9999.000,9999.000,9999.000,9999.000,9999.000,9999.000,9999.000
202603131942,   2.829,9999.000,9999.000,9999.000,9999.000,9999.000,9999.000,9999.000,9999.000
202603131948,   2.855,9999.000,9999.000,9999.000,9999.000,9999.000,9999.000,9999.000,9999.000
202603131954,   2.880,9999.000,9999.000,9999.000,9999.000,9999.000,9999.000,9999.000,9999.000
202603132000,   2.903,9999.000,   0.100,   0.160,   3.163,  -0.100,   2.963,   0.200,   3.263
202603132006,   2.925,9999.000,9999.000,9999.000,9999.000,9999.000,9999.000,9999.000,9999.000
202603132012,   2.943,9999.000,9999.000,9999.000,9999.000,9999.000,9999.000,9999.000,9999.000
202603132018,   2.960,9999.000,9999.000,9999.000,9999.000,9999.000,9999.000,9999.000,9999.000
202603132024,   2.974,9999.000,9999.000,9999.000,9999.000,9999.000,9999.000,9999.000,9999.000
202603132030,   2.986,9999.000,9999.000,9999.000,9999.000,9999.000,9999.000,9999.000,9999.000
202603132036,   2.994,9999.000,9999.000,9999.000,9999.000,9999.000,9999.000,9999.000,9999.000
202603132042,   2.999,9999.000,9999.000,9999.000,9999.000,9999.000,9999.000,9999.000,9999.000
202603132048,   3.002,9999.000,9999.000,9999.000,9999.000,9999.000,9999.000,9999.000,9999.000
202603132054,   3.001,9999.000,9999.000,9999.000,9999.000,9999.000,9999.000,9999.000,9999.000
202603132100,   2.996,9999.000,   0.100,   0.160,   3.256,  -0.100,   3.056,   0.300,   3.456
202603132106,   2.988,9999.000,9999.000,9999.000,9999.000,9999.000,9999.000,9999.000,9999.000
202603132112,   2.977,9999.000,9999.000,9999.000,9999.000,9999.000,9999.000,9999.000,9999.000
202603132118,   2.962,9999.000,9999.000,9999.000,9999.000,9999.000,9999.000,9999.000,9999.000
202603132124,   2.943,9999.000,9999.000,9999.000,9999.000,9999.000,9999.000,9999.000,9999.000
202603132130,   2.920,9999.000,9999.000,9999.000,9999.000,9999.000,9999.000,9999.000,9999.000
202603132136,   2.895,9999.000,9999.000,9999.000,9999.000,9999.000,9999.000,9999.000,9999.000
202603132142,   2.865,9999.000,9999.000,9999.000,9999.000,9999.000,9999.000,9999.000,9999.000
202603132148,   2.832,9999.000,9999.000,9999.000,9999.000,9999.000,9999.000,9999.000,9999.000
202603132154,   2.796,9999.000,9999.000,9999.000,9999.000,9999.000,9999.000,9999.000,9999.000
202603132200,   2.757,9999.000,   0.100,   0.160,   3.017,  -0.100,   2.817,   0.300,   3.217
202603132206,   2.715,9999.000,9999.000,9999.000,9999.000,9999.000,9999.000,9999.000,9999.000
202603132212,   2.670,9999.000,9999.000,9999.000,9999.000,9999.000,9999.000,9999.000,9999.000
202603132218,   2.623,9999.000,9999.000,9999.000,9999.000,9999.000,9999.000,9999.000,9999.000
202603132224,   2.573,9999.000,9999.000,9999.000,9999.000,9999.000,9999.000,9999.000,9999.000
202603132230,   2.521,9999.000,9999.000,9999.000,9999.000,9999.000,9999.000,9999.000,9999.000
202603132236,   2.468,9999.000,9999.000,9999.000,9999.000,9999.000,9999.000,9999.000,9999.000
202603132242,   2.413,9999.000,9999.000,9999.000,9999.000,9999.000,9999.000,9999.000,9999.000
202603132248,   2.356,9999.000,9999.000,9999.000,9999.000,9999.000,9999.000,9999.000,9999.000
202603132254,   2.299,9999.000,9999.000,9999.000,9999.000,9999.000,9999.000,9999.000,9999.000
202603132300,   2.241,9999.000,   0.000,   0.160,   2.401,  -0.100,   2.301,   0.200,   2.601
202603132306,   2.182,9999.000,9999.000,9999.000,9999.000,9999.000,9999.000,9999.000,9999.000
202603132312,   2.124,9999.000,9999.000,9999.000,9999.000,9999.000,9999.000,9999.000,9999.000
202603132318,   2.065,9999.000,9999.000,9999.000,9999.000,9999.000,9999.000,9999.000,9999.000
202603132324,   2.007,9999.000,9999.000,9999.000,9999.000,9999.000,9999.000,9999.000,9999.000
202603132330,   1.950,9999.000,9999.000,9999.000,9999.000,9999.000,9999.000,9999.000,9999.000
202603132336,   1.893,9999.000,9999.000,9999.000,9999.000,9999.000,9999.000,9999.000,9999.000
202603132342,   1.837,9999.000,9999.000,9999.000,9999.000,9999.000,9999.000,9999.000,9999.000
202603132348,   1.782,9999.000,9999.000,9999.000,9999.000,9999.000,9999.000,9999.000,9999.000
202603132354,   1.728,9999.000,9999.000,9999.000,9999.000,9999.000,9999.000,9999.000,9999.000
202603140000,   1.675,9999.000,   0.000,   0.160,   1.835,  -0.200,   1.635,   0.200,   2.035
