        TIME,    TIDE,      OB,   SURGE,    BIAS,     TWL,SURGE90p,  TWL90p,SURGE10p,   TWL10p
202606260600,   0.990,   1.630,   0.500,   0.140,   1.630,   0.500,   1.630,   0.600,   1.730
202606260606,   0.979,9999.000,9999.000,9999.000,9999.000,9999.000,9999.000,9999.000,9999.000
202606260612,   0.972,   1.489,9999.000,9999.000,9999.000,9999.000,9999.000,9999.000,9999.000
202606260618,   0.970,9999.000,9999.000,9999.000,9999.000,9999.000,9999.000,9999.000,9999.000
202606260624,   0.973,   1.528,9999.000,9999.000,9999.000,9999.000,9999.000,9999.000,9999.000
202606260630,   0.980,9999.000,9999.000,9999.000,9999.000,9999.000,9999.000,9999.000,9999.000
202606260636,   0.993,   1.630,9999.000,9999.000,9999.000,9999.000,9999.000,9999.000,9999.000
202606260642,   1.011,9999.000,9999.000,9999.000,9999.000,9999.000,9999.000,9999.000,9999.000
202606260648,   1.035,   1.728,9999.000,9999.000,9999.000,9999.000,9999.000,9999.000,9999.000
202606260654,   1.064,9999.000,9999.000,9999.000,9999.000,9999.000,9999.000,9999.000,9999.000
202606260700,   1.098,   2.138,   0.500,   0.540,   2.138,   0.500,   2.138,   0.500,   2.138
202606260706,   1.138,   2.220,9999.000,9999.000,9999.000,9999.000,9999.000,9999.000,9999.000
202606260712,   1.183,   2.069,9999.000,9999.000,9999.000,9999.000,9999.000,9999.000,9999.000
202606260718,   1.235,   2.158,9999.000,9999.000,9999.000,9999.000,9999.000,9999.000,9999.000
202606260724,   1.292,   2.220,9999.000,9999.000,9999.000,9999.000,9999.000,9999.000,9999.000
202606260730,   1.355,   2.289,9999.000,9999.000,9999.000,9999.000,9999.000,9999.000,9999.000
202606260736,   1.425,   2.358,9999.000,9999.000,9999.000,9999.000,9999.000,9999.000,9999.000
202606260742,   1.499,   2.440,9999.000,9999.000,9999.000,9999.000,9999.000,9999.000,9999.000
202606260748,   1.580,   2.519,9999.000,9999.000,9999.000,9999.000,9999.000,9999.000,9999.000
202606260754,   1.665,   2.610,9999.000,9999.000,9999.000,9999.000,9999.000,9999.000,9999.000
202606260800,   1.756,   2.997,   0.500,   0.741,   2.997,   0.400,   2.897,   0.500,   2.997
202606260806,   1.852,   3.099,9999.000,9999.000,9999.000,9999.000,9999.000,9999.000,9999.000
202606260812,   1.952,   2.948,9999.000,9999.000,9999.000,9999.000,9999.000,9999.000,9999.000
202606260818,   2.055,   3.070,9999.000,9999.000,9999.000,9999.000,9999.000,9999.000,9999.000
202606260824,   2.162,   3.178,9999.000,9999.000,9999.000,9999.000,9999.000,9999.000,9999.000
202606260830,   2.271,   3.289,9999.000,9999.000,9999.000,9999.000,9999.000,9999.000,9999.000
202606260836,   2.383,   3.388,9999.000,9999.000,9999.000,9999.000,9999.000,9999.000,9999.000
202606260842,   2.495,   3.499,9999.000,9999.000,9999.000,9999.000,9999.000,9999.000,9999.000
202606260848,   2.608,   3.588,9999.000,9999.000,9999.000,9999.000,9999.000,9999.000,9999.000
202606260854,   2.721,   3.699,9999.000,9999.000,9999.000,9999.000,9999.000,9999.000,9999.000
202606260900,   2.834,   4.070,   0.500,   0.736,   4.070,   0.400,   3.970,   0.500,   4.070
202606260906,   2.945,   4.188,9999.000,9999.000,9999.000,9999.000,9999.000,9999.000,9999.000
202606260912,   3.054,   4.037,9999.000,9999.000,9999.000,9999.000,9999.000,9999.000,9999.000
202606260918,   3.161,   4.139,9999.000,9999.000,9999.000,9999.000,9999.000,9999.000,9999.000
202606260924,   3.265,   4.247,9999.000,9999.000,9999.000,9999.000,9999.000,9999.000,9999.000
202606260930,   3.366,   4.349,9999.000,9999.000,9999.000,9999.000,9999.000,9999.000,9999.000
202606260936,   3.463,   4.467,9999.000,9999.000,9999.000,9999.000,9999.000,9999.000,9999.000
202606260942,   3.557,   4.588,9999.000,9999.000,9999.000,9999.000,9999.000,9999.000,9999.000
202606260948,   3.647,   4.700,9999.000,9999.000,9999.000,9999.000,9999.000,9999.000,9999.000
202606260954,   3.732,   4.798,9999.000,9999.000,9999.000,9999.000,9999.000,9999.000,9999.000
202606261000,   3.813,   5.087,   0.500,   0.774,   5.087,   0.400,   4.987,   0.500,   5.087
202606261006,   3.890,   5.149,9999.000,9999.000,9999.000,9999.000,9999.000,9999.000,9999.000
202606261012,   3.962,   4.998,9999.000,9999.000,9999.000,9999.000,9999.000,9999.000,9999.000
202606261018,   4.029,   5.067,9999.000,9999.000,9999.000,9999.000,9999.000,9999.000,9999.000
202606261024,   4.091,   5.129,9999.000,9999.000,9999.000,9999.000,9999.000,9999.000,9999.000
202606261030,   4.148,   5.198,9999.000,9999.000,9999.000,9999.000,9999.000,9999.000,9999.000
202606261036,   4.200,   5.247,9999.000,9999.000,9999.000,9999.000,9999.000,9999.000,9999.000
202606261042,   4.247,   5.277,9999.000,9999.000,9999.000,9999.000,9999.000,9999.000,9999.000
202606261048,   4.289,   5.329,9999.000,9999.000,9999.000,9999.000,9999.000,9999.000,9999.000
202606261054,   4.326,   5.349,9999.000,9999.000,9999.000,9999.000,9999.000,9999.000,9999.000
202606261100,   4.358,   5.589,   0.500,   0.731,   5.589,   0.400,   5.489,   0.500,   5.589
202606261106,   4.385,   5.638,9999.000,9999.000,9999.000,9999.000,9999.000,9999.000,9999.000
202606261112,   4.406,   5.487,9999.000,9999.000,9999.000,9999.000,9999.000,9999.000,9999.000
202606261118,   4.423,   5.530,9999.000,9999.000,9999.000,9999.000,9999.000,9999.000,9999.000
202606261124,   4.434,   5.569,9999.000,9999.000,9999.000,9999.000,9999.000,9999.000,9999.000
202606261130,   4.440,   5.549,9999.000,9999.000,9999.000,9999.000,9999.000,9999.000,9999.000
202606261136,   4.442,   5.530,9999.000,9999.000,9999.000,9999.000,9999.000,9999.000,9999.000
202606261142,   4.439,   5.487,9999.000,9999.000,9999.000,9999.000,9999.000,9999.000,9999.000
202606261148,   4.431,   5.457,9999.000,9999.000,9999.000,9999.000,9999.000,9999.000,9999.000
202606261154,   4.419,   5.418,9999.000,9999.000,9999.000,9999.000,9999.000,9999.000,9999.000
202606261200,   4.402,   5.487,   0.400,   0.685,   5.487,   0.400,   5.487,   0.400,   5.487
202606261206,   4.381,   5.467,9999.000,9999.000,9999.000,9999.000,9999.000,9999.000,9999.000
202606261212,   4.356,   5.320,9999.000,9999.000,9999.000,9999.000,9999.000,9999.000,9999.000
202606261218,   4.327,   5.267,9999.000,9999.000,9999.000,9999.000,9999.000,9999.000,9999.000
202606261224,   4.294,   5.238,9999.000,9999.000,9999.000,9999.000,9999.000,9999.000,9999.000
202606261230,   4.257,   5.169,9999.000,9999.000,9999.000,9999.000,9999.000,9999.000,9999.000
202606261236,   4.217,   5.087,9999.000,9999.000,9999.000,9999.000,9999.000,9999.000,9999.000
202606261242,   4.173,   4.988,9999.000,9999.000,9999.000,9999.000,9999.000,9999.000,9999.000
202606261248,   4.126,   4.919,9999.000,9999.000,9999.000,9999.000,9999.000,9999.000,9999.000
202606261254,   4.076,   4.837,9999.000,9999.000,9999.000,9999.000,9999.000,9999.000,9999.000
202606261300,   4.023,   4.847,   0.400,   0.424,   4.847,   0.400,   4.847,   0.400,   4.847
202606261306,   3.967,   4.769,9999.000,9999.000,9999.000,9999.000,9999.000,9999.000,9999.000
202606261312,   3.908,   4.618,9999.000,9999.000,9999.000,9999.000,9999.000,9999.000,9999.000
202606261318,   3.847,   4.509,9999.000,9999.000,9999.000,9999.000,9999.000,9999.000,9999.000
202606261324,   3.783,   4.388,9999.000,9999.000,9999.000,9999.000,9999.000,9999.000,9999.000
202606261330,   3.716,   4.280,9999.000,9999.000,9999.000,9999.000,9999.000,9999.000,9999.000
202606261336,   3.648,   4.188,9999.000,9999.000,9999.000,9999.000,9999.000,9999.000,9999.000
202606261342,   3.577,   4.099,9999.000,9999.000,9999.000,9999.000,9999.000,9999.000,9999.000
202606261348,   3.504,   4.017,9999.000,9999.000,9999.000,9999.000,9999.000,9999.000,9999.000
202606261354,   3.429,   3.919,9999.000,9999.000,9999.000,9999.000,9999.000,9999.000,9999.000
202606261400,   3.353,   3.870,   0.400,   0.117,   3.870,   0.400,   3.870,   0.400,   3.870
202606261406,   3.274,   3.778,9999.000,9999.000,9999.000,9999.000,9999.000,9999.000,9999.000
202606261412,   3.194,   3.627,9999.000,9999.000,9999.000,9999.000,9999.000,9999.000,9999.000
202606261418,   3.113,   3.539,9999.000,9999.000,9999.000,9999.000,9999.000,9999.000,9999.000
202606261424,   3.030,   3.440,9999.000,9999.000,9999.000,9999.000,9999.000,9999.000,9999.000
202606261430,   2.946,   3.329,9999.000,9999.000,9999.000,9999.000,9999.000,9999.000,9999.000
202606261436,   2.861,   3.230,9999.000,9999.000,9999.000,9999.000,9999.000,9999.000,9999.000
202606261442,   2.775,   3.129,9999.000,9999.000,9999.000,9999.000,9999.000,9999.000,9999.000
202606261448,   2.688,   3.030,9999.000,9999.000,9999.000,9999.000,9999.000,9999.000,9999.000
202606261454,   2.600,   2.938,9999.000,9999.000,9999.000,9999.000,9999.000,9999.000,9999.000
202606261500,   2.513,   2.899,   0.400,  -0.014,   2.899,   0.300,   2.799,   0.400,   2.899
202606261506,   2.424,   2.797,9999.000,9999.000,9999.000,9999.000,9999.000,9999.000,9999.000
202606261512,   2.336,   2.650,9999.000,9999.000,9999.000,9999.000,9999.000,9999.000,9999.000
202606261518,   2.248,   2.538,9999.000,9999.000,9999.000,9999.000,9999.000,9999.000,9999.000
202606261524,   2.161,   2.440,9999.000,9999.000,9999.000,9999.000,9999.000,9999.000,9999.000
202606261530,   2.074,   2.348,9999.000,9999.000,9999.000,9999.000,9999.000,9999.000,9999.000
202606261536,   1.988,   2.250,9999.000,9999.000,9999.000,9999.000,9999.000,9999.000,9999.000
202606261542,   1.903,   2.148,9999.000,9999.000,9999.000,9999.000,9999.000,9999.000,9999.000
202606261548,   1.819,   2.059,9999.000,9999.000,9999.000,9999.000,9999.000,9999.000,9999.000
202606261554,   1.737,   1.967,9999.000,9999.000,9999.000,9999.000,9999.000,9999.000,9999.000
202606261600,   1.656,   1.918,   0.400,  -0.138,   1.918,   0.300,   1.818,   0.400,   1.918
202606261606,   1.578,   1.820,9999.000,9999.000,9999.000,9999.000,9999.000,9999.000,9999.000
202606261612,   1.502,   1.669,9999.000,9999.000,9999.000,9999.000,9999.000,9999.000,9999.000
202606261618,   1.428,   1.571,9999.000,9999.000,9999.000,9999.000,9999.000,9999.000,9999.000
202606261624,   1.357,   1.479,9999.000,9999.000,9999.000,9999.000,9999.000,9999.000,9999.000
202606261630,   1.290,   1.380,9999.000,9999.000,9999.000,9999.000,9999.000,9999.000,9999.000
202606261636,   1.225,   1.298,9999.000,9999.000,9999.000,9999.000,9999.000,9999.000,9999.000
202606261642,   1.164,   1.239,9999.000,9999.000,9999.000,9999.000,9999.000,9999.000,9999.000
202606261648,   1.107,   1.180,9999.000,9999.000,9999.000,9999.000,9999.000,9999.000,9999.000
202606261654,   1.054,   1.108,9999.000,9999.000,9999.000,9999.000,9999.000,9999.000,9999.000
202606261700,   1.005,   1.161,   0.300,  -0.144,   1.161,   0.300,   1.161,   0.400,   1.261
202606261706,   0.961,   1.108,9999.000,9999.000,9999.000,9999.000,9999.000,9999.000,9999.000
202606261712,   0.921,   0.961,9999.000,9999.000,9999.000,9999.000,9999.000,9999.000,9999.000
202606261718,   0.886,   0.908,9999.000,9999.000,9999.000,9999.000,9999.000,9999.000,9999.000
202606261724,   0.856,   0.869,9999.000,9999.000,9999.000,9999.000,9999.000,9999.000,9999.000
202606261730,   0.831,   0.819,9999.000,9999.000,9999.000,9999.000,9999.000,9999.000,9999.000
202606261736,   0.811,   0.780,9999.000,9999.000,9999.000,9999.000,9999.000,9999.000,9999.000
202606261742,   0.797,   0.751,9999.000,9999.000,9999.000,9999.000,9999.000,9999.000,9999.000
202606261748,   0.788,   0.741,9999.000,9999.000,9999.000,9999.000,9999.000,9999.000,9999.000
202606261754,   0.784,   0.760,9999.000,9999.000,9999.000,9999.000,9999.000,9999.000,9999.000
202606261800,   0.786,   0.928,   0.300,  -0.158,   0.928,   0.300,   0.928,   0.400,   1.028
202606261806,   0.794,   0.990,9999.000,9999.000,9999.000,9999.000,9999.000,9999.000,9999.000
202606261812,   0.807,   0.839,9999.000,9999.000,9999.000,9999.000,9999.000,9999.000,9999.000
202606261818,   0.826,   0.898,9999.000,9999.000,9999.000,9999.000,9999.000,9999.000,9999.000
202606261824,   0.851,   1.000,9999.000,9999.000,9999.000,9999.000,9999.000,9999.000,9999.000
202606261830,   0.881,   1.098,9999.000,9999.000,9999.000,9999.000,9999.000,9999.000,9999.000
202606261836,   0.917,   1.161,9999.000,9999.000,9999.000,9999.000,9999.000,9999.000,9999.000
202606261842,   0.959,   1.259,9999.000,9999.000,9999.000,9999.000,9999.000,9999.000,9999.000
202606261848,   1.007,   1.390,9999.000,9999.000,9999.000,9999.000,9999.000,9999.000,9999.000
202606261854,   1.060,   1.508,9999.000,9999.000,9999.000,9999.000,9999.000,9999.000,9999.000
202606261900,   1.119,   1.879,   0.300,   0.460,   1.879,   0.300,   1.879,   0.400,   1.979
202606261906,   1.184,   1.990,9999.000,9999.000,9999.000,9999.000,9999.000,9999.000,9999.000
202606261912,   1.255,   1.840,9999.000,9999.000,9999.000,9999.000,9999.000,9999.000,9999.000
202606261918,   1.332,   1.958,9999.000,9999.000,9999.000,9999.000,9999.000,9999.000,9999.000
202606261924,   1.415,   2.099,9999.000,9999.000,9999.000,9999.000,9999.000,9999.000,9999.000
202606261930,   1.504,   2.240,9999.000,9999.000,9999.000,9999.000,9999.000,9999.000,9999.000
202606261936,   1.600,   2.348,9999.000,9999.000,9999.000,9999.000,9999.000,9999.000,9999.000
202606261942,   1.701,   2.469,9999.000,9999.000,9999.000,9999.000,9999.000,9999.000,9999.000
202606261948,   1.809,   2.610,9999.000,9999.000,9999.000,9999.000,9999.000,9999.000,9999.000
202606261954,   1.922,   2.738,9999.000,9999.000,9999.000,9999.000,9999.000,9999.000,9999.000
202606262000,   2.041,   3.138,   0.300,   0.797,   3.138,   0.300,   3.138,   0.400,   3.238
202606262006,   2.166,   3.279,9999.000,9999.000,9999.000,9999.000,9999.000,9999.000,9999.000
202606262012,   2.296,   3.129,9999.000,9999.000,9999.000,9999.000,9999.000,9999.000,9999.000
202606262018,   2.431,   3.250,9999.000,9999.000,9999.000,9999.000,9999.000,9999.000,9999.000
202606262024,   2.570,   3.358,9999.000,9999.000,9999.000,9999.000,9999.000,9999.000,9999.000
202606262030,   2.713,   3.470,9999.000,9999.000,9999.000,9999.000,9999.000,9999.000,9999.000
202606262036,   2.860,   3.578,9999.000,9999.000,9999.000,9999.000,9999.000,9999.000,9999.000
202606262042,   3.010,   3.709,9999.000,9999.000,9999.000,9999.000,9999.000,9999.000,9999.000
202606262048,   3.161,   3.837,9999.000,9999.000,9999.000,9999.000,9999.000,9999.000,9999.000
202606262054,   3.313,   3.968,9999.000,9999.000,9999.000,9999.000,9999.000,9999.000,9999.000
202606262100,   3.467,   4.378,   0.300,   0.611,   4.378,   0.300,   4.378,   0.400,   4.478
202606262106,   3.620,   4.500,9999.000,9999.000,9999.000,9999.000,9999.000,9999.000,9999.000
202606262112,   3.773,   4.349,9999.000,9999.000,9999.000,9999.000,9999.000,9999.000,9999.000
202606262118,   3.924,   4.457,9999.000,9999.000,9999.000,9999.000,9999.000,9999.000,9999.000
202606262124,   4.073,   4.569,9999.000,9999.000,9999.000,9999.000,9999.000,9999.000,9999.000
202606262130,   4.219,   4.677,9999.000,9999.000,9999.000,9999.000,9999.000,9999.000,9999.000
202606262136,   4.362,   4.818,9999.000,9999.000,9999.000,9999.000,9999.000,9999.000,9999.000
202606262142,   4.501,   4.949,9999.000,9999.000,9999.000,9999.000,9999.000,9999.000,9999.000
202606262148,   4.636,   5.067,9999.000,9999.000,9999.000,9999.000,9999.000,9999.000,9999.000
202606262154,   4.766,   5.188,9999.000,9999.000,9999.000,9999.000,9999.000,9999.000,9999.000
202606262200,   4.892,   5.579,   0.300,   0.387,   5.579,   0.300,   5.579,   0.400,   5.679
202606262206,   5.012,   5.687,9999.000,9999.000,9999.000,9999.000,9999.000,9999.000,9999.000
202606262212,   5.126,   5.539,9999.000,9999.000,9999.000,9999.000,9999.000,9999.000,9999.000
202606262218,   5.235,   5.648,9999.000,9999.000,9999.000,9999.000,9999.000,9999.000,9999.000
202606262224,   5.338,   5.779,9999.000,9999.000,9999.000,9999.000,9999.000,9999.000,9999.000
202606262230,   5.435,   5.877,9999.000,9999.000,9999.000,9999.000,9999.000,9999.000,9999.000
202606262236,   5.526,   5.989,9999.000,9999.000,9999.000,9999.000,9999.000,9999.000,9999.000
202606262242,   5.611,   6.087,9999.000,9999.000,9999.000,9999.000,9999.000,9999.000,9999.000
202606262248,   5.689,   6.169,9999.000,9999.000,9999.000,9999.000,9999.000,9999.000,9999.000
202606262254,   5.761,   6.268,9999.000,9999.000,9999.000,9999.000,9999.000,9999.000,9999.000
202606262300,   5.827,   6.579,   0.300,   0.452,   6.579,   0.300,   6.579,   0.400,   6.679
202606262306,   5.886,   6.638,9999.000,9999.000,9999.000,9999.000,9999.000,9999.000,9999.000
202606262312,   5.939,   6.487,9999.000,9999.000,9999.000,9999.000,9999.000,9999.000,9999.000
202606262318,   5.985,   6.546,9999.000,9999.000,9999.000,9999.000,9999.000,9999.000,9999.000
202606262324,   6.025,   6.609,9999.000,9999.000,9999.000,9999.000,9999.000,9999.000,9999.000
202606262330,   6.059,   6.658,9999.000,9999.000,9999.000,9999.000,9999.000,9999.000,9999.000
202606262336,   6.086,   6.697,9999.000,9999.000,9999.000,9999.000,9999.000,9999.000,9999.000
202606262342,   6.107,   6.727,9999.000,9999.000,9999.000,9999.000,9999.000,9999.000,9999.000
202606262348,   6.121,   6.727,9999.000,9999.000,9999.000,9999.000,9999.000,9999.000,9999.000
202606262354,   6.130,   6.746,9999.000,9999.000,9999.000,9999.000,9999.000,9999.000,9999.000
202606270000,   6.132,   6.887,   0.300,   0.455,   6.887,   0.300,   6.887,   0.400,   6.987
202606270006,   6.129,   6.897,9999.000,9999.000,9999.000,9999.000,9999.000,9999.000,9999.000
202606270012,   6.120,   6.746,9999.000,9999.000,9999.000,9999.000,9999.000,9999.000,9999.000
202606270018,   6.105,   6.717,9999.000,9999.000,9999.000,9999.000,9999.000,9999.000,9999.000
202606270024,   6.084,   6.697,9999.000,9999.000,9999.000,9999.000,9999.000,9999.000,9999.000
202606270030,   6.059,   6.658,9999.000,9999.000,9999.000,9999.000,9999.000,9999.000,9999.000
202606270036,   6.027,   6.619,9999.000,9999.000,9999.000,9999.000,9999.000,9999.000,9999.000
202606270042,   5.991,   6.589,9999.000,9999.000,9999.000,9999.000,9999.000,9999.000,9999.000
202606270048,   5.950,   6.556,9999.000,9999.000,9999.000,9999.000,9999.000,9999.000,9999.000
202606270054,   5.905,   6.579,9999.000,9999.000,9999.000,9999.000,9999.000,9999.000,9999.000
202606270100,   5.854,   6.507,   0.300,   0.353,   6.507,   0.300,   6.507,   0.400,   6.607
202606270106,   5.799,   6.458,9999.000,9999.000,9999.000,9999.000,9999.000,9999.000,9999.000
202606270112,   5.740,   6.307,9999.000,9999.000,9999.000,9999.000,9999.000,9999.000,9999.000
202606270118,   5.677,   6.238,9999.000,9999.000,9999.000,9999.000,9999.000,9999.000,9999.000
202606270124,   5.610,   6.159,9999.000,9999.000,9999.000,9999.000,9999.000,9999.000,9999.000
202606270130,   5.539,   6.058,9999.000,9999.000,9999.000,9999.000,9999.000,9999.000,9999.000
202606270136,   5.465,   5.949,9999.000,9999.000,9999.000,9999.000,9999.000,9999.000,9999.000
202606270142,   5.387,   5.828,9999.000,9999.000,9999.000,9999.000,9999.000,9999.000,9999.000
202606270148,   5.305,   5.730,9999.000,9999.000,9999.000,9999.000,9999.000,9999.000,9999.000
202606270154,   5.221,   5.687,9999.000,9999.000,9999.000,9999.000,9999.000,9999.000,9999.000
202606270200,   5.133,   5.569,   0.300,   0.136,   5.569,   0.300,   5.569,   0.400,   5.669
202606270206,   5.042,   5.448,9999.000,9999.000,9999.000,9999.000,9999.000,9999.000,9999.000
202606270212,   4.949,   5.297,9999.000,9999.000,9999.000,9999.000,9999.000,9999.000,9999.000
202606270218,   4.853,   5.159,9999.000,9999.000,9999.000,9999.000,9999.000,9999.000,9999.000
202606270224,   4.754,   5.018,9999.000,9999.000,9999.000,9999.000,9999.000,9999.000,9999.000
202606270230,   4.653,   4.877,9999.000,9999.000,9999.000,9999.000,9999.000,9999.000,9999.000
202606270236,   4.550,   4.739,9999.000,9999.000,9999.000,9999.000,9999.000,9999.000,9999.000
202606270242,   4.444,   4.598,9999.000,9999.000,9999.000,9999.000,9999.000,9999.000,9999.000
202606270248,   4.337,   4.467,9999.000,9999.000,9999.000,9999.000,9999.000,9999.000,9999.000
202606270254,   4.228,   4.339,9999.000,9999.000,9999.000,9999.000,9999.000,9999.000,9999.000
202606270300,   4.117,   4.267,   0.300,  -0.150,   4.267,   0.300,   4.267,   0.400,   4.367
202606270306,   4.005,   4.139,9999.000,9999.000,9999.000,9999.000,9999.000,9999.000,9999.000
202606270312,   3.892,   3.988,9999.000,9999.000,9999.000,9999.000,9999.000,9999.000,9999.000
202606270318,   3.777,   3.880,9999.000,9999.000,9999.000,9999.000,9999.000,9999.000,9999.000
202606270324,   3.662,   3.749,9999.000,9999.000,9999.000,9999.000,9999.000,9999.000,9999.000
202606270330,   3.546,   3.617,9999.000,9999.000,9999.000,9999.000,9999.000,9999.000,9999.000
202606270336,   3.430,   3.499,9999.000,9999.000,9999.000,9999.000,9999.000,9999.000,9999.000
202606270342,   3.314,   3.398,9999.000,9999.000,9999.000,9999.000,9999.000,9999.000,9999.000
202606270348,   3.197,   3.299,9999.000,9999.000,9999.000,9999.000,9999.000,9999.000,9999.000
202606270354,   3.081,   3.188,9999.000,9999.000,9999.000,9999.000,9999.000,9999.000,9999.000
202606270400,   2.966,   3.138,   0.300,  -0.128,   3.138,   0.300,   3.138,   0.400,   3.238
202606270406,   2.852,   3.017,9999.000,9999.000,9999.000,9999.000,9999.000,9999.000,9999.000
202606270412,   2.738,   2.879,9999.000,9999.000,9999.000,9999.000,9999.000,9999.000,9999.000
202606270418,   2.626,   2.758,9999.000,9999.000,9999.000,9999.000,9999.000,9999.000,9999.000
202606270424,   2.516,   2.650,9999.000,9999.000,9999.000,9999.000,9999.000,9999.000,9999.000
202606270430,   2.407,   2.548,9999.000,9999.000,9999.000,9999.000,9999.000,9999.000,9999.000
202606270436,   2.301,   2.450,9999.000,9999.000,9999.000,9999.000,9999.000,9999.000,9999.000
202606270442,   2.197,   2.348,9999.000,9999.000,9999.000,9999.000,9999.000,9999.000,9999.000
202606270448,   2.095,   2.259,9999.000,9999.000,9999.000,9999.000,9999.000,9999.000,9999.000
202606270454,   1.997,   2.168,9999.000,9999.000,9999.000,9999.000,9999.000,9999.000,9999.000
202606270500,   1.901,   2.138,   0.300,  -0.063,   2.138,   0.300,   2.138,   0.400,   2.238
202606270506,   1.809,   2.040,9999.000,9999.000,9999.000,9999.000,9999.000,9999.000,9999.000
202606270512,   1.720,   1.889,9999.000,9999.000,9999.000,9999.000,9999.000,9999.000,9999.000
202606270518,   1.635,   1.810,9999.000,9999.000,9999.000,9999.000,9999.000,9999.000,9999.000
202606270524,   1.554,   1.728,9999.000,9999.000,9999.000,9999.000,9999.000,9999.000,9999.000
202606270530,   1.477,   1.659,9999.000,9999.000,9999.000,9999.000,9999.000,9999.000,9999.000
202606270536,   1.404,   1.580,9999.000,9999.000,9999.000,9999.000,9999.000,9999.000,9999.000
202606270542,   1.336,   1.498,9999.000,9999.000,9999.000,9999.000,9999.000,9999.000,9999.000
202606270548,   1.271,   1.420,9999.000,9999.000,9999.000,9999.000,9999.000,9999.000,9999.000
202606270554,   1.212,   1.361,9999.000,9999.000,9999.000,9999.000,9999.000,9999.000,9999.000
202606270600,   1.156,   1.410,   0.300,  -0.046,   1.410,   0.300,   1.410,   0.400,   1.510
202606270606,   1.106,   1.361,9999.000,9999.000,9999.000,9999.000,9999.000,9999.000,9999.000
202606270612,   1.060,   1.210,9999.000,9999.000,9999.000,9999.000,9999.000,9999.000,9999.000
202606270618,   1.019,   1.161,9999.000,9999.000,9999.000,9999.000,9999.000,9999.000,9999.000
202606270624,   0.982,   1.118,9999.000,9999.000,9999.000,9999.000,9999.000,9999.000,9999.000
202606270630,   0.951,   1.098,9999.000,9999.000,9999.000,9999.000,9999.000,9999.000,9999.000
202606270636,   0.924,   1.079,9999.000,9999.000,9999.000,9999.000,9999.000,9999.000,9999.000
202606270642,   0.902,   1.039,9999.000,9999.000,9999.000,9999.000,9999.000,9999.000,9999.000
202606270648,   0.884,   1.020,9999.000,9999.000,9999.000,9999.000,9999.000,9999.000,9999.000
202606270654,   0.872,   1.029,9999.000,9999.000,9999.000,9999.000,9999.000,9999.000,9999.000
202606270700,   0.864,   1.220,   0.300,   0.056,   1.220,   0.300,   1.220,   0.400,   1.320
202606270706,   0.862,   1.279,9999.000,9999.000,9999.000,9999.000,9999.000,9999.000,9999.000
202606270712,   0.864,   1.128,9999.000,9999.000,9999.000,9999.000,9999.000,9999.000,9999.000
202606270718,   0.872,   1.180,9999.000,9999.000,9999.000,9999.000,9999.000,9999.000,9999.000
202606270724,   0.884,   1.229,9999.000,9999.000,9999.000,9999.000,9999.000,9999.000,9999.000
202606270730,   0.902,   1.289,9999.000,9999.000,9999.000,9999.000,9999.000,9999.000,9999.000
202606270736,   0.925,   1.328,9999.000,9999.000,9999.000,9999.000,9999.000,9999.000,9999.000
202606270742,   0.954,   1.380,9999.000,9999.000,9999.000,9999.000,9999.000,9999.000,9999.000
202606270748,   0.989,   1.459,9999.000,9999.000,9999.000,9999.000,9999.000,9999.000,9999.000
202606270754,   1.029,   1.557,9999.000,9999.000,9999.000,9999.000,9999.000,9999.000,9999.000
202606270800,   1.076,   1.938,   0.300,   0.562,   1.938,   0.300,   1.938,   0.400,   2.038
202606270806,   1.129,   2.040,9999.000,9999.000,9999.000,9999.000,9999.000,9999.000,9999.000
202606270812,   1.187,   1.889,9999.000,9999.000,9999.000,9999.000,9999.000,9999.000,9999.000
202606270818,   1.252,   2.000,9999.000,9999.000,9999.000,9999.000,9999.000,9999.000,9999.000
202606270824,   1.324,   2.109,9999.000,9999.000,9999.000,9999.000,9999.000,9999.000,9999.000
202606270830,   1.401,   2.230,9999.000,9999.000,9999.000,9999.000,9999.000,9999.000,9999.000
202606270836,   1.484,   2.348,9999.000,9999.000,9999.000,9999.000,9999.000,9999.000,9999.000
202606270842,   1.573,   2.450,9999.000,9999.000,9999.000,9999.000,9999.000,9999.000,9999.000
202606270848,   1.668,   2.578,9999.000,9999.000,9999.000,9999.000,9999.000,9999.000,9999.000
202606270854,   1.768,   2.709,9999.000,9999.000,9999.000,9999.000,9999.000,9999.000,9999.000
202606270900,   1.872,   3.089,   0.400,   0.817,   3.089,   0.300,   2.989,   0.400,   3.089
202606270906,   1.981,   3.207,9999.000,9999.000,9999.000,9999.000,9999.000,9999.000,9999.000
202606270912,   2.093,   3.060,9999.000,9999.000,9999.000,9999.000,9999.000,9999.000,9999.000
202606270918,   2.208,   3.168,9999.000,9999.000,9999.000,9999.000,9999.000,9999.000,9999.000
202606270924,   2.325,   3.289,9999.000,9999.000,9999.000,9999.000,9999.000,9999.000,9999.000
202606270930,   2.444,   3.407,9999.000,9999.000,9999.000,9999.000,9999.000,9999.000,9999.000
202606270936,   2.563,   3.529,9999.000,9999.000,9999.000,9999.000,9999.000,9999.000,9999.000
202606270942,   2.682,   3.637,9999.000,9999.000,9999.000,9999.000,9999.000,9999.000,9999.000
202606270948,   2.800,   3.729,9999.000,9999.000,9999.000,9999.000,9999.000,9999.000,9999.000
202606270954,   2.917,   3.808,9999.000,9999.000,9999.000,9999.000,9999.000,9999.000,9999.000
202606271000,   3.031,   4.198,   0.400,   0.767,   4.198,   0.300,   4.098,   0.400,   4.198
202606271006,   3.143,   4.300,9999.000,9999.000,9999.000,9999.000,9999.000,9999.000,9999.000
202606271012,   3.251,   4.149,9999.000,9999.000,9999.000,9999.000,9999.000,9999.000,9999.000
202606271018,   3.356,   4.257,9999.000,9999.000,9999.000,9999.000,9999.000,9999.000,9999.000
202606271024,   3.457,   4.359,9999.000,9999.000,9999.000,9999.000,9999.000,9999.000,9999.000
202606271030,   3.554,   4.447,9999.000,9999.000,9999.000,9999.000,9999.000,9999.000,9999.000
202606271036,   3.646,   4.559,9999.000,9999.000,9999.000,9999.000,9999.000,9999.000,9999.000
202606271042,   3.733,   4.657,9999.000,9999.000,9999.000,9999.000,9999.000,9999.000,9999.000
202606271048,   3.815,   4.778,9999.000,9999.000,9999.000,9999.000,9999.000,9999.000,9999.000
202606271054,   3.892,   4.877,9999.000,9999.000,9999.000,9999.000,9999.000,9999.000,9999.000
202606271100,   3.965,   5.198,   0.400,   0.833,   5.198,   0.300,   5.098,   0.400,   5.198
202606271106,   4.032,   5.267,9999.000,9999.000,9999.000,9999.000,9999.000,9999.000,9999.000
202606271112,   4.093,   5.120,9999.000,9999.000,9999.000,9999.000,9999.000,9999.000,9999.000
202606271118,   4.150,   5.179,9999.000,9999.000,9999.000,9999.000,9999.000,9999.000,9999.000
202606271124,   4.201,   5.238,9999.000,9999.000,9999.000,9999.000,9999.000,9999.000,9999.000
202606271130,   4.247,   5.307,9999.000,9999.000,9999.000,9999.000,9999.000,9999.000,9999.000
202606271136,   4.288,   5.359,9999.000,9999.000,9999.000,9999.000,9999.000,9999.000,9999.000
202606271142,   4.324,   5.408,9999.000,9999.000,9999.000,9999.000,9999.000,9999.000,9999.000
202606271148,   4.354,   5.457,9999.000,9999.000,9999.000,9999.000,9999.000,9999.000,9999.000
202606271154,   4.379,   5.497,9999.000,9999.000,9999.000,9999.000,9999.000,9999.000,9999.000
202606271200,   4.399,   5.697,   0.400,   0.898,   5.697,   0.300,   5.597,   0.400,   5.697
202606271206,   4.414,   5.707,9999.000,9999.000,9999.000,9999.000,9999.000,9999.000,9999.000
202606271212,   4.424,   5.559,9999.000,9999.000,9999.000,9999.000,9999.000,9999.000,9999.000
202606271218,   4.429,   5.589,9999.000,9999.000,9999.000,9999.000,9999.000,9999.000,9999.000
202606271224,   4.429,   5.608,9999.000,9999.000,9999.000,9999.000,9999.000,9999.000,9999.000
202606271230,   4.424,   5.638,9999.000,9999.000,9999.000,9999.000,9999.000,9999.000,9999.000
202606271236,   4.415,   5.638,9999.000,9999.000,9999.000,9999.000,9999.000,9999.000,9999.000
202606271242,   4.401,   5.608,9999.000,9999.000,9999.000,9999.000,9999.000,9999.000,9999.000
202606271248,   4.383,   5.569,9999.000,9999.000,9999.000,9999.000,9999.000,9999.000,9999.000
202606271254,   4.360,   5.530,9999.000,9999.000,9999.000,9999.000,9999.000,9999.000,9999.000
202606271300,   4.334,   5.579,   0.400,   0.845,   5.579,   0.300,   5.479,   0.400,   5.579
202606271306,   4.303,   5.559,9999.000,9999.000,9999.000,9999.000,9999.000,9999.000,9999.000
202606271312,   4.269,   5.408,9999.000,9999.000,9999.000,9999.000,9999.000,9999.000,9999.000
202606271318,   4.231,   5.369,9999.000,9999.000,9999.000,9999.000,9999.000,9999.000,9999.000
202606271324,   4.189,   5.359,9999.000,9999.000,9999.000,9999.000,9999.000,9999.000,9999.000
202606271330,   4.144,   5.297,9999.000,9999.000,9999.000,9999.000,9999.000,9999.000,9999.000
202606271336,   4.095,   5.238,9999.000,9999.000,9999.000,9999.000,9999.000,9999.000,9999.000
202606271342,   4.044,   5.179,9999.000,9999.000,9999.000,9999.000,9999.000,9999.000,9999.000
202606271348,   3.989,   5.087,9999.000,9999.000,9999.000,9999.000,9999.000,9999.000,9999.000
202606271354,   3.932,   4.988,9999.000,9999.000,9999.000,9999.000,9999.000,9999.000,9999.000
202606271400,   3.871,   4.979,   0.400,   0.708,   4.979,   0.400,   4.979,   0.400,   4.979
202606271406,   3.809,   4.877,9999.000,9999.000,9999.000,9999.000,9999.000,9999.000,9999.000
202606271412,   3.743,   4.729,9999.000,9999.000,9999.000,9999.000,9999.000,9999.000,9999.000
202606271418,   3.675,   4.628,9999.000,9999.000,9999.000,9999.000,9999.000,9999.000,9999.000
202606271424,   3.605,   4.519,9999.000,9999.000,9999.000,9999.000,9999.000,9999.000,9999.000
202606271430,   3.533,   4.427,9999.000,9999.000,9999.000,9999.000,9999.000,9999.000,9999.000
202606271436,   3.458,   4.319,9999.000,9999.000,9999.000,9999.000,9999.000,9999.000,9999.000
202606271442,   3.382,   4.227,9999.000,9999.000,9999.000,9999.000,9999.000,9999.000,9999.000
202606271448,   3.304,   4.129,9999.000,9999.000,9999.000,9999.000,9999.000,9999.000,9999.000
202606271454,   3.224,   4.017,9999.000,9999.000,9999.000,9999.000,9999.000,9999.000,9999.000
202606271500,   3.143,   3.968,   0.400,   0.425,   3.968,   0.400,   3.968,   0.400,   3.968
202606271506,   3.060,   3.860,9999.000,9999.000,9999.000,9999.000,9999.000,9999.000,9999.000
202606271512,   2.976,   3.709,9999.000,9999.000,9999.000,9999.000,9999.000,9999.000,9999.000
202606271518,   2.890,   3.598,9999.000,9999.000,9999.000,9999.000,9999.000,9999.000,9999.000
202606271524,   2.804,   3.480,9999.000,9999.000,9999.000,9999.000,9999.000,9999.000,9999.000
202606271530,   2.717,   3.358,9999.000,9999.000,9999.000,9999.000,9999.000,9999.000,9999.000
202606271536,   2.629,   3.270,9999.000,9999.000,9999.000,9999.000,9999.000,9999.000,9999.000
202606271542,   2.541,   3.178,9999.000,9999.000,9999.000,9999.000,9999.000,9999.000,9999.000
202606271548,   2.452,   3.099,9999.000,9999.000,9999.000,9999.000,9999.000,9999.000,9999.000
202606271554,   2.363,   3.007,9999.000,9999.000,9999.000,9999.000,9999.000,9999.000,9999.000
202606271600,   2.274,   2.988,   0.400,   0.314,   2.988,   0.400,   2.988,   0.400,   2.988
202606271606,   2.186,   2.879,9999.000,9999.000,9999.000,9999.000,9999.000,9999.000,9999.000
202606271612,   2.098,   2.728,9999.000,9999.000,9999.000,9999.000,9999.000,9999.000,9999.000
202606271618,   2.011,   2.620,9999.000,9999.000,9999.000,9999.000,9999.000,9999.000,9999.000
202606271624,   1.924,   2.509,9999.000,9999.000,9999.000,9999.000,9999.000,9999.000,9999.000
202606271630,   1.839,   2.400,9999.000,9999.000,9999.000,9999.000,9999.000,9999.000,9999.000
202606271636,   1.755,   2.299,9999.000,9999.000,9999.000,9999.000,9999.000,9999.000,9999.000
202606271642,   1.673,   2.191,9999.000,9999.000,9999.000,9999.000,9999.000,9999.000,9999.000
202606271648,   1.593,   2.099,9999.000,9999.000,9999.000,9999.000,9999.000,9999.000,9999.000
202606271654,   1.515,   2.010,9999.000,9999.000,9999.000,9999.000,9999.000,9999.000,9999.000
202606271700,   1.440,   2.000,   0.400,   0.160,   2.000,   0.400,   2.000,   0.400,   2.000
202606271706,   1.367,   1.928,9999.000,9999.000,9999.000,9999.000,9999.000,9999.000,9999.000
202606271712,   1.297,   1.781,9999.000,9999.000,9999.000,9999.000,9999.000,9999.000,9999.000
202606271718,   1.230,   1.708,9999.000,9999.000,9999.000,9999.000,9999.000,9999.000,9999.000
202606271724,   1.167,   1.630,9999.000,9999.000,9999.000,9999.000,9999.000,9999.000,9999.000
202606271730,   1.108,   1.557,9999.000,9999.000,9999.000,9999.000,9999.000,9999.000,9999.000
202606271736,   1.052,   1.489,9999.000,9999.000,9999.000,9999.000,9999.000,9999.000,9999.000
202606271742,   1.001,   1.430,9999.000,9999.000,9999.000,9999.000,9999.000,9999.000,9999.000
202606271748,   0.954,   1.361,9999.000,9999.000,9999.000,9999.000,9999.000,9999.000,9999.000
202606271754,   0.912,   1.308,9999.000,9999.000,9999.000,9999.000,9999.000,9999.000,9999.000
202606271800,   0.874,   1.361,   0.400,   0.087,   1.361,   0.400,   1.361,   0.500,   1.461
202606271806,   0.842,   1.298,9999.000,9999.000,9999.000,9999.000,9999.000,9999.000,9999.000
202606271812,   0.814,   1.151,9999.000,9999.000,9999.000,9999.000,9999.000,9999.000,9999.000
202606271818,   0.792,   1.079,9999.000,9999.000,9999.000,9999.000,9999.000,9999.000,9999.000
202606271824,   0.776,   1.020,9999.000,9999.000,9999.000,9999.000,9999.000,9999.000,9999.000
202606271830,   0.765,   1.010,9999.000,9999.000,9999.000,9999.000,9999.000,9999.000,9999.000
202606271836,   0.759,   1.049,9999.000,9999.000,9999.000,9999.000,9999.000,9999.000,9999.000
202606271842,   0.760,   1.128,9999.000,9999.000,9999.000,9999.000,9999.000,9999.000,9999.000
202606271848,   0.766,   1.229,9999.000,9999.000,9999.000,9999.000,9999.000,9999.000,9999.000
202606271854,   0.778,   1.298,9999.000,9999.000,9999.000,9999.000,9999.000,9999.000,9999.000
202606271900,   0.796,   1.590,   0.400,   0.394,   1.590,   0.400,   1.590,   0.500,   1.690
202606271906,   0.820,   1.630,9999.000,9999.000,9999.000,9999.000,9999.000,9999.000,9999.000
202606271912,   0.849,   1.479,9999.000,9999.000,9999.000,9999.000,9999.000,9999.000,9999.000
202606271918,   0.885,   1.528,9999.000,9999.000,9999.000,9999.000,9999.000,9999.000,9999.000
202606271924,   0.926,   1.571,9999.000,9999.000,9999.000,9999.000,9999.000,9999.000,9999.000
202606271930,   0.973,   1.620,9999.000,9999.000,9999.000,9999.000,9999.000,9999.000,9999.000
202606271936,   1.027,   1.718,9999.000,9999.000,9999.000,9999.000,9999.000,9999.000,9999.000
202606271942,   1.086,   1.810,9999.000,9999.000,9999.000,9999.000,9999.000,9999.000,9999.000
202606271948,   1.151,   1.918,9999.000,9999.000,9999.000,9999.000,9999.000,9999.000,9999.000
202606271954,   1.222,   2.049,9999.000,9999.000,9999.000,9999.000,9999.000,9999.000,9999.000
202606272000,   1.300,   2.479,   0.400,   0.779,   2.479,   0.400,   2.479,   0.500,   2.579
202606272006,   1.383,   2.620,9999.000,9999.000,9999.000,9999.000,9999.000,9999.000,9999.000
202606272012,   1.473,   2.469,9999.000,9999.000,9999.000,9999.000,9999.000,9999.000,9999.000
202606272018,   1.570,   2.620,9999.000,9999.000,9999.000,9999.000,9999.000,9999.000,9999.000
202606272024,   1.672,   2.758,9999.000,9999.000,9999.000,9999.000,9999.000,9999.000,9999.000
202606272030,   1.781,   2.860,9999.000,9999.000,9999.000,9999.000,9999.000,9999.000,9999.000
202606272036,   1.896,   2.958,9999.000,9999.000,9999.000,9999.000,9999.000,9999.000,9999.000
202606272042,   2.018,   3.070,9999.000,9999.000,9999.000,9999.000,9999.000,9999.000,9999.000
202606272048,   2.145,   3.178,9999.000,9999.000,9999.000,9999.000,9999.000,9999.000,9999.000
202606272054,   2.278,   3.289,9999.000,9999.000,9999.000,9999.000,9999.000,9999.000,9999.000
202606272100,   2.416,   3.699,   0.500,   0.783,   3.699,   0.400,   3.599,   0.500,   3.699
202606272106,   2.559,   3.817,9999.000,9999.000,9999.000,9999.000,9999.000,9999.000,9999.000
202606272112,   2.707,   3.670,9999.000,9999.000,9999.000,9999.000,9999.000,9999.000,9999.000
202606272118,   2.858,   3.788,9999.000,9999.000,9999.000,9999.000,9999.000,9999.000,9999.000
202606272124,   3.013,   3.899,9999.000,9999.000,9999.000,9999.000,9999.000,9999.000,9999.000
202606272130,   3.170,   4.017,9999.000,9999.000,9999.000,9999.000,9999.000,9999.000,9999.000
202606272136,   3.329,   4.149,9999.000,9999.000,9999.000,9999.000,9999.000,9999.000,9999.000
202606272142,   3.488,   4.280,9999.000,9999.000,9999.000,9999.000,9999.000,9999.000,9999.000
202606272148,   3.648,   4.388,9999.000,9999.000,9999.000,9999.000,9999.000,9999.000,9999.000
202606272154,   3.808,   4.500,9999.000,9999.000,9999.000,9999.000,9999.000,9999.000,9999.000
202606272200,   3.965,   4.877,   0.500,   0.412,   4.877,   0.400,   4.777,   0.500,   4.877
202606272206,   4.121,   4.998,9999.000,9999.000,9999.000,9999.000,9999.000,9999.000,9999.000
202606272212,   4.274,   4.847,9999.000,9999.000,9999.000,9999.000,9999.000,9999.000,9999.000
202606272218,   4.423,   4.969,9999.000,9999.000,9999.000,9999.000,9999.000,9999.000,9999.000
202606272224,   4.569,   5.110,9999.000,9999.000,9999.000,9999.000,9999.000,9999.000,9999.000
202606272230,   4.709,   5.247,9999.000,9999.000,9999.000,9999.000,9999.000,9999.000,9999.000
202606272236,   4.845,   5.398,9999.000,9999.000,9999.000,9999.000,9999.000,9999.000,9999.000
202606272242,   4.976,   5.530,9999.000,9999.000,9999.000,9999.000,9999.000,9999.000,9999.000
202606272248,   5.100,   5.648,9999.000,9999.000,9999.000,9999.000,9999.000,9999.000,9999.000
202606272254,   5.219,   5.759,9999.000,9999.000,9999.000,9999.000,9999.000,9999.000,9999.000
202606272300,   5.332,   6.127,   0.500,   0.295,   6.127,   0.400,   6.027,   0.500,   6.127
202606272306,   5.438,   6.238,9999.000,9999.000,9999.000,9999.000,9999.000,9999.000,9999.000
202606272312,   5.538,   6.087,9999.000,9999.000,9999.000,9999.000,9999.000,9999.000,9999.000
202606272318,   5.631,   6.179,9999.000,9999.000,9999.000,9999.000,9999.000,9999.000,9999.000
202606272324,   5.718,   6.258,9999.000,9999.000,9999.000,9999.000,9999.000,9999.000,9999.000
202606272330,   5.799,   6.327,9999.000,9999.000,9999.000,9999.000,9999.000,9999.000,9999.000
202606272336,   5.872,   6.418,9999.000,9999.000,9999.000,9999.000,9999.000,9999.000,9999.000
202606272342,   5.939,   6.507,9999.000,9999.000,9999.000,9999.000,9999.000,9999.000,9999.000
202606272348,   6.000,   6.579,9999.000,9999.000,9999.000,9999.000,9999.000,9999.000,9999.000
202606272354,   6.054,   6.668,9999.000,9999.000,9999.000,9999.000,9999.000,9999.000,9999.000
202606280000,   6.101,   6.947,   0.500,   0.346,   6.947,   0.500,   6.947,   0.500,   6.947
202606280006,   6.142,   7.009,9999.000,9999.000,9999.000,9999.000,9999.000,9999.000,9999.000
202606280012,   6.176,   6.858,9999.000,9999.000,9999.000,9999.000,9999.000,9999.000,9999.000
202606280018,   6.204,   6.907,9999.000,9999.000,9999.000,9999.000,9999.000,9999.000,9999.000
202606280024,   6.225,   6.927,9999.000,9999.000,9999.000,9999.000,9999.000,9999.000,9999.000
202606280030,   6.240,   6.927,9999.000,9999.000,9999.000,9999.000,9999.000,9999.000,9999.000
202606280036,   6.249,   6.927,9999.000,9999.000,9999.000,9999.000,9999.000,9999.000,9999.000
202606280042,   6.252,   6.927,9999.000,9999.000,9999.000,9999.000,9999.000,9999.000,9999.000
202606280048,   6.249,   6.927,9999.000,9999.000,9999.000,9999.000,9999.000,9999.000,9999.000
202606280054,   6.239,   6.937,9999.000,9999.000,9999.000,9999.000,9999.000,9999.000,9999.000
202606280100,   6.224,   7.058,   0.500,   0.334,   7.058,   0.500,   7.058,   0.500,   7.058
202606280106,   6.204,   7.029,9999.000,9999.000,9999.000,9999.000,9999.000,9999.000,9999.000
202606280112,   6.177,   6.878,9999.000,9999.000,9999.000,9999.000,9999.000,9999.000,9999.000
202606280118,   6.145,   6.848,9999.000,9999.000,9999.000,9999.000,9999.000,9999.000,9999.000
202606280124,   6.108,   6.819,9999.000,9999.000,9999.000,9999.000,9999.000,9999.000,9999.000
202606280130,   6.066,   6.756,9999.000,9999.000,9999.000,9999.000,9999.000,9999.000,9999.000
202606280136,   6.019,   6.687,9999.000,9999.000,9999.000,9999.000,9999.000,9999.000,9999.000
202606280142,   5.967,   6.599,9999.000,9999.000,9999.000,9999.000,9999.000,9999.000,9999.000
202606280148,   5.911,   6.517,9999.000,9999.000,9999.000,9999.000,9999.000,9999.000,9999.000
202606280154,   5.850,   6.428,9999.000,9999.000,9999.000,9999.000,9999.000,9999.000,9999.000
202606280200,   5.784,   6.409,   0.500,   0.125,   6.409,   0.500,   6.409,   0.500,   6.409
202606280206,   5.715,   6.327,9999.000,9999.000,9999.000,9999.000,9999.000,9999.000,9999.000
202606280212,   5.641,   6.179,9999.000,9999.000,9999.000,9999.000,9999.000,9999.000,9999.000
202606280218,   5.564,   6.087,9999.000,9999.000,9999.000,9999.000,9999.000,9999.000,9999.000
202606280224,   5.483,   6.008,9999.000,9999.000,9999.000,9999.000,9999.000,9999.000,9999.000
202606280230,   5.399,   5.926,9999.000,9999.000,9999.000,9999.000,9999.000,9999.000,9999.000
202606280236,   5.311,   5.838,9999.000,9999.000,9999.000,9999.000,9999.000,9999.000,9999.000
202606280242,   5.220,   5.717,9999.000,9999.000,9999.000,9999.000,9999.000,9999.000,9999.000
202606280248,   5.126,   5.618,9999.000,9999.000,9999.000,9999.000,9999.000,9999.000,9999.000
202606280254,   5.029,   5.497,9999.000,9999.000,9999.000,9999.000,9999.000,9999.000,9999.000
202606280300,   4.929,   5.349,   0.500,  -0.080,   5.349,   0.500,   5.349,   0.500,   5.349
202606280306,   4.827,   5.169,9999.000,9999.000,9999.000,9999.000,9999.000,9999.000,9999.000
202606280312,   4.722,   5.018,9999.000,9999.000,9999.000,9999.000,9999.000,9999.000,9999.000
202606280318,   4.615,   4.867,9999.000,9999.000,9999.000,9999.000,9999.000,9999.000,9999.000
202606280324,   4.505,   4.729,9999.000,9999.000,9999.000,9999.000,9999.000,9999.000,9999.000
202606280330,   4.394,   4.618,9999.000,9999.000,9999.000,9999.000,9999.000,9999.000,9999.000
202606280336,   4.281,   4.529,9999.000,9999.000,9999.000,9999.000,9999.000,9999.000,9999.000
202606280342,   4.166,   4.408,9999.000,9999.000,9999.000,9999.000,9999.000,9999.000,9999.000
202606280348,   4.050,   4.280,9999.000,9999.000,9999.000,9999.000,9999.000,9999.000,9999.000
202606280354,   3.933,   4.159,9999.000,9999.000,9999.000,9999.000,9999.000,9999.000,9999.000
202606280400,   3.814,   4.070,   0.500,  -0.244,   4.070,   0.500,   4.070,   0.600,   4.170
202606280406,   3.695,   3.958,9999.000,9999.000,9999.000,9999.000,9999.000,9999.000,9999.000
202606280412,   3.575,   3.808,9999.000,9999.000,9999.000,9999.000,9999.000,9999.000,9999.000
202606280418,   3.455,   3.699,9999.000,9999.000,9999.000,9999.000,9999.000,9999.000,9999.000
202606280424,   3.334,   3.578,9999.000,9999.000,9999.000,9999.000,9999.000,9999.000,9999.000
202606280430,   3.213,   3.470,9999.000,9999.000,9999.000,9999.000,9999.000,9999.000,9999.000
202606280436,   3.093,   3.358,9999.000,9999.000,9999.000,9999.000,9999.000,9999.000,9999.000
202606280442,   2.973,   3.240,9999.000,9999.000,9999.000,9999.000,9999.000,9999.000,9999.000
202606280448,   2.854,   3.138,9999.000,9999.000,9999.000,9999.000,9999.000,9999.000,9999.000
202606280454,   2.736,   3.050,9999.000,9999.000,9999.000,9999.000,9999.000,9999.000,9999.000
202606280500,   2.620,   2.978,   0.500,  -0.142,   2.978,   0.500,   2.978,   0.600,   3.078
202606280506,   2.504,   2.869,9999.000,9999.000,9999.000,9999.000,9999.000,9999.000,9999.000
202606280512,   2.391,   2.719,9999.000,9999.000,9999.000,9999.000,9999.000,9999.000,9999.000
202606280518,   2.280,   2.630,9999.000,9999.000,9999.000,9999.000,9999.000,9999.000,9999.000
202606280524,   2.171,   2.528,9999.000,9999.000,9999.000,9999.000,9999.000,9999.000,9999.000
202606280530,   2.065,   2.440,9999.000,9999.000,9999.000,9999.000,9999.000,9999.000,9999.000
202606280536,   1.961,   2.368,9999.000,9999.000,9999.000,9999.000,9999.000,9999.000,9999.000
202606280542,   1.861,   2.269,9999.000,9999.000,9999.000,9999.000,9999.000,9999.000,9999.000
202606280548,   1.763,   2.168,9999.000,9999.000,9999.000,9999.000,9999.000,9999.000,9999.000
202606280554,   1.670,   2.079,9999.000,9999.000,9999.000,9999.000,9999.000,9999.000,9999.000
202606280600,   1.580,   1.990,   0.500,  -0.090,   1.990,   0.500,   1.990,   0.600,   2.090
202606280606,   1.494,   1.908,9999.000,9999.000,9999.000,9999.000,9999.000,9999.000,9999.000
202606280612,   1.412,   1.758,9999.000,9999.000,9999.000,9999.000,9999.000,9999.000,9999.000
202606280618,   1.334,   1.679,9999.000,9999.000,9999.000,9999.000,9999.000,9999.000,9999.000
202606280624,   1.261,   1.600,9999.000,9999.000,9999.000,9999.000,9999.000,9999.000,9999.000
202606280630,   1.192,   1.498,9999.000,9999.000,9999.000,9999.000,9999.000,9999.000,9999.000
202606280636,   1.128,   1.439,9999.000,9999.000,9999.000,9999.000,9999.000,9999.000,9999.000
202606280642,   1.069,   1.371,9999.000,9999.000,9999.000,9999.000,9999.000,9999.000,9999.000
202606280648,   1.015,   1.318,9999.000,9999.000,9999.000,9999.000,9999.000,9999.000,9999.000
202606280654,   0.965,   1.259,9999.000,9999.000,9999.000,9999.000,9999.000,9999.000,9999.000
202606280700,   0.921,   1.348,   0.600,  -0.173,   1.348,   0.500,   1.248,   0.600,   1.348
202606280706,   0.881,   1.328,9999.000,9999.000,9999.000,9999.000,9999.000,9999.000,9999.000
202606280712,   0.846,   1.180,9999.000,9999.000,9999.000,9999.000,9999.000,9999.000,9999.000
202606280718,   0.817,   1.161,9999.000,9999.000,9999.000,9999.000,9999.000,9999.000,9999.000
202606280724,   0.792,   1.128,9999.000,9999.000,9999.000,9999.000,9999.000,9999.000,9999.000
202606280730,   0.773,   1.118,9999.000,9999.000,9999.000,9999.000,9999.000,9999.000,9999.000
202606280736,   0.759,   1.128,9999.000,9999.000,9999.000,9999.000,9999.000,9999.000,9999.000
202606280742,   0.750,   1.161,9999.000,9999.000,9999.000,9999.000,9999.000,9999.000,9999.000
202606280748,   0.746,   1.200,9999.000,9999.000,9999.000,9999.000,9999.000,9999.000,9999.000
202606280754,   0.747,   1.239,9999.000,9999.000,9999.000,9999.000,9999.000,9999.000,9999.000
202606280800,   0.754,   1.449,   0.600,   0.095,   1.449,   0.500,   1.349,   0.600,   1.449
202606280806,   0.766,   1.489,9999.000,9999.000,9999.000,9999.000,9999.000,9999.000,9999.000
202606280812,   0.784,   1.338,9999.000,9999.000,9999.000,9999.000,9999.000,9999.000,9999.000
202606280818,   0.807,   1.410,9999.000,9999.000,9999.000,9999.000,9999.000,9999.000,9999.000
202606280824,   0.836,   1.469,9999.000,9999.000,9999.000,9999.000,9999.000,9999.000,9999.000
202606280830,   0.871,   1.528,9999.000,9999.000,9999.000,9999.000,9999.000,9999.000,9999.000
202606280836,   0.912,   1.620,9999.000,9999.000,9999.000,9999.000,9999.000,9999.000,9999.000
202606280842,   0.960,   1.738,9999.000,9999.000,9999.000,9999.000,9999.000,9999.000,9999.000
202606280848,   1.013,   1.840,9999.000,9999.000,9999.000,9999.000,9999.000,9999.000,9999.000
202606280854,   1.074,   1.938,9999.000,9999.000,9999.000,9999.000,9999.000,9999.000,9999.000
202606280900,   1.140,   2.289,   0.600,   0.549,   2.289,   0.500,   2.189,   0.600,   2.289
202606280906,   1.213,   2.387,9999.000,9999.000,9999.000,9999.000,9999.000,9999.000,9999.000
202606280912,   1.293,   2.240,9999.000,9999.000,9999.000,9999.000,9999.000,9999.000,9999.000
202606280918,   1.378,   2.328,9999.000,9999.000,9999.000,9999.000,9999.000,9999.000,9999.000
202606280924,   1.470,   2.440,9999.000,9999.000,9999.000,9999.000,9999.000,9999.000,9999.000
202606280930,   1.568,   2.568,9999.000,9999.000,9999.000,9999.000,9999.000,9999.000,9999.000
202606280936,   1.671,   2.699,9999.000,9999.000,9999.000,9999.000,9999.000,9999.000,9999.000
202606280942,   1.779,   2.820,9999.000,9999.000,9999.000,9999.000,9999.000,9999.000,9999.000
202606280948,   1.892,   2.938,9999.000,9999.000,9999.000,9999.000,9999.000,9999.000,9999.000
202606280954,   2.009,   3.060,9999.000,9999.000,9999.000,9999.000,9999.000,9999.000,9999.000
202606281000,   2.128,   3.440,   0.600,   0.712,   3.440,   0.600,   3.440,   0.600,   3.440
202606281006,   2.251,   3.558,9999.000,9999.000,9999.000,9999.000,9999.000,9999.000,9999.000
202606281012,   2.374,   3.407,9999.000,9999.000,9999.000,9999.000,9999.000,9999.000,9999.000
202606281018,   2.499,   3.548,9999.000,9999.000,9999.000,9999.000,9999.000,9999.000,9999.000
202606281024,   2.623,   3.689,9999.000,9999.000,9999.000,9999.000,9999.000,9999.000,9999.000
202606281030,   2.747,   3.817,9999.000,9999.000,9999.000,9999.000,9999.000,9999.000,9999.000
202606281036,   2.869,   3.958,9999.000,9999.000,9999.000,9999.000,9999.000,9999.000,9999.000
202606281042,   2.989,   4.099,9999.000,9999.000,9999.000,9999.000,9999.000,9999.000,9999.000
202606281048,   3.106,   4.188,9999.000,9999.000,9999.000,9999.000,9999.000,9999.000,9999.000
202606281054,   3.220,   4.280,9999.000,9999.000,9999.000,9999.000,9999.000,9999.000,9999.000
202606281100,   3.329,   4.578,   0.600,   0.649,   4.578,   0.600,   4.578,   0.600,   4.578
202606281106,   3.435,   4.637,9999.000,9999.000,9999.000,9999.000,9999.000,9999.000,9999.000
202606281112,   3.536,   4.490,9999.000,9999.000,9999.000,9999.000,9999.000,9999.000,9999.000
202606281118,   3.632,   4.559,9999.000,9999.000,9999.000,9999.000,9999.000,9999.000,9999.000
202606281124,   3.723,   4.637,9999.000,9999.000,9999.000,9999.000,9999.000,9999.000,9999.000
202606281130,   3.809,   4.749,9999.000,9999.000,9999.000,9999.000,9999.000,9999.000,9999.000
202606281136,   3.890,   4.847,9999.000,9999.000,9999.000,9999.000,9999.000,9999.000,9999.000
202606281142,   3.965,   4.929,9999.000,9999.000,9999.000,9999.000,9999.000,9999.000,9999.000
202606281148,   4.036,   5.008,9999.000,9999.000,9999.000,9999.000,9999.000,9999.000,9999.000
202606281154,   4.100,   5.057,9999.000,9999.000,9999.000,9999.000,9999.000,9999.000,9999.000
202606281200,   4.160,   5.359,   0.600,   0.599,   5.359,   0.600,   5.359,   0.600,   5.359
202606281206,   4.214,   5.418,9999.000,9999.000,9999.000,9999.000,9999.000,9999.000,9999.000
202606281212,   4.262,   5.267,9999.000,9999.000,9999.000,9999.000,9999.000,9999.000,9999.000
202606281218,   4.306,   5.339,9999.000,9999.000,9999.000,9999.000,9999.000,9999.000,9999.000
202606281224,   4.344,   5.408,9999.000,9999.000,9999.000,9999.000,9999.000,9999.000,9999.000
202606281230,   4.376,   5.487,9999.000,9999.000,9999.000,9999.000,9999.000,9999.000,9999.000
202606281236,   4.403,   5.569,9999.000,9999.000,9999.000,9999.000,9999.000,9999.000,9999.000
202606281242,   4.426,   5.618,9999.000,9999.000,9999.000,9999.000,9999.000,9999.000,9999.000
202606281248,   4.442,   5.638,9999.000,9999.000,9999.000,9999.000,9999.000,9999.000,9999.000
202606281254,   4.454,   5.618,9999.000,9999.000,9999.000,9999.000,9999.000,9999.000,9999.000
202606281300,   4.461,   5.779,   0.600,   0.718,   5.779,   0.600,   5.779,   0.600,   5.779
202606281306,   4.463,   5.808,9999.000,9999.000,9999.000,9999.000,9999.000,9999.000,9999.000
202606281312,   4.459,   5.657,9999.000,9999.000,9999.000,9999.000,9999.000,9999.000,9999.000
202606281318,   4.451,   5.677,9999.000,9999.000,9999.000,9999.000,9999.000,9999.000,9999.000
202606281324,   4.439,   5.628,9999.000,9999.000,9999.000,9999.000,9999.000,9999.000,9999.000
202606281330,   4.421,   5.559,9999.000,9999.000,9999.000,9999.000,9999.000,9999.000,9999.000
202606281336,   4.400,   5.487,9999.000,9999.000,9999.000,9999.000,9999.000,9999.000,9999.000
202606281342,   4.373,   5.418,9999.000,9999.000,9999.000,9999.000,9999.000,9999.000,9999.000
202606281348,   4.343,   5.398,9999.000,9999.000,9999.000,9999.000,9999.000,9999.000,9999.000
202606281354,   4.309,   5.389,9999.000,9999.000,9999.000,9999.000,9999.000,9999.000,9999.000
202606281400,   4.270,   5.539,   0.600,   0.669,   5.539,   0.600,   5.539,   0.600,   5.539
202606281406,   4.228,   5.516,9999.000,9999.000,9999.000,9999.000,9999.000,9999.000,9999.000
202606281412,   4.182,   5.369,9999.000,9999.000,9999.000,9999.000,9999.000,9999.000,9999.000
202606281418,   4.133,   5.297,9999.000,9999.000,9999.000,9999.000,9999.000,9999.000,9999.000
202606281424,   4.080,   5.188,9999.000,9999.000,9999.000,9999.000,9999.000,9999.000,9999.000
202606281430,   4.024,   5.057,9999.000,9999.000,9999.000,9999.000,9999.000,9999.000,9999.000
202606281436,   3.965,   4.959,9999.000,9999.000,9999.000,9999.000,9999.000,9999.000,9999.000
202606281442,   3.904,   4.887,9999.000,9999.000,9999.000,9999.000,9999.000,9999.000,9999.000
202606281448,   3.839,   4.857,9999.000,9999.000,9999.000,9999.000,9999.000,9999.000,9999.000
202606281454,   3.772,   4.808,9999.000,9999.000,9999.000,9999.000,9999.000,9999.000,9999.000
202606281500,   3.702,   4.808,   0.600,   0.506,   4.808,   0.600,   4.808,   0.600,   4.808
202606281506,   3.630,   4.700,9999.000,9999.000,9999.000,9999.000,9999.000,9999.000,9999.000
202606281512,   3.555,   4.549,9999.000,9999.000,9999.000,9999.000,9999.000,9999.000,9999.000
202606281518,   3.479,   4.447,9999.000,9999.000,9999.000,9999.000,9999.000,9999.000,9999.000
202606281524,   3.401,   4.319,9999.000,9999.000,9999.000,9999.000,9999.000,9999.000,9999.000
202606281530,   3.320,   4.218,9999.000,9999.000,9999.000,9999.000,9999.000,9999.000,9999.000
202606281536,   3.239,   4.129,9999.000,9999.000,9999.000,9999.000,9999.000,9999.000,9999.000
202606281542,   3.155,   4.017,9999.000,9999.000,9999.000,9999.000,9999.000,9999.000,9999.000
202606281548,   3.070,   3.929,9999.000,9999.000,9999.000,9999.000,9999.000,9999.000,9999.000
202606281554,   2.984,   3.827,9999.000,9999.000,9999.000,9999.000,9999.000,9999.000,9999.000
202606281600,   2.897,   3.768,   0.600,   0.271,   3.768,   0.600,   3.768,   0.600,   3.768
202606281606,   2.809,   3.650,9999.000,9999.000,9999.000,9999.000,9999.000,9999.000,9999.000
202606281612,   2.720,   3.499,9999.000,9999.000,9999.000,9999.000,9999.000,9999.000,9999.000
202606281618,   2.630,   3.368,9999.000,9999.000,9999.000,9999.000,9999.000,9999.000,9999.000
202606281624,   2.540,   3.250,9999.000,9999.000,9999.000,9999.000,9999.000,9999.000,9999.000
202606281630,   2.449,   3.148,9999.000,9999.000,9999.000,9999.000,9999.000,9999.000,9999.000
202606281636,   2.359,   3.050,9999.000,9999.000,9999.000,9999.000,9999.000,9999.000,9999.000
202606281642,   2.268,   2.948,9999.000,9999.000,9999.000,9999.000,9999.000,9999.000,9999.000
202606281648,   2.178,   2.869,9999.000,9999.000,9999.000,9999.000,9999.000,9999.000,9999.000
202606281654,   2.088,   2.778,9999.000,9999.000,9999.000,9999.000,9999.000,9999.000,9999.000
202606281700,   1.999,   2.689,   0.600,   0.090,   2.689,   0.600,   2.689,   0.700,   2.789
202606281706,   1.911,   2.587,9999.000,9999.000,9999.000,9999.000,9999.000,9999.000,9999.000
202606281712,   1.824,   2.440,9999.000,9999.000,9999.000,9999.000,9999.000,9999.000,9999.000
202606281718,   1.738,   2.328,9999.000,9999.000,9999.000,9999.000,9999.000,9999.000,9999.000
202606281724,   1.654,   2.220,9999.000,9999.000,9999.000,9999.000,9999.000,9999.000,9999.000
202606281730,   1.572,   2.118,9999.000,9999.000,9999.000,9999.000,9999.000,9999.000,9999.000
202606281736,   1.492,   2.040,9999.000,9999.000,9999.000,9999.000,9999.000,9999.000,9999.000
202606281742,   1.415,   1.958,9999.000,9999.000,9999.000,9999.000,9999.000,9999.000,9999.000
202606281748,   1.340,   1.869,9999.000,9999.000,9999.000,9999.000,9999.000,9999.000,9999.000
202606281754,   1.268,   1.781,9999.000,9999.000,9999.000,9999.000,9999.000,9999.000,9999.000
202606281800,   1.199,   1.758,   0.600,  -0.041,   1.758,   0.600,   1.758,   0.700,   1.858
202606281806,   1.133,   1.689,9999.000,9999.000,9999.000,9999.000,9999.000,9999.000,9999.000
202606281812,   1.072,   1.538,9999.000,9999.000,9999.000,9999.000,9999.000,9999.000,9999.000
202606281818,   1.014,   1.459,9999.000,9999.000,9999.000,9999.000,9999.000,9999.000,9999.000
202606281824,   0.961,   1.380,9999.000,9999.000,9999.000,9999.000,9999.000,9999.000,9999.000
202606281830,   0.912,   1.308,9999.000,9999.000,9999.000,9999.000,9999.000,9999.000,9999.000
202606281836,   0.867,   1.259,9999.000,9999.000,9999.000,9999.000,9999.000,9999.000,9999.000
202606281842,   0.828,   1.190,9999.000,9999.000,9999.000,9999.000,9999.000,9999.000,9999.000
202606281848,   0.794,   1.128,9999.000,9999.000,9999.000,9999.000,9999.000,9999.000,9999.000
202606281854,   0.765,   1.069,9999.000,9999.000,9999.000,9999.000,9999.000,9999.000,9999.000
202606281900,   0.742,   1.180,   0.600,  -0.162,   1.180,   0.600,   1.180,   0.700,   1.280
202606281906,   0.724,   1.170,9999.000,9999.000,9999.000,9999.000,9999.000,9999.000,9999.000
202606281912,   0.712,   1.020,9999.000,9999.000,9999.000,9999.000,9999.000,9999.000,9999.000
202606281918,   0.707,   1.049,9999.000,9999.000,9999.000,9999.000,9999.000,9999.000,9999.000
202606281924,   0.707,   1.049,9999.000,9999.000,9999.000,9999.000,9999.000,9999.000,9999.000
202606281930,   0.713,   1.079,9999.000,9999.000,9999.000,9999.000,9999.000,9999.000,9999.000
202606281936,   0.726,   1.118,9999.000,9999.000,9999.000,9999.000,9999.000,9999.000,9999.000
202606281942,   0.745,   1.161,9999.000,9999.000,9999.000,9999.000,9999.000,9999.000,9999.000
202606281948,   0.770,   1.220,9999.000,9999.000,9999.000,9999.000,9999.000,9999.000,9999.000
202606281954,   0.802,   1.328,9999.000,9999.000,9999.000,9999.000,9999.000,9999.000,9999.000
202606282000,   0.839,   1.689,   0.700,   0.150,   1.689,   0.600,   1.589,   0.700,   1.689
202606282006,   0.883,   1.820,9999.000,9999.000,9999.000,9999.000,9999.000,9999.000,9999.000
202606282012,   0.933,   1.669,9999.000,9999.000,9999.000,9999.000,9999.000,9999.000,9999.000
202606282018,   0.990,   1.810,9999.000,9999.000,9999.000,9999.000,9999.000,9999.000,9999.000
202606282024,   1.053,   1.938,9999.000,9999.000,9999.000,9999.000,9999.000,9999.000,9999.000
202606282030,   1.122,   2.069,9999.000,9999.000,9999.000,9999.000,9999.000,9999.000,9999.000
202606282036,   1.197,   2.200,9999.000,9999.000,9999.000,9999.000,9999.000,9999.000,9999.000
202606282042,   1.279,   2.338,9999.000,9999.000,9999.000,9999.000,9999.000,9999.000,9999.000
202606282048,   1.367,   2.489,9999.000,9999.000,9999.000,9999.000,9999.000,9999.000,9999.000
202606282054,   1.461,   2.620,9999.000,9999.000,9999.000,9999.000,9999.000,9999.000,9999.000
202606282100,   1.562,   3.017,   0.700,   0.755,   3.017,   0.600,   2.917,   0.700,   3.017
202606282106,   1.670,   3.138,9999.000,9999.000,9999.000,9999.000,9999.000,9999.000,9999.000
202606282112,   1.783,   2.988,9999.000,9999.000,9999.000,9999.000,9999.000,9999.000,9999.000
202606282118,   1.903,   3.119,9999.000,9999.000,9999.000,9999.000,9999.000,9999.000,9999.000
202606282124,   2.029,   3.250,9999.000,9999.000,9999.000,9999.000,9999.000,9999.000,9999.000
202606282130,   2.161,   3.368,9999.000,9999.000,9999.000,9999.000,9999.000,9999.000,9999.000
202606282136,   2.299,   3.509,9999.000,9999.000,9999.000,9999.000,9999.000,9999.000,9999.000
202606282142,   2.442,   3.637,9999.000,9999.000,9999.000,9999.000,9999.000,9999.000,9999.000
202606282148,   2.590,   3.768,9999.000,9999.000,9999.000,9999.000,9999.000,9999.000,9999.000
202606282154,   2.742,   3.909,9999.000,9999.000,9999.000,9999.000,9999.000,9999.000,9999.000
202606282200,   2.898,   4.329,   0.700,   0.731,   4.329,   0.600,   4.229,   0.700,   4.329
202606282206,   3.057,   4.457,9999.000,9999.000,9999.000,9999.000,9999.000,9999.000,9999.000
202606282212,   3.218,   4.309,9999.000,9999.000,9999.000,9999.000,9999.000,9999.000,9999.000
202606282218,   3.381,   4.447,9999.000,9999.000,9999.000,9999.000,9999.000,9999.000,9999.000
202606282224,   3.545,   4.588,9999.000,9999.000,9999.000,9999.000,9999.000,9999.000,9999.000
202606282230,   3.710,   4.729,9999.000,9999.000,9999.000,9999.000,9999.000,9999.000,9999.000
202606282236,   3.873,   4.877,9999.000,9999.000,9999.000,9999.000,9999.000,9999.000,9999.000
202606282242,   4.035,   5.028,9999.000,9999.000,9999.000,9999.000,9999.000,9999.000,9999.000
202606282248,   4.194,   5.188,9999.000,9999.000,9999.000,9999.000,9999.000,9999.000,9999.000
202606282254,   4.351,   5.339,9999.000,9999.000,9999.000,9999.000,9999.000,9999.000,9999.000
202606282300,   4.504,   5.789,   0.700,   0.585,   5.789,   0.600,   5.689,   0.700,   5.789
202606282306,   4.652,   5.917,9999.000,9999.000,9999.000,9999.000,9999.000,9999.000,9999.000
202606282312,   4.796,   5.769,9999.000,9999.000,9999.000,9999.000,9999.000,9999.000,9999.000
202606282318,   4.934,   5.917,9999.000,9999.000,9999.000,9999.000,9999.000,9999.000,9999.000
202606282324,   5.067,   6.018,9999.000,9999.000,9999.000,9999.000,9999.000,9999.000,9999.000
202606282330,   5.194,   6.117,9999.000,9999.000,9999.000,9999.000,9999.000,9999.000,9999.000
202606282336,   5.315,   6.238,9999.000,9999.000,9999.000,9999.000,9999.000,9999.000,9999.000
202606282342,   5.429,   6.327,9999.000,9999.000,9999.000,9999.000,9999.000,9999.000,9999.000
202606282348,   5.537,   6.428,9999.000,9999.000,9999.000,9999.000,9999.000,9999.000,9999.000
202606282354,   5.638,   6.517,9999.000,9999.000,9999.000,9999.000,9999.000,9999.000,9999.000
202606290000,   5.733,   6.858,   0.700,   0.425,   6.858,   0.600,   6.758,   0.700,   6.858
202606290006,   5.821,   6.937,9999.000,9999.000,9999.000,9999.000,9999.000,9999.000,9999.000
202606290012,   5.902,   6.799,9999.000,9999.000,9999.000,9999.000,9999.000,9999.000,9999.000
202606290018,   5.976,   6.858,9999.000,9999.000,9999.000,9999.000,9999.000,9999.000,9999.000
202606290024,   6.044,   6.917,9999.000,9999.000,9999.000,9999.000,9999.000,9999.000,9999.000
202606290030,   6.105,   6.966,9999.000,9999.000,9999.000,9999.000,9999.000,9999.000,9999.000
202606290036,   6.159,   7.009,9999.000,9999.000,9999.000,9999.000,9999.000,9999.000,9999.000
202606290042,   6.206,   7.078,9999.000,9999.000,9999.000,9999.000,9999.000,9999.000,9999.000
202606290048,   6.247,   7.137,9999.000,9999.000,9999.000,9999.000,9999.000,9999.000,9999.000
202606290054,   6.281,   7.176,9999.000,9999.000,9999.000,9999.000,9999.000,9999.000,9999.000
202606290100,   6.309,   7.386,   0.700,   0.377,   7.386,   0.700,   7.386,   0.700,   7.386
202606290106,   6.330,   7.419,9999.000,9999.000,9999.000,9999.000,9999.000,9999.000,9999.000
202606290112,   6.344,   7.268,9999.000,9999.000,9999.000,9999.000,9999.000,9999.000,9999.000
202606290118,   6.352,   7.278,9999.000,9999.000,9999.000,9999.000,9999.000,9999.000,9999.000
202606290124,   6.354,   7.297,9999.000,9999.000,9999.000,9999.000,9999.000,9999.000,9999.000
202606290130,   6.349,   7.288,9999.000,9999.000,9999.000,9999.000,9999.000,9999.000,9999.000
202606290136,   6.339,   7.288,9999.000,9999.000,9999.000,9999.000,9999.000,9999.000,9999.000
202606290142,   6.322,   7.278,9999.000,9999.000,9999.000,9999.000,9999.000,9999.000,9999.000
202606290148,   6.299,   7.268,9999.000,9999.000,9999.000,9999.000,9999.000,9999.000,9999.000
202606290154,   6.271,   7.238,9999.000,9999.000,9999.000,9999.000,9999.000,9999.000,9999.000
202606290200,   6.237,   7.307,   0.700,   0.370,   7.307,   0.700,   7.307,   0.700,   7.307
202606290206,   6.197,   7.268,9999.000,9999.000,9999.000,9999.000,9999.000,9999.000,9999.000
202606290212,   6.152,   7.117,9999.000,9999.000,9999.000,9999.000,9999.000,9999.000,9999.000
202606290218,   6.102,   7.058,9999.000,9999.000,9999.000,9999.000,9999.000,9999.000,9999.000
202606290224,   6.047,   6.989,9999.000,9999.000,9999.000,9999.000,9999.000,9999.000,9999.000
202606290230,   5.987,   6.917,9999.000,9999.000,9999.000,9999.000,9999.000,9999.000,9999.000
202606290236,   5.922,   6.848,9999.000,9999.000,9999.000,9999.000,9999.000,9999.000,9999.000
202606290242,   5.853,   6.766,9999.000,9999.000,9999.000,9999.000,9999.000,9999.000,9999.000
202606290248,   5.779,   6.678,9999.000,9999.000,9999.000,9999.000,9999.000,9999.000,9999.000
202606290254,   5.702,   6.589,9999.000,9999.000,9999.000,9999.000,9999.000,9999.000,9999.000
202606290300,   5.620,   6.497,   0.700,   0.177,   6.497,   0.700,   6.497,   0.700,   6.497
202606290306,   5.535,   6.359,9999.000,9999.000,9999.000,9999.000,9999.000,9999.000,9999.000
202606290312,   5.446,   6.209,9999.000,9999.000,9999.000,9999.000,9999.000,9999.000,9999.000
202606290318,   5.353,   6.087,9999.000,9999.000,9999.000,9999.000,9999.000,9999.000,9999.000
202606290324,   5.258,   5.949,9999.000,9999.000,9999.000,9999.000,9999.000,9999.000,9999.000
202606290330,   5.159,   5.828,9999.000,9999.000,9999.000,9999.000,9999.000,9999.000,9999.000
202606290336,   5.057,   5.707,9999.000,9999.000,9999.000,9999.000,9999.000,9999.000,9999.000
202606290342,   4.953,   5.579,9999.000,9999.000,9999.000,9999.000,9999.000,9999.000,9999.000
202606290348,   4.846,   5.477,9999.000,9999.000,9999.000,9999.000,9999.000,9999.000,9999.000
202606290354,   4.737,   5.369,9999.000,9999.000,9999.000,9999.000,9999.000,9999.000,9999.000
202606290400,   4.625,   5.247,   0.700,  -0.078,   5.247,   0.700,   5.247,   0.700,   5.247
202606290406,   4.512,   5.110,9999.000,9999.000,9999.000,9999.000,9999.000,9999.000,9999.000
202606290412,   4.396,   4.959,9999.000,9999.000,9999.000,9999.000,9999.000,9999.000,9999.000
202606290418,   4.279,   4.808,9999.000,9999.000,9999.000,9999.000,9999.000,9999.000,9999.000
202606290424,   4.160,   4.667,9999.000,9999.000,9999.000,9999.000,9999.000,9999.000,9999.000
202606290430,   4.040,   4.539,9999.000,9999.000,9999.000,9999.000,9999.000,9999.000,9999.000
202606290436,   3.919,   4.418,9999.000,9999.000,9999.000,9999.000,9999.000,9999.000,9999.000
202606290442,   3.797,   4.300,9999.000,9999.000,9999.000,9999.000,9999.000,9999.000,9999.000
202606290448,   3.673,   4.198,9999.000,9999.000,9999.000,9999.000,9999.000,9999.000,9999.000
202606290454,   3.550,   4.099,9999.000,9999.000,9999.000,9999.000,9999.000,9999.000,9999.000
202606290500,   3.426,   4.008,   0.700,  -0.118,   4.008,   0.700,   4.008,   0.700,   4.008
202606290506,   3.302,   3.870,9999.000,9999.000,9999.000,9999.000,9999.000,9999.000,9999.000
202606290512,   3.177,   3.719,9999.000,9999.000,9999.000,9999.000,9999.000,9999.000,9999.000
202606290518,   3.054,   3.598,9999.000,9999.000,9999.000,9999.000,9999.000,9999.000,9999.000
202606290524,   2.930,   3.480,9999.000,9999.000,9999.000,9999.000,9999.000,9999.000,9999.000
202606290530,   2.808,   3.368,9999.000,9999.000,9999.000,9999.000,9999.000,9999.000,9999.000
202606290536,   2.686,   3.260,9999.000,9999.000,9999.000,9999.000,9999.000,9999.000,9999.000
202606290542,   2.566,   3.148,9999.000,9999.000,9999.000,9999.000,9999.000,9999.000,9999.000
202606290548,   2.447,   3.040,9999.000,9999.000,9999.000,9999.000,9999.000,9999.000,9999.000
202606290554,   2.330,   2.929,9999.000,9999.000,9999.000,9999.000,9999.000,9999.000,9999.000
202606290600,   2.215,   2.850,   0.700,  -0.065,   2.850,   0.700,   2.850,   0.700,   2.850
202606290606,   2.103,   2.738,9999.000,9999.000,9999.000,9999.000,9999.000,9999.000,9999.000
202606290612,   1.993,   2.587,9999.000,9999.000,9999.000,9999.000,9999.000,9999.000,9999.000
202606290618,   1.886,   2.489,9999.000,9999.000,9999.000,9999.000,9999.000,9999.000,9999.000
202606290624,   1.782,   2.400,9999.000,9999.000,9999.000,9999.000,9999.000,9999.000,9999.000
202606290630,   1.681,   2.309,9999.000,9999.000,9999.000,9999.000,9999.000,9999.000,9999.000
202606290636,   1.584,   2.210,9999.000,9999.000,9999.000,9999.000,9999.000,9999.000,9999.000
202606290642,   1.491,   2.109,9999.000,9999.000,9999.000,9999.000,9999.000,9999.000,9999.000
202606290648,   1.402,   2.010,9999.000,9999.000,9999.000,9999.000,9999.000,9999.000,9999.000
202606290654,   1.317,   1.908,9999.000,9999.000,9999.000,9999.000,9999.000,9999.000,9999.000
202606290700,   1.236,   1.869,   0.700,  -0.067,   1.869,   0.700,   1.869,   0.700,   1.869
202606290706,   1.161,   1.790,9999.000,9999.000,9999.000,9999.000,9999.000,9999.000,9999.000
202606290712,   1.090,   1.639,9999.000,9999.000,9999.000,9999.000,9999.000,9999.000,9999.000
202606290718,   1.023,   1.557,9999.000,9999.000,9999.000,9999.000,9999.000,9999.000,9999.000
202606290724,   0.963,   1.489,9999.000,9999.000,9999.000,9999.000,9999.000,9999.000,9999.000
202606290730,   0.907,   1.430,9999.000,9999.000,9999.000,9999.000,9999.000,9999.000,9999.000
202606290736,   0.856,   1.371,9999.000,9999.000,9999.000,9999.000,9999.000,9999.000,9999.000
202606290742,   0.811,   1.318,9999.000,9999.000,9999.000,9999.000,9999.000,9999.000,9999.000
202606290748,   0.771,   1.269,9999.000,9999.000,9999.000,9999.000,9999.000,9999.000,9999.000
202606290754,   0.737,   1.229,9999.000,9999.000,9999.000,9999.000,9999.000,9999.000,9999.000
202606290800,   0.708,   1.338,   0.700,  -0.070,   1.338,   0.700,   1.338,   0.700,   1.338
202606290806,   0.685,   1.318,9999.000,9999.000,9999.000,9999.000,9999.000,9999.000,9999.000
202606290812,   0.668,   1.170,9999.000,9999.000,9999.000,9999.000,9999.000,9999.000,9999.000
202606290818,   0.656,   1.151,9999.000,9999.000,9999.000,9999.000,9999.000,9999.000,9999.000
202606290824,   0.649,   1.151,9999.000,9999.000,9999.000,9999.000,9999.000,9999.000,9999.000
202606290830,   0.648,   1.161,9999.000,9999.000,9999.000,9999.000,9999.000,9999.000,9999.000
202606290836,   0.653,   1.190,9999.000,9999.000,9999.000,9999.000,9999.000,9999.000,9999.000
202606290842,   0.663,   1.239,9999.000,9999.000,9999.000,9999.000,9999.000,9999.000,9999.000
202606290848,   0.680,   1.318,9999.000,9999.000,9999.000,9999.000,9999.000,9999.000,9999.000
202606290854,   0.702,   1.420,9999.000,9999.000,9999.000,9999.000,9999.000,9999.000,9999.000
202606290900,   0.730,   1.800,   0.700,   0.370,   1.800,   0.600,   1.700,   0.700,   1.800
202606290906,   0.764,   1.889,9999.000,9999.000,9999.000,9999.000,9999.000,9999.000,9999.000
202606290912,   0.804,   1.738,9999.000,9999.000,9999.000,9999.000,9999.000,9999.000,9999.000
202606290918,   0.850,   1.820,9999.000,9999.000,9999.000,9999.000,9999.000,9999.000,9999.000
202606290924,   0.902,   1.928,9999.000,9999.000,9999.000,9999.000,9999.000,9999.000,9999.000
202606290930,   0.961,   2.049,9999.000,9999.000,9999.000,9999.000,9999.000,9999.000,9999.000
202606290936,   1.026,   2.148,9999.000,9999.000,9999.000,9999.000,9999.000,9999.000,9999.000
202606290942,   1.098,   2.240,9999.000,9999.000,9999.000,9999.000,9999.000,9999.000,9999.000
202606290948,   1.176,   2.328,9999.000,9999.000,9999.000,9999.000,9999.000,9999.000,9999.000
202606290954,   1.260,   2.410,9999.000,9999.000,9999.000,9999.000,9999.000,9999.000,9999.000
202606291000,   1.350,   2.738,   0.700,   0.688,   2.738,   0.600,   2.638,   0.700,   2.738
202606291006,   1.446,   2.850,9999.000,9999.000,9999.000,9999.000,9999.000,9999.000,9999.000
202606291012,   1.548,   2.699,9999.000,9999.000,9999.000,9999.000,9999.000,9999.000,9999.000
202606291018,   1.655,   2.807,9999.000,9999.000,9999.000,9999.000,9999.000,9999.000,9999.000
202606291024,   1.767,   2.909,9999.000,9999.000,9999.000,9999.000,9999.000,9999.000,9999.000
202606291030,   1.883,   3.017,9999.000,9999.000,9999.000,9999.000,9999.000,9999.000,9999.000
202606291036,   2.003,   3.099,9999.000,9999.000,9999.000,9999.000,9999.000,9999.000,9999.000
202606291042,   2.126,   3.178,9999.000,9999.000,9999.000,9999.000,9999.000,9999.000,9999.000
202606291048,   2.251,   3.279,9999.000,9999.000,9999.000,9999.000,9999.000,9999.000,9999.000
202606291054,   2.377,   3.368,9999.000,9999.000,9999.000,9999.000,9999.000,9999.000,9999.000
202606291100,   2.505,   3.729,   0.700,   0.524,   3.729,   0.600,   3.629,   0.700,   3.729
202606291106,   2.632,   3.817,9999.000,9999.000,9999.000,9999.000,9999.000,9999.000,9999.000
202606291112,   2.759,   3.670,9999.000,9999.000,9999.000,9999.000,9999.000,9999.000,9999.000
202606291118,   2.883,   3.778,9999.000,9999.000,9999.000,9999.000,9999.000,9999.000,9999.000
202606291124,   3.006,   3.919,9999.000,9999.000,9999.000,9999.000,9999.000,9999.000,9999.000
202606291130,   3.126,   4.057,9999.000,9999.000,9999.000,9999.000,9999.000,9999.000,9999.000
202606291136,   3.242,   4.178,9999.000,9999.000,9999.000,9999.000,9999.000,9999.000,9999.000
202606291142,   3.355,   4.309,9999.000,9999.000,9999.000,9999.000,9999.000,9999.000,9999.000
202606291148,   3.463,   4.447,9999.000,9999.000,9999.000,9999.000,9999.000,9999.000,9999.000
202606291154,   3.566,   4.569,9999.000,9999.000,9999.000,9999.000,9999.000,9999.000,9999.000
202606291200,   3.665,   4.949,   0.700,   0.584,   4.949,   0.600,   4.849,   0.700,   4.949
202606291206,   3.759,   5.067,9999.000,9999.000,9999.000,9999.000,9999.000,9999.000,9999.000
202606291212,   3.847,   4.919,9999.000,9999.000,9999.000,9999.000,9999.000,9999.000,9999.000
202606291218,   3.930,   5.038,9999.000,9999.000,9999.000,9999.000,9999.000,9999.000,9999.000
202606291224,   4.008,   5.139,9999.000,9999.000,9999.000,9999.000,9999.000,9999.000,9999.000
202606291230,   4.080,   5.228,9999.000,9999.000,9999.000,9999.000,9999.000,9999.000,9999.000
202606291236,   4.146,   5.307,9999.000,9999.000,9999.000,9999.000,9999.000,9999.000,9999.000
202606291242,   4.208,   5.379,9999.000,9999.000,9999.000,9999.000,9999.000,9999.000,9999.000
202606291248,   4.263,   5.438,9999.000,9999.000,9999.000,9999.000,9999.000,9999.000,9999.000
202606291254,   4.314,   5.507,9999.000,9999.000,9999.000,9999.000,9999.000,9999.000,9999.000
202606291300,   4.358,   5.799,   0.700,   0.741,   5.799,   0.600,   5.699,   0.700,   5.799
202606291306,   4.397,   5.838,9999.000,9999.000,9999.000,9999.000,9999.000,9999.000,9999.000
202606291312,   4.431,   5.697,9999.000,9999.000,9999.000,9999.000,9999.000,9999.000,9999.000
202606291318,   4.459,   5.717,9999.000,9999.000,9999.000,9999.000,9999.000,9999.000,9999.000
202606291324,   4.482,   5.730,9999.000,9999.000,9999.000,9999.000,9999.000,9999.000,9999.000
202606291330,   4.500,   5.707,9999.000,9999.000,9999.000,9999.000,9999.000,9999.000,9999.000
202606291336,   4.512,   5.697,9999.000,9999.000,9999.000,9999.000,9999.000,9999.000,9999.000
202606291342,   4.519,   5.707,9999.000,9999.000,9999.000,9999.000,9999.000,9999.000,9999.000
202606291348,   4.520,   5.717,9999.000,9999.000,9999.000,9999.000,9999.000,9999.000,9999.000
202606291354,   4.517,   5.739,9999.000,9999.000,9999.000,9999.000,9999.000,9999.000,9999.000
202606291400,   4.508,   5.867,   0.600,   0.759,   5.867,   0.600,   5.867,   0.700,   5.967
202606291406,   4.495,   5.838,9999.000,9999.000,9999.000,9999.000,9999.000,9999.000,9999.000
202606291412,   4.476,   5.687,9999.000,9999.000,9999.000,9999.000,9999.000,9999.000,9999.000
202606291418,   4.453,   5.638,9999.000,9999.000,9999.000,9999.000,9999.000,9999.000,9999.000
202606291424,   4.425,   5.608,9999.000,9999.000,9999.000,9999.000,9999.000,9999.000,9999.000
202606291430,   4.393,   5.559,9999.000,9999.000,9999.000,9999.000,9999.000,9999.000,9999.000
202606291436,   4.357,   5.530,9999.000,9999.000,9999.000,9999.000,9999.000,9999.000,9999.000
202606291442,   4.316,   5.487,9999.000,9999.000,9999.000,9999.000,9999.000,9999.000,9999.000
202606291448,   4.271,   5.457,9999.000,9999.000,9999.000,9999.000,9999.000,9999.000,9999.000
202606291454,   4.223,   5.418,9999.000,9999.000,9999.000,9999.000,9999.000,9999.000,9999.000
202606291500,   4.171,   5.448,   0.600,   0.677,   5.448,   0.600,   5.448,   0.700,   5.548
202606291506,   4.115,   5.398,9999.000,9999.000,9999.000,9999.000,9999.000,9999.000,9999.000
202606291512,   4.056,   5.247,9999.000,9999.000,9999.000,9999.000,9999.000,9999.000,9999.000
202606291518,   3.994,   5.218,9999.000,9999.000,9999.000,9999.000,9999.000,9999.000,9999.000
202606291524,   3.929,   5.139,9999.000,9999.000,9999.000,9999.000,9999.000,9999.000,9999.000
202606291530,   3.861,   5.038,9999.000,9999.000,9999.000,9999.000,9999.000,9999.000,9999.000
202606291536,   3.791,   4.910,9999.000,9999.000,9999.000,9999.000,9999.000,9999.000,9999.000
202606291542,   3.718,   4.818,9999.000,9999.000,9999.000,9999.000,9999.000,9999.000,9999.000
202606291548,   3.642,   4.719,9999.000,9999.000,9999.000,9999.000,9999.000,9999.000,9999.000
202606291554,   3.565,   4.628,9999.000,9999.000,9999.000,9999.000,9999.000,9999.000,9999.000
202606291600,   3.485,   4.539,   0.600,   0.454,   4.539,   0.600,   4.539,   0.700,   4.639
202606291606,   3.404,   4.398,9999.000,9999.000,9999.000,9999.000,9999.000,9999.000,9999.000
202606291612,   3.320,   4.257,9999.000,9999.000,9999.000,9999.000,9999.000,9999.000,9999.000
202606291618,   3.236,   4.159,9999.000,9999.000,9999.000,9999.000,9999.000,9999.000,9999.000
202606291624,   3.149,   4.070,9999.000,9999.000,9999.000,9999.000,9999.000,9999.000,9999.000
202606291630,   3.062,   3.958,9999.000,9999.000,9999.000,9999.000,9999.000,9999.000,9999.000
202606291636,   2.973,   3.837,9999.000,9999.000,9999.000,9999.000,9999.000,9999.000,9999.000
202606291642,   2.883,   3.709,9999.000,9999.000,9999.000,9999.000,9999.000,9999.000,9999.000
202606291648,   2.793,   3.588,9999.000,9999.000,9999.000,9999.000,9999.000,9999.000,9999.000
202606291654,   2.701,   3.470,9999.000,9999.000,9999.000,9999.000,9999.000,9999.000,9999.000
202606291700,   2.609,   3.398,   0.600,   0.189,   3.398,   0.600,   3.398,   0.700,   3.498
202606291706,   2.517,   3.279,9999.000,9999.000,9999.000,9999.000,9999.000,9999.000,9999.000
202606291712,   2.424,   3.119,9999.000,9999.000,9999.000,9999.000,9999.000,9999.000,9999.000
202606291718,   2.332,   3.017,9999.000,9999.000,9999.000,9999.000,9999.000,9999.000,9999.000
202606291724,   2.239,   2.899,9999.000,9999.000,9999.000,9999.000,9999.000,9999.000,9999.000
202606291730,   2.147,   2.787,9999.000,9999.000,9999.000,9999.000,9999.000,9999.000,9999.000
202606291736,   2.056,   2.689,9999.000,9999.000,9999.000,9999.000,9999.000,9999.000,9999.000
202606291742,   1.965,   2.597,9999.000,9999.000,9999.000,9999.000,9999.000,9999.000,9999.000
202606291748,   1.875,   2.469,9999.000,9999.000,9999.000,9999.000,9999.000,9999.000,9999.000
202606291754,   1.786,   2.358,9999.000,9999.000,9999.000,9999.000,9999.000,9999.000,9999.000
202606291800,   1.698,   2.338,   0.700,  -0.060,   2.338,   0.600,   2.238,   0.700,   2.338
202606291806,   1.613,   2.259,9999.000,9999.000,9999.000,9999.000,9999.000,9999.000,9999.000
202606291812,   1.529,   2.109,9999.000,9999.000,9999.000,9999.000,9999.000,9999.000,9999.000
202606291818,   1.447,   2.040,9999.000,9999.000,9999.000,9999.000,9999.000,9999.000,9999.000
202606291824,   1.368,   1.967,9999.000,9999.000,9999.000,9999.000,9999.000,9999.000,9999.000
202606291830,   1.291,   1.879,9999.000,9999.000,9999.000,9999.000,9999.000,9999.000,9999.000
202606291836,   1.217,   1.800,9999.000,9999.000,9999.000,9999.000,9999.000,9999.000,9999.000
202606291842,   1.147,   1.718,9999.000,9999.000,9999.000,9999.000,9999.000,9999.000,9999.000
202606291848,   1.080,   1.649,9999.000,9999.000,9999.000,9999.000,9999.000,9999.000,9999.000
202606291854,   1.017,   1.600,9999.000,9999.000,9999.000,9999.000,9999.000,9999.000,9999.000
202606291900,   0.957,   1.630,   0.700,  -0.027,   1.630,   0.600,   1.530,   0.700,   1.630
202606291906,   0.903,   1.557,9999.000,9999.000,9999.000,9999.000,9999.000,9999.000,9999.000
202606291912,   0.853,   1.410,9999.000,9999.000,9999.000,9999.000,9999.000,9999.000,9999.000
202606291918,   0.807,   1.348,9999.000,9999.000,9999.000,9999.000,9999.000,9999.000,9999.000
202606291924,   0.767,   1.298,9999.000,9999.000,9999.000,9999.000,9999.000,9999.000,9999.000
202606291930,   0.733,   1.249,9999.000,9999.000,9999.000,9999.000,9999.000,9999.000,9999.000
202606291936,   0.704,   1.210,9999.000,9999.000,9999.000,9999.000,9999.000,9999.000,9999.000
202606291942,   0.681,   1.170,9999.000,9999.000,9999.000,9999.000,9999.000,9999.000,9999.000
202606291948,   0.664,   1.138,9999.000,9999.000,9999.000,9999.000,9999.000,9999.000,9999.000
202606291954,   0.653,   1.128,9999.000,9999.000,9999.000,9999.000,9999.000,9999.000,9999.000
202606292000,   0.649,   1.259,   0.700,  -0.090,   1.259,   0.600,   1.159,   0.700,   1.259
202606292006,   0.651,   1.259,9999.000,9999.000,9999.000,9999.000,9999.000,9999.000,9999.000
202606292012,   0.660,   1.108,9999.000,9999.000,9999.000,9999.000,9999.000,9999.000,9999.000
202606292018,   0.676,   1.128,9999.000,9999.000,9999.000,9999.000,9999.000,9999.000,9999.000
202606292024,   0.699,   1.180,9999.000,9999.000,9999.000,9999.000,9999.000,9999.000,9999.000
202606292030,   0.728,   1.249,9999.000,9999.000,9999.000,9999.000,9999.000,9999.000,9999.000
202606292036,   0.764,   1.361,9999.000,9999.000,9999.000,9999.000,9999.000,9999.000,9999.000
202606292042,   0.807,   1.498,9999.000,9999.000,9999.000,9999.000,9999.000,9999.000,9999.000
202606292048,   0.856,   1.649,9999.000,9999.000,9999.000,9999.000,9999.000,9999.000,9999.000
202606292054,   0.913,   1.781,9999.000,9999.000,9999.000,9999.000,9999.000,9999.000,9999.000
202606292100,   0.975,   2.168,   0.700,   0.493,   2.168,   0.600,   2.068,   0.700,   2.168
202606292106,   1.045,   2.299,9999.000,9999.000,9999.000,9999.000,9999.000,9999.000,9999.000
202606292112,   1.120,   2.148,9999.000,9999.000,9999.000,9999.000,9999.000,9999.000,9999.000
202606292118,   1.203,   2.289,9999.000,9999.000,9999.000,9999.000,9999.000,9999.000,9999.000
202606292124,   1.291,   2.420,9999.000,9999.000,9999.000,9999.000,9999.000,9999.000,9999.000
202606292130,   1.386,   2.568,9999.000,9999.000,9999.000,9999.000,9999.000,9999.000,9999.000
202606292136,   1.487,   2.689,9999.000,9999.000,9999.000,9999.000,9999.000,9999.000,9999.000
202606292142,   1.594,   2.797,9999.000,9999.000,9999.000,9999.000,9999.000,9999.000,9999.000
202606292148,   1.708,   2.909,9999.000,9999.000,9999.000,9999.000,9999.000,9999.000,9999.000
202606292154,   1.827,   3.050,9999.000,9999.000,9999.000,9999.000,9999.000,9999.000,9999.000
202606292200,   1.952,   3.470,   0.700,   0.818,   3.470,   0.600,   3.370,   0.700,   3.470
202606292206,   2.083,   3.598,9999.000,9999.000,9999.000,9999.000,9999.000,9999.000,9999.000
202606292212,   2.219,   3.460,9999.000,9999.000,9999.000,9999.000,9999.000,9999.000,9999.000
202606292218,   2.361,   3.607,9999.000,9999.000,9999.000,9999.000,9999.000,9999.000,9999.000
202606292224,   2.507,   3.739,9999.000,9999.000,9999.000,9999.000,9999.000,9999.000,9999.000
202606292230,   2.657,   3.870,9999.000,9999.000,9999.000,9999.000,9999.000,9999.000,9999.000
202606292236,   2.812,   4.008,9999.000,9999.000,9999.000,9999.000,9999.000,9999.000,9999.000
202606292242,   2.969,   4.149,9999.000,9999.000,9999.000,9999.000,9999.000,9999.000,9999.000
202606292248,   3.130,   4.280,9999.000,9999.000,9999.000,9999.000,9999.000,9999.000,9999.000
202606292254,   3.292,   4.418,9999.000,9999.000,9999.000,9999.000,9999.000,9999.000,9999.000
202606292300,   3.457,   4.818,   0.700,   0.661,   4.818,   0.600,   4.718,   0.700,   4.818
202606292306,   3.621,   4.939,9999.000,9999.000,9999.000,9999.000,9999.000,9999.000,9999.000
202606292312,   3.786,   4.788,9999.000,9999.000,9999.000,9999.000,9999.000,9999.000,9999.000
202606292318,   3.950,   4.919,9999.000,9999.000,9999.000,9999.000,9999.000,9999.000,9999.000
202606292324,   4.112,   5.047,9999.000,9999.000,9999.000,9999.000,9999.000,9999.000,9999.000
202606292330,   4.272,   5.179,9999.000,9999.000,9999.000,9999.000,9999.000,9999.000,9999.000
202606292336,   4.429,   5.320,9999.000,9999.000,9999.000,9999.000,9999.000,9999.000,9999.000
202606292342,   4.582,   5.428,9999.000,9999.000,9999.000,9999.000,9999.000,9999.000,9999.000
202606292348,   4.731,   5.569,9999.000,9999.000,9999.000,9999.000,9999.000,9999.000,9999.000
202606292354,   4.875,   5.687,9999.000,9999.000,9999.000,9999.000,9999.000,9999.000,9999.000
202606300000,   5.014,   6.058,   0.600,   0.444,   6.058,   0.600,   6.058,   0.600,   6.058
202606300006,   5.147,   6.169,9999.000,9999.000,9999.000,9999.000,9999.000,9999.000,9999.000
202606300012,   5.275,   6.018,9999.000,9999.000,9999.000,9999.000,9999.000,9999.000,9999.000
202606300018,   5.396,   6.136,9999.000,9999.000,9999.000,9999.000,9999.000,9999.000,9999.000
202606300024,   5.511,   6.248,9999.000,9999.000,9999.000,9999.000,9999.000,9999.000,9999.000
202606300030,   5.619,   6.336,9999.000,9999.000,9999.000,9999.000,9999.000,9999.000,9999.000
202606300036,   5.721,   6.418,9999.000,9999.000,9999.000,9999.000,9999.000,9999.000,9999.000
202606300042,   5.816,   6.487,9999.000,9999.000,9999.000,9999.000,9999.000,9999.000,9999.000
202606300048,   5.903,   6.569,9999.000,9999.000,9999.000,9999.000,9999.000,9999.000,9999.000
202606300054,   5.984,   6.638,9999.000,9999.000,9999.000,9999.000,9999.000,9999.000,9999.000
202606300100,   6.059,   6.937,   0.600,   0.278,   6.937,   0.600,   6.937,   0.600,   6.937
202606300106,   6.126,   6.999,9999.000,9999.000,9999.000,9999.000,9999.000,9999.000,9999.000
202606300112,   6.186,   6.848,9999.000,9999.000,9999.000,9999.000,9999.000,9999.000,9999.000
202606300118,   6.239,   6.917,9999.000,9999.000,9999.000,9999.000,9999.000,9999.000,9999.000
202606300124,   6.286,   6.979,9999.000,9999.000,9999.000,9999.000,9999.000,9999.000,9999.000
202606300130,   6.325,   6.999,9999.000,9999.000,9999.000,9999.000,9999.000,9999.000,9999.000
202606300136,   6.358,   7.019,9999.000,9999.000,9999.000,9999.000,9999.000,9999.000,9999.000
202606300142,   6.384,   7.038,9999.000,9999.000,9999.000,9999.000,9999.000,9999.000,9999.000
202606300148,   6.403,   7.058,9999.000,9999.000,9999.000,9999.000,9999.000,9999.000,9999.000
202606300154,   6.416,   7.088,9999.000,9999.000,9999.000,9999.000,9999.000,9999.000,9999.000
202606300200,   6.422,   7.278,   0.600,   0.256,   7.278,   0.600,   7.278,   0.600,   7.278
202606300206,   6.421,   7.297,9999.000,9999.000,9999.000,9999.000,9999.000,9999.000,9999.000
202606300212,   6.414,   7.147,9999.000,9999.000,9999.000,9999.000,9999.000,9999.000,9999.000
202606300218,   6.401,   7.137,9999.000,9999.000,9999.000,9999.000,9999.000,9999.000,9999.000
202606300224,   6.381,   7.137,9999.000,9999.000,9999.000,9999.000,9999.000,9999.000,9999.000
202606300230,   6.355,   7.137,9999.000,9999.000,9999.000,9999.000,9999.000,9999.000,9999.000
202606300236,   6.323,   7.107,9999.000,9999.000,9999.000,9999.000,9999.000,9999.000,9999.000
202606300242,   6.285,   7.078,9999.000,9999.000,9999.000,9999.000,9999.000,9999.000,9999.000
202606300248,   6.242,   7.019,9999.000,9999.000,9999.000,9999.000,9999.000,9999.000,9999.000
202606300254,   6.193,   6.937,9999.000,9999.000,9999.000,9999.000,9999.000,9999.000,9999.000
202606300300,   6.139,   6.927,   0.600,   0.188,   6.927,   0.600,   6.927,   0.600,   6.927
202606300306,   6.079,   6.848,9999.000,9999.000,9999.000,9999.000,9999.000,9999.000,9999.000
202606300312,   6.015,   6.697,9999.000,9999.000,9999.000,9999.000,9999.000,9999.000,9999.000
202606300318,   5.946,   6.609,9999.000,9999.000,9999.000,9999.000,9999.000,9999.000,9999.000
202606300324,   5.872,   6.517,9999.000,9999.000,9999.000,9999.000,9999.000,9999.000,9999.000
202606300330,   5.793,   6.418,9999.000,9999.000,9999.000,9999.000,9999.000,9999.000,9999.000
202606300336,   5.711,   6.297,9999.000,9999.000,9999.000,9999.000,9999.000,9999.000,9999.000
202606300342,   5.625,   6.169,9999.000,9999.000,9999.000,9999.000,9999.000,9999.000,9999.000
202606300348,   5.535,   6.058,9999.000,9999.000,9999.000,9999.000,9999.000,9999.000,9999.000
202606300354,   5.441,   5.949,9999.000,9999.000,9999.000,9999.000,9999.000,9999.000,9999.000
202606300400,   5.344,   5.858,   0.600,  -0.086,   5.858,   0.600,   5.858,   0.600,   5.858
202606300406,   5.244,   5.717,9999.000,9999.000,9999.000,9999.000,9999.000,9999.000,9999.000
202606300412,   5.140,   5.579,9999.000,9999.000,9999.000,9999.000,9999.000,9999.000,9999.000
202606300418,   5.034,   5.448,9999.000,9999.000,9999.000,9999.000,9999.000,9999.000,9999.000
202606300424,   4.926,   5.329,9999.000,9999.000,9999.000,9999.000,9999.000,9999.000,9999.000
202606300430,   4.815,   5.198,9999.000,9999.000,9999.000,9999.000,9999.000,9999.000,9999.000
202606300436,   4.701,   5.057,9999.000,9999.000,9999.000,9999.000,9999.000,9999.000,9999.000
202606300442,   4.586,   4.929,9999.000,9999.000,9999.000,9999.000,9999.000,9999.000,9999.000
202606300448,   4.468,   4.798,9999.000,9999.000,9999.000,9999.000,9999.000,9999.000,9999.000
202606300454,   4.349,   4.690,9999.000,9999.000,9999.000,9999.000,9999.000,9999.000,9999.000
202606300500,   4.228,   4.618,   0.600,  -0.210,   4.618,   0.600,   4.618,   0.600,   4.618
202606300506,   4.106,   4.519,9999.000,9999.000,9999.000,9999.000,9999.000,9999.000,9999.000
202606300512,   3.983,   4.368,9999.000,9999.000,9999.000,9999.000,9999.000,9999.000,9999.000
202606300518,   3.858,   4.267,9999.000,9999.000,9999.000,9999.000,9999.000,9999.000,9999.000
202606300524,   3.733,   4.159,9999.000,9999.000,9999.000,9999.000,9999.000,9999.000,9999.000
202606300530,   3.607,   4.037,9999.000,9999.000,9999.000,9999.000,9999.000,9999.000,9999.000
202606300536,   3.481,   3.909,9999.000,9999.000,9999.000,9999.000,9999.000,9999.000,9999.000
202606300542,   3.354,   3.788,9999.000,9999.000,9999.000,9999.000,9999.000,9999.000,9999.000
202606300548,   3.227,   3.650,9999.000,9999.000,9999.000,9999.000,9999.000,9999.000,9999.000
202606300554,   3.101,   3.529,9999.000,9999.000,9999.000,9999.000,9999.000,9999.000,9999.000
202606300600,   2.975,   3.440,   0.600,  -0.135,   3.440,   0.500,   3.340,   0.600,   3.440
202606300606,   2.849,   3.309,9999.000,9999.000,9999.000,9999.000,9999.000,9999.000,9999.000
202606300612,   2.724,   3.158,9999.000,9999.000,9999.000,9999.000,9999.000,9999.000,9999.000
202606300618,   2.600,   3.050,9999.000,9999.000,9999.000,9999.000,9999.000,9999.000,9999.000
202606300624,   2.478,   2.929,9999.000,9999.000,9999.000,9999.000,9999.000,9999.000,9999.000
202606300630,   2.357,   2.807,9999.000,9999.000,9999.000,9999.000,9999.000,9999.000,9999.000
202606300636,   2.238,   2.719,9999.000,9999.000,9999.000,9999.000,9999.000,9999.000,9999.000
202606300642,   2.121,   2.610,9999.000,9999.000,9999.000,9999.000,9999.000,9999.000,9999.000
202606300648,   2.007,   2.499,9999.000,9999.000,9999.000,9999.000,9999.000,9999.000,9999.000
202606300654,   1.895,   2.377,9999.000,9999.000,9999.000,9999.000,9999.000,9999.000,9999.000
202606300700,   1.786,   2.318,   0.500,   0.032,   2.318,   0.500,   2.318,   0.600,   2.418
202606300706,   1.680,   2.230,9999.000,9999.000,9999.000,9999.000,9999.000,9999.000,9999.000
202606300712,   1.578,   2.079,9999.000,9999.000,9999.000,9999.000,9999.000,9999.000,9999.000
202606300718,   1.480,   1.990,9999.000,9999.000,9999.000,9999.000,9999.000,9999.000,9999.000
202606300724,   1.385,   1.908,9999.000,9999.000,9999.000,9999.000,9999.000,9999.000,9999.000
202606300730,   1.295,   1.830,9999.000,9999.000,9999.000,9999.000,9999.000,9999.000,9999.000
202606300736,   1.210,   1.738,9999.000,9999.000,9999.000,9999.000,9999.000,9999.000,9999.000
202606300742,   1.129,   1.659,9999.000,9999.000,9999.000,9999.000,9999.000,9999.000,9999.000
202606300748,   1.053,   1.590,9999.000,9999.000,9999.000,9999.000,9999.000,9999.000,9999.000
202606300754,   0.983,   1.508,9999.000,9999.000,9999.000,9999.000,9999.000,9999.000,9999.000
202606300800,   0.917,   1.508,   0.500,   0.091,   1.508,   0.500,   1.508,   0.500,   1.508
202606300806,   0.857,   1.439,9999.000,9999.000,9999.000,9999.000,9999.000,9999.000,9999.000
202606300812,   0.803,   1.289,9999.000,9999.000,9999.000,9999.000,9999.000,9999.000,9999.000
202606300818,   0.755,   1.239,9999.000,9999.000,9999.000,9999.000,9999.000,9999.000,9999.000
202606300824,   0.712,   1.180,9999.000,9999.000,9999.000,9999.000,9999.000,9999.000,9999.000
202606300830,   0.676,   1.138,9999.000,9999.000,9999.000,9999.000,9999.000,9999.000,9999.000
202606300836,   0.645,   1.118,9999.000,9999.000,9999.000,9999.000,9999.000,9999.000,9999.000
202606300842,   0.621,   1.088,9999.000,9999.000,9999.000,9999.000,9999.000,9999.000,9999.000
202606300848,   0.603,   1.069,9999.000,9999.000,9999.000,9999.000,9999.000,9999.000,9999.000
202606300854,   0.590,   1.049,9999.000,9999.000,9999.000,9999.000,9999.000,9999.000,9999.000
202606300900,   0.584,   1.210,   0.500,   0.126,   1.210,   0.500,   1.210,   0.500,   1.210
202606300906,   0.584,   1.239,9999.000,9999.000,9999.000,9999.000,9999.000,9999.000,9999.000
202606300912,   0.589,   1.088,9999.000,9999.000,9999.000,9999.000,9999.000,9999.000,9999.000
202606300918,   0.601,   1.128,9999.000,9999.000,9999.000,9999.000,9999.000,9999.000,9999.000
202606300924,   0.619,   1.170,9999.000,9999.000,9999.000,9999.000,9999.000,9999.000,9999.000
202606300930,   0.642,   1.220,9999.000,9999.000,9999.000,9999.000,9999.000,9999.000,9999.000
202606300936,   0.672,   1.298,9999.000,9999.000,9999.000,9999.000,9999.000,9999.000,9999.000
202606300942,   0.707,   1.390,9999.000,9999.000,9999.000,9999.000,9999.000,9999.000,9999.000
202606300948,   0.749,   1.498,9999.000,9999.000,9999.000,9999.000,9999.000,9999.000,9999.000
202606300954,   0.797,   1.610,9999.000,9999.000,9999.000,9999.000,9999.000,9999.000,9999.000
202606301000,   0.850,   1.990,   0.500,   0.640,   1.990,   0.500,   1.990,   0.500,   1.990
202606301006,   0.909,   2.099,9999.000,9999.000,9999.000,9999.000,9999.000,9999.000,9999.000
202606301012,   0.975,   1.948,9999.000,9999.000,9999.000,9999.000,9999.000,9999.000,9999.000
202606301018,   1.046,   2.040,9999.000,9999.000,9999.000,9999.000,9999.000,9999.000,9999.000
202606301024,   1.123,   2.109,9999.000,9999.000,9999.000,9999.000,9999.000,9999.000,9999.000
202606301030,   1.206,   2.200,9999.000,9999.000,9999.000,9999.000,9999.000,9999.000,9999.000
202606301036,   1.295,   2.289,9999.000,9999.000,9999.000,9999.000,9999.000,9999.000,9999.000
202606301042,   1.389,   2.387,9999.000,9999.000,9999.000,9999.000,9999.000,9999.000,9999.000
202606301048,   1.489,   2.489,9999.000,9999.000,9999.000,9999.000,9999.000,9999.000,9999.000
202606301054,   1.593,   2.610,9999.000,9999.000,9999.000,9999.000,9999.000,9999.000,9999.000
202606301100,   1.702,   2.978,   0.500,   0.776,   2.978,   0.500,   2.978,   0.500,   2.978
202606301106,   1.816,   3.109,9999.000,9999.000,9999.000,9999.000,9999.000,9999.000,9999.000
202606301112,   1.933,   2.958,9999.000,9999.000,9999.000,9999.000,9999.000,9999.000,9999.000
202606301118,   2.054,   3.089,9999.000,9999.000,9999.000,9999.000,9999.000,9999.000,9999.000
202606301124,   2.178,   3.217,9999.000,9999.000,9999.000,9999.000,9999.000,9999.000,9999.000
202606301130,   2.303,   3.348,9999.000,9999.000,9999.000,9999.000,9999.000,9999.000,9999.000
202606301136,   2.431,   3.470,9999.000,9999.000,9999.000,9999.000,9999.000,9999.000,9999.000
202606301142,   2.558,   3.568,9999.000,9999.000,9999.000,9999.000,9999.000,9999.000,9999.000
202606301148,   2.686,   3.689,9999.000,9999.000,9999.000,9999.000,9999.000,9999.000,9999.000
202606301154,   2.813,   3.798,9999.000,9999.000,9999.000,9999.000,9999.000,9999.000,9999.000
202606301200,   2.939,   4.208,   0.500,   0.769,   4.208,   0.500,   4.208,   0.500,   4.208
202606301206,   3.062,   4.339,9999.000,9999.000,9999.000,9999.000,9999.000,9999.000,9999.000
202606301212,   3.183,   4.188,9999.000,9999.000,9999.000,9999.000,9999.000,9999.000,9999.000
202606301218,   3.301,   4.329,9999.000,9999.000,9999.000,9999.000,9999.000,9999.000,9999.000
202606301224,   3.414,   4.457,9999.000,9999.000,9999.000,9999.000,9999.000,9999.000,9999.000
202606301230,   3.524,   4.578,9999.000,9999.000,9999.000,9999.000,9999.000,9999.000,9999.000
202606301236,   3.629,   4.700,9999.000,9999.000,9999.000,9999.000,9999.000,9999.000,9999.000
202606301242,   3.729,   4.808,9999.000,9999.000,9999.000,9999.000,9999.000,9999.000,9999.000
202606301248,   3.824,   4.877,9999.000,9999.000,9999.000,9999.000,9999.000,9999.000,9999.000
202606301254,   3.914,   4.959,9999.000,9999.000,9999.000,9999.000,9999.000,9999.000,9999.000
202606301300,   3.998,   5.307,   0.500,   0.809,   5.307,   0.500,   5.307,   0.500,   5.307
202606301306,   4.077,   5.398,9999.000,9999.000,9999.000,9999.000,9999.000,9999.000,9999.000
202606301312,   4.150,   5.247,9999.000,9999.000,9999.000,9999.000,9999.000,9999.000,9999.000
202606301318,   4.218,   5.320,9999.000,9999.000,9999.000,9999.000,9999.000,9999.000,9999.000
202606301324,   4.280,   5.379,9999.000,9999.000,9999.000,9999.000,9999.000,9999.000,9999.000
202606301330,   4.336,   5.448,9999.000,9999.000,9999.000,9999.000,9999.000,9999.000,9999.000
202606301336,   4.386,   5.507,9999.000,9999.000,9999.000,9999.000,9999.000,9999.000,9999.000
202606301342,   4.431,   5.569,9999.000,9999.000,9999.000,9999.000,9999.000,9999.000,9999.000
202606301348,   4.470,   5.628,9999.000,9999.000,9999.000,9999.000,9999.000,9999.000,9999.000
202606301354,   4.503,   5.667,9999.000,9999.000,9999.000,9999.000,9999.000,9999.000,9999.000
202606301400,   4.531,   5.867,   0.500,   0.836,   5.867,   0.500,   5.867,   0.500,   5.867
202606301406,   4.552,   5.877,9999.000,9999.000,9999.000,9999.000,9999.000,9999.000,9999.000
202606301412,   4.569,   5.730,9999.000,9999.000,9999.000,9999.000,9999.000,9999.000,9999.000
202606301418,   4.579,   5.717,9999.000,9999.000,9999.000,9999.000,9999.000,9999.000,9999.000
202606301424,   4.585,   5.707,9999.000,9999.000,9999.000,9999.000,9999.000,9999.000,9999.000
202606301430,   4.584,   5.707,9999.000,9999.000,9999.000,9999.000,9999.000,9999.000,9999.000
202606301436,   4.579,   5.697,9999.000,9999.000,9999.000,9999.000,9999.000,9999.000,9999.000
202606301442,   4.568,   5.677,9999.000,9999.000,9999.000,9999.000,9999.000,9999.000,9999.000
202606301448,   4.552,   5.657,9999.000,9999.000,9999.000,9999.000,9999.000,9999.000,9999.000
202606301454,   4.531,   5.628,9999.000,9999.000,9999.000,9999.000,9999.000,9999.000,9999.000
202606301500,   4.505,   5.608,   0.500,   0.603,   5.608,   0.500,   5.608,   0.500,   5.608
202606301506,   4.474,   5.667,9999.000,9999.000,9999.000,9999.000,9999.000,9999.000,9999.000
202606301512,   4.439,   5.516,9999.000,9999.000,9999.000,9999.000,9999.000,9999.000,9999.000
202606301518,   4.400,   5.487,9999.000,9999.000,9999.000,9999.000,9999.000,9999.000,9999.000
202606301524,   4.356,   5.438,9999.000,9999.000,9999.000,9999.000,9999.000,9999.000,9999.000
202606301530,   4.308,   5.369,9999.000,9999.000,9999.000,9999.000,9999.000,9999.000,9999.000
202606301536,   4.256,   5.287,9999.000,9999.000,9999.000,9999.000,9999.000,9999.000,9999.000
202606301542,   4.201,   5.198,9999.000,9999.000,9999.000,9999.000,9999.000,9999.000,9999.000
202606301548,   4.141,   5.139,9999.000,9999.000,9999.000,9999.000,9999.000,9999.000,9999.000
202606301554,   4.079,   5.047,9999.000,9999.000,9999.000,9999.000,9999.000,9999.000,9999.000
202606301600,   4.013,   5.028,   0.500,   0.515,   5.028,   0.500,   5.028,   0.500,   5.028
202606301606,   3.945,   4.929,9999.000,9999.000,9999.000,9999.000,9999.000,9999.000,9999.000
202606301612,   3.873,   4.778,9999.000,9999.000,9999.000,9999.000,9999.000,9999.000,9999.000
202606301618,   3.799,   4.667,9999.000,9999.000,9999.000,9999.000,9999.000,9999.000,9999.000
202606301624,   3.723,   4.578,9999.000,9999.000,9999.000,9999.000,9999.000,9999.000,9999.000
202606301630,   3.644,   4.480,9999.000,9999.000,9999.000,9999.000,9999.000,9999.000,9999.000
202606301636,   3.563,   4.359,9999.000,9999.000,9999.000,9999.000,9999.000,9999.000,9999.000
202606301642,   3.480,   4.237,9999.000,9999.000,9999.000,9999.000,9999.000,9999.000,9999.000
202606301648,   3.396,   4.129,9999.000,9999.000,9999.000,9999.000,9999.000,9999.000,9999.000
202606301654,   3.309,   3.998,9999.000,9999.000,9999.000,9999.000,9999.000,9999.000,9999.000
202606301700,   3.222,   3.988,   0.500,   0.266,   3.988,   0.500,   3.988,   0.600,   4.088
202606301706,   3.133,   3.880,9999.000,9999.000,9999.000,9999.000,9999.000,9999.000,9999.000
202606301712,   3.042,   3.729,9999.000,9999.000,9999.000,9999.000,9999.000,9999.000,9999.000
202606301718,   2.951,   3.650,9999.000,9999.000,9999.000,9999.000,9999.000,9999.000,9999.000
202606301724,   2.859,   3.568,9999.000,9999.000,9999.000,9999.000,9999.000,9999.000,9999.000
202606301730,   2.766,   3.460,9999.000,9999.000,9999.000,9999.000,9999.000,9999.000,9999.000
202606301736,   2.672,   3.319,9999.000,9999.000,9999.000,9999.000,9999.000,9999.000,9999.000
202606301742,   2.578,   3.178,9999.000,9999.000,9999.000,9999.000,9999.000,9999.000,9999.000
202606301748,   2.484,   3.050,9999.000,9999.000,9999.000,9999.000,9999.000,9999.000,9999.000
202606301754,   2.390,   2.938,9999.000,9999.000,9999.000,9999.000,9999.000,9999.000,9999.000
202606301800,   2.295,   2.899,   0.500,   0.104,   2.899,   0.500,   2.899,   0.600,   2.999
202606301806,   2.201,   2.778,9999.000,9999.000,9999.000,9999.000,9999.000,9999.000,9999.000
202606301812,   2.107,   2.630,9999.000,9999.000,9999.000,9999.000,9999.000,9999.000,9999.000
202606301818,   2.014,   2.548,9999.000,9999.000,9999.000,9999.000,9999.000,9999.000,9999.000
202606301824,   1.922,   2.459,9999.000,9999.000,9999.000,9999.000,9999.000,9999.000,9999.000
202606301830,   1.831,   2.348,9999.000,9999.000,9999.000,9999.000,9999.000,9999.000,9999.000
202606301836,   1.741,   2.259,9999.000,9999.000,9999.000,9999.000,9999.000,9999.000,9999.000
202606301842,   1.652,   2.148,9999.000,9999.000,9999.000,9999.000,9999.000,9999.000,9999.000
202606301848,   1.565,   2.049,9999.000,9999.000,9999.000,9999.000,9999.000,9999.000,9999.000
202606301854,   1.480,   1.958,9999.000,9999.000,9999.000,9999.000,9999.000,9999.000,9999.000
202606301900,   1.398,   1.928,   0.600,  -0.070,   1.928,   0.500,   1.828,   0.600,   1.928
202606301906,   1.317,   1.781,9999.000,9999.000,9999.000,9999.000,9999.000,9999.000,9999.000
202606301912,   1.240,   1.689,9999.000,9999.000,9999.000,9999.000,9999.000,9999.000,9999.000
202606301918,   1.165,   1.620,9999.000,9999.000,9999.000,9999.000,9999.000,9999.000,9999.000
202606301924,   1.094,   1.538,9999.000,9999.000,9999.000,9999.000,9999.000,9999.000,9999.000
202606301930,   1.027,   1.479,9999.000,9999.000,9999.000,9999.000,9999.000,9999.000,9999.000
202606301936,   0.963,   1.410,9999.000,9999.000,9999.000,9999.000,9999.000,9999.000,9999.000
202606301942,   0.904,   1.348,9999.000,9999.000,9999.000,9999.000,9999.000,9999.000,9999.000
202606301948,   0.850,   1.400,9999.000,9999.000,9999.000,9999.000,9999.000,9999.000,9999.000
202606301954,   0.800,   1.239,9999.000,9999.000,9999.000,9999.000,9999.000,9999.000,9999.000
202606302000,   0.755,   1.318,   0.600,  -0.037,   1.318,   0.500,   1.218,   0.600,   1.318
202606302006,   0.716,   1.289,9999.000,9999.000,9999.000,9999.000,9999.000,9999.000,9999.000
202606302012,   0.683,   1.138,9999.000,9999.000,9999.000,9999.000,9999.000,9999.000,9999.000
202606302018,   0.656,   1.118,9999.000,9999.000,9999.000,9999.000,9999.000,9999.000,9999.000
202606302024,   0.635,   1.098,9999.000,9999.000,9999.000,9999.000,9999.000,9999.000,9999.000
202606302030,   0.621,   1.079,9999.000,9999.000,9999.000,9999.000,9999.000,9999.000,9999.000
202606302036,   0.613,   1.069,9999.000,9999.000,9999.000,9999.000,9999.000,9999.000,9999.000
202606302042,   0.613,   1.079,9999.000,9999.000,9999.000,9999.000,9999.000,9999.000,9999.000
202606302048,   0.620,   1.098,9999.000,9999.000,9999.000,9999.000,9999.000,9999.000,9999.000
202606302054,   0.633,   1.138,9999.000,9999.000,9999.000,9999.000,9999.000,9999.000,9999.000
202606302100,   0.655,   1.489,   0.600,   0.234,   1.489,   0.600,   1.489,   0.600,   1.489
202606302106,   0.683,   1.630,9999.000,9999.000,9999.000,9999.000,9999.000,9999.000,9999.000
202606302112,   0.719,   1.479,9999.000,9999.000,9999.000,9999.000,9999.000,9999.000,9999.000
202606302118,   0.761,   1.620,9999.000,9999.000,9999.000,9999.000,9999.000,9999.000,9999.000
202606302124,   0.811,   1.748,9999.000,9999.000,9999.000,9999.000,9999.000,9999.000,9999.000
202606302130,   0.868,   1.869,9999.000,9999.000,9999.000,9999.000,9999.000,9999.000,9999.000
202606302136,   0.931,   2.000,9999.000,9999.000,9999.000,9999.000,9999.000,9999.000,9999.000
202606302142,   1.002,   2.148,9999.000,9999.000,9999.000,9999.000,9999.000,9999.000,9999.000
202606302148,   1.078,   2.289,9999.000,9999.000,9999.000,9999.000,9999.000,9999.000,9999.000
202606302154,   1.162,   2.660,9999.000,9999.000,9999.000,9999.000,9999.000,9999.000,9999.000
202606302200,   1.251,   2.768,   0.600,   0.917,   2.768,   0.600,   2.768,   0.700,   2.868
202606302206,   1.346,   2.860,9999.000,9999.000,9999.000,9999.000,9999.000,9999.000,9999.000
202606302212,   1.448,   2.709,9999.000,9999.000,9999.000,9999.000,9999.000,9999.000,9999.000
202606302218,   1.555,   2.820,9999.000,9999.000,9999.000,9999.000,9999.000,9999.000,9999.000
202606302224,   1.667,   2.929,9999.000,9999.000,9999.000,9999.000,9999.000,9999.000,9999.000
202606302230,   1.785,   3.050,9999.000,9999.000,9999.000,9999.000,9999.000,9999.000,9999.000
202606302236,   1.908,   3.168,9999.000,9999.000,9999.000,9999.000,9999.000,9999.000,9999.000
202606302242,   2.037,   3.299,9999.000,9999.000,9999.000,9999.000,9999.000,9999.000,9999.000
202606302248,   2.170,   3.417,9999.000,9999.000,9999.000,9999.000,9999.000,9999.000,9999.000
202606302254,   2.308,   3.539,9999.000,9999.000,9999.000,9999.000,9999.000,9999.000,9999.000
202606302300,   2.450,   3.939,   0.600,   0.889,   3.939,   0.600,   3.939,   0.700,   4.039
202606302306,   2.596,   3.788,9999.000,9999.000,9999.000,9999.000,9999.000,9999.000,9999.000
202606302312,   2.746,   3.919,9999.000,9999.000,9999.000,9999.000,9999.000,9999.000,9999.000
202606302318,   2.899,   4.037,9999.000,9999.000,9999.000,9999.000,9999.000,9999.000,9999.000
202606302324,   3.055,   4.159,9999.000,9999.000,9999.000,9999.000,9999.000,9999.000,9999.000
202606302330,   3.214,   4.280,9999.000,9999.000,9999.000,9999.000,9999.000,9999.000,9999.000
202606302336,   3.374,   4.398,9999.000,9999.000,9999.000,9999.000,9999.000,9999.000,9999.000
202606302342,   3.536,   4.539,9999.000,9999.000,9999.000,9999.000,9999.000,9999.000,9999.000
202606302348,   3.698,   4.677,9999.000,9999.000,9999.000,9999.000,9999.000,9999.000,9999.000
202606302354,   3.860,   4.828,9999.000,9999.000,9999.000,9999.000,9999.000,9999.000,9999.000
202607010000,   4.021,   5.277,   0.600,   0.656,   5.277,   0.600,   5.277,   0.600,   5.277
202607010006,   4.181,   5.408,9999.000,9999.000,9999.000,9999.000,9999.000,9999.000,9999.000
202607010012,   4.339,   5.257,9999.000,9999.000,9999.000,9999.000,9999.000,9999.000,9999.000
202607010018,   4.494,   5.389,9999.000,9999.000,9999.000,9999.000,9999.000,9999.000,9999.000
202607010024,   4.645,   5.516,9999.000,9999.000,9999.000,9999.000,9999.000,9999.000,9999.000
202607010030,   4.792,   5.657,9999.000,9999.000,9999.000,9999.000,9999.000,9999.000,9999.000
202607010036,   4.935,   5.799,9999.000,9999.000,9999.000,9999.000,9999.000,9999.000,9999.000
202607010042,   5.073,   5.949,9999.000,9999.000,9999.000,9999.000,9999.000,9999.000,9999.000
202607010048,   5.205,   6.087,9999.000,9999.000,9999.000,9999.000,9999.000,9999.000,9999.000
202607010054,   5.332,   6.218,9999.000,9999.000,9999.000,9999.000,9999.000,9999.000,9999.000
202607010100,   5.452,   6.537,   0.600,   0.485,   6.537,   0.600,   6.537,   0.600,   6.537
202607010106,   5.566,   6.619,9999.000,9999.000,9999.000,9999.000,9999.000,9999.000,9999.000
202607010112,   5.673,   6.468,9999.000,9999.000,9999.000,9999.000,9999.000,9999.000,9999.000
202607010118,   5.774,   6.546,9999.000,9999.000,9999.000,9999.000,9999.000,9999.000,9999.000
202607010124,   5.867,   6.628,9999.000,9999.000,9999.000,9999.000,9999.000,9999.000,9999.000
202607010130,   5.954,   6.687,9999.000,9999.000,9999.000,9999.000,9999.000,9999.000,9999.000
202607010136,   6.033,   6.746,9999.000,9999.000,9999.000,9999.000,9999.000,9999.000,9999.000
202607010142,   6.105,   6.809,9999.000,9999.000,9999.000,9999.000,9999.000,9999.000,9999.000
202607010148,   6.171,   6.848,9999.000,9999.000,9999.000,9999.000,9999.000,9999.000,9999.000
202607010154,   6.229,   6.887,9999.000,9999.000,9999.000,9999.000,9999.000,9999.000,9999.000
202607010200,   6.280,   7.107,   0.600,   0.227,   7.107,   0.600,   7.107,   0.600,   7.107
202607010206,   6.324,   7.127,9999.000,9999.000,9999.000,9999.000,9999.000,9999.000,9999.000
202607010212,   6.360,   6.979,9999.000,9999.000,9999.000,9999.000,9999.000,9999.000,9999.000
202607010218,   6.390,   6.989,9999.000,9999.000,9999.000,9999.000,9999.000,9999.000,9999.000
202607010224,   6.413,   7.009,9999.000,9999.000,9999.000,9999.000,9999.000,9999.000,9999.000
202607010230,   6.429,   7.038,9999.000,9999.000,9999.000,9999.000,9999.000,9999.000,9999.000
202607010236,   6.438,   7.068,9999.000,9999.000,9999.000,9999.000,9999.000,9999.000,9999.000
202607010242,   6.440,   7.078,9999.000,9999.000,9999.000,9999.000,9999.000,9999.000,9999.000
202607010248,   6.436,   7.078,9999.000,9999.000,9999.000,9999.000,9999.000,9999.000,9999.000
202607010254,   6.425,   7.068,9999.000,9999.000,9999.000,9999.000,9999.000,9999.000,9999.000
202607010300,   6.407,   7.199,   0.600,   0.192,   7.199,   0.600,   7.199,   0.600,   7.199
202607010306,   6.384,   7.166,9999.000,9999.000,9999.000,9999.000,9999.000,9999.000,9999.000
202607010312,   6.354,   7.019,9999.000,9999.000,9999.000,9999.000,9999.000,9999.000,9999.000
202607010318,   6.318,   6.989,9999.000,9999.000,9999.000,9999.000,9999.000,9999.000,9999.000
202607010324,   6.276,   6.947,9999.000,9999.000,9999.000,9999.000,9999.000,9999.000,9999.000
202607010330,   6.228,   6.897,9999.000,9999.000,9999.000,9999.000,9999.000,9999.000,9999.000
202607010336,   6.175,   6.819,9999.000,9999.000,9999.000,9999.000,9999.000,9999.000,9999.000
202607010342,   6.116,   6.727,9999.000,9999.000,9999.000,9999.000,9999.000,9999.000,9999.000
202607010348,   6.053,   6.628,9999.000,9999.000,9999.000,9999.000,9999.000,9999.000,9999.000
202607010354,   5.984,   6.546,9999.000,9999.000,9999.000,9999.000,9999.000,9999.000,9999.000
202607010400,   5.910,   6.517,   0.600,   0.007,   6.517,   0.600,   6.517,   0.600,   6.517
202607010406,   5.832,   6.418,9999.000,9999.000,9999.000,9999.000,9999.000,9999.000,9999.000
202607010412,   5.750,   6.268,9999.000,9999.000,9999.000,9999.000,9999.000,9999.000,9999.000
202607010418,   5.663,   6.127,9999.000,9999.000,9999.000,9999.000,9999.000,9999.000,9999.000
202607010424,   5.573,   5.969,9999.000,9999.000,9999.000,9999.000,9999.000,9999.000,9999.000
202607010430,   5.479,   5.838,9999.000,9999.000,9999.000,9999.000,9999.000,9999.000,9999.000
202607010436,   5.381,   5.717,9999.000,9999.000,9999.000,9999.000,9999.000,9999.000,9999.000
202607010442,   5.280,   5.618,9999.000,9999.000,9999.000,9999.000,9999.000,9999.000,9999.000
202607010448,   5.176,   5.530,9999.000,9999.000,9999.000,9999.000,9999.000,9999.000,9999.000
202607010454,   5.069,   5.408,9999.000,9999.000,9999.000,9999.000,9999.000,9999.000,9999.000
202607010500,   4.960,   5.307,   0.600,  -0.253,   5.307,   0.500,   5.207,   0.600,   5.307
202607010506,   4.847,   5.179,9999.000,9999.000,9999.000,9999.000,9999.000,9999.000,9999.000
202607010512,   4.733,   5.028,9999.000,9999.000,9999.000,9999.000,9999.000,9999.000,9999.000
202607010518,   4.617,   4.887,9999.000,9999.000,9999.000,9999.000,9999.000,9999.000,9999.000
202607010524,   4.498,   4.769,9999.000,9999.000,9999.000,9999.000,9999.000,9999.000,9999.000
202607010530,   4.378,   4.637,9999.000,9999.000,9999.000,9999.000,9999.000,9999.000,9999.000
202607010536,   4.256,   4.529,9999.000,9999.000,9999.000,9999.000,9999.000,9999.000,9999.000
202607010542,   4.133,   4.427,9999.000,9999.000,9999.000,9999.000,9999.000,9999.000,9999.000
202607010548,   4.008,   4.319,9999.000,9999.000,9999.000,9999.000,9999.000,9999.000,9999.000
202607010554,   3.883,   4.208,9999.000,9999.000,9999.000,9999.000,9999.000,9999.000,9999.000
202607010600,   3.756,   4.109,   0.500,  -0.125,   4.131,   0.500,   4.131,   0.500,   4.131
202607010606,   3.629,   3.978,9999.000,9999.000,9999.000,9999.000,9999.000,9999.000,9999.000
202607010612,   3.501,   3.827,9999.000,9999.000,9999.000,9999.000,9999.000,9999.000,9999.000
202607010618,   3.373,   3.709,9999.000,9999.000,9999.000,9999.000,9999.000,9999.000,9999.000
202607010624,   3.245,   3.558,9999.000,9999.000,9999.000,9999.000,9999.000,9999.000,9999.000
202607010630,   3.117,   3.450,9999.000,9999.000,9999.000,9999.000,9999.000,9999.000,9999.000
202607010636,   2.990,   3.348,9999.000,9999.000,9999.000,9999.000,9999.000,9999.000,9999.000
202607010642,   2.863,   3.240,9999.000,9999.000,9999.000,9999.000,9999.000,9999.000,9999.000
202607010648,   2.736,   3.119,9999.000,9999.000,9999.000,9999.000,9999.000,9999.000,9999.000
202607010654,   2.611,   3.007,9999.000,9999.000,9999.000,9999.000,9999.000,9999.000,9999.000
202607010700,   2.486,   2.909,   0.500,  -0.084,   2.902,   0.400,   2.802,   0.500,   2.902
202607010706,   2.364,   2.787,9999.000,9999.000,9999.000,9999.000,9999.000,9999.000,9999.000
202607010712,   2.242,   2.640,9999.000,9999.000,9999.000,9999.000,9999.000,9999.000,9999.000
202607010718,   2.123,   2.528,9999.000,9999.000,9999.000,9999.000,9999.000,9999.000,9999.000
202607010724,   2.007,   2.420,9999.000,9999.000,9999.000,9999.000,9999.000,9999.000,9999.000
202607010730,   1.892,   2.318,9999.000,9999.000,9999.000,9999.000,9999.000,9999.000,9999.000
202607010736,   1.781,   2.230,9999.000,9999.000,9999.000,9999.000,9999.000,9999.000,9999.000
202607010742,   1.673,   2.138,9999.000,9999.000,9999.000,9999.000,9999.000,9999.000,9999.000
202607010748,   1.568,   2.030,9999.000,9999.000,9999.000,9999.000,9999.000,9999.000,9999.000
202607010754,   1.467,   1.928,9999.000,9999.000,9999.000,9999.000,9999.000,9999.000,9999.000
202607010800,   1.370,   1.908,   0.400,  -0.010,   1.760,   0.400,   1.760,   0.500,   1.860
202607010806,   1.277,   1.800,9999.000,9999.000,9999.000,9999.000,9999.000,9999.000,9999.000
202607010812,   1.189,   1.649,9999.000,9999.000,9999.000,9999.000,9999.000,9999.000,9999.000
202607010818,   1.105,   1.571,9999.000,9999.000,9999.000,9999.000,9999.000,9999.000,9999.000
202607010824,   1.027,   1.489,9999.000,9999.000,9999.000,9999.000,9999.000,9999.000,9999.000
202607010830,   0.954,   1.400,9999.000,9999.000,9999.000,9999.000,9999.000,9999.000,9999.000
202607010836,   0.887,   1.308,9999.000,9999.000,9999.000,9999.000,9999.000,9999.000,9999.000
202607010842,   0.825,   1.249,9999.000,9999.000,9999.000,9999.000,9999.000,9999.000,9999.000
202607010848,   0.770,   1.170,9999.000,9999.000,9999.000,9999.000,9999.000,9999.000,9999.000
202607010854,   0.720,   1.098,9999.000,9999.000,9999.000,9999.000,9999.000,9999.000,9999.000
202607010900,   0.677,   1.118,   0.400,   0.135,   1.212,   0.400,   1.212,   0.400,   1.212
202607010906,   0.640,   1.069,9999.000,9999.000,9999.000,9999.000,9999.000,9999.000,9999.000
202607010912,   0.609,   0.918,9999.000,9999.000,9999.000,9999.000,9999.000,9999.000,9999.000
202607010918,   0.585,   0.879,9999.000,9999.000,9999.000,9999.000,9999.000,9999.000,9999.000
202607010924,   0.568,   0.849,9999.000,9999.000,9999.000,9999.000,9999.000,9999.000,9999.000
202607010930,   0.557,   0.839,9999.000,9999.000,9999.000,9999.000,9999.000,9999.000,9999.000
202607010936,   0.552,   0.829,9999.000,9999.000,9999.000,9999.000,9999.000,9999.000,9999.000
202607010942,   0.554,   0.859,9999.000,9999.000,9999.000,9999.000,9999.000,9999.000,9999.000
202607010948,   0.562,   0.898,9999.000,9999.000,9999.000,9999.000,9999.000,9999.000,9999.000
202607010954,   0.576,   0.961,9999.000,9999.000,9999.000,9999.000,9999.000,9999.000,9999.000
202607011000,   0.596,   1.259,   0.400,   0.343,   1.339,   0.400,   1.339,   0.400,   1.339
202607011006,   0.623,   1.371,9999.000,9999.000,9999.000,9999.000,9999.000,9999.000,9999.000
202607011012,   0.655,   1.220,9999.000,9999.000,9999.000,9999.000,9999.000,9999.000,9999.000
202607011018,   0.694,   1.308,9999.000,9999.000,9999.000,9999.000,9999.000,9999.000,9999.000
202607011024,   0.738,   1.420,9999.000,9999.000,9999.000,9999.000,9999.000,9999.000,9999.000
202607011030,   0.787,   1.548,9999.000,9999.000,9999.000,9999.000,9999.000,9999.000,9999.000
202607011036,   0.843,   1.630,9999.000,9999.000,9999.000,9999.000,9999.000,9999.000,9999.000
202607011042,   0.904,   1.728,9999.000,9999.000,9999.000,9999.000,9999.000,9999.000,9999.000
202607011048,   0.970,   1.859,9999.000,9999.000,9999.000,9999.000,9999.000,9999.000,9999.000
202607011054,   1.042,   1.990,9999.000,9999.000,9999.000,9999.000,9999.000,9999.000,9999.000
202607011100,   1.118,   2.400,   0.400,   0.533,   2.051,   0.400,   2.051,   0.400,   2.051
202607011106,   1.200,   2.489,9999.000,9999.000,9999.000,9999.000,9999.000,9999.000,9999.000
202607011112,   1.287,   2.578,9999.000,9999.000,9999.000,9999.000,9999.000,9999.000,9999.000
202607011118,   1.379,   2.679,9999.000,9999.000,9999.000,9999.000,9999.000,9999.000,9999.000
202607011124,   1.476,   2.758,9999.000,9999.000,9999.000,9999.000,9999.000,9999.000,9999.000
202607011130,   1.578,   2.860,9999.000,9999.000,9999.000,9999.000,9999.000,9999.000,9999.000
202607011136,   1.683,   2.978,9999.000,9999.000,9999.000,9999.000,9999.000,9999.000,9999.000
202607011142,   1.793,   3.099,9999.000,9999.000,9999.000,9999.000,9999.000,9999.000,9999.000
202607011148,   1.907,   3.207,9999.000,9999.000,9999.000,9999.000,9999.000,9999.000,9999.000
202607011154,   2.025,   3.309,9999.000,9999.000,9999.000,9999.000,9999.000,9999.000,9999.000
202607011200,   2.145,   3.309,   0.400,   0.660,   3.205,   0.400,   3.205,   0.400,   3.205
202607011206,   2.268,9999.000,9999.000,9999.000,9999.000,9999.000,9999.000,9999.000,9999.000
202607011212,   2.393,9999.000,9999.000,9999.000,9999.000,9999.000,9999.000,9999.000,9999.000
202607011218,   2.519,9999.000,9999.000,9999.000,9999.000,9999.000,9999.000,9999.000,9999.000
202607011224,   2.647,9999.000,9999.000,9999.000,9999.000,9999.000,9999.000,9999.000,9999.000
202607011230,   2.774,9999.000,9999.000,9999.000,9999.000,9999.000,9999.000,9999.000,9999.000
202607011236,   2.901,9999.000,9999.000,9999.000,9999.000,9999.000,9999.000,9999.000,9999.000
202607011242,   3.026,9999.000,9999.000,9999.000,9999.000,9999.000,9999.000,9999.000,9999.000
202607011248,   3.150,9999.000,9999.000,9999.000,9999.000,9999.000,9999.000,9999.000,9999.000
202607011254,   3.271,9999.000,9999.000,9999.000,9999.000,9999.000,9999.000,9999.000,9999.000
202607011300,   3.388,9999.000,   0.400,   0.761,   4.549,   0.400,   4.549,   0.400,   4.549
202607011306,   3.503,9999.000,9999.000,9999.000,9999.000,9999.000,9999.000,9999.000,9999.000
202607011312,   3.613,9999.000,9999.000,9999.000,9999.000,9999.000,9999.000,9999.000,9999.000
202607011318,   3.718,9999.000,9999.000,9999.000,9999.000,9999.000,9999.000,9999.000,9999.000
202607011324,   3.819,9999.000,9999.000,9999.000,9999.000,9999.000,9999.000,9999.000,9999.000
202607011330,   3.915,9999.000,9999.000,9999.000,9999.000,9999.000,9999.000,9999.000,9999.000
202607011336,   4.005,9999.000,9999.000,9999.000,9999.000,9999.000,9999.000,9999.000,9999.000
202607011342,   4.089,9999.000,9999.000,9999.000,9999.000,9999.000,9999.000,9999.000,9999.000
202607011348,   4.168,9999.000,9999.000,9999.000,9999.000,9999.000,9999.000,9999.000,9999.000
202607011354,   4.241,9999.000,9999.000,9999.000,9999.000,9999.000,9999.000,9999.000,9999.000
202607011400,   4.308,9999.000,   0.400,   0.856,   5.564,   0.300,   5.464,   0.400,   5.564
202607011406,   4.369,9999.000,9999.000,9999.000,9999.000,9999.000,9999.000,9999.000,9999.000
202607011412,   4.423,9999.000,9999.000,9999.000,9999.000,9999.000,9999.000,9999.000,9999.000
202607011418,   4.472,9999.000,9999.000,9999.000,9999.000,9999.000,9999.000,9999.000,9999.000
202607011424,   4.515,9999.000,9999.000,9999.000,9999.000,9999.000,9999.000,9999.000,9999.000
202607011430,   4.552,9999.000,9999.000,9999.000,9999.000,9999.000,9999.000,9999.000,9999.000
202607011436,   4.583,9999.000,9999.000,9999.000,9999.000,9999.000,9999.000,9999.000,9999.000
202607011442,   4.608,9999.000,9999.000,9999.000,9999.000,9999.000,9999.000,9999.000,9999.000
202607011448,   4.628,9999.000,9999.000,9999.000,9999.000,9999.000,9999.000,9999.000,9999.000
202607011454,   4.641,9999.000,9999.000,9999.000,9999.000,9999.000,9999.000,9999.000,9999.000
202607011500,   4.649,9999.000,   0.300,   0.878,   5.827,   0.300,   5.827,   0.400,   5.927
202607011506,   4.652,9999.000,9999.000,9999.000,9999.000,9999.000,9999.000,9999.000,9999.000
202607011512,   4.648,9999.000,9999.000,9999.000,9999.000,9999.000,9999.000,9999.000,9999.000
202607011518,   4.640,9999.000,9999.000,9999.000,9999.000,9999.000,9999.000,9999.000,9999.000
202607011524,   4.626,9999.000,9999.000,9999.000,9999.000,9999.000,9999.000,9999.000,9999.000
202607011530,   4.607,9999.000,9999.000,9999.000,9999.000,9999.000,9999.000,9999.000,9999.000
202607011536,   4.583,9999.000,9999.000,9999.000,9999.000,9999.000,9999.000,9999.000,9999.000
202607011542,   4.554,9999.000,9999.000,9999.000,9999.000,9999.000,9999.000,9999.000,9999.000
202607011548,   4.520,9999.000,9999.000,9999.000,9999.000,9999.000,9999.000,9999.000,9999.000
202607011554,   4.481,9999.000,9999.000,9999.000,9999.000,9999.000,9999.000,9999.000,9999.000
202607011600,   4.439,9999.000,   0.300,   0.759,   5.498,   0.300,   5.498,   0.400,   5.598
202607011606,   4.392,9999.000,9999.000,9999.000,9999.000,9999.000,9999.000,9999.000,9999.000
202607011612,   4.340,9999.000,9999.000,9999.000,9999.000,9999.000,9999.000,9999.000,9999.000
202607011618,   4.285,9999.000,9999.000,9999.000,9999.000,9999.000,9999.000,9999.000,9999.000
202607011624,   4.227,9999.000,9999.000,9999.000,9999.000,9999.000,9999.000,9999.000,9999.000
202607011630,   4.164,9999.000,9999.000,9999.000,9999.000,9999.000,9999.000,9999.000,9999.000
202607011636,   4.099,9999.000,9999.000,9999.000,9999.000,9999.000,9999.000,9999.000,9999.000
202607011642,   4.030,9999.000,9999.000,9999.000,9999.000,9999.000,9999.000,9999.000,9999.000
202607011648,   3.958,9999.000,9999.000,9999.000,9999.000,9999.000,9999.000,9999.000,9999.000
202607011654,   3.884,9999.000,9999.000,9999.000,9999.000,9999.000,9999.000,9999.000,9999.000
202607011700,   3.807,9999.000,   0.300,   0.525,   4.632,   0.300,   4.632,   0.400,   4.732
202607011706,   3.727,9999.000,9999.000,9999.000,9999.000,9999.000,9999.000,9999.000,9999.000
202607011712,   3.646,9999.000,9999.000,9999.000,9999.000,9999.000,9999.000,9999.000,9999.000
202607011718,   3.562,9999.000,9999.000,9999.000,9999.000,9999.000,9999.000,9999.000,9999.000
202607011724,   3.476,9999.000,9999.000,9999.000,9999.000,9999.000,9999.000,9999.000,9999.000
202607011730,   3.389,9999.000,9999.000,9999.000,9999.000,9999.000,9999.000,9999.000,9999.000
202607011736,   3.300,9999.000,9999.000,9999.000,9999.000,9999.000,9999.000,9999.000,9999.000
202607011742,   3.210,9999.000,9999.000,9999.000,9999.000,9999.000,9999.000,9999.000,9999.000
202607011748,   3.118,9999.000,9999.000,9999.000,9999.000,9999.000,9999.000,9999.000,9999.000
202607011754,   3.026,9999.000,9999.000,9999.000,9999.000,9999.000,9999.000,9999.000,9999.000
202607011800,   2.932,9999.000,   0.300,   0.276,   3.508,   0.300,   3.508,   0.300,   3.508
202607011806,   2.838,9999.000,9999.000,9999.000,9999.000,9999.000,9999.000,9999.000,9999.000
202607011812,   2.743,9999.000,9999.000,9999.000,9999.000,9999.000,9999.000,9999.000,9999.000
202607011818,   2.647,9999.000,9999.000,9999.000,9999.000,9999.000,9999.000,9999.000,9999.000
202607011824,   2.552,9999.000,9999.000,9999.000,9999.000,9999.000,9999.000,9999.000,9999.000
202607011830,   2.456,9999.000,9999.000,9999.000,9999.000,9999.000,9999.000,9999.000,9999.000
202607011836,   2.360,9999.000,9999.000,9999.000,9999.000,9999.000,9999.000,9999.000,9999.000
202607011842,   2.265,9999.000,9999.000,9999.000,9999.000,9999.000,9999.000,9999.000,9999.000
202607011848,   2.169,9999.000,9999.000,9999.000,9999.000,9999.000,9999.000,9999.000,9999.000
202607011854,   2.075,9999.000,9999.000,9999.000,9999.000,9999.000,9999.000,9999.000,9999.000
202607011900,   1.981,9999.000,   0.300,   0.112,   2.393,   0.300,   2.393,   0.400,   2.493
202607011906,   1.888,9999.000,9999.000,9999.000,9999.000,9999.000,9999.000,9999.000,9999.000
202607011912,   1.796,9999.000,9999.000,9999.000,9999.000,9999.000,9999.000,9999.000,9999.000
202607011918,   1.706,9999.000,9999.000,9999.000,9999.000,9999.000,9999.000,9999.000,9999.000
202607011924,   1.617,9999.000,9999.000,9999.000,9999.000,9999.000,9999.000,9999.000,9999.000
202607011930,   1.530,9999.000,9999.000,9999.000,9999.000,9999.000,9999.000,9999.000,9999.000
202607011936,   1.445,9999.000,9999.000,9999.000,9999.000,9999.000,9999.000,9999.000,9999.000
202607011942,   1.363,9999.000,9999.000,9999.000,9999.000,9999.000,9999.000,9999.000,9999.000
202607011948,   1.283,9999.000,9999.000,9999.000,9999.000,9999.000,9999.000,9999.000,9999.000
202607011954,   1.206,9999.000,9999.000,9999.000,9999.000,9999.000,9999.000,9999.000,9999.000
202607012000,   1.133,9999.000,   0.300,   0.087,   1.520,   0.300,   1.520,   0.400,   1.620
202607012006,   1.063,9999.000,9999.000,9999.000,9999.000,9999.000,9999.000,9999.000,9999.000
202607012012,   0.996,9999.000,9999.000,9999.000,9999.000,9999.000,9999.000,9999.000,9999.000
202607012018,   0.934,9999.000,9999.000,9999.000,9999.000,9999.000,9999.000,9999.000,9999.000
202607012024,   0.877,9999.000,9999.000,9999.000,9999.000,9999.000,9999.000,9999.000,9999.000
202607012030,   0.824,9999.000,9999.000,9999.000,9999.000,9999.000,9999.000,9999.000,9999.000
202607012036,   0.777,9999.000,9999.000,9999.000,9999.000,9999.000,9999.000,9999.000,9999.000
202607012042,   0.735,9999.000,9999.000,9999.000,9999.000,9999.000,9999.000,9999.000,9999.000
202607012048,   0.698,9999.000,9999.000,9999.000,9999.000,9999.000,9999.000,9999.000,9999.000
202607012054,   0.668,9999.000,9999.000,9999.000,9999.000,9999.000,9999.000,9999.000,9999.000
202607012100,   0.644,9999.000,   0.300,   0.179,   1.123,   0.300,   1.123,   0.400,   1.223
202607012106,   0.627,9999.000,9999.000,9999.000,9999.000,9999.000,9999.000,9999.000,9999.000
202607012112,   0.617,9999.000,9999.000,9999.000,9999.000,9999.000,9999.000,9999.000,9999.000
202607012118,   0.614,9999.000,9999.000,9999.000,9999.000,9999.000,9999.000,9999.000,9999.000
202607012124,   0.619,9999.000,9999.000,9999.000,9999.000,9999.000,9999.000,9999.000,9999.000
202607012130,   0.631,9999.000,9999.000,9999.000,9999.000,9999.000,9999.000,9999.000,9999.000
202607012136,   0.650,9999.000,9999.000,9999.000,9999.000,9999.000,9999.000,9999.000,9999.000
202607012142,   0.677,9999.000,9999.000,9999.000,9999.000,9999.000,9999.000,9999.000,9999.000
202607012148,   0.711,9999.000,9999.000,9999.000,9999.000,9999.000,9999.000,9999.000,9999.000
202607012154,   0.753,9999.000,9999.000,9999.000,9999.000,9999.000,9999.000,9999.000,9999.000
202607012200,   0.802,9999.000,   0.400,   0.293,   1.495,   0.300,   1.395,   0.400,   1.495
202607012206,   0.858,9999.000,9999.000,9999.000,9999.000,9999.000,9999.000,9999.000,9999.000
202607012212,   0.921,9999.000,9999.000,9999.000,9999.000,9999.000,9999.000,9999.000,9999.000
202607012218,   0.991,9999.000,9999.000,9999.000,9999.000,9999.000,9999.000,9999.000,9999.000
202607012224,   1.068,9999.000,9999.000,9999.000,9999.000,9999.000,9999.000,9999.000,9999.000
202607012230,   1.150,9999.000,9999.000,9999.000,9999.000,9999.000,9999.000,9999.000,9999.000
202607012236,   1.239,9999.000,9999.000,9999.000,9999.000,9999.000,9999.000,9999.000,9999.000
202607012242,   1.333,9999.000,9999.000,9999.000,9999.000,9999.000,9999.000,9999.000,9999.000
202607012248,   1.433,9999.000,9999.000,9999.000,9999.000,9999.000,9999.000,9999.000,9999.000
202607012254,   1.539,9999.000,9999.000,9999.000,9999.000,9999.000,9999.000,9999.000,9999.000
202607012300,   1.649,9999.000,   0.400,   0.346,   2.395,   0.300,   2.295,   0.400,   2.395
202607012306,   1.764,9999.000,9999.000,9999.000,9999.000,9999.000,9999.000,9999.000,9999.000
202607012312,   1.884,9999.000,9999.000,9999.000,9999.000,9999.000,9999.000,9999.000,9999.000
202607012318,   2.008,9999.000,9999.000,9999.000,9999.000,9999.000,9999.000,9999.000,9999.000
202607012324,   2.137,9999.000,9999.000,9999.000,9999.000,9999.000,9999.000,9999.000,9999.000
202607012330,   2.269,9999.000,9999.000,9999.000,9999.000,9999.000,9999.000,9999.000,9999.000
202607012336,   2.406,9999.000,9999.000,9999.000,9999.000,9999.000,9999.000,9999.000,9999.000
202607012342,   2.546,9999.000,9999.000,9999.000,9999.000,9999.000,9999.000,9999.000,9999.000
202607012348,   2.689,9999.000,9999.000,9999.000,9999.000,9999.000,9999.000,9999.000,9999.000
202607012354,   2.836,9999.000,9999.000,9999.000,9999.000,9999.000,9999.000,9999.000,9999.000
202607020000,   2.986,9999.000,   0.400,   0.357,   3.743,   0.200,   3.543,   0.400,   3.743
202607020006,   3.138,9999.000,9999.000,9999.000,9999.000,9999.000,9999.000,9999.000,9999.000
202607020012,   3.292,9999.000,9999.000,9999.000,9999.000,9999.000,9999.000,9999.000,9999.000
202607020018,   3.448,9999.000,9999.000,9999.000,9999.000,9999.000,9999.000,9999.000,9999.000
202607020024,   3.605,9999.000,9999.000,9999.000,9999.000,9999.000,9999.000,9999.000,9999.000
202607020030,   3.762,9999.000,9999.000,9999.000,9999.000,9999.000,9999.000,9999.000,9999.000
202607020036,   3.920,9999.000,9999.000,9999.000,9999.000,9999.000,9999.000,9999.000,9999.000
202607020042,   4.077,9999.000,9999.000,9999.000,9999.000,9999.000,9999.000,9999.000,9999.000
202607020048,   4.232,9999.000,9999.000,9999.000,9999.000,9999.000,9999.000,9999.000,9999.000
202607020054,   4.386,9999.000,9999.000,9999.000,9999.000,9999.000,9999.000,9999.000,9999.000
202607020100,   4.537,9999.000,   0.300,   0.401,   5.238,   0.300,   5.238,   0.400,   5.338
202607020106,   4.685,9999.000,9999.000,9999.000,9999.000,9999.000,9999.000,9999.000,9999.000
202607020112,   4.829,9999.000,9999.000,9999.000,9999.000,9999.000,9999.000,9999.000,9999.000
202607020118,   4.969,9999.000,9999.000,9999.000,9999.000,9999.000,9999.000,9999.000,9999.000
202607020124,   5.104,9999.000,9999.000,9999.000,9999.000,9999.000,9999.000,9999.000,9999.000
202607020130,   5.233,9999.000,9999.000,9999.000,9999.000,9999.000,9999.000,9999.000,9999.000
202607020136,   5.357,9999.000,9999.000,9999.000,9999.000,9999.000,9999.000,9999.000,9999.000
202607020142,   5.474,9999.000,9999.000,9999.000,9999.000,9999.000,9999.000,9999.000,9999.000
202607020148,   5.585,9999.000,9999.000,9999.000,9999.000,9999.000,9999.000,9999.000,9999.000
202607020154,   5.689,9999.000,9999.000,9999.000,9999.000,9999.000,9999.000,9999.000,9999.000
202607020200,   5.787,9999.000,   0.300,   0.463,   6.550,   0.200,   6.450,   0.400,   6.650
202607020206,   5.877,9999.000,9999.000,9999.000,9999.000,9999.000,9999.000,9999.000,9999.000
202607020212,   5.960,9999.000,9999.000,9999.000,9999.000,9999.000,9999.000,9999.000,9999.000
202607020218,   6.036,9999.000,9999.000,9999.000,9999.000,9999.000,9999.000,9999.000,9999.000
202607020224,   6.104,9999.000,9999.000,9999.000,9999.000,9999.000,9999.000,9999.000,9999.000
202607020230,   6.166,9999.000,9999.000,9999.000,9999.000,9999.000,9999.000,9999.000,9999.000
202607020236,   6.220,9999.000,9999.000,9999.000,9999.000,9999.000,9999.000,9999.000,9999.000
202607020242,   6.266,9999.000,9999.000,9999.000,9999.000,9999.000,9999.000,9999.000,9999.000
202607020248,   6.306,9999.000,9999.000,9999.000,9999.000,9999.000,9999.000,9999.000,9999.000
202607020254,   6.338,9999.000,9999.000,9999.000,9999.000,9999.000,9999.000,9999.000,9999.000
202607020300,   6.363,9999.000,   0.300,   0.440,   7.103,   0.200,   7.003,   0.300,   7.103
202607020306,   6.382,9999.000,9999.000,9999.000,9999.000,9999.000,9999.000,9999.000,9999.000
202607020312,   6.393,9999.000,9999.000,9999.000,9999.000,9999.000,9999.000,9999.000,9999.000
202607020318,   6.398,9999.000,9999.000,9999.000,9999.000,9999.000,9999.000,9999.000,9999.000
202607020324,   6.395,9999.000,9999.000,9999.000,9999.000,9999.000,9999.000,9999.000,9999.000
202607020330,   6.387,9999.000,9999.000,9999.000,9999.000,9999.000,9999.000,9999.000,9999.000
202607020336,   6.371,9999.000,9999.000,9999.000,9999.000,9999.000,9999.000,9999.000,9999.000
202607020342,   6.350,9999.000,9999.000,9999.000,9999.000,9999.000,9999.000,9999.000,9999.000
202607020348,   6.322,9999.000,9999.000,9999.000,9999.000,9999.000,9999.000,9999.000,9999.000
202607020354,   6.288,9999.000,9999.000,9999.000,9999.000,9999.000,9999.000,9999.000,9999.000
202607020400,   6.248,9999.000,   0.200,   0.289,   6.737,   0.100,   6.637,   0.300,   6.837
202607020406,   6.202,9999.000,9999.000,9999.000,9999.000,9999.000,9999.000,9999.000,9999.000
202607020412,   6.150,9999.000,9999.000,9999.000,9999.000,9999.000,9999.000,9999.000,9999.000
202607020418,   6.093,9999.000,9999.000,9999.000,9999.000,9999.000,9999.000,9999.000,9999.000
202607020424,   6.031,9999.000,9999.000,9999.000,9999.000,9999.000,9999.000,9999.000,9999.000
202607020430,   5.964,9999.000,9999.000,9999.000,9999.000,9999.000,9999.000,9999.000,9999.000
202607020436,   5.892,9999.000,9999.000,9999.000,9999.000,9999.000,9999.000,9999.000,9999.000
202607020442,   5.815,9999.000,9999.000,9999.000,9999.000,9999.000,9999.000,9999.000,9999.000
202607020448,   5.734,9999.000,9999.000,9999.000,9999.000,9999.000,9999.000,9999.000,9999.000
202607020454,   5.648,9999.000,9999.000,9999.000,9999.000,9999.000,9999.000,9999.000,9999.000
202607020500,   5.558,9999.000,   0.200,   0.101,   5.859,   0.100,   5.759,   0.300,   5.959
202607020506,   5.465,9999.000,9999.000,9999.000,9999.000,9999.000,9999.000,9999.000,9999.000
202607020512,   5.368,9999.000,9999.000,9999.000,9999.000,9999.000,9999.000,9999.000,9999.000
202607020518,   5.267,9999.000,9999.000,9999.000,9999.000,9999.000,9999.000,9999.000,9999.000
202607020524,   5.163,9999.000,9999.000,9999.000,9999.000,9999.000,9999.000,9999.000,9999.000
202607020530,   5.057,9999.000,9999.000,9999.000,9999.000,9999.000,9999.000,9999.000,9999.000
202607020536,   4.947,9999.000,9999.000,9999.000,9999.000,9999.000,9999.000,9999.000,9999.000
202607020542,   4.835,9999.000,9999.000,9999.000,9999.000,9999.000,9999.000,9999.000,9999.000
202607020548,   4.721,9999.000,9999.000,9999.000,9999.000,9999.000,9999.000,9999.000,9999.000
202607020554,   4.604,9999.000,9999.000,9999.000,9999.000,9999.000,9999.000,9999.000,9999.000
202607020600,   4.485,9999.000,   0.100,  -0.027,   4.558,   0.000,   4.458,   0.200,   4.658
202607020606,   4.365,9999.000,9999.000,9999.000,9999.000,9999.000,9999.000,9999.000,9999.000
202607020612,   4.243,9999.000,9999.000,9999.000,9999.000,9999.000,9999.000,9999.000,9999.000
202607020618,   4.119,9999.000,9999.000,9999.000,9999.000,9999.000,9999.000,9999.000,9999.000
202607020624,   3.995,9999.000,9999.000,9999.000,9999.000,9999.000,9999.000,9999.000,9999.000
202607020630,   3.869,9999.000,9999.000,9999.000,9999.000,9999.000,9999.000,9999.000,9999.000
202607020636,   3.742,9999.000,9999.000,9999.000,9999.000,9999.000,9999.000,9999.000,9999.000
202607020642,   3.615,9999.000,9999.000,9999.000,9999.000,9999.000,9999.000,9999.000,9999.000
202607020648,   3.488,9999.000,9999.000,9999.000,9999.000,9999.000,9999.000,9999.000,9999.000
202607020654,   3.360,9999.000,9999.000,9999.000,9999.000,9999.000,9999.000,9999.000,9999.000
202607020700,   3.232,9999.000,   0.100,  -0.083,   3.249,   0.000,   3.149,   0.200,   3.349
202607020706,   3.104,9999.000,9999.000,9999.000,9999.000,9999.000,9999.000,9999.000,9999.000
202607020712,   2.976,9999.000,9999.000,9999.000,9999.000,9999.000,9999.000,9999.000,9999.000
202607020718,   2.849,9999.000,9999.000,9999.000,9999.000,9999.000,9999.000,9999.000,9999.000
202607020724,   2.723,9999.000,9999.000,9999.000,9999.000,9999.000,9999.000,9999.000,9999.000
202607020730,   2.598,9999.000,9999.000,9999.000,9999.000,9999.000,9999.000,9999.000,9999.000
202607020736,   2.473,9999.000,9999.000,9999.000,9999.000,9999.000,9999.000,9999.000,9999.000
202607020742,   2.351,9999.000,9999.000,9999.000,9999.000,9999.000,9999.000,9999.000,9999.000
202607020748,   2.230,9999.000,9999.000,9999.000,9999.000,9999.000,9999.000,9999.000,9999.000
202607020754,   2.111,9999.000,9999.000,9999.000,9999.000,9999.000,9999.000,9999.000,9999.000
202607020800,   1.994,9999.000,   0.100,  -0.086,   2.008,   0.000,   1.908,   0.200,   2.108
202607020806,   1.880,9999.000,9999.000,9999.000,9999.000,9999.000,9999.000,9999.000,9999.000
202607020812,   1.769,9999.000,9999.000,9999.000,9999.000,9999.000,9999.000,9999.000,9999.000
202607020818,   1.660,9999.000,9999.000,9999.000,9999.000,9999.000,9999.000,9999.000,9999.000
202607020824,   1.555,9999.000,9999.000,9999.000,9999.000,9999.000,9999.000,9999.000,9999.000
202607020830,   1.454,9999.000,9999.000,9999.000,9999.000,9999.000,9999.000,9999.000,9999.000
202607020836,   1.357,9999.000,9999.000,9999.000,9999.000,9999.000,9999.000,9999.000,9999.000
202607020842,   1.264,9999.000,9999.000,9999.000,9999.000,9999.000,9999.000,9999.000,9999.000
202607020848,   1.175,9999.000,9999.000,9999.000,9999.000,9999.000,9999.000,9999.000,9999.000
202607020854,   1.091,9999.000,9999.000,9999.000,9999.000,9999.000,9999.000,9999.000,9999.000
202607020900,   1.013,9999.000,   0.100,  -0.008,   1.105,   0.000,   1.005,   0.200,   1.205
202607020906,   0.940,9999.000,9999.000,9999.000,9999.000,9999.000,9999.000,9999.000,9999.000
202607020912,   0.872,9999.000,9999.000,9999.000,9999.000,9999.000,9999.000,9999.000,9999.000
202607020918,   0.810,9999.000,9999.000,9999.000,9999.000,9999.000,9999.000,9999.000,9999.000
202607020924,   0.754,9999.000,9999.000,9999.000,9999.000,9999.000,9999.000,9999.000,9999.000
202607020930,   0.705,9999.000,9999.000,9999.000,9999.000,9999.000,9999.000,9999.000,9999.000
202607020936,   0.662,9999.000,9999.000,9999.000,9999.000,9999.000,9999.000,9999.000,9999.000
202607020942,   0.625,9999.000,9999.000,9999.000,9999.000,9999.000,9999.000,9999.000,9999.000
202607020948,   0.596,9999.000,9999.000,9999.000,9999.000,9999.000,9999.000,9999.000,9999.000
202607020954,   0.572,9999.000,9999.000,9999.000,9999.000,9999.000,9999.000,9999.000,9999.000
202607021000,   0.556,9999.000,   0.100,   0.161,   0.817,   0.000,   0.717,   0.200,   0.917
202607021006,   0.546,9999.000,9999.000,9999.000,9999.000,9999.000,9999.000,9999.000,9999.000
202607021012,   0.543,9999.000,9999.000,9999.000,9999.000,9999.000,9999.000,9999.000,9999.000
202607021018,   0.547,9999.000,9999.000,9999.000,9999.000,9999.000,9999.000,9999.000,9999.000
202607021024,   0.557,9999.000,9999.000,9999.000,9999.000,9999.000,9999.000,9999.000,9999.000
202607021030,   0.573,9999.000,9999.000,9999.000,9999.000,9999.000,9999.000,9999.000,9999.000
202607021036,   0.596,9999.000,9999.000,9999.000,9999.000,9999.000,9999.000,9999.000,9999.000
202607021042,   0.625,9999.000,9999.000,9999.000,9999.000,9999.000,9999.000,9999.000,9999.000
202607021048,   0.660,9999.000,9999.000,9999.000,9999.000,9999.000,9999.000,9999.000,9999.000
202607021054,   0.701,9999.000,9999.000,9999.000,9999.000,9999.000,9999.000,9999.000,9999.000
202607021100,   0.748,9999.000,   0.100,   0.356,   1.204,   0.000,   1.104,   0.200,   1.304
202607021106,   0.800,9999.000,9999.000,9999.000,9999.000,9999.000,9999.000,9999.000,9999.000
202607021112,   0.857,9999.000,9999.000,9999.000,9999.000,9999.000,9999.000,9999.000,9999.000
202607021118,   0.920,9999.000,9999.000,9999.000,9999.000,9999.000,9999.000,9999.000,9999.000
202607021124,   0.987,9999.000,9999.000,9999.000,9999.000,9999.000,9999.000,9999.000,9999.000
202607021130,   1.060,9999.000,9999.000,9999.000,9999.000,9999.000,9999.000,9999.000,9999.000
202607021136,   1.137,9999.000,9999.000,9999.000,9999.000,9999.000,9999.000,9999.000,9999.000
202607021142,   1.219,9999.000,9999.000,9999.000,9999.000,9999.000,9999.000,9999.000,9999.000
202607021148,   1.305,9999.000,9999.000,9999.000,9999.000,9999.000,9999.000,9999.000,9999.000
202607021154,   1.396,9999.000,9999.000,9999.000,9999.000,9999.000,9999.000,9999.000,9999.000
202607021200,   1.491,9999.000,   0.000,   0.521,   2.012,   0.000,   2.012,   0.100,   2.112
202607021206,   1.590,9999.000,9999.000,9999.000,9999.000,9999.000,9999.000,9999.000,9999.000
202607021212,   1.693,9999.000,9999.000,9999.000,9999.000,9999.000,9999.000,9999.000,9999.000
202607021218,   1.801,9999.000,9999.000,9999.000,9999.000,9999.000,9999.000,9999.000,9999.000
202607021224,   1.912,9999.000,9999.000,9999.000,9999.000,9999.000,9999.000,9999.000,9999.000
202607021230,   2.026,9999.000,9999.000,9999.000,9999.000,9999.000,9999.000,9999.000,9999.000
202607021236,   2.144,9999.000,9999.000,9999.000,9999.000,9999.000,9999.000,9999.000,9999.000
202607021242,   2.264,9999.000,9999.000,9999.000,9999.000,9999.000,9999.000,9999.000,9999.000
202607021248,   2.387,9999.000,9999.000,9999.000,9999.000,9999.000,9999.000,9999.000,9999.000
202607021254,   2.512,9999.000,9999.000,9999.000,9999.000,9999.000,9999.000,9999.000,9999.000
202607021300,   2.638,9999.000,   0.000,   0.678,   3.316,   0.000,   3.316,   0.100,   3.416
202607021306,   2.764,9999.000,9999.000,9999.000,9999.000,9999.000,9999.000,9999.000,9999.000
202607021312,   2.891,9999.000,9999.000,9999.000,9999.000,9999.000,9999.000,9999.000,9999.000
202607021318,   3.018,9999.000,9999.000,9999.000,9999.000,9999.000,9999.000,9999.000,9999.000
202607021324,   3.143,9999.000,9999.000,9999.000,9999.000,9999.000,9999.000,9999.000,9999.000
202607021330,   3.267,9999.000,9999.000,9999.000,9999.000,9999.000,9999.000,9999.000,9999.000
202607021336,   3.387,9999.000,9999.000,9999.000,9999.000,9999.000,9999.000,9999.000,9999.000
202607021342,   3.505,9999.000,9999.000,9999.000,9999.000,9999.000,9999.000,9999.000,9999.000
202607021348,   3.619,9999.000,9999.000,9999.000,9999.000,9999.000,9999.000,9999.000,9999.000
202607021354,   3.729,9999.000,9999.000,9999.000,9999.000,9999.000,9999.000,9999.000,9999.000
202607021400,   3.834,9999.000,   0.000,   0.853,   4.687,   0.000,   4.687,   0.100,   4.787
202607021406,   3.934,9999.000,9999.000,9999.000,9999.000,9999.000,9999.000,9999.000,9999.000
202607021412,   4.029,9999.000,9999.000,9999.000,9999.000,9999.000,9999.000,9999.000,9999.000
202607021418,   4.118,9999.000,9999.000,9999.000,9999.000,9999.000,9999.000,9999.000,9999.000
202607021424,   4.202,9999.000,9999.000,9999.000,9999.000,9999.000,9999.000,9999.000,9999.000
202607021430,   4.279,9999.000,9999.000,9999.000,9999.000,9999.000,9999.000,9999.000,9999.000
202607021436,   4.350,9999.000,9999.000,9999.000,9999.000,9999.000,9999.000,9999.000,9999.000
202607021442,   4.415,9999.000,9999.000,9999.000,9999.000,9999.000,9999.000,9999.000,9999.000
202607021448,   4.473,9999.000,9999.000,9999.000,9999.000,9999.000,9999.000,9999.000,9999.000
202607021454,   4.526,9999.000,9999.000,9999.000,9999.000,9999.000,9999.000,9999.000,9999.000
202607021500,   4.572,9999.000,   0.000,   0.971,   5.543,   0.000,   5.543,   0.100,   5.643
202607021506,   4.612,9999.000,9999.000,9999.000,9999.000,9999.000,9999.000,9999.000,9999.000
202607021512,   4.646,9999.000,9999.000,9999.000,9999.000,9999.000,9999.000,9999.000,9999.000
202607021518,   4.674,9999.000,9999.000,9999.000,9999.000,9999.000,9999.000,9999.000,9999.000
202607021524,   4.697,9999.000,9999.000,9999.000,9999.000,9999.000,9999.000,9999.000,9999.000
202607021530,   4.713,9999.000,9999.000,9999.000,9999.000,9999.000,9999.000,9999.000,9999.000
202607021536,   4.723,9999.000,9999.000,9999.000,9999.000,9999.000,9999.000,9999.000,9999.000
202607021542,   4.728,9999.000,9999.000,9999.000,9999.000,9999.000,9999.000,9999.000,9999.000
202607021548,   4.727,9999.000,9999.000,9999.000,9999.000,9999.000,9999.000,9999.000,9999.000
202607021554,   4.721,9999.000,9999.000,9999.000,9999.000,9999.000,9999.000,9999.000,9999.000
202607021600,   4.709,9999.000,   0.000,   0.920,   5.629,   0.000,   5.629,   0.100,   5.729
202607021606,   4.692,9999.000,9999.000,9999.000,9999.000,9999.000,9999.000,9999.000,9999.000
202607021612,   4.670,9999.000,9999.000,9999.000,9999.000,9999.000,9999.000,9999.000,9999.000
202607021618,   4.643,9999.000,9999.000,9999.000,9999.000,9999.000,9999.000,9999.000,9999.000
202607021624,   4.611,9999.000,9999.000,9999.000,9999.000,9999.000,9999.000,9999.000,9999.000
202607021630,   4.574,9999.000,9999.000,9999.000,9999.000,9999.000,9999.000,9999.000,9999.000
202607021636,   4.533,9999.000,9999.000,9999.000,9999.000,9999.000,9999.000,9999.000,9999.000
202607021642,   4.488,9999.000,9999.000,9999.000,9999.000,9999.000,9999.000,9999.000,9999.000
202607021648,   4.438,9999.000,9999.000,9999.000,9999.000,9999.000,9999.000,9999.000,9999.000
202607021654,   4.384,9999.000,9999.000,9999.000,9999.000,9999.000,9999.000,9999.000,9999.000
202607021700,   4.327,9999.000,   0.000,   0.698,   5.025,   0.000,   5.025,   0.100,   5.125
202607021706,   4.265,9999.000,9999.000,9999.000,9999.000,9999.000,9999.000,9999.000,9999.000
202607021712,   4.200,9999.000,9999.000,9999.000,9999.000,9999.000,9999.000,9999.000,9999.000
202607021718,   4.132,9999.000,9999.000,9999.000,9999.000,9999.000,9999.000,9999.000,9999.000
202607021724,   4.061,9999.000,9999.000,9999.000,9999.000,9999.000,9999.000,9999.000,9999.000
202607021730,   3.987,9999.000,9999.000,9999.000,9999.000,9999.000,9999.000,9999.000,9999.000
202607021736,   3.910,9999.000,9999.000,9999.000,9999.000,9999.000,9999.000,9999.000,9999.000
202607021742,   3.830,9999.000,9999.000,9999.000,9999.000,9999.000,9999.000,9999.000,9999.000
202607021748,   3.748,9999.000,9999.000,9999.000,9999.000,9999.000,9999.000,9999.000,9999.000
202607021754,   3.664,9999.000,9999.000,9999.000,9999.000,9999.000,9999.000,9999.000,9999.000
202607021800,   3.578,9999.000,   0.000,   0.413,   3.991,   0.000,   3.991,   0.100,   4.091
202607021806,   3.490,9999.000,9999.000,9999.000,9999.000,9999.000,9999.000,9999.000,9999.000
202607021812,   3.400,9999.000,9999.000,9999.000,9999.000,9999.000,9999.000,9999.000,9999.000
202607021818,   3.309,9999.000,9999.000,9999.000,9999.000,9999.000,9999.000,9999.000,9999.000
202607021824,   3.216,9999.000,9999.000,9999.000,9999.000,9999.000,9999.000,9999.000,9999.000
202607021830,   3.123,9999.000,9999.000,9999.000,9999.000,9999.000,9999.000,9999.000,9999.000
202607021836,   3.028,9999.000,9999.000,9999.000,9999.000,9999.000,9999.000,9999.000,9999.000
202607021842,   2.933,9999.000,9999.000,9999.000,9999.000,9999.000,9999.000,9999.000,9999.000
202607021848,   2.837,9999.000,9999.000,9999.000,9999.000,9999.000,9999.000,9999.000,9999.000
202607021854,   2.741,9999.000,9999.000,9999.000,9999.000,9999.000,9999.000,9999.000,9999.000
202607021900,   2.644,9999.000,   0.000,   0.178,   2.822,   0.000,   2.822,   0.100,   2.922
202607021906,   2.547,9999.000,9999.000,9999.000,9999.000,9999.000,9999.000,9999.000,9999.000
202607021912,   2.450,9999.000,9999.000,9999.000,9999.000,9999.000,9999.000,9999.000,9999.000
202607021918,   2.354,9999.000,9999.000,9999.000,9999.000,9999.000,9999.000,9999.000,9999.000
202607021924,   2.258,9999.000,9999.000,9999.000,9999.000,9999.000,9999.000,9999.000,9999.000
202607021930,   2.162,9999.000,9999.000,9999.000,9999.000,9999.000,9999.000,9999.000,9999.000
202607021936,   2.068,9999.000,9999.000,9999.000,9999.000,9999.000,9999.000,9999.000,9999.000
202607021942,   1.974,9999.000,9999.000,9999.000,9999.000,9999.000,9999.000,9999.000,9999.000
202607021948,   1.881,9999.000,9999.000,9999.000,9999.000,9999.000,9999.000,9999.000,9999.000
202607021954,   1.790,9999.000,9999.000,9999.000,9999.000,9999.000,9999.000,9999.000,9999.000
202607022000,   1.700,9999.000,   0.100,   0.046,   1.846,   0.000,   1.746,   0.100,   1.846
202607022006,   1.613,9999.000,9999.000,9999.000,9999.000,9999.000,9999.000,9999.000,9999.000
202607022012,   1.527,9999.000,9999.000,9999.000,9999.000,9999.000,9999.000,9999.000,9999.000
202607022018,   1.444,9999.000,9999.000,9999.000,9999.000,9999.000,9999.000,9999.000,9999.000
202607022024,   1.363,9999.000,9999.000,9999.000,9999.000,9999.000,9999.000,9999.000,9999.000
202607022030,   1.285,9999.000,9999.000,9999.000,9999.000,9999.000,9999.000,9999.000,9999.000
202607022036,   1.210,9999.000,9999.000,9999.000,9999.000,9999.000,9999.000,9999.000,9999.000
202607022042,   1.139,9999.000,9999.000,9999.000,9999.000,9999.000,9999.000,9999.000,9999.000
202607022048,   1.071,9999.000,9999.000,9999.000,9999.000,9999.000,9999.000,9999.000,9999.000
202607022054,   1.007,9999.000,9999.000,9999.000,9999.000,9999.000,9999.000,9999.000,9999.000
202607022100,   0.948,9999.000,   0.100,   0.030,   1.078,   0.000,   0.978,   0.200,   1.178
202607022106,   0.893,9999.000,9999.000,9999.000,9999.000,9999.000,9999.000,9999.000,9999.000
202607022112,   0.843,9999.000,9999.000,9999.000,9999.000,9999.000,9999.000,9999.000,9999.000
202607022118,   0.798,9999.000,9999.000,9999.000,9999.000,9999.000,9999.000,9999.000,9999.000
202607022124,   0.759,9999.000,9999.000,9999.000,9999.000,9999.000,9999.000,9999.000,9999.000
202607022130,   0.726,9999.000,9999.000,9999.000,9999.000,9999.000,9999.000,9999.000,9999.000
202607022136,   0.700,9999.000,9999.000,9999.000,9999.000,9999.000,9999.000,9999.000,9999.000
202607022142,   0.679,9999.000,9999.000,9999.000,9999.000,9999.000,9999.000,9999.000,9999.000
202607022148,   0.666,9999.000,9999.000,9999.000,9999.000,9999.000,9999.000,9999.000,9999.000
202607022154,   0.659,9999.000,9999.000,9999.000,9999.000,9999.000,9999.000,9999.000,9999.000
202607022200,   0.660,9999.000,   0.100,   0.094,   0.854,   0.000,   0.754,   0.200,   0.954
202607022206,   0.668,9999.000,9999.000,9999.000,9999.000,9999.000,9999.000,9999.000,9999.000
202607022212,   0.683,9999.000,9999.000,9999.000,9999.000,9999.000,9999.000,9999.000,9999.000
202607022218,   0.707,9999.000,9999.000,9999.000,9999.000,9999.000,9999.000,9999.000,9999.000
202607022224,   0.737,9999.000,9999.000,9999.000,9999.000,9999.000,9999.000,9999.000,9999.000
202607022230,   0.775,9999.000,9999.000,9999.000,9999.000,9999.000,9999.000,9999.000,9999.000
202607022236,   0.821,9999.000,9999.000,9999.000,9999.000,9999.000,9999.000,9999.000,9999.000
202607022242,   0.873,9999.000,9999.000,9999.000,9999.000,9999.000,9999.000,9999.000,9999.000
202607022248,   0.933,9999.000,9999.000,9999.000,9999.000,9999.000,9999.000,9999.000,9999.000
202607022254,   0.999,9999.000,9999.000,9999.000,9999.000,9999.000,9999.000,9999.000,9999.000
202607022300,   1.072,9999.000,   0.100,   0.175,   1.347,   0.000,   1.247,   0.300,   1.547
202607022306,   1.152,9999.000,9999.000,9999.000,9999.000,9999.000,9999.000,9999.000,9999.000
202607022312,   1.237,9999.000,9999.000,9999.000,9999.000,9999.000,9999.000,9999.000,9999.000
202607022318,   1.328,9999.000,9999.000,9999.000,9999.000,9999.000,9999.000,9999.000,9999.000
202607022324,   1.424,9999.000,9999.000,9999.000,9999.000,9999.000,9999.000,9999.000,9999.000
202607022330,   1.525,9999.000,9999.000,9999.000,9999.000,9999.000,9999.000,9999.000,9999.000
202607022336,   1.631,9999.000,9999.000,9999.000,9999.000,9999.000,9999.000,9999.000,9999.000
202607022342,   1.742,9999.000,9999.000,9999.000,9999.000,9999.000,9999.000,9999.000,9999.000
202607022348,   1.857,9999.000,9999.000,9999.000,9999.000,9999.000,9999.000,9999.000,9999.000
202607022354,   1.976,9999.000,9999.000,9999.000,9999.000,9999.000,9999.000,9999.000,9999.000
202607030000,   2.099,9999.000,   0.100,   0.248,   2.447,   0.000,   2.347,   0.200,   2.547
202607030006,   2.225,9999.000,9999.000,9999.000,9999.000,9999.000,9999.000,9999.000,9999.000
202607030012,   2.355,9999.000,9999.000,9999.000,9999.000,9999.000,9999.000,9999.000,9999.000
202607030018,   2.489,9999.000,9999.000,9999.000,9999.000,9999.000,9999.000,9999.000,9999.000
202607030024,   2.626,9999.000,9999.000,9999.000,9999.000,9999.000,9999.000,9999.000,9999.000
202607030030,   2.765,9999.000,9999.000,9999.000,9999.000,9999.000,9999.000,9999.000,9999.000
202607030036,   2.908,9999.000,9999.000,9999.000,9999.000,9999.000,9999.000,9999.000,9999.000
202607030042,   3.052,9999.000,9999.000,9999.000,9999.000,9999.000,9999.000,9999.000,9999.000
202607030048,   3.199,9999.000,9999.000,9999.000,9999.000,9999.000,9999.000,9999.000,9999.000
202607030054,   3.348,9999.000,9999.000,9999.000,9999.000,9999.000,9999.000,9999.000,9999.000
202607030100,   3.499,9999.000,   0.100,   0.351,   3.950,   0.000,   3.850,   0.200,   4.050
202607030106,   3.650,9999.000,9999.000,9999.000,9999.000,9999.000,9999.000,9999.000,9999.000
202607030112,   3.802,9999.000,9999.000,9999.000,9999.000,9999.000,9999.000,9999.000,9999.000
202607030118,   3.954,9999.000,9999.000,9999.000,9999.000,9999.000,9999.000,9999.000,9999.000
202607030124,   4.105,9999.000,9999.000,9999.000,9999.000,9999.000,9999.000,9999.000,9999.000
202607030130,   4.256,9999.000,9999.000,9999.000,9999.000,9999.000,9999.000,9999.000,9999.000
202607030136,   4.404,9999.000,9999.000,9999.000,9999.000,9999.000,9999.000,9999.000,9999.000
202607030142,   4.550,9999.000,9999.000,9999.000,9999.000,9999.000,9999.000,9999.000,9999.000
202607030148,   4.693,9999.000,9999.000,9999.000,9999.000,9999.000,9999.000,9999.000,9999.000
202607030154,   4.832,9999.000,9999.000,9999.000,9999.000,9999.000,9999.000,9999.000,9999.000
202607030200,   4.966,9999.000,   0.100,   0.495,   5.561,   0.000,   5.461,   0.200,   5.661
202607030206,   5.096,9999.000,9999.000,9999.000,9999.000,9999.000,9999.000,9999.000,9999.000
202607030212,   5.221,9999.000,9999.000,9999.000,9999.000,9999.000,9999.000,9999.000,9999.000
202607030218,   5.339,9999.000,9999.000,9999.000,9999.000,9999.000,9999.000,9999.000,9999.000
202607030224,   5.452,9999.000,9999.000,9999.000,9999.000,9999.000,9999.000,9999.000,9999.000
202607030230,   5.558,9999.000,9999.000,9999.000,9999.000,9999.000,9999.000,9999.000,9999.000
202607030236,   5.657,9999.000,9999.000,9999.000,9999.000,9999.000,9999.000,9999.000,9999.000
202607030242,   5.750,9999.000,9999.000,9999.000,9999.000,9999.000,9999.000,9999.000,9999.000
202607030248,   5.835,9999.000,9999.000,9999.000,9999.000,9999.000,9999.000,9999.000,9999.000
202607030254,   5.913,9999.000,9999.000,9999.000,9999.000,9999.000,9999.000,9999.000,9999.000
202607030300,   5.983,9999.000,   0.100,   0.586,   6.669,   0.000,   6.569,   0.100,   6.669
202607030306,   6.047,9999.000,9999.000,9999.000,9999.000,9999.000,9999.000,9999.000,9999.000
202607030312,   6.103,9999.000,9999.000,9999.000,9999.000,9999.000,9999.000,9999.000,9999.000
202607030318,   6.151,9999.000,9999.000,9999.000,9999.000,9999.000,9999.000,9999.000,9999.000
202607030324,   6.193,9999.000,9999.000,9999.000,9999.000,9999.000,9999.000,9999.000,9999.000
202607030330,   6.227,9999.000,9999.000,9999.000,9999.000,9999.000,9999.000,9999.000,9999.000
202607030336,   6.254,9999.000,9999.000,9999.000,9999.000,9999.000,9999.000,9999.000,9999.000
202607030342,   6.275,9999.000,9999.000,9999.000,9999.000,9999.000,9999.000,9999.000,9999.000
202607030348,   6.288,9999.000,9999.000,9999.000,9999.000,9999.000,9999.000,9999.000,9999.000
202607030354,   6.295,9999.000,9999.000,9999.000,9999.000,9999.000,9999.000,9999.000,9999.000
202607030400,   6.295,9999.000,   0.000,   0.523,   6.818,   0.000,   6.818,   0.100,   6.918
202607030406,   6.288,9999.000,9999.000,9999.000,9999.000,9999.000,9999.000,9999.000,9999.000
202607030412,   6.275,9999.000,9999.000,9999.000,9999.000,9999.000,9999.000,9999.000,9999.000
202607030418,   6.255,9999.000,9999.000,9999.000,9999.000,9999.000,9999.000,9999.000,9999.000
202607030424,   6.230,9999.000,9999.000,9999.000,9999.000,9999.000,9999.000,9999.000,9999.000
202607030430,   6.198,9999.000,9999.000,9999.000,9999.000,9999.000,9999.000,9999.000,9999.000
202607030436,   6.161,9999.000,9999.000,9999.000,9999.000,9999.000,9999.000,9999.000,9999.000
202607030442,   6.117,9999.000,9999.000,9999.000,9999.000,9999.000,9999.000,9999.000,9999.000
202607030448,   6.068,9999.000,9999.000,9999.000,9999.000,9999.000,9999.000,9999.000,9999.000
202607030454,   6.014,9999.000,9999.000,9999.000,9999.000,9999.000,9999.000,9999.000,9999.000
202607030500,   5.954,9999.000,   0.000,   0.332,   6.286,  -0.100,   6.186,   0.100,   6.386
202607030506,   5.889,9999.000,9999.000,9999.000,9999.000,9999.000,9999.000,9999.000,9999.000
202607030512,   5.819,9999.000,9999.000,9999.000,9999.000,9999.000,9999.000,9999.000,9999.000
202607030518,   5.745,9999.000,9999.000,9999.000,9999.000,9999.000,9999.000,9999.000,9999.000
202607030524,   5.665,9999.000,9999.000,9999.000,9999.000,9999.000,9999.000,9999.000,9999.000
202607030530,   5.582,9999.000,9999.000,9999.000,9999.000,9999.000,9999.000,9999.000,9999.000
202607030536,   5.494,9999.000,9999.000,9999.000,9999.000,9999.000,9999.000,9999.000,9999.000
202607030542,   5.402,9999.000,9999.000,9999.000,9999.000,9999.000,9999.000,9999.000,9999.000
202607030548,   5.307,9999.000,9999.000,9999.000,9999.000,9999.000,9999.000,9999.000,9999.000
202607030554,   5.208,9999.000,9999.000,9999.000,9999.000,9999.000,9999.000,9999.000,9999.000
202607030600,   5.105,9999.000,   0.000,   0.131,   5.236,  -0.100,   5.136,   0.000,   5.236
202607030606,   5.000,9999.000,9999.000,9999.000,9999.000,9999.000,9999.000,9999.000,9999.000
202607030612,   4.892,9999.000,9999.000,9999.000,9999.000,9999.000,9999.000,9999.000,9999.000
202607030618,   4.781,9999.000,9999.000,9999.000,9999.000,9999.000,9999.000,9999.000,9999.000
202607030624,   4.667,9999.000,9999.000,9999.000,9999.000,9999.000,9999.000,9999.000,9999.000
202607030630,   4.552,9999.000,9999.000,9999.000,9999.000,9999.000,9999.000,9999.000,9999.000
202607030636,   4.434,9999.000,9999.000,9999.000,9999.000,9999.000,9999.000,9999.000,9999.000
202607030642,   4.314,9999.000,9999.000,9999.000,9999.000,9999.000,9999.000,9999.000,9999.000
202607030648,   4.193,9999.000,9999.000,9999.000,9999.000,9999.000,9999.000,9999.000,9999.000
202607030654,   4.071,9999.000,9999.000,9999.000,9999.000,9999.000,9999.000,9999.000,9999.000
202607030700,   3.947,9999.000,   0.000,  -0.010,   3.937,  -0.100,   3.837,   0.000,   3.937
202607030706,   3.822,9999.000,9999.000,9999.000,9999.000,9999.000,9999.000,9999.000,9999.000
202607030712,   3.697,9999.000,9999.000,9999.000,9999.000,9999.000,9999.000,9999.000,9999.000
202607030718,   3.571,9999.000,9999.000,9999.000,9999.000,9999.000,9999.000,9999.000,9999.000
202607030724,   3.445,9999.000,9999.000,9999.000,9999.000,9999.000,9999.000,9999.000,9999.000
202607030730,   3.318,9999.000,9999.000,9999.000,9999.000,9999.000,9999.000,9999.000,9999.000
202607030736,   3.192,9999.000,9999.000,9999.000,9999.000,9999.000,9999.000,9999.000,9999.000
202607030742,   3.065,9999.000,9999.000,9999.000,9999.000,9999.000,9999.000,9999.000,9999.000
202607030748,   2.939,9999.000,9999.000,9999.000,9999.000,9999.000,9999.000,9999.000,9999.000
202607030754,   2.814,9999.000,9999.000,9999.000,9999.000,9999.000,9999.000,9999.000,9999.000
202607030800,   2.690,9999.000,   0.000,  -0.081,   2.609,  -0.100,   2.509,   0.000,   2.609
202607030806,   2.566,9999.000,9999.000,9999.000,9999.000,9999.000,9999.000,9999.000,9999.000
202607030812,   2.444,9999.000,9999.000,9999.000,9999.000,9999.000,9999.000,9999.000,9999.000
202607030818,   2.324,9999.000,9999.000,9999.000,9999.000,9999.000,9999.000,9999.000,9999.000
202607030824,   2.205,9999.000,9999.000,9999.000,9999.000,9999.000,9999.000,9999.000,9999.000
202607030830,   2.088,9999.000,9999.000,9999.000,9999.000,9999.000,9999.000,9999.000,9999.000
202607030836,   1.973,9999.000,9999.000,9999.000,9999.000,9999.000,9999.000,9999.000,9999.000
202607030842,   1.861,9999.000,9999.000,9999.000,9999.000,9999.000,9999.000,9999.000,9999.000
202607030848,   1.752,9999.000,9999.000,9999.000,9999.000,9999.000,9999.000,9999.000,9999.000
202607030854,   1.645,9999.000,9999.000,9999.000,9999.000,9999.000,9999.000,9999.000,9999.000
202607030900,   1.542,9999.000,   0.000,  -0.071,   1.471,  -0.100,   1.371,   0.000,   1.471
202607030906,   1.442,9999.000,9999.000,9999.000,9999.000,9999.000,9999.000,9999.000,9999.000
202607030912,   1.346,9999.000,9999.000,9999.000,9999.000,9999.000,9999.000,9999.000,9999.000
202607030918,   1.255,9999.000,9999.000,9999.000,9999.000,9999.000,9999.000,9999.000,9999.000
202607030924,   1.167,9999.000,9999.000,9999.000,9999.000,9999.000,9999.000,9999.000,9999.000
202607030930,   1.085,9999.000,9999.000,9999.000,9999.000,9999.000,9999.000,9999.000,9999.000
202607030936,   1.007,9999.000,9999.000,9999.000,9999.000,9999.000,9999.000,9999.000,9999.000
202607030942,   0.934,9999.000,9999.000,9999.000,9999.000,9999.000,9999.000,9999.000,9999.000
202607030948,   0.867,9999.000,9999.000,9999.000,9999.000,9999.000,9999.000,9999.000,9999.000
202607030954,   0.806,9999.000,9999.000,9999.000,9999.000,9999.000,9999.000,9999.000,9999.000
202607031000,   0.750,9999.000,   0.000,   0.036,   0.786,  -0.100,   0.686,   0.000,   0.786
202607031006,   0.701,9999.000,9999.000,9999.000,9999.000,9999.000,9999.000,9999.000,9999.000
202607031012,   0.658,9999.000,9999.000,9999.000,9999.000,9999.000,9999.000,9999.000,9999.000
202607031018,   0.621,9999.000,9999.000,9999.000,9999.000,9999.000,9999.000,9999.000,9999.000
202607031024,   0.591,9999.000,9999.000,9999.000,9999.000,9999.000,9999.000,9999.000,9999.000
202607031030,   0.568,9999.000,9999.000,9999.000,9999.000,9999.000,9999.000,9999.000,9999.000
202607031036,   0.552,9999.000,9999.000,9999.000,9999.000,9999.000,9999.000,9999.000,9999.000
202607031042,   0.542,9999.000,9999.000,9999.000,9999.000,9999.000,9999.000,9999.000,9999.000
202607031048,   0.539,9999.000,9999.000,9999.000,9999.000,9999.000,9999.000,9999.000,9999.000
202607031054,   0.543,9999.000,9999.000,9999.000,9999.000,9999.000,9999.000,9999.000,9999.000
202607031100,   0.554,9999.000,   0.000,   0.199,   0.753,  -0.100,   0.653,   0.000,   0.753
202607031106,   0.571,9999.000,9999.000,9999.000,9999.000,9999.000,9999.000,9999.000,9999.000
202607031112,   0.595,9999.000,9999.000,9999.000,9999.000,9999.000,9999.000,9999.000,9999.000
202607031118,   0.625,9999.000,9999.000,9999.000,9999.000,9999.000,9999.000,9999.000,9999.000
202607031124,   0.662,9999.000,9999.000,9999.000,9999.000,9999.000,9999.000,9999.000,9999.000
202607031130,   0.704,9999.000,9999.000,9999.000,9999.000,9999.000,9999.000,9999.000,9999.000
202607031136,   0.753,9999.000,9999.000,9999.000,9999.000,9999.000,9999.000,9999.000,9999.000
202607031142,   0.807,9999.000,9999.000,9999.000,9999.000,9999.000,9999.000,9999.000,9999.000
202607031148,   0.866,9999.000,9999.000,9999.000,9999.000,9999.000,9999.000,9999.000,9999.000
202607031154,   0.931,9999.000,9999.000,9999.000,9999.000,9999.000,9999.000,9999.000,9999.000
202607031200,   1.000,9999.000,   0.000,   0.363,   1.363,  -0.100,   1.263,   0.000,   1.363
202607031206,   1.074,9999.000,9999.000,9999.000,9999.000,9999.000,9999.000,9999.000,9999.000
202607031212,   1.153,9999.000,9999.000,9999.000,9999.000,9999.000,9999.000,9999.000,9999.000
202607031218,   1.236,9999.000,9999.000,9999.000,9999.000,9999.000,9999.000,9999.000,9999.000
202607031224,   1.324,9999.000,9999.000,9999.000,9999.000,9999.000,9999.000,9999.000,9999.000
202607031230,   1.416,9999.000,9999.000,9999.000,9999.000,9999.000,9999.000,9999.000,9999.000
202607031236,   1.511,9999.000,9999.000,9999.000,9999.000,9999.000,9999.000,9999.000,9999.000
202607031242,   1.611,9999.000,9999.000,9999.000,9999.000,9999.000,9999.000,9999.000,9999.000
202607031248,   1.714,9999.000,9999.000,9999.000,9999.000,9999.000,9999.000,9999.000,9999.000
202607031254,   1.821,9999.000,9999.000,9999.000,9999.000,9999.000,9999.000,9999.000,9999.000
202607031300,   1.931,9999.000,   0.000,   0.543,   2.474,  -0.100,   2.374,   0.000,   2.474
202607031306,   2.045,9999.000,9999.000,9999.000,9999.000,9999.000,9999.000,9999.000,9999.000
202607031312,   2.162,9999.000,9999.000,9999.000,9999.000,9999.000,9999.000,9999.000,9999.000
202607031318,   2.282,9999.000,9999.000,9999.000,9999.000,9999.000,9999.000,9999.000,9999.000
202607031324,   2.404,9999.000,9999.000,9999.000,9999.000,9999.000,9999.000,9999.000,9999.000
202607031330,   2.528,9999.000,9999.000,9999.000,9999.000,9999.000,9999.000,9999.000,9999.000
202607031336,   2.653,9999.000,9999.000,9999.000,9999.000,9999.000,9999.000,9999.000,9999.000
202607031342,   2.780,9999.000,9999.000,9999.000,9999.000,9999.000,9999.000,9999.000,9999.000
202607031348,   2.907,9999.000,9999.000,9999.000,9999.000,9999.000,9999.000,9999.000,9999.000
202607031354,   3.035,9999.000,9999.000,9999.000,9999.000,9999.000,9999.000,9999.000,9999.000
202607031400,   3.161,9999.000,   0.000,   0.766,   3.927,  -0.100,   3.827,   0.000,   3.927
202607031406,   3.287,9999.000,9999.000,9999.000,9999.000,9999.000,9999.000,9999.000,9999.000
202607031412,   3.410,9999.000,9999.000,9999.000,9999.000,9999.000,9999.000,9999.000,9999.000
202607031418,   3.530,9999.000,9999.000,9999.000,9999.000,9999.000,9999.000,9999.000,9999.000
202607031424,   3.648,9999.000,9999.000,9999.000,9999.000,9999.000,9999.000,9999.000,9999.000
202607031430,   3.761,9999.000,9999.000,9999.000,9999.000,9999.000,9999.000,9999.000,9999.000
202607031436,   3.870,9999.000,9999.000,9999.000,9999.000,9999.000,9999.000,9999.000,9999.000
202607031442,   3.974,9999.000,9999.000,9999.000,9999.000,9999.000,9999.000,9999.000,9999.000
202607031448,   4.073,9999.000,9999.000,9999.000,9999.000,9999.000,9999.000,9999.000,9999.000
202607031454,   4.167,9999.000,9999.000,9999.000,9999.000,9999.000,9999.000,9999.000,9999.000
202607031500,   4.255,9999.000,   0.000,   0.962,   5.217,  -0.100,   5.117,   0.000,   5.217
202607031506,   4.336,9999.000,9999.000,9999.000,9999.000,9999.000,9999.000,9999.000,9999.000
202607031512,   4.412,9999.000,9999.000,9999.000,9999.000,9999.000,9999.000,9999.000,9999.000
202607031518,   4.481,9999.000,9999.000,9999.000,9999.000,9999.000,9999.000,9999.000,9999.000
202607031524,   4.544,9999.000,9999.000,9999.000,9999.000,9999.000,9999.000,9999.000,9999.000
202607031530,   4.600,9999.000,9999.000,9999.000,9999.000,9999.000,9999.000,9999.000,9999.000
202607031536,   4.650,9999.000,9999.000,9999.000,9999.000,9999.000,9999.000,9999.000,9999.000
202607031542,   4.694,9999.000,9999.000,9999.000,9999.000,9999.000,9999.000,9999.000,9999.000
202607031548,   4.732,9999.000,9999.000,9999.000,9999.000,9999.000,9999.000,9999.000,9999.000
202607031554,   4.763,9999.000,9999.000,9999.000,9999.000,9999.000,9999.000,9999.000,9999.000
202607031600,   4.789,9999.000,   0.000,   0.999,   5.788,   0.000,   5.788,   0.100,   5.888
202607031606,   4.808,9999.000,9999.000,9999.000,9999.000,9999.000,9999.000,9999.000,9999.000
202607031612,   4.822,9999.000,9999.000,9999.000,9999.000,9999.000,9999.000,9999.000,9999.000
202607031618,   4.830,9999.000,9999.000,9999.000,9999.000,9999.000,9999.000,9999.000,9999.000
202607031624,   4.832,9999.000,9999.000,9999.000,9999.000,9999.000,9999.000,9999.000,9999.000
202607031630,   4.828,9999.000,9999.000,9999.000,9999.000,9999.000,9999.000,9999.000,9999.000
202607031636,   4.819,9999.000,9999.000,9999.000,9999.000,9999.000,9999.000,9999.000,9999.000
202607031642,   4.805,9999.000,9999.000,9999.000,9999.000,9999.000,9999.000,9999.000,9999.000
202607031648,   4.786,9999.000,9999.000,9999.000,9999.000,9999.000,9999.000,9999.000,9999.000
202607031654,   4.761,9999.000,9999.000,9999.000,9999.000,9999.000,9999.000,9999.000,9999.000
202607031700,   4.732,9999.000,   0.000,   0.836,   5.568,   0.000,   5.568,   0.100,   5.668
202607031706,   4.698,9999.000,9999.000,9999.000,9999.000,9999.000,9999.000,9999.000,9999.000
202607031712,   4.659,9999.000,9999.000,9999.000,9999.000,9999.000,9999.000,9999.000,9999.000
202607031718,   4.616,9999.000,9999.000,9999.000,9999.000,9999.000,9999.000,9999.000,9999.000
202607031724,   4.568,9999.000,9999.000,9999.000,9999.000,9999.000,9999.000,9999.000,9999.000
202607031730,   4.516,9999.000,9999.000,9999.000,9999.000,9999.000,9999.000,9999.000,9999.000
202607031736,   4.460,9999.000,9999.000,9999.000,9999.000,9999.000,9999.000,9999.000,9999.000
202607031742,   4.400,9999.000,9999.000,9999.000,9999.000,9999.000,9999.000,9999.000,9999.000
202607031748,   4.336,9999.000,9999.000,9999.000,9999.000,9999.000,9999.000,9999.000,9999.000
202607031754,   4.269,9999.000,9999.000,9999.000,9999.000,9999.000,9999.000,9999.000,9999.000
202607031800,   4.199,9999.000,   0.000,   0.563,   4.762,   0.000,   4.762,   0.100,   4.862
202607031806,   4.125,9999.000,9999.000,9999.000,9999.000,9999.000,9999.000,9999.000,9999.000
202607031812,   4.049,9999.000,9999.000,9999.000,9999.000,9999.000,9999.000,9999.000,9999.000
202607031818,   3.970,9999.000,9999.000,9999.000,9999.000,9999.000,9999.000,9999.000,9999.000
202607031824,   3.888,9999.000,9999.000,9999.000,9999.000,9999.000,9999.000,9999.000,9999.000
202607031830,   3.804,9999.000,9999.000,9999.000,9999.000,9999.000,9999.000,9999.000,9999.000
202607031836,   3.718,9999.000,9999.000,9999.000,9999.000,9999.000,9999.000,9999.000,9999.000
202607031842,   3.629,9999.000,9999.000,9999.000,9999.000,9999.000,9999.000,9999.000,9999.000
202607031848,   3.539,9999.000,9999.000,9999.000,9999.000,9999.000,9999.000,9999.000,9999.000
202607031854,   3.448,9999.000,9999.000,9999.000,9999.000,9999.000,9999.000,9999.000,9999.000
202607031900,   3.355,9999.000,   0.100,   0.290,   3.745,   0.000,   3.645,   0.200,   3.845
202607031906,   3.261,9999.000,9999.000,9999.000,9999.000,9999.000,9999.000,9999.000,9999.000
202607031912,   3.166,9999.000,9999.000,9999.000,9999.000,9999.000,9999.000,9999.000,9999.000
202607031918,   3.070,9999.000,9999.000,9999.000,9999.000,9999.000,9999.000,9999.000,9999.000
202607031924,   2.973,9999.000,9999.000,9999.000,9999.000,9999.000,9999.000,9999.000,9999.000
202607031930,   2.876,9999.000,9999.000,9999.000,9999.000,9999.000,9999.000,9999.000,9999.000
202607031936,   2.779,9999.000,9999.000,9999.000,9999.000,9999.000,9999.000,9999.000,9999.000
202607031942,   2.681,9999.000,9999.000,9999.000,9999.000,9999.000,9999.000,9999.000,9999.000
202607031948,   2.584,9999.000,9999.000,9999.000,9999.000,9999.000,9999.000,9999.000,9999.000
202607031954,   2.487,9999.000,9999.000,9999.000,9999.000,9999.000,9999.000,9999.000,9999.000
202607032000,   2.391,9999.000,   0.100,   0.073,   2.564,   0.000,   2.464,   0.200,   2.664
202607032006,   2.295,9999.000,9999.000,9999.000,9999.000,9999.000,9999.000,9999.000,9999.000
202607032012,   2.200,9999.000,9999.000,9999.000,9999.000,9999.000,9999.000,9999.000,9999.000
202607032018,   2.106,9999.000,9999.000,9999.000,9999.000,9999.000,9999.000,9999.000,9999.000
202607032024,   2.013,9999.000,9999.000,9999.000,9999.000,9999.000,9999.000,9999.000,9999.000
202607032030,   1.922,9999.000,9999.000,9999.000,9999.000,9999.000,9999.000,9999.000,9999.000
202607032036,   1.832,9999.000,9999.000,9999.000,9999.000,9999.000,9999.000,9999.000,9999.000
202607032042,   1.744,9999.000,9999.000,9999.000,9999.000,9999.000,9999.000,9999.000,9999.000
202607032048,   1.657,9999.000,9999.000,9999.000,9999.000,9999.000,9999.000,9999.000,9999.000
202607032054,   1.574,9999.000,9999.000,9999.000,9999.000,9999.000,9999.000,9999.000,9999.000
202607032100,   1.492,9999.000,   0.100,  -0.049,   1.543,   0.000,   1.443,   0.200,   1.643
202607032106,   1.413,9999.000,9999.000,9999.000,9999.000,9999.000,9999.000,9999.000,9999.000
202607032112,   1.338,9999.000,9999.000,9999.000,9999.000,9999.000,9999.000,9999.000,9999.000
202607032118,   1.265,9999.000,9999.000,9999.000,9999.000,9999.000,9999.000,9999.000,9999.000
202607032124,   1.196,9999.000,9999.000,9999.000,9999.000,9999.000,9999.000,9999.000,9999.000
202607032130,   1.130,9999.000,9999.000,9999.000,9999.000,9999.000,9999.000,9999.000,9999.000
202607032136,   1.068,9999.000,9999.000,9999.000,9999.000,9999.000,9999.000,9999.000,9999.000
202607032142,   1.011,9999.000,9999.000,9999.000,9999.000,9999.000,9999.000,9999.000,9999.000
202607032148,   0.958,9999.000,9999.000,9999.000,9999.000,9999.000,9999.000,9999.000,9999.000
202607032154,   0.910,9999.000,9999.000,9999.000,9999.000,9999.000,9999.000,9999.000,9999.000
202607032200,   0.868,9999.000,   0.200,  -0.054,   1.014,   0.000,   0.814,   0.300,   1.114
202607032206,   0.830,9999.000,9999.000,9999.000,9999.000,9999.000,9999.000,9999.000,9999.000
202607032212,   0.799,9999.000,9999.000,9999.000,9999.000,9999.000,9999.000,9999.000,9999.000
202607032218,   0.773,9999.000,9999.000,9999.000,9999.000,9999.000,9999.000,9999.000,9999.000
202607032224,   0.754,9999.000,9999.000,9999.000,9999.000,9999.000,9999.000,9999.000,9999.000
202607032230,   0.741,9999.000,9999.000,9999.000,9999.000,9999.000,9999.000,9999.000,9999.000
202607032236,   0.735,9999.000,9999.000,9999.000,9999.000,9999.000,9999.000,9999.000,9999.000
202607032242,   0.736,9999.000,9999.000,9999.000,9999.000,9999.000,9999.000,9999.000,9999.000
202607032248,   0.745,9999.000,9999.000,9999.000,9999.000,9999.000,9999.000,9999.000,9999.000
202607032254,   0.760,9999.000,9999.000,9999.000,9999.000,9999.000,9999.000,9999.000,9999.000
202607032300,   0.783,9999.000,   0.200,   0.021,   1.004,   0.100,   0.904,   0.300,   1.104
202607032306,   0.813,9999.000,9999.000,9999.000,9999.000,9999.000,9999.000,9999.000,9999.000
202607032312,   0.851,9999.000,9999.000,9999.000,9999.000,9999.000,9999.000,9999.000,9999.000
202607032318,   0.896,9999.000,9999.000,9999.000,9999.000,9999.000,9999.000,9999.000,9999.000
202607032324,   0.947,9999.000,9999.000,9999.000,9999.000,9999.000,9999.000,9999.000,9999.000
202607032330,   1.006,9999.000,9999.000,9999.000,9999.000,9999.000,9999.000,9999.000,9999.000
202607032336,   1.072,9999.000,9999.000,9999.000,9999.000,9999.000,9999.000,9999.000,9999.000
202607032342,   1.144,9999.000,9999.000,9999.000,9999.000,9999.000,9999.000,9999.000,9999.000
202607032348,   1.222,9999.000,9999.000,9999.000,9999.000,9999.000,9999.000,9999.000,9999.000
202607032354,   1.306,9999.000,9999.000,9999.000,9999.000,9999.000,9999.000,9999.000,9999.000
202607040000,   1.395,9999.000,   0.200,   0.124,   1.719,   0.100,   1.619,   0.300,   1.819
202607040006,   1.490,9999.000,9999.000,9999.000,9999.000,9999.000,9999.000,9999.000,9999.000
202607040012,   1.590,9999.000,9999.000,9999.000,9999.000,9999.000,9999.000,9999.000,9999.000
202607040018,   1.695,9999.000,9999.000,9999.000,9999.000,9999.000,9999.000,9999.000,9999.000
202607040024,   1.804,9999.000,9999.000,9999.000,9999.000,9999.000,9999.000,9999.000,9999.000
202607040030,   1.916,9999.000,9999.000,9999.000,9999.000,9999.000,9999.000,9999.000,9999.000
202607040036,   2.033,9999.000,9999.000,9999.000,9999.000,9999.000,9999.000,9999.000,9999.000
202607040042,   2.154,9999.000,9999.000,9999.000,9999.000,9999.000,9999.000,9999.000,9999.000
202607040048,   2.277,9999.000,9999.000,9999.000,9999.000,9999.000,9999.000,9999.000,9999.000
202607040054,   2.404,9999.000,9999.000,9999.000,9999.000,9999.000,9999.000,9999.000,9999.000
202607040100,   2.534,9999.000,   0.200,   0.260,   2.994,   0.100,   2.894,   0.300,   3.094
202607040106,   2.667,9999.000,9999.000,9999.000,9999.000,9999.000,9999.000,9999.000,9999.000
202607040112,   2.803,9999.000,9999.000,9999.000,9999.000,9999.000,9999.000,9999.000,9999.000
202607040118,   2.940,9999.000,9999.000,9999.000,9999.000,9999.000,9999.000,9999.000,9999.000
202607040124,   3.080,9999.000,9999.000,9999.000,9999.000,9999.000,9999.000,9999.000,9999.000
202607040130,   3.222,9999.000,9999.000,9999.000,9999.000,9999.000,9999.000,9999.000,9999.000
202607040136,   3.365,9999.000,9999.000,9999.000,9999.000,9999.000,9999.000,9999.000,9999.000
202607040142,   3.510,9999.000,9999.000,9999.000,9999.000,9999.000,9999.000,9999.000,9999.000
202607040148,   3.655,9999.000,9999.000,9999.000,9999.000,9999.000,9999.000,9999.000,9999.000
202607040154,   3.801,9999.000,9999.000,9999.000,9999.000,9999.000,9999.000,9999.000,9999.000
202607040200,   3.947,9999.000,   0.200,   0.456,   4.603,   0.100,   4.503,   0.300,   4.703
202607040206,   4.092,9999.000,9999.000,9999.000,9999.000,9999.000,9999.000,9999.000,9999.000
202607040212,   4.235,9999.000,9999.000,9999.000,9999.000,9999.000,9999.000,9999.000,9999.000
202607040218,   4.377,9999.000,9999.000,9999.000,9999.000,9999.000,9999.000,9999.000,9999.000
202607040224,   4.516,9999.000,9999.000,9999.000,9999.000,9999.000,9999.000,9999.000,9999.000
202607040230,   4.653,9999.000,9999.000,9999.000,9999.000,9999.000,9999.000,9999.000,9999.000
202607040236,   4.785,9999.000,9999.000,9999.000,9999.000,9999.000,9999.000,9999.000,9999.000
202607040242,   4.913,9999.000,9999.000,9999.000,9999.000,9999.000,9999.000,9999.000,9999.000
202607040248,   5.037,9999.000,9999.000,9999.000,9999.000,9999.000,9999.000,9999.000,9999.000
202607040254,   5.155,9999.000,9999.000,9999.000,9999.000,9999.000,9999.000,9999.000,9999.000
202607040300,   5.268,9999.000,   0.200,   0.645,   6.113,   0.100,   6.013,   0.300,   6.213
202607040306,   5.375,9999.000,9999.000,9999.000,9999.000,9999.000,9999.000,9999.000,9999.000
202607040312,   5.475,9999.000,9999.000,9999.000,9999.000,9999.000,9999.000,9999.000,9999.000
202607040318,   5.568,9999.000,9999.000,9999.000,9999.000,9999.000,9999.000,9999.000,9999.000
202607040324,   5.655,9999.000,9999.000,9999.000,9999.000,9999.000,9999.000,9999.000,9999.000
202607040330,   5.734,9999.000,9999.000,9999.000,9999.000,9999.000,9999.000,9999.000,9999.000
202607040336,   5.807,9999.000,9999.000,9999.000,9999.000,9999.000,9999.000,9999.000,9999.000
202607040342,   5.872,9999.000,9999.000,9999.000,9999.000,9999.000,9999.000,9999.000,9999.000
202607040348,   5.930,9999.000,9999.000,9999.000,9999.000,9999.000,9999.000,9999.000,9999.000
202607040354,   5.981,9999.000,9999.000,9999.000,9999.000,9999.000,9999.000,9999.000,9999.000
202607040400,   6.024,9999.000,   0.200,   0.688,   6.912,   0.100,   6.812,   0.300,   7.012
202607040406,   6.061,9999.000,9999.000,9999.000,9999.000,9999.000,9999.000,9999.000,9999.000
202607040412,   6.091,9999.000,9999.000,9999.000,9999.000,9999.000,9999.000,9999.000,9999.000
202607040418,   6.113,9999.000,9999.000,9999.000,9999.000,9999.000,9999.000,9999.000,9999.000
202607040424,   6.129,9999.000,9999.000,9999.000,9999.000,9999.000,9999.000,9999.000,9999.000
202607040430,   6.138,9999.000,9999.000,9999.000,9999.000,9999.000,9999.000,9999.000,9999.000
202607040436,   6.141,9999.000,9999.000,9999.000,9999.000,9999.000,9999.000,9999.000,9999.000
202607040442,   6.137,9999.000,9999.000,9999.000,9999.000,9999.000,9999.000,9999.000,9999.000
202607040448,   6.127,9999.000,9999.000,9999.000,9999.000,9999.000,9999.000,9999.000,9999.000
202607040454,   6.110,9999.000,9999.000,9999.000,9999.000,9999.000,9999.000,9999.000,9999.000
202607040500,   6.088,9999.000,   0.200,   0.544,   6.832,   0.100,   6.732,   0.300,   6.932
202607040506,   6.059,9999.000,9999.000,9999.000,9999.000,9999.000,9999.000,9999.000,9999.000
202607040512,   6.025,9999.000,9999.000,9999.000,9999.000,9999.000,9999.000,9999.000,9999.000
202607040518,   5.984,9999.000,9999.000,9999.000,9999.000,9999.000,9999.000,9999.000,9999.000
202607040524,   5.939,9999.000,9999.000,9999.000,9999.000,9999.000,9999.000,9999.000,9999.000
202607040530,   5.887,9999.000,9999.000,9999.000,9999.000,9999.000,9999.000,9999.000,9999.000
202607040536,   5.831,9999.000,9999.000,9999.000,9999.000,9999.000,9999.000,9999.000,9999.000
202607040542,   5.769,9999.000,9999.000,9999.000,9999.000,9999.000,9999.000,9999.000,9999.000
202607040548,   5.703,9999.000,9999.000,9999.000,9999.000,9999.000,9999.000,9999.000,9999.000
202607040554,   5.631,9999.000,9999.000,9999.000,9999.000,9999.000,9999.000,9999.000,9999.000
202607040600,   5.555,9999.000,   0.200,   0.315,   6.070,   0.000,   5.870,   0.200,   6.070
202607040606,   5.474,9999.000,9999.000,9999.000,9999.000,9999.000,9999.000,9999.000,9999.000
202607040612,   5.390,9999.000,9999.000,9999.000,9999.000,9999.000,9999.000,9999.000,9999.000
202607040618,   5.301,9999.000,9999.000,9999.000,9999.000,9999.000,9999.000,9999.000,9999.000
202607040624,   5.208,9999.000,9999.000,9999.000,9999.000,9999.000,9999.000,9999.000,9999.000
202607040630,   5.112,9999.000,9999.000,9999.000,9999.000,9999.000,9999.000,9999.000,9999.000
202607040636,   5.012,9999.000,9999.000,9999.000,9999.000,9999.000,9999.000,9999.000,9999.000
202607040642,   4.909,9999.000,9999.000,9999.000,9999.000,9999.000,9999.000,9999.000,9999.000
202607040648,   4.804,9999.000,9999.000,9999.000,9999.000,9999.000,9999.000,9999.000,9999.000
202607040654,   4.695,9999.000,9999.000,9999.000,9999.000,9999.000,9999.000,9999.000,9999.000
202607040700,   4.584,9999.000,   0.100,   0.122,   4.806,   0.000,   4.706,   0.300,   5.006
202607040706,   4.471,9999.000,9999.000,9999.000,9999.000,9999.000,9999.000,9999.000,9999.000
202607040712,   4.356,9999.000,9999.000,9999.000,9999.000,9999.000,9999.000,9999.000,9999.000
202607040718,   4.239,9999.000,9999.000,9999.000,9999.000,9999.000,9999.000,9999.000,9999.000
202607040724,   4.120,9999.000,9999.000,9999.000,9999.000,9999.000,9999.000,9999.000,9999.000
202607040730,   4.000,9999.000,9999.000,9999.000,9999.000,9999.000,9999.000,9999.000,9999.000
202607040736,   3.879,9999.000,9999.000,9999.000,9999.000,9999.000,9999.000,9999.000,9999.000
202607040742,   3.757,9999.000,9999.000,9999.000,9999.000,9999.000,9999.000,9999.000,9999.000
202607040748,   3.634,9999.000,9999.000,9999.000,9999.000,9999.000,9999.000,9999.000,9999.000
202607040754,   3.510,9999.000,9999.000,9999.000,9999.000,9999.000,9999.000,9999.000,9999.000
202607040800,   3.387,9999.000,   0.200,   0.003,   3.590,   0.000,   3.390,   0.300,   3.690
202607040806,   3.263,9999.000,9999.000,9999.000,9999.000,9999.000,9999.000,9999.000,9999.000
202607040812,   3.139,9999.000,9999.000,9999.000,9999.000,9999.000,9999.000,9999.000,9999.000
202607040818,   3.016,9999.000,9999.000,9999.000,9999.000,9999.000,9999.000,9999.000,9999.000
202607040824,   2.893,9999.000,9999.000,9999.000,9999.000,9999.000,9999.000,9999.000,9999.000
202607040830,   2.771,9999.000,9999.000,9999.000,9999.000,9999.000,9999.000,9999.000,9999.000
202607040836,   2.650,9999.000,9999.000,9999.000,9999.000,9999.000,9999.000,9999.000,9999.000
202607040842,   2.530,9999.000,9999.000,9999.000,9999.000,9999.000,9999.000,9999.000,9999.000
202607040848,   2.411,9999.000,9999.000,9999.000,9999.000,9999.000,9999.000,9999.000,9999.000
202607040854,   2.294,9999.000,9999.000,9999.000,9999.000,9999.000,9999.000,9999.000,9999.000
202607040900,   2.178,9999.000,   0.200,  -0.043,   2.335,   0.100,   2.235,   0.300,   2.435
202607040906,   2.064,9999.000,9999.000,9999.000,9999.000,9999.000,9999.000,9999.000,9999.000
202607040912,   1.953,9999.000,9999.000,9999.000,9999.000,9999.000,9999.000,9999.000,9999.000
202607040918,   1.844,9999.000,9999.000,9999.000,9999.000,9999.000,9999.000,9999.000,9999.000
202607040924,   1.737,9999.000,9999.000,9999.000,9999.000,9999.000,9999.000,9999.000,9999.000
202607040930,   1.633,9999.000,9999.000,9999.000,9999.000,9999.000,9999.000,9999.000,9999.000
202607040936,   1.533,9999.000,9999.000,9999.000,9999.000,9999.000,9999.000,9999.000,9999.000
202607040942,   1.435,9999.000,9999.000,9999.000,9999.000,9999.000,9999.000,9999.000,9999.000
202607040948,   1.341,9999.000,9999.000,9999.000,9999.000,9999.000,9999.000,9999.000,9999.000
202607040954,   1.251,9999.000,9999.000,9999.000,9999.000,9999.000,9999.000,9999.000,9999.000
202607041000,   1.165,9999.000,   0.200,  -0.008,   1.357,   0.100,   1.257,   0.300,   1.457
202607041006,   1.083,9999.000,9999.000,9999.000,9999.000,9999.000,9999.000,9999.000,9999.000
202607041012,   1.006,9999.000,9999.000,9999.000,9999.000,9999.000,9999.000,9999.000,9999.000
202607041018,   0.934,9999.000,9999.000,9999.000,9999.000,9999.000,9999.000,9999.000,9999.000
202607041024,   0.866,9999.000,9999.000,9999.000,9999.000,9999.000,9999.000,9999.000,9999.000
202607041030,   0.804,9999.000,9999.000,9999.000,9999.000,9999.000,9999.000,9999.000,9999.000
202607041036,   0.748,9999.000,9999.000,9999.000,9999.000,9999.000,9999.000,9999.000,9999.000
202607041042,   0.698,9999.000,9999.000,9999.000,9999.000,9999.000,9999.000,9999.000,9999.000
202607041048,   0.653,9999.000,9999.000,9999.000,9999.000,9999.000,9999.000,9999.000,9999.000
202607041054,   0.615,9999.000,9999.000,9999.000,9999.000,9999.000,9999.000,9999.000,9999.000
202607041100,   0.583,9999.000,   0.200,   0.091,   0.874,   0.100,   0.774,   0.300,   0.974
202607041106,   0.558,9999.000,9999.000,9999.000,9999.000,9999.000,9999.000,9999.000,9999.000
202607041112,   0.540,9999.000,9999.000,9999.000,9999.000,9999.000,9999.000,9999.000,9999.000
202607041118,   0.528,9999.000,9999.000,9999.000,9999.000,9999.000,9999.000,9999.000,9999.000
202607041124,   0.523,9999.000,9999.000,9999.000,9999.000,9999.000,9999.000,9999.000,9999.000
202607041130,   0.525,9999.000,9999.000,9999.000,9999.000,9999.000,9999.000,9999.000,9999.000
202607041136,   0.534,9999.000,9999.000,9999.000,9999.000,9999.000,9999.000,9999.000,9999.000
202607041142,   0.550,9999.000,9999.000,9999.000,9999.000,9999.000,9999.000,9999.000,9999.000
202607041148,   0.573,9999.000,9999.000,9999.000,9999.000,9999.000,9999.000,9999.000,9999.000
202607041154,   0.603,9999.000,9999.000,9999.000,9999.000,9999.000,9999.000,9999.000,9999.000
202607041200,   0.639,9999.000,   0.300,   0.219,   1.158,   0.200,   1.058,   0.400,   1.258
202607041206,   0.682,9999.000,9999.000,9999.000,9999.000,9999.000,9999.000,9999.000,9999.000
202607041212,   0.731,9999.000,9999.000,9999.000,9999.000,9999.000,9999.000,9999.000,9999.000
202607041218,   0.786,9999.000,9999.000,9999.000,9999.000,9999.000,9999.000,9999.000,9999.000
202607041224,   0.847,9999.000,9999.000,9999.000,9999.000,9999.000,9999.000,9999.000,9999.000
202607041230,   0.914,9999.000,9999.000,9999.000,9999.000,9999.000,9999.000,9999.000,9999.000
202607041236,   0.986,9999.000,9999.000,9999.000,9999.000,9999.000,9999.000,9999.000,9999.000
202607041242,   1.063,9999.000,9999.000,9999.000,9999.000,9999.000,9999.000,9999.000,9999.000
202607041248,   1.145,9999.000,9999.000,9999.000,9999.000,9999.000,9999.000,9999.000,9999.000
202607041254,   1.231,9999.000,9999.000,9999.000,9999.000,9999.000,9999.000,9999.000,9999.000
202607041300,   1.322,9999.000,   0.300,   0.383,   2.005,   0.200,   1.905,   0.400,   2.105
202607041306,   1.416,9999.000,9999.000,9999.000,9999.000,9999.000,9999.000,9999.000,9999.000
202607041312,   1.515,9999.000,9999.000,9999.000,9999.000,9999.000,9999.000,9999.000,9999.000
202607041318,   1.618,9999.000,9999.000,9999.000,9999.000,9999.000,9999.000,9999.000,9999.000
202607041324,   1.724,9999.000,9999.000,9999.000,9999.000,9999.000,9999.000,9999.000,9999.000
202607041330,   1.833,9999.000,9999.000,9999.000,9999.000,9999.000,9999.000,9999.000,9999.000
202607041336,   1.946,9999.000,9999.000,9999.000,9999.000,9999.000,9999.000,9999.000,9999.000
202607041342,   2.062,9999.000,9999.000,9999.000,9999.000,9999.000,9999.000,9999.000,9999.000
202607041348,   2.180,9999.000,9999.000,9999.000,9999.000,9999.000,9999.000,9999.000,9999.000
202607041354,   2.301,9999.000,9999.000,9999.000,9999.000,9999.000,9999.000,9999.000,9999.000
202607041400,   2.425,9999.000,   0.300,   0.611,   3.336,   0.200,   3.236,   0.400,   3.436
202607041406,   2.550,9999.000,9999.000,9999.000,9999.000,9999.000,9999.000,9999.000,9999.000
202607041412,   2.677,9999.000,9999.000,9999.000,9999.000,9999.000,9999.000,9999.000,9999.000
202607041418,   2.805,9999.000,9999.000,9999.000,9999.000,9999.000,9999.000,9999.000,9999.000
202607041424,   2.934,9999.000,9999.000,9999.000,9999.000,9999.000,9999.000,9999.000,9999.000
202607041430,   3.063,9999.000,9999.000,9999.000,9999.000,9999.000,9999.000,9999.000,9999.000
202607041436,   3.191,9999.000,9999.000,9999.000,9999.000,9999.000,9999.000,9999.000,9999.000
202607041442,   3.319,9999.000,9999.000,9999.000,9999.000,9999.000,9999.000,9999.000,9999.000
202607041448,   3.444,9999.000,9999.000,9999.000,9999.000,9999.000,9999.000,9999.000,9999.000
202607041454,   3.568,9999.000,9999.000,9999.000,9999.000,9999.000,9999.000,9999.000,9999.000
202607041500,   3.689,9999.000,   0.400,   0.853,   4.942,   0.300,   4.842,   0.400,   4.942
202607041506,   3.806,9999.000,9999.000,9999.000,9999.000,9999.000,9999.000,9999.000,9999.000
202607041512,   3.920,9999.000,9999.000,9999.000,9999.000,9999.000,9999.000,9999.000,9999.000
202607041518,   4.029,9999.000,9999.000,9999.000,9999.000,9999.000,9999.000,9999.000,9999.000
202607041524,   4.133,9999.000,9999.000,9999.000,9999.000,9999.000,9999.000,9999.000,9999.000
202607041530,   4.232,9999.000,9999.000,9999.000,9999.000,9999.000,9999.000,9999.000,9999.000
202607041536,   4.325,9999.000,9999.000,9999.000,9999.000,9999.000,9999.000,9999.000,9999.000
202607041542,   4.413,9999.000,9999.000,9999.000,9999.000,9999.000,9999.000,9999.000,9999.000
202607041548,   4.494,9999.000,9999.000,9999.000,9999.000,9999.000,9999.000,9999.000,9999.000
202607041554,   4.569,9999.000,9999.000,9999.000,9999.000,9999.000,9999.000,9999.000,9999.000
202607041600,   4.638,9999.000,   0.400,   0.979,   6.017,   0.300,   5.917,   0.500,   6.117
202607041606,   4.700,9999.000,9999.000,9999.000,9999.000,9999.000,9999.000,9999.000,9999.000
202607041612,   4.756,9999.000,9999.000,9999.000,9999.000,9999.000,9999.000,9999.000,9999.000
202607041618,   4.805,9999.000,9999.000,9999.000,9999.000,9999.000,9999.000,9999.000,9999.000
202607041624,   4.848,9999.000,9999.000,9999.000,9999.000,9999.000,9999.000,9999.000,9999.000
202607041630,   4.885,9999.000,9999.000,9999.000,9999.000,9999.000,9999.000,9999.000,9999.000
202607041636,   4.915,9999.000,9999.000,9999.000,9999.000,9999.000,9999.000,9999.000,9999.000
202607041642,   4.940,9999.000,9999.000,9999.000,9999.000,9999.000,9999.000,9999.000,9999.000
202607041648,   4.958,9999.000,9999.000,9999.000,9999.000,9999.000,9999.000,9999.000,9999.000
202607041654,   4.970,9999.000,9999.000,9999.000,9999.000,9999.000,9999.000,9999.000,9999.000
202607041700,   4.976,9999.000,   0.400,   0.910,   6.286,   0.300,   6.186,   0.500,   6.386
202607041706,   4.977,9999.000,9999.000,9999.000,9999.000,9999.000,9999.000,9999.000,9999.000
202607041712,   4.972,9999.000,9999.000,9999.000,9999.000,9999.000,9999.000,9999.000,9999.000
202607041718,   4.962,9999.000,9999.000,9999.000,9999.000,9999.000,9999.000,9999.000,9999.000
202607041724,   4.946,9999.000,9999.000,9999.000,9999.000,9999.000,9999.000,9999.000,9999.000
202607041730,   4.925,9999.000,9999.000,9999.000,9999.000,9999.000,9999.000,9999.000,9999.000
202607041736,   4.899,9999.000,9999.000,9999.000,9999.000,9999.000,9999.000,9999.000,9999.000
202607041742,   4.868,9999.000,9999.000,9999.000,9999.000,9999.000,9999.000,9999.000,9999.000
202607041748,   4.832,9999.000,9999.000,9999.000,9999.000,9999.000,9999.000,9999.000,9999.000
202607041754,   4.791,9999.000,9999.000,9999.000,9999.000,9999.000,9999.000,9999.000,9999.000
202607041800,   4.746,9999.000,   0.400,   0.696,   5.842,   0.300,   5.742,   0.500,   5.942
202607041806,   4.697,9999.000,9999.000,9999.000,9999.000,9999.000,9999.000,9999.000,9999.000
202607041812,   4.643,9999.000,9999.000,9999.000,9999.000,9999.000,9999.000,9999.000,9999.000
202607041818,   4.586,9999.000,9999.000,9999.000,9999.000,9999.000,9999.000,9999.000,9999.000
202607041824,   4.524,9999.000,9999.000,9999.000,9999.000,9999.000,9999.000,9999.000,9999.000
202607041830,   4.459,9999.000,9999.000,9999.000,9999.000,9999.000,9999.000,9999.000,9999.000
202607041836,   4.390,9999.000,9999.000,9999.000,9999.000,9999.000,9999.000,9999.000,9999.000
202607041842,   4.318,9999.000,9999.000,9999.000,9999.000,9999.000,9999.000,9999.000,9999.000
202607041848,   4.243,9999.000,9999.000,9999.000,9999.000,9999.000,9999.000,9999.000,9999.000
202607041854,   4.165,9999.000,9999.000,9999.000,9999.000,9999.000,9999.000,9999.000,9999.000
202607041900,   4.084,9999.000,   0.400,   0.427,   4.911,   0.400,   4.911,   0.500,   5.011
202607041906,   4.000,9999.000,9999.000,9999.000,9999.000,9999.000,9999.000,9999.000,9999.000
202607041912,   3.915,9999.000,9999.000,9999.000,9999.000,9999.000,9999.000,9999.000,9999.000
202607041918,   3.827,9999.000,9999.000,9999.000,9999.000,9999.000,9999.000,9999.000,9999.000
202607041924,   3.738,9999.000,9999.000,9999.000,9999.000,9999.000,9999.000,9999.000,9999.000
202607041930,   3.646,9999.000,9999.000,9999.000,9999.000,9999.000,9999.000,9999.000,9999.000
202607041936,   3.554,9999.000,9999.000,9999.000,9999.000,9999.000,9999.000,9999.000,9999.000
202607041942,   3.460,9999.000,9999.000,9999.000,9999.000,9999.000,9999.000,9999.000,9999.000
202607041948,   3.364,9999.000,9999.000,9999.000,9999.000,9999.000,9999.000,9999.000,9999.000
202607041954,   3.268,9999.000,9999.000,9999.000,9999.000,9999.000,9999.000,9999.000,9999.000
202607042000,   3.172,9999.000,   0.500,   0.162,   3.834,   0.400,   3.734,   0.500,   3.834
202607042006,   3.075,9999.000,9999.000,9999.000,9999.000,9999.000,9999.000,9999.000,9999.000
202607042012,   2.977,9999.000,9999.000,9999.000,9999.000,9999.000,9999.000,9999.000,9999.000
202607042018,   2.880,9999.000,9999.000,9999.000,9999.000,9999.000,9999.000,9999.000,9999.000
202607042024,   2.782,9999.000,9999.000,9999.000,9999.000,9999.000,9999.000,9999.000,9999.000
202607042030,   2.685,9999.000,9999.000,9999.000,9999.000,9999.000,9999.000,9999.000,9999.000
202607042036,   2.588,9999.000,9999.000,9999.000,9999.000,9999.000,9999.000,9999.000,9999.000
202607042042,   2.492,9999.000,9999.000,9999.000,9999.000,9999.000,9999.000,9999.000,9999.000
202607042048,   2.397,9999.000,9999.000,9999.000,9999.000,9999.000,9999.000,9999.000,9999.000
202607042054,   2.302,9999.000,9999.000,9999.000,9999.000,9999.000,9999.000,9999.000,9999.000
202607042100,   2.209,9999.000,   0.500,  -0.041,   2.668,   0.400,   2.568,   0.600,   2.768
202607042106,   2.117,9999.000,9999.000,9999.000,9999.000,9999.000,9999.000,9999.000,9999.000
202607042112,   2.026,9999.000,9999.000,9999.000,9999.000,9999.000,9999.000,9999.000,9999.000
202607042118,   1.937,9999.000,9999.000,9999.000,9999.000,9999.000,9999.000,9999.000,9999.000
202607042124,   1.850,9999.000,9999.000,9999.000,9999.000,9999.000,9999.000,9999.000,9999.000
202607042130,   1.765,9999.000,9999.000,9999.000,9999.000,9999.000,9999.000,9999.000,9999.000
202607042136,   1.682,9999.000,9999.000,9999.000,9999.000,9999.000,9999.000,9999.000,9999.000
202607042142,   1.601,9999.000,9999.000,9999.000,9999.000,9999.000,9999.000,9999.000,9999.000
202607042148,   1.523,9999.000,9999.000,9999.000,9999.000,9999.000,9999.000,9999.000,9999.000
202607042154,   1.448,9999.000,9999.000,9999.000,9999.000,9999.000,9999.000,9999.000,9999.000
202607042200,   1.376,9999.000,   0.500,  -0.123,   1.753,   0.400,   1.653,   0.600,   1.853
202607042206,   1.307,9999.000,9999.000,9999.000,9999.000,9999.000,9999.000,9999.000,9999.000
202607042212,   1.241,9999.000,9999.000,9999.000,9999.000,9999.000,9999.000,9999.000,9999.000
202607042218,   1.180,9999.000,9999.000,9999.000,9999.000,9999.000,9999.000,9999.000,9999.000
202607042224,   1.122,9999.000,9999.000,9999.000,9999.000,9999.000,9999.000,9999.000,9999.000
202607042230,   1.068,9999.000,9999.000,9999.000,9999.000,9999.000,9999.000,9999.000,9999.000
202607042236,   1.019,9999.000,9999.000,9999.000,9999.000,9999.000,9999.000,9999.000,9999.000
202607042242,   0.975,9999.000,9999.000,9999.000,9999.000,9999.000,9999.000,9999.000,9999.000
202607042248,   0.936,9999.000,9999.000,9999.000,9999.000,9999.000,9999.000,9999.000,9999.000
202607042254,   0.902,9999.000,9999.000,9999.000,9999.000,9999.000,9999.000,9999.000,9999.000
202607042300,   0.874,9999.000,   0.500,  -0.086,   1.288,   0.400,   1.188,   0.600,   1.388
202607042306,   0.852,9999.000,9999.000,9999.000,9999.000,9999.000,9999.000,9999.000,9999.000
202607042312,   0.835,9999.000,9999.000,9999.000,9999.000,9999.000,9999.000,9999.000,9999.000
202607042318,   0.826,9999.000,9999.000,9999.000,9999.000,9999.000,9999.000,9999.000,9999.000
202607042324,   0.822,9999.000,9999.000,9999.000,9999.000,9999.000,9999.000,9999.000,9999.000
202607042330,   0.826,9999.000,9999.000,9999.000,9999.000,9999.000,9999.000,9999.000,9999.000
202607042336,   0.837,9999.000,9999.000,9999.000,9999.000,9999.000,9999.000,9999.000,9999.000
202607042342,   0.855,9999.000,9999.000,9999.000,9999.000,9999.000,9999.000,9999.000,9999.000
202607042348,   0.879,9999.000,9999.000,9999.000,9999.000,9999.000,9999.000,9999.000,9999.000
202607042354,   0.912,9999.000,9999.000,9999.000,9999.000,9999.000,9999.000,9999.000,9999.000
202607050000,   0.951,9999.000,   0.600,   0.011,   1.562,   0.400,   1.362,   0.700,   1.662
202607050006,   0.997,9999.000,9999.000,9999.000,9999.000,9999.000,9999.000,9999.000,9999.000
202607050012,   1.051,9999.000,9999.000,9999.000,9999.000,9999.000,9999.000,9999.000,9999.000
202607050018,   1.111,9999.000,9999.000,9999.000,9999.000,9999.000,9999.000,9999.000,9999.000
202607050024,   1.178,9999.000,9999.000,9999.000,9999.000,9999.000,9999.000,9999.000,9999.000
202607050030,   1.252,9999.000,9999.000,9999.000,9999.000,9999.000,9999.000,9999.000,9999.000
202607050036,   1.331,9999.000,9999.000,9999.000,9999.000,9999.000,9999.000,9999.000,9999.000
202607050042,   1.416,9999.000,9999.000,9999.000,9999.000,9999.000,9999.000,9999.000,9999.000
202607050048,   1.507,9999.000,9999.000,9999.000,9999.000,9999.000,9999.000,9999.000,9999.000
202607050054,   1.603,9999.000,9999.000,9999.000,9999.000,9999.000,9999.000,9999.000,9999.000
202607050100,   1.704,9999.000,   0.600,   0.146,   2.450,   0.400,   2.250,   0.700,   2.550
202607050106,   1.810,9999.000,9999.000,9999.000,9999.000,9999.000,9999.000,9999.000,9999.000
202607050112,   1.919,9999.000,9999.000,9999.000,9999.000,9999.000,9999.000,9999.000,9999.000
202607050118,   2.033,9999.000,9999.000,9999.000,9999.000,9999.000,9999.000,9999.000,9999.000
202607050124,   2.149,9999.000,9999.000,9999.000,9999.000,9999.000,9999.000,9999.000,9999.000
202607050130,   2.270,9999.000,9999.000,9999.000,9999.000,9999.000,9999.000,9999.000,9999.000
202607050136,   2.393,9999.000,9999.000,9999.000,9999.000,9999.000,9999.000,9999.000,9999.000
202607050142,   2.519,9999.000,9999.000,9999.000,9999.000,9999.000,9999.000,9999.000,9999.000
202607050148,   2.647,9999.000,9999.000,9999.000,9999.000,9999.000,9999.000,9999.000,9999.000
202607050154,   2.778,9999.000,9999.000,9999.000,9999.000,9999.000,9999.000,9999.000,9999.000
202607050200,   2.911,9999.000,   0.600,   0.356,   3.867,   0.400,   3.667,   0.700,   3.967
202607050206,   3.046,9999.000,9999.000,9999.000,9999.000,9999.000,9999.000,9999.000,9999.000
202607050212,   3.182,9999.000,9999.000,9999.000,9999.000,9999.000,9999.000,9999.000,9999.000
202607050218,   3.319,9999.000,9999.000,9999.000,9999.000,9999.000,9999.000,9999.000,9999.000
202607050224,   3.457,9999.000,9999.000,9999.000,9999.000,9999.000,9999.000,9999.000,9999.000
202607050230,   3.596,9999.000,9999.000,9999.000,9999.000,9999.000,9999.000,9999.000,9999.000
202607050236,   3.735,9999.000,9999.000,9999.000,9999.000,9999.000,9999.000,9999.000,9999.000
202607050242,   3.874,9999.000,9999.000,9999.000,9999.000,9999.000,9999.000,9999.000,9999.000
202607050248,   4.012,9999.000,9999.000,9999.000,9999.000,9999.000,9999.000,9999.000,9999.000
202607050254,   4.148,9999.000,9999.000,9999.000,9999.000,9999.000,9999.000,9999.000,9999.000
202607050300,   4.283,9999.000,   0.600,   0.607,   5.490,   0.400,   5.290,   0.700,   5.590
202607050306,   4.416,9999.000,9999.000,9999.000,9999.000,9999.000,9999.000,9999.000,9999.000
202607050312,   4.545,9999.000,9999.000,9999.000,9999.000,9999.000,9999.000,9999.000,9999.000
202607050318,   4.671,9999.000,9999.000,9999.000,9999.000,9999.000,9999.000,9999.000,9999.000
202607050324,   4.793,9999.000,9999.000,9999.000,9999.000,9999.000,9999.000,9999.000,9999.000
202607050330,   4.911,9999.000,9999.000,9999.000,9999.000,9999.000,9999.000,9999.000,9999.000
202607050336,   5.023,9999.000,9999.000,9999.000,9999.000,9999.000,9999.000,9999.000,9999.000
202607050342,   5.130,9999.000,9999.000,9999.000,9999.000,9999.000,9999.000,9999.000,9999.000
202607050348,   5.231,9999.000,9999.000,9999.000,9999.000,9999.000,9999.000,9999.000,9999.000
202607050354,   5.326,9999.000,9999.000,9999.000,9999.000,9999.000,9999.000,9999.000,9999.000
202607050400,   5.415,9999.000,   0.500,   0.753,   6.668,   0.400,   6.568,   0.700,   6.868
202607050406,   5.497,9999.000,9999.000,9999.000,9999.000,9999.000,9999.000,9999.000,9999.000
202607050412,   5.572,9999.000,9999.000,9999.000,9999.000,9999.000,9999.000,9999.000,9999.000
202607050418,   5.641,9999.000,9999.000,9999.000,9999.000,9999.000,9999.000,9999.000,9999.000
202607050424,   5.702,9999.000,9999.000,9999.000,9999.000,9999.000,9999.000,9999.000,9999.000
202607050430,   5.756,9999.000,9999.000,9999.000,9999.000,9999.000,9999.000,9999.000,9999.000
202607050436,   5.803,9999.000,9999.000,9999.000,9999.000,9999.000,9999.000,9999.000,9999.000
202607050442,   5.844,9999.000,9999.000,9999.000,9999.000,9999.000,9999.000,9999.000,9999.000
202607050448,   5.877,9999.000,9999.000,9999.000,9999.000,9999.000,9999.000,9999.000,9999.000
202607050454,   5.903,9999.000,9999.000,9999.000,9999.000,9999.000,9999.000,9999.000,9999.000
202607050500,   5.923,9999.000,   0.500,   0.693,   7.116,   0.300,   6.916,   0.600,   7.216
202607050506,   5.936,9999.000,9999.000,9999.000,9999.000,9999.000,9999.000,9999.000,9999.000
202607050512,   5.943,9999.000,9999.000,9999.000,9999.000,9999.000,9999.000,9999.000,9999.000
202607050518,   5.943,9999.000,9999.000,9999.000,9999.000,9999.000,9999.000,9999.000,9999.000
202607050524,   5.936,9999.000,9999.000,9999.000,9999.000,9999.000,9999.000,9999.000,9999.000
202607050530,   5.924,9999.000,9999.000,9999.000,9999.000,9999.000,9999.000,9999.000,9999.000
202607050536,   5.905,9999.000,9999.000,9999.000,9999.000,9999.000,9999.000,9999.000,9999.000
202607050542,   5.881,9999.000,9999.000,9999.000,9999.000,9999.000,9999.000,9999.000,9999.000
202607050548,   5.851,9999.000,9999.000,9999.000,9999.000,9999.000,9999.000,9999.000,9999.000
202607050554,   5.815,9999.000,9999.000,9999.000,9999.000,9999.000,9999.000,9999.000,9999.000
202607050600,   5.773,9999.000,   0.500,   0.490,   6.763,   0.300,   6.563,   0.600,   6.863
202607050606,   5.726,9999.000,9999.000,9999.000,9999.000,9999.000,9999.000,9999.000,9999.000
202607050612,   5.674,9999.000,9999.000,9999.000,9999.000,9999.000,9999.000,9999.000,9999.000
202607050618,   5.617,9999.000,9999.000,9999.000,9999.000,9999.000,9999.000,9999.000,9999.000
202607050624,   5.555,9999.000,9999.000,9999.000,9999.000,9999.000,9999.000,9999.000,9999.000
202607050630,   5.488,9999.000,9999.000,9999.000,9999.000,9999.000,9999.000,9999.000,9999.000
202607050636,   5.416,9999.000,9999.000,9999.000,9999.000,9999.000,9999.000,9999.000,9999.000
202607050642,   5.340,9999.000,9999.000,9999.000,9999.000,9999.000,9999.000,9999.000,9999.000
202607050648,   5.260,9999.000,9999.000,9999.000,9999.000,9999.000,9999.000,9999.000,9999.000
202607050654,   5.176,9999.000,9999.000,9999.000,9999.000,9999.000,9999.000,9999.000,9999.000
202607050700,   5.087,9999.000,   0.500,   0.286,   5.873,   0.300,   5.673,   0.600,   5.973
202607050706,   4.996,9999.000,9999.000,9999.000,9999.000,9999.000,9999.000,9999.000,9999.000
202607050712,   4.901,9999.000,9999.000,9999.000,9999.000,9999.000,9999.000,9999.000,9999.000
202607050718,   4.802,9999.000,9999.000,9999.000,9999.000,9999.000,9999.000,9999.000,9999.000
202607050724,   4.701,9999.000,9999.000,9999.000,9999.000,9999.000,9999.000,9999.000,9999.000
202607050730,   4.597,9999.000,9999.000,9999.000,9999.000,9999.000,9999.000,9999.000,9999.000
202607050736,   4.491,9999.000,9999.000,9999.000,9999.000,9999.000,9999.000,9999.000,9999.000
202607050742,   4.382,9999.000,9999.000,9999.000,9999.000,9999.000,9999.000,9999.000,9999.000
202607050748,   4.271,9999.000,9999.000,9999.000,9999.000,9999.000,9999.000,9999.000,9999.000
202607050754,   4.158,9999.000,9999.000,9999.000,9999.000,9999.000,9999.000,9999.000,9999.000
202607050800,   4.044,9999.000,   0.400,   0.150,   4.594,   0.300,   4.494,   0.600,   4.794
202607050806,   3.928,9999.000,9999.000,9999.000,9999.000,9999.000,9999.000,9999.000,9999.000
202607050812,   3.811,9999.000,9999.000,9999.000,9999.000,9999.000,9999.000,9999.000,9999.000
202607050818,   3.693,9999.000,9999.000,9999.000,9999.000,9999.000,9999.000,9999.000,9999.000
202607050824,   3.575,9999.000,9999.000,9999.000,9999.000,9999.000,9999.000,9999.000,9999.000
202607050830,   3.456,9999.000,9999.000,9999.000,9999.000,9999.000,9999.000,9999.000,9999.000
202607050836,   3.336,9999.000,9999.000,9999.000,9999.000,9999.000,9999.000,9999.000,9999.000
202607050842,   3.217,9999.000,9999.000,9999.000,9999.000,9999.000,9999.000,9999.000,9999.000
202607050848,   3.097,9999.000,9999.000,9999.000,9999.000,9999.000,9999.000,9999.000,9999.000
202607050854,   2.978,9999.000,9999.000,9999.000,9999.000,9999.000,9999.000,9999.000,9999.000
202607050900,   2.859,9999.000,   0.500,   0.071,   3.430,   0.300,   3.230,   0.600,   3.530
202607050906,   2.741,9999.000,9999.000,9999.000,9999.000,9999.000,9999.000,9999.000,9999.000
202607050912,   2.624,9999.000,9999.000,9999.000,9999.000,9999.000,9999.000,9999.000,9999.000
202607050918,   2.508,9999.000,9999.000,9999.000,9999.000,9999.000,9999.000,9999.000,9999.000
202607050924,   2.392,9999.000,9999.000,9999.000,9999.000,9999.000,9999.000,9999.000,9999.000
202607050930,   2.279,9999.000,9999.000,9999.000,9999.000,9999.000,9999.000,9999.000,9999.000
202607050936,   2.167,9999.000,9999.000,9999.000,9999.000,9999.000,9999.000,9999.000,9999.000
202607050942,   2.056,9999.000,9999.000,9999.000,9999.000,9999.000,9999.000,9999.000,9999.000
202607050948,   1.948,9999.000,9999.000,9999.000,9999.000,9999.000,9999.000,9999.000,9999.000
202607050954,   1.841,9999.000,9999.000,9999.000,9999.000,9999.000,9999.000,9999.000,9999.000
202607051000,   1.737,9999.000,   0.500,   0.037,   2.274,   0.300,   2.074,   0.600,   2.374
202607051006,   1.636,9999.000,9999.000,9999.000,9999.000,9999.000,9999.000,9999.000,9999.000
202607051012,   1.537,9999.000,9999.000,9999.000,9999.000,9999.000,9999.000,9999.000,9999.000
202607051018,   1.441,9999.000,9999.000,9999.000,9999.000,9999.000,9999.000,9999.000,9999.000
202607051024,   1.348,9999.000,9999.000,9999.000,9999.000,9999.000,9999.000,9999.000,9999.000
202607051030,   1.258,9999.000,9999.000,9999.000,9999.000,9999.000,9999.000,9999.000,9999.000
202607051036,   1.173,9999.000,9999.000,9999.000,9999.000,9999.000,9999.000,9999.000,9999.000
202607051042,   1.090,9999.000,9999.000,9999.000,9999.000,9999.000,9999.000,9999.000,9999.000
202607051048,   1.012,9999.000,9999.000,9999.000,9999.000,9999.000,9999.000,9999.000,9999.000
202607051054,   0.939,9999.000,9999.000,9999.000,9999.000,9999.000,9999.000,9999.000,9999.000
202607051100,   0.870,9999.000,   0.500,   0.338,   1.708,   0.400,   1.608,   0.600,   1.808
202607051106,   0.806,9999.000,9999.000,9999.000,9999.000,9999.000,9999.000,9999.000,9999.000
202607051112,   0.747,9999.000,9999.000,9999.000,9999.000,9999.000,9999.000,9999.000,9999.000
202607051118,   0.693,9999.000,9999.000,9999.000,9999.000,9999.000,9999.000,9999.000,9999.000
202607051124,   0.645,9999.000,9999.000,9999.000,9999.000,9999.000,9999.000,9999.000,9999.000
202607051130,   0.603,9999.000,9999.000,9999.000,9999.000,9999.000,9999.000,9999.000,9999.000
202607051136,   0.567,9999.000,9999.000,9999.000,9999.000,9999.000,9999.000,9999.000,9999.000
202607051142,   0.537,9999.000,9999.000,9999.000,9999.000,9999.000,9999.000,9999.000,9999.000
202607051148,   0.514,9999.000,9999.000,9999.000,9999.000,9999.000,9999.000,9999.000,9999.000
202607051154,   0.498,9999.000,9999.000,9999.000,9999.000,9999.000,9999.000,9999.000,9999.000
202607051200,   0.489,9999.000,   0.500,   0.338,   1.327,   0.400,   1.227,   0.600,   1.427
