        TIME,    TIDE,      OB,   SURGE,    BIAS,     TWL,SURGE90p,  TWL90p,SURGE10p,   TWL10p
202606140600,   9.492,   9.436,   0.200,  -0.256,   9.436,   0.100,   9.336,   0.200,   9.436
202606140606,   9.585,9999.000,9999.000,9999.000,9999.000,9999.000,9999.000,9999.000,9999.000
202606140612,   9.670,   9.587,9999.000,9999.000,9999.000,9999.000,9999.000,9999.000,9999.000
202606140618,   9.745,9999.000,9999.000,9999.000,9999.000,9999.000,9999.000,9999.000,9999.000
202606140624,   9.812,   9.728,9999.000,9999.000,9999.000,9999.000,9999.000,9999.000,9999.000
202606140630,   9.870,9999.000,9999.000,9999.000,9999.000,9999.000,9999.000,9999.000,9999.000
202606140636,   9.918,   9.846,9999.000,9999.000,9999.000,9999.000,9999.000,9999.000,9999.000
202606140642,   9.956,9999.000,9999.000,9999.000,9999.000,9999.000,9999.000,9999.000,9999.000
202606140648,   9.984,   9.918,9999.000,9999.000,9999.000,9999.000,9999.000,9999.000,9999.000
202606140654,  10.003,9999.000,9999.000,9999.000,9999.000,9999.000,9999.000,9999.000,9999.000
202606140700,  10.010,   9.908,   0.200,  -0.302,   9.908,   0.100,   9.808,   0.200,   9.908
202606140706,  10.008,   9.876,9999.000,9999.000,9999.000,9999.000,9999.000,9999.000,9999.000
202606140712,   9.994,   9.856,9999.000,9999.000,9999.000,9999.000,9999.000,9999.000,9999.000
202606140718,   9.970,   9.836,9999.000,9999.000,9999.000,9999.000,9999.000,9999.000,9999.000
202606140724,   9.935,   9.797,9999.000,9999.000,9999.000,9999.000,9999.000,9999.000,9999.000
202606140730,   9.889,   9.757,9999.000,9999.000,9999.000,9999.000,9999.000,9999.000,9999.000
202606140736,   9.831,   9.689,9999.000,9999.000,9999.000,9999.000,9999.000,9999.000,9999.000
202606140742,   9.763,   9.616,9999.000,9999.000,9999.000,9999.000,9999.000,9999.000,9999.000
202606140748,   9.684,   9.538,9999.000,9999.000,9999.000,9999.000,9999.000,9999.000,9999.000
202606140754,   9.594,   9.416,9999.000,9999.000,9999.000,9999.000,9999.000,9999.000,9999.000
202606140800,   9.493,   9.308,   0.200,  -0.385,   9.308,   0.100,   9.208,   0.200,   9.308
202606140806,   9.381,   9.177,9999.000,9999.000,9999.000,9999.000,9999.000,9999.000,9999.000
202606140812,   9.259,   9.069,9999.000,9999.000,9999.000,9999.000,9999.000,9999.000,9999.000
202606140818,   9.126,   8.937,9999.000,9999.000,9999.000,9999.000,9999.000,9999.000,9999.000
202606140824,   8.983,   8.796,9999.000,9999.000,9999.000,9999.000,9999.000,9999.000,9999.000
202606140830,   8.830,   8.626,9999.000,9999.000,9999.000,9999.000,9999.000,9999.000,9999.000
202606140836,   8.668,   8.459,9999.000,9999.000,9999.000,9999.000,9999.000,9999.000,9999.000
202606140842,   8.495,   8.278,9999.000,9999.000,9999.000,9999.000,9999.000,9999.000,9999.000
202606140848,   8.314,   8.108,9999.000,9999.000,9999.000,9999.000,9999.000,9999.000,9999.000
202606140854,   8.124,   7.917,9999.000,9999.000,9999.000,9999.000,9999.000,9999.000,9999.000
202606140900,   7.926,   7.727,   0.200,  -0.399,   7.727,   0.100,   7.627,   0.200,   7.727
202606140906,   7.719,   7.527,9999.000,9999.000,9999.000,9999.000,9999.000,9999.000,9999.000
202606140912,   7.505,   7.327,9999.000,9999.000,9999.000,9999.000,9999.000,9999.000,9999.000
202606140918,   7.283,   7.127,9999.000,9999.000,9999.000,9999.000,9999.000,9999.000,9999.000
202606140924,   7.054,   6.917,9999.000,9999.000,9999.000,9999.000,9999.000,9999.000,9999.000
202606140930,   6.818,   6.697,9999.000,9999.000,9999.000,9999.000,9999.000,9999.000,9999.000
202606140936,   6.577,   6.487,9999.000,9999.000,9999.000,9999.000,9999.000,9999.000,9999.000
202606140942,   6.330,   6.277,9999.000,9999.000,9999.000,9999.000,9999.000,9999.000,9999.000
202606140948,   6.077,   6.058,9999.000,9999.000,9999.000,9999.000,9999.000,9999.000,9999.000
202606140954,   5.819,   5.828,9999.000,9999.000,9999.000,9999.000,9999.000,9999.000,9999.000
202606141000,   5.557,   5.579,   0.200,  -0.178,   5.579,   0.100,   5.479,   0.200,   5.579
202606141006,   5.291,   5.349,9999.000,9999.000,9999.000,9999.000,9999.000,9999.000,9999.000
202606141012,   5.022,   5.110,9999.000,9999.000,9999.000,9999.000,9999.000,9999.000,9999.000
202606141018,   4.749,   4.857,9999.000,9999.000,9999.000,9999.000,9999.000,9999.000,9999.000
202606141024,   4.474,   4.618,9999.000,9999.000,9999.000,9999.000,9999.000,9999.000,9999.000
202606141030,   4.196,   4.359,9999.000,9999.000,9999.000,9999.000,9999.000,9999.000,9999.000
202606141036,   3.917,   4.099,9999.000,9999.000,9999.000,9999.000,9999.000,9999.000,9999.000
202606141042,   3.637,   3.827,9999.000,9999.000,9999.000,9999.000,9999.000,9999.000,9999.000
202606141048,   3.357,   3.558,9999.000,9999.000,9999.000,9999.000,9999.000,9999.000,9999.000
202606141054,   3.076,   3.289,9999.000,9999.000,9999.000,9999.000,9999.000,9999.000,9999.000
202606141100,   2.796,   3.050,   0.200,   0.054,   3.050,   0.100,   2.950,   0.200,   3.050
202606141106,   2.517,   2.820,9999.000,9999.000,9999.000,9999.000,9999.000,9999.000,9999.000
202606141112,   2.240,   2.568,9999.000,9999.000,9999.000,9999.000,9999.000,9999.000,9999.000
202606141118,   1.965,   2.299,9999.000,9999.000,9999.000,9999.000,9999.000,9999.000,9999.000
202606141124,   1.692,   2.020,9999.000,9999.000,9999.000,9999.000,9999.000,9999.000,9999.000
202606141130,   1.423,   1.758,9999.000,9999.000,9999.000,9999.000,9999.000,9999.000,9999.000
202606141136,   1.159,   1.489,9999.000,9999.000,9999.000,9999.000,9999.000,9999.000,9999.000
202606141142,   0.898,   1.229,9999.000,9999.000,9999.000,9999.000,9999.000,9999.000,9999.000
202606141148,   0.643,   0.941,9999.000,9999.000,9999.000,9999.000,9999.000,9999.000,9999.000
202606141154,   0.393,   0.659,9999.000,9999.000,9999.000,9999.000,9999.000,9999.000,9999.000
202606141200,   0.150,   0.400,   0.000,   0.250,   0.400,   0.000,   0.400,   0.000,   0.400
202606141206,  -0.085,   0.141,9999.000,9999.000,9999.000,9999.000,9999.000,9999.000,9999.000
202606141212,  -0.314,  -0.098,9999.000,9999.000,9999.000,9999.000,9999.000,9999.000,9999.000
202606141218,  -0.535,  -0.331,9999.000,9999.000,9999.000,9999.000,9999.000,9999.000,9999.000
202606141224,  -0.747,  -0.560,9999.000,9999.000,9999.000,9999.000,9999.000,9999.000,9999.000
202606141230,  -0.950,  -0.800,9999.000,9999.000,9999.000,9999.000,9999.000,9999.000,9999.000
202606141236,  -1.143,  -1.010,9999.000,9999.000,9999.000,9999.000,9999.000,9999.000,9999.000
202606141242,  -1.327,  -1.220,9999.000,9999.000,9999.000,9999.000,9999.000,9999.000,9999.000
202606141248,  -1.500,  -1.400,9999.000,9999.000,9999.000,9999.000,9999.000,9999.000,9999.000
202606141254,  -1.662,  -1.580,9999.000,9999.000,9999.000,9999.000,9999.000,9999.000,9999.000
202606141300,  -1.813,  -1.758,   0.000,   0.055,  -1.758,   0.000,  -1.758,   0.000,  -1.758
202606141306,  -1.952,  -1.908,9999.000,9999.000,9999.000,9999.000,9999.000,9999.000,9999.000
202606141312,  -2.079,  -2.040,9999.000,9999.000,9999.000,9999.000,9999.000,9999.000,9999.000
202606141318,  -2.193,  -2.158,9999.000,9999.000,9999.000,9999.000,9999.000,9999.000,9999.000
202606141324,  -2.295,  -2.269,9999.000,9999.000,9999.000,9999.000,9999.000,9999.000,9999.000
202606141330,  -2.385,  -2.358,9999.000,9999.000,9999.000,9999.000,9999.000,9999.000,9999.000
202606141336,  -2.461,  -2.440,9999.000,9999.000,9999.000,9999.000,9999.000,9999.000,9999.000
202606141342,  -2.524,  -2.519,9999.000,9999.000,9999.000,9999.000,9999.000,9999.000,9999.000
202606141348,  -2.574,  -2.578,9999.000,9999.000,9999.000,9999.000,9999.000,9999.000,9999.000
202606141354,  -2.611,  -2.640,9999.000,9999.000,9999.000,9999.000,9999.000,9999.000,9999.000
202606141400,  -2.634,  -2.689,   0.000,  -0.055,  -2.689,   0.000,  -2.689,   0.000,  -2.689
202606141406,  -2.644,  -2.728,9999.000,9999.000,9999.000,9999.000,9999.000,9999.000,9999.000
202606141412,  -2.641,  -2.758,9999.000,9999.000,9999.000,9999.000,9999.000,9999.000,9999.000
202606141418,  -2.625,  -2.787,9999.000,9999.000,9999.000,9999.000,9999.000,9999.000,9999.000
202606141424,  -2.595,  -2.820,9999.000,9999.000,9999.000,9999.000,9999.000,9999.000,9999.000
202606141430,  -2.553,  -2.850,9999.000,9999.000,9999.000,9999.000,9999.000,9999.000,9999.000
202606141436,  -2.498,  -2.860,9999.000,9999.000,9999.000,9999.000,9999.000,9999.000,9999.000
202606141442,  -2.431,  -2.830,9999.000,9999.000,9999.000,9999.000,9999.000,9999.000,9999.000
202606141448,  -2.351,  -2.768,9999.000,9999.000,9999.000,9999.000,9999.000,9999.000,9999.000
202606141454,  -2.260,  -2.709,9999.000,9999.000,9999.000,9999.000,9999.000,9999.000,9999.000
202606141500,  -2.157,  -2.630,   0.000,  -0.473,  -2.630,   0.000,  -2.630,   0.000,  -2.630
202606141506,  -2.044,  -2.538,9999.000,9999.000,9999.000,9999.000,9999.000,9999.000,9999.000
202606141512,  -1.920,  -2.410,9999.000,9999.000,9999.000,9999.000,9999.000,9999.000,9999.000
202606141518,  -1.785,  -2.230,9999.000,9999.000,9999.000,9999.000,9999.000,9999.000,9999.000
202606141524,  -1.641,  -2.000,9999.000,9999.000,9999.000,9999.000,9999.000,9999.000,9999.000
202606141530,  -1.488,  -1.758,9999.000,9999.000,9999.000,9999.000,9999.000,9999.000,9999.000
202606141536,  -1.326,  -1.489,9999.000,9999.000,9999.000,9999.000,9999.000,9999.000,9999.000
202606141542,  -1.156,  -1.190,9999.000,9999.000,9999.000,9999.000,9999.000,9999.000,9999.000
202606141548,  -0.978,  -0.888,9999.000,9999.000,9999.000,9999.000,9999.000,9999.000,9999.000
202606141554,  -0.794,  -0.619,9999.000,9999.000,9999.000,9999.000,9999.000,9999.000,9999.000
202606141600,  -0.603,  -0.380,   0.000,   0.223,  -0.380,   0.000,  -0.380,   0.000,  -0.380
202606141606,  -0.406,  -0.141,9999.000,9999.000,9999.000,9999.000,9999.000,9999.000,9999.000
202606141612,  -0.203,   0.078,9999.000,9999.000,9999.000,9999.000,9999.000,9999.000,9999.000
202606141618,   0.003,   0.331,9999.000,9999.000,9999.000,9999.000,9999.000,9999.000,9999.000
202606141624,   0.214,   0.551,9999.000,9999.000,9999.000,9999.000,9999.000,9999.000,9999.000
202606141630,   0.429,   0.770,9999.000,9999.000,9999.000,9999.000,9999.000,9999.000,9999.000
202606141636,   0.647,   0.990,9999.000,9999.000,9999.000,9999.000,9999.000,9999.000,9999.000
202606141642,   0.868,   1.220,9999.000,9999.000,9999.000,9999.000,9999.000,9999.000,9999.000
202606141648,   1.091,   1.420,9999.000,9999.000,9999.000,9999.000,9999.000,9999.000,9999.000
202606141654,   1.315,   1.600,9999.000,9999.000,9999.000,9999.000,9999.000,9999.000,9999.000
202606141700,   1.541,   1.800,   0.000,   0.259,   1.800,   0.000,   1.800,   0.000,   1.800
202606141706,   1.767,   2.020,9999.000,9999.000,9999.000,9999.000,9999.000,9999.000,9999.000
202606141712,   1.993,   2.200,9999.000,9999.000,9999.000,9999.000,9999.000,9999.000,9999.000
202606141718,   2.219,   2.377,9999.000,9999.000,9999.000,9999.000,9999.000,9999.000,9999.000
202606141724,   2.444,   2.558,9999.000,9999.000,9999.000,9999.000,9999.000,9999.000,9999.000
202606141730,   2.668,   2.758,9999.000,9999.000,9999.000,9999.000,9999.000,9999.000,9999.000
202606141736,   2.890,   2.968,9999.000,9999.000,9999.000,9999.000,9999.000,9999.000,9999.000
202606141742,   3.110,   3.197,9999.000,9999.000,9999.000,9999.000,9999.000,9999.000,9999.000
202606141748,   3.328,   3.398,9999.000,9999.000,9999.000,9999.000,9999.000,9999.000,9999.000
202606141754,   3.544,   3.588,9999.000,9999.000,9999.000,9999.000,9999.000,9999.000,9999.000
202606141800,   3.756,   3.788,   0.000,   0.032,   3.788,   0.000,   3.788,   0.000,   3.788
202606141806,   3.964,   3.998,9999.000,9999.000,9999.000,9999.000,9999.000,9999.000,9999.000
202606141812,   4.169,   4.188,9999.000,9999.000,9999.000,9999.000,9999.000,9999.000,9999.000
202606141818,   4.370,   4.388,9999.000,9999.000,9999.000,9999.000,9999.000,9999.000,9999.000
202606141824,   4.566,   4.569,9999.000,9999.000,9999.000,9999.000,9999.000,9999.000,9999.000
202606141830,   4.757,   4.749,9999.000,9999.000,9999.000,9999.000,9999.000,9999.000,9999.000
202606141836,   4.942,   4.910,9999.000,9999.000,9999.000,9999.000,9999.000,9999.000,9999.000
202606141842,   5.123,   5.057,9999.000,9999.000,9999.000,9999.000,9999.000,9999.000,9999.000
202606141848,   5.297,   5.218,9999.000,9999.000,9999.000,9999.000,9999.000,9999.000,9999.000
202606141854,   5.465,   5.359,9999.000,9999.000,9999.000,9999.000,9999.000,9999.000,9999.000
202606141900,   5.626,   5.497,   0.100,  -0.229,   5.497,   0.000,   5.397,   0.100,   5.497
202606141906,   5.781,   5.648,9999.000,9999.000,9999.000,9999.000,9999.000,9999.000,9999.000
202606141912,   5.928,   5.789,9999.000,9999.000,9999.000,9999.000,9999.000,9999.000,9999.000
202606141918,   6.068,   5.940,9999.000,9999.000,9999.000,9999.000,9999.000,9999.000,9999.000
202606141924,   6.200,   6.058,9999.000,9999.000,9999.000,9999.000,9999.000,9999.000,9999.000
202606141930,   6.324,   6.189,9999.000,9999.000,9999.000,9999.000,9999.000,9999.000,9999.000
202606141936,   6.439,   6.317,9999.000,9999.000,9999.000,9999.000,9999.000,9999.000,9999.000
202606141942,   6.547,   6.428,9999.000,9999.000,9999.000,9999.000,9999.000,9999.000,9999.000
202606141948,   6.645,   6.537,9999.000,9999.000,9999.000,9999.000,9999.000,9999.000,9999.000
202606141954,   6.735,   6.638,9999.000,9999.000,9999.000,9999.000,9999.000,9999.000,9999.000
202606142000,   6.816,   6.737,   0.000,  -0.079,   6.737,   0.000,   6.737,   0.100,   6.837
202606142006,   6.888,   6.828,9999.000,9999.000,9999.000,9999.000,9999.000,9999.000,9999.000
202606142012,   6.951,   6.907,9999.000,9999.000,9999.000,9999.000,9999.000,9999.000,9999.000
202606142018,   7.005,   6.966,9999.000,9999.000,9999.000,9999.000,9999.000,9999.000,9999.000
202606142024,   7.049,   7.019,9999.000,9999.000,9999.000,9999.000,9999.000,9999.000,9999.000
202606142030,   7.085,   7.068,9999.000,9999.000,9999.000,9999.000,9999.000,9999.000,9999.000
202606142036,   7.111,   7.107,9999.000,9999.000,9999.000,9999.000,9999.000,9999.000,9999.000
202606142042,   7.128,   7.137,9999.000,9999.000,9999.000,9999.000,9999.000,9999.000,9999.000
202606142048,   7.136,   7.166,9999.000,9999.000,9999.000,9999.000,9999.000,9999.000,9999.000
202606142054,   7.136,   7.176,9999.000,9999.000,9999.000,9999.000,9999.000,9999.000,9999.000
202606142100,   7.126,   7.166,   0.000,   0.040,   7.166,   0.000,   7.166,   0.100,   7.266
202606142106,   7.109,   7.166,9999.000,9999.000,9999.000,9999.000,9999.000,9999.000,9999.000
202606142112,   7.083,   7.156,9999.000,9999.000,9999.000,9999.000,9999.000,9999.000,9999.000
202606142118,   7.048,   7.127,9999.000,9999.000,9999.000,9999.000,9999.000,9999.000,9999.000
202606142124,   7.007,   7.088,9999.000,9999.000,9999.000,9999.000,9999.000,9999.000,9999.000
202606142130,   6.957,   7.038,9999.000,9999.000,9999.000,9999.000,9999.000,9999.000,9999.000
202606142136,   6.900,   6.979,9999.000,9999.000,9999.000,9999.000,9999.000,9999.000,9999.000
202606142142,   6.836,   6.917,9999.000,9999.000,9999.000,9999.000,9999.000,9999.000,9999.000
202606142148,   6.766,   6.838,9999.000,9999.000,9999.000,9999.000,9999.000,9999.000,9999.000
202606142154,   6.688,   6.766,9999.000,9999.000,9999.000,9999.000,9999.000,9999.000,9999.000
202606142200,   6.605,   6.697,   0.000,   0.092,   6.697,   0.000,   6.697,   0.000,   6.697
202606142206,   6.516,   6.599,9999.000,9999.000,9999.000,9999.000,9999.000,9999.000,9999.000
202606142212,   6.421,   6.487,9999.000,9999.000,9999.000,9999.000,9999.000,9999.000,9999.000
202606142218,   6.321,   6.379,9999.000,9999.000,9999.000,9999.000,9999.000,9999.000,9999.000
202606142224,   6.217,   6.248,9999.000,9999.000,9999.000,9999.000,9999.000,9999.000,9999.000
202606142230,   6.107,   6.149,9999.000,9999.000,9999.000,9999.000,9999.000,9999.000,9999.000
202606142236,   5.994,   6.038,9999.000,9999.000,9999.000,9999.000,9999.000,9999.000,9999.000
202606142242,   5.877,   5.949,9999.000,9999.000,9999.000,9999.000,9999.000,9999.000,9999.000
202606142248,   5.756,   5.838,9999.000,9999.000,9999.000,9999.000,9999.000,9999.000,9999.000
202606142254,   5.632,   5.739,9999.000,9999.000,9999.000,9999.000,9999.000,9999.000,9999.000
202606142300,   5.506,   5.589,   0.100,  -0.017,   5.589,   0.000,   5.489,   0.100,   5.589
202606142306,   5.378,   5.467,9999.000,9999.000,9999.000,9999.000,9999.000,9999.000,9999.000
202606142312,   5.247,   5.339,9999.000,9999.000,9999.000,9999.000,9999.000,9999.000,9999.000
202606142318,   5.116,   5.188,9999.000,9999.000,9999.000,9999.000,9999.000,9999.000,9999.000
202606142324,   4.983,   5.057,9999.000,9999.000,9999.000,9999.000,9999.000,9999.000,9999.000
202606142330,   4.850,   4.949,9999.000,9999.000,9999.000,9999.000,9999.000,9999.000,9999.000
202606142336,   4.717,   4.818,9999.000,9999.000,9999.000,9999.000,9999.000,9999.000,9999.000
202606142342,   4.585,   4.690,9999.000,9999.000,9999.000,9999.000,9999.000,9999.000,9999.000
202606142348,   4.453,   4.569,9999.000,9999.000,9999.000,9999.000,9999.000,9999.000,9999.000
202606142354,   4.323,   4.447,9999.000,9999.000,9999.000,9999.000,9999.000,9999.000,9999.000
202606150000,   4.195,   4.359,   0.300,  -0.136,   4.359,   0.300,   4.359,   0.300,   4.359
202606150006,   4.069,   4.237,9999.000,9999.000,9999.000,9999.000,9999.000,9999.000,9999.000
202606150012,   3.947,   4.109,9999.000,9999.000,9999.000,9999.000,9999.000,9999.000,9999.000
202606150018,   3.827,   3.988,9999.000,9999.000,9999.000,9999.000,9999.000,9999.000,9999.000
202606150024,   3.712,   3.880,9999.000,9999.000,9999.000,9999.000,9999.000,9999.000,9999.000
202606150030,   3.601,   3.768,9999.000,9999.000,9999.000,9999.000,9999.000,9999.000,9999.000
202606150036,   3.496,   3.650,9999.000,9999.000,9999.000,9999.000,9999.000,9999.000,9999.000
202606150042,   3.395,   3.548,9999.000,9999.000,9999.000,9999.000,9999.000,9999.000,9999.000
202606150048,   3.301,   3.470,9999.000,9999.000,9999.000,9999.000,9999.000,9999.000,9999.000
202606150054,   3.213,   3.398,9999.000,9999.000,9999.000,9999.000,9999.000,9999.000,9999.000
202606150100,   3.132,   3.319,   0.200,  -0.013,   3.319,   0.200,   3.319,   0.300,   3.419
202606150106,   3.058,   3.240,9999.000,9999.000,9999.000,9999.000,9999.000,9999.000,9999.000
202606150112,   2.992,   3.178,9999.000,9999.000,9999.000,9999.000,9999.000,9999.000,9999.000
202606150118,   2.934,   3.109,9999.000,9999.000,9999.000,9999.000,9999.000,9999.000,9999.000
202606150124,   2.884,   3.079,9999.000,9999.000,9999.000,9999.000,9999.000,9999.000,9999.000
202606150130,   2.843,   3.050,9999.000,9999.000,9999.000,9999.000,9999.000,9999.000,9999.000
202606150136,   2.811,   3.017,9999.000,9999.000,9999.000,9999.000,9999.000,9999.000,9999.000
202606150142,   2.789,   2.997,9999.000,9999.000,9999.000,9999.000,9999.000,9999.000,9999.000
202606150148,   2.775,   2.988,9999.000,9999.000,9999.000,9999.000,9999.000,9999.000,9999.000
202606150154,   2.772,   2.988,9999.000,9999.000,9999.000,9999.000,9999.000,9999.000,9999.000
202606150200,   2.778,   2.997,   0.200,   0.019,   2.997,   0.200,   2.997,   0.200,   2.997
202606150206,   2.794,   3.007,9999.000,9999.000,9999.000,9999.000,9999.000,9999.000,9999.000
202606150212,   2.820,   3.040,9999.000,9999.000,9999.000,9999.000,9999.000,9999.000,9999.000
202606150218,   2.856,   3.070,9999.000,9999.000,9999.000,9999.000,9999.000,9999.000,9999.000
202606150224,   2.903,   3.119,9999.000,9999.000,9999.000,9999.000,9999.000,9999.000,9999.000
202606150230,   2.959,   3.168,9999.000,9999.000,9999.000,9999.000,9999.000,9999.000,9999.000
202606150236,   3.025,   3.250,9999.000,9999.000,9999.000,9999.000,9999.000,9999.000,9999.000
202606150242,   3.101,   3.329,9999.000,9999.000,9999.000,9999.000,9999.000,9999.000,9999.000
202606150248,   3.186,   3.440,9999.000,9999.000,9999.000,9999.000,9999.000,9999.000,9999.000
202606150254,   3.281,   3.539,9999.000,9999.000,9999.000,9999.000,9999.000,9999.000,9999.000
202606150300,   3.385,   3.627,   0.300,  -0.058,   3.627,   0.200,   3.527,   0.300,   3.627
202606150306,   3.498,   3.729,9999.000,9999.000,9999.000,9999.000,9999.000,9999.000,9999.000
202606150312,   3.620,   3.827,9999.000,9999.000,9999.000,9999.000,9999.000,9999.000,9999.000
202606150318,   3.750,   3.958,9999.000,9999.000,9999.000,9999.000,9999.000,9999.000,9999.000
202606150324,   3.887,   4.070,9999.000,9999.000,9999.000,9999.000,9999.000,9999.000,9999.000
202606150330,   4.032,   4.208,9999.000,9999.000,9999.000,9999.000,9999.000,9999.000,9999.000
202606150336,   4.184,   4.359,9999.000,9999.000,9999.000,9999.000,9999.000,9999.000,9999.000
202606150342,   4.343,   4.509,9999.000,9999.000,9999.000,9999.000,9999.000,9999.000,9999.000
202606150348,   4.507,   4.657,9999.000,9999.000,9999.000,9999.000,9999.000,9999.000,9999.000
202606150354,   4.677,   4.798,9999.000,9999.000,9999.000,9999.000,9999.000,9999.000,9999.000
202606150400,   4.852,   4.959,   0.300,  -0.193,   4.959,   0.300,   4.959,   0.300,   4.959
202606150406,   5.032,   5.120,9999.000,9999.000,9999.000,9999.000,9999.000,9999.000,9999.000
202606150412,   5.215,   5.287,9999.000,9999.000,9999.000,9999.000,9999.000,9999.000,9999.000
202606150418,   5.401,   5.477,9999.000,9999.000,9999.000,9999.000,9999.000,9999.000,9999.000
202606150424,   5.591,   5.638,9999.000,9999.000,9999.000,9999.000,9999.000,9999.000,9999.000
202606150430,   5.782,   5.818,9999.000,9999.000,9999.000,9999.000,9999.000,9999.000,9999.000
202606150436,   5.975,   5.999,9999.000,9999.000,9999.000,9999.000,9999.000,9999.000,9999.000
202606150442,   6.169,   6.199,9999.000,9999.000,9999.000,9999.000,9999.000,9999.000,9999.000
202606150448,   6.363,   6.389,9999.000,9999.000,9999.000,9999.000,9999.000,9999.000,9999.000
202606150454,   6.558,   6.589,9999.000,9999.000,9999.000,9999.000,9999.000,9999.000,9999.000
202606150500,   6.751,   6.789,   0.300,  -0.262,   6.789,   0.300,   6.789,   0.300,   6.789
202606150506,   6.944,   6.989,9999.000,9999.000,9999.000,9999.000,9999.000,9999.000,9999.000
202606150512,   7.135,   7.176,9999.000,9999.000,9999.000,9999.000,9999.000,9999.000,9999.000
202606150518,   7.324,   7.376,9999.000,9999.000,9999.000,9999.000,9999.000,9999.000,9999.000
202606150524,   7.510,   7.566,9999.000,9999.000,9999.000,9999.000,9999.000,9999.000,9999.000
202606150530,   7.693,   7.747,9999.000,9999.000,9999.000,9999.000,9999.000,9999.000,9999.000
202606150536,   7.873,   7.947,9999.000,9999.000,9999.000,9999.000,9999.000,9999.000,9999.000
202606150542,   8.049,   8.147,9999.000,9999.000,9999.000,9999.000,9999.000,9999.000,9999.000
202606150548,   8.220,   8.347,9999.000,9999.000,9999.000,9999.000,9999.000,9999.000,9999.000
202606150554,   8.387,   8.537,9999.000,9999.000,9999.000,9999.000,9999.000,9999.000,9999.000
202606150600,   8.548,   8.718,   0.300,  -0.130,   8.718,   0.300,   8.718,   0.300,   8.718
202606150606,   8.704,   8.898,9999.000,9999.000,9999.000,9999.000,9999.000,9999.000,9999.000
202606150612,   8.855,   9.056,9999.000,9999.000,9999.000,9999.000,9999.000,9999.000,9999.000
202606150618,   8.999,   9.187,9999.000,9999.000,9999.000,9999.000,9999.000,9999.000,9999.000
202606150624,   9.136,   9.338,9999.000,9999.000,9999.000,9999.000,9999.000,9999.000,9999.000
202606150630,   9.267,   9.456,9999.000,9999.000,9999.000,9999.000,9999.000,9999.000,9999.000
202606150636,   9.391,   9.587,9999.000,9999.000,9999.000,9999.000,9999.000,9999.000,9999.000
202606150642,   9.507,   9.708,9999.000,9999.000,9999.000,9999.000,9999.000,9999.000,9999.000
202606150648,   9.615,   9.836,9999.000,9999.000,9999.000,9999.000,9999.000,9999.000,9999.000
202606150654,   9.715,   9.948,9999.000,9999.000,9999.000,9999.000,9999.000,9999.000,9999.000
202606150700,   9.807,  10.056,   0.300,  -0.051,  10.056,   0.300,  10.056,   0.300,  10.056
202606150706,   9.890,  10.148,9999.000,9999.000,9999.000,9999.000,9999.000,9999.000,9999.000
202606150712,   9.964,  10.207,9999.000,9999.000,9999.000,9999.000,9999.000,9999.000,9999.000
202606150718,  10.028,  10.266,9999.000,9999.000,9999.000,9999.000,9999.000,9999.000,9999.000
202606150724,  10.083,  10.305,9999.000,9999.000,9999.000,9999.000,9999.000,9999.000,9999.000
202606150730,  10.128,  10.338,9999.000,9999.000,9999.000,9999.000,9999.000,9999.000,9999.000
202606150736,  10.163,  10.377,9999.000,9999.000,9999.000,9999.000,9999.000,9999.000,9999.000
202606150742,  10.188,  10.397,9999.000,9999.000,9999.000,9999.000,9999.000,9999.000,9999.000
202606150748,  10.202,  10.407,9999.000,9999.000,9999.000,9999.000,9999.000,9999.000,9999.000
202606150754,  10.205,  10.417,9999.000,9999.000,9999.000,9999.000,9999.000,9999.000,9999.000
202606150800,  10.197,  10.407,   0.300,  -0.090,  10.407,   0.300,  10.407,   0.300,  10.407
202606150806,  10.178,  10.387,9999.000,9999.000,9999.000,9999.000,9999.000,9999.000,9999.000
202606150812,  10.147,  10.338,9999.000,9999.000,9999.000,9999.000,9999.000,9999.000,9999.000
202606150818,  10.105,  10.266,9999.000,9999.000,9999.000,9999.000,9999.000,9999.000,9999.000
202606150824,  10.052,  10.197,9999.000,9999.000,9999.000,9999.000,9999.000,9999.000,9999.000
202606150830,   9.987,  10.095,9999.000,9999.000,9999.000,9999.000,9999.000,9999.000,9999.000
202606150836,   9.911,   9.987,9999.000,9999.000,9999.000,9999.000,9999.000,9999.000,9999.000
202606150842,   9.823,   9.885,9999.000,9999.000,9999.000,9999.000,9999.000,9999.000,9999.000
202606150848,   9.724,   9.777,9999.000,9999.000,9999.000,9999.000,9999.000,9999.000,9999.000
202606150854,   9.613,   9.675,9999.000,9999.000,9999.000,9999.000,9999.000,9999.000,9999.000
202606150900,   9.491,   9.557,   0.300,  -0.234,   9.557,   0.300,   9.557,   0.300,   9.557
202606150906,   9.358,   9.436,9999.000,9999.000,9999.000,9999.000,9999.000,9999.000,9999.000
202606150912,   9.214,   9.298,9999.000,9999.000,9999.000,9999.000,9999.000,9999.000,9999.000
202606150918,   9.059,   9.147,9999.000,9999.000,9999.000,9999.000,9999.000,9999.000,9999.000
202606150924,   8.894,   8.987,9999.000,9999.000,9999.000,9999.000,9999.000,9999.000,9999.000
202606150930,   8.719,   8.806,9999.000,9999.000,9999.000,9999.000,9999.000,9999.000,9999.000
202606150936,   8.534,   8.616,9999.000,9999.000,9999.000,9999.000,9999.000,9999.000,9999.000
202606150942,   8.339,   8.416,9999.000,9999.000,9999.000,9999.000,9999.000,9999.000,9999.000
202606150948,   8.136,   8.206,9999.000,9999.000,9999.000,9999.000,9999.000,9999.000,9999.000
202606150954,   7.923,   8.006,9999.000,9999.000,9999.000,9999.000,9999.000,9999.000,9999.000
202606151000,   7.702,   7.786,   0.300,  -0.216,   7.786,   0.300,   7.786,   0.300,   7.786
202606151006,   7.473,   7.576,9999.000,9999.000,9999.000,9999.000,9999.000,9999.000,9999.000
202606151012,   7.236,   7.347,9999.000,9999.000,9999.000,9999.000,9999.000,9999.000,9999.000
202606151018,   6.992,   7.127,9999.000,9999.000,9999.000,9999.000,9999.000,9999.000,9999.000
202606151024,   6.741,   6.897,9999.000,9999.000,9999.000,9999.000,9999.000,9999.000,9999.000
202606151030,   6.484,   6.678,9999.000,9999.000,9999.000,9999.000,9999.000,9999.000,9999.000
202606151036,   6.221,   6.458,9999.000,9999.000,9999.000,9999.000,9999.000,9999.000,9999.000
202606151042,   5.953,   6.238,9999.000,9999.000,9999.000,9999.000,9999.000,9999.000,9999.000
202606151048,   5.680,   5.999,9999.000,9999.000,9999.000,9999.000,9999.000,9999.000,9999.000
202606151054,   5.402,   5.759,9999.000,9999.000,9999.000,9999.000,9999.000,9999.000,9999.000
202606151100,   5.120,   5.507,   0.300,   0.087,   5.507,   0.300,   5.507,   0.300,   5.507
202606151106,   4.835,   5.257,9999.000,9999.000,9999.000,9999.000,9999.000,9999.000,9999.000
202606151112,   4.547,   4.998,9999.000,9999.000,9999.000,9999.000,9999.000,9999.000,9999.000
202606151118,   4.257,   4.719,9999.000,9999.000,9999.000,9999.000,9999.000,9999.000,9999.000
202606151124,   3.964,   4.457,9999.000,9999.000,9999.000,9999.000,9999.000,9999.000,9999.000
202606151130,   3.670,   4.188,9999.000,9999.000,9999.000,9999.000,9999.000,9999.000,9999.000
202606151136,   3.376,   3.939,9999.000,9999.000,9999.000,9999.000,9999.000,9999.000,9999.000
202606151142,   3.081,   3.680,9999.000,9999.000,9999.000,9999.000,9999.000,9999.000,9999.000
202606151148,   2.786,   3.417,9999.000,9999.000,9999.000,9999.000,9999.000,9999.000,9999.000
202606151154,   2.493,   3.168,9999.000,9999.000,9999.000,9999.000,9999.000,9999.000,9999.000
202606151200,   2.200,   2.919,   0.300,   0.419,   2.919,   0.200,   2.819,   0.300,   2.919
202606151206,   1.911,   2.630,9999.000,9999.000,9999.000,9999.000,9999.000,9999.000,9999.000
202606151212,   1.623,   2.348,9999.000,9999.000,9999.000,9999.000,9999.000,9999.000,9999.000
202606151218,   1.339,   2.059,9999.000,9999.000,9999.000,9999.000,9999.000,9999.000,9999.000
202606151224,   1.059,   1.781,9999.000,9999.000,9999.000,9999.000,9999.000,9999.000,9999.000
202606151230,   0.784,   1.489,9999.000,9999.000,9999.000,9999.000,9999.000,9999.000,9999.000
202606151236,   0.514,   1.210,9999.000,9999.000,9999.000,9999.000,9999.000,9999.000,9999.000
202606151242,   0.250,   0.928,9999.000,9999.000,9999.000,9999.000,9999.000,9999.000,9999.000
202606151248,  -0.007,   0.639,9999.000,9999.000,9999.000,9999.000,9999.000,9999.000,9999.000
202606151254,  -0.257,   0.350,9999.000,9999.000,9999.000,9999.000,9999.000,9999.000,9999.000
202606151300,  -0.500,   0.088,   0.200,   0.388,   0.088,   0.200,   0.088,   0.200,   0.088
202606151306,  -0.735,  -0.170,9999.000,9999.000,9999.000,9999.000,9999.000,9999.000,9999.000
202606151312,  -0.960,  -0.439,9999.000,9999.000,9999.000,9999.000,9999.000,9999.000,9999.000
202606151318,  -1.176,  -0.718,9999.000,9999.000,9999.000,9999.000,9999.000,9999.000,9999.000
202606151324,  -1.382,  -0.961,9999.000,9999.000,9999.000,9999.000,9999.000,9999.000,9999.000
202606151330,  -1.578,  -1.170,9999.000,9999.000,9999.000,9999.000,9999.000,9999.000,9999.000
202606151336,  -1.763,  -1.348,9999.000,9999.000,9999.000,9999.000,9999.000,9999.000,9999.000
202606151342,  -1.936,  -1.518,9999.000,9999.000,9999.000,9999.000,9999.000,9999.000,9999.000
202606151348,  -2.097,  -1.708,9999.000,9999.000,9999.000,9999.000,9999.000,9999.000,9999.000
202606151354,  -2.245,  -1.869,9999.000,9999.000,9999.000,9999.000,9999.000,9999.000,9999.000
202606151400,  -2.381,  -2.020,   0.200,   0.161,  -2.020,   0.200,  -2.020,   0.300,  -1.920
202606151406,  -2.505,  -2.138,9999.000,9999.000,9999.000,9999.000,9999.000,9999.000,9999.000
202606151412,  -2.614,  -2.250,9999.000,9999.000,9999.000,9999.000,9999.000,9999.000,9999.000
202606151418,  -2.710,  -2.348,9999.000,9999.000,9999.000,9999.000,9999.000,9999.000,9999.000
202606151424,  -2.793,  -2.430,9999.000,9999.000,9999.000,9999.000,9999.000,9999.000,9999.000
202606151430,  -2.861,  -2.509,9999.000,9999.000,9999.000,9999.000,9999.000,9999.000,9999.000
202606151436,  -2.916,  -2.578,9999.000,9999.000,9999.000,9999.000,9999.000,9999.000,9999.000
202606151442,  -2.956,  -2.630,9999.000,9999.000,9999.000,9999.000,9999.000,9999.000,9999.000
202606151448,  -2.982,  -2.679,9999.000,9999.000,9999.000,9999.000,9999.000,9999.000,9999.000
202606151454,  -2.994,  -2.719,9999.000,9999.000,9999.000,9999.000,9999.000,9999.000,9999.000
202606151500,  -2.992,  -2.758,   0.200,   0.034,  -2.758,   0.200,  -2.758,   0.300,  -2.658
202606151506,  -2.976,  -2.787,9999.000,9999.000,9999.000,9999.000,9999.000,9999.000,9999.000
202606151512,  -2.946,  -2.820,9999.000,9999.000,9999.000,9999.000,9999.000,9999.000,9999.000
202606151518,  -2.903,  -2.850,9999.000,9999.000,9999.000,9999.000,9999.000,9999.000,9999.000
202606151524,  -2.846,  -2.869,9999.000,9999.000,9999.000,9999.000,9999.000,9999.000,9999.000
202606151530,  -2.776,  -2.889,9999.000,9999.000,9999.000,9999.000,9999.000,9999.000,9999.000
202606151536,  -2.694,  -2.889,9999.000,9999.000,9999.000,9999.000,9999.000,9999.000,9999.000
202606151542,  -2.599,  -2.850,9999.000,9999.000,9999.000,9999.000,9999.000,9999.000,9999.000
202606151548,  -2.492,  -2.778,9999.000,9999.000,9999.000,9999.000,9999.000,9999.000,9999.000
202606151554,  -2.373,  -2.689,9999.000,9999.000,9999.000,9999.000,9999.000,9999.000,9999.000
202606151600,  -2.243,  -2.558,   0.200,  -0.515,  -2.558,   0.200,  -2.558,   0.300,  -2.458
202606151606,  -2.103,  -2.368,9999.000,9999.000,9999.000,9999.000,9999.000,9999.000,9999.000
202606151612,  -1.953,  -2.118,9999.000,9999.000,9999.000,9999.000,9999.000,9999.000,9999.000
202606151618,  -1.792,  -1.800,9999.000,9999.000,9999.000,9999.000,9999.000,9999.000,9999.000
202606151624,  -1.623,  -1.518,9999.000,9999.000,9999.000,9999.000,9999.000,9999.000,9999.000
202606151630,  -1.446,  -1.269,9999.000,9999.000,9999.000,9999.000,9999.000,9999.000,9999.000
202606151636,  -1.260,  -1.020,9999.000,9999.000,9999.000,9999.000,9999.000,9999.000,9999.000
202606151642,  -1.067,  -0.741,9999.000,9999.000,9999.000,9999.000,9999.000,9999.000,9999.000
202606151648,  -0.867,  -0.449,9999.000,9999.000,9999.000,9999.000,9999.000,9999.000,9999.000
202606151654,  -0.662,  -0.190,9999.000,9999.000,9999.000,9999.000,9999.000,9999.000,9999.000
202606151700,  -0.450,   0.059,   0.200,   0.309,   0.059,   0.200,   0.059,   0.200,   0.059
202606151706,  -0.234,   0.308,9999.000,9999.000,9999.000,9999.000,9999.000,9999.000,9999.000
202606151712,  -0.013,   0.551,9999.000,9999.000,9999.000,9999.000,9999.000,9999.000,9999.000
202606151718,   0.210,   0.760,9999.000,9999.000,9999.000,9999.000,9999.000,9999.000,9999.000
202606151724,   0.438,   1.010,9999.000,9999.000,9999.000,9999.000,9999.000,9999.000,9999.000
202606151730,   0.669,   1.239,9999.000,9999.000,9999.000,9999.000,9999.000,9999.000,9999.000
202606151736,   0.902,   1.479,9999.000,9999.000,9999.000,9999.000,9999.000,9999.000,9999.000
202606151742,   1.136,   1.718,9999.000,9999.000,9999.000,9999.000,9999.000,9999.000,9999.000
202606151748,   1.372,   1.958,9999.000,9999.000,9999.000,9999.000,9999.000,9999.000,9999.000
202606151754,   1.608,   2.158,9999.000,9999.000,9999.000,9999.000,9999.000,9999.000,9999.000
202606151800,   1.845,   2.358,   0.300,   0.213,   2.358,   0.300,   2.358,   0.300,   2.358
202606151806,   2.081,   2.558,9999.000,9999.000,9999.000,9999.000,9999.000,9999.000,9999.000
202606151812,   2.317,   2.768,9999.000,9999.000,9999.000,9999.000,9999.000,9999.000,9999.000
202606151818,   2.552,   2.978,9999.000,9999.000,9999.000,9999.000,9999.000,9999.000,9999.000
202606151824,   2.786,   3.197,9999.000,9999.000,9999.000,9999.000,9999.000,9999.000,9999.000
202606151830,   3.017,   3.427,9999.000,9999.000,9999.000,9999.000,9999.000,9999.000,9999.000
202606151836,   3.247,   3.650,9999.000,9999.000,9999.000,9999.000,9999.000,9999.000,9999.000
202606151842,   3.474,   3.837,9999.000,9999.000,9999.000,9999.000,9999.000,9999.000,9999.000
202606151848,   3.698,   4.037,9999.000,9999.000,9999.000,9999.000,9999.000,9999.000,9999.000
202606151854,   3.918,   4.208,9999.000,9999.000,9999.000,9999.000,9999.000,9999.000,9999.000
202606151900,   4.135,   4.398,   0.300,  -0.037,   4.398,   0.300,   4.398,   0.300,   4.398
202606151906,   4.347,   4.588,9999.000,9999.000,9999.000,9999.000,9999.000,9999.000,9999.000
202606151912,   4.556,   4.769,9999.000,9999.000,9999.000,9999.000,9999.000,9999.000,9999.000
202606151918,   4.759,   4.959,9999.000,9999.000,9999.000,9999.000,9999.000,9999.000,9999.000
202606151924,   4.957,   5.139,9999.000,9999.000,9999.000,9999.000,9999.000,9999.000,9999.000
202606151930,   5.150,   5.320,9999.000,9999.000,9999.000,9999.000,9999.000,9999.000,9999.000
202606151936,   5.336,   5.497,9999.000,9999.000,9999.000,9999.000,9999.000,9999.000,9999.000
202606151942,   5.517,   5.677,9999.000,9999.000,9999.000,9999.000,9999.000,9999.000,9999.000
202606151948,   5.691,   5.828,9999.000,9999.000,9999.000,9999.000,9999.000,9999.000,9999.000
202606151954,   5.858,   5.999,9999.000,9999.000,9999.000,9999.000,9999.000,9999.000,9999.000
202606152000,   6.017,   6.169,   0.300,  -0.148,   6.169,   0.300,   6.169,   0.300,   6.169
202606152006,   6.169,   6.317,9999.000,9999.000,9999.000,9999.000,9999.000,9999.000,9999.000
202606152012,   6.313,   6.458,9999.000,9999.000,9999.000,9999.000,9999.000,9999.000,9999.000
202606152018,   6.449,   6.599,9999.000,9999.000,9999.000,9999.000,9999.000,9999.000,9999.000
202606152024,   6.576,   6.737,9999.000,9999.000,9999.000,9999.000,9999.000,9999.000,9999.000
202606152030,   6.695,   6.878,9999.000,9999.000,9999.000,9999.000,9999.000,9999.000,9999.000
202606152036,   6.805,   6.979,9999.000,9999.000,9999.000,9999.000,9999.000,9999.000,9999.000
202606152042,   6.905,   7.078,9999.000,9999.000,9999.000,9999.000,9999.000,9999.000,9999.000
202606152048,   6.996,   7.166,9999.000,9999.000,9999.000,9999.000,9999.000,9999.000,9999.000
202606152054,   7.078,   7.248,9999.000,9999.000,9999.000,9999.000,9999.000,9999.000,9999.000
202606152100,   7.150,   7.337,   0.300,  -0.113,   7.337,   0.200,   7.237,   0.300,   7.337
202606152106,   7.213,   7.429,9999.000,9999.000,9999.000,9999.000,9999.000,9999.000,9999.000
202606152112,   7.266,   7.498,9999.000,9999.000,9999.000,9999.000,9999.000,9999.000,9999.000
202606152118,   7.309,   7.547,9999.000,9999.000,9999.000,9999.000,9999.000,9999.000,9999.000
202606152124,   7.342,   7.596,9999.000,9999.000,9999.000,9999.000,9999.000,9999.000,9999.000
202606152130,   7.366,   7.639,9999.000,9999.000,9999.000,9999.000,9999.000,9999.000,9999.000
202606152136,   7.380,   7.668,9999.000,9999.000,9999.000,9999.000,9999.000,9999.000,9999.000
202606152142,   7.385,   7.668,9999.000,9999.000,9999.000,9999.000,9999.000,9999.000,9999.000
202606152148,   7.381,   7.648,9999.000,9999.000,9999.000,9999.000,9999.000,9999.000,9999.000
202606152154,   7.367,   7.629,9999.000,9999.000,9999.000,9999.000,9999.000,9999.000,9999.000
202606152200,   7.345,   7.586,   0.300,  -0.059,   7.586,   0.300,   7.586,   0.300,   7.586
202606152206,   7.313,   7.557,9999.000,9999.000,9999.000,9999.000,9999.000,9999.000,9999.000
202606152212,   7.274,   7.537,9999.000,9999.000,9999.000,9999.000,9999.000,9999.000,9999.000
202606152218,   7.226,   7.488,9999.000,9999.000,9999.000,9999.000,9999.000,9999.000,9999.000
202606152224,   7.170,   7.429,9999.000,9999.000,9999.000,9999.000,9999.000,9999.000,9999.000
202606152230,   7.106,   7.357,9999.000,9999.000,9999.000,9999.000,9999.000,9999.000,9999.000
202606152236,   7.035,   7.278,9999.000,9999.000,9999.000,9999.000,9999.000,9999.000,9999.000
202606152242,   6.957,   7.199,9999.000,9999.000,9999.000,9999.000,9999.000,9999.000,9999.000
202606152248,   6.872,   7.097,9999.000,9999.000,9999.000,9999.000,9999.000,9999.000,9999.000
202606152254,   6.781,   6.999,9999.000,9999.000,9999.000,9999.000,9999.000,9999.000,9999.000
202606152300,   6.683,   6.887,   0.300,  -0.096,   6.887,   0.300,   6.887,   0.300,   6.887
202606152306,   6.580,   6.789,9999.000,9999.000,9999.000,9999.000,9999.000,9999.000,9999.000
202606152312,   6.471,   6.687,9999.000,9999.000,9999.000,9999.000,9999.000,9999.000,9999.000
202606152318,   6.358,   6.589,9999.000,9999.000,9999.000,9999.000,9999.000,9999.000,9999.000
202606152324,   6.239,   6.458,9999.000,9999.000,9999.000,9999.000,9999.000,9999.000,9999.000
202606152330,   6.116,   6.317,9999.000,9999.000,9999.000,9999.000,9999.000,9999.000,9999.000
202606152336,   5.990,   6.189,9999.000,9999.000,9999.000,9999.000,9999.000,9999.000,9999.000
202606152342,   5.859,   6.058,9999.000,9999.000,9999.000,9999.000,9999.000,9999.000,9999.000
202606152348,   5.726,   5.926,9999.000,9999.000,9999.000,9999.000,9999.000,9999.000,9999.000
202606152354,   5.590,   5.808,9999.000,9999.000,9999.000,9999.000,9999.000,9999.000,9999.000
202606160000,   5.451,   5.677,   0.400,  -0.174,   5.677,   0.400,   5.677,   0.400,   5.677
202606160006,   5.311,   5.559,9999.000,9999.000,9999.000,9999.000,9999.000,9999.000,9999.000
202606160012,   5.170,   5.418,9999.000,9999.000,9999.000,9999.000,9999.000,9999.000,9999.000
202606160018,   5.027,   5.277,9999.000,9999.000,9999.000,9999.000,9999.000,9999.000,9999.000
202606160024,   4.884,   5.159,9999.000,9999.000,9999.000,9999.000,9999.000,9999.000,9999.000
202606160030,   4.742,   5.028,9999.000,9999.000,9999.000,9999.000,9999.000,9999.000,9999.000
202606160036,   4.600,   4.900,9999.000,9999.000,9999.000,9999.000,9999.000,9999.000,9999.000
202606160042,   4.459,   4.759,9999.000,9999.000,9999.000,9999.000,9999.000,9999.000,9999.000
202606160048,   4.320,   4.608,9999.000,9999.000,9999.000,9999.000,9999.000,9999.000,9999.000
202606160054,   4.183,   4.467,9999.000,9999.000,9999.000,9999.000,9999.000,9999.000,9999.000
202606160100,   4.048,   4.339,   0.400,  -0.109,   4.339,   0.400,   4.339,   0.400,   4.339
202606160106,   3.918,   4.198,9999.000,9999.000,9999.000,9999.000,9999.000,9999.000,9999.000
202606160112,   3.791,   4.099,9999.000,9999.000,9999.000,9999.000,9999.000,9999.000,9999.000
202606160118,   3.668,   3.978,9999.000,9999.000,9999.000,9999.000,9999.000,9999.000,9999.000
202606160124,   3.550,   3.870,9999.000,9999.000,9999.000,9999.000,9999.000,9999.000,9999.000
202606160130,   3.438,   3.749,9999.000,9999.000,9999.000,9999.000,9999.000,9999.000,9999.000
202606160136,   3.332,   3.650,9999.000,9999.000,9999.000,9999.000,9999.000,9999.000,9999.000
202606160142,   3.232,   3.548,9999.000,9999.000,9999.000,9999.000,9999.000,9999.000,9999.000
202606160148,   3.140,   3.460,9999.000,9999.000,9999.000,9999.000,9999.000,9999.000,9999.000
202606160154,   3.054,   3.368,9999.000,9999.000,9999.000,9999.000,9999.000,9999.000,9999.000
202606160200,   2.977,   3.289,   0.400,  -0.088,   3.289,   0.400,   3.289,   0.400,   3.289
202606160206,   2.908,   3.207,9999.000,9999.000,9999.000,9999.000,9999.000,9999.000,9999.000
202606160212,   2.848,   3.158,9999.000,9999.000,9999.000,9999.000,9999.000,9999.000,9999.000
202606160218,   2.796,   3.109,9999.000,9999.000,9999.000,9999.000,9999.000,9999.000,9999.000
202606160224,   2.754,   3.060,9999.000,9999.000,9999.000,9999.000,9999.000,9999.000,9999.000
202606160230,   2.722,   3.030,9999.000,9999.000,9999.000,9999.000,9999.000,9999.000,9999.000
202606160236,   2.699,   3.007,9999.000,9999.000,9999.000,9999.000,9999.000,9999.000,9999.000
202606160242,   2.687,   2.997,9999.000,9999.000,9999.000,9999.000,9999.000,9999.000,9999.000
202606160248,   2.685,   3.007,9999.000,9999.000,9999.000,9999.000,9999.000,9999.000,9999.000
202606160254,   2.693,   2.997,9999.000,9999.000,9999.000,9999.000,9999.000,9999.000,9999.000
202606160300,   2.711,   2.997,   0.400,  -0.114,   2.997,   0.400,   2.997,   0.400,   2.997
202606160306,   2.741,   3.050,9999.000,9999.000,9999.000,9999.000,9999.000,9999.000,9999.000
202606160312,   2.780,   3.099,9999.000,9999.000,9999.000,9999.000,9999.000,9999.000,9999.000
202606160318,   2.830,   3.158,9999.000,9999.000,9999.000,9999.000,9999.000,9999.000,9999.000
202606160324,   2.891,   3.250,9999.000,9999.000,9999.000,9999.000,9999.000,9999.000,9999.000
202606160330,   2.961,   3.309,9999.000,9999.000,9999.000,9999.000,9999.000,9999.000,9999.000
202606160336,   3.042,   3.368,9999.000,9999.000,9999.000,9999.000,9999.000,9999.000,9999.000
202606160342,   3.132,   3.460,9999.000,9999.000,9999.000,9999.000,9999.000,9999.000,9999.000
202606160348,   3.232,   3.558,9999.000,9999.000,9999.000,9999.000,9999.000,9999.000,9999.000
202606160354,   3.341,   3.680,9999.000,9999.000,9999.000,9999.000,9999.000,9999.000,9999.000
202606160400,   3.460,   3.798,   0.400,  -0.062,   3.798,   0.400,   3.798,   0.500,   3.898
202606160406,   3.586,   3.939,9999.000,9999.000,9999.000,9999.000,9999.000,9999.000,9999.000
202606160412,   3.721,   4.057,9999.000,9999.000,9999.000,9999.000,9999.000,9999.000,9999.000
202606160418,   3.864,   4.178,9999.000,9999.000,9999.000,9999.000,9999.000,9999.000,9999.000
202606160424,   4.013,   4.329,9999.000,9999.000,9999.000,9999.000,9999.000,9999.000,9999.000
202606160430,   4.170,   4.480,9999.000,9999.000,9999.000,9999.000,9999.000,9999.000,9999.000
202606160436,   4.333,   4.628,9999.000,9999.000,9999.000,9999.000,9999.000,9999.000,9999.000
202606160442,   4.501,   4.798,9999.000,9999.000,9999.000,9999.000,9999.000,9999.000,9999.000
202606160448,   4.675,   4.959,9999.000,9999.000,9999.000,9999.000,9999.000,9999.000,9999.000
202606160454,   4.854,   5.097,9999.000,9999.000,9999.000,9999.000,9999.000,9999.000,9999.000
202606160500,   5.036,   5.277,   0.400,  -0.159,   5.277,   0.400,   5.277,   0.400,   5.277
202606160506,   5.222,   5.467,9999.000,9999.000,9999.000,9999.000,9999.000,9999.000,9999.000
202606160512,   5.411,   5.638,9999.000,9999.000,9999.000,9999.000,9999.000,9999.000,9999.000
202606160518,   5.602,   5.828,9999.000,9999.000,9999.000,9999.000,9999.000,9999.000,9999.000
202606160524,   5.795,   6.008,9999.000,9999.000,9999.000,9999.000,9999.000,9999.000,9999.000
202606160530,   5.990,   6.199,9999.000,9999.000,9999.000,9999.000,9999.000,9999.000,9999.000
202606160536,   6.185,   6.389,9999.000,9999.000,9999.000,9999.000,9999.000,9999.000,9999.000
202606160542,   6.380,   6.589,9999.000,9999.000,9999.000,9999.000,9999.000,9999.000,9999.000
202606160548,   6.575,   6.789,9999.000,9999.000,9999.000,9999.000,9999.000,9999.000,9999.000
202606160554,   6.769,   6.989,9999.000,9999.000,9999.000,9999.000,9999.000,9999.000,9999.000
202606160600,   6.962,   7.199,   0.400,  -0.163,   7.199,   0.400,   7.199,   0.400,   7.199
202606160606,   7.152,   7.386,9999.000,9999.000,9999.000,9999.000,9999.000,9999.000,9999.000
202606160612,   7.341,   7.586,9999.000,9999.000,9999.000,9999.000,9999.000,9999.000,9999.000
202606160618,   7.527,   7.776,9999.000,9999.000,9999.000,9999.000,9999.000,9999.000,9999.000
202606160624,   7.709,   7.967,9999.000,9999.000,9999.000,9999.000,9999.000,9999.000,9999.000
202606160630,   7.888,   8.167,9999.000,9999.000,9999.000,9999.000,9999.000,9999.000,9999.000
202606160636,   8.063,   8.357,9999.000,9999.000,9999.000,9999.000,9999.000,9999.000,9999.000
202606160642,   8.233,   8.547,9999.000,9999.000,9999.000,9999.000,9999.000,9999.000,9999.000
202606160648,   8.399,   8.728,9999.000,9999.000,9999.000,9999.000,9999.000,9999.000,9999.000
202606160654,   8.560,   8.908,9999.000,9999.000,9999.000,9999.000,9999.000,9999.000,9999.000
202606160700,   8.715,   9.088,   0.400,  -0.027,   9.088,   0.400,   9.088,   0.400,   9.088
202606160706,   8.864,   9.246,9999.000,9999.000,9999.000,9999.000,9999.000,9999.000,9999.000
202606160712,   9.007,   9.416,9999.000,9999.000,9999.000,9999.000,9999.000,9999.000,9999.000
202606160718,   9.143,   9.567,9999.000,9999.000,9999.000,9999.000,9999.000,9999.000,9999.000
202606160724,   9.273,   9.708,9999.000,9999.000,9999.000,9999.000,9999.000,9999.000,9999.000
202606160730,   9.395,   9.846,9999.000,9999.000,9999.000,9999.000,9999.000,9999.000,9999.000
202606160736,   9.510,   9.958,9999.000,9999.000,9999.000,9999.000,9999.000,9999.000,9999.000
202606160742,   9.617,  10.076,9999.000,9999.000,9999.000,9999.000,9999.000,9999.000,9999.000
202606160748,   9.716,  10.177,9999.000,9999.000,9999.000,9999.000,9999.000,9999.000,9999.000
202606160754,   9.806,  10.266,9999.000,9999.000,9999.000,9999.000,9999.000,9999.000,9999.000
202606160800,   9.887,  10.338,   0.400,   0.051,  10.338,   0.400,  10.338,   0.400,  10.338
202606160806,   9.959,  10.397,9999.000,9999.000,9999.000,9999.000,9999.000,9999.000,9999.000
202606160812,  10.022,  10.466,9999.000,9999.000,9999.000,9999.000,9999.000,9999.000,9999.000
202606160818,  10.075,  10.505,9999.000,9999.000,9999.000,9999.000,9999.000,9999.000,9999.000
202606160824,  10.118,  10.548,9999.000,9999.000,9999.000,9999.000,9999.000,9999.000,9999.000
202606160830,  10.150,  10.568,9999.000,9999.000,9999.000,9999.000,9999.000,9999.000,9999.000
202606160836,  10.172,  10.568,9999.000,9999.000,9999.000,9999.000,9999.000,9999.000,9999.000
202606160842,  10.183,  10.577,9999.000,9999.000,9999.000,9999.000,9999.000,9999.000,9999.000
202606160848,  10.183,  10.568,9999.000,9999.000,9999.000,9999.000,9999.000,9999.000,9999.000
202606160854,  10.171,  10.548,9999.000,9999.000,9999.000,9999.000,9999.000,9999.000,9999.000
202606160900,  10.148,  10.515,   0.400,  -0.033,  10.515,   0.400,  10.515,   0.400,  10.515
202606160906,  10.114,  10.486,9999.000,9999.000,9999.000,9999.000,9999.000,9999.000,9999.000
202606160912,  10.068,  10.427,9999.000,9999.000,9999.000,9999.000,9999.000,9999.000,9999.000
202606160918,  10.010,  10.358,9999.000,9999.000,9999.000,9999.000,9999.000,9999.000,9999.000
202606160924,   9.941,  10.266,9999.000,9999.000,9999.000,9999.000,9999.000,9999.000,9999.000
202606160930,   9.859,  10.158,9999.000,9999.000,9999.000,9999.000,9999.000,9999.000,9999.000
202606160936,   9.766,  10.066,9999.000,9999.000,9999.000,9999.000,9999.000,9999.000,9999.000
202606160942,   9.662,   9.948,9999.000,9999.000,9999.000,9999.000,9999.000,9999.000,9999.000
202606160948,   9.545,   9.826,9999.000,9999.000,9999.000,9999.000,9999.000,9999.000,9999.000
202606160954,   9.418,   9.708,9999.000,9999.000,9999.000,9999.000,9999.000,9999.000,9999.000
202606161000,   9.279,   9.567,   0.400,  -0.112,   9.567,   0.400,   9.567,   0.400,   9.567
202606161006,   9.129,   9.407,9999.000,9999.000,9999.000,9999.000,9999.000,9999.000,9999.000
202606161012,   8.969,   9.246,9999.000,9999.000,9999.000,9999.000,9999.000,9999.000,9999.000
202606161018,   8.797,   9.069,9999.000,9999.000,9999.000,9999.000,9999.000,9999.000,9999.000
202606161024,   8.616,   8.898,9999.000,9999.000,9999.000,9999.000,9999.000,9999.000,9999.000
202606161030,   8.425,   8.698,9999.000,9999.000,9999.000,9999.000,9999.000,9999.000,9999.000
202606161036,   8.224,   8.488,9999.000,9999.000,9999.000,9999.000,9999.000,9999.000,9999.000
202606161042,   8.014,   8.278,9999.000,9999.000,9999.000,9999.000,9999.000,9999.000,9999.000
202606161048,   7.795,   8.058,9999.000,9999.000,9999.000,9999.000,9999.000,9999.000,9999.000
202606161054,   7.568,   7.858,9999.000,9999.000,9999.000,9999.000,9999.000,9999.000,9999.000
202606161100,   7.333,   7.639,   0.400,  -0.094,   7.639,   0.400,   7.639,   0.400,   7.639
202606161106,   7.091,   7.419,9999.000,9999.000,9999.000,9999.000,9999.000,9999.000,9999.000
202606161112,   6.841,   7.209,9999.000,9999.000,9999.000,9999.000,9999.000,9999.000,9999.000
202606161118,   6.584,   6.979,9999.000,9999.000,9999.000,9999.000,9999.000,9999.000,9999.000
202606161124,   6.322,   6.756,9999.000,9999.000,9999.000,9999.000,9999.000,9999.000,9999.000
202606161130,   6.053,   6.517,9999.000,9999.000,9999.000,9999.000,9999.000,9999.000,9999.000
202606161136,   5.780,   6.277,9999.000,9999.000,9999.000,9999.000,9999.000,9999.000,9999.000
202606161142,   5.501,   6.038,9999.000,9999.000,9999.000,9999.000,9999.000,9999.000,9999.000
202606161148,   5.218,   5.789,9999.000,9999.000,9999.000,9999.000,9999.000,9999.000,9999.000
202606161154,   4.932,   5.539,9999.000,9999.000,9999.000,9999.000,9999.000,9999.000,9999.000
202606161200,   4.642,   5.277,   0.300,   0.335,   5.277,   0.300,   5.277,   0.300,   5.277
202606161206,   4.349,   5.008,9999.000,9999.000,9999.000,9999.000,9999.000,9999.000,9999.000
202606161212,   4.055,   4.739,9999.000,9999.000,9999.000,9999.000,9999.000,9999.000,9999.000
202606161218,   3.758,   4.457,9999.000,9999.000,9999.000,9999.000,9999.000,9999.000,9999.000
202606161224,   3.461,   4.188,9999.000,9999.000,9999.000,9999.000,9999.000,9999.000,9999.000
202606161230,   3.163,   3.909,9999.000,9999.000,9999.000,9999.000,9999.000,9999.000,9999.000
202606161236,   2.865,   3.637,9999.000,9999.000,9999.000,9999.000,9999.000,9999.000,9999.000
202606161242,   2.568,   3.358,9999.000,9999.000,9999.000,9999.000,9999.000,9999.000,9999.000
202606161248,   2.272,   3.099,9999.000,9999.000,9999.000,9999.000,9999.000,9999.000,9999.000
202606161254,   1.979,   2.820,9999.000,9999.000,9999.000,9999.000,9999.000,9999.000,9999.000
202606161300,   1.687,   2.548,   0.300,   0.561,   2.548,   0.300,   2.548,   0.400,   2.648
202606161306,   1.399,   2.269,9999.000,9999.000,9999.000,9999.000,9999.000,9999.000,9999.000
202606161312,   1.115,   1.958,9999.000,9999.000,9999.000,9999.000,9999.000,9999.000,9999.000
202606161318,   0.836,   1.669,9999.000,9999.000,9999.000,9999.000,9999.000,9999.000,9999.000
202606161324,   0.561,   1.390,9999.000,9999.000,9999.000,9999.000,9999.000,9999.000,9999.000
202606161330,   0.293,   1.108,9999.000,9999.000,9999.000,9999.000,9999.000,9999.000,9999.000
202606161336,   0.031,   0.829,9999.000,9999.000,9999.000,9999.000,9999.000,9999.000,9999.000
202606161342,  -0.223,   0.570,9999.000,9999.000,9999.000,9999.000,9999.000,9999.000,9999.000
202606161348,  -0.470,   0.298,9999.000,9999.000,9999.000,9999.000,9999.000,9999.000,9999.000
202606161354,  -0.708,   0.029,9999.000,9999.000,9999.000,9999.000,9999.000,9999.000,9999.000
202606161400,  -0.938,  -0.239,   0.300,   0.399,  -0.239,   0.300,  -0.239,   0.300,  -0.239
202606161406,  -1.158,  -0.518,9999.000,9999.000,9999.000,9999.000,9999.000,9999.000,9999.000
202606161412,  -1.368,  -0.760,9999.000,9999.000,9999.000,9999.000,9999.000,9999.000,9999.000
202606161418,  -1.566,  -1.010,9999.000,9999.000,9999.000,9999.000,9999.000,9999.000,9999.000
202606161424,  -1.754,  -1.210,9999.000,9999.000,9999.000,9999.000,9999.000,9999.000,9999.000
202606161430,  -1.930,  -1.420,9999.000,9999.000,9999.000,9999.000,9999.000,9999.000,9999.000
202606161436,  -2.094,  -1.600,9999.000,9999.000,9999.000,9999.000,9999.000,9999.000,9999.000
202606161442,  -2.245,  -1.790,9999.000,9999.000,9999.000,9999.000,9999.000,9999.000,9999.000
202606161448,  -2.383,  -1.948,9999.000,9999.000,9999.000,9999.000,9999.000,9999.000,9999.000
202606161454,  -2.508,  -2.099,9999.000,9999.000,9999.000,9999.000,9999.000,9999.000,9999.000
202606161500,  -2.620,  -2.230,   0.300,   0.090,  -2.230,   0.300,  -2.230,   0.400,  -2.130
202606161506,  -2.717,  -2.338,9999.000,9999.000,9999.000,9999.000,9999.000,9999.000,9999.000
202606161512,  -2.801,  -2.440,9999.000,9999.000,9999.000,9999.000,9999.000,9999.000,9999.000
202606161518,  -2.870,  -2.519,9999.000,9999.000,9999.000,9999.000,9999.000,9999.000,9999.000
202606161524,  -2.926,  -2.597,9999.000,9999.000,9999.000,9999.000,9999.000,9999.000,9999.000
202606161530,  -2.967,  -2.660,9999.000,9999.000,9999.000,9999.000,9999.000,9999.000,9999.000
202606161536,  -2.993,  -2.709,9999.000,9999.000,9999.000,9999.000,9999.000,9999.000,9999.000
202606161542,  -3.005,  -2.748,9999.000,9999.000,9999.000,9999.000,9999.000,9999.000,9999.000
202606161548,  -3.003,  -2.787,9999.000,9999.000,9999.000,9999.000,9999.000,9999.000,9999.000
202606161554,  -2.987,  -2.830,9999.000,9999.000,9999.000,9999.000,9999.000,9999.000,9999.000
202606161600,  -2.957,  -2.860,   0.300,  -0.203,  -2.860,   0.300,  -2.860,   0.300,  -2.860
202606161606,  -2.914,  -2.889,9999.000,9999.000,9999.000,9999.000,9999.000,9999.000,9999.000
202606161612,  -2.857,  -2.909,9999.000,9999.000,9999.000,9999.000,9999.000,9999.000,9999.000
202606161618,  -2.787,  -2.919,9999.000,9999.000,9999.000,9999.000,9999.000,9999.000,9999.000
202606161624,  -2.704,  -2.899,9999.000,9999.000,9999.000,9999.000,9999.000,9999.000,9999.000
202606161630,  -2.608,  -2.860,9999.000,9999.000,9999.000,9999.000,9999.000,9999.000,9999.000
202606161636,  -2.501,  -2.797,9999.000,9999.000,9999.000,9999.000,9999.000,9999.000,9999.000
202606161642,  -2.382,  -2.728,9999.000,9999.000,9999.000,9999.000,9999.000,9999.000,9999.000
202606161648,  -2.252,  -2.610,9999.000,9999.000,9999.000,9999.000,9999.000,9999.000,9999.000
202606161654,  -2.111,  -2.459,9999.000,9999.000,9999.000,9999.000,9999.000,9999.000,9999.000
202606161700,  -1.960,  -2.289,   0.300,  -0.629,  -2.289,   0.300,  -2.289,   0.300,  -2.289
202606161706,  -1.800,  -2.069,9999.000,9999.000,9999.000,9999.000,9999.000,9999.000,9999.000
202606161712,  -1.630,  -1.800,9999.000,9999.000,9999.000,9999.000,9999.000,9999.000,9999.000
202606161718,  -1.452,  -1.508,9999.000,9999.000,9999.000,9999.000,9999.000,9999.000,9999.000
202606161724,  -1.266,  -1.190,9999.000,9999.000,9999.000,9999.000,9999.000,9999.000,9999.000
202606161730,  -1.073,  -0.859,9999.000,9999.000,9999.000,9999.000,9999.000,9999.000,9999.000
202606161736,  -0.873,  -0.560,9999.000,9999.000,9999.000,9999.000,9999.000,9999.000,9999.000
202606161742,  -0.667,  -0.278,9999.000,9999.000,9999.000,9999.000,9999.000,9999.000,9999.000
202606161748,  -0.455,  -0.029,9999.000,9999.000,9999.000,9999.000,9999.000,9999.000,9999.000
202606161754,  -0.238,   0.249,9999.000,9999.000,9999.000,9999.000,9999.000,9999.000,9999.000
202606161800,  -0.016,   0.488,   0.400,   0.104,   0.488,   0.400,   0.488,   0.400,   0.488
202606161806,   0.208,   0.741,9999.000,9999.000,9999.000,9999.000,9999.000,9999.000,9999.000
202606161812,   0.437,   0.970,9999.000,9999.000,9999.000,9999.000,9999.000,9999.000,9999.000
202606161818,   0.669,   1.190,9999.000,9999.000,9999.000,9999.000,9999.000,9999.000,9999.000
202606161824,   0.903,   1.400,9999.000,9999.000,9999.000,9999.000,9999.000,9999.000,9999.000
202606161830,   1.139,   1.630,9999.000,9999.000,9999.000,9999.000,9999.000,9999.000,9999.000
202606161836,   1.376,   1.869,9999.000,9999.000,9999.000,9999.000,9999.000,9999.000,9999.000
202606161842,   1.615,   2.089,9999.000,9999.000,9999.000,9999.000,9999.000,9999.000,9999.000
202606161848,   1.853,   2.289,9999.000,9999.000,9999.000,9999.000,9999.000,9999.000,9999.000
202606161854,   2.092,   2.479,9999.000,9999.000,9999.000,9999.000,9999.000,9999.000,9999.000
202606161900,   2.331,   2.679,   0.400,  -0.052,   2.679,   0.400,   2.679,   0.400,   2.679
202606161906,   2.569,   2.869,9999.000,9999.000,9999.000,9999.000,9999.000,9999.000,9999.000
202606161912,   2.805,   3.079,9999.000,9999.000,9999.000,9999.000,9999.000,9999.000,9999.000
202606161918,   3.040,   3.289,9999.000,9999.000,9999.000,9999.000,9999.000,9999.000,9999.000
202606161924,   3.273,   3.499,9999.000,9999.000,9999.000,9999.000,9999.000,9999.000,9999.000
202606161930,   3.504,   3.709,9999.000,9999.000,9999.000,9999.000,9999.000,9999.000,9999.000
202606161936,   3.732,   3.919,9999.000,9999.000,9999.000,9999.000,9999.000,9999.000,9999.000
202606161942,   3.957,   4.159,9999.000,9999.000,9999.000,9999.000,9999.000,9999.000,9999.000
202606161948,   4.178,   4.359,9999.000,9999.000,9999.000,9999.000,9999.000,9999.000,9999.000
202606161954,   4.395,   4.578,9999.000,9999.000,9999.000,9999.000,9999.000,9999.000,9999.000
202606162000,   4.608,   4.788,   0.400,  -0.220,   4.788,   0.300,   4.688,   0.400,   4.788
202606162006,   4.816,   4.969,9999.000,9999.000,9999.000,9999.000,9999.000,9999.000,9999.000
202606162012,   5.020,   5.159,9999.000,9999.000,9999.000,9999.000,9999.000,9999.000,9999.000
202606162018,   5.217,   5.349,9999.000,9999.000,9999.000,9999.000,9999.000,9999.000,9999.000
202606162024,   5.409,   5.530,9999.000,9999.000,9999.000,9999.000,9999.000,9999.000,9999.000
202606162030,   5.595,   5.687,9999.000,9999.000,9999.000,9999.000,9999.000,9999.000,9999.000
202606162036,   5.774,   5.848,9999.000,9999.000,9999.000,9999.000,9999.000,9999.000,9999.000
202606162042,   5.947,   6.008,9999.000,9999.000,9999.000,9999.000,9999.000,9999.000,9999.000
202606162048,   6.112,   6.179,9999.000,9999.000,9999.000,9999.000,9999.000,9999.000,9999.000
202606162054,   6.269,   6.327,9999.000,9999.000,9999.000,9999.000,9999.000,9999.000,9999.000
202606162100,   6.419,   6.477,   0.300,  -0.242,   6.477,   0.300,   6.477,   0.400,   6.577
202606162106,   6.560,   6.619,9999.000,9999.000,9999.000,9999.000,9999.000,9999.000,9999.000
202606162112,   6.693,   6.737,9999.000,9999.000,9999.000,9999.000,9999.000,9999.000,9999.000
202606162118,   6.817,   6.858,9999.000,9999.000,9999.000,9999.000,9999.000,9999.000,9999.000
202606162124,   6.932,   6.979,9999.000,9999.000,9999.000,9999.000,9999.000,9999.000,9999.000
202606162130,   7.037,   7.088,9999.000,9999.000,9999.000,9999.000,9999.000,9999.000,9999.000
202606162136,   7.133,   7.189,9999.000,9999.000,9999.000,9999.000,9999.000,9999.000,9999.000
202606162142,   7.220,   7.288,9999.000,9999.000,9999.000,9999.000,9999.000,9999.000,9999.000
202606162148,   7.296,   7.386,9999.000,9999.000,9999.000,9999.000,9999.000,9999.000,9999.000
202606162154,   7.363,   7.468,9999.000,9999.000,9999.000,9999.000,9999.000,9999.000,9999.000
202606162200,   7.420,   7.537,   0.400,  -0.283,   7.537,   0.300,   7.437,   0.400,   7.537
202606162206,   7.467,   7.629,9999.000,9999.000,9999.000,9999.000,9999.000,9999.000,9999.000
202606162212,   7.504,   7.678,9999.000,9999.000,9999.000,9999.000,9999.000,9999.000,9999.000
202606162218,   7.532,   7.717,9999.000,9999.000,9999.000,9999.000,9999.000,9999.000,9999.000
202606162224,   7.549,   7.747,9999.000,9999.000,9999.000,9999.000,9999.000,9999.000,9999.000
202606162230,   7.557,   7.767,9999.000,9999.000,9999.000,9999.000,9999.000,9999.000,9999.000
202606162236,   7.555,   7.757,9999.000,9999.000,9999.000,9999.000,9999.000,9999.000,9999.000
202606162242,   7.544,   7.747,9999.000,9999.000,9999.000,9999.000,9999.000,9999.000,9999.000
202606162248,   7.523,   7.737,9999.000,9999.000,9999.000,9999.000,9999.000,9999.000,9999.000
202606162254,   7.493,   7.678,9999.000,9999.000,9999.000,9999.000,9999.000,9999.000,9999.000
202606162300,   7.455,   7.629,   0.400,  -0.226,   7.629,   0.300,   7.529,   0.400,   7.629
202606162306,   7.408,   7.566,9999.000,9999.000,9999.000,9999.000,9999.000,9999.000,9999.000
202606162312,   7.353,   7.498,9999.000,9999.000,9999.000,9999.000,9999.000,9999.000,9999.000
202606162318,   7.289,   7.429,9999.000,9999.000,9999.000,9999.000,9999.000,9999.000,9999.000
202606162324,   7.218,   7.327,9999.000,9999.000,9999.000,9999.000,9999.000,9999.000,9999.000
202606162330,   7.139,   7.248,9999.000,9999.000,9999.000,9999.000,9999.000,9999.000,9999.000
202606162336,   7.053,   7.156,9999.000,9999.000,9999.000,9999.000,9999.000,9999.000,9999.000
202606162342,   6.960,   7.068,9999.000,9999.000,9999.000,9999.000,9999.000,9999.000,9999.000
202606162348,   6.861,   6.979,9999.000,9999.000,9999.000,9999.000,9999.000,9999.000,9999.000
202606162354,   6.756,   6.887,9999.000,9999.000,9999.000,9999.000,9999.000,9999.000,9999.000
202606170000,   6.644,   6.766,   0.400,  -0.278,   6.766,   0.400,   6.766,   0.400,   6.766
202606170006,   6.527,   6.638,9999.000,9999.000,9999.000,9999.000,9999.000,9999.000,9999.000
202606170012,   6.405,   6.507,9999.000,9999.000,9999.000,9999.000,9999.000,9999.000,9999.000
202606170018,   6.279,   6.379,9999.000,9999.000,9999.000,9999.000,9999.000,9999.000,9999.000
202606170024,   6.148,   6.258,9999.000,9999.000,9999.000,9999.000,9999.000,9999.000,9999.000
202606170030,   6.013,   6.117,9999.000,9999.000,9999.000,9999.000,9999.000,9999.000,9999.000
202606170036,   5.874,   5.999,9999.000,9999.000,9999.000,9999.000,9999.000,9999.000,9999.000
202606170042,   5.733,   5.877,9999.000,9999.000,9999.000,9999.000,9999.000,9999.000,9999.000
202606170048,   5.589,   5.749,9999.000,9999.000,9999.000,9999.000,9999.000,9999.000,9999.000
202606170054,   5.442,   5.628,9999.000,9999.000,9999.000,9999.000,9999.000,9999.000,9999.000
202606170100,   5.294,   5.497,   0.400,  -0.197,   5.497,   0.400,   5.497,   0.400,   5.497
202606170106,   5.145,   5.349,9999.000,9999.000,9999.000,9999.000,9999.000,9999.000,9999.000
202606170112,   4.995,   5.179,9999.000,9999.000,9999.000,9999.000,9999.000,9999.000,9999.000
202606170118,   4.845,   5.018,9999.000,9999.000,9999.000,9999.000,9999.000,9999.000,9999.000
202606170124,   4.695,   4.867,9999.000,9999.000,9999.000,9999.000,9999.000,9999.000,9999.000
202606170130,   4.547,   4.739,9999.000,9999.000,9999.000,9999.000,9999.000,9999.000,9999.000
202606170136,   4.400,   4.618,9999.000,9999.000,9999.000,9999.000,9999.000,9999.000,9999.000
202606170142,   4.254,   4.467,9999.000,9999.000,9999.000,9999.000,9999.000,9999.000,9999.000
202606170148,   4.112,   4.339,9999.000,9999.000,9999.000,9999.000,9999.000,9999.000,9999.000
202606170154,   3.972,   4.218,9999.000,9999.000,9999.000,9999.000,9999.000,9999.000,9999.000
202606170200,   3.837,   4.090,   0.400,  -0.147,   4.090,   0.400,   4.090,   0.400,   4.090
202606170206,   3.706,   3.958,9999.000,9999.000,9999.000,9999.000,9999.000,9999.000,9999.000
202606170212,   3.579,   3.827,9999.000,9999.000,9999.000,9999.000,9999.000,9999.000,9999.000
202606170218,   3.458,   3.709,9999.000,9999.000,9999.000,9999.000,9999.000,9999.000,9999.000
202606170224,   3.343,   3.578,9999.000,9999.000,9999.000,9999.000,9999.000,9999.000,9999.000
202606170230,   3.235,   3.470,9999.000,9999.000,9999.000,9999.000,9999.000,9999.000,9999.000
202606170236,   3.133,   3.368,9999.000,9999.000,9999.000,9999.000,9999.000,9999.000,9999.000
202606170242,   3.039,   3.289,9999.000,9999.000,9999.000,9999.000,9999.000,9999.000,9999.000
202606170248,   2.953,   3.217,9999.000,9999.000,9999.000,9999.000,9999.000,9999.000,9999.000
202606170254,   2.875,   3.158,9999.000,9999.000,9999.000,9999.000,9999.000,9999.000,9999.000
202606170300,   2.806,   3.089,   0.400,  -0.117,   3.089,   0.400,   3.089,   0.400,   3.089
202606170306,   2.746,   3.030,9999.000,9999.000,9999.000,9999.000,9999.000,9999.000,9999.000
202606170312,   2.695,   2.978,9999.000,9999.000,9999.000,9999.000,9999.000,9999.000,9999.000
202606170318,   2.654,   2.938,9999.000,9999.000,9999.000,9999.000,9999.000,9999.000,9999.000
202606170324,   2.622,   2.879,9999.000,9999.000,9999.000,9999.000,9999.000,9999.000,9999.000
202606170330,   2.601,   2.850,9999.000,9999.000,9999.000,9999.000,9999.000,9999.000,9999.000
202606170336,   2.590,   2.820,9999.000,9999.000,9999.000,9999.000,9999.000,9999.000,9999.000
202606170342,   2.590,   2.820,9999.000,9999.000,9999.000,9999.000,9999.000,9999.000,9999.000
202606170348,   2.600,   2.797,9999.000,9999.000,9999.000,9999.000,9999.000,9999.000,9999.000
202606170354,   2.620,   2.807,9999.000,9999.000,9999.000,9999.000,9999.000,9999.000,9999.000
202606170400,   2.651,   2.807,   0.400,  -0.244,   2.807,   0.400,   2.807,   0.400,   2.807
202606170406,   2.692,   2.830,9999.000,9999.000,9999.000,9999.000,9999.000,9999.000,9999.000
202606170412,   2.744,   2.889,9999.000,9999.000,9999.000,9999.000,9999.000,9999.000,9999.000
202606170418,   2.805,   2.938,9999.000,9999.000,9999.000,9999.000,9999.000,9999.000,9999.000
202606170424,   2.877,   3.017,9999.000,9999.000,9999.000,9999.000,9999.000,9999.000,9999.000
202606170430,   2.958,   3.119,9999.000,9999.000,9999.000,9999.000,9999.000,9999.000,9999.000
202606170436,   3.049,   3.197,9999.000,9999.000,9999.000,9999.000,9999.000,9999.000,9999.000
202606170442,   3.150,   3.319,9999.000,9999.000,9999.000,9999.000,9999.000,9999.000,9999.000
202606170448,   3.259,   3.407,9999.000,9999.000,9999.000,9999.000,9999.000,9999.000,9999.000
202606170454,   3.376,   3.529,9999.000,9999.000,9999.000,9999.000,9999.000,9999.000,9999.000
202606170500,   3.502,   3.660,   0.400,  -0.242,   3.660,   0.300,   3.560,   0.400,   3.660
202606170506,   3.635,   3.749,9999.000,9999.000,9999.000,9999.000,9999.000,9999.000,9999.000
202606170512,   3.776,   3.890,9999.000,9999.000,9999.000,9999.000,9999.000,9999.000,9999.000
202606170518,   3.923,   4.037,9999.000,9999.000,9999.000,9999.000,9999.000,9999.000,9999.000
202606170524,   4.077,   4.188,9999.000,9999.000,9999.000,9999.000,9999.000,9999.000,9999.000
202606170530,   4.237,   4.329,9999.000,9999.000,9999.000,9999.000,9999.000,9999.000,9999.000
202606170536,   4.402,   4.490,9999.000,9999.000,9999.000,9999.000,9999.000,9999.000,9999.000
202606170542,   4.572,   4.637,9999.000,9999.000,9999.000,9999.000,9999.000,9999.000,9999.000
202606170548,   4.746,   4.778,9999.000,9999.000,9999.000,9999.000,9999.000,9999.000,9999.000
202606170554,   4.924,   4.949,9999.000,9999.000,9999.000,9999.000,9999.000,9999.000,9999.000
202606170600,   5.105,   5.120,   0.200,  -0.185,   5.120,   0.200,   5.120,   0.300,   5.220
202606170606,   5.289,   5.277,9999.000,9999.000,9999.000,9999.000,9999.000,9999.000,9999.000
202606170612,   5.475,   5.457,9999.000,9999.000,9999.000,9999.000,9999.000,9999.000,9999.000
202606170618,   5.663,   5.628,9999.000,9999.000,9999.000,9999.000,9999.000,9999.000,9999.000
202606170624,   5.852,   5.808,9999.000,9999.000,9999.000,9999.000,9999.000,9999.000,9999.000
202606170630,   6.041,   5.989,9999.000,9999.000,9999.000,9999.000,9999.000,9999.000,9999.000
202606170636,   6.230,   6.179,9999.000,9999.000,9999.000,9999.000,9999.000,9999.000,9999.000
202606170642,   6.419,   6.379,9999.000,9999.000,9999.000,9999.000,9999.000,9999.000,9999.000
202606170648,   6.607,   6.589,9999.000,9999.000,9999.000,9999.000,9999.000,9999.000,9999.000
202606170654,   6.794,   6.746,9999.000,9999.000,9999.000,9999.000,9999.000,9999.000,9999.000
202606170700,   6.979,   6.947,   0.200,  -0.232,   6.947,   0.200,   6.947,   0.300,   7.047
202606170706,   7.162,   7.156,9999.000,9999.000,9999.000,9999.000,9999.000,9999.000,9999.000
202606170712,   7.342,   7.347,9999.000,9999.000,9999.000,9999.000,9999.000,9999.000,9999.000
202606170718,   7.519,   7.547,9999.000,9999.000,9999.000,9999.000,9999.000,9999.000,9999.000
202606170724,   7.693,   7.727,9999.000,9999.000,9999.000,9999.000,9999.000,9999.000,9999.000
202606170730,   7.863,   7.927,9999.000,9999.000,9999.000,9999.000,9999.000,9999.000,9999.000
202606170736,   8.028,   8.117,9999.000,9999.000,9999.000,9999.000,9999.000,9999.000,9999.000
202606170742,   8.189,   8.308,9999.000,9999.000,9999.000,9999.000,9999.000,9999.000,9999.000
202606170748,   8.345,   8.488,9999.000,9999.000,9999.000,9999.000,9999.000,9999.000,9999.000
202606170754,   8.496,   8.636,9999.000,9999.000,9999.000,9999.000,9999.000,9999.000,9999.000
202606170800,   8.641,   8.787,   0.300,  -0.154,   8.787,   0.200,   8.687,   0.300,   8.787
202606170806,   8.780,   8.928,9999.000,9999.000,9999.000,9999.000,9999.000,9999.000,9999.000
202606170812,   8.913,   9.079,9999.000,9999.000,9999.000,9999.000,9999.000,9999.000,9999.000
202606170818,   9.039,   9.206,9999.000,9999.000,9999.000,9999.000,9999.000,9999.000,9999.000
202606170824,   9.158,   9.318,9999.000,9999.000,9999.000,9999.000,9999.000,9999.000,9999.000
202606170830,   9.269,   9.446,9999.000,9999.000,9999.000,9999.000,9999.000,9999.000,9999.000
202606170836,   9.373,   9.538,9999.000,9999.000,9999.000,9999.000,9999.000,9999.000,9999.000
202606170842,   9.469,   9.646,9999.000,9999.000,9999.000,9999.000,9999.000,9999.000,9999.000
202606170848,   9.556,   9.748,9999.000,9999.000,9999.000,9999.000,9999.000,9999.000,9999.000
202606170854,   9.635,   9.807,9999.000,9999.000,9999.000,9999.000,9999.000,9999.000,9999.000
202606170900,   9.704,   9.885,   0.200,  -0.019,   9.885,   0.200,   9.885,   0.300,   9.985
202606170906,   9.764,   9.938,9999.000,9999.000,9999.000,9999.000,9999.000,9999.000,9999.000
202606170912,   9.814,   9.997,9999.000,9999.000,9999.000,9999.000,9999.000,9999.000,9999.000
202606170918,   9.854,  10.026,9999.000,9999.000,9999.000,9999.000,9999.000,9999.000,9999.000
202606170924,   9.884,  10.056,9999.000,9999.000,9999.000,9999.000,9999.000,9999.000,9999.000
202606170930,   9.904,  10.066,9999.000,9999.000,9999.000,9999.000,9999.000,9999.000,9999.000
202606170936,   9.913,  10.066,9999.000,9999.000,9999.000,9999.000,9999.000,9999.000,9999.000
202606170942,   9.911,  10.046,9999.000,9999.000,9999.000,9999.000,9999.000,9999.000,9999.000
202606170948,   9.897,  10.017,9999.000,9999.000,9999.000,9999.000,9999.000,9999.000,9999.000
202606170954,   9.873,  10.007,9999.000,9999.000,9999.000,9999.000,9999.000,9999.000,9999.000
202606171000,   9.837,   9.958,   0.200,  -0.079,   9.958,   0.200,   9.958,   0.300,  10.058
202606171006,   9.789,   9.885,9999.000,9999.000,9999.000,9999.000,9999.000,9999.000,9999.000
202606171012,   9.730,   9.826,9999.000,9999.000,9999.000,9999.000,9999.000,9999.000,9999.000
202606171018,   9.659,   9.728,9999.000,9999.000,9999.000,9999.000,9999.000,9999.000,9999.000
202606171024,   9.577,   9.616,9999.000,9999.000,9999.000,9999.000,9999.000,9999.000,9999.000
202606171030,   9.484,   9.528,9999.000,9999.000,9999.000,9999.000,9999.000,9999.000,9999.000
202606171036,   9.379,   9.407,9999.000,9999.000,9999.000,9999.000,9999.000,9999.000,9999.000
202606171042,   9.262,   9.288,9999.000,9999.000,9999.000,9999.000,9999.000,9999.000,9999.000
202606171048,   9.135,   9.157,9999.000,9999.000,9999.000,9999.000,9999.000,9999.000,9999.000
202606171054,   8.997,   9.046,9999.000,9999.000,9999.000,9999.000,9999.000,9999.000,9999.000
202606171100,   8.847,   8.898,   0.300,  -0.249,   8.898,   0.200,   8.798,   0.300,   8.898
202606171106,   8.688,   8.757,9999.000,9999.000,9999.000,9999.000,9999.000,9999.000,9999.000
202606171112,   8.518,   8.587,9999.000,9999.000,9999.000,9999.000,9999.000,9999.000,9999.000
202606171118,   8.339,   8.396,9999.000,9999.000,9999.000,9999.000,9999.000,9999.000,9999.000
202606171124,   8.149,   8.206,9999.000,9999.000,9999.000,9999.000,9999.000,9999.000,9999.000
202606171130,   7.951,   8.006,9999.000,9999.000,9999.000,9999.000,9999.000,9999.000,9999.000
202606171136,   7.744,   7.819,9999.000,9999.000,9999.000,9999.000,9999.000,9999.000,9999.000
202606171142,   7.528,   7.609,9999.000,9999.000,9999.000,9999.000,9999.000,9999.000,9999.000
202606171148,   7.304,   7.409,9999.000,9999.000,9999.000,9999.000,9999.000,9999.000,9999.000
202606171154,   7.073,   7.189,9999.000,9999.000,9999.000,9999.000,9999.000,9999.000,9999.000
202606171200,   6.834,   6.989,   0.100,   0.055,   6.989,   0.100,   6.989,   0.200,   7.089
202606171206,   6.588,   6.746,9999.000,9999.000,9999.000,9999.000,9999.000,9999.000,9999.000
202606171212,   6.336,   6.527,9999.000,9999.000,9999.000,9999.000,9999.000,9999.000,9999.000
202606171218,   6.078,   6.287,9999.000,9999.000,9999.000,9999.000,9999.000,9999.000,9999.000
202606171224,   5.815,   6.058,9999.000,9999.000,9999.000,9999.000,9999.000,9999.000,9999.000
202606171230,   5.547,   5.828,9999.000,9999.000,9999.000,9999.000,9999.000,9999.000,9999.000
202606171236,   5.274,   5.598,9999.000,9999.000,9999.000,9999.000,9999.000,9999.000,9999.000
202606171242,   4.997,   5.359,9999.000,9999.000,9999.000,9999.000,9999.000,9999.000,9999.000
202606171248,   4.717,   5.097,9999.000,9999.000,9999.000,9999.000,9999.000,9999.000,9999.000
202606171254,   4.434,   4.847,9999.000,9999.000,9999.000,9999.000,9999.000,9999.000,9999.000
202606171300,   4.149,   4.588,   0.100,   0.339,   4.588,   0.100,   4.588,   0.200,   4.688
202606171306,   3.862,   4.329,9999.000,9999.000,9999.000,9999.000,9999.000,9999.000,9999.000
202606171312,   3.573,   4.057,9999.000,9999.000,9999.000,9999.000,9999.000,9999.000,9999.000
202606171318,   3.284,   3.788,9999.000,9999.000,9999.000,9999.000,9999.000,9999.000,9999.000
202606171324,   2.995,   3.519,9999.000,9999.000,9999.000,9999.000,9999.000,9999.000,9999.000
202606171330,   2.706,   3.260,9999.000,9999.000,9999.000,9999.000,9999.000,9999.000,9999.000
202606171336,   2.419,   2.988,9999.000,9999.000,9999.000,9999.000,9999.000,9999.000,9999.000
202606171342,   2.133,   2.709,9999.000,9999.000,9999.000,9999.000,9999.000,9999.000,9999.000
202606171348,   1.850,   2.440,9999.000,9999.000,9999.000,9999.000,9999.000,9999.000,9999.000
202606171354,   1.570,   2.177,9999.000,9999.000,9999.000,9999.000,9999.000,9999.000,9999.000
202606171400,   1.294,   1.889,   0.100,   0.495,   1.889,   0.100,   1.889,   0.200,   1.989
202606171406,   1.022,   1.590,9999.000,9999.000,9999.000,9999.000,9999.000,9999.000,9999.000
202606171412,   0.755,   1.279,9999.000,9999.000,9999.000,9999.000,9999.000,9999.000,9999.000
202606171418,   0.494,   0.980,9999.000,9999.000,9999.000,9999.000,9999.000,9999.000,9999.000
202606171424,   0.239,   0.708,9999.000,9999.000,9999.000,9999.000,9999.000,9999.000,9999.000
202606171430,  -0.007,   0.429,9999.000,9999.000,9999.000,9999.000,9999.000,9999.000,9999.000
202606171436,  -0.247,   0.180,9999.000,9999.000,9999.000,9999.000,9999.000,9999.000,9999.000
202606171442,  -0.479,  -0.068,9999.000,9999.000,9999.000,9999.000,9999.000,9999.000,9999.000
202606171448,  -0.702,  -0.298,9999.000,9999.000,9999.000,9999.000,9999.000,9999.000,9999.000
202606171454,  -0.915,  -0.551,9999.000,9999.000,9999.000,9999.000,9999.000,9999.000,9999.000
202606171500,  -1.119,  -0.760,   0.100,   0.259,  -0.760,   0.100,  -0.760,   0.200,  -0.660
202606171506,  -1.312,  -1.029,9999.000,9999.000,9999.000,9999.000,9999.000,9999.000,9999.000
202606171512,  -1.494,  -1.249,9999.000,9999.000,9999.000,9999.000,9999.000,9999.000,9999.000
202606171518,  -1.664,  -1.449,9999.000,9999.000,9999.000,9999.000,9999.000,9999.000,9999.000
202606171524,  -1.823,  -1.630,9999.000,9999.000,9999.000,9999.000,9999.000,9999.000,9999.000
202606171530,  -1.969,  -1.781,9999.000,9999.000,9999.000,9999.000,9999.000,9999.000,9999.000
202606171536,  -2.103,  -1.899,9999.000,9999.000,9999.000,9999.000,9999.000,9999.000,9999.000
202606171542,  -2.224,  -2.010,9999.000,9999.000,9999.000,9999.000,9999.000,9999.000,9999.000
202606171548,  -2.331,  -2.148,9999.000,9999.000,9999.000,9999.000,9999.000,9999.000,9999.000
202606171554,  -2.425,  -2.269,9999.000,9999.000,9999.000,9999.000,9999.000,9999.000,9999.000
202606171600,  -2.506,  -2.400,   0.100,   0.006,  -2.400,   0.100,  -2.400,   0.100,  -2.400
202606171606,  -2.573,  -2.489,9999.000,9999.000,9999.000,9999.000,9999.000,9999.000,9999.000
202606171612,  -2.626,  -2.558,9999.000,9999.000,9999.000,9999.000,9999.000,9999.000,9999.000
202606171618,  -2.666,  -2.640,9999.000,9999.000,9999.000,9999.000,9999.000,9999.000,9999.000
202606171624,  -2.691,  -2.709,9999.000,9999.000,9999.000,9999.000,9999.000,9999.000,9999.000
202606171630,  -2.703,  -2.768,9999.000,9999.000,9999.000,9999.000,9999.000,9999.000,9999.000
202606171636,  -2.701,  -2.820,9999.000,9999.000,9999.000,9999.000,9999.000,9999.000,9999.000
202606171642,  -2.686,  -2.850,9999.000,9999.000,9999.000,9999.000,9999.000,9999.000,9999.000
202606171648,  -2.657,  -2.889,9999.000,9999.000,9999.000,9999.000,9999.000,9999.000,9999.000
202606171654,  -2.615,  -2.919,9999.000,9999.000,9999.000,9999.000,9999.000,9999.000,9999.000
202606171700,  -2.560,  -2.938,   0.100,  -0.478,  -2.938,   0.000,  -3.038,   0.100,  -2.938
202606171706,  -2.492,  -2.958,9999.000,9999.000,9999.000,9999.000,9999.000,9999.000,9999.000
202606171712,  -2.412,  -2.919,9999.000,9999.000,9999.000,9999.000,9999.000,9999.000,9999.000
202606171718,  -2.321,  -2.860,9999.000,9999.000,9999.000,9999.000,9999.000,9999.000,9999.000
202606171724,  -2.217,  -2.787,9999.000,9999.000,9999.000,9999.000,9999.000,9999.000,9999.000
202606171730,  -2.102,  -2.689,9999.000,9999.000,9999.000,9999.000,9999.000,9999.000,9999.000
202606171736,  -1.977,  -2.558,9999.000,9999.000,9999.000,9999.000,9999.000,9999.000,9999.000
202606171742,  -1.841,  -2.420,9999.000,9999.000,9999.000,9999.000,9999.000,9999.000,9999.000
202606171748,  -1.696,  -2.250,9999.000,9999.000,9999.000,9999.000,9999.000,9999.000,9999.000
202606171754,  -1.541,  -2.010,9999.000,9999.000,9999.000,9999.000,9999.000,9999.000,9999.000
202606171800,  -1.377,  -1.781,   0.100,  -0.504,  -1.781,   0.100,  -1.781,   0.200,  -1.681
202606171806,  -1.205,  -1.518,9999.000,9999.000,9999.000,9999.000,9999.000,9999.000,9999.000
202606171812,  -1.025,  -1.259,9999.000,9999.000,9999.000,9999.000,9999.000,9999.000,9999.000
202606171818,  -0.838,  -0.990,9999.000,9999.000,9999.000,9999.000,9999.000,9999.000,9999.000
202606171824,  -0.644,  -0.718,9999.000,9999.000,9999.000,9999.000,9999.000,9999.000,9999.000
202606171830,  -0.444,  -0.449,9999.000,9999.000,9999.000,9999.000,9999.000,9999.000,9999.000
202606171836,  -0.239,  -0.200,9999.000,9999.000,9999.000,9999.000,9999.000,9999.000,9999.000
202606171842,  -0.028,   0.059,9999.000,9999.000,9999.000,9999.000,9999.000,9999.000,9999.000
202606171848,   0.186,   0.321,9999.000,9999.000,9999.000,9999.000,9999.000,9999.000,9999.000
202606171854,   0.406,   0.590,9999.000,9999.000,9999.000,9999.000,9999.000,9999.000,9999.000
202606171900,   0.629,   0.829,   0.200,   0.000,   0.829,   0.100,   0.729,   0.200,   0.829
202606171906,   0.855,   1.088,9999.000,9999.000,9999.000,9999.000,9999.000,9999.000,9999.000
202606171912,   1.083,   1.318,9999.000,9999.000,9999.000,9999.000,9999.000,9999.000,9999.000
202606171918,   1.314,   1.580,9999.000,9999.000,9999.000,9999.000,9999.000,9999.000,9999.000
202606171924,   1.546,   1.800,9999.000,9999.000,9999.000,9999.000,9999.000,9999.000,9999.000
202606171930,   1.779,   2.010,9999.000,9999.000,9999.000,9999.000,9999.000,9999.000,9999.000
202606171936,   2.013,   2.230,9999.000,9999.000,9999.000,9999.000,9999.000,9999.000,9999.000
202606171942,   2.247,   2.450,9999.000,9999.000,9999.000,9999.000,9999.000,9999.000,9999.000
202606171948,   2.481,   2.650,9999.000,9999.000,9999.000,9999.000,9999.000,9999.000,9999.000
202606171954,   2.715,   2.860,9999.000,9999.000,9999.000,9999.000,9999.000,9999.000,9999.000
202606172000,   2.947,   3.089,   0.200,  -0.058,   3.089,   0.100,   2.989,   0.200,   3.089
202606172006,   3.179,   3.309,9999.000,9999.000,9999.000,9999.000,9999.000,9999.000,9999.000
202606172012,   3.408,   3.509,9999.000,9999.000,9999.000,9999.000,9999.000,9999.000,9999.000
202606172018,   3.635,   3.709,9999.000,9999.000,9999.000,9999.000,9999.000,9999.000,9999.000
202606172024,   3.860,   3.890,9999.000,9999.000,9999.000,9999.000,9999.000,9999.000,9999.000
202606172030,   4.082,   4.099,9999.000,9999.000,9999.000,9999.000,9999.000,9999.000,9999.000
202606172036,   4.300,   4.300,9999.000,9999.000,9999.000,9999.000,9999.000,9999.000,9999.000
202606172042,   4.515,   4.480,9999.000,9999.000,9999.000,9999.000,9999.000,9999.000,9999.000
202606172048,   4.726,   4.677,9999.000,9999.000,9999.000,9999.000,9999.000,9999.000,9999.000
202606172054,   4.932,   4.847,9999.000,9999.000,9999.000,9999.000,9999.000,9999.000,9999.000
202606172100,   5.134,   5.028,   0.100,  -0.206,   5.028,   0.100,   5.028,   0.200,   5.128
202606172106,   5.330,   5.198,9999.000,9999.000,9999.000,9999.000,9999.000,9999.000,9999.000
202606172112,   5.520,   5.379,9999.000,9999.000,9999.000,9999.000,9999.000,9999.000,9999.000
202606172118,   5.705,   5.559,9999.000,9999.000,9999.000,9999.000,9999.000,9999.000,9999.000
202606172124,   5.883,   5.717,9999.000,9999.000,9999.000,9999.000,9999.000,9999.000,9999.000
202606172130,   6.055,   5.877,9999.000,9999.000,9999.000,9999.000,9999.000,9999.000,9999.000
202606172136,   6.220,   6.038,9999.000,9999.000,9999.000,9999.000,9999.000,9999.000,9999.000
202606172142,   6.377,   6.199,9999.000,9999.000,9999.000,9999.000,9999.000,9999.000,9999.000
202606172148,   6.526,   6.346,9999.000,9999.000,9999.000,9999.000,9999.000,9999.000,9999.000
202606172154,   6.667,   6.497,9999.000,9999.000,9999.000,9999.000,9999.000,9999.000,9999.000
202606172200,   6.801,   6.628,   0.100,  -0.273,   6.628,   0.100,   6.628,   0.200,   6.728
202606172206,   6.925,   6.766,9999.000,9999.000,9999.000,9999.000,9999.000,9999.000,9999.000
202606172212,   7.040,   6.887,9999.000,9999.000,9999.000,9999.000,9999.000,9999.000,9999.000
202606172218,   7.147,   6.999,9999.000,9999.000,9999.000,9999.000,9999.000,9999.000,9999.000
202606172224,   7.244,   7.088,9999.000,9999.000,9999.000,9999.000,9999.000,9999.000,9999.000
202606172230,   7.331,   7.189,9999.000,9999.000,9999.000,9999.000,9999.000,9999.000,9999.000
202606172236,   7.409,   7.268,9999.000,9999.000,9999.000,9999.000,9999.000,9999.000,9999.000
202606172242,   7.478,   7.357,9999.000,9999.000,9999.000,9999.000,9999.000,9999.000,9999.000
202606172248,   7.536,   7.439,9999.000,9999.000,9999.000,9999.000,9999.000,9999.000,9999.000
202606172254,   7.585,   7.507,9999.000,9999.000,9999.000,9999.000,9999.000,9999.000,9999.000
202606172300,   7.623,   7.566,   0.200,  -0.257,   7.566,   0.100,   7.466,   0.200,   7.566
202606172306,   7.652,   7.619,9999.000,9999.000,9999.000,9999.000,9999.000,9999.000,9999.000
202606172312,   7.671,   7.648,9999.000,9999.000,9999.000,9999.000,9999.000,9999.000,9999.000
202606172318,   7.680,   7.639,9999.000,9999.000,9999.000,9999.000,9999.000,9999.000,9999.000
202606172324,   7.680,   7.648,9999.000,9999.000,9999.000,9999.000,9999.000,9999.000,9999.000
202606172330,   7.670,   7.639,9999.000,9999.000,9999.000,9999.000,9999.000,9999.000,9999.000
202606172336,   7.651,   7.596,9999.000,9999.000,9999.000,9999.000,9999.000,9999.000,9999.000
202606172342,   7.623,   7.566,9999.000,9999.000,9999.000,9999.000,9999.000,9999.000,9999.000
202606172348,   7.585,   7.507,9999.000,9999.000,9999.000,9999.000,9999.000,9999.000,9999.000
202606172354,   7.539,   7.468,9999.000,9999.000,9999.000,9999.000,9999.000,9999.000,9999.000
202606180000,   7.484,   7.399,   0.300,  -0.385,   7.399,   0.200,   7.299,   0.300,   7.399
202606180006,   7.421,   7.317,9999.000,9999.000,9999.000,9999.000,9999.000,9999.000,9999.000
202606180012,   7.351,   7.219,9999.000,9999.000,9999.000,9999.000,9999.000,9999.000,9999.000
202606180018,   7.272,   7.097,9999.000,9999.000,9999.000,9999.000,9999.000,9999.000,9999.000
202606180024,   7.186,   6.999,9999.000,9999.000,9999.000,9999.000,9999.000,9999.000,9999.000
202606180030,   7.093,   6.887,9999.000,9999.000,9999.000,9999.000,9999.000,9999.000,9999.000
202606180036,   6.993,   6.809,9999.000,9999.000,9999.000,9999.000,9999.000,9999.000,9999.000
202606180042,   6.887,   6.717,9999.000,9999.000,9999.000,9999.000,9999.000,9999.000,9999.000
202606180048,   6.774,   6.599,9999.000,9999.000,9999.000,9999.000,9999.000,9999.000,9999.000
202606180054,   6.656,   6.477,9999.000,9999.000,9999.000,9999.000,9999.000,9999.000,9999.000
202606180100,   6.533,   6.359,   0.300,  -0.474,   6.359,   0.200,   6.259,   0.300,   6.359
202606180106,   6.405,   6.228,9999.000,9999.000,9999.000,9999.000,9999.000,9999.000,9999.000
202606180112,   6.272,   6.117,9999.000,9999.000,9999.000,9999.000,9999.000,9999.000,9999.000
202606180118,   6.135,   5.969,9999.000,9999.000,9999.000,9999.000,9999.000,9999.000,9999.000
202606180124,   5.994,   5.838,9999.000,9999.000,9999.000,9999.000,9999.000,9999.000,9999.000
202606180130,   5.850,   5.677,9999.000,9999.000,9999.000,9999.000,9999.000,9999.000,9999.000
202606180136,   5.703,   5.549,9999.000,9999.000,9999.000,9999.000,9999.000,9999.000,9999.000
202606180142,   5.554,   5.418,9999.000,9999.000,9999.000,9999.000,9999.000,9999.000,9999.000
202606180148,   5.402,   5.277,9999.000,9999.000,9999.000,9999.000,9999.000,9999.000,9999.000
202606180154,   5.250,   5.149,9999.000,9999.000,9999.000,9999.000,9999.000,9999.000,9999.000
202606180200,   5.097,   4.998,   0.300,  -0.399,   4.998,   0.200,   4.898,   0.300,   4.998
202606180206,   4.943,   4.867,9999.000,9999.000,9999.000,9999.000,9999.000,9999.000,9999.000
202606180212,   4.790,   4.719,9999.000,9999.000,9999.000,9999.000,9999.000,9999.000,9999.000
202606180218,   4.637,   4.569,9999.000,9999.000,9999.000,9999.000,9999.000,9999.000,9999.000
202606180224,   4.486,   4.418,9999.000,9999.000,9999.000,9999.000,9999.000,9999.000,9999.000
202606180230,   4.336,   4.280,9999.000,9999.000,9999.000,9999.000,9999.000,9999.000,9999.000
202606180236,   4.189,   4.129,9999.000,9999.000,9999.000,9999.000,9999.000,9999.000,9999.000
202606180242,   4.045,   3.978,9999.000,9999.000,9999.000,9999.000,9999.000,9999.000,9999.000
202606180248,   3.904,   3.817,9999.000,9999.000,9999.000,9999.000,9999.000,9999.000,9999.000
202606180254,   3.768,   3.689,9999.000,9999.000,9999.000,9999.000,9999.000,9999.000,9999.000
202606180300,   3.636,   3.539,   0.300,  -0.397,   3.539,   0.300,   3.539,   0.300,   3.539
202606180306,   3.509,   3.407,9999.000,9999.000,9999.000,9999.000,9999.000,9999.000,9999.000
202606180312,   3.388,   3.289,9999.000,9999.000,9999.000,9999.000,9999.000,9999.000,9999.000
202606180318,   3.273,   3.178,9999.000,9999.000,9999.000,9999.000,9999.000,9999.000,9999.000
202606180324,   3.165,   3.070,9999.000,9999.000,9999.000,9999.000,9999.000,9999.000,9999.000
202606180330,   3.064,   2.968,9999.000,9999.000,9999.000,9999.000,9999.000,9999.000,9999.000
202606180336,   2.970,   2.879,9999.000,9999.000,9999.000,9999.000,9999.000,9999.000,9999.000
202606180342,   2.885,   2.807,9999.000,9999.000,9999.000,9999.000,9999.000,9999.000,9999.000
202606180348,   2.807,   2.728,9999.000,9999.000,9999.000,9999.000,9999.000,9999.000,9999.000
202606180354,   2.738,   2.650,9999.000,9999.000,9999.000,9999.000,9999.000,9999.000,9999.000
202606180400,   2.678,   2.597,   0.300,  -0.381,   2.597,   0.300,   2.597,   0.300,   2.597
202606180406,   2.628,   2.538,9999.000,9999.000,9999.000,9999.000,9999.000,9999.000,9999.000
202606180412,   2.586,   2.548,9999.000,9999.000,9999.000,9999.000,9999.000,9999.000,9999.000
202606180418,   2.555,   2.479,9999.000,9999.000,9999.000,9999.000,9999.000,9999.000,9999.000
202606180424,   2.533,   2.459,9999.000,9999.000,9999.000,9999.000,9999.000,9999.000,9999.000
202606180430,   2.521,   2.420,9999.000,9999.000,9999.000,9999.000,9999.000,9999.000,9999.000
202606180436,   2.518,   2.430,9999.000,9999.000,9999.000,9999.000,9999.000,9999.000,9999.000
202606180442,   2.526,   2.459,9999.000,9999.000,9999.000,9999.000,9999.000,9999.000,9999.000
202606180448,   2.544,   2.459,9999.000,9999.000,9999.000,9999.000,9999.000,9999.000,9999.000
202606180454,   2.572,   2.459,9999.000,9999.000,9999.000,9999.000,9999.000,9999.000,9999.000
202606180500,   2.609,   2.479,   0.300,  -0.430,   2.479,   0.300,   2.479,   0.300,   2.479
202606180506,   2.656,   2.499,9999.000,9999.000,9999.000,9999.000,9999.000,9999.000,9999.000
202606180512,   2.713,   2.548,9999.000,9999.000,9999.000,9999.000,9999.000,9999.000,9999.000
202606180518,   2.779,   2.620,9999.000,9999.000,9999.000,9999.000,9999.000,9999.000,9999.000
202606180524,   2.855,   2.709,9999.000,9999.000,9999.000,9999.000,9999.000,9999.000,9999.000
202606180530,   2.939,   2.787,9999.000,9999.000,9999.000,9999.000,9999.000,9999.000,9999.000
202606180536,   3.032,   2.899,9999.000,9999.000,9999.000,9999.000,9999.000,9999.000,9999.000
202606180542,   3.133,   2.988,9999.000,9999.000,9999.000,9999.000,9999.000,9999.000,9999.000
202606180548,   3.243,   3.079,9999.000,9999.000,9999.000,9999.000,9999.000,9999.000,9999.000
202606180554,   3.360,   3.197,9999.000,9999.000,9999.000,9999.000,9999.000,9999.000,9999.000
202606180600,   3.484,   3.289,   0.100,  -0.295,   3.289,   0.100,   3.289,   0.100,   3.289
202606180606,   3.615,   3.427,9999.000,9999.000,9999.000,9999.000,9999.000,9999.000,9999.000
202606180612,   3.752,   3.568,9999.000,9999.000,9999.000,9999.000,9999.000,9999.000,9999.000
202606180618,   3.896,   3.719,9999.000,9999.000,9999.000,9999.000,9999.000,9999.000,9999.000
202606180624,   4.045,   3.860,9999.000,9999.000,9999.000,9999.000,9999.000,9999.000,9999.000
202606180630,   4.199,   4.017,9999.000,9999.000,9999.000,9999.000,9999.000,9999.000,9999.000
202606180636,   4.357,   4.168,9999.000,9999.000,9999.000,9999.000,9999.000,9999.000,9999.000
202606180642,   4.520,   4.319,9999.000,9999.000,9999.000,9999.000,9999.000,9999.000,9999.000
202606180648,   4.686,   4.467,9999.000,9999.000,9999.000,9999.000,9999.000,9999.000,9999.000
202606180654,   4.855,   4.628,9999.000,9999.000,9999.000,9999.000,9999.000,9999.000,9999.000
202606180700,   5.027,   4.788,   0.100,  -0.339,   4.788,   0.100,   4.788,   0.100,   4.788
202606180706,   5.201,   4.969,9999.000,9999.000,9999.000,9999.000,9999.000,9999.000,9999.000
202606180712,   5.377,   5.129,9999.000,9999.000,9999.000,9999.000,9999.000,9999.000,9999.000
202606180718,   5.554,   5.287,9999.000,9999.000,9999.000,9999.000,9999.000,9999.000,9999.000
202606180724,   5.731,   5.467,9999.000,9999.000,9999.000,9999.000,9999.000,9999.000,9999.000
202606180730,   5.909,   5.657,9999.000,9999.000,9999.000,9999.000,9999.000,9999.000,9999.000
202606180736,   6.086,   5.828,9999.000,9999.000,9999.000,9999.000,9999.000,9999.000,9999.000
202606180742,   6.263,   5.999,9999.000,9999.000,9999.000,9999.000,9999.000,9999.000,9999.000
202606180748,   6.438,   6.189,9999.000,9999.000,9999.000,9999.000,9999.000,9999.000,9999.000
202606180754,   6.612,   6.346,9999.000,9999.000,9999.000,9999.000,9999.000,9999.000,9999.000
202606180800,   6.784,   6.537,   0.100,  -0.347,   6.537,   0.100,   6.537,   0.200,   6.637
202606180806,   6.954,   6.727,9999.000,9999.000,9999.000,9999.000,9999.000,9999.000,9999.000
202606180812,   7.121,   6.907,9999.000,9999.000,9999.000,9999.000,9999.000,9999.000,9999.000
202606180818,   7.284,   7.078,9999.000,9999.000,9999.000,9999.000,9999.000,9999.000,9999.000
202606180824,   7.445,   7.248,9999.000,9999.000,9999.000,9999.000,9999.000,9999.000,9999.000
202606180830,   7.601,   7.419,9999.000,9999.000,9999.000,9999.000,9999.000,9999.000,9999.000
202606180836,   7.753,   7.576,9999.000,9999.000,9999.000,9999.000,9999.000,9999.000,9999.000
202606180842,   7.900,   7.737,9999.000,9999.000,9999.000,9999.000,9999.000,9999.000,9999.000
202606180848,   8.043,   7.908,9999.000,9999.000,9999.000,9999.000,9999.000,9999.000,9999.000
202606180854,   8.180,   8.049,9999.000,9999.000,9999.000,9999.000,9999.000,9999.000,9999.000
202606180900,   8.312,   8.186,   0.100,  -0.226,   8.186,   0.100,   8.186,   0.100,   8.186
202606180906,   8.437,   8.327,9999.000,9999.000,9999.000,9999.000,9999.000,9999.000,9999.000
202606180912,   8.557,   8.449,9999.000,9999.000,9999.000,9999.000,9999.000,9999.000,9999.000
202606180918,   8.669,   8.567,9999.000,9999.000,9999.000,9999.000,9999.000,9999.000,9999.000
202606180924,   8.775,   8.678,9999.000,9999.000,9999.000,9999.000,9999.000,9999.000,9999.000
202606180930,   8.873,   8.767,9999.000,9999.000,9999.000,9999.000,9999.000,9999.000,9999.000
202606180936,   8.964,   8.869,9999.000,9999.000,9999.000,9999.000,9999.000,9999.000,9999.000
202606180942,   9.047,   8.957,9999.000,9999.000,9999.000,9999.000,9999.000,9999.000,9999.000
202606180948,   9.121,   9.036,9999.000,9999.000,9999.000,9999.000,9999.000,9999.000,9999.000
202606180954,   9.187,   9.118,9999.000,9999.000,9999.000,9999.000,9999.000,9999.000,9999.000
202606181000,   9.244,   9.167,   0.100,  -0.177,   9.167,   0.100,   9.167,   0.100,   9.167
202606181006,   9.292,   9.226,9999.000,9999.000,9999.000,9999.000,9999.000,9999.000,9999.000
202606181012,   9.330,   9.256,9999.000,9999.000,9999.000,9999.000,9999.000,9999.000,9999.000
202606181018,   9.359,   9.288,9999.000,9999.000,9999.000,9999.000,9999.000,9999.000,9999.000
202606181024,   9.377,   9.308,9999.000,9999.000,9999.000,9999.000,9999.000,9999.000,9999.000
202606181030,   9.385,   9.298,9999.000,9999.000,9999.000,9999.000,9999.000,9999.000,9999.000
202606181036,   9.383,   9.298,9999.000,9999.000,9999.000,9999.000,9999.000,9999.000,9999.000
202606181042,   9.371,   9.279,9999.000,9999.000,9999.000,9999.000,9999.000,9999.000,9999.000
202606181048,   9.347,   9.246,9999.000,9999.000,9999.000,9999.000,9999.000,9999.000,9999.000
202606181054,   9.313,   9.197,9999.000,9999.000,9999.000,9999.000,9999.000,9999.000,9999.000
202606181100,   9.268,   9.147,   0.100,  -0.221,   9.147,   0.100,   9.147,   0.100,   9.147
202606181106,   9.212,   9.079,9999.000,9999.000,9999.000,9999.000,9999.000,9999.000,9999.000
202606181112,   9.145,   9.006,9999.000,9999.000,9999.000,9999.000,9999.000,9999.000,9999.000
202606181118,   9.067,   8.928,9999.000,9999.000,9999.000,9999.000,9999.000,9999.000,9999.000
202606181124,   8.978,   8.836,9999.000,9999.000,9999.000,9999.000,9999.000,9999.000,9999.000
202606181130,   8.878,   8.728,9999.000,9999.000,9999.000,9999.000,9999.000,9999.000,9999.000
202606181136,   8.768,   8.626,9999.000,9999.000,9999.000,9999.000,9999.000,9999.000,9999.000
202606181142,   8.647,   8.508,9999.000,9999.000,9999.000,9999.000,9999.000,9999.000,9999.000
202606181148,   8.516,   8.367,9999.000,9999.000,9999.000,9999.000,9999.000,9999.000,9999.000
202606181154,   8.374,   8.216,9999.000,9999.000,9999.000,9999.000,9999.000,9999.000,9999.000
202606181200,   8.223,   8.058,   0.000,  -0.165,   8.058,   0.000,   8.058,   0.000,   8.058
202606181206,   8.062,   7.908,9999.000,9999.000,9999.000,9999.000,9999.000,9999.000,9999.000
202606181212,   7.892,   7.747,9999.000,9999.000,9999.000,9999.000,9999.000,9999.000,9999.000
202606181218,   7.713,   7.586,9999.000,9999.000,9999.000,9999.000,9999.000,9999.000,9999.000
202606181224,   7.526,   7.419,9999.000,9999.000,9999.000,9999.000,9999.000,9999.000,9999.000
202606181230,   7.330,   7.248,9999.000,9999.000,9999.000,9999.000,9999.000,9999.000,9999.000
202606181236,   7.126,   7.048,9999.000,9999.000,9999.000,9999.000,9999.000,9999.000,9999.000
202606181242,   6.914,   6.868,9999.000,9999.000,9999.000,9999.000,9999.000,9999.000,9999.000
202606181248,   6.696,   6.668,9999.000,9999.000,9999.000,9999.000,9999.000,9999.000,9999.000
202606181254,   6.470,   6.458,9999.000,9999.000,9999.000,9999.000,9999.000,9999.000,9999.000
202606181300,   6.239,   6.238,   0.000,  -0.001,   6.238,   0.000,   6.238,   0.000,   6.238
202606181306,   6.001,   6.038,9999.000,9999.000,9999.000,9999.000,9999.000,9999.000,9999.000
202606181312,   5.759,   5.818,9999.000,9999.000,9999.000,9999.000,9999.000,9999.000,9999.000
202606181318,   5.511,   5.598,9999.000,9999.000,9999.000,9999.000,9999.000,9999.000,9999.000
202606181324,   5.259,   5.369,9999.000,9999.000,9999.000,9999.000,9999.000,9999.000,9999.000
202606181330,   5.003,   5.120,9999.000,9999.000,9999.000,9999.000,9999.000,9999.000,9999.000
202606181336,   4.744,   4.877,9999.000,9999.000,9999.000,9999.000,9999.000,9999.000,9999.000
202606181342,   4.482,   4.657,9999.000,9999.000,9999.000,9999.000,9999.000,9999.000,9999.000
202606181348,   4.217,   4.408,9999.000,9999.000,9999.000,9999.000,9999.000,9999.000,9999.000
202606181354,   3.951,   4.178,9999.000,9999.000,9999.000,9999.000,9999.000,9999.000,9999.000
202606181400,   3.683,   3.929,   0.000,   0.246,   3.929,   0.000,   3.929,   0.000,   3.929
202606181406,   3.415,   3.680,9999.000,9999.000,9999.000,9999.000,9999.000,9999.000,9999.000
202606181412,   3.147,   3.427,9999.000,9999.000,9999.000,9999.000,9999.000,9999.000,9999.000
202606181418,   2.879,   3.178,9999.000,9999.000,9999.000,9999.000,9999.000,9999.000,9999.000
202606181424,   2.612,   2.919,9999.000,9999.000,9999.000,9999.000,9999.000,9999.000,9999.000
202606181430,   2.347,   2.669,9999.000,9999.000,9999.000,9999.000,9999.000,9999.000,9999.000
202606181436,   2.084,   2.430,9999.000,9999.000,9999.000,9999.000,9999.000,9999.000,9999.000
202606181442,   1.824,   2.177,9999.000,9999.000,9999.000,9999.000,9999.000,9999.000,9999.000
202606181448,   1.568,   1.908,9999.000,9999.000,9999.000,9999.000,9999.000,9999.000,9999.000
202606181454,   1.315,   1.630,9999.000,9999.000,9999.000,9999.000,9999.000,9999.000,9999.000
202606181500,   1.068,   1.361,   0.000,   0.293,   1.361,   0.000,   1.361,   0.000,   1.361
202606181506,   0.826,   1.108,9999.000,9999.000,9999.000,9999.000,9999.000,9999.000,9999.000
202606181512,   0.589,   0.839,9999.000,9999.000,9999.000,9999.000,9999.000,9999.000,9999.000
202606181518,   0.360,   0.590,9999.000,9999.000,9999.000,9999.000,9999.000,9999.000,9999.000
202606181524,   0.137,   0.360,9999.000,9999.000,9999.000,9999.000,9999.000,9999.000,9999.000
202606181530,  -0.077,   0.098,9999.000,9999.000,9999.000,9999.000,9999.000,9999.000,9999.000
202606181536,  -0.283,  -0.141,9999.000,9999.000,9999.000,9999.000,9999.000,9999.000,9999.000
202606181542,  -0.481,  -0.380,9999.000,9999.000,9999.000,9999.000,9999.000,9999.000,9999.000
202606181548,  -0.670,  -0.580,9999.000,9999.000,9999.000,9999.000,9999.000,9999.000,9999.000
202606181554,  -0.849,  -0.780,9999.000,9999.000,9999.000,9999.000,9999.000,9999.000,9999.000
202606181600,  -1.017,  -0.941,   0.000,   0.076,  -0.941,   0.000,  -0.941,   0.000,  -0.941
202606181606,  -1.175,  -1.128,9999.000,9999.000,9999.000,9999.000,9999.000,9999.000,9999.000
202606181612,  -1.323,  -1.289,9999.000,9999.000,9999.000,9999.000,9999.000,9999.000,9999.000
202606181618,  -1.458,  -1.459,9999.000,9999.000,9999.000,9999.000,9999.000,9999.000,9999.000
202606181624,  -1.582,  -1.600,9999.000,9999.000,9999.000,9999.000,9999.000,9999.000,9999.000
202606181630,  -1.695,  -1.728,9999.000,9999.000,9999.000,9999.000,9999.000,9999.000,9999.000
202606181636,  -1.795,  -1.869,9999.000,9999.000,9999.000,9999.000,9999.000,9999.000,9999.000
202606181642,  -1.882,  -1.948,9999.000,9999.000,9999.000,9999.000,9999.000,9999.000,9999.000
202606181648,  -1.957,  -2.049,9999.000,9999.000,9999.000,9999.000,9999.000,9999.000,9999.000
202606181654,  -2.020,  -2.118,9999.000,9999.000,9999.000,9999.000,9999.000,9999.000,9999.000
202606181700,  -2.070,  -2.191,   0.000,  -0.121,  -2.191,   0.000,  -2.191,   0.000,  -2.191
202606181706,  -2.107,  -2.250,9999.000,9999.000,9999.000,9999.000,9999.000,9999.000,9999.000
202606181712,  -2.131,  -2.289,9999.000,9999.000,9999.000,9999.000,9999.000,9999.000,9999.000
202606181718,  -2.142,  -2.328,9999.000,9999.000,9999.000,9999.000,9999.000,9999.000,9999.000
202606181724,  -2.141,  -2.348,9999.000,9999.000,9999.000,9999.000,9999.000,9999.000,9999.000
202606181730,  -2.127,  -2.338,9999.000,9999.000,9999.000,9999.000,9999.000,9999.000,9999.000
202606181736,  -2.100,  -2.338,9999.000,9999.000,9999.000,9999.000,9999.000,9999.000,9999.000
202606181742,  -2.062,  -2.328,9999.000,9999.000,9999.000,9999.000,9999.000,9999.000,9999.000
202606181748,  -2.011,  -2.328,9999.000,9999.000,9999.000,9999.000,9999.000,9999.000,9999.000
202606181754,  -1.948,  -2.328,9999.000,9999.000,9999.000,9999.000,9999.000,9999.000,9999.000
202606181800,  -1.874,  -2.309,   0.000,  -0.435,  -2.309,   0.000,  -2.309,   0.000,  -2.309
202606181806,  -1.788,  -2.250,9999.000,9999.000,9999.000,9999.000,9999.000,9999.000,9999.000
202606181812,  -1.692,  -2.138,9999.000,9999.000,9999.000,9999.000,9999.000,9999.000,9999.000
202606181818,  -1.585,  -2.000,9999.000,9999.000,9999.000,9999.000,9999.000,9999.000,9999.000
202606181824,  -1.468,  -1.849,9999.000,9999.000,9999.000,9999.000,9999.000,9999.000,9999.000
202606181830,  -1.341,  -1.718,9999.000,9999.000,9999.000,9999.000,9999.000,9999.000,9999.000
202606181836,  -1.204,  -1.580,9999.000,9999.000,9999.000,9999.000,9999.000,9999.000,9999.000
202606181842,  -1.059,  -1.390,9999.000,9999.000,9999.000,9999.000,9999.000,9999.000,9999.000
202606181848,  -0.905,  -1.180,9999.000,9999.000,9999.000,9999.000,9999.000,9999.000,9999.000
202606181854,  -0.743,  -0.918,9999.000,9999.000,9999.000,9999.000,9999.000,9999.000,9999.000
202606181900,  -0.574,  -0.669,   0.000,  -0.095,  -0.669,   0.000,  -0.669,   0.000,  -0.669
202606181906,  -0.397,  -0.449,9999.000,9999.000,9999.000,9999.000,9999.000,9999.000,9999.000
202606181912,  -0.214,  -0.200,9999.000,9999.000,9999.000,9999.000,9999.000,9999.000,9999.000
202606181918,  -0.025,   0.029,9999.000,9999.000,9999.000,9999.000,9999.000,9999.000,9999.000
202606181924,   0.168,   0.268,9999.000,9999.000,9999.000,9999.000,9999.000,9999.000,9999.000
202606181930,   0.368,   0.518,9999.000,9999.000,9999.000,9999.000,9999.000,9999.000,9999.000
202606181936,   0.572,   0.770,9999.000,9999.000,9999.000,9999.000,9999.000,9999.000,9999.000
202606181942,   0.780,   0.990,9999.000,9999.000,9999.000,9999.000,9999.000,9999.000,9999.000
202606181948,   0.991,   1.200,9999.000,9999.000,9999.000,9999.000,9999.000,9999.000,9999.000
202606181954,   1.206,   1.420,9999.000,9999.000,9999.000,9999.000,9999.000,9999.000,9999.000
202606182000,   1.423,   1.649,   0.000,   0.226,   1.649,   0.000,   1.649,   0.000,   1.649
202606182006,   1.643,   1.840,9999.000,9999.000,9999.000,9999.000,9999.000,9999.000,9999.000
202606182012,   1.864,   2.069,9999.000,9999.000,9999.000,9999.000,9999.000,9999.000,9999.000
202606182018,   2.086,   2.289,9999.000,9999.000,9999.000,9999.000,9999.000,9999.000,9999.000
202606182024,   2.309,   2.519,9999.000,9999.000,9999.000,9999.000,9999.000,9999.000,9999.000
202606182030,   2.533,   2.719,9999.000,9999.000,9999.000,9999.000,9999.000,9999.000,9999.000
202606182036,   2.756,   2.909,9999.000,9999.000,9999.000,9999.000,9999.000,9999.000,9999.000
202606182042,   2.979,   3.119,9999.000,9999.000,9999.000,9999.000,9999.000,9999.000,9999.000
202606182048,   3.202,   3.348,9999.000,9999.000,9999.000,9999.000,9999.000,9999.000,9999.000
202606182054,   3.423,   3.558,9999.000,9999.000,9999.000,9999.000,9999.000,9999.000,9999.000
202606182100,   3.643,   3.749,   0.000,   0.106,   3.749,   0.000,   3.749,   0.000,   3.749
202606182106,   3.860,   3.919,9999.000,9999.000,9999.000,9999.000,9999.000,9999.000,9999.000
202606182112,   4.076,   4.109,9999.000,9999.000,9999.000,9999.000,9999.000,9999.000,9999.000
202606182118,   4.288,   4.300,9999.000,9999.000,9999.000,9999.000,9999.000,9999.000,9999.000
202606182124,   4.498,   4.490,9999.000,9999.000,9999.000,9999.000,9999.000,9999.000,9999.000
202606182130,   4.705,   4.667,9999.000,9999.000,9999.000,9999.000,9999.000,9999.000,9999.000
202606182136,   4.907,   4.847,9999.000,9999.000,9999.000,9999.000,9999.000,9999.000,9999.000
202606182142,   5.106,   5.038,9999.000,9999.000,9999.000,9999.000,9999.000,9999.000,9999.000
202606182148,   5.300,   5.218,9999.000,9999.000,9999.000,9999.000,9999.000,9999.000,9999.000
202606182154,   5.489,   5.398,9999.000,9999.000,9999.000,9999.000,9999.000,9999.000,9999.000
202606182200,   5.673,   5.589,   0.000,  -0.084,   5.589,   0.000,   5.589,   0.000,   5.589
202606182206,   5.851,   5.769,9999.000,9999.000,9999.000,9999.000,9999.000,9999.000,9999.000
202606182212,   6.024,   5.940,9999.000,9999.000,9999.000,9999.000,9999.000,9999.000,9999.000
202606182218,   6.190,   6.117,9999.000,9999.000,9999.000,9999.000,9999.000,9999.000,9999.000
202606182224,   6.350,   6.277,9999.000,9999.000,9999.000,9999.000,9999.000,9999.000,9999.000
202606182230,   6.503,   6.418,9999.000,9999.000,9999.000,9999.000,9999.000,9999.000,9999.000
202606182236,   6.648,   6.569,9999.000,9999.000,9999.000,9999.000,9999.000,9999.000,9999.000
202606182242,   6.786,   6.707,9999.000,9999.000,9999.000,9999.000,9999.000,9999.000,9999.000
202606182248,   6.916,   6.848,9999.000,9999.000,9999.000,9999.000,9999.000,9999.000,9999.000
202606182254,   7.037,   6.956,9999.000,9999.000,9999.000,9999.000,9999.000,9999.000,9999.000
202606182300,   7.150,   7.068,   0.000,  -0.082,   7.068,   0.000,   7.068,   0.000,   7.068
202606182306,   7.255,   7.176,9999.000,9999.000,9999.000,9999.000,9999.000,9999.000,9999.000
202606182312,   7.350,   7.278,9999.000,9999.000,9999.000,9999.000,9999.000,9999.000,9999.000
202606182318,   7.437,   7.376,9999.000,9999.000,9999.000,9999.000,9999.000,9999.000,9999.000
202606182324,   7.514,   7.468,9999.000,9999.000,9999.000,9999.000,9999.000,9999.000,9999.000
202606182330,   7.581,   7.527,9999.000,9999.000,9999.000,9999.000,9999.000,9999.000,9999.000
202606182336,   7.639,   7.596,9999.000,9999.000,9999.000,9999.000,9999.000,9999.000,9999.000
202606182342,   7.688,   7.648,9999.000,9999.000,9999.000,9999.000,9999.000,9999.000,9999.000
202606182348,   7.726,   7.707,9999.000,9999.000,9999.000,9999.000,9999.000,9999.000,9999.000
202606182354,   7.755,   7.747,9999.000,9999.000,9999.000,9999.000,9999.000,9999.000,9999.000
202606190000,   7.775,   7.757,   0.200,  -0.218,   7.757,   0.200,   7.757,   0.200,   7.757
202606190006,   7.785,   7.776,9999.000,9999.000,9999.000,9999.000,9999.000,9999.000,9999.000
202606190012,   7.785,   7.776,9999.000,9999.000,9999.000,9999.000,9999.000,9999.000,9999.000
202606190018,   7.776,   7.776,9999.000,9999.000,9999.000,9999.000,9999.000,9999.000,9999.000
202606190024,   7.757,   7.757,9999.000,9999.000,9999.000,9999.000,9999.000,9999.000,9999.000
202606190030,   7.730,   7.717,9999.000,9999.000,9999.000,9999.000,9999.000,9999.000,9999.000
202606190036,   7.693,   7.678,9999.000,9999.000,9999.000,9999.000,9999.000,9999.000,9999.000
202606190042,   7.648,   7.629,9999.000,9999.000,9999.000,9999.000,9999.000,9999.000,9999.000
202606190048,   7.594,   7.576,9999.000,9999.000,9999.000,9999.000,9999.000,9999.000,9999.000
202606190054,   7.533,   7.517,9999.000,9999.000,9999.000,9999.000,9999.000,9999.000,9999.000
202606190100,   7.463,   7.448,   0.200,  -0.215,   7.448,   0.100,   7.348,   0.200,   7.448
202606190106,   7.385,   7.357,9999.000,9999.000,9999.000,9999.000,9999.000,9999.000,9999.000
202606190112,   7.300,   7.258,9999.000,9999.000,9999.000,9999.000,9999.000,9999.000,9999.000
202606190118,   7.208,   7.137,9999.000,9999.000,9999.000,9999.000,9999.000,9999.000,9999.000
202606190124,   7.109,   7.029,9999.000,9999.000,9999.000,9999.000,9999.000,9999.000,9999.000
202606190130,   7.004,   6.907,9999.000,9999.000,9999.000,9999.000,9999.000,9999.000,9999.000
202606190136,   6.893,   6.789,9999.000,9999.000,9999.000,9999.000,9999.000,9999.000,9999.000
202606190142,   6.776,   6.697,9999.000,9999.000,9999.000,9999.000,9999.000,9999.000,9999.000
202606190148,   6.653,   6.579,9999.000,9999.000,9999.000,9999.000,9999.000,9999.000,9999.000
202606190154,   6.526,   6.458,9999.000,9999.000,9999.000,9999.000,9999.000,9999.000,9999.000
202606190200,   6.394,   6.336,   0.200,  -0.258,   6.336,   0.200,   6.336,   0.200,   6.336
202606190206,   6.258,   6.189,9999.000,9999.000,9999.000,9999.000,9999.000,9999.000,9999.000
202606190212,   6.118,   6.048,9999.000,9999.000,9999.000,9999.000,9999.000,9999.000,9999.000
202606190218,   5.975,   5.907,9999.000,9999.000,9999.000,9999.000,9999.000,9999.000,9999.000
202606190224,   5.829,   5.769,9999.000,9999.000,9999.000,9999.000,9999.000,9999.000,9999.000
202606190230,   5.681,   5.628,9999.000,9999.000,9999.000,9999.000,9999.000,9999.000,9999.000
202606190236,   5.530,   5.497,9999.000,9999.000,9999.000,9999.000,9999.000,9999.000,9999.000
202606190242,   5.378,   5.369,9999.000,9999.000,9999.000,9999.000,9999.000,9999.000,9999.000
202606190248,   5.225,   5.218,9999.000,9999.000,9999.000,9999.000,9999.000,9999.000,9999.000
202606190254,   5.072,   5.077,9999.000,9999.000,9999.000,9999.000,9999.000,9999.000,9999.000
202606190300,   4.918,   4.919,   0.200,  -0.199,   4.919,   0.200,   4.919,   0.200,   4.919
202606190306,   4.765,   4.769,9999.000,9999.000,9999.000,9999.000,9999.000,9999.000,9999.000
202606190312,   4.613,   4.628,9999.000,9999.000,9999.000,9999.000,9999.000,9999.000,9999.000
202606190318,   4.463,   4.480,9999.000,9999.000,9999.000,9999.000,9999.000,9999.000,9999.000
202606190324,   4.314,   4.329,9999.000,9999.000,9999.000,9999.000,9999.000,9999.000,9999.000
202606190330,   4.168,   4.208,9999.000,9999.000,9999.000,9999.000,9999.000,9999.000,9999.000
202606190336,   4.025,   4.057,9999.000,9999.000,9999.000,9999.000,9999.000,9999.000,9999.000
202606190342,   3.886,   3.929,9999.000,9999.000,9999.000,9999.000,9999.000,9999.000,9999.000
202606190348,   3.750,   3.808,9999.000,9999.000,9999.000,9999.000,9999.000,9999.000,9999.000
202606190354,   3.619,   3.670,9999.000,9999.000,9999.000,9999.000,9999.000,9999.000,9999.000
202606190400,   3.493,   3.529,   0.200,  -0.164,   3.529,   0.200,   3.529,   0.300,   3.629
202606190406,   3.373,   3.407,9999.000,9999.000,9999.000,9999.000,9999.000,9999.000,9999.000
202606190412,   3.258,   3.309,9999.000,9999.000,9999.000,9999.000,9999.000,9999.000,9999.000
202606190418,   3.150,   3.217,9999.000,9999.000,9999.000,9999.000,9999.000,9999.000,9999.000
202606190424,   3.048,   3.119,9999.000,9999.000,9999.000,9999.000,9999.000,9999.000,9999.000
202606190430,   2.954,   3.030,9999.000,9999.000,9999.000,9999.000,9999.000,9999.000,9999.000
202606190436,   2.867,   2.929,9999.000,9999.000,9999.000,9999.000,9999.000,9999.000,9999.000
202606190442,   2.787,   2.830,9999.000,9999.000,9999.000,9999.000,9999.000,9999.000,9999.000
202606190448,   2.716,   2.738,9999.000,9999.000,9999.000,9999.000,9999.000,9999.000,9999.000
202606190454,   2.653,   2.679,9999.000,9999.000,9999.000,9999.000,9999.000,9999.000,9999.000
202606190500,   2.598,   2.640,   0.200,  -0.158,   2.640,   0.200,   2.640,   0.300,   2.740
202606190506,   2.552,   2.587,9999.000,9999.000,9999.000,9999.000,9999.000,9999.000,9999.000
202606190512,   2.516,   2.548,9999.000,9999.000,9999.000,9999.000,9999.000,9999.000,9999.000
202606190518,   2.488,   2.499,9999.000,9999.000,9999.000,9999.000,9999.000,9999.000,9999.000
202606190524,   2.469,   2.469,9999.000,9999.000,9999.000,9999.000,9999.000,9999.000,9999.000
202606190530,   2.459,   2.479,9999.000,9999.000,9999.000,9999.000,9999.000,9999.000,9999.000
202606190536,   2.459,   2.469,9999.000,9999.000,9999.000,9999.000,9999.000,9999.000,9999.000
202606190542,   2.468,   2.469,9999.000,9999.000,9999.000,9999.000,9999.000,9999.000,9999.000
202606190548,   2.486,   2.459,9999.000,9999.000,9999.000,9999.000,9999.000,9999.000,9999.000
202606190554,   2.513,   2.479,9999.000,9999.000,9999.000,9999.000,9999.000,9999.000,9999.000
202606190600,   2.549,   2.519,   0.200,  -0.230,   2.519,   0.200,   2.519,   0.300,   2.619
202606190606,   2.595,   2.578,9999.000,9999.000,9999.000,9999.000,9999.000,9999.000,9999.000
202606190612,   2.649,   2.587,9999.000,9999.000,9999.000,9999.000,9999.000,9999.000,9999.000
202606190618,   2.711,   2.630,9999.000,9999.000,9999.000,9999.000,9999.000,9999.000,9999.000
202606190624,   2.782,   2.689,9999.000,9999.000,9999.000,9999.000,9999.000,9999.000,9999.000
202606190630,   2.861,   2.758,9999.000,9999.000,9999.000,9999.000,9999.000,9999.000,9999.000
202606190636,   2.948,   2.879,9999.000,9999.000,9999.000,9999.000,9999.000,9999.000,9999.000
202606190642,   3.042,   2.958,9999.000,9999.000,9999.000,9999.000,9999.000,9999.000,9999.000
202606190648,   3.144,   3.070,9999.000,9999.000,9999.000,9999.000,9999.000,9999.000,9999.000
202606190654,   3.252,   3.188,9999.000,9999.000,9999.000,9999.000,9999.000,9999.000,9999.000
202606190700,   3.367,   3.279,   0.300,  -0.388,   3.279,   0.300,   3.279,   0.300,   3.279
202606190706,   3.488,   3.398,9999.000,9999.000,9999.000,9999.000,9999.000,9999.000,9999.000
202606190712,   3.615,   3.519,9999.000,9999.000,9999.000,9999.000,9999.000,9999.000,9999.000
202606190718,   3.747,   3.650,9999.000,9999.000,9999.000,9999.000,9999.000,9999.000,9999.000
202606190724,   3.883,   3.768,9999.000,9999.000,9999.000,9999.000,9999.000,9999.000,9999.000
202606190730,   4.025,   3.909,9999.000,9999.000,9999.000,9999.000,9999.000,9999.000,9999.000
202606190736,   4.170,   4.057,9999.000,9999.000,9999.000,9999.000,9999.000,9999.000,9999.000
202606190742,   4.318,   4.188,9999.000,9999.000,9999.000,9999.000,9999.000,9999.000,9999.000
202606190748,   4.470,   4.339,9999.000,9999.000,9999.000,9999.000,9999.000,9999.000,9999.000
202606190754,   4.624,   4.480,9999.000,9999.000,9999.000,9999.000,9999.000,9999.000,9999.000
202606190800,   4.781,   4.637,   0.300,  -0.444,   4.637,   0.300,   4.637,   0.300,   4.637
202606190806,   4.939,   4.798,9999.000,9999.000,9999.000,9999.000,9999.000,9999.000,9999.000
202606190812,   5.098,   4.959,9999.000,9999.000,9999.000,9999.000,9999.000,9999.000,9999.000
202606190818,   5.259,   5.120,9999.000,9999.000,9999.000,9999.000,9999.000,9999.000,9999.000
202606190824,   5.419,   5.277,9999.000,9999.000,9999.000,9999.000,9999.000,9999.000,9999.000
202606190830,   5.580,   5.438,9999.000,9999.000,9999.000,9999.000,9999.000,9999.000,9999.000
202606190836,   5.740,   5.608,9999.000,9999.000,9999.000,9999.000,9999.000,9999.000,9999.000
202606190842,   5.899,   5.779,9999.000,9999.000,9999.000,9999.000,9999.000,9999.000,9999.000
202606190848,   6.057,   5.949,9999.000,9999.000,9999.000,9999.000,9999.000,9999.000,9999.000
202606190854,   6.214,   6.117,9999.000,9999.000,9999.000,9999.000,9999.000,9999.000,9999.000
202606190900,   6.368,   6.277,   0.300,  -0.391,   6.277,   0.300,   6.277,   0.300,   6.277
202606190906,   6.521,   6.438,9999.000,9999.000,9999.000,9999.000,9999.000,9999.000,9999.000
202606190912,   6.670,   6.599,9999.000,9999.000,9999.000,9999.000,9999.000,9999.000,9999.000
202606190918,   6.817,   6.756,9999.000,9999.000,9999.000,9999.000,9999.000,9999.000,9999.000
202606190924,   6.960,   6.907,9999.000,9999.000,9999.000,9999.000,9999.000,9999.000,9999.000
202606190930,   7.100,   7.058,9999.000,9999.000,9999.000,9999.000,9999.000,9999.000,9999.000
202606190936,   7.235,   7.209,9999.000,9999.000,9999.000,9999.000,9999.000,9999.000,9999.000
202606190942,   7.367,   7.347,9999.000,9999.000,9999.000,9999.000,9999.000,9999.000,9999.000
202606190948,   7.493,   7.498,9999.000,9999.000,9999.000,9999.000,9999.000,9999.000,9999.000
202606190954,   7.615,   7.629,9999.000,9999.000,9999.000,9999.000,9999.000,9999.000,9999.000
202606191000,   7.732,   7.757,   0.300,  -0.275,   7.757,   0.300,   7.757,   0.300,   7.757
202606191006,   7.843,   7.888,9999.000,9999.000,9999.000,9999.000,9999.000,9999.000,9999.000
202606191012,   7.948,   8.006,9999.000,9999.000,9999.000,9999.000,9999.000,9999.000,9999.000
202606191018,   8.047,   8.117,9999.000,9999.000,9999.000,9999.000,9999.000,9999.000,9999.000
202606191024,   8.139,   8.206,9999.000,9999.000,9999.000,9999.000,9999.000,9999.000,9999.000
202606191030,   8.225,   8.308,9999.000,9999.000,9999.000,9999.000,9999.000,9999.000,9999.000
202606191036,   8.304,   8.386,9999.000,9999.000,9999.000,9999.000,9999.000,9999.000,9999.000
202606191042,   8.374,   8.478,9999.000,9999.000,9999.000,9999.000,9999.000,9999.000,9999.000
202606191048,   8.438,   8.537,9999.000,9999.000,9999.000,9999.000,9999.000,9999.000,9999.000
202606191054,   8.493,   8.596,9999.000,9999.000,9999.000,9999.000,9999.000,9999.000,9999.000
202606191100,   8.540,   8.649,   0.300,  -0.191,   8.649,   0.300,   8.649,   0.300,   8.649
202606191106,   8.578,   8.708,9999.000,9999.000,9999.000,9999.000,9999.000,9999.000,9999.000
202606191112,   8.607,   8.737,9999.000,9999.000,9999.000,9999.000,9999.000,9999.000,9999.000
202606191118,   8.627,   8.767,9999.000,9999.000,9999.000,9999.000,9999.000,9999.000,9999.000
202606191124,   8.638,   8.787,9999.000,9999.000,9999.000,9999.000,9999.000,9999.000,9999.000
202606191130,   8.639,   8.787,9999.000,9999.000,9999.000,9999.000,9999.000,9999.000,9999.000
202606191136,   8.630,   8.777,9999.000,9999.000,9999.000,9999.000,9999.000,9999.000,9999.000
202606191142,   8.612,   8.737,9999.000,9999.000,9999.000,9999.000,9999.000,9999.000,9999.000
202606191148,   8.583,   8.718,9999.000,9999.000,9999.000,9999.000,9999.000,9999.000,9999.000
202606191154,   8.545,   8.678,9999.000,9999.000,9999.000,9999.000,9999.000,9999.000,9999.000
202606191200,   8.496,   8.616,   0.300,  -0.180,   8.616,   0.300,   8.616,   0.400,   8.716
202606191206,   8.438,9999.000,9999.000,9999.000,9999.000,9999.000,9999.000,9999.000,9999.000
202606191212,   8.369,9999.000,9999.000,9999.000,9999.000,9999.000,9999.000,9999.000,9999.000
202606191218,   8.290,9999.000,9999.000,9999.000,9999.000,9999.000,9999.000,9999.000,9999.000
202606191224,   8.201,9999.000,9999.000,9999.000,9999.000,9999.000,9999.000,9999.000,9999.000
202606191230,   8.103,9999.000,9999.000,9999.000,9999.000,9999.000,9999.000,9999.000,9999.000
202606191236,   7.994,9999.000,9999.000,9999.000,9999.000,9999.000,9999.000,9999.000,9999.000
202606191242,   7.877,9999.000,9999.000,9999.000,9999.000,9999.000,9999.000,9999.000,9999.000
202606191248,   7.750,9999.000,9999.000,9999.000,9999.000,9999.000,9999.000,9999.000,9999.000
202606191254,   7.614,9999.000,9999.000,9999.000,9999.000,9999.000,9999.000,9999.000,9999.000
202606191300,   7.469,9999.000,   0.400,  -0.174,   7.695,   0.300,   7.595,   0.400,   7.695
202606191306,   7.316,9999.000,9999.000,9999.000,9999.000,9999.000,9999.000,9999.000,9999.000
202606191312,   7.154,9999.000,9999.000,9999.000,9999.000,9999.000,9999.000,9999.000,9999.000
202606191318,   6.985,9999.000,9999.000,9999.000,9999.000,9999.000,9999.000,9999.000,9999.000
202606191324,   6.809,9999.000,9999.000,9999.000,9999.000,9999.000,9999.000,9999.000,9999.000
202606191330,   6.625,9999.000,9999.000,9999.000,9999.000,9999.000,9999.000,9999.000,9999.000
202606191336,   6.435,9999.000,9999.000,9999.000,9999.000,9999.000,9999.000,9999.000,9999.000
202606191342,   6.238,9999.000,9999.000,9999.000,9999.000,9999.000,9999.000,9999.000,9999.000
202606191348,   6.036,9999.000,9999.000,9999.000,9999.000,9999.000,9999.000,9999.000,9999.000
202606191354,   5.828,9999.000,9999.000,9999.000,9999.000,9999.000,9999.000,9999.000,9999.000
202606191400,   5.616,9999.000,   0.400,  -0.168,   5.848,   0.300,   5.748,   0.400,   5.848
202606191406,   5.398,9999.000,9999.000,9999.000,9999.000,9999.000,9999.000,9999.000,9999.000
202606191412,   5.177,9999.000,9999.000,9999.000,9999.000,9999.000,9999.000,9999.000,9999.000
202606191418,   4.952,9999.000,9999.000,9999.000,9999.000,9999.000,9999.000,9999.000,9999.000
202606191424,   4.724,9999.000,9999.000,9999.000,9999.000,9999.000,9999.000,9999.000,9999.000
202606191430,   4.493,9999.000,9999.000,9999.000,9999.000,9999.000,9999.000,9999.000,9999.000
202606191436,   4.260,9999.000,9999.000,9999.000,9999.000,9999.000,9999.000,9999.000,9999.000
202606191442,   4.026,9999.000,9999.000,9999.000,9999.000,9999.000,9999.000,9999.000,9999.000
202606191448,   3.790,9999.000,9999.000,9999.000,9999.000,9999.000,9999.000,9999.000,9999.000
202606191454,   3.553,9999.000,9999.000,9999.000,9999.000,9999.000,9999.000,9999.000,9999.000
202606191500,   3.317,9999.000,   0.400,  -0.162,   3.555,   0.300,   3.455,   0.400,   3.555
202606191506,   3.080,9999.000,9999.000,9999.000,9999.000,9999.000,9999.000,9999.000,9999.000
202606191512,   2.845,9999.000,9999.000,9999.000,9999.000,9999.000,9999.000,9999.000,9999.000
202606191518,   2.611,9999.000,9999.000,9999.000,9999.000,9999.000,9999.000,9999.000,9999.000
202606191524,   2.378,9999.000,9999.000,9999.000,9999.000,9999.000,9999.000,9999.000,9999.000
202606191530,   2.149,9999.000,9999.000,9999.000,9999.000,9999.000,9999.000,9999.000,9999.000
202606191536,   1.922,9999.000,9999.000,9999.000,9999.000,9999.000,9999.000,9999.000,9999.000
202606191542,   1.699,9999.000,9999.000,9999.000,9999.000,9999.000,9999.000,9999.000,9999.000
202606191548,   1.479,9999.000,9999.000,9999.000,9999.000,9999.000,9999.000,9999.000,9999.000
202606191554,   1.265,9999.000,9999.000,9999.000,9999.000,9999.000,9999.000,9999.000,9999.000
202606191600,   1.055,9999.000,   0.400,  -0.156,   1.299,   0.300,   1.199,   0.400,   1.299
202606191606,   0.852,9999.000,9999.000,9999.000,9999.000,9999.000,9999.000,9999.000,9999.000
202606191612,   0.654,9999.000,9999.000,9999.000,9999.000,9999.000,9999.000,9999.000,9999.000
202606191618,   0.463,9999.000,9999.000,9999.000,9999.000,9999.000,9999.000,9999.000,9999.000
202606191624,   0.279,9999.000,9999.000,9999.000,9999.000,9999.000,9999.000,9999.000,9999.000
202606191630,   0.103,9999.000,9999.000,9999.000,9999.000,9999.000,9999.000,9999.000,9999.000
202606191636,  -0.064,9999.000,9999.000,9999.000,9999.000,9999.000,9999.000,9999.000,9999.000
202606191642,  -0.223,9999.000,9999.000,9999.000,9999.000,9999.000,9999.000,9999.000,9999.000
202606191648,  -0.374,9999.000,9999.000,9999.000,9999.000,9999.000,9999.000,9999.000,9999.000
202606191654,  -0.516,9999.000,9999.000,9999.000,9999.000,9999.000,9999.000,9999.000,9999.000
202606191700,  -0.647,9999.000,   0.400,  -0.150,  -0.397,   0.300,  -0.497,   0.400,  -0.397
202606191706,  -0.769,9999.000,9999.000,9999.000,9999.000,9999.000,9999.000,9999.000,9999.000
202606191712,  -0.881,9999.000,9999.000,9999.000,9999.000,9999.000,9999.000,9999.000,9999.000
202606191718,  -0.982,9999.000,9999.000,9999.000,9999.000,9999.000,9999.000,9999.000,9999.000
202606191724,  -1.072,9999.000,9999.000,9999.000,9999.000,9999.000,9999.000,9999.000,9999.000
202606191730,  -1.151,9999.000,9999.000,9999.000,9999.000,9999.000,9999.000,9999.000,9999.000
202606191736,  -1.219,9999.000,9999.000,9999.000,9999.000,9999.000,9999.000,9999.000,9999.000
202606191742,  -1.276,9999.000,9999.000,9999.000,9999.000,9999.000,9999.000,9999.000,9999.000
202606191748,  -1.322,9999.000,9999.000,9999.000,9999.000,9999.000,9999.000,9999.000,9999.000
202606191754,  -1.355,9999.000,9999.000,9999.000,9999.000,9999.000,9999.000,9999.000,9999.000
202606191800,  -1.378,9999.000,   0.400,  -0.144,  -1.122,   0.300,  -1.222,   0.400,  -1.122
202606191806,  -1.389,9999.000,9999.000,9999.000,9999.000,9999.000,9999.000,9999.000,9999.000
202606191812,  -1.388,9999.000,9999.000,9999.000,9999.000,9999.000,9999.000,9999.000,9999.000
202606191818,  -1.376,9999.000,9999.000,9999.000,9999.000,9999.000,9999.000,9999.000,9999.000
202606191824,  -1.353,9999.000,9999.000,9999.000,9999.000,9999.000,9999.000,9999.000,9999.000
202606191830,  -1.318,9999.000,9999.000,9999.000,9999.000,9999.000,9999.000,9999.000,9999.000
202606191836,  -1.272,9999.000,9999.000,9999.000,9999.000,9999.000,9999.000,9999.000,9999.000
202606191842,  -1.216,9999.000,9999.000,9999.000,9999.000,9999.000,9999.000,9999.000,9999.000
202606191848,  -1.148,9999.000,9999.000,9999.000,9999.000,9999.000,9999.000,9999.000,9999.000
202606191854,  -1.071,9999.000,9999.000,9999.000,9999.000,9999.000,9999.000,9999.000,9999.000
202606191900,  -0.983,9999.000,   0.400,  -0.138,  -0.721,   0.400,  -0.721,   0.400,  -0.721
202606191906,  -0.885,9999.000,9999.000,9999.000,9999.000,9999.000,9999.000,9999.000,9999.000
202606191912,  -0.778,9999.000,9999.000,9999.000,9999.000,9999.000,9999.000,9999.000,9999.000
202606191918,  -0.662,9999.000,9999.000,9999.000,9999.000,9999.000,9999.000,9999.000,9999.000
202606191924,  -0.537,9999.000,9999.000,9999.000,9999.000,9999.000,9999.000,9999.000,9999.000
202606191930,  -0.403,9999.000,9999.000,9999.000,9999.000,9999.000,9999.000,9999.000,9999.000
202606191936,  -0.262,9999.000,9999.000,9999.000,9999.000,9999.000,9999.000,9999.000,9999.000
202606191942,  -0.113,9999.000,9999.000,9999.000,9999.000,9999.000,9999.000,9999.000,9999.000
202606191948,   0.042,9999.000,9999.000,9999.000,9999.000,9999.000,9999.000,9999.000,9999.000
202606191954,   0.204,9999.000,9999.000,9999.000,9999.000,9999.000,9999.000,9999.000,9999.000
202606192000,   0.373,9999.000,   0.400,  -0.132,   0.641,   0.400,   0.641,   0.400,   0.641
202606192006,   0.547,9999.000,9999.000,9999.000,9999.000,9999.000,9999.000,9999.000,9999.000
202606192012,   0.727,9999.000,9999.000,9999.000,9999.000,9999.000,9999.000,9999.000,9999.000
202606192018,   0.912,9999.000,9999.000,9999.000,9999.000,9999.000,9999.000,9999.000,9999.000
202606192024,   1.100,9999.000,9999.000,9999.000,9999.000,9999.000,9999.000,9999.000,9999.000
202606192030,   1.293,9999.000,9999.000,9999.000,9999.000,9999.000,9999.000,9999.000,9999.000
202606192036,   1.489,9999.000,9999.000,9999.000,9999.000,9999.000,9999.000,9999.000,9999.000
202606192042,   1.688,9999.000,9999.000,9999.000,9999.000,9999.000,9999.000,9999.000,9999.000
202606192048,   1.890,9999.000,9999.000,9999.000,9999.000,9999.000,9999.000,9999.000,9999.000
202606192054,   2.093,9999.000,9999.000,9999.000,9999.000,9999.000,9999.000,9999.000,9999.000
202606192100,   2.299,9999.000,   0.400,  -0.126,   2.573,   0.300,   2.473,   0.400,   2.573
202606192106,   2.505,9999.000,9999.000,9999.000,9999.000,9999.000,9999.000,9999.000,9999.000
202606192112,   2.713,9999.000,9999.000,9999.000,9999.000,9999.000,9999.000,9999.000,9999.000
202606192118,   2.921,9999.000,9999.000,9999.000,9999.000,9999.000,9999.000,9999.000,9999.000
202606192124,   3.129,9999.000,9999.000,9999.000,9999.000,9999.000,9999.000,9999.000,9999.000
202606192130,   3.337,9999.000,9999.000,9999.000,9999.000,9999.000,9999.000,9999.000,9999.000
202606192136,   3.544,9999.000,9999.000,9999.000,9999.000,9999.000,9999.000,9999.000,9999.000
202606192142,   3.751,9999.000,9999.000,9999.000,9999.000,9999.000,9999.000,9999.000,9999.000
202606192148,   3.956,9999.000,9999.000,9999.000,9999.000,9999.000,9999.000,9999.000,9999.000
202606192154,   4.160,9999.000,9999.000,9999.000,9999.000,9999.000,9999.000,9999.000,9999.000
202606192200,   4.361,9999.000,   0.400,  -0.120,   4.641,   0.400,   4.641,   0.400,   4.641
202606192206,   4.561,9999.000,9999.000,9999.000,9999.000,9999.000,9999.000,9999.000,9999.000
202606192212,   4.758,9999.000,9999.000,9999.000,9999.000,9999.000,9999.000,9999.000,9999.000
202606192218,   4.952,9999.000,9999.000,9999.000,9999.000,9999.000,9999.000,9999.000,9999.000
202606192224,   5.142,9999.000,9999.000,9999.000,9999.000,9999.000,9999.000,9999.000,9999.000
202606192230,   5.329,9999.000,9999.000,9999.000,9999.000,9999.000,9999.000,9999.000,9999.000
202606192236,   5.513,9999.000,9999.000,9999.000,9999.000,9999.000,9999.000,9999.000,9999.000
202606192242,   5.691,9999.000,9999.000,9999.000,9999.000,9999.000,9999.000,9999.000,9999.000
202606192248,   5.866,9999.000,9999.000,9999.000,9999.000,9999.000,9999.000,9999.000,9999.000
202606192254,   6.035,9999.000,9999.000,9999.000,9999.000,9999.000,9999.000,9999.000,9999.000
202606192300,   6.198,9999.000,   0.400,  -0.114,   6.484,   0.400,   6.484,   0.500,   6.584
202606192306,   6.356,9999.000,9999.000,9999.000,9999.000,9999.000,9999.000,9999.000,9999.000
202606192312,   6.508,9999.000,9999.000,9999.000,9999.000,9999.000,9999.000,9999.000,9999.000
202606192318,   6.654,9999.000,9999.000,9999.000,9999.000,9999.000,9999.000,9999.000,9999.000
202606192324,   6.793,9999.000,9999.000,9999.000,9999.000,9999.000,9999.000,9999.000,9999.000
202606192330,   6.924,9999.000,9999.000,9999.000,9999.000,9999.000,9999.000,9999.000,9999.000
202606192336,   7.048,9999.000,9999.000,9999.000,9999.000,9999.000,9999.000,9999.000,9999.000
202606192342,   7.165,9999.000,9999.000,9999.000,9999.000,9999.000,9999.000,9999.000,9999.000
202606192348,   7.274,9999.000,9999.000,9999.000,9999.000,9999.000,9999.000,9999.000,9999.000
202606192354,   7.374,9999.000,9999.000,9999.000,9999.000,9999.000,9999.000,9999.000,9999.000
202606200000,   7.466,9999.000,   0.400,  -0.108,   7.758,   0.400,   7.758,   0.500,   7.858
202606200006,   7.549,9999.000,9999.000,9999.000,9999.000,9999.000,9999.000,9999.000,9999.000
202606200012,   7.623,9999.000,9999.000,9999.000,9999.000,9999.000,9999.000,9999.000,9999.000
202606200018,   7.688,9999.000,9999.000,9999.000,9999.000,9999.000,9999.000,9999.000,9999.000
202606200024,   7.744,9999.000,9999.000,9999.000,9999.000,9999.000,9999.000,9999.000,9999.000
202606200030,   7.790,9999.000,9999.000,9999.000,9999.000,9999.000,9999.000,9999.000,9999.000
202606200036,   7.828,9999.000,9999.000,9999.000,9999.000,9999.000,9999.000,9999.000,9999.000
202606200042,   7.856,9999.000,9999.000,9999.000,9999.000,9999.000,9999.000,9999.000,9999.000
202606200048,   7.874,9999.000,9999.000,9999.000,9999.000,9999.000,9999.000,9999.000,9999.000
202606200054,   7.883,9999.000,9999.000,9999.000,9999.000,9999.000,9999.000,9999.000,9999.000
202606200100,   7.884,9999.000,   0.400,  -0.108,   8.176,   0.400,   8.176,   0.500,   8.276
202606200106,   7.874,9999.000,9999.000,9999.000,9999.000,9999.000,9999.000,9999.000,9999.000
202606200112,   7.856,9999.000,9999.000,9999.000,9999.000,9999.000,9999.000,9999.000,9999.000
202606200118,   7.829,9999.000,9999.000,9999.000,9999.000,9999.000,9999.000,9999.000,9999.000
202606200124,   7.794,9999.000,9999.000,9999.000,9999.000,9999.000,9999.000,9999.000,9999.000
202606200130,   7.750,9999.000,9999.000,9999.000,9999.000,9999.000,9999.000,9999.000,9999.000
202606200136,   7.698,9999.000,9999.000,9999.000,9999.000,9999.000,9999.000,9999.000,9999.000
202606200142,   7.637,9999.000,9999.000,9999.000,9999.000,9999.000,9999.000,9999.000,9999.000
202606200148,   7.570,9999.000,9999.000,9999.000,9999.000,9999.000,9999.000,9999.000,9999.000
202606200154,   7.494,9999.000,9999.000,9999.000,9999.000,9999.000,9999.000,9999.000,9999.000
202606200200,   7.412,9999.000,   0.500,  -0.108,   7.804,   0.400,   7.704,   0.500,   7.804
202606200206,   7.322,9999.000,9999.000,9999.000,9999.000,9999.000,9999.000,9999.000,9999.000
202606200212,   7.226,9999.000,9999.000,9999.000,9999.000,9999.000,9999.000,9999.000,9999.000
202606200218,   7.124,9999.000,9999.000,9999.000,9999.000,9999.000,9999.000,9999.000,9999.000
202606200224,   7.016,9999.000,9999.000,9999.000,9999.000,9999.000,9999.000,9999.000,9999.000
202606200230,   6.903,9999.000,9999.000,9999.000,9999.000,9999.000,9999.000,9999.000,9999.000
202606200236,   6.784,9999.000,9999.000,9999.000,9999.000,9999.000,9999.000,9999.000,9999.000
202606200242,   6.661,9999.000,9999.000,9999.000,9999.000,9999.000,9999.000,9999.000,9999.000
202606200248,   6.533,9999.000,9999.000,9999.000,9999.000,9999.000,9999.000,9999.000,9999.000
202606200254,   6.400,9999.000,9999.000,9999.000,9999.000,9999.000,9999.000,9999.000,9999.000
202606200300,   6.265,9999.000,   0.500,  -0.108,   6.657,   0.400,   6.557,   0.500,   6.657
202606200306,   6.125,9999.000,9999.000,9999.000,9999.000,9999.000,9999.000,9999.000,9999.000
202606200312,   5.983,9999.000,9999.000,9999.000,9999.000,9999.000,9999.000,9999.000,9999.000
202606200318,   5.838,9999.000,9999.000,9999.000,9999.000,9999.000,9999.000,9999.000,9999.000
202606200324,   5.691,9999.000,9999.000,9999.000,9999.000,9999.000,9999.000,9999.000,9999.000
202606200330,   5.542,9999.000,9999.000,9999.000,9999.000,9999.000,9999.000,9999.000,9999.000
202606200336,   5.392,9999.000,9999.000,9999.000,9999.000,9999.000,9999.000,9999.000,9999.000
202606200342,   5.241,9999.000,9999.000,9999.000,9999.000,9999.000,9999.000,9999.000,9999.000
202606200348,   5.090,9999.000,9999.000,9999.000,9999.000,9999.000,9999.000,9999.000,9999.000
202606200354,   4.938,9999.000,9999.000,9999.000,9999.000,9999.000,9999.000,9999.000,9999.000
202606200400,   4.787,9999.000,   0.500,  -0.108,   5.179,   0.500,   5.179,   0.500,   5.179
202606200406,   4.636,9999.000,9999.000,9999.000,9999.000,9999.000,9999.000,9999.000,9999.000
202606200412,   4.487,9999.000,9999.000,9999.000,9999.000,9999.000,9999.000,9999.000,9999.000
202606200418,   4.340,9999.000,9999.000,9999.000,9999.000,9999.000,9999.000,9999.000,9999.000
202606200424,   4.195,9999.000,9999.000,9999.000,9999.000,9999.000,9999.000,9999.000,9999.000
202606200430,   4.052,9999.000,9999.000,9999.000,9999.000,9999.000,9999.000,9999.000,9999.000
202606200436,   3.913,9999.000,9999.000,9999.000,9999.000,9999.000,9999.000,9999.000,9999.000
202606200442,   3.777,9999.000,9999.000,9999.000,9999.000,9999.000,9999.000,9999.000,9999.000
202606200448,   3.645,9999.000,9999.000,9999.000,9999.000,9999.000,9999.000,9999.000,9999.000
202606200454,   3.518,9999.000,9999.000,9999.000,9999.000,9999.000,9999.000,9999.000,9999.000
202606200500,   3.395,9999.000,   0.500,  -0.108,   3.787,   0.400,   3.687,   0.500,   3.787
202606200506,   3.278,9999.000,9999.000,9999.000,9999.000,9999.000,9999.000,9999.000,9999.000
202606200512,   3.166,9999.000,9999.000,9999.000,9999.000,9999.000,9999.000,9999.000,9999.000
202606200518,   3.060,9999.000,9999.000,9999.000,9999.000,9999.000,9999.000,9999.000,9999.000
202606200524,   2.961,9999.000,9999.000,9999.000,9999.000,9999.000,9999.000,9999.000,9999.000
202606200530,   2.868,9999.000,9999.000,9999.000,9999.000,9999.000,9999.000,9999.000,9999.000
202606200536,   2.782,9999.000,9999.000,9999.000,9999.000,9999.000,9999.000,9999.000,9999.000
202606200542,   2.704,9999.000,9999.000,9999.000,9999.000,9999.000,9999.000,9999.000,9999.000
202606200548,   2.632,9999.000,9999.000,9999.000,9999.000,9999.000,9999.000,9999.000,9999.000
202606200554,   2.569,9999.000,9999.000,9999.000,9999.000,9999.000,9999.000,9999.000,9999.000
202606200600,   2.514,9999.000,   0.500,  -0.108,   2.906,   0.400,   2.806,   0.500,   2.906
202606200606,   2.466,9999.000,9999.000,9999.000,9999.000,9999.000,9999.000,9999.000,9999.000
202606200612,   2.427,9999.000,9999.000,9999.000,9999.000,9999.000,9999.000,9999.000,9999.000
202606200618,   2.397,9999.000,9999.000,9999.000,9999.000,9999.000,9999.000,9999.000,9999.000
202606200624,   2.375,9999.000,9999.000,9999.000,9999.000,9999.000,9999.000,9999.000,9999.000
202606200630,   2.361,9999.000,9999.000,9999.000,9999.000,9999.000,9999.000,9999.000,9999.000
202606200636,   2.356,9999.000,9999.000,9999.000,9999.000,9999.000,9999.000,9999.000,9999.000
202606200642,   2.359,9999.000,9999.000,9999.000,9999.000,9999.000,9999.000,9999.000,9999.000
202606200648,   2.371,9999.000,9999.000,9999.000,9999.000,9999.000,9999.000,9999.000,9999.000
202606200654,   2.392,9999.000,9999.000,9999.000,9999.000,9999.000,9999.000,9999.000,9999.000
202606200700,   2.420,9999.000,   0.500,  -0.108,   2.812,   0.400,   2.712,   0.500,   2.812
202606200706,   2.457,9999.000,9999.000,9999.000,9999.000,9999.000,9999.000,9999.000,9999.000
202606200712,   2.502,9999.000,9999.000,9999.000,9999.000,9999.000,9999.000,9999.000,9999.000
202606200718,   2.554,9999.000,9999.000,9999.000,9999.000,9999.000,9999.000,9999.000,9999.000
202606200724,   2.615,9999.000,9999.000,9999.000,9999.000,9999.000,9999.000,9999.000,9999.000
202606200730,   2.682,9999.000,9999.000,9999.000,9999.000,9999.000,9999.000,9999.000,9999.000
202606200736,   2.757,9999.000,9999.000,9999.000,9999.000,9999.000,9999.000,9999.000,9999.000
202606200742,   2.839,9999.000,9999.000,9999.000,9999.000,9999.000,9999.000,9999.000,9999.000
202606200748,   2.927,9999.000,9999.000,9999.000,9999.000,9999.000,9999.000,9999.000,9999.000
202606200754,   3.021,9999.000,9999.000,9999.000,9999.000,9999.000,9999.000,9999.000,9999.000
202606200800,   3.121,9999.000,   0.500,  -0.108,   3.513,   0.400,   3.413,   0.500,   3.513
202606200806,   3.227,9999.000,9999.000,9999.000,9999.000,9999.000,9999.000,9999.000,9999.000
202606200812,   3.337,9999.000,9999.000,9999.000,9999.000,9999.000,9999.000,9999.000,9999.000
202606200818,   3.452,9999.000,9999.000,9999.000,9999.000,9999.000,9999.000,9999.000,9999.000
202606200824,   3.572,9999.000,9999.000,9999.000,9999.000,9999.000,9999.000,9999.000,9999.000
202606200830,   3.695,9999.000,9999.000,9999.000,9999.000,9999.000,9999.000,9999.000,9999.000
202606200836,   3.822,9999.000,9999.000,9999.000,9999.000,9999.000,9999.000,9999.000,9999.000
202606200842,   3.952,9999.000,9999.000,9999.000,9999.000,9999.000,9999.000,9999.000,9999.000
202606200848,   4.085,9999.000,9999.000,9999.000,9999.000,9999.000,9999.000,9999.000,9999.000
202606200854,   4.220,9999.000,9999.000,9999.000,9999.000,9999.000,9999.000,9999.000,9999.000
202606200900,   4.357,9999.000,   0.500,  -0.108,   4.749,   0.400,   4.649,   0.500,   4.749
202606200906,   4.495,9999.000,9999.000,9999.000,9999.000,9999.000,9999.000,9999.000,9999.000
202606200912,   4.634,9999.000,9999.000,9999.000,9999.000,9999.000,9999.000,9999.000,9999.000
202606200918,   4.775,9999.000,9999.000,9999.000,9999.000,9999.000,9999.000,9999.000,9999.000
202606200924,   4.915,9999.000,9999.000,9999.000,9999.000,9999.000,9999.000,9999.000,9999.000
202606200930,   5.056,9999.000,9999.000,9999.000,9999.000,9999.000,9999.000,9999.000,9999.000
202606200936,   5.196,9999.000,9999.000,9999.000,9999.000,9999.000,9999.000,9999.000,9999.000
202606200942,   5.336,9999.000,9999.000,9999.000,9999.000,9999.000,9999.000,9999.000,9999.000
202606200948,   5.474,9999.000,9999.000,9999.000,9999.000,9999.000,9999.000,9999.000,9999.000
202606200954,   5.612,9999.000,9999.000,9999.000,9999.000,9999.000,9999.000,9999.000,9999.000
202606201000,   5.748,9999.000,   0.500,  -0.108,   6.140,   0.400,   6.040,   0.500,   6.140
202606201006,   5.882,9999.000,9999.000,9999.000,9999.000,9999.000,9999.000,9999.000,9999.000
202606201012,   6.014,9999.000,9999.000,9999.000,9999.000,9999.000,9999.000,9999.000,9999.000
202606201018,   6.143,9999.000,9999.000,9999.000,9999.000,9999.000,9999.000,9999.000,9999.000
202606201024,   6.270,9999.000,9999.000,9999.000,9999.000,9999.000,9999.000,9999.000,9999.000
202606201030,   6.393,9999.000,9999.000,9999.000,9999.000,9999.000,9999.000,9999.000,9999.000
202606201036,   6.513,9999.000,9999.000,9999.000,9999.000,9999.000,9999.000,9999.000,9999.000
202606201042,   6.630,9999.000,9999.000,9999.000,9999.000,9999.000,9999.000,9999.000,9999.000
202606201048,   6.743,9999.000,9999.000,9999.000,9999.000,9999.000,9999.000,9999.000,9999.000
202606201054,   6.851,9999.000,9999.000,9999.000,9999.000,9999.000,9999.000,9999.000,9999.000
202606201100,   6.955,9999.000,   0.500,  -0.108,   7.347,   0.500,   7.347,   0.600,   7.447
202606201106,   7.054,9999.000,9999.000,9999.000,9999.000,9999.000,9999.000,9999.000,9999.000
202606201112,   7.148,9999.000,9999.000,9999.000,9999.000,9999.000,9999.000,9999.000,9999.000
202606201118,   7.236,9999.000,9999.000,9999.000,9999.000,9999.000,9999.000,9999.000,9999.000
202606201124,   7.318,9999.000,9999.000,9999.000,9999.000,9999.000,9999.000,9999.000,9999.000
202606201130,   7.395,9999.000,9999.000,9999.000,9999.000,9999.000,9999.000,9999.000,9999.000
202606201136,   7.464,9999.000,9999.000,9999.000,9999.000,9999.000,9999.000,9999.000,9999.000
202606201142,   7.527,9999.000,9999.000,9999.000,9999.000,9999.000,9999.000,9999.000,9999.000
202606201148,   7.583,9999.000,9999.000,9999.000,9999.000,9999.000,9999.000,9999.000,9999.000
202606201154,   7.632,9999.000,9999.000,9999.000,9999.000,9999.000,9999.000,9999.000,9999.000
202606201200,   7.673,9999.000,   0.500,  -0.108,   8.065,   0.500,   8.065,   0.600,   8.165
202606201206,   7.706,9999.000,9999.000,9999.000,9999.000,9999.000,9999.000,9999.000,9999.000
202606201212,   7.731,9999.000,9999.000,9999.000,9999.000,9999.000,9999.000,9999.000,9999.000
202606201218,   7.748,9999.000,9999.000,9999.000,9999.000,9999.000,9999.000,9999.000,9999.000
202606201224,   7.756,9999.000,9999.000,9999.000,9999.000,9999.000,9999.000,9999.000,9999.000
202606201230,   7.755,9999.000,9999.000,9999.000,9999.000,9999.000,9999.000,9999.000,9999.000
202606201236,   7.745,9999.000,9999.000,9999.000,9999.000,9999.000,9999.000,9999.000,9999.000
202606201242,   7.727,9999.000,9999.000,9999.000,9999.000,9999.000,9999.000,9999.000,9999.000
202606201248,   7.699,9999.000,9999.000,9999.000,9999.000,9999.000,9999.000,9999.000,9999.000
202606201254,   7.662,9999.000,9999.000,9999.000,9999.000,9999.000,9999.000,9999.000,9999.000
202606201300,   7.617,9999.000,   0.500,  -0.108,   8.009,   0.400,   7.909,   0.500,   8.009
202606201306,   7.562,9999.000,9999.000,9999.000,9999.000,9999.000,9999.000,9999.000,9999.000
202606201312,   7.498,9999.000,9999.000,9999.000,9999.000,9999.000,9999.000,9999.000,9999.000
202606201318,   7.426,9999.000,9999.000,9999.000,9999.000,9999.000,9999.000,9999.000,9999.000
202606201324,   7.344,9999.000,9999.000,9999.000,9999.000,9999.000,9999.000,9999.000,9999.000
202606201330,   7.255,9999.000,9999.000,9999.000,9999.000,9999.000,9999.000,9999.000,9999.000
202606201336,   7.156,9999.000,9999.000,9999.000,9999.000,9999.000,9999.000,9999.000,9999.000
202606201342,   7.050,9999.000,9999.000,9999.000,9999.000,9999.000,9999.000,9999.000,9999.000
202606201348,   6.936,9999.000,9999.000,9999.000,9999.000,9999.000,9999.000,9999.000,9999.000
202606201354,   6.814,9999.000,9999.000,9999.000,9999.000,9999.000,9999.000,9999.000,9999.000
202606201400,   6.685,9999.000,   0.500,  -0.108,   7.077,   0.400,   6.977,   0.600,   7.177
202606201406,   6.549,9999.000,9999.000,9999.000,9999.000,9999.000,9999.000,9999.000,9999.000
202606201412,   6.407,9999.000,9999.000,9999.000,9999.000,9999.000,9999.000,9999.000,9999.000
202606201418,   6.258,9999.000,9999.000,9999.000,9999.000,9999.000,9999.000,9999.000,9999.000
202606201424,   6.103,9999.000,9999.000,9999.000,9999.000,9999.000,9999.000,9999.000,9999.000
202606201430,   5.943,9999.000,9999.000,9999.000,9999.000,9999.000,9999.000,9999.000,9999.000
202606201436,   5.777,9999.000,9999.000,9999.000,9999.000,9999.000,9999.000,9999.000,9999.000
202606201442,   5.606,9999.000,9999.000,9999.000,9999.000,9999.000,9999.000,9999.000,9999.000
202606201448,   5.431,9999.000,9999.000,9999.000,9999.000,9999.000,9999.000,9999.000,9999.000
202606201454,   5.252,9999.000,9999.000,9999.000,9999.000,9999.000,9999.000,9999.000,9999.000
202606201500,   5.070,9999.000,   0.600,  -0.108,   5.562,   0.500,   5.462,   0.600,   5.562
202606201506,   4.883,9999.000,9999.000,9999.000,9999.000,9999.000,9999.000,9999.000,9999.000
202606201512,   4.694,9999.000,9999.000,9999.000,9999.000,9999.000,9999.000,9999.000,9999.000
202606201518,   4.503,9999.000,9999.000,9999.000,9999.000,9999.000,9999.000,9999.000,9999.000
202606201524,   4.309,9999.000,9999.000,9999.000,9999.000,9999.000,9999.000,9999.000,9999.000
202606201530,   4.114,9999.000,9999.000,9999.000,9999.000,9999.000,9999.000,9999.000,9999.000
202606201536,   3.917,9999.000,9999.000,9999.000,9999.000,9999.000,9999.000,9999.000,9999.000
202606201542,   3.720,9999.000,9999.000,9999.000,9999.000,9999.000,9999.000,9999.000,9999.000
202606201548,   3.522,9999.000,9999.000,9999.000,9999.000,9999.000,9999.000,9999.000,9999.000
202606201554,   3.324,9999.000,9999.000,9999.000,9999.000,9999.000,9999.000,9999.000,9999.000
202606201600,   3.126,9999.000,   0.500,  -0.108,   3.518,   0.500,   3.518,   0.600,   3.618
202606201606,   2.930,9999.000,9999.000,9999.000,9999.000,9999.000,9999.000,9999.000,9999.000
202606201612,   2.734,9999.000,9999.000,9999.000,9999.000,9999.000,9999.000,9999.000,9999.000
202606201618,   2.541,9999.000,9999.000,9999.000,9999.000,9999.000,9999.000,9999.000,9999.000
202606201624,   2.349,9999.000,9999.000,9999.000,9999.000,9999.000,9999.000,9999.000,9999.000
202606201630,   2.160,9999.000,9999.000,9999.000,9999.000,9999.000,9999.000,9999.000,9999.000
202606201636,   1.974,9999.000,9999.000,9999.000,9999.000,9999.000,9999.000,9999.000,9999.000
202606201642,   1.792,9999.000,9999.000,9999.000,9999.000,9999.000,9999.000,9999.000,9999.000
202606201648,   1.613,9999.000,9999.000,9999.000,9999.000,9999.000,9999.000,9999.000,9999.000
202606201654,   1.439,9999.000,9999.000,9999.000,9999.000,9999.000,9999.000,9999.000,9999.000
202606201700,   1.270,9999.000,   0.500,  -0.108,   1.662,   0.400,   1.562,   0.500,   1.662
202606201706,   1.107,9999.000,9999.000,9999.000,9999.000,9999.000,9999.000,9999.000,9999.000
202606201712,   0.949,9999.000,9999.000,9999.000,9999.000,9999.000,9999.000,9999.000,9999.000
202606201718,   0.797,9999.000,9999.000,9999.000,9999.000,9999.000,9999.000,9999.000,9999.000
202606201724,   0.652,9999.000,9999.000,9999.000,9999.000,9999.000,9999.000,9999.000,9999.000
202606201730,   0.514,9999.000,9999.000,9999.000,9999.000,9999.000,9999.000,9999.000,9999.000
202606201736,   0.383,9999.000,9999.000,9999.000,9999.000,9999.000,9999.000,9999.000,9999.000
202606201742,   0.260,9999.000,9999.000,9999.000,9999.000,9999.000,9999.000,9999.000,9999.000
202606201748,   0.145,9999.000,9999.000,9999.000,9999.000,9999.000,9999.000,9999.000,9999.000
202606201754,   0.038,9999.000,9999.000,9999.000,9999.000,9999.000,9999.000,9999.000,9999.000
202606201800,  -0.058,9999.000,   0.500,  -0.108,   0.334,   0.400,   0.234,   0.600,   0.434
202606201806,  -0.147,9999.000,9999.000,9999.000,9999.000,9999.000,9999.000,9999.000,9999.000
202606201812,  -0.227,9999.000,9999.000,9999.000,9999.000,9999.000,9999.000,9999.000,9999.000
202606201818,  -0.297,9999.000,9999.000,9999.000,9999.000,9999.000,9999.000,9999.000,9999.000
202606201824,  -0.357,9999.000,9999.000,9999.000,9999.000,9999.000,9999.000,9999.000,9999.000
202606201830,  -0.408,9999.000,9999.000,9999.000,9999.000,9999.000,9999.000,9999.000,9999.000
202606201836,  -0.448,9999.000,9999.000,9999.000,9999.000,9999.000,9999.000,9999.000,9999.000
202606201842,  -0.479,9999.000,9999.000,9999.000,9999.000,9999.000,9999.000,9999.000,9999.000
202606201848,  -0.499,9999.000,9999.000,9999.000,9999.000,9999.000,9999.000,9999.000,9999.000
202606201854,  -0.510,9999.000,9999.000,9999.000,9999.000,9999.000,9999.000,9999.000,9999.000
202606201900,  -0.510,9999.000,   0.500,  -0.108,  -0.118,   0.500,  -0.118,   0.600,  -0.018
202606201906,  -0.499,9999.000,9999.000,9999.000,9999.000,9999.000,9999.000,9999.000,9999.000
202606201912,  -0.479,9999.000,9999.000,9999.000,9999.000,9999.000,9999.000,9999.000,9999.000
202606201918,  -0.449,9999.000,9999.000,9999.000,9999.000,9999.000,9999.000,9999.000,9999.000
202606201924,  -0.409,9999.000,9999.000,9999.000,9999.000,9999.000,9999.000,9999.000,9999.000
202606201930,  -0.359,9999.000,9999.000,9999.000,9999.000,9999.000,9999.000,9999.000,9999.000
202606201936,  -0.299,9999.000,9999.000,9999.000,9999.000,9999.000,9999.000,9999.000,9999.000
202606201942,  -0.231,9999.000,9999.000,9999.000,9999.000,9999.000,9999.000,9999.000,9999.000
202606201948,  -0.153,9999.000,9999.000,9999.000,9999.000,9999.000,9999.000,9999.000,9999.000
202606201954,  -0.066,9999.000,9999.000,9999.000,9999.000,9999.000,9999.000,9999.000,9999.000
202606202000,   0.029,9999.000,   0.500,  -0.108,   0.421,   0.500,   0.421,   0.600,   0.521
202606202006,   0.133,9999.000,9999.000,9999.000,9999.000,9999.000,9999.000,9999.000,9999.000
202606202012,   0.244,9999.000,9999.000,9999.000,9999.000,9999.000,9999.000,9999.000,9999.000
202606202018,   0.364,9999.000,9999.000,9999.000,9999.000,9999.000,9999.000,9999.000,9999.000
202606202024,   0.490,9999.000,9999.000,9999.000,9999.000,9999.000,9999.000,9999.000,9999.000
202606202030,   0.624,9999.000,9999.000,9999.000,9999.000,9999.000,9999.000,9999.000,9999.000
202606202036,   0.764,9999.000,9999.000,9999.000,9999.000,9999.000,9999.000,9999.000,9999.000
202606202042,   0.910,9999.000,9999.000,9999.000,9999.000,9999.000,9999.000,9999.000,9999.000
202606202048,   1.062,9999.000,9999.000,9999.000,9999.000,9999.000,9999.000,9999.000,9999.000
202606202054,   1.219,9999.000,9999.000,9999.000,9999.000,9999.000,9999.000,9999.000,9999.000
202606202100,   1.381,9999.000,   0.500,  -0.108,   1.773,   0.400,   1.673,   0.600,   1.873
202606202106,   1.547,9999.000,9999.000,9999.000,9999.000,9999.000,9999.000,9999.000,9999.000
202606202112,   1.718,9999.000,9999.000,9999.000,9999.000,9999.000,9999.000,9999.000,9999.000
202606202118,   1.892,9999.000,9999.000,9999.000,9999.000,9999.000,9999.000,9999.000,9999.000
202606202124,   2.069,9999.000,9999.000,9999.000,9999.000,9999.000,9999.000,9999.000,9999.000
202606202130,   2.250,9999.000,9999.000,9999.000,9999.000,9999.000,9999.000,9999.000,9999.000
202606202136,   2.433,9999.000,9999.000,9999.000,9999.000,9999.000,9999.000,9999.000,9999.000
202606202142,   2.617,9999.000,9999.000,9999.000,9999.000,9999.000,9999.000,9999.000,9999.000
202606202148,   2.804,9999.000,9999.000,9999.000,9999.000,9999.000,9999.000,9999.000,9999.000
202606202154,   2.992,9999.000,9999.000,9999.000,9999.000,9999.000,9999.000,9999.000,9999.000
202606202200,   3.181,9999.000,   0.500,  -0.108,   3.573,   0.400,   3.473,   0.600,   3.673
202606202206,   3.371,9999.000,9999.000,9999.000,9999.000,9999.000,9999.000,9999.000,9999.000
202606202212,   3.561,9999.000,9999.000,9999.000,9999.000,9999.000,9999.000,9999.000,9999.000
202606202218,   3.751,9999.000,9999.000,9999.000,9999.000,9999.000,9999.000,9999.000,9999.000
202606202224,   3.941,9999.000,9999.000,9999.000,9999.000,9999.000,9999.000,9999.000,9999.000
202606202230,   4.131,9999.000,9999.000,9999.000,9999.000,9999.000,9999.000,9999.000,9999.000
202606202236,   4.319,9999.000,9999.000,9999.000,9999.000,9999.000,9999.000,9999.000,9999.000
202606202242,   4.506,9999.000,9999.000,9999.000,9999.000,9999.000,9999.000,9999.000,9999.000
202606202248,   4.692,9999.000,9999.000,9999.000,9999.000,9999.000,9999.000,9999.000,9999.000
202606202254,   4.876,9999.000,9999.000,9999.000,9999.000,9999.000,9999.000,9999.000,9999.000
202606202300,   5.058,9999.000,   0.500,  -0.108,   5.450,   0.400,   5.350,   0.600,   5.550
202606202306,   5.238,9999.000,9999.000,9999.000,9999.000,9999.000,9999.000,9999.000,9999.000
202606202312,   5.414,9999.000,9999.000,9999.000,9999.000,9999.000,9999.000,9999.000,9999.000
202606202318,   5.588,9999.000,9999.000,9999.000,9999.000,9999.000,9999.000,9999.000,9999.000
202606202324,   5.758,9999.000,9999.000,9999.000,9999.000,9999.000,9999.000,9999.000,9999.000
202606202330,   5.925,9999.000,9999.000,9999.000,9999.000,9999.000,9999.000,9999.000,9999.000
202606202336,   6.087,9999.000,9999.000,9999.000,9999.000,9999.000,9999.000,9999.000,9999.000
202606202342,   6.245,9999.000,9999.000,9999.000,9999.000,9999.000,9999.000,9999.000,9999.000
202606202348,   6.398,9999.000,9999.000,9999.000,9999.000,9999.000,9999.000,9999.000,9999.000
202606202354,   6.545,9999.000,9999.000,9999.000,9999.000,9999.000,9999.000,9999.000,9999.000
202606210000,   6.688,9999.000,   0.500,  -0.108,   7.080,   0.400,   6.980,   0.600,   7.180
202606210006,   6.824,9999.000,9999.000,9999.000,9999.000,9999.000,9999.000,9999.000,9999.000
202606210012,   6.954,9999.000,9999.000,9999.000,9999.000,9999.000,9999.000,9999.000,9999.000
202606210018,   7.078,9999.000,9999.000,9999.000,9999.000,9999.000,9999.000,9999.000,9999.000
202606210024,   7.194,9999.000,9999.000,9999.000,9999.000,9999.000,9999.000,9999.000,9999.000
202606210030,   7.304,9999.000,9999.000,9999.000,9999.000,9999.000,9999.000,9999.000,9999.000
202606210036,   7.406,9999.000,9999.000,9999.000,9999.000,9999.000,9999.000,9999.000,9999.000
202606210042,   7.500,9999.000,9999.000,9999.000,9999.000,9999.000,9999.000,9999.000,9999.000
202606210048,   7.586,9999.000,9999.000,9999.000,9999.000,9999.000,9999.000,9999.000,9999.000
202606210054,   7.664,9999.000,9999.000,9999.000,9999.000,9999.000,9999.000,9999.000,9999.000
202606210100,   7.734,9999.000,   0.500,  -0.108,   8.126,   0.400,   8.026,   0.600,   8.226
202606210106,   7.795,9999.000,9999.000,9999.000,9999.000,9999.000,9999.000,9999.000,9999.000
202606210112,   7.847,9999.000,9999.000,9999.000,9999.000,9999.000,9999.000,9999.000,9999.000
202606210118,   7.891,9999.000,9999.000,9999.000,9999.000,9999.000,9999.000,9999.000,9999.000
202606210124,   7.925,9999.000,9999.000,9999.000,9999.000,9999.000,9999.000,9999.000,9999.000
202606210130,   7.951,9999.000,9999.000,9999.000,9999.000,9999.000,9999.000,9999.000,9999.000
202606210136,   7.968,9999.000,9999.000,9999.000,9999.000,9999.000,9999.000,9999.000,9999.000
202606210142,   7.976,9999.000,9999.000,9999.000,9999.000,9999.000,9999.000,9999.000,9999.000
202606210148,   7.976,9999.000,9999.000,9999.000,9999.000,9999.000,9999.000,9999.000,9999.000
202606210154,   7.967,9999.000,9999.000,9999.000,9999.000,9999.000,9999.000,9999.000,9999.000
202606210200,   7.949,9999.000,   0.500,  -0.108,   8.341,   0.400,   8.241,   0.600,   8.441
202606210206,   7.923,9999.000,9999.000,9999.000,9999.000,9999.000,9999.000,9999.000,9999.000
202606210212,   7.889,9999.000,9999.000,9999.000,9999.000,9999.000,9999.000,9999.000,9999.000
202606210218,   7.847,9999.000,9999.000,9999.000,9999.000,9999.000,9999.000,9999.000,9999.000
202606210224,   7.797,9999.000,9999.000,9999.000,9999.000,9999.000,9999.000,9999.000,9999.000
202606210230,   7.739,9999.000,9999.000,9999.000,9999.000,9999.000,9999.000,9999.000,9999.000
202606210236,   7.674,9999.000,9999.000,9999.000,9999.000,9999.000,9999.000,9999.000,9999.000
202606210242,   7.602,9999.000,9999.000,9999.000,9999.000,9999.000,9999.000,9999.000,9999.000
202606210248,   7.524,9999.000,9999.000,9999.000,9999.000,9999.000,9999.000,9999.000,9999.000
202606210254,   7.438,9999.000,9999.000,9999.000,9999.000,9999.000,9999.000,9999.000,9999.000
202606210300,   7.347,9999.000,   0.500,  -0.108,   7.739,   0.400,   7.639,   0.600,   7.839
202606210306,   7.250,9999.000,9999.000,9999.000,9999.000,9999.000,9999.000,9999.000,9999.000
202606210312,   7.147,9999.000,9999.000,9999.000,9999.000,9999.000,9999.000,9999.000,9999.000
202606210318,   7.038,9999.000,9999.000,9999.000,9999.000,9999.000,9999.000,9999.000,9999.000
202606210324,   6.925,9999.000,9999.000,9999.000,9999.000,9999.000,9999.000,9999.000,9999.000
202606210330,   6.806,9999.000,9999.000,9999.000,9999.000,9999.000,9999.000,9999.000,9999.000
202606210336,   6.683,9999.000,9999.000,9999.000,9999.000,9999.000,9999.000,9999.000,9999.000
202606210342,   6.556,9999.000,9999.000,9999.000,9999.000,9999.000,9999.000,9999.000,9999.000
202606210348,   6.425,9999.000,9999.000,9999.000,9999.000,9999.000,9999.000,9999.000,9999.000
202606210354,   6.291,9999.000,9999.000,9999.000,9999.000,9999.000,9999.000,9999.000,9999.000
202606210400,   6.153,9999.000,   0.500,  -0.108,   6.545,   0.400,   6.445,   0.600,   6.645
202606210406,   6.013,9999.000,9999.000,9999.000,9999.000,9999.000,9999.000,9999.000,9999.000
202606210412,   5.869,9999.000,9999.000,9999.000,9999.000,9999.000,9999.000,9999.000,9999.000
202606210418,   5.724,9999.000,9999.000,9999.000,9999.000,9999.000,9999.000,9999.000,9999.000
202606210424,   5.576,9999.000,9999.000,9999.000,9999.000,9999.000,9999.000,9999.000,9999.000
202606210430,   5.427,9999.000,9999.000,9999.000,9999.000,9999.000,9999.000,9999.000,9999.000
202606210436,   5.277,9999.000,9999.000,9999.000,9999.000,9999.000,9999.000,9999.000,9999.000
202606210442,   5.126,9999.000,9999.000,9999.000,9999.000,9999.000,9999.000,9999.000,9999.000
202606210448,   4.975,9999.000,9999.000,9999.000,9999.000,9999.000,9999.000,9999.000,9999.000
202606210454,   4.824,9999.000,9999.000,9999.000,9999.000,9999.000,9999.000,9999.000,9999.000
202606210500,   4.673,9999.000,   0.500,  -0.108,   5.065,   0.400,   4.965,   0.500,   5.065
202606210506,   4.522,9999.000,9999.000,9999.000,9999.000,9999.000,9999.000,9999.000,9999.000
202606210512,   4.373,9999.000,9999.000,9999.000,9999.000,9999.000,9999.000,9999.000,9999.000
202606210518,   4.226,9999.000,9999.000,9999.000,9999.000,9999.000,9999.000,9999.000,9999.000
202606210524,   4.081,9999.000,9999.000,9999.000,9999.000,9999.000,9999.000,9999.000,9999.000
202606210530,   3.938,9999.000,9999.000,9999.000,9999.000,9999.000,9999.000,9999.000,9999.000
202606210536,   3.798,9999.000,9999.000,9999.000,9999.000,9999.000,9999.000,9999.000,9999.000
202606210542,   3.662,9999.000,9999.000,9999.000,9999.000,9999.000,9999.000,9999.000,9999.000
202606210548,   3.529,9999.000,9999.000,9999.000,9999.000,9999.000,9999.000,9999.000,9999.000
202606210554,   3.401,9999.000,9999.000,9999.000,9999.000,9999.000,9999.000,9999.000,9999.000
202606210600,   3.277,9999.000,   0.400,  -0.108,   3.569,   0.400,   3.569,   0.500,   3.669
202606210606,   3.158,9999.000,9999.000,9999.000,9999.000,9999.000,9999.000,9999.000,9999.000
202606210612,   3.044,9999.000,9999.000,9999.000,9999.000,9999.000,9999.000,9999.000,9999.000
202606210618,   2.935,9999.000,9999.000,9999.000,9999.000,9999.000,9999.000,9999.000,9999.000
202606210624,   2.833,9999.000,9999.000,9999.000,9999.000,9999.000,9999.000,9999.000,9999.000
202606210630,   2.737,9999.000,9999.000,9999.000,9999.000,9999.000,9999.000,9999.000,9999.000
202606210636,   2.648,9999.000,9999.000,9999.000,9999.000,9999.000,9999.000,9999.000,9999.000
202606210642,   2.565,9999.000,9999.000,9999.000,9999.000,9999.000,9999.000,9999.000,9999.000
202606210648,   2.489,9999.000,9999.000,9999.000,9999.000,9999.000,9999.000,9999.000,9999.000
202606210654,   2.421,9999.000,9999.000,9999.000,9999.000,9999.000,9999.000,9999.000,9999.000
202606210700,   2.360,9999.000,   0.500,  -0.108,   2.752,   0.400,   2.652,   0.500,   2.752
202606210706,   2.307,9999.000,9999.000,9999.000,9999.000,9999.000,9999.000,9999.000,9999.000
202606210712,   2.261,9999.000,9999.000,9999.000,9999.000,9999.000,9999.000,9999.000,9999.000
202606210718,   2.223,9999.000,9999.000,9999.000,9999.000,9999.000,9999.000,9999.000,9999.000
202606210724,   2.193,9999.000,9999.000,9999.000,9999.000,9999.000,9999.000,9999.000,9999.000
202606210730,   2.171,9999.000,9999.000,9999.000,9999.000,9999.000,9999.000,9999.000,9999.000
202606210736,   2.157,9999.000,9999.000,9999.000,9999.000,9999.000,9999.000,9999.000,9999.000
202606210742,   2.150,9999.000,9999.000,9999.000,9999.000,9999.000,9999.000,9999.000,9999.000
202606210748,   2.152,9999.000,9999.000,9999.000,9999.000,9999.000,9999.000,9999.000,9999.000
202606210754,   2.161,9999.000,9999.000,9999.000,9999.000,9999.000,9999.000,9999.000,9999.000
202606210800,   2.178,9999.000,   0.400,  -0.108,   2.470,   0.400,   2.470,   0.500,   2.570
202606210806,   2.203,9999.000,9999.000,9999.000,9999.000,9999.000,9999.000,9999.000,9999.000
202606210812,   2.235,9999.000,9999.000,9999.000,9999.000,9999.000,9999.000,9999.000,9999.000
202606210818,   2.274,9999.000,9999.000,9999.000,9999.000,9999.000,9999.000,9999.000,9999.000
202606210824,   2.320,9999.000,9999.000,9999.000,9999.000,9999.000,9999.000,9999.000,9999.000
202606210830,   2.372,9999.000,9999.000,9999.000,9999.000,9999.000,9999.000,9999.000,9999.000
202606210836,   2.432,9999.000,9999.000,9999.000,9999.000,9999.000,9999.000,9999.000,9999.000
202606210842,   2.497,9999.000,9999.000,9999.000,9999.000,9999.000,9999.000,9999.000,9999.000
202606210848,   2.568,9999.000,9999.000,9999.000,9999.000,9999.000,9999.000,9999.000,9999.000
202606210854,   2.645,9999.000,9999.000,9999.000,9999.000,9999.000,9999.000,9999.000,9999.000
202606210900,   2.728,9999.000,   0.400,  -0.108,   3.020,   0.400,   3.020,   0.500,   3.120
202606210906,   2.815,9999.000,9999.000,9999.000,9999.000,9999.000,9999.000,9999.000,9999.000
202606210912,   2.907,9999.000,9999.000,9999.000,9999.000,9999.000,9999.000,9999.000,9999.000
202606210918,   3.003,9999.000,9999.000,9999.000,9999.000,9999.000,9999.000,9999.000,9999.000
202606210924,   3.104,9999.000,9999.000,9999.000,9999.000,9999.000,9999.000,9999.000,9999.000
202606210930,   3.208,9999.000,9999.000,9999.000,9999.000,9999.000,9999.000,9999.000,9999.000
202606210936,   3.315,9999.000,9999.000,9999.000,9999.000,9999.000,9999.000,9999.000,9999.000
202606210942,   3.425,9999.000,9999.000,9999.000,9999.000,9999.000,9999.000,9999.000,9999.000
202606210948,   3.538,9999.000,9999.000,9999.000,9999.000,9999.000,9999.000,9999.000,9999.000
202606210954,   3.653,9999.000,9999.000,9999.000,9999.000,9999.000,9999.000,9999.000,9999.000
202606211000,   3.771,9999.000,   0.400,  -0.108,   4.063,   0.400,   4.063,   0.500,   4.163
202606211006,   3.889,9999.000,9999.000,9999.000,9999.000,9999.000,9999.000,9999.000,9999.000
202606211012,   4.010,9999.000,9999.000,9999.000,9999.000,9999.000,9999.000,9999.000,9999.000
202606211018,   4.131,9999.000,9999.000,9999.000,9999.000,9999.000,9999.000,9999.000,9999.000
202606211024,   4.253,9999.000,9999.000,9999.000,9999.000,9999.000,9999.000,9999.000,9999.000
202606211030,   4.376,9999.000,9999.000,9999.000,9999.000,9999.000,9999.000,9999.000,9999.000
202606211036,   4.499,9999.000,9999.000,9999.000,9999.000,9999.000,9999.000,9999.000,9999.000
202606211042,   4.621,9999.000,9999.000,9999.000,9999.000,9999.000,9999.000,9999.000,9999.000
202606211048,   4.744,9999.000,9999.000,9999.000,9999.000,9999.000,9999.000,9999.000,9999.000
202606211054,   4.865,9999.000,9999.000,9999.000,9999.000,9999.000,9999.000,9999.000,9999.000
202606211100,   4.986,9999.000,   0.400,  -0.108,   5.278,   0.400,   5.278,   0.500,   5.378
202606211106,   5.106,9999.000,9999.000,9999.000,9999.000,9999.000,9999.000,9999.000,9999.000
202606211112,   5.224,9999.000,9999.000,9999.000,9999.000,9999.000,9999.000,9999.000,9999.000
202606211118,   5.340,9999.000,9999.000,9999.000,9999.000,9999.000,9999.000,9999.000,9999.000
202606211124,   5.455,9999.000,9999.000,9999.000,9999.000,9999.000,9999.000,9999.000,9999.000
202606211130,   5.567,9999.000,9999.000,9999.000,9999.000,9999.000,9999.000,9999.000,9999.000
202606211136,   5.676,9999.000,9999.000,9999.000,9999.000,9999.000,9999.000,9999.000,9999.000
202606211142,   5.783,9999.000,9999.000,9999.000,9999.000,9999.000,9999.000,9999.000,9999.000
202606211148,   5.886,9999.000,9999.000,9999.000,9999.000,9999.000,9999.000,9999.000,9999.000
202606211154,   5.986,9999.000,9999.000,9999.000,9999.000,9999.000,9999.000,9999.000,9999.000
202606211200,   6.082,9999.000,   0.400,  -0.108,   6.374,   0.400,   6.374,   0.500,   6.474
202606211206,   6.174,9999.000,9999.000,9999.000,9999.000,9999.000,9999.000,9999.000,9999.000
202606211212,   6.262,9999.000,9999.000,9999.000,9999.000,9999.000,9999.000,9999.000,9999.000
202606211218,   6.344,9999.000,9999.000,9999.000,9999.000,9999.000,9999.000,9999.000,9999.000
202606211224,   6.422,9999.000,9999.000,9999.000,9999.000,9999.000,9999.000,9999.000,9999.000
202606211230,   6.494,9999.000,9999.000,9999.000,9999.000,9999.000,9999.000,9999.000,9999.000
202606211236,   6.560,9999.000,9999.000,9999.000,9999.000,9999.000,9999.000,9999.000,9999.000
202606211242,   6.620,9999.000,9999.000,9999.000,9999.000,9999.000,9999.000,9999.000,9999.000
202606211248,   6.674,9999.000,9999.000,9999.000,9999.000,9999.000,9999.000,9999.000,9999.000
202606211254,   6.722,9999.000,9999.000,9999.000,9999.000,9999.000,9999.000,9999.000,9999.000
202606211300,   6.762,9999.000,   0.400,  -0.108,   7.054,   0.400,   7.054,   0.500,   7.154
202606211306,   6.796,9999.000,9999.000,9999.000,9999.000,9999.000,9999.000,9999.000,9999.000
202606211312,   6.822,9999.000,9999.000,9999.000,9999.000,9999.000,9999.000,9999.000,9999.000
202606211318,   6.841,9999.000,9999.000,9999.000,9999.000,9999.000,9999.000,9999.000,9999.000
202606211324,   6.852,9999.000,9999.000,9999.000,9999.000,9999.000,9999.000,9999.000,9999.000
202606211330,   6.855,9999.000,9999.000,9999.000,9999.000,9999.000,9999.000,9999.000,9999.000
202606211336,   6.851,9999.000,9999.000,9999.000,9999.000,9999.000,9999.000,9999.000,9999.000
202606211342,   6.839,9999.000,9999.000,9999.000,9999.000,9999.000,9999.000,9999.000,9999.000
202606211348,   6.819,9999.000,9999.000,9999.000,9999.000,9999.000,9999.000,9999.000,9999.000
202606211354,   6.791,9999.000,9999.000,9999.000,9999.000,9999.000,9999.000,9999.000,9999.000
202606211400,   6.756,9999.000,   0.400,  -0.108,   7.048,   0.400,   7.048,   0.500,   7.148
202606211406,   6.712,9999.000,9999.000,9999.000,9999.000,9999.000,9999.000,9999.000,9999.000
202606211412,   6.662,9999.000,9999.000,9999.000,9999.000,9999.000,9999.000,9999.000,9999.000
202606211418,   6.603,9999.000,9999.000,9999.000,9999.000,9999.000,9999.000,9999.000,9999.000
202606211424,   6.538,9999.000,9999.000,9999.000,9999.000,9999.000,9999.000,9999.000,9999.000
202606211430,   6.466,9999.000,9999.000,9999.000,9999.000,9999.000,9999.000,9999.000,9999.000
202606211436,   6.386,9999.000,9999.000,9999.000,9999.000,9999.000,9999.000,9999.000,9999.000
202606211442,   6.300,9999.000,9999.000,9999.000,9999.000,9999.000,9999.000,9999.000,9999.000
202606211448,   6.208,9999.000,9999.000,9999.000,9999.000,9999.000,9999.000,9999.000,9999.000
202606211454,   6.110,9999.000,9999.000,9999.000,9999.000,9999.000,9999.000,9999.000,9999.000
202606211500,   6.005,9999.000,   0.400,  -0.108,   6.297,   0.400,   6.297,   0.500,   6.397
202606211506,   5.896,9999.000,9999.000,9999.000,9999.000,9999.000,9999.000,9999.000,9999.000
202606211512,   5.781,9999.000,9999.000,9999.000,9999.000,9999.000,9999.000,9999.000,9999.000
202606211518,   5.661,9999.000,9999.000,9999.000,9999.000,9999.000,9999.000,9999.000,9999.000
202606211524,   5.536,9999.000,9999.000,9999.000,9999.000,9999.000,9999.000,9999.000,9999.000
202606211530,   5.407,9999.000,9999.000,9999.000,9999.000,9999.000,9999.000,9999.000,9999.000
202606211536,   5.274,9999.000,9999.000,9999.000,9999.000,9999.000,9999.000,9999.000,9999.000
202606211542,   5.137,9999.000,9999.000,9999.000,9999.000,9999.000,9999.000,9999.000,9999.000
202606211548,   4.996,9999.000,9999.000,9999.000,9999.000,9999.000,9999.000,9999.000,9999.000
202606211554,   4.853,9999.000,9999.000,9999.000,9999.000,9999.000,9999.000,9999.000,9999.000
202606211600,   4.706,9999.000,   0.400,  -0.108,   4.998,   0.400,   4.998,   0.500,   5.098
202606211606,   4.557,9999.000,9999.000,9999.000,9999.000,9999.000,9999.000,9999.000,9999.000
202606211612,   4.406,9999.000,9999.000,9999.000,9999.000,9999.000,9999.000,9999.000,9999.000
202606211618,   4.253,9999.000,9999.000,9999.000,9999.000,9999.000,9999.000,9999.000,9999.000
202606211624,   4.098,9999.000,9999.000,9999.000,9999.000,9999.000,9999.000,9999.000,9999.000
202606211630,   3.942,9999.000,9999.000,9999.000,9999.000,9999.000,9999.000,9999.000,9999.000
202606211636,   3.785,9999.000,9999.000,9999.000,9999.000,9999.000,9999.000,9999.000,9999.000
202606211642,   3.627,9999.000,9999.000,9999.000,9999.000,9999.000,9999.000,9999.000,9999.000
202606211648,   3.469,9999.000,9999.000,9999.000,9999.000,9999.000,9999.000,9999.000,9999.000
202606211654,   3.311,9999.000,9999.000,9999.000,9999.000,9999.000,9999.000,9999.000,9999.000
202606211700,   3.153,9999.000,   0.400,  -0.108,   3.445,   0.300,   3.345,   0.400,   3.445
202606211706,   2.996,9999.000,9999.000,9999.000,9999.000,9999.000,9999.000,9999.000,9999.000
202606211712,   2.841,9999.000,9999.000,9999.000,9999.000,9999.000,9999.000,9999.000,9999.000
202606211718,   2.686,9999.000,9999.000,9999.000,9999.000,9999.000,9999.000,9999.000,9999.000
202606211724,   2.534,9999.000,9999.000,9999.000,9999.000,9999.000,9999.000,9999.000,9999.000
202606211730,   2.384,9999.000,9999.000,9999.000,9999.000,9999.000,9999.000,9999.000,9999.000
202606211736,   2.237,9999.000,9999.000,9999.000,9999.000,9999.000,9999.000,9999.000,9999.000
202606211742,   2.093,9999.000,9999.000,9999.000,9999.000,9999.000,9999.000,9999.000,9999.000
202606211748,   1.952,9999.000,9999.000,9999.000,9999.000,9999.000,9999.000,9999.000,9999.000
202606211754,   1.816,9999.000,9999.000,9999.000,9999.000,9999.000,9999.000,9999.000,9999.000
202606211800,   1.683,9999.000,   0.400,  -0.108,   1.975,   0.400,   1.975,   0.500,   2.075
202606211806,   1.556,9999.000,9999.000,9999.000,9999.000,9999.000,9999.000,9999.000,9999.000
202606211812,   1.433,9999.000,9999.000,9999.000,9999.000,9999.000,9999.000,9999.000,9999.000
202606211818,   1.316,9999.000,9999.000,9999.000,9999.000,9999.000,9999.000,9999.000,9999.000
202606211824,   1.205,9999.000,9999.000,9999.000,9999.000,9999.000,9999.000,9999.000,9999.000
202606211830,   1.100,9999.000,9999.000,9999.000,9999.000,9999.000,9999.000,9999.000,9999.000
202606211836,   1.002,9999.000,9999.000,9999.000,9999.000,9999.000,9999.000,9999.000,9999.000
202606211842,   0.911,9999.000,9999.000,9999.000,9999.000,9999.000,9999.000,9999.000,9999.000
202606211848,   0.826,9999.000,9999.000,9999.000,9999.000,9999.000,9999.000,9999.000,9999.000
202606211854,   0.749,9999.000,9999.000,9999.000,9999.000,9999.000,9999.000,9999.000,9999.000
202606211900,   0.680,9999.000,   0.400,  -0.108,   0.972,   0.400,   0.972,   0.500,   1.072
202606211906,   0.619,9999.000,9999.000,9999.000,9999.000,9999.000,9999.000,9999.000,9999.000
202606211912,   0.566,9999.000,9999.000,9999.000,9999.000,9999.000,9999.000,9999.000,9999.000
202606211918,   0.521,9999.000,9999.000,9999.000,9999.000,9999.000,9999.000,9999.000,9999.000
202606211924,   0.485,9999.000,9999.000,9999.000,9999.000,9999.000,9999.000,9999.000,9999.000
202606211930,   0.457,9999.000,9999.000,9999.000,9999.000,9999.000,9999.000,9999.000,9999.000
202606211936,   0.438,9999.000,9999.000,9999.000,9999.000,9999.000,9999.000,9999.000,9999.000
202606211942,   0.428,9999.000,9999.000,9999.000,9999.000,9999.000,9999.000,9999.000,9999.000
202606211948,   0.426,9999.000,9999.000,9999.000,9999.000,9999.000,9999.000,9999.000,9999.000
202606211954,   0.433,9999.000,9999.000,9999.000,9999.000,9999.000,9999.000,9999.000,9999.000
202606212000,   0.449,9999.000,   0.400,  -0.108,   0.741,   0.400,   0.741,   0.500,   0.841
202606212006,   0.474,9999.000,9999.000,9999.000,9999.000,9999.000,9999.000,9999.000,9999.000
202606212012,   0.507,9999.000,9999.000,9999.000,9999.000,9999.000,9999.000,9999.000,9999.000
202606212018,   0.549,9999.000,9999.000,9999.000,9999.000,9999.000,9999.000,9999.000,9999.000
202606212024,   0.600,9999.000,9999.000,9999.000,9999.000,9999.000,9999.000,9999.000,9999.000
202606212030,   0.658,9999.000,9999.000,9999.000,9999.000,9999.000,9999.000,9999.000,9999.000
202606212036,   0.725,9999.000,9999.000,9999.000,9999.000,9999.000,9999.000,9999.000,9999.000
202606212042,   0.799,9999.000,9999.000,9999.000,9999.000,9999.000,9999.000,9999.000,9999.000
202606212048,   0.882,9999.000,9999.000,9999.000,9999.000,9999.000,9999.000,9999.000,9999.000
202606212054,   0.971,9999.000,9999.000,9999.000,9999.000,9999.000,9999.000,9999.000,9999.000
202606212100,   1.068,9999.000,   0.400,  -0.108,   1.360,   0.300,   1.260,   0.500,   1.460
202606212106,   1.172,9999.000,9999.000,9999.000,9999.000,9999.000,9999.000,9999.000,9999.000
202606212112,   1.282,9999.000,9999.000,9999.000,9999.000,9999.000,9999.000,9999.000,9999.000
202606212118,   1.398,9999.000,9999.000,9999.000,9999.000,9999.000,9999.000,9999.000,9999.000
202606212124,   1.521,9999.000,9999.000,9999.000,9999.000,9999.000,9999.000,9999.000,9999.000
202606212130,   1.648,9999.000,9999.000,9999.000,9999.000,9999.000,9999.000,9999.000,9999.000
202606212136,   1.782,9999.000,9999.000,9999.000,9999.000,9999.000,9999.000,9999.000,9999.000
202606212142,   1.920,9999.000,9999.000,9999.000,9999.000,9999.000,9999.000,9999.000,9999.000
202606212148,   2.063,9999.000,9999.000,9999.000,9999.000,9999.000,9999.000,9999.000,9999.000
202606212154,   2.210,9999.000,9999.000,9999.000,9999.000,9999.000,9999.000,9999.000,9999.000
202606212200,   2.361,9999.000,   0.400,  -0.108,   2.653,   0.400,   2.653,   0.500,   2.753
202606212206,   2.515,9999.000,9999.000,9999.000,9999.000,9999.000,9999.000,9999.000,9999.000
202606212212,   2.673,9999.000,9999.000,9999.000,9999.000,9999.000,9999.000,9999.000,9999.000
202606212218,   2.833,9999.000,9999.000,9999.000,9999.000,9999.000,9999.000,9999.000,9999.000
202606212224,   2.996,9999.000,9999.000,9999.000,9999.000,9999.000,9999.000,9999.000,9999.000
202606212230,   3.161,9999.000,9999.000,9999.000,9999.000,9999.000,9999.000,9999.000,9999.000
202606212236,   3.329,9999.000,9999.000,9999.000,9999.000,9999.000,9999.000,9999.000,9999.000
202606212242,   3.497,9999.000,9999.000,9999.000,9999.000,9999.000,9999.000,9999.000,9999.000
202606212248,   3.667,9999.000,9999.000,9999.000,9999.000,9999.000,9999.000,9999.000,9999.000
202606212254,   3.838,9999.000,9999.000,9999.000,9999.000,9999.000,9999.000,9999.000,9999.000
202606212300,   4.010,9999.000,   0.400,  -0.108,   4.302,   0.400,   4.302,   0.500,   4.402
202606212306,   4.182,9999.000,9999.000,9999.000,9999.000,9999.000,9999.000,9999.000,9999.000
202606212312,   4.354,9999.000,9999.000,9999.000,9999.000,9999.000,9999.000,9999.000,9999.000
202606212318,   4.526,9999.000,9999.000,9999.000,9999.000,9999.000,9999.000,9999.000,9999.000
202606212324,   4.697,9999.000,9999.000,9999.000,9999.000,9999.000,9999.000,9999.000,9999.000
202606212330,   4.867,9999.000,9999.000,9999.000,9999.000,9999.000,9999.000,9999.000,9999.000
202606212336,   5.037,9999.000,9999.000,9999.000,9999.000,9999.000,9999.000,9999.000,9999.000
202606212342,   5.205,9999.000,9999.000,9999.000,9999.000,9999.000,9999.000,9999.000,9999.000
202606212348,   5.371,9999.000,9999.000,9999.000,9999.000,9999.000,9999.000,9999.000,9999.000
202606212354,   5.535,9999.000,9999.000,9999.000,9999.000,9999.000,9999.000,9999.000,9999.000
202606220000,   5.697,9999.000,   0.400,  -0.108,   5.989,   0.400,   5.989,   0.500,   6.089
202606220006,   5.856,9999.000,9999.000,9999.000,9999.000,9999.000,9999.000,9999.000,9999.000
202606220012,   6.013,9999.000,9999.000,9999.000,9999.000,9999.000,9999.000,9999.000,9999.000
202606220018,   6.165,9999.000,9999.000,9999.000,9999.000,9999.000,9999.000,9999.000,9999.000
202606220024,   6.315,9999.000,9999.000,9999.000,9999.000,9999.000,9999.000,9999.000,9999.000
202606220030,   6.460,9999.000,9999.000,9999.000,9999.000,9999.000,9999.000,9999.000,9999.000
202606220036,   6.601,9999.000,9999.000,9999.000,9999.000,9999.000,9999.000,9999.000,9999.000
202606220042,   6.737,9999.000,9999.000,9999.000,9999.000,9999.000,9999.000,9999.000,9999.000
202606220048,   6.869,9999.000,9999.000,9999.000,9999.000,9999.000,9999.000,9999.000,9999.000
202606220054,   6.994,9999.000,9999.000,9999.000,9999.000,9999.000,9999.000,9999.000,9999.000
202606220100,   7.115,9999.000,   0.400,  -0.108,   7.407,   0.400,   7.407,   0.500,   7.507
202606220106,   7.229,9999.000,9999.000,9999.000,9999.000,9999.000,9999.000,9999.000,9999.000
202606220112,   7.337,9999.000,9999.000,9999.000,9999.000,9999.000,9999.000,9999.000,9999.000
202606220118,   7.438,9999.000,9999.000,9999.000,9999.000,9999.000,9999.000,9999.000,9999.000
202606220124,   7.532,9999.000,9999.000,9999.000,9999.000,9999.000,9999.000,9999.000,9999.000
202606220130,   7.619,9999.000,9999.000,9999.000,9999.000,9999.000,9999.000,9999.000,9999.000
202606220136,   7.699,9999.000,9999.000,9999.000,9999.000,9999.000,9999.000,9999.000,9999.000
202606220142,   7.771,9999.000,9999.000,9999.000,9999.000,9999.000,9999.000,9999.000,9999.000
202606220148,   7.835,9999.000,9999.000,9999.000,9999.000,9999.000,9999.000,9999.000,9999.000
202606220154,   7.892,9999.000,9999.000,9999.000,9999.000,9999.000,9999.000,9999.000,9999.000
202606220200,   7.940,9999.000,   0.400,  -0.108,   8.232,   0.400,   8.232,   0.500,   8.332
202606220206,   7.980,9999.000,9999.000,9999.000,9999.000,9999.000,9999.000,9999.000,9999.000
202606220212,   8.012,9999.000,9999.000,9999.000,9999.000,9999.000,9999.000,9999.000,9999.000
202606220218,   8.036,9999.000,9999.000,9999.000,9999.000,9999.000,9999.000,9999.000,9999.000
202606220224,   8.051,9999.000,9999.000,9999.000,9999.000,9999.000,9999.000,9999.000,9999.000
202606220230,   8.059,9999.000,9999.000,9999.000,9999.000,9999.000,9999.000,9999.000,9999.000
202606220236,   8.058,9999.000,9999.000,9999.000,9999.000,9999.000,9999.000,9999.000,9999.000
202606220242,   8.049,9999.000,9999.000,9999.000,9999.000,9999.000,9999.000,9999.000,9999.000
202606220248,   8.032,9999.000,9999.000,9999.000,9999.000,9999.000,9999.000,9999.000,9999.000
202606220254,   8.007,9999.000,9999.000,9999.000,9999.000,9999.000,9999.000,9999.000,9999.000
202606220300,   7.975,9999.000,   0.400,  -0.108,   8.267,   0.400,   8.267,   0.500,   8.367
202606220306,   7.935,9999.000,9999.000,9999.000,9999.000,9999.000,9999.000,9999.000,9999.000
202606220312,   7.887,9999.000,9999.000,9999.000,9999.000,9999.000,9999.000,9999.000,9999.000
202606220318,   7.833,9999.000,9999.000,9999.000,9999.000,9999.000,9999.000,9999.000,9999.000
202606220324,   7.772,9999.000,9999.000,9999.000,9999.000,9999.000,9999.000,9999.000,9999.000
202606220330,   7.703,9999.000,9999.000,9999.000,9999.000,9999.000,9999.000,9999.000,9999.000
202606220336,   7.629,9999.000,9999.000,9999.000,9999.000,9999.000,9999.000,9999.000,9999.000
202606220342,   7.548,9999.000,9999.000,9999.000,9999.000,9999.000,9999.000,9999.000,9999.000
202606220348,   7.461,9999.000,9999.000,9999.000,9999.000,9999.000,9999.000,9999.000,9999.000
202606220354,   7.368,9999.000,9999.000,9999.000,9999.000,9999.000,9999.000,9999.000,9999.000
202606220400,   7.269,9999.000,   0.400,  -0.108,   7.561,   0.400,   7.561,   0.500,   7.661
202606220406,   7.165,9999.000,9999.000,9999.000,9999.000,9999.000,9999.000,9999.000,9999.000
202606220412,   7.056,9999.000,9999.000,9999.000,9999.000,9999.000,9999.000,9999.000,9999.000
202606220418,   6.942,9999.000,9999.000,9999.000,9999.000,9999.000,9999.000,9999.000,9999.000
202606220424,   6.823,9999.000,9999.000,9999.000,9999.000,9999.000,9999.000,9999.000,9999.000
202606220430,   6.700,9999.000,9999.000,9999.000,9999.000,9999.000,9999.000,9999.000,9999.000
202606220436,   6.572,9999.000,9999.000,9999.000,9999.000,9999.000,9999.000,9999.000,9999.000
202606220442,   6.441,9999.000,9999.000,9999.000,9999.000,9999.000,9999.000,9999.000,9999.000
202606220448,   6.306,9999.000,9999.000,9999.000,9999.000,9999.000,9999.000,9999.000,9999.000
202606220454,   6.167,9999.000,9999.000,9999.000,9999.000,9999.000,9999.000,9999.000,9999.000
202606220500,   6.026,9999.000,   0.400,  -0.108,   6.318,   0.300,   6.218,   0.500,   6.418
202606220506,   5.881,9999.000,9999.000,9999.000,9999.000,9999.000,9999.000,9999.000,9999.000
202606220512,   5.734,9999.000,9999.000,9999.000,9999.000,9999.000,9999.000,9999.000,9999.000
202606220518,   5.585,9999.000,9999.000,9999.000,9999.000,9999.000,9999.000,9999.000,9999.000
202606220524,   5.434,9999.000,9999.000,9999.000,9999.000,9999.000,9999.000,9999.000,9999.000
202606220530,   5.282,9999.000,9999.000,9999.000,9999.000,9999.000,9999.000,9999.000,9999.000
202606220536,   5.128,9999.000,9999.000,9999.000,9999.000,9999.000,9999.000,9999.000,9999.000
202606220542,   4.973,9999.000,9999.000,9999.000,9999.000,9999.000,9999.000,9999.000,9999.000
202606220548,   4.818,9999.000,9999.000,9999.000,9999.000,9999.000,9999.000,9999.000,9999.000
202606220554,   4.663,9999.000,9999.000,9999.000,9999.000,9999.000,9999.000,9999.000,9999.000
202606220600,   4.508,9999.000,   0.400,  -0.108,   4.800,   0.300,   4.700,   0.500,   4.900
202606220606,   4.354,9999.000,9999.000,9999.000,9999.000,9999.000,9999.000,9999.000,9999.000
202606220612,   4.201,9999.000,9999.000,9999.000,9999.000,9999.000,9999.000,9999.000,9999.000
202606220618,   4.050,9999.000,9999.000,9999.000,9999.000,9999.000,9999.000,9999.000,9999.000
202606220624,   3.901,9999.000,9999.000,9999.000,9999.000,9999.000,9999.000,9999.000,9999.000
202606220630,   3.754,9999.000,9999.000,9999.000,9999.000,9999.000,9999.000,9999.000,9999.000
202606220636,   3.610,9999.000,9999.000,9999.000,9999.000,9999.000,9999.000,9999.000,9999.000
202606220642,   3.469,9999.000,9999.000,9999.000,9999.000,9999.000,9999.000,9999.000,9999.000
202606220648,   3.332,9999.000,9999.000,9999.000,9999.000,9999.000,9999.000,9999.000,9999.000
202606220654,   3.198,9999.000,9999.000,9999.000,9999.000,9999.000,9999.000,9999.000,9999.000
202606220700,   3.069,9999.000,   0.400,  -0.108,   3.361,   0.300,   3.261,   0.500,   3.461
202606220706,   2.945,9999.000,9999.000,9999.000,9999.000,9999.000,9999.000,9999.000,9999.000
202606220712,   2.826,9999.000,9999.000,9999.000,9999.000,9999.000,9999.000,9999.000,9999.000
202606220718,   2.712,9999.000,9999.000,9999.000,9999.000,9999.000,9999.000,9999.000,9999.000
202606220724,   2.604,9999.000,9999.000,9999.000,9999.000,9999.000,9999.000,9999.000,9999.000
202606220730,   2.501,9999.000,9999.000,9999.000,9999.000,9999.000,9999.000,9999.000,9999.000
202606220736,   2.405,9999.000,9999.000,9999.000,9999.000,9999.000,9999.000,9999.000,9999.000
202606220742,   2.316,9999.000,9999.000,9999.000,9999.000,9999.000,9999.000,9999.000,9999.000
202606220748,   2.233,9999.000,9999.000,9999.000,9999.000,9999.000,9999.000,9999.000,9999.000
202606220754,   2.157,9999.000,9999.000,9999.000,9999.000,9999.000,9999.000,9999.000,9999.000
202606220800,   2.088,9999.000,   0.400,  -0.108,   2.380,   0.300,   2.280,   0.500,   2.480
202606220806,   2.026,9999.000,9999.000,9999.000,9999.000,9999.000,9999.000,9999.000,9999.000
202606220812,   1.971,9999.000,9999.000,9999.000,9999.000,9999.000,9999.000,9999.000,9999.000
202606220818,   1.923,9999.000,9999.000,9999.000,9999.000,9999.000,9999.000,9999.000,9999.000
202606220824,   1.883,9999.000,9999.000,9999.000,9999.000,9999.000,9999.000,9999.000,9999.000
202606220830,   1.851,9999.000,9999.000,9999.000,9999.000,9999.000,9999.000,9999.000,9999.000
202606220836,   1.825,9999.000,9999.000,9999.000,9999.000,9999.000,9999.000,9999.000,9999.000
202606220842,   1.808,9999.000,9999.000,9999.000,9999.000,9999.000,9999.000,9999.000,9999.000
202606220848,   1.797,9999.000,9999.000,9999.000,9999.000,9999.000,9999.000,9999.000,9999.000
202606220854,   1.794,9999.000,9999.000,9999.000,9999.000,9999.000,9999.000,9999.000,9999.000
202606220900,   1.798,9999.000,   0.400,  -0.108,   2.090,   0.300,   1.990,   0.400,   2.090
202606220906,   1.809,9999.000,9999.000,9999.000,9999.000,9999.000,9999.000,9999.000,9999.000
202606220912,   1.827,9999.000,9999.000,9999.000,9999.000,9999.000,9999.000,9999.000,9999.000
202606220918,   1.852,9999.000,9999.000,9999.000,9999.000,9999.000,9999.000,9999.000,9999.000
202606220924,   1.883,9999.000,9999.000,9999.000,9999.000,9999.000,9999.000,9999.000,9999.000
202606220930,   1.921,9999.000,9999.000,9999.000,9999.000,9999.000,9999.000,9999.000,9999.000
202606220936,   1.965,9999.000,9999.000,9999.000,9999.000,9999.000,9999.000,9999.000,9999.000
202606220942,   2.014,9999.000,9999.000,9999.000,9999.000,9999.000,9999.000,9999.000,9999.000
202606220948,   2.070,9999.000,9999.000,9999.000,9999.000,9999.000,9999.000,9999.000,9999.000
202606220954,   2.131,9999.000,9999.000,9999.000,9999.000,9999.000,9999.000,9999.000,9999.000
202606221000,   2.197,9999.000,   0.400,  -0.108,   2.489,   0.300,   2.389,   0.400,   2.489
202606221006,   2.269,9999.000,9999.000,9999.000,9999.000,9999.000,9999.000,9999.000,9999.000
202606221012,   2.345,9999.000,9999.000,9999.000,9999.000,9999.000,9999.000,9999.000,9999.000
202606221018,   2.425,9999.000,9999.000,9999.000,9999.000,9999.000,9999.000,9999.000,9999.000
202606221024,   2.509,9999.000,9999.000,9999.000,9999.000,9999.000,9999.000,9999.000,9999.000
202606221030,   2.597,9999.000,9999.000,9999.000,9999.000,9999.000,9999.000,9999.000,9999.000
202606221036,   2.689,9999.000,9999.000,9999.000,9999.000,9999.000,9999.000,9999.000,9999.000
202606221042,   2.784,9999.000,9999.000,9999.000,9999.000,9999.000,9999.000,9999.000,9999.000
202606221048,   2.882,9999.000,9999.000,9999.000,9999.000,9999.000,9999.000,9999.000,9999.000
202606221054,   2.983,9999.000,9999.000,9999.000,9999.000,9999.000,9999.000,9999.000,9999.000
202606221100,   3.086,9999.000,   0.400,  -0.108,   3.378,   0.300,   3.278,   0.500,   3.478
202606221106,   3.191,9999.000,9999.000,9999.000,9999.000,9999.000,9999.000,9999.000,9999.000
202606221112,   3.298,9999.000,9999.000,9999.000,9999.000,9999.000,9999.000,9999.000,9999.000
202606221118,   3.407,9999.000,9999.000,9999.000,9999.000,9999.000,9999.000,9999.000,9999.000
202606221124,   3.517,9999.000,9999.000,9999.000,9999.000,9999.000,9999.000,9999.000,9999.000
202606221130,   3.628,9999.000,9999.000,9999.000,9999.000,9999.000,9999.000,9999.000,9999.000
202606221136,   3.740,9999.000,9999.000,9999.000,9999.000,9999.000,9999.000,9999.000,9999.000
202606221142,   3.852,9999.000,9999.000,9999.000,9999.000,9999.000,9999.000,9999.000,9999.000
202606221148,   3.965,9999.000,9999.000,9999.000,9999.000,9999.000,9999.000,9999.000,9999.000
202606221154,   4.078,9999.000,9999.000,9999.000,9999.000,9999.000,9999.000,9999.000,9999.000
202606221200,   4.190,9999.000,   0.400,  -0.108,   4.482,   0.300,   4.382,   0.400,   4.482
202606221206,   4.302,9999.000,9999.000,9999.000,9999.000,9999.000,9999.000,9999.000,9999.000
202606221212,   4.414,9999.000,9999.000,9999.000,9999.000,9999.000,9999.000,9999.000,9999.000
202606221218,   4.524,9999.000,9999.000,9999.000,9999.000,9999.000,9999.000,9999.000,9999.000
202606221224,   4.633,9999.000,9999.000,9999.000,9999.000,9999.000,9999.000,9999.000,9999.000
202606221230,   4.740,9999.000,9999.000,9999.000,9999.000,9999.000,9999.000,9999.000,9999.000
202606221236,   4.845,9999.000,9999.000,9999.000,9999.000,9999.000,9999.000,9999.000,9999.000
202606221242,   4.948,9999.000,9999.000,9999.000,9999.000,9999.000,9999.000,9999.000,9999.000
202606221248,   5.048,9999.000,9999.000,9999.000,9999.000,9999.000,9999.000,9999.000,9999.000
202606221254,   5.146,9999.000,9999.000,9999.000,9999.000,9999.000,9999.000,9999.000,9999.000
202606221300,   5.240,9999.000,   0.300,  -0.108,   5.432,   0.300,   5.432,   0.400,   5.532
202606221306,   5.331,9999.000,9999.000,9999.000,9999.000,9999.000,9999.000,9999.000,9999.000
202606221312,   5.418,9999.000,9999.000,9999.000,9999.000,9999.000,9999.000,9999.000,9999.000
202606221318,   5.501,9999.000,9999.000,9999.000,9999.000,9999.000,9999.000,9999.000,9999.000
202606221324,   5.580,9999.000,9999.000,9999.000,9999.000,9999.000,9999.000,9999.000,9999.000
202606221330,   5.653,9999.000,9999.000,9999.000,9999.000,9999.000,9999.000,9999.000,9999.000
202606221336,   5.722,9999.000,9999.000,9999.000,9999.000,9999.000,9999.000,9999.000,9999.000
202606221342,   5.786,9999.000,9999.000,9999.000,9999.000,9999.000,9999.000,9999.000,9999.000
202606221348,   5.844,9999.000,9999.000,9999.000,9999.000,9999.000,9999.000,9999.000,9999.000
202606221354,   5.896,9999.000,9999.000,9999.000,9999.000,9999.000,9999.000,9999.000,9999.000
202606221400,   5.943,9999.000,   0.400,  -0.108,   6.235,   0.300,   6.135,   0.400,   6.235
202606221406,   5.983,9999.000,9999.000,9999.000,9999.000,9999.000,9999.000,9999.000,9999.000
202606221412,   6.017,9999.000,9999.000,9999.000,9999.000,9999.000,9999.000,9999.000,9999.000
202606221418,   6.045,9999.000,9999.000,9999.000,9999.000,9999.000,9999.000,9999.000,9999.000
202606221424,   6.066,9999.000,9999.000,9999.000,9999.000,9999.000,9999.000,9999.000,9999.000
202606221430,   6.081,9999.000,9999.000,9999.000,9999.000,9999.000,9999.000,9999.000,9999.000
202606221436,   6.089,9999.000,9999.000,9999.000,9999.000,9999.000,9999.000,9999.000,9999.000
202606221442,   6.091,9999.000,9999.000,9999.000,9999.000,9999.000,9999.000,9999.000,9999.000
202606221448,   6.086,9999.000,9999.000,9999.000,9999.000,9999.000,9999.000,9999.000,9999.000
202606221454,   6.074,9999.000,9999.000,9999.000,9999.000,9999.000,9999.000,9999.000,9999.000
202606221500,   6.056,9999.000,   0.400,  -0.108,   6.348,   0.300,   6.248,   0.400,   6.348
202606221506,   6.031,9999.000,9999.000,9999.000,9999.000,9999.000,9999.000,9999.000,9999.000
202606221512,   6.001,9999.000,9999.000,9999.000,9999.000,9999.000,9999.000,9999.000,9999.000
202606221518,   5.964,9999.000,9999.000,9999.000,9999.000,9999.000,9999.000,9999.000,9999.000
202606221524,   5.921,9999.000,9999.000,9999.000,9999.000,9999.000,9999.000,9999.000,9999.000
202606221530,   5.872,9999.000,9999.000,9999.000,9999.000,9999.000,9999.000,9999.000,9999.000
202606221536,   5.818,9999.000,9999.000,9999.000,9999.000,9999.000,9999.000,9999.000,9999.000
202606221542,   5.758,9999.000,9999.000,9999.000,9999.000,9999.000,9999.000,9999.000,9999.000
202606221548,   5.693,9999.000,9999.000,9999.000,9999.000,9999.000,9999.000,9999.000,9999.000
202606221554,   5.623,9999.000,9999.000,9999.000,9999.000,9999.000,9999.000,9999.000,9999.000
202606221600,   5.548,9999.000,   0.400,  -0.108,   5.840,   0.300,   5.740,   0.400,   5.840
202606221606,   5.469,9999.000,9999.000,9999.000,9999.000,9999.000,9999.000,9999.000,9999.000
202606221612,   5.385,9999.000,9999.000,9999.000,9999.000,9999.000,9999.000,9999.000,9999.000
202606221618,   5.297,9999.000,9999.000,9999.000,9999.000,9999.000,9999.000,9999.000,9999.000
202606221624,   5.204,9999.000,9999.000,9999.000,9999.000,9999.000,9999.000,9999.000,9999.000
202606221630,   5.109,9999.000,9999.000,9999.000,9999.000,9999.000,9999.000,9999.000,9999.000
202606221636,   5.009,9999.000,9999.000,9999.000,9999.000,9999.000,9999.000,9999.000,9999.000
202606221642,   4.907,9999.000,9999.000,9999.000,9999.000,9999.000,9999.000,9999.000,9999.000
202606221648,   4.801,9999.000,9999.000,9999.000,9999.000,9999.000,9999.000,9999.000,9999.000
202606221654,   4.692,9999.000,9999.000,9999.000,9999.000,9999.000,9999.000,9999.000,9999.000
202606221700,   4.581,9999.000,   0.300,  -0.108,   4.773,   0.300,   4.773,   0.400,   4.873
202606221706,   4.468,9999.000,9999.000,9999.000,9999.000,9999.000,9999.000,9999.000,9999.000
202606221712,   4.352,9999.000,9999.000,9999.000,9999.000,9999.000,9999.000,9999.000,9999.000
202606221718,   4.234,9999.000,9999.000,9999.000,9999.000,9999.000,9999.000,9999.000,9999.000
202606221724,   4.115,9999.000,9999.000,9999.000,9999.000,9999.000,9999.000,9999.000,9999.000
202606221730,   3.995,9999.000,9999.000,9999.000,9999.000,9999.000,9999.000,9999.000,9999.000
202606221736,   3.873,9999.000,9999.000,9999.000,9999.000,9999.000,9999.000,9999.000,9999.000
202606221742,   3.750,9999.000,9999.000,9999.000,9999.000,9999.000,9999.000,9999.000,9999.000
202606221748,   3.627,9999.000,9999.000,9999.000,9999.000,9999.000,9999.000,9999.000,9999.000
202606221754,   3.504,9999.000,9999.000,9999.000,9999.000,9999.000,9999.000,9999.000,9999.000
202606221800,   3.381,9999.000,   0.300,  -0.108,   3.573,   0.300,   3.573,   0.400,   3.673
202606221806,   3.259,9999.000,9999.000,9999.000,9999.000,9999.000,9999.000,9999.000,9999.000
202606221812,   3.137,9999.000,9999.000,9999.000,9999.000,9999.000,9999.000,9999.000,9999.000
202606221818,   3.017,9999.000,9999.000,9999.000,9999.000,9999.000,9999.000,9999.000,9999.000
202606221824,   2.897,9999.000,9999.000,9999.000,9999.000,9999.000,9999.000,9999.000,9999.000
202606221830,   2.780,9999.000,9999.000,9999.000,9999.000,9999.000,9999.000,9999.000,9999.000
202606221836,   2.665,9999.000,9999.000,9999.000,9999.000,9999.000,9999.000,9999.000,9999.000
202606221842,   2.553,9999.000,9999.000,9999.000,9999.000,9999.000,9999.000,9999.000,9999.000
202606221848,   2.444,9999.000,9999.000,9999.000,9999.000,9999.000,9999.000,9999.000,9999.000
202606221854,   2.338,9999.000,9999.000,9999.000,9999.000,9999.000,9999.000,9999.000,9999.000
202606221900,   2.235,9999.000,   0.400,  -0.108,   2.527,   0.300,   2.427,   0.400,   2.527
202606221906,   2.137,9999.000,9999.000,9999.000,9999.000,9999.000,9999.000,9999.000,9999.000
202606221912,   2.043,9999.000,9999.000,9999.000,9999.000,9999.000,9999.000,9999.000,9999.000
202606221918,   1.954,9999.000,9999.000,9999.000,9999.000,9999.000,9999.000,9999.000,9999.000
202606221924,   1.870,9999.000,9999.000,9999.000,9999.000,9999.000,9999.000,9999.000,9999.000
202606221930,   1.791,9999.000,9999.000,9999.000,9999.000,9999.000,9999.000,9999.000,9999.000
202606221936,   1.718,9999.000,9999.000,9999.000,9999.000,9999.000,9999.000,9999.000,9999.000
202606221942,   1.650,9999.000,9999.000,9999.000,9999.000,9999.000,9999.000,9999.000,9999.000
202606221948,   1.589,9999.000,9999.000,9999.000,9999.000,9999.000,9999.000,9999.000,9999.000
202606221954,   1.535,9999.000,9999.000,9999.000,9999.000,9999.000,9999.000,9999.000,9999.000
202606222000,   1.487,9999.000,   0.400,  -0.108,   1.779,   0.300,   1.679,   0.400,   1.779
202606222006,   1.445,9999.000,9999.000,9999.000,9999.000,9999.000,9999.000,9999.000,9999.000
202606222012,   1.411,9999.000,9999.000,9999.000,9999.000,9999.000,9999.000,9999.000,9999.000
202606222018,   1.384,9999.000,9999.000,9999.000,9999.000,9999.000,9999.000,9999.000,9999.000
202606222024,   1.364,9999.000,9999.000,9999.000,9999.000,9999.000,9999.000,9999.000,9999.000
202606222030,   1.351,9999.000,9999.000,9999.000,9999.000,9999.000,9999.000,9999.000,9999.000
202606222036,   1.346,9999.000,9999.000,9999.000,9999.000,9999.000,9999.000,9999.000,9999.000
202606222042,   1.348,9999.000,9999.000,9999.000,9999.000,9999.000,9999.000,9999.000,9999.000
202606222048,   1.358,9999.000,9999.000,9999.000,9999.000,9999.000,9999.000,9999.000,9999.000
202606222054,   1.375,9999.000,9999.000,9999.000,9999.000,9999.000,9999.000,9999.000,9999.000
202606222100,   1.399,9999.000,   0.300,  -0.108,   1.591,   0.200,   1.491,   0.400,   1.691
202606222106,   1.432,9999.000,9999.000,9999.000,9999.000,9999.000,9999.000,9999.000,9999.000
202606222112,   1.471,9999.000,9999.000,9999.000,9999.000,9999.000,9999.000,9999.000,9999.000
202606222118,   1.517,9999.000,9999.000,9999.000,9999.000,9999.000,9999.000,9999.000,9999.000
202606222124,   1.571,9999.000,9999.000,9999.000,9999.000,9999.000,9999.000,9999.000,9999.000
202606222130,   1.632,9999.000,9999.000,9999.000,9999.000,9999.000,9999.000,9999.000,9999.000
202606222136,   1.700,9999.000,9999.000,9999.000,9999.000,9999.000,9999.000,9999.000,9999.000
202606222142,   1.774,9999.000,9999.000,9999.000,9999.000,9999.000,9999.000,9999.000,9999.000
202606222148,   1.855,9999.000,9999.000,9999.000,9999.000,9999.000,9999.000,9999.000,9999.000
202606222154,   1.942,9999.000,9999.000,9999.000,9999.000,9999.000,9999.000,9999.000,9999.000
202606222200,   2.035,9999.000,   0.300,  -0.108,   2.227,   0.200,   2.127,   0.400,   2.327
202606222206,   2.134,9999.000,9999.000,9999.000,9999.000,9999.000,9999.000,9999.000,9999.000
202606222212,   2.238,9999.000,9999.000,9999.000,9999.000,9999.000,9999.000,9999.000,9999.000
202606222218,   2.348,9999.000,9999.000,9999.000,9999.000,9999.000,9999.000,9999.000,9999.000
202606222224,   2.463,9999.000,9999.000,9999.000,9999.000,9999.000,9999.000,9999.000,9999.000
202606222230,   2.582,9999.000,9999.000,9999.000,9999.000,9999.000,9999.000,9999.000,9999.000
202606222236,   2.706,9999.000,9999.000,9999.000,9999.000,9999.000,9999.000,9999.000,9999.000
202606222242,   2.835,9999.000,9999.000,9999.000,9999.000,9999.000,9999.000,9999.000,9999.000
202606222248,   2.967,9999.000,9999.000,9999.000,9999.000,9999.000,9999.000,9999.000,9999.000
202606222254,   3.102,9999.000,9999.000,9999.000,9999.000,9999.000,9999.000,9999.000,9999.000
202606222300,   3.241,9999.000,   0.300,  -0.108,   3.433,   0.300,   3.433,   0.400,   3.533
202606222306,   3.383,9999.000,9999.000,9999.000,9999.000,9999.000,9999.000,9999.000,9999.000
202606222312,   3.527,9999.000,9999.000,9999.000,9999.000,9999.000,9999.000,9999.000,9999.000
202606222318,   3.674,9999.000,9999.000,9999.000,9999.000,9999.000,9999.000,9999.000,9999.000
202606222324,   3.823,9999.000,9999.000,9999.000,9999.000,9999.000,9999.000,9999.000,9999.000
202606222330,   3.973,9999.000,9999.000,9999.000,9999.000,9999.000,9999.000,9999.000,9999.000
202606222336,   4.125,9999.000,9999.000,9999.000,9999.000,9999.000,9999.000,9999.000,9999.000
202606222342,   4.278,9999.000,9999.000,9999.000,9999.000,9999.000,9999.000,9999.000,9999.000
202606222348,   4.432,9999.000,9999.000,9999.000,9999.000,9999.000,9999.000,9999.000,9999.000
202606222354,   4.587,9999.000,9999.000,9999.000,9999.000,9999.000,9999.000,9999.000,9999.000
202606230000,   4.742,9999.000,   0.400,  -0.108,   5.034,   0.300,   4.934,   0.400,   5.034
202606230006,   4.897,9999.000,9999.000,9999.000,9999.000,9999.000,9999.000,9999.000,9999.000
202606230012,   5.052,9999.000,9999.000,9999.000,9999.000,9999.000,9999.000,9999.000,9999.000
202606230018,   5.206,9999.000,9999.000,9999.000,9999.000,9999.000,9999.000,9999.000,9999.000
202606230024,   5.360,9999.000,9999.000,9999.000,9999.000,9999.000,9999.000,9999.000,9999.000
202606230030,   5.512,9999.000,9999.000,9999.000,9999.000,9999.000,9999.000,9999.000,9999.000
202606230036,   5.663,9999.000,9999.000,9999.000,9999.000,9999.000,9999.000,9999.000,9999.000
202606230042,   5.812,9999.000,9999.000,9999.000,9999.000,9999.000,9999.000,9999.000,9999.000
202606230048,   5.960,9999.000,9999.000,9999.000,9999.000,9999.000,9999.000,9999.000,9999.000
202606230054,   6.105,9999.000,9999.000,9999.000,9999.000,9999.000,9999.000,9999.000,9999.000
202606230100,   6.247,9999.000,   0.300,  -0.108,   6.439,   0.300,   6.439,   0.400,   6.539
202606230106,   6.387,9999.000,9999.000,9999.000,9999.000,9999.000,9999.000,9999.000,9999.000
202606230112,   6.524,9999.000,9999.000,9999.000,9999.000,9999.000,9999.000,9999.000,9999.000
202606230118,   6.656,9999.000,9999.000,9999.000,9999.000,9999.000,9999.000,9999.000,9999.000
202606230124,   6.785,9999.000,9999.000,9999.000,9999.000,9999.000,9999.000,9999.000,9999.000
202606230130,   6.910,9999.000,9999.000,9999.000,9999.000,9999.000,9999.000,9999.000,9999.000
202606230136,   7.031,9999.000,9999.000,9999.000,9999.000,9999.000,9999.000,9999.000,9999.000
202606230142,   7.146,9999.000,9999.000,9999.000,9999.000,9999.000,9999.000,9999.000,9999.000
202606230148,   7.257,9999.000,9999.000,9999.000,9999.000,9999.000,9999.000,9999.000,9999.000
202606230154,   7.362,9999.000,9999.000,9999.000,9999.000,9999.000,9999.000,9999.000,9999.000
202606230200,   7.461,9999.000,   0.300,  -0.108,   7.653,   0.300,   7.653,   0.400,   7.753
202606230206,   7.554,9999.000,9999.000,9999.000,9999.000,9999.000,9999.000,9999.000,9999.000
202606230212,   7.641,9999.000,9999.000,9999.000,9999.000,9999.000,9999.000,9999.000,9999.000
202606230218,   7.722,9999.000,9999.000,9999.000,9999.000,9999.000,9999.000,9999.000,9999.000
202606230224,   7.795,9999.000,9999.000,9999.000,9999.000,9999.000,9999.000,9999.000,9999.000
202606230230,   7.862,9999.000,9999.000,9999.000,9999.000,9999.000,9999.000,9999.000,9999.000
202606230236,   7.921,9999.000,9999.000,9999.000,9999.000,9999.000,9999.000,9999.000,9999.000
202606230242,   7.974,9999.000,9999.000,9999.000,9999.000,9999.000,9999.000,9999.000,9999.000
202606230248,   8.019,9999.000,9999.000,9999.000,9999.000,9999.000,9999.000,9999.000,9999.000
202606230254,   8.056,9999.000,9999.000,9999.000,9999.000,9999.000,9999.000,9999.000,9999.000
202606230300,   8.085,9999.000,   0.400,  -0.108,   8.377,   0.300,   8.277,   0.400,   8.377
202606230306,   8.107,9999.000,9999.000,9999.000,9999.000,9999.000,9999.000,9999.000,9999.000
202606230312,   8.122,9999.000,9999.000,9999.000,9999.000,9999.000,9999.000,9999.000,9999.000
202606230318,   8.128,9999.000,9999.000,9999.000,9999.000,9999.000,9999.000,9999.000,9999.000
202606230324,   8.127,9999.000,9999.000,9999.000,9999.000,9999.000,9999.000,9999.000,9999.000
202606230330,   8.118,9999.000,9999.000,9999.000,9999.000,9999.000,9999.000,9999.000,9999.000
202606230336,   8.102,9999.000,9999.000,9999.000,9999.000,9999.000,9999.000,9999.000,9999.000
202606230342,   8.078,9999.000,9999.000,9999.000,9999.000,9999.000,9999.000,9999.000,9999.000
202606230348,   8.046,9999.000,9999.000,9999.000,9999.000,9999.000,9999.000,9999.000,9999.000
202606230354,   8.008,9999.000,9999.000,9999.000,9999.000,9999.000,9999.000,9999.000,9999.000
202606230400,   7.962,9999.000,   0.400,  -0.108,   8.254,   0.300,   8.154,   0.400,   8.254
202606230406,   7.910,9999.000,9999.000,9999.000,9999.000,9999.000,9999.000,9999.000,9999.000
202606230412,   7.850,9999.000,9999.000,9999.000,9999.000,9999.000,9999.000,9999.000,9999.000
202606230418,   7.784,9999.000,9999.000,9999.000,9999.000,9999.000,9999.000,9999.000,9999.000
202606230424,   7.711,9999.000,9999.000,9999.000,9999.000,9999.000,9999.000,9999.000,9999.000
202606230430,   7.632,9999.000,9999.000,9999.000,9999.000,9999.000,9999.000,9999.000,9999.000
202606230436,   7.547,9999.000,9999.000,9999.000,9999.000,9999.000,9999.000,9999.000,9999.000
202606230442,   7.456,9999.000,9999.000,9999.000,9999.000,9999.000,9999.000,9999.000,9999.000
202606230448,   7.359,9999.000,9999.000,9999.000,9999.000,9999.000,9999.000,9999.000,9999.000
202606230454,   7.257,9999.000,9999.000,9999.000,9999.000,9999.000,9999.000,9999.000,9999.000
202606230500,   7.149,9999.000,   0.300,  -0.108,   7.341,   0.300,   7.341,   0.400,   7.441
202606230506,   7.036,9999.000,9999.000,9999.000,9999.000,9999.000,9999.000,9999.000,9999.000
202606230512,   6.918,9999.000,9999.000,9999.000,9999.000,9999.000,9999.000,9999.000,9999.000
202606230518,   6.796,9999.000,9999.000,9999.000,9999.000,9999.000,9999.000,9999.000,9999.000
202606230524,   6.669,9999.000,9999.000,9999.000,9999.000,9999.000,9999.000,9999.000,9999.000
202606230530,   6.537,9999.000,9999.000,9999.000,9999.000,9999.000,9999.000,9999.000,9999.000
202606230536,   6.401,9999.000,9999.000,9999.000,9999.000,9999.000,9999.000,9999.000,9999.000
202606230542,   6.262,9999.000,9999.000,9999.000,9999.000,9999.000,9999.000,9999.000,9999.000
202606230548,   6.119,9999.000,9999.000,9999.000,9999.000,9999.000,9999.000,9999.000,9999.000
202606230554,   5.973,9999.000,9999.000,9999.000,9999.000,9999.000,9999.000,9999.000,9999.000
202606230600,   5.823,9999.000,   0.300,  -0.108,   6.015,   0.200,   5.915,   0.400,   6.115
202606230606,   5.671,9999.000,9999.000,9999.000,9999.000,9999.000,9999.000,9999.000,9999.000
202606230612,   5.517,9999.000,9999.000,9999.000,9999.000,9999.000,9999.000,9999.000,9999.000
202606230618,   5.360,9999.000,9999.000,9999.000,9999.000,9999.000,9999.000,9999.000,9999.000
202606230624,   5.202,9999.000,9999.000,9999.000,9999.000,9999.000,9999.000,9999.000,9999.000
202606230630,   5.042,9999.000,9999.000,9999.000,9999.000,9999.000,9999.000,9999.000,9999.000
202606230636,   4.881,9999.000,9999.000,9999.000,9999.000,9999.000,9999.000,9999.000,9999.000
202606230642,   4.719,9999.000,9999.000,9999.000,9999.000,9999.000,9999.000,9999.000,9999.000
202606230648,   4.557,9999.000,9999.000,9999.000,9999.000,9999.000,9999.000,9999.000,9999.000
202606230654,   4.395,9999.000,9999.000,9999.000,9999.000,9999.000,9999.000,9999.000,9999.000
202606230700,   4.234,9999.000,   0.300,  -0.108,   4.426,   0.200,   4.326,   0.400,   4.526
202606230706,   4.073,9999.000,9999.000,9999.000,9999.000,9999.000,9999.000,9999.000,9999.000
202606230712,   3.913,9999.000,9999.000,9999.000,9999.000,9999.000,9999.000,9999.000,9999.000
202606230718,   3.756,9999.000,9999.000,9999.000,9999.000,9999.000,9999.000,9999.000,9999.000
202606230724,   3.600,9999.000,9999.000,9999.000,9999.000,9999.000,9999.000,9999.000,9999.000
202606230730,   3.446,9999.000,9999.000,9999.000,9999.000,9999.000,9999.000,9999.000,9999.000
202606230736,   3.296,9999.000,9999.000,9999.000,9999.000,9999.000,9999.000,9999.000,9999.000
202606230742,   3.148,9999.000,9999.000,9999.000,9999.000,9999.000,9999.000,9999.000,9999.000
202606230748,   3.004,9999.000,9999.000,9999.000,9999.000,9999.000,9999.000,9999.000,9999.000
202606230754,   2.864,9999.000,9999.000,9999.000,9999.000,9999.000,9999.000,9999.000,9999.000
202606230800,   2.728,9999.000,   0.300,  -0.108,   2.920,   0.200,   2.820,   0.400,   3.020
202606230806,   2.597,9999.000,9999.000,9999.000,9999.000,9999.000,9999.000,9999.000,9999.000
202606230812,   2.471,9999.000,9999.000,9999.000,9999.000,9999.000,9999.000,9999.000,9999.000
202606230818,   2.350,9999.000,9999.000,9999.000,9999.000,9999.000,9999.000,9999.000,9999.000
202606230824,   2.235,9999.000,9999.000,9999.000,9999.000,9999.000,9999.000,9999.000,9999.000
202606230830,   2.125,9999.000,9999.000,9999.000,9999.000,9999.000,9999.000,9999.000,9999.000
202606230836,   2.021,9999.000,9999.000,9999.000,9999.000,9999.000,9999.000,9999.000,9999.000
202606230842,   1.924,9999.000,9999.000,9999.000,9999.000,9999.000,9999.000,9999.000,9999.000
202606230848,   1.833,9999.000,9999.000,9999.000,9999.000,9999.000,9999.000,9999.000,9999.000
202606230854,   1.748,9999.000,9999.000,9999.000,9999.000,9999.000,9999.000,9999.000,9999.000
202606230900,   1.671,9999.000,   0.300,  -0.108,   1.863,   0.200,   1.763,   0.400,   1.963
202606230906,   1.600,9999.000,9999.000,9999.000,9999.000,9999.000,9999.000,9999.000,9999.000
202606230912,   1.536,9999.000,9999.000,9999.000,9999.000,9999.000,9999.000,9999.000,9999.000
202606230918,   1.480,9999.000,9999.000,9999.000,9999.000,9999.000,9999.000,9999.000,9999.000
202606230924,   1.430,9999.000,9999.000,9999.000,9999.000,9999.000,9999.000,9999.000,9999.000
202606230930,   1.388,9999.000,9999.000,9999.000,9999.000,9999.000,9999.000,9999.000,9999.000
202606230936,   1.353,9999.000,9999.000,9999.000,9999.000,9999.000,9999.000,9999.000,9999.000
202606230942,   1.326,9999.000,9999.000,9999.000,9999.000,9999.000,9999.000,9999.000,9999.000
202606230948,   1.306,9999.000,9999.000,9999.000,9999.000,9999.000,9999.000,9999.000,9999.000
202606230954,   1.292,9999.000,9999.000,9999.000,9999.000,9999.000,9999.000,9999.000,9999.000
202606231000,   1.286,9999.000,   0.300,  -0.108,   1.478,   0.200,   1.378,   0.400,   1.578
202606231006,   1.287,9999.000,9999.000,9999.000,9999.000,9999.000,9999.000,9999.000,9999.000
202606231012,   1.295,9999.000,9999.000,9999.000,9999.000,9999.000,9999.000,9999.000,9999.000
202606231018,   1.310,9999.000,9999.000,9999.000,9999.000,9999.000,9999.000,9999.000,9999.000
202606231024,   1.331,9999.000,9999.000,9999.000,9999.000,9999.000,9999.000,9999.000,9999.000
202606231030,   1.359,9999.000,9999.000,9999.000,9999.000,9999.000,9999.000,9999.000,9999.000
202606231036,   1.394,9999.000,9999.000,9999.000,9999.000,9999.000,9999.000,9999.000,9999.000
202606231042,   1.434,9999.000,9999.000,9999.000,9999.000,9999.000,9999.000,9999.000,9999.000
202606231048,   1.480,9999.000,9999.000,9999.000,9999.000,9999.000,9999.000,9999.000,9999.000
202606231054,   1.532,9999.000,9999.000,9999.000,9999.000,9999.000,9999.000,9999.000,9999.000
202606231100,   1.589,9999.000,   0.300,  -0.108,   1.781,   0.200,   1.681,   0.400,   1.881
202606231106,   1.652,9999.000,9999.000,9999.000,9999.000,9999.000,9999.000,9999.000,9999.000
202606231112,   1.719,9999.000,9999.000,9999.000,9999.000,9999.000,9999.000,9999.000,9999.000
202606231118,   1.791,9999.000,9999.000,9999.000,9999.000,9999.000,9999.000,9999.000,9999.000
202606231124,   1.868,9999.000,9999.000,9999.000,9999.000,9999.000,9999.000,9999.000,9999.000
202606231130,   1.949,9999.000,9999.000,9999.000,9999.000,9999.000,9999.000,9999.000,9999.000
202606231136,   2.033,9999.000,9999.000,9999.000,9999.000,9999.000,9999.000,9999.000,9999.000
202606231142,   2.121,9999.000,9999.000,9999.000,9999.000,9999.000,9999.000,9999.000,9999.000
202606231148,   2.213,9999.000,9999.000,9999.000,9999.000,9999.000,9999.000,9999.000,9999.000
202606231154,   2.308,9999.000,9999.000,9999.000,9999.000,9999.000,9999.000,9999.000,9999.000
202606231200,   2.406,9999.000,   0.300,  -0.108,   2.598,   0.200,   2.498,   0.400,   2.698
