        TIME,    TIDE,      OB,   SURGE,    BIAS,     TWL,SURGE90p,  TWL90p,SURGE10p,   TWL10p
202607310600,   1.748,9999.000,   0.700,9999.000,   2.448,   0.700,   2.448,   0.800,   2.548
202607310606,   1.676,9999.000,9999.000,9999.000,9999.000,9999.000,9999.000,9999.000,9999.000
202607310612,   1.604,9999.000,9999.000,9999.000,9999.000,9999.000,9999.000,9999.000,9999.000
202607310618,   1.532,9999.000,9999.000,9999.000,9999.000,9999.000,9999.000,9999.000,9999.000
202607310624,   1.461,9999.000,9999.000,9999.000,9999.000,9999.000,9999.000,9999.000,9999.000
202607310630,   1.389,9999.000,9999.000,9999.000,9999.000,9999.000,9999.000,9999.000,9999.000
202607310636,   1.319,9999.000,9999.000,9999.000,9999.000,9999.000,9999.000,9999.000,9999.000
202607310642,   1.249,9999.000,9999.000,9999.000,9999.000,9999.000,9999.000,9999.000,9999.000
202607310648,   1.180,9999.000,9999.000,9999.000,9999.000,9999.000,9999.000,9999.000,9999.000
202607310654,   1.112,9999.000,9999.000,9999.000,9999.000,9999.000,9999.000,9999.000,9999.000
202607310700,   1.045,   1.918,   0.700,   0.173,   1.918,   0.700,   1.918,   0.800,   2.018
202607310706,   0.979,   1.849,9999.000,9999.000,9999.000,9999.000,9999.000,9999.000,9999.000
202607310712,   0.915,   1.767,9999.000,9999.000,9999.000,9999.000,9999.000,9999.000,9999.000
202607310718,   0.852,   1.699,9999.000,9999.000,9999.000,9999.000,9999.000,9999.000,9999.000
202607310724,   0.792,   1.620,9999.000,9999.000,9999.000,9999.000,9999.000,9999.000,9999.000
202607310730,   0.733,   1.538,9999.000,9999.000,9999.000,9999.000,9999.000,9999.000,9999.000
202607310736,   0.676,   1.489,9999.000,9999.000,9999.000,9999.000,9999.000,9999.000,9999.000
202607310742,   0.622,   1.430,9999.000,9999.000,9999.000,9999.000,9999.000,9999.000,9999.000
202607310748,   0.570,   1.361,9999.000,9999.000,9999.000,9999.000,9999.000,9999.000,9999.000
202607310754,   0.521,   1.308,9999.000,9999.000,9999.000,9999.000,9999.000,9999.000,9999.000
202607310800,   0.476,   1.269,   0.700,   0.093,   1.269,   0.700,   1.269,   0.800,   1.369
202607310806,   0.433,   1.229,9999.000,9999.000,9999.000,9999.000,9999.000,9999.000,9999.000
202607310812,   0.393,   1.180,9999.000,9999.000,9999.000,9999.000,9999.000,9999.000,9999.000
202607310818,   0.357,   1.138,9999.000,9999.000,9999.000,9999.000,9999.000,9999.000,9999.000
202607310824,   0.325,   1.098,9999.000,9999.000,9999.000,9999.000,9999.000,9999.000,9999.000
202607310830,   0.297,   1.059,9999.000,9999.000,9999.000,9999.000,9999.000,9999.000,9999.000
202607310836,   0.272,   1.029,9999.000,9999.000,9999.000,9999.000,9999.000,9999.000,9999.000
202607310842,   0.251,   1.000,9999.000,9999.000,9999.000,9999.000,9999.000,9999.000,9999.000
202607310848,   0.235,   0.980,9999.000,9999.000,9999.000,9999.000,9999.000,9999.000,9999.000
202607310854,   0.223,   0.961,9999.000,9999.000,9999.000,9999.000,9999.000,9999.000,9999.000
202607310900,   0.215,   0.951,   0.700,   0.036,   0.951,   0.700,   0.951,   0.800,   1.051
202607310906,   0.211,   0.951,9999.000,9999.000,9999.000,9999.000,9999.000,9999.000,9999.000
202607310912,   0.211,   0.951,9999.000,9999.000,9999.000,9999.000,9999.000,9999.000,9999.000
202607310918,   0.216,   0.951,9999.000,9999.000,9999.000,9999.000,9999.000,9999.000,9999.000
202607310924,   0.225,   0.961,9999.000,9999.000,9999.000,9999.000,9999.000,9999.000,9999.000
202607310930,   0.237,   0.980,9999.000,9999.000,9999.000,9999.000,9999.000,9999.000,9999.000
202607310936,   0.254,   1.000,9999.000,9999.000,9999.000,9999.000,9999.000,9999.000,9999.000
202607310942,   0.275,   1.020,9999.000,9999.000,9999.000,9999.000,9999.000,9999.000,9999.000
202607310948,   0.299,   1.049,9999.000,9999.000,9999.000,9999.000,9999.000,9999.000,9999.000
202607310954,   0.327,   1.088,9999.000,9999.000,9999.000,9999.000,9999.000,9999.000,9999.000
202607311000,   0.359,   1.118,   0.700,   0.059,   1.118,   0.700,   1.118,   0.700,   1.118
202607311006,   0.394,   1.161,9999.000,9999.000,9999.000,9999.000,9999.000,9999.000,9999.000
202607311012,   0.431,   1.200,9999.000,9999.000,9999.000,9999.000,9999.000,9999.000,9999.000
202607311018,   0.472,   1.249,9999.000,9999.000,9999.000,9999.000,9999.000,9999.000,9999.000
202607311024,   0.515,   1.298,9999.000,9999.000,9999.000,9999.000,9999.000,9999.000,9999.000
202607311030,   0.561,   1.338,9999.000,9999.000,9999.000,9999.000,9999.000,9999.000,9999.000
202607311036,   0.610,   1.400,9999.000,9999.000,9999.000,9999.000,9999.000,9999.000,9999.000
202607311042,   0.660,   1.449,9999.000,9999.000,9999.000,9999.000,9999.000,9999.000,9999.000
202607311048,   0.713,   1.508,9999.000,9999.000,9999.000,9999.000,9999.000,9999.000,9999.000
202607311054,   0.767,   1.557,9999.000,9999.000,9999.000,9999.000,9999.000,9999.000,9999.000
202607311100,   0.823,   1.620,   0.700,   0.097,   1.620,   0.700,   1.620,   0.700,   1.620
202607311106,   0.880,   1.689,9999.000,9999.000,9999.000,9999.000,9999.000,9999.000,9999.000
202607311112,   0.939,   1.758,9999.000,9999.000,9999.000,9999.000,9999.000,9999.000,9999.000
202607311118,   0.999,   1.830,9999.000,9999.000,9999.000,9999.000,9999.000,9999.000,9999.000
202607311124,   1.060,   1.889,9999.000,9999.000,9999.000,9999.000,9999.000,9999.000,9999.000
202607311130,   1.121,   1.938,9999.000,9999.000,9999.000,9999.000,9999.000,9999.000,9999.000
202607311136,   1.184,   2.010,9999.000,9999.000,9999.000,9999.000,9999.000,9999.000,9999.000
202607311142,   1.247,   2.089,9999.000,9999.000,9999.000,9999.000,9999.000,9999.000,9999.000
202607311148,   1.311,   2.168,9999.000,9999.000,9999.000,9999.000,9999.000,9999.000,9999.000
202607311154,   1.375,   2.240,9999.000,9999.000,9999.000,9999.000,9999.000,9999.000,9999.000
202607311200,   1.439,   2.289,   0.700,   0.150,   2.289,   0.700,   2.289,   0.800,   2.389
202607311206,   1.504,   2.358,9999.000,9999.000,9999.000,9999.000,9999.000,9999.000,9999.000
202607311212,   1.570,   2.430,9999.000,9999.000,9999.000,9999.000,9999.000,9999.000,9999.000
202607311218,   1.633,   2.489,9999.000,9999.000,9999.000,9999.000,9999.000,9999.000,9999.000
202607311224,   1.698,   2.558,9999.000,9999.000,9999.000,9999.000,9999.000,9999.000,9999.000
202607311230,   1.762,   2.620,9999.000,9999.000,9999.000,9999.000,9999.000,9999.000,9999.000
202607311236,   1.826,   2.669,9999.000,9999.000,9999.000,9999.000,9999.000,9999.000,9999.000
202607311242,   1.889,   2.728,9999.000,9999.000,9999.000,9999.000,9999.000,9999.000,9999.000
202607311248,   1.952,   2.787,9999.000,9999.000,9999.000,9999.000,9999.000,9999.000,9999.000
202607311254,   2.014,   2.850,9999.000,9999.000,9999.000,9999.000,9999.000,9999.000,9999.000
202607311300,   2.075,   2.919,   0.700,   0.144,   2.919,   0.700,   2.919,   0.800,   3.019
202607311306,   2.135,   2.988,9999.000,9999.000,9999.000,9999.000,9999.000,9999.000,9999.000
202607311312,   2.194,   3.050,9999.000,9999.000,9999.000,9999.000,9999.000,9999.000,9999.000
202607311318,   2.251,   3.109,9999.000,9999.000,9999.000,9999.000,9999.000,9999.000,9999.000
202607311324,   2.307,   3.168,9999.000,9999.000,9999.000,9999.000,9999.000,9999.000,9999.000
202607311330,   2.362,   3.240,9999.000,9999.000,9999.000,9999.000,9999.000,9999.000,9999.000
202607311336,   2.414,   3.299,9999.000,9999.000,9999.000,9999.000,9999.000,9999.000,9999.000
202607311342,   2.465,   3.348,9999.000,9999.000,9999.000,9999.000,9999.000,9999.000,9999.000
202607311348,   2.514,   3.398,9999.000,9999.000,9999.000,9999.000,9999.000,9999.000,9999.000
202607311354,   2.560,   3.460,9999.000,9999.000,9999.000,9999.000,9999.000,9999.000,9999.000
202607311400,   2.604,   3.499,   0.700,   0.195,   3.499,   0.700,   3.499,   0.700,   3.499
202607311406,   2.646,   3.539,9999.000,9999.000,9999.000,9999.000,9999.000,9999.000,9999.000
202607311412,   2.685,   3.578,9999.000,9999.000,9999.000,9999.000,9999.000,9999.000,9999.000
202607311418,   2.722,   3.617,9999.000,9999.000,9999.000,9999.000,9999.000,9999.000,9999.000
202607311424,   2.755,   3.650,9999.000,9999.000,9999.000,9999.000,9999.000,9999.000,9999.000
202607311430,   2.786,   3.699,9999.000,9999.000,9999.000,9999.000,9999.000,9999.000,9999.000
202607311436,   2.813,   3.739,9999.000,9999.000,9999.000,9999.000,9999.000,9999.000,9999.000
202607311442,   2.838,   3.768,9999.000,9999.000,9999.000,9999.000,9999.000,9999.000,9999.000
202607311448,   2.859,   3.798,9999.000,9999.000,9999.000,9999.000,9999.000,9999.000,9999.000
202607311454,   2.876,   3.817,9999.000,9999.000,9999.000,9999.000,9999.000,9999.000,9999.000
202607311500,   2.890,   3.847,   0.700,   0.257,   3.847,   0.700,   3.847,   0.700,   3.847
202607311506,   2.901,   3.860,9999.000,9999.000,9999.000,9999.000,9999.000,9999.000,9999.000
202607311512,   2.908,   3.847,9999.000,9999.000,9999.000,9999.000,9999.000,9999.000,9999.000
202607311518,   2.912,   3.847,9999.000,9999.000,9999.000,9999.000,9999.000,9999.000,9999.000
202607311524,   2.911,   3.860,9999.000,9999.000,9999.000,9999.000,9999.000,9999.000,9999.000
202607311530,   2.908,   3.847,9999.000,9999.000,9999.000,9999.000,9999.000,9999.000,9999.000
202607311536,   2.900,   3.847,9999.000,9999.000,9999.000,9999.000,9999.000,9999.000,9999.000
202607311542,   2.889,   3.837,9999.000,9999.000,9999.000,9999.000,9999.000,9999.000,9999.000
202607311548,   2.874,   3.827,9999.000,9999.000,9999.000,9999.000,9999.000,9999.000,9999.000
202607311554,   2.856,   3.808,9999.000,9999.000,9999.000,9999.000,9999.000,9999.000,9999.000
202607311600,   2.834,   3.778,   0.700,   0.244,   3.778,   0.700,   3.778,   0.700,   3.778
202607311606,   2.808,   3.758,9999.000,9999.000,9999.000,9999.000,9999.000,9999.000,9999.000
202607311612,   2.780,   3.739,9999.000,9999.000,9999.000,9999.000,9999.000,9999.000,9999.000
202607311618,   2.747,   3.689,9999.000,9999.000,9999.000,9999.000,9999.000,9999.000,9999.000
202607311624,   2.712,   3.670,9999.000,9999.000,9999.000,9999.000,9999.000,9999.000,9999.000
202607311630,   2.674,   3.627,9999.000,9999.000,9999.000,9999.000,9999.000,9999.000,9999.000
202607311636,   2.633,   3.588,9999.000,9999.000,9999.000,9999.000,9999.000,9999.000,9999.000
202607311642,   2.589,   3.529,9999.000,9999.000,9999.000,9999.000,9999.000,9999.000,9999.000
202607311648,   2.542,   3.480,9999.000,9999.000,9999.000,9999.000,9999.000,9999.000,9999.000
202607311654,   2.493,   3.417,9999.000,9999.000,9999.000,9999.000,9999.000,9999.000,9999.000
202607311700,   2.442,   3.358,   0.700,   0.216,   3.358,   0.700,   3.358,   0.700,   3.358
202607311706,   2.389,   3.289,9999.000,9999.000,9999.000,9999.000,9999.000,9999.000,9999.000
202607311712,   2.333,   3.230,9999.000,9999.000,9999.000,9999.000,9999.000,9999.000,9999.000
202607311718,   2.276,   3.148,9999.000,9999.000,9999.000,9999.000,9999.000,9999.000,9999.000
202607311724,   2.218,   3.099,9999.000,9999.000,9999.000,9999.000,9999.000,9999.000,9999.000
202607311730,   2.158,   3.017,9999.000,9999.000,9999.000,9999.000,9999.000,9999.000,9999.000
202607311736,   2.097,   2.958,9999.000,9999.000,9999.000,9999.000,9999.000,9999.000,9999.000
202607311742,   2.034,   2.889,9999.000,9999.000,9999.000,9999.000,9999.000,9999.000,9999.000
202607311748,   1.971,   2.830,9999.000,9999.000,9999.000,9999.000,9999.000,9999.000,9999.000
202607311754,   1.908,   2.748,9999.000,9999.000,9999.000,9999.000,9999.000,9999.000,9999.000
202607311800,   1.843,   2.689,   0.700,   0.146,   2.689,   0.700,   2.689,   0.700,   2.689
202607311806,   1.778,   2.630,9999.000,9999.000,9999.000,9999.000,9999.000,9999.000,9999.000
202607311812,   1.713,   2.568,9999.000,9999.000,9999.000,9999.000,9999.000,9999.000,9999.000
202607311818,   1.648,   2.499,9999.000,9999.000,9999.000,9999.000,9999.000,9999.000,9999.000
202607311824,   1.583,   2.420,9999.000,9999.000,9999.000,9999.000,9999.000,9999.000,9999.000
202607311830,   1.518,   2.368,9999.000,9999.000,9999.000,9999.000,9999.000,9999.000,9999.000
202607311836,   1.453,   2.309,9999.000,9999.000,9999.000,9999.000,9999.000,9999.000,9999.000
202607311842,   1.388,   2.240,9999.000,9999.000,9999.000,9999.000,9999.000,9999.000,9999.000
202607311848,   1.324,   2.168,9999.000,9999.000,9999.000,9999.000,9999.000,9999.000,9999.000
202607311854,   1.260,   2.109,9999.000,9999.000,9999.000,9999.000,9999.000,9999.000,9999.000
202607311900,   1.198,   2.059,   0.700,   0.161,   2.059,   0.700,   2.059,   0.700,   2.059
202607311906,   1.135,   2.000,9999.000,9999.000,9999.000,9999.000,9999.000,9999.000,9999.000
202607311912,   1.074,   1.948,9999.000,9999.000,9999.000,9999.000,9999.000,9999.000,9999.000
202607311918,   1.014,   1.889,9999.000,9999.000,9999.000,9999.000,9999.000,9999.000,9999.000
202607311924,   0.956,   1.830,9999.000,9999.000,9999.000,9999.000,9999.000,9999.000,9999.000
202607311930,   0.898,   1.781,9999.000,9999.000,9999.000,9999.000,9999.000,9999.000,9999.000
202607311936,   0.843,   1.728,9999.000,9999.000,9999.000,9999.000,9999.000,9999.000,9999.000
202607311942,   0.788,   1.669,9999.000,9999.000,9999.000,9999.000,9999.000,9999.000,9999.000
202607311948,   0.736,   1.620,9999.000,9999.000,9999.000,9999.000,9999.000,9999.000,9999.000
202607311954,   0.686,   1.557,9999.000,9999.000,9999.000,9999.000,9999.000,9999.000,9999.000
202607312000,   0.638,   1.498,   0.700,   0.160,   1.498,   0.700,   1.498,   0.700,   1.498
202607312006,   0.593,   1.459,9999.000,9999.000,9999.000,9999.000,9999.000,9999.000,9999.000
202607312012,   0.551,   1.420,9999.000,9999.000,9999.000,9999.000,9999.000,9999.000,9999.000
202607312018,   0.511,   1.380,9999.000,9999.000,9999.000,9999.000,9999.000,9999.000,9999.000
202607312024,   0.474,   1.338,9999.000,9999.000,9999.000,9999.000,9999.000,9999.000,9999.000
202607312030,   0.441,   1.308,9999.000,9999.000,9999.000,9999.000,9999.000,9999.000,9999.000
202607312036,   0.410,   1.279,9999.000,9999.000,9999.000,9999.000,9999.000,9999.000,9999.000
202607312042,   0.384,   1.259,9999.000,9999.000,9999.000,9999.000,9999.000,9999.000,9999.000
202607312048,   0.361,   1.229,9999.000,9999.000,9999.000,9999.000,9999.000,9999.000,9999.000
202607312054,   0.342,   1.210,9999.000,9999.000,9999.000,9999.000,9999.000,9999.000,9999.000
202607312100,   0.327,   1.200,   0.700,   0.173,   1.200,   0.700,   1.200,   0.700,   1.200
202607312106,   0.316,   1.180,9999.000,9999.000,9999.000,9999.000,9999.000,9999.000,9999.000
202607312112,   0.310,   1.161,9999.000,9999.000,9999.000,9999.000,9999.000,9999.000,9999.000
202607312118,   0.307,   1.151,9999.000,9999.000,9999.000,9999.000,9999.000,9999.000,9999.000
202607312124,   0.309,   1.151,9999.000,9999.000,9999.000,9999.000,9999.000,9999.000,9999.000
202607312130,   0.315,   1.151,9999.000,9999.000,9999.000,9999.000,9999.000,9999.000,9999.000
202607312136,   0.325,   1.151,9999.000,9999.000,9999.000,9999.000,9999.000,9999.000,9999.000
202607312142,   0.339,   1.138,9999.000,9999.000,9999.000,9999.000,9999.000,9999.000,9999.000
202607312148,   0.357,   1.151,9999.000,9999.000,9999.000,9999.000,9999.000,9999.000,9999.000
202607312154,   0.379,   1.180,9999.000,9999.000,9999.000,9999.000,9999.000,9999.000,9999.000
202607312200,   0.405,   1.190,   0.700,   0.085,   1.190,   0.700,   1.190,   0.700,   1.190
202607312206,   0.435,   1.210,9999.000,9999.000,9999.000,9999.000,9999.000,9999.000,9999.000
202607312212,   0.468,   1.239,9999.000,9999.000,9999.000,9999.000,9999.000,9999.000,9999.000
202607312218,   0.505,   1.269,9999.000,9999.000,9999.000,9999.000,9999.000,9999.000,9999.000
202607312224,   0.544,   1.298,9999.000,9999.000,9999.000,9999.000,9999.000,9999.000,9999.000
202607312230,   0.587,   1.328,9999.000,9999.000,9999.000,9999.000,9999.000,9999.000,9999.000
202607312236,   0.633,   1.380,9999.000,9999.000,9999.000,9999.000,9999.000,9999.000,9999.000
202607312242,   0.681,   1.430,9999.000,9999.000,9999.000,9999.000,9999.000,9999.000,9999.000
202607312248,   0.731,   1.479,9999.000,9999.000,9999.000,9999.000,9999.000,9999.000,9999.000
202607312254,   0.784,   1.528,9999.000,9999.000,9999.000,9999.000,9999.000,9999.000,9999.000
202607312300,   0.838,   1.580,   0.700,   0.042,   1.580,   0.700,   1.580,   0.700,   1.580
202607312306,   0.895,   1.639,9999.000,9999.000,9999.000,9999.000,9999.000,9999.000,9999.000
202607312312,   0.953,   1.699,9999.000,9999.000,9999.000,9999.000,9999.000,9999.000,9999.000
202607312318,   1.012,   1.767,9999.000,9999.000,9999.000,9999.000,9999.000,9999.000,9999.000
202607312324,   1.073,   2.227,9999.000,9999.000,9999.000,9999.000,9999.000,9999.000,9999.000
202607312330,   1.134,9999.000,9999.000,9999.000,9999.000,9999.000,9999.000,9999.000,9999.000
202607312336,   1.197,9999.000,9999.000,9999.000,9999.000,9999.000,9999.000,9999.000,9999.000
202607312342,   1.260,9999.000,9999.000,9999.000,9999.000,9999.000,9999.000,9999.000,9999.000
202607312348,   1.324,9999.000,9999.000,9999.000,9999.000,9999.000,9999.000,9999.000,9999.000
202607312354,   1.389,   2.158,9999.000,9999.000,9999.000,9999.000,9999.000,9999.000,9999.000
202608010000,   1.454,   2.230,   0.700,   0.076,   2.230,   0.700,   2.230,   0.700,   2.230
202608010006,   1.519,   2.299,9999.000,9999.000,9999.000,9999.000,9999.000,9999.000,9999.000
202608010012,   1.585,   2.377,9999.000,9999.000,9999.000,9999.000,9999.000,9999.000,9999.000
202608010018,   1.651,   2.469,9999.000,9999.000,9999.000,9999.000,9999.000,9999.000,9999.000
202608010024,   1.716,   2.538,9999.000,9999.000,9999.000,9999.000,9999.000,9999.000,9999.000
202608010030,   1.782,   2.620,9999.000,9999.000,9999.000,9999.000,9999.000,9999.000,9999.000
202608010036,   1.848,   2.699,9999.000,9999.000,9999.000,9999.000,9999.000,9999.000,9999.000
202608010042,   1.913,   2.768,9999.000,9999.000,9999.000,9999.000,9999.000,9999.000,9999.000
202608010048,   1.978,   2.830,9999.000,9999.000,9999.000,9999.000,9999.000,9999.000,9999.000
202608010054,   2.043,   2.899,9999.000,9999.000,9999.000,9999.000,9999.000,9999.000,9999.000
202608010100,   2.107,   2.958,   0.700,   0.151,   2.958,   0.700,   2.958,   0.700,   2.958
202608010106,   2.170,   3.017,9999.000,9999.000,9999.000,9999.000,9999.000,9999.000,9999.000
202608010112,   2.233,   3.070,9999.000,9999.000,9999.000,9999.000,9999.000,9999.000,9999.000
202608010118,   2.295,   3.119,9999.000,9999.000,9999.000,9999.000,9999.000,9999.000,9999.000
202608010124,   2.356,   3.178,9999.000,9999.000,9999.000,9999.000,9999.000,9999.000,9999.000
202608010130,   2.415,   3.230,9999.000,9999.000,9999.000,9999.000,9999.000,9999.000,9999.000
202608010136,   2.473,   3.279,9999.000,9999.000,9999.000,9999.000,9999.000,9999.000,9999.000
202608010142,   2.530,   3.339,9999.000,9999.000,9999.000,9999.000,9999.000,9999.000,9999.000
202608010148,   2.585,   3.378,9999.000,9999.000,9999.000,9999.000,9999.000,9999.000,9999.000
202608010154,   2.639,   3.427,9999.000,9999.000,9999.000,9999.000,9999.000,9999.000,9999.000
202608010200,   2.690,   3.460,   0.700,   0.070,   3.460,   0.600,   3.360,   0.700,   3.460
202608010206,   2.739,   3.509,9999.000,9999.000,9999.000,9999.000,9999.000,9999.000,9999.000
202608010212,   2.786,   3.548,9999.000,9999.000,9999.000,9999.000,9999.000,9999.000,9999.000
202608010218,   2.831,   3.588,9999.000,9999.000,9999.000,9999.000,9999.000,9999.000,9999.000
202608010224,   2.873,   3.637,9999.000,9999.000,9999.000,9999.000,9999.000,9999.000,9999.000
202608010230,   2.912,   3.670,9999.000,9999.000,9999.000,9999.000,9999.000,9999.000,9999.000
202608010236,   2.949,   3.699,9999.000,9999.000,9999.000,9999.000,9999.000,9999.000,9999.000
202608010242,   2.982,   3.739,9999.000,9999.000,9999.000,9999.000,9999.000,9999.000,9999.000
202608010248,   3.012,   3.768,9999.000,9999.000,9999.000,9999.000,9999.000,9999.000,9999.000
202608010254,   3.039,   3.788,9999.000,9999.000,9999.000,9999.000,9999.000,9999.000,9999.000
202608010300,   3.063,   3.817,   0.700,   0.054,   3.817,   0.600,   3.717,   0.700,   3.817
202608010306,   3.083,   3.827,9999.000,9999.000,9999.000,9999.000,9999.000,9999.000,9999.000
202608010312,   3.099,   3.847,9999.000,9999.000,9999.000,9999.000,9999.000,9999.000,9999.000
202608010318,   3.112,   3.860,9999.000,9999.000,9999.000,9999.000,9999.000,9999.000,9999.000
202608010324,   3.121,   3.880,9999.000,9999.000,9999.000,9999.000,9999.000,9999.000,9999.000
202608010330,   3.126,   3.880,9999.000,9999.000,9999.000,9999.000,9999.000,9999.000,9999.000
202608010336,   3.127,   3.880,9999.000,9999.000,9999.000,9999.000,9999.000,9999.000,9999.000
202608010342,   3.125,   3.880,9999.000,9999.000,9999.000,9999.000,9999.000,9999.000,9999.000
202608010348,   3.118,   3.880,9999.000,9999.000,9999.000,9999.000,9999.000,9999.000,9999.000
202608010354,   3.108,   3.870,9999.000,9999.000,9999.000,9999.000,9999.000,9999.000,9999.000
202608010400,   3.093,   3.870,   0.600,   0.177,   3.870,   0.600,   3.870,   0.700,   3.970
202608010406,   3.075,   3.847,9999.000,9999.000,9999.000,9999.000,9999.000,9999.000,9999.000
202608010412,   3.053,   3.827,9999.000,9999.000,9999.000,9999.000,9999.000,9999.000,9999.000
202608010418,   3.027,   3.808,9999.000,9999.000,9999.000,9999.000,9999.000,9999.000,9999.000
202608010424,   2.998,   3.778,9999.000,9999.000,9999.000,9999.000,9999.000,9999.000,9999.000
202608010430,   2.965,   3.749,9999.000,9999.000,9999.000,9999.000,9999.000,9999.000,9999.000
202608010436,   2.928,   3.709,9999.000,9999.000,9999.000,9999.000,9999.000,9999.000,9999.000
202608010442,   2.888,   3.670,9999.000,9999.000,9999.000,9999.000,9999.000,9999.000,9999.000
202608010448,   2.845,   3.607,9999.000,9999.000,9999.000,9999.000,9999.000,9999.000,9999.000
202608010454,   2.799,   3.578,9999.000,9999.000,9999.000,9999.000,9999.000,9999.000,9999.000
202608010500,   2.750,   3.519,   0.600,   0.169,   3.519,   0.600,   3.519,   0.700,   3.619
202608010506,   2.698,   3.450,9999.000,9999.000,9999.000,9999.000,9999.000,9999.000,9999.000
202608010512,   2.643,   3.388,9999.000,9999.000,9999.000,9999.000,9999.000,9999.000,9999.000
202608010518,   2.586,   3.329,9999.000,9999.000,9999.000,9999.000,9999.000,9999.000,9999.000
202608010524,   2.527,   3.270,9999.000,9999.000,9999.000,9999.000,9999.000,9999.000,9999.000
202608010530,   2.466,   3.207,9999.000,9999.000,9999.000,9999.000,9999.000,9999.000,9999.000
202608010536,   2.403,   3.129,9999.000,9999.000,9999.000,9999.000,9999.000,9999.000,9999.000
202608010542,   2.338,   3.070,9999.000,9999.000,9999.000,9999.000,9999.000,9999.000,9999.000
202608010548,   2.272,   2.997,9999.000,9999.000,9999.000,9999.000,9999.000,9999.000,9999.000
202608010554,   2.204,   2.929,9999.000,9999.000,9999.000,9999.000,9999.000,9999.000,9999.000
202608010600,   2.135,   2.860,   0.600,   0.125,   2.860,   0.600,   2.860,   0.600,   2.860
202608010606,   2.065,   2.787,9999.000,9999.000,9999.000,9999.000,9999.000,9999.000,9999.000
202608010612,   1.995,   2.709,9999.000,9999.000,9999.000,9999.000,9999.000,9999.000,9999.000
202608010618,   1.924,   2.620,9999.000,9999.000,9999.000,9999.000,9999.000,9999.000,9999.000
202608010624,   1.852,   2.528,9999.000,9999.000,9999.000,9999.000,9999.000,9999.000,9999.000
202608010630,   1.780,   2.450,9999.000,9999.000,9999.000,9999.000,9999.000,9999.000,9999.000
202608010636,   1.708,   2.368,9999.000,9999.000,9999.000,9999.000,9999.000,9999.000,9999.000
202608010642,   1.635,   2.299,9999.000,9999.000,9999.000,9999.000,9999.000,9999.000,9999.000
202608010648,   1.563,   2.220,9999.000,9999.000,9999.000,9999.000,9999.000,9999.000,9999.000
202608010654,   1.491,   2.148,9999.000,9999.000,9999.000,9999.000,9999.000,9999.000,9999.000
202608010700,   1.419,   2.089,   0.600,   0.070,   2.089,   0.600,   2.089,   0.600,   2.089
202608010706,   1.348,   2.020,9999.000,9999.000,9999.000,9999.000,9999.000,9999.000,9999.000
202608010712,   1.277,   1.928,9999.000,9999.000,9999.000,9999.000,9999.000,9999.000,9999.000
202608010718,   1.207,   1.849,9999.000,9999.000,9999.000,9999.000,9999.000,9999.000,9999.000
202608010724,   1.138,   1.790,9999.000,9999.000,9999.000,9999.000,9999.000,9999.000,9999.000
202608010730,   1.069,   1.718,9999.000,9999.000,9999.000,9999.000,9999.000,9999.000,9999.000
202608010736,   1.002,   1.630,9999.000,9999.000,9999.000,9999.000,9999.000,9999.000,9999.000
202608010742,   0.936,   1.571,9999.000,9999.000,9999.000,9999.000,9999.000,9999.000,9999.000
202608010748,   0.872,   1.498,9999.000,9999.000,9999.000,9999.000,9999.000,9999.000,9999.000
202608010754,   0.809,   1.439,9999.000,9999.000,9999.000,9999.000,9999.000,9999.000,9999.000
202608010800,   0.748,   1.380,   0.600,   0.032,   1.380,   0.500,   1.280,   0.600,   1.380
202608010806,   0.690,   1.318,9999.000,9999.000,9999.000,9999.000,9999.000,9999.000,9999.000
202608010812,   0.633,   1.259,9999.000,9999.000,9999.000,9999.000,9999.000,9999.000,9999.000
202608010818,   0.578,   1.210,9999.000,9999.000,9999.000,9999.000,9999.000,9999.000,9999.000
202608010824,   0.527,   1.170,9999.000,9999.000,9999.000,9999.000,9999.000,9999.000,9999.000
202608010830,   0.478,   1.118,9999.000,9999.000,9999.000,9999.000,9999.000,9999.000,9999.000
202608010836,   0.432,   1.088,9999.000,9999.000,9999.000,9999.000,9999.000,9999.000,9999.000
202608010842,   0.389,   1.039,9999.000,9999.000,9999.000,9999.000,9999.000,9999.000,9999.000
202608010848,   0.350,   0.990,9999.000,9999.000,9999.000,9999.000,9999.000,9999.000,9999.000
202608010854,   0.314,   0.941,9999.000,9999.000,9999.000,9999.000,9999.000,9999.000,9999.000
202608010900,   0.282,   0.908,   0.600,   0.026,   0.908,   0.500,   0.808,   0.600,   0.908
202608010906,   0.253,   0.879,9999.000,9999.000,9999.000,9999.000,9999.000,9999.000,9999.000
202608010912,   0.229,   0.839,9999.000,9999.000,9999.000,9999.000,9999.000,9999.000,9999.000
202608010918,   0.209,   0.810,9999.000,9999.000,9999.000,9999.000,9999.000,9999.000,9999.000
202608010924,   0.194,   0.790,9999.000,9999.000,9999.000,9999.000,9999.000,9999.000,9999.000
202608010930,   0.183,   0.770,9999.000,9999.000,9999.000,9999.000,9999.000,9999.000,9999.000
202608010936,   0.176,   0.760,9999.000,9999.000,9999.000,9999.000,9999.000,9999.000,9999.000
202608010942,   0.173,   0.760,9999.000,9999.000,9999.000,9999.000,9999.000,9999.000,9999.000
202608010948,   0.175,   0.760,9999.000,9999.000,9999.000,9999.000,9999.000,9999.000,9999.000
202608010954,   0.182,   0.770,9999.000,9999.000,9999.000,9999.000,9999.000,9999.000,9999.000
202608011000,   0.193,   0.780,   0.500,   0.087,   0.780,   0.500,   0.780,   0.600,   0.880
202608011006,   0.208,   0.790,9999.000,9999.000,9999.000,9999.000,9999.000,9999.000,9999.000
202608011012,   0.227,   0.819,9999.000,9999.000,9999.000,9999.000,9999.000,9999.000,9999.000
202608011018,   0.250,   0.849,9999.000,9999.000,9999.000,9999.000,9999.000,9999.000,9999.000
202608011024,   0.277,   0.869,9999.000,9999.000,9999.000,9999.000,9999.000,9999.000,9999.000
202608011030,   0.308,   0.908,9999.000,9999.000,9999.000,9999.000,9999.000,9999.000,9999.000
202608011036,   0.343,   0.951,9999.000,9999.000,9999.000,9999.000,9999.000,9999.000,9999.000
202608011042,   0.381,   0.990,9999.000,9999.000,9999.000,9999.000,9999.000,9999.000,9999.000
202608011048,   0.422,   1.039,9999.000,9999.000,9999.000,9999.000,9999.000,9999.000,9999.000
202608011054,   0.466,   1.079,9999.000,9999.000,9999.000,9999.000,9999.000,9999.000,9999.000
202608011100,   0.512,   1.138,   0.500,   0.126,   1.138,   0.500,   1.138,   0.600,   1.238
202608011106,   0.562,   1.210,9999.000,9999.000,9999.000,9999.000,9999.000,9999.000,9999.000
202608011112,   0.613,   1.269,9999.000,9999.000,9999.000,9999.000,9999.000,9999.000,9999.000
202608011118,   0.666,   1.338,9999.000,9999.000,9999.000,9999.000,9999.000,9999.000,9999.000
202608011124,   0.722,   1.774,9999.000,9999.000,9999.000,9999.000,9999.000,9999.000,9999.000
202608011130,   0.779,9999.000,9999.000,9999.000,9999.000,9999.000,9999.000,9999.000,9999.000
202608011136,   0.837,9999.000,9999.000,9999.000,9999.000,9999.000,9999.000,9999.000,9999.000
202608011142,   0.897,   1.600,9999.000,9999.000,9999.000,9999.000,9999.000,9999.000,9999.000
202608011148,   0.958,   1.659,9999.000,9999.000,9999.000,9999.000,9999.000,9999.000,9999.000
202608011154,   1.020,   1.718,9999.000,9999.000,9999.000,9999.000,9999.000,9999.000,9999.000
202608011200,   1.082,   1.767,   0.500,   0.185,   1.767,   0.500,   1.767,   0.600,   1.867
202608011206,   1.146,   1.840,9999.000,9999.000,9999.000,9999.000,9999.000,9999.000,9999.000
202608011212,   1.210,   1.889,9999.000,9999.000,9999.000,9999.000,9999.000,9999.000,9999.000
202608011218,   1.274,   1.948,9999.000,9999.000,9999.000,9999.000,9999.000,9999.000,9999.000
202608011224,   1.339,   2.010,9999.000,9999.000,9999.000,9999.000,9999.000,9999.000,9999.000
202608011230,   1.404,   2.079,9999.000,9999.000,9999.000,9999.000,9999.000,9999.000,9999.000
202608011236,   1.470,   2.148,9999.000,9999.000,9999.000,9999.000,9999.000,9999.000,9999.000
202608011242,   1.535,   2.210,9999.000,9999.000,9999.000,9999.000,9999.000,9999.000,9999.000
202608011248,   1.601,   2.269,9999.000,9999.000,9999.000,9999.000,9999.000,9999.000,9999.000
202608011254,   1.667,   2.338,9999.000,9999.000,9999.000,9999.000,9999.000,9999.000,9999.000
202608011300,   1.732,   2.338,   0.500,   0.106,   2.338,   0.500,   2.338,   0.600,   2.438
202608011306,   1.797,   2.440,9999.000,9999.000,9999.000,9999.000,9999.000,9999.000,9999.000
202608011312,   1.862,   2.499,9999.000,9999.000,9999.000,9999.000,9999.000,9999.000,9999.000
202608011318,   1.927,   2.548,9999.000,9999.000,9999.000,9999.000,9999.000,9999.000,9999.000
202608011324,   1.991,   2.597,9999.000,9999.000,9999.000,9999.000,9999.000,9999.000,9999.000
202608011330,   2.054,   2.660,9999.000,9999.000,9999.000,9999.000,9999.000,9999.000,9999.000
202608011336,   2.117,   2.719,9999.000,9999.000,9999.000,9999.000,9999.000,9999.000,9999.000
202608011342,   2.178,   2.768,9999.000,9999.000,9999.000,9999.000,9999.000,9999.000,9999.000
202608011348,   2.239,   2.830,9999.000,9999.000,9999.000,9999.000,9999.000,9999.000,9999.000
202608011354,   2.298,   2.889,9999.000,9999.000,9999.000,9999.000,9999.000,9999.000,9999.000
202608011400,   2.357,   2.948,   0.500,   0.091,   2.948,   0.500,   2.948,   0.600,   3.048
202608011406,   2.413,   2.997,9999.000,9999.000,9999.000,9999.000,9999.000,9999.000,9999.000
202608011412,   2.468,   3.070,9999.000,9999.000,9999.000,9999.000,9999.000,9999.000,9999.000
202608011418,   2.522,   3.129,9999.000,9999.000,9999.000,9999.000,9999.000,9999.000,9999.000
202608011424,   2.573,   3.178,9999.000,9999.000,9999.000,9999.000,9999.000,9999.000,9999.000
202608011430,   2.622,   3.230,9999.000,9999.000,9999.000,9999.000,9999.000,9999.000,9999.000
202608011436,   2.668,   3.279,9999.000,9999.000,9999.000,9999.000,9999.000,9999.000,9999.000
202608011442,   2.713,   3.329,9999.000,9999.000,9999.000,9999.000,9999.000,9999.000,9999.000
202608011448,   2.754,   3.388,9999.000,9999.000,9999.000,9999.000,9999.000,9999.000,9999.000
202608011454,   2.793,   3.440,9999.000,9999.000,9999.000,9999.000,9999.000,9999.000,9999.000
202608011500,   2.829,   3.480,   0.500,   0.151,   3.480,   0.500,   3.480,   0.500,   3.480
202608011506,   2.861,   3.519,9999.000,9999.000,9999.000,9999.000,9999.000,9999.000,9999.000
202608011512,   2.891,   3.558,9999.000,9999.000,9999.000,9999.000,9999.000,9999.000,9999.000
202608011518,   2.917,   3.588,9999.000,9999.000,9999.000,9999.000,9999.000,9999.000,9999.000
202608011524,   2.940,   3.617,9999.000,9999.000,9999.000,9999.000,9999.000,9999.000,9999.000
202608011530,   2.959,   3.637,9999.000,9999.000,9999.000,9999.000,9999.000,9999.000,9999.000
202608011536,   2.974,   3.660,9999.000,9999.000,9999.000,9999.000,9999.000,9999.000,9999.000
202608011542,   2.986,   3.680,9999.000,9999.000,9999.000,9999.000,9999.000,9999.000,9999.000
202608011548,   2.994,   3.689,9999.000,9999.000,9999.000,9999.000,9999.000,9999.000,9999.000
202608011554,   2.998,   3.699,9999.000,9999.000,9999.000,9999.000,9999.000,9999.000,9999.000
202608011600,   2.999,   3.709,   0.500,   0.210,   3.709,   0.500,   3.709,   0.500,   3.709
202608011606,   2.995,   3.709,9999.000,9999.000,9999.000,9999.000,9999.000,9999.000,9999.000
202608011612,   2.988,   3.689,9999.000,9999.000,9999.000,9999.000,9999.000,9999.000,9999.000
202608011618,   2.977,   3.680,9999.000,9999.000,9999.000,9999.000,9999.000,9999.000,9999.000
202608011624,   2.963,   3.670,9999.000,9999.000,9999.000,9999.000,9999.000,9999.000,9999.000
202608011630,   2.945,   3.650,9999.000,9999.000,9999.000,9999.000,9999.000,9999.000,9999.000
202608011636,   2.923,   3.627,9999.000,9999.000,9999.000,9999.000,9999.000,9999.000,9999.000
202608011642,   2.897,   3.607,9999.000,9999.000,9999.000,9999.000,9999.000,9999.000,9999.000
202608011648,   2.869,   3.588,9999.000,9999.000,9999.000,9999.000,9999.000,9999.000,9999.000
202608011654,   2.836,   3.548,9999.000,9999.000,9999.000,9999.000,9999.000,9999.000,9999.000
202608011700,   2.801,   3.509,   0.500,   0.208,   3.509,   0.500,   3.509,   0.500,   3.509
202608011706,   2.763,   3.450,9999.000,9999.000,9999.000,9999.000,9999.000,9999.000,9999.000
202608011712,   2.721,   3.398,9999.000,9999.000,9999.000,9999.000,9999.000,9999.000,9999.000
202608011718,   2.677,   3.358,9999.000,9999.000,9999.000,9999.000,9999.000,9999.000,9999.000
202608011724,   2.631,   3.289,9999.000,9999.000,9999.000,9999.000,9999.000,9999.000,9999.000
202608011730,   2.582,   3.217,9999.000,9999.000,9999.000,9999.000,9999.000,9999.000,9999.000
202608011736,   2.530,   3.158,9999.000,9999.000,9999.000,9999.000,9999.000,9999.000,9999.000
202608011742,   2.477,   3.099,9999.000,9999.000,9999.000,9999.000,9999.000,9999.000,9999.000
202608011748,   2.421,   3.040,9999.000,9999.000,9999.000,9999.000,9999.000,9999.000,9999.000
202608011754,   2.364,   2.968,9999.000,9999.000,9999.000,9999.000,9999.000,9999.000,9999.000
202608011800,   2.305,   2.909,   0.500,   0.104,   2.909,   0.500,   2.909,   0.500,   2.909
202608011806,   2.245,   2.840,9999.000,9999.000,9999.000,9999.000,9999.000,9999.000,9999.000
202608011812,   2.183,   2.768,9999.000,9999.000,9999.000,9999.000,9999.000,9999.000,9999.000
202608011818,   2.120,   2.699,9999.000,9999.000,9999.000,9999.000,9999.000,9999.000,9999.000
202608011824,   2.057,   2.620,9999.000,9999.000,9999.000,9999.000,9999.000,9999.000,9999.000
202608011830,   1.992,   2.548,9999.000,9999.000,9999.000,9999.000,9999.000,9999.000,9999.000
202608011836,   1.927,   2.489,9999.000,9999.000,9999.000,9999.000,9999.000,9999.000,9999.000
202608011842,   1.862,   2.420,9999.000,9999.000,9999.000,9999.000,9999.000,9999.000,9999.000
202608011848,   1.796,   2.358,9999.000,9999.000,9999.000,9999.000,9999.000,9999.000,9999.000
202608011854,   1.730,   2.289,9999.000,9999.000,9999.000,9999.000,9999.000,9999.000,9999.000
202608011900,   1.663,   2.230,   0.500,   0.067,   2.230,   0.500,   2.230,   0.500,   2.230
202608011906,   1.597,   2.158,9999.000,9999.000,9999.000,9999.000,9999.000,9999.000,9999.000
202608011912,   1.531,   2.099,9999.000,9999.000,9999.000,9999.000,9999.000,9999.000,9999.000
202608011918,   1.465,   2.020,9999.000,9999.000,9999.000,9999.000,9999.000,9999.000,9999.000
202608011924,   1.400,   1.958,9999.000,9999.000,9999.000,9999.000,9999.000,9999.000,9999.000
202608011930,   1.335,   1.889,9999.000,9999.000,9999.000,9999.000,9999.000,9999.000,9999.000
202608011936,   1.270,   1.820,9999.000,9999.000,9999.000,9999.000,9999.000,9999.000,9999.000
202608011942,   1.207,   1.748,9999.000,9999.000,9999.000,9999.000,9999.000,9999.000,9999.000
202608011948,   1.144,   1.679,9999.000,9999.000,9999.000,9999.000,9999.000,9999.000,9999.000
202608011954,   1.082,   1.610,9999.000,9999.000,9999.000,9999.000,9999.000,9999.000,9999.000
202608012000,   1.022,   1.548,   0.500,   0.026,   1.548,   0.500,   1.548,   0.500,   1.548
202608012006,   0.963,   1.489,9999.000,9999.000,9999.000,9999.000,9999.000,9999.000,9999.000
202608012012,   0.905,   1.439,9999.000,9999.000,9999.000,9999.000,9999.000,9999.000,9999.000
202608012018,   0.849,   1.361,9999.000,9999.000,9999.000,9999.000,9999.000,9999.000,9999.000
202608012024,   0.795,   1.298,9999.000,9999.000,9999.000,9999.000,9999.000,9999.000,9999.000
202608012030,   0.743,   1.239,9999.000,9999.000,9999.000,9999.000,9999.000,9999.000,9999.000
202608012036,   0.693,   1.170,9999.000,9999.000,9999.000,9999.000,9999.000,9999.000,9999.000
202608012042,   0.646,   1.108,9999.000,9999.000,9999.000,9999.000,9999.000,9999.000,9999.000
202608012048,   0.601,   1.059,9999.000,9999.000,9999.000,9999.000,9999.000,9999.000,9999.000
202608012054,   0.559,   1.000,9999.000,9999.000,9999.000,9999.000,9999.000,9999.000,9999.000
202608012100,   0.520,   0.961,   0.500,  -0.059,   0.961,   0.500,   0.961,   0.500,   0.961
202608012106,   0.484,   0.918,9999.000,9999.000,9999.000,9999.000,9999.000,9999.000,9999.000
202608012112,   0.451,   0.888,9999.000,9999.000,9999.000,9999.000,9999.000,9999.000,9999.000
202608012118,   0.422,   0.859,9999.000,9999.000,9999.000,9999.000,9999.000,9999.000,9999.000
202608012124,   0.396,   0.810,9999.000,9999.000,9999.000,9999.000,9999.000,9999.000,9999.000
202608012130,   0.375,   0.780,9999.000,9999.000,9999.000,9999.000,9999.000,9999.000,9999.000
202608012136,   0.357,   0.760,9999.000,9999.000,9999.000,9999.000,9999.000,9999.000,9999.000
202608012142,   0.343,   0.741,9999.000,9999.000,9999.000,9999.000,9999.000,9999.000,9999.000
202608012148,   0.334,   0.731,9999.000,9999.000,9999.000,9999.000,9999.000,9999.000,9999.000
202608012154,   0.328,   0.718,9999.000,9999.000,9999.000,9999.000,9999.000,9999.000,9999.000
202608012200,   0.327,   0.718,   0.500,  -0.109,   0.718,   0.500,   0.718,   0.500,   0.718
202608012206,   0.330,   0.731,9999.000,9999.000,9999.000,9999.000,9999.000,9999.000,9999.000
202608012212,   0.337,   0.731,9999.000,9999.000,9999.000,9999.000,9999.000,9999.000,9999.000
202608012218,   0.349,   0.741,9999.000,9999.000,9999.000,9999.000,9999.000,9999.000,9999.000
202608012224,   0.364,   0.760,9999.000,9999.000,9999.000,9999.000,9999.000,9999.000,9999.000
202608012230,   0.383,   0.780,9999.000,9999.000,9999.000,9999.000,9999.000,9999.000,9999.000
202608012236,   0.406,   0.810,9999.000,9999.000,9999.000,9999.000,9999.000,9999.000,9999.000
202608012242,   0.433,   0.839,9999.000,9999.000,9999.000,9999.000,9999.000,9999.000,9999.000
202608012248,   0.464,   0.869,9999.000,9999.000,9999.000,9999.000,9999.000,9999.000,9999.000
202608012254,   0.498,   0.918,9999.000,9999.000,9999.000,9999.000,9999.000,9999.000,9999.000
202608012300,   0.535,   0.961,   0.500,  -0.074,   0.961,   0.400,   0.861,   0.500,   0.961
202608012306,   0.575,   1.000,9999.000,9999.000,9999.000,9999.000,9999.000,9999.000,9999.000
202608012312,   0.617,   1.049,9999.000,9999.000,9999.000,9999.000,9999.000,9999.000,9999.000
202608012318,   0.663,   1.098,9999.000,9999.000,9999.000,9999.000,9999.000,9999.000,9999.000
202608012324,   0.711,   1.151,9999.000,9999.000,9999.000,9999.000,9999.000,9999.000,9999.000
202608012330,   0.761,   1.210,9999.000,9999.000,9999.000,9999.000,9999.000,9999.000,9999.000
202608012336,   0.812,   1.269,9999.000,9999.000,9999.000,9999.000,9999.000,9999.000,9999.000
202608012342,   0.866,   1.318,9999.000,9999.000,9999.000,9999.000,9999.000,9999.000,9999.000
202608012348,   0.921,   1.390,9999.000,9999.000,9999.000,9999.000,9999.000,9999.000,9999.000
202608012354,   0.978,   1.430,9999.000,9999.000,9999.000,9999.000,9999.000,9999.000,9999.000
202608020000,   1.036,   1.479,   0.500,  -0.057,   1.479,   0.400,   1.379,   0.500,   1.479
202608020006,   1.095,   1.528,9999.000,9999.000,9999.000,9999.000,9999.000,9999.000,9999.000
202608020012,   1.155,   1.590,9999.000,9999.000,9999.000,9999.000,9999.000,9999.000,9999.000
202608020018,   1.215,   1.639,9999.000,9999.000,9999.000,9999.000,9999.000,9999.000,9999.000
202608020024,   1.277,   1.699,9999.000,9999.000,9999.000,9999.000,9999.000,9999.000,9999.000
202608020030,   1.339,   1.758,9999.000,9999.000,9999.000,9999.000,9999.000,9999.000,9999.000
202608020036,   1.402,   1.820,9999.000,9999.000,9999.000,9999.000,9999.000,9999.000,9999.000
202608020042,   1.465,   1.879,9999.000,9999.000,9999.000,9999.000,9999.000,9999.000,9999.000
202608020048,   1.528,   1.948,9999.000,9999.000,9999.000,9999.000,9999.000,9999.000,9999.000
202608020054,   1.591,   2.010,9999.000,9999.000,9999.000,9999.000,9999.000,9999.000,9999.000
202608020100,   1.655,   2.079,   0.500,  -0.076,   2.079,   0.400,   1.979,   0.500,   2.079
202608020106,   1.719,   2.148,9999.000,9999.000,9999.000,9999.000,9999.000,9999.000,9999.000
202608020112,   1.783,   2.220,9999.000,9999.000,9999.000,9999.000,9999.000,9999.000,9999.000
202608020118,   1.847,   2.279,9999.000,9999.000,9999.000,9999.000,9999.000,9999.000,9999.000
202608020124,   1.911,   2.338,9999.000,9999.000,9999.000,9999.000,9999.000,9999.000,9999.000
202608020130,   1.974,   2.400,9999.000,9999.000,9999.000,9999.000,9999.000,9999.000,9999.000
202608020136,   2.037,   2.459,9999.000,9999.000,9999.000,9999.000,9999.000,9999.000,9999.000
202608020142,   2.100,   2.519,9999.000,9999.000,9999.000,9999.000,9999.000,9999.000,9999.000
202608020148,   2.163,   2.578,9999.000,9999.000,9999.000,9999.000,9999.000,9999.000,9999.000
202608020154,   2.224,   2.640,9999.000,9999.000,9999.000,9999.000,9999.000,9999.000,9999.000
202608020200,   2.285,   2.699,   0.400,   0.014,   2.699,   0.400,   2.699,   0.500,   2.799
202608020206,   2.345,   2.768,9999.000,9999.000,9999.000,9999.000,9999.000,9999.000,9999.000
202608020212,   2.403,   2.830,9999.000,9999.000,9999.000,9999.000,9999.000,9999.000,9999.000
202608020218,   2.461,   2.899,9999.000,9999.000,9999.000,9999.000,9999.000,9999.000,9999.000
202608020224,   2.517,   2.968,9999.000,9999.000,9999.000,9999.000,9999.000,9999.000,9999.000
202608020230,   2.571,   3.017,9999.000,9999.000,9999.000,9999.000,9999.000,9999.000,9999.000
202608020236,   2.623,   3.070,9999.000,9999.000,9999.000,9999.000,9999.000,9999.000,9999.000
202608020242,   2.674,   3.129,9999.000,9999.000,9999.000,9999.000,9999.000,9999.000,9999.000
202608020248,   2.722,   3.178,9999.000,9999.000,9999.000,9999.000,9999.000,9999.000,9999.000
202608020254,   2.768,   3.230,9999.000,9999.000,9999.000,9999.000,9999.000,9999.000,9999.000
202608020300,   2.811,   3.270,   0.400,   0.059,   3.270,   0.400,   3.270,   0.500,   3.370
202608020306,   2.852,   3.309,9999.000,9999.000,9999.000,9999.000,9999.000,9999.000,9999.000
202608020312,   2.889,   3.348,9999.000,9999.000,9999.000,9999.000,9999.000,9999.000,9999.000
202608020318,   2.924,   3.388,9999.000,9999.000,9999.000,9999.000,9999.000,9999.000,9999.000
202608020324,   2.955,   3.427,9999.000,9999.000,9999.000,9999.000,9999.000,9999.000,9999.000
202608020330,   2.983,   3.460,9999.000,9999.000,9999.000,9999.000,9999.000,9999.000,9999.000
202608020336,   3.008,   3.489,9999.000,9999.000,9999.000,9999.000,9999.000,9999.000,9999.000
202608020342,   3.029,   3.519,9999.000,9999.000,9999.000,9999.000,9999.000,9999.000,9999.000
202608020348,   3.046,   3.539,9999.000,9999.000,9999.000,9999.000,9999.000,9999.000,9999.000
202608020354,   3.059,   3.548,9999.000,9999.000,9999.000,9999.000,9999.000,9999.000,9999.000
202608020400,   3.069,   3.558,   0.400,   0.089,   3.558,   0.400,   3.558,   0.500,   3.658
202608020406,   3.075,   3.568,9999.000,9999.000,9999.000,9999.000,9999.000,9999.000,9999.000
202608020412,   3.077,   3.568,9999.000,9999.000,9999.000,9999.000,9999.000,9999.000,9999.000
202608020418,   3.075,   3.558,9999.000,9999.000,9999.000,9999.000,9999.000,9999.000,9999.000
202608020424,   3.069,   3.558,9999.000,9999.000,9999.000,9999.000,9999.000,9999.000,9999.000
202608020430,   3.059,   3.539,9999.000,9999.000,9999.000,9999.000,9999.000,9999.000,9999.000
202608020436,   3.045,   3.529,9999.000,9999.000,9999.000,9999.000,9999.000,9999.000,9999.000
202608020442,   3.027,   3.509,9999.000,9999.000,9999.000,9999.000,9999.000,9999.000,9999.000
202608020448,   3.006,   3.499,9999.000,9999.000,9999.000,9999.000,9999.000,9999.000,9999.000
202608020454,   2.980,   3.489,9999.000,9999.000,9999.000,9999.000,9999.000,9999.000,9999.000
202608020500,   2.952,   3.460,   0.400,   0.108,   3.460,   0.400,   3.460,   0.500,   3.560
202608020506,   2.919,   3.440,9999.000,9999.000,9999.000,9999.000,9999.000,9999.000,9999.000
202608020512,   2.883,   3.417,9999.000,9999.000,9999.000,9999.000,9999.000,9999.000,9999.000
202608020518,   2.844,   3.398,9999.000,9999.000,9999.000,9999.000,9999.000,9999.000,9999.000
202608020524,   2.802,   3.368,9999.000,9999.000,9999.000,9999.000,9999.000,9999.000,9999.000
202608020530,   2.756,   3.329,9999.000,9999.000,9999.000,9999.000,9999.000,9999.000,9999.000
202608020536,   2.708,   3.289,9999.000,9999.000,9999.000,9999.000,9999.000,9999.000,9999.000
202608020542,   2.656,   3.250,9999.000,9999.000,9999.000,9999.000,9999.000,9999.000,9999.000
202608020548,   2.603,   3.197,9999.000,9999.000,9999.000,9999.000,9999.000,9999.000,9999.000
202608020554,   2.546,   3.138,9999.000,9999.000,9999.000,9999.000,9999.000,9999.000,9999.000
202608020600,   2.488,   3.089,   0.500,   0.101,   3.089,   0.400,   2.989,   0.500,   3.089
202608020606,   2.427,   3.017,9999.000,9999.000,9999.000,9999.000,9999.000,9999.000,9999.000
202608020612,   2.365,   2.948,9999.000,9999.000,9999.000,9999.000,9999.000,9999.000,9999.000
202608020618,   2.300,   2.889,9999.000,9999.000,9999.000,9999.000,9999.000,9999.000,9999.000
202608020624,   2.235,   2.820,9999.000,9999.000,9999.000,9999.000,9999.000,9999.000,9999.000
202608020630,   2.167,   2.748,9999.000,9999.000,9999.000,9999.000,9999.000,9999.000,9999.000
202608020636,   2.099,   2.679,9999.000,9999.000,9999.000,9999.000,9999.000,9999.000,9999.000
202608020642,   2.029,   2.620,9999.000,9999.000,9999.000,9999.000,9999.000,9999.000,9999.000
202608020648,   1.959,   2.538,9999.000,9999.000,9999.000,9999.000,9999.000,9999.000,9999.000
202608020654,   1.888,   2.469,9999.000,9999.000,9999.000,9999.000,9999.000,9999.000,9999.000
202608020700,   1.816,   2.410,   0.500,   0.094,   2.410,   0.400,   2.310,   0.500,   2.410
202608020706,   1.744,   2.338,9999.000,9999.000,9999.000,9999.000,9999.000,9999.000,9999.000
202608020712,   1.671,   2.269,9999.000,9999.000,9999.000,9999.000,9999.000,9999.000,9999.000
202608020718,   1.599,   2.200,9999.000,9999.000,9999.000,9999.000,9999.000,9999.000,9999.000
202608020724,   1.526,   2.128,9999.000,9999.000,9999.000,9999.000,9999.000,9999.000,9999.000
202608020730,   1.454,   2.059,9999.000,9999.000,9999.000,9999.000,9999.000,9999.000,9999.000
202608020736,   1.382,   1.981,9999.000,9999.000,9999.000,9999.000,9999.000,9999.000,9999.000
202608020742,   1.311,   1.928,9999.000,9999.000,9999.000,9999.000,9999.000,9999.000,9999.000
202608020748,   1.240,   1.859,9999.000,9999.000,9999.000,9999.000,9999.000,9999.000,9999.000
202608020754,   1.170,   1.781,9999.000,9999.000,9999.000,9999.000,9999.000,9999.000,9999.000
202608020800,   1.101,   1.728,   0.500,   0.127,   1.728,   0.400,   1.628,   0.500,   1.728
202608020806,   1.034,   1.669,9999.000,9999.000,9999.000,9999.000,9999.000,9999.000,9999.000
202608020812,   0.967,   1.600,9999.000,9999.000,9999.000,9999.000,9999.000,9999.000,9999.000
202608020818,   0.902,   1.538,9999.000,9999.000,9999.000,9999.000,9999.000,9999.000,9999.000
202608020824,   0.838,   1.489,9999.000,9999.000,9999.000,9999.000,9999.000,9999.000,9999.000
202608020830,   0.776,   1.439,9999.000,9999.000,9999.000,9999.000,9999.000,9999.000,9999.000
202608020836,   0.716,   1.390,9999.000,9999.000,9999.000,9999.000,9999.000,9999.000,9999.000
202608020842,   0.659,   1.328,9999.000,9999.000,9999.000,9999.000,9999.000,9999.000,9999.000
202608020848,   0.603,   1.279,9999.000,9999.000,9999.000,9999.000,9999.000,9999.000,9999.000
202608020854,   0.550,   1.229,9999.000,9999.000,9999.000,9999.000,9999.000,9999.000,9999.000
202608020900,   0.500,   1.180,   0.500,   0.180,   1.180,   0.400,   1.080,   0.500,   1.180
202608020906,   0.452,   1.128,9999.000,9999.000,9999.000,9999.000,9999.000,9999.000,9999.000
202608020912,   0.407,   1.079,9999.000,9999.000,9999.000,9999.000,9999.000,9999.000,9999.000
202608020918,   0.366,   1.039,9999.000,9999.000,9999.000,9999.000,9999.000,9999.000,9999.000
202608020924,   0.328,   1.000,9999.000,9999.000,9999.000,9999.000,9999.000,9999.000,9999.000
202608020930,   0.294,   0.961,9999.000,9999.000,9999.000,9999.000,9999.000,9999.000,9999.000
202608020936,   0.263,   0.918,9999.000,9999.000,9999.000,9999.000,9999.000,9999.000,9999.000
202608020942,   0.236,   0.888,9999.000,9999.000,9999.000,9999.000,9999.000,9999.000,9999.000
202608020948,   0.214,   0.859,9999.000,9999.000,9999.000,9999.000,9999.000,9999.000,9999.000
202608020954,   0.195,   0.829,9999.000,9999.000,9999.000,9999.000,9999.000,9999.000,9999.000
202608021000,   0.180,   0.810,   0.500,   0.130,   0.810,   0.500,   0.810,   0.600,   0.910
202608021006,   0.170,   0.800,9999.000,9999.000,9999.000,9999.000,9999.000,9999.000,9999.000
202608021012,   0.164,   0.790,9999.000,9999.000,9999.000,9999.000,9999.000,9999.000,9999.000
202608021018,   0.163,   0.790,9999.000,9999.000,9999.000,9999.000,9999.000,9999.000,9999.000
202608021024,   0.166,   0.770,9999.000,9999.000,9999.000,9999.000,9999.000,9999.000,9999.000
202608021030,   0.173,   0.780,9999.000,9999.000,9999.000,9999.000,9999.000,9999.000,9999.000
202608021036,   0.184,   0.800,9999.000,9999.000,9999.000,9999.000,9999.000,9999.000,9999.000
202608021042,   0.200,   0.829,9999.000,9999.000,9999.000,9999.000,9999.000,9999.000,9999.000
202608021048,   0.220,   0.839,9999.000,9999.000,9999.000,9999.000,9999.000,9999.000,9999.000
202608021054,   0.244,   0.869,9999.000,9999.000,9999.000,9999.000,9999.000,9999.000,9999.000
202608021100,   0.272,   0.898,   0.500,   0.126,   0.898,   0.500,   0.898,   0.600,   0.998
202608021106,   0.303,   0.941,9999.000,9999.000,9999.000,9999.000,9999.000,9999.000,9999.000
202608021112,   0.338,   0.980,9999.000,9999.000,9999.000,9999.000,9999.000,9999.000,9999.000
202608021118,   0.376,   1.020,9999.000,9999.000,9999.000,9999.000,9999.000,9999.000,9999.000
202608021124,   0.418,   1.059,9999.000,9999.000,9999.000,9999.000,9999.000,9999.000,9999.000
202608021130,   0.462,   1.108,9999.000,9999.000,9999.000,9999.000,9999.000,9999.000,9999.000
202608021136,   0.509,   1.170,9999.000,9999.000,9999.000,9999.000,9999.000,9999.000,9999.000
202608021142,   0.559,   1.229,9999.000,9999.000,9999.000,9999.000,9999.000,9999.000,9999.000
202608021148,   0.611,   1.298,9999.000,9999.000,9999.000,9999.000,9999.000,9999.000,9999.000
202608021154,   0.665,   1.361,9999.000,9999.000,9999.000,9999.000,9999.000,9999.000,9999.000
202608021200,   0.721,   1.430,   0.500,   0.209,   1.430,   0.500,   1.430,   0.600,   1.530
202608021206,   0.779,   1.498,9999.000,9999.000,9999.000,9999.000,9999.000,9999.000,9999.000
202608021212,   0.838,   1.557,9999.000,9999.000,9999.000,9999.000,9999.000,9999.000,9999.000
202608021218,   0.899,   1.630,9999.000,9999.000,9999.000,9999.000,9999.000,9999.000,9999.000
202608021224,   0.961,   1.689,9999.000,9999.000,9999.000,9999.000,9999.000,9999.000,9999.000
202608021230,   1.024,   1.748,9999.000,9999.000,9999.000,9999.000,9999.000,9999.000,9999.000
202608021236,   1.088,   1.810,9999.000,9999.000,9999.000,9999.000,9999.000,9999.000,9999.000
202608021242,   1.152,   1.859,9999.000,9999.000,9999.000,9999.000,9999.000,9999.000,9999.000
202608021248,   1.218,   1.918,9999.000,9999.000,9999.000,9999.000,9999.000,9999.000,9999.000
202608021254,   1.284,   1.981,9999.000,9999.000,9999.000,9999.000,9999.000,9999.000,9999.000
202608021300,   1.350,   2.040,   0.500,   0.190,   2.040,   0.500,   2.040,   0.600,   2.140
202608021306,   1.417,   2.089,9999.000,9999.000,9999.000,9999.000,9999.000,9999.000,9999.000
202608021312,   1.484,   2.148,9999.000,9999.000,9999.000,9999.000,9999.000,9999.000,9999.000
202608021318,   1.551,   2.210,9999.000,9999.000,9999.000,9999.000,9999.000,9999.000,9999.000
202608021324,   1.619,   2.289,9999.000,9999.000,9999.000,9999.000,9999.000,9999.000,9999.000
202608021330,   1.686,   2.368,9999.000,9999.000,9999.000,9999.000,9999.000,9999.000,9999.000
202608021336,   1.754,   2.450,9999.000,9999.000,9999.000,9999.000,9999.000,9999.000,9999.000
202608021342,   1.821,   2.528,9999.000,9999.000,9999.000,9999.000,9999.000,9999.000,9999.000
202608021348,   1.888,   2.587,9999.000,9999.000,9999.000,9999.000,9999.000,9999.000,9999.000
202608021354,   1.955,   2.650,9999.000,9999.000,9999.000,9999.000,9999.000,9999.000,9999.000
202608021400,   2.021,   2.709,   0.500,   0.188,   2.709,   0.500,   2.709,   0.600,   2.809
202608021406,   2.087,   2.778,9999.000,9999.000,9999.000,9999.000,9999.000,9999.000,9999.000
202608021412,   2.152,   2.840,9999.000,9999.000,9999.000,9999.000,9999.000,9999.000,9999.000
202608021418,   2.216,   2.899,9999.000,9999.000,9999.000,9999.000,9999.000,9999.000,9999.000
202608021424,   2.280,   2.968,9999.000,9999.000,9999.000,9999.000,9999.000,9999.000,9999.000
202608021430,   2.342,   3.040,9999.000,9999.000,9999.000,9999.000,9999.000,9999.000,9999.000
202608021436,   2.402,   3.099,9999.000,9999.000,9999.000,9999.000,9999.000,9999.000,9999.000
202608021442,   2.461,   3.168,9999.000,9999.000,9999.000,9999.000,9999.000,9999.000,9999.000
202608021448,   2.519,   3.230,9999.000,9999.000,9999.000,9999.000,9999.000,9999.000,9999.000
202608021454,   2.574,   3.299,9999.000,9999.000,9999.000,9999.000,9999.000,9999.000,9999.000
202608021500,   2.628,   3.348,   0.500,   0.220,   3.348,   0.500,   3.348,   0.600,   3.448
202608021506,   2.679,   3.407,9999.000,9999.000,9999.000,9999.000,9999.000,9999.000,9999.000
202608021512,   2.728,   3.470,9999.000,9999.000,9999.000,9999.000,9999.000,9999.000,9999.000
202608021518,   2.774,   3.509,9999.000,9999.000,9999.000,9999.000,9999.000,9999.000,9999.000
202608021524,   2.818,   3.568,9999.000,9999.000,9999.000,9999.000,9999.000,9999.000,9999.000
202608021530,   2.859,   3.617,9999.000,9999.000,9999.000,9999.000,9999.000,9999.000,9999.000
202608021536,   2.896,   3.650,9999.000,9999.000,9999.000,9999.000,9999.000,9999.000,9999.000
202608021542,   2.931,   3.680,9999.000,9999.000,9999.000,9999.000,9999.000,9999.000,9999.000
202608021548,   2.962,   3.709,9999.000,9999.000,9999.000,9999.000,9999.000,9999.000,9999.000
202608021554,   2.990,   3.749,9999.000,9999.000,9999.000,9999.000,9999.000,9999.000,9999.000
202608021600,   3.014,   3.768,   0.500,   0.254,   3.768,   0.500,   3.768,   0.600,   3.868
202608021606,   3.034,   3.788,9999.000,9999.000,9999.000,9999.000,9999.000,9999.000,9999.000
202608021612,   3.051,   3.808,9999.000,9999.000,9999.000,9999.000,9999.000,9999.000,9999.000
202608021618,   3.064,   3.827,9999.000,9999.000,9999.000,9999.000,9999.000,9999.000,9999.000
202608021624,   3.074,   3.837,9999.000,9999.000,9999.000,9999.000,9999.000,9999.000,9999.000
202608021630,   3.079,   3.847,9999.000,9999.000,9999.000,9999.000,9999.000,9999.000,9999.000
202608021636,   3.081,   3.860,9999.000,9999.000,9999.000,9999.000,9999.000,9999.000,9999.000
202608021642,   3.079,   3.847,9999.000,9999.000,9999.000,9999.000,9999.000,9999.000,9999.000
202608021648,   3.073,   3.837,9999.000,9999.000,9999.000,9999.000,9999.000,9999.000,9999.000
202608021654,   3.064,   3.827,9999.000,9999.000,9999.000,9999.000,9999.000,9999.000,9999.000
202608021700,   3.051,   3.808,   0.500,   0.257,   3.808,   0.500,   3.808,   0.600,   3.908
202608021706,   3.034,   3.788,9999.000,9999.000,9999.000,9999.000,9999.000,9999.000,9999.000
202608021712,   3.013,   3.749,9999.000,9999.000,9999.000,9999.000,9999.000,9999.000,9999.000
202608021718,   2.989,   3.719,9999.000,9999.000,9999.000,9999.000,9999.000,9999.000,9999.000
202608021724,   2.962,   3.689,9999.000,9999.000,9999.000,9999.000,9999.000,9999.000,9999.000
202608021730,   2.931,   3.670,9999.000,9999.000,9999.000,9999.000,9999.000,9999.000,9999.000
202608021736,   2.898,   3.627,9999.000,9999.000,9999.000,9999.000,9999.000,9999.000,9999.000
202608021742,   2.861,   3.588,9999.000,9999.000,9999.000,9999.000,9999.000,9999.000,9999.000
202608021748,   2.821,   3.529,9999.000,9999.000,9999.000,9999.000,9999.000,9999.000,9999.000
202608021754,   2.778,   3.509,9999.000,9999.000,9999.000,9999.000,9999.000,9999.000,9999.000
202608021800,   2.733,   3.470,   0.500,   0.237,   3.470,   0.500,   3.470,   0.500,   3.470
202608021806,   2.685,   3.407,9999.000,9999.000,9999.000,9999.000,9999.000,9999.000,9999.000
202608021812,   2.635,   3.368,9999.000,9999.000,9999.000,9999.000,9999.000,9999.000,9999.000
202608021818,   2.582,   3.329,9999.000,9999.000,9999.000,9999.000,9999.000,9999.000,9999.000
202608021824,   2.528,   3.270,9999.000,9999.000,9999.000,9999.000,9999.000,9999.000,9999.000
202608021830,   2.471,   3.197,9999.000,9999.000,9999.000,9999.000,9999.000,9999.000,9999.000
202608021836,   2.413,   3.138,9999.000,9999.000,9999.000,9999.000,9999.000,9999.000,9999.000
202608021842,   2.353,   3.079,9999.000,9999.000,9999.000,9999.000,9999.000,9999.000,9999.000
202608021848,   2.292,   3.017,9999.000,9999.000,9999.000,9999.000,9999.000,9999.000,9999.000
202608021854,   2.229,   2.958,9999.000,9999.000,9999.000,9999.000,9999.000,9999.000,9999.000
202608021900,   2.165,   2.909,   0.500,   0.244,   2.909,   0.400,   2.809,   0.500,   2.909
202608021906,   2.100,   2.850,9999.000,9999.000,9999.000,9999.000,9999.000,9999.000,9999.000
202608021912,   2.035,   2.787,9999.000,9999.000,9999.000,9999.000,9999.000,9999.000,9999.000
202608021918,   1.968,   2.719,9999.000,9999.000,9999.000,9999.000,9999.000,9999.000,9999.000
202608021924,   1.902,   2.660,9999.000,9999.000,9999.000,9999.000,9999.000,9999.000,9999.000
202608021930,   1.834,   2.597,9999.000,9999.000,9999.000,9999.000,9999.000,9999.000,9999.000
202608021936,   1.767,   2.519,9999.000,9999.000,9999.000,9999.000,9999.000,9999.000,9999.000
202608021942,   1.700,   2.440,9999.000,9999.000,9999.000,9999.000,9999.000,9999.000,9999.000
202608021948,   1.632,   2.368,9999.000,9999.000,9999.000,9999.000,9999.000,9999.000,9999.000
202608021954,   1.565,   2.279,9999.000,9999.000,9999.000,9999.000,9999.000,9999.000,9999.000
202608022000,   1.499,   2.200,   0.500,   0.201,   2.200,   0.400,   2.100,   0.500,   2.200
202608022006,   1.432,   2.128,9999.000,9999.000,9999.000,9999.000,9999.000,9999.000,9999.000
202608022012,   1.367,   2.089,9999.000,9999.000,9999.000,9999.000,9999.000,9999.000,9999.000
202608022018,   1.302,   2.020,9999.000,9999.000,9999.000,9999.000,9999.000,9999.000,9999.000
202608022024,   1.238,   1.967,9999.000,9999.000,9999.000,9999.000,9999.000,9999.000,9999.000
202608022030,   1.176,   1.918,9999.000,9999.000,9999.000,9999.000,9999.000,9999.000,9999.000
202608022036,   1.114,   1.840,9999.000,9999.000,9999.000,9999.000,9999.000,9999.000,9999.000
202608022042,   1.054,   1.758,9999.000,9999.000,9999.000,9999.000,9999.000,9999.000,9999.000
202608022048,   0.996,   1.689,9999.000,9999.000,9999.000,9999.000,9999.000,9999.000,9999.000
202608022054,   0.939,   1.620,9999.000,9999.000,9999.000,9999.000,9999.000,9999.000,9999.000
202608022100,   0.884,   1.557,   0.500,   0.173,   1.557,   0.400,   1.457,   0.500,   1.557
202608022106,   0.831,   1.489,9999.000,9999.000,9999.000,9999.000,9999.000,9999.000,9999.000
202608022112,   0.780,   1.430,9999.000,9999.000,9999.000,9999.000,9999.000,9999.000,9999.000
202608022118,   0.732,   1.380,9999.000,9999.000,9999.000,9999.000,9999.000,9999.000,9999.000
202608022124,   0.686,   1.318,9999.000,9999.000,9999.000,9999.000,9999.000,9999.000,9999.000
202608022130,   0.642,   1.289,9999.000,9999.000,9999.000,9999.000,9999.000,9999.000,9999.000
202608022136,   0.602,   1.269,9999.000,9999.000,9999.000,9999.000,9999.000,9999.000,9999.000
202608022142,   0.564,   1.259,9999.000,9999.000,9999.000,9999.000,9999.000,9999.000,9999.000
202608022148,   0.530,   1.220,9999.000,9999.000,9999.000,9999.000,9999.000,9999.000,9999.000
202608022154,   0.498,   1.138,9999.000,9999.000,9999.000,9999.000,9999.000,9999.000,9999.000
202608022200,   0.471,   1.079,   0.500,   0.108,   1.079,   0.400,   0.979,   0.600,   1.179
202608022206,   0.446,   1.059,9999.000,9999.000,9999.000,9999.000,9999.000,9999.000,9999.000
202608022212,   0.425,   1.020,9999.000,9999.000,9999.000,9999.000,9999.000,9999.000,9999.000
202608022218,   0.408,   0.980,9999.000,9999.000,9999.000,9999.000,9999.000,9999.000,9999.000
202608022224,   0.395,   0.951,9999.000,9999.000,9999.000,9999.000,9999.000,9999.000,9999.000
202608022230,   0.385,   0.941,9999.000,9999.000,9999.000,9999.000,9999.000,9999.000,9999.000
202608022236,   0.379,   0.941,9999.000,9999.000,9999.000,9999.000,9999.000,9999.000,9999.000
202608022242,   0.378,   0.941,9999.000,9999.000,9999.000,9999.000,9999.000,9999.000,9999.000
202608022248,   0.380,   0.941,9999.000,9999.000,9999.000,9999.000,9999.000,9999.000,9999.000
202608022254,   0.385,   0.941,9999.000,9999.000,9999.000,9999.000,9999.000,9999.000,9999.000
202608022300,   0.395,   0.970,   0.400,   0.175,   0.970,   0.300,   0.870,   0.600,   1.170
202608022306,   0.409,   0.990,9999.000,9999.000,9999.000,9999.000,9999.000,9999.000,9999.000
202608022312,   0.426,   1.010,9999.000,9999.000,9999.000,9999.000,9999.000,9999.000,9999.000
202608022318,   0.446,   1.039,9999.000,9999.000,9999.000,9999.000,9999.000,9999.000,9999.000
202608022324,   0.470,   1.069,9999.000,9999.000,9999.000,9999.000,9999.000,9999.000,9999.000
202608022330,   0.498,   1.088,9999.000,9999.000,9999.000,9999.000,9999.000,9999.000,9999.000
202608022336,   0.528,   1.108,9999.000,9999.000,9999.000,9999.000,9999.000,9999.000,9999.000
202608022342,   0.562,   1.138,9999.000,9999.000,9999.000,9999.000,9999.000,9999.000,9999.000
202608022348,   0.598,   1.161,9999.000,9999.000,9999.000,9999.000,9999.000,9999.000,9999.000
202608022354,   0.638,   1.200,9999.000,9999.000,9999.000,9999.000,9999.000,9999.000,9999.000
202608030000,   0.679,   1.249,   0.400,   0.170,   1.249,   0.400,   1.249,   0.500,   1.349
202608030006,   0.723,   1.289,9999.000,9999.000,9999.000,9999.000,9999.000,9999.000,9999.000
202608030012,   0.769,   1.328,9999.000,9999.000,9999.000,9999.000,9999.000,9999.000,9999.000
202608030018,   0.817,   1.390,9999.000,9999.000,9999.000,9999.000,9999.000,9999.000,9999.000
202608030024,   0.867,   1.449,9999.000,9999.000,9999.000,9999.000,9999.000,9999.000,9999.000
202608030030,   0.919,   1.498,9999.000,9999.000,9999.000,9999.000,9999.000,9999.000,9999.000
202608030036,   0.972,   1.538,9999.000,9999.000,9999.000,9999.000,9999.000,9999.000,9999.000
202608030042,   1.026,   1.580,9999.000,9999.000,9999.000,9999.000,9999.000,9999.000,9999.000
202608030048,   1.082,   1.649,9999.000,9999.000,9999.000,9999.000,9999.000,9999.000,9999.000
202608030054,   1.139,   1.708,9999.000,9999.000,9999.000,9999.000,9999.000,9999.000,9999.000
202608030100,   1.197,   1.748,   0.400,   0.151,   1.748,   0.400,   1.748,   0.500,   1.848
202608030106,   1.255,   1.800,9999.000,9999.000,9999.000,9999.000,9999.000,9999.000,9999.000
202608030112,   1.315,   1.849,9999.000,9999.000,9999.000,9999.000,9999.000,9999.000,9999.000
202608030118,   1.375,   1.908,9999.000,9999.000,9999.000,9999.000,9999.000,9999.000,9999.000
202608030124,   1.436,   1.967,9999.000,9999.000,9999.000,9999.000,9999.000,9999.000,9999.000
202608030130,   1.497,   2.010,9999.000,9999.000,9999.000,9999.000,9999.000,9999.000,9999.000
202608030136,   1.559,   2.079,9999.000,9999.000,9999.000,9999.000,9999.000,9999.000,9999.000
202608030142,   1.621,   2.158,9999.000,9999.000,9999.000,9999.000,9999.000,9999.000,9999.000
202608030148,   1.684,   2.230,9999.000,9999.000,9999.000,9999.000,9999.000,9999.000,9999.000
202608030154,   1.746,   2.279,9999.000,9999.000,9999.000,9999.000,9999.000,9999.000,9999.000
202608030200,   1.809,   2.338,   0.400,   0.129,   2.338,   0.300,   2.238,   0.500,   2.438
202608030206,   1.872,   2.400,9999.000,9999.000,9999.000,9999.000,9999.000,9999.000,9999.000
202608030212,   1.934,   2.459,9999.000,9999.000,9999.000,9999.000,9999.000,9999.000,9999.000
202608030218,   1.996,   2.499,9999.000,9999.000,9999.000,9999.000,9999.000,9999.000,9999.000
202608030224,   2.058,   2.548,9999.000,9999.000,9999.000,9999.000,9999.000,9999.000,9999.000
202608030230,   2.119,   2.597,9999.000,9999.000,9999.000,9999.000,9999.000,9999.000,9999.000
202608030236,   2.180,   2.660,9999.000,9999.000,9999.000,9999.000,9999.000,9999.000,9999.000
202608030242,   2.240,   2.709,9999.000,9999.000,9999.000,9999.000,9999.000,9999.000,9999.000
202608030248,   2.299,   2.758,9999.000,9999.000,9999.000,9999.000,9999.000,9999.000,9999.000
202608030254,   2.356,   2.820,9999.000,9999.000,9999.000,9999.000,9999.000,9999.000,9999.000
202608030300,   2.412,   2.879,   0.300,   0.167,   2.879,   0.300,   2.879,   0.400,   2.979
202608030306,   2.467,   2.938,9999.000,9999.000,9999.000,9999.000,9999.000,9999.000,9999.000
202608030312,   2.520,   2.997,9999.000,9999.000,9999.000,9999.000,9999.000,9999.000,9999.000
202608030318,   2.571,   3.060,9999.000,9999.000,9999.000,9999.000,9999.000,9999.000,9999.000
202608030324,   2.620,   3.109,9999.000,9999.000,9999.000,9999.000,9999.000,9999.000,9999.000
202608030330,   2.666,   3.148,9999.000,9999.000,9999.000,9999.000,9999.000,9999.000,9999.000
202608030336,   2.710,   3.188,9999.000,9999.000,9999.000,9999.000,9999.000,9999.000,9999.000
202608030342,   2.752,   3.230,9999.000,9999.000,9999.000,9999.000,9999.000,9999.000,9999.000
202608030348,   2.790,   3.250,9999.000,9999.000,9999.000,9999.000,9999.000,9999.000,9999.000
202608030354,   2.826,   3.289,9999.000,9999.000,9999.000,9999.000,9999.000,9999.000,9999.000
202608030400,   2.858,   3.319,   0.300,   0.161,   3.319,   0.200,   3.219,   0.400,   3.419
202608030406,   2.888,   3.339,9999.000,9999.000,9999.000,9999.000,9999.000,9999.000,9999.000
202608030412,   2.914,   3.368,9999.000,9999.000,9999.000,9999.000,9999.000,9999.000,9999.000
202608030418,   2.936,   3.407,9999.000,9999.000,9999.000,9999.000,9999.000,9999.000,9999.000
202608030424,   2.955,   3.440,9999.000,9999.000,9999.000,9999.000,9999.000,9999.000,9999.000
202608030430,   2.970,   3.460,9999.000,9999.000,9999.000,9999.000,9999.000,9999.000,9999.000
202608030436,   2.982,   3.480,9999.000,9999.000,9999.000,9999.000,9999.000,9999.000,9999.000
202608030442,   2.989,   3.489,9999.000,9999.000,9999.000,9999.000,9999.000,9999.000,9999.000
202608030448,   2.993,   3.509,9999.000,9999.000,9999.000,9999.000,9999.000,9999.000,9999.000
202608030454,   2.994,   3.509,9999.000,9999.000,9999.000,9999.000,9999.000,9999.000,9999.000
202608030500,   2.990,   3.499,   0.200,   0.309,   3.499,   0.100,   3.399,   0.300,   3.599
202608030506,   2.982,   3.489,9999.000,9999.000,9999.000,9999.000,9999.000,9999.000,9999.000
202608030512,   2.971,   3.480,9999.000,9999.000,9999.000,9999.000,9999.000,9999.000,9999.000
202608030518,   2.956,   3.460,9999.000,9999.000,9999.000,9999.000,9999.000,9999.000,9999.000
202608030524,   2.938,   3.440,9999.000,9999.000,9999.000,9999.000,9999.000,9999.000,9999.000
202608030530,   2.915,   3.417,9999.000,9999.000,9999.000,9999.000,9999.000,9999.000,9999.000
202608030536,   2.890,   3.398,9999.000,9999.000,9999.000,9999.000,9999.000,9999.000,9999.000
202608030542,   2.860,   3.358,9999.000,9999.000,9999.000,9999.000,9999.000,9999.000,9999.000
202608030548,   2.827,   3.329,9999.000,9999.000,9999.000,9999.000,9999.000,9999.000,9999.000
202608030554,   2.791,   3.289,9999.000,9999.000,9999.000,9999.000,9999.000,9999.000,9999.000
202608030600,   2.752,   3.250,   0.200,   0.298,   3.250,   0.100,   3.150,   0.300,   3.350
202608030606,   2.710,   3.197,9999.000,9999.000,9999.000,9999.000,9999.000,9999.000,9999.000
202608030612,   2.664,   3.138,9999.000,9999.000,9999.000,9999.000,9999.000,9999.000,9999.000
202608030618,   2.616,   3.070,9999.000,9999.000,9999.000,9999.000,9999.000,9999.000,9999.000
202608030624,   2.565,   2.997,9999.000,9999.000,9999.000,9999.000,9999.000,9999.000,9999.000
202608030630,   2.511,   2.938,9999.000,9999.000,9999.000,9999.000,9999.000,9999.000,9999.000
202608030636,   2.455,   2.879,9999.000,9999.000,9999.000,9999.000,9999.000,9999.000,9999.000
202608030642,   2.397,   2.797,9999.000,9999.000,9999.000,9999.000,9999.000,9999.000,9999.000
202608030648,   2.336,   2.738,9999.000,9999.000,9999.000,9999.000,9999.000,9999.000,9999.000
202608030654,   2.274,   2.669,9999.000,9999.000,9999.000,9999.000,9999.000,9999.000,9999.000
202608030700,   2.210,   2.597,   0.200,   0.187,   2.597,   0.100,   2.497,   0.200,   2.597
202608030706,   2.144,   2.558,9999.000,9999.000,9999.000,9999.000,9999.000,9999.000,9999.000
202608030712,   2.077,   2.489,9999.000,9999.000,9999.000,9999.000,9999.000,9999.000,9999.000
202608030718,   2.008,   2.430,9999.000,9999.000,9999.000,9999.000,9999.000,9999.000,9999.000
202608030724,   1.939,   2.358,9999.000,9999.000,9999.000,9999.000,9999.000,9999.000,9999.000
202608030730,   1.868,   2.279,9999.000,9999.000,9999.000,9999.000,9999.000,9999.000,9999.000
202608030736,   1.797,   2.220,9999.000,9999.000,9999.000,9999.000,9999.000,9999.000,9999.000
202608030742,   1.726,   2.158,9999.000,9999.000,9999.000,9999.000,9999.000,9999.000,9999.000
202608030748,   1.654,   2.079,9999.000,9999.000,9999.000,9999.000,9999.000,9999.000,9999.000
202608030754,   1.582,   2.010,9999.000,9999.000,9999.000,9999.000,9999.000,9999.000,9999.000
202608030800,   1.510,   1.928,   0.200,   0.218,   1.928,   0.100,   1.828,   0.200,   1.928
202608030806,   1.439,   1.849,9999.000,9999.000,9999.000,9999.000,9999.000,9999.000,9999.000
202608030812,   1.368,   1.781,9999.000,9999.000,9999.000,9999.000,9999.000,9999.000,9999.000
202608030818,   1.297,   1.708,9999.000,9999.000,9999.000,9999.000,9999.000,9999.000,9999.000
202608030824,   1.227,   1.630,9999.000,9999.000,9999.000,9999.000,9999.000,9999.000,9999.000
202608030830,   1.158,   1.548,9999.000,9999.000,9999.000,9999.000,9999.000,9999.000,9999.000
202608030836,   1.090,   1.479,9999.000,9999.000,9999.000,9999.000,9999.000,9999.000,9999.000
202608030842,   1.024,   1.410,9999.000,9999.000,9999.000,9999.000,9999.000,9999.000,9999.000
202608030848,   0.959,   1.348,9999.000,9999.000,9999.000,9999.000,9999.000,9999.000,9999.000
202608030854,   0.895,   1.279,9999.000,9999.000,9999.000,9999.000,9999.000,9999.000,9999.000
202608030900,   0.834,   1.200,   0.100,   0.266,   1.200,   0.000,   1.100,   0.200,   1.300
202608030906,   0.774,   1.118,9999.000,9999.000,9999.000,9999.000,9999.000,9999.000,9999.000
202608030912,   0.716,   1.059,9999.000,9999.000,9999.000,9999.000,9999.000,9999.000,9999.000
202608030918,   0.660,   1.010,9999.000,9999.000,9999.000,9999.000,9999.000,9999.000,9999.000
202608030924,   0.607,   0.961,9999.000,9999.000,9999.000,9999.000,9999.000,9999.000,9999.000
202608030930,   0.556,   0.908,9999.000,9999.000,9999.000,9999.000,9999.000,9999.000,9999.000
202608030936,   0.508,   0.859,9999.000,9999.000,9999.000,9999.000,9999.000,9999.000,9999.000
202608030942,   0.463,   0.810,9999.000,9999.000,9999.000,9999.000,9999.000,9999.000,9999.000
202608030948,   0.420,   0.760,9999.000,9999.000,9999.000,9999.000,9999.000,9999.000,9999.000
202608030954,   0.381,   0.718,9999.000,9999.000,9999.000,9999.000,9999.000,9999.000,9999.000
202608031000,   0.345,   0.688,   0.100,   0.243,   0.688,   0.000,   0.588,   0.200,   0.788
202608031006,   0.312,   0.639,9999.000,9999.000,9999.000,9999.000,9999.000,9999.000,9999.000
202608031012,   0.282,   0.590,9999.000,9999.000,9999.000,9999.000,9999.000,9999.000,9999.000
202608031018,   0.257,   0.560,9999.000,9999.000,9999.000,9999.000,9999.000,9999.000,9999.000
202608031024,   0.234,   0.551,9999.000,9999.000,9999.000,9999.000,9999.000,9999.000,9999.000
202608031030,   0.216,   0.518,9999.000,9999.000,9999.000,9999.000,9999.000,9999.000,9999.000
202608031036,   0.201,   0.498,9999.000,9999.000,9999.000,9999.000,9999.000,9999.000,9999.000
202608031042,   0.190,   0.488,9999.000,9999.000,9999.000,9999.000,9999.000,9999.000,9999.000
202608031048,   0.184,   0.488,9999.000,9999.000,9999.000,9999.000,9999.000,9999.000,9999.000
202608031054,   0.181,   0.478,9999.000,9999.000,9999.000,9999.000,9999.000,9999.000,9999.000
202608031100,   0.182,   0.478,   0.100,   0.196,   0.478,   0.000,   0.378,   0.200,   0.578
202608031106,   0.187,   0.469,9999.000,9999.000,9999.000,9999.000,9999.000,9999.000,9999.000
202608031112,   0.196,   0.469,9999.000,9999.000,9999.000,9999.000,9999.000,9999.000,9999.000
202608031118,   0.209,   0.488,9999.000,9999.000,9999.000,9999.000,9999.000,9999.000,9999.000
202608031124,   0.226,   0.508,9999.000,9999.000,9999.000,9999.000,9999.000,9999.000,9999.000
202608031130,   0.247,   0.541,9999.000,9999.000,9999.000,9999.000,9999.000,9999.000,9999.000
202608031136,   0.272,   0.570,9999.000,9999.000,9999.000,9999.000,9999.000,9999.000,9999.000
202608031142,   0.300,   0.600,9999.000,9999.000,9999.000,9999.000,9999.000,9999.000,9999.000
202608031148,   0.332,   0.639,9999.000,9999.000,9999.000,9999.000,9999.000,9999.000,9999.000
202608031154,   0.367,   0.688,9999.000,9999.000,9999.000,9999.000,9999.000,9999.000,9999.000
202608031200,   0.406,   0.741,   0.100,   0.235,   0.741,   0.000,   0.641,   0.200,   0.841
202608031206,   0.447,   0.790,9999.000,9999.000,9999.000,9999.000,9999.000,9999.000,9999.000
202608031212,   0.492,   0.839,9999.000,9999.000,9999.000,9999.000,9999.000,9999.000,9999.000
202608031218,   0.539,   0.888,9999.000,9999.000,9999.000,9999.000,9999.000,9999.000,9999.000
202608031224,   0.589,   0.941,9999.000,9999.000,9999.000,9999.000,9999.000,9999.000,9999.000
202608031230,   0.641,   0.970,9999.000,9999.000,9999.000,9999.000,9999.000,9999.000,9999.000
202608031236,   0.696,   1.010,9999.000,9999.000,9999.000,9999.000,9999.000,9999.000,9999.000
202608031242,   0.753,   1.059,9999.000,9999.000,9999.000,9999.000,9999.000,9999.000,9999.000
202608031248,   0.811,   1.108,9999.000,9999.000,9999.000,9999.000,9999.000,9999.000,9999.000
202608031254,   0.872,   1.161,9999.000,9999.000,9999.000,9999.000,9999.000,9999.000,9999.000
202608031300,   0.933,   1.200,   0.100,   0.167,   1.200,   0.000,   1.100,   0.200,   1.300
202608031306,   0.997,   1.249,9999.000,9999.000,9999.000,9999.000,9999.000,9999.000,9999.000
202608031312,   1.061,   1.298,9999.000,9999.000,9999.000,9999.000,9999.000,9999.000,9999.000
202608031318,   1.127,   1.338,9999.000,9999.000,9999.000,9999.000,9999.000,9999.000,9999.000
202608031324,   1.193,   1.390,9999.000,9999.000,9999.000,9999.000,9999.000,9999.000,9999.000
202608031330,   1.261,   1.439,9999.000,9999.000,9999.000,9999.000,9999.000,9999.000,9999.000
202608031336,   1.329,   1.498,9999.000,9999.000,9999.000,9999.000,9999.000,9999.000,9999.000
202608031342,   1.398,   1.548,9999.000,9999.000,9999.000,9999.000,9999.000,9999.000,9999.000
202608031348,   1.467,   1.600,9999.000,9999.000,9999.000,9999.000,9999.000,9999.000,9999.000
202608031354,   1.537,   1.649,9999.000,9999.000,9999.000,9999.000,9999.000,9999.000,9999.000
202608031400,   1.607,   1.689,   0.100,  -0.018,   1.689,   0.000,   1.589,   0.200,   1.789
202608031406,   1.677,   1.738,9999.000,9999.000,9999.000,9999.000,9999.000,9999.000,9999.000
202608031412,   1.747,   1.790,9999.000,9999.000,9999.000,9999.000,9999.000,9999.000,9999.000
202608031418,   1.817,   1.840,9999.000,9999.000,9999.000,9999.000,9999.000,9999.000,9999.000
202608031424,   1.887,   1.899,9999.000,9999.000,9999.000,9999.000,9999.000,9999.000,9999.000
202608031430,   1.956,   1.981,9999.000,9999.000,9999.000,9999.000,9999.000,9999.000,9999.000
202608031436,   2.025,   2.069,9999.000,9999.000,9999.000,9999.000,9999.000,9999.000,9999.000
202608031442,   2.094,   2.158,9999.000,9999.000,9999.000,9999.000,9999.000,9999.000,9999.000
202608031448,   2.161,   2.250,9999.000,9999.000,9999.000,9999.000,9999.000,9999.000,9999.000
202608031454,   2.228,   2.328,9999.000,9999.000,9999.000,9999.000,9999.000,9999.000,9999.000
202608031500,   2.294,   2.410,   0.100,   0.016,   2.410,   0.000,   2.310,   0.200,   2.510
202608031506,   2.358,   2.479,9999.000,9999.000,9999.000,9999.000,9999.000,9999.000,9999.000
202608031512,   2.421,   2.558,9999.000,9999.000,9999.000,9999.000,9999.000,9999.000,9999.000
202608031518,   2.483,   2.620,9999.000,9999.000,9999.000,9999.000,9999.000,9999.000,9999.000
202608031524,   2.543,   2.689,9999.000,9999.000,9999.000,9999.000,9999.000,9999.000,9999.000
202608031530,   2.600,   2.768,9999.000,9999.000,9999.000,9999.000,9999.000,9999.000,9999.000
202608031536,   2.656,   2.830,9999.000,9999.000,9999.000,9999.000,9999.000,9999.000,9999.000
202608031542,   2.710,   2.899,9999.000,9999.000,9999.000,9999.000,9999.000,9999.000,9999.000
202608031548,   2.761,   2.968,9999.000,9999.000,9999.000,9999.000,9999.000,9999.000,9999.000
202608031554,   2.810,   3.060,9999.000,9999.000,9999.000,9999.000,9999.000,9999.000,9999.000
202608031600,   2.855,   3.138,   0.100,   0.183,   3.138,   0.000,   3.038,   0.200,   3.238
202608031606,   2.899,   3.197,9999.000,9999.000,9999.000,9999.000,9999.000,9999.000,9999.000
202608031612,   2.939,   3.270,9999.000,9999.000,9999.000,9999.000,9999.000,9999.000,9999.000
202608031618,   2.975,   3.319,9999.000,9999.000,9999.000,9999.000,9999.000,9999.000,9999.000
202608031624,   3.009,   3.358,9999.000,9999.000,9999.000,9999.000,9999.000,9999.000,9999.000
202608031630,   3.040,   3.407,9999.000,9999.000,9999.000,9999.000,9999.000,9999.000,9999.000
202608031636,   3.066,   3.440,9999.000,9999.000,9999.000,9999.000,9999.000,9999.000,9999.000
202608031642,   3.090,   3.470,9999.000,9999.000,9999.000,9999.000,9999.000,9999.000,9999.000
202608031648,   3.110,   3.489,9999.000,9999.000,9999.000,9999.000,9999.000,9999.000,9999.000
202608031654,   3.126,   3.509,9999.000,9999.000,9999.000,9999.000,9999.000,9999.000,9999.000
202608031700,   3.139,   3.539,   0.100,   0.300,   3.539,   0.000,   3.439,   0.200,   3.639
202608031706,   3.147,   3.548,9999.000,9999.000,9999.000,9999.000,9999.000,9999.000,9999.000
202608031712,   3.153,   3.548,9999.000,9999.000,9999.000,9999.000,9999.000,9999.000,9999.000
202608031718,   3.154,   3.548,9999.000,9999.000,9999.000,9999.000,9999.000,9999.000,9999.000
202608031724,   3.152,   3.548,9999.000,9999.000,9999.000,9999.000,9999.000,9999.000,9999.000
202608031730,   3.146,   3.558,9999.000,9999.000,9999.000,9999.000,9999.000,9999.000,9999.000
202608031736,   3.137,   3.548,9999.000,9999.000,9999.000,9999.000,9999.000,9999.000,9999.000
202608031742,   3.124,   3.539,9999.000,9999.000,9999.000,9999.000,9999.000,9999.000,9999.000
202608031748,   3.107,   3.539,9999.000,9999.000,9999.000,9999.000,9999.000,9999.000,9999.000
202608031754,   3.087,   3.519,9999.000,9999.000,9999.000,9999.000,9999.000,9999.000,9999.000
202608031800,   3.064,   3.499,   0.100,   0.335,   3.499,   0.000,   3.399,   0.200,   3.599
202608031806,   3.037,   3.480,9999.000,9999.000,9999.000,9999.000,9999.000,9999.000,9999.000
202608031812,   3.007,   3.450,9999.000,9999.000,9999.000,9999.000,9999.000,9999.000,9999.000
202608031818,   2.973,   3.417,9999.000,9999.000,9999.000,9999.000,9999.000,9999.000,9999.000
202608031824,   2.937,   3.388,9999.000,9999.000,9999.000,9999.000,9999.000,9999.000,9999.000
202608031830,   2.897,   3.348,9999.000,9999.000,9999.000,9999.000,9999.000,9999.000,9999.000
202608031836,   2.855,   3.309,9999.000,9999.000,9999.000,9999.000,9999.000,9999.000,9999.000
202608031842,   2.810,   3.270,9999.000,9999.000,9999.000,9999.000,9999.000,9999.000,9999.000
202608031848,   2.762,   3.230,9999.000,9999.000,9999.000,9999.000,9999.000,9999.000,9999.000
202608031854,   2.712,   3.188,9999.000,9999.000,9999.000,9999.000,9999.000,9999.000,9999.000
202608031900,   2.660,   3.138,   0.100,   0.378,   3.138,   0.000,   3.038,   0.200,   3.238
202608031906,   2.605,   3.079,9999.000,9999.000,9999.000,9999.000,9999.000,9999.000,9999.000
202608031912,   2.548,   3.040,9999.000,9999.000,9999.000,9999.000,9999.000,9999.000,9999.000
202608031918,   2.490,   2.997,9999.000,9999.000,9999.000,9999.000,9999.000,9999.000,9999.000
202608031924,   2.429,   2.948,9999.000,9999.000,9999.000,9999.000,9999.000,9999.000,9999.000
202608031930,   2.367,   2.889,9999.000,9999.000,9999.000,9999.000,9999.000,9999.000,9999.000
202608031936,   2.304,   2.820,9999.000,9999.000,9999.000,9999.000,9999.000,9999.000,9999.000
202608031942,   2.240,   2.748,9999.000,9999.000,9999.000,9999.000,9999.000,9999.000,9999.000
202608031948,   2.174,   2.689,9999.000,9999.000,9999.000,9999.000,9999.000,9999.000,9999.000
202608031954,   2.108,   2.620,9999.000,9999.000,9999.000,9999.000,9999.000,9999.000,9999.000
202608032000,   2.041,   2.558,   0.100,   0.417,   2.558,   0.000,   2.458,   0.200,   2.658
202608032006,   1.974,   2.499,9999.000,9999.000,9999.000,9999.000,9999.000,9999.000,9999.000
202608032012,   1.906,   2.430,9999.000,9999.000,9999.000,9999.000,9999.000,9999.000,9999.000
202608032018,   1.839,   2.358,9999.000,9999.000,9999.000,9999.000,9999.000,9999.000,9999.000
202608032024,   1.771,   2.289,9999.000,9999.000,9999.000,9999.000,9999.000,9999.000,9999.000
202608032030,   1.704,   2.210,9999.000,9999.000,9999.000,9999.000,9999.000,9999.000,9999.000
202608032036,   1.637,   2.148,9999.000,9999.000,9999.000,9999.000,9999.000,9999.000,9999.000
202608032042,   1.571,   2.079,9999.000,9999.000,9999.000,9999.000,9999.000,9999.000,9999.000
202608032048,   1.505,   2.000,9999.000,9999.000,9999.000,9999.000,9999.000,9999.000,9999.000
202608032054,   1.440,   1.938,9999.000,9999.000,9999.000,9999.000,9999.000,9999.000,9999.000
202608032100,   1.376,   1.889,   0.100,   0.413,   1.889,   0.100,   1.889,   0.200,   1.989
202608032106,   1.314,   1.820,9999.000,9999.000,9999.000,9999.000,9999.000,9999.000,9999.000
202608032112,   1.253,   1.748,9999.000,9999.000,9999.000,9999.000,9999.000,9999.000,9999.000
202608032118,   1.193,   1.689,9999.000,9999.000,9999.000,9999.000,9999.000,9999.000,9999.000
202608032124,   1.134,   1.630,9999.000,9999.000,9999.000,9999.000,9999.000,9999.000,9999.000
202608032130,   1.077,   1.557,9999.000,9999.000,9999.000,9999.000,9999.000,9999.000,9999.000
202608032136,   1.022,   1.479,9999.000,9999.000,9999.000,9999.000,9999.000,9999.000,9999.000
202608032142,   0.969,   1.400,9999.000,9999.000,9999.000,9999.000,9999.000,9999.000,9999.000
202608032148,   0.918,   1.328,9999.000,9999.000,9999.000,9999.000,9999.000,9999.000,9999.000
202608032154,   0.869,   1.269,9999.000,9999.000,9999.000,9999.000,9999.000,9999.000,9999.000
202608032200,   0.822,   1.190,   0.100,   0.268,   1.190,   0.100,   1.190,   0.200,   1.290
202608032206,   0.778,   1.128,9999.000,9999.000,9999.000,9999.000,9999.000,9999.000,9999.000
202608032212,   0.735,   1.049,9999.000,9999.000,9999.000,9999.000,9999.000,9999.000,9999.000
202608032218,   0.696,   0.970,9999.000,9999.000,9999.000,9999.000,9999.000,9999.000,9999.000
202608032224,   0.658,   0.908,9999.000,9999.000,9999.000,9999.000,9999.000,9999.000,9999.000
202608032230,   0.624,   0.859,9999.000,9999.000,9999.000,9999.000,9999.000,9999.000,9999.000
202608032236,   0.592,   0.810,9999.000,9999.000,9999.000,9999.000,9999.000,9999.000,9999.000
202608032242,   0.564,   0.760,9999.000,9999.000,9999.000,9999.000,9999.000,9999.000,9999.000
202608032248,   0.538,   0.708,9999.000,9999.000,9999.000,9999.000,9999.000,9999.000,9999.000
202608032254,   0.515,   0.669,9999.000,9999.000,9999.000,9999.000,9999.000,9999.000,9999.000
202608032300,   0.496,   0.629,   0.100,   0.033,   0.629,   0.100,   0.629,   0.200,   0.729
202608032306,   0.479,   0.590,9999.000,9999.000,9999.000,9999.000,9999.000,9999.000,9999.000
202608032312,   0.466,   0.570,9999.000,9999.000,9999.000,9999.000,9999.000,9999.000,9999.000
202608032318,   0.457,   0.551,9999.000,9999.000,9999.000,9999.000,9999.000,9999.000,9999.000
202608032324,   0.450,   0.551,9999.000,9999.000,9999.000,9999.000,9999.000,9999.000,9999.000
202608032330,   0.448,   0.551,9999.000,9999.000,9999.000,9999.000,9999.000,9999.000,9999.000
202608032336,   0.448,   0.570,9999.000,9999.000,9999.000,9999.000,9999.000,9999.000,9999.000
202608032342,   0.452,   0.580,9999.000,9999.000,9999.000,9999.000,9999.000,9999.000,9999.000
202608032348,   0.459,   0.610,9999.000,9999.000,9999.000,9999.000,9999.000,9999.000,9999.000
202608032354,   0.470,   0.639,9999.000,9999.000,9999.000,9999.000,9999.000,9999.000,9999.000
202608040000,   0.484,   0.649,   0.200,  -0.035,   0.649,   0.100,   0.549,   0.200,   0.649
202608040006,   0.501,   0.669,9999.000,9999.000,9999.000,9999.000,9999.000,9999.000,9999.000
202608040012,   0.522,   0.708,9999.000,9999.000,9999.000,9999.000,9999.000,9999.000,9999.000
202608040018,   0.545,   0.760,9999.000,9999.000,9999.000,9999.000,9999.000,9999.000,9999.000
202608040024,   0.572,   0.810,9999.000,9999.000,9999.000,9999.000,9999.000,9999.000,9999.000
202608040030,   0.602,   0.879,9999.000,9999.000,9999.000,9999.000,9999.000,9999.000,9999.000
202608040036,   0.634,   0.970,9999.000,9999.000,9999.000,9999.000,9999.000,9999.000,9999.000
202608040042,   0.669,   1.059,9999.000,9999.000,9999.000,9999.000,9999.000,9999.000,9999.000
202608040048,   0.707,   1.118,9999.000,9999.000,9999.000,9999.000,9999.000,9999.000,9999.000
202608040054,   0.747,   1.180,9999.000,9999.000,9999.000,9999.000,9999.000,9999.000,9999.000
202608040100,   0.789,   1.229,   0.200,   0.240,   1.229,   0.100,   1.129,   0.200,   1.229
202608040106,   0.834,   1.269,9999.000,9999.000,9999.000,9999.000,9999.000,9999.000,9999.000
202608040112,   0.880,   1.318,9999.000,9999.000,9999.000,9999.000,9999.000,9999.000,9999.000
202608040118,   0.929,   1.348,9999.000,9999.000,9999.000,9999.000,9999.000,9999.000,9999.000
202608040124,   0.979,   1.390,9999.000,9999.000,9999.000,9999.000,9999.000,9999.000,9999.000
202608040130,   1.030,   1.430,9999.000,9999.000,9999.000,9999.000,9999.000,9999.000,9999.000
202608040136,   1.084,   1.479,9999.000,9999.000,9999.000,9999.000,9999.000,9999.000,9999.000
202608040142,   1.138,   1.528,9999.000,9999.000,9999.000,9999.000,9999.000,9999.000,9999.000
202608040148,   1.194,   1.590,9999.000,9999.000,9999.000,9999.000,9999.000,9999.000,9999.000
202608040154,   1.250,   1.649,9999.000,9999.000,9999.000,9999.000,9999.000,9999.000,9999.000
202608040200,   1.308,   1.708,   0.200,   0.200,   1.708,   0.100,   1.608,   0.200,   1.708
202608040206,   1.367,   1.758,9999.000,9999.000,9999.000,9999.000,9999.000,9999.000,9999.000
202608040212,   1.426,   1.810,9999.000,9999.000,9999.000,9999.000,9999.000,9999.000,9999.000
202608040218,   1.486,   1.879,9999.000,9999.000,9999.000,9999.000,9999.000,9999.000,9999.000
202608040224,   1.546,   1.938,9999.000,9999.000,9999.000,9999.000,9999.000,9999.000,9999.000
202608040230,   1.607,   1.990,9999.000,9999.000,9999.000,9999.000,9999.000,9999.000,9999.000
202608040236,   1.668,   2.030,9999.000,9999.000,9999.000,9999.000,9999.000,9999.000,9999.000
202608040242,   1.729,   2.089,9999.000,9999.000,9999.000,9999.000,9999.000,9999.000,9999.000
202608040248,   1.790,   2.138,9999.000,9999.000,9999.000,9999.000,9999.000,9999.000,9999.000
202608040254,   1.850,   2.200,9999.000,9999.000,9999.000,9999.000,9999.000,9999.000,9999.000
202608040300,   1.911,   2.259,   0.200,   0.148,   2.259,   0.100,   2.159,   0.200,   2.259
202608040306,   1.971,   2.309,9999.000,9999.000,9999.000,9999.000,9999.000,9999.000,9999.000
202608040312,   2.031,   2.368,9999.000,9999.000,9999.000,9999.000,9999.000,9999.000,9999.000
202608040318,   2.090,   2.430,9999.000,9999.000,9999.000,9999.000,9999.000,9999.000,9999.000
202608040324,   2.148,   2.489,9999.000,9999.000,9999.000,9999.000,9999.000,9999.000,9999.000
202608040330,   2.205,   2.548,9999.000,9999.000,9999.000,9999.000,9999.000,9999.000,9999.000
202608040336,   2.260,   2.620,9999.000,9999.000,9999.000,9999.000,9999.000,9999.000,9999.000
202608040342,   2.315,   2.689,9999.000,9999.000,9999.000,9999.000,9999.000,9999.000,9999.000
202608040348,   2.368,   2.768,9999.000,9999.000,9999.000,9999.000,9999.000,9999.000,9999.000
202608040354,   2.419,   2.850,9999.000,9999.000,9999.000,9999.000,9999.000,9999.000,9999.000
202608040400,   2.468,   2.909,   0.200,   0.241,   2.909,   0.100,   2.809,   0.200,   2.909
202608040406,   2.515,   2.968,9999.000,9999.000,9999.000,9999.000,9999.000,9999.000,9999.000
202608040412,   2.560,   3.017,9999.000,9999.000,9999.000,9999.000,9999.000,9999.000,9999.000
202608040418,   2.603,   3.060,9999.000,9999.000,9999.000,9999.000,9999.000,9999.000,9999.000
202608040424,   2.643,   3.089,9999.000,9999.000,9999.000,9999.000,9999.000,9999.000,9999.000
202608040430,   2.681,   3.119,9999.000,9999.000,9999.000,9999.000,9999.000,9999.000,9999.000
202608040436,   2.715,   3.158,9999.000,9999.000,9999.000,9999.000,9999.000,9999.000,9999.000
202608040442,   2.747,   3.188,9999.000,9999.000,9999.000,9999.000,9999.000,9999.000,9999.000
202608040448,   2.776,   3.217,9999.000,9999.000,9999.000,9999.000,9999.000,9999.000,9999.000
202608040454,   2.801,   3.240,9999.000,9999.000,9999.000,9999.000,9999.000,9999.000,9999.000
202608040500,   2.824,   3.260,   0.200,   0.236,   3.260,   0.100,   3.160,   0.200,   3.260
202608040506,   2.843,   3.289,9999.000,9999.000,9999.000,9999.000,9999.000,9999.000,9999.000
202608040512,   2.859,   3.299,9999.000,9999.000,9999.000,9999.000,9999.000,9999.000,9999.000
202608040518,   2.871,   3.319,9999.000,9999.000,9999.000,9999.000,9999.000,9999.000,9999.000
202608040524,   2.879,   3.329,9999.000,9999.000,9999.000,9999.000,9999.000,9999.000,9999.000
202608040530,   2.885,   3.339,9999.000,9999.000,9999.000,9999.000,9999.000,9999.000,9999.000
202608040536,   2.886,   3.339,9999.000,9999.000,9999.000,9999.000,9999.000,9999.000,9999.000
202608040542,   2.884,   3.329,9999.000,9999.000,9999.000,9999.000,9999.000,9999.000,9999.000
202608040548,   2.878,   3.309,9999.000,9999.000,9999.000,9999.000,9999.000,9999.000,9999.000
202608040554,   2.869,   3.299,9999.000,9999.000,9999.000,9999.000,9999.000,9999.000,9999.000
202608040600,   2.856,   3.270,   0.200,   0.214,   3.270,   0.100,   3.170,   0.200,   3.270
202608040606,   2.839,   3.250,9999.000,9999.000,9999.000,9999.000,9999.000,9999.000,9999.000
202608040612,   2.819,   3.230,9999.000,9999.000,9999.000,9999.000,9999.000,9999.000,9999.000
202608040618,   2.796,   3.207,9999.000,9999.000,9999.000,9999.000,9999.000,9999.000,9999.000
202608040624,   2.769,   3.178,9999.000,9999.000,9999.000,9999.000,9999.000,9999.000,9999.000
202608040630,   2.738,   3.158,9999.000,9999.000,9999.000,9999.000,9999.000,9999.000,9999.000
202608040636,   2.704,   3.129,9999.000,9999.000,9999.000,9999.000,9999.000,9999.000,9999.000
202608040642,   2.667,   3.099,9999.000,9999.000,9999.000,9999.000,9999.000,9999.000,9999.000
202608040648,   2.627,   3.060,9999.000,9999.000,9999.000,9999.000,9999.000,9999.000,9999.000
202608040654,   2.584,   3.007,9999.000,9999.000,9999.000,9999.000,9999.000,9999.000,9999.000
202608040700,   2.538,   2.958,   0.200,   0.220,   2.958,   0.100,   2.858,   0.200,   2.958
202608040706,   2.489,   2.899,9999.000,9999.000,9999.000,9999.000,9999.000,9999.000,9999.000
202608040712,   2.437,   2.840,9999.000,9999.000,9999.000,9999.000,9999.000,9999.000,9999.000
202608040718,   2.383,   2.787,9999.000,9999.000,9999.000,9999.000,9999.000,9999.000,9999.000
202608040724,   2.326,   2.728,9999.000,9999.000,9999.000,9999.000,9999.000,9999.000,9999.000
202608040730,   2.268,   2.669,9999.000,9999.000,9999.000,9999.000,9999.000,9999.000,9999.000
202608040736,   2.207,   2.597,9999.000,9999.000,9999.000,9999.000,9999.000,9999.000,9999.000
202608040742,   2.144,   2.538,9999.000,9999.000,9999.000,9999.000,9999.000,9999.000,9999.000
202608040748,   2.080,   2.489,9999.000,9999.000,9999.000,9999.000,9999.000,9999.000,9999.000
202608040754,   2.014,   2.420,9999.000,9999.000,9999.000,9999.000,9999.000,9999.000,9999.000
202608040800,   1.948,   2.358,   0.200,   0.210,   2.358,   0.100,   2.258,   0.200,   2.358
202608040806,   1.880,   2.299,9999.000,9999.000,9999.000,9999.000,9999.000,9999.000,9999.000
202608040812,   1.811,   2.240,9999.000,9999.000,9999.000,9999.000,9999.000,9999.000,9999.000
202608040818,   1.742,   2.168,9999.000,9999.000,9999.000,9999.000,9999.000,9999.000,9999.000
202608040824,   1.672,   2.109,9999.000,9999.000,9999.000,9999.000,9999.000,9999.000,9999.000
202608040830,   1.603,   2.030,9999.000,9999.000,9999.000,9999.000,9999.000,9999.000,9999.000
202608040836,   1.533,   1.958,9999.000,9999.000,9999.000,9999.000,9999.000,9999.000,9999.000
202608040842,   1.464,   1.879,9999.000,9999.000,9999.000,9999.000,9999.000,9999.000,9999.000
202608040848,   1.395,   1.800,9999.000,9999.000,9999.000,9999.000,9999.000,9999.000,9999.000
202608040854,   1.327,   1.718,9999.000,9999.000,9999.000,9999.000,9999.000,9999.000,9999.000
202608040900,   1.259,   1.649,   0.200,   0.190,   1.649,   0.100,   1.549,   0.300,   1.749
202608040906,   1.193,   1.580,9999.000,9999.000,9999.000,9999.000,9999.000,9999.000,9999.000
202608040912,   1.128,   1.508,9999.000,9999.000,9999.000,9999.000,9999.000,9999.000,9999.000
202608040918,   1.064,   1.430,9999.000,9999.000,9999.000,9999.000,9999.000,9999.000,9999.000
202608040924,   1.001,   1.361,9999.000,9999.000,9999.000,9999.000,9999.000,9999.000,9999.000
202608040930,   0.941,   1.298,9999.000,9999.000,9999.000,9999.000,9999.000,9999.000,9999.000
202608040936,   0.881,   1.239,9999.000,9999.000,9999.000,9999.000,9999.000,9999.000,9999.000
202608040942,   0.824,   1.180,9999.000,9999.000,9999.000,9999.000,9999.000,9999.000,9999.000
202608040948,   0.769,   1.098,9999.000,9999.000,9999.000,9999.000,9999.000,9999.000,9999.000
202608040954,   0.716,   1.029,9999.000,9999.000,9999.000,9999.000,9999.000,9999.000,9999.000
202608041000,   0.665,   0.980,   0.200,   0.115,   0.980,   0.100,   0.880,   0.300,   1.080
202608041006,   0.616,   0.928,9999.000,9999.000,9999.000,9999.000,9999.000,9999.000,9999.000
202608041012,   0.570,   0.869,9999.000,9999.000,9999.000,9999.000,9999.000,9999.000,9999.000
202608041018,   0.526,   0.819,9999.000,9999.000,9999.000,9999.000,9999.000,9999.000,9999.000
202608041024,   0.485,   0.780,9999.000,9999.000,9999.000,9999.000,9999.000,9999.000,9999.000
202608041030,   0.446,   0.731,9999.000,9999.000,9999.000,9999.000,9999.000,9999.000,9999.000
202608041036,   0.410,   0.678,9999.000,9999.000,9999.000,9999.000,9999.000,9999.000,9999.000
202608041042,   0.377,   0.649,9999.000,9999.000,9999.000,9999.000,9999.000,9999.000,9999.000
202608041048,   0.347,   0.619,9999.000,9999.000,9999.000,9999.000,9999.000,9999.000,9999.000
202608041054,   0.320,   0.600,9999.000,9999.000,9999.000,9999.000,9999.000,9999.000,9999.000
202608041100,   0.296,   0.580,   0.200,   0.084,   0.580,   0.200,   0.580,   0.300,   0.680
202608041106,   0.275,   0.560,9999.000,9999.000,9999.000,9999.000,9999.000,9999.000,9999.000
202608041112,   0.257,   0.551,9999.000,9999.000,9999.000,9999.000,9999.000,9999.000,9999.000
202608041118,   0.243,   0.541,9999.000,9999.000,9999.000,9999.000,9999.000,9999.000,9999.000
202608041124,   0.232,   0.541,9999.000,9999.000,9999.000,9999.000,9999.000,9999.000,9999.000
202608041130,   0.224,   0.541,9999.000,9999.000,9999.000,9999.000,9999.000,9999.000,9999.000
202608041136,   0.220,   0.531,9999.000,9999.000,9999.000,9999.000,9999.000,9999.000,9999.000
202608041142,   0.220,   0.541,9999.000,9999.000,9999.000,9999.000,9999.000,9999.000,9999.000
202608041148,   0.223,   0.551,9999.000,9999.000,9999.000,9999.000,9999.000,9999.000,9999.000
202608041154,   0.230,   0.570,9999.000,9999.000,9999.000,9999.000,9999.000,9999.000,9999.000
202608041200,   0.240,   0.590,   0.200,   0.150,   0.590,   0.200,   0.590,   0.300,   0.690
202608041206,   0.254,   0.619,9999.000,9999.000,9999.000,9999.000,9999.000,9999.000,9999.000
202608041212,   0.272,   0.649,9999.000,9999.000,9999.000,9999.000,9999.000,9999.000,9999.000
202608041218,   0.294,   0.688,9999.000,9999.000,9999.000,9999.000,9999.000,9999.000,9999.000
202608041224,   0.319,   0.731,9999.000,9999.000,9999.000,9999.000,9999.000,9999.000,9999.000
202608041230,   0.348,   0.770,9999.000,9999.000,9999.000,9999.000,9999.000,9999.000,9999.000
202608041236,   0.380,   0.810,9999.000,9999.000,9999.000,9999.000,9999.000,9999.000,9999.000
202608041242,   0.415,   0.849,9999.000,9999.000,9999.000,9999.000,9999.000,9999.000,9999.000
202608041248,   0.454,   0.888,9999.000,9999.000,9999.000,9999.000,9999.000,9999.000,9999.000
202608041254,   0.496,   0.928,9999.000,9999.000,9999.000,9999.000,9999.000,9999.000,9999.000
202608041300,   0.541,   0.980,   0.300,   0.139,   0.980,   0.200,   0.880,   0.300,   0.980
202608041306,   0.589,   1.020,9999.000,9999.000,9999.000,9999.000,9999.000,9999.000,9999.000
202608041312,   0.640,   1.069,9999.000,9999.000,9999.000,9999.000,9999.000,9999.000,9999.000
202608041318,   0.694,   1.128,9999.000,9999.000,9999.000,9999.000,9999.000,9999.000,9999.000
202608041324,   0.749,   1.190,9999.000,9999.000,9999.000,9999.000,9999.000,9999.000,9999.000
202608041330,   0.807,   1.259,9999.000,9999.000,9999.000,9999.000,9999.000,9999.000,9999.000
202608041336,   0.868,   1.318,9999.000,9999.000,9999.000,9999.000,9999.000,9999.000,9999.000
202608041342,   0.930,   1.390,9999.000,9999.000,9999.000,9999.000,9999.000,9999.000,9999.000
202608041348,   0.994,   1.459,9999.000,9999.000,9999.000,9999.000,9999.000,9999.000,9999.000
202608041354,   1.059,   1.528,9999.000,9999.000,9999.000,9999.000,9999.000,9999.000,9999.000
202608041400,   1.126,   1.590,   0.300,   0.164,   1.590,   0.200,   1.490,   0.300,   1.590
202608041406,   1.194,   1.669,9999.000,9999.000,9999.000,9999.000,9999.000,9999.000,9999.000
202608041412,   1.263,   1.738,9999.000,9999.000,9999.000,9999.000,9999.000,9999.000,9999.000
202608041418,   1.333,   1.820,9999.000,9999.000,9999.000,9999.000,9999.000,9999.000,9999.000
202608041424,   1.403,   1.899,9999.000,9999.000,9999.000,9999.000,9999.000,9999.000,9999.000
202608041430,   1.474,   1.967,9999.000,9999.000,9999.000,9999.000,9999.000,9999.000,9999.000
202608041436,   1.546,   2.040,9999.000,9999.000,9999.000,9999.000,9999.000,9999.000,9999.000
202608041442,   1.618,   2.118,9999.000,9999.000,9999.000,9999.000,9999.000,9999.000,9999.000
202608041448,   1.690,   2.191,9999.000,9999.000,9999.000,9999.000,9999.000,9999.000,9999.000
202608041454,   1.762,   2.259,9999.000,9999.000,9999.000,9999.000,9999.000,9999.000,9999.000
202608041500,   1.834,   2.328,   0.300,   0.194,   2.328,   0.200,   2.228,   0.300,   2.328
202608041506,   1.905,   2.400,9999.000,9999.000,9999.000,9999.000,9999.000,9999.000,9999.000
202608041512,   1.976,   2.459,9999.000,9999.000,9999.000,9999.000,9999.000,9999.000,9999.000
202608041518,   2.046,   2.528,9999.000,9999.000,9999.000,9999.000,9999.000,9999.000,9999.000
202608041524,   2.116,   2.597,9999.000,9999.000,9999.000,9999.000,9999.000,9999.000,9999.000
202608041530,   2.185,   2.669,9999.000,9999.000,9999.000,9999.000,9999.000,9999.000,9999.000
202608041536,   2.253,   2.728,9999.000,9999.000,9999.000,9999.000,9999.000,9999.000,9999.000
202608041542,   2.319,   2.807,9999.000,9999.000,9999.000,9999.000,9999.000,9999.000,9999.000
202608041548,   2.384,   2.869,9999.000,9999.000,9999.000,9999.000,9999.000,9999.000,9999.000
202608041554,   2.448,   2.938,9999.000,9999.000,9999.000,9999.000,9999.000,9999.000,9999.000
202608041600,   2.510,   2.997,   0.300,   0.187,   2.997,   0.200,   2.897,   0.400,   3.097
202608041606,   2.571,   3.060,9999.000,9999.000,9999.000,9999.000,9999.000,9999.000,9999.000
202608041612,   2.629,   3.109,9999.000,9999.000,9999.000,9999.000,9999.000,9999.000,9999.000
202608041618,   2.686,   3.158,9999.000,9999.000,9999.000,9999.000,9999.000,9999.000,9999.000
202608041624,   2.740,   3.197,9999.000,9999.000,9999.000,9999.000,9999.000,9999.000,9999.000
202608041630,   2.792,   3.250,9999.000,9999.000,9999.000,9999.000,9999.000,9999.000,9999.000
202608041636,   2.841,   3.289,9999.000,9999.000,9999.000,9999.000,9999.000,9999.000,9999.000
202608041642,   2.888,   3.329,9999.000,9999.000,9999.000,9999.000,9999.000,9999.000,9999.000
202608041648,   2.932,   3.378,9999.000,9999.000,9999.000,9999.000,9999.000,9999.000,9999.000
202608041654,   2.974,   3.407,9999.000,9999.000,9999.000,9999.000,9999.000,9999.000,9999.000
202608041700,   3.012,   3.450,   0.300,   0.138,   3.450,   0.300,   3.450,   0.400,   3.550
202608041706,   3.047,   3.489,9999.000,9999.000,9999.000,9999.000,9999.000,9999.000,9999.000
202608041712,   3.079,   3.509,9999.000,9999.000,9999.000,9999.000,9999.000,9999.000,9999.000
202608041718,   3.108,   3.539,9999.000,9999.000,9999.000,9999.000,9999.000,9999.000,9999.000
202608041724,   3.134,   3.578,9999.000,9999.000,9999.000,9999.000,9999.000,9999.000,9999.000
202608041730,   3.156,   3.617,9999.000,9999.000,9999.000,9999.000,9999.000,9999.000,9999.000
202608041736,   3.175,   3.650,9999.000,9999.000,9999.000,9999.000,9999.000,9999.000,9999.000
202608041742,   3.190,   3.650,9999.000,9999.000,9999.000,9999.000,9999.000,9999.000,9999.000
202608041748,   3.202,   3.627,9999.000,9999.000,9999.000,9999.000,9999.000,9999.000,9999.000
202608041754,   3.210,   3.617,9999.000,9999.000,9999.000,9999.000,9999.000,9999.000,9999.000
202608041800,   3.214,   3.617,   0.300,   0.103,   3.617,   0.300,   3.617,   0.400,   3.717
202608041806,   3.215,   3.617,9999.000,9999.000,9999.000,9999.000,9999.000,9999.000,9999.000
202608041812,   3.212,   3.617,9999.000,9999.000,9999.000,9999.000,9999.000,9999.000,9999.000
202608041818,   3.206,   3.627,9999.000,9999.000,9999.000,9999.000,9999.000,9999.000,9999.000
202608041824,   3.196,   3.637,9999.000,9999.000,9999.000,9999.000,9999.000,9999.000,9999.000
202608041830,   3.182,   3.627,9999.000,9999.000,9999.000,9999.000,9999.000,9999.000,9999.000
202608041836,   3.165,   3.627,9999.000,9999.000,9999.000,9999.000,9999.000,9999.000,9999.000
202608041842,   3.144,   3.617,9999.000,9999.000,9999.000,9999.000,9999.000,9999.000,9999.000
202608041848,   3.120,   3.617,9999.000,9999.000,9999.000,9999.000,9999.000,9999.000,9999.000
202608041854,   3.093,   3.598,9999.000,9999.000,9999.000,9999.000,9999.000,9999.000,9999.000
202608041900,   3.062,   3.568,   0.300,   0.206,   3.568,   0.300,   3.568,   0.400,   3.668
202608041906,   3.028,   3.588,9999.000,9999.000,9999.000,9999.000,9999.000,9999.000,9999.000
202608041912,   2.991,   3.558,9999.000,9999.000,9999.000,9999.000,9999.000,9999.000,9999.000
202608041918,   2.951,   3.519,9999.000,9999.000,9999.000,9999.000,9999.000,9999.000,9999.000
202608041924,   2.908,   3.460,9999.000,9999.000,9999.000,9999.000,9999.000,9999.000,9999.000
202608041930,   2.862,   3.440,9999.000,9999.000,9999.000,9999.000,9999.000,9999.000,9999.000
202608041936,   2.814,   3.427,9999.000,9999.000,9999.000,9999.000,9999.000,9999.000,9999.000
202608041942,   2.763,   3.398,9999.000,9999.000,9999.000,9999.000,9999.000,9999.000,9999.000
202608041948,   2.710,   3.358,9999.000,9999.000,9999.000,9999.000,9999.000,9999.000,9999.000
202608041954,   2.654,   3.299,9999.000,9999.000,9999.000,9999.000,9999.000,9999.000,9999.000
202608042000,   2.597,   3.230,   0.300,   0.333,   3.230,   0.300,   3.230,   0.400,   3.330
202608042006,   2.538,   3.178,9999.000,9999.000,9999.000,9999.000,9999.000,9999.000,9999.000
202608042012,   2.478,   3.109,9999.000,9999.000,9999.000,9999.000,9999.000,9999.000,9999.000
202608042018,   2.416,   3.050,9999.000,9999.000,9999.000,9999.000,9999.000,9999.000,9999.000
202608042024,   2.353,   2.988,9999.000,9999.000,9999.000,9999.000,9999.000,9999.000,9999.000
202608042030,   2.289,   2.919,9999.000,9999.000,9999.000,9999.000,9999.000,9999.000,9999.000
202608042036,   2.224,   2.850,9999.000,9999.000,9999.000,9999.000,9999.000,9999.000,9999.000
202608042042,   2.159,   2.787,9999.000,9999.000,9999.000,9999.000,9999.000,9999.000,9999.000
202608042048,   2.093,   2.709,9999.000,9999.000,9999.000,9999.000,9999.000,9999.000,9999.000
202608042054,   2.027,   2.640,9999.000,9999.000,9999.000,9999.000,9999.000,9999.000,9999.000
202608042100,   1.961,   2.558,   0.300,   0.297,   2.558,   0.300,   2.558,   0.400,   2.658
202608042106,   1.896,   2.499,9999.000,9999.000,9999.000,9999.000,9999.000,9999.000,9999.000
202608042112,   1.830,   2.430,9999.000,9999.000,9999.000,9999.000,9999.000,9999.000,9999.000
202608042118,   1.766,   2.358,9999.000,9999.000,9999.000,9999.000,9999.000,9999.000,9999.000
202608042124,   1.702,   2.279,9999.000,9999.000,9999.000,9999.000,9999.000,9999.000,9999.000
202608042130,   1.638,   2.200,9999.000,9999.000,9999.000,9999.000,9999.000,9999.000,9999.000
202608042136,   1.576,   2.128,9999.000,9999.000,9999.000,9999.000,9999.000,9999.000,9999.000
202608042142,   1.515,   2.049,9999.000,9999.000,9999.000,9999.000,9999.000,9999.000,9999.000
202608042148,   1.454,   1.981,9999.000,9999.000,9999.000,9999.000,9999.000,9999.000,9999.000
202608042154,   1.395,   1.899,9999.000,9999.000,9999.000,9999.000,9999.000,9999.000,9999.000
202608042200,   1.338,   1.830,   0.400,   0.092,   1.830,   0.300,   1.730,   0.400,   1.830
202608042206,   1.281,   1.758,9999.000,9999.000,9999.000,9999.000,9999.000,9999.000,9999.000
202608042212,   1.226,   1.689,9999.000,9999.000,9999.000,9999.000,9999.000,9999.000,9999.000
202608042218,   1.173,   1.620,9999.000,9999.000,9999.000,9999.000,9999.000,9999.000,9999.000
202608042224,   1.121,   1.557,9999.000,9999.000,9999.000,9999.000,9999.000,9999.000,9999.000
202608042230,   1.070,   1.498,9999.000,9999.000,9999.000,9999.000,9999.000,9999.000,9999.000
202608042236,   1.022,   1.449,9999.000,9999.000,9999.000,9999.000,9999.000,9999.000,9999.000
202608042242,   0.975,   1.400,9999.000,9999.000,9999.000,9999.000,9999.000,9999.000,9999.000
202608042248,   0.929,   1.348,9999.000,9999.000,9999.000,9999.000,9999.000,9999.000,9999.000
202608042254,   0.886,   1.298,9999.000,9999.000,9999.000,9999.000,9999.000,9999.000,9999.000
202608042300,   0.844,   1.249,   0.400,   0.005,   1.249,   0.300,   1.149,   0.400,   1.249
202608042306,   0.805,   1.210,9999.000,9999.000,9999.000,9999.000,9999.000,9999.000,9999.000
202608042312,   0.767,   1.170,9999.000,9999.000,9999.000,9999.000,9999.000,9999.000,9999.000
202608042318,   0.732,   1.128,9999.000,9999.000,9999.000,9999.000,9999.000,9999.000,9999.000
202608042324,   0.699,   1.098,9999.000,9999.000,9999.000,9999.000,9999.000,9999.000,9999.000
202608042330,   0.668,   1.069,9999.000,9999.000,9999.000,9999.000,9999.000,9999.000,9999.000
202608042336,   0.640,   1.049,9999.000,9999.000,9999.000,9999.000,9999.000,9999.000,9999.000
202608042342,   0.614,   1.020,9999.000,9999.000,9999.000,9999.000,9999.000,9999.000,9999.000
202608042348,   0.591,   1.000,9999.000,9999.000,9999.000,9999.000,9999.000,9999.000,9999.000
202608042354,   0.570,   0.980,9999.000,9999.000,9999.000,9999.000,9999.000,9999.000,9999.000
202608050000,   0.552,   0.980,   0.400,   0.028,   0.980,   0.300,   0.880,   0.400,   0.980
202608050006,   0.538,   0.970,9999.000,9999.000,9999.000,9999.000,9999.000,9999.000,9999.000
202608050012,   0.526,   0.970,9999.000,9999.000,9999.000,9999.000,9999.000,9999.000,9999.000
202608050018,   0.518,   0.970,9999.000,9999.000,9999.000,9999.000,9999.000,9999.000,9999.000
202608050024,   0.512,   0.980,9999.000,9999.000,9999.000,9999.000,9999.000,9999.000,9999.000
202608050030,   0.510,   1.010,9999.000,9999.000,9999.000,9999.000,9999.000,9999.000,9999.000
202608050036,   0.511,   1.020,9999.000,9999.000,9999.000,9999.000,9999.000,9999.000,9999.000
202608050042,   0.516,   1.039,9999.000,9999.000,9999.000,9999.000,9999.000,9999.000,9999.000
202608050048,   0.523,   1.049,9999.000,9999.000,9999.000,9999.000,9999.000,9999.000,9999.000
202608050054,   0.534,   1.069,9999.000,9999.000,9999.000,9999.000,9999.000,9999.000,9999.000
202608050100,   0.549,   1.108,   0.400,   0.159,   1.108,   0.300,   1.008,   0.400,   1.108
202608050106,   0.566,   1.128,9999.000,9999.000,9999.000,9999.000,9999.000,9999.000,9999.000
202608050112,   0.587,   1.161,9999.000,9999.000,9999.000,9999.000,9999.000,9999.000,9999.000
202608050118,   0.611,   1.190,9999.000,9999.000,9999.000,9999.000,9999.000,9999.000,9999.000
202608050124,   0.638,   1.220,9999.000,9999.000,9999.000,9999.000,9999.000,9999.000,9999.000
202608050130,   0.668,   1.239,9999.000,9999.000,9999.000,9999.000,9999.000,9999.000,9999.000
202608050136,   0.700,   1.269,9999.000,9999.000,9999.000,9999.000,9999.000,9999.000,9999.000
202608050142,   0.736,   1.298,9999.000,9999.000,9999.000,9999.000,9999.000,9999.000,9999.000
202608050148,   0.773,   1.318,9999.000,9999.000,9999.000,9999.000,9999.000,9999.000,9999.000
202608050154,   0.814,   1.338,9999.000,9999.000,9999.000,9999.000,9999.000,9999.000,9999.000
202608050200,   0.856,   1.380,   0.400,   0.124,   1.380,   0.300,   1.280,   0.400,   1.380
202608050206,   0.901,   1.410,9999.000,9999.000,9999.000,9999.000,9999.000,9999.000,9999.000
202608050212,   0.947,   1.449,9999.000,9999.000,9999.000,9999.000,9999.000,9999.000,9999.000
202608050218,   0.996,   1.489,9999.000,9999.000,9999.000,9999.000,9999.000,9999.000,9999.000
202608050224,   1.045,   1.528,9999.000,9999.000,9999.000,9999.000,9999.000,9999.000,9999.000
202608050230,   1.097,   1.557,9999.000,9999.000,9999.000,9999.000,9999.000,9999.000,9999.000
202608050236,   1.149,   1.610,9999.000,9999.000,9999.000,9999.000,9999.000,9999.000,9999.000
202608050242,   1.203,   1.649,9999.000,9999.000,9999.000,9999.000,9999.000,9999.000,9999.000
202608050248,   1.258,   1.689,9999.000,9999.000,9999.000,9999.000,9999.000,9999.000,9999.000
202608050254,   1.314,   1.738,9999.000,9999.000,9999.000,9999.000,9999.000,9999.000,9999.000
202608050300,   1.370,   1.781,   0.400,   0.011,   1.781,   0.300,   1.681,   0.400,   1.781
202608050306,   1.427,   1.830,9999.000,9999.000,9999.000,9999.000,9999.000,9999.000,9999.000
202608050312,   1.485,   1.879,9999.000,9999.000,9999.000,9999.000,9999.000,9999.000,9999.000
202608050318,   1.542,   1.938,9999.000,9999.000,9999.000,9999.000,9999.000,9999.000,9999.000
202608050324,   1.600,   1.990,9999.000,9999.000,9999.000,9999.000,9999.000,9999.000,9999.000
202608050330,   1.658,   2.049,9999.000,9999.000,9999.000,9999.000,9999.000,9999.000,9999.000
202608050336,   1.716,   2.109,9999.000,9999.000,9999.000,9999.000,9999.000,9999.000,9999.000
202608050342,   1.774,   2.158,9999.000,9999.000,9999.000,9999.000,9999.000,9999.000,9999.000
202608050348,   1.831,   2.210,9999.000,9999.000,9999.000,9999.000,9999.000,9999.000,9999.000
202608050354,   1.888,   2.269,9999.000,9999.000,9999.000,9999.000,9999.000,9999.000,9999.000
202608050400,   1.944,   2.328,   0.400,  -0.016,   2.328,   0.300,   2.228,   0.400,   2.328
202608050406,   2.000,   2.387,9999.000,9999.000,9999.000,9999.000,9999.000,9999.000,9999.000
202608050412,   2.055,   2.440,9999.000,9999.000,9999.000,9999.000,9999.000,9999.000,9999.000
202608050418,   2.109,   2.489,9999.000,9999.000,9999.000,9999.000,9999.000,9999.000,9999.000
202608050424,   2.161,   2.899,9999.000,9999.000,9999.000,9999.000,9999.000,9999.000,9999.000
202608050430,   2.213,9999.000,9999.000,9999.000,9999.000,9999.000,9999.000,9999.000,9999.000
202608050436,   2.263,9999.000,9999.000,9999.000,9999.000,9999.000,9999.000,9999.000,9999.000
202608050442,   2.311,9999.000,9999.000,9999.000,9999.000,9999.000,9999.000,9999.000,9999.000
202608050448,   2.358,9999.000,9999.000,9999.000,9999.000,9999.000,9999.000,9999.000,9999.000
202608050454,   2.403,   2.840,9999.000,9999.000,9999.000,9999.000,9999.000,9999.000,9999.000
202608050500,   2.446,   2.899,   0.400,   0.053,   2.899,   0.300,   2.799,   0.400,   2.899
202608050506,   2.487,   2.958,9999.000,9999.000,9999.000,9999.000,9999.000,9999.000,9999.000
202608050512,   2.526,   3.007,9999.000,9999.000,9999.000,9999.000,9999.000,9999.000,9999.000
202608050518,   2.562,   3.050,9999.000,9999.000,9999.000,9999.000,9999.000,9999.000,9999.000
202608050524,   2.596,   3.099,9999.000,9999.000,9999.000,9999.000,9999.000,9999.000,9999.000
202608050530,   2.627,   3.138,9999.000,9999.000,9999.000,9999.000,9999.000,9999.000,9999.000
202608050536,   2.655,   3.168,9999.000,9999.000,9999.000,9999.000,9999.000,9999.000,9999.000
202608050542,   2.680,   3.197,9999.000,9999.000,9999.000,9999.000,9999.000,9999.000,9999.000
202608050548,   2.703,   3.230,9999.000,9999.000,9999.000,9999.000,9999.000,9999.000,9999.000
202608050554,   2.722,   3.250,9999.000,9999.000,9999.000,9999.000,9999.000,9999.000,9999.000
202608050600,   2.738,   3.260,   0.400,   0.122,   3.260,   0.300,   3.160,   0.400,   3.260
202608050606,   2.751,   3.279,9999.000,9999.000,9999.000,9999.000,9999.000,9999.000,9999.000
202608050612,   2.760,9999.000,9999.000,9999.000,9999.000,9999.000,9999.000,9999.000,9999.000
202608050618,   2.766,9999.000,9999.000,9999.000,9999.000,9999.000,9999.000,9999.000,9999.000
202608050624,   2.769,   3.207,9999.000,9999.000,9999.000,9999.000,9999.000,9999.000,9999.000
202608050630,   2.768,9999.000,9999.000,9999.000,9999.000,9999.000,9999.000,9999.000,9999.000
202608050636,   2.763,9999.000,9999.000,9999.000,9999.000,9999.000,9999.000,9999.000,9999.000
202608050642,   2.755,9999.000,9999.000,9999.000,9999.000,9999.000,9999.000,9999.000,9999.000
202608050648,   2.743,9999.000,9999.000,9999.000,9999.000,9999.000,9999.000,9999.000,9999.000
202608050654,   2.728,   3.230,9999.000,9999.000,9999.000,9999.000,9999.000,9999.000,9999.000
202608050700,   2.709,   3.207,   0.400,   0.098,   3.207,   0.300,   3.107,   0.400,   3.207
202608050706,   2.687,   3.178,9999.000,9999.000,9999.000,9999.000,9999.000,9999.000,9999.000
202608050712,   2.661,   3.148,9999.000,9999.000,9999.000,9999.000,9999.000,9999.000,9999.000
202608050718,   2.632,   3.119,9999.000,9999.000,9999.000,9999.000,9999.000,9999.000,9999.000
202608050724,   2.599,   3.079,9999.000,9999.000,9999.000,9999.000,9999.000,9999.000,9999.000
202608050730,   2.563,   3.040,9999.000,9999.000,9999.000,9999.000,9999.000,9999.000,9999.000
202608050736,   2.525,   2.988,9999.000,9999.000,9999.000,9999.000,9999.000,9999.000,9999.000
202608050742,   2.483,   2.948,9999.000,9999.000,9999.000,9999.000,9999.000,9999.000,9999.000
202608050748,   2.438,   2.899,9999.000,9999.000,9999.000,9999.000,9999.000,9999.000,9999.000
202608050754,   2.390,   2.830,9999.000,9999.000,9999.000,9999.000,9999.000,9999.000,9999.000
202608050800,   2.340,   2.778,   0.400,   0.038,   2.778,   0.300,   2.678,   0.400,   2.778
202608050806,   2.288,   2.719,9999.000,9999.000,9999.000,9999.000,9999.000,9999.000,9999.000
202608050812,   2.233,   2.650,9999.000,9999.000,9999.000,9999.000,9999.000,9999.000,9999.000
202608050818,   2.177,   2.578,9999.000,9999.000,9999.000,9999.000,9999.000,9999.000,9999.000
202608050824,   2.118,   2.519,9999.000,9999.000,9999.000,9999.000,9999.000,9999.000,9999.000
202608050830,   2.058,   2.450,9999.000,9999.000,9999.000,9999.000,9999.000,9999.000,9999.000
202608050836,   1.997,   2.377,9999.000,9999.000,9999.000,9999.000,9999.000,9999.000,9999.000
202608050842,   1.935,   2.318,9999.000,9999.000,9999.000,9999.000,9999.000,9999.000,9999.000
202608050848,   1.871,   2.259,9999.000,9999.000,9999.000,9999.000,9999.000,9999.000,9999.000
202608050854,   1.807,   2.200,9999.000,9999.000,9999.000,9999.000,9999.000,9999.000,9999.000
202608050900,   1.743,   2.128,   0.400,  -0.015,   2.128,   0.300,   2.028,   0.400,   2.128
202608050906,   1.678,   2.059,9999.000,9999.000,9999.000,9999.000,9999.000,9999.000,9999.000
202608050912,   1.613,   1.990,9999.000,9999.000,9999.000,9999.000,9999.000,9999.000,9999.000
202608050918,   1.548,   1.928,9999.000,9999.000,9999.000,9999.000,9999.000,9999.000,9999.000
202608050924,   1.484,   1.859,9999.000,9999.000,9999.000,9999.000,9999.000,9999.000,9999.000
202608050930,   1.420,   1.790,9999.000,9999.000,9999.000,9999.000,9999.000,9999.000,9999.000
202608050936,   1.356,   1.728,9999.000,9999.000,9999.000,9999.000,9999.000,9999.000,9999.000
202608050942,   1.294,   1.659,9999.000,9999.000,9999.000,9999.000,9999.000,9999.000,9999.000
202608050948,   1.233,   1.610,9999.000,9999.000,9999.000,9999.000,9999.000,9999.000,9999.000
202608050954,   1.172,   1.548,9999.000,9999.000,9999.000,9999.000,9999.000,9999.000,9999.000
202608051000,   1.113,   1.489,   0.300,   0.076,   1.489,   0.300,   1.489,   0.400,   1.589
202608051006,   1.056,   1.430,9999.000,9999.000,9999.000,9999.000,9999.000,9999.000,9999.000
202608051012,   0.999,   1.380,9999.000,9999.000,9999.000,9999.000,9999.000,9999.000,9999.000
202608051018,   0.944,   1.318,9999.000,9999.000,9999.000,9999.000,9999.000,9999.000,9999.000
202608051024,   0.891,   1.259,9999.000,9999.000,9999.000,9999.000,9999.000,9999.000,9999.000
202608051030,   0.840,   1.200,9999.000,9999.000,9999.000,9999.000,9999.000,9999.000,9999.000
202608051036,   0.790,   1.138,9999.000,9999.000,9999.000,9999.000,9999.000,9999.000,9999.000
202608051042,   0.742,   1.079,9999.000,9999.000,9999.000,9999.000,9999.000,9999.000,9999.000
202608051048,   0.696,   1.029,9999.000,9999.000,9999.000,9999.000,9999.000,9999.000,9999.000
202608051054,   0.651,   0.980,9999.000,9999.000,9999.000,9999.000,9999.000,9999.000,9999.000
202608051100,   0.609,   0.928,   0.300,   0.019,   0.928,   0.300,   0.928,   0.400,   1.028
202608051106,   0.569,   0.888,9999.000,9999.000,9999.000,9999.000,9999.000,9999.000,9999.000
202608051112,   0.530,   0.839,9999.000,9999.000,9999.000,9999.000,9999.000,9999.000,9999.000
202608051118,   0.494,   0.790,9999.000,9999.000,9999.000,9999.000,9999.000,9999.000,9999.000
202608051124,   0.460,   0.731,9999.000,9999.000,9999.000,9999.000,9999.000,9999.000,9999.000
202608051130,   0.428,   0.688,9999.000,9999.000,9999.000,9999.000,9999.000,9999.000,9999.000
202608051136,   0.399,   0.649,9999.000,9999.000,9999.000,9999.000,9999.000,9999.000,9999.000
202608051142,   0.373,   0.629,9999.000,9999.000,9999.000,9999.000,9999.000,9999.000,9999.000
202608051148,   0.348,   0.590,9999.000,9999.000,9999.000,9999.000,9999.000,9999.000,9999.000
202608051154,   0.327,9999.000,9999.000,9999.000,9999.000,9999.000,9999.000,9999.000,9999.000
202608051200,   0.308,9999.000,   0.300,   0.029,   0.637,   0.300,   0.637,   0.400,   0.737
202608051206,   0.293,9999.000,9999.000,9999.000,9999.000,9999.000,9999.000,9999.000,9999.000
202608051212,   0.280,9999.000,9999.000,9999.000,9999.000,9999.000,9999.000,9999.000,9999.000
202608051218,   0.271,9999.000,9999.000,9999.000,9999.000,9999.000,9999.000,9999.000,9999.000
202608051224,   0.265,9999.000,9999.000,9999.000,9999.000,9999.000,9999.000,9999.000,9999.000
202608051230,   0.262,9999.000,9999.000,9999.000,9999.000,9999.000,9999.000,9999.000,9999.000
202608051236,   0.263,9999.000,9999.000,9999.000,9999.000,9999.000,9999.000,9999.000,9999.000
202608051242,   0.267,9999.000,9999.000,9999.000,9999.000,9999.000,9999.000,9999.000,9999.000
202608051248,   0.275,9999.000,9999.000,9999.000,9999.000,9999.000,9999.000,9999.000,9999.000
202608051254,   0.287,9999.000,9999.000,9999.000,9999.000,9999.000,9999.000,9999.000,9999.000
202608051300,   0.302,9999.000,   0.300,   0.039,   0.641,   0.300,   0.641,   0.300,   0.641
202608051306,   0.321,9999.000,9999.000,9999.000,9999.000,9999.000,9999.000,9999.000,9999.000
202608051312,   0.344,9999.000,9999.000,9999.000,9999.000,9999.000,9999.000,9999.000,9999.000
202608051318,   0.371,9999.000,9999.000,9999.000,9999.000,9999.000,9999.000,9999.000,9999.000
202608051324,   0.401,9999.000,9999.000,9999.000,9999.000,9999.000,9999.000,9999.000,9999.000
202608051330,   0.435,9999.000,9999.000,9999.000,9999.000,9999.000,9999.000,9999.000,9999.000
202608051336,   0.472,9999.000,9999.000,9999.000,9999.000,9999.000,9999.000,9999.000,9999.000
202608051342,   0.513,9999.000,9999.000,9999.000,9999.000,9999.000,9999.000,9999.000,9999.000
202608051348,   0.557,9999.000,9999.000,9999.000,9999.000,9999.000,9999.000,9999.000,9999.000
202608051354,   0.604,9999.000,9999.000,9999.000,9999.000,9999.000,9999.000,9999.000,9999.000
202608051400,   0.655,9999.000,   0.300,   0.050,   1.005,   0.200,   0.905,   0.300,   1.005
202608051406,   0.708,9999.000,9999.000,9999.000,9999.000,9999.000,9999.000,9999.000,9999.000
202608051412,   0.763,9999.000,9999.000,9999.000,9999.000,9999.000,9999.000,9999.000,9999.000
202608051418,   0.821,9999.000,9999.000,9999.000,9999.000,9999.000,9999.000,9999.000,9999.000
202608051424,   0.881,9999.000,9999.000,9999.000,9999.000,9999.000,9999.000,9999.000,9999.000
202608051430,   0.944,9999.000,9999.000,9999.000,9999.000,9999.000,9999.000,9999.000,9999.000
202608051436,   1.008,9999.000,9999.000,9999.000,9999.000,9999.000,9999.000,9999.000,9999.000
202608051442,   1.074,9999.000,9999.000,9999.000,9999.000,9999.000,9999.000,9999.000,9999.000
202608051448,   1.141,9999.000,9999.000,9999.000,9999.000,9999.000,9999.000,9999.000,9999.000
202608051454,   1.209,9999.000,9999.000,9999.000,9999.000,9999.000,9999.000,9999.000,9999.000
202608051500,   1.278,9999.000,   0.300,   0.060,   1.638,   0.200,   1.538,   0.300,   1.638
202608051506,   1.349,9999.000,9999.000,9999.000,9999.000,9999.000,9999.000,9999.000,9999.000
202608051512,   1.420,9999.000,9999.000,9999.000,9999.000,9999.000,9999.000,9999.000,9999.000
202608051518,   1.491,9999.000,9999.000,9999.000,9999.000,9999.000,9999.000,9999.000,9999.000
202608051524,   1.563,9999.000,9999.000,9999.000,9999.000,9999.000,9999.000,9999.000,9999.000
202608051530,   1.634,9999.000,9999.000,9999.000,9999.000,9999.000,9999.000,9999.000,9999.000
202608051536,   1.706,9999.000,9999.000,9999.000,9999.000,9999.000,9999.000,9999.000,9999.000
202608051542,   1.778,9999.000,9999.000,9999.000,9999.000,9999.000,9999.000,9999.000,9999.000
202608051548,   1.849,9999.000,9999.000,9999.000,9999.000,9999.000,9999.000,9999.000,9999.000
202608051554,   1.921,9999.000,9999.000,9999.000,9999.000,9999.000,9999.000,9999.000,9999.000
202608051600,   1.991,9999.000,   0.300,   0.070,   2.361,   0.200,   2.261,   0.300,   2.361
202608051606,   2.061,9999.000,9999.000,9999.000,9999.000,9999.000,9999.000,9999.000,9999.000
202608051612,   2.130,9999.000,9999.000,9999.000,9999.000,9999.000,9999.000,9999.000,9999.000
202608051618,   2.198,9999.000,9999.000,9999.000,9999.000,9999.000,9999.000,9999.000,9999.000
202608051624,   2.266,9999.000,9999.000,9999.000,9999.000,9999.000,9999.000,9999.000,9999.000
202608051630,   2.332,9999.000,9999.000,9999.000,9999.000,9999.000,9999.000,9999.000,9999.000
202608051636,   2.397,9999.000,9999.000,9999.000,9999.000,9999.000,9999.000,9999.000,9999.000
202608051642,   2.460,9999.000,9999.000,9999.000,9999.000,9999.000,9999.000,9999.000,9999.000
202608051648,   2.522,9999.000,9999.000,9999.000,9999.000,9999.000,9999.000,9999.000,9999.000
202608051654,   2.582,9999.000,9999.000,9999.000,9999.000,9999.000,9999.000,9999.000,9999.000
202608051700,   2.641,9999.000,   0.300,   0.080,   3.021,   0.200,   2.921,   0.300,   3.021
202608051706,   2.698,9999.000,9999.000,9999.000,9999.000,9999.000,9999.000,9999.000,9999.000
202608051712,   2.753,9999.000,9999.000,9999.000,9999.000,9999.000,9999.000,9999.000,9999.000
202608051718,   2.805,9999.000,9999.000,9999.000,9999.000,9999.000,9999.000,9999.000,9999.000
202608051724,   2.856,9999.000,9999.000,9999.000,9999.000,9999.000,9999.000,9999.000,9999.000
202608051730,   2.904,9999.000,9999.000,9999.000,9999.000,9999.000,9999.000,9999.000,9999.000
202608051736,   2.949,9999.000,9999.000,9999.000,9999.000,9999.000,9999.000,9999.000,9999.000
202608051742,   2.992,9999.000,9999.000,9999.000,9999.000,9999.000,9999.000,9999.000,9999.000
202608051748,   3.032,9999.000,9999.000,9999.000,9999.000,9999.000,9999.000,9999.000,9999.000
202608051754,   3.069,9999.000,9999.000,9999.000,9999.000,9999.000,9999.000,9999.000,9999.000
202608051800,   3.103,9999.000,   0.200,   0.091,   3.394,   0.200,   3.394,   0.300,   3.494
202608051806,   3.134,9999.000,9999.000,9999.000,9999.000,9999.000,9999.000,9999.000,9999.000
202608051812,   3.162,9999.000,9999.000,9999.000,9999.000,9999.000,9999.000,9999.000,9999.000
202608051818,   3.186,9999.000,9999.000,9999.000,9999.000,9999.000,9999.000,9999.000,9999.000
202608051824,   3.207,9999.000,9999.000,9999.000,9999.000,9999.000,9999.000,9999.000,9999.000
202608051830,   3.225,9999.000,9999.000,9999.000,9999.000,9999.000,9999.000,9999.000,9999.000
202608051836,   3.239,9999.000,9999.000,9999.000,9999.000,9999.000,9999.000,9999.000,9999.000
202608051842,   3.249,9999.000,9999.000,9999.000,9999.000,9999.000,9999.000,9999.000,9999.000
202608051848,   3.256,9999.000,9999.000,9999.000,9999.000,9999.000,9999.000,9999.000,9999.000
202608051854,   3.259,9999.000,9999.000,9999.000,9999.000,9999.000,9999.000,9999.000,9999.000
202608051900,   3.259,9999.000,   0.200,   0.101,   3.560,   0.200,   3.560,   0.300,   3.660
202608051906,   3.254,9999.000,9999.000,9999.000,9999.000,9999.000,9999.000,9999.000,9999.000
202608051912,   3.246,9999.000,9999.000,9999.000,9999.000,9999.000,9999.000,9999.000,9999.000
202608051918,   3.235,9999.000,9999.000,9999.000,9999.000,9999.000,9999.000,9999.000,9999.000
202608051924,   3.220,9999.000,9999.000,9999.000,9999.000,9999.000,9999.000,9999.000,9999.000
202608051930,   3.201,9999.000,9999.000,9999.000,9999.000,9999.000,9999.000,9999.000,9999.000
202608051936,   3.179,9999.000,9999.000,9999.000,9999.000,9999.000,9999.000,9999.000,9999.000
202608051942,   3.153,9999.000,9999.000,9999.000,9999.000,9999.000,9999.000,9999.000,9999.000
202608051948,   3.124,9999.000,9999.000,9999.000,9999.000,9999.000,9999.000,9999.000,9999.000
202608051954,   3.092,9999.000,9999.000,9999.000,9999.000,9999.000,9999.000,9999.000,9999.000
202608052000,   3.057,9999.000,   0.200,   0.111,   3.368,   0.200,   3.368,   0.300,   3.468
202608052006,   3.018,9999.000,9999.000,9999.000,9999.000,9999.000,9999.000,9999.000,9999.000
202608052012,   2.977,9999.000,9999.000,9999.000,9999.000,9999.000,9999.000,9999.000,9999.000
202608052018,   2.934,9999.000,9999.000,9999.000,9999.000,9999.000,9999.000,9999.000,9999.000
202608052024,   2.888,9999.000,9999.000,9999.000,9999.000,9999.000,9999.000,9999.000,9999.000
202608052030,   2.839,9999.000,9999.000,9999.000,9999.000,9999.000,9999.000,9999.000,9999.000
202608052036,   2.789,9999.000,9999.000,9999.000,9999.000,9999.000,9999.000,9999.000,9999.000
202608052042,   2.736,9999.000,9999.000,9999.000,9999.000,9999.000,9999.000,9999.000,9999.000
202608052048,   2.682,9999.000,9999.000,9999.000,9999.000,9999.000,9999.000,9999.000,9999.000
202608052054,   2.626,9999.000,9999.000,9999.000,9999.000,9999.000,9999.000,9999.000,9999.000
202608052100,   2.569,9999.000,   0.200,   0.121,   2.890,   0.200,   2.890,   0.300,   2.990
202608052106,   2.511,9999.000,9999.000,9999.000,9999.000,9999.000,9999.000,9999.000,9999.000
202608052112,   2.452,9999.000,9999.000,9999.000,9999.000,9999.000,9999.000,9999.000,9999.000
202608052118,   2.392,9999.000,9999.000,9999.000,9999.000,9999.000,9999.000,9999.000,9999.000
202608052124,   2.332,9999.000,9999.000,9999.000,9999.000,9999.000,9999.000,9999.000,9999.000
202608052130,   2.271,9999.000,9999.000,9999.000,9999.000,9999.000,9999.000,9999.000,9999.000
202608052136,   2.209,9999.000,9999.000,9999.000,9999.000,9999.000,9999.000,9999.000,9999.000
202608052142,   2.148,9999.000,9999.000,9999.000,9999.000,9999.000,9999.000,9999.000,9999.000
202608052148,   2.087,9999.000,9999.000,9999.000,9999.000,9999.000,9999.000,9999.000,9999.000
202608052154,   2.026,9999.000,9999.000,9999.000,9999.000,9999.000,9999.000,9999.000,9999.000
202608052200,   1.965,9999.000,   0.200,   0.131,   2.296,   0.200,   2.296,   0.300,   2.396
202608052206,   1.905,9999.000,9999.000,9999.000,9999.000,9999.000,9999.000,9999.000,9999.000
202608052212,   1.845,9999.000,9999.000,9999.000,9999.000,9999.000,9999.000,9999.000,9999.000
202608052218,   1.786,9999.000,9999.000,9999.000,9999.000,9999.000,9999.000,9999.000,9999.000
202608052224,   1.727,9999.000,9999.000,9999.000,9999.000,9999.000,9999.000,9999.000,9999.000
202608052230,   1.669,9999.000,9999.000,9999.000,9999.000,9999.000,9999.000,9999.000,9999.000
202608052236,   1.612,9999.000,9999.000,9999.000,9999.000,9999.000,9999.000,9999.000,9999.000
202608052242,   1.555,9999.000,9999.000,9999.000,9999.000,9999.000,9999.000,9999.000,9999.000
202608052248,   1.499,9999.000,9999.000,9999.000,9999.000,9999.000,9999.000,9999.000,9999.000
202608052254,   1.445,9999.000,9999.000,9999.000,9999.000,9999.000,9999.000,9999.000,9999.000
202608052300,   1.391,9999.000,   0.200,   0.142,   1.733,   0.200,   1.733,   0.300,   1.833
202608052306,   1.338,9999.000,9999.000,9999.000,9999.000,9999.000,9999.000,9999.000,9999.000
202608052312,   1.285,9999.000,9999.000,9999.000,9999.000,9999.000,9999.000,9999.000,9999.000
202608052318,   1.234,9999.000,9999.000,9999.000,9999.000,9999.000,9999.000,9999.000,9999.000
202608052324,   1.184,9999.000,9999.000,9999.000,9999.000,9999.000,9999.000,9999.000,9999.000
202608052330,   1.135,9999.000,9999.000,9999.000,9999.000,9999.000,9999.000,9999.000,9999.000
202608052336,   1.087,9999.000,9999.000,9999.000,9999.000,9999.000,9999.000,9999.000,9999.000
202608052342,   1.040,9999.000,9999.000,9999.000,9999.000,9999.000,9999.000,9999.000,9999.000
202608052348,   0.995,9999.000,9999.000,9999.000,9999.000,9999.000,9999.000,9999.000,9999.000
202608052354,   0.951,9999.000,9999.000,9999.000,9999.000,9999.000,9999.000,9999.000,9999.000
202608060000,   0.909,9999.000,   0.200,   0.142,   1.251,   0.100,   1.151,   0.300,   1.351
202608060006,   0.868,9999.000,9999.000,9999.000,9999.000,9999.000,9999.000,9999.000,9999.000
202608060012,   0.829,9999.000,9999.000,9999.000,9999.000,9999.000,9999.000,9999.000,9999.000
202608060018,   0.791,9999.000,9999.000,9999.000,9999.000,9999.000,9999.000,9999.000,9999.000
202608060024,   0.756,9999.000,9999.000,9999.000,9999.000,9999.000,9999.000,9999.000,9999.000
202608060030,   0.723,9999.000,9999.000,9999.000,9999.000,9999.000,9999.000,9999.000,9999.000
202608060036,   0.693,9999.000,9999.000,9999.000,9999.000,9999.000,9999.000,9999.000,9999.000
202608060042,   0.665,9999.000,9999.000,9999.000,9999.000,9999.000,9999.000,9999.000,9999.000
202608060048,   0.639,9999.000,9999.000,9999.000,9999.000,9999.000,9999.000,9999.000,9999.000
202608060054,   0.617,9999.000,9999.000,9999.000,9999.000,9999.000,9999.000,9999.000,9999.000
202608060100,   0.597,9999.000,   0.200,   0.142,   0.939,   0.100,   0.839,   0.300,   1.039
202608060106,   0.581,9999.000,9999.000,9999.000,9999.000,9999.000,9999.000,9999.000,9999.000
202608060112,   0.567,9999.000,9999.000,9999.000,9999.000,9999.000,9999.000,9999.000,9999.000
202608060118,   0.557,9999.000,9999.000,9999.000,9999.000,9999.000,9999.000,9999.000,9999.000
202608060124,   0.550,9999.000,9999.000,9999.000,9999.000,9999.000,9999.000,9999.000,9999.000
202608060130,   0.547,9999.000,9999.000,9999.000,9999.000,9999.000,9999.000,9999.000,9999.000
202608060136,   0.547,9999.000,9999.000,9999.000,9999.000,9999.000,9999.000,9999.000,9999.000
202608060142,   0.551,9999.000,9999.000,9999.000,9999.000,9999.000,9999.000,9999.000,9999.000
202608060148,   0.558,9999.000,9999.000,9999.000,9999.000,9999.000,9999.000,9999.000,9999.000
202608060154,   0.568,9999.000,9999.000,9999.000,9999.000,9999.000,9999.000,9999.000,9999.000
202608060200,   0.582,9999.000,   0.200,   0.142,   0.924,   0.100,   0.824,   0.300,   1.024
202608060206,   0.599,9999.000,9999.000,9999.000,9999.000,9999.000,9999.000,9999.000,9999.000
202608060212,   0.620,9999.000,9999.000,9999.000,9999.000,9999.000,9999.000,9999.000,9999.000
202608060218,   0.643,9999.000,9999.000,9999.000,9999.000,9999.000,9999.000,9999.000,9999.000
202608060224,   0.670,9999.000,9999.000,9999.000,9999.000,9999.000,9999.000,9999.000,9999.000
202608060230,   0.699,9999.000,9999.000,9999.000,9999.000,9999.000,9999.000,9999.000,9999.000
202608060236,   0.731,9999.000,9999.000,9999.000,9999.000,9999.000,9999.000,9999.000,9999.000
202608060242,   0.766,9999.000,9999.000,9999.000,9999.000,9999.000,9999.000,9999.000,9999.000
202608060248,   0.802,9999.000,9999.000,9999.000,9999.000,9999.000,9999.000,9999.000,9999.000
202608060254,   0.841,9999.000,9999.000,9999.000,9999.000,9999.000,9999.000,9999.000,9999.000
202608060300,   0.883,9999.000,   0.200,   0.142,   1.225,   0.100,   1.125,   0.300,   1.325
202608060306,   0.925,9999.000,9999.000,9999.000,9999.000,9999.000,9999.000,9999.000,9999.000
202608060312,   0.970,9999.000,9999.000,9999.000,9999.000,9999.000,9999.000,9999.000,9999.000
202608060318,   1.016,9999.000,9999.000,9999.000,9999.000,9999.000,9999.000,9999.000,9999.000
202608060324,   1.064,9999.000,9999.000,9999.000,9999.000,9999.000,9999.000,9999.000,9999.000
202608060330,   1.112,9999.000,9999.000,9999.000,9999.000,9999.000,9999.000,9999.000,9999.000
202608060336,   1.162,9999.000,9999.000,9999.000,9999.000,9999.000,9999.000,9999.000,9999.000
202608060342,   1.213,9999.000,9999.000,9999.000,9999.000,9999.000,9999.000,9999.000,9999.000
202608060348,   1.265,9999.000,9999.000,9999.000,9999.000,9999.000,9999.000,9999.000,9999.000
202608060354,   1.317,9999.000,9999.000,9999.000,9999.000,9999.000,9999.000,9999.000,9999.000
202608060400,   1.370,9999.000,   0.100,   0.142,   1.612,   0.000,   1.512,   0.300,   1.812
202608060406,   1.423,9999.000,9999.000,9999.000,9999.000,9999.000,9999.000,9999.000,9999.000
202608060412,   1.476,9999.000,9999.000,9999.000,9999.000,9999.000,9999.000,9999.000,9999.000
202608060418,   1.530,9999.000,9999.000,9999.000,9999.000,9999.000,9999.000,9999.000,9999.000
202608060424,   1.584,9999.000,9999.000,9999.000,9999.000,9999.000,9999.000,9999.000,9999.000
202608060430,   1.638,9999.000,9999.000,9999.000,9999.000,9999.000,9999.000,9999.000,9999.000
202608060436,   1.693,9999.000,9999.000,9999.000,9999.000,9999.000,9999.000,9999.000,9999.000
202608060442,   1.746,9999.000,9999.000,9999.000,9999.000,9999.000,9999.000,9999.000,9999.000
202608060448,   1.800,9999.000,9999.000,9999.000,9999.000,9999.000,9999.000,9999.000,9999.000
202608060454,   1.853,9999.000,9999.000,9999.000,9999.000,9999.000,9999.000,9999.000,9999.000
202608060500,   1.906,9999.000,   0.100,   0.142,   2.148,   0.000,   2.048,   0.200,   2.248
202608060506,   1.958,9999.000,9999.000,9999.000,9999.000,9999.000,9999.000,9999.000,9999.000
202608060512,   2.010,9999.000,9999.000,9999.000,9999.000,9999.000,9999.000,9999.000,9999.000
202608060518,   2.060,9999.000,9999.000,9999.000,9999.000,9999.000,9999.000,9999.000,9999.000
202608060524,   2.110,9999.000,9999.000,9999.000,9999.000,9999.000,9999.000,9999.000,9999.000
202608060530,   2.159,9999.000,9999.000,9999.000,9999.000,9999.000,9999.000,9999.000,9999.000
202608060536,   2.206,9999.000,9999.000,9999.000,9999.000,9999.000,9999.000,9999.000,9999.000
202608060542,   2.251,9999.000,9999.000,9999.000,9999.000,9999.000,9999.000,9999.000,9999.000
202608060548,   2.296,9999.000,9999.000,9999.000,9999.000,9999.000,9999.000,9999.000,9999.000
202608060554,   2.338,9999.000,9999.000,9999.000,9999.000,9999.000,9999.000,9999.000,9999.000
202608060600,   2.378,9999.000,   0.100,   0.142,   2.620,   0.000,   2.520,   0.200,   2.720
202608060606,   2.416,9999.000,9999.000,9999.000,9999.000,9999.000,9999.000,9999.000,9999.000
202608060612,   2.452,9999.000,9999.000,9999.000,9999.000,9999.000,9999.000,9999.000,9999.000
202608060618,   2.486,9999.000,9999.000,9999.000,9999.000,9999.000,9999.000,9999.000,9999.000
202608060624,   2.517,9999.000,9999.000,9999.000,9999.000,9999.000,9999.000,9999.000,9999.000
202608060630,   2.545,9999.000,9999.000,9999.000,9999.000,9999.000,9999.000,9999.000,9999.000
202608060636,   2.571,9999.000,9999.000,9999.000,9999.000,9999.000,9999.000,9999.000,9999.000
202608060642,   2.593,9999.000,9999.000,9999.000,9999.000,9999.000,9999.000,9999.000,9999.000
202608060648,   2.612,9999.000,9999.000,9999.000,9999.000,9999.000,9999.000,9999.000,9999.000
202608060654,   2.628,9999.000,9999.000,9999.000,9999.000,9999.000,9999.000,9999.000,9999.000
202608060700,   2.641,9999.000,   0.100,   0.142,   2.883,   0.000,   2.783,   0.200,   2.983
202608060706,   2.651,9999.000,9999.000,9999.000,9999.000,9999.000,9999.000,9999.000,9999.000
202608060712,   2.657,9999.000,9999.000,9999.000,9999.000,9999.000,9999.000,9999.000,9999.000
202608060718,   2.659,9999.000,9999.000,9999.000,9999.000,9999.000,9999.000,9999.000,9999.000
202608060724,   2.658,9999.000,9999.000,9999.000,9999.000,9999.000,9999.000,9999.000,9999.000
202608060730,   2.654,9999.000,9999.000,9999.000,9999.000,9999.000,9999.000,9999.000,9999.000
202608060736,   2.645,9999.000,9999.000,9999.000,9999.000,9999.000,9999.000,9999.000,9999.000
202608060742,   2.634,9999.000,9999.000,9999.000,9999.000,9999.000,9999.000,9999.000,9999.000
202608060748,   2.619,9999.000,9999.000,9999.000,9999.000,9999.000,9999.000,9999.000,9999.000
202608060754,   2.600,9999.000,9999.000,9999.000,9999.000,9999.000,9999.000,9999.000,9999.000
202608060800,   2.578,9999.000,   0.100,   0.142,   2.820,   0.000,   2.720,   0.200,   2.920
202608060806,   2.553,9999.000,9999.000,9999.000,9999.000,9999.000,9999.000,9999.000,9999.000
202608060812,   2.525,9999.000,9999.000,9999.000,9999.000,9999.000,9999.000,9999.000,9999.000
202608060818,   2.493,9999.000,9999.000,9999.000,9999.000,9999.000,9999.000,9999.000,9999.000
202608060824,   2.459,9999.000,9999.000,9999.000,9999.000,9999.000,9999.000,9999.000,9999.000
202608060830,   2.422,9999.000,9999.000,9999.000,9999.000,9999.000,9999.000,9999.000,9999.000
202608060836,   2.382,9999.000,9999.000,9999.000,9999.000,9999.000,9999.000,9999.000,9999.000
202608060842,   2.339,9999.000,9999.000,9999.000,9999.000,9999.000,9999.000,9999.000,9999.000
202608060848,   2.295,9999.000,9999.000,9999.000,9999.000,9999.000,9999.000,9999.000,9999.000
202608060854,   2.248,9999.000,9999.000,9999.000,9999.000,9999.000,9999.000,9999.000,9999.000
202608060900,   2.199,9999.000,   0.100,   0.142,   2.441,   0.000,   2.341,   0.200,   2.541
202608060906,   2.149,9999.000,9999.000,9999.000,9999.000,9999.000,9999.000,9999.000,9999.000
202608060912,   2.096,9999.000,9999.000,9999.000,9999.000,9999.000,9999.000,9999.000,9999.000
202608060918,   2.043,9999.000,9999.000,9999.000,9999.000,9999.000,9999.000,9999.000,9999.000
202608060924,   1.988,9999.000,9999.000,9999.000,9999.000,9999.000,9999.000,9999.000,9999.000
202608060930,   1.933,9999.000,9999.000,9999.000,9999.000,9999.000,9999.000,9999.000,9999.000
202608060936,   1.876,9999.000,9999.000,9999.000,9999.000,9999.000,9999.000,9999.000,9999.000
202608060942,   1.819,9999.000,9999.000,9999.000,9999.000,9999.000,9999.000,9999.000,9999.000
202608060948,   1.761,9999.000,9999.000,9999.000,9999.000,9999.000,9999.000,9999.000,9999.000
202608060954,   1.704,9999.000,9999.000,9999.000,9999.000,9999.000,9999.000,9999.000,9999.000
202608061000,   1.646,9999.000,   0.100,   0.142,   1.888,   0.000,   1.788,   0.200,   1.988
202608061006,   1.588,9999.000,9999.000,9999.000,9999.000,9999.000,9999.000,9999.000,9999.000
202608061012,   1.530,9999.000,9999.000,9999.000,9999.000,9999.000,9999.000,9999.000,9999.000
202608061018,   1.473,9999.000,9999.000,9999.000,9999.000,9999.000,9999.000,9999.000,9999.000
202608061024,   1.415,9999.000,9999.000,9999.000,9999.000,9999.000,9999.000,9999.000,9999.000
202608061030,   1.359,9999.000,9999.000,9999.000,9999.000,9999.000,9999.000,9999.000,9999.000
202608061036,   1.303,9999.000,9999.000,9999.000,9999.000,9999.000,9999.000,9999.000,9999.000
202608061042,   1.248,9999.000,9999.000,9999.000,9999.000,9999.000,9999.000,9999.000,9999.000
202608061048,   1.193,9999.000,9999.000,9999.000,9999.000,9999.000,9999.000,9999.000,9999.000
202608061054,   1.140,9999.000,9999.000,9999.000,9999.000,9999.000,9999.000,9999.000,9999.000
202608061100,   1.087,9999.000,   0.100,   0.142,   1.329,   0.000,   1.229,   0.200,   1.429
202608061106,   1.036,9999.000,9999.000,9999.000,9999.000,9999.000,9999.000,9999.000,9999.000
202608061112,   0.985,9999.000,9999.000,9999.000,9999.000,9999.000,9999.000,9999.000,9999.000
202608061118,   0.935,9999.000,9999.000,9999.000,9999.000,9999.000,9999.000,9999.000,9999.000
202608061124,   0.887,9999.000,9999.000,9999.000,9999.000,9999.000,9999.000,9999.000,9999.000
202608061130,   0.839,9999.000,9999.000,9999.000,9999.000,9999.000,9999.000,9999.000,9999.000
202608061136,   0.793,9999.000,9999.000,9999.000,9999.000,9999.000,9999.000,9999.000,9999.000
202608061142,   0.748,9999.000,9999.000,9999.000,9999.000,9999.000,9999.000,9999.000,9999.000
202608061148,   0.705,9999.000,9999.000,9999.000,9999.000,9999.000,9999.000,9999.000,9999.000
202608061154,   0.663,9999.000,9999.000,9999.000,9999.000,9999.000,9999.000,9999.000,9999.000
202608061200,   0.623,9999.000,   0.100,   0.142,   0.865,   0.000,   0.765,   0.100,   0.865
202608061206,   0.584,9999.000,9999.000,9999.000,9999.000,9999.000,9999.000,9999.000,9999.000
202608061212,   0.547,9999.000,9999.000,9999.000,9999.000,9999.000,9999.000,9999.000,9999.000
202608061218,   0.512,9999.000,9999.000,9999.000,9999.000,9999.000,9999.000,9999.000,9999.000
202608061224,   0.479,9999.000,9999.000,9999.000,9999.000,9999.000,9999.000,9999.000,9999.000
202608061230,   0.448,9999.000,9999.000,9999.000,9999.000,9999.000,9999.000,9999.000,9999.000
202608061236,   0.419,9999.000,9999.000,9999.000,9999.000,9999.000,9999.000,9999.000,9999.000
202608061242,   0.393,9999.000,9999.000,9999.000,9999.000,9999.000,9999.000,9999.000,9999.000
202608061248,   0.370,9999.000,9999.000,9999.000,9999.000,9999.000,9999.000,9999.000,9999.000
202608061254,   0.349,9999.000,9999.000,9999.000,9999.000,9999.000,9999.000,9999.000,9999.000
202608061300,   0.332,9999.000,   0.100,   0.142,   0.574,   0.000,   0.474,   0.200,   0.674
202608061306,   0.317,9999.000,9999.000,9999.000,9999.000,9999.000,9999.000,9999.000,9999.000
202608061312,   0.306,9999.000,9999.000,9999.000,9999.000,9999.000,9999.000,9999.000,9999.000
202608061318,   0.298,9999.000,9999.000,9999.000,9999.000,9999.000,9999.000,9999.000,9999.000
202608061324,   0.294,9999.000,9999.000,9999.000,9999.000,9999.000,9999.000,9999.000,9999.000
202608061330,   0.293,9999.000,9999.000,9999.000,9999.000,9999.000,9999.000,9999.000,9999.000
202608061336,   0.296,9999.000,9999.000,9999.000,9999.000,9999.000,9999.000,9999.000,9999.000
202608061342,   0.303,9999.000,9999.000,9999.000,9999.000,9999.000,9999.000,9999.000,9999.000
202608061348,   0.314,9999.000,9999.000,9999.000,9999.000,9999.000,9999.000,9999.000,9999.000
202608061354,   0.329,9999.000,9999.000,9999.000,9999.000,9999.000,9999.000,9999.000,9999.000
202608061400,   0.347,9999.000,   0.100,   0.142,   0.589,   0.000,   0.489,   0.200,   0.689
202608061406,   0.369,9999.000,9999.000,9999.000,9999.000,9999.000,9999.000,9999.000,9999.000
202608061412,   0.396,9999.000,9999.000,9999.000,9999.000,9999.000,9999.000,9999.000,9999.000
202608061418,   0.426,9999.000,9999.000,9999.000,9999.000,9999.000,9999.000,9999.000,9999.000
202608061424,   0.459,9999.000,9999.000,9999.000,9999.000,9999.000,9999.000,9999.000,9999.000
202608061430,   0.496,9999.000,9999.000,9999.000,9999.000,9999.000,9999.000,9999.000,9999.000
202608061436,   0.537,9999.000,9999.000,9999.000,9999.000,9999.000,9999.000,9999.000,9999.000
202608061442,   0.580,9999.000,9999.000,9999.000,9999.000,9999.000,9999.000,9999.000,9999.000
202608061448,   0.627,9999.000,9999.000,9999.000,9999.000,9999.000,9999.000,9999.000,9999.000
202608061454,   0.677,9999.000,9999.000,9999.000,9999.000,9999.000,9999.000,9999.000,9999.000
202608061500,   0.729,9999.000,   0.000,   0.142,   0.871,   0.000,   0.871,   0.100,   0.971
202608061506,   0.784,9999.000,9999.000,9999.000,9999.000,9999.000,9999.000,9999.000,9999.000
202608061512,   0.841,9999.000,9999.000,9999.000,9999.000,9999.000,9999.000,9999.000,9999.000
202608061518,   0.900,9999.000,9999.000,9999.000,9999.000,9999.000,9999.000,9999.000,9999.000
202608061524,   0.961,9999.000,9999.000,9999.000,9999.000,9999.000,9999.000,9999.000,9999.000
202608061530,   1.024,9999.000,9999.000,9999.000,9999.000,9999.000,9999.000,9999.000,9999.000
202608061536,   1.088,9999.000,9999.000,9999.000,9999.000,9999.000,9999.000,9999.000,9999.000
202608061542,   1.153,9999.000,9999.000,9999.000,9999.000,9999.000,9999.000,9999.000,9999.000
202608061548,   1.220,9999.000,9999.000,9999.000,9999.000,9999.000,9999.000,9999.000,9999.000
202608061554,   1.287,9999.000,9999.000,9999.000,9999.000,9999.000,9999.000,9999.000,9999.000
202608061600,   1.356,9999.000,   0.100,   0.142,   1.598,   0.000,   1.498,   0.100,   1.598
202608061606,   1.425,9999.000,9999.000,9999.000,9999.000,9999.000,9999.000,9999.000,9999.000
202608061612,   1.494,9999.000,9999.000,9999.000,9999.000,9999.000,9999.000,9999.000,9999.000
202608061618,   1.564,9999.000,9999.000,9999.000,9999.000,9999.000,9999.000,9999.000,9999.000
202608061624,   1.634,9999.000,9999.000,9999.000,9999.000,9999.000,9999.000,9999.000,9999.000
202608061630,   1.704,9999.000,9999.000,9999.000,9999.000,9999.000,9999.000,9999.000,9999.000
202608061636,   1.774,9999.000,9999.000,9999.000,9999.000,9999.000,9999.000,9999.000,9999.000
202608061642,   1.844,9999.000,9999.000,9999.000,9999.000,9999.000,9999.000,9999.000,9999.000
202608061648,   1.914,9999.000,9999.000,9999.000,9999.000,9999.000,9999.000,9999.000,9999.000
202608061654,   1.983,9999.000,9999.000,9999.000,9999.000,9999.000,9999.000,9999.000,9999.000
202608061700,   2.052,9999.000,   0.100,   0.142,   2.294,   0.000,   2.194,   0.100,   2.294
202608061706,   2.121,9999.000,9999.000,9999.000,9999.000,9999.000,9999.000,9999.000,9999.000
202608061712,   2.189,9999.000,9999.000,9999.000,9999.000,9999.000,9999.000,9999.000,9999.000
202608061718,   2.256,9999.000,9999.000,9999.000,9999.000,9999.000,9999.000,9999.000,9999.000
202608061724,   2.322,9999.000,9999.000,9999.000,9999.000,9999.000,9999.000,9999.000,9999.000
202608061730,   2.387,9999.000,9999.000,9999.000,9999.000,9999.000,9999.000,9999.000,9999.000
202608061736,   2.451,9999.000,9999.000,9999.000,9999.000,9999.000,9999.000,9999.000,9999.000
202608061742,   2.514,9999.000,9999.000,9999.000,9999.000,9999.000,9999.000,9999.000,9999.000
202608061748,   2.576,9999.000,9999.000,9999.000,9999.000,9999.000,9999.000,9999.000,9999.000
202608061754,   2.635,9999.000,9999.000,9999.000,9999.000,9999.000,9999.000,9999.000,9999.000
202608061800,   2.694,9999.000,   0.100,   0.142,   2.936,   0.000,   2.836,   0.200,   3.036
202608061806,   2.750,9999.000,9999.000,9999.000,9999.000,9999.000,9999.000,9999.000,9999.000
202608061812,   2.804,9999.000,9999.000,9999.000,9999.000,9999.000,9999.000,9999.000,9999.000
202608061818,   2.856,9999.000,9999.000,9999.000,9999.000,9999.000,9999.000,9999.000,9999.000
202608061824,   2.906,9999.000,9999.000,9999.000,9999.000,9999.000,9999.000,9999.000,9999.000
202608061830,   2.953,9999.000,9999.000,9999.000,9999.000,9999.000,9999.000,9999.000,9999.000
202608061836,   2.998,9999.000,9999.000,9999.000,9999.000,9999.000,9999.000,9999.000,9999.000
202608061842,   3.039,9999.000,9999.000,9999.000,9999.000,9999.000,9999.000,9999.000,9999.000
202608061848,   3.078,9999.000,9999.000,9999.000,9999.000,9999.000,9999.000,9999.000,9999.000
202608061854,   3.114,9999.000,9999.000,9999.000,9999.000,9999.000,9999.000,9999.000,9999.000
202608061900,   3.146,9999.000,   0.100,   0.142,   3.388,   0.000,   3.288,   0.200,   3.488
202608061906,   3.175,9999.000,9999.000,9999.000,9999.000,9999.000,9999.000,9999.000,9999.000
202608061912,   3.201,9999.000,9999.000,9999.000,9999.000,9999.000,9999.000,9999.000,9999.000
202608061918,   3.224,9999.000,9999.000,9999.000,9999.000,9999.000,9999.000,9999.000,9999.000
202608061924,   3.242,9999.000,9999.000,9999.000,9999.000,9999.000,9999.000,9999.000,9999.000
202608061930,   3.258,9999.000,9999.000,9999.000,9999.000,9999.000,9999.000,9999.000,9999.000
202608061936,   3.269,9999.000,9999.000,9999.000,9999.000,9999.000,9999.000,9999.000,9999.000
202608061942,   3.277,9999.000,9999.000,9999.000,9999.000,9999.000,9999.000,9999.000,9999.000
202608061948,   3.282,9999.000,9999.000,9999.000,9999.000,9999.000,9999.000,9999.000,9999.000
202608061954,   3.282,9999.000,9999.000,9999.000,9999.000,9999.000,9999.000,9999.000,9999.000
202608062000,   3.279,9999.000,   0.100,   0.142,   3.521,   0.000,   3.421,   0.200,   3.621
202608062006,   3.273,9999.000,9999.000,9999.000,9999.000,9999.000,9999.000,9999.000,9999.000
202608062012,   3.263,9999.000,9999.000,9999.000,9999.000,9999.000,9999.000,9999.000,9999.000
202608062018,   3.249,9999.000,9999.000,9999.000,9999.000,9999.000,9999.000,9999.000,9999.000
202608062024,   3.232,9999.000,9999.000,9999.000,9999.000,9999.000,9999.000,9999.000,9999.000
202608062030,   3.212,9999.000,9999.000,9999.000,9999.000,9999.000,9999.000,9999.000,9999.000
202608062036,   3.189,9999.000,9999.000,9999.000,9999.000,9999.000,9999.000,9999.000,9999.000
202608062042,   3.163,9999.000,9999.000,9999.000,9999.000,9999.000,9999.000,9999.000,9999.000
202608062048,   3.134,9999.000,9999.000,9999.000,9999.000,9999.000,9999.000,9999.000,9999.000
202608062054,   3.102,9999.000,9999.000,9999.000,9999.000,9999.000,9999.000,9999.000,9999.000
202608062100,   3.068,9999.000,   0.100,   0.142,   3.310,   0.000,   3.210,   0.200,   3.410
202608062106,   3.031,9999.000,9999.000,9999.000,9999.000,9999.000,9999.000,9999.000,9999.000
202608062112,   2.992,9999.000,9999.000,9999.000,9999.000,9999.000,9999.000,9999.000,9999.000
202608062118,   2.950,9999.000,9999.000,9999.000,9999.000,9999.000,9999.000,9999.000,9999.000
202608062124,   2.907,9999.000,9999.000,9999.000,9999.000,9999.000,9999.000,9999.000,9999.000
202608062130,   2.862,9999.000,9999.000,9999.000,9999.000,9999.000,9999.000,9999.000,9999.000
202608062136,   2.815,9999.000,9999.000,9999.000,9999.000,9999.000,9999.000,9999.000,9999.000
202608062142,   2.766,9999.000,9999.000,9999.000,9999.000,9999.000,9999.000,9999.000,9999.000
202608062148,   2.717,9999.000,9999.000,9999.000,9999.000,9999.000,9999.000,9999.000,9999.000
202608062154,   2.666,9999.000,9999.000,9999.000,9999.000,9999.000,9999.000,9999.000,9999.000
202608062200,   2.614,9999.000,   0.100,   0.142,   2.856,   0.000,   2.756,   0.200,   2.956
202608062206,   2.561,9999.000,9999.000,9999.000,9999.000,9999.000,9999.000,9999.000,9999.000
202608062212,   2.507,9999.000,9999.000,9999.000,9999.000,9999.000,9999.000,9999.000,9999.000
202608062218,   2.452,9999.000,9999.000,9999.000,9999.000,9999.000,9999.000,9999.000,9999.000
202608062224,   2.397,9999.000,9999.000,9999.000,9999.000,9999.000,9999.000,9999.000,9999.000
202608062230,   2.342,9999.000,9999.000,9999.000,9999.000,9999.000,9999.000,9999.000,9999.000
202608062236,   2.286,9999.000,9999.000,9999.000,9999.000,9999.000,9999.000,9999.000,9999.000
202608062242,   2.229,9999.000,9999.000,9999.000,9999.000,9999.000,9999.000,9999.000,9999.000
202608062248,   2.173,9999.000,9999.000,9999.000,9999.000,9999.000,9999.000,9999.000,9999.000
202608062254,   2.116,9999.000,9999.000,9999.000,9999.000,9999.000,9999.000,9999.000,9999.000
202608062300,   2.059,9999.000,   0.100,   0.142,   2.301,   0.000,   2.201,   0.200,   2.401
202608062306,   2.002,9999.000,9999.000,9999.000,9999.000,9999.000,9999.000,9999.000,9999.000
202608062312,   1.945,9999.000,9999.000,9999.000,9999.000,9999.000,9999.000,9999.000,9999.000
202608062318,   1.888,9999.000,9999.000,9999.000,9999.000,9999.000,9999.000,9999.000,9999.000
202608062324,   1.831,9999.000,9999.000,9999.000,9999.000,9999.000,9999.000,9999.000,9999.000
202608062330,   1.774,9999.000,9999.000,9999.000,9999.000,9999.000,9999.000,9999.000,9999.000
202608062336,   1.717,9999.000,9999.000,9999.000,9999.000,9999.000,9999.000,9999.000,9999.000
202608062342,   1.660,9999.000,9999.000,9999.000,9999.000,9999.000,9999.000,9999.000,9999.000
202608062348,   1.603,9999.000,9999.000,9999.000,9999.000,9999.000,9999.000,9999.000,9999.000
202608062354,   1.547,9999.000,9999.000,9999.000,9999.000,9999.000,9999.000,9999.000,9999.000
202608070000,   1.491,9999.000,   0.100,   0.142,   1.733,   0.000,   1.633,   0.200,   1.833
202608070006,   1.435,9999.000,9999.000,9999.000,9999.000,9999.000,9999.000,9999.000,9999.000
202608070012,   1.380,9999.000,9999.000,9999.000,9999.000,9999.000,9999.000,9999.000,9999.000
202608070018,   1.325,9999.000,9999.000,9999.000,9999.000,9999.000,9999.000,9999.000,9999.000
202608070024,   1.271,9999.000,9999.000,9999.000,9999.000,9999.000,9999.000,9999.000,9999.000
202608070030,   1.218,9999.000,9999.000,9999.000,9999.000,9999.000,9999.000,9999.000,9999.000
202608070036,   1.166,9999.000,9999.000,9999.000,9999.000,9999.000,9999.000,9999.000,9999.000
202608070042,   1.114,9999.000,9999.000,9999.000,9999.000,9999.000,9999.000,9999.000,9999.000
202608070048,   1.064,9999.000,9999.000,9999.000,9999.000,9999.000,9999.000,9999.000,9999.000
202608070054,   1.016,9999.000,9999.000,9999.000,9999.000,9999.000,9999.000,9999.000,9999.000
202608070100,   0.968,9999.000,   0.100,   0.142,   1.210,   0.000,   1.110,   0.200,   1.310
202608070106,   0.923,9999.000,9999.000,9999.000,9999.000,9999.000,9999.000,9999.000,9999.000
202608070112,   0.879,9999.000,9999.000,9999.000,9999.000,9999.000,9999.000,9999.000,9999.000
202608070118,   0.838,9999.000,9999.000,9999.000,9999.000,9999.000,9999.000,9999.000,9999.000
202608070124,   0.799,9999.000,9999.000,9999.000,9999.000,9999.000,9999.000,9999.000,9999.000
202608070130,   0.762,9999.000,9999.000,9999.000,9999.000,9999.000,9999.000,9999.000,9999.000
202608070136,   0.728,9999.000,9999.000,9999.000,9999.000,9999.000,9999.000,9999.000,9999.000
202608070142,   0.697,9999.000,9999.000,9999.000,9999.000,9999.000,9999.000,9999.000,9999.000
202608070148,   0.668,9999.000,9999.000,9999.000,9999.000,9999.000,9999.000,9999.000,9999.000
202608070154,   0.643,9999.000,9999.000,9999.000,9999.000,9999.000,9999.000,9999.000,9999.000
202608070200,   0.621,9999.000,   0.100,   0.142,   0.863,   0.000,   0.763,   0.200,   0.963
202608070206,   0.602,9999.000,9999.000,9999.000,9999.000,9999.000,9999.000,9999.000,9999.000
202608070212,   0.586,9999.000,9999.000,9999.000,9999.000,9999.000,9999.000,9999.000,9999.000
202608070218,   0.574,9999.000,9999.000,9999.000,9999.000,9999.000,9999.000,9999.000,9999.000
202608070224,   0.566,9999.000,9999.000,9999.000,9999.000,9999.000,9999.000,9999.000,9999.000
202608070230,   0.561,9999.000,9999.000,9999.000,9999.000,9999.000,9999.000,9999.000,9999.000
202608070236,   0.559,9999.000,9999.000,9999.000,9999.000,9999.000,9999.000,9999.000,9999.000
202608070242,   0.561,9999.000,9999.000,9999.000,9999.000,9999.000,9999.000,9999.000,9999.000
202608070248,   0.566,9999.000,9999.000,9999.000,9999.000,9999.000,9999.000,9999.000,9999.000
202608070254,   0.575,9999.000,9999.000,9999.000,9999.000,9999.000,9999.000,9999.000,9999.000
202608070300,   0.587,9999.000,   0.000,   0.142,   0.729,   0.000,   0.729,   0.200,   0.929
202608070306,   0.602,9999.000,9999.000,9999.000,9999.000,9999.000,9999.000,9999.000,9999.000
202608070312,   0.620,9999.000,9999.000,9999.000,9999.000,9999.000,9999.000,9999.000,9999.000
202608070318,   0.640,9999.000,9999.000,9999.000,9999.000,9999.000,9999.000,9999.000,9999.000
202608070324,   0.664,9999.000,9999.000,9999.000,9999.000,9999.000,9999.000,9999.000,9999.000
202608070330,   0.690,9999.000,9999.000,9999.000,9999.000,9999.000,9999.000,9999.000,9999.000
202608070336,   0.719,9999.000,9999.000,9999.000,9999.000,9999.000,9999.000,9999.000,9999.000
202608070342,   0.750,9999.000,9999.000,9999.000,9999.000,9999.000,9999.000,9999.000,9999.000
202608070348,   0.783,9999.000,9999.000,9999.000,9999.000,9999.000,9999.000,9999.000,9999.000
202608070354,   0.818,9999.000,9999.000,9999.000,9999.000,9999.000,9999.000,9999.000,9999.000
202608070400,   0.855,9999.000,   0.000,   0.142,   0.997,  -0.100,   0.897,   0.100,   1.097
202608070406,   0.894,9999.000,9999.000,9999.000,9999.000,9999.000,9999.000,9999.000,9999.000
202608070412,   0.935,9999.000,9999.000,9999.000,9999.000,9999.000,9999.000,9999.000,9999.000
202608070418,   0.977,9999.000,9999.000,9999.000,9999.000,9999.000,9999.000,9999.000,9999.000
202608070424,   1.020,9999.000,9999.000,9999.000,9999.000,9999.000,9999.000,9999.000,9999.000
202608070430,   1.065,9999.000,9999.000,9999.000,9999.000,9999.000,9999.000,9999.000,9999.000
202608070436,   1.111,9999.000,9999.000,9999.000,9999.000,9999.000,9999.000,9999.000,9999.000
202608070442,   1.158,9999.000,9999.000,9999.000,9999.000,9999.000,9999.000,9999.000,9999.000
202608070448,   1.206,9999.000,9999.000,9999.000,9999.000,9999.000,9999.000,9999.000,9999.000
202608070454,   1.255,9999.000,9999.000,9999.000,9999.000,9999.000,9999.000,9999.000,9999.000
202608070500,   1.305,9999.000,   0.000,   0.142,   1.447,  -0.100,   1.347,   0.100,   1.547
202608070506,   1.356,9999.000,9999.000,9999.000,9999.000,9999.000,9999.000,9999.000,9999.000
202608070512,   1.407,9999.000,9999.000,9999.000,9999.000,9999.000,9999.000,9999.000,9999.000
202608070518,   1.459,9999.000,9999.000,9999.000,9999.000,9999.000,9999.000,9999.000,9999.000
202608070524,   1.511,9999.000,9999.000,9999.000,9999.000,9999.000,9999.000,9999.000,9999.000
202608070530,   1.564,9999.000,9999.000,9999.000,9999.000,9999.000,9999.000,9999.000,9999.000
202608070536,   1.617,9999.000,9999.000,9999.000,9999.000,9999.000,9999.000,9999.000,9999.000
202608070542,   1.670,9999.000,9999.000,9999.000,9999.000,9999.000,9999.000,9999.000,9999.000
202608070548,   1.723,9999.000,9999.000,9999.000,9999.000,9999.000,9999.000,9999.000,9999.000
202608070554,   1.776,9999.000,9999.000,9999.000,9999.000,9999.000,9999.000,9999.000,9999.000
202608070600,   1.829,9999.000,   0.000,   0.142,   1.971,  -0.100,   1.871,   0.100,   2.071
202608070606,   1.881,9999.000,9999.000,9999.000,9999.000,9999.000,9999.000,9999.000,9999.000
202608070612,   1.933,9999.000,9999.000,9999.000,9999.000,9999.000,9999.000,9999.000,9999.000
202608070618,   1.984,9999.000,9999.000,9999.000,9999.000,9999.000,9999.000,9999.000,9999.000
202608070624,   2.034,9999.000,9999.000,9999.000,9999.000,9999.000,9999.000,9999.000,9999.000
202608070630,   2.082,9999.000,9999.000,9999.000,9999.000,9999.000,9999.000,9999.000,9999.000
202608070636,   2.130,9999.000,9999.000,9999.000,9999.000,9999.000,9999.000,9999.000,9999.000
202608070642,   2.176,9999.000,9999.000,9999.000,9999.000,9999.000,9999.000,9999.000,9999.000
202608070648,   2.220,9999.000,9999.000,9999.000,9999.000,9999.000,9999.000,9999.000,9999.000
202608070654,   2.263,9999.000,9999.000,9999.000,9999.000,9999.000,9999.000,9999.000,9999.000
202608070700,   2.303,9999.000,   0.000,   0.142,   2.445,  -0.100,   2.345,   0.100,   2.545
202608070706,   2.341,9999.000,9999.000,9999.000,9999.000,9999.000,9999.000,9999.000,9999.000
202608070712,   2.377,9999.000,9999.000,9999.000,9999.000,9999.000,9999.000,9999.000,9999.000
202608070718,   2.410,9999.000,9999.000,9999.000,9999.000,9999.000,9999.000,9999.000,9999.000
202608070724,   2.440,9999.000,9999.000,9999.000,9999.000,9999.000,9999.000,9999.000,9999.000
202608070730,   2.468,9999.000,9999.000,9999.000,9999.000,9999.000,9999.000,9999.000,9999.000
202608070736,   2.492,9999.000,9999.000,9999.000,9999.000,9999.000,9999.000,9999.000,9999.000
202608070742,   2.514,9999.000,9999.000,9999.000,9999.000,9999.000,9999.000,9999.000,9999.000
202608070748,   2.532,9999.000,9999.000,9999.000,9999.000,9999.000,9999.000,9999.000,9999.000
202608070754,   2.547,9999.000,9999.000,9999.000,9999.000,9999.000,9999.000,9999.000,9999.000
202608070800,   2.559,9999.000,   0.000,   0.142,   2.701,  -0.100,   2.601,   0.100,   2.801
202608070806,   2.568,9999.000,9999.000,9999.000,9999.000,9999.000,9999.000,9999.000,9999.000
202608070812,   2.573,9999.000,9999.000,9999.000,9999.000,9999.000,9999.000,9999.000,9999.000
202608070818,   2.575,9999.000,9999.000,9999.000,9999.000,9999.000,9999.000,9999.000,9999.000
202608070824,   2.574,9999.000,9999.000,9999.000,9999.000,9999.000,9999.000,9999.000,9999.000
202608070830,   2.569,9999.000,9999.000,9999.000,9999.000,9999.000,9999.000,9999.000,9999.000
202608070836,   2.561,9999.000,9999.000,9999.000,9999.000,9999.000,9999.000,9999.000,9999.000
202608070842,   2.550,9999.000,9999.000,9999.000,9999.000,9999.000,9999.000,9999.000,9999.000
202608070848,   2.536,9999.000,9999.000,9999.000,9999.000,9999.000,9999.000,9999.000,9999.000
202608070854,   2.519,9999.000,9999.000,9999.000,9999.000,9999.000,9999.000,9999.000,9999.000
202608070900,   2.499,9999.000,   0.000,   0.142,   2.641,  -0.200,   2.441,   0.100,   2.741
202608070906,   2.476,9999.000,9999.000,9999.000,9999.000,9999.000,9999.000,9999.000,9999.000
202608070912,   2.450,9999.000,9999.000,9999.000,9999.000,9999.000,9999.000,9999.000,9999.000
202608070918,   2.422,9999.000,9999.000,9999.000,9999.000,9999.000,9999.000,9999.000,9999.000
202608070924,   2.392,9999.000,9999.000,9999.000,9999.000,9999.000,9999.000,9999.000,9999.000
202608070930,   2.358,9999.000,9999.000,9999.000,9999.000,9999.000,9999.000,9999.000,9999.000
202608070936,   2.323,9999.000,9999.000,9999.000,9999.000,9999.000,9999.000,9999.000,9999.000
202608070942,   2.286,9999.000,9999.000,9999.000,9999.000,9999.000,9999.000,9999.000,9999.000
202608070948,   2.247,9999.000,9999.000,9999.000,9999.000,9999.000,9999.000,9999.000,9999.000
202608070954,   2.205,9999.000,9999.000,9999.000,9999.000,9999.000,9999.000,9999.000,9999.000
202608071000,   2.163,9999.000,   0.000,   0.142,   2.305,  -0.100,   2.205,   0.100,   2.405
202608071006,   2.118,9999.000,9999.000,9999.000,9999.000,9999.000,9999.000,9999.000,9999.000
202608071012,   2.073,9999.000,9999.000,9999.000,9999.000,9999.000,9999.000,9999.000,9999.000
202608071018,   2.025,9999.000,9999.000,9999.000,9999.000,9999.000,9999.000,9999.000,9999.000
202608071024,   1.977,9999.000,9999.000,9999.000,9999.000,9999.000,9999.000,9999.000,9999.000
202608071030,   1.928,9999.000,9999.000,9999.000,9999.000,9999.000,9999.000,9999.000,9999.000
202608071036,   1.878,9999.000,9999.000,9999.000,9999.000,9999.000,9999.000,9999.000,9999.000
202608071042,   1.827,9999.000,9999.000,9999.000,9999.000,9999.000,9999.000,9999.000,9999.000
202608071048,   1.776,9999.000,9999.000,9999.000,9999.000,9999.000,9999.000,9999.000,9999.000
202608071054,   1.723,9999.000,9999.000,9999.000,9999.000,9999.000,9999.000,9999.000,9999.000
202608071100,   1.671,9999.000,   0.000,   0.142,   1.813,  -0.100,   1.713,   0.100,   1.913
202608071106,   1.618,9999.000,9999.000,9999.000,9999.000,9999.000,9999.000,9999.000,9999.000
202608071112,   1.565,9999.000,9999.000,9999.000,9999.000,9999.000,9999.000,9999.000,9999.000
202608071118,   1.511,9999.000,9999.000,9999.000,9999.000,9999.000,9999.000,9999.000,9999.000
202608071124,   1.458,9999.000,9999.000,9999.000,9999.000,9999.000,9999.000,9999.000,9999.000
202608071130,   1.404,9999.000,9999.000,9999.000,9999.000,9999.000,9999.000,9999.000,9999.000
202608071136,   1.351,9999.000,9999.000,9999.000,9999.000,9999.000,9999.000,9999.000,9999.000
202608071142,   1.297,9999.000,9999.000,9999.000,9999.000,9999.000,9999.000,9999.000,9999.000
202608071148,   1.244,9999.000,9999.000,9999.000,9999.000,9999.000,9999.000,9999.000,9999.000
202608071154,   1.191,9999.000,9999.000,9999.000,9999.000,9999.000,9999.000,9999.000,9999.000
202608071200,   1.139,9999.000,   0.000,   0.142,   1.281,  -0.100,   1.181,   0.100,   1.381
202608071206,   1.087,9999.000,9999.000,9999.000,9999.000,9999.000,9999.000,9999.000,9999.000
202608071212,   1.035,9999.000,9999.000,9999.000,9999.000,9999.000,9999.000,9999.000,9999.000
202608071218,   0.985,9999.000,9999.000,9999.000,9999.000,9999.000,9999.000,9999.000,9999.000
202608071224,   0.935,9999.000,9999.000,9999.000,9999.000,9999.000,9999.000,9999.000,9999.000
202608071230,   0.885,9999.000,9999.000,9999.000,9999.000,9999.000,9999.000,9999.000,9999.000
202608071236,   0.837,9999.000,9999.000,9999.000,9999.000,9999.000,9999.000,9999.000,9999.000
202608071242,   0.790,9999.000,9999.000,9999.000,9999.000,9999.000,9999.000,9999.000,9999.000
202608071248,   0.744,9999.000,9999.000,9999.000,9999.000,9999.000,9999.000,9999.000,9999.000
202608071254,   0.700,9999.000,9999.000,9999.000,9999.000,9999.000,9999.000,9999.000,9999.000
202608071300,   0.657,9999.000,   0.000,   0.142,   0.799,  -0.100,   0.699,   0.100,   0.899
202608071306,   0.615,9999.000,9999.000,9999.000,9999.000,9999.000,9999.000,9999.000,9999.000
202608071312,   0.576,9999.000,9999.000,9999.000,9999.000,9999.000,9999.000,9999.000,9999.000
202608071318,   0.538,9999.000,9999.000,9999.000,9999.000,9999.000,9999.000,9999.000,9999.000
202608071324,   0.503,9999.000,9999.000,9999.000,9999.000,9999.000,9999.000,9999.000,9999.000
202608071330,   0.470,9999.000,9999.000,9999.000,9999.000,9999.000,9999.000,9999.000,9999.000
202608071336,   0.440,9999.000,9999.000,9999.000,9999.000,9999.000,9999.000,9999.000,9999.000
202608071342,   0.412,9999.000,9999.000,9999.000,9999.000,9999.000,9999.000,9999.000,9999.000
202608071348,   0.388,9999.000,9999.000,9999.000,9999.000,9999.000,9999.000,9999.000,9999.000
202608071354,   0.366,9999.000,9999.000,9999.000,9999.000,9999.000,9999.000,9999.000,9999.000
202608071400,   0.348,9999.000,   0.000,   0.142,   0.490,  -0.100,   0.390,   0.100,   0.590
202608071406,   0.333,9999.000,9999.000,9999.000,9999.000,9999.000,9999.000,9999.000,9999.000
202608071412,   0.321,9999.000,9999.000,9999.000,9999.000,9999.000,9999.000,9999.000,9999.000
202608071418,   0.314,9999.000,9999.000,9999.000,9999.000,9999.000,9999.000,9999.000,9999.000
202608071424,   0.309,9999.000,9999.000,9999.000,9999.000,9999.000,9999.000,9999.000,9999.000
202608071430,   0.309,9999.000,9999.000,9999.000,9999.000,9999.000,9999.000,9999.000,9999.000
202608071436,   0.312,9999.000,9999.000,9999.000,9999.000,9999.000,9999.000,9999.000,9999.000
202608071442,   0.319,9999.000,9999.000,9999.000,9999.000,9999.000,9999.000,9999.000,9999.000
202608071448,   0.330,9999.000,9999.000,9999.000,9999.000,9999.000,9999.000,9999.000,9999.000
202608071454,   0.345,9999.000,9999.000,9999.000,9999.000,9999.000,9999.000,9999.000,9999.000
202608071500,   0.364,9999.000,   0.000,   0.142,   0.506,  -0.100,   0.406,   0.100,   0.606
202608071506,   0.386,9999.000,9999.000,9999.000,9999.000,9999.000,9999.000,9999.000,9999.000
202608071512,   0.412,9999.000,9999.000,9999.000,9999.000,9999.000,9999.000,9999.000,9999.000
202608071518,   0.442,9999.000,9999.000,9999.000,9999.000,9999.000,9999.000,9999.000,9999.000
202608071524,   0.475,9999.000,9999.000,9999.000,9999.000,9999.000,9999.000,9999.000,9999.000
202608071530,   0.511,9999.000,9999.000,9999.000,9999.000,9999.000,9999.000,9999.000,9999.000
202608071536,   0.550,9999.000,9999.000,9999.000,9999.000,9999.000,9999.000,9999.000,9999.000
202608071542,   0.592,9999.000,9999.000,9999.000,9999.000,9999.000,9999.000,9999.000,9999.000
202608071548,   0.638,9999.000,9999.000,9999.000,9999.000,9999.000,9999.000,9999.000,9999.000
202608071554,   0.685,9999.000,9999.000,9999.000,9999.000,9999.000,9999.000,9999.000,9999.000
202608071600,   0.736,9999.000,   0.000,   0.142,   0.878,  -0.100,   0.778,   0.100,   0.978
202608071606,   0.788,9999.000,9999.000,9999.000,9999.000,9999.000,9999.000,9999.000,9999.000
202608071612,   0.843,9999.000,9999.000,9999.000,9999.000,9999.000,9999.000,9999.000,9999.000
202608071618,   0.900,9999.000,9999.000,9999.000,9999.000,9999.000,9999.000,9999.000,9999.000
202608071624,   0.958,9999.000,9999.000,9999.000,9999.000,9999.000,9999.000,9999.000,9999.000
202608071630,   1.018,9999.000,9999.000,9999.000,9999.000,9999.000,9999.000,9999.000,9999.000
202608071636,   1.080,9999.000,9999.000,9999.000,9999.000,9999.000,9999.000,9999.000,9999.000
202608071642,   1.143,9999.000,9999.000,9999.000,9999.000,9999.000,9999.000,9999.000,9999.000
202608071648,   1.207,9999.000,9999.000,9999.000,9999.000,9999.000,9999.000,9999.000,9999.000
202608071654,   1.273,9999.000,9999.000,9999.000,9999.000,9999.000,9999.000,9999.000,9999.000
202608071700,   1.339,9999.000,   0.000,   0.142,   1.481,  -0.100,   1.381,   0.100,   1.581
202608071706,   1.406,9999.000,9999.000,9999.000,9999.000,9999.000,9999.000,9999.000,9999.000
202608071712,   1.475,9999.000,9999.000,9999.000,9999.000,9999.000,9999.000,9999.000,9999.000
202608071718,   1.543,9999.000,9999.000,9999.000,9999.000,9999.000,9999.000,9999.000,9999.000
202608071724,   1.612,9999.000,9999.000,9999.000,9999.000,9999.000,9999.000,9999.000,9999.000
202608071730,   1.682,9999.000,9999.000,9999.000,9999.000,9999.000,9999.000,9999.000,9999.000
202608071736,   1.752,9999.000,9999.000,9999.000,9999.000,9999.000,9999.000,9999.000,9999.000
202608071742,   1.822,9999.000,9999.000,9999.000,9999.000,9999.000,9999.000,9999.000,9999.000
202608071748,   1.892,9999.000,9999.000,9999.000,9999.000,9999.000,9999.000,9999.000,9999.000
202608071754,   1.963,9999.000,9999.000,9999.000,9999.000,9999.000,9999.000,9999.000,9999.000
202608071800,   2.033,9999.000,   0.000,   0.142,   2.175,   0.000,   2.175,   0.100,   2.275
202608071806,   2.102,9999.000,9999.000,9999.000,9999.000,9999.000,9999.000,9999.000,9999.000
202608071812,   2.171,9999.000,9999.000,9999.000,9999.000,9999.000,9999.000,9999.000,9999.000
202608071818,   2.240,9999.000,9999.000,9999.000,9999.000,9999.000,9999.000,9999.000,9999.000
202608071824,   2.308,9999.000,9999.000,9999.000,9999.000,9999.000,9999.000,9999.000,9999.000
202608071830,   2.375,9999.000,9999.000,9999.000,9999.000,9999.000,9999.000,9999.000,9999.000
202608071836,   2.440,9999.000,9999.000,9999.000,9999.000,9999.000,9999.000,9999.000,9999.000
202608071842,   2.505,9999.000,9999.000,9999.000,9999.000,9999.000,9999.000,9999.000,9999.000
202608071848,   2.568,9999.000,9999.000,9999.000,9999.000,9999.000,9999.000,9999.000,9999.000
202608071854,   2.629,9999.000,9999.000,9999.000,9999.000,9999.000,9999.000,9999.000,9999.000
202608071900,   2.689,9999.000,   0.000,   0.142,   2.831,   0.000,   2.831,   0.100,   2.931
202608071906,   2.747,9999.000,9999.000,9999.000,9999.000,9999.000,9999.000,9999.000,9999.000
202608071912,   2.802,9999.000,9999.000,9999.000,9999.000,9999.000,9999.000,9999.000,9999.000
202608071918,   2.855,9999.000,9999.000,9999.000,9999.000,9999.000,9999.000,9999.000,9999.000
202608071924,   2.906,9999.000,9999.000,9999.000,9999.000,9999.000,9999.000,9999.000,9999.000
202608071930,   2.954,9999.000,9999.000,9999.000,9999.000,9999.000,9999.000,9999.000,9999.000
202608071936,   2.999,9999.000,9999.000,9999.000,9999.000,9999.000,9999.000,9999.000,9999.000
202608071942,   3.041,9999.000,9999.000,9999.000,9999.000,9999.000,9999.000,9999.000,9999.000
202608071948,   3.080,9999.000,9999.000,9999.000,9999.000,9999.000,9999.000,9999.000,9999.000
202608071954,   3.117,9999.000,9999.000,9999.000,9999.000,9999.000,9999.000,9999.000,9999.000
202608072000,   3.150,9999.000,   0.000,   0.142,   3.292,   0.000,   3.292,   0.100,   3.392
202608072006,   3.179,9999.000,9999.000,9999.000,9999.000,9999.000,9999.000,9999.000,9999.000
202608072012,   3.206,9999.000,9999.000,9999.000,9999.000,9999.000,9999.000,9999.000,9999.000
202608072018,   3.229,9999.000,9999.000,9999.000,9999.000,9999.000,9999.000,9999.000,9999.000
202608072024,   3.249,9999.000,9999.000,9999.000,9999.000,9999.000,9999.000,9999.000,9999.000
202608072030,   3.265,9999.000,9999.000,9999.000,9999.000,9999.000,9999.000,9999.000,9999.000
202608072036,   3.278,9999.000,9999.000,9999.000,9999.000,9999.000,9999.000,9999.000,9999.000
202608072042,   3.287,9999.000,9999.000,9999.000,9999.000,9999.000,9999.000,9999.000,9999.000
202608072048,   3.294,9999.000,9999.000,9999.000,9999.000,9999.000,9999.000,9999.000,9999.000
202608072054,   3.296,9999.000,9999.000,9999.000,9999.000,9999.000,9999.000,9999.000,9999.000
202608072100,   3.296,9999.000,   0.000,   0.142,   3.438,   0.000,   3.438,   0.200,   3.638
202608072106,   3.293,9999.000,9999.000,9999.000,9999.000,9999.000,9999.000,9999.000,9999.000
202608072112,   3.286,9999.000,9999.000,9999.000,9999.000,9999.000,9999.000,9999.000,9999.000
202608072118,   3.276,9999.000,9999.000,9999.000,9999.000,9999.000,9999.000,9999.000,9999.000
202608072124,   3.264,9999.000,9999.000,9999.000,9999.000,9999.000,9999.000,9999.000,9999.000
202608072130,   3.248,9999.000,9999.000,9999.000,9999.000,9999.000,9999.000,9999.000,9999.000
202608072136,   3.230,9999.000,9999.000,9999.000,9999.000,9999.000,9999.000,9999.000,9999.000
202608072142,   3.209,9999.000,9999.000,9999.000,9999.000,9999.000,9999.000,9999.000,9999.000
202608072148,   3.186,9999.000,9999.000,9999.000,9999.000,9999.000,9999.000,9999.000,9999.000
202608072154,   3.160,9999.000,9999.000,9999.000,9999.000,9999.000,9999.000,9999.000,9999.000
202608072200,   3.131,9999.000,   0.000,   0.142,   3.273,   0.000,   3.273,   0.200,   3.473
202608072206,   3.100,9999.000,9999.000,9999.000,9999.000,9999.000,9999.000,9999.000,9999.000
202608072212,   3.067,9999.000,9999.000,9999.000,9999.000,9999.000,9999.000,9999.000,9999.000
202608072218,   3.032,9999.000,9999.000,9999.000,9999.000,9999.000,9999.000,9999.000,9999.000
202608072224,   2.995,9999.000,9999.000,9999.000,9999.000,9999.000,9999.000,9999.000,9999.000
202608072230,   2.956,9999.000,9999.000,9999.000,9999.000,9999.000,9999.000,9999.000,9999.000
202608072236,   2.915,9999.000,9999.000,9999.000,9999.000,9999.000,9999.000,9999.000,9999.000
202608072242,   2.872,9999.000,9999.000,9999.000,9999.000,9999.000,9999.000,9999.000,9999.000
202608072248,   2.828,9999.000,9999.000,9999.000,9999.000,9999.000,9999.000,9999.000,9999.000
202608072254,   2.782,9999.000,9999.000,9999.000,9999.000,9999.000,9999.000,9999.000,9999.000
202608072300,   2.734,9999.000,   0.000,   0.142,   2.876,   0.000,   2.876,   0.200,   3.076
202608072306,   2.685,9999.000,9999.000,9999.000,9999.000,9999.000,9999.000,9999.000,9999.000
202608072312,   2.635,9999.000,9999.000,9999.000,9999.000,9999.000,9999.000,9999.000,9999.000
202608072318,   2.584,9999.000,9999.000,9999.000,9999.000,9999.000,9999.000,9999.000,9999.000
202608072324,   2.531,9999.000,9999.000,9999.000,9999.000,9999.000,9999.000,9999.000,9999.000
202608072330,   2.477,9999.000,9999.000,9999.000,9999.000,9999.000,9999.000,9999.000,9999.000
202608072336,   2.422,9999.000,9999.000,9999.000,9999.000,9999.000,9999.000,9999.000,9999.000
202608072342,   2.366,9999.000,9999.000,9999.000,9999.000,9999.000,9999.000,9999.000,9999.000
202608072348,   2.310,9999.000,9999.000,9999.000,9999.000,9999.000,9999.000,9999.000,9999.000
202608072354,   2.252,9999.000,9999.000,9999.000,9999.000,9999.000,9999.000,9999.000,9999.000
202608080000,   2.194,9999.000,   0.100,   0.142,   2.436,   0.000,   2.336,   0.200,   2.536
202608080006,   2.135,9999.000,9999.000,9999.000,9999.000,9999.000,9999.000,9999.000,9999.000
202608080012,   2.075,9999.000,9999.000,9999.000,9999.000,9999.000,9999.000,9999.000,9999.000
202608080018,   2.015,9999.000,9999.000,9999.000,9999.000,9999.000,9999.000,9999.000,9999.000
202608080024,   1.954,9999.000,9999.000,9999.000,9999.000,9999.000,9999.000,9999.000,9999.000
202608080030,   1.893,9999.000,9999.000,9999.000,9999.000,9999.000,9999.000,9999.000,9999.000
202608080036,   1.832,9999.000,9999.000,9999.000,9999.000,9999.000,9999.000,9999.000,9999.000
202608080042,   1.770,9999.000,9999.000,9999.000,9999.000,9999.000,9999.000,9999.000,9999.000
202608080048,   1.709,9999.000,9999.000,9999.000,9999.000,9999.000,9999.000,9999.000,9999.000
202608080054,   1.647,9999.000,9999.000,9999.000,9999.000,9999.000,9999.000,9999.000,9999.000
202608080100,   1.585,9999.000,   0.100,   0.142,   1.827,   0.000,   1.727,   0.200,   1.927
202608080106,   1.524,9999.000,9999.000,9999.000,9999.000,9999.000,9999.000,9999.000,9999.000
202608080112,   1.463,9999.000,9999.000,9999.000,9999.000,9999.000,9999.000,9999.000,9999.000
202608080118,   1.403,9999.000,9999.000,9999.000,9999.000,9999.000,9999.000,9999.000,9999.000
202608080124,   1.343,9999.000,9999.000,9999.000,9999.000,9999.000,9999.000,9999.000,9999.000
202608080130,   1.284,9999.000,9999.000,9999.000,9999.000,9999.000,9999.000,9999.000,9999.000
202608080136,   1.226,9999.000,9999.000,9999.000,9999.000,9999.000,9999.000,9999.000,9999.000
202608080142,   1.170,9999.000,9999.000,9999.000,9999.000,9999.000,9999.000,9999.000,9999.000
202608080148,   1.114,9999.000,9999.000,9999.000,9999.000,9999.000,9999.000,9999.000,9999.000
202608080154,   1.061,9999.000,9999.000,9999.000,9999.000,9999.000,9999.000,9999.000,9999.000
202608080200,   1.008,9999.000,   0.100,   0.142,   1.250,  -0.100,   1.050,   0.200,   1.350
202608080206,   0.958,9999.000,9999.000,9999.000,9999.000,9999.000,9999.000,9999.000,9999.000
202608080212,   0.910,9999.000,9999.000,9999.000,9999.000,9999.000,9999.000,9999.000,9999.000
202608080218,   0.864,9999.000,9999.000,9999.000,9999.000,9999.000,9999.000,9999.000,9999.000
202608080224,   0.821,9999.000,9999.000,9999.000,9999.000,9999.000,9999.000,9999.000,9999.000
202608080230,   0.780,9999.000,9999.000,9999.000,9999.000,9999.000,9999.000,9999.000,9999.000
202608080236,   0.742,9999.000,9999.000,9999.000,9999.000,9999.000,9999.000,9999.000,9999.000
202608080242,   0.707,9999.000,9999.000,9999.000,9999.000,9999.000,9999.000,9999.000,9999.000
202608080248,   0.675,9999.000,9999.000,9999.000,9999.000,9999.000,9999.000,9999.000,9999.000
202608080254,   0.646,9999.000,9999.000,9999.000,9999.000,9999.000,9999.000,9999.000,9999.000
202608080300,   0.620,9999.000,   0.000,   0.142,   0.762,  -0.100,   0.662,   0.200,   0.962
202608080306,   0.597,9999.000,9999.000,9999.000,9999.000,9999.000,9999.000,9999.000,9999.000
202608080312,   0.578,9999.000,9999.000,9999.000,9999.000,9999.000,9999.000,9999.000,9999.000
202608080318,   0.562,9999.000,9999.000,9999.000,9999.000,9999.000,9999.000,9999.000,9999.000
202608080324,   0.550,9999.000,9999.000,9999.000,9999.000,9999.000,9999.000,9999.000,9999.000
202608080330,   0.541,9999.000,9999.000,9999.000,9999.000,9999.000,9999.000,9999.000,9999.000
202608080336,   0.535,9999.000,9999.000,9999.000,9999.000,9999.000,9999.000,9999.000,9999.000
202608080342,   0.533,9999.000,9999.000,9999.000,9999.000,9999.000,9999.000,9999.000,9999.000
202608080348,   0.534,9999.000,9999.000,9999.000,9999.000,9999.000,9999.000,9999.000,9999.000
202608080354,   0.538,9999.000,9999.000,9999.000,9999.000,9999.000,9999.000,9999.000,9999.000
202608080400,   0.545,9999.000,   0.000,   0.142,   0.687,  -0.200,   0.487,   0.200,   0.887
202608080406,   0.556,9999.000,9999.000,9999.000,9999.000,9999.000,9999.000,9999.000,9999.000
202608080412,   0.569,9999.000,9999.000,9999.000,9999.000,9999.000,9999.000,9999.000,9999.000
202608080418,   0.585,9999.000,9999.000,9999.000,9999.000,9999.000,9999.000,9999.000,9999.000
202608080424,   0.604,9999.000,9999.000,9999.000,9999.000,9999.000,9999.000,9999.000,9999.000
202608080430,   0.626,9999.000,9999.000,9999.000,9999.000,9999.000,9999.000,9999.000,9999.000
202608080436,   0.650,9999.000,9999.000,9999.000,9999.000,9999.000,9999.000,9999.000,9999.000
202608080442,   0.677,9999.000,9999.000,9999.000,9999.000,9999.000,9999.000,9999.000,9999.000
202608080448,   0.707,9999.000,9999.000,9999.000,9999.000,9999.000,9999.000,9999.000,9999.000
202608080454,   0.738,9999.000,9999.000,9999.000,9999.000,9999.000,9999.000,9999.000,9999.000
202608080500,   0.772,9999.000,   0.000,   0.142,   0.914,  -0.200,   0.714,   0.100,   1.014
202608080506,   0.808,9999.000,9999.000,9999.000,9999.000,9999.000,9999.000,9999.000,9999.000
202608080512,   0.845,9999.000,9999.000,9999.000,9999.000,9999.000,9999.000,9999.000,9999.000
202608080518,   0.885,9999.000,9999.000,9999.000,9999.000,9999.000,9999.000,9999.000,9999.000
202608080524,   0.926,9999.000,9999.000,9999.000,9999.000,9999.000,9999.000,9999.000,9999.000
202608080530,   0.970,9999.000,9999.000,9999.000,9999.000,9999.000,9999.000,9999.000,9999.000
202608080536,   1.014,9999.000,9999.000,9999.000,9999.000,9999.000,9999.000,9999.000,9999.000
202608080542,   1.061,9999.000,9999.000,9999.000,9999.000,9999.000,9999.000,9999.000,9999.000
202608080548,   1.108,9999.000,9999.000,9999.000,9999.000,9999.000,9999.000,9999.000,9999.000
202608080554,   1.157,9999.000,9999.000,9999.000,9999.000,9999.000,9999.000,9999.000,9999.000
202608080600,   1.208,9999.000,   0.000,   0.142,   1.350,  -0.200,   1.150,   0.100,   1.450
202608080606,   1.259,9999.000,9999.000,9999.000,9999.000,9999.000,9999.000,9999.000,9999.000
202608080612,   1.311,9999.000,9999.000,9999.000,9999.000,9999.000,9999.000,9999.000,9999.000
202608080618,   1.365,9999.000,9999.000,9999.000,9999.000,9999.000,9999.000,9999.000,9999.000
202608080624,   1.419,9999.000,9999.000,9999.000,9999.000,9999.000,9999.000,9999.000,9999.000
202608080630,   1.473,9999.000,9999.000,9999.000,9999.000,9999.000,9999.000,9999.000,9999.000
202608080636,   1.528,9999.000,9999.000,9999.000,9999.000,9999.000,9999.000,9999.000,9999.000
202608080642,   1.583,9999.000,9999.000,9999.000,9999.000,9999.000,9999.000,9999.000,9999.000
202608080648,   1.639,9999.000,9999.000,9999.000,9999.000,9999.000,9999.000,9999.000,9999.000
202608080654,   1.694,9999.000,9999.000,9999.000,9999.000,9999.000,9999.000,9999.000,9999.000
202608080700,   1.749,9999.000,  -0.100,   0.142,   1.791,  -0.200,   1.691,   0.100,   1.991
202608080706,   1.803,9999.000,9999.000,9999.000,9999.000,9999.000,9999.000,9999.000,9999.000
202608080712,   1.857,9999.000,9999.000,9999.000,9999.000,9999.000,9999.000,9999.000,9999.000
202608080718,   1.910,9999.000,9999.000,9999.000,9999.000,9999.000,9999.000,9999.000,9999.000
202608080724,   1.962,9999.000,9999.000,9999.000,9999.000,9999.000,9999.000,9999.000,9999.000
202608080730,   2.013,9999.000,9999.000,9999.000,9999.000,9999.000,9999.000,9999.000,9999.000
202608080736,   2.062,9999.000,9999.000,9999.000,9999.000,9999.000,9999.000,9999.000,9999.000
202608080742,   2.110,9999.000,9999.000,9999.000,9999.000,9999.000,9999.000,9999.000,9999.000
202608080748,   2.156,9999.000,9999.000,9999.000,9999.000,9999.000,9999.000,9999.000,9999.000
202608080754,   2.200,9999.000,9999.000,9999.000,9999.000,9999.000,9999.000,9999.000,9999.000
202608080800,   2.243,9999.000,  -0.100,   0.142,   2.285,  -0.300,   2.085,   0.100,   2.485
202608080806,   2.282,9999.000,9999.000,9999.000,9999.000,9999.000,9999.000,9999.000,9999.000
202608080812,   2.320,9999.000,9999.000,9999.000,9999.000,9999.000,9999.000,9999.000,9999.000
202608080818,   2.355,9999.000,9999.000,9999.000,9999.000,9999.000,9999.000,9999.000,9999.000
202608080824,   2.387,9999.000,9999.000,9999.000,9999.000,9999.000,9999.000,9999.000,9999.000
202608080830,   2.417,9999.000,9999.000,9999.000,9999.000,9999.000,9999.000,9999.000,9999.000
202608080836,   2.444,9999.000,9999.000,9999.000,9999.000,9999.000,9999.000,9999.000,9999.000
202608080842,   2.468,9999.000,9999.000,9999.000,9999.000,9999.000,9999.000,9999.000,9999.000
202608080848,   2.490,9999.000,9999.000,9999.000,9999.000,9999.000,9999.000,9999.000,9999.000
202608080854,   2.508,9999.000,9999.000,9999.000,9999.000,9999.000,9999.000,9999.000,9999.000
202608080900,   2.523,9999.000,  -0.100,   0.142,   2.565,  -0.200,   2.465,   0.100,   2.765
202608080906,   2.536,9999.000,9999.000,9999.000,9999.000,9999.000,9999.000,9999.000,9999.000
202608080912,   2.546,9999.000,9999.000,9999.000,9999.000,9999.000,9999.000,9999.000,9999.000
202608080918,   2.552,9999.000,9999.000,9999.000,9999.000,9999.000,9999.000,9999.000,9999.000
202608080924,   2.556,9999.000,9999.000,9999.000,9999.000,9999.000,9999.000,9999.000,9999.000
202608080930,   2.556,9999.000,9999.000,9999.000,9999.000,9999.000,9999.000,9999.000,9999.000
202608080936,   2.554,9999.000,9999.000,9999.000,9999.000,9999.000,9999.000,9999.000,9999.000
202608080942,   2.549,9999.000,9999.000,9999.000,9999.000,9999.000,9999.000,9999.000,9999.000
202608080948,   2.541,9999.000,9999.000,9999.000,9999.000,9999.000,9999.000,9999.000,9999.000
202608080954,   2.530,9999.000,9999.000,9999.000,9999.000,9999.000,9999.000,9999.000,9999.000
202608081000,   2.517,9999.000,  -0.100,   0.142,   2.559,  -0.300,   2.359,   0.100,   2.759
202608081006,   2.501,9999.000,9999.000,9999.000,9999.000,9999.000,9999.000,9999.000,9999.000
202608081012,   2.482,9999.000,9999.000,9999.000,9999.000,9999.000,9999.000,9999.000,9999.000
202608081018,   2.460,9999.000,9999.000,9999.000,9999.000,9999.000,9999.000,9999.000,9999.000
202608081024,   2.436,9999.000,9999.000,9999.000,9999.000,9999.000,9999.000,9999.000,9999.000
202608081030,   2.410,9999.000,9999.000,9999.000,9999.000,9999.000,9999.000,9999.000,9999.000
202608081036,   2.381,9999.000,9999.000,9999.000,9999.000,9999.000,9999.000,9999.000,9999.000
202608081042,   2.350,9999.000,9999.000,9999.000,9999.000,9999.000,9999.000,9999.000,9999.000
202608081048,   2.316,9999.000,9999.000,9999.000,9999.000,9999.000,9999.000,9999.000,9999.000
202608081054,   2.281,9999.000,9999.000,9999.000,9999.000,9999.000,9999.000,9999.000,9999.000
202608081100,   2.243,9999.000,  -0.100,   0.142,   2.285,  -0.300,   2.085,   0.100,   2.485
202608081106,   2.204,9999.000,9999.000,9999.000,9999.000,9999.000,9999.000,9999.000,9999.000
202608081112,   2.162,9999.000,9999.000,9999.000,9999.000,9999.000,9999.000,9999.000,9999.000
202608081118,   2.119,9999.000,9999.000,9999.000,9999.000,9999.000,9999.000,9999.000,9999.000
202608081124,   2.074,9999.000,9999.000,9999.000,9999.000,9999.000,9999.000,9999.000,9999.000
202608081130,   2.028,9999.000,9999.000,9999.000,9999.000,9999.000,9999.000,9999.000,9999.000
202608081136,   1.980,9999.000,9999.000,9999.000,9999.000,9999.000,9999.000,9999.000,9999.000
202608081142,   1.930,9999.000,9999.000,9999.000,9999.000,9999.000,9999.000,9999.000,9999.000
202608081148,   1.880,9999.000,9999.000,9999.000,9999.000,9999.000,9999.000,9999.000,9999.000
202608081154,   1.828,9999.000,9999.000,9999.000,9999.000,9999.000,9999.000,9999.000,9999.000
202608081200,   1.775,9999.000,  -0.100,   0.142,   1.817,  -0.300,   1.617,   0.100,   2.017
202608081206,   1.722,9999.000,9999.000,9999.000,9999.000,9999.000,9999.000,9999.000,9999.000
202608081212,   1.667,9999.000,9999.000,9999.000,9999.000,9999.000,9999.000,9999.000,9999.000
202608081218,   1.612,9999.000,9999.000,9999.000,9999.000,9999.000,9999.000,9999.000,9999.000
202608081224,   1.557,9999.000,9999.000,9999.000,9999.000,9999.000,9999.000,9999.000,9999.000
202608081230,   1.501,9999.000,9999.000,9999.000,9999.000,9999.000,9999.000,9999.000,9999.000
202608081236,   1.444,9999.000,9999.000,9999.000,9999.000,9999.000,9999.000,9999.000,9999.000
202608081242,   1.388,9999.000,9999.000,9999.000,9999.000,9999.000,9999.000,9999.000,9999.000
202608081248,   1.331,9999.000,9999.000,9999.000,9999.000,9999.000,9999.000,9999.000,9999.000
202608081254,   1.275,9999.000,9999.000,9999.000,9999.000,9999.000,9999.000,9999.000,9999.000
202608081300,   1.218,9999.000,  -0.100,   0.142,   1.260,  -0.300,   1.060,   0.100,   1.460
202608081306,   1.162,9999.000,9999.000,9999.000,9999.000,9999.000,9999.000,9999.000,9999.000
202608081312,   1.107,9999.000,9999.000,9999.000,9999.000,9999.000,9999.000,9999.000,9999.000
202608081318,   1.052,9999.000,9999.000,9999.000,9999.000,9999.000,9999.000,9999.000,9999.000
202608081324,   0.997,9999.000,9999.000,9999.000,9999.000,9999.000,9999.000,9999.000,9999.000
202608081330,   0.944,9999.000,9999.000,9999.000,9999.000,9999.000,9999.000,9999.000,9999.000
202608081336,   0.891,9999.000,9999.000,9999.000,9999.000,9999.000,9999.000,9999.000,9999.000
202608081342,   0.840,9999.000,9999.000,9999.000,9999.000,9999.000,9999.000,9999.000,9999.000
202608081348,   0.790,9999.000,9999.000,9999.000,9999.000,9999.000,9999.000,9999.000,9999.000
202608081354,   0.741,9999.000,9999.000,9999.000,9999.000,9999.000,9999.000,9999.000,9999.000
202608081400,   0.694,9999.000,  -0.100,   0.142,   0.736,  -0.200,   0.636,   0.100,   0.936
202608081406,   0.649,9999.000,9999.000,9999.000,9999.000,9999.000,9999.000,9999.000,9999.000
202608081412,   0.605,9999.000,9999.000,9999.000,9999.000,9999.000,9999.000,9999.000,9999.000
202608081418,   0.564,9999.000,9999.000,9999.000,9999.000,9999.000,9999.000,9999.000,9999.000
202608081424,   0.525,9999.000,9999.000,9999.000,9999.000,9999.000,9999.000,9999.000,9999.000
202608081430,   0.489,9999.000,9999.000,9999.000,9999.000,9999.000,9999.000,9999.000,9999.000
202608081436,   0.455,9999.000,9999.000,9999.000,9999.000,9999.000,9999.000,9999.000,9999.000
202608081442,   0.424,9999.000,9999.000,9999.000,9999.000,9999.000,9999.000,9999.000,9999.000
202608081448,   0.397,9999.000,9999.000,9999.000,9999.000,9999.000,9999.000,9999.000,9999.000
202608081454,   0.372,9999.000,9999.000,9999.000,9999.000,9999.000,9999.000,9999.000,9999.000
202608081500,   0.350,9999.000,  -0.100,   0.142,   0.392,  -0.200,   0.292,   0.100,   0.592
202608081506,   0.332,9999.000,9999.000,9999.000,9999.000,9999.000,9999.000,9999.000,9999.000
202608081512,   0.317,9999.000,9999.000,9999.000,9999.000,9999.000,9999.000,9999.000,9999.000
202608081518,   0.306,9999.000,9999.000,9999.000,9999.000,9999.000,9999.000,9999.000,9999.000
202608081524,   0.298,9999.000,9999.000,9999.000,9999.000,9999.000,9999.000,9999.000,9999.000
202608081530,   0.294,9999.000,9999.000,9999.000,9999.000,9999.000,9999.000,9999.000,9999.000
202608081536,   0.294,9999.000,9999.000,9999.000,9999.000,9999.000,9999.000,9999.000,9999.000
202608081542,   0.297,9999.000,9999.000,9999.000,9999.000,9999.000,9999.000,9999.000,9999.000
202608081548,   0.305,9999.000,9999.000,9999.000,9999.000,9999.000,9999.000,9999.000,9999.000
202608081554,   0.316,9999.000,9999.000,9999.000,9999.000,9999.000,9999.000,9999.000,9999.000
202608081600,   0.330,9999.000,  -0.100,   0.142,   0.372,  -0.200,   0.272,   0.100,   0.572
202608081606,   0.349,9999.000,9999.000,9999.000,9999.000,9999.000,9999.000,9999.000,9999.000
202608081612,   0.371,9999.000,9999.000,9999.000,9999.000,9999.000,9999.000,9999.000,9999.000
202608081618,   0.396,9999.000,9999.000,9999.000,9999.000,9999.000,9999.000,9999.000,9999.000
202608081624,   0.425,9999.000,9999.000,9999.000,9999.000,9999.000,9999.000,9999.000,9999.000
202608081630,   0.458,9999.000,9999.000,9999.000,9999.000,9999.000,9999.000,9999.000,9999.000
202608081636,   0.493,9999.000,9999.000,9999.000,9999.000,9999.000,9999.000,9999.000,9999.000
202608081642,   0.532,9999.000,9999.000,9999.000,9999.000,9999.000,9999.000,9999.000,9999.000
202608081648,   0.573,9999.000,9999.000,9999.000,9999.000,9999.000,9999.000,9999.000,9999.000
202608081654,   0.618,9999.000,9999.000,9999.000,9999.000,9999.000,9999.000,9999.000,9999.000
202608081700,   0.665,9999.000,   0.000,   0.142,   0.807,  -0.200,   0.607,   0.100,   0.907
202608081706,   0.714,9999.000,9999.000,9999.000,9999.000,9999.000,9999.000,9999.000,9999.000
202608081712,   0.766,9999.000,9999.000,9999.000,9999.000,9999.000,9999.000,9999.000,9999.000
202608081718,   0.821,9999.000,9999.000,9999.000,9999.000,9999.000,9999.000,9999.000,9999.000
202608081724,   0.877,9999.000,9999.000,9999.000,9999.000,9999.000,9999.000,9999.000,9999.000
202608081730,   0.936,9999.000,9999.000,9999.000,9999.000,9999.000,9999.000,9999.000,9999.000
202608081736,   0.996,9999.000,9999.000,9999.000,9999.000,9999.000,9999.000,9999.000,9999.000
202608081742,   1.058,9999.000,9999.000,9999.000,9999.000,9999.000,9999.000,9999.000,9999.000
202608081748,   1.122,9999.000,9999.000,9999.000,9999.000,9999.000,9999.000,9999.000,9999.000
202608081754,   1.187,9999.000,9999.000,9999.000,9999.000,9999.000,9999.000,9999.000,9999.000
202608081800,   1.253,9999.000,   0.000,   0.142,   1.395,  -0.100,   1.295,   0.100,   1.495
202608081806,   1.321,9999.000,9999.000,9999.000,9999.000,9999.000,9999.000,9999.000,9999.000
202608081812,   1.390,9999.000,9999.000,9999.000,9999.000,9999.000,9999.000,9999.000,9999.000
202608081818,   1.460,9999.000,9999.000,9999.000,9999.000,9999.000,9999.000,9999.000,9999.000
202608081824,   1.530,9999.000,9999.000,9999.000,9999.000,9999.000,9999.000,9999.000,9999.000
202608081830,   1.601,9999.000,9999.000,9999.000,9999.000,9999.000,9999.000,9999.000,9999.000
202608081836,   1.673,9999.000,9999.000,9999.000,9999.000,9999.000,9999.000,9999.000,9999.000
202608081842,   1.745,9999.000,9999.000,9999.000,9999.000,9999.000,9999.000,9999.000,9999.000
202608081848,   1.817,9999.000,9999.000,9999.000,9999.000,9999.000,9999.000,9999.000,9999.000
202608081854,   1.890,9999.000,9999.000,9999.000,9999.000,9999.000,9999.000,9999.000,9999.000
202608081900,   1.962,9999.000,   0.000,   0.142,   2.104,  -0.100,   2.004,   0.100,   2.204
202608081906,   2.034,9999.000,9999.000,9999.000,9999.000,9999.000,9999.000,9999.000,9999.000
202608081912,   2.106,9999.000,9999.000,9999.000,9999.000,9999.000,9999.000,9999.000,9999.000
202608081918,   2.177,9999.000,9999.000,9999.000,9999.000,9999.000,9999.000,9999.000,9999.000
202608081924,   2.247,9999.000,9999.000,9999.000,9999.000,9999.000,9999.000,9999.000,9999.000
202608081930,   2.316,9999.000,9999.000,9999.000,9999.000,9999.000,9999.000,9999.000,9999.000
202608081936,   2.385,9999.000,9999.000,9999.000,9999.000,9999.000,9999.000,9999.000,9999.000
202608081942,   2.452,9999.000,9999.000,9999.000,9999.000,9999.000,9999.000,9999.000,9999.000
202608081948,   2.517,9999.000,9999.000,9999.000,9999.000,9999.000,9999.000,9999.000,9999.000
202608081954,   2.581,9999.000,9999.000,9999.000,9999.000,9999.000,9999.000,9999.000,9999.000
202608082000,   2.643,9999.000,   0.000,   0.142,   2.785,  -0.100,   2.685,   0.100,   2.885
202608082006,   2.703,9999.000,9999.000,9999.000,9999.000,9999.000,9999.000,9999.000,9999.000
202608082012,   2.761,9999.000,9999.000,9999.000,9999.000,9999.000,9999.000,9999.000,9999.000
202608082018,   2.817,9999.000,9999.000,9999.000,9999.000,9999.000,9999.000,9999.000,9999.000
202608082024,   2.871,9999.000,9999.000,9999.000,9999.000,9999.000,9999.000,9999.000,9999.000
202608082030,   2.922,9999.000,9999.000,9999.000,9999.000,9999.000,9999.000,9999.000,9999.000
202608082036,   2.971,9999.000,9999.000,9999.000,9999.000,9999.000,9999.000,9999.000,9999.000
202608082042,   3.017,9999.000,9999.000,9999.000,9999.000,9999.000,9999.000,9999.000,9999.000
202608082048,   3.060,9999.000,9999.000,9999.000,9999.000,9999.000,9999.000,9999.000,9999.000
202608082054,   3.101,9999.000,9999.000,9999.000,9999.000,9999.000,9999.000,9999.000,9999.000
202608082100,   3.138,9999.000,   0.000,   0.142,   3.280,  -0.100,   3.180,   0.200,   3.480
202608082106,   3.173,9999.000,9999.000,9999.000,9999.000,9999.000,9999.000,9999.000,9999.000
202608082112,   3.205,9999.000,9999.000,9999.000,9999.000,9999.000,9999.000,9999.000,9999.000
202608082118,   3.233,9999.000,9999.000,9999.000,9999.000,9999.000,9999.000,9999.000,9999.000
202608082124,   3.259,9999.000,9999.000,9999.000,9999.000,9999.000,9999.000,9999.000,9999.000
202608082130,   3.281,9999.000,9999.000,9999.000,9999.000,9999.000,9999.000,9999.000,9999.000
202608082136,   3.301,9999.000,9999.000,9999.000,9999.000,9999.000,9999.000,9999.000,9999.000
202608082142,   3.317,9999.000,9999.000,9999.000,9999.000,9999.000,9999.000,9999.000,9999.000
202608082148,   3.330,9999.000,9999.000,9999.000,9999.000,9999.000,9999.000,9999.000,9999.000
202608082154,   3.341,9999.000,9999.000,9999.000,9999.000,9999.000,9999.000,9999.000,9999.000
202608082200,   3.348,9999.000,   0.000,   0.142,   3.490,  -0.100,   3.390,   0.200,   3.690
202608082206,   3.352,9999.000,9999.000,9999.000,9999.000,9999.000,9999.000,9999.000,9999.000
202608082212,   3.353,9999.000,9999.000,9999.000,9999.000,9999.000,9999.000,9999.000,9999.000
202608082218,   3.350,9999.000,9999.000,9999.000,9999.000,9999.000,9999.000,9999.000,9999.000
202608082224,   3.345,9999.000,9999.000,9999.000,9999.000,9999.000,9999.000,9999.000,9999.000
202608082230,   3.337,9999.000,9999.000,9999.000,9999.000,9999.000,9999.000,9999.000,9999.000
202608082236,   3.326,9999.000,9999.000,9999.000,9999.000,9999.000,9999.000,9999.000,9999.000
202608082242,   3.312,9999.000,9999.000,9999.000,9999.000,9999.000,9999.000,9999.000,9999.000
202608082248,   3.294,9999.000,9999.000,9999.000,9999.000,9999.000,9999.000,9999.000,9999.000
202608082254,   3.274,9999.000,9999.000,9999.000,9999.000,9999.000,9999.000,9999.000,9999.000
202608082300,   3.251,9999.000,   0.000,   0.142,   3.393,  -0.100,   3.293,   0.200,   3.593
202608082306,   3.226,9999.000,9999.000,9999.000,9999.000,9999.000,9999.000,9999.000,9999.000
202608082312,   3.197,9999.000,9999.000,9999.000,9999.000,9999.000,9999.000,9999.000,9999.000
202608082318,   3.166,9999.000,9999.000,9999.000,9999.000,9999.000,9999.000,9999.000,9999.000
202608082324,   3.133,9999.000,9999.000,9999.000,9999.000,9999.000,9999.000,9999.000,9999.000
202608082330,   3.096,9999.000,9999.000,9999.000,9999.000,9999.000,9999.000,9999.000,9999.000
202608082336,   3.058,9999.000,9999.000,9999.000,9999.000,9999.000,9999.000,9999.000,9999.000
202608082342,   3.017,9999.000,9999.000,9999.000,9999.000,9999.000,9999.000,9999.000,9999.000
202608082348,   2.973,9999.000,9999.000,9999.000,9999.000,9999.000,9999.000,9999.000,9999.000
202608082354,   2.928,9999.000,9999.000,9999.000,9999.000,9999.000,9999.000,9999.000,9999.000
202608090000,   2.880,9999.000,   0.000,   0.142,   3.022,  -0.100,   2.922,   0.200,   3.222
202608090006,   2.831,9999.000,9999.000,9999.000,9999.000,9999.000,9999.000,9999.000,9999.000
202608090012,   2.779,9999.000,9999.000,9999.000,9999.000,9999.000,9999.000,9999.000,9999.000
202608090018,   2.726,9999.000,9999.000,9999.000,9999.000,9999.000,9999.000,9999.000,9999.000
202608090024,   2.671,9999.000,9999.000,9999.000,9999.000,9999.000,9999.000,9999.000,9999.000
202608090030,   2.614,9999.000,9999.000,9999.000,9999.000,9999.000,9999.000,9999.000,9999.000
202608090036,   2.557,9999.000,9999.000,9999.000,9999.000,9999.000,9999.000,9999.000,9999.000
202608090042,   2.497,9999.000,9999.000,9999.000,9999.000,9999.000,9999.000,9999.000,9999.000
202608090048,   2.437,9999.000,9999.000,9999.000,9999.000,9999.000,9999.000,9999.000,9999.000
202608090054,   2.375,9999.000,9999.000,9999.000,9999.000,9999.000,9999.000,9999.000,9999.000
202608090100,   2.312,9999.000,   0.000,   0.142,   2.454,  -0.100,   2.354,   0.200,   2.654
202608090106,   2.249,9999.000,9999.000,9999.000,9999.000,9999.000,9999.000,9999.000,9999.000
202608090112,   2.184,9999.000,9999.000,9999.000,9999.000,9999.000,9999.000,9999.000,9999.000
202608090118,   2.119,9999.000,9999.000,9999.000,9999.000,9999.000,9999.000,9999.000,9999.000
202608090124,   2.053,9999.000,9999.000,9999.000,9999.000,9999.000,9999.000,9999.000,9999.000
202608090130,   1.987,9999.000,9999.000,9999.000,9999.000,9999.000,9999.000,9999.000,9999.000
202608090136,   1.920,9999.000,9999.000,9999.000,9999.000,9999.000,9999.000,9999.000,9999.000
202608090142,   1.853,9999.000,9999.000,9999.000,9999.000,9999.000,9999.000,9999.000,9999.000
202608090148,   1.786,9999.000,9999.000,9999.000,9999.000,9999.000,9999.000,9999.000,9999.000
202608090154,   1.719,9999.000,9999.000,9999.000,9999.000,9999.000,9999.000,9999.000,9999.000
202608090200,   1.652,9999.000,   0.000,   0.142,   1.794,  -0.200,   1.594,   0.200,   1.994
202608090206,   1.585,9999.000,9999.000,9999.000,9999.000,9999.000,9999.000,9999.000,9999.000
202608090212,   1.518,9999.000,9999.000,9999.000,9999.000,9999.000,9999.000,9999.000,9999.000
202608090218,   1.452,9999.000,9999.000,9999.000,9999.000,9999.000,9999.000,9999.000,9999.000
202608090224,   1.387,9999.000,9999.000,9999.000,9999.000,9999.000,9999.000,9999.000,9999.000
202608090230,   1.322,9999.000,9999.000,9999.000,9999.000,9999.000,9999.000,9999.000,9999.000
202608090236,   1.258,9999.000,9999.000,9999.000,9999.000,9999.000,9999.000,9999.000,9999.000
202608090242,   1.196,9999.000,9999.000,9999.000,9999.000,9999.000,9999.000,9999.000,9999.000
202608090248,   1.135,9999.000,9999.000,9999.000,9999.000,9999.000,9999.000,9999.000,9999.000
202608090254,   1.075,9999.000,9999.000,9999.000,9999.000,9999.000,9999.000,9999.000,9999.000
202608090300,   1.018,9999.000,   0.000,   0.142,   1.160,  -0.200,   0.960,   0.200,   1.360
202608090306,   0.962,9999.000,9999.000,9999.000,9999.000,9999.000,9999.000,9999.000,9999.000
202608090312,   0.908,9999.000,9999.000,9999.000,9999.000,9999.000,9999.000,9999.000,9999.000
202608090318,   0.856,9999.000,9999.000,9999.000,9999.000,9999.000,9999.000,9999.000,9999.000
202608090324,   0.807,9999.000,9999.000,9999.000,9999.000,9999.000,9999.000,9999.000,9999.000
202608090330,   0.761,9999.000,9999.000,9999.000,9999.000,9999.000,9999.000,9999.000,9999.000
202608090336,   0.717,9999.000,9999.000,9999.000,9999.000,9999.000,9999.000,9999.000,9999.000
202608090342,   0.676,9999.000,9999.000,9999.000,9999.000,9999.000,9999.000,9999.000,9999.000
202608090348,   0.638,9999.000,9999.000,9999.000,9999.000,9999.000,9999.000,9999.000,9999.000
202608090354,   0.603,9999.000,9999.000,9999.000,9999.000,9999.000,9999.000,9999.000,9999.000
202608090400,   0.572,9999.000,   0.000,   0.142,   0.714,  -0.200,   0.514,   0.200,   0.914
202608090406,   0.544,9999.000,9999.000,9999.000,9999.000,9999.000,9999.000,9999.000,9999.000
202608090412,   0.520,9999.000,9999.000,9999.000,9999.000,9999.000,9999.000,9999.000,9999.000
202608090418,   0.499,9999.000,9999.000,9999.000,9999.000,9999.000,9999.000,9999.000,9999.000
202608090424,   0.481,9999.000,9999.000,9999.000,9999.000,9999.000,9999.000,9999.000,9999.000
202608090430,   0.467,9999.000,9999.000,9999.000,9999.000,9999.000,9999.000,9999.000,9999.000
202608090436,   0.457,9999.000,9999.000,9999.000,9999.000,9999.000,9999.000,9999.000,9999.000
202608090442,   0.450,9999.000,9999.000,9999.000,9999.000,9999.000,9999.000,9999.000,9999.000
202608090448,   0.447,9999.000,9999.000,9999.000,9999.000,9999.000,9999.000,9999.000,9999.000
202608090454,   0.447,9999.000,9999.000,9999.000,9999.000,9999.000,9999.000,9999.000,9999.000
202608090500,   0.451,9999.000,  -0.100,   0.142,   0.493,  -0.300,   0.293,   0.200,   0.793
202608090506,   0.458,9999.000,9999.000,9999.000,9999.000,9999.000,9999.000,9999.000,9999.000
202608090512,   0.468,9999.000,9999.000,9999.000,9999.000,9999.000,9999.000,9999.000,9999.000
202608090518,   0.482,9999.000,9999.000,9999.000,9999.000,9999.000,9999.000,9999.000,9999.000
202608090524,   0.498,9999.000,9999.000,9999.000,9999.000,9999.000,9999.000,9999.000,9999.000
202608090530,   0.518,9999.000,9999.000,9999.000,9999.000,9999.000,9999.000,9999.000,9999.000
202608090536,   0.541,9999.000,9999.000,9999.000,9999.000,9999.000,9999.000,9999.000,9999.000
202608090542,   0.567,9999.000,9999.000,9999.000,9999.000,9999.000,9999.000,9999.000,9999.000
202608090548,   0.595,9999.000,9999.000,9999.000,9999.000,9999.000,9999.000,9999.000,9999.000
202608090554,   0.626,9999.000,9999.000,9999.000,9999.000,9999.000,9999.000,9999.000,9999.000
202608090600,   0.660,9999.000,  -0.100,   0.142,   0.702,  -0.300,   0.502,   0.100,   0.902
202608090606,   0.696,9999.000,9999.000,9999.000,9999.000,9999.000,9999.000,9999.000,9999.000
202608090612,   0.735,9999.000,9999.000,9999.000,9999.000,9999.000,9999.000,9999.000,9999.000
202608090618,   0.775,9999.000,9999.000,9999.000,9999.000,9999.000,9999.000,9999.000,9999.000
202608090624,   0.818,9999.000,9999.000,9999.000,9999.000,9999.000,9999.000,9999.000,9999.000
202608090630,   0.863,9999.000,9999.000,9999.000,9999.000,9999.000,9999.000,9999.000,9999.000
202608090636,   0.910,9999.000,9999.000,9999.000,9999.000,9999.000,9999.000,9999.000,9999.000
202608090642,   0.958,9999.000,9999.000,9999.000,9999.000,9999.000,9999.000,9999.000,9999.000
202608090648,   1.008,9999.000,9999.000,9999.000,9999.000,9999.000,9999.000,9999.000,9999.000
202608090654,   1.060,9999.000,9999.000,9999.000,9999.000,9999.000,9999.000,9999.000,9999.000
202608090700,   1.113,9999.000,  -0.100,   0.142,   1.155,  -0.300,   0.955,   0.100,   1.355
202608090706,   1.167,9999.000,9999.000,9999.000,9999.000,9999.000,9999.000,9999.000,9999.000
202608090712,   1.222,9999.000,9999.000,9999.000,9999.000,9999.000,9999.000,9999.000,9999.000
202608090718,   1.279,9999.000,9999.000,9999.000,9999.000,9999.000,9999.000,9999.000,9999.000
202608090724,   1.336,9999.000,9999.000,9999.000,9999.000,9999.000,9999.000,9999.000,9999.000
202608090730,   1.394,9999.000,9999.000,9999.000,9999.000,9999.000,9999.000,9999.000,9999.000
202608090736,   1.452,9999.000,9999.000,9999.000,9999.000,9999.000,9999.000,9999.000,9999.000
202608090742,   1.511,9999.000,9999.000,9999.000,9999.000,9999.000,9999.000,9999.000,9999.000
202608090748,   1.570,9999.000,9999.000,9999.000,9999.000,9999.000,9999.000,9999.000,9999.000
202608090754,   1.628,9999.000,9999.000,9999.000,9999.000,9999.000,9999.000,9999.000,9999.000
202608090800,   1.687,9999.000,  -0.100,   0.142,   1.729,  -0.300,   1.529,   0.100,   1.929
202608090806,   1.745,9999.000,9999.000,9999.000,9999.000,9999.000,9999.000,9999.000,9999.000
202608090812,   1.803,9999.000,9999.000,9999.000,9999.000,9999.000,9999.000,9999.000,9999.000
202608090818,   1.860,9999.000,9999.000,9999.000,9999.000,9999.000,9999.000,9999.000,9999.000
202608090824,   1.916,9999.000,9999.000,9999.000,9999.000,9999.000,9999.000,9999.000,9999.000
202608090830,   1.971,9999.000,9999.000,9999.000,9999.000,9999.000,9999.000,9999.000,9999.000
202608090836,   2.025,9999.000,9999.000,9999.000,9999.000,9999.000,9999.000,9999.000,9999.000
202608090842,   2.078,9999.000,9999.000,9999.000,9999.000,9999.000,9999.000,9999.000,9999.000
202608090848,   2.129,9999.000,9999.000,9999.000,9999.000,9999.000,9999.000,9999.000,9999.000
202608090854,   2.178,9999.000,9999.000,9999.000,9999.000,9999.000,9999.000,9999.000,9999.000
202608090900,   2.226,9999.000,  -0.100,   0.142,   2.268,  -0.300,   2.068,   0.100,   2.468
202608090906,   2.271,9999.000,9999.000,9999.000,9999.000,9999.000,9999.000,9999.000,9999.000
202608090912,   2.315,9999.000,9999.000,9999.000,9999.000,9999.000,9999.000,9999.000,9999.000
202608090918,   2.356,9999.000,9999.000,9999.000,9999.000,9999.000,9999.000,9999.000,9999.000
202608090924,   2.396,9999.000,9999.000,9999.000,9999.000,9999.000,9999.000,9999.000,9999.000
202608090930,   2.432,9999.000,9999.000,9999.000,9999.000,9999.000,9999.000,9999.000,9999.000
202608090936,   2.467,9999.000,9999.000,9999.000,9999.000,9999.000,9999.000,9999.000,9999.000
202608090942,   2.498,9999.000,9999.000,9999.000,9999.000,9999.000,9999.000,9999.000,9999.000
202608090948,   2.527,9999.000,9999.000,9999.000,9999.000,9999.000,9999.000,9999.000,9999.000
202608090954,   2.553,9999.000,9999.000,9999.000,9999.000,9999.000,9999.000,9999.000,9999.000
202608091000,   2.577,9999.000,  -0.100,   0.142,   2.619,  -0.300,   2.419,   0.100,   2.819
202608091006,   2.597,9999.000,9999.000,9999.000,9999.000,9999.000,9999.000,9999.000,9999.000
202608091012,   2.615,9999.000,9999.000,9999.000,9999.000,9999.000,9999.000,9999.000,9999.000
202608091018,   2.629,9999.000,9999.000,9999.000,9999.000,9999.000,9999.000,9999.000,9999.000
202608091024,   2.640,9999.000,9999.000,9999.000,9999.000,9999.000,9999.000,9999.000,9999.000
202608091030,   2.648,9999.000,9999.000,9999.000,9999.000,9999.000,9999.000,9999.000,9999.000
202608091036,   2.654,9999.000,9999.000,9999.000,9999.000,9999.000,9999.000,9999.000,9999.000
202608091042,   2.655,9999.000,9999.000,9999.000,9999.000,9999.000,9999.000,9999.000,9999.000
202608091048,   2.654,9999.000,9999.000,9999.000,9999.000,9999.000,9999.000,9999.000,9999.000
202608091054,   2.650,9999.000,9999.000,9999.000,9999.000,9999.000,9999.000,9999.000,9999.000
202608091100,   2.642,9999.000,  -0.100,   0.142,   2.684,  -0.300,   2.484,   0.100,   2.884
202608091106,   2.631,9999.000,9999.000,9999.000,9999.000,9999.000,9999.000,9999.000,9999.000
202608091112,   2.617,9999.000,9999.000,9999.000,9999.000,9999.000,9999.000,9999.000,9999.000
202608091118,   2.600,9999.000,9999.000,9999.000,9999.000,9999.000,9999.000,9999.000,9999.000
202608091124,   2.579,9999.000,9999.000,9999.000,9999.000,9999.000,9999.000,9999.000,9999.000
202608091130,   2.556,9999.000,9999.000,9999.000,9999.000,9999.000,9999.000,9999.000,9999.000
202608091136,   2.530,9999.000,9999.000,9999.000,9999.000,9999.000,9999.000,9999.000,9999.000
202608091142,   2.500,9999.000,9999.000,9999.000,9999.000,9999.000,9999.000,9999.000,9999.000
202608091148,   2.468,9999.000,9999.000,9999.000,9999.000,9999.000,9999.000,9999.000,9999.000
202608091154,   2.434,9999.000,9999.000,9999.000,9999.000,9999.000,9999.000,9999.000,9999.000
202608091200,   2.396,9999.000,  -0.100,   0.142,   2.438,  -0.300,   2.238,   0.100,   2.638
