        TIME,    TIDE,      OB,   SURGE,    BIAS,     TWL,SURGE90p,  TWL90p,SURGE10p,   TWL10p
202607310600,   0.876,9999.000,   0.900,9999.000,   1.776,   0.900,   1.776,   1.000,   1.876
202607310606,   0.859,9999.000,9999.000,9999.000,9999.000,9999.000,9999.000,9999.000,9999.000
202607310612,   0.841,9999.000,9999.000,9999.000,9999.000,9999.000,9999.000,9999.000,9999.000
202607310618,   0.824,9999.000,9999.000,9999.000,9999.000,9999.000,9999.000,9999.000,9999.000
202607310624,   0.807,9999.000,9999.000,9999.000,9999.000,9999.000,9999.000,9999.000,9999.000
202607310630,   0.790,9999.000,9999.000,9999.000,9999.000,9999.000,9999.000,9999.000,9999.000
202607310636,   0.772,9999.000,9999.000,9999.000,9999.000,9999.000,9999.000,9999.000,9999.000
202607310642,   0.755,9999.000,9999.000,9999.000,9999.000,9999.000,9999.000,9999.000,9999.000
202607310648,   0.736,9999.000,9999.000,9999.000,9999.000,9999.000,9999.000,9999.000,9999.000
202607310654,   0.717,9999.000,9999.000,9999.000,9999.000,9999.000,9999.000,9999.000,9999.000
202607310700,   0.697,   1.990,   0.900,   0.393,   1.990,   0.900,   1.990,   1.000,   2.090
202607310706,   0.677,   1.958,9999.000,9999.000,9999.000,9999.000,9999.000,9999.000,9999.000
202607310712,   0.655,   1.938,9999.000,9999.000,9999.000,9999.000,9999.000,9999.000,9999.000
202607310718,   0.633,   1.908,9999.000,9999.000,9999.000,9999.000,9999.000,9999.000,9999.000
202607310724,   0.610,   1.879,9999.000,9999.000,9999.000,9999.000,9999.000,9999.000,9999.000
202607310730,   0.587,   1.849,9999.000,9999.000,9999.000,9999.000,9999.000,9999.000,9999.000
202607310736,   0.562,   1.840,9999.000,9999.000,9999.000,9999.000,9999.000,9999.000,9999.000
202607310742,   0.538,   1.830,9999.000,9999.000,9999.000,9999.000,9999.000,9999.000,9999.000
202607310748,   0.512,   1.810,9999.000,9999.000,9999.000,9999.000,9999.000,9999.000,9999.000
202607310754,   0.487,   1.790,9999.000,9999.000,9999.000,9999.000,9999.000,9999.000,9999.000
202607310800,   0.461,   1.758,   0.900,   0.397,   1.758,   0.900,   1.758,   0.900,   1.758
202607310806,   0.435,   1.738,9999.000,9999.000,9999.000,9999.000,9999.000,9999.000,9999.000
202607310812,   0.409,   1.718,9999.000,9999.000,9999.000,9999.000,9999.000,9999.000,9999.000
202607310818,   0.383,   1.699,9999.000,9999.000,9999.000,9999.000,9999.000,9999.000,9999.000
202607310824,   0.358,   1.679,9999.000,9999.000,9999.000,9999.000,9999.000,9999.000,9999.000
202607310830,   0.333,   1.649,9999.000,9999.000,9999.000,9999.000,9999.000,9999.000,9999.000
202607310836,   0.308,   1.630,9999.000,9999.000,9999.000,9999.000,9999.000,9999.000,9999.000
202607310842,   0.284,   1.610,9999.000,9999.000,9999.000,9999.000,9999.000,9999.000,9999.000
202607310848,   0.261,   1.590,9999.000,9999.000,9999.000,9999.000,9999.000,9999.000,9999.000
202607310854,   0.238,   1.571,9999.000,9999.000,9999.000,9999.000,9999.000,9999.000,9999.000
202607310900,   0.217,   1.538,   0.900,   0.421,   1.538,   0.900,   1.538,   0.900,   1.538
202607310906,   0.197,   1.518,9999.000,9999.000,9999.000,9999.000,9999.000,9999.000,9999.000
202607310912,   0.178,   1.498,9999.000,9999.000,9999.000,9999.000,9999.000,9999.000,9999.000
202607310918,   0.160,   1.479,9999.000,9999.000,9999.000,9999.000,9999.000,9999.000,9999.000
202607310924,   0.145,   1.459,9999.000,9999.000,9999.000,9999.000,9999.000,9999.000,9999.000
202607310930,   0.130,   1.439,9999.000,9999.000,9999.000,9999.000,9999.000,9999.000,9999.000
202607310936,   0.118,   1.420,9999.000,9999.000,9999.000,9999.000,9999.000,9999.000,9999.000
202607310942,   0.108,   1.410,9999.000,9999.000,9999.000,9999.000,9999.000,9999.000,9999.000
202607310948,   0.100,   1.390,9999.000,9999.000,9999.000,9999.000,9999.000,9999.000,9999.000
202607310954,   0.095,   1.380,9999.000,9999.000,9999.000,9999.000,9999.000,9999.000,9999.000
202607311000,   0.093,   1.361,   0.900,   0.368,   1.361,   0.900,   1.361,   0.900,   1.361
202607311006,   0.093,   1.348,9999.000,9999.000,9999.000,9999.000,9999.000,9999.000,9999.000
202607311012,   0.096,   1.328,9999.000,9999.000,9999.000,9999.000,9999.000,9999.000,9999.000
202607311018,   0.102,   1.318,9999.000,9999.000,9999.000,9999.000,9999.000,9999.000,9999.000
202607311024,   0.111,   1.318,9999.000,9999.000,9999.000,9999.000,9999.000,9999.000,9999.000
202607311030,   0.124,   1.308,9999.000,9999.000,9999.000,9999.000,9999.000,9999.000,9999.000
202607311036,   0.139,   1.308,9999.000,9999.000,9999.000,9999.000,9999.000,9999.000,9999.000
202607311042,   0.158,   1.298,9999.000,9999.000,9999.000,9999.000,9999.000,9999.000,9999.000
202607311048,   0.180,   1.289,9999.000,9999.000,9999.000,9999.000,9999.000,9999.000,9999.000
202607311054,   0.205,   1.289,9999.000,9999.000,9999.000,9999.000,9999.000,9999.000,9999.000
202607311100,   0.234,   1.279,   0.900,   0.145,   1.279,   0.800,   1.179,   0.900,   1.279
202607311106,   0.265,   1.289,9999.000,9999.000,9999.000,9999.000,9999.000,9999.000,9999.000
202607311112,   0.298,   1.298,9999.000,9999.000,9999.000,9999.000,9999.000,9999.000,9999.000
202607311118,   0.334,   1.308,9999.000,9999.000,9999.000,9999.000,9999.000,9999.000,9999.000
202607311124,   0.372,   1.328,9999.000,9999.000,9999.000,9999.000,9999.000,9999.000,9999.000
202607311130,   0.412,   1.361,9999.000,9999.000,9999.000,9999.000,9999.000,9999.000,9999.000
202607311136,   0.453,   1.390,9999.000,9999.000,9999.000,9999.000,9999.000,9999.000,9999.000
202607311142,   0.495,   1.420,9999.000,9999.000,9999.000,9999.000,9999.000,9999.000,9999.000
202607311148,   0.538,   1.459,9999.000,9999.000,9999.000,9999.000,9999.000,9999.000,9999.000
202607311154,   0.582,   1.498,9999.000,9999.000,9999.000,9999.000,9999.000,9999.000,9999.000
202607311200,   0.625,   1.548,   0.900,   0.023,   1.548,   0.900,   1.548,   0.900,   1.548
202607311206,   0.668,   1.590,9999.000,9999.000,9999.000,9999.000,9999.000,9999.000,9999.000
202607311212,   0.711,   1.639,9999.000,9999.000,9999.000,9999.000,9999.000,9999.000,9999.000
202607311218,   0.752,   1.679,9999.000,9999.000,9999.000,9999.000,9999.000,9999.000,9999.000
202607311224,   0.793,   1.708,9999.000,9999.000,9999.000,9999.000,9999.000,9999.000,9999.000
202607311230,   0.832,   1.748,9999.000,9999.000,9999.000,9999.000,9999.000,9999.000,9999.000
202607311236,   0.870,   1.790,9999.000,9999.000,9999.000,9999.000,9999.000,9999.000,9999.000
202607311242,   0.906,   1.820,9999.000,9999.000,9999.000,9999.000,9999.000,9999.000,9999.000
202607311248,   0.940,   1.859,9999.000,9999.000,9999.000,9999.000,9999.000,9999.000,9999.000
202607311254,   0.973,   1.889,9999.000,9999.000,9999.000,9999.000,9999.000,9999.000,9999.000
202607311300,   1.004,   1.918,   0.900,   0.014,   1.918,   0.900,   1.918,   0.900,   1.918
202607311306,   1.033,   1.938,9999.000,9999.000,9999.000,9999.000,9999.000,9999.000,9999.000
202607311312,   1.061,   1.938,9999.000,9999.000,9999.000,9999.000,9999.000,9999.000,9999.000
202607311318,   1.087,   1.948,9999.000,9999.000,9999.000,9999.000,9999.000,9999.000,9999.000
202607311324,   1.112,   1.981,9999.000,9999.000,9999.000,9999.000,9999.000,9999.000,9999.000
202607311330,   1.135,   1.990,9999.000,9999.000,9999.000,9999.000,9999.000,9999.000,9999.000
202607311336,   1.158,   2.000,9999.000,9999.000,9999.000,9999.000,9999.000,9999.000,9999.000
202607311342,   1.180,   2.020,9999.000,9999.000,9999.000,9999.000,9999.000,9999.000,9999.000
202607311348,   1.200,   2.030,9999.000,9999.000,9999.000,9999.000,9999.000,9999.000,9999.000
202607311354,   1.220,   2.040,9999.000,9999.000,9999.000,9999.000,9999.000,9999.000,9999.000
202607311400,   1.239,   2.059,   0.900,  -0.080,   2.059,   0.800,   1.959,   0.900,   2.059
202607311406,   1.258,   2.069,9999.000,9999.000,9999.000,9999.000,9999.000,9999.000,9999.000
202607311412,   1.276,   2.089,9999.000,9999.000,9999.000,9999.000,9999.000,9999.000,9999.000
202607311418,   1.293,   2.109,9999.000,9999.000,9999.000,9999.000,9999.000,9999.000,9999.000
202607311424,   1.309,   2.118,9999.000,9999.000,9999.000,9999.000,9999.000,9999.000,9999.000
202607311430,   1.324,   2.148,9999.000,9999.000,9999.000,9999.000,9999.000,9999.000,9999.000
202607311436,   1.339,   2.168,9999.000,9999.000,9999.000,9999.000,9999.000,9999.000,9999.000
202607311442,   1.352,   2.200,9999.000,9999.000,9999.000,9999.000,9999.000,9999.000,9999.000
202607311448,   1.363,   2.210,9999.000,9999.000,9999.000,9999.000,9999.000,9999.000,9999.000
202607311454,   1.373,   2.230,9999.000,9999.000,9999.000,9999.000,9999.000,9999.000,9999.000
202607311500,   1.381,   2.250,   0.900,  -0.031,   2.250,   0.800,   2.150,   0.900,   2.250
202607311506,   1.387,9999.000,9999.000,9999.000,9999.000,9999.000,9999.000,9999.000,9999.000
202607311512,   1.391,9999.000,9999.000,9999.000,9999.000,9999.000,9999.000,9999.000,9999.000
202607311518,   1.392,9999.000,9999.000,9999.000,9999.000,9999.000,9999.000,9999.000,9999.000
202607311524,   1.390,9999.000,9999.000,9999.000,9999.000,9999.000,9999.000,9999.000,9999.000
202607311530,   1.385,9999.000,9999.000,9999.000,9999.000,9999.000,9999.000,9999.000,9999.000
202607311536,   1.378,9999.000,9999.000,9999.000,9999.000,9999.000,9999.000,9999.000,9999.000
202607311542,   1.367,9999.000,9999.000,9999.000,9999.000,9999.000,9999.000,9999.000,9999.000
202607311548,   1.353,9999.000,9999.000,9999.000,9999.000,9999.000,9999.000,9999.000,9999.000
202607311554,   1.337,9999.000,9999.000,9999.000,9999.000,9999.000,9999.000,9999.000,9999.000
202607311600,   1.317,9999.000,   0.800,9999.000,   2.117,   0.800,   2.117,   0.900,   2.217
202607311606,   1.295,   2.309,9999.000,9999.000,9999.000,9999.000,9999.000,9999.000,9999.000
202607311612,   1.270,   2.318,9999.000,9999.000,9999.000,9999.000,9999.000,9999.000,9999.000
202607311618,   1.242,   2.309,9999.000,9999.000,9999.000,9999.000,9999.000,9999.000,9999.000
202607311624,   1.213,   2.299,9999.000,9999.000,9999.000,9999.000,9999.000,9999.000,9999.000
202607311630,   1.181,   2.289,9999.000,9999.000,9999.000,9999.000,9999.000,9999.000,9999.000
202607311636,   1.149,   2.269,9999.000,9999.000,9999.000,9999.000,9999.000,9999.000,9999.000
202607311642,   1.115,   2.240,9999.000,9999.000,9999.000,9999.000,9999.000,9999.000,9999.000
202607311648,   1.080,   2.220,9999.000,9999.000,9999.000,9999.000,9999.000,9999.000,9999.000
202607311654,   1.045,   2.191,9999.000,9999.000,9999.000,9999.000,9999.000,9999.000,9999.000
202607311700,   1.011,   2.148,   0.800,   0.337,   2.148,   0.800,   2.148,   0.800,   2.148
202607311706,   0.976,   2.118,9999.000,9999.000,9999.000,9999.000,9999.000,9999.000,9999.000
202607311712,   0.942,   2.079,9999.000,9999.000,9999.000,9999.000,9999.000,9999.000,9999.000
202607311718,   0.909,   2.040,9999.000,9999.000,9999.000,9999.000,9999.000,9999.000,9999.000
202607311724,   0.877,   2.010,9999.000,9999.000,9999.000,9999.000,9999.000,9999.000,9999.000
202607311730,   0.846,   1.967,9999.000,9999.000,9999.000,9999.000,9999.000,9999.000,9999.000
202607311736,   0.817,   1.938,9999.000,9999.000,9999.000,9999.000,9999.000,9999.000,9999.000
202607311742,   0.790,   1.908,9999.000,9999.000,9999.000,9999.000,9999.000,9999.000,9999.000
202607311748,   0.764,   1.869,9999.000,9999.000,9999.000,9999.000,9999.000,9999.000,9999.000
202607311754,   0.740,   1.840,9999.000,9999.000,9999.000,9999.000,9999.000,9999.000,9999.000
202607311800,   0.717,   1.820,   0.800,   0.303,   1.820,   0.800,   1.820,   0.800,   1.820
202607311806,   0.696,   1.790,9999.000,9999.000,9999.000,9999.000,9999.000,9999.000,9999.000
202607311812,   0.676,   1.758,9999.000,9999.000,9999.000,9999.000,9999.000,9999.000,9999.000
202607311818,   0.658,   1.748,9999.000,9999.000,9999.000,9999.000,9999.000,9999.000,9999.000
202607311824,   0.640,   1.738,9999.000,9999.000,9999.000,9999.000,9999.000,9999.000,9999.000
202607311830,   0.623,   1.718,9999.000,9999.000,9999.000,9999.000,9999.000,9999.000,9999.000
202607311836,   0.607,   1.699,9999.000,9999.000,9999.000,9999.000,9999.000,9999.000,9999.000
202607311842,   0.592,   1.669,9999.000,9999.000,9999.000,9999.000,9999.000,9999.000,9999.000
202607311848,   0.576,   1.659,9999.000,9999.000,9999.000,9999.000,9999.000,9999.000,9999.000
202607311854,   0.561,   1.639,9999.000,9999.000,9999.000,9999.000,9999.000,9999.000,9999.000
202607311900,   0.546,   1.630,   0.800,   0.284,   1.630,   0.800,   1.630,   0.800,   1.630
202607311906,   0.530,   1.610,9999.000,9999.000,9999.000,9999.000,9999.000,9999.000,9999.000
202607311912,   0.514,   1.590,9999.000,9999.000,9999.000,9999.000,9999.000,9999.000,9999.000
202607311918,   0.497,   1.571,9999.000,9999.000,9999.000,9999.000,9999.000,9999.000,9999.000
202607311924,   0.480,   1.548,9999.000,9999.000,9999.000,9999.000,9999.000,9999.000,9999.000
202607311930,   0.462,   1.528,9999.000,9999.000,9999.000,9999.000,9999.000,9999.000,9999.000
202607311936,   0.444,   1.498,9999.000,9999.000,9999.000,9999.000,9999.000,9999.000,9999.000
202607311942,   0.425,   1.479,9999.000,9999.000,9999.000,9999.000,9999.000,9999.000,9999.000
202607311948,   0.405,   1.469,9999.000,9999.000,9999.000,9999.000,9999.000,9999.000,9999.000
202607311954,   0.385,   1.449,9999.000,9999.000,9999.000,9999.000,9999.000,9999.000,9999.000
202607312000,   0.364,   1.430,   0.800,   0.266,   1.430,   0.800,   1.430,   0.800,   1.430
202607312006,   0.343,   1.420,9999.000,9999.000,9999.000,9999.000,9999.000,9999.000,9999.000
202607312012,   0.321,   1.400,9999.000,9999.000,9999.000,9999.000,9999.000,9999.000,9999.000
202607312018,   0.300,   1.380,9999.000,9999.000,9999.000,9999.000,9999.000,9999.000,9999.000
202607312024,   0.278,   1.361,9999.000,9999.000,9999.000,9999.000,9999.000,9999.000,9999.000
202607312030,   0.256,   1.338,9999.000,9999.000,9999.000,9999.000,9999.000,9999.000,9999.000
202607312036,   0.235,   1.328,9999.000,9999.000,9999.000,9999.000,9999.000,9999.000,9999.000
202607312042,   0.214,   1.298,9999.000,9999.000,9999.000,9999.000,9999.000,9999.000,9999.000
202607312048,   0.193,   1.289,9999.000,9999.000,9999.000,9999.000,9999.000,9999.000,9999.000
202607312054,   0.173,   1.279,9999.000,9999.000,9999.000,9999.000,9999.000,9999.000,9999.000
202607312100,   0.154,   1.269,   0.800,   0.315,   1.269,   0.800,   1.269,   0.800,   1.269
202607312106,   0.135,   1.249,9999.000,9999.000,9999.000,9999.000,9999.000,9999.000,9999.000
202607312112,   0.117,   1.229,9999.000,9999.000,9999.000,9999.000,9999.000,9999.000,9999.000
202607312118,   0.101,   1.210,9999.000,9999.000,9999.000,9999.000,9999.000,9999.000,9999.000
202607312124,   0.085,   1.190,9999.000,9999.000,9999.000,9999.000,9999.000,9999.000,9999.000
202607312130,   0.071,   1.170,9999.000,9999.000,9999.000,9999.000,9999.000,9999.000,9999.000
202607312136,   0.058,   1.161,9999.000,9999.000,9999.000,9999.000,9999.000,9999.000,9999.000
202607312142,   0.047,   1.151,9999.000,9999.000,9999.000,9999.000,9999.000,9999.000,9999.000
202607312148,   0.038,   1.128,9999.000,9999.000,9999.000,9999.000,9999.000,9999.000,9999.000
202607312154,   0.031,   1.108,9999.000,9999.000,9999.000,9999.000,9999.000,9999.000,9999.000
202607312200,   0.026,   1.108,   0.800,   0.282,   1.108,   0.800,   1.108,   0.800,   1.108
202607312206,   0.023,   1.108,9999.000,9999.000,9999.000,9999.000,9999.000,9999.000,9999.000
202607312212,   0.022,   1.108,9999.000,9999.000,9999.000,9999.000,9999.000,9999.000,9999.000
202607312218,   0.024,   1.098,9999.000,9999.000,9999.000,9999.000,9999.000,9999.000,9999.000
202607312224,   0.029,   1.098,9999.000,9999.000,9999.000,9999.000,9999.000,9999.000,9999.000
202607312230,   0.037,   1.108,9999.000,9999.000,9999.000,9999.000,9999.000,9999.000,9999.000
202607312236,   0.048,   1.108,9999.000,9999.000,9999.000,9999.000,9999.000,9999.000,9999.000
202607312242,   0.061,   1.108,9999.000,9999.000,9999.000,9999.000,9999.000,9999.000,9999.000
202607312248,   0.079,   1.128,9999.000,9999.000,9999.000,9999.000,9999.000,9999.000,9999.000
202607312254,   0.099,   1.151,9999.000,9999.000,9999.000,9999.000,9999.000,9999.000,9999.000
202607312300,   0.123,   1.180,   0.800,   0.257,   1.180,   0.800,   1.180,   0.800,   1.180
202607312306,   0.150,   1.210,9999.000,9999.000,9999.000,9999.000,9999.000,9999.000,9999.000
202607312312,   0.180,   1.249,9999.000,9999.000,9999.000,9999.000,9999.000,9999.000,9999.000
202607312318,   0.214,   1.289,9999.000,9999.000,9999.000,9999.000,9999.000,9999.000,9999.000
202607312324,   0.250,   1.338,9999.000,9999.000,9999.000,9999.000,9999.000,9999.000,9999.000
202607312330,   0.290,   1.371,9999.000,9999.000,9999.000,9999.000,9999.000,9999.000,9999.000
202607312336,   0.332,   1.420,9999.000,9999.000,9999.000,9999.000,9999.000,9999.000,9999.000
202607312342,   0.376,   1.469,9999.000,9999.000,9999.000,9999.000,9999.000,9999.000,9999.000
202607312348,   0.422,   1.508,9999.000,9999.000,9999.000,9999.000,9999.000,9999.000,9999.000
202607312354,   0.470,   1.548,9999.000,9999.000,9999.000,9999.000,9999.000,9999.000,9999.000
202608010000,   0.520,   1.590,   0.800,   0.270,   1.590,   0.800,   1.590,   0.800,   1.590
202608010006,   0.571,   1.639,9999.000,9999.000,9999.000,9999.000,9999.000,9999.000,9999.000
202608010012,   0.622,   1.669,9999.000,9999.000,9999.000,9999.000,9999.000,9999.000,9999.000
202608010018,   0.673,   1.699,9999.000,9999.000,9999.000,9999.000,9999.000,9999.000,9999.000
202608010024,   0.725,   1.728,9999.000,9999.000,9999.000,9999.000,9999.000,9999.000,9999.000
202608010030,   0.776,   1.767,9999.000,9999.000,9999.000,9999.000,9999.000,9999.000,9999.000
202608010036,   0.826,   1.790,9999.000,9999.000,9999.000,9999.000,9999.000,9999.000,9999.000
202608010042,   0.876,   1.810,9999.000,9999.000,9999.000,9999.000,9999.000,9999.000,9999.000
202608010048,   0.924,   1.830,9999.000,9999.000,9999.000,9999.000,9999.000,9999.000,9999.000
202608010054,   0.970,   1.869,9999.000,9999.000,9999.000,9999.000,9999.000,9999.000,9999.000
202608010100,   1.015,   1.889,   0.800,   0.074,   1.889,   0.700,   1.789,   0.800,   1.889
202608010106,   1.058,   1.918,9999.000,9999.000,9999.000,9999.000,9999.000,9999.000,9999.000
202608010112,   1.099,   1.948,9999.000,9999.000,9999.000,9999.000,9999.000,9999.000,9999.000
202608010118,   1.137,   1.981,9999.000,9999.000,9999.000,9999.000,9999.000,9999.000,9999.000
202608010124,   1.174,   2.000,9999.000,9999.000,9999.000,9999.000,9999.000,9999.000,9999.000
202608010130,   1.209,   2.030,9999.000,9999.000,9999.000,9999.000,9999.000,9999.000,9999.000
202608010136,   1.242,   2.049,9999.000,9999.000,9999.000,9999.000,9999.000,9999.000,9999.000
202608010142,   1.274,   2.079,9999.000,9999.000,9999.000,9999.000,9999.000,9999.000,9999.000
202608010148,   1.303,   2.099,9999.000,9999.000,9999.000,9999.000,9999.000,9999.000,9999.000
202608010154,   1.331,   2.128,9999.000,9999.000,9999.000,9999.000,9999.000,9999.000,9999.000
202608010200,   1.358,   2.158,   0.800,   0.000,   2.158,   0.700,   2.058,   0.800,   2.158
202608010206,   1.383,   2.168,9999.000,9999.000,9999.000,9999.000,9999.000,9999.000,9999.000
202608010212,   1.407,   2.200,9999.000,9999.000,9999.000,9999.000,9999.000,9999.000,9999.000
202608010218,   1.430,   2.220,9999.000,9999.000,9999.000,9999.000,9999.000,9999.000,9999.000
202608010224,   1.452,   2.250,9999.000,9999.000,9999.000,9999.000,9999.000,9999.000,9999.000
202608010230,   1.473,   2.269,9999.000,9999.000,9999.000,9999.000,9999.000,9999.000,9999.000
202608010236,   1.492,   2.299,9999.000,9999.000,9999.000,9999.000,9999.000,9999.000,9999.000
202608010242,   1.511,   2.318,9999.000,9999.000,9999.000,9999.000,9999.000,9999.000,9999.000
202608010248,   1.529,   2.348,9999.000,9999.000,9999.000,9999.000,9999.000,9999.000,9999.000
202608010254,   1.545,   2.368,9999.000,9999.000,9999.000,9999.000,9999.000,9999.000,9999.000
202608010300,   1.561,   2.387,   0.700,   0.126,   2.387,   0.700,   2.387,   0.800,   2.487
202608010306,   1.574,   2.420,9999.000,9999.000,9999.000,9999.000,9999.000,9999.000,9999.000
202608010312,   1.586,   2.440,9999.000,9999.000,9999.000,9999.000,9999.000,9999.000,9999.000
202608010318,   1.597,   2.459,9999.000,9999.000,9999.000,9999.000,9999.000,9999.000,9999.000
202608010324,   1.605,   2.479,9999.000,9999.000,9999.000,9999.000,9999.000,9999.000,9999.000
202608010330,   1.611,   2.499,9999.000,9999.000,9999.000,9999.000,9999.000,9999.000,9999.000
202608010336,   1.614,   2.519,9999.000,9999.000,9999.000,9999.000,9999.000,9999.000,9999.000
202608010342,   1.615,   2.528,9999.000,9999.000,9999.000,9999.000,9999.000,9999.000,9999.000
202608010348,   1.612,   2.548,9999.000,9999.000,9999.000,9999.000,9999.000,9999.000,9999.000
202608010354,   1.607,   2.558,9999.000,9999.000,9999.000,9999.000,9999.000,9999.000,9999.000
202608010400,   1.599,   2.568,   0.700,   0.269,   2.568,   0.700,   2.568,   0.800,   2.668
202608010406,   1.587,   2.578,9999.000,9999.000,9999.000,9999.000,9999.000,9999.000,9999.000
202608010412,   1.572,   2.578,9999.000,9999.000,9999.000,9999.000,9999.000,9999.000,9999.000
202608010418,   1.554,   2.587,9999.000,9999.000,9999.000,9999.000,9999.000,9999.000,9999.000
202608010424,   1.534,   2.587,9999.000,9999.000,9999.000,9999.000,9999.000,9999.000,9999.000
202608010430,   1.510,   2.587,9999.000,9999.000,9999.000,9999.000,9999.000,9999.000,9999.000
202608010436,   1.483,   2.578,9999.000,9999.000,9999.000,9999.000,9999.000,9999.000,9999.000
202608010442,   1.454,   2.568,9999.000,9999.000,9999.000,9999.000,9999.000,9999.000,9999.000
202608010448,   1.423,   2.558,9999.000,9999.000,9999.000,9999.000,9999.000,9999.000,9999.000
202608010454,   1.390,   2.548,9999.000,9999.000,9999.000,9999.000,9999.000,9999.000,9999.000
202608010500,   1.355,   2.519,   0.700,   0.464,   2.519,   0.700,   2.519,   0.700,   2.519
202608010506,   1.319,   2.489,9999.000,9999.000,9999.000,9999.000,9999.000,9999.000,9999.000
202608010512,   1.282,   2.459,9999.000,9999.000,9999.000,9999.000,9999.000,9999.000,9999.000
202608010518,   1.245,   2.420,9999.000,9999.000,9999.000,9999.000,9999.000,9999.000,9999.000
202608010524,   1.207,   2.387,9999.000,9999.000,9999.000,9999.000,9999.000,9999.000,9999.000
202608010530,   1.170,   2.348,9999.000,9999.000,9999.000,9999.000,9999.000,9999.000,9999.000
202608010536,   1.134,   2.309,9999.000,9999.000,9999.000,9999.000,9999.000,9999.000,9999.000
202608010542,   1.098,   2.269,9999.000,9999.000,9999.000,9999.000,9999.000,9999.000,9999.000
202608010548,   1.063,   2.230,9999.000,9999.000,9999.000,9999.000,9999.000,9999.000,9999.000
202608010554,   1.030,   2.191,9999.000,9999.000,9999.000,9999.000,9999.000,9999.000,9999.000
202608010600,   0.998,   2.148,   0.700,   0.450,   2.148,   0.700,   2.148,   0.700,   2.148
202608010606,   0.968,   2.109,9999.000,9999.000,9999.000,9999.000,9999.000,9999.000,9999.000
202608010612,   0.939,   2.079,9999.000,9999.000,9999.000,9999.000,9999.000,9999.000,9999.000
202608010618,   0.912,   2.049,9999.000,9999.000,9999.000,9999.000,9999.000,9999.000,9999.000
202608010624,   0.887,   2.030,9999.000,9999.000,9999.000,9999.000,9999.000,9999.000,9999.000
202608010630,   0.863,   2.000,9999.000,9999.000,9999.000,9999.000,9999.000,9999.000,9999.000
202608010636,   0.840,   1.967,9999.000,9999.000,9999.000,9999.000,9999.000,9999.000,9999.000
202608010642,   0.819,   1.948,9999.000,9999.000,9999.000,9999.000,9999.000,9999.000,9999.000
202608010648,   0.799,   1.918,9999.000,9999.000,9999.000,9999.000,9999.000,9999.000,9999.000
202608010654,   0.779,   1.899,9999.000,9999.000,9999.000,9999.000,9999.000,9999.000,9999.000
202608010700,   0.761,   1.869,   0.700,   0.408,   1.869,   0.700,   1.869,   0.700,   1.869
202608010706,   0.743,   1.849,9999.000,9999.000,9999.000,9999.000,9999.000,9999.000,9999.000
202608010712,   0.725,   1.830,9999.000,9999.000,9999.000,9999.000,9999.000,9999.000,9999.000
202608010718,   0.707,   1.810,9999.000,9999.000,9999.000,9999.000,9999.000,9999.000,9999.000
202608010724,   0.689,   1.781,9999.000,9999.000,9999.000,9999.000,9999.000,9999.000,9999.000
202608010730,   0.671,   1.758,9999.000,9999.000,9999.000,9999.000,9999.000,9999.000,9999.000
202608010736,   0.652,   1.738,9999.000,9999.000,9999.000,9999.000,9999.000,9999.000,9999.000
202608010742,   0.633,   1.689,9999.000,9999.000,9999.000,9999.000,9999.000,9999.000,9999.000
202608010748,   0.613,   1.669,9999.000,9999.000,9999.000,9999.000,9999.000,9999.000,9999.000
202608010754,   0.593,   1.639,9999.000,9999.000,9999.000,9999.000,9999.000,9999.000,9999.000
202608010800,   0.571,   1.620,   0.700,   0.349,   1.620,   0.700,   1.620,   0.700,   1.620
202608010806,   0.550,9999.000,9999.000,9999.000,9999.000,9999.000,9999.000,9999.000,9999.000
202608010812,   0.527,9999.000,9999.000,9999.000,9999.000,9999.000,9999.000,9999.000,9999.000
202608010818,   0.504,9999.000,9999.000,9999.000,9999.000,9999.000,9999.000,9999.000,9999.000
202608010824,   0.480,9999.000,9999.000,9999.000,9999.000,9999.000,9999.000,9999.000,9999.000
202608010830,   0.456,9999.000,9999.000,9999.000,9999.000,9999.000,9999.000,9999.000,9999.000
202608010836,   0.431,9999.000,9999.000,9999.000,9999.000,9999.000,9999.000,9999.000,9999.000
202608010842,   0.407,9999.000,9999.000,9999.000,9999.000,9999.000,9999.000,9999.000,9999.000
202608010848,   0.382,9999.000,9999.000,9999.000,9999.000,9999.000,9999.000,9999.000,9999.000
202608010854,   0.357,9999.000,9999.000,9999.000,9999.000,9999.000,9999.000,9999.000,9999.000
202608010900,   0.332,9999.000,   0.700,9999.000,   1.032,   0.700,   1.032,   0.700,   1.032
202608010906,   0.307,   1.390,9999.000,9999.000,9999.000,9999.000,9999.000,9999.000,9999.000
202608010912,   0.283,   1.371,9999.000,9999.000,9999.000,9999.000,9999.000,9999.000,9999.000
202608010918,   0.259,   1.361,9999.000,9999.000,9999.000,9999.000,9999.000,9999.000,9999.000
202608010924,   0.236,   1.328,9999.000,9999.000,9999.000,9999.000,9999.000,9999.000,9999.000
202608010930,   0.213,   1.298,9999.000,9999.000,9999.000,9999.000,9999.000,9999.000,9999.000
202608010936,   0.192,   1.279,9999.000,9999.000,9999.000,9999.000,9999.000,9999.000,9999.000
202608010942,   0.171,   1.259,9999.000,9999.000,9999.000,9999.000,9999.000,9999.000,9999.000
202608010948,   0.152,   1.239,9999.000,9999.000,9999.000,9999.000,9999.000,9999.000,9999.000
202608010954,   0.133,   1.220,9999.000,9999.000,9999.000,9999.000,9999.000,9999.000,9999.000
202608011000,   0.117,   1.200,   0.700,   0.383,   1.200,   0.700,   1.200,   0.700,   1.200
202608011006,   0.101,   1.190,9999.000,9999.000,9999.000,9999.000,9999.000,9999.000,9999.000
202608011012,   0.088,   1.170,9999.000,9999.000,9999.000,9999.000,9999.000,9999.000,9999.000
202608011018,   0.076,   1.161,9999.000,9999.000,9999.000,9999.000,9999.000,9999.000,9999.000
202608011024,   0.067,   1.151,9999.000,9999.000,9999.000,9999.000,9999.000,9999.000,9999.000
202608011030,   0.059,   1.138,9999.000,9999.000,9999.000,9999.000,9999.000,9999.000,9999.000
202608011036,   0.054,   1.128,9999.000,9999.000,9999.000,9999.000,9999.000,9999.000,9999.000
202608011042,   0.052,   1.118,9999.000,9999.000,9999.000,9999.000,9999.000,9999.000,9999.000
202608011048,   0.052,   1.108,9999.000,9999.000,9999.000,9999.000,9999.000,9999.000,9999.000
202608011054,   0.055,   1.098,9999.000,9999.000,9999.000,9999.000,9999.000,9999.000,9999.000
202608011100,   0.061,   1.088,   0.700,   0.327,   1.088,   0.700,   1.088,   0.700,   1.088
202608011106,   0.071,   1.079,9999.000,9999.000,9999.000,9999.000,9999.000,9999.000,9999.000
202608011112,   0.083,   1.079,9999.000,9999.000,9999.000,9999.000,9999.000,9999.000,9999.000
202608011118,   0.099,   1.079,9999.000,9999.000,9999.000,9999.000,9999.000,9999.000,9999.000
202608011124,   0.119,   1.079,9999.000,9999.000,9999.000,9999.000,9999.000,9999.000,9999.000
202608011130,   0.141,   1.079,9999.000,9999.000,9999.000,9999.000,9999.000,9999.000,9999.000
202608011136,   0.167,   1.088,9999.000,9999.000,9999.000,9999.000,9999.000,9999.000,9999.000
202608011142,   0.196,   1.098,9999.000,9999.000,9999.000,9999.000,9999.000,9999.000,9999.000
202608011148,   0.228,   1.118,9999.000,9999.000,9999.000,9999.000,9999.000,9999.000,9999.000
202608011154,   0.263,   1.138,9999.000,9999.000,9999.000,9999.000,9999.000,9999.000,9999.000
202608011200,   0.301,   1.170,   0.700,   0.169,   1.170,   0.700,   1.170,   0.700,   1.170
202608011206,   0.342,   1.200,9999.000,9999.000,9999.000,9999.000,9999.000,9999.000,9999.000
202608011212,   0.384,   1.229,9999.000,9999.000,9999.000,9999.000,9999.000,9999.000,9999.000
202608011218,   0.428,   1.269,9999.000,9999.000,9999.000,9999.000,9999.000,9999.000,9999.000
202608011224,   0.474,   1.318,9999.000,9999.000,9999.000,9999.000,9999.000,9999.000,9999.000
202608011230,   0.521,   1.361,9999.000,9999.000,9999.000,9999.000,9999.000,9999.000,9999.000
202608011236,   0.569,   1.410,9999.000,9999.000,9999.000,9999.000,9999.000,9999.000,9999.000
202608011242,   0.617,   1.449,9999.000,9999.000,9999.000,9999.000,9999.000,9999.000,9999.000
202608011248,   0.666,   1.489,9999.000,9999.000,9999.000,9999.000,9999.000,9999.000,9999.000
202608011254,   0.714,   1.528,9999.000,9999.000,9999.000,9999.000,9999.000,9999.000,9999.000
202608011300,   0.761,   1.580,   0.700,   0.119,   1.580,   0.700,   1.580,   0.700,   1.580
202608011306,   0.807,   1.620,9999.000,9999.000,9999.000,9999.000,9999.000,9999.000,9999.000
202608011312,   0.853,   1.649,9999.000,9999.000,9999.000,9999.000,9999.000,9999.000,9999.000
202608011318,   0.897,   1.669,9999.000,9999.000,9999.000,9999.000,9999.000,9999.000,9999.000
202608011324,   0.939,   1.679,9999.000,9999.000,9999.000,9999.000,9999.000,9999.000,9999.000
202608011330,   0.979,   1.708,9999.000,9999.000,9999.000,9999.000,9999.000,9999.000,9999.000
202608011336,   1.018,   1.728,9999.000,9999.000,9999.000,9999.000,9999.000,9999.000,9999.000
202608011342,   1.054,   1.767,9999.000,9999.000,9999.000,9999.000,9999.000,9999.000,9999.000
202608011348,   1.089,   1.800,9999.000,9999.000,9999.000,9999.000,9999.000,9999.000,9999.000
202608011354,   1.122,   1.820,9999.000,9999.000,9999.000,9999.000,9999.000,9999.000,9999.000
202608011400,   1.153,   1.830,   0.700,  -0.023,   1.830,   0.600,   1.730,   0.700,   1.830
202608011406,   1.182,   1.810,9999.000,9999.000,9999.000,9999.000,9999.000,9999.000,9999.000
202608011412,   1.209,   1.820,9999.000,9999.000,9999.000,9999.000,9999.000,9999.000,9999.000
202608011418,   1.235,   1.830,9999.000,9999.000,9999.000,9999.000,9999.000,9999.000,9999.000
202608011424,   1.259,   1.879,9999.000,9999.000,9999.000,9999.000,9999.000,9999.000,9999.000
202608011430,   1.283,   1.908,9999.000,9999.000,9999.000,9999.000,9999.000,9999.000,9999.000
202608011436,   1.305,   1.918,9999.000,9999.000,9999.000,9999.000,9999.000,9999.000,9999.000
202608011442,   1.326,   1.938,9999.000,9999.000,9999.000,9999.000,9999.000,9999.000,9999.000
202608011448,   1.345,   1.958,9999.000,9999.000,9999.000,9999.000,9999.000,9999.000,9999.000
202608011454,   1.364,   1.981,9999.000,9999.000,9999.000,9999.000,9999.000,9999.000,9999.000
202608011500,   1.382,   2.010,   0.700,  -0.072,   2.010,   0.600,   1.910,   0.700,   2.010
202608011506,   1.399,   2.030,9999.000,9999.000,9999.000,9999.000,9999.000,9999.000,9999.000
202608011512,   1.416,   2.059,9999.000,9999.000,9999.000,9999.000,9999.000,9999.000,9999.000
202608011518,   1.430,   2.079,9999.000,9999.000,9999.000,9999.000,9999.000,9999.000,9999.000
202608011524,   1.444,   2.099,9999.000,9999.000,9999.000,9999.000,9999.000,9999.000,9999.000
202608011530,   1.457,   2.138,9999.000,9999.000,9999.000,9999.000,9999.000,9999.000,9999.000
202608011536,   1.467,   2.138,9999.000,9999.000,9999.000,9999.000,9999.000,9999.000,9999.000
202608011542,   1.476,   2.148,9999.000,9999.000,9999.000,9999.000,9999.000,9999.000,9999.000
202608011548,   1.483,   2.168,9999.000,9999.000,9999.000,9999.000,9999.000,9999.000,9999.000
202608011554,   1.488,   2.191,9999.000,9999.000,9999.000,9999.000,9999.000,9999.000,9999.000
202608011600,   1.491,   2.200,   0.600,   0.109,   2.200,   0.600,   2.200,   0.700,   2.300
202608011606,   1.490,   2.210,9999.000,9999.000,9999.000,9999.000,9999.000,9999.000,9999.000
202608011612,   1.487,   2.210,9999.000,9999.000,9999.000,9999.000,9999.000,9999.000,9999.000
202608011618,   1.482,   2.220,9999.000,9999.000,9999.000,9999.000,9999.000,9999.000,9999.000
202608011624,   1.473,   2.230,9999.000,9999.000,9999.000,9999.000,9999.000,9999.000,9999.000
202608011630,   1.461,   2.230,9999.000,9999.000,9999.000,9999.000,9999.000,9999.000,9999.000
202608011636,   1.445,   2.230,9999.000,9999.000,9999.000,9999.000,9999.000,9999.000,9999.000
202608011642,   1.427,   2.230,9999.000,9999.000,9999.000,9999.000,9999.000,9999.000,9999.000
202608011648,   1.406,   2.230,9999.000,9999.000,9999.000,9999.000,9999.000,9999.000,9999.000
202608011654,   1.382,   2.220,9999.000,9999.000,9999.000,9999.000,9999.000,9999.000,9999.000
202608011700,   1.355,   2.220,   0.600,   0.265,   2.220,   0.600,   2.220,   0.600,   2.220
202608011706,   1.326,   2.210,9999.000,9999.000,9999.000,9999.000,9999.000,9999.000,9999.000
202608011712,   1.294,   2.200,9999.000,9999.000,9999.000,9999.000,9999.000,9999.000,9999.000
202608011718,   1.261,   2.168,9999.000,9999.000,9999.000,9999.000,9999.000,9999.000,9999.000
202608011724,   1.226,   2.138,9999.000,9999.000,9999.000,9999.000,9999.000,9999.000,9999.000
202608011730,   1.189,   2.118,9999.000,9999.000,9999.000,9999.000,9999.000,9999.000,9999.000
202608011736,   1.152,   2.089,9999.000,9999.000,9999.000,9999.000,9999.000,9999.000,9999.000
202608011742,   1.115,   2.049,9999.000,9999.000,9999.000,9999.000,9999.000,9999.000,9999.000
202608011748,   1.077,   2.010,9999.000,9999.000,9999.000,9999.000,9999.000,9999.000,9999.000
202608011754,   1.040,   1.981,9999.000,9999.000,9999.000,9999.000,9999.000,9999.000,9999.000
202608011800,   1.003,   1.928,   0.600,   0.325,   1.928,   0.600,   1.928,   0.600,   1.928
202608011806,   0.967,   1.899,9999.000,9999.000,9999.000,9999.000,9999.000,9999.000,9999.000
202608011812,   0.932,   1.859,9999.000,9999.000,9999.000,9999.000,9999.000,9999.000,9999.000
202608011818,   0.898,   1.820,9999.000,9999.000,9999.000,9999.000,9999.000,9999.000,9999.000
202608011824,   0.866,   1.790,9999.000,9999.000,9999.000,9999.000,9999.000,9999.000,9999.000
202608011830,   0.836,   1.758,9999.000,9999.000,9999.000,9999.000,9999.000,9999.000,9999.000
202608011836,   0.807,   1.728,9999.000,9999.000,9999.000,9999.000,9999.000,9999.000,9999.000
202608011842,   0.780,   1.699,9999.000,9999.000,9999.000,9999.000,9999.000,9999.000,9999.000
202608011848,   0.755,   1.669,9999.000,9999.000,9999.000,9999.000,9999.000,9999.000,9999.000
202608011854,   0.731,   1.649,9999.000,9999.000,9999.000,9999.000,9999.000,9999.000,9999.000
202608011900,   0.709,   1.630,   0.600,   0.321,   1.630,   0.600,   1.630,   0.600,   1.630
202608011906,   0.688,   1.610,9999.000,9999.000,9999.000,9999.000,9999.000,9999.000,9999.000
202608011912,   0.668,   1.571,9999.000,9999.000,9999.000,9999.000,9999.000,9999.000,9999.000
202608011918,   0.649,   1.548,9999.000,9999.000,9999.000,9999.000,9999.000,9999.000,9999.000
202608011924,   0.631,   1.571,9999.000,9999.000,9999.000,9999.000,9999.000,9999.000,9999.000
202608011930,   0.614,   1.548,9999.000,9999.000,9999.000,9999.000,9999.000,9999.000,9999.000
202608011936,   0.597,   1.528,9999.000,9999.000,9999.000,9999.000,9999.000,9999.000,9999.000
202608011942,   0.580,   1.518,9999.000,9999.000,9999.000,9999.000,9999.000,9999.000,9999.000
202608011948,   0.563,   1.508,9999.000,9999.000,9999.000,9999.000,9999.000,9999.000,9999.000
202608011954,   0.546,   1.489,9999.000,9999.000,9999.000,9999.000,9999.000,9999.000,9999.000
202608012000,   0.529,   1.489,   0.600,   0.360,   1.489,   0.600,   1.489,   0.600,   1.489
202608012006,   0.511,   1.459,9999.000,9999.000,9999.000,9999.000,9999.000,9999.000,9999.000
202608012012,   0.493,   1.449,9999.000,9999.000,9999.000,9999.000,9999.000,9999.000,9999.000
202608012018,   0.475,   1.430,9999.000,9999.000,9999.000,9999.000,9999.000,9999.000,9999.000
202608012024,   0.455,   1.420,9999.000,9999.000,9999.000,9999.000,9999.000,9999.000,9999.000
202608012030,   0.435,   1.400,9999.000,9999.000,9999.000,9999.000,9999.000,9999.000,9999.000
202608012036,   0.415,   1.390,9999.000,9999.000,9999.000,9999.000,9999.000,9999.000,9999.000
202608012042,   0.394,   1.361,9999.000,9999.000,9999.000,9999.000,9999.000,9999.000,9999.000
202608012048,   0.372,   1.348,9999.000,9999.000,9999.000,9999.000,9999.000,9999.000,9999.000
202608012054,   0.350,   1.338,9999.000,9999.000,9999.000,9999.000,9999.000,9999.000,9999.000
202608012100,   0.328,   1.308,   0.600,   0.380,   1.308,   0.600,   1.308,   0.600,   1.308
202608012106,   0.306,   1.298,9999.000,9999.000,9999.000,9999.000,9999.000,9999.000,9999.000
202608012112,   0.283,   1.289,9999.000,9999.000,9999.000,9999.000,9999.000,9999.000,9999.000
202608012118,   0.261,   1.269,9999.000,9999.000,9999.000,9999.000,9999.000,9999.000,9999.000
202608012124,   0.238,   1.249,9999.000,9999.000,9999.000,9999.000,9999.000,9999.000,9999.000
202608012130,   0.217,   1.229,9999.000,9999.000,9999.000,9999.000,9999.000,9999.000,9999.000
202608012136,   0.195,   1.220,9999.000,9999.000,9999.000,9999.000,9999.000,9999.000,9999.000
202608012142,   0.174,   1.220,9999.000,9999.000,9999.000,9999.000,9999.000,9999.000,9999.000
202608012148,   0.154,   1.190,9999.000,9999.000,9999.000,9999.000,9999.000,9999.000,9999.000
202608012154,   0.135,   1.180,9999.000,9999.000,9999.000,9999.000,9999.000,9999.000,9999.000
202608012200,   0.116,   1.170,   0.600,   0.454,   1.170,   0.600,   1.170,   0.600,   1.170
202608012206,   0.099,   1.138,9999.000,9999.000,9999.000,9999.000,9999.000,9999.000,9999.000
202608012212,   0.083,   1.128,9999.000,9999.000,9999.000,9999.000,9999.000,9999.000,9999.000
202608012218,   0.068,   1.151,9999.000,9999.000,9999.000,9999.000,9999.000,9999.000,9999.000
202608012224,   0.054,   1.128,9999.000,9999.000,9999.000,9999.000,9999.000,9999.000,9999.000
202608012230,   0.043,   1.098,9999.000,9999.000,9999.000,9999.000,9999.000,9999.000,9999.000
202608012236,   0.033,   1.108,9999.000,9999.000,9999.000,9999.000,9999.000,9999.000,9999.000
202608012242,   0.025,   1.098,9999.000,9999.000,9999.000,9999.000,9999.000,9999.000,9999.000
202608012248,   0.019,   1.088,9999.000,9999.000,9999.000,9999.000,9999.000,9999.000,9999.000
202608012254,   0.015,   1.079,9999.000,9999.000,9999.000,9999.000,9999.000,9999.000,9999.000
202608012300,   0.014,   1.079,   0.600,   0.465,   1.079,   0.600,   1.079,   0.600,   1.079
202608012306,   0.015,9999.000,9999.000,9999.000,9999.000,9999.000,9999.000,9999.000,9999.000
202608012312,   0.019,9999.000,9999.000,9999.000,9999.000,9999.000,9999.000,9999.000,9999.000
202608012318,   0.026,9999.000,9999.000,9999.000,9999.000,9999.000,9999.000,9999.000,9999.000
202608012324,   0.036,9999.000,9999.000,9999.000,9999.000,9999.000,9999.000,9999.000,9999.000
202608012330,   0.049,9999.000,9999.000,9999.000,9999.000,9999.000,9999.000,9999.000,9999.000
202608012336,   0.066,9999.000,9999.000,9999.000,9999.000,9999.000,9999.000,9999.000,9999.000
202608012342,   0.085,9999.000,9999.000,9999.000,9999.000,9999.000,9999.000,9999.000,9999.000
202608012348,   0.108,9999.000,9999.000,9999.000,9999.000,9999.000,9999.000,9999.000,9999.000
202608012354,   0.135,9999.000,9999.000,9999.000,9999.000,9999.000,9999.000,9999.000,9999.000
202608020000,   0.165,9999.000,   0.600,9999.000,   0.765,   0.600,   0.765,   0.600,   0.765
202608020006,   0.197,   1.308,9999.000,9999.000,9999.000,9999.000,9999.000,9999.000,9999.000
202608020012,   0.233,   1.348,9999.000,9999.000,9999.000,9999.000,9999.000,9999.000,9999.000
202608020018,   0.272,   1.400,9999.000,9999.000,9999.000,9999.000,9999.000,9999.000,9999.000
202608020024,   0.314,   1.449,9999.000,9999.000,9999.000,9999.000,9999.000,9999.000,9999.000
202608020030,   0.358,   1.489,9999.000,9999.000,9999.000,9999.000,9999.000,9999.000,9999.000
202608020036,   0.404,   1.528,9999.000,9999.000,9999.000,9999.000,9999.000,9999.000,9999.000
202608020042,   0.453,   1.571,9999.000,9999.000,9999.000,9999.000,9999.000,9999.000,9999.000
202608020048,   0.502,   1.590,9999.000,9999.000,9999.000,9999.000,9999.000,9999.000,9999.000
202608020054,   0.553,   1.630,9999.000,9999.000,9999.000,9999.000,9999.000,9999.000,9999.000
202608020100,   0.605,   1.669,   0.600,   0.464,   1.669,   0.600,   1.669,   0.600,   1.669
202608020106,   0.657,   1.699,9999.000,9999.000,9999.000,9999.000,9999.000,9999.000,9999.000
202608020112,   0.709,   1.728,9999.000,9999.000,9999.000,9999.000,9999.000,9999.000,9999.000
202608020118,   0.760,   1.738,9999.000,9999.000,9999.000,9999.000,9999.000,9999.000,9999.000
202608020124,   0.811,   1.767,9999.000,9999.000,9999.000,9999.000,9999.000,9999.000,9999.000
202608020130,   0.861,   1.790,9999.000,9999.000,9999.000,9999.000,9999.000,9999.000,9999.000
202608020136,   0.910,   1.810,9999.000,9999.000,9999.000,9999.000,9999.000,9999.000,9999.000
202608020142,   0.957,   1.830,9999.000,9999.000,9999.000,9999.000,9999.000,9999.000,9999.000
202608020148,   1.003,   1.849,9999.000,9999.000,9999.000,9999.000,9999.000,9999.000,9999.000
202608020154,   1.046,   1.879,9999.000,9999.000,9999.000,9999.000,9999.000,9999.000,9999.000
202608020200,   1.088,   1.908,   0.600,   0.220,   1.908,   0.600,   1.908,   0.600,   1.908
202608020206,   1.127,   1.938,9999.000,9999.000,9999.000,9999.000,9999.000,9999.000,9999.000
202608020212,   1.164,   1.958,9999.000,9999.000,9999.000,9999.000,9999.000,9999.000,9999.000
202608020218,   1.199,   1.981,9999.000,9999.000,9999.000,9999.000,9999.000,9999.000,9999.000
202608020224,   1.233,   2.010,9999.000,9999.000,9999.000,9999.000,9999.000,9999.000,9999.000
202608020230,   1.264,   2.040,9999.000,9999.000,9999.000,9999.000,9999.000,9999.000,9999.000
202608020236,   1.293,   2.059,9999.000,9999.000,9999.000,9999.000,9999.000,9999.000,9999.000
202608020242,   1.321,   2.089,9999.000,9999.000,9999.000,9999.000,9999.000,9999.000,9999.000
202608020248,   1.347,   2.109,9999.000,9999.000,9999.000,9999.000,9999.000,9999.000,9999.000
202608020254,   1.371,   2.128,9999.000,9999.000,9999.000,9999.000,9999.000,9999.000,9999.000
202608020300,   1.394,   2.148,   0.600,   0.154,   2.148,   0.600,   2.148,   0.600,   2.148
202608020306,   1.416,   2.168,9999.000,9999.000,9999.000,9999.000,9999.000,9999.000,9999.000
202608020312,   1.437,   2.200,9999.000,9999.000,9999.000,9999.000,9999.000,9999.000,9999.000
202608020318,   1.457,   2.220,9999.000,9999.000,9999.000,9999.000,9999.000,9999.000,9999.000
202608020324,   1.475,   2.250,9999.000,9999.000,9999.000,9999.000,9999.000,9999.000,9999.000
202608020330,   1.492,   2.269,9999.000,9999.000,9999.000,9999.000,9999.000,9999.000,9999.000
202608020336,   1.509,   2.299,9999.000,9999.000,9999.000,9999.000,9999.000,9999.000,9999.000
202608020342,   1.524,   2.318,9999.000,9999.000,9999.000,9999.000,9999.000,9999.000,9999.000
202608020348,   1.537,   2.328,9999.000,9999.000,9999.000,9999.000,9999.000,9999.000,9999.000
202608020354,   1.550,   2.348,9999.000,9999.000,9999.000,9999.000,9999.000,9999.000,9999.000
202608020400,   1.560,   2.358,   0.600,   0.198,   2.358,   0.600,   2.358,   0.600,   2.358
202608020406,   1.569,   2.377,9999.000,9999.000,9999.000,9999.000,9999.000,9999.000,9999.000
202608020412,   1.576,   2.387,9999.000,9999.000,9999.000,9999.000,9999.000,9999.000,9999.000
202608020418,   1.580,   2.400,9999.000,9999.000,9999.000,9999.000,9999.000,9999.000,9999.000
202608020424,   1.582,   2.420,9999.000,9999.000,9999.000,9999.000,9999.000,9999.000,9999.000
202608020430,   1.581,   2.420,9999.000,9999.000,9999.000,9999.000,9999.000,9999.000,9999.000
202608020436,   1.578,   2.440,9999.000,9999.000,9999.000,9999.000,9999.000,9999.000,9999.000
202608020442,   1.571,   2.450,9999.000,9999.000,9999.000,9999.000,9999.000,9999.000,9999.000
202608020448,   1.562,   2.459,9999.000,9999.000,9999.000,9999.000,9999.000,9999.000,9999.000
202608020454,   1.549,   2.459,9999.000,9999.000,9999.000,9999.000,9999.000,9999.000,9999.000
202608020500,   1.533,   2.459,   0.600,   0.326,   2.459,   0.600,   2.459,   0.600,   2.459
202608020506,   1.514,   2.459,9999.000,9999.000,9999.000,9999.000,9999.000,9999.000,9999.000
202608020512,   1.492,   2.450,9999.000,9999.000,9999.000,9999.000,9999.000,9999.000,9999.000
202608020518,   1.467,   2.440,9999.000,9999.000,9999.000,9999.000,9999.000,9999.000,9999.000
202608020524,   1.439,   2.420,9999.000,9999.000,9999.000,9999.000,9999.000,9999.000,9999.000
202608020530,   1.408,   2.410,9999.000,9999.000,9999.000,9999.000,9999.000,9999.000,9999.000
202608020536,   1.376,   2.377,9999.000,9999.000,9999.000,9999.000,9999.000,9999.000,9999.000
202608020542,   1.341,   2.348,9999.000,9999.000,9999.000,9999.000,9999.000,9999.000,9999.000
202608020548,   1.304,   2.318,9999.000,9999.000,9999.000,9999.000,9999.000,9999.000,9999.000
202608020554,   1.267,   2.289,9999.000,9999.000,9999.000,9999.000,9999.000,9999.000,9999.000
202608020600,   1.228,   2.250,   0.600,   0.422,   2.250,   0.600,   2.250,   0.600,   2.250
202608020606,   1.189,   2.210,9999.000,9999.000,9999.000,9999.000,9999.000,9999.000,9999.000
202608020612,   1.149,   2.168,9999.000,9999.000,9999.000,9999.000,9999.000,9999.000,9999.000
202608020618,   1.110,   2.128,9999.000,9999.000,9999.000,9999.000,9999.000,9999.000,9999.000
202608020624,   1.071,   2.089,9999.000,9999.000,9999.000,9999.000,9999.000,9999.000,9999.000
202608020630,   1.033,   2.049,9999.000,9999.000,9999.000,9999.000,9999.000,9999.000,9999.000
202608020636,   0.996,   2.010,9999.000,9999.000,9999.000,9999.000,9999.000,9999.000,9999.000
202608020642,   0.961,   1.967,9999.000,9999.000,9999.000,9999.000,9999.000,9999.000,9999.000
202608020648,   0.927,   1.948,9999.000,9999.000,9999.000,9999.000,9999.000,9999.000,9999.000
202608020654,   0.894,   1.918,9999.000,9999.000,9999.000,9999.000,9999.000,9999.000,9999.000
202608020700,   0.863,   1.889,   0.600,   0.426,   1.889,   0.600,   1.889,   0.600,   1.889
202608020706,   0.834,   1.869,9999.000,9999.000,9999.000,9999.000,9999.000,9999.000,9999.000
202608020712,   0.807,   1.840,9999.000,9999.000,9999.000,9999.000,9999.000,9999.000,9999.000
202608020718,   0.781,   1.820,9999.000,9999.000,9999.000,9999.000,9999.000,9999.000,9999.000
202608020724,   0.757,   1.810,9999.000,9999.000,9999.000,9999.000,9999.000,9999.000,9999.000
202608020730,   0.734,   1.790,9999.000,9999.000,9999.000,9999.000,9999.000,9999.000,9999.000
202608020736,   0.712,   1.767,9999.000,9999.000,9999.000,9999.000,9999.000,9999.000,9999.000
202608020742,   0.692,   1.758,9999.000,9999.000,9999.000,9999.000,9999.000,9999.000,9999.000
202608020748,   0.672,   1.738,9999.000,9999.000,9999.000,9999.000,9999.000,9999.000,9999.000
202608020754,   0.653,   1.718,9999.000,9999.000,9999.000,9999.000,9999.000,9999.000,9999.000
202608020800,   0.635,   1.699,   0.600,   0.464,   1.699,   0.600,   1.699,   0.600,   1.699
202608020806,   0.616,   1.679,9999.000,9999.000,9999.000,9999.000,9999.000,9999.000,9999.000
202608020812,   0.598,   1.659,9999.000,9999.000,9999.000,9999.000,9999.000,9999.000,9999.000
202608020818,   0.580,   1.639,9999.000,9999.000,9999.000,9999.000,9999.000,9999.000,9999.000
202608020824,   0.561,   1.630,9999.000,9999.000,9999.000,9999.000,9999.000,9999.000,9999.000
202608020830,   0.542,   1.610,9999.000,9999.000,9999.000,9999.000,9999.000,9999.000,9999.000
202608020836,   0.523,   1.590,9999.000,9999.000,9999.000,9999.000,9999.000,9999.000,9999.000
202608020842,   0.503,   1.571,9999.000,9999.000,9999.000,9999.000,9999.000,9999.000,9999.000
202608020848,   0.482,   1.548,9999.000,9999.000,9999.000,9999.000,9999.000,9999.000,9999.000
202608020854,   0.461,   1.528,9999.000,9999.000,9999.000,9999.000,9999.000,9999.000,9999.000
202608020900,   0.440,   1.518,   0.600,   0.478,   1.518,   0.500,   1.418,   0.600,   1.518
202608020906,   0.417,   1.498,9999.000,9999.000,9999.000,9999.000,9999.000,9999.000,9999.000
202608020912,   0.395,   1.469,9999.000,9999.000,9999.000,9999.000,9999.000,9999.000,9999.000
202608020918,   0.372,   1.449,9999.000,9999.000,9999.000,9999.000,9999.000,9999.000,9999.000
202608020924,   0.348,   1.430,9999.000,9999.000,9999.000,9999.000,9999.000,9999.000,9999.000
202608020930,   0.325,   1.410,9999.000,9999.000,9999.000,9999.000,9999.000,9999.000,9999.000
202608020936,   0.301,   1.390,9999.000,9999.000,9999.000,9999.000,9999.000,9999.000,9999.000
202608020942,   0.278,   1.361,9999.000,9999.000,9999.000,9999.000,9999.000,9999.000,9999.000
202608020948,   0.254,   1.338,9999.000,9999.000,9999.000,9999.000,9999.000,9999.000,9999.000
202608020954,   0.231,   1.318,9999.000,9999.000,9999.000,9999.000,9999.000,9999.000,9999.000
202608021000,   0.209,   1.298,   0.600,   0.489,   1.298,   0.500,   1.198,   0.600,   1.298
202608021006,   0.187,   1.279,9999.000,9999.000,9999.000,9999.000,9999.000,9999.000,9999.000
202608021012,   0.165,   1.259,9999.000,9999.000,9999.000,9999.000,9999.000,9999.000,9999.000
202608021018,   0.145,   1.229,9999.000,9999.000,9999.000,9999.000,9999.000,9999.000,9999.000
202608021024,   0.125,   1.210,9999.000,9999.000,9999.000,9999.000,9999.000,9999.000,9999.000
202608021030,   0.107,   1.190,9999.000,9999.000,9999.000,9999.000,9999.000,9999.000,9999.000
202608021036,   0.089,   1.170,9999.000,9999.000,9999.000,9999.000,9999.000,9999.000,9999.000
202608021042,   0.073,   1.161,9999.000,9999.000,9999.000,9999.000,9999.000,9999.000,9999.000
202608021048,   0.059,   1.138,9999.000,9999.000,9999.000,9999.000,9999.000,9999.000,9999.000
202608021054,   0.046,   1.128,9999.000,9999.000,9999.000,9999.000,9999.000,9999.000,9999.000
202608021100,   0.035,   1.108,   0.600,   0.473,   1.108,   0.500,   1.008,   0.600,   1.108
202608021106,   0.026,   1.088,9999.000,9999.000,9999.000,9999.000,9999.000,9999.000,9999.000
202608021112,   0.018,   1.079,9999.000,9999.000,9999.000,9999.000,9999.000,9999.000,9999.000
202608021118,   0.014,   1.069,9999.000,9999.000,9999.000,9999.000,9999.000,9999.000,9999.000
202608021124,   0.011,   1.059,9999.000,9999.000,9999.000,9999.000,9999.000,9999.000,9999.000
202608021130,   0.011,   1.049,9999.000,9999.000,9999.000,9999.000,9999.000,9999.000,9999.000
202608021136,   0.014,   1.049,9999.000,9999.000,9999.000,9999.000,9999.000,9999.000,9999.000
202608021142,   0.020,   1.039,9999.000,9999.000,9999.000,9999.000,9999.000,9999.000,9999.000
202608021148,   0.029,   1.039,9999.000,9999.000,9999.000,9999.000,9999.000,9999.000,9999.000
202608021154,   0.041,   1.029,9999.000,9999.000,9999.000,9999.000,9999.000,9999.000,9999.000
202608021200,   0.056,   1.029,   0.600,   0.373,   1.029,   0.500,   0.929,   0.600,   1.029
202608021206,   0.075,   1.039,9999.000,9999.000,9999.000,9999.000,9999.000,9999.000,9999.000
202608021212,   0.097,   1.049,9999.000,9999.000,9999.000,9999.000,9999.000,9999.000,9999.000
202608021218,   0.122,   1.059,9999.000,9999.000,9999.000,9999.000,9999.000,9999.000,9999.000
202608021224,   0.150,   1.088,9999.000,9999.000,9999.000,9999.000,9999.000,9999.000,9999.000
202608021230,   0.182,   1.118,9999.000,9999.000,9999.000,9999.000,9999.000,9999.000,9999.000
202608021236,   0.217,   1.151,9999.000,9999.000,9999.000,9999.000,9999.000,9999.000,9999.000
202608021242,   0.255,   1.180,9999.000,9999.000,9999.000,9999.000,9999.000,9999.000,9999.000
202608021248,   0.296,   1.229,9999.000,9999.000,9999.000,9999.000,9999.000,9999.000,9999.000
202608021254,   0.340,   1.279,9999.000,9999.000,9999.000,9999.000,9999.000,9999.000,9999.000
202608021300,   0.385,   1.318,   0.500,   0.433,   1.318,   0.500,   1.318,   0.600,   1.418
202608021306,   0.433,   1.371,9999.000,9999.000,9999.000,9999.000,9999.000,9999.000,9999.000
202608021312,   0.482,   1.420,9999.000,9999.000,9999.000,9999.000,9999.000,9999.000,9999.000
202608021318,   0.532,   1.459,9999.000,9999.000,9999.000,9999.000,9999.000,9999.000,9999.000
202608021324,   0.584,   1.489,9999.000,9999.000,9999.000,9999.000,9999.000,9999.000,9999.000
202608021330,   0.635,   1.538,9999.000,9999.000,9999.000,9999.000,9999.000,9999.000,9999.000
202608021336,   0.687,   1.580,9999.000,9999.000,9999.000,9999.000,9999.000,9999.000,9999.000
202608021342,   0.740,   1.620,9999.000,9999.000,9999.000,9999.000,9999.000,9999.000,9999.000
202608021348,   0.790,   1.649,9999.000,9999.000,9999.000,9999.000,9999.000,9999.000,9999.000
202608021354,   0.840,   1.679,9999.000,9999.000,9999.000,9999.000,9999.000,9999.000,9999.000
202608021400,   0.889,   1.708,   0.500,   0.319,   1.708,   0.500,   1.708,   0.600,   1.808
202608021406,   0.936,   1.738,9999.000,9999.000,9999.000,9999.000,9999.000,9999.000,9999.000
202608021412,   0.982,   1.758,9999.000,9999.000,9999.000,9999.000,9999.000,9999.000,9999.000
202608021418,   1.026,   1.790,9999.000,9999.000,9999.000,9999.000,9999.000,9999.000,9999.000
202608021424,   1.068,   1.810,9999.000,9999.000,9999.000,9999.000,9999.000,9999.000,9999.000
202608021430,   1.108,   1.849,9999.000,9999.000,9999.000,9999.000,9999.000,9999.000,9999.000
202608021436,   1.145,   1.859,9999.000,9999.000,9999.000,9999.000,9999.000,9999.000,9999.000
202608021442,   1.181,   1.889,9999.000,9999.000,9999.000,9999.000,9999.000,9999.000,9999.000
202608021448,   1.215,   1.908,9999.000,9999.000,9999.000,9999.000,9999.000,9999.000,9999.000
202608021454,   1.246,   1.928,9999.000,9999.000,9999.000,9999.000,9999.000,9999.000,9999.000
202608021500,   1.276,   1.958,   0.500,   0.182,   1.958,   0.500,   1.958,   0.600,   2.058
202608021506,   1.304,   1.981,9999.000,9999.000,9999.000,9999.000,9999.000,9999.000,9999.000
202608021512,   1.330,   2.010,9999.000,9999.000,9999.000,9999.000,9999.000,9999.000,9999.000
202608021518,   1.355,   2.030,9999.000,9999.000,9999.000,9999.000,9999.000,9999.000,9999.000
202608021524,   1.378,   2.059,9999.000,9999.000,9999.000,9999.000,9999.000,9999.000,9999.000
202608021530,   1.400,   2.079,9999.000,9999.000,9999.000,9999.000,9999.000,9999.000,9999.000
202608021536,   1.421,   2.109,9999.000,9999.000,9999.000,9999.000,9999.000,9999.000,9999.000
202608021542,   1.441,   2.128,9999.000,9999.000,9999.000,9999.000,9999.000,9999.000,9999.000
202608021548,   1.460,   2.148,9999.000,9999.000,9999.000,9999.000,9999.000,9999.000,9999.000
202608021554,   1.477,   2.168,9999.000,9999.000,9999.000,9999.000,9999.000,9999.000,9999.000
202608021600,   1.494,   2.177,   0.500,   0.183,   2.177,   0.500,   2.177,   0.600,   2.277
202608021606,   1.509,   2.210,9999.000,9999.000,9999.000,9999.000,9999.000,9999.000,9999.000
202608021612,   1.523,   2.220,9999.000,9999.000,9999.000,9999.000,9999.000,9999.000,9999.000
202608021618,   1.535,   2.240,9999.000,9999.000,9999.000,9999.000,9999.000,9999.000,9999.000
202608021624,   1.546,   2.230,9999.000,9999.000,9999.000,9999.000,9999.000,9999.000,9999.000
202608021630,   1.555,   2.250,9999.000,9999.000,9999.000,9999.000,9999.000,9999.000,9999.000
202608021636,   1.562,   2.250,9999.000,9999.000,9999.000,9999.000,9999.000,9999.000,9999.000
202608021642,   1.567,   2.269,9999.000,9999.000,9999.000,9999.000,9999.000,9999.000,9999.000
202608021648,   1.570,   2.250,9999.000,9999.000,9999.000,9999.000,9999.000,9999.000,9999.000
202608021654,   1.569,   2.269,9999.000,9999.000,9999.000,9999.000,9999.000,9999.000,9999.000
202608021700,   1.566,   2.269,   0.500,   0.203,   2.269,   0.500,   2.269,   0.600,   2.369
202608021706,   1.560,   2.279,9999.000,9999.000,9999.000,9999.000,9999.000,9999.000,9999.000
202608021712,   1.551,   2.269,9999.000,9999.000,9999.000,9999.000,9999.000,9999.000,9999.000
202608021718,   1.539,   2.279,9999.000,9999.000,9999.000,9999.000,9999.000,9999.000,9999.000
202608021724,   1.524,   2.279,9999.000,9999.000,9999.000,9999.000,9999.000,9999.000,9999.000
202608021730,   1.505,   2.269,9999.000,9999.000,9999.000,9999.000,9999.000,9999.000,9999.000
202608021736,   1.483,   2.259,9999.000,9999.000,9999.000,9999.000,9999.000,9999.000,9999.000
202608021742,   1.459,   2.259,9999.000,9999.000,9999.000,9999.000,9999.000,9999.000,9999.000
202608021748,   1.431,   2.240,9999.000,9999.000,9999.000,9999.000,9999.000,9999.000,9999.000
202608021754,   1.401,   2.230,9999.000,9999.000,9999.000,9999.000,9999.000,9999.000,9999.000
202608021800,   1.368,   2.210,   0.600,   0.242,   2.210,   0.500,   2.110,   0.600,   2.210
202608021806,   1.334,   2.168,9999.000,9999.000,9999.000,9999.000,9999.000,9999.000,9999.000
202608021812,   1.297,   2.168,9999.000,9999.000,9999.000,9999.000,9999.000,9999.000,9999.000
202608021818,   1.260,   2.109,9999.000,9999.000,9999.000,9999.000,9999.000,9999.000,9999.000
202608021824,   1.221,   2.079,9999.000,9999.000,9999.000,9999.000,9999.000,9999.000,9999.000
202608021830,   1.182,   2.049,9999.000,9999.000,9999.000,9999.000,9999.000,9999.000,9999.000
202608021836,   1.142,   2.020,9999.000,9999.000,9999.000,9999.000,9999.000,9999.000,9999.000
202608021842,   1.103,   1.990,9999.000,9999.000,9999.000,9999.000,9999.000,9999.000,9999.000
202608021848,   1.064,   1.958,9999.000,9999.000,9999.000,9999.000,9999.000,9999.000,9999.000
202608021854,   1.025,   1.990,9999.000,9999.000,9999.000,9999.000,9999.000,9999.000,9999.000
202608021900,   0.988,   1.958,   0.600,   0.370,   1.958,   0.500,   1.858,   0.600,   1.958
202608021906,   0.952,   1.928,9999.000,9999.000,9999.000,9999.000,9999.000,9999.000,9999.000
202608021912,   0.918,   1.908,9999.000,9999.000,9999.000,9999.000,9999.000,9999.000,9999.000
202608021918,   0.885,   1.889,9999.000,9999.000,9999.000,9999.000,9999.000,9999.000,9999.000
202608021924,   0.854,   1.869,9999.000,9999.000,9999.000,9999.000,9999.000,9999.000,9999.000
202608021930,   0.824,   1.849,9999.000,9999.000,9999.000,9999.000,9999.000,9999.000,9999.000
202608021936,   0.796,   1.830,9999.000,9999.000,9999.000,9999.000,9999.000,9999.000,9999.000
202608021942,   0.770,   1.820,9999.000,9999.000,9999.000,9999.000,9999.000,9999.000,9999.000
202608021948,   0.746,   1.820,9999.000,9999.000,9999.000,9999.000,9999.000,9999.000,9999.000
202608021954,   0.723,   1.800,9999.000,9999.000,9999.000,9999.000,9999.000,9999.000,9999.000
202608022000,   0.701,   1.790,   0.600,   0.489,   1.790,   0.500,   1.690,   0.600,   1.790
202608022006,   0.681,   1.767,9999.000,9999.000,9999.000,9999.000,9999.000,9999.000,9999.000
202608022012,   0.661,   1.767,9999.000,9999.000,9999.000,9999.000,9999.000,9999.000,9999.000
202608022018,   0.642,   1.748,9999.000,9999.000,9999.000,9999.000,9999.000,9999.000,9999.000
202608022024,   0.624,   1.728,9999.000,9999.000,9999.000,9999.000,9999.000,9999.000,9999.000
202608022030,   0.606,   1.718,9999.000,9999.000,9999.000,9999.000,9999.000,9999.000,9999.000
202608022036,   0.588,   1.699,9999.000,9999.000,9999.000,9999.000,9999.000,9999.000,9999.000
202608022042,   0.570,   1.679,9999.000,9999.000,9999.000,9999.000,9999.000,9999.000,9999.000
202608022048,   0.552,   1.659,9999.000,9999.000,9999.000,9999.000,9999.000,9999.000,9999.000
202608022054,   0.533,   1.649,9999.000,9999.000,9999.000,9999.000,9999.000,9999.000,9999.000
202608022100,   0.515,   1.630,   0.600,   0.515,   1.630,   0.600,   1.630,   0.600,   1.630
202608022106,   0.495,   1.610,9999.000,9999.000,9999.000,9999.000,9999.000,9999.000,9999.000
202608022112,   0.475,   1.590,9999.000,9999.000,9999.000,9999.000,9999.000,9999.000,9999.000
202608022118,   0.455,   1.571,9999.000,9999.000,9999.000,9999.000,9999.000,9999.000,9999.000
202608022124,   0.434,   1.548,9999.000,9999.000,9999.000,9999.000,9999.000,9999.000,9999.000
202608022130,   0.413,   1.528,9999.000,9999.000,9999.000,9999.000,9999.000,9999.000,9999.000
202608022136,   0.391,   1.498,9999.000,9999.000,9999.000,9999.000,9999.000,9999.000,9999.000
202608022142,   0.368,   1.469,9999.000,9999.000,9999.000,9999.000,9999.000,9999.000,9999.000
202608022148,   0.346,   1.449,9999.000,9999.000,9999.000,9999.000,9999.000,9999.000,9999.000
202608022154,   0.323,   1.439,9999.000,9999.000,9999.000,9999.000,9999.000,9999.000,9999.000
202608022200,   0.300,   1.410,   0.600,   0.510,   1.410,   0.600,   1.410,   0.600,   1.410
202608022206,   0.277,   1.371,9999.000,9999.000,9999.000,9999.000,9999.000,9999.000,9999.000
202608022212,   0.255,   1.371,9999.000,9999.000,9999.000,9999.000,9999.000,9999.000,9999.000
202608022218,   0.232,   1.361,9999.000,9999.000,9999.000,9999.000,9999.000,9999.000,9999.000
202608022224,   0.211,   1.328,9999.000,9999.000,9999.000,9999.000,9999.000,9999.000,9999.000
202608022230,   0.189,   1.308,9999.000,9999.000,9999.000,9999.000,9999.000,9999.000,9999.000
202608022236,   0.168,   1.279,9999.000,9999.000,9999.000,9999.000,9999.000,9999.000,9999.000
202608022242,   0.148,   1.269,9999.000,9999.000,9999.000,9999.000,9999.000,9999.000,9999.000
202608022248,   0.129,   1.249,9999.000,9999.000,9999.000,9999.000,9999.000,9999.000,9999.000
202608022254,   0.111,   1.239,9999.000,9999.000,9999.000,9999.000,9999.000,9999.000,9999.000
202608022300,   0.094,   1.220,   0.600,   0.526,   1.220,   0.600,   1.220,   0.600,   1.220
202608022306,   0.079,   1.200,9999.000,9999.000,9999.000,9999.000,9999.000,9999.000,9999.000
202608022312,   0.065,   1.180,9999.000,9999.000,9999.000,9999.000,9999.000,9999.000,9999.000
202608022318,   0.052,   1.161,9999.000,9999.000,9999.000,9999.000,9999.000,9999.000,9999.000
202608022324,   0.041,   1.151,9999.000,9999.000,9999.000,9999.000,9999.000,9999.000,9999.000
202608022330,   0.032,   1.138,9999.000,9999.000,9999.000,9999.000,9999.000,9999.000,9999.000
202608022336,   0.025,   1.138,9999.000,9999.000,9999.000,9999.000,9999.000,9999.000,9999.000
202608022342,   0.020,   1.138,9999.000,9999.000,9999.000,9999.000,9999.000,9999.000,9999.000
202608022348,   0.017,   1.128,9999.000,9999.000,9999.000,9999.000,9999.000,9999.000,9999.000
202608022354,   0.017,   1.128,9999.000,9999.000,9999.000,9999.000,9999.000,9999.000,9999.000
202608030000,   0.020,   1.128,   0.600,   0.508,   1.128,   0.600,   1.128,   0.600,   1.128
202608030006,   0.025,   1.151,9999.000,9999.000,9999.000,9999.000,9999.000,9999.000,9999.000
202608030012,   0.034,   1.151,9999.000,9999.000,9999.000,9999.000,9999.000,9999.000,9999.000
202608030018,   0.045,   1.161,9999.000,9999.000,9999.000,9999.000,9999.000,9999.000,9999.000
202608030024,   0.059,   1.190,9999.000,9999.000,9999.000,9999.000,9999.000,9999.000,9999.000
202608030030,   0.077,   1.210,9999.000,9999.000,9999.000,9999.000,9999.000,9999.000,9999.000
202608030036,   0.098,   1.239,9999.000,9999.000,9999.000,9999.000,9999.000,9999.000,9999.000
202608030042,   0.123,   1.279,9999.000,9999.000,9999.000,9999.000,9999.000,9999.000,9999.000
202608030048,   0.150,   1.328,9999.000,9999.000,9999.000,9999.000,9999.000,9999.000,9999.000
202608030054,   0.181,   1.371,9999.000,9999.000,9999.000,9999.000,9999.000,9999.000,9999.000
202608030100,   0.215,   1.420,   0.600,   0.605,   1.420,   0.600,   1.420,   0.600,   1.420
202608030106,   0.252,   1.459,9999.000,9999.000,9999.000,9999.000,9999.000,9999.000,9999.000
202608030112,   0.292,   1.508,9999.000,9999.000,9999.000,9999.000,9999.000,9999.000,9999.000
202608030118,   0.334,   1.548,9999.000,9999.000,9999.000,9999.000,9999.000,9999.000,9999.000
202608030124,   0.378,   1.590,9999.000,9999.000,9999.000,9999.000,9999.000,9999.000,9999.000
202608030130,   0.425,   1.630,9999.000,9999.000,9999.000,9999.000,9999.000,9999.000,9999.000
202608030136,   0.473,   1.659,9999.000,9999.000,9999.000,9999.000,9999.000,9999.000,9999.000
202608030142,   0.522,   1.689,9999.000,9999.000,9999.000,9999.000,9999.000,9999.000,9999.000
202608030148,   0.572,   1.718,9999.000,9999.000,9999.000,9999.000,9999.000,9999.000,9999.000
202608030154,   0.623,   1.748,9999.000,9999.000,9999.000,9999.000,9999.000,9999.000,9999.000
202608030200,   0.673,   1.781,   0.600,   0.508,   1.781,   0.600,   1.781,   0.600,   1.781
202608030206,   0.724,   1.810,9999.000,9999.000,9999.000,9999.000,9999.000,9999.000,9999.000
202608030212,   0.774,   1.830,9999.000,9999.000,9999.000,9999.000,9999.000,9999.000,9999.000
202608030218,   0.823,   1.849,9999.000,9999.000,9999.000,9999.000,9999.000,9999.000,9999.000
202608030224,   0.871,   1.879,9999.000,9999.000,9999.000,9999.000,9999.000,9999.000,9999.000
202608030230,   0.917,   1.899,9999.000,9999.000,9999.000,9999.000,9999.000,9999.000,9999.000
202608030236,   0.962,   1.928,9999.000,9999.000,9999.000,9999.000,9999.000,9999.000,9999.000
202608030242,   1.005,   1.958,9999.000,9999.000,9999.000,9999.000,9999.000,9999.000,9999.000
202608030248,   1.046,   1.981,9999.000,9999.000,9999.000,9999.000,9999.000,9999.000,9999.000
202608030254,   1.085,   2.010,9999.000,9999.000,9999.000,9999.000,9999.000,9999.000,9999.000
202608030300,   1.122,   2.040,   0.600,   0.318,   2.040,   0.600,   2.040,   0.600,   2.040
202608030306,   1.156,   2.059,9999.000,9999.000,9999.000,9999.000,9999.000,9999.000,9999.000
202608030312,   1.189,   2.089,9999.000,9999.000,9999.000,9999.000,9999.000,9999.000,9999.000
202608030318,   1.219,   2.118,9999.000,9999.000,9999.000,9999.000,9999.000,9999.000,9999.000
202608030324,   1.248,   2.148,9999.000,9999.000,9999.000,9999.000,9999.000,9999.000,9999.000
202608030330,   1.275,   2.168,9999.000,9999.000,9999.000,9999.000,9999.000,9999.000,9999.000
202608030336,   1.300,   2.191,9999.000,9999.000,9999.000,9999.000,9999.000,9999.000,9999.000
202608030342,   1.324,   2.220,9999.000,9999.000,9999.000,9999.000,9999.000,9999.000,9999.000
202608030348,   1.346,   2.250,9999.000,9999.000,9999.000,9999.000,9999.000,9999.000,9999.000
202608030354,   1.367,   2.269,9999.000,9999.000,9999.000,9999.000,9999.000,9999.000,9999.000
202608030400,   1.386,   2.289,   0.600,   0.303,   2.289,   0.600,   2.289,   0.600,   2.289
202608030406,   1.405,   2.309,9999.000,9999.000,9999.000,9999.000,9999.000,9999.000,9999.000
202608030412,   1.423,   2.328,9999.000,9999.000,9999.000,9999.000,9999.000,9999.000,9999.000
202608030418,   1.439,   2.348,9999.000,9999.000,9999.000,9999.000,9999.000,9999.000,9999.000
202608030424,   1.454,   2.368,9999.000,9999.000,9999.000,9999.000,9999.000,9999.000,9999.000
202608030430,   1.469,   2.400,9999.000,9999.000,9999.000,9999.000,9999.000,9999.000,9999.000
202608030436,   1.482,   2.420,9999.000,9999.000,9999.000,9999.000,9999.000,9999.000,9999.000
202608030442,   1.493,   2.440,9999.000,9999.000,9999.000,9999.000,9999.000,9999.000,9999.000
202608030448,   1.503,   2.450,9999.000,9999.000,9999.000,9999.000,9999.000,9999.000,9999.000
202608030454,   1.511,   2.469,9999.000,9999.000,9999.000,9999.000,9999.000,9999.000,9999.000
202608030500,   1.517,   2.469,   0.600,   0.352,   2.469,   0.600,   2.469,   0.600,   2.469
202608030506,   1.521,   2.479,9999.000,9999.000,9999.000,9999.000,9999.000,9999.000,9999.000
202608030512,   1.523,   2.489,9999.000,9999.000,9999.000,9999.000,9999.000,9999.000,9999.000
202608030518,   1.522,   2.499,9999.000,9999.000,9999.000,9999.000,9999.000,9999.000,9999.000
202608030524,   1.519,   2.499,9999.000,9999.000,9999.000,9999.000,9999.000,9999.000,9999.000
202608030530,   1.512,   2.499,9999.000,9999.000,9999.000,9999.000,9999.000,9999.000,9999.000
202608030536,   1.503,   2.509,9999.000,9999.000,9999.000,9999.000,9999.000,9999.000,9999.000
202608030542,   1.490,   2.509,9999.000,9999.000,9999.000,9999.000,9999.000,9999.000,9999.000
202608030548,   1.474,   2.499,9999.000,9999.000,9999.000,9999.000,9999.000,9999.000,9999.000
202608030554,   1.455,   2.489,9999.000,9999.000,9999.000,9999.000,9999.000,9999.000,9999.000
202608030600,   1.433,   2.489,   0.600,   0.456,   2.489,   0.600,   2.489,   0.600,   2.489
202608030606,   1.408,   2.479,9999.000,9999.000,9999.000,9999.000,9999.000,9999.000,9999.000
202608030612,   1.380,   2.479,9999.000,9999.000,9999.000,9999.000,9999.000,9999.000,9999.000
202608030618,   1.349,   2.459,9999.000,9999.000,9999.000,9999.000,9999.000,9999.000,9999.000
202608030624,   1.316,   2.440,9999.000,9999.000,9999.000,9999.000,9999.000,9999.000,9999.000
202608030630,   1.281,   2.410,9999.000,9999.000,9999.000,9999.000,9999.000,9999.000,9999.000
202608030636,   1.244,   2.377,9999.000,9999.000,9999.000,9999.000,9999.000,9999.000,9999.000
202608030642,   1.205,   2.338,9999.000,9999.000,9999.000,9999.000,9999.000,9999.000,9999.000
202608030648,   1.166,   2.309,9999.000,9999.000,9999.000,9999.000,9999.000,9999.000,9999.000
202608030654,   1.125,   2.279,9999.000,9999.000,9999.000,9999.000,9999.000,9999.000,9999.000
202608030700,   1.085,   2.240,   0.600,   0.555,   2.240,   0.600,   2.240,   0.600,   2.240
202608030706,   1.044,   2.200,9999.000,9999.000,9999.000,9999.000,9999.000,9999.000,9999.000
202608030712,   1.004,   2.148,9999.000,9999.000,9999.000,9999.000,9999.000,9999.000,9999.000
202608030718,   0.965,   2.109,9999.000,9999.000,9999.000,9999.000,9999.000,9999.000,9999.000
202608030724,   0.926,   2.059,9999.000,9999.000,9999.000,9999.000,9999.000,9999.000,9999.000
202608030730,   0.889,   2.030,9999.000,9999.000,9999.000,9999.000,9999.000,9999.000,9999.000
202608030736,   0.854,   2.000,9999.000,9999.000,9999.000,9999.000,9999.000,9999.000,9999.000
202608030742,   0.819,   1.967,9999.000,9999.000,9999.000,9999.000,9999.000,9999.000,9999.000
202608030748,   0.787,   1.938,9999.000,9999.000,9999.000,9999.000,9999.000,9999.000,9999.000
202608030754,   0.756,   1.908,9999.000,9999.000,9999.000,9999.000,9999.000,9999.000,9999.000
202608030800,   0.727,   1.889,   0.600,   0.562,   1.889,   0.600,   1.889,   0.600,   1.889
202608030806,   0.700,   1.859,9999.000,9999.000,9999.000,9999.000,9999.000,9999.000,9999.000
202608030812,   0.675,   1.840,9999.000,9999.000,9999.000,9999.000,9999.000,9999.000,9999.000
202608030818,   0.651,   1.820,9999.000,9999.000,9999.000,9999.000,9999.000,9999.000,9999.000
202608030824,   0.628,   1.810,9999.000,9999.000,9999.000,9999.000,9999.000,9999.000,9999.000
202608030830,   0.607,   1.767,9999.000,9999.000,9999.000,9999.000,9999.000,9999.000,9999.000
202608030836,   0.587,   1.728,9999.000,9999.000,9999.000,9999.000,9999.000,9999.000,9999.000
202608030842,   0.567,   1.718,9999.000,9999.000,9999.000,9999.000,9999.000,9999.000,9999.000
202608030848,   0.548,   1.708,9999.000,9999.000,9999.000,9999.000,9999.000,9999.000,9999.000
202608030854,   0.530,   1.708,9999.000,9999.000,9999.000,9999.000,9999.000,9999.000,9999.000
202608030900,   0.512,   1.679,   0.600,   0.567,   1.679,   0.600,   1.679,   0.600,   1.679
202608030906,   0.494,   1.669,9999.000,9999.000,9999.000,9999.000,9999.000,9999.000,9999.000
202608030912,   0.475,   1.659,9999.000,9999.000,9999.000,9999.000,9999.000,9999.000,9999.000
202608030918,   0.457,   1.639,9999.000,9999.000,9999.000,9999.000,9999.000,9999.000,9999.000
202608030924,   0.438,   1.620,9999.000,9999.000,9999.000,9999.000,9999.000,9999.000,9999.000
202608030930,   0.419,   1.610,9999.000,9999.000,9999.000,9999.000,9999.000,9999.000,9999.000
202608030936,   0.400,   1.580,9999.000,9999.000,9999.000,9999.000,9999.000,9999.000,9999.000
202608030942,   0.380,   1.571,9999.000,9999.000,9999.000,9999.000,9999.000,9999.000,9999.000
202608030948,   0.359,   1.548,9999.000,9999.000,9999.000,9999.000,9999.000,9999.000,9999.000
202608030954,   0.338,   1.548,9999.000,9999.000,9999.000,9999.000,9999.000,9999.000,9999.000
202608031000,   0.317,   1.538,   0.600,   0.621,   1.538,   0.600,   1.538,   0.600,   1.538
202608031006,   0.295,   1.489,9999.000,9999.000,9999.000,9999.000,9999.000,9999.000,9999.000
202608031012,   0.273,   1.439,9999.000,9999.000,9999.000,9999.000,9999.000,9999.000,9999.000
202608031018,   0.252,   1.390,9999.000,9999.000,9999.000,9999.000,9999.000,9999.000,9999.000
202608031024,   0.230,   1.269,9999.000,9999.000,9999.000,9999.000,9999.000,9999.000,9999.000
202608031030,   0.208,   1.289,9999.000,9999.000,9999.000,9999.000,9999.000,9999.000,9999.000
202608031036,   0.186,   1.249,9999.000,9999.000,9999.000,9999.000,9999.000,9999.000,9999.000
202608031042,   0.165,   1.220,9999.000,9999.000,9999.000,9999.000,9999.000,9999.000,9999.000
202608031048,   0.144,   1.190,9999.000,9999.000,9999.000,9999.000,9999.000,9999.000,9999.000
202608031054,   0.124,   1.170,9999.000,9999.000,9999.000,9999.000,9999.000,9999.000,9999.000
202608031100,   0.105,   1.161,   0.600,   0.456,   1.161,   0.600,   1.161,   0.600,   1.161
202608031106,   0.086,   1.151,9999.000,9999.000,9999.000,9999.000,9999.000,9999.000,9999.000
202608031112,   0.069,   1.128,9999.000,9999.000,9999.000,9999.000,9999.000,9999.000,9999.000
202608031118,   0.052,   1.098,9999.000,9999.000,9999.000,9999.000,9999.000,9999.000,9999.000
202608031124,   0.037,   1.079,9999.000,9999.000,9999.000,9999.000,9999.000,9999.000,9999.000
202608031130,   0.023,   1.079,9999.000,9999.000,9999.000,9999.000,9999.000,9999.000,9999.000
202608031136,   0.011,   1.079,9999.000,9999.000,9999.000,9999.000,9999.000,9999.000,9999.000
202608031142,   0.000,   1.059,9999.000,9999.000,9999.000,9999.000,9999.000,9999.000,9999.000
202608031148,  -0.008,   1.020,9999.000,9999.000,9999.000,9999.000,9999.000,9999.000,9999.000
202608031154,  -0.015,   1.010,9999.000,9999.000,9999.000,9999.000,9999.000,9999.000,9999.000
202608031200,  -0.020,   1.029,   0.600,   0.449,   1.029,   0.600,   1.029,   0.600,   1.029
202608031206,  -0.023,   1.020,9999.000,9999.000,9999.000,9999.000,9999.000,9999.000,9999.000
202608031212,  -0.024,   1.020,9999.000,9999.000,9999.000,9999.000,9999.000,9999.000,9999.000
202608031218,  -0.022,   1.000,9999.000,9999.000,9999.000,9999.000,9999.000,9999.000,9999.000
202608031224,  -0.018,   1.010,9999.000,9999.000,9999.000,9999.000,9999.000,9999.000,9999.000
202608031230,  -0.010,   1.039,9999.000,9999.000,9999.000,9999.000,9999.000,9999.000,9999.000
202608031236,   0.000,   1.059,9999.000,9999.000,9999.000,9999.000,9999.000,9999.000,9999.000
202608031242,   0.013,   1.088,9999.000,9999.000,9999.000,9999.000,9999.000,9999.000,9999.000
202608031248,   0.029,   1.151,9999.000,9999.000,9999.000,9999.000,9999.000,9999.000,9999.000
202608031254,   0.049,   1.190,9999.000,9999.000,9999.000,9999.000,9999.000,9999.000,9999.000
202608031300,   0.072,   1.180,   0.600,   0.508,   1.180,   0.500,   1.080,   0.600,   1.180
202608031306,   0.099,   1.180,9999.000,9999.000,9999.000,9999.000,9999.000,9999.000,9999.000
202608031312,   0.129,   1.220,9999.000,9999.000,9999.000,9999.000,9999.000,9999.000,9999.000
202608031318,   0.162,   1.269,9999.000,9999.000,9999.000,9999.000,9999.000,9999.000,9999.000
202608031324,   0.198,   1.308,9999.000,9999.000,9999.000,9999.000,9999.000,9999.000,9999.000
202608031330,   0.238,   1.318,9999.000,9999.000,9999.000,9999.000,9999.000,9999.000,9999.000
202608031336,   0.280,   1.380,9999.000,9999.000,9999.000,9999.000,9999.000,9999.000,9999.000
202608031342,   0.324,   1.449,9999.000,9999.000,9999.000,9999.000,9999.000,9999.000,9999.000
202608031348,   0.371,   1.508,9999.000,9999.000,9999.000,9999.000,9999.000,9999.000,9999.000
202608031354,   0.420,   1.590,9999.000,9999.000,9999.000,9999.000,9999.000,9999.000,9999.000
202608031400,   0.471,   1.639,   0.600,   0.568,   1.639,   0.500,   1.539,   0.600,   1.639
202608031406,   0.523,   1.649,9999.000,9999.000,9999.000,9999.000,9999.000,9999.000,9999.000
202608031412,   0.576,   1.669,9999.000,9999.000,9999.000,9999.000,9999.000,9999.000,9999.000
202608031418,   0.630,   1.699,9999.000,9999.000,9999.000,9999.000,9999.000,9999.000,9999.000
202608031424,   0.684,   1.758,9999.000,9999.000,9999.000,9999.000,9999.000,9999.000,9999.000
202608031430,   0.737,   1.781,9999.000,9999.000,9999.000,9999.000,9999.000,9999.000,9999.000
202608031436,   0.791,   1.781,9999.000,9999.000,9999.000,9999.000,9999.000,9999.000,9999.000
202608031442,   0.843,   1.820,9999.000,9999.000,9999.000,9999.000,9999.000,9999.000,9999.000
202608031448,   0.894,   1.830,9999.000,9999.000,9999.000,9999.000,9999.000,9999.000,9999.000
202608031454,   0.944,   1.849,9999.000,9999.000,9999.000,9999.000,9999.000,9999.000,9999.000
202608031500,   0.992,   1.859,   0.500,   0.367,   1.859,   0.500,   1.859,   0.600,   1.959
202608031506,   1.038,   1.879,9999.000,9999.000,9999.000,9999.000,9999.000,9999.000,9999.000
202608031512,   1.082,   1.899,9999.000,9999.000,9999.000,9999.000,9999.000,9999.000,9999.000
202608031518,   1.124,   1.899,9999.000,9999.000,9999.000,9999.000,9999.000,9999.000,9999.000
202608031524,   1.165,   1.899,9999.000,9999.000,9999.000,9999.000,9999.000,9999.000,9999.000
202608031530,   1.202,   1.928,9999.000,9999.000,9999.000,9999.000,9999.000,9999.000,9999.000
202608031536,   1.238,   1.948,9999.000,9999.000,9999.000,9999.000,9999.000,9999.000,9999.000
202608031542,   1.272,   1.958,9999.000,9999.000,9999.000,9999.000,9999.000,9999.000,9999.000
202608031548,   1.303,   2.000,9999.000,9999.000,9999.000,9999.000,9999.000,9999.000,9999.000
202608031554,   1.333,   2.030,9999.000,9999.000,9999.000,9999.000,9999.000,9999.000,9999.000
202608031600,   1.361,   2.069,   0.500,   0.208,   2.069,   0.500,   2.069,   0.600,   2.169
202608031606,   1.388,   2.089,9999.000,9999.000,9999.000,9999.000,9999.000,9999.000,9999.000
202608031612,   1.413,   2.118,9999.000,9999.000,9999.000,9999.000,9999.000,9999.000,9999.000
202608031618,   1.437,   2.158,9999.000,9999.000,9999.000,9999.000,9999.000,9999.000,9999.000
202608031624,   1.459,   2.191,9999.000,9999.000,9999.000,9999.000,9999.000,9999.000,9999.000
202608031630,   1.480,   2.220,9999.000,9999.000,9999.000,9999.000,9999.000,9999.000,9999.000
202608031636,   1.500,   2.240,9999.000,9999.000,9999.000,9999.000,9999.000,9999.000,9999.000
202608031642,   1.519,   2.269,9999.000,9999.000,9999.000,9999.000,9999.000,9999.000,9999.000
202608031648,   1.537,   2.289,9999.000,9999.000,9999.000,9999.000,9999.000,9999.000,9999.000
202608031654,   1.553,   2.318,9999.000,9999.000,9999.000,9999.000,9999.000,9999.000,9999.000
202608031700,   1.569,   2.338,   0.500,   0.269,   2.338,   0.500,   2.338,   0.600,   2.438
202608031706,   1.582,   2.358,9999.000,9999.000,9999.000,9999.000,9999.000,9999.000,9999.000
202608031712,   1.594,   2.377,9999.000,9999.000,9999.000,9999.000,9999.000,9999.000,9999.000
202608031718,   1.605,   2.400,9999.000,9999.000,9999.000,9999.000,9999.000,9999.000,9999.000
202608031724,   1.613,   2.420,9999.000,9999.000,9999.000,9999.000,9999.000,9999.000,9999.000
202608031730,   1.619,   2.440,9999.000,9999.000,9999.000,9999.000,9999.000,9999.000,9999.000
202608031736,   1.623,   2.469,9999.000,9999.000,9999.000,9999.000,9999.000,9999.000,9999.000
202608031742,   1.624,   2.479,9999.000,9999.000,9999.000,9999.000,9999.000,9999.000,9999.000
202608031748,   1.623,   2.509,9999.000,9999.000,9999.000,9999.000,9999.000,9999.000,9999.000
202608031754,   1.618,   2.519,9999.000,9999.000,9999.000,9999.000,9999.000,9999.000,9999.000
202608031800,   1.610,   2.538,   0.500,   0.428,   2.538,   0.500,   2.538,   0.600,   2.638
202608031806,   1.599,   2.538,9999.000,9999.000,9999.000,9999.000,9999.000,9999.000,9999.000
202608031812,   1.585,   2.538,9999.000,9999.000,9999.000,9999.000,9999.000,9999.000,9999.000
202608031818,   1.568,   2.538,9999.000,9999.000,9999.000,9999.000,9999.000,9999.000,9999.000
202608031824,   1.547,   2.538,9999.000,9999.000,9999.000,9999.000,9999.000,9999.000,9999.000
202608031830,   1.523,   2.528,9999.000,9999.000,9999.000,9999.000,9999.000,9999.000,9999.000
202608031836,   1.497,   2.519,9999.000,9999.000,9999.000,9999.000,9999.000,9999.000,9999.000
202608031842,   1.467,   2.499,9999.000,9999.000,9999.000,9999.000,9999.000,9999.000,9999.000
202608031848,   1.435,   2.469,9999.000,9999.000,9999.000,9999.000,9999.000,9999.000,9999.000
202608031854,   1.401,   2.450,9999.000,9999.000,9999.000,9999.000,9999.000,9999.000,9999.000
202608031900,   1.364,   2.420,   0.500,   0.556,   2.420,   0.500,   2.420,   0.500,   2.420
202608031906,   1.327,   2.387,9999.000,9999.000,9999.000,9999.000,9999.000,9999.000,9999.000
202608031912,   1.288,   2.348,9999.000,9999.000,9999.000,9999.000,9999.000,9999.000,9999.000
202608031918,   1.248,   2.309,9999.000,9999.000,9999.000,9999.000,9999.000,9999.000,9999.000
202608031924,   1.207,   2.269,9999.000,9999.000,9999.000,9999.000,9999.000,9999.000,9999.000
202608031930,   1.167,   2.240,9999.000,9999.000,9999.000,9999.000,9999.000,9999.000,9999.000
202608031936,   1.127,   2.210,9999.000,9999.000,9999.000,9999.000,9999.000,9999.000,9999.000
202608031942,   1.087,   2.177,9999.000,9999.000,9999.000,9999.000,9999.000,9999.000,9999.000
202608031948,   1.049,   2.138,9999.000,9999.000,9999.000,9999.000,9999.000,9999.000,9999.000
202608031954,   1.011,   2.099,9999.000,9999.000,9999.000,9999.000,9999.000,9999.000,9999.000
202608032000,   0.975,   2.059,   0.500,   0.584,   2.059,   0.400,   1.959,   0.500,   2.059
202608032006,   0.941,   2.020,9999.000,9999.000,9999.000,9999.000,9999.000,9999.000,9999.000
202608032012,   0.908,   1.967,9999.000,9999.000,9999.000,9999.000,9999.000,9999.000,9999.000
202608032018,   0.877,   1.938,9999.000,9999.000,9999.000,9999.000,9999.000,9999.000,9999.000
202608032024,   0.847,   1.918,9999.000,9999.000,9999.000,9999.000,9999.000,9999.000,9999.000
202608032030,   0.820,   1.879,9999.000,9999.000,9999.000,9999.000,9999.000,9999.000,9999.000
202608032036,   0.794,   1.840,9999.000,9999.000,9999.000,9999.000,9999.000,9999.000,9999.000
202608032042,   0.769,   1.820,9999.000,9999.000,9999.000,9999.000,9999.000,9999.000,9999.000
202608032048,   0.746,   1.810,9999.000,9999.000,9999.000,9999.000,9999.000,9999.000,9999.000
202608032054,   0.724,   1.790,9999.000,9999.000,9999.000,9999.000,9999.000,9999.000,9999.000
202608032100,   0.704,   1.758,   0.500,   0.554,   1.758,   0.400,   1.658,   0.500,   1.758
202608032106,   0.684,   1.738,9999.000,9999.000,9999.000,9999.000,9999.000,9999.000,9999.000
202608032112,   0.664,   1.718,9999.000,9999.000,9999.000,9999.000,9999.000,9999.000,9999.000
202608032118,   0.646,   1.699,9999.000,9999.000,9999.000,9999.000,9999.000,9999.000,9999.000
202608032124,   0.627,   1.669,9999.000,9999.000,9999.000,9999.000,9999.000,9999.000,9999.000
202608032130,   0.609,   1.639,9999.000,9999.000,9999.000,9999.000,9999.000,9999.000,9999.000
202608032136,   0.590,   1.630,9999.000,9999.000,9999.000,9999.000,9999.000,9999.000,9999.000
202608032142,   0.572,   1.610,9999.000,9999.000,9999.000,9999.000,9999.000,9999.000,9999.000
202608032148,   0.553,   1.538,9999.000,9999.000,9999.000,9999.000,9999.000,9999.000,9999.000
202608032154,   0.533,   1.518,9999.000,9999.000,9999.000,9999.000,9999.000,9999.000,9999.000
202608032200,   0.513,   1.508,   0.500,   0.495,   1.508,   0.400,   1.408,   0.500,   1.508
202608032206,   0.493,   1.498,9999.000,9999.000,9999.000,9999.000,9999.000,9999.000,9999.000
202608032212,   0.472,   1.479,9999.000,9999.000,9999.000,9999.000,9999.000,9999.000,9999.000
202608032218,   0.451,   1.449,9999.000,9999.000,9999.000,9999.000,9999.000,9999.000,9999.000
202608032224,   0.429,   1.410,9999.000,9999.000,9999.000,9999.000,9999.000,9999.000,9999.000
202608032230,   0.406,   1.380,9999.000,9999.000,9999.000,9999.000,9999.000,9999.000,9999.000
202608032236,   0.384,   1.371,9999.000,9999.000,9999.000,9999.000,9999.000,9999.000,9999.000
202608032242,   0.361,   1.380,9999.000,9999.000,9999.000,9999.000,9999.000,9999.000,9999.000
202608032248,   0.338,   1.371,9999.000,9999.000,9999.000,9999.000,9999.000,9999.000,9999.000
202608032254,   0.315,   1.348,9999.000,9999.000,9999.000,9999.000,9999.000,9999.000,9999.000
202608032300,   0.293,   1.318,   0.400,   0.625,   1.318,   0.400,   1.318,   0.500,   1.418
202608032306,   0.270,   1.298,9999.000,9999.000,9999.000,9999.000,9999.000,9999.000,9999.000
202608032312,   0.248,   1.279,9999.000,9999.000,9999.000,9999.000,9999.000,9999.000,9999.000
202608032318,   0.226,   1.269,9999.000,9999.000,9999.000,9999.000,9999.000,9999.000,9999.000
202608032324,   0.205,   1.308,9999.000,9999.000,9999.000,9999.000,9999.000,9999.000,9999.000
202608032330,   0.185,   1.308,9999.000,9999.000,9999.000,9999.000,9999.000,9999.000,9999.000
202608032336,   0.165,   1.289,9999.000,9999.000,9999.000,9999.000,9999.000,9999.000,9999.000
202608032342,   0.146,   1.279,9999.000,9999.000,9999.000,9999.000,9999.000,9999.000,9999.000
202608032348,   0.128,   1.269,9999.000,9999.000,9999.000,9999.000,9999.000,9999.000,9999.000
202608032354,   0.112,   1.259,9999.000,9999.000,9999.000,9999.000,9999.000,9999.000,9999.000
202608040000,   0.097,   1.249,   0.500,   0.652,   1.249,   0.400,   1.149,   0.500,   1.249
202608040006,   0.083,   1.239,9999.000,9999.000,9999.000,9999.000,9999.000,9999.000,9999.000
202608040012,   0.070,   1.229,9999.000,9999.000,9999.000,9999.000,9999.000,9999.000,9999.000
202608040018,   0.060,   1.220,9999.000,9999.000,9999.000,9999.000,9999.000,9999.000,9999.000
202608040024,   0.051,   1.210,9999.000,9999.000,9999.000,9999.000,9999.000,9999.000,9999.000
202608040030,   0.044,   1.220,9999.000,9999.000,9999.000,9999.000,9999.000,9999.000,9999.000
202608040036,   0.039,   1.220,9999.000,9999.000,9999.000,9999.000,9999.000,9999.000,9999.000
202608040042,   0.037,   1.220,9999.000,9999.000,9999.000,9999.000,9999.000,9999.000,9999.000
202608040048,   0.037,   1.210,9999.000,9999.000,9999.000,9999.000,9999.000,9999.000,9999.000
202608040054,   0.039,   1.210,9999.000,9999.000,9999.000,9999.000,9999.000,9999.000,9999.000
202608040100,   0.045,   1.229,   0.400,   0.784,   1.229,   0.400,   1.229,   0.500,   1.329
202608040106,   0.053,   1.239,9999.000,9999.000,9999.000,9999.000,9999.000,9999.000,9999.000
202608040112,   0.064,   1.259,9999.000,9999.000,9999.000,9999.000,9999.000,9999.000,9999.000
202608040118,   0.079,   1.269,9999.000,9999.000,9999.000,9999.000,9999.000,9999.000,9999.000
202608040124,   0.096,   1.289,9999.000,9999.000,9999.000,9999.000,9999.000,9999.000,9999.000
202608040130,   0.117,   1.308,9999.000,9999.000,9999.000,9999.000,9999.000,9999.000,9999.000
202608040136,   0.141,   1.338,9999.000,9999.000,9999.000,9999.000,9999.000,9999.000,9999.000
202608040142,   0.168,   1.371,9999.000,9999.000,9999.000,9999.000,9999.000,9999.000,9999.000
202608040148,   0.198,   1.410,9999.000,9999.000,9999.000,9999.000,9999.000,9999.000,9999.000
202608040154,   0.231,   1.439,9999.000,9999.000,9999.000,9999.000,9999.000,9999.000,9999.000
202608040200,   0.267,   1.469,   0.400,   0.802,   1.469,   0.400,   1.469,   0.500,   1.569
202608040206,   0.305,   1.508,9999.000,9999.000,9999.000,9999.000,9999.000,9999.000,9999.000
202608040212,   0.346,   1.538,9999.000,9999.000,9999.000,9999.000,9999.000,9999.000,9999.000
202608040218,   0.389,   1.580,9999.000,9999.000,9999.000,9999.000,9999.000,9999.000,9999.000
202608040224,   0.433,   1.610,9999.000,9999.000,9999.000,9999.000,9999.000,9999.000,9999.000
202608040230,   0.479,   1.649,9999.000,9999.000,9999.000,9999.000,9999.000,9999.000,9999.000
202608040236,   0.526,   1.679,9999.000,9999.000,9999.000,9999.000,9999.000,9999.000,9999.000
202608040242,   0.574,   1.718,9999.000,9999.000,9999.000,9999.000,9999.000,9999.000,9999.000
202608040248,   0.621,   1.738,9999.000,9999.000,9999.000,9999.000,9999.000,9999.000,9999.000
202608040254,   0.669,   1.767,9999.000,9999.000,9999.000,9999.000,9999.000,9999.000,9999.000
202608040300,   0.717,   1.790,   0.400,   0.673,   1.790,   0.400,   1.790,   0.400,   1.790
202608040306,   0.763,   1.820,9999.000,9999.000,9999.000,9999.000,9999.000,9999.000,9999.000
202608040312,   0.809,   1.849,9999.000,9999.000,9999.000,9999.000,9999.000,9999.000,9999.000
202608040318,   0.853,   1.879,9999.000,9999.000,9999.000,9999.000,9999.000,9999.000,9999.000
202608040324,   0.896,   1.889,9999.000,9999.000,9999.000,9999.000,9999.000,9999.000,9999.000
202608040330,   0.937,   1.889,9999.000,9999.000,9999.000,9999.000,9999.000,9999.000,9999.000
202608040336,   0.976,   1.899,9999.000,9999.000,9999.000,9999.000,9999.000,9999.000,9999.000
202608040342,   1.014,   1.918,9999.000,9999.000,9999.000,9999.000,9999.000,9999.000,9999.000
202608040348,   1.049,   1.928,9999.000,9999.000,9999.000,9999.000,9999.000,9999.000,9999.000
202608040354,   1.082,   1.938,9999.000,9999.000,9999.000,9999.000,9999.000,9999.000,9999.000
202608040400,   1.113,   1.948,   0.400,   0.435,   1.948,   0.300,   1.848,   0.400,   1.948
202608040406,   1.143,   1.967,9999.000,9999.000,9999.000,9999.000,9999.000,9999.000,9999.000
202608040412,   1.170,   1.967,9999.000,9999.000,9999.000,9999.000,9999.000,9999.000,9999.000
202608040418,   1.196,   1.990,9999.000,9999.000,9999.000,9999.000,9999.000,9999.000,9999.000
202608040424,   1.221,   2.010,9999.000,9999.000,9999.000,9999.000,9999.000,9999.000,9999.000
202608040430,   1.243,   2.030,9999.000,9999.000,9999.000,9999.000,9999.000,9999.000,9999.000
202608040436,   1.265,   2.040,9999.000,9999.000,9999.000,9999.000,9999.000,9999.000,9999.000
202608040442,   1.285,   2.059,9999.000,9999.000,9999.000,9999.000,9999.000,9999.000,9999.000
202608040448,   1.304,   2.069,9999.000,9999.000,9999.000,9999.000,9999.000,9999.000,9999.000
202608040454,   1.322,   2.079,9999.000,9999.000,9999.000,9999.000,9999.000,9999.000,9999.000
202608040500,   1.340,   2.089,   0.400,   0.349,   2.089,   0.300,   1.989,   0.400,   2.089
202608040506,   1.356,   2.099,9999.000,9999.000,9999.000,9999.000,9999.000,9999.000,9999.000
202608040512,   1.371,   2.109,9999.000,9999.000,9999.000,9999.000,9999.000,9999.000,9999.000
202608040518,   1.385,   2.128,9999.000,9999.000,9999.000,9999.000,9999.000,9999.000,9999.000
202608040524,   1.398,   2.138,9999.000,9999.000,9999.000,9999.000,9999.000,9999.000,9999.000
202608040530,   1.410,   2.138,9999.000,9999.000,9999.000,9999.000,9999.000,9999.000,9999.000
202608040536,   1.421,   2.148,9999.000,9999.000,9999.000,9999.000,9999.000,9999.000,9999.000
202608040542,   1.429,   2.158,9999.000,9999.000,9999.000,9999.000,9999.000,9999.000,9999.000
202608040548,   1.436,   2.168,9999.000,9999.000,9999.000,9999.000,9999.000,9999.000,9999.000
202608040554,   1.441,   2.158,9999.000,9999.000,9999.000,9999.000,9999.000,9999.000,9999.000
202608040600,   1.444,   2.158,   0.400,   0.314,   2.158,   0.300,   2.058,   0.400,   2.158
202608040606,   1.444,   2.158,9999.000,9999.000,9999.000,9999.000,9999.000,9999.000,9999.000
202608040612,   1.442,   2.148,9999.000,9999.000,9999.000,9999.000,9999.000,9999.000,9999.000
202608040618,   1.437,   2.138,9999.000,9999.000,9999.000,9999.000,9999.000,9999.000,9999.000
202608040624,   1.429,   2.128,9999.000,9999.000,9999.000,9999.000,9999.000,9999.000,9999.000
202608040630,   1.418,   2.118,9999.000,9999.000,9999.000,9999.000,9999.000,9999.000,9999.000
202608040636,   1.403,   2.099,9999.000,9999.000,9999.000,9999.000,9999.000,9999.000,9999.000
202608040642,   1.386,   2.069,9999.000,9999.000,9999.000,9999.000,9999.000,9999.000,9999.000
202608040648,   1.365,   2.040,9999.000,9999.000,9999.000,9999.000,9999.000,9999.000,9999.000
202608040654,   1.341,   2.010,9999.000,9999.000,9999.000,9999.000,9999.000,9999.000,9999.000
202608040700,   1.314,   1.967,   0.400,   0.253,   1.967,   0.300,   1.867,   0.400,   1.967
202608040706,   1.285,   1.928,9999.000,9999.000,9999.000,9999.000,9999.000,9999.000,9999.000
202608040712,   1.253,   1.869,9999.000,9999.000,9999.000,9999.000,9999.000,9999.000,9999.000
202608040718,   1.218,   1.859,9999.000,9999.000,9999.000,9999.000,9999.000,9999.000,9999.000
202608040724,   1.182,   1.830,9999.000,9999.000,9999.000,9999.000,9999.000,9999.000,9999.000
202608040730,   1.144,   1.790,9999.000,9999.000,9999.000,9999.000,9999.000,9999.000,9999.000
202608040736,   1.105,   1.758,9999.000,9999.000,9999.000,9999.000,9999.000,9999.000,9999.000
202608040742,   1.065,   1.738,9999.000,9999.000,9999.000,9999.000,9999.000,9999.000,9999.000
202608040748,   1.024,   1.708,9999.000,9999.000,9999.000,9999.000,9999.000,9999.000,9999.000
202608040754,   0.984,   1.689,9999.000,9999.000,9999.000,9999.000,9999.000,9999.000,9999.000
202608040800,   0.943,   1.669,   0.300,   0.426,   1.669,   0.300,   1.669,   0.400,   1.769
202608040806,   0.903,   1.649,9999.000,9999.000,9999.000,9999.000,9999.000,9999.000,9999.000
202608040812,   0.864,   1.630,9999.000,9999.000,9999.000,9999.000,9999.000,9999.000,9999.000
202608040818,   0.826,   1.620,9999.000,9999.000,9999.000,9999.000,9999.000,9999.000,9999.000
202608040824,   0.790,   1.610,9999.000,9999.000,9999.000,9999.000,9999.000,9999.000,9999.000
202608040830,   0.755,   1.590,9999.000,9999.000,9999.000,9999.000,9999.000,9999.000,9999.000
202608040836,   0.721,   1.580,9999.000,9999.000,9999.000,9999.000,9999.000,9999.000,9999.000
202608040842,   0.690,   1.571,9999.000,9999.000,9999.000,9999.000,9999.000,9999.000,9999.000
202608040848,   0.660,   1.557,9999.000,9999.000,9999.000,9999.000,9999.000,9999.000,9999.000
202608040854,   0.632,   1.538,9999.000,9999.000,9999.000,9999.000,9999.000,9999.000,9999.000
202608040900,   0.606,   1.528,   0.300,   0.622,   1.528,   0.300,   1.528,   0.400,   1.628
202608040906,   0.581,   1.508,9999.000,9999.000,9999.000,9999.000,9999.000,9999.000,9999.000
202608040912,   0.558,   1.498,9999.000,9999.000,9999.000,9999.000,9999.000,9999.000,9999.000
202608040918,   0.536,   1.479,9999.000,9999.000,9999.000,9999.000,9999.000,9999.000,9999.000
202608040924,   0.516,   1.469,9999.000,9999.000,9999.000,9999.000,9999.000,9999.000,9999.000
202608040930,   0.496,   1.449,9999.000,9999.000,9999.000,9999.000,9999.000,9999.000,9999.000
202608040936,   0.477,   1.430,9999.000,9999.000,9999.000,9999.000,9999.000,9999.000,9999.000
202608040942,   0.459,   1.410,9999.000,9999.000,9999.000,9999.000,9999.000,9999.000,9999.000
202608040948,   0.441,   1.390,9999.000,9999.000,9999.000,9999.000,9999.000,9999.000,9999.000
202608040954,   0.424,   1.371,9999.000,9999.000,9999.000,9999.000,9999.000,9999.000,9999.000
202608041000,   0.406,   1.348,   0.300,   0.642,   1.348,   0.300,   1.348,   0.400,   1.448
202608041006,   0.389,   1.328,9999.000,9999.000,9999.000,9999.000,9999.000,9999.000,9999.000
202608041012,   0.371,   1.308,9999.000,9999.000,9999.000,9999.000,9999.000,9999.000,9999.000
202608041018,   0.353,   1.298,9999.000,9999.000,9999.000,9999.000,9999.000,9999.000,9999.000
202608041024,   0.334,   1.279,9999.000,9999.000,9999.000,9999.000,9999.000,9999.000,9999.000
202608041030,   0.316,   1.259,9999.000,9999.000,9999.000,9999.000,9999.000,9999.000,9999.000
202608041036,   0.297,   1.239,9999.000,9999.000,9999.000,9999.000,9999.000,9999.000,9999.000
202608041042,   0.277,   1.210,9999.000,9999.000,9999.000,9999.000,9999.000,9999.000,9999.000
202608041048,   0.258,   1.190,9999.000,9999.000,9999.000,9999.000,9999.000,9999.000,9999.000
202608041054,   0.238,   1.161,9999.000,9999.000,9999.000,9999.000,9999.000,9999.000,9999.000
202608041100,   0.218,   1.138,   0.300,   0.620,   1.138,   0.300,   1.138,   0.400,   1.238
202608041106,   0.197,   1.118,9999.000,9999.000,9999.000,9999.000,9999.000,9999.000,9999.000
202608041112,   0.177,   1.108,9999.000,9999.000,9999.000,9999.000,9999.000,9999.000,9999.000
202608041118,   0.157,   1.079,9999.000,9999.000,9999.000,9999.000,9999.000,9999.000,9999.000
202608041124,   0.138,   1.059,9999.000,9999.000,9999.000,9999.000,9999.000,9999.000,9999.000
202608041130,   0.118,   1.039,9999.000,9999.000,9999.000,9999.000,9999.000,9999.000,9999.000
202608041136,   0.099,   1.020,9999.000,9999.000,9999.000,9999.000,9999.000,9999.000,9999.000
202608041142,   0.081,   1.000,9999.000,9999.000,9999.000,9999.000,9999.000,9999.000,9999.000
202608041148,   0.063,   0.980,9999.000,9999.000,9999.000,9999.000,9999.000,9999.000,9999.000
202608041154,   0.047,   0.961,9999.000,9999.000,9999.000,9999.000,9999.000,9999.000,9999.000
202608041200,   0.031,   0.941,   0.300,   0.610,   0.941,   0.300,   0.941,   0.400,   1.041
202608041206,   0.016,   0.928,9999.000,9999.000,9999.000,9999.000,9999.000,9999.000,9999.000
202608041212,   0.002,   0.918,9999.000,9999.000,9999.000,9999.000,9999.000,9999.000,9999.000
202608041218,  -0.009,   0.898,9999.000,9999.000,9999.000,9999.000,9999.000,9999.000,9999.000
202608041224,  -0.020,   0.888,9999.000,9999.000,9999.000,9999.000,9999.000,9999.000,9999.000
202608041230,  -0.030,   0.879,9999.000,9999.000,9999.000,9999.000,9999.000,9999.000,9999.000
202608041236,  -0.038,   0.869,9999.000,9999.000,9999.000,9999.000,9999.000,9999.000,9999.000
202608041242,  -0.044,   0.859,9999.000,9999.000,9999.000,9999.000,9999.000,9999.000,9999.000
202608041248,  -0.048,   0.849,9999.000,9999.000,9999.000,9999.000,9999.000,9999.000,9999.000
202608041254,  -0.050,   0.849,9999.000,9999.000,9999.000,9999.000,9999.000,9999.000,9999.000
202608041300,  -0.050,   0.839,   0.300,   0.589,   0.839,   0.300,   0.839,   0.400,   0.939
202608041306,  -0.048,   0.829,9999.000,9999.000,9999.000,9999.000,9999.000,9999.000,9999.000
202608041312,  -0.043,   0.829,9999.000,9999.000,9999.000,9999.000,9999.000,9999.000,9999.000
202608041318,  -0.035,   0.839,9999.000,9999.000,9999.000,9999.000,9999.000,9999.000,9999.000
202608041324,  -0.025,   0.780,9999.000,9999.000,9999.000,9999.000,9999.000,9999.000,9999.000
202608041330,  -0.011,   0.790,9999.000,9999.000,9999.000,9999.000,9999.000,9999.000,9999.000
202608041336,   0.004,   0.790,9999.000,9999.000,9999.000,9999.000,9999.000,9999.000,9999.000
202608041342,   0.024,   0.829,9999.000,9999.000,9999.000,9999.000,9999.000,9999.000,9999.000
202608041348,   0.047,   0.829,9999.000,9999.000,9999.000,9999.000,9999.000,9999.000,9999.000
202608041354,   0.073,   0.849,9999.000,9999.000,9999.000,9999.000,9999.000,9999.000,9999.000
202608041400,   0.102,   0.869,   0.300,   0.467,   0.869,   0.300,   0.869,   0.300,   0.869
202608041406,   0.134,   0.888,9999.000,9999.000,9999.000,9999.000,9999.000,9999.000,9999.000
202608041412,   0.170,   1.000,9999.000,9999.000,9999.000,9999.000,9999.000,9999.000,9999.000
202608041418,   0.208,   1.039,9999.000,9999.000,9999.000,9999.000,9999.000,9999.000,9999.000
202608041424,   0.250,   1.079,9999.000,9999.000,9999.000,9999.000,9999.000,9999.000,9999.000
202608041430,   0.294,   1.138,9999.000,9999.000,9999.000,9999.000,9999.000,9999.000,9999.000
202608041436,   0.340,   1.190,9999.000,9999.000,9999.000,9999.000,9999.000,9999.000,9999.000
202608041442,   0.389,   1.239,9999.000,9999.000,9999.000,9999.000,9999.000,9999.000,9999.000
202608041448,   0.439,   1.269,9999.000,9999.000,9999.000,9999.000,9999.000,9999.000,9999.000
202608041454,   0.491,   1.318,9999.000,9999.000,9999.000,9999.000,9999.000,9999.000,9999.000
202608041500,   0.544,   1.348,   0.300,   0.504,   1.348,   0.300,   1.348,   0.300,   1.348
202608041506,   0.598,   1.380,9999.000,9999.000,9999.000,9999.000,9999.000,9999.000,9999.000
202608041512,   0.652,   1.410,9999.000,9999.000,9999.000,9999.000,9999.000,9999.000,9999.000
202608041518,   0.706,   1.449,9999.000,9999.000,9999.000,9999.000,9999.000,9999.000,9999.000
202608041524,   0.759,   1.479,9999.000,9999.000,9999.000,9999.000,9999.000,9999.000,9999.000
202608041530,   0.812,   1.508,9999.000,9999.000,9999.000,9999.000,9999.000,9999.000,9999.000
202608041536,   0.864,   1.528,9999.000,9999.000,9999.000,9999.000,9999.000,9999.000,9999.000
202608041542,   0.915,   1.548,9999.000,9999.000,9999.000,9999.000,9999.000,9999.000,9999.000
202608041548,   0.964,   1.590,9999.000,9999.000,9999.000,9999.000,9999.000,9999.000,9999.000
202608041554,   1.012,   1.610,9999.000,9999.000,9999.000,9999.000,9999.000,9999.000,9999.000
202608041600,   1.057,   1.639,   0.300,   0.282,   1.639,   0.300,   1.639,   0.300,   1.639
202608041606,   1.101,   1.659,9999.000,9999.000,9999.000,9999.000,9999.000,9999.000,9999.000
202608041612,   1.142,   1.679,9999.000,9999.000,9999.000,9999.000,9999.000,9999.000,9999.000
202608041618,   1.182,   1.699,9999.000,9999.000,9999.000,9999.000,9999.000,9999.000,9999.000
202608041624,   1.219,   1.718,9999.000,9999.000,9999.000,9999.000,9999.000,9999.000,9999.000
202608041630,   1.255,   1.748,9999.000,9999.000,9999.000,9999.000,9999.000,9999.000,9999.000
202608041636,   1.288,   1.767,9999.000,9999.000,9999.000,9999.000,9999.000,9999.000,9999.000
202608041642,   1.320,   1.800,9999.000,9999.000,9999.000,9999.000,9999.000,9999.000,9999.000
202608041648,   1.350,   1.820,9999.000,9999.000,9999.000,9999.000,9999.000,9999.000,9999.000
202608041654,   1.379,   1.849,9999.000,9999.000,9999.000,9999.000,9999.000,9999.000,9999.000
202608041700,   1.406,   1.859,   0.300,   0.153,   1.859,   0.300,   1.859,   0.300,   1.859
202608041706,   1.431,   1.889,9999.000,9999.000,9999.000,9999.000,9999.000,9999.000,9999.000
202608041712,   1.456,   1.908,9999.000,9999.000,9999.000,9999.000,9999.000,9999.000,9999.000
202608041718,   1.479,   1.928,9999.000,9999.000,9999.000,9999.000,9999.000,9999.000,9999.000
202608041724,   1.501,   1.948,9999.000,9999.000,9999.000,9999.000,9999.000,9999.000,9999.000
202608041730,   1.522,   1.967,9999.000,9999.000,9999.000,9999.000,9999.000,9999.000,9999.000
202608041736,   1.543,   1.981,9999.000,9999.000,9999.000,9999.000,9999.000,9999.000,9999.000
202608041742,   1.561,   2.000,9999.000,9999.000,9999.000,9999.000,9999.000,9999.000,9999.000
202608041748,   1.579,   2.010,9999.000,9999.000,9999.000,9999.000,9999.000,9999.000,9999.000
202608041754,   1.595,   2.020,9999.000,9999.000,9999.000,9999.000,9999.000,9999.000,9999.000
202608041800,   1.610,   2.040,   0.300,   0.130,   2.040,   0.300,   2.040,   0.300,   2.040
202608041806,   1.623,   2.059,9999.000,9999.000,9999.000,9999.000,9999.000,9999.000,9999.000
202608041812,   1.634,   2.079,9999.000,9999.000,9999.000,9999.000,9999.000,9999.000,9999.000
202608041818,   1.643,   2.079,9999.000,9999.000,9999.000,9999.000,9999.000,9999.000,9999.000
202608041824,   1.650,   2.089,9999.000,9999.000,9999.000,9999.000,9999.000,9999.000,9999.000
202608041830,   1.654,   2.099,9999.000,9999.000,9999.000,9999.000,9999.000,9999.000,9999.000
202608041836,   1.655,   2.099,9999.000,9999.000,9999.000,9999.000,9999.000,9999.000,9999.000
202608041842,   1.654,   2.109,9999.000,9999.000,9999.000,9999.000,9999.000,9999.000,9999.000
202608041848,   1.649,   2.118,9999.000,9999.000,9999.000,9999.000,9999.000,9999.000,9999.000
202608041854,   1.641,   2.109,9999.000,9999.000,9999.000,9999.000,9999.000,9999.000,9999.000
202608041900,   1.630,   2.109,   0.300,   0.179,   2.109,   0.300,   2.109,   0.300,   2.109
202608041906,   1.616,   2.109,9999.000,9999.000,9999.000,9999.000,9999.000,9999.000,9999.000
202608041912,   1.598,   2.109,9999.000,9999.000,9999.000,9999.000,9999.000,9999.000,9999.000
202608041918,   1.577,   2.099,9999.000,9999.000,9999.000,9999.000,9999.000,9999.000,9999.000
202608041924,   1.552,   2.079,9999.000,9999.000,9999.000,9999.000,9999.000,9999.000,9999.000
202608041930,   1.525,   2.059,9999.000,9999.000,9999.000,9999.000,9999.000,9999.000,9999.000
202608041936,   1.495,   2.040,9999.000,9999.000,9999.000,9999.000,9999.000,9999.000,9999.000
202608041942,   1.463,   2.010,9999.000,9999.000,9999.000,9999.000,9999.000,9999.000,9999.000
202608041948,   1.428,   1.981,9999.000,9999.000,9999.000,9999.000,9999.000,9999.000,9999.000
202608041954,   1.392,   1.948,9999.000,9999.000,9999.000,9999.000,9999.000,9999.000,9999.000
202608042000,   1.354,   1.908,   0.300,   0.254,   1.908,   0.300,   1.908,   0.300,   1.908
202608042006,   1.315,   1.879,9999.000,9999.000,9999.000,9999.000,9999.000,9999.000,9999.000
202608042012,   1.275,   1.840,9999.000,9999.000,9999.000,9999.000,9999.000,9999.000,9999.000
202608042018,   1.235,   1.810,9999.000,9999.000,9999.000,9999.000,9999.000,9999.000,9999.000
202608042024,   1.196,   1.767,9999.000,9999.000,9999.000,9999.000,9999.000,9999.000,9999.000
202608042030,   1.156,   1.728,9999.000,9999.000,9999.000,9999.000,9999.000,9999.000,9999.000
202608042036,   1.117,   1.708,9999.000,9999.000,9999.000,9999.000,9999.000,9999.000,9999.000
202608042042,   1.079,   1.669,9999.000,9999.000,9999.000,9999.000,9999.000,9999.000,9999.000
202608042048,   1.043,   1.649,9999.000,9999.000,9999.000,9999.000,9999.000,9999.000,9999.000
202608042054,   1.008,   1.630,9999.000,9999.000,9999.000,9999.000,9999.000,9999.000,9999.000
202608042100,   0.974,   1.600,   0.300,   0.326,   1.600,   0.300,   1.600,   0.300,   1.600
202608042106,   0.942,   1.590,9999.000,9999.000,9999.000,9999.000,9999.000,9999.000,9999.000
202608042112,   0.912,   1.571,9999.000,9999.000,9999.000,9999.000,9999.000,9999.000,9999.000
202608042118,   0.884,   1.548,9999.000,9999.000,9999.000,9999.000,9999.000,9999.000,9999.000
202608042124,   0.857,   1.538,9999.000,9999.000,9999.000,9999.000,9999.000,9999.000,9999.000
202608042130,   0.832,   1.528,9999.000,9999.000,9999.000,9999.000,9999.000,9999.000,9999.000
202608042136,   0.808,   1.518,9999.000,9999.000,9999.000,9999.000,9999.000,9999.000,9999.000
202608042142,   0.786,   1.498,9999.000,9999.000,9999.000,9999.000,9999.000,9999.000,9999.000
202608042148,   0.764,   1.489,9999.000,9999.000,9999.000,9999.000,9999.000,9999.000,9999.000
202608042154,   0.744,   1.479,9999.000,9999.000,9999.000,9999.000,9999.000,9999.000,9999.000
202608042200,   0.725,   1.459,   0.300,   0.434,   1.459,   0.300,   1.459,   0.300,   1.459
202608042206,   0.706,   1.449,9999.000,9999.000,9999.000,9999.000,9999.000,9999.000,9999.000
202608042212,   0.687,   1.430,9999.000,9999.000,9999.000,9999.000,9999.000,9999.000,9999.000
202608042218,   0.669,   1.410,9999.000,9999.000,9999.000,9999.000,9999.000,9999.000,9999.000
202608042224,   0.650,   1.390,9999.000,9999.000,9999.000,9999.000,9999.000,9999.000,9999.000
202608042230,   0.632,   1.380,9999.000,9999.000,9999.000,9999.000,9999.000,9999.000,9999.000
202608042236,   0.613,   1.361,9999.000,9999.000,9999.000,9999.000,9999.000,9999.000,9999.000
202608042242,   0.594,   1.338,9999.000,9999.000,9999.000,9999.000,9999.000,9999.000,9999.000
202608042248,   0.575,   1.308,9999.000,9999.000,9999.000,9999.000,9999.000,9999.000,9999.000
202608042254,   0.555,   1.298,9999.000,9999.000,9999.000,9999.000,9999.000,9999.000,9999.000
202608042300,   0.534,   1.279,   0.300,   0.445,   1.279,   0.300,   1.279,   0.300,   1.279
202608042306,   0.513,   1.259,9999.000,9999.000,9999.000,9999.000,9999.000,9999.000,9999.000
202608042312,   0.492,   1.239,9999.000,9999.000,9999.000,9999.000,9999.000,9999.000,9999.000
202608042318,   0.470,   1.220,9999.000,9999.000,9999.000,9999.000,9999.000,9999.000,9999.000
202608042324,   0.448,   1.190,9999.000,9999.000,9999.000,9999.000,9999.000,9999.000,9999.000
202608042330,   0.425,   1.170,9999.000,9999.000,9999.000,9999.000,9999.000,9999.000,9999.000
202608042336,   0.403,   1.151,9999.000,9999.000,9999.000,9999.000,9999.000,9999.000,9999.000
202608042342,   0.380,   1.138,9999.000,9999.000,9999.000,9999.000,9999.000,9999.000,9999.000
202608042348,   0.357,   1.118,9999.000,9999.000,9999.000,9999.000,9999.000,9999.000,9999.000
202608042354,   0.335,   1.098,9999.000,9999.000,9999.000,9999.000,9999.000,9999.000,9999.000
202608050000,   0.312,   1.079,   0.300,   0.467,   1.079,   0.300,   1.079,   0.400,   1.179
202608050006,   0.290,   1.059,9999.000,9999.000,9999.000,9999.000,9999.000,9999.000,9999.000
202608050012,   0.269,   1.049,9999.000,9999.000,9999.000,9999.000,9999.000,9999.000,9999.000
202608050018,   0.248,   1.029,9999.000,9999.000,9999.000,9999.000,9999.000,9999.000,9999.000
202608050024,   0.227,   1.010,9999.000,9999.000,9999.000,9999.000,9999.000,9999.000,9999.000
202608050030,   0.207,   0.990,9999.000,9999.000,9999.000,9999.000,9999.000,9999.000,9999.000
202608050036,   0.188,   0.970,9999.000,9999.000,9999.000,9999.000,9999.000,9999.000,9999.000
202608050042,   0.170,   0.951,9999.000,9999.000,9999.000,9999.000,9999.000,9999.000,9999.000
202608050048,   0.153,   0.951,9999.000,9999.000,9999.000,9999.000,9999.000,9999.000,9999.000
202608050054,   0.138,   0.928,9999.000,9999.000,9999.000,9999.000,9999.000,9999.000,9999.000
202608050100,   0.123,   0.908,   0.300,   0.485,   0.908,   0.300,   0.908,   0.400,   1.008
202608050106,   0.110,   0.908,9999.000,9999.000,9999.000,9999.000,9999.000,9999.000,9999.000
202608050112,   0.099,   0.888,9999.000,9999.000,9999.000,9999.000,9999.000,9999.000,9999.000
202608050118,   0.089,   0.879,9999.000,9999.000,9999.000,9999.000,9999.000,9999.000,9999.000
202608050124,   0.081,   0.869,9999.000,9999.000,9999.000,9999.000,9999.000,9999.000,9999.000
202608050130,   0.075,   0.869,9999.000,9999.000,9999.000,9999.000,9999.000,9999.000,9999.000
202608050136,   0.072,   0.869,9999.000,9999.000,9999.000,9999.000,9999.000,9999.000,9999.000
202608050142,   0.070,   0.869,9999.000,9999.000,9999.000,9999.000,9999.000,9999.000,9999.000
202608050148,   0.072,   0.869,9999.000,9999.000,9999.000,9999.000,9999.000,9999.000,9999.000
202608050154,   0.076,   0.879,9999.000,9999.000,9999.000,9999.000,9999.000,9999.000,9999.000
202608050200,   0.082,   0.888,   0.300,   0.506,   0.888,   0.300,   0.888,   0.400,   0.988
202608050206,   0.092,   0.898,9999.000,9999.000,9999.000,9999.000,9999.000,9999.000,9999.000
202608050212,   0.104,   0.918,9999.000,9999.000,9999.000,9999.000,9999.000,9999.000,9999.000
202608050218,   0.120,   0.941,9999.000,9999.000,9999.000,9999.000,9999.000,9999.000,9999.000
202608050224,   0.139,   0.970,9999.000,9999.000,9999.000,9999.000,9999.000,9999.000,9999.000
202608050230,   0.160,   1.000,9999.000,9999.000,9999.000,9999.000,9999.000,9999.000,9999.000
202608050236,   0.185,   1.029,9999.000,9999.000,9999.000,9999.000,9999.000,9999.000,9999.000
202608050242,   0.213,   1.069,9999.000,9999.000,9999.000,9999.000,9999.000,9999.000,9999.000
202608050248,   0.243,   1.108,9999.000,9999.000,9999.000,9999.000,9999.000,9999.000,9999.000
202608050254,   0.276,   1.151,9999.000,9999.000,9999.000,9999.000,9999.000,9999.000,9999.000
202608050300,   0.311,   1.190,   0.300,   0.579,   1.190,   0.300,   1.190,   0.400,   1.290
202608050306,   0.348,   1.220,9999.000,9999.000,9999.000,9999.000,9999.000,9999.000,9999.000
202608050312,   0.388,   1.249,9999.000,9999.000,9999.000,9999.000,9999.000,9999.000,9999.000
202608050318,   0.428,   1.279,9999.000,9999.000,9999.000,9999.000,9999.000,9999.000,9999.000
202608050324,   0.470,   1.308,9999.000,9999.000,9999.000,9999.000,9999.000,9999.000,9999.000
202608050330,   0.513,   1.328,9999.000,9999.000,9999.000,9999.000,9999.000,9999.000,9999.000
202608050336,   0.556,   1.371,9999.000,9999.000,9999.000,9999.000,9999.000,9999.000,9999.000
202608050342,   0.600,   1.390,9999.000,9999.000,9999.000,9999.000,9999.000,9999.000,9999.000
202608050348,   0.643,   1.420,9999.000,9999.000,9999.000,9999.000,9999.000,9999.000,9999.000
202608050354,   0.686,   1.430,9999.000,9999.000,9999.000,9999.000,9999.000,9999.000,9999.000
202608050400,   0.728,   1.459,   0.300,   0.431,   1.459,   0.300,   1.459,   0.400,   1.559
202608050406,   0.769,   1.469,9999.000,9999.000,9999.000,9999.000,9999.000,9999.000,9999.000
202608050412,   0.809,   1.489,9999.000,9999.000,9999.000,9999.000,9999.000,9999.000,9999.000
202608050418,   0.848,   1.508,9999.000,9999.000,9999.000,9999.000,9999.000,9999.000,9999.000
202608050424,   0.884,   1.528,9999.000,9999.000,9999.000,9999.000,9999.000,9999.000,9999.000
202608050430,   0.919,   1.538,9999.000,9999.000,9999.000,9999.000,9999.000,9999.000,9999.000
202608050436,   0.953,   1.557,9999.000,9999.000,9999.000,9999.000,9999.000,9999.000,9999.000
202608050442,   0.984,   1.580,9999.000,9999.000,9999.000,9999.000,9999.000,9999.000,9999.000
202608050448,   1.014,   1.600,9999.000,9999.000,9999.000,9999.000,9999.000,9999.000,9999.000
202608050454,   1.042,   1.620,9999.000,9999.000,9999.000,9999.000,9999.000,9999.000,9999.000
202608050500,   1.068,   1.639,   0.300,   0.271,   1.639,   0.300,   1.639,   0.400,   1.739
202608050506,   1.093,   1.669,9999.000,9999.000,9999.000,9999.000,9999.000,9999.000,9999.000
202608050512,   1.117,   1.689,9999.000,9999.000,9999.000,9999.000,9999.000,9999.000,9999.000
202608050518,   1.139,   1.708,9999.000,9999.000,9999.000,9999.000,9999.000,9999.000,9999.000
202608050524,   1.160,   1.728,9999.000,9999.000,9999.000,9999.000,9999.000,9999.000,9999.000
202608050530,   1.180,   1.748,9999.000,9999.000,9999.000,9999.000,9999.000,9999.000,9999.000
202608050536,   1.199,   1.767,9999.000,9999.000,9999.000,9999.000,9999.000,9999.000,9999.000
202608050542,   1.218,   1.781,9999.000,9999.000,9999.000,9999.000,9999.000,9999.000,9999.000
202608050548,   1.235,   1.800,9999.000,9999.000,9999.000,9999.000,9999.000,9999.000,9999.000
202608050554,   1.252,   1.820,9999.000,9999.000,9999.000,9999.000,9999.000,9999.000,9999.000
202608050600,   1.268,   1.830,   0.300,   0.262,   1.830,   0.300,   1.830,   0.400,   1.930
202608050606,   1.283,   1.849,9999.000,9999.000,9999.000,9999.000,9999.000,9999.000,9999.000
202608050612,   1.297,   1.859,9999.000,9999.000,9999.000,9999.000,9999.000,9999.000,9999.000
202608050618,   1.311,   1.869,9999.000,9999.000,9999.000,9999.000,9999.000,9999.000,9999.000
202608050624,   1.323,   1.879,9999.000,9999.000,9999.000,9999.000,9999.000,9999.000,9999.000
202608050630,   1.333,   1.889,9999.000,9999.000,9999.000,9999.000,9999.000,9999.000,9999.000
202608050636,   1.342,   1.889,9999.000,9999.000,9999.000,9999.000,9999.000,9999.000,9999.000
202608050642,   1.350,   1.889,9999.000,9999.000,9999.000,9999.000,9999.000,9999.000,9999.000
202608050648,   1.355,   1.889,9999.000,9999.000,9999.000,9999.000,9999.000,9999.000,9999.000
202608050654,   1.358,   1.899,9999.000,9999.000,9999.000,9999.000,9999.000,9999.000,9999.000
202608050700,   1.358,   1.889,   0.300,   0.231,   1.889,   0.300,   1.889,   0.400,   1.989
202608050706,   1.356,   1.889,9999.000,9999.000,9999.000,9999.000,9999.000,9999.000,9999.000
202608050712,   1.350,   1.879,9999.000,9999.000,9999.000,9999.000,9999.000,9999.000,9999.000
202608050718,   1.342,   1.859,9999.000,9999.000,9999.000,9999.000,9999.000,9999.000,9999.000
202608050724,   1.331,   1.849,9999.000,9999.000,9999.000,9999.000,9999.000,9999.000,9999.000
202608050730,   1.316,   1.820,9999.000,9999.000,9999.000,9999.000,9999.000,9999.000,9999.000
202608050736,   1.298,   1.810,9999.000,9999.000,9999.000,9999.000,9999.000,9999.000,9999.000
202608050742,   1.277,   1.767,9999.000,9999.000,9999.000,9999.000,9999.000,9999.000,9999.000
202608050748,   1.253,   1.738,9999.000,9999.000,9999.000,9999.000,9999.000,9999.000,9999.000
202608050754,   1.226,   1.708,9999.000,9999.000,9999.000,9999.000,9999.000,9999.000,9999.000
202608050800,   1.197,   1.669,   0.300,   0.172,   1.669,   0.300,   1.669,   0.300,   1.669
202608050806,   1.165,   1.639,9999.000,9999.000,9999.000,9999.000,9999.000,9999.000,9999.000
202608050812,   1.130,   1.600,9999.000,9999.000,9999.000,9999.000,9999.000,9999.000,9999.000
202608050818,   1.094,   1.557,9999.000,9999.000,9999.000,9999.000,9999.000,9999.000,9999.000
202608050824,   1.057,   1.518,9999.000,9999.000,9999.000,9999.000,9999.000,9999.000,9999.000
202608050830,   1.018,   1.489,9999.000,9999.000,9999.000,9999.000,9999.000,9999.000,9999.000
202608050836,   0.978,   1.459,9999.000,9999.000,9999.000,9999.000,9999.000,9999.000,9999.000
202608050842,   0.939,   1.430,9999.000,9999.000,9999.000,9999.000,9999.000,9999.000,9999.000
202608050848,   0.899,   1.410,9999.000,9999.000,9999.000,9999.000,9999.000,9999.000,9999.000
202608050854,   0.859,   1.390,9999.000,9999.000,9999.000,9999.000,9999.000,9999.000,9999.000
202608050900,   0.821,   1.361,   0.300,   0.240,   1.361,   0.300,   1.361,   0.300,   1.361
202608050906,   0.783,   1.348,9999.000,9999.000,9999.000,9999.000,9999.000,9999.000,9999.000
202608050912,   0.746,   1.328,9999.000,9999.000,9999.000,9999.000,9999.000,9999.000,9999.000
202608050918,   0.711,   1.318,9999.000,9999.000,9999.000,9999.000,9999.000,9999.000,9999.000
202608050924,   0.678,   1.308,9999.000,9999.000,9999.000,9999.000,9999.000,9999.000,9999.000
202608050930,   0.646,   1.289,9999.000,9999.000,9999.000,9999.000,9999.000,9999.000,9999.000
202608050936,   0.616,   1.289,9999.000,9999.000,9999.000,9999.000,9999.000,9999.000,9999.000
202608050942,   0.587,   1.269,9999.000,9999.000,9999.000,9999.000,9999.000,9999.000,9999.000
202608050948,   0.561,   1.259,9999.000,9999.000,9999.000,9999.000,9999.000,9999.000,9999.000
202608050954,   0.536,   1.239,9999.000,9999.000,9999.000,9999.000,9999.000,9999.000,9999.000
202608051000,   0.513,   1.229,   0.300,   0.416,   1.229,   0.300,   1.229,   0.300,   1.229
202608051006,   0.491,   1.210,9999.000,9999.000,9999.000,9999.000,9999.000,9999.000,9999.000
202608051012,   0.471,   1.190,9999.000,9999.000,9999.000,9999.000,9999.000,9999.000,9999.000
202608051018,   0.451,   1.180,9999.000,9999.000,9999.000,9999.000,9999.000,9999.000,9999.000
202608051024,   0.433,   1.170,9999.000,9999.000,9999.000,9999.000,9999.000,9999.000,9999.000
202608051030,   0.415,   1.138,9999.000,9999.000,9999.000,9999.000,9999.000,9999.000,9999.000
202608051036,   0.398,   1.128,9999.000,9999.000,9999.000,9999.000,9999.000,9999.000,9999.000
202608051042,   0.381,   1.118,9999.000,9999.000,9999.000,9999.000,9999.000,9999.000,9999.000
202608051048,   0.364,   1.098,9999.000,9999.000,9999.000,9999.000,9999.000,9999.000,9999.000
202608051054,   0.348,   1.079,9999.000,9999.000,9999.000,9999.000,9999.000,9999.000,9999.000
202608051100,   0.331,   1.059,   0.300,   0.428,   1.059,   0.300,   1.059,   0.300,   1.059
202608051106,   0.314,9999.000,9999.000,9999.000,9999.000,9999.000,9999.000,9999.000,9999.000
202608051112,   0.297,9999.000,9999.000,9999.000,9999.000,9999.000,9999.000,9999.000,9999.000
202608051118,   0.280,9999.000,9999.000,9999.000,9999.000,9999.000,9999.000,9999.000,9999.000
202608051124,   0.262,9999.000,9999.000,9999.000,9999.000,9999.000,9999.000,9999.000,9999.000
202608051130,   0.244,9999.000,9999.000,9999.000,9999.000,9999.000,9999.000,9999.000,9999.000
202608051136,   0.226,9999.000,9999.000,9999.000,9999.000,9999.000,9999.000,9999.000,9999.000
202608051142,   0.208,9999.000,9999.000,9999.000,9999.000,9999.000,9999.000,9999.000,9999.000
202608051148,   0.189,9999.000,9999.000,9999.000,9999.000,9999.000,9999.000,9999.000,9999.000
202608051154,   0.171,9999.000,9999.000,9999.000,9999.000,9999.000,9999.000,9999.000,9999.000
202608051200,   0.152,9999.000,   0.300,   0.422,   0.874,   0.300,   0.874,   0.300,   0.874
202608051206,   0.134,9999.000,9999.000,9999.000,9999.000,9999.000,9999.000,9999.000,9999.000
202608051212,   0.116,9999.000,9999.000,9999.000,9999.000,9999.000,9999.000,9999.000,9999.000
202608051218,   0.098,9999.000,9999.000,9999.000,9999.000,9999.000,9999.000,9999.000,9999.000
202608051224,   0.080,9999.000,9999.000,9999.000,9999.000,9999.000,9999.000,9999.000,9999.000
202608051230,   0.063,9999.000,9999.000,9999.000,9999.000,9999.000,9999.000,9999.000,9999.000
202608051236,   0.047,9999.000,9999.000,9999.000,9999.000,9999.000,9999.000,9999.000,9999.000
202608051242,   0.031,9999.000,9999.000,9999.000,9999.000,9999.000,9999.000,9999.000,9999.000
202608051248,   0.016,9999.000,9999.000,9999.000,9999.000,9999.000,9999.000,9999.000,9999.000
202608051254,   0.002,9999.000,9999.000,9999.000,9999.000,9999.000,9999.000,9999.000,9999.000
202608051300,  -0.010,9999.000,   0.300,   0.416,   0.706,   0.300,   0.706,   0.300,   0.706
202608051306,  -0.022,9999.000,9999.000,9999.000,9999.000,9999.000,9999.000,9999.000,9999.000
202608051312,  -0.032,9999.000,9999.000,9999.000,9999.000,9999.000,9999.000,9999.000,9999.000
202608051318,  -0.042,9999.000,9999.000,9999.000,9999.000,9999.000,9999.000,9999.000,9999.000
202608051324,  -0.050,9999.000,9999.000,9999.000,9999.000,9999.000,9999.000,9999.000,9999.000
202608051330,  -0.056,9999.000,9999.000,9999.000,9999.000,9999.000,9999.000,9999.000,9999.000
202608051336,  -0.060,9999.000,9999.000,9999.000,9999.000,9999.000,9999.000,9999.000,9999.000
202608051342,  -0.063,9999.000,9999.000,9999.000,9999.000,9999.000,9999.000,9999.000,9999.000
202608051348,  -0.064,9999.000,9999.000,9999.000,9999.000,9999.000,9999.000,9999.000,9999.000
202608051354,  -0.062,9999.000,9999.000,9999.000,9999.000,9999.000,9999.000,9999.000,9999.000
202608051400,  -0.059,9999.000,   0.300,   0.410,   0.651,   0.300,   0.651,   0.300,   0.651
202608051406,  -0.052,9999.000,9999.000,9999.000,9999.000,9999.000,9999.000,9999.000,9999.000
202608051412,  -0.043,9999.000,9999.000,9999.000,9999.000,9999.000,9999.000,9999.000,9999.000
202608051418,  -0.032,9999.000,9999.000,9999.000,9999.000,9999.000,9999.000,9999.000,9999.000
202608051424,  -0.017,9999.000,9999.000,9999.000,9999.000,9999.000,9999.000,9999.000,9999.000
202608051430,   0.000,9999.000,9999.000,9999.000,9999.000,9999.000,9999.000,9999.000,9999.000
202608051436,   0.019,9999.000,9999.000,9999.000,9999.000,9999.000,9999.000,9999.000,9999.000
202608051442,   0.043,9999.000,9999.000,9999.000,9999.000,9999.000,9999.000,9999.000,9999.000
202608051448,   0.070,9999.000,9999.000,9999.000,9999.000,9999.000,9999.000,9999.000,9999.000
202608051454,   0.100,9999.000,9999.000,9999.000,9999.000,9999.000,9999.000,9999.000,9999.000
202608051500,   0.133,9999.000,   0.300,   0.404,   0.837,   0.300,   0.837,   0.300,   0.837
202608051506,   0.168,9999.000,9999.000,9999.000,9999.000,9999.000,9999.000,9999.000,9999.000
202608051512,   0.207,9999.000,9999.000,9999.000,9999.000,9999.000,9999.000,9999.000,9999.000
202608051518,   0.249,9999.000,9999.000,9999.000,9999.000,9999.000,9999.000,9999.000,9999.000
202608051524,   0.292,9999.000,9999.000,9999.000,9999.000,9999.000,9999.000,9999.000,9999.000
202608051530,   0.339,9999.000,9999.000,9999.000,9999.000,9999.000,9999.000,9999.000,9999.000
202608051536,   0.387,9999.000,9999.000,9999.000,9999.000,9999.000,9999.000,9999.000,9999.000
202608051542,   0.436,9999.000,9999.000,9999.000,9999.000,9999.000,9999.000,9999.000,9999.000
202608051548,   0.487,9999.000,9999.000,9999.000,9999.000,9999.000,9999.000,9999.000,9999.000
202608051554,   0.539,9999.000,9999.000,9999.000,9999.000,9999.000,9999.000,9999.000,9999.000
202608051600,   0.592,9999.000,   0.300,   0.398,   1.290,   0.300,   1.290,   0.300,   1.290
202608051606,   0.644,9999.000,9999.000,9999.000,9999.000,9999.000,9999.000,9999.000,9999.000
202608051612,   0.697,9999.000,9999.000,9999.000,9999.000,9999.000,9999.000,9999.000,9999.000
202608051618,   0.749,9999.000,9999.000,9999.000,9999.000,9999.000,9999.000,9999.000,9999.000
202608051624,   0.801,9999.000,9999.000,9999.000,9999.000,9999.000,9999.000,9999.000,9999.000
202608051630,   0.851,9999.000,9999.000,9999.000,9999.000,9999.000,9999.000,9999.000,9999.000
202608051636,   0.900,9999.000,9999.000,9999.000,9999.000,9999.000,9999.000,9999.000,9999.000
202608051642,   0.948,9999.000,9999.000,9999.000,9999.000,9999.000,9999.000,9999.000,9999.000
202608051648,   0.994,9999.000,9999.000,9999.000,9999.000,9999.000,9999.000,9999.000,9999.000
202608051654,   1.039,9999.000,9999.000,9999.000,9999.000,9999.000,9999.000,9999.000,9999.000
202608051700,   1.081,9999.000,   0.300,   0.393,   1.774,   0.300,   1.774,   0.300,   1.774
202608051706,   1.122,9999.000,9999.000,9999.000,9999.000,9999.000,9999.000,9999.000,9999.000
202608051712,   1.161,9999.000,9999.000,9999.000,9999.000,9999.000,9999.000,9999.000,9999.000
202608051718,   1.198,9999.000,9999.000,9999.000,9999.000,9999.000,9999.000,9999.000,9999.000
202608051724,   1.233,9999.000,9999.000,9999.000,9999.000,9999.000,9999.000,9999.000,9999.000
202608051730,   1.267,9999.000,9999.000,9999.000,9999.000,9999.000,9999.000,9999.000,9999.000
202608051736,   1.299,9999.000,9999.000,9999.000,9999.000,9999.000,9999.000,9999.000,9999.000
202608051742,   1.330,9999.000,9999.000,9999.000,9999.000,9999.000,9999.000,9999.000,9999.000
202608051748,   1.359,9999.000,9999.000,9999.000,9999.000,9999.000,9999.000,9999.000,9999.000
202608051754,   1.387,9999.000,9999.000,9999.000,9999.000,9999.000,9999.000,9999.000,9999.000
202608051800,   1.415,9999.000,   0.300,   0.387,   2.102,   0.300,   2.102,   0.300,   2.102
202608051806,   1.441,9999.000,9999.000,9999.000,9999.000,9999.000,9999.000,9999.000,9999.000
202608051812,   1.466,9999.000,9999.000,9999.000,9999.000,9999.000,9999.000,9999.000,9999.000
202608051818,   1.490,9999.000,9999.000,9999.000,9999.000,9999.000,9999.000,9999.000,9999.000
202608051824,   1.514,9999.000,9999.000,9999.000,9999.000,9999.000,9999.000,9999.000,9999.000
202608051830,   1.536,9999.000,9999.000,9999.000,9999.000,9999.000,9999.000,9999.000,9999.000
202608051836,   1.557,9999.000,9999.000,9999.000,9999.000,9999.000,9999.000,9999.000,9999.000
202608051842,   1.577,9999.000,9999.000,9999.000,9999.000,9999.000,9999.000,9999.000,9999.000
202608051848,   1.596,9999.000,9999.000,9999.000,9999.000,9999.000,9999.000,9999.000,9999.000
202608051854,   1.613,9999.000,9999.000,9999.000,9999.000,9999.000,9999.000,9999.000,9999.000
202608051900,   1.628,9999.000,   0.300,   0.381,   2.309,   0.300,   2.309,   0.300,   2.309
202608051906,   1.642,9999.000,9999.000,9999.000,9999.000,9999.000,9999.000,9999.000,9999.000
202608051912,   1.653,9999.000,9999.000,9999.000,9999.000,9999.000,9999.000,9999.000,9999.000
202608051918,   1.662,9999.000,9999.000,9999.000,9999.000,9999.000,9999.000,9999.000,9999.000
202608051924,   1.668,9999.000,9999.000,9999.000,9999.000,9999.000,9999.000,9999.000,9999.000
202608051930,   1.671,9999.000,9999.000,9999.000,9999.000,9999.000,9999.000,9999.000,9999.000
202608051936,   1.671,9999.000,9999.000,9999.000,9999.000,9999.000,9999.000,9999.000,9999.000
202608051942,   1.668,9999.000,9999.000,9999.000,9999.000,9999.000,9999.000,9999.000,9999.000
202608051948,   1.661,9999.000,9999.000,9999.000,9999.000,9999.000,9999.000,9999.000,9999.000
202608051954,   1.651,9999.000,9999.000,9999.000,9999.000,9999.000,9999.000,9999.000,9999.000
202608052000,   1.638,9999.000,   0.300,   0.375,   2.313,   0.300,   2.313,   0.300,   2.313
202608052006,   1.621,9999.000,9999.000,9999.000,9999.000,9999.000,9999.000,9999.000,9999.000
202608052012,   1.601,9999.000,9999.000,9999.000,9999.000,9999.000,9999.000,9999.000,9999.000
202608052018,   1.577,9999.000,9999.000,9999.000,9999.000,9999.000,9999.000,9999.000,9999.000
202608052024,   1.551,9999.000,9999.000,9999.000,9999.000,9999.000,9999.000,9999.000,9999.000
202608052030,   1.522,9999.000,9999.000,9999.000,9999.000,9999.000,9999.000,9999.000,9999.000
202608052036,   1.491,9999.000,9999.000,9999.000,9999.000,9999.000,9999.000,9999.000,9999.000
202608052042,   1.457,9999.000,9999.000,9999.000,9999.000,9999.000,9999.000,9999.000,9999.000
202608052048,   1.422,9999.000,9999.000,9999.000,9999.000,9999.000,9999.000,9999.000,9999.000
202608052054,   1.386,9999.000,9999.000,9999.000,9999.000,9999.000,9999.000,9999.000,9999.000
202608052100,   1.348,9999.000,   0.300,   0.369,   2.017,   0.300,   2.017,   0.300,   2.017
202608052106,   1.310,9999.000,9999.000,9999.000,9999.000,9999.000,9999.000,9999.000,9999.000
202608052112,   1.271,9999.000,9999.000,9999.000,9999.000,9999.000,9999.000,9999.000,9999.000
202608052118,   1.233,9999.000,9999.000,9999.000,9999.000,9999.000,9999.000,9999.000,9999.000
202608052124,   1.195,9999.000,9999.000,9999.000,9999.000,9999.000,9999.000,9999.000,9999.000
202608052130,   1.158,9999.000,9999.000,9999.000,9999.000,9999.000,9999.000,9999.000,9999.000
202608052136,   1.122,9999.000,9999.000,9999.000,9999.000,9999.000,9999.000,9999.000,9999.000
202608052142,   1.088,9999.000,9999.000,9999.000,9999.000,9999.000,9999.000,9999.000,9999.000
202608052148,   1.054,9999.000,9999.000,9999.000,9999.000,9999.000,9999.000,9999.000,9999.000
202608052154,   1.023,9999.000,9999.000,9999.000,9999.000,9999.000,9999.000,9999.000,9999.000
202608052200,   0.993,9999.000,   0.300,   0.363,   1.656,   0.300,   1.656,   0.300,   1.656
202608052206,   0.964,9999.000,9999.000,9999.000,9999.000,9999.000,9999.000,9999.000,9999.000
202608052212,   0.937,9999.000,9999.000,9999.000,9999.000,9999.000,9999.000,9999.000,9999.000
202608052218,   0.912,9999.000,9999.000,9999.000,9999.000,9999.000,9999.000,9999.000,9999.000
202608052224,   0.889,9999.000,9999.000,9999.000,9999.000,9999.000,9999.000,9999.000,9999.000
202608052230,   0.866,9999.000,9999.000,9999.000,9999.000,9999.000,9999.000,9999.000,9999.000
202608052236,   0.845,9999.000,9999.000,9999.000,9999.000,9999.000,9999.000,9999.000,9999.000
202608052242,   0.825,9999.000,9999.000,9999.000,9999.000,9999.000,9999.000,9999.000,9999.000
202608052248,   0.806,9999.000,9999.000,9999.000,9999.000,9999.000,9999.000,9999.000,9999.000
202608052254,   0.787,9999.000,9999.000,9999.000,9999.000,9999.000,9999.000,9999.000,9999.000
202608052300,   0.769,9999.000,   0.300,   0.357,   1.426,   0.300,   1.426,   0.300,   1.426
202608052306,   0.752,9999.000,9999.000,9999.000,9999.000,9999.000,9999.000,9999.000,9999.000
202608052312,   0.734,9999.000,9999.000,9999.000,9999.000,9999.000,9999.000,9999.000,9999.000
202608052318,   0.716,9999.000,9999.000,9999.000,9999.000,9999.000,9999.000,9999.000,9999.000
202608052324,   0.698,9999.000,9999.000,9999.000,9999.000,9999.000,9999.000,9999.000,9999.000
202608052330,   0.680,9999.000,9999.000,9999.000,9999.000,9999.000,9999.000,9999.000,9999.000
202608052336,   0.661,9999.000,9999.000,9999.000,9999.000,9999.000,9999.000,9999.000,9999.000
202608052342,   0.642,9999.000,9999.000,9999.000,9999.000,9999.000,9999.000,9999.000,9999.000
202608052348,   0.622,9999.000,9999.000,9999.000,9999.000,9999.000,9999.000,9999.000,9999.000
202608052354,   0.602,9999.000,9999.000,9999.000,9999.000,9999.000,9999.000,9999.000,9999.000
202608060000,   0.581,9999.000,   0.300,   0.357,   1.238,   0.300,   1.238,   0.300,   1.238
202608060006,   0.560,9999.000,9999.000,9999.000,9999.000,9999.000,9999.000,9999.000,9999.000
202608060012,   0.538,9999.000,9999.000,9999.000,9999.000,9999.000,9999.000,9999.000,9999.000
202608060018,   0.516,9999.000,9999.000,9999.000,9999.000,9999.000,9999.000,9999.000,9999.000
202608060024,   0.494,9999.000,9999.000,9999.000,9999.000,9999.000,9999.000,9999.000,9999.000
202608060030,   0.471,9999.000,9999.000,9999.000,9999.000,9999.000,9999.000,9999.000,9999.000
202608060036,   0.449,9999.000,9999.000,9999.000,9999.000,9999.000,9999.000,9999.000,9999.000
202608060042,   0.426,9999.000,9999.000,9999.000,9999.000,9999.000,9999.000,9999.000,9999.000
202608060048,   0.403,9999.000,9999.000,9999.000,9999.000,9999.000,9999.000,9999.000,9999.000
202608060054,   0.381,9999.000,9999.000,9999.000,9999.000,9999.000,9999.000,9999.000,9999.000
202608060100,   0.358,9999.000,   0.300,   0.357,   1.015,   0.300,   1.015,   0.300,   1.015
202608060106,   0.336,9999.000,9999.000,9999.000,9999.000,9999.000,9999.000,9999.000,9999.000
202608060112,   0.314,9999.000,9999.000,9999.000,9999.000,9999.000,9999.000,9999.000,9999.000
202608060118,   0.293,9999.000,9999.000,9999.000,9999.000,9999.000,9999.000,9999.000,9999.000
202608060124,   0.273,9999.000,9999.000,9999.000,9999.000,9999.000,9999.000,9999.000,9999.000
202608060130,   0.253,9999.000,9999.000,9999.000,9999.000,9999.000,9999.000,9999.000,9999.000
202608060136,   0.234,9999.000,9999.000,9999.000,9999.000,9999.000,9999.000,9999.000,9999.000
202608060142,   0.215,9999.000,9999.000,9999.000,9999.000,9999.000,9999.000,9999.000,9999.000
202608060148,   0.198,9999.000,9999.000,9999.000,9999.000,9999.000,9999.000,9999.000,9999.000
202608060154,   0.182,9999.000,9999.000,9999.000,9999.000,9999.000,9999.000,9999.000,9999.000
202608060200,   0.167,9999.000,   0.300,   0.357,   0.824,   0.300,   0.824,   0.300,   0.824
202608060206,   0.154,9999.000,9999.000,9999.000,9999.000,9999.000,9999.000,9999.000,9999.000
202608060212,   0.142,9999.000,9999.000,9999.000,9999.000,9999.000,9999.000,9999.000,9999.000
202608060218,   0.132,9999.000,9999.000,9999.000,9999.000,9999.000,9999.000,9999.000,9999.000
202608060224,   0.124,9999.000,9999.000,9999.000,9999.000,9999.000,9999.000,9999.000,9999.000
202608060230,   0.117,9999.000,9999.000,9999.000,9999.000,9999.000,9999.000,9999.000,9999.000
202608060236,   0.113,9999.000,9999.000,9999.000,9999.000,9999.000,9999.000,9999.000,9999.000
202608060242,   0.112,9999.000,9999.000,9999.000,9999.000,9999.000,9999.000,9999.000,9999.000
202608060248,   0.113,9999.000,9999.000,9999.000,9999.000,9999.000,9999.000,9999.000,9999.000
202608060254,   0.116,9999.000,9999.000,9999.000,9999.000,9999.000,9999.000,9999.000,9999.000
202608060300,   0.123,9999.000,   0.300,   0.357,   0.780,   0.300,   0.780,   0.300,   0.780
202608060306,   0.132,9999.000,9999.000,9999.000,9999.000,9999.000,9999.000,9999.000,9999.000
202608060312,   0.144,9999.000,9999.000,9999.000,9999.000,9999.000,9999.000,9999.000,9999.000
202608060318,   0.159,9999.000,9999.000,9999.000,9999.000,9999.000,9999.000,9999.000,9999.000
202608060324,   0.176,9999.000,9999.000,9999.000,9999.000,9999.000,9999.000,9999.000,9999.000
202608060330,   0.197,9999.000,9999.000,9999.000,9999.000,9999.000,9999.000,9999.000,9999.000
202608060336,   0.221,9999.000,9999.000,9999.000,9999.000,9999.000,9999.000,9999.000,9999.000
202608060342,   0.247,9999.000,9999.000,9999.000,9999.000,9999.000,9999.000,9999.000,9999.000
202608060348,   0.275,9999.000,9999.000,9999.000,9999.000,9999.000,9999.000,9999.000,9999.000
202608060354,   0.306,9999.000,9999.000,9999.000,9999.000,9999.000,9999.000,9999.000,9999.000
202608060400,   0.339,9999.000,   0.300,   0.357,   0.996,   0.300,   0.996,   0.300,   0.996
202608060406,   0.373,9999.000,9999.000,9999.000,9999.000,9999.000,9999.000,9999.000,9999.000
202608060412,   0.409,9999.000,9999.000,9999.000,9999.000,9999.000,9999.000,9999.000,9999.000
202608060418,   0.446,9999.000,9999.000,9999.000,9999.000,9999.000,9999.000,9999.000,9999.000
202608060424,   0.484,9999.000,9999.000,9999.000,9999.000,9999.000,9999.000,9999.000,9999.000
202608060430,   0.522,9999.000,9999.000,9999.000,9999.000,9999.000,9999.000,9999.000,9999.000
202608060436,   0.560,9999.000,9999.000,9999.000,9999.000,9999.000,9999.000,9999.000,9999.000
202608060442,   0.598,9999.000,9999.000,9999.000,9999.000,9999.000,9999.000,9999.000,9999.000
202608060448,   0.636,9999.000,9999.000,9999.000,9999.000,9999.000,9999.000,9999.000,9999.000
202608060454,   0.673,9999.000,9999.000,9999.000,9999.000,9999.000,9999.000,9999.000,9999.000
202608060500,   0.709,9999.000,   0.300,   0.357,   1.366,   0.300,   1.366,   0.300,   1.366
202608060506,   0.745,9999.000,9999.000,9999.000,9999.000,9999.000,9999.000,9999.000,9999.000
202608060512,   0.778,9999.000,9999.000,9999.000,9999.000,9999.000,9999.000,9999.000,9999.000
202608060518,   0.811,9999.000,9999.000,9999.000,9999.000,9999.000,9999.000,9999.000,9999.000
202608060524,   0.842,9999.000,9999.000,9999.000,9999.000,9999.000,9999.000,9999.000,9999.000
202608060530,   0.872,9999.000,9999.000,9999.000,9999.000,9999.000,9999.000,9999.000,9999.000
202608060536,   0.900,9999.000,9999.000,9999.000,9999.000,9999.000,9999.000,9999.000,9999.000
202608060542,   0.926,9999.000,9999.000,9999.000,9999.000,9999.000,9999.000,9999.000,9999.000
202608060548,   0.952,9999.000,9999.000,9999.000,9999.000,9999.000,9999.000,9999.000,9999.000
202608060554,   0.976,9999.000,9999.000,9999.000,9999.000,9999.000,9999.000,9999.000,9999.000
202608060600,   0.999,9999.000,   0.300,   0.357,   1.656,   0.300,   1.656,   0.300,   1.656
202608060606,   1.021,9999.000,9999.000,9999.000,9999.000,9999.000,9999.000,9999.000,9999.000
202608060612,   1.043,9999.000,9999.000,9999.000,9999.000,9999.000,9999.000,9999.000,9999.000
202608060618,   1.063,9999.000,9999.000,9999.000,9999.000,9999.000,9999.000,9999.000,9999.000
202608060624,   1.083,9999.000,9999.000,9999.000,9999.000,9999.000,9999.000,9999.000,9999.000
202608060630,   1.102,9999.000,9999.000,9999.000,9999.000,9999.000,9999.000,9999.000,9999.000
202608060636,   1.121,9999.000,9999.000,9999.000,9999.000,9999.000,9999.000,9999.000,9999.000
202608060642,   1.139,9999.000,9999.000,9999.000,9999.000,9999.000,9999.000,9999.000,9999.000
202608060648,   1.157,9999.000,9999.000,9999.000,9999.000,9999.000,9999.000,9999.000,9999.000
202608060654,   1.174,9999.000,9999.000,9999.000,9999.000,9999.000,9999.000,9999.000,9999.000
202608060700,   1.191,9999.000,   0.300,   0.357,   1.848,   0.300,   1.848,   0.300,   1.848
202608060706,   1.207,9999.000,9999.000,9999.000,9999.000,9999.000,9999.000,9999.000,9999.000
202608060712,   1.222,9999.000,9999.000,9999.000,9999.000,9999.000,9999.000,9999.000,9999.000
202608060718,   1.235,9999.000,9999.000,9999.000,9999.000,9999.000,9999.000,9999.000,9999.000
202608060724,   1.248,9999.000,9999.000,9999.000,9999.000,9999.000,9999.000,9999.000,9999.000
202608060730,   1.258,9999.000,9999.000,9999.000,9999.000,9999.000,9999.000,9999.000,9999.000
202608060736,   1.267,9999.000,9999.000,9999.000,9999.000,9999.000,9999.000,9999.000,9999.000
202608060742,   1.274,9999.000,9999.000,9999.000,9999.000,9999.000,9999.000,9999.000,9999.000
202608060748,   1.278,9999.000,9999.000,9999.000,9999.000,9999.000,9999.000,9999.000,9999.000
202608060754,   1.280,9999.000,9999.000,9999.000,9999.000,9999.000,9999.000,9999.000,9999.000
202608060800,   1.279,9999.000,   0.300,   0.357,   1.936,   0.300,   1.936,   0.300,   1.936
202608060806,   1.275,9999.000,9999.000,9999.000,9999.000,9999.000,9999.000,9999.000,9999.000
202608060812,   1.268,9999.000,9999.000,9999.000,9999.000,9999.000,9999.000,9999.000,9999.000
202608060818,   1.258,9999.000,9999.000,9999.000,9999.000,9999.000,9999.000,9999.000,9999.000
202608060824,   1.244,9999.000,9999.000,9999.000,9999.000,9999.000,9999.000,9999.000,9999.000
202608060830,   1.227,9999.000,9999.000,9999.000,9999.000,9999.000,9999.000,9999.000,9999.000
202608060836,   1.207,9999.000,9999.000,9999.000,9999.000,9999.000,9999.000,9999.000,9999.000
202608060842,   1.184,9999.000,9999.000,9999.000,9999.000,9999.000,9999.000,9999.000,9999.000
202608060848,   1.158,9999.000,9999.000,9999.000,9999.000,9999.000,9999.000,9999.000,9999.000
202608060854,   1.130,9999.000,9999.000,9999.000,9999.000,9999.000,9999.000,9999.000,9999.000
202608060900,   1.099,9999.000,   0.300,   0.357,   1.756,   0.300,   1.756,   0.300,   1.756
202608060906,   1.066,9999.000,9999.000,9999.000,9999.000,9999.000,9999.000,9999.000,9999.000
202608060912,   1.031,9999.000,9999.000,9999.000,9999.000,9999.000,9999.000,9999.000,9999.000
202608060918,   0.994,9999.000,9999.000,9999.000,9999.000,9999.000,9999.000,9999.000,9999.000
202608060924,   0.957,9999.000,9999.000,9999.000,9999.000,9999.000,9999.000,9999.000,9999.000
202608060930,   0.919,9999.000,9999.000,9999.000,9999.000,9999.000,9999.000,9999.000,9999.000
202608060936,   0.881,9999.000,9999.000,9999.000,9999.000,9999.000,9999.000,9999.000,9999.000
202608060942,   0.843,9999.000,9999.000,9999.000,9999.000,9999.000,9999.000,9999.000,9999.000
202608060948,   0.805,9999.000,9999.000,9999.000,9999.000,9999.000,9999.000,9999.000,9999.000
202608060954,   0.768,9999.000,9999.000,9999.000,9999.000,9999.000,9999.000,9999.000,9999.000
202608061000,   0.733,9999.000,   0.300,   0.357,   1.390,   0.300,   1.390,   0.300,   1.390
202608061006,   0.698,9999.000,9999.000,9999.000,9999.000,9999.000,9999.000,9999.000,9999.000
202608061012,   0.665,9999.000,9999.000,9999.000,9999.000,9999.000,9999.000,9999.000,9999.000
202608061018,   0.633,9999.000,9999.000,9999.000,9999.000,9999.000,9999.000,9999.000,9999.000
202608061024,   0.604,9999.000,9999.000,9999.000,9999.000,9999.000,9999.000,9999.000,9999.000
202608061030,   0.576,9999.000,9999.000,9999.000,9999.000,9999.000,9999.000,9999.000,9999.000
202608061036,   0.549,9999.000,9999.000,9999.000,9999.000,9999.000,9999.000,9999.000,9999.000
202608061042,   0.525,9999.000,9999.000,9999.000,9999.000,9999.000,9999.000,9999.000,9999.000
202608061048,   0.502,9999.000,9999.000,9999.000,9999.000,9999.000,9999.000,9999.000,9999.000
202608061054,   0.480,9999.000,9999.000,9999.000,9999.000,9999.000,9999.000,9999.000,9999.000
202608061100,   0.460,9999.000,   0.300,   0.357,   1.117,   0.300,   1.117,   0.300,   1.117
202608061106,   0.441,9999.000,9999.000,9999.000,9999.000,9999.000,9999.000,9999.000,9999.000
202608061112,   0.423,9999.000,9999.000,9999.000,9999.000,9999.000,9999.000,9999.000,9999.000
202608061118,   0.406,9999.000,9999.000,9999.000,9999.000,9999.000,9999.000,9999.000,9999.000
202608061124,   0.389,9999.000,9999.000,9999.000,9999.000,9999.000,9999.000,9999.000,9999.000
202608061130,   0.373,9999.000,9999.000,9999.000,9999.000,9999.000,9999.000,9999.000,9999.000
202608061136,   0.357,9999.000,9999.000,9999.000,9999.000,9999.000,9999.000,9999.000,9999.000
202608061142,   0.342,9999.000,9999.000,9999.000,9999.000,9999.000,9999.000,9999.000,9999.000
202608061148,   0.326,9999.000,9999.000,9999.000,9999.000,9999.000,9999.000,9999.000,9999.000
202608061154,   0.310,9999.000,9999.000,9999.000,9999.000,9999.000,9999.000,9999.000,9999.000
202608061200,   0.295,9999.000,   0.300,   0.357,   0.952,   0.300,   0.952,   0.300,   0.952
202608061206,   0.279,9999.000,9999.000,9999.000,9999.000,9999.000,9999.000,9999.000,9999.000
202608061212,   0.262,9999.000,9999.000,9999.000,9999.000,9999.000,9999.000,9999.000,9999.000
202608061218,   0.246,9999.000,9999.000,9999.000,9999.000,9999.000,9999.000,9999.000,9999.000
202608061224,   0.229,9999.000,9999.000,9999.000,9999.000,9999.000,9999.000,9999.000,9999.000
202608061230,   0.212,9999.000,9999.000,9999.000,9999.000,9999.000,9999.000,9999.000,9999.000
202608061236,   0.194,9999.000,9999.000,9999.000,9999.000,9999.000,9999.000,9999.000,9999.000
202608061242,   0.177,9999.000,9999.000,9999.000,9999.000,9999.000,9999.000,9999.000,9999.000
202608061248,   0.159,9999.000,9999.000,9999.000,9999.000,9999.000,9999.000,9999.000,9999.000
202608061254,   0.142,9999.000,9999.000,9999.000,9999.000,9999.000,9999.000,9999.000,9999.000
202608061300,   0.124,9999.000,   0.300,   0.357,   0.781,   0.300,   0.781,   0.300,   0.781
202608061306,   0.107,9999.000,9999.000,9999.000,9999.000,9999.000,9999.000,9999.000,9999.000
202608061312,   0.090,9999.000,9999.000,9999.000,9999.000,9999.000,9999.000,9999.000,9999.000
202608061318,   0.074,9999.000,9999.000,9999.000,9999.000,9999.000,9999.000,9999.000,9999.000
202608061324,   0.058,9999.000,9999.000,9999.000,9999.000,9999.000,9999.000,9999.000,9999.000
202608061330,   0.042,9999.000,9999.000,9999.000,9999.000,9999.000,9999.000,9999.000,9999.000
202608061336,   0.027,9999.000,9999.000,9999.000,9999.000,9999.000,9999.000,9999.000,9999.000
202608061342,   0.013,9999.000,9999.000,9999.000,9999.000,9999.000,9999.000,9999.000,9999.000
202608061348,   0.000,9999.000,9999.000,9999.000,9999.000,9999.000,9999.000,9999.000,9999.000
202608061354,  -0.011,9999.000,9999.000,9999.000,9999.000,9999.000,9999.000,9999.000,9999.000
202608061400,  -0.023,9999.000,   0.300,   0.357,   0.634,   0.300,   0.634,   0.300,   0.634
202608061406,  -0.033,9999.000,9999.000,9999.000,9999.000,9999.000,9999.000,9999.000,9999.000
202608061412,  -0.042,9999.000,9999.000,9999.000,9999.000,9999.000,9999.000,9999.000,9999.000
202608061418,  -0.050,9999.000,9999.000,9999.000,9999.000,9999.000,9999.000,9999.000,9999.000
202608061424,  -0.056,9999.000,9999.000,9999.000,9999.000,9999.000,9999.000,9999.000,9999.000
202608061430,  -0.061,9999.000,9999.000,9999.000,9999.000,9999.000,9999.000,9999.000,9999.000
202608061436,  -0.064,9999.000,9999.000,9999.000,9999.000,9999.000,9999.000,9999.000,9999.000
202608061442,  -0.065,9999.000,9999.000,9999.000,9999.000,9999.000,9999.000,9999.000,9999.000
202608061448,  -0.064,9999.000,9999.000,9999.000,9999.000,9999.000,9999.000,9999.000,9999.000
202608061454,  -0.061,9999.000,9999.000,9999.000,9999.000,9999.000,9999.000,9999.000,9999.000
202608061500,  -0.055,9999.000,   0.300,   0.357,   0.602,   0.300,   0.602,   0.300,   0.602
202608061506,  -0.047,9999.000,9999.000,9999.000,9999.000,9999.000,9999.000,9999.000,9999.000
202608061512,  -0.036,9999.000,9999.000,9999.000,9999.000,9999.000,9999.000,9999.000,9999.000
202608061518,  -0.023,9999.000,9999.000,9999.000,9999.000,9999.000,9999.000,9999.000,9999.000
202608061524,  -0.006,9999.000,9999.000,9999.000,9999.000,9999.000,9999.000,9999.000,9999.000
202608061530,   0.012,9999.000,9999.000,9999.000,9999.000,9999.000,9999.000,9999.000,9999.000
202608061536,   0.035,9999.000,9999.000,9999.000,9999.000,9999.000,9999.000,9999.000,9999.000
202608061542,   0.060,9999.000,9999.000,9999.000,9999.000,9999.000,9999.000,9999.000,9999.000
202608061548,   0.089,9999.000,9999.000,9999.000,9999.000,9999.000,9999.000,9999.000,9999.000
202608061554,   0.120,9999.000,9999.000,9999.000,9999.000,9999.000,9999.000,9999.000,9999.000
202608061600,   0.154,9999.000,   0.300,   0.357,   0.811,   0.300,   0.811,   0.300,   0.811
202608061606,   0.191,9999.000,9999.000,9999.000,9999.000,9999.000,9999.000,9999.000,9999.000
202608061612,   0.231,9999.000,9999.000,9999.000,9999.000,9999.000,9999.000,9999.000,9999.000
202608061618,   0.273,9999.000,9999.000,9999.000,9999.000,9999.000,9999.000,9999.000,9999.000
202608061624,   0.317,9999.000,9999.000,9999.000,9999.000,9999.000,9999.000,9999.000,9999.000
202608061630,   0.363,9999.000,9999.000,9999.000,9999.000,9999.000,9999.000,9999.000,9999.000
202608061636,   0.411,9999.000,9999.000,9999.000,9999.000,9999.000,9999.000,9999.000,9999.000
202608061642,   0.459,9999.000,9999.000,9999.000,9999.000,9999.000,9999.000,9999.000,9999.000
202608061648,   0.509,9999.000,9999.000,9999.000,9999.000,9999.000,9999.000,9999.000,9999.000
202608061654,   0.559,9999.000,9999.000,9999.000,9999.000,9999.000,9999.000,9999.000,9999.000
202608061700,   0.609,9999.000,   0.300,   0.357,   1.266,   0.300,   1.266,   0.300,   1.266
202608061706,   0.660,9999.000,9999.000,9999.000,9999.000,9999.000,9999.000,9999.000,9999.000
202608061712,   0.710,9999.000,9999.000,9999.000,9999.000,9999.000,9999.000,9999.000,9999.000
202608061718,   0.759,9999.000,9999.000,9999.000,9999.000,9999.000,9999.000,9999.000,9999.000
202608061724,   0.807,9999.000,9999.000,9999.000,9999.000,9999.000,9999.000,9999.000,9999.000
202608061730,   0.855,9999.000,9999.000,9999.000,9999.000,9999.000,9999.000,9999.000,9999.000
202608061736,   0.901,9999.000,9999.000,9999.000,9999.000,9999.000,9999.000,9999.000,9999.000
202608061742,   0.945,9999.000,9999.000,9999.000,9999.000,9999.000,9999.000,9999.000,9999.000
202608061748,   0.988,9999.000,9999.000,9999.000,9999.000,9999.000,9999.000,9999.000,9999.000
202608061754,   1.030,9999.000,9999.000,9999.000,9999.000,9999.000,9999.000,9999.000,9999.000
202608061800,   1.070,9999.000,   0.300,   0.357,   1.727,   0.300,   1.727,   0.300,   1.727
202608061806,   1.108,9999.000,9999.000,9999.000,9999.000,9999.000,9999.000,9999.000,9999.000
202608061812,   1.146,9999.000,9999.000,9999.000,9999.000,9999.000,9999.000,9999.000,9999.000
202608061818,   1.181,9999.000,9999.000,9999.000,9999.000,9999.000,9999.000,9999.000,9999.000
202608061824,   1.216,9999.000,9999.000,9999.000,9999.000,9999.000,9999.000,9999.000,9999.000
202608061830,   1.249,9999.000,9999.000,9999.000,9999.000,9999.000,9999.000,9999.000,9999.000
202608061836,   1.281,9999.000,9999.000,9999.000,9999.000,9999.000,9999.000,9999.000,9999.000
202608061842,   1.313,9999.000,9999.000,9999.000,9999.000,9999.000,9999.000,9999.000,9999.000
202608061848,   1.343,9999.000,9999.000,9999.000,9999.000,9999.000,9999.000,9999.000,9999.000
202608061854,   1.373,9999.000,9999.000,9999.000,9999.000,9999.000,9999.000,9999.000,9999.000
202608061900,   1.402,9999.000,   0.300,   0.357,   2.059,   0.300,   2.059,   0.300,   2.059
202608061906,   1.430,9999.000,9999.000,9999.000,9999.000,9999.000,9999.000,9999.000,9999.000
202608061912,   1.457,9999.000,9999.000,9999.000,9999.000,9999.000,9999.000,9999.000,9999.000
202608061918,   1.484,9999.000,9999.000,9999.000,9999.000,9999.000,9999.000,9999.000,9999.000
202608061924,   1.510,9999.000,9999.000,9999.000,9999.000,9999.000,9999.000,9999.000,9999.000
202608061930,   1.535,9999.000,9999.000,9999.000,9999.000,9999.000,9999.000,9999.000,9999.000
202608061936,   1.559,9999.000,9999.000,9999.000,9999.000,9999.000,9999.000,9999.000,9999.000
202608061942,   1.581,9999.000,9999.000,9999.000,9999.000,9999.000,9999.000,9999.000,9999.000
202608061948,   1.602,9999.000,9999.000,9999.000,9999.000,9999.000,9999.000,9999.000,9999.000
202608061954,   1.621,9999.000,9999.000,9999.000,9999.000,9999.000,9999.000,9999.000,9999.000
202608062000,   1.638,9999.000,   0.300,   0.357,   2.295,   0.300,   2.295,   0.300,   2.295
202608062006,   1.652,9999.000,9999.000,9999.000,9999.000,9999.000,9999.000,9999.000,9999.000
202608062012,   1.664,9999.000,9999.000,9999.000,9999.000,9999.000,9999.000,9999.000,9999.000
202608062018,   1.673,9999.000,9999.000,9999.000,9999.000,9999.000,9999.000,9999.000,9999.000
202608062024,   1.679,9999.000,9999.000,9999.000,9999.000,9999.000,9999.000,9999.000,9999.000
202608062030,   1.682,9999.000,9999.000,9999.000,9999.000,9999.000,9999.000,9999.000,9999.000
202608062036,   1.681,9999.000,9999.000,9999.000,9999.000,9999.000,9999.000,9999.000,9999.000
202608062042,   1.677,9999.000,9999.000,9999.000,9999.000,9999.000,9999.000,9999.000,9999.000
202608062048,   1.669,9999.000,9999.000,9999.000,9999.000,9999.000,9999.000,9999.000,9999.000
202608062054,   1.658,9999.000,9999.000,9999.000,9999.000,9999.000,9999.000,9999.000,9999.000
202608062100,   1.644,9999.000,   0.300,   0.357,   2.301,   0.300,   2.301,   0.300,   2.301
202608062106,   1.626,9999.000,9999.000,9999.000,9999.000,9999.000,9999.000,9999.000,9999.000
202608062112,   1.604,9999.000,9999.000,9999.000,9999.000,9999.000,9999.000,9999.000,9999.000
202608062118,   1.580,9999.000,9999.000,9999.000,9999.000,9999.000,9999.000,9999.000,9999.000
202608062124,   1.553,9999.000,9999.000,9999.000,9999.000,9999.000,9999.000,9999.000,9999.000
202608062130,   1.524,9999.000,9999.000,9999.000,9999.000,9999.000,9999.000,9999.000,9999.000
202608062136,   1.493,9999.000,9999.000,9999.000,9999.000,9999.000,9999.000,9999.000,9999.000
202608062142,   1.460,9999.000,9999.000,9999.000,9999.000,9999.000,9999.000,9999.000,9999.000
202608062148,   1.426,9999.000,9999.000,9999.000,9999.000,9999.000,9999.000,9999.000,9999.000
202608062154,   1.390,9999.000,9999.000,9999.000,9999.000,9999.000,9999.000,9999.000,9999.000
202608062200,   1.354,9999.000,   0.300,   0.357,   2.011,   0.300,   2.011,   0.300,   2.011
202608062206,   1.319,9999.000,9999.000,9999.000,9999.000,9999.000,9999.000,9999.000,9999.000
202608062212,   1.283,9999.000,9999.000,9999.000,9999.000,9999.000,9999.000,9999.000,9999.000
202608062218,   1.247,9999.000,9999.000,9999.000,9999.000,9999.000,9999.000,9999.000,9999.000
202608062224,   1.213,9999.000,9999.000,9999.000,9999.000,9999.000,9999.000,9999.000,9999.000
202608062230,   1.180,9999.000,9999.000,9999.000,9999.000,9999.000,9999.000,9999.000,9999.000
202608062236,   1.147,9999.000,9999.000,9999.000,9999.000,9999.000,9999.000,9999.000,9999.000
202608062242,   1.117,9999.000,9999.000,9999.000,9999.000,9999.000,9999.000,9999.000,9999.000
202608062248,   1.087,9999.000,9999.000,9999.000,9999.000,9999.000,9999.000,9999.000,9999.000
202608062254,   1.060,9999.000,9999.000,9999.000,9999.000,9999.000,9999.000,9999.000,9999.000
202608062300,   1.034,9999.000,   0.300,   0.357,   1.691,   0.300,   1.691,   0.300,   1.691
202608062306,   1.009,9999.000,9999.000,9999.000,9999.000,9999.000,9999.000,9999.000,9999.000
202608062312,   0.986,9999.000,9999.000,9999.000,9999.000,9999.000,9999.000,9999.000,9999.000
202608062318,   0.965,9999.000,9999.000,9999.000,9999.000,9999.000,9999.000,9999.000,9999.000
202608062324,   0.944,9999.000,9999.000,9999.000,9999.000,9999.000,9999.000,9999.000,9999.000
202608062330,   0.925,9999.000,9999.000,9999.000,9999.000,9999.000,9999.000,9999.000,9999.000
202608062336,   0.906,9999.000,9999.000,9999.000,9999.000,9999.000,9999.000,9999.000,9999.000
202608062342,   0.888,9999.000,9999.000,9999.000,9999.000,9999.000,9999.000,9999.000,9999.000
202608062348,   0.871,9999.000,9999.000,9999.000,9999.000,9999.000,9999.000,9999.000,9999.000
202608062354,   0.854,9999.000,9999.000,9999.000,9999.000,9999.000,9999.000,9999.000,9999.000
202608070000,   0.837,9999.000,   0.300,   0.357,   1.494,   0.300,   1.494,   0.300,   1.494
202608070006,   0.820,9999.000,9999.000,9999.000,9999.000,9999.000,9999.000,9999.000,9999.000
202608070012,   0.803,9999.000,9999.000,9999.000,9999.000,9999.000,9999.000,9999.000,9999.000
202608070018,   0.786,9999.000,9999.000,9999.000,9999.000,9999.000,9999.000,9999.000,9999.000
202608070024,   0.768,9999.000,9999.000,9999.000,9999.000,9999.000,9999.000,9999.000,9999.000
202608070030,   0.750,9999.000,9999.000,9999.000,9999.000,9999.000,9999.000,9999.000,9999.000
202608070036,   0.731,9999.000,9999.000,9999.000,9999.000,9999.000,9999.000,9999.000,9999.000
202608070042,   0.711,9999.000,9999.000,9999.000,9999.000,9999.000,9999.000,9999.000,9999.000
202608070048,   0.691,9999.000,9999.000,9999.000,9999.000,9999.000,9999.000,9999.000,9999.000
202608070054,   0.671,9999.000,9999.000,9999.000,9999.000,9999.000,9999.000,9999.000,9999.000
202608070100,   0.649,9999.000,   0.300,   0.357,   1.306,   0.200,   1.206,   0.300,   1.306
202608070106,   0.628,9999.000,9999.000,9999.000,9999.000,9999.000,9999.000,9999.000,9999.000
202608070112,   0.606,9999.000,9999.000,9999.000,9999.000,9999.000,9999.000,9999.000,9999.000
202608070118,   0.583,9999.000,9999.000,9999.000,9999.000,9999.000,9999.000,9999.000,9999.000
202608070124,   0.560,9999.000,9999.000,9999.000,9999.000,9999.000,9999.000,9999.000,9999.000
202608070130,   0.537,9999.000,9999.000,9999.000,9999.000,9999.000,9999.000,9999.000,9999.000
202608070136,   0.514,9999.000,9999.000,9999.000,9999.000,9999.000,9999.000,9999.000,9999.000
202608070142,   0.491,9999.000,9999.000,9999.000,9999.000,9999.000,9999.000,9999.000,9999.000
202608070148,   0.467,9999.000,9999.000,9999.000,9999.000,9999.000,9999.000,9999.000,9999.000
202608070154,   0.444,9999.000,9999.000,9999.000,9999.000,9999.000,9999.000,9999.000,9999.000
202608070200,   0.421,9999.000,   0.300,   0.357,   1.078,   0.200,   0.978,   0.300,   1.078
202608070206,   0.398,9999.000,9999.000,9999.000,9999.000,9999.000,9999.000,9999.000,9999.000
202608070212,   0.375,9999.000,9999.000,9999.000,9999.000,9999.000,9999.000,9999.000,9999.000
202608070218,   0.353,9999.000,9999.000,9999.000,9999.000,9999.000,9999.000,9999.000,9999.000
202608070224,   0.331,9999.000,9999.000,9999.000,9999.000,9999.000,9999.000,9999.000,9999.000
202608070230,   0.310,9999.000,9999.000,9999.000,9999.000,9999.000,9999.000,9999.000,9999.000
202608070236,   0.289,9999.000,9999.000,9999.000,9999.000,9999.000,9999.000,9999.000,9999.000
202608070242,   0.269,9999.000,9999.000,9999.000,9999.000,9999.000,9999.000,9999.000,9999.000
202608070248,   0.250,9999.000,9999.000,9999.000,9999.000,9999.000,9999.000,9999.000,9999.000
202608070254,   0.233,9999.000,9999.000,9999.000,9999.000,9999.000,9999.000,9999.000,9999.000
202608070300,   0.216,9999.000,   0.300,   0.357,   0.873,   0.200,   0.773,   0.300,   0.873
202608070306,   0.201,9999.000,9999.000,9999.000,9999.000,9999.000,9999.000,9999.000,9999.000
202608070312,   0.187,9999.000,9999.000,9999.000,9999.000,9999.000,9999.000,9999.000,9999.000
202608070318,   0.175,9999.000,9999.000,9999.000,9999.000,9999.000,9999.000,9999.000,9999.000
202608070324,   0.165,9999.000,9999.000,9999.000,9999.000,9999.000,9999.000,9999.000,9999.000
202608070330,   0.157,9999.000,9999.000,9999.000,9999.000,9999.000,9999.000,9999.000,9999.000
202608070336,   0.152,9999.000,9999.000,9999.000,9999.000,9999.000,9999.000,9999.000,9999.000
202608070342,   0.148,9999.000,9999.000,9999.000,9999.000,9999.000,9999.000,9999.000,9999.000
202608070348,   0.148,9999.000,9999.000,9999.000,9999.000,9999.000,9999.000,9999.000,9999.000
202608070354,   0.149,9999.000,9999.000,9999.000,9999.000,9999.000,9999.000,9999.000,9999.000
202608070400,   0.154,9999.000,   0.300,   0.357,   0.811,   0.200,   0.711,   0.300,   0.811
202608070406,   0.162,9999.000,9999.000,9999.000,9999.000,9999.000,9999.000,9999.000,9999.000
202608070412,   0.172,9999.000,9999.000,9999.000,9999.000,9999.000,9999.000,9999.000,9999.000
202608070418,   0.185,9999.000,9999.000,9999.000,9999.000,9999.000,9999.000,9999.000,9999.000
202608070424,   0.201,9999.000,9999.000,9999.000,9999.000,9999.000,9999.000,9999.000,9999.000
202608070430,   0.219,9999.000,9999.000,9999.000,9999.000,9999.000,9999.000,9999.000,9999.000
202608070436,   0.240,9999.000,9999.000,9999.000,9999.000,9999.000,9999.000,9999.000,9999.000
202608070442,   0.264,9999.000,9999.000,9999.000,9999.000,9999.000,9999.000,9999.000,9999.000
202608070448,   0.289,9999.000,9999.000,9999.000,9999.000,9999.000,9999.000,9999.000,9999.000
202608070454,   0.317,9999.000,9999.000,9999.000,9999.000,9999.000,9999.000,9999.000,9999.000
202608070500,   0.346,9999.000,   0.300,   0.357,   1.003,   0.200,   0.903,   0.300,   1.003
202608070506,   0.376,9999.000,9999.000,9999.000,9999.000,9999.000,9999.000,9999.000,9999.000
202608070512,   0.408,9999.000,9999.000,9999.000,9999.000,9999.000,9999.000,9999.000,9999.000
202608070518,   0.441,9999.000,9999.000,9999.000,9999.000,9999.000,9999.000,9999.000,9999.000
202608070524,   0.474,9999.000,9999.000,9999.000,9999.000,9999.000,9999.000,9999.000,9999.000
202608070530,   0.507,9999.000,9999.000,9999.000,9999.000,9999.000,9999.000,9999.000,9999.000
202608070536,   0.540,9999.000,9999.000,9999.000,9999.000,9999.000,9999.000,9999.000,9999.000
202608070542,   0.573,9999.000,9999.000,9999.000,9999.000,9999.000,9999.000,9999.000,9999.000
202608070548,   0.606,9999.000,9999.000,9999.000,9999.000,9999.000,9999.000,9999.000,9999.000
202608070554,   0.638,9999.000,9999.000,9999.000,9999.000,9999.000,9999.000,9999.000,9999.000
202608070600,   0.669,9999.000,   0.300,   0.357,   1.326,   0.200,   1.226,   0.300,   1.326
202608070606,   0.699,9999.000,9999.000,9999.000,9999.000,9999.000,9999.000,9999.000,9999.000
202608070612,   0.728,9999.000,9999.000,9999.000,9999.000,9999.000,9999.000,9999.000,9999.000
202608070618,   0.756,9999.000,9999.000,9999.000,9999.000,9999.000,9999.000,9999.000,9999.000
202608070624,   0.783,9999.000,9999.000,9999.000,9999.000,9999.000,9999.000,9999.000,9999.000
202608070630,   0.809,9999.000,9999.000,9999.000,9999.000,9999.000,9999.000,9999.000,9999.000
202608070636,   0.834,9999.000,9999.000,9999.000,9999.000,9999.000,9999.000,9999.000,9999.000
202608070642,   0.858,9999.000,9999.000,9999.000,9999.000,9999.000,9999.000,9999.000,9999.000
202608070648,   0.881,9999.000,9999.000,9999.000,9999.000,9999.000,9999.000,9999.000,9999.000
202608070654,   0.904,9999.000,9999.000,9999.000,9999.000,9999.000,9999.000,9999.000,9999.000
202608070700,   0.926,9999.000,   0.300,   0.357,   1.583,   0.200,   1.483,   0.300,   1.583
202608070706,   0.947,9999.000,9999.000,9999.000,9999.000,9999.000,9999.000,9999.000,9999.000
202608070712,   0.969,9999.000,9999.000,9999.000,9999.000,9999.000,9999.000,9999.000,9999.000
202608070718,   0.990,9999.000,9999.000,9999.000,9999.000,9999.000,9999.000,9999.000,9999.000
202608070724,   1.011,9999.000,9999.000,9999.000,9999.000,9999.000,9999.000,9999.000,9999.000
202608070730,   1.031,9999.000,9999.000,9999.000,9999.000,9999.000,9999.000,9999.000,9999.000
202608070736,   1.052,9999.000,9999.000,9999.000,9999.000,9999.000,9999.000,9999.000,9999.000
202608070742,   1.072,9999.000,9999.000,9999.000,9999.000,9999.000,9999.000,9999.000,9999.000
202608070748,   1.092,9999.000,9999.000,9999.000,9999.000,9999.000,9999.000,9999.000,9999.000
202608070754,   1.112,9999.000,9999.000,9999.000,9999.000,9999.000,9999.000,9999.000,9999.000
202608070800,   1.130,9999.000,   0.300,   0.357,   1.787,   0.200,   1.687,   0.300,   1.787
202608070806,   1.148,9999.000,9999.000,9999.000,9999.000,9999.000,9999.000,9999.000,9999.000
202608070812,   1.165,9999.000,9999.000,9999.000,9999.000,9999.000,9999.000,9999.000,9999.000
202608070818,   1.180,9999.000,9999.000,9999.000,9999.000,9999.000,9999.000,9999.000,9999.000
202608070824,   1.194,9999.000,9999.000,9999.000,9999.000,9999.000,9999.000,9999.000,9999.000
202608070830,   1.205,9999.000,9999.000,9999.000,9999.000,9999.000,9999.000,9999.000,9999.000
202608070836,   1.215,9999.000,9999.000,9999.000,9999.000,9999.000,9999.000,9999.000,9999.000
202608070842,   1.222,9999.000,9999.000,9999.000,9999.000,9999.000,9999.000,9999.000,9999.000
202608070848,   1.226,9999.000,9999.000,9999.000,9999.000,9999.000,9999.000,9999.000,9999.000
202608070854,   1.227,9999.000,9999.000,9999.000,9999.000,9999.000,9999.000,9999.000,9999.000
202608070900,   1.226,9999.000,   0.300,   0.357,   1.883,   0.200,   1.783,   0.300,   1.883
202608070906,   1.221,9999.000,9999.000,9999.000,9999.000,9999.000,9999.000,9999.000,9999.000
202608070912,   1.212,9999.000,9999.000,9999.000,9999.000,9999.000,9999.000,9999.000,9999.000
202608070918,   1.201,9999.000,9999.000,9999.000,9999.000,9999.000,9999.000,9999.000,9999.000
202608070924,   1.186,9999.000,9999.000,9999.000,9999.000,9999.000,9999.000,9999.000,9999.000
202608070930,   1.167,9999.000,9999.000,9999.000,9999.000,9999.000,9999.000,9999.000,9999.000
202608070936,   1.146,9999.000,9999.000,9999.000,9999.000,9999.000,9999.000,9999.000,9999.000
202608070942,   1.122,9999.000,9999.000,9999.000,9999.000,9999.000,9999.000,9999.000,9999.000
202608070948,   1.095,9999.000,9999.000,9999.000,9999.000,9999.000,9999.000,9999.000,9999.000
202608070954,   1.066,9999.000,9999.000,9999.000,9999.000,9999.000,9999.000,9999.000,9999.000
202608071000,   1.035,9999.000,   0.300,   0.357,   1.692,   0.200,   1.592,   0.300,   1.692
202608071006,   1.002,9999.000,9999.000,9999.000,9999.000,9999.000,9999.000,9999.000,9999.000
202608071012,   0.967,9999.000,9999.000,9999.000,9999.000,9999.000,9999.000,9999.000,9999.000
202608071018,   0.932,9999.000,9999.000,9999.000,9999.000,9999.000,9999.000,9999.000,9999.000
202608071024,   0.896,9999.000,9999.000,9999.000,9999.000,9999.000,9999.000,9999.000,9999.000
202608071030,   0.860,9999.000,9999.000,9999.000,9999.000,9999.000,9999.000,9999.000,9999.000
202608071036,   0.824,9999.000,9999.000,9999.000,9999.000,9999.000,9999.000,9999.000,9999.000
202608071042,   0.789,9999.000,9999.000,9999.000,9999.000,9999.000,9999.000,9999.000,9999.000
202608071048,   0.754,9999.000,9999.000,9999.000,9999.000,9999.000,9999.000,9999.000,9999.000
202608071054,   0.721,9999.000,9999.000,9999.000,9999.000,9999.000,9999.000,9999.000,9999.000
202608071100,   0.689,9999.000,   0.300,   0.357,   1.346,   0.200,   1.246,   0.300,   1.346
202608071106,   0.658,9999.000,9999.000,9999.000,9999.000,9999.000,9999.000,9999.000,9999.000
202608071112,   0.629,9999.000,9999.000,9999.000,9999.000,9999.000,9999.000,9999.000,9999.000
202608071118,   0.601,9999.000,9999.000,9999.000,9999.000,9999.000,9999.000,9999.000,9999.000
202608071124,   0.575,9999.000,9999.000,9999.000,9999.000,9999.000,9999.000,9999.000,9999.000
202608071130,   0.551,9999.000,9999.000,9999.000,9999.000,9999.000,9999.000,9999.000,9999.000
202608071136,   0.528,9999.000,9999.000,9999.000,9999.000,9999.000,9999.000,9999.000,9999.000
202608071142,   0.507,9999.000,9999.000,9999.000,9999.000,9999.000,9999.000,9999.000,9999.000
202608071148,   0.487,9999.000,9999.000,9999.000,9999.000,9999.000,9999.000,9999.000,9999.000
202608071154,   0.469,9999.000,9999.000,9999.000,9999.000,9999.000,9999.000,9999.000,9999.000
202608071200,   0.451,9999.000,   0.300,   0.357,   1.108,   0.200,   1.008,   0.300,   1.108
202608071206,   0.435,9999.000,9999.000,9999.000,9999.000,9999.000,9999.000,9999.000,9999.000
202608071212,   0.419,9999.000,9999.000,9999.000,9999.000,9999.000,9999.000,9999.000,9999.000
202608071218,   0.403,9999.000,9999.000,9999.000,9999.000,9999.000,9999.000,9999.000,9999.000
202608071224,   0.388,9999.000,9999.000,9999.000,9999.000,9999.000,9999.000,9999.000,9999.000
202608071230,   0.374,9999.000,9999.000,9999.000,9999.000,9999.000,9999.000,9999.000,9999.000
202608071236,   0.359,9999.000,9999.000,9999.000,9999.000,9999.000,9999.000,9999.000,9999.000
202608071242,   0.344,9999.000,9999.000,9999.000,9999.000,9999.000,9999.000,9999.000,9999.000
202608071248,   0.329,9999.000,9999.000,9999.000,9999.000,9999.000,9999.000,9999.000,9999.000
202608071254,   0.314,9999.000,9999.000,9999.000,9999.000,9999.000,9999.000,9999.000,9999.000
202608071300,   0.298,9999.000,   0.300,   0.357,   0.955,   0.200,   0.855,   0.300,   0.955
202608071306,   0.282,9999.000,9999.000,9999.000,9999.000,9999.000,9999.000,9999.000,9999.000
202608071312,   0.266,9999.000,9999.000,9999.000,9999.000,9999.000,9999.000,9999.000,9999.000
202608071318,   0.250,9999.000,9999.000,9999.000,9999.000,9999.000,9999.000,9999.000,9999.000
202608071324,   0.233,9999.000,9999.000,9999.000,9999.000,9999.000,9999.000,9999.000,9999.000
202608071330,   0.216,9999.000,9999.000,9999.000,9999.000,9999.000,9999.000,9999.000,9999.000
202608071336,   0.199,9999.000,9999.000,9999.000,9999.000,9999.000,9999.000,9999.000,9999.000
202608071342,   0.182,9999.000,9999.000,9999.000,9999.000,9999.000,9999.000,9999.000,9999.000
202608071348,   0.164,9999.000,9999.000,9999.000,9999.000,9999.000,9999.000,9999.000,9999.000
202608071354,   0.147,9999.000,9999.000,9999.000,9999.000,9999.000,9999.000,9999.000,9999.000
202608071400,   0.130,9999.000,   0.300,   0.357,   0.787,   0.200,   0.687,   0.300,   0.787
202608071406,   0.113,9999.000,9999.000,9999.000,9999.000,9999.000,9999.000,9999.000,9999.000
202608071412,   0.096,9999.000,9999.000,9999.000,9999.000,9999.000,9999.000,9999.000,9999.000
202608071418,   0.080,9999.000,9999.000,9999.000,9999.000,9999.000,9999.000,9999.000,9999.000
202608071424,   0.064,9999.000,9999.000,9999.000,9999.000,9999.000,9999.000,9999.000,9999.000
202608071430,   0.049,9999.000,9999.000,9999.000,9999.000,9999.000,9999.000,9999.000,9999.000
202608071436,   0.034,9999.000,9999.000,9999.000,9999.000,9999.000,9999.000,9999.000,9999.000
202608071442,   0.020,9999.000,9999.000,9999.000,9999.000,9999.000,9999.000,9999.000,9999.000
202608071448,   0.007,9999.000,9999.000,9999.000,9999.000,9999.000,9999.000,9999.000,9999.000
202608071454,  -0.005,9999.000,9999.000,9999.000,9999.000,9999.000,9999.000,9999.000,9999.000
202608071500,  -0.016,9999.000,   0.200,   0.357,   0.541,   0.200,   0.541,   0.300,   0.641
202608071506,  -0.027,9999.000,9999.000,9999.000,9999.000,9999.000,9999.000,9999.000,9999.000
202608071512,  -0.036,9999.000,9999.000,9999.000,9999.000,9999.000,9999.000,9999.000,9999.000
202608071518,  -0.044,9999.000,9999.000,9999.000,9999.000,9999.000,9999.000,9999.000,9999.000
202608071524,  -0.050,9999.000,9999.000,9999.000,9999.000,9999.000,9999.000,9999.000,9999.000
202608071530,  -0.055,9999.000,9999.000,9999.000,9999.000,9999.000,9999.000,9999.000,9999.000
202608071536,  -0.058,9999.000,9999.000,9999.000,9999.000,9999.000,9999.000,9999.000,9999.000
202608071542,  -0.059,9999.000,9999.000,9999.000,9999.000,9999.000,9999.000,9999.000,9999.000
202608071548,  -0.058,9999.000,9999.000,9999.000,9999.000,9999.000,9999.000,9999.000,9999.000
202608071554,  -0.055,9999.000,9999.000,9999.000,9999.000,9999.000,9999.000,9999.000,9999.000
202608071600,  -0.050,9999.000,   0.200,   0.357,   0.507,   0.200,   0.507,   0.300,   0.607
202608071606,  -0.041,9999.000,9999.000,9999.000,9999.000,9999.000,9999.000,9999.000,9999.000
202608071612,  -0.030,9999.000,9999.000,9999.000,9999.000,9999.000,9999.000,9999.000,9999.000
202608071618,  -0.016,9999.000,9999.000,9999.000,9999.000,9999.000,9999.000,9999.000,9999.000
202608071624,   0.000,9999.000,9999.000,9999.000,9999.000,9999.000,9999.000,9999.000,9999.000
202608071630,   0.019,9999.000,9999.000,9999.000,9999.000,9999.000,9999.000,9999.000,9999.000
202608071636,   0.042,9999.000,9999.000,9999.000,9999.000,9999.000,9999.000,9999.000,9999.000
202608071642,   0.068,9999.000,9999.000,9999.000,9999.000,9999.000,9999.000,9999.000,9999.000
202608071648,   0.096,9999.000,9999.000,9999.000,9999.000,9999.000,9999.000,9999.000,9999.000
202608071654,   0.128,9999.000,9999.000,9999.000,9999.000,9999.000,9999.000,9999.000,9999.000
202608071700,   0.162,9999.000,   0.200,   0.357,   0.719,   0.200,   0.719,   0.300,   0.819
202608071706,   0.199,9999.000,9999.000,9999.000,9999.000,9999.000,9999.000,9999.000,9999.000
202608071712,   0.238,9999.000,9999.000,9999.000,9999.000,9999.000,9999.000,9999.000,9999.000
202608071718,   0.279,9999.000,9999.000,9999.000,9999.000,9999.000,9999.000,9999.000,9999.000
202608071724,   0.322,9999.000,9999.000,9999.000,9999.000,9999.000,9999.000,9999.000,9999.000
202608071730,   0.366,9999.000,9999.000,9999.000,9999.000,9999.000,9999.000,9999.000,9999.000
202608071736,   0.412,9999.000,9999.000,9999.000,9999.000,9999.000,9999.000,9999.000,9999.000
202608071742,   0.459,9999.000,9999.000,9999.000,9999.000,9999.000,9999.000,9999.000,9999.000
202608071748,   0.506,9999.000,9999.000,9999.000,9999.000,9999.000,9999.000,9999.000,9999.000
202608071754,   0.554,9999.000,9999.000,9999.000,9999.000,9999.000,9999.000,9999.000,9999.000
202608071800,   0.602,9999.000,   0.300,   0.357,   1.259,   0.200,   1.159,   0.300,   1.259
202608071806,   0.649,9999.000,9999.000,9999.000,9999.000,9999.000,9999.000,9999.000,9999.000
202608071812,   0.696,9999.000,9999.000,9999.000,9999.000,9999.000,9999.000,9999.000,9999.000
202608071818,   0.742,9999.000,9999.000,9999.000,9999.000,9999.000,9999.000,9999.000,9999.000
202608071824,   0.788,9999.000,9999.000,9999.000,9999.000,9999.000,9999.000,9999.000,9999.000
202608071830,   0.832,9999.000,9999.000,9999.000,9999.000,9999.000,9999.000,9999.000,9999.000
202608071836,   0.876,9999.000,9999.000,9999.000,9999.000,9999.000,9999.000,9999.000,9999.000
202608071842,   0.918,9999.000,9999.000,9999.000,9999.000,9999.000,9999.000,9999.000,9999.000
202608071848,   0.959,9999.000,9999.000,9999.000,9999.000,9999.000,9999.000,9999.000,9999.000
202608071854,   0.999,9999.000,9999.000,9999.000,9999.000,9999.000,9999.000,9999.000,9999.000
202608071900,   1.038,9999.000,   0.300,   0.357,   1.695,   0.200,   1.595,   0.300,   1.695
202608071906,   1.076,9999.000,9999.000,9999.000,9999.000,9999.000,9999.000,9999.000,9999.000
202608071912,   1.113,9999.000,9999.000,9999.000,9999.000,9999.000,9999.000,9999.000,9999.000
202608071918,   1.149,9999.000,9999.000,9999.000,9999.000,9999.000,9999.000,9999.000,9999.000
202608071924,   1.184,9999.000,9999.000,9999.000,9999.000,9999.000,9999.000,9999.000,9999.000
202608071930,   1.219,9999.000,9999.000,9999.000,9999.000,9999.000,9999.000,9999.000,9999.000
202608071936,   1.253,9999.000,9999.000,9999.000,9999.000,9999.000,9999.000,9999.000,9999.000
202608071942,   1.286,9999.000,9999.000,9999.000,9999.000,9999.000,9999.000,9999.000,9999.000
202608071948,   1.320,9999.000,9999.000,9999.000,9999.000,9999.000,9999.000,9999.000,9999.000
202608071954,   1.352,9999.000,9999.000,9999.000,9999.000,9999.000,9999.000,9999.000,9999.000
202608072000,   1.385,9999.000,   0.300,   0.357,   2.042,   0.200,   1.942,   0.300,   2.042
202608072006,   1.416,9999.000,9999.000,9999.000,9999.000,9999.000,9999.000,9999.000,9999.000
202608072012,   1.447,9999.000,9999.000,9999.000,9999.000,9999.000,9999.000,9999.000,9999.000
202608072018,   1.478,9999.000,9999.000,9999.000,9999.000,9999.000,9999.000,9999.000,9999.000
202608072024,   1.507,9999.000,9999.000,9999.000,9999.000,9999.000,9999.000,9999.000,9999.000
202608072030,   1.535,9999.000,9999.000,9999.000,9999.000,9999.000,9999.000,9999.000,9999.000
202608072036,   1.562,9999.000,9999.000,9999.000,9999.000,9999.000,9999.000,9999.000,9999.000
202608072042,   1.587,9999.000,9999.000,9999.000,9999.000,9999.000,9999.000,9999.000,9999.000
202608072048,   1.610,9999.000,9999.000,9999.000,9999.000,9999.000,9999.000,9999.000,9999.000
202608072054,   1.631,9999.000,9999.000,9999.000,9999.000,9999.000,9999.000,9999.000,9999.000
202608072100,   1.650,9999.000,   0.300,   0.357,   2.307,   0.200,   2.207,   0.300,   2.307
202608072106,   1.666,9999.000,9999.000,9999.000,9999.000,9999.000,9999.000,9999.000,9999.000
202608072112,   1.679,9999.000,9999.000,9999.000,9999.000,9999.000,9999.000,9999.000,9999.000
202608072118,   1.688,9999.000,9999.000,9999.000,9999.000,9999.000,9999.000,9999.000,9999.000
202608072124,   1.694,9999.000,9999.000,9999.000,9999.000,9999.000,9999.000,9999.000,9999.000
202608072130,   1.697,9999.000,9999.000,9999.000,9999.000,9999.000,9999.000,9999.000,9999.000
202608072136,   1.696,9999.000,9999.000,9999.000,9999.000,9999.000,9999.000,9999.000,9999.000
202608072142,   1.691,9999.000,9999.000,9999.000,9999.000,9999.000,9999.000,9999.000,9999.000
202608072148,   1.683,9999.000,9999.000,9999.000,9999.000,9999.000,9999.000,9999.000,9999.000
202608072154,   1.671,9999.000,9999.000,9999.000,9999.000,9999.000,9999.000,9999.000,9999.000
202608072200,   1.656,9999.000,   0.300,   0.357,   2.313,   0.200,   2.213,   0.300,   2.313
202608072206,   1.637,9999.000,9999.000,9999.000,9999.000,9999.000,9999.000,9999.000,9999.000
202608072212,   1.616,9999.000,9999.000,9999.000,9999.000,9999.000,9999.000,9999.000,9999.000
202608072218,   1.592,9999.000,9999.000,9999.000,9999.000,9999.000,9999.000,9999.000,9999.000
202608072224,   1.565,9999.000,9999.000,9999.000,9999.000,9999.000,9999.000,9999.000,9999.000
202608072230,   1.536,9999.000,9999.000,9999.000,9999.000,9999.000,9999.000,9999.000,9999.000
202608072236,   1.506,9999.000,9999.000,9999.000,9999.000,9999.000,9999.000,9999.000,9999.000
202608072242,   1.474,9999.000,9999.000,9999.000,9999.000,9999.000,9999.000,9999.000,9999.000
202608072248,   1.442,9999.000,9999.000,9999.000,9999.000,9999.000,9999.000,9999.000,9999.000
202608072254,   1.409,9999.000,9999.000,9999.000,9999.000,9999.000,9999.000,9999.000,9999.000
202608072300,   1.376,9999.000,   0.300,   0.357,   2.033,   0.200,   1.933,   0.300,   2.033
202608072306,   1.343,9999.000,9999.000,9999.000,9999.000,9999.000,9999.000,9999.000,9999.000
202608072312,   1.311,9999.000,9999.000,9999.000,9999.000,9999.000,9999.000,9999.000,9999.000
202608072318,   1.279,9999.000,9999.000,9999.000,9999.000,9999.000,9999.000,9999.000,9999.000
202608072324,   1.248,9999.000,9999.000,9999.000,9999.000,9999.000,9999.000,9999.000,9999.000
202608072330,   1.219,9999.000,9999.000,9999.000,9999.000,9999.000,9999.000,9999.000,9999.000
202608072336,   1.191,9999.000,9999.000,9999.000,9999.000,9999.000,9999.000,9999.000,9999.000
202608072342,   1.165,9999.000,9999.000,9999.000,9999.000,9999.000,9999.000,9999.000,9999.000
202608072348,   1.140,9999.000,9999.000,9999.000,9999.000,9999.000,9999.000,9999.000,9999.000
202608072354,   1.116,9999.000,9999.000,9999.000,9999.000,9999.000,9999.000,9999.000,9999.000
202608080000,   1.094,9999.000,   0.300,   0.357,   1.751,   0.200,   1.651,   0.300,   1.751
202608080006,   1.073,9999.000,9999.000,9999.000,9999.000,9999.000,9999.000,9999.000,9999.000
202608080012,   1.054,9999.000,9999.000,9999.000,9999.000,9999.000,9999.000,9999.000,9999.000
202608080018,   1.035,9999.000,9999.000,9999.000,9999.000,9999.000,9999.000,9999.000,9999.000
202608080024,   1.017,9999.000,9999.000,9999.000,9999.000,9999.000,9999.000,9999.000,9999.000
202608080030,   1.000,9999.000,9999.000,9999.000,9999.000,9999.000,9999.000,9999.000,9999.000
202608080036,   0.984,9999.000,9999.000,9999.000,9999.000,9999.000,9999.000,9999.000,9999.000
202608080042,   0.968,9999.000,9999.000,9999.000,9999.000,9999.000,9999.000,9999.000,9999.000
202608080048,   0.952,9999.000,9999.000,9999.000,9999.000,9999.000,9999.000,9999.000,9999.000
202608080054,   0.936,9999.000,9999.000,9999.000,9999.000,9999.000,9999.000,9999.000,9999.000
202608080100,   0.920,9999.000,   0.300,   0.357,   1.577,   0.200,   1.477,   0.300,   1.577
202608080106,   0.903,9999.000,9999.000,9999.000,9999.000,9999.000,9999.000,9999.000,9999.000
202608080112,   0.886,9999.000,9999.000,9999.000,9999.000,9999.000,9999.000,9999.000,9999.000
202608080118,   0.869,9999.000,9999.000,9999.000,9999.000,9999.000,9999.000,9999.000,9999.000
202608080124,   0.851,9999.000,9999.000,9999.000,9999.000,9999.000,9999.000,9999.000,9999.000
202608080130,   0.832,9999.000,9999.000,9999.000,9999.000,9999.000,9999.000,9999.000,9999.000
202608080136,   0.812,9999.000,9999.000,9999.000,9999.000,9999.000,9999.000,9999.000,9999.000
202608080142,   0.792,9999.000,9999.000,9999.000,9999.000,9999.000,9999.000,9999.000,9999.000
202608080148,   0.771,9999.000,9999.000,9999.000,9999.000,9999.000,9999.000,9999.000,9999.000
202608080154,   0.750,9999.000,9999.000,9999.000,9999.000,9999.000,9999.000,9999.000,9999.000
202608080200,   0.727,9999.000,   0.300,   0.357,   1.384,   0.200,   1.284,   0.300,   1.384
202608080206,   0.705,9999.000,9999.000,9999.000,9999.000,9999.000,9999.000,9999.000,9999.000
202608080212,   0.681,9999.000,9999.000,9999.000,9999.000,9999.000,9999.000,9999.000,9999.000
202608080218,   0.658,9999.000,9999.000,9999.000,9999.000,9999.000,9999.000,9999.000,9999.000
202608080224,   0.633,9999.000,9999.000,9999.000,9999.000,9999.000,9999.000,9999.000,9999.000
202608080230,   0.609,9999.000,9999.000,9999.000,9999.000,9999.000,9999.000,9999.000,9999.000
202608080236,   0.584,9999.000,9999.000,9999.000,9999.000,9999.000,9999.000,9999.000,9999.000
202608080242,   0.559,9999.000,9999.000,9999.000,9999.000,9999.000,9999.000,9999.000,9999.000
202608080248,   0.534,9999.000,9999.000,9999.000,9999.000,9999.000,9999.000,9999.000,9999.000
202608080254,   0.509,9999.000,9999.000,9999.000,9999.000,9999.000,9999.000,9999.000,9999.000
202608080300,   0.484,9999.000,   0.300,   0.357,   1.141,   0.200,   1.041,   0.300,   1.141
202608080306,   0.459,9999.000,9999.000,9999.000,9999.000,9999.000,9999.000,9999.000,9999.000
202608080312,   0.434,9999.000,9999.000,9999.000,9999.000,9999.000,9999.000,9999.000,9999.000
202608080318,   0.409,9999.000,9999.000,9999.000,9999.000,9999.000,9999.000,9999.000,9999.000
202608080324,   0.385,9999.000,9999.000,9999.000,9999.000,9999.000,9999.000,9999.000,9999.000
202608080330,   0.361,9999.000,9999.000,9999.000,9999.000,9999.000,9999.000,9999.000,9999.000
202608080336,   0.338,9999.000,9999.000,9999.000,9999.000,9999.000,9999.000,9999.000,9999.000
202608080342,   0.315,9999.000,9999.000,9999.000,9999.000,9999.000,9999.000,9999.000,9999.000
202608080348,   0.294,9999.000,9999.000,9999.000,9999.000,9999.000,9999.000,9999.000,9999.000
202608080354,   0.273,9999.000,9999.000,9999.000,9999.000,9999.000,9999.000,9999.000,9999.000
202608080400,   0.254,9999.000,   0.300,   0.357,   0.911,   0.200,   0.811,   0.400,   1.011
202608080406,   0.236,9999.000,9999.000,9999.000,9999.000,9999.000,9999.000,9999.000,9999.000
202608080412,   0.220,9999.000,9999.000,9999.000,9999.000,9999.000,9999.000,9999.000,9999.000
202608080418,   0.205,9999.000,9999.000,9999.000,9999.000,9999.000,9999.000,9999.000,9999.000
202608080424,   0.193,9999.000,9999.000,9999.000,9999.000,9999.000,9999.000,9999.000,9999.000
202608080430,   0.183,9999.000,9999.000,9999.000,9999.000,9999.000,9999.000,9999.000,9999.000
202608080436,   0.175,9999.000,9999.000,9999.000,9999.000,9999.000,9999.000,9999.000,9999.000
202608080442,   0.169,9999.000,9999.000,9999.000,9999.000,9999.000,9999.000,9999.000,9999.000
202608080448,   0.166,9999.000,9999.000,9999.000,9999.000,9999.000,9999.000,9999.000,9999.000
202608080454,   0.166,9999.000,9999.000,9999.000,9999.000,9999.000,9999.000,9999.000,9999.000
202608080500,   0.169,9999.000,   0.300,   0.357,   0.826,   0.200,   0.726,   0.400,   0.926
202608080506,   0.174,9999.000,9999.000,9999.000,9999.000,9999.000,9999.000,9999.000,9999.000
202608080512,   0.183,9999.000,9999.000,9999.000,9999.000,9999.000,9999.000,9999.000,9999.000
202608080518,   0.194,9999.000,9999.000,9999.000,9999.000,9999.000,9999.000,9999.000,9999.000
202608080524,   0.207,9999.000,9999.000,9999.000,9999.000,9999.000,9999.000,9999.000,9999.000
202608080530,   0.223,9999.000,9999.000,9999.000,9999.000,9999.000,9999.000,9999.000,9999.000
202608080536,   0.242,9999.000,9999.000,9999.000,9999.000,9999.000,9999.000,9999.000,9999.000
202608080542,   0.263,9999.000,9999.000,9999.000,9999.000,9999.000,9999.000,9999.000,9999.000
202608080548,   0.286,9999.000,9999.000,9999.000,9999.000,9999.000,9999.000,9999.000,9999.000
202608080554,   0.310,9999.000,9999.000,9999.000,9999.000,9999.000,9999.000,9999.000,9999.000
202608080600,   0.336,9999.000,   0.300,   0.357,   0.993,   0.200,   0.893,   0.400,   1.093
202608080606,   0.363,9999.000,9999.000,9999.000,9999.000,9999.000,9999.000,9999.000,9999.000
202608080612,   0.391,9999.000,9999.000,9999.000,9999.000,9999.000,9999.000,9999.000,9999.000
202608080618,   0.420,9999.000,9999.000,9999.000,9999.000,9999.000,9999.000,9999.000,9999.000
202608080624,   0.449,9999.000,9999.000,9999.000,9999.000,9999.000,9999.000,9999.000,9999.000
202608080630,   0.479,9999.000,9999.000,9999.000,9999.000,9999.000,9999.000,9999.000,9999.000
202608080636,   0.508,9999.000,9999.000,9999.000,9999.000,9999.000,9999.000,9999.000,9999.000
202608080642,   0.537,9999.000,9999.000,9999.000,9999.000,9999.000,9999.000,9999.000,9999.000
202608080648,   0.566,9999.000,9999.000,9999.000,9999.000,9999.000,9999.000,9999.000,9999.000
202608080654,   0.594,9999.000,9999.000,9999.000,9999.000,9999.000,9999.000,9999.000,9999.000
202608080700,   0.621,9999.000,   0.300,   0.357,   1.278,   0.200,   1.178,   0.400,   1.378
202608080706,   0.648,9999.000,9999.000,9999.000,9999.000,9999.000,9999.000,9999.000,9999.000
202608080712,   0.675,9999.000,9999.000,9999.000,9999.000,9999.000,9999.000,9999.000,9999.000
202608080718,   0.700,9999.000,9999.000,9999.000,9999.000,9999.000,9999.000,9999.000,9999.000
202608080724,   0.725,9999.000,9999.000,9999.000,9999.000,9999.000,9999.000,9999.000,9999.000
202608080730,   0.750,9999.000,9999.000,9999.000,9999.000,9999.000,9999.000,9999.000,9999.000
202608080736,   0.774,9999.000,9999.000,9999.000,9999.000,9999.000,9999.000,9999.000,9999.000
202608080742,   0.798,9999.000,9999.000,9999.000,9999.000,9999.000,9999.000,9999.000,9999.000
202608080748,   0.822,9999.000,9999.000,9999.000,9999.000,9999.000,9999.000,9999.000,9999.000
202608080754,   0.845,9999.000,9999.000,9999.000,9999.000,9999.000,9999.000,9999.000,9999.000
202608080800,   0.869,9999.000,   0.300,   0.357,   1.526,   0.200,   1.426,   0.400,   1.626
202608080806,   0.893,9999.000,9999.000,9999.000,9999.000,9999.000,9999.000,9999.000,9999.000
202608080812,   0.917,9999.000,9999.000,9999.000,9999.000,9999.000,9999.000,9999.000,9999.000
202608080818,   0.940,9999.000,9999.000,9999.000,9999.000,9999.000,9999.000,9999.000,9999.000
202608080824,   0.964,9999.000,9999.000,9999.000,9999.000,9999.000,9999.000,9999.000,9999.000
202608080830,   0.988,9999.000,9999.000,9999.000,9999.000,9999.000,9999.000,9999.000,9999.000
202608080836,   1.012,9999.000,9999.000,9999.000,9999.000,9999.000,9999.000,9999.000,9999.000
202608080842,   1.036,9999.000,9999.000,9999.000,9999.000,9999.000,9999.000,9999.000,9999.000
202608080848,   1.059,9999.000,9999.000,9999.000,9999.000,9999.000,9999.000,9999.000,9999.000
202608080854,   1.082,9999.000,9999.000,9999.000,9999.000,9999.000,9999.000,9999.000,9999.000
202608080900,   1.103,9999.000,   0.300,   0.357,   1.760,   0.200,   1.660,   0.400,   1.860
202608080906,   1.124,9999.000,9999.000,9999.000,9999.000,9999.000,9999.000,9999.000,9999.000
202608080912,   1.143,9999.000,9999.000,9999.000,9999.000,9999.000,9999.000,9999.000,9999.000
202608080918,   1.160,9999.000,9999.000,9999.000,9999.000,9999.000,9999.000,9999.000,9999.000
202608080924,   1.175,9999.000,9999.000,9999.000,9999.000,9999.000,9999.000,9999.000,9999.000
202608080930,   1.188,9999.000,9999.000,9999.000,9999.000,9999.000,9999.000,9999.000,9999.000
202608080936,   1.198,9999.000,9999.000,9999.000,9999.000,9999.000,9999.000,9999.000,9999.000
202608080942,   1.206,9999.000,9999.000,9999.000,9999.000,9999.000,9999.000,9999.000,9999.000
202608080948,   1.210,9999.000,9999.000,9999.000,9999.000,9999.000,9999.000,9999.000,9999.000
202608080954,   1.211,9999.000,9999.000,9999.000,9999.000,9999.000,9999.000,9999.000,9999.000
202608081000,   1.209,9999.000,   0.300,   0.357,   1.866,   0.200,   1.766,   0.400,   1.966
202608081006,   1.203,9999.000,9999.000,9999.000,9999.000,9999.000,9999.000,9999.000,9999.000
202608081012,   1.193,9999.000,9999.000,9999.000,9999.000,9999.000,9999.000,9999.000,9999.000
202608081018,   1.181,9999.000,9999.000,9999.000,9999.000,9999.000,9999.000,9999.000,9999.000
202608081024,   1.164,9999.000,9999.000,9999.000,9999.000,9999.000,9999.000,9999.000,9999.000
202608081030,   1.145,9999.000,9999.000,9999.000,9999.000,9999.000,9999.000,9999.000,9999.000
202608081036,   1.123,9999.000,9999.000,9999.000,9999.000,9999.000,9999.000,9999.000,9999.000
202608081042,   1.098,9999.000,9999.000,9999.000,9999.000,9999.000,9999.000,9999.000,9999.000
202608081048,   1.071,9999.000,9999.000,9999.000,9999.000,9999.000,9999.000,9999.000,9999.000
202608081054,   1.042,9999.000,9999.000,9999.000,9999.000,9999.000,9999.000,9999.000,9999.000
202608081100,   1.011,9999.000,   0.300,   0.357,   1.668,   0.200,   1.568,   0.400,   1.768
202608081106,   0.979,9999.000,9999.000,9999.000,9999.000,9999.000,9999.000,9999.000,9999.000
202608081112,   0.946,9999.000,9999.000,9999.000,9999.000,9999.000,9999.000,9999.000,9999.000
202608081118,   0.912,9999.000,9999.000,9999.000,9999.000,9999.000,9999.000,9999.000,9999.000
202608081124,   0.879,9999.000,9999.000,9999.000,9999.000,9999.000,9999.000,9999.000,9999.000
202608081130,   0.845,9999.000,9999.000,9999.000,9999.000,9999.000,9999.000,9999.000,9999.000
202608081136,   0.812,9999.000,9999.000,9999.000,9999.000,9999.000,9999.000,9999.000,9999.000
202608081142,   0.780,9999.000,9999.000,9999.000,9999.000,9999.000,9999.000,9999.000,9999.000
202608081148,   0.749,9999.000,9999.000,9999.000,9999.000,9999.000,9999.000,9999.000,9999.000
202608081154,   0.719,9999.000,9999.000,9999.000,9999.000,9999.000,9999.000,9999.000,9999.000
202608081200,   0.691,9999.000,   0.300,   0.357,   1.348,   0.200,   1.248,   0.400,   1.448
202608081206,   0.664,9999.000,9999.000,9999.000,9999.000,9999.000,9999.000,9999.000,9999.000
202608081212,   0.639,9999.000,9999.000,9999.000,9999.000,9999.000,9999.000,9999.000,9999.000
202608081218,   0.615,9999.000,9999.000,9999.000,9999.000,9999.000,9999.000,9999.000,9999.000
202608081224,   0.592,9999.000,9999.000,9999.000,9999.000,9999.000,9999.000,9999.000,9999.000
202608081230,   0.572,9999.000,9999.000,9999.000,9999.000,9999.000,9999.000,9999.000,9999.000
202608081236,   0.552,9999.000,9999.000,9999.000,9999.000,9999.000,9999.000,9999.000,9999.000
202608081242,   0.534,9999.000,9999.000,9999.000,9999.000,9999.000,9999.000,9999.000,9999.000
202608081248,   0.517,9999.000,9999.000,9999.000,9999.000,9999.000,9999.000,9999.000,9999.000
202608081254,   0.500,9999.000,9999.000,9999.000,9999.000,9999.000,9999.000,9999.000,9999.000
202608081300,   0.485,9999.000,   0.300,   0.357,   1.142,   0.200,   1.042,   0.400,   1.242
202608081306,   0.470,9999.000,9999.000,9999.000,9999.000,9999.000,9999.000,9999.000,9999.000
202608081312,   0.455,9999.000,9999.000,9999.000,9999.000,9999.000,9999.000,9999.000,9999.000
202608081318,   0.441,9999.000,9999.000,9999.000,9999.000,9999.000,9999.000,9999.000,9999.000
202608081324,   0.426,9999.000,9999.000,9999.000,9999.000,9999.000,9999.000,9999.000,9999.000
202608081330,   0.412,9999.000,9999.000,9999.000,9999.000,9999.000,9999.000,9999.000,9999.000
202608081336,   0.397,9999.000,9999.000,9999.000,9999.000,9999.000,9999.000,9999.000,9999.000
202608081342,   0.382,9999.000,9999.000,9999.000,9999.000,9999.000,9999.000,9999.000,9999.000
202608081348,   0.367,9999.000,9999.000,9999.000,9999.000,9999.000,9999.000,9999.000,9999.000
202608081354,   0.351,9999.000,9999.000,9999.000,9999.000,9999.000,9999.000,9999.000,9999.000
202608081400,   0.335,9999.000,   0.300,   0.357,   0.992,   0.200,   0.892,   0.400,   1.092
202608081406,   0.319,9999.000,9999.000,9999.000,9999.000,9999.000,9999.000,9999.000,9999.000
202608081412,   0.302,9999.000,9999.000,9999.000,9999.000,9999.000,9999.000,9999.000,9999.000
202608081418,   0.285,9999.000,9999.000,9999.000,9999.000,9999.000,9999.000,9999.000,9999.000
202608081424,   0.267,9999.000,9999.000,9999.000,9999.000,9999.000,9999.000,9999.000,9999.000
202608081430,   0.249,9999.000,9999.000,9999.000,9999.000,9999.000,9999.000,9999.000,9999.000
202608081436,   0.231,9999.000,9999.000,9999.000,9999.000,9999.000,9999.000,9999.000,9999.000
202608081442,   0.213,9999.000,9999.000,9999.000,9999.000,9999.000,9999.000,9999.000,9999.000
202608081448,   0.195,9999.000,9999.000,9999.000,9999.000,9999.000,9999.000,9999.000,9999.000
202608081454,   0.177,9999.000,9999.000,9999.000,9999.000,9999.000,9999.000,9999.000,9999.000
202608081500,   0.159,9999.000,   0.300,   0.357,   0.816,   0.200,   0.716,   0.400,   0.916
202608081506,   0.141,9999.000,9999.000,9999.000,9999.000,9999.000,9999.000,9999.000,9999.000
202608081512,   0.123,9999.000,9999.000,9999.000,9999.000,9999.000,9999.000,9999.000,9999.000
202608081518,   0.105,9999.000,9999.000,9999.000,9999.000,9999.000,9999.000,9999.000,9999.000
202608081524,   0.088,9999.000,9999.000,9999.000,9999.000,9999.000,9999.000,9999.000,9999.000
202608081530,   0.071,9999.000,9999.000,9999.000,9999.000,9999.000,9999.000,9999.000,9999.000
202608081536,   0.055,9999.000,9999.000,9999.000,9999.000,9999.000,9999.000,9999.000,9999.000
202608081542,   0.040,9999.000,9999.000,9999.000,9999.000,9999.000,9999.000,9999.000,9999.000
202608081548,   0.025,9999.000,9999.000,9999.000,9999.000,9999.000,9999.000,9999.000,9999.000
202608081554,   0.011,9999.000,9999.000,9999.000,9999.000,9999.000,9999.000,9999.000,9999.000
202608081600,  -0.002,9999.000,   0.300,   0.357,   0.655,   0.200,   0.555,   0.400,   0.755
202608081606,  -0.014,9999.000,9999.000,9999.000,9999.000,9999.000,9999.000,9999.000,9999.000
202608081612,  -0.025,9999.000,9999.000,9999.000,9999.000,9999.000,9999.000,9999.000,9999.000
202608081618,  -0.034,9999.000,9999.000,9999.000,9999.000,9999.000,9999.000,9999.000,9999.000
202608081624,  -0.043,9999.000,9999.000,9999.000,9999.000,9999.000,9999.000,9999.000,9999.000
202608081630,  -0.049,9999.000,9999.000,9999.000,9999.000,9999.000,9999.000,9999.000,9999.000
202608081636,  -0.053,9999.000,9999.000,9999.000,9999.000,9999.000,9999.000,9999.000,9999.000
202608081642,  -0.056,9999.000,9999.000,9999.000,9999.000,9999.000,9999.000,9999.000,9999.000
202608081648,  -0.056,9999.000,9999.000,9999.000,9999.000,9999.000,9999.000,9999.000,9999.000
202608081654,  -0.054,9999.000,9999.000,9999.000,9999.000,9999.000,9999.000,9999.000,9999.000
202608081700,  -0.049,9999.000,   0.300,   0.357,   0.608,   0.200,   0.508,   0.400,   0.708
202608081706,  -0.041,9999.000,9999.000,9999.000,9999.000,9999.000,9999.000,9999.000,9999.000
202608081712,  -0.031,9999.000,9999.000,9999.000,9999.000,9999.000,9999.000,9999.000,9999.000
202608081718,  -0.018,9999.000,9999.000,9999.000,9999.000,9999.000,9999.000,9999.000,9999.000
202608081724,  -0.001,9999.000,9999.000,9999.000,9999.000,9999.000,9999.000,9999.000,9999.000
202608081730,   0.017,9999.000,9999.000,9999.000,9999.000,9999.000,9999.000,9999.000,9999.000
202608081736,   0.039,9999.000,9999.000,9999.000,9999.000,9999.000,9999.000,9999.000,9999.000
202608081742,   0.065,9999.000,9999.000,9999.000,9999.000,9999.000,9999.000,9999.000,9999.000
202608081748,   0.093,9999.000,9999.000,9999.000,9999.000,9999.000,9999.000,9999.000,9999.000
202608081754,   0.124,9999.000,9999.000,9999.000,9999.000,9999.000,9999.000,9999.000,9999.000
202608081800,   0.157,9999.000,   0.300,   0.357,   0.814,   0.200,   0.714,   0.400,   0.914
202608081806,   0.193,9999.000,9999.000,9999.000,9999.000,9999.000,9999.000,9999.000,9999.000
202608081812,   0.231,9999.000,9999.000,9999.000,9999.000,9999.000,9999.000,9999.000,9999.000
202608081818,   0.271,9999.000,9999.000,9999.000,9999.000,9999.000,9999.000,9999.000,9999.000
202608081824,   0.313,9999.000,9999.000,9999.000,9999.000,9999.000,9999.000,9999.000,9999.000
202608081830,   0.356,9999.000,9999.000,9999.000,9999.000,9999.000,9999.000,9999.000,9999.000
202608081836,   0.400,9999.000,9999.000,9999.000,9999.000,9999.000,9999.000,9999.000,9999.000
202608081842,   0.444,9999.000,9999.000,9999.000,9999.000,9999.000,9999.000,9999.000,9999.000
202608081848,   0.489,9999.000,9999.000,9999.000,9999.000,9999.000,9999.000,9999.000,9999.000
202608081854,   0.535,9999.000,9999.000,9999.000,9999.000,9999.000,9999.000,9999.000,9999.000
202608081900,   0.580,9999.000,   0.300,   0.357,   1.237,   0.200,   1.137,   0.400,   1.337
202608081906,   0.625,9999.000,9999.000,9999.000,9999.000,9999.000,9999.000,9999.000,9999.000
202608081912,   0.670,9999.000,9999.000,9999.000,9999.000,9999.000,9999.000,9999.000,9999.000
202608081918,   0.714,9999.000,9999.000,9999.000,9999.000,9999.000,9999.000,9999.000,9999.000
202608081924,   0.758,9999.000,9999.000,9999.000,9999.000,9999.000,9999.000,9999.000,9999.000
202608081930,   0.801,9999.000,9999.000,9999.000,9999.000,9999.000,9999.000,9999.000,9999.000
202608081936,   0.843,9999.000,9999.000,9999.000,9999.000,9999.000,9999.000,9999.000,9999.000
202608081942,   0.884,9999.000,9999.000,9999.000,9999.000,9999.000,9999.000,9999.000,9999.000
202608081948,   0.925,9999.000,9999.000,9999.000,9999.000,9999.000,9999.000,9999.000,9999.000
202608081954,   0.965,9999.000,9999.000,9999.000,9999.000,9999.000,9999.000,9999.000,9999.000
202608082000,   1.004,9999.000,   0.300,   0.357,   1.661,   0.200,   1.561,   0.400,   1.761
202608082006,   1.043,9999.000,9999.000,9999.000,9999.000,9999.000,9999.000,9999.000,9999.000
202608082012,   1.081,9999.000,9999.000,9999.000,9999.000,9999.000,9999.000,9999.000,9999.000
202608082018,   1.119,9999.000,9999.000,9999.000,9999.000,9999.000,9999.000,9999.000,9999.000
202608082024,   1.157,9999.000,9999.000,9999.000,9999.000,9999.000,9999.000,9999.000,9999.000
202608082030,   1.195,9999.000,9999.000,9999.000,9999.000,9999.000,9999.000,9999.000,9999.000
202608082036,   1.232,9999.000,9999.000,9999.000,9999.000,9999.000,9999.000,9999.000,9999.000
202608082042,   1.269,9999.000,9999.000,9999.000,9999.000,9999.000,9999.000,9999.000,9999.000
202608082048,   1.306,9999.000,9999.000,9999.000,9999.000,9999.000,9999.000,9999.000,9999.000
202608082054,   1.343,9999.000,9999.000,9999.000,9999.000,9999.000,9999.000,9999.000,9999.000
202608082100,   1.379,9999.000,   0.300,   0.357,   2.036,   0.200,   1.936,   0.400,   2.136
202608082106,   1.415,9999.000,9999.000,9999.000,9999.000,9999.000,9999.000,9999.000,9999.000
202608082112,   1.450,9999.000,9999.000,9999.000,9999.000,9999.000,9999.000,9999.000,9999.000
202608082118,   1.484,9999.000,9999.000,9999.000,9999.000,9999.000,9999.000,9999.000,9999.000
202608082124,   1.517,9999.000,9999.000,9999.000,9999.000,9999.000,9999.000,9999.000,9999.000
202608082130,   1.549,9999.000,9999.000,9999.000,9999.000,9999.000,9999.000,9999.000,9999.000
202608082136,   1.578,9999.000,9999.000,9999.000,9999.000,9999.000,9999.000,9999.000,9999.000
202608082142,   1.606,9999.000,9999.000,9999.000,9999.000,9999.000,9999.000,9999.000,9999.000
202608082148,   1.631,9999.000,9999.000,9999.000,9999.000,9999.000,9999.000,9999.000,9999.000
202608082154,   1.654,9999.000,9999.000,9999.000,9999.000,9999.000,9999.000,9999.000,9999.000
202608082200,   1.673,9999.000,   0.300,   0.357,   2.330,   0.200,   2.230,   0.400,   2.430
202608082206,   1.690,9999.000,9999.000,9999.000,9999.000,9999.000,9999.000,9999.000,9999.000
202608082212,   1.703,9999.000,9999.000,9999.000,9999.000,9999.000,9999.000,9999.000,9999.000
202608082218,   1.713,9999.000,9999.000,9999.000,9999.000,9999.000,9999.000,9999.000,9999.000
202608082224,   1.718,9999.000,9999.000,9999.000,9999.000,9999.000,9999.000,9999.000,9999.000
202608082230,   1.720,9999.000,9999.000,9999.000,9999.000,9999.000,9999.000,9999.000,9999.000
202608082236,   1.719,9999.000,9999.000,9999.000,9999.000,9999.000,9999.000,9999.000,9999.000
202608082242,   1.713,9999.000,9999.000,9999.000,9999.000,9999.000,9999.000,9999.000,9999.000
202608082248,   1.704,9999.000,9999.000,9999.000,9999.000,9999.000,9999.000,9999.000,9999.000
202608082254,   1.691,9999.000,9999.000,9999.000,9999.000,9999.000,9999.000,9999.000,9999.000
202608082300,   1.675,9999.000,   0.300,   0.357,   2.332,   0.200,   2.232,   0.400,   2.432
202608082306,   1.656,9999.000,9999.000,9999.000,9999.000,9999.000,9999.000,9999.000,9999.000
202608082312,   1.635,9999.000,9999.000,9999.000,9999.000,9999.000,9999.000,9999.000,9999.000
202608082318,   1.610,9999.000,9999.000,9999.000,9999.000,9999.000,9999.000,9999.000,9999.000
202608082324,   1.584,9999.000,9999.000,9999.000,9999.000,9999.000,9999.000,9999.000,9999.000
202608082330,   1.557,9999.000,9999.000,9999.000,9999.000,9999.000,9999.000,9999.000,9999.000
202608082336,   1.528,9999.000,9999.000,9999.000,9999.000,9999.000,9999.000,9999.000,9999.000
202608082342,   1.498,9999.000,9999.000,9999.000,9999.000,9999.000,9999.000,9999.000,9999.000
202608082348,   1.468,9999.000,9999.000,9999.000,9999.000,9999.000,9999.000,9999.000,9999.000
202608082354,   1.438,9999.000,9999.000,9999.000,9999.000,9999.000,9999.000,9999.000,9999.000
202608090000,   1.408,9999.000,   0.300,   0.357,   2.065,   0.300,   2.065,   0.400,   2.165
202608090006,   1.378,9999.000,9999.000,9999.000,9999.000,9999.000,9999.000,9999.000,9999.000
202608090012,   1.349,9999.000,9999.000,9999.000,9999.000,9999.000,9999.000,9999.000,9999.000
202608090018,   1.322,9999.000,9999.000,9999.000,9999.000,9999.000,9999.000,9999.000,9999.000
202608090024,   1.295,9999.000,9999.000,9999.000,9999.000,9999.000,9999.000,9999.000,9999.000
202608090030,   1.270,9999.000,9999.000,9999.000,9999.000,9999.000,9999.000,9999.000,9999.000
202608090036,   1.246,9999.000,9999.000,9999.000,9999.000,9999.000,9999.000,9999.000,9999.000
202608090042,   1.223,9999.000,9999.000,9999.000,9999.000,9999.000,9999.000,9999.000,9999.000
202608090048,   1.202,9999.000,9999.000,9999.000,9999.000,9999.000,9999.000,9999.000,9999.000
202608090054,   1.182,9999.000,9999.000,9999.000,9999.000,9999.000,9999.000,9999.000,9999.000
202608090100,   1.163,9999.000,   0.300,   0.357,   1.820,   0.300,   1.820,   0.400,   1.920
202608090106,   1.145,9999.000,9999.000,9999.000,9999.000,9999.000,9999.000,9999.000,9999.000
202608090112,   1.128,9999.000,9999.000,9999.000,9999.000,9999.000,9999.000,9999.000,9999.000
202608090118,   1.112,9999.000,9999.000,9999.000,9999.000,9999.000,9999.000,9999.000,9999.000
202608090124,   1.096,9999.000,9999.000,9999.000,9999.000,9999.000,9999.000,9999.000,9999.000
202608090130,   1.081,9999.000,9999.000,9999.000,9999.000,9999.000,9999.000,9999.000,9999.000
202608090136,   1.066,9999.000,9999.000,9999.000,9999.000,9999.000,9999.000,9999.000,9999.000
202608090142,   1.050,9999.000,9999.000,9999.000,9999.000,9999.000,9999.000,9999.000,9999.000
202608090148,   1.035,9999.000,9999.000,9999.000,9999.000,9999.000,9999.000,9999.000,9999.000
202608090154,   1.019,9999.000,9999.000,9999.000,9999.000,9999.000,9999.000,9999.000,9999.000
202608090200,   1.002,9999.000,   0.300,   0.357,   1.659,   0.300,   1.659,   0.400,   1.759
202608090206,   0.985,9999.000,9999.000,9999.000,9999.000,9999.000,9999.000,9999.000,9999.000
202608090212,   0.968,9999.000,9999.000,9999.000,9999.000,9999.000,9999.000,9999.000,9999.000
202608090218,   0.949,9999.000,9999.000,9999.000,9999.000,9999.000,9999.000,9999.000,9999.000
202608090224,   0.930,9999.000,9999.000,9999.000,9999.000,9999.000,9999.000,9999.000,9999.000
202608090230,   0.910,9999.000,9999.000,9999.000,9999.000,9999.000,9999.000,9999.000,9999.000
202608090236,   0.889,9999.000,9999.000,9999.000,9999.000,9999.000,9999.000,9999.000,9999.000
202608090242,   0.867,9999.000,9999.000,9999.000,9999.000,9999.000,9999.000,9999.000,9999.000
202608090248,   0.844,9999.000,9999.000,9999.000,9999.000,9999.000,9999.000,9999.000,9999.000
202608090254,   0.821,9999.000,9999.000,9999.000,9999.000,9999.000,9999.000,9999.000,9999.000
202608090300,   0.797,9999.000,   0.300,   0.357,   1.454,   0.200,   1.354,   0.400,   1.554
202608090306,   0.772,9999.000,9999.000,9999.000,9999.000,9999.000,9999.000,9999.000,9999.000
202608090312,   0.747,9999.000,9999.000,9999.000,9999.000,9999.000,9999.000,9999.000,9999.000
202608090318,   0.721,9999.000,9999.000,9999.000,9999.000,9999.000,9999.000,9999.000,9999.000
202608090324,   0.694,9999.000,9999.000,9999.000,9999.000,9999.000,9999.000,9999.000,9999.000
202608090330,   0.668,9999.000,9999.000,9999.000,9999.000,9999.000,9999.000,9999.000,9999.000
202608090336,   0.640,9999.000,9999.000,9999.000,9999.000,9999.000,9999.000,9999.000,9999.000
202608090342,   0.613,9999.000,9999.000,9999.000,9999.000,9999.000,9999.000,9999.000,9999.000
202608090348,   0.585,9999.000,9999.000,9999.000,9999.000,9999.000,9999.000,9999.000,9999.000
202608090354,   0.557,9999.000,9999.000,9999.000,9999.000,9999.000,9999.000,9999.000,9999.000
202608090400,   0.529,9999.000,   0.300,   0.357,   1.186,   0.200,   1.086,   0.400,   1.286
202608090406,   0.501,9999.000,9999.000,9999.000,9999.000,9999.000,9999.000,9999.000,9999.000
202608090412,   0.473,9999.000,9999.000,9999.000,9999.000,9999.000,9999.000,9999.000,9999.000
202608090418,   0.445,9999.000,9999.000,9999.000,9999.000,9999.000,9999.000,9999.000,9999.000
202608090424,   0.418,9999.000,9999.000,9999.000,9999.000,9999.000,9999.000,9999.000,9999.000
202608090430,   0.390,9999.000,9999.000,9999.000,9999.000,9999.000,9999.000,9999.000,9999.000
202608090436,   0.364,9999.000,9999.000,9999.000,9999.000,9999.000,9999.000,9999.000,9999.000
202608090442,   0.338,9999.000,9999.000,9999.000,9999.000,9999.000,9999.000,9999.000,9999.000
202608090448,   0.314,9999.000,9999.000,9999.000,9999.000,9999.000,9999.000,9999.000,9999.000
202608090454,   0.290,9999.000,9999.000,9999.000,9999.000,9999.000,9999.000,9999.000,9999.000
202608090500,   0.268,9999.000,   0.300,   0.357,   0.925,   0.200,   0.825,   0.400,   1.025
202608090506,   0.248,9999.000,9999.000,9999.000,9999.000,9999.000,9999.000,9999.000,9999.000
202608090512,   0.229,9999.000,9999.000,9999.000,9999.000,9999.000,9999.000,9999.000,9999.000
202608090518,   0.212,9999.000,9999.000,9999.000,9999.000,9999.000,9999.000,9999.000,9999.000
202608090524,   0.198,9999.000,9999.000,9999.000,9999.000,9999.000,9999.000,9999.000,9999.000
202608090530,   0.186,9999.000,9999.000,9999.000,9999.000,9999.000,9999.000,9999.000,9999.000
202608090536,   0.176,9999.000,9999.000,9999.000,9999.000,9999.000,9999.000,9999.000,9999.000
202608090542,   0.169,9999.000,9999.000,9999.000,9999.000,9999.000,9999.000,9999.000,9999.000
202608090548,   0.165,9999.000,9999.000,9999.000,9999.000,9999.000,9999.000,9999.000,9999.000
202608090554,   0.164,9999.000,9999.000,9999.000,9999.000,9999.000,9999.000,9999.000,9999.000
202608090600,   0.165,9999.000,   0.300,   0.357,   0.822,   0.200,   0.722,   0.400,   0.922
202608090606,   0.169,9999.000,9999.000,9999.000,9999.000,9999.000,9999.000,9999.000,9999.000
202608090612,   0.177,9999.000,9999.000,9999.000,9999.000,9999.000,9999.000,9999.000,9999.000
202608090618,   0.187,9999.000,9999.000,9999.000,9999.000,9999.000,9999.000,9999.000,9999.000
202608090624,   0.199,9999.000,9999.000,9999.000,9999.000,9999.000,9999.000,9999.000,9999.000
202608090630,   0.214,9999.000,9999.000,9999.000,9999.000,9999.000,9999.000,9999.000,9999.000
202608090636,   0.231,9999.000,9999.000,9999.000,9999.000,9999.000,9999.000,9999.000,9999.000
202608090642,   0.251,9999.000,9999.000,9999.000,9999.000,9999.000,9999.000,9999.000,9999.000
202608090648,   0.272,9999.000,9999.000,9999.000,9999.000,9999.000,9999.000,9999.000,9999.000
202608090654,   0.294,9999.000,9999.000,9999.000,9999.000,9999.000,9999.000,9999.000,9999.000
202608090700,   0.319,9999.000,   0.300,   0.357,   0.976,   0.200,   0.876,   0.400,   1.076
202608090706,   0.344,9999.000,9999.000,9999.000,9999.000,9999.000,9999.000,9999.000,9999.000
202608090712,   0.370,9999.000,9999.000,9999.000,9999.000,9999.000,9999.000,9999.000,9999.000
202608090718,   0.396,9999.000,9999.000,9999.000,9999.000,9999.000,9999.000,9999.000,9999.000
202608090724,   0.423,9999.000,9999.000,9999.000,9999.000,9999.000,9999.000,9999.000,9999.000
202608090730,   0.451,9999.000,9999.000,9999.000,9999.000,9999.000,9999.000,9999.000,9999.000
202608090736,   0.478,9999.000,9999.000,9999.000,9999.000,9999.000,9999.000,9999.000,9999.000
202608090742,   0.505,9999.000,9999.000,9999.000,9999.000,9999.000,9999.000,9999.000,9999.000
202608090748,   0.532,9999.000,9999.000,9999.000,9999.000,9999.000,9999.000,9999.000,9999.000
202608090754,   0.559,9999.000,9999.000,9999.000,9999.000,9999.000,9999.000,9999.000,9999.000
202608090800,   0.585,9999.000,   0.300,   0.357,   1.242,   0.200,   1.142,   0.400,   1.342
202608090806,   0.612,9999.000,9999.000,9999.000,9999.000,9999.000,9999.000,9999.000,9999.000
202608090812,   0.638,9999.000,9999.000,9999.000,9999.000,9999.000,9999.000,9999.000,9999.000
202608090818,   0.664,9999.000,9999.000,9999.000,9999.000,9999.000,9999.000,9999.000,9999.000
202608090824,   0.689,9999.000,9999.000,9999.000,9999.000,9999.000,9999.000,9999.000,9999.000
202608090830,   0.715,9999.000,9999.000,9999.000,9999.000,9999.000,9999.000,9999.000,9999.000
202608090836,   0.741,9999.000,9999.000,9999.000,9999.000,9999.000,9999.000,9999.000,9999.000
202608090842,   0.767,9999.000,9999.000,9999.000,9999.000,9999.000,9999.000,9999.000,9999.000
202608090848,   0.794,9999.000,9999.000,9999.000,9999.000,9999.000,9999.000,9999.000,9999.000
202608090854,   0.821,9999.000,9999.000,9999.000,9999.000,9999.000,9999.000,9999.000,9999.000
202608090900,   0.848,9999.000,   0.300,   0.357,   1.505,   0.200,   1.405,   0.400,   1.605
202608090906,   0.875,9999.000,9999.000,9999.000,9999.000,9999.000,9999.000,9999.000,9999.000
202608090912,   0.903,9999.000,9999.000,9999.000,9999.000,9999.000,9999.000,9999.000,9999.000
202608090918,   0.931,9999.000,9999.000,9999.000,9999.000,9999.000,9999.000,9999.000,9999.000
202608090924,   0.959,9999.000,9999.000,9999.000,9999.000,9999.000,9999.000,9999.000,9999.000
202608090930,   0.988,9999.000,9999.000,9999.000,9999.000,9999.000,9999.000,9999.000,9999.000
202608090936,   1.016,9999.000,9999.000,9999.000,9999.000,9999.000,9999.000,9999.000,9999.000
202608090942,   1.043,9999.000,9999.000,9999.000,9999.000,9999.000,9999.000,9999.000,9999.000
202608090948,   1.070,9999.000,9999.000,9999.000,9999.000,9999.000,9999.000,9999.000,9999.000
202608090954,   1.096,9999.000,9999.000,9999.000,9999.000,9999.000,9999.000,9999.000,9999.000
202608091000,   1.121,9999.000,   0.300,   0.357,   1.778,   0.200,   1.678,   0.400,   1.878
202608091006,   1.144,9999.000,9999.000,9999.000,9999.000,9999.000,9999.000,9999.000,9999.000
202608091012,   1.165,9999.000,9999.000,9999.000,9999.000,9999.000,9999.000,9999.000,9999.000
202608091018,   1.184,9999.000,9999.000,9999.000,9999.000,9999.000,9999.000,9999.000,9999.000
202608091024,   1.200,9999.000,9999.000,9999.000,9999.000,9999.000,9999.000,9999.000,9999.000
202608091030,   1.213,9999.000,9999.000,9999.000,9999.000,9999.000,9999.000,9999.000,9999.000
202608091036,   1.224,9999.000,9999.000,9999.000,9999.000,9999.000,9999.000,9999.000,9999.000
202608091042,   1.231,9999.000,9999.000,9999.000,9999.000,9999.000,9999.000,9999.000,9999.000
202608091048,   1.234,9999.000,9999.000,9999.000,9999.000,9999.000,9999.000,9999.000,9999.000
202608091054,   1.234,9999.000,9999.000,9999.000,9999.000,9999.000,9999.000,9999.000,9999.000
202608091100,   1.231,9999.000,   0.300,   0.357,   1.888,   0.200,   1.788,   0.400,   1.988
202608091106,   1.223,9999.000,9999.000,9999.000,9999.000,9999.000,9999.000,9999.000,9999.000
202608091112,   1.213,9999.000,9999.000,9999.000,9999.000,9999.000,9999.000,9999.000,9999.000
202608091118,   1.199,9999.000,9999.000,9999.000,9999.000,9999.000,9999.000,9999.000,9999.000
202608091124,   1.181,9999.000,9999.000,9999.000,9999.000,9999.000,9999.000,9999.000,9999.000
202608091130,   1.161,9999.000,9999.000,9999.000,9999.000,9999.000,9999.000,9999.000,9999.000
202608091136,   1.138,9999.000,9999.000,9999.000,9999.000,9999.000,9999.000,9999.000,9999.000
202608091142,   1.113,9999.000,9999.000,9999.000,9999.000,9999.000,9999.000,9999.000,9999.000
202608091148,   1.086,9999.000,9999.000,9999.000,9999.000,9999.000,9999.000,9999.000,9999.000
202608091154,   1.057,9999.000,9999.000,9999.000,9999.000,9999.000,9999.000,9999.000,9999.000
202608091200,   1.027,9999.000,   0.300,   0.357,   1.684,   0.200,   1.584,   0.400,   1.784
