        TIME,    TIDE,      OB,   SURGE,    BIAS,     TWL,SURGE90p,  TWL90p,SURGE10p,   TWL10p
202605261800,   3.204,   3.899,   0.500,   0.195,   3.899,   0.500,   3.899,   0.600,   3.999
202605261806,   3.269,9999.000,9999.000,9999.000,9999.000,9999.000,9999.000,9999.000,9999.000
202605261812,   3.332,   4.047,9999.000,9999.000,9999.000,9999.000,9999.000,9999.000,9999.000
202605261818,   3.392,9999.000,9999.000,9999.000,9999.000,9999.000,9999.000,9999.000,9999.000
202605261824,   3.449,   4.129,9999.000,9999.000,9999.000,9999.000,9999.000,9999.000,9999.000
202605261830,   3.504,9999.000,9999.000,9999.000,9999.000,9999.000,9999.000,9999.000,9999.000
202605261836,   3.555,   4.280,9999.000,9999.000,9999.000,9999.000,9999.000,9999.000,9999.000
202605261842,   3.604,9999.000,9999.000,9999.000,9999.000,9999.000,9999.000,9999.000,9999.000
202605261848,   3.650,   4.359,9999.000,9999.000,9999.000,9999.000,9999.000,9999.000,9999.000
202605261854,   3.693,9999.000,9999.000,9999.000,9999.000,9999.000,9999.000,9999.000,9999.000
202605261900,   3.733,   4.490,   0.600,   0.157,   4.490,   0.500,   4.390,   0.600,   4.490
202605261906,   3.770,   4.519,9999.000,9999.000,9999.000,9999.000,9999.000,9999.000,9999.000
202605261912,   3.804,   4.578,9999.000,9999.000,9999.000,9999.000,9999.000,9999.000,9999.000
202605261918,   3.836,   4.628,9999.000,9999.000,9999.000,9999.000,9999.000,9999.000,9999.000
202605261924,   3.866,   4.667,9999.000,9999.000,9999.000,9999.000,9999.000,9999.000,9999.000
202605261930,   3.893,   4.690,9999.000,9999.000,9999.000,9999.000,9999.000,9999.000,9999.000
202605261936,   3.919,   4.729,9999.000,9999.000,9999.000,9999.000,9999.000,9999.000,9999.000
202605261942,   3.942,   4.769,9999.000,9999.000,9999.000,9999.000,9999.000,9999.000,9999.000
202605261948,   3.963,   4.778,9999.000,9999.000,9999.000,9999.000,9999.000,9999.000,9999.000
202605261954,   3.983,   4.769,9999.000,9999.000,9999.000,9999.000,9999.000,9999.000,9999.000
202605262000,   4.001,   4.769,   0.600,   0.168,   4.769,   0.500,   4.669,   0.600,   4.769
202605262006,   4.018,   4.798,9999.000,9999.000,9999.000,9999.000,9999.000,9999.000,9999.000
202605262012,   4.033,   4.808,9999.000,9999.000,9999.000,9999.000,9999.000,9999.000,9999.000
202605262018,   4.047,   4.778,9999.000,9999.000,9999.000,9999.000,9999.000,9999.000,9999.000
202605262024,   4.060,   4.759,9999.000,9999.000,9999.000,9999.000,9999.000,9999.000,9999.000
202605262030,   4.072,   4.769,9999.000,9999.000,9999.000,9999.000,9999.000,9999.000,9999.000
202605262036,   4.083,   4.749,9999.000,9999.000,9999.000,9999.000,9999.000,9999.000,9999.000
202605262042,   4.093,   4.710,9999.000,9999.000,9999.000,9999.000,9999.000,9999.000,9999.000
202605262048,   4.102,   4.719,9999.000,9999.000,9999.000,9999.000,9999.000,9999.000,9999.000
202605262054,   4.110,   4.719,9999.000,9999.000,9999.000,9999.000,9999.000,9999.000,9999.000
202605262100,   4.117,   4.677,   0.500,   0.060,   4.677,   0.500,   4.677,   0.500,   4.677
202605262106,   4.122,   4.618,9999.000,9999.000,9999.000,9999.000,9999.000,9999.000,9999.000
202605262112,   4.126,   4.608,9999.000,9999.000,9999.000,9999.000,9999.000,9999.000,9999.000
202605262118,   4.129,   4.637,9999.000,9999.000,9999.000,9999.000,9999.000,9999.000,9999.000
202605262124,   4.131,   4.637,9999.000,9999.000,9999.000,9999.000,9999.000,9999.000,9999.000
202605262130,   4.131,   4.598,9999.000,9999.000,9999.000,9999.000,9999.000,9999.000,9999.000
202605262136,   4.129,   4.569,9999.000,9999.000,9999.000,9999.000,9999.000,9999.000,9999.000
202605262142,   4.126,   4.569,9999.000,9999.000,9999.000,9999.000,9999.000,9999.000,9999.000
202605262148,   4.120,   4.559,9999.000,9999.000,9999.000,9999.000,9999.000,9999.000,9999.000
202605262154,   4.113,   4.500,9999.000,9999.000,9999.000,9999.000,9999.000,9999.000,9999.000
202605262200,   4.105,   4.447,   0.500,  -0.158,   4.447,   0.400,   4.347,   0.500,   4.447
202605262206,   4.094,   4.467,9999.000,9999.000,9999.000,9999.000,9999.000,9999.000,9999.000
202605262212,   4.081,   4.500,9999.000,9999.000,9999.000,9999.000,9999.000,9999.000,9999.000
202605262218,   4.066,   4.427,9999.000,9999.000,9999.000,9999.000,9999.000,9999.000,9999.000
202605262224,   4.050,   4.418,9999.000,9999.000,9999.000,9999.000,9999.000,9999.000,9999.000
202605262230,   4.031,   4.490,9999.000,9999.000,9999.000,9999.000,9999.000,9999.000,9999.000
202605262236,   4.011,   4.539,9999.000,9999.000,9999.000,9999.000,9999.000,9999.000,9999.000
202605262242,   3.989,   4.447,9999.000,9999.000,9999.000,9999.000,9999.000,9999.000,9999.000
202605262248,   3.966,   4.359,9999.000,9999.000,9999.000,9999.000,9999.000,9999.000,9999.000
202605262254,   3.942,   4.368,9999.000,9999.000,9999.000,9999.000,9999.000,9999.000,9999.000
202605262300,   3.916,   4.418,   0.500,   0.002,   4.418,   0.400,   4.318,   0.500,   4.418
202605262306,   3.890,   4.359,9999.000,9999.000,9999.000,9999.000,9999.000,9999.000,9999.000
202605262312,   3.863,   4.280,9999.000,9999.000,9999.000,9999.000,9999.000,9999.000,9999.000
202605262318,   3.836,   4.290,9999.000,9999.000,9999.000,9999.000,9999.000,9999.000,9999.000
202605262324,   3.808,   4.319,9999.000,9999.000,9999.000,9999.000,9999.000,9999.000,9999.000
202605262330,   3.782,   4.267,9999.000,9999.000,9999.000,9999.000,9999.000,9999.000,9999.000
202605262336,   3.755,   4.267,9999.000,9999.000,9999.000,9999.000,9999.000,9999.000,9999.000
202605262342,   3.730,   4.267,9999.000,9999.000,9999.000,9999.000,9999.000,9999.000,9999.000
202605262348,   3.706,   4.247,9999.000,9999.000,9999.000,9999.000,9999.000,9999.000,9999.000
202605262354,   3.684,   4.188,9999.000,9999.000,9999.000,9999.000,9999.000,9999.000,9999.000
202605270000,   3.663,   4.159,   0.500,  -0.004,   4.159,   0.500,   4.159,   0.500,   4.159
202605270006,   3.645,   4.149,9999.000,9999.000,9999.000,9999.000,9999.000,9999.000,9999.000
202605270012,   3.629,   4.129,9999.000,9999.000,9999.000,9999.000,9999.000,9999.000,9999.000
202605270018,   3.616,   4.090,9999.000,9999.000,9999.000,9999.000,9999.000,9999.000,9999.000
202605270024,   3.605,   4.080,9999.000,9999.000,9999.000,9999.000,9999.000,9999.000,9999.000
202605270030,   3.598,   4.080,9999.000,9999.000,9999.000,9999.000,9999.000,9999.000,9999.000
202605270036,   3.594,   4.070,9999.000,9999.000,9999.000,9999.000,9999.000,9999.000,9999.000
202605270042,   3.594,   4.057,9999.000,9999.000,9999.000,9999.000,9999.000,9999.000,9999.000
202605270048,   3.597,   4.047,9999.000,9999.000,9999.000,9999.000,9999.000,9999.000,9999.000
202605270054,   3.603,   4.057,9999.000,9999.000,9999.000,9999.000,9999.000,9999.000,9999.000
202605270100,   3.614,   4.057,   0.500,  -0.057,   4.057,   0.500,   4.057,   0.500,   4.057
202605270106,   3.628,   4.017,9999.000,9999.000,9999.000,9999.000,9999.000,9999.000,9999.000
202605270112,   3.646,   4.008,9999.000,9999.000,9999.000,9999.000,9999.000,9999.000,9999.000
202605270118,   3.667,   4.037,9999.000,9999.000,9999.000,9999.000,9999.000,9999.000,9999.000
202605270124,   3.692,   4.027,9999.000,9999.000,9999.000,9999.000,9999.000,9999.000,9999.000
202605270130,   3.721,   4.057,9999.000,9999.000,9999.000,9999.000,9999.000,9999.000,9999.000
202605270136,   3.752,   4.080,9999.000,9999.000,9999.000,9999.000,9999.000,9999.000,9999.000
202605270142,   3.788,   4.080,9999.000,9999.000,9999.000,9999.000,9999.000,9999.000,9999.000
202605270148,   3.826,   4.090,9999.000,9999.000,9999.000,9999.000,9999.000,9999.000,9999.000
202605270154,   3.867,   4.168,9999.000,9999.000,9999.000,9999.000,9999.000,9999.000,9999.000
202605270200,   3.911,   4.178,   0.500,  -0.233,   4.178,   0.400,   4.078,   0.500,   4.178
202605270206,   3.958,   4.237,9999.000,9999.000,9999.000,9999.000,9999.000,9999.000,9999.000
202605270212,   4.007,   4.319,9999.000,9999.000,9999.000,9999.000,9999.000,9999.000,9999.000
202605270218,   4.059,   4.329,9999.000,9999.000,9999.000,9999.000,9999.000,9999.000,9999.000
202605270224,   4.112,   4.388,9999.000,9999.000,9999.000,9999.000,9999.000,9999.000,9999.000
202605270230,   4.168,   4.500,9999.000,9999.000,9999.000,9999.000,9999.000,9999.000,9999.000
202605270236,   4.226,   4.559,9999.000,9999.000,9999.000,9999.000,9999.000,9999.000,9999.000
202605270242,   4.285,   4.549,9999.000,9999.000,9999.000,9999.000,9999.000,9999.000,9999.000
202605270248,   4.346,   4.598,9999.000,9999.000,9999.000,9999.000,9999.000,9999.000,9999.000
202605270254,   4.408,   4.710,9999.000,9999.000,9999.000,9999.000,9999.000,9999.000,9999.000
202605270300,   4.472,   4.837,   0.400,  -0.035,   4.837,   0.400,   4.837,   0.500,   4.937
202605270306,   4.538,   4.919,9999.000,9999.000,9999.000,9999.000,9999.000,9999.000,9999.000
202605270312,   4.604,   4.959,9999.000,9999.000,9999.000,9999.000,9999.000,9999.000,9999.000
202605270318,   4.672,   5.008,9999.000,9999.000,9999.000,9999.000,9999.000,9999.000,9999.000
202605270324,   4.741,   5.087,9999.000,9999.000,9999.000,9999.000,9999.000,9999.000,9999.000
202605270330,   4.810,   5.198,9999.000,9999.000,9999.000,9999.000,9999.000,9999.000,9999.000
202605270336,   4.881,   5.257,9999.000,9999.000,9999.000,9999.000,9999.000,9999.000,9999.000
202605270342,   4.953,   5.287,9999.000,9999.000,9999.000,9999.000,9999.000,9999.000,9999.000
202605270348,   5.026,   5.379,9999.000,9999.000,9999.000,9999.000,9999.000,9999.000,9999.000
202605270354,   5.100,   5.487,9999.000,9999.000,9999.000,9999.000,9999.000,9999.000,9999.000
202605270400,   5.175,   5.579,   0.500,  -0.096,   5.579,   0.500,   5.579,   0.500,   5.579
202605270406,   5.250,   5.638,9999.000,9999.000,9999.000,9999.000,9999.000,9999.000,9999.000
202605270412,   5.326,   5.739,9999.000,9999.000,9999.000,9999.000,9999.000,9999.000,9999.000
202605270418,   5.403,   5.828,9999.000,9999.000,9999.000,9999.000,9999.000,9999.000,9999.000
202605270424,   5.480,   5.867,9999.000,9999.000,9999.000,9999.000,9999.000,9999.000,9999.000
202605270430,   5.557,   5.917,9999.000,9999.000,9999.000,9999.000,9999.000,9999.000,9999.000
202605270436,   5.635,   5.979,9999.000,9999.000,9999.000,9999.000,9999.000,9999.000,9999.000
202605270442,   5.713,   6.067,9999.000,9999.000,9999.000,9999.000,9999.000,9999.000,9999.000
202605270448,   5.790,   6.127,9999.000,9999.000,9999.000,9999.000,9999.000,9999.000,9999.000
202605270454,   5.867,   6.169,9999.000,9999.000,9999.000,9999.000,9999.000,9999.000,9999.000
202605270500,   5.943,   6.268,   0.500,  -0.175,   6.268,   0.500,   6.268,   0.500,   6.268
202605270506,   6.019,   6.399,9999.000,9999.000,9999.000,9999.000,9999.000,9999.000,9999.000
202605270512,   6.093,   6.428,9999.000,9999.000,9999.000,9999.000,9999.000,9999.000,9999.000
202605270518,   6.165,   6.458,9999.000,9999.000,9999.000,9999.000,9999.000,9999.000,9999.000
202605270524,   6.236,   6.517,9999.000,9999.000,9999.000,9999.000,9999.000,9999.000,9999.000
202605270530,   6.305,   6.556,9999.000,9999.000,9999.000,9999.000,9999.000,9999.000,9999.000
202605270536,   6.372,   6.569,9999.000,9999.000,9999.000,9999.000,9999.000,9999.000,9999.000
202605270542,   6.435,   6.619,9999.000,9999.000,9999.000,9999.000,9999.000,9999.000,9999.000
202605270548,   6.496,   6.697,9999.000,9999.000,9999.000,9999.000,9999.000,9999.000,9999.000
202605270554,   6.553,   6.746,9999.000,9999.000,9999.000,9999.000,9999.000,9999.000,9999.000
202605270600,   6.607,   6.779,   0.500,  -0.328,   6.779,   0.500,   6.779,   0.600,   6.879
202605270606,   6.657,   6.828,9999.000,9999.000,9999.000,9999.000,9999.000,9999.000,9999.000
202605270612,   6.703,   6.878,9999.000,9999.000,9999.000,9999.000,9999.000,9999.000,9999.000
202605270618,   6.744,   6.887,9999.000,9999.000,9999.000,9999.000,9999.000,9999.000,9999.000
202605270624,   6.780,   6.897,9999.000,9999.000,9999.000,9999.000,9999.000,9999.000,9999.000
202605270630,   6.812,   6.947,9999.000,9999.000,9999.000,9999.000,9999.000,9999.000,9999.000
202605270636,   6.838,   6.989,9999.000,9999.000,9999.000,9999.000,9999.000,9999.000,9999.000
202605270642,   6.860,   6.989,9999.000,9999.000,9999.000,9999.000,9999.000,9999.000,9999.000
202605270648,   6.876,   7.029,9999.000,9999.000,9999.000,9999.000,9999.000,9999.000,9999.000
202605270654,   6.887,   7.068,9999.000,9999.000,9999.000,9999.000,9999.000,9999.000,9999.000
202605270700,   6.892,   7.107,   0.500,  -0.285,   7.107,   0.500,   7.107,   0.500,   7.107
202605270706,   6.892,   7.127,9999.000,9999.000,9999.000,9999.000,9999.000,9999.000,9999.000
202605270712,   6.887,   7.117,9999.000,9999.000,9999.000,9999.000,9999.000,9999.000,9999.000
202605270718,   6.876,   7.107,9999.000,9999.000,9999.000,9999.000,9999.000,9999.000,9999.000
202605270724,   6.860,   7.137,9999.000,9999.000,9999.000,9999.000,9999.000,9999.000,9999.000
202605270730,   6.838,   7.127,9999.000,9999.000,9999.000,9999.000,9999.000,9999.000,9999.000
202605270736,   6.812,   7.068,9999.000,9999.000,9999.000,9999.000,9999.000,9999.000,9999.000
202605270742,   6.781,   7.029,9999.000,9999.000,9999.000,9999.000,9999.000,9999.000,9999.000
202605270748,   6.745,   7.009,9999.000,9999.000,9999.000,9999.000,9999.000,9999.000,9999.000
202605270754,   6.704,   6.979,9999.000,9999.000,9999.000,9999.000,9999.000,9999.000,9999.000
202605270800,   6.659,   6.937,   0.500,  -0.222,   6.937,   0.500,   6.937,   0.600,   7.037
202605270806,   6.610,   6.897,9999.000,9999.000,9999.000,9999.000,9999.000,9999.000,9999.000
202605270812,   6.557,   6.838,9999.000,9999.000,9999.000,9999.000,9999.000,9999.000,9999.000
202605270818,   6.499,   6.766,9999.000,9999.000,9999.000,9999.000,9999.000,9999.000,9999.000
202605270824,   6.438,   6.687,9999.000,9999.000,9999.000,9999.000,9999.000,9999.000,9999.000
202605270830,   6.374,   6.628,9999.000,9999.000,9999.000,9999.000,9999.000,9999.000,9999.000
202605270836,   6.306,   6.579,9999.000,9999.000,9999.000,9999.000,9999.000,9999.000,9999.000
202605270842,   6.235,   6.477,9999.000,9999.000,9999.000,9999.000,9999.000,9999.000,9999.000
202605270848,   6.161,   6.327,9999.000,9999.000,9999.000,9999.000,9999.000,9999.000,9999.000
202605270854,   6.083,   6.258,9999.000,9999.000,9999.000,9999.000,9999.000,9999.000,9999.000
202605270900,   6.003,   6.209,   0.600,  -0.394,   6.209,   0.500,   6.109,   0.600,   6.209
202605270906,   5.920,   6.087,9999.000,9999.000,9999.000,9999.000,9999.000,9999.000,9999.000
202605270912,   5.834,   5.979,9999.000,9999.000,9999.000,9999.000,9999.000,9999.000,9999.000
202605270918,   5.745,   5.907,9999.000,9999.000,9999.000,9999.000,9999.000,9999.000,9999.000
202605270924,   5.654,   5.838,9999.000,9999.000,9999.000,9999.000,9999.000,9999.000,9999.000
202605270930,   5.560,   5.749,9999.000,9999.000,9999.000,9999.000,9999.000,9999.000,9999.000
202605270936,   5.463,   5.657,9999.000,9999.000,9999.000,9999.000,9999.000,9999.000,9999.000
202605270942,   5.363,   5.549,9999.000,9999.000,9999.000,9999.000,9999.000,9999.000,9999.000
202605270948,   5.260,   5.457,9999.000,9999.000,9999.000,9999.000,9999.000,9999.000,9999.000
202605270954,   5.155,   5.349,9999.000,9999.000,9999.000,9999.000,9999.000,9999.000,9999.000
202605271000,   5.047,   5.238,   0.500,  -0.309,   5.238,   0.500,   5.238,   0.600,   5.338
202605271006,   4.936,   5.139,9999.000,9999.000,9999.000,9999.000,9999.000,9999.000,9999.000
202605271012,   4.822,   5.018,9999.000,9999.000,9999.000,9999.000,9999.000,9999.000,9999.000
202605271018,   4.705,   4.900,9999.000,9999.000,9999.000,9999.000,9999.000,9999.000,9999.000
202605271024,   4.586,   4.847,9999.000,9999.000,9999.000,9999.000,9999.000,9999.000,9999.000
202605271030,   4.463,   4.778,9999.000,9999.000,9999.000,9999.000,9999.000,9999.000,9999.000
202605271036,   4.339,   4.608,9999.000,9999.000,9999.000,9999.000,9999.000,9999.000,9999.000
202605271042,   4.211,   4.480,9999.000,9999.000,9999.000,9999.000,9999.000,9999.000,9999.000
202605271048,   4.082,   4.368,9999.000,9999.000,9999.000,9999.000,9999.000,9999.000,9999.000
202605271054,   3.950,   4.218,9999.000,9999.000,9999.000,9999.000,9999.000,9999.000,9999.000
202605271100,   3.816,   4.070,   0.500,  -0.246,   4.070,   0.500,   4.070,   0.600,   4.170
202605271106,   3.680,   3.929,9999.000,9999.000,9999.000,9999.000,9999.000,9999.000,9999.000
202605271112,   3.543,   3.827,9999.000,9999.000,9999.000,9999.000,9999.000,9999.000,9999.000
202605271118,   3.404,   3.689,9999.000,9999.000,9999.000,9999.000,9999.000,9999.000,9999.000
202605271124,   3.264,   3.529,9999.000,9999.000,9999.000,9999.000,9999.000,9999.000,9999.000
202605271130,   3.124,   3.427,9999.000,9999.000,9999.000,9999.000,9999.000,9999.000,9999.000
202605271136,   2.983,   3.339,9999.000,9999.000,9999.000,9999.000,9999.000,9999.000,9999.000
202605271142,   2.843,   3.178,9999.000,9999.000,9999.000,9999.000,9999.000,9999.000,9999.000
202605271148,   2.703,   3.017,9999.000,9999.000,9999.000,9999.000,9999.000,9999.000,9999.000
202605271154,   2.564,   2.889,9999.000,9999.000,9999.000,9999.000,9999.000,9999.000,9999.000
202605271200,   2.426,   2.758,   0.500,  -0.168,   2.758,   0.400,   2.658,   0.500,   2.758
202605271206,   2.290,   2.630,9999.000,9999.000,9999.000,9999.000,9999.000,9999.000,9999.000
202605271212,   2.156,   2.528,9999.000,9999.000,9999.000,9999.000,9999.000,9999.000,9999.000
202605271218,   2.024,   2.440,9999.000,9999.000,9999.000,9999.000,9999.000,9999.000,9999.000
202605271224,   1.895,   2.348,9999.000,9999.000,9999.000,9999.000,9999.000,9999.000,9999.000
202605271230,   1.770,   2.269,9999.000,9999.000,9999.000,9999.000,9999.000,9999.000,9999.000
202605271236,   1.648,   2.191,9999.000,9999.000,9999.000,9999.000,9999.000,9999.000,9999.000
202605271242,   1.531,   2.040,9999.000,9999.000,9999.000,9999.000,9999.000,9999.000,9999.000
202605271248,   1.418,   1.918,9999.000,9999.000,9999.000,9999.000,9999.000,9999.000,9999.000
202605271254,   1.309,   1.810,9999.000,9999.000,9999.000,9999.000,9999.000,9999.000,9999.000
202605271300,   1.205,   1.738,   0.500,   0.033,   1.738,   0.400,   1.638,   0.500,   1.738
202605271306,   1.107,   1.610,9999.000,9999.000,9999.000,9999.000,9999.000,9999.000,9999.000
202605271312,   1.014,   1.439,9999.000,9999.000,9999.000,9999.000,9999.000,9999.000,9999.000
202605271318,   0.927,   1.298,9999.000,9999.000,9999.000,9999.000,9999.000,9999.000,9999.000
202605271324,   0.845,   1.259,9999.000,9999.000,9999.000,9999.000,9999.000,9999.000,9999.000
202605271330,   0.769,   1.229,9999.000,9999.000,9999.000,9999.000,9999.000,9999.000,9999.000
202605271336,   0.699,   1.098,9999.000,9999.000,9999.000,9999.000,9999.000,9999.000,9999.000
202605271342,   0.635,   0.980,9999.000,9999.000,9999.000,9999.000,9999.000,9999.000,9999.000
202605271348,   0.577,   0.928,9999.000,9999.000,9999.000,9999.000,9999.000,9999.000,9999.000
202605271354,   0.525,   0.869,9999.000,9999.000,9999.000,9999.000,9999.000,9999.000,9999.000
202605271400,   0.479,   0.839,   0.500,  -0.140,   0.839,   0.500,   0.839,   0.500,   0.839
202605271406,   0.439,   0.810,9999.000,9999.000,9999.000,9999.000,9999.000,9999.000,9999.000
202605271412,   0.404,   0.741,9999.000,9999.000,9999.000,9999.000,9999.000,9999.000,9999.000
202605271418,   0.376,   0.688,9999.000,9999.000,9999.000,9999.000,9999.000,9999.000,9999.000
202605271424,   0.353,   0.718,9999.000,9999.000,9999.000,9999.000,9999.000,9999.000,9999.000
202605271430,   0.335,   0.708,9999.000,9999.000,9999.000,9999.000,9999.000,9999.000,9999.000
202605271436,   0.323,   0.669,9999.000,9999.000,9999.000,9999.000,9999.000,9999.000,9999.000
202605271442,   0.316,   0.678,9999.000,9999.000,9999.000,9999.000,9999.000,9999.000,9999.000
202605271448,   0.314,   0.731,9999.000,9999.000,9999.000,9999.000,9999.000,9999.000,9999.000
202605271454,   0.317,   0.741,9999.000,9999.000,9999.000,9999.000,9999.000,9999.000,9999.000
202605271500,   0.325,   0.751,   0.500,  -0.074,   0.751,   0.500,   0.751,   0.600,   0.851
202605271506,   0.338,   0.780,9999.000,9999.000,9999.000,9999.000,9999.000,9999.000,9999.000
202605271512,   0.356,   0.819,9999.000,9999.000,9999.000,9999.000,9999.000,9999.000,9999.000
202605271518,   0.378,   0.829,9999.000,9999.000,9999.000,9999.000,9999.000,9999.000,9999.000
202605271524,   0.404,   0.879,9999.000,9999.000,9999.000,9999.000,9999.000,9999.000,9999.000
202605271530,   0.435,   0.970,9999.000,9999.000,9999.000,9999.000,9999.000,9999.000,9999.000
202605271536,   0.471,   1.029,9999.000,9999.000,9999.000,9999.000,9999.000,9999.000,9999.000
202605271542,   0.510,   1.049,9999.000,9999.000,9999.000,9999.000,9999.000,9999.000,9999.000
202605271548,   0.554,   1.088,9999.000,9999.000,9999.000,9999.000,9999.000,9999.000,9999.000
202605271554,   0.602,   1.151,9999.000,9999.000,9999.000,9999.000,9999.000,9999.000,9999.000
202605271600,   0.654,   1.200,   0.500,   0.046,   1.200,   0.500,   1.200,   0.500,   1.200
202605271606,   0.710,   1.269,9999.000,9999.000,9999.000,9999.000,9999.000,9999.000,9999.000
202605271612,   0.770,   1.348,9999.000,9999.000,9999.000,9999.000,9999.000,9999.000,9999.000
202605271618,   0.833,   1.390,9999.000,9999.000,9999.000,9999.000,9999.000,9999.000,9999.000
202605271624,   0.901,   1.459,9999.000,9999.000,9999.000,9999.000,9999.000,9999.000,9999.000
202605271630,   0.972,   1.548,9999.000,9999.000,9999.000,9999.000,9999.000,9999.000,9999.000
202605271636,   1.046,   1.649,9999.000,9999.000,9999.000,9999.000,9999.000,9999.000,9999.000
202605271642,   1.124,   1.738,9999.000,9999.000,9999.000,9999.000,9999.000,9999.000,9999.000
202605271648,   1.205,   1.830,9999.000,9999.000,9999.000,9999.000,9999.000,9999.000,9999.000
202605271654,   1.289,   1.889,9999.000,9999.000,9999.000,9999.000,9999.000,9999.000,9999.000
202605271700,   1.376,   1.981,   0.400,   0.205,   1.981,   0.400,   1.981,   0.500,   2.081
202605271706,   1.466,   2.079,9999.000,9999.000,9999.000,9999.000,9999.000,9999.000,9999.000
202605271712,   1.559,   2.158,9999.000,9999.000,9999.000,9999.000,9999.000,9999.000,9999.000
202605271718,   1.653,   2.279,9999.000,9999.000,9999.000,9999.000,9999.000,9999.000,9999.000
202605271724,   1.750,   2.420,9999.000,9999.000,9999.000,9999.000,9999.000,9999.000,9999.000
202605271730,   1.848,   2.519,9999.000,9999.000,9999.000,9999.000,9999.000,9999.000,9999.000
202605271736,   1.948,   2.630,9999.000,9999.000,9999.000,9999.000,9999.000,9999.000,9999.000
202605271742,   2.048,   2.738,9999.000,9999.000,9999.000,9999.000,9999.000,9999.000,9999.000
202605271748,   2.150,   2.860,9999.000,9999.000,9999.000,9999.000,9999.000,9999.000,9999.000
202605271754,   2.252,   2.948,9999.000,9999.000,9999.000,9999.000,9999.000,9999.000,9999.000
202605271800,   2.354,   3.040,   0.300,   0.386,   3.040,   0.300,   3.040,   0.300,   3.040
202605271806,   2.456,   3.158,9999.000,9999.000,9999.000,9999.000,9999.000,9999.000,9999.000
202605271812,   2.557,   3.250,9999.000,9999.000,9999.000,9999.000,9999.000,9999.000,9999.000
202605271818,   2.658,   3.339,9999.000,9999.000,9999.000,9999.000,9999.000,9999.000,9999.000
202605271824,   2.758,   3.440,9999.000,9999.000,9999.000,9999.000,9999.000,9999.000,9999.000
202605271830,   2.856,   3.529,9999.000,9999.000,9999.000,9999.000,9999.000,9999.000,9999.000
202605271836,   2.952,   3.607,9999.000,9999.000,9999.000,9999.000,9999.000,9999.000,9999.000
202605271842,   3.046,   3.709,9999.000,9999.000,9999.000,9999.000,9999.000,9999.000,9999.000
202605271848,   3.138,   3.788,9999.000,9999.000,9999.000,9999.000,9999.000,9999.000,9999.000
202605271854,   3.228,   3.860,9999.000,9999.000,9999.000,9999.000,9999.000,9999.000,9999.000
202605271900,   3.315,   3.958,   0.400,   0.243,   3.958,   0.300,   3.858,   0.400,   3.958
202605271906,   3.399,   4.080,9999.000,9999.000,9999.000,9999.000,9999.000,9999.000,9999.000
202605271912,   3.480,   4.139,9999.000,9999.000,9999.000,9999.000,9999.000,9999.000,9999.000
202605271918,   3.558,   4.218,9999.000,9999.000,9999.000,9999.000,9999.000,9999.000,9999.000
202605271924,   3.633,   4.309,9999.000,9999.000,9999.000,9999.000,9999.000,9999.000,9999.000
202605271930,   3.705,   4.388,9999.000,9999.000,9999.000,9999.000,9999.000,9999.000,9999.000
202605271936,   3.774,   4.457,9999.000,9999.000,9999.000,9999.000,9999.000,9999.000,9999.000
202605271942,   3.840,   4.559,9999.000,9999.000,9999.000,9999.000,9999.000,9999.000,9999.000
202605271948,   3.903,   4.628,9999.000,9999.000,9999.000,9999.000,9999.000,9999.000,9999.000
202605271954,   3.962,   4.710,9999.000,9999.000,9999.000,9999.000,9999.000,9999.000,9999.000
202605272000,   4.019,   4.778,   0.400,   0.359,   4.778,   0.400,   4.778,   0.400,   4.778
202605272006,   4.073,   4.857,9999.000,9999.000,9999.000,9999.000,9999.000,9999.000,9999.000
202605272012,   4.125,   4.969,9999.000,9999.000,9999.000,9999.000,9999.000,9999.000,9999.000
202605272018,   4.174,   5.008,9999.000,9999.000,9999.000,9999.000,9999.000,9999.000,9999.000
202605272024,   4.220,   4.969,9999.000,9999.000,9999.000,9999.000,9999.000,9999.000,9999.000
202605272030,   4.264,   5.028,9999.000,9999.000,9999.000,9999.000,9999.000,9999.000,9999.000
202605272036,   4.306,   5.139,9999.000,9999.000,9999.000,9999.000,9999.000,9999.000,9999.000
202605272042,   4.347,   5.139,9999.000,9999.000,9999.000,9999.000,9999.000,9999.000,9999.000
202605272048,   4.385,   5.110,9999.000,9999.000,9999.000,9999.000,9999.000,9999.000,9999.000
202605272054,   4.422,   5.120,9999.000,9999.000,9999.000,9999.000,9999.000,9999.000,9999.000
202605272100,   4.457,   5.169,   0.400,   0.312,   5.169,   0.300,   5.069,   0.400,   5.169
202605272106,   4.491,   5.198,9999.000,9999.000,9999.000,9999.000,9999.000,9999.000,9999.000
202605272112,   4.523,   5.179,9999.000,9999.000,9999.000,9999.000,9999.000,9999.000,9999.000
202605272118,   4.554,   5.179,9999.000,9999.000,9999.000,9999.000,9999.000,9999.000,9999.000
202605272124,   4.583,   5.198,9999.000,9999.000,9999.000,9999.000,9999.000,9999.000,9999.000
202605272130,   4.611,   5.169,9999.000,9999.000,9999.000,9999.000,9999.000,9999.000,9999.000
202605272136,   4.638,   5.169,9999.000,9999.000,9999.000,9999.000,9999.000,9999.000,9999.000
202605272142,   4.664,   5.179,9999.000,9999.000,9999.000,9999.000,9999.000,9999.000,9999.000
202605272148,   4.688,   5.198,9999.000,9999.000,9999.000,9999.000,9999.000,9999.000,9999.000
202605272154,   4.710,   5.188,9999.000,9999.000,9999.000,9999.000,9999.000,9999.000,9999.000
202605272200,   4.731,   5.179,   0.400,   0.048,   5.179,   0.300,   5.079,   0.400,   5.179
202605272206,   4.751,   5.198,9999.000,9999.000,9999.000,9999.000,9999.000,9999.000,9999.000
202605272212,   4.769,   5.218,9999.000,9999.000,9999.000,9999.000,9999.000,9999.000,9999.000
202605272218,   4.785,   5.218,9999.000,9999.000,9999.000,9999.000,9999.000,9999.000,9999.000
202605272224,   4.799,   5.198,9999.000,9999.000,9999.000,9999.000,9999.000,9999.000,9999.000
202605272230,   4.811,   5.188,9999.000,9999.000,9999.000,9999.000,9999.000,9999.000,9999.000
202605272236,   4.821,   5.169,9999.000,9999.000,9999.000,9999.000,9999.000,9999.000,9999.000
202605272242,   4.829,   5.179,9999.000,9999.000,9999.000,9999.000,9999.000,9999.000,9999.000
202605272248,   4.835,   5.169,9999.000,9999.000,9999.000,9999.000,9999.000,9999.000,9999.000
202605272254,   4.839,   5.159,9999.000,9999.000,9999.000,9999.000,9999.000,9999.000,9999.000
202605272300,   4.840,   5.159,   0.400,  -0.081,   5.159,   0.300,   5.059,   0.400,   5.159
202605272306,   4.839,   5.188,9999.000,9999.000,9999.000,9999.000,9999.000,9999.000,9999.000
202605272312,   4.835,   5.188,9999.000,9999.000,9999.000,9999.000,9999.000,9999.000,9999.000
202605272318,   4.830,   5.139,9999.000,9999.000,9999.000,9999.000,9999.000,9999.000,9999.000
202605272324,   4.822,   5.129,9999.000,9999.000,9999.000,9999.000,9999.000,9999.000,9999.000
202605272330,   4.812,   5.139,9999.000,9999.000,9999.000,9999.000,9999.000,9999.000,9999.000
202605272336,   4.801,   5.110,9999.000,9999.000,9999.000,9999.000,9999.000,9999.000,9999.000
202605272342,   4.787,   5.067,9999.000,9999.000,9999.000,9999.000,9999.000,9999.000,9999.000
202605272348,   4.772,   5.077,9999.000,9999.000,9999.000,9999.000,9999.000,9999.000,9999.000
202605272354,   4.756,   5.067,9999.000,9999.000,9999.000,9999.000,9999.000,9999.000,9999.000
202605280000,   4.738,   5.038,   0.500,  -0.200,   5.038,   0.500,   5.038,   0.500,   5.038
202605280006,   4.720,   5.038,9999.000,9999.000,9999.000,9999.000,9999.000,9999.000,9999.000
202605280012,   4.700,   5.047,9999.000,9999.000,9999.000,9999.000,9999.000,9999.000,9999.000
202605280018,   4.681,   5.018,9999.000,9999.000,9999.000,9999.000,9999.000,9999.000,9999.000
202605280024,   4.661,   4.988,9999.000,9999.000,9999.000,9999.000,9999.000,9999.000,9999.000
202605280030,   4.642,   4.969,9999.000,9999.000,9999.000,9999.000,9999.000,9999.000,9999.000
202605280036,   4.623,   4.979,9999.000,9999.000,9999.000,9999.000,9999.000,9999.000,9999.000
202605280042,   4.605,   4.959,9999.000,9999.000,9999.000,9999.000,9999.000,9999.000,9999.000
202605280048,   4.588,   4.929,9999.000,9999.000,9999.000,9999.000,9999.000,9999.000,9999.000
202605280054,   4.572,   4.919,9999.000,9999.000,9999.000,9999.000,9999.000,9999.000,9999.000
202605280100,   4.558,   4.949,   0.500,  -0.109,   4.949,   0.400,   4.849,   0.500,   4.949
202605280106,   4.546,   4.919,9999.000,9999.000,9999.000,9999.000,9999.000,9999.000,9999.000
202605280112,   4.537,   4.877,9999.000,9999.000,9999.000,9999.000,9999.000,9999.000,9999.000
202605280118,   4.529,   4.910,9999.000,9999.000,9999.000,9999.000,9999.000,9999.000,9999.000
202605280124,   4.524,   4.939,9999.000,9999.000,9999.000,9999.000,9999.000,9999.000,9999.000
202605280130,   4.522,   4.919,9999.000,9999.000,9999.000,9999.000,9999.000,9999.000,9999.000
202605280136,   4.523,   4.900,9999.000,9999.000,9999.000,9999.000,9999.000,9999.000,9999.000
202605280142,   4.527,   4.919,9999.000,9999.000,9999.000,9999.000,9999.000,9999.000,9999.000
202605280148,   4.533,   4.919,9999.000,9999.000,9999.000,9999.000,9999.000,9999.000,9999.000
202605280154,   4.543,   4.919,9999.000,9999.000,9999.000,9999.000,9999.000,9999.000,9999.000
202605280200,   4.556,   4.900,   0.500,  -0.156,   4.900,   0.500,   4.900,   0.500,   4.900
202605280206,   4.573,   4.919,9999.000,9999.000,9999.000,9999.000,9999.000,9999.000,9999.000
202605280212,   4.592,   4.949,9999.000,9999.000,9999.000,9999.000,9999.000,9999.000,9999.000
202605280218,   4.614,   4.939,9999.000,9999.000,9999.000,9999.000,9999.000,9999.000,9999.000
202605280224,   4.640,   4.949,9999.000,9999.000,9999.000,9999.000,9999.000,9999.000,9999.000
202605280230,   4.668,   4.979,9999.000,9999.000,9999.000,9999.000,9999.000,9999.000,9999.000
202605280236,   4.699,   4.959,9999.000,9999.000,9999.000,9999.000,9999.000,9999.000,9999.000
202605280242,   4.732,   4.959,9999.000,9999.000,9999.000,9999.000,9999.000,9999.000,9999.000
202605280248,   4.768,   5.008,9999.000,9999.000,9999.000,9999.000,9999.000,9999.000,9999.000
202605280254,   4.807,   5.047,9999.000,9999.000,9999.000,9999.000,9999.000,9999.000,9999.000
202605280300,   4.847,   5.077,   0.500,  -0.270,   5.077,   0.500,   5.077,   0.600,   5.177
202605280306,   4.890,   5.149,9999.000,9999.000,9999.000,9999.000,9999.000,9999.000,9999.000
202605280312,   4.935,   5.208,9999.000,9999.000,9999.000,9999.000,9999.000,9999.000,9999.000
202605280318,   4.981,   5.277,9999.000,9999.000,9999.000,9999.000,9999.000,9999.000,9999.000
202605280324,   5.029,   5.339,9999.000,9999.000,9999.000,9999.000,9999.000,9999.000,9999.000
202605280330,   5.079,   5.379,9999.000,9999.000,9999.000,9999.000,9999.000,9999.000,9999.000
202605280336,   5.130,   5.457,9999.000,9999.000,9999.000,9999.000,9999.000,9999.000,9999.000
202605280342,   5.182,   5.549,9999.000,9999.000,9999.000,9999.000,9999.000,9999.000,9999.000
202605280348,   5.236,   5.598,9999.000,9999.000,9999.000,9999.000,9999.000,9999.000,9999.000
202605280354,   5.290,   5.657,9999.000,9999.000,9999.000,9999.000,9999.000,9999.000,9999.000
202605280400,   5.346,   5.759,   0.500,  -0.087,   5.759,   0.500,   5.759,   0.600,   5.859
202605280406,   5.403,   5.858,9999.000,9999.000,9999.000,9999.000,9999.000,9999.000,9999.000
202605280412,   5.460,   5.917,9999.000,9999.000,9999.000,9999.000,9999.000,9999.000,9999.000
202605280418,   5.518,   5.979,9999.000,9999.000,9999.000,9999.000,9999.000,9999.000,9999.000
202605280424,   5.577,   6.048,9999.000,9999.000,9999.000,9999.000,9999.000,9999.000,9999.000
202605280430,   5.636,   6.136,9999.000,9999.000,9999.000,9999.000,9999.000,9999.000,9999.000
202605280436,   5.696,   6.218,9999.000,9999.000,9999.000,9999.000,9999.000,9999.000,9999.000
202605280442,   5.757,   6.277,9999.000,9999.000,9999.000,9999.000,9999.000,9999.000,9999.000
202605280448,   5.818,   6.346,9999.000,9999.000,9999.000,9999.000,9999.000,9999.000,9999.000
202605280454,   5.879,   6.409,9999.000,9999.000,9999.000,9999.000,9999.000,9999.000,9999.000
202605280500,   5.940,   6.458,   0.500,   0.018,   6.458,   0.500,   6.458,   0.500,   6.458
202605280506,   6.002,   6.517,9999.000,9999.000,9999.000,9999.000,9999.000,9999.000,9999.000
202605280512,   6.064,   6.589,9999.000,9999.000,9999.000,9999.000,9999.000,9999.000,9999.000
202605280518,   6.125,   6.658,9999.000,9999.000,9999.000,9999.000,9999.000,9999.000,9999.000
202605280524,   6.187,   6.697,9999.000,9999.000,9999.000,9999.000,9999.000,9999.000,9999.000
202605280530,   6.248,   6.737,9999.000,9999.000,9999.000,9999.000,9999.000,9999.000,9999.000
202605280536,   6.308,   6.766,9999.000,9999.000,9999.000,9999.000,9999.000,9999.000,9999.000
202605280542,   6.367,   6.809,9999.000,9999.000,9999.000,9999.000,9999.000,9999.000,9999.000
202605280548,   6.426,   6.878,9999.000,9999.000,9999.000,9999.000,9999.000,9999.000,9999.000
202605280554,   6.483,   6.917,9999.000,9999.000,9999.000,9999.000,9999.000,9999.000,9999.000
202605280600,   6.538,   6.937,   0.600,  -0.201,   6.937,   0.600,   6.937,   0.600,   6.937
202605280606,   6.592,   6.966,9999.000,9999.000,9999.000,9999.000,9999.000,9999.000,9999.000
202605280612,   6.644,   7.029,9999.000,9999.000,9999.000,9999.000,9999.000,9999.000,9999.000
202605280618,   6.693,   7.088,9999.000,9999.000,9999.000,9999.000,9999.000,9999.000,9999.000
202605280624,   6.740,   7.117,9999.000,9999.000,9999.000,9999.000,9999.000,9999.000,9999.000
202605280630,   6.784,   7.127,9999.000,9999.000,9999.000,9999.000,9999.000,9999.000,9999.000
202605280636,   6.824,   7.166,9999.000,9999.000,9999.000,9999.000,9999.000,9999.000,9999.000
202605280642,   6.861,   7.238,9999.000,9999.000,9999.000,9999.000,9999.000,9999.000,9999.000
202605280648,   6.894,   7.238,9999.000,9999.000,9999.000,9999.000,9999.000,9999.000,9999.000
202605280654,   6.923,   7.248,9999.000,9999.000,9999.000,9999.000,9999.000,9999.000,9999.000
202605280700,   6.947,   7.317,   0.600,  -0.230,   7.317,   0.600,   7.317,   0.600,   7.317
202605280706,   6.968,   7.357,9999.000,9999.000,9999.000,9999.000,9999.000,9999.000,9999.000
202605280712,   6.983,   7.278,9999.000,9999.000,9999.000,9999.000,9999.000,9999.000,9999.000
202605280718,   6.993,   7.248,9999.000,9999.000,9999.000,9999.000,9999.000,9999.000,9999.000
202605280724,   6.998,   7.288,9999.000,9999.000,9999.000,9999.000,9999.000,9999.000,9999.000
202605280730,   6.998,   7.297,9999.000,9999.000,9999.000,9999.000,9999.000,9999.000,9999.000
202605280736,   6.993,   7.278,9999.000,9999.000,9999.000,9999.000,9999.000,9999.000,9999.000
202605280742,   6.982,   7.268,9999.000,9999.000,9999.000,9999.000,9999.000,9999.000,9999.000
202605280748,   6.965,   7.248,9999.000,9999.000,9999.000,9999.000,9999.000,9999.000,9999.000
202605280754,   6.943,   7.238,9999.000,9999.000,9999.000,9999.000,9999.000,9999.000,9999.000
202605280800,   6.916,   7.219,   0.700,  -0.397,   7.219,   0.600,   7.119,   0.700,   7.219
202605280806,   6.883,   7.199,9999.000,9999.000,9999.000,9999.000,9999.000,9999.000,9999.000
202605280812,   6.844,   7.156,9999.000,9999.000,9999.000,9999.000,9999.000,9999.000,9999.000
202605280818,   6.801,   7.117,9999.000,9999.000,9999.000,9999.000,9999.000,9999.000,9999.000
202605280824,   6.752,   7.038,9999.000,9999.000,9999.000,9999.000,9999.000,9999.000,9999.000
202605280830,   6.698,   6.989,9999.000,9999.000,9999.000,9999.000,9999.000,9999.000,9999.000
202605280836,   6.639,   6.956,9999.000,9999.000,9999.000,9999.000,9999.000,9999.000,9999.000
202605280842,   6.576,   6.917,9999.000,9999.000,9999.000,9999.000,9999.000,9999.000,9999.000
202605280848,   6.508,   6.868,9999.000,9999.000,9999.000,9999.000,9999.000,9999.000,9999.000
202605280854,   6.435,   6.828,9999.000,9999.000,9999.000,9999.000,9999.000,9999.000,9999.000
202605280900,   6.359,   6.766,   0.700,  -0.293,   6.766,   0.600,   6.666,   0.700,   6.766
202605280906,   6.278,   6.678,9999.000,9999.000,9999.000,9999.000,9999.000,9999.000,9999.000
202605280912,   6.194,   6.648,9999.000,9999.000,9999.000,9999.000,9999.000,9999.000,9999.000
202605280918,   6.107,   6.599,9999.000,9999.000,9999.000,9999.000,9999.000,9999.000,9999.000
202605280924,   6.015,   6.468,9999.000,9999.000,9999.000,9999.000,9999.000,9999.000,9999.000
202605280930,   5.921,   6.336,9999.000,9999.000,9999.000,9999.000,9999.000,9999.000,9999.000
202605280936,   5.823,   6.277,9999.000,9999.000,9999.000,9999.000,9999.000,9999.000,9999.000
202605280942,   5.723,   6.218,9999.000,9999.000,9999.000,9999.000,9999.000,9999.000,9999.000
202605280948,   5.619,   6.097,9999.000,9999.000,9999.000,9999.000,9999.000,9999.000,9999.000
202605280954,   5.513,   5.949,9999.000,9999.000,9999.000,9999.000,9999.000,9999.000,9999.000
202605281000,   5.405,   5.858,   0.600,  -0.147,   5.858,   0.600,   5.858,   0.600,   5.858
202605281006,   5.293,   5.759,9999.000,9999.000,9999.000,9999.000,9999.000,9999.000,9999.000
202605281012,   5.179,   5.618,9999.000,9999.000,9999.000,9999.000,9999.000,9999.000,9999.000
202605281018,   5.063,   5.467,9999.000,9999.000,9999.000,9999.000,9999.000,9999.000,9999.000
202605281024,   4.944,   5.359,9999.000,9999.000,9999.000,9999.000,9999.000,9999.000,9999.000
202605281030,   4.823,   5.208,9999.000,9999.000,9999.000,9999.000,9999.000,9999.000,9999.000
202605281036,   4.699,   5.087,9999.000,9999.000,9999.000,9999.000,9999.000,9999.000,9999.000
202605281042,   4.573,   4.979,9999.000,9999.000,9999.000,9999.000,9999.000,9999.000,9999.000
202605281048,   4.444,   4.837,9999.000,9999.000,9999.000,9999.000,9999.000,9999.000,9999.000
202605281054,   4.313,   4.710,9999.000,9999.000,9999.000,9999.000,9999.000,9999.000,9999.000
202605281100,   4.180,   4.578,   0.600,  -0.202,   4.578,   0.500,   4.478,   0.600,   4.578
202605281106,   4.045,   4.427,9999.000,9999.000,9999.000,9999.000,9999.000,9999.000,9999.000
202605281112,   3.907,   4.280,9999.000,9999.000,9999.000,9999.000,9999.000,9999.000,9999.000
202605281118,   3.767,   4.178,9999.000,9999.000,9999.000,9999.000,9999.000,9999.000,9999.000
202605281124,   3.626,   4.090,9999.000,9999.000,9999.000,9999.000,9999.000,9999.000,9999.000
202605281130,   3.482,   3.929,9999.000,9999.000,9999.000,9999.000,9999.000,9999.000,9999.000
202605281136,   3.336,   3.758,9999.000,9999.000,9999.000,9999.000,9999.000,9999.000,9999.000
202605281142,   3.189,   3.627,9999.000,9999.000,9999.000,9999.000,9999.000,9999.000,9999.000
202605281148,   3.041,   3.548,9999.000,9999.000,9999.000,9999.000,9999.000,9999.000,9999.000
202605281154,   2.891,   3.417,9999.000,9999.000,9999.000,9999.000,9999.000,9999.000,9999.000
202605281200,   2.741,   3.240,   0.500,  -0.001,   3.240,   0.500,   3.240,   0.500,   3.240
202605281206,   2.589,   3.099,9999.000,9999.000,9999.000,9999.000,9999.000,9999.000,9999.000
202605281212,   2.438,   2.997,9999.000,9999.000,9999.000,9999.000,9999.000,9999.000,9999.000
202605281218,   2.286,   2.869,9999.000,9999.000,9999.000,9999.000,9999.000,9999.000,9999.000
202605281224,   2.135,   2.669,9999.000,9999.000,9999.000,9999.000,9999.000,9999.000,9999.000
202605281230,   1.984,   2.509,9999.000,9999.000,9999.000,9999.000,9999.000,9999.000,9999.000
202605281236,   1.835,   2.420,9999.000,9999.000,9999.000,9999.000,9999.000,9999.000,9999.000
202605281242,   1.687,   2.279,9999.000,9999.000,9999.000,9999.000,9999.000,9999.000,9999.000
202605281248,   1.541,   2.079,9999.000,9999.000,9999.000,9999.000,9999.000,9999.000,9999.000
202605281254,   1.398,   1.908,9999.000,9999.000,9999.000,9999.000,9999.000,9999.000,9999.000
202605281300,   1.257,   1.800,   0.500,   0.043,   1.800,   0.500,   1.800,   0.600,   1.900
202605281306,   1.120,   1.679,9999.000,9999.000,9999.000,9999.000,9999.000,9999.000,9999.000
202605281312,   0.987,   1.528,9999.000,9999.000,9999.000,9999.000,9999.000,9999.000,9999.000
202605281318,   0.857,   1.380,9999.000,9999.000,9999.000,9999.000,9999.000,9999.000,9999.000
202605281324,   0.732,   1.239,9999.000,9999.000,9999.000,9999.000,9999.000,9999.000,9999.000
202605281330,   0.612,   1.118,9999.000,9999.000,9999.000,9999.000,9999.000,9999.000,9999.000
202605281336,   0.497,   1.020,9999.000,9999.000,9999.000,9999.000,9999.000,9999.000,9999.000
202605281342,   0.388,   0.908,9999.000,9999.000,9999.000,9999.000,9999.000,9999.000,9999.000
202605281348,   0.284,   0.819,9999.000,9999.000,9999.000,9999.000,9999.000,9999.000,9999.000
202605281354,   0.187,   0.718,9999.000,9999.000,9999.000,9999.000,9999.000,9999.000,9999.000
202605281400,   0.096,   0.600,   0.600,  -0.096,   0.600,   0.600,   0.600,   0.600,   0.600
202605281406,   0.011,   0.488,9999.000,9999.000,9999.000,9999.000,9999.000,9999.000,9999.000
202605281412,  -0.065,   0.419,9999.000,9999.000,9999.000,9999.000,9999.000,9999.000,9999.000
202605281418,  -0.136,   0.360,9999.000,9999.000,9999.000,9999.000,9999.000,9999.000,9999.000
202605281424,  -0.200,   0.308,9999.000,9999.000,9999.000,9999.000,9999.000,9999.000,9999.000
202605281430,  -0.257,   0.268,9999.000,9999.000,9999.000,9999.000,9999.000,9999.000,9999.000
202605281436,  -0.306,   0.209,9999.000,9999.000,9999.000,9999.000,9999.000,9999.000,9999.000
202605281442,  -0.349,   0.141,9999.000,9999.000,9999.000,9999.000,9999.000,9999.000,9999.000
202605281448,  -0.384,   0.131,9999.000,9999.000,9999.000,9999.000,9999.000,9999.000,9999.000
202605281454,  -0.413,   0.141,9999.000,9999.000,9999.000,9999.000,9999.000,9999.000,9999.000
202605281500,  -0.434,   0.098,   0.600,  -0.068,   0.098,   0.600,   0.098,   0.600,   0.098
202605281506,  -0.449,   0.059,9999.000,9999.000,9999.000,9999.000,9999.000,9999.000,9999.000
202605281512,  -0.457,   0.078,9999.000,9999.000,9999.000,9999.000,9999.000,9999.000,9999.000
202605281518,  -0.459,   0.098,9999.000,9999.000,9999.000,9999.000,9999.000,9999.000,9999.000
202605281524,  -0.454,   0.088,9999.000,9999.000,9999.000,9999.000,9999.000,9999.000,9999.000
202605281530,  -0.443,   0.078,9999.000,9999.000,9999.000,9999.000,9999.000,9999.000,9999.000
202605281536,  -0.425,   0.111,9999.000,9999.000,9999.000,9999.000,9999.000,9999.000,9999.000
202605281542,  -0.402,   0.150,9999.000,9999.000,9999.000,9999.000,9999.000,9999.000,9999.000
202605281548,  -0.373,   0.190,9999.000,9999.000,9999.000,9999.000,9999.000,9999.000,9999.000
202605281554,  -0.339,   0.219,9999.000,9999.000,9999.000,9999.000,9999.000,9999.000,9999.000
202605281600,  -0.299,   0.249,   0.600,  -0.052,   0.249,   0.600,   0.249,   0.600,   0.249
202605281606,  -0.254,   0.370,9999.000,9999.000,9999.000,9999.000,9999.000,9999.000,9999.000
202605281612,  -0.204,   0.439,9999.000,9999.000,9999.000,9999.000,9999.000,9999.000,9999.000
202605281618,  -0.149,   0.449,9999.000,9999.000,9999.000,9999.000,9999.000,9999.000,9999.000
202605281624,  -0.089,   0.551,9999.000,9999.000,9999.000,9999.000,9999.000,9999.000,9999.000
202605281630,  -0.024,   0.688,9999.000,9999.000,9999.000,9999.000,9999.000,9999.000,9999.000
202605281636,   0.044,   0.760,9999.000,9999.000,9999.000,9999.000,9999.000,9999.000,9999.000
202605281642,   0.117,   0.810,9999.000,9999.000,9999.000,9999.000,9999.000,9999.000,9999.000
202605281648,   0.195,   0.918,9999.000,9999.000,9999.000,9999.000,9999.000,9999.000,9999.000
202605281654,   0.277,   1.039,9999.000,9999.000,9999.000,9999.000,9999.000,9999.000,9999.000
202605281700,   0.362,   1.118,   0.600,   0.156,   1.118,   0.500,   1.018,   0.600,   1.118
202605281706,   0.452,   1.190,9999.000,9999.000,9999.000,9999.000,9999.000,9999.000,9999.000
202605281712,   0.545,   1.269,9999.000,9999.000,9999.000,9999.000,9999.000,9999.000,9999.000
202605281718,   0.642,   1.420,9999.000,9999.000,9999.000,9999.000,9999.000,9999.000,9999.000
202605281724,   0.742,   1.548,9999.000,9999.000,9999.000,9999.000,9999.000,9999.000,9999.000
202605281730,   0.845,   1.610,9999.000,9999.000,9999.000,9999.000,9999.000,9999.000,9999.000
202605281736,   0.951,   1.708,9999.000,9999.000,9999.000,9999.000,9999.000,9999.000,9999.000
202605281742,   1.060,   1.859,9999.000,9999.000,9999.000,9999.000,9999.000,9999.000,9999.000
202605281748,   1.172,   1.981,9999.000,9999.000,9999.000,9999.000,9999.000,9999.000,9999.000
202605281754,   1.286,   2.040,9999.000,9999.000,9999.000,9999.000,9999.000,9999.000,9999.000
202605281800,   1.402,   2.158,   0.500,   0.256,   2.158,   0.400,   2.058,   0.500,   2.158
202605281806,   1.520,   2.279,9999.000,9999.000,9999.000,9999.000,9999.000,9999.000,9999.000
202605281812,   1.640,   2.387,9999.000,9999.000,9999.000,9999.000,9999.000,9999.000,9999.000
202605281818,   1.761,   2.489,9999.000,9999.000,9999.000,9999.000,9999.000,9999.000,9999.000
202605281824,   1.883,   2.630,9999.000,9999.000,9999.000,9999.000,9999.000,9999.000,9999.000
202605281830,   2.006,   2.738,9999.000,9999.000,9999.000,9999.000,9999.000,9999.000,9999.000
202605281836,   2.129,   2.869,9999.000,9999.000,9999.000,9999.000,9999.000,9999.000,9999.000
202605281842,   2.253,   2.988,9999.000,9999.000,9999.000,9999.000,9999.000,9999.000,9999.000
202605281848,   2.376,   3.129,9999.000,9999.000,9999.000,9999.000,9999.000,9999.000,9999.000
202605281854,   2.499,   3.240,9999.000,9999.000,9999.000,9999.000,9999.000,9999.000,9999.000
202605281900,   2.620,   3.348,   0.500,   0.228,   3.348,   0.500,   3.348,   0.500,   3.348
202605281906,   2.741,   3.499,9999.000,9999.000,9999.000,9999.000,9999.000,9999.000,9999.000
202605281912,   2.860,   3.637,9999.000,9999.000,9999.000,9999.000,9999.000,9999.000,9999.000
202605281918,   2.977,   3.758,9999.000,9999.000,9999.000,9999.000,9999.000,9999.000,9999.000
202605281924,   3.093,   3.890,9999.000,9999.000,9999.000,9999.000,9999.000,9999.000,9999.000
202605281930,   3.205,   4.070,9999.000,9999.000,9999.000,9999.000,9999.000,9999.000,9999.000
202605281936,   3.316,   4.218,9999.000,9999.000,9999.000,9999.000,9999.000,9999.000,9999.000
202605281942,   3.423,   4.309,9999.000,9999.000,9999.000,9999.000,9999.000,9999.000,9999.000
202605281948,   3.528,   4.378,9999.000,9999.000,9999.000,9999.000,9999.000,9999.000,9999.000
202605281954,   3.629,   4.447,9999.000,9999.000,9999.000,9999.000,9999.000,9999.000,9999.000
202605282000,   3.727,   4.628,   0.600,   0.301,   4.628,   0.500,   4.528,   0.600,   4.628
202605282006,   3.822,   4.788,9999.000,9999.000,9999.000,9999.000,9999.000,9999.000,9999.000
202605282012,   3.913,   4.828,9999.000,9999.000,9999.000,9999.000,9999.000,9999.000,9999.000
202605282018,   4.001,   4.857,9999.000,9999.000,9999.000,9999.000,9999.000,9999.000,9999.000
202605282024,   4.085,   4.969,9999.000,9999.000,9999.000,9999.000,9999.000,9999.000,9999.000
202605282030,   4.166,   5.067,9999.000,9999.000,9999.000,9999.000,9999.000,9999.000,9999.000
202605282036,   4.243,   5.129,9999.000,9999.000,9999.000,9999.000,9999.000,9999.000,9999.000
202605282042,   4.317,   5.208,9999.000,9999.000,9999.000,9999.000,9999.000,9999.000,9999.000
202605282048,   4.387,   5.287,9999.000,9999.000,9999.000,9999.000,9999.000,9999.000,9999.000
202605282054,   4.454,   5.379,9999.000,9999.000,9999.000,9999.000,9999.000,9999.000,9999.000
202605282100,   4.519,   5.457,   0.600,   0.338,   5.457,   0.500,   5.357,   0.600,   5.457
202605282106,   4.580,   5.467,9999.000,9999.000,9999.000,9999.000,9999.000,9999.000,9999.000
202605282112,   4.638,   5.539,9999.000,9999.000,9999.000,9999.000,9999.000,9999.000,9999.000
202605282118,   4.694,   5.618,9999.000,9999.000,9999.000,9999.000,9999.000,9999.000,9999.000
202605282124,   4.747,   5.608,9999.000,9999.000,9999.000,9999.000,9999.000,9999.000,9999.000
202605282130,   4.799,   5.569,9999.000,9999.000,9999.000,9999.000,9999.000,9999.000,9999.000
202605282136,   4.847,   5.648,9999.000,9999.000,9999.000,9999.000,9999.000,9999.000,9999.000
202605282142,   4.894,   5.707,9999.000,9999.000,9999.000,9999.000,9999.000,9999.000,9999.000
202605282148,   4.939,   5.687,9999.000,9999.000,9999.000,9999.000,9999.000,9999.000,9999.000
202605282154,   4.982,   5.697,9999.000,9999.000,9999.000,9999.000,9999.000,9999.000,9999.000
202605282200,   5.024,   5.759,   0.500,   0.235,   5.759,   0.400,   5.659,   0.500,   5.759
202605282206,   5.063,   5.779,9999.000,9999.000,9999.000,9999.000,9999.000,9999.000,9999.000
202605282212,   5.102,   5.799,9999.000,9999.000,9999.000,9999.000,9999.000,9999.000,9999.000
202605282218,   5.138,   5.828,9999.000,9999.000,9999.000,9999.000,9999.000,9999.000,9999.000
202605282224,   5.173,   5.848,9999.000,9999.000,9999.000,9999.000,9999.000,9999.000,9999.000
202605282230,   5.207,   5.838,9999.000,9999.000,9999.000,9999.000,9999.000,9999.000,9999.000
202605282236,   5.239,   5.838,9999.000,9999.000,9999.000,9999.000,9999.000,9999.000,9999.000
202605282242,   5.270,   5.848,9999.000,9999.000,9999.000,9999.000,9999.000,9999.000,9999.000
202605282248,   5.299,   5.867,9999.000,9999.000,9999.000,9999.000,9999.000,9999.000,9999.000
202605282254,   5.326,   5.858,9999.000,9999.000,9999.000,9999.000,9999.000,9999.000,9999.000
202605282300,   5.352,   5.867,   0.500,   0.015,   5.867,   0.500,   5.867,   0.500,   5.867
202605282306,   5.375,   5.877,9999.000,9999.000,9999.000,9999.000,9999.000,9999.000,9999.000
202605282312,   5.397,   5.887,9999.000,9999.000,9999.000,9999.000,9999.000,9999.000,9999.000
202605282318,   5.417,   5.887,9999.000,9999.000,9999.000,9999.000,9999.000,9999.000,9999.000
202605282324,   5.435,   5.887,9999.000,9999.000,9999.000,9999.000,9999.000,9999.000,9999.000
202605282330,   5.450,   5.887,9999.000,9999.000,9999.000,9999.000,9999.000,9999.000,9999.000
202605282336,   5.463,   5.858,9999.000,9999.000,9999.000,9999.000,9999.000,9999.000,9999.000
202605282342,   5.474,   5.838,9999.000,9999.000,9999.000,9999.000,9999.000,9999.000,9999.000
202605282348,   5.482,   5.828,9999.000,9999.000,9999.000,9999.000,9999.000,9999.000,9999.000
202605282354,   5.488,   5.818,9999.000,9999.000,9999.000,9999.000,9999.000,9999.000,9999.000
202605290000,   5.491,   5.808,   0.600,  -0.283,   5.808,   0.600,   5.808,   0.700,   5.908
202605290006,   5.493,   5.779,9999.000,9999.000,9999.000,9999.000,9999.000,9999.000,9999.000
202605290012,   5.491,   5.799,9999.000,9999.000,9999.000,9999.000,9999.000,9999.000,9999.000
202605290018,   5.488,   5.818,9999.000,9999.000,9999.000,9999.000,9999.000,9999.000,9999.000
202605290024,   5.482,   5.818,9999.000,9999.000,9999.000,9999.000,9999.000,9999.000,9999.000
202605290030,   5.474,   5.769,9999.000,9999.000,9999.000,9999.000,9999.000,9999.000,9999.000
202605290036,   5.464,   5.808,9999.000,9999.000,9999.000,9999.000,9999.000,9999.000,9999.000
202605290042,   5.452,   5.799,9999.000,9999.000,9999.000,9999.000,9999.000,9999.000,9999.000
202605290048,   5.439,   5.749,9999.000,9999.000,9999.000,9999.000,9999.000,9999.000,9999.000
202605290054,   5.425,   5.749,9999.000,9999.000,9999.000,9999.000,9999.000,9999.000,9999.000
202605290100,   5.409,   5.779,   0.700,  -0.330,   5.779,   0.600,   5.679,   0.700,   5.779
202605290106,   5.393,   5.759,9999.000,9999.000,9999.000,9999.000,9999.000,9999.000,9999.000
202605290112,   5.376,   5.759,9999.000,9999.000,9999.000,9999.000,9999.000,9999.000,9999.000
202605290118,   5.359,   5.789,9999.000,9999.000,9999.000,9999.000,9999.000,9999.000,9999.000
202605290124,   5.342,   5.799,9999.000,9999.000,9999.000,9999.000,9999.000,9999.000,9999.000
202605290130,   5.325,   5.828,9999.000,9999.000,9999.000,9999.000,9999.000,9999.000,9999.000
202605290136,   5.310,   5.848,9999.000,9999.000,9999.000,9999.000,9999.000,9999.000,9999.000
202605290142,   5.295,   5.799,9999.000,9999.000,9999.000,9999.000,9999.000,9999.000,9999.000
202605290148,   5.281,   5.789,9999.000,9999.000,9999.000,9999.000,9999.000,9999.000,9999.000
202605290154,   5.269,   5.789,9999.000,9999.000,9999.000,9999.000,9999.000,9999.000,9999.000
202605290200,   5.258,   5.789,   0.700,  -0.169,   5.789,   0.600,   5.689,   0.700,   5.789
202605290206,   5.250,   5.769,9999.000,9999.000,9999.000,9999.000,9999.000,9999.000,9999.000
202605290212,   5.244,   5.749,9999.000,9999.000,9999.000,9999.000,9999.000,9999.000,9999.000
202605290218,   5.240,   5.739,9999.000,9999.000,9999.000,9999.000,9999.000,9999.000,9999.000
202605290224,   5.239,   5.749,9999.000,9999.000,9999.000,9999.000,9999.000,9999.000,9999.000
202605290230,   5.241,   5.739,9999.000,9999.000,9999.000,9999.000,9999.000,9999.000,9999.000
202605290236,   5.245,   5.730,9999.000,9999.000,9999.000,9999.000,9999.000,9999.000,9999.000
202605290242,   5.252,   5.707,9999.000,9999.000,9999.000,9999.000,9999.000,9999.000,9999.000
202605290248,   5.262,   5.697,9999.000,9999.000,9999.000,9999.000,9999.000,9999.000,9999.000
202605290254,   5.276,   5.657,9999.000,9999.000,9999.000,9999.000,9999.000,9999.000,9999.000
202605290300,   5.292,   5.638,   0.700,  -0.354,   5.638,   0.700,   5.638,   0.700,   5.638
202605290306,   5.311,   5.648,9999.000,9999.000,9999.000,9999.000,9999.000,9999.000,9999.000
202605290312,   5.332,   5.687,9999.000,9999.000,9999.000,9999.000,9999.000,9999.000,9999.000
202605290318,   5.357,   5.667,9999.000,9999.000,9999.000,9999.000,9999.000,9999.000,9999.000
202605290324,   5.384,   5.687,9999.000,9999.000,9999.000,9999.000,9999.000,9999.000,9999.000
202605290330,   5.414,   5.749,9999.000,9999.000,9999.000,9999.000,9999.000,9999.000,9999.000
202605290336,   5.446,   5.779,9999.000,9999.000,9999.000,9999.000,9999.000,9999.000,9999.000
202605290342,   5.480,   5.789,9999.000,9999.000,9999.000,9999.000,9999.000,9999.000,9999.000
202605290348,   5.516,   5.828,9999.000,9999.000,9999.000,9999.000,9999.000,9999.000,9999.000
202605290354,   5.554,   5.887,9999.000,9999.000,9999.000,9999.000,9999.000,9999.000,9999.000
202605290400,   5.593,   5.926,   0.700,  -0.367,   5.926,   0.600,   5.826,   0.700,   5.926
202605290406,   5.635,   5.959,9999.000,9999.000,9999.000,9999.000,9999.000,9999.000,9999.000
202605290412,   5.677,   6.038,9999.000,9999.000,9999.000,9999.000,9999.000,9999.000,9999.000
202605290418,   5.721,   6.136,9999.000,9999.000,9999.000,9999.000,9999.000,9999.000,9999.000
202605290424,   5.766,   6.199,9999.000,9999.000,9999.000,9999.000,9999.000,9999.000,9999.000
202605290430,   5.811,   6.228,9999.000,9999.000,9999.000,9999.000,9999.000,9999.000,9999.000
202605290436,   5.858,   6.336,9999.000,9999.000,9999.000,9999.000,9999.000,9999.000,9999.000
202605290442,   5.905,   6.418,9999.000,9999.000,9999.000,9999.000,9999.000,9999.000,9999.000
202605290448,   5.952,   6.428,9999.000,9999.000,9999.000,9999.000,9999.000,9999.000,9999.000
202605290454,   6.000,   6.487,9999.000,9999.000,9999.000,9999.000,9999.000,9999.000,9999.000
202605290500,   6.048,   6.589,   0.700,  -0.159,   6.589,   0.600,   6.489,   0.700,   6.589
202605290506,   6.097,   6.648,9999.000,9999.000,9999.000,9999.000,9999.000,9999.000,9999.000
202605290512,   6.145,   6.687,9999.000,9999.000,9999.000,9999.000,9999.000,9999.000,9999.000
202605290518,   6.194,   6.727,9999.000,9999.000,9999.000,9999.000,9999.000,9999.000,9999.000
202605290524,   6.242,   6.809,9999.000,9999.000,9999.000,9999.000,9999.000,9999.000,9999.000
202605290530,   6.291,   6.887,9999.000,9999.000,9999.000,9999.000,9999.000,9999.000,9999.000
202605290536,   6.339,   6.927,9999.000,9999.000,9999.000,9999.000,9999.000,9999.000,9999.000
202605290542,   6.387,   6.947,9999.000,9999.000,9999.000,9999.000,9999.000,9999.000,9999.000
202605290548,   6.435,   7.048,9999.000,9999.000,9999.000,9999.000,9999.000,9999.000,9999.000
202605290554,   6.482,   7.107,9999.000,9999.000,9999.000,9999.000,9999.000,9999.000,9999.000
202605290600,   6.528,   7.107,   0.700,  -0.121,   7.107,   0.700,   7.107,   0.700,   7.107
202605290606,   6.574,   7.137,9999.000,9999.000,9999.000,9999.000,9999.000,9999.000,9999.000
202605290612,   6.620,   7.219,9999.000,9999.000,9999.000,9999.000,9999.000,9999.000,9999.000
202605290618,   6.664,   7.268,9999.000,9999.000,9999.000,9999.000,9999.000,9999.000,9999.000
202605290624,   6.707,   7.297,9999.000,9999.000,9999.000,9999.000,9999.000,9999.000,9999.000
202605290630,   6.749,   7.327,9999.000,9999.000,9999.000,9999.000,9999.000,9999.000,9999.000
202605290636,   6.789,   7.357,9999.000,9999.000,9999.000,9999.000,9999.000,9999.000,9999.000
202605290642,   6.828,   7.357,9999.000,9999.000,9999.000,9999.000,9999.000,9999.000,9999.000
202605290648,   6.865,   7.399,9999.000,9999.000,9999.000,9999.000,9999.000,9999.000,9999.000
202605290654,   6.900,   7.468,9999.000,9999.000,9999.000,9999.000,9999.000,9999.000,9999.000
202605290700,   6.932,   7.468,   0.700,  -0.164,   7.468,   0.700,   7.468,   0.700,   7.468
202605290706,   6.962,   7.419,9999.000,9999.000,9999.000,9999.000,9999.000,9999.000,9999.000
202605290712,   6.989,   7.429,9999.000,9999.000,9999.000,9999.000,9999.000,9999.000,9999.000
202605290718,   7.013,   7.527,9999.000,9999.000,9999.000,9999.000,9999.000,9999.000,9999.000
202605290724,   7.033,   7.517,9999.000,9999.000,9999.000,9999.000,9999.000,9999.000,9999.000
202605290730,   7.050,   7.468,9999.000,9999.000,9999.000,9999.000,9999.000,9999.000,9999.000
202605290736,   7.062,   7.429,9999.000,9999.000,9999.000,9999.000,9999.000,9999.000,9999.000
202605290742,   7.071,   7.448,9999.000,9999.000,9999.000,9999.000,9999.000,9999.000,9999.000
202605290748,   7.075,   7.458,9999.000,9999.000,9999.000,9999.000,9999.000,9999.000,9999.000
202605290754,   7.074,   7.439,9999.000,9999.000,9999.000,9999.000,9999.000,9999.000,9999.000
202605290800,   7.069,   7.439,   0.700,  -0.330,   7.439,   0.700,   7.439,   0.700,   7.439
202605290806,   7.058,   7.347,9999.000,9999.000,9999.000,9999.000,9999.000,9999.000,9999.000
202605290812,   7.043,   7.297,9999.000,9999.000,9999.000,9999.000,9999.000,9999.000,9999.000
202605290818,   7.022,   7.307,9999.000,9999.000,9999.000,9999.000,9999.000,9999.000,9999.000
202605290824,   6.995,   7.337,9999.000,9999.000,9999.000,9999.000,9999.000,9999.000,9999.000
202605290830,   6.963,   7.258,9999.000,9999.000,9999.000,9999.000,9999.000,9999.000,9999.000
202605290836,   6.925,   7.238,9999.000,9999.000,9999.000,9999.000,9999.000,9999.000,9999.000
202605290842,   6.882,   7.189,9999.000,9999.000,9999.000,9999.000,9999.000,9999.000,9999.000
202605290848,   6.833,   7.156,9999.000,9999.000,9999.000,9999.000,9999.000,9999.000,9999.000
202605290854,   6.778,   7.176,9999.000,9999.000,9999.000,9999.000,9999.000,9999.000,9999.000
202605290900,   6.719,   7.156,   0.700,  -0.263,   7.156,   0.600,   7.056,   0.700,   7.156
202605290906,   6.653,   7.038,9999.000,9999.000,9999.000,9999.000,9999.000,9999.000,9999.000
202605290912,   6.583,   6.989,9999.000,9999.000,9999.000,9999.000,9999.000,9999.000,9999.000
202605290918,   6.507,   6.937,9999.000,9999.000,9999.000,9999.000,9999.000,9999.000,9999.000
202605290924,   6.427,   6.897,9999.000,9999.000,9999.000,9999.000,9999.000,9999.000,9999.000
202605290930,   6.341,   6.848,9999.000,9999.000,9999.000,9999.000,9999.000,9999.000,9999.000
202605290936,   6.252,   6.756,9999.000,9999.000,9999.000,9999.000,9999.000,9999.000,9999.000
202605290942,   6.157,   6.628,9999.000,9999.000,9999.000,9999.000,9999.000,9999.000,9999.000
202605290948,   6.059,   6.589,9999.000,9999.000,9999.000,9999.000,9999.000,9999.000,9999.000
202605290954,   5.957,   6.527,9999.000,9999.000,9999.000,9999.000,9999.000,9999.000,9999.000
202605291000,   5.851,   6.399,   0.600,  -0.052,   6.399,   0.600,   6.399,   0.700,   6.499
202605291006,   5.742,   6.268,9999.000,9999.000,9999.000,9999.000,9999.000,9999.000,9999.000
202605291012,   5.629,   6.169,9999.000,9999.000,9999.000,9999.000,9999.000,9999.000,9999.000
202605291018,   5.514,   6.048,9999.000,9999.000,9999.000,9999.000,9999.000,9999.000,9999.000
202605291024,   5.395,   5.926,9999.000,9999.000,9999.000,9999.000,9999.000,9999.000,9999.000
202605291030,   5.274,   5.799,9999.000,9999.000,9999.000,9999.000,9999.000,9999.000,9999.000
202605291036,   5.150,   5.677,9999.000,9999.000,9999.000,9999.000,9999.000,9999.000,9999.000
202605291042,   5.024,   5.516,9999.000,9999.000,9999.000,9999.000,9999.000,9999.000,9999.000
202605291048,   4.895,   5.369,9999.000,9999.000,9999.000,9999.000,9999.000,9999.000,9999.000
202605291054,   4.765,   5.257,9999.000,9999.000,9999.000,9999.000,9999.000,9999.000,9999.000
202605291100,   4.632,   5.179,   0.600,  -0.053,   5.179,   0.600,   5.179,   0.700,   5.279
202605291106,   4.497,   5.028,9999.000,9999.000,9999.000,9999.000,9999.000,9999.000,9999.000
202605291112,   4.360,   4.857,9999.000,9999.000,9999.000,9999.000,9999.000,9999.000,9999.000
202605291118,   4.222,   4.690,9999.000,9999.000,9999.000,9999.000,9999.000,9999.000,9999.000
202605291124,   4.081,   4.578,9999.000,9999.000,9999.000,9999.000,9999.000,9999.000,9999.000
202605291130,   3.939,   4.490,9999.000,9999.000,9999.000,9999.000,9999.000,9999.000,9999.000
202605291136,   3.795,   4.267,9999.000,9999.000,9999.000,9999.000,9999.000,9999.000,9999.000
202605291142,   3.650,   4.070,9999.000,9999.000,9999.000,9999.000,9999.000,9999.000,9999.000
202605291148,   3.502,   3.978,9999.000,9999.000,9999.000,9999.000,9999.000,9999.000,9999.000
202605291154,   3.353,   3.847,9999.000,9999.000,9999.000,9999.000,9999.000,9999.000,9999.000
202605291200,   3.203,   3.660,   0.400,   0.057,   3.660,   0.400,   3.660,   0.500,   3.760
202605291206,   3.051,   3.499,9999.000,9999.000,9999.000,9999.000,9999.000,9999.000,9999.000
202605291212,   2.897,   3.427,9999.000,9999.000,9999.000,9999.000,9999.000,9999.000,9999.000
202605291218,   2.743,   3.358,9999.000,9999.000,9999.000,9999.000,9999.000,9999.000,9999.000
202605291224,   2.587,   3.168,9999.000,9999.000,9999.000,9999.000,9999.000,9999.000,9999.000
202605291230,   2.431,   2.958,9999.000,9999.000,9999.000,9999.000,9999.000,9999.000,9999.000
202605291236,   2.274,   2.820,9999.000,9999.000,9999.000,9999.000,9999.000,9999.000,9999.000
202605291242,   2.116,   2.689,9999.000,9999.000,9999.000,9999.000,9999.000,9999.000,9999.000
202605291248,   1.958,   2.450,9999.000,9999.000,9999.000,9999.000,9999.000,9999.000,9999.000
202605291254,   1.800,   2.230,9999.000,9999.000,9999.000,9999.000,9999.000,9999.000,9999.000
202605291300,   1.643,   2.109,   0.400,   0.066,   2.109,   0.400,   2.109,   0.400,   2.109
202605291306,   1.486,   1.990,9999.000,9999.000,9999.000,9999.000,9999.000,9999.000,9999.000
202605291312,   1.330,   1.849,9999.000,9999.000,9999.000,9999.000,9999.000,9999.000,9999.000
202605291318,   1.176,   1.699,9999.000,9999.000,9999.000,9999.000,9999.000,9999.000,9999.000
202605291324,   1.024,   1.518,9999.000,9999.000,9999.000,9999.000,9999.000,9999.000,9999.000
202605291330,   0.874,   1.390,9999.000,9999.000,9999.000,9999.000,9999.000,9999.000,9999.000
202605291336,   0.727,   1.269,9999.000,9999.000,9999.000,9999.000,9999.000,9999.000,9999.000
202605291342,   0.583,   1.098,9999.000,9999.000,9999.000,9999.000,9999.000,9999.000,9999.000
202605291348,   0.443,   0.928,9999.000,9999.000,9999.000,9999.000,9999.000,9999.000,9999.000
202605291354,   0.307,   0.829,9999.000,9999.000,9999.000,9999.000,9999.000,9999.000,9999.000
202605291400,   0.176,   0.718,   0.400,   0.142,   0.718,   0.400,   0.718,   0.400,   0.718
202605291406,   0.049,   0.518,9999.000,9999.000,9999.000,9999.000,9999.000,9999.000,9999.000
202605291412,  -0.071,   0.360,9999.000,9999.000,9999.000,9999.000,9999.000,9999.000,9999.000
202605291418,  -0.186,   0.331,9999.000,9999.000,9999.000,9999.000,9999.000,9999.000,9999.000
202605291424,  -0.295,   0.229,9999.000,9999.000,9999.000,9999.000,9999.000,9999.000,9999.000
202605291430,  -0.397,   0.059,9999.000,9999.000,9999.000,9999.000,9999.000,9999.000,9999.000
202605291436,  -0.493,  -0.068,9999.000,9999.000,9999.000,9999.000,9999.000,9999.000,9999.000
202605291442,  -0.581,  -0.131,9999.000,9999.000,9999.000,9999.000,9999.000,9999.000,9999.000
202605291448,  -0.662,  -0.190,9999.000,9999.000,9999.000,9999.000,9999.000,9999.000,9999.000
202605291454,  -0.735,  -0.278,9999.000,9999.000,9999.000,9999.000,9999.000,9999.000,9999.000
202605291500,  -0.801,  -0.400,   0.400,   0.001,  -0.400,   0.400,  -0.400,   0.500,  -0.300
202605291506,  -0.858,  -0.439,9999.000,9999.000,9999.000,9999.000,9999.000,9999.000,9999.000
202605291512,  -0.908,  -0.459,9999.000,9999.000,9999.000,9999.000,9999.000,9999.000,9999.000
202605291518,  -0.949,  -0.531,9999.000,9999.000,9999.000,9999.000,9999.000,9999.000,9999.000
202605291524,  -0.982,  -0.580,9999.000,9999.000,9999.000,9999.000,9999.000,9999.000,9999.000
202605291530,  -1.007,  -0.551,9999.000,9999.000,9999.000,9999.000,9999.000,9999.000,9999.000
202605291536,  -1.024,  -0.551,9999.000,9999.000,9999.000,9999.000,9999.000,9999.000,9999.000
202605291542,  -1.034,  -0.610,9999.000,9999.000,9999.000,9999.000,9999.000,9999.000,9999.000
202605291548,  -1.035,  -0.610,9999.000,9999.000,9999.000,9999.000,9999.000,9999.000,9999.000
202605291554,  -1.029,  -0.551,9999.000,9999.000,9999.000,9999.000,9999.000,9999.000,9999.000
202605291600,  -1.015,  -0.570,   0.400,   0.045,  -0.570,   0.300,  -0.670,   0.400,  -0.570
202605291606,  -0.994,  -0.580,9999.000,9999.000,9999.000,9999.000,9999.000,9999.000,9999.000
202605291612,  -0.965,  -0.518,9999.000,9999.000,9999.000,9999.000,9999.000,9999.000,9999.000
202605291618,  -0.930,  -0.449,9999.000,9999.000,9999.000,9999.000,9999.000,9999.000,9999.000
202605291624,  -0.889,  -0.419,9999.000,9999.000,9999.000,9999.000,9999.000,9999.000,9999.000
202605291630,  -0.841,  -0.400,9999.000,9999.000,9999.000,9999.000,9999.000,9999.000,9999.000
202605291636,  -0.786,  -0.341,9999.000,9999.000,9999.000,9999.000,9999.000,9999.000,9999.000
202605291642,  -0.726,  -0.239,9999.000,9999.000,9999.000,9999.000,9999.000,9999.000,9999.000
202605291648,  -0.660,  -0.170,9999.000,9999.000,9999.000,9999.000,9999.000,9999.000,9999.000
202605291654,  -0.589,  -0.150,9999.000,9999.000,9999.000,9999.000,9999.000,9999.000,9999.000
202605291700,  -0.513,  -0.078,   0.300,   0.135,  -0.078,   0.300,  -0.078,   0.400,   0.022
202605291706,  -0.432,   0.059,9999.000,9999.000,9999.000,9999.000,9999.000,9999.000,9999.000
202605291712,  -0.346,   0.180,9999.000,9999.000,9999.000,9999.000,9999.000,9999.000,9999.000
202605291718,  -0.255,   0.209,9999.000,9999.000,9999.000,9999.000,9999.000,9999.000,9999.000
202605291724,  -0.160,   0.288,9999.000,9999.000,9999.000,9999.000,9999.000,9999.000,9999.000
202605291730,  -0.061,   0.459,9999.000,9999.000,9999.000,9999.000,9999.000,9999.000,9999.000
202605291736,   0.041,   0.580,9999.000,9999.000,9999.000,9999.000,9999.000,9999.000,9999.000
202605291742,   0.147,   0.678,9999.000,9999.000,9999.000,9999.000,9999.000,9999.000,9999.000
202605291748,   0.257,   0.790,9999.000,9999.000,9999.000,9999.000,9999.000,9999.000,9999.000
202605291754,   0.371,   0.888,9999.000,9999.000,9999.000,9999.000,9999.000,9999.000,9999.000
202605291800,   0.488,   1.010,   0.300,   0.222,   1.010,   0.200,   0.910,   0.300,   1.010
202605291806,   0.608,   1.161,9999.000,9999.000,9999.000,9999.000,9999.000,9999.000,9999.000
202605291812,   0.730,   1.298,9999.000,9999.000,9999.000,9999.000,9999.000,9999.000,9999.000
202605291818,   0.856,   1.400,9999.000,9999.000,9999.000,9999.000,9999.000,9999.000,9999.000
202605291824,   0.983,   1.528,9999.000,9999.000,9999.000,9999.000,9999.000,9999.000,9999.000
202605291830,   1.114,   1.649,9999.000,9999.000,9999.000,9999.000,9999.000,9999.000,9999.000
202605291836,   1.246,   1.767,9999.000,9999.000,9999.000,9999.000,9999.000,9999.000,9999.000
202605291842,   1.380,   1.879,9999.000,9999.000,9999.000,9999.000,9999.000,9999.000,9999.000
202605291848,   1.515,   2.020,9999.000,9999.000,9999.000,9999.000,9999.000,9999.000,9999.000
202605291854,   1.652,   2.148,9999.000,9999.000,9999.000,9999.000,9999.000,9999.000,9999.000
202605291900,   1.790,   2.279,   0.300,   0.189,   2.279,   0.200,   2.179,   0.300,   2.279
202605291906,   1.929,   2.400,9999.000,9999.000,9999.000,9999.000,9999.000,9999.000,9999.000
202605291912,   2.069,   2.558,9999.000,9999.000,9999.000,9999.000,9999.000,9999.000,9999.000
202605291918,   2.208,   2.709,9999.000,9999.000,9999.000,9999.000,9999.000,9999.000,9999.000
202605291924,   2.348,   2.860,9999.000,9999.000,9999.000,9999.000,9999.000,9999.000,9999.000
202605291930,   2.487,   2.988,9999.000,9999.000,9999.000,9999.000,9999.000,9999.000,9999.000
202605291936,   2.625,   3.109,9999.000,9999.000,9999.000,9999.000,9999.000,9999.000,9999.000
202605291942,   2.762,   3.250,9999.000,9999.000,9999.000,9999.000,9999.000,9999.000,9999.000
202605291948,   2.898,   3.378,9999.000,9999.000,9999.000,9999.000,9999.000,9999.000,9999.000
202605291954,   3.033,   3.499,9999.000,9999.000,9999.000,9999.000,9999.000,9999.000,9999.000
202605292000,   3.165,   3.650,   0.300,   0.185,   3.650,   0.300,   3.650,   0.300,   3.650
202605292006,   3.295,   3.798,9999.000,9999.000,9999.000,9999.000,9999.000,9999.000,9999.000
202605292012,   3.422,   3.949,9999.000,9999.000,9999.000,9999.000,9999.000,9999.000,9999.000
202605292018,   3.547,   4.090,9999.000,9999.000,9999.000,9999.000,9999.000,9999.000,9999.000
202605292024,   3.668,   4.208,9999.000,9999.000,9999.000,9999.000,9999.000,9999.000,9999.000
202605292030,   3.786,   4.329,9999.000,9999.000,9999.000,9999.000,9999.000,9999.000,9999.000
202605292036,   3.901,   4.480,9999.000,9999.000,9999.000,9999.000,9999.000,9999.000,9999.000
202605292042,   4.012,   4.618,9999.000,9999.000,9999.000,9999.000,9999.000,9999.000,9999.000
202605292048,   4.119,   4.677,9999.000,9999.000,9999.000,9999.000,9999.000,9999.000,9999.000
202605292054,   4.222,   4.769,9999.000,9999.000,9999.000,9999.000,9999.000,9999.000,9999.000
202605292100,   4.321,   4.910,   0.300,   0.289,   4.910,   0.200,   4.810,   0.300,   4.910
202605292106,   4.416,   5.038,9999.000,9999.000,9999.000,9999.000,9999.000,9999.000,9999.000
202605292112,   4.507,   5.087,9999.000,9999.000,9999.000,9999.000,9999.000,9999.000,9999.000
202605292118,   4.594,   5.129,9999.000,9999.000,9999.000,9999.000,9999.000,9999.000,9999.000
202605292124,   4.677,   5.218,9999.000,9999.000,9999.000,9999.000,9999.000,9999.000,9999.000
202605292130,   4.757,   5.320,9999.000,9999.000,9999.000,9999.000,9999.000,9999.000,9999.000
202605292136,   4.832,   5.379,9999.000,9999.000,9999.000,9999.000,9999.000,9999.000,9999.000
202605292142,   4.904,   5.408,9999.000,9999.000,9999.000,9999.000,9999.000,9999.000,9999.000
202605292148,   4.972,   5.477,9999.000,9999.000,9999.000,9999.000,9999.000,9999.000,9999.000
202605292154,   5.037,   5.579,9999.000,9999.000,9999.000,9999.000,9999.000,9999.000,9999.000
202605292200,   5.098,   5.638,   0.200,   0.340,   5.638,   0.200,   5.638,   0.300,   5.738
202605292206,   5.157,   5.677,9999.000,9999.000,9999.000,9999.000,9999.000,9999.000,9999.000
202605292212,   5.213,   5.697,9999.000,9999.000,9999.000,9999.000,9999.000,9999.000,9999.000
202605292218,   5.266,   5.739,9999.000,9999.000,9999.000,9999.000,9999.000,9999.000,9999.000
202605292224,   5.317,   5.759,9999.000,9999.000,9999.000,9999.000,9999.000,9999.000,9999.000
202605292230,   5.365,   5.789,9999.000,9999.000,9999.000,9999.000,9999.000,9999.000,9999.000
202605292236,   5.411,   5.848,9999.000,9999.000,9999.000,9999.000,9999.000,9999.000,9999.000
202605292242,   5.455,   5.917,9999.000,9999.000,9999.000,9999.000,9999.000,9999.000,9999.000
202605292248,   5.498,   5.940,9999.000,9999.000,9999.000,9999.000,9999.000,9999.000,9999.000
202605292254,   5.538,   5.949,9999.000,9999.000,9999.000,9999.000,9999.000,9999.000,9999.000
202605292300,   5.577,   5.979,   0.200,   0.202,   5.979,   0.200,   5.979,   0.200,   5.979
202605292306,   5.615,   5.989,9999.000,9999.000,9999.000,9999.000,9999.000,9999.000,9999.000
202605292312,   5.650,   5.969,9999.000,9999.000,9999.000,9999.000,9999.000,9999.000,9999.000
202605292318,   5.685,   5.969,9999.000,9999.000,9999.000,9999.000,9999.000,9999.000,9999.000
202605292324,   5.717,   5.969,9999.000,9999.000,9999.000,9999.000,9999.000,9999.000,9999.000
202605292330,   5.748,   5.969,9999.000,9999.000,9999.000,9999.000,9999.000,9999.000,9999.000
202605292336,   5.778,   5.969,9999.000,9999.000,9999.000,9999.000,9999.000,9999.000,9999.000
202605292342,   5.806,   5.949,9999.000,9999.000,9999.000,9999.000,9999.000,9999.000,9999.000
202605292348,   5.832,   5.940,9999.000,9999.000,9999.000,9999.000,9999.000,9999.000,9999.000
202605292354,   5.857,   5.999,9999.000,9999.000,9999.000,9999.000,9999.000,9999.000,9999.000
202605300000,   5.879,   5.999,   0.300,  -0.180,   5.999,   0.300,   5.999,   0.300,   5.999
202605300006,   5.900,   5.917,9999.000,9999.000,9999.000,9999.000,9999.000,9999.000,9999.000
202605300012,   5.918,   5.887,9999.000,9999.000,9999.000,9999.000,9999.000,9999.000,9999.000
202605300018,   5.934,   5.926,9999.000,9999.000,9999.000,9999.000,9999.000,9999.000,9999.000
202605300024,   5.948,   5.917,9999.000,9999.000,9999.000,9999.000,9999.000,9999.000,9999.000
202605300030,   5.960,   5.867,9999.000,9999.000,9999.000,9999.000,9999.000,9999.000,9999.000
202605300036,   5.969,   5.858,9999.000,9999.000,9999.000,9999.000,9999.000,9999.000,9999.000
202605300042,   5.976,   5.867,9999.000,9999.000,9999.000,9999.000,9999.000,9999.000,9999.000
202605300048,   5.980,   5.877,9999.000,9999.000,9999.000,9999.000,9999.000,9999.000,9999.000
202605300054,   5.982,   5.897,9999.000,9999.000,9999.000,9999.000,9999.000,9999.000,9999.000
202605300100,   5.981,   5.887,   0.300,  -0.394,   5.887,   0.300,   5.887,   0.300,   5.887
202605300106,   5.979,   5.897,9999.000,9999.000,9999.000,9999.000,9999.000,9999.000,9999.000
202605300112,   5.973,   5.926,9999.000,9999.000,9999.000,9999.000,9999.000,9999.000,9999.000
202605300118,   5.966,   5.926,9999.000,9999.000,9999.000,9999.000,9999.000,9999.000,9999.000
202605300124,   5.957,   5.917,9999.000,9999.000,9999.000,9999.000,9999.000,9999.000,9999.000
202605300130,   5.946,   5.969,9999.000,9999.000,9999.000,9999.000,9999.000,9999.000,9999.000
202605300136,   5.933,   5.959,9999.000,9999.000,9999.000,9999.000,9999.000,9999.000,9999.000
202605300142,   5.919,   5.949,9999.000,9999.000,9999.000,9999.000,9999.000,9999.000,9999.000
202605300148,   5.903,   5.969,9999.000,9999.000,9999.000,9999.000,9999.000,9999.000,9999.000
202605300154,   5.887,   5.999,9999.000,9999.000,9999.000,9999.000,9999.000,9999.000,9999.000
202605300200,   5.870,   5.959,   0.300,  -0.211,   5.959,   0.300,   5.959,   0.300,   5.959
202605300206,   5.853,   5.949,9999.000,9999.000,9999.000,9999.000,9999.000,9999.000,9999.000
202605300212,   5.836,   5.949,9999.000,9999.000,9999.000,9999.000,9999.000,9999.000,9999.000
202605300218,   5.820,   5.926,9999.000,9999.000,9999.000,9999.000,9999.000,9999.000,9999.000
202605300224,   5.804,   5.907,9999.000,9999.000,9999.000,9999.000,9999.000,9999.000,9999.000
202605300230,   5.789,   5.877,9999.000,9999.000,9999.000,9999.000,9999.000,9999.000,9999.000
202605300236,   5.775,   5.858,9999.000,9999.000,9999.000,9999.000,9999.000,9999.000,9999.000
202605300242,   5.762,   5.848,9999.000,9999.000,9999.000,9999.000,9999.000,9999.000,9999.000
202605300248,   5.752,   5.848,9999.000,9999.000,9999.000,9999.000,9999.000,9999.000,9999.000
202605300254,   5.744,   5.799,9999.000,9999.000,9999.000,9999.000,9999.000,9999.000,9999.000
202605300300,   5.737,   5.759,   0.300,  -0.278,   5.759,   0.300,   5.759,   0.300,   5.759
202605300306,   5.734,   5.759,9999.000,9999.000,9999.000,9999.000,9999.000,9999.000,9999.000
202605300312,   5.733,   5.759,9999.000,9999.000,9999.000,9999.000,9999.000,9999.000,9999.000
202605300318,   5.734,   5.707,9999.000,9999.000,9999.000,9999.000,9999.000,9999.000,9999.000
202605300324,   5.739,   5.717,9999.000,9999.000,9999.000,9999.000,9999.000,9999.000,9999.000
202605300330,   5.746,   5.739,9999.000,9999.000,9999.000,9999.000,9999.000,9999.000,9999.000
202605300336,   5.757,   5.739,9999.000,9999.000,9999.000,9999.000,9999.000,9999.000,9999.000
202605300342,   5.770,   5.739,9999.000,9999.000,9999.000,9999.000,9999.000,9999.000,9999.000
202605300348,   5.786,   5.739,9999.000,9999.000,9999.000,9999.000,9999.000,9999.000,9999.000
202605300354,   5.805,   5.769,9999.000,9999.000,9999.000,9999.000,9999.000,9999.000,9999.000
202605300400,   5.827,   5.818,   0.300,  -0.309,   5.818,   0.300,   5.818,   0.300,   5.818
202605300406,   5.851,   5.818,9999.000,9999.000,9999.000,9999.000,9999.000,9999.000,9999.000
202605300412,   5.878,   5.848,9999.000,9999.000,9999.000,9999.000,9999.000,9999.000,9999.000
202605300418,   5.907,   5.897,9999.000,9999.000,9999.000,9999.000,9999.000,9999.000,9999.000
202605300424,   5.938,   5.979,9999.000,9999.000,9999.000,9999.000,9999.000,9999.000,9999.000
202605300430,   5.971,   5.999,9999.000,9999.000,9999.000,9999.000,9999.000,9999.000,9999.000
202605300436,   6.006,   6.028,9999.000,9999.000,9999.000,9999.000,9999.000,9999.000,9999.000
202605300442,   6.042,   6.067,9999.000,9999.000,9999.000,9999.000,9999.000,9999.000,9999.000
202605300448,   6.080,   6.136,9999.000,9999.000,9999.000,9999.000,9999.000,9999.000,9999.000
202605300454,   6.119,   6.179,9999.000,9999.000,9999.000,9999.000,9999.000,9999.000,9999.000
202605300500,   6.158,   6.199,   0.300,  -0.259,   6.199,   0.200,   6.099,   0.300,   6.199
202605300506,   6.199,   6.258,9999.000,9999.000,9999.000,9999.000,9999.000,9999.000,9999.000
202605300512,   6.239,   6.336,9999.000,9999.000,9999.000,9999.000,9999.000,9999.000,9999.000
202605300518,   6.280,   6.369,9999.000,9999.000,9999.000,9999.000,9999.000,9999.000,9999.000
202605300524,   6.322,   6.389,9999.000,9999.000,9999.000,9999.000,9999.000,9999.000,9999.000
202605300530,   6.363,   6.448,9999.000,9999.000,9999.000,9999.000,9999.000,9999.000,9999.000
202605300536,   6.404,   6.517,9999.000,9999.000,9999.000,9999.000,9999.000,9999.000,9999.000
202605300542,   6.445,   6.569,9999.000,9999.000,9999.000,9999.000,9999.000,9999.000,9999.000
202605300548,   6.485,   6.619,9999.000,9999.000,9999.000,9999.000,9999.000,9999.000,9999.000
202605300554,   6.525,   6.668,9999.000,9999.000,9999.000,9999.000,9999.000,9999.000,9999.000
202605300600,   6.564,   6.707,   0.200,  -0.057,   6.707,   0.200,   6.707,   0.200,   6.707
202605300606,   6.603,   6.756,9999.000,9999.000,9999.000,9999.000,9999.000,9999.000,9999.000
202605300612,   6.641,   6.799,9999.000,9999.000,9999.000,9999.000,9999.000,9999.000,9999.000
202605300618,   6.678,   6.828,9999.000,9999.000,9999.000,9999.000,9999.000,9999.000,9999.000
202605300624,   6.714,   6.878,9999.000,9999.000,9999.000,9999.000,9999.000,9999.000,9999.000
202605300630,   6.750,   6.907,9999.000,9999.000,9999.000,9999.000,9999.000,9999.000,9999.000
202605300636,   6.784,   6.956,9999.000,9999.000,9999.000,9999.000,9999.000,9999.000,9999.000
202605300642,   6.818,   7.019,9999.000,9999.000,9999.000,9999.000,9999.000,9999.000,9999.000
202605300648,   6.850,   7.048,9999.000,9999.000,9999.000,9999.000,9999.000,9999.000,9999.000
202605300654,   6.881,   7.058,9999.000,9999.000,9999.000,9999.000,9999.000,9999.000,9999.000
202605300700,   6.911,   7.117,   0.200,   0.006,   7.117,   0.100,   7.017,   0.200,   7.117
202605300706,   6.940,   7.127,9999.000,9999.000,9999.000,9999.000,9999.000,9999.000,9999.000
202605300712,   6.967,   7.107,9999.000,9999.000,9999.000,9999.000,9999.000,9999.000,9999.000
202605300718,   6.992,   7.127,9999.000,9999.000,9999.000,9999.000,9999.000,9999.000,9999.000
202605300724,   7.016,   7.147,9999.000,9999.000,9999.000,9999.000,9999.000,9999.000,9999.000
202605300730,   7.037,   7.137,9999.000,9999.000,9999.000,9999.000,9999.000,9999.000,9999.000
202605300736,   7.057,   7.117,9999.000,9999.000,9999.000,9999.000,9999.000,9999.000,9999.000
202605300742,   7.074,   7.137,9999.000,9999.000,9999.000,9999.000,9999.000,9999.000,9999.000
202605300748,   7.088,   7.156,9999.000,9999.000,9999.000,9999.000,9999.000,9999.000,9999.000
202605300754,   7.100,   7.137,9999.000,9999.000,9999.000,9999.000,9999.000,9999.000,9999.000
202605300800,   7.108,   7.107,   0.200,  -0.201,   7.107,   0.200,   7.107,   0.200,   7.107
202605300806,   7.114,   7.097,9999.000,9999.000,9999.000,9999.000,9999.000,9999.000,9999.000
202605300812,   7.115,   7.097,9999.000,9999.000,9999.000,9999.000,9999.000,9999.000,9999.000
202605300818,   7.113,   7.068,9999.000,9999.000,9999.000,9999.000,9999.000,9999.000,9999.000
202605300824,   7.107,   7.029,9999.000,9999.000,9999.000,9999.000,9999.000,9999.000,9999.000
202605300830,   7.097,   7.029,9999.000,9999.000,9999.000,9999.000,9999.000,9999.000,9999.000
202605300836,   7.082,   7.009,9999.000,9999.000,9999.000,9999.000,9999.000,9999.000,9999.000
202605300842,   7.062,   6.956,9999.000,9999.000,9999.000,9999.000,9999.000,9999.000,9999.000
202605300848,   7.038,   6.907,9999.000,9999.000,9999.000,9999.000,9999.000,9999.000,9999.000
202605300854,   7.008,   6.917,9999.000,9999.000,9999.000,9999.000,9999.000,9999.000,9999.000
202605300900,   6.973,   6.907,   0.200,  -0.266,   6.907,   0.200,   6.907,   0.200,   6.907
202605300906,   6.932,   6.868,9999.000,9999.000,9999.000,9999.000,9999.000,9999.000,9999.000
202605300912,   6.887,   6.858,9999.000,9999.000,9999.000,9999.000,9999.000,9999.000,9999.000
202605300918,   6.835,   6.819,9999.000,9999.000,9999.000,9999.000,9999.000,9999.000,9999.000
202605300924,   6.778,   6.766,9999.000,9999.000,9999.000,9999.000,9999.000,9999.000,9999.000
202605300930,   6.716,   6.717,9999.000,9999.000,9999.000,9999.000,9999.000,9999.000,9999.000
202605300936,   6.648,   6.658,9999.000,9999.000,9999.000,9999.000,9999.000,9999.000,9999.000
202605300942,   6.574,   6.619,9999.000,9999.000,9999.000,9999.000,9999.000,9999.000,9999.000
202605300948,   6.495,   6.569,9999.000,9999.000,9999.000,9999.000,9999.000,9999.000,9999.000
202605300954,   6.410,   6.477,9999.000,9999.000,9999.000,9999.000,9999.000,9999.000,9999.000
202605301000,   6.321,   6.369,   0.200,  -0.152,   6.369,   0.200,   6.369,   0.200,   6.369
202605301006,   6.226,   6.307,9999.000,9999.000,9999.000,9999.000,9999.000,9999.000,9999.000
202605301012,   6.127,   6.248,9999.000,9999.000,9999.000,9999.000,9999.000,9999.000,9999.000
202605301018,   6.023,   6.136,9999.000,9999.000,9999.000,9999.000,9999.000,9999.000,9999.000
202605301024,   5.915,   5.999,9999.000,9999.000,9999.000,9999.000,9999.000,9999.000,9999.000
202605301030,   5.802,   5.887,9999.000,9999.000,9999.000,9999.000,9999.000,9999.000,9999.000
202605301036,   5.686,   5.799,9999.000,9999.000,9999.000,9999.000,9999.000,9999.000,9999.000
202605301042,   5.566,   5.657,9999.000,9999.000,9999.000,9999.000,9999.000,9999.000,9999.000
202605301048,   5.442,   5.497,9999.000,9999.000,9999.000,9999.000,9999.000,9999.000,9999.000
202605301054,   5.315,   5.379,9999.000,9999.000,9999.000,9999.000,9999.000,9999.000,9999.000
202605301100,   5.186,   5.267,   0.200,  -0.119,   5.267,   0.100,   5.167,   0.200,   5.267
202605301106,   5.053,   5.169,9999.000,9999.000,9999.000,9999.000,9999.000,9999.000,9999.000
202605301112,   4.919,   5.018,9999.000,9999.000,9999.000,9999.000,9999.000,9999.000,9999.000
202605301118,   4.782,   4.867,9999.000,9999.000,9999.000,9999.000,9999.000,9999.000,9999.000
202605301124,   4.642,   4.739,9999.000,9999.000,9999.000,9999.000,9999.000,9999.000,9999.000
202605301130,   4.501,   4.637,9999.000,9999.000,9999.000,9999.000,9999.000,9999.000,9999.000
202605301136,   4.358,   4.490,9999.000,9999.000,9999.000,9999.000,9999.000,9999.000,9999.000
202605301142,   4.213,   4.339,9999.000,9999.000,9999.000,9999.000,9999.000,9999.000,9999.000
202605301148,   4.067,   4.208,9999.000,9999.000,9999.000,9999.000,9999.000,9999.000,9999.000
202605301154,   3.920,   4.070,9999.000,9999.000,9999.000,9999.000,9999.000,9999.000,9999.000
202605301200,   3.770,   3.939,   0.000,   0.169,   3.939,   0.000,   3.939,   0.000,   3.939
202605301206,   3.620,   3.778,9999.000,9999.000,9999.000,9999.000,9999.000,9999.000,9999.000
202605301212,   3.468,   3.617,9999.000,9999.000,9999.000,9999.000,9999.000,9999.000,9999.000
202605301218,   3.316,   3.499,9999.000,9999.000,9999.000,9999.000,9999.000,9999.000,9999.000
202605301224,   3.162,   3.368,9999.000,9999.000,9999.000,9999.000,9999.000,9999.000,9999.000
202605301230,   3.007,   3.178,9999.000,9999.000,9999.000,9999.000,9999.000,9999.000,9999.000
202605301236,   2.850,   3.017,9999.000,9999.000,9999.000,9999.000,9999.000,9999.000,9999.000
202605301242,   2.693,   2.879,9999.000,9999.000,9999.000,9999.000,9999.000,9999.000,9999.000
202605301248,   2.535,   2.738,9999.000,9999.000,9999.000,9999.000,9999.000,9999.000,9999.000
202605301254,   2.377,   2.568,9999.000,9999.000,9999.000,9999.000,9999.000,9999.000,9999.000
202605301300,   2.217,   2.368,   0.000,   0.151,   2.368,   0.000,   2.368,   0.000,   2.368
202605301306,   2.057,   2.191,9999.000,9999.000,9999.000,9999.000,9999.000,9999.000,9999.000
202605301312,   1.897,   2.040,9999.000,9999.000,9999.000,9999.000,9999.000,9999.000,9999.000
202605301318,   1.737,   1.899,9999.000,9999.000,9999.000,9999.000,9999.000,9999.000,9999.000
202605301324,   1.576,   1.728,9999.000,9999.000,9999.000,9999.000,9999.000,9999.000,9999.000
202605301330,   1.416,   1.548,9999.000,9999.000,9999.000,9999.000,9999.000,9999.000,9999.000
202605301336,   1.256,   1.380,9999.000,9999.000,9999.000,9999.000,9999.000,9999.000,9999.000
202605301342,   1.098,   1.210,9999.000,9999.000,9999.000,9999.000,9999.000,9999.000,9999.000
202605301348,   0.940,   1.039,9999.000,9999.000,9999.000,9999.000,9999.000,9999.000,9999.000
202605301354,   0.784,   0.879,9999.000,9999.000,9999.000,9999.000,9999.000,9999.000,9999.000
202605301400,   0.630,   0.760,   0.000,   0.130,   0.760,   0.000,   0.760,   0.000,   0.760
202605301406,   0.478,   0.590,9999.000,9999.000,9999.000,9999.000,9999.000,9999.000,9999.000
202605301412,   0.329,   0.439,9999.000,9999.000,9999.000,9999.000,9999.000,9999.000,9999.000
202605301418,   0.184,   0.321,9999.000,9999.000,9999.000,9999.000,9999.000,9999.000,9999.000
202605301424,   0.042,   0.170,9999.000,9999.000,9999.000,9999.000,9999.000,9999.000,9999.000
202605301430,  -0.095,   0.009,9999.000,9999.000,9999.000,9999.000,9999.000,9999.000,9999.000
202605301436,  -0.229,  -0.121,9999.000,9999.000,9999.000,9999.000,9999.000,9999.000,9999.000
202605301442,  -0.357,  -0.239,9999.000,9999.000,9999.000,9999.000,9999.000,9999.000,9999.000
202605301448,  -0.479,  -0.370,9999.000,9999.000,9999.000,9999.000,9999.000,9999.000,9999.000
202605301454,  -0.596,  -0.478,9999.000,9999.000,9999.000,9999.000,9999.000,9999.000,9999.000
202605301500,  -0.706,  -0.580,   0.000,   0.126,  -0.580,   0.000,  -0.580,   0.000,  -0.580
202605301506,  -0.810,  -0.688,9999.000,9999.000,9999.000,9999.000,9999.000,9999.000,9999.000
202605301512,  -0.906,  -0.790,9999.000,9999.000,9999.000,9999.000,9999.000,9999.000,9999.000
202605301518,  -0.995,  -0.849,9999.000,9999.000,9999.000,9999.000,9999.000,9999.000,9999.000
202605301524,  -1.075,  -0.918,9999.000,9999.000,9999.000,9999.000,9999.000,9999.000,9999.000
202605301530,  -1.148,  -1.010,9999.000,9999.000,9999.000,9999.000,9999.000,9999.000,9999.000
202605301536,  -1.212,  -1.108,9999.000,9999.000,9999.000,9999.000,9999.000,9999.000,9999.000
202605301542,  -1.268,  -1.161,9999.000,9999.000,9999.000,9999.000,9999.000,9999.000,9999.000
202605301548,  -1.315,  -1.200,9999.000,9999.000,9999.000,9999.000,9999.000,9999.000,9999.000
202605301554,  -1.353,  -1.229,9999.000,9999.000,9999.000,9999.000,9999.000,9999.000,9999.000
202605301600,  -1.383,  -1.259,   0.000,   0.124,  -1.259,   0.000,  -1.259,   0.000,  -1.259
202605301606,  -1.403,  -1.289,9999.000,9999.000,9999.000,9999.000,9999.000,9999.000,9999.000
202605301612,  -1.415,  -1.269,9999.000,9999.000,9999.000,9999.000,9999.000,9999.000,9999.000
202605301618,  -1.418,  -1.249,9999.000,9999.000,9999.000,9999.000,9999.000,9999.000,9999.000
202605301624,  -1.412,  -1.269,9999.000,9999.000,9999.000,9999.000,9999.000,9999.000,9999.000
202605301630,  -1.398,  -1.269,9999.000,9999.000,9999.000,9999.000,9999.000,9999.000,9999.000
202605301636,  -1.376,  -1.220,9999.000,9999.000,9999.000,9999.000,9999.000,9999.000,9999.000
202605301642,  -1.346,  -1.151,9999.000,9999.000,9999.000,9999.000,9999.000,9999.000,9999.000
202605301648,  -1.307,  -1.108,9999.000,9999.000,9999.000,9999.000,9999.000,9999.000,9999.000
202605301654,  -1.262,  -1.069,9999.000,9999.000,9999.000,9999.000,9999.000,9999.000,9999.000
202605301700,  -1.208,  -1.020,   0.000,   0.188,  -1.020,   0.000,  -1.020,   0.000,  -1.020
202605301706,  -1.148,  -0.928,9999.000,9999.000,9999.000,9999.000,9999.000,9999.000,9999.000
202605301712,  -1.082,  -0.859,9999.000,9999.000,9999.000,9999.000,9999.000,9999.000,9999.000
202605301718,  -1.009,  -0.790,9999.000,9999.000,9999.000,9999.000,9999.000,9999.000,9999.000
202605301724,  -0.929,  -0.731,9999.000,9999.000,9999.000,9999.000,9999.000,9999.000,9999.000
202605301730,  -0.845,  -0.639,9999.000,9999.000,9999.000,9999.000,9999.000,9999.000,9999.000
202605301736,  -0.754,  -0.560,9999.000,9999.000,9999.000,9999.000,9999.000,9999.000,9999.000
202605301742,  -0.659,  -0.469,9999.000,9999.000,9999.000,9999.000,9999.000,9999.000,9999.000
202605301748,  -0.558,  -0.331,9999.000,9999.000,9999.000,9999.000,9999.000,9999.000,9999.000
202605301754,  -0.454,  -0.209,9999.000,9999.000,9999.000,9999.000,9999.000,9999.000,9999.000
202605301800,  -0.344,  -0.111,   0.000,   0.233,  -0.111,   0.000,  -0.111,   0.000,  -0.111
202605301806,  -0.231,  -0.049,9999.000,9999.000,9999.000,9999.000,9999.000,9999.000,9999.000
202605301812,  -0.114,   0.049,9999.000,9999.000,9999.000,9999.000,9999.000,9999.000,9999.000
202605301818,   0.006,   0.200,9999.000,9999.000,9999.000,9999.000,9999.000,9999.000,9999.000
202605301824,   0.130,   0.321,9999.000,9999.000,9999.000,9999.000,9999.000,9999.000,9999.000
202605301830,   0.257,   0.409,9999.000,9999.000,9999.000,9999.000,9999.000,9999.000,9999.000
202605301836,   0.387,   0.518,9999.000,9999.000,9999.000,9999.000,9999.000,9999.000,9999.000
202605301842,   0.520,   0.649,9999.000,9999.000,9999.000,9999.000,9999.000,9999.000,9999.000
202605301848,   0.655,   0.810,9999.000,9999.000,9999.000,9999.000,9999.000,9999.000,9999.000
202605301854,   0.793,   0.951,9999.000,9999.000,9999.000,9999.000,9999.000,9999.000,9999.000
202605301900,   0.933,   1.088,   0.000,   0.155,   1.088,   0.000,   1.088,   0.000,   1.088
202605301906,   1.075,   1.229,9999.000,9999.000,9999.000,9999.000,9999.000,9999.000,9999.000
202605301912,   1.219,   1.361,9999.000,9999.000,9999.000,9999.000,9999.000,9999.000,9999.000
202605301918,   1.365,   1.498,9999.000,9999.000,9999.000,9999.000,9999.000,9999.000,9999.000
202605301924,   1.511,   1.649,9999.000,9999.000,9999.000,9999.000,9999.000,9999.000,9999.000
202605301930,   1.660,   1.800,9999.000,9999.000,9999.000,9999.000,9999.000,9999.000,9999.000
202605301936,   1.809,   1.967,9999.000,9999.000,9999.000,9999.000,9999.000,9999.000,9999.000
202605301942,   1.958,   2.128,9999.000,9999.000,9999.000,9999.000,9999.000,9999.000,9999.000
202605301948,   2.108,   2.269,9999.000,9999.000,9999.000,9999.000,9999.000,9999.000,9999.000
202605301954,   2.259,   2.420,9999.000,9999.000,9999.000,9999.000,9999.000,9999.000,9999.000
202605302000,   2.409,   2.597,   0.000,   0.188,   2.597,   0.000,   2.597,   0.000,   2.597
202605302006,   2.559,   2.738,9999.000,9999.000,9999.000,9999.000,9999.000,9999.000,9999.000
202605302012,   2.708,   2.879,9999.000,9999.000,9999.000,9999.000,9999.000,9999.000,9999.000
202605302018,   2.856,   3.030,9999.000,9999.000,9999.000,9999.000,9999.000,9999.000,9999.000
202605302024,   3.002,   3.158,9999.000,9999.000,9999.000,9999.000,9999.000,9999.000,9999.000
202605302030,   3.148,   3.289,9999.000,9999.000,9999.000,9999.000,9999.000,9999.000,9999.000
202605302036,   3.291,   3.480,9999.000,9999.000,9999.000,9999.000,9999.000,9999.000,9999.000
202605302042,   3.431,   3.637,9999.000,9999.000,9999.000,9999.000,9999.000,9999.000,9999.000
202605302048,   3.570,   3.749,9999.000,9999.000,9999.000,9999.000,9999.000,9999.000,9999.000
202605302054,   3.705,   3.880,9999.000,9999.000,9999.000,9999.000,9999.000,9999.000,9999.000
202605302100,   3.837,   4.047,   0.000,   0.210,   4.047,   0.000,   4.047,   0.000,   4.047
202605302106,   3.966,   4.178,9999.000,9999.000,9999.000,9999.000,9999.000,9999.000,9999.000
202605302112,   4.091,   4.290,9999.000,9999.000,9999.000,9999.000,9999.000,9999.000,9999.000
202605302118,   4.213,   4.408,9999.000,9999.000,9999.000,9999.000,9999.000,9999.000,9999.000
202605302124,   4.330,   4.578,9999.000,9999.000,9999.000,9999.000,9999.000,9999.000,9999.000
202605302130,   4.443,   4.719,9999.000,9999.000,9999.000,9999.000,9999.000,9999.000,9999.000
202605302136,   4.552,   4.778,9999.000,9999.000,9999.000,9999.000,9999.000,9999.000,9999.000
202605302142,   4.656,   4.857,9999.000,9999.000,9999.000,9999.000,9999.000,9999.000,9999.000
202605302148,   4.756,   5.028,9999.000,9999.000,9999.000,9999.000,9999.000,9999.000,9999.000
202605302154,   4.852,   5.159,9999.000,9999.000,9999.000,9999.000,9999.000,9999.000,9999.000
202605302200,   4.943,   5.208,   0.000,   0.265,   5.208,  -0.100,   5.108,   0.000,   5.208
202605302206,   5.029,   5.277,9999.000,9999.000,9999.000,9999.000,9999.000,9999.000,9999.000
202605302212,   5.111,   5.418,9999.000,9999.000,9999.000,9999.000,9999.000,9999.000,9999.000
202605302218,   5.189,   5.530,9999.000,9999.000,9999.000,9999.000,9999.000,9999.000,9999.000
202605302224,   5.263,   5.579,9999.000,9999.000,9999.000,9999.000,9999.000,9999.000,9999.000
202605302230,   5.332,   5.598,9999.000,9999.000,9999.000,9999.000,9999.000,9999.000,9999.000
202605302236,   5.398,   5.677,9999.000,9999.000,9999.000,9999.000,9999.000,9999.000,9999.000
202605302242,   5.460,   5.749,9999.000,9999.000,9999.000,9999.000,9999.000,9999.000,9999.000
202605302248,   5.519,   5.789,9999.000,9999.000,9999.000,9999.000,9999.000,9999.000,9999.000
202605302254,   5.574,   5.828,9999.000,9999.000,9999.000,9999.000,9999.000,9999.000,9999.000
202605302300,   5.626,   5.877,   0.000,   0.251,   5.877,  -0.100,   5.777,   0.000,   5.877
202605302306,   5.676,   5.917,9999.000,9999.000,9999.000,9999.000,9999.000,9999.000,9999.000
202605302312,   5.723,   5.926,9999.000,9999.000,9999.000,9999.000,9999.000,9999.000,9999.000
202605302318,   5.767,   5.969,9999.000,9999.000,9999.000,9999.000,9999.000,9999.000,9999.000
202605302324,   5.809,   6.008,9999.000,9999.000,9999.000,9999.000,9999.000,9999.000,9999.000
202605302330,   5.849,   5.999,9999.000,9999.000,9999.000,9999.000,9999.000,9999.000,9999.000
202605302336,   5.887,   5.979,9999.000,9999.000,9999.000,9999.000,9999.000,9999.000,9999.000
202605302342,   5.923,   6.008,9999.000,9999.000,9999.000,9999.000,9999.000,9999.000,9999.000
202605302348,   5.957,   6.008,9999.000,9999.000,9999.000,9999.000,9999.000,9999.000,9999.000
202605302354,   5.990,   6.008,9999.000,9999.000,9999.000,9999.000,9999.000,9999.000,9999.000
202605310000,   6.021,   5.999,   0.100,  -0.122,   5.999,   0.100,   5.999,   0.100,   5.999
202605310006,   6.051,   5.999,9999.000,9999.000,9999.000,9999.000,9999.000,9999.000,9999.000
202605310012,   6.079,   5.989,9999.000,9999.000,9999.000,9999.000,9999.000,9999.000,9999.000
202605310018,   6.106,   6.018,9999.000,9999.000,9999.000,9999.000,9999.000,9999.000,9999.000
202605310024,   6.131,   6.028,9999.000,9999.000,9999.000,9999.000,9999.000,9999.000,9999.000
202605310030,   6.155,   6.018,9999.000,9999.000,9999.000,9999.000,9999.000,9999.000,9999.000
202605310036,   6.176,   6.008,9999.000,9999.000,9999.000,9999.000,9999.000,9999.000,9999.000
202605310042,   6.196,   5.999,9999.000,9999.000,9999.000,9999.000,9999.000,9999.000,9999.000
202605310048,   6.215,   6.018,9999.000,9999.000,9999.000,9999.000,9999.000,9999.000,9999.000
202605310054,   6.231,   6.038,9999.000,9999.000,9999.000,9999.000,9999.000,9999.000,9999.000
202605310100,   6.245,   6.038,   0.100,  -0.307,   6.038,   0.100,   6.038,   0.100,   6.038
202605310106,   6.258,   6.018,9999.000,9999.000,9999.000,9999.000,9999.000,9999.000,9999.000
202605310112,   6.268,   6.038,9999.000,9999.000,9999.000,9999.000,9999.000,9999.000,9999.000
202605310118,   6.276,   6.048,9999.000,9999.000,9999.000,9999.000,9999.000,9999.000,9999.000
202605310124,   6.282,   6.038,9999.000,9999.000,9999.000,9999.000,9999.000,9999.000,9999.000
202605310130,   6.285,   6.048,9999.000,9999.000,9999.000,9999.000,9999.000,9999.000,9999.000
202605310136,   6.286,   6.048,9999.000,9999.000,9999.000,9999.000,9999.000,9999.000,9999.000
202605310142,   6.285,   6.058,9999.000,9999.000,9999.000,9999.000,9999.000,9999.000,9999.000
202605310148,   6.282,   6.048,9999.000,9999.000,9999.000,9999.000,9999.000,9999.000,9999.000
202605310154,   6.276,   6.038,9999.000,9999.000,9999.000,9999.000,9999.000,9999.000,9999.000
202605310200,   6.268,   6.058,   0.100,  -0.310,   6.058,   0.000,   5.958,   0.100,   6.058
202605310206,   6.259,   6.058,9999.000,9999.000,9999.000,9999.000,9999.000,9999.000,9999.000
202605310212,   6.248,   6.077,9999.000,9999.000,9999.000,9999.000,9999.000,9999.000,9999.000
202605310218,   6.235,   6.087,9999.000,9999.000,9999.000,9999.000,9999.000,9999.000,9999.000
202605310224,   6.221,   6.077,9999.000,9999.000,9999.000,9999.000,9999.000,9999.000,9999.000
202605310230,   6.205,   6.058,9999.000,9999.000,9999.000,9999.000,9999.000,9999.000,9999.000
202605310236,   6.189,   6.058,9999.000,9999.000,9999.000,9999.000,9999.000,9999.000,9999.000
202605310242,   6.173,   6.087,9999.000,9999.000,9999.000,9999.000,9999.000,9999.000,9999.000
202605310248,   6.156,   6.067,9999.000,9999.000,9999.000,9999.000,9999.000,9999.000,9999.000
202605310254,   6.138,   6.038,9999.000,9999.000,9999.000,9999.000,9999.000,9999.000,9999.000
202605310300,   6.122,   6.018,   0.100,  -0.204,   6.018,   0.000,   5.918,   0.100,   6.018
202605310306,   6.106,   6.018,9999.000,9999.000,9999.000,9999.000,9999.000,9999.000,9999.000
202605310312,   6.091,   6.028,9999.000,9999.000,9999.000,9999.000,9999.000,9999.000,9999.000
202605310318,   6.077,   6.008,9999.000,9999.000,9999.000,9999.000,9999.000,9999.000,9999.000
202605310324,   6.064,   5.979,9999.000,9999.000,9999.000,9999.000,9999.000,9999.000,9999.000
202605310330,   6.054,   5.959,9999.000,9999.000,9999.000,9999.000,9999.000,9999.000,9999.000
202605310336,   6.045,   5.959,9999.000,9999.000,9999.000,9999.000,9999.000,9999.000,9999.000
202605310342,   6.039,   5.940,9999.000,9999.000,9999.000,9999.000,9999.000,9999.000,9999.000
202605310348,   6.035,   5.940,9999.000,9999.000,9999.000,9999.000,9999.000,9999.000,9999.000
202605310354,   6.034,   5.949,9999.000,9999.000,9999.000,9999.000,9999.000,9999.000,9999.000
202605310400,   6.035,   5.940,   0.100,  -0.195,   5.940,   0.000,   5.840,   0.100,   5.940
202605310406,   6.040,   5.917,9999.000,9999.000,9999.000,9999.000,9999.000,9999.000,9999.000
202605310412,   6.047,   5.907,9999.000,9999.000,9999.000,9999.000,9999.000,9999.000,9999.000
202605310418,   6.057,   5.907,9999.000,9999.000,9999.000,9999.000,9999.000,9999.000,9999.000
202605310424,   6.070,   5.897,9999.000,9999.000,9999.000,9999.000,9999.000,9999.000,9999.000
202605310430,   6.086,   5.877,9999.000,9999.000,9999.000,9999.000,9999.000,9999.000,9999.000
202605310436,   6.105,   5.887,9999.000,9999.000,9999.000,9999.000,9999.000,9999.000,9999.000
202605310442,   6.127,   5.887,9999.000,9999.000,9999.000,9999.000,9999.000,9999.000,9999.000
202605310448,   6.150,   5.917,9999.000,9999.000,9999.000,9999.000,9999.000,9999.000,9999.000
202605310454,   6.177,   5.959,9999.000,9999.000,9999.000,9999.000,9999.000,9999.000,9999.000
202605310500,   6.205,   5.959,   0.000,  -0.246,   5.959,   0.000,   5.959,   0.100,   6.059
202605310506,   6.236,   5.989,9999.000,9999.000,9999.000,9999.000,9999.000,9999.000,9999.000
202605310512,   6.268,   6.048,9999.000,9999.000,9999.000,9999.000,9999.000,9999.000,9999.000
202605310518,   6.302,   6.067,9999.000,9999.000,9999.000,9999.000,9999.000,9999.000,9999.000
202605310524,   6.337,   6.067,9999.000,9999.000,9999.000,9999.000,9999.000,9999.000,9999.000
202605310530,   6.373,   6.159,9999.000,9999.000,9999.000,9999.000,9999.000,9999.000,9999.000
202605310536,   6.410,   6.218,9999.000,9999.000,9999.000,9999.000,9999.000,9999.000,9999.000
202605310542,   6.447,   6.238,9999.000,9999.000,9999.000,9999.000,9999.000,9999.000,9999.000
202605310548,   6.484,   6.277,9999.000,9999.000,9999.000,9999.000,9999.000,9999.000,9999.000
202605310554,   6.522,   6.369,9999.000,9999.000,9999.000,9999.000,9999.000,9999.000,9999.000
202605310600,   6.560,   6.448,   0.000,  -0.112,   6.448,   0.000,   6.448,   0.100,   6.548
202605310606,   6.597,   6.507,9999.000,9999.000,9999.000,9999.000,9999.000,9999.000,9999.000
202605310612,   6.633,   6.537,9999.000,9999.000,9999.000,9999.000,9999.000,9999.000,9999.000
202605310618,   6.669,   6.589,9999.000,9999.000,9999.000,9999.000,9999.000,9999.000,9999.000
202605310624,   6.705,   6.658,9999.000,9999.000,9999.000,9999.000,9999.000,9999.000,9999.000
202605310630,   6.739,   6.697,9999.000,9999.000,9999.000,9999.000,9999.000,9999.000,9999.000
202605310636,   6.772,   6.717,9999.000,9999.000,9999.000,9999.000,9999.000,9999.000,9999.000
202605310642,   6.804,   6.779,9999.000,9999.000,9999.000,9999.000,9999.000,9999.000,9999.000
202605310648,   6.835,   6.848,9999.000,9999.000,9999.000,9999.000,9999.000,9999.000,9999.000
202605310654,   6.864,   6.878,9999.000,9999.000,9999.000,9999.000,9999.000,9999.000,9999.000
202605310700,   6.893,   6.897,   0.000,   0.004,   6.897,   0.000,   6.897,   0.000,   6.897
202605310706,   6.920,   6.956,9999.000,9999.000,9999.000,9999.000,9999.000,9999.000,9999.000
202605310712,   6.945,   6.989,9999.000,9999.000,9999.000,9999.000,9999.000,9999.000,9999.000
202605310718,   6.969,   6.989,9999.000,9999.000,9999.000,9999.000,9999.000,9999.000,9999.000
202605310724,   6.991,   6.989,9999.000,9999.000,9999.000,9999.000,9999.000,9999.000,9999.000
202605310730,   7.012,   7.029,9999.000,9999.000,9999.000,9999.000,9999.000,9999.000,9999.000
202605310736,   7.032,   7.058,9999.000,9999.000,9999.000,9999.000,9999.000,9999.000,9999.000
202605310742,   7.049,   7.058,9999.000,9999.000,9999.000,9999.000,9999.000,9999.000,9999.000
202605310748,   7.065,   7.048,9999.000,9999.000,9999.000,9999.000,9999.000,9999.000,9999.000
202605310754,   7.080,   7.078,9999.000,9999.000,9999.000,9999.000,9999.000,9999.000,9999.000
202605310800,   7.092,   7.107,   0.000,   0.015,   7.107,   0.000,   7.107,   0.100,   7.207
202605310806,   7.102,   7.088,9999.000,9999.000,9999.000,9999.000,9999.000,9999.000,9999.000
202605310812,   7.111,   7.068,9999.000,9999.000,9999.000,9999.000,9999.000,9999.000,9999.000
202605310818,   7.117,   7.107,9999.000,9999.000,9999.000,9999.000,9999.000,9999.000,9999.000
202605310824,   7.120,   7.097,9999.000,9999.000,9999.000,9999.000,9999.000,9999.000,9999.000
202605310830,   7.121,   7.048,9999.000,9999.000,9999.000,9999.000,9999.000,9999.000,9999.000
202605310836,   7.119,   7.058,9999.000,9999.000,9999.000,9999.000,9999.000,9999.000,9999.000
202605310842,   7.115,   7.078,9999.000,9999.000,9999.000,9999.000,9999.000,9999.000,9999.000
202605310848,   7.107,   7.088,9999.000,9999.000,9999.000,9999.000,9999.000,9999.000,9999.000
202605310854,   7.095,   7.038,9999.000,9999.000,9999.000,9999.000,9999.000,9999.000,9999.000
202605310900,   7.080,   6.999,   0.000,  -0.081,   6.999,   0.000,   6.999,   0.100,   7.099
202605310906,   7.061,   7.009,9999.000,9999.000,9999.000,9999.000,9999.000,9999.000,9999.000
202605310912,   7.038,   6.989,9999.000,9999.000,9999.000,9999.000,9999.000,9999.000,9999.000
202605310918,   7.011,   6.927,9999.000,9999.000,9999.000,9999.000,9999.000,9999.000,9999.000
202605310924,   6.979,   6.897,9999.000,9999.000,9999.000,9999.000,9999.000,9999.000,9999.000
202605310930,   6.943,   6.868,9999.000,9999.000,9999.000,9999.000,9999.000,9999.000,9999.000
202605310936,   6.902,   6.789,9999.000,9999.000,9999.000,9999.000,9999.000,9999.000,9999.000
202605310942,   6.855,   6.727,9999.000,9999.000,9999.000,9999.000,9999.000,9999.000,9999.000
202605310948,   6.804,   6.668,9999.000,9999.000,9999.000,9999.000,9999.000,9999.000,9999.000
202605310954,   6.747,   6.609,9999.000,9999.000,9999.000,9999.000,9999.000,9999.000,9999.000
202605311000,   6.685,   6.546,   0.000,  -0.139,   6.546,   0.000,   6.546,   0.000,   6.546
202605311006,   6.617,   6.477,9999.000,9999.000,9999.000,9999.000,9999.000,9999.000,9999.000
202605311012,   6.544,   6.409,9999.000,9999.000,9999.000,9999.000,9999.000,9999.000,9999.000
202605311018,   6.466,   6.336,9999.000,9999.000,9999.000,9999.000,9999.000,9999.000,9999.000
202605311024,   6.382,   6.268,9999.000,9999.000,9999.000,9999.000,9999.000,9999.000,9999.000
202605311030,   6.293,   6.149,9999.000,9999.000,9999.000,9999.000,9999.000,9999.000,9999.000
202605311036,   6.199,   6.058,9999.000,9999.000,9999.000,9999.000,9999.000,9999.000,9999.000
202605311042,   6.100,   5.999,9999.000,9999.000,9999.000,9999.000,9999.000,9999.000,9999.000
202605311048,   5.995,   5.926,9999.000,9999.000,9999.000,9999.000,9999.000,9999.000,9999.000
202605311054,   5.887,   5.818,9999.000,9999.000,9999.000,9999.000,9999.000,9999.000,9999.000
202605311100,   5.773,   5.707,   0.000,  -0.066,   5.707,   0.000,   5.707,   0.000,   5.707
202605311106,   5.655,   5.598,9999.000,9999.000,9999.000,9999.000,9999.000,9999.000,9999.000
202605311112,   5.534,   5.507,9999.000,9999.000,9999.000,9999.000,9999.000,9999.000,9999.000
202605311118,   5.408,   5.379,9999.000,9999.000,9999.000,9999.000,9999.000,9999.000,9999.000
202605311124,   5.279,   5.228,9999.000,9999.000,9999.000,9999.000,9999.000,9999.000,9999.000
202605311130,   5.146,   5.110,9999.000,9999.000,9999.000,9999.000,9999.000,9999.000,9999.000
202605311136,   5.011,   4.998,9999.000,9999.000,9999.000,9999.000,9999.000,9999.000,9999.000
202605311142,   4.872,   4.857,9999.000,9999.000,9999.000,9999.000,9999.000,9999.000,9999.000
202605311148,   4.731,   4.729,9999.000,9999.000,9999.000,9999.000,9999.000,9999.000,9999.000
202605311154,   4.588,   4.618,9999.000,9999.000,9999.000,9999.000,9999.000,9999.000,9999.000
202605311200,   4.443,   4.509,  -0.100,   0.166,   4.509,  -0.100,   4.509,   0.000,   4.609
202605311206,   4.295,   4.368,9999.000,9999.000,9999.000,9999.000,9999.000,9999.000,9999.000
202605311212,   4.146,   4.208,9999.000,9999.000,9999.000,9999.000,9999.000,9999.000,9999.000
202605311218,   3.996,   4.027,9999.000,9999.000,9999.000,9999.000,9999.000,9999.000,9999.000
202605311224,   3.844,   3.880,9999.000,9999.000,9999.000,9999.000,9999.000,9999.000,9999.000
202605311230,   3.691,   3.749,9999.000,9999.000,9999.000,9999.000,9999.000,9999.000,9999.000
202605311236,   3.536,   3.598,9999.000,9999.000,9999.000,9999.000,9999.000,9999.000,9999.000
202605311242,   3.381,   3.440,9999.000,9999.000,9999.000,9999.000,9999.000,9999.000,9999.000
202605311248,   3.225,   3.279,9999.000,9999.000,9999.000,9999.000,9999.000,9999.000,9999.000
202605311254,   3.068,   3.109,9999.000,9999.000,9999.000,9999.000,9999.000,9999.000,9999.000
202605311300,   2.910,   2.958,  -0.100,   0.148,   2.958,  -0.100,   2.958,   0.000,   3.058
202605311306,   2.752,   2.807,9999.000,9999.000,9999.000,9999.000,9999.000,9999.000,9999.000
202605311312,   2.593,   2.640,9999.000,9999.000,9999.000,9999.000,9999.000,9999.000,9999.000
202605311318,   2.433,   2.469,9999.000,9999.000,9999.000,9999.000,9999.000,9999.000,9999.000
202605311324,   2.274,   2.318,9999.000,9999.000,9999.000,9999.000,9999.000,9999.000,9999.000
202605311330,   2.113,   2.148,9999.000,9999.000,9999.000,9999.000,9999.000,9999.000,9999.000
202605311336,   1.953,   1.938,9999.000,9999.000,9999.000,9999.000,9999.000,9999.000,9999.000
202605311342,   1.792,   1.790,9999.000,9999.000,9999.000,9999.000,9999.000,9999.000,9999.000
202605311348,   1.632,   1.669,9999.000,9999.000,9999.000,9999.000,9999.000,9999.000,9999.000
202605311354,   1.472,   1.508,9999.000,9999.000,9999.000,9999.000,9999.000,9999.000,9999.000
202605311400,   1.312,   1.328,  -0.100,   0.116,   1.328,  -0.100,   1.328,   0.000,   1.428
202605311406,   1.152,   1.161,9999.000,9999.000,9999.000,9999.000,9999.000,9999.000,9999.000
202605311412,   0.994,   1.010,9999.000,9999.000,9999.000,9999.000,9999.000,9999.000,9999.000
202605311418,   0.836,   0.859,9999.000,9999.000,9999.000,9999.000,9999.000,9999.000,9999.000
202605311424,   0.680,   0.659,9999.000,9999.000,9999.000,9999.000,9999.000,9999.000,9999.000
202605311430,   0.526,   0.478,9999.000,9999.000,9999.000,9999.000,9999.000,9999.000,9999.000
202605311436,   0.374,   0.341,9999.000,9999.000,9999.000,9999.000,9999.000,9999.000,9999.000
202605311442,   0.224,   0.219,9999.000,9999.000,9999.000,9999.000,9999.000,9999.000,9999.000
202605311448,   0.077,   0.029,9999.000,9999.000,9999.000,9999.000,9999.000,9999.000,9999.000
202605311454,  -0.066,  -0.160,9999.000,9999.000,9999.000,9999.000,9999.000,9999.000,9999.000
202605311500,  -0.206,  -0.278,   0.000,  -0.072,  -0.278,   0.000,  -0.278,   0.000,  -0.278
202605311506,  -0.341,  -0.380,9999.000,9999.000,9999.000,9999.000,9999.000,9999.000,9999.000
202605311512,  -0.473,  -0.518,9999.000,9999.000,9999.000,9999.000,9999.000,9999.000,9999.000
202605311518,  -0.599,  -0.708,9999.000,9999.000,9999.000,9999.000,9999.000,9999.000,9999.000
202605311524,  -0.720,  -0.839,9999.000,9999.000,9999.000,9999.000,9999.000,9999.000,9999.000
202605311530,  -0.834,  -0.908,9999.000,9999.000,9999.000,9999.000,9999.000,9999.000,9999.000
202605311536,  -0.943,  -1.000,9999.000,9999.000,9999.000,9999.000,9999.000,9999.000,9999.000
202605311542,  -1.044,  -1.118,9999.000,9999.000,9999.000,9999.000,9999.000,9999.000,9999.000
202605311548,  -1.139,  -1.220,9999.000,9999.000,9999.000,9999.000,9999.000,9999.000,9999.000
202605311554,  -1.225,  -1.259,9999.000,9999.000,9999.000,9999.000,9999.000,9999.000,9999.000
202605311600,  -1.304,  -1.338,   0.000,  -0.034,  -1.338,  -0.100,  -1.438,   0.000,  -1.338
202605311606,  -1.375,  -1.449,9999.000,9999.000,9999.000,9999.000,9999.000,9999.000,9999.000
202605311612,  -1.437,  -1.508,9999.000,9999.000,9999.000,9999.000,9999.000,9999.000,9999.000
202605311618,  -1.490,  -1.528,9999.000,9999.000,9999.000,9999.000,9999.000,9999.000,9999.000
202605311624,  -1.535,  -1.600,9999.000,9999.000,9999.000,9999.000,9999.000,9999.000,9999.000
202605311630,  -1.570,  -1.639,9999.000,9999.000,9999.000,9999.000,9999.000,9999.000,9999.000
202605311636,  -1.596,  -1.639,9999.000,9999.000,9999.000,9999.000,9999.000,9999.000,9999.000
202605311642,  -1.613,  -1.630,9999.000,9999.000,9999.000,9999.000,9999.000,9999.000,9999.000
202605311648,  -1.621,  -1.630,9999.000,9999.000,9999.000,9999.000,9999.000,9999.000,9999.000
202605311654,  -1.620,  -1.610,9999.000,9999.000,9999.000,9999.000,9999.000,9999.000,9999.000
202605311700,  -1.610,  -1.590,  -0.100,   0.120,  -1.590,  -0.100,  -1.590,  -0.100,  -1.590
202605311706,  -1.591,  -1.600,9999.000,9999.000,9999.000,9999.000,9999.000,9999.000,9999.000
202605311712,  -1.563,  -1.600,9999.000,9999.000,9999.000,9999.000,9999.000,9999.000,9999.000
202605311718,  -1.526,  -1.548,9999.000,9999.000,9999.000,9999.000,9999.000,9999.000,9999.000
202605311724,  -1.482,  -1.469,9999.000,9999.000,9999.000,9999.000,9999.000,9999.000,9999.000
202605311730,  -1.429,  -1.390,9999.000,9999.000,9999.000,9999.000,9999.000,9999.000,9999.000
202605311736,  -1.368,  -1.338,9999.000,9999.000,9999.000,9999.000,9999.000,9999.000,9999.000
202605311742,  -1.300,  -1.259,9999.000,9999.000,9999.000,9999.000,9999.000,9999.000,9999.000
202605311748,  -1.226,  -1.161,9999.000,9999.000,9999.000,9999.000,9999.000,9999.000,9999.000
202605311754,  -1.144,  -1.069,9999.000,9999.000,9999.000,9999.000,9999.000,9999.000,9999.000
202605311800,  -1.056,  -0.980,  -0.100,   0.176,  -0.980,  -0.100,  -0.980,  -0.100,  -0.980
202605311806,  -0.962,  -0.859,9999.000,9999.000,9999.000,9999.000,9999.000,9999.000,9999.000
202605311812,  -0.862,  -0.731,9999.000,9999.000,9999.000,9999.000,9999.000,9999.000,9999.000
202605311818,  -0.757,  -0.639,9999.000,9999.000,9999.000,9999.000,9999.000,9999.000,9999.000
202605311824,  -0.647,  -0.570,9999.000,9999.000,9999.000,9999.000,9999.000,9999.000,9999.000
202605311830,  -0.533,  -0.429,9999.000,9999.000,9999.000,9999.000,9999.000,9999.000,9999.000
202605311836,  -0.414,  -0.298,9999.000,9999.000,9999.000,9999.000,9999.000,9999.000,9999.000
202605311842,  -0.291,  -0.219,9999.000,9999.000,9999.000,9999.000,9999.000,9999.000,9999.000
202605311848,  -0.164,  -0.121,9999.000,9999.000,9999.000,9999.000,9999.000,9999.000,9999.000
202605311854,  -0.034,   0.029,9999.000,9999.000,9999.000,9999.000,9999.000,9999.000,9999.000
202605311900,   0.098,   0.190,   0.000,   0.092,   0.190,  -0.100,   0.090,   0.000,   0.190
202605311906,   0.234,   0.321,9999.000,9999.000,9999.000,9999.000,9999.000,9999.000,9999.000
202605311912,   0.373,   0.409,9999.000,9999.000,9999.000,9999.000,9999.000,9999.000,9999.000
202605311918,   0.515,   0.518,9999.000,9999.000,9999.000,9999.000,9999.000,9999.000,9999.000
202605311924,   0.658,   0.678,9999.000,9999.000,9999.000,9999.000,9999.000,9999.000,9999.000
202605311930,   0.804,   0.810,9999.000,9999.000,9999.000,9999.000,9999.000,9999.000,9999.000
202605311936,   0.952,   0.898,9999.000,9999.000,9999.000,9999.000,9999.000,9999.000,9999.000
202605311942,   1.101,   1.049,9999.000,9999.000,9999.000,9999.000,9999.000,9999.000,9999.000
202605311948,   1.252,   1.210,9999.000,9999.000,9999.000,9999.000,9999.000,9999.000,9999.000
202605311954,   1.404,   1.348,9999.000,9999.000,9999.000,9999.000,9999.000,9999.000,9999.000
202605312000,   1.557,   1.489,   0.000,  -0.068,   1.489,   0.000,   1.489,   0.000,   1.489
202605312006,   1.711,   1.659,9999.000,9999.000,9999.000,9999.000,9999.000,9999.000,9999.000
202605312012,   1.866,   1.820,9999.000,9999.000,9999.000,9999.000,9999.000,9999.000,9999.000
202605312018,   2.021,   1.981,9999.000,9999.000,9999.000,9999.000,9999.000,9999.000,9999.000
202605312024,   2.177,   2.109,9999.000,9999.000,9999.000,9999.000,9999.000,9999.000,9999.000
202605312030,   2.332,   2.269,9999.000,9999.000,9999.000,9999.000,9999.000,9999.000,9999.000
202605312036,   2.488,   2.459,9999.000,9999.000,9999.000,9999.000,9999.000,9999.000,9999.000
202605312042,   2.642,   2.630,9999.000,9999.000,9999.000,9999.000,9999.000,9999.000,9999.000
202605312048,   2.796,   2.728,9999.000,9999.000,9999.000,9999.000,9999.000,9999.000,9999.000
202605312054,   2.950,   2.899,9999.000,9999.000,9999.000,9999.000,9999.000,9999.000,9999.000
202605312100,   3.101,   3.099,   0.000,  -0.002,   3.099,  -0.100,   2.999,   0.000,   3.099
202605312106,   3.251,   3.279,9999.000,9999.000,9999.000,9999.000,9999.000,9999.000,9999.000
202605312112,   3.400,   3.407,9999.000,9999.000,9999.000,9999.000,9999.000,9999.000,9999.000
202605312118,   3.546,   3.548,9999.000,9999.000,9999.000,9999.000,9999.000,9999.000,9999.000
202605312124,   3.690,   3.729,9999.000,9999.000,9999.000,9999.000,9999.000,9999.000,9999.000
202605312130,   3.830,   3.890,9999.000,9999.000,9999.000,9999.000,9999.000,9999.000,9999.000
202605312136,   3.968,   3.988,9999.000,9999.000,9999.000,9999.000,9999.000,9999.000,9999.000
202605312142,   4.103,   4.090,9999.000,9999.000,9999.000,9999.000,9999.000,9999.000,9999.000
202605312148,   4.234,   4.257,9999.000,9999.000,9999.000,9999.000,9999.000,9999.000,9999.000
202605312154,   4.361,   4.418,9999.000,9999.000,9999.000,9999.000,9999.000,9999.000,9999.000
202605312200,   4.484,   4.509,   0.000,   0.025,   4.509,  -0.100,   4.409,   0.000,   4.509
202605312206,   4.603,   4.608,9999.000,9999.000,9999.000,9999.000,9999.000,9999.000,9999.000
202605312212,   4.718,   4.749,9999.000,9999.000,9999.000,9999.000,9999.000,9999.000,9999.000
202605312218,   4.828,   4.887,9999.000,9999.000,9999.000,9999.000,9999.000,9999.000,9999.000
202605312224,   4.934,   4.998,9999.000,9999.000,9999.000,9999.000,9999.000,9999.000,9999.000
202605312230,   5.034,   5.097,9999.000,9999.000,9999.000,9999.000,9999.000,9999.000,9999.000
202605312236,   5.130,   5.179,9999.000,9999.000,9999.000,9999.000,9999.000,9999.000,9999.000
202605312242,   5.222,   5.307,9999.000,9999.000,9999.000,9999.000,9999.000,9999.000,9999.000
202605312248,   5.308,   5.408,9999.000,9999.000,9999.000,9999.000,9999.000,9999.000,9999.000
202605312254,   5.390,   5.457,9999.000,9999.000,9999.000,9999.000,9999.000,9999.000,9999.000
202605312300,   5.468,   5.507,   0.000,   0.039,   5.507,  -0.100,   5.407,   0.000,   5.507
202605312306,   5.541,   5.579,9999.000,9999.000,9999.000,9999.000,9999.000,9999.000,9999.000
202605312312,   5.609,   5.657,9999.000,9999.000,9999.000,9999.000,9999.000,9999.000,9999.000
202605312318,   5.673,   5.749,9999.000,9999.000,9999.000,9999.000,9999.000,9999.000,9999.000
202605312324,   5.734,   5.848,9999.000,9999.000,9999.000,9999.000,9999.000,9999.000,9999.000
202605312330,   5.790,   5.877,9999.000,9999.000,9999.000,9999.000,9999.000,9999.000,9999.000
202605312336,   5.843,   5.926,9999.000,9999.000,9999.000,9999.000,9999.000,9999.000,9999.000
202605312342,   5.892,   5.989,9999.000,9999.000,9999.000,9999.000,9999.000,9999.000,9999.000
202605312348,   5.938,   6.028,9999.000,9999.000,9999.000,9999.000,9999.000,9999.000,9999.000
202605312354,   5.981,   6.028,9999.000,9999.000,9999.000,9999.000,9999.000,9999.000,9999.000
202606010000,   6.022,   6.028,   0.000,   0.006,   6.028,   0.000,   6.028,   0.000,   6.028
202606010006,   6.060,9999.000,9999.000,9999.000,9999.000,9999.000,9999.000,9999.000,9999.000
202606010012,   6.095,9999.000,9999.000,9999.000,9999.000,9999.000,9999.000,9999.000,9999.000
202606010018,   6.128,9999.000,9999.000,9999.000,9999.000,9999.000,9999.000,9999.000,9999.000
202606010024,   6.159,9999.000,9999.000,9999.000,9999.000,9999.000,9999.000,9999.000,9999.000
202606010030,   6.188,9999.000,9999.000,9999.000,9999.000,9999.000,9999.000,9999.000,9999.000
202606010036,   6.215,9999.000,9999.000,9999.000,9999.000,9999.000,9999.000,9999.000,9999.000
202606010042,   6.241,9999.000,9999.000,9999.000,9999.000,9999.000,9999.000,9999.000,9999.000
202606010048,   6.265,9999.000,9999.000,9999.000,9999.000,9999.000,9999.000,9999.000,9999.000
202606010054,   6.287,9999.000,9999.000,9999.000,9999.000,9999.000,9999.000,9999.000,9999.000
202606010100,   6.308,9999.000,   0.000,   0.003,   6.311,   0.000,   6.311,   0.000,   6.311
202606010106,   6.327,9999.000,9999.000,9999.000,9999.000,9999.000,9999.000,9999.000,9999.000
202606010112,   6.345,9999.000,9999.000,9999.000,9999.000,9999.000,9999.000,9999.000,9999.000
202606010118,   6.362,9999.000,9999.000,9999.000,9999.000,9999.000,9999.000,9999.000,9999.000
202606010124,   6.376,9999.000,9999.000,9999.000,9999.000,9999.000,9999.000,9999.000,9999.000
202606010130,   6.389,9999.000,9999.000,9999.000,9999.000,9999.000,9999.000,9999.000,9999.000
202606010136,   6.401,9999.000,9999.000,9999.000,9999.000,9999.000,9999.000,9999.000,9999.000
202606010142,   6.411,9999.000,9999.000,9999.000,9999.000,9999.000,9999.000,9999.000,9999.000
202606010148,   6.419,9999.000,9999.000,9999.000,9999.000,9999.000,9999.000,9999.000,9999.000
202606010154,   6.425,9999.000,9999.000,9999.000,9999.000,9999.000,9999.000,9999.000,9999.000
202606010200,   6.429,9999.000,   0.000,   0.000,   6.429,  -0.100,   6.329,   0.000,   6.429
202606010206,   6.432,9999.000,9999.000,9999.000,9999.000,9999.000,9999.000,9999.000,9999.000
202606010212,   6.432,9999.000,9999.000,9999.000,9999.000,9999.000,9999.000,9999.000,9999.000
202606010218,   6.431,9999.000,9999.000,9999.000,9999.000,9999.000,9999.000,9999.000,9999.000
202606010224,   6.428,9999.000,9999.000,9999.000,9999.000,9999.000,9999.000,9999.000,9999.000
202606010230,   6.423,9999.000,9999.000,9999.000,9999.000,9999.000,9999.000,9999.000,9999.000
202606010236,   6.416,9999.000,9999.000,9999.000,9999.000,9999.000,9999.000,9999.000,9999.000
202606010242,   6.407,9999.000,9999.000,9999.000,9999.000,9999.000,9999.000,9999.000,9999.000
202606010248,   6.397,9999.000,9999.000,9999.000,9999.000,9999.000,9999.000,9999.000,9999.000
202606010254,   6.386,9999.000,9999.000,9999.000,9999.000,9999.000,9999.000,9999.000,9999.000
202606010300,   6.373,9999.000,   0.000,  -0.003,   6.370,  -0.100,   6.270,   0.000,   6.370
202606010306,   6.359,9999.000,9999.000,9999.000,9999.000,9999.000,9999.000,9999.000,9999.000
202606010312,   6.344,9999.000,9999.000,9999.000,9999.000,9999.000,9999.000,9999.000,9999.000
202606010318,   6.329,9999.000,9999.000,9999.000,9999.000,9999.000,9999.000,9999.000,9999.000
202606010324,   6.313,9999.000,9999.000,9999.000,9999.000,9999.000,9999.000,9999.000,9999.000
202606010330,   6.298,9999.000,9999.000,9999.000,9999.000,9999.000,9999.000,9999.000,9999.000
202606010336,   6.282,9999.000,9999.000,9999.000,9999.000,9999.000,9999.000,9999.000,9999.000
202606010342,   6.267,9999.000,9999.000,9999.000,9999.000,9999.000,9999.000,9999.000,9999.000
202606010348,   6.252,9999.000,9999.000,9999.000,9999.000,9999.000,9999.000,9999.000,9999.000
202606010354,   6.238,9999.000,9999.000,9999.000,9999.000,9999.000,9999.000,9999.000,9999.000
202606010400,   6.226,9999.000,   0.000,  -0.006,   6.220,  -0.100,   6.120,   0.000,   6.220
202606010406,   6.215,9999.000,9999.000,9999.000,9999.000,9999.000,9999.000,9999.000,9999.000
202606010412,   6.206,9999.000,9999.000,9999.000,9999.000,9999.000,9999.000,9999.000,9999.000
202606010418,   6.199,9999.000,9999.000,9999.000,9999.000,9999.000,9999.000,9999.000,9999.000
202606010424,   6.195,9999.000,9999.000,9999.000,9999.000,9999.000,9999.000,9999.000,9999.000
202606010430,   6.192,9999.000,9999.000,9999.000,9999.000,9999.000,9999.000,9999.000,9999.000
202606010436,   6.192,9999.000,9999.000,9999.000,9999.000,9999.000,9999.000,9999.000,9999.000
202606010442,   6.195,9999.000,9999.000,9999.000,9999.000,9999.000,9999.000,9999.000,9999.000
202606010448,   6.201,9999.000,9999.000,9999.000,9999.000,9999.000,9999.000,9999.000,9999.000
202606010454,   6.209,9999.000,9999.000,9999.000,9999.000,9999.000,9999.000,9999.000,9999.000
202606010500,   6.220,9999.000,   0.000,  -0.009,   6.211,   0.000,   6.211,   0.000,   6.211
202606010506,   6.234,9999.000,9999.000,9999.000,9999.000,9999.000,9999.000,9999.000,9999.000
202606010512,   6.251,9999.000,9999.000,9999.000,9999.000,9999.000,9999.000,9999.000,9999.000
202606010518,   6.270,9999.000,9999.000,9999.000,9999.000,9999.000,9999.000,9999.000,9999.000
202606010524,   6.292,9999.000,9999.000,9999.000,9999.000,9999.000,9999.000,9999.000,9999.000
202606010530,   6.317,9999.000,9999.000,9999.000,9999.000,9999.000,9999.000,9999.000,9999.000
202606010536,   6.343,9999.000,9999.000,9999.000,9999.000,9999.000,9999.000,9999.000,9999.000
202606010542,   6.372,9999.000,9999.000,9999.000,9999.000,9999.000,9999.000,9999.000,9999.000
202606010548,   6.402,9999.000,9999.000,9999.000,9999.000,9999.000,9999.000,9999.000,9999.000
202606010554,   6.434,9999.000,9999.000,9999.000,9999.000,9999.000,9999.000,9999.000,9999.000
202606010600,   6.467,9999.000,   0.000,  -0.012,   6.455,   0.000,   6.455,   0.000,   6.455
202606010606,   6.501,9999.000,9999.000,9999.000,9999.000,9999.000,9999.000,9999.000,9999.000
202606010612,   6.536,9999.000,9999.000,9999.000,9999.000,9999.000,9999.000,9999.000,9999.000
202606010618,   6.571,9999.000,9999.000,9999.000,9999.000,9999.000,9999.000,9999.000,9999.000
202606010624,   6.607,9999.000,9999.000,9999.000,9999.000,9999.000,9999.000,9999.000,9999.000
202606010630,   6.643,9999.000,9999.000,9999.000,9999.000,9999.000,9999.000,9999.000,9999.000
202606010636,   6.678,9999.000,9999.000,9999.000,9999.000,9999.000,9999.000,9999.000,9999.000
202606010642,   6.713,9999.000,9999.000,9999.000,9999.000,9999.000,9999.000,9999.000,9999.000
202606010648,   6.747,9999.000,9999.000,9999.000,9999.000,9999.000,9999.000,9999.000,9999.000
202606010654,   6.780,9999.000,9999.000,9999.000,9999.000,9999.000,9999.000,9999.000,9999.000
202606010700,   6.813,9999.000,   0.000,  -0.015,   6.798,   0.000,   6.798,   0.000,   6.798
202606010706,   6.843,9999.000,9999.000,9999.000,9999.000,9999.000,9999.000,9999.000,9999.000
202606010712,   6.873,9999.000,9999.000,9999.000,9999.000,9999.000,9999.000,9999.000,9999.000
202606010718,   6.901,9999.000,9999.000,9999.000,9999.000,9999.000,9999.000,9999.000,9999.000
202606010724,   6.927,9999.000,9999.000,9999.000,9999.000,9999.000,9999.000,9999.000,9999.000
202606010730,   6.952,9999.000,9999.000,9999.000,9999.000,9999.000,9999.000,9999.000,9999.000
202606010736,   6.975,9999.000,9999.000,9999.000,9999.000,9999.000,9999.000,9999.000,9999.000
202606010742,   6.996,9999.000,9999.000,9999.000,9999.000,9999.000,9999.000,9999.000,9999.000
202606010748,   7.015,9999.000,9999.000,9999.000,9999.000,9999.000,9999.000,9999.000,9999.000
202606010754,   7.032,9999.000,9999.000,9999.000,9999.000,9999.000,9999.000,9999.000,9999.000
202606010800,   7.047,9999.000,   0.000,  -0.018,   7.029,  -0.100,   6.929,   0.000,   7.029
202606010806,   7.061,9999.000,9999.000,9999.000,9999.000,9999.000,9999.000,9999.000,9999.000
202606010812,   7.072,9999.000,9999.000,9999.000,9999.000,9999.000,9999.000,9999.000,9999.000
202606010818,   7.082,9999.000,9999.000,9999.000,9999.000,9999.000,9999.000,9999.000,9999.000
202606010824,   7.089,9999.000,9999.000,9999.000,9999.000,9999.000,9999.000,9999.000,9999.000
202606010830,   7.094,9999.000,9999.000,9999.000,9999.000,9999.000,9999.000,9999.000,9999.000
202606010836,   7.097,9999.000,9999.000,9999.000,9999.000,9999.000,9999.000,9999.000,9999.000
202606010842,   7.098,9999.000,9999.000,9999.000,9999.000,9999.000,9999.000,9999.000,9999.000
202606010848,   7.097,9999.000,9999.000,9999.000,9999.000,9999.000,9999.000,9999.000,9999.000
202606010854,   7.094,9999.000,9999.000,9999.000,9999.000,9999.000,9999.000,9999.000,9999.000
202606010900,   7.088,9999.000,   0.000,  -0.021,   7.067,  -0.100,   6.967,   0.000,   7.067
202606010906,   7.080,9999.000,9999.000,9999.000,9999.000,9999.000,9999.000,9999.000,9999.000
202606010912,   7.069,9999.000,9999.000,9999.000,9999.000,9999.000,9999.000,9999.000,9999.000
202606010918,   7.055,9999.000,9999.000,9999.000,9999.000,9999.000,9999.000,9999.000,9999.000
202606010924,   7.039,9999.000,9999.000,9999.000,9999.000,9999.000,9999.000,9999.000,9999.000
202606010930,   7.019,9999.000,9999.000,9999.000,9999.000,9999.000,9999.000,9999.000,9999.000
202606010936,   6.997,9999.000,9999.000,9999.000,9999.000,9999.000,9999.000,9999.000,9999.000
202606010942,   6.971,9999.000,9999.000,9999.000,9999.000,9999.000,9999.000,9999.000,9999.000
202606010948,   6.941,9999.000,9999.000,9999.000,9999.000,9999.000,9999.000,9999.000,9999.000
202606010954,   6.908,9999.000,9999.000,9999.000,9999.000,9999.000,9999.000,9999.000,9999.000
202606011000,   6.870,9999.000,   0.000,  -0.024,   6.846,   0.000,   6.846,   0.000,   6.846
202606011006,   6.829,9999.000,9999.000,9999.000,9999.000,9999.000,9999.000,9999.000,9999.000
202606011012,   6.783,9999.000,9999.000,9999.000,9999.000,9999.000,9999.000,9999.000,9999.000
202606011018,   6.733,9999.000,9999.000,9999.000,9999.000,9999.000,9999.000,9999.000,9999.000
202606011024,   6.678,9999.000,9999.000,9999.000,9999.000,9999.000,9999.000,9999.000,9999.000
202606011030,   6.619,9999.000,9999.000,9999.000,9999.000,9999.000,9999.000,9999.000,9999.000
202606011036,   6.554,9999.000,9999.000,9999.000,9999.000,9999.000,9999.000,9999.000,9999.000
202606011042,   6.485,9999.000,9999.000,9999.000,9999.000,9999.000,9999.000,9999.000,9999.000
202606011048,   6.411,9999.000,9999.000,9999.000,9999.000,9999.000,9999.000,9999.000,9999.000
202606011054,   6.332,9999.000,9999.000,9999.000,9999.000,9999.000,9999.000,9999.000,9999.000
202606011100,   6.247,9999.000,   0.000,  -0.027,   6.220,   0.000,   6.220,   0.000,   6.220
202606011106,   6.158,9999.000,9999.000,9999.000,9999.000,9999.000,9999.000,9999.000,9999.000
202606011112,   6.063,9999.000,9999.000,9999.000,9999.000,9999.000,9999.000,9999.000,9999.000
202606011118,   5.964,9999.000,9999.000,9999.000,9999.000,9999.000,9999.000,9999.000,9999.000
202606011124,   5.860,9999.000,9999.000,9999.000,9999.000,9999.000,9999.000,9999.000,9999.000
202606011130,   5.751,9999.000,9999.000,9999.000,9999.000,9999.000,9999.000,9999.000,9999.000
202606011136,   5.638,9999.000,9999.000,9999.000,9999.000,9999.000,9999.000,9999.000,9999.000
202606011142,   5.520,9999.000,9999.000,9999.000,9999.000,9999.000,9999.000,9999.000,9999.000
202606011148,   5.398,9999.000,9999.000,9999.000,9999.000,9999.000,9999.000,9999.000,9999.000
202606011154,   5.272,9999.000,9999.000,9999.000,9999.000,9999.000,9999.000,9999.000,9999.000
202606011200,   5.143,9999.000,   0.000,  -0.030,   5.113,   0.000,   5.113,   0.000,   5.113
202606011206,   5.010,9999.000,9999.000,9999.000,9999.000,9999.000,9999.000,9999.000,9999.000
202606011212,   4.873,9999.000,9999.000,9999.000,9999.000,9999.000,9999.000,9999.000,9999.000
202606011218,   4.734,9999.000,9999.000,9999.000,9999.000,9999.000,9999.000,9999.000,9999.000
202606011224,   4.592,9999.000,9999.000,9999.000,9999.000,9999.000,9999.000,9999.000,9999.000
202606011230,   4.447,9999.000,9999.000,9999.000,9999.000,9999.000,9999.000,9999.000,9999.000
202606011236,   4.300,9999.000,9999.000,9999.000,9999.000,9999.000,9999.000,9999.000,9999.000
202606011242,   4.151,9999.000,9999.000,9999.000,9999.000,9999.000,9999.000,9999.000,9999.000
202606011248,   4.000,9999.000,9999.000,9999.000,9999.000,9999.000,9999.000,9999.000,9999.000
202606011254,   3.848,9999.000,9999.000,9999.000,9999.000,9999.000,9999.000,9999.000,9999.000
202606011300,   3.694,9999.000,   0.000,  -0.030,   3.664,   0.000,   3.664,   0.000,   3.664
202606011306,   3.539,9999.000,9999.000,9999.000,9999.000,9999.000,9999.000,9999.000,9999.000
202606011312,   3.383,9999.000,9999.000,9999.000,9999.000,9999.000,9999.000,9999.000,9999.000
202606011318,   3.226,9999.000,9999.000,9999.000,9999.000,9999.000,9999.000,9999.000,9999.000
202606011324,   3.068,9999.000,9999.000,9999.000,9999.000,9999.000,9999.000,9999.000,9999.000
202606011330,   2.910,9999.000,9999.000,9999.000,9999.000,9999.000,9999.000,9999.000,9999.000
202606011336,   2.751,9999.000,9999.000,9999.000,9999.000,9999.000,9999.000,9999.000,9999.000
202606011342,   2.592,9999.000,9999.000,9999.000,9999.000,9999.000,9999.000,9999.000,9999.000
202606011348,   2.433,9999.000,9999.000,9999.000,9999.000,9999.000,9999.000,9999.000,9999.000
202606011354,   2.274,9999.000,9999.000,9999.000,9999.000,9999.000,9999.000,9999.000,9999.000
202606011400,   2.115,9999.000,   0.000,  -0.030,   2.085,  -0.100,   1.985,   0.000,   2.085
202606011406,   1.955,9999.000,9999.000,9999.000,9999.000,9999.000,9999.000,9999.000,9999.000
202606011412,   1.797,9999.000,9999.000,9999.000,9999.000,9999.000,9999.000,9999.000,9999.000
202606011418,   1.638,9999.000,9999.000,9999.000,9999.000,9999.000,9999.000,9999.000,9999.000
202606011424,   1.480,9999.000,9999.000,9999.000,9999.000,9999.000,9999.000,9999.000,9999.000
202606011430,   1.323,9999.000,9999.000,9999.000,9999.000,9999.000,9999.000,9999.000,9999.000
202606011436,   1.166,9999.000,9999.000,9999.000,9999.000,9999.000,9999.000,9999.000,9999.000
202606011442,   1.010,9999.000,9999.000,9999.000,9999.000,9999.000,9999.000,9999.000,9999.000
202606011448,   0.856,9999.000,9999.000,9999.000,9999.000,9999.000,9999.000,9999.000,9999.000
202606011454,   0.703,9999.000,9999.000,9999.000,9999.000,9999.000,9999.000,9999.000,9999.000
202606011500,   0.552,9999.000,   0.000,  -0.030,   0.522,   0.000,   0.522,   0.000,   0.522
202606011506,   0.402,9999.000,9999.000,9999.000,9999.000,9999.000,9999.000,9999.000,9999.000
202606011512,   0.255,9999.000,9999.000,9999.000,9999.000,9999.000,9999.000,9999.000,9999.000
202606011518,   0.111,9999.000,9999.000,9999.000,9999.000,9999.000,9999.000,9999.000,9999.000
202606011524,  -0.030,9999.000,9999.000,9999.000,9999.000,9999.000,9999.000,9999.000,9999.000
202606011530,  -0.169,9999.000,9999.000,9999.000,9999.000,9999.000,9999.000,9999.000,9999.000
202606011536,  -0.304,9999.000,9999.000,9999.000,9999.000,9999.000,9999.000,9999.000,9999.000
202606011542,  -0.434,9999.000,9999.000,9999.000,9999.000,9999.000,9999.000,9999.000,9999.000
202606011548,  -0.561,9999.000,9999.000,9999.000,9999.000,9999.000,9999.000,9999.000,9999.000
202606011554,  -0.682,9999.000,9999.000,9999.000,9999.000,9999.000,9999.000,9999.000,9999.000
202606011600,  -0.799,9999.000,   0.000,  -0.030,  -0.829,   0.000,  -0.829,   0.100,  -0.729
202606011606,  -0.909,9999.000,9999.000,9999.000,9999.000,9999.000,9999.000,9999.000,9999.000
202606011612,  -1.014,9999.000,9999.000,9999.000,9999.000,9999.000,9999.000,9999.000,9999.000
202606011618,  -1.112,9999.000,9999.000,9999.000,9999.000,9999.000,9999.000,9999.000,9999.000
202606011624,  -1.203,9999.000,9999.000,9999.000,9999.000,9999.000,9999.000,9999.000,9999.000
202606011630,  -1.287,9999.000,9999.000,9999.000,9999.000,9999.000,9999.000,9999.000,9999.000
202606011636,  -1.364,9999.000,9999.000,9999.000,9999.000,9999.000,9999.000,9999.000,9999.000
202606011642,  -1.432,9999.000,9999.000,9999.000,9999.000,9999.000,9999.000,9999.000,9999.000
202606011648,  -1.492,9999.000,9999.000,9999.000,9999.000,9999.000,9999.000,9999.000,9999.000
202606011654,  -1.544,9999.000,9999.000,9999.000,9999.000,9999.000,9999.000,9999.000,9999.000
202606011700,  -1.587,9999.000,   0.000,  -0.030,  -1.617,   0.000,  -1.617,   0.000,  -1.617
202606011706,  -1.621,9999.000,9999.000,9999.000,9999.000,9999.000,9999.000,9999.000,9999.000
202606011712,  -1.647,9999.000,9999.000,9999.000,9999.000,9999.000,9999.000,9999.000,9999.000
202606011718,  -1.663,9999.000,9999.000,9999.000,9999.000,9999.000,9999.000,9999.000,9999.000
202606011724,  -1.670,9999.000,9999.000,9999.000,9999.000,9999.000,9999.000,9999.000,9999.000
202606011730,  -1.667,9999.000,9999.000,9999.000,9999.000,9999.000,9999.000,9999.000,9999.000
202606011736,  -1.656,9999.000,9999.000,9999.000,9999.000,9999.000,9999.000,9999.000,9999.000
202606011742,  -1.636,9999.000,9999.000,9999.000,9999.000,9999.000,9999.000,9999.000,9999.000
202606011748,  -1.607,9999.000,9999.000,9999.000,9999.000,9999.000,9999.000,9999.000,9999.000
202606011754,  -1.569,9999.000,9999.000,9999.000,9999.000,9999.000,9999.000,9999.000,9999.000
202606011800,  -1.523,9999.000,   0.000,  -0.030,  -1.553,   0.000,  -1.553,   0.000,  -1.553
202606011806,  -1.468,9999.000,9999.000,9999.000,9999.000,9999.000,9999.000,9999.000,9999.000
202606011812,  -1.406,9999.000,9999.000,9999.000,9999.000,9999.000,9999.000,9999.000,9999.000
202606011818,  -1.335,9999.000,9999.000,9999.000,9999.000,9999.000,9999.000,9999.000,9999.000
202606011824,  -1.258,9999.000,9999.000,9999.000,9999.000,9999.000,9999.000,9999.000,9999.000
202606011830,  -1.173,9999.000,9999.000,9999.000,9999.000,9999.000,9999.000,9999.000,9999.000
202606011836,  -1.082,9999.000,9999.000,9999.000,9999.000,9999.000,9999.000,9999.000,9999.000
202606011842,  -0.985,9999.000,9999.000,9999.000,9999.000,9999.000,9999.000,9999.000,9999.000
202606011848,  -0.882,9999.000,9999.000,9999.000,9999.000,9999.000,9999.000,9999.000,9999.000
202606011854,  -0.773,9999.000,9999.000,9999.000,9999.000,9999.000,9999.000,9999.000,9999.000
202606011900,  -0.659,9999.000,   0.000,  -0.030,  -0.689,   0.000,  -0.689,   0.000,  -0.689
202606011906,  -0.540,9999.000,9999.000,9999.000,9999.000,9999.000,9999.000,9999.000,9999.000
202606011912,  -0.417,9999.000,9999.000,9999.000,9999.000,9999.000,9999.000,9999.000,9999.000
202606011918,  -0.290,9999.000,9999.000,9999.000,9999.000,9999.000,9999.000,9999.000,9999.000
202606011924,  -0.159,9999.000,9999.000,9999.000,9999.000,9999.000,9999.000,9999.000,9999.000
202606011930,  -0.024,9999.000,9999.000,9999.000,9999.000,9999.000,9999.000,9999.000,9999.000
202606011936,   0.112,9999.000,9999.000,9999.000,9999.000,9999.000,9999.000,9999.000,9999.000
202606011942,   0.252,9999.000,9999.000,9999.000,9999.000,9999.000,9999.000,9999.000,9999.000
202606011948,   0.395,9999.000,9999.000,9999.000,9999.000,9999.000,9999.000,9999.000,9999.000
202606011954,   0.540,9999.000,9999.000,9999.000,9999.000,9999.000,9999.000,9999.000,9999.000
202606012000,   0.687,9999.000,   0.100,  -0.030,   0.757,   0.000,   0.657,   0.100,   0.757
202606012006,   0.835,9999.000,9999.000,9999.000,9999.000,9999.000,9999.000,9999.000,9999.000
202606012012,   0.986,9999.000,9999.000,9999.000,9999.000,9999.000,9999.000,9999.000,9999.000
202606012018,   1.137,9999.000,9999.000,9999.000,9999.000,9999.000,9999.000,9999.000,9999.000
202606012024,   1.290,9999.000,9999.000,9999.000,9999.000,9999.000,9999.000,9999.000,9999.000
202606012030,   1.444,9999.000,9999.000,9999.000,9999.000,9999.000,9999.000,9999.000,9999.000
202606012036,   1.598,9999.000,9999.000,9999.000,9999.000,9999.000,9999.000,9999.000,9999.000
202606012042,   1.753,9999.000,9999.000,9999.000,9999.000,9999.000,9999.000,9999.000,9999.000
202606012048,   1.909,9999.000,9999.000,9999.000,9999.000,9999.000,9999.000,9999.000,9999.000
202606012054,   2.064,9999.000,9999.000,9999.000,9999.000,9999.000,9999.000,9999.000,9999.000
202606012100,   2.220,9999.000,   0.100,  -0.030,   2.290,   0.000,   2.190,   0.200,   2.390
202606012106,   2.376,9999.000,9999.000,9999.000,9999.000,9999.000,9999.000,9999.000,9999.000
202606012112,   2.531,9999.000,9999.000,9999.000,9999.000,9999.000,9999.000,9999.000,9999.000
202606012118,   2.686,9999.000,9999.000,9999.000,9999.000,9999.000,9999.000,9999.000,9999.000
202606012124,   2.840,9999.000,9999.000,9999.000,9999.000,9999.000,9999.000,9999.000,9999.000
202606012130,   2.993,9999.000,9999.000,9999.000,9999.000,9999.000,9999.000,9999.000,9999.000
202606012136,   3.145,9999.000,9999.000,9999.000,9999.000,9999.000,9999.000,9999.000,9999.000
202606012142,   3.296,9999.000,9999.000,9999.000,9999.000,9999.000,9999.000,9999.000,9999.000
202606012148,   3.445,9999.000,9999.000,9999.000,9999.000,9999.000,9999.000,9999.000,9999.000
202606012154,   3.591,9999.000,9999.000,9999.000,9999.000,9999.000,9999.000,9999.000,9999.000
202606012200,   3.736,9999.000,   0.100,  -0.030,   3.806,   0.000,   3.706,   0.100,   3.806
202606012206,   3.878,9999.000,9999.000,9999.000,9999.000,9999.000,9999.000,9999.000,9999.000
202606012212,   4.018,9999.000,9999.000,9999.000,9999.000,9999.000,9999.000,9999.000,9999.000
202606012218,   4.154,9999.000,9999.000,9999.000,9999.000,9999.000,9999.000,9999.000,9999.000
202606012224,   4.288,9999.000,9999.000,9999.000,9999.000,9999.000,9999.000,9999.000,9999.000
202606012230,   4.418,9999.000,9999.000,9999.000,9999.000,9999.000,9999.000,9999.000,9999.000
202606012236,   4.544,9999.000,9999.000,9999.000,9999.000,9999.000,9999.000,9999.000,9999.000
202606012242,   4.666,9999.000,9999.000,9999.000,9999.000,9999.000,9999.000,9999.000,9999.000
202606012248,   4.784,9999.000,9999.000,9999.000,9999.000,9999.000,9999.000,9999.000,9999.000
202606012254,   4.898,9999.000,9999.000,9999.000,9999.000,9999.000,9999.000,9999.000,9999.000
202606012300,   5.008,9999.000,   0.000,  -0.030,   4.978,   0.000,   4.978,   0.000,   4.978
202606012306,   5.113,9999.000,9999.000,9999.000,9999.000,9999.000,9999.000,9999.000,9999.000
202606012312,   5.213,9999.000,9999.000,9999.000,9999.000,9999.000,9999.000,9999.000,9999.000
202606012318,   5.309,9999.000,9999.000,9999.000,9999.000,9999.000,9999.000,9999.000,9999.000
202606012324,   5.400,9999.000,9999.000,9999.000,9999.000,9999.000,9999.000,9999.000,9999.000
202606012330,   5.486,9999.000,9999.000,9999.000,9999.000,9999.000,9999.000,9999.000,9999.000
202606012336,   5.567,9999.000,9999.000,9999.000,9999.000,9999.000,9999.000,9999.000,9999.000
202606012342,   5.644,9999.000,9999.000,9999.000,9999.000,9999.000,9999.000,9999.000,9999.000
202606012348,   5.715,9999.000,9999.000,9999.000,9999.000,9999.000,9999.000,9999.000,9999.000
202606012354,   5.783,9999.000,9999.000,9999.000,9999.000,9999.000,9999.000,9999.000,9999.000
202606020000,   5.845,9999.000,   0.100,  -0.030,   5.915,   0.000,   5.815,   0.100,   5.915
202606020006,   5.904,9999.000,9999.000,9999.000,9999.000,9999.000,9999.000,9999.000,9999.000
202606020012,   5.958,9999.000,9999.000,9999.000,9999.000,9999.000,9999.000,9999.000,9999.000
202606020018,   6.008,9999.000,9999.000,9999.000,9999.000,9999.000,9999.000,9999.000,9999.000
202606020024,   6.055,9999.000,9999.000,9999.000,9999.000,9999.000,9999.000,9999.000,9999.000
202606020030,   6.098,9999.000,9999.000,9999.000,9999.000,9999.000,9999.000,9999.000,9999.000
202606020036,   6.137,9999.000,9999.000,9999.000,9999.000,9999.000,9999.000,9999.000,9999.000
202606020042,   6.174,9999.000,9999.000,9999.000,9999.000,9999.000,9999.000,9999.000,9999.000
202606020048,   6.207,9999.000,9999.000,9999.000,9999.000,9999.000,9999.000,9999.000,9999.000
202606020054,   6.237,9999.000,9999.000,9999.000,9999.000,9999.000,9999.000,9999.000,9999.000
202606020100,   6.265,9999.000,   0.100,  -0.030,   6.335,   0.100,   6.335,   0.200,   6.435
202606020106,   6.291,9999.000,9999.000,9999.000,9999.000,9999.000,9999.000,9999.000,9999.000
202606020112,   6.314,9999.000,9999.000,9999.000,9999.000,9999.000,9999.000,9999.000,9999.000
202606020118,   6.336,9999.000,9999.000,9999.000,9999.000,9999.000,9999.000,9999.000,9999.000
202606020124,   6.355,9999.000,9999.000,9999.000,9999.000,9999.000,9999.000,9999.000,9999.000
202606020130,   6.373,9999.000,9999.000,9999.000,9999.000,9999.000,9999.000,9999.000,9999.000
202606020136,   6.389,9999.000,9999.000,9999.000,9999.000,9999.000,9999.000,9999.000,9999.000
202606020142,   6.404,9999.000,9999.000,9999.000,9999.000,9999.000,9999.000,9999.000,9999.000
202606020148,   6.417,9999.000,9999.000,9999.000,9999.000,9999.000,9999.000,9999.000,9999.000
202606020154,   6.428,9999.000,9999.000,9999.000,9999.000,9999.000,9999.000,9999.000,9999.000
202606020200,   6.438,9999.000,   0.100,  -0.030,   6.508,   0.100,   6.508,   0.200,   6.608
202606020206,   6.447,9999.000,9999.000,9999.000,9999.000,9999.000,9999.000,9999.000,9999.000
202606020212,   6.455,9999.000,9999.000,9999.000,9999.000,9999.000,9999.000,9999.000,9999.000
202606020218,   6.461,9999.000,9999.000,9999.000,9999.000,9999.000,9999.000,9999.000,9999.000
202606020224,   6.466,9999.000,9999.000,9999.000,9999.000,9999.000,9999.000,9999.000,9999.000
202606020230,   6.470,9999.000,9999.000,9999.000,9999.000,9999.000,9999.000,9999.000,9999.000
202606020236,   6.472,9999.000,9999.000,9999.000,9999.000,9999.000,9999.000,9999.000,9999.000
202606020242,   6.473,9999.000,9999.000,9999.000,9999.000,9999.000,9999.000,9999.000,9999.000
202606020248,   6.472,9999.000,9999.000,9999.000,9999.000,9999.000,9999.000,9999.000,9999.000
202606020254,   6.470,9999.000,9999.000,9999.000,9999.000,9999.000,9999.000,9999.000,9999.000
202606020300,   6.467,9999.000,   0.100,  -0.030,   6.537,   0.000,   6.437,   0.100,   6.537
202606020306,   6.462,9999.000,9999.000,9999.000,9999.000,9999.000,9999.000,9999.000,9999.000
202606020312,   6.456,9999.000,9999.000,9999.000,9999.000,9999.000,9999.000,9999.000,9999.000
202606020318,   6.448,9999.000,9999.000,9999.000,9999.000,9999.000,9999.000,9999.000,9999.000
202606020324,   6.440,9999.000,9999.000,9999.000,9999.000,9999.000,9999.000,9999.000,9999.000
202606020330,   6.430,9999.000,9999.000,9999.000,9999.000,9999.000,9999.000,9999.000,9999.000
202606020336,   6.419,9999.000,9999.000,9999.000,9999.000,9999.000,9999.000,9999.000,9999.000
202606020342,   6.408,9999.000,9999.000,9999.000,9999.000,9999.000,9999.000,9999.000,9999.000
202606020348,   6.395,9999.000,9999.000,9999.000,9999.000,9999.000,9999.000,9999.000,9999.000
202606020354,   6.382,9999.000,9999.000,9999.000,9999.000,9999.000,9999.000,9999.000,9999.000
202606020400,   6.369,9999.000,   0.000,  -0.030,   6.339,   0.000,   6.339,   0.100,   6.439
202606020406,   6.355,9999.000,9999.000,9999.000,9999.000,9999.000,9999.000,9999.000,9999.000
202606020412,   6.342,9999.000,9999.000,9999.000,9999.000,9999.000,9999.000,9999.000,9999.000
202606020418,   6.328,9999.000,9999.000,9999.000,9999.000,9999.000,9999.000,9999.000,9999.000
202606020424,   6.315,9999.000,9999.000,9999.000,9999.000,9999.000,9999.000,9999.000,9999.000
202606020430,   6.303,9999.000,9999.000,9999.000,9999.000,9999.000,9999.000,9999.000,9999.000
202606020436,   6.292,9999.000,9999.000,9999.000,9999.000,9999.000,9999.000,9999.000,9999.000
202606020442,   6.282,9999.000,9999.000,9999.000,9999.000,9999.000,9999.000,9999.000,9999.000
202606020448,   6.273,9999.000,9999.000,9999.000,9999.000,9999.000,9999.000,9999.000,9999.000
202606020454,   6.266,9999.000,9999.000,9999.000,9999.000,9999.000,9999.000,9999.000,9999.000
202606020500,   6.261,9999.000,   0.100,  -0.030,   6.331,   0.000,   6.231,   0.100,   6.331
202606020506,   6.258,9999.000,9999.000,9999.000,9999.000,9999.000,9999.000,9999.000,9999.000
202606020512,   6.257,9999.000,9999.000,9999.000,9999.000,9999.000,9999.000,9999.000,9999.000
202606020518,   6.258,9999.000,9999.000,9999.000,9999.000,9999.000,9999.000,9999.000,9999.000
202606020524,   6.262,9999.000,9999.000,9999.000,9999.000,9999.000,9999.000,9999.000,9999.000
202606020530,   6.268,9999.000,9999.000,9999.000,9999.000,9999.000,9999.000,9999.000,9999.000
202606020536,   6.277,9999.000,9999.000,9999.000,9999.000,9999.000,9999.000,9999.000,9999.000
202606020542,   6.289,9999.000,9999.000,9999.000,9999.000,9999.000,9999.000,9999.000,9999.000
202606020548,   6.303,9999.000,9999.000,9999.000,9999.000,9999.000,9999.000,9999.000,9999.000
202606020554,   6.319,9999.000,9999.000,9999.000,9999.000,9999.000,9999.000,9999.000,9999.000
202606020600,   6.338,9999.000,   0.100,  -0.030,   6.408,   0.100,   6.408,   0.200,   6.508
202606020606,   6.360,9999.000,9999.000,9999.000,9999.000,9999.000,9999.000,9999.000,9999.000
202606020612,   6.383,9999.000,9999.000,9999.000,9999.000,9999.000,9999.000,9999.000,9999.000
202606020618,   6.409,9999.000,9999.000,9999.000,9999.000,9999.000,9999.000,9999.000,9999.000
202606020624,   6.437,9999.000,9999.000,9999.000,9999.000,9999.000,9999.000,9999.000,9999.000
202606020630,   6.466,9999.000,9999.000,9999.000,9999.000,9999.000,9999.000,9999.000,9999.000
202606020636,   6.496,9999.000,9999.000,9999.000,9999.000,9999.000,9999.000,9999.000,9999.000
202606020642,   6.528,9999.000,9999.000,9999.000,9999.000,9999.000,9999.000,9999.000,9999.000
202606020648,   6.561,9999.000,9999.000,9999.000,9999.000,9999.000,9999.000,9999.000,9999.000
202606020654,   6.594,9999.000,9999.000,9999.000,9999.000,9999.000,9999.000,9999.000,9999.000
202606020700,   6.628,9999.000,   0.100,  -0.030,   6.698,   0.100,   6.698,   0.200,   6.798
202606020706,   6.661,9999.000,9999.000,9999.000,9999.000,9999.000,9999.000,9999.000,9999.000
202606020712,   6.695,9999.000,9999.000,9999.000,9999.000,9999.000,9999.000,9999.000,9999.000
202606020718,   6.728,9999.000,9999.000,9999.000,9999.000,9999.000,9999.000,9999.000,9999.000
202606020724,   6.760,9999.000,9999.000,9999.000,9999.000,9999.000,9999.000,9999.000,9999.000
202606020730,   6.792,9999.000,9999.000,9999.000,9999.000,9999.000,9999.000,9999.000,9999.000
202606020736,   6.822,9999.000,9999.000,9999.000,9999.000,9999.000,9999.000,9999.000,9999.000
202606020742,   6.851,9999.000,9999.000,9999.000,9999.000,9999.000,9999.000,9999.000,9999.000
202606020748,   6.878,9999.000,9999.000,9999.000,9999.000,9999.000,9999.000,9999.000,9999.000
202606020754,   6.903,9999.000,9999.000,9999.000,9999.000,9999.000,9999.000,9999.000,9999.000
202606020800,   6.926,9999.000,   0.100,  -0.030,   6.996,   0.000,   6.896,   0.100,   6.996
202606020806,   6.948,9999.000,9999.000,9999.000,9999.000,9999.000,9999.000,9999.000,9999.000
202606020812,   6.967,9999.000,9999.000,9999.000,9999.000,9999.000,9999.000,9999.000,9999.000
202606020818,   6.984,9999.000,9999.000,9999.000,9999.000,9999.000,9999.000,9999.000,9999.000
202606020824,   6.999,9999.000,9999.000,9999.000,9999.000,9999.000,9999.000,9999.000,9999.000
202606020830,   7.011,9999.000,9999.000,9999.000,9999.000,9999.000,9999.000,9999.000,9999.000
202606020836,   7.021,9999.000,9999.000,9999.000,9999.000,9999.000,9999.000,9999.000,9999.000
202606020842,   7.029,9999.000,9999.000,9999.000,9999.000,9999.000,9999.000,9999.000,9999.000
202606020848,   7.034,9999.000,9999.000,9999.000,9999.000,9999.000,9999.000,9999.000,9999.000
202606020854,   7.037,9999.000,9999.000,9999.000,9999.000,9999.000,9999.000,9999.000,9999.000
202606020900,   7.037,9999.000,   0.000,  -0.030,   7.007,   0.000,   7.007,   0.100,   7.107
202606020906,   7.035,9999.000,9999.000,9999.000,9999.000,9999.000,9999.000,9999.000,9999.000
202606020912,   7.031,9999.000,9999.000,9999.000,9999.000,9999.000,9999.000,9999.000,9999.000
202606020918,   7.024,9999.000,9999.000,9999.000,9999.000,9999.000,9999.000,9999.000,9999.000
202606020924,   7.015,9999.000,9999.000,9999.000,9999.000,9999.000,9999.000,9999.000,9999.000
202606020930,   7.004,9999.000,9999.000,9999.000,9999.000,9999.000,9999.000,9999.000,9999.000
202606020936,   6.990,9999.000,9999.000,9999.000,9999.000,9999.000,9999.000,9999.000,9999.000
202606020942,   6.974,9999.000,9999.000,9999.000,9999.000,9999.000,9999.000,9999.000,9999.000
202606020948,   6.955,9999.000,9999.000,9999.000,9999.000,9999.000,9999.000,9999.000,9999.000
202606020954,   6.934,9999.000,9999.000,9999.000,9999.000,9999.000,9999.000,9999.000,9999.000
202606021000,   6.911,9999.000,   0.100,  -0.030,   6.981,   0.000,   6.881,   0.100,   6.981
202606021006,   6.884,9999.000,9999.000,9999.000,9999.000,9999.000,9999.000,9999.000,9999.000
202606021012,   6.855,9999.000,9999.000,9999.000,9999.000,9999.000,9999.000,9999.000,9999.000
202606021018,   6.823,9999.000,9999.000,9999.000,9999.000,9999.000,9999.000,9999.000,9999.000
202606021024,   6.788,9999.000,9999.000,9999.000,9999.000,9999.000,9999.000,9999.000,9999.000
202606021030,   6.750,9999.000,9999.000,9999.000,9999.000,9999.000,9999.000,9999.000,9999.000
202606021036,   6.709,9999.000,9999.000,9999.000,9999.000,9999.000,9999.000,9999.000,9999.000
202606021042,   6.664,9999.000,9999.000,9999.000,9999.000,9999.000,9999.000,9999.000,9999.000
202606021048,   6.616,9999.000,9999.000,9999.000,9999.000,9999.000,9999.000,9999.000,9999.000
202606021054,   6.564,9999.000,9999.000,9999.000,9999.000,9999.000,9999.000,9999.000,9999.000
202606021100,   6.508,9999.000,   0.200,  -0.030,   6.678,   0.100,   6.578,   0.200,   6.678
202606021106,   6.448,9999.000,9999.000,9999.000,9999.000,9999.000,9999.000,9999.000,9999.000
202606021112,   6.384,9999.000,9999.000,9999.000,9999.000,9999.000,9999.000,9999.000,9999.000
202606021118,   6.316,9999.000,9999.000,9999.000,9999.000,9999.000,9999.000,9999.000,9999.000
202606021124,   6.243,9999.000,9999.000,9999.000,9999.000,9999.000,9999.000,9999.000,9999.000
202606021130,   6.166,9999.000,9999.000,9999.000,9999.000,9999.000,9999.000,9999.000,9999.000
202606021136,   6.085,9999.000,9999.000,9999.000,9999.000,9999.000,9999.000,9999.000,9999.000
202606021142,   5.998,9999.000,9999.000,9999.000,9999.000,9999.000,9999.000,9999.000,9999.000
202606021148,   5.907,9999.000,9999.000,9999.000,9999.000,9999.000,9999.000,9999.000,9999.000
202606021154,   5.812,9999.000,9999.000,9999.000,9999.000,9999.000,9999.000,9999.000,9999.000
202606021200,   5.712,9999.000,   0.200,  -0.030,   5.882,   0.100,   5.782,   0.200,   5.882
202606021206,   5.607,9999.000,9999.000,9999.000,9999.000,9999.000,9999.000,9999.000,9999.000
202606021212,   5.498,9999.000,9999.000,9999.000,9999.000,9999.000,9999.000,9999.000,9999.000
202606021218,   5.385,9999.000,9999.000,9999.000,9999.000,9999.000,9999.000,9999.000,9999.000
202606021224,   5.267,9999.000,9999.000,9999.000,9999.000,9999.000,9999.000,9999.000,9999.000
202606021230,   5.146,9999.000,9999.000,9999.000,9999.000,9999.000,9999.000,9999.000,9999.000
202606021236,   5.020,9999.000,9999.000,9999.000,9999.000,9999.000,9999.000,9999.000,9999.000
202606021242,   4.891,9999.000,9999.000,9999.000,9999.000,9999.000,9999.000,9999.000,9999.000
202606021248,   4.758,9999.000,9999.000,9999.000,9999.000,9999.000,9999.000,9999.000,9999.000
202606021254,   4.622,9999.000,9999.000,9999.000,9999.000,9999.000,9999.000,9999.000,9999.000
202606021300,   4.483,9999.000,   0.100,  -0.030,   4.553,   0.100,   4.553,   0.100,   4.553
202606021306,   4.342,9999.000,9999.000,9999.000,9999.000,9999.000,9999.000,9999.000,9999.000
202606021312,   4.197,9999.000,9999.000,9999.000,9999.000,9999.000,9999.000,9999.000,9999.000
202606021318,   4.051,9999.000,9999.000,9999.000,9999.000,9999.000,9999.000,9999.000,9999.000
202606021324,   3.902,9999.000,9999.000,9999.000,9999.000,9999.000,9999.000,9999.000,9999.000
202606021330,   3.752,9999.000,9999.000,9999.000,9999.000,9999.000,9999.000,9999.000,9999.000
202606021336,   3.600,9999.000,9999.000,9999.000,9999.000,9999.000,9999.000,9999.000,9999.000
202606021342,   3.446,9999.000,9999.000,9999.000,9999.000,9999.000,9999.000,9999.000,9999.000
202606021348,   3.292,9999.000,9999.000,9999.000,9999.000,9999.000,9999.000,9999.000,9999.000
202606021354,   3.137,9999.000,9999.000,9999.000,9999.000,9999.000,9999.000,9999.000,9999.000
202606021400,   2.981,9999.000,   0.100,  -0.030,   3.051,   0.000,   2.951,   0.100,   3.051
202606021406,   2.825,9999.000,9999.000,9999.000,9999.000,9999.000,9999.000,9999.000,9999.000
202606021412,   2.669,9999.000,9999.000,9999.000,9999.000,9999.000,9999.000,9999.000,9999.000
202606021418,   2.512,9999.000,9999.000,9999.000,9999.000,9999.000,9999.000,9999.000,9999.000
202606021424,   2.356,9999.000,9999.000,9999.000,9999.000,9999.000,9999.000,9999.000,9999.000
202606021430,   2.200,9999.000,9999.000,9999.000,9999.000,9999.000,9999.000,9999.000,9999.000
202606021436,   2.044,9999.000,9999.000,9999.000,9999.000,9999.000,9999.000,9999.000,9999.000
202606021442,   1.889,9999.000,9999.000,9999.000,9999.000,9999.000,9999.000,9999.000,9999.000
202606021448,   1.734,9999.000,9999.000,9999.000,9999.000,9999.000,9999.000,9999.000,9999.000
202606021454,   1.581,9999.000,9999.000,9999.000,9999.000,9999.000,9999.000,9999.000,9999.000
202606021500,   1.428,9999.000,   0.200,  -0.030,   1.598,   0.100,   1.498,   0.200,   1.598
202606021506,   1.276,9999.000,9999.000,9999.000,9999.000,9999.000,9999.000,9999.000,9999.000
202606021512,   1.126,9999.000,9999.000,9999.000,9999.000,9999.000,9999.000,9999.000,9999.000
202606021518,   0.977,9999.000,9999.000,9999.000,9999.000,9999.000,9999.000,9999.000,9999.000
202606021524,   0.829,9999.000,9999.000,9999.000,9999.000,9999.000,9999.000,9999.000,9999.000
202606021530,   0.683,9999.000,9999.000,9999.000,9999.000,9999.000,9999.000,9999.000,9999.000
202606021536,   0.540,9999.000,9999.000,9999.000,9999.000,9999.000,9999.000,9999.000,9999.000
202606021542,   0.398,9999.000,9999.000,9999.000,9999.000,9999.000,9999.000,9999.000,9999.000
202606021548,   0.259,9999.000,9999.000,9999.000,9999.000,9999.000,9999.000,9999.000,9999.000
202606021554,   0.122,9999.000,9999.000,9999.000,9999.000,9999.000,9999.000,9999.000,9999.000
202606021600,  -0.011,9999.000,   0.200,  -0.030,   0.159,   0.200,   0.159,   0.300,   0.259
202606021606,  -0.142,9999.000,9999.000,9999.000,9999.000,9999.000,9999.000,9999.000,9999.000
202606021612,  -0.269,9999.000,9999.000,9999.000,9999.000,9999.000,9999.000,9999.000,9999.000
202606021618,  -0.393,9999.000,9999.000,9999.000,9999.000,9999.000,9999.000,9999.000,9999.000
202606021624,  -0.512,9999.000,9999.000,9999.000,9999.000,9999.000,9999.000,9999.000,9999.000
202606021630,  -0.627,9999.000,9999.000,9999.000,9999.000,9999.000,9999.000,9999.000,9999.000
202606021636,  -0.737,9999.000,9999.000,9999.000,9999.000,9999.000,9999.000,9999.000,9999.000
202606021642,  -0.843,9999.000,9999.000,9999.000,9999.000,9999.000,9999.000,9999.000,9999.000
202606021648,  -0.942,9999.000,9999.000,9999.000,9999.000,9999.000,9999.000,9999.000,9999.000
202606021654,  -1.036,9999.000,9999.000,9999.000,9999.000,9999.000,9999.000,9999.000,9999.000
202606021700,  -1.123,9999.000,   0.200,  -0.030,  -0.953,   0.100,  -1.053,   0.200,  -0.953
202606021706,  -1.204,9999.000,9999.000,9999.000,9999.000,9999.000,9999.000,9999.000,9999.000
202606021712,  -1.278,9999.000,9999.000,9999.000,9999.000,9999.000,9999.000,9999.000,9999.000
202606021718,  -1.345,9999.000,9999.000,9999.000,9999.000,9999.000,9999.000,9999.000,9999.000
202606021724,  -1.404,9999.000,9999.000,9999.000,9999.000,9999.000,9999.000,9999.000,9999.000
202606021730,  -1.455,9999.000,9999.000,9999.000,9999.000,9999.000,9999.000,9999.000,9999.000
202606021736,  -1.499,9999.000,9999.000,9999.000,9999.000,9999.000,9999.000,9999.000,9999.000
202606021742,  -1.533,9999.000,9999.000,9999.000,9999.000,9999.000,9999.000,9999.000,9999.000
202606021748,  -1.560,9999.000,9999.000,9999.000,9999.000,9999.000,9999.000,9999.000,9999.000
202606021754,  -1.578,9999.000,9999.000,9999.000,9999.000,9999.000,9999.000,9999.000,9999.000
202606021800,  -1.587,9999.000,   0.100,  -0.030,  -1.517,   0.100,  -1.517,   0.200,  -1.417
202606021806,  -1.587,9999.000,9999.000,9999.000,9999.000,9999.000,9999.000,9999.000,9999.000
202606021812,  -1.578,9999.000,9999.000,9999.000,9999.000,9999.000,9999.000,9999.000,9999.000
202606021818,  -1.561,9999.000,9999.000,9999.000,9999.000,9999.000,9999.000,9999.000,9999.000
202606021824,  -1.535,9999.000,9999.000,9999.000,9999.000,9999.000,9999.000,9999.000,9999.000
202606021830,  -1.500,9999.000,9999.000,9999.000,9999.000,9999.000,9999.000,9999.000,9999.000
202606021836,  -1.457,9999.000,9999.000,9999.000,9999.000,9999.000,9999.000,9999.000,9999.000
202606021842,  -1.405,9999.000,9999.000,9999.000,9999.000,9999.000,9999.000,9999.000,9999.000
202606021848,  -1.346,9999.000,9999.000,9999.000,9999.000,9999.000,9999.000,9999.000,9999.000
202606021854,  -1.278,9999.000,9999.000,9999.000,9999.000,9999.000,9999.000,9999.000,9999.000
202606021900,  -1.204,9999.000,   0.100,  -0.030,  -1.134,   0.100,  -1.134,   0.200,  -1.034
202606021906,  -1.122,9999.000,9999.000,9999.000,9999.000,9999.000,9999.000,9999.000,9999.000
202606021912,  -1.033,9999.000,9999.000,9999.000,9999.000,9999.000,9999.000,9999.000,9999.000
202606021918,  -0.937,9999.000,9999.000,9999.000,9999.000,9999.000,9999.000,9999.000,9999.000
202606021924,  -0.836,9999.000,9999.000,9999.000,9999.000,9999.000,9999.000,9999.000,9999.000
202606021930,  -0.729,9999.000,9999.000,9999.000,9999.000,9999.000,9999.000,9999.000,9999.000
202606021936,  -0.616,9999.000,9999.000,9999.000,9999.000,9999.000,9999.000,9999.000,9999.000
202606021942,  -0.499,9999.000,9999.000,9999.000,9999.000,9999.000,9999.000,9999.000,9999.000
202606021948,  -0.377,9999.000,9999.000,9999.000,9999.000,9999.000,9999.000,9999.000,9999.000
202606021954,  -0.250,9999.000,9999.000,9999.000,9999.000,9999.000,9999.000,9999.000,9999.000
202606022000,  -0.121,9999.000,   0.200,  -0.030,   0.049,   0.200,   0.049,   0.300,   0.149
202606022006,   0.012,9999.000,9999.000,9999.000,9999.000,9999.000,9999.000,9999.000,9999.000
202606022012,   0.148,9999.000,9999.000,9999.000,9999.000,9999.000,9999.000,9999.000,9999.000
202606022018,   0.287,9999.000,9999.000,9999.000,9999.000,9999.000,9999.000,9999.000,9999.000
202606022024,   0.429,9999.000,9999.000,9999.000,9999.000,9999.000,9999.000,9999.000,9999.000
202606022030,   0.572,9999.000,9999.000,9999.000,9999.000,9999.000,9999.000,9999.000,9999.000
202606022036,   0.718,9999.000,9999.000,9999.000,9999.000,9999.000,9999.000,9999.000,9999.000
202606022042,   0.865,9999.000,9999.000,9999.000,9999.000,9999.000,9999.000,9999.000,9999.000
202606022048,   1.013,9999.000,9999.000,9999.000,9999.000,9999.000,9999.000,9999.000,9999.000
202606022054,   1.162,9999.000,9999.000,9999.000,9999.000,9999.000,9999.000,9999.000,9999.000
202606022100,   1.313,9999.000,   0.200,  -0.030,   1.483,   0.200,   1.483,   0.300,   1.583
202606022106,   1.464,9999.000,9999.000,9999.000,9999.000,9999.000,9999.000,9999.000,9999.000
202606022112,   1.615,9999.000,9999.000,9999.000,9999.000,9999.000,9999.000,9999.000,9999.000
202606022118,   1.767,9999.000,9999.000,9999.000,9999.000,9999.000,9999.000,9999.000,9999.000
202606022124,   1.919,9999.000,9999.000,9999.000,9999.000,9999.000,9999.000,9999.000,9999.000
202606022130,   2.071,9999.000,9999.000,9999.000,9999.000,9999.000,9999.000,9999.000,9999.000
202606022136,   2.223,9999.000,9999.000,9999.000,9999.000,9999.000,9999.000,9999.000,9999.000
202606022142,   2.375,9999.000,9999.000,9999.000,9999.000,9999.000,9999.000,9999.000,9999.000
202606022148,   2.526,9999.000,9999.000,9999.000,9999.000,9999.000,9999.000,9999.000,9999.000
202606022154,   2.677,9999.000,9999.000,9999.000,9999.000,9999.000,9999.000,9999.000,9999.000
202606022200,   2.828,9999.000,   0.200,  -0.030,   2.998,   0.100,   2.898,   0.300,   3.098
202606022206,   2.977,9999.000,9999.000,9999.000,9999.000,9999.000,9999.000,9999.000,9999.000
202606022212,   3.126,9999.000,9999.000,9999.000,9999.000,9999.000,9999.000,9999.000,9999.000
202606022218,   3.273,9999.000,9999.000,9999.000,9999.000,9999.000,9999.000,9999.000,9999.000
202606022224,   3.419,9999.000,9999.000,9999.000,9999.000,9999.000,9999.000,9999.000,9999.000
202606022230,   3.563,9999.000,9999.000,9999.000,9999.000,9999.000,9999.000,9999.000,9999.000
202606022236,   3.706,9999.000,9999.000,9999.000,9999.000,9999.000,9999.000,9999.000,9999.000
202606022242,   3.847,9999.000,9999.000,9999.000,9999.000,9999.000,9999.000,9999.000,9999.000
202606022248,   3.985,9999.000,9999.000,9999.000,9999.000,9999.000,9999.000,9999.000,9999.000
202606022254,   4.121,9999.000,9999.000,9999.000,9999.000,9999.000,9999.000,9999.000,9999.000
202606022300,   4.255,9999.000,   0.200,  -0.030,   4.425,   0.100,   4.325,   0.200,   4.425
202606022306,   4.385,9999.000,9999.000,9999.000,9999.000,9999.000,9999.000,9999.000,9999.000
202606022312,   4.513,9999.000,9999.000,9999.000,9999.000,9999.000,9999.000,9999.000,9999.000
202606022318,   4.637,9999.000,9999.000,9999.000,9999.000,9999.000,9999.000,9999.000,9999.000
202606022324,   4.757,9999.000,9999.000,9999.000,9999.000,9999.000,9999.000,9999.000,9999.000
202606022330,   4.874,9999.000,9999.000,9999.000,9999.000,9999.000,9999.000,9999.000,9999.000
202606022336,   4.987,9999.000,9999.000,9999.000,9999.000,9999.000,9999.000,9999.000,9999.000
202606022342,   5.096,9999.000,9999.000,9999.000,9999.000,9999.000,9999.000,9999.000,9999.000
202606022348,   5.200,9999.000,9999.000,9999.000,9999.000,9999.000,9999.000,9999.000,9999.000
202606022354,   5.300,9999.000,9999.000,9999.000,9999.000,9999.000,9999.000,9999.000,9999.000
202606030000,   5.395,9999.000,   0.200,  -0.030,   5.565,   0.200,   5.565,   0.300,   5.665
202606030006,   5.486,9999.000,9999.000,9999.000,9999.000,9999.000,9999.000,9999.000,9999.000
202606030012,   5.572,9999.000,9999.000,9999.000,9999.000,9999.000,9999.000,9999.000,9999.000
202606030018,   5.653,9999.000,9999.000,9999.000,9999.000,9999.000,9999.000,9999.000,9999.000
202606030024,   5.729,9999.000,9999.000,9999.000,9999.000,9999.000,9999.000,9999.000,9999.000
202606030030,   5.801,9999.000,9999.000,9999.000,9999.000,9999.000,9999.000,9999.000,9999.000
202606030036,   5.868,9999.000,9999.000,9999.000,9999.000,9999.000,9999.000,9999.000,9999.000
202606030042,   5.930,9999.000,9999.000,9999.000,9999.000,9999.000,9999.000,9999.000,9999.000
202606030048,   5.987,9999.000,9999.000,9999.000,9999.000,9999.000,9999.000,9999.000,9999.000
202606030054,   6.040,9999.000,9999.000,9999.000,9999.000,9999.000,9999.000,9999.000,9999.000
202606030100,   6.089,9999.000,   0.300,  -0.030,   6.359,   0.200,   6.259,   0.300,   6.359
202606030106,   6.134,9999.000,9999.000,9999.000,9999.000,9999.000,9999.000,9999.000,9999.000
202606030112,   6.174,9999.000,9999.000,9999.000,9999.000,9999.000,9999.000,9999.000,9999.000
202606030118,   6.211,9999.000,9999.000,9999.000,9999.000,9999.000,9999.000,9999.000,9999.000
202606030124,   6.245,9999.000,9999.000,9999.000,9999.000,9999.000,9999.000,9999.000,9999.000
202606030130,   6.274,9999.000,9999.000,9999.000,9999.000,9999.000,9999.000,9999.000,9999.000
202606030136,   6.301,9999.000,9999.000,9999.000,9999.000,9999.000,9999.000,9999.000,9999.000
202606030142,   6.325,9999.000,9999.000,9999.000,9999.000,9999.000,9999.000,9999.000,9999.000
202606030148,   6.347,9999.000,9999.000,9999.000,9999.000,9999.000,9999.000,9999.000,9999.000
202606030154,   6.365,9999.000,9999.000,9999.000,9999.000,9999.000,9999.000,9999.000,9999.000
202606030200,   6.382,9999.000,   0.300,  -0.030,   6.652,   0.200,   6.552,   0.300,   6.652
202606030206,   6.396,9999.000,9999.000,9999.000,9999.000,9999.000,9999.000,9999.000,9999.000
202606030212,   6.409,9999.000,9999.000,9999.000,9999.000,9999.000,9999.000,9999.000,9999.000
202606030218,   6.420,9999.000,9999.000,9999.000,9999.000,9999.000,9999.000,9999.000,9999.000
202606030224,   6.429,9999.000,9999.000,9999.000,9999.000,9999.000,9999.000,9999.000,9999.000
202606030230,   6.437,9999.000,9999.000,9999.000,9999.000,9999.000,9999.000,9999.000,9999.000
202606030236,   6.444,9999.000,9999.000,9999.000,9999.000,9999.000,9999.000,9999.000,9999.000
202606030242,   6.449,9999.000,9999.000,9999.000,9999.000,9999.000,9999.000,9999.000,9999.000
202606030248,   6.454,9999.000,9999.000,9999.000,9999.000,9999.000,9999.000,9999.000,9999.000
202606030254,   6.457,9999.000,9999.000,9999.000,9999.000,9999.000,9999.000,9999.000,9999.000
202606030300,   6.459,9999.000,   0.300,  -0.030,   6.729,   0.200,   6.629,   0.300,   6.729
202606030306,   6.461,9999.000,9999.000,9999.000,9999.000,9999.000,9999.000,9999.000,9999.000
202606030312,   6.461,9999.000,9999.000,9999.000,9999.000,9999.000,9999.000,9999.000,9999.000
202606030318,   6.461,9999.000,9999.000,9999.000,9999.000,9999.000,9999.000,9999.000,9999.000
202606030324,   6.459,9999.000,9999.000,9999.000,9999.000,9999.000,9999.000,9999.000,9999.000
202606030330,   6.457,9999.000,9999.000,9999.000,9999.000,9999.000,9999.000,9999.000,9999.000
202606030336,   6.453,9999.000,9999.000,9999.000,9999.000,9999.000,9999.000,9999.000,9999.000
202606030342,   6.449,9999.000,9999.000,9999.000,9999.000,9999.000,9999.000,9999.000,9999.000
202606030348,   6.444,9999.000,9999.000,9999.000,9999.000,9999.000,9999.000,9999.000,9999.000
202606030354,   6.438,9999.000,9999.000,9999.000,9999.000,9999.000,9999.000,9999.000,9999.000
202606030400,   6.431,9999.000,   0.200,  -0.030,   6.601,   0.200,   6.601,   0.300,   6.701
202606030406,   6.423,9999.000,9999.000,9999.000,9999.000,9999.000,9999.000,9999.000,9999.000
202606030412,   6.414,9999.000,9999.000,9999.000,9999.000,9999.000,9999.000,9999.000,9999.000
202606030418,   6.405,9999.000,9999.000,9999.000,9999.000,9999.000,9999.000,9999.000,9999.000
202606030424,   6.395,9999.000,9999.000,9999.000,9999.000,9999.000,9999.000,9999.000,9999.000
202606030430,   6.384,9999.000,9999.000,9999.000,9999.000,9999.000,9999.000,9999.000,9999.000
202606030436,   6.373,9999.000,9999.000,9999.000,9999.000,9999.000,9999.000,9999.000,9999.000
202606030442,   6.361,9999.000,9999.000,9999.000,9999.000,9999.000,9999.000,9999.000,9999.000
202606030448,   6.350,9999.000,9999.000,9999.000,9999.000,9999.000,9999.000,9999.000,9999.000
202606030454,   6.338,9999.000,9999.000,9999.000,9999.000,9999.000,9999.000,9999.000,9999.000
202606030500,   6.327,9999.000,   0.200,  -0.030,   6.497,   0.200,   6.497,   0.300,   6.597
202606030506,   6.315,9999.000,9999.000,9999.000,9999.000,9999.000,9999.000,9999.000,9999.000
202606030512,   6.305,9999.000,9999.000,9999.000,9999.000,9999.000,9999.000,9999.000,9999.000
202606030518,   6.295,9999.000,9999.000,9999.000,9999.000,9999.000,9999.000,9999.000,9999.000
202606030524,   6.286,9999.000,9999.000,9999.000,9999.000,9999.000,9999.000,9999.000,9999.000
202606030530,   6.278,9999.000,9999.000,9999.000,9999.000,9999.000,9999.000,9999.000,9999.000
202606030536,   6.271,9999.000,9999.000,9999.000,9999.000,9999.000,9999.000,9999.000,9999.000
202606030542,   6.266,9999.000,9999.000,9999.000,9999.000,9999.000,9999.000,9999.000,9999.000
202606030548,   6.263,9999.000,9999.000,9999.000,9999.000,9999.000,9999.000,9999.000,9999.000
202606030554,   6.262,9999.000,9999.000,9999.000,9999.000,9999.000,9999.000,9999.000,9999.000
202606030600,   6.262,9999.000,   0.300,  -0.030,   6.532,   0.200,   6.432,   0.300,   6.532
202606030606,   6.265,9999.000,9999.000,9999.000,9999.000,9999.000,9999.000,9999.000,9999.000
202606030612,   6.270,9999.000,9999.000,9999.000,9999.000,9999.000,9999.000,9999.000,9999.000
202606030618,   6.277,9999.000,9999.000,9999.000,9999.000,9999.000,9999.000,9999.000,9999.000
202606030624,   6.287,9999.000,9999.000,9999.000,9999.000,9999.000,9999.000,9999.000,9999.000
202606030630,   6.299,9999.000,9999.000,9999.000,9999.000,9999.000,9999.000,9999.000,9999.000
202606030636,   6.313,9999.000,9999.000,9999.000,9999.000,9999.000,9999.000,9999.000,9999.000
202606030642,   6.330,9999.000,9999.000,9999.000,9999.000,9999.000,9999.000,9999.000,9999.000
202606030648,   6.349,9999.000,9999.000,9999.000,9999.000,9999.000,9999.000,9999.000,9999.000
202606030654,   6.370,9999.000,9999.000,9999.000,9999.000,9999.000,9999.000,9999.000,9999.000
202606030700,   6.393,9999.000,   0.300,  -0.030,   6.663,   0.200,   6.563,   0.300,   6.663
202606030706,   6.418,9999.000,9999.000,9999.000,9999.000,9999.000,9999.000,9999.000,9999.000
202606030712,   6.444,9999.000,9999.000,9999.000,9999.000,9999.000,9999.000,9999.000,9999.000
202606030718,   6.471,9999.000,9999.000,9999.000,9999.000,9999.000,9999.000,9999.000,9999.000
202606030724,   6.500,9999.000,9999.000,9999.000,9999.000,9999.000,9999.000,9999.000,9999.000
202606030730,   6.530,9999.000,9999.000,9999.000,9999.000,9999.000,9999.000,9999.000,9999.000
202606030736,   6.560,9999.000,9999.000,9999.000,9999.000,9999.000,9999.000,9999.000,9999.000
202606030742,   6.590,9999.000,9999.000,9999.000,9999.000,9999.000,9999.000,9999.000,9999.000
202606030748,   6.621,9999.000,9999.000,9999.000,9999.000,9999.000,9999.000,9999.000,9999.000
202606030754,   6.651,9999.000,9999.000,9999.000,9999.000,9999.000,9999.000,9999.000,9999.000
202606030800,   6.680,9999.000,   0.300,  -0.030,   6.950,   0.200,   6.850,   0.400,   7.050
202606030806,   6.709,9999.000,9999.000,9999.000,9999.000,9999.000,9999.000,9999.000,9999.000
202606030812,   6.737,9999.000,9999.000,9999.000,9999.000,9999.000,9999.000,9999.000,9999.000
202606030818,   6.763,9999.000,9999.000,9999.000,9999.000,9999.000,9999.000,9999.000,9999.000
202606030824,   6.787,9999.000,9999.000,9999.000,9999.000,9999.000,9999.000,9999.000,9999.000
202606030830,   6.810,9999.000,9999.000,9999.000,9999.000,9999.000,9999.000,9999.000,9999.000
202606030836,   6.831,9999.000,9999.000,9999.000,9999.000,9999.000,9999.000,9999.000,9999.000
202606030842,   6.849,9999.000,9999.000,9999.000,9999.000,9999.000,9999.000,9999.000,9999.000
202606030848,   6.866,9999.000,9999.000,9999.000,9999.000,9999.000,9999.000,9999.000,9999.000
202606030854,   6.879,9999.000,9999.000,9999.000,9999.000,9999.000,9999.000,9999.000,9999.000
202606030900,   6.890,9999.000,   0.200,  -0.030,   7.060,   0.200,   7.060,   0.300,   7.160
202606030906,   6.899,9999.000,9999.000,9999.000,9999.000,9999.000,9999.000,9999.000,9999.000
202606030912,   6.905,9999.000,9999.000,9999.000,9999.000,9999.000,9999.000,9999.000,9999.000
202606030918,   6.908,9999.000,9999.000,9999.000,9999.000,9999.000,9999.000,9999.000,9999.000
202606030924,   6.908,9999.000,9999.000,9999.000,9999.000,9999.000,9999.000,9999.000,9999.000
202606030930,   6.906,9999.000,9999.000,9999.000,9999.000,9999.000,9999.000,9999.000,9999.000
202606030936,   6.901,9999.000,9999.000,9999.000,9999.000,9999.000,9999.000,9999.000,9999.000
202606030942,   6.893,9999.000,9999.000,9999.000,9999.000,9999.000,9999.000,9999.000,9999.000
202606030948,   6.883,9999.000,9999.000,9999.000,9999.000,9999.000,9999.000,9999.000,9999.000
202606030954,   6.870,9999.000,9999.000,9999.000,9999.000,9999.000,9999.000,9999.000,9999.000
202606031000,   6.855,9999.000,   0.300,  -0.030,   7.125,   0.200,   7.025,   0.300,   7.125
202606031006,   6.837,9999.000,9999.000,9999.000,9999.000,9999.000,9999.000,9999.000,9999.000
202606031012,   6.817,9999.000,9999.000,9999.000,9999.000,9999.000,9999.000,9999.000,9999.000
202606031018,   6.794,9999.000,9999.000,9999.000,9999.000,9999.000,9999.000,9999.000,9999.000
202606031024,   6.770,9999.000,9999.000,9999.000,9999.000,9999.000,9999.000,9999.000,9999.000
202606031030,   6.743,9999.000,9999.000,9999.000,9999.000,9999.000,9999.000,9999.000,9999.000
202606031036,   6.713,9999.000,9999.000,9999.000,9999.000,9999.000,9999.000,9999.000,9999.000
202606031042,   6.682,9999.000,9999.000,9999.000,9999.000,9999.000,9999.000,9999.000,9999.000
202606031048,   6.648,9999.000,9999.000,9999.000,9999.000,9999.000,9999.000,9999.000,9999.000
202606031054,   6.612,9999.000,9999.000,9999.000,9999.000,9999.000,9999.000,9999.000,9999.000
202606031100,   6.573,9999.000,   0.300,  -0.030,   6.843,   0.300,   6.843,   0.400,   6.943
202606031106,   6.532,9999.000,9999.000,9999.000,9999.000,9999.000,9999.000,9999.000,9999.000
202606031112,   6.488,9999.000,9999.000,9999.000,9999.000,9999.000,9999.000,9999.000,9999.000
202606031118,   6.442,9999.000,9999.000,9999.000,9999.000,9999.000,9999.000,9999.000,9999.000
202606031124,   6.393,9999.000,9999.000,9999.000,9999.000,9999.000,9999.000,9999.000,9999.000
202606031130,   6.340,9999.000,9999.000,9999.000,9999.000,9999.000,9999.000,9999.000,9999.000
202606031136,   6.285,9999.000,9999.000,9999.000,9999.000,9999.000,9999.000,9999.000,9999.000
202606031142,   6.227,9999.000,9999.000,9999.000,9999.000,9999.000,9999.000,9999.000,9999.000
202606031148,   6.165,9999.000,9999.000,9999.000,9999.000,9999.000,9999.000,9999.000,9999.000
202606031154,   6.100,9999.000,9999.000,9999.000,9999.000,9999.000,9999.000,9999.000,9999.000
202606031200,   6.031,9999.000,   0.300,  -0.030,   6.301,   0.300,   6.301,   0.400,   6.401
202606031206,   5.958,9999.000,9999.000,9999.000,9999.000,9999.000,9999.000,9999.000,9999.000
202606031212,   5.881,9999.000,9999.000,9999.000,9999.000,9999.000,9999.000,9999.000,9999.000
202606031218,   5.801,9999.000,9999.000,9999.000,9999.000,9999.000,9999.000,9999.000,9999.000
202606031224,   5.716,9999.000,9999.000,9999.000,9999.000,9999.000,9999.000,9999.000,9999.000
202606031230,   5.627,9999.000,9999.000,9999.000,9999.000,9999.000,9999.000,9999.000,9999.000
202606031236,   5.534,9999.000,9999.000,9999.000,9999.000,9999.000,9999.000,9999.000,9999.000
202606031242,   5.437,9999.000,9999.000,9999.000,9999.000,9999.000,9999.000,9999.000,9999.000
202606031248,   5.335,9999.000,9999.000,9999.000,9999.000,9999.000,9999.000,9999.000,9999.000
202606031254,   5.229,9999.000,9999.000,9999.000,9999.000,9999.000,9999.000,9999.000,9999.000
202606031300,   5.119,9999.000,   0.300,  -0.030,   5.389,   0.200,   5.289,   0.300,   5.389
202606031306,   5.005,9999.000,9999.000,9999.000,9999.000,9999.000,9999.000,9999.000,9999.000
202606031312,   4.888,9999.000,9999.000,9999.000,9999.000,9999.000,9999.000,9999.000,9999.000
202606031318,   4.766,9999.000,9999.000,9999.000,9999.000,9999.000,9999.000,9999.000,9999.000
202606031324,   4.641,9999.000,9999.000,9999.000,9999.000,9999.000,9999.000,9999.000,9999.000
202606031330,   4.512,9999.000,9999.000,9999.000,9999.000,9999.000,9999.000,9999.000,9999.000
202606031336,   4.380,9999.000,9999.000,9999.000,9999.000,9999.000,9999.000,9999.000,9999.000
202606031342,   4.245,9999.000,9999.000,9999.000,9999.000,9999.000,9999.000,9999.000,9999.000
202606031348,   4.107,9999.000,9999.000,9999.000,9999.000,9999.000,9999.000,9999.000,9999.000
202606031354,   3.967,9999.000,9999.000,9999.000,9999.000,9999.000,9999.000,9999.000,9999.000
202606031400,   3.825,9999.000,   0.200,  -0.030,   3.995,   0.200,   3.995,   0.300,   4.095
202606031406,   3.680,9999.000,9999.000,9999.000,9999.000,9999.000,9999.000,9999.000,9999.000
202606031412,   3.534,9999.000,9999.000,9999.000,9999.000,9999.000,9999.000,9999.000,9999.000
202606031418,   3.387,9999.000,9999.000,9999.000,9999.000,9999.000,9999.000,9999.000,9999.000
202606031424,   3.238,9999.000,9999.000,9999.000,9999.000,9999.000,9999.000,9999.000,9999.000
202606031430,   3.089,9999.000,9999.000,9999.000,9999.000,9999.000,9999.000,9999.000,9999.000
202606031436,   2.939,9999.000,9999.000,9999.000,9999.000,9999.000,9999.000,9999.000,9999.000
202606031442,   2.788,9999.000,9999.000,9999.000,9999.000,9999.000,9999.000,9999.000,9999.000
202606031448,   2.638,9999.000,9999.000,9999.000,9999.000,9999.000,9999.000,9999.000,9999.000
202606031454,   2.487,9999.000,9999.000,9999.000,9999.000,9999.000,9999.000,9999.000,9999.000
202606031500,   2.337,9999.000,   0.300,  -0.030,   2.607,   0.200,   2.507,   0.300,   2.607
202606031506,   2.188,9999.000,9999.000,9999.000,9999.000,9999.000,9999.000,9999.000,9999.000
202606031512,   2.039,9999.000,9999.000,9999.000,9999.000,9999.000,9999.000,9999.000,9999.000
202606031518,   1.891,9999.000,9999.000,9999.000,9999.000,9999.000,9999.000,9999.000,9999.000
202606031524,   1.744,9999.000,9999.000,9999.000,9999.000,9999.000,9999.000,9999.000,9999.000
202606031530,   1.598,9999.000,9999.000,9999.000,9999.000,9999.000,9999.000,9999.000,9999.000
202606031536,   1.454,9999.000,9999.000,9999.000,9999.000,9999.000,9999.000,9999.000,9999.000
202606031542,   1.311,9999.000,9999.000,9999.000,9999.000,9999.000,9999.000,9999.000,9999.000
202606031548,   1.170,9999.000,9999.000,9999.000,9999.000,9999.000,9999.000,9999.000,9999.000
202606031554,   1.030,9999.000,9999.000,9999.000,9999.000,9999.000,9999.000,9999.000,9999.000
202606031600,   0.892,9999.000,   0.300,  -0.030,   1.162,   0.200,   1.062,   0.400,   1.262
202606031606,   0.756,9999.000,9999.000,9999.000,9999.000,9999.000,9999.000,9999.000,9999.000
202606031612,   0.622,9999.000,9999.000,9999.000,9999.000,9999.000,9999.000,9999.000,9999.000
202606031618,   0.491,9999.000,9999.000,9999.000,9999.000,9999.000,9999.000,9999.000,9999.000
202606031624,   0.362,9999.000,9999.000,9999.000,9999.000,9999.000,9999.000,9999.000,9999.000
202606031630,   0.235,9999.000,9999.000,9999.000,9999.000,9999.000,9999.000,9999.000,9999.000
202606031636,   0.111,9999.000,9999.000,9999.000,9999.000,9999.000,9999.000,9999.000,9999.000
202606031642,  -0.009,9999.000,9999.000,9999.000,9999.000,9999.000,9999.000,9999.000,9999.000
202606031648,  -0.126,9999.000,9999.000,9999.000,9999.000,9999.000,9999.000,9999.000,9999.000
202606031654,  -0.241,9999.000,9999.000,9999.000,9999.000,9999.000,9999.000,9999.000,9999.000
202606031700,  -0.352,9999.000,   0.300,  -0.030,  -0.082,   0.200,  -0.182,   0.300,  -0.082
202606031706,  -0.459,9999.000,9999.000,9999.000,9999.000,9999.000,9999.000,9999.000,9999.000
202606031712,  -0.561,9999.000,9999.000,9999.000,9999.000,9999.000,9999.000,9999.000,9999.000
202606031718,  -0.659,9999.000,9999.000,9999.000,9999.000,9999.000,9999.000,9999.000,9999.000
202606031724,  -0.753,9999.000,9999.000,9999.000,9999.000,9999.000,9999.000,9999.000,9999.000
202606031730,  -0.841,9999.000,9999.000,9999.000,9999.000,9999.000,9999.000,9999.000,9999.000
202606031736,  -0.924,9999.000,9999.000,9999.000,9999.000,9999.000,9999.000,9999.000,9999.000
202606031742,  -1.001,9999.000,9999.000,9999.000,9999.000,9999.000,9999.000,9999.000,9999.000
202606031748,  -1.073,9999.000,9999.000,9999.000,9999.000,9999.000,9999.000,9999.000,9999.000
202606031754,  -1.137,9999.000,9999.000,9999.000,9999.000,9999.000,9999.000,9999.000,9999.000
202606031800,  -1.195,9999.000,   0.200,  -0.030,  -1.025,   0.200,  -1.025,   0.300,  -0.925
202606031806,  -1.247,9999.000,9999.000,9999.000,9999.000,9999.000,9999.000,9999.000,9999.000
202606031812,  -1.291,9999.000,9999.000,9999.000,9999.000,9999.000,9999.000,9999.000,9999.000
202606031818,  -1.327,9999.000,9999.000,9999.000,9999.000,9999.000,9999.000,9999.000,9999.000
202606031824,  -1.356,9999.000,9999.000,9999.000,9999.000,9999.000,9999.000,9999.000,9999.000
202606031830,  -1.376,9999.000,9999.000,9999.000,9999.000,9999.000,9999.000,9999.000,9999.000
202606031836,  -1.389,9999.000,9999.000,9999.000,9999.000,9999.000,9999.000,9999.000,9999.000
202606031842,  -1.394,9999.000,9999.000,9999.000,9999.000,9999.000,9999.000,9999.000,9999.000
202606031848,  -1.390,9999.000,9999.000,9999.000,9999.000,9999.000,9999.000,9999.000,9999.000
202606031854,  -1.378,9999.000,9999.000,9999.000,9999.000,9999.000,9999.000,9999.000,9999.000
202606031900,  -1.357,9999.000,   0.300,  -0.030,  -1.087,   0.200,  -1.187,   0.300,  -1.087
202606031906,  -1.328,9999.000,9999.000,9999.000,9999.000,9999.000,9999.000,9999.000,9999.000
202606031912,  -1.291,9999.000,9999.000,9999.000,9999.000,9999.000,9999.000,9999.000,9999.000
202606031918,  -1.246,9999.000,9999.000,9999.000,9999.000,9999.000,9999.000,9999.000,9999.000
202606031924,  -1.193,9999.000,9999.000,9999.000,9999.000,9999.000,9999.000,9999.000,9999.000
202606031930,  -1.132,9999.000,9999.000,9999.000,9999.000,9999.000,9999.000,9999.000,9999.000
202606031936,  -1.064,9999.000,9999.000,9999.000,9999.000,9999.000,9999.000,9999.000,9999.000
202606031942,  -0.989,9999.000,9999.000,9999.000,9999.000,9999.000,9999.000,9999.000,9999.000
202606031948,  -0.906,9999.000,9999.000,9999.000,9999.000,9999.000,9999.000,9999.000,9999.000
202606031954,  -0.817,9999.000,9999.000,9999.000,9999.000,9999.000,9999.000,9999.000,9999.000
202606032000,  -0.722,9999.000,   0.300,  -0.030,  -0.452,   0.200,  -0.552,   0.300,  -0.452
202606032006,  -0.621,9999.000,9999.000,9999.000,9999.000,9999.000,9999.000,9999.000,9999.000
202606032012,  -0.514,9999.000,9999.000,9999.000,9999.000,9999.000,9999.000,9999.000,9999.000
202606032018,  -0.402,9999.000,9999.000,9999.000,9999.000,9999.000,9999.000,9999.000,9999.000
202606032024,  -0.286,9999.000,9999.000,9999.000,9999.000,9999.000,9999.000,9999.000,9999.000
202606032030,  -0.165,9999.000,9999.000,9999.000,9999.000,9999.000,9999.000,9999.000,9999.000
202606032036,  -0.041,9999.000,9999.000,9999.000,9999.000,9999.000,9999.000,9999.000,9999.000
202606032042,   0.086,9999.000,9999.000,9999.000,9999.000,9999.000,9999.000,9999.000,9999.000
202606032048,   0.217,9999.000,9999.000,9999.000,9999.000,9999.000,9999.000,9999.000,9999.000
202606032054,   0.351,9999.000,9999.000,9999.000,9999.000,9999.000,9999.000,9999.000,9999.000
202606032100,   0.487,9999.000,   0.300,  -0.030,   0.757,   0.200,   0.657,   0.300,   0.757
202606032106,   0.626,9999.000,9999.000,9999.000,9999.000,9999.000,9999.000,9999.000,9999.000
202606032112,   0.766,9999.000,9999.000,9999.000,9999.000,9999.000,9999.000,9999.000,9999.000
202606032118,   0.907,9999.000,9999.000,9999.000,9999.000,9999.000,9999.000,9999.000,9999.000
202606032124,   1.050,9999.000,9999.000,9999.000,9999.000,9999.000,9999.000,9999.000,9999.000
202606032130,   1.194,9999.000,9999.000,9999.000,9999.000,9999.000,9999.000,9999.000,9999.000
202606032136,   1.338,9999.000,9999.000,9999.000,9999.000,9999.000,9999.000,9999.000,9999.000
202606032142,   1.483,9999.000,9999.000,9999.000,9999.000,9999.000,9999.000,9999.000,9999.000
202606032148,   1.628,9999.000,9999.000,9999.000,9999.000,9999.000,9999.000,9999.000,9999.000
202606032154,   1.774,9999.000,9999.000,9999.000,9999.000,9999.000,9999.000,9999.000,9999.000
202606032200,   1.920,9999.000,   0.200,  -0.030,   2.090,   0.100,   1.990,   0.300,   2.190
202606032206,   2.066,9999.000,9999.000,9999.000,9999.000,9999.000,9999.000,9999.000,9999.000
202606032212,   2.211,9999.000,9999.000,9999.000,9999.000,9999.000,9999.000,9999.000,9999.000
202606032218,   2.357,9999.000,9999.000,9999.000,9999.000,9999.000,9999.000,9999.000,9999.000
202606032224,   2.502,9999.000,9999.000,9999.000,9999.000,9999.000,9999.000,9999.000,9999.000
202606032230,   2.646,9999.000,9999.000,9999.000,9999.000,9999.000,9999.000,9999.000,9999.000
202606032236,   2.790,9999.000,9999.000,9999.000,9999.000,9999.000,9999.000,9999.000,9999.000
202606032242,   2.934,9999.000,9999.000,9999.000,9999.000,9999.000,9999.000,9999.000,9999.000
202606032248,   3.077,9999.000,9999.000,9999.000,9999.000,9999.000,9999.000,9999.000,9999.000
202606032254,   3.219,9999.000,9999.000,9999.000,9999.000,9999.000,9999.000,9999.000,9999.000
202606032300,   3.360,9999.000,   0.200,  -0.030,   3.530,   0.100,   3.430,   0.300,   3.630
202606032306,   3.500,9999.000,9999.000,9999.000,9999.000,9999.000,9999.000,9999.000,9999.000
202606032312,   3.638,9999.000,9999.000,9999.000,9999.000,9999.000,9999.000,9999.000,9999.000
202606032318,   3.775,9999.000,9999.000,9999.000,9999.000,9999.000,9999.000,9999.000,9999.000
202606032324,   3.911,9999.000,9999.000,9999.000,9999.000,9999.000,9999.000,9999.000,9999.000
202606032330,   4.045,9999.000,9999.000,9999.000,9999.000,9999.000,9999.000,9999.000,9999.000
202606032336,   4.177,9999.000,9999.000,9999.000,9999.000,9999.000,9999.000,9999.000,9999.000
202606032342,   4.306,9999.000,9999.000,9999.000,9999.000,9999.000,9999.000,9999.000,9999.000
202606032348,   4.433,9999.000,9999.000,9999.000,9999.000,9999.000,9999.000,9999.000,9999.000
202606032354,   4.558,9999.000,9999.000,9999.000,9999.000,9999.000,9999.000,9999.000,9999.000
202606040000,   4.679,9999.000,   0.200,  -0.030,   4.849,   0.100,   4.749,   0.300,   4.949
202606040006,   4.798,9999.000,9999.000,9999.000,9999.000,9999.000,9999.000,9999.000,9999.000
202606040012,   4.913,9999.000,9999.000,9999.000,9999.000,9999.000,9999.000,9999.000,9999.000
202606040018,   5.025,9999.000,9999.000,9999.000,9999.000,9999.000,9999.000,9999.000,9999.000
202606040024,   5.132,9999.000,9999.000,9999.000,9999.000,9999.000,9999.000,9999.000,9999.000
202606040030,   5.236,9999.000,9999.000,9999.000,9999.000,9999.000,9999.000,9999.000,9999.000
202606040036,   5.335,9999.000,9999.000,9999.000,9999.000,9999.000,9999.000,9999.000,9999.000
202606040042,   5.431,9999.000,9999.000,9999.000,9999.000,9999.000,9999.000,9999.000,9999.000
202606040048,   5.521,9999.000,9999.000,9999.000,9999.000,9999.000,9999.000,9999.000,9999.000
202606040054,   5.607,9999.000,9999.000,9999.000,9999.000,9999.000,9999.000,9999.000,9999.000
202606040100,   5.688,9999.000,   0.200,  -0.030,   5.858,   0.100,   5.758,   0.300,   5.958
202606040106,   5.765,9999.000,9999.000,9999.000,9999.000,9999.000,9999.000,9999.000,9999.000
202606040112,   5.837,9999.000,9999.000,9999.000,9999.000,9999.000,9999.000,9999.000,9999.000
202606040118,   5.903,9999.000,9999.000,9999.000,9999.000,9999.000,9999.000,9999.000,9999.000
202606040124,   5.965,9999.000,9999.000,9999.000,9999.000,9999.000,9999.000,9999.000,9999.000
202606040130,   6.023,9999.000,9999.000,9999.000,9999.000,9999.000,9999.000,9999.000,9999.000
202606040136,   6.075,9999.000,9999.000,9999.000,9999.000,9999.000,9999.000,9999.000,9999.000
202606040142,   6.123,9999.000,9999.000,9999.000,9999.000,9999.000,9999.000,9999.000,9999.000
202606040148,   6.167,9999.000,9999.000,9999.000,9999.000,9999.000,9999.000,9999.000,9999.000
202606040154,   6.206,9999.000,9999.000,9999.000,9999.000,9999.000,9999.000,9999.000,9999.000
202606040200,   6.242,9999.000,   0.200,  -0.030,   6.412,   0.100,   6.312,   0.300,   6.512
202606040206,   6.273,9999.000,9999.000,9999.000,9999.000,9999.000,9999.000,9999.000,9999.000
202606040212,   6.301,9999.000,9999.000,9999.000,9999.000,9999.000,9999.000,9999.000,9999.000
202606040218,   6.326,9999.000,9999.000,9999.000,9999.000,9999.000,9999.000,9999.000,9999.000
202606040224,   6.347,9999.000,9999.000,9999.000,9999.000,9999.000,9999.000,9999.000,9999.000
202606040230,   6.366,9999.000,9999.000,9999.000,9999.000,9999.000,9999.000,9999.000,9999.000
202606040236,   6.381,9999.000,9999.000,9999.000,9999.000,9999.000,9999.000,9999.000,9999.000
202606040242,   6.395,9999.000,9999.000,9999.000,9999.000,9999.000,9999.000,9999.000,9999.000
202606040248,   6.406,9999.000,9999.000,9999.000,9999.000,9999.000,9999.000,9999.000,9999.000
202606040254,   6.415,9999.000,9999.000,9999.000,9999.000,9999.000,9999.000,9999.000,9999.000
202606040300,   6.423,9999.000,   0.200,  -0.030,   6.593,   0.100,   6.493,   0.300,   6.693
202606040306,   6.429,9999.000,9999.000,9999.000,9999.000,9999.000,9999.000,9999.000,9999.000
202606040312,   6.433,9999.000,9999.000,9999.000,9999.000,9999.000,9999.000,9999.000,9999.000
202606040318,   6.437,9999.000,9999.000,9999.000,9999.000,9999.000,9999.000,9999.000,9999.000
202606040324,   6.439,9999.000,9999.000,9999.000,9999.000,9999.000,9999.000,9999.000,9999.000
202606040330,   6.440,9999.000,9999.000,9999.000,9999.000,9999.000,9999.000,9999.000,9999.000
202606040336,   6.441,9999.000,9999.000,9999.000,9999.000,9999.000,9999.000,9999.000,9999.000
202606040342,   6.440,9999.000,9999.000,9999.000,9999.000,9999.000,9999.000,9999.000,9999.000
202606040348,   6.439,9999.000,9999.000,9999.000,9999.000,9999.000,9999.000,9999.000,9999.000
202606040354,   6.438,9999.000,9999.000,9999.000,9999.000,9999.000,9999.000,9999.000,9999.000
202606040400,   6.435,9999.000,   0.200,  -0.030,   6.605,   0.100,   6.505,   0.300,   6.705
202606040406,   6.432,9999.000,9999.000,9999.000,9999.000,9999.000,9999.000,9999.000,9999.000
202606040412,   6.428,9999.000,9999.000,9999.000,9999.000,9999.000,9999.000,9999.000,9999.000
202606040418,   6.424,9999.000,9999.000,9999.000,9999.000,9999.000,9999.000,9999.000,9999.000
202606040424,   6.419,9999.000,9999.000,9999.000,9999.000,9999.000,9999.000,9999.000,9999.000
202606040430,   6.413,9999.000,9999.000,9999.000,9999.000,9999.000,9999.000,9999.000,9999.000
202606040436,   6.406,9999.000,9999.000,9999.000,9999.000,9999.000,9999.000,9999.000,9999.000
202606040442,   6.399,9999.000,9999.000,9999.000,9999.000,9999.000,9999.000,9999.000,9999.000
202606040448,   6.391,9999.000,9999.000,9999.000,9999.000,9999.000,9999.000,9999.000,9999.000
202606040454,   6.383,9999.000,9999.000,9999.000,9999.000,9999.000,9999.000,9999.000,9999.000
202606040500,   6.373,9999.000,   0.200,  -0.030,   6.543,   0.100,   6.443,   0.200,   6.543
202606040506,   6.363,9999.000,9999.000,9999.000,9999.000,9999.000,9999.000,9999.000,9999.000
202606040512,   6.353,9999.000,9999.000,9999.000,9999.000,9999.000,9999.000,9999.000,9999.000
202606040518,   6.342,9999.000,9999.000,9999.000,9999.000,9999.000,9999.000,9999.000,9999.000
202606040524,   6.330,9999.000,9999.000,9999.000,9999.000,9999.000,9999.000,9999.000,9999.000
202606040530,   6.318,9999.000,9999.000,9999.000,9999.000,9999.000,9999.000,9999.000,9999.000
202606040536,   6.306,9999.000,9999.000,9999.000,9999.000,9999.000,9999.000,9999.000,9999.000
202606040542,   6.294,9999.000,9999.000,9999.000,9999.000,9999.000,9999.000,9999.000,9999.000
202606040548,   6.282,9999.000,9999.000,9999.000,9999.000,9999.000,9999.000,9999.000,9999.000
202606040554,   6.270,9999.000,9999.000,9999.000,9999.000,9999.000,9999.000,9999.000,9999.000
202606040600,   6.259,9999.000,   0.200,  -0.030,   6.429,   0.100,   6.329,   0.300,   6.529
202606040606,   6.248,9999.000,9999.000,9999.000,9999.000,9999.000,9999.000,9999.000,9999.000
202606040612,   6.238,9999.000,9999.000,9999.000,9999.000,9999.000,9999.000,9999.000,9999.000
202606040618,   6.229,9999.000,9999.000,9999.000,9999.000,9999.000,9999.000,9999.000,9999.000
202606040624,   6.221,9999.000,9999.000,9999.000,9999.000,9999.000,9999.000,9999.000,9999.000
202606040630,   6.215,9999.000,9999.000,9999.000,9999.000,9999.000,9999.000,9999.000,9999.000
202606040636,   6.210,9999.000,9999.000,9999.000,9999.000,9999.000,9999.000,9999.000,9999.000
202606040642,   6.207,9999.000,9999.000,9999.000,9999.000,9999.000,9999.000,9999.000,9999.000
202606040648,   6.205,9999.000,9999.000,9999.000,9999.000,9999.000,9999.000,9999.000,9999.000
202606040654,   6.206,9999.000,9999.000,9999.000,9999.000,9999.000,9999.000,9999.000,9999.000
202606040700,   6.209,9999.000,   0.200,  -0.030,   6.379,   0.100,   6.279,   0.200,   6.379
202606040706,   6.214,9999.000,9999.000,9999.000,9999.000,9999.000,9999.000,9999.000,9999.000
202606040712,   6.221,9999.000,9999.000,9999.000,9999.000,9999.000,9999.000,9999.000,9999.000
202606040718,   6.230,9999.000,9999.000,9999.000,9999.000,9999.000,9999.000,9999.000,9999.000
202606040724,   6.241,9999.000,9999.000,9999.000,9999.000,9999.000,9999.000,9999.000,9999.000
202606040730,   6.255,9999.000,9999.000,9999.000,9999.000,9999.000,9999.000,9999.000,9999.000
202606040736,   6.270,9999.000,9999.000,9999.000,9999.000,9999.000,9999.000,9999.000,9999.000
202606040742,   6.288,9999.000,9999.000,9999.000,9999.000,9999.000,9999.000,9999.000,9999.000
202606040748,   6.307,9999.000,9999.000,9999.000,9999.000,9999.000,9999.000,9999.000,9999.000
202606040754,   6.327,9999.000,9999.000,9999.000,9999.000,9999.000,9999.000,9999.000,9999.000
202606040800,   6.349,9999.000,   0.200,  -0.030,   6.519,   0.100,   6.419,   0.300,   6.619
202606040806,   6.373,9999.000,9999.000,9999.000,9999.000,9999.000,9999.000,9999.000,9999.000
202606040812,   6.397,9999.000,9999.000,9999.000,9999.000,9999.000,9999.000,9999.000,9999.000
202606040818,   6.421,9999.000,9999.000,9999.000,9999.000,9999.000,9999.000,9999.000,9999.000
202606040824,   6.446,9999.000,9999.000,9999.000,9999.000,9999.000,9999.000,9999.000,9999.000
202606040830,   6.471,9999.000,9999.000,9999.000,9999.000,9999.000,9999.000,9999.000,9999.000
202606040836,   6.496,9999.000,9999.000,9999.000,9999.000,9999.000,9999.000,9999.000,9999.000
202606040842,   6.520,9999.000,9999.000,9999.000,9999.000,9999.000,9999.000,9999.000,9999.000
202606040848,   6.543,9999.000,9999.000,9999.000,9999.000,9999.000,9999.000,9999.000,9999.000
202606040854,   6.565,9999.000,9999.000,9999.000,9999.000,9999.000,9999.000,9999.000,9999.000
202606040900,   6.586,9999.000,   0.200,  -0.030,   6.756,   0.100,   6.656,   0.200,   6.756
202606040906,   6.605,9999.000,9999.000,9999.000,9999.000,9999.000,9999.000,9999.000,9999.000
202606040912,   6.622,9999.000,9999.000,9999.000,9999.000,9999.000,9999.000,9999.000,9999.000
202606040918,   6.638,9999.000,9999.000,9999.000,9999.000,9999.000,9999.000,9999.000,9999.000
202606040924,   6.650,9999.000,9999.000,9999.000,9999.000,9999.000,9999.000,9999.000,9999.000
202606040930,   6.661,9999.000,9999.000,9999.000,9999.000,9999.000,9999.000,9999.000,9999.000
202606040936,   6.669,9999.000,9999.000,9999.000,9999.000,9999.000,9999.000,9999.000,9999.000
202606040942,   6.674,9999.000,9999.000,9999.000,9999.000,9999.000,9999.000,9999.000,9999.000
202606040948,   6.676,9999.000,9999.000,9999.000,9999.000,9999.000,9999.000,9999.000,9999.000
202606040954,   6.676,9999.000,9999.000,9999.000,9999.000,9999.000,9999.000,9999.000,9999.000
202606041000,   6.673,9999.000,   0.200,  -0.030,   6.843,   0.100,   6.743,   0.200,   6.843
202606041006,   6.667,9999.000,9999.000,9999.000,9999.000,9999.000,9999.000,9999.000,9999.000
202606041012,   6.658,9999.000,9999.000,9999.000,9999.000,9999.000,9999.000,9999.000,9999.000
202606041018,   6.646,9999.000,9999.000,9999.000,9999.000,9999.000,9999.000,9999.000,9999.000
202606041024,   6.632,9999.000,9999.000,9999.000,9999.000,9999.000,9999.000,9999.000,9999.000
202606041030,   6.615,9999.000,9999.000,9999.000,9999.000,9999.000,9999.000,9999.000,9999.000
202606041036,   6.596,9999.000,9999.000,9999.000,9999.000,9999.000,9999.000,9999.000,9999.000
202606041042,   6.574,9999.000,9999.000,9999.000,9999.000,9999.000,9999.000,9999.000,9999.000
202606041048,   6.550,9999.000,9999.000,9999.000,9999.000,9999.000,9999.000,9999.000,9999.000
202606041054,   6.523,9999.000,9999.000,9999.000,9999.000,9999.000,9999.000,9999.000,9999.000
202606041100,   6.495,9999.000,   0.200,  -0.030,   6.665,   0.200,   6.665,   0.300,   6.765
202606041106,   6.464,9999.000,9999.000,9999.000,9999.000,9999.000,9999.000,9999.000,9999.000
202606041112,   6.432,9999.000,9999.000,9999.000,9999.000,9999.000,9999.000,9999.000,9999.000
202606041118,   6.397,9999.000,9999.000,9999.000,9999.000,9999.000,9999.000,9999.000,9999.000
202606041124,   6.361,9999.000,9999.000,9999.000,9999.000,9999.000,9999.000,9999.000,9999.000
202606041130,   6.322,9999.000,9999.000,9999.000,9999.000,9999.000,9999.000,9999.000,9999.000
202606041136,   6.282,9999.000,9999.000,9999.000,9999.000,9999.000,9999.000,9999.000,9999.000
202606041142,   6.240,9999.000,9999.000,9999.000,9999.000,9999.000,9999.000,9999.000,9999.000
202606041148,   6.196,9999.000,9999.000,9999.000,9999.000,9999.000,9999.000,9999.000,9999.000
202606041154,   6.149,9999.000,9999.000,9999.000,9999.000,9999.000,9999.000,9999.000,9999.000
202606041200,   6.101,9999.000,   0.200,  -0.030,   6.271,   0.100,   6.171,   0.300,   6.371
202606041206,   6.050,9999.000,9999.000,9999.000,9999.000,9999.000,9999.000,9999.000,9999.000
202606041212,   5.997,9999.000,9999.000,9999.000,9999.000,9999.000,9999.000,9999.000,9999.000
202606041218,   5.942,9999.000,9999.000,9999.000,9999.000,9999.000,9999.000,9999.000,9999.000
202606041224,   5.884,9999.000,9999.000,9999.000,9999.000,9999.000,9999.000,9999.000,9999.000
202606041230,   5.823,9999.000,9999.000,9999.000,9999.000,9999.000,9999.000,9999.000,9999.000
202606041236,   5.760,9999.000,9999.000,9999.000,9999.000,9999.000,9999.000,9999.000,9999.000
202606041242,   5.693,9999.000,9999.000,9999.000,9999.000,9999.000,9999.000,9999.000,9999.000
202606041248,   5.623,9999.000,9999.000,9999.000,9999.000,9999.000,9999.000,9999.000,9999.000
202606041254,   5.550,9999.000,9999.000,9999.000,9999.000,9999.000,9999.000,9999.000,9999.000
202606041300,   5.473,9999.000,   0.200,  -0.030,   5.643,   0.100,   5.543,   0.200,   5.643
202606041306,   5.392,9999.000,9999.000,9999.000,9999.000,9999.000,9999.000,9999.000,9999.000
202606041312,   5.308,9999.000,9999.000,9999.000,9999.000,9999.000,9999.000,9999.000,9999.000
202606041318,   5.220,9999.000,9999.000,9999.000,9999.000,9999.000,9999.000,9999.000,9999.000
202606041324,   5.129,9999.000,9999.000,9999.000,9999.000,9999.000,9999.000,9999.000,9999.000
202606041330,   5.033,9999.000,9999.000,9999.000,9999.000,9999.000,9999.000,9999.000,9999.000
202606041336,   4.933,9999.000,9999.000,9999.000,9999.000,9999.000,9999.000,9999.000,9999.000
202606041342,   4.830,9999.000,9999.000,9999.000,9999.000,9999.000,9999.000,9999.000,9999.000
202606041348,   4.723,9999.000,9999.000,9999.000,9999.000,9999.000,9999.000,9999.000,9999.000
202606041354,   4.612,9999.000,9999.000,9999.000,9999.000,9999.000,9999.000,9999.000,9999.000
202606041400,   4.498,9999.000,   0.100,  -0.030,   4.568,   0.100,   4.568,   0.200,   4.668
202606041406,   4.380,9999.000,9999.000,9999.000,9999.000,9999.000,9999.000,9999.000,9999.000
202606041412,   4.259,9999.000,9999.000,9999.000,9999.000,9999.000,9999.000,9999.000,9999.000
202606041418,   4.134,9999.000,9999.000,9999.000,9999.000,9999.000,9999.000,9999.000,9999.000
202606041424,   4.008,9999.000,9999.000,9999.000,9999.000,9999.000,9999.000,9999.000,9999.000
202606041430,   3.878,9999.000,9999.000,9999.000,9999.000,9999.000,9999.000,9999.000,9999.000
202606041436,   3.746,9999.000,9999.000,9999.000,9999.000,9999.000,9999.000,9999.000,9999.000
202606041442,   3.612,9999.000,9999.000,9999.000,9999.000,9999.000,9999.000,9999.000,9999.000
202606041448,   3.476,9999.000,9999.000,9999.000,9999.000,9999.000,9999.000,9999.000,9999.000
202606041454,   3.339,9999.000,9999.000,9999.000,9999.000,9999.000,9999.000,9999.000,9999.000
202606041500,   3.201,9999.000,   0.200,  -0.030,   3.371,   0.100,   3.271,   0.300,   3.471
202606041506,   3.062,9999.000,9999.000,9999.000,9999.000,9999.000,9999.000,9999.000,9999.000
202606041512,   2.922,9999.000,9999.000,9999.000,9999.000,9999.000,9999.000,9999.000,9999.000
202606041518,   2.781,9999.000,9999.000,9999.000,9999.000,9999.000,9999.000,9999.000,9999.000
202606041524,   2.641,9999.000,9999.000,9999.000,9999.000,9999.000,9999.000,9999.000,9999.000
202606041530,   2.501,9999.000,9999.000,9999.000,9999.000,9999.000,9999.000,9999.000,9999.000
202606041536,   2.361,9999.000,9999.000,9999.000,9999.000,9999.000,9999.000,9999.000,9999.000
202606041542,   2.222,9999.000,9999.000,9999.000,9999.000,9999.000,9999.000,9999.000,9999.000
202606041548,   2.084,9999.000,9999.000,9999.000,9999.000,9999.000,9999.000,9999.000,9999.000
202606041554,   1.947,9999.000,9999.000,9999.000,9999.000,9999.000,9999.000,9999.000,9999.000
202606041600,   1.811,9999.000,   0.200,  -0.030,   1.981,   0.100,   1.881,   0.300,   2.081
202606041606,   1.676,9999.000,9999.000,9999.000,9999.000,9999.000,9999.000,9999.000,9999.000
202606041612,   1.543,9999.000,9999.000,9999.000,9999.000,9999.000,9999.000,9999.000,9999.000
202606041618,   1.412,9999.000,9999.000,9999.000,9999.000,9999.000,9999.000,9999.000,9999.000
202606041624,   1.282,9999.000,9999.000,9999.000,9999.000,9999.000,9999.000,9999.000,9999.000
202606041630,   1.155,9999.000,9999.000,9999.000,9999.000,9999.000,9999.000,9999.000,9999.000
202606041636,   1.029,9999.000,9999.000,9999.000,9999.000,9999.000,9999.000,9999.000,9999.000
202606041642,   0.905,9999.000,9999.000,9999.000,9999.000,9999.000,9999.000,9999.000,9999.000
202606041648,   0.784,9999.000,9999.000,9999.000,9999.000,9999.000,9999.000,9999.000,9999.000
202606041654,   0.665,9999.000,9999.000,9999.000,9999.000,9999.000,9999.000,9999.000,9999.000
202606041700,   0.548,9999.000,   0.200,  -0.030,   0.718,   0.100,   0.618,   0.200,   0.718
202606041706,   0.433,9999.000,9999.000,9999.000,9999.000,9999.000,9999.000,9999.000,9999.000
202606041712,   0.321,9999.000,9999.000,9999.000,9999.000,9999.000,9999.000,9999.000,9999.000
202606041718,   0.212,9999.000,9999.000,9999.000,9999.000,9999.000,9999.000,9999.000,9999.000
202606041724,   0.106,9999.000,9999.000,9999.000,9999.000,9999.000,9999.000,9999.000,9999.000
202606041730,   0.002,9999.000,9999.000,9999.000,9999.000,9999.000,9999.000,9999.000,9999.000
202606041736,  -0.097,9999.000,9999.000,9999.000,9999.000,9999.000,9999.000,9999.000,9999.000
202606041742,  -0.194,9999.000,9999.000,9999.000,9999.000,9999.000,9999.000,9999.000,9999.000
202606041748,  -0.287,9999.000,9999.000,9999.000,9999.000,9999.000,9999.000,9999.000,9999.000
202606041754,  -0.377,9999.000,9999.000,9999.000,9999.000,9999.000,9999.000,9999.000,9999.000
202606041800,  -0.462,9999.000,   0.100,  -0.030,  -0.392,   0.100,  -0.392,   0.200,  -0.292
202606041806,  -0.544,9999.000,9999.000,9999.000,9999.000,9999.000,9999.000,9999.000,9999.000
202606041812,  -0.621,9999.000,9999.000,9999.000,9999.000,9999.000,9999.000,9999.000,9999.000
202606041818,  -0.692,9999.000,9999.000,9999.000,9999.000,9999.000,9999.000,9999.000,9999.000
202606041824,  -0.759,9999.000,9999.000,9999.000,9999.000,9999.000,9999.000,9999.000,9999.000
202606041830,  -0.821,9999.000,9999.000,9999.000,9999.000,9999.000,9999.000,9999.000,9999.000
202606041836,  -0.876,9999.000,9999.000,9999.000,9999.000,9999.000,9999.000,9999.000,9999.000
202606041842,  -0.926,9999.000,9999.000,9999.000,9999.000,9999.000,9999.000,9999.000,9999.000
202606041848,  -0.970,9999.000,9999.000,9999.000,9999.000,9999.000,9999.000,9999.000,9999.000
202606041854,  -1.007,9999.000,9999.000,9999.000,9999.000,9999.000,9999.000,9999.000,9999.000
202606041900,  -1.037,9999.000,   0.100,  -0.030,  -0.967,   0.100,  -0.967,   0.200,  -0.867
202606041906,  -1.060,9999.000,9999.000,9999.000,9999.000,9999.000,9999.000,9999.000,9999.000
202606041912,  -1.076,9999.000,9999.000,9999.000,9999.000,9999.000,9999.000,9999.000,9999.000
202606041918,  -1.085,9999.000,9999.000,9999.000,9999.000,9999.000,9999.000,9999.000,9999.000
202606041924,  -1.086,9999.000,9999.000,9999.000,9999.000,9999.000,9999.000,9999.000,9999.000
202606041930,  -1.079,9999.000,9999.000,9999.000,9999.000,9999.000,9999.000,9999.000,9999.000
202606041936,  -1.065,9999.000,9999.000,9999.000,9999.000,9999.000,9999.000,9999.000,9999.000
202606041942,  -1.043,9999.000,9999.000,9999.000,9999.000,9999.000,9999.000,9999.000,9999.000
202606041948,  -1.013,9999.000,9999.000,9999.000,9999.000,9999.000,9999.000,9999.000,9999.000
202606041954,  -0.976,9999.000,9999.000,9999.000,9999.000,9999.000,9999.000,9999.000,9999.000
202606042000,  -0.931,9999.000,   0.200,  -0.030,  -0.761,   0.100,  -0.861,   0.300,  -0.661
202606042006,  -0.879,9999.000,9999.000,9999.000,9999.000,9999.000,9999.000,9999.000,9999.000
202606042012,  -0.819,9999.000,9999.000,9999.000,9999.000,9999.000,9999.000,9999.000,9999.000
202606042018,  -0.752,9999.000,9999.000,9999.000,9999.000,9999.000,9999.000,9999.000,9999.000
202606042024,  -0.679,9999.000,9999.000,9999.000,9999.000,9999.000,9999.000,9999.000,9999.000
202606042030,  -0.599,9999.000,9999.000,9999.000,9999.000,9999.000,9999.000,9999.000,9999.000
202606042036,  -0.513,9999.000,9999.000,9999.000,9999.000,9999.000,9999.000,9999.000,9999.000
202606042042,  -0.420,9999.000,9999.000,9999.000,9999.000,9999.000,9999.000,9999.000,9999.000
202606042048,  -0.323,9999.000,9999.000,9999.000,9999.000,9999.000,9999.000,9999.000,9999.000
202606042054,  -0.220,9999.000,9999.000,9999.000,9999.000,9999.000,9999.000,9999.000,9999.000
202606042100,  -0.112,9999.000,   0.200,  -0.030,   0.058,   0.100,  -0.042,   0.300,   0.158
202606042106,   0.000,9999.000,9999.000,9999.000,9999.000,9999.000,9999.000,9999.000,9999.000
202606042112,   0.115,9999.000,9999.000,9999.000,9999.000,9999.000,9999.000,9999.000,9999.000
202606042118,   0.235,9999.000,9999.000,9999.000,9999.000,9999.000,9999.000,9999.000,9999.000
202606042124,   0.357,9999.000,9999.000,9999.000,9999.000,9999.000,9999.000,9999.000,9999.000
202606042130,   0.483,9999.000,9999.000,9999.000,9999.000,9999.000,9999.000,9999.000,9999.000
202606042136,   0.611,9999.000,9999.000,9999.000,9999.000,9999.000,9999.000,9999.000,9999.000
202606042142,   0.742,9999.000,9999.000,9999.000,9999.000,9999.000,9999.000,9999.000,9999.000
202606042148,   0.874,9999.000,9999.000,9999.000,9999.000,9999.000,9999.000,9999.000,9999.000
202606042154,   1.008,9999.000,9999.000,9999.000,9999.000,9999.000,9999.000,9999.000,9999.000
202606042200,   1.143,9999.000,   0.200,  -0.030,   1.313,   0.100,   1.213,   0.300,   1.413
202606042206,   1.279,9999.000,9999.000,9999.000,9999.000,9999.000,9999.000,9999.000,9999.000
202606042212,   1.415,9999.000,9999.000,9999.000,9999.000,9999.000,9999.000,9999.000,9999.000
202606042218,   1.553,9999.000,9999.000,9999.000,9999.000,9999.000,9999.000,9999.000,9999.000
202606042224,   1.690,9999.000,9999.000,9999.000,9999.000,9999.000,9999.000,9999.000,9999.000
202606042230,   1.828,9999.000,9999.000,9999.000,9999.000,9999.000,9999.000,9999.000,9999.000
202606042236,   1.966,9999.000,9999.000,9999.000,9999.000,9999.000,9999.000,9999.000,9999.000
202606042242,   2.104,9999.000,9999.000,9999.000,9999.000,9999.000,9999.000,9999.000,9999.000
202606042248,   2.242,9999.000,9999.000,9999.000,9999.000,9999.000,9999.000,9999.000,9999.000
202606042254,   2.380,9999.000,9999.000,9999.000,9999.000,9999.000,9999.000,9999.000,9999.000
202606042300,   2.518,9999.000,   0.200,  -0.030,   2.688,   0.100,   2.588,   0.300,   2.788
202606042306,   2.655,9999.000,9999.000,9999.000,9999.000,9999.000,9999.000,9999.000,9999.000
202606042312,   2.792,9999.000,9999.000,9999.000,9999.000,9999.000,9999.000,9999.000,9999.000
202606042318,   2.928,9999.000,9999.000,9999.000,9999.000,9999.000,9999.000,9999.000,9999.000
202606042324,   3.064,9999.000,9999.000,9999.000,9999.000,9999.000,9999.000,9999.000,9999.000
202606042330,   3.200,9999.000,9999.000,9999.000,9999.000,9999.000,9999.000,9999.000,9999.000
202606042336,   3.334,9999.000,9999.000,9999.000,9999.000,9999.000,9999.000,9999.000,9999.000
202606042342,   3.468,9999.000,9999.000,9999.000,9999.000,9999.000,9999.000,9999.000,9999.000
202606042348,   3.601,9999.000,9999.000,9999.000,9999.000,9999.000,9999.000,9999.000,9999.000
202606042354,   3.733,9999.000,9999.000,9999.000,9999.000,9999.000,9999.000,9999.000,9999.000
202606050000,   3.864,9999.000,   0.200,  -0.030,   4.034,   0.100,   3.934,   0.300,   4.134
