        TIME,    TIDE,      OB,   SURGE,    BIAS,     TWL,SURGE90p,  TWL90p,SURGE10p,   TWL10p
202603210600,   1.219,   1.958,   0.400,   0.339,   1.958,   0.200,   1.758,   0.400,   1.958
202603210606,   1.162,9999.000,9999.000,9999.000,9999.000,9999.000,9999.000,9999.000,9999.000
202603210612,   1.106,   1.889,9999.000,9999.000,9999.000,9999.000,9999.000,9999.000,9999.000
202603210618,   1.051,9999.000,9999.000,9999.000,9999.000,9999.000,9999.000,9999.000,9999.000
202603210624,   0.996,   1.810,9999.000,9999.000,9999.000,9999.000,9999.000,9999.000,9999.000
202603210630,   0.942,9999.000,9999.000,9999.000,9999.000,9999.000,9999.000,9999.000,9999.000
202603210636,   0.889,   1.738,9999.000,9999.000,9999.000,9999.000,9999.000,9999.000,9999.000
202603210642,   0.837,9999.000,9999.000,9999.000,9999.000,9999.000,9999.000,9999.000,9999.000
202603210648,   0.786,   1.679,9999.000,9999.000,9999.000,9999.000,9999.000,9999.000,9999.000
202603210654,   0.737,9999.000,9999.000,9999.000,9999.000,9999.000,9999.000,9999.000,9999.000
202603210700,   0.688,   1.600,   0.300,   0.612,   1.600,   0.200,   1.500,   0.400,   1.700
202603210706,   0.641,   1.571,9999.000,9999.000,9999.000,9999.000,9999.000,9999.000,9999.000
202603210712,   0.594,   1.528,9999.000,9999.000,9999.000,9999.000,9999.000,9999.000,9999.000
202603210718,   0.550,   1.498,9999.000,9999.000,9999.000,9999.000,9999.000,9999.000,9999.000
202603210724,   0.506,   1.469,9999.000,9999.000,9999.000,9999.000,9999.000,9999.000,9999.000
202603210730,   0.464,   1.439,9999.000,9999.000,9999.000,9999.000,9999.000,9999.000,9999.000
202603210736,   0.424,   1.410,9999.000,9999.000,9999.000,9999.000,9999.000,9999.000,9999.000
202603210742,   0.385,   1.380,9999.000,9999.000,9999.000,9999.000,9999.000,9999.000,9999.000
202603210748,   0.347,   1.348,9999.000,9999.000,9999.000,9999.000,9999.000,9999.000,9999.000
202603210754,   0.311,   1.308,9999.000,9999.000,9999.000,9999.000,9999.000,9999.000,9999.000
202603210800,   0.277,   1.279,   0.400,   0.602,   1.279,   0.200,   1.079,   0.400,   1.279
202603210806,   0.245,   1.249,9999.000,9999.000,9999.000,9999.000,9999.000,9999.000,9999.000
202603210812,   0.214,   1.220,9999.000,9999.000,9999.000,9999.000,9999.000,9999.000,9999.000
202603210818,   0.186,   1.190,9999.000,9999.000,9999.000,9999.000,9999.000,9999.000,9999.000
202603210824,   0.159,   1.161,9999.000,9999.000,9999.000,9999.000,9999.000,9999.000,9999.000
202603210830,   0.134,   1.128,9999.000,9999.000,9999.000,9999.000,9999.000,9999.000,9999.000
202603210836,   0.112,   1.098,9999.000,9999.000,9999.000,9999.000,9999.000,9999.000,9999.000
202603210842,   0.091,   1.088,9999.000,9999.000,9999.000,9999.000,9999.000,9999.000,9999.000
202603210848,   0.073,   1.069,9999.000,9999.000,9999.000,9999.000,9999.000,9999.000,9999.000
202603210854,   0.057,   1.049,9999.000,9999.000,9999.000,9999.000,9999.000,9999.000,9999.000
202603210900,   0.044,   1.029,   0.400,   0.585,   1.029,   0.300,   0.929,   0.500,   1.129
202603210906,   0.033,   1.000,9999.000,9999.000,9999.000,9999.000,9999.000,9999.000,9999.000
202603210912,   0.024,   0.980,9999.000,9999.000,9999.000,9999.000,9999.000,9999.000,9999.000
202603210918,   0.019,   0.961,9999.000,9999.000,9999.000,9999.000,9999.000,9999.000,9999.000
202603210924,   0.015,   0.951,9999.000,9999.000,9999.000,9999.000,9999.000,9999.000,9999.000
202603210930,   0.015,   0.941,9999.000,9999.000,9999.000,9999.000,9999.000,9999.000,9999.000
202603210936,   0.017,   0.918,9999.000,9999.000,9999.000,9999.000,9999.000,9999.000,9999.000
202603210942,   0.023,   0.908,9999.000,9999.000,9999.000,9999.000,9999.000,9999.000,9999.000
202603210948,   0.031,   0.888,9999.000,9999.000,9999.000,9999.000,9999.000,9999.000,9999.000
202603210954,   0.042,   0.879,9999.000,9999.000,9999.000,9999.000,9999.000,9999.000,9999.000
202603211000,   0.056,   0.879,   0.400,   0.423,   0.879,   0.300,   0.779,   0.500,   0.979
202603211006,   0.073,   0.888,9999.000,9999.000,9999.000,9999.000,9999.000,9999.000,9999.000
202603211012,   0.093,   0.908,9999.000,9999.000,9999.000,9999.000,9999.000,9999.000,9999.000
202603211018,   0.115,   0.908,9999.000,9999.000,9999.000,9999.000,9999.000,9999.000,9999.000
202603211024,   0.141,   0.928,9999.000,9999.000,9999.000,9999.000,9999.000,9999.000,9999.000
202603211030,   0.169,   0.951,9999.000,9999.000,9999.000,9999.000,9999.000,9999.000,9999.000
202603211036,   0.200,   0.990,9999.000,9999.000,9999.000,9999.000,9999.000,9999.000,9999.000
202603211042,   0.234,   1.000,9999.000,9999.000,9999.000,9999.000,9999.000,9999.000,9999.000
202603211048,   0.270,   1.039,9999.000,9999.000,9999.000,9999.000,9999.000,9999.000,9999.000
202603211054,   0.309,   1.069,9999.000,9999.000,9999.000,9999.000,9999.000,9999.000,9999.000
202603211100,   0.349,   1.088,   0.300,   0.439,   1.088,   0.200,   0.988,   0.400,   1.188
202603211106,   0.392,   1.138,9999.000,9999.000,9999.000,9999.000,9999.000,9999.000,9999.000
202603211112,   0.437,   1.170,9999.000,9999.000,9999.000,9999.000,9999.000,9999.000,9999.000
202603211118,   0.484,   1.220,9999.000,9999.000,9999.000,9999.000,9999.000,9999.000,9999.000
202603211124,   0.532,   1.249,9999.000,9999.000,9999.000,9999.000,9999.000,9999.000,9999.000
202603211130,   0.581,   1.269,9999.000,9999.000,9999.000,9999.000,9999.000,9999.000,9999.000
202603211136,   0.632,   1.308,9999.000,9999.000,9999.000,9999.000,9999.000,9999.000,9999.000
202603211142,   0.683,   1.338,9999.000,9999.000,9999.000,9999.000,9999.000,9999.000,9999.000
202603211148,   0.735,   1.390,9999.000,9999.000,9999.000,9999.000,9999.000,9999.000,9999.000
202603211154,   0.788,   1.439,9999.000,9999.000,9999.000,9999.000,9999.000,9999.000,9999.000
202603211200,   0.842,   1.489,   0.400,   0.247,   1.489,   0.300,   1.389,   0.500,   1.589
202603211206,   0.895,   1.528,9999.000,9999.000,9999.000,9999.000,9999.000,9999.000,9999.000
202603211212,   0.948,   1.590,9999.000,9999.000,9999.000,9999.000,9999.000,9999.000,9999.000
202603211218,   1.002,   1.639,9999.000,9999.000,9999.000,9999.000,9999.000,9999.000,9999.000
202603211224,   1.055,   1.689,9999.000,9999.000,9999.000,9999.000,9999.000,9999.000,9999.000
202603211230,   1.107,   1.728,9999.000,9999.000,9999.000,9999.000,9999.000,9999.000,9999.000
202603211236,   1.159,   1.758,9999.000,9999.000,9999.000,9999.000,9999.000,9999.000,9999.000
202603211242,   1.210,   1.800,9999.000,9999.000,9999.000,9999.000,9999.000,9999.000,9999.000
202603211248,   1.260,   1.840,9999.000,9999.000,9999.000,9999.000,9999.000,9999.000,9999.000
202603211254,   1.310,   1.879,9999.000,9999.000,9999.000,9999.000,9999.000,9999.000,9999.000
202603211300,   1.358,   1.928,   0.400,   0.170,   1.928,   0.300,   1.828,   0.500,   2.028
202603211306,   1.405,   1.958,9999.000,9999.000,9999.000,9999.000,9999.000,9999.000,9999.000
202603211312,   1.451,   2.000,9999.000,9999.000,9999.000,9999.000,9999.000,9999.000,9999.000
202603211318,   1.496,   2.049,9999.000,9999.000,9999.000,9999.000,9999.000,9999.000,9999.000
202603211324,   1.540,   2.069,9999.000,9999.000,9999.000,9999.000,9999.000,9999.000,9999.000
202603211330,   1.582,   2.128,9999.000,9999.000,9999.000,9999.000,9999.000,9999.000,9999.000
202603211336,   1.622,   2.148,9999.000,9999.000,9999.000,9999.000,9999.000,9999.000,9999.000
202603211342,   1.662,   2.200,9999.000,9999.000,9999.000,9999.000,9999.000,9999.000,9999.000
202603211348,   1.699,   2.240,9999.000,9999.000,9999.000,9999.000,9999.000,9999.000,9999.000
202603211354,   1.735,   2.240,9999.000,9999.000,9999.000,9999.000,9999.000,9999.000,9999.000
202603211400,   1.770,   2.299,   0.400,   0.129,   2.299,   0.400,   2.299,   0.500,   2.399
202603211406,   1.802,   2.299,9999.000,9999.000,9999.000,9999.000,9999.000,9999.000,9999.000
202603211412,   1.833,   2.348,9999.000,9999.000,9999.000,9999.000,9999.000,9999.000,9999.000
202603211418,   1.862,   2.377,9999.000,9999.000,9999.000,9999.000,9999.000,9999.000,9999.000
202603211424,   1.888,   2.400,9999.000,9999.000,9999.000,9999.000,9999.000,9999.000,9999.000
202603211430,   1.913,   2.420,9999.000,9999.000,9999.000,9999.000,9999.000,9999.000,9999.000
202603211436,   1.935,   2.440,9999.000,9999.000,9999.000,9999.000,9999.000,9999.000,9999.000
202603211442,   1.955,   2.479,9999.000,9999.000,9999.000,9999.000,9999.000,9999.000,9999.000
202603211448,   1.972,   2.469,9999.000,9999.000,9999.000,9999.000,9999.000,9999.000,9999.000
202603211454,   1.987,   2.499,9999.000,9999.000,9999.000,9999.000,9999.000,9999.000,9999.000
202603211500,   1.999,   2.479,   0.500,  -0.020,   2.479,   0.400,   2.379,   0.500,   2.479
202603211506,   2.008,   2.509,9999.000,9999.000,9999.000,9999.000,9999.000,9999.000,9999.000
202603211512,   2.014,   2.479,9999.000,9999.000,9999.000,9999.000,9999.000,9999.000,9999.000
202603211518,   2.017,   2.489,9999.000,9999.000,9999.000,9999.000,9999.000,9999.000,9999.000
202603211524,   2.018,   2.489,9999.000,9999.000,9999.000,9999.000,9999.000,9999.000,9999.000
202603211530,   2.014,   2.479,9999.000,9999.000,9999.000,9999.000,9999.000,9999.000,9999.000
202603211536,   2.008,   2.450,9999.000,9999.000,9999.000,9999.000,9999.000,9999.000,9999.000
202603211542,   1.998,   2.450,9999.000,9999.000,9999.000,9999.000,9999.000,9999.000,9999.000
202603211548,   1.985,   2.400,9999.000,9999.000,9999.000,9999.000,9999.000,9999.000,9999.000
202603211554,   1.969,   2.377,9999.000,9999.000,9999.000,9999.000,9999.000,9999.000,9999.000
202603211600,   1.950,   2.338,   0.400,  -0.012,   2.338,   0.400,   2.338,   0.500,   2.438
202603211606,   1.927,   2.328,9999.000,9999.000,9999.000,9999.000,9999.000,9999.000,9999.000
202603211612,   1.902,   2.279,9999.000,9999.000,9999.000,9999.000,9999.000,9999.000,9999.000
202603211618,   1.873,   2.259,9999.000,9999.000,9999.000,9999.000,9999.000,9999.000,9999.000
202603211624,   1.841,   2.210,9999.000,9999.000,9999.000,9999.000,9999.000,9999.000,9999.000
202603211630,   1.807,   2.168,9999.000,9999.000,9999.000,9999.000,9999.000,9999.000,9999.000
202603211636,   1.770,   2.128,9999.000,9999.000,9999.000,9999.000,9999.000,9999.000,9999.000
202603211642,   1.731,   2.099,9999.000,9999.000,9999.000,9999.000,9999.000,9999.000,9999.000
202603211648,   1.689,   2.069,9999.000,9999.000,9999.000,9999.000,9999.000,9999.000,9999.000
202603211654,   1.645,   2.010,9999.000,9999.000,9999.000,9999.000,9999.000,9999.000,9999.000
202603211700,   1.600,   1.967,   0.400,  -0.033,   1.967,   0.300,   1.867,   0.500,   2.067
202603211706,   1.553,   1.928,9999.000,9999.000,9999.000,9999.000,9999.000,9999.000,9999.000
202603211712,   1.504,   1.879,9999.000,9999.000,9999.000,9999.000,9999.000,9999.000,9999.000
202603211718,   1.454,   1.849,9999.000,9999.000,9999.000,9999.000,9999.000,9999.000,9999.000
202603211724,   1.403,   1.781,9999.000,9999.000,9999.000,9999.000,9999.000,9999.000,9999.000
202603211730,   1.351,   1.748,9999.000,9999.000,9999.000,9999.000,9999.000,9999.000,9999.000
202603211736,   1.299,   1.718,9999.000,9999.000,9999.000,9999.000,9999.000,9999.000,9999.000
202603211742,   1.246,   1.679,9999.000,9999.000,9999.000,9999.000,9999.000,9999.000,9999.000
202603211748,   1.193,   1.639,9999.000,9999.000,9999.000,9999.000,9999.000,9999.000,9999.000
202603211754,   1.140,   1.600,9999.000,9999.000,9999.000,9999.000,9999.000,9999.000,9999.000
202603211800,   1.087,   1.557,   0.500,  -0.030,   1.557,   0.400,   1.457,   0.500,   1.557
202603211806,   1.035,   1.518,9999.000,9999.000,9999.000,9999.000,9999.000,9999.000,9999.000
202603211812,   0.982,   1.489,9999.000,9999.000,9999.000,9999.000,9999.000,9999.000,9999.000
202603211818,   0.931,   1.449,9999.000,9999.000,9999.000,9999.000,9999.000,9999.000,9999.000
202603211824,   0.880,   1.420,9999.000,9999.000,9999.000,9999.000,9999.000,9999.000,9999.000
202603211830,   0.830,   1.390,9999.000,9999.000,9999.000,9999.000,9999.000,9999.000,9999.000
202603211836,   0.780,   1.348,9999.000,9999.000,9999.000,9999.000,9999.000,9999.000,9999.000
202603211842,   0.732,   1.318,9999.000,9999.000,9999.000,9999.000,9999.000,9999.000,9999.000
202603211848,   0.684,   1.279,9999.000,9999.000,9999.000,9999.000,9999.000,9999.000,9999.000
202603211854,   0.638,   1.239,9999.000,9999.000,9999.000,9999.000,9999.000,9999.000,9999.000
202603211900,   0.593,   1.200,   0.500,   0.107,   1.200,   0.400,   1.100,   0.500,   1.200
202603211906,   0.549,   1.161,9999.000,9999.000,9999.000,9999.000,9999.000,9999.000,9999.000
202603211912,   0.507,   1.128,9999.000,9999.000,9999.000,9999.000,9999.000,9999.000,9999.000
202603211918,   0.465,   1.088,9999.000,9999.000,9999.000,9999.000,9999.000,9999.000,9999.000
202603211924,   0.425,   1.049,9999.000,9999.000,9999.000,9999.000,9999.000,9999.000,9999.000
202603211930,   0.387,   1.029,9999.000,9999.000,9999.000,9999.000,9999.000,9999.000,9999.000
202603211936,   0.350,   1.000,9999.000,9999.000,9999.000,9999.000,9999.000,9999.000,9999.000
202603211942,   0.315,   0.980,9999.000,9999.000,9999.000,9999.000,9999.000,9999.000,9999.000
202603211948,   0.281,   0.951,9999.000,9999.000,9999.000,9999.000,9999.000,9999.000,9999.000
202603211954,   0.248,   0.918,9999.000,9999.000,9999.000,9999.000,9999.000,9999.000,9999.000
202603212000,   0.217,   0.888,   0.500,   0.171,   0.888,   0.400,   0.788,   0.500,   0.888
202603212006,   0.188,   0.859,9999.000,9999.000,9999.000,9999.000,9999.000,9999.000,9999.000
202603212012,   0.161,   0.839,9999.000,9999.000,9999.000,9999.000,9999.000,9999.000,9999.000
202603212018,   0.135,   0.819,9999.000,9999.000,9999.000,9999.000,9999.000,9999.000,9999.000
202603212024,   0.112,   0.790,9999.000,9999.000,9999.000,9999.000,9999.000,9999.000,9999.000
202603212030,   0.090,   0.760,9999.000,9999.000,9999.000,9999.000,9999.000,9999.000,9999.000
202603212036,   0.070,   0.731,9999.000,9999.000,9999.000,9999.000,9999.000,9999.000,9999.000
202603212042,   0.052,   0.708,9999.000,9999.000,9999.000,9999.000,9999.000,9999.000,9999.000
202603212048,   0.036,   0.698,9999.000,9999.000,9999.000,9999.000,9999.000,9999.000,9999.000
202603212054,   0.022,   0.678,9999.000,9999.000,9999.000,9999.000,9999.000,9999.000,9999.000
202603212100,   0.010,   0.669,   0.500,   0.159,   0.669,   0.500,   0.669,   0.600,   0.769
202603212106,   0.001,   0.659,9999.000,9999.000,9999.000,9999.000,9999.000,9999.000,9999.000
202603212112,  -0.005,   0.649,9999.000,9999.000,9999.000,9999.000,9999.000,9999.000,9999.000
202603212118,  -0.010,   0.649,9999.000,9999.000,9999.000,9999.000,9999.000,9999.000,9999.000
202603212124,  -0.012,   0.629,9999.000,9999.000,9999.000,9999.000,9999.000,9999.000,9999.000
202603212130,  -0.012,   0.629,9999.000,9999.000,9999.000,9999.000,9999.000,9999.000,9999.000
202603212136,  -0.009,   0.629,9999.000,9999.000,9999.000,9999.000,9999.000,9999.000,9999.000
202603212142,  -0.004,   0.619,9999.000,9999.000,9999.000,9999.000,9999.000,9999.000,9999.000
202603212148,   0.003,   0.629,9999.000,9999.000,9999.000,9999.000,9999.000,9999.000,9999.000
202603212154,   0.014,   0.639,9999.000,9999.000,9999.000,9999.000,9999.000,9999.000,9999.000
202603212200,   0.028,   0.649,   0.500,   0.121,   0.649,   0.500,   0.649,   0.600,   0.749
202603212206,   0.045,   0.669,9999.000,9999.000,9999.000,9999.000,9999.000,9999.000,9999.000
202603212212,   0.064,   0.698,9999.000,9999.000,9999.000,9999.000,9999.000,9999.000,9999.000
202603212218,   0.087,   0.741,9999.000,9999.000,9999.000,9999.000,9999.000,9999.000,9999.000
202603212224,   0.112,   0.751,9999.000,9999.000,9999.000,9999.000,9999.000,9999.000,9999.000
202603212230,   0.140,   0.780,9999.000,9999.000,9999.000,9999.000,9999.000,9999.000,9999.000
202603212236,   0.171,   0.819,9999.000,9999.000,9999.000,9999.000,9999.000,9999.000,9999.000
202603212242,   0.205,   0.829,9999.000,9999.000,9999.000,9999.000,9999.000,9999.000,9999.000
202603212248,   0.241,   0.869,9999.000,9999.000,9999.000,9999.000,9999.000,9999.000,9999.000
202603212254,   0.280,   0.898,9999.000,9999.000,9999.000,9999.000,9999.000,9999.000,9999.000
202603212300,   0.322,   0.941,   0.600,   0.019,   0.941,   0.500,   0.841,   0.600,   0.941
202603212306,   0.367,   0.970,9999.000,9999.000,9999.000,9999.000,9999.000,9999.000,9999.000
202603212312,   0.413,   1.010,9999.000,9999.000,9999.000,9999.000,9999.000,9999.000,9999.000
202603212318,   0.462,   1.049,9999.000,9999.000,9999.000,9999.000,9999.000,9999.000,9999.000
202603212324,   0.513,   1.088,9999.000,9999.000,9999.000,9999.000,9999.000,9999.000,9999.000
202603212330,   0.566,   1.138,9999.000,9999.000,9999.000,9999.000,9999.000,9999.000,9999.000
202603212336,   0.621,   1.170,9999.000,9999.000,9999.000,9999.000,9999.000,9999.000,9999.000
202603212342,   0.677,   1.220,9999.000,9999.000,9999.000,9999.000,9999.000,9999.000,9999.000
202603212348,   0.735,   1.269,9999.000,9999.000,9999.000,9999.000,9999.000,9999.000,9999.000
202603212354,   0.793,   1.328,9999.000,9999.000,9999.000,9999.000,9999.000,9999.000,9999.000
202603220000,   0.853,   1.380,   0.500,   0.027,   1.380,   0.500,   1.380,   0.600,   1.480
202603220006,   0.914,   1.439,9999.000,9999.000,9999.000,9999.000,9999.000,9999.000,9999.000
202603220012,   0.975,   1.489,9999.000,9999.000,9999.000,9999.000,9999.000,9999.000,9999.000
202603220018,   1.036,   1.528,9999.000,9999.000,9999.000,9999.000,9999.000,9999.000,9999.000
202603220024,   1.098,   1.590,9999.000,9999.000,9999.000,9999.000,9999.000,9999.000,9999.000
202603220030,   1.160,   1.630,9999.000,9999.000,9999.000,9999.000,9999.000,9999.000,9999.000
202603220036,   1.221,   1.679,9999.000,9999.000,9999.000,9999.000,9999.000,9999.000,9999.000
202603220042,   1.282,   1.728,9999.000,9999.000,9999.000,9999.000,9999.000,9999.000,9999.000
202603220048,   1.343,   1.781,9999.000,9999.000,9999.000,9999.000,9999.000,9999.000,9999.000
202603220054,   1.403,   1.820,9999.000,9999.000,9999.000,9999.000,9999.000,9999.000,9999.000
202603220100,   1.462,   1.889,   0.500,  -0.073,   1.889,   0.500,   1.889,   0.600,   1.989
202603220106,   1.521,   1.918,9999.000,9999.000,9999.000,9999.000,9999.000,9999.000,9999.000
202603220112,   1.578,   1.990,9999.000,9999.000,9999.000,9999.000,9999.000,9999.000,9999.000
202603220118,   1.634,   2.040,9999.000,9999.000,9999.000,9999.000,9999.000,9999.000,9999.000
202603220124,   1.689,   2.089,9999.000,9999.000,9999.000,9999.000,9999.000,9999.000,9999.000
202603220130,   1.743,   2.148,9999.000,9999.000,9999.000,9999.000,9999.000,9999.000,9999.000
202603220136,   1.796,   2.191,9999.000,9999.000,9999.000,9999.000,9999.000,9999.000,9999.000
202603220142,   1.847,   2.230,9999.000,9999.000,9999.000,9999.000,9999.000,9999.000,9999.000
202603220148,   1.897,   2.279,9999.000,9999.000,9999.000,9999.000,9999.000,9999.000,9999.000
202603220154,   1.945,   2.318,9999.000,9999.000,9999.000,9999.000,9999.000,9999.000,9999.000
202603220200,   1.992,   2.377,   0.500,  -0.115,   2.377,   0.500,   2.377,   0.600,   2.477
202603220206,   2.037,   2.420,9999.000,9999.000,9999.000,9999.000,9999.000,9999.000,9999.000
202603220212,   2.080,   2.469,9999.000,9999.000,9999.000,9999.000,9999.000,9999.000,9999.000
202603220218,   2.122,   2.499,9999.000,9999.000,9999.000,9999.000,9999.000,9999.000,9999.000
202603220224,   2.162,   2.538,9999.000,9999.000,9999.000,9999.000,9999.000,9999.000,9999.000
202603220230,   2.199,   2.578,9999.000,9999.000,9999.000,9999.000,9999.000,9999.000,9999.000
202603220236,   2.235,   2.630,9999.000,9999.000,9999.000,9999.000,9999.000,9999.000,9999.000
202603220242,   2.269,   2.660,9999.000,9999.000,9999.000,9999.000,9999.000,9999.000,9999.000
202603220248,   2.300,   2.709,9999.000,9999.000,9999.000,9999.000,9999.000,9999.000,9999.000
202603220254,   2.330,   2.719,9999.000,9999.000,9999.000,9999.000,9999.000,9999.000,9999.000
202603220300,   2.356,   2.768,   0.500,  -0.088,   2.768,   0.500,   2.768,   0.600,   2.868
202603220306,   2.380,   2.807,9999.000,9999.000,9999.000,9999.000,9999.000,9999.000,9999.000
202603220312,   2.402,   2.830,9999.000,9999.000,9999.000,9999.000,9999.000,9999.000,9999.000
202603220318,   2.420,   2.869,9999.000,9999.000,9999.000,9999.000,9999.000,9999.000,9999.000
202603220324,   2.436,   2.869,9999.000,9999.000,9999.000,9999.000,9999.000,9999.000,9999.000
202603220330,   2.448,   2.919,9999.000,9999.000,9999.000,9999.000,9999.000,9999.000,9999.000
202603220336,   2.457,   2.909,9999.000,9999.000,9999.000,9999.000,9999.000,9999.000,9999.000
202603220342,   2.463,   2.958,9999.000,9999.000,9999.000,9999.000,9999.000,9999.000,9999.000
202603220348,   2.466,   2.919,9999.000,9999.000,9999.000,9999.000,9999.000,9999.000,9999.000
202603220354,   2.465,   2.948,9999.000,9999.000,9999.000,9999.000,9999.000,9999.000,9999.000
202603220400,   2.460,   2.938,   0.600,  -0.122,   2.938,   0.500,   2.838,   0.600,   2.938
202603220406,   2.453,   2.968,9999.000,9999.000,9999.000,9999.000,9999.000,9999.000,9999.000
202603220412,   2.441,   2.968,9999.000,9999.000,9999.000,9999.000,9999.000,9999.000,9999.000
202603220418,   2.426,   2.968,9999.000,9999.000,9999.000,9999.000,9999.000,9999.000,9999.000
202603220424,   2.407,   2.909,9999.000,9999.000,9999.000,9999.000,9999.000,9999.000,9999.000
202603220430,   2.385,   2.899,9999.000,9999.000,9999.000,9999.000,9999.000,9999.000,9999.000
202603220436,   2.360,   2.830,9999.000,9999.000,9999.000,9999.000,9999.000,9999.000,9999.000
202603220442,   2.331,   2.820,9999.000,9999.000,9999.000,9999.000,9999.000,9999.000,9999.000
202603220448,   2.299,   2.768,9999.000,9999.000,9999.000,9999.000,9999.000,9999.000,9999.000
202603220454,   2.264,   2.738,9999.000,9999.000,9999.000,9999.000,9999.000,9999.000,9999.000
202603220500,   2.226,   2.709,   0.600,  -0.117,   2.709,   0.600,   2.709,   0.700,   2.809
202603220506,   2.185,   2.669,9999.000,9999.000,9999.000,9999.000,9999.000,9999.000,9999.000
202603220512,   2.142,   2.620,9999.000,9999.000,9999.000,9999.000,9999.000,9999.000,9999.000
202603220518,   2.096,   2.587,9999.000,9999.000,9999.000,9999.000,9999.000,9999.000,9999.000
202603220524,   2.048,   2.548,9999.000,9999.000,9999.000,9999.000,9999.000,9999.000,9999.000
202603220530,   1.998,   2.499,9999.000,9999.000,9999.000,9999.000,9999.000,9999.000,9999.000
202603220536,   1.947,   2.450,9999.000,9999.000,9999.000,9999.000,9999.000,9999.000,9999.000
202603220542,   1.894,   2.387,9999.000,9999.000,9999.000,9999.000,9999.000,9999.000,9999.000
202603220548,   1.840,   2.358,9999.000,9999.000,9999.000,9999.000,9999.000,9999.000,9999.000
202603220554,   1.785,   2.318,9999.000,9999.000,9999.000,9999.000,9999.000,9999.000,9999.000
202603220600,   1.729,   2.279,   0.600,  -0.050,   2.279,   0.600,   2.279,   0.600,   2.279
202603220606,   1.672,   2.210,9999.000,9999.000,9999.000,9999.000,9999.000,9999.000,9999.000
202603220612,   1.615,   2.158,9999.000,9999.000,9999.000,9999.000,9999.000,9999.000,9999.000
202603220618,   1.558,   2.109,9999.000,9999.000,9999.000,9999.000,9999.000,9999.000,9999.000
202603220624,   1.500,   2.069,9999.000,9999.000,9999.000,9999.000,9999.000,9999.000,9999.000
202603220630,   1.443,   2.030,9999.000,9999.000,9999.000,9999.000,9999.000,9999.000,9999.000
202603220636,   1.386,   1.990,9999.000,9999.000,9999.000,9999.000,9999.000,9999.000,9999.000
202603220642,   1.329,   1.948,9999.000,9999.000,9999.000,9999.000,9999.000,9999.000,9999.000
202603220648,   1.272,   1.918,9999.000,9999.000,9999.000,9999.000,9999.000,9999.000,9999.000
202603220654,   1.216,   1.869,9999.000,9999.000,9999.000,9999.000,9999.000,9999.000,9999.000
202603220700,   1.161,   1.830,   0.600,   0.069,   1.830,   0.600,   1.830,   0.700,   1.930
202603220706,   1.107,   1.781,9999.000,9999.000,9999.000,9999.000,9999.000,9999.000,9999.000
202603220712,   1.053,   1.738,9999.000,9999.000,9999.000,9999.000,9999.000,9999.000,9999.000
202603220718,   1.000,   1.699,9999.000,9999.000,9999.000,9999.000,9999.000,9999.000,9999.000
202603220724,   0.948,   1.669,9999.000,9999.000,9999.000,9999.000,9999.000,9999.000,9999.000
202603220730,   0.897,   1.630,9999.000,9999.000,9999.000,9999.000,9999.000,9999.000,9999.000
202603220736,   0.847,   1.600,9999.000,9999.000,9999.000,9999.000,9999.000,9999.000,9999.000
202603220742,   0.799,   1.557,9999.000,9999.000,9999.000,9999.000,9999.000,9999.000,9999.000
202603220748,   0.751,   1.528,9999.000,9999.000,9999.000,9999.000,9999.000,9999.000,9999.000
202603220754,   0.705,   1.489,9999.000,9999.000,9999.000,9999.000,9999.000,9999.000,9999.000
202603220800,   0.659,   1.449,   0.600,   0.190,   1.449,   0.600,   1.449,   0.700,   1.549
202603220806,   0.615,   1.420,9999.000,9999.000,9999.000,9999.000,9999.000,9999.000,9999.000
202603220812,   0.573,   1.390,9999.000,9999.000,9999.000,9999.000,9999.000,9999.000,9999.000
202603220818,   0.531,   1.361,9999.000,9999.000,9999.000,9999.000,9999.000,9999.000,9999.000
202603220824,   0.492,   1.318,9999.000,9999.000,9999.000,9999.000,9999.000,9999.000,9999.000
202603220830,   0.453,   1.289,9999.000,9999.000,9999.000,9999.000,9999.000,9999.000,9999.000
202603220836,   0.416,   1.249,9999.000,9999.000,9999.000,9999.000,9999.000,9999.000,9999.000
202603220842,   0.381,   1.220,9999.000,9999.000,9999.000,9999.000,9999.000,9999.000,9999.000
202603220848,   0.347,   1.190,9999.000,9999.000,9999.000,9999.000,9999.000,9999.000,9999.000
202603220854,   0.315,   1.151,9999.000,9999.000,9999.000,9999.000,9999.000,9999.000,9999.000
202603220900,   0.285,   1.118,   0.700,   0.133,   1.118,   0.600,   1.018,   0.700,   1.118
202603220906,   0.256,   1.098,9999.000,9999.000,9999.000,9999.000,9999.000,9999.000,9999.000
202603220912,   0.229,   1.069,9999.000,9999.000,9999.000,9999.000,9999.000,9999.000,9999.000
202603220918,   0.205,   1.049,9999.000,9999.000,9999.000,9999.000,9999.000,9999.000,9999.000
202603220924,   0.182,   1.029,9999.000,9999.000,9999.000,9999.000,9999.000,9999.000,9999.000
202603220930,   0.161,   1.000,9999.000,9999.000,9999.000,9999.000,9999.000,9999.000,9999.000
202603220936,   0.143,   0.980,9999.000,9999.000,9999.000,9999.000,9999.000,9999.000,9999.000
202603220942,   0.127,   0.951,9999.000,9999.000,9999.000,9999.000,9999.000,9999.000,9999.000
202603220948,   0.113,   0.941,9999.000,9999.000,9999.000,9999.000,9999.000,9999.000,9999.000
202603220954,   0.101,   0.918,9999.000,9999.000,9999.000,9999.000,9999.000,9999.000,9999.000
202603221000,   0.092,   0.908,   0.700,   0.116,   0.908,   0.600,   0.808,   0.700,   0.908
202603221006,   0.086,   0.879,9999.000,9999.000,9999.000,9999.000,9999.000,9999.000,9999.000
202603221012,   0.082,   0.859,9999.000,9999.000,9999.000,9999.000,9999.000,9999.000,9999.000
202603221018,   0.080,   0.839,9999.000,9999.000,9999.000,9999.000,9999.000,9999.000,9999.000
202603221024,   0.082,   0.839,9999.000,9999.000,9999.000,9999.000,9999.000,9999.000,9999.000
202603221030,   0.086,   0.829,9999.000,9999.000,9999.000,9999.000,9999.000,9999.000,9999.000
202603221036,   0.093,   0.839,9999.000,9999.000,9999.000,9999.000,9999.000,9999.000,9999.000
202603221042,   0.103,   0.869,9999.000,9999.000,9999.000,9999.000,9999.000,9999.000,9999.000
202603221048,   0.115,   0.859,9999.000,9999.000,9999.000,9999.000,9999.000,9999.000,9999.000
202603221054,   0.130,   0.859,9999.000,9999.000,9999.000,9999.000,9999.000,9999.000,9999.000
202603221100,   0.148,   0.888,   0.700,   0.040,   0.888,   0.600,   0.788,   0.700,   0.888
202603221106,   0.169,   0.918,9999.000,9999.000,9999.000,9999.000,9999.000,9999.000,9999.000
202603221112,   0.192,   0.941,9999.000,9999.000,9999.000,9999.000,9999.000,9999.000,9999.000
202603221118,   0.218,   1.000,9999.000,9999.000,9999.000,9999.000,9999.000,9999.000,9999.000
202603221124,   0.246,   1.029,9999.000,9999.000,9999.000,9999.000,9999.000,9999.000,9999.000
202603221130,   0.277,   1.079,9999.000,9999.000,9999.000,9999.000,9999.000,9999.000,9999.000
202603221136,   0.311,   1.108,9999.000,9999.000,9999.000,9999.000,9999.000,9999.000,9999.000
202603221142,   0.346,   1.108,9999.000,9999.000,9999.000,9999.000,9999.000,9999.000,9999.000
202603221148,   0.383,   1.138,9999.000,9999.000,9999.000,9999.000,9999.000,9999.000,9999.000
202603221154,   0.423,   1.170,9999.000,9999.000,9999.000,9999.000,9999.000,9999.000,9999.000
202603221200,   0.464,   1.220,   0.700,   0.056,   1.220,   0.700,   1.220,   0.800,   1.320
202603221206,   0.506,   1.259,9999.000,9999.000,9999.000,9999.000,9999.000,9999.000,9999.000
202603221212,   0.550,   1.298,9999.000,9999.000,9999.000,9999.000,9999.000,9999.000,9999.000
202603221218,   0.595,   1.338,9999.000,9999.000,9999.000,9999.000,9999.000,9999.000,9999.000
202603221224,   0.642,   1.371,9999.000,9999.000,9999.000,9999.000,9999.000,9999.000,9999.000
202603221230,   0.689,   1.410,9999.000,9999.000,9999.000,9999.000,9999.000,9999.000,9999.000
202603221236,   0.737,   1.469,9999.000,9999.000,9999.000,9999.000,9999.000,9999.000,9999.000
202603221242,   0.785,   1.508,9999.000,9999.000,9999.000,9999.000,9999.000,9999.000,9999.000
202603221248,   0.833,   1.571,9999.000,9999.000,9999.000,9999.000,9999.000,9999.000,9999.000
202603221254,   0.882,   1.600,9999.000,9999.000,9999.000,9999.000,9999.000,9999.000,9999.000
202603221300,   0.931,   1.659,   0.800,  -0.072,   1.659,   0.700,   1.559,   0.800,   1.659
202603221306,   0.980,   1.718,9999.000,9999.000,9999.000,9999.000,9999.000,9999.000,9999.000
202603221312,   1.028,   1.767,9999.000,9999.000,9999.000,9999.000,9999.000,9999.000,9999.000
202603221318,   1.076,   1.840,9999.000,9999.000,9999.000,9999.000,9999.000,9999.000,9999.000
202603221324,   1.123,   1.859,9999.000,9999.000,9999.000,9999.000,9999.000,9999.000,9999.000
202603221330,   1.170,   1.899,9999.000,9999.000,9999.000,9999.000,9999.000,9999.000,9999.000
202603221336,   1.216,   1.938,9999.000,9999.000,9999.000,9999.000,9999.000,9999.000,9999.000
202603221342,   1.261,   1.981,9999.000,9999.000,9999.000,9999.000,9999.000,9999.000,9999.000
202603221348,   1.306,   2.030,9999.000,9999.000,9999.000,9999.000,9999.000,9999.000,9999.000
202603221354,   1.349,   2.069,9999.000,9999.000,9999.000,9999.000,9999.000,9999.000,9999.000
202603221400,   1.392,   2.109,   0.800,  -0.083,   2.109,   0.700,   2.009,   0.900,   2.209
202603221406,   1.433,   2.158,9999.000,9999.000,9999.000,9999.000,9999.000,9999.000,9999.000
202603221412,   1.474,   2.210,9999.000,9999.000,9999.000,9999.000,9999.000,9999.000,9999.000
202603221418,   1.513,   2.230,9999.000,9999.000,9999.000,9999.000,9999.000,9999.000,9999.000
202603221424,   1.551,   2.279,9999.000,9999.000,9999.000,9999.000,9999.000,9999.000,9999.000
202603221430,   1.588,   2.289,9999.000,9999.000,9999.000,9999.000,9999.000,9999.000,9999.000
202603221436,   1.623,   2.377,9999.000,9999.000,9999.000,9999.000,9999.000,9999.000,9999.000
202603221442,   1.657,   2.377,9999.000,9999.000,9999.000,9999.000,9999.000,9999.000,9999.000
202603221448,   1.690,   2.410,9999.000,9999.000,9999.000,9999.000,9999.000,9999.000,9999.000
202603221454,   1.720,   2.430,9999.000,9999.000,9999.000,9999.000,9999.000,9999.000,9999.000
202603221500,   1.750,   2.479,   0.800,  -0.071,   2.479,   0.700,   2.379,   0.800,   2.479
202603221506,   1.777,   2.519,9999.000,9999.000,9999.000,9999.000,9999.000,9999.000,9999.000
202603221512,   1.803,   2.558,9999.000,9999.000,9999.000,9999.000,9999.000,9999.000,9999.000
202603221518,   1.827,   2.568,9999.000,9999.000,9999.000,9999.000,9999.000,9999.000,9999.000
202603221524,   1.848,   2.610,9999.000,9999.000,9999.000,9999.000,9999.000,9999.000,9999.000
202603221530,   1.868,   2.620,9999.000,9999.000,9999.000,9999.000,9999.000,9999.000,9999.000
202603221536,   1.885,   2.650,9999.000,9999.000,9999.000,9999.000,9999.000,9999.000,9999.000
202603221542,   1.899,   2.640,9999.000,9999.000,9999.000,9999.000,9999.000,9999.000,9999.000
202603221548,   1.911,   2.669,9999.000,9999.000,9999.000,9999.000,9999.000,9999.000,9999.000
202603221554,   1.920,   2.679,9999.000,9999.000,9999.000,9999.000,9999.000,9999.000,9999.000
202603221600,   1.926,   2.689,   0.800,  -0.037,   2.689,   0.800,   2.689,   0.900,   2.789
202603221606,   1.930,   2.679,9999.000,9999.000,9999.000,9999.000,9999.000,9999.000,9999.000
202603221612,   1.930,   2.660,9999.000,9999.000,9999.000,9999.000,9999.000,9999.000,9999.000
202603221618,   1.927,   2.679,9999.000,9999.000,9999.000,9999.000,9999.000,9999.000,9999.000
202603221624,   1.921,   2.660,9999.000,9999.000,9999.000,9999.000,9999.000,9999.000,9999.000
202603221630,   1.912,   2.660,9999.000,9999.000,9999.000,9999.000,9999.000,9999.000,9999.000
202603221636,   1.900,   2.610,9999.000,9999.000,9999.000,9999.000,9999.000,9999.000,9999.000
202603221642,   1.884,   2.568,9999.000,9999.000,9999.000,9999.000,9999.000,9999.000,9999.000
202603221648,   1.865,   2.548,9999.000,9999.000,9999.000,9999.000,9999.000,9999.000,9999.000
202603221654,   1.843,   2.528,9999.000,9999.000,9999.000,9999.000,9999.000,9999.000,9999.000
202603221700,   1.818,   2.499,   0.800,  -0.119,   2.499,   0.800,   2.499,   0.900,   2.599
202603221706,   1.790,   2.459,9999.000,9999.000,9999.000,9999.000,9999.000,9999.000,9999.000
202603221712,   1.760,   2.420,9999.000,9999.000,9999.000,9999.000,9999.000,9999.000,9999.000
202603221718,   1.726,   2.377,9999.000,9999.000,9999.000,9999.000,9999.000,9999.000,9999.000
202603221724,   1.690,   2.358,9999.000,9999.000,9999.000,9999.000,9999.000,9999.000,9999.000
202603221730,   1.652,   2.309,9999.000,9999.000,9999.000,9999.000,9999.000,9999.000,9999.000
202603221736,   1.612,   2.289,9999.000,9999.000,9999.000,9999.000,9999.000,9999.000,9999.000
202603221742,   1.569,   2.230,9999.000,9999.000,9999.000,9999.000,9999.000,9999.000,9999.000
202603221748,   1.525,   2.191,9999.000,9999.000,9999.000,9999.000,9999.000,9999.000,9999.000
202603221754,   1.479,   2.138,9999.000,9999.000,9999.000,9999.000,9999.000,9999.000,9999.000
202603221800,   1.432,   2.109,   0.700,  -0.023,   2.109,   0.700,   2.109,   0.800,   2.209
202603221806,   1.384,   2.059,9999.000,9999.000,9999.000,9999.000,9999.000,9999.000,9999.000
202603221812,   1.335,   2.030,9999.000,9999.000,9999.000,9999.000,9999.000,9999.000,9999.000
202603221818,   1.285,   1.967,9999.000,9999.000,9999.000,9999.000,9999.000,9999.000,9999.000
202603221824,   1.235,   1.948,9999.000,9999.000,9999.000,9999.000,9999.000,9999.000,9999.000
202603221830,   1.185,   1.908,9999.000,9999.000,9999.000,9999.000,9999.000,9999.000,9999.000
202603221836,   1.134,   1.879,9999.000,9999.000,9999.000,9999.000,9999.000,9999.000,9999.000
202603221842,   1.084,   1.840,9999.000,9999.000,9999.000,9999.000,9999.000,9999.000,9999.000
202603221848,   1.034,   1.810,9999.000,9999.000,9999.000,9999.000,9999.000,9999.000,9999.000
202603221854,   0.984,   1.758,9999.000,9999.000,9999.000,9999.000,9999.000,9999.000,9999.000
202603221900,   0.934,   1.728,   0.700,   0.094,   1.728,   0.700,   1.728,   0.800,   1.828
202603221906,   0.886,   1.689,9999.000,9999.000,9999.000,9999.000,9999.000,9999.000,9999.000
202603221912,   0.838,   1.649,9999.000,9999.000,9999.000,9999.000,9999.000,9999.000,9999.000
202603221918,   0.791,   1.610,9999.000,9999.000,9999.000,9999.000,9999.000,9999.000,9999.000
202603221924,   0.744,   1.580,9999.000,9999.000,9999.000,9999.000,9999.000,9999.000,9999.000
202603221930,   0.699,   1.538,9999.000,9999.000,9999.000,9999.000,9999.000,9999.000,9999.000
202603221936,   0.655,   1.508,9999.000,9999.000,9999.000,9999.000,9999.000,9999.000,9999.000
202603221942,   0.612,   1.469,9999.000,9999.000,9999.000,9999.000,9999.000,9999.000,9999.000
202603221948,   0.570,   1.430,9999.000,9999.000,9999.000,9999.000,9999.000,9999.000,9999.000
202603221954,   0.530,   1.400,9999.000,9999.000,9999.000,9999.000,9999.000,9999.000,9999.000
202603222000,   0.491,   1.361,   0.700,   0.170,   1.361,   0.700,   1.361,   0.800,   1.461
202603222006,   0.453,   1.338,9999.000,9999.000,9999.000,9999.000,9999.000,9999.000,9999.000
202603222012,   0.416,   1.308,9999.000,9999.000,9999.000,9999.000,9999.000,9999.000,9999.000
202603222018,   0.381,   1.279,9999.000,9999.000,9999.000,9999.000,9999.000,9999.000,9999.000
202603222024,   0.347,   1.239,9999.000,9999.000,9999.000,9999.000,9999.000,9999.000,9999.000
202603222030,   0.314,   1.210,9999.000,9999.000,9999.000,9999.000,9999.000,9999.000,9999.000
202603222036,   0.283,   1.180,9999.000,9999.000,9999.000,9999.000,9999.000,9999.000,9999.000
202603222042,   0.254,   1.151,9999.000,9999.000,9999.000,9999.000,9999.000,9999.000,9999.000
202603222048,   0.226,   1.118,9999.000,9999.000,9999.000,9999.000,9999.000,9999.000,9999.000
202603222054,   0.200,   1.098,9999.000,9999.000,9999.000,9999.000,9999.000,9999.000,9999.000
202603222100,   0.175,   1.079,   0.700,   0.204,   1.079,   0.700,   1.079,   0.800,   1.179
202603222106,   0.152,   1.049,9999.000,9999.000,9999.000,9999.000,9999.000,9999.000,9999.000
202603222112,   0.131,   1.029,9999.000,9999.000,9999.000,9999.000,9999.000,9999.000,9999.000
202603222118,   0.111,   1.010,9999.000,9999.000,9999.000,9999.000,9999.000,9999.000,9999.000
202603222124,   0.094,   0.990,9999.000,9999.000,9999.000,9999.000,9999.000,9999.000,9999.000
202603222130,   0.078,   0.980,9999.000,9999.000,9999.000,9999.000,9999.000,9999.000,9999.000
202603222136,   0.064,   0.961,9999.000,9999.000,9999.000,9999.000,9999.000,9999.000,9999.000
202603222142,   0.053,   0.941,9999.000,9999.000,9999.000,9999.000,9999.000,9999.000,9999.000
202603222148,   0.043,   0.928,9999.000,9999.000,9999.000,9999.000,9999.000,9999.000,9999.000
202603222154,   0.036,   0.908,9999.000,9999.000,9999.000,9999.000,9999.000,9999.000,9999.000
202603222200,   0.030,   0.898,   0.700,   0.168,   0.898,   0.600,   0.798,   0.800,   0.998
202603222206,   0.027,   0.888,9999.000,9999.000,9999.000,9999.000,9999.000,9999.000,9999.000
202603222212,   0.027,   0.888,9999.000,9999.000,9999.000,9999.000,9999.000,9999.000,9999.000
202603222218,   0.029,   0.898,9999.000,9999.000,9999.000,9999.000,9999.000,9999.000,9999.000
202603222224,   0.033,   0.908,9999.000,9999.000,9999.000,9999.000,9999.000,9999.000,9999.000
202603222230,   0.040,   0.928,9999.000,9999.000,9999.000,9999.000,9999.000,9999.000,9999.000
202603222236,   0.049,   0.928,9999.000,9999.000,9999.000,9999.000,9999.000,9999.000,9999.000
202603222242,   0.061,   0.951,9999.000,9999.000,9999.000,9999.000,9999.000,9999.000,9999.000
202603222248,   0.075,   0.970,9999.000,9999.000,9999.000,9999.000,9999.000,9999.000,9999.000
202603222254,   0.092,   0.990,9999.000,9999.000,9999.000,9999.000,9999.000,9999.000,9999.000
202603222300,   0.112,   1.010,   0.700,   0.198,   1.010,   0.600,   0.910,   0.700,   1.010
202603222306,   0.135,   1.059,9999.000,9999.000,9999.000,9999.000,9999.000,9999.000,9999.000
202603222312,   0.160,   1.069,9999.000,9999.000,9999.000,9999.000,9999.000,9999.000,9999.000
202603222318,   0.187,   1.098,9999.000,9999.000,9999.000,9999.000,9999.000,9999.000,9999.000
202603222324,   0.218,   1.108,9999.000,9999.000,9999.000,9999.000,9999.000,9999.000,9999.000
202603222330,   0.251,   1.118,9999.000,9999.000,9999.000,9999.000,9999.000,9999.000,9999.000
202603222336,   0.286,   1.161,9999.000,9999.000,9999.000,9999.000,9999.000,9999.000,9999.000
202603222342,   0.324,   1.190,9999.000,9999.000,9999.000,9999.000,9999.000,9999.000,9999.000
202603222348,   0.364,   1.259,9999.000,9999.000,9999.000,9999.000,9999.000,9999.000,9999.000
202603222354,   0.407,   1.318,9999.000,9999.000,9999.000,9999.000,9999.000,9999.000,9999.000
202603230000,   0.451,   1.348,   0.600,   0.297,   1.348,   0.600,   1.348,   0.700,   1.448
202603230006,   0.498,   1.380,9999.000,9999.000,9999.000,9999.000,9999.000,9999.000,9999.000
202603230012,   0.547,   1.420,9999.000,9999.000,9999.000,9999.000,9999.000,9999.000,9999.000
202603230018,   0.597,   1.469,9999.000,9999.000,9999.000,9999.000,9999.000,9999.000,9999.000
202603230024,   0.649,   1.538,9999.000,9999.000,9999.000,9999.000,9999.000,9999.000,9999.000
202603230030,   0.702,   1.590,9999.000,9999.000,9999.000,9999.000,9999.000,9999.000,9999.000
202603230036,   0.757,   1.639,9999.000,9999.000,9999.000,9999.000,9999.000,9999.000,9999.000
202603230042,   0.812,   1.669,9999.000,9999.000,9999.000,9999.000,9999.000,9999.000,9999.000
202603230048,   0.869,   1.718,9999.000,9999.000,9999.000,9999.000,9999.000,9999.000,9999.000
202603230054,   0.926,   1.758,9999.000,9999.000,9999.000,9999.000,9999.000,9999.000,9999.000
202603230100,   0.984,   1.810,   0.700,   0.126,   1.810,   0.600,   1.710,   0.700,   1.810
202603230106,   1.042,   1.840,9999.000,9999.000,9999.000,9999.000,9999.000,9999.000,9999.000
202603230112,   1.101,   1.879,9999.000,9999.000,9999.000,9999.000,9999.000,9999.000,9999.000
202603230118,   1.159,   1.938,9999.000,9999.000,9999.000,9999.000,9999.000,9999.000,9999.000
202603230124,   1.218,   1.990,9999.000,9999.000,9999.000,9999.000,9999.000,9999.000,9999.000
202603230130,   1.276,   2.049,9999.000,9999.000,9999.000,9999.000,9999.000,9999.000,9999.000
202603230136,   1.334,   2.089,9999.000,9999.000,9999.000,9999.000,9999.000,9999.000,9999.000
202603230142,   1.391,   2.148,9999.000,9999.000,9999.000,9999.000,9999.000,9999.000,9999.000
202603230148,   1.448,   2.191,9999.000,9999.000,9999.000,9999.000,9999.000,9999.000,9999.000
202603230154,   1.504,   2.250,9999.000,9999.000,9999.000,9999.000,9999.000,9999.000,9999.000
202603230200,   1.559,   2.299,   0.700,   0.040,   2.299,   0.600,   2.199,   0.700,   2.299
202603230206,   1.613,   2.358,9999.000,9999.000,9999.000,9999.000,9999.000,9999.000,9999.000
202603230212,   1.666,   2.400,9999.000,9999.000,9999.000,9999.000,9999.000,9999.000,9999.000
202603230218,   1.719,   2.459,9999.000,9999.000,9999.000,9999.000,9999.000,9999.000,9999.000
202603230224,   1.770,   2.499,9999.000,9999.000,9999.000,9999.000,9999.000,9999.000,9999.000
202603230230,   1.820,   2.538,9999.000,9999.000,9999.000,9999.000,9999.000,9999.000,9999.000
202603230236,   1.869,   2.578,9999.000,9999.000,9999.000,9999.000,9999.000,9999.000,9999.000
202603230242,   1.916,   2.610,9999.000,9999.000,9999.000,9999.000,9999.000,9999.000,9999.000
202603230248,   1.962,   2.650,9999.000,9999.000,9999.000,9999.000,9999.000,9999.000,9999.000
202603230254,   2.007,   2.699,9999.000,9999.000,9999.000,9999.000,9999.000,9999.000,9999.000
202603230300,   2.050,   2.748,   0.700,  -0.002,   2.748,   0.600,   2.648,   0.700,   2.748
202603230306,   2.092,   2.797,9999.000,9999.000,9999.000,9999.000,9999.000,9999.000,9999.000
202603230312,   2.132,   2.830,9999.000,9999.000,9999.000,9999.000,9999.000,9999.000,9999.000
202603230318,   2.170,   2.860,9999.000,9999.000,9999.000,9999.000,9999.000,9999.000,9999.000
202603230324,   2.206,   2.889,9999.000,9999.000,9999.000,9999.000,9999.000,9999.000,9999.000
202603230330,   2.241,   2.938,9999.000,9999.000,9999.000,9999.000,9999.000,9999.000,9999.000
202603230336,   2.273,   2.938,9999.000,9999.000,9999.000,9999.000,9999.000,9999.000,9999.000
202603230342,   2.303,   2.958,9999.000,9999.000,9999.000,9999.000,9999.000,9999.000,9999.000
202603230348,   2.330,   2.988,9999.000,9999.000,9999.000,9999.000,9999.000,9999.000,9999.000
202603230354,   2.356,   2.997,9999.000,9999.000,9999.000,9999.000,9999.000,9999.000,9999.000
202603230400,   2.378,   3.030,   0.700,  -0.048,   3.030,   0.600,   2.930,   0.700,   3.030
202603230406,   2.398,   3.060,9999.000,9999.000,9999.000,9999.000,9999.000,9999.000,9999.000
202603230412,   2.415,   3.099,9999.000,9999.000,9999.000,9999.000,9999.000,9999.000,9999.000
202603230418,   2.428,   3.109,9999.000,9999.000,9999.000,9999.000,9999.000,9999.000,9999.000
202603230424,   2.439,   3.109,9999.000,9999.000,9999.000,9999.000,9999.000,9999.000,9999.000
202603230430,   2.447,   3.119,9999.000,9999.000,9999.000,9999.000,9999.000,9999.000,9999.000
202603230436,   2.451,   3.079,9999.000,9999.000,9999.000,9999.000,9999.000,9999.000,9999.000
202603230442,   2.451,   3.079,9999.000,9999.000,9999.000,9999.000,9999.000,9999.000,9999.000
202603230448,   2.449,   3.079,9999.000,9999.000,9999.000,9999.000,9999.000,9999.000,9999.000
202603230454,   2.443,   3.099,9999.000,9999.000,9999.000,9999.000,9999.000,9999.000,9999.000
202603230500,   2.433,   3.060,   0.700,  -0.073,   3.060,   0.600,   2.960,   0.700,   3.060
202603230506,   2.420,   3.030,9999.000,9999.000,9999.000,9999.000,9999.000,9999.000,9999.000
202603230512,   2.403,   2.988,9999.000,9999.000,9999.000,9999.000,9999.000,9999.000,9999.000
202603230518,   2.383,   2.958,9999.000,9999.000,9999.000,9999.000,9999.000,9999.000,9999.000
202603230524,   2.360,   2.948,9999.000,9999.000,9999.000,9999.000,9999.000,9999.000,9999.000
202603230530,   2.333,   2.929,9999.000,9999.000,9999.000,9999.000,9999.000,9999.000,9999.000
202603230536,   2.303,   2.899,9999.000,9999.000,9999.000,9999.000,9999.000,9999.000,9999.000
202603230542,   2.271,   2.850,9999.000,9999.000,9999.000,9999.000,9999.000,9999.000,9999.000
202603230548,   2.235,   2.797,9999.000,9999.000,9999.000,9999.000,9999.000,9999.000,9999.000
202603230554,   2.197,   2.768,9999.000,9999.000,9999.000,9999.000,9999.000,9999.000,9999.000
202603230600,   2.157,   2.758,   0.700,  -0.099,   2.758,   0.600,   2.658,   0.800,   2.858
202603230606,   2.114,   2.709,9999.000,9999.000,9999.000,9999.000,9999.000,9999.000,9999.000
202603230612,   2.069,   2.640,9999.000,9999.000,9999.000,9999.000,9999.000,9999.000,9999.000
202603230618,   2.023,   2.578,9999.000,9999.000,9999.000,9999.000,9999.000,9999.000,9999.000
202603230624,   1.974,   2.528,9999.000,9999.000,9999.000,9999.000,9999.000,9999.000,9999.000
202603230630,   1.925,   2.509,9999.000,9999.000,9999.000,9999.000,9999.000,9999.000,9999.000
202603230636,   1.874,   2.479,9999.000,9999.000,9999.000,9999.000,9999.000,9999.000,9999.000
202603230642,   1.822,   2.430,9999.000,9999.000,9999.000,9999.000,9999.000,9999.000,9999.000
202603230648,   1.769,   2.368,9999.000,9999.000,9999.000,9999.000,9999.000,9999.000,9999.000
202603230654,   1.716,   2.318,9999.000,9999.000,9999.000,9999.000,9999.000,9999.000,9999.000
202603230700,   1.663,   2.289,   0.800,  -0.174,   2.289,   0.700,   2.189,   0.800,   2.289
202603230706,   1.609,   2.250,9999.000,9999.000,9999.000,9999.000,9999.000,9999.000,9999.000
202603230712,   1.555,   2.230,9999.000,9999.000,9999.000,9999.000,9999.000,9999.000,9999.000
202603230718,   1.501,   2.158,9999.000,9999.000,9999.000,9999.000,9999.000,9999.000,9999.000
202603230724,   1.447,   2.109,9999.000,9999.000,9999.000,9999.000,9999.000,9999.000,9999.000
202603230730,   1.394,   2.059,9999.000,9999.000,9999.000,9999.000,9999.000,9999.000,9999.000
202603230736,   1.341,   2.040,9999.000,9999.000,9999.000,9999.000,9999.000,9999.000,9999.000
202603230742,   1.288,   2.010,9999.000,9999.000,9999.000,9999.000,9999.000,9999.000,9999.000
202603230748,   1.236,   1.990,9999.000,9999.000,9999.000,9999.000,9999.000,9999.000,9999.000
202603230754,   1.185,   1.928,9999.000,9999.000,9999.000,9999.000,9999.000,9999.000,9999.000
202603230800,   1.134,   1.899,   0.800,  -0.035,   1.899,   0.800,   1.899,   0.800,   1.899
202603230806,   1.084,   1.859,9999.000,9999.000,9999.000,9999.000,9999.000,9999.000,9999.000
202603230812,   1.035,   1.840,9999.000,9999.000,9999.000,9999.000,9999.000,9999.000,9999.000
202603230818,   0.987,   1.800,9999.000,9999.000,9999.000,9999.000,9999.000,9999.000,9999.000
202603230824,   0.940,   1.758,9999.000,9999.000,9999.000,9999.000,9999.000,9999.000,9999.000
202603230830,   0.894,   1.718,9999.000,9999.000,9999.000,9999.000,9999.000,9999.000,9999.000
202603230836,   0.849,   1.679,9999.000,9999.000,9999.000,9999.000,9999.000,9999.000,9999.000
202603230842,   0.805,   1.649,9999.000,9999.000,9999.000,9999.000,9999.000,9999.000,9999.000
202603230848,   0.762,   1.600,9999.000,9999.000,9999.000,9999.000,9999.000,9999.000,9999.000
202603230854,   0.720,   1.580,9999.000,9999.000,9999.000,9999.000,9999.000,9999.000,9999.000
202603230900,   0.679,   1.548,   0.800,   0.069,   1.548,   0.800,   1.548,   0.900,   1.648
202603230906,   0.639,   1.538,9999.000,9999.000,9999.000,9999.000,9999.000,9999.000,9999.000
202603230912,   0.601,   1.498,9999.000,9999.000,9999.000,9999.000,9999.000,9999.000,9999.000
202603230918,   0.564,   1.449,9999.000,9999.000,9999.000,9999.000,9999.000,9999.000,9999.000
202603230924,   0.528,   1.410,9999.000,9999.000,9999.000,9999.000,9999.000,9999.000,9999.000
202603230930,   0.494,   1.380,9999.000,9999.000,9999.000,9999.000,9999.000,9999.000,9999.000
202603230936,   0.462,   1.348,9999.000,9999.000,9999.000,9999.000,9999.000,9999.000,9999.000
202603230942,   0.430,   1.328,9999.000,9999.000,9999.000,9999.000,9999.000,9999.000,9999.000
202603230948,   0.401,   1.289,9999.000,9999.000,9999.000,9999.000,9999.000,9999.000,9999.000
202603230954,   0.373,   1.269,9999.000,9999.000,9999.000,9999.000,9999.000,9999.000,9999.000
202603231000,   0.346,   1.239,   0.900,  -0.007,   1.239,   0.800,   1.139,   0.900,   1.239
202603231006,   0.322,   1.220,9999.000,9999.000,9999.000,9999.000,9999.000,9999.000,9999.000
202603231012,   0.299,   1.190,9999.000,9999.000,9999.000,9999.000,9999.000,9999.000,9999.000
202603231018,   0.278,   1.161,9999.000,9999.000,9999.000,9999.000,9999.000,9999.000,9999.000
202603231024,   0.260,   1.138,9999.000,9999.000,9999.000,9999.000,9999.000,9999.000,9999.000
202603231030,   0.243,   1.118,9999.000,9999.000,9999.000,9999.000,9999.000,9999.000,9999.000
202603231036,   0.228,   1.098,9999.000,9999.000,9999.000,9999.000,9999.000,9999.000,9999.000
202603231042,   0.216,   1.079,9999.000,9999.000,9999.000,9999.000,9999.000,9999.000,9999.000
202603231048,   0.205,   1.049,9999.000,9999.000,9999.000,9999.000,9999.000,9999.000,9999.000
202603231054,   0.197,   1.029,9999.000,9999.000,9999.000,9999.000,9999.000,9999.000,9999.000
202603231100,   0.191,   1.010,   0.900,  -0.081,   1.010,   0.900,   1.010,   0.900,   1.010
202603231106,   0.188,   1.000,9999.000,9999.000,9999.000,9999.000,9999.000,9999.000,9999.000
202603231112,   0.187,   0.990,9999.000,9999.000,9999.000,9999.000,9999.000,9999.000,9999.000
202603231118,   0.188,   0.961,9999.000,9999.000,9999.000,9999.000,9999.000,9999.000,9999.000
202603231124,   0.192,   0.951,9999.000,9999.000,9999.000,9999.000,9999.000,9999.000,9999.000
202603231130,   0.198,   0.961,9999.000,9999.000,9999.000,9999.000,9999.000,9999.000,9999.000
202603231136,   0.207,   0.941,9999.000,9999.000,9999.000,9999.000,9999.000,9999.000,9999.000
202603231142,   0.218,   0.961,9999.000,9999.000,9999.000,9999.000,9999.000,9999.000,9999.000
202603231148,   0.232,   1.020,9999.000,9999.000,9999.000,9999.000,9999.000,9999.000,9999.000
202603231154,   0.248,   1.029,9999.000,9999.000,9999.000,9999.000,9999.000,9999.000,9999.000
202603231200,   0.267,   1.069,   0.900,  -0.098,   1.069,   0.800,   0.969,   0.900,   1.069
202603231206,   0.287,   1.088,9999.000,9999.000,9999.000,9999.000,9999.000,9999.000,9999.000
202603231212,   0.311,   1.098,9999.000,9999.000,9999.000,9999.000,9999.000,9999.000,9999.000
202603231218,   0.336,   1.138,9999.000,9999.000,9999.000,9999.000,9999.000,9999.000,9999.000
202603231224,   0.363,   1.138,9999.000,9999.000,9999.000,9999.000,9999.000,9999.000,9999.000
202603231230,   0.392,   1.210,9999.000,9999.000,9999.000,9999.000,9999.000,9999.000,9999.000
202603231236,   0.424,   1.259,9999.000,9999.000,9999.000,9999.000,9999.000,9999.000,9999.000
202603231242,   0.457,   1.279,9999.000,9999.000,9999.000,9999.000,9999.000,9999.000,9999.000
202603231248,   0.491,   1.328,9999.000,9999.000,9999.000,9999.000,9999.000,9999.000,9999.000
202603231254,   0.528,   1.318,9999.000,9999.000,9999.000,9999.000,9999.000,9999.000,9999.000
202603231300,   0.565,   1.380,   0.900,  -0.085,   1.380,   0.900,   1.380,   1.000,   1.480
202603231306,   0.604,   1.400,9999.000,9999.000,9999.000,9999.000,9999.000,9999.000,9999.000
202603231312,   0.644,   1.430,9999.000,9999.000,9999.000,9999.000,9999.000,9999.000,9999.000
202603231318,   0.684,   1.489,9999.000,9999.000,9999.000,9999.000,9999.000,9999.000,9999.000
202603231324,   0.726,   1.498,9999.000,9999.000,9999.000,9999.000,9999.000,9999.000,9999.000
202603231330,   0.768,   1.590,9999.000,9999.000,9999.000,9999.000,9999.000,9999.000,9999.000
202603231336,   0.811,   1.620,9999.000,9999.000,9999.000,9999.000,9999.000,9999.000,9999.000
202603231342,   0.854,   1.669,9999.000,9999.000,9999.000,9999.000,9999.000,9999.000,9999.000
202603231348,   0.897,   1.738,9999.000,9999.000,9999.000,9999.000,9999.000,9999.000,9999.000
202603231354,   0.940,   1.738,9999.000,9999.000,9999.000,9999.000,9999.000,9999.000,9999.000
202603231400,   0.983,   1.800,   1.000,  -0.183,   1.800,   0.900,   1.700,   1.100,   1.900
202603231406,   1.026,   1.810,9999.000,9999.000,9999.000,9999.000,9999.000,9999.000,9999.000
202603231412,   1.069,   1.879,9999.000,9999.000,9999.000,9999.000,9999.000,9999.000,9999.000
202603231418,   1.111,   1.938,9999.000,9999.000,9999.000,9999.000,9999.000,9999.000,9999.000
202603231424,   1.153,   1.967,9999.000,9999.000,9999.000,9999.000,9999.000,9999.000,9999.000
202603231430,   1.194,   2.030,9999.000,9999.000,9999.000,9999.000,9999.000,9999.000,9999.000
202603231436,   1.235,   2.059,9999.000,9999.000,9999.000,9999.000,9999.000,9999.000,9999.000
202603231442,   1.275,   2.040,9999.000,9999.000,9999.000,9999.000,9999.000,9999.000,9999.000
202603231448,   1.314,   2.128,9999.000,9999.000,9999.000,9999.000,9999.000,9999.000,9999.000
202603231454,   1.353,   2.138,9999.000,9999.000,9999.000,9999.000,9999.000,9999.000,9999.000
202603231500,   1.391,   2.200,   1.100,  -0.291,   2.200,   1.000,   2.100,   1.100,   2.200
202603231506,   1.427,   2.259,9999.000,9999.000,9999.000,9999.000,9999.000,9999.000,9999.000
202603231512,   1.463,   2.318,9999.000,9999.000,9999.000,9999.000,9999.000,9999.000,9999.000
202603231518,   1.498,   2.368,9999.000,9999.000,9999.000,9999.000,9999.000,9999.000,9999.000
202603231524,   1.531,   2.410,9999.000,9999.000,9999.000,9999.000,9999.000,9999.000,9999.000
202603231530,   1.564,   2.410,9999.000,9999.000,9999.000,9999.000,9999.000,9999.000,9999.000
202603231536,   1.595,   2.450,9999.000,9999.000,9999.000,9999.000,9999.000,9999.000,9999.000
202603231542,   1.624,   2.430,9999.000,9999.000,9999.000,9999.000,9999.000,9999.000,9999.000
202603231548,   1.653,   2.479,9999.000,9999.000,9999.000,9999.000,9999.000,9999.000,9999.000
202603231554,   1.679,   2.528,9999.000,9999.000,9999.000,9999.000,9999.000,9999.000,9999.000
202603231600,   1.704,   2.578,   1.100,  -0.226,   2.578,   1.000,   2.478,   1.100,   2.578
202603231606,   1.727,   2.650,9999.000,9999.000,9999.000,9999.000,9999.000,9999.000,9999.000
202603231612,   1.748,   2.650,9999.000,9999.000,9999.000,9999.000,9999.000,9999.000,9999.000
202603231618,   1.767,   2.620,9999.000,9999.000,9999.000,9999.000,9999.000,9999.000,9999.000
202603231624,   1.784,   2.597,9999.000,9999.000,9999.000,9999.000,9999.000,9999.000,9999.000
202603231630,   1.798,   2.650,9999.000,9999.000,9999.000,9999.000,9999.000,9999.000,9999.000
202603231636,   1.810,   2.679,9999.000,9999.000,9999.000,9999.000,9999.000,9999.000,9999.000
202603231642,   1.820,   2.719,9999.000,9999.000,9999.000,9999.000,9999.000,9999.000,9999.000
202603231648,   1.826,   2.719,9999.000,9999.000,9999.000,9999.000,9999.000,9999.000,9999.000
202603231654,   1.830,   2.748,9999.000,9999.000,9999.000,9999.000,9999.000,9999.000,9999.000
202603231700,   1.832,   2.709,   1.100,  -0.223,   2.709,   1.000,   2.609,   1.100,   2.709
202603231706,   1.830,   2.669,9999.000,9999.000,9999.000,9999.000,9999.000,9999.000,9999.000
202603231712,   1.825,   2.620,9999.000,9999.000,9999.000,9999.000,9999.000,9999.000,9999.000
202603231718,   1.817,   2.578,9999.000,9999.000,9999.000,9999.000,9999.000,9999.000,9999.000
202603231724,   1.806,   2.597,9999.000,9999.000,9999.000,9999.000,9999.000,9999.000,9999.000
202603231730,   1.793,   2.630,9999.000,9999.000,9999.000,9999.000,9999.000,9999.000,9999.000
202603231736,   1.776,   2.558,9999.000,9999.000,9999.000,9999.000,9999.000,9999.000,9999.000
202603231742,   1.756,   2.509,9999.000,9999.000,9999.000,9999.000,9999.000,9999.000,9999.000
202603231748,   1.734,   2.450,9999.000,9999.000,9999.000,9999.000,9999.000,9999.000,9999.000
202603231754,   1.708,   2.400,9999.000,9999.000,9999.000,9999.000,9999.000,9999.000,9999.000
202603231800,   1.681,   2.430,   1.000,  -0.251,   2.430,   1.000,   2.430,   1.100,   2.530
202603231806,   1.650,   2.410,9999.000,9999.000,9999.000,9999.000,9999.000,9999.000,9999.000
202603231812,   1.617,   2.400,9999.000,9999.000,9999.000,9999.000,9999.000,9999.000,9999.000
202603231818,   1.583,   2.348,9999.000,9999.000,9999.000,9999.000,9999.000,9999.000,9999.000
202603231824,   1.546,   2.269,9999.000,9999.000,9999.000,9999.000,9999.000,9999.000,9999.000
202603231830,   1.507,   2.220,9999.000,9999.000,9999.000,9999.000,9999.000,9999.000,9999.000
202603231836,   1.467,   2.191,9999.000,9999.000,9999.000,9999.000,9999.000,9999.000,9999.000
202603231842,   1.425,   2.148,9999.000,9999.000,9999.000,9999.000,9999.000,9999.000,9999.000
202603231848,   1.382,   2.109,9999.000,9999.000,9999.000,9999.000,9999.000,9999.000,9999.000
202603231854,   1.338,   2.089,9999.000,9999.000,9999.000,9999.000,9999.000,9999.000,9999.000
202603231900,   1.294,   2.020,   1.000,  -0.274,   2.020,   1.000,   2.020,   1.100,   2.120
202603231906,   1.249,   2.010,9999.000,9999.000,9999.000,9999.000,9999.000,9999.000,9999.000
202603231912,   1.203,   1.938,9999.000,9999.000,9999.000,9999.000,9999.000,9999.000,9999.000
202603231918,   1.157,   1.928,9999.000,9999.000,9999.000,9999.000,9999.000,9999.000,9999.000
202603231924,   1.111,   1.879,9999.000,9999.000,9999.000,9999.000,9999.000,9999.000,9999.000
202603231930,   1.065,   1.859,9999.000,9999.000,9999.000,9999.000,9999.000,9999.000,9999.000
202603231936,   1.019,   1.820,9999.000,9999.000,9999.000,9999.000,9999.000,9999.000,9999.000
202603231942,   0.974,   1.800,9999.000,9999.000,9999.000,9999.000,9999.000,9999.000,9999.000
202603231948,   0.929,   1.767,9999.000,9999.000,9999.000,9999.000,9999.000,9999.000,9999.000
202603231954,   0.885,   1.708,9999.000,9999.000,9999.000,9999.000,9999.000,9999.000,9999.000
202603232000,   0.841,   1.689,   1.000,  -0.152,   1.689,   1.000,   1.689,   1.100,   1.789
202603232006,   0.798,   1.630,9999.000,9999.000,9999.000,9999.000,9999.000,9999.000,9999.000
202603232012,   0.756,   1.610,9999.000,9999.000,9999.000,9999.000,9999.000,9999.000,9999.000
202603232018,   0.715,   1.557,9999.000,9999.000,9999.000,9999.000,9999.000,9999.000,9999.000
202603232024,   0.675,   1.538,9999.000,9999.000,9999.000,9999.000,9999.000,9999.000,9999.000
202603232030,   0.636,   1.498,9999.000,9999.000,9999.000,9999.000,9999.000,9999.000,9999.000
202603232036,   0.598,   1.469,9999.000,9999.000,9999.000,9999.000,9999.000,9999.000,9999.000
202603232042,   0.561,   1.439,9999.000,9999.000,9999.000,9999.000,9999.000,9999.000,9999.000
202603232048,   0.526,   1.410,9999.000,9999.000,9999.000,9999.000,9999.000,9999.000,9999.000
202603232054,   0.491,   1.390,9999.000,9999.000,9999.000,9999.000,9999.000,9999.000,9999.000
202603232100,   0.458,   1.361,   1.100,  -0.197,   1.361,   1.000,   1.261,   1.100,   1.361
202603232106,   0.426,   1.348,9999.000,9999.000,9999.000,9999.000,9999.000,9999.000,9999.000
202603232112,   0.395,   1.328,9999.000,9999.000,9999.000,9999.000,9999.000,9999.000,9999.000
202603232118,   0.366,   1.289,9999.000,9999.000,9999.000,9999.000,9999.000,9999.000,9999.000
202603232124,   0.337,   1.279,9999.000,9999.000,9999.000,9999.000,9999.000,9999.000,9999.000
202603232130,   0.311,   1.289,9999.000,9999.000,9999.000,9999.000,9999.000,9999.000,9999.000
202603232136,   0.285,   1.239,9999.000,9999.000,9999.000,9999.000,9999.000,9999.000,9999.000
202603232142,   0.262,   1.210,9999.000,9999.000,9999.000,9999.000,9999.000,9999.000,9999.000
202603232148,   0.239,   1.170,9999.000,9999.000,9999.000,9999.000,9999.000,9999.000,9999.000
202603232154,   0.218,   1.138,9999.000,9999.000,9999.000,9999.000,9999.000,9999.000,9999.000
202603232200,   0.199,   1.118,   1.100,  -0.181,   1.118,   1.000,   1.018,   1.100,   1.118
202603232206,   0.182,   1.118,9999.000,9999.000,9999.000,9999.000,9999.000,9999.000,9999.000
202603232212,   0.166,   1.128,9999.000,9999.000,9999.000,9999.000,9999.000,9999.000,9999.000
202603232218,   0.151,   1.108,9999.000,9999.000,9999.000,9999.000,9999.000,9999.000,9999.000
202603232224,   0.139,   1.098,9999.000,9999.000,9999.000,9999.000,9999.000,9999.000,9999.000
202603232230,   0.128,   1.069,9999.000,9999.000,9999.000,9999.000,9999.000,9999.000,9999.000
202603232236,   0.119,   1.049,9999.000,9999.000,9999.000,9999.000,9999.000,9999.000,9999.000
202603232242,   0.113,   1.020,9999.000,9999.000,9999.000,9999.000,9999.000,9999.000,9999.000
202603232248,   0.108,   1.020,9999.000,9999.000,9999.000,9999.000,9999.000,9999.000,9999.000
202603232254,   0.105,   1.039,9999.000,9999.000,9999.000,9999.000,9999.000,9999.000,9999.000
202603232300,   0.104,   1.039,   1.100,  -0.165,   1.039,   1.100,   1.039,   1.200,   1.139
202603232306,   0.105,   1.049,9999.000,9999.000,9999.000,9999.000,9999.000,9999.000,9999.000
202603232312,   0.108,   1.039,9999.000,9999.000,9999.000,9999.000,9999.000,9999.000,9999.000
202603232318,   0.114,   1.029,9999.000,9999.000,9999.000,9999.000,9999.000,9999.000,9999.000
202603232324,   0.121,   1.049,9999.000,9999.000,9999.000,9999.000,9999.000,9999.000,9999.000
202603232330,   0.131,   1.079,9999.000,9999.000,9999.000,9999.000,9999.000,9999.000,9999.000
202603232336,   0.143,   1.151,9999.000,9999.000,9999.000,9999.000,9999.000,9999.000,9999.000
202603232342,   0.158,   1.138,9999.000,9999.000,9999.000,9999.000,9999.000,9999.000,9999.000
202603232348,   0.175,   1.180,9999.000,9999.000,9999.000,9999.000,9999.000,9999.000,9999.000
202603232354,   0.194,   1.138,9999.000,9999.000,9999.000,9999.000,9999.000,9999.000,9999.000
202603240000,   0.215,   1.108,   0.900,  -0.007,   1.108,   0.900,   1.108,   1.000,   1.208
202603240006,   0.239,   1.151,9999.000,9999.000,9999.000,9999.000,9999.000,9999.000,9999.000
202603240012,   0.265,   1.190,9999.000,9999.000,9999.000,9999.000,9999.000,9999.000,9999.000
202603240018,   0.294,   1.269,9999.000,9999.000,9999.000,9999.000,9999.000,9999.000,9999.000
202603240024,   0.324,   1.269,9999.000,9999.000,9999.000,9999.000,9999.000,9999.000,9999.000
202603240030,   0.357,   1.308,9999.000,9999.000,9999.000,9999.000,9999.000,9999.000,9999.000
202603240036,   0.392,   1.328,9999.000,9999.000,9999.000,9999.000,9999.000,9999.000,9999.000
202603240042,   0.429,   1.348,9999.000,9999.000,9999.000,9999.000,9999.000,9999.000,9999.000
202603240048,   0.468,   1.439,9999.000,9999.000,9999.000,9999.000,9999.000,9999.000,9999.000
202603240054,   0.509,   1.469,9999.000,9999.000,9999.000,9999.000,9999.000,9999.000,9999.000
202603240100,   0.552,   1.538,   0.900,   0.086,   1.538,   0.800,   1.438,   1.000,   1.638
202603240106,   0.597,   1.557,9999.000,9999.000,9999.000,9999.000,9999.000,9999.000,9999.000
202603240112,   0.643,   1.580,9999.000,9999.000,9999.000,9999.000,9999.000,9999.000,9999.000
202603240118,   0.691,   1.639,9999.000,9999.000,9999.000,9999.000,9999.000,9999.000,9999.000
202603240124,   0.740,   1.679,9999.000,9999.000,9999.000,9999.000,9999.000,9999.000,9999.000
202603240130,   0.790,   1.718,9999.000,9999.000,9999.000,9999.000,9999.000,9999.000,9999.000
202603240136,   0.841,   1.800,9999.000,9999.000,9999.000,9999.000,9999.000,9999.000,9999.000
202603240142,   0.893,   1.790,9999.000,9999.000,9999.000,9999.000,9999.000,9999.000,9999.000
202603240148,   0.946,   1.840,9999.000,9999.000,9999.000,9999.000,9999.000,9999.000,9999.000
202603240154,   0.999,   1.889,9999.000,9999.000,9999.000,9999.000,9999.000,9999.000,9999.000
202603240200,   1.053,   1.908,   0.900,  -0.045,   1.908,   0.800,   1.808,   0.900,   1.908
202603240206,   1.108,   1.990,9999.000,9999.000,9999.000,9999.000,9999.000,9999.000,9999.000
202603240212,   1.162,   2.049,9999.000,9999.000,9999.000,9999.000,9999.000,9999.000,9999.000
202603240218,   1.216,   2.099,9999.000,9999.000,9999.000,9999.000,9999.000,9999.000,9999.000
202603240224,   1.271,   2.168,9999.000,9999.000,9999.000,9999.000,9999.000,9999.000,9999.000
202603240230,   1.325,   2.158,9999.000,9999.000,9999.000,9999.000,9999.000,9999.000,9999.000
202603240236,   1.378,   2.220,9999.000,9999.000,9999.000,9999.000,9999.000,9999.000,9999.000
202603240242,   1.432,   2.259,9999.000,9999.000,9999.000,9999.000,9999.000,9999.000,9999.000
202603240248,   1.484,   2.328,9999.000,9999.000,9999.000,9999.000,9999.000,9999.000,9999.000
202603240254,   1.537,   2.358,9999.000,9999.000,9999.000,9999.000,9999.000,9999.000,9999.000
202603240300,   1.588,   2.400,   0.800,   0.012,   2.400,   0.800,   2.400,   0.900,   2.500
202603240306,   1.639,   2.440,9999.000,9999.000,9999.000,9999.000,9999.000,9999.000,9999.000
202603240312,   1.688,   2.499,9999.000,9999.000,9999.000,9999.000,9999.000,9999.000,9999.000
202603240318,   1.737,   2.548,9999.000,9999.000,9999.000,9999.000,9999.000,9999.000,9999.000
202603240324,   1.785,   2.597,9999.000,9999.000,9999.000,9999.000,9999.000,9999.000,9999.000
202603240330,   1.831,   2.610,9999.000,9999.000,9999.000,9999.000,9999.000,9999.000,9999.000
202603240336,   1.877,   2.650,9999.000,9999.000,9999.000,9999.000,9999.000,9999.000,9999.000
202603240342,   1.921,   2.650,9999.000,9999.000,9999.000,9999.000,9999.000,9999.000,9999.000
202603240348,   1.964,   2.738,9999.000,9999.000,9999.000,9999.000,9999.000,9999.000,9999.000
202603240354,   2.005,   2.748,9999.000,9999.000,9999.000,9999.000,9999.000,9999.000,9999.000
202603240400,   2.045,   2.820,   0.800,  -0.025,   2.820,   0.700,   2.720,   0.900,   2.920
202603240406,   2.083,   2.850,9999.000,9999.000,9999.000,9999.000,9999.000,9999.000,9999.000
202603240412,   2.120,   2.899,9999.000,9999.000,9999.000,9999.000,9999.000,9999.000,9999.000
202603240418,   2.154,   2.889,9999.000,9999.000,9999.000,9999.000,9999.000,9999.000,9999.000
202603240424,   2.187,   2.958,9999.000,9999.000,9999.000,9999.000,9999.000,9999.000,9999.000
202603240430,   2.218,   2.948,9999.000,9999.000,9999.000,9999.000,9999.000,9999.000,9999.000
202603240436,   2.246,   2.997,9999.000,9999.000,9999.000,9999.000,9999.000,9999.000,9999.000
202603240442,   2.272,   3.030,9999.000,9999.000,9999.000,9999.000,9999.000,9999.000,9999.000
202603240448,   2.296,   3.060,9999.000,9999.000,9999.000,9999.000,9999.000,9999.000,9999.000
202603240454,   2.317,   3.079,9999.000,9999.000,9999.000,9999.000,9999.000,9999.000,9999.000
202603240500,   2.336,   3.079,   0.800,  -0.057,   3.079,   0.700,   2.979,   0.900,   3.179
202603240506,   2.352,   3.129,9999.000,9999.000,9999.000,9999.000,9999.000,9999.000,9999.000
202603240512,   2.364,   3.119,9999.000,9999.000,9999.000,9999.000,9999.000,9999.000,9999.000
202603240518,   2.374,   3.138,9999.000,9999.000,9999.000,9999.000,9999.000,9999.000,9999.000
202603240524,   2.381,   3.119,9999.000,9999.000,9999.000,9999.000,9999.000,9999.000,9999.000
202603240530,   2.385,   3.119,9999.000,9999.000,9999.000,9999.000,9999.000,9999.000,9999.000
202603240536,   2.385,   3.129,9999.000,9999.000,9999.000,9999.000,9999.000,9999.000,9999.000
202603240542,   2.382,   3.158,9999.000,9999.000,9999.000,9999.000,9999.000,9999.000,9999.000
202603240548,   2.376,   3.129,9999.000,9999.000,9999.000,9999.000,9999.000,9999.000,9999.000
202603240554,   2.367,   3.109,9999.000,9999.000,9999.000,9999.000,9999.000,9999.000,9999.000
202603240600,   2.354,   3.060,   0.700,   0.006,   3.060,   0.600,   2.960,   0.800,   3.160
202603240606,   2.339,   3.040,9999.000,9999.000,9999.000,9999.000,9999.000,9999.000,9999.000
202603240612,   2.320,   3.017,9999.000,9999.000,9999.000,9999.000,9999.000,9999.000,9999.000
202603240618,   2.298,   2.997,9999.000,9999.000,9999.000,9999.000,9999.000,9999.000,9999.000
202603240624,   2.274,   2.968,9999.000,9999.000,9999.000,9999.000,9999.000,9999.000,9999.000
202603240630,   2.246,   2.899,9999.000,9999.000,9999.000,9999.000,9999.000,9999.000,9999.000
202603240636,   2.216,   2.879,9999.000,9999.000,9999.000,9999.000,9999.000,9999.000,9999.000
202603240642,   2.184,   2.807,9999.000,9999.000,9999.000,9999.000,9999.000,9999.000,9999.000
202603240648,   2.149,   2.807,9999.000,9999.000,9999.000,9999.000,9999.000,9999.000,9999.000
202603240654,   2.112,   2.728,9999.000,9999.000,9999.000,9999.000,9999.000,9999.000,9999.000
202603240700,   2.073,   2.728,   0.700,  -0.045,   2.728,   0.600,   2.628,   0.800,   2.828
202603240706,   2.032,   2.669,9999.000,9999.000,9999.000,9999.000,9999.000,9999.000,9999.000
202603240712,   1.990,   2.669,9999.000,9999.000,9999.000,9999.000,9999.000,9999.000,9999.000
202603240718,   1.946,   2.597,9999.000,9999.000,9999.000,9999.000,9999.000,9999.000,9999.000
202603240724,   1.901,   2.548,9999.000,9999.000,9999.000,9999.000,9999.000,9999.000,9999.000
202603240730,   1.855,   2.489,9999.000,9999.000,9999.000,9999.000,9999.000,9999.000,9999.000
202603240736,   1.809,   2.430,9999.000,9999.000,9999.000,9999.000,9999.000,9999.000,9999.000
202603240742,   1.761,   2.387,9999.000,9999.000,9999.000,9999.000,9999.000,9999.000,9999.000
202603240748,   1.714,   2.368,9999.000,9999.000,9999.000,9999.000,9999.000,9999.000,9999.000
202603240754,   1.665,   2.318,9999.000,9999.000,9999.000,9999.000,9999.000,9999.000,9999.000
202603240800,   1.617,   2.289,   0.700,  -0.028,   2.289,   0.700,   2.289,   0.800,   2.389
202603240806,   1.569,   2.230,9999.000,9999.000,9999.000,9999.000,9999.000,9999.000,9999.000
202603240812,   1.520,   2.200,9999.000,9999.000,9999.000,9999.000,9999.000,9999.000,9999.000
202603240818,   1.472,   2.148,9999.000,9999.000,9999.000,9999.000,9999.000,9999.000,9999.000
202603240824,   1.424,   2.128,9999.000,9999.000,9999.000,9999.000,9999.000,9999.000,9999.000
202603240830,   1.377,   2.079,9999.000,9999.000,9999.000,9999.000,9999.000,9999.000,9999.000
202603240836,   1.329,   2.049,9999.000,9999.000,9999.000,9999.000,9999.000,9999.000,9999.000
202603240842,   1.283,   2.010,9999.000,9999.000,9999.000,9999.000,9999.000,9999.000,9999.000
202603240848,   1.237,   1.967,9999.000,9999.000,9999.000,9999.000,9999.000,9999.000,9999.000
202603240854,   1.191,   1.918,9999.000,9999.000,9999.000,9999.000,9999.000,9999.000,9999.000
202603240900,   1.146,   1.879,   0.800,  -0.067,   1.879,   0.700,   1.779,   0.900,   1.979
202603240906,   1.102,   1.849,9999.000,9999.000,9999.000,9999.000,9999.000,9999.000,9999.000
202603240912,   1.059,   1.820,9999.000,9999.000,9999.000,9999.000,9999.000,9999.000,9999.000
202603240918,   1.016,   1.781,9999.000,9999.000,9999.000,9999.000,9999.000,9999.000,9999.000
202603240924,   0.975,   1.748,9999.000,9999.000,9999.000,9999.000,9999.000,9999.000,9999.000
202603240930,   0.934,   1.708,9999.000,9999.000,9999.000,9999.000,9999.000,9999.000,9999.000
202603240936,   0.894,   1.679,9999.000,9999.000,9999.000,9999.000,9999.000,9999.000,9999.000
202603240942,   0.855,   1.649,9999.000,9999.000,9999.000,9999.000,9999.000,9999.000,9999.000
202603240948,   0.817,   1.620,9999.000,9999.000,9999.000,9999.000,9999.000,9999.000,9999.000
202603240954,   0.780,   1.590,9999.000,9999.000,9999.000,9999.000,9999.000,9999.000,9999.000
202603241000,   0.744,   1.548,   0.800,   0.004,   1.548,   0.700,   1.448,   0.900,   1.648
202603241006,   0.709,   1.518,9999.000,9999.000,9999.000,9999.000,9999.000,9999.000,9999.000
202603241012,   0.675,   1.489,9999.000,9999.000,9999.000,9999.000,9999.000,9999.000,9999.000
202603241018,   0.643,   1.459,9999.000,9999.000,9999.000,9999.000,9999.000,9999.000,9999.000
202603241024,   0.611,   1.430,9999.000,9999.000,9999.000,9999.000,9999.000,9999.000,9999.000
202603241030,   0.581,   1.410,9999.000,9999.000,9999.000,9999.000,9999.000,9999.000,9999.000
202603241036,   0.552,   1.380,9999.000,9999.000,9999.000,9999.000,9999.000,9999.000,9999.000
202603241042,   0.525,   1.348,9999.000,9999.000,9999.000,9999.000,9999.000,9999.000,9999.000
202603241048,   0.499,   1.318,9999.000,9999.000,9999.000,9999.000,9999.000,9999.000,9999.000
202603241054,   0.474,   1.289,9999.000,9999.000,9999.000,9999.000,9999.000,9999.000,9999.000
202603241100,   0.451,   1.279,   0.800,   0.028,   1.279,   0.700,   1.179,   0.900,   1.379
202603241106,   0.429,   1.259,9999.000,9999.000,9999.000,9999.000,9999.000,9999.000,9999.000
202603241112,   0.409,   1.229,9999.000,9999.000,9999.000,9999.000,9999.000,9999.000,9999.000
202603241118,   0.391,   1.210,9999.000,9999.000,9999.000,9999.000,9999.000,9999.000,9999.000
202603241124,   0.374,   1.180,9999.000,9999.000,9999.000,9999.000,9999.000,9999.000,9999.000
202603241130,   0.359,   1.180,9999.000,9999.000,9999.000,9999.000,9999.000,9999.000,9999.000
202603241136,   0.346,   1.161,9999.000,9999.000,9999.000,9999.000,9999.000,9999.000,9999.000
202603241142,   0.334,   1.151,9999.000,9999.000,9999.000,9999.000,9999.000,9999.000,9999.000
202603241148,   0.325,   1.151,9999.000,9999.000,9999.000,9999.000,9999.000,9999.000,9999.000
202603241154,   0.317,   1.118,9999.000,9999.000,9999.000,9999.000,9999.000,9999.000,9999.000
202603241200,   0.312,   1.098,   0.700,   0.086,   1.098,   0.600,   0.998,   0.800,   1.198
202603241206,   0.308,   1.079,9999.000,9999.000,9999.000,9999.000,9999.000,9999.000,9999.000
202603241212,   0.307,   1.069,9999.000,9999.000,9999.000,9999.000,9999.000,9999.000,9999.000
202603241218,   0.307,   1.079,9999.000,9999.000,9999.000,9999.000,9999.000,9999.000,9999.000
202603241224,   0.310,   1.079,9999.000,9999.000,9999.000,9999.000,9999.000,9999.000,9999.000
202603241230,   0.315,   1.088,9999.000,9999.000,9999.000,9999.000,9999.000,9999.000,9999.000
202603241236,   0.322,   1.079,9999.000,9999.000,9999.000,9999.000,9999.000,9999.000,9999.000
202603241242,   0.331,   1.088,9999.000,9999.000,9999.000,9999.000,9999.000,9999.000,9999.000
202603241248,   0.342,   1.098,9999.000,9999.000,9999.000,9999.000,9999.000,9999.000,9999.000
202603241254,   0.356,   1.151,9999.000,9999.000,9999.000,9999.000,9999.000,9999.000,9999.000
202603241300,   0.372,   1.161,   0.700,   0.089,   1.161,   0.600,   1.061,   0.800,   1.261
202603241306,   0.390,   1.200,9999.000,9999.000,9999.000,9999.000,9999.000,9999.000,9999.000
202603241312,   0.409,   1.229,9999.000,9999.000,9999.000,9999.000,9999.000,9999.000,9999.000
202603241318,   0.431,   1.220,9999.000,9999.000,9999.000,9999.000,9999.000,9999.000,9999.000
202603241324,   0.455,   1.259,9999.000,9999.000,9999.000,9999.000,9999.000,9999.000,9999.000
202603241330,   0.480,   1.279,9999.000,9999.000,9999.000,9999.000,9999.000,9999.000,9999.000
202603241336,   0.508,   1.318,9999.000,9999.000,9999.000,9999.000,9999.000,9999.000,9999.000
202603241342,   0.536,   1.371,9999.000,9999.000,9999.000,9999.000,9999.000,9999.000,9999.000
202603241348,   0.567,   1.380,9999.000,9999.000,9999.000,9999.000,9999.000,9999.000,9999.000
202603241354,   0.599,   1.420,9999.000,9999.000,9999.000,9999.000,9999.000,9999.000,9999.000
202603241400,   0.632,   1.459,   0.700,   0.127,   1.459,   0.600,   1.359,   0.700,   1.459
202603241406,   0.666,   1.489,9999.000,9999.000,9999.000,9999.000,9999.000,9999.000,9999.000
202603241412,   0.701,   1.528,9999.000,9999.000,9999.000,9999.000,9999.000,9999.000,9999.000
202603241418,   0.737,   1.571,9999.000,9999.000,9999.000,9999.000,9999.000,9999.000,9999.000
202603241424,   0.774,   1.610,9999.000,9999.000,9999.000,9999.000,9999.000,9999.000,9999.000
202603241430,   0.811,   1.649,9999.000,9999.000,9999.000,9999.000,9999.000,9999.000,9999.000
202603241436,   0.849,   1.669,9999.000,9999.000,9999.000,9999.000,9999.000,9999.000,9999.000
202603241442,   0.887,   1.718,9999.000,9999.000,9999.000,9999.000,9999.000,9999.000,9999.000
202603241448,   0.926,   1.748,9999.000,9999.000,9999.000,9999.000,9999.000,9999.000,9999.000
202603241454,   0.964,   1.790,9999.000,9999.000,9999.000,9999.000,9999.000,9999.000,9999.000
202603241500,   1.003,   1.830,   0.700,   0.127,   1.830,   0.600,   1.730,   0.700,   1.830
202603241506,   1.041,   1.869,9999.000,9999.000,9999.000,9999.000,9999.000,9999.000,9999.000
202603241512,   1.079,   1.908,9999.000,9999.000,9999.000,9999.000,9999.000,9999.000,9999.000
202603241518,   1.117,   1.958,9999.000,9999.000,9999.000,9999.000,9999.000,9999.000,9999.000
202603241524,   1.154,   1.981,9999.000,9999.000,9999.000,9999.000,9999.000,9999.000,9999.000
202603241530,   1.191,   2.010,9999.000,9999.000,9999.000,9999.000,9999.000,9999.000,9999.000
202603241536,   1.228,   2.059,9999.000,9999.000,9999.000,9999.000,9999.000,9999.000,9999.000
202603241542,   1.263,   2.089,9999.000,9999.000,9999.000,9999.000,9999.000,9999.000,9999.000
202603241548,   1.299,   2.128,9999.000,9999.000,9999.000,9999.000,9999.000,9999.000,9999.000
202603241554,   1.333,   2.148,9999.000,9999.000,9999.000,9999.000,9999.000,9999.000,9999.000
202603241600,   1.366,   2.177,   0.600,   0.211,   2.177,   0.600,   2.177,   0.700,   2.277
202603241606,   1.399,   2.220,9999.000,9999.000,9999.000,9999.000,9999.000,9999.000,9999.000
202603241612,   1.431,   2.259,9999.000,9999.000,9999.000,9999.000,9999.000,9999.000,9999.000
202603241618,   1.461,   2.289,9999.000,9999.000,9999.000,9999.000,9999.000,9999.000,9999.000
202603241624,   1.491,   2.318,9999.000,9999.000,9999.000,9999.000,9999.000,9999.000,9999.000
202603241630,   1.519,   2.348,9999.000,9999.000,9999.000,9999.000,9999.000,9999.000,9999.000
202603241636,   1.546,   2.387,9999.000,9999.000,9999.000,9999.000,9999.000,9999.000,9999.000
202603241642,   1.572,   2.410,9999.000,9999.000,9999.000,9999.000,9999.000,9999.000,9999.000
202603241648,   1.596,   2.440,9999.000,9999.000,9999.000,9999.000,9999.000,9999.000,9999.000
202603241654,   1.618,   2.440,9999.000,9999.000,9999.000,9999.000,9999.000,9999.000,9999.000
202603241700,   1.639,   2.469,   0.700,   0.130,   2.469,   0.600,   2.369,   0.700,   2.469
202603241706,   1.658,   2.479,9999.000,9999.000,9999.000,9999.000,9999.000,9999.000,9999.000
202603241712,   1.675,   2.499,9999.000,9999.000,9999.000,9999.000,9999.000,9999.000,9999.000
202603241718,   1.690,   2.528,9999.000,9999.000,9999.000,9999.000,9999.000,9999.000,9999.000
202603241724,   1.703,   2.548,9999.000,9999.000,9999.000,9999.000,9999.000,9999.000,9999.000
202603241730,   1.714,   2.558,9999.000,9999.000,9999.000,9999.000,9999.000,9999.000,9999.000
202603241736,   1.722,   2.578,9999.000,9999.000,9999.000,9999.000,9999.000,9999.000,9999.000
202603241742,   1.728,   2.568,9999.000,9999.000,9999.000,9999.000,9999.000,9999.000,9999.000
202603241748,   1.732,   2.578,9999.000,9999.000,9999.000,9999.000,9999.000,9999.000,9999.000
202603241754,   1.733,   2.568,9999.000,9999.000,9999.000,9999.000,9999.000,9999.000,9999.000
202603241800,   1.731,   2.548,   0.700,   0.117,   2.548,   0.600,   2.448,   0.700,   2.548
202603241806,   1.726,   2.558,9999.000,9999.000,9999.000,9999.000,9999.000,9999.000,9999.000
202603241812,   1.719,   2.538,9999.000,9999.000,9999.000,9999.000,9999.000,9999.000,9999.000
202603241818,   1.709,   2.528,9999.000,9999.000,9999.000,9999.000,9999.000,9999.000,9999.000
202603241824,   1.696,   2.509,9999.000,9999.000,9999.000,9999.000,9999.000,9999.000,9999.000
202603241830,   1.681,   2.489,9999.000,9999.000,9999.000,9999.000,9999.000,9999.000,9999.000
202603241836,   1.663,   2.459,9999.000,9999.000,9999.000,9999.000,9999.000,9999.000,9999.000
202603241842,   1.643,   2.420,9999.000,9999.000,9999.000,9999.000,9999.000,9999.000,9999.000
202603241848,   1.620,   2.387,9999.000,9999.000,9999.000,9999.000,9999.000,9999.000,9999.000
202603241854,   1.595,   2.368,9999.000,9999.000,9999.000,9999.000,9999.000,9999.000,9999.000
202603241900,   1.568,   2.358,   0.700,   0.090,   2.358,   0.600,   2.258,   0.700,   2.358
202603241906,   1.539,   2.338,9999.000,9999.000,9999.000,9999.000,9999.000,9999.000,9999.000
202603241912,   1.508,   2.299,9999.000,9999.000,9999.000,9999.000,9999.000,9999.000,9999.000
202603241918,   1.475,   2.250,9999.000,9999.000,9999.000,9999.000,9999.000,9999.000,9999.000
202603241924,   1.441,   2.230,9999.000,9999.000,9999.000,9999.000,9999.000,9999.000,9999.000
202603241930,   1.405,   2.191,9999.000,9999.000,9999.000,9999.000,9999.000,9999.000,9999.000
202603241936,   1.368,   2.148,9999.000,9999.000,9999.000,9999.000,9999.000,9999.000,9999.000
202603241942,   1.330,   2.109,9999.000,9999.000,9999.000,9999.000,9999.000,9999.000,9999.000
202603241948,   1.291,   2.079,9999.000,9999.000,9999.000,9999.000,9999.000,9999.000,9999.000
202603241954,   1.252,   2.030,9999.000,9999.000,9999.000,9999.000,9999.000,9999.000,9999.000
202603242000,   1.212,   2.000,   0.700,   0.088,   2.000,   0.600,   1.900,   0.700,   2.000
202603242006,   1.172,   1.948,9999.000,9999.000,9999.000,9999.000,9999.000,9999.000,9999.000
202603242012,   1.131,   1.908,9999.000,9999.000,9999.000,9999.000,9999.000,9999.000,9999.000
202603242018,   1.091,   1.879,9999.000,9999.000,9999.000,9999.000,9999.000,9999.000,9999.000
202603242024,   1.050,   1.849,9999.000,9999.000,9999.000,9999.000,9999.000,9999.000,9999.000
202603242030,   1.010,   1.810,9999.000,9999.000,9999.000,9999.000,9999.000,9999.000,9999.000
202603242036,   0.971,   1.781,9999.000,9999.000,9999.000,9999.000,9999.000,9999.000,9999.000
202603242042,   0.931,   1.748,9999.000,9999.000,9999.000,9999.000,9999.000,9999.000,9999.000
202603242048,   0.893,   1.718,9999.000,9999.000,9999.000,9999.000,9999.000,9999.000,9999.000
202603242054,   0.854,   1.689,9999.000,9999.000,9999.000,9999.000,9999.000,9999.000,9999.000
202603242100,   0.817,   1.659,   0.600,   0.242,   1.659,   0.600,   1.659,   0.700,   1.759
202603242106,   0.780,   1.610,9999.000,9999.000,9999.000,9999.000,9999.000,9999.000,9999.000
202603242112,   0.745,   1.580,9999.000,9999.000,9999.000,9999.000,9999.000,9999.000,9999.000
202603242118,   0.710,   1.538,9999.000,9999.000,9999.000,9999.000,9999.000,9999.000,9999.000
202603242124,   0.676,   1.508,9999.000,9999.000,9999.000,9999.000,9999.000,9999.000,9999.000
202603242130,   0.643,   1.479,9999.000,9999.000,9999.000,9999.000,9999.000,9999.000,9999.000
202603242136,   0.610,   1.439,9999.000,9999.000,9999.000,9999.000,9999.000,9999.000,9999.000
202603242142,   0.579,   1.410,9999.000,9999.000,9999.000,9999.000,9999.000,9999.000,9999.000
202603242148,   0.549,   1.390,9999.000,9999.000,9999.000,9999.000,9999.000,9999.000,9999.000
202603242154,   0.521,   1.361,9999.000,9999.000,9999.000,9999.000,9999.000,9999.000,9999.000
202603242200,   0.493,   1.328,   0.600,   0.235,   1.328,   0.500,   1.228,   0.700,   1.428
202603242206,   0.466,   1.308,9999.000,9999.000,9999.000,9999.000,9999.000,9999.000,9999.000
202603242212,   0.440,   1.279,9999.000,9999.000,9999.000,9999.000,9999.000,9999.000,9999.000
202603242218,   0.416,   1.259,9999.000,9999.000,9999.000,9999.000,9999.000,9999.000,9999.000
202603242224,   0.393,   1.239,9999.000,9999.000,9999.000,9999.000,9999.000,9999.000,9999.000
202603242230,   0.370,   1.220,9999.000,9999.000,9999.000,9999.000,9999.000,9999.000,9999.000
202603242236,   0.350,   1.200,9999.000,9999.000,9999.000,9999.000,9999.000,9999.000,9999.000
202603242242,   0.330,   1.180,9999.000,9999.000,9999.000,9999.000,9999.000,9999.000,9999.000
202603242248,   0.312,   1.161,9999.000,9999.000,9999.000,9999.000,9999.000,9999.000,9999.000
202603242254,   0.294,   1.128,9999.000,9999.000,9999.000,9999.000,9999.000,9999.000,9999.000
202603242300,   0.279,   1.108,   0.600,   0.229,   1.108,   0.500,   1.008,   0.600,   1.108
202603242306,   0.264,   1.098,9999.000,9999.000,9999.000,9999.000,9999.000,9999.000,9999.000
202603242312,   0.251,   1.088,9999.000,9999.000,9999.000,9999.000,9999.000,9999.000,9999.000
202603242318,   0.240,   1.079,9999.000,9999.000,9999.000,9999.000,9999.000,9999.000,9999.000
202603242324,   0.229,   1.069,9999.000,9999.000,9999.000,9999.000,9999.000,9999.000,9999.000
202603242330,   0.221,   1.059,9999.000,9999.000,9999.000,9999.000,9999.000,9999.000,9999.000
202603242336,   0.213,   1.059,9999.000,9999.000,9999.000,9999.000,9999.000,9999.000,9999.000
202603242342,   0.208,   1.049,9999.000,9999.000,9999.000,9999.000,9999.000,9999.000,9999.000
202603242348,   0.204,   1.039,9999.000,9999.000,9999.000,9999.000,9999.000,9999.000,9999.000
202603242354,   0.201,   1.039,9999.000,9999.000,9999.000,9999.000,9999.000,9999.000,9999.000
202603250000,   0.201,   1.020,   0.600,   0.219,   1.020,   0.600,   1.020,   0.700,   1.120
202603250006,   0.202,   1.010,9999.000,9999.000,9999.000,9999.000,9999.000,9999.000,9999.000
202603250012,   0.205,   1.020,9999.000,9999.000,9999.000,9999.000,9999.000,9999.000,9999.000
202603250018,   0.210,   1.000,9999.000,9999.000,9999.000,9999.000,9999.000,9999.000,9999.000
202603250024,   0.216,   1.020,9999.000,9999.000,9999.000,9999.000,9999.000,9999.000,9999.000
202603250030,   0.225,   1.029,9999.000,9999.000,9999.000,9999.000,9999.000,9999.000,9999.000
202603250036,   0.235,   1.020,9999.000,9999.000,9999.000,9999.000,9999.000,9999.000,9999.000
202603250042,   0.248,   1.049,9999.000,9999.000,9999.000,9999.000,9999.000,9999.000,9999.000
202603250048,   0.263,   1.049,9999.000,9999.000,9999.000,9999.000,9999.000,9999.000,9999.000
202603250054,   0.280,   1.069,9999.000,9999.000,9999.000,9999.000,9999.000,9999.000,9999.000
202603250100,   0.299,   1.088,   0.600,   0.189,   1.088,   0.600,   1.088,   0.700,   1.188
202603250106,   0.320,   1.118,9999.000,9999.000,9999.000,9999.000,9999.000,9999.000,9999.000
202603250112,   0.343,   1.151,9999.000,9999.000,9999.000,9999.000,9999.000,9999.000,9999.000
202603250118,   0.369,   1.170,9999.000,9999.000,9999.000,9999.000,9999.000,9999.000,9999.000
202603250124,   0.396,   1.210,9999.000,9999.000,9999.000,9999.000,9999.000,9999.000,9999.000
202603250130,   0.426,   1.229,9999.000,9999.000,9999.000,9999.000,9999.000,9999.000,9999.000
202603250136,   0.458,   1.269,9999.000,9999.000,9999.000,9999.000,9999.000,9999.000,9999.000
202603250142,   0.492,   1.318,9999.000,9999.000,9999.000,9999.000,9999.000,9999.000,9999.000
202603250148,   0.527,   1.348,9999.000,9999.000,9999.000,9999.000,9999.000,9999.000,9999.000
202603250154,   0.565,   1.400,9999.000,9999.000,9999.000,9999.000,9999.000,9999.000,9999.000
202603250200,   0.604,   1.439,   0.600,   0.235,   1.439,   0.500,   1.339,   0.600,   1.439
202603250206,   0.645,   1.479,9999.000,9999.000,9999.000,9999.000,9999.000,9999.000,9999.000
202603250212,   0.688,   1.508,9999.000,9999.000,9999.000,9999.000,9999.000,9999.000,9999.000
202603250218,   0.732,   1.557,9999.000,9999.000,9999.000,9999.000,9999.000,9999.000,9999.000
202603250224,   0.777,   1.610,9999.000,9999.000,9999.000,9999.000,9999.000,9999.000,9999.000
202603250230,   0.824,   1.649,9999.000,9999.000,9999.000,9999.000,9999.000,9999.000,9999.000
202603250236,   0.871,   1.689,9999.000,9999.000,9999.000,9999.000,9999.000,9999.000,9999.000
202603250242,   0.919,   1.728,9999.000,9999.000,9999.000,9999.000,9999.000,9999.000,9999.000
202603250248,   0.968,   1.781,9999.000,9999.000,9999.000,9999.000,9999.000,9999.000,9999.000
202603250254,   1.018,   1.830,9999.000,9999.000,9999.000,9999.000,9999.000,9999.000,9999.000
202603250300,   1.068,   1.879,   0.500,   0.311,   1.879,   0.500,   1.879,   0.600,   1.979
202603250306,   1.118,   1.918,9999.000,9999.000,9999.000,9999.000,9999.000,9999.000,9999.000
202603250312,   1.169,   1.958,9999.000,9999.000,9999.000,9999.000,9999.000,9999.000,9999.000
202603250318,   1.219,   2.010,9999.000,9999.000,9999.000,9999.000,9999.000,9999.000,9999.000
202603250324,   1.270,   2.059,9999.000,9999.000,9999.000,9999.000,9999.000,9999.000,9999.000
202603250330,   1.320,   2.099,9999.000,9999.000,9999.000,9999.000,9999.000,9999.000,9999.000
202603250336,   1.370,   2.148,9999.000,9999.000,9999.000,9999.000,9999.000,9999.000,9999.000
202603250342,   1.419,   2.177,9999.000,9999.000,9999.000,9999.000,9999.000,9999.000,9999.000
202603250348,   1.468,   2.230,9999.000,9999.000,9999.000,9999.000,9999.000,9999.000,9999.000
202603250354,   1.516,   2.259,9999.000,9999.000,9999.000,9999.000,9999.000,9999.000,9999.000
202603250400,   1.564,   2.299,   0.500,   0.235,   2.299,   0.400,   2.199,   0.500,   2.299
202603250406,   1.610,   2.348,9999.000,9999.000,9999.000,9999.000,9999.000,9999.000,9999.000
202603250412,   1.656,   2.400,9999.000,9999.000,9999.000,9999.000,9999.000,9999.000,9999.000
202603250418,   1.701,   2.440,9999.000,9999.000,9999.000,9999.000,9999.000,9999.000,9999.000
202603250424,   1.745,   2.479,9999.000,9999.000,9999.000,9999.000,9999.000,9999.000,9999.000
202603250430,   1.788,   2.509,9999.000,9999.000,9999.000,9999.000,9999.000,9999.000,9999.000
202603250436,   1.830,   2.548,9999.000,9999.000,9999.000,9999.000,9999.000,9999.000,9999.000
202603250442,   1.871,   2.568,9999.000,9999.000,9999.000,9999.000,9999.000,9999.000,9999.000
202603250448,   1.910,   2.610,9999.000,9999.000,9999.000,9999.000,9999.000,9999.000,9999.000
202603250454,   1.948,   2.630,9999.000,9999.000,9999.000,9999.000,9999.000,9999.000,9999.000
202603250500,   1.985,   2.669,   0.400,   0.284,   2.669,   0.400,   2.669,   0.500,   2.769
202603250506,   2.020,   2.689,9999.000,9999.000,9999.000,9999.000,9999.000,9999.000,9999.000
202603250512,   2.053,   2.728,9999.000,9999.000,9999.000,9999.000,9999.000,9999.000,9999.000
202603250518,   2.085,   2.748,9999.000,9999.000,9999.000,9999.000,9999.000,9999.000,9999.000
202603250524,   2.114,   2.768,9999.000,9999.000,9999.000,9999.000,9999.000,9999.000,9999.000
202603250530,   2.142,   2.768,9999.000,9999.000,9999.000,9999.000,9999.000,9999.000,9999.000
202603250536,   2.168,   2.787,9999.000,9999.000,9999.000,9999.000,9999.000,9999.000,9999.000
202603250542,   2.191,   2.797,9999.000,9999.000,9999.000,9999.000,9999.000,9999.000,9999.000
202603250548,   2.213,   2.820,9999.000,9999.000,9999.000,9999.000,9999.000,9999.000,9999.000
202603250554,   2.232,   2.830,9999.000,9999.000,9999.000,9999.000,9999.000,9999.000,9999.000
202603250600,   2.248,   2.830,   0.500,   0.082,   2.830,   0.400,   2.730,   0.500,   2.830
202603250606,   2.262,   2.807,9999.000,9999.000,9999.000,9999.000,9999.000,9999.000,9999.000
202603250612,   2.273,   2.820,9999.000,9999.000,9999.000,9999.000,9999.000,9999.000,9999.000
202603250618,   2.281,   2.797,9999.000,9999.000,9999.000,9999.000,9999.000,9999.000,9999.000
202603250624,   2.287,   2.820,9999.000,9999.000,9999.000,9999.000,9999.000,9999.000,9999.000
202603250630,   2.289,   2.787,9999.000,9999.000,9999.000,9999.000,9999.000,9999.000,9999.000
202603250636,   2.289,   2.768,9999.000,9999.000,9999.000,9999.000,9999.000,9999.000,9999.000
202603250642,   2.286,   2.748,9999.000,9999.000,9999.000,9999.000,9999.000,9999.000,9999.000
202603250648,   2.279,   2.719,9999.000,9999.000,9999.000,9999.000,9999.000,9999.000,9999.000
202603250654,   2.270,   2.689,9999.000,9999.000,9999.000,9999.000,9999.000,9999.000,9999.000
202603250700,   2.258,   2.679,   0.400,   0.021,   2.679,   0.400,   2.679,   0.500,   2.779
202603250706,   2.244,   2.640,9999.000,9999.000,9999.000,9999.000,9999.000,9999.000,9999.000
202603250712,   2.226,   2.630,9999.000,9999.000,9999.000,9999.000,9999.000,9999.000,9999.000
202603250718,   2.206,   2.587,9999.000,9999.000,9999.000,9999.000,9999.000,9999.000,9999.000
202603250724,   2.183,   2.568,9999.000,9999.000,9999.000,9999.000,9999.000,9999.000,9999.000
202603250730,   2.158,   2.528,9999.000,9999.000,9999.000,9999.000,9999.000,9999.000,9999.000
202603250736,   2.131,   2.499,9999.000,9999.000,9999.000,9999.000,9999.000,9999.000,9999.000
202603250742,   2.102,   2.459,9999.000,9999.000,9999.000,9999.000,9999.000,9999.000,9999.000
202603250748,   2.070,   2.440,9999.000,9999.000,9999.000,9999.000,9999.000,9999.000,9999.000
202603250754,   2.037,   2.387,9999.000,9999.000,9999.000,9999.000,9999.000,9999.000,9999.000
202603250800,   2.002,   2.358,   0.400,  -0.044,   2.358,   0.300,   2.258,   0.400,   2.358
202603250806,   1.966,   2.318,9999.000,9999.000,9999.000,9999.000,9999.000,9999.000,9999.000
202603250812,   1.928,   2.289,9999.000,9999.000,9999.000,9999.000,9999.000,9999.000,9999.000
202603250818,   1.890,   2.240,9999.000,9999.000,9999.000,9999.000,9999.000,9999.000,9999.000
202603250824,   1.850,   2.210,9999.000,9999.000,9999.000,9999.000,9999.000,9999.000,9999.000
202603250830,   1.810,   2.168,9999.000,9999.000,9999.000,9999.000,9999.000,9999.000,9999.000
202603250836,   1.769,   2.138,9999.000,9999.000,9999.000,9999.000,9999.000,9999.000,9999.000
202603250842,   1.727,   2.109,9999.000,9999.000,9999.000,9999.000,9999.000,9999.000,9999.000
202603250848,   1.686,   2.069,9999.000,9999.000,9999.000,9999.000,9999.000,9999.000,9999.000
202603250854,   1.644,   2.040,9999.000,9999.000,9999.000,9999.000,9999.000,9999.000,9999.000
202603250900,   1.602,   2.000,   0.300,   0.098,   2.000,   0.200,   1.900,   0.400,   2.100
202603250906,   1.559,   1.967,9999.000,9999.000,9999.000,9999.000,9999.000,9999.000,9999.000
202603250912,   1.517,   1.928,9999.000,9999.000,9999.000,9999.000,9999.000,9999.000,9999.000
202603250918,   1.476,   1.899,9999.000,9999.000,9999.000,9999.000,9999.000,9999.000,9999.000
202603250924,   1.434,   1.869,9999.000,9999.000,9999.000,9999.000,9999.000,9999.000,9999.000
202603250930,   1.393,   1.840,9999.000,9999.000,9999.000,9999.000,9999.000,9999.000,9999.000
202603250936,   1.352,   1.810,9999.000,9999.000,9999.000,9999.000,9999.000,9999.000,9999.000
202603250942,   1.312,   1.767,9999.000,9999.000,9999.000,9999.000,9999.000,9999.000,9999.000
202603250948,   1.272,   1.728,9999.000,9999.000,9999.000,9999.000,9999.000,9999.000,9999.000
202603250954,   1.232,   1.689,9999.000,9999.000,9999.000,9999.000,9999.000,9999.000,9999.000
202603251000,   1.194,   1.659,   0.200,   0.265,   1.659,   0.200,   1.659,   0.300,   1.759
202603251006,   1.155,   1.620,9999.000,9999.000,9999.000,9999.000,9999.000,9999.000,9999.000
202603251012,   1.118,   1.600,9999.000,9999.000,9999.000,9999.000,9999.000,9999.000,9999.000
202603251018,   1.081,   1.557,9999.000,9999.000,9999.000,9999.000,9999.000,9999.000,9999.000
202603251024,   1.044,   1.528,9999.000,9999.000,9999.000,9999.000,9999.000,9999.000,9999.000
202603251030,   1.008,   1.498,9999.000,9999.000,9999.000,9999.000,9999.000,9999.000,9999.000
202603251036,   0.973,   1.459,9999.000,9999.000,9999.000,9999.000,9999.000,9999.000,9999.000
202603251042,   0.939,   1.430,9999.000,9999.000,9999.000,9999.000,9999.000,9999.000,9999.000
202603251048,   0.905,   1.390,9999.000,9999.000,9999.000,9999.000,9999.000,9999.000,9999.000
202603251054,   0.872,   1.361,9999.000,9999.000,9999.000,9999.000,9999.000,9999.000,9999.000
202603251100,   0.840,   1.328,   0.200,   0.288,   1.328,   0.100,   1.228,   0.200,   1.328
202603251106,   0.809,   1.298,9999.000,9999.000,9999.000,9999.000,9999.000,9999.000,9999.000
202603251112,   0.778,   1.269,9999.000,9999.000,9999.000,9999.000,9999.000,9999.000,9999.000
202603251118,   0.748,   1.229,9999.000,9999.000,9999.000,9999.000,9999.000,9999.000,9999.000
202603251124,   0.719,   1.200,9999.000,9999.000,9999.000,9999.000,9999.000,9999.000,9999.000
202603251130,   0.691,   1.180,9999.000,9999.000,9999.000,9999.000,9999.000,9999.000,9999.000
202603251136,   0.664,   1.138,9999.000,9999.000,9999.000,9999.000,9999.000,9999.000,9999.000
202603251142,   0.637,   1.118,9999.000,9999.000,9999.000,9999.000,9999.000,9999.000,9999.000
202603251148,   0.612,   1.088,9999.000,9999.000,9999.000,9999.000,9999.000,9999.000,9999.000
202603251154,   0.588,   1.059,9999.000,9999.000,9999.000,9999.000,9999.000,9999.000,9999.000
202603251200,   0.565,   1.039,   0.200,   0.274,   1.039,   0.200,   1.039,   0.200,   1.039
202603251206,   0.543,   1.010,9999.000,9999.000,9999.000,9999.000,9999.000,9999.000,9999.000
202603251212,   0.522,   0.980,9999.000,9999.000,9999.000,9999.000,9999.000,9999.000,9999.000
202603251218,   0.503,   0.951,9999.000,9999.000,9999.000,9999.000,9999.000,9999.000,9999.000
202603251224,   0.484,   0.928,9999.000,9999.000,9999.000,9999.000,9999.000,9999.000,9999.000
202603251230,   0.468,   0.908,9999.000,9999.000,9999.000,9999.000,9999.000,9999.000,9999.000
202603251236,   0.453,   0.879,9999.000,9999.000,9999.000,9999.000,9999.000,9999.000,9999.000
202603251242,   0.439,   0.859,9999.000,9999.000,9999.000,9999.000,9999.000,9999.000,9999.000
202603251248,   0.427,   0.839,9999.000,9999.000,9999.000,9999.000,9999.000,9999.000,9999.000
202603251254,   0.417,   0.819,9999.000,9999.000,9999.000,9999.000,9999.000,9999.000,9999.000
202603251300,   0.409,   0.800,   0.100,   0.291,   0.800,   0.100,   0.800,   0.200,   0.900
202603251306,   0.403,   0.780,9999.000,9999.000,9999.000,9999.000,9999.000,9999.000,9999.000
202603251312,   0.398,   0.760,9999.000,9999.000,9999.000,9999.000,9999.000,9999.000,9999.000
202603251318,   0.396,   0.751,9999.000,9999.000,9999.000,9999.000,9999.000,9999.000,9999.000
202603251324,   0.395,   0.741,9999.000,9999.000,9999.000,9999.000,9999.000,9999.000,9999.000
202603251330,   0.397,   0.731,9999.000,9999.000,9999.000,9999.000,9999.000,9999.000,9999.000
202603251336,   0.401,   0.718,9999.000,9999.000,9999.000,9999.000,9999.000,9999.000,9999.000
202603251342,   0.407,   0.708,9999.000,9999.000,9999.000,9999.000,9999.000,9999.000,9999.000
202603251348,   0.415,   0.698,9999.000,9999.000,9999.000,9999.000,9999.000,9999.000,9999.000
202603251354,   0.425,   0.688,9999.000,9999.000,9999.000,9999.000,9999.000,9999.000,9999.000
202603251400,   0.437,   0.698,   0.100,   0.161,   0.698,   0.100,   0.698,   0.200,   0.798
202603251406,   0.452,   0.708,9999.000,9999.000,9999.000,9999.000,9999.000,9999.000,9999.000
202603251412,   0.469,   0.698,9999.000,9999.000,9999.000,9999.000,9999.000,9999.000,9999.000
202603251418,   0.487,   0.708,9999.000,9999.000,9999.000,9999.000,9999.000,9999.000,9999.000
202603251424,   0.507,   0.708,9999.000,9999.000,9999.000,9999.000,9999.000,9999.000,9999.000
202603251430,   0.530,   0.708,9999.000,9999.000,9999.000,9999.000,9999.000,9999.000,9999.000
202603251436,   0.554,   0.751,9999.000,9999.000,9999.000,9999.000,9999.000,9999.000,9999.000
202603251442,   0.579,   0.770,9999.000,9999.000,9999.000,9999.000,9999.000,9999.000,9999.000
202603251448,   0.606,   0.780,9999.000,9999.000,9999.000,9999.000,9999.000,9999.000,9999.000
202603251454,   0.635,   0.810,9999.000,9999.000,9999.000,9999.000,9999.000,9999.000,9999.000
202603251500,   0.664,   0.819,   0.100,   0.055,   0.819,   0.100,   0.819,   0.100,   0.819
202603251506,   0.695,   0.829,9999.000,9999.000,9999.000,9999.000,9999.000,9999.000,9999.000
202603251512,   0.727,   0.859,9999.000,9999.000,9999.000,9999.000,9999.000,9999.000,9999.000
202603251518,   0.759,   0.898,9999.000,9999.000,9999.000,9999.000,9999.000,9999.000,9999.000
202603251524,   0.792,   0.941,9999.000,9999.000,9999.000,9999.000,9999.000,9999.000,9999.000
202603251530,   0.826,   0.970,9999.000,9999.000,9999.000,9999.000,9999.000,9999.000,9999.000
202603251536,   0.860,   0.990,9999.000,9999.000,9999.000,9999.000,9999.000,9999.000,9999.000
202603251542,   0.895,   1.010,9999.000,9999.000,9999.000,9999.000,9999.000,9999.000,9999.000
202603251548,   0.929,   1.039,9999.000,9999.000,9999.000,9999.000,9999.000,9999.000,9999.000
202603251554,   0.964,   1.069,9999.000,9999.000,9999.000,9999.000,9999.000,9999.000,9999.000
202603251600,   0.998,   1.088,   0.100,  -0.010,   1.088,   0.000,   0.988,   0.100,   1.088
202603251606,   1.032,   1.108,9999.000,9999.000,9999.000,9999.000,9999.000,9999.000,9999.000
202603251612,   1.067,   1.161,9999.000,9999.000,9999.000,9999.000,9999.000,9999.000,9999.000
202603251618,   1.100,   1.180,9999.000,9999.000,9999.000,9999.000,9999.000,9999.000,9999.000
202603251624,   1.134,   1.220,9999.000,9999.000,9999.000,9999.000,9999.000,9999.000,9999.000
202603251630,   1.167,   1.259,9999.000,9999.000,9999.000,9999.000,9999.000,9999.000,9999.000
202603251636,   1.199,   1.289,9999.000,9999.000,9999.000,9999.000,9999.000,9999.000,9999.000
202603251642,   1.231,   1.308,9999.000,9999.000,9999.000,9999.000,9999.000,9999.000,9999.000
202603251648,   1.263,   1.328,9999.000,9999.000,9999.000,9999.000,9999.000,9999.000,9999.000
202603251654,   1.293,   1.361,9999.000,9999.000,9999.000,9999.000,9999.000,9999.000,9999.000
202603251700,   1.324,   1.380,   0.100,  -0.044,   1.380,   0.000,   1.280,   0.100,   1.380
202603251706,   1.353,   1.410,9999.000,9999.000,9999.000,9999.000,9999.000,9999.000,9999.000
202603251712,   1.381,   1.439,9999.000,9999.000,9999.000,9999.000,9999.000,9999.000,9999.000
202603251718,   1.409,   1.459,9999.000,9999.000,9999.000,9999.000,9999.000,9999.000,9999.000
202603251724,   1.435,   1.479,9999.000,9999.000,9999.000,9999.000,9999.000,9999.000,9999.000
202603251730,   1.461,   1.489,9999.000,9999.000,9999.000,9999.000,9999.000,9999.000,9999.000
202603251736,   1.485,   1.508,9999.000,9999.000,9999.000,9999.000,9999.000,9999.000,9999.000
202603251742,   1.509,   1.538,9999.000,9999.000,9999.000,9999.000,9999.000,9999.000,9999.000
202603251748,   1.530,   1.557,9999.000,9999.000,9999.000,9999.000,9999.000,9999.000,9999.000
202603251754,   1.551,   1.590,9999.000,9999.000,9999.000,9999.000,9999.000,9999.000,9999.000
202603251800,   1.570,   1.600,   0.000,   0.030,   1.600,   0.000,   1.600,   0.100,   1.700
202603251806,   1.587,   1.610,9999.000,9999.000,9999.000,9999.000,9999.000,9999.000,9999.000
202603251812,   1.603,   1.620,9999.000,9999.000,9999.000,9999.000,9999.000,9999.000,9999.000
202603251818,   1.617,   1.620,9999.000,9999.000,9999.000,9999.000,9999.000,9999.000,9999.000
202603251824,   1.629,   1.649,9999.000,9999.000,9999.000,9999.000,9999.000,9999.000,9999.000
202603251830,   1.638,   1.649,9999.000,9999.000,9999.000,9999.000,9999.000,9999.000,9999.000
202603251836,   1.646,   1.659,9999.000,9999.000,9999.000,9999.000,9999.000,9999.000,9999.000
202603251842,   1.652,   1.649,9999.000,9999.000,9999.000,9999.000,9999.000,9999.000,9999.000
202603251848,   1.655,   1.659,9999.000,9999.000,9999.000,9999.000,9999.000,9999.000,9999.000
202603251854,   1.655,   1.630,9999.000,9999.000,9999.000,9999.000,9999.000,9999.000,9999.000
202603251900,   1.654,   1.620,   0.000,  -0.034,   1.620,   0.000,   1.620,   0.100,   1.720
202603251906,   1.650,   1.620,9999.000,9999.000,9999.000,9999.000,9999.000,9999.000,9999.000
202603251912,   1.643,   1.610,9999.000,9999.000,9999.000,9999.000,9999.000,9999.000,9999.000
202603251918,   1.634,   1.610,9999.000,9999.000,9999.000,9999.000,9999.000,9999.000,9999.000
202603251924,   1.623,   1.580,9999.000,9999.000,9999.000,9999.000,9999.000,9999.000,9999.000
202603251930,   1.609,   1.557,9999.000,9999.000,9999.000,9999.000,9999.000,9999.000,9999.000
202603251936,   1.593,   1.528,9999.000,9999.000,9999.000,9999.000,9999.000,9999.000,9999.000
202603251942,   1.575,   1.508,9999.000,9999.000,9999.000,9999.000,9999.000,9999.000,9999.000
202603251948,   1.555,   1.489,9999.000,9999.000,9999.000,9999.000,9999.000,9999.000,9999.000
202603251954,   1.532,   1.449,9999.000,9999.000,9999.000,9999.000,9999.000,9999.000,9999.000
202603252000,   1.508,   1.439,   0.000,  -0.069,   1.439,   0.000,   1.439,   0.000,   1.439
202603252006,   1.482,   1.400,9999.000,9999.000,9999.000,9999.000,9999.000,9999.000,9999.000
202603252012,   1.454,   1.390,9999.000,9999.000,9999.000,9999.000,9999.000,9999.000,9999.000
202603252018,   1.425,   1.371,9999.000,9999.000,9999.000,9999.000,9999.000,9999.000,9999.000
202603252024,   1.395,   1.328,9999.000,9999.000,9999.000,9999.000,9999.000,9999.000,9999.000
202603252030,   1.364,   1.308,9999.000,9999.000,9999.000,9999.000,9999.000,9999.000,9999.000
202603252036,   1.331,   1.279,9999.000,9999.000,9999.000,9999.000,9999.000,9999.000,9999.000
202603252042,   1.298,   1.249,9999.000,9999.000,9999.000,9999.000,9999.000,9999.000,9999.000
202603252048,   1.265,   1.220,9999.000,9999.000,9999.000,9999.000,9999.000,9999.000,9999.000
202603252054,   1.230,   1.190,9999.000,9999.000,9999.000,9999.000,9999.000,9999.000,9999.000
202603252100,   1.196,   1.170,   0.000,  -0.026,   1.170,   0.000,   1.170,   0.000,   1.170
202603252106,   1.161,   1.138,9999.000,9999.000,9999.000,9999.000,9999.000,9999.000,9999.000
202603252112,   1.126,   1.118,9999.000,9999.000,9999.000,9999.000,9999.000,9999.000,9999.000
202603252118,   1.092,   1.098,9999.000,9999.000,9999.000,9999.000,9999.000,9999.000,9999.000
202603252124,   1.057,   1.069,9999.000,9999.000,9999.000,9999.000,9999.000,9999.000,9999.000
202603252130,   1.023,   1.039,9999.000,9999.000,9999.000,9999.000,9999.000,9999.000,9999.000
202603252136,   0.989,   1.010,9999.000,9999.000,9999.000,9999.000,9999.000,9999.000,9999.000
202603252142,   0.956,   0.980,9999.000,9999.000,9999.000,9999.000,9999.000,9999.000,9999.000
202603252148,   0.923,   0.961,9999.000,9999.000,9999.000,9999.000,9999.000,9999.000,9999.000
202603252154,   0.891,   0.918,9999.000,9999.000,9999.000,9999.000,9999.000,9999.000,9999.000
202603252200,   0.860,   0.898,   0.000,   0.038,   0.898,   0.000,   0.898,   0.100,   0.998
202603252206,   0.829,   0.869,9999.000,9999.000,9999.000,9999.000,9999.000,9999.000,9999.000
202603252212,   0.798,   0.839,9999.000,9999.000,9999.000,9999.000,9999.000,9999.000,9999.000
202603252218,   0.769,   0.810,9999.000,9999.000,9999.000,9999.000,9999.000,9999.000,9999.000
202603252224,   0.740,   0.780,9999.000,9999.000,9999.000,9999.000,9999.000,9999.000,9999.000
202603252230,   0.712,   0.760,9999.000,9999.000,9999.000,9999.000,9999.000,9999.000,9999.000
202603252236,   0.685,   0.731,9999.000,9999.000,9999.000,9999.000,9999.000,9999.000,9999.000
202603252242,   0.658,   0.708,9999.000,9999.000,9999.000,9999.000,9999.000,9999.000,9999.000
202603252248,   0.633,   0.688,9999.000,9999.000,9999.000,9999.000,9999.000,9999.000,9999.000
202603252254,   0.608,   0.659,9999.000,9999.000,9999.000,9999.000,9999.000,9999.000,9999.000
202603252300,   0.583,   0.649,   0.100,  -0.034,   0.649,   0.000,   0.549,   0.100,   0.649
202603252306,   0.560,   0.619,9999.000,9999.000,9999.000,9999.000,9999.000,9999.000,9999.000
202603252312,   0.537,   0.600,9999.000,9999.000,9999.000,9999.000,9999.000,9999.000,9999.000
202603252318,   0.515,   0.580,9999.000,9999.000,9999.000,9999.000,9999.000,9999.000,9999.000
202603252324,   0.494,   0.570,9999.000,9999.000,9999.000,9999.000,9999.000,9999.000,9999.000
202603252330,   0.474,   0.551,9999.000,9999.000,9999.000,9999.000,9999.000,9999.000,9999.000
202603252336,   0.454,   0.531,9999.000,9999.000,9999.000,9999.000,9999.000,9999.000,9999.000
202603252342,   0.435,   0.508,9999.000,9999.000,9999.000,9999.000,9999.000,9999.000,9999.000
202603252348,   0.417,   0.488,9999.000,9999.000,9999.000,9999.000,9999.000,9999.000,9999.000
202603252354,   0.400,   0.459,9999.000,9999.000,9999.000,9999.000,9999.000,9999.000,9999.000
202603260000,   0.384,   0.449,   0.000,   0.065,   0.449,   0.000,   0.449,   0.000,   0.449
202603260006,   0.369,   0.449,9999.000,9999.000,9999.000,9999.000,9999.000,9999.000,9999.000
202603260012,   0.355,   0.429,9999.000,9999.000,9999.000,9999.000,9999.000,9999.000,9999.000
202603260018,   0.342,   0.429,9999.000,9999.000,9999.000,9999.000,9999.000,9999.000,9999.000
202603260024,   0.329,   0.419,9999.000,9999.000,9999.000,9999.000,9999.000,9999.000,9999.000
202603260030,   0.318,   0.400,9999.000,9999.000,9999.000,9999.000,9999.000,9999.000,9999.000
202603260036,   0.309,   0.400,9999.000,9999.000,9999.000,9999.000,9999.000,9999.000,9999.000
202603260042,   0.300,   0.380,9999.000,9999.000,9999.000,9999.000,9999.000,9999.000,9999.000
202603260048,   0.293,   0.380,9999.000,9999.000,9999.000,9999.000,9999.000,9999.000,9999.000
202603260054,   0.288,   0.380,9999.000,9999.000,9999.000,9999.000,9999.000,9999.000,9999.000
202603260100,   0.283,   0.390,   0.000,   0.107,   0.390,   0.000,   0.390,   0.000,   0.390
202603260106,   0.281,   0.409,9999.000,9999.000,9999.000,9999.000,9999.000,9999.000,9999.000
202603260112,   0.280,   0.400,9999.000,9999.000,9999.000,9999.000,9999.000,9999.000,9999.000
202603260118,   0.281,   0.400,9999.000,9999.000,9999.000,9999.000,9999.000,9999.000,9999.000
202603260124,   0.284,   0.409,9999.000,9999.000,9999.000,9999.000,9999.000,9999.000,9999.000
202603260130,   0.289,   0.419,9999.000,9999.000,9999.000,9999.000,9999.000,9999.000,9999.000
202603260136,   0.296,   0.429,9999.000,9999.000,9999.000,9999.000,9999.000,9999.000,9999.000
202603260142,   0.305,   0.488,9999.000,9999.000,9999.000,9999.000,9999.000,9999.000,9999.000
202603260148,   0.316,   0.498,9999.000,9999.000,9999.000,9999.000,9999.000,9999.000,9999.000
202603260154,   0.329,   0.541,9999.000,9999.000,9999.000,9999.000,9999.000,9999.000,9999.000
202603260200,   0.344,   0.580,   0.000,   0.236,   0.580,   0.000,   0.580,   0.000,   0.580
202603260206,   0.362,   0.600,9999.000,9999.000,9999.000,9999.000,9999.000,9999.000,9999.000
202603260212,   0.382,   0.619,9999.000,9999.000,9999.000,9999.000,9999.000,9999.000,9999.000
202603260218,   0.404,   0.639,9999.000,9999.000,9999.000,9999.000,9999.000,9999.000,9999.000
202603260224,   0.428,   0.659,9999.000,9999.000,9999.000,9999.000,9999.000,9999.000,9999.000
202603260230,   0.454,   0.688,9999.000,9999.000,9999.000,9999.000,9999.000,9999.000,9999.000
202603260236,   0.483,   0.718,9999.000,9999.000,9999.000,9999.000,9999.000,9999.000,9999.000
202603260242,   0.513,   0.751,9999.000,9999.000,9999.000,9999.000,9999.000,9999.000,9999.000
202603260248,   0.546,   0.790,9999.000,9999.000,9999.000,9999.000,9999.000,9999.000,9999.000
202603260254,   0.580,   0.819,9999.000,9999.000,9999.000,9999.000,9999.000,9999.000,9999.000
202603260300,   0.616,   0.839,   0.000,   0.223,   0.839,   0.000,   0.839,   0.000,   0.839
202603260306,   0.654,   0.869,9999.000,9999.000,9999.000,9999.000,9999.000,9999.000,9999.000
202603260312,   0.694,   0.908,9999.000,9999.000,9999.000,9999.000,9999.000,9999.000,9999.000
202603260318,   0.734,   0.941,9999.000,9999.000,9999.000,9999.000,9999.000,9999.000,9999.000
202603260324,   0.776,   0.990,9999.000,9999.000,9999.000,9999.000,9999.000,9999.000,9999.000
202603260330,   0.819,   1.039,9999.000,9999.000,9999.000,9999.000,9999.000,9999.000,9999.000
202603260336,   0.863,   1.079,9999.000,9999.000,9999.000,9999.000,9999.000,9999.000,9999.000
202603260342,   0.907,   1.128,9999.000,9999.000,9999.000,9999.000,9999.000,9999.000,9999.000
202603260348,   0.952,   1.161,9999.000,9999.000,9999.000,9999.000,9999.000,9999.000,9999.000
202603260354,   0.998,   1.220,9999.000,9999.000,9999.000,9999.000,9999.000,9999.000,9999.000
202603260400,   1.044,   1.259,   0.000,   0.215,   1.259,   0.000,   1.259,   0.000,   1.259
202603260406,   1.090,   1.289,9999.000,9999.000,9999.000,9999.000,9999.000,9999.000,9999.000
202603260412,   1.137,   1.338,9999.000,9999.000,9999.000,9999.000,9999.000,9999.000,9999.000
202603260418,   1.183,   1.361,9999.000,9999.000,9999.000,9999.000,9999.000,9999.000,9999.000
202603260424,   1.229,   1.420,9999.000,9999.000,9999.000,9999.000,9999.000,9999.000,9999.000
202603260430,   1.275,   1.459,9999.000,9999.000,9999.000,9999.000,9999.000,9999.000,9999.000
202603260436,   1.321,   1.508,9999.000,9999.000,9999.000,9999.000,9999.000,9999.000,9999.000
202603260442,   1.366,   1.548,9999.000,9999.000,9999.000,9999.000,9999.000,9999.000,9999.000
202603260448,   1.410,   1.590,9999.000,9999.000,9999.000,9999.000,9999.000,9999.000,9999.000
202603260454,   1.455,   1.620,9999.000,9999.000,9999.000,9999.000,9999.000,9999.000,9999.000
202603260500,   1.498,   1.669,   0.000,   0.171,   1.669,   0.000,   1.669,   0.000,   1.669
202603260506,   1.541,   1.699,9999.000,9999.000,9999.000,9999.000,9999.000,9999.000,9999.000
202603260512,   1.584,   1.748,9999.000,9999.000,9999.000,9999.000,9999.000,9999.000,9999.000
202603260518,   1.625,   1.781,9999.000,9999.000,9999.000,9999.000,9999.000,9999.000,9999.000
202603260524,   1.666,   1.830,9999.000,9999.000,9999.000,9999.000,9999.000,9999.000,9999.000
202603260530,   1.706,   1.869,9999.000,9999.000,9999.000,9999.000,9999.000,9999.000,9999.000
202603260536,   1.745,   1.918,9999.000,9999.000,9999.000,9999.000,9999.000,9999.000,9999.000
202603260542,   1.784,   1.938,9999.000,9999.000,9999.000,9999.000,9999.000,9999.000,9999.000
202603260548,   1.821,   1.981,9999.000,9999.000,9999.000,9999.000,9999.000,9999.000,9999.000
202603260554,   1.857,   2.020,9999.000,9999.000,9999.000,9999.000,9999.000,9999.000,9999.000
202603260600,   1.892,   2.059,   0.100,   0.067,   2.059,   0.000,   1.959,   0.100,   2.059
202603260606,   1.925,   2.099,9999.000,9999.000,9999.000,9999.000,9999.000,9999.000,9999.000
202603260612,   1.957,   2.138,9999.000,9999.000,9999.000,9999.000,9999.000,9999.000,9999.000
202603260618,   1.988,   2.158,9999.000,9999.000,9999.000,9999.000,9999.000,9999.000,9999.000
202603260624,   2.017,   2.177,9999.000,9999.000,9999.000,9999.000,9999.000,9999.000,9999.000
202603260630,   2.044,   2.200,9999.000,9999.000,9999.000,9999.000,9999.000,9999.000,9999.000
202603260636,   2.070,   2.240,9999.000,9999.000,9999.000,9999.000,9999.000,9999.000,9999.000
202603260642,   2.093,   2.269,9999.000,9999.000,9999.000,9999.000,9999.000,9999.000,9999.000
202603260648,   2.114,   2.299,9999.000,9999.000,9999.000,9999.000,9999.000,9999.000,9999.000
202603260654,   2.134,   2.309,9999.000,9999.000,9999.000,9999.000,9999.000,9999.000,9999.000
202603260700,   2.150,   2.338,   0.100,   0.088,   2.338,   0.000,   2.238,   0.100,   2.338
202603260706,   2.165,   2.348,9999.000,9999.000,9999.000,9999.000,9999.000,9999.000,9999.000
202603260712,   2.177,   2.377,9999.000,9999.000,9999.000,9999.000,9999.000,9999.000,9999.000
202603260718,   2.186,   2.387,9999.000,9999.000,9999.000,9999.000,9999.000,9999.000,9999.000
202603260724,   2.193,   2.420,9999.000,9999.000,9999.000,9999.000,9999.000,9999.000,9999.000
202603260730,   2.197,   2.420,9999.000,9999.000,9999.000,9999.000,9999.000,9999.000,9999.000
202603260736,   2.198,   2.440,9999.000,9999.000,9999.000,9999.000,9999.000,9999.000,9999.000
202603260742,   2.196,   2.440,9999.000,9999.000,9999.000,9999.000,9999.000,9999.000,9999.000
202603260748,   2.192,   2.440,9999.000,9999.000,9999.000,9999.000,9999.000,9999.000,9999.000
202603260754,   2.185,   2.420,9999.000,9999.000,9999.000,9999.000,9999.000,9999.000,9999.000
202603260800,   2.175,   2.430,   0.100,   0.155,   2.430,   0.000,   2.330,   0.100,   2.430
202603260806,   2.163,   2.420,9999.000,9999.000,9999.000,9999.000,9999.000,9999.000,9999.000
202603260812,   2.149,   2.387,9999.000,9999.000,9999.000,9999.000,9999.000,9999.000,9999.000
202603260818,   2.131,   2.377,9999.000,9999.000,9999.000,9999.000,9999.000,9999.000,9999.000
202603260824,   2.112,   2.318,9999.000,9999.000,9999.000,9999.000,9999.000,9999.000,9999.000
202603260830,   2.091,   2.328,9999.000,9999.000,9999.000,9999.000,9999.000,9999.000,9999.000
202603260836,   2.067,   2.289,9999.000,9999.000,9999.000,9999.000,9999.000,9999.000,9999.000
202603260842,   2.042,   2.269,9999.000,9999.000,9999.000,9999.000,9999.000,9999.000,9999.000
202603260848,   2.015,   2.220,9999.000,9999.000,9999.000,9999.000,9999.000,9999.000,9999.000
202603260854,   1.986,   2.200,9999.000,9999.000,9999.000,9999.000,9999.000,9999.000,9999.000
202603260900,   1.956,   2.168,   0.100,   0.112,   2.168,   0.000,   2.068,   0.100,   2.168
202603260906,   1.925,   2.158,9999.000,9999.000,9999.000,9999.000,9999.000,9999.000,9999.000
202603260912,   1.893,   2.109,9999.000,9999.000,9999.000,9999.000,9999.000,9999.000,9999.000
202603260918,   1.859,   2.079,9999.000,9999.000,9999.000,9999.000,9999.000,9999.000,9999.000
202603260924,   1.826,   2.040,9999.000,9999.000,9999.000,9999.000,9999.000,9999.000,9999.000
202603260930,   1.791,   2.020,9999.000,9999.000,9999.000,9999.000,9999.000,9999.000,9999.000
202603260936,   1.756,   1.990,9999.000,9999.000,9999.000,9999.000,9999.000,9999.000,9999.000
202603260942,   1.721,   1.948,9999.000,9999.000,9999.000,9999.000,9999.000,9999.000,9999.000
202603260948,   1.685,   1.938,9999.000,9999.000,9999.000,9999.000,9999.000,9999.000,9999.000
202603260954,   1.649,   1.889,9999.000,9999.000,9999.000,9999.000,9999.000,9999.000,9999.000
202603261000,   1.613,   1.869,   0.100,   0.156,   1.869,   0.000,   1.769,   0.100,   1.869
202603261006,   1.578,   1.810,9999.000,9999.000,9999.000,9999.000,9999.000,9999.000,9999.000
202603261012,   1.542,   1.767,9999.000,9999.000,9999.000,9999.000,9999.000,9999.000,9999.000
202603261018,   1.506,   1.728,9999.000,9999.000,9999.000,9999.000,9999.000,9999.000,9999.000
202603261024,   1.471,   1.699,9999.000,9999.000,9999.000,9999.000,9999.000,9999.000,9999.000
202603261030,   1.435,   1.679,9999.000,9999.000,9999.000,9999.000,9999.000,9999.000,9999.000
202603261036,   1.400,   1.649,9999.000,9999.000,9999.000,9999.000,9999.000,9999.000,9999.000
202603261042,   1.365,   1.630,9999.000,9999.000,9999.000,9999.000,9999.000,9999.000,9999.000
202603261048,   1.330,   1.600,9999.000,9999.000,9999.000,9999.000,9999.000,9999.000,9999.000
202603261054,   1.296,   1.571,9999.000,9999.000,9999.000,9999.000,9999.000,9999.000,9999.000
202603261100,   1.262,   1.518,   0.100,   0.156,   1.518,   0.000,   1.418,   0.100,   1.518
202603261106,   1.228,   1.489,9999.000,9999.000,9999.000,9999.000,9999.000,9999.000,9999.000
202603261112,   1.194,   1.449,9999.000,9999.000,9999.000,9999.000,9999.000,9999.000,9999.000
202603261118,   1.160,   1.430,9999.000,9999.000,9999.000,9999.000,9999.000,9999.000,9999.000
202603261124,   1.127,   1.400,9999.000,9999.000,9999.000,9999.000,9999.000,9999.000,9999.000
202603261130,   1.094,   1.371,9999.000,9999.000,9999.000,9999.000,9999.000,9999.000,9999.000
202603261136,   1.061,   1.338,9999.000,9999.000,9999.000,9999.000,9999.000,9999.000,9999.000
202603261142,   1.029,   1.308,9999.000,9999.000,9999.000,9999.000,9999.000,9999.000,9999.000
202603261148,   0.996,   1.289,9999.000,9999.000,9999.000,9999.000,9999.000,9999.000,9999.000
202603261154,   0.964,9999.000,9999.000,9999.000,9999.000,9999.000,9999.000,9999.000,9999.000
202603261200,   0.933,9999.000,   0.000,   0.149,   1.082,   0.000,   1.082,   0.100,   1.182
202603261206,   0.901,9999.000,9999.000,9999.000,9999.000,9999.000,9999.000,9999.000,9999.000
202603261212,   0.870,9999.000,9999.000,9999.000,9999.000,9999.000,9999.000,9999.000,9999.000
202603261218,   0.840,9999.000,9999.000,9999.000,9999.000,9999.000,9999.000,9999.000,9999.000
202603261224,   0.809,9999.000,9999.000,9999.000,9999.000,9999.000,9999.000,9999.000,9999.000
202603261230,   0.780,9999.000,9999.000,9999.000,9999.000,9999.000,9999.000,9999.000,9999.000
202603261236,   0.751,9999.000,9999.000,9999.000,9999.000,9999.000,9999.000,9999.000,9999.000
202603261242,   0.722,9999.000,9999.000,9999.000,9999.000,9999.000,9999.000,9999.000,9999.000
202603261248,   0.695,9999.000,9999.000,9999.000,9999.000,9999.000,9999.000,9999.000,9999.000
202603261254,   0.668,9999.000,9999.000,9999.000,9999.000,9999.000,9999.000,9999.000,9999.000
202603261300,   0.642,9999.000,   0.000,   0.141,   0.783,   0.000,   0.783,   0.000,   0.783
202603261306,   0.617,9999.000,9999.000,9999.000,9999.000,9999.000,9999.000,9999.000,9999.000
202603261312,   0.594,9999.000,9999.000,9999.000,9999.000,9999.000,9999.000,9999.000,9999.000
202603261318,   0.571,9999.000,9999.000,9999.000,9999.000,9999.000,9999.000,9999.000,9999.000
202603261324,   0.550,9999.000,9999.000,9999.000,9999.000,9999.000,9999.000,9999.000,9999.000
202603261330,   0.530,9999.000,9999.000,9999.000,9999.000,9999.000,9999.000,9999.000,9999.000
202603261336,   0.512,9999.000,9999.000,9999.000,9999.000,9999.000,9999.000,9999.000,9999.000
202603261342,   0.495,9999.000,9999.000,9999.000,9999.000,9999.000,9999.000,9999.000,9999.000
202603261348,   0.480,9999.000,9999.000,9999.000,9999.000,9999.000,9999.000,9999.000,9999.000
202603261354,   0.467,9999.000,9999.000,9999.000,9999.000,9999.000,9999.000,9999.000,9999.000
202603261400,   0.456,9999.000,   0.000,   0.134,   0.590,   0.000,   0.590,   0.000,   0.590
202603261406,   0.447,9999.000,9999.000,9999.000,9999.000,9999.000,9999.000,9999.000,9999.000
202603261412,   0.440,9999.000,9999.000,9999.000,9999.000,9999.000,9999.000,9999.000,9999.000
202603261418,   0.435,9999.000,9999.000,9999.000,9999.000,9999.000,9999.000,9999.000,9999.000
202603261424,   0.432,9999.000,9999.000,9999.000,9999.000,9999.000,9999.000,9999.000,9999.000
202603261430,   0.432,9999.000,9999.000,9999.000,9999.000,9999.000,9999.000,9999.000,9999.000
202603261436,   0.434,9999.000,9999.000,9999.000,9999.000,9999.000,9999.000,9999.000,9999.000
202603261442,   0.438,9999.000,9999.000,9999.000,9999.000,9999.000,9999.000,9999.000,9999.000
202603261448,   0.444,9999.000,9999.000,9999.000,9999.000,9999.000,9999.000,9999.000,9999.000
202603261454,   0.452,9999.000,9999.000,9999.000,9999.000,9999.000,9999.000,9999.000,9999.000
202603261500,   0.463,9999.000,   0.000,   0.126,   0.589,  -0.100,   0.489,   0.000,   0.589
202603261506,   0.476,9999.000,9999.000,9999.000,9999.000,9999.000,9999.000,9999.000,9999.000
202603261512,   0.490,9999.000,9999.000,9999.000,9999.000,9999.000,9999.000,9999.000,9999.000
202603261518,   0.507,9999.000,9999.000,9999.000,9999.000,9999.000,9999.000,9999.000,9999.000
202603261524,   0.526,9999.000,9999.000,9999.000,9999.000,9999.000,9999.000,9999.000,9999.000
202603261530,   0.546,9999.000,9999.000,9999.000,9999.000,9999.000,9999.000,9999.000,9999.000
202603261536,   0.568,9999.000,9999.000,9999.000,9999.000,9999.000,9999.000,9999.000,9999.000
202603261542,   0.591,9999.000,9999.000,9999.000,9999.000,9999.000,9999.000,9999.000,9999.000
202603261548,   0.616,9999.000,9999.000,9999.000,9999.000,9999.000,9999.000,9999.000,9999.000
202603261554,   0.642,9999.000,9999.000,9999.000,9999.000,9999.000,9999.000,9999.000,9999.000
202603261600,   0.669,9999.000,   0.000,   0.119,   0.788,  -0.100,   0.688,   0.000,   0.788
202603261606,   0.697,9999.000,9999.000,9999.000,9999.000,9999.000,9999.000,9999.000,9999.000
202603261612,   0.726,9999.000,9999.000,9999.000,9999.000,9999.000,9999.000,9999.000,9999.000
202603261618,   0.756,9999.000,9999.000,9999.000,9999.000,9999.000,9999.000,9999.000,9999.000
202603261624,   0.786,9999.000,9999.000,9999.000,9999.000,9999.000,9999.000,9999.000,9999.000
202603261630,   0.816,9999.000,9999.000,9999.000,9999.000,9999.000,9999.000,9999.000,9999.000
202603261636,   0.847,9999.000,9999.000,9999.000,9999.000,9999.000,9999.000,9999.000,9999.000
202603261642,   0.878,9999.000,9999.000,9999.000,9999.000,9999.000,9999.000,9999.000,9999.000
202603261648,   0.910,9999.000,9999.000,9999.000,9999.000,9999.000,9999.000,9999.000,9999.000
202603261654,   0.941,9999.000,9999.000,9999.000,9999.000,9999.000,9999.000,9999.000,9999.000
202603261700,   0.972,9999.000,  -0.100,   0.111,   0.983,  -0.200,   0.883,   0.000,   1.083
202603261706,   1.004,9999.000,9999.000,9999.000,9999.000,9999.000,9999.000,9999.000,9999.000
202603261712,   1.035,9999.000,9999.000,9999.000,9999.000,9999.000,9999.000,9999.000,9999.000
202603261718,   1.066,9999.000,9999.000,9999.000,9999.000,9999.000,9999.000,9999.000,9999.000
202603261724,   1.097,9999.000,9999.000,9999.000,9999.000,9999.000,9999.000,9999.000,9999.000
202603261730,   1.127,9999.000,9999.000,9999.000,9999.000,9999.000,9999.000,9999.000,9999.000
202603261736,   1.158,9999.000,9999.000,9999.000,9999.000,9999.000,9999.000,9999.000,9999.000
202603261742,   1.188,9999.000,9999.000,9999.000,9999.000,9999.000,9999.000,9999.000,9999.000
202603261748,   1.218,9999.000,9999.000,9999.000,9999.000,9999.000,9999.000,9999.000,9999.000
202603261754,   1.247,9999.000,9999.000,9999.000,9999.000,9999.000,9999.000,9999.000,9999.000
202603261800,   1.276,9999.000,  -0.100,   0.104,   1.280,  -0.200,   1.180,   0.000,   1.380
202603261806,   1.305,9999.000,9999.000,9999.000,9999.000,9999.000,9999.000,9999.000,9999.000
202603261812,   1.333,9999.000,9999.000,9999.000,9999.000,9999.000,9999.000,9999.000,9999.000
202603261818,   1.360,9999.000,9999.000,9999.000,9999.000,9999.000,9999.000,9999.000,9999.000
202603261824,   1.386,9999.000,9999.000,9999.000,9999.000,9999.000,9999.000,9999.000,9999.000
202603261830,   1.412,9999.000,9999.000,9999.000,9999.000,9999.000,9999.000,9999.000,9999.000
202603261836,   1.437,9999.000,9999.000,9999.000,9999.000,9999.000,9999.000,9999.000,9999.000
202603261842,   1.461,9999.000,9999.000,9999.000,9999.000,9999.000,9999.000,9999.000,9999.000
202603261848,   1.484,9999.000,9999.000,9999.000,9999.000,9999.000,9999.000,9999.000,9999.000
202603261854,   1.506,9999.000,9999.000,9999.000,9999.000,9999.000,9999.000,9999.000,9999.000
202603261900,   1.526,9999.000,  -0.100,   0.096,   1.522,  -0.200,   1.422,   0.000,   1.622
202603261906,   1.544,9999.000,9999.000,9999.000,9999.000,9999.000,9999.000,9999.000,9999.000
202603261912,   1.562,9999.000,9999.000,9999.000,9999.000,9999.000,9999.000,9999.000,9999.000
202603261918,   1.577,9999.000,9999.000,9999.000,9999.000,9999.000,9999.000,9999.000,9999.000
202603261924,   1.590,9999.000,9999.000,9999.000,9999.000,9999.000,9999.000,9999.000,9999.000
202603261930,   1.602,9999.000,9999.000,9999.000,9999.000,9999.000,9999.000,9999.000,9999.000
202603261936,   1.611,9999.000,9999.000,9999.000,9999.000,9999.000,9999.000,9999.000,9999.000
202603261942,   1.619,9999.000,9999.000,9999.000,9999.000,9999.000,9999.000,9999.000,9999.000
202603261948,   1.624,9999.000,9999.000,9999.000,9999.000,9999.000,9999.000,9999.000,9999.000
202603261954,   1.627,9999.000,9999.000,9999.000,9999.000,9999.000,9999.000,9999.000,9999.000
202603262000,   1.627,9999.000,  -0.100,   0.089,   1.616,  -0.200,   1.516,   0.000,   1.716
202603262006,   1.625,9999.000,9999.000,9999.000,9999.000,9999.000,9999.000,9999.000,9999.000
202603262012,   1.621,9999.000,9999.000,9999.000,9999.000,9999.000,9999.000,9999.000,9999.000
202603262018,   1.614,9999.000,9999.000,9999.000,9999.000,9999.000,9999.000,9999.000,9999.000
202603262024,   1.606,9999.000,9999.000,9999.000,9999.000,9999.000,9999.000,9999.000,9999.000
202603262030,   1.594,9999.000,9999.000,9999.000,9999.000,9999.000,9999.000,9999.000,9999.000
202603262036,   1.581,9999.000,9999.000,9999.000,9999.000,9999.000,9999.000,9999.000,9999.000
202603262042,   1.566,9999.000,9999.000,9999.000,9999.000,9999.000,9999.000,9999.000,9999.000
202603262048,   1.549,9999.000,9999.000,9999.000,9999.000,9999.000,9999.000,9999.000,9999.000
202603262054,   1.530,9999.000,9999.000,9999.000,9999.000,9999.000,9999.000,9999.000,9999.000
202603262100,   1.509,9999.000,  -0.100,   0.082,   1.491,  -0.200,   1.391,   0.000,   1.591
202603262106,   1.487,9999.000,9999.000,9999.000,9999.000,9999.000,9999.000,9999.000,9999.000
202603262112,   1.463,9999.000,9999.000,9999.000,9999.000,9999.000,9999.000,9999.000,9999.000
202603262118,   1.439,9999.000,9999.000,9999.000,9999.000,9999.000,9999.000,9999.000,9999.000
202603262124,   1.413,9999.000,9999.000,9999.000,9999.000,9999.000,9999.000,9999.000,9999.000
202603262130,   1.386,9999.000,9999.000,9999.000,9999.000,9999.000,9999.000,9999.000,9999.000
202603262136,   1.358,9999.000,9999.000,9999.000,9999.000,9999.000,9999.000,9999.000,9999.000
202603262142,   1.330,9999.000,9999.000,9999.000,9999.000,9999.000,9999.000,9999.000,9999.000
202603262148,   1.302,9999.000,9999.000,9999.000,9999.000,9999.000,9999.000,9999.000,9999.000
202603262154,   1.273,9999.000,9999.000,9999.000,9999.000,9999.000,9999.000,9999.000,9999.000
202603262200,   1.243,9999.000,  -0.100,   0.074,   1.217,  -0.200,   1.117,   0.000,   1.317
202603262206,   1.214,9999.000,9999.000,9999.000,9999.000,9999.000,9999.000,9999.000,9999.000
202603262212,   1.185,9999.000,9999.000,9999.000,9999.000,9999.000,9999.000,9999.000,9999.000
202603262218,   1.155,9999.000,9999.000,9999.000,9999.000,9999.000,9999.000,9999.000,9999.000
202603262224,   1.126,9999.000,9999.000,9999.000,9999.000,9999.000,9999.000,9999.000,9999.000
202603262230,   1.097,9999.000,9999.000,9999.000,9999.000,9999.000,9999.000,9999.000,9999.000
202603262236,   1.069,9999.000,9999.000,9999.000,9999.000,9999.000,9999.000,9999.000,9999.000
202603262242,   1.040,9999.000,9999.000,9999.000,9999.000,9999.000,9999.000,9999.000,9999.000
202603262248,   1.012,9999.000,9999.000,9999.000,9999.000,9999.000,9999.000,9999.000,9999.000
202603262254,   0.984,9999.000,9999.000,9999.000,9999.000,9999.000,9999.000,9999.000,9999.000
202603262300,   0.957,9999.000,  -0.100,   0.067,   0.924,  -0.200,   0.824,   0.000,   1.024
202603262306,   0.930,9999.000,9999.000,9999.000,9999.000,9999.000,9999.000,9999.000,9999.000
202603262312,   0.903,9999.000,9999.000,9999.000,9999.000,9999.000,9999.000,9999.000,9999.000
202603262318,   0.876,9999.000,9999.000,9999.000,9999.000,9999.000,9999.000,9999.000,9999.000
202603262324,   0.850,9999.000,9999.000,9999.000,9999.000,9999.000,9999.000,9999.000,9999.000
202603262330,   0.824,9999.000,9999.000,9999.000,9999.000,9999.000,9999.000,9999.000,9999.000
202603262336,   0.799,9999.000,9999.000,9999.000,9999.000,9999.000,9999.000,9999.000,9999.000
202603262342,   0.774,9999.000,9999.000,9999.000,9999.000,9999.000,9999.000,9999.000,9999.000
202603262348,   0.749,9999.000,9999.000,9999.000,9999.000,9999.000,9999.000,9999.000,9999.000
202603262354,   0.724,9999.000,9999.000,9999.000,9999.000,9999.000,9999.000,9999.000,9999.000
202603270000,   0.700,9999.000,  -0.100,   0.067,   0.667,  -0.100,   0.667,   0.000,   0.767
202603270006,   0.676,9999.000,9999.000,9999.000,9999.000,9999.000,9999.000,9999.000,9999.000
202603270012,   0.652,9999.000,9999.000,9999.000,9999.000,9999.000,9999.000,9999.000,9999.000
202603270018,   0.628,9999.000,9999.000,9999.000,9999.000,9999.000,9999.000,9999.000,9999.000
202603270024,   0.605,9999.000,9999.000,9999.000,9999.000,9999.000,9999.000,9999.000,9999.000
202603270030,   0.583,9999.000,9999.000,9999.000,9999.000,9999.000,9999.000,9999.000,9999.000
202603270036,   0.560,9999.000,9999.000,9999.000,9999.000,9999.000,9999.000,9999.000,9999.000
202603270042,   0.538,9999.000,9999.000,9999.000,9999.000,9999.000,9999.000,9999.000,9999.000
202603270048,   0.517,9999.000,9999.000,9999.000,9999.000,9999.000,9999.000,9999.000,9999.000
202603270054,   0.496,9999.000,9999.000,9999.000,9999.000,9999.000,9999.000,9999.000,9999.000
202603270100,   0.476,9999.000,   0.000,   0.067,   0.543,  -0.100,   0.443,   0.100,   0.643
202603270106,   0.457,9999.000,9999.000,9999.000,9999.000,9999.000,9999.000,9999.000,9999.000
202603270112,   0.438,9999.000,9999.000,9999.000,9999.000,9999.000,9999.000,9999.000,9999.000
202603270118,   0.421,9999.000,9999.000,9999.000,9999.000,9999.000,9999.000,9999.000,9999.000
202603270124,   0.404,9999.000,9999.000,9999.000,9999.000,9999.000,9999.000,9999.000,9999.000
202603270130,   0.389,9999.000,9999.000,9999.000,9999.000,9999.000,9999.000,9999.000,9999.000
202603270136,   0.374,9999.000,9999.000,9999.000,9999.000,9999.000,9999.000,9999.000,9999.000
202603270142,   0.361,9999.000,9999.000,9999.000,9999.000,9999.000,9999.000,9999.000,9999.000
202603270148,   0.350,9999.000,9999.000,9999.000,9999.000,9999.000,9999.000,9999.000,9999.000
202603270154,   0.340,9999.000,9999.000,9999.000,9999.000,9999.000,9999.000,9999.000,9999.000
202603270200,   0.332,9999.000,   0.000,   0.067,   0.399,  -0.100,   0.299,   0.100,   0.499
202603270206,   0.325,9999.000,9999.000,9999.000,9999.000,9999.000,9999.000,9999.000,9999.000
202603270212,   0.320,9999.000,9999.000,9999.000,9999.000,9999.000,9999.000,9999.000,9999.000
202603270218,   0.317,9999.000,9999.000,9999.000,9999.000,9999.000,9999.000,9999.000,9999.000
202603270224,   0.317,9999.000,9999.000,9999.000,9999.000,9999.000,9999.000,9999.000,9999.000
202603270230,   0.318,9999.000,9999.000,9999.000,9999.000,9999.000,9999.000,9999.000,9999.000
202603270236,   0.322,9999.000,9999.000,9999.000,9999.000,9999.000,9999.000,9999.000,9999.000
202603270242,   0.327,9999.000,9999.000,9999.000,9999.000,9999.000,9999.000,9999.000,9999.000
202603270248,   0.335,9999.000,9999.000,9999.000,9999.000,9999.000,9999.000,9999.000,9999.000
202603270254,   0.346,9999.000,9999.000,9999.000,9999.000,9999.000,9999.000,9999.000,9999.000
202603270300,   0.358,9999.000,   0.000,   0.067,   0.425,  -0.100,   0.325,   0.100,   0.525
202603270306,   0.373,9999.000,9999.000,9999.000,9999.000,9999.000,9999.000,9999.000,9999.000
202603270312,   0.390,9999.000,9999.000,9999.000,9999.000,9999.000,9999.000,9999.000,9999.000
202603270318,   0.410,9999.000,9999.000,9999.000,9999.000,9999.000,9999.000,9999.000,9999.000
202603270324,   0.431,9999.000,9999.000,9999.000,9999.000,9999.000,9999.000,9999.000,9999.000
202603270330,   0.455,9999.000,9999.000,9999.000,9999.000,9999.000,9999.000,9999.000,9999.000
202603270336,   0.481,9999.000,9999.000,9999.000,9999.000,9999.000,9999.000,9999.000,9999.000
202603270342,   0.509,9999.000,9999.000,9999.000,9999.000,9999.000,9999.000,9999.000,9999.000
202603270348,   0.538,9999.000,9999.000,9999.000,9999.000,9999.000,9999.000,9999.000,9999.000
202603270354,   0.570,9999.000,9999.000,9999.000,9999.000,9999.000,9999.000,9999.000,9999.000
202603270400,   0.603,9999.000,   0.000,   0.067,   0.670,  -0.200,   0.470,   0.000,   0.670
202603270406,   0.637,9999.000,9999.000,9999.000,9999.000,9999.000,9999.000,9999.000,9999.000
202603270412,   0.673,9999.000,9999.000,9999.000,9999.000,9999.000,9999.000,9999.000,9999.000
202603270418,   0.710,9999.000,9999.000,9999.000,9999.000,9999.000,9999.000,9999.000,9999.000
202603270424,   0.748,9999.000,9999.000,9999.000,9999.000,9999.000,9999.000,9999.000,9999.000
202603270430,   0.788,9999.000,9999.000,9999.000,9999.000,9999.000,9999.000,9999.000,9999.000
202603270436,   0.827,9999.000,9999.000,9999.000,9999.000,9999.000,9999.000,9999.000,9999.000
202603270442,   0.868,9999.000,9999.000,9999.000,9999.000,9999.000,9999.000,9999.000,9999.000
202603270448,   0.909,9999.000,9999.000,9999.000,9999.000,9999.000,9999.000,9999.000,9999.000
202603270454,   0.951,9999.000,9999.000,9999.000,9999.000,9999.000,9999.000,9999.000,9999.000
202603270500,   0.993,9999.000,  -0.100,   0.067,   0.960,  -0.200,   0.860,   0.000,   1.060
202603270506,   1.035,9999.000,9999.000,9999.000,9999.000,9999.000,9999.000,9999.000,9999.000
202603270512,   1.077,9999.000,9999.000,9999.000,9999.000,9999.000,9999.000,9999.000,9999.000
202603270518,   1.120,9999.000,9999.000,9999.000,9999.000,9999.000,9999.000,9999.000,9999.000
202603270524,   1.162,9999.000,9999.000,9999.000,9999.000,9999.000,9999.000,9999.000,9999.000
202603270530,   1.204,9999.000,9999.000,9999.000,9999.000,9999.000,9999.000,9999.000,9999.000
202603270536,   1.247,9999.000,9999.000,9999.000,9999.000,9999.000,9999.000,9999.000,9999.000
202603270542,   1.289,9999.000,9999.000,9999.000,9999.000,9999.000,9999.000,9999.000,9999.000
202603270548,   1.331,9999.000,9999.000,9999.000,9999.000,9999.000,9999.000,9999.000,9999.000
202603270554,   1.373,9999.000,9999.000,9999.000,9999.000,9999.000,9999.000,9999.000,9999.000
202603270600,   1.414,9999.000,  -0.200,   0.067,   1.281,  -0.400,   1.081,   0.000,   1.481
202603270606,   1.455,9999.000,9999.000,9999.000,9999.000,9999.000,9999.000,9999.000,9999.000
202603270612,   1.496,9999.000,9999.000,9999.000,9999.000,9999.000,9999.000,9999.000,9999.000
202603270618,   1.536,9999.000,9999.000,9999.000,9999.000,9999.000,9999.000,9999.000,9999.000
202603270624,   1.576,9999.000,9999.000,9999.000,9999.000,9999.000,9999.000,9999.000,9999.000
202603270630,   1.616,9999.000,9999.000,9999.000,9999.000,9999.000,9999.000,9999.000,9999.000
202603270636,   1.655,9999.000,9999.000,9999.000,9999.000,9999.000,9999.000,9999.000,9999.000
202603270642,   1.693,9999.000,9999.000,9999.000,9999.000,9999.000,9999.000,9999.000,9999.000
202603270648,   1.730,9999.000,9999.000,9999.000,9999.000,9999.000,9999.000,9999.000,9999.000
202603270654,   1.767,9999.000,9999.000,9999.000,9999.000,9999.000,9999.000,9999.000,9999.000
202603270700,   1.802,9999.000,  -0.200,   0.067,   1.669,  -0.500,   1.369,   0.000,   1.869
202603270706,   1.837,9999.000,9999.000,9999.000,9999.000,9999.000,9999.000,9999.000,9999.000
202603270712,   1.870,9999.000,9999.000,9999.000,9999.000,9999.000,9999.000,9999.000,9999.000
202603270718,   1.902,9999.000,9999.000,9999.000,9999.000,9999.000,9999.000,9999.000,9999.000
202603270724,   1.932,9999.000,9999.000,9999.000,9999.000,9999.000,9999.000,9999.000,9999.000
202603270730,   1.961,9999.000,9999.000,9999.000,9999.000,9999.000,9999.000,9999.000,9999.000
202603270736,   1.988,9999.000,9999.000,9999.000,9999.000,9999.000,9999.000,9999.000,9999.000
202603270742,   2.013,9999.000,9999.000,9999.000,9999.000,9999.000,9999.000,9999.000,9999.000
202603270748,   2.035,9999.000,9999.000,9999.000,9999.000,9999.000,9999.000,9999.000,9999.000
202603270754,   2.056,9999.000,9999.000,9999.000,9999.000,9999.000,9999.000,9999.000,9999.000
202603270800,   2.075,9999.000,  -0.300,   0.067,   1.842,  -0.600,   1.542,  -0.100,   2.042
202603270806,   2.091,9999.000,9999.000,9999.000,9999.000,9999.000,9999.000,9999.000,9999.000
202603270812,   2.104,9999.000,9999.000,9999.000,9999.000,9999.000,9999.000,9999.000,9999.000
202603270818,   2.115,9999.000,9999.000,9999.000,9999.000,9999.000,9999.000,9999.000,9999.000
202603270824,   2.123,9999.000,9999.000,9999.000,9999.000,9999.000,9999.000,9999.000,9999.000
202603270830,   2.129,9999.000,9999.000,9999.000,9999.000,9999.000,9999.000,9999.000,9999.000
202603270836,   2.132,9999.000,9999.000,9999.000,9999.000,9999.000,9999.000,9999.000,9999.000
202603270842,   2.133,9999.000,9999.000,9999.000,9999.000,9999.000,9999.000,9999.000,9999.000
202603270848,   2.130,9999.000,9999.000,9999.000,9999.000,9999.000,9999.000,9999.000,9999.000
202603270854,   2.126,9999.000,9999.000,9999.000,9999.000,9999.000,9999.000,9999.000,9999.000
202603270900,   2.118,9999.000,  -0.400,   0.067,   1.785,  -0.600,   1.585,  -0.200,   1.985
202603270906,   2.109,9999.000,9999.000,9999.000,9999.000,9999.000,9999.000,9999.000,9999.000
202603270912,   2.097,9999.000,9999.000,9999.000,9999.000,9999.000,9999.000,9999.000,9999.000
202603270918,   2.083,9999.000,9999.000,9999.000,9999.000,9999.000,9999.000,9999.000,9999.000
202603270924,   2.067,9999.000,9999.000,9999.000,9999.000,9999.000,9999.000,9999.000,9999.000
202603270930,   2.049,9999.000,9999.000,9999.000,9999.000,9999.000,9999.000,9999.000,9999.000
202603270936,   2.029,9999.000,9999.000,9999.000,9999.000,9999.000,9999.000,9999.000,9999.000
202603270942,   2.007,9999.000,9999.000,9999.000,9999.000,9999.000,9999.000,9999.000,9999.000
202603270948,   1.984,9999.000,9999.000,9999.000,9999.000,9999.000,9999.000,9999.000,9999.000
202603270954,   1.960,9999.000,9999.000,9999.000,9999.000,9999.000,9999.000,9999.000,9999.000
202603271000,   1.935,9999.000,  -0.400,   0.067,   1.602,  -0.700,   1.302,  -0.200,   1.802
202603271006,   1.908,9999.000,9999.000,9999.000,9999.000,9999.000,9999.000,9999.000,9999.000
202603271012,   1.881,9999.000,9999.000,9999.000,9999.000,9999.000,9999.000,9999.000,9999.000
202603271018,   1.853,9999.000,9999.000,9999.000,9999.000,9999.000,9999.000,9999.000,9999.000
202603271024,   1.824,9999.000,9999.000,9999.000,9999.000,9999.000,9999.000,9999.000,9999.000
202603271030,   1.794,9999.000,9999.000,9999.000,9999.000,9999.000,9999.000,9999.000,9999.000
202603271036,   1.764,9999.000,9999.000,9999.000,9999.000,9999.000,9999.000,9999.000,9999.000
202603271042,   1.734,9999.000,9999.000,9999.000,9999.000,9999.000,9999.000,9999.000,9999.000
202603271048,   1.703,9999.000,9999.000,9999.000,9999.000,9999.000,9999.000,9999.000,9999.000
202603271054,   1.672,9999.000,9999.000,9999.000,9999.000,9999.000,9999.000,9999.000,9999.000
202603271100,   1.641,9999.000,  -0.500,   0.067,   1.208,  -0.700,   1.008,  -0.200,   1.508
202603271106,   1.609,9999.000,9999.000,9999.000,9999.000,9999.000,9999.000,9999.000,9999.000
202603271112,   1.578,9999.000,9999.000,9999.000,9999.000,9999.000,9999.000,9999.000,9999.000
202603271118,   1.546,9999.000,9999.000,9999.000,9999.000,9999.000,9999.000,9999.000,9999.000
202603271124,   1.514,9999.000,9999.000,9999.000,9999.000,9999.000,9999.000,9999.000,9999.000
202603271130,   1.482,9999.000,9999.000,9999.000,9999.000,9999.000,9999.000,9999.000,9999.000
202603271136,   1.449,9999.000,9999.000,9999.000,9999.000,9999.000,9999.000,9999.000,9999.000
202603271142,   1.417,9999.000,9999.000,9999.000,9999.000,9999.000,9999.000,9999.000,9999.000
202603271148,   1.384,9999.000,9999.000,9999.000,9999.000,9999.000,9999.000,9999.000,9999.000
202603271154,   1.351,9999.000,9999.000,9999.000,9999.000,9999.000,9999.000,9999.000,9999.000
202603271200,   1.318,9999.000,  -0.500,   0.067,   0.885,  -0.700,   0.685,  -0.200,   1.185
202603271206,   1.284,9999.000,9999.000,9999.000,9999.000,9999.000,9999.000,9999.000,9999.000
202603271212,   1.251,9999.000,9999.000,9999.000,9999.000,9999.000,9999.000,9999.000,9999.000
202603271218,   1.217,9999.000,9999.000,9999.000,9999.000,9999.000,9999.000,9999.000,9999.000
202603271224,   1.183,9999.000,9999.000,9999.000,9999.000,9999.000,9999.000,9999.000,9999.000
202603271230,   1.149,9999.000,9999.000,9999.000,9999.000,9999.000,9999.000,9999.000,9999.000
202603271236,   1.115,9999.000,9999.000,9999.000,9999.000,9999.000,9999.000,9999.000,9999.000
202603271242,   1.081,9999.000,9999.000,9999.000,9999.000,9999.000,9999.000,9999.000,9999.000
202603271248,   1.046,9999.000,9999.000,9999.000,9999.000,9999.000,9999.000,9999.000,9999.000
202603271254,   1.012,9999.000,9999.000,9999.000,9999.000,9999.000,9999.000,9999.000,9999.000
202603271300,   0.978,9999.000,  -0.500,   0.067,   0.545,  -0.700,   0.345,  -0.300,   0.745
202603271306,   0.944,9999.000,9999.000,9999.000,9999.000,9999.000,9999.000,9999.000,9999.000
202603271312,   0.910,9999.000,9999.000,9999.000,9999.000,9999.000,9999.000,9999.000,9999.000
202603271318,   0.876,9999.000,9999.000,9999.000,9999.000,9999.000,9999.000,9999.000,9999.000
202603271324,   0.843,9999.000,9999.000,9999.000,9999.000,9999.000,9999.000,9999.000,9999.000
202603271330,   0.810,9999.000,9999.000,9999.000,9999.000,9999.000,9999.000,9999.000,9999.000
202603271336,   0.778,9999.000,9999.000,9999.000,9999.000,9999.000,9999.000,9999.000,9999.000
202603271342,   0.746,9999.000,9999.000,9999.000,9999.000,9999.000,9999.000,9999.000,9999.000
202603271348,   0.716,9999.000,9999.000,9999.000,9999.000,9999.000,9999.000,9999.000,9999.000
202603271354,   0.686,9999.000,9999.000,9999.000,9999.000,9999.000,9999.000,9999.000,9999.000
202603271400,   0.657,9999.000,  -0.600,   0.067,   0.124,  -0.800,  -0.076,  -0.300,   0.424
202603271406,   0.630,9999.000,9999.000,9999.000,9999.000,9999.000,9999.000,9999.000,9999.000
202603271412,   0.604,9999.000,9999.000,9999.000,9999.000,9999.000,9999.000,9999.000,9999.000
202603271418,   0.579,9999.000,9999.000,9999.000,9999.000,9999.000,9999.000,9999.000,9999.000
202603271424,   0.555,9999.000,9999.000,9999.000,9999.000,9999.000,9999.000,9999.000,9999.000
202603271430,   0.534,9999.000,9999.000,9999.000,9999.000,9999.000,9999.000,9999.000,9999.000
202603271436,   0.514,9999.000,9999.000,9999.000,9999.000,9999.000,9999.000,9999.000,9999.000
202603271442,   0.496,9999.000,9999.000,9999.000,9999.000,9999.000,9999.000,9999.000,9999.000
202603271448,   0.480,9999.000,9999.000,9999.000,9999.000,9999.000,9999.000,9999.000,9999.000
202603271454,   0.465,9999.000,9999.000,9999.000,9999.000,9999.000,9999.000,9999.000,9999.000
202603271500,   0.453,9999.000,  -0.600,   0.067,  -0.080,  -0.800,  -0.280,  -0.300,   0.220
202603271506,   0.443,9999.000,9999.000,9999.000,9999.000,9999.000,9999.000,9999.000,9999.000
202603271512,   0.436,9999.000,9999.000,9999.000,9999.000,9999.000,9999.000,9999.000,9999.000
202603271518,   0.430,9999.000,9999.000,9999.000,9999.000,9999.000,9999.000,9999.000,9999.000
202603271524,   0.427,9999.000,9999.000,9999.000,9999.000,9999.000,9999.000,9999.000,9999.000
202603271530,   0.426,9999.000,9999.000,9999.000,9999.000,9999.000,9999.000,9999.000,9999.000
202603271536,   0.428,9999.000,9999.000,9999.000,9999.000,9999.000,9999.000,9999.000,9999.000
202603271542,   0.431,9999.000,9999.000,9999.000,9999.000,9999.000,9999.000,9999.000,9999.000
202603271548,   0.437,9999.000,9999.000,9999.000,9999.000,9999.000,9999.000,9999.000,9999.000
202603271554,   0.445,9999.000,9999.000,9999.000,9999.000,9999.000,9999.000,9999.000,9999.000
202603271600,   0.455,9999.000,  -0.600,   0.067,  -0.078,  -0.800,  -0.278,  -0.300,   0.222
202603271606,   0.467,9999.000,9999.000,9999.000,9999.000,9999.000,9999.000,9999.000,9999.000
202603271612,   0.481,9999.000,9999.000,9999.000,9999.000,9999.000,9999.000,9999.000,9999.000
202603271618,   0.497,9999.000,9999.000,9999.000,9999.000,9999.000,9999.000,9999.000,9999.000
202603271624,   0.515,9999.000,9999.000,9999.000,9999.000,9999.000,9999.000,9999.000,9999.000
202603271630,   0.534,9999.000,9999.000,9999.000,9999.000,9999.000,9999.000,9999.000,9999.000
202603271636,   0.555,9999.000,9999.000,9999.000,9999.000,9999.000,9999.000,9999.000,9999.000
202603271642,   0.577,9999.000,9999.000,9999.000,9999.000,9999.000,9999.000,9999.000,9999.000
202603271648,   0.600,9999.000,9999.000,9999.000,9999.000,9999.000,9999.000,9999.000,9999.000
202603271654,   0.625,9999.000,9999.000,9999.000,9999.000,9999.000,9999.000,9999.000,9999.000
202603271700,   0.650,9999.000,  -0.500,   0.067,   0.217,  -0.700,   0.017,  -0.300,   0.417
202603271706,   0.676,9999.000,9999.000,9999.000,9999.000,9999.000,9999.000,9999.000,9999.000
202603271712,   0.704,9999.000,9999.000,9999.000,9999.000,9999.000,9999.000,9999.000,9999.000
202603271718,   0.731,9999.000,9999.000,9999.000,9999.000,9999.000,9999.000,9999.000,9999.000
202603271724,   0.760,9999.000,9999.000,9999.000,9999.000,9999.000,9999.000,9999.000,9999.000
202603271730,   0.789,9999.000,9999.000,9999.000,9999.000,9999.000,9999.000,9999.000,9999.000
202603271736,   0.818,9999.000,9999.000,9999.000,9999.000,9999.000,9999.000,9999.000,9999.000
202603271742,   0.848,9999.000,9999.000,9999.000,9999.000,9999.000,9999.000,9999.000,9999.000
202603271748,   0.879,9999.000,9999.000,9999.000,9999.000,9999.000,9999.000,9999.000,9999.000
202603271754,   0.909,9999.000,9999.000,9999.000,9999.000,9999.000,9999.000,9999.000,9999.000
202603271800,   0.940,9999.000,  -0.400,   0.067,   0.607,  -0.700,   0.307,  -0.200,   0.807
202603271806,   0.971,9999.000,9999.000,9999.000,9999.000,9999.000,9999.000,9999.000,9999.000
202603271812,   1.002,9999.000,9999.000,9999.000,9999.000,9999.000,9999.000,9999.000,9999.000
202603271818,   1.034,9999.000,9999.000,9999.000,9999.000,9999.000,9999.000,9999.000,9999.000
202603271824,   1.065,9999.000,9999.000,9999.000,9999.000,9999.000,9999.000,9999.000,9999.000
202603271830,   1.097,9999.000,9999.000,9999.000,9999.000,9999.000,9999.000,9999.000,9999.000
202603271836,   1.129,9999.000,9999.000,9999.000,9999.000,9999.000,9999.000,9999.000,9999.000
202603271842,   1.160,9999.000,9999.000,9999.000,9999.000,9999.000,9999.000,9999.000,9999.000
202603271848,   1.192,9999.000,9999.000,9999.000,9999.000,9999.000,9999.000,9999.000,9999.000
202603271854,   1.223,9999.000,9999.000,9999.000,9999.000,9999.000,9999.000,9999.000,9999.000
202603271900,   1.255,9999.000,  -0.300,   0.067,   1.022,  -0.500,   0.822,  -0.100,   1.222
202603271906,   1.286,9999.000,9999.000,9999.000,9999.000,9999.000,9999.000,9999.000,9999.000
202603271912,   1.316,9999.000,9999.000,9999.000,9999.000,9999.000,9999.000,9999.000,9999.000
202603271918,   1.346,9999.000,9999.000,9999.000,9999.000,9999.000,9999.000,9999.000,9999.000
202603271924,   1.376,9999.000,9999.000,9999.000,9999.000,9999.000,9999.000,9999.000,9999.000
202603271930,   1.405,9999.000,9999.000,9999.000,9999.000,9999.000,9999.000,9999.000,9999.000
202603271936,   1.433,9999.000,9999.000,9999.000,9999.000,9999.000,9999.000,9999.000,9999.000
202603271942,   1.460,9999.000,9999.000,9999.000,9999.000,9999.000,9999.000,9999.000,9999.000
202603271948,   1.485,9999.000,9999.000,9999.000,9999.000,9999.000,9999.000,9999.000,9999.000
202603271954,   1.510,9999.000,9999.000,9999.000,9999.000,9999.000,9999.000,9999.000,9999.000
202603272000,   1.533,9999.000,  -0.200,   0.067,   1.400,  -0.400,   1.200,   0.000,   1.600
202603272006,   1.555,9999.000,9999.000,9999.000,9999.000,9999.000,9999.000,9999.000,9999.000
202603272012,   1.574,9999.000,9999.000,9999.000,9999.000,9999.000,9999.000,9999.000,9999.000
202603272018,   1.592,9999.000,9999.000,9999.000,9999.000,9999.000,9999.000,9999.000,9999.000
202603272024,   1.609,9999.000,9999.000,9999.000,9999.000,9999.000,9999.000,9999.000,9999.000
202603272030,   1.623,9999.000,9999.000,9999.000,9999.000,9999.000,9999.000,9999.000,9999.000
202603272036,   1.634,9999.000,9999.000,9999.000,9999.000,9999.000,9999.000,9999.000,9999.000
202603272042,   1.644,9999.000,9999.000,9999.000,9999.000,9999.000,9999.000,9999.000,9999.000
202603272048,   1.652,9999.000,9999.000,9999.000,9999.000,9999.000,9999.000,9999.000,9999.000
202603272054,   1.657,9999.000,9999.000,9999.000,9999.000,9999.000,9999.000,9999.000,9999.000
202603272100,   1.659,9999.000,  -0.100,   0.067,   1.626,  -0.300,   1.426,   0.000,   1.726
202603272106,   1.660,9999.000,9999.000,9999.000,9999.000,9999.000,9999.000,9999.000,9999.000
202603272112,   1.658,9999.000,9999.000,9999.000,9999.000,9999.000,9999.000,9999.000,9999.000
202603272118,   1.654,9999.000,9999.000,9999.000,9999.000,9999.000,9999.000,9999.000,9999.000
202603272124,   1.648,9999.000,9999.000,9999.000,9999.000,9999.000,9999.000,9999.000,9999.000
202603272130,   1.639,9999.000,9999.000,9999.000,9999.000,9999.000,9999.000,9999.000,9999.000
202603272136,   1.629,9999.000,9999.000,9999.000,9999.000,9999.000,9999.000,9999.000,9999.000
202603272142,   1.617,9999.000,9999.000,9999.000,9999.000,9999.000,9999.000,9999.000,9999.000
202603272148,   1.603,9999.000,9999.000,9999.000,9999.000,9999.000,9999.000,9999.000,9999.000
202603272154,   1.587,9999.000,9999.000,9999.000,9999.000,9999.000,9999.000,9999.000,9999.000
202603272200,   1.570,9999.000,  -0.100,   0.067,   1.537,  -0.200,   1.437,   0.100,   1.737
202603272206,   1.551,9999.000,9999.000,9999.000,9999.000,9999.000,9999.000,9999.000,9999.000
202603272212,   1.531,9999.000,9999.000,9999.000,9999.000,9999.000,9999.000,9999.000,9999.000
202603272218,   1.510,9999.000,9999.000,9999.000,9999.000,9999.000,9999.000,9999.000,9999.000
202603272224,   1.488,9999.000,9999.000,9999.000,9999.000,9999.000,9999.000,9999.000,9999.000
202603272230,   1.466,9999.000,9999.000,9999.000,9999.000,9999.000,9999.000,9999.000,9999.000
202603272236,   1.442,9999.000,9999.000,9999.000,9999.000,9999.000,9999.000,9999.000,9999.000
202603272242,   1.418,9999.000,9999.000,9999.000,9999.000,9999.000,9999.000,9999.000,9999.000
202603272248,   1.393,9999.000,9999.000,9999.000,9999.000,9999.000,9999.000,9999.000,9999.000
202603272254,   1.368,9999.000,9999.000,9999.000,9999.000,9999.000,9999.000,9999.000,9999.000
202603272300,   1.342,9999.000,   0.000,   0.067,   1.409,  -0.100,   1.309,   0.200,   1.609
202603272306,   1.317,9999.000,9999.000,9999.000,9999.000,9999.000,9999.000,9999.000,9999.000
202603272312,   1.291,9999.000,9999.000,9999.000,9999.000,9999.000,9999.000,9999.000,9999.000
202603272318,   1.264,9999.000,9999.000,9999.000,9999.000,9999.000,9999.000,9999.000,9999.000
202603272324,   1.238,9999.000,9999.000,9999.000,9999.000,9999.000,9999.000,9999.000,9999.000
202603272330,   1.211,9999.000,9999.000,9999.000,9999.000,9999.000,9999.000,9999.000,9999.000
202603272336,   1.185,9999.000,9999.000,9999.000,9999.000,9999.000,9999.000,9999.000,9999.000
202603272342,   1.158,9999.000,9999.000,9999.000,9999.000,9999.000,9999.000,9999.000,9999.000
202603272348,   1.131,9999.000,9999.000,9999.000,9999.000,9999.000,9999.000,9999.000,9999.000
202603272354,   1.104,9999.000,9999.000,9999.000,9999.000,9999.000,9999.000,9999.000,9999.000
202603280000,   1.077,9999.000,   0.100,   0.067,   1.244,   0.000,   1.144,   0.300,   1.444
202603280006,   1.050,9999.000,9999.000,9999.000,9999.000,9999.000,9999.000,9999.000,9999.000
202603280012,   1.022,9999.000,9999.000,9999.000,9999.000,9999.000,9999.000,9999.000,9999.000
202603280018,   0.995,9999.000,9999.000,9999.000,9999.000,9999.000,9999.000,9999.000,9999.000
202603280024,   0.967,9999.000,9999.000,9999.000,9999.000,9999.000,9999.000,9999.000,9999.000
202603280030,   0.940,9999.000,9999.000,9999.000,9999.000,9999.000,9999.000,9999.000,9999.000
202603280036,   0.912,9999.000,9999.000,9999.000,9999.000,9999.000,9999.000,9999.000,9999.000
202603280042,   0.884,9999.000,9999.000,9999.000,9999.000,9999.000,9999.000,9999.000,9999.000
202603280048,   0.856,9999.000,9999.000,9999.000,9999.000,9999.000,9999.000,9999.000,9999.000
202603280054,   0.828,9999.000,9999.000,9999.000,9999.000,9999.000,9999.000,9999.000,9999.000
202603280100,   0.800,9999.000,   0.200,   0.067,   1.067,   0.000,   0.867,   0.300,   1.167
202603280106,   0.772,9999.000,9999.000,9999.000,9999.000,9999.000,9999.000,9999.000,9999.000
202603280112,   0.744,9999.000,9999.000,9999.000,9999.000,9999.000,9999.000,9999.000,9999.000
202603280118,   0.716,9999.000,9999.000,9999.000,9999.000,9999.000,9999.000,9999.000,9999.000
202603280124,   0.688,9999.000,9999.000,9999.000,9999.000,9999.000,9999.000,9999.000,9999.000
202603280130,   0.661,9999.000,9999.000,9999.000,9999.000,9999.000,9999.000,9999.000,9999.000
202603280136,   0.634,9999.000,9999.000,9999.000,9999.000,9999.000,9999.000,9999.000,9999.000
202603280142,   0.607,9999.000,9999.000,9999.000,9999.000,9999.000,9999.000,9999.000,9999.000
202603280148,   0.581,9999.000,9999.000,9999.000,9999.000,9999.000,9999.000,9999.000,9999.000
202603280154,   0.556,9999.000,9999.000,9999.000,9999.000,9999.000,9999.000,9999.000,9999.000
202603280200,   0.531,9999.000,   0.200,   0.067,   0.798,   0.000,   0.598,   0.500,   1.098
202603280206,   0.507,9999.000,9999.000,9999.000,9999.000,9999.000,9999.000,9999.000,9999.000
202603280212,   0.484,9999.000,9999.000,9999.000,9999.000,9999.000,9999.000,9999.000,9999.000
202603280218,   0.463,9999.000,9999.000,9999.000,9999.000,9999.000,9999.000,9999.000,9999.000
202603280224,   0.442,9999.000,9999.000,9999.000,9999.000,9999.000,9999.000,9999.000,9999.000
202603280230,   0.422,9999.000,9999.000,9999.000,9999.000,9999.000,9999.000,9999.000,9999.000
202603280236,   0.404,9999.000,9999.000,9999.000,9999.000,9999.000,9999.000,9999.000,9999.000
202603280242,   0.388,9999.000,9999.000,9999.000,9999.000,9999.000,9999.000,9999.000,9999.000
202603280248,   0.373,9999.000,9999.000,9999.000,9999.000,9999.000,9999.000,9999.000,9999.000
202603280254,   0.360,9999.000,9999.000,9999.000,9999.000,9999.000,9999.000,9999.000,9999.000
202603280300,   0.349,9999.000,   0.300,   0.067,   0.716,   0.100,   0.516,   0.500,   0.916
202603280306,   0.339,9999.000,9999.000,9999.000,9999.000,9999.000,9999.000,9999.000,9999.000
202603280312,   0.332,9999.000,9999.000,9999.000,9999.000,9999.000,9999.000,9999.000,9999.000
202603280318,   0.327,9999.000,9999.000,9999.000,9999.000,9999.000,9999.000,9999.000,9999.000
202603280324,   0.324,9999.000,9999.000,9999.000,9999.000,9999.000,9999.000,9999.000,9999.000
202603280330,   0.323,9999.000,9999.000,9999.000,9999.000,9999.000,9999.000,9999.000,9999.000
202603280336,   0.324,9999.000,9999.000,9999.000,9999.000,9999.000,9999.000,9999.000,9999.000
202603280342,   0.327,9999.000,9999.000,9999.000,9999.000,9999.000,9999.000,9999.000,9999.000
202603280348,   0.333,9999.000,9999.000,9999.000,9999.000,9999.000,9999.000,9999.000,9999.000
202603280354,   0.341,9999.000,9999.000,9999.000,9999.000,9999.000,9999.000,9999.000,9999.000
202603280400,   0.352,9999.000,   0.300,   0.067,   0.719,   0.100,   0.519,   0.600,   1.019
202603280406,   0.365,9999.000,9999.000,9999.000,9999.000,9999.000,9999.000,9999.000,9999.000
202603280412,   0.380,9999.000,9999.000,9999.000,9999.000,9999.000,9999.000,9999.000,9999.000
202603280418,   0.397,9999.000,9999.000,9999.000,9999.000,9999.000,9999.000,9999.000,9999.000
202603280424,   0.416,9999.000,9999.000,9999.000,9999.000,9999.000,9999.000,9999.000,9999.000
202603280430,   0.437,9999.000,9999.000,9999.000,9999.000,9999.000,9999.000,9999.000,9999.000
202603280436,   0.460,9999.000,9999.000,9999.000,9999.000,9999.000,9999.000,9999.000,9999.000
202603280442,   0.486,9999.000,9999.000,9999.000,9999.000,9999.000,9999.000,9999.000,9999.000
202603280448,   0.512,9999.000,9999.000,9999.000,9999.000,9999.000,9999.000,9999.000,9999.000
202603280454,   0.541,9999.000,9999.000,9999.000,9999.000,9999.000,9999.000,9999.000,9999.000
202603280500,   0.571,9999.000,   0.400,   0.067,   1.038,   0.200,   0.838,   0.600,   1.238
202603280506,   0.602,9999.000,9999.000,9999.000,9999.000,9999.000,9999.000,9999.000,9999.000
202603280512,   0.635,9999.000,9999.000,9999.000,9999.000,9999.000,9999.000,9999.000,9999.000
202603280518,   0.669,9999.000,9999.000,9999.000,9999.000,9999.000,9999.000,9999.000,9999.000
202603280524,   0.704,9999.000,9999.000,9999.000,9999.000,9999.000,9999.000,9999.000,9999.000
202603280530,   0.740,9999.000,9999.000,9999.000,9999.000,9999.000,9999.000,9999.000,9999.000
202603280536,   0.777,9999.000,9999.000,9999.000,9999.000,9999.000,9999.000,9999.000,9999.000
202603280542,   0.815,9999.000,9999.000,9999.000,9999.000,9999.000,9999.000,9999.000,9999.000
202603280548,   0.854,9999.000,9999.000,9999.000,9999.000,9999.000,9999.000,9999.000,9999.000
202603280554,   0.893,9999.000,9999.000,9999.000,9999.000,9999.000,9999.000,9999.000,9999.000
202603280600,   0.932,9999.000,   0.400,   0.067,   1.399,   0.200,   1.199,   0.700,   1.699
202603280606,   0.972,9999.000,9999.000,9999.000,9999.000,9999.000,9999.000,9999.000,9999.000
202603280612,   1.013,9999.000,9999.000,9999.000,9999.000,9999.000,9999.000,9999.000,9999.000
202603280618,   1.053,9999.000,9999.000,9999.000,9999.000,9999.000,9999.000,9999.000,9999.000
202603280624,   1.095,9999.000,9999.000,9999.000,9999.000,9999.000,9999.000,9999.000,9999.000
202603280630,   1.136,9999.000,9999.000,9999.000,9999.000,9999.000,9999.000,9999.000,9999.000
202603280636,   1.177,9999.000,9999.000,9999.000,9999.000,9999.000,9999.000,9999.000,9999.000
202603280642,   1.219,9999.000,9999.000,9999.000,9999.000,9999.000,9999.000,9999.000,9999.000
202603280648,   1.261,9999.000,9999.000,9999.000,9999.000,9999.000,9999.000,9999.000,9999.000
202603280654,   1.303,9999.000,9999.000,9999.000,9999.000,9999.000,9999.000,9999.000,9999.000
202603280700,   1.345,9999.000,   0.400,   0.067,   1.812,   0.200,   1.612,   0.700,   2.112
202603280706,   1.387,9999.000,9999.000,9999.000,9999.000,9999.000,9999.000,9999.000,9999.000
202603280712,   1.428,9999.000,9999.000,9999.000,9999.000,9999.000,9999.000,9999.000,9999.000
202603280718,   1.470,9999.000,9999.000,9999.000,9999.000,9999.000,9999.000,9999.000,9999.000
202603280724,   1.511,9999.000,9999.000,9999.000,9999.000,9999.000,9999.000,9999.000,9999.000
202603280730,   1.552,9999.000,9999.000,9999.000,9999.000,9999.000,9999.000,9999.000,9999.000
202603280736,   1.593,9999.000,9999.000,9999.000,9999.000,9999.000,9999.000,9999.000,9999.000
202603280742,   1.632,9999.000,9999.000,9999.000,9999.000,9999.000,9999.000,9999.000,9999.000
202603280748,   1.672,9999.000,9999.000,9999.000,9999.000,9999.000,9999.000,9999.000,9999.000
202603280754,   1.710,9999.000,9999.000,9999.000,9999.000,9999.000,9999.000,9999.000,9999.000
202603280800,   1.747,9999.000,   0.400,   0.067,   2.214,   0.300,   2.114,   0.600,   2.414
202603280806,   1.783,9999.000,9999.000,9999.000,9999.000,9999.000,9999.000,9999.000,9999.000
202603280812,   1.818,9999.000,9999.000,9999.000,9999.000,9999.000,9999.000,9999.000,9999.000
202603280818,   1.851,9999.000,9999.000,9999.000,9999.000,9999.000,9999.000,9999.000,9999.000
202603280824,   1.883,9999.000,9999.000,9999.000,9999.000,9999.000,9999.000,9999.000,9999.000
202603280830,   1.913,9999.000,9999.000,9999.000,9999.000,9999.000,9999.000,9999.000,9999.000
202603280836,   1.942,9999.000,9999.000,9999.000,9999.000,9999.000,9999.000,9999.000,9999.000
202603280842,   1.968,9999.000,9999.000,9999.000,9999.000,9999.000,9999.000,9999.000,9999.000
202603280848,   1.992,9999.000,9999.000,9999.000,9999.000,9999.000,9999.000,9999.000,9999.000
202603280854,   2.013,9999.000,9999.000,9999.000,9999.000,9999.000,9999.000,9999.000,9999.000
202603280900,   2.033,9999.000,   0.500,   0.067,   2.600,   0.300,   2.400,   0.600,   2.700
202603280906,   2.050,9999.000,9999.000,9999.000,9999.000,9999.000,9999.000,9999.000,9999.000
202603280912,   2.064,9999.000,9999.000,9999.000,9999.000,9999.000,9999.000,9999.000,9999.000
202603280918,   2.076,9999.000,9999.000,9999.000,9999.000,9999.000,9999.000,9999.000,9999.000
202603280924,   2.086,9999.000,9999.000,9999.000,9999.000,9999.000,9999.000,9999.000,9999.000
202603280930,   2.092,9999.000,9999.000,9999.000,9999.000,9999.000,9999.000,9999.000,9999.000
202603280936,   2.096,9999.000,9999.000,9999.000,9999.000,9999.000,9999.000,9999.000,9999.000
202603280942,   2.098,9999.000,9999.000,9999.000,9999.000,9999.000,9999.000,9999.000,9999.000
202603280948,   2.097,9999.000,9999.000,9999.000,9999.000,9999.000,9999.000,9999.000,9999.000
202603280954,   2.094,9999.000,9999.000,9999.000,9999.000,9999.000,9999.000,9999.000,9999.000
202603281000,   2.088,9999.000,   0.400,   0.067,   2.555,   0.300,   2.455,   0.600,   2.755
202603281006,   2.081,9999.000,9999.000,9999.000,9999.000,9999.000,9999.000,9999.000,9999.000
202603281012,   2.071,9999.000,9999.000,9999.000,9999.000,9999.000,9999.000,9999.000,9999.000
202603281018,   2.059,9999.000,9999.000,9999.000,9999.000,9999.000,9999.000,9999.000,9999.000
202603281024,   2.045,9999.000,9999.000,9999.000,9999.000,9999.000,9999.000,9999.000,9999.000
202603281030,   2.029,9999.000,9999.000,9999.000,9999.000,9999.000,9999.000,9999.000,9999.000
202603281036,   2.012,9999.000,9999.000,9999.000,9999.000,9999.000,9999.000,9999.000,9999.000
202603281042,   1.993,9999.000,9999.000,9999.000,9999.000,9999.000,9999.000,9999.000,9999.000
202603281048,   1.973,9999.000,9999.000,9999.000,9999.000,9999.000,9999.000,9999.000,9999.000
202603281054,   1.951,9999.000,9999.000,9999.000,9999.000,9999.000,9999.000,9999.000,9999.000
202603281100,   1.929,9999.000,   0.400,   0.067,   2.396,   0.200,   2.196,   0.600,   2.596
202603281106,   1.905,9999.000,9999.000,9999.000,9999.000,9999.000,9999.000,9999.000,9999.000
202603281112,   1.880,9999.000,9999.000,9999.000,9999.000,9999.000,9999.000,9999.000,9999.000
202603281118,   1.855,9999.000,9999.000,9999.000,9999.000,9999.000,9999.000,9999.000,9999.000
202603281124,   1.828,9999.000,9999.000,9999.000,9999.000,9999.000,9999.000,9999.000,9999.000
202603281130,   1.801,9999.000,9999.000,9999.000,9999.000,9999.000,9999.000,9999.000,9999.000
202603281136,   1.773,9999.000,9999.000,9999.000,9999.000,9999.000,9999.000,9999.000,9999.000
202603281142,   1.744,9999.000,9999.000,9999.000,9999.000,9999.000,9999.000,9999.000,9999.000
202603281148,   1.715,9999.000,9999.000,9999.000,9999.000,9999.000,9999.000,9999.000,9999.000
202603281154,   1.685,9999.000,9999.000,9999.000,9999.000,9999.000,9999.000,9999.000,9999.000
202603281200,   1.655,9999.000,   0.400,   0.067,   2.122,   0.300,   2.022,   0.600,   2.322
202603281206,   1.624,9999.000,9999.000,9999.000,9999.000,9999.000,9999.000,9999.000,9999.000
202603281212,   1.592,9999.000,9999.000,9999.000,9999.000,9999.000,9999.000,9999.000,9999.000
202603281218,   1.560,9999.000,9999.000,9999.000,9999.000,9999.000,9999.000,9999.000,9999.000
202603281224,   1.528,9999.000,9999.000,9999.000,9999.000,9999.000,9999.000,9999.000,9999.000
202603281230,   1.495,9999.000,9999.000,9999.000,9999.000,9999.000,9999.000,9999.000,9999.000
202603281236,   1.461,9999.000,9999.000,9999.000,9999.000,9999.000,9999.000,9999.000,9999.000
202603281242,   1.427,9999.000,9999.000,9999.000,9999.000,9999.000,9999.000,9999.000,9999.000
202603281248,   1.393,9999.000,9999.000,9999.000,9999.000,9999.000,9999.000,9999.000,9999.000
202603281254,   1.357,9999.000,9999.000,9999.000,9999.000,9999.000,9999.000,9999.000,9999.000
202603281300,   1.322,9999.000,   0.400,   0.067,   1.789,   0.200,   1.589,   0.500,   1.889
202603281306,   1.286,9999.000,9999.000,9999.000,9999.000,9999.000,9999.000,9999.000,9999.000
202603281312,   1.250,9999.000,9999.000,9999.000,9999.000,9999.000,9999.000,9999.000,9999.000
202603281318,   1.213,9999.000,9999.000,9999.000,9999.000,9999.000,9999.000,9999.000,9999.000
202603281324,   1.176,9999.000,9999.000,9999.000,9999.000,9999.000,9999.000,9999.000,9999.000
202603281330,   1.139,9999.000,9999.000,9999.000,9999.000,9999.000,9999.000,9999.000,9999.000
202603281336,   1.102,9999.000,9999.000,9999.000,9999.000,9999.000,9999.000,9999.000,9999.000
202603281342,   1.065,9999.000,9999.000,9999.000,9999.000,9999.000,9999.000,9999.000,9999.000
202603281348,   1.027,9999.000,9999.000,9999.000,9999.000,9999.000,9999.000,9999.000,9999.000
202603281354,   0.990,9999.000,9999.000,9999.000,9999.000,9999.000,9999.000,9999.000,9999.000
202603281400,   0.953,9999.000,   0.400,   0.067,   1.420,   0.200,   1.220,   0.500,   1.520
202603281406,   0.916,9999.000,9999.000,9999.000,9999.000,9999.000,9999.000,9999.000,9999.000
202603281412,   0.880,9999.000,9999.000,9999.000,9999.000,9999.000,9999.000,9999.000,9999.000
202603281418,   0.844,9999.000,9999.000,9999.000,9999.000,9999.000,9999.000,9999.000,9999.000
202603281424,   0.808,9999.000,9999.000,9999.000,9999.000,9999.000,9999.000,9999.000,9999.000
202603281430,   0.774,9999.000,9999.000,9999.000,9999.000,9999.000,9999.000,9999.000,9999.000
202603281436,   0.740,9999.000,9999.000,9999.000,9999.000,9999.000,9999.000,9999.000,9999.000
202603281442,   0.707,9999.000,9999.000,9999.000,9999.000,9999.000,9999.000,9999.000,9999.000
202603281448,   0.675,9999.000,9999.000,9999.000,9999.000,9999.000,9999.000,9999.000,9999.000
202603281454,   0.644,9999.000,9999.000,9999.000,9999.000,9999.000,9999.000,9999.000,9999.000
202603281500,   0.614,9999.000,   0.400,   0.067,   1.081,   0.200,   0.881,   0.500,   1.181
202603281506,   0.586,9999.000,9999.000,9999.000,9999.000,9999.000,9999.000,9999.000,9999.000
202603281512,   0.560,9999.000,9999.000,9999.000,9999.000,9999.000,9999.000,9999.000,9999.000
202603281518,   0.534,9999.000,9999.000,9999.000,9999.000,9999.000,9999.000,9999.000,9999.000
202603281524,   0.511,9999.000,9999.000,9999.000,9999.000,9999.000,9999.000,9999.000,9999.000
202603281530,   0.490,9999.000,9999.000,9999.000,9999.000,9999.000,9999.000,9999.000,9999.000
202603281536,   0.470,9999.000,9999.000,9999.000,9999.000,9999.000,9999.000,9999.000,9999.000
202603281542,   0.452,9999.000,9999.000,9999.000,9999.000,9999.000,9999.000,9999.000,9999.000
202603281548,   0.436,9999.000,9999.000,9999.000,9999.000,9999.000,9999.000,9999.000,9999.000
202603281554,   0.423,9999.000,9999.000,9999.000,9999.000,9999.000,9999.000,9999.000,9999.000
202603281600,   0.412,9999.000,   0.400,   0.067,   0.879,   0.200,   0.679,   0.500,   0.979
202603281606,   0.402,9999.000,9999.000,9999.000,9999.000,9999.000,9999.000,9999.000,9999.000
202603281612,   0.396,9999.000,9999.000,9999.000,9999.000,9999.000,9999.000,9999.000,9999.000
202603281618,   0.391,9999.000,9999.000,9999.000,9999.000,9999.000,9999.000,9999.000,9999.000
202603281624,   0.389,9999.000,9999.000,9999.000,9999.000,9999.000,9999.000,9999.000,9999.000
202603281630,   0.388,9999.000,9999.000,9999.000,9999.000,9999.000,9999.000,9999.000,9999.000
202603281636,   0.391,9999.000,9999.000,9999.000,9999.000,9999.000,9999.000,9999.000,9999.000
202603281642,   0.395,9999.000,9999.000,9999.000,9999.000,9999.000,9999.000,9999.000,9999.000
202603281648,   0.402,9999.000,9999.000,9999.000,9999.000,9999.000,9999.000,9999.000,9999.000
202603281654,   0.410,9999.000,9999.000,9999.000,9999.000,9999.000,9999.000,9999.000,9999.000
202603281700,   0.421,9999.000,   0.400,   0.067,   0.888,   0.300,   0.788,   0.500,   0.988
202603281706,   0.434,9999.000,9999.000,9999.000,9999.000,9999.000,9999.000,9999.000,9999.000
202603281712,   0.448,9999.000,9999.000,9999.000,9999.000,9999.000,9999.000,9999.000,9999.000
202603281718,   0.465,9999.000,9999.000,9999.000,9999.000,9999.000,9999.000,9999.000,9999.000
202603281724,   0.483,9999.000,9999.000,9999.000,9999.000,9999.000,9999.000,9999.000,9999.000
202603281730,   0.503,9999.000,9999.000,9999.000,9999.000,9999.000,9999.000,9999.000,9999.000
202603281736,   0.524,9999.000,9999.000,9999.000,9999.000,9999.000,9999.000,9999.000,9999.000
202603281742,   0.547,9999.000,9999.000,9999.000,9999.000,9999.000,9999.000,9999.000,9999.000
202603281748,   0.571,9999.000,9999.000,9999.000,9999.000,9999.000,9999.000,9999.000,9999.000
202603281754,   0.597,9999.000,9999.000,9999.000,9999.000,9999.000,9999.000,9999.000,9999.000
202603281800,   0.623,9999.000,   0.400,   0.067,   1.090,   0.300,   0.990,   0.600,   1.290
202603281806,   0.651,9999.000,9999.000,9999.000,9999.000,9999.000,9999.000,9999.000,9999.000
202603281812,   0.679,9999.000,9999.000,9999.000,9999.000,9999.000,9999.000,9999.000,9999.000
202603281818,   0.708,9999.000,9999.000,9999.000,9999.000,9999.000,9999.000,9999.000,9999.000
202603281824,   0.739,9999.000,9999.000,9999.000,9999.000,9999.000,9999.000,9999.000,9999.000
202603281830,   0.769,9999.000,9999.000,9999.000,9999.000,9999.000,9999.000,9999.000,9999.000
202603281836,   0.801,9999.000,9999.000,9999.000,9999.000,9999.000,9999.000,9999.000,9999.000
202603281842,   0.833,9999.000,9999.000,9999.000,9999.000,9999.000,9999.000,9999.000,9999.000
202603281848,   0.866,9999.000,9999.000,9999.000,9999.000,9999.000,9999.000,9999.000,9999.000
202603281854,   0.900,9999.000,9999.000,9999.000,9999.000,9999.000,9999.000,9999.000,9999.000
202603281900,   0.933,9999.000,   0.400,   0.067,   1.400,   0.300,   1.300,   0.600,   1.600
202603281906,   0.968,9999.000,9999.000,9999.000,9999.000,9999.000,9999.000,9999.000,9999.000
202603281912,   1.002,9999.000,9999.000,9999.000,9999.000,9999.000,9999.000,9999.000,9999.000
202603281918,   1.038,9999.000,9999.000,9999.000,9999.000,9999.000,9999.000,9999.000,9999.000
202603281924,   1.073,9999.000,9999.000,9999.000,9999.000,9999.000,9999.000,9999.000,9999.000
202603281930,   1.108,9999.000,9999.000,9999.000,9999.000,9999.000,9999.000,9999.000,9999.000
202603281936,   1.144,9999.000,9999.000,9999.000,9999.000,9999.000,9999.000,9999.000,9999.000
202603281942,   1.180,9999.000,9999.000,9999.000,9999.000,9999.000,9999.000,9999.000,9999.000
202603281948,   1.216,9999.000,9999.000,9999.000,9999.000,9999.000,9999.000,9999.000,9999.000
202603281954,   1.251,9999.000,9999.000,9999.000,9999.000,9999.000,9999.000,9999.000,9999.000
202603282000,   1.287,9999.000,   0.400,   0.067,   1.754,   0.300,   1.654,   0.600,   1.954
202603282006,   1.322,9999.000,9999.000,9999.000,9999.000,9999.000,9999.000,9999.000,9999.000
202603282012,   1.357,9999.000,9999.000,9999.000,9999.000,9999.000,9999.000,9999.000,9999.000
202603282018,   1.391,9999.000,9999.000,9999.000,9999.000,9999.000,9999.000,9999.000,9999.000
202603282024,   1.424,9999.000,9999.000,9999.000,9999.000,9999.000,9999.000,9999.000,9999.000
202603282030,   1.457,9999.000,9999.000,9999.000,9999.000,9999.000,9999.000,9999.000,9999.000
202603282036,   1.488,9999.000,9999.000,9999.000,9999.000,9999.000,9999.000,9999.000,9999.000
202603282042,   1.519,9999.000,9999.000,9999.000,9999.000,9999.000,9999.000,9999.000,9999.000
202603282048,   1.548,9999.000,9999.000,9999.000,9999.000,9999.000,9999.000,9999.000,9999.000
202603282054,   1.575,9999.000,9999.000,9999.000,9999.000,9999.000,9999.000,9999.000,9999.000
202603282100,   1.601,9999.000,   0.400,   0.067,   2.068,   0.300,   1.968,   0.600,   2.268
202603282106,   1.626,9999.000,9999.000,9999.000,9999.000,9999.000,9999.000,9999.000,9999.000
202603282112,   1.648,9999.000,9999.000,9999.000,9999.000,9999.000,9999.000,9999.000,9999.000
202603282118,   1.668,9999.000,9999.000,9999.000,9999.000,9999.000,9999.000,9999.000,9999.000
202603282124,   1.687,9999.000,9999.000,9999.000,9999.000,9999.000,9999.000,9999.000,9999.000
202603282130,   1.703,9999.000,9999.000,9999.000,9999.000,9999.000,9999.000,9999.000,9999.000
202603282136,   1.717,9999.000,9999.000,9999.000,9999.000,9999.000,9999.000,9999.000,9999.000
202603282142,   1.728,9999.000,9999.000,9999.000,9999.000,9999.000,9999.000,9999.000,9999.000
202603282148,   1.738,9999.000,9999.000,9999.000,9999.000,9999.000,9999.000,9999.000,9999.000
202603282154,   1.744,9999.000,9999.000,9999.000,9999.000,9999.000,9999.000,9999.000,9999.000
202603282200,   1.749,9999.000,   0.400,   0.067,   2.216,   0.300,   2.116,   0.500,   2.316
202603282206,   1.751,9999.000,9999.000,9999.000,9999.000,9999.000,9999.000,9999.000,9999.000
202603282212,   1.751,9999.000,9999.000,9999.000,9999.000,9999.000,9999.000,9999.000,9999.000
202603282218,   1.749,9999.000,9999.000,9999.000,9999.000,9999.000,9999.000,9999.000,9999.000
202603282224,   1.745,9999.000,9999.000,9999.000,9999.000,9999.000,9999.000,9999.000,9999.000
202603282230,   1.738,9999.000,9999.000,9999.000,9999.000,9999.000,9999.000,9999.000,9999.000
202603282236,   1.730,9999.000,9999.000,9999.000,9999.000,9999.000,9999.000,9999.000,9999.000
202603282242,   1.719,9999.000,9999.000,9999.000,9999.000,9999.000,9999.000,9999.000,9999.000
202603282248,   1.707,9999.000,9999.000,9999.000,9999.000,9999.000,9999.000,9999.000,9999.000
202603282254,   1.693,9999.000,9999.000,9999.000,9999.000,9999.000,9999.000,9999.000,9999.000
202603282300,   1.678,9999.000,   0.400,   0.067,   2.145,   0.300,   2.045,   0.500,   2.245
202603282306,   1.661,9999.000,9999.000,9999.000,9999.000,9999.000,9999.000,9999.000,9999.000
202603282312,   1.643,9999.000,9999.000,9999.000,9999.000,9999.000,9999.000,9999.000,9999.000
202603282318,   1.623,9999.000,9999.000,9999.000,9999.000,9999.000,9999.000,9999.000,9999.000
202603282324,   1.603,9999.000,9999.000,9999.000,9999.000,9999.000,9999.000,9999.000,9999.000
202603282330,   1.581,9999.000,9999.000,9999.000,9999.000,9999.000,9999.000,9999.000,9999.000
202603282336,   1.559,9999.000,9999.000,9999.000,9999.000,9999.000,9999.000,9999.000,9999.000
202603282342,   1.535,9999.000,9999.000,9999.000,9999.000,9999.000,9999.000,9999.000,9999.000
202603282348,   1.511,9999.000,9999.000,9999.000,9999.000,9999.000,9999.000,9999.000,9999.000
202603282354,   1.486,9999.000,9999.000,9999.000,9999.000,9999.000,9999.000,9999.000,9999.000
202603290000,   1.461,9999.000,   0.400,   0.067,   1.928,   0.300,   1.828,   0.500,   2.028
202603290006,   1.435,9999.000,9999.000,9999.000,9999.000,9999.000,9999.000,9999.000,9999.000
202603290012,   1.408,9999.000,9999.000,9999.000,9999.000,9999.000,9999.000,9999.000,9999.000
202603290018,   1.381,9999.000,9999.000,9999.000,9999.000,9999.000,9999.000,9999.000,9999.000
202603290024,   1.353,9999.000,9999.000,9999.000,9999.000,9999.000,9999.000,9999.000,9999.000
202603290030,   1.325,9999.000,9999.000,9999.000,9999.000,9999.000,9999.000,9999.000,9999.000
202603290036,   1.296,9999.000,9999.000,9999.000,9999.000,9999.000,9999.000,9999.000,9999.000
202603290042,   1.267,9999.000,9999.000,9999.000,9999.000,9999.000,9999.000,9999.000,9999.000
202603290048,   1.237,9999.000,9999.000,9999.000,9999.000,9999.000,9999.000,9999.000,9999.000
202603290054,   1.207,9999.000,9999.000,9999.000,9999.000,9999.000,9999.000,9999.000,9999.000
202603290100,   1.176,9999.000,   0.400,   0.067,   1.643,   0.300,   1.543,   0.500,   1.743
202603290106,   1.146,9999.000,9999.000,9999.000,9999.000,9999.000,9999.000,9999.000,9999.000
202603290112,   1.114,9999.000,9999.000,9999.000,9999.000,9999.000,9999.000,9999.000,9999.000
202603290118,   1.083,9999.000,9999.000,9999.000,9999.000,9999.000,9999.000,9999.000,9999.000
202603290124,   1.051,9999.000,9999.000,9999.000,9999.000,9999.000,9999.000,9999.000,9999.000
202603290130,   1.019,9999.000,9999.000,9999.000,9999.000,9999.000,9999.000,9999.000,9999.000
202603290136,   0.987,9999.000,9999.000,9999.000,9999.000,9999.000,9999.000,9999.000,9999.000
202603290142,   0.954,9999.000,9999.000,9999.000,9999.000,9999.000,9999.000,9999.000,9999.000
202603290148,   0.922,9999.000,9999.000,9999.000,9999.000,9999.000,9999.000,9999.000,9999.000
202603290154,   0.889,9999.000,9999.000,9999.000,9999.000,9999.000,9999.000,9999.000,9999.000
202603290200,   0.857,9999.000,   0.400,   0.067,   1.324,   0.300,   1.224,   0.400,   1.324
202603290206,   0.824,9999.000,9999.000,9999.000,9999.000,9999.000,9999.000,9999.000,9999.000
202603290212,   0.792,9999.000,9999.000,9999.000,9999.000,9999.000,9999.000,9999.000,9999.000
202603290218,   0.760,9999.000,9999.000,9999.000,9999.000,9999.000,9999.000,9999.000,9999.000
202603290224,   0.728,9999.000,9999.000,9999.000,9999.000,9999.000,9999.000,9999.000,9999.000
202603290230,   0.696,9999.000,9999.000,9999.000,9999.000,9999.000,9999.000,9999.000,9999.000
202603290236,   0.665,9999.000,9999.000,9999.000,9999.000,9999.000,9999.000,9999.000,9999.000
202603290242,   0.635,9999.000,9999.000,9999.000,9999.000,9999.000,9999.000,9999.000,9999.000
202603290248,   0.606,9999.000,9999.000,9999.000,9999.000,9999.000,9999.000,9999.000,9999.000
202603290254,   0.577,9999.000,9999.000,9999.000,9999.000,9999.000,9999.000,9999.000,9999.000
202603290300,   0.549,9999.000,   0.300,   0.067,   0.916,   0.200,   0.816,   0.400,   1.016
202603290306,   0.522,9999.000,9999.000,9999.000,9999.000,9999.000,9999.000,9999.000,9999.000
202603290312,   0.496,9999.000,9999.000,9999.000,9999.000,9999.000,9999.000,9999.000,9999.000
202603290318,   0.471,9999.000,9999.000,9999.000,9999.000,9999.000,9999.000,9999.000,9999.000
202603290324,   0.448,9999.000,9999.000,9999.000,9999.000,9999.000,9999.000,9999.000,9999.000
202603290330,   0.426,9999.000,9999.000,9999.000,9999.000,9999.000,9999.000,9999.000,9999.000
202603290336,   0.406,9999.000,9999.000,9999.000,9999.000,9999.000,9999.000,9999.000,9999.000
202603290342,   0.387,9999.000,9999.000,9999.000,9999.000,9999.000,9999.000,9999.000,9999.000
202603290348,   0.370,9999.000,9999.000,9999.000,9999.000,9999.000,9999.000,9999.000,9999.000
202603290354,   0.355,9999.000,9999.000,9999.000,9999.000,9999.000,9999.000,9999.000,9999.000
202603290400,   0.342,9999.000,   0.300,   0.067,   0.709,   0.200,   0.609,   0.400,   0.809
202603290406,   0.330,9999.000,9999.000,9999.000,9999.000,9999.000,9999.000,9999.000,9999.000
202603290412,   0.321,9999.000,9999.000,9999.000,9999.000,9999.000,9999.000,9999.000,9999.000
202603290418,   0.314,9999.000,9999.000,9999.000,9999.000,9999.000,9999.000,9999.000,9999.000
202603290424,   0.309,9999.000,9999.000,9999.000,9999.000,9999.000,9999.000,9999.000,9999.000
202603290430,   0.307,9999.000,9999.000,9999.000,9999.000,9999.000,9999.000,9999.000,9999.000
202603290436,   0.306,9999.000,9999.000,9999.000,9999.000,9999.000,9999.000,9999.000,9999.000
202603290442,   0.308,9999.000,9999.000,9999.000,9999.000,9999.000,9999.000,9999.000,9999.000
202603290448,   0.312,9999.000,9999.000,9999.000,9999.000,9999.000,9999.000,9999.000,9999.000
202603290454,   0.319,9999.000,9999.000,9999.000,9999.000,9999.000,9999.000,9999.000,9999.000
202603290500,   0.328,9999.000,   0.200,   0.067,   0.595,   0.100,   0.495,   0.300,   0.695
202603290506,   0.339,9999.000,9999.000,9999.000,9999.000,9999.000,9999.000,9999.000,9999.000
202603290512,   0.353,9999.000,9999.000,9999.000,9999.000,9999.000,9999.000,9999.000,9999.000
202603290518,   0.368,9999.000,9999.000,9999.000,9999.000,9999.000,9999.000,9999.000,9999.000
202603290524,   0.386,9999.000,9999.000,9999.000,9999.000,9999.000,9999.000,9999.000,9999.000
202603290530,   0.406,9999.000,9999.000,9999.000,9999.000,9999.000,9999.000,9999.000,9999.000
202603290536,   0.428,9999.000,9999.000,9999.000,9999.000,9999.000,9999.000,9999.000,9999.000
202603290542,   0.452,9999.000,9999.000,9999.000,9999.000,9999.000,9999.000,9999.000,9999.000
202603290548,   0.478,9999.000,9999.000,9999.000,9999.000,9999.000,9999.000,9999.000,9999.000
202603290554,   0.505,9999.000,9999.000,9999.000,9999.000,9999.000,9999.000,9999.000,9999.000
202603290600,   0.534,9999.000,   0.200,   0.067,   0.801,   0.100,   0.701,   0.300,   0.901
202603290606,   0.565,9999.000,9999.000,9999.000,9999.000,9999.000,9999.000,9999.000,9999.000
202603290612,   0.597,9999.000,9999.000,9999.000,9999.000,9999.000,9999.000,9999.000,9999.000
202603290618,   0.630,9999.000,9999.000,9999.000,9999.000,9999.000,9999.000,9999.000,9999.000
202603290624,   0.664,9999.000,9999.000,9999.000,9999.000,9999.000,9999.000,9999.000,9999.000
202603290630,   0.700,9999.000,9999.000,9999.000,9999.000,9999.000,9999.000,9999.000,9999.000
202603290636,   0.737,9999.000,9999.000,9999.000,9999.000,9999.000,9999.000,9999.000,9999.000
202603290642,   0.774,9999.000,9999.000,9999.000,9999.000,9999.000,9999.000,9999.000,9999.000
202603290648,   0.813,9999.000,9999.000,9999.000,9999.000,9999.000,9999.000,9999.000,9999.000
202603290654,   0.852,9999.000,9999.000,9999.000,9999.000,9999.000,9999.000,9999.000,9999.000
202603290700,   0.892,9999.000,   0.200,   0.067,   1.159,   0.100,   1.059,   0.300,   1.259
202603290706,   0.933,9999.000,9999.000,9999.000,9999.000,9999.000,9999.000,9999.000,9999.000
202603290712,   0.974,9999.000,9999.000,9999.000,9999.000,9999.000,9999.000,9999.000,9999.000
202603290718,   1.016,9999.000,9999.000,9999.000,9999.000,9999.000,9999.000,9999.000,9999.000
202603290724,   1.058,9999.000,9999.000,9999.000,9999.000,9999.000,9999.000,9999.000,9999.000
202603290730,   1.101,9999.000,9999.000,9999.000,9999.000,9999.000,9999.000,9999.000,9999.000
202603290736,   1.144,9999.000,9999.000,9999.000,9999.000,9999.000,9999.000,9999.000,9999.000
202603290742,   1.187,9999.000,9999.000,9999.000,9999.000,9999.000,9999.000,9999.000,9999.000
202603290748,   1.230,9999.000,9999.000,9999.000,9999.000,9999.000,9999.000,9999.000,9999.000
202603290754,   1.274,9999.000,9999.000,9999.000,9999.000,9999.000,9999.000,9999.000,9999.000
202603290800,   1.318,9999.000,   0.100,   0.067,   1.485,   0.000,   1.385,   0.300,   1.685
202603290806,   1.361,9999.000,9999.000,9999.000,9999.000,9999.000,9999.000,9999.000,9999.000
202603290812,   1.405,9999.000,9999.000,9999.000,9999.000,9999.000,9999.000,9999.000,9999.000
202603290818,   1.448,9999.000,9999.000,9999.000,9999.000,9999.000,9999.000,9999.000,9999.000
202603290824,   1.491,9999.000,9999.000,9999.000,9999.000,9999.000,9999.000,9999.000,9999.000
202603290830,   1.534,9999.000,9999.000,9999.000,9999.000,9999.000,9999.000,9999.000,9999.000
202603290836,   1.576,9999.000,9999.000,9999.000,9999.000,9999.000,9999.000,9999.000,9999.000
202603290842,   1.617,9999.000,9999.000,9999.000,9999.000,9999.000,9999.000,9999.000,9999.000
202603290848,   1.658,9999.000,9999.000,9999.000,9999.000,9999.000,9999.000,9999.000,9999.000
202603290854,   1.698,9999.000,9999.000,9999.000,9999.000,9999.000,9999.000,9999.000,9999.000
202603290900,   1.736,9999.000,   0.100,   0.067,   1.903,   0.000,   1.803,   0.200,   2.003
202603290906,   1.773,9999.000,9999.000,9999.000,9999.000,9999.000,9999.000,9999.000,9999.000
202603290912,   1.809,9999.000,9999.000,9999.000,9999.000,9999.000,9999.000,9999.000,9999.000
202603290918,   1.843,9999.000,9999.000,9999.000,9999.000,9999.000,9999.000,9999.000,9999.000
202603290924,   1.875,9999.000,9999.000,9999.000,9999.000,9999.000,9999.000,9999.000,9999.000
202603290930,   1.906,9999.000,9999.000,9999.000,9999.000,9999.000,9999.000,9999.000,9999.000
202603290936,   1.934,9999.000,9999.000,9999.000,9999.000,9999.000,9999.000,9999.000,9999.000
202603290942,   1.961,9999.000,9999.000,9999.000,9999.000,9999.000,9999.000,9999.000,9999.000
202603290948,   1.985,9999.000,9999.000,9999.000,9999.000,9999.000,9999.000,9999.000,9999.000
202603290954,   2.006,9999.000,9999.000,9999.000,9999.000,9999.000,9999.000,9999.000,9999.000
202603291000,   2.026,9999.000,   0.100,   0.067,   2.193,   0.000,   2.093,   0.200,   2.293
202603291006,   2.042,9999.000,9999.000,9999.000,9999.000,9999.000,9999.000,9999.000,9999.000
202603291012,   2.056,9999.000,9999.000,9999.000,9999.000,9999.000,9999.000,9999.000,9999.000
202603291018,   2.068,9999.000,9999.000,9999.000,9999.000,9999.000,9999.000,9999.000,9999.000
202603291024,   2.077,9999.000,9999.000,9999.000,9999.000,9999.000,9999.000,9999.000,9999.000
202603291030,   2.083,9999.000,9999.000,9999.000,9999.000,9999.000,9999.000,9999.000,9999.000
202603291036,   2.087,9999.000,9999.000,9999.000,9999.000,9999.000,9999.000,9999.000,9999.000
202603291042,   2.089,9999.000,9999.000,9999.000,9999.000,9999.000,9999.000,9999.000,9999.000
202603291048,   2.087,9999.000,9999.000,9999.000,9999.000,9999.000,9999.000,9999.000,9999.000
202603291054,   2.084,9999.000,9999.000,9999.000,9999.000,9999.000,9999.000,9999.000,9999.000
202603291100,   2.078,9999.000,   0.100,   0.067,   2.245,   0.000,   2.145,   0.200,   2.345
202603291106,   2.070,9999.000,9999.000,9999.000,9999.000,9999.000,9999.000,9999.000,9999.000
202603291112,   2.059,9999.000,9999.000,9999.000,9999.000,9999.000,9999.000,9999.000,9999.000
202603291118,   2.047,9999.000,9999.000,9999.000,9999.000,9999.000,9999.000,9999.000,9999.000
202603291124,   2.033,9999.000,9999.000,9999.000,9999.000,9999.000,9999.000,9999.000,9999.000
202603291130,   2.017,9999.000,9999.000,9999.000,9999.000,9999.000,9999.000,9999.000,9999.000
202603291136,   1.999,9999.000,9999.000,9999.000,9999.000,9999.000,9999.000,9999.000,9999.000
202603291142,   1.979,9999.000,9999.000,9999.000,9999.000,9999.000,9999.000,9999.000,9999.000
202603291148,   1.959,9999.000,9999.000,9999.000,9999.000,9999.000,9999.000,9999.000,9999.000
202603291154,   1.936,9999.000,9999.000,9999.000,9999.000,9999.000,9999.000,9999.000,9999.000
202603291200,   1.913,9999.000,   0.000,   0.067,   1.980,   0.000,   1.980,   0.100,   2.080
202603291206,   1.888,9999.000,9999.000,9999.000,9999.000,9999.000,9999.000,9999.000,9999.000
202603291212,   1.862,9999.000,9999.000,9999.000,9999.000,9999.000,9999.000,9999.000,9999.000
202603291218,   1.834,9999.000,9999.000,9999.000,9999.000,9999.000,9999.000,9999.000,9999.000
202603291224,   1.806,9999.000,9999.000,9999.000,9999.000,9999.000,9999.000,9999.000,9999.000
202603291230,   1.777,9999.000,9999.000,9999.000,9999.000,9999.000,9999.000,9999.000,9999.000
202603291236,   1.747,9999.000,9999.000,9999.000,9999.000,9999.000,9999.000,9999.000,9999.000
202603291242,   1.717,9999.000,9999.000,9999.000,9999.000,9999.000,9999.000,9999.000,9999.000
202603291248,   1.685,9999.000,9999.000,9999.000,9999.000,9999.000,9999.000,9999.000,9999.000
202603291254,   1.653,9999.000,9999.000,9999.000,9999.000,9999.000,9999.000,9999.000,9999.000
202603291300,   1.619,9999.000,   0.000,   0.067,   1.686,   0.000,   1.686,   0.100,   1.786
202603291306,   1.586,9999.000,9999.000,9999.000,9999.000,9999.000,9999.000,9999.000,9999.000
202603291312,   1.551,9999.000,9999.000,9999.000,9999.000,9999.000,9999.000,9999.000,9999.000
202603291318,   1.516,9999.000,9999.000,9999.000,9999.000,9999.000,9999.000,9999.000,9999.000
202603291324,   1.481,9999.000,9999.000,9999.000,9999.000,9999.000,9999.000,9999.000,9999.000
202603291330,   1.444,9999.000,9999.000,9999.000,9999.000,9999.000,9999.000,9999.000,9999.000
202603291336,   1.408,9999.000,9999.000,9999.000,9999.000,9999.000,9999.000,9999.000,9999.000
202603291342,   1.370,9999.000,9999.000,9999.000,9999.000,9999.000,9999.000,9999.000,9999.000
202603291348,   1.333,9999.000,9999.000,9999.000,9999.000,9999.000,9999.000,9999.000,9999.000
202603291354,   1.295,9999.000,9999.000,9999.000,9999.000,9999.000,9999.000,9999.000,9999.000
202603291400,   1.256,9999.000,   0.000,   0.067,   1.323,   0.000,   1.323,   0.100,   1.423
202603291406,   1.218,9999.000,9999.000,9999.000,9999.000,9999.000,9999.000,9999.000,9999.000
202603291412,   1.179,9999.000,9999.000,9999.000,9999.000,9999.000,9999.000,9999.000,9999.000
202603291418,   1.140,9999.000,9999.000,9999.000,9999.000,9999.000,9999.000,9999.000,9999.000
202603291424,   1.101,9999.000,9999.000,9999.000,9999.000,9999.000,9999.000,9999.000,9999.000
202603291430,   1.061,9999.000,9999.000,9999.000,9999.000,9999.000,9999.000,9999.000,9999.000
202603291436,   1.022,9999.000,9999.000,9999.000,9999.000,9999.000,9999.000,9999.000,9999.000
202603291442,   0.983,9999.000,9999.000,9999.000,9999.000,9999.000,9999.000,9999.000,9999.000
202603291448,   0.944,9999.000,9999.000,9999.000,9999.000,9999.000,9999.000,9999.000,9999.000
202603291454,   0.906,9999.000,9999.000,9999.000,9999.000,9999.000,9999.000,9999.000,9999.000
202603291500,   0.868,9999.000,   0.000,   0.067,   0.935,   0.000,   0.935,   0.100,   1.035
202603291506,   0.830,9999.000,9999.000,9999.000,9999.000,9999.000,9999.000,9999.000,9999.000
202603291512,   0.793,9999.000,9999.000,9999.000,9999.000,9999.000,9999.000,9999.000,9999.000
202603291518,   0.756,9999.000,9999.000,9999.000,9999.000,9999.000,9999.000,9999.000,9999.000
202603291524,   0.721,9999.000,9999.000,9999.000,9999.000,9999.000,9999.000,9999.000,9999.000
202603291530,   0.686,9999.000,9999.000,9999.000,9999.000,9999.000,9999.000,9999.000,9999.000
202603291536,   0.652,9999.000,9999.000,9999.000,9999.000,9999.000,9999.000,9999.000,9999.000
202603291542,   0.619,9999.000,9999.000,9999.000,9999.000,9999.000,9999.000,9999.000,9999.000
202603291548,   0.588,9999.000,9999.000,9999.000,9999.000,9999.000,9999.000,9999.000,9999.000
202603291554,   0.558,9999.000,9999.000,9999.000,9999.000,9999.000,9999.000,9999.000,9999.000
202603291600,   0.529,9999.000,   0.000,   0.067,   0.596,   0.000,   0.596,   0.000,   0.596
202603291606,   0.502,9999.000,9999.000,9999.000,9999.000,9999.000,9999.000,9999.000,9999.000
202603291612,   0.476,9999.000,9999.000,9999.000,9999.000,9999.000,9999.000,9999.000,9999.000
202603291618,   0.452,9999.000,9999.000,9999.000,9999.000,9999.000,9999.000,9999.000,9999.000
202603291624,   0.430,9999.000,9999.000,9999.000,9999.000,9999.000,9999.000,9999.000,9999.000
202603291630,   0.410,9999.000,9999.000,9999.000,9999.000,9999.000,9999.000,9999.000,9999.000
202603291636,   0.392,9999.000,9999.000,9999.000,9999.000,9999.000,9999.000,9999.000,9999.000
202603291642,   0.376,9999.000,9999.000,9999.000,9999.000,9999.000,9999.000,9999.000,9999.000
202603291648,   0.362,9999.000,9999.000,9999.000,9999.000,9999.000,9999.000,9999.000,9999.000
202603291654,   0.351,9999.000,9999.000,9999.000,9999.000,9999.000,9999.000,9999.000,9999.000
202603291700,   0.342,9999.000,   0.000,   0.067,   0.409,   0.000,   0.409,   0.000,   0.409
202603291706,   0.335,9999.000,9999.000,9999.000,9999.000,9999.000,9999.000,9999.000,9999.000
202603291712,   0.330,9999.000,9999.000,9999.000,9999.000,9999.000,9999.000,9999.000,9999.000
202603291718,   0.328,9999.000,9999.000,9999.000,9999.000,9999.000,9999.000,9999.000,9999.000
202603291724,   0.329,9999.000,9999.000,9999.000,9999.000,9999.000,9999.000,9999.000,9999.000
202603291730,   0.331,9999.000,9999.000,9999.000,9999.000,9999.000,9999.000,9999.000,9999.000
202603291736,   0.337,9999.000,9999.000,9999.000,9999.000,9999.000,9999.000,9999.000,9999.000
202603291742,   0.344,9999.000,9999.000,9999.000,9999.000,9999.000,9999.000,9999.000,9999.000
202603291748,   0.354,9999.000,9999.000,9999.000,9999.000,9999.000,9999.000,9999.000,9999.000
202603291754,   0.366,9999.000,9999.000,9999.000,9999.000,9999.000,9999.000,9999.000,9999.000
202603291800,   0.380,9999.000,   0.000,   0.067,   0.447,  -0.100,   0.347,   0.000,   0.447
202603291806,   0.396,9999.000,9999.000,9999.000,9999.000,9999.000,9999.000,9999.000,9999.000
202603291812,   0.415,9999.000,9999.000,9999.000,9999.000,9999.000,9999.000,9999.000,9999.000
202603291818,   0.435,9999.000,9999.000,9999.000,9999.000,9999.000,9999.000,9999.000,9999.000
202603291824,   0.457,9999.000,9999.000,9999.000,9999.000,9999.000,9999.000,9999.000,9999.000
202603291830,   0.481,9999.000,9999.000,9999.000,9999.000,9999.000,9999.000,9999.000,9999.000
202603291836,   0.506,9999.000,9999.000,9999.000,9999.000,9999.000,9999.000,9999.000,9999.000
202603291842,   0.533,9999.000,9999.000,9999.000,9999.000,9999.000,9999.000,9999.000,9999.000
202603291848,   0.562,9999.000,9999.000,9999.000,9999.000,9999.000,9999.000,9999.000,9999.000
202603291854,   0.592,9999.000,9999.000,9999.000,9999.000,9999.000,9999.000,9999.000,9999.000
202603291900,   0.623,9999.000,   0.000,   0.067,   0.690,   0.000,   0.690,   0.000,   0.690
202603291906,   0.655,9999.000,9999.000,9999.000,9999.000,9999.000,9999.000,9999.000,9999.000
202603291912,   0.688,9999.000,9999.000,9999.000,9999.000,9999.000,9999.000,9999.000,9999.000
202603291918,   0.722,9999.000,9999.000,9999.000,9999.000,9999.000,9999.000,9999.000,9999.000
202603291924,   0.757,9999.000,9999.000,9999.000,9999.000,9999.000,9999.000,9999.000,9999.000
202603291930,   0.793,9999.000,9999.000,9999.000,9999.000,9999.000,9999.000,9999.000,9999.000
202603291936,   0.829,9999.000,9999.000,9999.000,9999.000,9999.000,9999.000,9999.000,9999.000
202603291942,   0.867,9999.000,9999.000,9999.000,9999.000,9999.000,9999.000,9999.000,9999.000
202603291948,   0.905,9999.000,9999.000,9999.000,9999.000,9999.000,9999.000,9999.000,9999.000
202603291954,   0.943,9999.000,9999.000,9999.000,9999.000,9999.000,9999.000,9999.000,9999.000
202603292000,   0.982,9999.000,   0.000,   0.067,   1.049,   0.000,   1.049,   0.100,   1.149
202603292006,   1.021,9999.000,9999.000,9999.000,9999.000,9999.000,9999.000,9999.000,9999.000
202603292012,   1.061,9999.000,9999.000,9999.000,9999.000,9999.000,9999.000,9999.000,9999.000
202603292018,   1.101,9999.000,9999.000,9999.000,9999.000,9999.000,9999.000,9999.000,9999.000
202603292024,   1.142,9999.000,9999.000,9999.000,9999.000,9999.000,9999.000,9999.000,9999.000
202603292030,   1.182,9999.000,9999.000,9999.000,9999.000,9999.000,9999.000,9999.000,9999.000
202603292036,   1.223,9999.000,9999.000,9999.000,9999.000,9999.000,9999.000,9999.000,9999.000
202603292042,   1.263,9999.000,9999.000,9999.000,9999.000,9999.000,9999.000,9999.000,9999.000
202603292048,   1.303,9999.000,9999.000,9999.000,9999.000,9999.000,9999.000,9999.000,9999.000
202603292054,   1.343,9999.000,9999.000,9999.000,9999.000,9999.000,9999.000,9999.000,9999.000
202603292100,   1.383,9999.000,   0.000,   0.067,   1.450,   0.000,   1.450,   0.100,   1.550
202603292106,   1.422,9999.000,9999.000,9999.000,9999.000,9999.000,9999.000,9999.000,9999.000
202603292112,   1.461,9999.000,9999.000,9999.000,9999.000,9999.000,9999.000,9999.000,9999.000
202603292118,   1.499,9999.000,9999.000,9999.000,9999.000,9999.000,9999.000,9999.000,9999.000
202603292124,   1.536,9999.000,9999.000,9999.000,9999.000,9999.000,9999.000,9999.000,9999.000
202603292130,   1.571,9999.000,9999.000,9999.000,9999.000,9999.000,9999.000,9999.000,9999.000
202603292136,   1.606,9999.000,9999.000,9999.000,9999.000,9999.000,9999.000,9999.000,9999.000
202603292142,   1.639,9999.000,9999.000,9999.000,9999.000,9999.000,9999.000,9999.000,9999.000
202603292148,   1.670,9999.000,9999.000,9999.000,9999.000,9999.000,9999.000,9999.000,9999.000
202603292154,   1.700,9999.000,9999.000,9999.000,9999.000,9999.000,9999.000,9999.000,9999.000
202603292200,   1.728,9999.000,   0.000,   0.067,   1.795,   0.000,   1.795,   0.100,   1.895
202603292206,   1.754,9999.000,9999.000,9999.000,9999.000,9999.000,9999.000,9999.000,9999.000
202603292212,   1.778,9999.000,9999.000,9999.000,9999.000,9999.000,9999.000,9999.000,9999.000
202603292218,   1.800,9999.000,9999.000,9999.000,9999.000,9999.000,9999.000,9999.000,9999.000
202603292224,   1.819,9999.000,9999.000,9999.000,9999.000,9999.000,9999.000,9999.000,9999.000
202603292230,   1.836,9999.000,9999.000,9999.000,9999.000,9999.000,9999.000,9999.000,9999.000
202603292236,   1.850,9999.000,9999.000,9999.000,9999.000,9999.000,9999.000,9999.000,9999.000
202603292242,   1.862,9999.000,9999.000,9999.000,9999.000,9999.000,9999.000,9999.000,9999.000
202603292248,   1.872,9999.000,9999.000,9999.000,9999.000,9999.000,9999.000,9999.000,9999.000
202603292254,   1.878,9999.000,9999.000,9999.000,9999.000,9999.000,9999.000,9999.000,9999.000
202603292300,   1.883,9999.000,   0.000,   0.067,   1.950,   0.000,   1.950,   0.100,   2.050
202603292306,   1.885,9999.000,9999.000,9999.000,9999.000,9999.000,9999.000,9999.000,9999.000
202603292312,   1.884,9999.000,9999.000,9999.000,9999.000,9999.000,9999.000,9999.000,9999.000
202603292318,   1.881,9999.000,9999.000,9999.000,9999.000,9999.000,9999.000,9999.000,9999.000
202603292324,   1.876,9999.000,9999.000,9999.000,9999.000,9999.000,9999.000,9999.000,9999.000
202603292330,   1.868,9999.000,9999.000,9999.000,9999.000,9999.000,9999.000,9999.000,9999.000
202603292336,   1.858,9999.000,9999.000,9999.000,9999.000,9999.000,9999.000,9999.000,9999.000
202603292342,   1.847,9999.000,9999.000,9999.000,9999.000,9999.000,9999.000,9999.000,9999.000
202603292348,   1.833,9999.000,9999.000,9999.000,9999.000,9999.000,9999.000,9999.000,9999.000
202603292354,   1.817,9999.000,9999.000,9999.000,9999.000,9999.000,9999.000,9999.000,9999.000
202603300000,   1.800,9999.000,   0.000,   0.067,   1.867,  -0.100,   1.767,   0.000,   1.867
202603300006,   1.781,9999.000,9999.000,9999.000,9999.000,9999.000,9999.000,9999.000,9999.000
202603300012,   1.760,9999.000,9999.000,9999.000,9999.000,9999.000,9999.000,9999.000,9999.000
202603300018,   1.738,9999.000,9999.000,9999.000,9999.000,9999.000,9999.000,9999.000,9999.000
202603300024,   1.715,9999.000,9999.000,9999.000,9999.000,9999.000,9999.000,9999.000,9999.000
202603300030,   1.691,9999.000,9999.000,9999.000,9999.000,9999.000,9999.000,9999.000,9999.000
202603300036,   1.665,9999.000,9999.000,9999.000,9999.000,9999.000,9999.000,9999.000,9999.000
202603300042,   1.639,9999.000,9999.000,9999.000,9999.000,9999.000,9999.000,9999.000,9999.000
202603300048,   1.611,9999.000,9999.000,9999.000,9999.000,9999.000,9999.000,9999.000,9999.000
202603300054,   1.583,9999.000,9999.000,9999.000,9999.000,9999.000,9999.000,9999.000,9999.000
202603300100,   1.553,9999.000,  -0.100,   0.067,   1.520,  -0.200,   1.420,   0.000,   1.620
202603300106,   1.523,9999.000,9999.000,9999.000,9999.000,9999.000,9999.000,9999.000,9999.000
202603300112,   1.492,9999.000,9999.000,9999.000,9999.000,9999.000,9999.000,9999.000,9999.000
202603300118,   1.461,9999.000,9999.000,9999.000,9999.000,9999.000,9999.000,9999.000,9999.000
202603300124,   1.429,9999.000,9999.000,9999.000,9999.000,9999.000,9999.000,9999.000,9999.000
202603300130,   1.397,9999.000,9999.000,9999.000,9999.000,9999.000,9999.000,9999.000,9999.000
202603300136,   1.363,9999.000,9999.000,9999.000,9999.000,9999.000,9999.000,9999.000,9999.000
202603300142,   1.330,9999.000,9999.000,9999.000,9999.000,9999.000,9999.000,9999.000,9999.000
202603300148,   1.296,9999.000,9999.000,9999.000,9999.000,9999.000,9999.000,9999.000,9999.000
202603300154,   1.261,9999.000,9999.000,9999.000,9999.000,9999.000,9999.000,9999.000,9999.000
202603300200,   1.227,9999.000,  -0.100,   0.067,   1.194,  -0.200,   1.094,   0.000,   1.294
202603300206,   1.192,9999.000,9999.000,9999.000,9999.000,9999.000,9999.000,9999.000,9999.000
202603300212,   1.156,9999.000,9999.000,9999.000,9999.000,9999.000,9999.000,9999.000,9999.000
202603300218,   1.120,9999.000,9999.000,9999.000,9999.000,9999.000,9999.000,9999.000,9999.000
202603300224,   1.085,9999.000,9999.000,9999.000,9999.000,9999.000,9999.000,9999.000,9999.000
202603300230,   1.049,9999.000,9999.000,9999.000,9999.000,9999.000,9999.000,9999.000,9999.000
202603300236,   1.012,9999.000,9999.000,9999.000,9999.000,9999.000,9999.000,9999.000,9999.000
202603300242,   0.976,9999.000,9999.000,9999.000,9999.000,9999.000,9999.000,9999.000,9999.000
202603300248,   0.940,9999.000,9999.000,9999.000,9999.000,9999.000,9999.000,9999.000,9999.000
202603300254,   0.904,9999.000,9999.000,9999.000,9999.000,9999.000,9999.000,9999.000,9999.000
202603300300,   0.868,9999.000,  -0.100,   0.067,   0.835,  -0.200,   0.735,   0.000,   0.935
202603300306,   0.832,9999.000,9999.000,9999.000,9999.000,9999.000,9999.000,9999.000,9999.000
202603300312,   0.797,9999.000,9999.000,9999.000,9999.000,9999.000,9999.000,9999.000,9999.000
202603300318,   0.762,9999.000,9999.000,9999.000,9999.000,9999.000,9999.000,9999.000,9999.000
202603300324,   0.727,9999.000,9999.000,9999.000,9999.000,9999.000,9999.000,9999.000,9999.000
202603300330,   0.693,9999.000,9999.000,9999.000,9999.000,9999.000,9999.000,9999.000,9999.000
202603300336,   0.659,9999.000,9999.000,9999.000,9999.000,9999.000,9999.000,9999.000,9999.000
202603300342,   0.626,9999.000,9999.000,9999.000,9999.000,9999.000,9999.000,9999.000,9999.000
202603300348,   0.594,9999.000,9999.000,9999.000,9999.000,9999.000,9999.000,9999.000,9999.000
202603300354,   0.563,9999.000,9999.000,9999.000,9999.000,9999.000,9999.000,9999.000,9999.000
202603300400,   0.533,9999.000,  -0.100,   0.067,   0.500,  -0.300,   0.300,   0.000,   0.600
202603300406,   0.504,9999.000,9999.000,9999.000,9999.000,9999.000,9999.000,9999.000,9999.000
202603300412,   0.476,9999.000,9999.000,9999.000,9999.000,9999.000,9999.000,9999.000,9999.000
202603300418,   0.449,9999.000,9999.000,9999.000,9999.000,9999.000,9999.000,9999.000,9999.000
202603300424,   0.424,9999.000,9999.000,9999.000,9999.000,9999.000,9999.000,9999.000,9999.000
202603300430,   0.400,9999.000,9999.000,9999.000,9999.000,9999.000,9999.000,9999.000,9999.000
202603300436,   0.378,9999.000,9999.000,9999.000,9999.000,9999.000,9999.000,9999.000,9999.000
202603300442,   0.358,9999.000,9999.000,9999.000,9999.000,9999.000,9999.000,9999.000,9999.000
202603300448,   0.340,9999.000,9999.000,9999.000,9999.000,9999.000,9999.000,9999.000,9999.000
202603300454,   0.324,9999.000,9999.000,9999.000,9999.000,9999.000,9999.000,9999.000,9999.000
202603300500,   0.309,9999.000,  -0.200,   0.067,   0.176,  -0.300,   0.076,   0.000,   0.376
202603300506,   0.297,9999.000,9999.000,9999.000,9999.000,9999.000,9999.000,9999.000,9999.000
202603300512,   0.287,9999.000,9999.000,9999.000,9999.000,9999.000,9999.000,9999.000,9999.000
202603300518,   0.280,9999.000,9999.000,9999.000,9999.000,9999.000,9999.000,9999.000,9999.000
202603300524,   0.275,9999.000,9999.000,9999.000,9999.000,9999.000,9999.000,9999.000,9999.000
202603300530,   0.272,9999.000,9999.000,9999.000,9999.000,9999.000,9999.000,9999.000,9999.000
202603300536,   0.272,9999.000,9999.000,9999.000,9999.000,9999.000,9999.000,9999.000,9999.000
202603300542,   0.274,9999.000,9999.000,9999.000,9999.000,9999.000,9999.000,9999.000,9999.000
202603300548,   0.279,9999.000,9999.000,9999.000,9999.000,9999.000,9999.000,9999.000,9999.000
202603300554,   0.286,9999.000,9999.000,9999.000,9999.000,9999.000,9999.000,9999.000,9999.000
202603300600,   0.296,9999.000,  -0.200,   0.067,   0.163,  -0.300,   0.063,   0.000,   0.363
202603300606,   0.308,9999.000,9999.000,9999.000,9999.000,9999.000,9999.000,9999.000,9999.000
202603300612,   0.323,9999.000,9999.000,9999.000,9999.000,9999.000,9999.000,9999.000,9999.000
202603300618,   0.340,9999.000,9999.000,9999.000,9999.000,9999.000,9999.000,9999.000,9999.000
202603300624,   0.359,9999.000,9999.000,9999.000,9999.000,9999.000,9999.000,9999.000,9999.000
202603300630,   0.380,9999.000,9999.000,9999.000,9999.000,9999.000,9999.000,9999.000,9999.000
202603300636,   0.404,9999.000,9999.000,9999.000,9999.000,9999.000,9999.000,9999.000,9999.000
202603300642,   0.429,9999.000,9999.000,9999.000,9999.000,9999.000,9999.000,9999.000,9999.000
202603300648,   0.457,9999.000,9999.000,9999.000,9999.000,9999.000,9999.000,9999.000,9999.000
202603300654,   0.486,9999.000,9999.000,9999.000,9999.000,9999.000,9999.000,9999.000,9999.000
202603300700,   0.517,9999.000,  -0.200,   0.067,   0.384,  -0.400,   0.184,   0.000,   0.584
202603300706,   0.550,9999.000,9999.000,9999.000,9999.000,9999.000,9999.000,9999.000,9999.000
202603300712,   0.584,9999.000,9999.000,9999.000,9999.000,9999.000,9999.000,9999.000,9999.000
202603300718,   0.619,9999.000,9999.000,9999.000,9999.000,9999.000,9999.000,9999.000,9999.000
202603300724,   0.656,9999.000,9999.000,9999.000,9999.000,9999.000,9999.000,9999.000,9999.000
202603300730,   0.693,9999.000,9999.000,9999.000,9999.000,9999.000,9999.000,9999.000,9999.000
202603300736,   0.732,9999.000,9999.000,9999.000,9999.000,9999.000,9999.000,9999.000,9999.000
202603300742,   0.772,9999.000,9999.000,9999.000,9999.000,9999.000,9999.000,9999.000,9999.000
202603300748,   0.812,9999.000,9999.000,9999.000,9999.000,9999.000,9999.000,9999.000,9999.000
202603300754,   0.854,9999.000,9999.000,9999.000,9999.000,9999.000,9999.000,9999.000,9999.000
202603300800,   0.896,9999.000,  -0.200,   0.067,   0.763,  -0.400,   0.563,   0.000,   0.963
202603300806,   0.939,9999.000,9999.000,9999.000,9999.000,9999.000,9999.000,9999.000,9999.000
202603300812,   0.982,9999.000,9999.000,9999.000,9999.000,9999.000,9999.000,9999.000,9999.000
202603300818,   1.026,9999.000,9999.000,9999.000,9999.000,9999.000,9999.000,9999.000,9999.000
202603300824,   1.070,9999.000,9999.000,9999.000,9999.000,9999.000,9999.000,9999.000,9999.000
202603300830,   1.114,9999.000,9999.000,9999.000,9999.000,9999.000,9999.000,9999.000,9999.000
202603300836,   1.159,9999.000,9999.000,9999.000,9999.000,9999.000,9999.000,9999.000,9999.000
202603300842,   1.204,9999.000,9999.000,9999.000,9999.000,9999.000,9999.000,9999.000,9999.000
202603300848,   1.250,9999.000,9999.000,9999.000,9999.000,9999.000,9999.000,9999.000,9999.000
202603300854,   1.295,9999.000,9999.000,9999.000,9999.000,9999.000,9999.000,9999.000,9999.000
202603300900,   1.340,9999.000,  -0.200,   0.067,   1.207,  -0.400,   1.007,  -0.100,   1.307
202603300906,   1.386,9999.000,9999.000,9999.000,9999.000,9999.000,9999.000,9999.000,9999.000
202603300912,   1.431,9999.000,9999.000,9999.000,9999.000,9999.000,9999.000,9999.000,9999.000
202603300918,   1.475,9999.000,9999.000,9999.000,9999.000,9999.000,9999.000,9999.000,9999.000
202603300924,   1.520,9999.000,9999.000,9999.000,9999.000,9999.000,9999.000,9999.000,9999.000
202603300930,   1.563,9999.000,9999.000,9999.000,9999.000,9999.000,9999.000,9999.000,9999.000
202603300936,   1.606,9999.000,9999.000,9999.000,9999.000,9999.000,9999.000,9999.000,9999.000
202603300942,   1.648,9999.000,9999.000,9999.000,9999.000,9999.000,9999.000,9999.000,9999.000
202603300948,   1.689,9999.000,9999.000,9999.000,9999.000,9999.000,9999.000,9999.000,9999.000
202603300954,   1.729,9999.000,9999.000,9999.000,9999.000,9999.000,9999.000,9999.000,9999.000
202603301000,   1.767,9999.000,  -0.300,   0.067,   1.534,  -0.500,   1.334,  -0.100,   1.734
202603301006,   1.804,9999.000,9999.000,9999.000,9999.000,9999.000,9999.000,9999.000,9999.000
202603301012,   1.840,9999.000,9999.000,9999.000,9999.000,9999.000,9999.000,9999.000,9999.000
202603301018,   1.873,9999.000,9999.000,9999.000,9999.000,9999.000,9999.000,9999.000,9999.000
202603301024,   1.905,9999.000,9999.000,9999.000,9999.000,9999.000,9999.000,9999.000,9999.000
202603301030,   1.934,9999.000,9999.000,9999.000,9999.000,9999.000,9999.000,9999.000,9999.000
202603301036,   1.961,9999.000,9999.000,9999.000,9999.000,9999.000,9999.000,9999.000,9999.000
202603301042,   1.986,9999.000,9999.000,9999.000,9999.000,9999.000,9999.000,9999.000,9999.000
202603301048,   2.008,9999.000,9999.000,9999.000,9999.000,9999.000,9999.000,9999.000,9999.000
202603301054,   2.027,9999.000,9999.000,9999.000,9999.000,9999.000,9999.000,9999.000,9999.000
202603301100,   2.044,9999.000,  -0.300,   0.067,   1.811,  -0.500,   1.611,  -0.100,   2.011
202603301106,   2.058,9999.000,9999.000,9999.000,9999.000,9999.000,9999.000,9999.000,9999.000
202603301112,   2.069,9999.000,9999.000,9999.000,9999.000,9999.000,9999.000,9999.000,9999.000
202603301118,   2.078,9999.000,9999.000,9999.000,9999.000,9999.000,9999.000,9999.000,9999.000
202603301124,   2.084,9999.000,9999.000,9999.000,9999.000,9999.000,9999.000,9999.000,9999.000
202603301130,   2.087,9999.000,9999.000,9999.000,9999.000,9999.000,9999.000,9999.000,9999.000
202603301136,   2.087,9999.000,9999.000,9999.000,9999.000,9999.000,9999.000,9999.000,9999.000
202603301142,   2.085,9999.000,9999.000,9999.000,9999.000,9999.000,9999.000,9999.000,9999.000
202603301148,   2.080,9999.000,9999.000,9999.000,9999.000,9999.000,9999.000,9999.000,9999.000
202603301154,   2.072,9999.000,9999.000,9999.000,9999.000,9999.000,9999.000,9999.000,9999.000
202603301200,   2.062,9999.000,  -0.300,   0.067,   1.829,  -0.500,   1.629,  -0.100,   2.029
