        TIME,    TIDE,      OB,   SURGE,    BIAS,     TWL,SURGE90p,  TWL90p,SURGE10p,   TWL10p
202606301800,   0.488,   1.790,   0.500,   0.802,   1.790,   0.500,   1.790,   0.600,   1.890
202606301806,   0.460,9999.000,9999.000,9999.000,9999.000,9999.000,9999.000,9999.000,9999.000
202606301812,   0.433,   1.699,9999.000,9999.000,9999.000,9999.000,9999.000,9999.000,9999.000
202606301818,   0.406,9999.000,9999.000,9999.000,9999.000,9999.000,9999.000,9999.000,9999.000
202606301824,   0.379,   1.590,9999.000,9999.000,9999.000,9999.000,9999.000,9999.000,9999.000
202606301830,   0.353,9999.000,9999.000,9999.000,9999.000,9999.000,9999.000,9999.000,9999.000
202606301836,   0.328,   1.508,9999.000,9999.000,9999.000,9999.000,9999.000,9999.000,9999.000
202606301842,   0.303,9999.000,9999.000,9999.000,9999.000,9999.000,9999.000,9999.000,9999.000
202606301848,   0.278,   1.430,9999.000,9999.000,9999.000,9999.000,9999.000,9999.000,9999.000
202606301854,   0.254,9999.000,9999.000,9999.000,9999.000,9999.000,9999.000,9999.000,9999.000
202606301900,   0.231,   1.318,   0.500,   0.587,   1.318,   0.500,   1.318,   0.600,   1.418
202606301906,   0.209,   1.279,9999.000,9999.000,9999.000,9999.000,9999.000,9999.000,9999.000
202606301912,   0.187,   1.249,9999.000,9999.000,9999.000,9999.000,9999.000,9999.000,9999.000
202606301918,   0.166,   1.229,9999.000,9999.000,9999.000,9999.000,9999.000,9999.000,9999.000
202606301924,   0.146,   1.170,9999.000,9999.000,9999.000,9999.000,9999.000,9999.000,9999.000
202606301930,   0.128,   1.138,9999.000,9999.000,9999.000,9999.000,9999.000,9999.000,9999.000
202606301936,   0.110,   1.108,9999.000,9999.000,9999.000,9999.000,9999.000,9999.000,9999.000
202606301942,   0.094,   1.079,9999.000,9999.000,9999.000,9999.000,9999.000,9999.000,9999.000
202606301948,   0.079,   1.039,9999.000,9999.000,9999.000,9999.000,9999.000,9999.000,9999.000
202606301954,   0.066,   1.020,9999.000,9999.000,9999.000,9999.000,9999.000,9999.000,9999.000
202606302000,   0.055,   1.010,   0.500,   0.455,   1.010,   0.500,   1.010,   0.500,   1.010
202606302006,   0.045,   0.980,9999.000,9999.000,9999.000,9999.000,9999.000,9999.000,9999.000
202606302012,   0.037,   0.980,9999.000,9999.000,9999.000,9999.000,9999.000,9999.000,9999.000
202606302018,   0.032,   0.970,9999.000,9999.000,9999.000,9999.000,9999.000,9999.000,9999.000
202606302024,   0.028,   0.970,9999.000,9999.000,9999.000,9999.000,9999.000,9999.000,9999.000
202606302030,   0.027,   0.980,9999.000,9999.000,9999.000,9999.000,9999.000,9999.000,9999.000
202606302036,   0.029,   0.961,9999.000,9999.000,9999.000,9999.000,9999.000,9999.000,9999.000
202606302042,   0.033,   0.990,9999.000,9999.000,9999.000,9999.000,9999.000,9999.000,9999.000
202606302048,   0.040,   1.020,9999.000,9999.000,9999.000,9999.000,9999.000,9999.000,9999.000
202606302054,   0.050,   1.029,9999.000,9999.000,9999.000,9999.000,9999.000,9999.000,9999.000
202606302100,   0.063,   1.059,   0.500,   0.496,   1.059,   0.500,   1.059,   0.500,   1.059
202606302106,   0.080,   1.079,9999.000,9999.000,9999.000,9999.000,9999.000,9999.000,9999.000
202606302112,   0.099,   1.118,9999.000,9999.000,9999.000,9999.000,9999.000,9999.000,9999.000
202606302118,   0.122,   1.180,9999.000,9999.000,9999.000,9999.000,9999.000,9999.000,9999.000
202606302124,   0.149,   1.259,9999.000,9999.000,9999.000,9999.000,9999.000,9999.000,9999.000
202606302130,   0.179,   1.308,9999.000,9999.000,9999.000,9999.000,9999.000,9999.000,9999.000
202606302136,   0.212,   1.371,9999.000,9999.000,9999.000,9999.000,9999.000,9999.000,9999.000
202606302142,   0.249,   1.439,9999.000,9999.000,9999.000,9999.000,9999.000,9999.000,9999.000
202606302148,   0.289,   1.498,9999.000,9999.000,9999.000,9999.000,9999.000,9999.000,9999.000
202606302154,   0.333,   1.557,9999.000,9999.000,9999.000,9999.000,9999.000,9999.000,9999.000
202606302200,   0.379,   1.630,   0.500,   0.751,   1.630,   0.500,   1.630,   0.500,   1.630
202606302206,   0.429,   1.699,9999.000,9999.000,9999.000,9999.000,9999.000,9999.000,9999.000
202606302212,   0.481,   1.758,9999.000,9999.000,9999.000,9999.000,9999.000,9999.000,9999.000
202606302218,   0.536,   1.830,9999.000,9999.000,9999.000,9999.000,9999.000,9999.000,9999.000
202606302224,   0.594,   1.899,9999.000,9999.000,9999.000,9999.000,9999.000,9999.000,9999.000
202606302230,   0.653,   1.928,9999.000,9999.000,9999.000,9999.000,9999.000,9999.000,9999.000
202606302236,   0.715,   1.990,9999.000,9999.000,9999.000,9999.000,9999.000,9999.000,9999.000
202606302242,   0.778,   2.020,9999.000,9999.000,9999.000,9999.000,9999.000,9999.000,9999.000
202606302248,   0.842,   2.079,9999.000,9999.000,9999.000,9999.000,9999.000,9999.000,9999.000
202606302254,   0.906,   2.128,9999.000,9999.000,9999.000,9999.000,9999.000,9999.000,9999.000
202606302300,   0.972,   2.168,   0.500,   0.696,   2.168,   0.500,   2.168,   0.500,   2.168
202606302306,   1.038,   2.250,9999.000,9999.000,9999.000,9999.000,9999.000,9999.000,9999.000
202606302312,   1.104,   2.318,9999.000,9999.000,9999.000,9999.000,9999.000,9999.000,9999.000
202606302318,   1.169,   2.377,9999.000,9999.000,9999.000,9999.000,9999.000,9999.000,9999.000
202606302324,   1.234,   2.440,9999.000,9999.000,9999.000,9999.000,9999.000,9999.000,9999.000
202606302330,   1.298,   2.479,9999.000,9999.000,9999.000,9999.000,9999.000,9999.000,9999.000
202606302336,   1.361,   2.558,9999.000,9999.000,9999.000,9999.000,9999.000,9999.000,9999.000
202606302342,   1.423,   2.610,9999.000,9999.000,9999.000,9999.000,9999.000,9999.000,9999.000
202606302348,   1.484,   2.689,9999.000,9999.000,9999.000,9999.000,9999.000,9999.000,9999.000
202606302354,   1.543,   2.778,9999.000,9999.000,9999.000,9999.000,9999.000,9999.000,9999.000
202607010000,   1.601,   2.840,   0.500,   0.739,   2.840,   0.500,   2.840,   0.500,   2.840
202607010006,   1.657,   2.899,9999.000,9999.000,9999.000,9999.000,9999.000,9999.000,9999.000
202607010012,   1.711,   2.948,9999.000,9999.000,9999.000,9999.000,9999.000,9999.000,9999.000
202607010018,   1.764,   3.030,9999.000,9999.000,9999.000,9999.000,9999.000,9999.000,9999.000
202607010024,   1.815,   3.089,9999.000,9999.000,9999.000,9999.000,9999.000,9999.000,9999.000
202607010030,   1.864,   3.168,9999.000,9999.000,9999.000,9999.000,9999.000,9999.000,9999.000
202607010036,   1.912,   3.217,9999.000,9999.000,9999.000,9999.000,9999.000,9999.000,9999.000
202607010042,   1.958,   3.279,9999.000,9999.000,9999.000,9999.000,9999.000,9999.000,9999.000
202607010048,   2.002,   3.329,9999.000,9999.000,9999.000,9999.000,9999.000,9999.000,9999.000
202607010054,   2.045,   3.378,9999.000,9999.000,9999.000,9999.000,9999.000,9999.000,9999.000
202607010100,   2.086,   3.427,   0.500,   0.841,   3.427,   0.500,   3.427,   0.500,   3.427
202607010106,   2.125,   3.470,9999.000,9999.000,9999.000,9999.000,9999.000,9999.000,9999.000
202607010112,   2.162,   3.529,9999.000,9999.000,9999.000,9999.000,9999.000,9999.000,9999.000
202607010118,   2.198,   3.598,9999.000,9999.000,9999.000,9999.000,9999.000,9999.000,9999.000
202607010124,   2.232,   3.627,9999.000,9999.000,9999.000,9999.000,9999.000,9999.000,9999.000
202607010130,   2.264,   3.660,9999.000,9999.000,9999.000,9999.000,9999.000,9999.000,9999.000
202607010136,   2.294,   3.709,9999.000,9999.000,9999.000,9999.000,9999.000,9999.000,9999.000
202607010142,   2.321,   3.739,9999.000,9999.000,9999.000,9999.000,9999.000,9999.000,9999.000
202607010148,   2.347,   3.788,9999.000,9999.000,9999.000,9999.000,9999.000,9999.000,9999.000
202607010154,   2.370,   3.817,9999.000,9999.000,9999.000,9999.000,9999.000,9999.000,9999.000
202607010200,   2.390,   3.837,   0.500,   0.947,   3.837,   0.500,   3.837,   0.500,   3.837
202607010206,   2.407,   3.880,9999.000,9999.000,9999.000,9999.000,9999.000,9999.000,9999.000
202607010212,   2.422,   3.899,9999.000,9999.000,9999.000,9999.000,9999.000,9999.000,9999.000
202607010218,   2.433,   3.919,9999.000,9999.000,9999.000,9999.000,9999.000,9999.000,9999.000
202607010224,   2.441,   3.939,9999.000,9999.000,9999.000,9999.000,9999.000,9999.000,9999.000
202607010230,   2.446,   3.949,9999.000,9999.000,9999.000,9999.000,9999.000,9999.000,9999.000
202607010236,   2.447,   3.978,9999.000,9999.000,9999.000,9999.000,9999.000,9999.000,9999.000
202607010242,   2.445,   3.968,9999.000,9999.000,9999.000,9999.000,9999.000,9999.000,9999.000
202607010248,   2.439,   3.968,9999.000,9999.000,9999.000,9999.000,9999.000,9999.000,9999.000
202607010254,   2.430,   3.978,9999.000,9999.000,9999.000,9999.000,9999.000,9999.000,9999.000
202607010300,   2.417,   3.978,   0.500,   1.061,   3.978,   0.500,   3.978,   0.500,   3.978
202607010306,   2.400,   3.978,9999.000,9999.000,9999.000,9999.000,9999.000,9999.000,9999.000
202607010312,   2.380,   3.988,9999.000,9999.000,9999.000,9999.000,9999.000,9999.000,9999.000
202607010318,   2.357,   3.978,9999.000,9999.000,9999.000,9999.000,9999.000,9999.000,9999.000
202607010324,   2.330,   3.968,9999.000,9999.000,9999.000,9999.000,9999.000,9999.000,9999.000
202607010330,   2.301,   3.958,9999.000,9999.000,9999.000,9999.000,9999.000,9999.000,9999.000
202607010336,   2.269,   3.929,9999.000,9999.000,9999.000,9999.000,9999.000,9999.000,9999.000
202607010342,   2.234,   3.909,9999.000,9999.000,9999.000,9999.000,9999.000,9999.000,9999.000
202607010348,   2.197,   3.860,9999.000,9999.000,9999.000,9999.000,9999.000,9999.000,9999.000
202607010354,   2.158,   3.827,9999.000,9999.000,9999.000,9999.000,9999.000,9999.000,9999.000
202607010400,   2.118,   3.808,   0.500,   1.190,   3.808,   0.500,   3.808,   0.500,   3.808
202607010406,   2.076,   3.749,9999.000,9999.000,9999.000,9999.000,9999.000,9999.000,9999.000
202607010412,   2.033,   3.699,9999.000,9999.000,9999.000,9999.000,9999.000,9999.000,9999.000
202607010418,   1.989,   3.627,9999.000,9999.000,9999.000,9999.000,9999.000,9999.000,9999.000
202607010424,   1.944,   3.558,9999.000,9999.000,9999.000,9999.000,9999.000,9999.000,9999.000
202607010430,   1.899,   3.480,9999.000,9999.000,9999.000,9999.000,9999.000,9999.000,9999.000
202607010436,   1.854,   3.388,9999.000,9999.000,9999.000,9999.000,9999.000,9999.000,9999.000
202607010442,   1.809,   3.319,9999.000,9999.000,9999.000,9999.000,9999.000,9999.000,9999.000
202607010448,   1.764,   3.240,9999.000,9999.000,9999.000,9999.000,9999.000,9999.000,9999.000
202607010454,   1.720,   3.178,9999.000,9999.000,9999.000,9999.000,9999.000,9999.000,9999.000
202607010500,   1.676,   3.109,   0.400,   1.033,   3.109,   0.400,   3.109,   0.500,   3.209
202607010506,   1.633,   3.060,9999.000,9999.000,9999.000,9999.000,9999.000,9999.000,9999.000
202607010512,   1.590,   2.997,9999.000,9999.000,9999.000,9999.000,9999.000,9999.000,9999.000
202607010518,   1.548,   2.948,9999.000,9999.000,9999.000,9999.000,9999.000,9999.000,9999.000
202607010524,   1.507,   2.919,9999.000,9999.000,9999.000,9999.000,9999.000,9999.000,9999.000
202607010530,   1.466,   2.860,9999.000,9999.000,9999.000,9999.000,9999.000,9999.000,9999.000
202607010536,   1.426,   2.840,9999.000,9999.000,9999.000,9999.000,9999.000,9999.000,9999.000
202607010542,   1.387,   2.787,9999.000,9999.000,9999.000,9999.000,9999.000,9999.000,9999.000
202607010548,   1.348,   2.748,9999.000,9999.000,9999.000,9999.000,9999.000,9999.000,9999.000
202607010554,   1.310,   2.709,9999.000,9999.000,9999.000,9999.000,9999.000,9999.000,9999.000
202607010600,   1.272,   2.669,   0.400,   0.997,   2.669,   0.400,   2.669,   0.400,   2.669
202607010606,   1.234,   2.610,9999.000,9999.000,9999.000,9999.000,9999.000,9999.000,9999.000
202607010612,   1.197,   2.558,9999.000,9999.000,9999.000,9999.000,9999.000,9999.000,9999.000
202607010618,   1.159,   2.509,9999.000,9999.000,9999.000,9999.000,9999.000,9999.000,9999.000
202607010624,   1.122,   2.459,9999.000,9999.000,9999.000,9999.000,9999.000,9999.000,9999.000
202607010630,   1.086,   2.410,9999.000,9999.000,9999.000,9999.000,9999.000,9999.000,9999.000
202607010636,   1.049,   2.358,9999.000,9999.000,9999.000,9999.000,9999.000,9999.000,9999.000
202607010642,   1.012,   2.309,9999.000,9999.000,9999.000,9999.000,9999.000,9999.000,9999.000
202607010648,   0.975,   2.259,9999.000,9999.000,9999.000,9999.000,9999.000,9999.000,9999.000
202607010654,   0.939,   2.200,9999.000,9999.000,9999.000,9999.000,9999.000,9999.000,9999.000
202607010700,   0.902,   2.128,   0.400,   0.826,   2.128,   0.400,   2.128,   0.400,   2.128
202607010706,   0.866,   2.089,9999.000,9999.000,9999.000,9999.000,9999.000,9999.000,9999.000
202607010712,   0.830,   2.030,9999.000,9999.000,9999.000,9999.000,9999.000,9999.000,9999.000
202607010718,   0.793,   1.981,9999.000,9999.000,9999.000,9999.000,9999.000,9999.000,9999.000
202607010724,   0.757,   1.928,9999.000,9999.000,9999.000,9999.000,9999.000,9999.000,9999.000
202607010730,   0.722,   1.869,9999.000,9999.000,9999.000,9999.000,9999.000,9999.000,9999.000
202607010736,   0.687,   1.820,9999.000,9999.000,9999.000,9999.000,9999.000,9999.000,9999.000
202607010742,   0.652,   1.767,9999.000,9999.000,9999.000,9999.000,9999.000,9999.000,9999.000
202607010748,   0.618,   1.718,9999.000,9999.000,9999.000,9999.000,9999.000,9999.000,9999.000
202607010754,   0.584,   1.659,9999.000,9999.000,9999.000,9999.000,9999.000,9999.000,9999.000
202607010800,   0.551,   1.620,   0.400,   0.669,   1.620,   0.400,   1.620,   0.400,   1.620
202607010806,   0.519,   1.580,9999.000,9999.000,9999.000,9999.000,9999.000,9999.000,9999.000
202607010812,   0.488,   1.528,9999.000,9999.000,9999.000,9999.000,9999.000,9999.000,9999.000
202607010818,   0.459,   1.489,9999.000,9999.000,9999.000,9999.000,9999.000,9999.000,9999.000
202607010824,   0.430,   1.449,9999.000,9999.000,9999.000,9999.000,9999.000,9999.000,9999.000
202607010830,   0.403,   1.410,9999.000,9999.000,9999.000,9999.000,9999.000,9999.000,9999.000
202607010836,   0.378,   1.361,9999.000,9999.000,9999.000,9999.000,9999.000,9999.000,9999.000
202607010842,   0.354,   1.308,9999.000,9999.000,9999.000,9999.000,9999.000,9999.000,9999.000
202607010848,   0.332,   1.279,9999.000,9999.000,9999.000,9999.000,9999.000,9999.000,9999.000
202607010854,   0.313,   1.229,9999.000,9999.000,9999.000,9999.000,9999.000,9999.000,9999.000
202607010900,   0.296,   1.200,   0.400,   0.504,   1.200,   0.400,   1.200,   0.400,   1.200
202607010906,   0.281,   1.180,9999.000,9999.000,9999.000,9999.000,9999.000,9999.000,9999.000
202607010912,   0.268,   1.151,9999.000,9999.000,9999.000,9999.000,9999.000,9999.000,9999.000
202607010918,   0.259,   1.118,9999.000,9999.000,9999.000,9999.000,9999.000,9999.000,9999.000
202607010924,   0.252,   1.098,9999.000,9999.000,9999.000,9999.000,9999.000,9999.000,9999.000
202607010930,   0.249,   1.079,9999.000,9999.000,9999.000,9999.000,9999.000,9999.000,9999.000
202607010936,   0.248,   1.069,9999.000,9999.000,9999.000,9999.000,9999.000,9999.000,9999.000
202607010942,   0.251,   1.049,9999.000,9999.000,9999.000,9999.000,9999.000,9999.000,9999.000
202607010948,   0.258,   1.039,9999.000,9999.000,9999.000,9999.000,9999.000,9999.000,9999.000
202607010954,   0.267,   1.020,9999.000,9999.000,9999.000,9999.000,9999.000,9999.000,9999.000
202607011000,   0.280,   1.010,   0.400,   0.330,   1.010,   0.300,   0.910,   0.400,   1.010
202607011006,   0.297,   1.010,9999.000,9999.000,9999.000,9999.000,9999.000,9999.000,9999.000
202607011012,   0.317,   1.020,9999.000,9999.000,9999.000,9999.000,9999.000,9999.000,9999.000
202607011018,   0.340,   1.020,9999.000,9999.000,9999.000,9999.000,9999.000,9999.000,9999.000
202607011024,   0.366,   1.029,9999.000,9999.000,9999.000,9999.000,9999.000,9999.000,9999.000
202607011030,   0.396,   1.029,9999.000,9999.000,9999.000,9999.000,9999.000,9999.000,9999.000
202607011036,   0.428,   1.049,9999.000,9999.000,9999.000,9999.000,9999.000,9999.000,9999.000
202607011042,   0.464,   1.069,9999.000,9999.000,9999.000,9999.000,9999.000,9999.000,9999.000
202607011048,   0.501,   1.108,9999.000,9999.000,9999.000,9999.000,9999.000,9999.000,9999.000
202607011054,   0.541,   1.151,9999.000,9999.000,9999.000,9999.000,9999.000,9999.000,9999.000
202607011100,   0.583,   1.210,   0.300,   0.327,   1.210,   0.300,   1.210,   0.400,   1.310
202607011106,   0.626,   1.259,9999.000,9999.000,9999.000,9999.000,9999.000,9999.000,9999.000
202607011112,   0.671,   1.338,9999.000,9999.000,9999.000,9999.000,9999.000,9999.000,9999.000
202607011118,   0.718,   1.400,9999.000,9999.000,9999.000,9999.000,9999.000,9999.000,9999.000
202607011124,   0.764,   1.469,9999.000,9999.000,9999.000,9999.000,9999.000,9999.000,9999.000
202607011130,   0.812,   1.538,9999.000,9999.000,9999.000,9999.000,9999.000,9999.000,9999.000
202607011136,   0.859,   1.610,9999.000,9999.000,9999.000,9999.000,9999.000,9999.000,9999.000
202607011142,   0.907,   1.679,9999.000,9999.000,9999.000,9999.000,9999.000,9999.000,9999.000
202607011148,   0.954,   1.738,9999.000,9999.000,9999.000,9999.000,9999.000,9999.000,9999.000
202607011154,   1.001,   1.790,9999.000,9999.000,9999.000,9999.000,9999.000,9999.000,9999.000
202607011200,   1.047,   1.849,   0.300,   0.502,   1.849,   0.300,   1.849,   0.300,   1.849
202607011206,   1.092,   1.899,9999.000,9999.000,9999.000,9999.000,9999.000,9999.000,9999.000
202607011212,   1.136,   1.967,9999.000,9999.000,9999.000,9999.000,9999.000,9999.000,9999.000
202607011218,   1.179,   2.000,9999.000,9999.000,9999.000,9999.000,9999.000,9999.000,9999.000
202607011224,   1.220,   2.030,9999.000,9999.000,9999.000,9999.000,9999.000,9999.000,9999.000
202607011230,   1.260,   2.089,9999.000,9999.000,9999.000,9999.000,9999.000,9999.000,9999.000
202607011236,   1.299,   2.118,9999.000,9999.000,9999.000,9999.000,9999.000,9999.000,9999.000
202607011242,   1.336,   2.158,9999.000,9999.000,9999.000,9999.000,9999.000,9999.000,9999.000
202607011248,   1.372,   2.200,9999.000,9999.000,9999.000,9999.000,9999.000,9999.000,9999.000
202607011254,   1.406,   2.230,9999.000,9999.000,9999.000,9999.000,9999.000,9999.000,9999.000
202607011300,   1.439,   2.269,   0.300,   0.530,   2.269,   0.300,   2.269,   0.300,   2.269
202607011306,   1.471,   2.299,9999.000,9999.000,9999.000,9999.000,9999.000,9999.000,9999.000
202607011312,   1.501,   2.338,9999.000,9999.000,9999.000,9999.000,9999.000,9999.000,9999.000
202607011318,   1.530,   2.377,9999.000,9999.000,9999.000,9999.000,9999.000,9999.000,9999.000
202607011324,   1.558,   2.430,9999.000,9999.000,9999.000,9999.000,9999.000,9999.000,9999.000
202607011330,   1.584,   2.479,9999.000,9999.000,9999.000,9999.000,9999.000,9999.000,9999.000
202607011336,   1.609,   2.499,9999.000,9999.000,9999.000,9999.000,9999.000,9999.000,9999.000
202607011342,   1.632,   2.548,9999.000,9999.000,9999.000,9999.000,9999.000,9999.000,9999.000
202607011348,   1.654,   2.578,9999.000,9999.000,9999.000,9999.000,9999.000,9999.000,9999.000
202607011354,   1.674,   2.640,9999.000,9999.000,9999.000,9999.000,9999.000,9999.000,9999.000
202607011400,   1.693,   2.679,   0.300,   0.686,   2.679,   0.300,   2.679,   0.300,   2.679
202607011406,   1.710,   2.699,9999.000,9999.000,9999.000,9999.000,9999.000,9999.000,9999.000
202607011412,   1.725,   2.719,9999.000,9999.000,9999.000,9999.000,9999.000,9999.000,9999.000
202607011418,   1.738,   2.719,9999.000,9999.000,9999.000,9999.000,9999.000,9999.000,9999.000
202607011424,   1.749,   2.748,9999.000,9999.000,9999.000,9999.000,9999.000,9999.000,9999.000
202607011430,   1.757,   2.748,9999.000,9999.000,9999.000,9999.000,9999.000,9999.000,9999.000
202607011436,   1.763,   2.748,9999.000,9999.000,9999.000,9999.000,9999.000,9999.000,9999.000
202607011442,   1.766,   2.758,9999.000,9999.000,9999.000,9999.000,9999.000,9999.000,9999.000
202607011448,   1.767,   2.768,9999.000,9999.000,9999.000,9999.000,9999.000,9999.000,9999.000
202607011454,   1.765,   2.758,9999.000,9999.000,9999.000,9999.000,9999.000,9999.000,9999.000
202607011500,   1.759,   2.758,   0.300,   0.699,   2.758,   0.200,   2.658,   0.300,   2.758
202607011506,   1.751,   2.758,9999.000,9999.000,9999.000,9999.000,9999.000,9999.000,9999.000
202607011512,   1.739,   2.778,9999.000,9999.000,9999.000,9999.000,9999.000,9999.000,9999.000
202607011518,   1.725,   2.787,9999.000,9999.000,9999.000,9999.000,9999.000,9999.000,9999.000
202607011524,   1.707,   2.787,9999.000,9999.000,9999.000,9999.000,9999.000,9999.000,9999.000
202607011530,   1.686,   2.778,9999.000,9999.000,9999.000,9999.000,9999.000,9999.000,9999.000
202607011536,   1.663,   2.758,9999.000,9999.000,9999.000,9999.000,9999.000,9999.000,9999.000
202607011542,   1.636,   2.738,9999.000,9999.000,9999.000,9999.000,9999.000,9999.000,9999.000
202607011548,   1.607,   2.669,9999.000,9999.000,9999.000,9999.000,9999.000,9999.000,9999.000
202607011554,   1.575,   2.630,9999.000,9999.000,9999.000,9999.000,9999.000,9999.000,9999.000
202607011600,   1.541,   2.558,   0.200,   0.817,   2.558,   0.200,   2.558,   0.300,   2.658
202607011606,   1.504,   2.499,9999.000,9999.000,9999.000,9999.000,9999.000,9999.000,9999.000
202607011612,   1.466,   2.459,9999.000,9999.000,9999.000,9999.000,9999.000,9999.000,9999.000
202607011618,   1.427,   2.430,9999.000,9999.000,9999.000,9999.000,9999.000,9999.000,9999.000
202607011624,   1.386,   2.368,9999.000,9999.000,9999.000,9999.000,9999.000,9999.000,9999.000
202607011630,   1.344,   2.328,9999.000,9999.000,9999.000,9999.000,9999.000,9999.000,9999.000
202607011636,   1.302,   2.289,9999.000,9999.000,9999.000,9999.000,9999.000,9999.000,9999.000
202607011642,   1.259,   2.230,9999.000,9999.000,9999.000,9999.000,9999.000,9999.000,9999.000
202607011648,   1.216,   2.177,9999.000,9999.000,9999.000,9999.000,9999.000,9999.000,9999.000
202607011654,   1.173,   2.138,9999.000,9999.000,9999.000,9999.000,9999.000,9999.000,9999.000
202607011700,   1.130,   2.099,   0.200,   0.769,   2.099,   0.200,   2.099,   0.300,   2.199
202607011706,   1.088,   2.049,9999.000,9999.000,9999.000,9999.000,9999.000,9999.000,9999.000
202607011712,   1.046,   2.020,9999.000,9999.000,9999.000,9999.000,9999.000,9999.000,9999.000
202607011718,   1.005,   1.990,9999.000,9999.000,9999.000,9999.000,9999.000,9999.000,9999.000
202607011724,   0.965,   1.967,9999.000,9999.000,9999.000,9999.000,9999.000,9999.000,9999.000
202607011730,   0.926,   1.918,9999.000,9999.000,9999.000,9999.000,9999.000,9999.000,9999.000
202607011736,   0.888,   1.879,9999.000,9999.000,9999.000,9999.000,9999.000,9999.000,9999.000
202607011742,   0.851,   1.849,9999.000,9999.000,9999.000,9999.000,9999.000,9999.000,9999.000
202607011748,   0.815,   1.810,9999.000,9999.000,9999.000,9999.000,9999.000,9999.000,9999.000
202607011754,   0.780,   1.767,9999.000,9999.000,9999.000,9999.000,9999.000,9999.000,9999.000
202607011800,   0.746,   1.738,   0.200,   0.792,   1.738,   0.200,   1.738,   0.300,   1.838
202607011806,   0.713,   1.708,9999.000,9999.000,9999.000,9999.000,9999.000,9999.000,9999.000
202607011812,   0.681,   1.649,9999.000,9999.000,9999.000,9999.000,9999.000,9999.000,9999.000
202607011818,   0.650,   1.590,9999.000,9999.000,9999.000,9999.000,9999.000,9999.000,9999.000
202607011824,   0.619,   1.538,9999.000,9999.000,9999.000,9999.000,9999.000,9999.000,9999.000
202607011830,   0.589,   1.489,9999.000,9999.000,9999.000,9999.000,9999.000,9999.000,9999.000
202607011836,   0.560,   1.420,9999.000,9999.000,9999.000,9999.000,9999.000,9999.000,9999.000
202607011842,   0.532,   1.390,9999.000,9999.000,9999.000,9999.000,9999.000,9999.000,9999.000
202607011848,   0.504,   1.338,9999.000,9999.000,9999.000,9999.000,9999.000,9999.000,9999.000
202607011854,   0.476,   1.269,9999.000,9999.000,9999.000,9999.000,9999.000,9999.000,9999.000
202607011900,   0.449,   1.239,   0.200,   0.590,   1.239,   0.200,   1.239,   0.200,   1.239
202607011906,   0.423,   1.200,9999.000,9999.000,9999.000,9999.000,9999.000,9999.000,9999.000
202607011912,   0.396,   1.138,9999.000,9999.000,9999.000,9999.000,9999.000,9999.000,9999.000
202607011918,   0.371,   1.098,9999.000,9999.000,9999.000,9999.000,9999.000,9999.000,9999.000
202607011924,   0.345,   1.059,9999.000,9999.000,9999.000,9999.000,9999.000,9999.000,9999.000
202607011930,   0.320,   1.020,9999.000,9999.000,9999.000,9999.000,9999.000,9999.000,9999.000
202607011936,   0.296,   0.990,9999.000,9999.000,9999.000,9999.000,9999.000,9999.000,9999.000
202607011942,   0.272,   0.928,9999.000,9999.000,9999.000,9999.000,9999.000,9999.000,9999.000
202607011948,   0.248,   0.888,9999.000,9999.000,9999.000,9999.000,9999.000,9999.000,9999.000
202607011954,   0.226,   0.869,9999.000,9999.000,9999.000,9999.000,9999.000,9999.000,9999.000
202607012000,   0.204,   0.829,   0.200,   0.425,   0.829,   0.100,   0.729,   0.200,   0.829
202607012006,   0.183,   0.780,9999.000,9999.000,9999.000,9999.000,9999.000,9999.000,9999.000
202607012012,   0.162,   0.751,9999.000,9999.000,9999.000,9999.000,9999.000,9999.000,9999.000
202607012018,   0.143,   0.718,9999.000,9999.000,9999.000,9999.000,9999.000,9999.000,9999.000
202607012024,   0.125,   0.688,9999.000,9999.000,9999.000,9999.000,9999.000,9999.000,9999.000
202607012030,   0.109,   0.659,9999.000,9999.000,9999.000,9999.000,9999.000,9999.000,9999.000
202607012036,   0.093,   0.629,9999.000,9999.000,9999.000,9999.000,9999.000,9999.000,9999.000
202607012042,   0.079,   0.580,9999.000,9999.000,9999.000,9999.000,9999.000,9999.000,9999.000
202607012048,   0.067,   0.570,9999.000,9999.000,9999.000,9999.000,9999.000,9999.000,9999.000
202607012054,   0.057,   0.541,9999.000,9999.000,9999.000,9999.000,9999.000,9999.000,9999.000
202607012100,   0.049,   0.531,   0.200,   0.282,   0.531,   0.100,   0.431,   0.200,   0.531
202607012106,   0.043,   0.518,9999.000,9999.000,9999.000,9999.000,9999.000,9999.000,9999.000
202607012112,   0.039,   0.488,9999.000,9999.000,9999.000,9999.000,9999.000,9999.000,9999.000
202607012118,   0.037,   0.478,9999.000,9999.000,9999.000,9999.000,9999.000,9999.000,9999.000
202607012124,   0.038,   0.478,9999.000,9999.000,9999.000,9999.000,9999.000,9999.000,9999.000
202607012130,   0.042,   0.478,9999.000,9999.000,9999.000,9999.000,9999.000,9999.000,9999.000
202607012136,   0.049,   0.508,9999.000,9999.000,9999.000,9999.000,9999.000,9999.000,9999.000
202607012142,   0.059,   0.531,9999.000,9999.000,9999.000,9999.000,9999.000,9999.000,9999.000
202607012148,   0.073,   0.580,9999.000,9999.000,9999.000,9999.000,9999.000,9999.000,9999.000
202607012154,   0.089,   0.629,9999.000,9999.000,9999.000,9999.000,9999.000,9999.000,9999.000
202607012200,   0.109,   0.698,   0.100,   0.489,   0.698,   0.100,   0.698,   0.200,   0.798
202607012206,   0.132,   0.718,9999.000,9999.000,9999.000,9999.000,9999.000,9999.000,9999.000
202607012212,   0.160,   0.810,9999.000,9999.000,9999.000,9999.000,9999.000,9999.000,9999.000
202607012218,   0.190,   0.849,9999.000,9999.000,9999.000,9999.000,9999.000,9999.000,9999.000
202607012224,   0.224,   0.918,9999.000,9999.000,9999.000,9999.000,9999.000,9999.000,9999.000
202607012230,   0.262,   0.990,9999.000,9999.000,9999.000,9999.000,9999.000,9999.000,9999.000
202607012236,   0.304,   1.059,9999.000,9999.000,9999.000,9999.000,9999.000,9999.000,9999.000
202607012242,   0.349,   1.128,9999.000,9999.000,9999.000,9999.000,9999.000,9999.000,9999.000
202607012248,   0.397,   1.190,9999.000,9999.000,9999.000,9999.000,9999.000,9999.000,9999.000
202607012254,   0.448,   1.279,9999.000,9999.000,9999.000,9999.000,9999.000,9999.000,9999.000
202607012300,   0.502,   1.348,   0.100,   0.746,   1.348,   0.100,   1.348,   0.200,   1.448
202607012306,   0.559,   1.420,9999.000,9999.000,9999.000,9999.000,9999.000,9999.000,9999.000
202607012312,   0.619,   1.489,9999.000,9999.000,9999.000,9999.000,9999.000,9999.000,9999.000
202607012318,   0.680,   1.548,9999.000,9999.000,9999.000,9999.000,9999.000,9999.000,9999.000
202607012324,   0.744,   1.600,9999.000,9999.000,9999.000,9999.000,9999.000,9999.000,9999.000
202607012330,   0.809,   1.669,9999.000,9999.000,9999.000,9999.000,9999.000,9999.000,9999.000
202607012336,   0.875,   1.708,9999.000,9999.000,9999.000,9999.000,9999.000,9999.000,9999.000
202607012342,   0.942,   1.767,9999.000,9999.000,9999.000,9999.000,9999.000,9999.000,9999.000
202607012348,   1.010,   1.840,9999.000,9999.000,9999.000,9999.000,9999.000,9999.000,9999.000
202607012354,   1.078,   1.889,9999.000,9999.000,9999.000,9999.000,9999.000,9999.000,9999.000
202607020000,   1.146,   1.967,   0.100,   0.721,   1.967,   0.100,   1.967,   0.100,   1.967
202607020006,   1.214,   2.010,9999.000,9999.000,9999.000,9999.000,9999.000,9999.000,9999.000
202607020012,   1.281,   2.069,9999.000,9999.000,9999.000,9999.000,9999.000,9999.000,9999.000
202607020018,   1.346,   2.138,9999.000,9999.000,9999.000,9999.000,9999.000,9999.000,9999.000
202607020024,   1.411,   2.200,9999.000,9999.000,9999.000,9999.000,9999.000,9999.000,9999.000
202607020030,   1.474,   2.279,9999.000,9999.000,9999.000,9999.000,9999.000,9999.000,9999.000
202607020036,   1.536,   2.338,9999.000,9999.000,9999.000,9999.000,9999.000,9999.000,9999.000
202607020042,   1.596,   2.410,9999.000,9999.000,9999.000,9999.000,9999.000,9999.000,9999.000
202607020048,   1.654,   2.479,9999.000,9999.000,9999.000,9999.000,9999.000,9999.000,9999.000
202607020054,   1.710,   2.558,9999.000,9999.000,9999.000,9999.000,9999.000,9999.000,9999.000
202607020100,   1.764,   2.630,   0.100,   0.766,   2.630,   0.000,   2.530,   0.100,   2.630
202607020106,   1.816,   2.689,9999.000,9999.000,9999.000,9999.000,9999.000,9999.000,9999.000
202607020112,   1.866,   2.738,9999.000,9999.000,9999.000,9999.000,9999.000,9999.000,9999.000
202607020118,   1.914,   2.820,9999.000,9999.000,9999.000,9999.000,9999.000,9999.000,9999.000
202607020124,   1.960,   2.869,9999.000,9999.000,9999.000,9999.000,9999.000,9999.000,9999.000
202607020130,   2.004,   2.919,9999.000,9999.000,9999.000,9999.000,9999.000,9999.000,9999.000
202607020136,   2.045,   2.978,9999.000,9999.000,9999.000,9999.000,9999.000,9999.000,9999.000
202607020142,   2.085,   3.040,9999.000,9999.000,9999.000,9999.000,9999.000,9999.000,9999.000
202607020148,   2.122,   3.089,9999.000,9999.000,9999.000,9999.000,9999.000,9999.000,9999.000
202607020154,   2.158,   3.138,9999.000,9999.000,9999.000,9999.000,9999.000,9999.000,9999.000
202607020200,   2.191,   3.188,   0.100,   0.897,   3.188,   0.000,   3.088,   0.100,   3.188
202607020206,   2.223,   3.240,9999.000,9999.000,9999.000,9999.000,9999.000,9999.000,9999.000
202607020212,   2.252,   3.279,9999.000,9999.000,9999.000,9999.000,9999.000,9999.000,9999.000
202607020218,   2.279,   3.319,9999.000,9999.000,9999.000,9999.000,9999.000,9999.000,9999.000
202607020224,   2.304,   3.368,9999.000,9999.000,9999.000,9999.000,9999.000,9999.000,9999.000
202607020230,   2.327,   3.407,9999.000,9999.000,9999.000,9999.000,9999.000,9999.000,9999.000
202607020236,   2.347,   3.427,9999.000,9999.000,9999.000,9999.000,9999.000,9999.000,9999.000
202607020242,   2.364,   3.460,9999.000,9999.000,9999.000,9999.000,9999.000,9999.000,9999.000
202607020248,   2.379,   3.489,9999.000,9999.000,9999.000,9999.000,9999.000,9999.000,9999.000
202607020254,   2.391,   3.509,9999.000,9999.000,9999.000,9999.000,9999.000,9999.000,9999.000
202607020300,   2.400,   3.519,   0.000,   1.119,   3.519,   0.000,   3.519,   0.100,   3.619
202607020306,   2.406,   3.548,9999.000,9999.000,9999.000,9999.000,9999.000,9999.000,9999.000
202607020312,   2.409,   3.548,9999.000,9999.000,9999.000,9999.000,9999.000,9999.000,9999.000
202607020318,   2.408,   3.558,9999.000,9999.000,9999.000,9999.000,9999.000,9999.000,9999.000
202607020324,   2.404,   3.578,9999.000,9999.000,9999.000,9999.000,9999.000,9999.000,9999.000
202607020330,   2.397,   3.588,9999.000,9999.000,9999.000,9999.000,9999.000,9999.000,9999.000
202607020336,   2.386,   3.588,9999.000,9999.000,9999.000,9999.000,9999.000,9999.000,9999.000
202607020342,   2.372,   3.578,9999.000,9999.000,9999.000,9999.000,9999.000,9999.000,9999.000
202607020348,   2.354,   3.568,9999.000,9999.000,9999.000,9999.000,9999.000,9999.000,9999.000
202607020354,   2.333,   3.568,9999.000,9999.000,9999.000,9999.000,9999.000,9999.000,9999.000
202607020400,   2.308,   3.558,   0.000,   1.250,   3.558,   0.000,   3.558,   0.100,   3.658
202607020406,   2.281,   3.529,9999.000,9999.000,9999.000,9999.000,9999.000,9999.000,9999.000
202607020412,   2.250,   3.519,9999.000,9999.000,9999.000,9999.000,9999.000,9999.000,9999.000
202607020418,   2.217,   3.499,9999.000,9999.000,9999.000,9999.000,9999.000,9999.000,9999.000
202607020424,   2.181,   3.470,9999.000,9999.000,9999.000,9999.000,9999.000,9999.000,9999.000
202607020430,   2.143,   3.427,9999.000,9999.000,9999.000,9999.000,9999.000,9999.000,9999.000
202607020436,   2.103,   3.368,9999.000,9999.000,9999.000,9999.000,9999.000,9999.000,9999.000
202607020442,   2.061,   3.309,9999.000,9999.000,9999.000,9999.000,9999.000,9999.000,9999.000
202607020448,   2.017,   3.250,9999.000,9999.000,9999.000,9999.000,9999.000,9999.000,9999.000
202607020454,   1.973,   3.188,9999.000,9999.000,9999.000,9999.000,9999.000,9999.000,9999.000
202607020500,   1.927,   3.119,   0.000,   1.192,   3.119,   0.000,   3.119,   0.100,   3.219
202607020506,   1.881,   3.040,9999.000,9999.000,9999.000,9999.000,9999.000,9999.000,9999.000
202607020512,   1.834,   2.978,9999.000,9999.000,9999.000,9999.000,9999.000,9999.000,9999.000
202607020518,   1.787,   2.909,9999.000,9999.000,9999.000,9999.000,9999.000,9999.000,9999.000
202607020524,   1.740,   2.850,9999.000,9999.000,9999.000,9999.000,9999.000,9999.000,9999.000
202607020530,   1.694,   2.787,9999.000,9999.000,9999.000,9999.000,9999.000,9999.000,9999.000
202607020536,   1.648,   2.728,9999.000,9999.000,9999.000,9999.000,9999.000,9999.000,9999.000
202607020542,   1.602,   2.669,9999.000,9999.000,9999.000,9999.000,9999.000,9999.000,9999.000
202607020548,   1.557,   2.620,9999.000,9999.000,9999.000,9999.000,9999.000,9999.000,9999.000
202607020554,   1.513,   2.568,9999.000,9999.000,9999.000,9999.000,9999.000,9999.000,9999.000
202607020600,   1.470,   2.548,   0.000,   1.078,   2.548,   0.000,   2.548,   0.100,   2.648
202607020606,   1.428,   2.489,9999.000,9999.000,9999.000,9999.000,9999.000,9999.000,9999.000
202607020612,   1.386,   2.459,9999.000,9999.000,9999.000,9999.000,9999.000,9999.000,9999.000
202607020618,   1.346,   2.420,9999.000,9999.000,9999.000,9999.000,9999.000,9999.000,9999.000
202607020624,   1.306,   2.377,9999.000,9999.000,9999.000,9999.000,9999.000,9999.000,9999.000
202607020630,   1.266,   2.328,9999.000,9999.000,9999.000,9999.000,9999.000,9999.000,9999.000
202607020636,   1.228,   2.289,9999.000,9999.000,9999.000,9999.000,9999.000,9999.000,9999.000
202607020642,   1.190,   2.240,9999.000,9999.000,9999.000,9999.000,9999.000,9999.000,9999.000
202607020648,   1.153,   2.200,9999.000,9999.000,9999.000,9999.000,9999.000,9999.000,9999.000
202607020654,   1.116,   2.148,9999.000,9999.000,9999.000,9999.000,9999.000,9999.000,9999.000
202607020700,   1.079,   2.089,   0.000,   1.010,   2.089,   0.000,   2.089,   0.000,   2.089
202607020706,   1.043,   2.040,9999.000,9999.000,9999.000,9999.000,9999.000,9999.000,9999.000
202607020712,   1.007,   1.990,9999.000,9999.000,9999.000,9999.000,9999.000,9999.000,9999.000
202607020718,   0.971,   1.938,9999.000,9999.000,9999.000,9999.000,9999.000,9999.000,9999.000
202607020724,   0.935,   1.879,9999.000,9999.000,9999.000,9999.000,9999.000,9999.000,9999.000
202607020730,   0.900,   1.830,9999.000,9999.000,9999.000,9999.000,9999.000,9999.000,9999.000
202607020736,   0.864,   1.767,9999.000,9999.000,9999.000,9999.000,9999.000,9999.000,9999.000
202607020742,   0.829,   1.718,9999.000,9999.000,9999.000,9999.000,9999.000,9999.000,9999.000
202607020748,   0.793,   1.659,9999.000,9999.000,9999.000,9999.000,9999.000,9999.000,9999.000
202607020754,   0.758,   1.610,9999.000,9999.000,9999.000,9999.000,9999.000,9999.000,9999.000
202607020800,   0.723,   1.557,   0.000,   0.834,   1.557,   0.000,   1.557,   0.000,   1.557
202607020806,   0.688,   1.518,9999.000,9999.000,9999.000,9999.000,9999.000,9999.000,9999.000
202607020812,   0.653,   1.479,9999.000,9999.000,9999.000,9999.000,9999.000,9999.000,9999.000
202607020818,   0.619,   1.439,9999.000,9999.000,9999.000,9999.000,9999.000,9999.000,9999.000
202607020824,   0.585,   1.390,9999.000,9999.000,9999.000,9999.000,9999.000,9999.000,9999.000
202607020830,   0.551,   1.338,9999.000,9999.000,9999.000,9999.000,9999.000,9999.000,9999.000
202607020836,   0.518,   1.289,9999.000,9999.000,9999.000,9999.000,9999.000,9999.000,9999.000
202607020842,   0.486,   1.239,9999.000,9999.000,9999.000,9999.000,9999.000,9999.000,9999.000
202607020848,   0.455,   1.200,9999.000,9999.000,9999.000,9999.000,9999.000,9999.000,9999.000
202607020854,   0.425,   1.161,9999.000,9999.000,9999.000,9999.000,9999.000,9999.000,9999.000
202607020900,   0.395,   1.118,   0.000,   0.723,   1.118,   0.000,   1.118,   0.000,   1.118
202607020906,   0.367,   1.079,9999.000,9999.000,9999.000,9999.000,9999.000,9999.000,9999.000
202607020912,   0.341,   1.039,9999.000,9999.000,9999.000,9999.000,9999.000,9999.000,9999.000
202607020918,   0.316,   1.000,9999.000,9999.000,9999.000,9999.000,9999.000,9999.000,9999.000
202607020924,   0.292,   0.951,9999.000,9999.000,9999.000,9999.000,9999.000,9999.000,9999.000
202607020930,   0.271,   0.918,9999.000,9999.000,9999.000,9999.000,9999.000,9999.000,9999.000
202607020936,   0.252,   0.898,9999.000,9999.000,9999.000,9999.000,9999.000,9999.000,9999.000
202607020942,   0.235,   0.879,9999.000,9999.000,9999.000,9999.000,9999.000,9999.000,9999.000
202607020948,   0.220,   0.849,9999.000,9999.000,9999.000,9999.000,9999.000,9999.000,9999.000
202607020954,   0.208,   0.829,9999.000,9999.000,9999.000,9999.000,9999.000,9999.000,9999.000
202607021000,   0.199,   0.810,   0.000,   0.611,   0.810,   0.000,   0.810,   0.000,   0.810
202607021006,   0.193,   0.790,9999.000,9999.000,9999.000,9999.000,9999.000,9999.000,9999.000
202607021012,   0.190,   0.770,9999.000,9999.000,9999.000,9999.000,9999.000,9999.000,9999.000
202607021018,   0.190,   0.751,9999.000,9999.000,9999.000,9999.000,9999.000,9999.000,9999.000
202607021024,   0.194,   0.718,9999.000,9999.000,9999.000,9999.000,9999.000,9999.000,9999.000
202607021030,   0.201,   0.708,9999.000,9999.000,9999.000,9999.000,9999.000,9999.000,9999.000
202607021036,   0.211,   0.698,9999.000,9999.000,9999.000,9999.000,9999.000,9999.000,9999.000
202607021042,   0.225,   0.698,9999.000,9999.000,9999.000,9999.000,9999.000,9999.000,9999.000
202607021048,   0.243,   0.708,9999.000,9999.000,9999.000,9999.000,9999.000,9999.000,9999.000
202607021054,   0.264,   0.741,9999.000,9999.000,9999.000,9999.000,9999.000,9999.000,9999.000
202607021100,   0.289,   0.780,   0.000,   0.491,   0.780,   0.000,   0.780,   0.000,   0.780
202607021106,   0.318,   0.819,9999.000,9999.000,9999.000,9999.000,9999.000,9999.000,9999.000
202607021112,   0.350,   0.839,9999.000,9999.000,9999.000,9999.000,9999.000,9999.000,9999.000
202607021118,   0.385,   0.888,9999.000,9999.000,9999.000,9999.000,9999.000,9999.000,9999.000
202607021124,   0.423,   0.918,9999.000,9999.000,9999.000,9999.000,9999.000,9999.000,9999.000
202607021130,   0.464,   0.961,9999.000,9999.000,9999.000,9999.000,9999.000,9999.000,9999.000
202607021136,   0.508,   1.020,9999.000,9999.000,9999.000,9999.000,9999.000,9999.000,9999.000
202607021142,   0.554,   1.069,9999.000,9999.000,9999.000,9999.000,9999.000,9999.000,9999.000
202607021148,   0.602,   1.138,9999.000,9999.000,9999.000,9999.000,9999.000,9999.000,9999.000
202607021154,   0.652,   1.220,9999.000,9999.000,9999.000,9999.000,9999.000,9999.000,9999.000
202607021200,   0.703,   1.298,   0.000,   0.595,   1.298,   0.000,   1.298,   0.000,   1.298
202607021206,   0.756,   1.371,9999.000,9999.000,9999.000,9999.000,9999.000,9999.000,9999.000
202607021212,   0.809,   1.439,9999.000,9999.000,9999.000,9999.000,9999.000,9999.000,9999.000
202607021218,   0.863,   1.518,9999.000,9999.000,9999.000,9999.000,9999.000,9999.000,9999.000
202607021224,   0.917,   1.580,9999.000,9999.000,9999.000,9999.000,9999.000,9999.000,9999.000
202607021230,   0.970,   1.649,9999.000,9999.000,9999.000,9999.000,9999.000,9999.000,9999.000
202607021236,   1.023,   1.728,9999.000,9999.000,9999.000,9999.000,9999.000,9999.000,9999.000
202607021242,   1.076,   1.781,9999.000,9999.000,9999.000,9999.000,9999.000,9999.000,9999.000
202607021248,   1.127,   1.830,9999.000,9999.000,9999.000,9999.000,9999.000,9999.000,9999.000
202607021254,   1.178,   1.889,9999.000,9999.000,9999.000,9999.000,9999.000,9999.000,9999.000
202607021300,   1.227,   1.928,   0.000,   0.701,   1.928,   0.000,   1.928,   0.000,   1.928
202607021306,   1.274,   1.967,9999.000,9999.000,9999.000,9999.000,9999.000,9999.000,9999.000
202607021312,   1.320,   2.010,9999.000,9999.000,9999.000,9999.000,9999.000,9999.000,9999.000
202607021318,   1.364,   2.059,9999.000,9999.000,9999.000,9999.000,9999.000,9999.000,9999.000
202607021324,   1.406,   2.118,9999.000,9999.000,9999.000,9999.000,9999.000,9999.000,9999.000
202607021330,   1.446,   2.168,9999.000,9999.000,9999.000,9999.000,9999.000,9999.000,9999.000
202607021336,   1.485,   2.220,9999.000,9999.000,9999.000,9999.000,9999.000,9999.000,9999.000
202607021342,   1.522,   2.259,9999.000,9999.000,9999.000,9999.000,9999.000,9999.000,9999.000
202607021348,   1.556,   2.309,9999.000,9999.000,9999.000,9999.000,9999.000,9999.000,9999.000
202607021354,   1.589,   2.358,9999.000,9999.000,9999.000,9999.000,9999.000,9999.000,9999.000
202607021400,   1.621,   2.387,   0.000,   0.766,   2.387,   0.000,   2.387,   0.000,   2.387
202607021406,   1.650,   2.420,9999.000,9999.000,9999.000,9999.000,9999.000,9999.000,9999.000
202607021412,   1.678,   2.459,9999.000,9999.000,9999.000,9999.000,9999.000,9999.000,9999.000
202607021418,   1.703,   2.489,9999.000,9999.000,9999.000,9999.000,9999.000,9999.000,9999.000
202607021424,   1.728,   2.528,9999.000,9999.000,9999.000,9999.000,9999.000,9999.000,9999.000
202607021430,   1.750,   2.558,9999.000,9999.000,9999.000,9999.000,9999.000,9999.000,9999.000
202607021436,   1.770,   2.578,9999.000,9999.000,9999.000,9999.000,9999.000,9999.000,9999.000
202607021442,   1.789,   2.620,9999.000,9999.000,9999.000,9999.000,9999.000,9999.000,9999.000
202607021448,   1.806,   2.630,9999.000,9999.000,9999.000,9999.000,9999.000,9999.000,9999.000
202607021454,   1.821,   2.660,9999.000,9999.000,9999.000,9999.000,9999.000,9999.000,9999.000
202607021500,   1.833,   2.679,   0.000,   0.846,   2.679,   0.000,   2.679,   0.000,   2.679
202607021506,   1.844,   2.709,9999.000,9999.000,9999.000,9999.000,9999.000,9999.000,9999.000
202607021512,   1.852,   2.719,9999.000,9999.000,9999.000,9999.000,9999.000,9999.000,9999.000
202607021518,   1.858,   2.738,9999.000,9999.000,9999.000,9999.000,9999.000,9999.000,9999.000
202607021524,   1.861,   2.758,9999.000,9999.000,9999.000,9999.000,9999.000,9999.000,9999.000
202607021530,   1.862,   2.748,9999.000,9999.000,9999.000,9999.000,9999.000,9999.000,9999.000
202607021536,   1.859,   2.748,9999.000,9999.000,9999.000,9999.000,9999.000,9999.000,9999.000
202607021542,   1.854,   2.748,9999.000,9999.000,9999.000,9999.000,9999.000,9999.000,9999.000
202607021548,   1.846,   2.748,9999.000,9999.000,9999.000,9999.000,9999.000,9999.000,9999.000
202607021554,   1.835,   2.758,9999.000,9999.000,9999.000,9999.000,9999.000,9999.000,9999.000
202607021600,   1.820,   2.728,   0.000,   0.908,   2.728,   0.000,   2.728,   0.000,   2.728
202607021606,   1.803,   2.719,9999.000,9999.000,9999.000,9999.000,9999.000,9999.000,9999.000
202607021612,   1.782,   2.669,9999.000,9999.000,9999.000,9999.000,9999.000,9999.000,9999.000
202607021618,   1.759,   2.660,9999.000,9999.000,9999.000,9999.000,9999.000,9999.000,9999.000
202607021624,   1.733,   2.620,9999.000,9999.000,9999.000,9999.000,9999.000,9999.000,9999.000
202607021630,   1.703,   2.587,9999.000,9999.000,9999.000,9999.000,9999.000,9999.000,9999.000
202607021636,   1.672,   2.578,9999.000,9999.000,9999.000,9999.000,9999.000,9999.000,9999.000
202607021642,   1.638,   2.558,9999.000,9999.000,9999.000,9999.000,9999.000,9999.000,9999.000
202607021648,   1.601,   2.528,9999.000,9999.000,9999.000,9999.000,9999.000,9999.000,9999.000
202607021654,   1.563,   2.479,9999.000,9999.000,9999.000,9999.000,9999.000,9999.000,9999.000
202607021700,   1.523,   2.440,   0.000,   0.917,   2.440,   0.000,   2.440,   0.000,   2.440
202607021706,   1.482,   2.368,9999.000,9999.000,9999.000,9999.000,9999.000,9999.000,9999.000
202607021712,   1.439,   2.318,9999.000,9999.000,9999.000,9999.000,9999.000,9999.000,9999.000
202607021718,   1.395,   2.269,9999.000,9999.000,9999.000,9999.000,9999.000,9999.000,9999.000
202607021724,   1.351,   2.200,9999.000,9999.000,9999.000,9999.000,9999.000,9999.000,9999.000
202607021730,   1.307,   2.118,9999.000,9999.000,9999.000,9999.000,9999.000,9999.000,9999.000
202607021736,   1.262,   2.069,9999.000,9999.000,9999.000,9999.000,9999.000,9999.000,9999.000
202607021742,   1.218,   2.030,9999.000,9999.000,9999.000,9999.000,9999.000,9999.000,9999.000
202607021748,   1.174,   1.981,9999.000,9999.000,9999.000,9999.000,9999.000,9999.000,9999.000
202607021754,   1.130,   1.948,9999.000,9999.000,9999.000,9999.000,9999.000,9999.000,9999.000
202607021800,   1.087,   1.918,   0.000,   0.831,   1.918,   0.000,   1.918,   0.000,   1.918
202607021806,   1.046,   1.879,9999.000,9999.000,9999.000,9999.000,9999.000,9999.000,9999.000
202607021812,   1.005,   1.859,9999.000,9999.000,9999.000,9999.000,9999.000,9999.000,9999.000
202607021818,   0.965,   1.810,9999.000,9999.000,9999.000,9999.000,9999.000,9999.000,9999.000
202607021824,   0.926,   1.781,9999.000,9999.000,9999.000,9999.000,9999.000,9999.000,9999.000
202607021830,   0.888,   1.738,9999.000,9999.000,9999.000,9999.000,9999.000,9999.000,9999.000
202607021836,   0.852,   1.689,9999.000,9999.000,9999.000,9999.000,9999.000,9999.000,9999.000
202607021842,   0.816,   1.649,9999.000,9999.000,9999.000,9999.000,9999.000,9999.000,9999.000
202607021848,   0.782,   1.600,9999.000,9999.000,9999.000,9999.000,9999.000,9999.000,9999.000
202607021854,   0.749,   1.557,9999.000,9999.000,9999.000,9999.000,9999.000,9999.000,9999.000
202607021900,   0.716,   1.508,   0.000,   0.792,   1.508,   0.000,   1.508,   0.000,   1.508
202607021906,   0.685,   1.449,9999.000,9999.000,9999.000,9999.000,9999.000,9999.000,9999.000
202607021912,   0.654,   1.410,9999.000,9999.000,9999.000,9999.000,9999.000,9999.000,9999.000
202607021918,   0.624,   1.371,9999.000,9999.000,9999.000,9999.000,9999.000,9999.000,9999.000
202607021924,   0.595,   1.328,9999.000,9999.000,9999.000,9999.000,9999.000,9999.000,9999.000
202607021930,   0.566,   1.279,9999.000,9999.000,9999.000,9999.000,9999.000,9999.000,9999.000
202607021936,   0.538,   1.229,9999.000,9999.000,9999.000,9999.000,9999.000,9999.000,9999.000
202607021942,   0.510,   1.190,9999.000,9999.000,9999.000,9999.000,9999.000,9999.000,9999.000
202607021948,   0.483,   1.138,9999.000,9999.000,9999.000,9999.000,9999.000,9999.000,9999.000
202607021954,   0.455,   1.098,9999.000,9999.000,9999.000,9999.000,9999.000,9999.000,9999.000
202607022000,   0.429,   1.059,   0.000,   0.630,   1.059,   0.000,   1.059,   0.000,   1.059
202607022006,   0.402,   1.010,9999.000,9999.000,9999.000,9999.000,9999.000,9999.000,9999.000
202607022012,   0.376,   0.970,9999.000,9999.000,9999.000,9999.000,9999.000,9999.000,9999.000
202607022018,   0.350,   0.928,9999.000,9999.000,9999.000,9999.000,9999.000,9999.000,9999.000
202607022024,   0.325,   0.879,9999.000,9999.000,9999.000,9999.000,9999.000,9999.000,9999.000
202607022030,   0.300,   0.839,9999.000,9999.000,9999.000,9999.000,9999.000,9999.000,9999.000
202607022036,   0.276,   0.800,9999.000,9999.000,9999.000,9999.000,9999.000,9999.000,9999.000
202607022042,   0.252,   0.760,9999.000,9999.000,9999.000,9999.000,9999.000,9999.000,9999.000
202607022048,   0.229,   0.731,9999.000,9999.000,9999.000,9999.000,9999.000,9999.000,9999.000
202607022054,   0.206,   0.688,9999.000,9999.000,9999.000,9999.000,9999.000,9999.000,9999.000
202607022100,   0.185,   0.669,   0.000,   0.484,   0.669,   0.000,   0.669,   0.000,   0.669
202607022106,   0.164,   0.619,9999.000,9999.000,9999.000,9999.000,9999.000,9999.000,9999.000
202607022112,   0.145,   0.619,9999.000,9999.000,9999.000,9999.000,9999.000,9999.000,9999.000
202607022118,   0.127,   0.610,9999.000,9999.000,9999.000,9999.000,9999.000,9999.000,9999.000
202607022124,   0.110,   0.580,9999.000,9999.000,9999.000,9999.000,9999.000,9999.000,9999.000
202607022130,   0.095,   0.580,9999.000,9999.000,9999.000,9999.000,9999.000,9999.000,9999.000
202607022136,   0.081,   0.560,9999.000,9999.000,9999.000,9999.000,9999.000,9999.000,9999.000
202607022142,   0.070,   0.531,9999.000,9999.000,9999.000,9999.000,9999.000,9999.000,9999.000
202607022148,   0.060,   0.518,9999.000,9999.000,9999.000,9999.000,9999.000,9999.000,9999.000
202607022154,   0.052,   0.518,9999.000,9999.000,9999.000,9999.000,9999.000,9999.000,9999.000
202607022200,   0.047,   0.508,   0.000,   0.461,   0.508,   0.000,   0.508,   0.000,   0.508
202607022206,   0.044,   0.518,9999.000,9999.000,9999.000,9999.000,9999.000,9999.000,9999.000
202607022212,   0.044,   0.560,9999.000,9999.000,9999.000,9999.000,9999.000,9999.000,9999.000
202607022218,   0.047,   0.560,9999.000,9999.000,9999.000,9999.000,9999.000,9999.000,9999.000
202607022224,   0.053,   0.600,9999.000,9999.000,9999.000,9999.000,9999.000,9999.000,9999.000
202607022230,   0.062,   0.639,9999.000,9999.000,9999.000,9999.000,9999.000,9999.000,9999.000
202607022236,   0.074,   0.688,9999.000,9999.000,9999.000,9999.000,9999.000,9999.000,9999.000
202607022242,   0.090,   0.751,9999.000,9999.000,9999.000,9999.000,9999.000,9999.000,9999.000
202607022248,   0.109,   0.800,9999.000,9999.000,9999.000,9999.000,9999.000,9999.000,9999.000
202607022254,   0.132,   0.869,9999.000,9999.000,9999.000,9999.000,9999.000,9999.000,9999.000
202607022300,   0.159,   0.928,   0.000,   0.769,   0.928,   0.000,   0.928,   0.000,   0.928
202607022306,   0.189,   0.980,9999.000,9999.000,9999.000,9999.000,9999.000,9999.000,9999.000
202607022312,   0.224,   1.029,9999.000,9999.000,9999.000,9999.000,9999.000,9999.000,9999.000
202607022318,   0.261,   1.108,9999.000,9999.000,9999.000,9999.000,9999.000,9999.000,9999.000
202607022324,   0.303,   1.190,9999.000,9999.000,9999.000,9999.000,9999.000,9999.000,9999.000
202607022330,   0.348,   1.269,9999.000,9999.000,9999.000,9999.000,9999.000,9999.000,9999.000
202607022336,   0.396,   1.328,9999.000,9999.000,9999.000,9999.000,9999.000,9999.000,9999.000
202607022342,   0.448,   1.420,9999.000,9999.000,9999.000,9999.000,9999.000,9999.000,9999.000
202607022348,   0.503,   1.489,9999.000,9999.000,9999.000,9999.000,9999.000,9999.000,9999.000
202607022354,   0.561,   1.548,9999.000,9999.000,9999.000,9999.000,9999.000,9999.000,9999.000
202607030000,   0.621,   1.620,   0.000,   0.999,   1.620,   0.000,   1.620,   0.000,   1.620
202607030006,   0.684,   1.679,9999.000,9999.000,9999.000,9999.000,9999.000,9999.000,9999.000
202607030012,   0.749,   1.748,9999.000,9999.000,9999.000,9999.000,9999.000,9999.000,9999.000
202607030018,   0.815,   1.790,9999.000,9999.000,9999.000,9999.000,9999.000,9999.000,9999.000
202607030024,   0.883,   1.859,9999.000,9999.000,9999.000,9999.000,9999.000,9999.000,9999.000
202607030030,   0.951,   1.899,9999.000,9999.000,9999.000,9999.000,9999.000,9999.000,9999.000
202607030036,   1.020,   1.958,9999.000,9999.000,9999.000,9999.000,9999.000,9999.000,9999.000
202607030042,   1.090,   2.010,9999.000,9999.000,9999.000,9999.000,9999.000,9999.000,9999.000
202607030048,   1.159,   2.069,9999.000,9999.000,9999.000,9999.000,9999.000,9999.000,9999.000
202607030054,   1.228,   2.128,9999.000,9999.000,9999.000,9999.000,9999.000,9999.000,9999.000
202607030100,   1.296,   2.191,   0.000,   0.895,   2.191,   0.000,   2.191,   0.000,   2.191
202607030106,   1.363,   2.250,9999.000,9999.000,9999.000,9999.000,9999.000,9999.000,9999.000
202607030112,   1.429,   2.328,9999.000,9999.000,9999.000,9999.000,9999.000,9999.000,9999.000
202607030118,   1.493,   4.798,9999.000,9999.000,9999.000,9999.000,9999.000,9999.000,9999.000
202607030124,   1.555,   2.450,9999.000,9999.000,9999.000,9999.000,9999.000,9999.000,9999.000
202607030130,   1.616,   2.509,9999.000,9999.000,9999.000,9999.000,9999.000,9999.000,9999.000
202607030136,   1.674,   2.578,9999.000,9999.000,9999.000,9999.000,9999.000,9999.000,9999.000
202607030142,   1.730,   2.660,9999.000,9999.000,9999.000,9999.000,9999.000,9999.000,9999.000
202607030148,   1.784,   5.120,9999.000,9999.000,9999.000,9999.000,9999.000,9999.000,9999.000
202607030154,   1.835,   2.768,9999.000,9999.000,9999.000,9999.000,9999.000,9999.000,9999.000
202607030200,   1.884,   4.490,   0.000,   2.606,   4.490,   0.000,   4.490,   0.000,   4.490
202607030206,   1.931,   2.869,9999.000,9999.000,9999.000,9999.000,9999.000,9999.000,9999.000
202607030212,   1.975,   2.919,9999.000,9999.000,9999.000,9999.000,9999.000,9999.000,9999.000
202607030218,   2.017,   2.978,9999.000,9999.000,9999.000,9999.000,9999.000,9999.000,9999.000
202607030224,   2.057,   3.030,9999.000,9999.000,9999.000,9999.000,9999.000,9999.000,9999.000
202607030230,   2.094,   3.099,9999.000,9999.000,9999.000,9999.000,9999.000,9999.000,9999.000
202607030236,   2.129,   3.129,9999.000,9999.000,9999.000,9999.000,9999.000,9999.000,9999.000
202607030242,   2.162,   5.608,9999.000,9999.000,9999.000,9999.000,9999.000,9999.000,9999.000
202607030248,   2.192,   5.628,9999.000,9999.000,9999.000,9999.000,9999.000,9999.000,9999.000
202607030254,   2.221,   3.270,9999.000,9999.000,9999.000,9999.000,9999.000,9999.000,9999.000
202607030300,   2.246,   3.289,   0.000,   1.043,   3.289,   0.000,   3.289,   0.000,   3.289
202607030306,   2.270,   3.339,9999.000,9999.000,9999.000,9999.000,9999.000,9999.000,9999.000
202607030312,   2.291,   3.368,9999.000,9999.000,9999.000,9999.000,9999.000,9999.000,9999.000
202607030318,   2.310,   3.407,9999.000,9999.000,9999.000,9999.000,9999.000,9999.000,9999.000
202607030324,   2.326,   3.440,9999.000,9999.000,9999.000,9999.000,9999.000,9999.000,9999.000
202607030330,   2.340,   3.470,9999.000,9999.000,9999.000,9999.000,9999.000,9999.000,9999.000
202607030336,   2.351,   3.480,9999.000,9999.000,9999.000,9999.000,9999.000,9999.000,9999.000
202607030342,   2.359,   3.499,9999.000,9999.000,9999.000,9999.000,9999.000,9999.000,9999.000
202607030348,   2.364,   3.509,9999.000,9999.000,9999.000,9999.000,9999.000,9999.000,9999.000
202607030354,   2.366,   3.529,9999.000,9999.000,9999.000,9999.000,9999.000,9999.000,9999.000
202607030400,   2.365,   3.539,   0.000,   1.174,   3.539,   0.000,   3.539,   0.000,   3.539
202607030406,   2.360,   3.539,9999.000,9999.000,9999.000,9999.000,9999.000,9999.000,9999.000
202607030412,   2.353,   3.548,9999.000,9999.000,9999.000,9999.000,9999.000,9999.000,9999.000
202607030418,   2.342,   3.548,9999.000,9999.000,9999.000,9999.000,9999.000,9999.000,9999.000
202607030424,   2.327,   3.539,9999.000,9999.000,9999.000,9999.000,9999.000,9999.000,9999.000
202607030430,   2.310,   3.509,9999.000,9999.000,9999.000,9999.000,9999.000,9999.000,9999.000
202607030436,   2.289,   3.489,9999.000,9999.000,9999.000,9999.000,9999.000,9999.000,9999.000
202607030442,   2.265,   3.480,9999.000,9999.000,9999.000,9999.000,9999.000,9999.000,9999.000
202607030448,   2.237,   3.450,9999.000,9999.000,9999.000,9999.000,9999.000,9999.000,9999.000
202607030454,   2.207,   3.427,9999.000,9999.000,9999.000,9999.000,9999.000,9999.000,9999.000
202607030500,   2.174,   3.388,   0.000,   1.214,   3.388,   0.000,   3.388,   0.000,   3.388
202607030506,   2.138,   3.339,9999.000,9999.000,9999.000,9999.000,9999.000,9999.000,9999.000
202607030512,   2.099,   3.289,9999.000,9999.000,9999.000,9999.000,9999.000,9999.000,9999.000
202607030518,   2.059,   3.217,9999.000,9999.000,9999.000,9999.000,9999.000,9999.000,9999.000
202607030524,   2.016,   3.148,9999.000,9999.000,9999.000,9999.000,9999.000,9999.000,9999.000
202607030530,   1.972,   3.089,9999.000,9999.000,9999.000,9999.000,9999.000,9999.000,9999.000
202607030536,   1.927,   3.017,9999.000,9999.000,9999.000,9999.000,9999.000,9999.000,9999.000
202607030542,   1.880,   2.968,9999.000,9999.000,9999.000,9999.000,9999.000,9999.000,9999.000
202607030548,   1.833,   2.899,9999.000,9999.000,9999.000,9999.000,9999.000,9999.000,9999.000
202607030554,   1.785,   2.820,9999.000,9999.000,9999.000,9999.000,9999.000,9999.000,9999.000
202607030600,   1.736,   2.758,   0.000,   1.022,   2.758,   0.000,   2.758,   0.000,   2.758
202607030606,   1.688,   2.679,9999.000,9999.000,9999.000,9999.000,9999.000,9999.000,9999.000
202607030612,   1.640,   2.630,9999.000,9999.000,9999.000,9999.000,9999.000,9999.000,9999.000
202607030618,   1.592,   2.568,9999.000,9999.000,9999.000,9999.000,9999.000,9999.000,9999.000
202607030624,   1.545,   2.519,9999.000,9999.000,9999.000,9999.000,9999.000,9999.000,9999.000
202607030630,   1.498,   2.479,9999.000,9999.000,9999.000,9999.000,9999.000,9999.000,9999.000
202607030636,   1.453,   2.450,9999.000,9999.000,9999.000,9999.000,9999.000,9999.000,9999.000
202607030642,   1.408,   2.410,9999.000,9999.000,9999.000,9999.000,9999.000,9999.000,9999.000
202607030648,   1.364,   2.368,9999.000,9999.000,9999.000,9999.000,9999.000,9999.000,9999.000
202607030654,   1.321,   2.328,9999.000,9999.000,9999.000,9999.000,9999.000,9999.000,9999.000
202607030700,   1.279,   2.279,   0.000,   1.000,   2.279,   0.000,   2.279,   0.000,   2.279
202607030706,   1.238,   2.230,9999.000,9999.000,9999.000,9999.000,9999.000,9999.000,9999.000
202607030712,   1.197,   2.191,9999.000,9999.000,9999.000,9999.000,9999.000,9999.000,9999.000
202607030718,   1.158,   2.148,9999.000,9999.000,9999.000,9999.000,9999.000,9999.000,9999.000
202607030724,   1.120,   2.099,9999.000,9999.000,9999.000,9999.000,9999.000,9999.000,9999.000
202607030730,   1.082,   2.049,9999.000,9999.000,9999.000,9999.000,9999.000,9999.000,9999.000
202607030736,   1.044,   2.000,9999.000,9999.000,9999.000,9999.000,9999.000,9999.000,9999.000
202607030742,   1.007,   1.948,9999.000,9999.000,9999.000,9999.000,9999.000,9999.000,9999.000
202607030748,   0.971,   1.899,9999.000,9999.000,9999.000,9999.000,9999.000,9999.000,9999.000
202607030754,   0.935,   1.849,9999.000,9999.000,9999.000,9999.000,9999.000,9999.000,9999.000
202607030800,   0.899,   1.800,   0.000,   0.901,   1.800,  -0.100,   1.700,   0.000,   1.800
202607030806,   0.864,   1.748,9999.000,9999.000,9999.000,9999.000,9999.000,9999.000,9999.000
202607030812,   0.829,   1.689,9999.000,9999.000,9999.000,9999.000,9999.000,9999.000,9999.000
202607030818,   0.793,   1.630,9999.000,9999.000,9999.000,9999.000,9999.000,9999.000,9999.000
202607030824,   0.758,   1.580,9999.000,9999.000,9999.000,9999.000,9999.000,9999.000,9999.000
202607030830,   0.723,   1.528,9999.000,9999.000,9999.000,9999.000,9999.000,9999.000,9999.000
202607030836,   0.688,   1.469,9999.000,9999.000,9999.000,9999.000,9999.000,9999.000,9999.000
202607030842,   0.654,   1.420,9999.000,9999.000,9999.000,9999.000,9999.000,9999.000,9999.000
202607030848,   0.619,   1.380,9999.000,9999.000,9999.000,9999.000,9999.000,9999.000,9999.000
202607030854,   0.585,   1.328,9999.000,9999.000,9999.000,9999.000,9999.000,9999.000,9999.000
202607030900,   0.550,   1.269,   0.000,   0.719,   1.269,  -0.100,   1.169,   0.000,   1.269
202607030906,   0.517,   1.229,9999.000,9999.000,9999.000,9999.000,9999.000,9999.000,9999.000
202607030912,   0.483,   1.190,9999.000,9999.000,9999.000,9999.000,9999.000,9999.000,9999.000
202607030918,   0.451,   1.138,9999.000,9999.000,9999.000,9999.000,9999.000,9999.000,9999.000
202607030924,   0.419,   1.098,9999.000,9999.000,9999.000,9999.000,9999.000,9999.000,9999.000
202607030930,   0.387,   1.049,9999.000,9999.000,9999.000,9999.000,9999.000,9999.000,9999.000
202607030936,   0.357,   1.000,9999.000,9999.000,9999.000,9999.000,9999.000,9999.000,9999.000
202607030942,   0.328,   0.990,9999.000,9999.000,9999.000,9999.000,9999.000,9999.000,9999.000
202607030948,   0.300,   0.941,9999.000,9999.000,9999.000,9999.000,9999.000,9999.000,9999.000
202607030954,   0.273,   0.898,9999.000,9999.000,9999.000,9999.000,9999.000,9999.000,9999.000
202607031000,   0.248,   0.869,   0.000,   0.621,   0.869,  -0.100,   0.769,   0.000,   0.869
202607031006,   0.224,   0.829,9999.000,9999.000,9999.000,9999.000,9999.000,9999.000,9999.000
202607031012,   0.203,   0.800,9999.000,9999.000,9999.000,9999.000,9999.000,9999.000,9999.000
202607031018,   0.183,   0.770,9999.000,9999.000,9999.000,9999.000,9999.000,9999.000,9999.000
202607031024,   0.166,   0.751,9999.000,9999.000,9999.000,9999.000,9999.000,9999.000,9999.000
202607031030,   0.151,   0.731,9999.000,9999.000,9999.000,9999.000,9999.000,9999.000,9999.000
202607031036,   0.139,   0.708,9999.000,9999.000,9999.000,9999.000,9999.000,9999.000,9999.000
202607031042,   0.129,   0.698,9999.000,9999.000,9999.000,9999.000,9999.000,9999.000,9999.000
202607031048,   0.123,   0.688,9999.000,9999.000,9999.000,9999.000,9999.000,9999.000,9999.000
202607031054,   0.119,   0.669,9999.000,9999.000,9999.000,9999.000,9999.000,9999.000,9999.000
202607031100,   0.119,   0.659,   0.000,   0.540,   0.659,  -0.100,   0.559,   0.000,   0.659
202607031106,   0.122,   0.659,9999.000,9999.000,9999.000,9999.000,9999.000,9999.000,9999.000
202607031112,   0.129,   0.669,9999.000,9999.000,9999.000,9999.000,9999.000,9999.000,9999.000
202607031118,   0.139,   0.669,9999.000,9999.000,9999.000,9999.000,9999.000,9999.000,9999.000
202607031124,   0.154,   0.688,9999.000,9999.000,9999.000,9999.000,9999.000,9999.000,9999.000
202607031130,   0.172,   0.718,9999.000,9999.000,9999.000,9999.000,9999.000,9999.000,9999.000
202607031136,   0.193,   0.741,9999.000,9999.000,9999.000,9999.000,9999.000,9999.000,9999.000
202607031142,   0.219,   0.780,9999.000,9999.000,9999.000,9999.000,9999.000,9999.000,9999.000
202607031148,   0.248,   0.819,9999.000,9999.000,9999.000,9999.000,9999.000,9999.000,9999.000
202607031154,   0.281,   0.869,9999.000,9999.000,9999.000,9999.000,9999.000,9999.000,9999.000
202607031200,   0.318,   0.908,   0.000,   0.590,   0.908,   0.000,   0.908,   0.000,   0.908
202607031206,   0.358,   0.970,9999.000,9999.000,9999.000,9999.000,9999.000,9999.000,9999.000
202607031212,   0.401,   1.039,9999.000,9999.000,9999.000,9999.000,9999.000,9999.000,9999.000
202607031218,   0.447,   1.088,9999.000,9999.000,9999.000,9999.000,9999.000,9999.000,9999.000
202607031224,   0.496,   1.170,9999.000,9999.000,9999.000,9999.000,9999.000,9999.000,9999.000
202607031230,   0.548,   1.239,9999.000,9999.000,9999.000,9999.000,9999.000,9999.000,9999.000
202607031236,   0.601,   1.328,9999.000,9999.000,9999.000,9999.000,9999.000,9999.000,9999.000
202607031242,   0.657,   1.400,9999.000,9999.000,9999.000,9999.000,9999.000,9999.000,9999.000
202607031248,   0.714,   1.469,9999.000,9999.000,9999.000,9999.000,9999.000,9999.000,9999.000
202607031254,   0.772,   3.919,9999.000,9999.000,9999.000,9999.000,9999.000,9999.000,9999.000
202607031300,   0.831,   1.620,   0.000,   0.789,   1.620,   0.000,   1.620,   0.000,   1.620
202607031306,   0.890,   1.781,9999.000,9999.000,9999.000,9999.000,9999.000,9999.000,9999.000
202607031312,   0.950,   1.728,9999.000,9999.000,9999.000,9999.000,9999.000,9999.000,9999.000
202607031318,   1.009,   1.790,9999.000,9999.000,9999.000,9999.000,9999.000,9999.000,9999.000
202607031324,   1.068,   1.849,9999.000,9999.000,9999.000,9999.000,9999.000,9999.000,9999.000
202607031330,   1.126,   4.099,9999.000,9999.000,9999.000,9999.000,9999.000,9999.000,9999.000
202607031336,   1.183,   1.958,9999.000,9999.000,9999.000,9999.000,9999.000,9999.000,9999.000
202607031342,   1.238,   4.408,9999.000,9999.000,9999.000,9999.000,9999.000,9999.000,9999.000
202607031348,   1.292,   2.059,9999.000,9999.000,9999.000,9999.000,9999.000,9999.000,9999.000
202607031354,   1.344,   2.148,9999.000,9999.000,9999.000,9999.000,9999.000,9999.000,9999.000
202607031400,   1.394,   4.437,   0.000,   3.043,   4.437,   0.000,   4.437,   0.000,   4.437
202607031406,   1.443,   2.250,9999.000,9999.000,9999.000,9999.000,9999.000,9999.000,9999.000
202607031412,   1.489,   2.610,9999.000,9999.000,9999.000,9999.000,9999.000,9999.000,9999.000
202607031418,   1.533,   2.338,9999.000,9999.000,9999.000,9999.000,9999.000,9999.000,9999.000
202607031424,   1.575,   2.400,9999.000,9999.000,9999.000,9999.000,9999.000,9999.000,9999.000
202607031430,   1.614,   4.828,9999.000,9999.000,9999.000,9999.000,9999.000,9999.000,9999.000
202607031436,   1.652,   2.469,9999.000,9999.000,9999.000,9999.000,9999.000,9999.000,9999.000
202607031442,   1.687,   4.910,9999.000,9999.000,9999.000,9999.000,9999.000,9999.000,9999.000
202607031448,   1.720,   3.968,9999.000,9999.000,9999.000,9999.000,9999.000,9999.000,9999.000
202607031454,   1.751,   3.670,9999.000,9999.000,9999.000,9999.000,9999.000,9999.000,9999.000
202607031500,   1.780,   2.669,   0.000,   0.889,   2.669,   0.000,   2.669,   0.000,   2.669
202607031506,   1.807,   2.699,9999.000,9999.000,9999.000,9999.000,9999.000,9999.000,9999.000
202607031512,   1.831,   2.728,9999.000,9999.000,9999.000,9999.000,9999.000,9999.000,9999.000
202607031518,   1.854,   2.758,9999.000,9999.000,9999.000,9999.000,9999.000,9999.000,9999.000
202607031524,   1.875,   4.837,9999.000,9999.000,9999.000,9999.000,9999.000,9999.000,9999.000
202607031530,   1.893,   2.820,9999.000,9999.000,9999.000,9999.000,9999.000,9999.000,9999.000
202607031536,   1.910,   2.830,9999.000,9999.000,9999.000,9999.000,9999.000,9999.000,9999.000
202607031542,   1.924,   2.850,9999.000,9999.000,9999.000,9999.000,9999.000,9999.000,9999.000
202607031548,   1.936,   2.840,9999.000,9999.000,9999.000,9999.000,9999.000,9999.000,9999.000
202607031554,   1.946,   2.869,9999.000,9999.000,9999.000,9999.000,9999.000,9999.000,9999.000
202607031600,   1.953,   2.879,   0.000,   0.926,   2.879,   0.000,   2.879,   0.000,   2.879
202607031606,   1.958,   2.889,9999.000,9999.000,9999.000,9999.000,9999.000,9999.000,9999.000
202607031612,   1.960,   2.879,9999.000,9999.000,9999.000,9999.000,9999.000,9999.000,9999.000
202607031618,   1.960,   2.909,9999.000,9999.000,9999.000,9999.000,9999.000,9999.000,9999.000
202607031624,   1.956,   2.889,9999.000,9999.000,9999.000,9999.000,9999.000,9999.000,9999.000
202607031630,   1.950,   2.879,9999.000,9999.000,9999.000,9999.000,9999.000,9999.000,9999.000
202607031636,   1.940,   2.889,9999.000,9999.000,9999.000,9999.000,9999.000,9999.000,9999.000
202607031642,   1.928,   2.879,9999.000,9999.000,9999.000,9999.000,9999.000,9999.000,9999.000
202607031648,   1.913,   2.889,9999.000,9999.000,9999.000,9999.000,9999.000,9999.000,9999.000
202607031654,   1.894,   2.869,9999.000,9999.000,9999.000,9999.000,9999.000,9999.000,9999.000
202607031700,   1.873,   2.840,   0.000,   0.967,   2.840,   0.000,   2.840,   0.000,   2.840
202607031706,   1.848,   2.820,9999.000,9999.000,9999.000,9999.000,9999.000,9999.000,9999.000
202607031712,   1.821,   2.748,9999.000,9999.000,9999.000,9999.000,9999.000,9999.000,9999.000
202607031718,   1.790,   2.719,9999.000,9999.000,9999.000,9999.000,9999.000,9999.000,9999.000
202607031724,   1.758,   2.689,9999.000,9999.000,9999.000,9999.000,9999.000,9999.000,9999.000
202607031730,   1.722,   2.640,9999.000,9999.000,9999.000,9999.000,9999.000,9999.000,9999.000
202607031736,   1.685,   2.597,9999.000,9999.000,9999.000,9999.000,9999.000,9999.000,9999.000
202607031742,   1.646,   2.558,9999.000,9999.000,9999.000,9999.000,9999.000,9999.000,9999.000
202607031748,   1.605,   2.489,9999.000,9999.000,9999.000,9999.000,9999.000,9999.000,9999.000
202607031754,   1.562,   2.450,9999.000,9999.000,9999.000,9999.000,9999.000,9999.000,9999.000
202607031800,   1.518,   2.387,   0.000,   0.869,   2.387,   0.000,   2.387,   0.000,   2.387
202607031806,   1.474,   2.358,9999.000,9999.000,9999.000,9999.000,9999.000,9999.000,9999.000
202607031812,   1.429,   2.318,9999.000,9999.000,9999.000,9999.000,9999.000,9999.000,9999.000
202607031818,   1.383,   2.259,9999.000,9999.000,9999.000,9999.000,9999.000,9999.000,9999.000
202607031824,   1.337,   2.210,9999.000,9999.000,9999.000,9999.000,9999.000,9999.000,9999.000
202607031830,   1.292,   2.168,9999.000,9999.000,9999.000,9999.000,9999.000,9999.000,9999.000
202607031836,   1.247,   2.118,9999.000,9999.000,9999.000,9999.000,9999.000,9999.000,9999.000
202607031842,   1.202,   2.079,9999.000,9999.000,9999.000,9999.000,9999.000,9999.000,9999.000
202607031848,   1.158,   2.040,9999.000,9999.000,9999.000,9999.000,9999.000,9999.000,9999.000
202607031854,   1.115,   2.010,9999.000,9999.000,9999.000,9999.000,9999.000,9999.000,9999.000
202607031900,   1.073,   1.967,   0.000,   0.894,   1.967,   0.000,   1.967,   0.000,   1.967
202607031906,   1.032,   1.958,9999.000,9999.000,9999.000,9999.000,9999.000,9999.000,9999.000
202607031912,   0.992,   1.899,9999.000,9999.000,9999.000,9999.000,9999.000,9999.000,9999.000
202607031918,   0.953,   1.869,9999.000,9999.000,9999.000,9999.000,9999.000,9999.000,9999.000
202607031924,   0.916,   1.830,9999.000,9999.000,9999.000,9999.000,9999.000,9999.000,9999.000
202607031930,   0.879,   1.790,9999.000,9999.000,9999.000,9999.000,9999.000,9999.000,9999.000
202607031936,   0.844,   1.748,9999.000,9999.000,9999.000,9999.000,9999.000,9999.000,9999.000
202607031942,   0.810,   1.699,9999.000,9999.000,9999.000,9999.000,9999.000,9999.000,9999.000
202607031948,   0.776,   1.659,9999.000,9999.000,9999.000,9999.000,9999.000,9999.000,9999.000
202607031954,   0.744,   1.600,9999.000,9999.000,9999.000,9999.000,9999.000,9999.000,9999.000
202607032000,   0.712,   1.571,   0.000,   0.859,   1.571,   0.000,   1.571,   0.000,   1.571
202607032006,   0.681,   1.518,9999.000,9999.000,9999.000,9999.000,9999.000,9999.000,9999.000
202607032012,   0.650,   1.459,9999.000,9999.000,9999.000,9999.000,9999.000,9999.000,9999.000
202607032018,   0.620,   1.439,9999.000,9999.000,9999.000,9999.000,9999.000,9999.000,9999.000
202607032024,   0.591,   1.380,9999.000,9999.000,9999.000,9999.000,9999.000,9999.000,9999.000
202607032030,   0.562,   1.318,9999.000,9999.000,9999.000,9999.000,9999.000,9999.000,9999.000
202607032036,   0.533,   1.289,9999.000,9999.000,9999.000,9999.000,9999.000,9999.000,9999.000
202607032042,   0.504,   1.239,9999.000,9999.000,9999.000,9999.000,9999.000,9999.000,9999.000
202607032048,   0.476,   1.180,9999.000,9999.000,9999.000,9999.000,9999.000,9999.000,9999.000
202607032054,   0.448,   1.138,9999.000,9999.000,9999.000,9999.000,9999.000,9999.000,9999.000
202607032100,   0.421,   1.098,   0.000,   0.677,   1.098,   0.000,   1.098,   0.100,   1.198
202607032106,   0.393,   1.059,9999.000,9999.000,9999.000,9999.000,9999.000,9999.000,9999.000
202607032112,   0.366,   1.020,9999.000,9999.000,9999.000,9999.000,9999.000,9999.000,9999.000
202607032118,   0.339,   0.980,9999.000,9999.000,9999.000,9999.000,9999.000,9999.000,9999.000
202607032124,   0.313,   0.928,9999.000,9999.000,9999.000,9999.000,9999.000,9999.000,9999.000
202607032130,   0.287,   0.908,9999.000,9999.000,9999.000,9999.000,9999.000,9999.000,9999.000
202607032136,   0.262,   0.879,9999.000,9999.000,9999.000,9999.000,9999.000,9999.000,9999.000
202607032142,   0.238,   0.849,9999.000,9999.000,9999.000,9999.000,9999.000,9999.000,9999.000
202607032148,   0.214,   0.819,9999.000,9999.000,9999.000,9999.000,9999.000,9999.000,9999.000
202607032154,   0.191,   0.800,9999.000,9999.000,9999.000,9999.000,9999.000,9999.000,9999.000
202607032200,   0.170,   0.770,   0.000,   0.600,   0.770,   0.000,   0.770,   0.100,   0.870
202607032206,   0.149,   0.760,9999.000,9999.000,9999.000,9999.000,9999.000,9999.000,9999.000
202607032212,   0.130,   0.751,9999.000,9999.000,9999.000,9999.000,9999.000,9999.000,9999.000
202607032218,   0.113,   0.751,9999.000,9999.000,9999.000,9999.000,9999.000,9999.000,9999.000
202607032224,   0.097,   0.760,9999.000,9999.000,9999.000,9999.000,9999.000,9999.000,9999.000
202607032230,   0.083,   0.751,9999.000,9999.000,9999.000,9999.000,9999.000,9999.000,9999.000
202607032236,   0.071,   0.760,9999.000,9999.000,9999.000,9999.000,9999.000,9999.000,9999.000
202607032242,   0.061,   0.770,9999.000,9999.000,9999.000,9999.000,9999.000,9999.000,9999.000
202607032248,   0.054,   0.790,9999.000,9999.000,9999.000,9999.000,9999.000,9999.000,9999.000
202607032254,   0.049,   0.810,9999.000,9999.000,9999.000,9999.000,9999.000,9999.000,9999.000
202607032300,   0.047,   0.839,   0.100,   0.692,   0.839,   0.000,   0.739,   0.100,   0.839
202607032306,   0.047,   0.879,9999.000,9999.000,9999.000,9999.000,9999.000,9999.000,9999.000
202607032312,   0.051,   0.941,9999.000,9999.000,9999.000,9999.000,9999.000,9999.000,9999.000
202607032318,   0.058,   0.990,9999.000,9999.000,9999.000,9999.000,9999.000,9999.000,9999.000
202607032324,   0.068,   1.049,9999.000,9999.000,9999.000,9999.000,9999.000,9999.000,9999.000
202607032330,   0.082,   1.128,9999.000,9999.000,9999.000,9999.000,9999.000,9999.000,9999.000
202607032336,   0.100,   1.190,9999.000,9999.000,9999.000,9999.000,9999.000,9999.000,9999.000
202607032342,   0.121,   1.249,9999.000,9999.000,9999.000,9999.000,9999.000,9999.000,9999.000
202607032348,   0.146,   1.318,9999.000,9999.000,9999.000,9999.000,9999.000,9999.000,9999.000
202607032354,   0.174,   1.400,9999.000,9999.000,9999.000,9999.000,9999.000,9999.000,9999.000
202607040000,   0.207,   1.469,   0.100,   1.162,   1.469,   0.100,   1.469,   0.200,   1.569
202607040006,   0.243,   1.538,9999.000,9999.000,9999.000,9999.000,9999.000,9999.000,9999.000
202607040012,   0.284,   1.610,9999.000,9999.000,9999.000,9999.000,9999.000,9999.000,9999.000
202607040018,   0.328,   1.679,9999.000,9999.000,9999.000,9999.000,9999.000,9999.000,9999.000
202607040024,   0.375,   1.738,9999.000,9999.000,9999.000,9999.000,9999.000,9999.000,9999.000
202607040030,   0.426,   1.790,9999.000,9999.000,9999.000,9999.000,9999.000,9999.000,9999.000
202607040036,   0.480,   1.849,9999.000,9999.000,9999.000,9999.000,9999.000,9999.000,9999.000
202607040042,   0.537,   1.899,9999.000,9999.000,9999.000,9999.000,9999.000,9999.000,9999.000
202607040048,   0.597,   1.948,9999.000,9999.000,9999.000,9999.000,9999.000,9999.000,9999.000
202607040054,   0.660,   2.010,9999.000,9999.000,9999.000,9999.000,9999.000,9999.000,9999.000
202607040100,   0.724,   2.059,   0.100,   1.235,   2.059,   0.100,   2.059,   0.200,   2.159
202607040106,   0.790,   2.128,9999.000,9999.000,9999.000,9999.000,9999.000,9999.000,9999.000
202607040112,   0.858,   2.191,9999.000,9999.000,9999.000,9999.000,9999.000,9999.000,9999.000
202607040118,   0.926,   2.240,9999.000,9999.000,9999.000,9999.000,9999.000,9999.000,9999.000
202607040124,   0.996,   2.309,9999.000,9999.000,9999.000,9999.000,9999.000,9999.000,9999.000
202607040130,   1.065,   2.368,9999.000,9999.000,9999.000,9999.000,9999.000,9999.000,9999.000
202607040136,   1.135,   2.430,9999.000,9999.000,9999.000,9999.000,9999.000,9999.000,9999.000
202607040142,   1.204,   2.489,9999.000,9999.000,9999.000,9999.000,9999.000,9999.000,9999.000
202607040148,   1.273,   2.558,9999.000,9999.000,9999.000,9999.000,9999.000,9999.000,9999.000
202607040154,   1.340,   2.620,9999.000,9999.000,9999.000,9999.000,9999.000,9999.000,9999.000
202607040200,   1.406,   2.689,   0.100,   1.183,   2.689,   0.100,   2.689,   0.200,   2.789
202607040206,   1.471,   2.758,9999.000,9999.000,9999.000,9999.000,9999.000,9999.000,9999.000
202607040212,   1.533,   2.830,9999.000,9999.000,9999.000,9999.000,9999.000,9999.000,9999.000
202607040218,   1.594,   2.889,9999.000,9999.000,9999.000,9999.000,9999.000,9999.000,9999.000
202607040224,   1.652,   2.948,9999.000,9999.000,9999.000,9999.000,9999.000,9999.000,9999.000
202607040230,   1.708,   3.017,9999.000,9999.000,9999.000,9999.000,9999.000,9999.000,9999.000
202607040236,   1.762,   3.070,9999.000,9999.000,9999.000,9999.000,9999.000,9999.000,9999.000
202607040242,   1.813,   3.129,9999.000,9999.000,9999.000,9999.000,9999.000,9999.000,9999.000
202607040248,   1.862,   3.178,9999.000,9999.000,9999.000,9999.000,9999.000,9999.000,9999.000
202607040254,   1.908,   3.230,9999.000,9999.000,9999.000,9999.000,9999.000,9999.000,9999.000
202607040300,   1.951,   3.279,   0.100,   1.228,   3.279,   0.100,   3.279,   0.200,   3.379
202607040306,   1.992,   3.339,9999.000,9999.000,9999.000,9999.000,9999.000,9999.000,9999.000
202607040312,   2.031,   3.388,9999.000,9999.000,9999.000,9999.000,9999.000,9999.000,9999.000
202607040318,   2.067,   3.440,9999.000,9999.000,9999.000,9999.000,9999.000,9999.000,9999.000
202607040324,   2.101,   3.499,9999.000,9999.000,9999.000,9999.000,9999.000,9999.000,9999.000
202607040330,   2.132,   3.519,9999.000,9999.000,9999.000,9999.000,9999.000,9999.000,9999.000
202607040336,   2.161,   3.558,9999.000,9999.000,9999.000,9999.000,9999.000,9999.000,9999.000
202607040342,   2.187,   3.598,9999.000,9999.000,9999.000,9999.000,9999.000,9999.000,9999.000
202607040348,   2.211,   3.627,9999.000,9999.000,9999.000,9999.000,9999.000,9999.000,9999.000
202607040354,   2.233,   3.660,9999.000,9999.000,9999.000,9999.000,9999.000,9999.000,9999.000
202607040400,   2.252,   3.699,   0.100,   1.347,   3.699,   0.100,   3.699,   0.200,   3.799
202607040406,   2.269,   3.709,9999.000,9999.000,9999.000,9999.000,9999.000,9999.000,9999.000
202607040412,   2.283,   3.729,9999.000,9999.000,9999.000,9999.000,9999.000,9999.000,9999.000
202607040418,   2.294,   3.749,9999.000,9999.000,9999.000,9999.000,9999.000,9999.000,9999.000
202607040424,   2.303,   3.758,9999.000,9999.000,9999.000,9999.000,9999.000,9999.000,9999.000
202607040430,   2.309,   3.778,9999.000,9999.000,9999.000,9999.000,9999.000,9999.000,9999.000
202607040436,   2.313,   3.798,9999.000,9999.000,9999.000,9999.000,9999.000,9999.000,9999.000
202607040442,   2.313,   3.860,9999.000,9999.000,9999.000,9999.000,9999.000,9999.000,9999.000
202607040448,   2.310,   3.860,9999.000,9999.000,9999.000,9999.000,9999.000,9999.000,9999.000
202607040454,   2.304,   3.880,9999.000,9999.000,9999.000,9999.000,9999.000,9999.000,9999.000
202607040500,   2.295,   3.890,   0.100,   1.495,   3.890,   0.100,   3.890,   0.200,   3.990
202607040506,   2.282,   3.890,9999.000,9999.000,9999.000,9999.000,9999.000,9999.000,9999.000
202607040512,   2.267,   3.870,9999.000,9999.000,9999.000,9999.000,9999.000,9999.000,9999.000
202607040518,   2.248,   3.847,9999.000,9999.000,9999.000,9999.000,9999.000,9999.000,9999.000
202607040524,   2.225,   3.798,9999.000,9999.000,9999.000,9999.000,9999.000,9999.000,9999.000
202607040530,   2.200,   3.758,9999.000,9999.000,9999.000,9999.000,9999.000,9999.000,9999.000
202607040536,   2.172,   3.689,9999.000,9999.000,9999.000,9999.000,9999.000,9999.000,9999.000
202607040542,   2.140,   3.529,9999.000,9999.000,9999.000,9999.000,9999.000,9999.000,9999.000
202607040548,   2.106,   3.450,9999.000,9999.000,9999.000,9999.000,9999.000,9999.000,9999.000
202607040554,   2.069,   3.319,9999.000,9999.000,9999.000,9999.000,9999.000,9999.000,9999.000
202607040600,   2.030,   3.230,   0.200,   1.000,   3.230,   0.100,   3.130,   0.200,   3.230
202607040606,   1.988,   3.158,9999.000,9999.000,9999.000,9999.000,9999.000,9999.000,9999.000
202607040612,   1.945,   3.099,9999.000,9999.000,9999.000,9999.000,9999.000,9999.000,9999.000
202607040618,   1.900,   3.070,9999.000,9999.000,9999.000,9999.000,9999.000,9999.000,9999.000
202607040624,   1.853,   3.070,9999.000,9999.000,9999.000,9999.000,9999.000,9999.000,9999.000
202607040630,   1.806,   3.050,9999.000,9999.000,9999.000,9999.000,9999.000,9999.000,9999.000
202607040636,   1.757,   3.017,9999.000,9999.000,9999.000,9999.000,9999.000,9999.000,9999.000
202607040642,   1.708,   2.978,9999.000,9999.000,9999.000,9999.000,9999.000,9999.000,9999.000
202607040648,   1.659,   2.938,9999.000,9999.000,9999.000,9999.000,9999.000,9999.000,9999.000
202607040654,   1.610,   2.899,9999.000,9999.000,9999.000,9999.000,9999.000,9999.000,9999.000
202607040700,   1.561,   2.850,   0.200,   1.089,   2.850,   0.100,   2.750,   0.200,   2.850
202607040706,   1.512,   2.807,9999.000,9999.000,9999.000,9999.000,9999.000,9999.000,9999.000
202607040712,   1.464,   2.758,9999.000,9999.000,9999.000,9999.000,9999.000,9999.000,9999.000
202607040718,   1.416,   2.728,9999.000,9999.000,9999.000,9999.000,9999.000,9999.000,9999.000
202607040724,   1.370,   2.689,9999.000,9999.000,9999.000,9999.000,9999.000,9999.000,9999.000
202607040730,   1.324,   2.660,9999.000,9999.000,9999.000,9999.000,9999.000,9999.000,9999.000
202607040736,   1.279,   2.620,9999.000,9999.000,9999.000,9999.000,9999.000,9999.000,9999.000
202607040742,   1.236,   2.578,9999.000,9999.000,9999.000,9999.000,9999.000,9999.000,9999.000
202607040748,   1.193,   2.548,9999.000,9999.000,9999.000,9999.000,9999.000,9999.000,9999.000
202607040754,   1.151,   2.489,9999.000,9999.000,9999.000,9999.000,9999.000,9999.000,9999.000
202607040800,   1.110,   2.459,   0.200,   1.149,   2.459,   0.100,   2.359,   0.200,   2.459
202607040806,   1.070,   2.420,9999.000,9999.000,9999.000,9999.000,9999.000,9999.000,9999.000
202607040812,   1.031,   2.358,9999.000,9999.000,9999.000,9999.000,9999.000,9999.000,9999.000
202607040818,   0.993,   2.318,9999.000,9999.000,9999.000,9999.000,9999.000,9999.000,9999.000
202607040824,   0.955,   2.269,9999.000,9999.000,9999.000,9999.000,9999.000,9999.000,9999.000
202607040830,   0.918,   2.230,9999.000,9999.000,9999.000,9999.000,9999.000,9999.000,9999.000
202607040836,   0.881,   2.168,9999.000,9999.000,9999.000,9999.000,9999.000,9999.000,9999.000
202607040842,   0.844,   2.128,9999.000,9999.000,9999.000,9999.000,9999.000,9999.000,9999.000
202607040848,   0.808,   2.089,9999.000,9999.000,9999.000,9999.000,9999.000,9999.000,9999.000
202607040854,   0.773,   2.040,9999.000,9999.000,9999.000,9999.000,9999.000,9999.000,9999.000
202607040900,   0.737,   2.000,   0.200,   1.063,   2.000,   0.100,   1.900,   0.200,   2.000
202607040906,   0.702,   1.948,9999.000,9999.000,9999.000,9999.000,9999.000,9999.000,9999.000
202607040912,   0.667,   1.899,9999.000,9999.000,9999.000,9999.000,9999.000,9999.000,9999.000
202607040918,   0.632,   1.849,9999.000,9999.000,9999.000,9999.000,9999.000,9999.000,9999.000
202607040924,   0.597,   1.790,9999.000,9999.000,9999.000,9999.000,9999.000,9999.000,9999.000
202607040930,   0.562,   1.728,9999.000,9999.000,9999.000,9999.000,9999.000,9999.000,9999.000
202607040936,   0.527,   1.669,9999.000,9999.000,9999.000,9999.000,9999.000,9999.000,9999.000
202607040942,   0.493,   1.630,9999.000,9999.000,9999.000,9999.000,9999.000,9999.000,9999.000
202607040948,   0.459,   1.571,9999.000,9999.000,9999.000,9999.000,9999.000,9999.000,9999.000
202607040954,   0.426,   1.538,9999.000,9999.000,9999.000,9999.000,9999.000,9999.000,9999.000
202607041000,   0.392,   1.479,   0.200,   0.887,   1.479,   0.100,   1.379,   0.200,   1.479
202607041006,   0.360,   1.439,9999.000,9999.000,9999.000,9999.000,9999.000,9999.000,9999.000
202607041012,   0.328,   1.400,9999.000,9999.000,9999.000,9999.000,9999.000,9999.000,9999.000
202607041018,   0.298,   1.361,9999.000,9999.000,9999.000,9999.000,9999.000,9999.000,9999.000
202607041024,   0.268,   1.338,9999.000,9999.000,9999.000,9999.000,9999.000,9999.000,9999.000
202607041030,   0.239,   1.308,9999.000,9999.000,9999.000,9999.000,9999.000,9999.000,9999.000
202607041036,   0.212,   1.279,9999.000,9999.000,9999.000,9999.000,9999.000,9999.000,9999.000
202607041042,   0.186,   1.259,9999.000,9999.000,9999.000,9999.000,9999.000,9999.000,9999.000
202607041048,   0.162,   1.229,9999.000,9999.000,9999.000,9999.000,9999.000,9999.000,9999.000
202607041054,   0.139,   1.210,9999.000,9999.000,9999.000,9999.000,9999.000,9999.000,9999.000
202607041100,   0.119,   1.200,   0.200,   0.881,   1.200,   0.100,   1.100,   0.200,   1.200
202607041106,   0.100,   1.190,9999.000,9999.000,9999.000,9999.000,9999.000,9999.000,9999.000
202607041112,   0.084,   1.170,9999.000,9999.000,9999.000,9999.000,9999.000,9999.000,9999.000
202607041118,   0.071,   1.161,9999.000,9999.000,9999.000,9999.000,9999.000,9999.000,9999.000
202607041124,   0.060,   1.138,9999.000,9999.000,9999.000,9999.000,9999.000,9999.000,9999.000
202607041130,   0.052,   1.151,9999.000,9999.000,9999.000,9999.000,9999.000,9999.000,9999.000
202607041136,   0.047,   1.161,9999.000,9999.000,9999.000,9999.000,9999.000,9999.000,9999.000
202607041142,   0.046,   1.161,9999.000,9999.000,9999.000,9999.000,9999.000,9999.000,9999.000
202607041148,   0.048,   1.170,9999.000,9999.000,9999.000,9999.000,9999.000,9999.000,9999.000
202607041154,   0.053,   1.161,9999.000,9999.000,9999.000,9999.000,9999.000,9999.000,9999.000
202607041200,   0.062,   1.161,   0.300,   0.799,   1.161,   0.300,   1.161,   0.300,   1.161
202607041206,   0.075,   1.161,9999.000,9999.000,9999.000,9999.000,9999.000,9999.000,9999.000
202607041212,   0.092,   1.161,9999.000,9999.000,9999.000,9999.000,9999.000,9999.000,9999.000
202607041218,   0.112,   1.170,9999.000,9999.000,9999.000,9999.000,9999.000,9999.000,9999.000
202607041224,   0.137,   1.200,9999.000,9999.000,9999.000,9999.000,9999.000,9999.000,9999.000
202607041230,   0.166,   1.229,9999.000,9999.000,9999.000,9999.000,9999.000,9999.000,9999.000
202607041236,   0.198,   1.289,9999.000,9999.000,9999.000,9999.000,9999.000,9999.000,9999.000
202607041242,   0.234,   1.361,9999.000,9999.000,9999.000,9999.000,9999.000,9999.000,9999.000
202607041248,   0.274,   1.439,9999.000,9999.000,9999.000,9999.000,9999.000,9999.000,9999.000
202607041254,   0.318,   1.538,9999.000,9999.000,9999.000,9999.000,9999.000,9999.000,9999.000
202607041300,   0.365,   1.620,   0.300,   0.955,   1.620,   0.300,   1.620,   0.300,   1.620
202607041306,   0.415,   1.699,9999.000,9999.000,9999.000,9999.000,9999.000,9999.000,9999.000
202607041312,   0.468,   1.781,9999.000,9999.000,9999.000,9999.000,9999.000,9999.000,9999.000
202607041318,   0.523,   1.849,9999.000,9999.000,9999.000,9999.000,9999.000,9999.000,9999.000
202607041324,   0.581,   1.918,9999.000,9999.000,9999.000,9999.000,9999.000,9999.000,9999.000
202607041330,   0.641,   2.000,9999.000,9999.000,9999.000,9999.000,9999.000,9999.000,9999.000
202607041336,   0.703,   2.059,9999.000,9999.000,9999.000,9999.000,9999.000,9999.000,9999.000
202607041342,   0.766,   2.138,9999.000,9999.000,9999.000,9999.000,9999.000,9999.000,9999.000
202607041348,   0.829,   2.191,9999.000,9999.000,9999.000,9999.000,9999.000,9999.000,9999.000
202607041354,   0.894,   2.240,9999.000,9999.000,9999.000,9999.000,9999.000,9999.000,9999.000
202607041400,   0.958,   2.279,   0.300,   1.021,   2.279,   0.300,   2.279,   0.300,   2.279
202607041406,   1.022,   2.338,9999.000,9999.000,9999.000,9999.000,9999.000,9999.000,9999.000
202607041412,   1.086,   2.400,9999.000,9999.000,9999.000,9999.000,9999.000,9999.000,9999.000
202607041418,   1.149,   2.450,9999.000,9999.000,9999.000,9999.000,9999.000,9999.000,9999.000
202607041424,   1.210,   2.499,9999.000,9999.000,9999.000,9999.000,9999.000,9999.000,9999.000
202607041430,   1.270,   2.538,9999.000,9999.000,9999.000,9999.000,9999.000,9999.000,9999.000
202607041436,   1.329,   2.597,9999.000,9999.000,9999.000,9999.000,9999.000,9999.000,9999.000
202607041442,   1.386,   2.650,9999.000,9999.000,9999.000,9999.000,9999.000,9999.000,9999.000
202607041448,   1.440,   2.689,9999.000,9999.000,9999.000,9999.000,9999.000,9999.000,9999.000
202607041454,   1.493,   2.719,9999.000,9999.000,9999.000,9999.000,9999.000,9999.000,9999.000
202607041500,   1.543,   2.797,   0.300,   0.954,   2.797,   0.300,   2.797,   0.300,   2.797
202607041506,   1.591,   2.840,9999.000,9999.000,9999.000,9999.000,9999.000,9999.000,9999.000
202607041512,   1.637,   2.899,9999.000,9999.000,9999.000,9999.000,9999.000,9999.000,9999.000
202607041518,   1.680,   2.948,9999.000,9999.000,9999.000,9999.000,9999.000,9999.000,9999.000
202607041524,   1.721,   3.017,9999.000,9999.000,9999.000,9999.000,9999.000,9999.000,9999.000
202607041530,   1.759,   3.070,9999.000,9999.000,9999.000,9999.000,9999.000,9999.000,9999.000
202607041536,   1.795,   3.119,9999.000,9999.000,9999.000,9999.000,9999.000,9999.000,9999.000
202607041542,   1.829,   3.158,9999.000,9999.000,9999.000,9999.000,9999.000,9999.000,9999.000
202607041548,   1.860,   3.207,9999.000,9999.000,9999.000,9999.000,9999.000,9999.000,9999.000
202607041554,   1.889,   3.217,9999.000,9999.000,9999.000,9999.000,9999.000,9999.000,9999.000
202607041600,   1.916,   3.240,   0.300,   1.024,   3.240,   0.300,   3.240,   0.300,   3.240
202607041606,   1.941,   3.289,9999.000,9999.000,9999.000,9999.000,9999.000,9999.000,9999.000
202607041612,   1.964,   3.289,9999.000,9999.000,9999.000,9999.000,9999.000,9999.000,9999.000
202607041618,   1.984,   3.299,9999.000,9999.000,9999.000,9999.000,9999.000,9999.000,9999.000
202607041624,   2.002,   3.319,9999.000,9999.000,9999.000,9999.000,9999.000,9999.000,9999.000
202607041630,   2.018,   3.319,9999.000,9999.000,9999.000,9999.000,9999.000,9999.000,9999.000
202607041636,   2.031,   3.319,9999.000,9999.000,9999.000,9999.000,9999.000,9999.000,9999.000
202607041642,   2.042,   3.329,9999.000,9999.000,9999.000,9999.000,9999.000,9999.000,9999.000
202607041648,   2.051,   3.339,9999.000,9999.000,9999.000,9999.000,9999.000,9999.000,9999.000
202607041654,   2.056,   3.339,9999.000,9999.000,9999.000,9999.000,9999.000,9999.000,9999.000
202607041700,   2.060,   3.329,   0.300,   0.969,   3.329,   0.300,   3.329,   0.300,   3.329
202607041706,   2.060,   3.368,9999.000,9999.000,9999.000,9999.000,9999.000,9999.000,9999.000
202607041712,   2.057,   3.388,9999.000,9999.000,9999.000,9999.000,9999.000,9999.000,9999.000
202607041718,   2.052,   3.398,9999.000,9999.000,9999.000,9999.000,9999.000,9999.000,9999.000
202607041724,   2.044,   3.417,9999.000,9999.000,9999.000,9999.000,9999.000,9999.000,9999.000
202607041730,   2.032,   3.388,9999.000,9999.000,9999.000,9999.000,9999.000,9999.000,9999.000
202607041736,   2.017,   3.358,9999.000,9999.000,9999.000,9999.000,9999.000,9999.000,9999.000
202607041742,   2.000,   3.309,9999.000,9999.000,9999.000,9999.000,9999.000,9999.000,9999.000
202607041748,   1.979,   3.299,9999.000,9999.000,9999.000,9999.000,9999.000,9999.000,9999.000
202607041754,   1.955,   3.260,9999.000,9999.000,9999.000,9999.000,9999.000,9999.000,9999.000
202607041800,   1.928,   3.240,   0.400,   0.912,   3.240,   0.300,   3.140,   0.400,   3.240
202607041806,   1.898,   3.217,9999.000,9999.000,9999.000,9999.000,9999.000,9999.000,9999.000
202607041812,   1.866,   3.188,9999.000,9999.000,9999.000,9999.000,9999.000,9999.000,9999.000
202607041818,   1.831,   3.148,9999.000,9999.000,9999.000,9999.000,9999.000,9999.000,9999.000
202607041824,   1.794,   3.119,9999.000,9999.000,9999.000,9999.000,9999.000,9999.000,9999.000
202607041830,   1.755,   3.079,9999.000,9999.000,9999.000,9999.000,9999.000,9999.000,9999.000
202607041836,   1.714,   2.988,9999.000,9999.000,9999.000,9999.000,9999.000,9999.000,9999.000
202607041842,   1.671,   2.938,9999.000,9999.000,9999.000,9999.000,9999.000,9999.000,9999.000
202607041848,   1.627,   2.850,9999.000,9999.000,9999.000,9999.000,9999.000,9999.000,9999.000
202607041854,   1.582,   2.787,9999.000,9999.000,9999.000,9999.000,9999.000,9999.000,9999.000
202607041900,   1.536,   2.719,   0.400,   0.783,   2.719,   0.300,   2.619,   0.400,   2.719
202607041906,   1.490,   2.669,9999.000,9999.000,9999.000,9999.000,9999.000,9999.000,9999.000
202607041912,   1.444,   2.630,9999.000,9999.000,9999.000,9999.000,9999.000,9999.000,9999.000
202607041918,   1.397,   2.597,9999.000,9999.000,9999.000,9999.000,9999.000,9999.000,9999.000
202607041924,   1.351,   2.568,9999.000,9999.000,9999.000,9999.000,9999.000,9999.000,9999.000
202607041930,   1.305,   2.528,9999.000,9999.000,9999.000,9999.000,9999.000,9999.000,9999.000
202607041936,   1.260,   2.469,9999.000,9999.000,9999.000,9999.000,9999.000,9999.000,9999.000
202607041942,   1.216,   2.430,9999.000,9999.000,9999.000,9999.000,9999.000,9999.000,9999.000
202607041948,   1.172,   2.400,9999.000,9999.000,9999.000,9999.000,9999.000,9999.000,9999.000
202607041954,   1.130,   2.348,9999.000,9999.000,9999.000,9999.000,9999.000,9999.000,9999.000
202607042000,   1.088,   2.318,   0.400,   0.830,   2.318,   0.300,   2.218,   0.400,   2.318
202607042006,   1.048,   2.259,9999.000,9999.000,9999.000,9999.000,9999.000,9999.000,9999.000
202607042012,   1.009,   2.230,9999.000,9999.000,9999.000,9999.000,9999.000,9999.000,9999.000
202607042018,   0.971,   2.168,9999.000,9999.000,9999.000,9999.000,9999.000,9999.000,9999.000
202607042024,   0.933,   2.109,9999.000,9999.000,9999.000,9999.000,9999.000,9999.000,9999.000
202607042030,   0.897,   2.069,9999.000,9999.000,9999.000,9999.000,9999.000,9999.000,9999.000
202607042036,   0.862,   2.020,9999.000,9999.000,9999.000,9999.000,9999.000,9999.000,9999.000
202607042042,   0.828,   1.948,9999.000,9999.000,9999.000,9999.000,9999.000,9999.000,9999.000
202607042048,   0.794,   1.918,9999.000,9999.000,9999.000,9999.000,9999.000,9999.000,9999.000
202607042054,   0.761,   1.879,9999.000,9999.000,9999.000,9999.000,9999.000,9999.000,9999.000
202607042100,   0.728,   1.840,   0.400,   0.712,   1.840,   0.300,   1.740,   0.400,   1.840
202607042106,   0.696,   1.790,9999.000,9999.000,9999.000,9999.000,9999.000,9999.000,9999.000
202607042112,   0.665,   1.738,9999.000,9999.000,9999.000,9999.000,9999.000,9999.000,9999.000
202607042118,   0.633,   1.708,9999.000,9999.000,9999.000,9999.000,9999.000,9999.000,9999.000
202607042124,   0.603,   1.659,9999.000,9999.000,9999.000,9999.000,9999.000,9999.000,9999.000
202607042130,   0.572,   1.630,9999.000,9999.000,9999.000,9999.000,9999.000,9999.000,9999.000
202607042136,   0.541,   1.590,9999.000,9999.000,9999.000,9999.000,9999.000,9999.000,9999.000
202607042142,   0.511,   1.538,9999.000,9999.000,9999.000,9999.000,9999.000,9999.000,9999.000
202607042148,   0.481,   1.508,9999.000,9999.000,9999.000,9999.000,9999.000,9999.000,9999.000
202607042154,   0.451,   1.459,9999.000,9999.000,9999.000,9999.000,9999.000,9999.000,9999.000
202607042200,   0.421,   1.420,   0.400,   0.599,   1.420,   0.400,   1.420,   0.400,   1.420
202607042206,   0.392,   1.390,9999.000,9999.000,9999.000,9999.000,9999.000,9999.000,9999.000
202607042212,   0.363,   1.338,9999.000,9999.000,9999.000,9999.000,9999.000,9999.000,9999.000
202607042218,   0.335,   1.328,9999.000,9999.000,9999.000,9999.000,9999.000,9999.000,9999.000
202607042224,   0.307,   1.308,9999.000,9999.000,9999.000,9999.000,9999.000,9999.000,9999.000
202607042230,   0.280,   1.289,9999.000,9999.000,9999.000,9999.000,9999.000,9999.000,9999.000
202607042236,   0.253,   1.269,9999.000,9999.000,9999.000,9999.000,9999.000,9999.000,9999.000
202607042242,   0.227,   1.229,9999.000,9999.000,9999.000,9999.000,9999.000,9999.000,9999.000
202607042248,   0.203,   1.220,9999.000,9999.000,9999.000,9999.000,9999.000,9999.000,9999.000
202607042254,   0.179,   1.200,9999.000,9999.000,9999.000,9999.000,9999.000,9999.000,9999.000
202607042300,   0.157,   1.180,   0.400,   0.623,   1.180,   0.400,   1.180,   0.400,   1.180
202607042306,   0.137,   1.151,9999.000,9999.000,9999.000,9999.000,9999.000,9999.000,9999.000
202607042312,   0.118,   1.128,9999.000,9999.000,9999.000,9999.000,9999.000,9999.000,9999.000
202607042318,   0.101,   1.161,9999.000,9999.000,9999.000,9999.000,9999.000,9999.000,9999.000
202607042324,   0.085,   1.161,9999.000,9999.000,9999.000,9999.000,9999.000,9999.000,9999.000
202607042330,   0.072,   1.190,9999.000,9999.000,9999.000,9999.000,9999.000,9999.000,9999.000
202607042336,   0.062,   1.200,9999.000,9999.000,9999.000,9999.000,9999.000,9999.000,9999.000
202607042342,   0.054,   1.220,9999.000,9999.000,9999.000,9999.000,9999.000,9999.000,9999.000
202607042348,   0.048,   1.259,9999.000,9999.000,9999.000,9999.000,9999.000,9999.000,9999.000
202607042354,   0.046,   1.269,9999.000,9999.000,9999.000,9999.000,9999.000,9999.000,9999.000
202607050000,   0.046,   1.308,   0.500,   0.762,   1.308,   0.400,   1.208,   0.500,   1.308
202607050006,   0.050,   1.338,9999.000,9999.000,9999.000,9999.000,9999.000,9999.000,9999.000
202607050012,   0.057,   1.380,9999.000,9999.000,9999.000,9999.000,9999.000,9999.000,9999.000
202607050018,   0.067,   1.439,9999.000,9999.000,9999.000,9999.000,9999.000,9999.000,9999.000
202607050024,   0.081,   1.508,9999.000,9999.000,9999.000,9999.000,9999.000,9999.000,9999.000
202607050030,   0.099,   1.580,9999.000,9999.000,9999.000,9999.000,9999.000,9999.000,9999.000
202607050036,   0.121,   1.659,9999.000,9999.000,9999.000,9999.000,9999.000,9999.000,9999.000
202607050042,   0.147,   1.728,9999.000,9999.000,9999.000,9999.000,9999.000,9999.000,9999.000
202607050048,   0.176,   1.790,9999.000,9999.000,9999.000,9999.000,9999.000,9999.000,9999.000
202607050054,   0.210,   1.859,9999.000,9999.000,9999.000,9999.000,9999.000,9999.000,9999.000
202607050100,   0.247,   1.928,   0.500,   1.181,   1.928,   0.400,   1.828,   0.500,   1.928
202607050106,   0.288,   1.981,9999.000,9999.000,9999.000,9999.000,9999.000,9999.000,9999.000
202607050112,   0.333,   2.040,9999.000,9999.000,9999.000,9999.000,9999.000,9999.000,9999.000
202607050118,   0.381,   2.089,9999.000,9999.000,9999.000,9999.000,9999.000,9999.000,9999.000
202607050124,   0.433,   2.118,9999.000,9999.000,9999.000,9999.000,9999.000,9999.000,9999.000
202607050130,   0.488,   2.128,9999.000,9999.000,9999.000,9999.000,9999.000,9999.000,9999.000
202607050136,   0.545,   2.200,9999.000,9999.000,9999.000,9999.000,9999.000,9999.000,9999.000
202607050142,   0.606,   2.230,9999.000,9999.000,9999.000,9999.000,9999.000,9999.000,9999.000
202607050148,   0.668,   2.279,9999.000,9999.000,9999.000,9999.000,9999.000,9999.000,9999.000
202607050154,   0.733,   2.348,9999.000,9999.000,9999.000,9999.000,9999.000,9999.000,9999.000
202607050200,   0.799,   2.420,   0.500,   1.121,   2.420,   0.400,   2.320,   0.500,   2.420
202607050206,   0.866,   4.719,9999.000,9999.000,9999.000,9999.000,9999.000,9999.000,9999.000
202607050212,   0.934,   4.500,9999.000,9999.000,9999.000,9999.000,9999.000,9999.000,9999.000
202607050218,   1.003,   5.077,9999.000,9999.000,9999.000,9999.000,9999.000,9999.000,9999.000
202607050224,   1.071,   2.669,9999.000,9999.000,9999.000,9999.000,9999.000,9999.000,9999.000
202607050230,   1.140,   4.949,9999.000,9999.000,9999.000,9999.000,9999.000,9999.000,9999.000
202607050236,   1.207,   5.218,9999.000,9999.000,9999.000,9999.000,9999.000,9999.000,9999.000
202607050242,   1.274,   5.198,9999.000,9999.000,9999.000,9999.000,9999.000,9999.000,9999.000
202607050248,   1.340,   5.307,9999.000,9999.000,9999.000,9999.000,9999.000,9999.000,9999.000
202607050254,   1.404,   5.238,9999.000,9999.000,9999.000,9999.000,9999.000,9999.000,9999.000
202607050300,   1.466,   5.169,   0.500,   3.203,   5.169,   0.400,   5.069,   0.500,   5.169
202607050306,   1.527,   5.448,9999.000,9999.000,9999.000,9999.000,9999.000,9999.000,9999.000
202607050312,   1.585,   5.448,9999.000,9999.000,9999.000,9999.000,9999.000,9999.000,9999.000
202607050318,   1.641,   5.549,9999.000,9999.000,9999.000,9999.000,9999.000,9999.000,9999.000
202607050324,   1.695,   3.207,9999.000,9999.000,9999.000,9999.000,9999.000,9999.000,9999.000
202607050330,   1.746,   5.687,9999.000,9999.000,9999.000,9999.000,9999.000,9999.000,9999.000
202607050336,   1.794,   5.769,9999.000,9999.000,9999.000,9999.000,9999.000,9999.000,9999.000
202607050342,   1.840,   5.628,9999.000,9999.000,9999.000,9999.000,9999.000,9999.000,9999.000
202607050348,   1.884,   5.717,9999.000,9999.000,9999.000,9999.000,9999.000,9999.000,9999.000
202607050354,   1.925,   5.759,9999.000,9999.000,9999.000,9999.000,9999.000,9999.000,9999.000
202607050400,   1.963,   5.769,   0.500,   3.306,   5.769,   0.400,   5.669,   0.500,   5.769
202607050406,   1.999,   5.799,9999.000,9999.000,9999.000,9999.000,9999.000,9999.000,9999.000
202607050412,   2.033,   5.139,9999.000,9999.000,9999.000,9999.000,9999.000,9999.000,9999.000
202607050418,   2.064,   4.539,9999.000,9999.000,9999.000,9999.000,9999.000,9999.000,9999.000
202607050424,   2.092,   3.758,9999.000,9999.000,9999.000,9999.000,9999.000,9999.000,9999.000
202607050430,   2.119,   5.769,9999.000,9999.000,9999.000,9999.000,9999.000,9999.000,9999.000
202607050436,   2.143,   3.788,9999.000,9999.000,9999.000,9999.000,9999.000,9999.000,9999.000
202607050442,   2.164,   3.817,9999.000,9999.000,9999.000,9999.000,9999.000,9999.000,9999.000
202607050448,   2.184,   6.048,9999.000,9999.000,9999.000,9999.000,9999.000,9999.000,9999.000
202607050454,   2.200,   6.258,9999.000,9999.000,9999.000,9999.000,9999.000,9999.000,9999.000
202607050500,   2.215,   3.880,   0.500,   1.165,   3.880,   0.400,   3.780,   0.500,   3.880
202607050506,   2.227,   3.880,9999.000,9999.000,9999.000,9999.000,9999.000,9999.000,9999.000
202607050512,   2.236,   3.870,9999.000,9999.000,9999.000,9999.000,9999.000,9999.000,9999.000
202607050518,   2.242,   3.860,9999.000,9999.000,9999.000,9999.000,9999.000,9999.000,9999.000
202607050524,   2.246,   3.870,9999.000,9999.000,9999.000,9999.000,9999.000,9999.000,9999.000
202607050530,   2.247,   3.860,9999.000,9999.000,9999.000,9999.000,9999.000,9999.000,9999.000
202607050536,   2.244,   3.847,9999.000,9999.000,9999.000,9999.000,9999.000,9999.000,9999.000
202607050542,   2.239,   3.817,9999.000,9999.000,9999.000,9999.000,9999.000,9999.000,9999.000
202607050548,   2.231,   3.798,9999.000,9999.000,9999.000,9999.000,9999.000,9999.000,9999.000
202607050554,   2.219,   3.778,9999.000,9999.000,9999.000,9999.000,9999.000,9999.000,9999.000
202607050600,   2.204,   3.729,   0.500,   1.025,   3.729,   0.400,   3.629,   0.500,   3.729
202607050606,   2.186,   3.719,9999.000,9999.000,9999.000,9999.000,9999.000,9999.000,9999.000
202607050612,   2.164,   3.689,9999.000,9999.000,9999.000,9999.000,9999.000,9999.000,9999.000
202607050618,   2.140,   3.650,9999.000,9999.000,9999.000,9999.000,9999.000,9999.000,9999.000
202607050624,   2.112,   3.607,9999.000,9999.000,9999.000,9999.000,9999.000,9999.000,9999.000
202607050630,   2.082,   3.558,9999.000,9999.000,9999.000,9999.000,9999.000,9999.000,9999.000
202607050636,   2.048,   3.519,9999.000,9999.000,9999.000,9999.000,9999.000,9999.000,9999.000
202607050642,   2.012,   3.480,9999.000,9999.000,9999.000,9999.000,9999.000,9999.000,9999.000
202607050648,   1.973,   3.440,9999.000,9999.000,9999.000,9999.000,9999.000,9999.000,9999.000
202607050654,   1.932,   3.407,9999.000,9999.000,9999.000,9999.000,9999.000,9999.000,9999.000
202607050700,   1.889,   3.348,   0.500,   0.959,   3.348,   0.400,   3.248,   0.500,   3.348
202607050706,   1.845,   3.309,9999.000,9999.000,9999.000,9999.000,9999.000,9999.000,9999.000
202607050712,   1.799,   3.230,9999.000,9999.000,9999.000,9999.000,9999.000,9999.000,9999.000
202607050718,   1.751,   3.168,9999.000,9999.000,9999.000,9999.000,9999.000,9999.000,9999.000
202607050724,   1.703,   3.109,9999.000,9999.000,9999.000,9999.000,9999.000,9999.000,9999.000
202607050730,   1.654,   3.040,9999.000,9999.000,9999.000,9999.000,9999.000,9999.000,9999.000
202607050736,   1.604,   2.988,9999.000,9999.000,9999.000,9999.000,9999.000,9999.000,9999.000
202607050742,   1.555,   2.938,9999.000,9999.000,9999.000,9999.000,9999.000,9999.000,9999.000
202607050748,   1.505,   2.899,9999.000,9999.000,9999.000,9999.000,9999.000,9999.000,9999.000
202607050754,   1.456,   2.869,9999.000,9999.000,9999.000,9999.000,9999.000,9999.000,9999.000
202607050800,   1.407,   2.830,   0.500,   0.923,   2.830,   0.400,   2.730,   0.500,   2.830
202607050806,   1.359,   2.807,9999.000,9999.000,9999.000,9999.000,9999.000,9999.000,9999.000
202607050812,   1.312,   2.778,9999.000,9999.000,9999.000,9999.000,9999.000,9999.000,9999.000
202607050818,   1.265,   2.748,9999.000,9999.000,9999.000,9999.000,9999.000,9999.000,9999.000
202607050824,   1.220,   2.709,9999.000,9999.000,9999.000,9999.000,9999.000,9999.000,9999.000
202607050830,   1.175,   2.689,9999.000,9999.000,9999.000,9999.000,9999.000,9999.000,9999.000
202607050836,   1.131,   2.630,9999.000,9999.000,9999.000,9999.000,9999.000,9999.000,9999.000
202607050842,   1.089,   2.568,9999.000,9999.000,9999.000,9999.000,9999.000,9999.000,9999.000
202607050848,   1.047,   2.538,9999.000,9999.000,9999.000,9999.000,9999.000,9999.000,9999.000
202607050854,   1.006,   2.479,9999.000,9999.000,9999.000,9999.000,9999.000,9999.000,9999.000
202607050900,   0.966,   2.440,   0.500,   0.974,   2.440,   0.400,   2.340,   0.500,   2.440
202607050906,   0.927,   2.400,9999.000,9999.000,9999.000,9999.000,9999.000,9999.000,9999.000
202607050912,   0.888,   2.348,9999.000,9999.000,9999.000,9999.000,9999.000,9999.000,9999.000
202607050918,   0.850,   2.289,9999.000,9999.000,9999.000,9999.000,9999.000,9999.000,9999.000
202607050924,   0.812,   2.230,9999.000,9999.000,9999.000,9999.000,9999.000,9999.000,9999.000
202607050930,   0.775,   2.177,9999.000,9999.000,9999.000,9999.000,9999.000,9999.000,9999.000
202607050936,   0.739,   2.118,9999.000,9999.000,9999.000,9999.000,9999.000,9999.000,9999.000
202607050942,   0.702,   2.049,9999.000,9999.000,9999.000,9999.000,9999.000,9999.000,9999.000
202607050948,   0.666,   1.990,9999.000,9999.000,9999.000,9999.000,9999.000,9999.000,9999.000
202607050954,   0.630,   1.938,9999.000,9999.000,9999.000,9999.000,9999.000,9999.000,9999.000
202607051000,   0.595,   1.889,   0.500,   0.794,   1.889,   0.400,   1.789,   0.600,   1.989
202607051006,   0.559,   1.840,9999.000,9999.000,9999.000,9999.000,9999.000,9999.000,9999.000
202607051012,   0.524,   1.820,9999.000,9999.000,9999.000,9999.000,9999.000,9999.000,9999.000
202607051018,   0.489,   1.781,9999.000,9999.000,9999.000,9999.000,9999.000,9999.000,9999.000
202607051024,   0.454,   1.738,9999.000,9999.000,9999.000,9999.000,9999.000,9999.000,9999.000
202607051030,   0.420,   1.689,9999.000,9999.000,9999.000,9999.000,9999.000,9999.000,9999.000
202607051036,   0.385,   1.649,9999.000,9999.000,9999.000,9999.000,9999.000,9999.000,9999.000
202607051042,   0.352,   1.610,9999.000,9999.000,9999.000,9999.000,9999.000,9999.000,9999.000
202607051048,   0.319,   1.580,9999.000,9999.000,9999.000,9999.000,9999.000,9999.000,9999.000
202607051054,   0.286,   1.538,9999.000,9999.000,9999.000,9999.000,9999.000,9999.000,9999.000
202607051100,   0.255,   1.508,   0.500,   0.753,   1.508,   0.400,   1.408,   0.600,   1.608
202607051106,   0.224,   1.469,9999.000,9999.000,9999.000,9999.000,9999.000,9999.000,9999.000
202607051112,   0.194,   1.459,9999.000,9999.000,9999.000,9999.000,9999.000,9999.000,9999.000
202607051118,   0.166,   1.420,9999.000,9999.000,9999.000,9999.000,9999.000,9999.000,9999.000
202607051124,   0.139,   1.390,9999.000,9999.000,9999.000,9999.000,9999.000,9999.000,9999.000
202607051130,   0.113,   1.361,9999.000,9999.000,9999.000,9999.000,9999.000,9999.000,9999.000
202607051136,   0.089,   1.348,9999.000,9999.000,9999.000,9999.000,9999.000,9999.000,9999.000
202607051142,   0.067,   1.348,9999.000,9999.000,9999.000,9999.000,9999.000,9999.000,9999.000
202607051148,   0.047,   1.371,9999.000,9999.000,9999.000,9999.000,9999.000,9999.000,9999.000
202607051154,   0.030,   1.361,9999.000,9999.000,9999.000,9999.000,9999.000,9999.000,9999.000
202607051200,   0.014,   1.361,   0.500,   0.847,   1.361,   0.500,   1.361,   0.600,   1.461
202607051206,   0.002,   1.348,9999.000,9999.000,9999.000,9999.000,9999.000,9999.000,9999.000
202607051212,  -0.007,   1.328,9999.000,9999.000,9999.000,9999.000,9999.000,9999.000,9999.000
202607051218,  -0.014,   1.308,9999.000,9999.000,9999.000,9999.000,9999.000,9999.000,9999.000
202607051224,  -0.018,   1.298,9999.000,9999.000,9999.000,9999.000,9999.000,9999.000,9999.000
202607051230,  -0.019,   1.298,9999.000,9999.000,9999.000,9999.000,9999.000,9999.000,9999.000
202607051236,  -0.016,   1.298,9999.000,9999.000,9999.000,9999.000,9999.000,9999.000,9999.000
202607051242,  -0.010,   1.338,9999.000,9999.000,9999.000,9999.000,9999.000,9999.000,9999.000
202607051248,   0.000,   1.361,9999.000,9999.000,9999.000,9999.000,9999.000,9999.000,9999.000
202607051254,   0.014,   1.420,9999.000,9999.000,9999.000,9999.000,9999.000,9999.000,9999.000
202607051300,   0.032,   1.498,   0.500,   0.966,   1.498,   0.500,   1.498,   0.600,   1.598
202607051306,   0.054,   3.148,9999.000,9999.000,9999.000,9999.000,9999.000,9999.000,9999.000
202607051312,   0.080,   1.590,9999.000,9999.000,9999.000,9999.000,9999.000,9999.000,9999.000
202607051318,   0.110,   1.659,9999.000,9999.000,9999.000,9999.000,9999.000,9999.000,9999.000
202607051324,   0.144,   4.139,9999.000,9999.000,9999.000,9999.000,9999.000,9999.000,9999.000
202607051330,   0.182,   1.810,9999.000,9999.000,9999.000,9999.000,9999.000,9999.000,9999.000
202607051336,   0.224,   1.869,9999.000,9999.000,9999.000,9999.000,9999.000,9999.000,9999.000
202607051342,   0.269,   1.928,9999.000,9999.000,9999.000,9999.000,9999.000,9999.000,9999.000
202607051348,   0.318,   2.000,9999.000,9999.000,9999.000,9999.000,9999.000,9999.000,9999.000
202607051354,   0.371,   2.069,9999.000,9999.000,9999.000,9999.000,9999.000,9999.000,9999.000
202607051400,   0.426,   2.128,   0.500,   1.202,   2.128,   0.500,   2.128,   0.600,   2.228
202607051406,   0.484,   2.220,9999.000,9999.000,9999.000,9999.000,9999.000,9999.000,9999.000
202607051412,   0.545,   2.269,9999.000,9999.000,9999.000,9999.000,9999.000,9999.000,9999.000
202607051418,   0.608,   2.309,9999.000,9999.000,9999.000,9999.000,9999.000,9999.000,9999.000
202607051424,   0.673,   2.358,9999.000,9999.000,9999.000,9999.000,9999.000,9999.000,9999.000
202607051430,   0.739,   2.410,9999.000,9999.000,9999.000,9999.000,9999.000,9999.000,9999.000
202607051436,   0.806,   2.450,9999.000,9999.000,9999.000,9999.000,9999.000,9999.000,9999.000
202607051442,   0.873,   2.489,9999.000,9999.000,9999.000,9999.000,9999.000,9999.000,9999.000
202607051448,   0.941,   2.519,9999.000,9999.000,9999.000,9999.000,9999.000,9999.000,9999.000
202607051454,   1.009,   2.548,9999.000,9999.000,9999.000,9999.000,9999.000,9999.000,9999.000
202607051500,   1.077,   2.568,   0.600,   0.891,   2.568,   0.500,   2.468,   0.600,   2.568
202607051506,   1.144,   2.630,9999.000,9999.000,9999.000,9999.000,9999.000,9999.000,9999.000
202607051512,   1.210,   2.669,9999.000,9999.000,9999.000,9999.000,9999.000,9999.000,9999.000
202607051518,   1.274,   2.699,9999.000,9999.000,9999.000,9999.000,9999.000,9999.000,9999.000
202607051524,   1.337,   2.778,9999.000,9999.000,9999.000,9999.000,9999.000,9999.000,9999.000
202607051530,   1.398,   2.860,9999.000,9999.000,9999.000,9999.000,9999.000,9999.000,9999.000
202607051536,   1.457,   2.909,9999.000,9999.000,9999.000,9999.000,9999.000,9999.000,9999.000
202607051542,   1.514,   2.948,9999.000,9999.000,9999.000,9999.000,9999.000,9999.000,9999.000
202607051548,   1.568,   2.988,9999.000,9999.000,9999.000,9999.000,9999.000,9999.000,9999.000
202607051554,   1.620,   2.997,9999.000,9999.000,9999.000,9999.000,9999.000,9999.000,9999.000
202607051600,   1.670,   3.070,   0.600,   0.800,   3.070,   0.500,   2.970,   0.600,   3.070
202607051606,   1.718,   3.079,9999.000,9999.000,9999.000,9999.000,9999.000,9999.000,9999.000
202607051612,   1.763,   3.109,9999.000,9999.000,9999.000,9999.000,9999.000,9999.000,9999.000
202607051618,   1.805,   3.158,9999.000,9999.000,9999.000,9999.000,9999.000,9999.000,9999.000
202607051624,   1.845,   3.197,9999.000,9999.000,9999.000,9999.000,9999.000,9999.000,9999.000
202607051630,   1.883,   4.119,9999.000,9999.000,9999.000,9999.000,9999.000,9999.000,9999.000
202607051636,   1.918,   3.309,9999.000,9999.000,9999.000,9999.000,9999.000,9999.000,9999.000
202607051642,   1.951,   3.348,9999.000,9999.000,9999.000,9999.000,9999.000,9999.000,9999.000
202607051648,   1.982,   3.388,9999.000,9999.000,9999.000,9999.000,9999.000,9999.000,9999.000
202607051654,   2.010,   3.460,9999.000,9999.000,9999.000,9999.000,9999.000,9999.000,9999.000
202607051700,   2.036,   3.489,   0.600,   0.853,   3.489,   0.500,   3.389,   0.600,   3.489
202607051706,   2.060,   3.499,9999.000,9999.000,9999.000,9999.000,9999.000,9999.000,9999.000
202607051712,   2.081,   3.529,9999.000,9999.000,9999.000,9999.000,9999.000,9999.000,9999.000
202607051718,   2.101,   3.529,9999.000,9999.000,9999.000,9999.000,9999.000,9999.000,9999.000
202607051724,   2.117,   3.689,9999.000,9999.000,9999.000,9999.000,9999.000,9999.000,9999.000
202607051730,   2.132,   3.578,9999.000,9999.000,9999.000,9999.000,9999.000,9999.000,9999.000
202607051736,   2.143,   3.588,9999.000,9999.000,9999.000,9999.000,9999.000,9999.000,9999.000
202607051742,   2.153,   3.598,9999.000,9999.000,9999.000,9999.000,9999.000,9999.000,9999.000
202607051748,   2.159,   3.607,9999.000,9999.000,9999.000,9999.000,9999.000,9999.000,9999.000
202607051754,   2.162,   3.607,9999.000,9999.000,9999.000,9999.000,9999.000,9999.000,9999.000
202607051800,   2.163,   3.578,   0.600,   0.815,   3.578,   0.500,   3.478,   0.600,   3.578
202607051806,   2.161,   3.598,9999.000,9999.000,9999.000,9999.000,9999.000,9999.000,9999.000
202607051812,   2.155,   4.598,9999.000,9999.000,9999.000,9999.000,9999.000,9999.000,9999.000
202607051818,   2.146,   5.028,9999.000,9999.000,9999.000,9999.000,9999.000,9999.000,9999.000
202607051824,   2.135,   3.539,9999.000,9999.000,9999.000,9999.000,9999.000,9999.000,9999.000
202607051830,   2.120,   3.509,9999.000,9999.000,9999.000,9999.000,9999.000,9999.000,9999.000
202607051836,   2.101,   3.499,9999.000,9999.000,9999.000,9999.000,9999.000,9999.000,9999.000
202607051842,   2.080,   3.440,9999.000,9999.000,9999.000,9999.000,9999.000,9999.000,9999.000
202607051848,   2.055,   3.378,9999.000,9999.000,9999.000,9999.000,9999.000,9999.000,9999.000
202607051854,   2.028,   3.388,9999.000,9999.000,9999.000,9999.000,9999.000,9999.000,9999.000
202607051900,   1.997,   3.309,   0.600,   0.712,   3.309,   0.500,   3.209,   0.600,   3.309
202607051906,   1.964,   3.250,9999.000,9999.000,9999.000,9999.000,9999.000,9999.000,9999.000
202607051912,   1.929,   3.188,9999.000,9999.000,9999.000,9999.000,9999.000,9999.000,9999.000
202607051918,   1.891,   3.158,9999.000,9999.000,9999.000,9999.000,9999.000,9999.000,9999.000
202607051924,   1.851,   3.109,9999.000,9999.000,9999.000,9999.000,9999.000,9999.000,9999.000
202607051930,   1.809,   3.089,9999.000,9999.000,9999.000,9999.000,9999.000,9999.000,9999.000
202607051936,   1.765,   2.988,9999.000,9999.000,9999.000,9999.000,9999.000,9999.000,9999.000
202607051942,   1.721,   2.938,9999.000,9999.000,9999.000,9999.000,9999.000,9999.000,9999.000
202607051948,   1.675,   2.909,9999.000,9999.000,9999.000,9999.000,9999.000,9999.000,9999.000
202607051954,   1.629,   2.860,9999.000,9999.000,9999.000,9999.000,9999.000,9999.000,9999.000
202607052000,   1.582,   2.787,   0.600,   0.605,   2.787,   0.500,   2.687,   0.600,   2.787
202607052006,   1.535,   2.758,9999.000,9999.000,9999.000,9999.000,9999.000,9999.000,9999.000
202607052012,   1.488,   2.719,9999.000,9999.000,9999.000,9999.000,9999.000,9999.000,9999.000
202607052018,   1.441,   2.679,9999.000,9999.000,9999.000,9999.000,9999.000,9999.000,9999.000
202607052024,   1.395,   2.650,9999.000,9999.000,9999.000,9999.000,9999.000,9999.000,9999.000
202607052030,   1.349,   2.630,9999.000,9999.000,9999.000,9999.000,9999.000,9999.000,9999.000
202607052036,   1.304,   2.568,9999.000,9999.000,9999.000,9999.000,9999.000,9999.000,9999.000
202607052042,   1.260,   2.519,9999.000,9999.000,9999.000,9999.000,9999.000,9999.000,9999.000
202607052048,   1.216,   2.489,9999.000,9999.000,9999.000,9999.000,9999.000,9999.000,9999.000
202607052054,   1.174,   2.440,9999.000,9999.000,9999.000,9999.000,9999.000,9999.000,9999.000
202607052100,   1.133,   2.400,   0.600,   0.667,   2.400,   0.500,   2.300,   0.600,   2.400
202607052106,   1.092,   2.338,9999.000,9999.000,9999.000,9999.000,9999.000,9999.000,9999.000
202607052112,   1.053,   2.289,9999.000,9999.000,9999.000,9999.000,9999.000,9999.000,9999.000
202607052118,   1.014,   2.250,9999.000,9999.000,9999.000,9999.000,9999.000,9999.000,9999.000
202607052124,   0.976,   2.230,9999.000,9999.000,9999.000,9999.000,9999.000,9999.000,9999.000
202607052130,   0.939,   2.177,9999.000,9999.000,9999.000,9999.000,9999.000,9999.000,9999.000
202607052136,   0.903,   2.138,9999.000,9999.000,9999.000,9999.000,9999.000,9999.000,9999.000
202607052142,   0.867,   2.099,9999.000,9999.000,9999.000,9999.000,9999.000,9999.000,9999.000
202607052148,   0.832,   2.040,9999.000,9999.000,9999.000,9999.000,9999.000,9999.000,9999.000
202607052154,   0.798,   1.990,9999.000,9999.000,9999.000,9999.000,9999.000,9999.000,9999.000
202607052200,   0.763,   1.958,   0.600,   0.595,   1.958,   0.500,   1.858,   0.600,   1.958
202607052206,   0.729,   1.899,9999.000,9999.000,9999.000,9999.000,9999.000,9999.000,9999.000
202607052212,   0.695,   1.840,9999.000,9999.000,9999.000,9999.000,9999.000,9999.000,9999.000
202607052218,   0.662,   1.781,9999.000,9999.000,9999.000,9999.000,9999.000,9999.000,9999.000
202607052224,   0.628,   1.738,9999.000,9999.000,9999.000,9999.000,9999.000,9999.000,9999.000
202607052230,   0.595,   1.708,9999.000,9999.000,9999.000,9999.000,9999.000,9999.000,9999.000
202607052236,   0.562,   1.659,9999.000,9999.000,9999.000,9999.000,9999.000,9999.000,9999.000
202607052242,   0.529,   1.630,9999.000,9999.000,9999.000,9999.000,9999.000,9999.000,9999.000
202607052248,   0.496,   1.580,9999.000,9999.000,9999.000,9999.000,9999.000,9999.000,9999.000
202607052254,   0.464,   1.538,9999.000,9999.000,9999.000,9999.000,9999.000,9999.000,9999.000
202607052300,   0.432,   1.508,   0.600,   0.476,   1.508,   0.500,   1.408,   0.600,   1.508
202607052306,   0.400,   1.508,9999.000,9999.000,9999.000,9999.000,9999.000,9999.000,9999.000
202607052312,   0.369,   1.469,9999.000,9999.000,9999.000,9999.000,9999.000,9999.000,9999.000
202607052318,   0.338,   1.449,9999.000,9999.000,9999.000,9999.000,9999.000,9999.000,9999.000
202607052324,   0.308,   1.439,9999.000,9999.000,9999.000,9999.000,9999.000,9999.000,9999.000
202607052330,   0.279,   1.410,9999.000,9999.000,9999.000,9999.000,9999.000,9999.000,9999.000
202607052336,   0.251,   1.390,9999.000,9999.000,9999.000,9999.000,9999.000,9999.000,9999.000
202607052342,   0.224,9999.000,9999.000,9999.000,9999.000,9999.000,9999.000,9999.000,9999.000
202607052348,   0.198,9999.000,9999.000,9999.000,9999.000,9999.000,9999.000,9999.000,9999.000
202607052354,   0.174,9999.000,9999.000,9999.000,9999.000,9999.000,9999.000,9999.000,9999.000
202607060000,   0.151,9999.000,   0.600,   0.512,   1.263,   0.500,   1.163,   0.600,   1.263
202607060006,   0.130,9999.000,9999.000,9999.000,9999.000,9999.000,9999.000,9999.000,9999.000
202607060012,   0.110,9999.000,9999.000,9999.000,9999.000,9999.000,9999.000,9999.000,9999.000
202607060018,   0.093,9999.000,9999.000,9999.000,9999.000,9999.000,9999.000,9999.000,9999.000
202607060024,   0.078,9999.000,9999.000,9999.000,9999.000,9999.000,9999.000,9999.000,9999.000
202607060030,   0.066,9999.000,9999.000,9999.000,9999.000,9999.000,9999.000,9999.000,9999.000
202607060036,   0.056,9999.000,9999.000,9999.000,9999.000,9999.000,9999.000,9999.000,9999.000
202607060042,   0.049,9999.000,9999.000,9999.000,9999.000,9999.000,9999.000,9999.000,9999.000
202607060048,   0.045,9999.000,9999.000,9999.000,9999.000,9999.000,9999.000,9999.000,9999.000
202607060054,   0.044,9999.000,9999.000,9999.000,9999.000,9999.000,9999.000,9999.000,9999.000
202607060100,   0.046,9999.000,   0.600,   0.547,   1.193,   0.500,   1.093,   0.600,   1.193
202607060106,   0.052,9999.000,9999.000,9999.000,9999.000,9999.000,9999.000,9999.000,9999.000
202607060112,   0.062,9999.000,9999.000,9999.000,9999.000,9999.000,9999.000,9999.000,9999.000
202607060118,   0.075,9999.000,9999.000,9999.000,9999.000,9999.000,9999.000,9999.000,9999.000
202607060124,   0.092,9999.000,9999.000,9999.000,9999.000,9999.000,9999.000,9999.000,9999.000
202607060130,   0.112,9999.000,9999.000,9999.000,9999.000,9999.000,9999.000,9999.000,9999.000
202607060136,   0.137,9999.000,9999.000,9999.000,9999.000,9999.000,9999.000,9999.000,9999.000
202607060142,   0.166,9999.000,9999.000,9999.000,9999.000,9999.000,9999.000,9999.000,9999.000
202607060148,   0.198,9999.000,9999.000,9999.000,9999.000,9999.000,9999.000,9999.000,9999.000
202607060154,   0.235,9999.000,9999.000,9999.000,9999.000,9999.000,9999.000,9999.000,9999.000
202607060200,   0.275,9999.000,   0.600,   0.583,   1.458,   0.500,   1.358,   0.600,   1.458
202607060206,   0.319,9999.000,9999.000,9999.000,9999.000,9999.000,9999.000,9999.000,9999.000
202607060212,   0.366,9999.000,9999.000,9999.000,9999.000,9999.000,9999.000,9999.000,9999.000
202607060218,   0.416,9999.000,9999.000,9999.000,9999.000,9999.000,9999.000,9999.000,9999.000
202607060224,   0.470,9999.000,9999.000,9999.000,9999.000,9999.000,9999.000,9999.000,9999.000
202607060230,   0.526,9999.000,9999.000,9999.000,9999.000,9999.000,9999.000,9999.000,9999.000
202607060236,   0.585,9999.000,9999.000,9999.000,9999.000,9999.000,9999.000,9999.000,9999.000
202607060242,   0.646,9999.000,9999.000,9999.000,9999.000,9999.000,9999.000,9999.000,9999.000
202607060248,   0.709,9999.000,9999.000,9999.000,9999.000,9999.000,9999.000,9999.000,9999.000
202607060254,   0.773,9999.000,9999.000,9999.000,9999.000,9999.000,9999.000,9999.000,9999.000
202607060300,   0.838,9999.000,   0.600,   0.619,   2.057,   0.500,   1.957,   0.600,   2.057
202607060306,   0.904,9999.000,9999.000,9999.000,9999.000,9999.000,9999.000,9999.000,9999.000
202607060312,   0.970,9999.000,9999.000,9999.000,9999.000,9999.000,9999.000,9999.000,9999.000
202607060318,   1.036,9999.000,9999.000,9999.000,9999.000,9999.000,9999.000,9999.000,9999.000
202607060324,   1.102,9999.000,9999.000,9999.000,9999.000,9999.000,9999.000,9999.000,9999.000
202607060330,   1.168,9999.000,9999.000,9999.000,9999.000,9999.000,9999.000,9999.000,9999.000
202607060336,   1.232,9999.000,9999.000,9999.000,9999.000,9999.000,9999.000,9999.000,9999.000
202607060342,   1.295,9999.000,9999.000,9999.000,9999.000,9999.000,9999.000,9999.000,9999.000
202607060348,   1.356,9999.000,9999.000,9999.000,9999.000,9999.000,9999.000,9999.000,9999.000
202607060354,   1.416,9999.000,9999.000,9999.000,9999.000,9999.000,9999.000,9999.000,9999.000
202607060400,   1.474,9999.000,   0.600,   0.655,   2.729,   0.600,   2.729,   0.600,   2.729
202607060406,   1.530,9999.000,9999.000,9999.000,9999.000,9999.000,9999.000,9999.000,9999.000
202607060412,   1.583,9999.000,9999.000,9999.000,9999.000,9999.000,9999.000,9999.000,9999.000
202607060418,   1.634,9999.000,9999.000,9999.000,9999.000,9999.000,9999.000,9999.000,9999.000
202607060424,   1.683,9999.000,9999.000,9999.000,9999.000,9999.000,9999.000,9999.000,9999.000
202607060430,   1.730,9999.000,9999.000,9999.000,9999.000,9999.000,9999.000,9999.000,9999.000
202607060436,   1.774,9999.000,9999.000,9999.000,9999.000,9999.000,9999.000,9999.000,9999.000
202607060442,   1.815,9999.000,9999.000,9999.000,9999.000,9999.000,9999.000,9999.000,9999.000
202607060448,   1.855,9999.000,9999.000,9999.000,9999.000,9999.000,9999.000,9999.000,9999.000
202607060454,   1.892,9999.000,9999.000,9999.000,9999.000,9999.000,9999.000,9999.000,9999.000
202607060500,   1.926,9999.000,   0.600,   0.690,   3.216,   0.600,   3.216,   0.600,   3.216
202607060506,   1.959,9999.000,9999.000,9999.000,9999.000,9999.000,9999.000,9999.000,9999.000
202607060512,   1.989,9999.000,9999.000,9999.000,9999.000,9999.000,9999.000,9999.000,9999.000
202607060518,   2.017,9999.000,9999.000,9999.000,9999.000,9999.000,9999.000,9999.000,9999.000
202607060524,   2.042,9999.000,9999.000,9999.000,9999.000,9999.000,9999.000,9999.000,9999.000
202607060530,   2.066,9999.000,9999.000,9999.000,9999.000,9999.000,9999.000,9999.000,9999.000
202607060536,   2.087,9999.000,9999.000,9999.000,9999.000,9999.000,9999.000,9999.000,9999.000
202607060542,   2.106,9999.000,9999.000,9999.000,9999.000,9999.000,9999.000,9999.000,9999.000
202607060548,   2.122,9999.000,9999.000,9999.000,9999.000,9999.000,9999.000,9999.000,9999.000
202607060554,   2.136,9999.000,9999.000,9999.000,9999.000,9999.000,9999.000,9999.000,9999.000
202607060600,   2.148,9999.000,   0.600,   0.726,   3.474,   0.600,   3.474,   0.600,   3.474
202607060606,   2.157,9999.000,9999.000,9999.000,9999.000,9999.000,9999.000,9999.000,9999.000
202607060612,   2.163,9999.000,9999.000,9999.000,9999.000,9999.000,9999.000,9999.000,9999.000
202607060618,   2.167,9999.000,9999.000,9999.000,9999.000,9999.000,9999.000,9999.000,9999.000
202607060624,   2.167,9999.000,9999.000,9999.000,9999.000,9999.000,9999.000,9999.000,9999.000
202607060630,   2.165,9999.000,9999.000,9999.000,9999.000,9999.000,9999.000,9999.000,9999.000
202607060636,   2.159,9999.000,9999.000,9999.000,9999.000,9999.000,9999.000,9999.000,9999.000
202607060642,   2.150,9999.000,9999.000,9999.000,9999.000,9999.000,9999.000,9999.000,9999.000
202607060648,   2.139,9999.000,9999.000,9999.000,9999.000,9999.000,9999.000,9999.000,9999.000
202607060654,   2.123,9999.000,9999.000,9999.000,9999.000,9999.000,9999.000,9999.000,9999.000
202607060700,   2.105,9999.000,   0.600,   0.762,   3.467,   0.600,   3.467,   0.600,   3.467
202607060706,   2.083,9999.000,9999.000,9999.000,9999.000,9999.000,9999.000,9999.000,9999.000
202607060712,   2.058,9999.000,9999.000,9999.000,9999.000,9999.000,9999.000,9999.000,9999.000
202607060718,   2.030,9999.000,9999.000,9999.000,9999.000,9999.000,9999.000,9999.000,9999.000
202607060724,   1.999,9999.000,9999.000,9999.000,9999.000,9999.000,9999.000,9999.000,9999.000
202607060730,   1.965,9999.000,9999.000,9999.000,9999.000,9999.000,9999.000,9999.000,9999.000
202607060736,   1.929,9999.000,9999.000,9999.000,9999.000,9999.000,9999.000,9999.000,9999.000
202607060742,   1.890,9999.000,9999.000,9999.000,9999.000,9999.000,9999.000,9999.000,9999.000
202607060748,   1.849,9999.000,9999.000,9999.000,9999.000,9999.000,9999.000,9999.000,9999.000
202607060754,   1.806,9999.000,9999.000,9999.000,9999.000,9999.000,9999.000,9999.000,9999.000
202607060800,   1.761,9999.000,   0.600,   0.798,   3.159,   0.600,   3.159,   0.600,   3.159
202607060806,   1.715,9999.000,9999.000,9999.000,9999.000,9999.000,9999.000,9999.000,9999.000
202607060812,   1.667,9999.000,9999.000,9999.000,9999.000,9999.000,9999.000,9999.000,9999.000
202607060818,   1.619,9999.000,9999.000,9999.000,9999.000,9999.000,9999.000,9999.000,9999.000
202607060824,   1.570,9999.000,9999.000,9999.000,9999.000,9999.000,9999.000,9999.000,9999.000
202607060830,   1.521,9999.000,9999.000,9999.000,9999.000,9999.000,9999.000,9999.000,9999.000
202607060836,   1.471,9999.000,9999.000,9999.000,9999.000,9999.000,9999.000,9999.000,9999.000
202607060842,   1.422,9999.000,9999.000,9999.000,9999.000,9999.000,9999.000,9999.000,9999.000
202607060848,   1.373,9999.000,9999.000,9999.000,9999.000,9999.000,9999.000,9999.000,9999.000
202607060854,   1.325,9999.000,9999.000,9999.000,9999.000,9999.000,9999.000,9999.000,9999.000
202607060900,   1.277,9999.000,   0.600,   0.833,   2.710,   0.600,   2.710,   0.600,   2.710
202607060906,   1.229,9999.000,9999.000,9999.000,9999.000,9999.000,9999.000,9999.000,9999.000
202607060912,   1.183,9999.000,9999.000,9999.000,9999.000,9999.000,9999.000,9999.000,9999.000
202607060918,   1.137,9999.000,9999.000,9999.000,9999.000,9999.000,9999.000,9999.000,9999.000
202607060924,   1.093,9999.000,9999.000,9999.000,9999.000,9999.000,9999.000,9999.000,9999.000
202607060930,   1.049,9999.000,9999.000,9999.000,9999.000,9999.000,9999.000,9999.000,9999.000
202607060936,   1.006,9999.000,9999.000,9999.000,9999.000,9999.000,9999.000,9999.000,9999.000
202607060942,   0.965,9999.000,9999.000,9999.000,9999.000,9999.000,9999.000,9999.000,9999.000
202607060948,   0.924,9999.000,9999.000,9999.000,9999.000,9999.000,9999.000,9999.000,9999.000
202607060954,   0.883,9999.000,9999.000,9999.000,9999.000,9999.000,9999.000,9999.000,9999.000
202607061000,   0.844,9999.000,   0.600,   0.869,   2.313,   0.600,   2.313,   0.600,   2.313
202607061006,   0.805,9999.000,9999.000,9999.000,9999.000,9999.000,9999.000,9999.000,9999.000
202607061012,   0.766,9999.000,9999.000,9999.000,9999.000,9999.000,9999.000,9999.000,9999.000
202607061018,   0.728,9999.000,9999.000,9999.000,9999.000,9999.000,9999.000,9999.000,9999.000
202607061024,   0.691,9999.000,9999.000,9999.000,9999.000,9999.000,9999.000,9999.000,9999.000
202607061030,   0.654,9999.000,9999.000,9999.000,9999.000,9999.000,9999.000,9999.000,9999.000
202607061036,   0.617,9999.000,9999.000,9999.000,9999.000,9999.000,9999.000,9999.000,9999.000
202607061042,   0.580,9999.000,9999.000,9999.000,9999.000,9999.000,9999.000,9999.000,9999.000
202607061048,   0.544,9999.000,9999.000,9999.000,9999.000,9999.000,9999.000,9999.000,9999.000
202607061054,   0.508,9999.000,9999.000,9999.000,9999.000,9999.000,9999.000,9999.000,9999.000
202607061100,   0.472,9999.000,   0.600,   0.905,   1.977,   0.600,   1.977,   0.600,   1.977
202607061106,   0.437,9999.000,9999.000,9999.000,9999.000,9999.000,9999.000,9999.000,9999.000
202607061112,   0.402,9999.000,9999.000,9999.000,9999.000,9999.000,9999.000,9999.000,9999.000
202607061118,   0.367,9999.000,9999.000,9999.000,9999.000,9999.000,9999.000,9999.000,9999.000
202607061124,   0.333,9999.000,9999.000,9999.000,9999.000,9999.000,9999.000,9999.000,9999.000
202607061130,   0.299,9999.000,9999.000,9999.000,9999.000,9999.000,9999.000,9999.000,9999.000
202607061136,   0.265,9999.000,9999.000,9999.000,9999.000,9999.000,9999.000,9999.000,9999.000
202607061142,   0.233,9999.000,9999.000,9999.000,9999.000,9999.000,9999.000,9999.000,9999.000
202607061148,   0.201,9999.000,9999.000,9999.000,9999.000,9999.000,9999.000,9999.000,9999.000
202607061154,   0.170,9999.000,9999.000,9999.000,9999.000,9999.000,9999.000,9999.000,9999.000
202607061200,   0.141,9999.000,   0.600,   0.905,   1.646,   0.600,   1.646,   0.700,   1.746
202607061206,   0.112,9999.000,9999.000,9999.000,9999.000,9999.000,9999.000,9999.000,9999.000
202607061212,   0.085,9999.000,9999.000,9999.000,9999.000,9999.000,9999.000,9999.000,9999.000
202607061218,   0.060,9999.000,9999.000,9999.000,9999.000,9999.000,9999.000,9999.000,9999.000
202607061224,   0.036,9999.000,9999.000,9999.000,9999.000,9999.000,9999.000,9999.000,9999.000
202607061230,   0.014,9999.000,9999.000,9999.000,9999.000,9999.000,9999.000,9999.000,9999.000
202607061236,  -0.005,9999.000,9999.000,9999.000,9999.000,9999.000,9999.000,9999.000,9999.000
202607061242,  -0.023,9999.000,9999.000,9999.000,9999.000,9999.000,9999.000,9999.000,9999.000
202607061248,  -0.038,9999.000,9999.000,9999.000,9999.000,9999.000,9999.000,9999.000,9999.000
202607061254,  -0.051,9999.000,9999.000,9999.000,9999.000,9999.000,9999.000,9999.000,9999.000
202607061300,  -0.061,9999.000,   0.600,   0.905,   1.444,   0.600,   1.444,   0.700,   1.544
202607061306,  -0.068,9999.000,9999.000,9999.000,9999.000,9999.000,9999.000,9999.000,9999.000
202607061312,  -0.072,9999.000,9999.000,9999.000,9999.000,9999.000,9999.000,9999.000,9999.000
202607061318,  -0.073,9999.000,9999.000,9999.000,9999.000,9999.000,9999.000,9999.000,9999.000
202607061324,  -0.070,9999.000,9999.000,9999.000,9999.000,9999.000,9999.000,9999.000,9999.000
202607061330,  -0.064,9999.000,9999.000,9999.000,9999.000,9999.000,9999.000,9999.000,9999.000
202607061336,  -0.054,9999.000,9999.000,9999.000,9999.000,9999.000,9999.000,9999.000,9999.000
202607061342,  -0.040,9999.000,9999.000,9999.000,9999.000,9999.000,9999.000,9999.000,9999.000
202607061348,  -0.022,9999.000,9999.000,9999.000,9999.000,9999.000,9999.000,9999.000,9999.000
202607061354,   0.000,9999.000,9999.000,9999.000,9999.000,9999.000,9999.000,9999.000,9999.000
202607061400,   0.025,9999.000,   0.600,   0.905,   1.530,   0.600,   1.530,   0.700,   1.630
202607061406,   0.055,9999.000,9999.000,9999.000,9999.000,9999.000,9999.000,9999.000,9999.000
202607061412,   0.089,9999.000,9999.000,9999.000,9999.000,9999.000,9999.000,9999.000,9999.000
202607061418,   0.127,9999.000,9999.000,9999.000,9999.000,9999.000,9999.000,9999.000,9999.000
202607061424,   0.169,9999.000,9999.000,9999.000,9999.000,9999.000,9999.000,9999.000,9999.000
202607061430,   0.215,9999.000,9999.000,9999.000,9999.000,9999.000,9999.000,9999.000,9999.000
202607061436,   0.264,9999.000,9999.000,9999.000,9999.000,9999.000,9999.000,9999.000,9999.000
202607061442,   0.317,9999.000,9999.000,9999.000,9999.000,9999.000,9999.000,9999.000,9999.000
202607061448,   0.373,9999.000,9999.000,9999.000,9999.000,9999.000,9999.000,9999.000,9999.000
202607061454,   0.432,9999.000,9999.000,9999.000,9999.000,9999.000,9999.000,9999.000,9999.000
202607061500,   0.494,9999.000,   0.600,   0.905,   1.999,   0.600,   1.999,   0.700,   2.099
202607061506,   0.558,9999.000,9999.000,9999.000,9999.000,9999.000,9999.000,9999.000,9999.000
202607061512,   0.624,9999.000,9999.000,9999.000,9999.000,9999.000,9999.000,9999.000,9999.000
202607061518,   0.692,9999.000,9999.000,9999.000,9999.000,9999.000,9999.000,9999.000,9999.000
202607061524,   0.761,9999.000,9999.000,9999.000,9999.000,9999.000,9999.000,9999.000,9999.000
202607061530,   0.831,9999.000,9999.000,9999.000,9999.000,9999.000,9999.000,9999.000,9999.000
202607061536,   0.901,9999.000,9999.000,9999.000,9999.000,9999.000,9999.000,9999.000,9999.000
202607061542,   0.972,9999.000,9999.000,9999.000,9999.000,9999.000,9999.000,9999.000,9999.000
202607061548,   1.042,9999.000,9999.000,9999.000,9999.000,9999.000,9999.000,9999.000,9999.000
202607061554,   1.112,9999.000,9999.000,9999.000,9999.000,9999.000,9999.000,9999.000,9999.000
202607061600,   1.181,9999.000,   0.600,   0.905,   2.686,   0.600,   2.686,   0.700,   2.786
202607061606,   1.249,9999.000,9999.000,9999.000,9999.000,9999.000,9999.000,9999.000,9999.000
202607061612,   1.315,9999.000,9999.000,9999.000,9999.000,9999.000,9999.000,9999.000,9999.000
202607061618,   1.380,9999.000,9999.000,9999.000,9999.000,9999.000,9999.000,9999.000,9999.000
202607061624,   1.443,9999.000,9999.000,9999.000,9999.000,9999.000,9999.000,9999.000,9999.000
202607061630,   1.504,9999.000,9999.000,9999.000,9999.000,9999.000,9999.000,9999.000,9999.000
202607061636,   1.563,9999.000,9999.000,9999.000,9999.000,9999.000,9999.000,9999.000,9999.000
202607061642,   1.620,9999.000,9999.000,9999.000,9999.000,9999.000,9999.000,9999.000,9999.000
202607061648,   1.675,9999.000,9999.000,9999.000,9999.000,9999.000,9999.000,9999.000,9999.000
202607061654,   1.727,9999.000,9999.000,9999.000,9999.000,9999.000,9999.000,9999.000,9999.000
202607061700,   1.777,9999.000,   0.600,   0.905,   3.282,   0.600,   3.282,   0.700,   3.382
202607061706,   1.824,9999.000,9999.000,9999.000,9999.000,9999.000,9999.000,9999.000,9999.000
202607061712,   1.869,9999.000,9999.000,9999.000,9999.000,9999.000,9999.000,9999.000,9999.000
202607061718,   1.912,9999.000,9999.000,9999.000,9999.000,9999.000,9999.000,9999.000,9999.000
202607061724,   1.952,9999.000,9999.000,9999.000,9999.000,9999.000,9999.000,9999.000,9999.000
202607061730,   1.990,9999.000,9999.000,9999.000,9999.000,9999.000,9999.000,9999.000,9999.000
202607061736,   2.026,9999.000,9999.000,9999.000,9999.000,9999.000,9999.000,9999.000,9999.000
202607061742,   2.060,9999.000,9999.000,9999.000,9999.000,9999.000,9999.000,9999.000,9999.000
202607061748,   2.091,9999.000,9999.000,9999.000,9999.000,9999.000,9999.000,9999.000,9999.000
202607061754,   2.120,9999.000,9999.000,9999.000,9999.000,9999.000,9999.000,9999.000,9999.000
202607061800,   2.147,9999.000,   0.600,   0.905,   3.652,   0.600,   3.652,   0.700,   3.752
202607061806,   2.172,9999.000,9999.000,9999.000,9999.000,9999.000,9999.000,9999.000,9999.000
202607061812,   2.194,9999.000,9999.000,9999.000,9999.000,9999.000,9999.000,9999.000,9999.000
202607061818,   2.213,9999.000,9999.000,9999.000,9999.000,9999.000,9999.000,9999.000,9999.000
202607061824,   2.231,9999.000,9999.000,9999.000,9999.000,9999.000,9999.000,9999.000,9999.000
202607061830,   2.245,9999.000,9999.000,9999.000,9999.000,9999.000,9999.000,9999.000,9999.000
202607061836,   2.257,9999.000,9999.000,9999.000,9999.000,9999.000,9999.000,9999.000,9999.000
202607061842,   2.265,9999.000,9999.000,9999.000,9999.000,9999.000,9999.000,9999.000,9999.000
202607061848,   2.271,9999.000,9999.000,9999.000,9999.000,9999.000,9999.000,9999.000,9999.000
202607061854,   2.274,9999.000,9999.000,9999.000,9999.000,9999.000,9999.000,9999.000,9999.000
202607061900,   2.273,9999.000,   0.600,   0.905,   3.778,   0.600,   3.778,   0.700,   3.878
202607061906,   2.269,9999.000,9999.000,9999.000,9999.000,9999.000,9999.000,9999.000,9999.000
202607061912,   2.262,9999.000,9999.000,9999.000,9999.000,9999.000,9999.000,9999.000,9999.000
202607061918,   2.252,9999.000,9999.000,9999.000,9999.000,9999.000,9999.000,9999.000,9999.000
202607061924,   2.238,9999.000,9999.000,9999.000,9999.000,9999.000,9999.000,9999.000,9999.000
202607061930,   2.221,9999.000,9999.000,9999.000,9999.000,9999.000,9999.000,9999.000,9999.000
202607061936,   2.200,9999.000,9999.000,9999.000,9999.000,9999.000,9999.000,9999.000,9999.000
202607061942,   2.176,9999.000,9999.000,9999.000,9999.000,9999.000,9999.000,9999.000,9999.000
202607061948,   2.149,9999.000,9999.000,9999.000,9999.000,9999.000,9999.000,9999.000,9999.000
202607061954,   2.119,9999.000,9999.000,9999.000,9999.000,9999.000,9999.000,9999.000,9999.000
202607062000,   2.086,9999.000,   0.600,   0.905,   3.591,   0.600,   3.591,   0.700,   3.691
202607062006,   2.051,9999.000,9999.000,9999.000,9999.000,9999.000,9999.000,9999.000,9999.000
202607062012,   2.013,9999.000,9999.000,9999.000,9999.000,9999.000,9999.000,9999.000,9999.000
202607062018,   1.973,9999.000,9999.000,9999.000,9999.000,9999.000,9999.000,9999.000,9999.000
202607062024,   1.931,9999.000,9999.000,9999.000,9999.000,9999.000,9999.000,9999.000,9999.000
202607062030,   1.888,9999.000,9999.000,9999.000,9999.000,9999.000,9999.000,9999.000,9999.000
202607062036,   1.843,9999.000,9999.000,9999.000,9999.000,9999.000,9999.000,9999.000,9999.000
202607062042,   1.797,9999.000,9999.000,9999.000,9999.000,9999.000,9999.000,9999.000,9999.000
202607062048,   1.750,9999.000,9999.000,9999.000,9999.000,9999.000,9999.000,9999.000,9999.000
202607062054,   1.703,9999.000,9999.000,9999.000,9999.000,9999.000,9999.000,9999.000,9999.000
202607062100,   1.656,9999.000,   0.600,   0.905,   3.161,   0.600,   3.161,   0.700,   3.261
202607062106,   1.608,9999.000,9999.000,9999.000,9999.000,9999.000,9999.000,9999.000,9999.000
202607062112,   1.561,9999.000,9999.000,9999.000,9999.000,9999.000,9999.000,9999.000,9999.000
202607062118,   1.513,9999.000,9999.000,9999.000,9999.000,9999.000,9999.000,9999.000,9999.000
202607062124,   1.467,9999.000,9999.000,9999.000,9999.000,9999.000,9999.000,9999.000,9999.000
202607062130,   1.421,9999.000,9999.000,9999.000,9999.000,9999.000,9999.000,9999.000,9999.000
202607062136,   1.375,9999.000,9999.000,9999.000,9999.000,9999.000,9999.000,9999.000,9999.000
202607062142,   1.331,9999.000,9999.000,9999.000,9999.000,9999.000,9999.000,9999.000,9999.000
202607062148,   1.287,9999.000,9999.000,9999.000,9999.000,9999.000,9999.000,9999.000,9999.000
202607062154,   1.244,9999.000,9999.000,9999.000,9999.000,9999.000,9999.000,9999.000,9999.000
202607062200,   1.202,9999.000,   0.600,   0.905,   2.707,   0.600,   2.707,   0.700,   2.807
202607062206,   1.161,9999.000,9999.000,9999.000,9999.000,9999.000,9999.000,9999.000,9999.000
202607062212,   1.120,9999.000,9999.000,9999.000,9999.000,9999.000,9999.000,9999.000,9999.000
202607062218,   1.080,9999.000,9999.000,9999.000,9999.000,9999.000,9999.000,9999.000,9999.000
202607062224,   1.041,9999.000,9999.000,9999.000,9999.000,9999.000,9999.000,9999.000,9999.000
202607062230,   1.002,9999.000,9999.000,9999.000,9999.000,9999.000,9999.000,9999.000,9999.000
202607062236,   0.964,9999.000,9999.000,9999.000,9999.000,9999.000,9999.000,9999.000,9999.000
202607062242,   0.926,9999.000,9999.000,9999.000,9999.000,9999.000,9999.000,9999.000,9999.000
202607062248,   0.889,9999.000,9999.000,9999.000,9999.000,9999.000,9999.000,9999.000,9999.000
202607062254,   0.852,9999.000,9999.000,9999.000,9999.000,9999.000,9999.000,9999.000,9999.000
202607062300,   0.815,9999.000,   0.600,   0.905,   2.320,   0.600,   2.320,   0.700,   2.420
202607062306,   0.778,9999.000,9999.000,9999.000,9999.000,9999.000,9999.000,9999.000,9999.000
202607062312,   0.741,9999.000,9999.000,9999.000,9999.000,9999.000,9999.000,9999.000,9999.000
202607062318,   0.705,9999.000,9999.000,9999.000,9999.000,9999.000,9999.000,9999.000,9999.000
202607062324,   0.668,9999.000,9999.000,9999.000,9999.000,9999.000,9999.000,9999.000,9999.000
202607062330,   0.632,9999.000,9999.000,9999.000,9999.000,9999.000,9999.000,9999.000,9999.000
202607062336,   0.596,9999.000,9999.000,9999.000,9999.000,9999.000,9999.000,9999.000,9999.000
202607062342,   0.560,9999.000,9999.000,9999.000,9999.000,9999.000,9999.000,9999.000,9999.000
202607062348,   0.524,9999.000,9999.000,9999.000,9999.000,9999.000,9999.000,9999.000,9999.000
202607062354,   0.489,9999.000,9999.000,9999.000,9999.000,9999.000,9999.000,9999.000,9999.000
202607070000,   0.454,9999.000,   0.600,   0.905,   1.959,   0.600,   1.959,   0.700,   2.059
202607070006,   0.420,9999.000,9999.000,9999.000,9999.000,9999.000,9999.000,9999.000,9999.000
202607070012,   0.386,9999.000,9999.000,9999.000,9999.000,9999.000,9999.000,9999.000,9999.000
202607070018,   0.353,9999.000,9999.000,9999.000,9999.000,9999.000,9999.000,9999.000,9999.000
202607070024,   0.321,9999.000,9999.000,9999.000,9999.000,9999.000,9999.000,9999.000,9999.000
202607070030,   0.290,9999.000,9999.000,9999.000,9999.000,9999.000,9999.000,9999.000,9999.000
202607070036,   0.260,9999.000,9999.000,9999.000,9999.000,9999.000,9999.000,9999.000,9999.000
202607070042,   0.231,9999.000,9999.000,9999.000,9999.000,9999.000,9999.000,9999.000,9999.000
202607070048,   0.203,9999.000,9999.000,9999.000,9999.000,9999.000,9999.000,9999.000,9999.000
202607070054,   0.178,9999.000,9999.000,9999.000,9999.000,9999.000,9999.000,9999.000,9999.000
202607070100,   0.154,9999.000,   0.700,   0.905,   1.759,   0.600,   1.659,   0.700,   1.759
202607070106,   0.132,9999.000,9999.000,9999.000,9999.000,9999.000,9999.000,9999.000,9999.000
202607070112,   0.112,9999.000,9999.000,9999.000,9999.000,9999.000,9999.000,9999.000,9999.000
202607070118,   0.094,9999.000,9999.000,9999.000,9999.000,9999.000,9999.000,9999.000,9999.000
202607070124,   0.079,9999.000,9999.000,9999.000,9999.000,9999.000,9999.000,9999.000,9999.000
202607070130,   0.066,9999.000,9999.000,9999.000,9999.000,9999.000,9999.000,9999.000,9999.000
202607070136,   0.056,9999.000,9999.000,9999.000,9999.000,9999.000,9999.000,9999.000,9999.000
202607070142,   0.050,9999.000,9999.000,9999.000,9999.000,9999.000,9999.000,9999.000,9999.000
202607070148,   0.046,9999.000,9999.000,9999.000,9999.000,9999.000,9999.000,9999.000,9999.000
202607070154,   0.046,9999.000,9999.000,9999.000,9999.000,9999.000,9999.000,9999.000,9999.000
202607070200,   0.049,9999.000,   0.700,   0.905,   1.654,   0.600,   1.554,   0.700,   1.654
202607070206,   0.056,9999.000,9999.000,9999.000,9999.000,9999.000,9999.000,9999.000,9999.000
202607070212,   0.066,9999.000,9999.000,9999.000,9999.000,9999.000,9999.000,9999.000,9999.000
202607070218,   0.080,9999.000,9999.000,9999.000,9999.000,9999.000,9999.000,9999.000,9999.000
202607070224,   0.099,9999.000,9999.000,9999.000,9999.000,9999.000,9999.000,9999.000,9999.000
202607070230,   0.121,9999.000,9999.000,9999.000,9999.000,9999.000,9999.000,9999.000,9999.000
202607070236,   0.147,9999.000,9999.000,9999.000,9999.000,9999.000,9999.000,9999.000,9999.000
202607070242,   0.176,9999.000,9999.000,9999.000,9999.000,9999.000,9999.000,9999.000,9999.000
202607070248,   0.210,9999.000,9999.000,9999.000,9999.000,9999.000,9999.000,9999.000,9999.000
202607070254,   0.247,9999.000,9999.000,9999.000,9999.000,9999.000,9999.000,9999.000,9999.000
202607070300,   0.288,9999.000,   0.700,   0.905,   1.893,   0.600,   1.793,   0.700,   1.893
202607070306,   0.332,9999.000,9999.000,9999.000,9999.000,9999.000,9999.000,9999.000,9999.000
202607070312,   0.380,9999.000,9999.000,9999.000,9999.000,9999.000,9999.000,9999.000,9999.000
202607070318,   0.430,9999.000,9999.000,9999.000,9999.000,9999.000,9999.000,9999.000,9999.000
202607070324,   0.483,9999.000,9999.000,9999.000,9999.000,9999.000,9999.000,9999.000,9999.000
202607070330,   0.539,9999.000,9999.000,9999.000,9999.000,9999.000,9999.000,9999.000,9999.000
202607070336,   0.596,9999.000,9999.000,9999.000,9999.000,9999.000,9999.000,9999.000,9999.000
202607070342,   0.656,9999.000,9999.000,9999.000,9999.000,9999.000,9999.000,9999.000,9999.000
202607070348,   0.716,9999.000,9999.000,9999.000,9999.000,9999.000,9999.000,9999.000,9999.000
202607070354,   0.778,9999.000,9999.000,9999.000,9999.000,9999.000,9999.000,9999.000,9999.000
202607070400,   0.840,9999.000,   0.700,   0.905,   2.445,   0.600,   2.345,   0.800,   2.545
202607070406,   0.903,9999.000,9999.000,9999.000,9999.000,9999.000,9999.000,9999.000,9999.000
202607070412,   0.966,9999.000,9999.000,9999.000,9999.000,9999.000,9999.000,9999.000,9999.000
202607070418,   1.029,9999.000,9999.000,9999.000,9999.000,9999.000,9999.000,9999.000,9999.000
202607070424,   1.090,9999.000,9999.000,9999.000,9999.000,9999.000,9999.000,9999.000,9999.000
202607070430,   1.151,9999.000,9999.000,9999.000,9999.000,9999.000,9999.000,9999.000,9999.000
202607070436,   1.211,9999.000,9999.000,9999.000,9999.000,9999.000,9999.000,9999.000,9999.000
202607070442,   1.270,9999.000,9999.000,9999.000,9999.000,9999.000,9999.000,9999.000,9999.000
202607070448,   1.327,9999.000,9999.000,9999.000,9999.000,9999.000,9999.000,9999.000,9999.000
202607070454,   1.382,9999.000,9999.000,9999.000,9999.000,9999.000,9999.000,9999.000,9999.000
202607070500,   1.435,9999.000,   0.700,   0.905,   3.040,   0.600,   2.940,   0.800,   3.140
202607070506,   1.486,9999.000,9999.000,9999.000,9999.000,9999.000,9999.000,9999.000,9999.000
202607070512,   1.536,9999.000,9999.000,9999.000,9999.000,9999.000,9999.000,9999.000,9999.000
202607070518,   1.583,9999.000,9999.000,9999.000,9999.000,9999.000,9999.000,9999.000,9999.000
202607070524,   1.628,9999.000,9999.000,9999.000,9999.000,9999.000,9999.000,9999.000,9999.000
202607070530,   1.671,9999.000,9999.000,9999.000,9999.000,9999.000,9999.000,9999.000,9999.000
202607070536,   1.712,9999.000,9999.000,9999.000,9999.000,9999.000,9999.000,9999.000,9999.000
202607070542,   1.751,9999.000,9999.000,9999.000,9999.000,9999.000,9999.000,9999.000,9999.000
202607070548,   1.788,9999.000,9999.000,9999.000,9999.000,9999.000,9999.000,9999.000,9999.000
202607070554,   1.823,9999.000,9999.000,9999.000,9999.000,9999.000,9999.000,9999.000,9999.000
202607070600,   1.855,9999.000,   0.700,   0.905,   3.460,   0.600,   3.360,   0.800,   3.560
202607070606,   1.886,9999.000,9999.000,9999.000,9999.000,9999.000,9999.000,9999.000,9999.000
202607070612,   1.915,9999.000,9999.000,9999.000,9999.000,9999.000,9999.000,9999.000,9999.000
202607070618,   1.942,9999.000,9999.000,9999.000,9999.000,9999.000,9999.000,9999.000,9999.000
202607070624,   1.966,9999.000,9999.000,9999.000,9999.000,9999.000,9999.000,9999.000,9999.000
202607070630,   1.989,9999.000,9999.000,9999.000,9999.000,9999.000,9999.000,9999.000,9999.000
202607070636,   2.010,9999.000,9999.000,9999.000,9999.000,9999.000,9999.000,9999.000,9999.000
202607070642,   2.028,9999.000,9999.000,9999.000,9999.000,9999.000,9999.000,9999.000,9999.000
202607070648,   2.044,9999.000,9999.000,9999.000,9999.000,9999.000,9999.000,9999.000,9999.000
202607070654,   2.057,9999.000,9999.000,9999.000,9999.000,9999.000,9999.000,9999.000,9999.000
202607070700,   2.068,9999.000,   0.700,   0.905,   3.673,   0.600,   3.573,   0.800,   3.773
202607070706,   2.076,9999.000,9999.000,9999.000,9999.000,9999.000,9999.000,9999.000,9999.000
202607070712,   2.081,9999.000,9999.000,9999.000,9999.000,9999.000,9999.000,9999.000,9999.000
202607070718,   2.083,9999.000,9999.000,9999.000,9999.000,9999.000,9999.000,9999.000,9999.000
202607070724,   2.082,9999.000,9999.000,9999.000,9999.000,9999.000,9999.000,9999.000,9999.000
202607070730,   2.078,9999.000,9999.000,9999.000,9999.000,9999.000,9999.000,9999.000,9999.000
202607070736,   2.071,9999.000,9999.000,9999.000,9999.000,9999.000,9999.000,9999.000,9999.000
202607070742,   2.060,9999.000,9999.000,9999.000,9999.000,9999.000,9999.000,9999.000,9999.000
202607070748,   2.046,9999.000,9999.000,9999.000,9999.000,9999.000,9999.000,9999.000,9999.000
202607070754,   2.029,9999.000,9999.000,9999.000,9999.000,9999.000,9999.000,9999.000,9999.000
202607070800,   2.008,9999.000,   0.700,   0.905,   3.613,   0.600,   3.513,   0.800,   3.713
202607070806,   1.984,9999.000,9999.000,9999.000,9999.000,9999.000,9999.000,9999.000,9999.000
202607070812,   1.957,9999.000,9999.000,9999.000,9999.000,9999.000,9999.000,9999.000,9999.000
202607070818,   1.927,9999.000,9999.000,9999.000,9999.000,9999.000,9999.000,9999.000,9999.000
202607070824,   1.894,9999.000,9999.000,9999.000,9999.000,9999.000,9999.000,9999.000,9999.000
202607070830,   1.858,9999.000,9999.000,9999.000,9999.000,9999.000,9999.000,9999.000,9999.000
202607070836,   1.820,9999.000,9999.000,9999.000,9999.000,9999.000,9999.000,9999.000,9999.000
202607070842,   1.780,9999.000,9999.000,9999.000,9999.000,9999.000,9999.000,9999.000,9999.000
202607070848,   1.737,9999.000,9999.000,9999.000,9999.000,9999.000,9999.000,9999.000,9999.000
202607070854,   1.693,9999.000,9999.000,9999.000,9999.000,9999.000,9999.000,9999.000,9999.000
202607070900,   1.647,9999.000,   0.700,   0.905,   3.252,   0.600,   3.152,   0.800,   3.352
202607070906,   1.600,9999.000,9999.000,9999.000,9999.000,9999.000,9999.000,9999.000,9999.000
202607070912,   1.553,9999.000,9999.000,9999.000,9999.000,9999.000,9999.000,9999.000,9999.000
202607070918,   1.504,9999.000,9999.000,9999.000,9999.000,9999.000,9999.000,9999.000,9999.000
202607070924,   1.455,9999.000,9999.000,9999.000,9999.000,9999.000,9999.000,9999.000,9999.000
202607070930,   1.407,9999.000,9999.000,9999.000,9999.000,9999.000,9999.000,9999.000,9999.000
202607070936,   1.358,9999.000,9999.000,9999.000,9999.000,9999.000,9999.000,9999.000,9999.000
202607070942,   1.309,9999.000,9999.000,9999.000,9999.000,9999.000,9999.000,9999.000,9999.000
202607070948,   1.261,9999.000,9999.000,9999.000,9999.000,9999.000,9999.000,9999.000,9999.000
202607070954,   1.213,9999.000,9999.000,9999.000,9999.000,9999.000,9999.000,9999.000,9999.000
202607071000,   1.166,9999.000,   0.700,   0.905,   2.771,   0.600,   2.671,   0.800,   2.871
202607071006,   1.120,9999.000,9999.000,9999.000,9999.000,9999.000,9999.000,9999.000,9999.000
202607071012,   1.074,9999.000,9999.000,9999.000,9999.000,9999.000,9999.000,9999.000,9999.000
202607071018,   1.030,9999.000,9999.000,9999.000,9999.000,9999.000,9999.000,9999.000,9999.000
202607071024,   0.986,9999.000,9999.000,9999.000,9999.000,9999.000,9999.000,9999.000,9999.000
202607071030,   0.943,9999.000,9999.000,9999.000,9999.000,9999.000,9999.000,9999.000,9999.000
202607071036,   0.901,9999.000,9999.000,9999.000,9999.000,9999.000,9999.000,9999.000,9999.000
202607071042,   0.860,9999.000,9999.000,9999.000,9999.000,9999.000,9999.000,9999.000,9999.000
202607071048,   0.819,9999.000,9999.000,9999.000,9999.000,9999.000,9999.000,9999.000,9999.000
202607071054,   0.780,9999.000,9999.000,9999.000,9999.000,9999.000,9999.000,9999.000,9999.000
202607071100,   0.740,9999.000,   0.700,   0.905,   2.345,   0.600,   2.245,   0.800,   2.445
202607071106,   0.702,9999.000,9999.000,9999.000,9999.000,9999.000,9999.000,9999.000,9999.000
202607071112,   0.663,9999.000,9999.000,9999.000,9999.000,9999.000,9999.000,9999.000,9999.000
202607071118,   0.626,9999.000,9999.000,9999.000,9999.000,9999.000,9999.000,9999.000,9999.000
202607071124,   0.588,9999.000,9999.000,9999.000,9999.000,9999.000,9999.000,9999.000,9999.000
202607071130,   0.551,9999.000,9999.000,9999.000,9999.000,9999.000,9999.000,9999.000,9999.000
202607071136,   0.514,9999.000,9999.000,9999.000,9999.000,9999.000,9999.000,9999.000,9999.000
202607071142,   0.478,9999.000,9999.000,9999.000,9999.000,9999.000,9999.000,9999.000,9999.000
202607071148,   0.442,9999.000,9999.000,9999.000,9999.000,9999.000,9999.000,9999.000,9999.000
202607071154,   0.406,9999.000,9999.000,9999.000,9999.000,9999.000,9999.000,9999.000,9999.000
202607071200,   0.370,9999.000,   0.700,   0.905,   1.975,   0.600,   1.875,   0.800,   2.075
202607071206,   0.335,9999.000,9999.000,9999.000,9999.000,9999.000,9999.000,9999.000,9999.000
202607071212,   0.301,9999.000,9999.000,9999.000,9999.000,9999.000,9999.000,9999.000,9999.000
202607071218,   0.267,9999.000,9999.000,9999.000,9999.000,9999.000,9999.000,9999.000,9999.000
202607071224,   0.233,9999.000,9999.000,9999.000,9999.000,9999.000,9999.000,9999.000,9999.000
202607071230,   0.200,9999.000,9999.000,9999.000,9999.000,9999.000,9999.000,9999.000,9999.000
202607071236,   0.169,9999.000,9999.000,9999.000,9999.000,9999.000,9999.000,9999.000,9999.000
202607071242,   0.138,9999.000,9999.000,9999.000,9999.000,9999.000,9999.000,9999.000,9999.000
202607071248,   0.108,9999.000,9999.000,9999.000,9999.000,9999.000,9999.000,9999.000,9999.000
202607071254,   0.079,9999.000,9999.000,9999.000,9999.000,9999.000,9999.000,9999.000,9999.000
202607071300,   0.052,9999.000,   0.700,   0.905,   1.657,   0.600,   1.557,   0.800,   1.757
202607071306,   0.026,9999.000,9999.000,9999.000,9999.000,9999.000,9999.000,9999.000,9999.000
202607071312,   0.002,9999.000,9999.000,9999.000,9999.000,9999.000,9999.000,9999.000,9999.000
202607071318,  -0.019,9999.000,9999.000,9999.000,9999.000,9999.000,9999.000,9999.000,9999.000
202607071324,  -0.040,9999.000,9999.000,9999.000,9999.000,9999.000,9999.000,9999.000,9999.000
202607071330,  -0.058,9999.000,9999.000,9999.000,9999.000,9999.000,9999.000,9999.000,9999.000
202607071336,  -0.074,9999.000,9999.000,9999.000,9999.000,9999.000,9999.000,9999.000,9999.000
202607071342,  -0.088,9999.000,9999.000,9999.000,9999.000,9999.000,9999.000,9999.000,9999.000
202607071348,  -0.099,9999.000,9999.000,9999.000,9999.000,9999.000,9999.000,9999.000,9999.000
202607071354,  -0.107,9999.000,9999.000,9999.000,9999.000,9999.000,9999.000,9999.000,9999.000
202607071400,  -0.112,9999.000,   0.700,   0.905,   1.493,   0.600,   1.393,   0.800,   1.593
202607071406,  -0.114,9999.000,9999.000,9999.000,9999.000,9999.000,9999.000,9999.000,9999.000
202607071412,  -0.112,9999.000,9999.000,9999.000,9999.000,9999.000,9999.000,9999.000,9999.000
202607071418,  -0.107,9999.000,9999.000,9999.000,9999.000,9999.000,9999.000,9999.000,9999.000
202607071424,  -0.098,9999.000,9999.000,9999.000,9999.000,9999.000,9999.000,9999.000,9999.000
202607071430,  -0.086,9999.000,9999.000,9999.000,9999.000,9999.000,9999.000,9999.000,9999.000
202607071436,  -0.070,9999.000,9999.000,9999.000,9999.000,9999.000,9999.000,9999.000,9999.000
202607071442,  -0.050,9999.000,9999.000,9999.000,9999.000,9999.000,9999.000,9999.000,9999.000
202607071448,  -0.025,9999.000,9999.000,9999.000,9999.000,9999.000,9999.000,9999.000,9999.000
202607071454,   0.002,9999.000,9999.000,9999.000,9999.000,9999.000,9999.000,9999.000,9999.000
202607071500,   0.034,9999.000,   0.700,   0.905,   1.639,   0.600,   1.539,   0.800,   1.739
202607071506,   0.071,9999.000,9999.000,9999.000,9999.000,9999.000,9999.000,9999.000,9999.000
202607071512,   0.111,9999.000,9999.000,9999.000,9999.000,9999.000,9999.000,9999.000,9999.000
202607071518,   0.155,9999.000,9999.000,9999.000,9999.000,9999.000,9999.000,9999.000,9999.000
202607071524,   0.203,9999.000,9999.000,9999.000,9999.000,9999.000,9999.000,9999.000,9999.000
202607071530,   0.255,9999.000,9999.000,9999.000,9999.000,9999.000,9999.000,9999.000,9999.000
202607071536,   0.310,9999.000,9999.000,9999.000,9999.000,9999.000,9999.000,9999.000,9999.000
202607071542,   0.368,9999.000,9999.000,9999.000,9999.000,9999.000,9999.000,9999.000,9999.000
202607071548,   0.429,9999.000,9999.000,9999.000,9999.000,9999.000,9999.000,9999.000,9999.000
202607071554,   0.493,9999.000,9999.000,9999.000,9999.000,9999.000,9999.000,9999.000,9999.000
202607071600,   0.559,9999.000,   0.700,   0.905,   2.164,   0.600,   2.064,   0.800,   2.264
202607071606,   0.626,9999.000,9999.000,9999.000,9999.000,9999.000,9999.000,9999.000,9999.000
202607071612,   0.696,9999.000,9999.000,9999.000,9999.000,9999.000,9999.000,9999.000,9999.000
202607071618,   0.766,9999.000,9999.000,9999.000,9999.000,9999.000,9999.000,9999.000,9999.000
202607071624,   0.838,9999.000,9999.000,9999.000,9999.000,9999.000,9999.000,9999.000,9999.000
202607071630,   0.910,9999.000,9999.000,9999.000,9999.000,9999.000,9999.000,9999.000,9999.000
202607071636,   0.982,9999.000,9999.000,9999.000,9999.000,9999.000,9999.000,9999.000,9999.000
202607071642,   1.054,9999.000,9999.000,9999.000,9999.000,9999.000,9999.000,9999.000,9999.000
202607071648,   1.125,9999.000,9999.000,9999.000,9999.000,9999.000,9999.000,9999.000,9999.000
202607071654,   1.196,9999.000,9999.000,9999.000,9999.000,9999.000,9999.000,9999.000,9999.000
202607071700,   1.265,9999.000,   0.700,   0.905,   2.870,   0.600,   2.770,   0.800,   2.970
202607071706,   1.334,9999.000,9999.000,9999.000,9999.000,9999.000,9999.000,9999.000,9999.000
202607071712,   1.400,9999.000,9999.000,9999.000,9999.000,9999.000,9999.000,9999.000,9999.000
202607071718,   1.466,9999.000,9999.000,9999.000,9999.000,9999.000,9999.000,9999.000,9999.000
202607071724,   1.529,9999.000,9999.000,9999.000,9999.000,9999.000,9999.000,9999.000,9999.000
202607071730,   1.590,9999.000,9999.000,9999.000,9999.000,9999.000,9999.000,9999.000,9999.000
202607071736,   1.650,9999.000,9999.000,9999.000,9999.000,9999.000,9999.000,9999.000,9999.000
202607071742,   1.707,9999.000,9999.000,9999.000,9999.000,9999.000,9999.000,9999.000,9999.000
202607071748,   1.762,9999.000,9999.000,9999.000,9999.000,9999.000,9999.000,9999.000,9999.000
202607071754,   1.815,9999.000,9999.000,9999.000,9999.000,9999.000,9999.000,9999.000,9999.000
202607071800,   1.866,9999.000,   0.700,   0.905,   3.471,   0.600,   3.371,   0.900,   3.671
202607071806,   1.915,9999.000,9999.000,9999.000,9999.000,9999.000,9999.000,9999.000,9999.000
202607071812,   1.961,9999.000,9999.000,9999.000,9999.000,9999.000,9999.000,9999.000,9999.000
202607071818,   2.006,9999.000,9999.000,9999.000,9999.000,9999.000,9999.000,9999.000,9999.000
202607071824,   2.048,9999.000,9999.000,9999.000,9999.000,9999.000,9999.000,9999.000,9999.000
202607071830,   2.088,9999.000,9999.000,9999.000,9999.000,9999.000,9999.000,9999.000,9999.000
202607071836,   2.127,9999.000,9999.000,9999.000,9999.000,9999.000,9999.000,9999.000,9999.000
202607071842,   2.163,9999.000,9999.000,9999.000,9999.000,9999.000,9999.000,9999.000,9999.000
202607071848,   2.196,9999.000,9999.000,9999.000,9999.000,9999.000,9999.000,9999.000,9999.000
202607071854,   2.228,9999.000,9999.000,9999.000,9999.000,9999.000,9999.000,9999.000,9999.000
202607071900,   2.257,9999.000,   0.700,   0.905,   3.862,   0.600,   3.762,   0.900,   4.062
202607071906,   2.284,9999.000,9999.000,9999.000,9999.000,9999.000,9999.000,9999.000,9999.000
202607071912,   2.308,9999.000,9999.000,9999.000,9999.000,9999.000,9999.000,9999.000,9999.000
202607071918,   2.329,9999.000,9999.000,9999.000,9999.000,9999.000,9999.000,9999.000,9999.000
202607071924,   2.348,9999.000,9999.000,9999.000,9999.000,9999.000,9999.000,9999.000,9999.000
202607071930,   2.364,9999.000,9999.000,9999.000,9999.000,9999.000,9999.000,9999.000,9999.000
202607071936,   2.376,9999.000,9999.000,9999.000,9999.000,9999.000,9999.000,9999.000,9999.000
202607071942,   2.386,9999.000,9999.000,9999.000,9999.000,9999.000,9999.000,9999.000,9999.000
202607071948,   2.392,9999.000,9999.000,9999.000,9999.000,9999.000,9999.000,9999.000,9999.000
202607071954,   2.395,9999.000,9999.000,9999.000,9999.000,9999.000,9999.000,9999.000,9999.000
202607072000,   2.394,9999.000,   0.700,   0.905,   3.999,   0.600,   3.899,   0.900,   4.199
202607072006,   2.390,9999.000,9999.000,9999.000,9999.000,9999.000,9999.000,9999.000,9999.000
202607072012,   2.382,9999.000,9999.000,9999.000,9999.000,9999.000,9999.000,9999.000,9999.000
202607072018,   2.370,9999.000,9999.000,9999.000,9999.000,9999.000,9999.000,9999.000,9999.000
202607072024,   2.355,9999.000,9999.000,9999.000,9999.000,9999.000,9999.000,9999.000,9999.000
202607072030,   2.337,9999.000,9999.000,9999.000,9999.000,9999.000,9999.000,9999.000,9999.000
202607072036,   2.314,9999.000,9999.000,9999.000,9999.000,9999.000,9999.000,9999.000,9999.000
202607072042,   2.289,9999.000,9999.000,9999.000,9999.000,9999.000,9999.000,9999.000,9999.000
202607072048,   2.260,9999.000,9999.000,9999.000,9999.000,9999.000,9999.000,9999.000,9999.000
202607072054,   2.228,9999.000,9999.000,9999.000,9999.000,9999.000,9999.000,9999.000,9999.000
202607072100,   2.194,9999.000,   0.700,   0.905,   3.799,   0.600,   3.699,   0.900,   3.999
202607072106,   2.156,9999.000,9999.000,9999.000,9999.000,9999.000,9999.000,9999.000,9999.000
202607072112,   2.117,9999.000,9999.000,9999.000,9999.000,9999.000,9999.000,9999.000,9999.000
202607072118,   2.075,9999.000,9999.000,9999.000,9999.000,9999.000,9999.000,9999.000,9999.000
202607072124,   2.032,9999.000,9999.000,9999.000,9999.000,9999.000,9999.000,9999.000,9999.000
202607072130,   1.987,9999.000,9999.000,9999.000,9999.000,9999.000,9999.000,9999.000,9999.000
202607072136,   1.941,9999.000,9999.000,9999.000,9999.000,9999.000,9999.000,9999.000,9999.000
202607072142,   1.895,9999.000,9999.000,9999.000,9999.000,9999.000,9999.000,9999.000,9999.000
202607072148,   1.847,9999.000,9999.000,9999.000,9999.000,9999.000,9999.000,9999.000,9999.000
202607072154,   1.799,9999.000,9999.000,9999.000,9999.000,9999.000,9999.000,9999.000,9999.000
202607072200,   1.751,9999.000,   0.800,   0.905,   3.456,   0.600,   3.256,   0.900,   3.556
202607072206,   1.703,9999.000,9999.000,9999.000,9999.000,9999.000,9999.000,9999.000,9999.000
202607072212,   1.655,9999.000,9999.000,9999.000,9999.000,9999.000,9999.000,9999.000,9999.000
202607072218,   1.607,9999.000,9999.000,9999.000,9999.000,9999.000,9999.000,9999.000,9999.000
202607072224,   1.560,9999.000,9999.000,9999.000,9999.000,9999.000,9999.000,9999.000,9999.000
202607072230,   1.513,9999.000,9999.000,9999.000,9999.000,9999.000,9999.000,9999.000,9999.000
202607072236,   1.467,9999.000,9999.000,9999.000,9999.000,9999.000,9999.000,9999.000,9999.000
202607072242,   1.422,9999.000,9999.000,9999.000,9999.000,9999.000,9999.000,9999.000,9999.000
202607072248,   1.377,9999.000,9999.000,9999.000,9999.000,9999.000,9999.000,9999.000,9999.000
202607072254,   1.333,9999.000,9999.000,9999.000,9999.000,9999.000,9999.000,9999.000,9999.000
202607072300,   1.290,9999.000,   0.800,   0.905,   2.995,   0.600,   2.795,   0.900,   3.095
202607072306,   1.247,9999.000,9999.000,9999.000,9999.000,9999.000,9999.000,9999.000,9999.000
202607072312,   1.205,9999.000,9999.000,9999.000,9999.000,9999.000,9999.000,9999.000,9999.000
202607072318,   1.163,9999.000,9999.000,9999.000,9999.000,9999.000,9999.000,9999.000,9999.000
202607072324,   1.122,9999.000,9999.000,9999.000,9999.000,9999.000,9999.000,9999.000,9999.000
202607072330,   1.081,9999.000,9999.000,9999.000,9999.000,9999.000,9999.000,9999.000,9999.000
202607072336,   1.041,9999.000,9999.000,9999.000,9999.000,9999.000,9999.000,9999.000,9999.000
202607072342,   1.001,9999.000,9999.000,9999.000,9999.000,9999.000,9999.000,9999.000,9999.000
202607072348,   0.961,9999.000,9999.000,9999.000,9999.000,9999.000,9999.000,9999.000,9999.000
202607072354,   0.921,9999.000,9999.000,9999.000,9999.000,9999.000,9999.000,9999.000,9999.000
202607080000,   0.881,9999.000,   0.800,   0.905,   2.586,   0.600,   2.386,   0.900,   2.686
202607080006,   0.841,9999.000,9999.000,9999.000,9999.000,9999.000,9999.000,9999.000,9999.000
202607080012,   0.802,9999.000,9999.000,9999.000,9999.000,9999.000,9999.000,9999.000,9999.000
202607080018,   0.762,9999.000,9999.000,9999.000,9999.000,9999.000,9999.000,9999.000,9999.000
202607080024,   0.723,9999.000,9999.000,9999.000,9999.000,9999.000,9999.000,9999.000,9999.000
202607080030,   0.683,9999.000,9999.000,9999.000,9999.000,9999.000,9999.000,9999.000,9999.000
202607080036,   0.644,9999.000,9999.000,9999.000,9999.000,9999.000,9999.000,9999.000,9999.000
202607080042,   0.606,9999.000,9999.000,9999.000,9999.000,9999.000,9999.000,9999.000,9999.000
202607080048,   0.567,9999.000,9999.000,9999.000,9999.000,9999.000,9999.000,9999.000,9999.000
202607080054,   0.529,9999.000,9999.000,9999.000,9999.000,9999.000,9999.000,9999.000,9999.000
202607080100,   0.491,9999.000,   0.800,   0.905,   2.196,   0.600,   1.996,   1.000,   2.396
202607080106,   0.454,9999.000,9999.000,9999.000,9999.000,9999.000,9999.000,9999.000,9999.000
202607080112,   0.418,9999.000,9999.000,9999.000,9999.000,9999.000,9999.000,9999.000,9999.000
202607080118,   0.382,9999.000,9999.000,9999.000,9999.000,9999.000,9999.000,9999.000,9999.000
202607080124,   0.348,9999.000,9999.000,9999.000,9999.000,9999.000,9999.000,9999.000,9999.000
202607080130,   0.314,9999.000,9999.000,9999.000,9999.000,9999.000,9999.000,9999.000,9999.000
202607080136,   0.282,9999.000,9999.000,9999.000,9999.000,9999.000,9999.000,9999.000,9999.000
202607080142,   0.251,9999.000,9999.000,9999.000,9999.000,9999.000,9999.000,9999.000,9999.000
202607080148,   0.222,9999.000,9999.000,9999.000,9999.000,9999.000,9999.000,9999.000,9999.000
202607080154,   0.194,9999.000,9999.000,9999.000,9999.000,9999.000,9999.000,9999.000,9999.000
202607080200,   0.169,9999.000,   0.800,   0.905,   1.874,   0.600,   1.674,   1.000,   2.074
202607080206,   0.145,9999.000,9999.000,9999.000,9999.000,9999.000,9999.000,9999.000,9999.000
202607080212,   0.124,9999.000,9999.000,9999.000,9999.000,9999.000,9999.000,9999.000,9999.000
202607080218,   0.105,9999.000,9999.000,9999.000,9999.000,9999.000,9999.000,9999.000,9999.000
202607080224,   0.088,9999.000,9999.000,9999.000,9999.000,9999.000,9999.000,9999.000,9999.000
202607080230,   0.075,9999.000,9999.000,9999.000,9999.000,9999.000,9999.000,9999.000,9999.000
202607080236,   0.064,9999.000,9999.000,9999.000,9999.000,9999.000,9999.000,9999.000,9999.000
202607080242,   0.056,9999.000,9999.000,9999.000,9999.000,9999.000,9999.000,9999.000,9999.000
202607080248,   0.052,9999.000,9999.000,9999.000,9999.000,9999.000,9999.000,9999.000,9999.000
202607080254,   0.051,9999.000,9999.000,9999.000,9999.000,9999.000,9999.000,9999.000,9999.000
202607080300,   0.054,9999.000,   0.800,   0.905,   1.759,   0.600,   1.559,   1.000,   1.959
202607080306,   0.060,9999.000,9999.000,9999.000,9999.000,9999.000,9999.000,9999.000,9999.000
202607080312,   0.070,9999.000,9999.000,9999.000,9999.000,9999.000,9999.000,9999.000,9999.000
202607080318,   0.084,9999.000,9999.000,9999.000,9999.000,9999.000,9999.000,9999.000,9999.000
202607080324,   0.102,9999.000,9999.000,9999.000,9999.000,9999.000,9999.000,9999.000,9999.000
202607080330,   0.123,9999.000,9999.000,9999.000,9999.000,9999.000,9999.000,9999.000,9999.000
202607080336,   0.149,9999.000,9999.000,9999.000,9999.000,9999.000,9999.000,9999.000,9999.000
202607080342,   0.178,9999.000,9999.000,9999.000,9999.000,9999.000,9999.000,9999.000,9999.000
202607080348,   0.211,9999.000,9999.000,9999.000,9999.000,9999.000,9999.000,9999.000,9999.000
202607080354,   0.247,9999.000,9999.000,9999.000,9999.000,9999.000,9999.000,9999.000,9999.000
202607080400,   0.286,9999.000,   0.800,   0.905,   1.991,   0.600,   1.791,   1.000,   2.191
202607080406,   0.329,9999.000,9999.000,9999.000,9999.000,9999.000,9999.000,9999.000,9999.000
202607080412,   0.375,9999.000,9999.000,9999.000,9999.000,9999.000,9999.000,9999.000,9999.000
202607080418,   0.424,9999.000,9999.000,9999.000,9999.000,9999.000,9999.000,9999.000,9999.000
202607080424,   0.474,9999.000,9999.000,9999.000,9999.000,9999.000,9999.000,9999.000,9999.000
202607080430,   0.527,9999.000,9999.000,9999.000,9999.000,9999.000,9999.000,9999.000,9999.000
202607080436,   0.582,9999.000,9999.000,9999.000,9999.000,9999.000,9999.000,9999.000,9999.000
202607080442,   0.638,9999.000,9999.000,9999.000,9999.000,9999.000,9999.000,9999.000,9999.000
202607080448,   0.695,9999.000,9999.000,9999.000,9999.000,9999.000,9999.000,9999.000,9999.000
202607080454,   0.753,9999.000,9999.000,9999.000,9999.000,9999.000,9999.000,9999.000,9999.000
202607080500,   0.812,9999.000,   0.800,   0.905,   2.517,   0.600,   2.317,   1.100,   2.817
202607080506,   0.871,9999.000,9999.000,9999.000,9999.000,9999.000,9999.000,9999.000,9999.000
202607080512,   0.929,9999.000,9999.000,9999.000,9999.000,9999.000,9999.000,9999.000,9999.000
202607080518,   0.987,9999.000,9999.000,9999.000,9999.000,9999.000,9999.000,9999.000,9999.000
202607080524,   1.045,9999.000,9999.000,9999.000,9999.000,9999.000,9999.000,9999.000,9999.000
202607080530,   1.101,9999.000,9999.000,9999.000,9999.000,9999.000,9999.000,9999.000,9999.000
202607080536,   1.157,9999.000,9999.000,9999.000,9999.000,9999.000,9999.000,9999.000,9999.000
202607080542,   1.211,9999.000,9999.000,9999.000,9999.000,9999.000,9999.000,9999.000,9999.000
202607080548,   1.264,9999.000,9999.000,9999.000,9999.000,9999.000,9999.000,9999.000,9999.000
202607080554,   1.315,9999.000,9999.000,9999.000,9999.000,9999.000,9999.000,9999.000,9999.000
202607080600,   1.365,9999.000,   0.900,   0.905,   3.170,   0.600,   2.870,   1.100,   3.370
202607080606,   1.413,9999.000,9999.000,9999.000,9999.000,9999.000,9999.000,9999.000,9999.000
202607080612,   1.460,9999.000,9999.000,9999.000,9999.000,9999.000,9999.000,9999.000,9999.000
202607080618,   1.505,9999.000,9999.000,9999.000,9999.000,9999.000,9999.000,9999.000,9999.000
202607080624,   1.548,9999.000,9999.000,9999.000,9999.000,9999.000,9999.000,9999.000,9999.000
202607080630,   1.589,9999.000,9999.000,9999.000,9999.000,9999.000,9999.000,9999.000,9999.000
202607080636,   1.629,9999.000,9999.000,9999.000,9999.000,9999.000,9999.000,9999.000,9999.000
202607080642,   1.667,9999.000,9999.000,9999.000,9999.000,9999.000,9999.000,9999.000,9999.000
202607080648,   1.703,9999.000,9999.000,9999.000,9999.000,9999.000,9999.000,9999.000,9999.000
202607080654,   1.738,9999.000,9999.000,9999.000,9999.000,9999.000,9999.000,9999.000,9999.000
202607080700,   1.771,9999.000,   0.900,   0.905,   3.576,   0.600,   3.276,   1.100,   3.776
202607080706,   1.802,9999.000,9999.000,9999.000,9999.000,9999.000,9999.000,9999.000,9999.000
202607080712,   1.831,9999.000,9999.000,9999.000,9999.000,9999.000,9999.000,9999.000,9999.000
202607080718,   1.859,9999.000,9999.000,9999.000,9999.000,9999.000,9999.000,9999.000,9999.000
202607080724,   1.885,9999.000,9999.000,9999.000,9999.000,9999.000,9999.000,9999.000,9999.000
202607080730,   1.908,9999.000,9999.000,9999.000,9999.000,9999.000,9999.000,9999.000,9999.000
202607080736,   1.929,9999.000,9999.000,9999.000,9999.000,9999.000,9999.000,9999.000,9999.000
202607080742,   1.948,9999.000,9999.000,9999.000,9999.000,9999.000,9999.000,9999.000,9999.000
202607080748,   1.965,9999.000,9999.000,9999.000,9999.000,9999.000,9999.000,9999.000,9999.000
202607080754,   1.979,9999.000,9999.000,9999.000,9999.000,9999.000,9999.000,9999.000,9999.000
202607080800,   1.990,9999.000,   0.900,   0.905,   3.795,   0.600,   3.495,   1.200,   4.095
202607080806,   1.998,9999.000,9999.000,9999.000,9999.000,9999.000,9999.000,9999.000,9999.000
202607080812,   2.003,9999.000,9999.000,9999.000,9999.000,9999.000,9999.000,9999.000,9999.000
202607080818,   2.005,9999.000,9999.000,9999.000,9999.000,9999.000,9999.000,9999.000,9999.000
202607080824,   2.004,9999.000,9999.000,9999.000,9999.000,9999.000,9999.000,9999.000,9999.000
202607080830,   1.999,9999.000,9999.000,9999.000,9999.000,9999.000,9999.000,9999.000,9999.000
202607080836,   1.991,9999.000,9999.000,9999.000,9999.000,9999.000,9999.000,9999.000,9999.000
202607080842,   1.979,9999.000,9999.000,9999.000,9999.000,9999.000,9999.000,9999.000,9999.000
202607080848,   1.964,9999.000,9999.000,9999.000,9999.000,9999.000,9999.000,9999.000,9999.000
202607080854,   1.945,9999.000,9999.000,9999.000,9999.000,9999.000,9999.000,9999.000,9999.000
202607080900,   1.923,9999.000,   0.900,   0.905,   3.728,   0.600,   3.428,   1.200,   4.028
202607080906,   1.897,9999.000,9999.000,9999.000,9999.000,9999.000,9999.000,9999.000,9999.000
202607080912,   1.868,9999.000,9999.000,9999.000,9999.000,9999.000,9999.000,9999.000,9999.000
202607080918,   1.837,9999.000,9999.000,9999.000,9999.000,9999.000,9999.000,9999.000,9999.000
202607080924,   1.802,9999.000,9999.000,9999.000,9999.000,9999.000,9999.000,9999.000,9999.000
202607080930,   1.765,9999.000,9999.000,9999.000,9999.000,9999.000,9999.000,9999.000,9999.000
202607080936,   1.726,9999.000,9999.000,9999.000,9999.000,9999.000,9999.000,9999.000,9999.000
202607080942,   1.684,9999.000,9999.000,9999.000,9999.000,9999.000,9999.000,9999.000,9999.000
202607080948,   1.641,9999.000,9999.000,9999.000,9999.000,9999.000,9999.000,9999.000,9999.000
202607080954,   1.596,9999.000,9999.000,9999.000,9999.000,9999.000,9999.000,9999.000,9999.000
202607081000,   1.550,9999.000,   0.900,   0.905,   3.355,   0.600,   3.055,   1.200,   3.655
202607081006,   1.502,9999.000,9999.000,9999.000,9999.000,9999.000,9999.000,9999.000,9999.000
202607081012,   1.455,9999.000,9999.000,9999.000,9999.000,9999.000,9999.000,9999.000,9999.000
202607081018,   1.406,9999.000,9999.000,9999.000,9999.000,9999.000,9999.000,9999.000,9999.000
202607081024,   1.358,9999.000,9999.000,9999.000,9999.000,9999.000,9999.000,9999.000,9999.000
202607081030,   1.309,9999.000,9999.000,9999.000,9999.000,9999.000,9999.000,9999.000,9999.000
202607081036,   1.261,9999.000,9999.000,9999.000,9999.000,9999.000,9999.000,9999.000,9999.000
202607081042,   1.213,9999.000,9999.000,9999.000,9999.000,9999.000,9999.000,9999.000,9999.000
202607081048,   1.166,9999.000,9999.000,9999.000,9999.000,9999.000,9999.000,9999.000,9999.000
202607081054,   1.119,9999.000,9999.000,9999.000,9999.000,9999.000,9999.000,9999.000,9999.000
202607081100,   1.073,9999.000,   0.900,   0.905,   2.878,   0.600,   2.578,   1.200,   3.178
202607081106,   1.028,9999.000,9999.000,9999.000,9999.000,9999.000,9999.000,9999.000,9999.000
202607081112,   0.983,9999.000,9999.000,9999.000,9999.000,9999.000,9999.000,9999.000,9999.000
202607081118,   0.939,9999.000,9999.000,9999.000,9999.000,9999.000,9999.000,9999.000,9999.000
202607081124,   0.897,9999.000,9999.000,9999.000,9999.000,9999.000,9999.000,9999.000,9999.000
202607081130,   0.855,9999.000,9999.000,9999.000,9999.000,9999.000,9999.000,9999.000,9999.000
202607081136,   0.813,9999.000,9999.000,9999.000,9999.000,9999.000,9999.000,9999.000,9999.000
202607081142,   0.773,9999.000,9999.000,9999.000,9999.000,9999.000,9999.000,9999.000,9999.000
202607081148,   0.733,9999.000,9999.000,9999.000,9999.000,9999.000,9999.000,9999.000,9999.000
202607081154,   0.693,9999.000,9999.000,9999.000,9999.000,9999.000,9999.000,9999.000,9999.000
202607081200,   0.654,9999.000,   0.900,   0.905,   2.459,   0.700,   2.259,   1.200,   2.759
202607081206,   0.616,9999.000,9999.000,9999.000,9999.000,9999.000,9999.000,9999.000,9999.000
202607081212,   0.578,9999.000,9999.000,9999.000,9999.000,9999.000,9999.000,9999.000,9999.000
202607081218,   0.540,9999.000,9999.000,9999.000,9999.000,9999.000,9999.000,9999.000,9999.000
202607081224,   0.503,9999.000,9999.000,9999.000,9999.000,9999.000,9999.000,9999.000,9999.000
202607081230,   0.467,9999.000,9999.000,9999.000,9999.000,9999.000,9999.000,9999.000,9999.000
202607081236,   0.430,9999.000,9999.000,9999.000,9999.000,9999.000,9999.000,9999.000,9999.000
202607081242,   0.394,9999.000,9999.000,9999.000,9999.000,9999.000,9999.000,9999.000,9999.000
202607081248,   0.359,9999.000,9999.000,9999.000,9999.000,9999.000,9999.000,9999.000,9999.000
202607081254,   0.324,9999.000,9999.000,9999.000,9999.000,9999.000,9999.000,9999.000,9999.000
202607081300,   0.289,9999.000,   1.000,   0.905,   2.194,   0.700,   1.894,   1.200,   2.394
202607081306,   0.255,9999.000,9999.000,9999.000,9999.000,9999.000,9999.000,9999.000,9999.000
202607081312,   0.221,9999.000,9999.000,9999.000,9999.000,9999.000,9999.000,9999.000,9999.000
202607081318,   0.188,9999.000,9999.000,9999.000,9999.000,9999.000,9999.000,9999.000,9999.000
202607081324,   0.156,9999.000,9999.000,9999.000,9999.000,9999.000,9999.000,9999.000,9999.000
202607081330,   0.125,9999.000,9999.000,9999.000,9999.000,9999.000,9999.000,9999.000,9999.000
202607081336,   0.095,9999.000,9999.000,9999.000,9999.000,9999.000,9999.000,9999.000,9999.000
202607081342,   0.066,9999.000,9999.000,9999.000,9999.000,9999.000,9999.000,9999.000,9999.000
202607081348,   0.038,9999.000,9999.000,9999.000,9999.000,9999.000,9999.000,9999.000,9999.000
202607081354,   0.012,9999.000,9999.000,9999.000,9999.000,9999.000,9999.000,9999.000,9999.000
202607081400,  -0.012,9999.000,   1.000,   0.905,   1.893,   0.700,   1.593,   1.200,   2.093
202607081406,  -0.035,9999.000,9999.000,9999.000,9999.000,9999.000,9999.000,9999.000,9999.000
202607081412,  -0.057,9999.000,9999.000,9999.000,9999.000,9999.000,9999.000,9999.000,9999.000
202607081418,  -0.076,9999.000,9999.000,9999.000,9999.000,9999.000,9999.000,9999.000,9999.000
202607081424,  -0.093,9999.000,9999.000,9999.000,9999.000,9999.000,9999.000,9999.000,9999.000
202607081430,  -0.108,9999.000,9999.000,9999.000,9999.000,9999.000,9999.000,9999.000,9999.000
202607081436,  -0.121,9999.000,9999.000,9999.000,9999.000,9999.000,9999.000,9999.000,9999.000
202607081442,  -0.131,9999.000,9999.000,9999.000,9999.000,9999.000,9999.000,9999.000,9999.000
202607081448,  -0.138,9999.000,9999.000,9999.000,9999.000,9999.000,9999.000,9999.000,9999.000
202607081454,  -0.142,9999.000,9999.000,9999.000,9999.000,9999.000,9999.000,9999.000,9999.000
202607081500,  -0.143,9999.000,   1.000,   0.905,   1.762,   0.700,   1.462,   1.200,   1.962
202607081506,  -0.140,9999.000,9999.000,9999.000,9999.000,9999.000,9999.000,9999.000,9999.000
202607081512,  -0.135,9999.000,9999.000,9999.000,9999.000,9999.000,9999.000,9999.000,9999.000
202607081518,  -0.125,9999.000,9999.000,9999.000,9999.000,9999.000,9999.000,9999.000,9999.000
202607081524,  -0.112,9999.000,9999.000,9999.000,9999.000,9999.000,9999.000,9999.000,9999.000
202607081530,  -0.095,9999.000,9999.000,9999.000,9999.000,9999.000,9999.000,9999.000,9999.000
202607081536,  -0.074,9999.000,9999.000,9999.000,9999.000,9999.000,9999.000,9999.000,9999.000
202607081542,  -0.049,9999.000,9999.000,9999.000,9999.000,9999.000,9999.000,9999.000,9999.000
202607081548,  -0.020,9999.000,9999.000,9999.000,9999.000,9999.000,9999.000,9999.000,9999.000
202607081554,   0.013,9999.000,9999.000,9999.000,9999.000,9999.000,9999.000,9999.000,9999.000
202607081600,   0.050,9999.000,   1.000,   0.905,   1.955,   0.700,   1.655,   1.200,   2.155
202607081606,   0.091,9999.000,9999.000,9999.000,9999.000,9999.000,9999.000,9999.000,9999.000
202607081612,   0.136,9999.000,9999.000,9999.000,9999.000,9999.000,9999.000,9999.000,9999.000
202607081618,   0.184,9999.000,9999.000,9999.000,9999.000,9999.000,9999.000,9999.000,9999.000
202607081624,   0.237,9999.000,9999.000,9999.000,9999.000,9999.000,9999.000,9999.000,9999.000
202607081630,   0.292,9999.000,9999.000,9999.000,9999.000,9999.000,9999.000,9999.000,9999.000
202607081636,   0.351,9999.000,9999.000,9999.000,9999.000,9999.000,9999.000,9999.000,9999.000
202607081642,   0.412,9999.000,9999.000,9999.000,9999.000,9999.000,9999.000,9999.000,9999.000
202607081648,   0.476,9999.000,9999.000,9999.000,9999.000,9999.000,9999.000,9999.000,9999.000
202607081654,   0.543,9999.000,9999.000,9999.000,9999.000,9999.000,9999.000,9999.000,9999.000
202607081700,   0.611,9999.000,   1.000,   0.905,   2.516,   0.700,   2.216,   1.200,   2.716
202607081706,   0.681,9999.000,9999.000,9999.000,9999.000,9999.000,9999.000,9999.000,9999.000
202607081712,   0.752,9999.000,9999.000,9999.000,9999.000,9999.000,9999.000,9999.000,9999.000
202607081718,   0.824,9999.000,9999.000,9999.000,9999.000,9999.000,9999.000,9999.000,9999.000
202607081724,   0.897,9999.000,9999.000,9999.000,9999.000,9999.000,9999.000,9999.000,9999.000
202607081730,   0.970,9999.000,9999.000,9999.000,9999.000,9999.000,9999.000,9999.000,9999.000
202607081736,   1.043,9999.000,9999.000,9999.000,9999.000,9999.000,9999.000,9999.000,9999.000
202607081742,   1.115,9999.000,9999.000,9999.000,9999.000,9999.000,9999.000,9999.000,9999.000
202607081748,   1.187,9999.000,9999.000,9999.000,9999.000,9999.000,9999.000,9999.000,9999.000
202607081754,   1.259,9999.000,9999.000,9999.000,9999.000,9999.000,9999.000,9999.000,9999.000
202607081800,   1.329,9999.000,   1.000,   0.905,   3.234,   0.700,   2.934,   1.200,   3.434
202607081806,   1.398,9999.000,9999.000,9999.000,9999.000,9999.000,9999.000,9999.000,9999.000
202607081812,   1.465,9999.000,9999.000,9999.000,9999.000,9999.000,9999.000,9999.000,9999.000
202607081818,   1.531,9999.000,9999.000,9999.000,9999.000,9999.000,9999.000,9999.000,9999.000
202607081824,   1.595,9999.000,9999.000,9999.000,9999.000,9999.000,9999.000,9999.000,9999.000
202607081830,   1.658,9999.000,9999.000,9999.000,9999.000,9999.000,9999.000,9999.000,9999.000
202607081836,   1.719,9999.000,9999.000,9999.000,9999.000,9999.000,9999.000,9999.000,9999.000
202607081842,   1.778,9999.000,9999.000,9999.000,9999.000,9999.000,9999.000,9999.000,9999.000
202607081848,   1.835,9999.000,9999.000,9999.000,9999.000,9999.000,9999.000,9999.000,9999.000
202607081854,   1.890,9999.000,9999.000,9999.000,9999.000,9999.000,9999.000,9999.000,9999.000
202607081900,   1.944,9999.000,   1.000,   0.905,   3.849,   0.700,   3.549,   1.200,   4.049
202607081906,   1.995,9999.000,9999.000,9999.000,9999.000,9999.000,9999.000,9999.000,9999.000
202607081912,   2.045,9999.000,9999.000,9999.000,9999.000,9999.000,9999.000,9999.000,9999.000
202607081918,   2.093,9999.000,9999.000,9999.000,9999.000,9999.000,9999.000,9999.000,9999.000
202607081924,   2.139,9999.000,9999.000,9999.000,9999.000,9999.000,9999.000,9999.000,9999.000
202607081930,   2.182,9999.000,9999.000,9999.000,9999.000,9999.000,9999.000,9999.000,9999.000
202607081936,   2.224,9999.000,9999.000,9999.000,9999.000,9999.000,9999.000,9999.000,9999.000
202607081942,   2.264,9999.000,9999.000,9999.000,9999.000,9999.000,9999.000,9999.000,9999.000
202607081948,   2.301,9999.000,9999.000,9999.000,9999.000,9999.000,9999.000,9999.000,9999.000
202607081954,   2.336,9999.000,9999.000,9999.000,9999.000,9999.000,9999.000,9999.000,9999.000
202607082000,   2.369,9999.000,   1.000,   0.905,   4.274,   0.700,   3.974,   1.200,   4.474
202607082006,   2.399,9999.000,9999.000,9999.000,9999.000,9999.000,9999.000,9999.000,9999.000
202607082012,   2.426,9999.000,9999.000,9999.000,9999.000,9999.000,9999.000,9999.000,9999.000
202607082018,   2.450,9999.000,9999.000,9999.000,9999.000,9999.000,9999.000,9999.000,9999.000
202607082024,   2.471,9999.000,9999.000,9999.000,9999.000,9999.000,9999.000,9999.000,9999.000
202607082030,   2.488,9999.000,9999.000,9999.000,9999.000,9999.000,9999.000,9999.000,9999.000
202607082036,   2.503,9999.000,9999.000,9999.000,9999.000,9999.000,9999.000,9999.000,9999.000
202607082042,   2.513,9999.000,9999.000,9999.000,9999.000,9999.000,9999.000,9999.000,9999.000
202607082048,   2.520,9999.000,9999.000,9999.000,9999.000,9999.000,9999.000,9999.000,9999.000
202607082054,   2.523,9999.000,9999.000,9999.000,9999.000,9999.000,9999.000,9999.000,9999.000
202607082100,   2.523,9999.000,   1.000,   0.905,   4.428,   0.700,   4.128,   1.200,   4.628
202607082106,   2.518,9999.000,9999.000,9999.000,9999.000,9999.000,9999.000,9999.000,9999.000
202607082112,   2.509,9999.000,9999.000,9999.000,9999.000,9999.000,9999.000,9999.000,9999.000
202607082118,   2.497,9999.000,9999.000,9999.000,9999.000,9999.000,9999.000,9999.000,9999.000
202607082124,   2.480,9999.000,9999.000,9999.000,9999.000,9999.000,9999.000,9999.000,9999.000
202607082130,   2.460,9999.000,9999.000,9999.000,9999.000,9999.000,9999.000,9999.000,9999.000
202607082136,   2.437,9999.000,9999.000,9999.000,9999.000,9999.000,9999.000,9999.000,9999.000
202607082142,   2.409,9999.000,9999.000,9999.000,9999.000,9999.000,9999.000,9999.000,9999.000
202607082148,   2.379,9999.000,9999.000,9999.000,9999.000,9999.000,9999.000,9999.000,9999.000
202607082154,   2.346,9999.000,9999.000,9999.000,9999.000,9999.000,9999.000,9999.000,9999.000
202607082200,   2.309,9999.000,   1.000,   0.905,   4.214,   0.700,   3.914,   1.200,   4.414
202607082206,   2.271,9999.000,9999.000,9999.000,9999.000,9999.000,9999.000,9999.000,9999.000
202607082212,   2.230,9999.000,9999.000,9999.000,9999.000,9999.000,9999.000,9999.000,9999.000
202607082218,   2.187,9999.000,9999.000,9999.000,9999.000,9999.000,9999.000,9999.000,9999.000
202607082224,   2.142,9999.000,9999.000,9999.000,9999.000,9999.000,9999.000,9999.000,9999.000
202607082230,   2.096,9999.000,9999.000,9999.000,9999.000,9999.000,9999.000,9999.000,9999.000
202607082236,   2.049,9999.000,9999.000,9999.000,9999.000,9999.000,9999.000,9999.000,9999.000
202607082242,   2.002,9999.000,9999.000,9999.000,9999.000,9999.000,9999.000,9999.000,9999.000
202607082248,   1.953,9999.000,9999.000,9999.000,9999.000,9999.000,9999.000,9999.000,9999.000
202607082254,   1.905,9999.000,9999.000,9999.000,9999.000,9999.000,9999.000,9999.000,9999.000
202607082300,   1.856,9999.000,   1.000,   0.905,   3.761,   0.700,   3.461,   1.200,   3.961
202607082306,   1.807,9999.000,9999.000,9999.000,9999.000,9999.000,9999.000,9999.000,9999.000
202607082312,   1.758,9999.000,9999.000,9999.000,9999.000,9999.000,9999.000,9999.000,9999.000
202607082318,   1.710,9999.000,9999.000,9999.000,9999.000,9999.000,9999.000,9999.000,9999.000
202607082324,   1.662,9999.000,9999.000,9999.000,9999.000,9999.000,9999.000,9999.000,9999.000
202607082330,   1.615,9999.000,9999.000,9999.000,9999.000,9999.000,9999.000,9999.000,9999.000
202607082336,   1.569,9999.000,9999.000,9999.000,9999.000,9999.000,9999.000,9999.000,9999.000
202607082342,   1.522,9999.000,9999.000,9999.000,9999.000,9999.000,9999.000,9999.000,9999.000
202607082348,   1.477,9999.000,9999.000,9999.000,9999.000,9999.000,9999.000,9999.000,9999.000
202607082354,   1.432,9999.000,9999.000,9999.000,9999.000,9999.000,9999.000,9999.000,9999.000
202607090000,   1.387,9999.000,   1.000,   0.905,   3.292,   0.700,   2.992,   1.100,   3.392
202607090006,   1.343,9999.000,9999.000,9999.000,9999.000,9999.000,9999.000,9999.000,9999.000
202607090012,   1.299,9999.000,9999.000,9999.000,9999.000,9999.000,9999.000,9999.000,9999.000
202607090018,   1.256,9999.000,9999.000,9999.000,9999.000,9999.000,9999.000,9999.000,9999.000
202607090024,   1.213,9999.000,9999.000,9999.000,9999.000,9999.000,9999.000,9999.000,9999.000
202607090030,   1.170,9999.000,9999.000,9999.000,9999.000,9999.000,9999.000,9999.000,9999.000
202607090036,   1.127,9999.000,9999.000,9999.000,9999.000,9999.000,9999.000,9999.000,9999.000
202607090042,   1.085,9999.000,9999.000,9999.000,9999.000,9999.000,9999.000,9999.000,9999.000
202607090048,   1.043,9999.000,9999.000,9999.000,9999.000,9999.000,9999.000,9999.000,9999.000
202607090054,   1.000,9999.000,9999.000,9999.000,9999.000,9999.000,9999.000,9999.000,9999.000
202607090100,   0.958,9999.000,   1.000,   0.905,   2.863,   0.800,   2.663,   1.100,   2.963
202607090106,   0.916,9999.000,9999.000,9999.000,9999.000,9999.000,9999.000,9999.000,9999.000
202607090112,   0.873,9999.000,9999.000,9999.000,9999.000,9999.000,9999.000,9999.000,9999.000
202607090118,   0.831,9999.000,9999.000,9999.000,9999.000,9999.000,9999.000,9999.000,9999.000
202607090124,   0.789,9999.000,9999.000,9999.000,9999.000,9999.000,9999.000,9999.000,9999.000
202607090130,   0.747,9999.000,9999.000,9999.000,9999.000,9999.000,9999.000,9999.000,9999.000
202607090136,   0.705,9999.000,9999.000,9999.000,9999.000,9999.000,9999.000,9999.000,9999.000
202607090142,   0.664,9999.000,9999.000,9999.000,9999.000,9999.000,9999.000,9999.000,9999.000
202607090148,   0.622,9999.000,9999.000,9999.000,9999.000,9999.000,9999.000,9999.000,9999.000
202607090154,   0.582,9999.000,9999.000,9999.000,9999.000,9999.000,9999.000,9999.000,9999.000
202607090200,   0.541,9999.000,   1.000,   0.905,   2.446,   0.800,   2.246,   1.100,   2.546
202607090206,   0.502,9999.000,9999.000,9999.000,9999.000,9999.000,9999.000,9999.000,9999.000
202607090212,   0.463,9999.000,9999.000,9999.000,9999.000,9999.000,9999.000,9999.000,9999.000
202607090218,   0.425,9999.000,9999.000,9999.000,9999.000,9999.000,9999.000,9999.000,9999.000
202607090224,   0.387,9999.000,9999.000,9999.000,9999.000,9999.000,9999.000,9999.000,9999.000
202607090230,   0.351,9999.000,9999.000,9999.000,9999.000,9999.000,9999.000,9999.000,9999.000
202607090236,   0.317,9999.000,9999.000,9999.000,9999.000,9999.000,9999.000,9999.000,9999.000
202607090242,   0.283,9999.000,9999.000,9999.000,9999.000,9999.000,9999.000,9999.000,9999.000
202607090248,   0.252,9999.000,9999.000,9999.000,9999.000,9999.000,9999.000,9999.000,9999.000
202607090254,   0.222,9999.000,9999.000,9999.000,9999.000,9999.000,9999.000,9999.000,9999.000
202607090300,   0.194,9999.000,   0.900,   0.905,   1.999,   0.700,   1.799,   1.100,   2.199
202607090306,   0.168,9999.000,9999.000,9999.000,9999.000,9999.000,9999.000,9999.000,9999.000
202607090312,   0.144,9999.000,9999.000,9999.000,9999.000,9999.000,9999.000,9999.000,9999.000
202607090318,   0.123,9999.000,9999.000,9999.000,9999.000,9999.000,9999.000,9999.000,9999.000
202607090324,   0.104,9999.000,9999.000,9999.000,9999.000,9999.000,9999.000,9999.000,9999.000
202607090330,   0.089,9999.000,9999.000,9999.000,9999.000,9999.000,9999.000,9999.000,9999.000
202607090336,   0.076,9999.000,9999.000,9999.000,9999.000,9999.000,9999.000,9999.000,9999.000
202607090342,   0.067,9999.000,9999.000,9999.000,9999.000,9999.000,9999.000,9999.000,9999.000
202607090348,   0.061,9999.000,9999.000,9999.000,9999.000,9999.000,9999.000,9999.000,9999.000
202607090354,   0.058,9999.000,9999.000,9999.000,9999.000,9999.000,9999.000,9999.000,9999.000
202607090400,   0.059,9999.000,   0.900,   0.905,   1.864,   0.700,   1.664,   1.100,   2.064
202607090406,   0.064,9999.000,9999.000,9999.000,9999.000,9999.000,9999.000,9999.000,9999.000
202607090412,   0.072,9999.000,9999.000,9999.000,9999.000,9999.000,9999.000,9999.000,9999.000
202607090418,   0.084,9999.000,9999.000,9999.000,9999.000,9999.000,9999.000,9999.000,9999.000
202607090424,   0.100,9999.000,9999.000,9999.000,9999.000,9999.000,9999.000,9999.000,9999.000
202607090430,   0.120,9999.000,9999.000,9999.000,9999.000,9999.000,9999.000,9999.000,9999.000
202607090436,   0.144,9999.000,9999.000,9999.000,9999.000,9999.000,9999.000,9999.000,9999.000
202607090442,   0.171,9999.000,9999.000,9999.000,9999.000,9999.000,9999.000,9999.000,9999.000
202607090448,   0.201,9999.000,9999.000,9999.000,9999.000,9999.000,9999.000,9999.000,9999.000
202607090454,   0.236,9999.000,9999.000,9999.000,9999.000,9999.000,9999.000,9999.000,9999.000
202607090500,   0.273,9999.000,   0.900,   0.905,   2.078,   0.700,   1.878,   1.100,   2.278
202607090506,   0.313,9999.000,9999.000,9999.000,9999.000,9999.000,9999.000,9999.000,9999.000
202607090512,   0.356,9999.000,9999.000,9999.000,9999.000,9999.000,9999.000,9999.000,9999.000
202607090518,   0.401,9999.000,9999.000,9999.000,9999.000,9999.000,9999.000,9999.000,9999.000
202607090524,   0.449,9999.000,9999.000,9999.000,9999.000,9999.000,9999.000,9999.000,9999.000
202607090530,   0.499,9999.000,9999.000,9999.000,9999.000,9999.000,9999.000,9999.000,9999.000
202607090536,   0.550,9999.000,9999.000,9999.000,9999.000,9999.000,9999.000,9999.000,9999.000
202607090542,   0.602,9999.000,9999.000,9999.000,9999.000,9999.000,9999.000,9999.000,9999.000
202607090548,   0.656,9999.000,9999.000,9999.000,9999.000,9999.000,9999.000,9999.000,9999.000
202607090554,   0.710,9999.000,9999.000,9999.000,9999.000,9999.000,9999.000,9999.000,9999.000
202607090600,   0.764,9999.000,   0.900,   0.905,   2.569,   0.700,   2.369,   1.000,   2.669
202607090606,   0.819,9999.000,9999.000,9999.000,9999.000,9999.000,9999.000,9999.000,9999.000
202607090612,   0.873,9999.000,9999.000,9999.000,9999.000,9999.000,9999.000,9999.000,9999.000
202607090618,   0.928,9999.000,9999.000,9999.000,9999.000,9999.000,9999.000,9999.000,9999.000
202607090624,   0.982,9999.000,9999.000,9999.000,9999.000,9999.000,9999.000,9999.000,9999.000
202607090630,   1.035,9999.000,9999.000,9999.000,9999.000,9999.000,9999.000,9999.000,9999.000
202607090636,   1.087,9999.000,9999.000,9999.000,9999.000,9999.000,9999.000,9999.000,9999.000
202607090642,   1.138,9999.000,9999.000,9999.000,9999.000,9999.000,9999.000,9999.000,9999.000
202607090648,   1.188,9999.000,9999.000,9999.000,9999.000,9999.000,9999.000,9999.000,9999.000
202607090654,   1.237,9999.000,9999.000,9999.000,9999.000,9999.000,9999.000,9999.000,9999.000
202607090700,   1.285,9999.000,   0.900,   0.905,   3.090,   0.700,   2.890,   1.000,   3.190
202607090706,   1.332,9999.000,9999.000,9999.000,9999.000,9999.000,9999.000,9999.000,9999.000
202607090712,   1.378,9999.000,9999.000,9999.000,9999.000,9999.000,9999.000,9999.000,9999.000
202607090718,   1.422,9999.000,9999.000,9999.000,9999.000,9999.000,9999.000,9999.000,9999.000
202607090724,   1.465,9999.000,9999.000,9999.000,9999.000,9999.000,9999.000,9999.000,9999.000
202607090730,   1.506,9999.000,9999.000,9999.000,9999.000,9999.000,9999.000,9999.000,9999.000
202607090736,   1.547,9999.000,9999.000,9999.000,9999.000,9999.000,9999.000,9999.000,9999.000
202607090742,   1.586,9999.000,9999.000,9999.000,9999.000,9999.000,9999.000,9999.000,9999.000
202607090748,   1.624,9999.000,9999.000,9999.000,9999.000,9999.000,9999.000,9999.000,9999.000
202607090754,   1.660,9999.000,9999.000,9999.000,9999.000,9999.000,9999.000,9999.000,9999.000
202607090800,   1.695,9999.000,   0.900,   0.905,   3.500,   0.700,   3.300,   1.000,   3.600
202607090806,   1.728,9999.000,9999.000,9999.000,9999.000,9999.000,9999.000,9999.000,9999.000
202607090812,   1.759,9999.000,9999.000,9999.000,9999.000,9999.000,9999.000,9999.000,9999.000
202607090818,   1.789,9999.000,9999.000,9999.000,9999.000,9999.000,9999.000,9999.000,9999.000
202607090824,   1.816,9999.000,9999.000,9999.000,9999.000,9999.000,9999.000,9999.000,9999.000
202607090830,   1.842,9999.000,9999.000,9999.000,9999.000,9999.000,9999.000,9999.000,9999.000
202607090836,   1.865,9999.000,9999.000,9999.000,9999.000,9999.000,9999.000,9999.000,9999.000
202607090842,   1.885,9999.000,9999.000,9999.000,9999.000,9999.000,9999.000,9999.000,9999.000
202607090848,   1.903,9999.000,9999.000,9999.000,9999.000,9999.000,9999.000,9999.000,9999.000
202607090854,   1.918,9999.000,9999.000,9999.000,9999.000,9999.000,9999.000,9999.000,9999.000
202607090900,   1.930,9999.000,   0.900,   0.905,   3.735,   0.700,   3.535,   1.000,   3.835
202607090906,   1.938,9999.000,9999.000,9999.000,9999.000,9999.000,9999.000,9999.000,9999.000
202607090912,   1.943,9999.000,9999.000,9999.000,9999.000,9999.000,9999.000,9999.000,9999.000
202607090918,   1.945,9999.000,9999.000,9999.000,9999.000,9999.000,9999.000,9999.000,9999.000
202607090924,   1.943,9999.000,9999.000,9999.000,9999.000,9999.000,9999.000,9999.000,9999.000
202607090930,   1.937,9999.000,9999.000,9999.000,9999.000,9999.000,9999.000,9999.000,9999.000
202607090936,   1.928,9999.000,9999.000,9999.000,9999.000,9999.000,9999.000,9999.000,9999.000
202607090942,   1.915,9999.000,9999.000,9999.000,9999.000,9999.000,9999.000,9999.000,9999.000
202607090948,   1.898,9999.000,9999.000,9999.000,9999.000,9999.000,9999.000,9999.000,9999.000
202607090954,   1.877,9999.000,9999.000,9999.000,9999.000,9999.000,9999.000,9999.000,9999.000
202607091000,   1.853,9999.000,   0.900,   0.905,   3.658,   0.700,   3.458,   1.000,   3.758
202607091006,   1.826,9999.000,9999.000,9999.000,9999.000,9999.000,9999.000,9999.000,9999.000
202607091012,   1.796,9999.000,9999.000,9999.000,9999.000,9999.000,9999.000,9999.000,9999.000
202607091018,   1.762,9999.000,9999.000,9999.000,9999.000,9999.000,9999.000,9999.000,9999.000
202607091024,   1.726,9999.000,9999.000,9999.000,9999.000,9999.000,9999.000,9999.000,9999.000
202607091030,   1.688,9999.000,9999.000,9999.000,9999.000,9999.000,9999.000,9999.000,9999.000
202607091036,   1.647,9999.000,9999.000,9999.000,9999.000,9999.000,9999.000,9999.000,9999.000
202607091042,   1.604,9999.000,9999.000,9999.000,9999.000,9999.000,9999.000,9999.000,9999.000
202607091048,   1.560,9999.000,9999.000,9999.000,9999.000,9999.000,9999.000,9999.000,9999.000
202607091054,   1.514,9999.000,9999.000,9999.000,9999.000,9999.000,9999.000,9999.000,9999.000
202607091100,   1.468,9999.000,   0.900,   0.905,   3.273,   0.700,   3.073,   1.000,   3.373
202607091106,   1.421,9999.000,9999.000,9999.000,9999.000,9999.000,9999.000,9999.000,9999.000
202607091112,   1.373,9999.000,9999.000,9999.000,9999.000,9999.000,9999.000,9999.000,9999.000
202607091118,   1.325,9999.000,9999.000,9999.000,9999.000,9999.000,9999.000,9999.000,9999.000
202607091124,   1.277,9999.000,9999.000,9999.000,9999.000,9999.000,9999.000,9999.000,9999.000
202607091130,   1.229,9999.000,9999.000,9999.000,9999.000,9999.000,9999.000,9999.000,9999.000
202607091136,   1.181,9999.000,9999.000,9999.000,9999.000,9999.000,9999.000,9999.000,9999.000
202607091142,   1.134,9999.000,9999.000,9999.000,9999.000,9999.000,9999.000,9999.000,9999.000
202607091148,   1.087,9999.000,9999.000,9999.000,9999.000,9999.000,9999.000,9999.000,9999.000
202607091154,   1.042,9999.000,9999.000,9999.000,9999.000,9999.000,9999.000,9999.000,9999.000
202607091200,   0.997,9999.000,   0.800,   0.905,   2.702,   0.700,   2.602,   1.000,   2.902
202607091206,   0.952,9999.000,9999.000,9999.000,9999.000,9999.000,9999.000,9999.000,9999.000
202607091212,   0.909,9999.000,9999.000,9999.000,9999.000,9999.000,9999.000,9999.000,9999.000
202607091218,   0.866,9999.000,9999.000,9999.000,9999.000,9999.000,9999.000,9999.000,9999.000
202607091224,   0.824,9999.000,9999.000,9999.000,9999.000,9999.000,9999.000,9999.000,9999.000
202607091230,   0.783,9999.000,9999.000,9999.000,9999.000,9999.000,9999.000,9999.000,9999.000
202607091236,   0.742,9999.000,9999.000,9999.000,9999.000,9999.000,9999.000,9999.000,9999.000
202607091242,   0.702,9999.000,9999.000,9999.000,9999.000,9999.000,9999.000,9999.000,9999.000
202607091248,   0.663,9999.000,9999.000,9999.000,9999.000,9999.000,9999.000,9999.000,9999.000
202607091254,   0.625,9999.000,9999.000,9999.000,9999.000,9999.000,9999.000,9999.000,9999.000
202607091300,   0.586,9999.000,   0.800,   0.905,   2.291,   0.700,   2.191,   1.000,   2.491
202607091306,   0.549,9999.000,9999.000,9999.000,9999.000,9999.000,9999.000,9999.000,9999.000
202607091312,   0.512,9999.000,9999.000,9999.000,9999.000,9999.000,9999.000,9999.000,9999.000
202607091318,   0.475,9999.000,9999.000,9999.000,9999.000,9999.000,9999.000,9999.000,9999.000
202607091324,   0.438,9999.000,9999.000,9999.000,9999.000,9999.000,9999.000,9999.000,9999.000
202607091330,   0.402,9999.000,9999.000,9999.000,9999.000,9999.000,9999.000,9999.000,9999.000
202607091336,   0.367,9999.000,9999.000,9999.000,9999.000,9999.000,9999.000,9999.000,9999.000
202607091342,   0.332,9999.000,9999.000,9999.000,9999.000,9999.000,9999.000,9999.000,9999.000
202607091348,   0.297,9999.000,9999.000,9999.000,9999.000,9999.000,9999.000,9999.000,9999.000
202607091354,   0.263,9999.000,9999.000,9999.000,9999.000,9999.000,9999.000,9999.000,9999.000
202607091400,   0.229,9999.000,   0.800,   0.905,   1.934,   0.700,   1.834,   0.900,   2.034
202607091406,   0.196,9999.000,9999.000,9999.000,9999.000,9999.000,9999.000,9999.000,9999.000
202607091412,   0.164,9999.000,9999.000,9999.000,9999.000,9999.000,9999.000,9999.000,9999.000
202607091418,   0.133,9999.000,9999.000,9999.000,9999.000,9999.000,9999.000,9999.000,9999.000
202607091424,   0.102,9999.000,9999.000,9999.000,9999.000,9999.000,9999.000,9999.000,9999.000
202607091430,   0.072,9999.000,9999.000,9999.000,9999.000,9999.000,9999.000,9999.000,9999.000
202607091436,   0.044,9999.000,9999.000,9999.000,9999.000,9999.000,9999.000,9999.000,9999.000
202607091442,   0.016,9999.000,9999.000,9999.000,9999.000,9999.000,9999.000,9999.000,9999.000
202607091448,  -0.009,9999.000,9999.000,9999.000,9999.000,9999.000,9999.000,9999.000,9999.000
202607091454,  -0.033,9999.000,9999.000,9999.000,9999.000,9999.000,9999.000,9999.000,9999.000
202607091500,  -0.056,9999.000,   0.800,   0.905,   1.649,   0.700,   1.549,   0.900,   1.749
202607091506,  -0.077,9999.000,9999.000,9999.000,9999.000,9999.000,9999.000,9999.000,9999.000
202607091512,  -0.097,9999.000,9999.000,9999.000,9999.000,9999.000,9999.000,9999.000,9999.000
202607091518,  -0.114,9999.000,9999.000,9999.000,9999.000,9999.000,9999.000,9999.000,9999.000
202607091524,  -0.129,9999.000,9999.000,9999.000,9999.000,9999.000,9999.000,9999.000,9999.000
202607091530,  -0.141,9999.000,9999.000,9999.000,9999.000,9999.000,9999.000,9999.000,9999.000
202607091536,  -0.151,9999.000,9999.000,9999.000,9999.000,9999.000,9999.000,9999.000,9999.000
202607091542,  -0.159,9999.000,9999.000,9999.000,9999.000,9999.000,9999.000,9999.000,9999.000
202607091548,  -0.163,9999.000,9999.000,9999.000,9999.000,9999.000,9999.000,9999.000,9999.000
202607091554,  -0.164,9999.000,9999.000,9999.000,9999.000,9999.000,9999.000,9999.000,9999.000
202607091600,  -0.162,9999.000,   0.800,   0.905,   1.543,   0.700,   1.443,   0.900,   1.643
202607091606,  -0.157,9999.000,9999.000,9999.000,9999.000,9999.000,9999.000,9999.000,9999.000
202607091612,  -0.148,9999.000,9999.000,9999.000,9999.000,9999.000,9999.000,9999.000,9999.000
202607091618,  -0.135,9999.000,9999.000,9999.000,9999.000,9999.000,9999.000,9999.000,9999.000
202607091624,  -0.119,9999.000,9999.000,9999.000,9999.000,9999.000,9999.000,9999.000,9999.000
202607091630,  -0.098,9999.000,9999.000,9999.000,9999.000,9999.000,9999.000,9999.000,9999.000
202607091636,  -0.074,9999.000,9999.000,9999.000,9999.000,9999.000,9999.000,9999.000,9999.000
202607091642,  -0.045,9999.000,9999.000,9999.000,9999.000,9999.000,9999.000,9999.000,9999.000
202607091648,  -0.013,9999.000,9999.000,9999.000,9999.000,9999.000,9999.000,9999.000,9999.000
202607091654,   0.022,9999.000,9999.000,9999.000,9999.000,9999.000,9999.000,9999.000,9999.000
202607091700,   0.063,9999.000,   0.800,   0.905,   1.768,   0.700,   1.668,   0.900,   1.868
202607091706,   0.107,9999.000,9999.000,9999.000,9999.000,9999.000,9999.000,9999.000,9999.000
202607091712,   0.155,9999.000,9999.000,9999.000,9999.000,9999.000,9999.000,9999.000,9999.000
202607091718,   0.206,9999.000,9999.000,9999.000,9999.000,9999.000,9999.000,9999.000,9999.000
202607091724,   0.261,9999.000,9999.000,9999.000,9999.000,9999.000,9999.000,9999.000,9999.000
202607091730,   0.319,9999.000,9999.000,9999.000,9999.000,9999.000,9999.000,9999.000,9999.000
202607091736,   0.380,9999.000,9999.000,9999.000,9999.000,9999.000,9999.000,9999.000,9999.000
202607091742,   0.444,9999.000,9999.000,9999.000,9999.000,9999.000,9999.000,9999.000,9999.000
202607091748,   0.510,9999.000,9999.000,9999.000,9999.000,9999.000,9999.000,9999.000,9999.000
202607091754,   0.578,9999.000,9999.000,9999.000,9999.000,9999.000,9999.000,9999.000,9999.000
202607091800,   0.648,9999.000,   0.800,   0.905,   2.353,   0.700,   2.253,   0.900,   2.453
202607091806,   0.719,9999.000,9999.000,9999.000,9999.000,9999.000,9999.000,9999.000,9999.000
202607091812,   0.791,9999.000,9999.000,9999.000,9999.000,9999.000,9999.000,9999.000,9999.000
202607091818,   0.864,9999.000,9999.000,9999.000,9999.000,9999.000,9999.000,9999.000,9999.000
202607091824,   0.938,9999.000,9999.000,9999.000,9999.000,9999.000,9999.000,9999.000,9999.000
202607091830,   1.011,9999.000,9999.000,9999.000,9999.000,9999.000,9999.000,9999.000,9999.000
202607091836,   1.085,9999.000,9999.000,9999.000,9999.000,9999.000,9999.000,9999.000,9999.000
202607091842,   1.158,9999.000,9999.000,9999.000,9999.000,9999.000,9999.000,9999.000,9999.000
202607091848,   1.231,9999.000,9999.000,9999.000,9999.000,9999.000,9999.000,9999.000,9999.000
202607091854,   1.303,9999.000,9999.000,9999.000,9999.000,9999.000,9999.000,9999.000,9999.000
202607091900,   1.374,9999.000,   0.800,   0.905,   3.079,   0.700,   2.979,   0.900,   3.179
202607091906,   1.444,9999.000,9999.000,9999.000,9999.000,9999.000,9999.000,9999.000,9999.000
202607091912,   1.513,9999.000,9999.000,9999.000,9999.000,9999.000,9999.000,9999.000,9999.000
202607091918,   1.581,9999.000,9999.000,9999.000,9999.000,9999.000,9999.000,9999.000,9999.000
202607091924,   1.647,9999.000,9999.000,9999.000,9999.000,9999.000,9999.000,9999.000,9999.000
202607091930,   1.712,9999.000,9999.000,9999.000,9999.000,9999.000,9999.000,9999.000,9999.000
202607091936,   1.776,9999.000,9999.000,9999.000,9999.000,9999.000,9999.000,9999.000,9999.000
202607091942,   1.838,9999.000,9999.000,9999.000,9999.000,9999.000,9999.000,9999.000,9999.000
202607091948,   1.898,9999.000,9999.000,9999.000,9999.000,9999.000,9999.000,9999.000,9999.000
202607091954,   1.957,9999.000,9999.000,9999.000,9999.000,9999.000,9999.000,9999.000,9999.000
202607092000,   2.014,9999.000,   0.700,   0.905,   3.619,   0.600,   3.519,   0.900,   3.819
202607092006,   2.070,9999.000,9999.000,9999.000,9999.000,9999.000,9999.000,9999.000,9999.000
202607092012,   2.124,9999.000,9999.000,9999.000,9999.000,9999.000,9999.000,9999.000,9999.000
202607092018,   2.176,9999.000,9999.000,9999.000,9999.000,9999.000,9999.000,9999.000,9999.000
202607092024,   2.226,9999.000,9999.000,9999.000,9999.000,9999.000,9999.000,9999.000,9999.000
202607092030,   2.274,9999.000,9999.000,9999.000,9999.000,9999.000,9999.000,9999.000,9999.000
202607092036,   2.321,9999.000,9999.000,9999.000,9999.000,9999.000,9999.000,9999.000,9999.000
202607092042,   2.364,9999.000,9999.000,9999.000,9999.000,9999.000,9999.000,9999.000,9999.000
202607092048,   2.406,9999.000,9999.000,9999.000,9999.000,9999.000,9999.000,9999.000,9999.000
202607092054,   2.445,9999.000,9999.000,9999.000,9999.000,9999.000,9999.000,9999.000,9999.000
202607092100,   2.481,9999.000,   0.700,   0.905,   4.086,   0.600,   3.986,   0.900,   4.286
202607092106,   2.514,9999.000,9999.000,9999.000,9999.000,9999.000,9999.000,9999.000,9999.000
202607092112,   2.543,9999.000,9999.000,9999.000,9999.000,9999.000,9999.000,9999.000,9999.000
202607092118,   2.570,9999.000,9999.000,9999.000,9999.000,9999.000,9999.000,9999.000,9999.000
202607092124,   2.593,9999.000,9999.000,9999.000,9999.000,9999.000,9999.000,9999.000,9999.000
202607092130,   2.612,9999.000,9999.000,9999.000,9999.000,9999.000,9999.000,9999.000,9999.000
202607092136,   2.627,9999.000,9999.000,9999.000,9999.000,9999.000,9999.000,9999.000,9999.000
202607092142,   2.639,9999.000,9999.000,9999.000,9999.000,9999.000,9999.000,9999.000,9999.000
202607092148,   2.646,9999.000,9999.000,9999.000,9999.000,9999.000,9999.000,9999.000,9999.000
202607092154,   2.649,9999.000,9999.000,9999.000,9999.000,9999.000,9999.000,9999.000,9999.000
202607092200,   2.647,9999.000,   0.700,   0.905,   4.252,   0.600,   4.152,   0.900,   4.452
202607092206,   2.642,9999.000,9999.000,9999.000,9999.000,9999.000,9999.000,9999.000,9999.000
202607092212,   2.632,9999.000,9999.000,9999.000,9999.000,9999.000,9999.000,9999.000,9999.000
202607092218,   2.618,9999.000,9999.000,9999.000,9999.000,9999.000,9999.000,9999.000,9999.000
202607092224,   2.600,9999.000,9999.000,9999.000,9999.000,9999.000,9999.000,9999.000,9999.000
202607092230,   2.578,9999.000,9999.000,9999.000,9999.000,9999.000,9999.000,9999.000,9999.000
202607092236,   2.553,9999.000,9999.000,9999.000,9999.000,9999.000,9999.000,9999.000,9999.000
202607092242,   2.524,9999.000,9999.000,9999.000,9999.000,9999.000,9999.000,9999.000,9999.000
202607092248,   2.491,9999.000,9999.000,9999.000,9999.000,9999.000,9999.000,9999.000,9999.000
202607092254,   2.456,9999.000,9999.000,9999.000,9999.000,9999.000,9999.000,9999.000,9999.000
202607092300,   2.418,9999.000,   0.700,   0.905,   4.023,   0.600,   3.923,   0.900,   4.223
202607092306,   2.378,9999.000,9999.000,9999.000,9999.000,9999.000,9999.000,9999.000,9999.000
202607092312,   2.335,9999.000,9999.000,9999.000,9999.000,9999.000,9999.000,9999.000,9999.000
202607092318,   2.291,9999.000,9999.000,9999.000,9999.000,9999.000,9999.000,9999.000,9999.000
202607092324,   2.246,9999.000,9999.000,9999.000,9999.000,9999.000,9999.000,9999.000,9999.000
202607092330,   2.199,9999.000,9999.000,9999.000,9999.000,9999.000,9999.000,9999.000,9999.000
202607092336,   2.151,9999.000,9999.000,9999.000,9999.000,9999.000,9999.000,9999.000,9999.000
202607092342,   2.102,9999.000,9999.000,9999.000,9999.000,9999.000,9999.000,9999.000,9999.000
202607092348,   2.054,9999.000,9999.000,9999.000,9999.000,9999.000,9999.000,9999.000,9999.000
202607092354,   2.004,9999.000,9999.000,9999.000,9999.000,9999.000,9999.000,9999.000,9999.000
202607100000,   1.955,9999.000,   0.700,   0.905,   3.560,   0.600,   3.460,   0.800,   3.660
