        TIME,    TIDE,      OB,   SURGE,    BIAS,     TWL,SURGE90p,  TWL90p,SURGE10p,   TWL10p
202604181200,   0.916,9999.000,   0.000,9999.000,   0.916,   0.000,   0.916,   0.100,   1.016
202604181206,   0.882,9999.000,9999.000,9999.000,9999.000,9999.000,9999.000,9999.000,9999.000
202604181212,   0.849,9999.000,9999.000,9999.000,9999.000,9999.000,9999.000,9999.000,9999.000
202604181218,   0.817,9999.000,9999.000,9999.000,9999.000,9999.000,9999.000,9999.000,9999.000
202604181224,   0.787,9999.000,9999.000,9999.000,9999.000,9999.000,9999.000,9999.000,9999.000
202604181230,   0.758,9999.000,9999.000,9999.000,9999.000,9999.000,9999.000,9999.000,9999.000
202604181236,   0.730,9999.000,9999.000,9999.000,9999.000,9999.000,9999.000,9999.000,9999.000
202604181242,   0.704,9999.000,9999.000,9999.000,9999.000,9999.000,9999.000,9999.000,9999.000
202604181248,   0.680,9999.000,9999.000,9999.000,9999.000,9999.000,9999.000,9999.000,9999.000
202604181254,   0.658,9999.000,9999.000,9999.000,9999.000,9999.000,9999.000,9999.000,9999.000
202604181300,   0.638,9999.000,   0.100,9999.000,   0.738,   0.000,   0.638,   0.100,   0.738
202604181306,   0.620,9999.000,9999.000,9999.000,9999.000,9999.000,9999.000,9999.000,9999.000
202604181312,   0.604,9999.000,9999.000,9999.000,9999.000,9999.000,9999.000,9999.000,9999.000
202604181318,   0.591,9999.000,9999.000,9999.000,9999.000,9999.000,9999.000,9999.000,9999.000
202604181324,   0.580,9999.000,9999.000,9999.000,9999.000,9999.000,9999.000,9999.000,9999.000
202604181330,   0.572,9999.000,9999.000,9999.000,9999.000,9999.000,9999.000,9999.000,9999.000
202604181336,   0.566,9999.000,9999.000,9999.000,9999.000,9999.000,9999.000,9999.000,9999.000
202604181342,   0.564,9999.000,9999.000,9999.000,9999.000,9999.000,9999.000,9999.000,9999.000
202604181348,   0.564,9999.000,9999.000,9999.000,9999.000,9999.000,9999.000,9999.000,9999.000
202604181354,   0.567,9999.000,9999.000,9999.000,9999.000,9999.000,9999.000,9999.000,9999.000
202604181400,   0.573,9999.000,   0.100,9999.000,   0.673,   0.000,   0.573,   0.100,   0.673
202604181406,   0.581,9999.000,9999.000,9999.000,9999.000,9999.000,9999.000,9999.000,9999.000
202604181412,   0.593,9999.000,9999.000,9999.000,9999.000,9999.000,9999.000,9999.000,9999.000
202604181418,   0.608,9999.000,9999.000,9999.000,9999.000,9999.000,9999.000,9999.000,9999.000
202604181424,   0.627,9999.000,9999.000,9999.000,9999.000,9999.000,9999.000,9999.000,9999.000
202604181430,   0.648,9999.000,9999.000,9999.000,9999.000,9999.000,9999.000,9999.000,9999.000
202604181436,   0.672,9999.000,9999.000,9999.000,9999.000,9999.000,9999.000,9999.000,9999.000
202604181442,   0.700,9999.000,9999.000,9999.000,9999.000,9999.000,9999.000,9999.000,9999.000
202604181448,   0.730,9999.000,9999.000,9999.000,9999.000,9999.000,9999.000,9999.000,9999.000
202604181454,   0.764,9999.000,9999.000,9999.000,9999.000,9999.000,9999.000,9999.000,9999.000
202604181500,   0.801,9999.000,   0.100,9999.000,   0.901,   0.000,   0.801,   0.200,   1.001
202604181506,   0.841,9999.000,9999.000,9999.000,9999.000,9999.000,9999.000,9999.000,9999.000
202604181512,   0.884,9999.000,9999.000,9999.000,9999.000,9999.000,9999.000,9999.000,9999.000
202604181518,   0.930,9999.000,9999.000,9999.000,9999.000,9999.000,9999.000,9999.000,9999.000
202604181524,   0.979,9999.000,9999.000,9999.000,9999.000,9999.000,9999.000,9999.000,9999.000
202604181530,   1.030,9999.000,9999.000,9999.000,9999.000,9999.000,9999.000,9999.000,9999.000
202604181536,   1.085,9999.000,9999.000,9999.000,9999.000,9999.000,9999.000,9999.000,9999.000
202604181542,   1.142,9999.000,9999.000,9999.000,9999.000,9999.000,9999.000,9999.000,9999.000
202604181548,   1.202,9999.000,9999.000,9999.000,9999.000,9999.000,9999.000,9999.000,9999.000
202604181554,   1.265,9999.000,9999.000,9999.000,9999.000,9999.000,9999.000,9999.000,9999.000
202604181600,   1.330,9999.000,   0.100,9999.000,   1.430,   0.100,   1.430,   0.200,   1.530
202604181606,   1.397,9999.000,9999.000,9999.000,9999.000,9999.000,9999.000,9999.000,9999.000
202604181612,   1.467,9999.000,9999.000,9999.000,9999.000,9999.000,9999.000,9999.000,9999.000
202604181618,   1.539,9999.000,9999.000,9999.000,9999.000,9999.000,9999.000,9999.000,9999.000
202604181624,   1.613,9999.000,9999.000,9999.000,9999.000,9999.000,9999.000,9999.000,9999.000
202604181630,   1.688,9999.000,9999.000,9999.000,9999.000,9999.000,9999.000,9999.000,9999.000
202604181636,   1.766,9999.000,9999.000,9999.000,9999.000,9999.000,9999.000,9999.000,9999.000
202604181642,   1.845,9999.000,9999.000,9999.000,9999.000,9999.000,9999.000,9999.000,9999.000
202604181648,   1.926,9999.000,9999.000,9999.000,9999.000,9999.000,9999.000,9999.000,9999.000
202604181654,   2.009,9999.000,9999.000,9999.000,9999.000,9999.000,9999.000,9999.000,9999.000
202604181700,   2.092,9999.000,   0.100,9999.000,   2.192,   0.100,   2.192,   0.200,   2.292
202604181706,   2.177,9999.000,9999.000,9999.000,9999.000,9999.000,9999.000,9999.000,9999.000
202604181712,   2.262,9999.000,9999.000,9999.000,9999.000,9999.000,9999.000,9999.000,9999.000
202604181718,   2.349,9999.000,9999.000,9999.000,9999.000,9999.000,9999.000,9999.000,9999.000
202604181724,   2.436,9999.000,9999.000,9999.000,9999.000,9999.000,9999.000,9999.000,9999.000
202604181730,   2.523,9999.000,9999.000,9999.000,9999.000,9999.000,9999.000,9999.000,9999.000
202604181736,   2.611,9999.000,9999.000,9999.000,9999.000,9999.000,9999.000,9999.000,9999.000
202604181742,   2.699,9999.000,9999.000,9999.000,9999.000,9999.000,9999.000,9999.000,9999.000
202604181748,   2.787,9999.000,9999.000,9999.000,9999.000,9999.000,9999.000,9999.000,9999.000
202604181754,   2.875,9999.000,9999.000,9999.000,9999.000,9999.000,9999.000,9999.000,9999.000
202604181800,   2.963,9999.000,   0.400,9999.000,   3.363,   0.300,   3.263,   0.500,   3.463
202604181806,   3.050,9999.000,9999.000,9999.000,9999.000,9999.000,9999.000,9999.000,9999.000
202604181812,   3.137,9999.000,9999.000,9999.000,9999.000,9999.000,9999.000,9999.000,9999.000
202604181818,   3.223,9999.000,9999.000,9999.000,9999.000,9999.000,9999.000,9999.000,9999.000
202604181824,   3.307,9999.000,9999.000,9999.000,9999.000,9999.000,9999.000,9999.000,9999.000
202604181830,   3.391,9999.000,9999.000,9999.000,9999.000,9999.000,9999.000,9999.000,9999.000
202604181836,   3.473,9999.000,9999.000,9999.000,9999.000,9999.000,9999.000,9999.000,9999.000
202604181842,   3.554,9999.000,9999.000,9999.000,9999.000,9999.000,9999.000,9999.000,9999.000
202604181848,   3.634,9999.000,9999.000,9999.000,9999.000,9999.000,9999.000,9999.000,9999.000
202604181854,   3.711,9999.000,9999.000,9999.000,9999.000,9999.000,9999.000,9999.000,9999.000
202604181900,   3.787,9999.000,   0.500,9999.000,   4.287,   0.400,   4.187,   0.600,   4.387
202604181906,   3.861,9999.000,9999.000,9999.000,9999.000,9999.000,9999.000,9999.000,9999.000
202604181912,   3.932,9999.000,9999.000,9999.000,9999.000,9999.000,9999.000,9999.000,9999.000
202604181918,   4.001,9999.000,9999.000,9999.000,9999.000,9999.000,9999.000,9999.000,9999.000
202604181924,   4.068,9999.000,9999.000,9999.000,9999.000,9999.000,9999.000,9999.000,9999.000
202604181930,   4.132,9999.000,9999.000,9999.000,9999.000,9999.000,9999.000,9999.000,9999.000
202604181936,   4.193,9999.000,9999.000,9999.000,9999.000,9999.000,9999.000,9999.000,9999.000
202604181942,   4.252,9999.000,9999.000,9999.000,9999.000,9999.000,9999.000,9999.000,9999.000
202604181948,   4.307,9999.000,9999.000,9999.000,9999.000,9999.000,9999.000,9999.000,9999.000
202604181954,   4.359,9999.000,9999.000,9999.000,9999.000,9999.000,9999.000,9999.000,9999.000
202604182000,   4.408,9999.000,   0.500,9999.000,   4.908,   0.400,   4.808,   0.700,   5.108
202604182006,   4.454,9999.000,9999.000,9999.000,9999.000,9999.000,9999.000,9999.000,9999.000
202604182012,   4.496,9999.000,9999.000,9999.000,9999.000,9999.000,9999.000,9999.000,9999.000
202604182018,   4.534,9999.000,9999.000,9999.000,9999.000,9999.000,9999.000,9999.000,9999.000
202604182024,   4.569,9999.000,9999.000,9999.000,9999.000,9999.000,9999.000,9999.000,9999.000
202604182030,   4.601,9999.000,9999.000,9999.000,9999.000,9999.000,9999.000,9999.000,9999.000
202604182036,   4.628,9999.000,9999.000,9999.000,9999.000,9999.000,9999.000,9999.000,9999.000
202604182042,   4.652,9999.000,9999.000,9999.000,9999.000,9999.000,9999.000,9999.000,9999.000
202604182048,   4.672,9999.000,9999.000,9999.000,9999.000,9999.000,9999.000,9999.000,9999.000
202604182054,   4.687,9999.000,9999.000,9999.000,9999.000,9999.000,9999.000,9999.000,9999.000
202604182100,   4.699,9999.000,   0.600,9999.000,   5.299,   0.500,   5.199,   0.900,   5.599
202604182106,   4.707,9999.000,9999.000,9999.000,9999.000,9999.000,9999.000,9999.000,9999.000
202604182112,   4.710,9999.000,9999.000,9999.000,9999.000,9999.000,9999.000,9999.000,9999.000
202604182118,   4.710,9999.000,9999.000,9999.000,9999.000,9999.000,9999.000,9999.000,9999.000
202604182124,   4.705,9999.000,9999.000,9999.000,9999.000,9999.000,9999.000,9999.000,9999.000
202604182130,   4.697,9999.000,9999.000,9999.000,9999.000,9999.000,9999.000,9999.000,9999.000
202604182136,   4.684,9999.000,9999.000,9999.000,9999.000,9999.000,9999.000,9999.000,9999.000
202604182142,   4.667,9999.000,9999.000,9999.000,9999.000,9999.000,9999.000,9999.000,9999.000
202604182148,   4.646,9999.000,9999.000,9999.000,9999.000,9999.000,9999.000,9999.000,9999.000
202604182154,   4.621,9999.000,9999.000,9999.000,9999.000,9999.000,9999.000,9999.000,9999.000
202604182200,   4.592,9999.000,   0.800,9999.000,   5.392,   0.600,   5.192,   1.100,   5.692
202604182206,   4.559,9999.000,9999.000,9999.000,9999.000,9999.000,9999.000,9999.000,9999.000
202604182212,   4.522,9999.000,9999.000,9999.000,9999.000,9999.000,9999.000,9999.000,9999.000
202604182218,   4.482,9999.000,9999.000,9999.000,9999.000,9999.000,9999.000,9999.000,9999.000
202604182224,   4.437,9999.000,9999.000,9999.000,9999.000,9999.000,9999.000,9999.000,9999.000
202604182230,   4.389,9999.000,9999.000,9999.000,9999.000,9999.000,9999.000,9999.000,9999.000
202604182236,   4.338,9999.000,9999.000,9999.000,9999.000,9999.000,9999.000,9999.000,9999.000
202604182242,   4.283,9999.000,9999.000,9999.000,9999.000,9999.000,9999.000,9999.000,9999.000
202604182248,   4.224,9999.000,9999.000,9999.000,9999.000,9999.000,9999.000,9999.000,9999.000
202604182254,   4.163,9999.000,9999.000,9999.000,9999.000,9999.000,9999.000,9999.000,9999.000
202604182300,   4.098,9999.000,   1.000,9999.000,   5.098,   0.700,   4.798,   1.300,   5.398
202604182306,   4.030,9999.000,9999.000,9999.000,9999.000,9999.000,9999.000,9999.000,9999.000
202604182312,   3.960,9999.000,9999.000,9999.000,9999.000,9999.000,9999.000,9999.000,9999.000
202604182318,   3.887,9999.000,9999.000,9999.000,9999.000,9999.000,9999.000,9999.000,9999.000
202604182324,   3.811,9999.000,9999.000,9999.000,9999.000,9999.000,9999.000,9999.000,9999.000
202604182330,   3.732,9999.000,9999.000,9999.000,9999.000,9999.000,9999.000,9999.000,9999.000
202604182336,   3.652,9999.000,9999.000,9999.000,9999.000,9999.000,9999.000,9999.000,9999.000
202604182342,   3.569,9999.000,9999.000,9999.000,9999.000,9999.000,9999.000,9999.000,9999.000
202604182348,   3.485,9999.000,9999.000,9999.000,9999.000,9999.000,9999.000,9999.000,9999.000
202604182354,   3.399,9999.000,9999.000,9999.000,9999.000,9999.000,9999.000,9999.000,9999.000
202604190000,   3.311,9999.000,   1.300,9999.000,   4.611,   1.000,   4.311,   1.600,   4.911
202604190006,   3.222,9999.000,9999.000,9999.000,9999.000,9999.000,9999.000,9999.000,9999.000
202604190012,   3.131,9999.000,9999.000,9999.000,9999.000,9999.000,9999.000,9999.000,9999.000
202604190018,   3.040,9999.000,9999.000,9999.000,9999.000,9999.000,9999.000,9999.000,9999.000
202604190024,   2.947,9999.000,9999.000,9999.000,9999.000,9999.000,9999.000,9999.000,9999.000
202604190030,   2.854,9999.000,9999.000,9999.000,9999.000,9999.000,9999.000,9999.000,9999.000
202604190036,   2.761,9999.000,9999.000,9999.000,9999.000,9999.000,9999.000,9999.000,9999.000
202604190042,   2.667,9999.000,9999.000,9999.000,9999.000,9999.000,9999.000,9999.000,9999.000
202604190048,   2.573,9999.000,9999.000,9999.000,9999.000,9999.000,9999.000,9999.000,9999.000
202604190054,   2.479,9999.000,9999.000,9999.000,9999.000,9999.000,9999.000,9999.000,9999.000
202604190100,   2.386,9999.000,   1.500,9999.000,   3.886,   1.200,   3.586,   1.900,   4.286
202604190106,   2.293,9999.000,9999.000,9999.000,9999.000,9999.000,9999.000,9999.000,9999.000
202604190112,   2.200,9999.000,9999.000,9999.000,9999.000,9999.000,9999.000,9999.000,9999.000
202604190118,   2.108,9999.000,9999.000,9999.000,9999.000,9999.000,9999.000,9999.000,9999.000
202604190124,   2.017,9999.000,9999.000,9999.000,9999.000,9999.000,9999.000,9999.000,9999.000
202604190130,   1.928,9999.000,9999.000,9999.000,9999.000,9999.000,9999.000,9999.000,9999.000
202604190136,   1.839,9999.000,9999.000,9999.000,9999.000,9999.000,9999.000,9999.000,9999.000
202604190142,   1.752,9999.000,9999.000,9999.000,9999.000,9999.000,9999.000,9999.000,9999.000
202604190148,   1.667,9999.000,9999.000,9999.000,9999.000,9999.000,9999.000,9999.000,9999.000
202604190154,   1.583,9999.000,9999.000,9999.000,9999.000,9999.000,9999.000,9999.000,9999.000
202604190200,   1.501,9999.000,   1.800,9999.000,   3.301,   1.400,   2.901,   2.300,   3.801
202604190206,   1.421,9999.000,9999.000,9999.000,9999.000,9999.000,9999.000,9999.000,9999.000
202604190212,   1.343,9999.000,9999.000,9999.000,9999.000,9999.000,9999.000,9999.000,9999.000
202604190218,   1.267,9999.000,9999.000,9999.000,9999.000,9999.000,9999.000,9999.000,9999.000
202604190224,   1.194,9999.000,9999.000,9999.000,9999.000,9999.000,9999.000,9999.000,9999.000
202604190230,   1.123,9999.000,9999.000,9999.000,9999.000,9999.000,9999.000,9999.000,9999.000
202604190236,   1.054,9999.000,9999.000,9999.000,9999.000,9999.000,9999.000,9999.000,9999.000
202604190242,   0.988,9999.000,9999.000,9999.000,9999.000,9999.000,9999.000,9999.000,9999.000
202604190248,   0.925,9999.000,9999.000,9999.000,9999.000,9999.000,9999.000,9999.000,9999.000
202604190254,   0.865,9999.000,9999.000,9999.000,9999.000,9999.000,9999.000,9999.000,9999.000
202604190300,   0.808,9999.000,   2.200,9999.000,   3.008,   1.700,   2.508,   2.600,   3.408
202604190306,   0.753,9999.000,9999.000,9999.000,9999.000,9999.000,9999.000,9999.000,9999.000
202604190312,   0.701,9999.000,9999.000,9999.000,9999.000,9999.000,9999.000,9999.000,9999.000
202604190318,   0.653,9999.000,9999.000,9999.000,9999.000,9999.000,9999.000,9999.000,9999.000
202604190324,   0.607,9999.000,9999.000,9999.000,9999.000,9999.000,9999.000,9999.000,9999.000
202604190330,   0.564,9999.000,9999.000,9999.000,9999.000,9999.000,9999.000,9999.000,9999.000
202604190336,   0.525,9999.000,9999.000,9999.000,9999.000,9999.000,9999.000,9999.000,9999.000
202604190342,   0.488,9999.000,9999.000,9999.000,9999.000,9999.000,9999.000,9999.000,9999.000
202604190348,   0.455,9999.000,9999.000,9999.000,9999.000,9999.000,9999.000,9999.000,9999.000
202604190354,   0.425,9999.000,9999.000,9999.000,9999.000,9999.000,9999.000,9999.000,9999.000
202604190400,   0.397,9999.000,   2.500,9999.000,   2.897,   2.000,   2.397,   2.900,   3.297
202604190406,   0.373,9999.000,9999.000,9999.000,9999.000,9999.000,9999.000,9999.000,9999.000
202604190412,   0.352,9999.000,9999.000,9999.000,9999.000,9999.000,9999.000,9999.000,9999.000
202604190418,   0.334,9999.000,9999.000,9999.000,9999.000,9999.000,9999.000,9999.000,9999.000
202604190424,   0.319,9999.000,9999.000,9999.000,9999.000,9999.000,9999.000,9999.000,9999.000
202604190430,   0.306,9999.000,9999.000,9999.000,9999.000,9999.000,9999.000,9999.000,9999.000
202604190436,   0.297,9999.000,9999.000,9999.000,9999.000,9999.000,9999.000,9999.000,9999.000
202604190442,   0.290,9999.000,9999.000,9999.000,9999.000,9999.000,9999.000,9999.000,9999.000
202604190448,   0.286,9999.000,9999.000,9999.000,9999.000,9999.000,9999.000,9999.000,9999.000
202604190454,   0.285,9999.000,9999.000,9999.000,9999.000,9999.000,9999.000,9999.000,9999.000
202604190500,   0.286,9999.000,   2.900,9999.000,   3.186,   2.200,   2.486,   3.500,   3.786
202604190506,   0.290,9999.000,9999.000,9999.000,9999.000,9999.000,9999.000,9999.000,9999.000
202604190512,   0.296,9999.000,9999.000,9999.000,9999.000,9999.000,9999.000,9999.000,9999.000
202604190518,   0.305,9999.000,9999.000,9999.000,9999.000,9999.000,9999.000,9999.000,9999.000
202604190524,   0.315,9999.000,9999.000,9999.000,9999.000,9999.000,9999.000,9999.000,9999.000
202604190530,   0.328,9999.000,9999.000,9999.000,9999.000,9999.000,9999.000,9999.000,9999.000
202604190536,   0.343,9999.000,9999.000,9999.000,9999.000,9999.000,9999.000,9999.000,9999.000
202604190542,   0.360,9999.000,9999.000,9999.000,9999.000,9999.000,9999.000,9999.000,9999.000
202604190548,   0.379,9999.000,9999.000,9999.000,9999.000,9999.000,9999.000,9999.000,9999.000
202604190554,   0.399,9999.000,9999.000,9999.000,9999.000,9999.000,9999.000,9999.000,9999.000
202604190600,   0.421,9999.000,   3.200,9999.000,   3.621,   2.600,   3.021,   3.800,   4.221
202604190606,   0.445,9999.000,9999.000,9999.000,9999.000,9999.000,9999.000,9999.000,9999.000
202604190612,   0.470,9999.000,9999.000,9999.000,9999.000,9999.000,9999.000,9999.000,9999.000
202604190618,   0.496,9999.000,9999.000,9999.000,9999.000,9999.000,9999.000,9999.000,9999.000
202604190624,   0.523,9999.000,9999.000,9999.000,9999.000,9999.000,9999.000,9999.000,9999.000
202604190630,   0.552,9999.000,9999.000,9999.000,9999.000,9999.000,9999.000,9999.000,9999.000
202604190636,   0.581,9999.000,9999.000,9999.000,9999.000,9999.000,9999.000,9999.000,9999.000
202604190642,   0.611,9999.000,9999.000,9999.000,9999.000,9999.000,9999.000,9999.000,9999.000
202604190648,   0.641,9999.000,9999.000,9999.000,9999.000,9999.000,9999.000,9999.000,9999.000
202604190654,   0.673,9999.000,9999.000,9999.000,9999.000,9999.000,9999.000,9999.000,9999.000
202604190700,   0.704,9999.000,   3.500,9999.000,   4.204,   2.800,   3.504,   4.200,   4.904
202604190706,   0.736,9999.000,9999.000,9999.000,9999.000,9999.000,9999.000,9999.000,9999.000
202604190712,   0.768,9999.000,9999.000,9999.000,9999.000,9999.000,9999.000,9999.000,9999.000
202604190718,   0.800,9999.000,9999.000,9999.000,9999.000,9999.000,9999.000,9999.000,9999.000
202604190724,   0.832,9999.000,9999.000,9999.000,9999.000,9999.000,9999.000,9999.000,9999.000
202604190730,   0.863,9999.000,9999.000,9999.000,9999.000,9999.000,9999.000,9999.000,9999.000
202604190736,   0.895,9999.000,9999.000,9999.000,9999.000,9999.000,9999.000,9999.000,9999.000
202604190742,   0.926,9999.000,9999.000,9999.000,9999.000,9999.000,9999.000,9999.000,9999.000
202604190748,   0.956,9999.000,9999.000,9999.000,9999.000,9999.000,9999.000,9999.000,9999.000
202604190754,   0.986,9999.000,9999.000,9999.000,9999.000,9999.000,9999.000,9999.000,9999.000
202604190800,   1.015,9999.000,   3.600,9999.000,   4.615,   3.000,   4.015,   4.300,   5.315
202604190806,   1.043,9999.000,9999.000,9999.000,9999.000,9999.000,9999.000,9999.000,9999.000
202604190812,   1.070,9999.000,9999.000,9999.000,9999.000,9999.000,9999.000,9999.000,9999.000
202604190818,   1.096,9999.000,9999.000,9999.000,9999.000,9999.000,9999.000,9999.000,9999.000
202604190824,   1.120,9999.000,9999.000,9999.000,9999.000,9999.000,9999.000,9999.000,9999.000
202604190830,   1.144,9999.000,9999.000,9999.000,9999.000,9999.000,9999.000,9999.000,9999.000
202604190836,   1.166,9999.000,9999.000,9999.000,9999.000,9999.000,9999.000,9999.000,9999.000
202604190842,   1.187,9999.000,9999.000,9999.000,9999.000,9999.000,9999.000,9999.000,9999.000
202604190848,   1.206,9999.000,9999.000,9999.000,9999.000,9999.000,9999.000,9999.000,9999.000
202604190854,   1.224,9999.000,9999.000,9999.000,9999.000,9999.000,9999.000,9999.000,9999.000
202604190900,   1.240,9999.000,   3.700,9999.000,   4.940,   3.200,   4.440,   4.300,   5.540
202604190906,   1.254,9999.000,9999.000,9999.000,9999.000,9999.000,9999.000,9999.000,9999.000
202604190912,   1.267,9999.000,9999.000,9999.000,9999.000,9999.000,9999.000,9999.000,9999.000
202604190918,   1.277,9999.000,9999.000,9999.000,9999.000,9999.000,9999.000,9999.000,9999.000
202604190924,   1.286,9999.000,9999.000,9999.000,9999.000,9999.000,9999.000,9999.000,9999.000
202604190930,   1.294,9999.000,9999.000,9999.000,9999.000,9999.000,9999.000,9999.000,9999.000
202604190936,   1.299,9999.000,9999.000,9999.000,9999.000,9999.000,9999.000,9999.000,9999.000
202604190942,   1.302,9999.000,9999.000,9999.000,9999.000,9999.000,9999.000,9999.000,9999.000
202604190948,   1.304,9999.000,9999.000,9999.000,9999.000,9999.000,9999.000,9999.000,9999.000
202604190954,   1.303,9999.000,9999.000,9999.000,9999.000,9999.000,9999.000,9999.000,9999.000
202604191000,   1.301,9999.000,   3.600,9999.000,   4.901,   3.100,   4.401,   4.200,   5.501
202604191006,   1.297,9999.000,9999.000,9999.000,9999.000,9999.000,9999.000,9999.000,9999.000
202604191012,   1.290,9999.000,9999.000,9999.000,9999.000,9999.000,9999.000,9999.000,9999.000
202604191018,   1.282,9999.000,9999.000,9999.000,9999.000,9999.000,9999.000,9999.000,9999.000
202604191024,   1.273,9999.000,9999.000,9999.000,9999.000,9999.000,9999.000,9999.000,9999.000
202604191030,   1.261,9999.000,9999.000,9999.000,9999.000,9999.000,9999.000,9999.000,9999.000
202604191036,   1.248,9999.000,9999.000,9999.000,9999.000,9999.000,9999.000,9999.000,9999.000
202604191042,   1.233,9999.000,9999.000,9999.000,9999.000,9999.000,9999.000,9999.000,9999.000
202604191048,   1.216,9999.000,9999.000,9999.000,9999.000,9999.000,9999.000,9999.000,9999.000
202604191054,   1.198,9999.000,9999.000,9999.000,9999.000,9999.000,9999.000,9999.000,9999.000
202604191100,   1.178,9999.000,   3.500,9999.000,   4.678,   3.100,   4.278,   4.100,   5.278
202604191106,   1.157,9999.000,9999.000,9999.000,9999.000,9999.000,9999.000,9999.000,9999.000
202604191112,   1.135,9999.000,9999.000,9999.000,9999.000,9999.000,9999.000,9999.000,9999.000
202604191118,   1.111,9999.000,9999.000,9999.000,9999.000,9999.000,9999.000,9999.000,9999.000
202604191124,   1.086,9999.000,9999.000,9999.000,9999.000,9999.000,9999.000,9999.000,9999.000
202604191130,   1.061,9999.000,9999.000,9999.000,9999.000,9999.000,9999.000,9999.000,9999.000
202604191136,   1.034,9999.000,9999.000,9999.000,9999.000,9999.000,9999.000,9999.000,9999.000
202604191142,   1.007,9999.000,9999.000,9999.000,9999.000,9999.000,9999.000,9999.000,9999.000
202604191148,   0.979,9999.000,9999.000,9999.000,9999.000,9999.000,9999.000,9999.000,9999.000
202604191154,   0.951,9999.000,9999.000,9999.000,9999.000,9999.000,9999.000,9999.000,9999.000
202604191200,   0.922,9999.000,   2.900,9999.000,   3.822,   2.400,   3.322,   3.200,   4.122
202604191206,   0.893,9999.000,9999.000,9999.000,9999.000,9999.000,9999.000,9999.000,9999.000
202604191212,   0.863,9999.000,9999.000,9999.000,9999.000,9999.000,9999.000,9999.000,9999.000
202604191218,   0.834,9999.000,9999.000,9999.000,9999.000,9999.000,9999.000,9999.000,9999.000
202604191224,   0.805,9999.000,9999.000,9999.000,9999.000,9999.000,9999.000,9999.000,9999.000
202604191230,   0.777,9999.000,9999.000,9999.000,9999.000,9999.000,9999.000,9999.000,9999.000
202604191236,   0.749,9999.000,9999.000,9999.000,9999.000,9999.000,9999.000,9999.000,9999.000
202604191242,   0.721,9999.000,9999.000,9999.000,9999.000,9999.000,9999.000,9999.000,9999.000
202604191248,   0.694,9999.000,9999.000,9999.000,9999.000,9999.000,9999.000,9999.000,9999.000
202604191254,   0.669,9999.000,9999.000,9999.000,9999.000,9999.000,9999.000,9999.000,9999.000
202604191300,   0.644,9999.000,   2.800,9999.000,   3.444,   2.300,   2.944,   3.100,   3.744
202604191306,   0.620,9999.000,9999.000,9999.000,9999.000,9999.000,9999.000,9999.000,9999.000
202604191312,   0.598,9999.000,9999.000,9999.000,9999.000,9999.000,9999.000,9999.000,9999.000
202604191318,   0.577,9999.000,9999.000,9999.000,9999.000,9999.000,9999.000,9999.000,9999.000
202604191324,   0.558,9999.000,9999.000,9999.000,9999.000,9999.000,9999.000,9999.000,9999.000
202604191330,   0.541,9999.000,9999.000,9999.000,9999.000,9999.000,9999.000,9999.000,9999.000
202604191336,   0.525,9999.000,9999.000,9999.000,9999.000,9999.000,9999.000,9999.000,9999.000
202604191342,   0.512,9999.000,9999.000,9999.000,9999.000,9999.000,9999.000,9999.000,9999.000
202604191348,   0.501,9999.000,9999.000,9999.000,9999.000,9999.000,9999.000,9999.000,9999.000
202604191354,   0.492,9999.000,9999.000,9999.000,9999.000,9999.000,9999.000,9999.000,9999.000
202604191400,   0.485,9999.000,   2.700,9999.000,   3.185,   2.300,   2.785,   3.000,   3.485
202604191406,   0.481,9999.000,9999.000,9999.000,9999.000,9999.000,9999.000,9999.000,9999.000
202604191412,   0.479,9999.000,9999.000,9999.000,9999.000,9999.000,9999.000,9999.000,9999.000
202604191418,   0.480,9999.000,9999.000,9999.000,9999.000,9999.000,9999.000,9999.000,9999.000
202604191424,   0.484,9999.000,9999.000,9999.000,9999.000,9999.000,9999.000,9999.000,9999.000
202604191430,   0.491,9999.000,9999.000,9999.000,9999.000,9999.000,9999.000,9999.000,9999.000
202604191436,   0.501,9999.000,9999.000,9999.000,9999.000,9999.000,9999.000,9999.000,9999.000
202604191442,   0.514,9999.000,9999.000,9999.000,9999.000,9999.000,9999.000,9999.000,9999.000
202604191448,   0.529,9999.000,9999.000,9999.000,9999.000,9999.000,9999.000,9999.000,9999.000
202604191454,   0.548,9999.000,9999.000,9999.000,9999.000,9999.000,9999.000,9999.000,9999.000
202604191500,   0.570,9999.000,   2.600,9999.000,   3.170,   2.400,   2.970,   2.900,   3.470
202604191506,   0.595,9999.000,9999.000,9999.000,9999.000,9999.000,9999.000,9999.000,9999.000
202604191512,   0.624,9999.000,9999.000,9999.000,9999.000,9999.000,9999.000,9999.000,9999.000
202604191518,   0.655,9999.000,9999.000,9999.000,9999.000,9999.000,9999.000,9999.000,9999.000
202604191524,   0.690,9999.000,9999.000,9999.000,9999.000,9999.000,9999.000,9999.000,9999.000
202604191530,   0.728,9999.000,9999.000,9999.000,9999.000,9999.000,9999.000,9999.000,9999.000
202604191536,   0.769,9999.000,9999.000,9999.000,9999.000,9999.000,9999.000,9999.000,9999.000
202604191542,   0.814,9999.000,9999.000,9999.000,9999.000,9999.000,9999.000,9999.000,9999.000
202604191548,   0.861,9999.000,9999.000,9999.000,9999.000,9999.000,9999.000,9999.000,9999.000
202604191554,   0.912,9999.000,9999.000,9999.000,9999.000,9999.000,9999.000,9999.000,9999.000
202604191600,   0.966,9999.000,   2.600,9999.000,   3.566,   2.400,   3.366,   2.900,   3.866
202604191606,   1.023,9999.000,9999.000,9999.000,9999.000,9999.000,9999.000,9999.000,9999.000
202604191612,   1.083,9999.000,9999.000,9999.000,9999.000,9999.000,9999.000,9999.000,9999.000
202604191618,   1.146,9999.000,9999.000,9999.000,9999.000,9999.000,9999.000,9999.000,9999.000
202604191624,   1.212,9999.000,9999.000,9999.000,9999.000,9999.000,9999.000,9999.000,9999.000
202604191630,   1.280,9999.000,9999.000,9999.000,9999.000,9999.000,9999.000,9999.000,9999.000
202604191636,   1.351,9999.000,9999.000,9999.000,9999.000,9999.000,9999.000,9999.000,9999.000
202604191642,   1.425,9999.000,9999.000,9999.000,9999.000,9999.000,9999.000,9999.000,9999.000
202604191648,   1.502,9999.000,9999.000,9999.000,9999.000,9999.000,9999.000,9999.000,9999.000
202604191654,   1.580,9999.000,9999.000,9999.000,9999.000,9999.000,9999.000,9999.000,9999.000
202604191700,   1.661,9999.000,   2.600,9999.000,   4.261,   2.400,   4.061,   2.900,   4.561
202604191706,   1.744,9999.000,9999.000,9999.000,9999.000,9999.000,9999.000,9999.000,9999.000
202604191712,   1.830,9999.000,9999.000,9999.000,9999.000,9999.000,9999.000,9999.000,9999.000
202604191718,   1.917,9999.000,9999.000,9999.000,9999.000,9999.000,9999.000,9999.000,9999.000
202604191724,   2.006,9999.000,9999.000,9999.000,9999.000,9999.000,9999.000,9999.000,9999.000
202604191730,   2.096,9999.000,9999.000,9999.000,9999.000,9999.000,9999.000,9999.000,9999.000
202604191736,   2.188,9999.000,9999.000,9999.000,9999.000,9999.000,9999.000,9999.000,9999.000
202604191742,   2.281,9999.000,9999.000,9999.000,9999.000,9999.000,9999.000,9999.000,9999.000
202604191748,   2.376,9999.000,9999.000,9999.000,9999.000,9999.000,9999.000,9999.000,9999.000
202604191754,   2.471,9999.000,9999.000,9999.000,9999.000,9999.000,9999.000,9999.000,9999.000
202604191800,   2.568,9999.000,   2.600,9999.000,   5.168,   2.400,   4.968,   2.900,   5.468
202604191806,   2.665,9999.000,9999.000,9999.000,9999.000,9999.000,9999.000,9999.000,9999.000
202604191812,   2.763,9999.000,9999.000,9999.000,9999.000,9999.000,9999.000,9999.000,9999.000
202604191818,   2.861,9999.000,9999.000,9999.000,9999.000,9999.000,9999.000,9999.000,9999.000
202604191824,   2.959,9999.000,9999.000,9999.000,9999.000,9999.000,9999.000,9999.000,9999.000
202604191830,   3.058,9999.000,9999.000,9999.000,9999.000,9999.000,9999.000,9999.000,9999.000
202604191836,   3.156,9999.000,9999.000,9999.000,9999.000,9999.000,9999.000,9999.000,9999.000
202604191842,   3.254,9999.000,9999.000,9999.000,9999.000,9999.000,9999.000,9999.000,9999.000
202604191848,   3.351,9999.000,9999.000,9999.000,9999.000,9999.000,9999.000,9999.000,9999.000
202604191854,   3.448,9999.000,9999.000,9999.000,9999.000,9999.000,9999.000,9999.000,9999.000
202604191900,   3.544,9999.000,   2.600,9999.000,   6.144,   2.400,   5.944,   2.900,   6.444
202604191906,   3.639,9999.000,9999.000,9999.000,9999.000,9999.000,9999.000,9999.000,9999.000
202604191912,   3.733,9999.000,9999.000,9999.000,9999.000,9999.000,9999.000,9999.000,9999.000
202604191918,   3.826,9999.000,9999.000,9999.000,9999.000,9999.000,9999.000,9999.000,9999.000
202604191924,   3.917,9999.000,9999.000,9999.000,9999.000,9999.000,9999.000,9999.000,9999.000
202604191930,   4.006,9999.000,9999.000,9999.000,9999.000,9999.000,9999.000,9999.000,9999.000
202604191936,   4.094,9999.000,9999.000,9999.000,9999.000,9999.000,9999.000,9999.000,9999.000
202604191942,   4.180,9999.000,9999.000,9999.000,9999.000,9999.000,9999.000,9999.000,9999.000
202604191948,   4.263,9999.000,9999.000,9999.000,9999.000,9999.000,9999.000,9999.000,9999.000
202604191954,   4.344,9999.000,9999.000,9999.000,9999.000,9999.000,9999.000,9999.000,9999.000
202604192000,   4.423,9999.000,   2.700,9999.000,   7.123,   2.500,   6.923,   3.000,   7.423
202604192006,   4.499,9999.000,9999.000,9999.000,9999.000,9999.000,9999.000,9999.000,9999.000
202604192012,   4.572,9999.000,9999.000,9999.000,9999.000,9999.000,9999.000,9999.000,9999.000
202604192018,   4.643,9999.000,9999.000,9999.000,9999.000,9999.000,9999.000,9999.000,9999.000
202604192024,   4.710,9999.000,9999.000,9999.000,9999.000,9999.000,9999.000,9999.000,9999.000
202604192030,   4.775,9999.000,9999.000,9999.000,9999.000,9999.000,9999.000,9999.000,9999.000
202604192036,   4.836,9999.000,9999.000,9999.000,9999.000,9999.000,9999.000,9999.000,9999.000
202604192042,   4.893,9999.000,9999.000,9999.000,9999.000,9999.000,9999.000,9999.000,9999.000
202604192048,   4.947,9999.000,9999.000,9999.000,9999.000,9999.000,9999.000,9999.000,9999.000
202604192054,   4.997,9999.000,9999.000,9999.000,9999.000,9999.000,9999.000,9999.000,9999.000
202604192100,   5.044,9999.000,   2.800,9999.000,   7.844,   2.500,   7.544,   3.100,   8.144
202604192106,   5.086,9999.000,9999.000,9999.000,9999.000,9999.000,9999.000,9999.000,9999.000
202604192112,   5.125,9999.000,9999.000,9999.000,9999.000,9999.000,9999.000,9999.000,9999.000
202604192118,   5.160,9999.000,9999.000,9999.000,9999.000,9999.000,9999.000,9999.000,9999.000
202604192124,   5.190,9999.000,9999.000,9999.000,9999.000,9999.000,9999.000,9999.000,9999.000
202604192130,   5.216,9999.000,9999.000,9999.000,9999.000,9999.000,9999.000,9999.000,9999.000
202604192136,   5.238,9999.000,9999.000,9999.000,9999.000,9999.000,9999.000,9999.000,9999.000
202604192142,   5.256,9999.000,9999.000,9999.000,9999.000,9999.000,9999.000,9999.000,9999.000
202604192148,   5.269,9999.000,9999.000,9999.000,9999.000,9999.000,9999.000,9999.000,9999.000
202604192154,   5.277,9999.000,9999.000,9999.000,9999.000,9999.000,9999.000,9999.000,9999.000
202604192200,   5.282,9999.000,   2.900,9999.000,   8.182,   2.600,   7.882,   3.300,   8.582
202604192206,   5.282,9999.000,9999.000,9999.000,9999.000,9999.000,9999.000,9999.000,9999.000
202604192212,   5.277,9999.000,9999.000,9999.000,9999.000,9999.000,9999.000,9999.000,9999.000
202604192218,   5.267,9999.000,9999.000,9999.000,9999.000,9999.000,9999.000,9999.000,9999.000
202604192224,   5.254,9999.000,9999.000,9999.000,9999.000,9999.000,9999.000,9999.000,9999.000
202604192230,   5.235,9999.000,9999.000,9999.000,9999.000,9999.000,9999.000,9999.000,9999.000
202604192236,   5.213,9999.000,9999.000,9999.000,9999.000,9999.000,9999.000,9999.000,9999.000
202604192242,   5.185,9999.000,9999.000,9999.000,9999.000,9999.000,9999.000,9999.000,9999.000
202604192248,   5.154,9999.000,9999.000,9999.000,9999.000,9999.000,9999.000,9999.000,9999.000
202604192254,   5.118,9999.000,9999.000,9999.000,9999.000,9999.000,9999.000,9999.000,9999.000
202604192300,   5.077,9999.000,   2.900,9999.000,   7.977,   2.600,   7.677,   3.500,   8.577
202604192306,   5.033,9999.000,9999.000,9999.000,9999.000,9999.000,9999.000,9999.000,9999.000
202604192312,   4.984,9999.000,9999.000,9999.000,9999.000,9999.000,9999.000,9999.000,9999.000
202604192318,   4.931,9999.000,9999.000,9999.000,9999.000,9999.000,9999.000,9999.000,9999.000
202604192324,   4.874,9999.000,9999.000,9999.000,9999.000,9999.000,9999.000,9999.000,9999.000
202604192330,   4.814,9999.000,9999.000,9999.000,9999.000,9999.000,9999.000,9999.000,9999.000
202604192336,   4.749,9999.000,9999.000,9999.000,9999.000,9999.000,9999.000,9999.000,9999.000
202604192342,   4.681,9999.000,9999.000,9999.000,9999.000,9999.000,9999.000,9999.000,9999.000
202604192348,   4.609,9999.000,9999.000,9999.000,9999.000,9999.000,9999.000,9999.000,9999.000
202604192354,   4.534,9999.000,9999.000,9999.000,9999.000,9999.000,9999.000,9999.000,9999.000
202604200000,   4.456,9999.000,   2.400,9999.000,   6.856,   2.100,   6.556,   2.800,   7.256
202604200006,   4.374,9999.000,9999.000,9999.000,9999.000,9999.000,9999.000,9999.000,9999.000
202604200012,   4.290,9999.000,9999.000,9999.000,9999.000,9999.000,9999.000,9999.000,9999.000
202604200018,   4.202,9999.000,9999.000,9999.000,9999.000,9999.000,9999.000,9999.000,9999.000
202604200024,   4.113,9999.000,9999.000,9999.000,9999.000,9999.000,9999.000,9999.000,9999.000
202604200030,   4.020,9999.000,9999.000,9999.000,9999.000,9999.000,9999.000,9999.000,9999.000
202604200036,   3.926,9999.000,9999.000,9999.000,9999.000,9999.000,9999.000,9999.000,9999.000
202604200042,   3.829,9999.000,9999.000,9999.000,9999.000,9999.000,9999.000,9999.000,9999.000
202604200048,   3.730,9999.000,9999.000,9999.000,9999.000,9999.000,9999.000,9999.000,9999.000
202604200054,   3.630,9999.000,9999.000,9999.000,9999.000,9999.000,9999.000,9999.000,9999.000
202604200100,   3.528,9999.000,   2.400,9999.000,   5.928,   2.100,   5.628,   2.700,   6.228
202604200106,   3.425,9999.000,9999.000,9999.000,9999.000,9999.000,9999.000,9999.000,9999.000
202604200112,   3.320,9999.000,9999.000,9999.000,9999.000,9999.000,9999.000,9999.000,9999.000
202604200118,   3.215,9999.000,9999.000,9999.000,9999.000,9999.000,9999.000,9999.000,9999.000
202604200124,   3.109,9999.000,9999.000,9999.000,9999.000,9999.000,9999.000,9999.000,9999.000
202604200130,   3.002,9999.000,9999.000,9999.000,9999.000,9999.000,9999.000,9999.000,9999.000
202604200136,   2.895,9999.000,9999.000,9999.000,9999.000,9999.000,9999.000,9999.000,9999.000
202604200142,   2.788,9999.000,9999.000,9999.000,9999.000,9999.000,9999.000,9999.000,9999.000
202604200148,   2.681,9999.000,9999.000,9999.000,9999.000,9999.000,9999.000,9999.000,9999.000
202604200154,   2.574,9999.000,9999.000,9999.000,9999.000,9999.000,9999.000,9999.000,9999.000
202604200200,   2.468,9999.000,   2.300,9999.000,   4.768,   2.100,   4.568,   2.700,   5.168
202604200206,   2.362,9999.000,9999.000,9999.000,9999.000,9999.000,9999.000,9999.000,9999.000
202604200212,   2.257,9999.000,9999.000,9999.000,9999.000,9999.000,9999.000,9999.000,9999.000
202604200218,   2.153,9999.000,9999.000,9999.000,9999.000,9999.000,9999.000,9999.000,9999.000
202604200224,   2.050,9999.000,9999.000,9999.000,9999.000,9999.000,9999.000,9999.000,9999.000
202604200230,   1.948,9999.000,9999.000,9999.000,9999.000,9999.000,9999.000,9999.000,9999.000
202604200236,   1.848,9999.000,9999.000,9999.000,9999.000,9999.000,9999.000,9999.000,9999.000
202604200242,   1.750,9999.000,9999.000,9999.000,9999.000,9999.000,9999.000,9999.000,9999.000
202604200248,   1.653,9999.000,9999.000,9999.000,9999.000,9999.000,9999.000,9999.000,9999.000
202604200254,   1.559,9999.000,9999.000,9999.000,9999.000,9999.000,9999.000,9999.000,9999.000
202604200300,   1.466,9999.000,   2.300,9999.000,   3.766,   2.100,   3.566,   2.700,   4.166
202604200306,   1.376,9999.000,9999.000,9999.000,9999.000,9999.000,9999.000,9999.000,9999.000
202604200312,   1.288,9999.000,9999.000,9999.000,9999.000,9999.000,9999.000,9999.000,9999.000
202604200318,   1.202,9999.000,9999.000,9999.000,9999.000,9999.000,9999.000,9999.000,9999.000
202604200324,   1.120,9999.000,9999.000,9999.000,9999.000,9999.000,9999.000,9999.000,9999.000
202604200330,   1.039,9999.000,9999.000,9999.000,9999.000,9999.000,9999.000,9999.000,9999.000
202604200336,   0.962,9999.000,9999.000,9999.000,9999.000,9999.000,9999.000,9999.000,9999.000
202604200342,   0.888,9999.000,9999.000,9999.000,9999.000,9999.000,9999.000,9999.000,9999.000
202604200348,   0.816,9999.000,9999.000,9999.000,9999.000,9999.000,9999.000,9999.000,9999.000
202604200354,   0.747,9999.000,9999.000,9999.000,9999.000,9999.000,9999.000,9999.000,9999.000
202604200400,   0.682,9999.000,   2.300,9999.000,   2.982,   2.100,   2.782,   2.700,   3.382
202604200406,   0.620,9999.000,9999.000,9999.000,9999.000,9999.000,9999.000,9999.000,9999.000
202604200412,   0.561,9999.000,9999.000,9999.000,9999.000,9999.000,9999.000,9999.000,9999.000
202604200418,   0.505,9999.000,9999.000,9999.000,9999.000,9999.000,9999.000,9999.000,9999.000
202604200424,   0.452,9999.000,9999.000,9999.000,9999.000,9999.000,9999.000,9999.000,9999.000
202604200430,   0.403,9999.000,9999.000,9999.000,9999.000,9999.000,9999.000,9999.000,9999.000
202604200436,   0.357,9999.000,9999.000,9999.000,9999.000,9999.000,9999.000,9999.000,9999.000
202604200442,   0.314,9999.000,9999.000,9999.000,9999.000,9999.000,9999.000,9999.000,9999.000
202604200448,   0.275,9999.000,9999.000,9999.000,9999.000,9999.000,9999.000,9999.000,9999.000
202604200454,   0.239,9999.000,9999.000,9999.000,9999.000,9999.000,9999.000,9999.000,9999.000
202604200500,   0.206,9999.000,   2.300,9999.000,   2.506,   2.100,   2.306,   2.700,   2.906
202604200506,   0.177,9999.000,9999.000,9999.000,9999.000,9999.000,9999.000,9999.000,9999.000
202604200512,   0.150,9999.000,9999.000,9999.000,9999.000,9999.000,9999.000,9999.000,9999.000
202604200518,   0.127,9999.000,9999.000,9999.000,9999.000,9999.000,9999.000,9999.000,9999.000
202604200524,   0.107,9999.000,9999.000,9999.000,9999.000,9999.000,9999.000,9999.000,9999.000
202604200530,   0.090,9999.000,9999.000,9999.000,9999.000,9999.000,9999.000,9999.000,9999.000
202604200536,   0.076,9999.000,9999.000,9999.000,9999.000,9999.000,9999.000,9999.000,9999.000
202604200542,   0.065,9999.000,9999.000,9999.000,9999.000,9999.000,9999.000,9999.000,9999.000
202604200548,   0.057,9999.000,9999.000,9999.000,9999.000,9999.000,9999.000,9999.000,9999.000
202604200554,   0.051,9999.000,9999.000,9999.000,9999.000,9999.000,9999.000,9999.000,9999.000
202604200600,   0.049,9999.000,   2.100,9999.000,   2.149,   1.900,   1.949,   2.300,   2.349
202604200606,   0.049,9999.000,9999.000,9999.000,9999.000,9999.000,9999.000,9999.000,9999.000
202604200612,   0.051,9999.000,9999.000,9999.000,9999.000,9999.000,9999.000,9999.000,9999.000
202604200618,   0.056,9999.000,9999.000,9999.000,9999.000,9999.000,9999.000,9999.000,9999.000
202604200624,   0.063,9999.000,9999.000,9999.000,9999.000,9999.000,9999.000,9999.000,9999.000
202604200630,   0.073,9999.000,9999.000,9999.000,9999.000,9999.000,9999.000,9999.000,9999.000
202604200636,   0.085,9999.000,9999.000,9999.000,9999.000,9999.000,9999.000,9999.000,9999.000
202604200642,   0.098,9999.000,9999.000,9999.000,9999.000,9999.000,9999.000,9999.000,9999.000
202604200648,   0.114,9999.000,9999.000,9999.000,9999.000,9999.000,9999.000,9999.000,9999.000
202604200654,   0.132,9999.000,9999.000,9999.000,9999.000,9999.000,9999.000,9999.000,9999.000
202604200700,   0.151,9999.000,   2.100,9999.000,   2.251,   1.900,   2.051,   2.300,   2.451
202604200706,   0.172,9999.000,9999.000,9999.000,9999.000,9999.000,9999.000,9999.000,9999.000
202604200712,   0.194,9999.000,9999.000,9999.000,9999.000,9999.000,9999.000,9999.000,9999.000
202604200718,   0.217,9999.000,9999.000,9999.000,9999.000,9999.000,9999.000,9999.000,9999.000
202604200724,   0.242,9999.000,9999.000,9999.000,9999.000,9999.000,9999.000,9999.000,9999.000
202604200730,   0.268,9999.000,9999.000,9999.000,9999.000,9999.000,9999.000,9999.000,9999.000
202604200736,   0.295,9999.000,9999.000,9999.000,9999.000,9999.000,9999.000,9999.000,9999.000
202604200742,   0.322,9999.000,9999.000,9999.000,9999.000,9999.000,9999.000,9999.000,9999.000
202604200748,   0.351,9999.000,9999.000,9999.000,9999.000,9999.000,9999.000,9999.000,9999.000
202604200754,   0.380,9999.000,9999.000,9999.000,9999.000,9999.000,9999.000,9999.000,9999.000
202604200800,   0.409,9999.000,   2.100,9999.000,   2.509,   1.900,   2.309,   2.300,   2.709
202604200806,   0.439,9999.000,9999.000,9999.000,9999.000,9999.000,9999.000,9999.000,9999.000
202604200812,   0.469,9999.000,9999.000,9999.000,9999.000,9999.000,9999.000,9999.000,9999.000
202604200818,   0.499,9999.000,9999.000,9999.000,9999.000,9999.000,9999.000,9999.000,9999.000
202604200824,   0.529,9999.000,9999.000,9999.000,9999.000,9999.000,9999.000,9999.000,9999.000
202604200830,   0.559,9999.000,9999.000,9999.000,9999.000,9999.000,9999.000,9999.000,9999.000
202604200836,   0.589,9999.000,9999.000,9999.000,9999.000,9999.000,9999.000,9999.000,9999.000
202604200842,   0.618,9999.000,9999.000,9999.000,9999.000,9999.000,9999.000,9999.000,9999.000
202604200848,   0.647,9999.000,9999.000,9999.000,9999.000,9999.000,9999.000,9999.000,9999.000
202604200854,   0.675,9999.000,9999.000,9999.000,9999.000,9999.000,9999.000,9999.000,9999.000
202604200900,   0.702,9999.000,   2.000,9999.000,   2.702,   1.800,   2.502,   2.200,   2.902
202604200906,   0.729,9999.000,9999.000,9999.000,9999.000,9999.000,9999.000,9999.000,9999.000
202604200912,   0.755,9999.000,9999.000,9999.000,9999.000,9999.000,9999.000,9999.000,9999.000
202604200918,   0.780,9999.000,9999.000,9999.000,9999.000,9999.000,9999.000,9999.000,9999.000
202604200924,   0.803,9999.000,9999.000,9999.000,9999.000,9999.000,9999.000,9999.000,9999.000
202604200930,   0.826,9999.000,9999.000,9999.000,9999.000,9999.000,9999.000,9999.000,9999.000
202604200936,   0.847,9999.000,9999.000,9999.000,9999.000,9999.000,9999.000,9999.000,9999.000
202604200942,   0.867,9999.000,9999.000,9999.000,9999.000,9999.000,9999.000,9999.000,9999.000
202604200948,   0.886,9999.000,9999.000,9999.000,9999.000,9999.000,9999.000,9999.000,9999.000
202604200954,   0.903,9999.000,9999.000,9999.000,9999.000,9999.000,9999.000,9999.000,9999.000
202604201000,   0.919,9999.000,   2.000,9999.000,   2.919,   1.800,   2.719,   2.200,   3.119
202604201006,   0.933,9999.000,9999.000,9999.000,9999.000,9999.000,9999.000,9999.000,9999.000
202604201012,   0.945,9999.000,9999.000,9999.000,9999.000,9999.000,9999.000,9999.000,9999.000
202604201018,   0.956,9999.000,9999.000,9999.000,9999.000,9999.000,9999.000,9999.000,9999.000
202604201024,   0.965,9999.000,9999.000,9999.000,9999.000,9999.000,9999.000,9999.000,9999.000
202604201030,   0.972,9999.000,9999.000,9999.000,9999.000,9999.000,9999.000,9999.000,9999.000
202604201036,   0.978,9999.000,9999.000,9999.000,9999.000,9999.000,9999.000,9999.000,9999.000
202604201042,   0.982,9999.000,9999.000,9999.000,9999.000,9999.000,9999.000,9999.000,9999.000
202604201048,   0.984,9999.000,9999.000,9999.000,9999.000,9999.000,9999.000,9999.000,9999.000
202604201054,   0.984,9999.000,9999.000,9999.000,9999.000,9999.000,9999.000,9999.000,9999.000
202604201100,   0.983,9999.000,   1.900,9999.000,   2.883,   1.800,   2.783,   2.100,   3.083
202604201106,   0.980,9999.000,9999.000,9999.000,9999.000,9999.000,9999.000,9999.000,9999.000
202604201112,   0.975,9999.000,9999.000,9999.000,9999.000,9999.000,9999.000,9999.000,9999.000
202604201118,   0.968,9999.000,9999.000,9999.000,9999.000,9999.000,9999.000,9999.000,9999.000
202604201124,   0.960,9999.000,9999.000,9999.000,9999.000,9999.000,9999.000,9999.000,9999.000
202604201130,   0.951,9999.000,9999.000,9999.000,9999.000,9999.000,9999.000,9999.000,9999.000
202604201136,   0.939,9999.000,9999.000,9999.000,9999.000,9999.000,9999.000,9999.000,9999.000
202604201142,   0.927,9999.000,9999.000,9999.000,9999.000,9999.000,9999.000,9999.000,9999.000
202604201148,   0.912,9999.000,9999.000,9999.000,9999.000,9999.000,9999.000,9999.000,9999.000
202604201154,   0.897,9999.000,9999.000,9999.000,9999.000,9999.000,9999.000,9999.000,9999.000
202604201200,   0.880,9999.000,   2.100,9999.000,   2.980,   2.000,   2.880,   2.200,   3.080
202604201206,   0.863,9999.000,9999.000,9999.000,9999.000,9999.000,9999.000,9999.000,9999.000
202604201212,   0.844,9999.000,9999.000,9999.000,9999.000,9999.000,9999.000,9999.000,9999.000
202604201218,   0.824,9999.000,9999.000,9999.000,9999.000,9999.000,9999.000,9999.000,9999.000
202604201224,   0.803,9999.000,9999.000,9999.000,9999.000,9999.000,9999.000,9999.000,9999.000
202604201230,   0.782,9999.000,9999.000,9999.000,9999.000,9999.000,9999.000,9999.000,9999.000
202604201236,   0.760,9999.000,9999.000,9999.000,9999.000,9999.000,9999.000,9999.000,9999.000
202604201242,   0.737,9999.000,9999.000,9999.000,9999.000,9999.000,9999.000,9999.000,9999.000
202604201248,   0.714,9999.000,9999.000,9999.000,9999.000,9999.000,9999.000,9999.000,9999.000
202604201254,   0.691,9999.000,9999.000,9999.000,9999.000,9999.000,9999.000,9999.000,9999.000
202604201300,   0.668,9999.000,   2.000,9999.000,   2.668,   1.900,   2.568,   2.100,   2.768
202604201306,   0.645,9999.000,9999.000,9999.000,9999.000,9999.000,9999.000,9999.000,9999.000
202604201312,   0.622,9999.000,9999.000,9999.000,9999.000,9999.000,9999.000,9999.000,9999.000
202604201318,   0.599,9999.000,9999.000,9999.000,9999.000,9999.000,9999.000,9999.000,9999.000
202604201324,   0.577,9999.000,9999.000,9999.000,9999.000,9999.000,9999.000,9999.000,9999.000
202604201330,   0.556,9999.000,9999.000,9999.000,9999.000,9999.000,9999.000,9999.000,9999.000
202604201336,   0.535,9999.000,9999.000,9999.000,9999.000,9999.000,9999.000,9999.000,9999.000
202604201342,   0.515,9999.000,9999.000,9999.000,9999.000,9999.000,9999.000,9999.000,9999.000
202604201348,   0.496,9999.000,9999.000,9999.000,9999.000,9999.000,9999.000,9999.000,9999.000
202604201354,   0.479,9999.000,9999.000,9999.000,9999.000,9999.000,9999.000,9999.000,9999.000
202604201400,   0.463,9999.000,   1.900,9999.000,   2.363,   1.700,   2.163,   2.000,   2.463
202604201406,   0.448,9999.000,9999.000,9999.000,9999.000,9999.000,9999.000,9999.000,9999.000
202604201412,   0.435,9999.000,9999.000,9999.000,9999.000,9999.000,9999.000,9999.000,9999.000
202604201418,   0.424,9999.000,9999.000,9999.000,9999.000,9999.000,9999.000,9999.000,9999.000
202604201424,   0.414,9999.000,9999.000,9999.000,9999.000,9999.000,9999.000,9999.000,9999.000
202604201430,   0.407,9999.000,9999.000,9999.000,9999.000,9999.000,9999.000,9999.000,9999.000
202604201436,   0.402,9999.000,9999.000,9999.000,9999.000,9999.000,9999.000,9999.000,9999.000
202604201442,   0.399,9999.000,9999.000,9999.000,9999.000,9999.000,9999.000,9999.000,9999.000
202604201448,   0.399,9999.000,9999.000,9999.000,9999.000,9999.000,9999.000,9999.000,9999.000
202604201454,   0.401,9999.000,9999.000,9999.000,9999.000,9999.000,9999.000,9999.000,9999.000
202604201500,   0.406,9999.000,   1.800,9999.000,   2.206,   1.600,   2.006,   1.900,   2.306
202604201506,   0.414,9999.000,9999.000,9999.000,9999.000,9999.000,9999.000,9999.000,9999.000
202604201512,   0.424,9999.000,9999.000,9999.000,9999.000,9999.000,9999.000,9999.000,9999.000
202604201518,   0.437,9999.000,9999.000,9999.000,9999.000,9999.000,9999.000,9999.000,9999.000
202604201524,   0.454,9999.000,9999.000,9999.000,9999.000,9999.000,9999.000,9999.000,9999.000
202604201530,   0.473,9999.000,9999.000,9999.000,9999.000,9999.000,9999.000,9999.000,9999.000
202604201536,   0.495,9999.000,9999.000,9999.000,9999.000,9999.000,9999.000,9999.000,9999.000
202604201542,   0.521,9999.000,9999.000,9999.000,9999.000,9999.000,9999.000,9999.000,9999.000
202604201548,   0.550,9999.000,9999.000,9999.000,9999.000,9999.000,9999.000,9999.000,9999.000
202604201554,   0.582,9999.000,9999.000,9999.000,9999.000,9999.000,9999.000,9999.000,9999.000
202604201600,   0.617,9999.000,   1.700,9999.000,   2.317,   1.500,   2.117,   1.800,   2.417
202604201606,   0.656,9999.000,9999.000,9999.000,9999.000,9999.000,9999.000,9999.000,9999.000
202604201612,   0.698,9999.000,9999.000,9999.000,9999.000,9999.000,9999.000,9999.000,9999.000
202604201618,   0.743,9999.000,9999.000,9999.000,9999.000,9999.000,9999.000,9999.000,9999.000
202604201624,   0.792,9999.000,9999.000,9999.000,9999.000,9999.000,9999.000,9999.000,9999.000
202604201630,   0.844,9999.000,9999.000,9999.000,9999.000,9999.000,9999.000,9999.000,9999.000
202604201636,   0.899,9999.000,9999.000,9999.000,9999.000,9999.000,9999.000,9999.000,9999.000
202604201642,   0.957,9999.000,9999.000,9999.000,9999.000,9999.000,9999.000,9999.000,9999.000
202604201648,   1.018,9999.000,9999.000,9999.000,9999.000,9999.000,9999.000,9999.000,9999.000
202604201654,   1.083,9999.000,9999.000,9999.000,9999.000,9999.000,9999.000,9999.000,9999.000
202604201700,   1.151,9999.000,   1.600,9999.000,   2.751,   1.500,   2.651,   1.800,   2.951
202604201706,   1.221,9999.000,9999.000,9999.000,9999.000,9999.000,9999.000,9999.000,9999.000
202604201712,   1.295,9999.000,9999.000,9999.000,9999.000,9999.000,9999.000,9999.000,9999.000
202604201718,   1.371,9999.000,9999.000,9999.000,9999.000,9999.000,9999.000,9999.000,9999.000
202604201724,   1.450,9999.000,9999.000,9999.000,9999.000,9999.000,9999.000,9999.000,9999.000
202604201730,   1.532,9999.000,9999.000,9999.000,9999.000,9999.000,9999.000,9999.000,9999.000
202604201736,   1.616,9999.000,9999.000,9999.000,9999.000,9999.000,9999.000,9999.000,9999.000
202604201742,   1.703,9999.000,9999.000,9999.000,9999.000,9999.000,9999.000,9999.000,9999.000
202604201748,   1.792,9999.000,9999.000,9999.000,9999.000,9999.000,9999.000,9999.000,9999.000
202604201754,   1.883,9999.000,9999.000,9999.000,9999.000,9999.000,9999.000,9999.000,9999.000
202604201800,   1.976,9999.000,   1.900,9999.000,   3.876,   1.700,   3.676,   2.100,   4.076
202604201806,   2.071,9999.000,9999.000,9999.000,9999.000,9999.000,9999.000,9999.000,9999.000
202604201812,   2.168,9999.000,9999.000,9999.000,9999.000,9999.000,9999.000,9999.000,9999.000
202604201818,   2.267,9999.000,9999.000,9999.000,9999.000,9999.000,9999.000,9999.000,9999.000
202604201824,   2.367,9999.000,9999.000,9999.000,9999.000,9999.000,9999.000,9999.000,9999.000
202604201830,   2.468,9999.000,9999.000,9999.000,9999.000,9999.000,9999.000,9999.000,9999.000
202604201836,   2.570,9999.000,9999.000,9999.000,9999.000,9999.000,9999.000,9999.000,9999.000
202604201842,   2.674,9999.000,9999.000,9999.000,9999.000,9999.000,9999.000,9999.000,9999.000
202604201848,   2.778,9999.000,9999.000,9999.000,9999.000,9999.000,9999.000,9999.000,9999.000
202604201854,   2.883,9999.000,9999.000,9999.000,9999.000,9999.000,9999.000,9999.000,9999.000
202604201900,   2.989,9999.000,   1.800,9999.000,   4.789,   1.600,   4.589,   2.100,   5.089
202604201906,   3.094,9999.000,9999.000,9999.000,9999.000,9999.000,9999.000,9999.000,9999.000
202604201912,   3.200,9999.000,9999.000,9999.000,9999.000,9999.000,9999.000,9999.000,9999.000
202604201918,   3.306,9999.000,9999.000,9999.000,9999.000,9999.000,9999.000,9999.000,9999.000
202604201924,   3.412,9999.000,9999.000,9999.000,9999.000,9999.000,9999.000,9999.000,9999.000
202604201930,   3.517,9999.000,9999.000,9999.000,9999.000,9999.000,9999.000,9999.000,9999.000
202604201936,   3.622,9999.000,9999.000,9999.000,9999.000,9999.000,9999.000,9999.000,9999.000
202604201942,   3.726,9999.000,9999.000,9999.000,9999.000,9999.000,9999.000,9999.000,9999.000
202604201948,   3.829,9999.000,9999.000,9999.000,9999.000,9999.000,9999.000,9999.000,9999.000
202604201954,   3.931,9999.000,9999.000,9999.000,9999.000,9999.000,9999.000,9999.000,9999.000
202604202000,   4.032,9999.000,   1.800,9999.000,   5.832,   1.500,   5.532,   2.100,   6.132
202604202006,   4.131,9999.000,9999.000,9999.000,9999.000,9999.000,9999.000,9999.000,9999.000
202604202012,   4.229,9999.000,9999.000,9999.000,9999.000,9999.000,9999.000,9999.000,9999.000
202604202018,   4.325,9999.000,9999.000,9999.000,9999.000,9999.000,9999.000,9999.000,9999.000
202604202024,   4.419,9999.000,9999.000,9999.000,9999.000,9999.000,9999.000,9999.000,9999.000
202604202030,   4.511,9999.000,9999.000,9999.000,9999.000,9999.000,9999.000,9999.000,9999.000
202604202036,   4.600,9999.000,9999.000,9999.000,9999.000,9999.000,9999.000,9999.000,9999.000
202604202042,   4.687,9999.000,9999.000,9999.000,9999.000,9999.000,9999.000,9999.000,9999.000
202604202048,   4.772,9999.000,9999.000,9999.000,9999.000,9999.000,9999.000,9999.000,9999.000
202604202054,   4.853,9999.000,9999.000,9999.000,9999.000,9999.000,9999.000,9999.000,9999.000
202604202100,   4.932,9999.000,   1.700,9999.000,   6.632,   1.500,   6.432,   2.100,   7.032
202604202106,   5.008,9999.000,9999.000,9999.000,9999.000,9999.000,9999.000,9999.000,9999.000
202604202112,   5.080,9999.000,9999.000,9999.000,9999.000,9999.000,9999.000,9999.000,9999.000
202604202118,   5.149,9999.000,9999.000,9999.000,9999.000,9999.000,9999.000,9999.000,9999.000
202604202124,   5.215,9999.000,9999.000,9999.000,9999.000,9999.000,9999.000,9999.000,9999.000
202604202130,   5.276,9999.000,9999.000,9999.000,9999.000,9999.000,9999.000,9999.000,9999.000
202604202136,   5.335,9999.000,9999.000,9999.000,9999.000,9999.000,9999.000,9999.000,9999.000
202604202142,   5.389,9999.000,9999.000,9999.000,9999.000,9999.000,9999.000,9999.000,9999.000
202604202148,   5.439,9999.000,9999.000,9999.000,9999.000,9999.000,9999.000,9999.000,9999.000
202604202154,   5.485,9999.000,9999.000,9999.000,9999.000,9999.000,9999.000,9999.000,9999.000
202604202200,   5.527,9999.000,   1.700,9999.000,   7.227,   1.400,   6.927,   2.100,   7.627
202604202206,   5.564,9999.000,9999.000,9999.000,9999.000,9999.000,9999.000,9999.000,9999.000
202604202212,   5.597,9999.000,9999.000,9999.000,9999.000,9999.000,9999.000,9999.000,9999.000
202604202218,   5.626,9999.000,9999.000,9999.000,9999.000,9999.000,9999.000,9999.000,9999.000
202604202224,   5.650,9999.000,9999.000,9999.000,9999.000,9999.000,9999.000,9999.000,9999.000
202604202230,   5.670,9999.000,9999.000,9999.000,9999.000,9999.000,9999.000,9999.000,9999.000
202604202236,   5.685,9999.000,9999.000,9999.000,9999.000,9999.000,9999.000,9999.000,9999.000
202604202242,   5.695,9999.000,9999.000,9999.000,9999.000,9999.000,9999.000,9999.000,9999.000
202604202248,   5.700,9999.000,9999.000,9999.000,9999.000,9999.000,9999.000,9999.000,9999.000
202604202254,   5.701,9999.000,9999.000,9999.000,9999.000,9999.000,9999.000,9999.000,9999.000
202604202300,   5.697,9999.000,   1.700,9999.000,   7.397,   1.400,   7.097,   2.000,   7.697
202604202306,   5.688,9999.000,9999.000,9999.000,9999.000,9999.000,9999.000,9999.000,9999.000
202604202312,   5.674,9999.000,9999.000,9999.000,9999.000,9999.000,9999.000,9999.000,9999.000
202604202318,   5.655,9999.000,9999.000,9999.000,9999.000,9999.000,9999.000,9999.000,9999.000
202604202324,   5.632,9999.000,9999.000,9999.000,9999.000,9999.000,9999.000,9999.000,9999.000
202604202330,   5.604,9999.000,9999.000,9999.000,9999.000,9999.000,9999.000,9999.000,9999.000
202604202336,   5.571,9999.000,9999.000,9999.000,9999.000,9999.000,9999.000,9999.000,9999.000
202604202342,   5.533,9999.000,9999.000,9999.000,9999.000,9999.000,9999.000,9999.000,9999.000
202604202348,   5.491,9999.000,9999.000,9999.000,9999.000,9999.000,9999.000,9999.000,9999.000
202604202354,   5.444,9999.000,9999.000,9999.000,9999.000,9999.000,9999.000,9999.000,9999.000
202604210000,   5.393,9999.000,   1.700,9999.000,   7.093,   1.500,   6.893,   2.000,   7.393
202604210006,   5.337,9999.000,9999.000,9999.000,9999.000,9999.000,9999.000,9999.000,9999.000
202604210012,   5.277,9999.000,9999.000,9999.000,9999.000,9999.000,9999.000,9999.000,9999.000
202604210018,   5.212,9999.000,9999.000,9999.000,9999.000,9999.000,9999.000,9999.000,9999.000
202604210024,   5.144,9999.000,9999.000,9999.000,9999.000,9999.000,9999.000,9999.000,9999.000
202604210030,   5.072,9999.000,9999.000,9999.000,9999.000,9999.000,9999.000,9999.000,9999.000
202604210036,   4.995,9999.000,9999.000,9999.000,9999.000,9999.000,9999.000,9999.000,9999.000
202604210042,   4.915,9999.000,9999.000,9999.000,9999.000,9999.000,9999.000,9999.000,9999.000
202604210048,   4.832,9999.000,9999.000,9999.000,9999.000,9999.000,9999.000,9999.000,9999.000
202604210054,   4.745,9999.000,9999.000,9999.000,9999.000,9999.000,9999.000,9999.000,9999.000
202604210100,   4.654,9999.000,   1.700,9999.000,   6.354,   1.500,   6.154,   1.900,   6.554
202604210106,   4.561,9999.000,9999.000,9999.000,9999.000,9999.000,9999.000,9999.000,9999.000
202604210112,   4.464,9999.000,9999.000,9999.000,9999.000,9999.000,9999.000,9999.000,9999.000
202604210118,   4.365,9999.000,9999.000,9999.000,9999.000,9999.000,9999.000,9999.000,9999.000
202604210124,   4.263,9999.000,9999.000,9999.000,9999.000,9999.000,9999.000,9999.000,9999.000
202604210130,   4.159,9999.000,9999.000,9999.000,9999.000,9999.000,9999.000,9999.000,9999.000
202604210136,   4.053,9999.000,9999.000,9999.000,9999.000,9999.000,9999.000,9999.000,9999.000
202604210142,   3.944,9999.000,9999.000,9999.000,9999.000,9999.000,9999.000,9999.000,9999.000
202604210148,   3.834,9999.000,9999.000,9999.000,9999.000,9999.000,9999.000,9999.000,9999.000
202604210154,   3.722,9999.000,9999.000,9999.000,9999.000,9999.000,9999.000,9999.000,9999.000
202604210200,   3.609,9999.000,   1.700,9999.000,   5.309,   1.500,   5.109,   1.900,   5.509
202604210206,   3.495,9999.000,9999.000,9999.000,9999.000,9999.000,9999.000,9999.000,9999.000
202604210212,   3.380,9999.000,9999.000,9999.000,9999.000,9999.000,9999.000,9999.000,9999.000
202604210218,   3.263,9999.000,9999.000,9999.000,9999.000,9999.000,9999.000,9999.000,9999.000
202604210224,   3.147,9999.000,9999.000,9999.000,9999.000,9999.000,9999.000,9999.000,9999.000
202604210230,   3.030,9999.000,9999.000,9999.000,9999.000,9999.000,9999.000,9999.000,9999.000
202604210236,   2.913,9999.000,9999.000,9999.000,9999.000,9999.000,9999.000,9999.000,9999.000
202604210242,   2.796,9999.000,9999.000,9999.000,9999.000,9999.000,9999.000,9999.000,9999.000
202604210248,   2.679,9999.000,9999.000,9999.000,9999.000,9999.000,9999.000,9999.000,9999.000
202604210254,   2.562,9999.000,9999.000,9999.000,9999.000,9999.000,9999.000,9999.000,9999.000
202604210300,   2.447,9999.000,   1.700,9999.000,   4.147,   1.500,   3.947,   1.800,   4.247
202604210306,   2.332,9999.000,9999.000,9999.000,9999.000,9999.000,9999.000,9999.000,9999.000
202604210312,   2.218,9999.000,9999.000,9999.000,9999.000,9999.000,9999.000,9999.000,9999.000
202604210318,   2.106,9999.000,9999.000,9999.000,9999.000,9999.000,9999.000,9999.000,9999.000
202604210324,   1.995,9999.000,9999.000,9999.000,9999.000,9999.000,9999.000,9999.000,9999.000
202604210330,   1.885,9999.000,9999.000,9999.000,9999.000,9999.000,9999.000,9999.000,9999.000
202604210336,   1.777,9999.000,9999.000,9999.000,9999.000,9999.000,9999.000,9999.000,9999.000
202604210342,   1.672,9999.000,9999.000,9999.000,9999.000,9999.000,9999.000,9999.000,9999.000
202604210348,   1.568,9999.000,9999.000,9999.000,9999.000,9999.000,9999.000,9999.000,9999.000
202604210354,   1.467,9999.000,9999.000,9999.000,9999.000,9999.000,9999.000,9999.000,9999.000
202604210400,   1.367,9999.000,   1.600,9999.000,   2.967,   1.500,   2.867,   1.800,   3.167
202604210406,   1.271,9999.000,9999.000,9999.000,9999.000,9999.000,9999.000,9999.000,9999.000
202604210412,   1.177,9999.000,9999.000,9999.000,9999.000,9999.000,9999.000,9999.000,9999.000
202604210418,   1.086,9999.000,9999.000,9999.000,9999.000,9999.000,9999.000,9999.000,9999.000
202604210424,   0.998,9999.000,9999.000,9999.000,9999.000,9999.000,9999.000,9999.000,9999.000
202604210430,   0.912,9999.000,9999.000,9999.000,9999.000,9999.000,9999.000,9999.000,9999.000
202604210436,   0.830,9999.000,9999.000,9999.000,9999.000,9999.000,9999.000,9999.000,9999.000
202604210442,   0.751,9999.000,9999.000,9999.000,9999.000,9999.000,9999.000,9999.000,9999.000
202604210448,   0.675,9999.000,9999.000,9999.000,9999.000,9999.000,9999.000,9999.000,9999.000
202604210454,   0.603,9999.000,9999.000,9999.000,9999.000,9999.000,9999.000,9999.000,9999.000
202604210500,   0.533,9999.000,   1.600,9999.000,   2.133,   1.500,   2.033,   1.800,   2.333
202604210506,   0.467,9999.000,9999.000,9999.000,9999.000,9999.000,9999.000,9999.000,9999.000
202604210512,   0.405,9999.000,9999.000,9999.000,9999.000,9999.000,9999.000,9999.000,9999.000
202604210518,   0.346,9999.000,9999.000,9999.000,9999.000,9999.000,9999.000,9999.000,9999.000
202604210524,   0.290,9999.000,9999.000,9999.000,9999.000,9999.000,9999.000,9999.000,9999.000
202604210530,   0.238,9999.000,9999.000,9999.000,9999.000,9999.000,9999.000,9999.000,9999.000
202604210536,   0.190,9999.000,9999.000,9999.000,9999.000,9999.000,9999.000,9999.000,9999.000
202604210542,   0.145,9999.000,9999.000,9999.000,9999.000,9999.000,9999.000,9999.000,9999.000
202604210548,   0.103,9999.000,9999.000,9999.000,9999.000,9999.000,9999.000,9999.000,9999.000
202604210554,   0.065,9999.000,9999.000,9999.000,9999.000,9999.000,9999.000,9999.000,9999.000
202604210600,   0.030,9999.000,   1.100,9999.000,   1.130,   1.000,   1.030,   1.200,   1.230
202604210606,   0.000,9999.000,9999.000,9999.000,9999.000,9999.000,9999.000,9999.000,9999.000
202604210612,  -0.028,9999.000,9999.000,9999.000,9999.000,9999.000,9999.000,9999.000,9999.000
202604210618,  -0.053,9999.000,9999.000,9999.000,9999.000,9999.000,9999.000,9999.000,9999.000
202604210624,  -0.074,9999.000,9999.000,9999.000,9999.000,9999.000,9999.000,9999.000,9999.000
202604210630,  -0.092,9999.000,9999.000,9999.000,9999.000,9999.000,9999.000,9999.000,9999.000
202604210636,  -0.107,9999.000,9999.000,9999.000,9999.000,9999.000,9999.000,9999.000,9999.000
202604210642,  -0.120,9999.000,9999.000,9999.000,9999.000,9999.000,9999.000,9999.000,9999.000
202604210648,  -0.129,9999.000,9999.000,9999.000,9999.000,9999.000,9999.000,9999.000,9999.000
202604210654,  -0.135,9999.000,9999.000,9999.000,9999.000,9999.000,9999.000,9999.000,9999.000
202604210700,  -0.138,9999.000,   1.000,9999.000,   0.862,   0.900,   0.762,   1.100,   0.962
202604210706,  -0.139,9999.000,9999.000,9999.000,9999.000,9999.000,9999.000,9999.000,9999.000
202604210712,  -0.137,9999.000,9999.000,9999.000,9999.000,9999.000,9999.000,9999.000,9999.000
202604210718,  -0.133,9999.000,9999.000,9999.000,9999.000,9999.000,9999.000,9999.000,9999.000
202604210724,  -0.126,9999.000,9999.000,9999.000,9999.000,9999.000,9999.000,9999.000,9999.000
202604210730,  -0.117,9999.000,9999.000,9999.000,9999.000,9999.000,9999.000,9999.000,9999.000
202604210736,  -0.105,9999.000,9999.000,9999.000,9999.000,9999.000,9999.000,9999.000,9999.000
202604210742,  -0.092,9999.000,9999.000,9999.000,9999.000,9999.000,9999.000,9999.000,9999.000
202604210748,  -0.077,9999.000,9999.000,9999.000,9999.000,9999.000,9999.000,9999.000,9999.000
202604210754,  -0.060,9999.000,9999.000,9999.000,9999.000,9999.000,9999.000,9999.000,9999.000
202604210800,  -0.041,9999.000,   0.900,9999.000,   0.859,   0.800,   0.759,   1.000,   0.959
202604210806,  -0.020,9999.000,9999.000,9999.000,9999.000,9999.000,9999.000,9999.000,9999.000
202604210812,   0.001,9999.000,9999.000,9999.000,9999.000,9999.000,9999.000,9999.000,9999.000
202604210818,   0.024,9999.000,9999.000,9999.000,9999.000,9999.000,9999.000,9999.000,9999.000
202604210824,   0.048,9999.000,9999.000,9999.000,9999.000,9999.000,9999.000,9999.000,9999.000
202604210830,   0.074,9999.000,9999.000,9999.000,9999.000,9999.000,9999.000,9999.000,9999.000
202604210836,   0.101,9999.000,9999.000,9999.000,9999.000,9999.000,9999.000,9999.000,9999.000
202604210842,   0.128,9999.000,9999.000,9999.000,9999.000,9999.000,9999.000,9999.000,9999.000
202604210848,   0.156,9999.000,9999.000,9999.000,9999.000,9999.000,9999.000,9999.000,9999.000
202604210854,   0.185,9999.000,9999.000,9999.000,9999.000,9999.000,9999.000,9999.000,9999.000
202604210900,   0.214,9999.000,   0.800,9999.000,   1.014,   0.700,   0.914,   0.900,   1.114
202604210906,   0.243,9999.000,9999.000,9999.000,9999.000,9999.000,9999.000,9999.000,9999.000
202604210912,   0.273,9999.000,9999.000,9999.000,9999.000,9999.000,9999.000,9999.000,9999.000
202604210918,   0.303,9999.000,9999.000,9999.000,9999.000,9999.000,9999.000,9999.000,9999.000
202604210924,   0.333,9999.000,9999.000,9999.000,9999.000,9999.000,9999.000,9999.000,9999.000
202604210930,   0.362,9999.000,9999.000,9999.000,9999.000,9999.000,9999.000,9999.000,9999.000
202604210936,   0.392,9999.000,9999.000,9999.000,9999.000,9999.000,9999.000,9999.000,9999.000
202604210942,   0.421,9999.000,9999.000,9999.000,9999.000,9999.000,9999.000,9999.000,9999.000
202604210948,   0.449,9999.000,9999.000,9999.000,9999.000,9999.000,9999.000,9999.000,9999.000
202604210954,   0.477,9999.000,9999.000,9999.000,9999.000,9999.000,9999.000,9999.000,9999.000
202604211000,   0.505,9999.000,   0.700,9999.000,   1.205,   0.600,   1.105,   0.800,   1.305
202604211006,   0.531,9999.000,9999.000,9999.000,9999.000,9999.000,9999.000,9999.000,9999.000
202604211012,   0.557,9999.000,9999.000,9999.000,9999.000,9999.000,9999.000,9999.000,9999.000
202604211018,   0.582,9999.000,9999.000,9999.000,9999.000,9999.000,9999.000,9999.000,9999.000
202604211024,   0.605,9999.000,9999.000,9999.000,9999.000,9999.000,9999.000,9999.000,9999.000
202604211030,   0.628,9999.000,9999.000,9999.000,9999.000,9999.000,9999.000,9999.000,9999.000
202604211036,   0.649,9999.000,9999.000,9999.000,9999.000,9999.000,9999.000,9999.000,9999.000
202604211042,   0.669,9999.000,9999.000,9999.000,9999.000,9999.000,9999.000,9999.000,9999.000
202604211048,   0.687,9999.000,9999.000,9999.000,9999.000,9999.000,9999.000,9999.000,9999.000
202604211054,   0.705,9999.000,9999.000,9999.000,9999.000,9999.000,9999.000,9999.000,9999.000
202604211100,   0.720,9999.000,   0.600,9999.000,   1.320,   0.500,   1.220,   0.700,   1.420
202604211106,   0.735,9999.000,9999.000,9999.000,9999.000,9999.000,9999.000,9999.000,9999.000
202604211112,   0.747,9999.000,9999.000,9999.000,9999.000,9999.000,9999.000,9999.000,9999.000
202604211118,   0.758,9999.000,9999.000,9999.000,9999.000,9999.000,9999.000,9999.000,9999.000
202604211124,   0.768,9999.000,9999.000,9999.000,9999.000,9999.000,9999.000,9999.000,9999.000
202604211130,   0.776,9999.000,9999.000,9999.000,9999.000,9999.000,9999.000,9999.000,9999.000
202604211136,   0.782,9999.000,9999.000,9999.000,9999.000,9999.000,9999.000,9999.000,9999.000
202604211142,   0.786,9999.000,9999.000,9999.000,9999.000,9999.000,9999.000,9999.000,9999.000
202604211148,   0.789,9999.000,9999.000,9999.000,9999.000,9999.000,9999.000,9999.000,9999.000
202604211154,   0.790,9999.000,9999.000,9999.000,9999.000,9999.000,9999.000,9999.000,9999.000
202604211200,   0.790,9999.000,   0.300,9999.000,   1.090,   0.200,   0.990,   0.400,   1.190
202604211206,   0.788,9999.000,9999.000,9999.000,9999.000,9999.000,9999.000,9999.000,9999.000
202604211212,   0.784,9999.000,9999.000,9999.000,9999.000,9999.000,9999.000,9999.000,9999.000
202604211218,   0.779,9999.000,9999.000,9999.000,9999.000,9999.000,9999.000,9999.000,9999.000
202604211224,   0.772,9999.000,9999.000,9999.000,9999.000,9999.000,9999.000,9999.000,9999.000
202604211230,   0.764,9999.000,9999.000,9999.000,9999.000,9999.000,9999.000,9999.000,9999.000
202604211236,   0.754,9999.000,9999.000,9999.000,9999.000,9999.000,9999.000,9999.000,9999.000
202604211242,   0.743,9999.000,9999.000,9999.000,9999.000,9999.000,9999.000,9999.000,9999.000
202604211248,   0.731,9999.000,9999.000,9999.000,9999.000,9999.000,9999.000,9999.000,9999.000
202604211254,   0.718,9999.000,9999.000,9999.000,9999.000,9999.000,9999.000,9999.000,9999.000
202604211300,   0.704,9999.000,   0.200,9999.000,   0.904,   0.100,   0.804,   0.200,   0.904
202604211306,   0.688,9999.000,9999.000,9999.000,9999.000,9999.000,9999.000,9999.000,9999.000
202604211312,   0.672,9999.000,9999.000,9999.000,9999.000,9999.000,9999.000,9999.000,9999.000
202604211318,   0.655,9999.000,9999.000,9999.000,9999.000,9999.000,9999.000,9999.000,9999.000
202604211324,   0.637,9999.000,9999.000,9999.000,9999.000,9999.000,9999.000,9999.000,9999.000
202604211330,   0.619,9999.000,9999.000,9999.000,9999.000,9999.000,9999.000,9999.000,9999.000
202604211336,   0.601,9999.000,9999.000,9999.000,9999.000,9999.000,9999.000,9999.000,9999.000
202604211342,   0.582,9999.000,9999.000,9999.000,9999.000,9999.000,9999.000,9999.000,9999.000
202604211348,   0.563,9999.000,9999.000,9999.000,9999.000,9999.000,9999.000,9999.000,9999.000
202604211354,   0.544,9999.000,9999.000,9999.000,9999.000,9999.000,9999.000,9999.000,9999.000
202604211400,   0.525,9999.000,   0.100,9999.000,   0.625,   0.000,   0.525,   0.200,   0.725
202604211406,   0.506,9999.000,9999.000,9999.000,9999.000,9999.000,9999.000,9999.000,9999.000
202604211412,   0.488,9999.000,9999.000,9999.000,9999.000,9999.000,9999.000,9999.000,9999.000
202604211418,   0.470,9999.000,9999.000,9999.000,9999.000,9999.000,9999.000,9999.000,9999.000
202604211424,   0.453,9999.000,9999.000,9999.000,9999.000,9999.000,9999.000,9999.000,9999.000
202604211430,   0.437,9999.000,9999.000,9999.000,9999.000,9999.000,9999.000,9999.000,9999.000
202604211436,   0.422,9999.000,9999.000,9999.000,9999.000,9999.000,9999.000,9999.000,9999.000
202604211442,   0.408,9999.000,9999.000,9999.000,9999.000,9999.000,9999.000,9999.000,9999.000
202604211448,   0.396,9999.000,9999.000,9999.000,9999.000,9999.000,9999.000,9999.000,9999.000
202604211454,   0.385,9999.000,9999.000,9999.000,9999.000,9999.000,9999.000,9999.000,9999.000
202604211500,   0.375,9999.000,   0.000,9999.000,   0.375,   0.000,   0.375,   0.100,   0.475
202604211506,   0.367,9999.000,9999.000,9999.000,9999.000,9999.000,9999.000,9999.000,9999.000
202604211512,   0.361,9999.000,9999.000,9999.000,9999.000,9999.000,9999.000,9999.000,9999.000
202604211518,   0.357,9999.000,9999.000,9999.000,9999.000,9999.000,9999.000,9999.000,9999.000
202604211524,   0.356,9999.000,9999.000,9999.000,9999.000,9999.000,9999.000,9999.000,9999.000
202604211530,   0.356,9999.000,9999.000,9999.000,9999.000,9999.000,9999.000,9999.000,9999.000
202604211536,   0.359,9999.000,9999.000,9999.000,9999.000,9999.000,9999.000,9999.000,9999.000
202604211542,   0.364,9999.000,9999.000,9999.000,9999.000,9999.000,9999.000,9999.000,9999.000
202604211548,   0.372,9999.000,9999.000,9999.000,9999.000,9999.000,9999.000,9999.000,9999.000
202604211554,   0.383,9999.000,9999.000,9999.000,9999.000,9999.000,9999.000,9999.000,9999.000
202604211600,   0.396,9999.000,   0.000,9999.000,   0.396,   0.000,   0.396,   0.000,   0.396
202604211606,   0.413,9999.000,9999.000,9999.000,9999.000,9999.000,9999.000,9999.000,9999.000
202604211612,   0.432,9999.000,9999.000,9999.000,9999.000,9999.000,9999.000,9999.000,9999.000
202604211618,   0.455,9999.000,9999.000,9999.000,9999.000,9999.000,9999.000,9999.000,9999.000
202604211624,   0.480,9999.000,9999.000,9999.000,9999.000,9999.000,9999.000,9999.000,9999.000
202604211630,   0.509,9999.000,9999.000,9999.000,9999.000,9999.000,9999.000,9999.000,9999.000
202604211636,   0.541,9999.000,9999.000,9999.000,9999.000,9999.000,9999.000,9999.000,9999.000
202604211642,   0.576,9999.000,9999.000,9999.000,9999.000,9999.000,9999.000,9999.000,9999.000
202604211648,   0.615,9999.000,9999.000,9999.000,9999.000,9999.000,9999.000,9999.000,9999.000
202604211654,   0.657,9999.000,9999.000,9999.000,9999.000,9999.000,9999.000,9999.000,9999.000
202604211700,   0.702,9999.000,   0.000,9999.000,   0.702,  -0.100,   0.602,   0.000,   0.702
202604211706,   0.750,9999.000,9999.000,9999.000,9999.000,9999.000,9999.000,9999.000,9999.000
202604211712,   0.802,9999.000,9999.000,9999.000,9999.000,9999.000,9999.000,9999.000,9999.000
202604211718,   0.857,9999.000,9999.000,9999.000,9999.000,9999.000,9999.000,9999.000,9999.000
202604211724,   0.916,9999.000,9999.000,9999.000,9999.000,9999.000,9999.000,9999.000,9999.000
202604211730,   0.977,9999.000,9999.000,9999.000,9999.000,9999.000,9999.000,9999.000,9999.000
202604211736,   1.042,9999.000,9999.000,9999.000,9999.000,9999.000,9999.000,9999.000,9999.000
202604211742,   1.110,9999.000,9999.000,9999.000,9999.000,9999.000,9999.000,9999.000,9999.000
202604211748,   1.181,9999.000,9999.000,9999.000,9999.000,9999.000,9999.000,9999.000,9999.000
202604211754,   1.256,9999.000,9999.000,9999.000,9999.000,9999.000,9999.000,9999.000,9999.000
202604211800,   1.333,9999.000,   0.000,9999.000,   1.333,  -0.100,   1.233,   0.000,   1.333
202604211806,   1.413,9999.000,9999.000,9999.000,9999.000,9999.000,9999.000,9999.000,9999.000
202604211812,   1.496,9999.000,9999.000,9999.000,9999.000,9999.000,9999.000,9999.000,9999.000
202604211818,   1.581,9999.000,9999.000,9999.000,9999.000,9999.000,9999.000,9999.000,9999.000
202604211824,   1.669,9999.000,9999.000,9999.000,9999.000,9999.000,9999.000,9999.000,9999.000
202604211830,   1.760,9999.000,9999.000,9999.000,9999.000,9999.000,9999.000,9999.000,9999.000
202604211836,   1.853,9999.000,9999.000,9999.000,9999.000,9999.000,9999.000,9999.000,9999.000
202604211842,   1.948,9999.000,9999.000,9999.000,9999.000,9999.000,9999.000,9999.000,9999.000
202604211848,   2.045,9999.000,9999.000,9999.000,9999.000,9999.000,9999.000,9999.000,9999.000
202604211854,   2.144,9999.000,9999.000,9999.000,9999.000,9999.000,9999.000,9999.000,9999.000
202604211900,   2.245,9999.000,  -0.100,9999.000,   2.145,  -0.100,   2.145,  -0.100,   2.145
202604211906,   2.347,9999.000,9999.000,9999.000,9999.000,9999.000,9999.000,9999.000,9999.000
202604211912,   2.451,9999.000,9999.000,9999.000,9999.000,9999.000,9999.000,9999.000,9999.000
202604211918,   2.557,9999.000,9999.000,9999.000,9999.000,9999.000,9999.000,9999.000,9999.000
202604211924,   2.663,9999.000,9999.000,9999.000,9999.000,9999.000,9999.000,9999.000,9999.000
202604211930,   2.771,9999.000,9999.000,9999.000,9999.000,9999.000,9999.000,9999.000,9999.000
202604211936,   2.879,9999.000,9999.000,9999.000,9999.000,9999.000,9999.000,9999.000,9999.000
202604211942,   2.988,9999.000,9999.000,9999.000,9999.000,9999.000,9999.000,9999.000,9999.000
202604211948,   3.098,9999.000,9999.000,9999.000,9999.000,9999.000,9999.000,9999.000,9999.000
202604211954,   3.208,9999.000,9999.000,9999.000,9999.000,9999.000,9999.000,9999.000,9999.000
202604212000,   3.318,9999.000,  -0.200,9999.000,   3.118,  -0.200,   3.118,  -0.100,   3.218
202604212006,   3.428,9999.000,9999.000,9999.000,9999.000,9999.000,9999.000,9999.000,9999.000
202604212012,   3.537,9999.000,9999.000,9999.000,9999.000,9999.000,9999.000,9999.000,9999.000
202604212018,   3.647,9999.000,9999.000,9999.000,9999.000,9999.000,9999.000,9999.000,9999.000
202604212024,   3.756,9999.000,9999.000,9999.000,9999.000,9999.000,9999.000,9999.000,9999.000
202604212030,   3.864,9999.000,9999.000,9999.000,9999.000,9999.000,9999.000,9999.000,9999.000
202604212036,   3.971,9999.000,9999.000,9999.000,9999.000,9999.000,9999.000,9999.000,9999.000
202604212042,   4.077,9999.000,9999.000,9999.000,9999.000,9999.000,9999.000,9999.000,9999.000
202604212048,   4.181,9999.000,9999.000,9999.000,9999.000,9999.000,9999.000,9999.000,9999.000
202604212054,   4.284,9999.000,9999.000,9999.000,9999.000,9999.000,9999.000,9999.000,9999.000
202604212100,   4.386,9999.000,  -0.200,9999.000,   4.186,  -0.300,   4.086,  -0.200,   4.186
202604212106,   4.486,9999.000,9999.000,9999.000,9999.000,9999.000,9999.000,9999.000,9999.000
202604212112,   4.583,9999.000,9999.000,9999.000,9999.000,9999.000,9999.000,9999.000,9999.000
202604212118,   4.679,9999.000,9999.000,9999.000,9999.000,9999.000,9999.000,9999.000,9999.000
202604212124,   4.772,9999.000,9999.000,9999.000,9999.000,9999.000,9999.000,9999.000,9999.000
202604212130,   4.862,9999.000,9999.000,9999.000,9999.000,9999.000,9999.000,9999.000,9999.000
202604212136,   4.950,9999.000,9999.000,9999.000,9999.000,9999.000,9999.000,9999.000,9999.000
202604212142,   5.035,9999.000,9999.000,9999.000,9999.000,9999.000,9999.000,9999.000,9999.000
202604212148,   5.117,9999.000,9999.000,9999.000,9999.000,9999.000,9999.000,9999.000,9999.000
202604212154,   5.196,9999.000,9999.000,9999.000,9999.000,9999.000,9999.000,9999.000,9999.000
202604212200,   5.272,9999.000,  -0.300,9999.000,   4.972,  -0.300,   4.972,  -0.200,   5.072
202604212206,   5.344,9999.000,9999.000,9999.000,9999.000,9999.000,9999.000,9999.000,9999.000
202604212212,   5.412,9999.000,9999.000,9999.000,9999.000,9999.000,9999.000,9999.000,9999.000
202604212218,   5.477,9999.000,9999.000,9999.000,9999.000,9999.000,9999.000,9999.000,9999.000
202604212224,   5.538,9999.000,9999.000,9999.000,9999.000,9999.000,9999.000,9999.000,9999.000
202604212230,   5.595,9999.000,9999.000,9999.000,9999.000,9999.000,9999.000,9999.000,9999.000
202604212236,   5.648,9999.000,9999.000,9999.000,9999.000,9999.000,9999.000,9999.000,9999.000
202604212242,   5.696,9999.000,9999.000,9999.000,9999.000,9999.000,9999.000,9999.000,9999.000
202604212248,   5.741,9999.000,9999.000,9999.000,9999.000,9999.000,9999.000,9999.000,9999.000
202604212254,   5.780,9999.000,9999.000,9999.000,9999.000,9999.000,9999.000,9999.000,9999.000
202604212300,   5.816,9999.000,  -0.300,9999.000,   5.516,  -0.400,   5.416,  -0.300,   5.516
202604212306,   5.847,9999.000,9999.000,9999.000,9999.000,9999.000,9999.000,9999.000,9999.000
202604212312,   5.873,9999.000,9999.000,9999.000,9999.000,9999.000,9999.000,9999.000,9999.000
202604212318,   5.894,9999.000,9999.000,9999.000,9999.000,9999.000,9999.000,9999.000,9999.000
202604212324,   5.911,9999.000,9999.000,9999.000,9999.000,9999.000,9999.000,9999.000,9999.000
202604212330,   5.922,9999.000,9999.000,9999.000,9999.000,9999.000,9999.000,9999.000,9999.000
202604212336,   5.929,9999.000,9999.000,9999.000,9999.000,9999.000,9999.000,9999.000,9999.000
202604212342,   5.931,9999.000,9999.000,9999.000,9999.000,9999.000,9999.000,9999.000,9999.000
202604212348,   5.928,9999.000,9999.000,9999.000,9999.000,9999.000,9999.000,9999.000,9999.000
202604212354,   5.920,9999.000,9999.000,9999.000,9999.000,9999.000,9999.000,9999.000,9999.000
202604220000,   5.907,9999.000,  -0.200,9999.000,   5.707,  -0.200,   5.707,  -0.100,   5.807
202604220006,   5.889,9999.000,9999.000,9999.000,9999.000,9999.000,9999.000,9999.000,9999.000
202604220012,   5.866,9999.000,9999.000,9999.000,9999.000,9999.000,9999.000,9999.000,9999.000
202604220018,   5.838,9999.000,9999.000,9999.000,9999.000,9999.000,9999.000,9999.000,9999.000
202604220024,   5.805,9999.000,9999.000,9999.000,9999.000,9999.000,9999.000,9999.000,9999.000
202604220030,   5.768,9999.000,9999.000,9999.000,9999.000,9999.000,9999.000,9999.000,9999.000
202604220036,   5.725,9999.000,9999.000,9999.000,9999.000,9999.000,9999.000,9999.000,9999.000
202604220042,   5.678,9999.000,9999.000,9999.000,9999.000,9999.000,9999.000,9999.000,9999.000
202604220048,   5.626,9999.000,9999.000,9999.000,9999.000,9999.000,9999.000,9999.000,9999.000
202604220054,   5.569,9999.000,9999.000,9999.000,9999.000,9999.000,9999.000,9999.000,9999.000
202604220100,   5.508,9999.000,  -0.200,9999.000,   5.308,  -0.300,   5.208,  -0.100,   5.408
202604220106,   5.442,9999.000,9999.000,9999.000,9999.000,9999.000,9999.000,9999.000,9999.000
202604220112,   5.372,9999.000,9999.000,9999.000,9999.000,9999.000,9999.000,9999.000,9999.000
202604220118,   5.298,9999.000,9999.000,9999.000,9999.000,9999.000,9999.000,9999.000,9999.000
202604220124,   5.220,9999.000,9999.000,9999.000,9999.000,9999.000,9999.000,9999.000,9999.000
202604220130,   5.138,9999.000,9999.000,9999.000,9999.000,9999.000,9999.000,9999.000,9999.000
202604220136,   5.051,9999.000,9999.000,9999.000,9999.000,9999.000,9999.000,9999.000,9999.000
202604220142,   4.962,9999.000,9999.000,9999.000,9999.000,9999.000,9999.000,9999.000,9999.000
202604220148,   4.869,9999.000,9999.000,9999.000,9999.000,9999.000,9999.000,9999.000,9999.000
202604220154,   4.772,9999.000,9999.000,9999.000,9999.000,9999.000,9999.000,9999.000,9999.000
202604220200,   4.672,9999.000,  -0.300,9999.000,   4.372,  -0.300,   4.372,  -0.200,   4.472
202604220206,   4.569,9999.000,9999.000,9999.000,9999.000,9999.000,9999.000,9999.000,9999.000
202604220212,   4.464,9999.000,9999.000,9999.000,9999.000,9999.000,9999.000,9999.000,9999.000
202604220218,   4.356,9999.000,9999.000,9999.000,9999.000,9999.000,9999.000,9999.000,9999.000
202604220224,   4.245,9999.000,9999.000,9999.000,9999.000,9999.000,9999.000,9999.000,9999.000
202604220230,   4.132,9999.000,9999.000,9999.000,9999.000,9999.000,9999.000,9999.000,9999.000
202604220236,   4.018,9999.000,9999.000,9999.000,9999.000,9999.000,9999.000,9999.000,9999.000
202604220242,   3.901,9999.000,9999.000,9999.000,9999.000,9999.000,9999.000,9999.000,9999.000
202604220248,   3.783,9999.000,9999.000,9999.000,9999.000,9999.000,9999.000,9999.000,9999.000
202604220254,   3.663,9999.000,9999.000,9999.000,9999.000,9999.000,9999.000,9999.000,9999.000
202604220300,   3.543,9999.000,  -0.300,9999.000,   3.243,  -0.300,   3.243,  -0.200,   3.343
202604220306,   3.421,9999.000,9999.000,9999.000,9999.000,9999.000,9999.000,9999.000,9999.000
202604220312,   3.298,9999.000,9999.000,9999.000,9999.000,9999.000,9999.000,9999.000,9999.000
202604220318,   3.176,9999.000,9999.000,9999.000,9999.000,9999.000,9999.000,9999.000,9999.000
202604220324,   3.052,9999.000,9999.000,9999.000,9999.000,9999.000,9999.000,9999.000,9999.000
202604220330,   2.929,9999.000,9999.000,9999.000,9999.000,9999.000,9999.000,9999.000,9999.000
202604220336,   2.806,9999.000,9999.000,9999.000,9999.000,9999.000,9999.000,9999.000,9999.000
202604220342,   2.683,9999.000,9999.000,9999.000,9999.000,9999.000,9999.000,9999.000,9999.000
202604220348,   2.561,9999.000,9999.000,9999.000,9999.000,9999.000,9999.000,9999.000,9999.000
202604220354,   2.439,9999.000,9999.000,9999.000,9999.000,9999.000,9999.000,9999.000,9999.000
202604220400,   2.319,9999.000,  -0.300,9999.000,   2.019,  -0.300,   2.019,  -0.200,   2.119
202604220406,   2.200,9999.000,9999.000,9999.000,9999.000,9999.000,9999.000,9999.000,9999.000
202604220412,   2.082,9999.000,9999.000,9999.000,9999.000,9999.000,9999.000,9999.000,9999.000
202604220418,   1.965,9999.000,9999.000,9999.000,9999.000,9999.000,9999.000,9999.000,9999.000
202604220424,   1.851,9999.000,9999.000,9999.000,9999.000,9999.000,9999.000,9999.000,9999.000
202604220430,   1.738,9999.000,9999.000,9999.000,9999.000,9999.000,9999.000,9999.000,9999.000
202604220436,   1.627,9999.000,9999.000,9999.000,9999.000,9999.000,9999.000,9999.000,9999.000
202604220442,   1.519,9999.000,9999.000,9999.000,9999.000,9999.000,9999.000,9999.000,9999.000
202604220448,   1.412,9999.000,9999.000,9999.000,9999.000,9999.000,9999.000,9999.000,9999.000
202604220454,   1.309,9999.000,9999.000,9999.000,9999.000,9999.000,9999.000,9999.000,9999.000
202604220500,   1.208,9999.000,  -0.200,9999.000,   1.008,  -0.300,   0.908,  -0.200,   1.008
202604220506,   1.110,9999.000,9999.000,9999.000,9999.000,9999.000,9999.000,9999.000,9999.000
202604220512,   1.015,9999.000,9999.000,9999.000,9999.000,9999.000,9999.000,9999.000,9999.000
202604220518,   0.922,9999.000,9999.000,9999.000,9999.000,9999.000,9999.000,9999.000,9999.000
202604220524,   0.833,9999.000,9999.000,9999.000,9999.000,9999.000,9999.000,9999.000,9999.000
202604220530,   0.748,9999.000,9999.000,9999.000,9999.000,9999.000,9999.000,9999.000,9999.000
202604220536,   0.665,9999.000,9999.000,9999.000,9999.000,9999.000,9999.000,9999.000,9999.000
202604220542,   0.586,9999.000,9999.000,9999.000,9999.000,9999.000,9999.000,9999.000,9999.000
202604220548,   0.510,9999.000,9999.000,9999.000,9999.000,9999.000,9999.000,9999.000,9999.000
202604220554,   0.438,9999.000,9999.000,9999.000,9999.000,9999.000,9999.000,9999.000,9999.000
202604220600,   0.369,9999.000,   0.000,9999.000,   0.369,   0.000,   0.369,   0.000,   0.369
202604220606,   0.304,9999.000,9999.000,9999.000,9999.000,9999.000,9999.000,9999.000,9999.000
202604220612,   0.243,9999.000,9999.000,9999.000,9999.000,9999.000,9999.000,9999.000,9999.000
202604220618,   0.185,9999.000,9999.000,9999.000,9999.000,9999.000,9999.000,9999.000,9999.000
202604220624,   0.131,9999.000,9999.000,9999.000,9999.000,9999.000,9999.000,9999.000,9999.000
202604220630,   0.080,9999.000,9999.000,9999.000,9999.000,9999.000,9999.000,9999.000,9999.000
202604220636,   0.033,9999.000,9999.000,9999.000,9999.000,9999.000,9999.000,9999.000,9999.000
202604220642,  -0.009,9999.000,9999.000,9999.000,9999.000,9999.000,9999.000,9999.000,9999.000
202604220648,  -0.049,9999.000,9999.000,9999.000,9999.000,9999.000,9999.000,9999.000,9999.000
202604220654,  -0.085,9999.000,9999.000,9999.000,9999.000,9999.000,9999.000,9999.000,9999.000
202604220700,  -0.118,9999.000,   0.100,9999.000,  -0.018,   0.000,  -0.118,   0.100,  -0.018
202604220706,  -0.147,9999.000,9999.000,9999.000,9999.000,9999.000,9999.000,9999.000,9999.000
202604220712,  -0.173,9999.000,9999.000,9999.000,9999.000,9999.000,9999.000,9999.000,9999.000
202604220718,  -0.195,9999.000,9999.000,9999.000,9999.000,9999.000,9999.000,9999.000,9999.000
202604220724,  -0.214,9999.000,9999.000,9999.000,9999.000,9999.000,9999.000,9999.000,9999.000
202604220730,  -0.230,9999.000,9999.000,9999.000,9999.000,9999.000,9999.000,9999.000,9999.000
202604220736,  -0.242,9999.000,9999.000,9999.000,9999.000,9999.000,9999.000,9999.000,9999.000
202604220742,  -0.252,9999.000,9999.000,9999.000,9999.000,9999.000,9999.000,9999.000,9999.000
202604220748,  -0.258,9999.000,9999.000,9999.000,9999.000,9999.000,9999.000,9999.000,9999.000
202604220754,  -0.262,9999.000,9999.000,9999.000,9999.000,9999.000,9999.000,9999.000,9999.000
202604220800,  -0.263,9999.000,   0.200,9999.000,  -0.063,   0.100,  -0.163,   0.300,   0.037
202604220806,  -0.261,9999.000,9999.000,9999.000,9999.000,9999.000,9999.000,9999.000,9999.000
202604220812,  -0.257,9999.000,9999.000,9999.000,9999.000,9999.000,9999.000,9999.000,9999.000
202604220818,  -0.250,9999.000,9999.000,9999.000,9999.000,9999.000,9999.000,9999.000,9999.000
202604220824,  -0.241,9999.000,9999.000,9999.000,9999.000,9999.000,9999.000,9999.000,9999.000
202604220830,  -0.229,9999.000,9999.000,9999.000,9999.000,9999.000,9999.000,9999.000,9999.000
202604220836,  -0.215,9999.000,9999.000,9999.000,9999.000,9999.000,9999.000,9999.000,9999.000
202604220842,  -0.200,9999.000,9999.000,9999.000,9999.000,9999.000,9999.000,9999.000,9999.000
202604220848,  -0.182,9999.000,9999.000,9999.000,9999.000,9999.000,9999.000,9999.000,9999.000
202604220854,  -0.163,9999.000,9999.000,9999.000,9999.000,9999.000,9999.000,9999.000,9999.000
202604220900,  -0.141,9999.000,   0.400,9999.000,   0.259,   0.200,   0.059,   0.500,   0.359
202604220906,  -0.119,9999.000,9999.000,9999.000,9999.000,9999.000,9999.000,9999.000,9999.000
202604220912,  -0.095,9999.000,9999.000,9999.000,9999.000,9999.000,9999.000,9999.000,9999.000
202604220918,  -0.070,9999.000,9999.000,9999.000,9999.000,9999.000,9999.000,9999.000,9999.000
202604220924,  -0.043,9999.000,9999.000,9999.000,9999.000,9999.000,9999.000,9999.000,9999.000
202604220930,  -0.016,9999.000,9999.000,9999.000,9999.000,9999.000,9999.000,9999.000,9999.000
202604220936,   0.012,9999.000,9999.000,9999.000,9999.000,9999.000,9999.000,9999.000,9999.000
202604220942,   0.041,9999.000,9999.000,9999.000,9999.000,9999.000,9999.000,9999.000,9999.000
202604220948,   0.071,9999.000,9999.000,9999.000,9999.000,9999.000,9999.000,9999.000,9999.000
202604220954,   0.101,9999.000,9999.000,9999.000,9999.000,9999.000,9999.000,9999.000,9999.000
202604221000,   0.132,9999.000,   0.700,9999.000,   0.832,   0.500,   0.632,   0.900,   1.032
202604221006,   0.163,9999.000,9999.000,9999.000,9999.000,9999.000,9999.000,9999.000,9999.000
202604221012,   0.194,9999.000,9999.000,9999.000,9999.000,9999.000,9999.000,9999.000,9999.000
202604221018,   0.225,9999.000,9999.000,9999.000,9999.000,9999.000,9999.000,9999.000,9999.000
202604221024,   0.256,9999.000,9999.000,9999.000,9999.000,9999.000,9999.000,9999.000,9999.000
202604221030,   0.287,9999.000,9999.000,9999.000,9999.000,9999.000,9999.000,9999.000,9999.000
202604221036,   0.317,9999.000,9999.000,9999.000,9999.000,9999.000,9999.000,9999.000,9999.000
202604221042,   0.347,9999.000,9999.000,9999.000,9999.000,9999.000,9999.000,9999.000,9999.000
202604221048,   0.377,9999.000,9999.000,9999.000,9999.000,9999.000,9999.000,9999.000,9999.000
202604221054,   0.406,9999.000,9999.000,9999.000,9999.000,9999.000,9999.000,9999.000,9999.000
202604221100,   0.434,9999.000,   1.100,9999.000,   1.534,   0.800,   1.234,   1.400,   1.834
202604221106,   0.461,9999.000,9999.000,9999.000,9999.000,9999.000,9999.000,9999.000,9999.000
202604221112,   0.488,9999.000,9999.000,9999.000,9999.000,9999.000,9999.000,9999.000,9999.000
202604221118,   0.513,9999.000,9999.000,9999.000,9999.000,9999.000,9999.000,9999.000,9999.000
202604221124,   0.537,9999.000,9999.000,9999.000,9999.000,9999.000,9999.000,9999.000,9999.000
202604221130,   0.560,9999.000,9999.000,9999.000,9999.000,9999.000,9999.000,9999.000,9999.000
202604221136,   0.582,9999.000,9999.000,9999.000,9999.000,9999.000,9999.000,9999.000,9999.000
202604221142,   0.603,9999.000,9999.000,9999.000,9999.000,9999.000,9999.000,9999.000,9999.000
202604221148,   0.622,9999.000,9999.000,9999.000,9999.000,9999.000,9999.000,9999.000,9999.000
202604221154,   0.639,9999.000,9999.000,9999.000,9999.000,9999.000,9999.000,9999.000,9999.000
202604221200,   0.656,9999.000,   2.000,9999.000,   2.656,   1.700,   2.356,   2.300,   2.956
202604221206,   0.670,9999.000,9999.000,9999.000,9999.000,9999.000,9999.000,9999.000,9999.000
202604221212,   0.683,9999.000,9999.000,9999.000,9999.000,9999.000,9999.000,9999.000,9999.000
202604221218,   0.695,9999.000,9999.000,9999.000,9999.000,9999.000,9999.000,9999.000,9999.000
202604221224,   0.705,9999.000,9999.000,9999.000,9999.000,9999.000,9999.000,9999.000,9999.000
202604221230,   0.713,9999.000,9999.000,9999.000,9999.000,9999.000,9999.000,9999.000,9999.000
202604221236,   0.720,9999.000,9999.000,9999.000,9999.000,9999.000,9999.000,9999.000,9999.000
202604221242,   0.725,9999.000,9999.000,9999.000,9999.000,9999.000,9999.000,9999.000,9999.000
202604221248,   0.728,9999.000,9999.000,9999.000,9999.000,9999.000,9999.000,9999.000,9999.000
202604221254,   0.730,9999.000,9999.000,9999.000,9999.000,9999.000,9999.000,9999.000,9999.000
202604221300,   0.730,9999.000,   2.400,9999.000,   3.130,   2.100,   2.830,   2.700,   3.430
202604221306,   0.729,9999.000,9999.000,9999.000,9999.000,9999.000,9999.000,9999.000,9999.000
202604221312,   0.726,9999.000,9999.000,9999.000,9999.000,9999.000,9999.000,9999.000,9999.000
202604221318,   0.721,9999.000,9999.000,9999.000,9999.000,9999.000,9999.000,9999.000,9999.000
202604221324,   0.715,9999.000,9999.000,9999.000,9999.000,9999.000,9999.000,9999.000,9999.000
202604221330,   0.708,9999.000,9999.000,9999.000,9999.000,9999.000,9999.000,9999.000,9999.000
202604221336,   0.699,9999.000,9999.000,9999.000,9999.000,9999.000,9999.000,9999.000,9999.000
202604221342,   0.690,9999.000,9999.000,9999.000,9999.000,9999.000,9999.000,9999.000,9999.000
202604221348,   0.679,9999.000,9999.000,9999.000,9999.000,9999.000,9999.000,9999.000,9999.000
202604221354,   0.667,9999.000,9999.000,9999.000,9999.000,9999.000,9999.000,9999.000,9999.000
202604221400,   0.653,9999.000,   2.800,9999.000,   3.453,   2.500,   3.153,   3.100,   3.753
202604221406,   0.640,9999.000,9999.000,9999.000,9999.000,9999.000,9999.000,9999.000,9999.000
202604221412,   0.625,9999.000,9999.000,9999.000,9999.000,9999.000,9999.000,9999.000,9999.000
202604221418,   0.610,9999.000,9999.000,9999.000,9999.000,9999.000,9999.000,9999.000,9999.000
202604221424,   0.594,9999.000,9999.000,9999.000,9999.000,9999.000,9999.000,9999.000,9999.000
202604221430,   0.577,9999.000,9999.000,9999.000,9999.000,9999.000,9999.000,9999.000,9999.000
202604221436,   0.561,9999.000,9999.000,9999.000,9999.000,9999.000,9999.000,9999.000,9999.000
202604221442,   0.544,9999.000,9999.000,9999.000,9999.000,9999.000,9999.000,9999.000,9999.000
202604221448,   0.527,9999.000,9999.000,9999.000,9999.000,9999.000,9999.000,9999.000,9999.000
202604221454,   0.511,9999.000,9999.000,9999.000,9999.000,9999.000,9999.000,9999.000,9999.000
202604221500,   0.495,9999.000,   3.100,9999.000,   3.595,   2.800,   3.295,   3.400,   3.895
202604221506,   0.479,9999.000,9999.000,9999.000,9999.000,9999.000,9999.000,9999.000,9999.000
202604221512,   0.463,9999.000,9999.000,9999.000,9999.000,9999.000,9999.000,9999.000,9999.000
202604221518,   0.449,9999.000,9999.000,9999.000,9999.000,9999.000,9999.000,9999.000,9999.000
202604221524,   0.435,9999.000,9999.000,9999.000,9999.000,9999.000,9999.000,9999.000,9999.000
202604221530,   0.422,9999.000,9999.000,9999.000,9999.000,9999.000,9999.000,9999.000,9999.000
202604221536,   0.411,9999.000,9999.000,9999.000,9999.000,9999.000,9999.000,9999.000,9999.000
202604221542,   0.400,9999.000,9999.000,9999.000,9999.000,9999.000,9999.000,9999.000,9999.000
202604221548,   0.392,9999.000,9999.000,9999.000,9999.000,9999.000,9999.000,9999.000,9999.000
202604221554,   0.384,9999.000,9999.000,9999.000,9999.000,9999.000,9999.000,9999.000,9999.000
202604221600,   0.379,9999.000,   3.300,9999.000,   3.679,   3.000,   3.379,   3.600,   3.979
202604221606,   0.375,9999.000,9999.000,9999.000,9999.000,9999.000,9999.000,9999.000,9999.000
202604221612,   0.374,9999.000,9999.000,9999.000,9999.000,9999.000,9999.000,9999.000,9999.000
202604221618,   0.374,9999.000,9999.000,9999.000,9999.000,9999.000,9999.000,9999.000,9999.000
202604221624,   0.377,9999.000,9999.000,9999.000,9999.000,9999.000,9999.000,9999.000,9999.000
202604221630,   0.382,9999.000,9999.000,9999.000,9999.000,9999.000,9999.000,9999.000,9999.000
202604221636,   0.390,9999.000,9999.000,9999.000,9999.000,9999.000,9999.000,9999.000,9999.000
202604221642,   0.400,9999.000,9999.000,9999.000,9999.000,9999.000,9999.000,9999.000,9999.000
202604221648,   0.414,9999.000,9999.000,9999.000,9999.000,9999.000,9999.000,9999.000,9999.000
202604221654,   0.429,9999.000,9999.000,9999.000,9999.000,9999.000,9999.000,9999.000,9999.000
202604221700,   0.448,9999.000,   3.300,9999.000,   3.748,   3.000,   3.448,   3.700,   4.148
202604221706,   0.470,9999.000,9999.000,9999.000,9999.000,9999.000,9999.000,9999.000,9999.000
202604221712,   0.495,9999.000,9999.000,9999.000,9999.000,9999.000,9999.000,9999.000,9999.000
202604221718,   0.523,9999.000,9999.000,9999.000,9999.000,9999.000,9999.000,9999.000,9999.000
202604221724,   0.554,9999.000,9999.000,9999.000,9999.000,9999.000,9999.000,9999.000,9999.000
202604221730,   0.588,9999.000,9999.000,9999.000,9999.000,9999.000,9999.000,9999.000,9999.000
202604221736,   0.626,9999.000,9999.000,9999.000,9999.000,9999.000,9999.000,9999.000,9999.000
202604221742,   0.667,9999.000,9999.000,9999.000,9999.000,9999.000,9999.000,9999.000,9999.000
202604221748,   0.711,9999.000,9999.000,9999.000,9999.000,9999.000,9999.000,9999.000,9999.000
202604221754,   0.759,9999.000,9999.000,9999.000,9999.000,9999.000,9999.000,9999.000,9999.000
202604221800,   0.809,9999.000,   3.100,9999.000,   3.909,   2.900,   3.709,   3.400,   4.209
202604221806,   0.863,9999.000,9999.000,9999.000,9999.000,9999.000,9999.000,9999.000,9999.000
202604221812,   0.921,9999.000,9999.000,9999.000,9999.000,9999.000,9999.000,9999.000,9999.000
202604221818,   0.982,9999.000,9999.000,9999.000,9999.000,9999.000,9999.000,9999.000,9999.000
202604221824,   1.045,9999.000,9999.000,9999.000,9999.000,9999.000,9999.000,9999.000,9999.000
202604221830,   1.113,9999.000,9999.000,9999.000,9999.000,9999.000,9999.000,9999.000,9999.000
202604221836,   1.183,9999.000,9999.000,9999.000,9999.000,9999.000,9999.000,9999.000,9999.000
202604221842,   1.256,9999.000,9999.000,9999.000,9999.000,9999.000,9999.000,9999.000,9999.000
202604221848,   1.332,9999.000,9999.000,9999.000,9999.000,9999.000,9999.000,9999.000,9999.000
202604221854,   1.411,9999.000,9999.000,9999.000,9999.000,9999.000,9999.000,9999.000,9999.000
202604221900,   1.493,9999.000,   3.100,9999.000,   4.593,   2.900,   4.393,   3.400,   4.893
202604221906,   1.578,9999.000,9999.000,9999.000,9999.000,9999.000,9999.000,9999.000,9999.000
202604221912,   1.665,9999.000,9999.000,9999.000,9999.000,9999.000,9999.000,9999.000,9999.000
202604221918,   1.755,9999.000,9999.000,9999.000,9999.000,9999.000,9999.000,9999.000,9999.000
202604221924,   1.847,9999.000,9999.000,9999.000,9999.000,9999.000,9999.000,9999.000,9999.000
202604221930,   1.942,9999.000,9999.000,9999.000,9999.000,9999.000,9999.000,9999.000,9999.000
202604221936,   2.038,9999.000,9999.000,9999.000,9999.000,9999.000,9999.000,9999.000,9999.000
202604221942,   2.137,9999.000,9999.000,9999.000,9999.000,9999.000,9999.000,9999.000,9999.000
202604221948,   2.237,9999.000,9999.000,9999.000,9999.000,9999.000,9999.000,9999.000,9999.000
202604221954,   2.339,9999.000,9999.000,9999.000,9999.000,9999.000,9999.000,9999.000,9999.000
202604222000,   2.443,9999.000,   3.000,9999.000,   5.443,   2.800,   5.243,   3.300,   5.743
202604222006,   2.548,9999.000,9999.000,9999.000,9999.000,9999.000,9999.000,9999.000,9999.000
202604222012,   2.654,9999.000,9999.000,9999.000,9999.000,9999.000,9999.000,9999.000,9999.000
202604222018,   2.761,9999.000,9999.000,9999.000,9999.000,9999.000,9999.000,9999.000,9999.000
202604222024,   2.870,9999.000,9999.000,9999.000,9999.000,9999.000,9999.000,9999.000,9999.000
202604222030,   2.978,9999.000,9999.000,9999.000,9999.000,9999.000,9999.000,9999.000,9999.000
202604222036,   3.088,9999.000,9999.000,9999.000,9999.000,9999.000,9999.000,9999.000,9999.000
202604222042,   3.198,9999.000,9999.000,9999.000,9999.000,9999.000,9999.000,9999.000,9999.000
202604222048,   3.308,9999.000,9999.000,9999.000,9999.000,9999.000,9999.000,9999.000,9999.000
202604222054,   3.418,9999.000,9999.000,9999.000,9999.000,9999.000,9999.000,9999.000,9999.000
202604222100,   3.528,9999.000,   2.800,9999.000,   6.328,   2.600,   6.128,   3.100,   6.628
202604222106,   3.637,9999.000,9999.000,9999.000,9999.000,9999.000,9999.000,9999.000,9999.000
202604222112,   3.746,9999.000,9999.000,9999.000,9999.000,9999.000,9999.000,9999.000,9999.000
202604222118,   3.855,9999.000,9999.000,9999.000,9999.000,9999.000,9999.000,9999.000,9999.000
202604222124,   3.962,9999.000,9999.000,9999.000,9999.000,9999.000,9999.000,9999.000,9999.000
202604222130,   4.068,9999.000,9999.000,9999.000,9999.000,9999.000,9999.000,9999.000,9999.000
202604222136,   4.173,9999.000,9999.000,9999.000,9999.000,9999.000,9999.000,9999.000,9999.000
202604222142,   4.277,9999.000,9999.000,9999.000,9999.000,9999.000,9999.000,9999.000,9999.000
202604222148,   4.379,9999.000,9999.000,9999.000,9999.000,9999.000,9999.000,9999.000,9999.000
202604222154,   4.479,9999.000,9999.000,9999.000,9999.000,9999.000,9999.000,9999.000,9999.000
202604222200,   4.577,9999.000,   2.700,9999.000,   7.277,   2.500,   7.077,   2.900,   7.477
202604222206,   4.674,9999.000,9999.000,9999.000,9999.000,9999.000,9999.000,9999.000,9999.000
202604222212,   4.767,9999.000,9999.000,9999.000,9999.000,9999.000,9999.000,9999.000,9999.000
202604222218,   4.859,9999.000,9999.000,9999.000,9999.000,9999.000,9999.000,9999.000,9999.000
202604222224,   4.947,9999.000,9999.000,9999.000,9999.000,9999.000,9999.000,9999.000,9999.000
202604222230,   5.033,9999.000,9999.000,9999.000,9999.000,9999.000,9999.000,9999.000,9999.000
202604222236,   5.116,9999.000,9999.000,9999.000,9999.000,9999.000,9999.000,9999.000,9999.000
202604222242,   5.196,9999.000,9999.000,9999.000,9999.000,9999.000,9999.000,9999.000,9999.000
202604222248,   5.273,9999.000,9999.000,9999.000,9999.000,9999.000,9999.000,9999.000,9999.000
202604222254,   5.346,9999.000,9999.000,9999.000,9999.000,9999.000,9999.000,9999.000,9999.000
202604222300,   5.415,9999.000,   2.500,9999.000,   7.915,   2.300,   7.715,   2.700,   8.115
202604222306,   5.481,9999.000,9999.000,9999.000,9999.000,9999.000,9999.000,9999.000,9999.000
202604222312,   5.543,9999.000,9999.000,9999.000,9999.000,9999.000,9999.000,9999.000,9999.000
202604222318,   5.601,9999.000,9999.000,9999.000,9999.000,9999.000,9999.000,9999.000,9999.000
202604222324,   5.655,9999.000,9999.000,9999.000,9999.000,9999.000,9999.000,9999.000,9999.000
202604222330,   5.705,9999.000,9999.000,9999.000,9999.000,9999.000,9999.000,9999.000,9999.000
202604222336,   5.751,9999.000,9999.000,9999.000,9999.000,9999.000,9999.000,9999.000,9999.000
202604222342,   5.792,9999.000,9999.000,9999.000,9999.000,9999.000,9999.000,9999.000,9999.000
202604222348,   5.829,9999.000,9999.000,9999.000,9999.000,9999.000,9999.000,9999.000,9999.000
202604222354,   5.861,9999.000,9999.000,9999.000,9999.000,9999.000,9999.000,9999.000,9999.000
202604230000,   5.889,9999.000,   2.400,9999.000,   8.289,   2.300,   8.189,   2.600,   8.489
202604230006,   5.911,9999.000,9999.000,9999.000,9999.000,9999.000,9999.000,9999.000,9999.000
202604230012,   5.929,9999.000,9999.000,9999.000,9999.000,9999.000,9999.000,9999.000,9999.000
202604230018,   5.943,9999.000,9999.000,9999.000,9999.000,9999.000,9999.000,9999.000,9999.000
202604230024,   5.951,9999.000,9999.000,9999.000,9999.000,9999.000,9999.000,9999.000,9999.000
202604230030,   5.954,9999.000,9999.000,9999.000,9999.000,9999.000,9999.000,9999.000,9999.000
202604230036,   5.953,9999.000,9999.000,9999.000,9999.000,9999.000,9999.000,9999.000,9999.000
202604230042,   5.946,9999.000,9999.000,9999.000,9999.000,9999.000,9999.000,9999.000,9999.000
202604230048,   5.935,9999.000,9999.000,9999.000,9999.000,9999.000,9999.000,9999.000,9999.000
202604230054,   5.918,9999.000,9999.000,9999.000,9999.000,9999.000,9999.000,9999.000,9999.000
202604230100,   5.897,9999.000,   2.300,9999.000,   8.197,   2.100,   7.997,   2.500,   8.397
202604230106,   5.870,9999.000,9999.000,9999.000,9999.000,9999.000,9999.000,9999.000,9999.000
202604230112,   5.838,9999.000,9999.000,9999.000,9999.000,9999.000,9999.000,9999.000,9999.000
202604230118,   5.802,9999.000,9999.000,9999.000,9999.000,9999.000,9999.000,9999.000,9999.000
202604230124,   5.761,9999.000,9999.000,9999.000,9999.000,9999.000,9999.000,9999.000,9999.000
202604230130,   5.715,9999.000,9999.000,9999.000,9999.000,9999.000,9999.000,9999.000,9999.000
202604230136,   5.664,9999.000,9999.000,9999.000,9999.000,9999.000,9999.000,9999.000,9999.000
202604230142,   5.608,9999.000,9999.000,9999.000,9999.000,9999.000,9999.000,9999.000,9999.000
202604230148,   5.548,9999.000,9999.000,9999.000,9999.000,9999.000,9999.000,9999.000,9999.000
202604230154,   5.483,9999.000,9999.000,9999.000,9999.000,9999.000,9999.000,9999.000,9999.000
202604230200,   5.414,9999.000,   2.300,9999.000,   7.714,   2.100,   7.514,   2.400,   7.814
202604230206,   5.340,9999.000,9999.000,9999.000,9999.000,9999.000,9999.000,9999.000,9999.000
202604230212,   5.263,9999.000,9999.000,9999.000,9999.000,9999.000,9999.000,9999.000,9999.000
202604230218,   5.181,9999.000,9999.000,9999.000,9999.000,9999.000,9999.000,9999.000,9999.000
202604230224,   5.095,9999.000,9999.000,9999.000,9999.000,9999.000,9999.000,9999.000,9999.000
202604230230,   5.006,9999.000,9999.000,9999.000,9999.000,9999.000,9999.000,9999.000,9999.000
202604230236,   4.913,9999.000,9999.000,9999.000,9999.000,9999.000,9999.000,9999.000,9999.000
202604230242,   4.816,9999.000,9999.000,9999.000,9999.000,9999.000,9999.000,9999.000,9999.000
202604230248,   4.717,9999.000,9999.000,9999.000,9999.000,9999.000,9999.000,9999.000,9999.000
202604230254,   4.614,9999.000,9999.000,9999.000,9999.000,9999.000,9999.000,9999.000,9999.000
202604230300,   4.508,9999.000,   2.300,9999.000,   6.808,   2.100,   6.608,   2.400,   6.908
202604230306,   4.399,9999.000,9999.000,9999.000,9999.000,9999.000,9999.000,9999.000,9999.000
202604230312,   4.288,9999.000,9999.000,9999.000,9999.000,9999.000,9999.000,9999.000,9999.000
202604230318,   4.175,9999.000,9999.000,9999.000,9999.000,9999.000,9999.000,9999.000,9999.000
202604230324,   4.059,9999.000,9999.000,9999.000,9999.000,9999.000,9999.000,9999.000,9999.000
202604230330,   3.941,9999.000,9999.000,9999.000,9999.000,9999.000,9999.000,9999.000,9999.000
202604230336,   3.822,9999.000,9999.000,9999.000,9999.000,9999.000,9999.000,9999.000,9999.000
202604230342,   3.701,9999.000,9999.000,9999.000,9999.000,9999.000,9999.000,9999.000,9999.000
202604230348,   3.579,9999.000,9999.000,9999.000,9999.000,9999.000,9999.000,9999.000,9999.000
202604230354,   3.456,9999.000,9999.000,9999.000,9999.000,9999.000,9999.000,9999.000,9999.000
202604230400,   3.332,9999.000,   2.300,9999.000,   5.632,   2.100,   5.432,   2.500,   5.832
202604230406,   3.207,9999.000,9999.000,9999.000,9999.000,9999.000,9999.000,9999.000,9999.000
202604230412,   3.082,9999.000,9999.000,9999.000,9999.000,9999.000,9999.000,9999.000,9999.000
202604230418,   2.957,9999.000,9999.000,9999.000,9999.000,9999.000,9999.000,9999.000,9999.000
202604230424,   2.832,9999.000,9999.000,9999.000,9999.000,9999.000,9999.000,9999.000,9999.000
202604230430,   2.707,9999.000,9999.000,9999.000,9999.000,9999.000,9999.000,9999.000,9999.000
202604230436,   2.583,9999.000,9999.000,9999.000,9999.000,9999.000,9999.000,9999.000,9999.000
202604230442,   2.459,9999.000,9999.000,9999.000,9999.000,9999.000,9999.000,9999.000,9999.000
202604230448,   2.336,9999.000,9999.000,9999.000,9999.000,9999.000,9999.000,9999.000,9999.000
202604230454,   2.214,9999.000,9999.000,9999.000,9999.000,9999.000,9999.000,9999.000,9999.000
202604230500,   2.094,9999.000,   2.400,9999.000,   4.494,   2.200,   4.294,   2.600,   4.694
202604230506,   1.975,9999.000,9999.000,9999.000,9999.000,9999.000,9999.000,9999.000,9999.000
202604230512,   1.857,9999.000,9999.000,9999.000,9999.000,9999.000,9999.000,9999.000,9999.000
202604230518,   1.742,9999.000,9999.000,9999.000,9999.000,9999.000,9999.000,9999.000,9999.000
202604230524,   1.629,9999.000,9999.000,9999.000,9999.000,9999.000,9999.000,9999.000,9999.000
202604230530,   1.517,9999.000,9999.000,9999.000,9999.000,9999.000,9999.000,9999.000,9999.000
202604230536,   1.408,9999.000,9999.000,9999.000,9999.000,9999.000,9999.000,9999.000,9999.000
202604230542,   1.302,9999.000,9999.000,9999.000,9999.000,9999.000,9999.000,9999.000,9999.000
202604230548,   1.199,9999.000,9999.000,9999.000,9999.000,9999.000,9999.000,9999.000,9999.000
202604230554,   1.098,9999.000,9999.000,9999.000,9999.000,9999.000,9999.000,9999.000,9999.000
202604230600,   1.000,9999.000,   2.000,9999.000,   3.000,   1.800,   2.800,   2.200,   3.200
202604230606,   0.905,9999.000,9999.000,9999.000,9999.000,9999.000,9999.000,9999.000,9999.000
202604230612,   0.813,9999.000,9999.000,9999.000,9999.000,9999.000,9999.000,9999.000,9999.000
202604230618,   0.725,9999.000,9999.000,9999.000,9999.000,9999.000,9999.000,9999.000,9999.000
202604230624,   0.640,9999.000,9999.000,9999.000,9999.000,9999.000,9999.000,9999.000,9999.000
202604230630,   0.558,9999.000,9999.000,9999.000,9999.000,9999.000,9999.000,9999.000,9999.000
202604230636,   0.480,9999.000,9999.000,9999.000,9999.000,9999.000,9999.000,9999.000,9999.000
202604230642,   0.405,9999.000,9999.000,9999.000,9999.000,9999.000,9999.000,9999.000,9999.000
202604230648,   0.334,9999.000,9999.000,9999.000,9999.000,9999.000,9999.000,9999.000,9999.000
202604230654,   0.267,9999.000,9999.000,9999.000,9999.000,9999.000,9999.000,9999.000,9999.000
202604230700,   0.204,9999.000,   2.000,9999.000,   2.204,   1.800,   2.004,   2.300,   2.504
202604230706,   0.144,9999.000,9999.000,9999.000,9999.000,9999.000,9999.000,9999.000,9999.000
202604230712,   0.088,9999.000,9999.000,9999.000,9999.000,9999.000,9999.000,9999.000,9999.000
202604230718,   0.035,9999.000,9999.000,9999.000,9999.000,9999.000,9999.000,9999.000,9999.000
202604230724,  -0.012,9999.000,9999.000,9999.000,9999.000,9999.000,9999.000,9999.000,9999.000
202604230730,  -0.057,9999.000,9999.000,9999.000,9999.000,9999.000,9999.000,9999.000,9999.000
202604230736,  -0.099,9999.000,9999.000,9999.000,9999.000,9999.000,9999.000,9999.000,9999.000
202604230742,  -0.136,9999.000,9999.000,9999.000,9999.000,9999.000,9999.000,9999.000,9999.000
202604230748,  -0.170,9999.000,9999.000,9999.000,9999.000,9999.000,9999.000,9999.000,9999.000
202604230754,  -0.200,9999.000,9999.000,9999.000,9999.000,9999.000,9999.000,9999.000,9999.000
202604230800,  -0.227,9999.000,   2.100,9999.000,   1.873,   1.900,   1.673,   2.300,   2.073
202604230806,  -0.250,9999.000,9999.000,9999.000,9999.000,9999.000,9999.000,9999.000,9999.000
202604230812,  -0.270,9999.000,9999.000,9999.000,9999.000,9999.000,9999.000,9999.000,9999.000
202604230818,  -0.286,9999.000,9999.000,9999.000,9999.000,9999.000,9999.000,9999.000,9999.000
202604230824,  -0.299,9999.000,9999.000,9999.000,9999.000,9999.000,9999.000,9999.000,9999.000
202604230830,  -0.309,9999.000,9999.000,9999.000,9999.000,9999.000,9999.000,9999.000,9999.000
202604230836,  -0.316,9999.000,9999.000,9999.000,9999.000,9999.000,9999.000,9999.000,9999.000
202604230842,  -0.319,9999.000,9999.000,9999.000,9999.000,9999.000,9999.000,9999.000,9999.000
202604230848,  -0.320,9999.000,9999.000,9999.000,9999.000,9999.000,9999.000,9999.000,9999.000
202604230854,  -0.318,9999.000,9999.000,9999.000,9999.000,9999.000,9999.000,9999.000,9999.000
202604230900,  -0.313,9999.000,   2.300,9999.000,   1.987,   2.100,   1.787,   2.500,   2.187
202604230906,  -0.306,9999.000,9999.000,9999.000,9999.000,9999.000,9999.000,9999.000,9999.000
202604230912,  -0.296,9999.000,9999.000,9999.000,9999.000,9999.000,9999.000,9999.000,9999.000
202604230918,  -0.284,9999.000,9999.000,9999.000,9999.000,9999.000,9999.000,9999.000,9999.000
202604230924,  -0.269,9999.000,9999.000,9999.000,9999.000,9999.000,9999.000,9999.000,9999.000
202604230930,  -0.252,9999.000,9999.000,9999.000,9999.000,9999.000,9999.000,9999.000,9999.000
202604230936,  -0.234,9999.000,9999.000,9999.000,9999.000,9999.000,9999.000,9999.000,9999.000
202604230942,  -0.213,9999.000,9999.000,9999.000,9999.000,9999.000,9999.000,9999.000,9999.000
202604230948,  -0.191,9999.000,9999.000,9999.000,9999.000,9999.000,9999.000,9999.000,9999.000
202604230954,  -0.166,9999.000,9999.000,9999.000,9999.000,9999.000,9999.000,9999.000,9999.000
202604231000,  -0.141,9999.000,   2.500,9999.000,   2.359,   2.300,   2.159,   2.800,   2.659
202604231006,  -0.114,9999.000,9999.000,9999.000,9999.000,9999.000,9999.000,9999.000,9999.000
202604231012,  -0.085,9999.000,9999.000,9999.000,9999.000,9999.000,9999.000,9999.000,9999.000
202604231018,  -0.056,9999.000,9999.000,9999.000,9999.000,9999.000,9999.000,9999.000,9999.000
202604231024,  -0.026,9999.000,9999.000,9999.000,9999.000,9999.000,9999.000,9999.000,9999.000
202604231030,   0.005,9999.000,9999.000,9999.000,9999.000,9999.000,9999.000,9999.000,9999.000
202604231036,   0.037,9999.000,9999.000,9999.000,9999.000,9999.000,9999.000,9999.000,9999.000
202604231042,   0.069,9999.000,9999.000,9999.000,9999.000,9999.000,9999.000,9999.000,9999.000
202604231048,   0.103,9999.000,9999.000,9999.000,9999.000,9999.000,9999.000,9999.000,9999.000
202604231054,   0.136,9999.000,9999.000,9999.000,9999.000,9999.000,9999.000,9999.000,9999.000
202604231100,   0.170,9999.000,   2.700,9999.000,   2.870,   2.400,   2.570,   3.000,   3.170
202604231106,   0.204,9999.000,9999.000,9999.000,9999.000,9999.000,9999.000,9999.000,9999.000
202604231112,   0.238,9999.000,9999.000,9999.000,9999.000,9999.000,9999.000,9999.000,9999.000
202604231118,   0.272,9999.000,9999.000,9999.000,9999.000,9999.000,9999.000,9999.000,9999.000
202604231124,   0.305,9999.000,9999.000,9999.000,9999.000,9999.000,9999.000,9999.000,9999.000
202604231130,   0.338,9999.000,9999.000,9999.000,9999.000,9999.000,9999.000,9999.000,9999.000
202604231136,   0.371,9999.000,9999.000,9999.000,9999.000,9999.000,9999.000,9999.000,9999.000
202604231142,   0.403,9999.000,9999.000,9999.000,9999.000,9999.000,9999.000,9999.000,9999.000
202604231148,   0.435,9999.000,9999.000,9999.000,9999.000,9999.000,9999.000,9999.000,9999.000
202604231154,   0.465,9999.000,9999.000,9999.000,9999.000,9999.000,9999.000,9999.000,9999.000
202604231200,   0.495,9999.000,   2.800,9999.000,   3.295,   2.500,   2.995,   3.000,   3.495
202604231206,   0.524,9999.000,9999.000,9999.000,9999.000,9999.000,9999.000,9999.000,9999.000
202604231212,   0.552,9999.000,9999.000,9999.000,9999.000,9999.000,9999.000,9999.000,9999.000
202604231218,   0.579,9999.000,9999.000,9999.000,9999.000,9999.000,9999.000,9999.000,9999.000
202604231224,   0.604,9999.000,9999.000,9999.000,9999.000,9999.000,9999.000,9999.000,9999.000
202604231230,   0.628,9999.000,9999.000,9999.000,9999.000,9999.000,9999.000,9999.000,9999.000
202604231236,   0.651,9999.000,9999.000,9999.000,9999.000,9999.000,9999.000,9999.000,9999.000
202604231242,   0.673,9999.000,9999.000,9999.000,9999.000,9999.000,9999.000,9999.000,9999.000
202604231248,   0.693,9999.000,9999.000,9999.000,9999.000,9999.000,9999.000,9999.000,9999.000
202604231254,   0.711,9999.000,9999.000,9999.000,9999.000,9999.000,9999.000,9999.000,9999.000
202604231300,   0.728,9999.000,   2.900,9999.000,   3.628,   2.700,   3.428,   3.200,   3.928
202604231306,   0.743,9999.000,9999.000,9999.000,9999.000,9999.000,9999.000,9999.000,9999.000
202604231312,   0.757,9999.000,9999.000,9999.000,9999.000,9999.000,9999.000,9999.000,9999.000
202604231318,   0.769,9999.000,9999.000,9999.000,9999.000,9999.000,9999.000,9999.000,9999.000
202604231324,   0.779,9999.000,9999.000,9999.000,9999.000,9999.000,9999.000,9999.000,9999.000
202604231330,   0.788,9999.000,9999.000,9999.000,9999.000,9999.000,9999.000,9999.000,9999.000
202604231336,   0.795,9999.000,9999.000,9999.000,9999.000,9999.000,9999.000,9999.000,9999.000
202604231342,   0.800,9999.000,9999.000,9999.000,9999.000,9999.000,9999.000,9999.000,9999.000
202604231348,   0.803,9999.000,9999.000,9999.000,9999.000,9999.000,9999.000,9999.000,9999.000
202604231354,   0.805,9999.000,9999.000,9999.000,9999.000,9999.000,9999.000,9999.000,9999.000
202604231400,   0.805,9999.000,   3.100,9999.000,   3.905,   2.800,   3.605,   3.300,   4.105
202604231406,   0.804,9999.000,9999.000,9999.000,9999.000,9999.000,9999.000,9999.000,9999.000
202604231412,   0.801,9999.000,9999.000,9999.000,9999.000,9999.000,9999.000,9999.000,9999.000
202604231418,   0.797,9999.000,9999.000,9999.000,9999.000,9999.000,9999.000,9999.000,9999.000
202604231424,   0.791,9999.000,9999.000,9999.000,9999.000,9999.000,9999.000,9999.000,9999.000
202604231430,   0.783,9999.000,9999.000,9999.000,9999.000,9999.000,9999.000,9999.000,9999.000
202604231436,   0.775,9999.000,9999.000,9999.000,9999.000,9999.000,9999.000,9999.000,9999.000
202604231442,   0.765,9999.000,9999.000,9999.000,9999.000,9999.000,9999.000,9999.000,9999.000
202604231448,   0.754,9999.000,9999.000,9999.000,9999.000,9999.000,9999.000,9999.000,9999.000
202604231454,   0.742,9999.000,9999.000,9999.000,9999.000,9999.000,9999.000,9999.000,9999.000
202604231500,   0.729,9999.000,   3.200,9999.000,   3.929,   2.900,   3.629,   3.400,   4.129
202604231506,   0.715,9999.000,9999.000,9999.000,9999.000,9999.000,9999.000,9999.000,9999.000
202604231512,   0.701,9999.000,9999.000,9999.000,9999.000,9999.000,9999.000,9999.000,9999.000
202604231518,   0.686,9999.000,9999.000,9999.000,9999.000,9999.000,9999.000,9999.000,9999.000
202604231524,   0.670,9999.000,9999.000,9999.000,9999.000,9999.000,9999.000,9999.000,9999.000
202604231530,   0.654,9999.000,9999.000,9999.000,9999.000,9999.000,9999.000,9999.000,9999.000
202604231536,   0.638,9999.000,9999.000,9999.000,9999.000,9999.000,9999.000,9999.000,9999.000
202604231542,   0.622,9999.000,9999.000,9999.000,9999.000,9999.000,9999.000,9999.000,9999.000
202604231548,   0.605,9999.000,9999.000,9999.000,9999.000,9999.000,9999.000,9999.000,9999.000
202604231554,   0.589,9999.000,9999.000,9999.000,9999.000,9999.000,9999.000,9999.000,9999.000
202604231600,   0.573,9999.000,   3.300,9999.000,   3.873,   3.100,   3.673,   3.600,   4.173
202604231606,   0.558,9999.000,9999.000,9999.000,9999.000,9999.000,9999.000,9999.000,9999.000
202604231612,   0.544,9999.000,9999.000,9999.000,9999.000,9999.000,9999.000,9999.000,9999.000
202604231618,   0.530,9999.000,9999.000,9999.000,9999.000,9999.000,9999.000,9999.000,9999.000
202604231624,   0.517,9999.000,9999.000,9999.000,9999.000,9999.000,9999.000,9999.000,9999.000
202604231630,   0.505,9999.000,9999.000,9999.000,9999.000,9999.000,9999.000,9999.000,9999.000
202604231636,   0.494,9999.000,9999.000,9999.000,9999.000,9999.000,9999.000,9999.000,9999.000
202604231642,   0.485,9999.000,9999.000,9999.000,9999.000,9999.000,9999.000,9999.000,9999.000
202604231648,   0.477,9999.000,9999.000,9999.000,9999.000,9999.000,9999.000,9999.000,9999.000
202604231654,   0.471,9999.000,9999.000,9999.000,9999.000,9999.000,9999.000,9999.000,9999.000
202604231700,   0.467,9999.000,   3.400,9999.000,   3.867,   3.200,   3.667,   3.700,   4.167
202604231706,   0.465,9999.000,9999.000,9999.000,9999.000,9999.000,9999.000,9999.000,9999.000
202604231712,   0.464,9999.000,9999.000,9999.000,9999.000,9999.000,9999.000,9999.000,9999.000
202604231718,   0.466,9999.000,9999.000,9999.000,9999.000,9999.000,9999.000,9999.000,9999.000
202604231724,   0.471,9999.000,9999.000,9999.000,9999.000,9999.000,9999.000,9999.000,9999.000
202604231730,   0.477,9999.000,9999.000,9999.000,9999.000,9999.000,9999.000,9999.000,9999.000
202604231736,   0.486,9999.000,9999.000,9999.000,9999.000,9999.000,9999.000,9999.000,9999.000
202604231742,   0.498,9999.000,9999.000,9999.000,9999.000,9999.000,9999.000,9999.000,9999.000
202604231748,   0.513,9999.000,9999.000,9999.000,9999.000,9999.000,9999.000,9999.000,9999.000
202604231754,   0.530,9999.000,9999.000,9999.000,9999.000,9999.000,9999.000,9999.000,9999.000
202604231800,   0.551,9999.000,   3.500,9999.000,   4.051,   3.200,   3.751,   3.900,   4.451
202604231806,   0.574,9999.000,9999.000,9999.000,9999.000,9999.000,9999.000,9999.000,9999.000
202604231812,   0.601,9999.000,9999.000,9999.000,9999.000,9999.000,9999.000,9999.000,9999.000
202604231818,   0.630,9999.000,9999.000,9999.000,9999.000,9999.000,9999.000,9999.000,9999.000
202604231824,   0.663,9999.000,9999.000,9999.000,9999.000,9999.000,9999.000,9999.000,9999.000
202604231830,   0.698,9999.000,9999.000,9999.000,9999.000,9999.000,9999.000,9999.000,9999.000
202604231836,   0.738,9999.000,9999.000,9999.000,9999.000,9999.000,9999.000,9999.000,9999.000
202604231842,   0.780,9999.000,9999.000,9999.000,9999.000,9999.000,9999.000,9999.000,9999.000
202604231848,   0.825,9999.000,9999.000,9999.000,9999.000,9999.000,9999.000,9999.000,9999.000
202604231854,   0.874,9999.000,9999.000,9999.000,9999.000,9999.000,9999.000,9999.000,9999.000
202604231900,   0.926,9999.000,   3.600,9999.000,   4.526,   3.300,   4.226,   3.900,   4.826
202604231906,   0.981,9999.000,9999.000,9999.000,9999.000,9999.000,9999.000,9999.000,9999.000
202604231912,   1.040,9999.000,9999.000,9999.000,9999.000,9999.000,9999.000,9999.000,9999.000
202604231918,   1.101,9999.000,9999.000,9999.000,9999.000,9999.000,9999.000,9999.000,9999.000
202604231924,   1.166,9999.000,9999.000,9999.000,9999.000,9999.000,9999.000,9999.000,9999.000
202604231930,   1.234,9999.000,9999.000,9999.000,9999.000,9999.000,9999.000,9999.000,9999.000
202604231936,   1.305,9999.000,9999.000,9999.000,9999.000,9999.000,9999.000,9999.000,9999.000
202604231942,   1.378,9999.000,9999.000,9999.000,9999.000,9999.000,9999.000,9999.000,9999.000
202604231948,   1.455,9999.000,9999.000,9999.000,9999.000,9999.000,9999.000,9999.000,9999.000
202604231954,   1.534,9999.000,9999.000,9999.000,9999.000,9999.000,9999.000,9999.000,9999.000
202604232000,   1.616,9999.000,   3.600,9999.000,   5.216,   3.300,   4.916,   3.900,   5.516
202604232006,   1.700,9999.000,9999.000,9999.000,9999.000,9999.000,9999.000,9999.000,9999.000
202604232012,   1.787,9999.000,9999.000,9999.000,9999.000,9999.000,9999.000,9999.000,9999.000
202604232018,   1.876,9999.000,9999.000,9999.000,9999.000,9999.000,9999.000,9999.000,9999.000
202604232024,   1.967,9999.000,9999.000,9999.000,9999.000,9999.000,9999.000,9999.000,9999.000
202604232030,   2.061,9999.000,9999.000,9999.000,9999.000,9999.000,9999.000,9999.000,9999.000
202604232036,   2.156,9999.000,9999.000,9999.000,9999.000,9999.000,9999.000,9999.000,9999.000
202604232042,   2.253,9999.000,9999.000,9999.000,9999.000,9999.000,9999.000,9999.000,9999.000
202604232048,   2.352,9999.000,9999.000,9999.000,9999.000,9999.000,9999.000,9999.000,9999.000
202604232054,   2.452,9999.000,9999.000,9999.000,9999.000,9999.000,9999.000,9999.000,9999.000
202604232100,   2.553,9999.000,   3.500,9999.000,   6.053,   3.200,   5.753,   3.900,   6.453
202604232106,   2.656,9999.000,9999.000,9999.000,9999.000,9999.000,9999.000,9999.000,9999.000
202604232112,   2.759,9999.000,9999.000,9999.000,9999.000,9999.000,9999.000,9999.000,9999.000
202604232118,   2.864,9999.000,9999.000,9999.000,9999.000,9999.000,9999.000,9999.000,9999.000
202604232124,   2.969,9999.000,9999.000,9999.000,9999.000,9999.000,9999.000,9999.000,9999.000
202604232130,   3.074,9999.000,9999.000,9999.000,9999.000,9999.000,9999.000,9999.000,9999.000
202604232136,   3.180,9999.000,9999.000,9999.000,9999.000,9999.000,9999.000,9999.000,9999.000
202604232142,   3.286,9999.000,9999.000,9999.000,9999.000,9999.000,9999.000,9999.000,9999.000
202604232148,   3.392,9999.000,9999.000,9999.000,9999.000,9999.000,9999.000,9999.000,9999.000
202604232154,   3.498,9999.000,9999.000,9999.000,9999.000,9999.000,9999.000,9999.000,9999.000
202604232200,   3.603,9999.000,   3.400,9999.000,   7.003,   3.000,   6.603,   3.800,   7.403
202604232206,   3.708,9999.000,9999.000,9999.000,9999.000,9999.000,9999.000,9999.000,9999.000
202604232212,   3.812,9999.000,9999.000,9999.000,9999.000,9999.000,9999.000,9999.000,9999.000
202604232218,   3.915,9999.000,9999.000,9999.000,9999.000,9999.000,9999.000,9999.000,9999.000
202604232224,   4.017,9999.000,9999.000,9999.000,9999.000,9999.000,9999.000,9999.000,9999.000
202604232230,   4.117,9999.000,9999.000,9999.000,9999.000,9999.000,9999.000,9999.000,9999.000
202604232236,   4.216,9999.000,9999.000,9999.000,9999.000,9999.000,9999.000,9999.000,9999.000
202604232242,   4.314,9999.000,9999.000,9999.000,9999.000,9999.000,9999.000,9999.000,9999.000
202604232248,   4.409,9999.000,9999.000,9999.000,9999.000,9999.000,9999.000,9999.000,9999.000
202604232254,   4.503,9999.000,9999.000,9999.000,9999.000,9999.000,9999.000,9999.000,9999.000
202604232300,   4.595,9999.000,   3.200,9999.000,   7.795,   2.800,   7.395,   3.600,   8.195
202604232306,   4.684,9999.000,9999.000,9999.000,9999.000,9999.000,9999.000,9999.000,9999.000
202604232312,   4.770,9999.000,9999.000,9999.000,9999.000,9999.000,9999.000,9999.000,9999.000
202604232318,   4.854,9999.000,9999.000,9999.000,9999.000,9999.000,9999.000,9999.000,9999.000
202604232324,   4.936,9999.000,9999.000,9999.000,9999.000,9999.000,9999.000,9999.000,9999.000
202604232330,   5.014,9999.000,9999.000,9999.000,9999.000,9999.000,9999.000,9999.000,9999.000
202604232336,   5.089,9999.000,9999.000,9999.000,9999.000,9999.000,9999.000,9999.000,9999.000
202604232342,   5.161,9999.000,9999.000,9999.000,9999.000,9999.000,9999.000,9999.000,9999.000
202604232348,   5.230,9999.000,9999.000,9999.000,9999.000,9999.000,9999.000,9999.000,9999.000
202604232354,   5.295,9999.000,9999.000,9999.000,9999.000,9999.000,9999.000,9999.000,9999.000
202604240000,   5.356,9999.000,   3.100,9999.000,   8.456,   2.600,   7.956,   3.400,   8.756
202604240006,   5.414,9999.000,9999.000,9999.000,9999.000,9999.000,9999.000,9999.000,9999.000
202604240012,   5.468,9999.000,9999.000,9999.000,9999.000,9999.000,9999.000,9999.000,9999.000
202604240018,   5.517,9999.000,9999.000,9999.000,9999.000,9999.000,9999.000,9999.000,9999.000
202604240024,   5.563,9999.000,9999.000,9999.000,9999.000,9999.000,9999.000,9999.000,9999.000
202604240030,   5.604,9999.000,9999.000,9999.000,9999.000,9999.000,9999.000,9999.000,9999.000
202604240036,   5.641,9999.000,9999.000,9999.000,9999.000,9999.000,9999.000,9999.000,9999.000
202604240042,   5.674,9999.000,9999.000,9999.000,9999.000,9999.000,9999.000,9999.000,9999.000
202604240048,   5.702,9999.000,9999.000,9999.000,9999.000,9999.000,9999.000,9999.000,9999.000
202604240054,   5.726,9999.000,9999.000,9999.000,9999.000,9999.000,9999.000,9999.000,9999.000
202604240100,   5.745,9999.000,   2.900,9999.000,   8.645,   2.500,   8.245,   3.300,   9.045
202604240106,   5.759,9999.000,9999.000,9999.000,9999.000,9999.000,9999.000,9999.000,9999.000
202604240112,   5.769,9999.000,9999.000,9999.000,9999.000,9999.000,9999.000,9999.000,9999.000
202604240118,   5.774,9999.000,9999.000,9999.000,9999.000,9999.000,9999.000,9999.000,9999.000
202604240124,   5.774,9999.000,9999.000,9999.000,9999.000,9999.000,9999.000,9999.000,9999.000
202604240130,   5.769,9999.000,9999.000,9999.000,9999.000,9999.000,9999.000,9999.000,9999.000
202604240136,   5.759,9999.000,9999.000,9999.000,9999.000,9999.000,9999.000,9999.000,9999.000
202604240142,   5.745,9999.000,9999.000,9999.000,9999.000,9999.000,9999.000,9999.000,9999.000
202604240148,   5.725,9999.000,9999.000,9999.000,9999.000,9999.000,9999.000,9999.000,9999.000
202604240154,   5.701,9999.000,9999.000,9999.000,9999.000,9999.000,9999.000,9999.000,9999.000
202604240200,   5.672,9999.000,   2.600,9999.000,   8.272,   2.300,   7.972,   3.000,   8.672
202604240206,   5.638,9999.000,9999.000,9999.000,9999.000,9999.000,9999.000,9999.000,9999.000
202604240212,   5.599,9999.000,9999.000,9999.000,9999.000,9999.000,9999.000,9999.000,9999.000
202604240218,   5.556,9999.000,9999.000,9999.000,9999.000,9999.000,9999.000,9999.000,9999.000
202604240224,   5.507,9999.000,9999.000,9999.000,9999.000,9999.000,9999.000,9999.000,9999.000
202604240230,   5.455,9999.000,9999.000,9999.000,9999.000,9999.000,9999.000,9999.000,9999.000
202604240236,   5.397,9999.000,9999.000,9999.000,9999.000,9999.000,9999.000,9999.000,9999.000
202604240242,   5.335,9999.000,9999.000,9999.000,9999.000,9999.000,9999.000,9999.000,9999.000
202604240248,   5.269,9999.000,9999.000,9999.000,9999.000,9999.000,9999.000,9999.000,9999.000
202604240254,   5.199,9999.000,9999.000,9999.000,9999.000,9999.000,9999.000,9999.000,9999.000
202604240300,   5.124,9999.000,   2.400,9999.000,   7.524,   2.100,   7.224,   2.700,   7.824
202604240306,   5.045,9999.000,9999.000,9999.000,9999.000,9999.000,9999.000,9999.000,9999.000
202604240312,   4.963,9999.000,9999.000,9999.000,9999.000,9999.000,9999.000,9999.000,9999.000
202604240318,   4.876,9999.000,9999.000,9999.000,9999.000,9999.000,9999.000,9999.000,9999.000
202604240324,   4.786,9999.000,9999.000,9999.000,9999.000,9999.000,9999.000,9999.000,9999.000
202604240330,   4.693,9999.000,9999.000,9999.000,9999.000,9999.000,9999.000,9999.000,9999.000
202604240336,   4.596,9999.000,9999.000,9999.000,9999.000,9999.000,9999.000,9999.000,9999.000
202604240342,   4.496,9999.000,9999.000,9999.000,9999.000,9999.000,9999.000,9999.000,9999.000
202604240348,   4.393,9999.000,9999.000,9999.000,9999.000,9999.000,9999.000,9999.000,9999.000
202604240354,   4.288,9999.000,9999.000,9999.000,9999.000,9999.000,9999.000,9999.000,9999.000
202604240400,   4.179,9999.000,   2.200,9999.000,   6.379,   2.000,   6.179,   2.500,   6.679
202604240406,   4.069,9999.000,9999.000,9999.000,9999.000,9999.000,9999.000,9999.000,9999.000
202604240412,   3.956,9999.000,9999.000,9999.000,9999.000,9999.000,9999.000,9999.000,9999.000
202604240418,   3.841,9999.000,9999.000,9999.000,9999.000,9999.000,9999.000,9999.000,9999.000
202604240424,   3.724,9999.000,9999.000,9999.000,9999.000,9999.000,9999.000,9999.000,9999.000
202604240430,   3.606,9999.000,9999.000,9999.000,9999.000,9999.000,9999.000,9999.000,9999.000
202604240436,   3.487,9999.000,9999.000,9999.000,9999.000,9999.000,9999.000,9999.000,9999.000
202604240442,   3.366,9999.000,9999.000,9999.000,9999.000,9999.000,9999.000,9999.000,9999.000
202604240448,   3.244,9999.000,9999.000,9999.000,9999.000,9999.000,9999.000,9999.000,9999.000
202604240454,   3.122,9999.000,9999.000,9999.000,9999.000,9999.000,9999.000,9999.000,9999.000
202604240500,   2.999,9999.000,   2.000,9999.000,   4.999,   1.800,   4.799,   2.200,   5.199
202604240506,   2.876,9999.000,9999.000,9999.000,9999.000,9999.000,9999.000,9999.000,9999.000
202604240512,   2.753,9999.000,9999.000,9999.000,9999.000,9999.000,9999.000,9999.000,9999.000
202604240518,   2.630,9999.000,9999.000,9999.000,9999.000,9999.000,9999.000,9999.000,9999.000
202604240524,   2.508,9999.000,9999.000,9999.000,9999.000,9999.000,9999.000,9999.000,9999.000
202604240530,   2.386,9999.000,9999.000,9999.000,9999.000,9999.000,9999.000,9999.000,9999.000
202604240536,   2.265,9999.000,9999.000,9999.000,9999.000,9999.000,9999.000,9999.000,9999.000
202604240542,   2.145,9999.000,9999.000,9999.000,9999.000,9999.000,9999.000,9999.000,9999.000
202604240548,   2.026,9999.000,9999.000,9999.000,9999.000,9999.000,9999.000,9999.000,9999.000
202604240554,   1.909,9999.000,9999.000,9999.000,9999.000,9999.000,9999.000,9999.000,9999.000
202604240600,   1.793,9999.000,   1.800,9999.000,   3.593,   1.600,   3.393,   2.100,   3.893
202604240606,   1.679,9999.000,9999.000,9999.000,9999.000,9999.000,9999.000,9999.000,9999.000
202604240612,   1.567,9999.000,9999.000,9999.000,9999.000,9999.000,9999.000,9999.000,9999.000
202604240618,   1.458,9999.000,9999.000,9999.000,9999.000,9999.000,9999.000,9999.000,9999.000
202604240624,   1.350,9999.000,9999.000,9999.000,9999.000,9999.000,9999.000,9999.000,9999.000
202604240630,   1.245,9999.000,9999.000,9999.000,9999.000,9999.000,9999.000,9999.000,9999.000
202604240636,   1.143,9999.000,9999.000,9999.000,9999.000,9999.000,9999.000,9999.000,9999.000
202604240642,   1.044,9999.000,9999.000,9999.000,9999.000,9999.000,9999.000,9999.000,9999.000
202604240648,   0.947,9999.000,9999.000,9999.000,9999.000,9999.000,9999.000,9999.000,9999.000
202604240654,   0.854,9999.000,9999.000,9999.000,9999.000,9999.000,9999.000,9999.000,9999.000
202604240700,   0.764,9999.000,   1.600,9999.000,   2.364,   1.400,   2.164,   1.800,   2.564
202604240706,   0.677,9999.000,9999.000,9999.000,9999.000,9999.000,9999.000,9999.000,9999.000
202604240712,   0.593,9999.000,9999.000,9999.000,9999.000,9999.000,9999.000,9999.000,9999.000
202604240718,   0.513,9999.000,9999.000,9999.000,9999.000,9999.000,9999.000,9999.000,9999.000
202604240724,   0.436,9999.000,9999.000,9999.000,9999.000,9999.000,9999.000,9999.000,9999.000
202604240730,   0.363,9999.000,9999.000,9999.000,9999.000,9999.000,9999.000,9999.000,9999.000
202604240736,   0.294,9999.000,9999.000,9999.000,9999.000,9999.000,9999.000,9999.000,9999.000
202604240742,   0.228,9999.000,9999.000,9999.000,9999.000,9999.000,9999.000,9999.000,9999.000
202604240748,   0.166,9999.000,9999.000,9999.000,9999.000,9999.000,9999.000,9999.000,9999.000
202604240754,   0.108,9999.000,9999.000,9999.000,9999.000,9999.000,9999.000,9999.000,9999.000
202604240800,   0.054,9999.000,   1.400,9999.000,   1.454,   1.200,   1.254,   1.600,   1.654
202604240806,   0.003,9999.000,9999.000,9999.000,9999.000,9999.000,9999.000,9999.000,9999.000
202604240812,  -0.042,9999.000,9999.000,9999.000,9999.000,9999.000,9999.000,9999.000,9999.000
202604240818,  -0.085,9999.000,9999.000,9999.000,9999.000,9999.000,9999.000,9999.000,9999.000
202604240824,  -0.124,9999.000,9999.000,9999.000,9999.000,9999.000,9999.000,9999.000,9999.000
202604240830,  -0.160,9999.000,9999.000,9999.000,9999.000,9999.000,9999.000,9999.000,9999.000
202604240836,  -0.191,9999.000,9999.000,9999.000,9999.000,9999.000,9999.000,9999.000,9999.000
202604240842,  -0.219,9999.000,9999.000,9999.000,9999.000,9999.000,9999.000,9999.000,9999.000
202604240848,  -0.244,9999.000,9999.000,9999.000,9999.000,9999.000,9999.000,9999.000,9999.000
202604240854,  -0.264,9999.000,9999.000,9999.000,9999.000,9999.000,9999.000,9999.000,9999.000
202604240900,  -0.282,9999.000,   1.300,9999.000,   1.018,   1.100,   0.818,   1.500,   1.218
202604240906,  -0.295,9999.000,9999.000,9999.000,9999.000,9999.000,9999.000,9999.000,9999.000
202604240912,  -0.306,9999.000,9999.000,9999.000,9999.000,9999.000,9999.000,9999.000,9999.000
202604240918,  -0.313,9999.000,9999.000,9999.000,9999.000,9999.000,9999.000,9999.000,9999.000
202604240924,  -0.317,9999.000,9999.000,9999.000,9999.000,9999.000,9999.000,9999.000,9999.000
202604240930,  -0.318,9999.000,9999.000,9999.000,9999.000,9999.000,9999.000,9999.000,9999.000
202604240936,  -0.316,9999.000,9999.000,9999.000,9999.000,9999.000,9999.000,9999.000,9999.000
202604240942,  -0.311,9999.000,9999.000,9999.000,9999.000,9999.000,9999.000,9999.000,9999.000
202604240948,  -0.303,9999.000,9999.000,9999.000,9999.000,9999.000,9999.000,9999.000,9999.000
202604240954,  -0.292,9999.000,9999.000,9999.000,9999.000,9999.000,9999.000,9999.000,9999.000
202604241000,  -0.279,9999.000,   1.200,9999.000,   0.921,   0.900,   0.621,   1.400,   1.121
202604241006,  -0.263,9999.000,9999.000,9999.000,9999.000,9999.000,9999.000,9999.000,9999.000
202604241012,  -0.245,9999.000,9999.000,9999.000,9999.000,9999.000,9999.000,9999.000,9999.000
202604241018,  -0.225,9999.000,9999.000,9999.000,9999.000,9999.000,9999.000,9999.000,9999.000
202604241024,  -0.203,9999.000,9999.000,9999.000,9999.000,9999.000,9999.000,9999.000,9999.000
202604241030,  -0.179,9999.000,9999.000,9999.000,9999.000,9999.000,9999.000,9999.000,9999.000
202604241036,  -0.153,9999.000,9999.000,9999.000,9999.000,9999.000,9999.000,9999.000,9999.000
202604241042,  -0.125,9999.000,9999.000,9999.000,9999.000,9999.000,9999.000,9999.000,9999.000
202604241048,  -0.095,9999.000,9999.000,9999.000,9999.000,9999.000,9999.000,9999.000,9999.000
202604241054,  -0.065,9999.000,9999.000,9999.000,9999.000,9999.000,9999.000,9999.000,9999.000
202604241100,  -0.032,9999.000,   1.100,9999.000,   1.068,   0.800,   0.768,   1.300,   1.268
202604241106,   0.000,9999.000,9999.000,9999.000,9999.000,9999.000,9999.000,9999.000,9999.000
202604241112,   0.034,9999.000,9999.000,9999.000,9999.000,9999.000,9999.000,9999.000,9999.000
202604241118,   0.070,9999.000,9999.000,9999.000,9999.000,9999.000,9999.000,9999.000,9999.000
202604241124,   0.106,9999.000,9999.000,9999.000,9999.000,9999.000,9999.000,9999.000,9999.000
202604241130,   0.142,9999.000,9999.000,9999.000,9999.000,9999.000,9999.000,9999.000,9999.000
202604241136,   0.180,9999.000,9999.000,9999.000,9999.000,9999.000,9999.000,9999.000,9999.000
202604241142,   0.217,9999.000,9999.000,9999.000,9999.000,9999.000,9999.000,9999.000,9999.000
202604241148,   0.255,9999.000,9999.000,9999.000,9999.000,9999.000,9999.000,9999.000,9999.000
202604241154,   0.293,9999.000,9999.000,9999.000,9999.000,9999.000,9999.000,9999.000,9999.000
202604241200,   0.332,9999.000,   1.000,9999.000,   1.332,   0.800,   1.132,   1.200,   1.532
202604241206,   0.370,9999.000,9999.000,9999.000,9999.000,9999.000,9999.000,9999.000,9999.000
202604241212,   0.407,9999.000,9999.000,9999.000,9999.000,9999.000,9999.000,9999.000,9999.000
202604241218,   0.445,9999.000,9999.000,9999.000,9999.000,9999.000,9999.000,9999.000,9999.000
202604241224,   0.482,9999.000,9999.000,9999.000,9999.000,9999.000,9999.000,9999.000,9999.000
202604241230,   0.518,9999.000,9999.000,9999.000,9999.000,9999.000,9999.000,9999.000,9999.000
202604241236,   0.554,9999.000,9999.000,9999.000,9999.000,9999.000,9999.000,9999.000,9999.000
202604241242,   0.589,9999.000,9999.000,9999.000,9999.000,9999.000,9999.000,9999.000,9999.000
202604241248,   0.623,9999.000,9999.000,9999.000,9999.000,9999.000,9999.000,9999.000,9999.000
202604241254,   0.657,9999.000,9999.000,9999.000,9999.000,9999.000,9999.000,9999.000,9999.000
202604241300,   0.689,9999.000,   0.900,9999.000,   1.589,   0.700,   1.389,   1.100,   1.789
202604241306,   0.720,9999.000,9999.000,9999.000,9999.000,9999.000,9999.000,9999.000,9999.000
202604241312,   0.749,9999.000,9999.000,9999.000,9999.000,9999.000,9999.000,9999.000,9999.000
202604241318,   0.778,9999.000,9999.000,9999.000,9999.000,9999.000,9999.000,9999.000,9999.000
202604241324,   0.805,9999.000,9999.000,9999.000,9999.000,9999.000,9999.000,9999.000,9999.000
202604241330,   0.830,9999.000,9999.000,9999.000,9999.000,9999.000,9999.000,9999.000,9999.000
202604241336,   0.854,9999.000,9999.000,9999.000,9999.000,9999.000,9999.000,9999.000,9999.000
202604241342,   0.877,9999.000,9999.000,9999.000,9999.000,9999.000,9999.000,9999.000,9999.000
202604241348,   0.898,9999.000,9999.000,9999.000,9999.000,9999.000,9999.000,9999.000,9999.000
202604241354,   0.917,9999.000,9999.000,9999.000,9999.000,9999.000,9999.000,9999.000,9999.000
202604241400,   0.934,9999.000,   0.800,9999.000,   1.734,   0.600,   1.534,   1.000,   1.934
202604241406,   0.950,9999.000,9999.000,9999.000,9999.000,9999.000,9999.000,9999.000,9999.000
202604241412,   0.964,9999.000,9999.000,9999.000,9999.000,9999.000,9999.000,9999.000,9999.000
202604241418,   0.976,9999.000,9999.000,9999.000,9999.000,9999.000,9999.000,9999.000,9999.000
202604241424,   0.986,9999.000,9999.000,9999.000,9999.000,9999.000,9999.000,9999.000,9999.000
202604241430,   0.994,9999.000,9999.000,9999.000,9999.000,9999.000,9999.000,9999.000,9999.000
202604241436,   1.001,9999.000,9999.000,9999.000,9999.000,9999.000,9999.000,9999.000,9999.000
202604241442,   1.006,9999.000,9999.000,9999.000,9999.000,9999.000,9999.000,9999.000,9999.000
202604241448,   1.009,9999.000,9999.000,9999.000,9999.000,9999.000,9999.000,9999.000,9999.000
202604241454,   1.010,9999.000,9999.000,9999.000,9999.000,9999.000,9999.000,9999.000,9999.000
202604241500,   1.010,9999.000,   0.700,9999.000,   1.710,   0.500,   1.510,   1.000,   2.010
202604241506,   1.007,9999.000,9999.000,9999.000,9999.000,9999.000,9999.000,9999.000,9999.000
202604241512,   1.004,9999.000,9999.000,9999.000,9999.000,9999.000,9999.000,9999.000,9999.000
202604241518,   0.998,9999.000,9999.000,9999.000,9999.000,9999.000,9999.000,9999.000,9999.000
202604241524,   0.991,9999.000,9999.000,9999.000,9999.000,9999.000,9999.000,9999.000,9999.000
202604241530,   0.983,9999.000,9999.000,9999.000,9999.000,9999.000,9999.000,9999.000,9999.000
202604241536,   0.973,9999.000,9999.000,9999.000,9999.000,9999.000,9999.000,9999.000,9999.000
202604241542,   0.962,9999.000,9999.000,9999.000,9999.000,9999.000,9999.000,9999.000,9999.000
202604241548,   0.950,9999.000,9999.000,9999.000,9999.000,9999.000,9999.000,9999.000,9999.000
202604241554,   0.937,9999.000,9999.000,9999.000,9999.000,9999.000,9999.000,9999.000,9999.000
202604241600,   0.922,9999.000,   0.700,9999.000,   1.622,   0.500,   1.422,   0.900,   1.822
202604241606,   0.907,9999.000,9999.000,9999.000,9999.000,9999.000,9999.000,9999.000,9999.000
202604241612,   0.891,9999.000,9999.000,9999.000,9999.000,9999.000,9999.000,9999.000,9999.000
202604241618,   0.874,9999.000,9999.000,9999.000,9999.000,9999.000,9999.000,9999.000,9999.000
202604241624,   0.857,9999.000,9999.000,9999.000,9999.000,9999.000,9999.000,9999.000,9999.000
202604241630,   0.840,9999.000,9999.000,9999.000,9999.000,9999.000,9999.000,9999.000,9999.000
202604241636,   0.822,9999.000,9999.000,9999.000,9999.000,9999.000,9999.000,9999.000,9999.000
202604241642,   0.804,9999.000,9999.000,9999.000,9999.000,9999.000,9999.000,9999.000,9999.000
202604241648,   0.786,9999.000,9999.000,9999.000,9999.000,9999.000,9999.000,9999.000,9999.000
202604241654,   0.768,9999.000,9999.000,9999.000,9999.000,9999.000,9999.000,9999.000,9999.000
202604241700,   0.751,9999.000,   0.700,9999.000,   1.451,   0.500,   1.251,   0.900,   1.651
202604241706,   0.734,9999.000,9999.000,9999.000,9999.000,9999.000,9999.000,9999.000,9999.000
202604241712,   0.717,9999.000,9999.000,9999.000,9999.000,9999.000,9999.000,9999.000,9999.000
202604241718,   0.702,9999.000,9999.000,9999.000,9999.000,9999.000,9999.000,9999.000,9999.000
202604241724,   0.687,9999.000,9999.000,9999.000,9999.000,9999.000,9999.000,9999.000,9999.000
202604241730,   0.674,9999.000,9999.000,9999.000,9999.000,9999.000,9999.000,9999.000,9999.000
202604241736,   0.661,9999.000,9999.000,9999.000,9999.000,9999.000,9999.000,9999.000,9999.000
202604241742,   0.650,9999.000,9999.000,9999.000,9999.000,9999.000,9999.000,9999.000,9999.000
202604241748,   0.641,9999.000,9999.000,9999.000,9999.000,9999.000,9999.000,9999.000,9999.000
202604241754,   0.633,9999.000,9999.000,9999.000,9999.000,9999.000,9999.000,9999.000,9999.000
202604241800,   0.627,9999.000,   0.700,9999.000,   1.327,   0.500,   1.127,   0.900,   1.527
202604241806,   0.622,9999.000,9999.000,9999.000,9999.000,9999.000,9999.000,9999.000,9999.000
202604241812,   0.620,9999.000,9999.000,9999.000,9999.000,9999.000,9999.000,9999.000,9999.000
202604241818,   0.620,9999.000,9999.000,9999.000,9999.000,9999.000,9999.000,9999.000,9999.000
202604241824,   0.622,9999.000,9999.000,9999.000,9999.000,9999.000,9999.000,9999.000,9999.000
202604241830,   0.627,9999.000,9999.000,9999.000,9999.000,9999.000,9999.000,9999.000,9999.000
202604241836,   0.634,9999.000,9999.000,9999.000,9999.000,9999.000,9999.000,9999.000,9999.000
202604241842,   0.644,9999.000,9999.000,9999.000,9999.000,9999.000,9999.000,9999.000,9999.000
202604241848,   0.657,9999.000,9999.000,9999.000,9999.000,9999.000,9999.000,9999.000,9999.000
202604241854,   0.672,9999.000,9999.000,9999.000,9999.000,9999.000,9999.000,9999.000,9999.000
202604241900,   0.690,9999.000,   0.700,9999.000,   1.390,   0.500,   1.190,   0.900,   1.590
202604241906,   0.711,9999.000,9999.000,9999.000,9999.000,9999.000,9999.000,9999.000,9999.000
202604241912,   0.735,9999.000,9999.000,9999.000,9999.000,9999.000,9999.000,9999.000,9999.000
202604241918,   0.762,9999.000,9999.000,9999.000,9999.000,9999.000,9999.000,9999.000,9999.000
202604241924,   0.792,9999.000,9999.000,9999.000,9999.000,9999.000,9999.000,9999.000,9999.000
202604241930,   0.825,9999.000,9999.000,9999.000,9999.000,9999.000,9999.000,9999.000,9999.000
202604241936,   0.862,9999.000,9999.000,9999.000,9999.000,9999.000,9999.000,9999.000,9999.000
202604241942,   0.901,9999.000,9999.000,9999.000,9999.000,9999.000,9999.000,9999.000,9999.000
202604241948,   0.944,9999.000,9999.000,9999.000,9999.000,9999.000,9999.000,9999.000,9999.000
202604241954,   0.989,9999.000,9999.000,9999.000,9999.000,9999.000,9999.000,9999.000,9999.000
202604242000,   1.038,9999.000,   0.700,9999.000,   1.738,   0.500,   1.538,   1.000,   2.038
202604242006,   1.090,9999.000,9999.000,9999.000,9999.000,9999.000,9999.000,9999.000,9999.000
202604242012,   1.145,9999.000,9999.000,9999.000,9999.000,9999.000,9999.000,9999.000,9999.000
202604242018,   1.203,9999.000,9999.000,9999.000,9999.000,9999.000,9999.000,9999.000,9999.000
202604242024,   1.264,9999.000,9999.000,9999.000,9999.000,9999.000,9999.000,9999.000,9999.000
202604242030,   1.328,9999.000,9999.000,9999.000,9999.000,9999.000,9999.000,9999.000,9999.000
202604242036,   1.395,9999.000,9999.000,9999.000,9999.000,9999.000,9999.000,9999.000,9999.000
202604242042,   1.464,9999.000,9999.000,9999.000,9999.000,9999.000,9999.000,9999.000,9999.000
202604242048,   1.536,9999.000,9999.000,9999.000,9999.000,9999.000,9999.000,9999.000,9999.000
202604242054,   1.611,9999.000,9999.000,9999.000,9999.000,9999.000,9999.000,9999.000,9999.000
202604242100,   1.688,9999.000,   0.800,9999.000,   2.488,   0.500,   2.188,   1.000,   2.688
202604242106,   1.767,9999.000,9999.000,9999.000,9999.000,9999.000,9999.000,9999.000,9999.000
202604242112,   1.849,9999.000,9999.000,9999.000,9999.000,9999.000,9999.000,9999.000,9999.000
202604242118,   1.933,9999.000,9999.000,9999.000,9999.000,9999.000,9999.000,9999.000,9999.000
202604242124,   2.019,9999.000,9999.000,9999.000,9999.000,9999.000,9999.000,9999.000,9999.000
202604242130,   2.106,9999.000,9999.000,9999.000,9999.000,9999.000,9999.000,9999.000,9999.000
202604242136,   2.196,9999.000,9999.000,9999.000,9999.000,9999.000,9999.000,9999.000,9999.000
202604242142,   2.287,9999.000,9999.000,9999.000,9999.000,9999.000,9999.000,9999.000,9999.000
202604242148,   2.379,9999.000,9999.000,9999.000,9999.000,9999.000,9999.000,9999.000,9999.000
202604242154,   2.473,9999.000,9999.000,9999.000,9999.000,9999.000,9999.000,9999.000,9999.000
202604242200,   2.568,9999.000,   0.800,9999.000,   3.368,   0.600,   3.168,   1.100,   3.668
202604242206,   2.664,9999.000,9999.000,9999.000,9999.000,9999.000,9999.000,9999.000,9999.000
202604242212,   2.760,9999.000,9999.000,9999.000,9999.000,9999.000,9999.000,9999.000,9999.000
202604242218,   2.857,9999.000,9999.000,9999.000,9999.000,9999.000,9999.000,9999.000,9999.000
202604242224,   2.955,9999.000,9999.000,9999.000,9999.000,9999.000,9999.000,9999.000,9999.000
202604242230,   3.053,9999.000,9999.000,9999.000,9999.000,9999.000,9999.000,9999.000,9999.000
202604242236,   3.151,9999.000,9999.000,9999.000,9999.000,9999.000,9999.000,9999.000,9999.000
202604242242,   3.249,9999.000,9999.000,9999.000,9999.000,9999.000,9999.000,9999.000,9999.000
202604242248,   3.347,9999.000,9999.000,9999.000,9999.000,9999.000,9999.000,9999.000,9999.000
202604242254,   3.445,9999.000,9999.000,9999.000,9999.000,9999.000,9999.000,9999.000,9999.000
202604242300,   3.541,9999.000,   0.900,9999.000,   4.441,   0.600,   4.141,   1.200,   4.741
202604242306,   3.638,9999.000,9999.000,9999.000,9999.000,9999.000,9999.000,9999.000,9999.000
202604242312,   3.733,9999.000,9999.000,9999.000,9999.000,9999.000,9999.000,9999.000,9999.000
202604242318,   3.827,9999.000,9999.000,9999.000,9999.000,9999.000,9999.000,9999.000,9999.000
202604242324,   3.920,9999.000,9999.000,9999.000,9999.000,9999.000,9999.000,9999.000,9999.000
202604242330,   4.011,9999.000,9999.000,9999.000,9999.000,9999.000,9999.000,9999.000,9999.000
202604242336,   4.101,9999.000,9999.000,9999.000,9999.000,9999.000,9999.000,9999.000,9999.000
202604242342,   4.190,9999.000,9999.000,9999.000,9999.000,9999.000,9999.000,9999.000,9999.000
202604242348,   4.276,9999.000,9999.000,9999.000,9999.000,9999.000,9999.000,9999.000,9999.000
202604242354,   4.360,9999.000,9999.000,9999.000,9999.000,9999.000,9999.000,9999.000,9999.000
202604250000,   4.442,9999.000,   0.900,9999.000,   5.342,   0.600,   5.042,   1.200,   5.642
202604250006,   4.522,9999.000,9999.000,9999.000,9999.000,9999.000,9999.000,9999.000,9999.000
202604250012,   4.599,9999.000,9999.000,9999.000,9999.000,9999.000,9999.000,9999.000,9999.000
202604250018,   4.673,9999.000,9999.000,9999.000,9999.000,9999.000,9999.000,9999.000,9999.000
202604250024,   4.745,9999.000,9999.000,9999.000,9999.000,9999.000,9999.000,9999.000,9999.000
202604250030,   4.813,9999.000,9999.000,9999.000,9999.000,9999.000,9999.000,9999.000,9999.000
202604250036,   4.879,9999.000,9999.000,9999.000,9999.000,9999.000,9999.000,9999.000,9999.000
202604250042,   4.941,9999.000,9999.000,9999.000,9999.000,9999.000,9999.000,9999.000,9999.000
202604250048,   5.000,9999.000,9999.000,9999.000,9999.000,9999.000,9999.000,9999.000,9999.000
202604250054,   5.056,9999.000,9999.000,9999.000,9999.000,9999.000,9999.000,9999.000,9999.000
202604250100,   5.108,9999.000,   0.900,9999.000,   6.008,   0.600,   5.708,   1.300,   6.408
202604250106,   5.156,9999.000,9999.000,9999.000,9999.000,9999.000,9999.000,9999.000,9999.000
202604250112,   5.200,9999.000,9999.000,9999.000,9999.000,9999.000,9999.000,9999.000,9999.000
202604250118,   5.240,9999.000,9999.000,9999.000,9999.000,9999.000,9999.000,9999.000,9999.000
202604250124,   5.277,9999.000,9999.000,9999.000,9999.000,9999.000,9999.000,9999.000,9999.000
202604250130,   5.309,9999.000,9999.000,9999.000,9999.000,9999.000,9999.000,9999.000,9999.000
202604250136,   5.337,9999.000,9999.000,9999.000,9999.000,9999.000,9999.000,9999.000,9999.000
202604250142,   5.361,9999.000,9999.000,9999.000,9999.000,9999.000,9999.000,9999.000,9999.000
202604250148,   5.380,9999.000,9999.000,9999.000,9999.000,9999.000,9999.000,9999.000,9999.000
202604250154,   5.396,9999.000,9999.000,9999.000,9999.000,9999.000,9999.000,9999.000,9999.000
202604250200,   5.406,9999.000,   0.900,9999.000,   6.306,   0.600,   6.006,   1.300,   6.706
202604250206,   5.412,9999.000,9999.000,9999.000,9999.000,9999.000,9999.000,9999.000,9999.000
202604250212,   5.414,9999.000,9999.000,9999.000,9999.000,9999.000,9999.000,9999.000,9999.000
202604250218,   5.411,9999.000,9999.000,9999.000,9999.000,9999.000,9999.000,9999.000,9999.000
202604250224,   5.403,9999.000,9999.000,9999.000,9999.000,9999.000,9999.000,9999.000,9999.000
202604250230,   5.391,9999.000,9999.000,9999.000,9999.000,9999.000,9999.000,9999.000,9999.000
202604250236,   5.375,9999.000,9999.000,9999.000,9999.000,9999.000,9999.000,9999.000,9999.000
202604250242,   5.353,9999.000,9999.000,9999.000,9999.000,9999.000,9999.000,9999.000,9999.000
202604250248,   5.327,9999.000,9999.000,9999.000,9999.000,9999.000,9999.000,9999.000,9999.000
202604250254,   5.296,9999.000,9999.000,9999.000,9999.000,9999.000,9999.000,9999.000,9999.000
202604250300,   5.261,9999.000,   0.900,9999.000,   6.161,   0.600,   5.861,   1.200,   6.461
202604250306,   5.222,9999.000,9999.000,9999.000,9999.000,9999.000,9999.000,9999.000,9999.000
202604250312,   5.177,9999.000,9999.000,9999.000,9999.000,9999.000,9999.000,9999.000,9999.000
202604250318,   5.129,9999.000,9999.000,9999.000,9999.000,9999.000,9999.000,9999.000,9999.000
202604250324,   5.076,9999.000,9999.000,9999.000,9999.000,9999.000,9999.000,9999.000,9999.000
202604250330,   5.019,9999.000,9999.000,9999.000,9999.000,9999.000,9999.000,9999.000,9999.000
202604250336,   4.957,9999.000,9999.000,9999.000,9999.000,9999.000,9999.000,9999.000,9999.000
202604250342,   4.891,9999.000,9999.000,9999.000,9999.000,9999.000,9999.000,9999.000,9999.000
202604250348,   4.822,9999.000,9999.000,9999.000,9999.000,9999.000,9999.000,9999.000,9999.000
202604250354,   4.748,9999.000,9999.000,9999.000,9999.000,9999.000,9999.000,9999.000,9999.000
202604250400,   4.671,9999.000,   0.900,9999.000,   5.571,   0.600,   5.271,   1.200,   5.871
202604250406,   4.590,9999.000,9999.000,9999.000,9999.000,9999.000,9999.000,9999.000,9999.000
202604250412,   4.506,9999.000,9999.000,9999.000,9999.000,9999.000,9999.000,9999.000,9999.000
202604250418,   4.418,9999.000,9999.000,9999.000,9999.000,9999.000,9999.000,9999.000,9999.000
202604250424,   4.327,9999.000,9999.000,9999.000,9999.000,9999.000,9999.000,9999.000,9999.000
202604250430,   4.233,9999.000,9999.000,9999.000,9999.000,9999.000,9999.000,9999.000,9999.000
202604250436,   4.136,9999.000,9999.000,9999.000,9999.000,9999.000,9999.000,9999.000,9999.000
202604250442,   4.036,9999.000,9999.000,9999.000,9999.000,9999.000,9999.000,9999.000,9999.000
202604250448,   3.934,9999.000,9999.000,9999.000,9999.000,9999.000,9999.000,9999.000,9999.000
202604250454,   3.829,9999.000,9999.000,9999.000,9999.000,9999.000,9999.000,9999.000,9999.000
202604250500,   3.722,9999.000,   0.900,9999.000,   4.622,   0.500,   4.222,   1.100,   4.822
202604250506,   3.613,9999.000,9999.000,9999.000,9999.000,9999.000,9999.000,9999.000,9999.000
202604250512,   3.503,9999.000,9999.000,9999.000,9999.000,9999.000,9999.000,9999.000,9999.000
202604250518,   3.390,9999.000,9999.000,9999.000,9999.000,9999.000,9999.000,9999.000,9999.000
202604250524,   3.277,9999.000,9999.000,9999.000,9999.000,9999.000,9999.000,9999.000,9999.000
202604250530,   3.162,9999.000,9999.000,9999.000,9999.000,9999.000,9999.000,9999.000,9999.000
202604250536,   3.047,9999.000,9999.000,9999.000,9999.000,9999.000,9999.000,9999.000,9999.000
202604250542,   2.930,9999.000,9999.000,9999.000,9999.000,9999.000,9999.000,9999.000,9999.000
202604250548,   2.813,9999.000,9999.000,9999.000,9999.000,9999.000,9999.000,9999.000,9999.000
202604250554,   2.696,9999.000,9999.000,9999.000,9999.000,9999.000,9999.000,9999.000,9999.000
202604250600,   2.579,9999.000,   0.800,9999.000,   3.379,   0.500,   3.079,   1.000,   3.579
202604250606,   2.462,9999.000,9999.000,9999.000,9999.000,9999.000,9999.000,9999.000,9999.000
202604250612,   2.345,9999.000,9999.000,9999.000,9999.000,9999.000,9999.000,9999.000,9999.000
202604250618,   2.229,9999.000,9999.000,9999.000,9999.000,9999.000,9999.000,9999.000,9999.000
202604250624,   2.114,9999.000,9999.000,9999.000,9999.000,9999.000,9999.000,9999.000,9999.000
202604250630,   2.000,9999.000,9999.000,9999.000,9999.000,9999.000,9999.000,9999.000,9999.000
202604250636,   1.886,9999.000,9999.000,9999.000,9999.000,9999.000,9999.000,9999.000,9999.000
202604250642,   1.775,9999.000,9999.000,9999.000,9999.000,9999.000,9999.000,9999.000,9999.000
202604250648,   1.664,9999.000,9999.000,9999.000,9999.000,9999.000,9999.000,9999.000,9999.000
202604250654,   1.556,9999.000,9999.000,9999.000,9999.000,9999.000,9999.000,9999.000,9999.000
202604250700,   1.450,9999.000,   0.800,9999.000,   2.250,   0.500,   1.950,   1.000,   2.450
202604250706,   1.345,9999.000,9999.000,9999.000,9999.000,9999.000,9999.000,9999.000,9999.000
202604250712,   1.243,9999.000,9999.000,9999.000,9999.000,9999.000,9999.000,9999.000,9999.000
202604250718,   1.144,9999.000,9999.000,9999.000,9999.000,9999.000,9999.000,9999.000,9999.000
202604250724,   1.047,9999.000,9999.000,9999.000,9999.000,9999.000,9999.000,9999.000,9999.000
202604250730,   0.953,9999.000,9999.000,9999.000,9999.000,9999.000,9999.000,9999.000,9999.000
202604250736,   0.861,9999.000,9999.000,9999.000,9999.000,9999.000,9999.000,9999.000,9999.000
202604250742,   0.773,9999.000,9999.000,9999.000,9999.000,9999.000,9999.000,9999.000,9999.000
202604250748,   0.688,9999.000,9999.000,9999.000,9999.000,9999.000,9999.000,9999.000,9999.000
202604250754,   0.606,9999.000,9999.000,9999.000,9999.000,9999.000,9999.000,9999.000,9999.000
202604250800,   0.528,9999.000,   0.700,9999.000,   1.228,   0.500,   1.028,   1.000,   1.528
202604250806,   0.453,9999.000,9999.000,9999.000,9999.000,9999.000,9999.000,9999.000,9999.000
202604250812,   0.381,9999.000,9999.000,9999.000,9999.000,9999.000,9999.000,9999.000,9999.000
202604250818,   0.313,9999.000,9999.000,9999.000,9999.000,9999.000,9999.000,9999.000,9999.000
202604250824,   0.249,9999.000,9999.000,9999.000,9999.000,9999.000,9999.000,9999.000,9999.000
202604250830,   0.188,9999.000,9999.000,9999.000,9999.000,9999.000,9999.000,9999.000,9999.000
202604250836,   0.132,9999.000,9999.000,9999.000,9999.000,9999.000,9999.000,9999.000,9999.000
202604250842,   0.079,9999.000,9999.000,9999.000,9999.000,9999.000,9999.000,9999.000,9999.000
202604250848,   0.030,9999.000,9999.000,9999.000,9999.000,9999.000,9999.000,9999.000,9999.000
202604250854,  -0.015,9999.000,9999.000,9999.000,9999.000,9999.000,9999.000,9999.000,9999.000
202604250900,  -0.056,9999.000,   0.700,9999.000,   0.644,   0.500,   0.444,   1.000,   0.944
202604250906,  -0.094,9999.000,9999.000,9999.000,9999.000,9999.000,9999.000,9999.000,9999.000
202604250912,  -0.128,9999.000,9999.000,9999.000,9999.000,9999.000,9999.000,9999.000,9999.000
202604250918,  -0.158,9999.000,9999.000,9999.000,9999.000,9999.000,9999.000,9999.000,9999.000
202604250924,  -0.185,9999.000,9999.000,9999.000,9999.000,9999.000,9999.000,9999.000,9999.000
202604250930,  -0.207,9999.000,9999.000,9999.000,9999.000,9999.000,9999.000,9999.000,9999.000
202604250936,  -0.226,9999.000,9999.000,9999.000,9999.000,9999.000,9999.000,9999.000,9999.000
202604250942,  -0.242,9999.000,9999.000,9999.000,9999.000,9999.000,9999.000,9999.000,9999.000
202604250948,  -0.253,9999.000,9999.000,9999.000,9999.000,9999.000,9999.000,9999.000,9999.000
202604250954,  -0.262,9999.000,9999.000,9999.000,9999.000,9999.000,9999.000,9999.000,9999.000
202604251000,  -0.267,9999.000,   0.700,9999.000,   0.433,   0.400,   0.133,   0.900,   0.633
202604251006,  -0.269,9999.000,9999.000,9999.000,9999.000,9999.000,9999.000,9999.000,9999.000
202604251012,  -0.267,9999.000,9999.000,9999.000,9999.000,9999.000,9999.000,9999.000,9999.000
202604251018,  -0.262,9999.000,9999.000,9999.000,9999.000,9999.000,9999.000,9999.000,9999.000
202604251024,  -0.255,9999.000,9999.000,9999.000,9999.000,9999.000,9999.000,9999.000,9999.000
202604251030,  -0.244,9999.000,9999.000,9999.000,9999.000,9999.000,9999.000,9999.000,9999.000
202604251036,  -0.230,9999.000,9999.000,9999.000,9999.000,9999.000,9999.000,9999.000,9999.000
202604251042,  -0.214,9999.000,9999.000,9999.000,9999.000,9999.000,9999.000,9999.000,9999.000
202604251048,  -0.195,9999.000,9999.000,9999.000,9999.000,9999.000,9999.000,9999.000,9999.000
202604251054,  -0.174,9999.000,9999.000,9999.000,9999.000,9999.000,9999.000,9999.000,9999.000
202604251100,  -0.151,9999.000,   0.700,9999.000,   0.549,   0.400,   0.249,   0.900,   0.749
202604251106,  -0.125,9999.000,9999.000,9999.000,9999.000,9999.000,9999.000,9999.000,9999.000
202604251112,  -0.097,9999.000,9999.000,9999.000,9999.000,9999.000,9999.000,9999.000,9999.000
202604251118,  -0.067,9999.000,9999.000,9999.000,9999.000,9999.000,9999.000,9999.000,9999.000
202604251124,  -0.035,9999.000,9999.000,9999.000,9999.000,9999.000,9999.000,9999.000,9999.000
202604251130,  -0.001,9999.000,9999.000,9999.000,9999.000,9999.000,9999.000,9999.000,9999.000
202604251136,   0.033,9999.000,9999.000,9999.000,9999.000,9999.000,9999.000,9999.000,9999.000
202604251142,   0.069,9999.000,9999.000,9999.000,9999.000,9999.000,9999.000,9999.000,9999.000
202604251148,   0.107,9999.000,9999.000,9999.000,9999.000,9999.000,9999.000,9999.000,9999.000
202604251154,   0.146,9999.000,9999.000,9999.000,9999.000,9999.000,9999.000,9999.000,9999.000
202604251200,   0.186,9999.000,   0.600,9999.000,   0.786,   0.400,   0.586,   0.900,   1.086
202604251206,   0.227,9999.000,9999.000,9999.000,9999.000,9999.000,9999.000,9999.000,9999.000
202604251212,   0.269,9999.000,9999.000,9999.000,9999.000,9999.000,9999.000,9999.000,9999.000
202604251218,   0.311,9999.000,9999.000,9999.000,9999.000,9999.000,9999.000,9999.000,9999.000
202604251224,   0.354,9999.000,9999.000,9999.000,9999.000,9999.000,9999.000,9999.000,9999.000
202604251230,   0.397,9999.000,9999.000,9999.000,9999.000,9999.000,9999.000,9999.000,9999.000
202604251236,   0.441,9999.000,9999.000,9999.000,9999.000,9999.000,9999.000,9999.000,9999.000
202604251242,   0.485,9999.000,9999.000,9999.000,9999.000,9999.000,9999.000,9999.000,9999.000
202604251248,   0.528,9999.000,9999.000,9999.000,9999.000,9999.000,9999.000,9999.000,9999.000
202604251254,   0.572,9999.000,9999.000,9999.000,9999.000,9999.000,9999.000,9999.000,9999.000
202604251300,   0.615,9999.000,   0.600,9999.000,   1.215,   0.300,   0.915,   0.900,   1.515
202604251306,   0.658,9999.000,9999.000,9999.000,9999.000,9999.000,9999.000,9999.000,9999.000
202604251312,   0.700,9999.000,9999.000,9999.000,9999.000,9999.000,9999.000,9999.000,9999.000
202604251318,   0.742,9999.000,9999.000,9999.000,9999.000,9999.000,9999.000,9999.000,9999.000
202604251324,   0.783,9999.000,9999.000,9999.000,9999.000,9999.000,9999.000,9999.000,9999.000
202604251330,   0.823,9999.000,9999.000,9999.000,9999.000,9999.000,9999.000,9999.000,9999.000
202604251336,   0.862,9999.000,9999.000,9999.000,9999.000,9999.000,9999.000,9999.000,9999.000
202604251342,   0.901,9999.000,9999.000,9999.000,9999.000,9999.000,9999.000,9999.000,9999.000
202604251348,   0.938,9999.000,9999.000,9999.000,9999.000,9999.000,9999.000,9999.000,9999.000
202604251354,   0.973,9999.000,9999.000,9999.000,9999.000,9999.000,9999.000,9999.000,9999.000
202604251400,   1.008,9999.000,   0.600,9999.000,   1.608,   0.300,   1.308,   0.900,   1.908
202604251406,   1.041,9999.000,9999.000,9999.000,9999.000,9999.000,9999.000,9999.000,9999.000
202604251412,   1.073,9999.000,9999.000,9999.000,9999.000,9999.000,9999.000,9999.000,9999.000
202604251418,   1.103,9999.000,9999.000,9999.000,9999.000,9999.000,9999.000,9999.000,9999.000
202604251424,   1.131,9999.000,9999.000,9999.000,9999.000,9999.000,9999.000,9999.000,9999.000
202604251430,   1.158,9999.000,9999.000,9999.000,9999.000,9999.000,9999.000,9999.000,9999.000
202604251436,   1.183,9999.000,9999.000,9999.000,9999.000,9999.000,9999.000,9999.000,9999.000
202604251442,   1.206,9999.000,9999.000,9999.000,9999.000,9999.000,9999.000,9999.000,9999.000
202604251448,   1.227,9999.000,9999.000,9999.000,9999.000,9999.000,9999.000,9999.000,9999.000
202604251454,   1.247,9999.000,9999.000,9999.000,9999.000,9999.000,9999.000,9999.000,9999.000
202604251500,   1.264,9999.000,   0.600,9999.000,   1.864,   0.300,   1.564,   0.900,   2.164
202604251506,   1.280,9999.000,9999.000,9999.000,9999.000,9999.000,9999.000,9999.000,9999.000
202604251512,   1.293,9999.000,9999.000,9999.000,9999.000,9999.000,9999.000,9999.000,9999.000
202604251518,   1.305,9999.000,9999.000,9999.000,9999.000,9999.000,9999.000,9999.000,9999.000
202604251524,   1.314,9999.000,9999.000,9999.000,9999.000,9999.000,9999.000,9999.000,9999.000
202604251530,   1.322,9999.000,9999.000,9999.000,9999.000,9999.000,9999.000,9999.000,9999.000
202604251536,   1.327,9999.000,9999.000,9999.000,9999.000,9999.000,9999.000,9999.000,9999.000
202604251542,   1.331,9999.000,9999.000,9999.000,9999.000,9999.000,9999.000,9999.000,9999.000
202604251548,   1.332,9999.000,9999.000,9999.000,9999.000,9999.000,9999.000,9999.000,9999.000
202604251554,   1.332,9999.000,9999.000,9999.000,9999.000,9999.000,9999.000,9999.000,9999.000
202604251600,   1.330,9999.000,   0.500,9999.000,   1.830,   0.200,   1.530,   0.900,   2.230
202604251606,   1.326,9999.000,9999.000,9999.000,9999.000,9999.000,9999.000,9999.000,9999.000
202604251612,   1.320,9999.000,9999.000,9999.000,9999.000,9999.000,9999.000,9999.000,9999.000
202604251618,   1.312,9999.000,9999.000,9999.000,9999.000,9999.000,9999.000,9999.000,9999.000
202604251624,   1.303,9999.000,9999.000,9999.000,9999.000,9999.000,9999.000,9999.000,9999.000
202604251630,   1.292,9999.000,9999.000,9999.000,9999.000,9999.000,9999.000,9999.000,9999.000
202604251636,   1.279,9999.000,9999.000,9999.000,9999.000,9999.000,9999.000,9999.000,9999.000
202604251642,   1.266,9999.000,9999.000,9999.000,9999.000,9999.000,9999.000,9999.000,9999.000
202604251648,   1.250,9999.000,9999.000,9999.000,9999.000,9999.000,9999.000,9999.000,9999.000
202604251654,   1.234,9999.000,9999.000,9999.000,9999.000,9999.000,9999.000,9999.000,9999.000
202604251700,   1.217,9999.000,   0.500,9999.000,   1.717,   0.200,   1.417,   0.900,   2.117
202604251706,   1.198,9999.000,9999.000,9999.000,9999.000,9999.000,9999.000,9999.000,9999.000
202604251712,   1.179,9999.000,9999.000,9999.000,9999.000,9999.000,9999.000,9999.000,9999.000
202604251718,   1.159,9999.000,9999.000,9999.000,9999.000,9999.000,9999.000,9999.000,9999.000
202604251724,   1.138,9999.000,9999.000,9999.000,9999.000,9999.000,9999.000,9999.000,9999.000
202604251730,   1.117,9999.000,9999.000,9999.000,9999.000,9999.000,9999.000,9999.000,9999.000
202604251736,   1.095,9999.000,9999.000,9999.000,9999.000,9999.000,9999.000,9999.000,9999.000
202604251742,   1.073,9999.000,9999.000,9999.000,9999.000,9999.000,9999.000,9999.000,9999.000
202604251748,   1.052,9999.000,9999.000,9999.000,9999.000,9999.000,9999.000,9999.000,9999.000
202604251754,   1.030,9999.000,9999.000,9999.000,9999.000,9999.000,9999.000,9999.000,9999.000
202604251800,   1.008,9999.000,   0.500,9999.000,   1.508,   0.200,   1.208,   0.900,   1.908
202604251806,   0.987,9999.000,9999.000,9999.000,9999.000,9999.000,9999.000,9999.000,9999.000
202604251812,   0.967,9999.000,9999.000,9999.000,9999.000,9999.000,9999.000,9999.000,9999.000
202604251818,   0.947,9999.000,9999.000,9999.000,9999.000,9999.000,9999.000,9999.000,9999.000
202604251824,   0.928,9999.000,9999.000,9999.000,9999.000,9999.000,9999.000,9999.000,9999.000
202604251830,   0.910,9999.000,9999.000,9999.000,9999.000,9999.000,9999.000,9999.000,9999.000
202604251836,   0.893,9999.000,9999.000,9999.000,9999.000,9999.000,9999.000,9999.000,9999.000
202604251842,   0.877,9999.000,9999.000,9999.000,9999.000,9999.000,9999.000,9999.000,9999.000
202604251848,   0.863,9999.000,9999.000,9999.000,9999.000,9999.000,9999.000,9999.000,9999.000
202604251854,   0.850,9999.000,9999.000,9999.000,9999.000,9999.000,9999.000,9999.000,9999.000
202604251900,   0.839,9999.000,   0.500,9999.000,   1.339,   0.200,   1.039,   0.900,   1.739
202604251906,   0.830,9999.000,9999.000,9999.000,9999.000,9999.000,9999.000,9999.000,9999.000
202604251912,   0.823,9999.000,9999.000,9999.000,9999.000,9999.000,9999.000,9999.000,9999.000
202604251918,   0.818,9999.000,9999.000,9999.000,9999.000,9999.000,9999.000,9999.000,9999.000
202604251924,   0.815,9999.000,9999.000,9999.000,9999.000,9999.000,9999.000,9999.000,9999.000
202604251930,   0.814,9999.000,9999.000,9999.000,9999.000,9999.000,9999.000,9999.000,9999.000
202604251936,   0.816,9999.000,9999.000,9999.000,9999.000,9999.000,9999.000,9999.000,9999.000
202604251942,   0.820,9999.000,9999.000,9999.000,9999.000,9999.000,9999.000,9999.000,9999.000
202604251948,   0.827,9999.000,9999.000,9999.000,9999.000,9999.000,9999.000,9999.000,9999.000
202604251954,   0.836,9999.000,9999.000,9999.000,9999.000,9999.000,9999.000,9999.000,9999.000
202604252000,   0.849,9999.000,   0.500,9999.000,   1.349,   0.100,   0.949,   0.900,   1.749
202604252006,   0.864,9999.000,9999.000,9999.000,9999.000,9999.000,9999.000,9999.000,9999.000
202604252012,   0.882,9999.000,9999.000,9999.000,9999.000,9999.000,9999.000,9999.000,9999.000
202604252018,   0.903,9999.000,9999.000,9999.000,9999.000,9999.000,9999.000,9999.000,9999.000
202604252024,   0.926,9999.000,9999.000,9999.000,9999.000,9999.000,9999.000,9999.000,9999.000
202604252030,   0.953,9999.000,9999.000,9999.000,9999.000,9999.000,9999.000,9999.000,9999.000
202604252036,   0.983,9999.000,9999.000,9999.000,9999.000,9999.000,9999.000,9999.000,9999.000
202604252042,   1.016,9999.000,9999.000,9999.000,9999.000,9999.000,9999.000,9999.000,9999.000
202604252048,   1.051,9999.000,9999.000,9999.000,9999.000,9999.000,9999.000,9999.000,9999.000
202604252054,   1.090,9999.000,9999.000,9999.000,9999.000,9999.000,9999.000,9999.000,9999.000
202604252100,   1.132,9999.000,   0.400,9999.000,   1.532,   0.100,   1.232,   0.800,   1.932
202604252106,   1.177,9999.000,9999.000,9999.000,9999.000,9999.000,9999.000,9999.000,9999.000
202604252112,   1.224,9999.000,9999.000,9999.000,9999.000,9999.000,9999.000,9999.000,9999.000
202604252118,   1.275,9999.000,9999.000,9999.000,9999.000,9999.000,9999.000,9999.000,9999.000
202604252124,   1.328,9999.000,9999.000,9999.000,9999.000,9999.000,9999.000,9999.000,9999.000
202604252130,   1.384,9999.000,9999.000,9999.000,9999.000,9999.000,9999.000,9999.000,9999.000
202604252136,   1.442,9999.000,9999.000,9999.000,9999.000,9999.000,9999.000,9999.000,9999.000
202604252142,   1.504,9999.000,9999.000,9999.000,9999.000,9999.000,9999.000,9999.000,9999.000
202604252148,   1.567,9999.000,9999.000,9999.000,9999.000,9999.000,9999.000,9999.000,9999.000
202604252154,   1.633,9999.000,9999.000,9999.000,9999.000,9999.000,9999.000,9999.000,9999.000
202604252200,   1.702,9999.000,   0.400,9999.000,   2.102,   0.100,   1.802,   0.800,   2.502
202604252206,   1.773,9999.000,9999.000,9999.000,9999.000,9999.000,9999.000,9999.000,9999.000
202604252212,   1.845,9999.000,9999.000,9999.000,9999.000,9999.000,9999.000,9999.000,9999.000
202604252218,   1.920,9999.000,9999.000,9999.000,9999.000,9999.000,9999.000,9999.000,9999.000
202604252224,   1.996,9999.000,9999.000,9999.000,9999.000,9999.000,9999.000,9999.000,9999.000
202604252230,   2.075,9999.000,9999.000,9999.000,9999.000,9999.000,9999.000,9999.000,9999.000
202604252236,   2.155,9999.000,9999.000,9999.000,9999.000,9999.000,9999.000,9999.000,9999.000
202604252242,   2.236,9999.000,9999.000,9999.000,9999.000,9999.000,9999.000,9999.000,9999.000
202604252248,   2.318,9999.000,9999.000,9999.000,9999.000,9999.000,9999.000,9999.000,9999.000
202604252254,   2.402,9999.000,9999.000,9999.000,9999.000,9999.000,9999.000,9999.000,9999.000
202604252300,   2.487,9999.000,   0.400,9999.000,   2.887,   0.100,   2.587,   0.800,   3.287
202604252306,   2.572,9999.000,9999.000,9999.000,9999.000,9999.000,9999.000,9999.000,9999.000
202604252312,   2.658,9999.000,9999.000,9999.000,9999.000,9999.000,9999.000,9999.000,9999.000
202604252318,   2.745,9999.000,9999.000,9999.000,9999.000,9999.000,9999.000,9999.000,9999.000
202604252324,   2.832,9999.000,9999.000,9999.000,9999.000,9999.000,9999.000,9999.000,9999.000
202604252330,   2.919,9999.000,9999.000,9999.000,9999.000,9999.000,9999.000,9999.000,9999.000
202604252336,   3.006,9999.000,9999.000,9999.000,9999.000,9999.000,9999.000,9999.000,9999.000
202604252342,   3.093,9999.000,9999.000,9999.000,9999.000,9999.000,9999.000,9999.000,9999.000
202604252348,   3.180,9999.000,9999.000,9999.000,9999.000,9999.000,9999.000,9999.000,9999.000
202604252354,   3.267,9999.000,9999.000,9999.000,9999.000,9999.000,9999.000,9999.000,9999.000
202604260000,   3.352,9999.000,   0.400,9999.000,   3.752,   0.100,   3.452,   0.800,   4.152
202604260006,   3.437,9999.000,9999.000,9999.000,9999.000,9999.000,9999.000,9999.000,9999.000
202604260012,   3.521,9999.000,9999.000,9999.000,9999.000,9999.000,9999.000,9999.000,9999.000
202604260018,   3.604,9999.000,9999.000,9999.000,9999.000,9999.000,9999.000,9999.000,9999.000
202604260024,   3.686,9999.000,9999.000,9999.000,9999.000,9999.000,9999.000,9999.000,9999.000
202604260030,   3.766,9999.000,9999.000,9999.000,9999.000,9999.000,9999.000,9999.000,9999.000
202604260036,   3.845,9999.000,9999.000,9999.000,9999.000,9999.000,9999.000,9999.000,9999.000
202604260042,   3.922,9999.000,9999.000,9999.000,9999.000,9999.000,9999.000,9999.000,9999.000
202604260048,   3.997,9999.000,9999.000,9999.000,9999.000,9999.000,9999.000,9999.000,9999.000
202604260054,   4.070,9999.000,9999.000,9999.000,9999.000,9999.000,9999.000,9999.000,9999.000
202604260100,   4.140,9999.000,   0.400,9999.000,   4.540,   0.100,   4.240,   0.700,   4.840
202604260106,   4.209,9999.000,9999.000,9999.000,9999.000,9999.000,9999.000,9999.000,9999.000
202604260112,   4.275,9999.000,9999.000,9999.000,9999.000,9999.000,9999.000,9999.000,9999.000
202604260118,   4.338,9999.000,9999.000,9999.000,9999.000,9999.000,9999.000,9999.000,9999.000
202604260124,   4.399,9999.000,9999.000,9999.000,9999.000,9999.000,9999.000,9999.000,9999.000
202604260130,   4.457,9999.000,9999.000,9999.000,9999.000,9999.000,9999.000,9999.000,9999.000
202604260136,   4.512,9999.000,9999.000,9999.000,9999.000,9999.000,9999.000,9999.000,9999.000
202604260142,   4.564,9999.000,9999.000,9999.000,9999.000,9999.000,9999.000,9999.000,9999.000
202604260148,   4.612,9999.000,9999.000,9999.000,9999.000,9999.000,9999.000,9999.000,9999.000
202604260154,   4.658,9999.000,9999.000,9999.000,9999.000,9999.000,9999.000,9999.000,9999.000
202604260200,   4.699,9999.000,   0.400,9999.000,   5.099,   0.100,   4.799,   0.700,   5.399
202604260206,   4.738,9999.000,9999.000,9999.000,9999.000,9999.000,9999.000,9999.000,9999.000
202604260212,   4.772,9999.000,9999.000,9999.000,9999.000,9999.000,9999.000,9999.000,9999.000
202604260218,   4.803,9999.000,9999.000,9999.000,9999.000,9999.000,9999.000,9999.000,9999.000
202604260224,   4.831,9999.000,9999.000,9999.000,9999.000,9999.000,9999.000,9999.000,9999.000
202604260230,   4.854,9999.000,9999.000,9999.000,9999.000,9999.000,9999.000,9999.000,9999.000
202604260236,   4.874,9999.000,9999.000,9999.000,9999.000,9999.000,9999.000,9999.000,9999.000
202604260242,   4.889,9999.000,9999.000,9999.000,9999.000,9999.000,9999.000,9999.000,9999.000
202604260248,   4.900,9999.000,9999.000,9999.000,9999.000,9999.000,9999.000,9999.000,9999.000
202604260254,   4.908,9999.000,9999.000,9999.000,9999.000,9999.000,9999.000,9999.000,9999.000
202604260300,   4.911,9999.000,   0.400,9999.000,   5.311,   0.100,   5.011,   0.800,   5.711
202604260306,   4.910,9999.000,9999.000,9999.000,9999.000,9999.000,9999.000,9999.000,9999.000
202604260312,   4.904,9999.000,9999.000,9999.000,9999.000,9999.000,9999.000,9999.000,9999.000
202604260318,   4.895,9999.000,9999.000,9999.000,9999.000,9999.000,9999.000,9999.000,9999.000
202604260324,   4.881,9999.000,9999.000,9999.000,9999.000,9999.000,9999.000,9999.000,9999.000
202604260330,   4.863,9999.000,9999.000,9999.000,9999.000,9999.000,9999.000,9999.000,9999.000
202604260336,   4.841,9999.000,9999.000,9999.000,9999.000,9999.000,9999.000,9999.000,9999.000
202604260342,   4.814,9999.000,9999.000,9999.000,9999.000,9999.000,9999.000,9999.000,9999.000
202604260348,   4.783,9999.000,9999.000,9999.000,9999.000,9999.000,9999.000,9999.000,9999.000
202604260354,   4.748,9999.000,9999.000,9999.000,9999.000,9999.000,9999.000,9999.000,9999.000
202604260400,   4.709,9999.000,   0.400,9999.000,   5.109,   0.100,   4.809,   0.700,   5.409
202604260406,   4.666,9999.000,9999.000,9999.000,9999.000,9999.000,9999.000,9999.000,9999.000
202604260412,   4.619,9999.000,9999.000,9999.000,9999.000,9999.000,9999.000,9999.000,9999.000
202604260418,   4.567,9999.000,9999.000,9999.000,9999.000,9999.000,9999.000,9999.000,9999.000
202604260424,   4.512,9999.000,9999.000,9999.000,9999.000,9999.000,9999.000,9999.000,9999.000
202604260430,   4.453,9999.000,9999.000,9999.000,9999.000,9999.000,9999.000,9999.000,9999.000
202604260436,   4.390,9999.000,9999.000,9999.000,9999.000,9999.000,9999.000,9999.000,9999.000
202604260442,   4.323,9999.000,9999.000,9999.000,9999.000,9999.000,9999.000,9999.000,9999.000
202604260448,   4.253,9999.000,9999.000,9999.000,9999.000,9999.000,9999.000,9999.000,9999.000
202604260454,   4.180,9999.000,9999.000,9999.000,9999.000,9999.000,9999.000,9999.000,9999.000
202604260500,   4.103,9999.000,   0.400,9999.000,   4.503,   0.100,   4.203,   0.700,   4.803
202604260506,   4.023,9999.000,9999.000,9999.000,9999.000,9999.000,9999.000,9999.000,9999.000
202604260512,   3.940,9999.000,9999.000,9999.000,9999.000,9999.000,9999.000,9999.000,9999.000
202604260518,   3.854,9999.000,9999.000,9999.000,9999.000,9999.000,9999.000,9999.000,9999.000
202604260524,   3.765,9999.000,9999.000,9999.000,9999.000,9999.000,9999.000,9999.000,9999.000
202604260530,   3.673,9999.000,9999.000,9999.000,9999.000,9999.000,9999.000,9999.000,9999.000
202604260536,   3.580,9999.000,9999.000,9999.000,9999.000,9999.000,9999.000,9999.000,9999.000
202604260542,   3.483,9999.000,9999.000,9999.000,9999.000,9999.000,9999.000,9999.000,9999.000
202604260548,   3.385,9999.000,9999.000,9999.000,9999.000,9999.000,9999.000,9999.000,9999.000
202604260554,   3.285,9999.000,9999.000,9999.000,9999.000,9999.000,9999.000,9999.000,9999.000
202604260600,   3.183,9999.000,   0.400,9999.000,   3.583,   0.100,   3.283,   0.700,   3.883
202604260606,   3.080,9999.000,9999.000,9999.000,9999.000,9999.000,9999.000,9999.000,9999.000
202604260612,   2.976,9999.000,9999.000,9999.000,9999.000,9999.000,9999.000,9999.000,9999.000
202604260618,   2.870,9999.000,9999.000,9999.000,9999.000,9999.000,9999.000,9999.000,9999.000
202604260624,   2.763,9999.000,9999.000,9999.000,9999.000,9999.000,9999.000,9999.000,9999.000
202604260630,   2.656,9999.000,9999.000,9999.000,9999.000,9999.000,9999.000,9999.000,9999.000
202604260636,   2.548,9999.000,9999.000,9999.000,9999.000,9999.000,9999.000,9999.000,9999.000
202604260642,   2.440,9999.000,9999.000,9999.000,9999.000,9999.000,9999.000,9999.000,9999.000
202604260648,   2.332,9999.000,9999.000,9999.000,9999.000,9999.000,9999.000,9999.000,9999.000
202604260654,   2.224,9999.000,9999.000,9999.000,9999.000,9999.000,9999.000,9999.000,9999.000
202604260700,   2.116,9999.000,   0.400,9999.000,   2.516,   0.100,   2.216,   0.700,   2.816
202604260706,   2.009,9999.000,9999.000,9999.000,9999.000,9999.000,9999.000,9999.000,9999.000
202604260712,   1.903,9999.000,9999.000,9999.000,9999.000,9999.000,9999.000,9999.000,9999.000
202604260718,   1.797,9999.000,9999.000,9999.000,9999.000,9999.000,9999.000,9999.000,9999.000
202604260724,   1.693,9999.000,9999.000,9999.000,9999.000,9999.000,9999.000,9999.000,9999.000
202604260730,   1.590,9999.000,9999.000,9999.000,9999.000,9999.000,9999.000,9999.000,9999.000
202604260736,   1.489,9999.000,9999.000,9999.000,9999.000,9999.000,9999.000,9999.000,9999.000
202604260742,   1.389,9999.000,9999.000,9999.000,9999.000,9999.000,9999.000,9999.000,9999.000
202604260748,   1.291,9999.000,9999.000,9999.000,9999.000,9999.000,9999.000,9999.000,9999.000
202604260754,   1.195,9999.000,9999.000,9999.000,9999.000,9999.000,9999.000,9999.000,9999.000
202604260800,   1.102,9999.000,   0.500,9999.000,   1.602,   0.100,   1.202,   0.800,   1.902
202604260806,   1.011,9999.000,9999.000,9999.000,9999.000,9999.000,9999.000,9999.000,9999.000
202604260812,   0.923,9999.000,9999.000,9999.000,9999.000,9999.000,9999.000,9999.000,9999.000
202604260818,   0.837,9999.000,9999.000,9999.000,9999.000,9999.000,9999.000,9999.000,9999.000
202604260824,   0.754,9999.000,9999.000,9999.000,9999.000,9999.000,9999.000,9999.000,9999.000
202604260830,   0.674,9999.000,9999.000,9999.000,9999.000,9999.000,9999.000,9999.000,9999.000
202604260836,   0.597,9999.000,9999.000,9999.000,9999.000,9999.000,9999.000,9999.000,9999.000
202604260842,   0.524,9999.000,9999.000,9999.000,9999.000,9999.000,9999.000,9999.000,9999.000
202604260848,   0.453,9999.000,9999.000,9999.000,9999.000,9999.000,9999.000,9999.000,9999.000
202604260854,   0.387,9999.000,9999.000,9999.000,9999.000,9999.000,9999.000,9999.000,9999.000
202604260900,   0.323,9999.000,   0.500,9999.000,   0.823,   0.200,   0.523,   0.800,   1.123
202604260906,   0.263,9999.000,9999.000,9999.000,9999.000,9999.000,9999.000,9999.000,9999.000
202604260912,   0.207,9999.000,9999.000,9999.000,9999.000,9999.000,9999.000,9999.000,9999.000
202604260918,   0.155,9999.000,9999.000,9999.000,9999.000,9999.000,9999.000,9999.000,9999.000
202604260924,   0.106,9999.000,9999.000,9999.000,9999.000,9999.000,9999.000,9999.000,9999.000
202604260930,   0.061,9999.000,9999.000,9999.000,9999.000,9999.000,9999.000,9999.000,9999.000
202604260936,   0.020,9999.000,9999.000,9999.000,9999.000,9999.000,9999.000,9999.000,9999.000
202604260942,  -0.017,9999.000,9999.000,9999.000,9999.000,9999.000,9999.000,9999.000,9999.000
202604260948,  -0.050,9999.000,9999.000,9999.000,9999.000,9999.000,9999.000,9999.000,9999.000
202604260954,  -0.080,9999.000,9999.000,9999.000,9999.000,9999.000,9999.000,9999.000,9999.000
202604261000,  -0.106,9999.000,   0.600,9999.000,   0.494,   0.200,   0.094,   0.900,   0.794
202604261006,  -0.128,9999.000,9999.000,9999.000,9999.000,9999.000,9999.000,9999.000,9999.000
202604261012,  -0.147,9999.000,9999.000,9999.000,9999.000,9999.000,9999.000,9999.000,9999.000
202604261018,  -0.162,9999.000,9999.000,9999.000,9999.000,9999.000,9999.000,9999.000,9999.000
202604261024,  -0.173,9999.000,9999.000,9999.000,9999.000,9999.000,9999.000,9999.000,9999.000
202604261030,  -0.181,9999.000,9999.000,9999.000,9999.000,9999.000,9999.000,9999.000,9999.000
202604261036,  -0.185,9999.000,9999.000,9999.000,9999.000,9999.000,9999.000,9999.000,9999.000
202604261042,  -0.185,9999.000,9999.000,9999.000,9999.000,9999.000,9999.000,9999.000,9999.000
202604261048,  -0.182,9999.000,9999.000,9999.000,9999.000,9999.000,9999.000,9999.000,9999.000
202604261054,  -0.176,9999.000,9999.000,9999.000,9999.000,9999.000,9999.000,9999.000,9999.000
202604261100,  -0.167,9999.000,   0.700,9999.000,   0.533,   0.300,   0.133,   1.200,   1.033
202604261106,  -0.155,9999.000,9999.000,9999.000,9999.000,9999.000,9999.000,9999.000,9999.000
202604261112,  -0.139,9999.000,9999.000,9999.000,9999.000,9999.000,9999.000,9999.000,9999.000
202604261118,  -0.121,9999.000,9999.000,9999.000,9999.000,9999.000,9999.000,9999.000,9999.000
202604261124,  -0.100,9999.000,9999.000,9999.000,9999.000,9999.000,9999.000,9999.000,9999.000
202604261130,  -0.076,9999.000,9999.000,9999.000,9999.000,9999.000,9999.000,9999.000,9999.000
202604261136,  -0.050,9999.000,9999.000,9999.000,9999.000,9999.000,9999.000,9999.000,9999.000
202604261142,  -0.021,9999.000,9999.000,9999.000,9999.000,9999.000,9999.000,9999.000,9999.000
202604261148,   0.009,9999.000,9999.000,9999.000,9999.000,9999.000,9999.000,9999.000,9999.000
202604261154,   0.043,9999.000,9999.000,9999.000,9999.000,9999.000,9999.000,9999.000,9999.000
202604261200,   0.078,9999.000,   0.800,9999.000,   0.878,   0.400,   0.478,   1.400,   1.478
202604261206,   0.116,9999.000,9999.000,9999.000,9999.000,9999.000,9999.000,9999.000,9999.000
202604261212,   0.155,9999.000,9999.000,9999.000,9999.000,9999.000,9999.000,9999.000,9999.000
202604261218,   0.196,9999.000,9999.000,9999.000,9999.000,9999.000,9999.000,9999.000,9999.000
202604261224,   0.238,9999.000,9999.000,9999.000,9999.000,9999.000,9999.000,9999.000,9999.000
202604261230,   0.282,9999.000,9999.000,9999.000,9999.000,9999.000,9999.000,9999.000,9999.000
202604261236,   0.327,9999.000,9999.000,9999.000,9999.000,9999.000,9999.000,9999.000,9999.000
202604261242,   0.373,9999.000,9999.000,9999.000,9999.000,9999.000,9999.000,9999.000,9999.000
202604261248,   0.420,9999.000,9999.000,9999.000,9999.000,9999.000,9999.000,9999.000,9999.000
202604261254,   0.468,9999.000,9999.000,9999.000,9999.000,9999.000,9999.000,9999.000,9999.000
202604261300,   0.517,9999.000,   1.000,9999.000,   1.517,   0.500,   1.017,   1.900,   2.417
202604261306,   0.566,9999.000,9999.000,9999.000,9999.000,9999.000,9999.000,9999.000,9999.000
202604261312,   0.616,9999.000,9999.000,9999.000,9999.000,9999.000,9999.000,9999.000,9999.000
202604261318,   0.666,9999.000,9999.000,9999.000,9999.000,9999.000,9999.000,9999.000,9999.000
202604261324,   0.716,9999.000,9999.000,9999.000,9999.000,9999.000,9999.000,9999.000,9999.000
202604261330,   0.766,9999.000,9999.000,9999.000,9999.000,9999.000,9999.000,9999.000,9999.000
202604261336,   0.816,9999.000,9999.000,9999.000,9999.000,9999.000,9999.000,9999.000,9999.000
202604261342,   0.866,9999.000,9999.000,9999.000,9999.000,9999.000,9999.000,9999.000,9999.000
202604261348,   0.916,9999.000,9999.000,9999.000,9999.000,9999.000,9999.000,9999.000,9999.000
202604261354,   0.965,9999.000,9999.000,9999.000,9999.000,9999.000,9999.000,9999.000,9999.000
202604261400,   1.014,9999.000,   1.300,9999.000,   2.314,   0.600,   1.614,   2.400,   3.414
202604261406,   1.061,9999.000,9999.000,9999.000,9999.000,9999.000,9999.000,9999.000,9999.000
202604261412,   1.108,9999.000,9999.000,9999.000,9999.000,9999.000,9999.000,9999.000,9999.000
202604261418,   1.154,9999.000,9999.000,9999.000,9999.000,9999.000,9999.000,9999.000,9999.000
202604261424,   1.199,9999.000,9999.000,9999.000,9999.000,9999.000,9999.000,9999.000,9999.000
202604261430,   1.243,9999.000,9999.000,9999.000,9999.000,9999.000,9999.000,9999.000,9999.000
202604261436,   1.285,9999.000,9999.000,9999.000,9999.000,9999.000,9999.000,9999.000,9999.000
202604261442,   1.327,9999.000,9999.000,9999.000,9999.000,9999.000,9999.000,9999.000,9999.000
202604261448,   1.366,9999.000,9999.000,9999.000,9999.000,9999.000,9999.000,9999.000,9999.000
202604261454,   1.404,9999.000,9999.000,9999.000,9999.000,9999.000,9999.000,9999.000,9999.000
202604261500,   1.441,9999.000,   1.600,9999.000,   3.041,   0.800,   2.241,   3.000,   4.441
202604261506,   1.476,9999.000,9999.000,9999.000,9999.000,9999.000,9999.000,9999.000,9999.000
202604261512,   1.509,9999.000,9999.000,9999.000,9999.000,9999.000,9999.000,9999.000,9999.000
202604261518,   1.540,9999.000,9999.000,9999.000,9999.000,9999.000,9999.000,9999.000,9999.000
202604261524,   1.569,9999.000,9999.000,9999.000,9999.000,9999.000,9999.000,9999.000,9999.000
202604261530,   1.596,9999.000,9999.000,9999.000,9999.000,9999.000,9999.000,9999.000,9999.000
202604261536,   1.621,9999.000,9999.000,9999.000,9999.000,9999.000,9999.000,9999.000,9999.000
202604261542,   1.644,9999.000,9999.000,9999.000,9999.000,9999.000,9999.000,9999.000,9999.000
202604261548,   1.665,9999.000,9999.000,9999.000,9999.000,9999.000,9999.000,9999.000,9999.000
202604261554,   1.684,9999.000,9999.000,9999.000,9999.000,9999.000,9999.000,9999.000,9999.000
202604261600,   1.701,9999.000,   2.100,9999.000,   3.801,   1.000,   2.701,   3.700,   5.401
202604261606,   1.715,9999.000,9999.000,9999.000,9999.000,9999.000,9999.000,9999.000,9999.000
202604261612,   1.727,9999.000,9999.000,9999.000,9999.000,9999.000,9999.000,9999.000,9999.000
202604261618,   1.737,9999.000,9999.000,9999.000,9999.000,9999.000,9999.000,9999.000,9999.000
202604261624,   1.745,9999.000,9999.000,9999.000,9999.000,9999.000,9999.000,9999.000,9999.000
202604261630,   1.750,9999.000,9999.000,9999.000,9999.000,9999.000,9999.000,9999.000,9999.000
202604261636,   1.753,9999.000,9999.000,9999.000,9999.000,9999.000,9999.000,9999.000,9999.000
202604261642,   1.754,9999.000,9999.000,9999.000,9999.000,9999.000,9999.000,9999.000,9999.000
202604261648,   1.753,9999.000,9999.000,9999.000,9999.000,9999.000,9999.000,9999.000,9999.000
202604261654,   1.750,9999.000,9999.000,9999.000,9999.000,9999.000,9999.000,9999.000,9999.000
202604261700,   1.744,9999.000,   2.500,9999.000,   4.244,   1.100,   2.844,   4.100,   5.844
202604261706,   1.736,9999.000,9999.000,9999.000,9999.000,9999.000,9999.000,9999.000,9999.000
202604261712,   1.727,9999.000,9999.000,9999.000,9999.000,9999.000,9999.000,9999.000,9999.000
202604261718,   1.715,9999.000,9999.000,9999.000,9999.000,9999.000,9999.000,9999.000,9999.000
202604261724,   1.702,9999.000,9999.000,9999.000,9999.000,9999.000,9999.000,9999.000,9999.000
202604261730,   1.687,9999.000,9999.000,9999.000,9999.000,9999.000,9999.000,9999.000,9999.000
202604261736,   1.670,9999.000,9999.000,9999.000,9999.000,9999.000,9999.000,9999.000,9999.000
202604261742,   1.652,9999.000,9999.000,9999.000,9999.000,9999.000,9999.000,9999.000,9999.000
202604261748,   1.632,9999.000,9999.000,9999.000,9999.000,9999.000,9999.000,9999.000,9999.000
202604261754,   1.611,9999.000,9999.000,9999.000,9999.000,9999.000,9999.000,9999.000,9999.000
202604261800,   1.588,9999.000,   3.000,9999.000,   4.588,   1.300,   2.888,   4.800,   6.388
202604261806,   1.565,9999.000,9999.000,9999.000,9999.000,9999.000,9999.000,9999.000,9999.000
202604261812,   1.540,9999.000,9999.000,9999.000,9999.000,9999.000,9999.000,9999.000,9999.000
202604261818,   1.514,9999.000,9999.000,9999.000,9999.000,9999.000,9999.000,9999.000,9999.000
202604261824,   1.488,9999.000,9999.000,9999.000,9999.000,9999.000,9999.000,9999.000,9999.000
202604261830,   1.461,9999.000,9999.000,9999.000,9999.000,9999.000,9999.000,9999.000,9999.000
202604261836,   1.433,9999.000,9999.000,9999.000,9999.000,9999.000,9999.000,9999.000,9999.000
202604261842,   1.406,9999.000,9999.000,9999.000,9999.000,9999.000,9999.000,9999.000,9999.000
202604261848,   1.377,9999.000,9999.000,9999.000,9999.000,9999.000,9999.000,9999.000,9999.000
202604261854,   1.349,9999.000,9999.000,9999.000,9999.000,9999.000,9999.000,9999.000,9999.000
202604261900,   1.321,9999.000,   3.500,9999.000,   4.821,   1.800,   3.121,   5.100,   6.421
202604261906,   1.294,9999.000,9999.000,9999.000,9999.000,9999.000,9999.000,9999.000,9999.000
202604261912,   1.266,9999.000,9999.000,9999.000,9999.000,9999.000,9999.000,9999.000,9999.000
202604261918,   1.240,9999.000,9999.000,9999.000,9999.000,9999.000,9999.000,9999.000,9999.000
202604261924,   1.214,9999.000,9999.000,9999.000,9999.000,9999.000,9999.000,9999.000,9999.000
202604261930,   1.189,9999.000,9999.000,9999.000,9999.000,9999.000,9999.000,9999.000,9999.000
202604261936,   1.164,9999.000,9999.000,9999.000,9999.000,9999.000,9999.000,9999.000,9999.000
202604261942,   1.141,9999.000,9999.000,9999.000,9999.000,9999.000,9999.000,9999.000,9999.000
202604261948,   1.120,9999.000,9999.000,9999.000,9999.000,9999.000,9999.000,9999.000,9999.000
202604261954,   1.099,9999.000,9999.000,9999.000,9999.000,9999.000,9999.000,9999.000,9999.000
202604262000,   1.081,9999.000,   3.800,9999.000,   4.881,   2.100,   3.181,   5.100,   6.181
202604262006,   1.064,9999.000,9999.000,9999.000,9999.000,9999.000,9999.000,9999.000,9999.000
202604262012,   1.049,9999.000,9999.000,9999.000,9999.000,9999.000,9999.000,9999.000,9999.000
202604262018,   1.036,9999.000,9999.000,9999.000,9999.000,9999.000,9999.000,9999.000,9999.000
202604262024,   1.025,9999.000,9999.000,9999.000,9999.000,9999.000,9999.000,9999.000,9999.000
202604262030,   1.016,9999.000,9999.000,9999.000,9999.000,9999.000,9999.000,9999.000,9999.000
202604262036,   1.009,9999.000,9999.000,9999.000,9999.000,9999.000,9999.000,9999.000,9999.000
202604262042,   1.005,9999.000,9999.000,9999.000,9999.000,9999.000,9999.000,9999.000,9999.000
202604262048,   1.003,9999.000,9999.000,9999.000,9999.000,9999.000,9999.000,9999.000,9999.000
202604262054,   1.004,9999.000,9999.000,9999.000,9999.000,9999.000,9999.000,9999.000,9999.000
202604262100,   1.007,9999.000,   4.100,9999.000,   5.107,   2.500,   3.507,   5.600,   6.607
202604262106,   1.013,9999.000,9999.000,9999.000,9999.000,9999.000,9999.000,9999.000,9999.000
202604262112,   1.022,9999.000,9999.000,9999.000,9999.000,9999.000,9999.000,9999.000,9999.000
202604262118,   1.034,9999.000,9999.000,9999.000,9999.000,9999.000,9999.000,9999.000,9999.000
202604262124,   1.048,9999.000,9999.000,9999.000,9999.000,9999.000,9999.000,9999.000,9999.000
202604262130,   1.065,9999.000,9999.000,9999.000,9999.000,9999.000,9999.000,9999.000,9999.000
202604262136,   1.085,9999.000,9999.000,9999.000,9999.000,9999.000,9999.000,9999.000,9999.000
202604262142,   1.108,9999.000,9999.000,9999.000,9999.000,9999.000,9999.000,9999.000,9999.000
202604262148,   1.134,9999.000,9999.000,9999.000,9999.000,9999.000,9999.000,9999.000,9999.000
202604262154,   1.163,9999.000,9999.000,9999.000,9999.000,9999.000,9999.000,9999.000,9999.000
202604262200,   1.194,9999.000,   4.100,9999.000,   5.294,   2.800,   3.994,   5.500,   6.694
202604262206,   1.228,9999.000,9999.000,9999.000,9999.000,9999.000,9999.000,9999.000,9999.000
202604262212,   1.265,9999.000,9999.000,9999.000,9999.000,9999.000,9999.000,9999.000,9999.000
202604262218,   1.305,9999.000,9999.000,9999.000,9999.000,9999.000,9999.000,9999.000,9999.000
202604262224,   1.348,9999.000,9999.000,9999.000,9999.000,9999.000,9999.000,9999.000,9999.000
202604262230,   1.393,9999.000,9999.000,9999.000,9999.000,9999.000,9999.000,9999.000,9999.000
202604262236,   1.440,9999.000,9999.000,9999.000,9999.000,9999.000,9999.000,9999.000,9999.000
202604262242,   1.490,9999.000,9999.000,9999.000,9999.000,9999.000,9999.000,9999.000,9999.000
202604262248,   1.543,9999.000,9999.000,9999.000,9999.000,9999.000,9999.000,9999.000,9999.000
202604262254,   1.597,9999.000,9999.000,9999.000,9999.000,9999.000,9999.000,9999.000,9999.000
202604262300,   1.654,9999.000,   4.000,9999.000,   5.654,   2.900,   4.554,   5.100,   6.754
202604262306,   1.713,9999.000,9999.000,9999.000,9999.000,9999.000,9999.000,9999.000,9999.000
202604262312,   1.774,9999.000,9999.000,9999.000,9999.000,9999.000,9999.000,9999.000,9999.000
202604262318,   1.837,9999.000,9999.000,9999.000,9999.000,9999.000,9999.000,9999.000,9999.000
202604262324,   1.901,9999.000,9999.000,9999.000,9999.000,9999.000,9999.000,9999.000,9999.000
202604262330,   1.967,9999.000,9999.000,9999.000,9999.000,9999.000,9999.000,9999.000,9999.000
202604262336,   2.035,9999.000,9999.000,9999.000,9999.000,9999.000,9999.000,9999.000,9999.000
202604262342,   2.104,9999.000,9999.000,9999.000,9999.000,9999.000,9999.000,9999.000,9999.000
202604262348,   2.174,9999.000,9999.000,9999.000,9999.000,9999.000,9999.000,9999.000,9999.000
202604262354,   2.245,9999.000,9999.000,9999.000,9999.000,9999.000,9999.000,9999.000,9999.000
202604270000,   2.317,9999.000,   3.800,9999.000,   6.117,   2.900,   5.217,   5.000,   7.317
202604270006,   2.390,9999.000,9999.000,9999.000,9999.000,9999.000,9999.000,9999.000,9999.000
202604270012,   2.464,9999.000,9999.000,9999.000,9999.000,9999.000,9999.000,9999.000,9999.000
202604270018,   2.538,9999.000,9999.000,9999.000,9999.000,9999.000,9999.000,9999.000,9999.000
202604270024,   2.612,9999.000,9999.000,9999.000,9999.000,9999.000,9999.000,9999.000,9999.000
202604270030,   2.686,9999.000,9999.000,9999.000,9999.000,9999.000,9999.000,9999.000,9999.000
202604270036,   2.761,9999.000,9999.000,9999.000,9999.000,9999.000,9999.000,9999.000,9999.000
202604270042,   2.835,9999.000,9999.000,9999.000,9999.000,9999.000,9999.000,9999.000,9999.000
202604270048,   2.909,9999.000,9999.000,9999.000,9999.000,9999.000,9999.000,9999.000,9999.000
202604270054,   2.983,9999.000,9999.000,9999.000,9999.000,9999.000,9999.000,9999.000,9999.000
202604270100,   3.056,9999.000,   3.600,9999.000,   6.656,   2.800,   5.856,   4.800,   7.856
202604270106,   3.128,9999.000,9999.000,9999.000,9999.000,9999.000,9999.000,9999.000,9999.000
202604270112,   3.200,9999.000,9999.000,9999.000,9999.000,9999.000,9999.000,9999.000,9999.000
202604270118,   3.270,9999.000,9999.000,9999.000,9999.000,9999.000,9999.000,9999.000,9999.000
202604270124,   3.339,9999.000,9999.000,9999.000,9999.000,9999.000,9999.000,9999.000,9999.000
202604270130,   3.407,9999.000,9999.000,9999.000,9999.000,9999.000,9999.000,9999.000,9999.000
202604270136,   3.473,9999.000,9999.000,9999.000,9999.000,9999.000,9999.000,9999.000,9999.000
202604270142,   3.538,9999.000,9999.000,9999.000,9999.000,9999.000,9999.000,9999.000,9999.000
202604270148,   3.601,9999.000,9999.000,9999.000,9999.000,9999.000,9999.000,9999.000,9999.000
202604270154,   3.662,9999.000,9999.000,9999.000,9999.000,9999.000,9999.000,9999.000,9999.000
202604270200,   3.721,9999.000,   3.500,9999.000,   7.221,   2.400,   6.121,   4.600,   8.321
202604270206,   3.778,9999.000,9999.000,9999.000,9999.000,9999.000,9999.000,9999.000,9999.000
202604270212,   3.833,9999.000,9999.000,9999.000,9999.000,9999.000,9999.000,9999.000,9999.000
202604270218,   3.885,9999.000,9999.000,9999.000,9999.000,9999.000,9999.000,9999.000,9999.000
202604270224,   3.935,9999.000,9999.000,9999.000,9999.000,9999.000,9999.000,9999.000,9999.000
202604270230,   3.982,9999.000,9999.000,9999.000,9999.000,9999.000,9999.000,9999.000,9999.000
202604270236,   4.026,9999.000,9999.000,9999.000,9999.000,9999.000,9999.000,9999.000,9999.000
202604270242,   4.068,9999.000,9999.000,9999.000,9999.000,9999.000,9999.000,9999.000,9999.000
202604270248,   4.106,9999.000,9999.000,9999.000,9999.000,9999.000,9999.000,9999.000,9999.000
202604270254,   4.142,9999.000,9999.000,9999.000,9999.000,9999.000,9999.000,9999.000,9999.000
202604270300,   4.174,9999.000,   3.500,9999.000,   7.674,   2.300,   6.474,   4.600,   8.774
202604270306,   4.203,9999.000,9999.000,9999.000,9999.000,9999.000,9999.000,9999.000,9999.000
202604270312,   4.229,9999.000,9999.000,9999.000,9999.000,9999.000,9999.000,9999.000,9999.000
202604270318,   4.252,9999.000,9999.000,9999.000,9999.000,9999.000,9999.000,9999.000,9999.000
202604270324,   4.271,9999.000,9999.000,9999.000,9999.000,9999.000,9999.000,9999.000,9999.000
202604270330,   4.286,9999.000,9999.000,9999.000,9999.000,9999.000,9999.000,9999.000,9999.000
202604270336,   4.298,9999.000,9999.000,9999.000,9999.000,9999.000,9999.000,9999.000,9999.000
202604270342,   4.306,9999.000,9999.000,9999.000,9999.000,9999.000,9999.000,9999.000,9999.000
202604270348,   4.311,9999.000,9999.000,9999.000,9999.000,9999.000,9999.000,9999.000,9999.000
202604270354,   4.311,9999.000,9999.000,9999.000,9999.000,9999.000,9999.000,9999.000,9999.000
202604270400,   4.309,9999.000,   3.500,9999.000,   7.809,   2.200,   6.509,   4.900,   9.209
202604270406,   4.302,9999.000,9999.000,9999.000,9999.000,9999.000,9999.000,9999.000,9999.000
202604270412,   4.291,9999.000,9999.000,9999.000,9999.000,9999.000,9999.000,9999.000,9999.000
202604270418,   4.277,9999.000,9999.000,9999.000,9999.000,9999.000,9999.000,9999.000,9999.000
202604270424,   4.259,9999.000,9999.000,9999.000,9999.000,9999.000,9999.000,9999.000,9999.000
202604270430,   4.237,9999.000,9999.000,9999.000,9999.000,9999.000,9999.000,9999.000,9999.000
202604270436,   4.211,9999.000,9999.000,9999.000,9999.000,9999.000,9999.000,9999.000,9999.000
202604270442,   4.182,9999.000,9999.000,9999.000,9999.000,9999.000,9999.000,9999.000,9999.000
202604270448,   4.148,9999.000,9999.000,9999.000,9999.000,9999.000,9999.000,9999.000,9999.000
202604270454,   4.111,9999.000,9999.000,9999.000,9999.000,9999.000,9999.000,9999.000,9999.000
202604270500,   4.070,9999.000,   3.600,9999.000,   7.670,   2.100,   6.170,   5.400,   9.470
202604270506,   4.026,9999.000,9999.000,9999.000,9999.000,9999.000,9999.000,9999.000,9999.000
202604270512,   3.978,9999.000,9999.000,9999.000,9999.000,9999.000,9999.000,9999.000,9999.000
202604270518,   3.926,9999.000,9999.000,9999.000,9999.000,9999.000,9999.000,9999.000,9999.000
202604270524,   3.871,9999.000,9999.000,9999.000,9999.000,9999.000,9999.000,9999.000,9999.000
202604270530,   3.813,9999.000,9999.000,9999.000,9999.000,9999.000,9999.000,9999.000,9999.000
202604270536,   3.752,9999.000,9999.000,9999.000,9999.000,9999.000,9999.000,9999.000,9999.000
202604270542,   3.687,9999.000,9999.000,9999.000,9999.000,9999.000,9999.000,9999.000,9999.000
202604270548,   3.619,9999.000,9999.000,9999.000,9999.000,9999.000,9999.000,9999.000,9999.000
202604270554,   3.548,9999.000,9999.000,9999.000,9999.000,9999.000,9999.000,9999.000,9999.000
202604270600,   3.475,9999.000,   3.700,9999.000,   7.175,   2.000,   5.475,   5.900,   9.375
202604270606,   3.399,9999.000,9999.000,9999.000,9999.000,9999.000,9999.000,9999.000,9999.000
202604270612,   3.320,9999.000,9999.000,9999.000,9999.000,9999.000,9999.000,9999.000,9999.000
202604270618,   3.239,9999.000,9999.000,9999.000,9999.000,9999.000,9999.000,9999.000,9999.000
202604270624,   3.155,9999.000,9999.000,9999.000,9999.000,9999.000,9999.000,9999.000,9999.000
202604270630,   3.070,9999.000,9999.000,9999.000,9999.000,9999.000,9999.000,9999.000,9999.000
202604270636,   2.982,9999.000,9999.000,9999.000,9999.000,9999.000,9999.000,9999.000,9999.000
202604270642,   2.893,9999.000,9999.000,9999.000,9999.000,9999.000,9999.000,9999.000,9999.000
202604270648,   2.802,9999.000,9999.000,9999.000,9999.000,9999.000,9999.000,9999.000,9999.000
202604270654,   2.710,9999.000,9999.000,9999.000,9999.000,9999.000,9999.000,9999.000,9999.000
202604270700,   2.617,9999.000,   3.800,9999.000,   6.417,   2.100,   4.717,   6.100,   8.717
202604270706,   2.522,9999.000,9999.000,9999.000,9999.000,9999.000,9999.000,9999.000,9999.000
202604270712,   2.427,9999.000,9999.000,9999.000,9999.000,9999.000,9999.000,9999.000,9999.000
202604270718,   2.331,9999.000,9999.000,9999.000,9999.000,9999.000,9999.000,9999.000,9999.000
202604270724,   2.235,9999.000,9999.000,9999.000,9999.000,9999.000,9999.000,9999.000,9999.000
202604270730,   2.138,9999.000,9999.000,9999.000,9999.000,9999.000,9999.000,9999.000,9999.000
202604270736,   2.041,9999.000,9999.000,9999.000,9999.000,9999.000,9999.000,9999.000,9999.000
202604270742,   1.945,9999.000,9999.000,9999.000,9999.000,9999.000,9999.000,9999.000,9999.000
202604270748,   1.848,9999.000,9999.000,9999.000,9999.000,9999.000,9999.000,9999.000,9999.000
202604270754,   1.753,9999.000,9999.000,9999.000,9999.000,9999.000,9999.000,9999.000,9999.000
202604270800,   1.658,9999.000,   3.900,9999.000,   5.558,   2.000,   3.658,   6.100,   7.758
202604270806,   1.564,9999.000,9999.000,9999.000,9999.000,9999.000,9999.000,9999.000,9999.000
202604270812,   1.471,9999.000,9999.000,9999.000,9999.000,9999.000,9999.000,9999.000,9999.000
202604270818,   1.379,9999.000,9999.000,9999.000,9999.000,9999.000,9999.000,9999.000,9999.000
202604270824,   1.289,9999.000,9999.000,9999.000,9999.000,9999.000,9999.000,9999.000,9999.000
202604270830,   1.201,9999.000,9999.000,9999.000,9999.000,9999.000,9999.000,9999.000,9999.000
202604270836,   1.115,9999.000,9999.000,9999.000,9999.000,9999.000,9999.000,9999.000,9999.000
202604270842,   1.030,9999.000,9999.000,9999.000,9999.000,9999.000,9999.000,9999.000,9999.000
202604270848,   0.948,9999.000,9999.000,9999.000,9999.000,9999.000,9999.000,9999.000,9999.000
202604270854,   0.868,9999.000,9999.000,9999.000,9999.000,9999.000,9999.000,9999.000,9999.000
202604270900,   0.790,9999.000,   3.900,9999.000,   4.690,   2.000,   2.790,   6.400,   7.190
202604270906,   0.716,9999.000,9999.000,9999.000,9999.000,9999.000,9999.000,9999.000,9999.000
202604270912,   0.644,9999.000,9999.000,9999.000,9999.000,9999.000,9999.000,9999.000,9999.000
202604270918,   0.575,9999.000,9999.000,9999.000,9999.000,9999.000,9999.000,9999.000,9999.000
202604270924,   0.509,9999.000,9999.000,9999.000,9999.000,9999.000,9999.000,9999.000,9999.000
202604270930,   0.446,9999.000,9999.000,9999.000,9999.000,9999.000,9999.000,9999.000,9999.000
202604270936,   0.386,9999.000,9999.000,9999.000,9999.000,9999.000,9999.000,9999.000,9999.000
202604270942,   0.330,9999.000,9999.000,9999.000,9999.000,9999.000,9999.000,9999.000,9999.000
202604270948,   0.277,9999.000,9999.000,9999.000,9999.000,9999.000,9999.000,9999.000,9999.000
202604270954,   0.227,9999.000,9999.000,9999.000,9999.000,9999.000,9999.000,9999.000,9999.000
202604271000,   0.182,9999.000,   3.900,9999.000,   4.082,   1.900,   2.082,   6.400,   6.582
202604271006,   0.139,9999.000,9999.000,9999.000,9999.000,9999.000,9999.000,9999.000,9999.000
202604271012,   0.101,9999.000,9999.000,9999.000,9999.000,9999.000,9999.000,9999.000,9999.000
202604271018,   0.066,9999.000,9999.000,9999.000,9999.000,9999.000,9999.000,9999.000,9999.000
202604271024,   0.035,9999.000,9999.000,9999.000,9999.000,9999.000,9999.000,9999.000,9999.000
202604271030,   0.008,9999.000,9999.000,9999.000,9999.000,9999.000,9999.000,9999.000,9999.000
202604271036,  -0.015,9999.000,9999.000,9999.000,9999.000,9999.000,9999.000,9999.000,9999.000
202604271042,  -0.035,9999.000,9999.000,9999.000,9999.000,9999.000,9999.000,9999.000,9999.000
202604271048,  -0.051,9999.000,9999.000,9999.000,9999.000,9999.000,9999.000,9999.000,9999.000
202604271054,  -0.064,9999.000,9999.000,9999.000,9999.000,9999.000,9999.000,9999.000,9999.000
202604271100,  -0.072,9999.000,   3.900,9999.000,   3.828,   1.900,   1.828,   6.400,   6.328
202604271106,  -0.077,9999.000,9999.000,9999.000,9999.000,9999.000,9999.000,9999.000,9999.000
202604271112,  -0.079,9999.000,9999.000,9999.000,9999.000,9999.000,9999.000,9999.000,9999.000
202604271118,  -0.077,9999.000,9999.000,9999.000,9999.000,9999.000,9999.000,9999.000,9999.000
202604271124,  -0.071,9999.000,9999.000,9999.000,9999.000,9999.000,9999.000,9999.000,9999.000
202604271130,  -0.063,9999.000,9999.000,9999.000,9999.000,9999.000,9999.000,9999.000,9999.000
202604271136,  -0.050,9999.000,9999.000,9999.000,9999.000,9999.000,9999.000,9999.000,9999.000
202604271142,  -0.035,9999.000,9999.000,9999.000,9999.000,9999.000,9999.000,9999.000,9999.000
202604271148,  -0.016,9999.000,9999.000,9999.000,9999.000,9999.000,9999.000,9999.000,9999.000
202604271154,   0.005,9999.000,9999.000,9999.000,9999.000,9999.000,9999.000,9999.000,9999.000
202604271200,   0.029,9999.000,   3.800,9999.000,   3.829,   1.800,   1.829,   6.400,   6.429
202604271206,   0.057,9999.000,9999.000,9999.000,9999.000,9999.000,9999.000,9999.000,9999.000
202604271212,   0.087,9999.000,9999.000,9999.000,9999.000,9999.000,9999.000,9999.000,9999.000
202604271218,   0.120,9999.000,9999.000,9999.000,9999.000,9999.000,9999.000,9999.000,9999.000
202604271224,   0.155,9999.000,9999.000,9999.000,9999.000,9999.000,9999.000,9999.000,9999.000
202604271230,   0.193,9999.000,9999.000,9999.000,9999.000,9999.000,9999.000,9999.000,9999.000
202604271236,   0.233,9999.000,9999.000,9999.000,9999.000,9999.000,9999.000,9999.000,9999.000
202604271242,   0.275,9999.000,9999.000,9999.000,9999.000,9999.000,9999.000,9999.000,9999.000
202604271248,   0.320,9999.000,9999.000,9999.000,9999.000,9999.000,9999.000,9999.000,9999.000
202604271254,   0.366,9999.000,9999.000,9999.000,9999.000,9999.000,9999.000,9999.000,9999.000
202604271300,   0.413,9999.000,   3.700,9999.000,   4.113,   1.800,   2.213,   6.300,   6.713
202604271306,   0.463,9999.000,9999.000,9999.000,9999.000,9999.000,9999.000,9999.000,9999.000
202604271312,   0.513,9999.000,9999.000,9999.000,9999.000,9999.000,9999.000,9999.000,9999.000
202604271318,   0.566,9999.000,9999.000,9999.000,9999.000,9999.000,9999.000,9999.000,9999.000
202604271324,   0.619,9999.000,9999.000,9999.000,9999.000,9999.000,9999.000,9999.000,9999.000
202604271330,   0.673,9999.000,9999.000,9999.000,9999.000,9999.000,9999.000,9999.000,9999.000
202604271336,   0.728,9999.000,9999.000,9999.000,9999.000,9999.000,9999.000,9999.000,9999.000
202604271342,   0.784,9999.000,9999.000,9999.000,9999.000,9999.000,9999.000,9999.000,9999.000
202604271348,   0.841,9999.000,9999.000,9999.000,9999.000,9999.000,9999.000,9999.000,9999.000
202604271354,   0.898,9999.000,9999.000,9999.000,9999.000,9999.000,9999.000,9999.000,9999.000
202604271400,   0.955,9999.000,   3.600,9999.000,   4.555,   1.900,   2.855,   6.100,   7.055
202604271406,   1.012,9999.000,9999.000,9999.000,9999.000,9999.000,9999.000,9999.000,9999.000
202604271412,   1.070,9999.000,9999.000,9999.000,9999.000,9999.000,9999.000,9999.000,9999.000
202604271418,   1.127,9999.000,9999.000,9999.000,9999.000,9999.000,9999.000,9999.000,9999.000
202604271424,   1.184,9999.000,9999.000,9999.000,9999.000,9999.000,9999.000,9999.000,9999.000
202604271430,   1.241,9999.000,9999.000,9999.000,9999.000,9999.000,9999.000,9999.000,9999.000
202604271436,   1.298,9999.000,9999.000,9999.000,9999.000,9999.000,9999.000,9999.000,9999.000
202604271442,   1.353,9999.000,9999.000,9999.000,9999.000,9999.000,9999.000,9999.000,9999.000
202604271448,   1.408,9999.000,9999.000,9999.000,9999.000,9999.000,9999.000,9999.000,9999.000
202604271454,   1.462,9999.000,9999.000,9999.000,9999.000,9999.000,9999.000,9999.000,9999.000
202604271500,   1.515,9999.000,   3.500,9999.000,   5.015,   1.900,   3.415,   5.900,   7.415
202604271506,   1.567,9999.000,9999.000,9999.000,9999.000,9999.000,9999.000,9999.000,9999.000
202604271512,   1.618,9999.000,9999.000,9999.000,9999.000,9999.000,9999.000,9999.000,9999.000
202604271518,   1.668,9999.000,9999.000,9999.000,9999.000,9999.000,9999.000,9999.000,9999.000
202604271524,   1.716,9999.000,9999.000,9999.000,9999.000,9999.000,9999.000,9999.000,9999.000
202604271530,   1.762,9999.000,9999.000,9999.000,9999.000,9999.000,9999.000,9999.000,9999.000
202604271536,   1.807,9999.000,9999.000,9999.000,9999.000,9999.000,9999.000,9999.000,9999.000
202604271542,   1.850,9999.000,9999.000,9999.000,9999.000,9999.000,9999.000,9999.000,9999.000
202604271548,   1.892,9999.000,9999.000,9999.000,9999.000,9999.000,9999.000,9999.000,9999.000
202604271554,   1.931,9999.000,9999.000,9999.000,9999.000,9999.000,9999.000,9999.000,9999.000
202604271600,   1.969,9999.000,   3.400,9999.000,   5.369,   1.800,   3.769,   5.700,   7.669
202604271606,   2.004,9999.000,9999.000,9999.000,9999.000,9999.000,9999.000,9999.000,9999.000
202604271612,   2.037,9999.000,9999.000,9999.000,9999.000,9999.000,9999.000,9999.000,9999.000
202604271618,   2.068,9999.000,9999.000,9999.000,9999.000,9999.000,9999.000,9999.000,9999.000
202604271624,   2.097,9999.000,9999.000,9999.000,9999.000,9999.000,9999.000,9999.000,9999.000
202604271630,   2.123,9999.000,9999.000,9999.000,9999.000,9999.000,9999.000,9999.000,9999.000
202604271636,   2.147,9999.000,9999.000,9999.000,9999.000,9999.000,9999.000,9999.000,9999.000
202604271642,   2.169,9999.000,9999.000,9999.000,9999.000,9999.000,9999.000,9999.000,9999.000
202604271648,   2.188,9999.000,9999.000,9999.000,9999.000,9999.000,9999.000,9999.000,9999.000
202604271654,   2.205,9999.000,9999.000,9999.000,9999.000,9999.000,9999.000,9999.000,9999.000
202604271700,   2.219,9999.000,   3.300,9999.000,   5.519,   1.800,   4.019,   5.400,   7.619
202604271706,   2.231,9999.000,9999.000,9999.000,9999.000,9999.000,9999.000,9999.000,9999.000
202604271712,   2.240,9999.000,9999.000,9999.000,9999.000,9999.000,9999.000,9999.000,9999.000
202604271718,   2.247,9999.000,9999.000,9999.000,9999.000,9999.000,9999.000,9999.000,9999.000
202604271724,   2.251,9999.000,9999.000,9999.000,9999.000,9999.000,9999.000,9999.000,9999.000
202604271730,   2.252,9999.000,9999.000,9999.000,9999.000,9999.000,9999.000,9999.000,9999.000
202604271736,   2.251,9999.000,9999.000,9999.000,9999.000,9999.000,9999.000,9999.000,9999.000
202604271742,   2.248,9999.000,9999.000,9999.000,9999.000,9999.000,9999.000,9999.000,9999.000
202604271748,   2.242,9999.000,9999.000,9999.000,9999.000,9999.000,9999.000,9999.000,9999.000
202604271754,   2.234,9999.000,9999.000,9999.000,9999.000,9999.000,9999.000,9999.000,9999.000
202604271800,   2.224,9999.000,   3.200,9999.000,   5.424,   1.800,   4.024,   5.200,   7.424
